,R513A_UNIT,R513A_UNIT,R513A_UNIT,R513A_UNIT,R513A_UNIT,R513A_UNIT,R513A_UNIT,R513A_UNIT,R513A_UNIT,R513A_UNIT,R513A_UNIT,R513A_UNIT,R513A_UNIT,R513A_UNIT,R513A_UNIT,R513A_UNIT,R513A_UNIT,R513A_UNIT,R513A_UNIT,R513A_UNIT,R513A_UNIT,R513A_UNIT,R513A_UNIT,R513A_UNIT,R513A_UNIT,R513A_UNIT,R513A_UNIT,R513A_UNIT,R513A_UNIT,R513A_UNIT,R513A_UNIT,R513A_UNIT,R513A_UNIT,R513A_UNIT,R513A_UNIT,R513A_UNIT,R513A_UNIT,R513A_UNIT,R513A_UNIT,R513A_UNIT,R513A_UNIT,R513A_UNIT,R513A_UNIT,R513A_UNIT,R513A_UNIT,R513A_UNIT,R513A_UNIT,R513A_UNIT,R513A_UNIT,R513A_UNIT,R513A_UNIT,R513A_UNIT,R513A_UNIT,R513A_UNIT,R513A_UNIT,R513A_UNIT,R513A_UNIT,R513A_UNIT,R513A_UNIT,R513A_UNIT,R513A_UNIT,R513A_UNIT,R513A_UNIT,R513A_UNIT,R513A_UNIT,R513A_UNIT,R513A_UNIT,R513A_UNIT,R513A_UNIT,R513A_UNIT,R513A_UNIT,R513A_UNIT,R513A_UNIT,R513A_UNIT,R513A_UNIT,R513A_UNIT,R513A_UNIT,R513A_UNIT,R513A_UNIT,R513A_UNIT,R513A_UNIT,R513A_UNIT,R513A_UNIT,R513A_UNIT,R513A_UNIT,R513A_UNIT,R513A_UNIT,R513A_UNIT,R513A_UNIT,R513A_UNIT,R513A_UNIT,R513A_UNIT,R513A_UNIT,R513A_UNIT,R513A_UNIT,R513A_UNIT,R513A_UNIT,R513A_UNIT,R513A_UNIT,R513A_UNIT,R513A_UNIT,R513A_UNIT,R513A_UNIT,R513A_UNIT,R513A_UNIT,R513A_UNIT,R513A_UNIT,R513A_UNIT,R513A_UNIT,R513A_UNIT,R513A_UNIT,R513A_UNIT,R513A_UNIT,R513A_UNIT,R513A_UNIT,R513A_UNIT,R513A_UNIT,R513A_UNIT,R513A_UNIT,R513A_UNIT,R513A_UNIT,R513A_UNIT,R513A_UNIT,R513A_UNIT,R513A_UNIT,LOGGER,LOGGER,LOGGER,LOGGER,LOGGER,LOGGER,LOGGER,LOGGER,LOGGER,LOGGER,LOGGER,LOGGER,LOGGER,LOGGER,LOGGER,LOGGER,LOGGER,LOGGER,LOGGER,LOGGER,LOGGER,LOGGER,LOGGER,LOGGER,LOGGER,LOGGER,LOGGER,LOGGER,LOGGER,LOGGER,LOGGER,LOGGER,LOGGER,LOGGER,LOGGER,LOGGER,LOGGER,LOGGER,LOGGER,LOGGER,LOGGER,LOGGER,LOGGER,LOGGER,LOGGER,LOGGER,LOGGER,LOGGER,LOGGER,LOGGER,LOGGER,LOGGER,LOGGER,LOGGER,LOGGER,LOGGER,LOGGER,LOGGER,LOGGER,LOGGER,LOGGER,LOGGER,LOGGER,LOGGER,LOGGER,LOGGER,LOGGER,LOGGER,LOGGER,LOGGER,LOGGER,LOGGER,LOGGER,LOGGER,LOGGER,LOGGER,LOGGER,LOGGER,LOGGER,LOGGER,LOGGER,LOGGER,LOGGER,LOGGER,LOGGER,LOGGER,LOGGER,LOGGER,LOGGER,LOGGER,LOGGER,LOGGER,LOGGER,LOGGER,LOGGER,LOGGER,LOGGER,LOGGER,LOGGER,LOGGER,LOGGER,LOGGER,LOGGER,LOGGER,LOGGER,LOGGER,LOGGER,LOGGER,LOGGER,LOGGER,LOGGER,LOGGER,LOGGER,LOGGER,LOGGER,LOGGER,LOGGER,LOGGER,LOGGER,LOGGER,LOGGER,LOGGER,LOGGER,LOGGER,LOGGER,LOGGER,LOGGER,LOGGER,LOGGER,LOGGER,LOGGER,LOGGER,LOGGER,LOGGER,LOGGER,LOGGER,LOGGER,LOGGER,LOGGER,LOGGER,LOGGER,LOGGER,LOGGER,LOGGER,LOGGER,LOGGER,TEST_STATION,TEST_STATION,TEST_STATION,TEST_STATION,TEST_STATION,TEST_STATION,TEST_STATION,TEST_STATION,TEST_STATION,TEST_STATION,TEST_STATION,TEST_STATION,TEST_STATION,TEST_STATION,TEST_STATION,TEST_STATION,TEST_STATION,TEST_STATION,TEST_STATION,TEST_STATION,TEST_STATION,TEST_STATION,TEST_STATION,TEST_STATION,TEST_STATION,TEST_STATION,TEST_STATION,TEST_STATION,TEST_STATION,TEST_STATION,TEST_STATION,TEST_STATION,TEST_STATION,TEST_STATION,TEST_STATION,TEST_STATION,TEST_STATION,TEST_STATION,TEST_STATION,TEST_STATION,TEST_STATION,TEST_STATION,TEST_STATION,TEST_STATION,TEST_STATION,TEST_STATION,TEST_STATION,TEST_STATION,TEST_STATION,TEST_STATION,TEST_STATION,TEST_STATION,TEST_STATION,TEST_STATION,TEST_STATION,TEST_STATION,TEST_STATION,TEST_STATION,TEST_STATION,TEST_STATION,TEST_STATION,TEST_STATION,TEST_STATION,TEST_STATION,TEST_STATION,TEST_STATION,TEST_STATION,CHAMBER,CHAMBER,CHAMBER,CHAMBER,CHAMBER,CHAMBER,CHAMBER,CHAMBER,CHAMBER,CHAMBER,CHAMBER,CHAMBER,CHAMBER,CHAMBER,CHAMBER,CHAMBER,CHAMBER,CHAMBER,CHAMBER,CHAMBER,CHAMBER,CHAMBER,CHAMBER,CHAMBER,CHAMBER,CHAMBER,CHAMBER,CHAMBER,CHAMBER,CHAMBER,CHAMBER,CHAMBER,CHAMBER,CHAMBER,CHAMBER,CHAMBER,CHAMBER,CHAMBER,CHAMBER,CHAMBER,CHAMBER
TIME,Cycle_Status,Unit_SN,Heat_Call,Defrost,Alarm_Register_1,Alarm_Register_2,Alarm_Register_3,AMB_Fahr_W,Cond_LWT_Fahr_W,Cond_EWT_Fahr_W,Cond_Flow_F,Evap1_Fahr_W,Evap2_Fahr_W,Cold_Sensor_Fahr_W,Warm_Sensor_Fahr_W,SLT_Fahr_W,SH_F,DLP_W,SLP_W,Flow_Percent_Set_W,VFP_Head_ft_F,Circ_Pump_Output,Evap_Flow_Output,LLSV_Output,Comp_Output,HGBV_Output,AOTS,Remote_Enable,Comp_Feedback,MMP_Aux,Voltage_Monitor,O.P.S.S.,F.C._Aux,Evap_Flow,Pan_Sensor,Damper_Switch,TT_High,TT_ODR,Cond_Heat_Output,Defrost_Heat_Output,Pan_Heat_Output,PD_ctl,SP_HC_Cut_In,EWT_Block,MP_HC_Cut_In,MP_HC_Cut_Out,BMS_Heat_Call,MCP6_HC_Rgstr,Master_Comm_Status,Member_Unit_Status,MCPLA_HeatCall,mqtt_member_status,Cond_Flow_Verif,Flow_Valve_Verif,PID_Start,Pump_OFF_Delay,HGBV_Max,Post_HGBV_Fan,Defrost_Enable,VFP_Setpoint_W,Hardware_IO_Map_W,K2_EEV_POS,Tank_Storage_Temp,Demand_Diff,Cold_Sensor_Cut_In_F,Hot_Sensor_Cut_In_F,Cond_LWT_Input_F,Startup_GPM_F,CFlow_Low_Limit_F,Start_Valve_Pos_F,Min_Valve_Pos_F,Defrost_Cut_In_F,Defrost_Cut_Out_F,HGBV_PSIG_Cut_In_F,HGBV_PSIG_Cut_Out_F,Freeze_Po_1_Cut_In,Freeze_Po_1_Cut_Out,Freeze_Pro_2_Cut_In,Freeze_Pro_2_Cut_Out,WS_FrzPro2_Cut_In,WS_FrzPro2_Cut_Out,Purge_Cut_Out_Fahr_F,Kp_Input,Ki_Input,Kd_Input,PID_Start_Diff_F,Pump_Delay_Time,Max_Pump_Duration,CFlow_VerifFail_Time,Manual_EvapFlow_TIME,EFlow_VerifFail_Time,Defr_Cut_In_Delay_W,Def_Enable_Time_W,Def_Max_Dur_Time_W,Post_Def_Fan_Time_W,HGBV_Duration_W,PostHGBVFan_Time_W,Max_Purge_Time,SinglePass_Config,Glycol_Source_Config,CWP_Config,K2_Config,Standby_Valve_Pos,HGBV_Defrost_Enable,HGBV_Disable,Unit_Model,Pump_Down_PSIG_F,Amb_Range_LOW,InitSV_Max_F,SrcTemp_SwitchTemp_F,EWT_Cut_Out_F,Demand_Mode,Unit_number,StaticIP_Status,ODR_LWT_Min_F,ODR_LWT_Max_F,ODR_Amb_Min_F,ODR_Amb_Max_F,HPB_WWSD_F,Password_Lock,Dev_psswrd_Lock,Service_Lock,Manual_Ctl_Status_W,Ducted_Config,Fans_Adj_Input_F,EWT_float,LWT_float,dT_float,GPM_float,Capacity,KW_float,KWX3412_float,COP,VFD_Hz_W,CompVFD_ErrorCode,CompVFD_Status,GPMXdT,VFD_Hz_Setpoint_W,FlowValve_FB%,FlowValve_SetPont,GPM_ps_1X10_float,GPM_ps_2X100_float,GPM_ps_1_float,GPM_ps_2_float,Amb_unit,VFP_ctl_Word_1_W,VFP_Ctl_Mode_W,VFP_Operation_Mode_W,VFP_Ctl_Setpoint_W,Fans_Spd_Disp_F,VFP_Status_Word_1_W,VFP_ProcFB_Status_W,VFP_CtlMode_Status_W,VFP_OpMode_Status_W,VFP_Alarm_Code_W,VFP_Warning_Code_W,VFP_Head_W,VFP_Flow_W,VFP_Performance_W,VFP_Speed_W,VFP_Freq_W,VFP_Dig_Inputs_W,VFP_Dig_Outputs_W,VFP_Pwr_Lo_W,VFP_RemoteFlow_W,VFP_InletPress_W,VFP_RemotePress1_W,VFP_FeedTankLvl_W,VFP_PwrEleTemp_W,VFP_MotorTemp_W,VFP_RemoteTemp1_W,VFP_EleTemp_W,VFP_LiquidTemp_W,CMRC_Alarm_1,CMRC_Alarm_2,CMRC_Alarm_3,CMRC_Alarm_4,CMRC_Alarm_5,CMRC_Alarm_6,CMRC_Alarm_7,CMRC_Alarm_8,CMRC_Alarm_9,CMRC_Alarm_10,K2_SuperHeat,K2_SLP,K2_SatT,K2_SLT,K2_NA1,K2_EEV_POS,K2_DLT,K2_Relay,K2_Alarm,K2_System,K2_Firm,VFP_head_F_feet,GPM_vfp,VFP_SetPoint_F,EWT_Raw,LWT_Raw,LLT_Raw,DLT_Raw,GPM_prosense_1X10,GPM_prosense_2X100,Temp_prosense_1,Temp_prosense_2,LLP,Water_Pressure_Out,LLT_Raw_C270,DLT_Raw_C270,SourceWater_EWT_C270,SourceWater_LWT_C270,Tekmar_Loop_LWT_C270,Compressor_head_Temp,LWT_SM_3_Raw,Compressor_head_X10,Compressor_head_F,EWT_Float,LWT_Float,LLT_Float,DLT_Float,LLP_SM_I_Float,LWT_SM_I_Float,LWT_SM_2_Float,LWT_SM_3_Float,AIR_TEMP_F_FL_ub,RH_FL,RH_FL_UB,EWT_Thermowell_ANSI,LWT_Thermowell_ANSI,LLT,DLT,EWT_SM_Internal,LWT_SM_Internal,LWT_SM_2,LWT_SM_3,DLP_Word,Ambient_air_temp,RH,DefrostCutOut,DefrostDelayTimer,DefrostMaxDurTimer,DefrostEnableTimer,DefrostEnableTC,LWTSet,Voltage_monitor,AlarmReg_1,AlarmReg_2,AlarmReg_3,PhAVolt_C90,PhAAmps_C90,PhBVolt_C90,PhBAmp_C90,PhCVolt_C90,PhCAmp_C90,TruPwr3Ph_C90,ReacPwr3Ph_C90,AprntPwr3Ph_C90,NetEnergy_C90,UnsignedEnergy_C90,PositiveEng_C90,NegativeEng_C90,NetReactiveEng_C90,NetApparentEng_C90,PowFac3ph_C90,PSIG_Table_START,SSLT_Table_START,Fist_Match_LLP_W,x2_LLP_First_Match_D,SLLT_Lookup_I,SLLT_F,SubCooling_F,CondFlowLoss_Fault,HotTankT_lo,HotTankT_hi,Cooler_EWT_lo,Cooler_EWT_hi,Cooler_LWT_lo,Cooler_LWT_hi,CoolFlowRt_lo,CoolFlowRt_hi,HW_Pump_set,HTank_cutIn,HTank_cutOut,ChillerFanPercent,ColdTankT_lo,ColdTankT_hi,EvapHeadrRetT_lo,EvapHeadrRetT_hi,EvapHeadrSupT_lo,EvapHeadrSupT_hi,Evap_Pump_set,CTank_cutIn,CTank_cutOut,HeatingEnable,Cond_hd_Sply,condReturnT_hi,EvapHeadrFlowIn_l,EvapHeadrFlowIn_h,CoolerFanFreq,condPumpFreq,evapPumpFreq_l,evapPumpFreq_h,AMTemp_low,AMTemp_high,Cooling_Cap,AMB_RH,HTank_cutIn_F,SupplyHeaderInletR,SupplyHeaderInletS,ReturnHeaderOutletR,ReturnHeaderOutletS,BoilerControlVR,BoilerControlVS,HotTankR,HotTankS,FluidCoolerInletR,FluidCoolerInletS,FluidCoolerOutletR,FluidCoolerOutletS,EvapInletR,EvapInletS,EvapOutletR,EvapOutletS,ColdTankR,ColdTankS,AuxTempRaw,HeatedTank_Float,SourceTank_Float,AuxTmpFlot,AuxTmpScld,TempC1,TempC1_ub,TempF,RH1,ABS_H1,DPC1,DPF1,MR1,Amb_temp_set_epic_F,RH_set_epic_F,Hum_manual_override,TempF1,RH1,ABS_H1,DPF1,TempF2,RH2,ABS_H2,DPF2,TempF3,RH3,DPC3,DPF3,TempF4,RH4,ABS_H4,DPF4,FloorTC,K2_SUP1_In,K2_SLP1_In,K2_ET1_In,K2_SAT1_In,K2_RT1_In,K2_ValvePos1_In,K2_AUX1a_In,K2_RLY1,K2_Alarm1,K2_System1,K2_Firmware1,K2_AUX1b_In,K2_SLP2_In,K2_ET2_In,TempC1,TempF,RH1,ABS_H1,DPC1,DPF1,MR1
2026-02-16T12:00:00,ERR,ERR,ERR,ERR,ERR,ERR,ERR,ERR,ERR,ERR,ERR,ERR,ERR,ERR,ERR,ERR,ERR,ERR,ERR,ERR,ERR,ERR,ERR,ERR,ERR,ERR,ERR,ERR,ERR,ERR,ERR,ERR,ERR,ERR,ERR,ERR,ERR,ERR,ERR,ERR,ERR,ERR,ERR,ERR,ERR,ERR,ERR,ERR,ERR,ERR,ERR,ERR,ERR,ERR,ERR,ERR,ERR,ERR,ERR,ERR,ERR,ERR,ERR,ERR,ERR,ERR,ERR,ERR,ERR,ERR,ERR,ERR,ERR,ERR,ERR,ERR,ERR,ERR,ERR,ERR,ERR,ERR,ERR,ERR,ERR,ERR,ERR,ERR,ERR,ERR,ERR,ERR,ERR,ERR,ERR,ERR,ERR,ERR,ERR,ERR,ERR,ERR,ERR,ERR,ERR,ERR,ERR,ERR,ERR,ERR,ERR,ERR,ERR,ERR,ERR,ERR,ERR,ERR,ERR,ERR,ERR,ERR,ERR,ERR,ERR,-107615888.0,-0.0,-108138560.0,-0.0,-0.0,-0.0,-0.0,-0.0,4300,0,8,17171,4300,-0.0,40,0.0,0.0,-0.0,0.0,2.7184166902131945e+23,0,0,0,0,0.0,0,0,0,0,0,0,0,0,0,0,0,0,0,0,0,0,0,0,0,0,0,0,0,0,0,0,0,0,0,0,0,0,0,11,35,34,46,65476,381,65476,1,0,4,21553,0.0,-0.0,-663783744.0,0.0,0.0,0.0,0.0,0.0,0.0,0.0,0.0,0.0,0.0,0.0,0.0,0.0,0.0,0.0,0.0,0.0,0.0,2.004,-2.004,-0.0,0.0,-0.0,0.0,0.0,0.0,0.0,6396.0,-564148719058944.0,0.0,-107615888.0,-0.0,-107616224.0,0.0,0.0,0.0,2.004,2.004,224,-107614784.0,-107615224.0,0.0,0.0,0.0,0.0,0.0,0.0,0.0,0,0,0,-1.9382618881702123e+25,1.0526513921782333e+21,6.141949382879554e+34,-0.0,-0.0,-4.473170155047666e+27,0.0,-2.3107690961840374e+18,1.0188300556925514e+37,-1.7189257982509056e+16,-0.0,61.319,0.0,0.0,0.0,-6.316163787212718e+17,0,1.3516416376850534e+27,224,0.0,448,-0.0,-1814071424.0,2112,26215,17110,13107,17112,0,17095,0,0,0,101,100,100,2.730232694483534e+23,63.1,2.730233054771504e+23,63.65,-0.0,63.25,1,49,50,180,26215,26215,0,0,0.0,0.0,0.0,60.0,0.0,71.0,0.0,0.0,0.0,1072,0,1072,0,0,0,1072,0,1082,0,995,0,634,0,636,0,631,0,676,0.032,4.039836952142392e+21,0.0,0.0,34448,16813,0.0,0.0,-0.0,-2.040183213181648e+31,-0.0,0.0,50.0,60.0,35,0.0,0.0,10.0,2.0,0.0,0.0,0.0,0.0,0.0,0.0,0.0,0.0,0.0,0.0,0.0,0.0,59.2,44,18,65519,27,65476,0,300,0,0,8,20529,65476,0,0,30147,60.0,0.0,10.0,10.0,2.0,0.0
2026-02-16T12:00:01,ERR,ERR,ERR,ERR,ERR,ERR,ERR,ERR,ERR,ERR,ERR,ERR,ERR,ERR,ERR,ERR,ERR,ERR,ERR,ERR,ERR,ERR,ERR,ERR,ERR,ERR,ERR,ERR,ERR,ERR,ERR,ERR,ERR,ERR,ERR,ERR,ERR,ERR,ERR,ERR,ERR,ERR,ERR,ERR,ERR,ERR,ERR,ERR,ERR,ERR,ERR,ERR,ERR,ERR,ERR,ERR,ERR,ERR,ERR,ERR,ERR,ERR,ERR,ERR,ERR,ERR,ERR,ERR,ERR,ERR,ERR,ERR,ERR,ERR,ERR,ERR,ERR,ERR,ERR,ERR,ERR,ERR,ERR,ERR,ERR,ERR,ERR,ERR,ERR,ERR,ERR,ERR,ERR,ERR,ERR,ERR,ERR,ERR,ERR,ERR,ERR,ERR,ERR,ERR,ERR,ERR,ERR,ERR,ERR,ERR,ERR,ERR,ERR,ERR,ERR,ERR,ERR,ERR,ERR,ERR,ERR,ERR,ERR,ERR,ERR,-107615888.0,-0.0,-108138560.0,-0.0,-0.0,-0.0,-0.0,-0.0,4300,0,8,17171,4300,-0.0,40,0.0,0.0,-0.0,0.0,2.7184166902131945e+23,0,0,0,0,0.0,0,0,0,0,0,0,0,0,0,0,0,0,0,0,0,0,0,0,0,0,0,0,0,0,0,0,0,0,0,0,0,0,0,11,35,34,46,65476,381,65476,1,0,4,21553,0.0,-0.0,-663783744.0,0.0,0.0,0.0,0.0,0.0,0.0,0.0,0.0,0.0,0.0,0.0,0.0,0.0,0.0,0.0,0.0,0.0,0.0,2.004,-2.004,-0.0,0.0,-0.0,0.0,0.0,0.0,0.0,6396.0,-564148719058944.0,0.0,-107615888.0,-0.0,-107616224.0,0.0,0.0,0.0,2.004,2.004,224,-107614784.0,-107615224.0,0.0,0.0,0.0,0.0,0.0,0.0,0.0,0,0,0,-1.9382618881702123e+25,1.0526513921782333e+21,6.141949382879554e+34,-0.0,-0.0,-4.473170155047666e+27,0.0,-2.3107690961840374e+18,1.0188300556925514e+37,-1.7189257982509056e+16,-0.0,61.319,0.0,0.0,0.0,-6.316163787212718e+17,0,1.3516416376850534e+27,224,0.0,448,-0.0,-1814071424.0,2112,26215,17110,13107,17112,13107,17095,0,0,0,101,100,100,2.730232694483534e+23,63.1,2.730233054771504e+23,63.65,-0.0,63.25,1,49,50,180,26215,26215,0,0,0.0,0.0,0.0,60.0,-2.3960659065370227e+38,70.5,0.0,-0.0,0.0,1072,0,1072,0,0,0,1072,0,1081,0,996,0,634,0,636,0,631,0,675,0.032,4.0029434639949727e+21,-2.004,0.0,2192,16813,-3.2075818867135647e+25,99458138112.0,-0.0,-30048.475,119671952.0,100.125,50.0,60.0,35,0.0,0.0,10.0,2.0,0.0,0.0,0.0,0.0,0.0,0.0,0.0,0.0,0.0,0.0,0.0,0.0,59.2,44,18,65519,27,65476,0,300,0,0,8,20529,65476,0,0,30147,60.0,0.0,10.0,10.0,2.0,0.0
2026-02-16T12:00:02,ERR,ERR,ERR,ERR,ERR,ERR,ERR,ERR,ERR,ERR,ERR,ERR,ERR,ERR,ERR,ERR,ERR,ERR,ERR,ERR,ERR,ERR,ERR,ERR,ERR,ERR,ERR,ERR,ERR,ERR,ERR,ERR,ERR,ERR,ERR,ERR,ERR,ERR,ERR,ERR,ERR,ERR,ERR,ERR,ERR,ERR,ERR,ERR,ERR,ERR,ERR,ERR,ERR,ERR,ERR,ERR,ERR,ERR,ERR,ERR,ERR,ERR,ERR,ERR,ERR,ERR,ERR,ERR,ERR,ERR,ERR,ERR,ERR,ERR,ERR,ERR,ERR,ERR,ERR,ERR,ERR,ERR,ERR,ERR,ERR,ERR,ERR,ERR,ERR,ERR,ERR,ERR,ERR,ERR,ERR,ERR,ERR,ERR,ERR,ERR,ERR,ERR,ERR,ERR,ERR,ERR,ERR,ERR,ERR,ERR,ERR,ERR,ERR,ERR,ERR,ERR,ERR,ERR,ERR,ERR,ERR,ERR,ERR,ERR,ERR,-107615888.0,-0.0,-108138560.0,-0.0,-0.0,-0.0,-0.0,-0.0,4300,0,8,17171,4300,-0.0,40,0.0,0.0,-0.0,0.0,2.7184166902131945e+23,0,0,0,0,0.0,0,0,0,0,0,0,0,0,0,0,0,0,0,0,0,0,0,0,0,0,0,0,0,0,0,0,0,0,0,0,0,0,0,11,35,34,46,65476,381,65476,1,0,4,21553,0.0,-0.0,-663783744.0,0.0,0.0,0.0,0.0,0.0,0.0,0.0,0.0,0.0,0.0,0.0,0.0,0.0,0.0,0.0,0.0,0.0,0.0,2.004,-2.004,-0.0,0.0,-0.0,0.0,0.0,0.0,0.0,6396.0,-564148719058944.0,0.0,-107615888.0,-0.0,-107616224.0,0.0,0.0,0.0,2.004,2.004,224,-107614784.0,-107615224.0,0.0,0.0,0.0,0.0,0.0,0.0,0.0,0,0,0,-1.9382618881702123e+25,1.0526513921782333e+21,6.141949382879554e+34,-0.0,-0.0,-4.473170155047666e+27,0.0,-2.3107690961840374e+18,1.0188300556925514e+37,-1.7189257982509056e+16,-0.0,61.319,0.0,0.0,0.0,-6.316163787212718e+17,0,1.3516416376850534e+27,224,0.0,448,-0.0,-1814071424.0,2112,26215,17110,13107,17112,13107,17095,0,0,0,101,100,100,2.730232694483534e+23,63.1,2.730233054771504e+23,63.65,-0.0,63.25,1,49,50,180,26215,26215,0,0,0.0,0.0,0.0,60.0,-2.3960659065370227e+38,70.5,0.0,-0.0,0.0,1072,0,1072,0,0,0,1072,0,1081,0,996,0,634,0,636,0,631,0,675,0.032,4.0029434639949727e+21,-2.004,0.0,2192,16813,-3.2075818867135647e+25,99458138112.0,-0.0,-30048.475,119671952.0,100.125,50.0,60.0,35,0.0,0.0,10.0,2.0,0.0,0.0,0.0,0.0,0.0,0.0,0.0,0.0,0.0,0.0,0.0,0.0,58.8,49,14,65514,27,65476,0,300,0,0,8,20529,65476,0,0,30147,60.0,0.0,10.0,10.0,2.0,0.0
2026-02-16T12:00:03,ERR,ERR,ERR,ERR,ERR,ERR,ERR,ERR,ERR,ERR,ERR,ERR,ERR,ERR,ERR,ERR,ERR,ERR,ERR,ERR,ERR,ERR,ERR,ERR,ERR,ERR,ERR,ERR,ERR,ERR,ERR,ERR,ERR,ERR,ERR,ERR,ERR,ERR,ERR,ERR,ERR,ERR,ERR,ERR,ERR,ERR,ERR,ERR,ERR,ERR,ERR,ERR,ERR,ERR,ERR,ERR,ERR,ERR,ERR,ERR,ERR,ERR,ERR,ERR,ERR,ERR,ERR,ERR,ERR,ERR,ERR,ERR,ERR,ERR,ERR,ERR,ERR,ERR,ERR,ERR,ERR,ERR,ERR,ERR,ERR,ERR,ERR,ERR,ERR,ERR,ERR,ERR,ERR,ERR,ERR,ERR,ERR,ERR,ERR,ERR,ERR,ERR,ERR,ERR,ERR,ERR,ERR,ERR,ERR,ERR,ERR,ERR,ERR,ERR,ERR,ERR,ERR,ERR,ERR,ERR,ERR,ERR,ERR,ERR,ERR,-107615888.0,-0.0,0.0,-0.0,0.0,0.0,-752809476096.0,1.416525863563908e+35,4300,0,8,17174,4300,-0.0,40,0.0,0.0,-0.0,0.0,-0.0,0,0,0,0,0.0,0,0,0,0,0,0,0,0,0,0,0,0,0,0,0,0,0,0,0,0,0,0,0,0,0,0,0,0,0,0,0,0,0,11,35,34,46,65476,383,65476,1,0,4,21553,0.0,0.0,-0.0,0.0,0.0,0.0,0.0,0.0,0.0,0.0,0.0,0.0,0.0,0.0,0.0,0.0,0.0,0.0,0.0,0.0,0.0,2.004,-2.004,-0.0,0.0,-0.0,0.0,0.0,0.0,0.0,6392.0,1.5879374755846268e+29,0.0,-107615888.0,-0.0,-107616224.0,0.0,0.0,0.0,2.004,2.004,223,-0.0,89220.992,0.0,0.0,0.0,0.0,0.0,0.0,0.0,0,0,0,-6.554433696489028e+32,391394820096.0,-0.0,0.0,-0.0,0.0,-3.054026400985132e+35,0.0,-0.0,-1.8052967315800064e+16,-0.0,64.637,0.0,0.0,0.0,-0.0,0,1.3516416376850534e+27,223,0.0,446,0.0,0.0,2112,26215,17110,13107,17112,13107,17095,0,0,0,101,100,100,2.730232694483534e+23,63.1,2.730233054771504e+23,63.65,-0.0,63.25,1,49,50,180,26215,26215,0,0,0.0,0.0,0.0,60.0,-2.3960659065370227e+38,70.5,0.0,-0.0,0.0,1072,0,1072,0,0,0,1072,0,1081,0,996,0,634,0,636,0,631,0,675,0.032,4.0029434639949727e+21,-2.004,0.0,2192,16813,-3.2075818867135647e+25,99458138112.0,-0.0,-30048.475,119671952.0,100.125,50.0,60.0,35,0.0,0.0,10.0,2.0,0.0,0.0,0.0,0.0,0.0,0.0,0.0,0.0,0.0,0.0,0.0,0.0,58.8,56,11,65507,27,65476,0,300,0,0,8,20529,65476,0,0,30147,60.0,0.0,10.0,10.0,2.0,0.0
2026-02-16T12:00:04,ERR,ERR,ERR,ERR,ERR,ERR,ERR,ERR,ERR,ERR,ERR,ERR,ERR,ERR,ERR,ERR,ERR,ERR,ERR,ERR,ERR,ERR,ERR,ERR,ERR,ERR,ERR,ERR,ERR,ERR,ERR,ERR,ERR,ERR,ERR,ERR,ERR,ERR,ERR,ERR,ERR,ERR,ERR,ERR,ERR,ERR,ERR,ERR,ERR,ERR,ERR,ERR,ERR,ERR,ERR,ERR,ERR,ERR,ERR,ERR,ERR,ERR,ERR,ERR,ERR,ERR,ERR,ERR,ERR,ERR,ERR,ERR,ERR,ERR,ERR,ERR,ERR,ERR,ERR,ERR,ERR,ERR,ERR,ERR,ERR,ERR,ERR,ERR,ERR,ERR,ERR,ERR,ERR,ERR,ERR,ERR,ERR,ERR,ERR,ERR,ERR,ERR,ERR,ERR,ERR,ERR,ERR,ERR,ERR,ERR,ERR,ERR,ERR,ERR,ERR,ERR,ERR,ERR,ERR,ERR,ERR,ERR,ERR,ERR,ERR,-107615888.0,-0.0,0.0,-0.0,0.0,0.0,-752809476096.0,1.416525863563908e+35,4300,0,8,17174,4300,-0.0,40,0.0,0.0,-0.0,0.0,-0.0,0,0,0,0,0.0,0,0,0,0,0,0,0,0,0,0,0,0,0,0,0,0,0,0,0,0,0,0,0,0,0,0,0,0,0,0,0,0,0,11,35,34,46,65476,383,65476,1,0,4,21553,0.0,0.0,-0.0,0.0,0.0,0.0,0.0,0.0,0.0,0.0,0.0,0.0,0.0,0.0,0.0,0.0,0.0,0.0,0.0,0.0,0.0,2.004,-2.004,-0.0,0.0,-0.0,0.0,0.0,0.0,0.0,6392.0,1.5879374755846268e+29,0.0,-107615888.0,-0.0,-107616224.0,0.0,0.0,0.0,2.004,2.004,223,-0.0,89220.992,0.0,0.0,0.0,0.0,0.0,0.0,0.0,0,0,0,-6.554433696489028e+32,391394820096.0,-0.0,0.0,-0.0,0.0,-3.054026400985132e+35,0.0,-0.0,-1.8052967315800064e+16,-0.0,64.637,0.0,0.0,0.0,-0.0,0,1.3516416376850534e+27,223,0.0,446,0.0,0.0,2112,26215,17110,13107,17112,13107,17095,0,0,0,101,100,100,2.730232694483534e+23,63.1,2.730233054771504e+23,63.65,-0.0,63.25,1,49,50,180,26215,26215,0,0,0.0,0.0,0.0,60.0,-2.3960659065370227e+38,70.5,0.0,-0.0,0.0,1072,0,1072,0,0,0,1072,0,1081,0,996,0,634,0,636,0,631,0,675,0.032,4.0029434639949727e+21,-2.004,0.0,2192,16813,-3.2075818867135647e+25,99458138112.0,-0.0,-30048.475,119671952.0,100.125,50.0,60.0,35,0.0,0.0,10.0,2.0,0.0,0.0,0.0,0.0,0.0,0.0,0.0,0.0,0.0,0.0,0.0,0.0,58.8,56,11,65507,27,65476,0,300,0,0,8,20529,65476,0,0,30147,60.0,0.0,10.0,10.0,2.0,0.0
2026-02-16T12:00:05,ERR,ERR,ERR,ERR,ERR,ERR,ERR,ERR,ERR,ERR,ERR,ERR,ERR,ERR,ERR,ERR,ERR,ERR,ERR,ERR,ERR,ERR,ERR,ERR,ERR,ERR,ERR,ERR,ERR,ERR,ERR,ERR,ERR,ERR,ERR,ERR,ERR,ERR,ERR,ERR,ERR,ERR,ERR,ERR,ERR,ERR,ERR,ERR,ERR,ERR,ERR,ERR,ERR,ERR,ERR,ERR,ERR,ERR,ERR,ERR,ERR,ERR,ERR,ERR,ERR,ERR,ERR,ERR,ERR,ERR,ERR,ERR,ERR,ERR,ERR,ERR,ERR,ERR,ERR,ERR,ERR,ERR,ERR,ERR,ERR,ERR,ERR,ERR,ERR,ERR,ERR,ERR,ERR,ERR,ERR,ERR,ERR,ERR,ERR,ERR,ERR,ERR,ERR,ERR,ERR,ERR,ERR,ERR,ERR,ERR,ERR,ERR,ERR,ERR,ERR,ERR,ERR,ERR,ERR,ERR,ERR,ERR,ERR,ERR,ERR,-107615888.0,-0.0,0.0,-0.0,0.0,0.0,-752809476096.0,1.416525863563908e+35,4300,0,8,17174,4300,-0.0,40,0.0,0.0,-0.0,0.0,-0.0,0,0,0,0,0.0,0,0,0,0,0,0,0,0,0,0,0,0,0,0,0,0,0,0,0,0,0,0,0,0,0,0,0,0,0,0,0,0,0,11,35,34,46,65476,383,65476,1,0,4,21553,0.0,0.0,-0.0,0.0,0.0,0.0,0.0,0.0,0.0,0.0,0.0,0.0,0.0,0.0,0.0,0.0,0.0,0.0,0.0,0.0,0.0,2.004,-2.004,-0.0,0.0,-0.0,0.0,0.0,0.0,0.0,6392.0,1.5879374755846268e+29,0.0,-107615888.0,-0.0,-107616224.0,0.0,0.0,0.0,2.004,2.004,223,-0.0,89220.992,0.0,0.0,0.0,0.0,0.0,0.0,0.0,0,0,0,-6.554433696489028e+32,391394820096.0,-0.0,0.0,-0.0,0.0,-3.054026400985132e+35,0.0,-0.0,-1.8052967315800064e+16,-0.0,64.637,0.0,0.0,0.0,-0.0,0,1.3516416376850534e+27,223,0.0,446,0.0,0.0,2112,26215,17110,26215,17112,13107,17095,0,0,0,101,100,100,2.730232694483534e+23,63.1,2.730233054771504e+23,63.65,-0.0,63.25,1,49,50,180,26215,26215,0,0,0.0,0.0,0.0,60.0,-2.1066736979172927e+26,70.5,0.0,9157228888064.0,0.0,1072,0,1072,0,0,0,1072,0,1082,0,996,0,634,0,636,0,631,0,675,0.032,4.039836952142392e+21,-2.004,0.0,23952,16813,-9.140266061924067e+32,9157228888064.0,-0.003,1.9607825956726006e+25,2.3959218409183277e+33,3.6951162370147117e+20,50.0,60.0,35,0.0,0.0,10.0,2.0,0.0,0.0,0.0,0.0,0.0,0.0,0.0,0.0,0.0,0.0,0.0,0.0,58.8,57,10,65506,27,65476,0,300,0,0,8,20529,65476,0,0,30147,60.0,0.0,10.0,10.0,2.0,0.0
2026-02-16T12:00:06,ERR,ERR,ERR,ERR,ERR,ERR,ERR,ERR,ERR,ERR,ERR,ERR,ERR,ERR,ERR,ERR,ERR,ERR,ERR,ERR,ERR,ERR,ERR,ERR,ERR,ERR,ERR,ERR,ERR,ERR,ERR,ERR,ERR,ERR,ERR,ERR,ERR,ERR,ERR,ERR,ERR,ERR,ERR,ERR,ERR,ERR,ERR,ERR,ERR,ERR,ERR,ERR,ERR,ERR,ERR,ERR,ERR,ERR,ERR,ERR,ERR,ERR,ERR,ERR,ERR,ERR,ERR,ERR,ERR,ERR,ERR,ERR,ERR,ERR,ERR,ERR,ERR,ERR,ERR,ERR,ERR,ERR,ERR,ERR,ERR,ERR,ERR,ERR,ERR,ERR,ERR,ERR,ERR,ERR,ERR,ERR,ERR,ERR,ERR,ERR,ERR,ERR,ERR,ERR,ERR,ERR,ERR,ERR,ERR,ERR,ERR,ERR,ERR,ERR,ERR,ERR,ERR,ERR,ERR,ERR,ERR,ERR,ERR,ERR,ERR,-107615888.0,-0.0,0.0,-0.0,0.0,0.0,-752809476096.0,1.416525863563908e+35,4300,0,8,17174,4300,-0.0,40,0.0,0.0,-0.0,0.0,-0.0,0,0,0,0,0.0,0,0,0,0,0,0,0,0,0,0,0,0,0,0,0,0,0,0,0,0,0,0,0,0,0,0,0,0,0,0,0,0,0,11,35,34,46,65476,383,65476,1,0,4,21553,0.0,0.0,-0.0,0.0,0.0,0.0,0.0,0.0,0.0,0.0,0.0,0.0,0.0,0.0,0.0,0.0,0.0,0.0,0.0,0.0,0.0,2.004,-2.004,-0.0,0.0,-0.0,0.0,0.0,0.0,0.0,6392.0,1.5879374755846268e+29,0.0,-107615888.0,-0.0,-107616224.0,0.0,0.0,0.0,2.004,2.004,223,-0.0,89220.992,0.0,0.0,0.0,0.0,0.0,0.0,0.0,0,0,0,-6.554433696489028e+32,391394820096.0,-0.0,0.0,-0.0,0.0,-3.054026400985132e+35,0.0,-0.0,-1.8052967315800064e+16,-0.0,64.637,0.0,0.0,0.0,-0.0,0,1.3516416376850534e+27,223,0.0,446,0.0,0.0,2112,26215,17110,26215,17112,13107,17095,0,0,0,101,100,100,2.730232694483534e+23,63.1,2.730233054771504e+23,63.65,-0.0,63.25,1,49,50,180,26215,26215,0,0,0.0,0.0,0.0,60.0,-2.1066736979172927e+26,70.5,0.0,9157228888064.0,0.0,1072,0,1072,0,0,0,1072,0,1082,0,996,0,634,0,636,0,631,0,675,0.032,4.039836952142392e+21,-2.004,0.0,23952,16813,-9.140266061924067e+32,9157228888064.0,-0.003,1.9607825956726006e+25,2.3959218409183277e+33,3.6951162370147117e+20,50.0,60.0,35,0.0,0.0,10.0,2.0,0.0,0.0,0.0,0.0,0.0,0.0,0.0,0.0,0.0,0.0,0.0,0.0,58.8,58,9,65505,27,65476,0,300,0,0,8,20529,65476,0,0,30147,60.0,0.0,10.0,10.0,2.0,0.0
2026-02-16T12:00:07,ERR,ERR,ERR,ERR,ERR,ERR,ERR,ERR,ERR,ERR,ERR,ERR,ERR,ERR,ERR,ERR,ERR,ERR,ERR,ERR,ERR,ERR,ERR,ERR,ERR,ERR,ERR,ERR,ERR,ERR,ERR,ERR,ERR,ERR,ERR,ERR,ERR,ERR,ERR,ERR,ERR,ERR,ERR,ERR,ERR,ERR,ERR,ERR,ERR,ERR,ERR,ERR,ERR,ERR,ERR,ERR,ERR,ERR,ERR,ERR,ERR,ERR,ERR,ERR,ERR,ERR,ERR,ERR,ERR,ERR,ERR,ERR,ERR,ERR,ERR,ERR,ERR,ERR,ERR,ERR,ERR,ERR,ERR,ERR,ERR,ERR,ERR,ERR,ERR,ERR,ERR,ERR,ERR,ERR,ERR,ERR,ERR,ERR,ERR,ERR,ERR,ERR,ERR,ERR,ERR,ERR,ERR,ERR,ERR,ERR,ERR,ERR,ERR,ERR,ERR,ERR,ERR,ERR,ERR,ERR,ERR,ERR,ERR,ERR,ERR,-107615888.0,-0.0,0.0,-0.0,0.0,1.1776685299639454e+33,431617973682176.0,0.0,4300,0,8,17171,4300,-0.0,40,0.0,0.0,-0.0,0.0,-0.0,0,0,0,0,0.0,0,0,0,0,0,0,0,0,0,0,0,0,0,0,0,0,0,0,0,0,0,0,0,0,0,0,0,0,0,0,0,0,0,12,35,34,46,65476,386,65476,1,0,4,21553,0.0,2.7183305813883192e+23,-0.0,0.0,0.0,0.0,0.0,0.0,0.0,0.0,0.0,0.0,0.0,0.0,0.0,0.0,0.0,0.0,0.0,0.0,0.0,2.004,-2.004,-0.0,-3.6970739834386645e+19,-0.0,0.0,0.0,0.0,0.0,6387.0,-0.0,0.0,-107615888.0,-0.0,-0.0,0.0,0.0,0.0,2.004,2.004,224,4.066853658014554e+29,-0.0,0.0,0.0,0.0,0.0,0.0,0.0,0.0,0,0,0,-3.903587234378637e+28,-1931539456.0,-0.0,0.0,3.460396955829889e+34,-3.2226547212961928e+25,-3.510385394525494e+37,-3.6006866146103337e+25,1.0822774894146946e+37,-1.9741817176064e+16,-0.0,70.637,0.0,0.0,0.0,-0.0,0,1.3516416376850534e+27,223,0.0,446,-0.0,4.538273453391171e+24,2112,26215,17110,26215,17112,13107,17095,0,0,0,101,100,100,2.730232694483534e+23,63.1,2.730233054771504e+23,63.65,-0.0,63.25,1,49,50,180,26215,26215,0,0,0.0,0.0,0.0,60.0,-2.1066736979172927e+26,70.5,0.0,9157228888064.0,0.0,1072,0,1072,0,0,0,1072,0,1082,0,996,0,634,0,636,0,631,0,675,0.032,4.039836952142392e+21,-2.004,0.0,23952,16813,-9.140266061924067e+32,9157228888064.0,-0.003,1.9607825956726006e+25,2.3959218409183277e+33,3.6951162370147117e+20,50.0,60.0,35,0.0,0.0,10.0,2.0,0.0,0.0,0.0,0.0,0.0,0.0,0.0,0.0,0.0,0.0,0.0,0.0,58.8,58,9,65505,27,65476,0,300,0,0,8,20529,65476,0,0,30147,60.0,0.0,10.0,10.0,2.0,0.0
2026-02-16T12:00:08,ERR,ERR,ERR,ERR,ERR,ERR,ERR,ERR,ERR,ERR,ERR,ERR,ERR,ERR,ERR,ERR,ERR,ERR,ERR,ERR,ERR,ERR,ERR,ERR,ERR,ERR,ERR,ERR,ERR,ERR,ERR,ERR,ERR,ERR,ERR,ERR,ERR,ERR,ERR,ERR,ERR,ERR,ERR,ERR,ERR,ERR,ERR,ERR,ERR,ERR,ERR,ERR,ERR,ERR,ERR,ERR,ERR,ERR,ERR,ERR,ERR,ERR,ERR,ERR,ERR,ERR,ERR,ERR,ERR,ERR,ERR,ERR,ERR,ERR,ERR,ERR,ERR,ERR,ERR,ERR,ERR,ERR,ERR,ERR,ERR,ERR,ERR,ERR,ERR,ERR,ERR,ERR,ERR,ERR,ERR,ERR,ERR,ERR,ERR,ERR,ERR,ERR,ERR,ERR,ERR,ERR,ERR,ERR,ERR,ERR,ERR,ERR,ERR,ERR,ERR,ERR,ERR,ERR,ERR,ERR,ERR,ERR,ERR,ERR,ERR,-107615888.0,-0.0,0.0,-0.0,0.0,1.1776685299639454e+33,431617973682176.0,0.0,4300,0,8,17171,4300,-0.0,40,0.0,0.0,-0.0,0.0,-0.0,0,0,0,0,0.0,0,0,0,0,0,0,0,0,0,0,0,0,0,0,0,0,0,0,0,0,0,0,0,0,0,0,0,0,0,0,0,0,0,12,35,34,46,65476,386,65476,1,0,4,21553,0.0,2.7183305813883192e+23,-0.0,0.0,0.0,0.0,0.0,0.0,0.0,0.0,0.0,0.0,0.0,0.0,0.0,0.0,0.0,0.0,0.0,0.0,0.0,2.004,-2.004,-0.0,-3.6970739834386645e+19,-0.0,0.0,0.0,0.0,0.0,6387.0,-0.0,0.0,-107615888.0,-0.0,-0.0,0.0,0.0,0.0,2.004,2.004,224,4.066853658014554e+29,-0.0,0.0,0.0,0.0,0.0,0.0,0.0,0.0,0,0,0,-3.903587234378637e+28,-1931539456.0,-0.0,0.0,3.460396955829889e+34,-3.2226547212961928e+25,-3.510385394525494e+37,-3.6006866146103337e+25,1.0822774894146946e+37,-1.9741817176064e+16,-0.0,70.637,0.0,0.0,0.0,-0.0,0,1.3516416376850534e+27,223,0.0,446,-0.0,4.538273453391171e+24,2112,26215,17110,26215,17112,13107,17095,0,0,0,101,100,100,2.730232694483534e+23,63.1,2.730233054771504e+23,63.65,-0.0,63.25,1,49,50,180,26215,26215,0,0,0.0,0.0,0.0,60.0,-1.2392273186096787e+30,70.5,0.0,-2.641889694748989e+33,0.0,1072,0,1072,0,0,0,1072,0,1082,0,996,0,634,0,636,0,631,0,675,0.032,4.039836952142392e+21,-2.004,0.0,12048,16813,-1.2392273186096787e+30,-2.641889694748989e+33,0.0,136769847296.0,-1.1425089825100506e+32,-0.137,50.0,60.0,35,0.0,0.0,10.0,2.0,0.0,0.0,0.0,0.0,0.0,0.0,0.0,0.0,0.0,0.0,0.0,0.0,58.8,57,10,65506,27,65476,0,300,0,0,8,20529,65476,0,0,30147,60.0,0.0,10.0,10.0,2.0,0.0
2026-02-16T12:00:09,ERR,ERR,ERR,ERR,ERR,ERR,ERR,ERR,ERR,ERR,ERR,ERR,ERR,ERR,ERR,ERR,ERR,ERR,ERR,ERR,ERR,ERR,ERR,ERR,ERR,ERR,ERR,ERR,ERR,ERR,ERR,ERR,ERR,ERR,ERR,ERR,ERR,ERR,ERR,ERR,ERR,ERR,ERR,ERR,ERR,ERR,ERR,ERR,ERR,ERR,ERR,ERR,ERR,ERR,ERR,ERR,ERR,ERR,ERR,ERR,ERR,ERR,ERR,ERR,ERR,ERR,ERR,ERR,ERR,ERR,ERR,ERR,ERR,ERR,ERR,ERR,ERR,ERR,ERR,ERR,ERR,ERR,ERR,ERR,ERR,ERR,ERR,ERR,ERR,ERR,ERR,ERR,ERR,ERR,ERR,ERR,ERR,ERR,ERR,ERR,ERR,ERR,ERR,ERR,ERR,ERR,ERR,ERR,ERR,ERR,ERR,ERR,ERR,ERR,ERR,ERR,ERR,ERR,ERR,ERR,ERR,ERR,ERR,ERR,ERR,-107615888.0,-0.0,0.0,-0.0,0.0,1.1776685299639454e+33,431617973682176.0,0.0,4300,0,8,17171,4300,-0.0,40,0.0,0.0,-0.0,0.0,-0.0,0,0,0,0,0.0,0,0,0,0,0,0,0,0,0,0,0,0,0,0,0,0,0,0,0,0,0,0,0,0,0,0,0,0,0,0,0,0,0,12,35,34,46,65476,386,65476,1,0,4,21553,0.0,2.7183305813883192e+23,-0.0,0.0,0.0,0.0,0.0,0.0,0.0,0.0,0.0,0.0,0.0,0.0,0.0,0.0,0.0,0.0,0.0,0.0,0.0,2.004,-2.004,-0.0,-3.6970739834386645e+19,-0.0,0.0,0.0,0.0,0.0,6387.0,-0.0,0.0,-107615888.0,-0.0,-0.0,0.0,0.0,0.0,2.004,2.004,224,4.066853658014554e+29,-0.0,0.0,0.0,0.0,0.0,0.0,0.0,0.0,0,0,0,-3.903587234378637e+28,-1931539456.0,-0.0,0.0,3.460396955829889e+34,-3.2226547212961928e+25,-3.510385394525494e+37,-3.6006866146103337e+25,1.0822774894146946e+37,-1.9741817176064e+16,-0.0,70.637,0.0,0.0,0.0,-0.0,0,1.3516416376850534e+27,223,0.0,446,-0.0,4.538273453391171e+24,2112,26215,17110,26215,17112,13107,17095,0,0,0,101,100,100,2.730232694483534e+23,63.1,2.730233054771504e+23,63.65,-0.0,63.25,1,49,50,180,26215,26215,0,0,0.0,0.0,0.0,60.0,-1.2392273186096787e+30,70.5,0.0,-2.641889694748989e+33,0.0,1072,0,1072,0,0,0,1072,0,1082,0,996,0,634,0,636,0,631,0,675,0.032,4.039836952142392e+21,-2.004,0.0,12048,16813,-1.2392273186096787e+30,-2.641889694748989e+33,0.0,136769847296.0,-1.1425089825100506e+32,-0.137,50.0,60.0,35,0.0,0.0,10.0,2.0,0.0,0.0,0.0,0.0,0.0,0.0,0.0,0.0,0.0,0.0,0.0,0.0,58.8,57,10,65506,27,65476,0,300,0,0,8,20529,65476,0,0,30147,60.0,0.0,10.0,10.0,2.0,0.0
2026-02-16T12:00:10,ERR,ERR,ERR,ERR,ERR,ERR,ERR,ERR,ERR,ERR,ERR,ERR,ERR,ERR,ERR,ERR,ERR,ERR,ERR,ERR,ERR,ERR,ERR,ERR,ERR,ERR,ERR,ERR,ERR,ERR,ERR,ERR,ERR,ERR,ERR,ERR,ERR,ERR,ERR,ERR,ERR,ERR,ERR,ERR,ERR,ERR,ERR,ERR,ERR,ERR,ERR,ERR,ERR,ERR,ERR,ERR,ERR,ERR,ERR,ERR,ERR,ERR,ERR,ERR,ERR,ERR,ERR,ERR,ERR,ERR,ERR,ERR,ERR,ERR,ERR,ERR,ERR,ERR,ERR,ERR,ERR,ERR,ERR,ERR,ERR,ERR,ERR,ERR,ERR,ERR,ERR,ERR,ERR,ERR,ERR,ERR,ERR,ERR,ERR,ERR,ERR,ERR,ERR,ERR,ERR,ERR,ERR,ERR,ERR,ERR,ERR,ERR,ERR,ERR,ERR,ERR,ERR,ERR,ERR,ERR,ERR,ERR,ERR,ERR,ERR,-107615888.0,-0.0,0.0,-0.0,0.0,1.1776685299639454e+33,431617973682176.0,0.0,4300,0,8,17171,4300,-0.0,40,0.0,0.0,-0.0,0.0,-0.0,0,0,0,0,0.0,0,0,0,0,0,0,0,0,0,0,0,0,0,0,0,0,0,0,0,0,0,0,0,0,0,0,0,0,0,0,0,0,0,12,35,34,46,65476,386,65476,1,0,4,21553,0.0,2.7183305813883192e+23,-0.0,0.0,0.0,0.0,0.0,0.0,0.0,0.0,0.0,0.0,0.0,0.0,0.0,0.0,0.0,0.0,0.0,0.0,0.0,2.004,-2.004,-0.0,-3.6970739834386645e+19,-0.0,0.0,0.0,0.0,0.0,6387.0,-0.0,0.0,-107615888.0,-0.0,-0.0,0.0,0.0,0.0,2.004,2.004,224,4.066853658014554e+29,-0.0,0.0,0.0,0.0,0.0,0.0,0.0,0.0,0,0,0,-3.903587234378637e+28,-1931539456.0,-0.0,0.0,3.460396955829889e+34,-3.2226547212961928e+25,-3.510385394525494e+37,-3.6006866146103337e+25,1.0822774894146946e+37,-1.9741817176064e+16,-0.0,70.637,0.0,0.0,0.0,-0.0,0,1.3516416376850534e+27,223,0.0,446,-0.0,4.538273453391171e+24,2112,26215,17110,26215,17112,13107,17095,0,0,0,101,100,100,2.730232694483534e+23,63.1,2.730233054771504e+23,63.65,-0.0,63.25,1,49,50,180,26215,26215,0,0,0.0,0.0,0.0,60.0,-1.2392273186096787e+30,70.5,0.0,-2.641889694748989e+33,0.0,1072,0,1072,0,0,0,1072,0,1082,0,996,0,634,0,636,0,631,0,675,0.032,4.039836952142392e+21,-2.004,0.0,12048,16813,-1.2392273186096787e+30,-2.641889694748989e+33,0.0,136769847296.0,-1.1425089825100506e+32,-0.137,50.0,60.0,35,0.0,0.0,10.0,2.0,0.0,0.0,0.0,0.0,0.0,0.0,0.0,0.0,0.0,0.0,0.0,0.0,58.8,57,10,65506,27,65476,0,300,0,0,8,20529,65476,0,0,30147,60.0,0.0,10.0,10.0,2.0,0.0
2026-02-16T12:00:11,ERR,ERR,ERR,ERR,ERR,ERR,ERR,ERR,ERR,ERR,ERR,ERR,ERR,ERR,ERR,ERR,ERR,ERR,ERR,ERR,ERR,ERR,ERR,ERR,ERR,ERR,ERR,ERR,ERR,ERR,ERR,ERR,ERR,ERR,ERR,ERR,ERR,ERR,ERR,ERR,ERR,ERR,ERR,ERR,ERR,ERR,ERR,ERR,ERR,ERR,ERR,ERR,ERR,ERR,ERR,ERR,ERR,ERR,ERR,ERR,ERR,ERR,ERR,ERR,ERR,ERR,ERR,ERR,ERR,ERR,ERR,ERR,ERR,ERR,ERR,ERR,ERR,ERR,ERR,ERR,ERR,ERR,ERR,ERR,ERR,ERR,ERR,ERR,ERR,ERR,ERR,ERR,ERR,ERR,ERR,ERR,ERR,ERR,ERR,ERR,ERR,ERR,ERR,ERR,ERR,ERR,ERR,ERR,ERR,ERR,ERR,ERR,ERR,ERR,ERR,ERR,ERR,ERR,ERR,ERR,ERR,ERR,ERR,ERR,ERR,-107615888.0,-0.0,0.0,-0.0,0.0,1.1776685299639454e+33,431617973682176.0,0.0,4300,0,8,17171,4300,-0.0,40,0.0,0.0,-0.0,0.0,-0.0,0,0,0,0,0.0,0,0,0,0,0,0,0,0,0,0,0,0,0,0,0,0,0,0,0,0,0,0,0,0,0,0,0,0,0,0,0,0,0,12,35,34,46,65476,386,65476,1,0,4,21553,0.0,2.7183305813883192e+23,-0.0,0.0,0.0,0.0,0.0,0.0,0.0,0.0,0.0,0.0,0.0,0.0,0.0,0.0,0.0,0.0,0.0,0.0,0.0,2.004,-2.004,-0.0,-3.6970739834386645e+19,-0.0,0.0,0.0,0.0,0.0,6387.0,-0.0,0.0,-107615888.0,-0.0,-0.0,0.0,0.0,0.0,2.004,2.004,224,4.066853658014554e+29,-0.0,0.0,0.0,0.0,0.0,0.0,0.0,0.0,0,0,0,-3.903587234378637e+28,-1931539456.0,-0.0,0.0,3.460396955829889e+34,-3.2226547212961928e+25,-3.510385394525494e+37,-3.6006866146103337e+25,1.0822774894146946e+37,-1.9741817176064e+16,-0.0,70.637,0.0,0.0,0.0,-0.0,0,1.3516416376850534e+27,223,0.0,446,-0.0,4.538273453391171e+24,2112,26215,17110,26215,17112,13107,17095,0,0,0,101,100,100,2.730232694483534e+23,63.1,2.730233054771504e+23,63.65,-0.0,63.25,1,49,50,180,26215,26215,0,0,0.0,0.0,0.0,60.0,-1.2392273186096787e+30,70.5,0.0,-2.641889694748989e+33,0.0,1072,0,1072,0,0,0,1072,0,1082,0,996,0,634,0,636,0,631,0,675,0.032,4.039836952142392e+21,-2.004,0.0,12048,16813,-1.2392273186096787e+30,-2.641889694748989e+33,0.0,136769847296.0,-1.1425089825100506e+32,-0.137,50.0,60.0,35,0.0,0.0,10.0,2.0,0.0,0.0,0.0,0.0,0.0,0.0,0.0,0.0,0.0,0.0,0.0,0.0,58.8,57,10,65506,27,65476,0,300,0,0,8,20529,65476,0,0,30147,60.0,0.0,10.0,10.0,2.0,0.0
2026-02-16T12:00:12,ERR,ERR,ERR,ERR,ERR,ERR,ERR,ERR,ERR,ERR,ERR,ERR,ERR,ERR,ERR,ERR,ERR,ERR,ERR,ERR,ERR,ERR,ERR,ERR,ERR,ERR,ERR,ERR,ERR,ERR,ERR,ERR,ERR,ERR,ERR,ERR,ERR,ERR,ERR,ERR,ERR,ERR,ERR,ERR,ERR,ERR,ERR,ERR,ERR,ERR,ERR,ERR,ERR,ERR,ERR,ERR,ERR,ERR,ERR,ERR,ERR,ERR,ERR,ERR,ERR,ERR,ERR,ERR,ERR,ERR,ERR,ERR,ERR,ERR,ERR,ERR,ERR,ERR,ERR,ERR,ERR,ERR,ERR,ERR,ERR,ERR,ERR,ERR,ERR,ERR,ERR,ERR,ERR,ERR,ERR,ERR,ERR,ERR,ERR,ERR,ERR,ERR,ERR,ERR,ERR,ERR,ERR,ERR,ERR,ERR,ERR,ERR,ERR,ERR,ERR,ERR,ERR,ERR,ERR,ERR,ERR,ERR,ERR,ERR,ERR,-107615888.0,-0.0,0.0,-0.0,0.0,1.1776685299639454e+33,431617973682176.0,0.0,4300,0,8,17171,4300,-0.0,40,0.0,0.0,-0.0,0.0,-0.0,0,0,0,0,0.0,0,0,0,0,0,0,0,0,0,0,0,0,0,0,0,0,0,0,0,0,0,0,0,0,0,0,0,0,0,0,0,0,0,12,35,34,46,65476,386,65476,1,0,4,21553,0.0,2.7183305813883192e+23,-0.0,0.0,0.0,0.0,0.0,0.0,0.0,0.0,0.0,0.0,0.0,0.0,0.0,0.0,0.0,0.0,0.0,0.0,0.0,2.004,-2.004,-0.0,-3.6970739834386645e+19,-0.0,0.0,0.0,0.0,0.0,6387.0,-0.0,0.0,-107615888.0,-0.0,-0.0,0.0,0.0,0.0,2.004,2.004,224,4.066853658014554e+29,-0.0,0.0,0.0,0.0,0.0,0.0,0.0,0.0,0,0,0,-3.903587234378637e+28,-1931539456.0,-0.0,0.0,3.460396955829889e+34,-3.2226547212961928e+25,-3.510385394525494e+37,-3.6006866146103337e+25,1.0822774894146946e+37,-1.9741817176064e+16,-0.0,70.637,0.0,0.0,0.0,-0.0,0,1.3516416376850534e+27,223,0.0,446,-0.0,4.538273453391171e+24,2114,26215,17110,26215,17112,13107,17095,0,0,0,101,100,100,2.730232694483534e+23,63.1,2.730233054771504e+23,63.65,-0.0,63.25,1,49,50,180,26215,26215,0,0,0.0,0.0,0.0,60.0,-5.770749719661727e+33,70.5,0.0,-0.0,0.0,1072,0,1072,0,0,0,1072,0,1082,0,996,0,635,0,636,0,631,0,675,0.032,4.039836952142392e+21,-2.004,0.0,23568,16813,-9.140266061924067e+32,-4097922560.0,0.0,1.1859512796338802e+37,-2.4471466141159313e+20,-0.0,50.0,60.0,35,0.0,0.0,10.0,2.0,0.0,0.0,0.0,0.0,0.0,0.0,0.0,0.0,0.0,0.0,0.0,0.0,58.8,56,10,65507,27,65476,0,300,0,0,8,20529,65476,0,0,30147,60.0,0.0,10.0,10.0,2.0,0.0
2026-02-16T12:00:13,ERR,ERR,ERR,ERR,ERR,ERR,ERR,ERR,ERR,ERR,ERR,ERR,ERR,ERR,ERR,ERR,ERR,ERR,ERR,ERR,ERR,ERR,ERR,ERR,ERR,ERR,ERR,ERR,ERR,ERR,ERR,ERR,ERR,ERR,ERR,ERR,ERR,ERR,ERR,ERR,ERR,ERR,ERR,ERR,ERR,ERR,ERR,ERR,ERR,ERR,ERR,ERR,ERR,ERR,ERR,ERR,ERR,ERR,ERR,ERR,ERR,ERR,ERR,ERR,ERR,ERR,ERR,ERR,ERR,ERR,ERR,ERR,ERR,ERR,ERR,ERR,ERR,ERR,ERR,ERR,ERR,ERR,ERR,ERR,ERR,ERR,ERR,ERR,ERR,ERR,ERR,ERR,ERR,ERR,ERR,ERR,ERR,ERR,ERR,ERR,ERR,ERR,ERR,ERR,ERR,ERR,ERR,ERR,ERR,ERR,ERR,ERR,ERR,ERR,ERR,ERR,ERR,ERR,ERR,ERR,ERR,ERR,ERR,ERR,ERR,-107615888.0,-0.0,0.0,-0.0,0.0,6.471240769327138e+22,0.003,0.0,4300,0,8,17171,4300,-0.0,39,0.0,0.0,-0.0,0.0,-0.0,0,0,0,0,0.0,0,0,0,0,0,0,0,0,0,0,0,0,0,0,0,0,0,0,0,0,0,0,0,0,0,0,0,0,0,0,0,0,0,12,35,34,46,65476,386,65476,1,0,4,21553,0.0,0.0,6.596109474036087e+34,0.0,0.0,0.0,0.0,0.0,0.0,0.0,0.0,0.0,0.0,0.0,0.0,0.0,0.0,0.0,0.0,0.0,0.0,2.004,-2.004,-0.0,-3.6970739834386645e+19,-0.0,0.0,0.0,0.0,0.0,6415.0,0.0,0.0,-107615888.0,-0.0,-0.0,0.0,0.0,0.0,2.004,2.004,222,89220.562,0.0,0.0,0.0,0.0,0.0,0.0,0.0,0.0,0,0,0,0.0,2.6829821882010584e+23,-0.0,-940604800.0,-0.0,0.0,-3.764172555699766e+24,-0.0,1930.195,-2.1430667036327936e+16,-0.0,76.637,0.0,0.0,0.0,-1.1037348110608026e+27,0,1.3516416376850534e+27,223,0.0,446,-2.637553503966331e+17,-1.351645921280977e+35,2114,26215,17110,26215,17112,13107,17095,0,0,0,101,100,100,2.730232694483534e+23,63.1,2.730233054771504e+23,63.65,-0.0,63.25,1,49,50,180,26215,26215,0,0,0.0,0.0,0.0,60.0,-5.770749719661727e+33,70.5,0.0,-0.0,0.0,1072,0,1072,0,0,0,1072,0,1082,0,996,0,635,0,636,0,631,0,675,0.032,4.039836952142392e+21,-2.004,0.0,23568,16813,-9.140266061924067e+32,-4097922560.0,0.0,1.1859512796338802e+37,-2.4471466141159313e+20,-0.0,50.0,60.0,35,0.0,0.0,10.0,2.0,0.0,0.0,0.0,0.0,0.0,0.0,0.0,0.0,0.0,0.0,0.0,0.0,58.8,56,10,65507,27,65476,0,300,0,0,8,20529,65476,0,0,30147,60.0,0.0,10.0,10.0,2.0,0.0
2026-02-16T12:00:14,ERR,ERR,ERR,ERR,ERR,ERR,ERR,ERR,ERR,ERR,ERR,ERR,ERR,ERR,ERR,ERR,ERR,ERR,ERR,ERR,ERR,ERR,ERR,ERR,ERR,ERR,ERR,ERR,ERR,ERR,ERR,ERR,ERR,ERR,ERR,ERR,ERR,ERR,ERR,ERR,ERR,ERR,ERR,ERR,ERR,ERR,ERR,ERR,ERR,ERR,ERR,ERR,ERR,ERR,ERR,ERR,ERR,ERR,ERR,ERR,ERR,ERR,ERR,ERR,ERR,ERR,ERR,ERR,ERR,ERR,ERR,ERR,ERR,ERR,ERR,ERR,ERR,ERR,ERR,ERR,ERR,ERR,ERR,ERR,ERR,ERR,ERR,ERR,ERR,ERR,ERR,ERR,ERR,ERR,ERR,ERR,ERR,ERR,ERR,ERR,ERR,ERR,ERR,ERR,ERR,ERR,ERR,ERR,ERR,ERR,ERR,ERR,ERR,ERR,ERR,ERR,ERR,ERR,ERR,ERR,ERR,ERR,ERR,ERR,ERR,-107615888.0,-0.0,0.0,-0.0,0.0,6.471240769327138e+22,0.003,0.0,4300,0,8,17171,4300,-0.0,39,0.0,0.0,-0.0,0.0,-0.0,0,0,0,0,0.0,0,0,0,0,0,0,0,0,0,0,0,0,0,0,0,0,0,0,0,0,0,0,0,0,0,0,0,0,0,0,0,0,0,12,35,34,46,65476,386,65476,1,0,4,21553,0.0,0.0,6.596109474036087e+34,0.0,0.0,0.0,0.0,0.0,0.0,0.0,0.0,0.0,0.0,0.0,0.0,0.0,0.0,0.0,0.0,0.0,0.0,2.004,-2.004,-0.0,-3.6970739834386645e+19,-0.0,0.0,0.0,0.0,0.0,6415.0,0.0,0.0,-107615888.0,-0.0,-0.0,0.0,0.0,0.0,2.004,2.004,222,89220.562,0.0,0.0,0.0,0.0,0.0,0.0,0.0,0.0,0,0,0,0.0,2.6829821882010584e+23,-0.0,-940604800.0,-0.0,0.0,-3.764172555699766e+24,-0.0,1930.195,-2.1430667036327936e+16,-0.0,76.637,0.0,0.0,0.0,-1.1037348110608026e+27,0,1.3516416376850534e+27,223,0.0,446,-2.637553503966331e+17,-1.351645921280977e+35,2114,26215,17110,26215,17112,13107,17095,0,0,0,101,100,100,2.730232694483534e+23,63.1,2.730233054771504e+23,63.65,-0.0,63.25,1,49,50,180,26215,26215,0,0,0.0,0.0,0.0,60.0,-5.770749719661727e+33,70.5,0.0,-0.0,0.0,1072,0,1072,0,0,0,1072,0,1082,0,996,0,635,0,636,0,631,0,675,0.032,4.039836952142392e+21,-2.004,0.0,23568,16813,-9.140266061924067e+32,-4097922560.0,0.0,1.1859512796338802e+37,-2.4471466141159313e+20,-0.0,50.0,60.0,35,0.0,0.0,10.0,2.0,0.0,0.0,0.0,0.0,0.0,0.0,0.0,0.0,0.0,0.0,0.0,0.0,58.8,56,10,65507,27,65476,0,300,0,0,8,20529,65476,0,0,30147,60.0,0.0,10.0,10.0,2.0,0.0
2026-02-16T12:00:15,ERR,ERR,ERR,ERR,ERR,ERR,ERR,ERR,ERR,ERR,ERR,ERR,ERR,ERR,ERR,ERR,ERR,ERR,ERR,ERR,ERR,ERR,ERR,ERR,ERR,ERR,ERR,ERR,ERR,ERR,ERR,ERR,ERR,ERR,ERR,ERR,ERR,ERR,ERR,ERR,ERR,ERR,ERR,ERR,ERR,ERR,ERR,ERR,ERR,ERR,ERR,ERR,ERR,ERR,ERR,ERR,ERR,ERR,ERR,ERR,ERR,ERR,ERR,ERR,ERR,ERR,ERR,ERR,ERR,ERR,ERR,ERR,ERR,ERR,ERR,ERR,ERR,ERR,ERR,ERR,ERR,ERR,ERR,ERR,ERR,ERR,ERR,ERR,ERR,ERR,ERR,ERR,ERR,ERR,ERR,ERR,ERR,ERR,ERR,ERR,ERR,ERR,ERR,ERR,ERR,ERR,ERR,ERR,ERR,ERR,ERR,ERR,ERR,ERR,ERR,ERR,ERR,ERR,ERR,ERR,ERR,ERR,ERR,ERR,ERR,-107615888.0,-0.0,0.0,-0.0,0.0,6.471240769327138e+22,0.003,0.0,4300,0,8,17171,4300,-0.0,39,0.0,0.0,-0.0,0.0,-0.0,0,0,0,0,0.0,0,0,0,0,0,0,0,0,0,0,0,0,0,0,0,0,0,0,0,0,0,0,0,0,0,0,0,0,0,0,0,0,0,12,35,34,46,65476,386,65476,1,0,4,21553,0.0,0.0,6.596109474036087e+34,0.0,0.0,0.0,0.0,0.0,0.0,0.0,0.0,0.0,0.0,0.0,0.0,0.0,0.0,0.0,0.0,0.0,0.0,2.004,-2.004,-0.0,-3.6970739834386645e+19,-0.0,0.0,0.0,0.0,0.0,6415.0,0.0,0.0,-107615888.0,-0.0,-0.0,0.0,0.0,0.0,2.004,2.004,222,89220.562,0.0,0.0,0.0,0.0,0.0,0.0,0.0,0.0,0,0,0,0.0,2.6829821882010584e+23,-0.0,-940604800.0,-0.0,0.0,-3.764172555699766e+24,-0.0,1930.195,-2.1430667036327936e+16,-0.0,76.637,0.0,0.0,0.0,-1.1037348110608026e+27,0,1.3516416376850534e+27,223,0.0,446,-2.637553503966331e+17,-1.351645921280977e+35,2114,26215,17110,26215,17112,13107,17095,0,0,0,101,100,100,2.730232694483534e+23,63.1,2.730233054771504e+23,63.65,-0.0,63.25,1,49,50,180,26215,26215,0,0,0.0,0.0,0.0,60.0,-5.770749719661727e+33,70.5,0.0,-0.0,0.0,1072,0,1072,0,0,0,1072,0,1082,0,996,0,635,0,636,0,631,0,675,0.032,4.039836952142392e+21,-2.004,0.0,23568,16813,-9.140266061924067e+32,-4097922560.0,0.0,1.1859512796338802e+37,-2.4471466141159313e+20,-0.0,50.0,60.0,35,0.0,0.0,10.0,2.0,0.0,0.0,0.0,0.0,0.0,0.0,0.0,0.0,0.0,0.0,0.0,0.0,58.8,56,10,65507,27,65476,0,300,0,0,8,20529,65476,0,0,30147,60.0,0.0,10.0,10.0,2.0,0.0
2026-02-16T12:00:16,ERR,ERR,ERR,ERR,ERR,ERR,ERR,ERR,ERR,ERR,ERR,ERR,ERR,ERR,ERR,ERR,ERR,ERR,ERR,ERR,ERR,ERR,ERR,ERR,ERR,ERR,ERR,ERR,ERR,ERR,ERR,ERR,ERR,ERR,ERR,ERR,ERR,ERR,ERR,ERR,ERR,ERR,ERR,ERR,ERR,ERR,ERR,ERR,ERR,ERR,ERR,ERR,ERR,ERR,ERR,ERR,ERR,ERR,ERR,ERR,ERR,ERR,ERR,ERR,ERR,ERR,ERR,ERR,ERR,ERR,ERR,ERR,ERR,ERR,ERR,ERR,ERR,ERR,ERR,ERR,ERR,ERR,ERR,ERR,ERR,ERR,ERR,ERR,ERR,ERR,ERR,ERR,ERR,ERR,ERR,ERR,ERR,ERR,ERR,ERR,ERR,ERR,ERR,ERR,ERR,ERR,ERR,ERR,ERR,ERR,ERR,ERR,ERR,ERR,ERR,ERR,ERR,ERR,ERR,ERR,ERR,ERR,ERR,ERR,ERR,-107615888.0,-0.0,0.0,-0.0,0.0,6.471240769327138e+22,0.003,0.0,4300,0,8,17171,4300,-0.0,39,0.0,0.0,-0.0,0.0,-0.0,0,0,0,0,0.0,0,0,0,0,0,0,0,0,0,0,0,0,0,0,0,0,0,0,0,0,0,0,0,0,0,0,0,0,0,0,0,0,0,12,35,34,46,65476,386,65476,1,0,4,21553,0.0,0.0,6.596109474036087e+34,0.0,0.0,0.0,0.0,0.0,0.0,0.0,0.0,0.0,0.0,0.0,0.0,0.0,0.0,0.0,0.0,0.0,0.0,2.004,-2.004,-0.0,-3.6970739834386645e+19,-0.0,0.0,0.0,0.0,0.0,6415.0,0.0,0.0,-107615888.0,-0.0,-0.0,0.0,0.0,0.0,2.004,2.004,222,89220.562,0.0,0.0,0.0,0.0,0.0,0.0,0.0,0.0,0,0,0,0.0,2.6829821882010584e+23,-0.0,-940604800.0,-0.0,0.0,-3.764172555699766e+24,-0.0,1930.195,-2.1430667036327936e+16,-0.0,76.637,0.0,0.0,0.0,-1.1037348110608026e+27,0,1.3516416376850534e+27,223,0.0,446,-2.637553503966331e+17,-1.351645921280977e+35,2114,26215,17110,26215,17112,13107,17095,0,0,0,101,100,100,2.730232694483534e+23,63.1,2.730233054771504e+23,63.65,0.0,63.5,1,49,50,180,26215,26215,0,0,0.0,0.0,0.0,60.0,0.0,71.0,0.0,-0.0,0.0,1072,0,1072,0,0,0,1072,0,1082,0,996,0,634,0,636,0,631,0,675,0.032,4.021390208068682e+21,-2.004,0.0,13584,16813,-6.110866748192741e+30,9.31519733246412e+36,-11693754368.0,0.0,-0.0,7.10082890104422e+30,50.0,60.0,35,0.0,0.0,10.0,2.0,0.0,0.0,0.0,0.0,0.0,0.0,0.0,0.0,0.0,0.0,0.0,0.0,58.8,56,10,65507,27,65476,0,300,0,0,8,20529,65476,0,0,30147,60.0,0.0,10.0,10.0,2.0,0.0
2026-02-16T12:00:17,ERR,ERR,ERR,ERR,ERR,ERR,ERR,ERR,ERR,ERR,ERR,ERR,ERR,ERR,ERR,ERR,ERR,ERR,ERR,ERR,ERR,ERR,ERR,ERR,ERR,ERR,ERR,ERR,ERR,ERR,ERR,ERR,ERR,ERR,ERR,ERR,ERR,ERR,ERR,ERR,ERR,ERR,ERR,ERR,ERR,ERR,ERR,ERR,ERR,ERR,ERR,ERR,ERR,ERR,ERR,ERR,ERR,ERR,ERR,ERR,ERR,ERR,ERR,ERR,ERR,ERR,ERR,ERR,ERR,ERR,ERR,ERR,ERR,ERR,ERR,ERR,ERR,ERR,ERR,ERR,ERR,ERR,ERR,ERR,ERR,ERR,ERR,ERR,ERR,ERR,ERR,ERR,ERR,ERR,ERR,ERR,ERR,ERR,ERR,ERR,ERR,ERR,ERR,ERR,ERR,ERR,ERR,ERR,ERR,ERR,ERR,ERR,ERR,ERR,ERR,ERR,ERR,ERR,ERR,ERR,ERR,ERR,ERR,ERR,ERR,-107615888.0,-0.0,0.0,-0.0,0.0,6.471240769327138e+22,0.003,0.0,4300,0,8,17171,4300,-0.0,39,0.0,0.0,-0.0,0.0,-0.0,0,0,0,0,0.0,0,0,0,0,0,0,0,0,0,0,0,0,0,0,0,0,0,0,0,0,0,0,0,0,0,0,0,0,0,0,0,0,0,12,35,34,46,65476,386,65476,1,0,4,21553,0.0,0.0,6.596109474036087e+34,0.0,0.0,0.0,0.0,0.0,0.0,0.0,0.0,0.0,0.0,0.0,0.0,0.0,0.0,0.0,0.0,0.0,0.0,2.004,-2.004,-0.0,-3.6970739834386645e+19,-0.0,0.0,0.0,0.0,0.0,6415.0,0.0,0.0,-107615888.0,-0.0,-0.0,0.0,0.0,0.0,2.004,2.004,222,89220.562,0.0,0.0,0.0,0.0,0.0,0.0,0.0,0.0,0,0,0,0.0,2.6829821882010584e+23,-0.0,-940604800.0,-0.0,0.0,-3.764172555699766e+24,-0.0,1930.195,-2.1430667036327936e+16,-0.0,76.637,0.0,0.0,0.0,-1.1037348110608026e+27,0,1.3516416376850534e+27,223,0.0,446,-2.637553503966331e+17,-1.351645921280977e+35,2114,26215,17110,26215,17112,13107,17095,0,0,0,101,100,100,2.730232694483534e+23,63.1,2.730233054771504e+23,63.65,0.0,63.5,1,49,50,180,26215,26215,0,0,0.0,0.0,0.0,60.0,0.0,71.0,0.0,-0.0,0.0,1072,0,1072,0,0,0,1072,0,1082,0,996,0,634,0,636,0,631,0,675,0.032,4.021390208068682e+21,-2.004,0.0,13584,16813,-6.110866748192741e+30,9.31519733246412e+36,-11693754368.0,0.0,-0.0,7.10082890104422e+30,50.0,60.0,35,0.0,0.0,10.0,2.0,0.0,0.0,0.0,0.0,0.0,0.0,0.0,0.0,0.0,0.0,0.0,0.0,58.8,55,10,65507,27,65476,0,300,0,0,8,20529,65476,0,0,30147,60.0,0.0,10.0,10.0,2.0,0.0
2026-02-16T12:00:18,ERR,ERR,ERR,ERR,ERR,ERR,ERR,ERR,ERR,ERR,ERR,ERR,ERR,ERR,ERR,ERR,ERR,ERR,ERR,ERR,ERR,ERR,ERR,ERR,ERR,ERR,ERR,ERR,ERR,ERR,ERR,ERR,ERR,ERR,ERR,ERR,ERR,ERR,ERR,ERR,ERR,ERR,ERR,ERR,ERR,ERR,ERR,ERR,ERR,ERR,ERR,ERR,ERR,ERR,ERR,ERR,ERR,ERR,ERR,ERR,ERR,ERR,ERR,ERR,ERR,ERR,ERR,ERR,ERR,ERR,ERR,ERR,ERR,ERR,ERR,ERR,ERR,ERR,ERR,ERR,ERR,ERR,ERR,ERR,ERR,ERR,ERR,ERR,ERR,ERR,ERR,ERR,ERR,ERR,ERR,ERR,ERR,ERR,ERR,ERR,ERR,ERR,ERR,ERR,ERR,ERR,ERR,ERR,ERR,ERR,ERR,ERR,ERR,ERR,ERR,ERR,ERR,ERR,ERR,ERR,ERR,ERR,ERR,ERR,ERR,-107615888.0,-0.0,-108138560.0,-0.0,-0.0,2084.067,0.0,-4.7270954786511663e+24,4300,0,8,17171,4300,-0.0,40,0.0,0.0,-0.0,0.0,-0.0,0,0,0,0,0.0,0,0,0,0,0,0,0,0,0,0,0,0,0,0,0,0,0,0,0,0,0,0,0,0,0,0,0,0,0,0,0,0,0,12,35,34,46,65476,389,65476,1,0,4,21553,0.0,-0.0,0.0,0.0,0.0,0.0,0.0,0.0,0.0,0.0,0.0,0.0,0.0,0.0,0.0,0.0,0.0,0.0,0.0,0.0,0.0,2.004,-2.004,-0.0,-2.004,-0.0,0.0,0.0,0.0,0.0,6413.0,-0.0,0.0,-107615888.0,-0.0,2.718449836706452e+23,0.0,0.0,0.0,2.004,2.004,223,0.0,152018219958272.0,0.0,0.0,0.0,0.0,0.0,0.0,0.0,0,0,0,0.0,0.0,-0.0,-7.126825163714873e+35,-0.0,-0.0,79.137,-0.002,-0.0,-2.340099187330253e+16,-0.0,83.137,0.0,0.0,0.0,0.0,0,1.3516416376850534e+27,223,0.0,446,0.0,-1881180032.0,2114,26215,17110,26215,17112,13107,17095,0,0,0,101,100,100,2.730232694483534e+23,63.1,2.730233054771504e+23,63.65,0.0,63.5,1,49,50,180,26215,26215,0,0,0.0,0.0,0.0,60.0,0.0,71.0,0.0,-0.0,0.0,1072,0,1072,0,0,0,1072,0,1082,0,996,0,634,0,636,0,631,0,675,0.032,4.021390208068682e+21,-2.004,0.0,13584,16813,-6.110866748192741e+30,9.31519733246412e+36,-11693754368.0,0.0,-0.0,7.10082890104422e+30,50.0,60.0,35,0.0,0.0,10.0,2.0,0.0,0.0,0.0,0.0,0.0,0.0,0.0,0.0,0.0,0.0,0.0,0.0,58.8,55,10,65507,27,65476,0,300,0,0,8,20529,65476,0,0,30147,60.0,0.0,10.0,10.0,2.0,0.0
2026-02-16T12:00:19,ERR,ERR,ERR,ERR,ERR,ERR,ERR,ERR,ERR,ERR,ERR,ERR,ERR,ERR,ERR,ERR,ERR,ERR,ERR,ERR,ERR,ERR,ERR,ERR,ERR,ERR,ERR,ERR,ERR,ERR,ERR,ERR,ERR,ERR,ERR,ERR,ERR,ERR,ERR,ERR,ERR,ERR,ERR,ERR,ERR,ERR,ERR,ERR,ERR,ERR,ERR,ERR,ERR,ERR,ERR,ERR,ERR,ERR,ERR,ERR,ERR,ERR,ERR,ERR,ERR,ERR,ERR,ERR,ERR,ERR,ERR,ERR,ERR,ERR,ERR,ERR,ERR,ERR,ERR,ERR,ERR,ERR,ERR,ERR,ERR,ERR,ERR,ERR,ERR,ERR,ERR,ERR,ERR,ERR,ERR,ERR,ERR,ERR,ERR,ERR,ERR,ERR,ERR,ERR,ERR,ERR,ERR,ERR,ERR,ERR,ERR,ERR,ERR,ERR,ERR,ERR,ERR,ERR,ERR,ERR,ERR,ERR,ERR,ERR,ERR,-107615888.0,-0.0,-108138560.0,-0.0,-0.0,2084.067,0.0,-4.7270954786511663e+24,4300,0,8,17171,4300,-0.0,40,0.0,0.0,-0.0,0.0,-0.0,0,0,0,0,0.0,0,0,0,0,0,0,0,0,0,0,0,0,0,0,0,0,0,0,0,0,0,0,0,0,0,0,0,0,0,0,0,0,0,12,35,34,46,65476,389,65476,1,0,4,21553,0.0,-0.0,0.0,0.0,0.0,0.0,0.0,0.0,0.0,0.0,0.0,0.0,0.0,0.0,0.0,0.0,0.0,0.0,0.0,0.0,0.0,2.004,-2.004,-0.0,-2.004,-0.0,0.0,0.0,0.0,0.0,6413.0,-0.0,0.0,-107615888.0,-0.0,2.718449836706452e+23,0.0,0.0,0.0,2.004,2.004,223,0.0,152018219958272.0,0.0,0.0,0.0,0.0,0.0,0.0,0.0,0,0,0,0.0,0.0,-0.0,-7.126825163714873e+35,-0.0,-0.0,79.137,-0.002,-0.0,-2.340099187330253e+16,-0.0,83.137,0.0,0.0,0.0,0.0,0,1.3516416376850534e+27,223,0.0,446,0.0,-1881180032.0,2114,26215,17110,26215,17112,13107,17095,0,0,0,101,100,100,2.730232694483534e+23,63.1,2.730233054771504e+23,63.5,0.0,63.5,1,49,50,180,26215,26215,0,0,0.0,0.0,0.0,60.0,-1.6962175499610776e+33,70.5,0.0,4.058385931931877e+37,0.0,1072,0,1072,0,0,0,1072,0,1082,0,996,0,634,0,636,0,631,0,675,0.032,4.021390208068682e+21,-2.004,0.0,2448,16813,-1.6944603798278795e+25,3.0537873300047452e+35,-0.0,1.239680127418681e+36,3.4082985902238682e+28,1.0090884787024691e+17,50.0,60.0,35,0.0,0.0,10.0,2.0,0.0,0.0,0.0,0.0,0.0,0.0,0.0,0.0,0.0,0.0,0.0,0.0,58.8,55,10,65507,27,65476,0,300,0,0,8,20529,65476,0,0,30147,60.0,0.0,10.0,10.0,2.0,0.0
2026-02-16T12:00:20,ERR,ERR,ERR,ERR,ERR,ERR,ERR,ERR,ERR,ERR,ERR,ERR,ERR,ERR,ERR,ERR,ERR,ERR,ERR,ERR,ERR,ERR,ERR,ERR,ERR,ERR,ERR,ERR,ERR,ERR,ERR,ERR,ERR,ERR,ERR,ERR,ERR,ERR,ERR,ERR,ERR,ERR,ERR,ERR,ERR,ERR,ERR,ERR,ERR,ERR,ERR,ERR,ERR,ERR,ERR,ERR,ERR,ERR,ERR,ERR,ERR,ERR,ERR,ERR,ERR,ERR,ERR,ERR,ERR,ERR,ERR,ERR,ERR,ERR,ERR,ERR,ERR,ERR,ERR,ERR,ERR,ERR,ERR,ERR,ERR,ERR,ERR,ERR,ERR,ERR,ERR,ERR,ERR,ERR,ERR,ERR,ERR,ERR,ERR,ERR,ERR,ERR,ERR,ERR,ERR,ERR,ERR,ERR,ERR,ERR,ERR,ERR,ERR,ERR,ERR,ERR,ERR,ERR,ERR,ERR,ERR,ERR,ERR,ERR,ERR,-107615888.0,-0.0,-108138560.0,-0.0,-0.0,2084.067,0.0,-4.7270954786511663e+24,4300,0,8,17171,4300,-0.0,40,0.0,0.0,-0.0,0.0,-0.0,0,0,0,0,0.0,0,0,0,0,0,0,0,0,0,0,0,0,0,0,0,0,0,0,0,0,0,0,0,0,0,0,0,0,0,0,0,0,0,12,35,34,46,65476,389,65476,1,0,4,21553,0.0,-0.0,0.0,0.0,0.0,0.0,0.0,0.0,0.0,0.0,0.0,0.0,0.0,0.0,0.0,0.0,0.0,0.0,0.0,0.0,0.0,2.004,-2.004,-0.0,-2.004,-0.0,0.0,0.0,0.0,0.0,6413.0,-0.0,0.0,-107615888.0,-0.0,2.718449836706452e+23,0.0,0.0,0.0,2.004,2.004,223,0.0,152018219958272.0,0.0,0.0,0.0,0.0,0.0,0.0,0.0,0,0,0,0.0,0.0,-0.0,-7.126825163714873e+35,-0.0,-0.0,79.137,-0.002,-0.0,-2.340099187330253e+16,-0.0,83.137,0.0,0.0,0.0,0.0,0,1.3516416376850534e+27,223,0.0,446,0.0,-1881180032.0,2114,26215,17110,26215,17112,13107,17095,0,0,0,101,100,100,2.730232694483534e+23,63.1,2.730233054771504e+23,63.5,0.0,63.5,1,49,50,180,26215,26215,0,0,0.0,0.0,0.0,60.0,-1.6962175499610776e+33,70.5,0.0,4.058385931931877e+37,0.0,1072,0,1072,0,0,0,1072,0,1082,0,996,0,634,0,636,0,631,0,675,0.032,4.021390208068682e+21,-2.004,0.0,2448,16813,-1.6944603798278795e+25,3.0537873300047452e+35,-0.0,1.239680127418681e+36,3.4082985902238682e+28,1.0090884787024691e+17,50.0,60.0,35,0.0,0.0,10.0,2.0,0.0,0.0,0.0,0.0,0.0,0.0,0.0,0.0,0.0,0.0,0.0,0.0,58.8,55,10,65507,27,65476,0,300,0,0,8,20529,65476,0,0,30147,60.0,0.0,10.0,10.0,2.0,0.0
2026-02-16T12:00:21,ERR,ERR,ERR,ERR,ERR,ERR,ERR,ERR,ERR,ERR,ERR,ERR,ERR,ERR,ERR,ERR,ERR,ERR,ERR,ERR,ERR,ERR,ERR,ERR,ERR,ERR,ERR,ERR,ERR,ERR,ERR,ERR,ERR,ERR,ERR,ERR,ERR,ERR,ERR,ERR,ERR,ERR,ERR,ERR,ERR,ERR,ERR,ERR,ERR,ERR,ERR,ERR,ERR,ERR,ERR,ERR,ERR,ERR,ERR,ERR,ERR,ERR,ERR,ERR,ERR,ERR,ERR,ERR,ERR,ERR,ERR,ERR,ERR,ERR,ERR,ERR,ERR,ERR,ERR,ERR,ERR,ERR,ERR,ERR,ERR,ERR,ERR,ERR,ERR,ERR,ERR,ERR,ERR,ERR,ERR,ERR,ERR,ERR,ERR,ERR,ERR,ERR,ERR,ERR,ERR,ERR,ERR,ERR,ERR,ERR,ERR,ERR,ERR,ERR,ERR,ERR,ERR,ERR,ERR,ERR,ERR,ERR,ERR,ERR,ERR,-107615888.0,-0.0,-108138560.0,-0.0,-0.0,2084.067,0.0,-4.7270954786511663e+24,4300,0,8,17171,4300,-0.0,40,0.0,0.0,-0.0,0.0,-0.0,0,0,0,0,0.0,0,0,0,0,0,0,0,0,0,0,0,0,0,0,0,0,0,0,0,0,0,0,0,0,0,0,0,0,0,0,0,0,0,12,35,34,46,65476,389,65476,1,0,4,21553,0.0,-0.0,0.0,0.0,0.0,0.0,0.0,0.0,0.0,0.0,0.0,0.0,0.0,0.0,0.0,0.0,0.0,0.0,0.0,0.0,0.0,2.004,-2.004,-0.0,-2.004,-0.0,0.0,0.0,0.0,0.0,6413.0,-0.0,0.0,-107615888.0,-0.0,2.718449836706452e+23,0.0,0.0,0.0,2.004,2.004,223,0.0,152018219958272.0,0.0,0.0,0.0,0.0,0.0,0.0,0.0,0,0,0,0.0,0.0,-0.0,-7.126825163714873e+35,-0.0,-0.0,79.137,-0.002,-0.0,-2.340099187330253e+16,-0.0,83.137,0.0,0.0,0.0,0.0,0,1.3516416376850534e+27,223,0.0,446,0.0,-1881180032.0,2114,26215,17110,26215,17112,13107,17095,0,0,0,101,100,100,2.730232694483534e+23,63.1,2.730233054771504e+23,63.5,0.0,63.5,1,49,50,180,26215,26215,0,0,0.0,0.0,0.0,60.0,-1.6962175499610776e+33,70.5,0.0,4.058385931931877e+37,0.0,1072,0,1072,0,0,0,1072,0,1082,0,996,0,634,0,636,0,631,0,675,0.032,4.021390208068682e+21,-2.004,0.0,2448,16813,-1.6944603798278795e+25,3.0537873300047452e+35,-0.0,1.239680127418681e+36,3.4082985902238682e+28,1.0090884787024691e+17,50.0,60.0,35,0.0,0.0,10.0,2.0,0.0,0.0,0.0,0.0,0.0,0.0,0.0,0.0,0.0,0.0,0.0,0.0,59.2,55,10,65507,27,65476,0,300,0,0,8,20529,65476,0,0,30147,60.0,0.0,10.0,10.0,2.0,0.0
2026-02-16T12:00:22,ERR,ERR,ERR,ERR,ERR,ERR,ERR,ERR,ERR,ERR,ERR,ERR,ERR,ERR,ERR,ERR,ERR,ERR,ERR,ERR,ERR,ERR,ERR,ERR,ERR,ERR,ERR,ERR,ERR,ERR,ERR,ERR,ERR,ERR,ERR,ERR,ERR,ERR,ERR,ERR,ERR,ERR,ERR,ERR,ERR,ERR,ERR,ERR,ERR,ERR,ERR,ERR,ERR,ERR,ERR,ERR,ERR,ERR,ERR,ERR,ERR,ERR,ERR,ERR,ERR,ERR,ERR,ERR,ERR,ERR,ERR,ERR,ERR,ERR,ERR,ERR,ERR,ERR,ERR,ERR,ERR,ERR,ERR,ERR,ERR,ERR,ERR,ERR,ERR,ERR,ERR,ERR,ERR,ERR,ERR,ERR,ERR,ERR,ERR,ERR,ERR,ERR,ERR,ERR,ERR,ERR,ERR,ERR,ERR,ERR,ERR,ERR,ERR,ERR,ERR,ERR,ERR,ERR,ERR,ERR,ERR,ERR,ERR,ERR,ERR,-107615888.0,-0.0,-108138560.0,-0.0,-0.0,2084.067,0.0,-4.7270954786511663e+24,4300,0,8,17171,4300,-0.0,40,0.0,0.0,-0.0,0.0,-0.0,0,0,0,0,0.0,0,0,0,0,0,0,0,0,0,0,0,0,0,0,0,0,0,0,0,0,0,0,0,0,0,0,0,0,0,0,0,0,0,12,35,34,46,65476,389,65476,1,0,4,21553,0.0,-0.0,0.0,0.0,0.0,0.0,0.0,0.0,0.0,0.0,0.0,0.0,0.0,0.0,0.0,0.0,0.0,0.0,0.0,0.0,0.0,2.004,-2.004,-0.0,-2.004,-0.0,0.0,0.0,0.0,0.0,6413.0,-0.0,0.0,-107615888.0,-0.0,2.718449836706452e+23,0.0,0.0,0.0,2.004,2.004,223,0.0,152018219958272.0,0.0,0.0,0.0,0.0,0.0,0.0,0.0,0,0,0,0.0,0.0,-0.0,-7.126825163714873e+35,-0.0,-0.0,79.137,-0.002,-0.0,-2.340099187330253e+16,-0.0,83.137,0.0,0.0,0.0,0.0,0,1.3516416376850534e+27,223,0.0,446,0.0,-1881180032.0,2114,26215,17110,26215,17112,13107,17095,0,0,0,101,100,100,2.730232694483534e+23,63.1,2.730233054771504e+23,63.5,0.0,63.5,1,49,50,180,26215,26215,0,0,0.0,0.0,0.0,60.0,-1.6962175499610776e+33,70.5,0.0,4.058385931931877e+37,0.0,1072,0,1072,0,0,0,1072,0,1082,0,996,0,634,0,636,0,631,0,675,0.032,4.021390208068682e+21,-2.004,0.0,2448,16813,-1.6944603798278795e+25,3.0537873300047452e+35,-0.0,1.239680127418681e+36,3.4082985902238682e+28,1.0090884787024691e+17,50.0,60.0,35,0.0,0.0,10.0,2.0,0.0,0.0,0.0,0.0,0.0,0.0,0.0,0.0,0.0,0.0,0.0,0.0,58.8,55,11,65507,27,65476,0,300,0,0,8,20529,65476,0,0,30147,60.0,0.0,10.0,10.0,2.0,0.0
2026-02-16T12:00:23,ERR,ERR,ERR,ERR,ERR,ERR,ERR,ERR,ERR,ERR,ERR,ERR,ERR,ERR,ERR,ERR,ERR,ERR,ERR,ERR,ERR,ERR,ERR,ERR,ERR,ERR,ERR,ERR,ERR,ERR,ERR,ERR,ERR,ERR,ERR,ERR,ERR,ERR,ERR,ERR,ERR,ERR,ERR,ERR,ERR,ERR,ERR,ERR,ERR,ERR,ERR,ERR,ERR,ERR,ERR,ERR,ERR,ERR,ERR,ERR,ERR,ERR,ERR,ERR,ERR,ERR,ERR,ERR,ERR,ERR,ERR,ERR,ERR,ERR,ERR,ERR,ERR,ERR,ERR,ERR,ERR,ERR,ERR,ERR,ERR,ERR,ERR,ERR,ERR,ERR,ERR,ERR,ERR,ERR,ERR,ERR,ERR,ERR,ERR,ERR,ERR,ERR,ERR,ERR,ERR,ERR,ERR,ERR,ERR,ERR,ERR,ERR,ERR,ERR,ERR,ERR,ERR,ERR,ERR,ERR,ERR,ERR,ERR,ERR,ERR,-107615888.0,-0.0,-108138560.0,-0.0,-0.0,-0.483,-22451556352.0,1.671720386655315e+25,4300,0,8,17171,4300,-0.0,40,0.0,0.0,-0.0,0.0,-0.0,0,0,0,0,0.0,0,0,0,0,0,0,0,0,0,0,0,0,0,0,0,0,0,0,0,0,0,0,0,0,0,0,0,0,0,0,0,0,0,12,35,34,46,65476,392,65476,1,0,4,21553,0.0,0.0,-0.179,0.0,0.0,0.0,0.0,0.0,0.0,0.0,0.0,0.0,0.0,0.0,0.0,0.0,0.0,0.0,0.0,0.0,0.0,2.004,-2.004,-0.0,-2.004,-2.004,0.0,0.0,0.0,0.0,6443.0,0.0,0.0,-107615888.0,-0.0,2.718449836706452e+23,0.0,0.0,0.0,2.004,2.004,222,0.059,-89221.0,0.0,0.0,0.0,0.0,0.0,0.0,0.0,0,0,0,-3.4714495316050666e+30,-0.0,-0.0,9799387718877184.0,1.467808096048873e+31,389647.188,1.0353737512133682e+29,-127545352.0,-0.078,-2.537131671027712e+16,-0.0,90.637,0.0,0.0,0.0,0.0,0,1.3516416376850534e+27,222,0.0,444,0.0,-1881180032.0,2114,26215,17110,26215,17112,26215,17095,0,0,0,101,100,100,2.730232694483534e+23,63.1,2.730233054771504e+23,63.5,0.0,63.5,1,49,50,180,26215,26215,0,0,0.0,0.0,0.0,60.0,-7.082940783533425e+34,70.5,0.0,2.238278523339193e+31,0.0,1072,0,1072,0,0,0,1072,0,1082,0,996,0,634,0,636,0,631,0,675,0.032,4.039836952142392e+21,-2.004,0.0,13712,16813,-7.082940783533425e+34,2.238278523339193e+31,-0.0,0.0,9.687277938572703e+34,0.0,50.0,60.0,35,0.0,0.0,10.0,2.0,0.0,0.0,0.0,0.0,0.0,0.0,0.0,0.0,0.0,0.0,0.0,0.0,58.8,55,11,65507,27,65476,0,300,0,0,8,20529,65476,0,0,30147,60.0,0.0,10.0,10.0,2.0,0.0
2026-02-16T12:00:24,ERR,ERR,ERR,ERR,ERR,ERR,ERR,ERR,ERR,ERR,ERR,ERR,ERR,ERR,ERR,ERR,ERR,ERR,ERR,ERR,ERR,ERR,ERR,ERR,ERR,ERR,ERR,ERR,ERR,ERR,ERR,ERR,ERR,ERR,ERR,ERR,ERR,ERR,ERR,ERR,ERR,ERR,ERR,ERR,ERR,ERR,ERR,ERR,ERR,ERR,ERR,ERR,ERR,ERR,ERR,ERR,ERR,ERR,ERR,ERR,ERR,ERR,ERR,ERR,ERR,ERR,ERR,ERR,ERR,ERR,ERR,ERR,ERR,ERR,ERR,ERR,ERR,ERR,ERR,ERR,ERR,ERR,ERR,ERR,ERR,ERR,ERR,ERR,ERR,ERR,ERR,ERR,ERR,ERR,ERR,ERR,ERR,ERR,ERR,ERR,ERR,ERR,ERR,ERR,ERR,ERR,ERR,ERR,ERR,ERR,ERR,ERR,ERR,ERR,ERR,ERR,ERR,ERR,ERR,ERR,ERR,ERR,ERR,ERR,ERR,-107615888.0,-0.0,-108138560.0,-0.0,-0.0,-0.483,-22451556352.0,1.671720386655315e+25,4300,0,8,17171,4300,-0.0,40,0.0,0.0,-0.0,0.0,-0.0,0,0,0,0,0.0,0,0,0,0,0,0,0,0,0,0,0,0,0,0,0,0,0,0,0,0,0,0,0,0,0,0,0,0,0,0,0,0,0,12,35,34,46,65476,392,65476,1,0,4,21553,0.0,0.0,-0.179,0.0,0.0,0.0,0.0,0.0,0.0,0.0,0.0,0.0,0.0,0.0,0.0,0.0,0.0,0.0,0.0,0.0,0.0,2.004,-2.004,-0.0,-2.004,-2.004,0.0,0.0,0.0,0.0,6443.0,0.0,0.0,-107615888.0,-0.0,2.718449836706452e+23,0.0,0.0,0.0,2.004,2.004,222,0.059,-89221.0,0.0,0.0,0.0,0.0,0.0,0.0,0.0,0,0,0,-3.4714495316050666e+30,-0.0,-0.0,9799387718877184.0,1.467808096048873e+31,389647.188,1.0353737512133682e+29,-127545352.0,-0.078,-2.537131671027712e+16,-0.0,90.637,0.0,0.0,0.0,0.0,0,1.3516416376850534e+27,222,0.0,444,0.0,-1881180032.0,2114,26215,17110,26215,17112,26215,17095,0,0,0,101,100,100,2.730232694483534e+23,63.1,2.730233054771504e+23,63.5,0.0,63.5,1,49,50,180,26215,26215,0,0,0.0,0.0,0.0,60.0,-7.082940783533425e+34,70.5,0.0,2.238278523339193e+31,0.0,1072,0,1072,0,0,0,1072,0,1082,0,996,0,634,0,636,0,631,0,675,0.032,4.039836952142392e+21,-2.004,0.0,13712,16813,-7.082940783533425e+34,2.238278523339193e+31,-0.0,0.0,9.687277938572703e+34,0.0,50.0,60.0,35,0.0,0.0,10.0,2.0,0.0,0.0,0.0,0.0,0.0,0.0,0.0,0.0,0.0,0.0,0.0,0.0,58.8,55,11,65507,27,65476,0,300,0,0,8,20529,65476,0,0,30147,60.0,0.0,10.0,10.0,2.0,0.0
2026-02-16T12:00:25,ERR,ERR,ERR,ERR,ERR,ERR,ERR,ERR,ERR,ERR,ERR,ERR,ERR,ERR,ERR,ERR,ERR,ERR,ERR,ERR,ERR,ERR,ERR,ERR,ERR,ERR,ERR,ERR,ERR,ERR,ERR,ERR,ERR,ERR,ERR,ERR,ERR,ERR,ERR,ERR,ERR,ERR,ERR,ERR,ERR,ERR,ERR,ERR,ERR,ERR,ERR,ERR,ERR,ERR,ERR,ERR,ERR,ERR,ERR,ERR,ERR,ERR,ERR,ERR,ERR,ERR,ERR,ERR,ERR,ERR,ERR,ERR,ERR,ERR,ERR,ERR,ERR,ERR,ERR,ERR,ERR,ERR,ERR,ERR,ERR,ERR,ERR,ERR,ERR,ERR,ERR,ERR,ERR,ERR,ERR,ERR,ERR,ERR,ERR,ERR,ERR,ERR,ERR,ERR,ERR,ERR,ERR,ERR,ERR,ERR,ERR,ERR,ERR,ERR,ERR,ERR,ERR,ERR,ERR,ERR,ERR,ERR,ERR,ERR,ERR,-107615888.0,-0.0,-108138560.0,-0.0,-0.0,-0.483,-22451556352.0,1.671720386655315e+25,4300,0,8,17171,4300,-0.0,40,0.0,0.0,-0.0,0.0,-0.0,0,0,0,0,0.0,0,0,0,0,0,0,0,0,0,0,0,0,0,0,0,0,0,0,0,0,0,0,0,0,0,0,0,0,0,0,0,0,0,12,35,34,46,65476,392,65476,1,0,4,21553,0.0,0.0,-0.179,0.0,0.0,0.0,0.0,0.0,0.0,0.0,0.0,0.0,0.0,0.0,0.0,0.0,0.0,0.0,0.0,0.0,0.0,2.004,-2.004,-0.0,-2.004,-2.004,0.0,0.0,0.0,0.0,6443.0,0.0,0.0,-107615888.0,-0.0,2.718449836706452e+23,0.0,0.0,0.0,2.004,2.004,222,0.059,-89221.0,0.0,0.0,0.0,0.0,0.0,0.0,0.0,0,0,0,-3.4714495316050666e+30,-0.0,-0.0,9799387718877184.0,1.467808096048873e+31,389647.188,1.0353737512133682e+29,-127545352.0,-0.078,-2.537131671027712e+16,-0.0,90.637,0.0,0.0,0.0,0.0,0,1.3516416376850534e+27,222,0.0,444,0.0,-1881180032.0,2114,26215,17110,26215,17112,26215,17095,0,0,0,101,100,100,2.730232694483534e+23,63.1,2.730233054771504e+23,63.5,0.0,63.5,1,49,50,180,26215,26215,0,0,0.0,0.0,0.0,60.0,-7.082940783533425e+34,70.5,0.0,2.238278523339193e+31,0.0,1072,0,1072,0,0,0,1072,0,1082,0,996,0,634,0,636,0,631,0,675,0.032,4.039836952142392e+21,-2.004,0.0,13712,16813,-7.082940783533425e+34,2.238278523339193e+31,-0.0,0.0,9.687277938572703e+34,0.0,50.0,60.0,35,0.0,0.0,10.0,2.0,0.0,0.0,0.0,0.0,0.0,0.0,0.0,0.0,0.0,0.0,0.0,0.0,58.8,55,11,65507,27,65476,0,300,0,0,8,20529,65476,0,0,30147,60.0,0.0,10.0,10.0,2.0,0.0
2026-02-16T12:00:26,ERR,ERR,ERR,ERR,ERR,ERR,ERR,ERR,ERR,ERR,ERR,ERR,ERR,ERR,ERR,ERR,ERR,ERR,ERR,ERR,ERR,ERR,ERR,ERR,ERR,ERR,ERR,ERR,ERR,ERR,ERR,ERR,ERR,ERR,ERR,ERR,ERR,ERR,ERR,ERR,ERR,ERR,ERR,ERR,ERR,ERR,ERR,ERR,ERR,ERR,ERR,ERR,ERR,ERR,ERR,ERR,ERR,ERR,ERR,ERR,ERR,ERR,ERR,ERR,ERR,ERR,ERR,ERR,ERR,ERR,ERR,ERR,ERR,ERR,ERR,ERR,ERR,ERR,ERR,ERR,ERR,ERR,ERR,ERR,ERR,ERR,ERR,ERR,ERR,ERR,ERR,ERR,ERR,ERR,ERR,ERR,ERR,ERR,ERR,ERR,ERR,ERR,ERR,ERR,ERR,ERR,ERR,ERR,ERR,ERR,ERR,ERR,ERR,ERR,ERR,ERR,ERR,ERR,ERR,ERR,ERR,ERR,ERR,ERR,ERR,-107615888.0,-0.0,-108138560.0,-0.0,-0.0,-0.483,-22451556352.0,1.671720386655315e+25,4300,0,8,17171,4300,-0.0,40,0.0,0.0,-0.0,0.0,-0.0,0,0,0,0,0.0,0,0,0,0,0,0,0,0,0,0,0,0,0,0,0,0,0,0,0,0,0,0,0,0,0,0,0,0,0,0,0,0,0,12,35,34,46,65476,392,65476,1,0,4,21553,0.0,0.0,-0.179,0.0,0.0,0.0,0.0,0.0,0.0,0.0,0.0,0.0,0.0,0.0,0.0,0.0,0.0,0.0,0.0,0.0,0.0,2.004,-2.004,-0.0,-2.004,-2.004,0.0,0.0,0.0,0.0,6443.0,0.0,0.0,-107615888.0,-0.0,2.718449836706452e+23,0.0,0.0,0.0,2.004,2.004,222,0.059,-89221.0,0.0,0.0,0.0,0.0,0.0,0.0,0.0,0,0,0,-3.4714495316050666e+30,-0.0,-0.0,9799387718877184.0,1.467808096048873e+31,389647.188,1.0353737512133682e+29,-127545352.0,-0.078,-2.537131671027712e+16,-0.0,90.637,0.0,0.0,0.0,0.0,0,1.3516416376850534e+27,222,0.0,444,0.0,-1881180032.0,2114,26215,17110,26215,17112,13107,17095,0,0,0,101,100,100,2.730232694483534e+23,63.2,-107615216.0,63.5,0.0,63.5,1,49,50,180,26215,26215,0,0,0.0,0.0,0.0,60.0,-6.264808372487431e+22,70.5,0.0,1.3791830693089596e+28,0.0,1072,0,1072,0,0,0,1072,0,1082,0,996,0,635,0,636,0,631,0,675,0.032,4.021390208068682e+21,-2.004,0.0,23184,16813,-1.040568450151896e+34,0.0,6.002468910740275e+16,-158649303040.0,0.0,-4.462638632154824e+24,50.0,60.0,35,0.0,0.0,10.0,2.0,0.0,0.0,0.0,0.0,0.0,0.0,0.0,0.0,0.0,0.0,0.0,0.0,58.8,55,11,65507,27,65476,0,300,0,0,8,20529,65476,0,0,30147,60.0,0.0,10.0,10.0,2.0,0.0
2026-02-16T12:00:27,ERR,ERR,ERR,ERR,ERR,ERR,ERR,ERR,ERR,ERR,ERR,ERR,ERR,ERR,ERR,ERR,ERR,ERR,ERR,ERR,ERR,ERR,ERR,ERR,ERR,ERR,ERR,ERR,ERR,ERR,ERR,ERR,ERR,ERR,ERR,ERR,ERR,ERR,ERR,ERR,ERR,ERR,ERR,ERR,ERR,ERR,ERR,ERR,ERR,ERR,ERR,ERR,ERR,ERR,ERR,ERR,ERR,ERR,ERR,ERR,ERR,ERR,ERR,ERR,ERR,ERR,ERR,ERR,ERR,ERR,ERR,ERR,ERR,ERR,ERR,ERR,ERR,ERR,ERR,ERR,ERR,ERR,ERR,ERR,ERR,ERR,ERR,ERR,ERR,ERR,ERR,ERR,ERR,ERR,ERR,ERR,ERR,ERR,ERR,ERR,ERR,ERR,ERR,ERR,ERR,ERR,ERR,ERR,ERR,ERR,ERR,ERR,ERR,ERR,ERR,ERR,ERR,ERR,ERR,ERR,ERR,ERR,ERR,ERR,ERR,-107615888.0,-0.0,-108138560.0,-0.0,-0.0,-0.483,-22451556352.0,1.671720386655315e+25,4300,0,8,17171,4300,-0.0,40,0.0,0.0,-0.0,0.0,-0.0,0,0,0,0,0.0,0,0,0,0,0,0,0,0,0,0,0,0,0,0,0,0,0,0,0,0,0,0,0,0,0,0,0,0,0,0,0,0,0,12,35,34,46,65476,392,65476,1,0,4,21553,0.0,0.0,-0.179,0.0,0.0,0.0,0.0,0.0,0.0,0.0,0.0,0.0,0.0,0.0,0.0,0.0,0.0,0.0,0.0,0.0,0.0,2.004,-2.004,-0.0,-2.004,-2.004,0.0,0.0,0.0,0.0,6443.0,0.0,0.0,-107615888.0,-0.0,2.718449836706452e+23,0.0,0.0,0.0,2.004,2.004,222,0.059,-89221.0,0.0,0.0,0.0,0.0,0.0,0.0,0.0,0,0,0,-3.4714495316050666e+30,-0.0,-0.0,9799387718877184.0,1.467808096048873e+31,389647.188,1.0353737512133682e+29,-127545352.0,-0.078,-2.537131671027712e+16,-0.0,90.637,0.0,0.0,0.0,0.0,0,1.3516416376850534e+27,222,0.0,444,0.0,-1881180032.0,2114,26215,17110,26215,17112,13107,17095,0,0,0,101,100,100,2.730232694483534e+23,63.2,-107615216.0,63.5,0.0,63.5,1,49,50,180,26215,26215,0,0,0.0,0.0,0.0,60.0,-6.264808372487431e+22,70.5,0.0,1.3791830693089596e+28,0.0,1072,0,1072,0,0,0,1072,0,1082,0,996,0,635,0,636,0,631,0,675,0.032,4.021390208068682e+21,-2.004,0.0,23184,16813,-1.040568450151896e+34,0.0,6.002468910740275e+16,-158649303040.0,0.0,-4.462638632154824e+24,50.0,60.0,35,0.0,0.0,10.0,2.0,0.0,0.0,0.0,0.0,0.0,0.0,0.0,0.0,0.0,0.0,0.0,0.0,59.2,55,11,65507,27,65476,0,300,0,0,8,20529,65476,0,0,30147,60.0,0.0,10.0,10.0,2.0,0.0
2026-02-16T12:00:28,ERR,ERR,ERR,ERR,ERR,ERR,ERR,ERR,ERR,ERR,ERR,ERR,ERR,ERR,ERR,ERR,ERR,ERR,ERR,ERR,ERR,ERR,ERR,ERR,ERR,ERR,ERR,ERR,ERR,ERR,ERR,ERR,ERR,ERR,ERR,ERR,ERR,ERR,ERR,ERR,ERR,ERR,ERR,ERR,ERR,ERR,ERR,ERR,ERR,ERR,ERR,ERR,ERR,ERR,ERR,ERR,ERR,ERR,ERR,ERR,ERR,ERR,ERR,ERR,ERR,ERR,ERR,ERR,ERR,ERR,ERR,ERR,ERR,ERR,ERR,ERR,ERR,ERR,ERR,ERR,ERR,ERR,ERR,ERR,ERR,ERR,ERR,ERR,ERR,ERR,ERR,ERR,ERR,ERR,ERR,ERR,ERR,ERR,ERR,ERR,ERR,ERR,ERR,ERR,ERR,ERR,ERR,ERR,ERR,ERR,ERR,ERR,ERR,ERR,ERR,ERR,ERR,ERR,ERR,ERR,ERR,ERR,ERR,ERR,ERR,-107615888.0,-0.0,-108138560.0,-0.0,-0.0,-8.923236821543398e+30,0.0,0.0,4300,0,8,17171,4300,-0.0,40,0.0,0.0,-0.0,0.0,-0.0,0,0,0,0,0.0,0,0,0,0,0,0,0,0,0,0,0,0,0,0,0,0,0,0,0,0,0,0,0,0,0,0,0,0,0,0,0,0,0,12,35,35,47,65476,393,65476,1,0,4,21553,0.0,0.0,-0.0,0.0,0.0,0.0,0.0,0.0,0.0,0.0,0.0,0.0,0.0,0.0,0.0,0.0,0.0,0.0,0.0,0.0,0.0,2.004,-2.004,-0.0,-2.004,-2.004,0.0,0.0,0.0,0.0,6440.0,-8608228352.0,0.0,-107615888.0,-0.0,2.718449836706452e+23,0.0,0.0,0.0,2.004,2.004,223,0.0,0.0,0.0,0.0,0.0,0.0,0.0,0.0,0.0,0,0,0,0.0,-0.0,-0.0,0.0,-0.0,0.0,1.4765436194709371e+26,2.2634722843011185e+28,0.0,-2.7060166570541056e+16,-0.0,96.637,0.0,0.0,0.0,-1.6955783216701112e+18,0,1.3516416376850534e+27,223,0.0,446,0.0,-1881180032.0,2114,26215,17110,26215,17112,13107,17095,0,0,0,101,100,100,2.730232694483534e+23,63.2,-107615216.0,63.5,0.0,63.5,1,49,50,180,26215,26215,0,0,0.0,0.0,0.0,60.0,-6.264808372487431e+22,70.5,0.0,1.3791830693089596e+28,0.0,1072,0,1072,0,0,0,1072,0,1082,0,996,0,635,0,636,0,631,0,675,0.032,4.021390208068682e+21,-2.004,0.0,23184,16813,-1.040568450151896e+34,0.0,6.002468910740275e+16,-158649303040.0,0.0,-4.462638632154824e+24,50.0,60.0,35,0.0,0.0,10.0,2.0,0.0,0.0,0.0,0.0,0.0,0.0,0.0,0.0,0.0,0.0,0.0,0.0,59.2,55,11,65507,27,65476,0,300,0,0,8,20529,65476,0,0,30147,60.0,0.0,10.0,10.0,2.0,0.0
2026-02-16T12:00:29,ERR,ERR,ERR,ERR,ERR,ERR,ERR,ERR,ERR,ERR,ERR,ERR,ERR,ERR,ERR,ERR,ERR,ERR,ERR,ERR,ERR,ERR,ERR,ERR,ERR,ERR,ERR,ERR,ERR,ERR,ERR,ERR,ERR,ERR,ERR,ERR,ERR,ERR,ERR,ERR,ERR,ERR,ERR,ERR,ERR,ERR,ERR,ERR,ERR,ERR,ERR,ERR,ERR,ERR,ERR,ERR,ERR,ERR,ERR,ERR,ERR,ERR,ERR,ERR,ERR,ERR,ERR,ERR,ERR,ERR,ERR,ERR,ERR,ERR,ERR,ERR,ERR,ERR,ERR,ERR,ERR,ERR,ERR,ERR,ERR,ERR,ERR,ERR,ERR,ERR,ERR,ERR,ERR,ERR,ERR,ERR,ERR,ERR,ERR,ERR,ERR,ERR,ERR,ERR,ERR,ERR,ERR,ERR,ERR,ERR,ERR,ERR,ERR,ERR,ERR,ERR,ERR,ERR,ERR,ERR,ERR,ERR,ERR,ERR,ERR,-107615888.0,-0.0,-108138560.0,-0.0,-0.0,-8.923236821543398e+30,0.0,0.0,4300,0,8,17171,4300,-0.0,40,0.0,0.0,-0.0,0.0,-0.0,0,0,0,0,0.0,0,0,0,0,0,0,0,0,0,0,0,0,0,0,0,0,0,0,0,0,0,0,0,0,0,0,0,0,0,0,0,0,0,12,35,35,47,65476,393,65476,1,0,4,21553,0.0,0.0,-0.0,0.0,0.0,0.0,0.0,0.0,0.0,0.0,0.0,0.0,0.0,0.0,0.0,0.0,0.0,0.0,0.0,0.0,0.0,2.004,-2.004,-0.0,-2.004,-2.004,0.0,0.0,0.0,0.0,6440.0,-8608228352.0,0.0,-107615888.0,-0.0,2.718449836706452e+23,0.0,0.0,0.0,2.004,2.004,223,0.0,0.0,0.0,0.0,0.0,0.0,0.0,0.0,0.0,0,0,0,0.0,-0.0,-0.0,0.0,-0.0,0.0,1.4765436194709371e+26,2.2634722843011185e+28,0.0,-2.7060166570541056e+16,-0.0,96.637,0.0,0.0,0.0,-1.6955783216701112e+18,0,1.3516416376850534e+27,223,0.0,446,0.0,-1881180032.0,2114,26215,17110,26215,17112,13107,17095,0,0,0,101,100,100,2.730232694483534e+23,63.2,-107615216.0,63.5,0.0,63.5,1,49,50,180,26215,26215,0,0,0.0,0.0,0.0,60.0,-6.264808372487431e+22,70.5,0.0,1.3791830693089596e+28,0.0,1072,0,1072,0,0,0,1072,0,1082,0,996,0,635,0,636,0,631,0,675,0.032,4.021390208068682e+21,-2.004,0.0,23184,16813,-1.040568450151896e+34,0.0,6.002468910740275e+16,-158649303040.0,0.0,-4.462638632154824e+24,50.0,60.0,35,0.0,0.0,10.0,2.0,0.0,0.0,0.0,0.0,0.0,0.0,0.0,0.0,0.0,0.0,0.0,0.0,58.8,55,11,65508,27,65476,0,300,0,0,8,20529,65476,0,0,30147,60.0,0.0,10.0,10.0,2.0,0.0
2026-02-16T12:00:30,ERR,ERR,ERR,ERR,ERR,ERR,ERR,ERR,ERR,ERR,ERR,ERR,ERR,ERR,ERR,ERR,ERR,ERR,ERR,ERR,ERR,ERR,ERR,ERR,ERR,ERR,ERR,ERR,ERR,ERR,ERR,ERR,ERR,ERR,ERR,ERR,ERR,ERR,ERR,ERR,ERR,ERR,ERR,ERR,ERR,ERR,ERR,ERR,ERR,ERR,ERR,ERR,ERR,ERR,ERR,ERR,ERR,ERR,ERR,ERR,ERR,ERR,ERR,ERR,ERR,ERR,ERR,ERR,ERR,ERR,ERR,ERR,ERR,ERR,ERR,ERR,ERR,ERR,ERR,ERR,ERR,ERR,ERR,ERR,ERR,ERR,ERR,ERR,ERR,ERR,ERR,ERR,ERR,ERR,ERR,ERR,ERR,ERR,ERR,ERR,ERR,ERR,ERR,ERR,ERR,ERR,ERR,ERR,ERR,ERR,ERR,ERR,ERR,ERR,ERR,ERR,ERR,ERR,ERR,ERR,ERR,ERR,ERR,ERR,ERR,-107615888.0,-0.0,-108138560.0,-0.0,-0.0,-8.923236821543398e+30,0.0,0.0,4300,0,8,17171,4300,-0.0,40,0.0,0.0,-0.0,0.0,-0.0,0,0,0,0,0.0,0,0,0,0,0,0,0,0,0,0,0,0,0,0,0,0,0,0,0,0,0,0,0,0,0,0,0,0,0,0,0,0,0,12,35,35,47,65476,393,65476,1,0,4,21553,0.0,0.0,-0.0,0.0,0.0,0.0,0.0,0.0,0.0,0.0,0.0,0.0,0.0,0.0,0.0,0.0,0.0,0.0,0.0,0.0,0.0,2.004,-2.004,-0.0,-2.004,-2.004,0.0,0.0,0.0,0.0,6440.0,-8608228352.0,0.0,-107615888.0,-0.0,2.718449836706452e+23,0.0,0.0,0.0,2.004,2.004,223,0.0,0.0,0.0,0.0,0.0,0.0,0.0,0.0,0.0,0,0,0,0.0,-0.0,-0.0,0.0,-0.0,0.0,1.4765436194709371e+26,2.2634722843011185e+28,0.0,-2.7060166570541056e+16,-0.0,96.637,0.0,0.0,0.0,-1.6955783216701112e+18,0,1.3516416376850534e+27,223,0.0,446,0.0,-1881180032.0,2114,26215,17110,26215,17112,13107,17095,0,0,0,101,100,100,2.730232694483534e+23,63.1,2.730233054771504e+23,63.5,0.0,63.5,1,49,50,180,26215,26215,0,0,0.0,0.0,0.0,60.0,-3.3129249022677297e+30,70.5,0.0,-9680803840.0,0.0,1072,0,1072,0,0,0,1072,0,1082,0,997,0,635,0,637,0,631,0,675,0.032,4.039836952142392e+21,-2.004,0.0,15888,16813,-1.9816722557613335e+34,-9680803840.0,0.0,6.56464576499007e+26,-9.567746231516327e+24,-0.0,50.0,60.0,35,0.0,0.0,10.0,2.0,0.0,0.0,0.0,0.0,0.0,0.0,0.0,0.0,0.0,0.0,0.0,0.0,58.8,55,11,65508,27,65476,0,300,0,0,8,20529,65476,0,0,30147,60.0,0.0,10.0,10.0,2.0,0.0
2026-02-16T12:00:31,ERR,ERR,ERR,ERR,ERR,ERR,ERR,ERR,ERR,ERR,ERR,ERR,ERR,ERR,ERR,ERR,ERR,ERR,ERR,ERR,ERR,ERR,ERR,ERR,ERR,ERR,ERR,ERR,ERR,ERR,ERR,ERR,ERR,ERR,ERR,ERR,ERR,ERR,ERR,ERR,ERR,ERR,ERR,ERR,ERR,ERR,ERR,ERR,ERR,ERR,ERR,ERR,ERR,ERR,ERR,ERR,ERR,ERR,ERR,ERR,ERR,ERR,ERR,ERR,ERR,ERR,ERR,ERR,ERR,ERR,ERR,ERR,ERR,ERR,ERR,ERR,ERR,ERR,ERR,ERR,ERR,ERR,ERR,ERR,ERR,ERR,ERR,ERR,ERR,ERR,ERR,ERR,ERR,ERR,ERR,ERR,ERR,ERR,ERR,ERR,ERR,ERR,ERR,ERR,ERR,ERR,ERR,ERR,ERR,ERR,ERR,ERR,ERR,ERR,ERR,ERR,ERR,ERR,ERR,ERR,ERR,ERR,ERR,ERR,ERR,-107615888.0,-0.0,-108138560.0,-0.0,-0.0,-8.923236821543398e+30,0.0,0.0,4300,0,8,17171,4300,-0.0,40,0.0,0.0,-0.0,0.0,-0.0,0,0,0,0,0.0,0,0,0,0,0,0,0,0,0,0,0,0,0,0,0,0,0,0,0,0,0,0,0,0,0,0,0,0,0,0,0,0,0,12,35,35,47,65476,393,65476,1,0,4,21553,0.0,0.0,-0.0,0.0,0.0,0.0,0.0,0.0,0.0,0.0,0.0,0.0,0.0,0.0,0.0,0.0,0.0,0.0,0.0,0.0,0.0,2.004,-2.004,-0.0,-2.004,-2.004,0.0,0.0,0.0,0.0,6440.0,-8608228352.0,0.0,-107615888.0,-0.0,2.718449836706452e+23,0.0,0.0,0.0,2.004,2.004,223,0.0,0.0,0.0,0.0,0.0,0.0,0.0,0.0,0.0,0,0,0,0.0,-0.0,-0.0,0.0,-0.0,0.0,1.4765436194709371e+26,2.2634722843011185e+28,0.0,-2.7060166570541056e+16,-0.0,96.637,0.0,0.0,0.0,-1.6955783216701112e+18,0,1.3516416376850534e+27,223,0.0,446,0.0,-1881180032.0,2114,26215,17110,26215,17112,13107,17095,0,0,0,101,100,100,2.730232694483534e+23,63.1,2.730233054771504e+23,63.5,0.0,63.5,1,49,50,180,26215,26215,0,0,0.0,0.0,0.0,60.0,-3.3129249022677297e+30,70.5,0.0,-9680803840.0,0.0,1072,0,1072,0,0,0,1072,0,1082,0,997,0,635,0,637,0,631,0,675,0.032,4.039836952142392e+21,-2.004,0.0,15888,16813,-1.9816722557613335e+34,-9680803840.0,0.0,6.56464576499007e+26,-9.567746231516327e+24,-0.0,50.0,60.0,35,0.0,0.0,10.0,2.0,0.0,0.0,0.0,0.0,0.0,0.0,0.0,0.0,0.0,0.0,0.0,0.0,58.8,55,11,65508,27,65476,0,300,0,0,8,20529,65476,0,0,30147,60.0,0.0,10.0,10.0,2.0,0.0
2026-02-16T12:00:32,ERR,ERR,ERR,ERR,ERR,ERR,ERR,ERR,ERR,ERR,ERR,ERR,ERR,ERR,ERR,ERR,ERR,ERR,ERR,ERR,ERR,ERR,ERR,ERR,ERR,ERR,ERR,ERR,ERR,ERR,ERR,ERR,ERR,ERR,ERR,ERR,ERR,ERR,ERR,ERR,ERR,ERR,ERR,ERR,ERR,ERR,ERR,ERR,ERR,ERR,ERR,ERR,ERR,ERR,ERR,ERR,ERR,ERR,ERR,ERR,ERR,ERR,ERR,ERR,ERR,ERR,ERR,ERR,ERR,ERR,ERR,ERR,ERR,ERR,ERR,ERR,ERR,ERR,ERR,ERR,ERR,ERR,ERR,ERR,ERR,ERR,ERR,ERR,ERR,ERR,ERR,ERR,ERR,ERR,ERR,ERR,ERR,ERR,ERR,ERR,ERR,ERR,ERR,ERR,ERR,ERR,ERR,ERR,ERR,ERR,ERR,ERR,ERR,ERR,ERR,ERR,ERR,ERR,ERR,ERR,ERR,ERR,ERR,ERR,ERR,-107615888.0,-0.0,-108138560.0,-0.0,-0.0,-0.0,-5448.868,2.2685294665676236e+29,4300,0,8,17171,4300,-0.0,40,0.0,0.0,-0.0,0.0,-0.0,0,0,0,0,0.0,0,0,0,0,0,0,0,0,0,0,0,0,0,0,0,0,0,0,0,0,0,0,0,0,0,0,0,0,0,0,0,0,0,12,35,35,47,65476,394,65476,1,0,4,21553,0.0,-0.0,0.001,0.0,0.0,0.0,0.0,0.0,0.0,0.0,0.0,0.0,0.0,0.0,0.0,0.0,0.0,0.0,0.0,0.0,0.0,2.004,-2.004,-0.0,-2.004,-3.69707618246192e+19,0.0,0.0,0.0,0.0,6468.0,2.423001163129585e+24,0.0,-107615888.0,-0.0,2.718449836706452e+23,107616272.0,0.0,0.0,2.004,2.004,223,-152017263656960.0,-0.0,0.0,0.0,0.0,0.0,0.0,0.0,0.0,0,0,0,0.0,-6159238955008.0,-0.0,-1.0854744736204027e+32,-0.0,-2.7469209827499888e+20,947296.875,-0.0,0.0,-2.874901643080499e+16,-0.0,102.637,0.0,0.0,0.0,-0.0,0,1.3516416376850534e+27,223,0.0,446,0.0,4.689388604382247e+24,2114,26215,17110,26215,17112,13107,17095,0,0,0,101,100,100,2.730232694483534e+23,63.1,2.730233054771504e+23,63.5,0.0,63.5,1,49,50,180,26215,26215,0,0,0.0,0.0,0.0,60.0,-3.3129249022677297e+30,70.5,0.0,-9680803840.0,0.0,1072,0,1072,0,0,0,1072,0,1082,0,997,0,635,0,637,0,631,0,675,0.032,4.039836952142392e+21,-2.004,0.0,15888,16813,-1.9816722557613335e+34,-9680803840.0,0.0,6.56464576499007e+26,-9.567746231516327e+24,-0.0,50.0,60.0,35,0.0,0.0,10.0,2.0,0.0,0.0,0.0,0.0,0.0,0.0,0.0,0.0,0.0,0.0,0.0,0.0,58.8,55,11,65508,27,65476,0,300,0,0,8,20529,65476,0,0,30147,60.0,0.0,10.0,10.0,2.0,0.0
2026-02-16T12:00:33,ERR,ERR,ERR,ERR,ERR,ERR,ERR,ERR,ERR,ERR,ERR,ERR,ERR,ERR,ERR,ERR,ERR,ERR,ERR,ERR,ERR,ERR,ERR,ERR,ERR,ERR,ERR,ERR,ERR,ERR,ERR,ERR,ERR,ERR,ERR,ERR,ERR,ERR,ERR,ERR,ERR,ERR,ERR,ERR,ERR,ERR,ERR,ERR,ERR,ERR,ERR,ERR,ERR,ERR,ERR,ERR,ERR,ERR,ERR,ERR,ERR,ERR,ERR,ERR,ERR,ERR,ERR,ERR,ERR,ERR,ERR,ERR,ERR,ERR,ERR,ERR,ERR,ERR,ERR,ERR,ERR,ERR,ERR,ERR,ERR,ERR,ERR,ERR,ERR,ERR,ERR,ERR,ERR,ERR,ERR,ERR,ERR,ERR,ERR,ERR,ERR,ERR,ERR,ERR,ERR,ERR,ERR,ERR,ERR,ERR,ERR,ERR,ERR,ERR,ERR,ERR,ERR,ERR,ERR,ERR,ERR,ERR,ERR,ERR,ERR,-107615888.0,-0.0,-108138560.0,-0.0,-0.0,-0.0,-5448.868,2.2685294665676236e+29,4300,0,8,17171,4300,-0.0,40,0.0,0.0,-0.0,0.0,-0.0,0,0,0,0,0.0,0,0,0,0,0,0,0,0,0,0,0,0,0,0,0,0,0,0,0,0,0,0,0,0,0,0,0,0,0,0,0,0,0,12,35,35,47,65476,394,65476,1,0,4,21553,0.0,-0.0,0.001,0.0,0.0,0.0,0.0,0.0,0.0,0.0,0.0,0.0,0.0,0.0,0.0,0.0,0.0,0.0,0.0,0.0,0.0,2.004,-2.004,-0.0,-2.004,-3.69707618246192e+19,0.0,0.0,0.0,0.0,6468.0,2.423001163129585e+24,0.0,-107615888.0,-0.0,2.718449836706452e+23,107616272.0,0.0,0.0,2.004,2.004,223,-152017263656960.0,-0.0,0.0,0.0,0.0,0.0,0.0,0.0,0.0,0,0,0,0.0,-6159238955008.0,-0.0,-1.0854744736204027e+32,-0.0,-2.7469209827499888e+20,947296.875,-0.0,0.0,-2.874901643080499e+16,-0.0,102.637,0.0,0.0,0.0,-0.0,0,1.3516416376850534e+27,223,0.0,446,0.0,4.689388604382247e+24,2114,26215,17110,26215,17112,13107,17095,0,0,0,101,100,100,2.730232694483534e+23,63.1,2.730233054771504e+23,63.5,0.0,63.5,1,49,50,180,26215,26215,0,0,0.0,0.0,0.0,60.0,-4.299543589101528e+25,70.5,0.0,4.004694432302885e+35,0.0,1071,0,1072,0,0,0,1072,0,1082,0,997,0,635,0,637,0,631,0,675,0.032,4.039836952142392e+21,-2.004,0.0,8848,16813,-4.299543589101528e+25,4.004694432302885e+35,-0.0,1.0635776548058311e+33,8.331640207002787e+29,1.0279471647031296e+18,50.0,60.0,35,0.0,0.0,10.0,2.0,0.0,0.0,0.0,0.0,0.0,0.0,0.0,0.0,0.0,0.0,0.0,0.0,58.8,55,11,65508,27,65476,0,300,0,0,8,20529,65476,0,0,30147,60.0,0.0,10.0,10.0,2.0,0.0
2026-02-16T12:00:34,ERR,ERR,ERR,ERR,ERR,ERR,ERR,ERR,ERR,ERR,ERR,ERR,ERR,ERR,ERR,ERR,ERR,ERR,ERR,ERR,ERR,ERR,ERR,ERR,ERR,ERR,ERR,ERR,ERR,ERR,ERR,ERR,ERR,ERR,ERR,ERR,ERR,ERR,ERR,ERR,ERR,ERR,ERR,ERR,ERR,ERR,ERR,ERR,ERR,ERR,ERR,ERR,ERR,ERR,ERR,ERR,ERR,ERR,ERR,ERR,ERR,ERR,ERR,ERR,ERR,ERR,ERR,ERR,ERR,ERR,ERR,ERR,ERR,ERR,ERR,ERR,ERR,ERR,ERR,ERR,ERR,ERR,ERR,ERR,ERR,ERR,ERR,ERR,ERR,ERR,ERR,ERR,ERR,ERR,ERR,ERR,ERR,ERR,ERR,ERR,ERR,ERR,ERR,ERR,ERR,ERR,ERR,ERR,ERR,ERR,ERR,ERR,ERR,ERR,ERR,ERR,ERR,ERR,ERR,ERR,ERR,ERR,ERR,ERR,ERR,-107615888.0,-0.0,-108138560.0,-0.0,-0.0,-0.0,-5448.868,2.2685294665676236e+29,4300,0,8,17171,4300,-0.0,40,0.0,0.0,-0.0,0.0,-0.0,0,0,0,0,0.0,0,0,0,0,0,0,0,0,0,0,0,0,0,0,0,0,0,0,0,0,0,0,0,0,0,0,0,0,0,0,0,0,0,12,35,35,47,65476,394,65476,1,0,4,21553,0.0,-0.0,0.001,0.0,0.0,0.0,0.0,0.0,0.0,0.0,0.0,0.0,0.0,0.0,0.0,0.0,0.0,0.0,0.0,0.0,0.0,2.004,-2.004,-0.0,-2.004,-3.69707618246192e+19,0.0,0.0,0.0,0.0,6468.0,2.423001163129585e+24,0.0,-107615888.0,-0.0,2.718449836706452e+23,107616272.0,0.0,0.0,2.004,2.004,223,-152017263656960.0,-0.0,0.0,0.0,0.0,0.0,0.0,0.0,0.0,0,0,0,0.0,-6159238955008.0,-0.0,-1.0854744736204027e+32,-0.0,-2.7469209827499888e+20,947296.875,-0.0,0.0,-2.874901643080499e+16,-0.0,102.637,0.0,0.0,0.0,-0.0,0,1.3516416376850534e+27,223,0.0,446,0.0,4.689388604382247e+24,2114,26215,17110,26215,17112,13107,17095,0,0,0,101,100,100,2.730232694483534e+23,63.1,2.730233054771504e+23,63.5,0.0,63.5,1,49,50,180,26215,26215,0,0,0.0,0.0,0.0,60.0,-4.299543589101528e+25,70.5,0.0,4.004694432302885e+35,0.0,1071,0,1072,0,0,0,1072,0,1082,0,997,0,635,0,637,0,631,0,675,0.032,4.039836952142392e+21,-2.004,0.0,8848,16813,-4.299543589101528e+25,4.004694432302885e+35,-0.0,1.0635776548058311e+33,8.331640207002787e+29,1.0279471647031296e+18,50.0,60.0,35,0.0,0.0,10.0,2.0,0.0,0.0,0.0,0.0,0.0,0.0,0.0,0.0,0.0,0.0,0.0,0.0,58.8,55,11,65508,27,65476,0,300,0,0,8,20529,65476,0,0,30147,60.0,0.0,10.0,10.0,2.0,0.0
2026-02-16T12:00:35,ERR,ERR,ERR,ERR,ERR,ERR,ERR,ERR,ERR,ERR,ERR,ERR,ERR,ERR,ERR,ERR,ERR,ERR,ERR,ERR,ERR,ERR,ERR,ERR,ERR,ERR,ERR,ERR,ERR,ERR,ERR,ERR,ERR,ERR,ERR,ERR,ERR,ERR,ERR,ERR,ERR,ERR,ERR,ERR,ERR,ERR,ERR,ERR,ERR,ERR,ERR,ERR,ERR,ERR,ERR,ERR,ERR,ERR,ERR,ERR,ERR,ERR,ERR,ERR,ERR,ERR,ERR,ERR,ERR,ERR,ERR,ERR,ERR,ERR,ERR,ERR,ERR,ERR,ERR,ERR,ERR,ERR,ERR,ERR,ERR,ERR,ERR,ERR,ERR,ERR,ERR,ERR,ERR,ERR,ERR,ERR,ERR,ERR,ERR,ERR,ERR,ERR,ERR,ERR,ERR,ERR,ERR,ERR,ERR,ERR,ERR,ERR,ERR,ERR,ERR,ERR,ERR,ERR,ERR,ERR,ERR,ERR,ERR,ERR,ERR,-107615888.0,-0.0,-108138560.0,-0.0,-0.0,-0.0,-5448.868,2.2685294665676236e+29,4300,0,8,17171,4300,-0.0,40,0.0,0.0,-0.0,0.0,-0.0,0,0,0,0,0.0,0,0,0,0,0,0,0,0,0,0,0,0,0,0,0,0,0,0,0,0,0,0,0,0,0,0,0,0,0,0,0,0,0,12,35,35,47,65476,394,65476,1,0,4,21553,0.0,-0.0,0.001,0.0,0.0,0.0,0.0,0.0,0.0,0.0,0.0,0.0,0.0,0.0,0.0,0.0,0.0,0.0,0.0,0.0,0.0,2.004,-2.004,-0.0,-2.004,-3.69707618246192e+19,0.0,0.0,0.0,0.0,6468.0,2.423001163129585e+24,0.0,-107615888.0,-0.0,2.718449836706452e+23,107616272.0,0.0,0.0,2.004,2.004,223,-152017263656960.0,-0.0,0.0,0.0,0.0,0.0,0.0,0.0,0.0,0,0,0,0.0,-6159238955008.0,-0.0,-1.0854744736204027e+32,-0.0,-2.7469209827499888e+20,947296.875,-0.0,0.0,-2.874901643080499e+16,-0.0,102.637,0.0,0.0,0.0,-0.0,0,1.3516416376850534e+27,223,0.0,446,0.0,4.689388604382247e+24,2114,26215,17110,26215,17112,13107,17095,0,0,0,101,100,100,2.730232694483534e+23,63.1,2.730233054771504e+23,63.5,0.0,63.5,1,49,50,180,26215,26215,0,0,0.0,0.0,0.0,60.0,-4.299543589101528e+25,70.5,0.0,4.004694432302885e+35,0.0,1071,0,1072,0,0,0,1072,0,1082,0,997,0,635,0,637,0,631,0,675,0.032,4.039836952142392e+21,-2.004,0.0,8848,16813,-4.299543589101528e+25,4.004694432302885e+35,-0.0,1.0635776548058311e+33,8.331640207002787e+29,1.0279471647031296e+18,50.0,60.0,35,0.0,0.0,10.0,2.0,0.0,0.0,0.0,0.0,0.0,0.0,0.0,0.0,0.0,0.0,0.0,0.0,58.8,55,11,65508,27,65476,0,300,0,0,8,20529,65476,0,0,30147,60.0,0.0,10.0,10.0,2.0,0.0
2026-02-16T12:00:36,ERR,ERR,ERR,ERR,ERR,ERR,ERR,ERR,ERR,ERR,ERR,ERR,ERR,ERR,ERR,ERR,ERR,ERR,ERR,ERR,ERR,ERR,ERR,ERR,ERR,ERR,ERR,ERR,ERR,ERR,ERR,ERR,ERR,ERR,ERR,ERR,ERR,ERR,ERR,ERR,ERR,ERR,ERR,ERR,ERR,ERR,ERR,ERR,ERR,ERR,ERR,ERR,ERR,ERR,ERR,ERR,ERR,ERR,ERR,ERR,ERR,ERR,ERR,ERR,ERR,ERR,ERR,ERR,ERR,ERR,ERR,ERR,ERR,ERR,ERR,ERR,ERR,ERR,ERR,ERR,ERR,ERR,ERR,ERR,ERR,ERR,ERR,ERR,ERR,ERR,ERR,ERR,ERR,ERR,ERR,ERR,ERR,ERR,ERR,ERR,ERR,ERR,ERR,ERR,ERR,ERR,ERR,ERR,ERR,ERR,ERR,ERR,ERR,ERR,ERR,ERR,ERR,ERR,ERR,ERR,ERR,ERR,ERR,ERR,ERR,-107615888.0,-0.0,-108138560.0,-0.0,-0.0,-0.0,-5448.868,2.2685294665676236e+29,4300,0,8,17171,4300,-0.0,40,0.0,0.0,-0.0,0.0,-0.0,0,0,0,0,0.0,0,0,0,0,0,0,0,0,0,0,0,0,0,0,0,0,0,0,0,0,0,0,0,0,0,0,0,0,0,0,0,0,0,12,35,35,47,65476,394,65476,1,0,4,21553,0.0,-0.0,0.001,0.0,0.0,0.0,0.0,0.0,0.0,0.0,0.0,0.0,0.0,0.0,0.0,0.0,0.0,0.0,0.0,0.0,0.0,2.004,-2.004,-0.0,-2.004,-3.69707618246192e+19,0.0,0.0,0.0,0.0,6468.0,2.423001163129585e+24,0.0,-107615888.0,-0.0,2.718449836706452e+23,107616272.0,0.0,0.0,2.004,2.004,223,-152017263656960.0,-0.0,0.0,0.0,0.0,0.0,0.0,0.0,0.0,0,0,0,0.0,-6159238955008.0,-0.0,-1.0854744736204027e+32,-0.0,-2.7469209827499888e+20,947296.875,-0.0,0.0,-2.874901643080499e+16,-0.0,102.637,0.0,0.0,0.0,-0.0,0,1.3516416376850534e+27,223,0.0,446,0.0,4.689388604382247e+24,2114,26215,17110,26215,17112,26215,17095,0,0,0,101,100,100,2.730232694483534e+23,63.2,-107615216.0,63.5,0.0,63.5,1,49,50,180,26215,26215,0,0,0.0,0.0,0.0,60.0,-1.5787000809527378e+31,70.5,0.0,3268559765504.0,0.0,1071,0,1072,0,0,0,1072,0,1082,0,996,0,635,0,637,0,631,0,675,0.032,4.1320706725109396e+21,-2.004,0.0,4240,16813,-6.810028897169283e+24,2.443692449126903e+35,-0.0,-0.0,1.395159720564223e+27,9376643751608320.0,50.0,60.0,35,0.0,0.0,10.0,2.0,0.0,0.0,0.0,0.0,0.0,0.0,0.0,0.0,0.0,0.0,0.0,0.0,58.8,55,11,65508,27,65476,0,300,0,0,8,20529,65476,0,0,30147,60.0,0.0,10.0,10.0,2.0,0.0
2026-02-16T12:00:37,ERR,ERR,ERR,ERR,ERR,ERR,ERR,ERR,ERR,ERR,ERR,ERR,ERR,ERR,ERR,ERR,ERR,ERR,ERR,ERR,ERR,ERR,ERR,ERR,ERR,ERR,ERR,ERR,ERR,ERR,ERR,ERR,ERR,ERR,ERR,ERR,ERR,ERR,ERR,ERR,ERR,ERR,ERR,ERR,ERR,ERR,ERR,ERR,ERR,ERR,ERR,ERR,ERR,ERR,ERR,ERR,ERR,ERR,ERR,ERR,ERR,ERR,ERR,ERR,ERR,ERR,ERR,ERR,ERR,ERR,ERR,ERR,ERR,ERR,ERR,ERR,ERR,ERR,ERR,ERR,ERR,ERR,ERR,ERR,ERR,ERR,ERR,ERR,ERR,ERR,ERR,ERR,ERR,ERR,ERR,ERR,ERR,ERR,ERR,ERR,ERR,ERR,ERR,ERR,ERR,ERR,ERR,ERR,ERR,ERR,ERR,ERR,ERR,ERR,ERR,ERR,ERR,ERR,ERR,ERR,ERR,ERR,ERR,ERR,ERR,-107615888.0,-0.0,-108138560.0,-0.0,-0.0,0.0,7.721368589971097e+32,0.0,4300,0,8,17171,4300,-0.0,39,0.0,0.0,-0.0,0.0,-0.0,0,0,0,0,0.0,0,0,0,0,0,0,0,0,0,0,0,0,0,0,0,0,0,0,0,0,0,0,0,0,0,0,0,0,0,0,0,0,0,12,35,35,47,65476,397,65476,1,0,4,21553,0.0,-0.0,0.0,0.0,0.0,0.0,0.0,0.0,0.0,0.0,0.0,0.0,0.0,0.0,0.0,0.0,0.0,0.0,0.0,0.0,0.0,2.004,-2.004,-0.0,-0.0,0.0,0.0,0.0,0.0,0.0,6467.0,-1.5879380422686047e+29,0.0,-107615888.0,-0.0,0.0,2.7184509175703625e+23,0.0,0.0,2.004,2.004,222,-2.30882787541985e+20,-4.066875192005716e+29,0.0,0.0,0.0,0.0,0.0,0.0,0.0,0,0,0,0.0,-0.0,-0.0,2347134.25,-0.0,-0.0,-0.0,0.0,-0.0,-3.043786629106893e+16,-0.0,108.637,0.0,0.0,0.0,-0.0,0,1.3516416376850534e+27,222,0.0,448,0.0,4.689388604382247e+24,2114,26215,17110,26215,17112,26215,17095,0,0,0,101,100,100,2.730232694483534e+23,63.2,-107615216.0,63.5,0.0,63.5,1,49,50,180,26215,26215,0,0,0.0,0.0,0.0,60.0,-1.5787000809527378e+31,70.5,0.0,3268559765504.0,0.0,1071,0,1072,0,0,0,1072,0,1082,0,996,0,635,0,637,0,631,0,675,0.032,4.1320706725109396e+21,-2.004,0.0,4240,16813,-6.810028897169283e+24,2.443692449126903e+35,-0.0,-0.0,1.395159720564223e+27,9376643751608320.0,50.0,60.0,35,0.0,0.0,10.0,2.0,0.0,0.0,0.0,0.0,0.0,0.0,0.0,0.0,0.0,0.0,0.0,0.0,58.8,55,11,65508,27,65476,0,300,0,0,8,20529,65476,0,0,30147,60.0,0.0,10.0,10.0,2.0,0.0
2026-02-16T12:00:38,ERR,ERR,ERR,ERR,ERR,ERR,ERR,ERR,ERR,ERR,ERR,ERR,ERR,ERR,ERR,ERR,ERR,ERR,ERR,ERR,ERR,ERR,ERR,ERR,ERR,ERR,ERR,ERR,ERR,ERR,ERR,ERR,ERR,ERR,ERR,ERR,ERR,ERR,ERR,ERR,ERR,ERR,ERR,ERR,ERR,ERR,ERR,ERR,ERR,ERR,ERR,ERR,ERR,ERR,ERR,ERR,ERR,ERR,ERR,ERR,ERR,ERR,ERR,ERR,ERR,ERR,ERR,ERR,ERR,ERR,ERR,ERR,ERR,ERR,ERR,ERR,ERR,ERR,ERR,ERR,ERR,ERR,ERR,ERR,ERR,ERR,ERR,ERR,ERR,ERR,ERR,ERR,ERR,ERR,ERR,ERR,ERR,ERR,ERR,ERR,ERR,ERR,ERR,ERR,ERR,ERR,ERR,ERR,ERR,ERR,ERR,ERR,ERR,ERR,ERR,ERR,ERR,ERR,ERR,ERR,ERR,ERR,ERR,ERR,ERR,-107615888.0,-0.0,-108138560.0,-0.0,-0.0,0.0,7.721368589971097e+32,0.0,4300,0,8,17171,4300,-0.0,39,0.0,0.0,-0.0,0.0,-0.0,0,0,0,0,0.0,0,0,0,0,0,0,0,0,0,0,0,0,0,0,0,0,0,0,0,0,0,0,0,0,0,0,0,0,0,0,0,0,0,12,35,35,47,65476,397,65476,1,0,4,21553,0.0,-0.0,0.0,0.0,0.0,0.0,0.0,0.0,0.0,0.0,0.0,0.0,0.0,0.0,0.0,0.0,0.0,0.0,0.0,0.0,0.0,2.004,-2.004,-0.0,-0.0,0.0,0.0,0.0,0.0,0.0,6467.0,-1.5879380422686047e+29,0.0,-107615888.0,-0.0,0.0,2.7184509175703625e+23,0.0,0.0,2.004,2.004,222,-2.30882787541985e+20,-4.066875192005716e+29,0.0,0.0,0.0,0.0,0.0,0.0,0.0,0,0,0,0.0,-0.0,-0.0,2347134.25,-0.0,-0.0,-0.0,0.0,-0.0,-3.043786629106893e+16,-0.0,108.637,0.0,0.0,0.0,-0.0,0,1.3516416376850534e+27,222,0.0,448,0.0,4.689388604382247e+24,2114,26215,17110,26215,17112,26215,17095,0,0,0,101,100,100,2.730232694483534e+23,63.2,-107615216.0,63.5,0.0,63.5,1,49,50,180,26215,26215,0,0,0.0,0.0,0.0,60.0,-1.5787000809527378e+31,70.5,0.0,3268559765504.0,0.0,1071,0,1072,0,0,0,1072,0,1082,0,996,0,635,0,637,0,631,0,675,0.032,4.1320706725109396e+21,-2.004,0.0,4240,16813,-6.810028897169283e+24,2.443692449126903e+35,-0.0,-0.0,1.395159720564223e+27,9376643751608320.0,50.0,60.0,35,0.0,0.0,10.0,2.0,0.0,0.0,0.0,0.0,0.0,0.0,0.0,0.0,0.0,0.0,0.0,0.0,58.8,55,11,65508,27,65476,0,300,0,0,8,20529,65476,0,0,30147,60.0,0.0,10.0,10.0,2.0,0.0
2026-02-16T12:00:39,ERR,ERR,ERR,ERR,ERR,ERR,ERR,ERR,ERR,ERR,ERR,ERR,ERR,ERR,ERR,ERR,ERR,ERR,ERR,ERR,ERR,ERR,ERR,ERR,ERR,ERR,ERR,ERR,ERR,ERR,ERR,ERR,ERR,ERR,ERR,ERR,ERR,ERR,ERR,ERR,ERR,ERR,ERR,ERR,ERR,ERR,ERR,ERR,ERR,ERR,ERR,ERR,ERR,ERR,ERR,ERR,ERR,ERR,ERR,ERR,ERR,ERR,ERR,ERR,ERR,ERR,ERR,ERR,ERR,ERR,ERR,ERR,ERR,ERR,ERR,ERR,ERR,ERR,ERR,ERR,ERR,ERR,ERR,ERR,ERR,ERR,ERR,ERR,ERR,ERR,ERR,ERR,ERR,ERR,ERR,ERR,ERR,ERR,ERR,ERR,ERR,ERR,ERR,ERR,ERR,ERR,ERR,ERR,ERR,ERR,ERR,ERR,ERR,ERR,ERR,ERR,ERR,ERR,ERR,ERR,ERR,ERR,ERR,ERR,ERR,-107615888.0,-0.0,-108138560.0,-0.0,-0.0,0.0,7.721368589971097e+32,0.0,4300,0,8,17171,4300,-0.0,39,0.0,0.0,-0.0,0.0,-0.0,0,0,0,0,0.0,0,0,0,0,0,0,0,0,0,0,0,0,0,0,0,0,0,0,0,0,0,0,0,0,0,0,0,0,0,0,0,0,0,12,35,35,47,65476,397,65476,1,0,4,21553,0.0,-0.0,0.0,0.0,0.0,0.0,0.0,0.0,0.0,0.0,0.0,0.0,0.0,0.0,0.0,0.0,0.0,0.0,0.0,0.0,0.0,2.004,-2.004,-0.0,-0.0,0.0,0.0,0.0,0.0,0.0,6467.0,-1.5879380422686047e+29,0.0,-107615888.0,-0.0,0.0,2.7184509175703625e+23,0.0,0.0,2.004,2.004,222,-2.30882787541985e+20,-4.066875192005716e+29,0.0,0.0,0.0,0.0,0.0,0.0,0.0,0,0,0,0.0,-0.0,-0.0,2347134.25,-0.0,-0.0,-0.0,0.0,-0.0,-3.043786629106893e+16,-0.0,108.637,0.0,0.0,0.0,-0.0,0,1.3516416376850534e+27,222,0.0,448,0.0,4.689388604382247e+24,2114,26215,17110,26215,17112,26215,17095,0,0,0,101,100,100,2.730232694483534e+23,63.2,-107615216.0,63.5,0.0,63.5,1,49,50,180,26215,26215,0,0,0.0,0.0,0.0,60.0,-1.5787000809527378e+31,70.5,0.0,3268559765504.0,0.0,1071,0,1072,0,0,0,1072,0,1082,0,996,0,635,0,637,0,631,0,675,0.032,4.1320706725109396e+21,-2.004,0.0,4240,16813,-6.810028897169283e+24,2.443692449126903e+35,-0.0,-0.0,1.395159720564223e+27,9376643751608320.0,50.0,60.0,35,0.0,0.0,10.0,2.0,0.0,0.0,0.0,0.0,0.0,0.0,0.0,0.0,0.0,0.0,0.0,0.0,58.8,55,11,65508,27,65476,0,300,0,0,8,20529,65476,0,0,30147,60.0,0.0,10.0,10.0,2.0,0.0
2026-02-16T12:00:40,ERR,ERR,ERR,ERR,ERR,ERR,ERR,ERR,ERR,ERR,ERR,ERR,ERR,ERR,ERR,ERR,ERR,ERR,ERR,ERR,ERR,ERR,ERR,ERR,ERR,ERR,ERR,ERR,ERR,ERR,ERR,ERR,ERR,ERR,ERR,ERR,ERR,ERR,ERR,ERR,ERR,ERR,ERR,ERR,ERR,ERR,ERR,ERR,ERR,ERR,ERR,ERR,ERR,ERR,ERR,ERR,ERR,ERR,ERR,ERR,ERR,ERR,ERR,ERR,ERR,ERR,ERR,ERR,ERR,ERR,ERR,ERR,ERR,ERR,ERR,ERR,ERR,ERR,ERR,ERR,ERR,ERR,ERR,ERR,ERR,ERR,ERR,ERR,ERR,ERR,ERR,ERR,ERR,ERR,ERR,ERR,ERR,ERR,ERR,ERR,ERR,ERR,ERR,ERR,ERR,ERR,ERR,ERR,ERR,ERR,ERR,ERR,ERR,ERR,ERR,ERR,ERR,ERR,ERR,ERR,ERR,ERR,ERR,ERR,ERR,-107615888.0,-0.0,-108138560.0,-0.0,-0.0,0.0,7.721368589971097e+32,0.0,4300,0,8,17171,4300,-0.0,39,0.0,0.0,-0.0,0.0,-0.0,0,0,0,0,0.0,0,0,0,0,0,0,0,0,0,0,0,0,0,0,0,0,0,0,0,0,0,0,0,0,0,0,0,0,0,0,0,0,0,12,35,35,47,65476,397,65476,1,0,4,21553,0.0,-0.0,0.0,0.0,0.0,0.0,0.0,0.0,0.0,0.0,0.0,0.0,0.0,0.0,0.0,0.0,0.0,0.0,0.0,0.0,0.0,2.004,-2.004,-0.0,-0.0,0.0,0.0,0.0,0.0,0.0,6467.0,-1.5879380422686047e+29,0.0,-107615888.0,-0.0,0.0,2.7184509175703625e+23,0.0,0.0,2.004,2.004,222,-2.30882787541985e+20,-4.066875192005716e+29,0.0,0.0,0.0,0.0,0.0,0.0,0.0,0,0,0,0.0,-0.0,-0.0,2347134.25,-0.0,-0.0,-0.0,0.0,-0.0,-3.043786629106893e+16,-0.0,108.637,0.0,0.0,0.0,-0.0,0,1.3516416376850534e+27,222,0.0,448,0.0,4.689388604382247e+24,2114,26215,17110,26215,17112,26215,17095,0,0,0,101,100,100,2.730232694483534e+23,63.1,2.730233054771504e+23,63.5,0.0,63.5,1,49,50,180,13107,26215,0,0,0.0,0.0,0.0,60.0,-9.520252294954705e+29,70.5,0.0,1548380536832.0,0.0,1071,0,1072,0,0,0,1072,0,1082,0,997,0,635,0,637,0,631,0,675,0.032,4.316538113248035e+21,-2.004,0.0,28304,16813,-3.6264656811691134e+37,nan,-1.319956778097245e+29,-1.2840876123009896e+20,-0.0,-0.0,50.0,60.0,35,0.0,0.0,10.0,2.0,0.0,0.0,0.0,0.0,0.0,0.0,0.0,0.0,0.0,0.0,0.0,0.0,58.8,54,11,65508,27,65476,0,300,0,0,8,20529,65476,0,0,30147,60.0,0.0,10.0,10.0,2.0,0.0
2026-02-16T12:00:41,ERR,ERR,ERR,ERR,ERR,ERR,ERR,ERR,ERR,ERR,ERR,ERR,ERR,ERR,ERR,ERR,ERR,ERR,ERR,ERR,ERR,ERR,ERR,ERR,ERR,ERR,ERR,ERR,ERR,ERR,ERR,ERR,ERR,ERR,ERR,ERR,ERR,ERR,ERR,ERR,ERR,ERR,ERR,ERR,ERR,ERR,ERR,ERR,ERR,ERR,ERR,ERR,ERR,ERR,ERR,ERR,ERR,ERR,ERR,ERR,ERR,ERR,ERR,ERR,ERR,ERR,ERR,ERR,ERR,ERR,ERR,ERR,ERR,ERR,ERR,ERR,ERR,ERR,ERR,ERR,ERR,ERR,ERR,ERR,ERR,ERR,ERR,ERR,ERR,ERR,ERR,ERR,ERR,ERR,ERR,ERR,ERR,ERR,ERR,ERR,ERR,ERR,ERR,ERR,ERR,ERR,ERR,ERR,ERR,ERR,ERR,ERR,ERR,ERR,ERR,ERR,ERR,ERR,ERR,ERR,ERR,ERR,ERR,ERR,ERR,-107615888.0,-0.0,-108138560.0,-0.0,-0.0,2409548480512.0,-549999.188,-2587891200.0,4300,0,8,17171,4300,-0.0,39,0.0,0.0,-0.0,0.0,-4.925046184806267e+32,0,0,0,0,0.0,0,0,0,0,0,0,0,0,0,0,0,0,0,0,0,0,0,0,0,0,0,0,0,0,0,0,0,0,0,0,0,0,0,12,35,35,47,65476,398,65476,1,0,4,21553,0.0,0.0,-0.0,0.0,0.0,0.0,0.0,0.0,0.0,0.0,0.0,0.0,0.0,0.0,0.0,0.0,0.0,0.0,0.0,0.0,0.0,2.004,-2.004,-0.0,-2.004,0.0,0.0,0.0,0.0,0.0,6498.0,131351.172,0.0,-107615888.0,-0.0,0.0,-0.0,0.0,0.0,2.004,2.004,223,-71.629,0.0,0.0,0.0,0.0,0.0,0.0,0.0,0.0,0,0,0,-9.34059369712886e+33,0.055,6.222894768279418e+37,7.667000398892251e+34,-0.0,-61409180.0,-0.0,-0.012,-0.0,-3.2126716151332864e+16,-0.0,114.637,0.0,0.0,0.0,-0.0,0,1.3516416376850534e+27,223,0.0,446,0.0,4.689388604382247e+24,2114,26215,17110,26215,17112,26215,17095,0,0,0,101,100,100,2.730232694483534e+23,63.1,2.730233054771504e+23,63.5,0.0,63.5,1,49,50,180,13107,26215,0,0,0.0,0.0,0.0,60.0,-9.520252294954705e+29,70.5,0.0,1548380536832.0,0.0,1071,0,1072,0,0,0,1072,0,1082,0,997,0,635,0,637,0,631,0,675,0.032,4.316538113248035e+21,-2.004,0.0,28304,16813,-3.6264656811691134e+37,nan,-1.319956778097245e+29,-1.2840876123009896e+20,-0.0,-0.0,50.0,60.0,35,0.0,0.0,10.0,2.0,0.0,0.0,0.0,0.0,0.0,0.0,0.0,0.0,0.0,0.0,0.0,0.0,58.8,54,11,65508,27,65476,0,300,0,0,8,20529,65476,0,0,30147,60.0,0.0,10.0,10.0,2.0,0.0
2026-02-16T12:00:42,ERR,ERR,ERR,ERR,ERR,ERR,ERR,ERR,ERR,ERR,ERR,ERR,ERR,ERR,ERR,ERR,ERR,ERR,ERR,ERR,ERR,ERR,ERR,ERR,ERR,ERR,ERR,ERR,ERR,ERR,ERR,ERR,ERR,ERR,ERR,ERR,ERR,ERR,ERR,ERR,ERR,ERR,ERR,ERR,ERR,ERR,ERR,ERR,ERR,ERR,ERR,ERR,ERR,ERR,ERR,ERR,ERR,ERR,ERR,ERR,ERR,ERR,ERR,ERR,ERR,ERR,ERR,ERR,ERR,ERR,ERR,ERR,ERR,ERR,ERR,ERR,ERR,ERR,ERR,ERR,ERR,ERR,ERR,ERR,ERR,ERR,ERR,ERR,ERR,ERR,ERR,ERR,ERR,ERR,ERR,ERR,ERR,ERR,ERR,ERR,ERR,ERR,ERR,ERR,ERR,ERR,ERR,ERR,ERR,ERR,ERR,ERR,ERR,ERR,ERR,ERR,ERR,ERR,ERR,ERR,ERR,ERR,ERR,ERR,ERR,-107615888.0,-0.0,-108138560.0,-0.0,-0.0,2409548480512.0,-549999.188,-2587891200.0,4300,0,8,17171,4300,-0.0,39,0.0,0.0,-0.0,0.0,-4.925046184806267e+32,0,0,0,0,0.0,0,0,0,0,0,0,0,0,0,0,0,0,0,0,0,0,0,0,0,0,0,0,0,0,0,0,0,0,0,0,0,0,0,12,35,35,47,65476,398,65476,1,0,4,21553,0.0,0.0,-0.0,0.0,0.0,0.0,0.0,0.0,0.0,0.0,0.0,0.0,0.0,0.0,0.0,0.0,0.0,0.0,0.0,0.0,0.0,2.004,-2.004,-0.0,-2.004,0.0,0.0,0.0,0.0,0.0,6498.0,131351.172,0.0,-107615888.0,-0.0,0.0,-0.0,0.0,0.0,2.004,2.004,223,-71.629,0.0,0.0,0.0,0.0,0.0,0.0,0.0,0.0,0,0,0,-9.34059369712886e+33,0.055,6.222894768279418e+37,7.667000398892251e+34,-0.0,-61409180.0,-0.0,-0.012,-0.0,-3.2126716151332864e+16,-0.0,114.637,0.0,0.0,0.0,-0.0,0,1.3516416376850534e+27,223,0.0,446,0.0,4.689388604382247e+24,2114,26215,17110,26215,17112,26215,17095,0,0,0,101,100,100,2.730232694483534e+23,63.1,2.730233054771504e+23,63.5,0.0,63.5,1,49,50,180,13107,26215,0,0,0.0,0.0,0.0,60.0,-9.520252294954705e+29,70.5,0.0,1548380536832.0,0.0,1071,0,1072,0,0,0,1072,0,1082,0,997,0,635,0,637,0,631,0,675,0.032,4.316538113248035e+21,-2.004,0.0,28304,16813,-3.6264656811691134e+37,nan,-1.319956778097245e+29,-1.2840876123009896e+20,-0.0,-0.0,50.0,60.0,35,0.0,0.0,10.0,2.0,0.0,0.0,0.0,0.0,0.0,0.0,0.0,0.0,0.0,0.0,0.0,0.0,58.8,54,11,65508,27,65476,0,300,0,0,8,20529,65476,0,0,30147,60.0,0.0,10.0,10.0,2.0,0.0
2026-02-16T12:00:43,ERR,ERR,ERR,ERR,ERR,ERR,ERR,ERR,ERR,ERR,ERR,ERR,ERR,ERR,ERR,ERR,ERR,ERR,ERR,ERR,ERR,ERR,ERR,ERR,ERR,ERR,ERR,ERR,ERR,ERR,ERR,ERR,ERR,ERR,ERR,ERR,ERR,ERR,ERR,ERR,ERR,ERR,ERR,ERR,ERR,ERR,ERR,ERR,ERR,ERR,ERR,ERR,ERR,ERR,ERR,ERR,ERR,ERR,ERR,ERR,ERR,ERR,ERR,ERR,ERR,ERR,ERR,ERR,ERR,ERR,ERR,ERR,ERR,ERR,ERR,ERR,ERR,ERR,ERR,ERR,ERR,ERR,ERR,ERR,ERR,ERR,ERR,ERR,ERR,ERR,ERR,ERR,ERR,ERR,ERR,ERR,ERR,ERR,ERR,ERR,ERR,ERR,ERR,ERR,ERR,ERR,ERR,ERR,ERR,ERR,ERR,ERR,ERR,ERR,ERR,ERR,ERR,ERR,ERR,ERR,ERR,ERR,ERR,ERR,ERR,-107615888.0,-0.0,-108138560.0,-0.0,-0.0,2409548480512.0,-549999.188,-2587891200.0,4300,0,8,17171,4300,-0.0,39,0.0,0.0,-0.0,0.0,-4.925046184806267e+32,0,0,0,0,0.0,0,0,0,0,0,0,0,0,0,0,0,0,0,0,0,0,0,0,0,0,0,0,0,0,0,0,0,0,0,0,0,0,0,12,35,35,47,65476,398,65476,1,0,4,21553,0.0,0.0,-0.0,0.0,0.0,0.0,0.0,0.0,0.0,0.0,0.0,0.0,0.0,0.0,0.0,0.0,0.0,0.0,0.0,0.0,0.0,2.004,-2.004,-0.0,-2.004,0.0,0.0,0.0,0.0,0.0,6498.0,131351.172,0.0,-107615888.0,-0.0,0.0,-0.0,0.0,0.0,2.004,2.004,223,-71.629,0.0,0.0,0.0,0.0,0.0,0.0,0.0,0.0,0,0,0,-9.34059369712886e+33,0.055,6.222894768279418e+37,7.667000398892251e+34,-0.0,-61409180.0,-0.0,-0.012,-0.0,-3.2126716151332864e+16,-0.0,114.637,0.0,0.0,0.0,-0.0,0,1.3516416376850534e+27,223,0.0,446,0.0,4.689388604382247e+24,2114,26215,17110,26215,17112,26215,17095,0,0,0,101,100,100,2.730232694483534e+23,63.2,-107615216.0,63.5,0.0,63.5,1,49,50,180,13107,26215,0,0,0.0,0.0,0.0,60.0,-5.327710464777708e+36,70.5,0.0,-0.0,0.0,1071,0,1072,0,0,0,1072,0,1082,0,997,0,635,0,637,0,631,0,675,0.032,4.7039197387959357e+21,-2.004,0.0,21392,16813,-5.327710464777708e+36,-0.0,0.0,-0.0,-872978448384.0,-0.0,50.0,60.0,35,0.0,0.0,10.0,2.0,0.0,0.0,0.0,0.0,0.0,0.0,0.0,0.0,0.0,0.0,0.0,0.0,58.8,54,11,65508,27,65476,0,300,0,0,8,20529,65476,0,0,30147,60.0,0.0,10.0,10.0,2.0,0.0
2026-02-16T12:00:44,ERR,ERR,ERR,ERR,ERR,ERR,ERR,ERR,ERR,ERR,ERR,ERR,ERR,ERR,ERR,ERR,ERR,ERR,ERR,ERR,ERR,ERR,ERR,ERR,ERR,ERR,ERR,ERR,ERR,ERR,ERR,ERR,ERR,ERR,ERR,ERR,ERR,ERR,ERR,ERR,ERR,ERR,ERR,ERR,ERR,ERR,ERR,ERR,ERR,ERR,ERR,ERR,ERR,ERR,ERR,ERR,ERR,ERR,ERR,ERR,ERR,ERR,ERR,ERR,ERR,ERR,ERR,ERR,ERR,ERR,ERR,ERR,ERR,ERR,ERR,ERR,ERR,ERR,ERR,ERR,ERR,ERR,ERR,ERR,ERR,ERR,ERR,ERR,ERR,ERR,ERR,ERR,ERR,ERR,ERR,ERR,ERR,ERR,ERR,ERR,ERR,ERR,ERR,ERR,ERR,ERR,ERR,ERR,ERR,ERR,ERR,ERR,ERR,ERR,ERR,ERR,ERR,ERR,ERR,ERR,ERR,ERR,ERR,ERR,ERR,-107615888.0,-0.0,-108138560.0,-0.0,-0.0,2409548480512.0,-549999.188,-2587891200.0,4300,0,8,17171,4300,-0.0,39,0.0,0.0,-0.0,0.0,-4.925046184806267e+32,0,0,0,0,0.0,0,0,0,0,0,0,0,0,0,0,0,0,0,0,0,0,0,0,0,0,0,0,0,0,0,0,0,0,0,0,0,0,0,12,35,35,47,65476,398,65476,1,0,4,21553,0.0,0.0,-0.0,0.0,0.0,0.0,0.0,0.0,0.0,0.0,0.0,0.0,0.0,0.0,0.0,0.0,0.0,0.0,0.0,0.0,0.0,2.004,-2.004,-0.0,-2.004,0.0,0.0,0.0,0.0,0.0,6498.0,131351.172,0.0,-107615888.0,-0.0,0.0,-0.0,0.0,0.0,2.004,2.004,223,-71.629,0.0,0.0,0.0,0.0,0.0,0.0,0.0,0.0,0,0,0,-9.34059369712886e+33,0.055,6.222894768279418e+37,7.667000398892251e+34,-0.0,-61409180.0,-0.0,-0.012,-0.0,-3.2126716151332864e+16,-0.0,114.637,0.0,0.0,0.0,-0.0,0,1.3516416376850534e+27,223,0.0,446,0.0,4.689388604382247e+24,2114,26215,17110,26215,17112,26215,17095,0,0,0,101,100,100,2.730232694483534e+23,63.2,-107615216.0,63.5,0.0,63.5,1,49,50,180,13107,26215,0,0,0.0,0.0,0.0,60.0,-5.327710464777708e+36,70.5,0.0,-0.0,0.0,1071,0,1072,0,0,0,1072,0,1082,0,997,0,635,0,637,0,631,0,675,0.032,4.7039197387959357e+21,-2.004,0.0,21392,16813,-5.327710464777708e+36,-0.0,0.0,-0.0,-872978448384.0,-0.0,50.0,60.0,35,0.0,0.0,10.0,2.0,0.0,0.0,0.0,0.0,0.0,0.0,0.0,0.0,0.0,0.0,0.0,0.0,58.8,54,11,65508,27,65476,0,300,0,0,8,20529,65476,0,0,30147,60.0,0.0,10.0,10.0,2.0,0.0
2026-02-16T12:00:45,ERR,ERR,ERR,ERR,ERR,ERR,ERR,ERR,ERR,ERR,ERR,ERR,ERR,ERR,ERR,ERR,ERR,ERR,ERR,ERR,ERR,ERR,ERR,ERR,ERR,ERR,ERR,ERR,ERR,ERR,ERR,ERR,ERR,ERR,ERR,ERR,ERR,ERR,ERR,ERR,ERR,ERR,ERR,ERR,ERR,ERR,ERR,ERR,ERR,ERR,ERR,ERR,ERR,ERR,ERR,ERR,ERR,ERR,ERR,ERR,ERR,ERR,ERR,ERR,ERR,ERR,ERR,ERR,ERR,ERR,ERR,ERR,ERR,ERR,ERR,ERR,ERR,ERR,ERR,ERR,ERR,ERR,ERR,ERR,ERR,ERR,ERR,ERR,ERR,ERR,ERR,ERR,ERR,ERR,ERR,ERR,ERR,ERR,ERR,ERR,ERR,ERR,ERR,ERR,ERR,ERR,ERR,ERR,ERR,ERR,ERR,ERR,ERR,ERR,ERR,ERR,ERR,ERR,ERR,ERR,ERR,ERR,ERR,ERR,ERR,-107615888.0,-0.0,-108138560.0,-0.0,-0.0,2409548480512.0,-549999.188,-2587891200.0,4300,0,8,17171,4300,-0.0,39,0.0,0.0,-0.0,0.0,-4.925046184806267e+32,0,0,0,0,0.0,0,0,0,0,0,0,0,0,0,0,0,0,0,0,0,0,0,0,0,0,0,0,0,0,0,0,0,0,0,0,0,0,0,12,35,35,47,65476,398,65476,1,0,4,21553,0.0,0.0,-0.0,0.0,0.0,0.0,0.0,0.0,0.0,0.0,0.0,0.0,0.0,0.0,0.0,0.0,0.0,0.0,0.0,0.0,0.0,2.004,-2.004,-0.0,-2.004,0.0,0.0,0.0,0.0,0.0,6498.0,131351.172,0.0,-107615888.0,-0.0,0.0,-0.0,0.0,0.0,2.004,2.004,223,-71.629,0.0,0.0,0.0,0.0,0.0,0.0,0.0,0.0,0,0,0,-9.34059369712886e+33,0.055,6.222894768279418e+37,7.667000398892251e+34,-0.0,-61409180.0,-0.0,-0.012,-0.0,-3.2126716151332864e+16,-0.0,114.637,0.0,0.0,0.0,-0.0,0,1.3516416376850534e+27,223,0.0,446,0.0,4.689388604382247e+24,2114,26215,17110,26215,17112,26215,17095,0,0,0,101,100,100,2.730232694483534e+23,63.2,-107615216.0,63.5,0.0,63.5,1,49,50,180,13107,26215,0,0,0.0,0.0,0.0,60.0,-5.327710464777708e+36,70.5,0.0,-0.0,0.0,1071,0,1072,0,0,0,1072,0,1082,0,997,0,635,0,637,0,631,0,675,0.032,4.7039197387959357e+21,-2.004,0.0,21392,16813,-5.327710464777708e+36,-0.0,0.0,-0.0,-872978448384.0,-0.0,50.0,60.0,35,0.0,0.0,10.0,2.0,0.0,0.0,0.0,0.0,0.0,0.0,0.0,0.0,0.0,0.0,0.0,0.0,59.2,54,11,65508,27,65476,0,300,0,0,8,20529,65476,0,0,30147,60.0,0.0,10.0,10.0,2.0,0.0
2026-02-16T12:00:46,ERR,ERR,ERR,ERR,ERR,ERR,ERR,ERR,ERR,ERR,ERR,ERR,ERR,ERR,ERR,ERR,ERR,ERR,ERR,ERR,ERR,ERR,ERR,ERR,ERR,ERR,ERR,ERR,ERR,ERR,ERR,ERR,ERR,ERR,ERR,ERR,ERR,ERR,ERR,ERR,ERR,ERR,ERR,ERR,ERR,ERR,ERR,ERR,ERR,ERR,ERR,ERR,ERR,ERR,ERR,ERR,ERR,ERR,ERR,ERR,ERR,ERR,ERR,ERR,ERR,ERR,ERR,ERR,ERR,ERR,ERR,ERR,ERR,ERR,ERR,ERR,ERR,ERR,ERR,ERR,ERR,ERR,ERR,ERR,ERR,ERR,ERR,ERR,ERR,ERR,ERR,ERR,ERR,ERR,ERR,ERR,ERR,ERR,ERR,ERR,ERR,ERR,ERR,ERR,ERR,ERR,ERR,ERR,ERR,ERR,ERR,ERR,ERR,ERR,ERR,ERR,ERR,ERR,ERR,ERR,ERR,ERR,ERR,ERR,ERR,-107615888.0,-0.0,-108138560.0,-0.0,-0.0,8.207998612248986e+17,-889624293539840.0,-5416.011,4300,0,8,17171,4300,-0.0,39,0.0,0.0,-0.0,0.0,-4.925046184806267e+32,0,0,0,0,0.0,0,0,0,0,0,0,0,0,0,0,0,0,0,0,0,0,0,0,0,0,0,0,0,0,0,0,0,0,0,0,0,0,0,12,35,35,47,65476,400,65476,1,0,4,21553,0.0,0.0,0.685,0.0,0.0,0.0,0.0,0.0,0.0,0.0,0.0,0.0,0.0,0.0,0.0,0.0,0.0,0.0,0.0,0.0,0.0,2.004,-2.004,-0.0,-2.004,2.004,0.0,0.0,0.0,0.0,6527.0,1.0406711991751567e+34,0.0,-107615888.0,-0.0,2.718449836706452e+23,-0.0,0.0,0.0,2.004,2.004,222,-0.0,0.0,0.0,0.0,0.0,0.0,0.0,0.0,0.0,0,0,0,-1.3946530252538913e+23,-5.991925976967046e+30,-0.0,0.0,-0.0,5.992219247670347e+36,0.0,-0.0,-0.114,-3.38155660115968e+16,-0.0,120.637,0.0,0.0,0.0,0.0,0,1.3516416376850534e+27,222,0.0,444,0.0,-1881180032.0,2114,26215,17110,26215,17112,26215,17095,0,0,0,101,100,100,2.730232694483534e+23,63.2,-107615216.0,63.5,0.0,63.5,1,49,50,180,13107,26215,0,0,0.0,0.0,0.0,60.0,-6.110866748192741e+30,70.5,0.0,-4.2036352342301676e+33,0.0,1071,0,1072,0,0,0,1072,0,1082,0,997,0,635,0,637,0,631,0,675,0.032,5.275768805080932e+21,-2.004,0.0,26000,16813,-4.6798162237051225e+35,-22717050880.0,0.0,4.046306728424243e+16,-3.967749697215733e+29,-0.002,50.0,60.0,35,0.0,0.0,10.0,2.0,0.0,0.0,0.0,0.0,0.0,0.0,0.0,0.0,0.0,0.0,0.0,0.0,59.2,54,11,65508,27,65476,0,300,0,0,8,20529,65476,0,0,30147,60.0,0.0,10.0,10.0,2.0,0.0
2026-02-16T12:00:47,ERR,ERR,ERR,ERR,ERR,ERR,ERR,ERR,ERR,ERR,ERR,ERR,ERR,ERR,ERR,ERR,ERR,ERR,ERR,ERR,ERR,ERR,ERR,ERR,ERR,ERR,ERR,ERR,ERR,ERR,ERR,ERR,ERR,ERR,ERR,ERR,ERR,ERR,ERR,ERR,ERR,ERR,ERR,ERR,ERR,ERR,ERR,ERR,ERR,ERR,ERR,ERR,ERR,ERR,ERR,ERR,ERR,ERR,ERR,ERR,ERR,ERR,ERR,ERR,ERR,ERR,ERR,ERR,ERR,ERR,ERR,ERR,ERR,ERR,ERR,ERR,ERR,ERR,ERR,ERR,ERR,ERR,ERR,ERR,ERR,ERR,ERR,ERR,ERR,ERR,ERR,ERR,ERR,ERR,ERR,ERR,ERR,ERR,ERR,ERR,ERR,ERR,ERR,ERR,ERR,ERR,ERR,ERR,ERR,ERR,ERR,ERR,ERR,ERR,ERR,ERR,ERR,ERR,ERR,ERR,ERR,ERR,ERR,ERR,ERR,-107615888.0,-0.0,-108138560.0,-0.0,-0.0,8.207998612248986e+17,-889624293539840.0,-5416.011,4300,0,8,17171,4300,-0.0,39,0.0,0.0,-0.0,0.0,-4.925046184806267e+32,0,0,0,0,0.0,0,0,0,0,0,0,0,0,0,0,0,0,0,0,0,0,0,0,0,0,0,0,0,0,0,0,0,0,0,0,0,0,0,12,35,35,47,65476,400,65476,1,0,4,21553,0.0,0.0,0.685,0.0,0.0,0.0,0.0,0.0,0.0,0.0,0.0,0.0,0.0,0.0,0.0,0.0,0.0,0.0,0.0,0.0,0.0,2.004,-2.004,-0.0,-2.004,2.004,0.0,0.0,0.0,0.0,6527.0,1.0406711991751567e+34,0.0,-107615888.0,-0.0,2.718449836706452e+23,-0.0,0.0,0.0,2.004,2.004,222,-0.0,0.0,0.0,0.0,0.0,0.0,0.0,0.0,0.0,0,0,0,-1.3946530252538913e+23,-5.991925976967046e+30,-0.0,0.0,-0.0,5.992219247670347e+36,0.0,-0.0,-0.114,-3.38155660115968e+16,-0.0,120.637,0.0,0.0,0.0,0.0,0,1.3516416376850534e+27,222,0.0,444,0.0,-1881180032.0,2114,26215,17110,26215,17112,26215,17095,0,0,0,101,100,100,2.730232694483534e+23,63.2,-107615216.0,63.5,0.0,63.5,1,49,50,180,13107,26215,0,0,0.0,0.0,0.0,60.0,-6.110866748192741e+30,70.5,0.0,-4.2036352342301676e+33,0.0,1071,0,1072,0,0,0,1072,0,1082,0,997,0,635,0,637,0,631,0,675,0.032,5.275768805080932e+21,-2.004,0.0,26000,16813,-4.6798162237051225e+35,-22717050880.0,0.0,4.046306728424243e+16,-3.967749697215733e+29,-0.002,50.0,60.0,35,0.0,0.0,10.0,2.0,0.0,0.0,0.0,0.0,0.0,0.0,0.0,0.0,0.0,0.0,0.0,0.0,58.8,54,11,65508,27,65476,0,300,0,0,8,20529,65476,0,0,30147,60.0,0.0,10.0,10.0,2.0,0.0
2026-02-16T12:00:48,ERR,ERR,ERR,ERR,ERR,ERR,ERR,ERR,ERR,ERR,ERR,ERR,ERR,ERR,ERR,ERR,ERR,ERR,ERR,ERR,ERR,ERR,ERR,ERR,ERR,ERR,ERR,ERR,ERR,ERR,ERR,ERR,ERR,ERR,ERR,ERR,ERR,ERR,ERR,ERR,ERR,ERR,ERR,ERR,ERR,ERR,ERR,ERR,ERR,ERR,ERR,ERR,ERR,ERR,ERR,ERR,ERR,ERR,ERR,ERR,ERR,ERR,ERR,ERR,ERR,ERR,ERR,ERR,ERR,ERR,ERR,ERR,ERR,ERR,ERR,ERR,ERR,ERR,ERR,ERR,ERR,ERR,ERR,ERR,ERR,ERR,ERR,ERR,ERR,ERR,ERR,ERR,ERR,ERR,ERR,ERR,ERR,ERR,ERR,ERR,ERR,ERR,ERR,ERR,ERR,ERR,ERR,ERR,ERR,ERR,ERR,ERR,ERR,ERR,ERR,ERR,ERR,ERR,ERR,ERR,ERR,ERR,ERR,ERR,ERR,-107615888.0,-0.0,-108138560.0,-0.0,-0.0,8.207998612248986e+17,-889624293539840.0,-5416.011,4300,0,8,17171,4300,-0.0,39,0.0,0.0,-0.0,0.0,-4.925046184806267e+32,0,0,0,0,0.0,0,0,0,0,0,0,0,0,0,0,0,0,0,0,0,0,0,0,0,0,0,0,0,0,0,0,0,0,0,0,0,0,0,12,35,35,47,65476,400,65476,1,0,4,21553,0.0,0.0,0.685,0.0,0.0,0.0,0.0,0.0,0.0,0.0,0.0,0.0,0.0,0.0,0.0,0.0,0.0,0.0,0.0,0.0,0.0,2.004,-2.004,-0.0,-2.004,2.004,0.0,0.0,0.0,0.0,6527.0,1.0406711991751567e+34,0.0,-107615888.0,-0.0,2.718449836706452e+23,-0.0,0.0,0.0,2.004,2.004,222,-0.0,0.0,0.0,0.0,0.0,0.0,0.0,0.0,0.0,0,0,0,-1.3946530252538913e+23,-5.991925976967046e+30,-0.0,0.0,-0.0,5.992219247670347e+36,0.0,-0.0,-0.114,-3.38155660115968e+16,-0.0,120.637,0.0,0.0,0.0,0.0,0,1.3516416376850534e+27,222,0.0,444,0.0,-1881180032.0,2114,26215,17110,26215,17112,26215,17095,0,0,0,101,100,100,2.730232694483534e+23,63.2,-107615216.0,63.5,0.0,63.5,1,49,50,180,13107,26215,0,0,0.0,0.0,0.0,60.0,-6.110866748192741e+30,70.5,0.0,-4.2036352342301676e+33,0.0,1071,0,1072,0,0,0,1072,0,1082,0,997,0,635,0,637,0,631,0,675,0.032,5.275768805080932e+21,-2.004,0.0,26000,16813,-4.6798162237051225e+35,-22717050880.0,0.0,4.046306728424243e+16,-3.967749697215733e+29,-0.002,50.0,60.0,35,0.0,0.0,10.0,2.0,0.0,0.0,0.0,0.0,0.0,0.0,0.0,0.0,0.0,0.0,0.0,0.0,58.8,54,11,65508,27,65476,0,300,0,0,8,20529,65476,0,0,30147,60.0,0.0,10.0,10.0,2.0,0.0
2026-02-16T12:00:49,ERR,ERR,ERR,ERR,ERR,ERR,ERR,ERR,ERR,ERR,ERR,ERR,ERR,ERR,ERR,ERR,ERR,ERR,ERR,ERR,ERR,ERR,ERR,ERR,ERR,ERR,ERR,ERR,ERR,ERR,ERR,ERR,ERR,ERR,ERR,ERR,ERR,ERR,ERR,ERR,ERR,ERR,ERR,ERR,ERR,ERR,ERR,ERR,ERR,ERR,ERR,ERR,ERR,ERR,ERR,ERR,ERR,ERR,ERR,ERR,ERR,ERR,ERR,ERR,ERR,ERR,ERR,ERR,ERR,ERR,ERR,ERR,ERR,ERR,ERR,ERR,ERR,ERR,ERR,ERR,ERR,ERR,ERR,ERR,ERR,ERR,ERR,ERR,ERR,ERR,ERR,ERR,ERR,ERR,ERR,ERR,ERR,ERR,ERR,ERR,ERR,ERR,ERR,ERR,ERR,ERR,ERR,ERR,ERR,ERR,ERR,ERR,ERR,ERR,ERR,ERR,ERR,ERR,ERR,ERR,ERR,ERR,ERR,ERR,ERR,-107615888.0,-0.0,-108138560.0,-0.0,-0.0,8.207998612248986e+17,-889624293539840.0,-5416.011,4300,0,8,17171,4300,-0.0,39,0.0,0.0,-0.0,0.0,-4.925046184806267e+32,0,0,0,0,0.0,0,0,0,0,0,0,0,0,0,0,0,0,0,0,0,0,0,0,0,0,0,0,0,0,0,0,0,0,0,0,0,0,0,12,35,35,47,65476,400,65476,1,0,4,21553,0.0,0.0,0.685,0.0,0.0,0.0,0.0,0.0,0.0,0.0,0.0,0.0,0.0,0.0,0.0,0.0,0.0,0.0,0.0,0.0,0.0,2.004,-2.004,-0.0,-2.004,2.004,0.0,0.0,0.0,0.0,6527.0,1.0406711991751567e+34,0.0,-107615888.0,-0.0,2.718449836706452e+23,-0.0,0.0,0.0,2.004,2.004,222,-0.0,0.0,0.0,0.0,0.0,0.0,0.0,0.0,0.0,0,0,0,-1.3946530252538913e+23,-5.991925976967046e+30,-0.0,0.0,-0.0,5.992219247670347e+36,0.0,-0.0,-0.114,-3.38155660115968e+16,-0.0,120.637,0.0,0.0,0.0,0.0,0,1.3516416376850534e+27,222,0.0,444,0.0,-1881180032.0,2114,26215,17110,26215,17112,26215,17095,0,0,0,101,100,100,2.730232694483534e+23,63.2,-107615216.0,63.5,0.0,63.5,1,49,50,180,13107,26215,0,0,0.0,0.0,0.0,60.0,-6.110866748192741e+30,70.5,0.0,-4.2036352342301676e+33,0.0,1071,0,1072,0,0,0,1072,0,1082,0,997,0,635,0,637,0,631,0,675,0.032,5.275768805080932e+21,-2.004,0.0,26000,16813,-4.6798162237051225e+35,-22717050880.0,0.0,4.046306728424243e+16,-3.967749697215733e+29,-0.002,50.0,60.0,35,0.0,0.0,10.0,2.0,0.0,0.0,0.0,0.0,0.0,0.0,0.0,0.0,0.0,0.0,0.0,0.0,58.8,54,11,65509,27,65476,0,300,0,0,8,20529,65476,0,0,30147,60.0,0.0,10.0,10.0,2.0,0.0
2026-02-16T12:00:50,ERR,ERR,ERR,ERR,ERR,ERR,ERR,ERR,ERR,ERR,ERR,ERR,ERR,ERR,ERR,ERR,ERR,ERR,ERR,ERR,ERR,ERR,ERR,ERR,ERR,ERR,ERR,ERR,ERR,ERR,ERR,ERR,ERR,ERR,ERR,ERR,ERR,ERR,ERR,ERR,ERR,ERR,ERR,ERR,ERR,ERR,ERR,ERR,ERR,ERR,ERR,ERR,ERR,ERR,ERR,ERR,ERR,ERR,ERR,ERR,ERR,ERR,ERR,ERR,ERR,ERR,ERR,ERR,ERR,ERR,ERR,ERR,ERR,ERR,ERR,ERR,ERR,ERR,ERR,ERR,ERR,ERR,ERR,ERR,ERR,ERR,ERR,ERR,ERR,ERR,ERR,ERR,ERR,ERR,ERR,ERR,ERR,ERR,ERR,ERR,ERR,ERR,ERR,ERR,ERR,ERR,ERR,ERR,ERR,ERR,ERR,ERR,ERR,ERR,ERR,ERR,ERR,ERR,ERR,ERR,ERR,ERR,ERR,ERR,ERR,-107615888.0,-0.0,-108138560.0,-0.0,-0.0,8.207998612248986e+17,-889624293539840.0,-5416.011,4300,0,8,17171,4300,-0.0,39,0.0,0.0,-0.0,0.0,-4.925046184806267e+32,0,0,0,0,0.0,0,0,0,0,0,0,0,0,0,0,0,0,0,0,0,0,0,0,0,0,0,0,0,0,0,0,0,0,0,0,0,0,0,12,35,35,47,65476,400,65476,1,0,4,21553,0.0,0.0,0.685,0.0,0.0,0.0,0.0,0.0,0.0,0.0,0.0,0.0,0.0,0.0,0.0,0.0,0.0,0.0,0.0,0.0,0.0,2.004,-2.004,-0.0,-2.004,2.004,0.0,0.0,0.0,0.0,6527.0,1.0406711991751567e+34,0.0,-107615888.0,-0.0,2.718449836706452e+23,-0.0,0.0,0.0,2.004,2.004,222,-0.0,0.0,0.0,0.0,0.0,0.0,0.0,0.0,0.0,0,0,0,-1.3946530252538913e+23,-5.991925976967046e+30,-0.0,0.0,-0.0,5.992219247670347e+36,0.0,-0.0,-0.114,-3.38155660115968e+16,-0.0,120.637,0.0,0.0,0.0,0.0,0,1.3516416376850534e+27,222,0.0,444,0.0,-1881180032.0,2114,26215,17110,26215,17112,26215,17095,0,0,0,101,100,100,2.730232694483534e+23,63.2,-107615216.0,63.5,0.0,63.5,1,49,50,180,13107,26215,0,0,0.0,0.0,0.0,60.0,0.0,71.0,0.0,-0.0,0.0,1071,0,1072,0,0,0,1072,0,1082,0,996,0,635,0,637,0,631,0,675,0.032,5.275768805080932e+21,-2.004,0.0,27280,16813,0.0,-819159113924608.0,1.4847391505096086e+32,-0.0,31978199040.0,0.0,50.0,60.0,35,0.0,0.0,10.0,2.0,0.0,0.0,0.0,0.0,0.0,0.0,0.0,0.0,0.0,0.0,0.0,0.0,58.8,54,11,65509,27,65476,0,300,0,0,8,20529,65476,0,0,30147,60.0,0.0,10.0,10.0,2.0,0.0
2026-02-16T12:00:51,ERR,ERR,ERR,ERR,ERR,ERR,ERR,ERR,ERR,ERR,ERR,ERR,ERR,ERR,ERR,ERR,ERR,ERR,ERR,ERR,ERR,ERR,ERR,ERR,ERR,ERR,ERR,ERR,ERR,ERR,ERR,ERR,ERR,ERR,ERR,ERR,ERR,ERR,ERR,ERR,ERR,ERR,ERR,ERR,ERR,ERR,ERR,ERR,ERR,ERR,ERR,ERR,ERR,ERR,ERR,ERR,ERR,ERR,ERR,ERR,ERR,ERR,ERR,ERR,ERR,ERR,ERR,ERR,ERR,ERR,ERR,ERR,ERR,ERR,ERR,ERR,ERR,ERR,ERR,ERR,ERR,ERR,ERR,ERR,ERR,ERR,ERR,ERR,ERR,ERR,ERR,ERR,ERR,ERR,ERR,ERR,ERR,ERR,ERR,ERR,ERR,ERR,ERR,ERR,ERR,ERR,ERR,ERR,ERR,ERR,ERR,ERR,ERR,ERR,ERR,ERR,ERR,ERR,ERR,ERR,ERR,ERR,ERR,ERR,ERR,-107615888.0,-0.0,2.718405881574089e+23,-0.0,0.0,-0.0,0.0,0.0,4300,0,8,17170,4300,-0.0,39,0.0,0.0,-0.0,0.0,-4.925046184806267e+32,0,0,0,0,0.0,0,0,0,0,0,0,0,0,0,0,0,0,0,0,0,0,0,0,0,0,0,0,0,0,0,0,0,0,0,0,0,0,0,12,35,35,47,65476,399,65476,1,0,4,21553,0.0,0.0,-3.698766736565207e+17,0.0,0.0,0.0,0.0,0.0,0.0,0.0,0.0,0.0,0.0,0.0,0.0,0.0,0.0,0.0,0.0,0.0,0.0,2.004,-2.004,3.697081460117733e+19,-2.004,2.004,0.0,0.0,0.0,0.0,6496.0,-0.0,0.0,-107615888.0,-0.0,2.718449836706452e+23,-0.0,0.0,0.0,2.004,2.004,224,-71.629,2.3088382548096162e+20,0.0,0.0,0.0,0.0,0.0,0.0,0.0,0,0,0,-3.7540389636642394e+26,9.465829655981242e+20,1.0233020338659553e+34,-1780329873408.0,-0.0,0.0,0.0,19107.004,9.066765069307292e+36,-3.5645153360216064e+16,-0.0,126.637,0.0,0.0,0.0,0.0,0,1.3516416376850534e+27,224,0.0,448,0.0,-1881180032.0,2114,26215,17110,26215,17112,26215,17095,0,0,0,101,100,100,2.730232694483534e+23,63.2,-107615216.0,63.5,0.0,63.5,1,49,50,180,13107,26215,0,0,0.0,0.0,0.0,60.0,0.0,71.0,0.0,-0.0,0.0,1071,0,1072,0,0,0,1072,0,1082,0,996,0,635,0,637,0,631,0,675,0.032,5.275768805080932e+21,-2.004,0.0,27280,16813,0.0,-819159113924608.0,1.4847391505096086e+32,-0.0,31978199040.0,0.0,50.0,60.0,35,0.0,0.0,10.0,2.0,0.0,0.0,0.0,0.0,0.0,0.0,0.0,0.0,0.0,0.0,0.0,0.0,58.8,54,11,65509,27,65476,0,300,0,0,8,20529,65476,0,0,30147,60.0,0.0,10.0,10.0,2.0,0.0
2026-02-16T12:00:52,ERR,ERR,ERR,ERR,ERR,ERR,ERR,ERR,ERR,ERR,ERR,ERR,ERR,ERR,ERR,ERR,ERR,ERR,ERR,ERR,ERR,ERR,ERR,ERR,ERR,ERR,ERR,ERR,ERR,ERR,ERR,ERR,ERR,ERR,ERR,ERR,ERR,ERR,ERR,ERR,ERR,ERR,ERR,ERR,ERR,ERR,ERR,ERR,ERR,ERR,ERR,ERR,ERR,ERR,ERR,ERR,ERR,ERR,ERR,ERR,ERR,ERR,ERR,ERR,ERR,ERR,ERR,ERR,ERR,ERR,ERR,ERR,ERR,ERR,ERR,ERR,ERR,ERR,ERR,ERR,ERR,ERR,ERR,ERR,ERR,ERR,ERR,ERR,ERR,ERR,ERR,ERR,ERR,ERR,ERR,ERR,ERR,ERR,ERR,ERR,ERR,ERR,ERR,ERR,ERR,ERR,ERR,ERR,ERR,ERR,ERR,ERR,ERR,ERR,ERR,ERR,ERR,ERR,ERR,ERR,ERR,ERR,ERR,ERR,ERR,-107615888.0,-0.0,2.718405881574089e+23,-0.0,0.0,-0.0,0.0,0.0,4300,0,8,17170,4300,-0.0,39,0.0,0.0,-0.0,0.0,-4.925046184806267e+32,0,0,0,0,0.0,0,0,0,0,0,0,0,0,0,0,0,0,0,0,0,0,0,0,0,0,0,0,0,0,0,0,0,0,0,0,0,0,0,12,35,35,47,65476,399,65476,1,0,4,21553,0.0,0.0,-3.698766736565207e+17,0.0,0.0,0.0,0.0,0.0,0.0,0.0,0.0,0.0,0.0,0.0,0.0,0.0,0.0,0.0,0.0,0.0,0.0,2.004,-2.004,3.697081460117733e+19,-2.004,2.004,0.0,0.0,0.0,0.0,6496.0,-0.0,0.0,-107615888.0,-0.0,2.718449836706452e+23,-0.0,0.0,0.0,2.004,2.004,224,-71.629,2.3088382548096162e+20,0.0,0.0,0.0,0.0,0.0,0.0,0.0,0,0,0,-3.7540389636642394e+26,9.465829655981242e+20,1.0233020338659553e+34,-1780329873408.0,-0.0,0.0,0.0,19107.004,9.066765069307292e+36,-3.5645153360216064e+16,-0.0,126.637,0.0,0.0,0.0,0.0,0,1.3516416376850534e+27,224,0.0,448,0.0,-1881180032.0,2114,26215,17110,26215,17112,26215,17095,0,0,0,101,100,100,2.730232694483534e+23,63.2,-107615216.0,63.5,0.0,63.5,1,49,50,180,13107,26215,0,0,0.0,0.0,0.0,60.0,0.0,71.0,0.0,-0.0,0.0,1071,0,1072,0,0,0,1072,0,1082,0,996,0,635,0,637,0,631,0,675,0.032,5.275768805080932e+21,-2.004,0.0,27280,16813,0.0,-819159113924608.0,1.4847391505096086e+32,-0.0,31978199040.0,0.0,50.0,60.0,35,0.0,0.0,10.0,2.0,0.0,0.0,0.0,0.0,0.0,0.0,0.0,0.0,0.0,0.0,0.0,0.0,58.8,54,11,65509,27,65476,0,300,0,0,8,20529,65476,0,0,30147,60.0,0.0,10.0,10.0,2.0,0.0
2026-02-16T12:00:53,ERR,ERR,ERR,ERR,ERR,ERR,ERR,ERR,ERR,ERR,ERR,ERR,ERR,ERR,ERR,ERR,ERR,ERR,ERR,ERR,ERR,ERR,ERR,ERR,ERR,ERR,ERR,ERR,ERR,ERR,ERR,ERR,ERR,ERR,ERR,ERR,ERR,ERR,ERR,ERR,ERR,ERR,ERR,ERR,ERR,ERR,ERR,ERR,ERR,ERR,ERR,ERR,ERR,ERR,ERR,ERR,ERR,ERR,ERR,ERR,ERR,ERR,ERR,ERR,ERR,ERR,ERR,ERR,ERR,ERR,ERR,ERR,ERR,ERR,ERR,ERR,ERR,ERR,ERR,ERR,ERR,ERR,ERR,ERR,ERR,ERR,ERR,ERR,ERR,ERR,ERR,ERR,ERR,ERR,ERR,ERR,ERR,ERR,ERR,ERR,ERR,ERR,ERR,ERR,ERR,ERR,ERR,ERR,ERR,ERR,ERR,ERR,ERR,ERR,ERR,ERR,ERR,ERR,ERR,ERR,ERR,ERR,ERR,ERR,ERR,-107615888.0,-0.0,2.718405881574089e+23,-0.0,0.0,-0.0,0.0,0.0,4300,0,8,17170,4300,-0.0,39,0.0,0.0,-0.0,0.0,-4.925046184806267e+32,0,0,0,0,0.0,0,0,0,0,0,0,0,0,0,0,0,0,0,0,0,0,0,0,0,0,0,0,0,0,0,0,0,0,0,0,0,0,0,12,35,35,47,65476,399,65476,1,0,4,21553,0.0,0.0,-3.698766736565207e+17,0.0,0.0,0.0,0.0,0.0,0.0,0.0,0.0,0.0,0.0,0.0,0.0,0.0,0.0,0.0,0.0,0.0,0.0,2.004,-2.004,3.697081460117733e+19,-2.004,2.004,0.0,0.0,0.0,0.0,6496.0,-0.0,0.0,-107615888.0,-0.0,2.718449836706452e+23,-0.0,0.0,0.0,2.004,2.004,224,-71.629,2.3088382548096162e+20,0.0,0.0,0.0,0.0,0.0,0.0,0.0,0,0,0,-3.7540389636642394e+26,9.465829655981242e+20,1.0233020338659553e+34,-1780329873408.0,-0.0,0.0,0.0,19107.004,9.066765069307292e+36,-3.5645153360216064e+16,-0.0,126.637,0.0,0.0,0.0,0.0,0,1.3516416376850534e+27,224,0.0,448,0.0,-1881180032.0,2114,26215,17110,13107,17112,26215,17095,0,0,0,101,100,100,2.730232694483534e+23,63.2,-107615216.0,63.5,0.0,63.5,1,49,50,180,13107,26215,0,0,0.0,0.0,0.0,60.0,0.0,71.0,0.0,-2.2314515227853836e+29,0.0,1071,0,1072,0,0,0,1072,0,1082,0,997,0,635,0,637,0,631,0,674,0.032,5.275768805080932e+21,-0.0,-107615280.0,24976,16813,0.0,-2.2314515227853836e+29,1.0023248080048735e+24,-0.0,0.79,-1.5481190692412497e+32,50.0,60.0,35,0.0,0.0,10.0,2.0,0.0,0.0,0.0,0.0,0.0,0.0,0.0,0.0,0.0,0.0,0.0,0.0,58.8,54,11,65509,27,65476,0,300,0,0,8,20529,65476,0,0,30147,60.0,0.0,10.0,10.0,2.0,0.0
2026-02-16T12:00:54,ERR,ERR,ERR,ERR,ERR,ERR,ERR,ERR,ERR,ERR,ERR,ERR,ERR,ERR,ERR,ERR,ERR,ERR,ERR,ERR,ERR,ERR,ERR,ERR,ERR,ERR,ERR,ERR,ERR,ERR,ERR,ERR,ERR,ERR,ERR,ERR,ERR,ERR,ERR,ERR,ERR,ERR,ERR,ERR,ERR,ERR,ERR,ERR,ERR,ERR,ERR,ERR,ERR,ERR,ERR,ERR,ERR,ERR,ERR,ERR,ERR,ERR,ERR,ERR,ERR,ERR,ERR,ERR,ERR,ERR,ERR,ERR,ERR,ERR,ERR,ERR,ERR,ERR,ERR,ERR,ERR,ERR,ERR,ERR,ERR,ERR,ERR,ERR,ERR,ERR,ERR,ERR,ERR,ERR,ERR,ERR,ERR,ERR,ERR,ERR,ERR,ERR,ERR,ERR,ERR,ERR,ERR,ERR,ERR,ERR,ERR,ERR,ERR,ERR,ERR,ERR,ERR,ERR,ERR,ERR,ERR,ERR,ERR,ERR,ERR,-107615888.0,-0.0,2.718405881574089e+23,-0.0,0.0,-0.0,0.0,0.0,4300,0,8,17170,4300,-0.0,39,0.0,0.0,-0.0,0.0,-4.925046184806267e+32,0,0,0,0,0.0,0,0,0,0,0,0,0,0,0,0,0,0,0,0,0,0,0,0,0,0,0,0,0,0,0,0,0,0,0,0,0,0,0,12,35,35,47,65476,399,65476,1,0,4,21553,0.0,0.0,-3.698766736565207e+17,0.0,0.0,0.0,0.0,0.0,0.0,0.0,0.0,0.0,0.0,0.0,0.0,0.0,0.0,0.0,0.0,0.0,0.0,2.004,-2.004,3.697081460117733e+19,-2.004,2.004,0.0,0.0,0.0,0.0,6496.0,-0.0,0.0,-107615888.0,-0.0,2.718449836706452e+23,-0.0,0.0,0.0,2.004,2.004,224,-71.629,2.3088382548096162e+20,0.0,0.0,0.0,0.0,0.0,0.0,0.0,0,0,0,-3.7540389636642394e+26,9.465829655981242e+20,1.0233020338659553e+34,-1780329873408.0,-0.0,0.0,0.0,19107.004,9.066765069307292e+36,-3.5645153360216064e+16,-0.0,126.637,0.0,0.0,0.0,0.0,0,1.3516416376850534e+27,224,0.0,448,0.0,-1881180032.0,2114,26215,17110,13107,17112,26215,17095,0,0,0,101,100,100,2.730232694483534e+23,63.2,-107615216.0,63.5,0.0,63.5,1,49,50,180,13107,26215,0,0,0.0,0.0,0.0,60.0,0.0,71.0,0.0,-2.2314515227853836e+29,0.0,1071,0,1072,0,0,0,1072,0,1082,0,997,0,635,0,637,0,631,0,674,0.032,5.275768805080932e+21,-0.0,-107615280.0,24976,16813,0.0,-2.2314515227853836e+29,1.0023248080048735e+24,-0.0,0.79,-1.5481190692412497e+32,50.0,60.0,35,0.0,0.0,10.0,2.0,0.0,0.0,0.0,0.0,0.0,0.0,0.0,0.0,0.0,0.0,0.0,0.0,59.2,54,11,65509,27,65476,0,300,0,0,8,20529,65476,0,0,30147,60.0,0.0,10.0,10.0,2.0,0.0
2026-02-16T12:00:55,ERR,ERR,ERR,ERR,ERR,ERR,ERR,ERR,ERR,ERR,ERR,ERR,ERR,ERR,ERR,ERR,ERR,ERR,ERR,ERR,ERR,ERR,ERR,ERR,ERR,ERR,ERR,ERR,ERR,ERR,ERR,ERR,ERR,ERR,ERR,ERR,ERR,ERR,ERR,ERR,ERR,ERR,ERR,ERR,ERR,ERR,ERR,ERR,ERR,ERR,ERR,ERR,ERR,ERR,ERR,ERR,ERR,ERR,ERR,ERR,ERR,ERR,ERR,ERR,ERR,ERR,ERR,ERR,ERR,ERR,ERR,ERR,ERR,ERR,ERR,ERR,ERR,ERR,ERR,ERR,ERR,ERR,ERR,ERR,ERR,ERR,ERR,ERR,ERR,ERR,ERR,ERR,ERR,ERR,ERR,ERR,ERR,ERR,ERR,ERR,ERR,ERR,ERR,ERR,ERR,ERR,ERR,ERR,ERR,ERR,ERR,ERR,ERR,ERR,ERR,ERR,ERR,ERR,ERR,ERR,ERR,ERR,ERR,ERR,ERR,-107615888.0,-0.0,2.718405881574089e+23,-0.0,0.0,-0.0,0.0,0.0,4300,0,8,17170,4300,-0.0,39,0.0,0.0,-0.0,0.0,-4.925046184806267e+32,0,0,0,0,0.0,0,0,0,0,0,0,0,0,0,0,0,0,0,0,0,0,0,0,0,0,0,0,0,0,0,0,0,0,0,0,0,0,0,12,35,35,47,65476,399,65476,1,0,4,21553,0.0,0.0,-3.698766736565207e+17,0.0,0.0,0.0,0.0,0.0,0.0,0.0,0.0,0.0,0.0,0.0,0.0,0.0,0.0,0.0,0.0,0.0,0.0,2.004,-2.004,3.697081460117733e+19,-2.004,2.004,0.0,0.0,0.0,0.0,6496.0,-0.0,0.0,-107615888.0,-0.0,2.718449836706452e+23,-0.0,0.0,0.0,2.004,2.004,224,-71.629,2.3088382548096162e+20,0.0,0.0,0.0,0.0,0.0,0.0,0.0,0,0,0,-3.7540389636642394e+26,9.465829655981242e+20,1.0233020338659553e+34,-1780329873408.0,-0.0,0.0,0.0,19107.004,9.066765069307292e+36,-3.5645153360216064e+16,-0.0,126.637,0.0,0.0,0.0,0.0,0,1.3516416376850534e+27,224,0.0,448,0.0,-1881180032.0,2114,26215,17110,13107,17112,26215,17095,0,0,0,101,100,100,2.730232694483534e+23,63.2,-107615216.0,63.5,0.0,63.5,1,49,50,180,13107,26215,0,0,0.0,0.0,0.0,60.0,0.0,71.0,0.0,-2.2314515227853836e+29,0.0,1071,0,1072,0,0,0,1072,0,1082,0,997,0,635,0,637,0,631,0,674,0.032,5.275768805080932e+21,-0.0,-107615280.0,24976,16813,0.0,-2.2314515227853836e+29,1.0023248080048735e+24,-0.0,0.79,-1.5481190692412497e+32,50.0,60.0,35,0.0,0.0,10.0,2.0,0.0,0.0,0.0,0.0,0.0,0.0,0.0,0.0,0.0,0.0,0.0,0.0,58.8,54,11,65509,27,65476,0,300,0,0,8,20529,65476,0,0,30147,60.0,0.0,10.0,10.0,2.0,0.0
2026-02-16T12:00:56,ERR,ERR,ERR,ERR,ERR,ERR,ERR,ERR,ERR,ERR,ERR,ERR,ERR,ERR,ERR,ERR,ERR,ERR,ERR,ERR,ERR,ERR,ERR,ERR,ERR,ERR,ERR,ERR,ERR,ERR,ERR,ERR,ERR,ERR,ERR,ERR,ERR,ERR,ERR,ERR,ERR,ERR,ERR,ERR,ERR,ERR,ERR,ERR,ERR,ERR,ERR,ERR,ERR,ERR,ERR,ERR,ERR,ERR,ERR,ERR,ERR,ERR,ERR,ERR,ERR,ERR,ERR,ERR,ERR,ERR,ERR,ERR,ERR,ERR,ERR,ERR,ERR,ERR,ERR,ERR,ERR,ERR,ERR,ERR,ERR,ERR,ERR,ERR,ERR,ERR,ERR,ERR,ERR,ERR,ERR,ERR,ERR,ERR,ERR,ERR,ERR,ERR,ERR,ERR,ERR,ERR,ERR,ERR,ERR,ERR,ERR,ERR,ERR,ERR,ERR,ERR,ERR,ERR,ERR,ERR,ERR,ERR,ERR,ERR,ERR,-107615888.0,-0.0,2.718405881574089e+23,-0.0,0.0,6.57485443970237e+35,0.0,0.0,4300,0,8,17170,4300,-0.0,39,0.0,0.0,-0.0,0.0,-4.925046184806267e+32,0,0,0,0,0.0,0,0,0,0,0,0,0,0,0,0,0,0,0,0,0,0,0,0,0,0,0,0,0,0,0,0,0,0,0,0,0,0,0,12,35,35,47,65476,402,65476,1,0,4,21553,0.0,0.0,2.276412467793528e+38,0.0,0.0,0.0,0.0,0.0,0.0,0.0,0.0,0.0,0.0,0.0,0.0,0.0,0.0,0.0,0.0,0.0,0.0,2.004,-2.004,2.004,-2.004,2.004,0.0,0.0,0.0,0.0,6524.0,-1.587938231163264e+29,0.0,-107615888.0,2.7184525388662284e+23,2.718449836706452e+23,-0.0,0.0,0.0,2.004,2.004,222,-0.0,-0.0,0.0,0.0,0.0,0.0,0.0,0.0,0.0,0,0,0,-2.0482605301528214e+31,0.0,1.797959349503611e+38,0.093,-0.0,1.307196144747578e+26,1.1837165163264344e+19,-8453871101804544.0,0.0,-3.892068439870669e+16,-0.0,138.274,0.0,0.0,0.0,0.0,0,1.3516416376850534e+27,222,0.0,444,-2.637553503966331e+17,-0.0,2114,26215,17110,13107,17112,26215,17095,0,0,0,101,100,100,2.730232694483534e+23,63.2,-107615216.0,63.5,0.0,63.5,1,49,50,180,13107,26215,0,0,0.0,0.0,0.0,60.0,0.0,71.0,0.0,-2.2314515227853836e+29,0.0,1071,0,1072,0,0,0,1072,0,1082,0,997,0,635,0,637,0,631,0,674,0.032,5.275768805080932e+21,-0.0,-107615280.0,24976,16813,0.0,-2.2314515227853836e+29,1.0023248080048735e+24,-0.0,0.79,-1.5481190692412497e+32,50.0,60.0,35,0.0,0.0,10.0,2.0,0.0,0.0,0.0,0.0,0.0,0.0,0.0,0.0,0.0,0.0,0.0,0.0,58.8,54,11,65509,27,65476,0,300,0,0,8,20529,65476,0,0,30147,60.0,0.0,10.0,10.0,2.0,0.0
2026-02-16T12:00:57,ERR,ERR,ERR,ERR,ERR,ERR,ERR,ERR,ERR,ERR,ERR,ERR,ERR,ERR,ERR,ERR,ERR,ERR,ERR,ERR,ERR,ERR,ERR,ERR,ERR,ERR,ERR,ERR,ERR,ERR,ERR,ERR,ERR,ERR,ERR,ERR,ERR,ERR,ERR,ERR,ERR,ERR,ERR,ERR,ERR,ERR,ERR,ERR,ERR,ERR,ERR,ERR,ERR,ERR,ERR,ERR,ERR,ERR,ERR,ERR,ERR,ERR,ERR,ERR,ERR,ERR,ERR,ERR,ERR,ERR,ERR,ERR,ERR,ERR,ERR,ERR,ERR,ERR,ERR,ERR,ERR,ERR,ERR,ERR,ERR,ERR,ERR,ERR,ERR,ERR,ERR,ERR,ERR,ERR,ERR,ERR,ERR,ERR,ERR,ERR,ERR,ERR,ERR,ERR,ERR,ERR,ERR,ERR,ERR,ERR,ERR,ERR,ERR,ERR,ERR,ERR,ERR,ERR,ERR,ERR,ERR,ERR,ERR,ERR,ERR,-107615888.0,-0.0,2.718405881574089e+23,-0.0,0.0,6.57485443970237e+35,0.0,0.0,4300,0,8,17170,4300,-0.0,39,0.0,0.0,-0.0,0.0,-4.925046184806267e+32,0,0,0,0,0.0,0,0,0,0,0,0,0,0,0,0,0,0,0,0,0,0,0,0,0,0,0,0,0,0,0,0,0,0,0,0,0,0,0,12,35,35,47,65476,402,65476,1,0,4,21553,0.0,0.0,2.276412467793528e+38,0.0,0.0,0.0,0.0,0.0,0.0,0.0,0.0,0.0,0.0,0.0,0.0,0.0,0.0,0.0,0.0,0.0,0.0,2.004,-2.004,2.004,-2.004,2.004,0.0,0.0,0.0,0.0,6524.0,-1.587938231163264e+29,0.0,-107615888.0,2.7184525388662284e+23,2.718449836706452e+23,-0.0,0.0,0.0,2.004,2.004,222,-0.0,-0.0,0.0,0.0,0.0,0.0,0.0,0.0,0.0,0,0,0,-2.0482605301528214e+31,0.0,1.797959349503611e+38,0.093,-0.0,1.307196144747578e+26,1.1837165163264344e+19,-8453871101804544.0,0.0,-3.892068439870669e+16,-0.0,138.274,0.0,0.0,0.0,0.0,0,1.3516416376850534e+27,222,0.0,444,-2.637553503966331e+17,-0.0,2114,26215,17110,26215,17112,26215,17095,0,0,0,101,100,100,2.730232694483534e+23,63.2,-107615216.0,63.5,0.0,63.5,1,49,50,180,13107,26215,0,0,0.0,0.0,0.0,60.0,-2.8275295737181735e+34,70.5,0.0,-2.6022759145852214e+26,0.0,1071,0,1072,0,0,0,1072,0,1081,0,997,0,635,0,637,0,631,0,675,0.032,5.275768805080932e+21,-2.004,0.0,27664,16813,0.0,-0.0,0.0,-0.0,-108442706509824.0,-0.0,50.0,60.0,35,0.0,0.0,10.0,2.0,0.0,0.0,0.0,0.0,0.0,0.0,0.0,0.0,0.0,0.0,0.0,0.0,58.8,54,12,65509,27,65476,0,300,0,0,8,20529,65476,0,0,30147,60.0,0.0,10.0,10.0,2.0,0.0
2026-02-16T12:00:58,ERR,ERR,ERR,ERR,ERR,ERR,ERR,ERR,ERR,ERR,ERR,ERR,ERR,ERR,ERR,ERR,ERR,ERR,ERR,ERR,ERR,ERR,ERR,ERR,ERR,ERR,ERR,ERR,ERR,ERR,ERR,ERR,ERR,ERR,ERR,ERR,ERR,ERR,ERR,ERR,ERR,ERR,ERR,ERR,ERR,ERR,ERR,ERR,ERR,ERR,ERR,ERR,ERR,ERR,ERR,ERR,ERR,ERR,ERR,ERR,ERR,ERR,ERR,ERR,ERR,ERR,ERR,ERR,ERR,ERR,ERR,ERR,ERR,ERR,ERR,ERR,ERR,ERR,ERR,ERR,ERR,ERR,ERR,ERR,ERR,ERR,ERR,ERR,ERR,ERR,ERR,ERR,ERR,ERR,ERR,ERR,ERR,ERR,ERR,ERR,ERR,ERR,ERR,ERR,ERR,ERR,ERR,ERR,ERR,ERR,ERR,ERR,ERR,ERR,ERR,ERR,ERR,ERR,ERR,ERR,ERR,ERR,ERR,ERR,ERR,-107615888.0,-0.0,2.718405881574089e+23,-0.0,0.0,6.57485443970237e+35,0.0,0.0,4300,0,8,17170,4300,-0.0,39,0.0,0.0,-0.0,0.0,-4.925046184806267e+32,0,0,0,0,0.0,0,0,0,0,0,0,0,0,0,0,0,0,0,0,0,0,0,0,0,0,0,0,0,0,0,0,0,0,0,0,0,0,0,12,35,35,47,65476,402,65476,1,0,4,21553,0.0,0.0,2.276412467793528e+38,0.0,0.0,0.0,0.0,0.0,0.0,0.0,0.0,0.0,0.0,0.0,0.0,0.0,0.0,0.0,0.0,0.0,0.0,2.004,-2.004,2.004,-2.004,2.004,0.0,0.0,0.0,0.0,6524.0,-1.587938231163264e+29,0.0,-107615888.0,2.7184525388662284e+23,2.718449836706452e+23,-0.0,0.0,0.0,2.004,2.004,222,-0.0,-0.0,0.0,0.0,0.0,0.0,0.0,0.0,0.0,0,0,0,-2.0482605301528214e+31,0.0,1.797959349503611e+38,0.093,-0.0,1.307196144747578e+26,1.1837165163264344e+19,-8453871101804544.0,0.0,-3.892068439870669e+16,-0.0,138.274,0.0,0.0,0.0,0.0,0,1.3516416376850534e+27,222,0.0,444,-2.637553503966331e+17,-0.0,2114,26215,17110,26215,17112,26215,17095,0,0,0,101,100,100,2.730232694483534e+23,63.2,-107615216.0,63.5,0.0,63.5,1,49,50,180,13107,26215,0,0,0.0,0.0,0.0,60.0,-2.8275295737181735e+34,70.5,0.0,-2.6022759145852214e+26,0.0,1071,0,1072,0,0,0,1072,0,1081,0,997,0,635,0,637,0,631,0,675,0.032,5.275768805080932e+21,-2.004,0.0,27664,16813,0.0,-0.0,0.0,-0.0,-108442706509824.0,-0.0,50.0,60.0,35,0.0,0.0,10.0,2.0,0.0,0.0,0.0,0.0,0.0,0.0,0.0,0.0,0.0,0.0,0.0,0.0,58.8,54,12,65509,27,65476,0,300,0,0,8,20529,65476,0,0,30147,60.0,0.0,10.0,10.0,2.0,0.0
2026-02-16T12:00:59,ERR,ERR,ERR,ERR,ERR,ERR,ERR,ERR,ERR,ERR,ERR,ERR,ERR,ERR,ERR,ERR,ERR,ERR,ERR,ERR,ERR,ERR,ERR,ERR,ERR,ERR,ERR,ERR,ERR,ERR,ERR,ERR,ERR,ERR,ERR,ERR,ERR,ERR,ERR,ERR,ERR,ERR,ERR,ERR,ERR,ERR,ERR,ERR,ERR,ERR,ERR,ERR,ERR,ERR,ERR,ERR,ERR,ERR,ERR,ERR,ERR,ERR,ERR,ERR,ERR,ERR,ERR,ERR,ERR,ERR,ERR,ERR,ERR,ERR,ERR,ERR,ERR,ERR,ERR,ERR,ERR,ERR,ERR,ERR,ERR,ERR,ERR,ERR,ERR,ERR,ERR,ERR,ERR,ERR,ERR,ERR,ERR,ERR,ERR,ERR,ERR,ERR,ERR,ERR,ERR,ERR,ERR,ERR,ERR,ERR,ERR,ERR,ERR,ERR,ERR,ERR,ERR,ERR,ERR,ERR,ERR,ERR,ERR,ERR,ERR,-107615888.0,-0.0,2.718405881574089e+23,-0.0,0.0,6.57485443970237e+35,0.0,0.0,4300,0,8,17170,4300,-0.0,39,0.0,0.0,-0.0,0.0,-4.925046184806267e+32,0,0,0,0,0.0,0,0,0,0,0,0,0,0,0,0,0,0,0,0,0,0,0,0,0,0,0,0,0,0,0,0,0,0,0,0,0,0,0,12,35,35,47,65476,402,65476,1,0,4,21553,0.0,0.0,2.276412467793528e+38,0.0,0.0,0.0,0.0,0.0,0.0,0.0,0.0,0.0,0.0,0.0,0.0,0.0,0.0,0.0,0.0,0.0,0.0,2.004,-2.004,2.004,-2.004,2.004,0.0,0.0,0.0,0.0,6524.0,-1.587938231163264e+29,0.0,-107615888.0,2.7184525388662284e+23,2.718449836706452e+23,-0.0,0.0,0.0,2.004,2.004,222,-0.0,-0.0,0.0,0.0,0.0,0.0,0.0,0.0,0.0,0,0,0,-2.0482605301528214e+31,0.0,1.797959349503611e+38,0.093,-0.0,1.307196144747578e+26,1.1837165163264344e+19,-8453871101804544.0,0.0,-3.892068439870669e+16,-0.0,138.274,0.0,0.0,0.0,0.0,0,1.3516416376850534e+27,222,0.0,444,-2.637553503966331e+17,-0.0,2114,26215,17110,26215,17112,26215,17095,0,0,0,101,100,100,2.730232694483534e+23,63.2,-107615216.0,63.5,0.0,63.5,1,49,50,180,13107,26215,0,0,0.0,0.0,0.0,60.0,-2.8275295737181735e+34,70.5,0.0,-2.6022759145852214e+26,0.0,1071,0,1072,0,0,0,1072,0,1081,0,997,0,635,0,637,0,631,0,675,0.032,5.275768805080932e+21,-2.004,0.0,27664,16813,0.0,-0.0,0.0,-0.0,-108442706509824.0,-0.0,50.0,60.0,35,0.0,0.0,10.0,2.0,0.0,0.0,0.0,0.0,0.0,0.0,0.0,0.0,0.0,0.0,0.0,0.0,59.2,54,12,65509,27,65476,0,300,0,0,8,20529,65476,0,0,30147,60.0,0.0,10.0,10.0,2.0,0.0
2026-02-16T12:01:00,ERR,ERR,ERR,ERR,ERR,ERR,ERR,ERR,ERR,ERR,ERR,ERR,ERR,ERR,ERR,ERR,ERR,ERR,ERR,ERR,ERR,ERR,ERR,ERR,ERR,ERR,ERR,ERR,ERR,ERR,ERR,ERR,ERR,ERR,ERR,ERR,ERR,ERR,ERR,ERR,ERR,ERR,ERR,ERR,ERR,ERR,ERR,ERR,ERR,ERR,ERR,ERR,ERR,ERR,ERR,ERR,ERR,ERR,ERR,ERR,ERR,ERR,ERR,ERR,ERR,ERR,ERR,ERR,ERR,ERR,ERR,ERR,ERR,ERR,ERR,ERR,ERR,ERR,ERR,ERR,ERR,ERR,ERR,ERR,ERR,ERR,ERR,ERR,ERR,ERR,ERR,ERR,ERR,ERR,ERR,ERR,ERR,ERR,ERR,ERR,ERR,ERR,ERR,ERR,ERR,ERR,ERR,ERR,ERR,ERR,ERR,ERR,ERR,ERR,ERR,ERR,ERR,ERR,ERR,ERR,ERR,ERR,ERR,ERR,ERR,-107615888.0,-0.0,2.718405881574089e+23,-0.0,0.0,6.57485443970237e+35,0.0,0.0,4300,0,8,17170,4300,-0.0,39,0.0,0.0,-0.0,0.0,-4.925046184806267e+32,0,0,0,0,0.0,0,0,0,0,0,0,0,0,0,0,0,0,0,0,0,0,0,0,0,0,0,0,0,0,0,0,0,0,0,0,0,0,0,12,35,35,47,65476,402,65476,1,0,4,21553,0.0,0.0,2.276412467793528e+38,0.0,0.0,0.0,0.0,0.0,0.0,0.0,0.0,0.0,0.0,0.0,0.0,0.0,0.0,0.0,0.0,0.0,0.0,2.004,-2.004,2.004,-2.004,2.004,0.0,0.0,0.0,0.0,6524.0,-1.587938231163264e+29,0.0,-107615888.0,2.7184525388662284e+23,2.718449836706452e+23,-0.0,0.0,0.0,2.004,2.004,222,-0.0,-0.0,0.0,0.0,0.0,0.0,0.0,0.0,0.0,0,0,0,-2.0482605301528214e+31,0.0,1.797959349503611e+38,0.093,-0.0,1.307196144747578e+26,1.1837165163264344e+19,-8453871101804544.0,0.0,-3.892068439870669e+16,-0.0,138.274,0.0,0.0,0.0,0.0,0,1.3516416376850534e+27,222,0.0,444,-2.637553503966331e+17,-0.0,2114,26215,17110,26215,17112,26215,17095,0,0,0,101,100,100,2.730232694483534e+23,63.2,-107615216.0,63.5,0.0,63.5,1,49,50,180,13107,26215,0,0,0.0,0.0,0.0,60.0,0.0,70.5,0.0,-0.0,0.0,1071,0,1072,0,0,0,1072,0,1081,0,997,0,635,0,637,0,631,0,675,0.032,5.34955578137577e+21,-2.004,0.0,22416,16813,-5.327710464777708e+36,-0.0,-6412370603671552.0,-0.0,-0.673,868657725440.0,50.0,60.0,35,0.0,0.0,10.0,2.0,0.0,0.0,0.0,0.0,0.0,0.0,0.0,0.0,0.0,0.0,0.0,0.0,58.8,54,12,65509,27,65476,0,300,0,0,8,20529,65476,0,0,30147,60.0,0.0,10.0,10.0,2.0,0.0
2026-02-16T12:01:01,ERR,ERR,ERR,ERR,ERR,ERR,ERR,ERR,ERR,ERR,ERR,ERR,ERR,ERR,ERR,ERR,ERR,ERR,ERR,ERR,ERR,ERR,ERR,ERR,ERR,ERR,ERR,ERR,ERR,ERR,ERR,ERR,ERR,ERR,ERR,ERR,ERR,ERR,ERR,ERR,ERR,ERR,ERR,ERR,ERR,ERR,ERR,ERR,ERR,ERR,ERR,ERR,ERR,ERR,ERR,ERR,ERR,ERR,ERR,ERR,ERR,ERR,ERR,ERR,ERR,ERR,ERR,ERR,ERR,ERR,ERR,ERR,ERR,ERR,ERR,ERR,ERR,ERR,ERR,ERR,ERR,ERR,ERR,ERR,ERR,ERR,ERR,ERR,ERR,ERR,ERR,ERR,ERR,ERR,ERR,ERR,ERR,ERR,ERR,ERR,ERR,ERR,ERR,ERR,ERR,ERR,ERR,ERR,ERR,ERR,ERR,ERR,ERR,ERR,ERR,ERR,ERR,ERR,ERR,ERR,ERR,ERR,ERR,ERR,ERR,-107615888.0,2.7184525388662284e+23,nan,-0.0,-8136.944,-0.0,7.499603516880023e+21,-0.0,4300,0,8,17170,4300,14654995693568.0,39,0.0,0.0,-0.0,0.0,-4.925046184806267e+32,0,0,0,0,0.0,0,0,0,0,0,0,0,0,0,0,0,0,0,0,0,0,0,0,0,0,0,0,0,0,0,0,0,0,0,0,0,0,0,12,35,35,47,65476,403,65476,1,0,4,21553,0.0,2.7183305813883192e+23,-3.372118646967423e+33,0.0,0.0,0.0,0.0,0.0,0.0,0.0,0.0,0.0,0.0,0.0,0.0,0.0,0.0,0.0,0.0,0.0,0.0,2.004,-2.004,2.004,-2.004,-0.0,0.0,0.0,0.0,0.0,6528.0,0.0,0.0,-107615888.0,2.7184525388662284e+23,2.718449836706452e+23,-107616272.0,0.0,0.0,2.004,2.004,222,-0.0,-0.0,0.0,0.0,0.0,0.0,0.0,0.0,0.0,0,0,0,-8702064590848.0,-8769967809888256.0,1.4228008924913629e+37,nan,1.654772022603549e+22,1.1270593418541138e+18,-0.0,0.005,-0.0,-4.229838411923456e+16,-0.0,151.274,0.0,0.0,0.0,-1.513023623849944e+25,0,1.3516416376850534e+27,222,0.0,444,0.0,-1881180032.0,2114,26215,17110,26215,17112,26215,17095,0,0,0,101,100,100,2.730232694483534e+23,63.2,-107615216.0,63.5,0.0,63.5,1,49,50,180,13107,26215,0,0,0.0,0.0,0.0,60.0,0.0,70.5,0.0,-0.0,0.0,1071,0,1072,0,0,0,1072,0,1081,0,997,0,635,0,637,0,631,0,675,0.032,5.34955578137577e+21,-2.004,0.0,22416,16813,-5.327710464777708e+36,-0.0,-6412370603671552.0,-0.0,-0.673,868657725440.0,50.0,60.0,35,0.0,0.0,10.0,2.0,0.0,0.0,0.0,0.0,0.0,0.0,0.0,0.0,0.0,0.0,0.0,0.0,58.8,54,12,65509,27,65476,0,300,0,0,8,20529,65476,0,0,30147,60.0,0.0,10.0,10.0,2.0,0.0
2026-02-16T12:01:02,ERR,ERR,ERR,ERR,ERR,ERR,ERR,ERR,ERR,ERR,ERR,ERR,ERR,ERR,ERR,ERR,ERR,ERR,ERR,ERR,ERR,ERR,ERR,ERR,ERR,ERR,ERR,ERR,ERR,ERR,ERR,ERR,ERR,ERR,ERR,ERR,ERR,ERR,ERR,ERR,ERR,ERR,ERR,ERR,ERR,ERR,ERR,ERR,ERR,ERR,ERR,ERR,ERR,ERR,ERR,ERR,ERR,ERR,ERR,ERR,ERR,ERR,ERR,ERR,ERR,ERR,ERR,ERR,ERR,ERR,ERR,ERR,ERR,ERR,ERR,ERR,ERR,ERR,ERR,ERR,ERR,ERR,ERR,ERR,ERR,ERR,ERR,ERR,ERR,ERR,ERR,ERR,ERR,ERR,ERR,ERR,ERR,ERR,ERR,ERR,ERR,ERR,ERR,ERR,ERR,ERR,ERR,ERR,ERR,ERR,ERR,ERR,ERR,ERR,ERR,ERR,ERR,ERR,ERR,ERR,ERR,ERR,ERR,ERR,ERR,-107615888.0,2.7184525388662284e+23,nan,-0.0,-8136.944,-0.0,7.499603516880023e+21,-0.0,4300,0,8,17170,4300,14654995693568.0,39,0.0,0.0,-0.0,0.0,-4.925046184806267e+32,0,0,0,0,0.0,0,0,0,0,0,0,0,0,0,0,0,0,0,0,0,0,0,0,0,0,0,0,0,0,0,0,0,0,0,0,0,0,0,12,35,35,47,65476,403,65476,1,0,4,21553,0.0,2.7183305813883192e+23,-3.372118646967423e+33,0.0,0.0,0.0,0.0,0.0,0.0,0.0,0.0,0.0,0.0,0.0,0.0,0.0,0.0,0.0,0.0,0.0,0.0,2.004,-2.004,2.004,-2.004,-0.0,0.0,0.0,0.0,0.0,6528.0,0.0,0.0,-107615888.0,2.7184525388662284e+23,2.718449836706452e+23,-107616272.0,0.0,0.0,2.004,2.004,222,-0.0,-0.0,0.0,0.0,0.0,0.0,0.0,0.0,0.0,0,0,0,-8702064590848.0,-8769967809888256.0,1.4228008924913629e+37,nan,1.654772022603549e+22,1.1270593418541138e+18,-0.0,0.005,-0.0,-4.229838411923456e+16,-0.0,151.274,0.0,0.0,0.0,-1.513023623849944e+25,0,1.3516416376850534e+27,222,0.0,444,0.0,-1881180032.0,2114,26215,17110,26215,17112,26215,17095,0,0,0,101,100,100,2.730232694483534e+23,63.2,-107615216.0,63.5,0.0,63.5,1,49,50,180,13107,26215,0,0,0.0,0.0,0.0,60.0,0.0,70.5,0.0,-0.0,0.0,1071,0,1072,0,0,0,1072,0,1081,0,997,0,635,0,637,0,631,0,675,0.032,5.34955578137577e+21,-2.004,0.0,22416,16813,-5.327710464777708e+36,-0.0,-6412370603671552.0,-0.0,-0.673,868657725440.0,50.0,60.0,35,0.0,0.0,10.0,2.0,0.0,0.0,0.0,0.0,0.0,0.0,0.0,0.0,0.0,0.0,0.0,0.0,59.2,54,12,65509,27,65476,0,300,0,0,8,20529,65476,0,0,30147,60.0,0.0,10.0,10.0,2.0,0.0
2026-02-16T12:01:03,ERR,ERR,ERR,ERR,ERR,ERR,ERR,ERR,ERR,ERR,ERR,ERR,ERR,ERR,ERR,ERR,ERR,ERR,ERR,ERR,ERR,ERR,ERR,ERR,ERR,ERR,ERR,ERR,ERR,ERR,ERR,ERR,ERR,ERR,ERR,ERR,ERR,ERR,ERR,ERR,ERR,ERR,ERR,ERR,ERR,ERR,ERR,ERR,ERR,ERR,ERR,ERR,ERR,ERR,ERR,ERR,ERR,ERR,ERR,ERR,ERR,ERR,ERR,ERR,ERR,ERR,ERR,ERR,ERR,ERR,ERR,ERR,ERR,ERR,ERR,ERR,ERR,ERR,ERR,ERR,ERR,ERR,ERR,ERR,ERR,ERR,ERR,ERR,ERR,ERR,ERR,ERR,ERR,ERR,ERR,ERR,ERR,ERR,ERR,ERR,ERR,ERR,ERR,ERR,ERR,ERR,ERR,ERR,ERR,ERR,ERR,ERR,ERR,ERR,ERR,ERR,ERR,ERR,ERR,ERR,ERR,ERR,ERR,ERR,ERR,-107615888.0,2.7184525388662284e+23,nan,-0.0,-8136.944,-0.0,7.499603516880023e+21,-0.0,4300,0,8,17170,4300,14654995693568.0,39,0.0,0.0,-0.0,0.0,-4.925046184806267e+32,0,0,0,0,0.0,0,0,0,0,0,0,0,0,0,0,0,0,0,0,0,0,0,0,0,0,0,0,0,0,0,0,0,0,0,0,0,0,0,12,35,35,47,65476,403,65476,1,0,4,21553,0.0,2.7183305813883192e+23,-3.372118646967423e+33,0.0,0.0,0.0,0.0,0.0,0.0,0.0,0.0,0.0,0.0,0.0,0.0,0.0,0.0,0.0,0.0,0.0,0.0,2.004,-2.004,2.004,-2.004,-0.0,0.0,0.0,0.0,0.0,6528.0,0.0,0.0,-107615888.0,2.7184525388662284e+23,2.718449836706452e+23,-107616272.0,0.0,0.0,2.004,2.004,222,-0.0,-0.0,0.0,0.0,0.0,0.0,0.0,0.0,0.0,0,0,0,-8702064590848.0,-8769967809888256.0,1.4228008924913629e+37,nan,1.654772022603549e+22,1.1270593418541138e+18,-0.0,0.005,-0.0,-4.229838411923456e+16,-0.0,151.274,0.0,0.0,0.0,-1.513023623849944e+25,0,1.3516416376850534e+27,222,0.0,444,0.0,-1881180032.0,2114,26215,17110,26215,17112,26215,17095,0,0,0,101,100,100,2.730232694483534e+23,63.2,-107615216.0,63.5,0.0,63.5,1,49,50,180,13107,26215,0,0,0.0,0.0,0.0,60.0,0.0,70.5,0.0,-0.0,0.0,1071,0,1072,0,0,0,1072,0,1081,0,997,0,635,0,637,0,631,0,675,0.032,5.34955578137577e+21,-2.004,0.0,22416,16813,-5.327710464777708e+36,-0.0,-6412370603671552.0,-0.0,-0.673,868657725440.0,50.0,60.0,35,0.0,0.0,10.0,2.0,0.0,0.0,0.0,0.0,0.0,0.0,0.0,0.0,0.0,0.0,0.0,0.0,59.2,54,12,65509,27,65476,0,300,0,0,8,20529,65476,0,0,30147,60.0,0.0,10.0,10.0,2.0,0.0
2026-02-16T12:01:04,ERR,ERR,ERR,ERR,ERR,ERR,ERR,ERR,ERR,ERR,ERR,ERR,ERR,ERR,ERR,ERR,ERR,ERR,ERR,ERR,ERR,ERR,ERR,ERR,ERR,ERR,ERR,ERR,ERR,ERR,ERR,ERR,ERR,ERR,ERR,ERR,ERR,ERR,ERR,ERR,ERR,ERR,ERR,ERR,ERR,ERR,ERR,ERR,ERR,ERR,ERR,ERR,ERR,ERR,ERR,ERR,ERR,ERR,ERR,ERR,ERR,ERR,ERR,ERR,ERR,ERR,ERR,ERR,ERR,ERR,ERR,ERR,ERR,ERR,ERR,ERR,ERR,ERR,ERR,ERR,ERR,ERR,ERR,ERR,ERR,ERR,ERR,ERR,ERR,ERR,ERR,ERR,ERR,ERR,ERR,ERR,ERR,ERR,ERR,ERR,ERR,ERR,ERR,ERR,ERR,ERR,ERR,ERR,ERR,ERR,ERR,ERR,ERR,ERR,ERR,ERR,ERR,ERR,ERR,ERR,ERR,ERR,ERR,ERR,ERR,-107615888.0,2.7184525388662284e+23,nan,-0.0,-8136.944,-0.0,7.499603516880023e+21,-0.0,4300,0,8,17170,4300,14654995693568.0,39,0.0,0.0,-0.0,0.0,-4.925046184806267e+32,0,0,0,0,0.0,0,0,0,0,0,0,0,0,0,0,0,0,0,0,0,0,0,0,0,0,0,0,0,0,0,0,0,0,0,0,0,0,0,12,35,35,47,65476,403,65476,1,0,4,21553,0.0,2.7183305813883192e+23,-3.372118646967423e+33,0.0,0.0,0.0,0.0,0.0,0.0,0.0,0.0,0.0,0.0,0.0,0.0,0.0,0.0,0.0,0.0,0.0,0.0,2.004,-2.004,2.004,-2.004,-0.0,0.0,0.0,0.0,0.0,6528.0,0.0,0.0,-107615888.0,2.7184525388662284e+23,2.718449836706452e+23,-107616272.0,0.0,0.0,2.004,2.004,222,-0.0,-0.0,0.0,0.0,0.0,0.0,0.0,0.0,0.0,0,0,0,-8702064590848.0,-8769967809888256.0,1.4228008924913629e+37,nan,1.654772022603549e+22,1.1270593418541138e+18,-0.0,0.005,-0.0,-4.229838411923456e+16,-0.0,151.274,0.0,0.0,0.0,-1.513023623849944e+25,0,1.3516416376850534e+27,222,0.0,444,0.0,-1881180032.0,2114,26215,17110,26215,17112,13107,17095,0,0,0,101,100,100,2.730232694483534e+23,63.2,-107615216.0,63.5,0.0,63.5,1,49,50,180,13107,26215,0,0,0.0,0.0,0.0,60.0,-7.328920803993535e+31,70.5,0.0,-5.417656548809887e+25,0.0,1071,0,1072,0,0,0,1072,0,1081,0,997,0,635,0,637,0,631,0,675,0.032,5.312662293228351e+21,-2.004,0.0,14096,16813,-1.0146161949498028e+37,0.0,8.944168101411291e+18,-29664.471,0.0,-7.700863373903291e+26,50.0,60.0,35,0.0,0.0,10.0,2.0,0.0,0.0,0.0,0.0,0.0,0.0,0.0,0.0,0.0,0.0,0.0,0.0,58.8,54,12,65509,27,65476,0,300,0,0,8,20529,65476,0,0,30147,60.0,0.0,10.0,10.0,2.0,0.0
2026-02-16T12:01:05,ERR,ERR,ERR,ERR,ERR,ERR,ERR,ERR,ERR,ERR,ERR,ERR,ERR,ERR,ERR,ERR,ERR,ERR,ERR,ERR,ERR,ERR,ERR,ERR,ERR,ERR,ERR,ERR,ERR,ERR,ERR,ERR,ERR,ERR,ERR,ERR,ERR,ERR,ERR,ERR,ERR,ERR,ERR,ERR,ERR,ERR,ERR,ERR,ERR,ERR,ERR,ERR,ERR,ERR,ERR,ERR,ERR,ERR,ERR,ERR,ERR,ERR,ERR,ERR,ERR,ERR,ERR,ERR,ERR,ERR,ERR,ERR,ERR,ERR,ERR,ERR,ERR,ERR,ERR,ERR,ERR,ERR,ERR,ERR,ERR,ERR,ERR,ERR,ERR,ERR,ERR,ERR,ERR,ERR,ERR,ERR,ERR,ERR,ERR,ERR,ERR,ERR,ERR,ERR,ERR,ERR,ERR,ERR,ERR,ERR,ERR,ERR,ERR,ERR,ERR,ERR,ERR,ERR,ERR,ERR,ERR,ERR,ERR,ERR,ERR,-107615888.0,2.7184525388662284e+23,nan,-0.0,-8136.944,-0.0,7.499603516880023e+21,-0.0,4300,0,8,17170,4300,14654995693568.0,39,0.0,0.0,-0.0,0.0,-4.925046184806267e+32,0,0,0,0,0.0,0,0,0,0,0,0,0,0,0,0,0,0,0,0,0,0,0,0,0,0,0,0,0,0,0,0,0,0,0,0,0,0,0,12,35,35,47,65476,403,65476,1,0,4,21553,0.0,2.7183305813883192e+23,-3.372118646967423e+33,0.0,0.0,0.0,0.0,0.0,0.0,0.0,0.0,0.0,0.0,0.0,0.0,0.0,0.0,0.0,0.0,0.0,0.0,2.004,-2.004,2.004,-2.004,-0.0,0.0,0.0,0.0,0.0,6528.0,0.0,0.0,-107615888.0,2.7184525388662284e+23,2.718449836706452e+23,-107616272.0,0.0,0.0,2.004,2.004,222,-0.0,-0.0,0.0,0.0,0.0,0.0,0.0,0.0,0.0,0,0,0,-8702064590848.0,-8769967809888256.0,1.4228008924913629e+37,nan,1.654772022603549e+22,1.1270593418541138e+18,-0.0,0.005,-0.0,-4.229838411923456e+16,-0.0,151.274,0.0,0.0,0.0,-1.513023623849944e+25,0,1.3516416376850534e+27,222,0.0,444,0.0,-1881180032.0,2114,26215,17110,26215,17112,13107,17095,0,0,0,101,100,100,2.730232694483534e+23,63.2,-107615216.0,63.5,0.0,63.5,1,49,50,180,13107,26215,0,0,0.0,0.0,0.0,60.0,-7.328920803993535e+31,70.5,0.0,-5.417656548809887e+25,0.0,1071,0,1072,0,0,0,1072,0,1081,0,997,0,635,0,637,0,631,0,675,0.032,5.312662293228351e+21,-2.004,0.0,14096,16813,-1.0146161949498028e+37,0.0,8.944168101411291e+18,-29664.471,0.0,-7.700863373903291e+26,50.0,60.0,35,0.0,0.0,10.0,2.0,0.0,0.0,0.0,0.0,0.0,0.0,0.0,0.0,0.0,0.0,0.0,0.0,58.8,54,12,65509,27,65476,0,300,0,0,8,20529,65476,0,0,30147,60.0,0.0,10.0,10.0,2.0,0.0
2026-02-16T12:01:06,ERR,ERR,ERR,ERR,ERR,ERR,ERR,ERR,ERR,ERR,ERR,ERR,ERR,ERR,ERR,ERR,ERR,ERR,ERR,ERR,ERR,ERR,ERR,ERR,ERR,ERR,ERR,ERR,ERR,ERR,ERR,ERR,ERR,ERR,ERR,ERR,ERR,ERR,ERR,ERR,ERR,ERR,ERR,ERR,ERR,ERR,ERR,ERR,ERR,ERR,ERR,ERR,ERR,ERR,ERR,ERR,ERR,ERR,ERR,ERR,ERR,ERR,ERR,ERR,ERR,ERR,ERR,ERR,ERR,ERR,ERR,ERR,ERR,ERR,ERR,ERR,ERR,ERR,ERR,ERR,ERR,ERR,ERR,ERR,ERR,ERR,ERR,ERR,ERR,ERR,ERR,ERR,ERR,ERR,ERR,ERR,ERR,ERR,ERR,ERR,ERR,ERR,ERR,ERR,ERR,ERR,ERR,ERR,ERR,ERR,ERR,ERR,ERR,ERR,ERR,ERR,ERR,ERR,ERR,ERR,ERR,ERR,ERR,ERR,ERR,-107615888.0,2.7184525388662284e+23,nan,-0.0,-8136.944,-4.0137323057135374e+36,-2.239863163610391e+20,23.781,4300,0,8,17170,4300,14654995693568.0,39,0.0,0.0,-0.0,0.0,-4.925046184806267e+32,0,0,0,0,0.0,0,0,0,0,0,0,0,0,0,0,0,0,0,0,0,0,0,0,0,0,0,0,0,0,0,0,0,0,0,0,0,0,0,12,36,36,47,65476,403,65476,1,0,4,21553,0.0,0.0,-0.0,0.0,0.0,0.0,0.0,0.0,0.0,0.0,0.0,0.0,0.0,0.0,0.0,0.0,0.0,0.0,0.0,0.0,0.0,2.004,-2.004,2.004,-2.004,-2.004,0.0,0.0,0.0,0.0,6557.0,-0.0,0.0,-107615888.0,2.7184525388662284e+23,2.718449836706452e+23,0.0,0.0,0.0,2.004,2.004,223,-0.0,0.0,0.0,0.0,0.0,0.0,0.0,0.0,0.0,0,0,0,-1.103358427590675e+31,0.0,-0.0,0.0,-0.0,8.458743097956762e+16,-0.0,-0.0,-234120224.0,-4.595755881647309e+16,-0.0,164.274,0.0,0.0,0.0,-0.0,0,1.3516416376850534e+27,223,0.0,446,0.0,-1881180032.0,2114,26215,17110,26215,17112,13107,17095,0,0,0,101,100,100,2.730232694483534e+23,63.2,-107615216.0,63.5,0.0,63.5,1,49,50,180,13107,26215,0,0,0.0,0.0,0.0,60.0,-7.328920803993535e+31,70.5,0.0,-5.417656548809887e+25,0.0,1071,0,1072,0,0,0,1072,0,1081,0,997,0,635,0,637,0,631,0,675,0.032,5.312662293228351e+21,-2.004,0.0,14096,16813,-1.0146161949498028e+37,0.0,8.944168101411291e+18,-29664.471,0.0,-7.700863373903291e+26,50.0,60.0,35,0.0,0.0,10.0,2.0,0.0,0.0,0.0,0.0,0.0,0.0,0.0,0.0,0.0,0.0,0.0,0.0,58.8,54,12,65509,27,65476,0,300,0,0,8,20529,65476,0,0,30147,60.0,0.0,10.0,10.0,2.0,0.0
2026-02-16T12:01:07,ERR,ERR,ERR,ERR,ERR,ERR,ERR,ERR,ERR,ERR,ERR,ERR,ERR,ERR,ERR,ERR,ERR,ERR,ERR,ERR,ERR,ERR,ERR,ERR,ERR,ERR,ERR,ERR,ERR,ERR,ERR,ERR,ERR,ERR,ERR,ERR,ERR,ERR,ERR,ERR,ERR,ERR,ERR,ERR,ERR,ERR,ERR,ERR,ERR,ERR,ERR,ERR,ERR,ERR,ERR,ERR,ERR,ERR,ERR,ERR,ERR,ERR,ERR,ERR,ERR,ERR,ERR,ERR,ERR,ERR,ERR,ERR,ERR,ERR,ERR,ERR,ERR,ERR,ERR,ERR,ERR,ERR,ERR,ERR,ERR,ERR,ERR,ERR,ERR,ERR,ERR,ERR,ERR,ERR,ERR,ERR,ERR,ERR,ERR,ERR,ERR,ERR,ERR,ERR,ERR,ERR,ERR,ERR,ERR,ERR,ERR,ERR,ERR,ERR,ERR,ERR,ERR,ERR,ERR,ERR,ERR,ERR,ERR,ERR,ERR,-107615888.0,2.7184525388662284e+23,nan,-0.0,-8136.944,-4.0137323057135374e+36,-2.239863163610391e+20,23.781,4300,0,8,17170,4300,14654995693568.0,39,0.0,0.0,-0.0,0.0,-4.925046184806267e+32,0,0,0,0,0.0,0,0,0,0,0,0,0,0,0,0,0,0,0,0,0,0,0,0,0,0,0,0,0,0,0,0,0,0,0,0,0,0,0,12,36,36,47,65476,403,65476,1,0,4,21553,0.0,0.0,-0.0,0.0,0.0,0.0,0.0,0.0,0.0,0.0,0.0,0.0,0.0,0.0,0.0,0.0,0.0,0.0,0.0,0.0,0.0,2.004,-2.004,2.004,-2.004,-2.004,0.0,0.0,0.0,0.0,6557.0,-0.0,0.0,-107615888.0,2.7184525388662284e+23,2.718449836706452e+23,0.0,0.0,0.0,2.004,2.004,223,-0.0,0.0,0.0,0.0,0.0,0.0,0.0,0.0,0.0,0,0,0,-1.103358427590675e+31,0.0,-0.0,0.0,-0.0,8.458743097956762e+16,-0.0,-0.0,-234120224.0,-4.595755881647309e+16,-0.0,164.274,0.0,0.0,0.0,-0.0,0,1.3516416376850534e+27,223,0.0,446,0.0,-1881180032.0,2114,26215,17110,13107,17112,26215,17095,0,0,0,101,100,100,2.730232694483534e+23,63.2,-107615216.0,63.5,0.0,63.5,1,49,50,180,13107,26215,0,0,0.0,0.0,0.0,60.0,-7.736936207137868e+36,70.5,0.0,-0.0,0.0,1071,0,1072,0,0,0,1072,0,1081,0,997,0,635,0,637,0,631,0,675,0.032,5.275768805080932e+21,-2.004,0.0,36112,16813,0.0,-0.0,-6.586538506846208e+17,-0.0,-2628.098,389777174036480.0,50.0,60.0,35,0.0,0.0,10.0,2.0,0.0,0.0,0.0,0.0,0.0,0.0,0.0,0.0,0.0,0.0,0.0,0.0,59.2,53,12,65509,27,65476,0,300,0,0,8,20529,65476,0,0,30147,60.0,0.0,10.0,10.0,2.0,0.0
2026-02-16T12:01:08,ERR,ERR,ERR,ERR,ERR,ERR,ERR,ERR,ERR,ERR,ERR,ERR,ERR,ERR,ERR,ERR,ERR,ERR,ERR,ERR,ERR,ERR,ERR,ERR,ERR,ERR,ERR,ERR,ERR,ERR,ERR,ERR,ERR,ERR,ERR,ERR,ERR,ERR,ERR,ERR,ERR,ERR,ERR,ERR,ERR,ERR,ERR,ERR,ERR,ERR,ERR,ERR,ERR,ERR,ERR,ERR,ERR,ERR,ERR,ERR,ERR,ERR,ERR,ERR,ERR,ERR,ERR,ERR,ERR,ERR,ERR,ERR,ERR,ERR,ERR,ERR,ERR,ERR,ERR,ERR,ERR,ERR,ERR,ERR,ERR,ERR,ERR,ERR,ERR,ERR,ERR,ERR,ERR,ERR,ERR,ERR,ERR,ERR,ERR,ERR,ERR,ERR,ERR,ERR,ERR,ERR,ERR,ERR,ERR,ERR,ERR,ERR,ERR,ERR,ERR,ERR,ERR,ERR,ERR,ERR,ERR,ERR,ERR,ERR,ERR,-107615888.0,2.7184525388662284e+23,nan,-0.0,-8136.944,-4.0137323057135374e+36,-2.239863163610391e+20,23.781,4300,0,8,17170,4300,14654995693568.0,39,0.0,0.0,-0.0,0.0,-4.925046184806267e+32,0,0,0,0,0.0,0,0,0,0,0,0,0,0,0,0,0,0,0,0,0,0,0,0,0,0,0,0,0,0,0,0,0,0,0,0,0,0,0,12,36,36,47,65476,403,65476,1,0,4,21553,0.0,0.0,-0.0,0.0,0.0,0.0,0.0,0.0,0.0,0.0,0.0,0.0,0.0,0.0,0.0,0.0,0.0,0.0,0.0,0.0,0.0,2.004,-2.004,2.004,-2.004,-2.004,0.0,0.0,0.0,0.0,6557.0,-0.0,0.0,-107615888.0,2.7184525388662284e+23,2.718449836706452e+23,0.0,0.0,0.0,2.004,2.004,223,-0.0,0.0,0.0,0.0,0.0,0.0,0.0,0.0,0.0,0,0,0,-1.103358427590675e+31,0.0,-0.0,0.0,-0.0,8.458743097956762e+16,-0.0,-0.0,-234120224.0,-4.595755881647309e+16,-0.0,164.274,0.0,0.0,0.0,-0.0,0,1.3516416376850534e+27,223,0.0,446,0.0,-1881180032.0,2114,26215,17110,13107,17112,26215,17095,0,0,0,101,100,100,2.730232694483534e+23,63.2,-107615216.0,63.5,0.0,63.5,1,49,50,180,13107,26215,0,0,0.0,0.0,0.0,60.0,-7.736936207137868e+36,70.5,0.0,-0.0,0.0,1071,0,1072,0,0,0,1072,0,1081,0,997,0,635,0,637,0,631,0,675,0.032,5.275768805080932e+21,-2.004,0.0,36112,16813,0.0,-0.0,-6.586538506846208e+17,-0.0,-2628.098,389777174036480.0,50.0,60.0,35,0.0,0.0,10.0,2.0,0.0,0.0,0.0,0.0,0.0,0.0,0.0,0.0,0.0,0.0,0.0,0.0,59.2,53,12,65509,27,65476,0,300,0,0,8,20529,65476,0,0,30147,60.0,0.0,10.0,10.0,2.0,0.0
2026-02-16T12:01:09,ERR,ERR,ERR,ERR,ERR,ERR,ERR,ERR,ERR,ERR,ERR,ERR,ERR,ERR,ERR,ERR,ERR,ERR,ERR,ERR,ERR,ERR,ERR,ERR,ERR,ERR,ERR,ERR,ERR,ERR,ERR,ERR,ERR,ERR,ERR,ERR,ERR,ERR,ERR,ERR,ERR,ERR,ERR,ERR,ERR,ERR,ERR,ERR,ERR,ERR,ERR,ERR,ERR,ERR,ERR,ERR,ERR,ERR,ERR,ERR,ERR,ERR,ERR,ERR,ERR,ERR,ERR,ERR,ERR,ERR,ERR,ERR,ERR,ERR,ERR,ERR,ERR,ERR,ERR,ERR,ERR,ERR,ERR,ERR,ERR,ERR,ERR,ERR,ERR,ERR,ERR,ERR,ERR,ERR,ERR,ERR,ERR,ERR,ERR,ERR,ERR,ERR,ERR,ERR,ERR,ERR,ERR,ERR,ERR,ERR,ERR,ERR,ERR,ERR,ERR,ERR,ERR,ERR,ERR,ERR,ERR,ERR,ERR,ERR,ERR,-107615888.0,2.7184525388662284e+23,nan,-0.0,-8136.944,-4.0137323057135374e+36,-2.239863163610391e+20,23.781,4300,0,8,17170,4300,14654995693568.0,39,0.0,0.0,-0.0,0.0,-4.925046184806267e+32,0,0,0,0,0.0,0,0,0,0,0,0,0,0,0,0,0,0,0,0,0,0,0,0,0,0,0,0,0,0,0,0,0,0,0,0,0,0,0,12,36,36,47,65476,403,65476,1,0,4,21553,0.0,0.0,-0.0,0.0,0.0,0.0,0.0,0.0,0.0,0.0,0.0,0.0,0.0,0.0,0.0,0.0,0.0,0.0,0.0,0.0,0.0,2.004,-2.004,2.004,-2.004,-2.004,0.0,0.0,0.0,0.0,6557.0,-0.0,0.0,-107615888.0,2.7184525388662284e+23,2.718449836706452e+23,0.0,0.0,0.0,2.004,2.004,223,-0.0,0.0,0.0,0.0,0.0,0.0,0.0,0.0,0.0,0,0,0,-1.103358427590675e+31,0.0,-0.0,0.0,-0.0,8.458743097956762e+16,-0.0,-0.0,-234120224.0,-4.595755881647309e+16,-0.0,164.274,0.0,0.0,0.0,-0.0,0,1.3516416376850534e+27,223,0.0,446,0.0,-1881180032.0,2114,26215,17110,13107,17112,26215,17095,0,0,0,101,100,100,2.730232694483534e+23,63.2,-107615216.0,63.5,0.0,63.5,1,49,50,180,13107,26215,0,0,0.0,0.0,0.0,60.0,-7.736936207137868e+36,70.5,0.0,-0.0,0.0,1071,0,1072,0,0,0,1072,0,1081,0,997,0,635,0,637,0,631,0,675,0.032,5.275768805080932e+21,-2.004,0.0,36112,16813,0.0,-0.0,-6.586538506846208e+17,-0.0,-2628.098,389777174036480.0,50.0,60.0,35,0.0,0.0,10.0,2.0,0.0,0.0,0.0,0.0,0.0,0.0,0.0,0.0,0.0,0.0,0.0,0.0,59.2,53,12,65509,26,65476,0,300,0,0,8,20529,65476,0,0,30147,60.0,0.0,10.0,10.0,2.0,0.0
2026-02-16T12:01:10,ERR,ERR,ERR,ERR,ERR,ERR,ERR,ERR,ERR,ERR,ERR,ERR,ERR,ERR,ERR,ERR,ERR,ERR,ERR,ERR,ERR,ERR,ERR,ERR,ERR,ERR,ERR,ERR,ERR,ERR,ERR,ERR,ERR,ERR,ERR,ERR,ERR,ERR,ERR,ERR,ERR,ERR,ERR,ERR,ERR,ERR,ERR,ERR,ERR,ERR,ERR,ERR,ERR,ERR,ERR,ERR,ERR,ERR,ERR,ERR,ERR,ERR,ERR,ERR,ERR,ERR,ERR,ERR,ERR,ERR,ERR,ERR,ERR,ERR,ERR,ERR,ERR,ERR,ERR,ERR,ERR,ERR,ERR,ERR,ERR,ERR,ERR,ERR,ERR,ERR,ERR,ERR,ERR,ERR,ERR,ERR,ERR,ERR,ERR,ERR,ERR,ERR,ERR,ERR,ERR,ERR,ERR,ERR,ERR,ERR,ERR,ERR,ERR,ERR,ERR,ERR,ERR,ERR,ERR,ERR,ERR,ERR,ERR,ERR,ERR,-107615888.0,2.7184525388662284e+23,nan,-0.0,-8136.944,5.492612694073194e+34,-0.0,-211.25,4300,0,8,17169,4300,14654995693568.0,39,0.0,0.0,-0.0,0.0,-4.925046184806267e+32,0,0,0,0,0.0,0,0,0,0,0,0,0,0,0,0,0,0,0,0,0,0,0,0,0,0,0,0,0,0,0,0,0,0,0,0,0,0,0,12,36,36,48,65476,404,65476,1,0,4,21553,0.0,0.0,6.3196880518332285e+19,0.0,0.0,0.0,0.0,0.0,0.0,0.0,0.0,0.0,0.0,0.0,0.0,0.0,0.0,0.0,0.0,0.0,0.0,2.004,-2.004,2.004,-2.004,-3.697076622266571e+19,0.0,0.0,0.0,0.0,6556.0,-2.004,0.0,-107615888.0,107616344.0,2.718449836706452e+23,0.0,0.0,0.0,2.004,2.004,224,-0.0,0.0,0.0,0.0,0.0,0.0,0.0,0.0,0.0,0,0,0,-4.657750636855984e+23,5746923667456.0,1.5308006671488873e+37,-0.0,-0.0,1.1581394818190889e+38,-12207631.0,-7.483543539871331e+20,0.0,-4.933525853700096e+16,-0.0,176.274,0.0,0.0,0.0,-0.0,0,1.3516416376850534e+27,224,0.0,448,-2.637553503966331e+17,-0.0,2114,26215,17110,26215,17112,26215,17095,0,0,0,101,100,100,2.730232694483534e+23,63.2,-107615216.0,63.5,0.0,63.5,1,49,50,180,13107,26215,0,0,0.0,0.0,0.0,60.0,0.0,71.0,0.0,0.0,0.0,1071,0,1072,0,0,0,1072,0,1081,0,997,0,635,0,637,0,631,0,676,0.032,5.312662293228351e+21,0.0,0.0,45200,16813,0.0,0.0,-232.251,-0.001,-0.0,2868.002,50.0,60.0,35,0.0,0.0,10.0,2.0,0.0,0.0,0.0,0.0,0.0,0.0,0.0,0.0,0.0,0.0,0.0,0.0,58.8,53,12,65509,27,65476,0,300,0,0,8,20529,65476,0,0,30147,60.0,0.0,10.0,10.0,2.0,0.0
2026-02-16T12:01:11,ERR,ERR,ERR,ERR,ERR,ERR,ERR,ERR,ERR,ERR,ERR,ERR,ERR,ERR,ERR,ERR,ERR,ERR,ERR,ERR,ERR,ERR,ERR,ERR,ERR,ERR,ERR,ERR,ERR,ERR,ERR,ERR,ERR,ERR,ERR,ERR,ERR,ERR,ERR,ERR,ERR,ERR,ERR,ERR,ERR,ERR,ERR,ERR,ERR,ERR,ERR,ERR,ERR,ERR,ERR,ERR,ERR,ERR,ERR,ERR,ERR,ERR,ERR,ERR,ERR,ERR,ERR,ERR,ERR,ERR,ERR,ERR,ERR,ERR,ERR,ERR,ERR,ERR,ERR,ERR,ERR,ERR,ERR,ERR,ERR,ERR,ERR,ERR,ERR,ERR,ERR,ERR,ERR,ERR,ERR,ERR,ERR,ERR,ERR,ERR,ERR,ERR,ERR,ERR,ERR,ERR,ERR,ERR,ERR,ERR,ERR,ERR,ERR,ERR,ERR,ERR,ERR,ERR,ERR,ERR,ERR,ERR,ERR,ERR,ERR,-107615888.0,2.7184525388662284e+23,nan,-0.0,-8136.944,5.492612694073194e+34,-0.0,-211.25,4300,0,8,17169,4300,14654995693568.0,39,0.0,0.0,-0.0,0.0,-4.925046184806267e+32,0,0,0,0,0.0,0,0,0,0,0,0,0,0,0,0,0,0,0,0,0,0,0,0,0,0,0,0,0,0,0,0,0,0,0,0,0,0,0,12,36,36,48,65476,404,65476,1,0,4,21553,0.0,0.0,6.3196880518332285e+19,0.0,0.0,0.0,0.0,0.0,0.0,0.0,0.0,0.0,0.0,0.0,0.0,0.0,0.0,0.0,0.0,0.0,0.0,2.004,-2.004,2.004,-2.004,-3.697076622266571e+19,0.0,0.0,0.0,0.0,6556.0,-2.004,0.0,-107615888.0,107616344.0,2.718449836706452e+23,0.0,0.0,0.0,2.004,2.004,224,-0.0,0.0,0.0,0.0,0.0,0.0,0.0,0.0,0.0,0,0,0,-4.657750636855984e+23,5746923667456.0,1.5308006671488873e+37,-0.0,-0.0,1.1581394818190889e+38,-12207631.0,-7.483543539871331e+20,0.0,-4.933525853700096e+16,-0.0,176.274,0.0,0.0,0.0,-0.0,0,1.3516416376850534e+27,224,0.0,448,-2.637553503966331e+17,-0.0,2114,26215,17110,26215,17112,26215,17095,0,0,0,101,100,100,2.730232694483534e+23,63.2,-107615216.0,63.5,0.0,63.5,1,49,50,180,13107,26215,0,0,0.0,0.0,0.0,60.0,0.0,71.0,0.0,0.0,0.0,1071,0,1072,0,0,0,1072,0,1081,0,997,0,635,0,637,0,631,0,676,0.032,5.312662293228351e+21,0.0,0.0,45200,16813,0.0,0.0,-232.251,-0.001,-0.0,2868.002,50.0,60.0,35,0.0,0.0,10.0,2.0,0.0,0.0,0.0,0.0,0.0,0.0,0.0,0.0,0.0,0.0,0.0,0.0,58.8,53,12,65509,27,65476,0,300,0,0,8,20529,65476,0,0,30147,60.0,0.0,10.0,10.0,2.0,0.0
2026-02-16T12:01:12,ERR,ERR,ERR,ERR,ERR,ERR,ERR,ERR,ERR,ERR,ERR,ERR,ERR,ERR,ERR,ERR,ERR,ERR,ERR,ERR,ERR,ERR,ERR,ERR,ERR,ERR,ERR,ERR,ERR,ERR,ERR,ERR,ERR,ERR,ERR,ERR,ERR,ERR,ERR,ERR,ERR,ERR,ERR,ERR,ERR,ERR,ERR,ERR,ERR,ERR,ERR,ERR,ERR,ERR,ERR,ERR,ERR,ERR,ERR,ERR,ERR,ERR,ERR,ERR,ERR,ERR,ERR,ERR,ERR,ERR,ERR,ERR,ERR,ERR,ERR,ERR,ERR,ERR,ERR,ERR,ERR,ERR,ERR,ERR,ERR,ERR,ERR,ERR,ERR,ERR,ERR,ERR,ERR,ERR,ERR,ERR,ERR,ERR,ERR,ERR,ERR,ERR,ERR,ERR,ERR,ERR,ERR,ERR,ERR,ERR,ERR,ERR,ERR,ERR,ERR,ERR,ERR,ERR,ERR,ERR,ERR,ERR,ERR,ERR,ERR,-107615888.0,2.7184525388662284e+23,nan,-0.0,-8136.944,5.492612694073194e+34,-0.0,-211.25,4300,0,8,17169,4300,14654995693568.0,39,0.0,0.0,-0.0,0.0,-4.925046184806267e+32,0,0,0,0,0.0,0,0,0,0,0,0,0,0,0,0,0,0,0,0,0,0,0,0,0,0,0,0,0,0,0,0,0,0,0,0,0,0,0,12,36,36,48,65476,404,65476,1,0,4,21553,0.0,0.0,6.3196880518332285e+19,0.0,0.0,0.0,0.0,0.0,0.0,0.0,0.0,0.0,0.0,0.0,0.0,0.0,0.0,0.0,0.0,0.0,0.0,2.004,-2.004,2.004,-2.004,-3.697076622266571e+19,0.0,0.0,0.0,0.0,6556.0,-2.004,0.0,-107615888.0,107616344.0,2.718449836706452e+23,0.0,0.0,0.0,2.004,2.004,224,-0.0,0.0,0.0,0.0,0.0,0.0,0.0,0.0,0.0,0,0,0,-4.657750636855984e+23,5746923667456.0,1.5308006671488873e+37,-0.0,-0.0,1.1581394818190889e+38,-12207631.0,-7.483543539871331e+20,0.0,-4.933525853700096e+16,-0.0,176.274,0.0,0.0,0.0,-0.0,0,1.3516416376850534e+27,224,0.0,448,-2.637553503966331e+17,-0.0,2114,26215,17110,26215,17112,26215,17095,0,0,0,101,100,100,2.730232694483534e+23,63.2,-107615216.0,63.5,0.0,63.5,1,49,50,180,13107,26215,0,0,0.0,0.0,0.0,60.0,0.0,71.0,0.0,0.0,0.0,1071,0,1072,0,0,0,1072,0,1081,0,997,0,635,0,637,0,631,0,676,0.032,5.312662293228351e+21,0.0,0.0,45200,16813,0.0,0.0,-232.251,-0.001,-0.0,2868.002,50.0,60.0,35,0.0,0.0,10.0,2.0,0.0,0.0,0.0,0.0,0.0,0.0,0.0,0.0,0.0,0.0,0.0,0.0,58.8,53,12,65509,26,65476,0,300,0,0,8,20529,65476,0,0,30147,60.0,0.0,10.0,10.0,2.0,0.0
2026-02-16T12:01:13,ERR,ERR,ERR,ERR,ERR,ERR,ERR,ERR,ERR,ERR,ERR,ERR,ERR,ERR,ERR,ERR,ERR,ERR,ERR,ERR,ERR,ERR,ERR,ERR,ERR,ERR,ERR,ERR,ERR,ERR,ERR,ERR,ERR,ERR,ERR,ERR,ERR,ERR,ERR,ERR,ERR,ERR,ERR,ERR,ERR,ERR,ERR,ERR,ERR,ERR,ERR,ERR,ERR,ERR,ERR,ERR,ERR,ERR,ERR,ERR,ERR,ERR,ERR,ERR,ERR,ERR,ERR,ERR,ERR,ERR,ERR,ERR,ERR,ERR,ERR,ERR,ERR,ERR,ERR,ERR,ERR,ERR,ERR,ERR,ERR,ERR,ERR,ERR,ERR,ERR,ERR,ERR,ERR,ERR,ERR,ERR,ERR,ERR,ERR,ERR,ERR,ERR,ERR,ERR,ERR,ERR,ERR,ERR,ERR,ERR,ERR,ERR,ERR,ERR,ERR,ERR,ERR,ERR,ERR,ERR,ERR,ERR,ERR,ERR,ERR,-107615888.0,2.7184525388662284e+23,nan,-0.0,-8136.944,5.492612694073194e+34,-0.0,-211.25,4300,0,8,17169,4300,14654995693568.0,39,0.0,0.0,-0.0,0.0,-4.925046184806267e+32,0,0,0,0,0.0,0,0,0,0,0,0,0,0,0,0,0,0,0,0,0,0,0,0,0,0,0,0,0,0,0,0,0,0,0,0,0,0,0,12,36,36,48,65476,404,65476,1,0,4,21553,0.0,0.0,6.3196880518332285e+19,0.0,0.0,0.0,0.0,0.0,0.0,0.0,0.0,0.0,0.0,0.0,0.0,0.0,0.0,0.0,0.0,0.0,0.0,2.004,-2.004,2.004,-2.004,-3.697076622266571e+19,0.0,0.0,0.0,0.0,6556.0,-2.004,0.0,-107615888.0,107616344.0,2.718449836706452e+23,0.0,0.0,0.0,2.004,2.004,224,-0.0,0.0,0.0,0.0,0.0,0.0,0.0,0.0,0.0,0,0,0,-4.657750636855984e+23,5746923667456.0,1.5308006671488873e+37,-0.0,-0.0,1.1581394818190889e+38,-12207631.0,-7.483543539871331e+20,0.0,-4.933525853700096e+16,-0.0,176.274,0.0,0.0,0.0,-0.0,0,1.3516416376850534e+27,224,0.0,448,-2.637553503966331e+17,-0.0,2114,26215,17110,26215,17112,26215,17095,0,0,0,101,100,100,2.730232694483534e+23,63.2,-107615216.0,63.5,0.0,63.5,1,49,50,180,13107,26215,0,0,0.0,0.0,0.0,60.0,0.0,71.0,0.0,0.0,0.0,1071,0,1072,0,0,0,1072,0,1081,0,997,0,635,0,637,0,631,0,676,0.032,5.312662293228351e+21,0.0,0.0,45200,16813,0.0,0.0,-232.251,-0.001,-0.0,2868.002,50.0,60.0,35,0.0,0.0,10.0,2.0,0.0,0.0,0.0,0.0,0.0,0.0,0.0,0.0,0.0,0.0,0.0,0.0,58.8,53,12,65509,26,65476,0,300,0,0,8,20529,65476,0,0,30147,60.0,0.0,10.0,10.0,2.0,0.0
2026-02-16T12:01:14,ERR,ERR,ERR,ERR,ERR,ERR,ERR,ERR,ERR,ERR,ERR,ERR,ERR,ERR,ERR,ERR,ERR,ERR,ERR,ERR,ERR,ERR,ERR,ERR,ERR,ERR,ERR,ERR,ERR,ERR,ERR,ERR,ERR,ERR,ERR,ERR,ERR,ERR,ERR,ERR,ERR,ERR,ERR,ERR,ERR,ERR,ERR,ERR,ERR,ERR,ERR,ERR,ERR,ERR,ERR,ERR,ERR,ERR,ERR,ERR,ERR,ERR,ERR,ERR,ERR,ERR,ERR,ERR,ERR,ERR,ERR,ERR,ERR,ERR,ERR,ERR,ERR,ERR,ERR,ERR,ERR,ERR,ERR,ERR,ERR,ERR,ERR,ERR,ERR,ERR,ERR,ERR,ERR,ERR,ERR,ERR,ERR,ERR,ERR,ERR,ERR,ERR,ERR,ERR,ERR,ERR,ERR,ERR,ERR,ERR,ERR,ERR,ERR,ERR,ERR,ERR,ERR,ERR,ERR,ERR,ERR,ERR,ERR,ERR,ERR,-107615888.0,2.7184525388662284e+23,nan,-0.0,-8136.944,5.492612694073194e+34,-0.0,-211.25,4300,0,8,17169,4300,14654995693568.0,39,0.0,0.0,-0.0,0.0,-4.925046184806267e+32,0,0,0,0,0.0,0,0,0,0,0,0,0,0,0,0,0,0,0,0,0,0,0,0,0,0,0,0,0,0,0,0,0,0,0,0,0,0,0,12,36,36,48,65476,404,65476,1,0,4,21553,0.0,0.0,6.3196880518332285e+19,0.0,0.0,0.0,0.0,0.0,0.0,0.0,0.0,0.0,0.0,0.0,0.0,0.0,0.0,0.0,0.0,0.0,0.0,2.004,-2.004,2.004,-2.004,-3.697076622266571e+19,0.0,0.0,0.0,0.0,6556.0,-2.004,0.0,-107615888.0,107616344.0,2.718449836706452e+23,0.0,0.0,0.0,2.004,2.004,224,-0.0,0.0,0.0,0.0,0.0,0.0,0.0,0.0,0.0,0,0,0,-4.657750636855984e+23,5746923667456.0,1.5308006671488873e+37,-0.0,-0.0,1.1581394818190889e+38,-12207631.0,-7.483543539871331e+20,0.0,-4.933525853700096e+16,-0.0,176.274,0.0,0.0,0.0,-0.0,0,1.3516416376850534e+27,224,0.0,448,-2.637553503966331e+17,-0.0,2114,26215,17110,13107,17112,26215,17095,0,0,0,101,100,100,2.730232694483534e+23,63.2,-107615216.0,63.5,0.0,63.5,1,49,50,180,13107,26215,0,0,0.0,0.0,0.0,60.0,0.0,71.0,0.0,0.0,0.0,1071,0,1072,0,0,0,1072,0,1081,0,997,0,635,0,637,0,631,0,676,0.032,5.275768805080932e+21,0.0,0.0,50576,16813,0.0,-42481311744.0,-0.0,-2.0471804579691294e+24,-0.0,0.0,50.0,60.0,35,0.0,0.0,10.0,2.0,0.0,0.0,0.0,0.0,0.0,0.0,0.0,0.0,0.0,0.0,0.0,0.0,58.8,53,12,65509,26,65476,0,300,0,0,8,20529,65476,0,0,30147,60.0,0.0,10.0,10.0,2.0,0.0
2026-02-16T12:01:15,ERR,ERR,ERR,ERR,ERR,ERR,ERR,ERR,ERR,ERR,ERR,ERR,ERR,ERR,ERR,ERR,ERR,ERR,ERR,ERR,ERR,ERR,ERR,ERR,ERR,ERR,ERR,ERR,ERR,ERR,ERR,ERR,ERR,ERR,ERR,ERR,ERR,ERR,ERR,ERR,ERR,ERR,ERR,ERR,ERR,ERR,ERR,ERR,ERR,ERR,ERR,ERR,ERR,ERR,ERR,ERR,ERR,ERR,ERR,ERR,ERR,ERR,ERR,ERR,ERR,ERR,ERR,ERR,ERR,ERR,ERR,ERR,ERR,ERR,ERR,ERR,ERR,ERR,ERR,ERR,ERR,ERR,ERR,ERR,ERR,ERR,ERR,ERR,ERR,ERR,ERR,ERR,ERR,ERR,ERR,ERR,ERR,ERR,ERR,ERR,ERR,ERR,ERR,ERR,ERR,ERR,ERR,ERR,ERR,ERR,ERR,ERR,ERR,ERR,ERR,ERR,ERR,ERR,ERR,ERR,ERR,ERR,ERR,ERR,ERR,-107615888.0,107616344.0,-0.0,-0.0,1.8194473603301376e+16,1.059730744097325e+25,-0.0,5.100535995379759e+21,4300,0,8,17169,4300,14654995693568.0,38,0.0,0.0,-0.0,0.0,-4.925046184806267e+32,0,0,0,0,0.0,0,0,0,0,0,0,0,0,0,0,0,0,0,0,0,0,0,0,0,0,0,0,0,0,0,0,0,0,0,0,0,0,0,12,36,36,48,65476,407,65476,1,0,4,21553,0.0,-0.0,-713761.75,0.0,0.0,0.0,0.0,0.0,0.0,0.0,0.0,0.0,0.0,0.0,0.0,0.0,0.0,0.0,0.0,0.0,0.0,2.004,-2.004,0.0,-2.004,0.0,0.0,0.0,0.0,0.0,6561.0,0.0,0.0,-107615888.0,107616344.0,2.718449836706452e+23,107616280.0,0.0,0.0,2.004,2.004,222,-0.0,0.0,0.0,0.0,0.0,0.0,0.0,0.0,0.0,0,0,0,-5.072328311603274e+24,0.0,1.3096123398691895e+28,-8.266,3153635571662848.0,1.1402737080033304e+21,-0.0,163028418953216.0,-0.0,-5.271295825752883e+16,-0.0,188.274,0.0,0.0,0.0,-1.810059177685032e+21,0,1.3516416376850534e+27,222,0.0,444,0.0,0.0,2114,26215,17110,13107,17112,26215,17095,0,0,0,101,100,100,2.730232694483534e+23,63.2,-107615216.0,63.5,0.0,63.5,1,49,50,180,13107,26215,0,0,0.0,0.0,0.0,60.0,0.0,71.0,0.0,0.0,0.0,1071,0,1072,0,0,0,1072,0,1081,0,997,0,635,0,637,0,631,0,676,0.032,5.275768805080932e+21,0.0,0.0,50576,16813,0.0,-42481311744.0,-0.0,-2.0471804579691294e+24,-0.0,0.0,50.0,60.0,35,0.0,0.0,10.0,2.0,0.0,0.0,0.0,0.0,0.0,0.0,0.0,0.0,0.0,0.0,0.0,0.0,59.2,53,12,65509,26,65476,0,300,0,0,8,20529,65476,0,0,30147,60.0,0.0,10.0,10.0,2.0,0.0
2026-02-16T12:01:16,ERR,ERR,ERR,ERR,ERR,ERR,ERR,ERR,ERR,ERR,ERR,ERR,ERR,ERR,ERR,ERR,ERR,ERR,ERR,ERR,ERR,ERR,ERR,ERR,ERR,ERR,ERR,ERR,ERR,ERR,ERR,ERR,ERR,ERR,ERR,ERR,ERR,ERR,ERR,ERR,ERR,ERR,ERR,ERR,ERR,ERR,ERR,ERR,ERR,ERR,ERR,ERR,ERR,ERR,ERR,ERR,ERR,ERR,ERR,ERR,ERR,ERR,ERR,ERR,ERR,ERR,ERR,ERR,ERR,ERR,ERR,ERR,ERR,ERR,ERR,ERR,ERR,ERR,ERR,ERR,ERR,ERR,ERR,ERR,ERR,ERR,ERR,ERR,ERR,ERR,ERR,ERR,ERR,ERR,ERR,ERR,ERR,ERR,ERR,ERR,ERR,ERR,ERR,ERR,ERR,ERR,ERR,ERR,ERR,ERR,ERR,ERR,ERR,ERR,ERR,ERR,ERR,ERR,ERR,ERR,ERR,ERR,ERR,ERR,ERR,-107615888.0,107616344.0,-0.0,-0.0,1.8194473603301376e+16,1.059730744097325e+25,-0.0,5.100535995379759e+21,4300,0,8,17169,4300,14654995693568.0,38,0.0,0.0,-0.0,0.0,-4.925046184806267e+32,0,0,0,0,0.0,0,0,0,0,0,0,0,0,0,0,0,0,0,0,0,0,0,0,0,0,0,0,0,0,0,0,0,0,0,0,0,0,0,12,36,36,48,65476,407,65476,1,0,4,21553,0.0,-0.0,-713761.75,0.0,0.0,0.0,0.0,0.0,0.0,0.0,0.0,0.0,0.0,0.0,0.0,0.0,0.0,0.0,0.0,0.0,0.0,2.004,-2.004,0.0,-2.004,0.0,0.0,0.0,0.0,0.0,6561.0,0.0,0.0,-107615888.0,107616344.0,2.718449836706452e+23,107616280.0,0.0,0.0,2.004,2.004,222,-0.0,0.0,0.0,0.0,0.0,0.0,0.0,0.0,0.0,0,0,0,-5.072328311603274e+24,0.0,1.3096123398691895e+28,-8.266,3153635571662848.0,1.1402737080033304e+21,-0.0,163028418953216.0,-0.0,-5.271295825752883e+16,-0.0,188.274,0.0,0.0,0.0,-1.810059177685032e+21,0,1.3516416376850534e+27,222,0.0,444,0.0,0.0,2114,26215,17110,13107,17112,26215,17095,0,0,0,101,100,100,2.730232694483534e+23,63.2,-107615216.0,63.5,0.0,63.5,1,49,50,180,13107,26215,0,0,0.0,0.0,0.0,60.0,0.0,71.0,0.0,0.0,0.0,1071,0,1072,0,0,0,1072,0,1081,0,997,0,635,0,637,0,631,0,676,0.032,5.275768805080932e+21,0.0,0.0,50576,16813,0.0,-42481311744.0,-0.0,-2.0471804579691294e+24,-0.0,0.0,50.0,60.0,35,0.0,0.0,10.0,2.0,0.0,0.0,0.0,0.0,0.0,0.0,0.0,0.0,0.0,0.0,0.0,0.0,59.2,53,12,65509,26,65476,0,300,0,0,8,20529,65476,0,0,30147,60.0,0.0,10.0,10.0,2.0,0.0
2026-02-16T12:01:17,ERR,ERR,ERR,ERR,ERR,ERR,ERR,ERR,ERR,ERR,ERR,ERR,ERR,ERR,ERR,ERR,ERR,ERR,ERR,ERR,ERR,ERR,ERR,ERR,ERR,ERR,ERR,ERR,ERR,ERR,ERR,ERR,ERR,ERR,ERR,ERR,ERR,ERR,ERR,ERR,ERR,ERR,ERR,ERR,ERR,ERR,ERR,ERR,ERR,ERR,ERR,ERR,ERR,ERR,ERR,ERR,ERR,ERR,ERR,ERR,ERR,ERR,ERR,ERR,ERR,ERR,ERR,ERR,ERR,ERR,ERR,ERR,ERR,ERR,ERR,ERR,ERR,ERR,ERR,ERR,ERR,ERR,ERR,ERR,ERR,ERR,ERR,ERR,ERR,ERR,ERR,ERR,ERR,ERR,ERR,ERR,ERR,ERR,ERR,ERR,ERR,ERR,ERR,ERR,ERR,ERR,ERR,ERR,ERR,ERR,ERR,ERR,ERR,ERR,ERR,ERR,ERR,ERR,ERR,ERR,ERR,ERR,ERR,ERR,ERR,-107615888.0,107616344.0,-0.0,-0.0,1.8194473603301376e+16,1.059730744097325e+25,-0.0,5.100535995379759e+21,4300,0,8,17169,4300,14654995693568.0,38,0.0,0.0,-0.0,0.0,-4.925046184806267e+32,0,0,0,0,0.0,0,0,0,0,0,0,0,0,0,0,0,0,0,0,0,0,0,0,0,0,0,0,0,0,0,0,0,0,0,0,0,0,0,12,36,36,48,65476,407,65476,1,0,4,21553,0.0,-0.0,-713761.75,0.0,0.0,0.0,0.0,0.0,0.0,0.0,0.0,0.0,0.0,0.0,0.0,0.0,0.0,0.0,0.0,0.0,0.0,2.004,-2.004,0.0,-2.004,0.0,0.0,0.0,0.0,0.0,6561.0,0.0,0.0,-107615888.0,107616344.0,2.718449836706452e+23,107616280.0,0.0,0.0,2.004,2.004,222,-0.0,0.0,0.0,0.0,0.0,0.0,0.0,0.0,0.0,0,0,0,-5.072328311603274e+24,0.0,1.3096123398691895e+28,-8.266,3153635571662848.0,1.1402737080033304e+21,-0.0,163028418953216.0,-0.0,-5.271295825752883e+16,-0.0,188.274,0.0,0.0,0.0,-1.810059177685032e+21,0,1.3516416376850534e+27,222,0.0,444,0.0,0.0,2114,26215,17110,13107,17112,26215,17095,0,0,0,101,100,100,2.730232694483534e+23,63.2,-107615216.0,63.5,0.0,63.5,1,49,50,180,13107,26215,0,0,0.0,0.0,0.0,60.0,0.0,71.0,0.0,0.0,0.0,1071,0,1072,0,0,0,1072,0,1081,0,997,0,635,0,637,0,631,0,676,0.032,5.275768805080932e+21,0.0,0.0,39952,16813,0.0,0.0,-0.0,107616722223104.0,1.1466859106347823e+23,0.0,50.0,60.0,35,0.0,0.0,10.0,2.0,0.0,0.0,0.0,0.0,0.0,0.0,0.0,0.0,0.0,0.0,0.0,0.0,58.8,53,12,65509,26,65476,0,300,0,0,8,20529,65476,0,0,30147,60.0,0.0,10.0,10.0,2.0,0.0
2026-02-16T12:01:18,ERR,ERR,ERR,ERR,ERR,ERR,ERR,ERR,ERR,ERR,ERR,ERR,ERR,ERR,ERR,ERR,ERR,ERR,ERR,ERR,ERR,ERR,ERR,ERR,ERR,ERR,ERR,ERR,ERR,ERR,ERR,ERR,ERR,ERR,ERR,ERR,ERR,ERR,ERR,ERR,ERR,ERR,ERR,ERR,ERR,ERR,ERR,ERR,ERR,ERR,ERR,ERR,ERR,ERR,ERR,ERR,ERR,ERR,ERR,ERR,ERR,ERR,ERR,ERR,ERR,ERR,ERR,ERR,ERR,ERR,ERR,ERR,ERR,ERR,ERR,ERR,ERR,ERR,ERR,ERR,ERR,ERR,ERR,ERR,ERR,ERR,ERR,ERR,ERR,ERR,ERR,ERR,ERR,ERR,ERR,ERR,ERR,ERR,ERR,ERR,ERR,ERR,ERR,ERR,ERR,ERR,ERR,ERR,ERR,ERR,ERR,ERR,ERR,ERR,ERR,ERR,ERR,ERR,ERR,ERR,ERR,ERR,ERR,ERR,ERR,-107615888.0,107616344.0,-0.0,-0.0,1.8194473603301376e+16,1.059730744097325e+25,-0.0,5.100535995379759e+21,4300,0,8,17169,4300,14654995693568.0,38,0.0,0.0,-0.0,0.0,-4.925046184806267e+32,0,0,0,0,0.0,0,0,0,0,0,0,0,0,0,0,0,0,0,0,0,0,0,0,0,0,0,0,0,0,0,0,0,0,0,0,0,0,0,12,36,36,48,65476,407,65476,1,0,4,21553,0.0,-0.0,-713761.75,0.0,0.0,0.0,0.0,0.0,0.0,0.0,0.0,0.0,0.0,0.0,0.0,0.0,0.0,0.0,0.0,0.0,0.0,2.004,-2.004,0.0,-2.004,0.0,0.0,0.0,0.0,0.0,6561.0,0.0,0.0,-107615888.0,107616344.0,2.718449836706452e+23,107616280.0,0.0,0.0,2.004,2.004,222,-0.0,0.0,0.0,0.0,0.0,0.0,0.0,0.0,0.0,0,0,0,-5.072328311603274e+24,0.0,1.3096123398691895e+28,-8.266,3153635571662848.0,1.1402737080033304e+21,-0.0,163028418953216.0,-0.0,-5.271295825752883e+16,-0.0,188.274,0.0,0.0,0.0,-1.810059177685032e+21,0,1.3516416376850534e+27,222,0.0,444,0.0,0.0,2114,26215,17110,13107,17112,26215,17095,0,0,0,101,100,100,2.730232694483534e+23,63.2,-107615216.0,63.5,0.0,63.5,1,49,50,180,13107,26215,0,0,0.0,0.0,0.0,60.0,0.0,71.0,0.0,0.0,0.0,1071,0,1072,0,0,0,1072,0,1081,0,997,0,635,0,637,0,631,0,676,0.032,5.275768805080932e+21,0.0,0.0,39952,16813,0.0,0.0,-0.0,107616722223104.0,1.1466859106347823e+23,0.0,50.0,60.0,35,0.0,0.0,10.0,2.0,0.0,0.0,0.0,0.0,0.0,0.0,0.0,0.0,0.0,0.0,0.0,0.0,58.8,53,12,65509,26,65476,0,300,0,0,8,20529,65476,0,0,30147,60.0,0.0,10.0,10.0,2.0,0.0
2026-02-16T12:01:19,ERR,ERR,ERR,ERR,ERR,ERR,ERR,ERR,ERR,ERR,ERR,ERR,ERR,ERR,ERR,ERR,ERR,ERR,ERR,ERR,ERR,ERR,ERR,ERR,ERR,ERR,ERR,ERR,ERR,ERR,ERR,ERR,ERR,ERR,ERR,ERR,ERR,ERR,ERR,ERR,ERR,ERR,ERR,ERR,ERR,ERR,ERR,ERR,ERR,ERR,ERR,ERR,ERR,ERR,ERR,ERR,ERR,ERR,ERR,ERR,ERR,ERR,ERR,ERR,ERR,ERR,ERR,ERR,ERR,ERR,ERR,ERR,ERR,ERR,ERR,ERR,ERR,ERR,ERR,ERR,ERR,ERR,ERR,ERR,ERR,ERR,ERR,ERR,ERR,ERR,ERR,ERR,ERR,ERR,ERR,ERR,ERR,ERR,ERR,ERR,ERR,ERR,ERR,ERR,ERR,ERR,ERR,ERR,ERR,ERR,ERR,ERR,ERR,ERR,ERR,ERR,ERR,ERR,ERR,ERR,ERR,ERR,ERR,ERR,ERR,-107615888.0,107616344.0,-0.0,-0.0,1.8194473603301376e+16,1.059730744097325e+25,-0.0,5.100535995379759e+21,4300,0,8,17169,4300,14654995693568.0,38,0.0,0.0,-0.0,0.0,-4.925046184806267e+32,0,0,0,0,0.0,0,0,0,0,0,0,0,0,0,0,0,0,0,0,0,0,0,0,0,0,0,0,0,0,0,0,0,0,0,0,0,0,0,12,36,36,48,65476,407,65476,1,0,4,21553,0.0,-0.0,-713761.75,0.0,0.0,0.0,0.0,0.0,0.0,0.0,0.0,0.0,0.0,0.0,0.0,0.0,0.0,0.0,0.0,0.0,0.0,2.004,-2.004,0.0,-2.004,0.0,0.0,0.0,0.0,0.0,6561.0,0.0,0.0,-107615888.0,107616344.0,2.718449836706452e+23,107616280.0,0.0,0.0,2.004,2.004,222,-0.0,0.0,0.0,0.0,0.0,0.0,0.0,0.0,0.0,0,0,0,-5.072328311603274e+24,0.0,1.3096123398691895e+28,-8.266,3153635571662848.0,1.1402737080033304e+21,-0.0,163028418953216.0,-0.0,-5.271295825752883e+16,-0.0,188.274,0.0,0.0,0.0,-1.810059177685032e+21,0,1.3516416376850534e+27,222,0.0,444,0.0,0.0,2114,26215,17110,13107,17112,26215,17095,0,0,0,101,100,100,2.730232694483534e+23,63.2,-107615216.0,63.5,0.0,63.5,1,49,50,180,13107,26215,0,0,0.0,0.0,0.0,60.0,0.0,71.0,0.0,0.0,0.0,1071,0,1072,0,0,0,1072,0,1081,0,997,0,635,0,637,0,631,0,676,0.032,5.275768805080932e+21,0.0,0.0,39952,16813,0.0,0.0,-0.0,107616722223104.0,1.1466859106347823e+23,0.0,50.0,60.0,35,0.0,0.0,10.0,2.0,0.0,0.0,0.0,0.0,0.0,0.0,0.0,0.0,0.0,0.0,0.0,0.0,59.2,53,12,65510,26,65476,0,300,0,0,8,20529,65476,0,0,30147,60.0,0.0,10.0,10.0,2.0,0.0
2026-02-16T12:01:20,ERR,ERR,ERR,ERR,ERR,ERR,ERR,ERR,ERR,ERR,ERR,ERR,ERR,ERR,ERR,ERR,ERR,ERR,ERR,ERR,ERR,ERR,ERR,ERR,ERR,ERR,ERR,ERR,ERR,ERR,ERR,ERR,ERR,ERR,ERR,ERR,ERR,ERR,ERR,ERR,ERR,ERR,ERR,ERR,ERR,ERR,ERR,ERR,ERR,ERR,ERR,ERR,ERR,ERR,ERR,ERR,ERR,ERR,ERR,ERR,ERR,ERR,ERR,ERR,ERR,ERR,ERR,ERR,ERR,ERR,ERR,ERR,ERR,ERR,ERR,ERR,ERR,ERR,ERR,ERR,ERR,ERR,ERR,ERR,ERR,ERR,ERR,ERR,ERR,ERR,ERR,ERR,ERR,ERR,ERR,ERR,ERR,ERR,ERR,ERR,ERR,ERR,ERR,ERR,ERR,ERR,ERR,ERR,ERR,ERR,ERR,ERR,ERR,ERR,ERR,ERR,ERR,ERR,ERR,ERR,ERR,ERR,ERR,ERR,ERR,-107615888.0,107616344.0,-0.0,-0.0,1.8194473603301376e+16,6.473073859255554e+31,-0.0,805943365337088.0,4300,0,8,17169,4300,14654995693568.0,38,0.0,0.0,-0.0,0.0,-4.925046184806267e+32,0,0,0,0,0.0,0,0,0,0,0,0,0,0,0,0,0,0,0,0,0,0,0,0,0,0,0,0,0,0,0,0,0,0,0,0,0,0,0,12,36,36,48,65476,406,65476,1,0,4,21553,0.0,-0.0,4.916361288618443e+21,0.0,0.0,0.0,0.0,0.0,0.0,0.0,0.0,0.0,0.0,0.0,0.0,0.0,0.0,0.0,0.0,0.0,0.0,2.004,-2.004,0.0,-3.6970739834386645e+19,0.0,0.0,0.0,0.0,0.0,6560.0,0.0,0.0,-107615888.0,107616344.0,-0.0,107616280.0,-0.0,0.0,2.004,2.004,222,-0.0,71.63,0.0,0.0,0.0,0.0,0.0,0.0,0.0,0,0,0,-7.160261084869841e+20,-0.0,2.8480494661736944e+38,0.0,1.5608799099087083e+32,-0.0,0.0,0.0,-203231887360.0,-5.637213295476736e+16,-0.0,201.274,0.0,0.0,0.0,0.0,0,1.3516416376850534e+27,222,0.0,444,-2.637553503966331e+17,-1.351645921280977e+35,2114,26215,17110,13107,17112,26215,17095,0,0,0,101,100,100,2.730232694483534e+23,63.2,-107615216.0,63.5,0.0,63.5,1,49,50,180,13107,26215,0,0,0.0,0.0,0.0,60.0,0.0,71.0,0.0,-5.5027726785704866e+29,0.0,1071,0,1072,0,0,0,1072,0,1081,0,997,0,635,0,637,0,631,0,676,0.032,5.275768805080932e+21,0.0,0.0,27792,16813,0.0,-5.5027726785704866e+29,1.6035233392075166e+28,-0.0,91267.148,-8.632199865567152e+35,50.0,60.0,35,0.0,0.0,10.0,2.0,0.0,0.0,0.0,0.0,0.0,0.0,0.0,0.0,0.0,0.0,0.0,0.0,58.8,53,12,65510,26,65476,0,300,0,0,8,20529,65476,0,0,30147,60.0,0.0,10.0,10.0,2.0,0.0
2026-02-16T12:01:21,ERR,ERR,ERR,ERR,ERR,ERR,ERR,ERR,ERR,ERR,ERR,ERR,ERR,ERR,ERR,ERR,ERR,ERR,ERR,ERR,ERR,ERR,ERR,ERR,ERR,ERR,ERR,ERR,ERR,ERR,ERR,ERR,ERR,ERR,ERR,ERR,ERR,ERR,ERR,ERR,ERR,ERR,ERR,ERR,ERR,ERR,ERR,ERR,ERR,ERR,ERR,ERR,ERR,ERR,ERR,ERR,ERR,ERR,ERR,ERR,ERR,ERR,ERR,ERR,ERR,ERR,ERR,ERR,ERR,ERR,ERR,ERR,ERR,ERR,ERR,ERR,ERR,ERR,ERR,ERR,ERR,ERR,ERR,ERR,ERR,ERR,ERR,ERR,ERR,ERR,ERR,ERR,ERR,ERR,ERR,ERR,ERR,ERR,ERR,ERR,ERR,ERR,ERR,ERR,ERR,ERR,ERR,ERR,ERR,ERR,ERR,ERR,ERR,ERR,ERR,ERR,ERR,ERR,ERR,ERR,ERR,ERR,ERR,ERR,ERR,-107615888.0,107616344.0,-0.0,-0.0,1.8194473603301376e+16,6.473073859255554e+31,-0.0,805943365337088.0,4300,0,8,17169,4300,14654995693568.0,38,0.0,0.0,-0.0,0.0,-4.925046184806267e+32,0,0,0,0,0.0,0,0,0,0,0,0,0,0,0,0,0,0,0,0,0,0,0,0,0,0,0,0,0,0,0,0,0,0,0,0,0,0,0,12,36,36,48,65476,406,65476,1,0,4,21553,0.0,-0.0,4.916361288618443e+21,0.0,0.0,0.0,0.0,0.0,0.0,0.0,0.0,0.0,0.0,0.0,0.0,0.0,0.0,0.0,0.0,0.0,0.0,2.004,-2.004,0.0,-3.6970739834386645e+19,0.0,0.0,0.0,0.0,0.0,6560.0,0.0,0.0,-107615888.0,107616344.0,-0.0,107616280.0,-0.0,0.0,2.004,2.004,222,-0.0,71.63,0.0,0.0,0.0,0.0,0.0,0.0,0.0,0,0,0,-7.160261084869841e+20,-0.0,2.8480494661736944e+38,0.0,1.5608799099087083e+32,-0.0,0.0,0.0,-203231887360.0,-5.637213295476736e+16,-0.0,201.274,0.0,0.0,0.0,0.0,0,1.3516416376850534e+27,222,0.0,444,-2.637553503966331e+17,-1.351645921280977e+35,2114,26215,17110,13107,17112,26215,17095,0,0,0,101,100,100,2.730232694483534e+23,63.2,-107615216.0,63.5,0.0,63.5,1,49,50,180,13107,26215,0,0,0.0,0.0,0.0,60.0,0.0,71.0,0.0,-5.5027726785704866e+29,0.0,1071,0,1072,0,0,0,1072,0,1081,0,997,0,635,0,637,0,631,0,676,0.032,5.275768805080932e+21,0.0,0.0,27792,16813,0.0,-5.5027726785704866e+29,1.6035233392075166e+28,-0.0,91267.148,-8.632199865567152e+35,50.0,60.0,35,0.0,0.0,10.0,2.0,0.0,0.0,0.0,0.0,0.0,0.0,0.0,0.0,0.0,0.0,0.0,0.0,58.8,53,12,65510,26,65476,0,300,0,0,8,20529,65476,0,0,30147,60.0,0.0,10.0,10.0,2.0,0.0
2026-02-16T12:01:22,ERR,ERR,ERR,ERR,ERR,ERR,ERR,ERR,ERR,ERR,ERR,ERR,ERR,ERR,ERR,ERR,ERR,ERR,ERR,ERR,ERR,ERR,ERR,ERR,ERR,ERR,ERR,ERR,ERR,ERR,ERR,ERR,ERR,ERR,ERR,ERR,ERR,ERR,ERR,ERR,ERR,ERR,ERR,ERR,ERR,ERR,ERR,ERR,ERR,ERR,ERR,ERR,ERR,ERR,ERR,ERR,ERR,ERR,ERR,ERR,ERR,ERR,ERR,ERR,ERR,ERR,ERR,ERR,ERR,ERR,ERR,ERR,ERR,ERR,ERR,ERR,ERR,ERR,ERR,ERR,ERR,ERR,ERR,ERR,ERR,ERR,ERR,ERR,ERR,ERR,ERR,ERR,ERR,ERR,ERR,ERR,ERR,ERR,ERR,ERR,ERR,ERR,ERR,ERR,ERR,ERR,ERR,ERR,ERR,ERR,ERR,ERR,ERR,ERR,ERR,ERR,ERR,ERR,ERR,ERR,ERR,ERR,ERR,ERR,ERR,-107615888.0,107616344.0,-0.0,-0.0,1.8194473603301376e+16,6.473073859255554e+31,-0.0,805943365337088.0,4300,0,8,17169,4300,14654995693568.0,38,0.0,0.0,-0.0,0.0,-4.925046184806267e+32,0,0,0,0,0.0,0,0,0,0,0,0,0,0,0,0,0,0,0,0,0,0,0,0,0,0,0,0,0,0,0,0,0,0,0,0,0,0,0,12,36,36,48,65476,406,65476,1,0,4,21553,0.0,-0.0,4.916361288618443e+21,0.0,0.0,0.0,0.0,0.0,0.0,0.0,0.0,0.0,0.0,0.0,0.0,0.0,0.0,0.0,0.0,0.0,0.0,2.004,-2.004,0.0,-3.6970739834386645e+19,0.0,0.0,0.0,0.0,0.0,6560.0,0.0,0.0,-107615888.0,107616344.0,-0.0,107616280.0,-0.0,0.0,2.004,2.004,222,-0.0,71.63,0.0,0.0,0.0,0.0,0.0,0.0,0.0,0,0,0,-7.160261084869841e+20,-0.0,2.8480494661736944e+38,0.0,1.5608799099087083e+32,-0.0,0.0,0.0,-203231887360.0,-5.637213295476736e+16,-0.0,201.274,0.0,0.0,0.0,0.0,0,1.3516416376850534e+27,222,0.0,444,-2.637553503966331e+17,-1.351645921280977e+35,2114,26215,17110,13107,17112,26215,17095,0,0,0,101,100,100,2.730232694483534e+23,63.2,-107615216.0,63.5,0.0,63.5,1,49,50,180,13107,26215,0,0,0.0,0.0,0.0,60.0,0.0,71.0,0.0,-5.5027726785704866e+29,0.0,1071,0,1072,0,0,0,1072,0,1081,0,997,0,635,0,637,0,631,0,676,0.032,5.275768805080932e+21,0.0,0.0,27792,16813,0.0,-5.5027726785704866e+29,1.6035233392075166e+28,-0.0,91267.148,-8.632199865567152e+35,50.0,60.0,35,0.0,0.0,10.0,2.0,0.0,0.0,0.0,0.0,0.0,0.0,0.0,0.0,0.0,0.0,0.0,0.0,58.8,53,12,65510,26,65476,0,300,0,0,8,20529,65476,0,0,30147,60.0,0.0,10.0,10.0,2.0,0.0
2026-02-16T12:01:23,ERR,ERR,ERR,ERR,ERR,ERR,ERR,ERR,ERR,ERR,ERR,ERR,ERR,ERR,ERR,ERR,ERR,ERR,ERR,ERR,ERR,ERR,ERR,ERR,ERR,ERR,ERR,ERR,ERR,ERR,ERR,ERR,ERR,ERR,ERR,ERR,ERR,ERR,ERR,ERR,ERR,ERR,ERR,ERR,ERR,ERR,ERR,ERR,ERR,ERR,ERR,ERR,ERR,ERR,ERR,ERR,ERR,ERR,ERR,ERR,ERR,ERR,ERR,ERR,ERR,ERR,ERR,ERR,ERR,ERR,ERR,ERR,ERR,ERR,ERR,ERR,ERR,ERR,ERR,ERR,ERR,ERR,ERR,ERR,ERR,ERR,ERR,ERR,ERR,ERR,ERR,ERR,ERR,ERR,ERR,ERR,ERR,ERR,ERR,ERR,ERR,ERR,ERR,ERR,ERR,ERR,ERR,ERR,ERR,ERR,ERR,ERR,ERR,ERR,ERR,ERR,ERR,ERR,ERR,ERR,ERR,ERR,ERR,ERR,ERR,-107615888.0,107616344.0,-0.0,-0.0,1.8194473603301376e+16,6.473073859255554e+31,-0.0,805943365337088.0,4300,0,8,17169,4300,14654995693568.0,38,0.0,0.0,-0.0,0.0,-4.925046184806267e+32,0,0,0,0,0.0,0,0,0,0,0,0,0,0,0,0,0,0,0,0,0,0,0,0,0,0,0,0,0,0,0,0,0,0,0,0,0,0,0,12,36,36,48,65476,406,65476,1,0,4,21553,0.0,-0.0,4.916361288618443e+21,0.0,0.0,0.0,0.0,0.0,0.0,0.0,0.0,0.0,0.0,0.0,0.0,0.0,0.0,0.0,0.0,0.0,0.0,2.004,-2.004,0.0,-3.6970739834386645e+19,0.0,0.0,0.0,0.0,0.0,6560.0,0.0,0.0,-107615888.0,107616344.0,-0.0,107616280.0,-0.0,0.0,2.004,2.004,222,-0.0,71.63,0.0,0.0,0.0,0.0,0.0,0.0,0.0,0,0,0,-7.160261084869841e+20,-0.0,2.8480494661736944e+38,0.0,1.5608799099087083e+32,-0.0,0.0,0.0,-203231887360.0,-5.637213295476736e+16,-0.0,201.274,0.0,0.0,0.0,0.0,0,1.3516416376850534e+27,222,0.0,444,-2.637553503966331e+17,-1.351645921280977e+35,2114,26215,17110,13107,17112,26215,17095,0,0,0,101,100,100,2.730232694483534e+23,63.2,-107615216.0,63.5,0.0,63.5,1,49,50,180,13107,26215,0,0,0.0,0.0,0.0,60.0,0.0,71.0,0.0,-5.5027726785704866e+29,0.0,1071,0,1072,0,0,0,1072,0,1081,0,997,0,635,0,637,0,631,0,676,0.032,5.275768805080932e+21,0.0,0.0,27792,16813,0.0,-5.5027726785704866e+29,1.6035233392075166e+28,-0.0,91267.148,-8.632199865567152e+35,50.0,60.0,35,0.0,0.0,10.0,2.0,0.0,0.0,0.0,0.0,0.0,0.0,0.0,0.0,0.0,0.0,0.0,0.0,58.8,53,12,65510,26,65476,0,300,0,0,8,20529,65476,0,0,30147,60.0,0.0,10.0,10.0,2.0,0.0
2026-02-16T12:01:24,ERR,ERR,ERR,ERR,ERR,ERR,ERR,ERR,ERR,ERR,ERR,ERR,ERR,ERR,ERR,ERR,ERR,ERR,ERR,ERR,ERR,ERR,ERR,ERR,ERR,ERR,ERR,ERR,ERR,ERR,ERR,ERR,ERR,ERR,ERR,ERR,ERR,ERR,ERR,ERR,ERR,ERR,ERR,ERR,ERR,ERR,ERR,ERR,ERR,ERR,ERR,ERR,ERR,ERR,ERR,ERR,ERR,ERR,ERR,ERR,ERR,ERR,ERR,ERR,ERR,ERR,ERR,ERR,ERR,ERR,ERR,ERR,ERR,ERR,ERR,ERR,ERR,ERR,ERR,ERR,ERR,ERR,ERR,ERR,ERR,ERR,ERR,ERR,ERR,ERR,ERR,ERR,ERR,ERR,ERR,ERR,ERR,ERR,ERR,ERR,ERR,ERR,ERR,ERR,ERR,ERR,ERR,ERR,ERR,ERR,ERR,ERR,ERR,ERR,ERR,ERR,ERR,ERR,ERR,ERR,ERR,ERR,ERR,ERR,ERR,-107615888.0,107616344.0,-0.0,-0.0,1.8194473603301376e+16,3.0012592648192262e+19,-0.0,2.0721018062985262e+27,4300,0,8,17169,4300,14654995693568.0,39,0.0,0.0,-0.0,0.0,-4.925046184806267e+32,0,0,0,0,0.0,0,0,0,0,0,0,0,0,0,0,0,0,0,0,0,0,0,0,0,0,0,0,0,0,0,0,0,0,0,0,0,0,0,12,36,36,48,65476,407,65476,1,0,4,21553,0.0,0.0,-3.680278954561261e+31,0.0,0.0,0.0,0.0,0.0,0.0,0.0,0.0,0.0,0.0,0.0,0.0,0.0,0.0,0.0,0.0,0.0,0.0,2.004,-2.004,0.0,-3.6970739834386645e+19,0.0,0.0,0.0,0.0,0.0,6588.0,8608232448.0,0.0,-107615888.0,107616344.0,-0.0,0.0,0.0,0.0,2.004,2.004,222,-0.0,2.7184280392842555e+23,0.0,0.0,0.0,0.0,0.0,0.0,0.0,0,0,0,-19362707456.0,0.0,2.142465687790029e+33,8036605.5,6.2045458747585724e+19,-0.0,0.0,-0.0,1066.196,-5.974983267529523e+16,-0.0,212.274,0.0,0.0,0.0,-1.301461605417384e+25,0,1.3516416376850534e+27,223,0.0,446,-2.637553503966331e+17,5.310760349218531e+19,2114,26215,17110,13107,17112,26215,17095,0,0,0,101,100,100,2.730232694483534e+23,63.2,-107615216.0,63.5,0.0,63.5,1,49,50,180,13107,26215,0,0,0.0,0.0,0.0,60.0,0.0,71.0,0.0,-0.0,0.0,1071,0,1072,0,0,0,1072,0,1081,0,997,0,635,0,637,0,632,0,676,0.032,5.312662293228351e+21,0.0,0.0,43664,16813,0.0,-0.0,-0.0,-126849.898,61408840.0,59.813,50.0,60.0,35,0.0,0.0,10.0,2.0,0.0,0.0,0.0,0.0,0.0,0.0,0.0,0.0,0.0,0.0,0.0,0.0,58.8,53,12,65510,26,65476,0,300,0,0,8,20529,65476,0,0,30147,60.0,0.0,10.0,10.0,2.0,0.0
2026-02-16T12:01:25,ERR,ERR,ERR,ERR,ERR,ERR,ERR,ERR,ERR,ERR,ERR,ERR,ERR,ERR,ERR,ERR,ERR,ERR,ERR,ERR,ERR,ERR,ERR,ERR,ERR,ERR,ERR,ERR,ERR,ERR,ERR,ERR,ERR,ERR,ERR,ERR,ERR,ERR,ERR,ERR,ERR,ERR,ERR,ERR,ERR,ERR,ERR,ERR,ERR,ERR,ERR,ERR,ERR,ERR,ERR,ERR,ERR,ERR,ERR,ERR,ERR,ERR,ERR,ERR,ERR,ERR,ERR,ERR,ERR,ERR,ERR,ERR,ERR,ERR,ERR,ERR,ERR,ERR,ERR,ERR,ERR,ERR,ERR,ERR,ERR,ERR,ERR,ERR,ERR,ERR,ERR,ERR,ERR,ERR,ERR,ERR,ERR,ERR,ERR,ERR,ERR,ERR,ERR,ERR,ERR,ERR,ERR,ERR,ERR,ERR,ERR,ERR,ERR,ERR,ERR,ERR,ERR,ERR,ERR,ERR,ERR,ERR,ERR,ERR,ERR,-107615888.0,107616344.0,-0.0,-0.0,1.8194473603301376e+16,3.0012592648192262e+19,-0.0,2.0721018062985262e+27,4300,0,8,17169,4300,14654995693568.0,39,0.0,0.0,-0.0,0.0,-4.925046184806267e+32,0,0,0,0,0.0,0,0,0,0,0,0,0,0,0,0,0,0,0,0,0,0,0,0,0,0,0,0,0,0,0,0,0,0,0,0,0,0,0,12,36,36,48,65476,407,65476,1,0,4,21553,0.0,0.0,-3.680278954561261e+31,0.0,0.0,0.0,0.0,0.0,0.0,0.0,0.0,0.0,0.0,0.0,0.0,0.0,0.0,0.0,0.0,0.0,0.0,2.004,-2.004,0.0,-3.6970739834386645e+19,0.0,0.0,0.0,0.0,0.0,6588.0,8608232448.0,0.0,-107615888.0,107616344.0,-0.0,0.0,0.0,0.0,2.004,2.004,222,-0.0,2.7184280392842555e+23,0.0,0.0,0.0,0.0,0.0,0.0,0.0,0,0,0,-19362707456.0,0.0,2.142465687790029e+33,8036605.5,6.2045458747585724e+19,-0.0,0.0,-0.0,1066.196,-5.974983267529523e+16,-0.0,212.274,0.0,0.0,0.0,-1.301461605417384e+25,0,1.3516416376850534e+27,223,0.0,446,-2.637553503966331e+17,5.310760349218531e+19,2114,26215,17110,13107,17112,26215,17095,0,0,0,101,100,100,2.730232694483534e+23,63.2,-107615216.0,63.5,0.0,63.5,1,49,50,180,13107,26215,0,0,0.0,0.0,0.0,60.0,0.0,71.0,0.0,-0.0,0.0,1071,0,1072,0,0,0,1072,0,1081,0,997,0,635,0,637,0,632,0,676,0.032,5.312662293228351e+21,0.0,0.0,43664,16813,0.0,-0.0,-0.0,-126849.898,61408840.0,59.813,50.0,60.0,35,0.0,0.0,10.0,2.0,0.0,0.0,0.0,0.0,0.0,0.0,0.0,0.0,0.0,0.0,0.0,0.0,58.8,53,12,65510,26,65476,0,300,0,0,8,20529,65476,0,0,30147,60.0,0.0,10.0,10.0,2.0,0.0
2026-02-16T12:01:26,ERR,ERR,ERR,ERR,ERR,ERR,ERR,ERR,ERR,ERR,ERR,ERR,ERR,ERR,ERR,ERR,ERR,ERR,ERR,ERR,ERR,ERR,ERR,ERR,ERR,ERR,ERR,ERR,ERR,ERR,ERR,ERR,ERR,ERR,ERR,ERR,ERR,ERR,ERR,ERR,ERR,ERR,ERR,ERR,ERR,ERR,ERR,ERR,ERR,ERR,ERR,ERR,ERR,ERR,ERR,ERR,ERR,ERR,ERR,ERR,ERR,ERR,ERR,ERR,ERR,ERR,ERR,ERR,ERR,ERR,ERR,ERR,ERR,ERR,ERR,ERR,ERR,ERR,ERR,ERR,ERR,ERR,ERR,ERR,ERR,ERR,ERR,ERR,ERR,ERR,ERR,ERR,ERR,ERR,ERR,ERR,ERR,ERR,ERR,ERR,ERR,ERR,ERR,ERR,ERR,ERR,ERR,ERR,ERR,ERR,ERR,ERR,ERR,ERR,ERR,ERR,ERR,ERR,ERR,ERR,ERR,ERR,ERR,ERR,ERR,-107615888.0,107616344.0,-0.0,-0.0,1.8194473603301376e+16,3.0012592648192262e+19,-0.0,2.0721018062985262e+27,4300,0,8,17169,4300,14654995693568.0,39,0.0,0.0,-0.0,0.0,-4.925046184806267e+32,0,0,0,0,0.0,0,0,0,0,0,0,0,0,0,0,0,0,0,0,0,0,0,0,0,0,0,0,0,0,0,0,0,0,0,0,0,0,0,12,36,36,48,65476,407,65476,1,0,4,21553,0.0,0.0,-3.680278954561261e+31,0.0,0.0,0.0,0.0,0.0,0.0,0.0,0.0,0.0,0.0,0.0,0.0,0.0,0.0,0.0,0.0,0.0,0.0,2.004,-2.004,0.0,-3.6970739834386645e+19,0.0,0.0,0.0,0.0,0.0,6588.0,8608232448.0,0.0,-107615888.0,107616344.0,-0.0,0.0,0.0,0.0,2.004,2.004,222,-0.0,2.7184280392842555e+23,0.0,0.0,0.0,0.0,0.0,0.0,0.0,0,0,0,-19362707456.0,0.0,2.142465687790029e+33,8036605.5,6.2045458747585724e+19,-0.0,0.0,-0.0,1066.196,-5.974983267529523e+16,-0.0,212.274,0.0,0.0,0.0,-1.301461605417384e+25,0,1.3516416376850534e+27,223,0.0,446,-2.637553503966331e+17,5.310760349218531e+19,2114,26215,17110,13107,17112,26215,17095,0,0,0,101,100,100,2.730232694483534e+23,63.2,-107615216.0,63.5,0.0,63.5,1,49,50,180,13107,26215,0,0,0.0,0.0,0.0,60.0,0.0,71.0,0.0,-0.0,0.0,1071,0,1072,0,0,0,1072,0,1081,0,997,0,635,0,637,0,632,0,676,0.032,5.312662293228351e+21,0.0,0.0,43664,16813,0.0,-0.0,-0.0,-126849.898,61408840.0,59.813,50.0,60.0,35,0.0,0.0,10.0,2.0,0.0,0.0,0.0,0.0,0.0,0.0,0.0,0.0,0.0,0.0,0.0,0.0,58.8,53,12,65510,26,65476,0,300,0,0,8,20529,65476,0,0,30147,60.0,0.0,10.0,10.0,2.0,0.0
2026-02-16T12:01:27,ERR,ERR,ERR,ERR,ERR,ERR,ERR,ERR,ERR,ERR,ERR,ERR,ERR,ERR,ERR,ERR,ERR,ERR,ERR,ERR,ERR,ERR,ERR,ERR,ERR,ERR,ERR,ERR,ERR,ERR,ERR,ERR,ERR,ERR,ERR,ERR,ERR,ERR,ERR,ERR,ERR,ERR,ERR,ERR,ERR,ERR,ERR,ERR,ERR,ERR,ERR,ERR,ERR,ERR,ERR,ERR,ERR,ERR,ERR,ERR,ERR,ERR,ERR,ERR,ERR,ERR,ERR,ERR,ERR,ERR,ERR,ERR,ERR,ERR,ERR,ERR,ERR,ERR,ERR,ERR,ERR,ERR,ERR,ERR,ERR,ERR,ERR,ERR,ERR,ERR,ERR,ERR,ERR,ERR,ERR,ERR,ERR,ERR,ERR,ERR,ERR,ERR,ERR,ERR,ERR,ERR,ERR,ERR,ERR,ERR,ERR,ERR,ERR,ERR,ERR,ERR,ERR,ERR,ERR,ERR,ERR,ERR,ERR,ERR,ERR,-107615888.0,107616344.0,-0.0,-0.0,1.8194473603301376e+16,3.0012592648192262e+19,-0.0,2.0721018062985262e+27,4300,0,8,17169,4300,14654995693568.0,39,0.0,0.0,-0.0,0.0,-4.925046184806267e+32,0,0,0,0,0.0,0,0,0,0,0,0,0,0,0,0,0,0,0,0,0,0,0,0,0,0,0,0,0,0,0,0,0,0,0,0,0,0,0,12,36,36,48,65476,407,65476,1,0,4,21553,0.0,0.0,-3.680278954561261e+31,0.0,0.0,0.0,0.0,0.0,0.0,0.0,0.0,0.0,0.0,0.0,0.0,0.0,0.0,0.0,0.0,0.0,0.0,2.004,-2.004,0.0,-3.6970739834386645e+19,0.0,0.0,0.0,0.0,0.0,6588.0,8608232448.0,0.0,-107615888.0,107616344.0,-0.0,0.0,0.0,0.0,2.004,2.004,222,-0.0,2.7184280392842555e+23,0.0,0.0,0.0,0.0,0.0,0.0,0.0,0,0,0,-19362707456.0,0.0,2.142465687790029e+33,8036605.5,6.2045458747585724e+19,-0.0,0.0,-0.0,1066.196,-5.974983267529523e+16,-0.0,212.274,0.0,0.0,0.0,-1.301461605417384e+25,0,1.3516416376850534e+27,223,0.0,446,-2.637553503966331e+17,5.310760349218531e+19,2114,26215,17110,13107,17112,26215,17095,0,0,0,101,100,100,-107615200.0,63.2,-107615216.0,63.5,0.0,63.5,1,49,50,180,13107,26215,0,0,0.0,0.0,0.0,60.0,0.0,71.0,0.0,-0.0,0.0,1071,0,1072,0,0,0,1072,0,1081,0,997,0,635,0,637,0,632,0,676,0.032,5.312662293228351e+21,0.0,0.0,42640,16813,0.0,-0.0,-0.0,719.015,1.208973397456944e+28,0.0,50.0,60.0,35,0.0,0.0,10.0,2.0,0.0,0.0,0.0,0.0,0.0,0.0,0.0,0.0,0.0,0.0,0.0,0.0,58.8,53,12,65510,26,65476,0,300,0,0,8,20529,65476,0,0,30147,60.0,0.0,10.0,10.0,2.0,0.0
2026-02-16T12:01:28,ERR,ERR,ERR,ERR,ERR,ERR,ERR,ERR,ERR,ERR,ERR,ERR,ERR,ERR,ERR,ERR,ERR,ERR,ERR,ERR,ERR,ERR,ERR,ERR,ERR,ERR,ERR,ERR,ERR,ERR,ERR,ERR,ERR,ERR,ERR,ERR,ERR,ERR,ERR,ERR,ERR,ERR,ERR,ERR,ERR,ERR,ERR,ERR,ERR,ERR,ERR,ERR,ERR,ERR,ERR,ERR,ERR,ERR,ERR,ERR,ERR,ERR,ERR,ERR,ERR,ERR,ERR,ERR,ERR,ERR,ERR,ERR,ERR,ERR,ERR,ERR,ERR,ERR,ERR,ERR,ERR,ERR,ERR,ERR,ERR,ERR,ERR,ERR,ERR,ERR,ERR,ERR,ERR,ERR,ERR,ERR,ERR,ERR,ERR,ERR,ERR,ERR,ERR,ERR,ERR,ERR,ERR,ERR,ERR,ERR,ERR,ERR,ERR,ERR,ERR,ERR,ERR,ERR,ERR,ERR,ERR,ERR,ERR,ERR,ERR,-107615888.0,107616344.0,-0.0,-0.0,1.8194473603301376e+16,3.0012592648192262e+19,-0.0,2.0721018062985262e+27,4300,0,8,17169,4300,14654995693568.0,39,0.0,0.0,-0.0,0.0,-4.925046184806267e+32,0,0,0,0,0.0,0,0,0,0,0,0,0,0,0,0,0,0,0,0,0,0,0,0,0,0,0,0,0,0,0,0,0,0,0,0,0,0,0,12,36,36,48,65476,407,65476,1,0,4,21553,0.0,0.0,-3.680278954561261e+31,0.0,0.0,0.0,0.0,0.0,0.0,0.0,0.0,0.0,0.0,0.0,0.0,0.0,0.0,0.0,0.0,0.0,0.0,2.004,-2.004,0.0,-3.6970739834386645e+19,0.0,0.0,0.0,0.0,0.0,6588.0,8608232448.0,0.0,-107615888.0,107616344.0,-0.0,0.0,0.0,0.0,2.004,2.004,222,-0.0,2.7184280392842555e+23,0.0,0.0,0.0,0.0,0.0,0.0,0.0,0,0,0,-19362707456.0,0.0,2.142465687790029e+33,8036605.5,6.2045458747585724e+19,-0.0,0.0,-0.0,1066.196,-5.974983267529523e+16,-0.0,212.274,0.0,0.0,0.0,-1.301461605417384e+25,0,1.3516416376850534e+27,223,0.0,446,-2.637553503966331e+17,5.310760349218531e+19,2114,26215,17110,13107,17112,26215,17095,0,0,0,101,100,100,-107615200.0,63.2,-107615216.0,63.5,0.0,63.5,1,49,50,180,13107,26215,0,0,0.0,0.0,0.0,60.0,0.0,71.0,0.0,-0.0,0.0,1071,0,1072,0,0,0,1072,0,1081,0,997,0,635,0,637,0,632,0,676,0.032,5.312662293228351e+21,0.0,0.0,42640,16813,0.0,-0.0,-0.0,719.015,1.208973397456944e+28,0.0,50.0,60.0,35,0.0,0.0,10.0,2.0,0.0,0.0,0.0,0.0,0.0,0.0,0.0,0.0,0.0,0.0,0.0,0.0,58.8,53,12,65510,26,65476,0,300,0,0,8,20529,65476,0,0,30147,60.0,0.0,10.0,10.0,2.0,0.0
2026-02-16T12:01:29,ERR,ERR,ERR,ERR,ERR,ERR,ERR,ERR,ERR,ERR,ERR,ERR,ERR,ERR,ERR,ERR,ERR,ERR,ERR,ERR,ERR,ERR,ERR,ERR,ERR,ERR,ERR,ERR,ERR,ERR,ERR,ERR,ERR,ERR,ERR,ERR,ERR,ERR,ERR,ERR,ERR,ERR,ERR,ERR,ERR,ERR,ERR,ERR,ERR,ERR,ERR,ERR,ERR,ERR,ERR,ERR,ERR,ERR,ERR,ERR,ERR,ERR,ERR,ERR,ERR,ERR,ERR,ERR,ERR,ERR,ERR,ERR,ERR,ERR,ERR,ERR,ERR,ERR,ERR,ERR,ERR,ERR,ERR,ERR,ERR,ERR,ERR,ERR,ERR,ERR,ERR,ERR,ERR,ERR,ERR,ERR,ERR,ERR,ERR,ERR,ERR,ERR,ERR,ERR,ERR,ERR,ERR,ERR,ERR,ERR,ERR,ERR,ERR,ERR,ERR,ERR,ERR,ERR,ERR,ERR,ERR,ERR,ERR,ERR,ERR,-107615888.0,107616344.0,-0.0,-0.0,1.8194473603301376e+16,-0.0,0.0,0.0,4300,0,8,17169,4300,14654995693568.0,38,0.0,0.0,-0.0,0.0,-0.0,0,0,0,0,0.0,0,0,0,0,0,0,0,0,0,0,0,0,0,0,0,0,0,0,0,0,0,0,0,0,0,0,0,0,0,0,0,0,0,11,37,36,48,65476,410,65476,1,0,4,21553,0.0,2.7183305813883192e+23,-0.821,0.0,0.0,0.0,0.0,0.0,0.0,0.0,0.0,0.0,0.0,0.0,0.0,0.0,0.0,0.0,0.0,0.0,0.0,2.004,-2.004,0.0,0.0,-3.697076622266571e+19,0.0,0.0,0.0,0.0,6589.0,564149121712128.0,0.0,-107615888.0,107616344.0,-107616224.0,0.0,0.0,0.0,2.004,2.004,223,-0.0,4.066875947584353e+29,0.0,0.0,0.0,0.0,0.0,0.0,0.0,0,0,0,-6.050998020932035e+26,2839669504.0,-0.0,-0.0,-0.0,0.0,-0.0,29.534,0.0,-6.340900737253376e+16,-0.0,226.274,0.0,0.0,0.0,-3.7448664656189804e+35,0,1.3516416376850534e+27,224,0.0,448,0.0,-0.0,2114,26215,17110,13107,17112,26215,17095,0,0,0,101,100,100,-107615200.0,63.2,-107615216.0,63.5,0.0,63.5,1,49,50,180,13107,26215,0,0,0.0,0.0,0.0,60.0,0.0,71.0,0.0,-0.0,0.0,1071,0,1072,0,0,0,1072,0,1081,0,997,0,635,0,637,0,632,0,676,0.032,5.312662293228351e+21,0.0,0.0,42640,16813,0.0,-0.0,-0.0,719.015,1.208973397456944e+28,0.0,50.0,60.0,35,0.0,0.0,10.0,2.0,0.0,0.0,0.0,0.0,0.0,0.0,0.0,0.0,0.0,0.0,0.0,0.0,58.8,53,12,65510,26,65476,0,300,0,0,8,20529,65476,0,0,30147,60.0,0.0,10.0,10.0,2.0,0.0
2026-02-16T12:01:30,ERR,ERR,ERR,ERR,ERR,ERR,ERR,ERR,ERR,ERR,ERR,ERR,ERR,ERR,ERR,ERR,ERR,ERR,ERR,ERR,ERR,ERR,ERR,ERR,ERR,ERR,ERR,ERR,ERR,ERR,ERR,ERR,ERR,ERR,ERR,ERR,ERR,ERR,ERR,ERR,ERR,ERR,ERR,ERR,ERR,ERR,ERR,ERR,ERR,ERR,ERR,ERR,ERR,ERR,ERR,ERR,ERR,ERR,ERR,ERR,ERR,ERR,ERR,ERR,ERR,ERR,ERR,ERR,ERR,ERR,ERR,ERR,ERR,ERR,ERR,ERR,ERR,ERR,ERR,ERR,ERR,ERR,ERR,ERR,ERR,ERR,ERR,ERR,ERR,ERR,ERR,ERR,ERR,ERR,ERR,ERR,ERR,ERR,ERR,ERR,ERR,ERR,ERR,ERR,ERR,ERR,ERR,ERR,ERR,ERR,ERR,ERR,ERR,ERR,ERR,ERR,ERR,ERR,ERR,ERR,ERR,ERR,ERR,ERR,ERR,-107615888.0,107616344.0,-0.0,-0.0,1.8194473603301376e+16,-0.0,0.0,0.0,4300,0,8,17169,4300,14654995693568.0,38,0.0,0.0,-0.0,0.0,-0.0,0,0,0,0,0.0,0,0,0,0,0,0,0,0,0,0,0,0,0,0,0,0,0,0,0,0,0,0,0,0,0,0,0,0,0,0,0,0,0,11,37,36,48,65476,410,65476,1,0,4,21553,0.0,2.7183305813883192e+23,-0.821,0.0,0.0,0.0,0.0,0.0,0.0,0.0,0.0,0.0,0.0,0.0,0.0,0.0,0.0,0.0,0.0,0.0,0.0,2.004,-2.004,0.0,0.0,-3.697076622266571e+19,0.0,0.0,0.0,0.0,6589.0,564149121712128.0,0.0,-107615888.0,107616344.0,-107616224.0,0.0,0.0,0.0,2.004,2.004,223,-0.0,4.066875947584353e+29,0.0,0.0,0.0,0.0,0.0,0.0,0.0,0,0,0,-6.050998020932035e+26,2839669504.0,-0.0,-0.0,-0.0,0.0,-0.0,29.534,0.0,-6.340900737253376e+16,-0.0,226.274,0.0,0.0,0.0,-3.7448664656189804e+35,0,1.3516416376850534e+27,224,0.0,448,0.0,-0.0,2114,26215,17110,13107,17112,26215,17095,0,0,0,101,100,100,-107615200.0,63.2,-107615216.0,63.5,0.0,63.5,1,49,50,180,13107,26215,0,0,0.0,0.0,0.0,60.0,0.0,71.0,0.0,-0.0,0.0,1071,0,1072,0,0,0,1072,0,1081,0,997,0,635,0,637,0,632,0,676,0.032,5.312662293228351e+21,0.0,0.0,30224,16813,0.0,-0.0,-0.0,81793.883,1.4145026812520098e+27,0.0,50.0,60.0,35,0.0,0.0,10.0,2.0,0.0,0.0,0.0,0.0,0.0,0.0,0.0,0.0,0.0,0.0,0.0,0.0,58.8,53,12,65510,26,65476,0,300,0,0,8,20529,65476,0,0,30147,60.0,0.0,10.0,10.0,2.0,0.0
2026-02-16T12:01:31,ERR,ERR,ERR,ERR,ERR,ERR,ERR,ERR,ERR,ERR,ERR,ERR,ERR,ERR,ERR,ERR,ERR,ERR,ERR,ERR,ERR,ERR,ERR,ERR,ERR,ERR,ERR,ERR,ERR,ERR,ERR,ERR,ERR,ERR,ERR,ERR,ERR,ERR,ERR,ERR,ERR,ERR,ERR,ERR,ERR,ERR,ERR,ERR,ERR,ERR,ERR,ERR,ERR,ERR,ERR,ERR,ERR,ERR,ERR,ERR,ERR,ERR,ERR,ERR,ERR,ERR,ERR,ERR,ERR,ERR,ERR,ERR,ERR,ERR,ERR,ERR,ERR,ERR,ERR,ERR,ERR,ERR,ERR,ERR,ERR,ERR,ERR,ERR,ERR,ERR,ERR,ERR,ERR,ERR,ERR,ERR,ERR,ERR,ERR,ERR,ERR,ERR,ERR,ERR,ERR,ERR,ERR,ERR,ERR,ERR,ERR,ERR,ERR,ERR,ERR,ERR,ERR,ERR,ERR,ERR,ERR,ERR,ERR,ERR,ERR,-107615888.0,107616344.0,-0.0,-0.0,1.8194473603301376e+16,-0.0,0.0,0.0,4300,0,8,17169,4300,14654995693568.0,38,0.0,0.0,-0.0,0.0,-0.0,0,0,0,0,0.0,0,0,0,0,0,0,0,0,0,0,0,0,0,0,0,0,0,0,0,0,0,0,0,0,0,0,0,0,0,0,0,0,0,11,37,36,48,65476,410,65476,1,0,4,21553,0.0,2.7183305813883192e+23,-0.821,0.0,0.0,0.0,0.0,0.0,0.0,0.0,0.0,0.0,0.0,0.0,0.0,0.0,0.0,0.0,0.0,0.0,0.0,2.004,-2.004,0.0,0.0,-3.697076622266571e+19,0.0,0.0,0.0,0.0,6589.0,564149121712128.0,0.0,-107615888.0,107616344.0,-107616224.0,0.0,0.0,0.0,2.004,2.004,223,-0.0,4.066875947584353e+29,0.0,0.0,0.0,0.0,0.0,0.0,0.0,0,0,0,-6.050998020932035e+26,2839669504.0,-0.0,-0.0,-0.0,0.0,-0.0,29.534,0.0,-6.340900737253376e+16,-0.0,226.274,0.0,0.0,0.0,-3.7448664656189804e+35,0,1.3516416376850534e+27,224,0.0,448,0.0,-0.0,2114,26215,17110,13107,17112,26215,17095,0,0,0,101,100,100,-107615200.0,63.2,-107615216.0,63.5,0.0,63.5,1,49,50,180,13107,26215,0,0,0.0,0.0,0.0,60.0,0.0,71.0,0.0,-0.0,0.0,1071,0,1072,0,0,0,1072,0,1081,0,997,0,635,0,637,0,632,0,676,0.032,5.312662293228351e+21,0.0,0.0,30224,16813,0.0,-0.0,-0.0,81793.883,1.4145026812520098e+27,0.0,50.0,60.0,35,0.0,0.0,10.0,2.0,0.0,0.0,0.0,0.0,0.0,0.0,0.0,0.0,0.0,0.0,0.0,0.0,58.8,53,12,65510,26,65476,0,300,0,0,8,20529,65476,0,0,30147,60.0,0.0,10.0,10.0,2.0,0.0
2026-02-16T12:01:32,ERR,ERR,ERR,ERR,ERR,ERR,ERR,ERR,ERR,ERR,ERR,ERR,ERR,ERR,ERR,ERR,ERR,ERR,ERR,ERR,ERR,ERR,ERR,ERR,ERR,ERR,ERR,ERR,ERR,ERR,ERR,ERR,ERR,ERR,ERR,ERR,ERR,ERR,ERR,ERR,ERR,ERR,ERR,ERR,ERR,ERR,ERR,ERR,ERR,ERR,ERR,ERR,ERR,ERR,ERR,ERR,ERR,ERR,ERR,ERR,ERR,ERR,ERR,ERR,ERR,ERR,ERR,ERR,ERR,ERR,ERR,ERR,ERR,ERR,ERR,ERR,ERR,ERR,ERR,ERR,ERR,ERR,ERR,ERR,ERR,ERR,ERR,ERR,ERR,ERR,ERR,ERR,ERR,ERR,ERR,ERR,ERR,ERR,ERR,ERR,ERR,ERR,ERR,ERR,ERR,ERR,ERR,ERR,ERR,ERR,ERR,ERR,ERR,ERR,ERR,ERR,ERR,ERR,ERR,ERR,ERR,ERR,ERR,ERR,ERR,-107615888.0,107616344.0,-0.0,-0.0,1.8194473603301376e+16,-0.0,0.0,0.0,4300,0,8,17169,4300,14654995693568.0,38,0.0,0.0,-0.0,0.0,-0.0,0,0,0,0,0.0,0,0,0,0,0,0,0,0,0,0,0,0,0,0,0,0,0,0,0,0,0,0,0,0,0,0,0,0,0,0,0,0,0,11,37,36,48,65476,410,65476,1,0,4,21553,0.0,2.7183305813883192e+23,-0.821,0.0,0.0,0.0,0.0,0.0,0.0,0.0,0.0,0.0,0.0,0.0,0.0,0.0,0.0,0.0,0.0,0.0,0.0,2.004,-2.004,0.0,0.0,-3.697076622266571e+19,0.0,0.0,0.0,0.0,6589.0,564149121712128.0,0.0,-107615888.0,107616344.0,-107616224.0,0.0,0.0,0.0,2.004,2.004,223,-0.0,4.066875947584353e+29,0.0,0.0,0.0,0.0,0.0,0.0,0.0,0,0,0,-6.050998020932035e+26,2839669504.0,-0.0,-0.0,-0.0,0.0,-0.0,29.534,0.0,-6.340900737253376e+16,-0.0,226.274,0.0,0.0,0.0,-3.7448664656189804e+35,0,1.3516416376850534e+27,224,0.0,448,0.0,-0.0,2114,26215,17110,13107,17112,26215,17095,0,0,0,101,100,100,-107615200.0,63.2,-107615216.0,63.5,0.0,63.5,1,49,50,180,13107,26215,0,0,0.0,0.0,0.0,60.0,0.0,71.0,0.0,-0.0,0.0,1071,0,1072,0,0,0,1072,0,1081,0,997,0,635,0,637,0,632,0,676,0.032,5.312662293228351e+21,0.0,0.0,30224,16813,0.0,-0.0,-0.0,81793.883,1.4145026812520098e+27,0.0,50.0,60.0,35,0.0,0.0,10.0,2.0,0.0,0.0,0.0,0.0,0.0,0.0,0.0,0.0,0.0,0.0,0.0,0.0,58.8,53,12,65510,26,65476,0,300,0,0,8,20529,65476,0,0,30147,60.0,0.0,10.0,10.0,2.0,0.0
2026-02-16T12:01:33,ERR,ERR,ERR,ERR,ERR,ERR,ERR,ERR,ERR,ERR,ERR,ERR,ERR,ERR,ERR,ERR,ERR,ERR,ERR,ERR,ERR,ERR,ERR,ERR,ERR,ERR,ERR,ERR,ERR,ERR,ERR,ERR,ERR,ERR,ERR,ERR,ERR,ERR,ERR,ERR,ERR,ERR,ERR,ERR,ERR,ERR,ERR,ERR,ERR,ERR,ERR,ERR,ERR,ERR,ERR,ERR,ERR,ERR,ERR,ERR,ERR,ERR,ERR,ERR,ERR,ERR,ERR,ERR,ERR,ERR,ERR,ERR,ERR,ERR,ERR,ERR,ERR,ERR,ERR,ERR,ERR,ERR,ERR,ERR,ERR,ERR,ERR,ERR,ERR,ERR,ERR,ERR,ERR,ERR,ERR,ERR,ERR,ERR,ERR,ERR,ERR,ERR,ERR,ERR,ERR,ERR,ERR,ERR,ERR,ERR,ERR,ERR,ERR,ERR,ERR,ERR,ERR,ERR,ERR,ERR,ERR,ERR,ERR,ERR,ERR,-107615888.0,107616344.0,-0.0,-0.0,1.8194473603301376e+16,-0.0,0.0,0.0,4300,0,8,17169,4300,14654995693568.0,38,0.0,0.0,-0.0,0.0,-0.0,0,0,0,0,0.0,0,0,0,0,0,0,0,0,0,0,0,0,0,0,0,0,0,0,0,0,0,0,0,0,0,0,0,0,0,0,0,0,0,11,37,36,48,65476,410,65476,1,0,4,21553,0.0,2.7183305813883192e+23,-0.821,0.0,0.0,0.0,0.0,0.0,0.0,0.0,0.0,0.0,0.0,0.0,0.0,0.0,0.0,0.0,0.0,0.0,0.0,2.004,-2.004,0.0,0.0,-3.697076622266571e+19,0.0,0.0,0.0,0.0,6589.0,564149121712128.0,0.0,-107615888.0,107616344.0,-107616224.0,0.0,0.0,0.0,2.004,2.004,223,-0.0,4.066875947584353e+29,0.0,0.0,0.0,0.0,0.0,0.0,0.0,0,0,0,-6.050998020932035e+26,2839669504.0,-0.0,-0.0,-0.0,0.0,-0.0,29.534,0.0,-6.340900737253376e+16,-0.0,226.274,0.0,0.0,0.0,-3.7448664656189804e+35,0,1.3516416376850534e+27,224,0.0,448,0.0,-0.0,2114,26215,17110,13107,17112,26215,17095,0,0,0,101,100,100,-107615200.0,63.2,-107615216.0,63.5,0.0,63.5,1,49,50,180,13107,26215,0,0,0.0,0.0,0.0,60.0,0.0,71.0,0.0,-0.0,0.0,1071,0,1072,0,0,0,1072,0,1081,0,997,0,635,0,637,0,632,0,676,0.032,5.312662293228351e+21,0.0,0.0,30224,16813,0.0,-0.0,-0.0,81793.883,1.4145026812520098e+27,0.0,50.0,60.0,35,0.0,0.0,10.0,2.0,0.0,0.0,0.0,0.0,0.0,0.0,0.0,0.0,0.0,0.0,0.0,0.0,58.8,53,12,65510,26,65476,0,300,0,0,8,20529,65476,0,0,30147,60.0,0.0,10.0,10.0,2.0,0.0
2026-02-16T12:01:34,ERR,ERR,ERR,ERR,ERR,ERR,ERR,ERR,ERR,ERR,ERR,ERR,ERR,ERR,ERR,ERR,ERR,ERR,ERR,ERR,ERR,ERR,ERR,ERR,ERR,ERR,ERR,ERR,ERR,ERR,ERR,ERR,ERR,ERR,ERR,ERR,ERR,ERR,ERR,ERR,ERR,ERR,ERR,ERR,ERR,ERR,ERR,ERR,ERR,ERR,ERR,ERR,ERR,ERR,ERR,ERR,ERR,ERR,ERR,ERR,ERR,ERR,ERR,ERR,ERR,ERR,ERR,ERR,ERR,ERR,ERR,ERR,ERR,ERR,ERR,ERR,ERR,ERR,ERR,ERR,ERR,ERR,ERR,ERR,ERR,ERR,ERR,ERR,ERR,ERR,ERR,ERR,ERR,ERR,ERR,ERR,ERR,ERR,ERR,ERR,ERR,ERR,ERR,ERR,ERR,ERR,ERR,ERR,ERR,ERR,ERR,ERR,ERR,ERR,ERR,ERR,ERR,ERR,ERR,ERR,ERR,ERR,ERR,ERR,ERR,-107615888.0,107616344.0,-0.0,-0.0,1.8194473603301376e+16,73533600.0,0.0,nan,4300,0,8,17169,4300,14654993596416.0,38,0.0,0.0,-0.0,0.0,-0.0,0,0,0,0,0.0,0,0,0,0,0,0,0,0,0,0,0,0,0,0,0,0,0,0,0,0,0,0,0,0,0,0,0,0,0,0,0,0,0,11,37,36,48,65476,409,65476,1,0,4,21553,0.0,2.7183305813883192e+23,2.487213883857933e+33,0.0,0.0,0.0,0.0,0.0,0.0,0.0,0.0,0.0,0.0,0.0,0.0,0.0,0.0,0.0,0.0,0.0,0.0,2.004,-2.004,0.0,0.0,-2.004,0.0,0.0,0.0,0.0,6561.0,-0.0,0.0,-107615888.0,107616344.0,0.0,0.0,0.0,0.0,2.004,2.004,223,-0.0,-0.0,0.0,0.0,0.0,0.0,0.0,0.0,0.0,0,0,0,-3.9906530325254876e+24,-116867.852,-0.0,-6.606597694617656e+20,-0.0,-9.746000490894233e+33,-0.0,-8.862562577210172e+26,-0.0,-6.678670709306163e+16,-0.0,238.274,0.0,0.0,0.0,-0.0,0,1.3516416376850534e+27,224,0.0,448,0.0,0.0,2114,26215,17110,13107,17112,26215,17095,0,0,0,101,100,100,-107615200.0,63.2,-107615216.0,63.5,0.0,63.5,1,49,50,180,13107,26215,0,0,0.0,0.0,0.0,60.0,0.0,71.0,0.0,-42534232.0,0.0,1071,0,1072,0,0,0,1072,0,1081,0,997,0,635,0,637,0,632,0,676,0.032,5.34955578137577e+21,0.0,0.0,36112,16813,0.0,697324928.0,-9.137246571425745e+33,-4504.118,-5.633,-0.0,50.0,60.0,35,0.0,0.0,10.0,2.0,0.0,0.0,0.0,0.0,0.0,0.0,0.0,0.0,0.0,0.0,0.0,0.0,58.8,53,12,65510,26,65476,0,300,0,0,8,20529,65476,0,0,30147,60.0,0.0,10.0,10.0,2.0,0.0
2026-02-16T12:01:35,ERR,ERR,ERR,ERR,ERR,ERR,ERR,ERR,ERR,ERR,ERR,ERR,ERR,ERR,ERR,ERR,ERR,ERR,ERR,ERR,ERR,ERR,ERR,ERR,ERR,ERR,ERR,ERR,ERR,ERR,ERR,ERR,ERR,ERR,ERR,ERR,ERR,ERR,ERR,ERR,ERR,ERR,ERR,ERR,ERR,ERR,ERR,ERR,ERR,ERR,ERR,ERR,ERR,ERR,ERR,ERR,ERR,ERR,ERR,ERR,ERR,ERR,ERR,ERR,ERR,ERR,ERR,ERR,ERR,ERR,ERR,ERR,ERR,ERR,ERR,ERR,ERR,ERR,ERR,ERR,ERR,ERR,ERR,ERR,ERR,ERR,ERR,ERR,ERR,ERR,ERR,ERR,ERR,ERR,ERR,ERR,ERR,ERR,ERR,ERR,ERR,ERR,ERR,ERR,ERR,ERR,ERR,ERR,ERR,ERR,ERR,ERR,ERR,ERR,ERR,ERR,ERR,ERR,ERR,ERR,ERR,ERR,ERR,ERR,ERR,-107615888.0,107616344.0,-0.0,-0.0,1.8194473603301376e+16,73533600.0,0.0,nan,4300,0,8,17169,4300,14654993596416.0,38,0.0,0.0,-0.0,0.0,-0.0,0,0,0,0,0.0,0,0,0,0,0,0,0,0,0,0,0,0,0,0,0,0,0,0,0,0,0,0,0,0,0,0,0,0,0,0,0,0,0,11,37,36,48,65476,409,65476,1,0,4,21553,0.0,2.7183305813883192e+23,2.487213883857933e+33,0.0,0.0,0.0,0.0,0.0,0.0,0.0,0.0,0.0,0.0,0.0,0.0,0.0,0.0,0.0,0.0,0.0,0.0,2.004,-2.004,0.0,0.0,-2.004,0.0,0.0,0.0,0.0,6561.0,-0.0,0.0,-107615888.0,107616344.0,0.0,0.0,0.0,0.0,2.004,2.004,223,-0.0,-0.0,0.0,0.0,0.0,0.0,0.0,0.0,0.0,0,0,0,-3.9906530325254876e+24,-116867.852,-0.0,-6.606597694617656e+20,-0.0,-9.746000490894233e+33,-0.0,-8.862562577210172e+26,-0.0,-6.678670709306163e+16,-0.0,238.274,0.0,0.0,0.0,-0.0,0,1.3516416376850534e+27,224,0.0,448,0.0,0.0,2114,26215,17110,13107,17112,26215,17095,0,0,0,101,100,100,-107615200.0,63.2,-107615216.0,63.5,0.0,63.5,1,49,50,180,13107,26215,0,0,0.0,0.0,0.0,60.0,0.0,71.0,0.0,-42534232.0,0.0,1071,0,1072,0,0,0,1072,0,1081,0,997,0,635,0,637,0,632,0,676,0.032,5.34955578137577e+21,0.0,0.0,36112,16813,0.0,697324928.0,-9.137246571425745e+33,-4504.118,-5.633,-0.0,50.0,60.0,35,0.0,0.0,10.0,2.0,0.0,0.0,0.0,0.0,0.0,0.0,0.0,0.0,0.0,0.0,0.0,0.0,58.8,53,12,65510,26,65476,0,300,0,0,8,20529,65476,0,0,30147,60.0,0.0,10.0,10.0,2.0,0.0
2026-02-16T12:01:36,ERR,ERR,ERR,ERR,ERR,ERR,ERR,ERR,ERR,ERR,ERR,ERR,ERR,ERR,ERR,ERR,ERR,ERR,ERR,ERR,ERR,ERR,ERR,ERR,ERR,ERR,ERR,ERR,ERR,ERR,ERR,ERR,ERR,ERR,ERR,ERR,ERR,ERR,ERR,ERR,ERR,ERR,ERR,ERR,ERR,ERR,ERR,ERR,ERR,ERR,ERR,ERR,ERR,ERR,ERR,ERR,ERR,ERR,ERR,ERR,ERR,ERR,ERR,ERR,ERR,ERR,ERR,ERR,ERR,ERR,ERR,ERR,ERR,ERR,ERR,ERR,ERR,ERR,ERR,ERR,ERR,ERR,ERR,ERR,ERR,ERR,ERR,ERR,ERR,ERR,ERR,ERR,ERR,ERR,ERR,ERR,ERR,ERR,ERR,ERR,ERR,ERR,ERR,ERR,ERR,ERR,ERR,ERR,ERR,ERR,ERR,ERR,ERR,ERR,ERR,ERR,ERR,ERR,ERR,ERR,ERR,ERR,ERR,ERR,ERR,-107615888.0,107616344.0,-0.0,-0.0,1.8194473603301376e+16,73533600.0,0.0,nan,4300,0,8,17169,4300,14654993596416.0,38,0.0,0.0,-0.0,0.0,-0.0,0,0,0,0,0.0,0,0,0,0,0,0,0,0,0,0,0,0,0,0,0,0,0,0,0,0,0,0,0,0,0,0,0,0,0,0,0,0,0,11,37,36,48,65476,409,65476,1,0,4,21553,0.0,2.7183305813883192e+23,2.487213883857933e+33,0.0,0.0,0.0,0.0,0.0,0.0,0.0,0.0,0.0,0.0,0.0,0.0,0.0,0.0,0.0,0.0,0.0,0.0,2.004,-2.004,0.0,0.0,-2.004,0.0,0.0,0.0,0.0,6561.0,-0.0,0.0,-107615888.0,107616344.0,0.0,0.0,0.0,0.0,2.004,2.004,223,-0.0,-0.0,0.0,0.0,0.0,0.0,0.0,0.0,0.0,0,0,0,-3.9906530325254876e+24,-116867.852,-0.0,-6.606597694617656e+20,-0.0,-9.746000490894233e+33,-0.0,-8.862562577210172e+26,-0.0,-6.678670709306163e+16,-0.0,238.274,0.0,0.0,0.0,-0.0,0,1.3516416376850534e+27,224,0.0,448,0.0,0.0,2114,26215,17110,13107,17112,26215,17095,0,0,0,101,100,100,-107615200.0,63.2,-107615216.0,63.5,0.0,63.5,1,49,50,180,13107,26215,0,0,0.0,0.0,0.0,60.0,0.0,71.0,0.0,-42534232.0,0.0,1071,0,1072,0,0,0,1072,0,1081,0,997,0,635,0,637,0,632,0,676,0.032,5.34955578137577e+21,0.0,0.0,36112,16813,0.0,697324928.0,-9.137246571425745e+33,-4504.118,-5.633,-0.0,50.0,60.0,35,0.0,0.0,10.0,2.0,0.0,0.0,0.0,0.0,0.0,0.0,0.0,0.0,0.0,0.0,0.0,0.0,58.8,53,12,65510,26,65476,0,300,0,0,8,20529,65476,0,0,30147,60.0,0.0,10.0,10.0,2.0,0.0
2026-02-16T12:01:37,ERR,ERR,ERR,ERR,ERR,ERR,ERR,ERR,ERR,ERR,ERR,ERR,ERR,ERR,ERR,ERR,ERR,ERR,ERR,ERR,ERR,ERR,ERR,ERR,ERR,ERR,ERR,ERR,ERR,ERR,ERR,ERR,ERR,ERR,ERR,ERR,ERR,ERR,ERR,ERR,ERR,ERR,ERR,ERR,ERR,ERR,ERR,ERR,ERR,ERR,ERR,ERR,ERR,ERR,ERR,ERR,ERR,ERR,ERR,ERR,ERR,ERR,ERR,ERR,ERR,ERR,ERR,ERR,ERR,ERR,ERR,ERR,ERR,ERR,ERR,ERR,ERR,ERR,ERR,ERR,ERR,ERR,ERR,ERR,ERR,ERR,ERR,ERR,ERR,ERR,ERR,ERR,ERR,ERR,ERR,ERR,ERR,ERR,ERR,ERR,ERR,ERR,ERR,ERR,ERR,ERR,ERR,ERR,ERR,ERR,ERR,ERR,ERR,ERR,ERR,ERR,ERR,ERR,ERR,ERR,ERR,ERR,ERR,ERR,ERR,-107615888.0,107616344.0,-0.0,-0.0,1.8194473603301376e+16,73533600.0,0.0,nan,4300,0,8,17169,4300,14654993596416.0,38,0.0,0.0,-0.0,0.0,-0.0,0,0,0,0,0.0,0,0,0,0,0,0,0,0,0,0,0,0,0,0,0,0,0,0,0,0,0,0,0,0,0,0,0,0,0,0,0,0,0,11,37,36,48,65476,409,65476,1,0,4,21553,0.0,2.7183305813883192e+23,2.487213883857933e+33,0.0,0.0,0.0,0.0,0.0,0.0,0.0,0.0,0.0,0.0,0.0,0.0,0.0,0.0,0.0,0.0,0.0,0.0,2.004,-2.004,0.0,0.0,-2.004,0.0,0.0,0.0,0.0,6561.0,-0.0,0.0,-107615888.0,107616344.0,0.0,0.0,0.0,0.0,2.004,2.004,223,-0.0,-0.0,0.0,0.0,0.0,0.0,0.0,0.0,0.0,0,0,0,-3.9906530325254876e+24,-116867.852,-0.0,-6.606597694617656e+20,-0.0,-9.746000490894233e+33,-0.0,-8.862562577210172e+26,-0.0,-6.678670709306163e+16,-0.0,238.274,0.0,0.0,0.0,-0.0,0,1.3516416376850534e+27,224,0.0,448,0.0,0.0,2114,26215,17110,13107,17112,26215,17095,0,0,0,101,100,100,-107615200.0,63.2,-107615216.0,63.5,0.0,63.5,1,49,50,180,13107,26215,0,0,0.0,0.0,0.0,60.0,0.0,71.0,0.0,-0.0,0.0,1071,0,1072,0,0,0,1072,0,1081,0,997,0,635,0,637,0,632,0,676,0.032,5.275768805080932e+21,0.0,0.0,33936,16813,0.0,-0.0,609224896.0,-9.338653378676355e+23,0.0,-2.6546031717321487e+20,50.0,60.0,35,0.0,0.0,10.0,2.0,0.0,0.0,0.0,0.0,0.0,0.0,0.0,0.0,0.0,0.0,0.0,0.0,58.8,53,12,65510,26,65476,0,300,0,0,8,20529,65476,0,0,30147,60.0,0.0,10.0,10.0,2.0,0.0
2026-02-16T12:01:38,ERR,ERR,ERR,ERR,ERR,ERR,ERR,ERR,ERR,ERR,ERR,ERR,ERR,ERR,ERR,ERR,ERR,ERR,ERR,ERR,ERR,ERR,ERR,ERR,ERR,ERR,ERR,ERR,ERR,ERR,ERR,ERR,ERR,ERR,ERR,ERR,ERR,ERR,ERR,ERR,ERR,ERR,ERR,ERR,ERR,ERR,ERR,ERR,ERR,ERR,ERR,ERR,ERR,ERR,ERR,ERR,ERR,ERR,ERR,ERR,ERR,ERR,ERR,ERR,ERR,ERR,ERR,ERR,ERR,ERR,ERR,ERR,ERR,ERR,ERR,ERR,ERR,ERR,ERR,ERR,ERR,ERR,ERR,ERR,ERR,ERR,ERR,ERR,ERR,ERR,ERR,ERR,ERR,ERR,ERR,ERR,ERR,ERR,ERR,ERR,ERR,ERR,ERR,ERR,ERR,ERR,ERR,ERR,ERR,ERR,ERR,ERR,ERR,ERR,ERR,ERR,ERR,ERR,ERR,ERR,ERR,ERR,ERR,ERR,ERR,-107615888.0,107616344.0,-0.0,-0.0,1.8194473603301376e+16,73533600.0,0.0,nan,4300,0,8,17169,4300,14654993596416.0,38,0.0,0.0,-0.0,0.0,-0.0,0,0,0,0,0.0,0,0,0,0,0,0,0,0,0,0,0,0,0,0,0,0,0,0,0,0,0,0,0,0,0,0,0,0,0,0,0,0,0,11,37,36,48,65476,409,65476,1,0,4,21553,0.0,2.7183305813883192e+23,2.487213883857933e+33,0.0,0.0,0.0,0.0,0.0,0.0,0.0,0.0,0.0,0.0,0.0,0.0,0.0,0.0,0.0,0.0,0.0,0.0,2.004,-2.004,0.0,0.0,-2.004,0.0,0.0,0.0,0.0,6561.0,-0.0,0.0,-107615888.0,107616344.0,0.0,0.0,0.0,0.0,2.004,2.004,223,-0.0,-0.0,0.0,0.0,0.0,0.0,0.0,0.0,0.0,0,0,0,-3.9906530325254876e+24,-116867.852,-0.0,-6.606597694617656e+20,-0.0,-9.746000490894233e+33,-0.0,-8.862562577210172e+26,-0.0,-6.678670709306163e+16,-0.0,238.274,0.0,0.0,0.0,-0.0,0,1.3516416376850534e+27,224,0.0,448,0.0,0.0,2114,26215,17110,13107,17112,26215,17095,0,0,0,101,100,100,-107615200.0,63.2,-107615216.0,63.5,0.0,63.5,1,49,50,180,13107,26215,0,0,0.0,0.0,0.0,60.0,0.0,71.0,0.0,-0.0,0.0,1071,0,1072,0,0,0,1072,0,1081,0,997,0,635,0,637,0,632,0,676,0.032,5.275768805080932e+21,0.0,0.0,33936,16813,0.0,-0.0,609224896.0,-9.338653378676355e+23,0.0,-2.6546031717321487e+20,50.0,60.0,35,0.0,0.0,10.0,2.0,0.0,0.0,0.0,0.0,0.0,0.0,0.0,0.0,0.0,0.0,0.0,0.0,58.8,53,12,65510,26,65476,0,300,0,0,8,20529,65476,0,0,30147,60.0,0.0,10.0,10.0,2.0,0.0
2026-02-16T12:01:39,ERR,ERR,ERR,ERR,ERR,ERR,ERR,ERR,ERR,ERR,ERR,ERR,ERR,ERR,ERR,ERR,ERR,ERR,ERR,ERR,ERR,ERR,ERR,ERR,ERR,ERR,ERR,ERR,ERR,ERR,ERR,ERR,ERR,ERR,ERR,ERR,ERR,ERR,ERR,ERR,ERR,ERR,ERR,ERR,ERR,ERR,ERR,ERR,ERR,ERR,ERR,ERR,ERR,ERR,ERR,ERR,ERR,ERR,ERR,ERR,ERR,ERR,ERR,ERR,ERR,ERR,ERR,ERR,ERR,ERR,ERR,ERR,ERR,ERR,ERR,ERR,ERR,ERR,ERR,ERR,ERR,ERR,ERR,ERR,ERR,ERR,ERR,ERR,ERR,ERR,ERR,ERR,ERR,ERR,ERR,ERR,ERR,ERR,ERR,ERR,ERR,ERR,ERR,ERR,ERR,ERR,ERR,ERR,ERR,ERR,ERR,ERR,ERR,ERR,ERR,ERR,ERR,ERR,ERR,ERR,ERR,ERR,ERR,ERR,ERR,-107615888.0,0.0,0.0,-0.0,-3.950258854565486e+28,0.0,-1962.218,0.16,4300,0,8,17169,4300,14654993596416.0,38,0.0,0.0,-0.0,0.0,-0.0,0,0,0,0,0.0,0,0,0,0,0,0,0,0,0,0,0,0,0,0,0,0,0,0,0,0,0,0,0,0,0,0,0,0,0,0,0,0,0,11,37,36,48,65476,410,65476,1,0,4,21553,0.0,2.7183305813883192e+23,0.0,0.0,0.0,0.0,0.0,0.0,0.0,0.0,0.0,0.0,0.0,0.0,0.0,0.0,0.0,0.0,0.0,0.0,0.0,2.004,-2.004,0.0,0.0,-2.004,0.0,0.0,0.0,0.0,6561.0,-8608232448.0,0.0,-107615888.0,0.0,0.0,0.0,0.0,0.0,2.004,2.004,223,-0.0,-0.0,0.0,0.0,0.0,0.0,0.0,0.0,0.0,0,0,0,-2923654912.0,0.002,7.792411982196942e+24,-0.0,99999416320.0,0.0,-0.0,-0.0,0.0,-7.044588179030016e+16,-0.0,250.274,0.0,0.0,0.0,-0.0,0,1.3516416376850534e+27,223,0.0,448,0.0,0.0,2114,26215,17110,13107,17112,26215,17095,0,0,0,101,100,100,-107615200.0,63.2,-107615216.0,63.5,0.0,63.5,1,49,50,180,13107,26215,0,0,0.0,0.0,0.0,60.0,0.0,71.0,0.0,-0.0,0.0,1071,0,1072,0,0,0,1072,0,1081,0,997,0,635,0,637,0,632,0,676,0.032,5.275768805080932e+21,0.0,0.0,33936,16813,0.0,-0.0,609224896.0,-9.338653378676355e+23,0.0,-2.6546031717321487e+20,50.0,60.0,35,0.0,0.0,10.0,2.0,0.0,0.0,0.0,0.0,0.0,0.0,0.0,0.0,0.0,0.0,0.0,0.0,58.8,53,12,65510,26,65476,0,300,0,0,8,20529,65476,0,0,30147,60.0,0.0,10.0,10.0,2.0,0.0
2026-02-16T12:01:40,ERR,ERR,ERR,ERR,ERR,ERR,ERR,ERR,ERR,ERR,ERR,ERR,ERR,ERR,ERR,ERR,ERR,ERR,ERR,ERR,ERR,ERR,ERR,ERR,ERR,ERR,ERR,ERR,ERR,ERR,ERR,ERR,ERR,ERR,ERR,ERR,ERR,ERR,ERR,ERR,ERR,ERR,ERR,ERR,ERR,ERR,ERR,ERR,ERR,ERR,ERR,ERR,ERR,ERR,ERR,ERR,ERR,ERR,ERR,ERR,ERR,ERR,ERR,ERR,ERR,ERR,ERR,ERR,ERR,ERR,ERR,ERR,ERR,ERR,ERR,ERR,ERR,ERR,ERR,ERR,ERR,ERR,ERR,ERR,ERR,ERR,ERR,ERR,ERR,ERR,ERR,ERR,ERR,ERR,ERR,ERR,ERR,ERR,ERR,ERR,ERR,ERR,ERR,ERR,ERR,ERR,ERR,ERR,ERR,ERR,ERR,ERR,ERR,ERR,ERR,ERR,ERR,ERR,ERR,ERR,ERR,ERR,ERR,ERR,ERR,-107615888.0,0.0,0.0,-0.0,-3.950258854565486e+28,0.0,-1962.218,0.16,4300,0,8,17169,4300,14654993596416.0,38,0.0,0.0,-0.0,0.0,-0.0,0,0,0,0,0.0,0,0,0,0,0,0,0,0,0,0,0,0,0,0,0,0,0,0,0,0,0,0,0,0,0,0,0,0,0,0,0,0,0,11,37,36,48,65476,410,65476,1,0,4,21553,0.0,2.7183305813883192e+23,0.0,0.0,0.0,0.0,0.0,0.0,0.0,0.0,0.0,0.0,0.0,0.0,0.0,0.0,0.0,0.0,0.0,0.0,0.0,2.004,-2.004,0.0,0.0,-2.004,0.0,0.0,0.0,0.0,6561.0,-8608232448.0,0.0,-107615888.0,0.0,0.0,0.0,0.0,0.0,2.004,2.004,223,-0.0,-0.0,0.0,0.0,0.0,0.0,0.0,0.0,0.0,0,0,0,-2923654912.0,0.002,7.792411982196942e+24,-0.0,99999416320.0,0.0,-0.0,-0.0,0.0,-7.044588179030016e+16,-0.0,250.274,0.0,0.0,0.0,-0.0,0,1.3516416376850534e+27,223,0.0,448,0.0,0.0,2114,26215,17110,13107,17112,26215,17095,0,0,0,101,100,100,-107615200.0,63.2,-107615216.0,63.5,0.0,63.5,1,49,50,180,13107,26215,0,0,0.0,0.0,0.0,60.0,0.0,71.0,0.0,-0.0,0.0,1071,0,1072,0,0,0,1072,0,1081,0,997,0,635,0,637,0,632,0,676,0.032,5.275768805080932e+21,0.0,0.0,33936,16813,0.0,-0.0,609224896.0,-9.338653378676355e+23,0.0,-2.6546031717321487e+20,50.0,60.0,35,0.0,0.0,10.0,2.0,0.0,0.0,0.0,0.0,0.0,0.0,0.0,0.0,0.0,0.0,0.0,0.0,58.8,53,12,65510,26,65476,0,300,0,0,8,20529,65476,0,0,30147,60.0,0.0,10.0,10.0,2.0,0.0
2026-02-16T12:01:41,ERR,ERR,ERR,ERR,ERR,ERR,ERR,ERR,ERR,ERR,ERR,ERR,ERR,ERR,ERR,ERR,ERR,ERR,ERR,ERR,ERR,ERR,ERR,ERR,ERR,ERR,ERR,ERR,ERR,ERR,ERR,ERR,ERR,ERR,ERR,ERR,ERR,ERR,ERR,ERR,ERR,ERR,ERR,ERR,ERR,ERR,ERR,ERR,ERR,ERR,ERR,ERR,ERR,ERR,ERR,ERR,ERR,ERR,ERR,ERR,ERR,ERR,ERR,ERR,ERR,ERR,ERR,ERR,ERR,ERR,ERR,ERR,ERR,ERR,ERR,ERR,ERR,ERR,ERR,ERR,ERR,ERR,ERR,ERR,ERR,ERR,ERR,ERR,ERR,ERR,ERR,ERR,ERR,ERR,ERR,ERR,ERR,ERR,ERR,ERR,ERR,ERR,ERR,ERR,ERR,ERR,ERR,ERR,ERR,ERR,ERR,ERR,ERR,ERR,ERR,ERR,ERR,ERR,ERR,ERR,ERR,ERR,ERR,ERR,ERR,-107615888.0,0.0,0.0,-0.0,-3.950258854565486e+28,0.0,-1962.218,0.16,4300,0,8,17169,4300,14654993596416.0,38,0.0,0.0,-0.0,0.0,-0.0,0,0,0,0,0.0,0,0,0,0,0,0,0,0,0,0,0,0,0,0,0,0,0,0,0,0,0,0,0,0,0,0,0,0,0,0,0,0,0,11,37,36,48,65476,410,65476,1,0,4,21553,0.0,2.7183305813883192e+23,0.0,0.0,0.0,0.0,0.0,0.0,0.0,0.0,0.0,0.0,0.0,0.0,0.0,0.0,0.0,0.0,0.0,0.0,0.0,2.004,-2.004,0.0,0.0,-2.004,0.0,0.0,0.0,0.0,6561.0,-8608232448.0,0.0,-107615888.0,0.0,0.0,0.0,0.0,0.0,2.004,2.004,223,-0.0,-0.0,0.0,0.0,0.0,0.0,0.0,0.0,0.0,0,0,0,-2923654912.0,0.002,7.792411982196942e+24,-0.0,99999416320.0,0.0,-0.0,-0.0,0.0,-7.044588179030016e+16,-0.0,250.274,0.0,0.0,0.0,-0.0,0,1.3516416376850534e+27,223,0.0,448,0.0,0.0,2114,26215,17110,13107,17112,26215,17095,0,0,0,101,100,100,-107615200.0,63.2,-107615216.0,63.5,0.0,63.5,1,49,50,180,13107,26215,0,0,0.0,0.0,0.0,60.0,0.0,71.0,0.0,4.497962633863694e+35,0.0,1071,0,1072,0,0,0,1072,0,1081,0,997,0,635,0,637,0,632,0,676,0.032,5.275768805080932e+21,0.0,0.0,50576,16813,0.0,11699849527296.0,34.063,-1.4605137006722487e+38,0.0,-5180903085047808.0,50.0,60.0,35,0.0,0.0,10.0,2.0,0.0,0.0,0.0,0.0,0.0,0.0,0.0,0.0,0.0,0.0,0.0,0.0,58.8,53,12,65510,26,65476,0,300,0,0,8,20529,65476,0,0,30147,60.0,0.0,10.0,10.0,2.0,0.0
2026-02-16T12:01:42,ERR,ERR,ERR,ERR,ERR,ERR,ERR,ERR,ERR,ERR,ERR,ERR,ERR,ERR,ERR,ERR,ERR,ERR,ERR,ERR,ERR,ERR,ERR,ERR,ERR,ERR,ERR,ERR,ERR,ERR,ERR,ERR,ERR,ERR,ERR,ERR,ERR,ERR,ERR,ERR,ERR,ERR,ERR,ERR,ERR,ERR,ERR,ERR,ERR,ERR,ERR,ERR,ERR,ERR,ERR,ERR,ERR,ERR,ERR,ERR,ERR,ERR,ERR,ERR,ERR,ERR,ERR,ERR,ERR,ERR,ERR,ERR,ERR,ERR,ERR,ERR,ERR,ERR,ERR,ERR,ERR,ERR,ERR,ERR,ERR,ERR,ERR,ERR,ERR,ERR,ERR,ERR,ERR,ERR,ERR,ERR,ERR,ERR,ERR,ERR,ERR,ERR,ERR,ERR,ERR,ERR,ERR,ERR,ERR,ERR,ERR,ERR,ERR,ERR,ERR,ERR,ERR,ERR,ERR,ERR,ERR,ERR,ERR,ERR,ERR,-107615888.0,0.0,0.0,-0.0,-3.950258854565486e+28,0.0,-1962.218,0.16,4300,0,8,17169,4300,14654993596416.0,38,0.0,0.0,-0.0,0.0,-0.0,0,0,0,0,0.0,0,0,0,0,0,0,0,0,0,0,0,0,0,0,0,0,0,0,0,0,0,0,0,0,0,0,0,0,0,0,0,0,0,11,37,36,48,65476,410,65476,1,0,4,21553,0.0,2.7183305813883192e+23,0.0,0.0,0.0,0.0,0.0,0.0,0.0,0.0,0.0,0.0,0.0,0.0,0.0,0.0,0.0,0.0,0.0,0.0,0.0,2.004,-2.004,0.0,0.0,-2.004,0.0,0.0,0.0,0.0,6561.0,-8608232448.0,0.0,-107615888.0,0.0,0.0,0.0,0.0,0.0,2.004,2.004,223,-0.0,-0.0,0.0,0.0,0.0,0.0,0.0,0.0,0.0,0,0,0,-2923654912.0,0.002,7.792411982196942e+24,-0.0,99999416320.0,0.0,-0.0,-0.0,0.0,-7.044588179030016e+16,-0.0,250.274,0.0,0.0,0.0,-0.0,0,1.3516416376850534e+27,223,0.0,448,0.0,0.0,2114,26215,17110,13107,17112,26215,17095,0,0,0,101,100,100,-107615200.0,63.2,-107615216.0,63.5,0.0,63.5,1,49,50,180,13107,26215,0,0,0.0,0.0,0.0,60.0,0.0,71.0,0.0,4.497962633863694e+35,0.0,1071,0,1072,0,0,0,1072,0,1081,0,997,0,635,0,637,0,632,0,676,0.032,5.275768805080932e+21,0.0,0.0,50576,16813,0.0,11699849527296.0,34.063,-1.4605137006722487e+38,0.0,-5180903085047808.0,50.0,60.0,35,0.0,0.0,10.0,2.0,0.0,0.0,0.0,0.0,0.0,0.0,0.0,0.0,0.0,0.0,0.0,0.0,59.2,53,12,65510,26,65476,0,300,0,0,8,20529,65476,0,0,30147,60.0,0.0,10.0,10.0,2.0,0.0
2026-02-16T12:01:43,ERR,ERR,ERR,ERR,ERR,ERR,ERR,ERR,ERR,ERR,ERR,ERR,ERR,ERR,ERR,ERR,ERR,ERR,ERR,ERR,ERR,ERR,ERR,ERR,ERR,ERR,ERR,ERR,ERR,ERR,ERR,ERR,ERR,ERR,ERR,ERR,ERR,ERR,ERR,ERR,ERR,ERR,ERR,ERR,ERR,ERR,ERR,ERR,ERR,ERR,ERR,ERR,ERR,ERR,ERR,ERR,ERR,ERR,ERR,ERR,ERR,ERR,ERR,ERR,ERR,ERR,ERR,ERR,ERR,ERR,ERR,ERR,ERR,ERR,ERR,ERR,ERR,ERR,ERR,ERR,ERR,ERR,ERR,ERR,ERR,ERR,ERR,ERR,ERR,ERR,ERR,ERR,ERR,ERR,ERR,ERR,ERR,ERR,ERR,ERR,ERR,ERR,ERR,ERR,ERR,ERR,ERR,ERR,ERR,ERR,ERR,ERR,ERR,ERR,ERR,ERR,ERR,ERR,ERR,ERR,ERR,ERR,ERR,ERR,ERR,-107615888.0,0.0,0.0,-0.0,-3.950258854565486e+28,1.4038282988467257e+22,0.0,-4.356670496032662e+34,4300,0,8,17169,4300,14654993596416.0,39,0.0,0.0,-0.0,0.0,-0.0,0,0,0,0,0.0,0,0,0,0,0,0,0,0,0,0,0,0,0,0,0,0,0,0,0,0,0,0,0,0,0,0,0,0,0,0,0,0,0,11,37,36,48,65476,411,65476,1,0,4,21553,0.0,2.7183305813883192e+23,-2.900436467477748e+19,0.0,0.0,0.0,0.0,0.0,0.0,0.0,0.0,0.0,0.0,0.0,0.0,0.0,0.0,0.0,0.0,0.0,0.0,2.004,-2.004,0.0,0.0,-0.0,0.0,0.0,0.0,0.0,6593.0,0.0,0.0,-107615888.0,0.0,0.0,-2.7184509175703625e+23,0.0,0.0,2.004,2.004,224,-0.0,-2.3088384307314767e+20,0.0,0.0,0.0,0.0,0.0,0.0,0.0,0,0,0,-6193803689984.0,-0.048,-0.0,8066290568658944.0,1.4381317796223605e+34,-8.529057152615172e+33,-5.966631138472921e+31,0.0,-222.274,-7.502661903030682e+16,-0.0,270.548,0.0,0.0,0.0,-0.0,0,1.3516416376850534e+27,224,0.0,448,0.0,0.0,2114,26215,17110,13107,17112,26215,17095,0,0,0,101,100,100,-107615200.0,63.2,-107615216.0,63.5,0.0,63.5,1,49,50,180,13107,26215,0,0,0.0,0.0,0.0,60.0,0.0,71.0,0.0,4.497962633863694e+35,0.0,1071,0,1072,0,0,0,1072,0,1081,0,997,0,635,0,637,0,632,0,676,0.032,5.275768805080932e+21,0.0,0.0,50576,16813,0.0,11699849527296.0,34.063,-1.4605137006722487e+38,0.0,-5180903085047808.0,50.0,60.0,35,0.0,0.0,10.0,2.0,0.0,0.0,0.0,0.0,0.0,0.0,0.0,0.0,0.0,0.0,0.0,0.0,58.8,53,12,65510,26,65476,0,300,0,0,8,20529,65476,0,0,30147,60.0,0.0,10.0,10.0,2.0,0.0
2026-02-16T12:01:44,ERR,ERR,ERR,ERR,ERR,ERR,ERR,ERR,ERR,ERR,ERR,ERR,ERR,ERR,ERR,ERR,ERR,ERR,ERR,ERR,ERR,ERR,ERR,ERR,ERR,ERR,ERR,ERR,ERR,ERR,ERR,ERR,ERR,ERR,ERR,ERR,ERR,ERR,ERR,ERR,ERR,ERR,ERR,ERR,ERR,ERR,ERR,ERR,ERR,ERR,ERR,ERR,ERR,ERR,ERR,ERR,ERR,ERR,ERR,ERR,ERR,ERR,ERR,ERR,ERR,ERR,ERR,ERR,ERR,ERR,ERR,ERR,ERR,ERR,ERR,ERR,ERR,ERR,ERR,ERR,ERR,ERR,ERR,ERR,ERR,ERR,ERR,ERR,ERR,ERR,ERR,ERR,ERR,ERR,ERR,ERR,ERR,ERR,ERR,ERR,ERR,ERR,ERR,ERR,ERR,ERR,ERR,ERR,ERR,ERR,ERR,ERR,ERR,ERR,ERR,ERR,ERR,ERR,ERR,ERR,ERR,ERR,ERR,ERR,ERR,-107615888.0,0.0,0.0,-0.0,-3.950258854565486e+28,1.4038282988467257e+22,0.0,-4.356670496032662e+34,4300,0,8,17169,4300,14654993596416.0,39,0.0,0.0,-0.0,0.0,-0.0,0,0,0,0,0.0,0,0,0,0,0,0,0,0,0,0,0,0,0,0,0,0,0,0,0,0,0,0,0,0,0,0,0,0,0,0,0,0,0,11,37,36,48,65476,411,65476,1,0,4,21553,0.0,2.7183305813883192e+23,-2.900436467477748e+19,0.0,0.0,0.0,0.0,0.0,0.0,0.0,0.0,0.0,0.0,0.0,0.0,0.0,0.0,0.0,0.0,0.0,0.0,2.004,-2.004,0.0,0.0,-0.0,0.0,0.0,0.0,0.0,6593.0,0.0,0.0,-107615888.0,0.0,0.0,-2.7184509175703625e+23,0.0,0.0,2.004,2.004,224,-0.0,-2.3088384307314767e+20,0.0,0.0,0.0,0.0,0.0,0.0,0.0,0,0,0,-6193803689984.0,-0.048,-0.0,8066290568658944.0,1.4381317796223605e+34,-8.529057152615172e+33,-5.966631138472921e+31,0.0,-222.274,-7.502661903030682e+16,-0.0,270.548,0.0,0.0,0.0,-0.0,0,1.3516416376850534e+27,224,0.0,448,0.0,0.0,2114,26215,17110,13107,17112,26215,17095,0,0,0,101,100,100,-107615200.0,63.2,-107615216.0,63.5,0.0,63.5,1,49,50,180,13107,26215,0,0,0.0,0.0,0.0,60.0,0.0,71.0,0.0,1196193218560.0,0.0,1071,0,1072,0,0,0,1072,0,1081,0,997,0,635,0,637,0,632,0,676,0.032,5.312662293228351e+21,0.0,0.0,52752,16813,0.0,0.0,0.0,0.0,0.0,-23840.016,50.0,60.0,35,0.0,0.0,10.0,2.0,0.0,0.0,0.0,0.0,0.0,0.0,0.0,0.0,0.0,0.0,0.0,0.0,58.8,53,12,65510,26,65476,0,300,0,0,8,20529,65476,0,0,30147,60.0,0.0,10.0,10.0,2.0,0.0
2026-02-16T12:01:45,ERR,ERR,ERR,ERR,ERR,ERR,ERR,ERR,ERR,ERR,ERR,ERR,ERR,ERR,ERR,ERR,ERR,ERR,ERR,ERR,ERR,ERR,ERR,ERR,ERR,ERR,ERR,ERR,ERR,ERR,ERR,ERR,ERR,ERR,ERR,ERR,ERR,ERR,ERR,ERR,ERR,ERR,ERR,ERR,ERR,ERR,ERR,ERR,ERR,ERR,ERR,ERR,ERR,ERR,ERR,ERR,ERR,ERR,ERR,ERR,ERR,ERR,ERR,ERR,ERR,ERR,ERR,ERR,ERR,ERR,ERR,ERR,ERR,ERR,ERR,ERR,ERR,ERR,ERR,ERR,ERR,ERR,ERR,ERR,ERR,ERR,ERR,ERR,ERR,ERR,ERR,ERR,ERR,ERR,ERR,ERR,ERR,ERR,ERR,ERR,ERR,ERR,ERR,ERR,ERR,ERR,ERR,ERR,ERR,ERR,ERR,ERR,ERR,ERR,ERR,ERR,ERR,ERR,ERR,ERR,ERR,ERR,ERR,ERR,ERR,-107615888.0,0.0,0.0,-0.0,-3.950258854565486e+28,1.4038282988467257e+22,0.0,-4.356670496032662e+34,4300,0,8,17169,4300,14654993596416.0,39,0.0,0.0,-0.0,0.0,-0.0,0,0,0,0,0.0,0,0,0,0,0,0,0,0,0,0,0,0,0,0,0,0,0,0,0,0,0,0,0,0,0,0,0,0,0,0,0,0,0,11,37,36,48,65476,411,65476,1,0,4,21553,0.0,2.7183305813883192e+23,-2.900436467477748e+19,0.0,0.0,0.0,0.0,0.0,0.0,0.0,0.0,0.0,0.0,0.0,0.0,0.0,0.0,0.0,0.0,0.0,0.0,2.004,-2.004,0.0,0.0,-0.0,0.0,0.0,0.0,0.0,6593.0,0.0,0.0,-107615888.0,0.0,0.0,-2.7184509175703625e+23,0.0,0.0,2.004,2.004,224,-0.0,-2.3088384307314767e+20,0.0,0.0,0.0,0.0,0.0,0.0,0.0,0,0,0,-6193803689984.0,-0.048,-0.0,8066290568658944.0,1.4381317796223605e+34,-8.529057152615172e+33,-5.966631138472921e+31,0.0,-222.274,-7.502661903030682e+16,-0.0,270.548,0.0,0.0,0.0,-0.0,0,1.3516416376850534e+27,224,0.0,448,0.0,0.0,2114,26215,17110,13107,17112,26215,17095,0,0,0,101,100,100,-107615200.0,63.2,-107615216.0,63.5,0.0,63.5,1,49,50,180,13107,26215,0,0,0.0,0.0,0.0,60.0,0.0,71.0,0.0,1196193218560.0,0.0,1071,0,1072,0,0,0,1072,0,1081,0,997,0,635,0,637,0,632,0,676,0.032,5.312662293228351e+21,0.0,0.0,52752,16813,0.0,0.0,0.0,0.0,0.0,-23840.016,50.0,60.0,35,0.0,0.0,10.0,2.0,0.0,0.0,0.0,0.0,0.0,0.0,0.0,0.0,0.0,0.0,0.0,0.0,59.2,53,12,65510,26,65476,0,300,0,0,8,20529,65476,0,0,30147,60.0,0.0,10.0,10.0,2.0,0.0
2026-02-16T12:01:46,ERR,ERR,ERR,ERR,ERR,ERR,ERR,ERR,ERR,ERR,ERR,ERR,ERR,ERR,ERR,ERR,ERR,ERR,ERR,ERR,ERR,ERR,ERR,ERR,ERR,ERR,ERR,ERR,ERR,ERR,ERR,ERR,ERR,ERR,ERR,ERR,ERR,ERR,ERR,ERR,ERR,ERR,ERR,ERR,ERR,ERR,ERR,ERR,ERR,ERR,ERR,ERR,ERR,ERR,ERR,ERR,ERR,ERR,ERR,ERR,ERR,ERR,ERR,ERR,ERR,ERR,ERR,ERR,ERR,ERR,ERR,ERR,ERR,ERR,ERR,ERR,ERR,ERR,ERR,ERR,ERR,ERR,ERR,ERR,ERR,ERR,ERR,ERR,ERR,ERR,ERR,ERR,ERR,ERR,ERR,ERR,ERR,ERR,ERR,ERR,ERR,ERR,ERR,ERR,ERR,ERR,ERR,ERR,ERR,ERR,ERR,ERR,ERR,ERR,ERR,ERR,ERR,ERR,ERR,ERR,ERR,ERR,ERR,ERR,ERR,-107615888.0,0.0,0.0,-0.0,-3.950258854565486e+28,1.4038282988467257e+22,0.0,-4.356670496032662e+34,4300,0,8,17169,4300,14654993596416.0,39,0.0,0.0,-0.0,0.0,-0.0,0,0,0,0,0.0,0,0,0,0,0,0,0,0,0,0,0,0,0,0,0,0,0,0,0,0,0,0,0,0,0,0,0,0,0,0,0,0,0,11,37,36,48,65476,411,65476,1,0,4,21553,0.0,2.7183305813883192e+23,-2.900436467477748e+19,0.0,0.0,0.0,0.0,0.0,0.0,0.0,0.0,0.0,0.0,0.0,0.0,0.0,0.0,0.0,0.0,0.0,0.0,2.004,-2.004,0.0,0.0,-0.0,0.0,0.0,0.0,0.0,6593.0,0.0,0.0,-107615888.0,0.0,0.0,-2.7184509175703625e+23,0.0,0.0,2.004,2.004,224,-0.0,-2.3088384307314767e+20,0.0,0.0,0.0,0.0,0.0,0.0,0.0,0,0,0,-6193803689984.0,-0.048,-0.0,8066290568658944.0,1.4381317796223605e+34,-8.529057152615172e+33,-5.966631138472921e+31,0.0,-222.274,-7.502661903030682e+16,-0.0,270.548,0.0,0.0,0.0,-0.0,0,1.3516416376850534e+27,224,0.0,448,0.0,0.0,2114,26215,17110,13107,17112,26215,17095,0,0,0,101,100,100,-107615200.0,63.2,-107615216.0,63.5,0.0,63.5,1,49,50,180,13107,26215,0,0,0.0,0.0,0.0,60.0,0.0,71.0,0.0,1196193218560.0,0.0,1071,0,1072,0,0,0,1072,0,1081,0,997,0,635,0,637,0,632,0,676,0.032,5.312662293228351e+21,0.0,0.0,52752,16813,0.0,0.0,0.0,0.0,0.0,-23840.016,50.0,60.0,35,0.0,0.0,10.0,2.0,0.0,0.0,0.0,0.0,0.0,0.0,0.0,0.0,0.0,0.0,0.0,0.0,58.8,53,12,65510,26,65476,0,300,0,0,8,20529,65476,0,0,30147,60.0,0.0,10.0,10.0,2.0,0.0
2026-02-16T12:01:47,ERR,ERR,ERR,ERR,ERR,ERR,ERR,ERR,ERR,ERR,ERR,ERR,ERR,ERR,ERR,ERR,ERR,ERR,ERR,ERR,ERR,ERR,ERR,ERR,ERR,ERR,ERR,ERR,ERR,ERR,ERR,ERR,ERR,ERR,ERR,ERR,ERR,ERR,ERR,ERR,ERR,ERR,ERR,ERR,ERR,ERR,ERR,ERR,ERR,ERR,ERR,ERR,ERR,ERR,ERR,ERR,ERR,ERR,ERR,ERR,ERR,ERR,ERR,ERR,ERR,ERR,ERR,ERR,ERR,ERR,ERR,ERR,ERR,ERR,ERR,ERR,ERR,ERR,ERR,ERR,ERR,ERR,ERR,ERR,ERR,ERR,ERR,ERR,ERR,ERR,ERR,ERR,ERR,ERR,ERR,ERR,ERR,ERR,ERR,ERR,ERR,ERR,ERR,ERR,ERR,ERR,ERR,ERR,ERR,ERR,ERR,ERR,ERR,ERR,ERR,ERR,ERR,ERR,ERR,ERR,ERR,ERR,ERR,ERR,ERR,-107615888.0,0.0,0.0,-0.0,-3.950258854565486e+28,1.4038282988467257e+22,0.0,-4.356670496032662e+34,4300,0,8,17169,4300,14654993596416.0,39,0.0,0.0,-0.0,0.0,-0.0,0,0,0,0,0.0,0,0,0,0,0,0,0,0,0,0,0,0,0,0,0,0,0,0,0,0,0,0,0,0,0,0,0,0,0,0,0,0,0,11,37,36,48,65476,411,65476,1,0,4,21553,0.0,2.7183305813883192e+23,-2.900436467477748e+19,0.0,0.0,0.0,0.0,0.0,0.0,0.0,0.0,0.0,0.0,0.0,0.0,0.0,0.0,0.0,0.0,0.0,0.0,2.004,-2.004,0.0,0.0,-0.0,0.0,0.0,0.0,0.0,6593.0,0.0,0.0,-107615888.0,0.0,0.0,-2.7184509175703625e+23,0.0,0.0,2.004,2.004,224,-0.0,-2.3088384307314767e+20,0.0,0.0,0.0,0.0,0.0,0.0,0.0,0,0,0,-6193803689984.0,-0.048,-0.0,8066290568658944.0,1.4381317796223605e+34,-8.529057152615172e+33,-5.966631138472921e+31,0.0,-222.274,-7.502661903030682e+16,-0.0,270.548,0.0,0.0,0.0,-0.0,0,1.3516416376850534e+27,224,0.0,448,0.0,0.0,2114,26215,17110,13107,17112,26215,17095,0,0,0,101,100,100,-107615200.0,63.2,-107615216.0,63.5,0.0,63.5,1,49,50,180,13107,26215,0,0,0.0,0.0,0.0,60.0,0.327,71.0,0.0,0.0,0.0,1071,0,1072,0,0,0,1072,0,1081,0,997,0,636,0,637,0,632,0,676,0.032,5.312662293228351e+21,0.0,0.0,54672,16813,308.52,0.0,100794648.0,-5057882873659392.0,0.0,-1.4181864049627307e+23,50.0,60.0,35,0.0,0.0,10.0,2.0,0.0,0.0,0.0,0.0,0.0,0.0,0.0,0.0,0.0,0.0,0.0,0.0,58.8,53,12,65510,26,65476,0,300,0,0,8,20529,65476,0,0,30147,60.0,0.0,10.0,10.0,2.0,0.0
2026-02-16T12:01:48,ERR,ERR,ERR,ERR,ERR,ERR,ERR,ERR,ERR,ERR,ERR,ERR,ERR,ERR,ERR,ERR,ERR,ERR,ERR,ERR,ERR,ERR,ERR,ERR,ERR,ERR,ERR,ERR,ERR,ERR,ERR,ERR,ERR,ERR,ERR,ERR,ERR,ERR,ERR,ERR,ERR,ERR,ERR,ERR,ERR,ERR,ERR,ERR,ERR,ERR,ERR,ERR,ERR,ERR,ERR,ERR,ERR,ERR,ERR,ERR,ERR,ERR,ERR,ERR,ERR,ERR,ERR,ERR,ERR,ERR,ERR,ERR,ERR,ERR,ERR,ERR,ERR,ERR,ERR,ERR,ERR,ERR,ERR,ERR,ERR,ERR,ERR,ERR,ERR,ERR,ERR,ERR,ERR,ERR,ERR,ERR,ERR,ERR,ERR,ERR,ERR,ERR,ERR,ERR,ERR,ERR,ERR,ERR,ERR,ERR,ERR,ERR,ERR,ERR,ERR,ERR,ERR,ERR,ERR,ERR,ERR,ERR,ERR,ERR,ERR,-107615888.0,0.0,0.0,-0.0,-3.950258854565486e+28,-0.215,-2756114176.0,-0.0,4300,0,8,17169,4300,14654993596416.0,38,0.0,0.0,-0.0,0.0,-0.0,0,0,0,0,0.0,0,0,0,0,0,0,0,0,0,0,0,0,0,0,0,0,0,0,0,0,0,0,0,0,0,0,0,0,0,0,0,0,0,11,37,36,48,65476,412,65476,1,0,4,21553,0.0,2.7183305813883192e+23,-0.0,0.0,0.0,0.0,0.0,0.0,0.0,0.0,0.0,0.0,0.0,0.0,0.0,0.0,0.0,0.0,0.0,0.0,0.0,2.004,-2.004,0.0,0.0,-0.0,0.0,0.0,0.0,0.0,6597.0,0.0,0.0,-107615888.0,107616344.0,0.0,-2.7184509175703625e+23,-0.0,0.0,2.004,2.004,223,-71.629,-126841020416.0,0.0,0.0,0.0,0.0,0.0,0.0,0.0,0,0,0,-3611520768.0,0.0,1.3717341228512656e+33,0.0,4.342959621493429e+30,-6.289,0.0,-0.0,-0.0,-8.234496842478387e+16,-0.0,294.548,0.0,0.0,0.0,-15685015044096.0,0,1.3516416376850534e+27,223,0.0,446,0.0,0.0,2114,26215,17110,13107,17112,26215,17095,0,0,0,101,100,100,-107615200.0,63.2,-107615216.0,63.5,0.0,63.5,1,49,50,180,13107,26215,0,0,0.0,0.0,0.0,60.0,0.327,71.0,0.0,0.0,0.0,1071,0,1072,0,0,0,1072,0,1081,0,997,0,636,0,637,0,632,0,676,0.032,5.312662293228351e+21,0.0,0.0,54672,16813,308.52,0.0,100794648.0,-5057882873659392.0,0.0,-1.4181864049627307e+23,50.0,60.0,35,0.0,0.0,10.0,2.0,0.0,0.0,0.0,0.0,0.0,0.0,0.0,0.0,0.0,0.0,0.0,0.0,58.8,52,12,65510,26,65476,0,300,0,0,8,20529,65476,0,0,30147,60.0,0.0,10.0,10.0,2.0,0.0
2026-02-16T12:01:49,ERR,ERR,ERR,ERR,ERR,ERR,ERR,ERR,ERR,ERR,ERR,ERR,ERR,ERR,ERR,ERR,ERR,ERR,ERR,ERR,ERR,ERR,ERR,ERR,ERR,ERR,ERR,ERR,ERR,ERR,ERR,ERR,ERR,ERR,ERR,ERR,ERR,ERR,ERR,ERR,ERR,ERR,ERR,ERR,ERR,ERR,ERR,ERR,ERR,ERR,ERR,ERR,ERR,ERR,ERR,ERR,ERR,ERR,ERR,ERR,ERR,ERR,ERR,ERR,ERR,ERR,ERR,ERR,ERR,ERR,ERR,ERR,ERR,ERR,ERR,ERR,ERR,ERR,ERR,ERR,ERR,ERR,ERR,ERR,ERR,ERR,ERR,ERR,ERR,ERR,ERR,ERR,ERR,ERR,ERR,ERR,ERR,ERR,ERR,ERR,ERR,ERR,ERR,ERR,ERR,ERR,ERR,ERR,ERR,ERR,ERR,ERR,ERR,ERR,ERR,ERR,ERR,ERR,ERR,ERR,ERR,ERR,ERR,ERR,ERR,-107615888.0,0.0,0.0,-0.0,-3.950258854565486e+28,-0.215,-2756114176.0,-0.0,4300,0,8,17169,4300,14654993596416.0,38,0.0,0.0,-0.0,0.0,-0.0,0,0,0,0,0.0,0,0,0,0,0,0,0,0,0,0,0,0,0,0,0,0,0,0,0,0,0,0,0,0,0,0,0,0,0,0,0,0,0,11,37,36,48,65476,412,65476,1,0,4,21553,0.0,2.7183305813883192e+23,-0.0,0.0,0.0,0.0,0.0,0.0,0.0,0.0,0.0,0.0,0.0,0.0,0.0,0.0,0.0,0.0,0.0,0.0,0.0,2.004,-2.004,0.0,0.0,-0.0,0.0,0.0,0.0,0.0,6597.0,0.0,0.0,-107615888.0,107616344.0,0.0,-2.7184509175703625e+23,-0.0,0.0,2.004,2.004,223,-71.629,-126841020416.0,0.0,0.0,0.0,0.0,0.0,0.0,0.0,0,0,0,-3611520768.0,0.0,1.3717341228512656e+33,0.0,4.342959621493429e+30,-6.289,0.0,-0.0,-0.0,-8.234496842478387e+16,-0.0,294.548,0.0,0.0,0.0,-15685015044096.0,0,1.3516416376850534e+27,223,0.0,446,0.0,0.0,2114,26215,17110,13107,17112,26215,17095,0,0,0,101,100,100,-107615200.0,63.2,-107615216.0,63.5,0.0,63.5,1,49,50,180,13107,26215,0,0,0.0,0.0,0.0,60.0,0.327,71.0,0.0,0.0,0.0,1071,0,1072,0,0,0,1072,0,1081,0,997,0,636,0,637,0,632,0,676,0.032,5.312662293228351e+21,0.0,0.0,54672,16813,308.52,0.0,100794648.0,-5057882873659392.0,0.0,-1.4181864049627307e+23,50.0,60.0,35,0.0,0.0,10.0,2.0,0.0,0.0,0.0,0.0,0.0,0.0,0.0,0.0,0.0,0.0,0.0,0.0,58.8,52,12,65510,26,65476,0,300,0,0,8,20529,65476,0,0,30147,60.0,0.0,10.0,10.0,2.0,0.0
2026-02-16T12:01:50,ERR,ERR,ERR,ERR,ERR,ERR,ERR,ERR,ERR,ERR,ERR,ERR,ERR,ERR,ERR,ERR,ERR,ERR,ERR,ERR,ERR,ERR,ERR,ERR,ERR,ERR,ERR,ERR,ERR,ERR,ERR,ERR,ERR,ERR,ERR,ERR,ERR,ERR,ERR,ERR,ERR,ERR,ERR,ERR,ERR,ERR,ERR,ERR,ERR,ERR,ERR,ERR,ERR,ERR,ERR,ERR,ERR,ERR,ERR,ERR,ERR,ERR,ERR,ERR,ERR,ERR,ERR,ERR,ERR,ERR,ERR,ERR,ERR,ERR,ERR,ERR,ERR,ERR,ERR,ERR,ERR,ERR,ERR,ERR,ERR,ERR,ERR,ERR,ERR,ERR,ERR,ERR,ERR,ERR,ERR,ERR,ERR,ERR,ERR,ERR,ERR,ERR,ERR,ERR,ERR,ERR,ERR,ERR,ERR,ERR,ERR,ERR,ERR,ERR,ERR,ERR,ERR,ERR,ERR,ERR,ERR,ERR,ERR,ERR,ERR,-107615888.0,0.0,0.0,-0.0,-3.950258854565486e+28,-0.215,-2756114176.0,-0.0,4300,0,8,17169,4300,14654993596416.0,38,0.0,0.0,-0.0,0.0,-0.0,0,0,0,0,0.0,0,0,0,0,0,0,0,0,0,0,0,0,0,0,0,0,0,0,0,0,0,0,0,0,0,0,0,0,0,0,0,0,0,11,37,36,48,65476,412,65476,1,0,4,21553,0.0,2.7183305813883192e+23,-0.0,0.0,0.0,0.0,0.0,0.0,0.0,0.0,0.0,0.0,0.0,0.0,0.0,0.0,0.0,0.0,0.0,0.0,0.0,2.004,-2.004,0.0,0.0,-0.0,0.0,0.0,0.0,0.0,6597.0,0.0,0.0,-107615888.0,107616344.0,0.0,-2.7184509175703625e+23,-0.0,0.0,2.004,2.004,223,-71.629,-126841020416.0,0.0,0.0,0.0,0.0,0.0,0.0,0.0,0,0,0,-3611520768.0,0.0,1.3717341228512656e+33,0.0,4.342959621493429e+30,-6.289,0.0,-0.0,-0.0,-8.234496842478387e+16,-0.0,294.548,0.0,0.0,0.0,-15685015044096.0,0,1.3516416376850534e+27,223,0.0,446,0.0,0.0,2114,26215,17110,13107,17112,26215,17095,0,0,0,101,100,100,-107615200.0,63.2,-107615216.0,63.5,0.0,63.5,1,49,50,180,13107,26215,0,0,0.0,0.0,0.0,60.0,0.327,71.0,0.0,0.0,0.0,1071,0,1072,0,0,0,1072,0,1081,0,997,0,636,0,637,0,632,0,676,0.032,5.312662293228351e+21,0.0,0.0,54672,16813,308.52,0.0,100794648.0,-5057882873659392.0,0.0,-1.4181864049627307e+23,50.0,60.0,35,0.0,0.0,10.0,2.0,0.0,0.0,0.0,0.0,0.0,0.0,0.0,0.0,0.0,0.0,0.0,0.0,58.8,52,12,65510,26,65476,0,300,0,0,8,20529,65476,0,0,30147,60.0,0.0,10.0,10.0,2.0,0.0
2026-02-16T12:01:51,ERR,ERR,ERR,ERR,ERR,ERR,ERR,ERR,ERR,ERR,ERR,ERR,ERR,ERR,ERR,ERR,ERR,ERR,ERR,ERR,ERR,ERR,ERR,ERR,ERR,ERR,ERR,ERR,ERR,ERR,ERR,ERR,ERR,ERR,ERR,ERR,ERR,ERR,ERR,ERR,ERR,ERR,ERR,ERR,ERR,ERR,ERR,ERR,ERR,ERR,ERR,ERR,ERR,ERR,ERR,ERR,ERR,ERR,ERR,ERR,ERR,ERR,ERR,ERR,ERR,ERR,ERR,ERR,ERR,ERR,ERR,ERR,ERR,ERR,ERR,ERR,ERR,ERR,ERR,ERR,ERR,ERR,ERR,ERR,ERR,ERR,ERR,ERR,ERR,ERR,ERR,ERR,ERR,ERR,ERR,ERR,ERR,ERR,ERR,ERR,ERR,ERR,ERR,ERR,ERR,ERR,ERR,ERR,ERR,ERR,ERR,ERR,ERR,ERR,ERR,ERR,ERR,ERR,ERR,ERR,ERR,ERR,ERR,ERR,ERR,-107615888.0,0.0,0.0,-0.0,-3.950258854565486e+28,-0.215,-2756114176.0,-0.0,4300,0,8,17169,4300,14654993596416.0,38,0.0,0.0,-0.0,0.0,-0.0,0,0,0,0,0.0,0,0,0,0,0,0,0,0,0,0,0,0,0,0,0,0,0,0,0,0,0,0,0,0,0,0,0,0,0,0,0,0,0,11,37,36,48,65476,412,65476,1,0,4,21553,0.0,2.7183305813883192e+23,-0.0,0.0,0.0,0.0,0.0,0.0,0.0,0.0,0.0,0.0,0.0,0.0,0.0,0.0,0.0,0.0,0.0,0.0,0.0,2.004,-2.004,0.0,0.0,-0.0,0.0,0.0,0.0,0.0,6597.0,0.0,0.0,-107615888.0,107616344.0,0.0,-2.7184509175703625e+23,-0.0,0.0,2.004,2.004,223,-71.629,-126841020416.0,0.0,0.0,0.0,0.0,0.0,0.0,0.0,0,0,0,-3611520768.0,0.0,1.3717341228512656e+33,0.0,4.342959621493429e+30,-6.289,0.0,-0.0,-0.0,-8.234496842478387e+16,-0.0,294.548,0.0,0.0,0.0,-15685015044096.0,0,1.3516416376850534e+27,223,0.0,446,0.0,0.0,2114,26215,17110,13107,17112,26215,17095,0,0,0,101,100,100,-107615200.0,63.2,-107615216.0,63.5,0.0,63.5,1,49,50,180,13107,26215,0,0,0.0,0.0,0.0,60.0,0.0,71.0,0.0,0.0,0.0,1071,0,1072,0,0,0,1072,0,1081,0,997,0,635,0,637,0,632,0,676,0.032,5.275768805080932e+21,0.0,0.0,52880,16813,0.0,nan,0.0,4.335644569737895e+36,-3.902780734269974e+20,-0.0,50.0,60.0,35,0.0,0.0,10.0,2.0,0.0,0.0,0.0,0.0,0.0,0.0,0.0,0.0,0.0,0.0,0.0,0.0,58.8,52,12,65510,26,65476,0,300,0,0,8,20529,65476,0,0,30147,60.0,0.0,10.0,10.0,2.0,0.0
2026-02-16T12:01:52,ERR,ERR,ERR,ERR,ERR,ERR,ERR,ERR,ERR,ERR,ERR,ERR,ERR,ERR,ERR,ERR,ERR,ERR,ERR,ERR,ERR,ERR,ERR,ERR,ERR,ERR,ERR,ERR,ERR,ERR,ERR,ERR,ERR,ERR,ERR,ERR,ERR,ERR,ERR,ERR,ERR,ERR,ERR,ERR,ERR,ERR,ERR,ERR,ERR,ERR,ERR,ERR,ERR,ERR,ERR,ERR,ERR,ERR,ERR,ERR,ERR,ERR,ERR,ERR,ERR,ERR,ERR,ERR,ERR,ERR,ERR,ERR,ERR,ERR,ERR,ERR,ERR,ERR,ERR,ERR,ERR,ERR,ERR,ERR,ERR,ERR,ERR,ERR,ERR,ERR,ERR,ERR,ERR,ERR,ERR,ERR,ERR,ERR,ERR,ERR,ERR,ERR,ERR,ERR,ERR,ERR,ERR,ERR,ERR,ERR,ERR,ERR,ERR,ERR,ERR,ERR,ERR,ERR,ERR,ERR,ERR,ERR,ERR,ERR,ERR,-107615888.0,0.0,0.0,-0.0,-3.950258854565486e+28,-0.215,-2756114176.0,-0.0,4300,0,8,17169,4300,14654993596416.0,38,0.0,0.0,-0.0,0.0,-0.0,0,0,0,0,0.0,0,0,0,0,0,0,0,0,0,0,0,0,0,0,0,0,0,0,0,0,0,0,0,0,0,0,0,0,0,0,0,0,0,11,37,36,48,65476,412,65476,1,0,4,21553,0.0,2.7183305813883192e+23,-0.0,0.0,0.0,0.0,0.0,0.0,0.0,0.0,0.0,0.0,0.0,0.0,0.0,0.0,0.0,0.0,0.0,0.0,0.0,2.004,-2.004,0.0,0.0,-0.0,0.0,0.0,0.0,0.0,6597.0,0.0,0.0,-107615888.0,107616344.0,0.0,-2.7184509175703625e+23,-0.0,0.0,2.004,2.004,223,-71.629,-126841020416.0,0.0,0.0,0.0,0.0,0.0,0.0,0.0,0,0,0,-3611520768.0,0.0,1.3717341228512656e+33,0.0,4.342959621493429e+30,-6.289,0.0,-0.0,-0.0,-8.234496842478387e+16,-0.0,294.548,0.0,0.0,0.0,-15685015044096.0,0,1.3516416376850534e+27,223,0.0,446,0.0,0.0,2114,26215,17110,13107,17112,26215,17095,0,0,0,101,100,100,-107615200.0,63.2,-107615216.0,63.5,0.0,63.5,1,49,50,180,13107,26215,0,0,0.0,0.0,0.0,60.0,0.0,71.0,0.0,0.0,0.0,1071,0,1072,0,0,0,1072,0,1081,0,997,0,635,0,637,0,632,0,676,0.032,5.275768805080932e+21,0.0,0.0,52880,16813,0.0,nan,0.0,4.335644569737895e+36,-3.902780734269974e+20,-0.0,50.0,60.0,35,0.0,0.0,10.0,2.0,0.0,0.0,0.0,0.0,0.0,0.0,0.0,0.0,0.0,0.0,0.0,0.0,58.8,52,12,65510,26,65476,0,300,0,0,8,20529,65476,0,0,30147,60.0,0.0,10.0,10.0,2.0,0.0
2026-02-16T12:01:53,ERR,ERR,ERR,ERR,ERR,ERR,ERR,ERR,ERR,ERR,ERR,ERR,ERR,ERR,ERR,ERR,ERR,ERR,ERR,ERR,ERR,ERR,ERR,ERR,ERR,ERR,ERR,ERR,ERR,ERR,ERR,ERR,ERR,ERR,ERR,ERR,ERR,ERR,ERR,ERR,ERR,ERR,ERR,ERR,ERR,ERR,ERR,ERR,ERR,ERR,ERR,ERR,ERR,ERR,ERR,ERR,ERR,ERR,ERR,ERR,ERR,ERR,ERR,ERR,ERR,ERR,ERR,ERR,ERR,ERR,ERR,ERR,ERR,ERR,ERR,ERR,ERR,ERR,ERR,ERR,ERR,ERR,ERR,ERR,ERR,ERR,ERR,ERR,ERR,ERR,ERR,ERR,ERR,ERR,ERR,ERR,ERR,ERR,ERR,ERR,ERR,ERR,ERR,ERR,ERR,ERR,ERR,ERR,ERR,ERR,ERR,ERR,ERR,ERR,ERR,ERR,ERR,ERR,ERR,ERR,ERR,ERR,ERR,ERR,ERR,-107615888.0,0.0,0.0,-0.0,-3.950258854565486e+28,-0.0,-0.0,-0.072,4300,0,8,17170,4300,14654993596416.0,38,0.0,0.0,-0.0,0.0,-0.0,0,0,0,0,0.0,0,0,0,0,0,0,0,0,0,0,0,0,0,0,0,0,0,0,0,0,0,0,0,0,0,0,0,0,0,0,0,0,0,11,37,37,48,65476,404,65476,1,0,4,21553,0.0,-0.0,0.0,0.0,0.0,0.0,0.0,0.0,0.0,0.0,0.0,0.0,0.0,0.0,0.0,0.0,0.0,0.0,0.0,0.0,0.0,2.004,-2.004,0.0,2.004,-0.0,0.0,0.0,0.0,0.0,6623.0,0.0,0.0,-107615888.0,107616344.0,0.0,-2.7184509175703625e+23,0.0,0.0,2.004,2.004,224,-0.0,-4.95042434246788e+32,0.0,0.0,0.0,0.0,0.0,0.0,0.0,0,0,0,-2.1086633118516153e+24,2.5195466208462354e+27,-0.0,751861568.0,3.776061382032167e+37,4.264368696351512e+35,1419458.125,-8.827506700698812e+31,-1.1505771251849638e+35,-9.022626777268224e+16,-0.0,320.548,0.0,0.0,0.0,-228970008150016.0,0,1.3516416376850534e+27,224,0.0,448,-0.0,0.0,2114,26215,17110,13107,17112,26215,17095,0,0,0,101,100,100,-107615200.0,63.2,-107615216.0,63.5,0.0,63.5,1,49,50,180,13107,26215,0,0,0.0,0.0,0.0,60.0,0.0,71.0,0.0,0.0,0.0,1071,0,1072,0,0,0,1072,0,1081,0,997,0,635,0,637,0,632,0,676,0.032,5.275768805080932e+21,0.0,0.0,52880,16813,0.0,nan,0.0,4.335644569737895e+36,-3.902780734269974e+20,-0.0,50.0,60.0,35,0.0,0.0,10.0,2.0,0.0,0.0,0.0,0.0,0.0,0.0,0.0,0.0,0.0,0.0,0.0,0.0,58.8,52,12,65510,26,65476,0,300,0,0,8,20529,65476,0,0,30147,60.0,0.0,10.0,10.0,2.0,0.0
2026-02-16T12:01:54,ERR,ERR,ERR,ERR,ERR,ERR,ERR,ERR,ERR,ERR,ERR,ERR,ERR,ERR,ERR,ERR,ERR,ERR,ERR,ERR,ERR,ERR,ERR,ERR,ERR,ERR,ERR,ERR,ERR,ERR,ERR,ERR,ERR,ERR,ERR,ERR,ERR,ERR,ERR,ERR,ERR,ERR,ERR,ERR,ERR,ERR,ERR,ERR,ERR,ERR,ERR,ERR,ERR,ERR,ERR,ERR,ERR,ERR,ERR,ERR,ERR,ERR,ERR,ERR,ERR,ERR,ERR,ERR,ERR,ERR,ERR,ERR,ERR,ERR,ERR,ERR,ERR,ERR,ERR,ERR,ERR,ERR,ERR,ERR,ERR,ERR,ERR,ERR,ERR,ERR,ERR,ERR,ERR,ERR,ERR,ERR,ERR,ERR,ERR,ERR,ERR,ERR,ERR,ERR,ERR,ERR,ERR,ERR,ERR,ERR,ERR,ERR,ERR,ERR,ERR,ERR,ERR,ERR,ERR,ERR,ERR,ERR,ERR,ERR,ERR,-107615888.0,0.0,0.0,-0.0,-3.950258854565486e+28,-0.0,-0.0,-0.072,4300,0,8,17170,4300,14654993596416.0,38,0.0,0.0,-0.0,0.0,-0.0,0,0,0,0,0.0,0,0,0,0,0,0,0,0,0,0,0,0,0,0,0,0,0,0,0,0,0,0,0,0,0,0,0,0,0,0,0,0,0,11,37,37,48,65476,404,65476,1,0,4,21553,0.0,-0.0,0.0,0.0,0.0,0.0,0.0,0.0,0.0,0.0,0.0,0.0,0.0,0.0,0.0,0.0,0.0,0.0,0.0,0.0,0.0,2.004,-2.004,0.0,2.004,-0.0,0.0,0.0,0.0,0.0,6623.0,0.0,0.0,-107615888.0,107616344.0,0.0,-2.7184509175703625e+23,0.0,0.0,2.004,2.004,224,-0.0,-4.95042434246788e+32,0.0,0.0,0.0,0.0,0.0,0.0,0.0,0,0,0,-2.1086633118516153e+24,2.5195466208462354e+27,-0.0,751861568.0,3.776061382032167e+37,4.264368696351512e+35,1419458.125,-8.827506700698812e+31,-1.1505771251849638e+35,-9.022626777268224e+16,-0.0,320.548,0.0,0.0,0.0,-228970008150016.0,0,1.3516416376850534e+27,224,0.0,448,-0.0,0.0,2114,26215,17110,13107,17112,26215,17095,0,0,0,101,100,100,-107615200.0,63.2,-107615216.0,63.5,0.0,63.5,1,49,50,180,13107,26215,0,0,0.0,0.0,0.0,60.0,7.227,71.0,0.0,-0.0,0.0,1071,0,1072,0,0,0,1072,0,1081,0,997,0,636,0,637,0,632,0,676,0.032,5.312662293228351e+21,0.0,0.0,57488,16813,0.0,1.1180420408362926e+18,-0.0,-0.0,2.0379340818444452e+18,3191867392.0,50.0,60.0,35,0.0,0.0,10.0,2.0,0.0,0.0,0.0,0.0,0.0,0.0,0.0,0.0,0.0,0.0,0.0,0.0,58.8,52,12,65510,26,65476,0,300,0,0,8,20529,65476,0,0,30147,60.0,0.0,10.0,10.0,2.0,0.0
2026-02-16T12:01:55,ERR,ERR,ERR,ERR,ERR,ERR,ERR,ERR,ERR,ERR,ERR,ERR,ERR,ERR,ERR,ERR,ERR,ERR,ERR,ERR,ERR,ERR,ERR,ERR,ERR,ERR,ERR,ERR,ERR,ERR,ERR,ERR,ERR,ERR,ERR,ERR,ERR,ERR,ERR,ERR,ERR,ERR,ERR,ERR,ERR,ERR,ERR,ERR,ERR,ERR,ERR,ERR,ERR,ERR,ERR,ERR,ERR,ERR,ERR,ERR,ERR,ERR,ERR,ERR,ERR,ERR,ERR,ERR,ERR,ERR,ERR,ERR,ERR,ERR,ERR,ERR,ERR,ERR,ERR,ERR,ERR,ERR,ERR,ERR,ERR,ERR,ERR,ERR,ERR,ERR,ERR,ERR,ERR,ERR,ERR,ERR,ERR,ERR,ERR,ERR,ERR,ERR,ERR,ERR,ERR,ERR,ERR,ERR,ERR,ERR,ERR,ERR,ERR,ERR,ERR,ERR,ERR,ERR,ERR,ERR,ERR,ERR,ERR,ERR,ERR,-107615888.0,0.0,0.0,-0.0,-3.950258854565486e+28,-0.0,-0.0,-0.072,4300,0,8,17170,4300,14654993596416.0,38,0.0,0.0,-0.0,0.0,-0.0,0,0,0,0,0.0,0,0,0,0,0,0,0,0,0,0,0,0,0,0,0,0,0,0,0,0,0,0,0,0,0,0,0,0,0,0,0,0,0,11,37,37,48,65476,404,65476,1,0,4,21553,0.0,-0.0,0.0,0.0,0.0,0.0,0.0,0.0,0.0,0.0,0.0,0.0,0.0,0.0,0.0,0.0,0.0,0.0,0.0,0.0,0.0,2.004,-2.004,0.0,2.004,-0.0,0.0,0.0,0.0,0.0,6623.0,0.0,0.0,-107615888.0,107616344.0,0.0,-2.7184509175703625e+23,0.0,0.0,2.004,2.004,224,-0.0,-4.95042434246788e+32,0.0,0.0,0.0,0.0,0.0,0.0,0.0,0,0,0,-2.1086633118516153e+24,2.5195466208462354e+27,-0.0,751861568.0,3.776061382032167e+37,4.264368696351512e+35,1419458.125,-8.827506700698812e+31,-1.1505771251849638e+35,-9.022626777268224e+16,-0.0,320.548,0.0,0.0,0.0,-228970008150016.0,0,1.3516416376850534e+27,224,0.0,448,-0.0,0.0,2114,26215,17110,13107,17112,26215,17095,0,0,0,101,100,100,-107615200.0,63.2,-107615216.0,63.5,0.0,63.5,1,49,50,180,13107,26215,0,0,0.0,0.0,0.0,60.0,7.227,71.0,0.0,-0.0,0.0,1071,0,1072,0,0,0,1072,0,1081,0,997,0,636,0,637,0,632,0,676,0.032,5.312662293228351e+21,0.0,0.0,57488,16813,0.0,1.1180420408362926e+18,-0.0,-0.0,2.0379340818444452e+18,3191867392.0,50.0,60.0,35,0.0,0.0,10.0,2.0,0.0,0.0,0.0,0.0,0.0,0.0,0.0,0.0,0.0,0.0,0.0,0.0,59.2,52,12,65510,26,65476,0,300,0,0,8,20529,65476,0,0,30147,60.0,0.0,10.0,10.0,2.0,0.0
2026-02-16T12:01:56,ERR,ERR,ERR,ERR,ERR,ERR,ERR,ERR,ERR,ERR,ERR,ERR,ERR,ERR,ERR,ERR,ERR,ERR,ERR,ERR,ERR,ERR,ERR,ERR,ERR,ERR,ERR,ERR,ERR,ERR,ERR,ERR,ERR,ERR,ERR,ERR,ERR,ERR,ERR,ERR,ERR,ERR,ERR,ERR,ERR,ERR,ERR,ERR,ERR,ERR,ERR,ERR,ERR,ERR,ERR,ERR,ERR,ERR,ERR,ERR,ERR,ERR,ERR,ERR,ERR,ERR,ERR,ERR,ERR,ERR,ERR,ERR,ERR,ERR,ERR,ERR,ERR,ERR,ERR,ERR,ERR,ERR,ERR,ERR,ERR,ERR,ERR,ERR,ERR,ERR,ERR,ERR,ERR,ERR,ERR,ERR,ERR,ERR,ERR,ERR,ERR,ERR,ERR,ERR,ERR,ERR,ERR,ERR,ERR,ERR,ERR,ERR,ERR,ERR,ERR,ERR,ERR,ERR,ERR,ERR,ERR,ERR,ERR,ERR,ERR,-107615888.0,0.0,0.0,-0.0,-3.950258854565486e+28,-0.0,-0.0,-0.072,4300,0,8,17170,4300,14654993596416.0,38,0.0,0.0,-0.0,0.0,-0.0,0,0,0,0,0.0,0,0,0,0,0,0,0,0,0,0,0,0,0,0,0,0,0,0,0,0,0,0,0,0,0,0,0,0,0,0,0,0,0,11,37,37,48,65476,404,65476,1,0,4,21553,0.0,-0.0,0.0,0.0,0.0,0.0,0.0,0.0,0.0,0.0,0.0,0.0,0.0,0.0,0.0,0.0,0.0,0.0,0.0,0.0,0.0,2.004,-2.004,0.0,2.004,-0.0,0.0,0.0,0.0,0.0,6623.0,0.0,0.0,-107615888.0,107616344.0,0.0,-2.7184509175703625e+23,0.0,0.0,2.004,2.004,224,-0.0,-4.95042434246788e+32,0.0,0.0,0.0,0.0,0.0,0.0,0.0,0,0,0,-2.1086633118516153e+24,2.5195466208462354e+27,-0.0,751861568.0,3.776061382032167e+37,4.264368696351512e+35,1419458.125,-8.827506700698812e+31,-1.1505771251849638e+35,-9.022626777268224e+16,-0.0,320.548,0.0,0.0,0.0,-228970008150016.0,0,1.3516416376850534e+27,224,0.0,448,-0.0,0.0,2114,26215,17110,13107,17112,26215,17095,0,0,0,101,100,100,-107615200.0,63.2,-107615216.0,63.5,0.0,63.5,1,49,50,180,13107,26215,0,0,0.0,0.0,0.0,60.0,7.227,71.0,0.0,-0.0,0.0,1071,0,1072,0,0,0,1072,0,1081,0,997,0,636,0,637,0,632,0,676,0.032,5.312662293228351e+21,0.0,0.0,57488,16813,0.0,1.1180420408362926e+18,-0.0,-0.0,2.0379340818444452e+18,3191867392.0,50.0,60.0,35,0.0,0.0,10.0,2.0,0.0,0.0,0.0,0.0,0.0,0.0,0.0,0.0,0.0,0.0,0.0,0.0,58.8,52,12,65510,26,65476,0,300,0,0,8,20529,65476,0,0,30147,60.0,0.0,10.0,10.0,2.0,0.0
2026-02-16T12:01:57,ERR,ERR,ERR,ERR,ERR,ERR,ERR,ERR,ERR,ERR,ERR,ERR,ERR,ERR,ERR,ERR,ERR,ERR,ERR,ERR,ERR,ERR,ERR,ERR,ERR,ERR,ERR,ERR,ERR,ERR,ERR,ERR,ERR,ERR,ERR,ERR,ERR,ERR,ERR,ERR,ERR,ERR,ERR,ERR,ERR,ERR,ERR,ERR,ERR,ERR,ERR,ERR,ERR,ERR,ERR,ERR,ERR,ERR,ERR,ERR,ERR,ERR,ERR,ERR,ERR,ERR,ERR,ERR,ERR,ERR,ERR,ERR,ERR,ERR,ERR,ERR,ERR,ERR,ERR,ERR,ERR,ERR,ERR,ERR,ERR,ERR,ERR,ERR,ERR,ERR,ERR,ERR,ERR,ERR,ERR,ERR,ERR,ERR,ERR,ERR,ERR,ERR,ERR,ERR,ERR,ERR,ERR,ERR,ERR,ERR,ERR,ERR,ERR,ERR,ERR,ERR,ERR,ERR,ERR,ERR,ERR,ERR,ERR,ERR,ERR,-0.0,107616344.0,0.0,-0.0,-8273.889,-1.775,-94638104576.0,6.158076116903008e+36,4300,0,8,17169,4300,14654993596416.0,37,0.0,0.0,-0.0,0.0,-0.0,0,0,0,0,0.0,0,0,0,0,0,0,0,0,0,0,0,0,0,0,0,0,0,0,0,0,0,0,0,0,0,0,0,0,0,0,0,0,0,11,37,37,48,65476,404,65476,1,0,4,21553,0.0,-107610976.0,-1.0685159139526574e+18,0.0,0.0,0.0,0.0,0.0,0.0,0.0,0.0,0.0,0.0,0.0,0.0,0.0,0.0,0.0,0.0,0.0,0.0,2.004,-2.004,0.0,3.697074423243316e+19,-0.0,0.0,0.0,0.0,0.0,6599.0,0.0,0.0,-107615888.0,107616344.0,2.718450016850437e+23,-2.7184509175703625e+23,0.0,0.0,2.004,2.004,224,-4.950401131092143e+32,-2.3088384307314767e+20,0.0,0.0,0.0,0.0,0.0,0.0,0.0,0,0,0,-7.836824602298608e+29,-0.0,-0.0,-2.9562340085751014e+21,-0.0,-1.83,1.2268833331572178e+22,59462.02,3268.392,-9.698166721373798e+16,-0.0,346.548,0.0,0.0,0.0,-126.124,0,1.3516416376850534e+27,224,0.0,448,-0.0,0.0,2114,26215,17110,13107,17112,26215,17095,0,0,0,101,100,100,-107615200.0,63.2,-107615216.0,63.5,0.0,63.5,1,49,50,180,13107,26215,0,0,0.0,0.0,0.0,60.0,0.0,71.0,0.0,-0.0,0.0,1071,0,1072,0,0,0,1072,0,1081,0,997,0,635,0,637,0,632,0,675,0.032,5.275768805080932e+21,-2.004,0.0,62352,16813,0.002,-0.0,-963148644352.0,0.0,-0.0,1.2511366623289362e+38,50.0,60.0,35,0.0,0.0,10.0,2.0,0.0,0.0,0.0,0.0,0.0,0.0,0.0,0.0,0.0,0.0,0.0,0.0,58.8,52,12,65510,26,65476,0,300,0,0,8,20529,65476,0,0,30147,60.0,0.0,10.0,10.0,2.0,0.0
2026-02-16T12:01:58,ERR,ERR,ERR,ERR,ERR,ERR,ERR,ERR,ERR,ERR,ERR,ERR,ERR,ERR,ERR,ERR,ERR,ERR,ERR,ERR,ERR,ERR,ERR,ERR,ERR,ERR,ERR,ERR,ERR,ERR,ERR,ERR,ERR,ERR,ERR,ERR,ERR,ERR,ERR,ERR,ERR,ERR,ERR,ERR,ERR,ERR,ERR,ERR,ERR,ERR,ERR,ERR,ERR,ERR,ERR,ERR,ERR,ERR,ERR,ERR,ERR,ERR,ERR,ERR,ERR,ERR,ERR,ERR,ERR,ERR,ERR,ERR,ERR,ERR,ERR,ERR,ERR,ERR,ERR,ERR,ERR,ERR,ERR,ERR,ERR,ERR,ERR,ERR,ERR,ERR,ERR,ERR,ERR,ERR,ERR,ERR,ERR,ERR,ERR,ERR,ERR,ERR,ERR,ERR,ERR,ERR,ERR,ERR,ERR,ERR,ERR,ERR,ERR,ERR,ERR,ERR,ERR,ERR,ERR,ERR,ERR,ERR,ERR,ERR,ERR,-0.0,107616344.0,0.0,-0.0,-8273.889,-1.775,-94638104576.0,6.158076116903008e+36,4300,0,8,17169,4300,14654993596416.0,37,0.0,0.0,-0.0,0.0,-0.0,0,0,0,0,0.0,0,0,0,0,0,0,0,0,0,0,0,0,0,0,0,0,0,0,0,0,0,0,0,0,0,0,0,0,0,0,0,0,0,11,37,37,48,65476,404,65476,1,0,4,21553,0.0,-107610976.0,-1.0685159139526574e+18,0.0,0.0,0.0,0.0,0.0,0.0,0.0,0.0,0.0,0.0,0.0,0.0,0.0,0.0,0.0,0.0,0.0,0.0,2.004,-2.004,0.0,3.697074423243316e+19,-0.0,0.0,0.0,0.0,0.0,6599.0,0.0,0.0,-107615888.0,107616344.0,2.718450016850437e+23,-2.7184509175703625e+23,0.0,0.0,2.004,2.004,224,-4.950401131092143e+32,-2.3088384307314767e+20,0.0,0.0,0.0,0.0,0.0,0.0,0.0,0,0,0,-7.836824602298608e+29,-0.0,-0.0,-2.9562340085751014e+21,-0.0,-1.83,1.2268833331572178e+22,59462.02,3268.392,-9.698166721373798e+16,-0.0,346.548,0.0,0.0,0.0,-126.124,0,1.3516416376850534e+27,224,0.0,448,-0.0,0.0,2114,26215,17110,13107,17112,26215,17095,0,0,0,101,100,100,-107615200.0,63.2,-107615216.0,63.5,0.0,63.5,1,49,50,180,13107,26215,0,0,0.0,0.0,0.0,60.0,0.0,71.0,0.0,-0.0,0.0,1071,0,1072,0,0,0,1072,0,1081,0,997,0,635,0,637,0,632,0,675,0.032,5.275768805080932e+21,-2.004,0.0,62352,16813,0.002,-0.0,-963148644352.0,0.0,-0.0,1.2511366623289362e+38,50.0,60.0,35,0.0,0.0,10.0,2.0,0.0,0.0,0.0,0.0,0.0,0.0,0.0,0.0,0.0,0.0,0.0,0.0,58.8,52,12,65510,26,65476,0,300,0,0,8,20529,65476,0,0,30147,60.0,0.0,10.0,10.0,2.0,0.0
2026-02-16T12:01:59,ERR,ERR,ERR,ERR,ERR,ERR,ERR,ERR,ERR,ERR,ERR,ERR,ERR,ERR,ERR,ERR,ERR,ERR,ERR,ERR,ERR,ERR,ERR,ERR,ERR,ERR,ERR,ERR,ERR,ERR,ERR,ERR,ERR,ERR,ERR,ERR,ERR,ERR,ERR,ERR,ERR,ERR,ERR,ERR,ERR,ERR,ERR,ERR,ERR,ERR,ERR,ERR,ERR,ERR,ERR,ERR,ERR,ERR,ERR,ERR,ERR,ERR,ERR,ERR,ERR,ERR,ERR,ERR,ERR,ERR,ERR,ERR,ERR,ERR,ERR,ERR,ERR,ERR,ERR,ERR,ERR,ERR,ERR,ERR,ERR,ERR,ERR,ERR,ERR,ERR,ERR,ERR,ERR,ERR,ERR,ERR,ERR,ERR,ERR,ERR,ERR,ERR,ERR,ERR,ERR,ERR,ERR,ERR,ERR,ERR,ERR,ERR,ERR,ERR,ERR,ERR,ERR,ERR,ERR,ERR,ERR,ERR,ERR,ERR,ERR,-0.0,107616344.0,0.0,-0.0,-8273.889,-1.775,-94638104576.0,6.158076116903008e+36,4300,0,8,17169,4300,14654993596416.0,37,0.0,0.0,-0.0,0.0,-0.0,0,0,0,0,0.0,0,0,0,0,0,0,0,0,0,0,0,0,0,0,0,0,0,0,0,0,0,0,0,0,0,0,0,0,0,0,0,0,0,11,37,37,48,65476,404,65476,1,0,4,21553,0.0,-107610976.0,-1.0685159139526574e+18,0.0,0.0,0.0,0.0,0.0,0.0,0.0,0.0,0.0,0.0,0.0,0.0,0.0,0.0,0.0,0.0,0.0,0.0,2.004,-2.004,0.0,3.697074423243316e+19,-0.0,0.0,0.0,0.0,0.0,6599.0,0.0,0.0,-107615888.0,107616344.0,2.718450016850437e+23,-2.7184509175703625e+23,0.0,0.0,2.004,2.004,224,-4.950401131092143e+32,-2.3088384307314767e+20,0.0,0.0,0.0,0.0,0.0,0.0,0.0,0,0,0,-7.836824602298608e+29,-0.0,-0.0,-2.9562340085751014e+21,-0.0,-1.83,1.2268833331572178e+22,59462.02,3268.392,-9.698166721373798e+16,-0.0,346.548,0.0,0.0,0.0,-126.124,0,1.3516416376850534e+27,224,0.0,448,-0.0,0.0,2114,26215,17110,13107,17112,26215,17095,0,0,0,101,100,100,-107615200.0,63.2,-107615216.0,63.5,0.0,63.5,1,49,50,180,13107,26215,0,0,0.0,0.0,0.0,60.0,0.0,71.0,0.0,-0.0,0.0,1071,0,1072,0,0,0,1072,0,1081,0,997,0,635,0,637,0,632,0,675,0.032,5.275768805080932e+21,-2.004,0.0,62352,16813,0.002,-0.0,-963148644352.0,0.0,-0.0,1.2511366623289362e+38,50.0,60.0,35,0.0,0.0,10.0,2.0,0.0,0.0,0.0,0.0,0.0,0.0,0.0,0.0,0.0,0.0,0.0,0.0,58.8,52,12,65510,26,65476,0,300,0,0,8,20529,65476,0,0,30147,60.0,0.0,10.0,10.0,2.0,0.0
2026-02-16T12:02:00,ERR,ERR,ERR,ERR,ERR,ERR,ERR,ERR,ERR,ERR,ERR,ERR,ERR,ERR,ERR,ERR,ERR,ERR,ERR,ERR,ERR,ERR,ERR,ERR,ERR,ERR,ERR,ERR,ERR,ERR,ERR,ERR,ERR,ERR,ERR,ERR,ERR,ERR,ERR,ERR,ERR,ERR,ERR,ERR,ERR,ERR,ERR,ERR,ERR,ERR,ERR,ERR,ERR,ERR,ERR,ERR,ERR,ERR,ERR,ERR,ERR,ERR,ERR,ERR,ERR,ERR,ERR,ERR,ERR,ERR,ERR,ERR,ERR,ERR,ERR,ERR,ERR,ERR,ERR,ERR,ERR,ERR,ERR,ERR,ERR,ERR,ERR,ERR,ERR,ERR,ERR,ERR,ERR,ERR,ERR,ERR,ERR,ERR,ERR,ERR,ERR,ERR,ERR,ERR,ERR,ERR,ERR,ERR,ERR,ERR,ERR,ERR,ERR,ERR,ERR,ERR,ERR,ERR,ERR,ERR,ERR,ERR,ERR,ERR,ERR,-0.0,107616344.0,0.0,-0.0,-8273.889,-1.775,-94638104576.0,6.158076116903008e+36,4300,0,8,17169,4300,14654993596416.0,37,0.0,0.0,-0.0,0.0,-0.0,0,0,0,0,0.0,0,0,0,0,0,0,0,0,0,0,0,0,0,0,0,0,0,0,0,0,0,0,0,0,0,0,0,0,0,0,0,0,0,11,37,37,48,65476,404,65476,1,0,4,21553,0.0,-107610976.0,-1.0685159139526574e+18,0.0,0.0,0.0,0.0,0.0,0.0,0.0,0.0,0.0,0.0,0.0,0.0,0.0,0.0,0.0,0.0,0.0,0.0,2.004,-2.004,0.0,3.697074423243316e+19,-0.0,0.0,0.0,0.0,0.0,6599.0,0.0,0.0,-107615888.0,107616344.0,2.718450016850437e+23,-2.7184509175703625e+23,0.0,0.0,2.004,2.004,224,-4.950401131092143e+32,-2.3088384307314767e+20,0.0,0.0,0.0,0.0,0.0,0.0,0.0,0,0,0,-7.836824602298608e+29,-0.0,-0.0,-2.9562340085751014e+21,-0.0,-1.83,1.2268833331572178e+22,59462.02,3268.392,-9.698166721373798e+16,-0.0,346.548,0.0,0.0,0.0,-126.124,0,1.3516416376850534e+27,224,0.0,448,-0.0,0.0,2114,26215,17110,13107,17112,26215,17095,0,0,0,101,100,100,-107615200.0,63.2,-107615216.0,63.5,0.0,63.5,1,49,50,180,13107,26215,0,0,0.0,0.0,0.0,60.0,0.0,71.0,0.0,-0.0,0.0,1071,0,1072,0,0,0,1072,0,1081,0,997,0,635,0,637,0,632,0,675,0.032,5.275768805080932e+21,-2.004,0.0,62352,16813,0.002,-0.0,-963148644352.0,0.0,-0.0,1.2511366623289362e+38,50.0,60.0,35,0.0,0.0,10.0,2.0,0.0,0.0,0.0,0.0,0.0,0.0,0.0,0.0,0.0,0.0,0.0,0.0,58.8,52,12,65510,26,65476,0,300,0,0,8,20529,65476,0,0,30147,60.0,0.0,10.0,10.0,2.0,0.0
2026-02-16T12:02:01,ERR,ERR,ERR,ERR,ERR,ERR,ERR,ERR,ERR,ERR,ERR,ERR,ERR,ERR,ERR,ERR,ERR,ERR,ERR,ERR,ERR,ERR,ERR,ERR,ERR,ERR,ERR,ERR,ERR,ERR,ERR,ERR,ERR,ERR,ERR,ERR,ERR,ERR,ERR,ERR,ERR,ERR,ERR,ERR,ERR,ERR,ERR,ERR,ERR,ERR,ERR,ERR,ERR,ERR,ERR,ERR,ERR,ERR,ERR,ERR,ERR,ERR,ERR,ERR,ERR,ERR,ERR,ERR,ERR,ERR,ERR,ERR,ERR,ERR,ERR,ERR,ERR,ERR,ERR,ERR,ERR,ERR,ERR,ERR,ERR,ERR,ERR,ERR,ERR,ERR,ERR,ERR,ERR,ERR,ERR,ERR,ERR,ERR,ERR,ERR,ERR,ERR,ERR,ERR,ERR,ERR,ERR,ERR,ERR,ERR,ERR,ERR,ERR,ERR,ERR,ERR,ERR,ERR,ERR,ERR,ERR,ERR,ERR,ERR,ERR,-0.0,107616344.0,0.0,-0.0,-8273.889,-1.775,-94638104576.0,6.158076116903008e+36,4300,0,8,17169,4300,14654993596416.0,37,0.0,0.0,-0.0,0.0,-0.0,0,0,0,0,0.0,0,0,0,0,0,0,0,0,0,0,0,0,0,0,0,0,0,0,0,0,0,0,0,0,0,0,0,0,0,0,0,0,0,11,37,37,48,65476,404,65476,1,0,4,21553,0.0,-107610976.0,-1.0685159139526574e+18,0.0,0.0,0.0,0.0,0.0,0.0,0.0,0.0,0.0,0.0,0.0,0.0,0.0,0.0,0.0,0.0,0.0,0.0,2.004,-2.004,0.0,3.697074423243316e+19,-0.0,0.0,0.0,0.0,0.0,6599.0,0.0,0.0,-107615888.0,107616344.0,2.718450016850437e+23,-2.7184509175703625e+23,0.0,0.0,2.004,2.004,224,-4.950401131092143e+32,-2.3088384307314767e+20,0.0,0.0,0.0,0.0,0.0,0.0,0.0,0,0,0,-7.836824602298608e+29,-0.0,-0.0,-2.9562340085751014e+21,-0.0,-1.83,1.2268833331572178e+22,59462.02,3268.392,-9.698166721373798e+16,-0.0,346.548,0.0,0.0,0.0,-126.124,0,1.3516416376850534e+27,224,0.0,448,-0.0,0.0,2114,26215,17110,13107,17112,26215,17095,0,0,0,101,100,100,-107615200.0,63.2,-107615216.0,63.5,0.0,63.5,1,49,50,180,13107,26215,0,0,0.0,0.0,0.0,60.0,8864398.0,71.0,0.0,-0.0,0.0,1071,0,1072,0,0,0,1072,0,1081,0,997,0,636,0,638,0,632,0,675,0.032,5.34955578137577e+21,-2.004,0.0,59792,16813,8864398.0,-0.0,0.0,-0.0,-7189986017280.0,-0.0,50.0,60.0,35,0.0,0.0,10.0,2.0,0.0,0.0,0.0,0.0,0.0,0.0,0.0,0.0,0.0,0.0,0.0,0.0,58.8,52,12,65510,26,65476,0,300,0,0,8,20529,65476,0,0,30147,60.0,0.0,10.0,10.0,2.0,0.0
2026-02-16T12:02:02,ERR,ERR,ERR,ERR,ERR,ERR,ERR,ERR,ERR,ERR,ERR,ERR,ERR,ERR,ERR,ERR,ERR,ERR,ERR,ERR,ERR,ERR,ERR,ERR,ERR,ERR,ERR,ERR,ERR,ERR,ERR,ERR,ERR,ERR,ERR,ERR,ERR,ERR,ERR,ERR,ERR,ERR,ERR,ERR,ERR,ERR,ERR,ERR,ERR,ERR,ERR,ERR,ERR,ERR,ERR,ERR,ERR,ERR,ERR,ERR,ERR,ERR,ERR,ERR,ERR,ERR,ERR,ERR,ERR,ERR,ERR,ERR,ERR,ERR,ERR,ERR,ERR,ERR,ERR,ERR,ERR,ERR,ERR,ERR,ERR,ERR,ERR,ERR,ERR,ERR,ERR,ERR,ERR,ERR,ERR,ERR,ERR,ERR,ERR,ERR,ERR,ERR,ERR,ERR,ERR,ERR,ERR,ERR,ERR,ERR,ERR,ERR,ERR,ERR,ERR,ERR,ERR,ERR,ERR,ERR,ERR,ERR,ERR,ERR,ERR,-107615888.0,107616344.0,-0.0,-0.0,1.8194473603301376e+16,-0.0,-0.0,0.0,4300,0,8,17170,4300,14654993596416.0,38,0.0,0.0,-0.0,0.0,-0.0,0,0,0,0,0.0,0,0,0,0,0,0,0,0,0,0,0,0,0,0,0,0,0,0,0,0,0,0,0,0,0,0,0,0,0,0,0,0,0,11,37,37,48,65476,406,65476,1,0,4,21553,0.0,2.7183305813883192e+23,-0.0,0.0,0.0,0.0,0.0,0.0,0.0,0.0,0.0,0.0,0.0,0.0,0.0,0.0,0.0,0.0,0.0,0.0,0.0,2.004,-0.0,0.0,3.697074423243316e+19,-0.0,0.0,0.0,0.0,0.0,6598.0,0.0,0.0,-0.0,107616344.0,2.718450016850437e+23,-2.7184509175703625e+23,0.0,0.0,2.004,2.004,223,0.0,-3.2220245344017747e+26,0.0,0.0,0.0,0.0,0.0,0.0,0.0,0,0,0,-9.568021203295176e+24,1488804779130880.0,-0.0,0.0,-0.0,-3595016339456.0,0.0,0.0,-8.025469334334076e+32,-1.0317411670137242e+17,-0.0,368.548,0.0,0.0,0.0,-0.0,0,1.3516416376850534e+27,223,0.0,446,0.0,-1881179008.0,2114,26215,17110,13107,17112,26215,17095,0,0,0,101,100,100,-107615200.0,63.2,-107615216.0,63.5,0.0,63.5,1,49,50,180,13107,26215,0,0,0.0,0.0,0.0,60.0,8864398.0,71.0,0.0,-0.0,0.0,1071,0,1072,0,0,0,1072,0,1081,0,997,0,636,0,638,0,632,0,675,0.032,5.34955578137577e+21,-2.004,0.0,59792,16813,8864398.0,-0.0,0.0,-0.0,-7189986017280.0,-0.0,50.0,60.0,35,0.0,0.0,10.0,2.0,0.0,0.0,0.0,0.0,0.0,0.0,0.0,0.0,0.0,0.0,0.0,0.0,58.8,52,12,65510,26,65476,0,300,0,0,8,20529,65476,0,0,30147,60.0,0.0,10.0,10.0,2.0,0.0
2026-02-16T12:02:03,ERR,ERR,ERR,ERR,ERR,ERR,ERR,ERR,ERR,ERR,ERR,ERR,ERR,ERR,ERR,ERR,ERR,ERR,ERR,ERR,ERR,ERR,ERR,ERR,ERR,ERR,ERR,ERR,ERR,ERR,ERR,ERR,ERR,ERR,ERR,ERR,ERR,ERR,ERR,ERR,ERR,ERR,ERR,ERR,ERR,ERR,ERR,ERR,ERR,ERR,ERR,ERR,ERR,ERR,ERR,ERR,ERR,ERR,ERR,ERR,ERR,ERR,ERR,ERR,ERR,ERR,ERR,ERR,ERR,ERR,ERR,ERR,ERR,ERR,ERR,ERR,ERR,ERR,ERR,ERR,ERR,ERR,ERR,ERR,ERR,ERR,ERR,ERR,ERR,ERR,ERR,ERR,ERR,ERR,ERR,ERR,ERR,ERR,ERR,ERR,ERR,ERR,ERR,ERR,ERR,ERR,ERR,ERR,ERR,ERR,ERR,ERR,ERR,ERR,ERR,ERR,ERR,ERR,ERR,ERR,ERR,ERR,ERR,ERR,ERR,-107615888.0,107616344.0,-0.0,-0.0,1.8194473603301376e+16,-0.0,-0.0,0.0,4300,0,8,17170,4300,14654993596416.0,38,0.0,0.0,-0.0,0.0,-0.0,0,0,0,0,0.0,0,0,0,0,0,0,0,0,0,0,0,0,0,0,0,0,0,0,0,0,0,0,0,0,0,0,0,0,0,0,0,0,0,11,37,37,48,65476,406,65476,1,0,4,21553,0.0,2.7183305813883192e+23,-0.0,0.0,0.0,0.0,0.0,0.0,0.0,0.0,0.0,0.0,0.0,0.0,0.0,0.0,0.0,0.0,0.0,0.0,0.0,2.004,-0.0,0.0,3.697074423243316e+19,-0.0,0.0,0.0,0.0,0.0,6598.0,0.0,0.0,-0.0,107616344.0,2.718450016850437e+23,-2.7184509175703625e+23,0.0,0.0,2.004,2.004,223,0.0,-3.2220245344017747e+26,0.0,0.0,0.0,0.0,0.0,0.0,0.0,0,0,0,-9.568021203295176e+24,1488804779130880.0,-0.0,0.0,-0.0,-3595016339456.0,0.0,0.0,-8.025469334334076e+32,-1.0317411670137242e+17,-0.0,368.548,0.0,0.0,0.0,-0.0,0,1.3516416376850534e+27,223,0.0,446,0.0,-1881179008.0,2114,26215,17110,13107,17112,26215,17095,0,0,0,101,100,100,-107615200.0,63.2,-107615216.0,63.5,0.0,63.5,1,49,50,180,13107,26215,0,0,0.0,0.0,0.0,60.0,8864398.0,71.0,0.0,-0.0,0.0,1071,0,1072,0,0,0,1072,0,1081,0,997,0,636,0,638,0,632,0,675,0.032,5.34955578137577e+21,-2.004,0.0,59792,16813,8864398.0,-0.0,0.0,-0.0,-7189986017280.0,-0.0,50.0,60.0,35,0.0,0.0,10.0,2.0,0.0,0.0,0.0,0.0,0.0,0.0,0.0,0.0,0.0,0.0,0.0,0.0,59.2,52,12,65510,26,65476,0,300,0,0,8,20529,65476,0,0,30147,60.0,0.0,10.0,10.0,2.0,0.0
2026-02-16T12:02:04,ERR,ERR,ERR,ERR,ERR,ERR,ERR,ERR,ERR,ERR,ERR,ERR,ERR,ERR,ERR,ERR,ERR,ERR,ERR,ERR,ERR,ERR,ERR,ERR,ERR,ERR,ERR,ERR,ERR,ERR,ERR,ERR,ERR,ERR,ERR,ERR,ERR,ERR,ERR,ERR,ERR,ERR,ERR,ERR,ERR,ERR,ERR,ERR,ERR,ERR,ERR,ERR,ERR,ERR,ERR,ERR,ERR,ERR,ERR,ERR,ERR,ERR,ERR,ERR,ERR,ERR,ERR,ERR,ERR,ERR,ERR,ERR,ERR,ERR,ERR,ERR,ERR,ERR,ERR,ERR,ERR,ERR,ERR,ERR,ERR,ERR,ERR,ERR,ERR,ERR,ERR,ERR,ERR,ERR,ERR,ERR,ERR,ERR,ERR,ERR,ERR,ERR,ERR,ERR,ERR,ERR,ERR,ERR,ERR,ERR,ERR,ERR,ERR,ERR,ERR,ERR,ERR,ERR,ERR,ERR,ERR,ERR,ERR,ERR,ERR,-107615888.0,107616344.0,-0.0,-0.0,1.8194473603301376e+16,-0.0,-0.0,0.0,4300,0,8,17170,4300,14654993596416.0,38,0.0,0.0,-0.0,0.0,-0.0,0,0,0,0,0.0,0,0,0,0,0,0,0,0,0,0,0,0,0,0,0,0,0,0,0,0,0,0,0,0,0,0,0,0,0,0,0,0,0,11,37,37,48,65476,406,65476,1,0,4,21553,0.0,2.7183305813883192e+23,-0.0,0.0,0.0,0.0,0.0,0.0,0.0,0.0,0.0,0.0,0.0,0.0,0.0,0.0,0.0,0.0,0.0,0.0,0.0,2.004,-0.0,0.0,3.697074423243316e+19,-0.0,0.0,0.0,0.0,0.0,6598.0,0.0,0.0,-0.0,107616344.0,2.718450016850437e+23,-2.7184509175703625e+23,0.0,0.0,2.004,2.004,223,0.0,-3.2220245344017747e+26,0.0,0.0,0.0,0.0,0.0,0.0,0.0,0,0,0,-9.568021203295176e+24,1488804779130880.0,-0.0,0.0,-0.0,-3595016339456.0,0.0,0.0,-8.025469334334076e+32,-1.0317411670137242e+17,-0.0,368.548,0.0,0.0,0.0,-0.0,0,1.3516416376850534e+27,223,0.0,446,0.0,-1881179008.0,2112,26215,17110,13107,17112,26215,17095,0,0,0,101,100,100,-107615200.0,63.05,0.0,63.85,2.730233054771504e+23,63.5,1,49,50,180,13107,26215,0,0,0.0,0.0,0.0,60.0,0.0,71.0,0.0,0.0,0.0,1071,0,1072,0,0,0,1072,0,1081,0,997,0,636,0,638,0,632,0,675,0.032,5.312662293228351e+21,-2.004,0.0,400,16814,0.027,0.0,8323664969728.0,-58304.941,0.0,-5.9539626130811005e+26,50.0,60.0,35,0.0,0.0,10.0,2.0,0.0,0.0,0.0,0.0,0.0,0.0,0.0,0.0,0.0,0.0,0.0,0.0,59.2,52,12,65510,26,65476,0,300,0,0,8,20529,65476,0,0,30147,60.0,0.0,10.0,10.0,2.0,0.0
2026-02-16T12:02:05,ERR,ERR,ERR,ERR,ERR,ERR,ERR,ERR,ERR,ERR,ERR,ERR,ERR,ERR,ERR,ERR,ERR,ERR,ERR,ERR,ERR,ERR,ERR,ERR,ERR,ERR,ERR,ERR,ERR,ERR,ERR,ERR,ERR,ERR,ERR,ERR,ERR,ERR,ERR,ERR,ERR,ERR,ERR,ERR,ERR,ERR,ERR,ERR,ERR,ERR,ERR,ERR,ERR,ERR,ERR,ERR,ERR,ERR,ERR,ERR,ERR,ERR,ERR,ERR,ERR,ERR,ERR,ERR,ERR,ERR,ERR,ERR,ERR,ERR,ERR,ERR,ERR,ERR,ERR,ERR,ERR,ERR,ERR,ERR,ERR,ERR,ERR,ERR,ERR,ERR,ERR,ERR,ERR,ERR,ERR,ERR,ERR,ERR,ERR,ERR,ERR,ERR,ERR,ERR,ERR,ERR,ERR,ERR,ERR,ERR,ERR,ERR,ERR,ERR,ERR,ERR,ERR,ERR,ERR,ERR,ERR,ERR,ERR,ERR,ERR,-107615888.0,107616344.0,-0.0,-0.0,1.8194473603301376e+16,-0.0,-0.0,0.0,4300,0,8,17170,4300,14654993596416.0,38,0.0,0.0,-0.0,0.0,-0.0,0,0,0,0,0.0,0,0,0,0,0,0,0,0,0,0,0,0,0,0,0,0,0,0,0,0,0,0,0,0,0,0,0,0,0,0,0,0,0,11,37,37,48,65476,406,65476,1,0,4,21553,0.0,2.7183305813883192e+23,-0.0,0.0,0.0,0.0,0.0,0.0,0.0,0.0,0.0,0.0,0.0,0.0,0.0,0.0,0.0,0.0,0.0,0.0,0.0,2.004,-0.0,0.0,3.697074423243316e+19,-0.0,0.0,0.0,0.0,0.0,6598.0,0.0,0.0,-0.0,107616344.0,2.718450016850437e+23,-2.7184509175703625e+23,0.0,0.0,2.004,2.004,223,0.0,-3.2220245344017747e+26,0.0,0.0,0.0,0.0,0.0,0.0,0.0,0,0,0,-9.568021203295176e+24,1488804779130880.0,-0.0,0.0,-0.0,-3595016339456.0,0.0,0.0,-8.025469334334076e+32,-1.0317411670137242e+17,-0.0,368.548,0.0,0.0,0.0,-0.0,0,1.3516416376850534e+27,223,0.0,446,0.0,-1881179008.0,2112,26215,17110,13107,17112,26215,17095,0,0,0,101,100,100,-107615200.0,63.05,0.0,63.85,2.730233054771504e+23,63.5,1,49,50,180,13107,26215,0,0,0.0,0.0,0.0,60.0,0.0,71.0,0.0,0.0,0.0,1071,0,1072,0,0,0,1072,0,1081,0,997,0,636,0,638,0,632,0,675,0.032,5.312662293228351e+21,-2.004,0.0,400,16814,0.027,0.0,8323664969728.0,-58304.941,0.0,-5.9539626130811005e+26,50.0,60.0,35,0.0,0.0,10.0,2.0,0.0,0.0,0.0,0.0,0.0,0.0,0.0,0.0,0.0,0.0,0.0,0.0,59.2,52,12,65510,26,65476,0,300,0,0,8,20529,65476,0,0,30147,60.0,0.0,10.0,10.0,2.0,0.0
2026-02-16T12:02:06,ERR,ERR,ERR,ERR,ERR,ERR,ERR,ERR,ERR,ERR,ERR,ERR,ERR,ERR,ERR,ERR,ERR,ERR,ERR,ERR,ERR,ERR,ERR,ERR,ERR,ERR,ERR,ERR,ERR,ERR,ERR,ERR,ERR,ERR,ERR,ERR,ERR,ERR,ERR,ERR,ERR,ERR,ERR,ERR,ERR,ERR,ERR,ERR,ERR,ERR,ERR,ERR,ERR,ERR,ERR,ERR,ERR,ERR,ERR,ERR,ERR,ERR,ERR,ERR,ERR,ERR,ERR,ERR,ERR,ERR,ERR,ERR,ERR,ERR,ERR,ERR,ERR,ERR,ERR,ERR,ERR,ERR,ERR,ERR,ERR,ERR,ERR,ERR,ERR,ERR,ERR,ERR,ERR,ERR,ERR,ERR,ERR,ERR,ERR,ERR,ERR,ERR,ERR,ERR,ERR,ERR,ERR,ERR,ERR,ERR,ERR,ERR,ERR,ERR,ERR,ERR,ERR,ERR,ERR,ERR,ERR,ERR,ERR,ERR,ERR,-107615888.0,107616344.0,-0.0,-0.0,1.8194473603301376e+16,-0.0,-0.0,0.0,4300,0,8,17170,4300,14654993596416.0,38,0.0,0.0,-0.0,0.0,-0.0,0,0,0,0,0.0,0,0,0,0,0,0,0,0,0,0,0,0,0,0,0,0,0,0,0,0,0,0,0,0,0,0,0,0,0,0,0,0,0,11,37,37,48,65476,406,65476,1,0,4,21553,0.0,2.7183305813883192e+23,-0.0,0.0,0.0,0.0,0.0,0.0,0.0,0.0,0.0,0.0,0.0,0.0,0.0,0.0,0.0,0.0,0.0,0.0,0.0,2.004,-0.0,0.0,3.697074423243316e+19,-0.0,0.0,0.0,0.0,0.0,6598.0,0.0,0.0,-0.0,107616344.0,2.718450016850437e+23,-2.7184509175703625e+23,0.0,0.0,2.004,2.004,223,0.0,-3.2220245344017747e+26,0.0,0.0,0.0,0.0,0.0,0.0,0.0,0,0,0,-9.568021203295176e+24,1488804779130880.0,-0.0,0.0,-0.0,-3595016339456.0,0.0,0.0,-8.025469334334076e+32,-1.0317411670137242e+17,-0.0,368.548,0.0,0.0,0.0,-0.0,0,1.3516416376850534e+27,223,0.0,446,0.0,-1881179008.0,2112,26215,17110,13107,17112,26215,17095,0,0,0,101,100,100,-107615200.0,63.05,0.0,63.85,2.730233054771504e+23,63.5,1,49,50,180,13107,26215,0,0,0.0,0.0,0.0,60.0,0.0,71.0,0.0,0.0,0.0,1071,0,1072,0,0,0,1072,0,1081,0,997,0,636,0,638,0,632,0,675,0.032,5.312662293228351e+21,-2.004,0.0,400,16814,0.027,0.0,8323664969728.0,-58304.941,0.0,-5.9539626130811005e+26,50.0,60.0,35,0.0,0.0,10.0,2.0,0.0,0.0,0.0,0.0,0.0,0.0,0.0,0.0,0.0,0.0,0.0,0.0,58.8,52,12,65510,26,65476,0,300,0,0,8,20529,65476,0,0,30147,60.0,0.0,10.0,10.0,2.0,0.0
2026-02-16T12:02:07,ERR,ERR,ERR,ERR,ERR,ERR,ERR,ERR,ERR,ERR,ERR,ERR,ERR,ERR,ERR,ERR,ERR,ERR,ERR,ERR,ERR,ERR,ERR,ERR,ERR,ERR,ERR,ERR,ERR,ERR,ERR,ERR,ERR,ERR,ERR,ERR,ERR,ERR,ERR,ERR,ERR,ERR,ERR,ERR,ERR,ERR,ERR,ERR,ERR,ERR,ERR,ERR,ERR,ERR,ERR,ERR,ERR,ERR,ERR,ERR,ERR,ERR,ERR,ERR,ERR,ERR,ERR,ERR,ERR,ERR,ERR,ERR,ERR,ERR,ERR,ERR,ERR,ERR,ERR,ERR,ERR,ERR,ERR,ERR,ERR,ERR,ERR,ERR,ERR,ERR,ERR,ERR,ERR,ERR,ERR,ERR,ERR,ERR,ERR,ERR,ERR,ERR,ERR,ERR,ERR,ERR,ERR,ERR,ERR,ERR,ERR,ERR,ERR,ERR,ERR,ERR,ERR,ERR,ERR,ERR,ERR,ERR,ERR,ERR,ERR,-0.0,107616344.0,0.0,-0.0,-8273.889,-4075996315648.0,-3.680579251734853e+31,3.5181685061150326e+24,4300,0,8,17170,4300,14654993596416.0,38,0.0,0.0,-0.0,0.0,-0.0,0,0,0,0,0.0,0,0,0,0,0,0,0,0,0,0,0,0,0,0,0,0,0,0,0,0,0,0,0,0,0,0,0,0,0,0,0,0,0,11,37,37,48,65476,406,65476,1,0,4,21553,0.0,2.7183305813883192e+23,7.251091718450184e+18,0.0,0.0,0.0,0.0,0.0,0.0,0.0,0.0,0.0,0.0,0.0,0.0,0.0,0.0,0.0,0.0,0.0,0.0,2.004,-0.0,0.0,-0.0,-2.004,0.0,0.0,0.0,0.0,6596.0,0.0,0.0,-0.0,107616344.0,-0.0,0.0,0.0,0.0,2.004,2.004,224,-152017263656960.0,-4.95042434246788e+32,0.0,0.0,0.0,0.0,0.0,0.0,0.0,0,0,0,-9.359798030879949e+16,-1.1857725289857676e+28,8.425198860802883e+35,1.4677632449009652e+31,3.312993508807993e+30,-0.0,0.0,0.0,0.0,-1.1049246609584947e+17,-0.0,396.548,0.0,0.0,0.0,-0.0,0,1.3516416376850534e+27,224,0.0,446,-0.0,4.5382711475481616e+24,2112,26215,17110,13107,17112,26215,17095,0,0,0,101,100,100,-107615200.0,63.2,-107615216.0,63.85,2.730233054771504e+23,63.5,1,49,50,180,13107,26215,0,0,0.0,0.0,0.0,60.0,21201330110464.0,71.0,0.0,0.122,0.0,1071,0,1072,0,0,0,1072,0,1081,0,997,0,636,0,638,0,632,0,675,0.032,5.312662293228351e+21,-2.004,0.0,10768,16814,21201330110464.0,0.122,-2.6120952605539566e+19,-1.5466098990153232e+24,-0.0,-0.0,50.0,60.0,35,0.0,0.0,10.0,2.0,0.0,0.0,0.0,0.0,0.0,0.0,0.0,0.0,0.0,0.0,0.0,0.0,58.8,52,12,65510,26,65476,0,300,0,0,8,20529,65476,0,0,30147,60.0,0.0,10.0,10.0,2.0,0.0
2026-02-16T12:02:08,ERR,ERR,ERR,ERR,ERR,ERR,ERR,ERR,ERR,ERR,ERR,ERR,ERR,ERR,ERR,ERR,ERR,ERR,ERR,ERR,ERR,ERR,ERR,ERR,ERR,ERR,ERR,ERR,ERR,ERR,ERR,ERR,ERR,ERR,ERR,ERR,ERR,ERR,ERR,ERR,ERR,ERR,ERR,ERR,ERR,ERR,ERR,ERR,ERR,ERR,ERR,ERR,ERR,ERR,ERR,ERR,ERR,ERR,ERR,ERR,ERR,ERR,ERR,ERR,ERR,ERR,ERR,ERR,ERR,ERR,ERR,ERR,ERR,ERR,ERR,ERR,ERR,ERR,ERR,ERR,ERR,ERR,ERR,ERR,ERR,ERR,ERR,ERR,ERR,ERR,ERR,ERR,ERR,ERR,ERR,ERR,ERR,ERR,ERR,ERR,ERR,ERR,ERR,ERR,ERR,ERR,ERR,ERR,ERR,ERR,ERR,ERR,ERR,ERR,ERR,ERR,ERR,ERR,ERR,ERR,ERR,ERR,ERR,ERR,ERR,-0.0,107616344.0,0.0,-0.0,-8273.889,-4075996315648.0,-3.680579251734853e+31,3.5181685061150326e+24,4300,0,8,17170,4300,14654993596416.0,38,0.0,0.0,-0.0,0.0,-0.0,0,0,0,0,0.0,0,0,0,0,0,0,0,0,0,0,0,0,0,0,0,0,0,0,0,0,0,0,0,0,0,0,0,0,0,0,0,0,0,11,37,37,48,65476,406,65476,1,0,4,21553,0.0,2.7183305813883192e+23,7.251091718450184e+18,0.0,0.0,0.0,0.0,0.0,0.0,0.0,0.0,0.0,0.0,0.0,0.0,0.0,0.0,0.0,0.0,0.0,0.0,2.004,-0.0,0.0,-0.0,-2.004,0.0,0.0,0.0,0.0,6596.0,0.0,0.0,-0.0,107616344.0,-0.0,0.0,0.0,0.0,2.004,2.004,224,-152017263656960.0,-4.95042434246788e+32,0.0,0.0,0.0,0.0,0.0,0.0,0.0,0,0,0,-9.359798030879949e+16,-1.1857725289857676e+28,8.425198860802883e+35,1.4677632449009652e+31,3.312993508807993e+30,-0.0,0.0,0.0,0.0,-1.1049246609584947e+17,-0.0,396.548,0.0,0.0,0.0,-0.0,0,1.3516416376850534e+27,224,0.0,446,-0.0,4.5382711475481616e+24,2112,26215,17110,13107,17112,26215,17095,0,0,0,101,100,100,-107615200.0,63.2,-107615216.0,63.85,2.730233054771504e+23,63.5,1,49,50,180,13107,26215,0,0,0.0,0.0,0.0,60.0,21201330110464.0,71.0,0.0,0.122,0.0,1071,0,1072,0,0,0,1072,0,1081,0,997,0,636,0,638,0,632,0,675,0.032,5.312662293228351e+21,-2.004,0.0,10768,16814,21201330110464.0,0.122,-2.6120952605539566e+19,-1.5466098990153232e+24,-0.0,-0.0,50.0,60.0,35,0.0,0.0,10.0,2.0,0.0,0.0,0.0,0.0,0.0,0.0,0.0,0.0,0.0,0.0,0.0,0.0,58.8,52,12,65510,26,65476,0,300,0,0,8,20529,65476,0,0,30147,60.0,0.0,10.0,10.0,2.0,0.0
2026-02-16T12:02:09,ERR,ERR,ERR,ERR,ERR,ERR,ERR,ERR,ERR,ERR,ERR,ERR,ERR,ERR,ERR,ERR,ERR,ERR,ERR,ERR,ERR,ERR,ERR,ERR,ERR,ERR,ERR,ERR,ERR,ERR,ERR,ERR,ERR,ERR,ERR,ERR,ERR,ERR,ERR,ERR,ERR,ERR,ERR,ERR,ERR,ERR,ERR,ERR,ERR,ERR,ERR,ERR,ERR,ERR,ERR,ERR,ERR,ERR,ERR,ERR,ERR,ERR,ERR,ERR,ERR,ERR,ERR,ERR,ERR,ERR,ERR,ERR,ERR,ERR,ERR,ERR,ERR,ERR,ERR,ERR,ERR,ERR,ERR,ERR,ERR,ERR,ERR,ERR,ERR,ERR,ERR,ERR,ERR,ERR,ERR,ERR,ERR,ERR,ERR,ERR,ERR,ERR,ERR,ERR,ERR,ERR,ERR,ERR,ERR,ERR,ERR,ERR,ERR,ERR,ERR,ERR,ERR,ERR,ERR,ERR,ERR,ERR,ERR,ERR,ERR,-0.0,107616344.0,0.0,-0.0,-8273.889,-4075996315648.0,-3.680579251734853e+31,3.5181685061150326e+24,4300,0,8,17170,4300,14654993596416.0,38,0.0,0.0,-0.0,0.0,-0.0,0,0,0,0,0.0,0,0,0,0,0,0,0,0,0,0,0,0,0,0,0,0,0,0,0,0,0,0,0,0,0,0,0,0,0,0,0,0,0,11,37,37,48,65476,406,65476,1,0,4,21553,0.0,2.7183305813883192e+23,7.251091718450184e+18,0.0,0.0,0.0,0.0,0.0,0.0,0.0,0.0,0.0,0.0,0.0,0.0,0.0,0.0,0.0,0.0,0.0,0.0,2.004,-0.0,0.0,-0.0,-2.004,0.0,0.0,0.0,0.0,6596.0,0.0,0.0,-0.0,107616344.0,-0.0,0.0,0.0,0.0,2.004,2.004,224,-152017263656960.0,-4.95042434246788e+32,0.0,0.0,0.0,0.0,0.0,0.0,0.0,0,0,0,-9.359798030879949e+16,-1.1857725289857676e+28,8.425198860802883e+35,1.4677632449009652e+31,3.312993508807993e+30,-0.0,0.0,0.0,0.0,-1.1049246609584947e+17,-0.0,396.548,0.0,0.0,0.0,-0.0,0,1.3516416376850534e+27,224,0.0,446,-0.0,4.5382711475481616e+24,2112,26215,17110,13107,17112,26215,17095,0,0,0,101,100,100,-107615200.0,63.2,-107615216.0,63.85,2.730233054771504e+23,63.5,1,49,50,180,13107,26215,0,0,0.0,0.0,0.0,60.0,21201330110464.0,71.0,0.0,0.122,0.0,1071,0,1072,0,0,0,1072,0,1081,0,997,0,636,0,638,0,632,0,675,0.032,5.312662293228351e+21,-2.004,0.0,10768,16814,21201330110464.0,0.122,-2.6120952605539566e+19,-1.5466098990153232e+24,-0.0,-0.0,50.0,60.0,35,0.0,0.0,10.0,2.0,0.0,0.0,0.0,0.0,0.0,0.0,0.0,0.0,0.0,0.0,0.0,0.0,58.8,52,12,65510,26,65476,0,300,0,0,8,20529,65476,0,0,30147,60.0,0.0,10.0,10.0,2.0,0.0
2026-02-16T12:02:10,ERR,ERR,ERR,ERR,ERR,ERR,ERR,ERR,ERR,ERR,ERR,ERR,ERR,ERR,ERR,ERR,ERR,ERR,ERR,ERR,ERR,ERR,ERR,ERR,ERR,ERR,ERR,ERR,ERR,ERR,ERR,ERR,ERR,ERR,ERR,ERR,ERR,ERR,ERR,ERR,ERR,ERR,ERR,ERR,ERR,ERR,ERR,ERR,ERR,ERR,ERR,ERR,ERR,ERR,ERR,ERR,ERR,ERR,ERR,ERR,ERR,ERR,ERR,ERR,ERR,ERR,ERR,ERR,ERR,ERR,ERR,ERR,ERR,ERR,ERR,ERR,ERR,ERR,ERR,ERR,ERR,ERR,ERR,ERR,ERR,ERR,ERR,ERR,ERR,ERR,ERR,ERR,ERR,ERR,ERR,ERR,ERR,ERR,ERR,ERR,ERR,ERR,ERR,ERR,ERR,ERR,ERR,ERR,ERR,ERR,ERR,ERR,ERR,ERR,ERR,ERR,ERR,ERR,ERR,ERR,ERR,ERR,ERR,ERR,ERR,-0.0,107616344.0,0.0,-0.0,-8273.889,-4075996315648.0,-3.680579251734853e+31,3.5181685061150326e+24,4300,0,8,17170,4300,14654993596416.0,38,0.0,0.0,-0.0,0.0,-0.0,0,0,0,0,0.0,0,0,0,0,0,0,0,0,0,0,0,0,0,0,0,0,0,0,0,0,0,0,0,0,0,0,0,0,0,0,0,0,0,11,37,37,48,65476,406,65476,1,0,4,21553,0.0,2.7183305813883192e+23,7.251091718450184e+18,0.0,0.0,0.0,0.0,0.0,0.0,0.0,0.0,0.0,0.0,0.0,0.0,0.0,0.0,0.0,0.0,0.0,0.0,2.004,-0.0,0.0,-0.0,-2.004,0.0,0.0,0.0,0.0,6596.0,0.0,0.0,-0.0,107616344.0,-0.0,0.0,0.0,0.0,2.004,2.004,224,-152017263656960.0,-4.95042434246788e+32,0.0,0.0,0.0,0.0,0.0,0.0,0.0,0,0,0,-9.359798030879949e+16,-1.1857725289857676e+28,8.425198860802883e+35,1.4677632449009652e+31,3.312993508807993e+30,-0.0,0.0,0.0,0.0,-1.1049246609584947e+17,-0.0,396.548,0.0,0.0,0.0,-0.0,0,1.3516416376850534e+27,224,0.0,446,-0.0,4.5382711475481616e+24,2112,26215,17110,13107,17112,26215,17095,0,0,0,101,100,100,-107615200.0,63.2,-107615216.0,63.85,2.730233054771504e+23,63.5,1,49,50,180,13107,26215,0,0,0.0,0.0,0.0,60.0,21201330110464.0,71.0,0.0,0.122,0.0,1071,0,1072,0,0,0,1072,0,1081,0,997,0,636,0,638,0,632,0,675,0.032,5.312662293228351e+21,-2.004,0.0,10768,16814,21201330110464.0,0.122,-2.6120952605539566e+19,-1.5466098990153232e+24,-0.0,-0.0,50.0,60.0,35,0.0,0.0,10.0,2.0,0.0,0.0,0.0,0.0,0.0,0.0,0.0,0.0,0.0,0.0,0.0,0.0,58.8,52,12,65510,26,65476,0,300,0,0,8,20529,65476,0,0,30147,60.0,0.0,10.0,10.0,2.0,0.0
2026-02-16T12:02:11,ERR,ERR,ERR,ERR,ERR,ERR,ERR,ERR,ERR,ERR,ERR,ERR,ERR,ERR,ERR,ERR,ERR,ERR,ERR,ERR,ERR,ERR,ERR,ERR,ERR,ERR,ERR,ERR,ERR,ERR,ERR,ERR,ERR,ERR,ERR,ERR,ERR,ERR,ERR,ERR,ERR,ERR,ERR,ERR,ERR,ERR,ERR,ERR,ERR,ERR,ERR,ERR,ERR,ERR,ERR,ERR,ERR,ERR,ERR,ERR,ERR,ERR,ERR,ERR,ERR,ERR,ERR,ERR,ERR,ERR,ERR,ERR,ERR,ERR,ERR,ERR,ERR,ERR,ERR,ERR,ERR,ERR,ERR,ERR,ERR,ERR,ERR,ERR,ERR,ERR,ERR,ERR,ERR,ERR,ERR,ERR,ERR,ERR,ERR,ERR,ERR,ERR,ERR,ERR,ERR,ERR,ERR,ERR,ERR,ERR,ERR,ERR,ERR,ERR,ERR,ERR,ERR,ERR,ERR,ERR,ERR,ERR,ERR,ERR,ERR,-0.0,107616344.0,0.0,-0.0,-8273.889,-4075996315648.0,-3.680579251734853e+31,3.5181685061150326e+24,4300,0,8,17170,4300,14654993596416.0,38,0.0,0.0,-0.0,0.0,-0.0,0,0,0,0,0.0,0,0,0,0,0,0,0,0,0,0,0,0,0,0,0,0,0,0,0,0,0,0,0,0,0,0,0,0,0,0,0,0,0,11,37,37,48,65476,406,65476,1,0,4,21553,0.0,2.7183305813883192e+23,7.251091718450184e+18,0.0,0.0,0.0,0.0,0.0,0.0,0.0,0.0,0.0,0.0,0.0,0.0,0.0,0.0,0.0,0.0,0.0,0.0,2.004,-0.0,0.0,-0.0,-2.004,0.0,0.0,0.0,0.0,6596.0,0.0,0.0,-0.0,107616344.0,-0.0,0.0,0.0,0.0,2.004,2.004,224,-152017263656960.0,-4.95042434246788e+32,0.0,0.0,0.0,0.0,0.0,0.0,0.0,0,0,0,-9.359798030879949e+16,-1.1857725289857676e+28,8.425198860802883e+35,1.4677632449009652e+31,3.312993508807993e+30,-0.0,0.0,0.0,0.0,-1.1049246609584947e+17,-0.0,396.548,0.0,0.0,0.0,-0.0,0,1.3516416376850534e+27,224,0.0,446,-0.0,4.5382711475481616e+24,2112,26215,17110,13107,17112,26215,17095,0,0,0,101,100,100,-107615200.0,63.05,0.0,63.85,2.730233054771504e+23,63.5,1,49,50,180,13107,26215,0,0,0.0,0.0,0.0,60.0,268980672.0,71.0,0.0,0.0,0.0,1071,0,1072,0,0,0,1072,0,1081,0,997,0,636,0,638,0,632,0,675,0.032,5.275768805080932e+21,-2.004,0.0,61328,16813,268980672.0,0.0,2.88138930561278e+22,-0.0,146694.297,-1.2214884697956183e+36,50.0,60.0,35,0.0,0.0,10.0,2.0,0.0,0.0,0.0,0.0,0.0,0.0,0.0,0.0,0.0,0.0,0.0,0.0,58.8,52,12,65510,26,65476,0,300,0,0,8,20529,65476,0,0,30147,60.0,0.0,10.0,10.0,2.0,0.0
2026-02-16T12:02:12,ERR,ERR,ERR,ERR,ERR,ERR,ERR,ERR,ERR,ERR,ERR,ERR,ERR,ERR,ERR,ERR,ERR,ERR,ERR,ERR,ERR,ERR,ERR,ERR,ERR,ERR,ERR,ERR,ERR,ERR,ERR,ERR,ERR,ERR,ERR,ERR,ERR,ERR,ERR,ERR,ERR,ERR,ERR,ERR,ERR,ERR,ERR,ERR,ERR,ERR,ERR,ERR,ERR,ERR,ERR,ERR,ERR,ERR,ERR,ERR,ERR,ERR,ERR,ERR,ERR,ERR,ERR,ERR,ERR,ERR,ERR,ERR,ERR,ERR,ERR,ERR,ERR,ERR,ERR,ERR,ERR,ERR,ERR,ERR,ERR,ERR,ERR,ERR,ERR,ERR,ERR,ERR,ERR,ERR,ERR,ERR,ERR,ERR,ERR,ERR,ERR,ERR,ERR,ERR,ERR,ERR,ERR,ERR,ERR,ERR,ERR,ERR,ERR,ERR,ERR,ERR,ERR,ERR,ERR,ERR,ERR,ERR,ERR,ERR,ERR,-0.0,107616344.0,0.0,-0.0,-8273.889,-1.8793454010025443e+32,0.0,119936.148,4300,0,8,17170,4300,14654993596416.0,38,0.0,0.0,-0.0,0.0,-0.0,0,0,0,0,0.0,0,0,0,0,0,0,0,0,0,0,0,0,0,0,0,0,0,0,0,0,0,0,0,0,0,0,0,0,0,0,0,0,0,11,37,37,48,65476,407,65476,1,0,4,21553,0.0,0.0,0.0,0.0,0.0,0.0,0.0,0.0,0.0,0.0,0.0,0.0,0.0,0.0,0.0,0.0,0.0,0.0,0.0,0.0,0.0,2.004,-0.0,0.0,-0.0,-3.697076622266571e+19,0.0,0.0,0.0,0.0,6595.0,2.004,0.0,-0.0,107616344.0,-107616232.0,0.0,0.0,0.0,2.004,2.004,223,-107614776.0,0.0,0.0,0.0,0.0,0.0,0.0,0.0,0.0,0,0,0,-1.4149223400680006e+25,0.0,1.122903916441169e+36,-2.5821284164529856e+38,3.8011414371712373e+34,-2707578.75,34534793936896.0,0.049,0.0,-1.1781081549032653e+17,-0.0,418.548,0.0,0.0,0.0,-0.0,0,1.3516416376850534e+27,223,0.0,446,0.0,-0.0,2112,26215,17110,13107,17112,26215,17095,0,0,0,101,100,100,-107615200.0,63.05,0.0,63.85,2.730233054771504e+23,63.5,1,49,50,180,13107,26215,0,0,0.0,0.0,0.0,60.0,268980672.0,71.0,0.0,0.0,0.0,1071,0,1072,0,0,0,1072,0,1081,0,997,0,636,0,638,0,632,0,675,0.032,5.275768805080932e+21,-2.004,0.0,61328,16813,268980672.0,0.0,2.88138930561278e+22,-0.0,146694.297,-1.2214884697956183e+36,50.0,60.0,35,0.0,0.0,10.0,2.0,0.0,0.0,0.0,0.0,0.0,0.0,0.0,0.0,0.0,0.0,0.0,0.0,58.8,52,12,65510,26,65476,0,300,0,0,8,20529,65476,0,0,30147,60.0,0.0,10.0,10.0,2.0,0.0
2026-02-16T12:02:13,ERR,ERR,ERR,ERR,ERR,ERR,ERR,ERR,ERR,ERR,ERR,ERR,ERR,ERR,ERR,ERR,ERR,ERR,ERR,ERR,ERR,ERR,ERR,ERR,ERR,ERR,ERR,ERR,ERR,ERR,ERR,ERR,ERR,ERR,ERR,ERR,ERR,ERR,ERR,ERR,ERR,ERR,ERR,ERR,ERR,ERR,ERR,ERR,ERR,ERR,ERR,ERR,ERR,ERR,ERR,ERR,ERR,ERR,ERR,ERR,ERR,ERR,ERR,ERR,ERR,ERR,ERR,ERR,ERR,ERR,ERR,ERR,ERR,ERR,ERR,ERR,ERR,ERR,ERR,ERR,ERR,ERR,ERR,ERR,ERR,ERR,ERR,ERR,ERR,ERR,ERR,ERR,ERR,ERR,ERR,ERR,ERR,ERR,ERR,ERR,ERR,ERR,ERR,ERR,ERR,ERR,ERR,ERR,ERR,ERR,ERR,ERR,ERR,ERR,ERR,ERR,ERR,ERR,ERR,ERR,ERR,ERR,ERR,ERR,ERR,-0.0,107616344.0,0.0,-0.0,-8273.889,-1.8793454010025443e+32,0.0,119936.148,4300,0,8,17170,4300,14654993596416.0,38,0.0,0.0,-0.0,0.0,-0.0,0,0,0,0,0.0,0,0,0,0,0,0,0,0,0,0,0,0,0,0,0,0,0,0,0,0,0,0,0,0,0,0,0,0,0,0,0,0,0,11,37,37,48,65476,407,65476,1,0,4,21553,0.0,0.0,0.0,0.0,0.0,0.0,0.0,0.0,0.0,0.0,0.0,0.0,0.0,0.0,0.0,0.0,0.0,0.0,0.0,0.0,0.0,2.004,-0.0,0.0,-0.0,-3.697076622266571e+19,0.0,0.0,0.0,0.0,6595.0,2.004,0.0,-0.0,107616344.0,-107616232.0,0.0,0.0,0.0,2.004,2.004,223,-107614776.0,0.0,0.0,0.0,0.0,0.0,0.0,0.0,0.0,0,0,0,-1.4149223400680006e+25,0.0,1.122903916441169e+36,-2.5821284164529856e+38,3.8011414371712373e+34,-2707578.75,34534793936896.0,0.049,0.0,-1.1781081549032653e+17,-0.0,418.548,0.0,0.0,0.0,-0.0,0,1.3516416376850534e+27,223,0.0,446,0.0,-0.0,2112,26215,17110,13107,17112,26215,17095,0,0,0,101,100,100,-107615200.0,63.05,0.0,63.85,2.730233054771504e+23,63.5,1,49,50,180,13107,26215,0,0,0.0,0.0,0.0,60.0,268980672.0,71.0,0.0,0.0,0.0,1071,0,1072,0,0,0,1072,0,1081,0,997,0,636,0,638,0,632,0,675,0.032,5.275768805080932e+21,-2.004,0.0,61328,16813,268980672.0,0.0,2.88138930561278e+22,-0.0,146694.297,-1.2214884697956183e+36,50.0,60.0,35,0.0,0.0,10.0,2.0,0.0,0.0,0.0,0.0,0.0,0.0,0.0,0.0,0.0,0.0,0.0,0.0,58.8,52,12,65510,26,65476,0,300,0,0,8,20529,65476,0,0,30147,60.0,0.0,10.0,10.0,2.0,0.0
2026-02-16T12:02:14,ERR,ERR,ERR,ERR,ERR,ERR,ERR,ERR,ERR,ERR,ERR,ERR,ERR,ERR,ERR,ERR,ERR,ERR,ERR,ERR,ERR,ERR,ERR,ERR,ERR,ERR,ERR,ERR,ERR,ERR,ERR,ERR,ERR,ERR,ERR,ERR,ERR,ERR,ERR,ERR,ERR,ERR,ERR,ERR,ERR,ERR,ERR,ERR,ERR,ERR,ERR,ERR,ERR,ERR,ERR,ERR,ERR,ERR,ERR,ERR,ERR,ERR,ERR,ERR,ERR,ERR,ERR,ERR,ERR,ERR,ERR,ERR,ERR,ERR,ERR,ERR,ERR,ERR,ERR,ERR,ERR,ERR,ERR,ERR,ERR,ERR,ERR,ERR,ERR,ERR,ERR,ERR,ERR,ERR,ERR,ERR,ERR,ERR,ERR,ERR,ERR,ERR,ERR,ERR,ERR,ERR,ERR,ERR,ERR,ERR,ERR,ERR,ERR,ERR,ERR,ERR,ERR,ERR,ERR,ERR,ERR,ERR,ERR,ERR,ERR,-0.0,107616344.0,0.0,-0.0,-8273.889,-1.8793454010025443e+32,0.0,119936.148,4300,0,8,17170,4300,14654993596416.0,38,0.0,0.0,-0.0,0.0,-0.0,0,0,0,0,0.0,0,0,0,0,0,0,0,0,0,0,0,0,0,0,0,0,0,0,0,0,0,0,0,0,0,0,0,0,0,0,0,0,0,11,37,37,48,65476,407,65476,1,0,4,21553,0.0,0.0,0.0,0.0,0.0,0.0,0.0,0.0,0.0,0.0,0.0,0.0,0.0,0.0,0.0,0.0,0.0,0.0,0.0,0.0,0.0,2.004,-0.0,0.0,-0.0,-3.697076622266571e+19,0.0,0.0,0.0,0.0,6595.0,2.004,0.0,-0.0,107616344.0,-107616232.0,0.0,0.0,0.0,2.004,2.004,223,-107614776.0,0.0,0.0,0.0,0.0,0.0,0.0,0.0,0.0,0,0,0,-1.4149223400680006e+25,0.0,1.122903916441169e+36,-2.5821284164529856e+38,3.8011414371712373e+34,-2707578.75,34534793936896.0,0.049,0.0,-1.1781081549032653e+17,-0.0,418.548,0.0,0.0,0.0,-0.0,0,1.3516416376850534e+27,223,0.0,446,0.0,-0.0,2112,26215,17110,13107,17112,26215,17095,0,0,0,101,100,100,-107615200.0,63.05,0.0,63.85,2.730233054771504e+23,63.5,1,49,50,180,13107,26215,0,0,0.0,0.0,0.0,60.0,268980672.0,71.0,0.0,-0.0,0.0,1071,0,1072,0,0,0,1072,0,1081,0,997,0,636,0,638,0,632,0,675,0.032,5.460236245818027e+21,-2.004,0.0,58896,16813,1.111,30409085681664.0,1.8614439697561117e+36,1.0016853373901836e+22,2.9148182994713838e+19,0.0,50.0,60.0,35,0.0,0.0,10.0,2.0,0.0,0.0,0.0,0.0,0.0,0.0,0.0,0.0,0.0,0.0,0.0,0.0,58.8,52,12,65510,26,65476,0,300,0,0,8,20529,65476,0,0,30147,60.0,0.0,10.0,10.0,2.0,0.0
2026-02-16T12:02:15,ERR,ERR,ERR,ERR,ERR,ERR,ERR,ERR,ERR,ERR,ERR,ERR,ERR,ERR,ERR,ERR,ERR,ERR,ERR,ERR,ERR,ERR,ERR,ERR,ERR,ERR,ERR,ERR,ERR,ERR,ERR,ERR,ERR,ERR,ERR,ERR,ERR,ERR,ERR,ERR,ERR,ERR,ERR,ERR,ERR,ERR,ERR,ERR,ERR,ERR,ERR,ERR,ERR,ERR,ERR,ERR,ERR,ERR,ERR,ERR,ERR,ERR,ERR,ERR,ERR,ERR,ERR,ERR,ERR,ERR,ERR,ERR,ERR,ERR,ERR,ERR,ERR,ERR,ERR,ERR,ERR,ERR,ERR,ERR,ERR,ERR,ERR,ERR,ERR,ERR,ERR,ERR,ERR,ERR,ERR,ERR,ERR,ERR,ERR,ERR,ERR,ERR,ERR,ERR,ERR,ERR,ERR,ERR,ERR,ERR,ERR,ERR,ERR,ERR,ERR,ERR,ERR,ERR,ERR,ERR,ERR,ERR,ERR,ERR,ERR,-0.0,107616344.0,0.0,-0.0,-8273.889,-1.8793454010025443e+32,0.0,119936.148,4300,0,8,17170,4300,14654993596416.0,38,0.0,0.0,-0.0,0.0,-0.0,0,0,0,0,0.0,0,0,0,0,0,0,0,0,0,0,0,0,0,0,0,0,0,0,0,0,0,0,0,0,0,0,0,0,0,0,0,0,0,11,37,37,48,65476,407,65476,1,0,4,21553,0.0,0.0,0.0,0.0,0.0,0.0,0.0,0.0,0.0,0.0,0.0,0.0,0.0,0.0,0.0,0.0,0.0,0.0,0.0,0.0,0.0,2.004,-0.0,0.0,-0.0,-3.697076622266571e+19,0.0,0.0,0.0,0.0,6595.0,2.004,0.0,-0.0,107616344.0,-107616232.0,0.0,0.0,0.0,2.004,2.004,223,-107614776.0,0.0,0.0,0.0,0.0,0.0,0.0,0.0,0.0,0,0,0,-1.4149223400680006e+25,0.0,1.122903916441169e+36,-2.5821284164529856e+38,3.8011414371712373e+34,-2707578.75,34534793936896.0,0.049,0.0,-1.1781081549032653e+17,-0.0,418.548,0.0,0.0,0.0,-0.0,0,1.3516416376850534e+27,223,0.0,446,0.0,-0.0,2112,26215,17110,13107,17112,26215,17095,0,0,0,101,100,100,-107615200.0,63.05,0.0,63.85,2.730233054771504e+23,63.5,1,49,50,180,13107,26215,0,0,0.0,0.0,0.0,60.0,268980672.0,71.0,0.0,-0.0,0.0,1071,0,1072,0,0,0,1072,0,1081,0,997,0,636,0,638,0,632,0,675,0.032,5.460236245818027e+21,-2.004,0.0,58896,16813,1.111,30409085681664.0,1.8614439697561117e+36,1.0016853373901836e+22,2.9148182994713838e+19,0.0,50.0,60.0,35,0.0,0.0,10.0,2.0,0.0,0.0,0.0,0.0,0.0,0.0,0.0,0.0,0.0,0.0,0.0,0.0,58.8,52,12,65510,26,65476,0,300,0,0,8,20529,65476,0,0,30147,60.0,0.0,10.0,10.0,2.0,0.0
2026-02-16T12:02:16,ERR,ERR,ERR,ERR,ERR,ERR,ERR,ERR,ERR,ERR,ERR,ERR,ERR,ERR,ERR,ERR,ERR,ERR,ERR,ERR,ERR,ERR,ERR,ERR,ERR,ERR,ERR,ERR,ERR,ERR,ERR,ERR,ERR,ERR,ERR,ERR,ERR,ERR,ERR,ERR,ERR,ERR,ERR,ERR,ERR,ERR,ERR,ERR,ERR,ERR,ERR,ERR,ERR,ERR,ERR,ERR,ERR,ERR,ERR,ERR,ERR,ERR,ERR,ERR,ERR,ERR,ERR,ERR,ERR,ERR,ERR,ERR,ERR,ERR,ERR,ERR,ERR,ERR,ERR,ERR,ERR,ERR,ERR,ERR,ERR,ERR,ERR,ERR,ERR,ERR,ERR,ERR,ERR,ERR,ERR,ERR,ERR,ERR,ERR,ERR,ERR,ERR,ERR,ERR,ERR,ERR,ERR,ERR,ERR,ERR,ERR,ERR,ERR,ERR,ERR,ERR,ERR,ERR,ERR,ERR,ERR,ERR,ERR,ERR,ERR,-0.0,2.7184525388662284e+23,2.6947940491597406e+23,-0.0,0.0,-5511456768.0,-5.785367857749669e+26,-1.3806363928533402e+17,4300,0,8,17170,4300,14654993596416.0,38,0.0,0.0,-0.0,0.0,-0.0,0,0,0,0,0.0,0,0,0,0,0,0,0,0,0,0,0,0,0,0,0,0,0,0,0,0,0,0,0,0,0,0,0,0,0,0,0,0,0,11,37,37,48,65476,408,65476,1,0,4,21553,0.0,-107610976.0,0.0,0.0,0.0,0.0,0.0,0.0,0.0,0.0,0.0,0.0,0.0,0.0,0.0,0.0,0.0,0.0,0.0,0.0,0.0,2.004,-0.0,2.004,-0.0,0.0,0.0,0.0,0.0,0.0,6598.0,0.0,0.0,-0.0,2.7184525388662284e+23,-107616232.0,0.0,0.0,0.0,2.004,2.004,224,-2.30882787541985e+20,-4.95042434246788e+32,0.0,0.0,0.0,0.0,0.0,0.0,0.0,0,0,0,-1.937106060943126e+22,0.003,1.267332103014922e+35,0.0,5.14233328906426e+31,7.0402428815892546e+19,9192977.0,497580718948352.0,0.041,-1.2456621493138227e+17,-0.0,444.548,0.0,0.0,0.0,-0.0,0,1.3516416376850534e+27,224,0.0,448,0.0,-0.0,2112,26215,17110,13107,17112,26215,17095,0,0,0,101,100,100,-107615200.0,63.05,0.0,63.85,2.730233054771504e+23,63.5,1,49,50,180,13107,26215,0,0,0.0,0.0,0.0,60.0,268980672.0,71.0,0.0,-0.0,0.0,1071,0,1072,0,0,0,1072,0,1081,0,997,0,636,0,638,0,632,0,675,0.032,5.460236245818027e+21,-2.004,0.0,58896,16813,1.111,30409085681664.0,1.8614439697561117e+36,1.0016853373901836e+22,2.9148182994713838e+19,0.0,50.0,60.0,35,0.0,0.0,10.0,2.0,0.0,0.0,0.0,0.0,0.0,0.0,0.0,0.0,0.0,0.0,0.0,0.0,58.8,52,12,65510,26,65476,0,300,0,0,8,20529,65476,0,0,30147,60.0,0.0,10.0,10.0,2.0,0.0
2026-02-16T12:02:17,ERR,ERR,ERR,ERR,ERR,ERR,ERR,ERR,ERR,ERR,ERR,ERR,ERR,ERR,ERR,ERR,ERR,ERR,ERR,ERR,ERR,ERR,ERR,ERR,ERR,ERR,ERR,ERR,ERR,ERR,ERR,ERR,ERR,ERR,ERR,ERR,ERR,ERR,ERR,ERR,ERR,ERR,ERR,ERR,ERR,ERR,ERR,ERR,ERR,ERR,ERR,ERR,ERR,ERR,ERR,ERR,ERR,ERR,ERR,ERR,ERR,ERR,ERR,ERR,ERR,ERR,ERR,ERR,ERR,ERR,ERR,ERR,ERR,ERR,ERR,ERR,ERR,ERR,ERR,ERR,ERR,ERR,ERR,ERR,ERR,ERR,ERR,ERR,ERR,ERR,ERR,ERR,ERR,ERR,ERR,ERR,ERR,ERR,ERR,ERR,ERR,ERR,ERR,ERR,ERR,ERR,ERR,ERR,ERR,ERR,ERR,ERR,ERR,ERR,ERR,ERR,ERR,ERR,ERR,ERR,ERR,ERR,ERR,ERR,ERR,-0.0,2.7184525388662284e+23,2.6947940491597406e+23,-0.0,0.0,-5511456768.0,-5.785367857749669e+26,-1.3806363928533402e+17,4300,0,8,17170,4300,14654993596416.0,38,0.0,0.0,-0.0,0.0,-0.0,0,0,0,0,0.0,0,0,0,0,0,0,0,0,0,0,0,0,0,0,0,0,0,0,0,0,0,0,0,0,0,0,0,0,0,0,0,0,0,11,37,37,48,65476,408,65476,1,0,4,21553,0.0,-107610976.0,0.0,0.0,0.0,0.0,0.0,0.0,0.0,0.0,0.0,0.0,0.0,0.0,0.0,0.0,0.0,0.0,0.0,0.0,0.0,2.004,-0.0,2.004,-0.0,0.0,0.0,0.0,0.0,0.0,6598.0,0.0,0.0,-0.0,2.7184525388662284e+23,-107616232.0,0.0,0.0,0.0,2.004,2.004,224,-2.30882787541985e+20,-4.95042434246788e+32,0.0,0.0,0.0,0.0,0.0,0.0,0.0,0,0,0,-1.937106060943126e+22,0.003,1.267332103014922e+35,0.0,5.14233328906426e+31,7.0402428815892546e+19,9192977.0,497580718948352.0,0.041,-1.2456621493138227e+17,-0.0,444.548,0.0,0.0,0.0,-0.0,0,1.3516416376850534e+27,224,0.0,448,0.0,-0.0,2112,26215,17110,13107,17112,26215,17095,0,0,0,101,100,100,-107615200.0,63.05,0.0,63.85,2.730233054771504e+23,63.5,1,49,50,180,13107,26215,0,0,0.0,0.0,0.0,60.0,10.016,71.0,0.0,-0.0,0.0,1071,0,1072,0,0,0,1072,0,1081,0,997,0,636,0,638,0,632,0,675,0.032,6.050532056176733e+21,-2.004,0.0,61328,16813,12599950.0,-0.0,-0.007,-0.024,-0.0,953.001,50.0,60.0,35,0.0,0.0,10.0,2.0,0.0,0.0,0.0,0.0,0.0,0.0,0.0,0.0,0.0,0.0,0.0,0.0,58.8,52,12,65510,26,65476,0,300,0,0,8,20529,65476,0,0,30147,60.0,0.0,10.0,10.0,2.0,0.0
2026-02-16T12:02:18,ERR,ERR,ERR,ERR,ERR,ERR,ERR,ERR,ERR,ERR,ERR,ERR,ERR,ERR,ERR,ERR,ERR,ERR,ERR,ERR,ERR,ERR,ERR,ERR,ERR,ERR,ERR,ERR,ERR,ERR,ERR,ERR,ERR,ERR,ERR,ERR,ERR,ERR,ERR,ERR,ERR,ERR,ERR,ERR,ERR,ERR,ERR,ERR,ERR,ERR,ERR,ERR,ERR,ERR,ERR,ERR,ERR,ERR,ERR,ERR,ERR,ERR,ERR,ERR,ERR,ERR,ERR,ERR,ERR,ERR,ERR,ERR,ERR,ERR,ERR,ERR,ERR,ERR,ERR,ERR,ERR,ERR,ERR,ERR,ERR,ERR,ERR,ERR,ERR,ERR,ERR,ERR,ERR,ERR,ERR,ERR,ERR,ERR,ERR,ERR,ERR,ERR,ERR,ERR,ERR,ERR,ERR,ERR,ERR,ERR,ERR,ERR,ERR,ERR,ERR,ERR,ERR,ERR,ERR,ERR,ERR,ERR,ERR,ERR,ERR,-0.0,2.7184525388662284e+23,2.6947940491597406e+23,-0.0,0.0,-5511456768.0,-5.785367857749669e+26,-1.3806363928533402e+17,4300,0,8,17170,4300,14654993596416.0,38,0.0,0.0,-0.0,0.0,-0.0,0,0,0,0,0.0,0,0,0,0,0,0,0,0,0,0,0,0,0,0,0,0,0,0,0,0,0,0,0,0,0,0,0,0,0,0,0,0,0,11,37,37,48,65476,408,65476,1,0,4,21553,0.0,-107610976.0,0.0,0.0,0.0,0.0,0.0,0.0,0.0,0.0,0.0,0.0,0.0,0.0,0.0,0.0,0.0,0.0,0.0,0.0,0.0,2.004,-0.0,2.004,-0.0,0.0,0.0,0.0,0.0,0.0,6598.0,0.0,0.0,-0.0,2.7184525388662284e+23,-107616232.0,0.0,0.0,0.0,2.004,2.004,224,-2.30882787541985e+20,-4.95042434246788e+32,0.0,0.0,0.0,0.0,0.0,0.0,0.0,0,0,0,-1.937106060943126e+22,0.003,1.267332103014922e+35,0.0,5.14233328906426e+31,7.0402428815892546e+19,9192977.0,497580718948352.0,0.041,-1.2456621493138227e+17,-0.0,444.548,0.0,0.0,0.0,-0.0,0,1.3516416376850534e+27,224,0.0,448,0.0,-0.0,2112,26215,17110,13107,17112,26215,17095,0,0,0,101,100,100,-107615200.0,63.05,0.0,63.85,2.730233054771504e+23,63.5,1,49,50,180,13107,26215,0,0,0.0,0.0,0.0,60.0,10.016,71.0,0.0,-0.0,0.0,1071,0,1072,0,0,0,1072,0,1081,0,997,0,636,0,638,0,632,0,675,0.032,6.050532056176733e+21,-2.004,0.0,61328,16813,12599950.0,-0.0,-0.007,-0.024,-0.0,953.001,50.0,60.0,35,0.0,0.0,10.0,2.0,0.0,0.0,0.0,0.0,0.0,0.0,0.0,0.0,0.0,0.0,0.0,0.0,58.8,52,12,65510,26,65476,0,300,0,0,8,20529,65476,0,0,30147,60.0,0.0,10.0,10.0,2.0,0.0
2026-02-16T12:02:19,ERR,ERR,ERR,ERR,ERR,ERR,ERR,ERR,ERR,ERR,ERR,ERR,ERR,ERR,ERR,ERR,ERR,ERR,ERR,ERR,ERR,ERR,ERR,ERR,ERR,ERR,ERR,ERR,ERR,ERR,ERR,ERR,ERR,ERR,ERR,ERR,ERR,ERR,ERR,ERR,ERR,ERR,ERR,ERR,ERR,ERR,ERR,ERR,ERR,ERR,ERR,ERR,ERR,ERR,ERR,ERR,ERR,ERR,ERR,ERR,ERR,ERR,ERR,ERR,ERR,ERR,ERR,ERR,ERR,ERR,ERR,ERR,ERR,ERR,ERR,ERR,ERR,ERR,ERR,ERR,ERR,ERR,ERR,ERR,ERR,ERR,ERR,ERR,ERR,ERR,ERR,ERR,ERR,ERR,ERR,ERR,ERR,ERR,ERR,ERR,ERR,ERR,ERR,ERR,ERR,ERR,ERR,ERR,ERR,ERR,ERR,ERR,ERR,ERR,ERR,ERR,ERR,ERR,ERR,ERR,ERR,ERR,ERR,ERR,ERR,-0.0,2.7184525388662284e+23,2.6947940491597406e+23,-0.0,0.0,-5511456768.0,-5.785367857749669e+26,-1.3806363928533402e+17,4300,0,8,17170,4300,14654993596416.0,38,0.0,0.0,-0.0,0.0,-0.0,0,0,0,0,0.0,0,0,0,0,0,0,0,0,0,0,0,0,0,0,0,0,0,0,0,0,0,0,0,0,0,0,0,0,0,0,0,0,0,11,37,37,48,65476,408,65476,1,0,4,21553,0.0,-107610976.0,0.0,0.0,0.0,0.0,0.0,0.0,0.0,0.0,0.0,0.0,0.0,0.0,0.0,0.0,0.0,0.0,0.0,0.0,0.0,2.004,-0.0,2.004,-0.0,0.0,0.0,0.0,0.0,0.0,6598.0,0.0,0.0,-0.0,2.7184525388662284e+23,-107616232.0,0.0,0.0,0.0,2.004,2.004,224,-2.30882787541985e+20,-4.95042434246788e+32,0.0,0.0,0.0,0.0,0.0,0.0,0.0,0,0,0,-1.937106060943126e+22,0.003,1.267332103014922e+35,0.0,5.14233328906426e+31,7.0402428815892546e+19,9192977.0,497580718948352.0,0.041,-1.2456621493138227e+17,-0.0,444.548,0.0,0.0,0.0,-0.0,0,1.3516416376850534e+27,224,0.0,448,0.0,-0.0,2112,26215,17110,13107,17112,26215,17095,0,0,0,101,100,100,-107615200.0,63.05,0.0,63.85,2.730233054771504e+23,63.5,1,49,50,180,13107,26215,0,0,0.0,0.0,0.0,60.0,10.016,71.0,0.0,-0.0,0.0,1071,0,1072,0,0,0,1072,0,1081,0,997,0,636,0,638,0,632,0,675,0.032,6.050532056176733e+21,-2.004,0.0,61328,16813,12599950.0,-0.0,-0.007,-0.024,-0.0,953.001,50.0,60.0,35,0.0,0.0,10.0,2.0,0.0,0.0,0.0,0.0,0.0,0.0,0.0,0.0,0.0,0.0,0.0,0.0,58.8,52,12,65510,26,65476,0,300,0,0,8,20529,65476,0,0,30147,60.0,0.0,10.0,10.0,2.0,0.0
2026-02-16T12:02:20,ERR,ERR,ERR,ERR,ERR,ERR,ERR,ERR,ERR,ERR,ERR,ERR,ERR,ERR,ERR,ERR,ERR,ERR,ERR,ERR,ERR,ERR,ERR,ERR,ERR,ERR,ERR,ERR,ERR,ERR,ERR,ERR,ERR,ERR,ERR,ERR,ERR,ERR,ERR,ERR,ERR,ERR,ERR,ERR,ERR,ERR,ERR,ERR,ERR,ERR,ERR,ERR,ERR,ERR,ERR,ERR,ERR,ERR,ERR,ERR,ERR,ERR,ERR,ERR,ERR,ERR,ERR,ERR,ERR,ERR,ERR,ERR,ERR,ERR,ERR,ERR,ERR,ERR,ERR,ERR,ERR,ERR,ERR,ERR,ERR,ERR,ERR,ERR,ERR,ERR,ERR,ERR,ERR,ERR,ERR,ERR,ERR,ERR,ERR,ERR,ERR,ERR,ERR,ERR,ERR,ERR,ERR,ERR,ERR,ERR,ERR,ERR,ERR,ERR,ERR,ERR,ERR,ERR,ERR,ERR,ERR,ERR,ERR,ERR,ERR,-0.0,2.7184525388662284e+23,2.6947940491597406e+23,-0.0,0.0,-5511456768.0,-5.785367857749669e+26,-1.3806363928533402e+17,4300,0,8,17170,4300,14654993596416.0,38,0.0,0.0,-0.0,0.0,-0.0,0,0,0,0,0.0,0,0,0,0,0,0,0,0,0,0,0,0,0,0,0,0,0,0,0,0,0,0,0,0,0,0,0,0,0,0,0,0,0,11,37,37,48,65476,408,65476,1,0,4,21553,0.0,-107610976.0,0.0,0.0,0.0,0.0,0.0,0.0,0.0,0.0,0.0,0.0,0.0,0.0,0.0,0.0,0.0,0.0,0.0,0.0,0.0,2.004,-0.0,2.004,-0.0,0.0,0.0,0.0,0.0,0.0,6598.0,0.0,0.0,-0.0,2.7184525388662284e+23,-107616232.0,0.0,0.0,0.0,2.004,2.004,224,-2.30882787541985e+20,-4.95042434246788e+32,0.0,0.0,0.0,0.0,0.0,0.0,0.0,0,0,0,-1.937106060943126e+22,0.003,1.267332103014922e+35,0.0,5.14233328906426e+31,7.0402428815892546e+19,9192977.0,497580718948352.0,0.041,-1.2456621493138227e+17,-0.0,444.548,0.0,0.0,0.0,-0.0,0,1.3516416376850534e+27,224,0.0,448,0.0,-0.0,2112,26215,17110,13107,17112,26215,17095,0,0,0,101,100,100,-107615200.0,63.05,0.0,63.85,2.730233054771504e+23,63.5,1,49,50,180,13107,26215,0,0,0.0,0.0,0.0,60.0,10.016,71.0,0.0,-0.0,0.0,1071,0,1072,0,0,0,1072,0,1081,0,997,0,636,0,638,0,632,0,675,0.032,6.050532056176733e+21,-2.004,0.0,61328,16813,12599950.0,-0.0,-0.007,-0.024,-0.0,953.001,50.0,60.0,35,0.0,0.0,10.0,2.0,0.0,0.0,0.0,0.0,0.0,0.0,0.0,0.0,0.0,0.0,0.0,0.0,58.8,52,12,65510,26,65476,0,300,0,0,8,20529,65476,0,0,30147,60.0,0.0,10.0,10.0,2.0,0.0
2026-02-16T12:02:21,ERR,ERR,ERR,ERR,ERR,ERR,ERR,ERR,ERR,ERR,ERR,ERR,ERR,ERR,ERR,ERR,ERR,ERR,ERR,ERR,ERR,ERR,ERR,ERR,ERR,ERR,ERR,ERR,ERR,ERR,ERR,ERR,ERR,ERR,ERR,ERR,ERR,ERR,ERR,ERR,ERR,ERR,ERR,ERR,ERR,ERR,ERR,ERR,ERR,ERR,ERR,ERR,ERR,ERR,ERR,ERR,ERR,ERR,ERR,ERR,ERR,ERR,ERR,ERR,ERR,ERR,ERR,ERR,ERR,ERR,ERR,ERR,ERR,ERR,ERR,ERR,ERR,ERR,ERR,ERR,ERR,ERR,ERR,ERR,ERR,ERR,ERR,ERR,ERR,ERR,ERR,ERR,ERR,ERR,ERR,ERR,ERR,ERR,ERR,ERR,ERR,ERR,ERR,ERR,ERR,ERR,ERR,ERR,ERR,ERR,ERR,ERR,ERR,ERR,ERR,ERR,ERR,ERR,ERR,ERR,ERR,ERR,ERR,ERR,ERR,-0.0,2.7184525388662284e+23,2.6947940491597406e+23,-0.0,0.0,-2.1018074041097597e+33,0.0,-0.0,4300,0,8,17170,4300,14654993596416.0,39,0.0,0.0,-0.0,0.0,-0.0,0,0,0,0,0.0,0,0,0,0,0,0,0,0,0,0,0,0,0,0,0,0,0,0,0,0,0,0,0,0,0,0,0,0,0,0,0,0,0,10,37,37,47,65476,408,65476,1,0,4,21553,0.0,0.0,-384320384.0,0.0,0.0,0.0,0.0,0.0,0.0,0.0,0.0,0.0,0.0,0.0,0.0,0.0,0.0,0.0,0.0,0.0,0.0,2.004,-0.0,2.004,-0.0,-3.697076622266571e+19,0.0,0.0,0.0,0.0,6601.0,3.697208123857253e+19,0.0,-0.0,2.7184525388662284e+23,-107616232.0,0.0,0.0,0.0,2.004,2.004,224,0.0,0.0,0.0,0.0,0.0,0.0,0.0,0.0,0.0,0,0,0,-1.1429107590992023e+20,3.332,-0.0,0.0,1.3148011178338384e+37,-3.412758217007119e+22,-0.0,1.1088228200055885e+22,2.119424058391615e+35,-1.3132161437243802e+17,-0.0,468.548,0.0,0.0,0.0,-7943.904,0,1.3516416376850534e+27,224,0.0,448,-74360974999552.0,0.0,2112,26215,17110,13107,17112,26215,17095,0,0,0,101,100,100,-107615200.0,63.05,0.0,63.85,2.730233054771504e+23,63.5,1,49,50,180,13107,26215,0,0,0.0,0.0,0.0,60.0,3460468224.0,71.0,0.0,-0.0,0.0,1071,0,1072,0,0,0,1072,0,1081,0,997,0,636,0,638,0,632,0,675,0.032,6.234999496913828e+21,-2.004,0.0,12688,16814,3460468224.0,-0.0,-55616.137,-0.0,-0.0,1268778112.0,50.0,60.0,35,0.0,0.0,10.0,2.0,0.0,0.0,0.0,0.0,0.0,0.0,0.0,0.0,0.0,0.0,0.0,0.0,58.8,52,12,65510,26,65476,0,300,0,0,8,20529,65476,0,0,30147,60.0,0.0,10.0,10.0,2.0,0.0
2026-02-16T12:02:22,ERR,ERR,ERR,ERR,ERR,ERR,ERR,ERR,ERR,ERR,ERR,ERR,ERR,ERR,ERR,ERR,ERR,ERR,ERR,ERR,ERR,ERR,ERR,ERR,ERR,ERR,ERR,ERR,ERR,ERR,ERR,ERR,ERR,ERR,ERR,ERR,ERR,ERR,ERR,ERR,ERR,ERR,ERR,ERR,ERR,ERR,ERR,ERR,ERR,ERR,ERR,ERR,ERR,ERR,ERR,ERR,ERR,ERR,ERR,ERR,ERR,ERR,ERR,ERR,ERR,ERR,ERR,ERR,ERR,ERR,ERR,ERR,ERR,ERR,ERR,ERR,ERR,ERR,ERR,ERR,ERR,ERR,ERR,ERR,ERR,ERR,ERR,ERR,ERR,ERR,ERR,ERR,ERR,ERR,ERR,ERR,ERR,ERR,ERR,ERR,ERR,ERR,ERR,ERR,ERR,ERR,ERR,ERR,ERR,ERR,ERR,ERR,ERR,ERR,ERR,ERR,ERR,ERR,ERR,ERR,ERR,ERR,ERR,ERR,ERR,-0.0,2.7184525388662284e+23,2.6947940491597406e+23,-0.0,0.0,-2.1018074041097597e+33,0.0,-0.0,4300,0,8,17170,4300,14654993596416.0,39,0.0,0.0,-0.0,0.0,-0.0,0,0,0,0,0.0,0,0,0,0,0,0,0,0,0,0,0,0,0,0,0,0,0,0,0,0,0,0,0,0,0,0,0,0,0,0,0,0,0,10,37,37,47,65476,408,65476,1,0,4,21553,0.0,0.0,-384320384.0,0.0,0.0,0.0,0.0,0.0,0.0,0.0,0.0,0.0,0.0,0.0,0.0,0.0,0.0,0.0,0.0,0.0,0.0,2.004,-0.0,2.004,-0.0,-3.697076622266571e+19,0.0,0.0,0.0,0.0,6601.0,3.697208123857253e+19,0.0,-0.0,2.7184525388662284e+23,-107616232.0,0.0,0.0,0.0,2.004,2.004,224,0.0,0.0,0.0,0.0,0.0,0.0,0.0,0.0,0.0,0,0,0,-1.1429107590992023e+20,3.332,-0.0,0.0,1.3148011178338384e+37,-3.412758217007119e+22,-0.0,1.1088228200055885e+22,2.119424058391615e+35,-1.3132161437243802e+17,-0.0,468.548,0.0,0.0,0.0,-7943.904,0,1.3516416376850534e+27,224,0.0,448,-74360974999552.0,0.0,2112,26215,17110,13107,17112,26215,17095,0,0,0,101,100,100,-107615200.0,63.05,0.0,63.85,2.730233054771504e+23,63.5,1,49,50,180,13107,26215,0,0,0.0,0.0,0.0,60.0,3460468224.0,71.0,0.0,-0.0,0.0,1071,0,1072,0,0,0,1072,0,1081,0,997,0,636,0,638,0,632,0,675,0.032,6.234999496913828e+21,-2.004,0.0,12688,16814,3460468224.0,-0.0,-55616.137,-0.0,-0.0,1268778112.0,50.0,60.0,35,0.0,0.0,10.0,2.0,0.0,0.0,0.0,0.0,0.0,0.0,0.0,0.0,0.0,0.0,0.0,0.0,58.8,52,12,65510,26,65476,0,300,0,0,8,20529,65476,0,0,30147,60.0,0.0,10.0,10.0,2.0,0.0
2026-02-16T12:02:23,ERR,ERR,ERR,ERR,ERR,ERR,ERR,ERR,ERR,ERR,ERR,ERR,ERR,ERR,ERR,ERR,ERR,ERR,ERR,ERR,ERR,ERR,ERR,ERR,ERR,ERR,ERR,ERR,ERR,ERR,ERR,ERR,ERR,ERR,ERR,ERR,ERR,ERR,ERR,ERR,ERR,ERR,ERR,ERR,ERR,ERR,ERR,ERR,ERR,ERR,ERR,ERR,ERR,ERR,ERR,ERR,ERR,ERR,ERR,ERR,ERR,ERR,ERR,ERR,ERR,ERR,ERR,ERR,ERR,ERR,ERR,ERR,ERR,ERR,ERR,ERR,ERR,ERR,ERR,ERR,ERR,ERR,ERR,ERR,ERR,ERR,ERR,ERR,ERR,ERR,ERR,ERR,ERR,ERR,ERR,ERR,ERR,ERR,ERR,ERR,ERR,ERR,ERR,ERR,ERR,ERR,ERR,ERR,ERR,ERR,ERR,ERR,ERR,ERR,ERR,ERR,ERR,ERR,ERR,ERR,ERR,ERR,ERR,ERR,ERR,-0.0,2.7184525388662284e+23,2.6947940491597406e+23,-0.0,0.0,-2.1018074041097597e+33,0.0,-0.0,4300,0,8,17170,4300,14654993596416.0,39,0.0,0.0,-0.0,0.0,-0.0,0,0,0,0,0.0,0,0,0,0,0,0,0,0,0,0,0,0,0,0,0,0,0,0,0,0,0,0,0,0,0,0,0,0,0,0,0,0,0,10,37,37,47,65476,408,65476,1,0,4,21553,0.0,0.0,-384320384.0,0.0,0.0,0.0,0.0,0.0,0.0,0.0,0.0,0.0,0.0,0.0,0.0,0.0,0.0,0.0,0.0,0.0,0.0,2.004,-0.0,2.004,-0.0,-3.697076622266571e+19,0.0,0.0,0.0,0.0,6601.0,3.697208123857253e+19,0.0,-0.0,2.7184525388662284e+23,-107616232.0,0.0,0.0,0.0,2.004,2.004,224,0.0,0.0,0.0,0.0,0.0,0.0,0.0,0.0,0.0,0,0,0,-1.1429107590992023e+20,3.332,-0.0,0.0,1.3148011178338384e+37,-3.412758217007119e+22,-0.0,1.1088228200055885e+22,2.119424058391615e+35,-1.3132161437243802e+17,-0.0,468.548,0.0,0.0,0.0,-7943.904,0,1.3516416376850534e+27,224,0.0,448,-74360974999552.0,0.0,2112,26215,17110,13107,17112,26215,17095,0,0,0,101,100,100,-107615200.0,63.05,0.0,63.85,2.730233054771504e+23,63.5,1,49,50,180,13107,26215,0,0,0.0,0.0,0.0,60.0,3460468224.0,71.0,0.0,-0.0,0.0,1071,0,1072,0,0,0,1072,0,1081,0,997,0,636,0,638,0,632,0,675,0.032,6.234999496913828e+21,-2.004,0.0,12688,16814,3460468224.0,-0.0,-55616.137,-0.0,-0.0,1268778112.0,50.0,60.0,35,0.0,0.0,10.0,2.0,0.0,0.0,0.0,0.0,0.0,0.0,0.0,0.0,0.0,0.0,0.0,0.0,59.2,52,12,65510,26,65476,0,300,0,0,8,20529,65476,0,0,30147,60.0,0.0,10.0,10.0,2.0,0.0
2026-02-16T12:02:24,ERR,ERR,ERR,ERR,ERR,ERR,ERR,ERR,ERR,ERR,ERR,ERR,ERR,ERR,ERR,ERR,ERR,ERR,ERR,ERR,ERR,ERR,ERR,ERR,ERR,ERR,ERR,ERR,ERR,ERR,ERR,ERR,ERR,ERR,ERR,ERR,ERR,ERR,ERR,ERR,ERR,ERR,ERR,ERR,ERR,ERR,ERR,ERR,ERR,ERR,ERR,ERR,ERR,ERR,ERR,ERR,ERR,ERR,ERR,ERR,ERR,ERR,ERR,ERR,ERR,ERR,ERR,ERR,ERR,ERR,ERR,ERR,ERR,ERR,ERR,ERR,ERR,ERR,ERR,ERR,ERR,ERR,ERR,ERR,ERR,ERR,ERR,ERR,ERR,ERR,ERR,ERR,ERR,ERR,ERR,ERR,ERR,ERR,ERR,ERR,ERR,ERR,ERR,ERR,ERR,ERR,ERR,ERR,ERR,ERR,ERR,ERR,ERR,ERR,ERR,ERR,ERR,ERR,ERR,ERR,ERR,ERR,ERR,ERR,ERR,-0.0,2.7184525388662284e+23,2.6947940491597406e+23,-0.0,0.0,-2.1018074041097597e+33,0.0,-0.0,4300,0,8,17170,4300,14654993596416.0,39,0.0,0.0,-0.0,0.0,-0.0,0,0,0,0,0.0,0,0,0,0,0,0,0,0,0,0,0,0,0,0,0,0,0,0,0,0,0,0,0,0,0,0,0,0,0,0,0,0,0,10,37,37,47,65476,408,65476,1,0,4,21553,0.0,0.0,-384320384.0,0.0,0.0,0.0,0.0,0.0,0.0,0.0,0.0,0.0,0.0,0.0,0.0,0.0,0.0,0.0,0.0,0.0,0.0,2.004,-0.0,2.004,-0.0,-3.697076622266571e+19,0.0,0.0,0.0,0.0,6601.0,3.697208123857253e+19,0.0,-0.0,2.7184525388662284e+23,-107616232.0,0.0,0.0,0.0,2.004,2.004,224,0.0,0.0,0.0,0.0,0.0,0.0,0.0,0.0,0.0,0,0,0,-1.1429107590992023e+20,3.332,-0.0,0.0,1.3148011178338384e+37,-3.412758217007119e+22,-0.0,1.1088228200055885e+22,2.119424058391615e+35,-1.3132161437243802e+17,-0.0,468.548,0.0,0.0,0.0,-7943.904,0,1.3516416376850534e+27,224,0.0,448,-74360974999552.0,0.0,2112,26215,17110,13107,17112,26215,17095,0,0,0,101,100,100,-107615200.0,63.05,0.0,63.85,2.730233054771504e+23,63.5,1,49,50,180,13107,26215,0,0,0.0,0.0,0.0,60.0,4.256268421018772e+23,71.0,0.0,-0.0,0.0,1071,0,1072,0,0,0,1072,0,1081,0,997,0,636,0,638,0,632,0,675,0.032,6.198106008766409e+21,-2.004,0.0,18064,16814,1.1621402649576833e+26,2.6085450694492632e+20,-5.1276602178923676e+32,0.0,-5.318434007322646e+30,6.044162518472339e+34,50.0,60.0,35,0.0,0.0,10.0,2.0,0.0,0.0,0.0,0.0,0.0,0.0,0.0,0.0,0.0,0.0,0.0,0.0,58.8,52,12,65510,26,65476,0,300,0,0,8,20529,65476,0,0,30147,60.0,0.0,10.0,10.0,2.0,0.0
2026-02-16T12:02:25,ERR,ERR,ERR,ERR,ERR,ERR,ERR,ERR,ERR,ERR,ERR,ERR,ERR,ERR,ERR,ERR,ERR,ERR,ERR,ERR,ERR,ERR,ERR,ERR,ERR,ERR,ERR,ERR,ERR,ERR,ERR,ERR,ERR,ERR,ERR,ERR,ERR,ERR,ERR,ERR,ERR,ERR,ERR,ERR,ERR,ERR,ERR,ERR,ERR,ERR,ERR,ERR,ERR,ERR,ERR,ERR,ERR,ERR,ERR,ERR,ERR,ERR,ERR,ERR,ERR,ERR,ERR,ERR,ERR,ERR,ERR,ERR,ERR,ERR,ERR,ERR,ERR,ERR,ERR,ERR,ERR,ERR,ERR,ERR,ERR,ERR,ERR,ERR,ERR,ERR,ERR,ERR,ERR,ERR,ERR,ERR,ERR,ERR,ERR,ERR,ERR,ERR,ERR,ERR,ERR,ERR,ERR,ERR,ERR,ERR,ERR,ERR,ERR,ERR,ERR,ERR,ERR,ERR,ERR,ERR,ERR,ERR,ERR,ERR,ERR,-107615888.0,2.7184525388662284e+23,nan,-0.0,-8136.944,2.723,-0.0,-3.3604590903859013e+37,4300,0,8,17170,4300,14654993596416.0,38,0.0,0.0,-0.0,0.0,-0.0,0,0,0,0,0.0,0,0,0,0,0,0,0,0,0,0,0,0,0,0,0,0,0,0,0,0,0,0,0,0,0,0,0,0,0,0,0,0,0,10,37,37,47,65476,408,65476,1,0,4,21553,0.0,-0.0,-6.1467502659468526e+19,0.0,0.0,0.0,0.0,0.0,0.0,0.0,0.0,0.0,0.0,0.0,0.0,0.0,0.0,0.0,0.0,0.0,0.0,2.004,-0.0,2.004,-0.0,-0.0,0.0,0.0,0.0,0.0,6599.0,8608233472.0,0.0,-107615888.0,2.7184525388662284e+23,-107616232.0,-2.7184509175703625e+23,0.0,0.0,2.004,2.004,224,-4.950401131092143e+32,0.0,0.0,0.0,0.0,0.0,0.0,0.0,0.0,0,0,0,-5.116692938626416e+27,3.4798920046200544e+32,-0.0,-0.0,2.9785245845612173e+37,-656441392234496.0,2.3486231308104528e+32,1.0100381131514839e+18,1.8322408000305758e+19,-1.3863996376691507e+17,-0.0,494.548,0.0,0.0,0.0,-0.0,0,1.3516416376850534e+27,224,0.0,448,-0.0,-1814070400.0,2112,26215,17110,13107,17112,26215,17095,0,0,0,101,100,100,-107615200.0,63.05,0.0,63.85,2.730233054771504e+23,63.5,1,49,50,180,13107,26215,0,0,0.0,0.0,0.0,60.0,4.256268421018772e+23,71.0,0.0,-0.0,0.0,1071,0,1072,0,0,0,1072,0,1081,0,997,0,636,0,638,0,632,0,675,0.032,6.198106008766409e+21,-2.004,0.0,18064,16814,1.1621402649576833e+26,2.6085450694492632e+20,-5.1276602178923676e+32,0.0,-5.318434007322646e+30,6.044162518472339e+34,50.0,60.0,35,0.0,0.0,10.0,2.0,0.0,0.0,0.0,0.0,0.0,0.0,0.0,0.0,0.0,0.0,0.0,0.0,58.8,52,12,65510,26,65476,0,300,0,0,8,20529,65476,0,0,30147,60.0,0.0,10.0,10.0,2.0,0.0
2026-02-16T12:02:26,ERR,ERR,ERR,ERR,ERR,ERR,ERR,ERR,ERR,ERR,ERR,ERR,ERR,ERR,ERR,ERR,ERR,ERR,ERR,ERR,ERR,ERR,ERR,ERR,ERR,ERR,ERR,ERR,ERR,ERR,ERR,ERR,ERR,ERR,ERR,ERR,ERR,ERR,ERR,ERR,ERR,ERR,ERR,ERR,ERR,ERR,ERR,ERR,ERR,ERR,ERR,ERR,ERR,ERR,ERR,ERR,ERR,ERR,ERR,ERR,ERR,ERR,ERR,ERR,ERR,ERR,ERR,ERR,ERR,ERR,ERR,ERR,ERR,ERR,ERR,ERR,ERR,ERR,ERR,ERR,ERR,ERR,ERR,ERR,ERR,ERR,ERR,ERR,ERR,ERR,ERR,ERR,ERR,ERR,ERR,ERR,ERR,ERR,ERR,ERR,ERR,ERR,ERR,ERR,ERR,ERR,ERR,ERR,ERR,ERR,ERR,ERR,ERR,ERR,ERR,ERR,ERR,ERR,ERR,ERR,ERR,ERR,ERR,ERR,ERR,-107615888.0,2.7184525388662284e+23,nan,-0.0,-8136.944,2.723,-0.0,-3.3604590903859013e+37,4300,0,8,17170,4300,14654993596416.0,38,0.0,0.0,-0.0,0.0,-0.0,0,0,0,0,0.0,0,0,0,0,0,0,0,0,0,0,0,0,0,0,0,0,0,0,0,0,0,0,0,0,0,0,0,0,0,0,0,0,0,10,37,37,47,65476,408,65476,1,0,4,21553,0.0,-0.0,-6.1467502659468526e+19,0.0,0.0,0.0,0.0,0.0,0.0,0.0,0.0,0.0,0.0,0.0,0.0,0.0,0.0,0.0,0.0,0.0,0.0,2.004,-0.0,2.004,-0.0,-0.0,0.0,0.0,0.0,0.0,6599.0,8608233472.0,0.0,-107615888.0,2.7184525388662284e+23,-107616232.0,-2.7184509175703625e+23,0.0,0.0,2.004,2.004,224,-4.950401131092143e+32,0.0,0.0,0.0,0.0,0.0,0.0,0.0,0.0,0,0,0,-5.116692938626416e+27,3.4798920046200544e+32,-0.0,-0.0,2.9785245845612173e+37,-656441392234496.0,2.3486231308104528e+32,1.0100381131514839e+18,1.8322408000305758e+19,-1.3863996376691507e+17,-0.0,494.548,0.0,0.0,0.0,-0.0,0,1.3516416376850534e+27,224,0.0,448,-0.0,-1814070400.0,2112,26215,17110,13107,17112,26215,17095,0,0,0,101,100,100,-107615200.0,63.05,0.0,63.85,2.730233054771504e+23,63.5,1,49,50,180,13107,26215,0,0,0.0,0.0,0.0,60.0,4.256268421018772e+23,71.0,0.0,-0.0,0.0,1071,0,1072,0,0,0,1072,0,1081,0,997,0,636,0,638,0,632,0,675,0.032,6.198106008766409e+21,-2.004,0.0,18064,16814,1.1621402649576833e+26,2.6085450694492632e+20,-5.1276602178923676e+32,0.0,-5.318434007322646e+30,6.044162518472339e+34,50.0,60.0,35,0.0,0.0,10.0,2.0,0.0,0.0,0.0,0.0,0.0,0.0,0.0,0.0,0.0,0.0,0.0,0.0,58.8,52,12,65510,26,65476,0,300,0,0,8,20529,65476,0,0,30147,60.0,0.0,10.0,10.0,2.0,0.0
2026-02-16T12:02:27,ERR,ERR,ERR,ERR,ERR,ERR,ERR,ERR,ERR,ERR,ERR,ERR,ERR,ERR,ERR,ERR,ERR,ERR,ERR,ERR,ERR,ERR,ERR,ERR,ERR,ERR,ERR,ERR,ERR,ERR,ERR,ERR,ERR,ERR,ERR,ERR,ERR,ERR,ERR,ERR,ERR,ERR,ERR,ERR,ERR,ERR,ERR,ERR,ERR,ERR,ERR,ERR,ERR,ERR,ERR,ERR,ERR,ERR,ERR,ERR,ERR,ERR,ERR,ERR,ERR,ERR,ERR,ERR,ERR,ERR,ERR,ERR,ERR,ERR,ERR,ERR,ERR,ERR,ERR,ERR,ERR,ERR,ERR,ERR,ERR,ERR,ERR,ERR,ERR,ERR,ERR,ERR,ERR,ERR,ERR,ERR,ERR,ERR,ERR,ERR,ERR,ERR,ERR,ERR,ERR,ERR,ERR,ERR,ERR,ERR,ERR,ERR,ERR,ERR,ERR,ERR,ERR,ERR,ERR,ERR,ERR,ERR,ERR,ERR,ERR,-107615888.0,2.7184525388662284e+23,nan,-0.0,-8136.944,2.723,-0.0,-3.3604590903859013e+37,4300,0,8,17170,4300,14654993596416.0,38,0.0,0.0,-0.0,0.0,-0.0,0,0,0,0,0.0,0,0,0,0,0,0,0,0,0,0,0,0,0,0,0,0,0,0,0,0,0,0,0,0,0,0,0,0,0,0,0,0,0,10,37,37,47,65476,408,65476,1,0,4,21553,0.0,-0.0,-6.1467502659468526e+19,0.0,0.0,0.0,0.0,0.0,0.0,0.0,0.0,0.0,0.0,0.0,0.0,0.0,0.0,0.0,0.0,0.0,0.0,2.004,-0.0,2.004,-0.0,-0.0,0.0,0.0,0.0,0.0,6599.0,8608233472.0,0.0,-107615888.0,2.7184525388662284e+23,-107616232.0,-2.7184509175703625e+23,0.0,0.0,2.004,2.004,224,-4.950401131092143e+32,0.0,0.0,0.0,0.0,0.0,0.0,0.0,0.0,0,0,0,-5.116692938626416e+27,3.4798920046200544e+32,-0.0,-0.0,2.9785245845612173e+37,-656441392234496.0,2.3486231308104528e+32,1.0100381131514839e+18,1.8322408000305758e+19,-1.3863996376691507e+17,-0.0,494.548,0.0,0.0,0.0,-0.0,0,1.3516416376850534e+27,224,0.0,448,-0.0,-1814070400.0,2112,26215,17110,13107,17112,26215,17095,0,0,0,101,100,100,-107615200.0,63.05,0.0,63.85,2.730233054771504e+23,63.5,1,49,50,180,13107,26215,0,0,0.0,0.0,0.0,60.0,3.819292095409782e+29,71.0,0.0,-0.0,0.0,1071,0,1072,0,0,0,1072,0,1081,0,997,0,636,0,638,0,632,0,675,0.032,5.312662293228351e+21,-2.004,0.0,14224,16814,2.4190336664493866e+30,-0.0,336385.125,1628189.875,137714008064.0,-1.736,50.0,60.0,35,0.0,0.0,10.0,2.0,0.0,0.0,0.0,0.0,0.0,0.0,0.0,0.0,0.0,0.0,0.0,0.0,58.8,52,12,65510,26,65476,0,300,0,0,8,20529,65476,0,0,30147,60.0,0.0,10.0,10.0,2.0,0.0
2026-02-16T12:02:28,ERR,ERR,ERR,ERR,ERR,ERR,ERR,ERR,ERR,ERR,ERR,ERR,ERR,ERR,ERR,ERR,ERR,ERR,ERR,ERR,ERR,ERR,ERR,ERR,ERR,ERR,ERR,ERR,ERR,ERR,ERR,ERR,ERR,ERR,ERR,ERR,ERR,ERR,ERR,ERR,ERR,ERR,ERR,ERR,ERR,ERR,ERR,ERR,ERR,ERR,ERR,ERR,ERR,ERR,ERR,ERR,ERR,ERR,ERR,ERR,ERR,ERR,ERR,ERR,ERR,ERR,ERR,ERR,ERR,ERR,ERR,ERR,ERR,ERR,ERR,ERR,ERR,ERR,ERR,ERR,ERR,ERR,ERR,ERR,ERR,ERR,ERR,ERR,ERR,ERR,ERR,ERR,ERR,ERR,ERR,ERR,ERR,ERR,ERR,ERR,ERR,ERR,ERR,ERR,ERR,ERR,ERR,ERR,ERR,ERR,ERR,ERR,ERR,ERR,ERR,ERR,ERR,ERR,ERR,ERR,ERR,ERR,ERR,ERR,ERR,-107615888.0,2.7184525388662284e+23,nan,-0.0,-8136.944,2.723,-0.0,-3.3604590903859013e+37,4300,0,8,17170,4300,14654993596416.0,38,0.0,0.0,-0.0,0.0,-0.0,0,0,0,0,0.0,0,0,0,0,0,0,0,0,0,0,0,0,0,0,0,0,0,0,0,0,0,0,0,0,0,0,0,0,0,0,0,0,0,10,37,37,47,65476,408,65476,1,0,4,21553,0.0,-0.0,-6.1467502659468526e+19,0.0,0.0,0.0,0.0,0.0,0.0,0.0,0.0,0.0,0.0,0.0,0.0,0.0,0.0,0.0,0.0,0.0,0.0,2.004,-0.0,2.004,-0.0,-0.0,0.0,0.0,0.0,0.0,6599.0,8608233472.0,0.0,-107615888.0,2.7184525388662284e+23,-107616232.0,-2.7184509175703625e+23,0.0,0.0,2.004,2.004,224,-4.950401131092143e+32,0.0,0.0,0.0,0.0,0.0,0.0,0.0,0.0,0,0,0,-5.116692938626416e+27,3.4798920046200544e+32,-0.0,-0.0,2.9785245845612173e+37,-656441392234496.0,2.3486231308104528e+32,1.0100381131514839e+18,1.8322408000305758e+19,-1.3863996376691507e+17,-0.0,494.548,0.0,0.0,0.0,-0.0,0,1.3516416376850534e+27,224,0.0,448,-0.0,-1814070400.0,2112,26215,17110,13107,17112,26215,17095,0,0,0,101,100,100,-107615200.0,63.05,0.0,63.85,2.730233054771504e+23,63.5,1,49,50,180,13107,26215,0,0,0.0,0.0,0.0,60.0,3.819292095409782e+29,71.0,0.0,-0.0,0.0,1071,0,1072,0,0,0,1072,0,1081,0,997,0,636,0,638,0,632,0,675,0.032,5.312662293228351e+21,-2.004,0.0,14224,16814,2.4190336664493866e+30,-0.0,336385.125,1628189.875,137714008064.0,-1.736,50.0,60.0,35,0.0,0.0,10.0,2.0,0.0,0.0,0.0,0.0,0.0,0.0,0.0,0.0,0.0,0.0,0.0,0.0,59.2,52,12,65510,26,65476,0,300,0,0,8,20529,65476,0,0,30147,60.0,0.0,10.0,10.0,2.0,0.0
2026-02-16T12:02:29,ERR,ERR,ERR,ERR,ERR,ERR,ERR,ERR,ERR,ERR,ERR,ERR,ERR,ERR,ERR,ERR,ERR,ERR,ERR,ERR,ERR,ERR,ERR,ERR,ERR,ERR,ERR,ERR,ERR,ERR,ERR,ERR,ERR,ERR,ERR,ERR,ERR,ERR,ERR,ERR,ERR,ERR,ERR,ERR,ERR,ERR,ERR,ERR,ERR,ERR,ERR,ERR,ERR,ERR,ERR,ERR,ERR,ERR,ERR,ERR,ERR,ERR,ERR,ERR,ERR,ERR,ERR,ERR,ERR,ERR,ERR,ERR,ERR,ERR,ERR,ERR,ERR,ERR,ERR,ERR,ERR,ERR,ERR,ERR,ERR,ERR,ERR,ERR,ERR,ERR,ERR,ERR,ERR,ERR,ERR,ERR,ERR,ERR,ERR,ERR,ERR,ERR,ERR,ERR,ERR,ERR,ERR,ERR,ERR,ERR,ERR,ERR,ERR,ERR,ERR,ERR,ERR,ERR,ERR,ERR,ERR,ERR,ERR,ERR,ERR,-107615888.0,2.7184525388662284e+23,nan,-0.0,-8136.944,2.723,-0.0,-3.3604590903859013e+37,4300,0,8,17170,4300,14654993596416.0,38,0.0,0.0,-0.0,0.0,-0.0,0,0,0,0,0.0,0,0,0,0,0,0,0,0,0,0,0,0,0,0,0,0,0,0,0,0,0,0,0,0,0,0,0,0,0,0,0,0,0,10,37,37,47,65476,408,65476,1,0,4,21553,0.0,-0.0,-6.1467502659468526e+19,0.0,0.0,0.0,0.0,0.0,0.0,0.0,0.0,0.0,0.0,0.0,0.0,0.0,0.0,0.0,0.0,0.0,0.0,2.004,-0.0,2.004,-0.0,-0.0,0.0,0.0,0.0,0.0,6599.0,8608233472.0,0.0,-107615888.0,2.7184525388662284e+23,-107616232.0,-2.7184509175703625e+23,0.0,0.0,2.004,2.004,224,-4.950401131092143e+32,0.0,0.0,0.0,0.0,0.0,0.0,0.0,0.0,0,0,0,-5.116692938626416e+27,3.4798920046200544e+32,-0.0,-0.0,2.9785245845612173e+37,-656441392234496.0,2.3486231308104528e+32,1.0100381131514839e+18,1.8322408000305758e+19,-1.3863996376691507e+17,-0.0,494.548,0.0,0.0,0.0,-0.0,0,1.3516416376850534e+27,224,0.0,448,-0.0,-1814070400.0,2112,26215,17110,13107,17112,26215,17095,0,0,0,101,100,100,-107615200.0,63.05,0.0,63.85,2.730233054771504e+23,63.5,1,49,50,180,13107,26215,0,0,0.0,0.0,0.0,60.0,3.819292095409782e+29,71.0,0.0,-0.0,0.0,1071,0,1072,0,0,0,1072,0,1081,0,997,0,636,0,638,0,632,0,675,0.032,5.312662293228351e+21,-2.004,0.0,14224,16814,2.4190336664493866e+30,-0.0,336385.125,1628189.875,137714008064.0,-1.736,50.0,60.0,35,0.0,0.0,10.0,2.0,0.0,0.0,0.0,0.0,0.0,0.0,0.0,0.0,0.0,0.0,0.0,0.0,58.8,52,12,65510,27,65476,0,300,0,0,8,20529,65476,0,0,30147,60.0,0.0,10.0,10.0,2.0,0.0
2026-02-16T12:02:30,ERR,ERR,ERR,ERR,ERR,ERR,ERR,ERR,ERR,ERR,ERR,ERR,ERR,ERR,ERR,ERR,ERR,ERR,ERR,ERR,ERR,ERR,ERR,ERR,ERR,ERR,ERR,ERR,ERR,ERR,ERR,ERR,ERR,ERR,ERR,ERR,ERR,ERR,ERR,ERR,ERR,ERR,ERR,ERR,ERR,ERR,ERR,ERR,ERR,ERR,ERR,ERR,ERR,ERR,ERR,ERR,ERR,ERR,ERR,ERR,ERR,ERR,ERR,ERR,ERR,ERR,ERR,ERR,ERR,ERR,ERR,ERR,ERR,ERR,ERR,ERR,ERR,ERR,ERR,ERR,ERR,ERR,ERR,ERR,ERR,ERR,ERR,ERR,ERR,ERR,ERR,ERR,ERR,ERR,ERR,ERR,ERR,ERR,ERR,ERR,ERR,ERR,ERR,ERR,ERR,ERR,ERR,ERR,ERR,ERR,ERR,ERR,ERR,ERR,ERR,ERR,ERR,ERR,ERR,ERR,ERR,ERR,ERR,ERR,ERR,-0.0,2.7184525388662284e+23,2.6947940491597406e+23,-0.0,0.0,0.0,1.637148831689628e+27,-0.0,4300,0,8,17170,4300,14654993596416.0,39,0.0,0.0,-0.0,0.0,-0.0,0,0,0,0,0.0,0,0,0,0,0,0,0,0,0,0,0,0,0,0,0,0,0,0,0,0,0,0,0,0,0,0,0,0,0,0,0,0,0,10,37,37,47,65476,408,65476,1,0,4,21553,0.0,-0.0,-2.158389753094031e+22,0.0,0.0,0.0,0.0,0.0,0.0,0.0,0.0,0.0,0.0,0.0,0.0,0.0,0.0,0.0,0.0,0.0,0.0,2.004,-0.0,2.004,-2.004,-0.0,0.0,0.0,0.0,0.0,6600.0,3.697208123857253e+19,0.0,-0.0,2.7184525388662284e+23,-107616232.0,-2.7184509175703625e+23,0.0,0.0,2.004,2.004,223,-4.950401131092143e+32,0.0,0.0,0.0,0.0,0.0,0.0,0.0,0.0,0,0,0,-1.884277570516779e+30,42561.93,-0.0,1714.062,1.2371344473289352e+36,-0.052,-0.0,-4.3890792348173626e+29,0.0,-1.4667553834008576e+17,-0.0,529.096,0.0,0.0,0.0,0.0,0,1.3516416376850534e+27,223,0.0,446,-74360974999552.0,4.538271724008914e+24,2112,26215,17110,13107,17112,26215,17095,0,0,0,101,100,100,-107615200.0,63.05,0.0,63.85,2.730233054771504e+23,63.5,1,49,50,180,13107,26215,0,0,0.0,0.0,0.0,60.0,3.819292095409782e+29,71.0,0.0,-0.0,0.0,1071,0,1072,0,0,0,1072,0,1081,0,997,0,636,0,638,0,632,0,675,0.032,5.312662293228351e+21,-2.004,0.0,14224,16814,2.4190336664493866e+30,-0.0,336385.125,1628189.875,137714008064.0,-1.736,50.0,60.0,35,0.0,0.0,10.0,2.0,0.0,0.0,0.0,0.0,0.0,0.0,0.0,0.0,0.0,0.0,0.0,0.0,58.8,52,12,65510,27,65476,0,300,0,0,8,20529,65476,0,0,30147,60.0,0.0,10.0,10.0,2.0,0.0
2026-02-16T12:02:31,ERR,ERR,ERR,ERR,ERR,ERR,ERR,ERR,ERR,ERR,ERR,ERR,ERR,ERR,ERR,ERR,ERR,ERR,ERR,ERR,ERR,ERR,ERR,ERR,ERR,ERR,ERR,ERR,ERR,ERR,ERR,ERR,ERR,ERR,ERR,ERR,ERR,ERR,ERR,ERR,ERR,ERR,ERR,ERR,ERR,ERR,ERR,ERR,ERR,ERR,ERR,ERR,ERR,ERR,ERR,ERR,ERR,ERR,ERR,ERR,ERR,ERR,ERR,ERR,ERR,ERR,ERR,ERR,ERR,ERR,ERR,ERR,ERR,ERR,ERR,ERR,ERR,ERR,ERR,ERR,ERR,ERR,ERR,ERR,ERR,ERR,ERR,ERR,ERR,ERR,ERR,ERR,ERR,ERR,ERR,ERR,ERR,ERR,ERR,ERR,ERR,ERR,ERR,ERR,ERR,ERR,ERR,ERR,ERR,ERR,ERR,ERR,ERR,ERR,ERR,ERR,ERR,ERR,ERR,ERR,ERR,ERR,ERR,ERR,ERR,-0.0,2.7184525388662284e+23,2.6947940491597406e+23,-0.0,0.0,0.0,1.637148831689628e+27,-0.0,4300,0,8,17170,4300,14654993596416.0,39,0.0,0.0,-0.0,0.0,-0.0,0,0,0,0,0.0,0,0,0,0,0,0,0,0,0,0,0,0,0,0,0,0,0,0,0,0,0,0,0,0,0,0,0,0,0,0,0,0,0,10,37,37,47,65476,408,65476,1,0,4,21553,0.0,-0.0,-2.158389753094031e+22,0.0,0.0,0.0,0.0,0.0,0.0,0.0,0.0,0.0,0.0,0.0,0.0,0.0,0.0,0.0,0.0,0.0,0.0,2.004,-0.0,2.004,-2.004,-0.0,0.0,0.0,0.0,0.0,6600.0,3.697208123857253e+19,0.0,-0.0,2.7184525388662284e+23,-107616232.0,-2.7184509175703625e+23,0.0,0.0,2.004,2.004,223,-4.950401131092143e+32,0.0,0.0,0.0,0.0,0.0,0.0,0.0,0.0,0,0,0,-1.884277570516779e+30,42561.93,-0.0,1714.062,1.2371344473289352e+36,-0.052,-0.0,-4.3890792348173626e+29,0.0,-1.4667553834008576e+17,-0.0,529.096,0.0,0.0,0.0,0.0,0,1.3516416376850534e+27,223,0.0,446,-74360974999552.0,4.538271724008914e+24,2112,26215,17110,13107,17112,26215,17095,0,0,0,101,100,100,-107615200.0,63.05,0.0,63.85,2.730233054771504e+23,63.5,1,49,50,180,13107,26215,0,0,0.0,0.0,0.0,60.0,937419472896.0,71.0,0.0,0.0,0.0,1071,0,1072,0,0,0,1072,0,1081,0,997,0,636,0,638,0,632,0,674,0.032,6.198106008766409e+21,-0.0,-107615280.0,8848,16814,937419472896.0,0.0,-0.0,0.0,3.3796439173938513e+38,0.0,50.0,60.0,35,0.0,0.0,10.0,2.0,0.0,0.0,0.0,0.0,0.0,0.0,0.0,0.0,0.0,0.0,0.0,0.0,58.8,52,12,65510,27,65476,0,300,0,0,8,20529,65476,0,0,30147,60.0,0.0,10.0,10.0,2.0,0.0
2026-02-16T12:02:32,ERR,ERR,ERR,ERR,ERR,ERR,ERR,ERR,ERR,ERR,ERR,ERR,ERR,ERR,ERR,ERR,ERR,ERR,ERR,ERR,ERR,ERR,ERR,ERR,ERR,ERR,ERR,ERR,ERR,ERR,ERR,ERR,ERR,ERR,ERR,ERR,ERR,ERR,ERR,ERR,ERR,ERR,ERR,ERR,ERR,ERR,ERR,ERR,ERR,ERR,ERR,ERR,ERR,ERR,ERR,ERR,ERR,ERR,ERR,ERR,ERR,ERR,ERR,ERR,ERR,ERR,ERR,ERR,ERR,ERR,ERR,ERR,ERR,ERR,ERR,ERR,ERR,ERR,ERR,ERR,ERR,ERR,ERR,ERR,ERR,ERR,ERR,ERR,ERR,ERR,ERR,ERR,ERR,ERR,ERR,ERR,ERR,ERR,ERR,ERR,ERR,ERR,ERR,ERR,ERR,ERR,ERR,ERR,ERR,ERR,ERR,ERR,ERR,ERR,ERR,ERR,ERR,ERR,ERR,ERR,ERR,ERR,ERR,ERR,ERR,-0.0,2.7184525388662284e+23,2.6947940491597406e+23,-0.0,0.0,0.0,1.637148831689628e+27,-0.0,4300,0,8,17170,4300,14654993596416.0,39,0.0,0.0,-0.0,0.0,-0.0,0,0,0,0,0.0,0,0,0,0,0,0,0,0,0,0,0,0,0,0,0,0,0,0,0,0,0,0,0,0,0,0,0,0,0,0,0,0,0,10,37,37,47,65476,408,65476,1,0,4,21553,0.0,-0.0,-2.158389753094031e+22,0.0,0.0,0.0,0.0,0.0,0.0,0.0,0.0,0.0,0.0,0.0,0.0,0.0,0.0,0.0,0.0,0.0,0.0,2.004,-0.0,2.004,-2.004,-0.0,0.0,0.0,0.0,0.0,6600.0,3.697208123857253e+19,0.0,-0.0,2.7184525388662284e+23,-107616232.0,-2.7184509175703625e+23,0.0,0.0,2.004,2.004,223,-4.950401131092143e+32,0.0,0.0,0.0,0.0,0.0,0.0,0.0,0.0,0,0,0,-1.884277570516779e+30,42561.93,-0.0,1714.062,1.2371344473289352e+36,-0.052,-0.0,-4.3890792348173626e+29,0.0,-1.4667553834008576e+17,-0.0,529.096,0.0,0.0,0.0,0.0,0,1.3516416376850534e+27,223,0.0,446,-74360974999552.0,4.538271724008914e+24,2112,26215,17110,13107,17112,26215,17095,0,0,0,101,100,100,-107615200.0,63.05,0.0,63.85,2.730233054771504e+23,63.5,1,49,50,180,13107,26215,0,0,0.0,0.0,0.0,60.0,937419472896.0,71.0,0.0,0.0,0.0,1071,0,1072,0,0,0,1072,0,1081,0,997,0,636,0,638,0,632,0,674,0.032,6.198106008766409e+21,-0.0,-107615280.0,8848,16814,937419472896.0,0.0,-0.0,0.0,3.3796439173938513e+38,0.0,50.0,60.0,35,0.0,0.0,10.0,2.0,0.0,0.0,0.0,0.0,0.0,0.0,0.0,0.0,0.0,0.0,0.0,0.0,58.8,52,12,65510,27,65476,0,300,0,0,8,20529,65476,0,0,30147,60.0,0.0,10.0,10.0,2.0,0.0
2026-02-16T12:02:33,ERR,ERR,ERR,ERR,ERR,ERR,ERR,ERR,ERR,ERR,ERR,ERR,ERR,ERR,ERR,ERR,ERR,ERR,ERR,ERR,ERR,ERR,ERR,ERR,ERR,ERR,ERR,ERR,ERR,ERR,ERR,ERR,ERR,ERR,ERR,ERR,ERR,ERR,ERR,ERR,ERR,ERR,ERR,ERR,ERR,ERR,ERR,ERR,ERR,ERR,ERR,ERR,ERR,ERR,ERR,ERR,ERR,ERR,ERR,ERR,ERR,ERR,ERR,ERR,ERR,ERR,ERR,ERR,ERR,ERR,ERR,ERR,ERR,ERR,ERR,ERR,ERR,ERR,ERR,ERR,ERR,ERR,ERR,ERR,ERR,ERR,ERR,ERR,ERR,ERR,ERR,ERR,ERR,ERR,ERR,ERR,ERR,ERR,ERR,ERR,ERR,ERR,ERR,ERR,ERR,ERR,ERR,ERR,ERR,ERR,ERR,ERR,ERR,ERR,ERR,ERR,ERR,ERR,ERR,ERR,ERR,ERR,ERR,ERR,ERR,-0.0,2.7184525388662284e+23,2.6947940491597406e+23,-0.0,0.0,0.0,1.637148831689628e+27,-0.0,4300,0,8,17170,4300,14654993596416.0,39,0.0,0.0,-0.0,0.0,-0.0,0,0,0,0,0.0,0,0,0,0,0,0,0,0,0,0,0,0,0,0,0,0,0,0,0,0,0,0,0,0,0,0,0,0,0,0,0,0,0,10,37,37,47,65476,408,65476,1,0,4,21553,0.0,-0.0,-2.158389753094031e+22,0.0,0.0,0.0,0.0,0.0,0.0,0.0,0.0,0.0,0.0,0.0,0.0,0.0,0.0,0.0,0.0,0.0,0.0,2.004,-0.0,2.004,-2.004,-0.0,0.0,0.0,0.0,0.0,6600.0,3.697208123857253e+19,0.0,-0.0,2.7184525388662284e+23,-107616232.0,-2.7184509175703625e+23,0.0,0.0,2.004,2.004,223,-4.950401131092143e+32,0.0,0.0,0.0,0.0,0.0,0.0,0.0,0.0,0,0,0,-1.884277570516779e+30,42561.93,-0.0,1714.062,1.2371344473289352e+36,-0.052,-0.0,-4.3890792348173626e+29,0.0,-1.4667553834008576e+17,-0.0,529.096,0.0,0.0,0.0,0.0,0,1.3516416376850534e+27,223,0.0,446,-74360974999552.0,4.538271724008914e+24,2112,26215,17110,13107,17112,26215,17095,0,0,0,101,100,100,-107615200.0,63.05,0.0,63.85,2.730233054771504e+23,63.5,1,49,50,180,13107,26215,0,0,0.0,0.0,0.0,60.0,937419472896.0,71.0,0.0,0.0,0.0,1071,0,1072,0,0,0,1072,0,1081,0,997,0,636,0,638,0,632,0,674,0.032,6.198106008766409e+21,-0.0,-107615280.0,8848,16814,937419472896.0,0.0,-0.0,0.0,3.3796439173938513e+38,0.0,50.0,60.0,35,0.0,0.0,10.0,2.0,0.0,0.0,0.0,0.0,0.0,0.0,0.0,0.0,0.0,0.0,0.0,0.0,58.8,52,12,65510,27,65476,0,300,0,0,8,20529,65476,0,0,30147,60.0,0.0,10.0,10.0,2.0,0.0
2026-02-16T12:02:34,ERR,ERR,ERR,ERR,ERR,ERR,ERR,ERR,ERR,ERR,ERR,ERR,ERR,ERR,ERR,ERR,ERR,ERR,ERR,ERR,ERR,ERR,ERR,ERR,ERR,ERR,ERR,ERR,ERR,ERR,ERR,ERR,ERR,ERR,ERR,ERR,ERR,ERR,ERR,ERR,ERR,ERR,ERR,ERR,ERR,ERR,ERR,ERR,ERR,ERR,ERR,ERR,ERR,ERR,ERR,ERR,ERR,ERR,ERR,ERR,ERR,ERR,ERR,ERR,ERR,ERR,ERR,ERR,ERR,ERR,ERR,ERR,ERR,ERR,ERR,ERR,ERR,ERR,ERR,ERR,ERR,ERR,ERR,ERR,ERR,ERR,ERR,ERR,ERR,ERR,ERR,ERR,ERR,ERR,ERR,ERR,ERR,ERR,ERR,ERR,ERR,ERR,ERR,ERR,ERR,ERR,ERR,ERR,ERR,ERR,ERR,ERR,ERR,ERR,ERR,ERR,ERR,ERR,ERR,ERR,ERR,ERR,ERR,ERR,ERR,-0.0,2.7184525388662284e+23,2.6947940491597406e+23,-0.0,0.0,0.0,1.637148831689628e+27,-0.0,4300,0,8,17170,4300,14654993596416.0,39,0.0,0.0,-0.0,0.0,-0.0,0,0,0,0,0.0,0,0,0,0,0,0,0,0,0,0,0,0,0,0,0,0,0,0,0,0,0,0,0,0,0,0,0,0,0,0,0,0,0,10,37,37,47,65476,408,65476,1,0,4,21553,0.0,-0.0,-2.158389753094031e+22,0.0,0.0,0.0,0.0,0.0,0.0,0.0,0.0,0.0,0.0,0.0,0.0,0.0,0.0,0.0,0.0,0.0,0.0,2.004,-0.0,2.004,-2.004,-0.0,0.0,0.0,0.0,0.0,6600.0,3.697208123857253e+19,0.0,-0.0,2.7184525388662284e+23,-107616232.0,-2.7184509175703625e+23,0.0,0.0,2.004,2.004,223,-4.950401131092143e+32,0.0,0.0,0.0,0.0,0.0,0.0,0.0,0.0,0,0,0,-1.884277570516779e+30,42561.93,-0.0,1714.062,1.2371344473289352e+36,-0.052,-0.0,-4.3890792348173626e+29,0.0,-1.4667553834008576e+17,-0.0,529.096,0.0,0.0,0.0,0.0,0,1.3516416376850534e+27,223,0.0,446,-74360974999552.0,4.538271724008914e+24,2112,26215,17110,13107,17112,26215,17095,0,0,0,101,100,100,-107615200.0,63.05,0.0,63.85,2.730233054771504e+23,63.5,1,49,50,180,13107,26215,0,0,0.0,0.0,0.0,60.0,5.022701936685403e+19,71.0,0.0,-0.0,0.0,1071,0,1072,0,0,0,1072,0,1081,0,997,0,636,0,638,0,632,0,674,0.032,6.16121252061899e+21,-0.0,-107615280.0,16912,16814,6.4418975659550055e+22,0.0,4.026012027186271e+21,0.0,1.2399220164982407e+28,-6193347559424.0,50.0,60.0,35,0.0,0.0,10.0,2.0,0.0,0.0,0.0,0.0,0.0,0.0,0.0,0.0,0.0,0.0,0.0,0.0,58.8,52,12,65510,27,65476,0,300,0,0,8,20529,65476,0,0,30147,60.0,0.0,10.0,10.0,2.0,0.0
2026-02-16T12:02:35,ERR,ERR,ERR,ERR,ERR,ERR,ERR,ERR,ERR,ERR,ERR,ERR,ERR,ERR,ERR,ERR,ERR,ERR,ERR,ERR,ERR,ERR,ERR,ERR,ERR,ERR,ERR,ERR,ERR,ERR,ERR,ERR,ERR,ERR,ERR,ERR,ERR,ERR,ERR,ERR,ERR,ERR,ERR,ERR,ERR,ERR,ERR,ERR,ERR,ERR,ERR,ERR,ERR,ERR,ERR,ERR,ERR,ERR,ERR,ERR,ERR,ERR,ERR,ERR,ERR,ERR,ERR,ERR,ERR,ERR,ERR,ERR,ERR,ERR,ERR,ERR,ERR,ERR,ERR,ERR,ERR,ERR,ERR,ERR,ERR,ERR,ERR,ERR,ERR,ERR,ERR,ERR,ERR,ERR,ERR,ERR,ERR,ERR,ERR,ERR,ERR,ERR,ERR,ERR,ERR,ERR,ERR,ERR,ERR,ERR,ERR,ERR,ERR,ERR,ERR,ERR,ERR,ERR,ERR,ERR,ERR,ERR,ERR,ERR,ERR,-0.0,2.7184525388662284e+23,2.6947940491597406e+23,-0.0,0.0,1.0102718335894212e+20,-1.335562480608346e+18,59572300.0,4300,0,8,17171,4300,14654993596416.0,38,0.0,0.0,-0.0,0.0,-0.0,0,0,0,0,0.0,0,0,0,0,0,0,0,0,0,0,0,0,0,0,0,0,0,0,0,0,0,0,0,0,0,0,0,0,0,0,0,0,0,10,37,37,47,65476,408,65476,1,0,4,21553,0.0,0.0,-2235701248.0,0.0,0.0,0.0,0.0,0.0,0.0,0.0,0.0,0.0,0.0,0.0,0.0,0.0,0.0,0.0,0.0,0.0,0.0,2.004,-0.0,2.004,-2.004,-0.0,0.0,0.0,0.0,0.0,6599.0,2.4230023160510894e+24,0.0,-0.0,2.7184525388662284e+23,0.0,-2.7184509175703625e+23,0.0,0.0,2.004,2.004,226,-4.950401131092143e+32,0.0,0.0,0.0,0.0,0.0,0.0,0.0,0.0,0,0,0,-5.26140727622921e+22,0.0,1.059640228673529e+35,4.323040755226549e+30,3.041917092306965e+27,-0.0,-115486856.0,7.570158330323019e+34,-0.0,-1.6131223712903987e+17,-0.0,573.096,0.0,0.0,0.0,-17749893120.0,0,1.3516416376850534e+27,226,0.0,448,0.0,0.0,2112,26215,17110,13107,17112,26215,17095,0,0,0,101,100,100,-107615200.0,63.05,0.0,63.85,2.730233054771504e+23,63.5,1,49,50,180,13107,26215,0,0,0.0,0.0,0.0,60.0,5.022701936685403e+19,71.0,0.0,-0.0,0.0,1071,0,1072,0,0,0,1072,0,1081,0,997,0,636,0,638,0,632,0,674,0.032,6.16121252061899e+21,-0.0,-107615280.0,16912,16814,6.4418975659550055e+22,0.0,4.026012027186271e+21,0.0,1.2399220164982407e+28,-6193347559424.0,50.0,60.0,35,0.0,0.0,10.0,2.0,0.0,0.0,0.0,0.0,0.0,0.0,0.0,0.0,0.0,0.0,0.0,0.0,58.8,52,12,65510,27,65476,0,300,0,0,8,20529,65476,0,0,30147,60.0,0.0,10.0,10.0,2.0,0.0
2026-02-16T12:02:36,ERR,ERR,ERR,ERR,ERR,ERR,ERR,ERR,ERR,ERR,ERR,ERR,ERR,ERR,ERR,ERR,ERR,ERR,ERR,ERR,ERR,ERR,ERR,ERR,ERR,ERR,ERR,ERR,ERR,ERR,ERR,ERR,ERR,ERR,ERR,ERR,ERR,ERR,ERR,ERR,ERR,ERR,ERR,ERR,ERR,ERR,ERR,ERR,ERR,ERR,ERR,ERR,ERR,ERR,ERR,ERR,ERR,ERR,ERR,ERR,ERR,ERR,ERR,ERR,ERR,ERR,ERR,ERR,ERR,ERR,ERR,ERR,ERR,ERR,ERR,ERR,ERR,ERR,ERR,ERR,ERR,ERR,ERR,ERR,ERR,ERR,ERR,ERR,ERR,ERR,ERR,ERR,ERR,ERR,ERR,ERR,ERR,ERR,ERR,ERR,ERR,ERR,ERR,ERR,ERR,ERR,ERR,ERR,ERR,ERR,ERR,ERR,ERR,ERR,ERR,ERR,ERR,ERR,ERR,ERR,ERR,ERR,ERR,ERR,ERR,-0.0,2.7184525388662284e+23,2.6947940491597406e+23,-0.0,0.0,1.0102718335894212e+20,-1.335562480608346e+18,59572300.0,4300,0,8,17171,4300,14654993596416.0,38,0.0,0.0,-0.0,0.0,-0.0,0,0,0,0,0.0,0,0,0,0,0,0,0,0,0,0,0,0,0,0,0,0,0,0,0,0,0,0,0,0,0,0,0,0,0,0,0,0,0,10,37,37,47,65476,408,65476,1,0,4,21553,0.0,0.0,-2235701248.0,0.0,0.0,0.0,0.0,0.0,0.0,0.0,0.0,0.0,0.0,0.0,0.0,0.0,0.0,0.0,0.0,0.0,0.0,2.004,-0.0,2.004,-2.004,-0.0,0.0,0.0,0.0,0.0,6599.0,2.4230023160510894e+24,0.0,-0.0,2.7184525388662284e+23,0.0,-2.7184509175703625e+23,0.0,0.0,2.004,2.004,226,-4.950401131092143e+32,0.0,0.0,0.0,0.0,0.0,0.0,0.0,0.0,0,0,0,-5.26140727622921e+22,0.0,1.059640228673529e+35,4.323040755226549e+30,3.041917092306965e+27,-0.0,-115486856.0,7.570158330323019e+34,-0.0,-1.6131223712903987e+17,-0.0,573.096,0.0,0.0,0.0,-17749893120.0,0,1.3516416376850534e+27,226,0.0,448,0.0,0.0,2112,26215,17110,13107,17112,26215,17095,0,0,0,101,100,100,-107615200.0,63.05,0.0,63.85,2.730233054771504e+23,63.5,1,49,50,180,13107,26215,0,0,0.0,0.0,0.0,60.0,5.022701936685403e+19,71.0,0.0,-0.0,0.0,1071,0,1072,0,0,0,1072,0,1081,0,997,0,636,0,638,0,632,0,674,0.032,6.16121252061899e+21,-0.0,-107615280.0,16912,16814,6.4418975659550055e+22,0.0,4.026012027186271e+21,0.0,1.2399220164982407e+28,-6193347559424.0,50.0,60.0,35,0.0,0.0,10.0,2.0,0.0,0.0,0.0,0.0,0.0,0.0,0.0,0.0,0.0,0.0,0.0,0.0,58.8,52,12,65510,27,65476,0,300,0,0,8,20529,65476,0,0,30147,60.0,0.0,10.0,10.0,2.0,0.0
2026-02-16T12:02:37,ERR,ERR,ERR,ERR,ERR,ERR,ERR,ERR,ERR,ERR,ERR,ERR,ERR,ERR,ERR,ERR,ERR,ERR,ERR,ERR,ERR,ERR,ERR,ERR,ERR,ERR,ERR,ERR,ERR,ERR,ERR,ERR,ERR,ERR,ERR,ERR,ERR,ERR,ERR,ERR,ERR,ERR,ERR,ERR,ERR,ERR,ERR,ERR,ERR,ERR,ERR,ERR,ERR,ERR,ERR,ERR,ERR,ERR,ERR,ERR,ERR,ERR,ERR,ERR,ERR,ERR,ERR,ERR,ERR,ERR,ERR,ERR,ERR,ERR,ERR,ERR,ERR,ERR,ERR,ERR,ERR,ERR,ERR,ERR,ERR,ERR,ERR,ERR,ERR,ERR,ERR,ERR,ERR,ERR,ERR,ERR,ERR,ERR,ERR,ERR,ERR,ERR,ERR,ERR,ERR,ERR,ERR,ERR,ERR,ERR,ERR,ERR,ERR,ERR,ERR,ERR,ERR,ERR,ERR,ERR,ERR,ERR,ERR,ERR,ERR,-0.0,2.7184525388662284e+23,2.6947940491597406e+23,-0.0,0.0,1.0102718335894212e+20,-1.335562480608346e+18,59572300.0,4300,0,8,17171,4300,14654993596416.0,38,0.0,0.0,-0.0,0.0,-0.0,0,0,0,0,0.0,0,0,0,0,0,0,0,0,0,0,0,0,0,0,0,0,0,0,0,0,0,0,0,0,0,0,0,0,0,0,0,0,0,10,37,37,47,65476,408,65476,1,0,4,21553,0.0,0.0,-2235701248.0,0.0,0.0,0.0,0.0,0.0,0.0,0.0,0.0,0.0,0.0,0.0,0.0,0.0,0.0,0.0,0.0,0.0,0.0,2.004,-0.0,2.004,-2.004,-0.0,0.0,0.0,0.0,0.0,6599.0,2.4230023160510894e+24,0.0,-0.0,2.7184525388662284e+23,0.0,-2.7184509175703625e+23,0.0,0.0,2.004,2.004,226,-4.950401131092143e+32,0.0,0.0,0.0,0.0,0.0,0.0,0.0,0.0,0,0,0,-5.26140727622921e+22,0.0,1.059640228673529e+35,4.323040755226549e+30,3.041917092306965e+27,-0.0,-115486856.0,7.570158330323019e+34,-0.0,-1.6131223712903987e+17,-0.0,573.096,0.0,0.0,0.0,-17749893120.0,0,1.3516416376850534e+27,226,0.0,448,0.0,0.0,2112,26215,17110,13107,17112,26215,17095,0,0,0,101,100,100,-107615200.0,63.05,0.0,63.85,2.730233054771504e+23,63.5,1,49,50,180,13107,26215,0,0,0.0,0.0,0.0,60.0,5.950158156583339e+28,71.0,0.0,0.0,0.0,1071,0,1072,0,0,0,1072,0,1081,0,997,0,636,0,638,0,632,0,674,0.032,5.312662293228351e+21,-0.0,-107615280.0,9744,16814,1.688704795529709e+28,0.0,-1.0851904448437525e+20,111000027136.0,-4.961169551707341e+16,2.3729904546786894e+24,50.0,60.0,35,0.0,0.0,10.0,2.0,0.0,0.0,0.0,0.0,0.0,0.0,0.0,0.0,0.0,0.0,0.0,0.0,58.8,52,12,65510,27,65476,0,300,0,0,8,20529,65476,0,0,30147,60.0,0.0,10.0,10.0,2.0,0.0
2026-02-16T12:02:38,ERR,ERR,ERR,ERR,ERR,ERR,ERR,ERR,ERR,ERR,ERR,ERR,ERR,ERR,ERR,ERR,ERR,ERR,ERR,ERR,ERR,ERR,ERR,ERR,ERR,ERR,ERR,ERR,ERR,ERR,ERR,ERR,ERR,ERR,ERR,ERR,ERR,ERR,ERR,ERR,ERR,ERR,ERR,ERR,ERR,ERR,ERR,ERR,ERR,ERR,ERR,ERR,ERR,ERR,ERR,ERR,ERR,ERR,ERR,ERR,ERR,ERR,ERR,ERR,ERR,ERR,ERR,ERR,ERR,ERR,ERR,ERR,ERR,ERR,ERR,ERR,ERR,ERR,ERR,ERR,ERR,ERR,ERR,ERR,ERR,ERR,ERR,ERR,ERR,ERR,ERR,ERR,ERR,ERR,ERR,ERR,ERR,ERR,ERR,ERR,ERR,ERR,ERR,ERR,ERR,ERR,ERR,ERR,ERR,ERR,ERR,ERR,ERR,ERR,ERR,ERR,ERR,ERR,ERR,ERR,ERR,ERR,ERR,ERR,ERR,-0.0,2.7184525388662284e+23,2.6947940491597406e+23,-0.0,0.0,1.0102718335894212e+20,-1.335562480608346e+18,59572300.0,4300,0,8,17171,4300,14654993596416.0,38,0.0,0.0,-0.0,0.0,-0.0,0,0,0,0,0.0,0,0,0,0,0,0,0,0,0,0,0,0,0,0,0,0,0,0,0,0,0,0,0,0,0,0,0,0,0,0,0,0,0,10,37,37,47,65476,408,65476,1,0,4,21553,0.0,0.0,-2235701248.0,0.0,0.0,0.0,0.0,0.0,0.0,0.0,0.0,0.0,0.0,0.0,0.0,0.0,0.0,0.0,0.0,0.0,0.0,2.004,-0.0,2.004,-2.004,-0.0,0.0,0.0,0.0,0.0,6599.0,2.4230023160510894e+24,0.0,-0.0,2.7184525388662284e+23,0.0,-2.7184509175703625e+23,0.0,0.0,2.004,2.004,226,-4.950401131092143e+32,0.0,0.0,0.0,0.0,0.0,0.0,0.0,0.0,0,0,0,-5.26140727622921e+22,0.0,1.059640228673529e+35,4.323040755226549e+30,3.041917092306965e+27,-0.0,-115486856.0,7.570158330323019e+34,-0.0,-1.6131223712903987e+17,-0.0,573.096,0.0,0.0,0.0,-17749893120.0,0,1.3516416376850534e+27,226,0.0,448,0.0,0.0,2112,26215,17110,13107,17112,26215,17095,0,0,0,101,100,100,-107615200.0,63.05,0.0,63.85,2.730233054771504e+23,63.5,1,49,50,180,13107,26215,0,0,0.0,0.0,0.0,60.0,5.950158156583339e+28,71.0,0.0,0.0,0.0,1071,0,1072,0,0,0,1072,0,1081,0,997,0,636,0,638,0,632,0,674,0.032,5.312662293228351e+21,-0.0,-107615280.0,9744,16814,1.688704795529709e+28,0.0,-1.0851904448437525e+20,111000027136.0,-4.961169551707341e+16,2.3729904546786894e+24,50.0,60.0,35,0.0,0.0,10.0,2.0,0.0,0.0,0.0,0.0,0.0,0.0,0.0,0.0,0.0,0.0,0.0,0.0,58.8,52,12,65510,27,65476,0,300,0,0,8,20529,65476,0,0,30147,60.0,0.0,10.0,10.0,2.0,0.0
2026-02-16T12:02:39,ERR,ERR,ERR,ERR,ERR,ERR,ERR,ERR,ERR,ERR,ERR,ERR,ERR,ERR,ERR,ERR,ERR,ERR,ERR,ERR,ERR,ERR,ERR,ERR,ERR,ERR,ERR,ERR,ERR,ERR,ERR,ERR,ERR,ERR,ERR,ERR,ERR,ERR,ERR,ERR,ERR,ERR,ERR,ERR,ERR,ERR,ERR,ERR,ERR,ERR,ERR,ERR,ERR,ERR,ERR,ERR,ERR,ERR,ERR,ERR,ERR,ERR,ERR,ERR,ERR,ERR,ERR,ERR,ERR,ERR,ERR,ERR,ERR,ERR,ERR,ERR,ERR,ERR,ERR,ERR,ERR,ERR,ERR,ERR,ERR,ERR,ERR,ERR,ERR,ERR,ERR,ERR,ERR,ERR,ERR,ERR,ERR,ERR,ERR,ERR,ERR,ERR,ERR,ERR,ERR,ERR,ERR,ERR,ERR,ERR,ERR,ERR,ERR,ERR,ERR,ERR,ERR,ERR,ERR,ERR,ERR,ERR,ERR,ERR,ERR,-0.0,2.7184525388662284e+23,2.6947940491597406e+23,-0.0,0.0,1.0102718335894212e+20,-1.335562480608346e+18,59572300.0,4300,0,8,17171,4300,14654993596416.0,38,0.0,0.0,-0.0,0.0,-0.0,0,0,0,0,0.0,0,0,0,0,0,0,0,0,0,0,0,0,0,0,0,0,0,0,0,0,0,0,0,0,0,0,0,0,0,0,0,0,0,10,37,37,47,65476,408,65476,1,0,4,21553,0.0,0.0,-2235701248.0,0.0,0.0,0.0,0.0,0.0,0.0,0.0,0.0,0.0,0.0,0.0,0.0,0.0,0.0,0.0,0.0,0.0,0.0,2.004,-0.0,2.004,-2.004,-0.0,0.0,0.0,0.0,0.0,6599.0,2.4230023160510894e+24,0.0,-0.0,2.7184525388662284e+23,0.0,-2.7184509175703625e+23,0.0,0.0,2.004,2.004,226,-4.950401131092143e+32,0.0,0.0,0.0,0.0,0.0,0.0,0.0,0.0,0,0,0,-5.26140727622921e+22,0.0,1.059640228673529e+35,4.323040755226549e+30,3.041917092306965e+27,-0.0,-115486856.0,7.570158330323019e+34,-0.0,-1.6131223712903987e+17,-0.0,573.096,0.0,0.0,0.0,-17749893120.0,0,1.3516416376850534e+27,226,0.0,448,0.0,0.0,2112,26215,17110,13107,17112,26215,17095,0,0,0,101,100,100,-107615200.0,63.05,0.0,63.85,2.730233054771504e+23,63.5,1,49,50,180,13107,26215,0,0,0.0,0.0,0.0,60.0,5.950158156583339e+28,71.0,0.0,0.0,0.0,1071,0,1072,0,0,0,1072,0,1081,0,997,0,636,0,638,0,632,0,674,0.032,5.312662293228351e+21,-0.0,-107615280.0,9744,16814,1.688704795529709e+28,0.0,-1.0851904448437525e+20,111000027136.0,-4.961169551707341e+16,2.3729904546786894e+24,50.0,60.0,35,0.0,0.0,10.0,2.0,0.0,0.0,0.0,0.0,0.0,0.0,0.0,0.0,0.0,0.0,0.0,0.0,58.8,52,12,65510,27,65476,0,300,0,0,8,20529,65476,0,0,30147,60.0,0.0,10.0,10.0,2.0,0.0
2026-02-16T12:02:40,ERR,ERR,ERR,ERR,ERR,ERR,ERR,ERR,ERR,ERR,ERR,ERR,ERR,ERR,ERR,ERR,ERR,ERR,ERR,ERR,ERR,ERR,ERR,ERR,ERR,ERR,ERR,ERR,ERR,ERR,ERR,ERR,ERR,ERR,ERR,ERR,ERR,ERR,ERR,ERR,ERR,ERR,ERR,ERR,ERR,ERR,ERR,ERR,ERR,ERR,ERR,ERR,ERR,ERR,ERR,ERR,ERR,ERR,ERR,ERR,ERR,ERR,ERR,ERR,ERR,ERR,ERR,ERR,ERR,ERR,ERR,ERR,ERR,ERR,ERR,ERR,ERR,ERR,ERR,ERR,ERR,ERR,ERR,ERR,ERR,ERR,ERR,ERR,ERR,ERR,ERR,ERR,ERR,ERR,ERR,ERR,ERR,ERR,ERR,ERR,ERR,ERR,ERR,ERR,ERR,ERR,ERR,ERR,ERR,ERR,ERR,ERR,ERR,ERR,ERR,ERR,ERR,ERR,ERR,ERR,ERR,ERR,ERR,ERR,ERR,-107615888.0,-0.0,2.718405881574089e+23,-0.0,0.0,0.0,-0.0,2.9959613087149466e+36,4300,0,8,17171,4300,14654993596416.0,39,0.0,0.0,-0.0,0.0,2.7184166902131945e+23,0,0,0,0,0.0,0,0,0,0,0,0,0,0,0,0,0,0,0,0,0,0,0,0,0,0,0,0,0,0,0,0,0,0,0,0,0,0,0,10,37,37,47,65476,408,65476,1,0,4,21553,0.0,-0.0,-15.954,0.0,0.0,0.0,0.0,0.0,0.0,0.0,0.0,0.0,0.0,0.0,0.0,0.0,0.0,0.0,0.0,0.0,0.0,2.004,-2.004,3.697081460117733e+19,-2.004,-0.0,0.0,0.0,0.0,0.0,6602.0,-0.0,0.0,-107615888.0,-0.0,0.0,-0.0,-0.0,0.0,2.004,2.004,225,0.0,0.0,0.0,0.0,0.0,0.0,0.0,0.0,0.0,0,0,0,-101849638109184.0,-0.0,5.973393144152354e+29,8.056425634338458e+34,6.9142359955935485e+22,-0.0,-71970952.0,0.583,-0.0,-1.7482303601115136e+17,-0.0,629.096,0.0,0.0,0.0,-1.9945266184221276e+21,0,1.3516416376850534e+27,225,0.0,450,-74360974999552.0,4.538271724008914e+24,2112,26215,17110,13107,17112,26215,17095,0,0,0,101,100,100,-107615200.0,63.05,0.0,63.85,2.730233054771504e+23,63.5,1,49,50,180,13107,26215,0,0,0.0,0.0,0.0,60.0,5.950158156583339e+28,71.0,0.0,0.0,0.0,1071,0,1072,0,0,0,1072,0,1081,0,997,0,636,0,638,0,632,0,674,0.032,5.312662293228351e+21,-0.0,-107615280.0,9744,16814,1.688704795529709e+28,0.0,-1.0851904448437525e+20,111000027136.0,-4.961169551707341e+16,2.3729904546786894e+24,50.0,60.0,35,0.0,0.0,10.0,2.0,0.0,0.0,0.0,0.0,0.0,0.0,0.0,0.0,0.0,0.0,0.0,0.0,58.8,52,12,65510,27,65476,0,300,0,0,8,20529,65476,0,0,30147,60.0,0.0,10.0,10.0,2.0,0.0
2026-02-16T12:02:41,ERR,ERR,ERR,ERR,ERR,ERR,ERR,ERR,ERR,ERR,ERR,ERR,ERR,ERR,ERR,ERR,ERR,ERR,ERR,ERR,ERR,ERR,ERR,ERR,ERR,ERR,ERR,ERR,ERR,ERR,ERR,ERR,ERR,ERR,ERR,ERR,ERR,ERR,ERR,ERR,ERR,ERR,ERR,ERR,ERR,ERR,ERR,ERR,ERR,ERR,ERR,ERR,ERR,ERR,ERR,ERR,ERR,ERR,ERR,ERR,ERR,ERR,ERR,ERR,ERR,ERR,ERR,ERR,ERR,ERR,ERR,ERR,ERR,ERR,ERR,ERR,ERR,ERR,ERR,ERR,ERR,ERR,ERR,ERR,ERR,ERR,ERR,ERR,ERR,ERR,ERR,ERR,ERR,ERR,ERR,ERR,ERR,ERR,ERR,ERR,ERR,ERR,ERR,ERR,ERR,ERR,ERR,ERR,ERR,ERR,ERR,ERR,ERR,ERR,ERR,ERR,ERR,ERR,ERR,ERR,ERR,ERR,ERR,ERR,ERR,-107615888.0,-0.0,2.718405881574089e+23,-0.0,0.0,0.0,-0.0,2.9959613087149466e+36,4300,0,8,17171,4300,14654993596416.0,39,0.0,0.0,-0.0,0.0,2.7184166902131945e+23,0,0,0,0,0.0,0,0,0,0,0,0,0,0,0,0,0,0,0,0,0,0,0,0,0,0,0,0,0,0,0,0,0,0,0,0,0,0,0,10,37,37,47,65476,408,65476,1,0,4,21553,0.0,-0.0,-15.954,0.0,0.0,0.0,0.0,0.0,0.0,0.0,0.0,0.0,0.0,0.0,0.0,0.0,0.0,0.0,0.0,0.0,0.0,2.004,-2.004,3.697081460117733e+19,-2.004,-0.0,0.0,0.0,0.0,0.0,6602.0,-0.0,0.0,-107615888.0,-0.0,0.0,-0.0,-0.0,0.0,2.004,2.004,225,0.0,0.0,0.0,0.0,0.0,0.0,0.0,0.0,0.0,0,0,0,-101849638109184.0,-0.0,5.973393144152354e+29,8.056425634338458e+34,6.9142359955935485e+22,-0.0,-71970952.0,0.583,-0.0,-1.7482303601115136e+17,-0.0,629.096,0.0,0.0,0.0,-1.9945266184221276e+21,0,1.3516416376850534e+27,225,0.0,450,-74360974999552.0,4.538271724008914e+24,2112,26215,17110,13107,17112,26215,17095,0,0,0,101,100,100,-107615200.0,63.05,0.0,63.85,2.730233054771504e+23,63.5,1,49,50,180,13107,26215,0,0,0.0,0.0,0.0,60.0,1830897408.0,71.0,0.0,-0.0,0.0,1071,0,1072,0,0,0,1072,0,1081,0,997,0,636,0,638,0,632,0,673,0.032,6.198106008766409e+21,2.004,-0.0,63120,16813,54772166033408.0,-0.0,-4.060291571436749e+16,2.2479017860781723e+25,-17062841344.0,4.273019284690987e+19,50.0,60.0,35,0.0,0.0,10.0,2.0,0.0,0.0,0.0,0.0,0.0,0.0,0.0,0.0,0.0,0.0,0.0,0.0,59.2,52,12,65510,27,65476,0,300,0,0,8,20529,65476,0,0,30147,60.0,0.0,10.0,10.0,2.0,0.0
2026-02-16T12:02:42,ERR,ERR,ERR,ERR,ERR,ERR,ERR,ERR,ERR,ERR,ERR,ERR,ERR,ERR,ERR,ERR,ERR,ERR,ERR,ERR,ERR,ERR,ERR,ERR,ERR,ERR,ERR,ERR,ERR,ERR,ERR,ERR,ERR,ERR,ERR,ERR,ERR,ERR,ERR,ERR,ERR,ERR,ERR,ERR,ERR,ERR,ERR,ERR,ERR,ERR,ERR,ERR,ERR,ERR,ERR,ERR,ERR,ERR,ERR,ERR,ERR,ERR,ERR,ERR,ERR,ERR,ERR,ERR,ERR,ERR,ERR,ERR,ERR,ERR,ERR,ERR,ERR,ERR,ERR,ERR,ERR,ERR,ERR,ERR,ERR,ERR,ERR,ERR,ERR,ERR,ERR,ERR,ERR,ERR,ERR,ERR,ERR,ERR,ERR,ERR,ERR,ERR,ERR,ERR,ERR,ERR,ERR,ERR,ERR,ERR,ERR,ERR,ERR,ERR,ERR,ERR,ERR,ERR,ERR,ERR,ERR,ERR,ERR,ERR,ERR,-107615888.0,-0.0,2.718405881574089e+23,-0.0,0.0,0.0,-0.0,2.9959613087149466e+36,4300,0,8,17171,4300,14654993596416.0,39,0.0,0.0,-0.0,0.0,2.7184166902131945e+23,0,0,0,0,0.0,0,0,0,0,0,0,0,0,0,0,0,0,0,0,0,0,0,0,0,0,0,0,0,0,0,0,0,0,0,0,0,0,0,10,37,37,47,65476,408,65476,1,0,4,21553,0.0,-0.0,-15.954,0.0,0.0,0.0,0.0,0.0,0.0,0.0,0.0,0.0,0.0,0.0,0.0,0.0,0.0,0.0,0.0,0.0,0.0,2.004,-2.004,3.697081460117733e+19,-2.004,-0.0,0.0,0.0,0.0,0.0,6602.0,-0.0,0.0,-107615888.0,-0.0,0.0,-0.0,-0.0,0.0,2.004,2.004,225,0.0,0.0,0.0,0.0,0.0,0.0,0.0,0.0,0.0,0,0,0,-101849638109184.0,-0.0,5.973393144152354e+29,8.056425634338458e+34,6.9142359955935485e+22,-0.0,-71970952.0,0.583,-0.0,-1.7482303601115136e+17,-0.0,629.096,0.0,0.0,0.0,-1.9945266184221276e+21,0,1.3516416376850534e+27,225,0.0,450,-74360974999552.0,4.538271724008914e+24,2112,26215,17110,13107,17112,26215,17095,0,0,0,101,100,100,-107615200.0,63.05,0.0,63.85,2.730233054771504e+23,63.5,1,49,50,180,13107,26215,0,0,0.0,0.0,0.0,60.0,1830897408.0,71.0,0.0,-0.0,0.0,1071,0,1072,0,0,0,1072,0,1081,0,997,0,636,0,638,0,632,0,673,0.032,6.198106008766409e+21,2.004,-0.0,63120,16813,54772166033408.0,-0.0,-4.060291571436749e+16,2.2479017860781723e+25,-17062841344.0,4.273019284690987e+19,50.0,60.0,35,0.0,0.0,10.0,2.0,0.0,0.0,0.0,0.0,0.0,0.0,0.0,0.0,0.0,0.0,0.0,0.0,58.8,52,13,65511,27,65476,0,300,0,0,8,20529,65476,0,0,30147,60.0,0.0,10.0,10.0,2.0,0.0
2026-02-16T12:02:43,ERR,ERR,ERR,ERR,ERR,ERR,ERR,ERR,ERR,ERR,ERR,ERR,ERR,ERR,ERR,ERR,ERR,ERR,ERR,ERR,ERR,ERR,ERR,ERR,ERR,ERR,ERR,ERR,ERR,ERR,ERR,ERR,ERR,ERR,ERR,ERR,ERR,ERR,ERR,ERR,ERR,ERR,ERR,ERR,ERR,ERR,ERR,ERR,ERR,ERR,ERR,ERR,ERR,ERR,ERR,ERR,ERR,ERR,ERR,ERR,ERR,ERR,ERR,ERR,ERR,ERR,ERR,ERR,ERR,ERR,ERR,ERR,ERR,ERR,ERR,ERR,ERR,ERR,ERR,ERR,ERR,ERR,ERR,ERR,ERR,ERR,ERR,ERR,ERR,ERR,ERR,ERR,ERR,ERR,ERR,ERR,ERR,ERR,ERR,ERR,ERR,ERR,ERR,ERR,ERR,ERR,ERR,ERR,ERR,ERR,ERR,ERR,ERR,ERR,ERR,ERR,ERR,ERR,ERR,ERR,ERR,ERR,ERR,ERR,ERR,-107615888.0,-0.0,2.718405881574089e+23,-0.0,0.0,0.0,-0.0,2.9959613087149466e+36,4300,0,8,17171,4300,14654993596416.0,39,0.0,0.0,-0.0,0.0,2.7184166902131945e+23,0,0,0,0,0.0,0,0,0,0,0,0,0,0,0,0,0,0,0,0,0,0,0,0,0,0,0,0,0,0,0,0,0,0,0,0,0,0,0,10,37,37,47,65476,408,65476,1,0,4,21553,0.0,-0.0,-15.954,0.0,0.0,0.0,0.0,0.0,0.0,0.0,0.0,0.0,0.0,0.0,0.0,0.0,0.0,0.0,0.0,0.0,0.0,2.004,-2.004,3.697081460117733e+19,-2.004,-0.0,0.0,0.0,0.0,0.0,6602.0,-0.0,0.0,-107615888.0,-0.0,0.0,-0.0,-0.0,0.0,2.004,2.004,225,0.0,0.0,0.0,0.0,0.0,0.0,0.0,0.0,0.0,0,0,0,-101849638109184.0,-0.0,5.973393144152354e+29,8.056425634338458e+34,6.9142359955935485e+22,-0.0,-71970952.0,0.583,-0.0,-1.7482303601115136e+17,-0.0,629.096,0.0,0.0,0.0,-1.9945266184221276e+21,0,1.3516416376850534e+27,225,0.0,450,-74360974999552.0,4.538271724008914e+24,2112,26215,17110,13107,17112,26215,17095,0,0,0,101,100,100,-107615200.0,63.05,0.0,63.85,2.730233054771504e+23,63.5,1,49,50,180,13107,26215,0,0,0.0,0.0,0.0,60.0,1830897408.0,71.0,0.0,-0.0,0.0,1071,0,1072,0,0,0,1072,0,1081,0,997,0,636,0,638,0,632,0,673,0.032,6.198106008766409e+21,2.004,-0.0,63120,16813,54772166033408.0,-0.0,-4.060291571436749e+16,2.2479017860781723e+25,-17062841344.0,4.273019284690987e+19,50.0,60.0,35,0.0,0.0,10.0,2.0,0.0,0.0,0.0,0.0,0.0,0.0,0.0,0.0,0.0,0.0,0.0,0.0,58.8,52,13,65511,27,65476,0,300,0,0,8,20529,65476,0,0,30147,60.0,0.0,10.0,10.0,2.0,0.0
2026-02-16T12:02:44,ERR,ERR,ERR,ERR,ERR,ERR,ERR,ERR,ERR,ERR,ERR,ERR,ERR,ERR,ERR,ERR,ERR,ERR,ERR,ERR,ERR,ERR,ERR,ERR,ERR,ERR,ERR,ERR,ERR,ERR,ERR,ERR,ERR,ERR,ERR,ERR,ERR,ERR,ERR,ERR,ERR,ERR,ERR,ERR,ERR,ERR,ERR,ERR,ERR,ERR,ERR,ERR,ERR,ERR,ERR,ERR,ERR,ERR,ERR,ERR,ERR,ERR,ERR,ERR,ERR,ERR,ERR,ERR,ERR,ERR,ERR,ERR,ERR,ERR,ERR,ERR,ERR,ERR,ERR,ERR,ERR,ERR,ERR,ERR,ERR,ERR,ERR,ERR,ERR,ERR,ERR,ERR,ERR,ERR,ERR,ERR,ERR,ERR,ERR,ERR,ERR,ERR,ERR,ERR,ERR,ERR,ERR,ERR,ERR,ERR,ERR,ERR,ERR,ERR,ERR,ERR,ERR,ERR,ERR,ERR,ERR,ERR,ERR,ERR,ERR,-107615888.0,-0.0,2.718405881574089e+23,-0.0,0.0,2.1653916137839133e+19,-1.0767950303513805e+17,263455024.0,4300,0,8,17170,4300,14654993596416.0,38,0.0,0.0,-0.0,0.0,2.7184166902131945e+23,0,0,0,0,0.0,0,0,0,0,0,0,0,0,0,0,0,0,0,0,0,0,0,0,0,0,0,0,0,0,0,0,0,0,0,0,0,0,0,10,37,37,47,65476,408,65476,1,0,4,21553,0.0,2.7183305813883192e+23,-1.3661658660989294e+27,0.0,0.0,0.0,0.0,0.0,0.0,0.0,0.0,0.0,0.0,0.0,0.0,0.0,0.0,0.0,0.0,0.0,0.0,2.004,-2.004,3.697081460117733e+19,-2.004,2.004,0.0,0.0,0.0,0.0,6605.0,-0.0,0.0,-107615888.0,-0.0,0.0,-0.0,0.0,0.0,2.004,2.004,224,126840537088.0,0.0,0.0,0.0,0.0,0.0,0.0,0.0,0.0,0,0,0,-0.138,-0.0,432209920000.0,0.0,1607790.0,-1.6625143019208704e+16,0.0,-1049146753024.0,0.0,-1.8833383489326285e+17,-0.0,673.096,0.0,0.0,0.0,-0.0,0,1.3516416376850534e+27,224,0.0,448,-0.0,0.0,2112,26215,17110,13107,17112,26215,17095,0,0,0,101,100,100,-107615200.0,63.05,0.0,63.85,2.730233054771504e+23,63.5,1,49,50,180,13107,26215,0,0,0.0,0.0,0.0,60.0,3460468224.0,71.0,0.0,-0.0,0.0,1071,0,1072,0,0,0,1072,0,1081,0,997,0,636,0,638,0,632,0,673,0.032,6.16121252061899e+21,2.004,-0.0,11664,16814,2201310057201664.0,3.6986987042832384e+17,-262.501,-0.0,-0.0,82968648.0,50.0,60.0,35,0.0,0.0,10.0,2.0,0.0,0.0,0.0,0.0,0.0,0.0,0.0,0.0,0.0,0.0,0.0,0.0,58.8,52,13,65511,27,65476,0,300,0,0,8,20529,65476,0,0,30147,60.0,0.0,10.0,10.0,2.0,0.0
2026-02-16T12:02:45,ERR,ERR,ERR,ERR,ERR,ERR,ERR,ERR,ERR,ERR,ERR,ERR,ERR,ERR,ERR,ERR,ERR,ERR,ERR,ERR,ERR,ERR,ERR,ERR,ERR,ERR,ERR,ERR,ERR,ERR,ERR,ERR,ERR,ERR,ERR,ERR,ERR,ERR,ERR,ERR,ERR,ERR,ERR,ERR,ERR,ERR,ERR,ERR,ERR,ERR,ERR,ERR,ERR,ERR,ERR,ERR,ERR,ERR,ERR,ERR,ERR,ERR,ERR,ERR,ERR,ERR,ERR,ERR,ERR,ERR,ERR,ERR,ERR,ERR,ERR,ERR,ERR,ERR,ERR,ERR,ERR,ERR,ERR,ERR,ERR,ERR,ERR,ERR,ERR,ERR,ERR,ERR,ERR,ERR,ERR,ERR,ERR,ERR,ERR,ERR,ERR,ERR,ERR,ERR,ERR,ERR,ERR,ERR,ERR,ERR,ERR,ERR,ERR,ERR,ERR,ERR,ERR,ERR,ERR,ERR,ERR,ERR,ERR,ERR,ERR,-107615888.0,-0.0,2.718405881574089e+23,-0.0,0.0,2.1653916137839133e+19,-1.0767950303513805e+17,263455024.0,4300,0,8,17170,4300,14654993596416.0,38,0.0,0.0,-0.0,0.0,2.7184166902131945e+23,0,0,0,0,0.0,0,0,0,0,0,0,0,0,0,0,0,0,0,0,0,0,0,0,0,0,0,0,0,0,0,0,0,0,0,0,0,0,0,10,37,37,47,65476,408,65476,1,0,4,21553,0.0,2.7183305813883192e+23,-1.3661658660989294e+27,0.0,0.0,0.0,0.0,0.0,0.0,0.0,0.0,0.0,0.0,0.0,0.0,0.0,0.0,0.0,0.0,0.0,0.0,2.004,-2.004,3.697081460117733e+19,-2.004,2.004,0.0,0.0,0.0,0.0,6605.0,-0.0,0.0,-107615888.0,-0.0,0.0,-0.0,0.0,0.0,2.004,2.004,224,126840537088.0,0.0,0.0,0.0,0.0,0.0,0.0,0.0,0.0,0,0,0,-0.138,-0.0,432209920000.0,0.0,1607790.0,-1.6625143019208704e+16,0.0,-1049146753024.0,0.0,-1.8833383489326285e+17,-0.0,673.096,0.0,0.0,0.0,-0.0,0,1.3516416376850534e+27,224,0.0,448,-0.0,0.0,2112,26215,17110,13107,17112,26215,17095,0,0,0,101,100,100,-107615200.0,63.05,0.0,63.85,2.730233054771504e+23,63.5,1,49,50,180,13107,26215,0,0,0.0,0.0,0.0,60.0,3460468224.0,71.0,0.0,-0.0,0.0,1071,0,1072,0,0,0,1072,0,1081,0,997,0,636,0,638,0,632,0,673,0.032,6.16121252061899e+21,2.004,-0.0,11664,16814,2201310057201664.0,3.6986987042832384e+17,-262.501,-0.0,-0.0,82968648.0,50.0,60.0,35,0.0,0.0,10.0,2.0,0.0,0.0,0.0,0.0,0.0,0.0,0.0,0.0,0.0,0.0,0.0,0.0,58.8,52,13,65511,27,65476,0,300,0,0,8,20529,65476,0,0,30147,60.0,0.0,10.0,10.0,2.0,0.0
2026-02-16T12:02:46,ERR,ERR,ERR,ERR,ERR,ERR,ERR,ERR,ERR,ERR,ERR,ERR,ERR,ERR,ERR,ERR,ERR,ERR,ERR,ERR,ERR,ERR,ERR,ERR,ERR,ERR,ERR,ERR,ERR,ERR,ERR,ERR,ERR,ERR,ERR,ERR,ERR,ERR,ERR,ERR,ERR,ERR,ERR,ERR,ERR,ERR,ERR,ERR,ERR,ERR,ERR,ERR,ERR,ERR,ERR,ERR,ERR,ERR,ERR,ERR,ERR,ERR,ERR,ERR,ERR,ERR,ERR,ERR,ERR,ERR,ERR,ERR,ERR,ERR,ERR,ERR,ERR,ERR,ERR,ERR,ERR,ERR,ERR,ERR,ERR,ERR,ERR,ERR,ERR,ERR,ERR,ERR,ERR,ERR,ERR,ERR,ERR,ERR,ERR,ERR,ERR,ERR,ERR,ERR,ERR,ERR,ERR,ERR,ERR,ERR,ERR,ERR,ERR,ERR,ERR,ERR,ERR,ERR,ERR,ERR,ERR,ERR,ERR,ERR,ERR,-107615888.0,-0.0,2.718405881574089e+23,-0.0,0.0,2.1653916137839133e+19,-1.0767950303513805e+17,263455024.0,4300,0,8,17170,4300,14654993596416.0,38,0.0,0.0,-0.0,0.0,2.7184166902131945e+23,0,0,0,0,0.0,0,0,0,0,0,0,0,0,0,0,0,0,0,0,0,0,0,0,0,0,0,0,0,0,0,0,0,0,0,0,0,0,0,10,37,37,47,65476,408,65476,1,0,4,21553,0.0,2.7183305813883192e+23,-1.3661658660989294e+27,0.0,0.0,0.0,0.0,0.0,0.0,0.0,0.0,0.0,0.0,0.0,0.0,0.0,0.0,0.0,0.0,0.0,0.0,2.004,-2.004,3.697081460117733e+19,-2.004,2.004,0.0,0.0,0.0,0.0,6605.0,-0.0,0.0,-107615888.0,-0.0,0.0,-0.0,0.0,0.0,2.004,2.004,224,126840537088.0,0.0,0.0,0.0,0.0,0.0,0.0,0.0,0.0,0,0,0,-0.138,-0.0,432209920000.0,0.0,1607790.0,-1.6625143019208704e+16,0.0,-1049146753024.0,0.0,-1.8833383489326285e+17,-0.0,673.096,0.0,0.0,0.0,-0.0,0,1.3516416376850534e+27,224,0.0,448,-0.0,0.0,2112,26215,17110,13107,17112,26215,17095,0,0,0,101,100,100,-107615200.0,63.05,0.0,63.85,2.730233054771504e+23,63.5,1,49,50,180,13107,26215,0,0,0.0,0.0,0.0,60.0,3460468224.0,71.0,0.0,-0.0,0.0,1071,0,1072,0,0,0,1072,0,1081,0,997,0,636,0,638,0,632,0,673,0.032,6.16121252061899e+21,2.004,-0.0,11664,16814,2201310057201664.0,3.6986987042832384e+17,-262.501,-0.0,-0.0,82968648.0,50.0,60.0,35,0.0,0.0,10.0,2.0,0.0,0.0,0.0,0.0,0.0,0.0,0.0,0.0,0.0,0.0,0.0,0.0,58.8,52,13,65511,27,65476,0,300,0,0,8,20529,65476,0,0,30147,60.0,0.0,10.0,10.0,2.0,0.0
2026-02-16T12:02:47,ERR,ERR,ERR,ERR,ERR,ERR,ERR,ERR,ERR,ERR,ERR,ERR,ERR,ERR,ERR,ERR,ERR,ERR,ERR,ERR,ERR,ERR,ERR,ERR,ERR,ERR,ERR,ERR,ERR,ERR,ERR,ERR,ERR,ERR,ERR,ERR,ERR,ERR,ERR,ERR,ERR,ERR,ERR,ERR,ERR,ERR,ERR,ERR,ERR,ERR,ERR,ERR,ERR,ERR,ERR,ERR,ERR,ERR,ERR,ERR,ERR,ERR,ERR,ERR,ERR,ERR,ERR,ERR,ERR,ERR,ERR,ERR,ERR,ERR,ERR,ERR,ERR,ERR,ERR,ERR,ERR,ERR,ERR,ERR,ERR,ERR,ERR,ERR,ERR,ERR,ERR,ERR,ERR,ERR,ERR,ERR,ERR,ERR,ERR,ERR,ERR,ERR,ERR,ERR,ERR,ERR,ERR,ERR,ERR,ERR,ERR,ERR,ERR,ERR,ERR,ERR,ERR,ERR,ERR,ERR,ERR,ERR,ERR,ERR,ERR,-107615888.0,-0.0,2.718405881574089e+23,-0.0,0.0,2.1653916137839133e+19,-1.0767950303513805e+17,263455024.0,4300,0,8,17170,4300,14654993596416.0,38,0.0,0.0,-0.0,0.0,2.7184166902131945e+23,0,0,0,0,0.0,0,0,0,0,0,0,0,0,0,0,0,0,0,0,0,0,0,0,0,0,0,0,0,0,0,0,0,0,0,0,0,0,0,10,37,37,47,65476,408,65476,1,0,4,21553,0.0,2.7183305813883192e+23,-1.3661658660989294e+27,0.0,0.0,0.0,0.0,0.0,0.0,0.0,0.0,0.0,0.0,0.0,0.0,0.0,0.0,0.0,0.0,0.0,0.0,2.004,-2.004,3.697081460117733e+19,-2.004,2.004,0.0,0.0,0.0,0.0,6605.0,-0.0,0.0,-107615888.0,-0.0,0.0,-0.0,0.0,0.0,2.004,2.004,224,126840537088.0,0.0,0.0,0.0,0.0,0.0,0.0,0.0,0.0,0,0,0,-0.138,-0.0,432209920000.0,0.0,1607790.0,-1.6625143019208704e+16,0.0,-1049146753024.0,0.0,-1.8833383489326285e+17,-0.0,673.096,0.0,0.0,0.0,-0.0,0,1.3516416376850534e+27,224,0.0,448,-0.0,0.0,2112,26215,17110,13107,17112,26215,17095,0,0,0,101,100,100,-107615200.0,63.05,0.0,63.85,2.730233054771504e+23,63.5,1,49,50,180,13107,26215,0,0,0.0,0.0,0.0,60.0,3460468224.0,71.0,0.0,-0.0,0.0,1071,0,1072,0,0,0,1072,0,1081,0,997,0,636,0,638,0,632,0,673,0.032,6.16121252061899e+21,2.004,-0.0,11664,16814,2201310057201664.0,3.6986987042832384e+17,-262.501,-0.0,-0.0,82968648.0,50.0,60.0,35,0.0,0.0,10.0,2.0,0.0,0.0,0.0,0.0,0.0,0.0,0.0,0.0,0.0,0.0,0.0,0.0,58.8,52,13,65511,27,65476,0,300,0,0,8,20529,65476,0,0,30147,60.0,0.0,10.0,10.0,2.0,0.0
2026-02-16T12:02:48,ERR,ERR,ERR,ERR,ERR,ERR,ERR,ERR,ERR,ERR,ERR,ERR,ERR,ERR,ERR,ERR,ERR,ERR,ERR,ERR,ERR,ERR,ERR,ERR,ERR,ERR,ERR,ERR,ERR,ERR,ERR,ERR,ERR,ERR,ERR,ERR,ERR,ERR,ERR,ERR,ERR,ERR,ERR,ERR,ERR,ERR,ERR,ERR,ERR,ERR,ERR,ERR,ERR,ERR,ERR,ERR,ERR,ERR,ERR,ERR,ERR,ERR,ERR,ERR,ERR,ERR,ERR,ERR,ERR,ERR,ERR,ERR,ERR,ERR,ERR,ERR,ERR,ERR,ERR,ERR,ERR,ERR,ERR,ERR,ERR,ERR,ERR,ERR,ERR,ERR,ERR,ERR,ERR,ERR,ERR,ERR,ERR,ERR,ERR,ERR,ERR,ERR,ERR,ERR,ERR,ERR,ERR,ERR,ERR,ERR,ERR,ERR,ERR,ERR,ERR,ERR,ERR,ERR,ERR,ERR,ERR,ERR,ERR,ERR,ERR,-107615888.0,-0.0,2.718405881574089e+23,-0.0,0.0,2.1653916137839133e+19,-1.0767950303513805e+17,263455024.0,4300,0,8,17170,4300,14654993596416.0,38,0.0,0.0,-0.0,0.0,2.7184166902131945e+23,0,0,0,0,0.0,0,0,0,0,0,0,0,0,0,0,0,0,0,0,0,0,0,0,0,0,0,0,0,0,0,0,0,0,0,0,0,0,0,10,37,37,47,65476,408,65476,1,0,4,21553,0.0,2.7183305813883192e+23,-1.3661658660989294e+27,0.0,0.0,0.0,0.0,0.0,0.0,0.0,0.0,0.0,0.0,0.0,0.0,0.0,0.0,0.0,0.0,0.0,0.0,2.004,-2.004,3.697081460117733e+19,-2.004,2.004,0.0,0.0,0.0,0.0,6605.0,-0.0,0.0,-107615888.0,-0.0,0.0,-0.0,0.0,0.0,2.004,2.004,224,126840537088.0,0.0,0.0,0.0,0.0,0.0,0.0,0.0,0.0,0,0,0,-0.138,-0.0,432209920000.0,0.0,1607790.0,-1.6625143019208704e+16,0.0,-1049146753024.0,0.0,-1.8833383489326285e+17,-0.0,673.096,0.0,0.0,0.0,-0.0,0,1.3516416376850534e+27,224,0.0,448,-0.0,0.0,2112,26215,17110,13107,17112,26215,17095,0,0,0,101,100,100,-107615200.0,63.05,0.0,63.85,2.730233054771504e+23,63.5,1,49,50,180,13107,26215,0,0,0.0,0.0,0.0,60.0,1771759730688.0,71.0,0.0,0.0,0.0,1071,0,1072,0,0,0,1072,0,1081,0,997,0,636,0,638,0,632,0,673,0.032,6.16121252061899e+21,2.004,-0.0,10896,16814,1771759730688.0,0.0,1.3918857750382678e+33,1.3732919586267539e+25,1.1045355025617388e+18,0.0,50.0,60.0,35,0.0,0.0,10.0,2.0,0.0,0.0,0.0,0.0,0.0,0.0,0.0,0.0,0.0,0.0,0.0,0.0,58.8,52,13,65511,27,65476,0,300,0,0,8,20529,65476,0,0,30147,60.0,0.0,10.0,10.0,2.0,0.0
2026-02-16T12:02:49,ERR,ERR,ERR,ERR,ERR,ERR,ERR,ERR,ERR,ERR,ERR,ERR,ERR,ERR,ERR,ERR,ERR,ERR,ERR,ERR,ERR,ERR,ERR,ERR,ERR,ERR,ERR,ERR,ERR,ERR,ERR,ERR,ERR,ERR,ERR,ERR,ERR,ERR,ERR,ERR,ERR,ERR,ERR,ERR,ERR,ERR,ERR,ERR,ERR,ERR,ERR,ERR,ERR,ERR,ERR,ERR,ERR,ERR,ERR,ERR,ERR,ERR,ERR,ERR,ERR,ERR,ERR,ERR,ERR,ERR,ERR,ERR,ERR,ERR,ERR,ERR,ERR,ERR,ERR,ERR,ERR,ERR,ERR,ERR,ERR,ERR,ERR,ERR,ERR,ERR,ERR,ERR,ERR,ERR,ERR,ERR,ERR,ERR,ERR,ERR,ERR,ERR,ERR,ERR,ERR,ERR,ERR,ERR,ERR,ERR,ERR,ERR,ERR,ERR,ERR,ERR,ERR,ERR,ERR,ERR,ERR,ERR,ERR,ERR,ERR,-107615888.0,-0.0,2.718405881574089e+23,-0.0,0.0,-0.0,0.0,0.0,4300,0,8,17171,4300,14654993596416.0,38,0.0,0.0,-0.0,0.0,2.7184166902131945e+23,0,0,0,0,0.0,0,0,0,0,0,0,0,0,0,0,0,0,0,0,0,0,0,0,0,0,0,0,0,0,0,0,0,0,0,0,0,0,0,9,38,37,47,65476,408,65476,1,0,4,21553,0.0,0.0,-4.3824703395929843e+30,0.0,0.0,0.0,0.0,0.0,0.0,0.0,0.0,0.0,0.0,0.0,0.0,0.0,0.0,0.0,0.0,0.0,0.0,2.004,-2.004,-0.0,-2.004,2.004,0.0,0.0,0.0,0.0,6606.0,-0.0,0.0,-107615888.0,-0.0,0.0,-0.0,-0.0,0.0,2.004,2.004,224,0.059,71.63,0.0,0.0,0.0,0.0,0.0,0.0,0.0,0,0,0,-2.3825605678580547e+24,7.297754433381091e+22,4.162386205563151e+34,4.883,4.8579426778361474e+30,0.0,-0.0,0.0,2643656792080384.0,-2.0297053368221696e+17,-0.0,729.096,0.0,0.0,0.0,-2.0696805497938635e+22,0,1.3516416376850534e+27,224,0.0,448,0.0,4.6893839926962287e+24,2112,26215,17110,13107,17112,26215,17095,0,0,0,101,100,100,-107615200.0,63.05,0.0,63.85,2.730233054771504e+23,63.5,1,49,50,180,13107,26215,0,0,0.0,0.0,0.0,60.0,1771759730688.0,71.0,0.0,0.0,0.0,1071,0,1072,0,0,0,1072,0,1081,0,997,0,636,0,638,0,632,0,673,0.032,6.16121252061899e+21,2.004,-0.0,10896,16814,1771759730688.0,0.0,1.3918857750382678e+33,1.3732919586267539e+25,1.1045355025617388e+18,0.0,50.0,60.0,35,0.0,0.0,10.0,2.0,0.0,0.0,0.0,0.0,0.0,0.0,0.0,0.0,0.0,0.0,0.0,0.0,58.8,52,13,65511,27,65476,0,300,0,0,8,20529,65476,0,0,30147,60.0,0.0,10.0,10.0,2.0,0.0
2026-02-16T12:02:50,ERR,ERR,ERR,ERR,ERR,ERR,ERR,ERR,ERR,ERR,ERR,ERR,ERR,ERR,ERR,ERR,ERR,ERR,ERR,ERR,ERR,ERR,ERR,ERR,ERR,ERR,ERR,ERR,ERR,ERR,ERR,ERR,ERR,ERR,ERR,ERR,ERR,ERR,ERR,ERR,ERR,ERR,ERR,ERR,ERR,ERR,ERR,ERR,ERR,ERR,ERR,ERR,ERR,ERR,ERR,ERR,ERR,ERR,ERR,ERR,ERR,ERR,ERR,ERR,ERR,ERR,ERR,ERR,ERR,ERR,ERR,ERR,ERR,ERR,ERR,ERR,ERR,ERR,ERR,ERR,ERR,ERR,ERR,ERR,ERR,ERR,ERR,ERR,ERR,ERR,ERR,ERR,ERR,ERR,ERR,ERR,ERR,ERR,ERR,ERR,ERR,ERR,ERR,ERR,ERR,ERR,ERR,ERR,ERR,ERR,ERR,ERR,ERR,ERR,ERR,ERR,ERR,ERR,ERR,ERR,ERR,ERR,ERR,ERR,ERR,-107615888.0,-0.0,2.718405881574089e+23,-0.0,0.0,-0.0,0.0,0.0,4300,0,8,17171,4300,14654993596416.0,38,0.0,0.0,-0.0,0.0,2.7184166902131945e+23,0,0,0,0,0.0,0,0,0,0,0,0,0,0,0,0,0,0,0,0,0,0,0,0,0,0,0,0,0,0,0,0,0,0,0,0,0,0,0,9,38,37,47,65476,408,65476,1,0,4,21553,0.0,0.0,-4.3824703395929843e+30,0.0,0.0,0.0,0.0,0.0,0.0,0.0,0.0,0.0,0.0,0.0,0.0,0.0,0.0,0.0,0.0,0.0,0.0,2.004,-2.004,-0.0,-2.004,2.004,0.0,0.0,0.0,0.0,6606.0,-0.0,0.0,-107615888.0,-0.0,0.0,-0.0,-0.0,0.0,2.004,2.004,224,0.059,71.63,0.0,0.0,0.0,0.0,0.0,0.0,0.0,0,0,0,-2.3825605678580547e+24,7.297754433381091e+22,4.162386205563151e+34,4.883,4.8579426778361474e+30,0.0,-0.0,0.0,2643656792080384.0,-2.0297053368221696e+17,-0.0,729.096,0.0,0.0,0.0,-2.0696805497938635e+22,0,1.3516416376850534e+27,224,0.0,448,0.0,4.6893839926962287e+24,2112,26215,17110,13107,17112,26215,17095,0,0,0,101,100,100,-107615200.0,63.05,0.0,63.85,2.730233054771504e+23,63.5,1,49,50,180,13107,26215,0,0,0.0,0.0,0.0,60.0,1771759730688.0,71.0,0.0,0.0,0.0,1071,0,1072,0,0,0,1072,0,1081,0,997,0,636,0,638,0,632,0,673,0.032,6.16121252061899e+21,2.004,-0.0,10896,16814,1771759730688.0,0.0,1.3918857750382678e+33,1.3732919586267539e+25,1.1045355025617388e+18,0.0,50.0,60.0,35,0.0,0.0,10.0,2.0,0.0,0.0,0.0,0.0,0.0,0.0,0.0,0.0,0.0,0.0,0.0,0.0,58.8,52,13,65511,27,65476,0,300,0,0,8,20529,65476,0,0,30147,60.0,0.0,10.0,10.0,2.0,0.0
2026-02-16T12:02:51,ERR,ERR,ERR,ERR,ERR,ERR,ERR,ERR,ERR,ERR,ERR,ERR,ERR,ERR,ERR,ERR,ERR,ERR,ERR,ERR,ERR,ERR,ERR,ERR,ERR,ERR,ERR,ERR,ERR,ERR,ERR,ERR,ERR,ERR,ERR,ERR,ERR,ERR,ERR,ERR,ERR,ERR,ERR,ERR,ERR,ERR,ERR,ERR,ERR,ERR,ERR,ERR,ERR,ERR,ERR,ERR,ERR,ERR,ERR,ERR,ERR,ERR,ERR,ERR,ERR,ERR,ERR,ERR,ERR,ERR,ERR,ERR,ERR,ERR,ERR,ERR,ERR,ERR,ERR,ERR,ERR,ERR,ERR,ERR,ERR,ERR,ERR,ERR,ERR,ERR,ERR,ERR,ERR,ERR,ERR,ERR,ERR,ERR,ERR,ERR,ERR,ERR,ERR,ERR,ERR,ERR,ERR,ERR,ERR,ERR,ERR,ERR,ERR,ERR,ERR,ERR,ERR,ERR,ERR,ERR,ERR,ERR,ERR,ERR,ERR,-107615888.0,-0.0,2.718405881574089e+23,-0.0,0.0,-0.0,0.0,0.0,4300,0,8,17171,4300,14654993596416.0,38,0.0,0.0,-0.0,0.0,2.7184166902131945e+23,0,0,0,0,0.0,0,0,0,0,0,0,0,0,0,0,0,0,0,0,0,0,0,0,0,0,0,0,0,0,0,0,0,0,0,0,0,0,0,9,38,37,47,65476,408,65476,1,0,4,21553,0.0,0.0,-4.3824703395929843e+30,0.0,0.0,0.0,0.0,0.0,0.0,0.0,0.0,0.0,0.0,0.0,0.0,0.0,0.0,0.0,0.0,0.0,0.0,2.004,-2.004,-0.0,-2.004,2.004,0.0,0.0,0.0,0.0,6606.0,-0.0,0.0,-107615888.0,-0.0,0.0,-0.0,-0.0,0.0,2.004,2.004,224,0.059,71.63,0.0,0.0,0.0,0.0,0.0,0.0,0.0,0,0,0,-2.3825605678580547e+24,7.297754433381091e+22,4.162386205563151e+34,4.883,4.8579426778361474e+30,0.0,-0.0,0.0,2643656792080384.0,-2.0297053368221696e+17,-0.0,729.096,0.0,0.0,0.0,-2.0696805497938635e+22,0,1.3516416376850534e+27,224,0.0,448,0.0,4.6893839926962287e+24,2112,26215,17110,13107,17112,26215,17095,0,0,0,101,100,100,-107615200.0,63.05,0.0,63.85,2.730233054771504e+23,63.5,1,49,50,180,13107,26215,0,0,0.0,0.0,0.0,60.0,2.5716233915829265e+22,71.0,0.0,1.2406915740781589e+26,0.0,1071,0,1072,0,0,0,1072,0,1081,0,997,0,636,0,638,0,637,0,672,0.032,5.312662293228351e+21,2.004,-0.0,15504,16814,3.298251553768963e+25,5.762916421374157e+22,0.0,0.0,0.0,-7911333953536.0,50.0,60.0,35,0.0,0.0,10.0,2.0,0.0,0.0,0.0,0.0,0.0,0.0,0.0,0.0,0.0,0.0,0.0,0.0,58.8,52,13,65511,27,65476,0,300,0,0,8,20529,65476,0,0,30147,60.0,0.0,10.0,10.0,2.0,0.0
2026-02-16T12:02:52,ERR,ERR,ERR,ERR,ERR,ERR,ERR,ERR,ERR,ERR,ERR,ERR,ERR,ERR,ERR,ERR,ERR,ERR,ERR,ERR,ERR,ERR,ERR,ERR,ERR,ERR,ERR,ERR,ERR,ERR,ERR,ERR,ERR,ERR,ERR,ERR,ERR,ERR,ERR,ERR,ERR,ERR,ERR,ERR,ERR,ERR,ERR,ERR,ERR,ERR,ERR,ERR,ERR,ERR,ERR,ERR,ERR,ERR,ERR,ERR,ERR,ERR,ERR,ERR,ERR,ERR,ERR,ERR,ERR,ERR,ERR,ERR,ERR,ERR,ERR,ERR,ERR,ERR,ERR,ERR,ERR,ERR,ERR,ERR,ERR,ERR,ERR,ERR,ERR,ERR,ERR,ERR,ERR,ERR,ERR,ERR,ERR,ERR,ERR,ERR,ERR,ERR,ERR,ERR,ERR,ERR,ERR,ERR,ERR,ERR,ERR,ERR,ERR,ERR,ERR,ERR,ERR,ERR,ERR,ERR,ERR,ERR,ERR,ERR,ERR,-107615888.0,-0.0,2.718405881574089e+23,-0.0,0.0,-0.0,0.0,0.0,4300,0,8,17171,4300,14654993596416.0,38,0.0,0.0,-0.0,0.0,2.7184166902131945e+23,0,0,0,0,0.0,0,0,0,0,0,0,0,0,0,0,0,0,0,0,0,0,0,0,0,0,0,0,0,0,0,0,0,0,0,0,0,0,0,9,38,37,47,65476,408,65476,1,0,4,21553,0.0,0.0,-4.3824703395929843e+30,0.0,0.0,0.0,0.0,0.0,0.0,0.0,0.0,0.0,0.0,0.0,0.0,0.0,0.0,0.0,0.0,0.0,0.0,2.004,-2.004,-0.0,-2.004,2.004,0.0,0.0,0.0,0.0,6606.0,-0.0,0.0,-107615888.0,-0.0,0.0,-0.0,-0.0,0.0,2.004,2.004,224,0.059,71.63,0.0,0.0,0.0,0.0,0.0,0.0,0.0,0,0,0,-2.3825605678580547e+24,7.297754433381091e+22,4.162386205563151e+34,4.883,4.8579426778361474e+30,0.0,-0.0,0.0,2643656792080384.0,-2.0297053368221696e+17,-0.0,729.096,0.0,0.0,0.0,-2.0696805497938635e+22,0,1.3516416376850534e+27,224,0.0,448,0.0,4.6893839926962287e+24,2112,26215,17110,13107,17112,26215,17095,0,0,0,101,100,100,-107615200.0,63.05,0.0,63.85,2.730233054771504e+23,63.5,1,49,50,180,13107,26215,0,0,0.0,0.0,0.0,60.0,2.5716233915829265e+22,71.0,0.0,1.2406915740781589e+26,0.0,1071,0,1072,0,0,0,1072,0,1081,0,997,0,636,0,638,0,637,0,672,0.032,5.312662293228351e+21,2.004,-0.0,15504,16814,3.298251553768963e+25,5.762916421374157e+22,0.0,0.0,0.0,-7911333953536.0,50.0,60.0,35,0.0,0.0,10.0,2.0,0.0,0.0,0.0,0.0,0.0,0.0,0.0,0.0,0.0,0.0,0.0,0.0,58.8,52,13,65511,27,65476,0,300,0,0,8,20529,65476,0,0,30147,60.0,0.0,10.0,10.0,2.0,0.0
2026-02-16T12:02:53,ERR,ERR,ERR,ERR,ERR,ERR,ERR,ERR,ERR,ERR,ERR,ERR,ERR,ERR,ERR,ERR,ERR,ERR,ERR,ERR,ERR,ERR,ERR,ERR,ERR,ERR,ERR,ERR,ERR,ERR,ERR,ERR,ERR,ERR,ERR,ERR,ERR,ERR,ERR,ERR,ERR,ERR,ERR,ERR,ERR,ERR,ERR,ERR,ERR,ERR,ERR,ERR,ERR,ERR,ERR,ERR,ERR,ERR,ERR,ERR,ERR,ERR,ERR,ERR,ERR,ERR,ERR,ERR,ERR,ERR,ERR,ERR,ERR,ERR,ERR,ERR,ERR,ERR,ERR,ERR,ERR,ERR,ERR,ERR,ERR,ERR,ERR,ERR,ERR,ERR,ERR,ERR,ERR,ERR,ERR,ERR,ERR,ERR,ERR,ERR,ERR,ERR,ERR,ERR,ERR,ERR,ERR,ERR,ERR,ERR,ERR,ERR,ERR,ERR,ERR,ERR,ERR,ERR,ERR,ERR,ERR,ERR,ERR,ERR,ERR,-107615888.0,-0.0,2.718405881574089e+23,-0.0,0.0,-0.0,0.0,0.0,4300,0,8,17171,4300,14654993596416.0,38,0.0,0.0,-0.0,0.0,2.7184166902131945e+23,0,0,0,0,0.0,0,0,0,0,0,0,0,0,0,0,0,0,0,0,0,0,0,0,0,0,0,0,0,0,0,0,0,0,0,0,0,0,0,9,38,37,47,65476,408,65476,1,0,4,21553,0.0,0.0,-4.3824703395929843e+30,0.0,0.0,0.0,0.0,0.0,0.0,0.0,0.0,0.0,0.0,0.0,0.0,0.0,0.0,0.0,0.0,0.0,0.0,2.004,-2.004,-0.0,-2.004,2.004,0.0,0.0,0.0,0.0,6606.0,-0.0,0.0,-107615888.0,-0.0,0.0,-0.0,-0.0,0.0,2.004,2.004,224,0.059,71.63,0.0,0.0,0.0,0.0,0.0,0.0,0.0,0,0,0,-2.3825605678580547e+24,7.297754433381091e+22,4.162386205563151e+34,4.883,4.8579426778361474e+30,0.0,-0.0,0.0,2643656792080384.0,-2.0297053368221696e+17,-0.0,729.096,0.0,0.0,0.0,-2.0696805497938635e+22,0,1.3516416376850534e+27,224,0.0,448,0.0,4.6893839926962287e+24,2112,26215,17110,13107,17112,26215,17095,0,0,0,101,100,100,-107615200.0,63.05,0.0,63.85,2.730233054771504e+23,63.5,1,49,50,180,13107,26215,0,0,0.0,0.0,0.0,60.0,2.5716233915829265e+22,71.0,0.0,1.2406915740781589e+26,0.0,1071,0,1072,0,0,0,1072,0,1081,0,997,0,636,0,638,0,637,0,672,0.032,5.312662293228351e+21,2.004,-0.0,15504,16814,3.298251553768963e+25,5.762916421374157e+22,0.0,0.0,0.0,-7911333953536.0,50.0,60.0,35,0.0,0.0,10.0,2.0,0.0,0.0,0.0,0.0,0.0,0.0,0.0,0.0,0.0,0.0,0.0,0.0,58.8,52,13,65511,27,65476,0,300,0,0,8,20529,65476,0,0,30147,60.0,0.0,10.0,10.0,2.0,0.0
2026-02-16T12:02:54,ERR,ERR,ERR,ERR,ERR,ERR,ERR,ERR,ERR,ERR,ERR,ERR,ERR,ERR,ERR,ERR,ERR,ERR,ERR,ERR,ERR,ERR,ERR,ERR,ERR,ERR,ERR,ERR,ERR,ERR,ERR,ERR,ERR,ERR,ERR,ERR,ERR,ERR,ERR,ERR,ERR,ERR,ERR,ERR,ERR,ERR,ERR,ERR,ERR,ERR,ERR,ERR,ERR,ERR,ERR,ERR,ERR,ERR,ERR,ERR,ERR,ERR,ERR,ERR,ERR,ERR,ERR,ERR,ERR,ERR,ERR,ERR,ERR,ERR,ERR,ERR,ERR,ERR,ERR,ERR,ERR,ERR,ERR,ERR,ERR,ERR,ERR,ERR,ERR,ERR,ERR,ERR,ERR,ERR,ERR,ERR,ERR,ERR,ERR,ERR,ERR,ERR,ERR,ERR,ERR,ERR,ERR,ERR,ERR,ERR,ERR,ERR,ERR,ERR,ERR,ERR,ERR,ERR,ERR,ERR,ERR,ERR,ERR,ERR,ERR,-107615888.0,-0.0,-108138560.0,-0.0,-0.0,19616.541,-0.0,-7052346261504.0,4300,0,8,17171,4300,14654993596416.0,38,0.0,0.0,-0.0,0.0,2.7184166902131945e+23,0,0,0,0,0.0,0,0,0,0,0,0,0,0,0,0,0,0,0,0,0,0,0,0,0,0,0,0,0,0,0,0,0,0,0,0,0,0,0,9,38,37,47,65476,407,65476,1,0,4,21553,0.0,0.0,-9.02210699096416e+25,0.0,0.0,0.0,0.0,0.0,0.0,0.0,0.0,0.0,0.0,0.0,0.0,0.0,0.0,0.0,0.0,0.0,0.0,2.004,-2.004,-0.0,-3.697074423243316e+19,2.004,0.0,0.0,0.0,0.0,6614.0,-0.0,0.0,-107615888.0,-0.0,0.0,-0.0,0.0,0.0,2.004,2.004,224,-0.0,0.0,0.0,0.0,0.0,0.0,0.0,0.0,0.0,0,0,0,-3.1359332626569626e+17,1460285.75,3.980695231525283e+33,-0.0,1.0451947542881462e+38,206087.688,-4.563546141290499e+23,885856.312,-0.0,-2.187331323780137e+17,-0.0,781.096,0.0,0.0,0.0,-1.1181931746926489e+38,0,1.3516416376850534e+27,224,0.0,448,-0.0,-0.0,2112,26215,17110,13107,17112,26215,17095,0,0,0,101,100,100,-107615200.0,63.05,0.0,63.85,2.730233054771504e+23,63.5,1,49,50,180,13107,26215,0,0,0.0,0.0,0.0,60.0,2.5716233915829265e+22,71.0,0.0,1.2406915740781589e+26,0.0,1071,0,1072,0,0,0,1072,0,1081,0,997,0,636,0,638,0,637,0,672,0.032,5.312662293228351e+21,2.004,-0.0,15504,16814,3.298251553768963e+25,5.762916421374157e+22,0.0,0.0,0.0,-7911333953536.0,50.0,60.0,35,0.0,0.0,10.0,2.0,0.0,0.0,0.0,0.0,0.0,0.0,0.0,0.0,0.0,0.0,0.0,0.0,58.8,52,13,65511,27,65476,0,300,0,0,8,20529,65476,0,0,30147,60.0,0.0,10.0,10.0,2.0,0.0
2026-02-16T12:02:55,ERR,ERR,ERR,ERR,ERR,ERR,ERR,ERR,ERR,ERR,ERR,ERR,ERR,ERR,ERR,ERR,ERR,ERR,ERR,ERR,ERR,ERR,ERR,ERR,ERR,ERR,ERR,ERR,ERR,ERR,ERR,ERR,ERR,ERR,ERR,ERR,ERR,ERR,ERR,ERR,ERR,ERR,ERR,ERR,ERR,ERR,ERR,ERR,ERR,ERR,ERR,ERR,ERR,ERR,ERR,ERR,ERR,ERR,ERR,ERR,ERR,ERR,ERR,ERR,ERR,ERR,ERR,ERR,ERR,ERR,ERR,ERR,ERR,ERR,ERR,ERR,ERR,ERR,ERR,ERR,ERR,ERR,ERR,ERR,ERR,ERR,ERR,ERR,ERR,ERR,ERR,ERR,ERR,ERR,ERR,ERR,ERR,ERR,ERR,ERR,ERR,ERR,ERR,ERR,ERR,ERR,ERR,ERR,ERR,ERR,ERR,ERR,ERR,ERR,ERR,ERR,ERR,ERR,ERR,ERR,ERR,ERR,ERR,ERR,ERR,-107615888.0,-0.0,-108138560.0,-0.0,-0.0,19616.541,-0.0,-7052346261504.0,4300,0,8,17171,4300,14654993596416.0,38,0.0,0.0,-0.0,0.0,2.7184166902131945e+23,0,0,0,0,0.0,0,0,0,0,0,0,0,0,0,0,0,0,0,0,0,0,0,0,0,0,0,0,0,0,0,0,0,0,0,0,0,0,0,9,38,37,47,65476,407,65476,1,0,4,21553,0.0,0.0,-9.02210699096416e+25,0.0,0.0,0.0,0.0,0.0,0.0,0.0,0.0,0.0,0.0,0.0,0.0,0.0,0.0,0.0,0.0,0.0,0.0,2.004,-2.004,-0.0,-3.697074423243316e+19,2.004,0.0,0.0,0.0,0.0,6614.0,-0.0,0.0,-107615888.0,-0.0,0.0,-0.0,0.0,0.0,2.004,2.004,224,-0.0,0.0,0.0,0.0,0.0,0.0,0.0,0.0,0.0,0,0,0,-3.1359332626569626e+17,1460285.75,3.980695231525283e+33,-0.0,1.0451947542881462e+38,206087.688,-4.563546141290499e+23,885856.312,-0.0,-2.187331323780137e+17,-0.0,781.096,0.0,0.0,0.0,-1.1181931746926489e+38,0,1.3516416376850534e+27,224,0.0,448,-0.0,-0.0,2112,26215,17110,13107,17112,26215,17095,0,0,0,101,100,100,-107615216.0,63.05,0.0,63.85,2.730233054771504e+23,63.5,1,49,50,180,13107,26215,0,0,0.0,0.0,0.0,60.0,4.724675129783958e+27,71.0,0.0,-0.0,0.0,1071,0,1071,0,0,0,1072,0,1081,0,997,0,636,0,638,0,632,0,673,0.032,6.198106008766409e+21,2.004,-0.0,9872,16814,4.724675129783958e+27,-0.0,1.4144147644481536e+17,-0.0,332.512,-1.3893460482021709e+34,50.0,60.0,35,0.0,0.0,10.0,2.0,0.0,0.0,0.0,0.0,0.0,0.0,0.0,0.0,0.0,0.0,0.0,0.0,58.8,52,13,65511,27,65476,0,300,0,0,8,20529,65476,0,0,30147,60.0,0.0,10.0,10.0,2.0,0.0
2026-02-16T12:02:56,ERR,ERR,ERR,ERR,ERR,ERR,ERR,ERR,ERR,ERR,ERR,ERR,ERR,ERR,ERR,ERR,ERR,ERR,ERR,ERR,ERR,ERR,ERR,ERR,ERR,ERR,ERR,ERR,ERR,ERR,ERR,ERR,ERR,ERR,ERR,ERR,ERR,ERR,ERR,ERR,ERR,ERR,ERR,ERR,ERR,ERR,ERR,ERR,ERR,ERR,ERR,ERR,ERR,ERR,ERR,ERR,ERR,ERR,ERR,ERR,ERR,ERR,ERR,ERR,ERR,ERR,ERR,ERR,ERR,ERR,ERR,ERR,ERR,ERR,ERR,ERR,ERR,ERR,ERR,ERR,ERR,ERR,ERR,ERR,ERR,ERR,ERR,ERR,ERR,ERR,ERR,ERR,ERR,ERR,ERR,ERR,ERR,ERR,ERR,ERR,ERR,ERR,ERR,ERR,ERR,ERR,ERR,ERR,ERR,ERR,ERR,ERR,ERR,ERR,ERR,ERR,ERR,ERR,ERR,ERR,ERR,ERR,ERR,ERR,ERR,-107615888.0,-0.0,-108138560.0,-0.0,-0.0,19616.541,-0.0,-7052346261504.0,4300,0,8,17171,4300,14654993596416.0,38,0.0,0.0,-0.0,0.0,2.7184166902131945e+23,0,0,0,0,0.0,0,0,0,0,0,0,0,0,0,0,0,0,0,0,0,0,0,0,0,0,0,0,0,0,0,0,0,0,0,0,0,0,0,9,38,37,47,65476,407,65476,1,0,4,21553,0.0,0.0,-9.02210699096416e+25,0.0,0.0,0.0,0.0,0.0,0.0,0.0,0.0,0.0,0.0,0.0,0.0,0.0,0.0,0.0,0.0,0.0,0.0,2.004,-2.004,-0.0,-3.697074423243316e+19,2.004,0.0,0.0,0.0,0.0,6614.0,-0.0,0.0,-107615888.0,-0.0,0.0,-0.0,0.0,0.0,2.004,2.004,224,-0.0,0.0,0.0,0.0,0.0,0.0,0.0,0.0,0.0,0,0,0,-3.1359332626569626e+17,1460285.75,3.980695231525283e+33,-0.0,1.0451947542881462e+38,206087.688,-4.563546141290499e+23,885856.312,-0.0,-2.187331323780137e+17,-0.0,781.096,0.0,0.0,0.0,-1.1181931746926489e+38,0,1.3516416376850534e+27,224,0.0,448,-0.0,-0.0,2112,26215,17110,13107,17112,26215,17095,0,0,0,101,100,100,-107615216.0,63.05,0.0,63.85,2.730233054771504e+23,63.5,1,49,50,180,13107,26215,0,0,0.0,0.0,0.0,60.0,4.724675129783958e+27,71.0,0.0,-0.0,0.0,1071,0,1071,0,0,0,1072,0,1081,0,997,0,636,0,638,0,632,0,673,0.032,6.198106008766409e+21,2.004,-0.0,9872,16814,4.724675129783958e+27,-0.0,1.4144147644481536e+17,-0.0,332.512,-1.3893460482021709e+34,50.0,60.0,35,0.0,0.0,10.0,2.0,0.0,0.0,0.0,0.0,0.0,0.0,0.0,0.0,0.0,0.0,0.0,0.0,59.2,52,13,65511,27,65476,0,300,0,0,8,20529,65476,0,0,30147,60.0,0.0,10.0,10.0,2.0,0.0
2026-02-16T12:02:57,ERR,ERR,ERR,ERR,ERR,ERR,ERR,ERR,ERR,ERR,ERR,ERR,ERR,ERR,ERR,ERR,ERR,ERR,ERR,ERR,ERR,ERR,ERR,ERR,ERR,ERR,ERR,ERR,ERR,ERR,ERR,ERR,ERR,ERR,ERR,ERR,ERR,ERR,ERR,ERR,ERR,ERR,ERR,ERR,ERR,ERR,ERR,ERR,ERR,ERR,ERR,ERR,ERR,ERR,ERR,ERR,ERR,ERR,ERR,ERR,ERR,ERR,ERR,ERR,ERR,ERR,ERR,ERR,ERR,ERR,ERR,ERR,ERR,ERR,ERR,ERR,ERR,ERR,ERR,ERR,ERR,ERR,ERR,ERR,ERR,ERR,ERR,ERR,ERR,ERR,ERR,ERR,ERR,ERR,ERR,ERR,ERR,ERR,ERR,ERR,ERR,ERR,ERR,ERR,ERR,ERR,ERR,ERR,ERR,ERR,ERR,ERR,ERR,ERR,ERR,ERR,ERR,ERR,ERR,ERR,ERR,ERR,ERR,ERR,ERR,-107615888.0,-0.0,-108138560.0,-0.0,-0.0,19616.541,-0.0,-7052346261504.0,4300,0,8,17171,4300,14654993596416.0,38,0.0,0.0,-0.0,0.0,2.7184166902131945e+23,0,0,0,0,0.0,0,0,0,0,0,0,0,0,0,0,0,0,0,0,0,0,0,0,0,0,0,0,0,0,0,0,0,0,0,0,0,0,0,9,38,37,47,65476,407,65476,1,0,4,21553,0.0,0.0,-9.02210699096416e+25,0.0,0.0,0.0,0.0,0.0,0.0,0.0,0.0,0.0,0.0,0.0,0.0,0.0,0.0,0.0,0.0,0.0,0.0,2.004,-2.004,-0.0,-3.697074423243316e+19,2.004,0.0,0.0,0.0,0.0,6614.0,-0.0,0.0,-107615888.0,-0.0,0.0,-0.0,0.0,0.0,2.004,2.004,224,-0.0,0.0,0.0,0.0,0.0,0.0,0.0,0.0,0.0,0,0,0,-3.1359332626569626e+17,1460285.75,3.980695231525283e+33,-0.0,1.0451947542881462e+38,206087.688,-4.563546141290499e+23,885856.312,-0.0,-2.187331323780137e+17,-0.0,781.096,0.0,0.0,0.0,-1.1181931746926489e+38,0,1.3516416376850534e+27,224,0.0,448,-0.0,-0.0,2112,26215,17110,13107,17112,26215,17095,0,0,0,101,100,100,-107615216.0,63.05,0.0,63.85,2.730233054771504e+23,63.5,1,49,50,180,13107,26215,0,0,0.0,0.0,0.0,60.0,4.724675129783958e+27,71.0,0.0,-0.0,0.0,1071,0,1071,0,0,0,1072,0,1081,0,997,0,636,0,638,0,632,0,673,0.032,6.198106008766409e+21,2.004,-0.0,9872,16814,4.724675129783958e+27,-0.0,1.4144147644481536e+17,-0.0,332.512,-1.3893460482021709e+34,50.0,60.0,35,0.0,0.0,10.0,2.0,0.0,0.0,0.0,0.0,0.0,0.0,0.0,0.0,0.0,0.0,0.0,0.0,58.8,52,13,65511,27,65476,0,300,0,0,8,20529,65476,0,0,30147,60.0,0.0,10.0,10.0,2.0,0.0
2026-02-16T12:02:58,ERR,ERR,ERR,ERR,ERR,ERR,ERR,ERR,ERR,ERR,ERR,ERR,ERR,ERR,ERR,ERR,ERR,ERR,ERR,ERR,ERR,ERR,ERR,ERR,ERR,ERR,ERR,ERR,ERR,ERR,ERR,ERR,ERR,ERR,ERR,ERR,ERR,ERR,ERR,ERR,ERR,ERR,ERR,ERR,ERR,ERR,ERR,ERR,ERR,ERR,ERR,ERR,ERR,ERR,ERR,ERR,ERR,ERR,ERR,ERR,ERR,ERR,ERR,ERR,ERR,ERR,ERR,ERR,ERR,ERR,ERR,ERR,ERR,ERR,ERR,ERR,ERR,ERR,ERR,ERR,ERR,ERR,ERR,ERR,ERR,ERR,ERR,ERR,ERR,ERR,ERR,ERR,ERR,ERR,ERR,ERR,ERR,ERR,ERR,ERR,ERR,ERR,ERR,ERR,ERR,ERR,ERR,ERR,ERR,ERR,ERR,ERR,ERR,ERR,ERR,ERR,ERR,ERR,ERR,ERR,ERR,ERR,ERR,ERR,ERR,-107615888.0,-0.0,-108138560.0,-0.0,-0.0,19616.541,-0.0,-7052346261504.0,4300,0,8,17171,4300,14654993596416.0,38,0.0,0.0,-0.0,0.0,2.7184166902131945e+23,0,0,0,0,0.0,0,0,0,0,0,0,0,0,0,0,0,0,0,0,0,0,0,0,0,0,0,0,0,0,0,0,0,0,0,0,0,0,0,9,38,37,47,65476,407,65476,1,0,4,21553,0.0,0.0,-9.02210699096416e+25,0.0,0.0,0.0,0.0,0.0,0.0,0.0,0.0,0.0,0.0,0.0,0.0,0.0,0.0,0.0,0.0,0.0,0.0,2.004,-2.004,-0.0,-3.697074423243316e+19,2.004,0.0,0.0,0.0,0.0,6614.0,-0.0,0.0,-107615888.0,-0.0,0.0,-0.0,0.0,0.0,2.004,2.004,224,-0.0,0.0,0.0,0.0,0.0,0.0,0.0,0.0,0.0,0,0,0,-3.1359332626569626e+17,1460285.75,3.980695231525283e+33,-0.0,1.0451947542881462e+38,206087.688,-4.563546141290499e+23,885856.312,-0.0,-2.187331323780137e+17,-0.0,781.096,0.0,0.0,0.0,-1.1181931746926489e+38,0,1.3516416376850534e+27,224,0.0,448,-0.0,-0.0,2112,26215,17110,13107,17112,26215,17095,0,0,0,101,100,100,-107615200.0,63.05,0.0,63.95,2.730233054771504e+23,63.5,1,49,50,180,13107,26215,0,0,0.0,0.0,0.0,60.0,149170400.0,71.0,0.0,301195788288.0,0.0,1071,0,1072,0,0,0,1072,0,1081,0,997,0,636,0,638,0,632,0,673,0.032,6.16121252061899e+21,2.004,-0.0,61712,16813,11494018252800.0,2.247312787674929e+37,-331250499584.0,3.1602882377616863e+38,-21536.787,1840583672856576.0,50.0,60.0,35,0.0,0.0,10.0,2.0,0.0,0.0,0.0,0.0,0.0,0.0,0.0,0.0,0.0,0.0,0.0,0.0,58.8,52,13,65511,27,65476,0,300,0,0,8,20529,65476,0,0,30147,60.0,0.0,10.0,10.0,2.0,0.0
2026-02-16T12:02:59,ERR,ERR,ERR,ERR,ERR,ERR,ERR,ERR,ERR,ERR,ERR,ERR,ERR,ERR,ERR,ERR,ERR,ERR,ERR,ERR,ERR,ERR,ERR,ERR,ERR,ERR,ERR,ERR,ERR,ERR,ERR,ERR,ERR,ERR,ERR,ERR,ERR,ERR,ERR,ERR,ERR,ERR,ERR,ERR,ERR,ERR,ERR,ERR,ERR,ERR,ERR,ERR,ERR,ERR,ERR,ERR,ERR,ERR,ERR,ERR,ERR,ERR,ERR,ERR,ERR,ERR,ERR,ERR,ERR,ERR,ERR,ERR,ERR,ERR,ERR,ERR,ERR,ERR,ERR,ERR,ERR,ERR,ERR,ERR,ERR,ERR,ERR,ERR,ERR,ERR,ERR,ERR,ERR,ERR,ERR,ERR,ERR,ERR,ERR,ERR,ERR,ERR,ERR,ERR,ERR,ERR,ERR,ERR,ERR,ERR,ERR,ERR,ERR,ERR,ERR,ERR,ERR,ERR,ERR,ERR,ERR,ERR,ERR,ERR,ERR,-107615888.0,-0.0,-108138560.0,-0.0,-0.0,-0.0,0.0,-0.0,4300,0,8,17171,4300,14654993596416.0,39,0.0,0.0,-0.0,0.0,2.7184166902131945e+23,0,0,0,0,0.0,0,0,0,0,0,0,0,0,0,0,0,0,0,0,0,0,0,0,0,0,0,0,0,0,0,0,0,0,0,0,0,0,0,9,38,37,46,65476,400,65476,1,0,4,21553,0.0,-0.0,-3.2169238606633978e+34,0.0,0.0,0.0,0.0,0.0,0.0,0.0,0.0,0.0,0.0,0.0,0.0,0.0,0.0,0.0,0.0,0.0,0.0,2.004,-2.004,-0.0,-3.697074423243316e+19,2.004,0.0,0.0,0.0,0.0,6610.0,-0.0,0.0,-107615888.0,-0.0,0.0,-0.0,0.0,0.0,2.004,2.004,225,2.718417410789135e+23,89221.031,0.0,0.0,0.0,0.0,0.0,0.0,0.0,0,0,0,0.0,-0.0,-0.0,-0.0,-0.0,-819169180254208.0,0.0,180641872.0,-23891082.0,-2.333698311669678e+17,-0.0,829.096,0.0,0.0,0.0,-8.249421865033076e+37,0,1.3516416376850534e+27,225,0.0,450,-74360974999552.0,-1814070656.0,2112,26215,17110,13107,17112,26215,17095,0,0,0,101,100,100,-107615200.0,63.05,0.0,63.95,2.730233054771504e+23,63.5,1,49,50,180,13107,26215,0,0,0.0,0.0,0.0,60.0,149170400.0,71.0,0.0,301195788288.0,0.0,1071,0,1072,0,0,0,1072,0,1081,0,997,0,636,0,638,0,632,0,673,0.032,6.16121252061899e+21,2.004,-0.0,61712,16813,11494018252800.0,2.247312787674929e+37,-331250499584.0,3.1602882377616863e+38,-21536.787,1840583672856576.0,50.0,60.0,35,0.0,0.0,10.0,2.0,0.0,0.0,0.0,0.0,0.0,0.0,0.0,0.0,0.0,0.0,0.0,0.0,59.2,52,13,65511,27,65476,0,300,0,0,8,20529,65476,0,0,30147,60.0,0.0,10.0,10.0,2.0,0.0
2026-02-16T12:03:00,ERR,ERR,ERR,ERR,ERR,ERR,ERR,ERR,ERR,ERR,ERR,ERR,ERR,ERR,ERR,ERR,ERR,ERR,ERR,ERR,ERR,ERR,ERR,ERR,ERR,ERR,ERR,ERR,ERR,ERR,ERR,ERR,ERR,ERR,ERR,ERR,ERR,ERR,ERR,ERR,ERR,ERR,ERR,ERR,ERR,ERR,ERR,ERR,ERR,ERR,ERR,ERR,ERR,ERR,ERR,ERR,ERR,ERR,ERR,ERR,ERR,ERR,ERR,ERR,ERR,ERR,ERR,ERR,ERR,ERR,ERR,ERR,ERR,ERR,ERR,ERR,ERR,ERR,ERR,ERR,ERR,ERR,ERR,ERR,ERR,ERR,ERR,ERR,ERR,ERR,ERR,ERR,ERR,ERR,ERR,ERR,ERR,ERR,ERR,ERR,ERR,ERR,ERR,ERR,ERR,ERR,ERR,ERR,ERR,ERR,ERR,ERR,ERR,ERR,ERR,ERR,ERR,ERR,ERR,ERR,ERR,ERR,ERR,ERR,ERR,-107615888.0,-0.0,-108138560.0,-0.0,-0.0,-0.0,0.0,-0.0,4300,0,8,17171,4300,14654993596416.0,39,0.0,0.0,-0.0,0.0,2.7184166902131945e+23,0,0,0,0,0.0,0,0,0,0,0,0,0,0,0,0,0,0,0,0,0,0,0,0,0,0,0,0,0,0,0,0,0,0,0,0,0,0,0,9,38,37,46,65476,400,65476,1,0,4,21553,0.0,-0.0,-3.2169238606633978e+34,0.0,0.0,0.0,0.0,0.0,0.0,0.0,0.0,0.0,0.0,0.0,0.0,0.0,0.0,0.0,0.0,0.0,0.0,2.004,-2.004,-0.0,-3.697074423243316e+19,2.004,0.0,0.0,0.0,0.0,6610.0,-0.0,0.0,-107615888.0,-0.0,0.0,-0.0,0.0,0.0,2.004,2.004,225,2.718417410789135e+23,89221.031,0.0,0.0,0.0,0.0,0.0,0.0,0.0,0,0,0,0.0,-0.0,-0.0,-0.0,-0.0,-819169180254208.0,0.0,180641872.0,-23891082.0,-2.333698311669678e+17,-0.0,829.096,0.0,0.0,0.0,-8.249421865033076e+37,0,1.3516416376850534e+27,225,0.0,450,-74360974999552.0,-1814070656.0,2112,26215,17110,13107,17112,26215,17095,0,0,0,101,100,100,-107615200.0,63.05,0.0,63.95,2.730233054771504e+23,63.5,1,49,50,180,13107,26215,0,0,0.0,0.0,0.0,60.0,149170400.0,71.0,0.0,301195788288.0,0.0,1071,0,1072,0,0,0,1072,0,1081,0,997,0,636,0,638,0,632,0,673,0.032,6.16121252061899e+21,2.004,-0.0,61712,16813,11494018252800.0,2.247312787674929e+37,-331250499584.0,3.1602882377616863e+38,-21536.787,1840583672856576.0,50.0,60.0,35,0.0,0.0,10.0,2.0,0.0,0.0,0.0,0.0,0.0,0.0,0.0,0.0,0.0,0.0,0.0,0.0,59.2,52,13,65511,27,65476,0,300,0,0,8,20529,65476,0,0,30147,60.0,0.0,10.0,10.0,2.0,0.0
2026-02-16T12:03:01,ERR,ERR,ERR,ERR,ERR,ERR,ERR,ERR,ERR,ERR,ERR,ERR,ERR,ERR,ERR,ERR,ERR,ERR,ERR,ERR,ERR,ERR,ERR,ERR,ERR,ERR,ERR,ERR,ERR,ERR,ERR,ERR,ERR,ERR,ERR,ERR,ERR,ERR,ERR,ERR,ERR,ERR,ERR,ERR,ERR,ERR,ERR,ERR,ERR,ERR,ERR,ERR,ERR,ERR,ERR,ERR,ERR,ERR,ERR,ERR,ERR,ERR,ERR,ERR,ERR,ERR,ERR,ERR,ERR,ERR,ERR,ERR,ERR,ERR,ERR,ERR,ERR,ERR,ERR,ERR,ERR,ERR,ERR,ERR,ERR,ERR,ERR,ERR,ERR,ERR,ERR,ERR,ERR,ERR,ERR,ERR,ERR,ERR,ERR,ERR,ERR,ERR,ERR,ERR,ERR,ERR,ERR,ERR,ERR,ERR,ERR,ERR,ERR,ERR,ERR,ERR,ERR,ERR,ERR,ERR,ERR,ERR,ERR,ERR,ERR,-107615888.0,-0.0,-108138560.0,-0.0,-0.0,-0.0,0.0,-0.0,4300,0,8,17171,4300,14654993596416.0,39,0.0,0.0,-0.0,0.0,2.7184166902131945e+23,0,0,0,0,0.0,0,0,0,0,0,0,0,0,0,0,0,0,0,0,0,0,0,0,0,0,0,0,0,0,0,0,0,0,0,0,0,0,0,9,38,37,46,65476,400,65476,1,0,4,21553,0.0,-0.0,-3.2169238606633978e+34,0.0,0.0,0.0,0.0,0.0,0.0,0.0,0.0,0.0,0.0,0.0,0.0,0.0,0.0,0.0,0.0,0.0,0.0,2.004,-2.004,-0.0,-3.697074423243316e+19,2.004,0.0,0.0,0.0,0.0,6610.0,-0.0,0.0,-107615888.0,-0.0,0.0,-0.0,0.0,0.0,2.004,2.004,225,2.718417410789135e+23,89221.031,0.0,0.0,0.0,0.0,0.0,0.0,0.0,0,0,0,0.0,-0.0,-0.0,-0.0,-0.0,-819169180254208.0,0.0,180641872.0,-23891082.0,-2.333698311669678e+17,-0.0,829.096,0.0,0.0,0.0,-8.249421865033076e+37,0,1.3516416376850534e+27,225,0.0,450,-74360974999552.0,-1814070656.0,2112,26215,17110,13107,17112,26215,17095,0,0,0,101,100,100,0.0,63.3,0.0,63.85,2.730233054771504e+23,63.5,1,49,50,180,13107,26215,0,0,0.0,0.0,0.0,60.0,4858183.0,71.0,0.0,4.705654508205087e+35,0.0,1071,0,1072,0,0,0,1072,0,1081,0,997,0,636,0,638,0,632,0,673,0.032,6.198106008766409e+21,2.004,-0.0,59920,16813,0.011,0.0,413664352.0,-7872632640765952.0,0.0,-1.2706124523730543e+23,50.0,60.0,35,0.0,0.0,10.0,2.0,0.0,0.0,0.0,0.0,0.0,0.0,0.0,0.0,0.0,0.0,0.0,0.0,58.8,52,13,65511,27,65476,0,300,0,0,8,20529,65476,0,0,30147,60.0,0.0,10.0,10.0,2.0,0.0
2026-02-16T12:03:02,ERR,ERR,ERR,ERR,ERR,ERR,ERR,ERR,ERR,ERR,ERR,ERR,ERR,ERR,ERR,ERR,ERR,ERR,ERR,ERR,ERR,ERR,ERR,ERR,ERR,ERR,ERR,ERR,ERR,ERR,ERR,ERR,ERR,ERR,ERR,ERR,ERR,ERR,ERR,ERR,ERR,ERR,ERR,ERR,ERR,ERR,ERR,ERR,ERR,ERR,ERR,ERR,ERR,ERR,ERR,ERR,ERR,ERR,ERR,ERR,ERR,ERR,ERR,ERR,ERR,ERR,ERR,ERR,ERR,ERR,ERR,ERR,ERR,ERR,ERR,ERR,ERR,ERR,ERR,ERR,ERR,ERR,ERR,ERR,ERR,ERR,ERR,ERR,ERR,ERR,ERR,ERR,ERR,ERR,ERR,ERR,ERR,ERR,ERR,ERR,ERR,ERR,ERR,ERR,ERR,ERR,ERR,ERR,ERR,ERR,ERR,ERR,ERR,ERR,ERR,ERR,ERR,ERR,ERR,ERR,ERR,ERR,ERR,ERR,ERR,-107615888.0,-0.0,-108138560.0,-0.0,-0.0,-0.0,0.0,-0.0,4300,0,8,17171,4300,14654993596416.0,39,0.0,0.0,-0.0,0.0,2.7184166902131945e+23,0,0,0,0,0.0,0,0,0,0,0,0,0,0,0,0,0,0,0,0,0,0,0,0,0,0,0,0,0,0,0,0,0,0,0,0,0,0,0,9,38,37,46,65476,400,65476,1,0,4,21553,0.0,-0.0,-3.2169238606633978e+34,0.0,0.0,0.0,0.0,0.0,0.0,0.0,0.0,0.0,0.0,0.0,0.0,0.0,0.0,0.0,0.0,0.0,0.0,2.004,-2.004,-0.0,-3.697074423243316e+19,2.004,0.0,0.0,0.0,0.0,6610.0,-0.0,0.0,-107615888.0,-0.0,0.0,-0.0,0.0,0.0,2.004,2.004,225,2.718417410789135e+23,89221.031,0.0,0.0,0.0,0.0,0.0,0.0,0.0,0,0,0,0.0,-0.0,-0.0,-0.0,-0.0,-819169180254208.0,0.0,180641872.0,-23891082.0,-2.333698311669678e+17,-0.0,829.096,0.0,0.0,0.0,-8.249421865033076e+37,0,1.3516416376850534e+27,225,0.0,450,-74360974999552.0,-1814070656.0,2112,26215,17110,13107,17112,26215,17095,0,0,0,101,100,100,0.0,63.3,0.0,63.85,2.730233054771504e+23,63.5,1,49,50,180,13107,26215,0,0,0.0,0.0,0.0,60.0,4858183.0,71.0,0.0,4.705654508205087e+35,0.0,1071,0,1072,0,0,0,1072,0,1081,0,997,0,636,0,638,0,632,0,673,0.032,6.198106008766409e+21,2.004,-0.0,59920,16813,0.011,0.0,413664352.0,-7872632640765952.0,0.0,-1.2706124523730543e+23,50.0,60.0,35,0.0,0.0,10.0,2.0,0.0,0.0,0.0,0.0,0.0,0.0,0.0,0.0,0.0,0.0,0.0,0.0,59.2,52,13,65511,27,65476,0,300,0,0,8,20529,65476,0,0,30147,60.0,0.0,10.0,10.0,2.0,0.0
2026-02-16T12:03:03,ERR,ERR,ERR,ERR,ERR,ERR,ERR,ERR,ERR,ERR,ERR,ERR,ERR,ERR,ERR,ERR,ERR,ERR,ERR,ERR,ERR,ERR,ERR,ERR,ERR,ERR,ERR,ERR,ERR,ERR,ERR,ERR,ERR,ERR,ERR,ERR,ERR,ERR,ERR,ERR,ERR,ERR,ERR,ERR,ERR,ERR,ERR,ERR,ERR,ERR,ERR,ERR,ERR,ERR,ERR,ERR,ERR,ERR,ERR,ERR,ERR,ERR,ERR,ERR,ERR,ERR,ERR,ERR,ERR,ERR,ERR,ERR,ERR,ERR,ERR,ERR,ERR,ERR,ERR,ERR,ERR,ERR,ERR,ERR,ERR,ERR,ERR,ERR,ERR,ERR,ERR,ERR,ERR,ERR,ERR,ERR,ERR,ERR,ERR,ERR,ERR,ERR,ERR,ERR,ERR,ERR,ERR,ERR,ERR,ERR,ERR,ERR,ERR,ERR,ERR,ERR,ERR,ERR,ERR,ERR,ERR,ERR,ERR,ERR,ERR,-107615888.0,-0.0,-108138560.0,-0.0,-0.0,-0.0,0.0,-0.0,4300,0,8,17171,4300,14654993596416.0,39,0.0,0.0,-0.0,0.0,2.7184166902131945e+23,0,0,0,0,0.0,0,0,0,0,0,0,0,0,0,0,0,0,0,0,0,0,0,0,0,0,0,0,0,0,0,0,0,0,0,0,0,0,0,9,38,37,46,65476,400,65476,1,0,4,21553,0.0,-0.0,-3.2169238606633978e+34,0.0,0.0,0.0,0.0,0.0,0.0,0.0,0.0,0.0,0.0,0.0,0.0,0.0,0.0,0.0,0.0,0.0,0.0,2.004,-2.004,-0.0,-3.697074423243316e+19,2.004,0.0,0.0,0.0,0.0,6610.0,-0.0,0.0,-107615888.0,-0.0,0.0,-0.0,0.0,0.0,2.004,2.004,225,2.718417410789135e+23,89221.031,0.0,0.0,0.0,0.0,0.0,0.0,0.0,0,0,0,0.0,-0.0,-0.0,-0.0,-0.0,-819169180254208.0,0.0,180641872.0,-23891082.0,-2.333698311669678e+17,-0.0,829.096,0.0,0.0,0.0,-8.249421865033076e+37,0,1.3516416376850534e+27,225,0.0,450,-74360974999552.0,-1814070656.0,2112,26215,17110,13107,17112,26215,17095,0,0,0,101,100,100,0.0,63.3,0.0,63.85,2.730233054771504e+23,63.5,1,49,50,180,13107,26215,0,0,0.0,0.0,0.0,60.0,4858183.0,71.0,0.0,4.705654508205087e+35,0.0,1071,0,1072,0,0,0,1072,0,1081,0,997,0,636,0,638,0,632,0,673,0.032,6.198106008766409e+21,2.004,-0.0,59920,16813,0.011,0.0,413664352.0,-7872632640765952.0,0.0,-1.2706124523730543e+23,50.0,60.0,35,0.0,0.0,10.0,2.0,0.0,0.0,0.0,0.0,0.0,0.0,0.0,0.0,0.0,0.0,0.0,0.0,59.2,52,13,65511,27,65476,0,300,0,0,8,20529,65476,0,0,30147,60.0,0.0,10.0,10.0,2.0,0.0
2026-02-16T12:03:04,ERR,ERR,ERR,ERR,ERR,ERR,ERR,ERR,ERR,ERR,ERR,ERR,ERR,ERR,ERR,ERR,ERR,ERR,ERR,ERR,ERR,ERR,ERR,ERR,ERR,ERR,ERR,ERR,ERR,ERR,ERR,ERR,ERR,ERR,ERR,ERR,ERR,ERR,ERR,ERR,ERR,ERR,ERR,ERR,ERR,ERR,ERR,ERR,ERR,ERR,ERR,ERR,ERR,ERR,ERR,ERR,ERR,ERR,ERR,ERR,ERR,ERR,ERR,ERR,ERR,ERR,ERR,ERR,ERR,ERR,ERR,ERR,ERR,ERR,ERR,ERR,ERR,ERR,ERR,ERR,ERR,ERR,ERR,ERR,ERR,ERR,ERR,ERR,ERR,ERR,ERR,ERR,ERR,ERR,ERR,ERR,ERR,ERR,ERR,ERR,ERR,ERR,ERR,ERR,ERR,ERR,ERR,ERR,ERR,ERR,ERR,ERR,ERR,ERR,ERR,ERR,ERR,ERR,ERR,ERR,ERR,ERR,ERR,ERR,ERR,-107615888.0,-0.0,-108138560.0,-0.0,-0.0,-0.0,0.0,-0.0,4300,0,8,17171,4300,14654993596416.0,39,0.0,0.0,-0.0,0.0,2.7184166902131945e+23,0,0,0,0,0.0,0,0,0,0,0,0,0,0,0,0,0,0,0,0,0,0,0,0,0,0,0,0,0,0,0,0,0,0,0,0,0,0,0,9,38,37,46,65476,398,65476,1,0,4,21553,0.0,0.0,14416.526,0.0,0.0,0.0,0.0,0.0,0.0,0.0,0.0,0.0,0.0,0.0,-2.600982585120823e+33,0.0,0.0,0.0,0.0,0.0,0.0,2.004,-2.004,-0.0,-3.697074423243316e+19,2.004,0.0,0.0,0.0,0.0,6613.0,-0.0,0.0,-107615888.0,-0.0,0.0,-0.0,0.0,0.0,2.004,2.004,225,-0.0,0.059,0.0,0.0,0.0,0.0,0.0,0.0,0.0,0,0,0,-1.6738011976933783e+31,0.0,-0.0,1.414186468038515e+19,-0.0,-71299.844,-2.003221666288478e+30,-0.0,-2.000425845880693e+28,-2.4575473014223667e+17,-0.0,881.096,0.0,0.0,0.0,-3.3093017515471453e+22,0,1.3516416376850534e+27,225,0.0,450,-74360974999552.0,-1814070656.0,2112,26215,17110,13107,17112,26215,17095,0,0,0,101,100,100,0.0,63.3,0.0,63.85,2.730233054771504e+23,63.5,1,49,50,180,13107,26215,0,0,0.0,0.0,0.0,60.0,4858183.0,71.0,0.0,4.705654508205087e+35,0.0,1071,0,1072,0,0,0,1072,0,1081,0,997,0,636,0,638,0,632,0,673,0.032,6.198106008766409e+21,2.004,-0.0,59920,16813,0.011,0.0,413664352.0,-7872632640765952.0,0.0,-1.2706124523730543e+23,50.0,60.0,35,0.0,0.0,10.0,2.0,0.0,0.0,0.0,0.0,0.0,0.0,0.0,0.0,0.0,0.0,0.0,0.0,58.8,52,13,65511,27,65476,0,300,0,0,8,20529,65476,0,0,30147,60.0,0.0,10.0,10.0,2.0,0.0
2026-02-16T12:03:05,ERR,ERR,ERR,ERR,ERR,ERR,ERR,ERR,ERR,ERR,ERR,ERR,ERR,ERR,ERR,ERR,ERR,ERR,ERR,ERR,ERR,ERR,ERR,ERR,ERR,ERR,ERR,ERR,ERR,ERR,ERR,ERR,ERR,ERR,ERR,ERR,ERR,ERR,ERR,ERR,ERR,ERR,ERR,ERR,ERR,ERR,ERR,ERR,ERR,ERR,ERR,ERR,ERR,ERR,ERR,ERR,ERR,ERR,ERR,ERR,ERR,ERR,ERR,ERR,ERR,ERR,ERR,ERR,ERR,ERR,ERR,ERR,ERR,ERR,ERR,ERR,ERR,ERR,ERR,ERR,ERR,ERR,ERR,ERR,ERR,ERR,ERR,ERR,ERR,ERR,ERR,ERR,ERR,ERR,ERR,ERR,ERR,ERR,ERR,ERR,ERR,ERR,ERR,ERR,ERR,ERR,ERR,ERR,ERR,ERR,ERR,ERR,ERR,ERR,ERR,ERR,ERR,ERR,ERR,ERR,ERR,ERR,ERR,ERR,ERR,-107615888.0,-0.0,-108138560.0,-0.0,-0.0,-0.0,0.0,-0.0,4300,0,8,17171,4300,14654993596416.0,39,0.0,0.0,-0.0,0.0,2.7184166902131945e+23,0,0,0,0,0.0,0,0,0,0,0,0,0,0,0,0,0,0,0,0,0,0,0,0,0,0,0,0,0,0,0,0,0,0,0,0,0,0,0,9,38,37,46,65476,398,65476,1,0,4,21553,0.0,0.0,14416.526,0.0,0.0,0.0,0.0,0.0,0.0,0.0,0.0,0.0,0.0,0.0,-2.600982585120823e+33,0.0,0.0,0.0,0.0,0.0,0.0,2.004,-2.004,-0.0,-3.697074423243316e+19,2.004,0.0,0.0,0.0,0.0,6613.0,-0.0,0.0,-107615888.0,-0.0,0.0,-0.0,0.0,0.0,2.004,2.004,225,-0.0,0.059,0.0,0.0,0.0,0.0,0.0,0.0,0.0,0,0,0,-1.6738011976933783e+31,0.0,-0.0,1.414186468038515e+19,-0.0,-71299.844,-2.003221666288478e+30,-0.0,-2.000425845880693e+28,-2.4575473014223667e+17,-0.0,881.096,0.0,0.0,0.0,-3.3093017515471453e+22,0,1.3516416376850534e+27,225,0.0,450,-74360974999552.0,-1814070656.0,2112,26215,17110,13107,17112,26215,17095,0,0,0,101,100,100,-107615200.0,63.05,0.0,63.95,-107615216.0,63.5,1,49,50,180,13107,26215,0,0,0.0,0.0,0.0,60.0,46146.555,71.0,0.0,33857122304.0,0.0,1071,0,1072,0,0,0,1072,0,1081,0,997,0,637,0,638,0,633,0,673,0.032,6.198106008766409e+21,2.004,-0.0,49296,16813,0.0,8.480847125210252e+32,-0.0,14143439872.0,6.356537599625721e+24,0.0,50.0,60.0,35,0.0,0.0,10.0,2.0,0.0,0.0,0.0,0.0,0.0,0.0,0.0,0.0,0.0,0.0,0.0,0.0,58.8,52,13,65511,27,65476,0,300,0,0,8,20529,65476,0,0,30147,60.0,0.0,10.0,10.0,2.0,0.0
2026-02-16T12:03:06,ERR,ERR,ERR,ERR,ERR,ERR,ERR,ERR,ERR,ERR,ERR,ERR,ERR,ERR,ERR,ERR,ERR,ERR,ERR,ERR,ERR,ERR,ERR,ERR,ERR,ERR,ERR,ERR,ERR,ERR,ERR,ERR,ERR,ERR,ERR,ERR,ERR,ERR,ERR,ERR,ERR,ERR,ERR,ERR,ERR,ERR,ERR,ERR,ERR,ERR,ERR,ERR,ERR,ERR,ERR,ERR,ERR,ERR,ERR,ERR,ERR,ERR,ERR,ERR,ERR,ERR,ERR,ERR,ERR,ERR,ERR,ERR,ERR,ERR,ERR,ERR,ERR,ERR,ERR,ERR,ERR,ERR,ERR,ERR,ERR,ERR,ERR,ERR,ERR,ERR,ERR,ERR,ERR,ERR,ERR,ERR,ERR,ERR,ERR,ERR,ERR,ERR,ERR,ERR,ERR,ERR,ERR,ERR,ERR,ERR,ERR,ERR,ERR,ERR,ERR,ERR,ERR,ERR,ERR,ERR,ERR,ERR,ERR,ERR,ERR,-107615888.0,-0.0,-108138560.0,-0.0,-0.0,-0.0,0.0,-0.0,4300,0,8,17171,4300,14654993596416.0,39,0.0,0.0,-0.0,0.0,2.7184166902131945e+23,0,0,0,0,0.0,0,0,0,0,0,0,0,0,0,0,0,0,0,0,0,0,0,0,0,0,0,0,0,0,0,0,0,0,0,0,0,0,0,9,38,37,46,65476,398,65476,1,0,4,21553,0.0,0.0,14416.526,0.0,0.0,0.0,0.0,0.0,0.0,0.0,0.0,0.0,0.0,0.0,-2.600982585120823e+33,0.0,0.0,0.0,0.0,0.0,0.0,2.004,-2.004,-0.0,-3.697074423243316e+19,2.004,0.0,0.0,0.0,0.0,6613.0,-0.0,0.0,-107615888.0,-0.0,0.0,-0.0,0.0,0.0,2.004,2.004,225,-0.0,0.059,0.0,0.0,0.0,0.0,0.0,0.0,0.0,0,0,0,-1.6738011976933783e+31,0.0,-0.0,1.414186468038515e+19,-0.0,-71299.844,-2.003221666288478e+30,-0.0,-2.000425845880693e+28,-2.4575473014223667e+17,-0.0,881.096,0.0,0.0,0.0,-3.3093017515471453e+22,0,1.3516416376850534e+27,225,0.0,450,-74360974999552.0,-1814070656.0,2112,26215,17110,13107,17112,26215,17095,0,0,0,101,100,100,-107615200.0,63.05,0.0,63.95,-107615216.0,63.5,1,49,50,180,13107,26215,0,0,0.0,0.0,0.0,60.0,46146.555,71.0,0.0,33857122304.0,0.0,1071,0,1072,0,0,0,1072,0,1081,0,997,0,637,0,638,0,633,0,673,0.032,6.198106008766409e+21,2.004,-0.0,49296,16813,0.0,8.480847125210252e+32,-0.0,14143439872.0,6.356537599625721e+24,0.0,50.0,60.0,35,0.0,0.0,10.0,2.0,0.0,0.0,0.0,0.0,0.0,0.0,0.0,0.0,0.0,0.0,0.0,0.0,59.2,52,13,65511,27,65476,0,300,0,0,8,20529,65476,0,0,30147,60.0,0.0,10.0,10.0,2.0,0.0
2026-02-16T12:03:07,ERR,ERR,ERR,ERR,ERR,ERR,ERR,ERR,ERR,ERR,ERR,ERR,ERR,ERR,ERR,ERR,ERR,ERR,ERR,ERR,ERR,ERR,ERR,ERR,ERR,ERR,ERR,ERR,ERR,ERR,ERR,ERR,ERR,ERR,ERR,ERR,ERR,ERR,ERR,ERR,ERR,ERR,ERR,ERR,ERR,ERR,ERR,ERR,ERR,ERR,ERR,ERR,ERR,ERR,ERR,ERR,ERR,ERR,ERR,ERR,ERR,ERR,ERR,ERR,ERR,ERR,ERR,ERR,ERR,ERR,ERR,ERR,ERR,ERR,ERR,ERR,ERR,ERR,ERR,ERR,ERR,ERR,ERR,ERR,ERR,ERR,ERR,ERR,ERR,ERR,ERR,ERR,ERR,ERR,ERR,ERR,ERR,ERR,ERR,ERR,ERR,ERR,ERR,ERR,ERR,ERR,ERR,ERR,ERR,ERR,ERR,ERR,ERR,ERR,ERR,ERR,ERR,ERR,ERR,ERR,ERR,ERR,ERR,ERR,ERR,-107615888.0,-0.0,-108138560.0,-0.0,-0.0,-0.0,0.0,-0.0,4300,0,8,17171,4300,14654993596416.0,39,0.0,0.0,-0.0,0.0,2.7184166902131945e+23,0,0,0,0,0.0,0,0,0,0,0,0,0,0,0,0,0,0,0,0,0,0,0,0,0,0,0,0,0,0,0,0,0,0,0,0,0,0,0,9,38,37,46,65476,398,65476,1,0,4,21553,0.0,0.0,14416.526,0.0,0.0,0.0,0.0,0.0,0.0,0.0,0.0,0.0,0.0,0.0,-2.600982585120823e+33,0.0,0.0,0.0,0.0,0.0,0.0,2.004,-2.004,-0.0,-3.697074423243316e+19,2.004,0.0,0.0,0.0,0.0,6613.0,-0.0,0.0,-107615888.0,-0.0,0.0,-0.0,0.0,0.0,2.004,2.004,225,-0.0,0.059,0.0,0.0,0.0,0.0,0.0,0.0,0.0,0,0,0,-1.6738011976933783e+31,0.0,-0.0,1.414186468038515e+19,-0.0,-71299.844,-2.003221666288478e+30,-0.0,-2.000425845880693e+28,-2.4575473014223667e+17,-0.0,881.096,0.0,0.0,0.0,-3.3093017515471453e+22,0,1.3516416376850534e+27,225,0.0,450,-74360974999552.0,-1814070656.0,2112,26215,17110,13107,17112,26215,17095,0,0,0,101,100,100,-107615200.0,63.05,0.0,63.95,-107615216.0,63.5,1,49,50,180,13107,26215,0,0,0.0,0.0,0.0,60.0,46146.555,71.0,0.0,33857122304.0,0.0,1071,0,1072,0,0,0,1072,0,1081,0,997,0,637,0,638,0,633,0,673,0.032,6.198106008766409e+21,2.004,-0.0,49296,16813,0.0,8.480847125210252e+32,-0.0,14143439872.0,6.356537599625721e+24,0.0,50.0,60.0,35,0.0,0.0,10.0,2.0,0.0,0.0,0.0,0.0,0.0,0.0,0.0,0.0,0.0,0.0,0.0,0.0,58.8,52,13,65511,27,65476,0,300,0,0,8,20529,65476,0,0,30147,60.0,0.0,10.0,10.0,2.0,0.0
2026-02-16T12:03:08,ERR,ERR,ERR,ERR,ERR,ERR,ERR,ERR,ERR,ERR,ERR,ERR,ERR,ERR,ERR,ERR,ERR,ERR,ERR,ERR,ERR,ERR,ERR,ERR,ERR,ERR,ERR,ERR,ERR,ERR,ERR,ERR,ERR,ERR,ERR,ERR,ERR,ERR,ERR,ERR,ERR,ERR,ERR,ERR,ERR,ERR,ERR,ERR,ERR,ERR,ERR,ERR,ERR,ERR,ERR,ERR,ERR,ERR,ERR,ERR,ERR,ERR,ERR,ERR,ERR,ERR,ERR,ERR,ERR,ERR,ERR,ERR,ERR,ERR,ERR,ERR,ERR,ERR,ERR,ERR,ERR,ERR,ERR,ERR,ERR,ERR,ERR,ERR,ERR,ERR,ERR,ERR,ERR,ERR,ERR,ERR,ERR,ERR,ERR,ERR,ERR,ERR,ERR,ERR,ERR,ERR,ERR,ERR,ERR,ERR,ERR,ERR,ERR,ERR,ERR,ERR,ERR,ERR,ERR,ERR,ERR,ERR,ERR,ERR,ERR,-107615888.0,-0.0,-108138560.0,-0.0,-0.0,-0.05,9.057200749515533e+33,2.266215510637019e+19,4300,0,8,17171,4300,14654993596416.0,38,0.0,0.0,-0.0,0.0,2.7184166902131945e+23,0,0,0,0,0.0,0,0,0,0,0,0,0,0,0,0,0,0,0,0,0,0,0,0,0,0,0,0,0,0,0,0,0,0,0,0,0,0,0,9,38,37,46,65476,397,65476,1,0,4,21553,0.0,0.0,6.092163475247334e+24,0.0,0.0,0.0,0.0,0.0,0.0,0.0,0.0,0.0,0.0,0.0,0.0,0.0,0.0,0.0,0.0,0.0,0.0,2.004,-0.0,-0.0,-3.697074423243316e+19,2.004,0.0,0.0,0.0,0.0,6610.0,-2.004,0.0,-0.0,-0.0,0.0,-0.0,0.0,0.0,2.004,2.004,224,2.718417410789135e+23,2.308838606653337e+20,0.0,0.0,0.0,0.0,0.0,0.0,0.0,0,0,0,-108996463689728.0,-1703019413504.0,2.5893465677215603e+32,1.8654987705729396e+21,1.2486951551631396e+25,0.0,-1.917726369740886e+38,0.0,13518406.0,-2.615173288380334e+17,-0.0,933.096,0.0,0.0,0.0,-0.0,0,1.3516416376850534e+27,224,0.0,448,-0.0,-0.0,2112,26215,17110,13107,17112,26215,17095,0,0,0,101,100,100,0.0,63.05,0.0,63.95,-107615216.0,63.5,1,49,50,180,13107,26215,0,0,0.0,0.0,0.0,60.0,0.094,71.0,0.0,4.122505595815561e+33,0.0,1071,0,1072,0,0,0,1072,0,1081,0,997,0,637,0,638,0,633,0,673,0.032,6.234999496913828e+21,2.004,-0.0,1680,16814,46146.555,0.0,2.1301324592493172e+27,-0.0,12029676544.0,0.0,50.0,60.0,35,0.0,0.0,10.0,2.0,0.0,0.0,0.0,0.0,0.0,0.0,0.0,0.0,0.0,0.0,0.0,0.0,58.8,52,13,65511,27,65476,0,300,0,0,8,20529,65476,0,0,30147,60.0,0.0,10.0,10.0,2.0,0.0
2026-02-16T12:03:09,ERR,ERR,ERR,ERR,ERR,ERR,ERR,ERR,ERR,ERR,ERR,ERR,ERR,ERR,ERR,ERR,ERR,ERR,ERR,ERR,ERR,ERR,ERR,ERR,ERR,ERR,ERR,ERR,ERR,ERR,ERR,ERR,ERR,ERR,ERR,ERR,ERR,ERR,ERR,ERR,ERR,ERR,ERR,ERR,ERR,ERR,ERR,ERR,ERR,ERR,ERR,ERR,ERR,ERR,ERR,ERR,ERR,ERR,ERR,ERR,ERR,ERR,ERR,ERR,ERR,ERR,ERR,ERR,ERR,ERR,ERR,ERR,ERR,ERR,ERR,ERR,ERR,ERR,ERR,ERR,ERR,ERR,ERR,ERR,ERR,ERR,ERR,ERR,ERR,ERR,ERR,ERR,ERR,ERR,ERR,ERR,ERR,ERR,ERR,ERR,ERR,ERR,ERR,ERR,ERR,ERR,ERR,ERR,ERR,ERR,ERR,ERR,ERR,ERR,ERR,ERR,ERR,ERR,ERR,ERR,ERR,ERR,ERR,ERR,ERR,-107615888.0,-0.0,-108138560.0,-0.0,-0.0,-0.05,9.057200749515533e+33,2.266215510637019e+19,4300,0,8,17171,4300,14654993596416.0,38,0.0,0.0,-0.0,0.0,2.7184166902131945e+23,0,0,0,0,0.0,0,0,0,0,0,0,0,0,0,0,0,0,0,0,0,0,0,0,0,0,0,0,0,0,0,0,0,0,0,0,0,0,0,9,38,37,46,65476,397,65476,1,0,4,21553,0.0,0.0,6.092163475247334e+24,0.0,0.0,0.0,0.0,0.0,0.0,0.0,0.0,0.0,0.0,0.0,0.0,0.0,0.0,0.0,0.0,0.0,0.0,2.004,-0.0,-0.0,-3.697074423243316e+19,2.004,0.0,0.0,0.0,0.0,6610.0,-2.004,0.0,-0.0,-0.0,0.0,-0.0,0.0,0.0,2.004,2.004,224,2.718417410789135e+23,2.308838606653337e+20,0.0,0.0,0.0,0.0,0.0,0.0,0.0,0,0,0,-108996463689728.0,-1703019413504.0,2.5893465677215603e+32,1.8654987705729396e+21,1.2486951551631396e+25,0.0,-1.917726369740886e+38,0.0,13518406.0,-2.615173288380334e+17,-0.0,933.096,0.0,0.0,0.0,-0.0,0,1.3516416376850534e+27,224,0.0,448,-0.0,-0.0,2112,26215,17110,13107,17112,26215,17095,0,0,0,101,100,100,0.0,63.05,0.0,63.95,-107615216.0,63.5,1,49,50,180,13107,26215,0,0,0.0,0.0,0.0,60.0,0.094,71.0,0.0,4.122505595815561e+33,0.0,1071,0,1072,0,0,0,1072,0,1081,0,997,0,637,0,638,0,633,0,673,0.032,6.234999496913828e+21,2.004,-0.0,1680,16814,46146.555,0.0,2.1301324592493172e+27,-0.0,12029676544.0,0.0,50.0,60.0,35,0.0,0.0,10.0,2.0,0.0,0.0,0.0,0.0,0.0,0.0,0.0,0.0,0.0,0.0,0.0,0.0,58.8,52,13,65511,27,65476,0,300,0,0,8,20529,65476,0,0,30147,60.0,0.0,10.0,10.0,2.0,0.0
2026-02-16T12:03:10,ERR,ERR,ERR,ERR,ERR,ERR,ERR,ERR,ERR,ERR,ERR,ERR,ERR,ERR,ERR,ERR,ERR,ERR,ERR,ERR,ERR,ERR,ERR,ERR,ERR,ERR,ERR,ERR,ERR,ERR,ERR,ERR,ERR,ERR,ERR,ERR,ERR,ERR,ERR,ERR,ERR,ERR,ERR,ERR,ERR,ERR,ERR,ERR,ERR,ERR,ERR,ERR,ERR,ERR,ERR,ERR,ERR,ERR,ERR,ERR,ERR,ERR,ERR,ERR,ERR,ERR,ERR,ERR,ERR,ERR,ERR,ERR,ERR,ERR,ERR,ERR,ERR,ERR,ERR,ERR,ERR,ERR,ERR,ERR,ERR,ERR,ERR,ERR,ERR,ERR,ERR,ERR,ERR,ERR,ERR,ERR,ERR,ERR,ERR,ERR,ERR,ERR,ERR,ERR,ERR,ERR,ERR,ERR,ERR,ERR,ERR,ERR,ERR,ERR,ERR,ERR,ERR,ERR,ERR,ERR,ERR,ERR,ERR,ERR,ERR,-107615888.0,-0.0,-108138560.0,-0.0,-0.0,-0.05,9.057200749515533e+33,2.266215510637019e+19,4300,0,8,17171,4300,14654993596416.0,38,0.0,0.0,-0.0,0.0,2.7184166902131945e+23,0,0,0,0,0.0,0,0,0,0,0,0,0,0,0,0,0,0,0,0,0,0,0,0,0,0,0,0,0,0,0,0,0,0,0,0,0,0,0,9,38,37,46,65476,397,65476,1,0,4,21553,0.0,0.0,6.092163475247334e+24,0.0,0.0,0.0,0.0,0.0,0.0,0.0,0.0,0.0,0.0,0.0,0.0,0.0,0.0,0.0,0.0,0.0,0.0,2.004,-0.0,-0.0,-3.697074423243316e+19,2.004,0.0,0.0,0.0,0.0,6610.0,-2.004,0.0,-0.0,-0.0,0.0,-0.0,0.0,0.0,2.004,2.004,224,2.718417410789135e+23,2.308838606653337e+20,0.0,0.0,0.0,0.0,0.0,0.0,0.0,0,0,0,-108996463689728.0,-1703019413504.0,2.5893465677215603e+32,1.8654987705729396e+21,1.2486951551631396e+25,0.0,-1.917726369740886e+38,0.0,13518406.0,-2.615173288380334e+17,-0.0,933.096,0.0,0.0,0.0,-0.0,0,1.3516416376850534e+27,224,0.0,448,-0.0,-0.0,2112,26215,17110,13107,17112,26215,17095,0,0,0,101,100,100,0.0,63.05,0.0,63.95,-107615216.0,63.5,1,49,50,180,13107,26215,0,0,0.0,0.0,0.0,60.0,0.094,71.0,0.0,4.122505595815561e+33,0.0,1071,0,1072,0,0,0,1072,0,1081,0,997,0,637,0,638,0,633,0,673,0.032,6.234999496913828e+21,2.004,-0.0,1680,16814,46146.555,0.0,2.1301324592493172e+27,-0.0,12029676544.0,0.0,50.0,60.0,35,0.0,0.0,10.0,2.0,0.0,0.0,0.0,0.0,0.0,0.0,0.0,0.0,0.0,0.0,0.0,0.0,58.8,52,13,65511,27,65476,0,300,0,0,8,20529,65476,0,0,30147,60.0,0.0,10.0,10.0,2.0,0.0
2026-02-16T12:03:11,ERR,ERR,ERR,ERR,ERR,ERR,ERR,ERR,ERR,ERR,ERR,ERR,ERR,ERR,ERR,ERR,ERR,ERR,ERR,ERR,ERR,ERR,ERR,ERR,ERR,ERR,ERR,ERR,ERR,ERR,ERR,ERR,ERR,ERR,ERR,ERR,ERR,ERR,ERR,ERR,ERR,ERR,ERR,ERR,ERR,ERR,ERR,ERR,ERR,ERR,ERR,ERR,ERR,ERR,ERR,ERR,ERR,ERR,ERR,ERR,ERR,ERR,ERR,ERR,ERR,ERR,ERR,ERR,ERR,ERR,ERR,ERR,ERR,ERR,ERR,ERR,ERR,ERR,ERR,ERR,ERR,ERR,ERR,ERR,ERR,ERR,ERR,ERR,ERR,ERR,ERR,ERR,ERR,ERR,ERR,ERR,ERR,ERR,ERR,ERR,ERR,ERR,ERR,ERR,ERR,ERR,ERR,ERR,ERR,ERR,ERR,ERR,ERR,ERR,ERR,ERR,ERR,ERR,ERR,ERR,ERR,ERR,ERR,ERR,ERR,-107615888.0,-0.0,-108138560.0,-0.0,-0.0,-0.05,9.057200749515533e+33,2.266215510637019e+19,4300,0,8,17171,4300,14654993596416.0,38,0.0,0.0,-0.0,0.0,2.7184166902131945e+23,0,0,0,0,0.0,0,0,0,0,0,0,0,0,0,0,0,0,0,0,0,0,0,0,0,0,0,0,0,0,0,0,0,0,0,0,0,0,0,9,38,37,46,65476,397,65476,1,0,4,21553,0.0,0.0,6.092163475247334e+24,0.0,0.0,0.0,0.0,0.0,0.0,0.0,0.0,0.0,0.0,0.0,0.0,0.0,0.0,0.0,0.0,0.0,0.0,2.004,-0.0,-0.0,-3.697074423243316e+19,2.004,0.0,0.0,0.0,0.0,6610.0,-2.004,0.0,-0.0,-0.0,0.0,-0.0,0.0,0.0,2.004,2.004,224,2.718417410789135e+23,2.308838606653337e+20,0.0,0.0,0.0,0.0,0.0,0.0,0.0,0,0,0,-108996463689728.0,-1703019413504.0,2.5893465677215603e+32,1.8654987705729396e+21,1.2486951551631396e+25,0.0,-1.917726369740886e+38,0.0,13518406.0,-2.615173288380334e+17,-0.0,933.096,0.0,0.0,0.0,-0.0,0,1.3516416376850534e+27,224,0.0,448,-0.0,-0.0,2112,26215,17110,13107,17112,26215,17095,0,0,0,101,100,100,0.0,63.3,0.0,63.95,-107615216.0,63.5,1,49,50,180,13107,26215,0,0,0.0,0.0,0.0,60.0,496627023872.0,71.0,0.0,6.35554476944874e+37,0.0,1071,0,1072,0,0,0,1072,0,1081,0,997,0,637,0,638,0,633,0,674,0.032,6.198106008766409e+21,2.004,-0.0,62096,16813,479958770122752.0,6.35554476944874e+37,-1.3246953672409088e+16,1.72578587968566e+26,-7122134528.0,2.1653326799606645e+19,50.0,60.0,35,0.0,0.0,10.0,2.0,0.0,0.0,0.0,0.0,0.0,0.0,0.0,0.0,0.0,0.0,0.0,0.0,58.8,52,13,65511,27,65476,0,300,0,0,8,20529,65476,0,0,30147,60.0,0.0,10.0,10.0,2.0,0.0
2026-02-16T12:03:12,ERR,ERR,ERR,ERR,ERR,ERR,ERR,ERR,ERR,ERR,ERR,ERR,ERR,ERR,ERR,ERR,ERR,ERR,ERR,ERR,ERR,ERR,ERR,ERR,ERR,ERR,ERR,ERR,ERR,ERR,ERR,ERR,ERR,ERR,ERR,ERR,ERR,ERR,ERR,ERR,ERR,ERR,ERR,ERR,ERR,ERR,ERR,ERR,ERR,ERR,ERR,ERR,ERR,ERR,ERR,ERR,ERR,ERR,ERR,ERR,ERR,ERR,ERR,ERR,ERR,ERR,ERR,ERR,ERR,ERR,ERR,ERR,ERR,ERR,ERR,ERR,ERR,ERR,ERR,ERR,ERR,ERR,ERR,ERR,ERR,ERR,ERR,ERR,ERR,ERR,ERR,ERR,ERR,ERR,ERR,ERR,ERR,ERR,ERR,ERR,ERR,ERR,ERR,ERR,ERR,ERR,ERR,ERR,ERR,ERR,ERR,ERR,ERR,ERR,ERR,ERR,ERR,ERR,ERR,ERR,ERR,ERR,ERR,ERR,ERR,-107615888.0,-0.0,-108138560.0,-0.0,-0.0,-0.05,9.057200749515533e+33,2.266215510637019e+19,4300,0,8,17171,4300,14654993596416.0,38,0.0,0.0,-0.0,0.0,2.7184166902131945e+23,0,0,0,0,0.0,0,0,0,0,0,0,0,0,0,0,0,0,0,0,0,0,0,0,0,0,0,0,0,0,0,0,0,0,0,0,0,0,0,9,38,37,46,65476,397,65476,1,0,4,21553,0.0,0.0,6.092163475247334e+24,0.0,0.0,0.0,0.0,0.0,0.0,0.0,0.0,0.0,0.0,0.0,0.0,0.0,0.0,0.0,0.0,0.0,0.0,2.004,-0.0,-0.0,-3.697074423243316e+19,2.004,0.0,0.0,0.0,0.0,6610.0,-2.004,0.0,-0.0,-0.0,0.0,-0.0,0.0,0.0,2.004,2.004,224,2.718417410789135e+23,2.308838606653337e+20,0.0,0.0,0.0,0.0,0.0,0.0,0.0,0,0,0,-108996463689728.0,-1703019413504.0,2.5893465677215603e+32,1.8654987705729396e+21,1.2486951551631396e+25,0.0,-1.917726369740886e+38,0.0,13518406.0,-2.615173288380334e+17,-0.0,933.096,0.0,0.0,0.0,-0.0,0,1.3516416376850534e+27,224,0.0,448,-0.0,-0.0,2112,26215,17110,13107,17112,26215,17095,0,0,0,101,100,100,0.0,63.3,0.0,63.95,-107615216.0,63.5,1,49,50,180,13107,26215,0,0,0.0,0.0,0.0,60.0,496627023872.0,71.0,0.0,6.35554476944874e+37,0.0,1071,0,1072,0,0,0,1072,0,1081,0,997,0,637,0,638,0,633,0,674,0.032,6.198106008766409e+21,2.004,-0.0,62096,16813,479958770122752.0,6.35554476944874e+37,-1.3246953672409088e+16,1.72578587968566e+26,-7122134528.0,2.1653326799606645e+19,50.0,60.0,35,0.0,0.0,10.0,2.0,0.0,0.0,0.0,0.0,0.0,0.0,0.0,0.0,0.0,0.0,0.0,0.0,58.8,52,13,65511,27,65476,0,300,0,0,8,20529,65476,0,0,30147,60.0,0.0,10.0,10.0,2.0,0.0
2026-02-16T12:03:13,ERR,ERR,ERR,ERR,ERR,ERR,ERR,ERR,ERR,ERR,ERR,ERR,ERR,ERR,ERR,ERR,ERR,ERR,ERR,ERR,ERR,ERR,ERR,ERR,ERR,ERR,ERR,ERR,ERR,ERR,ERR,ERR,ERR,ERR,ERR,ERR,ERR,ERR,ERR,ERR,ERR,ERR,ERR,ERR,ERR,ERR,ERR,ERR,ERR,ERR,ERR,ERR,ERR,ERR,ERR,ERR,ERR,ERR,ERR,ERR,ERR,ERR,ERR,ERR,ERR,ERR,ERR,ERR,ERR,ERR,ERR,ERR,ERR,ERR,ERR,ERR,ERR,ERR,ERR,ERR,ERR,ERR,ERR,ERR,ERR,ERR,ERR,ERR,ERR,ERR,ERR,ERR,ERR,ERR,ERR,ERR,ERR,ERR,ERR,ERR,ERR,ERR,ERR,ERR,ERR,ERR,ERR,ERR,ERR,ERR,ERR,ERR,ERR,ERR,ERR,ERR,ERR,ERR,ERR,ERR,ERR,ERR,ERR,ERR,ERR,-107615888.0,-0.0,-108138560.0,-0.0,-0.0,0.0,-0.0,-1.994556876982124e+21,4300,0,8,17171,4300,14654993596416.0,38,0.0,0.0,-0.0,0.0,2.7184166902131945e+23,0,0,0,0,0.0,0,0,0,0,0,0,0,0,0,0,0,0,0,0,0,0,0,0,0,0,0,0,0,0,0,0,0,0,0,0,0,0,0,9,38,37,46,65476,394,65476,1,0,4,21553,0.0,2.7183305813883192e+23,7.837963353752287e+28,0.0,0.0,0.0,0.0,0.0,0.0,0.0,0.0,0.0,0.0,0.0,0.0,0.0,0.0,0.0,0.0,0.0,0.0,2.004,-2.004,-0.0,-3.697074423243316e+19,0.0,0.0,0.0,0.0,0.0,6609.0,-3.697208123857253e+19,0.0,-107615888.0,-0.0,2.718450196994422e+23,2.7184509175703625e+23,0.0,0.0,2.004,2.004,224,1.9056859227671757e+17,2.7184282194282406e+23,0.0,0.0,0.0,0.0,0.0,0.0,0.0,0,0,0,-3.6031889725270576e+20,2957110784.0,1.1847751085161877e+30,1.6579752301586022e+17,8.338720954851135e+22,-0.0,-4314900507656192.0,-0.0,-14501445.0,-2.750281277201449e+17,-0.0,981.096,0.0,0.0,0.0,-0.001,0,1.3516416376850534e+27,224,0.0,448,-74360974999552.0,0.0,2112,26215,17110,13107,17112,26215,17095,0,0,0,101,100,100,0.0,63.3,0.0,63.95,-107615216.0,63.5,1,49,50,180,13107,26215,0,0,0.0,0.0,0.0,60.0,496627023872.0,71.0,0.0,6.35554476944874e+37,0.0,1071,0,1072,0,0,0,1072,0,1081,0,997,0,637,0,638,0,633,0,674,0.032,6.198106008766409e+21,2.004,-0.0,62096,16813,479958770122752.0,6.35554476944874e+37,-1.3246953672409088e+16,1.72578587968566e+26,-7122134528.0,2.1653326799606645e+19,50.0,60.0,35,0.0,0.0,10.0,2.0,0.0,0.0,0.0,0.0,0.0,0.0,0.0,0.0,0.0,0.0,0.0,0.0,58.8,52,13,65511,27,65476,0,300,0,0,8,20529,65476,0,0,30147,60.0,0.0,10.0,10.0,2.0,0.0
2026-02-16T12:03:14,ERR,ERR,ERR,ERR,ERR,ERR,ERR,ERR,ERR,ERR,ERR,ERR,ERR,ERR,ERR,ERR,ERR,ERR,ERR,ERR,ERR,ERR,ERR,ERR,ERR,ERR,ERR,ERR,ERR,ERR,ERR,ERR,ERR,ERR,ERR,ERR,ERR,ERR,ERR,ERR,ERR,ERR,ERR,ERR,ERR,ERR,ERR,ERR,ERR,ERR,ERR,ERR,ERR,ERR,ERR,ERR,ERR,ERR,ERR,ERR,ERR,ERR,ERR,ERR,ERR,ERR,ERR,ERR,ERR,ERR,ERR,ERR,ERR,ERR,ERR,ERR,ERR,ERR,ERR,ERR,ERR,ERR,ERR,ERR,ERR,ERR,ERR,ERR,ERR,ERR,ERR,ERR,ERR,ERR,ERR,ERR,ERR,ERR,ERR,ERR,ERR,ERR,ERR,ERR,ERR,ERR,ERR,ERR,ERR,ERR,ERR,ERR,ERR,ERR,ERR,ERR,ERR,ERR,ERR,ERR,ERR,ERR,ERR,ERR,ERR,-107615888.0,-0.0,-108138560.0,-0.0,-0.0,0.0,-0.0,-1.994556876982124e+21,4300,0,8,17171,4300,14654993596416.0,38,0.0,0.0,-0.0,0.0,2.7184166902131945e+23,0,0,0,0,0.0,0,0,0,0,0,0,0,0,0,0,0,0,0,0,0,0,0,0,0,0,0,0,0,0,0,0,0,0,0,0,0,0,0,9,38,37,46,65476,394,65476,1,0,4,21553,0.0,2.7183305813883192e+23,7.837963353752287e+28,0.0,0.0,0.0,0.0,0.0,0.0,0.0,0.0,0.0,0.0,0.0,0.0,0.0,0.0,0.0,0.0,0.0,0.0,2.004,-2.004,-0.0,-3.697074423243316e+19,0.0,0.0,0.0,0.0,0.0,6609.0,-3.697208123857253e+19,0.0,-107615888.0,-0.0,2.718450196994422e+23,2.7184509175703625e+23,0.0,0.0,2.004,2.004,224,1.9056859227671757e+17,2.7184282194282406e+23,0.0,0.0,0.0,0.0,0.0,0.0,0.0,0,0,0,-3.6031889725270576e+20,2957110784.0,1.1847751085161877e+30,1.6579752301586022e+17,8.338720954851135e+22,-0.0,-4314900507656192.0,-0.0,-14501445.0,-2.750281277201449e+17,-0.0,981.096,0.0,0.0,0.0,-0.001,0,1.3516416376850534e+27,224,0.0,448,-74360974999552.0,0.0,2112,26215,17110,13107,17112,26215,17095,0,0,0,101,100,100,0.0,63.3,0.0,63.95,-107615216.0,63.5,1,49,50,180,13107,26215,0,0,0.0,0.0,0.0,60.0,496627023872.0,71.0,0.0,6.35554476944874e+37,0.0,1071,0,1072,0,0,0,1072,0,1081,0,997,0,637,0,638,0,633,0,674,0.032,6.198106008766409e+21,2.004,-0.0,62096,16813,479958770122752.0,6.35554476944874e+37,-1.3246953672409088e+16,1.72578587968566e+26,-7122134528.0,2.1653326799606645e+19,50.0,60.0,35,0.0,0.0,10.0,2.0,0.0,0.0,0.0,0.0,0.0,0.0,0.0,0.0,0.0,0.0,0.0,0.0,58.8,52,13,65511,27,65476,0,300,0,0,8,20529,65476,0,0,30147,60.0,0.0,10.0,10.0,2.0,0.0
2026-02-16T12:03:15,ERR,ERR,ERR,ERR,ERR,ERR,ERR,ERR,ERR,ERR,ERR,ERR,ERR,ERR,ERR,ERR,ERR,ERR,ERR,ERR,ERR,ERR,ERR,ERR,ERR,ERR,ERR,ERR,ERR,ERR,ERR,ERR,ERR,ERR,ERR,ERR,ERR,ERR,ERR,ERR,ERR,ERR,ERR,ERR,ERR,ERR,ERR,ERR,ERR,ERR,ERR,ERR,ERR,ERR,ERR,ERR,ERR,ERR,ERR,ERR,ERR,ERR,ERR,ERR,ERR,ERR,ERR,ERR,ERR,ERR,ERR,ERR,ERR,ERR,ERR,ERR,ERR,ERR,ERR,ERR,ERR,ERR,ERR,ERR,ERR,ERR,ERR,ERR,ERR,ERR,ERR,ERR,ERR,ERR,ERR,ERR,ERR,ERR,ERR,ERR,ERR,ERR,ERR,ERR,ERR,ERR,ERR,ERR,ERR,ERR,ERR,ERR,ERR,ERR,ERR,ERR,ERR,ERR,ERR,ERR,ERR,ERR,ERR,ERR,ERR,-107615888.0,-0.0,-108138560.0,-0.0,-0.0,0.0,-0.0,-1.994556876982124e+21,4300,0,8,17171,4300,14654993596416.0,38,0.0,0.0,-0.0,0.0,2.7184166902131945e+23,0,0,0,0,0.0,0,0,0,0,0,0,0,0,0,0,0,0,0,0,0,0,0,0,0,0,0,0,0,0,0,0,0,0,0,0,0,0,0,9,38,37,46,65476,394,65476,1,0,4,21553,0.0,2.7183305813883192e+23,7.837963353752287e+28,0.0,0.0,0.0,0.0,0.0,0.0,0.0,0.0,0.0,0.0,0.0,0.0,0.0,0.0,0.0,0.0,0.0,0.0,2.004,-2.004,-0.0,-3.697074423243316e+19,0.0,0.0,0.0,0.0,0.0,6609.0,-3.697208123857253e+19,0.0,-107615888.0,-0.0,2.718450196994422e+23,2.7184509175703625e+23,0.0,0.0,2.004,2.004,224,1.9056859227671757e+17,2.7184282194282406e+23,0.0,0.0,0.0,0.0,0.0,0.0,0.0,0,0,0,-3.6031889725270576e+20,2957110784.0,1.1847751085161877e+30,1.6579752301586022e+17,8.338720954851135e+22,-0.0,-4314900507656192.0,-0.0,-14501445.0,-2.750281277201449e+17,-0.0,981.096,0.0,0.0,0.0,-0.001,0,1.3516416376850534e+27,224,0.0,448,-74360974999552.0,0.0,2112,26215,17110,13107,17112,13107,17095,0,0,0,101,100,100,0.0,63.3,0.0,63.95,-107615216.0,63.5,1,49,50,180,13107,26215,0,0,0.0,0.0,0.0,60.0,1830897408.0,71.0,0.0,-266605920.0,0.0,1071,0,1071,0,0,0,1072,0,1081,0,996,0,637,0,638,0,633,0,675,0.032,6.198106008766409e+21,-0.0,-107615280.0,63120,16813,1830897408.0,-266605920.0,-2.1035104021729906e+38,0.0,-1.527315332138554e+34,2.0208430782272951e+37,50.0,60.0,35,0.0,0.0,10.0,2.0,0.0,0.0,0.0,0.0,0.0,0.0,0.0,0.0,0.0,0.0,0.0,0.0,58.8,52,13,65511,27,65476,0,300,0,0,8,20529,65476,0,0,30147,60.0,0.0,10.0,10.0,2.0,0.0
2026-02-16T12:03:16,ERR,ERR,ERR,ERR,ERR,ERR,ERR,ERR,ERR,ERR,ERR,ERR,ERR,ERR,ERR,ERR,ERR,ERR,ERR,ERR,ERR,ERR,ERR,ERR,ERR,ERR,ERR,ERR,ERR,ERR,ERR,ERR,ERR,ERR,ERR,ERR,ERR,ERR,ERR,ERR,ERR,ERR,ERR,ERR,ERR,ERR,ERR,ERR,ERR,ERR,ERR,ERR,ERR,ERR,ERR,ERR,ERR,ERR,ERR,ERR,ERR,ERR,ERR,ERR,ERR,ERR,ERR,ERR,ERR,ERR,ERR,ERR,ERR,ERR,ERR,ERR,ERR,ERR,ERR,ERR,ERR,ERR,ERR,ERR,ERR,ERR,ERR,ERR,ERR,ERR,ERR,ERR,ERR,ERR,ERR,ERR,ERR,ERR,ERR,ERR,ERR,ERR,ERR,ERR,ERR,ERR,ERR,ERR,ERR,ERR,ERR,ERR,ERR,ERR,ERR,ERR,ERR,ERR,ERR,ERR,ERR,ERR,ERR,ERR,ERR,-107615888.0,-0.0,-108138560.0,-0.0,-0.0,0.0,-0.0,-1.994556876982124e+21,4300,0,8,17171,4300,14654993596416.0,38,0.0,0.0,-0.0,0.0,2.7184166902131945e+23,0,0,0,0,0.0,0,0,0,0,0,0,0,0,0,0,0,0,0,0,0,0,0,0,0,0,0,0,0,0,0,0,0,0,0,0,0,0,0,9,38,37,46,65476,394,65476,1,0,4,21553,0.0,2.7183305813883192e+23,7.837963353752287e+28,0.0,0.0,0.0,0.0,0.0,0.0,0.0,0.0,0.0,0.0,0.0,0.0,0.0,0.0,0.0,0.0,0.0,0.0,2.004,-2.004,-0.0,-3.697074423243316e+19,0.0,0.0,0.0,0.0,0.0,6609.0,-3.697208123857253e+19,0.0,-107615888.0,-0.0,2.718450196994422e+23,2.7184509175703625e+23,0.0,0.0,2.004,2.004,224,1.9056859227671757e+17,2.7184282194282406e+23,0.0,0.0,0.0,0.0,0.0,0.0,0.0,0,0,0,-3.6031889725270576e+20,2957110784.0,1.1847751085161877e+30,1.6579752301586022e+17,8.338720954851135e+22,-0.0,-4314900507656192.0,-0.0,-14501445.0,-2.750281277201449e+17,-0.0,981.096,0.0,0.0,0.0,-0.001,0,1.3516416376850534e+27,224,0.0,448,-74360974999552.0,0.0,2112,26215,17110,13107,17112,13107,17095,0,0,0,101,100,100,0.0,63.3,0.0,63.95,-107615216.0,63.5,1,49,50,180,13107,26215,0,0,0.0,0.0,0.0,60.0,1830897408.0,71.0,0.0,-266605920.0,0.0,1071,0,1071,0,0,0,1072,0,1081,0,996,0,637,0,638,0,633,0,675,0.032,6.198106008766409e+21,-0.0,-107615280.0,63120,16813,1830897408.0,-266605920.0,-2.1035104021729906e+38,0.0,-1.527315332138554e+34,2.0208430782272951e+37,50.0,60.0,35,0.0,0.0,10.0,2.0,0.0,0.0,0.0,0.0,0.0,0.0,0.0,0.0,0.0,0.0,0.0,0.0,58.8,52,13,65511,27,65476,0,300,0,0,8,20529,65476,0,0,30147,60.0,0.0,10.0,10.0,2.0,0.0
2026-02-16T12:03:17,ERR,ERR,ERR,ERR,ERR,ERR,ERR,ERR,ERR,ERR,ERR,ERR,ERR,ERR,ERR,ERR,ERR,ERR,ERR,ERR,ERR,ERR,ERR,ERR,ERR,ERR,ERR,ERR,ERR,ERR,ERR,ERR,ERR,ERR,ERR,ERR,ERR,ERR,ERR,ERR,ERR,ERR,ERR,ERR,ERR,ERR,ERR,ERR,ERR,ERR,ERR,ERR,ERR,ERR,ERR,ERR,ERR,ERR,ERR,ERR,ERR,ERR,ERR,ERR,ERR,ERR,ERR,ERR,ERR,ERR,ERR,ERR,ERR,ERR,ERR,ERR,ERR,ERR,ERR,ERR,ERR,ERR,ERR,ERR,ERR,ERR,ERR,ERR,ERR,ERR,ERR,ERR,ERR,ERR,ERR,ERR,ERR,ERR,ERR,ERR,ERR,ERR,ERR,ERR,ERR,ERR,ERR,ERR,ERR,ERR,ERR,ERR,ERR,ERR,ERR,ERR,ERR,ERR,ERR,ERR,ERR,ERR,ERR,ERR,ERR,-107615888.0,-0.0,-108138560.0,-0.0,-0.0,0.0,-0.0,-1.994556876982124e+21,4300,0,8,17171,4300,14654993596416.0,38,0.0,0.0,-0.0,0.0,2.7184166902131945e+23,0,0,0,0,0.0,0,0,0,0,0,0,0,0,0,0,0,0,0,0,0,0,0,0,0,0,0,0,0,0,0,0,0,0,0,0,0,0,0,9,38,37,46,65476,394,65476,1,0,4,21553,0.0,2.7183305813883192e+23,7.837963353752287e+28,0.0,0.0,0.0,0.0,0.0,0.0,0.0,0.0,0.0,0.0,0.0,0.0,0.0,0.0,0.0,0.0,0.0,0.0,2.004,-2.004,-0.0,-3.697074423243316e+19,0.0,0.0,0.0,0.0,0.0,6609.0,-3.697208123857253e+19,0.0,-107615888.0,-0.0,2.718450196994422e+23,2.7184509175703625e+23,0.0,0.0,2.004,2.004,224,1.9056859227671757e+17,2.7184282194282406e+23,0.0,0.0,0.0,0.0,0.0,0.0,0.0,0,0,0,-3.6031889725270576e+20,2957110784.0,1.1847751085161877e+30,1.6579752301586022e+17,8.338720954851135e+22,-0.0,-4314900507656192.0,-0.0,-14501445.0,-2.750281277201449e+17,-0.0,981.096,0.0,0.0,0.0,-0.001,0,1.3516416376850534e+27,224,0.0,448,-74360974999552.0,0.0,2112,26215,17110,13107,17112,13107,17095,0,0,0,101,100,100,0.0,63.3,0.0,63.95,-107615216.0,63.5,1,49,50,180,13107,26215,0,0,0.0,0.0,0.0,60.0,1830897408.0,71.0,0.0,-266605920.0,0.0,1071,0,1071,0,0,0,1072,0,1081,0,996,0,637,0,638,0,633,0,675,0.032,6.198106008766409e+21,-0.0,-107615280.0,63120,16813,1830897408.0,-266605920.0,-2.1035104021729906e+38,0.0,-1.527315332138554e+34,2.0208430782272951e+37,50.0,60.0,35,0.0,0.0,10.0,2.0,0.0,0.0,0.0,0.0,0.0,0.0,0.0,0.0,0.0,0.0,0.0,0.0,58.8,52,13,65511,27,65476,0,300,0,0,8,20529,65476,0,0,30147,60.0,0.0,10.0,10.0,2.0,0.0
2026-02-16T12:03:18,ERR,ERR,ERR,ERR,ERR,ERR,ERR,ERR,ERR,ERR,ERR,ERR,ERR,ERR,ERR,ERR,ERR,ERR,ERR,ERR,ERR,ERR,ERR,ERR,ERR,ERR,ERR,ERR,ERR,ERR,ERR,ERR,ERR,ERR,ERR,ERR,ERR,ERR,ERR,ERR,ERR,ERR,ERR,ERR,ERR,ERR,ERR,ERR,ERR,ERR,ERR,ERR,ERR,ERR,ERR,ERR,ERR,ERR,ERR,ERR,ERR,ERR,ERR,ERR,ERR,ERR,ERR,ERR,ERR,ERR,ERR,ERR,ERR,ERR,ERR,ERR,ERR,ERR,ERR,ERR,ERR,ERR,ERR,ERR,ERR,ERR,ERR,ERR,ERR,ERR,ERR,ERR,ERR,ERR,ERR,ERR,ERR,ERR,ERR,ERR,ERR,ERR,ERR,ERR,ERR,ERR,ERR,ERR,ERR,ERR,ERR,ERR,ERR,ERR,ERR,ERR,ERR,ERR,ERR,ERR,ERR,ERR,ERR,ERR,ERR,-107615888.0,-0.0,-108138560.0,-0.0,-0.0,1.752,-0.0,-6.931329461937766e+16,4300,0,8,17171,4300,14654993596416.0,38,0.0,0.0,-0.0,0.0,2.7184166902131945e+23,0,0,0,0,0.0,0,0,0,0,0,0,0,0,0,0,0,0,0,0,0,0,0,0,0,0,0,0,0,0,0,0,0,0,0,0,0,0,0,8,38,37,46,65476,394,65476,1,0,4,21553,0.0,2.7183305813883192e+23,-0.0,0.0,0.0,0.0,0.0,0.0,0.0,0.0,0.0,0.0,0.0,0.0,0.0,0.0,0.0,0.0,0.0,0.0,0.0,2.004,-2.004,-0.0,0.0,0.0,0.0,0.0,0.0,0.0,6642.0,0.0,0.0,-0.0,-0.0,2.718450196994422e+23,2.7184509175703625e+23,0.0,0.0,2.004,2.004,224,2.718417410789135e+23,-0.0,0.0,0.0,0.0,0.0,0.0,0.0,0.0,0,0,0,-1.8613754436391052e+22,-0.0,3.8477708553063575e+36,-0.0,2.6514908853468777e+35,-0.0,-319460237901824.0,0.0,-0.0,-2.910992768664863e+17,-0.0,1034.193,0.0,0.0,0.0,-1.4828004783595783e+25,0,1.3516416376850534e+27,224,0.0,448,-0.0,0.0,2112,26215,17110,13107,17112,13107,17095,0,0,0,101,100,100,0.0,63.3,0.0,63.95,-107615216.0,63.5,1,49,50,180,13107,26215,0,0,0.0,0.0,0.0,60.0,0.0,71.0,0.0,238294368.0,0.0,1071,0,1072,0,0,0,1072,0,1081,0,996,0,637,0,638,0,633,0,675,0.032,6.198106008766409e+21,-2.004,0.0,52624,16813,0.176,1260432128.0,6.150107271371612e+30,1.6278232531250003e+36,11906071920640.0,0.0,50.0,60.0,35,0.0,0.0,10.0,2.0,0.0,0.0,0.0,0.0,0.0,0.0,0.0,0.0,0.0,0.0,0.0,0.0,58.8,52,13,65511,27,65476,0,300,0,0,8,20529,65476,0,0,30147,60.0,0.0,10.0,10.0,2.0,0.0
2026-02-16T12:03:19,ERR,ERR,ERR,ERR,ERR,ERR,ERR,ERR,ERR,ERR,ERR,ERR,ERR,ERR,ERR,ERR,ERR,ERR,ERR,ERR,ERR,ERR,ERR,ERR,ERR,ERR,ERR,ERR,ERR,ERR,ERR,ERR,ERR,ERR,ERR,ERR,ERR,ERR,ERR,ERR,ERR,ERR,ERR,ERR,ERR,ERR,ERR,ERR,ERR,ERR,ERR,ERR,ERR,ERR,ERR,ERR,ERR,ERR,ERR,ERR,ERR,ERR,ERR,ERR,ERR,ERR,ERR,ERR,ERR,ERR,ERR,ERR,ERR,ERR,ERR,ERR,ERR,ERR,ERR,ERR,ERR,ERR,ERR,ERR,ERR,ERR,ERR,ERR,ERR,ERR,ERR,ERR,ERR,ERR,ERR,ERR,ERR,ERR,ERR,ERR,ERR,ERR,ERR,ERR,ERR,ERR,ERR,ERR,ERR,ERR,ERR,ERR,ERR,ERR,ERR,ERR,ERR,ERR,ERR,ERR,ERR,ERR,ERR,ERR,ERR,-107615888.0,-0.0,-108138560.0,-0.0,-0.0,1.752,-0.0,-6.931329461937766e+16,4300,0,8,17171,4300,14654993596416.0,38,0.0,0.0,-0.0,0.0,2.7184166902131945e+23,0,0,0,0,0.0,0,0,0,0,0,0,0,0,0,0,0,0,0,0,0,0,0,0,0,0,0,0,0,0,0,0,0,0,0,0,0,0,0,8,38,37,46,65476,394,65476,1,0,4,21553,0.0,2.7183305813883192e+23,-0.0,0.0,0.0,0.0,0.0,0.0,0.0,0.0,0.0,0.0,0.0,0.0,0.0,0.0,0.0,0.0,0.0,0.0,0.0,2.004,-2.004,-0.0,0.0,0.0,0.0,0.0,0.0,0.0,6642.0,0.0,0.0,-0.0,-0.0,2.718450196994422e+23,2.7184509175703625e+23,0.0,0.0,2.004,2.004,224,2.718417410789135e+23,-0.0,0.0,0.0,0.0,0.0,0.0,0.0,0.0,0,0,0,-1.8613754436391052e+22,-0.0,3.8477708553063575e+36,-0.0,2.6514908853468777e+35,-0.0,-319460237901824.0,0.0,-0.0,-2.910992768664863e+17,-0.0,1034.193,0.0,0.0,0.0,-1.4828004783595783e+25,0,1.3516416376850534e+27,224,0.0,448,-0.0,0.0,2112,26215,17110,13107,17112,13107,17095,0,0,0,101,100,100,0.0,63.3,0.0,63.95,-107615216.0,63.5,1,49,50,180,13107,26215,0,0,0.0,0.0,0.0,60.0,0.0,71.0,0.0,238294368.0,0.0,1071,0,1072,0,0,0,1072,0,1081,0,996,0,637,0,638,0,633,0,675,0.032,6.198106008766409e+21,-2.004,0.0,52624,16813,0.176,1260432128.0,6.150107271371612e+30,1.6278232531250003e+36,11906071920640.0,0.0,50.0,60.0,35,0.0,0.0,10.0,2.0,0.0,0.0,0.0,0.0,0.0,0.0,0.0,0.0,0.0,0.0,0.0,0.0,58.8,52,13,65511,27,65476,0,300,0,0,8,20529,65476,0,0,30147,60.0,0.0,10.0,10.0,2.0,0.0
2026-02-16T12:03:20,ERR,ERR,ERR,ERR,ERR,ERR,ERR,ERR,ERR,ERR,ERR,ERR,ERR,ERR,ERR,ERR,ERR,ERR,ERR,ERR,ERR,ERR,ERR,ERR,ERR,ERR,ERR,ERR,ERR,ERR,ERR,ERR,ERR,ERR,ERR,ERR,ERR,ERR,ERR,ERR,ERR,ERR,ERR,ERR,ERR,ERR,ERR,ERR,ERR,ERR,ERR,ERR,ERR,ERR,ERR,ERR,ERR,ERR,ERR,ERR,ERR,ERR,ERR,ERR,ERR,ERR,ERR,ERR,ERR,ERR,ERR,ERR,ERR,ERR,ERR,ERR,ERR,ERR,ERR,ERR,ERR,ERR,ERR,ERR,ERR,ERR,ERR,ERR,ERR,ERR,ERR,ERR,ERR,ERR,ERR,ERR,ERR,ERR,ERR,ERR,ERR,ERR,ERR,ERR,ERR,ERR,ERR,ERR,ERR,ERR,ERR,ERR,ERR,ERR,ERR,ERR,ERR,ERR,ERR,ERR,ERR,ERR,ERR,ERR,ERR,-107615888.0,-0.0,-108138560.0,-0.0,-0.0,1.752,-0.0,-6.931329461937766e+16,4300,0,8,17171,4300,14654993596416.0,38,0.0,0.0,-0.0,0.0,2.7184166902131945e+23,0,0,0,0,0.0,0,0,0,0,0,0,0,0,0,0,0,0,0,0,0,0,0,0,0,0,0,0,0,0,0,0,0,0,0,0,0,0,0,8,38,37,46,65476,394,65476,1,0,4,21553,0.0,2.7183305813883192e+23,-0.0,0.0,0.0,0.0,0.0,0.0,0.0,0.0,0.0,0.0,0.0,0.0,0.0,0.0,0.0,0.0,0.0,0.0,0.0,2.004,-2.004,-0.0,0.0,0.0,0.0,0.0,0.0,0.0,6642.0,0.0,0.0,-0.0,-0.0,2.718450196994422e+23,2.7184509175703625e+23,0.0,0.0,2.004,2.004,224,2.718417410789135e+23,-0.0,0.0,0.0,0.0,0.0,0.0,0.0,0.0,0,0,0,-1.8613754436391052e+22,-0.0,3.8477708553063575e+36,-0.0,2.6514908853468777e+35,-0.0,-319460237901824.0,0.0,-0.0,-2.910992768664863e+17,-0.0,1034.193,0.0,0.0,0.0,-1.4828004783595783e+25,0,1.3516416376850534e+27,224,0.0,448,-0.0,0.0,2112,26215,17110,13107,17112,13107,17095,0,0,0,101,100,100,0.0,63.3,0.0,63.95,-107615216.0,63.5,1,49,50,180,13107,26215,0,0,0.0,0.0,0.0,60.0,0.0,71.0,0.0,238294368.0,0.0,1071,0,1072,0,0,0,1072,0,1081,0,996,0,637,0,638,0,633,0,675,0.032,6.198106008766409e+21,-2.004,0.0,52624,16813,0.176,1260432128.0,6.150107271371612e+30,1.6278232531250003e+36,11906071920640.0,0.0,50.0,60.0,35,0.0,0.0,10.0,2.0,0.0,0.0,0.0,0.0,0.0,0.0,0.0,0.0,0.0,0.0,0.0,0.0,58.8,52,13,65511,27,65476,0,300,0,0,8,20529,65476,0,0,30147,60.0,0.0,10.0,10.0,2.0,0.0
2026-02-16T12:03:21,ERR,ERR,ERR,ERR,ERR,ERR,ERR,ERR,ERR,ERR,ERR,ERR,ERR,ERR,ERR,ERR,ERR,ERR,ERR,ERR,ERR,ERR,ERR,ERR,ERR,ERR,ERR,ERR,ERR,ERR,ERR,ERR,ERR,ERR,ERR,ERR,ERR,ERR,ERR,ERR,ERR,ERR,ERR,ERR,ERR,ERR,ERR,ERR,ERR,ERR,ERR,ERR,ERR,ERR,ERR,ERR,ERR,ERR,ERR,ERR,ERR,ERR,ERR,ERR,ERR,ERR,ERR,ERR,ERR,ERR,ERR,ERR,ERR,ERR,ERR,ERR,ERR,ERR,ERR,ERR,ERR,ERR,ERR,ERR,ERR,ERR,ERR,ERR,ERR,ERR,ERR,ERR,ERR,ERR,ERR,ERR,ERR,ERR,ERR,ERR,ERR,ERR,ERR,ERR,ERR,ERR,ERR,ERR,ERR,ERR,ERR,ERR,ERR,ERR,ERR,ERR,ERR,ERR,ERR,ERR,ERR,ERR,ERR,ERR,ERR,-107615888.0,-0.0,-108138560.0,-0.0,-0.0,1.752,-0.0,-6.931329461937766e+16,4300,0,8,17171,4300,14654993596416.0,38,0.0,0.0,-0.0,0.0,2.7184166902131945e+23,0,0,0,0,0.0,0,0,0,0,0,0,0,0,0,0,0,0,0,0,0,0,0,0,0,0,0,0,0,0,0,0,0,0,0,0,0,0,0,8,38,37,46,65476,394,65476,1,0,4,21553,0.0,2.7183305813883192e+23,-0.0,0.0,0.0,0.0,0.0,0.0,0.0,0.0,0.0,0.0,0.0,0.0,0.0,0.0,0.0,0.0,0.0,0.0,0.0,2.004,-2.004,-0.0,0.0,0.0,0.0,0.0,0.0,0.0,6642.0,0.0,0.0,-0.0,-0.0,2.718450196994422e+23,2.7184509175703625e+23,0.0,0.0,2.004,2.004,224,2.718417410789135e+23,-0.0,0.0,0.0,0.0,0.0,0.0,0.0,0.0,0,0,0,-1.8613754436391052e+22,-0.0,3.8477708553063575e+36,-0.0,2.6514908853468777e+35,-0.0,-319460237901824.0,0.0,-0.0,-2.910992768664863e+17,-0.0,1034.193,0.0,0.0,0.0,-1.4828004783595783e+25,0,1.3516416376850534e+27,224,0.0,448,-0.0,0.0,2112,26215,17110,13107,17112,13107,17095,0,0,0,101,100,100,0.0,63.3,0.0,63.95,-107615216.0,63.5,1,49,50,180,13107,26215,0,0,0.0,0.0,0.0,60.0,0.0,71.0,0.0,238294368.0,0.0,1071,0,1072,0,0,0,1072,0,1081,0,996,0,637,0,638,0,633,0,675,0.032,6.198106008766409e+21,-2.004,0.0,52624,16813,0.176,1260432128.0,6.150107271371612e+30,1.6278232531250003e+36,11906071920640.0,0.0,50.0,60.0,35,0.0,0.0,10.0,2.0,0.0,0.0,0.0,0.0,0.0,0.0,0.0,0.0,0.0,0.0,0.0,0.0,58.8,52,13,65511,27,65476,0,300,0,0,8,20529,65476,0,0,30147,60.0,0.0,10.0,10.0,2.0,0.0
2026-02-16T12:03:22,ERR,ERR,ERR,ERR,ERR,ERR,ERR,ERR,ERR,ERR,ERR,ERR,ERR,ERR,ERR,ERR,ERR,ERR,ERR,ERR,ERR,ERR,ERR,ERR,ERR,ERR,ERR,ERR,ERR,ERR,ERR,ERR,ERR,ERR,ERR,ERR,ERR,ERR,ERR,ERR,ERR,ERR,ERR,ERR,ERR,ERR,ERR,ERR,ERR,ERR,ERR,ERR,ERR,ERR,ERR,ERR,ERR,ERR,ERR,ERR,ERR,ERR,ERR,ERR,ERR,ERR,ERR,ERR,ERR,ERR,ERR,ERR,ERR,ERR,ERR,ERR,ERR,ERR,ERR,ERR,ERR,ERR,ERR,ERR,ERR,ERR,ERR,ERR,ERR,ERR,ERR,ERR,ERR,ERR,ERR,ERR,ERR,ERR,ERR,ERR,ERR,ERR,ERR,ERR,ERR,ERR,ERR,ERR,ERR,ERR,ERR,ERR,ERR,ERR,ERR,ERR,ERR,ERR,ERR,ERR,ERR,ERR,ERR,ERR,ERR,-107615888.0,-0.0,-108138560.0,-0.0,-0.0,1.752,-0.0,-6.931329461937766e+16,4300,0,8,17171,4300,14654993596416.0,38,0.0,0.0,-0.0,0.0,2.7184166902131945e+23,0,0,0,0,0.0,0,0,0,0,0,0,0,0,0,0,0,0,0,0,0,0,0,0,0,0,0,0,0,0,0,0,0,0,0,0,0,0,0,8,38,37,46,65476,394,65476,1,0,4,21553,0.0,2.7183305813883192e+23,-0.0,0.0,0.0,0.0,0.0,0.0,0.0,0.0,0.0,0.0,0.0,0.0,0.0,0.0,0.0,0.0,0.0,0.0,0.0,2.004,-2.004,-0.0,0.0,0.0,0.0,0.0,0.0,0.0,6642.0,0.0,0.0,-0.0,-0.0,2.718450196994422e+23,2.7184509175703625e+23,0.0,0.0,2.004,2.004,224,2.718417410789135e+23,-0.0,0.0,0.0,0.0,0.0,0.0,0.0,0.0,0,0,0,-1.8613754436391052e+22,-0.0,3.8477708553063575e+36,-0.0,2.6514908853468777e+35,-0.0,-319460237901824.0,0.0,-0.0,-2.910992768664863e+17,-0.0,1034.193,0.0,0.0,0.0,-1.4828004783595783e+25,0,1.3516416376850534e+27,224,0.0,448,-0.0,0.0,2112,26215,17110,13107,17112,13107,17095,0,0,0,101,100,100,0.0,63.3,0.0,63.95,-107615216.0,63.5,1,49,50,180,13107,26215,0,0,0.0,0.0,0.0,60.0,0.0,71.0,0.0,4.0119452947009875e+34,0.0,1071,0,1072,0,0,0,1072,0,1081,0,996,0,637,0,638,0,633,0,675,0.032,6.198106008766409e+21,-2.004,0.0,45328,16813,569.04,4.0119452947009875e+34,-0.0,0.0,-0.0,0.0,50.0,60.0,35,0.0,0.0,10.0,2.0,0.0,0.0,0.0,0.0,0.0,0.0,0.0,0.0,0.0,0.0,0.0,0.0,58.8,52,13,65511,27,65476,0,300,0,0,8,20529,65476,0,0,30147,60.0,0.0,10.0,10.0,2.0,0.0
2026-02-16T12:03:23,ERR,ERR,ERR,ERR,ERR,ERR,ERR,ERR,ERR,ERR,ERR,ERR,ERR,ERR,ERR,ERR,ERR,ERR,ERR,ERR,ERR,ERR,ERR,ERR,ERR,ERR,ERR,ERR,ERR,ERR,ERR,ERR,ERR,ERR,ERR,ERR,ERR,ERR,ERR,ERR,ERR,ERR,ERR,ERR,ERR,ERR,ERR,ERR,ERR,ERR,ERR,ERR,ERR,ERR,ERR,ERR,ERR,ERR,ERR,ERR,ERR,ERR,ERR,ERR,ERR,ERR,ERR,ERR,ERR,ERR,ERR,ERR,ERR,ERR,ERR,ERR,ERR,ERR,ERR,ERR,ERR,ERR,ERR,ERR,ERR,ERR,ERR,ERR,ERR,ERR,ERR,ERR,ERR,ERR,ERR,ERR,ERR,ERR,ERR,ERR,ERR,ERR,ERR,ERR,ERR,ERR,ERR,ERR,ERR,ERR,ERR,ERR,ERR,ERR,ERR,ERR,ERR,ERR,ERR,ERR,ERR,ERR,ERR,ERR,ERR,-107615888.0,-0.0,-108138560.0,-0.0,-0.0,0.0,-0.0,-6.507431966148665e+24,4300,0,8,17171,4300,14654993596416.0,39,0.0,0.0,-0.0,0.0,2.7184166902131945e+23,0,0,0,0,0.0,0,0,0,0,0,0,0,0,0,0,0,0,0,0,0,0,0,0,0,0,0,0,0,0,0,0,0,0,0,0,0,0,0,9,37,37,46,65476,391,65476,1,0,4,21553,0.0,-107610976.0,-1.5791679060364493e+17,0.0,0.0,0.0,0.0,0.0,0.0,0.0,0.0,0.0,0.0,0.0,0.0,0.0,0.0,0.0,0.0,0.0,0.0,2.004,-0.0,-0.0,0.0,0.0,0.0,0.0,0.0,0.0,6645.0,0.0,0.0,-0.0,-0.0,2.718450196994422e+23,2.7184509175703625e+23,0.0,0.0,2.004,2.004,225,-0.0,-0.0,0.0,0.0,0.0,0.0,0.0,0.0,0.0,0,0,0,-3.5650807087488995e+21,549918.938,4.037807595237714e+32,-3172.124,1.222607400759218e+26,-0.0,-0.0,-2.8285992155700265e+19,0.0,-3.203726744443945e+17,-0.0,1138.193,0.0,0.0,0.0,0.0,0,1.3516416376850534e+27,225,0.0,450,-0.0,0.0,2112,26215,17110,13107,17112,13107,17095,0,0,0,101,100,100,0.0,63.3,0.0,63.95,-107615216.0,63.5,1,49,50,180,13107,26215,0,0,0.0,0.0,0.0,60.0,0.0,71.0,0.0,4.0119452947009875e+34,0.0,1071,0,1072,0,0,0,1072,0,1081,0,996,0,637,0,638,0,633,0,675,0.032,6.198106008766409e+21,-2.004,0.0,45328,16813,569.04,4.0119452947009875e+34,-0.0,0.0,-0.0,0.0,50.0,60.0,35,0.0,0.0,10.0,2.0,0.0,0.0,0.0,0.0,0.0,0.0,0.0,0.0,0.0,0.0,0.0,0.0,58.8,52,13,65511,27,65476,0,300,0,0,8,20529,65476,0,0,30147,60.0,0.0,10.0,10.0,2.0,0.0
2026-02-16T12:03:24,ERR,ERR,ERR,ERR,ERR,ERR,ERR,ERR,ERR,ERR,ERR,ERR,ERR,ERR,ERR,ERR,ERR,ERR,ERR,ERR,ERR,ERR,ERR,ERR,ERR,ERR,ERR,ERR,ERR,ERR,ERR,ERR,ERR,ERR,ERR,ERR,ERR,ERR,ERR,ERR,ERR,ERR,ERR,ERR,ERR,ERR,ERR,ERR,ERR,ERR,ERR,ERR,ERR,ERR,ERR,ERR,ERR,ERR,ERR,ERR,ERR,ERR,ERR,ERR,ERR,ERR,ERR,ERR,ERR,ERR,ERR,ERR,ERR,ERR,ERR,ERR,ERR,ERR,ERR,ERR,ERR,ERR,ERR,ERR,ERR,ERR,ERR,ERR,ERR,ERR,ERR,ERR,ERR,ERR,ERR,ERR,ERR,ERR,ERR,ERR,ERR,ERR,ERR,ERR,ERR,ERR,ERR,ERR,ERR,ERR,ERR,ERR,ERR,ERR,ERR,ERR,ERR,ERR,ERR,ERR,ERR,ERR,ERR,ERR,ERR,-107615888.0,-0.0,-108138560.0,-0.0,-0.0,0.0,-0.0,-6.507431966148665e+24,4300,0,8,17171,4300,14654993596416.0,39,0.0,0.0,-0.0,0.0,2.7184166902131945e+23,0,0,0,0,0.0,0,0,0,0,0,0,0,0,0,0,0,0,0,0,0,0,0,0,0,0,0,0,0,0,0,0,0,0,0,0,0,0,0,9,37,37,46,65476,391,65476,1,0,4,21553,0.0,-107610976.0,-1.5791679060364493e+17,0.0,0.0,0.0,0.0,0.0,0.0,0.0,0.0,0.0,0.0,0.0,0.0,0.0,0.0,0.0,0.0,0.0,0.0,2.004,-0.0,-0.0,0.0,0.0,0.0,0.0,0.0,0.0,6645.0,0.0,0.0,-0.0,-0.0,2.718450196994422e+23,2.7184509175703625e+23,0.0,0.0,2.004,2.004,225,-0.0,-0.0,0.0,0.0,0.0,0.0,0.0,0.0,0.0,0,0,0,-3.5650807087488995e+21,549918.938,4.037807595237714e+32,-3172.124,1.222607400759218e+26,-0.0,-0.0,-2.8285992155700265e+19,0.0,-3.203726744443945e+17,-0.0,1138.193,0.0,0.0,0.0,0.0,0,1.3516416376850534e+27,225,0.0,450,-0.0,0.0,2112,26215,17110,13107,17112,13107,17095,0,0,0,101,100,100,0.0,63.3,0.0,63.95,-107615216.0,63.5,1,49,50,180,13107,26215,0,0,0.0,0.0,0.0,60.0,0.0,71.0,0.0,4.0119452947009875e+34,0.0,1071,0,1072,0,0,0,1072,0,1081,0,996,0,637,0,638,0,633,0,675,0.032,6.198106008766409e+21,-2.004,0.0,45328,16813,569.04,4.0119452947009875e+34,-0.0,0.0,-0.0,0.0,50.0,60.0,35,0.0,0.0,10.0,2.0,0.0,0.0,0.0,0.0,0.0,0.0,0.0,0.0,0.0,0.0,0.0,0.0,59.2,52,13,65511,27,65476,0,300,0,0,8,20529,65476,0,0,30147,60.0,0.0,10.0,10.0,2.0,0.0
2026-02-16T12:03:25,ERR,ERR,ERR,ERR,ERR,ERR,ERR,ERR,ERR,ERR,ERR,ERR,ERR,ERR,ERR,ERR,ERR,ERR,ERR,ERR,ERR,ERR,ERR,ERR,ERR,ERR,ERR,ERR,ERR,ERR,ERR,ERR,ERR,ERR,ERR,ERR,ERR,ERR,ERR,ERR,ERR,ERR,ERR,ERR,ERR,ERR,ERR,ERR,ERR,ERR,ERR,ERR,ERR,ERR,ERR,ERR,ERR,ERR,ERR,ERR,ERR,ERR,ERR,ERR,ERR,ERR,ERR,ERR,ERR,ERR,ERR,ERR,ERR,ERR,ERR,ERR,ERR,ERR,ERR,ERR,ERR,ERR,ERR,ERR,ERR,ERR,ERR,ERR,ERR,ERR,ERR,ERR,ERR,ERR,ERR,ERR,ERR,ERR,ERR,ERR,ERR,ERR,ERR,ERR,ERR,ERR,ERR,ERR,ERR,ERR,ERR,ERR,ERR,ERR,ERR,ERR,ERR,ERR,ERR,ERR,ERR,ERR,ERR,ERR,ERR,-107615888.0,-0.0,-108138560.0,-0.0,-0.0,0.0,-0.0,-6.507431966148665e+24,4300,0,8,17171,4300,14654993596416.0,39,0.0,0.0,-0.0,0.0,2.7184166902131945e+23,0,0,0,0,0.0,0,0,0,0,0,0,0,0,0,0,0,0,0,0,0,0,0,0,0,0,0,0,0,0,0,0,0,0,0,0,0,0,0,9,37,37,46,65476,391,65476,1,0,4,21553,0.0,-107610976.0,-1.5791679060364493e+17,0.0,0.0,0.0,0.0,0.0,0.0,0.0,0.0,0.0,0.0,0.0,0.0,0.0,0.0,0.0,0.0,0.0,0.0,2.004,-0.0,-0.0,0.0,0.0,0.0,0.0,0.0,0.0,6645.0,0.0,0.0,-0.0,-0.0,2.718450196994422e+23,2.7184509175703625e+23,0.0,0.0,2.004,2.004,225,-0.0,-0.0,0.0,0.0,0.0,0.0,0.0,0.0,0.0,0,0,0,-3.5650807087488995e+21,549918.938,4.037807595237714e+32,-3172.124,1.222607400759218e+26,-0.0,-0.0,-2.8285992155700265e+19,0.0,-3.203726744443945e+17,-0.0,1138.193,0.0,0.0,0.0,0.0,0,1.3516416376850534e+27,225,0.0,450,-0.0,0.0,2112,26215,17110,13107,17112,13107,17095,0,0,0,101,100,100,0.0,63.3,0.0,63.95,-107615216.0,63.5,1,49,50,180,13107,26215,0,0,0.0,0.0,0.0,60.0,0.0,71.0,0.0,89787056.0,0.0,1071,0,1072,0,0,0,1072,0,1081,0,996,0,637,0,638,0,633,0,675,0.032,6.16121252061899e+21,-2.004,0.0,49168,16813,0.0,89787056.0,3.715479313307402e+18,-0.0,0.023,-1.166635660163198e+31,50.0,60.0,35,0.0,0.0,10.0,2.0,0.0,0.0,0.0,0.0,0.0,0.0,0.0,0.0,0.0,0.0,0.0,0.0,58.8,52,13,65511,27,65476,0,300,0,0,8,20529,65476,0,0,30147,60.0,0.0,10.0,10.0,2.0,0.0
2026-02-16T12:03:26,ERR,ERR,ERR,ERR,ERR,ERR,ERR,ERR,ERR,ERR,ERR,ERR,ERR,ERR,ERR,ERR,ERR,ERR,ERR,ERR,ERR,ERR,ERR,ERR,ERR,ERR,ERR,ERR,ERR,ERR,ERR,ERR,ERR,ERR,ERR,ERR,ERR,ERR,ERR,ERR,ERR,ERR,ERR,ERR,ERR,ERR,ERR,ERR,ERR,ERR,ERR,ERR,ERR,ERR,ERR,ERR,ERR,ERR,ERR,ERR,ERR,ERR,ERR,ERR,ERR,ERR,ERR,ERR,ERR,ERR,ERR,ERR,ERR,ERR,ERR,ERR,ERR,ERR,ERR,ERR,ERR,ERR,ERR,ERR,ERR,ERR,ERR,ERR,ERR,ERR,ERR,ERR,ERR,ERR,ERR,ERR,ERR,ERR,ERR,ERR,ERR,ERR,ERR,ERR,ERR,ERR,ERR,ERR,ERR,ERR,ERR,ERR,ERR,ERR,ERR,ERR,ERR,ERR,ERR,ERR,ERR,ERR,ERR,ERR,ERR,-107615888.0,-0.0,-108138560.0,-0.0,-0.0,0.0,-0.0,-6.507431966148665e+24,4300,0,8,17171,4300,14654993596416.0,39,0.0,0.0,-0.0,0.0,2.7184166902131945e+23,0,0,0,0,0.0,0,0,0,0,0,0,0,0,0,0,0,0,0,0,0,0,0,0,0,0,0,0,0,0,0,0,0,0,0,0,0,0,0,9,37,37,46,65476,391,65476,1,0,4,21553,0.0,-107610976.0,-1.5791679060364493e+17,0.0,0.0,0.0,0.0,0.0,0.0,0.0,0.0,0.0,0.0,0.0,0.0,0.0,0.0,0.0,0.0,0.0,0.0,2.004,-0.0,-0.0,0.0,0.0,0.0,0.0,0.0,0.0,6645.0,0.0,0.0,-0.0,-0.0,2.718450196994422e+23,2.7184509175703625e+23,0.0,0.0,2.004,2.004,225,-0.0,-0.0,0.0,0.0,0.0,0.0,0.0,0.0,0.0,0,0,0,-3.5650807087488995e+21,549918.938,4.037807595237714e+32,-3172.124,1.222607400759218e+26,-0.0,-0.0,-2.8285992155700265e+19,0.0,-3.203726744443945e+17,-0.0,1138.193,0.0,0.0,0.0,0.0,0,1.3516416376850534e+27,225,0.0,450,-0.0,0.0,2112,26215,17110,13107,17112,13107,17095,0,0,0,101,100,100,0.0,63.3,0.0,63.95,-107615216.0,63.5,1,49,50,180,13107,26215,0,0,0.0,0.0,0.0,60.0,0.0,71.0,0.0,89787056.0,0.0,1071,0,1072,0,0,0,1072,0,1081,0,996,0,637,0,638,0,633,0,675,0.032,6.16121252061899e+21,-2.004,0.0,49168,16813,0.0,89787056.0,3.715479313307402e+18,-0.0,0.023,-1.166635660163198e+31,50.0,60.0,35,0.0,0.0,10.0,2.0,0.0,0.0,0.0,0.0,0.0,0.0,0.0,0.0,0.0,0.0,0.0,0.0,58.8,52,13,65511,27,65476,0,300,0,0,8,20529,65476,0,0,30147,60.0,0.0,10.0,10.0,2.0,0.0
2026-02-16T12:03:27,ERR,ERR,ERR,ERR,ERR,ERR,ERR,ERR,ERR,ERR,ERR,ERR,ERR,ERR,ERR,ERR,ERR,ERR,ERR,ERR,ERR,ERR,ERR,ERR,ERR,ERR,ERR,ERR,ERR,ERR,ERR,ERR,ERR,ERR,ERR,ERR,ERR,ERR,ERR,ERR,ERR,ERR,ERR,ERR,ERR,ERR,ERR,ERR,ERR,ERR,ERR,ERR,ERR,ERR,ERR,ERR,ERR,ERR,ERR,ERR,ERR,ERR,ERR,ERR,ERR,ERR,ERR,ERR,ERR,ERR,ERR,ERR,ERR,ERR,ERR,ERR,ERR,ERR,ERR,ERR,ERR,ERR,ERR,ERR,ERR,ERR,ERR,ERR,ERR,ERR,ERR,ERR,ERR,ERR,ERR,ERR,ERR,ERR,ERR,ERR,ERR,ERR,ERR,ERR,ERR,ERR,ERR,ERR,ERR,ERR,ERR,ERR,ERR,ERR,ERR,ERR,ERR,ERR,ERR,ERR,ERR,ERR,ERR,ERR,ERR,-107615888.0,-0.0,-108138560.0,-0.0,-0.0,0.0,-0.0,-6.507431966148665e+24,4300,0,8,17171,4300,14654993596416.0,39,0.0,0.0,-0.0,0.0,2.7184166902131945e+23,0,0,0,0,0.0,0,0,0,0,0,0,0,0,0,0,0,0,0,0,0,0,0,0,0,0,0,0,0,0,0,0,0,0,0,0,0,0,0,9,37,37,46,65476,391,65476,1,0,4,21553,0.0,-107610976.0,-1.5791679060364493e+17,0.0,0.0,0.0,0.0,0.0,0.0,0.0,0.0,0.0,0.0,0.0,0.0,0.0,0.0,0.0,0.0,0.0,0.0,2.004,-0.0,-0.0,0.0,0.0,0.0,0.0,0.0,0.0,6645.0,0.0,0.0,-0.0,-0.0,2.718450196994422e+23,2.7184509175703625e+23,0.0,0.0,2.004,2.004,225,-0.0,-0.0,0.0,0.0,0.0,0.0,0.0,0.0,0.0,0,0,0,-3.5650807087488995e+21,549918.938,4.037807595237714e+32,-3172.124,1.222607400759218e+26,-0.0,-0.0,-2.8285992155700265e+19,0.0,-3.203726744443945e+17,-0.0,1138.193,0.0,0.0,0.0,0.0,0,1.3516416376850534e+27,225,0.0,450,-0.0,0.0,2112,26215,17110,13107,17112,13107,17095,0,0,0,101,100,100,0.0,63.3,0.0,63.95,-107615216.0,63.5,1,49,50,180,13107,26215,0,0,0.0,0.0,0.0,60.0,0.0,71.0,0.0,89787056.0,0.0,1071,0,1072,0,0,0,1072,0,1081,0,996,0,637,0,638,0,633,0,675,0.032,6.16121252061899e+21,-2.004,0.0,49168,16813,0.0,89787056.0,3.715479313307402e+18,-0.0,0.023,-1.166635660163198e+31,50.0,60.0,35,0.0,0.0,10.0,2.0,0.0,0.0,0.0,0.0,0.0,0.0,0.0,0.0,0.0,0.0,0.0,0.0,58.8,52,13,65511,27,65476,0,300,0,0,8,20529,65476,0,0,30147,60.0,0.0,10.0,10.0,2.0,0.0
2026-02-16T12:03:28,ERR,ERR,ERR,ERR,ERR,ERR,ERR,ERR,ERR,ERR,ERR,ERR,ERR,ERR,ERR,ERR,ERR,ERR,ERR,ERR,ERR,ERR,ERR,ERR,ERR,ERR,ERR,ERR,ERR,ERR,ERR,ERR,ERR,ERR,ERR,ERR,ERR,ERR,ERR,ERR,ERR,ERR,ERR,ERR,ERR,ERR,ERR,ERR,ERR,ERR,ERR,ERR,ERR,ERR,ERR,ERR,ERR,ERR,ERR,ERR,ERR,ERR,ERR,ERR,ERR,ERR,ERR,ERR,ERR,ERR,ERR,ERR,ERR,ERR,ERR,ERR,ERR,ERR,ERR,ERR,ERR,ERR,ERR,ERR,ERR,ERR,ERR,ERR,ERR,ERR,ERR,ERR,ERR,ERR,ERR,ERR,ERR,ERR,ERR,ERR,ERR,ERR,ERR,ERR,ERR,ERR,ERR,ERR,ERR,ERR,ERR,ERR,ERR,ERR,ERR,ERR,ERR,ERR,ERR,ERR,ERR,ERR,ERR,ERR,ERR,-0.0,-0.0,0.0,-0.0,0.0,0.0,2.376706176572849e+25,2.882083876327759e+28,4300,0,8,17171,4300,14654993596416.0,39,0.0,0.0,-0.0,0.0,0.0,0,0,0,0,0.0,0,0,0,0,0,0,0,0,0,0,0,0,0,0,0,0,0,0,0,0,0,0,0,0,0,0,0,0,0,0,0,0,0,9,37,37,46,65476,392,65476,1,0,4,21553,0.0,-0.0,3.004,0.0,0.0,0.0,0.0,0.0,0.0,0.0,0.0,0.0,0.0,0.0,0.0,0.0,0.0,0.0,0.0,0.0,0.0,2.004,-2.004,-0.0,0.0,0.0,0.0,0.0,0.0,0.0,6646.0,0.0,0.0,-0.0,-0.0,2.718450196994422e+23,2.7184509175703625e+23,0.0,0.0,2.004,2.004,225,-0.0,-0.0,0.0,0.0,0.0,0.0,0.0,0.0,0.0,0,0,0,-5.890241415295795e+16,-4.225631477025934e+20,2.724919667117261e+18,2.0511374351042747e+33,10669621510144.0,-2.494088249462213e+23,-0.0,2.0522173220048077e+17,6.657541862248332e+36,-3.451424723949322e+17,-0.0,1242.193,0.0,0.0,0.0,-1.839693509745967e+18,0,1.3516416376850534e+27,225,0.0,450,-74360974999552.0,-0.0,2112,26215,17110,13107,17112,13107,17095,0,0,0,101,100,100,0.0,63.3,0.0,63.95,-107615216.0,63.5,1,49,50,180,13107,26215,0,0,0.0,0.0,0.0,60.0,0.0,71.0,0.0,89787056.0,0.0,1071,0,1072,0,0,0,1072,0,1081,0,996,0,637,0,638,0,633,0,675,0.032,6.16121252061899e+21,-2.004,0.0,49168,16813,0.0,89787056.0,3.715479313307402e+18,-0.0,0.023,-1.166635660163198e+31,50.0,60.0,35,0.0,0.0,10.0,2.0,0.0,0.0,0.0,0.0,0.0,0.0,0.0,0.0,0.0,0.0,0.0,0.0,58.8,52,13,65511,27,65476,0,300,0,0,8,20529,65476,0,0,30147,60.0,0.0,10.0,10.0,2.0,0.0
2026-02-16T12:03:29,ERR,ERR,ERR,ERR,ERR,ERR,ERR,ERR,ERR,ERR,ERR,ERR,ERR,ERR,ERR,ERR,ERR,ERR,ERR,ERR,ERR,ERR,ERR,ERR,ERR,ERR,ERR,ERR,ERR,ERR,ERR,ERR,ERR,ERR,ERR,ERR,ERR,ERR,ERR,ERR,ERR,ERR,ERR,ERR,ERR,ERR,ERR,ERR,ERR,ERR,ERR,ERR,ERR,ERR,ERR,ERR,ERR,ERR,ERR,ERR,ERR,ERR,ERR,ERR,ERR,ERR,ERR,ERR,ERR,ERR,ERR,ERR,ERR,ERR,ERR,ERR,ERR,ERR,ERR,ERR,ERR,ERR,ERR,ERR,ERR,ERR,ERR,ERR,ERR,ERR,ERR,ERR,ERR,ERR,ERR,ERR,ERR,ERR,ERR,ERR,ERR,ERR,ERR,ERR,ERR,ERR,ERR,ERR,ERR,ERR,ERR,ERR,ERR,ERR,ERR,ERR,ERR,ERR,ERR,ERR,ERR,ERR,ERR,ERR,ERR,-0.0,-0.0,0.0,-0.0,0.0,0.0,2.376706176572849e+25,2.882083876327759e+28,4300,0,8,17171,4300,14654993596416.0,39,0.0,0.0,-0.0,0.0,0.0,0,0,0,0,0.0,0,0,0,0,0,0,0,0,0,0,0,0,0,0,0,0,0,0,0,0,0,0,0,0,0,0,0,0,0,0,0,0,0,9,37,37,46,65476,392,65476,1,0,4,21553,0.0,-0.0,3.004,0.0,0.0,0.0,0.0,0.0,0.0,0.0,0.0,0.0,0.0,0.0,0.0,0.0,0.0,0.0,0.0,0.0,0.0,2.004,-2.004,-0.0,0.0,0.0,0.0,0.0,0.0,0.0,6646.0,0.0,0.0,-0.0,-0.0,2.718450196994422e+23,2.7184509175703625e+23,0.0,0.0,2.004,2.004,225,-0.0,-0.0,0.0,0.0,0.0,0.0,0.0,0.0,0.0,0,0,0,-5.890241415295795e+16,-4.225631477025934e+20,2.724919667117261e+18,2.0511374351042747e+33,10669621510144.0,-2.494088249462213e+23,-0.0,2.0522173220048077e+17,6.657541862248332e+36,-3.451424723949322e+17,-0.0,1242.193,0.0,0.0,0.0,-1.839693509745967e+18,0,1.3516416376850534e+27,225,0.0,450,-74360974999552.0,-0.0,2112,26215,17110,13107,17112,26215,17095,0,0,0,101,100,100,0.0,63.3,0.0,63.95,-107615216.0,63.5,1,49,50,180,13107,26215,0,0,0.0,0.0,0.0,60.0,0.0,71.0,0.0,0.0,0.0,1071,0,1071,0,0,0,1072,0,1081,0,996,0,637,0,638,0,633,0,675,0.032,6.198106008766409e+21,-2.004,0.0,51088,16813,0.0,0.0,-2.942630739533641e+23,-2.6732339129663108e+28,-0.0,-0.0,50.0,60.0,35,0.0,0.0,10.0,2.0,0.0,0.0,0.0,0.0,0.0,0.0,0.0,0.0,0.0,0.0,0.0,0.0,58.8,52,13,65511,27,65476,0,300,0,0,8,20529,65476,0,0,30147,60.0,0.0,10.0,10.0,2.0,0.0
2026-02-16T12:03:30,ERR,ERR,ERR,ERR,ERR,ERR,ERR,ERR,ERR,ERR,ERR,ERR,ERR,ERR,ERR,ERR,ERR,ERR,ERR,ERR,ERR,ERR,ERR,ERR,ERR,ERR,ERR,ERR,ERR,ERR,ERR,ERR,ERR,ERR,ERR,ERR,ERR,ERR,ERR,ERR,ERR,ERR,ERR,ERR,ERR,ERR,ERR,ERR,ERR,ERR,ERR,ERR,ERR,ERR,ERR,ERR,ERR,ERR,ERR,ERR,ERR,ERR,ERR,ERR,ERR,ERR,ERR,ERR,ERR,ERR,ERR,ERR,ERR,ERR,ERR,ERR,ERR,ERR,ERR,ERR,ERR,ERR,ERR,ERR,ERR,ERR,ERR,ERR,ERR,ERR,ERR,ERR,ERR,ERR,ERR,ERR,ERR,ERR,ERR,ERR,ERR,ERR,ERR,ERR,ERR,ERR,ERR,ERR,ERR,ERR,ERR,ERR,ERR,ERR,ERR,ERR,ERR,ERR,ERR,ERR,ERR,ERR,ERR,ERR,ERR,-0.0,-0.0,0.0,-0.0,0.0,0.0,2.376706176572849e+25,2.882083876327759e+28,4300,0,8,17171,4300,14654993596416.0,39,0.0,0.0,-0.0,0.0,0.0,0,0,0,0,0.0,0,0,0,0,0,0,0,0,0,0,0,0,0,0,0,0,0,0,0,0,0,0,0,0,0,0,0,0,0,0,0,0,0,9,37,37,46,65476,392,65476,1,0,4,21553,0.0,-0.0,3.004,0.0,0.0,0.0,0.0,0.0,0.0,0.0,0.0,0.0,0.0,0.0,0.0,0.0,0.0,0.0,0.0,0.0,0.0,2.004,-2.004,-0.0,0.0,0.0,0.0,0.0,0.0,0.0,6646.0,0.0,0.0,-0.0,-0.0,2.718450196994422e+23,2.7184509175703625e+23,0.0,0.0,2.004,2.004,225,-0.0,-0.0,0.0,0.0,0.0,0.0,0.0,0.0,0.0,0,0,0,-5.890241415295795e+16,-4.225631477025934e+20,2.724919667117261e+18,2.0511374351042747e+33,10669621510144.0,-2.494088249462213e+23,-0.0,2.0522173220048077e+17,6.657541862248332e+36,-3.451424723949322e+17,-0.0,1242.193,0.0,0.0,0.0,-1.839693509745967e+18,0,1.3516416376850534e+27,225,0.0,450,-74360974999552.0,-0.0,2112,26215,17110,13107,17112,26215,17095,0,0,0,101,100,100,0.0,63.3,0.0,63.95,-107615216.0,63.5,1,49,50,180,13107,26215,0,0,0.0,0.0,0.0,60.0,0.0,71.0,0.0,0.0,0.0,1071,0,1071,0,0,0,1072,0,1081,0,996,0,637,0,638,0,633,0,675,0.032,6.198106008766409e+21,-2.004,0.0,51088,16813,0.0,0.0,-2.942630739533641e+23,-2.6732339129663108e+28,-0.0,-0.0,50.0,60.0,35,0.0,0.0,10.0,2.0,0.0,0.0,0.0,0.0,0.0,0.0,0.0,0.0,0.0,0.0,0.0,0.0,58.8,52,13,65511,27,65476,0,300,0,0,8,20529,65476,0,0,30147,60.0,0.0,10.0,10.0,2.0,0.0
2026-02-16T12:03:31,ERR,ERR,ERR,ERR,ERR,ERR,ERR,ERR,ERR,ERR,ERR,ERR,ERR,ERR,ERR,ERR,ERR,ERR,ERR,ERR,ERR,ERR,ERR,ERR,ERR,ERR,ERR,ERR,ERR,ERR,ERR,ERR,ERR,ERR,ERR,ERR,ERR,ERR,ERR,ERR,ERR,ERR,ERR,ERR,ERR,ERR,ERR,ERR,ERR,ERR,ERR,ERR,ERR,ERR,ERR,ERR,ERR,ERR,ERR,ERR,ERR,ERR,ERR,ERR,ERR,ERR,ERR,ERR,ERR,ERR,ERR,ERR,ERR,ERR,ERR,ERR,ERR,ERR,ERR,ERR,ERR,ERR,ERR,ERR,ERR,ERR,ERR,ERR,ERR,ERR,ERR,ERR,ERR,ERR,ERR,ERR,ERR,ERR,ERR,ERR,ERR,ERR,ERR,ERR,ERR,ERR,ERR,ERR,ERR,ERR,ERR,ERR,ERR,ERR,ERR,ERR,ERR,ERR,ERR,ERR,ERR,ERR,ERR,ERR,ERR,-0.0,-0.0,0.0,-0.0,0.0,0.0,2.376706176572849e+25,2.882083876327759e+28,4300,0,8,17171,4300,14654993596416.0,39,0.0,0.0,-0.0,0.0,0.0,0,0,0,0,0.0,0,0,0,0,0,0,0,0,0,0,0,0,0,0,0,0,0,0,0,0,0,0,0,0,0,0,0,0,0,0,0,0,0,9,37,37,46,65476,392,65476,1,0,4,21553,0.0,-0.0,3.004,0.0,0.0,0.0,0.0,0.0,0.0,0.0,0.0,0.0,0.0,0.0,0.0,0.0,0.0,0.0,0.0,0.0,0.0,2.004,-2.004,-0.0,0.0,0.0,0.0,0.0,0.0,0.0,6646.0,0.0,0.0,-0.0,-0.0,2.718450196994422e+23,2.7184509175703625e+23,0.0,0.0,2.004,2.004,225,-0.0,-0.0,0.0,0.0,0.0,0.0,0.0,0.0,0.0,0,0,0,-5.890241415295795e+16,-4.225631477025934e+20,2.724919667117261e+18,2.0511374351042747e+33,10669621510144.0,-2.494088249462213e+23,-0.0,2.0522173220048077e+17,6.657541862248332e+36,-3.451424723949322e+17,-0.0,1242.193,0.0,0.0,0.0,-1.839693509745967e+18,0,1.3516416376850534e+27,225,0.0,450,-74360974999552.0,-0.0,2112,26215,17110,13107,17112,26215,17095,0,0,0,101,100,100,0.0,63.3,0.0,63.95,-107615216.0,63.5,1,49,50,180,13107,26215,0,0,0.0,0.0,0.0,60.0,0.0,71.0,0.0,0.0,0.0,1071,0,1071,0,0,0,1072,0,1081,0,996,0,637,0,638,0,633,0,675,0.032,6.198106008766409e+21,-2.004,0.0,51088,16813,0.0,0.0,-2.942630739533641e+23,-2.6732339129663108e+28,-0.0,-0.0,50.0,60.0,35,0.0,0.0,10.0,2.0,0.0,0.0,0.0,0.0,0.0,0.0,0.0,0.0,0.0,0.0,0.0,0.0,58.8,52,13,65511,27,65476,0,300,0,0,8,20529,65476,0,0,30147,60.0,0.0,10.0,10.0,2.0,0.0
2026-02-16T12:03:32,ERR,ERR,ERR,ERR,ERR,ERR,ERR,ERR,ERR,ERR,ERR,ERR,ERR,ERR,ERR,ERR,ERR,ERR,ERR,ERR,ERR,ERR,ERR,ERR,ERR,ERR,ERR,ERR,ERR,ERR,ERR,ERR,ERR,ERR,ERR,ERR,ERR,ERR,ERR,ERR,ERR,ERR,ERR,ERR,ERR,ERR,ERR,ERR,ERR,ERR,ERR,ERR,ERR,ERR,ERR,ERR,ERR,ERR,ERR,ERR,ERR,ERR,ERR,ERR,ERR,ERR,ERR,ERR,ERR,ERR,ERR,ERR,ERR,ERR,ERR,ERR,ERR,ERR,ERR,ERR,ERR,ERR,ERR,ERR,ERR,ERR,ERR,ERR,ERR,ERR,ERR,ERR,ERR,ERR,ERR,ERR,ERR,ERR,ERR,ERR,ERR,ERR,ERR,ERR,ERR,ERR,ERR,ERR,ERR,ERR,ERR,ERR,ERR,ERR,ERR,ERR,ERR,ERR,ERR,ERR,ERR,ERR,ERR,ERR,ERR,-107615888.0,-0.0,-108138560.0,-0.0,-0.0,0.0,5.327680156414771e+16,0.0,4300,0,8,17171,4300,14654993596416.0,39,0.0,0.0,-0.0,0.0,0.0,0,0,0,0,0.0,0,0,0,0,0,0,0,0,0,0,0,0,0,0,0,0,0,0,0,0,0,0,0,0,0,0,0,0,0,0,0,0,0,8,37,37,45,65476,390,65476,1,0,4,21553,0.0,2.7183305813883192e+23,-0.0,0.0,0.0,0.0,0.0,0.0,0.0,0.0,0.0,0.0,0.0,0.0,0.0,0.0,0.0,0.0,0.0,0.0,0.0,2.004,-2.004,-0.0,0.0,0.0,0.0,0.0,0.0,0.0,6647.0,0.0,0.0,-107615888.0,-0.0,-0.0,-0.0,0.0,0.0,2.004,2.004,225,-0.0,-0.0,0.0,0.0,0.0,0.0,0.0,0.0,0.0,0,0,0,-9.967752960930807e+31,0.0,-0.0,-0.0,1.3971395244782927e+35,4.6115121408934886e+29,-0.0,-1.7325354803368716e+20,0.0,-3.7891946960021094e+17,-0.0,1346.193,0.0,0.0,0.0,0.0,0,1.3516416376850534e+27,225,0.0,450,2.40156025918058e+36,-1.5870805360731793e+30,2112,26215,17110,13107,17112,26215,17095,0,0,0,101,100,100,0.0,63.3,0.0,63.95,-107615216.0,63.5,1,49,50,180,13107,26215,0,0,0.0,0.0,0.0,60.0,0.0,71.0,0.0,162053.344,0.0,1071,0,1072,0,0,0,1072,0,1081,0,996,0,637,0,639,0,633,0,675,0.032,6.198106008766409e+21,-2.004,0.0,54288,16813,0.0,-0.0,-0.0,37056.941,2.0334727008947e+27,0.0,50.0,60.0,35,0.0,0.0,10.0,2.0,0.0,0.0,0.0,0.0,0.0,0.0,0.0,0.0,0.0,0.0,0.0,0.0,58.8,52,13,65511,27,65476,0,300,0,0,8,20529,65476,0,0,30147,60.0,0.0,10.0,10.0,2.0,0.0
2026-02-16T12:03:33,ERR,ERR,ERR,ERR,ERR,ERR,ERR,ERR,ERR,ERR,ERR,ERR,ERR,ERR,ERR,ERR,ERR,ERR,ERR,ERR,ERR,ERR,ERR,ERR,ERR,ERR,ERR,ERR,ERR,ERR,ERR,ERR,ERR,ERR,ERR,ERR,ERR,ERR,ERR,ERR,ERR,ERR,ERR,ERR,ERR,ERR,ERR,ERR,ERR,ERR,ERR,ERR,ERR,ERR,ERR,ERR,ERR,ERR,ERR,ERR,ERR,ERR,ERR,ERR,ERR,ERR,ERR,ERR,ERR,ERR,ERR,ERR,ERR,ERR,ERR,ERR,ERR,ERR,ERR,ERR,ERR,ERR,ERR,ERR,ERR,ERR,ERR,ERR,ERR,ERR,ERR,ERR,ERR,ERR,ERR,ERR,ERR,ERR,ERR,ERR,ERR,ERR,ERR,ERR,ERR,ERR,ERR,ERR,ERR,ERR,ERR,ERR,ERR,ERR,ERR,ERR,ERR,ERR,ERR,ERR,ERR,ERR,ERR,ERR,ERR,-107615888.0,-0.0,-108138560.0,-0.0,-0.0,0.0,5.327680156414771e+16,0.0,4300,0,8,17171,4300,14654993596416.0,39,0.0,0.0,-0.0,0.0,0.0,0,0,0,0,0.0,0,0,0,0,0,0,0,0,0,0,0,0,0,0,0,0,0,0,0,0,0,0,0,0,0,0,0,0,0,0,0,0,0,8,37,37,45,65476,390,65476,1,0,4,21553,0.0,2.7183305813883192e+23,-0.0,0.0,0.0,0.0,0.0,0.0,0.0,0.0,0.0,0.0,0.0,0.0,0.0,0.0,0.0,0.0,0.0,0.0,0.0,2.004,-2.004,-0.0,0.0,0.0,0.0,0.0,0.0,0.0,6647.0,0.0,0.0,-107615888.0,-0.0,-0.0,-0.0,0.0,0.0,2.004,2.004,225,-0.0,-0.0,0.0,0.0,0.0,0.0,0.0,0.0,0.0,0,0,0,-9.967752960930807e+31,0.0,-0.0,-0.0,1.3971395244782927e+35,4.6115121408934886e+29,-0.0,-1.7325354803368716e+20,0.0,-3.7891946960021094e+17,-0.0,1346.193,0.0,0.0,0.0,0.0,0,1.3516416376850534e+27,225,0.0,450,2.40156025918058e+36,-1.5870805360731793e+30,2112,26215,17110,13107,17112,26215,17095,0,0,0,101,100,100,0.0,63.3,0.0,63.95,-107615216.0,63.5,1,49,50,180,13107,26215,0,0,0.0,0.0,0.0,60.0,0.0,71.0,0.0,162053.344,0.0,1071,0,1072,0,0,0,1072,0,1081,0,996,0,637,0,639,0,633,0,675,0.032,6.198106008766409e+21,-2.004,0.0,54288,16813,0.0,-0.0,-0.0,37056.941,2.0334727008947e+27,0.0,50.0,60.0,35,0.0,0.0,10.0,2.0,0.0,0.0,0.0,0.0,0.0,0.0,0.0,0.0,0.0,0.0,0.0,0.0,58.8,52,13,65511,27,65476,0,300,0,0,8,20529,65476,0,0,30147,60.0,0.0,10.0,10.0,2.0,0.0
2026-02-16T12:03:34,ERR,ERR,ERR,ERR,ERR,ERR,ERR,ERR,ERR,ERR,ERR,ERR,ERR,ERR,ERR,ERR,ERR,ERR,ERR,ERR,ERR,ERR,ERR,ERR,ERR,ERR,ERR,ERR,ERR,ERR,ERR,ERR,ERR,ERR,ERR,ERR,ERR,ERR,ERR,ERR,ERR,ERR,ERR,ERR,ERR,ERR,ERR,ERR,ERR,ERR,ERR,ERR,ERR,ERR,ERR,ERR,ERR,ERR,ERR,ERR,ERR,ERR,ERR,ERR,ERR,ERR,ERR,ERR,ERR,ERR,ERR,ERR,ERR,ERR,ERR,ERR,ERR,ERR,ERR,ERR,ERR,ERR,ERR,ERR,ERR,ERR,ERR,ERR,ERR,ERR,ERR,ERR,ERR,ERR,ERR,ERR,ERR,ERR,ERR,ERR,ERR,ERR,ERR,ERR,ERR,ERR,ERR,ERR,ERR,ERR,ERR,ERR,ERR,ERR,ERR,ERR,ERR,ERR,ERR,ERR,ERR,ERR,ERR,ERR,ERR,-107615888.0,-0.0,-108138560.0,-0.0,-0.0,0.0,5.327680156414771e+16,0.0,4300,0,8,17171,4300,14654993596416.0,39,0.0,0.0,-0.0,0.0,0.0,0,0,0,0,0.0,0,0,0,0,0,0,0,0,0,0,0,0,0,0,0,0,0,0,0,0,0,0,0,0,0,0,0,0,0,0,0,0,0,8,37,37,45,65476,390,65476,1,0,4,21553,0.0,2.7183305813883192e+23,-0.0,0.0,0.0,0.0,0.0,0.0,0.0,0.0,0.0,0.0,0.0,0.0,0.0,0.0,0.0,0.0,0.0,0.0,0.0,2.004,-2.004,-0.0,0.0,0.0,0.0,0.0,0.0,0.0,6647.0,0.0,0.0,-107615888.0,-0.0,-0.0,-0.0,0.0,0.0,2.004,2.004,225,-0.0,-0.0,0.0,0.0,0.0,0.0,0.0,0.0,0.0,0,0,0,-9.967752960930807e+31,0.0,-0.0,-0.0,1.3971395244782927e+35,4.6115121408934886e+29,-0.0,-1.7325354803368716e+20,0.0,-3.7891946960021094e+17,-0.0,1346.193,0.0,0.0,0.0,0.0,0,1.3516416376850534e+27,225,0.0,450,2.40156025918058e+36,-1.5870805360731793e+30,2112,26215,17110,13107,17112,26215,17095,0,0,0,101,100,100,0.0,63.3,0.0,63.95,-107615216.0,63.5,1,49,50,180,13107,26215,0,0,0.0,0.0,0.0,60.0,0.0,71.0,0.0,162053.344,0.0,1071,0,1072,0,0,0,1072,0,1081,0,996,0,637,0,639,0,633,0,675,0.032,6.198106008766409e+21,-2.004,0.0,54288,16813,0.0,-0.0,-0.0,37056.941,2.0334727008947e+27,0.0,50.0,60.0,35,0.0,0.0,10.0,2.0,0.0,0.0,0.0,0.0,0.0,0.0,0.0,0.0,0.0,0.0,0.0,0.0,59.2,52,13,65511,27,65476,0,300,0,0,8,20529,65476,0,0,30147,60.0,0.0,10.0,10.0,2.0,0.0
2026-02-16T12:03:35,ERR,ERR,ERR,ERR,ERR,ERR,ERR,ERR,ERR,ERR,ERR,ERR,ERR,ERR,ERR,ERR,ERR,ERR,ERR,ERR,ERR,ERR,ERR,ERR,ERR,ERR,ERR,ERR,ERR,ERR,ERR,ERR,ERR,ERR,ERR,ERR,ERR,ERR,ERR,ERR,ERR,ERR,ERR,ERR,ERR,ERR,ERR,ERR,ERR,ERR,ERR,ERR,ERR,ERR,ERR,ERR,ERR,ERR,ERR,ERR,ERR,ERR,ERR,ERR,ERR,ERR,ERR,ERR,ERR,ERR,ERR,ERR,ERR,ERR,ERR,ERR,ERR,ERR,ERR,ERR,ERR,ERR,ERR,ERR,ERR,ERR,ERR,ERR,ERR,ERR,ERR,ERR,ERR,ERR,ERR,ERR,ERR,ERR,ERR,ERR,ERR,ERR,ERR,ERR,ERR,ERR,ERR,ERR,ERR,ERR,ERR,ERR,ERR,ERR,ERR,ERR,ERR,ERR,ERR,ERR,ERR,ERR,ERR,ERR,ERR,-107615888.0,-0.0,-108138560.0,-0.0,-0.0,0.0,5.327680156414771e+16,0.0,4300,0,8,17171,4300,14654993596416.0,39,0.0,0.0,-0.0,0.0,0.0,0,0,0,0,0.0,0,0,0,0,0,0,0,0,0,0,0,0,0,0,0,0,0,0,0,0,0,0,0,0,0,0,0,0,0,0,0,0,0,8,37,37,45,65476,390,65476,1,0,4,21553,0.0,2.7183305813883192e+23,-0.0,0.0,0.0,0.0,0.0,0.0,0.0,0.0,0.0,0.0,0.0,0.0,0.0,0.0,0.0,0.0,0.0,0.0,0.0,2.004,-2.004,-0.0,0.0,0.0,0.0,0.0,0.0,0.0,6647.0,0.0,0.0,-107615888.0,-0.0,-0.0,-0.0,0.0,0.0,2.004,2.004,225,-0.0,-0.0,0.0,0.0,0.0,0.0,0.0,0.0,0.0,0,0,0,-9.967752960930807e+31,0.0,-0.0,-0.0,1.3971395244782927e+35,4.6115121408934886e+29,-0.0,-1.7325354803368716e+20,0.0,-3.7891946960021094e+17,-0.0,1346.193,0.0,0.0,0.0,0.0,0,1.3516416376850534e+27,225,0.0,450,2.40156025918058e+36,-1.5870805360731793e+30,2112,26215,17110,13107,17112,26215,17095,0,0,0,101,100,100,0.0,63.4,-0.0,63.95,-107615216.0,63.5,1,49,50,180,13107,26215,0,0,0.0,0.0,0.0,60.0,0.0,71.0,0.0,-5.349622927524198e+26,0.0,1071,0,1072,0,0,0,1072,0,1081,0,997,0,637,0,638,0,633,0,674,0.032,6.124319032471571e+21,-0.0,-107615280.0,56976,16813,0.0,5.42729451327923e+31,7.435393889240505e+28,-0.0,3997274880.0,0.0,50.0,60.0,35,0.0,0.0,10.0,2.0,0.0,0.0,0.0,0.0,0.0,0.0,0.0,0.0,0.0,0.0,0.0,0.0,58.8,52,13,65511,27,65476,0,300,0,0,8,20529,65476,0,0,30147,60.0,0.0,10.0,10.0,2.0,0.0
2026-02-16T12:03:36,ERR,ERR,ERR,ERR,ERR,ERR,ERR,ERR,ERR,ERR,ERR,ERR,ERR,ERR,ERR,ERR,ERR,ERR,ERR,ERR,ERR,ERR,ERR,ERR,ERR,ERR,ERR,ERR,ERR,ERR,ERR,ERR,ERR,ERR,ERR,ERR,ERR,ERR,ERR,ERR,ERR,ERR,ERR,ERR,ERR,ERR,ERR,ERR,ERR,ERR,ERR,ERR,ERR,ERR,ERR,ERR,ERR,ERR,ERR,ERR,ERR,ERR,ERR,ERR,ERR,ERR,ERR,ERR,ERR,ERR,ERR,ERR,ERR,ERR,ERR,ERR,ERR,ERR,ERR,ERR,ERR,ERR,ERR,ERR,ERR,ERR,ERR,ERR,ERR,ERR,ERR,ERR,ERR,ERR,ERR,ERR,ERR,ERR,ERR,ERR,ERR,ERR,ERR,ERR,ERR,ERR,ERR,ERR,ERR,ERR,ERR,ERR,ERR,ERR,ERR,ERR,ERR,ERR,ERR,ERR,ERR,ERR,ERR,ERR,ERR,-107615888.0,-0.0,-108138560.0,-0.0,-0.0,0.0,5.327680156414771e+16,0.0,4300,0,8,17171,4300,14654993596416.0,39,0.0,0.0,-0.0,0.0,0.0,0,0,0,0,0.0,0,0,0,0,0,0,0,0,0,0,0,0,0,0,0,0,0,0,0,0,0,0,0,0,0,0,0,0,0,0,0,0,0,8,37,37,45,65476,390,65476,1,0,4,21553,0.0,2.7183305813883192e+23,-0.0,0.0,0.0,0.0,0.0,0.0,0.0,0.0,0.0,0.0,0.0,0.0,0.0,0.0,0.0,0.0,0.0,0.0,0.0,2.004,-2.004,-0.0,0.0,0.0,0.0,0.0,0.0,0.0,6647.0,0.0,0.0,-107615888.0,-0.0,-0.0,-0.0,0.0,0.0,2.004,2.004,225,-0.0,-0.0,0.0,0.0,0.0,0.0,0.0,0.0,0.0,0,0,0,-9.967752960930807e+31,0.0,-0.0,-0.0,1.3971395244782927e+35,4.6115121408934886e+29,-0.0,-1.7325354803368716e+20,0.0,-3.7891946960021094e+17,-0.0,1346.193,0.0,0.0,0.0,0.0,0,1.3516416376850534e+27,225,0.0,450,2.40156025918058e+36,-1.5870805360731793e+30,2112,26215,17110,13107,17112,26215,17095,0,0,0,101,100,100,0.0,63.4,-0.0,63.95,-107615216.0,63.5,1,49,50,180,13107,26215,0,0,0.0,0.0,0.0,60.0,0.0,71.0,0.0,-5.349622927524198e+26,0.0,1071,0,1072,0,0,0,1072,0,1081,0,997,0,637,0,638,0,633,0,674,0.032,6.124319032471571e+21,-0.0,-107615280.0,56976,16813,0.0,5.42729451327923e+31,7.435393889240505e+28,-0.0,3997274880.0,0.0,50.0,60.0,35,0.0,0.0,10.0,2.0,0.0,0.0,0.0,0.0,0.0,0.0,0.0,0.0,0.0,0.0,0.0,0.0,58.8,52,13,65511,27,65476,0,300,0,0,8,20529,65476,0,0,30147,60.0,0.0,10.0,10.0,2.0,0.0
2026-02-16T12:03:37,ERR,ERR,ERR,ERR,ERR,ERR,ERR,ERR,ERR,ERR,ERR,ERR,ERR,ERR,ERR,ERR,ERR,ERR,ERR,ERR,ERR,ERR,ERR,ERR,ERR,ERR,ERR,ERR,ERR,ERR,ERR,ERR,ERR,ERR,ERR,ERR,ERR,ERR,ERR,ERR,ERR,ERR,ERR,ERR,ERR,ERR,ERR,ERR,ERR,ERR,ERR,ERR,ERR,ERR,ERR,ERR,ERR,ERR,ERR,ERR,ERR,ERR,ERR,ERR,ERR,ERR,ERR,ERR,ERR,ERR,ERR,ERR,ERR,ERR,ERR,ERR,ERR,ERR,ERR,ERR,ERR,ERR,ERR,ERR,ERR,ERR,ERR,ERR,ERR,ERR,ERR,ERR,ERR,ERR,ERR,ERR,ERR,ERR,ERR,ERR,ERR,ERR,ERR,ERR,ERR,ERR,ERR,ERR,ERR,ERR,ERR,ERR,ERR,ERR,ERR,ERR,ERR,ERR,ERR,ERR,ERR,ERR,ERR,ERR,ERR,-0.0,-0.0,0.0,-0.0,0.0,0.0,4.196,-0.0,4300,0,8,17174,4300,14654993596416.0,39,0.0,0.0,-0.0,0.0,0.0,0,0,0,0,0.0,0,0,0,0,0,0,0,0,0,0,0,0,0,0,0,0,0,0,0,0,0,0,0,0,0,0,0,0,0,0,0,0,0,8,37,37,45,65476,388,65476,1,0,4,21553,0.0,2.7183305813883192e+23,-6.8077030754139e+32,0.0,0.0,0.0,0.0,0.0,0.0,0.0,0.0,0.0,0.0,0.0,0.0,0.0,0.0,0.0,0.0,0.0,0.0,2.004,-0.0,-0.0,0.0,0.0,0.0,0.0,0.0,0.0,6650.0,0.0,0.0,-0.0,-0.0,-0.0,-0.0,0.0,0.0,2.004,2.004,224,-0.0,-0.0,0.0,0.0,0.0,0.0,0.0,0.0,0.0,0,0,0,-1.4915764239105703e+31,-143924928.0,3.35327627111447e+32,-0.0,3.411719172781125e+34,4.93936728796104e+35,4.6641138994332356e+20,-2.281195420158658e+29,0.0,-4.036892675507487e+17,-0.0,1442.193,0.0,0.0,0.0,-3.347032142205944e+19,0,1.3516416376850534e+27,226,0.0,452,-0.0,4.5382688417051523e+24,2112,26215,17110,13107,17112,26215,17095,0,0,0,101,100,100,0.0,63.4,-0.0,63.95,-107615216.0,63.5,1,49,50,180,13107,26215,0,0,0.0,0.0,0.0,60.0,0.0,71.0,0.0,-5.349622927524198e+26,0.0,1071,0,1072,0,0,0,1072,0,1081,0,997,0,637,0,638,0,633,0,674,0.032,6.124319032471571e+21,-0.0,-107615280.0,56976,16813,0.0,5.42729451327923e+31,7.435393889240505e+28,-0.0,3997274880.0,0.0,50.0,60.0,35,0.0,0.0,10.0,2.0,0.0,0.0,0.0,0.0,0.0,0.0,0.0,0.0,0.0,0.0,0.0,0.0,58.8,52,13,65511,27,65476,0,300,0,0,8,20529,65476,0,0,30147,60.0,0.0,10.0,10.0,2.0,0.0
2026-02-16T12:03:38,ERR,ERR,ERR,ERR,ERR,ERR,ERR,ERR,ERR,ERR,ERR,ERR,ERR,ERR,ERR,ERR,ERR,ERR,ERR,ERR,ERR,ERR,ERR,ERR,ERR,ERR,ERR,ERR,ERR,ERR,ERR,ERR,ERR,ERR,ERR,ERR,ERR,ERR,ERR,ERR,ERR,ERR,ERR,ERR,ERR,ERR,ERR,ERR,ERR,ERR,ERR,ERR,ERR,ERR,ERR,ERR,ERR,ERR,ERR,ERR,ERR,ERR,ERR,ERR,ERR,ERR,ERR,ERR,ERR,ERR,ERR,ERR,ERR,ERR,ERR,ERR,ERR,ERR,ERR,ERR,ERR,ERR,ERR,ERR,ERR,ERR,ERR,ERR,ERR,ERR,ERR,ERR,ERR,ERR,ERR,ERR,ERR,ERR,ERR,ERR,ERR,ERR,ERR,ERR,ERR,ERR,ERR,ERR,ERR,ERR,ERR,ERR,ERR,ERR,ERR,ERR,ERR,ERR,ERR,ERR,ERR,ERR,ERR,ERR,ERR,-0.0,-0.0,0.0,-0.0,0.0,0.0,4.196,-0.0,4300,0,8,17174,4300,14654993596416.0,39,0.0,0.0,-0.0,0.0,0.0,0,0,0,0,0.0,0,0,0,0,0,0,0,0,0,0,0,0,0,0,0,0,0,0,0,0,0,0,0,0,0,0,0,0,0,0,0,0,0,8,37,37,45,65476,388,65476,1,0,4,21553,0.0,2.7183305813883192e+23,-6.8077030754139e+32,0.0,0.0,0.0,0.0,0.0,0.0,0.0,0.0,0.0,0.0,0.0,0.0,0.0,0.0,0.0,0.0,0.0,0.0,2.004,-0.0,-0.0,0.0,0.0,0.0,0.0,0.0,0.0,6650.0,0.0,0.0,-0.0,-0.0,-0.0,-0.0,0.0,0.0,2.004,2.004,224,-0.0,-0.0,0.0,0.0,0.0,0.0,0.0,0.0,0.0,0,0,0,-1.4915764239105703e+31,-143924928.0,3.35327627111447e+32,-0.0,3.411719172781125e+34,4.93936728796104e+35,4.6641138994332356e+20,-2.281195420158658e+29,0.0,-4.036892675507487e+17,-0.0,1442.193,0.0,0.0,0.0,-3.347032142205944e+19,0,1.3516416376850534e+27,226,0.0,452,-0.0,4.5382688417051523e+24,2112,26215,17110,13107,17112,26215,17095,0,0,0,101,100,100,0.0,63.4,-0.0,63.95,-107615216.0,63.5,1,49,50,180,13107,26215,0,0,0.0,0.0,0.0,60.0,0.0,71.0,0.0,-5.349622927524198e+26,0.0,1071,0,1072,0,0,0,1072,0,1081,0,997,0,637,0,638,0,633,0,674,0.032,6.124319032471571e+21,-0.0,-107615280.0,56976,16813,0.0,5.42729451327923e+31,7.435393889240505e+28,-0.0,3997274880.0,0.0,50.0,60.0,35,0.0,0.0,10.0,2.0,0.0,0.0,0.0,0.0,0.0,0.0,0.0,0.0,0.0,0.0,0.0,0.0,58.8,52,13,65511,27,65476,0,300,0,0,8,20529,65476,0,0,30147,60.0,0.0,10.0,10.0,2.0,0.0
2026-02-16T12:03:39,ERR,ERR,ERR,ERR,ERR,ERR,ERR,ERR,ERR,ERR,ERR,ERR,ERR,ERR,ERR,ERR,ERR,ERR,ERR,ERR,ERR,ERR,ERR,ERR,ERR,ERR,ERR,ERR,ERR,ERR,ERR,ERR,ERR,ERR,ERR,ERR,ERR,ERR,ERR,ERR,ERR,ERR,ERR,ERR,ERR,ERR,ERR,ERR,ERR,ERR,ERR,ERR,ERR,ERR,ERR,ERR,ERR,ERR,ERR,ERR,ERR,ERR,ERR,ERR,ERR,ERR,ERR,ERR,ERR,ERR,ERR,ERR,ERR,ERR,ERR,ERR,ERR,ERR,ERR,ERR,ERR,ERR,ERR,ERR,ERR,ERR,ERR,ERR,ERR,ERR,ERR,ERR,ERR,ERR,ERR,ERR,ERR,ERR,ERR,ERR,ERR,ERR,ERR,ERR,ERR,ERR,ERR,ERR,ERR,ERR,ERR,ERR,ERR,ERR,ERR,ERR,ERR,ERR,ERR,ERR,ERR,ERR,ERR,ERR,ERR,-0.0,-0.0,0.0,-0.0,0.0,0.0,4.196,-0.0,4300,0,8,17174,4300,14654993596416.0,39,0.0,0.0,-0.0,0.0,0.0,0,0,0,0,0.0,0,0,0,0,0,0,0,0,0,0,0,0,0,0,0,0,0,0,0,0,0,0,0,0,0,0,0,0,0,0,0,0,0,8,37,37,45,65476,388,65476,1,0,4,21553,0.0,2.7183305813883192e+23,-6.8077030754139e+32,0.0,0.0,0.0,0.0,0.0,0.0,0.0,0.0,0.0,0.0,0.0,0.0,0.0,0.0,0.0,0.0,0.0,0.0,2.004,-0.0,-0.0,0.0,0.0,0.0,0.0,0.0,0.0,6650.0,0.0,0.0,-0.0,-0.0,-0.0,-0.0,0.0,0.0,2.004,2.004,224,-0.0,-0.0,0.0,0.0,0.0,0.0,0.0,0.0,0.0,0,0,0,-1.4915764239105703e+31,-143924928.0,3.35327627111447e+32,-0.0,3.411719172781125e+34,4.93936728796104e+35,4.6641138994332356e+20,-2.281195420158658e+29,0.0,-4.036892675507487e+17,-0.0,1442.193,0.0,0.0,0.0,-3.347032142205944e+19,0,1.3516416376850534e+27,226,0.0,452,-0.0,4.5382688417051523e+24,2112,26215,17110,13107,17112,13107,17095,0,0,0,101,100,100,0.0,63.3,0.0,63.95,-107615216.0,63.5,1,49,50,180,13107,26215,0,0,0.0,0.0,0.0,60.0,0.0,71.0,0.0,-0.0,0.0,1071,0,1072,0,0,0,1072,0,1081,0,997,0,637,0,639,0,633,0,674,0.032,6.16121252061899e+21,-0.0,-107615280.0,38160,16813,0.0,-0.0,2.430650899365836e+35,1.3230711787926976e+29,1.7610210948415488e+16,0.0,50.0,60.0,35,0.0,0.0,10.0,2.0,0.0,0.0,0.0,0.0,0.0,0.0,0.0,0.0,0.0,0.0,0.0,0.0,58.8,52,13,65511,27,65476,0,300,0,0,8,20529,65476,0,0,30147,60.0,0.0,10.0,10.0,2.0,0.0
2026-02-16T12:03:40,ERR,ERR,ERR,ERR,ERR,ERR,ERR,ERR,ERR,ERR,ERR,ERR,ERR,ERR,ERR,ERR,ERR,ERR,ERR,ERR,ERR,ERR,ERR,ERR,ERR,ERR,ERR,ERR,ERR,ERR,ERR,ERR,ERR,ERR,ERR,ERR,ERR,ERR,ERR,ERR,ERR,ERR,ERR,ERR,ERR,ERR,ERR,ERR,ERR,ERR,ERR,ERR,ERR,ERR,ERR,ERR,ERR,ERR,ERR,ERR,ERR,ERR,ERR,ERR,ERR,ERR,ERR,ERR,ERR,ERR,ERR,ERR,ERR,ERR,ERR,ERR,ERR,ERR,ERR,ERR,ERR,ERR,ERR,ERR,ERR,ERR,ERR,ERR,ERR,ERR,ERR,ERR,ERR,ERR,ERR,ERR,ERR,ERR,ERR,ERR,ERR,ERR,ERR,ERR,ERR,ERR,ERR,ERR,ERR,ERR,ERR,ERR,ERR,ERR,ERR,ERR,ERR,ERR,ERR,ERR,ERR,ERR,ERR,ERR,ERR,-0.0,-0.0,0.0,-0.0,0.0,0.0,4.196,-0.0,4300,0,8,17174,4300,14654993596416.0,39,0.0,0.0,-0.0,0.0,0.0,0,0,0,0,0.0,0,0,0,0,0,0,0,0,0,0,0,0,0,0,0,0,0,0,0,0,0,0,0,0,0,0,0,0,0,0,0,0,0,8,37,37,45,65476,388,65476,1,0,4,21553,0.0,2.7183305813883192e+23,-6.8077030754139e+32,0.0,0.0,0.0,0.0,0.0,0.0,0.0,0.0,0.0,0.0,0.0,0.0,0.0,0.0,0.0,0.0,0.0,0.0,2.004,-0.0,-0.0,0.0,0.0,0.0,0.0,0.0,0.0,6650.0,0.0,0.0,-0.0,-0.0,-0.0,-0.0,0.0,0.0,2.004,2.004,224,-0.0,-0.0,0.0,0.0,0.0,0.0,0.0,0.0,0.0,0,0,0,-1.4915764239105703e+31,-143924928.0,3.35327627111447e+32,-0.0,3.411719172781125e+34,4.93936728796104e+35,4.6641138994332356e+20,-2.281195420158658e+29,0.0,-4.036892675507487e+17,-0.0,1442.193,0.0,0.0,0.0,-3.347032142205944e+19,0,1.3516416376850534e+27,226,0.0,452,-0.0,4.5382688417051523e+24,2112,26215,17110,13107,17112,13107,17095,0,0,0,101,100,100,0.0,63.3,0.0,63.95,-107615216.0,63.5,1,49,50,180,13107,26215,0,0,0.0,0.0,0.0,60.0,0.0,71.0,0.0,-0.0,0.0,1071,0,1072,0,0,0,1072,0,1081,0,997,0,637,0,639,0,633,0,674,0.032,6.16121252061899e+21,-0.0,-107615280.0,38160,16813,0.0,-0.0,2.430650899365836e+35,1.3230711787926976e+29,1.7610210948415488e+16,0.0,50.0,60.0,35,0.0,0.0,10.0,2.0,0.0,0.0,0.0,0.0,0.0,0.0,0.0,0.0,0.0,0.0,0.0,0.0,58.8,52,13,65511,27,65476,0,300,0,0,8,20529,65476,0,0,30147,60.0,0.0,10.0,10.0,2.0,0.0
2026-02-16T12:03:41,ERR,ERR,ERR,ERR,ERR,ERR,ERR,ERR,ERR,ERR,ERR,ERR,ERR,ERR,ERR,ERR,ERR,ERR,ERR,ERR,ERR,ERR,ERR,ERR,ERR,ERR,ERR,ERR,ERR,ERR,ERR,ERR,ERR,ERR,ERR,ERR,ERR,ERR,ERR,ERR,ERR,ERR,ERR,ERR,ERR,ERR,ERR,ERR,ERR,ERR,ERR,ERR,ERR,ERR,ERR,ERR,ERR,ERR,ERR,ERR,ERR,ERR,ERR,ERR,ERR,ERR,ERR,ERR,ERR,ERR,ERR,ERR,ERR,ERR,ERR,ERR,ERR,ERR,ERR,ERR,ERR,ERR,ERR,ERR,ERR,ERR,ERR,ERR,ERR,ERR,ERR,ERR,ERR,ERR,ERR,ERR,ERR,ERR,ERR,ERR,ERR,ERR,ERR,ERR,ERR,ERR,ERR,ERR,ERR,ERR,ERR,ERR,ERR,ERR,ERR,ERR,ERR,ERR,ERR,ERR,ERR,ERR,ERR,ERR,ERR,-0.0,-0.0,0.0,-0.0,0.0,0.0,4.196,-0.0,4300,0,8,17174,4300,14654993596416.0,39,0.0,0.0,-0.0,0.0,0.0,0,0,0,0,0.0,0,0,0,0,0,0,0,0,0,0,0,0,0,0,0,0,0,0,0,0,0,0,0,0,0,0,0,0,0,0,0,0,0,8,37,37,45,65476,388,65476,1,0,4,21553,0.0,2.7183305813883192e+23,-6.8077030754139e+32,0.0,0.0,0.0,0.0,0.0,0.0,0.0,0.0,0.0,0.0,0.0,0.0,0.0,0.0,0.0,0.0,0.0,0.0,2.004,-0.0,-0.0,0.0,0.0,0.0,0.0,0.0,0.0,6650.0,0.0,0.0,-0.0,-0.0,-0.0,-0.0,0.0,0.0,2.004,2.004,224,-0.0,-0.0,0.0,0.0,0.0,0.0,0.0,0.0,0.0,0,0,0,-1.4915764239105703e+31,-143924928.0,3.35327627111447e+32,-0.0,3.411719172781125e+34,4.93936728796104e+35,4.6641138994332356e+20,-2.281195420158658e+29,0.0,-4.036892675507487e+17,-0.0,1442.193,0.0,0.0,0.0,-3.347032142205944e+19,0,1.3516416376850534e+27,226,0.0,452,-0.0,4.5382688417051523e+24,2112,26215,17110,13107,17112,13107,17095,0,0,0,101,100,100,0.0,63.3,0.0,63.95,-107615216.0,63.5,1,49,50,180,13107,26215,0,0,0.0,0.0,0.0,60.0,0.0,71.0,0.0,-0.0,0.0,1071,0,1072,0,0,0,1072,0,1081,0,997,0,637,0,639,0,633,0,674,0.032,6.16121252061899e+21,-0.0,-107615280.0,38160,16813,0.0,-0.0,2.430650899365836e+35,1.3230711787926976e+29,1.7610210948415488e+16,0.0,50.0,60.0,35,0.0,0.0,10.0,2.0,0.0,0.0,0.0,0.0,0.0,0.0,0.0,0.0,0.0,0.0,0.0,0.0,58.8,52,13,65511,27,65476,0,300,0,0,8,20529,65476,0,0,30147,60.0,0.0,10.0,10.0,2.0,0.0
2026-02-16T12:03:42,ERR,ERR,ERR,ERR,ERR,ERR,ERR,ERR,ERR,ERR,ERR,ERR,ERR,ERR,ERR,ERR,ERR,ERR,ERR,ERR,ERR,ERR,ERR,ERR,ERR,ERR,ERR,ERR,ERR,ERR,ERR,ERR,ERR,ERR,ERR,ERR,ERR,ERR,ERR,ERR,ERR,ERR,ERR,ERR,ERR,ERR,ERR,ERR,ERR,ERR,ERR,ERR,ERR,ERR,ERR,ERR,ERR,ERR,ERR,ERR,ERR,ERR,ERR,ERR,ERR,ERR,ERR,ERR,ERR,ERR,ERR,ERR,ERR,ERR,ERR,ERR,ERR,ERR,ERR,ERR,ERR,ERR,ERR,ERR,ERR,ERR,ERR,ERR,ERR,ERR,ERR,ERR,ERR,ERR,ERR,ERR,ERR,ERR,ERR,ERR,ERR,ERR,ERR,ERR,ERR,ERR,ERR,ERR,ERR,ERR,ERR,ERR,ERR,ERR,ERR,ERR,ERR,ERR,ERR,ERR,ERR,ERR,ERR,ERR,ERR,-0.0,-0.0,0.0,-0.0,0.0,-804250714112.0,-2.3201690729628492e+30,-0.0,4300,0,8,17171,4300,14654993596416.0,39,0.0,0.0,-0.0,0.0,0.0,0,0,0,0,0.0,0,0,0,0,0,0,0,0,0,0,0,0,0,0,0,0,0,0,0,0,0,0,0,0,0,0,0,0,0,0,0,0,0,8,37,37,45,65476,385,65476,1,0,4,21553,0.0,2.7183305813883192e+23,69.629,0.0,0.0,0.0,0.0,0.0,0.0,0.0,0.0,0.0,0.0,0.0,0.0,0.0,0.0,0.0,0.0,0.0,0.0,2.004,-0.0,-0.0,0.0,-3.69707618246192e+19,0.0,0.0,0.0,0.0,6650.0,0.0,0.0,-0.0,-0.0,-0.0,107616272.0,0.0,0.0,2.004,2.004,225,-0.0,-0.0,0.0,0.0,0.0,0.0,0.0,0.0,0.0,0,0,0,-2.7389025344448102e+17,1.30460380364732e+36,5.617528966403569e+21,1011908480.0,5.132214766959798e+26,-0.0,-0.0,0.0,5816227201024.0,-4.329626651286569e+17,-0.0,1546.193,0.0,0.0,0.0,-1823187927040.0,0,1.3516416376850534e+27,226,0.0,452,-74360974999552.0,-0.0,2114,26215,17110,13107,17112,26215,17095,0,0,0,101,100,100,0.0,63.4,-0.0,63.95,-107615216.0,63.5,1,49,50,180,0,26215,0,0,0.0,0.0,0.0,60.0,0.0,71.0,0.0,-0.0,0.0,1071,0,1071,0,0,0,1072,0,1081,0,996,0,637,0,639,0,633,0,674,0.032,6.198106008766409e+21,-0.0,-107615280.0,36112,16813,0.0,914453.375,0.004,0.0,0.0,-2701536526336.0,50.0,60.0,35,0.0,0.0,10.0,2.0,0.0,0.0,0.0,0.0,0.0,0.0,0.0,0.0,0.0,0.0,0.0,0.0,58.8,52,13,65511,27,65476,0,300,0,0,8,20529,65476,0,0,30147,60.0,0.0,10.0,10.0,2.0,0.0
2026-02-16T12:03:43,ERR,ERR,ERR,ERR,ERR,ERR,ERR,ERR,ERR,ERR,ERR,ERR,ERR,ERR,ERR,ERR,ERR,ERR,ERR,ERR,ERR,ERR,ERR,ERR,ERR,ERR,ERR,ERR,ERR,ERR,ERR,ERR,ERR,ERR,ERR,ERR,ERR,ERR,ERR,ERR,ERR,ERR,ERR,ERR,ERR,ERR,ERR,ERR,ERR,ERR,ERR,ERR,ERR,ERR,ERR,ERR,ERR,ERR,ERR,ERR,ERR,ERR,ERR,ERR,ERR,ERR,ERR,ERR,ERR,ERR,ERR,ERR,ERR,ERR,ERR,ERR,ERR,ERR,ERR,ERR,ERR,ERR,ERR,ERR,ERR,ERR,ERR,ERR,ERR,ERR,ERR,ERR,ERR,ERR,ERR,ERR,ERR,ERR,ERR,ERR,ERR,ERR,ERR,ERR,ERR,ERR,ERR,ERR,ERR,ERR,ERR,ERR,ERR,ERR,ERR,ERR,ERR,ERR,ERR,ERR,ERR,ERR,ERR,ERR,ERR,-0.0,-0.0,0.0,-0.0,0.0,-804250714112.0,-2.3201690729628492e+30,-0.0,4300,0,8,17171,4300,14654993596416.0,39,0.0,0.0,-0.0,0.0,0.0,0,0,0,0,0.0,0,0,0,0,0,0,0,0,0,0,0,0,0,0,0,0,0,0,0,0,0,0,0,0,0,0,0,0,0,0,0,0,0,8,37,37,45,65476,385,65476,1,0,4,21553,0.0,2.7183305813883192e+23,69.629,0.0,0.0,0.0,0.0,0.0,0.0,0.0,0.0,0.0,0.0,0.0,0.0,0.0,0.0,0.0,0.0,0.0,0.0,2.004,-0.0,-0.0,0.0,-3.69707618246192e+19,0.0,0.0,0.0,0.0,6650.0,0.0,0.0,-0.0,-0.0,-0.0,107616272.0,0.0,0.0,2.004,2.004,225,-0.0,-0.0,0.0,0.0,0.0,0.0,0.0,0.0,0.0,0,0,0,-2.7389025344448102e+17,1.30460380364732e+36,5.617528966403569e+21,1011908480.0,5.132214766959798e+26,-0.0,-0.0,0.0,5816227201024.0,-4.329626651286569e+17,-0.0,1546.193,0.0,0.0,0.0,-1823187927040.0,0,1.3516416376850534e+27,226,0.0,452,-74360974999552.0,-0.0,2114,26215,17110,13107,17112,26215,17095,0,0,0,101,100,100,0.0,63.4,-0.0,63.95,-107615216.0,63.5,1,49,50,180,0,26215,0,0,0.0,0.0,0.0,60.0,0.0,71.0,0.0,-0.0,0.0,1071,0,1071,0,0,0,1072,0,1081,0,996,0,637,0,639,0,633,0,674,0.032,6.198106008766409e+21,-0.0,-107615280.0,36112,16813,0.0,914453.375,0.004,0.0,0.0,-2701536526336.0,50.0,60.0,35,0.0,0.0,10.0,2.0,0.0,0.0,0.0,0.0,0.0,0.0,0.0,0.0,0.0,0.0,0.0,0.0,58.8,52,13,65511,27,65476,0,300,0,0,8,20529,65476,0,0,30147,60.0,0.0,10.0,10.0,2.0,0.0
2026-02-16T12:03:44,ERR,ERR,ERR,ERR,ERR,ERR,ERR,ERR,ERR,ERR,ERR,ERR,ERR,ERR,ERR,ERR,ERR,ERR,ERR,ERR,ERR,ERR,ERR,ERR,ERR,ERR,ERR,ERR,ERR,ERR,ERR,ERR,ERR,ERR,ERR,ERR,ERR,ERR,ERR,ERR,ERR,ERR,ERR,ERR,ERR,ERR,ERR,ERR,ERR,ERR,ERR,ERR,ERR,ERR,ERR,ERR,ERR,ERR,ERR,ERR,ERR,ERR,ERR,ERR,ERR,ERR,ERR,ERR,ERR,ERR,ERR,ERR,ERR,ERR,ERR,ERR,ERR,ERR,ERR,ERR,ERR,ERR,ERR,ERR,ERR,ERR,ERR,ERR,ERR,ERR,ERR,ERR,ERR,ERR,ERR,ERR,ERR,ERR,ERR,ERR,ERR,ERR,ERR,ERR,ERR,ERR,ERR,ERR,ERR,ERR,ERR,ERR,ERR,ERR,ERR,ERR,ERR,ERR,ERR,ERR,ERR,ERR,ERR,ERR,ERR,-0.0,-0.0,0.0,-0.0,0.0,-804250714112.0,-2.3201690729628492e+30,-0.0,4300,0,8,17171,4300,14654993596416.0,39,0.0,0.0,-0.0,0.0,0.0,0,0,0,0,0.0,0,0,0,0,0,0,0,0,0,0,0,0,0,0,0,0,0,0,0,0,0,0,0,0,0,0,0,0,0,0,0,0,0,8,37,37,45,65476,385,65476,1,0,4,21553,0.0,2.7183305813883192e+23,69.629,0.0,0.0,0.0,0.0,0.0,0.0,0.0,0.0,0.0,0.0,0.0,0.0,0.0,0.0,0.0,0.0,0.0,0.0,2.004,-0.0,-0.0,0.0,-3.69707618246192e+19,0.0,0.0,0.0,0.0,6650.0,0.0,0.0,-0.0,-0.0,-0.0,107616272.0,0.0,0.0,2.004,2.004,225,-0.0,-0.0,0.0,0.0,0.0,0.0,0.0,0.0,0.0,0,0,0,-2.7389025344448102e+17,1.30460380364732e+36,5.617528966403569e+21,1011908480.0,5.132214766959798e+26,-0.0,-0.0,0.0,5816227201024.0,-4.329626651286569e+17,-0.0,1546.193,0.0,0.0,0.0,-1823187927040.0,0,1.3516416376850534e+27,226,0.0,452,-74360974999552.0,-0.0,2114,26215,17110,13107,17112,26215,17095,0,0,0,101,100,100,0.0,63.4,-0.0,63.95,-107615216.0,63.5,1,49,50,180,0,26215,0,0,0.0,0.0,0.0,60.0,0.0,71.0,0.0,-0.0,0.0,1071,0,1071,0,0,0,1072,0,1081,0,996,0,637,0,639,0,633,0,674,0.032,6.198106008766409e+21,-0.0,-107615280.0,36112,16813,0.0,914453.375,0.004,0.0,0.0,-2701536526336.0,50.0,60.0,35,0.0,0.0,10.0,2.0,0.0,0.0,0.0,0.0,0.0,0.0,0.0,0.0,0.0,0.0,0.0,0.0,58.8,52,13,65511,27,65476,0,300,0,0,8,20529,65476,0,0,30147,60.0,0.0,10.0,10.0,2.0,0.0
2026-02-16T12:03:45,ERR,ERR,ERR,ERR,ERR,ERR,ERR,ERR,ERR,ERR,ERR,ERR,ERR,ERR,ERR,ERR,ERR,ERR,ERR,ERR,ERR,ERR,ERR,ERR,ERR,ERR,ERR,ERR,ERR,ERR,ERR,ERR,ERR,ERR,ERR,ERR,ERR,ERR,ERR,ERR,ERR,ERR,ERR,ERR,ERR,ERR,ERR,ERR,ERR,ERR,ERR,ERR,ERR,ERR,ERR,ERR,ERR,ERR,ERR,ERR,ERR,ERR,ERR,ERR,ERR,ERR,ERR,ERR,ERR,ERR,ERR,ERR,ERR,ERR,ERR,ERR,ERR,ERR,ERR,ERR,ERR,ERR,ERR,ERR,ERR,ERR,ERR,ERR,ERR,ERR,ERR,ERR,ERR,ERR,ERR,ERR,ERR,ERR,ERR,ERR,ERR,ERR,ERR,ERR,ERR,ERR,ERR,ERR,ERR,ERR,ERR,ERR,ERR,ERR,ERR,ERR,ERR,ERR,ERR,ERR,ERR,ERR,ERR,ERR,ERR,-0.0,-0.0,0.0,-0.0,0.0,-804250714112.0,-2.3201690729628492e+30,-0.0,4300,0,8,17171,4300,14654993596416.0,39,0.0,0.0,-0.0,0.0,0.0,0,0,0,0,0.0,0,0,0,0,0,0,0,0,0,0,0,0,0,0,0,0,0,0,0,0,0,0,0,0,0,0,0,0,0,0,0,0,0,8,37,37,45,65476,385,65476,1,0,4,21553,0.0,2.7183305813883192e+23,69.629,0.0,0.0,0.0,0.0,0.0,0.0,0.0,0.0,0.0,0.0,0.0,0.0,0.0,0.0,0.0,0.0,0.0,0.0,2.004,-0.0,-0.0,0.0,-3.69707618246192e+19,0.0,0.0,0.0,0.0,6650.0,0.0,0.0,-0.0,-0.0,-0.0,107616272.0,0.0,0.0,2.004,2.004,225,-0.0,-0.0,0.0,0.0,0.0,0.0,0.0,0.0,0.0,0,0,0,-2.7389025344448102e+17,1.30460380364732e+36,5.617528966403569e+21,1011908480.0,5.132214766959798e+26,-0.0,-0.0,0.0,5816227201024.0,-4.329626651286569e+17,-0.0,1546.193,0.0,0.0,0.0,-1823187927040.0,0,1.3516416376850534e+27,226,0.0,452,-74360974999552.0,-0.0,2114,26215,17110,13107,17112,26215,17095,0,0,0,101,100,100,0.0,63.4,-0.0,63.95,-107615216.0,63.5,1,49,50,180,0,26215,0,0,0.0,0.0,0.0,60.0,0.0,71.0,0.0,2.6275923353567053e+29,0.0,1070,0,1071,0,0,0,1072,0,1081,0,997,0,637,0,639,0,633,0,674,0.032,6.234999496913828e+21,-0.0,-107615280.0,50832,16813,0.0,853013.375,0.002,0.0,0.0,-1239099113472.0,50.0,60.0,35,0.0,0.0,10.0,2.0,0.0,0.0,0.0,0.0,0.0,0.0,0.0,0.0,0.0,0.0,0.0,0.0,58.8,52,13,65511,27,65476,0,300,0,0,8,20529,65476,0,0,30147,60.0,0.0,10.0,10.0,2.0,0.0
2026-02-16T12:03:46,ERR,ERR,ERR,ERR,ERR,ERR,ERR,ERR,ERR,ERR,ERR,ERR,ERR,ERR,ERR,ERR,ERR,ERR,ERR,ERR,ERR,ERR,ERR,ERR,ERR,ERR,ERR,ERR,ERR,ERR,ERR,ERR,ERR,ERR,ERR,ERR,ERR,ERR,ERR,ERR,ERR,ERR,ERR,ERR,ERR,ERR,ERR,ERR,ERR,ERR,ERR,ERR,ERR,ERR,ERR,ERR,ERR,ERR,ERR,ERR,ERR,ERR,ERR,ERR,ERR,ERR,ERR,ERR,ERR,ERR,ERR,ERR,ERR,ERR,ERR,ERR,ERR,ERR,ERR,ERR,ERR,ERR,ERR,ERR,ERR,ERR,ERR,ERR,ERR,ERR,ERR,ERR,ERR,ERR,ERR,ERR,ERR,ERR,ERR,ERR,ERR,ERR,ERR,ERR,ERR,ERR,ERR,ERR,ERR,ERR,ERR,ERR,ERR,ERR,ERR,ERR,ERR,ERR,ERR,ERR,ERR,ERR,ERR,ERR,ERR,-0.0,-0.0,0.0,-0.0,0.0,-666811760640.0,-1.785378975991565e+30,-0.0,4300,0,8,17171,4300,0.0,40,0.0,0.0,-0.0,0.0,0.0,0,0,0,0,0.0,0,0,0,0,0,0,0,0,0,0,0,0,0,0,0,0,0,0,0,0,0,0,0,0,0,0,0,0,0,0,0,0,0,8,37,37,45,65476,384,65476,1,0,4,21553,0.0,2.7183305813883192e+23,-0.0,0.0,0.0,0.0,0.0,0.0,0.0,0.0,0.0,0.0,0.0,0.0,0.0,0.0,0.0,0.0,0.0,0.0,0.0,2.004,-0.0,-0.0,0.0,-2.004,0.0,0.0,0.0,0.0,6652.0,131351.234,0.0,-0.0,-0.0,-0.0,0.0,0.0,0.0,2.004,2.004,226,-2.3088280513417105e+20,-0.0,0.0,0.0,0.0,0.0,0.0,0.0,0.0,0,0,0,-1.9953265162627438e+24,0.0,-0.0,0.0,2.7464561377813504e+34,0.0,5109457408.0,-3.183366019762937e+36,0.0,-4.622360627065651e+17,-0.0,1650.193,0.0,0.0,0.0,-133276598272.0,0,1.3516416376850534e+27,226,0.0,452,-74360974999552.0,-0.0,2114,26215,17110,13107,17112,26215,17095,0,0,0,101,100,100,0.0,63.4,-0.0,63.95,-107615216.0,63.5,1,49,50,180,0,26215,0,0,0.0,0.0,0.0,60.0,0.0,71.0,0.0,2.6275923353567053e+29,0.0,1070,0,1071,0,0,0,1072,0,1081,0,997,0,637,0,639,0,633,0,674,0.032,6.234999496913828e+21,-0.0,-107615280.0,50832,16813,0.0,853013.375,0.002,0.0,0.0,-1239099113472.0,50.0,60.0,35,0.0,0.0,10.0,2.0,0.0,0.0,0.0,0.0,0.0,0.0,0.0,0.0,0.0,0.0,0.0,0.0,58.8,52,13,65511,27,65476,0,300,0,0,8,20529,65476,0,0,30147,60.0,0.0,10.0,10.0,2.0,0.0
2026-02-16T12:03:47,ERR,ERR,ERR,ERR,ERR,ERR,ERR,ERR,ERR,ERR,ERR,ERR,ERR,ERR,ERR,ERR,ERR,ERR,ERR,ERR,ERR,ERR,ERR,ERR,ERR,ERR,ERR,ERR,ERR,ERR,ERR,ERR,ERR,ERR,ERR,ERR,ERR,ERR,ERR,ERR,ERR,ERR,ERR,ERR,ERR,ERR,ERR,ERR,ERR,ERR,ERR,ERR,ERR,ERR,ERR,ERR,ERR,ERR,ERR,ERR,ERR,ERR,ERR,ERR,ERR,ERR,ERR,ERR,ERR,ERR,ERR,ERR,ERR,ERR,ERR,ERR,ERR,ERR,ERR,ERR,ERR,ERR,ERR,ERR,ERR,ERR,ERR,ERR,ERR,ERR,ERR,ERR,ERR,ERR,ERR,ERR,ERR,ERR,ERR,ERR,ERR,ERR,ERR,ERR,ERR,ERR,ERR,ERR,ERR,ERR,ERR,ERR,ERR,ERR,ERR,ERR,ERR,ERR,ERR,ERR,ERR,ERR,ERR,ERR,ERR,-0.0,-0.0,0.0,-0.0,0.0,-666811760640.0,-1.785378975991565e+30,-0.0,4300,0,8,17171,4300,0.0,40,0.0,0.0,-0.0,0.0,0.0,0,0,0,0,0.0,0,0,0,0,0,0,0,0,0,0,0,0,0,0,0,0,0,0,0,0,0,0,0,0,0,0,0,0,0,0,0,0,0,8,37,37,45,65476,384,65476,1,0,4,21553,0.0,2.7183305813883192e+23,-0.0,0.0,0.0,0.0,0.0,0.0,0.0,0.0,0.0,0.0,0.0,0.0,0.0,0.0,0.0,0.0,0.0,0.0,0.0,2.004,-0.0,-0.0,0.0,-2.004,0.0,0.0,0.0,0.0,6652.0,131351.234,0.0,-0.0,-0.0,-0.0,0.0,0.0,0.0,2.004,2.004,226,-2.3088280513417105e+20,-0.0,0.0,0.0,0.0,0.0,0.0,0.0,0.0,0,0,0,-1.9953265162627438e+24,0.0,-0.0,0.0,2.7464561377813504e+34,0.0,5109457408.0,-3.183366019762937e+36,0.0,-4.622360627065651e+17,-0.0,1650.193,0.0,0.0,0.0,-133276598272.0,0,1.3516416376850534e+27,226,0.0,452,-74360974999552.0,-0.0,2114,26215,17110,13107,17112,26215,17095,0,0,0,101,100,100,0.0,63.4,-0.0,63.95,-107615216.0,63.5,1,49,50,180,0,26215,0,0,0.0,0.0,0.0,60.0,0.0,71.0,0.0,2.6275923353567053e+29,0.0,1070,0,1071,0,0,0,1072,0,1081,0,997,0,637,0,639,0,633,0,674,0.032,6.234999496913828e+21,-0.0,-107615280.0,50832,16813,0.0,853013.375,0.002,0.0,0.0,-1239099113472.0,50.0,60.0,35,0.0,0.0,10.0,2.0,0.0,0.0,0.0,0.0,0.0,0.0,0.0,0.0,0.0,0.0,0.0,0.0,59.2,52,13,65511,27,65476,0,300,0,0,8,20529,65476,0,0,30147,60.0,0.0,10.0,10.0,2.0,0.0
2026-02-16T12:03:48,ERR,ERR,ERR,ERR,ERR,ERR,ERR,ERR,ERR,ERR,ERR,ERR,ERR,ERR,ERR,ERR,ERR,ERR,ERR,ERR,ERR,ERR,ERR,ERR,ERR,ERR,ERR,ERR,ERR,ERR,ERR,ERR,ERR,ERR,ERR,ERR,ERR,ERR,ERR,ERR,ERR,ERR,ERR,ERR,ERR,ERR,ERR,ERR,ERR,ERR,ERR,ERR,ERR,ERR,ERR,ERR,ERR,ERR,ERR,ERR,ERR,ERR,ERR,ERR,ERR,ERR,ERR,ERR,ERR,ERR,ERR,ERR,ERR,ERR,ERR,ERR,ERR,ERR,ERR,ERR,ERR,ERR,ERR,ERR,ERR,ERR,ERR,ERR,ERR,ERR,ERR,ERR,ERR,ERR,ERR,ERR,ERR,ERR,ERR,ERR,ERR,ERR,ERR,ERR,ERR,ERR,ERR,ERR,ERR,ERR,ERR,ERR,ERR,ERR,ERR,ERR,ERR,ERR,ERR,ERR,ERR,ERR,ERR,ERR,ERR,-0.0,-0.0,0.0,-0.0,0.0,-666811760640.0,-1.785378975991565e+30,-0.0,4300,0,8,17171,4300,0.0,40,0.0,0.0,-0.0,0.0,0.0,0,0,0,0,0.0,0,0,0,0,0,0,0,0,0,0,0,0,0,0,0,0,0,0,0,0,0,0,0,0,0,0,0,0,0,0,0,0,0,8,37,37,45,65476,384,65476,1,0,4,21553,0.0,2.7183305813883192e+23,-0.0,0.0,0.0,0.0,0.0,0.0,0.0,0.0,0.0,0.0,0.0,0.0,0.0,0.0,0.0,0.0,0.0,0.0,0.0,2.004,-0.0,-0.0,0.0,-2.004,0.0,0.0,0.0,0.0,6652.0,131351.234,0.0,-0.0,-0.0,-0.0,0.0,0.0,0.0,2.004,2.004,226,-2.3088280513417105e+20,-0.0,0.0,0.0,0.0,0.0,0.0,0.0,0.0,0,0,0,-1.9953265162627438e+24,0.0,-0.0,0.0,2.7464561377813504e+34,0.0,5109457408.0,-3.183366019762937e+36,0.0,-4.622360627065651e+17,-0.0,1650.193,0.0,0.0,0.0,-133276598272.0,0,1.3516416376850534e+27,226,0.0,452,-74360974999552.0,-0.0,2114,26215,17110,13107,17112,26215,17095,0,0,0,101,100,100,0.0,63.4,-0.0,63.95,-107615216.0,63.5,1,49,50,180,0,26215,0,0,0.0,0.0,0.0,60.0,0.0,71.0,0.0,2.6275923353567053e+29,0.0,1070,0,1071,0,0,0,1072,0,1081,0,997,0,637,0,639,0,633,0,674,0.032,6.234999496913828e+21,-0.0,-107615280.0,50832,16813,0.0,853013.375,0.002,0.0,0.0,-1239099113472.0,50.0,60.0,35,0.0,0.0,10.0,2.0,0.0,0.0,0.0,0.0,0.0,0.0,0.0,0.0,0.0,0.0,0.0,0.0,59.2,52,13,65511,27,65476,0,300,0,0,8,20529,65476,0,0,30147,60.0,0.0,10.0,10.0,2.0,0.0
2026-02-16T12:03:49,ERR,ERR,ERR,ERR,ERR,ERR,ERR,ERR,ERR,ERR,ERR,ERR,ERR,ERR,ERR,ERR,ERR,ERR,ERR,ERR,ERR,ERR,ERR,ERR,ERR,ERR,ERR,ERR,ERR,ERR,ERR,ERR,ERR,ERR,ERR,ERR,ERR,ERR,ERR,ERR,ERR,ERR,ERR,ERR,ERR,ERR,ERR,ERR,ERR,ERR,ERR,ERR,ERR,ERR,ERR,ERR,ERR,ERR,ERR,ERR,ERR,ERR,ERR,ERR,ERR,ERR,ERR,ERR,ERR,ERR,ERR,ERR,ERR,ERR,ERR,ERR,ERR,ERR,ERR,ERR,ERR,ERR,ERR,ERR,ERR,ERR,ERR,ERR,ERR,ERR,ERR,ERR,ERR,ERR,ERR,ERR,ERR,ERR,ERR,ERR,ERR,ERR,ERR,ERR,ERR,ERR,ERR,ERR,ERR,ERR,ERR,ERR,ERR,ERR,ERR,ERR,ERR,ERR,ERR,ERR,ERR,ERR,ERR,ERR,ERR,-0.0,-0.0,0.0,-0.0,0.0,-666811760640.0,-1.785378975991565e+30,-0.0,4300,0,8,17171,4300,0.0,40,0.0,0.0,-0.0,0.0,0.0,0,0,0,0,0.0,0,0,0,0,0,0,0,0,0,0,0,0,0,0,0,0,0,0,0,0,0,0,0,0,0,0,0,0,0,0,0,0,0,8,37,37,45,65476,384,65476,1,0,4,21553,0.0,2.7183305813883192e+23,-0.0,0.0,0.0,0.0,0.0,0.0,0.0,0.0,0.0,0.0,0.0,0.0,0.0,0.0,0.0,0.0,0.0,0.0,0.0,2.004,-0.0,-0.0,0.0,-2.004,0.0,0.0,0.0,0.0,6652.0,131351.234,0.0,-0.0,-0.0,-0.0,0.0,0.0,0.0,2.004,2.004,226,-2.3088280513417105e+20,-0.0,0.0,0.0,0.0,0.0,0.0,0.0,0.0,0,0,0,-1.9953265162627438e+24,0.0,-0.0,0.0,2.7464561377813504e+34,0.0,5109457408.0,-3.183366019762937e+36,0.0,-4.622360627065651e+17,-0.0,1650.193,0.0,0.0,0.0,-133276598272.0,0,1.3516416376850534e+27,226,0.0,452,-74360974999552.0,-0.0,2112,26215,17110,13107,17112,26215,17095,0,0,0,101,100,100,0.0,63.3,0.0,63.95,-107615216.0,63.5,1,49,50,180,13107,26215,0,0,0.0,0.0,0.0,60.0,0.0,71.0,0.0,-0.0,0.0,1071,0,1071,0,0,0,1072,0,1081,0,997,0,637,0,639,0,633,0,675,0.032,6.198106008766409e+21,-0.0,-107615280.0,30864,16813,0.0,-0.0,-0.0,0.0,-0.0,0.0,50.0,60.0,35,0.0,0.0,10.0,2.0,0.0,0.0,0.0,0.0,0.0,0.0,0.0,0.0,0.0,0.0,0.0,0.0,58.8,52,13,65511,27,65476,0,300,0,0,8,20529,65476,0,0,30147,60.0,0.0,10.0,10.0,2.0,0.0
2026-02-16T12:03:50,ERR,ERR,ERR,ERR,ERR,ERR,ERR,ERR,ERR,ERR,ERR,ERR,ERR,ERR,ERR,ERR,ERR,ERR,ERR,ERR,ERR,ERR,ERR,ERR,ERR,ERR,ERR,ERR,ERR,ERR,ERR,ERR,ERR,ERR,ERR,ERR,ERR,ERR,ERR,ERR,ERR,ERR,ERR,ERR,ERR,ERR,ERR,ERR,ERR,ERR,ERR,ERR,ERR,ERR,ERR,ERR,ERR,ERR,ERR,ERR,ERR,ERR,ERR,ERR,ERR,ERR,ERR,ERR,ERR,ERR,ERR,ERR,ERR,ERR,ERR,ERR,ERR,ERR,ERR,ERR,ERR,ERR,ERR,ERR,ERR,ERR,ERR,ERR,ERR,ERR,ERR,ERR,ERR,ERR,ERR,ERR,ERR,ERR,ERR,ERR,ERR,ERR,ERR,ERR,ERR,ERR,ERR,ERR,ERR,ERR,ERR,ERR,ERR,ERR,ERR,ERR,ERR,ERR,ERR,ERR,ERR,ERR,ERR,ERR,ERR,-0.0,-0.0,0.0,-0.0,0.0,-666811760640.0,-1.785378975991565e+30,-0.0,4300,0,8,17171,4300,0.0,40,0.0,0.0,-0.0,0.0,0.0,0,0,0,0,0.0,0,0,0,0,0,0,0,0,0,0,0,0,0,0,0,0,0,0,0,0,0,0,0,0,0,0,0,0,0,0,0,0,0,8,37,37,45,65476,384,65476,1,0,4,21553,0.0,2.7183305813883192e+23,-0.0,0.0,0.0,0.0,0.0,0.0,0.0,0.0,0.0,0.0,0.0,0.0,0.0,0.0,0.0,0.0,0.0,0.0,0.0,2.004,-0.0,-0.0,0.0,-2.004,0.0,0.0,0.0,0.0,6652.0,131351.234,0.0,-0.0,-0.0,-0.0,0.0,0.0,0.0,2.004,2.004,226,-2.3088280513417105e+20,-0.0,0.0,0.0,0.0,0.0,0.0,0.0,0.0,0,0,0,-1.9953265162627438e+24,0.0,-0.0,0.0,2.7464561377813504e+34,0.0,5109457408.0,-3.183366019762937e+36,0.0,-4.622360627065651e+17,-0.0,1650.193,0.0,0.0,0.0,-133276598272.0,0,1.3516416376850534e+27,226,0.0,452,-74360974999552.0,-0.0,2112,26215,17110,13107,17112,26215,17095,0,0,0,101,100,100,0.0,63.3,0.0,63.95,-107615216.0,63.5,1,49,50,180,13107,26215,0,0,0.0,0.0,0.0,60.0,0.0,71.0,0.0,-0.0,0.0,1071,0,1071,0,0,0,1072,0,1081,0,997,0,637,0,639,0,633,0,675,0.032,6.198106008766409e+21,-0.0,-107615280.0,30864,16813,0.0,-0.0,-0.0,0.0,-0.0,0.0,50.0,60.0,35,0.0,0.0,10.0,2.0,0.0,0.0,0.0,0.0,0.0,0.0,0.0,0.0,0.0,0.0,0.0,0.0,58.8,52,13,65511,27,65476,0,300,0,0,2,20529,65476,0,0,30147,60.0,0.0,10.0,10.0,2.0,0.0
2026-02-16T12:03:51,ERR,ERR,ERR,ERR,ERR,ERR,ERR,ERR,ERR,ERR,ERR,ERR,ERR,ERR,ERR,ERR,ERR,ERR,ERR,ERR,ERR,ERR,ERR,ERR,ERR,ERR,ERR,ERR,ERR,ERR,ERR,ERR,ERR,ERR,ERR,ERR,ERR,ERR,ERR,ERR,ERR,ERR,ERR,ERR,ERR,ERR,ERR,ERR,ERR,ERR,ERR,ERR,ERR,ERR,ERR,ERR,ERR,ERR,ERR,ERR,ERR,ERR,ERR,ERR,ERR,ERR,ERR,ERR,ERR,ERR,ERR,ERR,ERR,ERR,ERR,ERR,ERR,ERR,ERR,ERR,ERR,ERR,ERR,ERR,ERR,ERR,ERR,ERR,ERR,ERR,ERR,ERR,ERR,ERR,ERR,ERR,ERR,ERR,ERR,ERR,ERR,ERR,ERR,ERR,ERR,ERR,ERR,ERR,ERR,ERR,ERR,ERR,ERR,ERR,ERR,ERR,ERR,ERR,ERR,ERR,ERR,ERR,ERR,ERR,ERR,-0.0,-0.0,-0.0,-107611232.0,-8532207104.0,-64554064.0,-3.855274035093196e+23,-0.0,4300,0,8,17171,4300,0.0,40,0.0,0.0,-107611232.0,0.0,0.0,0,0,0,0,0.0,0,0,0,0,0,0,0,0,0,0,0,0,0,0,0,0,0,0,0,0,0,0,0,0,0,0,0,0,0,0,0,0,0,8,37,37,45,65476,383,65476,1,0,4,21553,0.0,2.7183305813883192e+23,0.0,0.0,0.0,0.0,0.0,0.0,0.0,0.0,0.0,0.0,0.0,0.0,0.0,0.0,0.0,0.0,0.0,0.0,0.0,2.004,-0.0,-0.0,0.0,-3.69707618246192e+19,0.0,0.0,0.0,0.0,6654.0,131351.234,0.0,-0.0,-0.0,2.718450196994422e+23,107616272.0,0.0,0.0,2.004,2.004,225,-2.3088280513417105e+20,-0.0,0.0,0.0,0.0,0.0,0.0,0.0,0.0,0,0,0,-6.134037237517483e+21,0.003,1.1679082238379572e+32,0.0,1.2900665027755239e+30,-0.0,164.274,-0.0,-117.137,-4.892576604707881e+17,-0.0,1746.193,0.0,0.0,0.0,0.0,0,1.3516416376850534e+27,225,0.0,450,-74360974999552.0,0.0,2112,26215,17110,13107,17112,26215,17095,0,0,0,101,100,100,0.0,63.3,0.0,63.95,-107615216.0,63.5,1,49,50,180,13107,26215,0,0,0.0,0.0,0.0,60.0,0.0,71.0,0.0,-0.0,0.0,1071,0,1071,0,0,0,1072,0,1081,0,997,0,637,0,639,0,633,0,675,0.032,6.198106008766409e+21,-0.0,-107615280.0,30864,16813,0.0,-0.0,-0.0,0.0,-0.0,0.0,50.0,60.0,35,0.0,0.0,10.0,2.0,0.0,0.0,0.0,0.0,0.0,0.0,0.0,0.0,0.0,0.0,0.0,0.0,58.8,52,13,65511,27,65476,0,300,0,0,2,20529,65476,0,0,30147,60.0,0.0,10.0,10.0,2.0,0.0
2026-02-16T12:03:52,ERR,ERR,ERR,ERR,ERR,ERR,ERR,ERR,ERR,ERR,ERR,ERR,ERR,ERR,ERR,ERR,ERR,ERR,ERR,ERR,ERR,ERR,ERR,ERR,ERR,ERR,ERR,ERR,ERR,ERR,ERR,ERR,ERR,ERR,ERR,ERR,ERR,ERR,ERR,ERR,ERR,ERR,ERR,ERR,ERR,ERR,ERR,ERR,ERR,ERR,ERR,ERR,ERR,ERR,ERR,ERR,ERR,ERR,ERR,ERR,ERR,ERR,ERR,ERR,ERR,ERR,ERR,ERR,ERR,ERR,ERR,ERR,ERR,ERR,ERR,ERR,ERR,ERR,ERR,ERR,ERR,ERR,ERR,ERR,ERR,ERR,ERR,ERR,ERR,ERR,ERR,ERR,ERR,ERR,ERR,ERR,ERR,ERR,ERR,ERR,ERR,ERR,ERR,ERR,ERR,ERR,ERR,ERR,ERR,ERR,ERR,ERR,ERR,ERR,ERR,ERR,ERR,ERR,ERR,ERR,ERR,ERR,ERR,ERR,ERR,-0.0,-0.0,-0.0,-107611232.0,-8532207104.0,-64554064.0,-3.855274035093196e+23,-0.0,4300,0,8,17171,4300,0.0,40,0.0,0.0,-107611232.0,0.0,0.0,0,0,0,0,0.0,0,0,0,0,0,0,0,0,0,0,0,0,0,0,0,0,0,0,0,0,0,0,0,0,0,0,0,0,0,0,0,0,0,8,37,37,45,65476,383,65476,1,0,4,21553,0.0,2.7183305813883192e+23,0.0,0.0,0.0,0.0,0.0,0.0,0.0,0.0,0.0,0.0,0.0,0.0,0.0,0.0,0.0,0.0,0.0,0.0,0.0,2.004,-0.0,-0.0,0.0,-3.69707618246192e+19,0.0,0.0,0.0,0.0,6654.0,131351.234,0.0,-0.0,-0.0,2.718450196994422e+23,107616272.0,0.0,0.0,2.004,2.004,225,-2.3088280513417105e+20,-0.0,0.0,0.0,0.0,0.0,0.0,0.0,0.0,0,0,0,-6.134037237517483e+21,0.003,1.1679082238379572e+32,0.0,1.2900665027755239e+30,-0.0,164.274,-0.0,-117.137,-4.892576604707881e+17,-0.0,1746.193,0.0,0.0,0.0,0.0,0,1.3516416376850534e+27,225,0.0,450,-74360974999552.0,0.0,2112,26215,17110,13107,17112,26215,17095,0,0,0,101,100,100,0.0,63.4,0.0,63.95,-107615216.0,63.5,1,49,50,180,0,13107,0,0,0.0,0.0,0.0,60.0,0.0,71.0,0.0,0.0,0.0,1070,0,1071,0,0,0,1072,0,1081,0,997,0,637,0,639,0,633,0,675,0.032,6.198106008766409e+21,-2.004,0.0,35984,16813,0.0,-0.0,-1.8482399911204303e+33,0.636,-5.617260439275787e+21,1.371406512303294e+28,50.0,60.0,35,0.0,0.0,10.0,2.0,0.0,0.0,0.0,0.0,0.0,0.0,0.0,0.0,0.0,0.0,0.0,0.0,58.8,52,13,65511,27,65476,0,65476,1,0,4,20529,65476,0,0,30147,60.0,0.0,10.0,10.0,2.0,0.0
2026-02-16T12:03:53,ERR,ERR,ERR,ERR,ERR,ERR,ERR,ERR,ERR,ERR,ERR,ERR,ERR,ERR,ERR,ERR,ERR,ERR,ERR,ERR,ERR,ERR,ERR,ERR,ERR,ERR,ERR,ERR,ERR,ERR,ERR,ERR,ERR,ERR,ERR,ERR,ERR,ERR,ERR,ERR,ERR,ERR,ERR,ERR,ERR,ERR,ERR,ERR,ERR,ERR,ERR,ERR,ERR,ERR,ERR,ERR,ERR,ERR,ERR,ERR,ERR,ERR,ERR,ERR,ERR,ERR,ERR,ERR,ERR,ERR,ERR,ERR,ERR,ERR,ERR,ERR,ERR,ERR,ERR,ERR,ERR,ERR,ERR,ERR,ERR,ERR,ERR,ERR,ERR,ERR,ERR,ERR,ERR,ERR,ERR,ERR,ERR,ERR,ERR,ERR,ERR,ERR,ERR,ERR,ERR,ERR,ERR,ERR,ERR,ERR,ERR,ERR,ERR,ERR,ERR,ERR,ERR,ERR,ERR,ERR,ERR,ERR,ERR,ERR,ERR,-0.0,-0.0,-0.0,-107611232.0,-8532207104.0,-64554064.0,-3.855274035093196e+23,-0.0,4300,0,8,17171,4300,0.0,40,0.0,0.0,-107611232.0,0.0,0.0,0,0,0,0,0.0,0,0,0,0,0,0,0,0,0,0,0,0,0,0,0,0,0,0,0,0,0,0,0,0,0,0,0,0,0,0,0,0,0,8,37,37,45,65476,383,65476,1,0,4,21553,0.0,2.7183305813883192e+23,0.0,0.0,0.0,0.0,0.0,0.0,0.0,0.0,0.0,0.0,0.0,0.0,0.0,0.0,0.0,0.0,0.0,0.0,0.0,2.004,-0.0,-0.0,0.0,-3.69707618246192e+19,0.0,0.0,0.0,0.0,6654.0,131351.234,0.0,-0.0,-0.0,2.718450196994422e+23,107616272.0,0.0,0.0,2.004,2.004,225,-2.3088280513417105e+20,-0.0,0.0,0.0,0.0,0.0,0.0,0.0,0.0,0,0,0,-6.134037237517483e+21,0.003,1.1679082238379572e+32,0.0,1.2900665027755239e+30,-0.0,164.274,-0.0,-117.137,-4.892576604707881e+17,-0.0,1746.193,0.0,0.0,0.0,0.0,0,1.3516416376850534e+27,225,0.0,450,-74360974999552.0,0.0,2112,26215,17110,13107,17112,26215,17095,0,0,0,101,100,100,0.0,63.4,0.0,63.95,-107615216.0,63.5,1,49,50,180,0,13107,0,0,0.0,0.0,0.0,60.0,0.0,71.0,0.0,0.0,0.0,1070,0,1071,0,0,0,1072,0,1081,0,997,0,637,0,639,0,633,0,675,0.032,6.198106008766409e+21,-2.004,0.0,35984,16813,0.0,-0.0,-1.8482399911204303e+33,0.636,-5.617260439275787e+21,1.371406512303294e+28,50.0,60.0,35,0.0,0.0,10.0,2.0,0.0,0.0,0.0,0.0,0.0,0.0,0.0,0.0,0.0,0.0,0.0,0.0,58.8,52,13,65511,27,65476,0,65476,1,0,4,20529,65476,0,0,30147,60.0,0.0,10.0,10.0,2.0,0.0
2026-02-16T12:03:54,ERR,ERR,ERR,ERR,ERR,ERR,ERR,ERR,ERR,ERR,ERR,ERR,ERR,ERR,ERR,ERR,ERR,ERR,ERR,ERR,ERR,ERR,ERR,ERR,ERR,ERR,ERR,ERR,ERR,ERR,ERR,ERR,ERR,ERR,ERR,ERR,ERR,ERR,ERR,ERR,ERR,ERR,ERR,ERR,ERR,ERR,ERR,ERR,ERR,ERR,ERR,ERR,ERR,ERR,ERR,ERR,ERR,ERR,ERR,ERR,ERR,ERR,ERR,ERR,ERR,ERR,ERR,ERR,ERR,ERR,ERR,ERR,ERR,ERR,ERR,ERR,ERR,ERR,ERR,ERR,ERR,ERR,ERR,ERR,ERR,ERR,ERR,ERR,ERR,ERR,ERR,ERR,ERR,ERR,ERR,ERR,ERR,ERR,ERR,ERR,ERR,ERR,ERR,ERR,ERR,ERR,ERR,ERR,ERR,ERR,ERR,ERR,ERR,ERR,ERR,ERR,ERR,ERR,ERR,ERR,ERR,ERR,ERR,ERR,ERR,-0.0,-0.0,-0.0,-107611232.0,-8532207104.0,-64554064.0,-3.855274035093196e+23,-0.0,4300,0,8,17171,4300,0.0,40,0.0,0.0,-107611232.0,0.0,0.0,0,0,0,0,0.0,0,0,0,0,0,0,0,0,0,0,0,0,0,0,0,0,0,0,0,0,0,0,0,0,0,0,0,0,0,0,0,0,0,8,37,37,45,65476,383,65476,1,0,4,21553,0.0,2.7183305813883192e+23,0.0,0.0,0.0,0.0,0.0,0.0,0.0,0.0,0.0,0.0,0.0,0.0,0.0,0.0,0.0,0.0,0.0,0.0,0.0,2.004,-0.0,-0.0,0.0,-3.69707618246192e+19,0.0,0.0,0.0,0.0,6654.0,131351.234,0.0,-0.0,-0.0,2.718450196994422e+23,107616272.0,0.0,0.0,2.004,2.004,225,-2.3088280513417105e+20,-0.0,0.0,0.0,0.0,0.0,0.0,0.0,0.0,0,0,0,-6.134037237517483e+21,0.003,1.1679082238379572e+32,0.0,1.2900665027755239e+30,-0.0,164.274,-0.0,-117.137,-4.892576604707881e+17,-0.0,1746.193,0.0,0.0,0.0,0.0,0,1.3516416376850534e+27,225,0.0,450,-74360974999552.0,0.0,2112,26215,17110,13107,17112,26215,17095,0,0,0,101,100,100,0.0,63.4,0.0,63.95,-107615216.0,63.5,1,49,50,180,0,13107,0,0,0.0,0.0,0.0,60.0,0.0,71.0,0.0,0.0,0.0,1070,0,1071,0,0,0,1072,0,1081,0,997,0,637,0,639,0,633,0,675,0.032,6.198106008766409e+21,-2.004,0.0,35984,16813,0.0,-0.0,-1.8482399911204303e+33,0.636,-5.617260439275787e+21,1.371406512303294e+28,50.0,60.0,35,0.0,0.0,10.0,2.0,0.0,0.0,0.0,0.0,0.0,0.0,0.0,0.0,0.0,0.0,0.0,0.0,58.8,52,13,65511,27,65476,0,300,1,0,8,20529,65476,0,0,30147,60.0,0.0,10.0,10.0,2.0,0.0
2026-02-16T12:03:55,ERR,ERR,ERR,ERR,ERR,ERR,ERR,ERR,ERR,ERR,ERR,ERR,ERR,ERR,ERR,ERR,ERR,ERR,ERR,ERR,ERR,ERR,ERR,ERR,ERR,ERR,ERR,ERR,ERR,ERR,ERR,ERR,ERR,ERR,ERR,ERR,ERR,ERR,ERR,ERR,ERR,ERR,ERR,ERR,ERR,ERR,ERR,ERR,ERR,ERR,ERR,ERR,ERR,ERR,ERR,ERR,ERR,ERR,ERR,ERR,ERR,ERR,ERR,ERR,ERR,ERR,ERR,ERR,ERR,ERR,ERR,ERR,ERR,ERR,ERR,ERR,ERR,ERR,ERR,ERR,ERR,ERR,ERR,ERR,ERR,ERR,ERR,ERR,ERR,ERR,ERR,ERR,ERR,ERR,ERR,ERR,ERR,ERR,ERR,ERR,ERR,ERR,ERR,ERR,ERR,ERR,ERR,ERR,ERR,ERR,ERR,ERR,ERR,ERR,ERR,ERR,ERR,ERR,ERR,ERR,ERR,ERR,ERR,ERR,ERR,-0.0,-0.0,-0.0,-107611232.0,-8532207104.0,-64554064.0,-3.855274035093196e+23,-0.0,4300,0,8,17171,4300,0.0,40,0.0,0.0,-107611232.0,0.0,0.0,0,0,0,0,0.0,0,0,0,0,0,0,0,0,0,0,0,0,0,0,0,0,0,0,0,0,0,0,0,0,0,0,0,0,0,0,0,0,0,8,37,37,45,65476,383,65476,1,0,4,21553,0.0,2.7183305813883192e+23,0.0,0.0,0.0,0.0,0.0,0.0,0.0,0.0,0.0,0.0,0.0,0.0,0.0,0.0,0.0,0.0,0.0,0.0,0.0,2.004,-0.0,-0.0,0.0,-3.69707618246192e+19,0.0,0.0,0.0,0.0,6654.0,131351.234,0.0,-0.0,-0.0,2.718450196994422e+23,107616272.0,0.0,0.0,2.004,2.004,225,-2.3088280513417105e+20,-0.0,0.0,0.0,0.0,0.0,0.0,0.0,0.0,0,0,0,-6.134037237517483e+21,0.003,1.1679082238379572e+32,0.0,1.2900665027755239e+30,-0.0,164.274,-0.0,-117.137,-4.892576604707881e+17,-0.0,1746.193,0.0,0.0,0.0,0.0,0,1.3516416376850534e+27,225,0.0,450,-74360974999552.0,0.0,2112,26215,17110,13107,17112,26215,17095,0,0,0,101,100,100,0.0,63.4,0.0,63.95,-107615216.0,63.5,1,49,50,180,0,13107,0,0,0.0,0.0,0.0,60.0,0.0,71.0,0.0,-9.356735707332398e+36,0.0,1070,0,1071,0,0,0,1072,0,1081,0,997,0,637,0,639,0,633,0,674,0.032,6.198106008766409e+21,-0.0,-107615280.0,43920,16813,0.0,-8.050310464074508e+37,-0.001,-5729542144.0,-0.0,0.164,50.0,60.0,35,0.0,0.0,10.0,2.0,0.0,0.0,0.0,0.0,0.0,0.0,0.0,0.0,0.0,0.0,0.0,0.0,58.8,52,13,65511,27,65476,0,65476,0,0,2,20529,65476,0,0,30147,60.0,0.0,10.0,10.0,2.0,0.0
2026-02-16T12:03:56,ERR,ERR,ERR,ERR,ERR,ERR,ERR,ERR,ERR,ERR,ERR,ERR,ERR,ERR,ERR,ERR,ERR,ERR,ERR,ERR,ERR,ERR,ERR,ERR,ERR,ERR,ERR,ERR,ERR,ERR,ERR,ERR,ERR,ERR,ERR,ERR,ERR,ERR,ERR,ERR,ERR,ERR,ERR,ERR,ERR,ERR,ERR,ERR,ERR,ERR,ERR,ERR,ERR,ERR,ERR,ERR,ERR,ERR,ERR,ERR,ERR,ERR,ERR,ERR,ERR,ERR,ERR,ERR,ERR,ERR,ERR,ERR,ERR,ERR,ERR,ERR,ERR,ERR,ERR,ERR,ERR,ERR,ERR,ERR,ERR,ERR,ERR,ERR,ERR,ERR,ERR,ERR,ERR,ERR,ERR,ERR,ERR,ERR,ERR,ERR,ERR,ERR,ERR,ERR,ERR,ERR,ERR,ERR,ERR,ERR,ERR,ERR,ERR,ERR,ERR,ERR,ERR,ERR,ERR,ERR,ERR,ERR,ERR,ERR,ERR,-0.0,-0.0,-0.0,-0.0,4.045065792430549e+31,-1045447936.0,-3.8274169295261033e+25,0.0,4300,0,8,17171,4300,0.0,40,0.0,0.0,-0.0,0.0,0.0,0,0,0,0,0.0,0,0,0,0,0,0,0,0,0,0,0,0,0,0,0,0,0,0,0,0,0,0,0,0,0,0,0,0,0,0,0,0,0,8,37,37,45,65476,380,65476,1,0,4,21553,0.0,-107610976.0,-0.0,0.0,0.0,0.0,0.0,0.0,0.0,0.0,0.0,0.0,0.0,0.0,0.0,0.0,0.0,0.0,0.0,0.0,0.0,2.004,-0.0,-0.0,0.0,-3.69707618246192e+19,0.0,0.0,0.0,0.0,6654.0,2.004,0.0,-0.0,-0.0,2.718450196994422e+23,107616272.0,0.0,0.0,2.004,2.004,225,-2.3088280513417105e+20,-0.0,0.0,0.0,0.0,0.0,0.0,0.0,0.0,0,0,0,0.0,0.0,-0.0,7671077928960.0,-0.0,-0.0,0.0,0.0,-3.294399789367048e+37,-5.185310580486963e+17,-0.0,1842.193,0.0,0.0,0.0,-1.1584378737184205e+23,0,1.3516416376850534e+27,225,0.0,450,-74360974999552.0,0.0,2112,26215,17110,13107,17112,26215,17095,0,0,0,101,100,100,0.0,63.4,0.0,63.95,-107615216.0,63.5,1,49,50,180,0,13107,0,0,0.0,0.0,0.0,60.0,0.0,71.0,0.0,-9.356735707332398e+36,0.0,1070,0,1071,0,0,0,1072,0,1081,0,997,0,637,0,639,0,633,0,674,0.032,6.198106008766409e+21,-0.0,-107615280.0,43920,16813,0.0,-8.050310464074508e+37,-0.001,-5729542144.0,-0.0,0.164,50.0,60.0,35,0.0,0.0,10.0,2.0,0.0,0.0,0.0,0.0,0.0,0.0,0.0,0.0,0.0,0.0,0.0,0.0,58.8,52,13,65511,27,65476,0,65476,0,0,2,20529,65476,0,0,30147,60.0,0.0,10.0,10.0,2.0,0.0
2026-02-16T12:03:57,ERR,ERR,ERR,ERR,ERR,ERR,ERR,ERR,ERR,ERR,ERR,ERR,ERR,ERR,ERR,ERR,ERR,ERR,ERR,ERR,ERR,ERR,ERR,ERR,ERR,ERR,ERR,ERR,ERR,ERR,ERR,ERR,ERR,ERR,ERR,ERR,ERR,ERR,ERR,ERR,ERR,ERR,ERR,ERR,ERR,ERR,ERR,ERR,ERR,ERR,ERR,ERR,ERR,ERR,ERR,ERR,ERR,ERR,ERR,ERR,ERR,ERR,ERR,ERR,ERR,ERR,ERR,ERR,ERR,ERR,ERR,ERR,ERR,ERR,ERR,ERR,ERR,ERR,ERR,ERR,ERR,ERR,ERR,ERR,ERR,ERR,ERR,ERR,ERR,ERR,ERR,ERR,ERR,ERR,ERR,ERR,ERR,ERR,ERR,ERR,ERR,ERR,ERR,ERR,ERR,ERR,ERR,ERR,ERR,ERR,ERR,ERR,ERR,ERR,ERR,ERR,ERR,ERR,ERR,ERR,ERR,ERR,ERR,ERR,ERR,-0.0,-0.0,-0.0,-0.0,4.045065792430549e+31,-1045447936.0,-3.8274169295261033e+25,0.0,4300,0,8,17171,4300,0.0,40,0.0,0.0,-0.0,0.0,0.0,0,0,0,0,0.0,0,0,0,0,0,0,0,0,0,0,0,0,0,0,0,0,0,0,0,0,0,0,0,0,0,0,0,0,0,0,0,0,0,8,37,37,45,65476,380,65476,1,0,4,21553,0.0,-107610976.0,-0.0,0.0,0.0,0.0,0.0,0.0,0.0,0.0,0.0,0.0,0.0,0.0,0.0,0.0,0.0,0.0,0.0,0.0,0.0,2.004,-0.0,-0.0,0.0,-3.69707618246192e+19,0.0,0.0,0.0,0.0,6654.0,2.004,0.0,-0.0,-0.0,2.718450196994422e+23,107616272.0,0.0,0.0,2.004,2.004,225,-2.3088280513417105e+20,-0.0,0.0,0.0,0.0,0.0,0.0,0.0,0.0,0,0,0,0.0,0.0,-0.0,7671077928960.0,-0.0,-0.0,0.0,0.0,-3.294399789367048e+37,-5.185310580486963e+17,-0.0,1842.193,0.0,0.0,0.0,-1.1584378737184205e+23,0,1.3516416376850534e+27,225,0.0,450,-74360974999552.0,0.0,2112,26215,17110,13107,17112,26215,17095,0,0,0,101,100,100,0.0,63.4,0.0,63.95,-107615216.0,63.5,1,49,50,180,0,13107,0,0,0.0,0.0,0.0,60.0,0.0,71.0,0.0,-9.356735707332398e+36,0.0,1070,0,1071,0,0,0,1072,0,1081,0,997,0,637,0,639,0,633,0,674,0.032,6.198106008766409e+21,-0.0,-107615280.0,43920,16813,0.0,-8.050310464074508e+37,-0.001,-5729542144.0,-0.0,0.164,50.0,60.0,35,0.0,0.0,10.0,2.0,0.0,0.0,0.0,0.0,0.0,0.0,0.0,0.0,0.0,0.0,0.0,0.0,59.2,51,13,65511,27,65476,0,300,1,0,8,20529,65476,0,0,30147,60.0,0.0,10.0,10.0,2.0,0.0
2026-02-16T12:03:58,ERR,ERR,ERR,ERR,ERR,ERR,ERR,ERR,ERR,ERR,ERR,ERR,ERR,ERR,ERR,ERR,ERR,ERR,ERR,ERR,ERR,ERR,ERR,ERR,ERR,ERR,ERR,ERR,ERR,ERR,ERR,ERR,ERR,ERR,ERR,ERR,ERR,ERR,ERR,ERR,ERR,ERR,ERR,ERR,ERR,ERR,ERR,ERR,ERR,ERR,ERR,ERR,ERR,ERR,ERR,ERR,ERR,ERR,ERR,ERR,ERR,ERR,ERR,ERR,ERR,ERR,ERR,ERR,ERR,ERR,ERR,ERR,ERR,ERR,ERR,ERR,ERR,ERR,ERR,ERR,ERR,ERR,ERR,ERR,ERR,ERR,ERR,ERR,ERR,ERR,ERR,ERR,ERR,ERR,ERR,ERR,ERR,ERR,ERR,ERR,ERR,ERR,ERR,ERR,ERR,ERR,ERR,ERR,ERR,ERR,ERR,ERR,ERR,ERR,ERR,ERR,ERR,ERR,ERR,ERR,ERR,ERR,ERR,ERR,ERR,-0.0,-0.0,-0.0,-0.0,4.045065792430549e+31,-1045447936.0,-3.8274169295261033e+25,0.0,4300,0,8,17171,4300,0.0,40,0.0,0.0,-0.0,0.0,0.0,0,0,0,0,0.0,0,0,0,0,0,0,0,0,0,0,0,0,0,0,0,0,0,0,0,0,0,0,0,0,0,0,0,0,0,0,0,0,0,8,37,37,45,65476,380,65476,1,0,4,21553,0.0,-107610976.0,-0.0,0.0,0.0,0.0,0.0,0.0,0.0,0.0,0.0,0.0,0.0,0.0,0.0,0.0,0.0,0.0,0.0,0.0,0.0,2.004,-0.0,-0.0,0.0,-3.69707618246192e+19,0.0,0.0,0.0,0.0,6654.0,2.004,0.0,-0.0,-0.0,2.718450196994422e+23,107616272.0,0.0,0.0,2.004,2.004,225,-2.3088280513417105e+20,-0.0,0.0,0.0,0.0,0.0,0.0,0.0,0.0,0,0,0,0.0,0.0,-0.0,7671077928960.0,-0.0,-0.0,0.0,0.0,-3.294399789367048e+37,-5.185310580486963e+17,-0.0,1842.193,0.0,0.0,0.0,-1.1584378737184205e+23,0,1.3516416376850534e+27,225,0.0,450,-74360974999552.0,0.0,2112,26215,17110,13107,17112,26215,17095,0,0,0,101,100,100,0.0,63.4,0.0,63.95,-107615216.0,63.5,1,49,50,180,0,13107,0,0,0.0,0.0,0.0,60.0,0.0,71.0,0.0,-9.356735707332398e+36,0.0,1070,0,1071,0,0,0,1072,0,1081,0,997,0,637,0,639,0,633,0,674,0.032,6.198106008766409e+21,-0.0,-107615280.0,43920,16813,0.0,-8.050310464074508e+37,-0.001,-5729542144.0,-0.0,0.164,50.0,60.0,35,0.0,0.0,10.0,2.0,0.0,0.0,0.0,0.0,0.0,0.0,0.0,0.0,0.0,0.0,0.0,0.0,58.8,51,13,65512,27,65476,0,300,0,0,8,20529,65476,0,0,30147,60.0,0.0,10.0,10.0,2.0,0.0
2026-02-16T12:03:59,ERR,ERR,ERR,ERR,ERR,ERR,ERR,ERR,ERR,ERR,ERR,ERR,ERR,ERR,ERR,ERR,ERR,ERR,ERR,ERR,ERR,ERR,ERR,ERR,ERR,ERR,ERR,ERR,ERR,ERR,ERR,ERR,ERR,ERR,ERR,ERR,ERR,ERR,ERR,ERR,ERR,ERR,ERR,ERR,ERR,ERR,ERR,ERR,ERR,ERR,ERR,ERR,ERR,ERR,ERR,ERR,ERR,ERR,ERR,ERR,ERR,ERR,ERR,ERR,ERR,ERR,ERR,ERR,ERR,ERR,ERR,ERR,ERR,ERR,ERR,ERR,ERR,ERR,ERR,ERR,ERR,ERR,ERR,ERR,ERR,ERR,ERR,ERR,ERR,ERR,ERR,ERR,ERR,ERR,ERR,ERR,ERR,ERR,ERR,ERR,ERR,ERR,ERR,ERR,ERR,ERR,ERR,ERR,ERR,ERR,ERR,ERR,ERR,ERR,ERR,ERR,ERR,ERR,ERR,ERR,ERR,ERR,ERR,ERR,ERR,-0.0,-0.0,-0.0,-0.0,4.045065792430549e+31,-1045447936.0,-3.8274169295261033e+25,0.0,4300,0,8,17171,4300,0.0,40,0.0,0.0,-0.0,0.0,0.0,0,0,0,0,0.0,0,0,0,0,0,0,0,0,0,0,0,0,0,0,0,0,0,0,0,0,0,0,0,0,0,0,0,0,0,0,0,0,0,8,37,37,45,65476,380,65476,1,0,4,21553,0.0,-107610976.0,-0.0,0.0,0.0,0.0,0.0,0.0,0.0,0.0,0.0,0.0,0.0,0.0,0.0,0.0,0.0,0.0,0.0,0.0,0.0,2.004,-0.0,-0.0,0.0,-3.69707618246192e+19,0.0,0.0,0.0,0.0,6654.0,2.004,0.0,-0.0,-0.0,2.718450196994422e+23,107616272.0,0.0,0.0,2.004,2.004,225,-2.3088280513417105e+20,-0.0,0.0,0.0,0.0,0.0,0.0,0.0,0.0,0,0,0,0.0,0.0,-0.0,7671077928960.0,-0.0,-0.0,0.0,0.0,-3.294399789367048e+37,-5.185310580486963e+17,-0.0,1842.193,0.0,0.0,0.0,-1.1584378737184205e+23,0,1.3516416376850534e+27,225,0.0,450,-74360974999552.0,0.0,2112,26215,17110,13107,17112,26215,17095,0,0,0,101,100,100,0.0,63.4,-0.0,63.95,-107615216.0,63.5,1,49,50,180,13107,13107,0,0,0.0,0.0,0.0,60.0,0.0,71.0,0.0,-0.0,0.0,1070,0,1071,0,0,0,1072,0,1081,0,997,0,637,0,639,0,633,0,674,0.032,6.234999496913828e+21,-0.0,-107615280.0,27280,16813,0.0,-0.0,17.531,0.0,0.0,-39101415817216.0,50.0,60.0,35,0.0,0.0,10.0,2.0,0.0,0.0,0.0,0.0,0.0,0.0,0.0,0.0,0.0,0.0,0.0,0.0,58.8,51,13,65512,27,65476,0,300,0,0,8,20529,65476,0,0,30147,60.0,0.0,10.0,10.0,2.0,0.0
2026-02-16T12:04:00,ERR,ERR,ERR,ERR,ERR,ERR,ERR,ERR,ERR,ERR,ERR,ERR,ERR,ERR,ERR,ERR,ERR,ERR,ERR,ERR,ERR,ERR,ERR,ERR,ERR,ERR,ERR,ERR,ERR,ERR,ERR,ERR,ERR,ERR,ERR,ERR,ERR,ERR,ERR,ERR,ERR,ERR,ERR,ERR,ERR,ERR,ERR,ERR,ERR,ERR,ERR,ERR,ERR,ERR,ERR,ERR,ERR,ERR,ERR,ERR,ERR,ERR,ERR,ERR,ERR,ERR,ERR,ERR,ERR,ERR,ERR,ERR,ERR,ERR,ERR,ERR,ERR,ERR,ERR,ERR,ERR,ERR,ERR,ERR,ERR,ERR,ERR,ERR,ERR,ERR,ERR,ERR,ERR,ERR,ERR,ERR,ERR,ERR,ERR,ERR,ERR,ERR,ERR,ERR,ERR,ERR,ERR,ERR,ERR,ERR,ERR,ERR,ERR,ERR,ERR,ERR,ERR,ERR,ERR,ERR,ERR,ERR,ERR,ERR,ERR,-0.0,-0.0,-0.0,-0.0,4.045065792430549e+31,-1045447936.0,-3.8274169295261033e+25,0.0,4300,0,8,17171,4300,0.0,40,0.0,0.0,-0.0,0.0,0.0,0,0,0,0,0.0,0,0,0,0,0,0,0,0,0,0,0,0,0,0,0,0,0,0,0,0,0,0,0,0,0,0,0,0,0,0,0,0,0,8,37,37,45,65476,380,65476,1,0,4,21553,0.0,-107610976.0,-0.0,0.0,0.0,0.0,0.0,0.0,0.0,0.0,0.0,0.0,0.0,0.0,0.0,0.0,0.0,0.0,0.0,0.0,0.0,2.004,-0.0,-0.0,0.0,-3.69707618246192e+19,0.0,0.0,0.0,0.0,6654.0,2.004,0.0,-0.0,-0.0,2.718450196994422e+23,107616272.0,0.0,0.0,2.004,2.004,225,-2.3088280513417105e+20,-0.0,0.0,0.0,0.0,0.0,0.0,0.0,0.0,0,0,0,0.0,0.0,-0.0,7671077928960.0,-0.0,-0.0,0.0,0.0,-3.294399789367048e+37,-5.185310580486963e+17,-0.0,1842.193,0.0,0.0,0.0,-1.1584378737184205e+23,0,1.3516416376850534e+27,225,0.0,450,-74360974999552.0,0.0,2112,26215,17110,13107,17112,26215,17095,0,0,0,101,100,100,0.0,63.4,-0.0,63.95,-107615216.0,63.5,1,49,50,180,13107,13107,0,0,0.0,0.0,0.0,60.0,0.0,71.0,0.0,-0.0,0.0,1070,0,1071,0,0,0,1072,0,1081,0,997,0,637,0,639,0,633,0,674,0.032,6.234999496913828e+21,-0.0,-107615280.0,27280,16813,0.0,-0.0,17.531,0.0,0.0,-39101415817216.0,50.0,60.0,35,0.0,0.0,10.0,2.0,0.0,0.0,0.0,0.0,0.0,0.0,0.0,0.0,0.0,0.0,0.0,0.0,58.8,51,14,65512,27,65476,0,300,0,0,4,20529,65476,0,0,30147,60.0,0.0,10.0,10.0,2.0,0.0
2026-02-16T12:04:01,ERR,ERR,ERR,ERR,ERR,ERR,ERR,ERR,ERR,ERR,ERR,ERR,ERR,ERR,ERR,ERR,ERR,ERR,ERR,ERR,ERR,ERR,ERR,ERR,ERR,ERR,ERR,ERR,ERR,ERR,ERR,ERR,ERR,ERR,ERR,ERR,ERR,ERR,ERR,ERR,ERR,ERR,ERR,ERR,ERR,ERR,ERR,ERR,ERR,ERR,ERR,ERR,ERR,ERR,ERR,ERR,ERR,ERR,ERR,ERR,ERR,ERR,ERR,ERR,ERR,ERR,ERR,ERR,ERR,ERR,ERR,ERR,ERR,ERR,ERR,ERR,ERR,ERR,ERR,ERR,ERR,ERR,ERR,ERR,ERR,ERR,ERR,ERR,ERR,ERR,ERR,ERR,ERR,ERR,ERR,ERR,ERR,ERR,ERR,ERR,ERR,ERR,ERR,ERR,ERR,ERR,ERR,ERR,ERR,ERR,ERR,ERR,ERR,ERR,ERR,ERR,ERR,ERR,ERR,ERR,ERR,ERR,ERR,ERR,ERR,-0.0,-0.0,-0.0,-0.0,4.045065792430549e+31,-0.36,-6384643584.0,0.0,4300,0,8,17171,4300,0.0,40,0.0,0.0,-0.0,0.0,0.0,0,0,0,0,0.0,0,0,0,0,0,0,0,0,0,0,0,0,0,0,0,0,0,0,0,0,0,0,0,0,0,0,0,0,0,0,0,0,0,8,37,37,45,65476,380,65476,1,0,4,21553,0.0,-0.0,-4.5824162237291816e+22,0.0,0.0,0.0,0.0,0.0,0.0,0.0,0.0,0.0,0.0,0.0,0.0,0.0,0.0,0.0,0.0,0.0,0.0,2.004,-0.0,-0.0,0.0,-2.004,0.0,0.0,0.0,0.0,6654.0,0.0,0.0,-0.0,-0.0,2.718450196994422e+23,0.0,-0.0,0.0,2.004,2.004,225,0.0,-0.0,0.0,0.0,0.0,0.0,0.0,0.0,0.0,0,0,0,-446980971036672.0,8061705728.0,1.0590540944662713e+24,-1.241247802542837e+19,4.292884775659521e+24,-3241491543621632.0,0.0,-0.0,-0.0,-5.455526558129193e+17,-0.0,1946.193,0.0,0.0,0.0,-3.728616160962404e+30,0,1.3516416376850534e+27,225,0.0,450,-74360974999552.0,0.0,2112,26215,17110,13107,17112,26215,17095,0,0,0,101,100,100,0.0,63.4,-0.0,63.95,-107615216.0,63.5,1,49,50,180,13107,13107,0,0,0.0,0.0,0.0,60.0,0.0,71.0,0.0,-0.0,0.0,1070,0,1071,0,0,0,1072,0,1081,0,997,0,637,0,639,0,633,0,674,0.032,6.234999496913828e+21,-0.0,-107615280.0,27280,16813,0.0,-0.0,17.531,0.0,0.0,-39101415817216.0,50.0,60.0,35,0.0,0.0,10.0,2.0,0.0,0.0,0.0,0.0,0.0,0.0,0.0,0.0,0.0,0.0,0.0,0.0,58.8,51,14,65512,27,65476,0,300,0,0,4,20529,65476,0,0,30147,60.0,0.0,10.0,10.0,2.0,0.0
2026-02-16T12:04:02,ERR,ERR,ERR,ERR,ERR,ERR,ERR,ERR,ERR,ERR,ERR,ERR,ERR,ERR,ERR,ERR,ERR,ERR,ERR,ERR,ERR,ERR,ERR,ERR,ERR,ERR,ERR,ERR,ERR,ERR,ERR,ERR,ERR,ERR,ERR,ERR,ERR,ERR,ERR,ERR,ERR,ERR,ERR,ERR,ERR,ERR,ERR,ERR,ERR,ERR,ERR,ERR,ERR,ERR,ERR,ERR,ERR,ERR,ERR,ERR,ERR,ERR,ERR,ERR,ERR,ERR,ERR,ERR,ERR,ERR,ERR,ERR,ERR,ERR,ERR,ERR,ERR,ERR,ERR,ERR,ERR,ERR,ERR,ERR,ERR,ERR,ERR,ERR,ERR,ERR,ERR,ERR,ERR,ERR,ERR,ERR,ERR,ERR,ERR,ERR,ERR,ERR,ERR,ERR,ERR,ERR,ERR,ERR,ERR,ERR,ERR,ERR,ERR,ERR,ERR,ERR,ERR,ERR,ERR,ERR,ERR,ERR,ERR,ERR,ERR,-0.0,-0.0,-0.0,-0.0,4.045065792430549e+31,-0.36,-6384643584.0,0.0,4300,0,8,17171,4300,0.0,40,0.0,0.0,-0.0,0.0,0.0,0,0,0,0,0.0,0,0,0,0,0,0,0,0,0,0,0,0,0,0,0,0,0,0,0,0,0,0,0,0,0,0,0,0,0,0,0,0,0,8,37,37,45,65476,380,65476,1,0,4,21553,0.0,-0.0,-4.5824162237291816e+22,0.0,0.0,0.0,0.0,0.0,0.0,0.0,0.0,0.0,0.0,0.0,0.0,0.0,0.0,0.0,0.0,0.0,0.0,2.004,-0.0,-0.0,0.0,-2.004,0.0,0.0,0.0,0.0,6654.0,0.0,0.0,-0.0,-0.0,2.718450196994422e+23,0.0,-0.0,0.0,2.004,2.004,225,0.0,-0.0,0.0,0.0,0.0,0.0,0.0,0.0,0.0,0,0,0,-446980971036672.0,8061705728.0,1.0590540944662713e+24,-1.241247802542837e+19,4.292884775659521e+24,-3241491543621632.0,0.0,-0.0,-0.0,-5.455526558129193e+17,-0.0,1946.193,0.0,0.0,0.0,-3.728616160962404e+30,0,1.3516416376850534e+27,225,0.0,450,-74360974999552.0,0.0,2112,26215,17110,13107,17112,26215,17095,0,0,0,101,100,100,-0.0,63.4,-0.0,63.95,-107615216.0,63.5,1,49,50,180,13107,13107,0,0,0.0,0.0,0.0,60.0,0.0,71.0,0.0,-1545644800.0,0.0,1070,0,1072,0,0,0,1072,0,1081,0,997,0,637,0,639,0,634,0,674,0.032,6.234999496913828e+21,-0.0,-107615280.0,27024,16813,-7.736936207137868e+36,-4366507.0,0.0,1537149736321024.0,-1.765363244543388e+30,-0.007,50.0,60.0,35,0.0,0.0,10.0,2.0,0.0,0.0,0.0,0.0,0.0,0.0,0.0,0.0,0.0,0.0,0.0,0.0,58.8,50,14,65513,27,65476,0,65476,1,0,4,20529,65476,0,0,30147,60.0,0.0,10.0,10.0,2.0,0.0
2026-02-16T12:04:03,ERR,ERR,ERR,ERR,ERR,ERR,ERR,ERR,ERR,ERR,ERR,ERR,ERR,ERR,ERR,ERR,ERR,ERR,ERR,ERR,ERR,ERR,ERR,ERR,ERR,ERR,ERR,ERR,ERR,ERR,ERR,ERR,ERR,ERR,ERR,ERR,ERR,ERR,ERR,ERR,ERR,ERR,ERR,ERR,ERR,ERR,ERR,ERR,ERR,ERR,ERR,ERR,ERR,ERR,ERR,ERR,ERR,ERR,ERR,ERR,ERR,ERR,ERR,ERR,ERR,ERR,ERR,ERR,ERR,ERR,ERR,ERR,ERR,ERR,ERR,ERR,ERR,ERR,ERR,ERR,ERR,ERR,ERR,ERR,ERR,ERR,ERR,ERR,ERR,ERR,ERR,ERR,ERR,ERR,ERR,ERR,ERR,ERR,ERR,ERR,ERR,ERR,ERR,ERR,ERR,ERR,ERR,ERR,ERR,ERR,ERR,ERR,ERR,ERR,ERR,ERR,ERR,ERR,ERR,ERR,ERR,ERR,ERR,ERR,ERR,-0.0,-0.0,-0.0,-0.0,4.045065792430549e+31,-0.36,-6384643584.0,0.0,4300,0,8,17171,4300,0.0,40,0.0,0.0,-0.0,0.0,0.0,0,0,0,0,0.0,0,0,0,0,0,0,0,0,0,0,0,0,0,0,0,0,0,0,0,0,0,0,0,0,0,0,0,0,0,0,0,0,0,8,37,37,45,65476,380,65476,1,0,4,21553,0.0,-0.0,-4.5824162237291816e+22,0.0,0.0,0.0,0.0,0.0,0.0,0.0,0.0,0.0,0.0,0.0,0.0,0.0,0.0,0.0,0.0,0.0,0.0,2.004,-0.0,-0.0,0.0,-2.004,0.0,0.0,0.0,0.0,6654.0,0.0,0.0,-0.0,-0.0,2.718450196994422e+23,0.0,-0.0,0.0,2.004,2.004,225,0.0,-0.0,0.0,0.0,0.0,0.0,0.0,0.0,0.0,0,0,0,-446980971036672.0,8061705728.0,1.0590540944662713e+24,-1.241247802542837e+19,4.292884775659521e+24,-3241491543621632.0,0.0,-0.0,-0.0,-5.455526558129193e+17,-0.0,1946.193,0.0,0.0,0.0,-3.728616160962404e+30,0,1.3516416376850534e+27,225,0.0,450,-74360974999552.0,0.0,2112,26215,17110,13107,17112,26215,17095,0,0,0,101,100,100,-0.0,63.4,-0.0,63.95,-107615216.0,63.5,1,49,50,180,13107,13107,0,0,0.0,0.0,0.0,60.0,0.0,71.0,0.0,-1545644800.0,0.0,1070,0,1072,0,0,0,1072,0,1081,0,997,0,637,0,639,0,634,0,674,0.032,6.234999496913828e+21,-0.0,-107615280.0,27024,16813,-7.736936207137868e+36,-4366507.0,0.0,1537149736321024.0,-1.765363244543388e+30,-0.007,50.0,60.0,35,0.0,0.0,10.0,2.0,0.0,0.0,0.0,0.0,0.0,0.0,0.0,0.0,0.0,0.0,0.0,0.0,58.8,50,14,65513,27,65476,76,65476,1,0,4,20529,65476,0,0,30147,60.0,0.0,10.0,10.0,2.0,0.0
2026-02-16T12:04:04,ERR,ERR,ERR,ERR,ERR,ERR,ERR,ERR,ERR,ERR,ERR,ERR,ERR,ERR,ERR,ERR,ERR,ERR,ERR,ERR,ERR,ERR,ERR,ERR,ERR,ERR,ERR,ERR,ERR,ERR,ERR,ERR,ERR,ERR,ERR,ERR,ERR,ERR,ERR,ERR,ERR,ERR,ERR,ERR,ERR,ERR,ERR,ERR,ERR,ERR,ERR,ERR,ERR,ERR,ERR,ERR,ERR,ERR,ERR,ERR,ERR,ERR,ERR,ERR,ERR,ERR,ERR,ERR,ERR,ERR,ERR,ERR,ERR,ERR,ERR,ERR,ERR,ERR,ERR,ERR,ERR,ERR,ERR,ERR,ERR,ERR,ERR,ERR,ERR,ERR,ERR,ERR,ERR,ERR,ERR,ERR,ERR,ERR,ERR,ERR,ERR,ERR,ERR,ERR,ERR,ERR,ERR,ERR,ERR,ERR,ERR,ERR,ERR,ERR,ERR,ERR,ERR,ERR,ERR,ERR,ERR,ERR,ERR,ERR,ERR,-0.0,-0.0,-0.0,-0.0,4.045065792430549e+31,-0.36,-6384643584.0,0.0,4300,0,8,17171,4300,0.0,40,0.0,0.0,-0.0,0.0,0.0,0,0,0,0,0.0,0,0,0,0,0,0,0,0,0,0,0,0,0,0,0,0,0,0,0,0,0,0,0,0,0,0,0,0,0,0,0,0,0,8,37,37,45,65476,380,65476,1,0,4,21553,0.0,-0.0,-4.5824162237291816e+22,0.0,0.0,0.0,0.0,0.0,0.0,0.0,0.0,0.0,0.0,0.0,0.0,0.0,0.0,0.0,0.0,0.0,0.0,2.004,-0.0,-0.0,0.0,-2.004,0.0,0.0,0.0,0.0,6654.0,0.0,0.0,-0.0,-0.0,2.718450196994422e+23,0.0,-0.0,0.0,2.004,2.004,225,0.0,-0.0,0.0,0.0,0.0,0.0,0.0,0.0,0.0,0,0,0,-446980971036672.0,8061705728.0,1.0590540944662713e+24,-1.241247802542837e+19,4.292884775659521e+24,-3241491543621632.0,0.0,-0.0,-0.0,-5.455526558129193e+17,-0.0,1946.193,0.0,0.0,0.0,-3.728616160962404e+30,0,1.3516416376850534e+27,225,0.0,450,-74360974999552.0,0.0,2112,26215,17110,13107,17112,26215,17095,0,0,0,101,100,100,-0.0,63.4,-0.0,63.95,-107615216.0,63.5,1,49,50,180,13107,13107,0,0,0.0,0.0,0.0,60.0,0.0,71.0,0.0,-1545644800.0,0.0,1070,0,1072,0,0,0,1072,0,1081,0,997,0,637,0,639,0,634,0,674,0.032,6.234999496913828e+21,-0.0,-107615280.0,27024,16813,-7.736936207137868e+36,-4366507.0,0.0,1537149736321024.0,-1.765363244543388e+30,-0.007,50.0,60.0,35,0.0,0.0,10.0,2.0,0.0,0.0,0.0,0.0,0.0,0.0,0.0,0.0,0.0,0.0,0.0,0.0,58.8,50,14,65513,27,65476,76,65476,1,0,4,20529,65476,0,0,30147,60.0,0.0,10.0,10.0,2.0,0.0
2026-02-16T12:04:05,ERR,ERR,ERR,ERR,ERR,ERR,ERR,ERR,ERR,ERR,ERR,ERR,ERR,ERR,ERR,ERR,ERR,ERR,ERR,ERR,ERR,ERR,ERR,ERR,ERR,ERR,ERR,ERR,ERR,ERR,ERR,ERR,ERR,ERR,ERR,ERR,ERR,ERR,ERR,ERR,ERR,ERR,ERR,ERR,ERR,ERR,ERR,ERR,ERR,ERR,ERR,ERR,ERR,ERR,ERR,ERR,ERR,ERR,ERR,ERR,ERR,ERR,ERR,ERR,ERR,ERR,ERR,ERR,ERR,ERR,ERR,ERR,ERR,ERR,ERR,ERR,ERR,ERR,ERR,ERR,ERR,ERR,ERR,ERR,ERR,ERR,ERR,ERR,ERR,ERR,ERR,ERR,ERR,ERR,ERR,ERR,ERR,ERR,ERR,ERR,ERR,ERR,ERR,ERR,ERR,ERR,ERR,ERR,ERR,ERR,ERR,ERR,ERR,ERR,ERR,ERR,ERR,ERR,ERR,ERR,ERR,ERR,ERR,ERR,ERR,-0.0,-0.0,-0.0,-0.0,4.045065792430549e+31,6588421850005504.0,0.0,-0.0,4300,0,8,17171,4300,0.0,40,0.0,0.0,-0.0,0.0,0.0,0,0,0,0,0.0,0,0,0,0,0,0,0,0,0,0,0,0,0,0,0,0,0,0,0,0,0,0,0,0,0,0,0,0,0,0,0,0,0,8,37,37,45,65476,380,65476,1,0,4,21553,0.0,-107610720.0,2.8968108058949242e+20,0.0,0.0,0.0,0.0,0.0,0.0,0.0,0.0,0.0,0.0,0.0,0.0,0.0,0.0,0.0,0.0,0.0,0.0,2.004,-0.0,-0.0,0.0,-0.0,0.0,0.0,0.0,0.0,6629.0,0.0,0.0,-0.0,-0.0,2.718450196994422e+23,0.0,0.0,0.0,2.004,2.004,225,0.0,-0.0,0.0,0.0,0.0,0.0,0.0,0.0,0.0,0,0,0,-59720912076800.0,-0.0,1.8047883555833416e+28,0.0,1.0065623980166538e+21,-0.001,-562273.0,290872499372032.0,0.0,-5.748260533908275e+17,-0.0,2052.385,0.0,0.0,0.0,-9.176045424436753e+28,0,1.3516416376850534e+27,226,0.0,452,-74360974999552.0,0.0,2112,26215,17110,13107,17112,26215,17095,0,0,0,101,100,100,-0.0,63.4,-0.0,63.95,-107615216.0,63.5,1,49,50,180,13107,13107,0,0,0.0,0.0,0.0,60.0,0.0,71.0,0.0,-1545644800.0,0.0,1070,0,1072,0,0,0,1072,0,1081,0,997,0,637,0,639,0,634,0,674,0.032,6.234999496913828e+21,-0.0,-107615280.0,27024,16813,-7.736936207137868e+36,-4366507.0,0.0,1537149736321024.0,-1.765363244543388e+30,-0.007,50.0,60.0,35,0.0,0.0,10.0,2.0,0.0,0.0,0.0,0.0,0.0,0.0,0.0,0.0,0.0,0.0,0.0,0.0,59.2,49,15,65514,27,65476,238,65476,1,0,4,20529,65476,0,0,30147,60.0,0.0,10.0,10.0,2.0,0.0
2026-02-16T12:04:06,ERR,ERR,ERR,ERR,ERR,ERR,ERR,ERR,ERR,ERR,ERR,ERR,ERR,ERR,ERR,ERR,ERR,ERR,ERR,ERR,ERR,ERR,ERR,ERR,ERR,ERR,ERR,ERR,ERR,ERR,ERR,ERR,ERR,ERR,ERR,ERR,ERR,ERR,ERR,ERR,ERR,ERR,ERR,ERR,ERR,ERR,ERR,ERR,ERR,ERR,ERR,ERR,ERR,ERR,ERR,ERR,ERR,ERR,ERR,ERR,ERR,ERR,ERR,ERR,ERR,ERR,ERR,ERR,ERR,ERR,ERR,ERR,ERR,ERR,ERR,ERR,ERR,ERR,ERR,ERR,ERR,ERR,ERR,ERR,ERR,ERR,ERR,ERR,ERR,ERR,ERR,ERR,ERR,ERR,ERR,ERR,ERR,ERR,ERR,ERR,ERR,ERR,ERR,ERR,ERR,ERR,ERR,ERR,ERR,ERR,ERR,ERR,ERR,ERR,ERR,ERR,ERR,ERR,ERR,ERR,ERR,ERR,ERR,ERR,ERR,-0.0,-0.0,-0.0,-0.0,4.045065792430549e+31,6588421850005504.0,0.0,-0.0,4300,0,8,17171,4300,0.0,40,0.0,0.0,-0.0,0.0,0.0,0,0,0,0,0.0,0,0,0,0,0,0,0,0,0,0,0,0,0,0,0,0,0,0,0,0,0,0,0,0,0,0,0,0,0,0,0,0,0,8,37,37,45,65476,380,65476,1,0,4,21553,0.0,-107610720.0,2.8968108058949242e+20,0.0,0.0,0.0,0.0,0.0,0.0,0.0,0.0,0.0,0.0,0.0,0.0,0.0,0.0,0.0,0.0,0.0,0.0,2.004,-0.0,-0.0,0.0,-0.0,0.0,0.0,0.0,0.0,6629.0,0.0,0.0,-0.0,-0.0,2.718450196994422e+23,0.0,0.0,0.0,2.004,2.004,225,0.0,-0.0,0.0,0.0,0.0,0.0,0.0,0.0,0.0,0,0,0,-59720912076800.0,-0.0,1.8047883555833416e+28,0.0,1.0065623980166538e+21,-0.001,-562273.0,290872499372032.0,0.0,-5.748260533908275e+17,-0.0,2052.385,0.0,0.0,0.0,-9.176045424436753e+28,0,1.3516416376850534e+27,226,0.0,452,-74360974999552.0,0.0,2112,26215,17110,13107,17112,26215,17095,0,0,0,101,100,100,-0.0,63.4,-0.0,63.95,-107615216.0,63.5,1,49,50,180,13107,13107,0,0,0.0,0.0,0.0,60.0,0.0,71.0,0.0,-9.217052920204886e+27,0.0,1070,0,1071,0,0,0,1072,0,1081,0,997,0,637,0,639,0,634,0,675,0.032,6.16121252061899e+21,-2.004,0.0,23184,16813,0.0,-0.0,-17213495296.0,-0.0,-0.0,53805092.0,50.0,60.0,35,0.0,0.0,10.0,2.0,0.0,0.0,0.0,0.0,0.0,0.0,0.0,0.0,0.0,0.0,0.0,0.0,59.2,49,15,65514,27,65476,238,65476,1,0,4,20529,65476,0,0,30147,60.0,0.0,10.0,10.0,2.0,0.0
2026-02-16T12:04:07,ERR,ERR,ERR,ERR,ERR,ERR,ERR,ERR,ERR,ERR,ERR,ERR,ERR,ERR,ERR,ERR,ERR,ERR,ERR,ERR,ERR,ERR,ERR,ERR,ERR,ERR,ERR,ERR,ERR,ERR,ERR,ERR,ERR,ERR,ERR,ERR,ERR,ERR,ERR,ERR,ERR,ERR,ERR,ERR,ERR,ERR,ERR,ERR,ERR,ERR,ERR,ERR,ERR,ERR,ERR,ERR,ERR,ERR,ERR,ERR,ERR,ERR,ERR,ERR,ERR,ERR,ERR,ERR,ERR,ERR,ERR,ERR,ERR,ERR,ERR,ERR,ERR,ERR,ERR,ERR,ERR,ERR,ERR,ERR,ERR,ERR,ERR,ERR,ERR,ERR,ERR,ERR,ERR,ERR,ERR,ERR,ERR,ERR,ERR,ERR,ERR,ERR,ERR,ERR,ERR,ERR,ERR,ERR,ERR,ERR,ERR,ERR,ERR,ERR,ERR,ERR,ERR,ERR,ERR,ERR,ERR,ERR,ERR,ERR,ERR,-0.0,-0.0,-0.0,-0.0,4.045065792430549e+31,6588421850005504.0,0.0,-0.0,4300,0,8,17171,4300,0.0,40,0.0,0.0,-0.0,0.0,0.0,0,0,0,0,0.0,0,0,0,0,0,0,0,0,0,0,0,0,0,0,0,0,0,0,0,0,0,0,0,0,0,0,0,0,0,0,0,0,0,8,37,37,45,65476,380,65476,1,0,4,21553,0.0,-107610720.0,2.8968108058949242e+20,0.0,0.0,0.0,0.0,0.0,0.0,0.0,0.0,0.0,0.0,0.0,0.0,0.0,0.0,0.0,0.0,0.0,0.0,2.004,-0.0,-0.0,0.0,-0.0,0.0,0.0,0.0,0.0,6629.0,0.0,0.0,-0.0,-0.0,2.718450196994422e+23,0.0,0.0,0.0,2.004,2.004,225,0.0,-0.0,0.0,0.0,0.0,0.0,0.0,0.0,0.0,0,0,0,-59720912076800.0,-0.0,1.8047883555833416e+28,0.0,1.0065623980166538e+21,-0.001,-562273.0,290872499372032.0,0.0,-5.748260533908275e+17,-0.0,2052.385,0.0,0.0,0.0,-9.176045424436753e+28,0,1.3516416376850534e+27,226,0.0,452,-74360974999552.0,0.0,2112,26215,17110,13107,17112,26215,17095,0,0,0,101,100,100,-0.0,63.4,-0.0,63.95,-107615216.0,63.5,1,49,50,180,13107,13107,0,0,0.0,0.0,0.0,60.0,0.0,71.0,0.0,-9.217052920204886e+27,0.0,1070,0,1071,0,0,0,1072,0,1081,0,997,0,637,0,639,0,634,0,675,0.032,6.16121252061899e+21,-2.004,0.0,23184,16813,0.0,-0.0,-17213495296.0,-0.0,-0.0,53805092.0,50.0,60.0,35,0.0,0.0,10.0,2.0,0.0,0.0,0.0,0.0,0.0,0.0,0.0,0.0,0.0,0.0,0.0,0.0,58.8,48,15,65515,27,65476,316,65476,1,0,4,20529,65476,0,0,30147,60.0,0.0,10.0,10.0,2.0,0.0
2026-02-16T12:04:08,ERR,ERR,ERR,ERR,ERR,ERR,ERR,ERR,ERR,ERR,ERR,ERR,ERR,ERR,ERR,ERR,ERR,ERR,ERR,ERR,ERR,ERR,ERR,ERR,ERR,ERR,ERR,ERR,ERR,ERR,ERR,ERR,ERR,ERR,ERR,ERR,ERR,ERR,ERR,ERR,ERR,ERR,ERR,ERR,ERR,ERR,ERR,ERR,ERR,ERR,ERR,ERR,ERR,ERR,ERR,ERR,ERR,ERR,ERR,ERR,ERR,ERR,ERR,ERR,ERR,ERR,ERR,ERR,ERR,ERR,ERR,ERR,ERR,ERR,ERR,ERR,ERR,ERR,ERR,ERR,ERR,ERR,ERR,ERR,ERR,ERR,ERR,ERR,ERR,ERR,ERR,ERR,ERR,ERR,ERR,ERR,ERR,ERR,ERR,ERR,ERR,ERR,ERR,ERR,ERR,ERR,ERR,ERR,ERR,ERR,ERR,ERR,ERR,ERR,ERR,ERR,ERR,ERR,ERR,ERR,ERR,ERR,ERR,ERR,ERR,-0.0,-0.0,-0.0,-0.0,4.045065792430549e+31,6588421850005504.0,0.0,-0.0,4300,0,8,17171,4300,0.0,40,0.0,0.0,-0.0,0.0,0.0,0,0,0,0,0.0,0,0,0,0,0,0,0,0,0,0,0,0,0,0,0,0,0,0,0,0,0,0,0,0,0,0,0,0,0,0,0,0,0,8,37,37,45,65476,380,65476,1,0,4,21553,0.0,-107610720.0,2.8968108058949242e+20,0.0,0.0,0.0,0.0,0.0,0.0,0.0,0.0,0.0,0.0,0.0,0.0,0.0,0.0,0.0,0.0,0.0,0.0,2.004,-0.0,-0.0,0.0,-0.0,0.0,0.0,0.0,0.0,6629.0,0.0,0.0,-0.0,-0.0,2.718450196994422e+23,0.0,0.0,0.0,2.004,2.004,225,0.0,-0.0,0.0,0.0,0.0,0.0,0.0,0.0,0.0,0,0,0,-59720912076800.0,-0.0,1.8047883555833416e+28,0.0,1.0065623980166538e+21,-0.001,-562273.0,290872499372032.0,0.0,-5.748260533908275e+17,-0.0,2052.385,0.0,0.0,0.0,-9.176045424436753e+28,0,1.3516416376850534e+27,226,0.0,452,-74360974999552.0,0.0,2112,26215,17110,13107,17112,26215,17095,0,0,0,101,100,100,-0.0,63.4,-0.0,63.95,-107615216.0,63.5,1,49,50,180,13107,13107,0,0,0.0,0.0,0.0,60.0,0.0,71.0,0.0,-9.217052920204886e+27,0.0,1070,0,1071,0,0,0,1072,0,1081,0,997,0,637,0,639,0,634,0,675,0.032,6.16121252061899e+21,-2.004,0.0,23184,16813,0.0,-0.0,-17213495296.0,-0.0,-0.0,53805092.0,50.0,60.0,35,0.0,0.0,10.0,2.0,0.0,0.0,0.0,0.0,0.0,0.0,0.0,0.0,0.0,0.0,0.0,0.0,58.8,46,16,65516,27,65476,477,65476,1,0,4,20529,65476,0,0,30147,60.0,0.0,10.0,10.0,2.0,0.0
2026-02-16T12:04:09,ERR,ERR,ERR,ERR,ERR,ERR,ERR,ERR,ERR,ERR,ERR,ERR,ERR,ERR,ERR,ERR,ERR,ERR,ERR,ERR,ERR,ERR,ERR,ERR,ERR,ERR,ERR,ERR,ERR,ERR,ERR,ERR,ERR,ERR,ERR,ERR,ERR,ERR,ERR,ERR,ERR,ERR,ERR,ERR,ERR,ERR,ERR,ERR,ERR,ERR,ERR,ERR,ERR,ERR,ERR,ERR,ERR,ERR,ERR,ERR,ERR,ERR,ERR,ERR,ERR,ERR,ERR,ERR,ERR,ERR,ERR,ERR,ERR,ERR,ERR,ERR,ERR,ERR,ERR,ERR,ERR,ERR,ERR,ERR,ERR,ERR,ERR,ERR,ERR,ERR,ERR,ERR,ERR,ERR,ERR,ERR,ERR,ERR,ERR,ERR,ERR,ERR,ERR,ERR,ERR,ERR,ERR,ERR,ERR,ERR,ERR,ERR,ERR,ERR,ERR,ERR,ERR,ERR,ERR,ERR,ERR,ERR,ERR,ERR,ERR,-0.0,-0.0,-0.0,-0.0,4.045065792430549e+31,6588421850005504.0,0.0,-0.0,4300,0,8,17171,4300,0.0,40,0.0,0.0,-0.0,0.0,0.0,0,0,0,0,0.0,0,0,0,0,0,0,0,0,0,0,0,0,0,0,0,0,0,0,0,0,0,0,0,0,0,0,0,0,0,0,0,0,0,8,37,37,45,65476,380,65476,1,0,4,21553,0.0,-107610720.0,2.8968108058949242e+20,0.0,0.0,0.0,0.0,0.0,0.0,0.0,0.0,0.0,0.0,0.0,0.0,0.0,0.0,0.0,0.0,0.0,0.0,2.004,-0.0,-0.0,0.0,-0.0,0.0,0.0,0.0,0.0,6629.0,0.0,0.0,-0.0,-0.0,2.718450196994422e+23,0.0,0.0,0.0,2.004,2.004,225,0.0,-0.0,0.0,0.0,0.0,0.0,0.0,0.0,0.0,0,0,0,-59720912076800.0,-0.0,1.8047883555833416e+28,0.0,1.0065623980166538e+21,-0.001,-562273.0,290872499372032.0,0.0,-5.748260533908275e+17,-0.0,2052.385,0.0,0.0,0.0,-9.176045424436753e+28,0,1.3516416376850534e+27,226,0.0,452,-74360974999552.0,0.0,2112,26215,17110,13107,17112,26215,17095,0,0,0,101,100,100,-0.0,63.4,-0.0,63.95,-107615216.0,63.5,1,49,50,180,13107,13107,0,0,0.0,0.0,0.0,60.0,0.0,71.0,0.0,-237.255,0.0,1071,0,1071,0,0,0,1072,0,1081,0,997,0,637,0,639,0,634,0,675,0.032,6.16121252061899e+21,-2.004,0.0,32400,16813,0.0,-237.255,0.0,0.0,-5.330416799773992e+34,5.225532121971611e+37,50.0,60.0,35,0.0,0.0,10.0,2.0,0.0,0.0,0.0,0.0,0.0,0.0,0.0,0.0,0.0,0.0,0.0,0.0,58.8,46,16,65516,27,65476,477,65476,1,0,4,20529,65476,0,0,30147,60.0,0.0,10.0,10.0,2.0,0.0
2026-02-16T12:04:10,ERR,ERR,ERR,ERR,ERR,ERR,ERR,ERR,ERR,ERR,ERR,ERR,ERR,ERR,ERR,ERR,ERR,ERR,ERR,ERR,ERR,ERR,ERR,ERR,ERR,ERR,ERR,ERR,ERR,ERR,ERR,ERR,ERR,ERR,ERR,ERR,ERR,ERR,ERR,ERR,ERR,ERR,ERR,ERR,ERR,ERR,ERR,ERR,ERR,ERR,ERR,ERR,ERR,ERR,ERR,ERR,ERR,ERR,ERR,ERR,ERR,ERR,ERR,ERR,ERR,ERR,ERR,ERR,ERR,ERR,ERR,ERR,ERR,ERR,ERR,ERR,ERR,ERR,ERR,ERR,ERR,ERR,ERR,ERR,ERR,ERR,ERR,ERR,ERR,ERR,ERR,ERR,ERR,ERR,ERR,ERR,ERR,ERR,ERR,ERR,ERR,ERR,ERR,ERR,ERR,ERR,ERR,ERR,ERR,ERR,ERR,ERR,ERR,ERR,ERR,ERR,ERR,ERR,ERR,ERR,ERR,ERR,ERR,ERR,ERR,-0.0,-0.0,-0.0,-0.0,4.045065792430549e+31,-0.0,0.0,403178176.0,4300,0,8,17171,4300,0.0,40,0.0,0.0,-107611232.0,0.0,0.0,0,0,0,0,0.0,0,0,0,0,0,0,0,0,0,0,0,0,0,0,0,0,0,0,0,0,0,0,0,0,0,0,0,0,0,0,0,0,0,8,37,37,45,65476,378,65476,1,0,4,21553,0.0,0.0,-0.0,0.0,0.0,0.0,0.0,0.0,0.0,0.0,0.0,0.0,0.0,0.0,0.0,0.0,0.0,0.0,0.0,0.0,0.0,2.004,-0.0,-0.0,-3.697074423243316e+19,-2.004,0.0,0.0,0.0,0.0,6595.0,-131351.219,0.0,-0.0,-0.0,0.0,0.0,0.0,0.0,2.004,2.004,226,0.0,152018287067136.0,0.0,0.0,0.0,0.0,0.0,0.0,0.0,0,0,0,-8358467207168.0,-0.0,7.952424006320128e+16,-1.809682676756184e+22,1.1360934791437353e+18,2015426176.0,-774269566976.0,-0.0,1.3965902760153751e+31,-6.272345500066775e+17,-0.0,2244.385,0.0,0.0,0.0,-4705908736.0,0,1.3516416376850534e+27,226,0.0,452,0.0,-1.4035696821479504e+35,2112,26215,17110,13107,17112,26215,17095,0,0,0,101,100,100,-0.0,63.4,-0.0,63.95,-107615216.0,63.5,1,49,50,180,13107,13107,0,0,0.0,0.0,0.0,60.0,0.0,71.0,0.0,-237.255,0.0,1071,0,1071,0,0,0,1072,0,1081,0,997,0,637,0,639,0,634,0,675,0.032,6.16121252061899e+21,-2.004,0.0,32400,16813,0.0,-237.255,0.0,0.0,-5.330416799773992e+34,5.225532121971611e+37,50.0,60.0,35,0.0,0.0,10.0,2.0,0.0,0.0,0.0,0.0,0.0,0.0,0.0,0.0,0.0,0.0,0.0,0.0,58.8,45,17,65518,27,65476,635,65476,1,0,4,20529,65476,0,0,30147,60.0,0.0,10.0,10.0,2.0,0.0
2026-02-16T12:04:11,ERR,ERR,ERR,ERR,ERR,ERR,ERR,ERR,ERR,ERR,ERR,ERR,ERR,ERR,ERR,ERR,ERR,ERR,ERR,ERR,ERR,ERR,ERR,ERR,ERR,ERR,ERR,ERR,ERR,ERR,ERR,ERR,ERR,ERR,ERR,ERR,ERR,ERR,ERR,ERR,ERR,ERR,ERR,ERR,ERR,ERR,ERR,ERR,ERR,ERR,ERR,ERR,ERR,ERR,ERR,ERR,ERR,ERR,ERR,ERR,ERR,ERR,ERR,ERR,ERR,ERR,ERR,ERR,ERR,ERR,ERR,ERR,ERR,ERR,ERR,ERR,ERR,ERR,ERR,ERR,ERR,ERR,ERR,ERR,ERR,ERR,ERR,ERR,ERR,ERR,ERR,ERR,ERR,ERR,ERR,ERR,ERR,ERR,ERR,ERR,ERR,ERR,ERR,ERR,ERR,ERR,ERR,ERR,ERR,ERR,ERR,ERR,ERR,ERR,ERR,ERR,ERR,ERR,ERR,ERR,ERR,ERR,ERR,ERR,ERR,-0.0,-0.0,-0.0,-0.0,4.045065792430549e+31,-0.0,0.0,403178176.0,4300,0,8,17171,4300,0.0,40,0.0,0.0,-107611232.0,0.0,0.0,0,0,0,0,0.0,0,0,0,0,0,0,0,0,0,0,0,0,0,0,0,0,0,0,0,0,0,0,0,0,0,0,0,0,0,0,0,0,0,8,37,37,45,65476,378,65476,1,0,4,21553,0.0,0.0,-0.0,0.0,0.0,0.0,0.0,0.0,0.0,0.0,0.0,0.0,0.0,0.0,0.0,0.0,0.0,0.0,0.0,0.0,0.0,2.004,-0.0,-0.0,-3.697074423243316e+19,-2.004,0.0,0.0,0.0,0.0,6595.0,-131351.219,0.0,-0.0,-0.0,0.0,0.0,0.0,0.0,2.004,2.004,226,0.0,152018287067136.0,0.0,0.0,0.0,0.0,0.0,0.0,0.0,0,0,0,-8358467207168.0,-0.0,7.952424006320128e+16,-1.809682676756184e+22,1.1360934791437353e+18,2015426176.0,-774269566976.0,-0.0,1.3965902760153751e+31,-6.272345500066775e+17,-0.0,2244.385,0.0,0.0,0.0,-4705908736.0,0,1.3516416376850534e+27,226,0.0,452,0.0,-1.4035696821479504e+35,2112,26215,17110,13107,17112,26215,17095,0,0,0,101,100,100,-0.0,63.4,-0.0,63.95,-107615216.0,63.5,1,49,50,180,13107,13107,0,0,0.0,0.0,0.0,60.0,0.0,71.0,0.0,-237.255,0.0,1071,0,1071,0,0,0,1072,0,1081,0,997,0,637,0,639,0,634,0,675,0.032,6.16121252061899e+21,-2.004,0.0,32400,16813,0.0,-237.255,0.0,0.0,-5.330416799773992e+34,5.225532121971611e+37,50.0,60.0,35,0.0,0.0,10.0,2.0,0.0,0.0,0.0,0.0,0.0,0.0,0.0,0.0,0.0,0.0,0.0,0.0,58.8,44,18,65518,27,65476,715,65476,1,0,4,20529,65476,0,0,30147,60.0,0.0,10.0,10.0,2.0,0.0
2026-02-16T12:04:12,ERR,ERR,ERR,ERR,ERR,ERR,ERR,ERR,ERR,ERR,ERR,ERR,ERR,ERR,ERR,ERR,ERR,ERR,ERR,ERR,ERR,ERR,ERR,ERR,ERR,ERR,ERR,ERR,ERR,ERR,ERR,ERR,ERR,ERR,ERR,ERR,ERR,ERR,ERR,ERR,ERR,ERR,ERR,ERR,ERR,ERR,ERR,ERR,ERR,ERR,ERR,ERR,ERR,ERR,ERR,ERR,ERR,ERR,ERR,ERR,ERR,ERR,ERR,ERR,ERR,ERR,ERR,ERR,ERR,ERR,ERR,ERR,ERR,ERR,ERR,ERR,ERR,ERR,ERR,ERR,ERR,ERR,ERR,ERR,ERR,ERR,ERR,ERR,ERR,ERR,ERR,ERR,ERR,ERR,ERR,ERR,ERR,ERR,ERR,ERR,ERR,ERR,ERR,ERR,ERR,ERR,ERR,ERR,ERR,ERR,ERR,ERR,ERR,ERR,ERR,ERR,ERR,ERR,ERR,ERR,ERR,ERR,ERR,ERR,ERR,-0.0,-0.0,-0.0,-0.0,4.045065792430549e+31,-0.0,0.0,403178176.0,4300,0,8,17171,4300,0.0,40,0.0,0.0,-107611232.0,0.0,0.0,0,0,0,0,0.0,0,0,0,0,0,0,0,0,0,0,0,0,0,0,0,0,0,0,0,0,0,0,0,0,0,0,0,0,0,0,0,0,0,8,37,37,45,65476,378,65476,1,0,4,21553,0.0,0.0,-0.0,0.0,0.0,0.0,0.0,0.0,0.0,0.0,0.0,0.0,0.0,0.0,0.0,0.0,0.0,0.0,0.0,0.0,0.0,2.004,-0.0,-0.0,-3.697074423243316e+19,-2.004,0.0,0.0,0.0,0.0,6595.0,-131351.219,0.0,-0.0,-0.0,0.0,0.0,0.0,0.0,2.004,2.004,226,0.0,152018287067136.0,0.0,0.0,0.0,0.0,0.0,0.0,0.0,0,0,0,-8358467207168.0,-0.0,7.952424006320128e+16,-1.809682676756184e+22,1.1360934791437353e+18,2015426176.0,-774269566976.0,-0.0,1.3965902760153751e+31,-6.272345500066775e+17,-0.0,2244.385,0.0,0.0,0.0,-4705908736.0,0,1.3516416376850534e+27,226,0.0,452,0.0,-1.4035696821479504e+35,2112,26215,17110,13107,17112,26215,17095,0,0,0,101,100,100,-0.0,63.4,-0.0,63.95,-107615216.0,63.5,1,49,50,180,13107,13107,0,0,0.0,0.0,0.0,60.0,0.0,71.0,0.0,-7.373642336163909e+28,0.0,1071,0,1071,0,0,0,1072,0,1081,0,997,0,637,0,639,0,634,0,675,0.032,6.198106008766409e+21,-2.004,0.0,26384,16813,0.0,-5.156149845359899e+29,7186427326496768.0,1.404,75457374453760.0,-187.25,50.0,60.0,35,0.0,0.0,10.0,2.0,0.0,0.0,0.0,0.0,0.0,0.0,0.0,0.0,0.0,0.0,0.0,0.0,58.8,44,18,65518,27,65476,715,65476,1,0,4,20529,65476,0,0,30147,60.0,0.0,10.0,10.0,2.0,0.0
2026-02-16T12:04:13,ERR,ERR,ERR,ERR,ERR,ERR,ERR,ERR,ERR,ERR,ERR,ERR,ERR,ERR,ERR,ERR,ERR,ERR,ERR,ERR,ERR,ERR,ERR,ERR,ERR,ERR,ERR,ERR,ERR,ERR,ERR,ERR,ERR,ERR,ERR,ERR,ERR,ERR,ERR,ERR,ERR,ERR,ERR,ERR,ERR,ERR,ERR,ERR,ERR,ERR,ERR,ERR,ERR,ERR,ERR,ERR,ERR,ERR,ERR,ERR,ERR,ERR,ERR,ERR,ERR,ERR,ERR,ERR,ERR,ERR,ERR,ERR,ERR,ERR,ERR,ERR,ERR,ERR,ERR,ERR,ERR,ERR,ERR,ERR,ERR,ERR,ERR,ERR,ERR,ERR,ERR,ERR,ERR,ERR,ERR,ERR,ERR,ERR,ERR,ERR,ERR,ERR,ERR,ERR,ERR,ERR,ERR,ERR,ERR,ERR,ERR,ERR,ERR,ERR,ERR,ERR,ERR,ERR,ERR,ERR,ERR,ERR,ERR,ERR,ERR,-0.0,-0.0,-0.0,-0.0,4.045065792430549e+31,-0.0,0.0,403178176.0,4300,0,8,17171,4300,0.0,40,0.0,0.0,-107611232.0,0.0,0.0,0,0,0,0,0.0,0,0,0,0,0,0,0,0,0,0,0,0,0,0,0,0,0,0,0,0,0,0,0,0,0,0,0,0,0,0,0,0,0,8,37,37,45,65476,378,65476,1,0,4,21553,0.0,0.0,-0.0,0.0,0.0,0.0,0.0,0.0,0.0,0.0,0.0,0.0,0.0,0.0,0.0,0.0,0.0,0.0,0.0,0.0,0.0,2.004,-0.0,-0.0,-3.697074423243316e+19,-2.004,0.0,0.0,0.0,0.0,6595.0,-131351.219,0.0,-0.0,-0.0,0.0,0.0,0.0,0.0,2.004,2.004,226,0.0,152018287067136.0,0.0,0.0,0.0,0.0,0.0,0.0,0.0,0,0,0,-8358467207168.0,-0.0,7.952424006320128e+16,-1.809682676756184e+22,1.1360934791437353e+18,2015426176.0,-774269566976.0,-0.0,1.3965902760153751e+31,-6.272345500066775e+17,-0.0,2244.385,0.0,0.0,0.0,-4705908736.0,0,1.3516416376850534e+27,226,0.0,452,0.0,-1.4035696821479504e+35,2112,26215,17110,13107,17112,26215,17095,0,0,0,101,100,100,-0.0,63.4,-0.0,63.95,-107615216.0,63.5,1,49,50,180,13107,13107,0,0,0.0,0.0,0.0,60.0,0.0,71.0,0.0,-7.373642336163909e+28,0.0,1071,0,1071,0,0,0,1072,0,1081,0,997,0,637,0,639,0,634,0,675,0.032,6.198106008766409e+21,-2.004,0.0,26384,16813,0.0,-5.156149845359899e+29,7186427326496768.0,1.404,75457374453760.0,-187.25,50.0,60.0,35,0.0,0.0,10.0,2.0,0.0,0.0,0.0,0.0,0.0,0.0,0.0,0.0,0.0,0.0,0.0,0.0,58.8,41,20,65522,27,65476,806,65476,1,0,4,20529,65476,0,0,30147,60.0,0.0,10.0,10.0,2.0,0.0
2026-02-16T12:04:14,ERR,ERR,ERR,ERR,ERR,ERR,ERR,ERR,ERR,ERR,ERR,ERR,ERR,ERR,ERR,ERR,ERR,ERR,ERR,ERR,ERR,ERR,ERR,ERR,ERR,ERR,ERR,ERR,ERR,ERR,ERR,ERR,ERR,ERR,ERR,ERR,ERR,ERR,ERR,ERR,ERR,ERR,ERR,ERR,ERR,ERR,ERR,ERR,ERR,ERR,ERR,ERR,ERR,ERR,ERR,ERR,ERR,ERR,ERR,ERR,ERR,ERR,ERR,ERR,ERR,ERR,ERR,ERR,ERR,ERR,ERR,ERR,ERR,ERR,ERR,ERR,ERR,ERR,ERR,ERR,ERR,ERR,ERR,ERR,ERR,ERR,ERR,ERR,ERR,ERR,ERR,ERR,ERR,ERR,ERR,ERR,ERR,ERR,ERR,ERR,ERR,ERR,ERR,ERR,ERR,ERR,ERR,ERR,ERR,ERR,ERR,ERR,ERR,ERR,ERR,ERR,ERR,ERR,ERR,ERR,ERR,ERR,ERR,ERR,ERR,-0.0,-0.0,-0.0,-0.0,4.045065792430549e+31,-0.0,0.0,403178176.0,4300,0,8,17171,4300,0.0,40,0.0,0.0,-107611232.0,0.0,0.0,0,0,0,0,0.0,0,0,0,0,0,0,0,0,0,0,0,0,0,0,0,0,0,0,0,0,0,0,0,0,0,0,0,0,0,0,0,0,0,8,37,37,45,65476,378,65476,1,0,4,21553,0.0,0.0,-0.0,0.0,0.0,0.0,0.0,0.0,0.0,0.0,0.0,0.0,0.0,0.0,0.0,0.0,0.0,0.0,0.0,0.0,0.0,2.004,-0.0,-0.0,-3.697074423243316e+19,-2.004,0.0,0.0,0.0,0.0,6595.0,-131351.219,0.0,-0.0,-0.0,0.0,0.0,0.0,0.0,2.004,2.004,226,0.0,152018287067136.0,0.0,0.0,0.0,0.0,0.0,0.0,0.0,0,0,0,-8358467207168.0,-0.0,7.952424006320128e+16,-1.809682676756184e+22,1.1360934791437353e+18,2015426176.0,-774269566976.0,-0.0,1.3965902760153751e+31,-6.272345500066775e+17,-0.0,2244.385,0.0,0.0,0.0,-4705908736.0,0,1.3516416376850534e+27,226,0.0,452,0.0,-1.4035696821479504e+35,2112,26215,17110,13107,17112,26215,17095,0,0,0,101,100,100,-0.0,63.4,-0.0,63.95,-107615216.0,63.5,1,49,50,180,13107,13107,0,0,0.0,0.0,0.0,60.0,0.0,71.0,0.0,-7.373642336163909e+28,0.0,1071,0,1071,0,0,0,1072,0,1081,0,997,0,637,0,639,0,634,0,675,0.032,6.198106008766409e+21,-2.004,0.0,26384,16813,0.0,-5.156149845359899e+29,7186427326496768.0,1.404,75457374453760.0,-187.25,50.0,60.0,35,0.0,0.0,10.0,2.0,0.0,0.0,0.0,0.0,0.0,0.0,0.0,0.0,0.0,0.0,0.0,0.0,58.8,41,20,65522,27,65476,806,65476,1,0,4,20529,65476,0,0,30147,60.0,0.0,10.0,10.0,2.0,0.0
2026-02-16T12:04:15,ERR,ERR,ERR,ERR,ERR,ERR,ERR,ERR,ERR,ERR,ERR,ERR,ERR,ERR,ERR,ERR,ERR,ERR,ERR,ERR,ERR,ERR,ERR,ERR,ERR,ERR,ERR,ERR,ERR,ERR,ERR,ERR,ERR,ERR,ERR,ERR,ERR,ERR,ERR,ERR,ERR,ERR,ERR,ERR,ERR,ERR,ERR,ERR,ERR,ERR,ERR,ERR,ERR,ERR,ERR,ERR,ERR,ERR,ERR,ERR,ERR,ERR,ERR,ERR,ERR,ERR,ERR,ERR,ERR,ERR,ERR,ERR,ERR,ERR,ERR,ERR,ERR,ERR,ERR,ERR,ERR,ERR,ERR,ERR,ERR,ERR,ERR,ERR,ERR,ERR,ERR,ERR,ERR,ERR,ERR,ERR,ERR,ERR,ERR,ERR,ERR,ERR,ERR,ERR,ERR,ERR,ERR,ERR,ERR,ERR,ERR,ERR,ERR,ERR,ERR,ERR,ERR,ERR,ERR,ERR,ERR,ERR,ERR,ERR,ERR,-0.0,-107616344.0,0.0,-0.0,-1.8487030179751264e+19,0.0,-2.170688225177701e+20,0.0,4300,0,8,17172,4300,0.0,41,0.0,0.0,-0.0,0.0,0.0,0,0,0,0,0.0,0,0,0,0,0,0,0,0,0,0,0,0,0,0,0,0,0,0,0,0,0,0,0,0,0,0,0,0,0,0,0,0,0,8,37,37,45,65476,376,65476,1,0,4,21553,0.0,0.0,49461469184.0,0.0,0.0,0.0,0.0,0.0,0.0,0.0,0.0,0.0,0.0,0.0,0.0,0.0,0.0,0.0,0.0,0.0,0.0,2.004,-0.0,-2.004,-3.697074423243316e+19,-2.004,0.0,0.0,0.0,0.0,6600.0,-2.004,0.0,-0.0,-0.0,0.0,0.0,0.0,0.0,2.004,2.004,226,0.059,71.63,0.0,0.0,0.0,0.0,0.0,0.0,0.0,0,0,0,-621861824.0,-0.0,7.261516532429988e+25,-1.1140549120570583e+20,8.186416270927643e+34,1.2588394808978743e+26,-0.0,0.0,-6.808523984402451e+32,-6.85781345162494e+17,-0.0,2436.385,0.0,0.0,0.0,-1.8979846123002602e+27,0,1.3516416376850534e+27,226,0.0,452,0.0,-1.4035696821479504e+35,2112,26215,17110,13107,17112,26215,17095,0,0,0,101,100,100,-0.0,63.4,-0.0,63.95,-107615216.0,63.5,1,49,50,180,13107,13107,0,0,0.0,0.0,0.0,60.0,0.0,71.0,0.0,-7.373642336163909e+28,0.0,1071,0,1071,0,0,0,1072,0,1081,0,997,0,637,0,639,0,634,0,675,0.032,6.198106008766409e+21,-2.004,0.0,26384,16813,0.0,-5.156149845359899e+29,7186427326496768.0,1.404,75457374453760.0,-187.25,50.0,60.0,35,0.0,0.0,10.0,2.0,0.0,0.0,0.0,0.0,0.0,0.0,0.0,0.0,0.0,0.0,0.0,0.0,58.8,39,22,65524,27,65476,748,65476,1,0,4,20529,65476,0,0,30147,60.0,0.0,10.0,10.0,2.0,0.0
2026-02-16T12:04:16,ERR,ERR,ERR,ERR,ERR,ERR,ERR,ERR,ERR,ERR,ERR,ERR,ERR,ERR,ERR,ERR,ERR,ERR,ERR,ERR,ERR,ERR,ERR,ERR,ERR,ERR,ERR,ERR,ERR,ERR,ERR,ERR,ERR,ERR,ERR,ERR,ERR,ERR,ERR,ERR,ERR,ERR,ERR,ERR,ERR,ERR,ERR,ERR,ERR,ERR,ERR,ERR,ERR,ERR,ERR,ERR,ERR,ERR,ERR,ERR,ERR,ERR,ERR,ERR,ERR,ERR,ERR,ERR,ERR,ERR,ERR,ERR,ERR,ERR,ERR,ERR,ERR,ERR,ERR,ERR,ERR,ERR,ERR,ERR,ERR,ERR,ERR,ERR,ERR,ERR,ERR,ERR,ERR,ERR,ERR,ERR,ERR,ERR,ERR,ERR,ERR,ERR,ERR,ERR,ERR,ERR,ERR,ERR,ERR,ERR,ERR,ERR,ERR,ERR,ERR,ERR,ERR,ERR,ERR,ERR,ERR,ERR,ERR,ERR,ERR,-0.0,-107616344.0,0.0,-0.0,-1.8487030179751264e+19,0.0,-2.170688225177701e+20,0.0,4300,0,8,17172,4300,0.0,41,0.0,0.0,-0.0,0.0,0.0,0,0,0,0,0.0,0,0,0,0,0,0,0,0,0,0,0,0,0,0,0,0,0,0,0,0,0,0,0,0,0,0,0,0,0,0,0,0,0,8,37,37,45,65476,376,65476,1,0,4,21553,0.0,0.0,49461469184.0,0.0,0.0,0.0,0.0,0.0,0.0,0.0,0.0,0.0,0.0,0.0,0.0,0.0,0.0,0.0,0.0,0.0,0.0,2.004,-0.0,-2.004,-3.697074423243316e+19,-2.004,0.0,0.0,0.0,0.0,6600.0,-2.004,0.0,-0.0,-0.0,0.0,0.0,0.0,0.0,2.004,2.004,226,0.059,71.63,0.0,0.0,0.0,0.0,0.0,0.0,0.0,0,0,0,-621861824.0,-0.0,7.261516532429988e+25,-1.1140549120570583e+20,8.186416270927643e+34,1.2588394808978743e+26,-0.0,0.0,-6.808523984402451e+32,-6.85781345162494e+17,-0.0,2436.385,0.0,0.0,0.0,-1.8979846123002602e+27,0,1.3516416376850534e+27,226,0.0,452,0.0,-1.4035696821479504e+35,2112,26215,17110,13107,17112,26215,17095,0,0,0,101,100,100,-0.0,63.4,-0.0,63.95,-107615216.0,63.5,1,49,50,180,13107,13107,0,0,0.0,0.0,0.0,60.0,-5.770749719661727e+33,70.5,0.0,-0.0,0.0,1070,0,1071,0,0,0,1072,0,1081,0,997,0,637,0,639,0,634,0,675,0.032,6.198106008766409e+21,-2.004,0.0,14224,16813,-5.770749719661727e+33,-0.0,-0.0,-1.670800629301985e+33,-0.0,0.0,50.0,60.0,35,0.0,0.0,10.0,2.0,0.0,0.0,0.0,0.0,0.0,0.0,0.0,0.0,0.0,0.0,0.0,0.0,58.8,39,22,65524,27,65476,748,65476,1,0,4,20529,65476,0,0,30147,60.0,0.0,10.0,10.0,2.0,0.0
2026-02-16T12:04:17,ERR,ERR,ERR,ERR,ERR,ERR,ERR,ERR,ERR,ERR,ERR,ERR,ERR,ERR,ERR,ERR,ERR,ERR,ERR,ERR,ERR,ERR,ERR,ERR,ERR,ERR,ERR,ERR,ERR,ERR,ERR,ERR,ERR,ERR,ERR,ERR,ERR,ERR,ERR,ERR,ERR,ERR,ERR,ERR,ERR,ERR,ERR,ERR,ERR,ERR,ERR,ERR,ERR,ERR,ERR,ERR,ERR,ERR,ERR,ERR,ERR,ERR,ERR,ERR,ERR,ERR,ERR,ERR,ERR,ERR,ERR,ERR,ERR,ERR,ERR,ERR,ERR,ERR,ERR,ERR,ERR,ERR,ERR,ERR,ERR,ERR,ERR,ERR,ERR,ERR,ERR,ERR,ERR,ERR,ERR,ERR,ERR,ERR,ERR,ERR,ERR,ERR,ERR,ERR,ERR,ERR,ERR,ERR,ERR,ERR,ERR,ERR,ERR,ERR,ERR,ERR,ERR,ERR,ERR,ERR,ERR,ERR,ERR,ERR,ERR,-0.0,-107616344.0,0.0,-0.0,-1.8487030179751264e+19,0.0,-2.170688225177701e+20,0.0,4300,0,8,17172,4300,0.0,41,0.0,0.0,-0.0,0.0,0.0,0,0,0,0,0.0,0,0,0,0,0,0,0,0,0,0,0,0,0,0,0,0,0,0,0,0,0,0,0,0,0,0,0,0,0,0,0,0,0,8,37,37,45,65476,376,65476,1,0,4,21553,0.0,0.0,49461469184.0,0.0,0.0,0.0,0.0,0.0,0.0,0.0,0.0,0.0,0.0,0.0,0.0,0.0,0.0,0.0,0.0,0.0,0.0,2.004,-0.0,-2.004,-3.697074423243316e+19,-2.004,0.0,0.0,0.0,0.0,6600.0,-2.004,0.0,-0.0,-0.0,0.0,0.0,0.0,0.0,2.004,2.004,226,0.059,71.63,0.0,0.0,0.0,0.0,0.0,0.0,0.0,0,0,0,-621861824.0,-0.0,7.261516532429988e+25,-1.1140549120570583e+20,8.186416270927643e+34,1.2588394808978743e+26,-0.0,0.0,-6.808523984402451e+32,-6.85781345162494e+17,-0.0,2436.385,0.0,0.0,0.0,-1.8979846123002602e+27,0,1.3516416376850534e+27,226,0.0,452,0.0,-1.4035696821479504e+35,2112,26215,17110,13107,17112,26215,17095,0,0,0,101,100,100,-0.0,63.4,-0.0,63.95,-107615216.0,63.5,1,49,50,180,13107,13107,0,0,0.0,0.0,0.0,60.0,-5.770749719661727e+33,70.5,0.0,-0.0,0.0,1070,0,1071,0,0,0,1072,0,1081,0,997,0,637,0,639,0,634,0,675,0.032,6.198106008766409e+21,-2.004,0.0,14224,16813,-5.770749719661727e+33,-0.0,-0.0,-1.670800629301985e+33,-0.0,0.0,50.0,60.0,35,0.0,0.0,10.0,2.0,0.0,0.0,0.0,0.0,0.0,0.0,0.0,0.0,0.0,0.0,0.0,0.0,58.8,35,25,65528,27,65476,748,65476,1,0,4,20529,65476,0,0,30147,60.0,0.0,10.0,10.0,2.0,0.0
2026-02-16T12:04:18,ERR,ERR,ERR,ERR,ERR,ERR,ERR,ERR,ERR,ERR,ERR,ERR,ERR,ERR,ERR,ERR,ERR,ERR,ERR,ERR,ERR,ERR,ERR,ERR,ERR,ERR,ERR,ERR,ERR,ERR,ERR,ERR,ERR,ERR,ERR,ERR,ERR,ERR,ERR,ERR,ERR,ERR,ERR,ERR,ERR,ERR,ERR,ERR,ERR,ERR,ERR,ERR,ERR,ERR,ERR,ERR,ERR,ERR,ERR,ERR,ERR,ERR,ERR,ERR,ERR,ERR,ERR,ERR,ERR,ERR,ERR,ERR,ERR,ERR,ERR,ERR,ERR,ERR,ERR,ERR,ERR,ERR,ERR,ERR,ERR,ERR,ERR,ERR,ERR,ERR,ERR,ERR,ERR,ERR,ERR,ERR,ERR,ERR,ERR,ERR,ERR,ERR,ERR,ERR,ERR,ERR,ERR,ERR,ERR,ERR,ERR,ERR,ERR,ERR,ERR,ERR,ERR,ERR,ERR,ERR,ERR,ERR,ERR,ERR,ERR,-0.0,-107616344.0,0.0,-0.0,-1.8487030179751264e+19,0.0,-2.170688225177701e+20,0.0,4300,0,8,17172,4300,0.0,41,0.0,0.0,-0.0,0.0,0.0,0,0,0,0,0.0,0,0,0,0,0,0,0,0,0,0,0,0,0,0,0,0,0,0,0,0,0,0,0,0,0,0,0,0,0,0,0,0,0,8,37,37,45,65476,376,65476,1,0,4,21553,0.0,0.0,49461469184.0,0.0,0.0,0.0,0.0,0.0,0.0,0.0,0.0,0.0,0.0,0.0,0.0,0.0,0.0,0.0,0.0,0.0,0.0,2.004,-0.0,-2.004,-3.697074423243316e+19,-2.004,0.0,0.0,0.0,0.0,6600.0,-2.004,0.0,-0.0,-0.0,0.0,0.0,0.0,0.0,2.004,2.004,226,0.059,71.63,0.0,0.0,0.0,0.0,0.0,0.0,0.0,0,0,0,-621861824.0,-0.0,7.261516532429988e+25,-1.1140549120570583e+20,8.186416270927643e+34,1.2588394808978743e+26,-0.0,0.0,-6.808523984402451e+32,-6.85781345162494e+17,-0.0,2436.385,0.0,0.0,0.0,-1.8979846123002602e+27,0,1.3516416376850534e+27,226,0.0,452,0.0,-1.4035696821479504e+35,2112,26215,17110,13107,17112,26215,17095,0,0,0,101,100,100,-0.0,63.4,-0.0,63.95,-107615216.0,63.5,1,49,50,180,13107,13107,0,0,0.0,0.0,0.0,60.0,-5.770749719661727e+33,70.5,0.0,-0.0,0.0,1070,0,1071,0,0,0,1072,0,1081,0,997,0,637,0,639,0,634,0,675,0.032,6.198106008766409e+21,-2.004,0.0,14224,16813,-5.770749719661727e+33,-0.0,-0.0,-1.670800629301985e+33,-0.0,0.0,50.0,60.0,35,0.0,0.0,10.0,2.0,0.0,0.0,0.0,0.0,0.0,0.0,0.0,0.0,0.0,0.0,0.0,0.0,58.8,33,27,65530,27,65476,690,65476,1,0,4,20529,65476,0,0,30147,60.0,0.0,10.0,10.0,2.0,0.0
2026-02-16T12:04:19,ERR,ERR,ERR,ERR,ERR,ERR,ERR,ERR,ERR,ERR,ERR,ERR,ERR,ERR,ERR,ERR,ERR,ERR,ERR,ERR,ERR,ERR,ERR,ERR,ERR,ERR,ERR,ERR,ERR,ERR,ERR,ERR,ERR,ERR,ERR,ERR,ERR,ERR,ERR,ERR,ERR,ERR,ERR,ERR,ERR,ERR,ERR,ERR,ERR,ERR,ERR,ERR,ERR,ERR,ERR,ERR,ERR,ERR,ERR,ERR,ERR,ERR,ERR,ERR,ERR,ERR,ERR,ERR,ERR,ERR,ERR,ERR,ERR,ERR,ERR,ERR,ERR,ERR,ERR,ERR,ERR,ERR,ERR,ERR,ERR,ERR,ERR,ERR,ERR,ERR,ERR,ERR,ERR,ERR,ERR,ERR,ERR,ERR,ERR,ERR,ERR,ERR,ERR,ERR,ERR,ERR,ERR,ERR,ERR,ERR,ERR,ERR,ERR,ERR,ERR,ERR,ERR,ERR,ERR,ERR,ERR,ERR,ERR,ERR,ERR,-0.0,-107616344.0,0.0,-0.0,-1.8487030179751264e+19,0.0,-2.170688225177701e+20,0.0,4300,0,8,17172,4300,0.0,41,0.0,0.0,-0.0,0.0,0.0,0,0,0,0,0.0,0,0,0,0,0,0,0,0,0,0,0,0,0,0,0,0,0,0,0,0,0,0,0,0,0,0,0,0,0,0,0,0,0,8,37,37,45,65476,376,65476,1,0,4,21553,0.0,0.0,49461469184.0,0.0,0.0,0.0,0.0,0.0,0.0,0.0,0.0,0.0,0.0,0.0,0.0,0.0,0.0,0.0,0.0,0.0,0.0,2.004,-0.0,-2.004,-3.697074423243316e+19,-2.004,0.0,0.0,0.0,0.0,6600.0,-2.004,0.0,-0.0,-0.0,0.0,0.0,0.0,0.0,2.004,2.004,226,0.059,71.63,0.0,0.0,0.0,0.0,0.0,0.0,0.0,0,0,0,-621861824.0,-0.0,7.261516532429988e+25,-1.1140549120570583e+20,8.186416270927643e+34,1.2588394808978743e+26,-0.0,0.0,-6.808523984402451e+32,-6.85781345162494e+17,-0.0,2436.385,0.0,0.0,0.0,-1.8979846123002602e+27,0,1.3516416376850534e+27,226,0.0,452,0.0,-1.4035696821479504e+35,2112,26215,17110,13107,17112,26215,17095,0,0,0,101,100,100,-0.0,63.4,-0.0,63.95,-107615216.0,63.5,1,49,50,180,13107,13107,0,0,0.0,0.0,0.0,60.0,-3.6264656811691134e+37,70.5,0.0,1.1238579362063499e+28,0.0,1071,0,1071,0,0,0,1072,0,1081,0,997,0,637,0,639,0,634,0,675,0.032,6.16121252061899e+21,-2.004,0.0,13200,16813,-6.47055644974166e+27,2.8448326596958903e+25,2.5885479416537163e+33,-0.0,35718732.0,-7.219373608588745e+37,50.0,60.0,35,0.0,0.0,10.0,2.0,0.0,0.0,0.0,0.0,0.0,0.0,0.0,0.0,0.0,0.0,0.0,0.0,58.8,33,27,65530,27,65476,690,65476,1,0,4,20529,65476,0,0,30147,60.0,0.0,10.0,10.0,2.0,0.0
2026-02-16T12:04:20,ERR,ERR,ERR,ERR,ERR,ERR,ERR,ERR,ERR,ERR,ERR,ERR,ERR,ERR,ERR,ERR,ERR,ERR,ERR,ERR,ERR,ERR,ERR,ERR,ERR,ERR,ERR,ERR,ERR,ERR,ERR,ERR,ERR,ERR,ERR,ERR,ERR,ERR,ERR,ERR,ERR,ERR,ERR,ERR,ERR,ERR,ERR,ERR,ERR,ERR,ERR,ERR,ERR,ERR,ERR,ERR,ERR,ERR,ERR,ERR,ERR,ERR,ERR,ERR,ERR,ERR,ERR,ERR,ERR,ERR,ERR,ERR,ERR,ERR,ERR,ERR,ERR,ERR,ERR,ERR,ERR,ERR,ERR,ERR,ERR,ERR,ERR,ERR,ERR,ERR,ERR,ERR,ERR,ERR,ERR,ERR,ERR,ERR,ERR,ERR,ERR,ERR,ERR,ERR,ERR,ERR,ERR,ERR,ERR,ERR,ERR,ERR,ERR,ERR,ERR,ERR,ERR,ERR,ERR,ERR,ERR,ERR,ERR,ERR,ERR,-0.0,-107616344.0,0.0,-0.0,-1.8487030179751264e+19,0.0,-0.0,7.225233400927108e+24,4300,0,8,17172,4300,-0.0,41,0.0,0.0,-0.0,0.0,0.0,0,0,0,0,0.0,0,0,0,0,0,0,0,0,0,0,0,0,0,0,0,0,0,0,0,0,0,0,0,0,0,0,0,0,0,0,0,0,0,9,37,36,45,65476,374,65476,1,0,4,21553,0.0,0.0,-1.2486566475848857e+25,0.0,0.0,0.0,0.0,0.0,0.0,0.0,0.0,0.0,0.0,0.0,0.0,0.0,0.0,0.0,0.0,0.0,0.0,2.004,-0.0,-0.0,-3.697074423243316e+19,-0.0,0.0,0.0,0.0,0.0,6598.0,1.587938797847242e+29,0.0,-0.0,-107616344.0,0.0,0.0,-0.0,0.0,2.004,2.004,226,0.0,0.0,0.0,0.0,0.0,0.0,0.0,0.0,0.0,0,0,0,-0.0,2.5767296629124317e+23,1075310.0,-1788935680.0,4.302225392157275e+19,0.0,-1400986119700480.0,-0.829,-0.0,-7.443281403183104e+17,-0.0,2660.385,0.0,0.0,0.0,-7348126.0,0,1.3516416376850534e+27,226,0.0,452,0.0,-1.4035696821479504e+35,2112,26215,17110,13107,17112,26215,17095,0,0,0,101,100,100,-0.0,63.4,-0.0,63.95,-107615216.0,63.5,1,49,50,180,13107,13107,0,0,0.0,0.0,0.0,60.0,-3.6264656811691134e+37,70.5,0.0,1.1238579362063499e+28,0.0,1071,0,1071,0,0,0,1072,0,1081,0,997,0,637,0,639,0,634,0,675,0.032,6.16121252061899e+21,-2.004,0.0,13200,16813,-6.47055644974166e+27,2.8448326596958903e+25,2.5885479416537163e+33,-0.0,35718732.0,-7.219373608588745e+37,50.0,60.0,35,0.0,0.0,10.0,2.0,0.0,0.0,0.0,0.0,0.0,0.0,0.0,0.0,0.0,0.0,0.0,0.0,58.8,29,31,65534,27,65476,690,65476,1,0,4,20529,65476,0,0,30147,60.0,0.0,10.0,10.0,2.0,0.0
2026-02-16T12:04:21,ERR,ERR,ERR,ERR,ERR,ERR,ERR,ERR,ERR,ERR,ERR,ERR,ERR,ERR,ERR,ERR,ERR,ERR,ERR,ERR,ERR,ERR,ERR,ERR,ERR,ERR,ERR,ERR,ERR,ERR,ERR,ERR,ERR,ERR,ERR,ERR,ERR,ERR,ERR,ERR,ERR,ERR,ERR,ERR,ERR,ERR,ERR,ERR,ERR,ERR,ERR,ERR,ERR,ERR,ERR,ERR,ERR,ERR,ERR,ERR,ERR,ERR,ERR,ERR,ERR,ERR,ERR,ERR,ERR,ERR,ERR,ERR,ERR,ERR,ERR,ERR,ERR,ERR,ERR,ERR,ERR,ERR,ERR,ERR,ERR,ERR,ERR,ERR,ERR,ERR,ERR,ERR,ERR,ERR,ERR,ERR,ERR,ERR,ERR,ERR,ERR,ERR,ERR,ERR,ERR,ERR,ERR,ERR,ERR,ERR,ERR,ERR,ERR,ERR,ERR,ERR,ERR,ERR,ERR,ERR,ERR,ERR,ERR,ERR,ERR,-0.0,-107616344.0,0.0,-0.0,-1.8487030179751264e+19,0.0,-0.0,7.225233400927108e+24,4300,0,8,17172,4300,-0.0,41,0.0,0.0,-0.0,0.0,0.0,0,0,0,0,0.0,0,0,0,0,0,0,0,0,0,0,0,0,0,0,0,0,0,0,0,0,0,0,0,0,0,0,0,0,0,0,0,0,0,9,37,36,45,65476,374,65476,1,0,4,21553,0.0,0.0,-1.2486566475848857e+25,0.0,0.0,0.0,0.0,0.0,0.0,0.0,0.0,0.0,0.0,0.0,0.0,0.0,0.0,0.0,0.0,0.0,0.0,2.004,-0.0,-0.0,-3.697074423243316e+19,-0.0,0.0,0.0,0.0,0.0,6598.0,1.587938797847242e+29,0.0,-0.0,-107616344.0,0.0,0.0,-0.0,0.0,2.004,2.004,226,0.0,0.0,0.0,0.0,0.0,0.0,0.0,0.0,0.0,0,0,0,-0.0,2.5767296629124317e+23,1075310.0,-1788935680.0,4.302225392157275e+19,0.0,-1400986119700480.0,-0.829,-0.0,-7.443281403183104e+17,-0.0,2660.385,0.0,0.0,0.0,-7348126.0,0,1.3516416376850534e+27,226,0.0,452,0.0,-1.4035696821479504e+35,2112,26215,17110,13107,17112,26215,17095,0,0,0,101,100,100,-0.0,63.4,-0.0,63.95,-107615216.0,63.5,1,49,50,180,13107,13107,0,0,0.0,0.0,0.0,60.0,-3.6264656811691134e+37,70.5,0.0,1.1238579362063499e+28,0.0,1071,0,1071,0,0,0,1072,0,1081,0,997,0,637,0,639,0,634,0,675,0.032,6.16121252061899e+21,-2.004,0.0,13200,16813,-6.47055644974166e+27,2.8448326596958903e+25,2.5885479416537163e+33,-0.0,35718732.0,-7.219373608588745e+37,50.0,60.0,35,0.0,0.0,10.0,2.0,0.0,0.0,0.0,0.0,0.0,0.0,0.0,0.0,0.0,0.0,0.0,0.0,58.8,29,31,65534,27,65476,690,65476,1,0,4,20529,65476,0,0,30147,60.0,0.0,10.0,10.0,2.0,0.0
2026-02-16T12:04:22,ERR,ERR,ERR,ERR,ERR,ERR,ERR,ERR,ERR,ERR,ERR,ERR,ERR,ERR,ERR,ERR,ERR,ERR,ERR,ERR,ERR,ERR,ERR,ERR,ERR,ERR,ERR,ERR,ERR,ERR,ERR,ERR,ERR,ERR,ERR,ERR,ERR,ERR,ERR,ERR,ERR,ERR,ERR,ERR,ERR,ERR,ERR,ERR,ERR,ERR,ERR,ERR,ERR,ERR,ERR,ERR,ERR,ERR,ERR,ERR,ERR,ERR,ERR,ERR,ERR,ERR,ERR,ERR,ERR,ERR,ERR,ERR,ERR,ERR,ERR,ERR,ERR,ERR,ERR,ERR,ERR,ERR,ERR,ERR,ERR,ERR,ERR,ERR,ERR,ERR,ERR,ERR,ERR,ERR,ERR,ERR,ERR,ERR,ERR,ERR,ERR,ERR,ERR,ERR,ERR,ERR,ERR,ERR,ERR,ERR,ERR,ERR,ERR,ERR,ERR,ERR,ERR,ERR,ERR,ERR,ERR,ERR,ERR,ERR,ERR,-0.0,-107616344.0,0.0,-0.0,-1.8487030179751264e+19,0.0,-0.0,7.225233400927108e+24,4300,0,8,17172,4300,-0.0,41,0.0,0.0,-0.0,0.0,0.0,0,0,0,0,0.0,0,0,0,0,0,0,0,0,0,0,0,0,0,0,0,0,0,0,0,0,0,0,0,0,0,0,0,0,0,0,0,0,0,9,37,36,45,65476,374,65476,1,0,4,21553,0.0,0.0,-1.2486566475848857e+25,0.0,0.0,0.0,0.0,0.0,0.0,0.0,0.0,0.0,0.0,0.0,0.0,0.0,0.0,0.0,0.0,0.0,0.0,2.004,-0.0,-0.0,-3.697074423243316e+19,-0.0,0.0,0.0,0.0,0.0,6598.0,1.587938797847242e+29,0.0,-0.0,-107616344.0,0.0,0.0,-0.0,0.0,2.004,2.004,226,0.0,0.0,0.0,0.0,0.0,0.0,0.0,0.0,0.0,0,0,0,-0.0,2.5767296629124317e+23,1075310.0,-1788935680.0,4.302225392157275e+19,0.0,-1400986119700480.0,-0.829,-0.0,-7.443281403183104e+17,-0.0,2660.385,0.0,0.0,0.0,-7348126.0,0,1.3516416376850534e+27,226,0.0,452,0.0,-1.4035696821479504e+35,2112,26215,17110,13107,17112,26215,17095,0,0,0,101,100,100,-0.0,63.4,-0.0,63.95,-107615216.0,63.5,1,49,50,180,13107,13107,0,0,0.0,0.0,0.0,60.0,-3.6264656811691134e+37,70.5,0.0,1.1238579362063499e+28,0.0,1071,0,1071,0,0,0,1072,0,1081,0,997,0,637,0,639,0,634,0,675,0.032,6.16121252061899e+21,-2.004,0.0,13200,16813,-6.47055644974166e+27,2.8448326596958903e+25,2.5885479416537163e+33,-0.0,35718732.0,-7.219373608588745e+37,50.0,60.0,35,0.0,0.0,10.0,2.0,0.0,0.0,0.0,0.0,0.0,0.0,0.0,0.0,0.0,0.0,0.0,0.0,58.8,27,32,0,27,65476,614,65476,1,0,4,20529,65476,0,0,30147,60.0,0.0,10.0,10.0,2.0,0.0
2026-02-16T12:04:23,ERR,ERR,ERR,ERR,ERR,ERR,ERR,ERR,ERR,ERR,ERR,ERR,ERR,ERR,ERR,ERR,ERR,ERR,ERR,ERR,ERR,ERR,ERR,ERR,ERR,ERR,ERR,ERR,ERR,ERR,ERR,ERR,ERR,ERR,ERR,ERR,ERR,ERR,ERR,ERR,ERR,ERR,ERR,ERR,ERR,ERR,ERR,ERR,ERR,ERR,ERR,ERR,ERR,ERR,ERR,ERR,ERR,ERR,ERR,ERR,ERR,ERR,ERR,ERR,ERR,ERR,ERR,ERR,ERR,ERR,ERR,ERR,ERR,ERR,ERR,ERR,ERR,ERR,ERR,ERR,ERR,ERR,ERR,ERR,ERR,ERR,ERR,ERR,ERR,ERR,ERR,ERR,ERR,ERR,ERR,ERR,ERR,ERR,ERR,ERR,ERR,ERR,ERR,ERR,ERR,ERR,ERR,ERR,ERR,ERR,ERR,ERR,ERR,ERR,ERR,ERR,ERR,ERR,ERR,ERR,ERR,ERR,ERR,ERR,ERR,-0.0,-107616344.0,0.0,-0.0,-1.8487030179751264e+19,0.0,-0.0,7.225233400927108e+24,4300,0,8,17172,4300,-0.0,41,0.0,0.0,-0.0,0.0,0.0,0,0,0,0,0.0,0,0,0,0,0,0,0,0,0,0,0,0,0,0,0,0,0,0,0,0,0,0,0,0,0,0,0,0,0,0,0,0,0,9,37,36,45,65476,374,65476,1,0,4,21553,0.0,0.0,-1.2486566475848857e+25,0.0,0.0,0.0,0.0,0.0,0.0,0.0,0.0,0.0,0.0,0.0,0.0,0.0,0.0,0.0,0.0,0.0,0.0,2.004,-0.0,-0.0,-3.697074423243316e+19,-0.0,0.0,0.0,0.0,0.0,6598.0,1.587938797847242e+29,0.0,-0.0,-107616344.0,0.0,0.0,-0.0,0.0,2.004,2.004,226,0.0,0.0,0.0,0.0,0.0,0.0,0.0,0.0,0.0,0,0,0,-0.0,2.5767296629124317e+23,1075310.0,-1788935680.0,4.302225392157275e+19,0.0,-1400986119700480.0,-0.829,-0.0,-7.443281403183104e+17,-0.0,2660.385,0.0,0.0,0.0,-7348126.0,0,1.3516416376850534e+27,226,0.0,452,0.0,-1.4035696821479504e+35,2112,26215,17110,13107,17112,13107,17095,0,0,0,101,100,100,-0.0,63.4,-0.0,63.95,-107615216.0,63.5,1,49,50,180,13107,13107,0,0,0.0,0.0,0.0,60.0,-5.327710464777708e+36,70.5,0.0,5.145350265450224e+28,0.0,1071,0,1071,0,0,0,1072,0,1081,0,996,0,637,0,639,0,634,0,676,0.032,6.198106008766409e+21,-2.004,0.0,14736,16813,0.0,5.145350265450224e+28,-0.0,-2.712846560890768e+33,-0.0,0.0,50.0,60.0,35,0.0,0.0,10.0,2.0,0.0,0.0,0.0,0.0,0.0,0.0,0.0,0.0,0.0,0.0,0.0,0.0,58.8,25,35,2,27,65476,591,65476,1,0,4,20529,65476,0,0,30147,60.0,0.0,10.0,10.0,2.0,0.0
2026-02-16T12:04:24,ERR,ERR,ERR,ERR,ERR,ERR,ERR,ERR,ERR,ERR,ERR,ERR,ERR,ERR,ERR,ERR,ERR,ERR,ERR,ERR,ERR,ERR,ERR,ERR,ERR,ERR,ERR,ERR,ERR,ERR,ERR,ERR,ERR,ERR,ERR,ERR,ERR,ERR,ERR,ERR,ERR,ERR,ERR,ERR,ERR,ERR,ERR,ERR,ERR,ERR,ERR,ERR,ERR,ERR,ERR,ERR,ERR,ERR,ERR,ERR,ERR,ERR,ERR,ERR,ERR,ERR,ERR,ERR,ERR,ERR,ERR,ERR,ERR,ERR,ERR,ERR,ERR,ERR,ERR,ERR,ERR,ERR,ERR,ERR,ERR,ERR,ERR,ERR,ERR,ERR,ERR,ERR,ERR,ERR,ERR,ERR,ERR,ERR,ERR,ERR,ERR,ERR,ERR,ERR,ERR,ERR,ERR,ERR,ERR,ERR,ERR,ERR,ERR,ERR,ERR,ERR,ERR,ERR,ERR,ERR,ERR,ERR,ERR,ERR,ERR,-0.0,-107616344.0,0.0,-0.0,-1.8487030179751264e+19,0.0,-0.0,5.507467836982068e+23,4300,0,8,17172,4300,-0.0,40,0.0,0.0,-0.0,0.0,0.0,0,0,0,0,0.0,0,0,0,0,0,0,0,0,0,0,0,0,0,0,0,0,0,0,0,0,0,0,0,0,0,0,0,0,0,0,0,0,0,9,37,36,45,65476,376,65476,1,0,4,21553,0.0,0.0,1.181160887239526e+27,0.0,0.0,0.0,0.0,0.0,0.0,0.0,0.0,0.0,0.0,0.0,0.0,0.0,0.0,0.0,0.0,0.0,0.0,2.004,-0.0,-2.004,-2.004,-0.0,0.0,0.0,0.0,0.0,6566.0,-1.5879386089525827e+29,0.0,-0.0,-107616344.0,0.0,0.0,0.0,0.0,2.004,2.004,225,126840545280.0,-0.0,0.0,0.0,0.0,0.0,0.0,0.0,0.0,0,0,0,-6518398464.0,7.209207810027471e+22,2.445214801518436e+26,2.473,6.283218829269666e+31,-0.0,2.33525256598802e+33,-0.0,2.2805277908747757e+30,-7.983713358467564e+17,-0.0,2852.385,0.0,0.0,0.0,0.0,0,1.3516416376850534e+27,225,0.0,450,0.0,-0.0,2112,26215,17110,13107,17112,13107,17095,0,0,0,101,100,100,-0.0,63.4,-0.0,63.95,-107615216.0,63.5,1,49,50,180,13107,13107,0,0,0.0,0.0,0.0,60.0,-5.327710464777708e+36,70.5,0.0,5.145350265450224e+28,0.0,1071,0,1071,0,0,0,1072,0,1081,0,996,0,637,0,639,0,634,0,676,0.032,6.198106008766409e+21,-2.004,0.0,14736,16813,0.0,5.145350265450224e+28,-0.0,-2.712846560890768e+33,-0.0,0.0,50.0,60.0,35,0.0,0.0,10.0,2.0,0.0,0.0,0.0,0.0,0.0,0.0,0.0,0.0,0.0,0.0,0.0,0.0,58.8,25,35,2,27,65476,591,65476,1,0,4,20529,65476,0,0,30147,60.0,0.0,10.0,10.0,2.0,0.0
2026-02-16T12:04:25,ERR,ERR,ERR,ERR,ERR,ERR,ERR,ERR,ERR,ERR,ERR,ERR,ERR,ERR,ERR,ERR,ERR,ERR,ERR,ERR,ERR,ERR,ERR,ERR,ERR,ERR,ERR,ERR,ERR,ERR,ERR,ERR,ERR,ERR,ERR,ERR,ERR,ERR,ERR,ERR,ERR,ERR,ERR,ERR,ERR,ERR,ERR,ERR,ERR,ERR,ERR,ERR,ERR,ERR,ERR,ERR,ERR,ERR,ERR,ERR,ERR,ERR,ERR,ERR,ERR,ERR,ERR,ERR,ERR,ERR,ERR,ERR,ERR,ERR,ERR,ERR,ERR,ERR,ERR,ERR,ERR,ERR,ERR,ERR,ERR,ERR,ERR,ERR,ERR,ERR,ERR,ERR,ERR,ERR,ERR,ERR,ERR,ERR,ERR,ERR,ERR,ERR,ERR,ERR,ERR,ERR,ERR,ERR,ERR,ERR,ERR,ERR,ERR,ERR,ERR,ERR,ERR,ERR,ERR,ERR,ERR,ERR,ERR,ERR,ERR,-0.0,-107616344.0,0.0,-0.0,-1.8487030179751264e+19,0.0,-0.0,5.507467836982068e+23,4300,0,8,17172,4300,-0.0,40,0.0,0.0,-0.0,0.0,0.0,0,0,0,0,0.0,0,0,0,0,0,0,0,0,0,0,0,0,0,0,0,0,0,0,0,0,0,0,0,0,0,0,0,0,0,0,0,0,0,9,37,36,45,65476,376,65476,1,0,4,21553,0.0,0.0,1.181160887239526e+27,0.0,0.0,0.0,0.0,0.0,0.0,0.0,0.0,0.0,0.0,0.0,0.0,0.0,0.0,0.0,0.0,0.0,0.0,2.004,-0.0,-2.004,-2.004,-0.0,0.0,0.0,0.0,0.0,6566.0,-1.5879386089525827e+29,0.0,-0.0,-107616344.0,0.0,0.0,0.0,0.0,2.004,2.004,225,126840545280.0,-0.0,0.0,0.0,0.0,0.0,0.0,0.0,0.0,0,0,0,-6518398464.0,7.209207810027471e+22,2.445214801518436e+26,2.473,6.283218829269666e+31,-0.0,2.33525256598802e+33,-0.0,2.2805277908747757e+30,-7.983713358467564e+17,-0.0,2852.385,0.0,0.0,0.0,0.0,0,1.3516416376850534e+27,225,0.0,450,0.0,-0.0,2112,26215,17110,13107,17112,13107,17095,0,0,0,101,100,100,-0.0,63.4,-0.0,63.95,-107615216.0,63.5,1,49,50,180,13107,13107,0,0,0.0,0.0,0.0,60.0,-5.327710464777708e+36,70.5,0.0,5.145350265450224e+28,0.0,1071,0,1071,0,0,0,1072,0,1081,0,996,0,637,0,639,0,634,0,676,0.032,6.198106008766409e+21,-2.004,0.0,14736,16813,0.0,5.145350265450224e+28,-0.0,-2.712846560890768e+33,-0.0,0.0,50.0,60.0,35,0.0,0.0,10.0,2.0,0.0,0.0,0.0,0.0,0.0,0.0,0.0,0.0,0.0,0.0,0.0,0.0,58.8,23,37,4,27,65476,491,65476,1,0,4,20529,65476,0,0,30147,60.0,0.0,10.0,10.0,2.0,0.0
2026-02-16T12:04:26,ERR,ERR,ERR,ERR,ERR,ERR,ERR,ERR,ERR,ERR,ERR,ERR,ERR,ERR,ERR,ERR,ERR,ERR,ERR,ERR,ERR,ERR,ERR,ERR,ERR,ERR,ERR,ERR,ERR,ERR,ERR,ERR,ERR,ERR,ERR,ERR,ERR,ERR,ERR,ERR,ERR,ERR,ERR,ERR,ERR,ERR,ERR,ERR,ERR,ERR,ERR,ERR,ERR,ERR,ERR,ERR,ERR,ERR,ERR,ERR,ERR,ERR,ERR,ERR,ERR,ERR,ERR,ERR,ERR,ERR,ERR,ERR,ERR,ERR,ERR,ERR,ERR,ERR,ERR,ERR,ERR,ERR,ERR,ERR,ERR,ERR,ERR,ERR,ERR,ERR,ERR,ERR,ERR,ERR,ERR,ERR,ERR,ERR,ERR,ERR,ERR,ERR,ERR,ERR,ERR,ERR,ERR,ERR,ERR,ERR,ERR,ERR,ERR,ERR,ERR,ERR,ERR,ERR,ERR,ERR,ERR,ERR,ERR,ERR,ERR,-0.0,-107616344.0,0.0,-0.0,-1.8487030179751264e+19,0.0,-0.0,5.507467836982068e+23,4300,0,8,17172,4300,-0.0,40,0.0,0.0,-0.0,0.0,0.0,0,0,0,0,0.0,0,0,0,0,0,0,0,0,0,0,0,0,0,0,0,0,0,0,0,0,0,0,0,0,0,0,0,0,0,0,0,0,0,9,37,36,45,65476,376,65476,1,0,4,21553,0.0,0.0,1.181160887239526e+27,0.0,0.0,0.0,0.0,0.0,0.0,0.0,0.0,0.0,0.0,0.0,0.0,0.0,0.0,0.0,0.0,0.0,0.0,2.004,-0.0,-2.004,-2.004,-0.0,0.0,0.0,0.0,0.0,6566.0,-1.5879386089525827e+29,0.0,-0.0,-107616344.0,0.0,0.0,0.0,0.0,2.004,2.004,225,126840545280.0,-0.0,0.0,0.0,0.0,0.0,0.0,0.0,0.0,0,0,0,-6518398464.0,7.209207810027471e+22,2.445214801518436e+26,2.473,6.283218829269666e+31,-0.0,2.33525256598802e+33,-0.0,2.2805277908747757e+30,-7.983713358467564e+17,-0.0,2852.385,0.0,0.0,0.0,0.0,0,1.3516416376850534e+27,225,0.0,450,0.0,-0.0,2114,26215,17110,13107,17112,13107,17095,0,0,0,101,100,100,-0.0,63.4,-0.0,63.95,-107615216.0,63.5,1,49,50,180,13107,13107,0,0,0.0,0.0,0.0,60.0,-1.040568450151896e+34,70.5,0.0,0.0,0.0,1070,0,1071,0,0,0,1072,0,1081,0,996,0,637,0,639,0,634,0,676,0.032,6.198106008766409e+21,0.0,0.0,2960,16813,-1.040568450151896e+34,0.0,53120302317568.0,-8.818180561542578e+18,0.0,-1.2340880792510945e+22,50.0,60.0,35,0.0,0.0,10.0,2.0,0.0,0.0,0.0,0.0,0.0,0.0,0.0,0.0,0.0,0.0,0.0,0.0,58.8,22,38,5,27,65476,441,65476,1,0,4,20529,65476,0,0,30147,60.0,0.0,10.0,10.0,2.0,0.0
2026-02-16T12:04:27,ERR,ERR,ERR,ERR,ERR,ERR,ERR,ERR,ERR,ERR,ERR,ERR,ERR,ERR,ERR,ERR,ERR,ERR,ERR,ERR,ERR,ERR,ERR,ERR,ERR,ERR,ERR,ERR,ERR,ERR,ERR,ERR,ERR,ERR,ERR,ERR,ERR,ERR,ERR,ERR,ERR,ERR,ERR,ERR,ERR,ERR,ERR,ERR,ERR,ERR,ERR,ERR,ERR,ERR,ERR,ERR,ERR,ERR,ERR,ERR,ERR,ERR,ERR,ERR,ERR,ERR,ERR,ERR,ERR,ERR,ERR,ERR,ERR,ERR,ERR,ERR,ERR,ERR,ERR,ERR,ERR,ERR,ERR,ERR,ERR,ERR,ERR,ERR,ERR,ERR,ERR,ERR,ERR,ERR,ERR,ERR,ERR,ERR,ERR,ERR,ERR,ERR,ERR,ERR,ERR,ERR,ERR,ERR,ERR,ERR,ERR,ERR,ERR,ERR,ERR,ERR,ERR,ERR,ERR,ERR,ERR,ERR,ERR,ERR,ERR,-0.0,-107616344.0,0.0,-0.0,-1.8487030179751264e+19,0.0,-0.0,5.507467836982068e+23,4300,0,8,17172,4300,-0.0,40,0.0,0.0,-0.0,0.0,0.0,0,0,0,0,0.0,0,0,0,0,0,0,0,0,0,0,0,0,0,0,0,0,0,0,0,0,0,0,0,0,0,0,0,0,0,0,0,0,0,9,37,36,45,65476,376,65476,1,0,4,21553,0.0,0.0,1.181160887239526e+27,0.0,0.0,0.0,0.0,0.0,0.0,0.0,0.0,0.0,0.0,0.0,0.0,0.0,0.0,0.0,0.0,0.0,0.0,2.004,-0.0,-2.004,-2.004,-0.0,0.0,0.0,0.0,0.0,6566.0,-1.5879386089525827e+29,0.0,-0.0,-107616344.0,0.0,0.0,0.0,0.0,2.004,2.004,225,126840545280.0,-0.0,0.0,0.0,0.0,0.0,0.0,0.0,0.0,0,0,0,-6518398464.0,7.209207810027471e+22,2.445214801518436e+26,2.473,6.283218829269666e+31,-0.0,2.33525256598802e+33,-0.0,2.2805277908747757e+30,-7.983713358467564e+17,-0.0,2852.385,0.0,0.0,0.0,0.0,0,1.3516416376850534e+27,225,0.0,450,0.0,-0.0,2114,26215,17110,13107,17112,13107,17095,0,0,0,101,100,100,-0.0,63.4,-0.0,63.95,-107615216.0,63.5,1,49,50,180,13107,13107,0,0,0.0,0.0,0.0,60.0,-1.040568450151896e+34,70.5,0.0,0.0,0.0,1070,0,1071,0,0,0,1072,0,1081,0,996,0,637,0,639,0,634,0,676,0.032,6.198106008766409e+21,0.0,0.0,2960,16813,-1.040568450151896e+34,0.0,53120302317568.0,-8.818180561542578e+18,0.0,-1.2340880792510945e+22,50.0,60.0,35,0.0,0.0,10.0,2.0,0.0,0.0,0.0,0.0,0.0,0.0,0.0,0.0,0.0,0.0,0.0,0.0,58.8,22,38,5,27,65476,441,65476,1,0,4,20529,65476,0,0,30147,60.0,0.0,10.0,10.0,2.0,0.0
2026-02-16T12:04:28,ERR,ERR,ERR,ERR,ERR,ERR,ERR,ERR,ERR,ERR,ERR,ERR,ERR,ERR,ERR,ERR,ERR,ERR,ERR,ERR,ERR,ERR,ERR,ERR,ERR,ERR,ERR,ERR,ERR,ERR,ERR,ERR,ERR,ERR,ERR,ERR,ERR,ERR,ERR,ERR,ERR,ERR,ERR,ERR,ERR,ERR,ERR,ERR,ERR,ERR,ERR,ERR,ERR,ERR,ERR,ERR,ERR,ERR,ERR,ERR,ERR,ERR,ERR,ERR,ERR,ERR,ERR,ERR,ERR,ERR,ERR,ERR,ERR,ERR,ERR,ERR,ERR,ERR,ERR,ERR,ERR,ERR,ERR,ERR,ERR,ERR,ERR,ERR,ERR,ERR,ERR,ERR,ERR,ERR,ERR,ERR,ERR,ERR,ERR,ERR,ERR,ERR,ERR,ERR,ERR,ERR,ERR,ERR,ERR,ERR,ERR,ERR,ERR,ERR,ERR,ERR,ERR,ERR,ERR,ERR,ERR,ERR,ERR,ERR,ERR,-0.0,-107616344.0,0.0,-0.0,-1.8487030179751264e+19,0.0,-0.0,5.507467836982068e+23,4300,0,8,17172,4300,-0.0,40,0.0,0.0,-0.0,0.0,0.0,0,0,0,0,0.0,0,0,0,0,0,0,0,0,0,0,0,0,0,0,0,0,0,0,0,0,0,0,0,0,0,0,0,0,0,0,0,0,0,9,37,36,45,65476,376,65476,1,0,4,21553,0.0,0.0,1.181160887239526e+27,0.0,0.0,0.0,0.0,0.0,0.0,0.0,0.0,0.0,0.0,0.0,0.0,0.0,0.0,0.0,0.0,0.0,0.0,2.004,-0.0,-2.004,-2.004,-0.0,0.0,0.0,0.0,0.0,6566.0,-1.5879386089525827e+29,0.0,-0.0,-107616344.0,0.0,0.0,0.0,0.0,2.004,2.004,225,126840545280.0,-0.0,0.0,0.0,0.0,0.0,0.0,0.0,0.0,0,0,0,-6518398464.0,7.209207810027471e+22,2.445214801518436e+26,2.473,6.283218829269666e+31,-0.0,2.33525256598802e+33,-0.0,2.2805277908747757e+30,-7.983713358467564e+17,-0.0,2852.385,0.0,0.0,0.0,0.0,0,1.3516416376850534e+27,225,0.0,450,0.0,-0.0,2114,26215,17110,13107,17112,13107,17095,0,0,0,101,100,100,-0.0,63.4,-0.0,63.95,-107615216.0,63.5,1,49,50,180,13107,13107,0,0,0.0,0.0,0.0,60.0,-1.040568450151896e+34,70.5,0.0,0.0,0.0,1070,0,1071,0,0,0,1072,0,1081,0,996,0,637,0,639,0,634,0,676,0.032,6.198106008766409e+21,0.0,0.0,2960,16813,-1.040568450151896e+34,0.0,53120302317568.0,-8.818180561542578e+18,0.0,-1.2340880792510945e+22,50.0,60.0,35,0.0,0.0,10.0,2.0,0.0,0.0,0.0,0.0,0.0,0.0,0.0,0.0,0.0,0.0,0.0,0.0,58.8,22,38,5,27,65476,441,65476,1,0,4,20529,65476,0,0,30147,60.0,0.0,10.0,10.0,2.0,0.0
2026-02-16T12:04:29,ERR,ERR,ERR,ERR,ERR,ERR,ERR,ERR,ERR,ERR,ERR,ERR,ERR,ERR,ERR,ERR,ERR,ERR,ERR,ERR,ERR,ERR,ERR,ERR,ERR,ERR,ERR,ERR,ERR,ERR,ERR,ERR,ERR,ERR,ERR,ERR,ERR,ERR,ERR,ERR,ERR,ERR,ERR,ERR,ERR,ERR,ERR,ERR,ERR,ERR,ERR,ERR,ERR,ERR,ERR,ERR,ERR,ERR,ERR,ERR,ERR,ERR,ERR,ERR,ERR,ERR,ERR,ERR,ERR,ERR,ERR,ERR,ERR,ERR,ERR,ERR,ERR,ERR,ERR,ERR,ERR,ERR,ERR,ERR,ERR,ERR,ERR,ERR,ERR,ERR,ERR,ERR,ERR,ERR,ERR,ERR,ERR,ERR,ERR,ERR,ERR,ERR,ERR,ERR,ERR,ERR,ERR,ERR,ERR,ERR,ERR,ERR,ERR,ERR,ERR,ERR,ERR,ERR,ERR,ERR,ERR,ERR,ERR,ERR,ERR,-0.0,-107616344.0,0.0,-0.0,-1.8487030179751264e+19,-0.0,-5.383973863266714e+16,-5954966787194880.0,4300,0,8,17172,4300,-0.0,41,0.0,0.0,-0.0,0.0,0.0,0,0,0,0,0.0,0,0,0,0,0,0,0,0,0,0,0,0,0,0,0,0,0,0,0,0,0,0,0,0,0,0,0,0,0,0,0,0,0,9,36,36,45,65476,375,65476,1,0,4,21553,0.0,2.7183305813883192e+23,-2.7699901440756128e+20,0.0,0.0,0.0,0.0,0.0,0.0,0.0,0.0,0.0,0.0,0.0,0.0,0.0,0.0,0.0,0.0,0.0,0.0,2.004,-0.0,-2.004,-2.004,2.004,0.0,0.0,0.0,0.0,6569.0,0.0,0.0,-0.0,-107616344.0,0.0,-0.0,0.0,0.0,2.004,2.004,225,126840545280.0,71.63,0.0,0.0,0.0,0.0,0.0,0.0,0.0,0,0,0,-26.533,-46776881152.0,1.7875885799342577e+22,11152.495,1.0220215639853966e+25,-0.0,0.0,-0.0,0.0,-8.569181310025728e+17,-0.0,3044.385,0.0,0.0,0.0,-7.053116668826652e+37,0,1.3516416376850534e+27,225,0.0,450,-74360974999552.0,4.538271724008914e+24,2114,26215,17110,13107,17112,13107,17095,0,0,0,101,100,100,-0.0,63.4,-0.0,63.95,-107615216.0,63.75,1,49,50,180,13107,13107,0,0,0.0,0.0,0.0,60.0,-2.4203658566595287e+27,70.5,0.0,-4.990607288302903e+28,0.0,1071,0,1071,0,0,0,1072,0,1081,0,996,0,638,0,639,0,634,0,676,0.032,6.198106008766409e+21,0.0,0.0,21136,16813,-1.9816722557613335e+34,-3.5109013145709155e+30,0.0,0.0,0.0,-12140552.0,50.0,60.0,35,0.0,0.0,10.0,2.0,0.0,0.0,0.0,0.0,0.0,0.0,0.0,0.0,0.0,0.0,0.0,0.0,58.8,22,38,5,27,65476,441,65476,1,0,4,20529,65476,0,0,30147,60.0,0.0,10.0,10.0,2.0,0.0
2026-02-16T12:04:30,ERR,ERR,ERR,ERR,ERR,ERR,ERR,ERR,ERR,ERR,ERR,ERR,ERR,ERR,ERR,ERR,ERR,ERR,ERR,ERR,ERR,ERR,ERR,ERR,ERR,ERR,ERR,ERR,ERR,ERR,ERR,ERR,ERR,ERR,ERR,ERR,ERR,ERR,ERR,ERR,ERR,ERR,ERR,ERR,ERR,ERR,ERR,ERR,ERR,ERR,ERR,ERR,ERR,ERR,ERR,ERR,ERR,ERR,ERR,ERR,ERR,ERR,ERR,ERR,ERR,ERR,ERR,ERR,ERR,ERR,ERR,ERR,ERR,ERR,ERR,ERR,ERR,ERR,ERR,ERR,ERR,ERR,ERR,ERR,ERR,ERR,ERR,ERR,ERR,ERR,ERR,ERR,ERR,ERR,ERR,ERR,ERR,ERR,ERR,ERR,ERR,ERR,ERR,ERR,ERR,ERR,ERR,ERR,ERR,ERR,ERR,ERR,ERR,ERR,ERR,ERR,ERR,ERR,ERR,ERR,ERR,ERR,ERR,ERR,ERR,-0.0,-107616344.0,0.0,-0.0,-1.8487030179751264e+19,-0.0,-5.383973863266714e+16,-5954966787194880.0,4300,0,8,17172,4300,-0.0,41,0.0,0.0,-0.0,0.0,0.0,0,0,0,0,0.0,0,0,0,0,0,0,0,0,0,0,0,0,0,0,0,0,0,0,0,0,0,0,0,0,0,0,0,0,0,0,0,0,0,9,36,36,45,65476,375,65476,1,0,4,21553,0.0,2.7183305813883192e+23,-2.7699901440756128e+20,0.0,0.0,0.0,0.0,0.0,0.0,0.0,0.0,0.0,0.0,0.0,0.0,0.0,0.0,0.0,0.0,0.0,0.0,2.004,-0.0,-2.004,-2.004,2.004,0.0,0.0,0.0,0.0,6569.0,0.0,0.0,-0.0,-107616344.0,0.0,-0.0,0.0,0.0,2.004,2.004,225,126840545280.0,71.63,0.0,0.0,0.0,0.0,0.0,0.0,0.0,0,0,0,-26.533,-46776881152.0,1.7875885799342577e+22,11152.495,1.0220215639853966e+25,-0.0,0.0,-0.0,0.0,-8.569181310025728e+17,-0.0,3044.385,0.0,0.0,0.0,-7.053116668826652e+37,0,1.3516416376850534e+27,225,0.0,450,-74360974999552.0,4.538271724008914e+24,2114,26215,17110,13107,17112,13107,17095,0,0,0,101,100,100,-0.0,63.4,-0.0,63.95,-107615216.0,63.75,1,49,50,180,13107,13107,0,0,0.0,0.0,0.0,60.0,-2.4203658566595287e+27,70.5,0.0,-4.990607288302903e+28,0.0,1071,0,1071,0,0,0,1072,0,1081,0,996,0,638,0,639,0,634,0,676,0.032,6.198106008766409e+21,0.0,0.0,21136,16813,-1.9816722557613335e+34,-3.5109013145709155e+30,0.0,0.0,0.0,-12140552.0,50.0,60.0,35,0.0,0.0,10.0,2.0,0.0,0.0,0.0,0.0,0.0,0.0,0.0,0.0,0.0,0.0,0.0,0.0,58.8,23,37,4,27,65476,440,65476,1,0,4,20529,65476,0,0,30147,60.0,0.0,10.0,10.0,2.0,0.0
2026-02-16T12:04:31,ERR,ERR,ERR,ERR,ERR,ERR,ERR,ERR,ERR,ERR,ERR,ERR,ERR,ERR,ERR,ERR,ERR,ERR,ERR,ERR,ERR,ERR,ERR,ERR,ERR,ERR,ERR,ERR,ERR,ERR,ERR,ERR,ERR,ERR,ERR,ERR,ERR,ERR,ERR,ERR,ERR,ERR,ERR,ERR,ERR,ERR,ERR,ERR,ERR,ERR,ERR,ERR,ERR,ERR,ERR,ERR,ERR,ERR,ERR,ERR,ERR,ERR,ERR,ERR,ERR,ERR,ERR,ERR,ERR,ERR,ERR,ERR,ERR,ERR,ERR,ERR,ERR,ERR,ERR,ERR,ERR,ERR,ERR,ERR,ERR,ERR,ERR,ERR,ERR,ERR,ERR,ERR,ERR,ERR,ERR,ERR,ERR,ERR,ERR,ERR,ERR,ERR,ERR,ERR,ERR,ERR,ERR,ERR,ERR,ERR,ERR,ERR,ERR,ERR,ERR,ERR,ERR,ERR,ERR,ERR,ERR,ERR,ERR,ERR,ERR,-0.0,-107616344.0,0.0,-0.0,-1.8487030179751264e+19,-0.0,-5.383973863266714e+16,-5954966787194880.0,4300,0,8,17172,4300,-0.0,41,0.0,0.0,-0.0,0.0,0.0,0,0,0,0,0.0,0,0,0,0,0,0,0,0,0,0,0,0,0,0,0,0,0,0,0,0,0,0,0,0,0,0,0,0,0,0,0,0,0,9,36,36,45,65476,375,65476,1,0,4,21553,0.0,2.7183305813883192e+23,-2.7699901440756128e+20,0.0,0.0,0.0,0.0,0.0,0.0,0.0,0.0,0.0,0.0,0.0,0.0,0.0,0.0,0.0,0.0,0.0,0.0,2.004,-0.0,-2.004,-2.004,2.004,0.0,0.0,0.0,0.0,6569.0,0.0,0.0,-0.0,-107616344.0,0.0,-0.0,0.0,0.0,2.004,2.004,225,126840545280.0,71.63,0.0,0.0,0.0,0.0,0.0,0.0,0.0,0,0,0,-26.533,-46776881152.0,1.7875885799342577e+22,11152.495,1.0220215639853966e+25,-0.0,0.0,-0.0,0.0,-8.569181310025728e+17,-0.0,3044.385,0.0,0.0,0.0,-7.053116668826652e+37,0,1.3516416376850534e+27,225,0.0,450,-74360974999552.0,4.538271724008914e+24,2114,26215,17110,13107,17112,13107,17095,0,0,0,101,100,100,-0.0,63.4,-0.0,63.95,-107615216.0,63.75,1,49,50,180,13107,13107,0,0,0.0,0.0,0.0,60.0,-2.4203658566595287e+27,70.5,0.0,-4.990607288302903e+28,0.0,1071,0,1071,0,0,0,1072,0,1081,0,996,0,638,0,639,0,634,0,676,0.032,6.198106008766409e+21,0.0,0.0,21136,16813,-1.9816722557613335e+34,-3.5109013145709155e+30,0.0,0.0,0.0,-12140552.0,50.0,60.0,35,0.0,0.0,10.0,2.0,0.0,0.0,0.0,0.0,0.0,0.0,0.0,0.0,0.0,0.0,0.0,0.0,58.8,23,37,4,27,65476,440,65476,1,0,4,20529,65476,0,0,30147,60.0,0.0,10.0,10.0,2.0,0.0
2026-02-16T12:04:32,ERR,ERR,ERR,ERR,ERR,ERR,ERR,ERR,ERR,ERR,ERR,ERR,ERR,ERR,ERR,ERR,ERR,ERR,ERR,ERR,ERR,ERR,ERR,ERR,ERR,ERR,ERR,ERR,ERR,ERR,ERR,ERR,ERR,ERR,ERR,ERR,ERR,ERR,ERR,ERR,ERR,ERR,ERR,ERR,ERR,ERR,ERR,ERR,ERR,ERR,ERR,ERR,ERR,ERR,ERR,ERR,ERR,ERR,ERR,ERR,ERR,ERR,ERR,ERR,ERR,ERR,ERR,ERR,ERR,ERR,ERR,ERR,ERR,ERR,ERR,ERR,ERR,ERR,ERR,ERR,ERR,ERR,ERR,ERR,ERR,ERR,ERR,ERR,ERR,ERR,ERR,ERR,ERR,ERR,ERR,ERR,ERR,ERR,ERR,ERR,ERR,ERR,ERR,ERR,ERR,ERR,ERR,ERR,ERR,ERR,ERR,ERR,ERR,ERR,ERR,ERR,ERR,ERR,ERR,ERR,ERR,ERR,ERR,ERR,ERR,-0.0,-107616344.0,0.0,-0.0,-1.8487030179751264e+19,-0.0,-5.383973863266714e+16,-5954966787194880.0,4300,0,8,17172,4300,-0.0,41,0.0,0.0,-0.0,0.0,0.0,0,0,0,0,0.0,0,0,0,0,0,0,0,0,0,0,0,0,0,0,0,0,0,0,0,0,0,0,0,0,0,0,0,0,0,0,0,0,0,9,36,36,45,65476,375,65476,1,0,4,21553,0.0,2.7183305813883192e+23,-2.7699901440756128e+20,0.0,0.0,0.0,0.0,0.0,0.0,0.0,0.0,0.0,0.0,0.0,0.0,0.0,0.0,0.0,0.0,0.0,0.0,2.004,-0.0,-2.004,-2.004,2.004,0.0,0.0,0.0,0.0,6569.0,0.0,0.0,-0.0,-107616344.0,0.0,-0.0,0.0,0.0,2.004,2.004,225,126840545280.0,71.63,0.0,0.0,0.0,0.0,0.0,0.0,0.0,0,0,0,-26.533,-46776881152.0,1.7875885799342577e+22,11152.495,1.0220215639853966e+25,-0.0,0.0,-0.0,0.0,-8.569181310025728e+17,-0.0,3044.385,0.0,0.0,0.0,-7.053116668826652e+37,0,1.3516416376850534e+27,225,0.0,450,-74360974999552.0,4.538271724008914e+24,2114,26215,17110,13107,17112,13107,17095,0,0,0,101,100,100,-0.0,63.4,-0.0,63.95,-107615216.0,63.75,1,49,50,180,13107,13107,0,0,0.0,0.0,0.0,60.0,-2.4203658566595287e+27,70.5,0.0,-4.990607288302903e+28,0.0,1071,0,1071,0,0,0,1072,0,1081,0,996,0,638,0,639,0,634,0,676,0.032,6.198106008766409e+21,0.0,0.0,21136,16813,-1.9816722557613335e+34,-3.5109013145709155e+30,0.0,0.0,0.0,-12140552.0,50.0,60.0,35,0.0,0.0,10.0,2.0,0.0,0.0,0.0,0.0,0.0,0.0,0.0,0.0,0.0,0.0,0.0,0.0,59.2,24,36,3,27,65476,440,65476,1,0,4,20529,65476,0,0,30147,60.0,0.0,10.0,10.0,2.0,0.0
2026-02-16T12:04:33,ERR,ERR,ERR,ERR,ERR,ERR,ERR,ERR,ERR,ERR,ERR,ERR,ERR,ERR,ERR,ERR,ERR,ERR,ERR,ERR,ERR,ERR,ERR,ERR,ERR,ERR,ERR,ERR,ERR,ERR,ERR,ERR,ERR,ERR,ERR,ERR,ERR,ERR,ERR,ERR,ERR,ERR,ERR,ERR,ERR,ERR,ERR,ERR,ERR,ERR,ERR,ERR,ERR,ERR,ERR,ERR,ERR,ERR,ERR,ERR,ERR,ERR,ERR,ERR,ERR,ERR,ERR,ERR,ERR,ERR,ERR,ERR,ERR,ERR,ERR,ERR,ERR,ERR,ERR,ERR,ERR,ERR,ERR,ERR,ERR,ERR,ERR,ERR,ERR,ERR,ERR,ERR,ERR,ERR,ERR,ERR,ERR,ERR,ERR,ERR,ERR,ERR,ERR,ERR,ERR,ERR,ERR,ERR,ERR,ERR,ERR,ERR,ERR,ERR,ERR,ERR,ERR,ERR,ERR,ERR,ERR,ERR,ERR,ERR,ERR,-0.0,-107616344.0,0.0,-0.0,-1.8487030179751264e+19,-0.0,-5.383973863266714e+16,-5954966787194880.0,4300,0,8,17172,4300,-0.0,41,0.0,0.0,-0.0,0.0,0.0,0,0,0,0,0.0,0,0,0,0,0,0,0,0,0,0,0,0,0,0,0,0,0,0,0,0,0,0,0,0,0,0,0,0,0,0,0,0,0,9,36,36,45,65476,375,65476,1,0,4,21553,0.0,2.7183305813883192e+23,-2.7699901440756128e+20,0.0,0.0,0.0,0.0,0.0,0.0,0.0,0.0,0.0,0.0,0.0,0.0,0.0,0.0,0.0,0.0,0.0,0.0,2.004,-0.0,-2.004,-2.004,2.004,0.0,0.0,0.0,0.0,6569.0,0.0,0.0,-0.0,-107616344.0,0.0,-0.0,0.0,0.0,2.004,2.004,225,126840545280.0,71.63,0.0,0.0,0.0,0.0,0.0,0.0,0.0,0,0,0,-26.533,-46776881152.0,1.7875885799342577e+22,11152.495,1.0220215639853966e+25,-0.0,0.0,-0.0,0.0,-8.569181310025728e+17,-0.0,3044.385,0.0,0.0,0.0,-7.053116668826652e+37,0,1.3516416376850534e+27,225,0.0,450,-74360974999552.0,4.538271724008914e+24,2114,26215,17110,13107,17112,13107,17095,0,0,0,101,100,100,-0.0,63.4,-0.0,63.8,0.0,63.5,1,49,50,180,0,13107,0,0,0.0,0.0,0.0,60.0,-3.4867347953506727e+27,70.5,0.0,0.0,0.0,1070,0,1071,0,0,0,1072,0,1081,0,996,0,637,0,639,0,634,0,676,0.032,6.198106008766409e+21,0.0,0.0,1168,16813,-3.1287637750746835e+33,0.0,1582700036096.0,-1.1023991331950867e+23,0.0,-5.3322647735564344e+20,50.0,60.0,35,0.0,0.0,10.0,2.0,0.0,0.0,0.0,0.0,0.0,0.0,0.0,0.0,0.0,0.0,0.0,0.0,58.8,25,35,2,27,65476,484,65476,1,0,4,20529,65476,0,0,30147,60.0,0.0,10.0,10.0,2.0,0.0
2026-02-16T12:04:34,ERR,ERR,ERR,ERR,ERR,ERR,ERR,ERR,ERR,ERR,ERR,ERR,ERR,ERR,ERR,ERR,ERR,ERR,ERR,ERR,ERR,ERR,ERR,ERR,ERR,ERR,ERR,ERR,ERR,ERR,ERR,ERR,ERR,ERR,ERR,ERR,ERR,ERR,ERR,ERR,ERR,ERR,ERR,ERR,ERR,ERR,ERR,ERR,ERR,ERR,ERR,ERR,ERR,ERR,ERR,ERR,ERR,ERR,ERR,ERR,ERR,ERR,ERR,ERR,ERR,ERR,ERR,ERR,ERR,ERR,ERR,ERR,ERR,ERR,ERR,ERR,ERR,ERR,ERR,ERR,ERR,ERR,ERR,ERR,ERR,ERR,ERR,ERR,ERR,ERR,ERR,ERR,ERR,ERR,ERR,ERR,ERR,ERR,ERR,ERR,ERR,ERR,ERR,ERR,ERR,ERR,ERR,ERR,ERR,ERR,ERR,ERR,ERR,ERR,ERR,ERR,ERR,ERR,ERR,ERR,ERR,ERR,ERR,ERR,ERR,-0.0,-107616344.0,0.0,-0.0,-1.8487030179751264e+19,-0.0,-0.066,-5.615468548677345e+26,4300,0,8,17172,4300,-0.0,41,0.0,0.0,-0.0,0.0,0.0,0,0,0,0,0.0,0,0,0,0,0,0,0,0,0,0,0,0,0,0,0,0,0,0,0,0,0,0,0,0,0,0,0,0,0,0,0,0,0,9,36,36,45,65476,374,65476,1,0,4,21553,0.0,2.7183305813883192e+23,0.0,0.0,0.0,0.0,0.0,0.0,0.0,0.0,0.0,0.0,0.0,0.0,0.0,0.0,0.0,0.0,0.0,0.0,0.0,2.004,-0.0,-2.004,-2.004,0.0,0.0,0.0,0.0,0.0,6536.0,3.697207244247951e+19,0.0,-0.0,-107616344.0,0.0,-0.0,0.0,0.0,2.004,2.004,226,2.71841759093312e+23,-0.0,0.0,0.0,0.0,0.0,0.0,0.0,0.0,0,0,0,-3320240144384.0,-446967884808192.0,9.79765430247007e+27,2.197508570302802e+37,166999808.0,0.0,0.0,-0.0,0.0,-9.064577269036483e+17,-0.0,3252.385,0.0,0.0,0.0,0.0,0,1.3516416376850534e+27,226,0.0,452,0.0,-0.0,2114,26215,17110,13107,17112,13107,17095,0,0,0,101,100,100,-0.0,63.4,-0.0,63.8,0.0,63.5,1,49,50,180,0,13107,0,0,0.0,0.0,0.0,60.0,-3.4867347953506727e+27,70.5,0.0,0.0,0.0,1070,0,1071,0,0,0,1072,0,1081,0,996,0,637,0,639,0,634,0,676,0.032,6.198106008766409e+21,0.0,0.0,1168,16813,-3.1287637750746835e+33,0.0,1582700036096.0,-1.1023991331950867e+23,0.0,-5.3322647735564344e+20,50.0,60.0,35,0.0,0.0,10.0,2.0,0.0,0.0,0.0,0.0,0.0,0.0,0.0,0.0,0.0,0.0,0.0,0.0,58.8,25,35,2,27,65476,484,65476,1,0,4,20529,65476,0,0,30147,60.0,0.0,10.0,10.0,2.0,0.0
2026-02-16T12:04:35,ERR,ERR,ERR,ERR,ERR,ERR,ERR,ERR,ERR,ERR,ERR,ERR,ERR,ERR,ERR,ERR,ERR,ERR,ERR,ERR,ERR,ERR,ERR,ERR,ERR,ERR,ERR,ERR,ERR,ERR,ERR,ERR,ERR,ERR,ERR,ERR,ERR,ERR,ERR,ERR,ERR,ERR,ERR,ERR,ERR,ERR,ERR,ERR,ERR,ERR,ERR,ERR,ERR,ERR,ERR,ERR,ERR,ERR,ERR,ERR,ERR,ERR,ERR,ERR,ERR,ERR,ERR,ERR,ERR,ERR,ERR,ERR,ERR,ERR,ERR,ERR,ERR,ERR,ERR,ERR,ERR,ERR,ERR,ERR,ERR,ERR,ERR,ERR,ERR,ERR,ERR,ERR,ERR,ERR,ERR,ERR,ERR,ERR,ERR,ERR,ERR,ERR,ERR,ERR,ERR,ERR,ERR,ERR,ERR,ERR,ERR,ERR,ERR,ERR,ERR,ERR,ERR,ERR,ERR,ERR,ERR,ERR,ERR,ERR,ERR,-0.0,-107616344.0,0.0,-0.0,-1.8487030179751264e+19,-0.0,-0.066,-5.615468548677345e+26,4300,0,8,17172,4300,-0.0,41,0.0,0.0,-0.0,0.0,0.0,0,0,0,0,0.0,0,0,0,0,0,0,0,0,0,0,0,0,0,0,0,0,0,0,0,0,0,0,0,0,0,0,0,0,0,0,0,0,0,9,36,36,45,65476,374,65476,1,0,4,21553,0.0,2.7183305813883192e+23,0.0,0.0,0.0,0.0,0.0,0.0,0.0,0.0,0.0,0.0,0.0,0.0,0.0,0.0,0.0,0.0,0.0,0.0,0.0,2.004,-0.0,-2.004,-2.004,0.0,0.0,0.0,0.0,0.0,6536.0,3.697207244247951e+19,0.0,-0.0,-107616344.0,0.0,-0.0,0.0,0.0,2.004,2.004,226,2.71841759093312e+23,-0.0,0.0,0.0,0.0,0.0,0.0,0.0,0.0,0,0,0,-3320240144384.0,-446967884808192.0,9.79765430247007e+27,2.197508570302802e+37,166999808.0,0.0,0.0,-0.0,0.0,-9.064577269036483e+17,-0.0,3252.385,0.0,0.0,0.0,0.0,0,1.3516416376850534e+27,226,0.0,452,0.0,-0.0,2114,26215,17110,13107,17112,13107,17095,0,0,0,101,100,100,-0.0,63.4,-0.0,63.8,0.0,63.5,1,49,50,180,0,13107,0,0,0.0,0.0,0.0,60.0,-3.4867347953506727e+27,70.5,0.0,0.0,0.0,1070,0,1071,0,0,0,1072,0,1081,0,996,0,637,0,639,0,634,0,676,0.032,6.198106008766409e+21,0.0,0.0,1168,16813,-3.1287637750746835e+33,0.0,1582700036096.0,-1.1023991331950867e+23,0.0,-5.3322647735564344e+20,50.0,60.0,35,0.0,0.0,10.0,2.0,0.0,0.0,0.0,0.0,0.0,0.0,0.0,0.0,0.0,0.0,0.0,0.0,58.8,27,33,0,27,65476,484,65476,1,0,4,20529,65476,0,0,30147,60.0,0.0,10.0,10.0,2.0,0.0
2026-02-16T12:04:36,ERR,ERR,ERR,ERR,ERR,ERR,ERR,ERR,ERR,ERR,ERR,ERR,ERR,ERR,ERR,ERR,ERR,ERR,ERR,ERR,ERR,ERR,ERR,ERR,ERR,ERR,ERR,ERR,ERR,ERR,ERR,ERR,ERR,ERR,ERR,ERR,ERR,ERR,ERR,ERR,ERR,ERR,ERR,ERR,ERR,ERR,ERR,ERR,ERR,ERR,ERR,ERR,ERR,ERR,ERR,ERR,ERR,ERR,ERR,ERR,ERR,ERR,ERR,ERR,ERR,ERR,ERR,ERR,ERR,ERR,ERR,ERR,ERR,ERR,ERR,ERR,ERR,ERR,ERR,ERR,ERR,ERR,ERR,ERR,ERR,ERR,ERR,ERR,ERR,ERR,ERR,ERR,ERR,ERR,ERR,ERR,ERR,ERR,ERR,ERR,ERR,ERR,ERR,ERR,ERR,ERR,ERR,ERR,ERR,ERR,ERR,ERR,ERR,ERR,ERR,ERR,ERR,ERR,ERR,ERR,ERR,ERR,ERR,ERR,ERR,-0.0,-107616344.0,0.0,-0.0,-1.8487030179751264e+19,-0.0,-0.066,-5.615468548677345e+26,4300,0,8,17172,4300,-0.0,41,0.0,0.0,-0.0,0.0,0.0,0,0,0,0,0.0,0,0,0,0,0,0,0,0,0,0,0,0,0,0,0,0,0,0,0,0,0,0,0,0,0,0,0,0,0,0,0,0,0,9,36,36,45,65476,374,65476,1,0,4,21553,0.0,2.7183305813883192e+23,0.0,0.0,0.0,0.0,0.0,0.0,0.0,0.0,0.0,0.0,0.0,0.0,0.0,0.0,0.0,0.0,0.0,0.0,0.0,2.004,-0.0,-2.004,-2.004,0.0,0.0,0.0,0.0,0.0,6536.0,3.697207244247951e+19,0.0,-0.0,-107616344.0,0.0,-0.0,0.0,0.0,2.004,2.004,226,2.71841759093312e+23,-0.0,0.0,0.0,0.0,0.0,0.0,0.0,0.0,0,0,0,-3320240144384.0,-446967884808192.0,9.79765430247007e+27,2.197508570302802e+37,166999808.0,0.0,0.0,-0.0,0.0,-9.064577269036483e+17,-0.0,3252.385,0.0,0.0,0.0,0.0,0,1.3516416376850534e+27,226,0.0,452,0.0,-0.0,2114,26215,17110,13107,17112,13107,17095,0,0,0,101,100,100,-0.0,63.4,-0.0,63.95,-107615216.0,63.5,1,49,50,180,0,13107,0,0,0.0,0.0,0.0,60.0,-1.2637805565901679e+25,70.5,0.0,-0.001,0.0,1070,0,1071,0,0,0,1072,0,1081,0,996,0,638,0,639,0,634,0,676,0.032,6.16121252061899e+21,0.0,0.0,17296,16813,-1.2637805565901679e+25,-0.001,-0.0,0.0,-0.0,0.0,50.0,60.0,35,0.0,0.0,10.0,2.0,0.0,0.0,0.0,0.0,0.0,0.0,0.0,0.0,0.0,0.0,0.0,0.0,58.8,27,33,0,27,65476,484,65476,1,0,4,20529,65476,0,0,30147,60.0,0.0,10.0,10.0,2.0,0.0
2026-02-16T12:04:37,ERR,ERR,ERR,ERR,ERR,ERR,ERR,ERR,ERR,ERR,ERR,ERR,ERR,ERR,ERR,ERR,ERR,ERR,ERR,ERR,ERR,ERR,ERR,ERR,ERR,ERR,ERR,ERR,ERR,ERR,ERR,ERR,ERR,ERR,ERR,ERR,ERR,ERR,ERR,ERR,ERR,ERR,ERR,ERR,ERR,ERR,ERR,ERR,ERR,ERR,ERR,ERR,ERR,ERR,ERR,ERR,ERR,ERR,ERR,ERR,ERR,ERR,ERR,ERR,ERR,ERR,ERR,ERR,ERR,ERR,ERR,ERR,ERR,ERR,ERR,ERR,ERR,ERR,ERR,ERR,ERR,ERR,ERR,ERR,ERR,ERR,ERR,ERR,ERR,ERR,ERR,ERR,ERR,ERR,ERR,ERR,ERR,ERR,ERR,ERR,ERR,ERR,ERR,ERR,ERR,ERR,ERR,ERR,ERR,ERR,ERR,ERR,ERR,ERR,ERR,ERR,ERR,ERR,ERR,ERR,ERR,ERR,ERR,ERR,ERR,-0.0,-107616344.0,0.0,-0.0,-1.8487030179751264e+19,-0.0,-0.066,-5.615468548677345e+26,4300,0,8,17172,4300,-0.0,41,0.0,0.0,-0.0,0.0,0.0,0,0,0,0,0.0,0,0,0,0,0,0,0,0,0,0,0,0,0,0,0,0,0,0,0,0,0,0,0,0,0,0,0,0,0,0,0,0,0,9,36,36,45,65476,374,65476,1,0,4,21553,0.0,2.7183305813883192e+23,0.0,0.0,0.0,0.0,0.0,0.0,0.0,0.0,0.0,0.0,0.0,0.0,0.0,0.0,0.0,0.0,0.0,0.0,0.0,2.004,-0.0,-2.004,-2.004,0.0,0.0,0.0,0.0,0.0,6536.0,3.697207244247951e+19,0.0,-0.0,-107616344.0,0.0,-0.0,0.0,0.0,2.004,2.004,226,2.71841759093312e+23,-0.0,0.0,0.0,0.0,0.0,0.0,0.0,0.0,0,0,0,-3320240144384.0,-446967884808192.0,9.79765430247007e+27,2.197508570302802e+37,166999808.0,0.0,0.0,-0.0,0.0,-9.064577269036483e+17,-0.0,3252.385,0.0,0.0,0.0,0.0,0,1.3516416376850534e+27,226,0.0,452,0.0,-0.0,2114,26215,17110,13107,17112,13107,17095,0,0,0,101,100,100,-0.0,63.4,-0.0,63.95,-107615216.0,63.5,1,49,50,180,0,13107,0,0,0.0,0.0,0.0,60.0,-1.2637805565901679e+25,70.5,0.0,-0.001,0.0,1070,0,1071,0,0,0,1072,0,1081,0,996,0,638,0,639,0,634,0,676,0.032,6.16121252061899e+21,0.0,0.0,17296,16813,-1.2637805565901679e+25,-0.001,-0.0,0.0,-0.0,0.0,50.0,60.0,35,0.0,0.0,10.0,2.0,0.0,0.0,0.0,0.0,0.0,0.0,0.0,0.0,0.0,0.0,0.0,0.0,59.2,28,32,65535,27,65476,545,65476,1,0,4,20529,65476,0,0,30147,60.0,0.0,10.0,10.0,2.0,0.0
2026-02-16T12:04:38,ERR,ERR,ERR,ERR,ERR,ERR,ERR,ERR,ERR,ERR,ERR,ERR,ERR,ERR,ERR,ERR,ERR,ERR,ERR,ERR,ERR,ERR,ERR,ERR,ERR,ERR,ERR,ERR,ERR,ERR,ERR,ERR,ERR,ERR,ERR,ERR,ERR,ERR,ERR,ERR,ERR,ERR,ERR,ERR,ERR,ERR,ERR,ERR,ERR,ERR,ERR,ERR,ERR,ERR,ERR,ERR,ERR,ERR,ERR,ERR,ERR,ERR,ERR,ERR,ERR,ERR,ERR,ERR,ERR,ERR,ERR,ERR,ERR,ERR,ERR,ERR,ERR,ERR,ERR,ERR,ERR,ERR,ERR,ERR,ERR,ERR,ERR,ERR,ERR,ERR,ERR,ERR,ERR,ERR,ERR,ERR,ERR,ERR,ERR,ERR,ERR,ERR,ERR,ERR,ERR,ERR,ERR,ERR,ERR,ERR,ERR,ERR,ERR,ERR,ERR,ERR,ERR,ERR,ERR,ERR,ERR,ERR,ERR,ERR,ERR,-0.0,-107616344.0,0.0,-0.0,-1.8487030179751264e+19,-0.0,-0.066,-5.615468548677345e+26,4300,0,8,17172,4300,-0.0,41,0.0,0.0,-0.0,0.0,0.0,0,0,0,0,0.0,0,0,0,0,0,0,0,0,0,0,0,0,0,0,0,0,0,0,0,0,0,0,0,0,0,0,0,0,0,0,0,0,0,9,36,36,45,65476,374,65476,1,0,4,21553,0.0,2.7183305813883192e+23,0.0,0.0,0.0,0.0,0.0,0.0,0.0,0.0,0.0,0.0,0.0,0.0,0.0,0.0,0.0,0.0,0.0,0.0,0.0,2.004,-0.0,-2.004,-2.004,0.0,0.0,0.0,0.0,0.0,6536.0,3.697207244247951e+19,0.0,-0.0,-107616344.0,0.0,-0.0,0.0,0.0,2.004,2.004,226,2.71841759093312e+23,-0.0,0.0,0.0,0.0,0.0,0.0,0.0,0.0,0,0,0,-3320240144384.0,-446967884808192.0,9.79765430247007e+27,2.197508570302802e+37,166999808.0,0.0,0.0,-0.0,0.0,-9.064577269036483e+17,-0.0,3252.385,0.0,0.0,0.0,0.0,0,1.3516416376850534e+27,226,0.0,452,0.0,-0.0,2114,26215,17110,13107,17112,13107,17095,0,0,0,101,100,100,-0.0,63.4,-0.0,63.95,-107615216.0,63.5,1,49,50,180,0,13107,0,0,0.0,0.0,0.0,60.0,-1.2637805565901679e+25,70.5,0.0,-0.001,0.0,1070,0,1071,0,0,0,1072,0,1081,0,996,0,638,0,639,0,634,0,676,0.032,6.16121252061899e+21,0.0,0.0,17296,16813,-1.2637805565901679e+25,-0.001,-0.0,0.0,-0.0,0.0,50.0,60.0,35,0.0,0.0,10.0,2.0,0.0,0.0,0.0,0.0,0.0,0.0,0.0,0.0,0.0,0.0,0.0,0.0,58.8,29,31,65534,27,65476,545,65476,1,0,4,20529,65476,0,0,30147,60.0,0.0,10.0,10.0,2.0,0.0
2026-02-16T12:04:39,ERR,ERR,ERR,ERR,ERR,ERR,ERR,ERR,ERR,ERR,ERR,ERR,ERR,ERR,ERR,ERR,ERR,ERR,ERR,ERR,ERR,ERR,ERR,ERR,ERR,ERR,ERR,ERR,ERR,ERR,ERR,ERR,ERR,ERR,ERR,ERR,ERR,ERR,ERR,ERR,ERR,ERR,ERR,ERR,ERR,ERR,ERR,ERR,ERR,ERR,ERR,ERR,ERR,ERR,ERR,ERR,ERR,ERR,ERR,ERR,ERR,ERR,ERR,ERR,ERR,ERR,ERR,ERR,ERR,ERR,ERR,ERR,ERR,ERR,ERR,ERR,ERR,ERR,ERR,ERR,ERR,ERR,ERR,ERR,ERR,ERR,ERR,ERR,ERR,ERR,ERR,ERR,ERR,ERR,ERR,ERR,ERR,ERR,ERR,ERR,ERR,ERR,ERR,ERR,ERR,ERR,ERR,ERR,ERR,ERR,ERR,ERR,ERR,ERR,ERR,ERR,ERR,ERR,ERR,ERR,ERR,ERR,ERR,ERR,ERR,-0.0,-107616344.0,0.0,-107611232.0,0.125,8.458559273356493e+16,-0.0,-0.0,4300,0,8,17172,4300,-0.0,41,0.0,0.0,-107611232.0,0.0,0.0,0,0,0,0,0.0,0,0,0,0,0,0,0,0,0,0,0,0,0,0,0,0,0,0,0,0,0,0,0,0,0,0,0,0,0,0,0,0,0,9,36,36,45,65476,375,65476,1,0,4,21553,0.0,-0.0,-0.0,0.0,0.0,0.0,0.0,0.0,0.0,0.0,0.0,0.0,0.0,0.0,0.0,0.0,0.0,0.0,0.0,0.0,0.0,2.004,-0.0,-2.004,-2.004,0.0,0.0,0.0,0.0,0.0,6500.0,-0.0,0.0,-0.0,-107616344.0,0.0,-0.0,-0.0,0.0,2.004,2.004,226,0.0,107615248.0,0.0,0.0,0.0,0.0,0.0,0.0,0.0,0,0,0,-1.14960420930637e+18,-0.0,-0.0,-1.2568292360821146e+17,1.518107086823796e+29,-3.89896617741422e+26,-7611143.5,0.0,-0.0,-9.695081216868352e+17,-0.0,3444.385,0.0,0.0,0.0,0.0,0,1.3516416376850534e+27,226,0.0,452,0.0,-0.0,2114,26215,17110,13107,17112,13107,17095,0,0,0,101,100,100,-0.0,63.4,-0.0,63.95,-107615216.0,63.5,1,49,50,180,0,13107,0,0,0.0,0.0,0.0,60.0,-1.2637805565901679e+25,70.5,0.0,-0.001,0.0,1070,0,1071,0,0,0,1072,0,1081,0,996,0,638,0,639,0,634,0,676,0.032,6.16121252061899e+21,0.0,0.0,17296,16813,-1.2637805565901679e+25,-0.001,-0.0,0.0,-0.0,0.0,50.0,60.0,35,0.0,0.0,10.0,2.0,0.0,0.0,0.0,0.0,0.0,0.0,0.0,0.0,0.0,0.0,0.0,0.0,58.8,29,31,65534,27,65476,545,65476,1,0,4,20529,65476,0,0,30147,60.0,0.0,10.0,10.0,2.0,0.0
2026-02-16T12:04:40,ERR,ERR,ERR,ERR,ERR,ERR,ERR,ERR,ERR,ERR,ERR,ERR,ERR,ERR,ERR,ERR,ERR,ERR,ERR,ERR,ERR,ERR,ERR,ERR,ERR,ERR,ERR,ERR,ERR,ERR,ERR,ERR,ERR,ERR,ERR,ERR,ERR,ERR,ERR,ERR,ERR,ERR,ERR,ERR,ERR,ERR,ERR,ERR,ERR,ERR,ERR,ERR,ERR,ERR,ERR,ERR,ERR,ERR,ERR,ERR,ERR,ERR,ERR,ERR,ERR,ERR,ERR,ERR,ERR,ERR,ERR,ERR,ERR,ERR,ERR,ERR,ERR,ERR,ERR,ERR,ERR,ERR,ERR,ERR,ERR,ERR,ERR,ERR,ERR,ERR,ERR,ERR,ERR,ERR,ERR,ERR,ERR,ERR,ERR,ERR,ERR,ERR,ERR,ERR,ERR,ERR,ERR,ERR,ERR,ERR,ERR,ERR,ERR,ERR,ERR,ERR,ERR,ERR,ERR,ERR,ERR,ERR,ERR,ERR,ERR,-0.0,-107616344.0,0.0,-107611232.0,0.125,8.458559273356493e+16,-0.0,-0.0,4300,0,8,17172,4300,-0.0,41,0.0,0.0,-107611232.0,0.0,0.0,0,0,0,0,0.0,0,0,0,0,0,0,0,0,0,0,0,0,0,0,0,0,0,0,0,0,0,0,0,0,0,0,0,0,0,0,0,0,0,9,36,36,45,65476,375,65476,1,0,4,21553,0.0,-0.0,-0.0,0.0,0.0,0.0,0.0,0.0,0.0,0.0,0.0,0.0,0.0,0.0,0.0,0.0,0.0,0.0,0.0,0.0,0.0,2.004,-0.0,-2.004,-2.004,0.0,0.0,0.0,0.0,0.0,6500.0,-0.0,0.0,-0.0,-107616344.0,0.0,-0.0,-0.0,0.0,2.004,2.004,226,0.0,107615248.0,0.0,0.0,0.0,0.0,0.0,0.0,0.0,0,0,0,-1.14960420930637e+18,-0.0,-0.0,-1.2568292360821146e+17,1.518107086823796e+29,-3.89896617741422e+26,-7611143.5,0.0,-0.0,-9.695081216868352e+17,-0.0,3444.385,0.0,0.0,0.0,0.0,0,1.3516416376850534e+27,226,0.0,452,0.0,-0.0,2114,26215,17110,13107,17112,13107,17095,0,0,0,101,100,100,-0.0,63.4,-0.0,63.8,0.0,63.75,1,49,50,180,0,13107,0,0,0.0,0.0,0.0,60.0,-8.684633855800717e+35,70.5,0.0,-0.0,0.0,1070,0,1071,0,0,0,1072,0,1081,0,996,0,638,0,640,0,634,0,676,0.032,6.16121252061899e+21,0.0,0.0,26256,16813,nan,-1.0672943703361478e+25,0.0,0.0,-3.6802455882086394e+31,2.482568718120621e+35,50.0,60.0,35,0.0,0.0,10.0,2.0,0.0,0.0,0.0,0.0,0.0,0.0,0.0,0.0,0.0,0.0,0.0,0.0,58.8,30,30,65533,27,65476,609,65476,1,0,4,20529,65476,0,0,30147,60.0,0.0,10.0,10.0,2.0,0.0
2026-02-16T12:04:41,ERR,ERR,ERR,ERR,ERR,ERR,ERR,ERR,ERR,ERR,ERR,ERR,ERR,ERR,ERR,ERR,ERR,ERR,ERR,ERR,ERR,ERR,ERR,ERR,ERR,ERR,ERR,ERR,ERR,ERR,ERR,ERR,ERR,ERR,ERR,ERR,ERR,ERR,ERR,ERR,ERR,ERR,ERR,ERR,ERR,ERR,ERR,ERR,ERR,ERR,ERR,ERR,ERR,ERR,ERR,ERR,ERR,ERR,ERR,ERR,ERR,ERR,ERR,ERR,ERR,ERR,ERR,ERR,ERR,ERR,ERR,ERR,ERR,ERR,ERR,ERR,ERR,ERR,ERR,ERR,ERR,ERR,ERR,ERR,ERR,ERR,ERR,ERR,ERR,ERR,ERR,ERR,ERR,ERR,ERR,ERR,ERR,ERR,ERR,ERR,ERR,ERR,ERR,ERR,ERR,ERR,ERR,ERR,ERR,ERR,ERR,ERR,ERR,ERR,ERR,ERR,ERR,ERR,ERR,ERR,ERR,ERR,ERR,ERR,ERR,-0.0,-107616344.0,0.0,-107611232.0,0.125,8.458559273356493e+16,-0.0,-0.0,4300,0,8,17172,4300,-0.0,41,0.0,0.0,-107611232.0,0.0,0.0,0,0,0,0,0.0,0,0,0,0,0,0,0,0,0,0,0,0,0,0,0,0,0,0,0,0,0,0,0,0,0,0,0,0,0,0,0,0,0,9,36,36,45,65476,375,65476,1,0,4,21553,0.0,-0.0,-0.0,0.0,0.0,0.0,0.0,0.0,0.0,0.0,0.0,0.0,0.0,0.0,0.0,0.0,0.0,0.0,0.0,0.0,0.0,2.004,-0.0,-2.004,-2.004,0.0,0.0,0.0,0.0,0.0,6500.0,-0.0,0.0,-0.0,-107616344.0,0.0,-0.0,-0.0,0.0,2.004,2.004,226,0.0,107615248.0,0.0,0.0,0.0,0.0,0.0,0.0,0.0,0,0,0,-1.14960420930637e+18,-0.0,-0.0,-1.2568292360821146e+17,1.518107086823796e+29,-3.89896617741422e+26,-7611143.5,0.0,-0.0,-9.695081216868352e+17,-0.0,3444.385,0.0,0.0,0.0,0.0,0,1.3516416376850534e+27,226,0.0,452,0.0,-0.0,2114,26215,17110,13107,17112,13107,17095,0,0,0,101,100,100,-0.0,63.4,-0.0,63.8,0.0,63.75,1,49,50,180,0,13107,0,0,0.0,0.0,0.0,60.0,-8.684633855800717e+35,70.5,0.0,-0.0,0.0,1070,0,1071,0,0,0,1072,0,1081,0,996,0,638,0,640,0,634,0,676,0.032,6.16121252061899e+21,0.0,0.0,26256,16813,nan,-1.0672943703361478e+25,0.0,0.0,-3.6802455882086394e+31,2.482568718120621e+35,50.0,60.0,35,0.0,0.0,10.0,2.0,0.0,0.0,0.0,0.0,0.0,0.0,0.0,0.0,0.0,0.0,0.0,0.0,58.8,30,30,65533,27,65476,609,65476,1,0,4,20529,65476,0,0,30147,60.0,0.0,10.0,10.0,2.0,0.0
2026-02-16T12:04:42,ERR,ERR,ERR,ERR,ERR,ERR,ERR,ERR,ERR,ERR,ERR,ERR,ERR,ERR,ERR,ERR,ERR,ERR,ERR,ERR,ERR,ERR,ERR,ERR,ERR,ERR,ERR,ERR,ERR,ERR,ERR,ERR,ERR,ERR,ERR,ERR,ERR,ERR,ERR,ERR,ERR,ERR,ERR,ERR,ERR,ERR,ERR,ERR,ERR,ERR,ERR,ERR,ERR,ERR,ERR,ERR,ERR,ERR,ERR,ERR,ERR,ERR,ERR,ERR,ERR,ERR,ERR,ERR,ERR,ERR,ERR,ERR,ERR,ERR,ERR,ERR,ERR,ERR,ERR,ERR,ERR,ERR,ERR,ERR,ERR,ERR,ERR,ERR,ERR,ERR,ERR,ERR,ERR,ERR,ERR,ERR,ERR,ERR,ERR,ERR,ERR,ERR,ERR,ERR,ERR,ERR,ERR,ERR,ERR,ERR,ERR,ERR,ERR,ERR,ERR,ERR,ERR,ERR,ERR,ERR,ERR,ERR,ERR,ERR,ERR,-0.0,-107616344.0,0.0,-107611232.0,0.125,8.458559273356493e+16,-0.0,-0.0,4300,0,8,17172,4300,-0.0,41,0.0,0.0,-107611232.0,0.0,0.0,0,0,0,0,0.0,0,0,0,0,0,0,0,0,0,0,0,0,0,0,0,0,0,0,0,0,0,0,0,0,0,0,0,0,0,0,0,0,0,9,36,36,45,65476,375,65476,1,0,4,21553,0.0,-0.0,-0.0,0.0,0.0,0.0,0.0,0.0,0.0,0.0,0.0,0.0,0.0,0.0,0.0,0.0,0.0,0.0,0.0,0.0,0.0,2.004,-0.0,-2.004,-2.004,0.0,0.0,0.0,0.0,0.0,6500.0,-0.0,0.0,-0.0,-107616344.0,0.0,-0.0,-0.0,0.0,2.004,2.004,226,0.0,107615248.0,0.0,0.0,0.0,0.0,0.0,0.0,0.0,0,0,0,-1.14960420930637e+18,-0.0,-0.0,-1.2568292360821146e+17,1.518107086823796e+29,-3.89896617741422e+26,-7611143.5,0.0,-0.0,-9.695081216868352e+17,-0.0,3444.385,0.0,0.0,0.0,0.0,0,1.3516416376850534e+27,226,0.0,452,0.0,-0.0,2114,26215,17110,13107,17112,13107,17095,0,0,0,101,100,100,-0.0,63.4,-0.0,63.8,0.0,63.75,1,49,50,180,0,13107,0,0,0.0,0.0,0.0,60.0,-8.684633855800717e+35,70.5,0.0,-0.0,0.0,1070,0,1071,0,0,0,1072,0,1081,0,996,0,638,0,640,0,634,0,676,0.032,6.16121252061899e+21,0.0,0.0,26256,16813,nan,-1.0672943703361478e+25,0.0,0.0,-3.6802455882086394e+31,2.482568718120621e+35,50.0,60.0,35,0.0,0.0,10.0,2.0,0.0,0.0,0.0,0.0,0.0,0.0,0.0,0.0,0.0,0.0,0.0,0.0,59.2,31,30,65532,27,65476,663,65476,1,0,4,20529,65476,0,0,30147,60.0,0.0,10.0,10.0,2.0,0.0
2026-02-16T12:04:43,ERR,ERR,ERR,ERR,ERR,ERR,ERR,ERR,ERR,ERR,ERR,ERR,ERR,ERR,ERR,ERR,ERR,ERR,ERR,ERR,ERR,ERR,ERR,ERR,ERR,ERR,ERR,ERR,ERR,ERR,ERR,ERR,ERR,ERR,ERR,ERR,ERR,ERR,ERR,ERR,ERR,ERR,ERR,ERR,ERR,ERR,ERR,ERR,ERR,ERR,ERR,ERR,ERR,ERR,ERR,ERR,ERR,ERR,ERR,ERR,ERR,ERR,ERR,ERR,ERR,ERR,ERR,ERR,ERR,ERR,ERR,ERR,ERR,ERR,ERR,ERR,ERR,ERR,ERR,ERR,ERR,ERR,ERR,ERR,ERR,ERR,ERR,ERR,ERR,ERR,ERR,ERR,ERR,ERR,ERR,ERR,ERR,ERR,ERR,ERR,ERR,ERR,ERR,ERR,ERR,ERR,ERR,ERR,ERR,ERR,ERR,ERR,ERR,ERR,ERR,ERR,ERR,ERR,ERR,ERR,ERR,ERR,ERR,ERR,ERR,-0.0,-107616344.0,0.0,-0.0,-1.8487030179751264e+19,0.0,0.0,2964.006,4300,0,8,17172,4300,-0.0,40,0.0,0.0,-107611232.0,0.0,0.0,0,0,0,0,0.0,0,0,0,0,0,0,0,0,0,0,0,0,0,0,0,0,0,0,0,0,0,0,0,0,0,0,0,0,0,0,0,0,0,9,36,36,45,65476,375,65476,1,0,4,21553,0.0,0.0,0.0,0.0,0.0,0.0,0.0,0.0,0.0,0.0,0.0,0.0,0.0,0.0,0.0,0.0,0.0,0.0,0.0,0.0,0.0,2.004,-0.0,-2.004,-2.004,0.0,0.0,0.0,0.0,0.0,6497.0,0.0,0.0,-0.0,-107616344.0,0.0,-0.0,0.0,0.0,2.004,2.004,224,0.0,0.0,0.0,0.0,0.0,0.0,0.0,0.0,0.0,0,0,0,-1.8707697765399396e+20,0.0,1.9271576215439978e+27,-220.258,6.047669546509477e+29,9.462047375413129e+33,-0.0,-1.8475098176487424e+16,468240448.0,-1.0190477175879107e+18,-0.0,3652.385,0.0,0.0,0.0,0.0,0,1.3516416376850534e+27,224,0.0,448,-74360974999552.0,4.538271724008914e+24,2114,26215,17110,13107,17112,13107,17095,0,0,0,101,100,100,-0.0,63.25,0.0,64.4,-107615216.0,63.75,1,49,50,180,0,13107,0,0,0.0,0.0,0.0,60.0,-7.328920803993535e+31,70.5,0.0,-1.4831491182196917e+23,0.0,1070,0,1071,0,0,0,1072,0,1081,0,996,0,638,0,639,0,634,0,676,0.032,6.198106008766409e+21,0.0,0.0,12176,16813,-7.328920803993535e+31,-1.4831491182196917e+23,-6.245354893753019e+23,1.4236673129527758e+30,-120720536.0,1.0729832296963113e+18,50.0,60.0,35,0.0,0.0,10.0,2.0,0.0,0.0,0.0,0.0,0.0,0.0,0.0,0.0,0.0,0.0,0.0,0.0,59.2,31,30,65532,27,65476,663,65476,1,0,4,20529,65476,0,0,30147,60.0,0.0,10.0,10.0,2.0,0.0
2026-02-16T12:04:44,ERR,ERR,ERR,ERR,ERR,ERR,ERR,ERR,ERR,ERR,ERR,ERR,ERR,ERR,ERR,ERR,ERR,ERR,ERR,ERR,ERR,ERR,ERR,ERR,ERR,ERR,ERR,ERR,ERR,ERR,ERR,ERR,ERR,ERR,ERR,ERR,ERR,ERR,ERR,ERR,ERR,ERR,ERR,ERR,ERR,ERR,ERR,ERR,ERR,ERR,ERR,ERR,ERR,ERR,ERR,ERR,ERR,ERR,ERR,ERR,ERR,ERR,ERR,ERR,ERR,ERR,ERR,ERR,ERR,ERR,ERR,ERR,ERR,ERR,ERR,ERR,ERR,ERR,ERR,ERR,ERR,ERR,ERR,ERR,ERR,ERR,ERR,ERR,ERR,ERR,ERR,ERR,ERR,ERR,ERR,ERR,ERR,ERR,ERR,ERR,ERR,ERR,ERR,ERR,ERR,ERR,ERR,ERR,ERR,ERR,ERR,ERR,ERR,ERR,ERR,ERR,ERR,ERR,ERR,ERR,ERR,ERR,ERR,ERR,ERR,-0.0,-107616344.0,0.0,-0.0,-1.8487030179751264e+19,0.0,0.0,2964.006,4300,0,8,17172,4300,-0.0,40,0.0,0.0,-107611232.0,0.0,0.0,0,0,0,0,0.0,0,0,0,0,0,0,0,0,0,0,0,0,0,0,0,0,0,0,0,0,0,0,0,0,0,0,0,0,0,0,0,0,0,9,36,36,45,65476,375,65476,1,0,4,21553,0.0,0.0,0.0,0.0,0.0,0.0,0.0,0.0,0.0,0.0,0.0,0.0,0.0,0.0,0.0,0.0,0.0,0.0,0.0,0.0,0.0,2.004,-0.0,-2.004,-2.004,0.0,0.0,0.0,0.0,0.0,6497.0,0.0,0.0,-0.0,-107616344.0,0.0,-0.0,0.0,0.0,2.004,2.004,224,0.0,0.0,0.0,0.0,0.0,0.0,0.0,0.0,0.0,0,0,0,-1.8707697765399396e+20,0.0,1.9271576215439978e+27,-220.258,6.047669546509477e+29,9.462047375413129e+33,-0.0,-1.8475098176487424e+16,468240448.0,-1.0190477175879107e+18,-0.0,3652.385,0.0,0.0,0.0,0.0,0,1.3516416376850534e+27,224,0.0,448,-74360974999552.0,4.538271724008914e+24,2114,26215,17110,13107,17112,13107,17095,0,0,0,101,100,100,-0.0,63.25,0.0,64.4,-107615216.0,63.75,1,49,50,180,0,13107,0,0,0.0,0.0,0.0,60.0,-7.328920803993535e+31,70.5,0.0,-1.4831491182196917e+23,0.0,1070,0,1071,0,0,0,1072,0,1081,0,996,0,638,0,639,0,634,0,676,0.032,6.198106008766409e+21,0.0,0.0,12176,16813,-7.328920803993535e+31,-1.4831491182196917e+23,-6.245354893753019e+23,1.4236673129527758e+30,-120720536.0,1.0729832296963113e+18,50.0,60.0,35,0.0,0.0,10.0,2.0,0.0,0.0,0.0,0.0,0.0,0.0,0.0,0.0,0.0,0.0,0.0,0.0,58.8,31,29,65532,27,65476,663,65476,1,0,4,20529,65476,0,0,30147,60.0,0.0,10.0,10.0,2.0,0.0
2026-02-16T12:04:45,ERR,ERR,ERR,ERR,ERR,ERR,ERR,ERR,ERR,ERR,ERR,ERR,ERR,ERR,ERR,ERR,ERR,ERR,ERR,ERR,ERR,ERR,ERR,ERR,ERR,ERR,ERR,ERR,ERR,ERR,ERR,ERR,ERR,ERR,ERR,ERR,ERR,ERR,ERR,ERR,ERR,ERR,ERR,ERR,ERR,ERR,ERR,ERR,ERR,ERR,ERR,ERR,ERR,ERR,ERR,ERR,ERR,ERR,ERR,ERR,ERR,ERR,ERR,ERR,ERR,ERR,ERR,ERR,ERR,ERR,ERR,ERR,ERR,ERR,ERR,ERR,ERR,ERR,ERR,ERR,ERR,ERR,ERR,ERR,ERR,ERR,ERR,ERR,ERR,ERR,ERR,ERR,ERR,ERR,ERR,ERR,ERR,ERR,ERR,ERR,ERR,ERR,ERR,ERR,ERR,ERR,ERR,ERR,ERR,ERR,ERR,ERR,ERR,ERR,ERR,ERR,ERR,ERR,ERR,ERR,ERR,ERR,ERR,ERR,ERR,-0.0,-107616344.0,0.0,-0.0,-1.8487030179751264e+19,0.0,0.0,2964.006,4300,0,8,17172,4300,-0.0,40,0.0,0.0,-107611232.0,0.0,0.0,0,0,0,0,0.0,0,0,0,0,0,0,0,0,0,0,0,0,0,0,0,0,0,0,0,0,0,0,0,0,0,0,0,0,0,0,0,0,0,9,36,36,45,65476,375,65476,1,0,4,21553,0.0,0.0,0.0,0.0,0.0,0.0,0.0,0.0,0.0,0.0,0.0,0.0,0.0,0.0,0.0,0.0,0.0,0.0,0.0,0.0,0.0,2.004,-0.0,-2.004,-2.004,0.0,0.0,0.0,0.0,0.0,6497.0,0.0,0.0,-0.0,-107616344.0,0.0,-0.0,0.0,0.0,2.004,2.004,224,0.0,0.0,0.0,0.0,0.0,0.0,0.0,0.0,0.0,0,0,0,-1.8707697765399396e+20,0.0,1.9271576215439978e+27,-220.258,6.047669546509477e+29,9.462047375413129e+33,-0.0,-1.8475098176487424e+16,468240448.0,-1.0190477175879107e+18,-0.0,3652.385,0.0,0.0,0.0,0.0,0,1.3516416376850534e+27,224,0.0,448,-74360974999552.0,4.538271724008914e+24,2114,26215,17110,13107,17112,13107,17095,0,0,0,101,100,100,-0.0,63.25,0.0,64.4,-107615216.0,63.75,1,49,50,180,0,13107,0,0,0.0,0.0,0.0,60.0,-7.328920803993535e+31,70.5,0.0,-1.4831491182196917e+23,0.0,1070,0,1071,0,0,0,1072,0,1081,0,996,0,638,0,639,0,634,0,676,0.032,6.198106008766409e+21,0.0,0.0,12176,16813,-7.328920803993535e+31,-1.4831491182196917e+23,-6.245354893753019e+23,1.4236673129527758e+30,-120720536.0,1.0729832296963113e+18,50.0,60.0,35,0.0,0.0,10.0,2.0,0.0,0.0,0.0,0.0,0.0,0.0,0.0,0.0,0.0,0.0,0.0,0.0,59.2,31,29,65532,27,65476,680,65476,1,0,4,20529,65476,0,0,30147,60.0,0.0,10.0,10.0,2.0,0.0
2026-02-16T12:04:46,ERR,ERR,ERR,ERR,ERR,ERR,ERR,ERR,ERR,ERR,ERR,ERR,ERR,ERR,ERR,ERR,ERR,ERR,ERR,ERR,ERR,ERR,ERR,ERR,ERR,ERR,ERR,ERR,ERR,ERR,ERR,ERR,ERR,ERR,ERR,ERR,ERR,ERR,ERR,ERR,ERR,ERR,ERR,ERR,ERR,ERR,ERR,ERR,ERR,ERR,ERR,ERR,ERR,ERR,ERR,ERR,ERR,ERR,ERR,ERR,ERR,ERR,ERR,ERR,ERR,ERR,ERR,ERR,ERR,ERR,ERR,ERR,ERR,ERR,ERR,ERR,ERR,ERR,ERR,ERR,ERR,ERR,ERR,ERR,ERR,ERR,ERR,ERR,ERR,ERR,ERR,ERR,ERR,ERR,ERR,ERR,ERR,ERR,ERR,ERR,ERR,ERR,ERR,ERR,ERR,ERR,ERR,ERR,ERR,ERR,ERR,ERR,ERR,ERR,ERR,ERR,ERR,ERR,ERR,ERR,ERR,ERR,ERR,ERR,ERR,-0.0,-107616344.0,0.0,-0.0,-1.8487030179751264e+19,0.0,0.0,2964.006,4300,0,8,17172,4300,-0.0,40,0.0,0.0,-107611232.0,0.0,0.0,0,0,0,0,0.0,0,0,0,0,0,0,0,0,0,0,0,0,0,0,0,0,0,0,0,0,0,0,0,0,0,0,0,0,0,0,0,0,0,9,36,36,45,65476,375,65476,1,0,4,21553,0.0,0.0,0.0,0.0,0.0,0.0,0.0,0.0,0.0,0.0,0.0,0.0,0.0,0.0,0.0,0.0,0.0,0.0,0.0,0.0,0.0,2.004,-0.0,-2.004,-2.004,0.0,0.0,0.0,0.0,0.0,6497.0,0.0,0.0,-0.0,-107616344.0,0.0,-0.0,0.0,0.0,2.004,2.004,224,0.0,0.0,0.0,0.0,0.0,0.0,0.0,0.0,0.0,0,0,0,-1.8707697765399396e+20,0.0,1.9271576215439978e+27,-220.258,6.047669546509477e+29,9.462047375413129e+33,-0.0,-1.8475098176487424e+16,468240448.0,-1.0190477175879107e+18,-0.0,3652.385,0.0,0.0,0.0,0.0,0,1.3516416376850534e+27,224,0.0,448,-74360974999552.0,4.538271724008914e+24,2114,26215,17110,13107,17112,13107,17095,0,0,0,101,100,100,-0.0,63.25,0.0,64.4,-107615216.0,63.75,1,49,50,180,0,13107,0,0,0.0,0.0,0.0,60.0,-7.328920803993535e+31,70.5,0.0,-1.4831491182196917e+23,0.0,1070,0,1071,0,0,0,1072,0,1081,0,996,0,638,0,639,0,634,0,676,0.032,6.198106008766409e+21,0.0,0.0,12176,16813,-7.328920803993535e+31,-1.4831491182196917e+23,-6.245354893753019e+23,1.4236673129527758e+30,-120720536.0,1.0729832296963113e+18,50.0,60.0,35,0.0,0.0,10.0,2.0,0.0,0.0,0.0,0.0,0.0,0.0,0.0,0.0,0.0,0.0,0.0,0.0,59.2,31,29,65532,27,65476,680,65476,1,0,4,20529,65476,0,0,30147,60.0,0.0,10.0,10.0,2.0,0.0
2026-02-16T12:04:47,ERR,ERR,ERR,ERR,ERR,ERR,ERR,ERR,ERR,ERR,ERR,ERR,ERR,ERR,ERR,ERR,ERR,ERR,ERR,ERR,ERR,ERR,ERR,ERR,ERR,ERR,ERR,ERR,ERR,ERR,ERR,ERR,ERR,ERR,ERR,ERR,ERR,ERR,ERR,ERR,ERR,ERR,ERR,ERR,ERR,ERR,ERR,ERR,ERR,ERR,ERR,ERR,ERR,ERR,ERR,ERR,ERR,ERR,ERR,ERR,ERR,ERR,ERR,ERR,ERR,ERR,ERR,ERR,ERR,ERR,ERR,ERR,ERR,ERR,ERR,ERR,ERR,ERR,ERR,ERR,ERR,ERR,ERR,ERR,ERR,ERR,ERR,ERR,ERR,ERR,ERR,ERR,ERR,ERR,ERR,ERR,ERR,ERR,ERR,ERR,ERR,ERR,ERR,ERR,ERR,ERR,ERR,ERR,ERR,ERR,ERR,ERR,ERR,ERR,ERR,ERR,ERR,ERR,ERR,ERR,ERR,ERR,ERR,ERR,ERR,-0.0,-107616344.0,0.0,-0.0,-1.8487030179751264e+19,0.0,0.0,2964.006,4300,0,8,17172,4300,-0.0,40,0.0,0.0,-107611232.0,0.0,0.0,0,0,0,0,0.0,0,0,0,0,0,0,0,0,0,0,0,0,0,0,0,0,0,0,0,0,0,0,0,0,0,0,0,0,0,0,0,0,0,9,36,36,45,65476,375,65476,1,0,4,21553,0.0,0.0,0.0,0.0,0.0,0.0,0.0,0.0,0.0,0.0,0.0,0.0,0.0,0.0,0.0,0.0,0.0,0.0,0.0,0.0,0.0,2.004,-0.0,-2.004,-2.004,0.0,0.0,0.0,0.0,0.0,6497.0,0.0,0.0,-0.0,-107616344.0,0.0,-0.0,0.0,0.0,2.004,2.004,224,0.0,0.0,0.0,0.0,0.0,0.0,0.0,0.0,0.0,0,0,0,-1.8707697765399396e+20,0.0,1.9271576215439978e+27,-220.258,6.047669546509477e+29,9.462047375413129e+33,-0.0,-1.8475098176487424e+16,468240448.0,-1.0190477175879107e+18,-0.0,3652.385,0.0,0.0,0.0,0.0,0,1.3516416376850534e+27,224,0.0,448,-74360974999552.0,4.538271724008914e+24,2114,26215,17110,13107,17112,13107,17095,0,0,0,101,100,100,-0.0,63.25,0.0,64.1,0.0,63.75,1,49,50,180,0,13107,0,0,0.0,0.0,0.0,60.0,-2.2742662236651502e+33,70.5,0.0,0.0,0.0,1070,0,1071,0,0,0,1072,0,1081,0,996,0,638,0,640,0,634,0,676,0.032,6.16121252061899e+21,0.0,0.0,9616,16813,-1.9212326152420811e+37,9.371795425115558e+27,-0.0,0.0,-0.0,0.0,50.0,60.0,35,0.0,0.0,10.0,2.0,0.0,0.0,0.0,0.0,0.0,0.0,0.0,0.0,0.0,0.0,0.0,0.0,58.8,32,28,65531,27,65476,680,65476,1,0,4,20529,65476,0,0,30147,60.0,0.0,10.0,10.0,2.0,0.0
2026-02-16T12:04:48,ERR,ERR,ERR,ERR,ERR,ERR,ERR,ERR,ERR,ERR,ERR,ERR,ERR,ERR,ERR,ERR,ERR,ERR,ERR,ERR,ERR,ERR,ERR,ERR,ERR,ERR,ERR,ERR,ERR,ERR,ERR,ERR,ERR,ERR,ERR,ERR,ERR,ERR,ERR,ERR,ERR,ERR,ERR,ERR,ERR,ERR,ERR,ERR,ERR,ERR,ERR,ERR,ERR,ERR,ERR,ERR,ERR,ERR,ERR,ERR,ERR,ERR,ERR,ERR,ERR,ERR,ERR,ERR,ERR,ERR,ERR,ERR,ERR,ERR,ERR,ERR,ERR,ERR,ERR,ERR,ERR,ERR,ERR,ERR,ERR,ERR,ERR,ERR,ERR,ERR,ERR,ERR,ERR,ERR,ERR,ERR,ERR,ERR,ERR,ERR,ERR,ERR,ERR,ERR,ERR,ERR,ERR,ERR,ERR,ERR,ERR,ERR,ERR,ERR,ERR,ERR,ERR,ERR,ERR,ERR,ERR,ERR,ERR,ERR,ERR,-0.0,-107616344.0,0.0,-0.0,-1.8487030179751264e+19,-8.661563816307746e+19,-0.0,-0.0,4300,0,8,17172,4300,-0.0,41,0.0,0.0,-0.0,0.0,0.0,0,0,0,0,0.0,0,0,0,0,0,0,0,0,0,0,0,0,0,0,0,0,0,0,0,0,0,0,0,0,0,0,0,0,0,0,0,0,0,9,36,36,45,65476,381,65476,1,0,4,21553,0.0,-107610976.0,3.309469510633265e+22,0.0,0.0,0.0,0.0,0.0,0.0,0.0,0.0,0.0,0.0,0.0,0.0,0.0,0.0,0.0,0.0,0.0,0.0,2.004,-0.0,-2.004,-0.0,-0.0,0.0,0.0,0.0,0.0,6469.0,-0.0,0.0,-0.0,-107616344.0,-107616232.0,0.0,0.0,0.0,2.004,2.004,225,0.0,-0.059,0.0,0.0,0.0,0.0,0.0,0.0,0.0,0,0,0,-1.7143336192180224e+17,0.0,3.312993508807993e+30,-6.269233612710618e+30,1.2089187633564052e+35,-0.0,3.367430625627909e+26,0.0,111292944.0,-1.0775945127437271e+18,-0.0,3828.385,0.0,0.0,0.0,0.0,0,1.3516416376850534e+27,225,0.0,450,-0.0,-1814070400.0,2114,26215,17110,13107,17112,13107,17095,0,0,0,101,100,100,-0.0,63.25,0.0,64.1,0.0,63.75,1,49,50,180,0,13107,0,0,0.0,0.0,0.0,60.0,-2.2742662236651502e+33,70.5,0.0,0.0,0.0,1070,0,1071,0,0,0,1072,0,1081,0,996,0,638,0,640,0,634,0,676,0.032,6.16121252061899e+21,0.0,0.0,9616,16813,-1.9212326152420811e+37,9.371795425115558e+27,-0.0,0.0,-0.0,0.0,50.0,60.0,35,0.0,0.0,10.0,2.0,0.0,0.0,0.0,0.0,0.0,0.0,0.0,0.0,0.0,0.0,0.0,0.0,58.8,32,28,65531,27,65476,680,65476,1,0,4,20529,65476,0,0,30147,60.0,0.0,10.0,10.0,2.0,0.0
2026-02-16T12:04:49,ERR,ERR,ERR,ERR,ERR,ERR,ERR,ERR,ERR,ERR,ERR,ERR,ERR,ERR,ERR,ERR,ERR,ERR,ERR,ERR,ERR,ERR,ERR,ERR,ERR,ERR,ERR,ERR,ERR,ERR,ERR,ERR,ERR,ERR,ERR,ERR,ERR,ERR,ERR,ERR,ERR,ERR,ERR,ERR,ERR,ERR,ERR,ERR,ERR,ERR,ERR,ERR,ERR,ERR,ERR,ERR,ERR,ERR,ERR,ERR,ERR,ERR,ERR,ERR,ERR,ERR,ERR,ERR,ERR,ERR,ERR,ERR,ERR,ERR,ERR,ERR,ERR,ERR,ERR,ERR,ERR,ERR,ERR,ERR,ERR,ERR,ERR,ERR,ERR,ERR,ERR,ERR,ERR,ERR,ERR,ERR,ERR,ERR,ERR,ERR,ERR,ERR,ERR,ERR,ERR,ERR,ERR,ERR,ERR,ERR,ERR,ERR,ERR,ERR,ERR,ERR,ERR,ERR,ERR,ERR,ERR,ERR,ERR,ERR,ERR,-0.0,-107616344.0,0.0,-0.0,-1.8487030179751264e+19,-8.661563816307746e+19,-0.0,-0.0,4300,0,8,17172,4300,-0.0,41,0.0,0.0,-0.0,0.0,0.0,0,0,0,0,0.0,0,0,0,0,0,0,0,0,0,0,0,0,0,0,0,0,0,0,0,0,0,0,0,0,0,0,0,0,0,0,0,0,0,9,36,36,45,65476,381,65476,1,0,4,21553,0.0,-107610976.0,3.309469510633265e+22,0.0,0.0,0.0,0.0,0.0,0.0,0.0,0.0,0.0,0.0,0.0,0.0,0.0,0.0,0.0,0.0,0.0,0.0,2.004,-0.0,-2.004,-0.0,-0.0,0.0,0.0,0.0,0.0,6469.0,-0.0,0.0,-0.0,-107616344.0,-107616232.0,0.0,0.0,0.0,2.004,2.004,225,0.0,-0.059,0.0,0.0,0.0,0.0,0.0,0.0,0.0,0,0,0,-1.7143336192180224e+17,0.0,3.312993508807993e+30,-6.269233612710618e+30,1.2089187633564052e+35,-0.0,3.367430625627909e+26,0.0,111292944.0,-1.0775945127437271e+18,-0.0,3828.385,0.0,0.0,0.0,0.0,0,1.3516416376850534e+27,225,0.0,450,-0.0,-1814070400.0,2114,26215,17110,13107,17112,13107,17095,0,0,0,101,100,100,-0.0,63.25,0.0,64.1,0.0,63.75,1,49,50,180,0,13107,0,0,0.0,0.0,0.0,60.0,-2.2742662236651502e+33,70.5,0.0,0.0,0.0,1070,0,1071,0,0,0,1072,0,1081,0,996,0,638,0,640,0,634,0,676,0.032,6.16121252061899e+21,0.0,0.0,9616,16813,-1.9212326152420811e+37,9.371795425115558e+27,-0.0,0.0,-0.0,0.0,50.0,60.0,35,0.0,0.0,10.0,2.0,0.0,0.0,0.0,0.0,0.0,0.0,0.0,0.0,0.0,0.0,0.0,0.0,59.2,33,28,65530,27,65476,719,65476,1,0,4,20529,65476,0,0,30147,60.0,0.0,10.0,10.0,2.0,0.0
2026-02-16T12:04:50,ERR,ERR,ERR,ERR,ERR,ERR,ERR,ERR,ERR,ERR,ERR,ERR,ERR,ERR,ERR,ERR,ERR,ERR,ERR,ERR,ERR,ERR,ERR,ERR,ERR,ERR,ERR,ERR,ERR,ERR,ERR,ERR,ERR,ERR,ERR,ERR,ERR,ERR,ERR,ERR,ERR,ERR,ERR,ERR,ERR,ERR,ERR,ERR,ERR,ERR,ERR,ERR,ERR,ERR,ERR,ERR,ERR,ERR,ERR,ERR,ERR,ERR,ERR,ERR,ERR,ERR,ERR,ERR,ERR,ERR,ERR,ERR,ERR,ERR,ERR,ERR,ERR,ERR,ERR,ERR,ERR,ERR,ERR,ERR,ERR,ERR,ERR,ERR,ERR,ERR,ERR,ERR,ERR,ERR,ERR,ERR,ERR,ERR,ERR,ERR,ERR,ERR,ERR,ERR,ERR,ERR,ERR,ERR,ERR,ERR,ERR,ERR,ERR,ERR,ERR,ERR,ERR,ERR,ERR,ERR,ERR,ERR,ERR,ERR,ERR,-0.0,-107616344.0,0.0,-0.0,-1.8487030179751264e+19,-8.661563816307746e+19,-0.0,-0.0,4300,0,8,17172,4300,-0.0,41,0.0,0.0,-0.0,0.0,0.0,0,0,0,0,0.0,0,0,0,0,0,0,0,0,0,0,0,0,0,0,0,0,0,0,0,0,0,0,0,0,0,0,0,0,0,0,0,0,0,9,36,36,45,65476,381,65476,1,0,4,21553,0.0,-107610976.0,3.309469510633265e+22,0.0,0.0,0.0,0.0,0.0,0.0,0.0,0.0,0.0,0.0,0.0,0.0,0.0,0.0,0.0,0.0,0.0,0.0,2.004,-0.0,-2.004,-0.0,-0.0,0.0,0.0,0.0,0.0,6469.0,-0.0,0.0,-0.0,-107616344.0,-107616232.0,0.0,0.0,0.0,2.004,2.004,225,0.0,-0.059,0.0,0.0,0.0,0.0,0.0,0.0,0.0,0,0,0,-1.7143336192180224e+17,0.0,3.312993508807993e+30,-6.269233612710618e+30,1.2089187633564052e+35,-0.0,3.367430625627909e+26,0.0,111292944.0,-1.0775945127437271e+18,-0.0,3828.385,0.0,0.0,0.0,0.0,0,1.3516416376850534e+27,225,0.0,450,-0.0,-1814070400.0,2114,26215,17110,13107,17112,13107,17095,0,0,0,101,100,100,-0.0,63.25,0.0,64.1,0.0,63.75,1,49,50,180,0,13107,0,0,0.0,0.0,0.0,60.0,-1.736812790850519e+17,70.5,0.0,0.0,0.0,1070,0,1071,0,0,0,1072,0,1081,0,996,0,638,0,639,0,634,0,676,0.032,6.234999496913828e+21,0.0,0.0,57232,16812,-1.736812790850519e+17,0.0,0.0,-0.0,-1435698.25,-0.0,50.0,60.0,35,0.0,0.0,10.0,2.0,0.0,0.0,0.0,0.0,0.0,0.0,0.0,0.0,0.0,0.0,0.0,0.0,58.8,33,27,65530,27,65476,719,65476,1,0,4,20529,65476,0,0,30147,60.0,0.0,10.0,10.0,2.0,0.0
2026-02-16T12:04:51,ERR,ERR,ERR,ERR,ERR,ERR,ERR,ERR,ERR,ERR,ERR,ERR,ERR,ERR,ERR,ERR,ERR,ERR,ERR,ERR,ERR,ERR,ERR,ERR,ERR,ERR,ERR,ERR,ERR,ERR,ERR,ERR,ERR,ERR,ERR,ERR,ERR,ERR,ERR,ERR,ERR,ERR,ERR,ERR,ERR,ERR,ERR,ERR,ERR,ERR,ERR,ERR,ERR,ERR,ERR,ERR,ERR,ERR,ERR,ERR,ERR,ERR,ERR,ERR,ERR,ERR,ERR,ERR,ERR,ERR,ERR,ERR,ERR,ERR,ERR,ERR,ERR,ERR,ERR,ERR,ERR,ERR,ERR,ERR,ERR,ERR,ERR,ERR,ERR,ERR,ERR,ERR,ERR,ERR,ERR,ERR,ERR,ERR,ERR,ERR,ERR,ERR,ERR,ERR,ERR,ERR,ERR,ERR,ERR,ERR,ERR,ERR,ERR,ERR,ERR,ERR,ERR,ERR,ERR,ERR,ERR,ERR,ERR,ERR,ERR,-0.0,-107616344.0,0.0,-0.0,-1.8487030179751264e+19,-8.661563816307746e+19,-0.0,-0.0,4300,0,8,17172,4300,-0.0,41,0.0,0.0,-0.0,0.0,0.0,0,0,0,0,0.0,0,0,0,0,0,0,0,0,0,0,0,0,0,0,0,0,0,0,0,0,0,0,0,0,0,0,0,0,0,0,0,0,0,9,36,36,45,65476,381,65476,1,0,4,21553,0.0,-107610976.0,3.309469510633265e+22,0.0,0.0,0.0,0.0,0.0,0.0,0.0,0.0,0.0,0.0,0.0,0.0,0.0,0.0,0.0,0.0,0.0,0.0,2.004,-0.0,-2.004,-0.0,-0.0,0.0,0.0,0.0,0.0,6469.0,-0.0,0.0,-0.0,-107616344.0,-107616232.0,0.0,0.0,0.0,2.004,2.004,225,0.0,-0.059,0.0,0.0,0.0,0.0,0.0,0.0,0.0,0,0,0,-1.7143336192180224e+17,0.0,3.312993508807993e+30,-6.269233612710618e+30,1.2089187633564052e+35,-0.0,3.367430625627909e+26,0.0,111292944.0,-1.0775945127437271e+18,-0.0,3828.385,0.0,0.0,0.0,0.0,0,1.3516416376850534e+27,225,0.0,450,-0.0,-1814070400.0,2114,26215,17110,13107,17112,13107,17095,0,0,0,101,100,100,-0.0,63.25,0.0,64.1,0.0,63.75,1,49,50,180,0,13107,0,0,0.0,0.0,0.0,60.0,-1.736812790850519e+17,70.5,0.0,0.0,0.0,1070,0,1071,0,0,0,1072,0,1081,0,996,0,638,0,639,0,634,0,676,0.032,6.234999496913828e+21,0.0,0.0,57232,16812,-1.736812790850519e+17,0.0,0.0,-0.0,-1435698.25,-0.0,50.0,60.0,35,0.0,0.0,10.0,2.0,0.0,0.0,0.0,0.0,0.0,0.0,0.0,0.0,0.0,0.0,0.0,0.0,58.8,33,27,65530,27,65476,719,65476,1,0,4,20529,65476,0,0,30147,60.0,0.0,10.0,10.0,2.0,0.0
2026-02-16T12:04:52,ERR,ERR,ERR,ERR,ERR,ERR,ERR,ERR,ERR,ERR,ERR,ERR,ERR,ERR,ERR,ERR,ERR,ERR,ERR,ERR,ERR,ERR,ERR,ERR,ERR,ERR,ERR,ERR,ERR,ERR,ERR,ERR,ERR,ERR,ERR,ERR,ERR,ERR,ERR,ERR,ERR,ERR,ERR,ERR,ERR,ERR,ERR,ERR,ERR,ERR,ERR,ERR,ERR,ERR,ERR,ERR,ERR,ERR,ERR,ERR,ERR,ERR,ERR,ERR,ERR,ERR,ERR,ERR,ERR,ERR,ERR,ERR,ERR,ERR,ERR,ERR,ERR,ERR,ERR,ERR,ERR,ERR,ERR,ERR,ERR,ERR,ERR,ERR,ERR,ERR,ERR,ERR,ERR,ERR,ERR,ERR,ERR,ERR,ERR,ERR,ERR,ERR,ERR,ERR,ERR,ERR,ERR,ERR,ERR,ERR,ERR,ERR,ERR,ERR,ERR,ERR,ERR,ERR,ERR,ERR,ERR,ERR,ERR,ERR,ERR,-0.0,-107616344.0,0.0,-0.0,-1.8487030179751264e+19,-8.661563816307746e+19,-0.0,-0.0,4300,0,8,17172,4300,-0.0,41,0.0,0.0,-0.0,0.0,0.0,0,0,0,0,0.0,0,0,0,0,0,0,0,0,0,0,0,0,0,0,0,0,0,0,0,0,0,0,0,0,0,0,0,0,0,0,0,0,0,9,36,36,45,65476,381,65476,1,0,4,21553,0.0,-107610976.0,3.309469510633265e+22,0.0,0.0,0.0,0.0,0.0,0.0,0.0,0.0,0.0,0.0,0.0,0.0,0.0,0.0,0.0,0.0,0.0,0.0,2.004,-0.0,-2.004,-0.0,-0.0,0.0,0.0,0.0,0.0,6469.0,-0.0,0.0,-0.0,-107616344.0,-107616232.0,0.0,0.0,0.0,2.004,2.004,225,0.0,-0.059,0.0,0.0,0.0,0.0,0.0,0.0,0.0,0,0,0,-1.7143336192180224e+17,0.0,3.312993508807993e+30,-6.269233612710618e+30,1.2089187633564052e+35,-0.0,3.367430625627909e+26,0.0,111292944.0,-1.0775945127437271e+18,-0.0,3828.385,0.0,0.0,0.0,0.0,0,1.3516416376850534e+27,225,0.0,450,-0.0,-1814070400.0,2114,26215,17110,13107,17112,13107,17095,0,0,0,101,100,100,-0.0,63.25,0.0,64.1,0.0,63.75,1,49,50,180,0,13107,0,0,0.0,0.0,0.0,60.0,-1.736812790850519e+17,70.5,0.0,0.0,0.0,1070,0,1071,0,0,0,1072,0,1081,0,996,0,638,0,639,0,634,0,676,0.032,6.234999496913828e+21,0.0,0.0,57232,16812,-1.736812790850519e+17,0.0,0.0,-0.0,-1435698.25,-0.0,50.0,60.0,35,0.0,0.0,10.0,2.0,0.0,0.0,0.0,0.0,0.0,0.0,0.0,0.0,0.0,0.0,0.0,0.0,58.8,34,27,65529,27,65476,760,65476,1,0,4,20529,65476,0,0,30147,60.0,0.0,10.0,10.0,2.0,0.0
2026-02-16T12:04:53,ERR,ERR,ERR,ERR,ERR,ERR,ERR,ERR,ERR,ERR,ERR,ERR,ERR,ERR,ERR,ERR,ERR,ERR,ERR,ERR,ERR,ERR,ERR,ERR,ERR,ERR,ERR,ERR,ERR,ERR,ERR,ERR,ERR,ERR,ERR,ERR,ERR,ERR,ERR,ERR,ERR,ERR,ERR,ERR,ERR,ERR,ERR,ERR,ERR,ERR,ERR,ERR,ERR,ERR,ERR,ERR,ERR,ERR,ERR,ERR,ERR,ERR,ERR,ERR,ERR,ERR,ERR,ERR,ERR,ERR,ERR,ERR,ERR,ERR,ERR,ERR,ERR,ERR,ERR,ERR,ERR,ERR,ERR,ERR,ERR,ERR,ERR,ERR,ERR,ERR,ERR,ERR,ERR,ERR,ERR,ERR,ERR,ERR,ERR,ERR,ERR,ERR,ERR,ERR,ERR,ERR,ERR,ERR,ERR,ERR,ERR,ERR,ERR,ERR,ERR,ERR,ERR,ERR,ERR,ERR,ERR,ERR,ERR,ERR,ERR,-0.0,-107616344.0,0.0,-0.0,-1.8487030179751264e+19,-0.0,1.2151017895305071e+27,-0.008,4300,0,8,17172,4300,-0.0,40,0.0,0.0,-0.0,0.0,0.0,0,0,0,0,0.0,0,0,0,0,0,0,0,0,0,0,0,0,0,0,0,0,0,0,0,0,0,0,0,0,0,0,0,0,0,0,0,0,0,9,36,36,45,65476,380,65476,1,0,4,21553,0.0,2.7183305813883192e+23,-63.565,0.0,0.0,0.0,0.0,0.0,0.0,0.0,0.0,0.0,0.0,0.0,0.0,0.0,0.0,0.0,0.0,0.0,0.0,2.004,-0.0,-2.004,-0.0,-0.0,0.0,0.0,0.0,0.0,6495.0,2.004,0.0,-0.0,-107616344.0,-107616232.0,0.0,0.0,0.0,2.004,2.004,225,0.0,4.066875192005716e+29,0.0,0.0,0.0,0.0,0.0,0.0,0.0,0,0,0,-34430447616.0,0.0,572362063872.0,-7961047552.0,2739105792.0,-0.001,2.9566695748000437e+30,-3.030310622620975e+21,0.0,-1.1361413078995436e+18,-0.0,4036.385,0.0,0.0,0.0,0.0,0,1.3516416376850534e+27,225,0.0,450,-74360974999552.0,0.0,2114,26215,17110,13107,17112,13107,17095,0,0,0,101,100,100,-0.0,63.25,0.0,64.1,0.0,63.75,1,49,50,180,0,13107,0,0,0.0,0.0,0.0,60.0,-6.706421781495808e+16,70.5,0.0,-9.189922325241617e+24,0.0,1070,0,1071,0,0,0,1072,0,1081,0,996,0,638,0,640,0,634,0,676,0.032,6.16121252061899e+21,0.0,0.0,13456,16813,-1.2637805565901679e+25,0.0,0.0,130327396352.0,-1.1805385005168974e+32,-0.141,50.0,60.0,35,0.0,0.0,10.0,2.0,0.0,0.0,0.0,0.0,0.0,0.0,0.0,0.0,0.0,0.0,0.0,0.0,59.2,34,27,65530,27,65476,798,300,1,0,8,20529,65476,0,0,30147,60.0,0.0,10.0,10.0,2.0,0.0
2026-02-16T12:04:54,ERR,ERR,ERR,ERR,ERR,ERR,ERR,ERR,ERR,ERR,ERR,ERR,ERR,ERR,ERR,ERR,ERR,ERR,ERR,ERR,ERR,ERR,ERR,ERR,ERR,ERR,ERR,ERR,ERR,ERR,ERR,ERR,ERR,ERR,ERR,ERR,ERR,ERR,ERR,ERR,ERR,ERR,ERR,ERR,ERR,ERR,ERR,ERR,ERR,ERR,ERR,ERR,ERR,ERR,ERR,ERR,ERR,ERR,ERR,ERR,ERR,ERR,ERR,ERR,ERR,ERR,ERR,ERR,ERR,ERR,ERR,ERR,ERR,ERR,ERR,ERR,ERR,ERR,ERR,ERR,ERR,ERR,ERR,ERR,ERR,ERR,ERR,ERR,ERR,ERR,ERR,ERR,ERR,ERR,ERR,ERR,ERR,ERR,ERR,ERR,ERR,ERR,ERR,ERR,ERR,ERR,ERR,ERR,ERR,ERR,ERR,ERR,ERR,ERR,ERR,ERR,ERR,ERR,ERR,ERR,ERR,ERR,ERR,ERR,ERR,-0.0,-107616344.0,0.0,-0.0,-1.8487030179751264e+19,-0.0,1.2151017895305071e+27,-0.008,4300,0,8,17172,4300,-0.0,40,0.0,0.0,-0.0,0.0,0.0,0,0,0,0,0.0,0,0,0,0,0,0,0,0,0,0,0,0,0,0,0,0,0,0,0,0,0,0,0,0,0,0,0,0,0,0,0,0,0,9,36,36,45,65476,380,65476,1,0,4,21553,0.0,2.7183305813883192e+23,-63.565,0.0,0.0,0.0,0.0,0.0,0.0,0.0,0.0,0.0,0.0,0.0,0.0,0.0,0.0,0.0,0.0,0.0,0.0,2.004,-0.0,-2.004,-0.0,-0.0,0.0,0.0,0.0,0.0,6495.0,2.004,0.0,-0.0,-107616344.0,-107616232.0,0.0,0.0,0.0,2.004,2.004,225,0.0,4.066875192005716e+29,0.0,0.0,0.0,0.0,0.0,0.0,0.0,0,0,0,-34430447616.0,0.0,572362063872.0,-7961047552.0,2739105792.0,-0.001,2.9566695748000437e+30,-3.030310622620975e+21,0.0,-1.1361413078995436e+18,-0.0,4036.385,0.0,0.0,0.0,0.0,0,1.3516416376850534e+27,225,0.0,450,-74360974999552.0,0.0,2114,26215,17110,13107,17112,13107,17095,0,0,0,101,100,100,-0.0,63.25,0.0,64.1,0.0,63.75,1,49,50,180,0,13107,0,0,0.0,0.0,0.0,60.0,-6.706421781495808e+16,70.5,0.0,-9.189922325241617e+24,0.0,1070,0,1071,0,0,0,1072,0,1081,0,996,0,638,0,640,0,634,0,676,0.032,6.16121252061899e+21,0.0,0.0,13456,16813,-1.2637805565901679e+25,0.0,0.0,130327396352.0,-1.1805385005168974e+32,-0.141,50.0,60.0,35,0.0,0.0,10.0,2.0,0.0,0.0,0.0,0.0,0.0,0.0,0.0,0.0,0.0,0.0,0.0,0.0,59.2,34,27,65530,27,65476,798,300,1,0,8,20529,65476,0,0,30147,60.0,0.0,10.0,10.0,2.0,0.0
2026-02-16T12:04:55,ERR,ERR,ERR,ERR,ERR,ERR,ERR,ERR,ERR,ERR,ERR,ERR,ERR,ERR,ERR,ERR,ERR,ERR,ERR,ERR,ERR,ERR,ERR,ERR,ERR,ERR,ERR,ERR,ERR,ERR,ERR,ERR,ERR,ERR,ERR,ERR,ERR,ERR,ERR,ERR,ERR,ERR,ERR,ERR,ERR,ERR,ERR,ERR,ERR,ERR,ERR,ERR,ERR,ERR,ERR,ERR,ERR,ERR,ERR,ERR,ERR,ERR,ERR,ERR,ERR,ERR,ERR,ERR,ERR,ERR,ERR,ERR,ERR,ERR,ERR,ERR,ERR,ERR,ERR,ERR,ERR,ERR,ERR,ERR,ERR,ERR,ERR,ERR,ERR,ERR,ERR,ERR,ERR,ERR,ERR,ERR,ERR,ERR,ERR,ERR,ERR,ERR,ERR,ERR,ERR,ERR,ERR,ERR,ERR,ERR,ERR,ERR,ERR,ERR,ERR,ERR,ERR,ERR,ERR,ERR,ERR,ERR,ERR,ERR,ERR,-0.0,-107616344.0,0.0,-0.0,-1.8487030179751264e+19,-0.0,1.2151017895305071e+27,-0.008,4300,0,8,17172,4300,-0.0,40,0.0,0.0,-0.0,0.0,0.0,0,0,0,0,0.0,0,0,0,0,0,0,0,0,0,0,0,0,0,0,0,0,0,0,0,0,0,0,0,0,0,0,0,0,0,0,0,0,0,9,36,36,45,65476,380,65476,1,0,4,21553,0.0,2.7183305813883192e+23,-63.565,0.0,0.0,0.0,0.0,0.0,0.0,0.0,0.0,0.0,0.0,0.0,0.0,0.0,0.0,0.0,0.0,0.0,0.0,2.004,-0.0,-2.004,-0.0,-0.0,0.0,0.0,0.0,0.0,6495.0,2.004,0.0,-0.0,-107616344.0,-107616232.0,0.0,0.0,0.0,2.004,2.004,225,0.0,4.066875192005716e+29,0.0,0.0,0.0,0.0,0.0,0.0,0.0,0,0,0,-34430447616.0,0.0,572362063872.0,-7961047552.0,2739105792.0,-0.001,2.9566695748000437e+30,-3.030310622620975e+21,0.0,-1.1361413078995436e+18,-0.0,4036.385,0.0,0.0,0.0,0.0,0,1.3516416376850534e+27,225,0.0,450,-74360974999552.0,0.0,2114,26215,17110,13107,17112,13107,17095,0,0,0,101,100,100,-0.0,63.25,0.0,64.1,0.0,63.75,1,49,50,180,0,13107,0,0,0.0,0.0,0.0,60.0,-6.706421781495808e+16,70.5,0.0,-9.189922325241617e+24,0.0,1070,0,1071,0,0,0,1072,0,1081,0,996,0,638,0,640,0,634,0,676,0.032,6.16121252061899e+21,0.0,0.0,13456,16813,-1.2637805565901679e+25,0.0,0.0,130327396352.0,-1.1805385005168974e+32,-0.141,50.0,60.0,35,0.0,0.0,10.0,2.0,0.0,0.0,0.0,0.0,0.0,0.0,0.0,0.0,0.0,0.0,0.0,0.0,58.8,33,27,65530,27,65476,798,300,0,0,8,20529,65476,0,0,30147,60.0,0.0,10.0,10.0,2.0,0.0
2026-02-16T12:04:56,ERR,ERR,ERR,ERR,ERR,ERR,ERR,ERR,ERR,ERR,ERR,ERR,ERR,ERR,ERR,ERR,ERR,ERR,ERR,ERR,ERR,ERR,ERR,ERR,ERR,ERR,ERR,ERR,ERR,ERR,ERR,ERR,ERR,ERR,ERR,ERR,ERR,ERR,ERR,ERR,ERR,ERR,ERR,ERR,ERR,ERR,ERR,ERR,ERR,ERR,ERR,ERR,ERR,ERR,ERR,ERR,ERR,ERR,ERR,ERR,ERR,ERR,ERR,ERR,ERR,ERR,ERR,ERR,ERR,ERR,ERR,ERR,ERR,ERR,ERR,ERR,ERR,ERR,ERR,ERR,ERR,ERR,ERR,ERR,ERR,ERR,ERR,ERR,ERR,ERR,ERR,ERR,ERR,ERR,ERR,ERR,ERR,ERR,ERR,ERR,ERR,ERR,ERR,ERR,ERR,ERR,ERR,ERR,ERR,ERR,ERR,ERR,ERR,ERR,ERR,ERR,ERR,ERR,ERR,ERR,ERR,ERR,ERR,ERR,ERR,-0.0,-107616344.0,0.0,-0.0,-1.8487030179751264e+19,-0.0,1.2151017895305071e+27,-0.008,4300,0,8,17172,4300,-0.0,40,0.0,0.0,-0.0,0.0,0.0,0,0,0,0,0.0,0,0,0,0,0,0,0,0,0,0,0,0,0,0,0,0,0,0,0,0,0,0,0,0,0,0,0,0,0,0,0,0,0,9,36,36,45,65476,380,65476,1,0,4,21553,0.0,2.7183305813883192e+23,-63.565,0.0,0.0,0.0,0.0,0.0,0.0,0.0,0.0,0.0,0.0,0.0,0.0,0.0,0.0,0.0,0.0,0.0,0.0,2.004,-0.0,-2.004,-0.0,-0.0,0.0,0.0,0.0,0.0,6495.0,2.004,0.0,-0.0,-107616344.0,-107616232.0,0.0,0.0,0.0,2.004,2.004,225,0.0,4.066875192005716e+29,0.0,0.0,0.0,0.0,0.0,0.0,0.0,0,0,0,-34430447616.0,0.0,572362063872.0,-7961047552.0,2739105792.0,-0.001,2.9566695748000437e+30,-3.030310622620975e+21,0.0,-1.1361413078995436e+18,-0.0,4036.385,0.0,0.0,0.0,0.0,0,1.3516416376850534e+27,225,0.0,450,-74360974999552.0,0.0,2114,26215,17110,13107,17112,13107,17095,0,0,0,101,100,100,-0.0,63.25,0.0,64.1,0.0,63.75,1,49,50,180,0,13107,0,0,0.0,0.0,0.0,60.0,-6.706421781495808e+16,70.5,0.0,-9.189922325241617e+24,0.0,1070,0,1071,0,0,0,1072,0,1081,0,996,0,638,0,640,0,634,0,676,0.032,6.16121252061899e+21,0.0,0.0,13456,16813,-1.2637805565901679e+25,0.0,0.0,130327396352.0,-1.1805385005168974e+32,-0.141,50.0,60.0,35,0.0,0.0,10.0,2.0,0.0,0.0,0.0,0.0,0.0,0.0,0.0,0.0,0.0,0.0,0.0,0.0,58.8,33,27,65530,27,65476,798,300,0,0,8,20529,65476,0,0,30147,60.0,0.0,10.0,10.0,2.0,0.0
2026-02-16T12:04:57,ERR,ERR,ERR,ERR,ERR,ERR,ERR,ERR,ERR,ERR,ERR,ERR,ERR,ERR,ERR,ERR,ERR,ERR,ERR,ERR,ERR,ERR,ERR,ERR,ERR,ERR,ERR,ERR,ERR,ERR,ERR,ERR,ERR,ERR,ERR,ERR,ERR,ERR,ERR,ERR,ERR,ERR,ERR,ERR,ERR,ERR,ERR,ERR,ERR,ERR,ERR,ERR,ERR,ERR,ERR,ERR,ERR,ERR,ERR,ERR,ERR,ERR,ERR,ERR,ERR,ERR,ERR,ERR,ERR,ERR,ERR,ERR,ERR,ERR,ERR,ERR,ERR,ERR,ERR,ERR,ERR,ERR,ERR,ERR,ERR,ERR,ERR,ERR,ERR,ERR,ERR,ERR,ERR,ERR,ERR,ERR,ERR,ERR,ERR,ERR,ERR,ERR,ERR,ERR,ERR,ERR,ERR,ERR,ERR,ERR,ERR,ERR,ERR,ERR,ERR,ERR,ERR,ERR,ERR,ERR,ERR,ERR,ERR,ERR,ERR,-0.0,-107616344.0,0.0,-0.0,-1.8487030179751264e+19,-0.0,1.2151017895305071e+27,-0.008,4300,0,8,17172,4300,-0.0,40,0.0,0.0,-0.0,0.0,0.0,0,0,0,0,0.0,0,0,0,0,0,0,0,0,0,0,0,0,0,0,0,0,0,0,0,0,0,0,0,0,0,0,0,0,0,0,0,0,0,9,36,36,45,65476,380,65476,1,0,4,21553,0.0,2.7183305813883192e+23,-63.565,0.0,0.0,0.0,0.0,0.0,0.0,0.0,0.0,0.0,0.0,0.0,0.0,0.0,0.0,0.0,0.0,0.0,0.0,2.004,-0.0,-2.004,-0.0,-0.0,0.0,0.0,0.0,0.0,6495.0,2.004,0.0,-0.0,-107616344.0,-107616232.0,0.0,0.0,0.0,2.004,2.004,225,0.0,4.066875192005716e+29,0.0,0.0,0.0,0.0,0.0,0.0,0.0,0,0,0,-34430447616.0,0.0,572362063872.0,-7961047552.0,2739105792.0,-0.001,2.9566695748000437e+30,-3.030310622620975e+21,0.0,-1.1361413078995436e+18,-0.0,4036.385,0.0,0.0,0.0,0.0,0,1.3516416376850534e+27,225,0.0,450,-74360974999552.0,0.0,2114,26215,17110,13107,17112,13107,17095,0,0,0,101,100,100,-0.0,63.25,0.0,64.1,0.0,63.75,1,49,50,180,0,13107,0,0,0.0,0.0,0.0,60.0,-1.5111203529566148e+34,70.5,0.0,9.683748904441871e+26,0.0,1070,0,1071,0,0,0,1072,0,1081,0,996,0,638,0,640,0,634,0,675,0.032,6.198106008766409e+21,-2.004,0.0,23056,16813,-7.736936207137868e+36,9.683748904441871e+26,-0.0,0.0,4.1580934969530684e+37,0.0,50.0,60.0,35,0.0,0.0,10.0,2.0,0.0,0.0,0.0,0.0,0.0,0.0,0.0,0.0,0.0,0.0,0.0,0.0,59.2,32,28,65531,27,65476,637,300,0,0,8,20529,65476,0,0,30147,60.0,0.0,10.0,10.0,2.0,0.0
2026-02-16T12:04:58,ERR,ERR,ERR,ERR,ERR,ERR,ERR,ERR,ERR,ERR,ERR,ERR,ERR,ERR,ERR,ERR,ERR,ERR,ERR,ERR,ERR,ERR,ERR,ERR,ERR,ERR,ERR,ERR,ERR,ERR,ERR,ERR,ERR,ERR,ERR,ERR,ERR,ERR,ERR,ERR,ERR,ERR,ERR,ERR,ERR,ERR,ERR,ERR,ERR,ERR,ERR,ERR,ERR,ERR,ERR,ERR,ERR,ERR,ERR,ERR,ERR,ERR,ERR,ERR,ERR,ERR,ERR,ERR,ERR,ERR,ERR,ERR,ERR,ERR,ERR,ERR,ERR,ERR,ERR,ERR,ERR,ERR,ERR,ERR,ERR,ERR,ERR,ERR,ERR,ERR,ERR,ERR,ERR,ERR,ERR,ERR,ERR,ERR,ERR,ERR,ERR,ERR,ERR,ERR,ERR,ERR,ERR,ERR,ERR,ERR,ERR,ERR,ERR,ERR,ERR,ERR,ERR,ERR,ERR,ERR,ERR,ERR,ERR,ERR,ERR,-0.0,-107616344.0,0.0,-0.0,-1.8487030179751264e+19,-0.0,2.3998731254016073e+23,-1.713,4300,0,8,17172,4300,-0.0,41,0.0,0.0,-0.0,0.0,0.0,0,0,0,0,0.0,0,0,0,0,0,0,0,0,0,0,0,0,0,0,0,0,0,0,0,0,0,0,0,0,0,0,0,0,0,0,0,0,0,9,36,36,45,65476,380,65476,1,0,4,21553,0.0,2.7183305813883192e+23,-3.5702361129992595e+25,0.0,0.0,0.0,0.0,0.0,0.0,0.0,0.0,0.0,0.0,0.0,0.0,0.0,0.0,0.0,0.0,0.0,0.0,2.004,-0.0,-2.004,-0.0,-2.004,0.0,0.0,0.0,0.0,6492.0,0.0,0.0,-0.0,-107616344.0,-0.0,0.0,0.0,0.0,2.004,2.004,224,-71.629,71.63,0.0,0.0,0.0,0.0,0.0,0.0,0.0,0,0,0,-0.0,25670144000.0,0.0,0.112,0.0,-1.5659928729968487e+25,1.549542440178482e+28,-2.055353149783068e+20,0.0,-1.227447502249132e+18,-0.0,4392.77,0.0,0.0,0.0,0.0,0,1.3516416376850534e+27,224,0.0,448,-0.0,4.5382711475481616e+24,2114,26215,17110,13107,17112,13107,17095,0,0,0,101,100,100,-0.0,63.25,0.0,64.1,0.0,63.75,1,49,50,180,0,13107,0,0,0.0,0.0,0.0,60.0,-1.5111203529566148e+34,70.5,0.0,9.683748904441871e+26,0.0,1070,0,1071,0,0,0,1072,0,1081,0,996,0,638,0,640,0,634,0,675,0.032,6.198106008766409e+21,-2.004,0.0,23056,16813,-7.736936207137868e+36,9.683748904441871e+26,-0.0,0.0,4.1580934969530684e+37,0.0,50.0,60.0,35,0.0,0.0,10.0,2.0,0.0,0.0,0.0,0.0,0.0,0.0,0.0,0.0,0.0,0.0,0.0,0.0,58.8,35,26,65528,27,65476,477,300,0,0,8,20529,65476,0,0,30147,60.0,0.0,10.0,10.0,2.0,0.0
2026-02-16T12:04:59,ERR,ERR,ERR,ERR,ERR,ERR,ERR,ERR,ERR,ERR,ERR,ERR,ERR,ERR,ERR,ERR,ERR,ERR,ERR,ERR,ERR,ERR,ERR,ERR,ERR,ERR,ERR,ERR,ERR,ERR,ERR,ERR,ERR,ERR,ERR,ERR,ERR,ERR,ERR,ERR,ERR,ERR,ERR,ERR,ERR,ERR,ERR,ERR,ERR,ERR,ERR,ERR,ERR,ERR,ERR,ERR,ERR,ERR,ERR,ERR,ERR,ERR,ERR,ERR,ERR,ERR,ERR,ERR,ERR,ERR,ERR,ERR,ERR,ERR,ERR,ERR,ERR,ERR,ERR,ERR,ERR,ERR,ERR,ERR,ERR,ERR,ERR,ERR,ERR,ERR,ERR,ERR,ERR,ERR,ERR,ERR,ERR,ERR,ERR,ERR,ERR,ERR,ERR,ERR,ERR,ERR,ERR,ERR,ERR,ERR,ERR,ERR,ERR,ERR,ERR,ERR,ERR,ERR,ERR,ERR,ERR,ERR,ERR,ERR,ERR,-0.0,-107616344.0,0.0,-0.0,-1.8487030179751264e+19,-0.0,2.3998731254016073e+23,-1.713,4300,0,8,17172,4300,-0.0,41,0.0,0.0,-0.0,0.0,0.0,0,0,0,0,0.0,0,0,0,0,0,0,0,0,0,0,0,0,0,0,0,0,0,0,0,0,0,0,0,0,0,0,0,0,0,0,0,0,0,9,36,36,45,65476,380,65476,1,0,4,21553,0.0,2.7183305813883192e+23,-3.5702361129992595e+25,0.0,0.0,0.0,0.0,0.0,0.0,0.0,0.0,0.0,0.0,0.0,0.0,0.0,0.0,0.0,0.0,0.0,0.0,2.004,-0.0,-2.004,-0.0,-2.004,0.0,0.0,0.0,0.0,6492.0,0.0,0.0,-0.0,-107616344.0,-0.0,0.0,0.0,0.0,2.004,2.004,224,-71.629,71.63,0.0,0.0,0.0,0.0,0.0,0.0,0.0,0,0,0,-0.0,25670144000.0,0.0,0.112,0.0,-1.5659928729968487e+25,1.549542440178482e+28,-2.055353149783068e+20,0.0,-1.227447502249132e+18,-0.0,4392.77,0.0,0.0,0.0,0.0,0,1.3516416376850534e+27,224,0.0,448,-0.0,4.5382711475481616e+24,2114,26215,17110,13107,17112,13107,17095,0,0,0,101,100,100,-0.0,63.25,0.0,64.1,0.0,63.75,1,49,50,180,0,13107,0,0,0.0,0.0,0.0,60.0,-1.5111203529566148e+34,70.5,0.0,9.683748904441871e+26,0.0,1070,0,1071,0,0,0,1072,0,1081,0,996,0,638,0,640,0,634,0,675,0.032,6.198106008766409e+21,-2.004,0.0,23056,16813,-7.736936207137868e+36,9.683748904441871e+26,-0.0,0.0,4.1580934969530684e+37,0.0,50.0,60.0,35,0.0,0.0,10.0,2.0,0.0,0.0,0.0,0.0,0.0,0.0,0.0,0.0,0.0,0.0,0.0,0.0,58.8,35,26,65528,27,65476,477,300,0,0,8,20529,65476,0,0,30147,60.0,0.0,10.0,10.0,2.0,0.0
2026-02-16T12:05:00,ERR,ERR,ERR,ERR,ERR,ERR,ERR,ERR,ERR,ERR,ERR,ERR,ERR,ERR,ERR,ERR,ERR,ERR,ERR,ERR,ERR,ERR,ERR,ERR,ERR,ERR,ERR,ERR,ERR,ERR,ERR,ERR,ERR,ERR,ERR,ERR,ERR,ERR,ERR,ERR,ERR,ERR,ERR,ERR,ERR,ERR,ERR,ERR,ERR,ERR,ERR,ERR,ERR,ERR,ERR,ERR,ERR,ERR,ERR,ERR,ERR,ERR,ERR,ERR,ERR,ERR,ERR,ERR,ERR,ERR,ERR,ERR,ERR,ERR,ERR,ERR,ERR,ERR,ERR,ERR,ERR,ERR,ERR,ERR,ERR,ERR,ERR,ERR,ERR,ERR,ERR,ERR,ERR,ERR,ERR,ERR,ERR,ERR,ERR,ERR,ERR,ERR,ERR,ERR,ERR,ERR,ERR,ERR,ERR,ERR,ERR,ERR,ERR,ERR,ERR,ERR,ERR,ERR,ERR,ERR,ERR,ERR,ERR,ERR,ERR,-0.0,-107616344.0,0.0,-0.0,-1.8487030179751264e+19,-0.0,2.3998731254016073e+23,-1.713,4300,0,8,17172,4300,-0.0,41,0.0,0.0,-0.0,0.0,0.0,0,0,0,0,0.0,0,0,0,0,0,0,0,0,0,0,0,0,0,0,0,0,0,0,0,0,0,0,0,0,0,0,0,0,0,0,0,0,0,9,36,36,45,65476,380,65476,1,0,4,21553,0.0,2.7183305813883192e+23,-3.5702361129992595e+25,0.0,0.0,0.0,0.0,0.0,0.0,0.0,0.0,0.0,0.0,0.0,0.0,0.0,0.0,0.0,0.0,0.0,0.0,2.004,-0.0,-2.004,-0.0,-2.004,0.0,0.0,0.0,0.0,6492.0,0.0,0.0,-0.0,-107616344.0,-0.0,0.0,0.0,0.0,2.004,2.004,224,-71.629,71.63,0.0,0.0,0.0,0.0,0.0,0.0,0.0,0,0,0,-0.0,25670144000.0,0.0,0.112,0.0,-1.5659928729968487e+25,1.549542440178482e+28,-2.055353149783068e+20,0.0,-1.227447502249132e+18,-0.0,4392.77,0.0,0.0,0.0,0.0,0,1.3516416376850534e+27,224,0.0,448,-0.0,4.5382711475481616e+24,2114,26215,17110,13107,17112,13107,17095,0,0,0,101,100,100,-0.0,63.25,0.0,64.1,0.0,63.75,1,49,50,180,0,13107,0,0,0.0,0.0,0.0,60.0,nan,70.5,0.0,0.0,0.0,1070,0,1071,0,0,0,1072,0,1081,0,996,0,638,0,640,0,634,0,674,0.032,6.198106008766409e+21,-0.0,-107615280.0,19600,16813,nan,0.0,1.0955922522059706e+26,-0.0,10.766,-1.0914477857665252e+33,50.0,60.0,35,0.0,0.0,10.0,2.0,0.0,0.0,0.0,0.0,0.0,0.0,0.0,0.0,0.0,0.0,0.0,0.0,59.2,37,24,65526,27,65476,398,300,0,0,8,20529,65476,0,0,30147,60.0,0.0,10.0,10.0,2.0,0.0
2026-02-16T12:05:01,ERR,ERR,ERR,ERR,ERR,ERR,ERR,ERR,ERR,ERR,ERR,ERR,ERR,ERR,ERR,ERR,ERR,ERR,ERR,ERR,ERR,ERR,ERR,ERR,ERR,ERR,ERR,ERR,ERR,ERR,ERR,ERR,ERR,ERR,ERR,ERR,ERR,ERR,ERR,ERR,ERR,ERR,ERR,ERR,ERR,ERR,ERR,ERR,ERR,ERR,ERR,ERR,ERR,ERR,ERR,ERR,ERR,ERR,ERR,ERR,ERR,ERR,ERR,ERR,ERR,ERR,ERR,ERR,ERR,ERR,ERR,ERR,ERR,ERR,ERR,ERR,ERR,ERR,ERR,ERR,ERR,ERR,ERR,ERR,ERR,ERR,ERR,ERR,ERR,ERR,ERR,ERR,ERR,ERR,ERR,ERR,ERR,ERR,ERR,ERR,ERR,ERR,ERR,ERR,ERR,ERR,ERR,ERR,ERR,ERR,ERR,ERR,ERR,ERR,ERR,ERR,ERR,ERR,ERR,ERR,ERR,ERR,ERR,ERR,ERR,-0.0,-107616344.0,0.0,-0.0,-1.8487030179751264e+19,-0.0,2.3998731254016073e+23,-1.713,4300,0,8,17172,4300,-0.0,41,0.0,0.0,-0.0,0.0,0.0,0,0,0,0,0.0,0,0,0,0,0,0,0,0,0,0,0,0,0,0,0,0,0,0,0,0,0,0,0,0,0,0,0,0,0,0,0,0,0,9,36,36,45,65476,380,65476,1,0,4,21553,0.0,2.7183305813883192e+23,-3.5702361129992595e+25,0.0,0.0,0.0,0.0,0.0,0.0,0.0,0.0,0.0,0.0,0.0,0.0,0.0,0.0,0.0,0.0,0.0,0.0,2.004,-0.0,-2.004,-0.0,-2.004,0.0,0.0,0.0,0.0,6492.0,0.0,0.0,-0.0,-107616344.0,-0.0,0.0,0.0,0.0,2.004,2.004,224,-71.629,71.63,0.0,0.0,0.0,0.0,0.0,0.0,0.0,0,0,0,-0.0,25670144000.0,0.0,0.112,0.0,-1.5659928729968487e+25,1.549542440178482e+28,-2.055353149783068e+20,0.0,-1.227447502249132e+18,-0.0,4392.77,0.0,0.0,0.0,0.0,0,1.3516416376850534e+27,224,0.0,448,-0.0,4.5382711475481616e+24,2114,26215,17110,13107,17112,13107,17095,0,0,0,101,100,100,-0.0,63.25,0.0,64.1,0.0,63.75,1,49,50,180,0,13107,0,0,0.0,0.0,0.0,60.0,nan,70.5,0.0,0.0,0.0,1070,0,1071,0,0,0,1072,0,1081,0,996,0,638,0,640,0,634,0,674,0.032,6.198106008766409e+21,-0.0,-107615280.0,19600,16813,nan,0.0,1.0955922522059706e+26,-0.0,10.766,-1.0914477857665252e+33,50.0,60.0,35,0.0,0.0,10.0,2.0,0.0,0.0,0.0,0.0,0.0,0.0,0.0,0.0,0.0,0.0,0.0,0.0,59.2,37,24,65526,27,65476,398,300,0,0,8,20529,65476,0,0,30147,60.0,0.0,10.0,10.0,2.0,0.0
2026-02-16T12:05:02,ERR,ERR,ERR,ERR,ERR,ERR,ERR,ERR,ERR,ERR,ERR,ERR,ERR,ERR,ERR,ERR,ERR,ERR,ERR,ERR,ERR,ERR,ERR,ERR,ERR,ERR,ERR,ERR,ERR,ERR,ERR,ERR,ERR,ERR,ERR,ERR,ERR,ERR,ERR,ERR,ERR,ERR,ERR,ERR,ERR,ERR,ERR,ERR,ERR,ERR,ERR,ERR,ERR,ERR,ERR,ERR,ERR,ERR,ERR,ERR,ERR,ERR,ERR,ERR,ERR,ERR,ERR,ERR,ERR,ERR,ERR,ERR,ERR,ERR,ERR,ERR,ERR,ERR,ERR,ERR,ERR,ERR,ERR,ERR,ERR,ERR,ERR,ERR,ERR,ERR,ERR,ERR,ERR,ERR,ERR,ERR,ERR,ERR,ERR,ERR,ERR,ERR,ERR,ERR,ERR,ERR,ERR,ERR,ERR,ERR,ERR,ERR,ERR,ERR,ERR,ERR,ERR,ERR,ERR,ERR,ERR,ERR,ERR,ERR,ERR,-0.0,-107616344.0,0.0,-0.0,-1.8487030179751264e+19,-0.0,1.4360548868442859e+23,-2.285,4300,0,8,17172,4300,-0.0,41,0.0,0.0,-0.0,0.0,2.7184166902131945e+23,0,0,0,0,0.0,0,0,0,0,0,0,0,0,0,0,0,0,0,0,0,0,0,0,0,0,0,0,0,0,0,0,0,0,0,0,0,0,0,10,35,35,45,65476,379,65476,1,0,4,21553,0.0,2.7183305813883192e+23,3.988,0.0,0.0,0.0,0.0,0.0,0.0,0.0,0.0,0.0,0.0,0.0,0.0,0.0,0.0,0.0,0.0,0.0,0.0,2.004,-0.0,-2.004,3.697074423243316e+19,-2.004,0.0,0.0,0.0,0.0,6455.0,2.004,0.0,-0.0,-107616344.0,2.718450016850437e+23,0.0,0.0,0.0,2.004,2.004,225,-0.0,-107615232.0,0.0,0.0,0.0,0.0,0.0,0.0,0.0,0,0,0,-0.003,-1.0935722893010534e+17,5.449839334234522e+18,-6.694372587472316e+19,307655868416.0,-0.001,102689267712.0,-0.0,0.0,-1.335533893306024e+18,-0.0,4744.77,0.0,0.0,0.0,0.0,0,1.3516416376850534e+27,223,0.0,446,-74360974999552.0,0.0,2114,26215,17110,13107,17112,13107,17095,0,0,0,101,100,100,-0.0,63.25,0.0,64.1,0.0,63.75,1,49,50,180,0,13107,0,0,0.0,0.0,0.0,60.0,nan,70.5,0.0,0.0,0.0,1070,0,1071,0,0,0,1072,0,1081,0,996,0,638,0,640,0,634,0,674,0.032,6.198106008766409e+21,-0.0,-107615280.0,19600,16813,nan,0.0,1.0955922522059706e+26,-0.0,10.766,-1.0914477857665252e+33,50.0,60.0,35,0.0,0.0,10.0,2.0,0.0,0.0,0.0,0.0,0.0,0.0,0.0,0.0,0.0,0.0,0.0,0.0,58.8,43,19,65520,27,65476,239,300,0,0,8,20529,65476,0,0,30147,60.0,0.0,10.0,10.0,2.0,0.0
2026-02-16T12:05:03,ERR,ERR,ERR,ERR,ERR,ERR,ERR,ERR,ERR,ERR,ERR,ERR,ERR,ERR,ERR,ERR,ERR,ERR,ERR,ERR,ERR,ERR,ERR,ERR,ERR,ERR,ERR,ERR,ERR,ERR,ERR,ERR,ERR,ERR,ERR,ERR,ERR,ERR,ERR,ERR,ERR,ERR,ERR,ERR,ERR,ERR,ERR,ERR,ERR,ERR,ERR,ERR,ERR,ERR,ERR,ERR,ERR,ERR,ERR,ERR,ERR,ERR,ERR,ERR,ERR,ERR,ERR,ERR,ERR,ERR,ERR,ERR,ERR,ERR,ERR,ERR,ERR,ERR,ERR,ERR,ERR,ERR,ERR,ERR,ERR,ERR,ERR,ERR,ERR,ERR,ERR,ERR,ERR,ERR,ERR,ERR,ERR,ERR,ERR,ERR,ERR,ERR,ERR,ERR,ERR,ERR,ERR,ERR,ERR,ERR,ERR,ERR,ERR,ERR,ERR,ERR,ERR,ERR,ERR,ERR,ERR,ERR,ERR,ERR,ERR,-0.0,-107616344.0,0.0,-0.0,-1.8487030179751264e+19,-0.0,1.4360548868442859e+23,-2.285,4300,0,8,17172,4300,-0.0,41,0.0,0.0,-0.0,0.0,2.7184166902131945e+23,0,0,0,0,0.0,0,0,0,0,0,0,0,0,0,0,0,0,0,0,0,0,0,0,0,0,0,0,0,0,0,0,0,0,0,0,0,0,0,10,35,35,45,65476,379,65476,1,0,4,21553,0.0,2.7183305813883192e+23,3.988,0.0,0.0,0.0,0.0,0.0,0.0,0.0,0.0,0.0,0.0,0.0,0.0,0.0,0.0,0.0,0.0,0.0,0.0,2.004,-0.0,-2.004,3.697074423243316e+19,-2.004,0.0,0.0,0.0,0.0,6455.0,2.004,0.0,-0.0,-107616344.0,2.718450016850437e+23,0.0,0.0,0.0,2.004,2.004,225,-0.0,-107615232.0,0.0,0.0,0.0,0.0,0.0,0.0,0.0,0,0,0,-0.003,-1.0935722893010534e+17,5.449839334234522e+18,-6.694372587472316e+19,307655868416.0,-0.001,102689267712.0,-0.0,0.0,-1.335533893306024e+18,-0.0,4744.77,0.0,0.0,0.0,0.0,0,1.3516416376850534e+27,223,0.0,446,-74360974999552.0,0.0,2114,26215,17110,13107,17112,13107,17095,0,0,0,101,100,100,-0.0,63.25,0.0,64.1,0.0,63.75,1,49,50,180,0,13107,0,0,0.0,0.0,0.0,60.0,nan,70.5,0.0,0.0,0.0,1070,0,1071,0,0,0,1072,0,1081,0,996,0,638,0,640,0,634,0,674,0.032,6.198106008766409e+21,-0.0,-107615280.0,19600,16813,nan,0.0,1.0955922522059706e+26,-0.0,10.766,-1.0914477857665252e+33,50.0,60.0,35,0.0,0.0,10.0,2.0,0.0,0.0,0.0,0.0,0.0,0.0,0.0,0.0,0.0,0.0,0.0,0.0,58.8,48,15,65515,27,65476,77,300,0,0,8,20529,65476,0,0,30147,60.0,0.0,10.0,10.0,2.0,0.0
2026-02-16T12:05:04,ERR,ERR,ERR,ERR,ERR,ERR,ERR,ERR,ERR,ERR,ERR,ERR,ERR,ERR,ERR,ERR,ERR,ERR,ERR,ERR,ERR,ERR,ERR,ERR,ERR,ERR,ERR,ERR,ERR,ERR,ERR,ERR,ERR,ERR,ERR,ERR,ERR,ERR,ERR,ERR,ERR,ERR,ERR,ERR,ERR,ERR,ERR,ERR,ERR,ERR,ERR,ERR,ERR,ERR,ERR,ERR,ERR,ERR,ERR,ERR,ERR,ERR,ERR,ERR,ERR,ERR,ERR,ERR,ERR,ERR,ERR,ERR,ERR,ERR,ERR,ERR,ERR,ERR,ERR,ERR,ERR,ERR,ERR,ERR,ERR,ERR,ERR,ERR,ERR,ERR,ERR,ERR,ERR,ERR,ERR,ERR,ERR,ERR,ERR,ERR,ERR,ERR,ERR,ERR,ERR,ERR,ERR,ERR,ERR,ERR,ERR,ERR,ERR,ERR,ERR,ERR,ERR,ERR,ERR,ERR,ERR,ERR,ERR,ERR,ERR,-0.0,-107616344.0,0.0,-0.0,-1.8487030179751264e+19,-0.0,1.4360548868442859e+23,-2.285,4300,0,8,17172,4300,-0.0,41,0.0,0.0,-0.0,0.0,2.7184166902131945e+23,0,0,0,0,0.0,0,0,0,0,0,0,0,0,0,0,0,0,0,0,0,0,0,0,0,0,0,0,0,0,0,0,0,0,0,0,0,0,0,10,35,35,45,65476,379,65476,1,0,4,21553,0.0,2.7183305813883192e+23,3.988,0.0,0.0,0.0,0.0,0.0,0.0,0.0,0.0,0.0,0.0,0.0,0.0,0.0,0.0,0.0,0.0,0.0,0.0,2.004,-0.0,-2.004,3.697074423243316e+19,-2.004,0.0,0.0,0.0,0.0,6455.0,2.004,0.0,-0.0,-107616344.0,2.718450016850437e+23,0.0,0.0,0.0,2.004,2.004,225,-0.0,-107615232.0,0.0,0.0,0.0,0.0,0.0,0.0,0.0,0,0,0,-0.003,-1.0935722893010534e+17,5.449839334234522e+18,-6.694372587472316e+19,307655868416.0,-0.001,102689267712.0,-0.0,0.0,-1.335533893306024e+18,-0.0,4744.77,0.0,0.0,0.0,0.0,0,1.3516416376850534e+27,223,0.0,446,-74360974999552.0,0.0,2114,26215,17110,13107,17112,13107,17095,0,0,0,101,100,100,-0.0,63.25,0.0,64.1,0.0,63.75,1,49,50,180,0,13107,0,0,0.0,0.0,0.0,60.0,-1.0307035384952068e+24,70.5,0.0,-210.255,0.0,1070,0,1071,0,0,0,1072,0,1081,0,996,0,638,0,640,0,634,0,674,0.032,6.16121252061899e+21,-0.0,-107615280.0,6544,16813,-2.2013663176199825e+28,2.5393452991082337e+31,-0.292,1.2599399796020987e+22,6.888105362158424e+34,4.1735780984766e+21,50.0,60.0,35,0.0,0.0,10.0,2.0,0.0,0.0,0.0,0.0,0.0,0.0,0.0,0.0,0.0,0.0,0.0,0.0,58.8,48,15,65515,27,65476,77,300,0,0,8,20529,65476,0,0,30147,60.0,0.0,10.0,10.0,2.0,0.0
2026-02-16T12:05:05,ERR,ERR,ERR,ERR,ERR,ERR,ERR,ERR,ERR,ERR,ERR,ERR,ERR,ERR,ERR,ERR,ERR,ERR,ERR,ERR,ERR,ERR,ERR,ERR,ERR,ERR,ERR,ERR,ERR,ERR,ERR,ERR,ERR,ERR,ERR,ERR,ERR,ERR,ERR,ERR,ERR,ERR,ERR,ERR,ERR,ERR,ERR,ERR,ERR,ERR,ERR,ERR,ERR,ERR,ERR,ERR,ERR,ERR,ERR,ERR,ERR,ERR,ERR,ERR,ERR,ERR,ERR,ERR,ERR,ERR,ERR,ERR,ERR,ERR,ERR,ERR,ERR,ERR,ERR,ERR,ERR,ERR,ERR,ERR,ERR,ERR,ERR,ERR,ERR,ERR,ERR,ERR,ERR,ERR,ERR,ERR,ERR,ERR,ERR,ERR,ERR,ERR,ERR,ERR,ERR,ERR,ERR,ERR,ERR,ERR,ERR,ERR,ERR,ERR,ERR,ERR,ERR,ERR,ERR,ERR,ERR,ERR,ERR,ERR,ERR,-0.0,-107616344.0,0.0,-0.0,-1.8487030179751264e+19,-0.0,1.4360548868442859e+23,-2.285,4300,0,8,17172,4300,-0.0,41,0.0,0.0,-0.0,0.0,2.7184166902131945e+23,0,0,0,0,0.0,0,0,0,0,0,0,0,0,0,0,0,0,0,0,0,0,0,0,0,0,0,0,0,0,0,0,0,0,0,0,0,0,0,10,35,35,45,65476,379,65476,1,0,4,21553,0.0,2.7183305813883192e+23,3.988,0.0,0.0,0.0,0.0,0.0,0.0,0.0,0.0,0.0,0.0,0.0,0.0,0.0,0.0,0.0,0.0,0.0,0.0,2.004,-0.0,-2.004,3.697074423243316e+19,-2.004,0.0,0.0,0.0,0.0,6455.0,2.004,0.0,-0.0,-107616344.0,2.718450016850437e+23,0.0,0.0,0.0,2.004,2.004,225,-0.0,-107615232.0,0.0,0.0,0.0,0.0,0.0,0.0,0.0,0,0,0,-0.003,-1.0935722893010534e+17,5.449839334234522e+18,-6.694372587472316e+19,307655868416.0,-0.001,102689267712.0,-0.0,0.0,-1.335533893306024e+18,-0.0,4744.77,0.0,0.0,0.0,0.0,0,1.3516416376850534e+27,223,0.0,446,-74360974999552.0,0.0,2114,26215,17110,13107,17112,13107,17095,0,0,0,101,100,100,-0.0,63.25,0.0,64.1,0.0,63.75,1,49,50,180,0,13107,0,0,0.0,0.0,0.0,60.0,-1.0307035384952068e+24,70.5,0.0,-210.255,0.0,1070,0,1071,0,0,0,1072,0,1081,0,996,0,638,0,640,0,634,0,674,0.032,6.16121252061899e+21,-0.0,-107615280.0,6544,16813,-2.2013663176199825e+28,2.5393452991082337e+31,-0.292,1.2599399796020987e+22,6.888105362158424e+34,4.1735780984766e+21,50.0,60.0,35,0.0,0.0,10.0,2.0,0.0,0.0,0.0,0.0,0.0,0.0,0.0,0.0,0.0,0.0,0.0,0.0,58.8,52,13,65511,27,65476,0,300,0,0,8,20529,65476,0,0,30147,60.0,0.0,10.0,10.0,2.0,0.0
2026-02-16T12:05:06,ERR,ERR,ERR,ERR,ERR,ERR,ERR,ERR,ERR,ERR,ERR,ERR,ERR,ERR,ERR,ERR,ERR,ERR,ERR,ERR,ERR,ERR,ERR,ERR,ERR,ERR,ERR,ERR,ERR,ERR,ERR,ERR,ERR,ERR,ERR,ERR,ERR,ERR,ERR,ERR,ERR,ERR,ERR,ERR,ERR,ERR,ERR,ERR,ERR,ERR,ERR,ERR,ERR,ERR,ERR,ERR,ERR,ERR,ERR,ERR,ERR,ERR,ERR,ERR,ERR,ERR,ERR,ERR,ERR,ERR,ERR,ERR,ERR,ERR,ERR,ERR,ERR,ERR,ERR,ERR,ERR,ERR,ERR,ERR,ERR,ERR,ERR,ERR,ERR,ERR,ERR,ERR,ERR,ERR,ERR,ERR,ERR,ERR,ERR,ERR,ERR,ERR,ERR,ERR,ERR,ERR,ERR,ERR,ERR,ERR,ERR,ERR,ERR,ERR,ERR,ERR,ERR,ERR,ERR,ERR,ERR,ERR,ERR,ERR,ERR,-0.0,-107616344.0,0.0,-0.0,-1.8487030179751264e+19,-0.0,1.4360548868442859e+23,-2.285,4300,0,8,17172,4300,-0.0,41,0.0,0.0,-0.0,0.0,2.7184166902131945e+23,0,0,0,0,0.0,0,0,0,0,0,0,0,0,0,0,0,0,0,0,0,0,0,0,0,0,0,0,0,0,0,0,0,0,0,0,0,0,0,10,35,35,45,65476,379,65476,1,0,4,21553,0.0,2.7183305813883192e+23,3.988,0.0,0.0,0.0,0.0,0.0,0.0,0.0,0.0,0.0,0.0,0.0,0.0,0.0,0.0,0.0,0.0,0.0,0.0,2.004,-0.0,-2.004,3.697074423243316e+19,-2.004,0.0,0.0,0.0,0.0,6455.0,2.004,0.0,-0.0,-107616344.0,2.718450016850437e+23,0.0,0.0,0.0,2.004,2.004,225,-0.0,-107615232.0,0.0,0.0,0.0,0.0,0.0,0.0,0.0,0,0,0,-0.003,-1.0935722893010534e+17,5.449839334234522e+18,-6.694372587472316e+19,307655868416.0,-0.001,102689267712.0,-0.0,0.0,-1.335533893306024e+18,-0.0,4744.77,0.0,0.0,0.0,0.0,0,1.3516416376850534e+27,223,0.0,446,-74360974999552.0,0.0,2114,26215,17110,13107,17112,13107,17095,0,0,0,101,100,100,-0.0,63.25,0.0,64.1,0.0,63.75,1,49,50,180,0,13107,0,0,0.0,0.0,0.0,60.0,-1.0307035384952068e+24,70.5,0.0,-210.255,0.0,1070,0,1071,0,0,0,1072,0,1081,0,996,0,638,0,640,0,634,0,674,0.032,6.16121252061899e+21,-0.0,-107615280.0,6544,16813,-2.2013663176199825e+28,2.5393452991082337e+31,-0.292,1.2599399796020987e+22,6.888105362158424e+34,4.1735780984766e+21,50.0,60.0,35,0.0,0.0,10.0,2.0,0.0,0.0,0.0,0.0,0.0,0.0,0.0,0.0,0.0,0.0,0.0,0.0,58.8,52,13,65511,27,65476,0,300,0,0,8,20529,65476,0,0,30147,60.0,0.0,10.0,10.0,2.0,0.0
2026-02-16T12:05:07,ERR,ERR,ERR,ERR,ERR,ERR,ERR,ERR,ERR,ERR,ERR,ERR,ERR,ERR,ERR,ERR,ERR,ERR,ERR,ERR,ERR,ERR,ERR,ERR,ERR,ERR,ERR,ERR,ERR,ERR,ERR,ERR,ERR,ERR,ERR,ERR,ERR,ERR,ERR,ERR,ERR,ERR,ERR,ERR,ERR,ERR,ERR,ERR,ERR,ERR,ERR,ERR,ERR,ERR,ERR,ERR,ERR,ERR,ERR,ERR,ERR,ERR,ERR,ERR,ERR,ERR,ERR,ERR,ERR,ERR,ERR,ERR,ERR,ERR,ERR,ERR,ERR,ERR,ERR,ERR,ERR,ERR,ERR,ERR,ERR,ERR,ERR,ERR,ERR,ERR,ERR,ERR,ERR,ERR,ERR,ERR,ERR,ERR,ERR,ERR,ERR,ERR,ERR,ERR,ERR,ERR,ERR,ERR,ERR,ERR,ERR,ERR,ERR,ERR,ERR,ERR,ERR,ERR,ERR,ERR,ERR,ERR,ERR,ERR,ERR,-0.0,-107616344.0,0.0,-0.0,-1.8487030179751264e+19,-683991498752.0,-0.0,-0.0,4300,0,8,17172,4300,-0.0,41,0.0,0.0,-0.0,0.0,2.7184166902131945e+23,0,0,0,0,0.0,0,0,0,0,0,0,0,0,0,0,0,0,0,0,0,0,0,0,0,0,0,0,0,0,0,0,0,0,0,0,0,0,0,10,35,35,45,65476,380,65476,1,0,4,21553,0.0,-0.0,0.0,0.0,0.0,0.0,0.0,0.0,0.0,0.0,0.0,0.0,0.0,0.0,0.0,0.0,0.0,0.0,0.0,0.0,0.0,2.004,-0.0,-2.004,3.697074423243316e+19,-2.004,0.0,0.0,0.0,0.0,6455.0,0.0,0.0,-0.0,-107616344.0,2.718450016850437e+23,0.0,0.0,0.0,2.004,2.004,225,-0.0,-0.059,0.0,0.0,0.0,0.0,0.0,0.0,0.0,0,0,0,-2.8358639504949963e+28,-0.008,1.81125162946146e+38,-2.5715898397657026e+22,1.965843247771666e+27,-0.0,0.0,-0.015,-4.848525368871212e+22,-1.4436202843629158e+18,-0.0,5192.77,0.0,0.0,0.0,0.0,0,1.3516416376850534e+27,224,0.0,448,-74360974999552.0,0.0,2114,26215,17110,13107,17112,13107,17095,0,0,0,101,100,100,-0.0,63.25,0.0,64.1,0.0,63.75,1,49,50,180,0,13107,0,0,0.0,0.0,0.0,60.0,-1.1935286617563948e+28,70.5,0.0,-0.0,0.0,1070,0,1071,0,0,0,1072,0,1081,0,996,0,638,0,640,0,634,0,674,0.032,6.16121252061899e+21,-0.0,-107615280.0,3856,16813,-1.1935286617563948e+28,-0.0,-2.299656400881582e+17,0.0,-0.0,4.3044166310265726e+36,50.0,60.0,35,0.0,0.0,10.0,2.0,0.0,0.0,0.0,0.0,0.0,0.0,0.0,0.0,0.0,0.0,0.0,0.0,58.8,57,10,65506,27,65476,0,300,0,0,8,20529,65476,0,0,30147,60.0,0.0,10.0,10.0,2.0,0.0
2026-02-16T12:05:08,ERR,ERR,ERR,ERR,ERR,ERR,ERR,ERR,ERR,ERR,ERR,ERR,ERR,ERR,ERR,ERR,ERR,ERR,ERR,ERR,ERR,ERR,ERR,ERR,ERR,ERR,ERR,ERR,ERR,ERR,ERR,ERR,ERR,ERR,ERR,ERR,ERR,ERR,ERR,ERR,ERR,ERR,ERR,ERR,ERR,ERR,ERR,ERR,ERR,ERR,ERR,ERR,ERR,ERR,ERR,ERR,ERR,ERR,ERR,ERR,ERR,ERR,ERR,ERR,ERR,ERR,ERR,ERR,ERR,ERR,ERR,ERR,ERR,ERR,ERR,ERR,ERR,ERR,ERR,ERR,ERR,ERR,ERR,ERR,ERR,ERR,ERR,ERR,ERR,ERR,ERR,ERR,ERR,ERR,ERR,ERR,ERR,ERR,ERR,ERR,ERR,ERR,ERR,ERR,ERR,ERR,ERR,ERR,ERR,ERR,ERR,ERR,ERR,ERR,ERR,ERR,ERR,ERR,ERR,ERR,ERR,ERR,ERR,ERR,ERR,-0.0,-107616344.0,0.0,-0.0,-1.8487030179751264e+19,-683991498752.0,-0.0,-0.0,4300,0,8,17172,4300,-0.0,41,0.0,0.0,-0.0,0.0,2.7184166902131945e+23,0,0,0,0,0.0,0,0,0,0,0,0,0,0,0,0,0,0,0,0,0,0,0,0,0,0,0,0,0,0,0,0,0,0,0,0,0,0,0,10,35,35,45,65476,380,65476,1,0,4,21553,0.0,-0.0,0.0,0.0,0.0,0.0,0.0,0.0,0.0,0.0,0.0,0.0,0.0,0.0,0.0,0.0,0.0,0.0,0.0,0.0,0.0,2.004,-0.0,-2.004,3.697074423243316e+19,-2.004,0.0,0.0,0.0,0.0,6455.0,0.0,0.0,-0.0,-107616344.0,2.718450016850437e+23,0.0,0.0,0.0,2.004,2.004,225,-0.0,-0.059,0.0,0.0,0.0,0.0,0.0,0.0,0.0,0,0,0,-2.8358639504949963e+28,-0.008,1.81125162946146e+38,-2.5715898397657026e+22,1.965843247771666e+27,-0.0,0.0,-0.015,-4.848525368871212e+22,-1.4436202843629158e+18,-0.0,5192.77,0.0,0.0,0.0,0.0,0,1.3516416376850534e+27,224,0.0,448,-74360974999552.0,0.0,2114,26215,17110,13107,17112,13107,17095,0,0,0,101,100,100,-0.0,63.25,0.0,64.1,0.0,63.75,1,49,50,180,0,13107,0,0,0.0,0.0,0.0,60.0,-1.1935286617563948e+28,70.5,0.0,-0.0,0.0,1070,0,1071,0,0,0,1072,0,1081,0,996,0,638,0,640,0,634,0,674,0.032,6.16121252061899e+21,-0.0,-107615280.0,3856,16813,-1.1935286617563948e+28,-0.0,-2.299656400881582e+17,0.0,-0.0,4.3044166310265726e+36,50.0,60.0,35,0.0,0.0,10.0,2.0,0.0,0.0,0.0,0.0,0.0,0.0,0.0,0.0,0.0,0.0,0.0,0.0,58.8,57,10,65506,27,65476,0,300,0,0,8,20529,65476,0,0,30147,60.0,0.0,10.0,10.0,2.0,0.0
2026-02-16T12:05:09,ERR,ERR,ERR,ERR,ERR,ERR,ERR,ERR,ERR,ERR,ERR,ERR,ERR,ERR,ERR,ERR,ERR,ERR,ERR,ERR,ERR,ERR,ERR,ERR,ERR,ERR,ERR,ERR,ERR,ERR,ERR,ERR,ERR,ERR,ERR,ERR,ERR,ERR,ERR,ERR,ERR,ERR,ERR,ERR,ERR,ERR,ERR,ERR,ERR,ERR,ERR,ERR,ERR,ERR,ERR,ERR,ERR,ERR,ERR,ERR,ERR,ERR,ERR,ERR,ERR,ERR,ERR,ERR,ERR,ERR,ERR,ERR,ERR,ERR,ERR,ERR,ERR,ERR,ERR,ERR,ERR,ERR,ERR,ERR,ERR,ERR,ERR,ERR,ERR,ERR,ERR,ERR,ERR,ERR,ERR,ERR,ERR,ERR,ERR,ERR,ERR,ERR,ERR,ERR,ERR,ERR,ERR,ERR,ERR,ERR,ERR,ERR,ERR,ERR,ERR,ERR,ERR,ERR,ERR,ERR,ERR,ERR,ERR,ERR,ERR,-0.0,-107616344.0,0.0,-0.0,-1.8487030179751264e+19,-683991498752.0,-0.0,-0.0,4300,0,8,17172,4300,-0.0,41,0.0,0.0,-0.0,0.0,2.7184166902131945e+23,0,0,0,0,0.0,0,0,0,0,0,0,0,0,0,0,0,0,0,0,0,0,0,0,0,0,0,0,0,0,0,0,0,0,0,0,0,0,0,10,35,35,45,65476,380,65476,1,0,4,21553,0.0,-0.0,0.0,0.0,0.0,0.0,0.0,0.0,0.0,0.0,0.0,0.0,0.0,0.0,0.0,0.0,0.0,0.0,0.0,0.0,0.0,2.004,-0.0,-2.004,3.697074423243316e+19,-2.004,0.0,0.0,0.0,0.0,6455.0,0.0,0.0,-0.0,-107616344.0,2.718450016850437e+23,0.0,0.0,0.0,2.004,2.004,225,-0.0,-0.059,0.0,0.0,0.0,0.0,0.0,0.0,0.0,0,0,0,-2.8358639504949963e+28,-0.008,1.81125162946146e+38,-2.5715898397657026e+22,1.965843247771666e+27,-0.0,0.0,-0.015,-4.848525368871212e+22,-1.4436202843629158e+18,-0.0,5192.77,0.0,0.0,0.0,0.0,0,1.3516416376850534e+27,224,0.0,448,-74360974999552.0,0.0,2114,26215,17110,13107,17112,13107,17095,0,0,0,101,100,100,-0.0,63.25,0.0,64.1,0.0,63.75,1,49,50,180,0,13107,0,0,0.0,0.0,0.0,60.0,-1.1935286617563948e+28,70.5,0.0,-0.0,0.0,1070,0,1071,0,0,0,1072,0,1081,0,996,0,638,0,640,0,634,0,674,0.032,6.16121252061899e+21,-0.0,-107615280.0,3856,16813,-1.1935286617563948e+28,-0.0,-2.299656400881582e+17,0.0,-0.0,4.3044166310265726e+36,50.0,60.0,35,0.0,0.0,10.0,2.0,0.0,0.0,0.0,0.0,0.0,0.0,0.0,0.0,0.0,0.0,0.0,0.0,59.2,59,9,65504,27,65476,0,300,0,0,8,20529,65476,0,0,30147,60.0,0.0,10.0,10.0,2.0,0.0
2026-02-16T12:05:10,ERR,ERR,ERR,ERR,ERR,ERR,ERR,ERR,ERR,ERR,ERR,ERR,ERR,ERR,ERR,ERR,ERR,ERR,ERR,ERR,ERR,ERR,ERR,ERR,ERR,ERR,ERR,ERR,ERR,ERR,ERR,ERR,ERR,ERR,ERR,ERR,ERR,ERR,ERR,ERR,ERR,ERR,ERR,ERR,ERR,ERR,ERR,ERR,ERR,ERR,ERR,ERR,ERR,ERR,ERR,ERR,ERR,ERR,ERR,ERR,ERR,ERR,ERR,ERR,ERR,ERR,ERR,ERR,ERR,ERR,ERR,ERR,ERR,ERR,ERR,ERR,ERR,ERR,ERR,ERR,ERR,ERR,ERR,ERR,ERR,ERR,ERR,ERR,ERR,ERR,ERR,ERR,ERR,ERR,ERR,ERR,ERR,ERR,ERR,ERR,ERR,ERR,ERR,ERR,ERR,ERR,ERR,ERR,ERR,ERR,ERR,ERR,ERR,ERR,ERR,ERR,ERR,ERR,ERR,ERR,ERR,ERR,ERR,ERR,ERR,-0.0,-107616344.0,0.0,-0.0,-1.8487030179751264e+19,-683991498752.0,-0.0,-0.0,4300,0,8,17172,4300,-0.0,41,0.0,0.0,-0.0,0.0,2.7184166902131945e+23,0,0,0,0,0.0,0,0,0,0,0,0,0,0,0,0,0,0,0,0,0,0,0,0,0,0,0,0,0,0,0,0,0,0,0,0,0,0,0,10,35,35,45,65476,380,65476,1,0,4,21553,0.0,-0.0,0.0,0.0,0.0,0.0,0.0,0.0,0.0,0.0,0.0,0.0,0.0,0.0,0.0,0.0,0.0,0.0,0.0,0.0,0.0,2.004,-0.0,-2.004,3.697074423243316e+19,-2.004,0.0,0.0,0.0,0.0,6455.0,0.0,0.0,-0.0,-107616344.0,2.718450016850437e+23,0.0,0.0,0.0,2.004,2.004,225,-0.0,-0.059,0.0,0.0,0.0,0.0,0.0,0.0,0.0,0,0,0,-2.8358639504949963e+28,-0.008,1.81125162946146e+38,-2.5715898397657026e+22,1.965843247771666e+27,-0.0,0.0,-0.015,-4.848525368871212e+22,-1.4436202843629158e+18,-0.0,5192.77,0.0,0.0,0.0,0.0,0,1.3516416376850534e+27,224,0.0,448,-74360974999552.0,0.0,2114,26215,17110,13107,17112,13107,17095,0,0,0,101,100,100,-0.0,63.25,0.0,64.1,0.0,63.75,1,49,50,180,0,13107,0,0,0.0,0.0,0.0,60.0,-6.810028897169283e+24,70.5,0.0,-1.2295027936939707e+27,0.0,1070,0,1071,0,0,0,1072,0,1081,0,996,0,638,0,640,0,634,0,674,0.032,6.234999496913828e+21,-0.0,-107615280.0,3472,16813,-1.043286747774976e+16,2.4581251937388095e+21,0.321,0.0,0.0,-61931552.0,50.0,60.0,35,0.0,0.0,10.0,2.0,0.0,0.0,0.0,0.0,0.0,0.0,0.0,0.0,0.0,0.0,0.0,0.0,58.8,57,10,65506,27,65476,0,300,0,0,8,20529,65476,0,0,30147,60.0,0.0,10.0,10.0,2.0,0.0
2026-02-16T12:05:11,ERR,ERR,ERR,ERR,ERR,ERR,ERR,ERR,ERR,ERR,ERR,ERR,ERR,ERR,ERR,ERR,ERR,ERR,ERR,ERR,ERR,ERR,ERR,ERR,ERR,ERR,ERR,ERR,ERR,ERR,ERR,ERR,ERR,ERR,ERR,ERR,ERR,ERR,ERR,ERR,ERR,ERR,ERR,ERR,ERR,ERR,ERR,ERR,ERR,ERR,ERR,ERR,ERR,ERR,ERR,ERR,ERR,ERR,ERR,ERR,ERR,ERR,ERR,ERR,ERR,ERR,ERR,ERR,ERR,ERR,ERR,ERR,ERR,ERR,ERR,ERR,ERR,ERR,ERR,ERR,ERR,ERR,ERR,ERR,ERR,ERR,ERR,ERR,ERR,ERR,ERR,ERR,ERR,ERR,ERR,ERR,ERR,ERR,ERR,ERR,ERR,ERR,ERR,ERR,ERR,ERR,ERR,ERR,ERR,ERR,ERR,ERR,ERR,ERR,ERR,ERR,ERR,ERR,ERR,ERR,ERR,ERR,ERR,ERR,ERR,-0.0,-107616344.0,0.0,-0.0,-1.8487030179751264e+19,-683991498752.0,-0.0,-0.0,4300,0,8,17172,4300,-0.0,41,0.0,0.0,-0.0,0.0,2.7184166902131945e+23,0,0,0,0,0.0,0,0,0,0,0,0,0,0,0,0,0,0,0,0,0,0,0,0,0,0,0,0,0,0,0,0,0,0,0,0,0,0,0,10,35,35,45,65476,380,65476,1,0,4,21553,0.0,-0.0,0.0,0.0,0.0,0.0,0.0,0.0,0.0,0.0,0.0,0.0,0.0,0.0,0.0,0.0,0.0,0.0,0.0,0.0,0.0,2.004,-0.0,-2.004,3.697074423243316e+19,-2.004,0.0,0.0,0.0,0.0,6455.0,0.0,0.0,-0.0,-107616344.0,2.718450016850437e+23,0.0,0.0,0.0,2.004,2.004,225,-0.0,-0.059,0.0,0.0,0.0,0.0,0.0,0.0,0.0,0,0,0,-2.8358639504949963e+28,-0.008,1.81125162946146e+38,-2.5715898397657026e+22,1.965843247771666e+27,-0.0,0.0,-0.015,-4.848525368871212e+22,-1.4436202843629158e+18,-0.0,5192.77,0.0,0.0,0.0,0.0,0,1.3516416376850534e+27,224,0.0,448,-74360974999552.0,0.0,2114,26215,17110,13107,17112,13107,17095,0,0,0,101,100,100,-0.0,63.25,0.0,64.1,0.0,63.75,1,49,50,180,0,13107,0,0,0.0,0.0,0.0,60.0,-6.810028897169283e+24,70.5,0.0,-1.2295027936939707e+27,0.0,1070,0,1071,0,0,0,1072,0,1081,0,996,0,638,0,640,0,634,0,674,0.032,6.234999496913828e+21,-0.0,-107615280.0,3472,16813,-1.043286747774976e+16,2.4581251937388095e+21,0.321,0.0,0.0,-61931552.0,50.0,60.0,35,0.0,0.0,10.0,2.0,0.0,0.0,0.0,0.0,0.0,0.0,0.0,0.0,0.0,0.0,0.0,0.0,58.8,57,10,65506,27,65476,0,300,0,0,8,20529,65476,0,0,30147,60.0,0.0,10.0,10.0,2.0,0.0
2026-02-16T12:05:12,ERR,ERR,ERR,ERR,ERR,ERR,ERR,ERR,ERR,ERR,ERR,ERR,ERR,ERR,ERR,ERR,ERR,ERR,ERR,ERR,ERR,ERR,ERR,ERR,ERR,ERR,ERR,ERR,ERR,ERR,ERR,ERR,ERR,ERR,ERR,ERR,ERR,ERR,ERR,ERR,ERR,ERR,ERR,ERR,ERR,ERR,ERR,ERR,ERR,ERR,ERR,ERR,ERR,ERR,ERR,ERR,ERR,ERR,ERR,ERR,ERR,ERR,ERR,ERR,ERR,ERR,ERR,ERR,ERR,ERR,ERR,ERR,ERR,ERR,ERR,ERR,ERR,ERR,ERR,ERR,ERR,ERR,ERR,ERR,ERR,ERR,ERR,ERR,ERR,ERR,ERR,ERR,ERR,ERR,ERR,ERR,ERR,ERR,ERR,ERR,ERR,ERR,ERR,ERR,ERR,ERR,ERR,ERR,ERR,ERR,ERR,ERR,ERR,ERR,ERR,ERR,ERR,ERR,ERR,ERR,ERR,ERR,ERR,ERR,ERR,-0.0,-107616344.0,0.0,-0.0,-1.8487030179751264e+19,3.05192805845834e+23,-1.8726746913774013e+24,0.0,4300,0,8,17172,4300,-0.0,41,0.0,0.0,-0.0,0.0,2.7184166902131945e+23,0,0,0,0,0.0,0,0,0,0,0,0,0,0,0,0,0,0,0,0,0,0,0,0,0,0,0,0,0,0,0,0,0,0,0,0,0,0,0,10,35,35,45,65476,379,65476,1,0,4,21553,0.0,2.7183305813883192e+23,3644989952.0,0.0,0.0,0.0,0.0,0.0,0.0,0.0,0.0,0.0,0.0,0.0,0.0,0.0,0.0,0.0,0.0,0.0,0.0,2.004,-0.0,-2.004,2.004,-0.0,0.0,0.0,0.0,0.0,6452.0,0.0,0.0,-0.0,-107616344.0,0.0,0.0,0.0,0.0,2.004,2.004,225,1.9056859227671757e+17,-0.0,0.0,0.0,0.0,0.0,0.0,0.0,0.0,0,0,0,-3.410984925398168e+31,0.0,2.0440431279707933e+25,-25376.986,0.12,-0.0,-3.1477553366050173e+29,-0.0,-0.001,-1.5607138746745487e+18,-0.0,5544.77,0.0,0.0,0.0,-1.4141087325664313e+19,0,1.3516416376850534e+27,225,0.0,450,-0.0,-0.0,2114,26215,17110,13107,17112,13107,17095,0,0,0,101,100,100,-0.0,63.25,0.0,64.1,0.0,63.75,1,49,50,180,0,13107,0,0,0.0,0.0,0.0,60.0,-6.810028897169283e+24,70.5,0.0,-1.2295027936939707e+27,0.0,1070,0,1071,0,0,0,1072,0,1081,0,996,0,638,0,640,0,634,0,674,0.032,6.234999496913828e+21,-0.0,-107615280.0,3472,16813,-1.043286747774976e+16,2.4581251937388095e+21,0.321,0.0,0.0,-61931552.0,50.0,60.0,35,0.0,0.0,10.0,2.0,0.0,0.0,0.0,0.0,0.0,0.0,0.0,0.0,0.0,0.0,0.0,0.0,58.8,57,10,65506,27,65476,0,300,0,0,8,20529,65476,0,0,30147,60.0,0.0,10.0,10.0,2.0,0.0
2026-02-16T12:05:13,ERR,ERR,ERR,ERR,ERR,ERR,ERR,ERR,ERR,ERR,ERR,ERR,ERR,ERR,ERR,ERR,ERR,ERR,ERR,ERR,ERR,ERR,ERR,ERR,ERR,ERR,ERR,ERR,ERR,ERR,ERR,ERR,ERR,ERR,ERR,ERR,ERR,ERR,ERR,ERR,ERR,ERR,ERR,ERR,ERR,ERR,ERR,ERR,ERR,ERR,ERR,ERR,ERR,ERR,ERR,ERR,ERR,ERR,ERR,ERR,ERR,ERR,ERR,ERR,ERR,ERR,ERR,ERR,ERR,ERR,ERR,ERR,ERR,ERR,ERR,ERR,ERR,ERR,ERR,ERR,ERR,ERR,ERR,ERR,ERR,ERR,ERR,ERR,ERR,ERR,ERR,ERR,ERR,ERR,ERR,ERR,ERR,ERR,ERR,ERR,ERR,ERR,ERR,ERR,ERR,ERR,ERR,ERR,ERR,ERR,ERR,ERR,ERR,ERR,ERR,ERR,ERR,ERR,ERR,ERR,ERR,ERR,ERR,ERR,ERR,-0.0,-107616344.0,0.0,-0.0,-1.8487030179751264e+19,3.05192805845834e+23,-1.8726746913774013e+24,0.0,4300,0,8,17172,4300,-0.0,41,0.0,0.0,-0.0,0.0,2.7184166902131945e+23,0,0,0,0,0.0,0,0,0,0,0,0,0,0,0,0,0,0,0,0,0,0,0,0,0,0,0,0,0,0,0,0,0,0,0,0,0,0,0,10,35,35,45,65476,379,65476,1,0,4,21553,0.0,2.7183305813883192e+23,3644989952.0,0.0,0.0,0.0,0.0,0.0,0.0,0.0,0.0,0.0,0.0,0.0,0.0,0.0,0.0,0.0,0.0,0.0,0.0,2.004,-0.0,-2.004,2.004,-0.0,0.0,0.0,0.0,0.0,6452.0,0.0,0.0,-0.0,-107616344.0,0.0,0.0,0.0,0.0,2.004,2.004,225,1.9056859227671757e+17,-0.0,0.0,0.0,0.0,0.0,0.0,0.0,0.0,0,0,0,-3.410984925398168e+31,0.0,2.0440431279707933e+25,-25376.986,0.12,-0.0,-3.1477553366050173e+29,-0.0,-0.001,-1.5607138746745487e+18,-0.0,5544.77,0.0,0.0,0.0,-1.4141087325664313e+19,0,1.3516416376850534e+27,225,0.0,450,-0.0,-0.0,2114,26215,17110,13107,17112,13107,17095,0,0,0,101,100,100,-0.0,63.25,0.0,64.1,0.0,63.75,1,49,50,180,0,13107,0,0,0.0,0.0,0.0,60.0,-6.810028897169283e+24,70.5,0.0,-1.2295027936939707e+27,0.0,1070,0,1071,0,0,0,1072,0,1081,0,996,0,638,0,640,0,634,0,674,0.032,6.234999496913828e+21,-0.0,-107615280.0,3472,16813,-1.043286747774976e+16,2.4581251937388095e+21,0.321,0.0,0.0,-61931552.0,50.0,60.0,35,0.0,0.0,10.0,2.0,0.0,0.0,0.0,0.0,0.0,0.0,0.0,0.0,0.0,0.0,0.0,0.0,58.8,57,10,65506,27,65476,0,300,0,0,8,20529,65476,0,0,30147,60.0,0.0,10.0,10.0,2.0,0.0
2026-02-16T12:05:14,ERR,ERR,ERR,ERR,ERR,ERR,ERR,ERR,ERR,ERR,ERR,ERR,ERR,ERR,ERR,ERR,ERR,ERR,ERR,ERR,ERR,ERR,ERR,ERR,ERR,ERR,ERR,ERR,ERR,ERR,ERR,ERR,ERR,ERR,ERR,ERR,ERR,ERR,ERR,ERR,ERR,ERR,ERR,ERR,ERR,ERR,ERR,ERR,ERR,ERR,ERR,ERR,ERR,ERR,ERR,ERR,ERR,ERR,ERR,ERR,ERR,ERR,ERR,ERR,ERR,ERR,ERR,ERR,ERR,ERR,ERR,ERR,ERR,ERR,ERR,ERR,ERR,ERR,ERR,ERR,ERR,ERR,ERR,ERR,ERR,ERR,ERR,ERR,ERR,ERR,ERR,ERR,ERR,ERR,ERR,ERR,ERR,ERR,ERR,ERR,ERR,ERR,ERR,ERR,ERR,ERR,ERR,ERR,ERR,ERR,ERR,ERR,ERR,ERR,ERR,ERR,ERR,ERR,ERR,ERR,ERR,ERR,ERR,ERR,ERR,-0.0,-107616344.0,0.0,-0.0,-1.8487030179751264e+19,3.05192805845834e+23,-1.8726746913774013e+24,0.0,4300,0,8,17172,4300,-0.0,41,0.0,0.0,-0.0,0.0,2.7184166902131945e+23,0,0,0,0,0.0,0,0,0,0,0,0,0,0,0,0,0,0,0,0,0,0,0,0,0,0,0,0,0,0,0,0,0,0,0,0,0,0,0,10,35,35,45,65476,379,65476,1,0,4,21553,0.0,2.7183305813883192e+23,3644989952.0,0.0,0.0,0.0,0.0,0.0,0.0,0.0,0.0,0.0,0.0,0.0,0.0,0.0,0.0,0.0,0.0,0.0,0.0,2.004,-0.0,-2.004,2.004,-0.0,0.0,0.0,0.0,0.0,6452.0,0.0,0.0,-0.0,-107616344.0,0.0,0.0,0.0,0.0,2.004,2.004,225,1.9056859227671757e+17,-0.0,0.0,0.0,0.0,0.0,0.0,0.0,0.0,0,0,0,-3.410984925398168e+31,0.0,2.0440431279707933e+25,-25376.986,0.12,-0.0,-3.1477553366050173e+29,-0.0,-0.001,-1.5607138746745487e+18,-0.0,5544.77,0.0,0.0,0.0,-1.4141087325664313e+19,0,1.3516416376850534e+27,225,0.0,450,-0.0,-0.0,2114,26215,17110,13107,17112,13107,17095,0,0,0,101,100,100,-0.0,63.25,0.0,64.1,0.0,63.75,1,49,50,180,0,13107,0,0,0.0,0.0,0.0,60.0,-255829688320.0,70.5,0.0,0.0,0.0,1070,0,1071,0,0,0,1072,0,1081,0,996,0,638,0,640,0,634,0,674,0.032,6.234999496913828e+21,-0.0,-107615280.0,4112,16813,-9104.638,0.0,-0.0,-0.0,58050818048.0,0.0,50.0,60.0,35,0.0,0.0,10.0,2.0,0.0,0.0,0.0,0.0,0.0,0.0,0.0,0.0,0.0,0.0,0.0,0.0,58.8,57,10,65506,27,65476,0,300,0,0,8,20529,65476,0,0,30147,60.0,0.0,10.0,10.0,2.0,0.0
2026-02-16T12:05:15,ERR,ERR,ERR,ERR,ERR,ERR,ERR,ERR,ERR,ERR,ERR,ERR,ERR,ERR,ERR,ERR,ERR,ERR,ERR,ERR,ERR,ERR,ERR,ERR,ERR,ERR,ERR,ERR,ERR,ERR,ERR,ERR,ERR,ERR,ERR,ERR,ERR,ERR,ERR,ERR,ERR,ERR,ERR,ERR,ERR,ERR,ERR,ERR,ERR,ERR,ERR,ERR,ERR,ERR,ERR,ERR,ERR,ERR,ERR,ERR,ERR,ERR,ERR,ERR,ERR,ERR,ERR,ERR,ERR,ERR,ERR,ERR,ERR,ERR,ERR,ERR,ERR,ERR,ERR,ERR,ERR,ERR,ERR,ERR,ERR,ERR,ERR,ERR,ERR,ERR,ERR,ERR,ERR,ERR,ERR,ERR,ERR,ERR,ERR,ERR,ERR,ERR,ERR,ERR,ERR,ERR,ERR,ERR,ERR,ERR,ERR,ERR,ERR,ERR,ERR,ERR,ERR,ERR,ERR,ERR,ERR,ERR,ERR,ERR,ERR,-0.0,-107616344.0,0.0,-0.0,-1.8487030179751264e+19,3.05192805845834e+23,-1.8726746913774013e+24,0.0,4300,0,8,17172,4300,-0.0,41,0.0,0.0,-0.0,0.0,2.7184166902131945e+23,0,0,0,0,0.0,0,0,0,0,0,0,0,0,0,0,0,0,0,0,0,0,0,0,0,0,0,0,0,0,0,0,0,0,0,0,0,0,0,10,35,35,45,65476,379,65476,1,0,4,21553,0.0,2.7183305813883192e+23,3644989952.0,0.0,0.0,0.0,0.0,0.0,0.0,0.0,0.0,0.0,0.0,0.0,0.0,0.0,0.0,0.0,0.0,0.0,0.0,2.004,-0.0,-2.004,2.004,-0.0,0.0,0.0,0.0,0.0,6452.0,0.0,0.0,-0.0,-107616344.0,0.0,0.0,0.0,0.0,2.004,2.004,225,1.9056859227671757e+17,-0.0,0.0,0.0,0.0,0.0,0.0,0.0,0.0,0,0,0,-3.410984925398168e+31,0.0,2.0440431279707933e+25,-25376.986,0.12,-0.0,-3.1477553366050173e+29,-0.0,-0.001,-1.5607138746745487e+18,-0.0,5544.77,0.0,0.0,0.0,-1.4141087325664313e+19,0,1.3516416376850534e+27,225,0.0,450,-0.0,-0.0,2114,26215,17110,13107,17112,13107,17095,0,0,0,101,100,100,-0.0,63.25,0.0,64.1,0.0,63.75,1,49,50,180,0,13107,0,0,0.0,0.0,0.0,60.0,-255829688320.0,70.5,0.0,0.0,0.0,1070,0,1071,0,0,0,1072,0,1081,0,996,0,638,0,640,0,634,0,674,0.032,6.234999496913828e+21,-0.0,-107615280.0,4112,16813,-9104.638,0.0,-0.0,-0.0,58050818048.0,0.0,50.0,60.0,35,0.0,0.0,10.0,2.0,0.0,0.0,0.0,0.0,0.0,0.0,0.0,0.0,0.0,0.0,0.0,0.0,58.8,57,10,65506,27,65476,0,300,0,0,8,20529,65476,0,0,30147,60.0,0.0,10.0,10.0,2.0,0.0
2026-02-16T12:05:16,ERR,ERR,ERR,ERR,ERR,ERR,ERR,ERR,ERR,ERR,ERR,ERR,ERR,ERR,ERR,ERR,ERR,ERR,ERR,ERR,ERR,ERR,ERR,ERR,ERR,ERR,ERR,ERR,ERR,ERR,ERR,ERR,ERR,ERR,ERR,ERR,ERR,ERR,ERR,ERR,ERR,ERR,ERR,ERR,ERR,ERR,ERR,ERR,ERR,ERR,ERR,ERR,ERR,ERR,ERR,ERR,ERR,ERR,ERR,ERR,ERR,ERR,ERR,ERR,ERR,ERR,ERR,ERR,ERR,ERR,ERR,ERR,ERR,ERR,ERR,ERR,ERR,ERR,ERR,ERR,ERR,ERR,ERR,ERR,ERR,ERR,ERR,ERR,ERR,ERR,ERR,ERR,ERR,ERR,ERR,ERR,ERR,ERR,ERR,ERR,ERR,ERR,ERR,ERR,ERR,ERR,ERR,ERR,ERR,ERR,ERR,ERR,ERR,ERR,ERR,ERR,ERR,ERR,ERR,ERR,ERR,ERR,ERR,ERR,ERR,-0.0,-107616344.0,0.0,-0.0,-1.8487030179751264e+19,3.05192805845834e+23,-1.8726746913774013e+24,0.0,4300,0,8,17172,4300,-0.0,41,0.0,0.0,-0.0,0.0,2.7184166902131945e+23,0,0,0,0,0.0,0,0,0,0,0,0,0,0,0,0,0,0,0,0,0,0,0,0,0,0,0,0,0,0,0,0,0,0,0,0,0,0,0,10,35,35,45,65476,379,65476,1,0,4,21553,0.0,2.7183305813883192e+23,3644989952.0,0.0,0.0,0.0,0.0,0.0,0.0,0.0,0.0,0.0,0.0,0.0,0.0,0.0,0.0,0.0,0.0,0.0,0.0,2.004,-0.0,-2.004,2.004,-0.0,0.0,0.0,0.0,0.0,6452.0,0.0,0.0,-0.0,-107616344.0,0.0,0.0,0.0,0.0,2.004,2.004,225,1.9056859227671757e+17,-0.0,0.0,0.0,0.0,0.0,0.0,0.0,0.0,0,0,0,-3.410984925398168e+31,0.0,2.0440431279707933e+25,-25376.986,0.12,-0.0,-3.1477553366050173e+29,-0.0,-0.001,-1.5607138746745487e+18,-0.0,5544.77,0.0,0.0,0.0,-1.4141087325664313e+19,0,1.3516416376850534e+27,225,0.0,450,-0.0,-0.0,2114,26215,17110,13107,17112,13107,17095,0,0,0,101,100,100,-0.0,63.25,0.0,64.1,0.0,63.75,1,49,50,180,0,13107,0,0,0.0,0.0,0.0,60.0,-255829688320.0,70.5,0.0,0.0,0.0,1070,0,1071,0,0,0,1072,0,1081,0,996,0,638,0,640,0,634,0,674,0.032,6.234999496913828e+21,-0.0,-107615280.0,4112,16813,-9104.638,0.0,-0.0,-0.0,58050818048.0,0.0,50.0,60.0,35,0.0,0.0,10.0,2.0,0.0,0.0,0.0,0.0,0.0,0.0,0.0,0.0,0.0,0.0,0.0,0.0,58.8,57,10,65506,27,65476,0,300,0,0,8,20529,65476,0,0,30147,60.0,0.0,10.0,10.0,2.0,0.0
2026-02-16T12:05:17,ERR,ERR,ERR,ERR,ERR,ERR,ERR,ERR,ERR,ERR,ERR,ERR,ERR,ERR,ERR,ERR,ERR,ERR,ERR,ERR,ERR,ERR,ERR,ERR,ERR,ERR,ERR,ERR,ERR,ERR,ERR,ERR,ERR,ERR,ERR,ERR,ERR,ERR,ERR,ERR,ERR,ERR,ERR,ERR,ERR,ERR,ERR,ERR,ERR,ERR,ERR,ERR,ERR,ERR,ERR,ERR,ERR,ERR,ERR,ERR,ERR,ERR,ERR,ERR,ERR,ERR,ERR,ERR,ERR,ERR,ERR,ERR,ERR,ERR,ERR,ERR,ERR,ERR,ERR,ERR,ERR,ERR,ERR,ERR,ERR,ERR,ERR,ERR,ERR,ERR,ERR,ERR,ERR,ERR,ERR,ERR,ERR,ERR,ERR,ERR,ERR,ERR,ERR,ERR,ERR,ERR,ERR,ERR,ERR,ERR,ERR,ERR,ERR,ERR,ERR,ERR,ERR,ERR,ERR,ERR,ERR,ERR,ERR,ERR,ERR,-0.0,-107616344.0,0.0,-0.0,-1.8487030179751264e+19,1.6654485573115208e+28,-1.345466253814856e+32,0.0,4300,0,8,17172,4300,-0.0,41,0.0,0.0,-0.0,0.0,2.7184166902131945e+23,0,0,0,0,0.0,0,0,0,0,0,0,0,0,0,0,0,0,0,0,0,0,0,0,0,0,0,0,0,0,0,0,0,0,0,0,0,0,0,10,35,35,45,65476,379,65476,1,0,4,21553,0.0,0.0,174334528.0,0.0,0.0,0.0,0.0,0.0,0.0,0.0,0.0,0.0,0.0,0.0,0.0,0.0,0.0,0.0,0.0,0.0,0.0,2.004,-0.0,-2.004,0.0,-3.69707618246192e+19,0.0,0.0,0.0,0.0,6446.0,131351.141,0.0,-0.0,-107616344.0,0.0,107616272.0,0.0,0.0,2.004,2.004,223,126840537088.0,-1.9056955434939187e+17,0.0,0.0,0.0,0.0,0.0,0.0,0.0,0,0,0,-2.0706207541103362e+29,0.0,1.0835809315035357e+26,-5.86546970794326e+24,1.4574615964403368e+19,0.0,0.0,1.369616428452465e+29,-0.0,-1.6778074649861816e+18,-0.0,5992.77,0.0,0.0,0.0,0.0,0,1.3516416376850534e+27,225,0.0,450,0.0,0.0,2114,26215,17110,13107,17112,13107,17095,0,0,0,101,100,100,-0.0,63.25,0.0,64.1,0.0,63.75,1,49,50,180,0,13107,0,0,0.0,0.0,0.0,60.0,-255829688320.0,70.5,0.0,0.0,0.0,1070,0,1071,0,0,0,1072,0,1081,0,996,0,638,0,640,0,634,0,674,0.032,6.234999496913828e+21,-0.0,-107615280.0,4112,16813,-9104.638,0.0,-0.0,-0.0,58050818048.0,0.0,50.0,60.0,35,0.0,0.0,10.0,2.0,0.0,0.0,0.0,0.0,0.0,0.0,0.0,0.0,0.0,0.0,0.0,0.0,58.8,56,10,65507,27,65476,0,300,0,0,8,20529,65476,0,0,30147,60.0,0.0,10.0,10.0,2.0,0.0
2026-02-16T12:05:18,ERR,ERR,ERR,ERR,ERR,ERR,ERR,ERR,ERR,ERR,ERR,ERR,ERR,ERR,ERR,ERR,ERR,ERR,ERR,ERR,ERR,ERR,ERR,ERR,ERR,ERR,ERR,ERR,ERR,ERR,ERR,ERR,ERR,ERR,ERR,ERR,ERR,ERR,ERR,ERR,ERR,ERR,ERR,ERR,ERR,ERR,ERR,ERR,ERR,ERR,ERR,ERR,ERR,ERR,ERR,ERR,ERR,ERR,ERR,ERR,ERR,ERR,ERR,ERR,ERR,ERR,ERR,ERR,ERR,ERR,ERR,ERR,ERR,ERR,ERR,ERR,ERR,ERR,ERR,ERR,ERR,ERR,ERR,ERR,ERR,ERR,ERR,ERR,ERR,ERR,ERR,ERR,ERR,ERR,ERR,ERR,ERR,ERR,ERR,ERR,ERR,ERR,ERR,ERR,ERR,ERR,ERR,ERR,ERR,ERR,ERR,ERR,ERR,ERR,ERR,ERR,ERR,ERR,ERR,ERR,ERR,ERR,ERR,ERR,ERR,-0.0,-107616344.0,0.0,-0.0,-1.8487030179751264e+19,1.6654485573115208e+28,-1.345466253814856e+32,0.0,4300,0,8,17172,4300,-0.0,41,0.0,0.0,-0.0,0.0,2.7184166902131945e+23,0,0,0,0,0.0,0,0,0,0,0,0,0,0,0,0,0,0,0,0,0,0,0,0,0,0,0,0,0,0,0,0,0,0,0,0,0,0,0,10,35,35,45,65476,379,65476,1,0,4,21553,0.0,0.0,174334528.0,0.0,0.0,0.0,0.0,0.0,0.0,0.0,0.0,0.0,0.0,0.0,0.0,0.0,0.0,0.0,0.0,0.0,0.0,2.004,-0.0,-2.004,0.0,-3.69707618246192e+19,0.0,0.0,0.0,0.0,6446.0,131351.141,0.0,-0.0,-107616344.0,0.0,107616272.0,0.0,0.0,2.004,2.004,223,126840537088.0,-1.9056955434939187e+17,0.0,0.0,0.0,0.0,0.0,0.0,0.0,0,0,0,-2.0706207541103362e+29,0.0,1.0835809315035357e+26,-5.86546970794326e+24,1.4574615964403368e+19,0.0,0.0,1.369616428452465e+29,-0.0,-1.6778074649861816e+18,-0.0,5992.77,0.0,0.0,0.0,0.0,0,1.3516416376850534e+27,225,0.0,450,0.0,0.0,2114,26215,17110,13107,17112,13107,17095,0,0,0,101,100,100,-0.0,63.25,0.0,64.1,0.0,63.75,1,49,50,180,0,13107,0,0,0.0,0.0,0.0,60.0,-1.9480702814015422e+24,70.5,0.0,-0.0,0.0,1070,0,1071,0,0,0,1072,0,1081,0,996,0,638,0,640,0,634,0,674,0.032,6.198106008766409e+21,-0.0,-107615280.0,3728,16813,-1.1935286617563948e+28,-0.0,-0.0,-4.570547160590801e+30,-0.0,0.0,50.0,60.0,35,0.0,0.0,10.0,2.0,0.0,0.0,0.0,0.0,0.0,0.0,0.0,0.0,0.0,0.0,0.0,0.0,58.8,56,10,65507,27,65476,0,300,0,0,8,20529,65476,0,0,30147,60.0,0.0,10.0,10.0,2.0,0.0
2026-02-16T12:05:19,ERR,ERR,ERR,ERR,ERR,ERR,ERR,ERR,ERR,ERR,ERR,ERR,ERR,ERR,ERR,ERR,ERR,ERR,ERR,ERR,ERR,ERR,ERR,ERR,ERR,ERR,ERR,ERR,ERR,ERR,ERR,ERR,ERR,ERR,ERR,ERR,ERR,ERR,ERR,ERR,ERR,ERR,ERR,ERR,ERR,ERR,ERR,ERR,ERR,ERR,ERR,ERR,ERR,ERR,ERR,ERR,ERR,ERR,ERR,ERR,ERR,ERR,ERR,ERR,ERR,ERR,ERR,ERR,ERR,ERR,ERR,ERR,ERR,ERR,ERR,ERR,ERR,ERR,ERR,ERR,ERR,ERR,ERR,ERR,ERR,ERR,ERR,ERR,ERR,ERR,ERR,ERR,ERR,ERR,ERR,ERR,ERR,ERR,ERR,ERR,ERR,ERR,ERR,ERR,ERR,ERR,ERR,ERR,ERR,ERR,ERR,ERR,ERR,ERR,ERR,ERR,ERR,ERR,ERR,ERR,ERR,ERR,ERR,ERR,ERR,-0.0,-107616344.0,0.0,-0.0,-1.8487030179751264e+19,1.6654485573115208e+28,-1.345466253814856e+32,0.0,4300,0,8,17172,4300,-0.0,41,0.0,0.0,-0.0,0.0,2.7184166902131945e+23,0,0,0,0,0.0,0,0,0,0,0,0,0,0,0,0,0,0,0,0,0,0,0,0,0,0,0,0,0,0,0,0,0,0,0,0,0,0,0,10,35,35,45,65476,379,65476,1,0,4,21553,0.0,0.0,174334528.0,0.0,0.0,0.0,0.0,0.0,0.0,0.0,0.0,0.0,0.0,0.0,0.0,0.0,0.0,0.0,0.0,0.0,0.0,2.004,-0.0,-2.004,0.0,-3.69707618246192e+19,0.0,0.0,0.0,0.0,6446.0,131351.141,0.0,-0.0,-107616344.0,0.0,107616272.0,0.0,0.0,2.004,2.004,223,126840537088.0,-1.9056955434939187e+17,0.0,0.0,0.0,0.0,0.0,0.0,0.0,0,0,0,-2.0706207541103362e+29,0.0,1.0835809315035357e+26,-5.86546970794326e+24,1.4574615964403368e+19,0.0,0.0,1.369616428452465e+29,-0.0,-1.6778074649861816e+18,-0.0,5992.77,0.0,0.0,0.0,0.0,0,1.3516416376850534e+27,225,0.0,450,0.0,0.0,2114,26215,17110,13107,17112,13107,17095,0,0,0,101,100,100,-0.0,63.25,0.0,64.1,0.0,63.75,1,49,50,180,0,13107,0,0,0.0,0.0,0.0,60.0,-1.9480702814015422e+24,70.5,0.0,-0.0,0.0,1070,0,1071,0,0,0,1072,0,1081,0,996,0,638,0,640,0,634,0,674,0.032,6.198106008766409e+21,-0.0,-107615280.0,3728,16813,-1.1935286617563948e+28,-0.0,-0.0,-4.570547160590801e+30,-0.0,0.0,50.0,60.0,35,0.0,0.0,10.0,2.0,0.0,0.0,0.0,0.0,0.0,0.0,0.0,0.0,0.0,0.0,0.0,0.0,58.8,56,10,65507,27,65476,0,300,0,0,8,20529,65476,0,0,30147,60.0,0.0,10.0,10.0,2.0,0.0
2026-02-16T12:05:20,ERR,ERR,ERR,ERR,ERR,ERR,ERR,ERR,ERR,ERR,ERR,ERR,ERR,ERR,ERR,ERR,ERR,ERR,ERR,ERR,ERR,ERR,ERR,ERR,ERR,ERR,ERR,ERR,ERR,ERR,ERR,ERR,ERR,ERR,ERR,ERR,ERR,ERR,ERR,ERR,ERR,ERR,ERR,ERR,ERR,ERR,ERR,ERR,ERR,ERR,ERR,ERR,ERR,ERR,ERR,ERR,ERR,ERR,ERR,ERR,ERR,ERR,ERR,ERR,ERR,ERR,ERR,ERR,ERR,ERR,ERR,ERR,ERR,ERR,ERR,ERR,ERR,ERR,ERR,ERR,ERR,ERR,ERR,ERR,ERR,ERR,ERR,ERR,ERR,ERR,ERR,ERR,ERR,ERR,ERR,ERR,ERR,ERR,ERR,ERR,ERR,ERR,ERR,ERR,ERR,ERR,ERR,ERR,ERR,ERR,ERR,ERR,ERR,ERR,ERR,ERR,ERR,ERR,ERR,ERR,ERR,ERR,ERR,ERR,ERR,-0.0,-107616344.0,0.0,-0.0,-1.8487030179751264e+19,1.6654485573115208e+28,-1.345466253814856e+32,0.0,4300,0,8,17172,4300,-0.0,41,0.0,0.0,-0.0,0.0,2.7184166902131945e+23,0,0,0,0,0.0,0,0,0,0,0,0,0,0,0,0,0,0,0,0,0,0,0,0,0,0,0,0,0,0,0,0,0,0,0,0,0,0,0,10,35,35,45,65476,379,65476,1,0,4,21553,0.0,0.0,174334528.0,0.0,0.0,0.0,0.0,0.0,0.0,0.0,0.0,0.0,0.0,0.0,0.0,0.0,0.0,0.0,0.0,0.0,0.0,2.004,-0.0,-2.004,0.0,-3.69707618246192e+19,0.0,0.0,0.0,0.0,6446.0,131351.141,0.0,-0.0,-107616344.0,0.0,107616272.0,0.0,0.0,2.004,2.004,223,126840537088.0,-1.9056955434939187e+17,0.0,0.0,0.0,0.0,0.0,0.0,0.0,0,0,0,-2.0706207541103362e+29,0.0,1.0835809315035357e+26,-5.86546970794326e+24,1.4574615964403368e+19,0.0,0.0,1.369616428452465e+29,-0.0,-1.6778074649861816e+18,-0.0,5992.77,0.0,0.0,0.0,0.0,0,1.3516416376850534e+27,225,0.0,450,0.0,0.0,2114,26215,17110,13107,17112,13107,17095,0,0,0,101,100,100,-0.0,63.25,0.0,64.1,0.0,63.75,1,49,50,180,0,13107,0,0,0.0,0.0,0.0,60.0,-1.9480702814015422e+24,70.5,0.0,-0.0,0.0,1070,0,1071,0,0,0,1072,0,1081,0,996,0,638,0,640,0,634,0,674,0.032,6.198106008766409e+21,-0.0,-107615280.0,3728,16813,-1.1935286617563948e+28,-0.0,-0.0,-4.570547160590801e+30,-0.0,0.0,50.0,60.0,35,0.0,0.0,10.0,2.0,0.0,0.0,0.0,0.0,0.0,0.0,0.0,0.0,0.0,0.0,0.0,0.0,58.8,56,10,65507,27,65476,0,300,0,0,8,20529,65476,0,0,30147,60.0,0.0,10.0,10.0,2.0,0.0
2026-02-16T12:05:21,ERR,ERR,ERR,ERR,ERR,ERR,ERR,ERR,ERR,ERR,ERR,ERR,ERR,ERR,ERR,ERR,ERR,ERR,ERR,ERR,ERR,ERR,ERR,ERR,ERR,ERR,ERR,ERR,ERR,ERR,ERR,ERR,ERR,ERR,ERR,ERR,ERR,ERR,ERR,ERR,ERR,ERR,ERR,ERR,ERR,ERR,ERR,ERR,ERR,ERR,ERR,ERR,ERR,ERR,ERR,ERR,ERR,ERR,ERR,ERR,ERR,ERR,ERR,ERR,ERR,ERR,ERR,ERR,ERR,ERR,ERR,ERR,ERR,ERR,ERR,ERR,ERR,ERR,ERR,ERR,ERR,ERR,ERR,ERR,ERR,ERR,ERR,ERR,ERR,ERR,ERR,ERR,ERR,ERR,ERR,ERR,ERR,ERR,ERR,ERR,ERR,ERR,ERR,ERR,ERR,ERR,ERR,ERR,ERR,ERR,ERR,ERR,ERR,ERR,ERR,ERR,ERR,ERR,ERR,ERR,ERR,ERR,ERR,ERR,ERR,-0.0,-107616344.0,0.0,-0.0,-1.8487030179751264e+19,1.6654485573115208e+28,-1.345466253814856e+32,0.0,4300,0,8,17172,4300,-0.0,41,0.0,0.0,-0.0,0.0,2.7184166902131945e+23,0,0,0,0,0.0,0,0,0,0,0,0,0,0,0,0,0,0,0,0,0,0,0,0,0,0,0,0,0,0,0,0,0,0,0,0,0,0,0,10,35,35,45,65476,379,65476,1,0,4,21553,0.0,0.0,174334528.0,0.0,0.0,0.0,0.0,0.0,0.0,0.0,0.0,0.0,0.0,0.0,0.0,0.0,0.0,0.0,0.0,0.0,0.0,2.004,-0.0,-2.004,0.0,-3.69707618246192e+19,0.0,0.0,0.0,0.0,6446.0,131351.141,0.0,-0.0,-107616344.0,0.0,107616272.0,0.0,0.0,2.004,2.004,223,126840537088.0,-1.9056955434939187e+17,0.0,0.0,0.0,0.0,0.0,0.0,0.0,0,0,0,-2.0706207541103362e+29,0.0,1.0835809315035357e+26,-5.86546970794326e+24,1.4574615964403368e+19,0.0,0.0,1.369616428452465e+29,-0.0,-1.6778074649861816e+18,-0.0,5992.77,0.0,0.0,0.0,0.0,0,1.3516416376850534e+27,225,0.0,450,0.0,0.0,2114,26215,17110,13107,17112,13107,17095,0,0,0,101,100,100,-0.0,63.25,0.0,64.1,0.0,63.75,1,49,50,180,0,13107,0,0,0.0,0.0,0.0,60.0,-2.4683213995901717e+22,70.5,0.0,0.0,0.0,1070,0,1071,0,0,0,1072,0,1081,0,996,0,638,0,640,0,634,0,674,0.032,6.198106008766409e+21,-0.0,-107615280.0,2320,16813,-2.4683213995901717e+22,0.0,-867517023125504.0,-0.0,-0.0,2107638912.0,50.0,60.0,35,0.0,0.0,10.0,2.0,0.0,0.0,0.0,0.0,0.0,0.0,0.0,0.0,0.0,0.0,0.0,0.0,59.2,56,10,65507,27,65476,0,300,0,0,8,20529,65476,0,0,30147,60.0,0.0,10.0,10.0,2.0,0.0
2026-02-16T12:05:22,ERR,ERR,ERR,ERR,ERR,ERR,ERR,ERR,ERR,ERR,ERR,ERR,ERR,ERR,ERR,ERR,ERR,ERR,ERR,ERR,ERR,ERR,ERR,ERR,ERR,ERR,ERR,ERR,ERR,ERR,ERR,ERR,ERR,ERR,ERR,ERR,ERR,ERR,ERR,ERR,ERR,ERR,ERR,ERR,ERR,ERR,ERR,ERR,ERR,ERR,ERR,ERR,ERR,ERR,ERR,ERR,ERR,ERR,ERR,ERR,ERR,ERR,ERR,ERR,ERR,ERR,ERR,ERR,ERR,ERR,ERR,ERR,ERR,ERR,ERR,ERR,ERR,ERR,ERR,ERR,ERR,ERR,ERR,ERR,ERR,ERR,ERR,ERR,ERR,ERR,ERR,ERR,ERR,ERR,ERR,ERR,ERR,ERR,ERR,ERR,ERR,ERR,ERR,ERR,ERR,ERR,ERR,ERR,ERR,ERR,ERR,ERR,ERR,ERR,ERR,ERR,ERR,ERR,ERR,ERR,ERR,ERR,ERR,ERR,ERR,-0.0,-107616344.0,0.0,-0.0,-1.8487030179751264e+19,4.182964206392636e+27,-1.3569973509600862e+31,0.0,4300,0,8,17172,4300,-0.0,40,0.0,0.0,-0.0,0.0,2.7184166902131945e+23,0,0,0,0,0.0,0,0,0,0,0,0,0,0,0,0,0,0,0,0,0,0,0,0,0,0,0,0,0,0,0,0,0,0,0,0,0,0,0,10,35,35,46,65476,380,65476,1,0,4,21553,0.0,-107610976.0,464411230208.0,0.0,0.0,0.0,0.0,0.0,0.0,0.0,0.0,0.0,0.0,0.0,0.0,0.0,0.0,0.0,0.0,0.0,0.0,2.004,-0.0,-2.004,0.0,-3.69707618246192e+19,0.0,0.0,0.0,0.0,6442.0,-1.5879378533739454e+29,0.0,-0.0,-107616344.0,0.0,107616272.0,0.0,0.0,2.004,2.004,223,0.0,0.059,0.0,0.0,0.0,0.0,0.0,0.0,0.0,0,0,0,-4.729262844099428e+18,7.0911495486756555e+22,1.8835116491175474e+22,-0.0,2.2698459175361067e+23,-0.0,0.0,-0.0,-0.0,-1.7858938560430735e+18,-0.0,6344.77,0.0,0.0,0.0,0.0,0,1.3516416376850534e+27,223,0.0,446,-74360974999552.0,4.538274029851923e+24,2114,26215,17110,13107,17112,13107,17095,0,0,0,101,100,100,-0.0,63.25,0.0,64.1,0.0,63.75,1,49,50,180,0,13107,0,0,0.0,0.0,0.0,60.0,-2.4683213995901717e+22,70.5,0.0,0.0,0.0,1070,0,1071,0,0,0,1072,0,1081,0,996,0,638,0,640,0,634,0,674,0.032,6.198106008766409e+21,-0.0,-107615280.0,2320,16813,-2.4683213995901717e+22,0.0,-867517023125504.0,-0.0,-0.0,2107638912.0,50.0,60.0,35,0.0,0.0,10.0,2.0,0.0,0.0,0.0,0.0,0.0,0.0,0.0,0.0,0.0,0.0,0.0,0.0,58.8,56,10,65507,27,65476,0,300,0,0,8,20529,65476,0,0,30147,60.0,0.0,10.0,10.0,2.0,0.0
2026-02-16T12:05:23,ERR,ERR,ERR,ERR,ERR,ERR,ERR,ERR,ERR,ERR,ERR,ERR,ERR,ERR,ERR,ERR,ERR,ERR,ERR,ERR,ERR,ERR,ERR,ERR,ERR,ERR,ERR,ERR,ERR,ERR,ERR,ERR,ERR,ERR,ERR,ERR,ERR,ERR,ERR,ERR,ERR,ERR,ERR,ERR,ERR,ERR,ERR,ERR,ERR,ERR,ERR,ERR,ERR,ERR,ERR,ERR,ERR,ERR,ERR,ERR,ERR,ERR,ERR,ERR,ERR,ERR,ERR,ERR,ERR,ERR,ERR,ERR,ERR,ERR,ERR,ERR,ERR,ERR,ERR,ERR,ERR,ERR,ERR,ERR,ERR,ERR,ERR,ERR,ERR,ERR,ERR,ERR,ERR,ERR,ERR,ERR,ERR,ERR,ERR,ERR,ERR,ERR,ERR,ERR,ERR,ERR,ERR,ERR,ERR,ERR,ERR,ERR,ERR,ERR,ERR,ERR,ERR,ERR,ERR,ERR,ERR,ERR,ERR,ERR,ERR,-0.0,-107616344.0,0.0,-0.0,-1.8487030179751264e+19,4.182964206392636e+27,-1.3569973509600862e+31,0.0,4300,0,8,17172,4300,-0.0,40,0.0,0.0,-0.0,0.0,2.7184166902131945e+23,0,0,0,0,0.0,0,0,0,0,0,0,0,0,0,0,0,0,0,0,0,0,0,0,0,0,0,0,0,0,0,0,0,0,0,0,0,0,0,10,35,35,46,65476,380,65476,1,0,4,21553,0.0,-107610976.0,464411230208.0,0.0,0.0,0.0,0.0,0.0,0.0,0.0,0.0,0.0,0.0,0.0,0.0,0.0,0.0,0.0,0.0,0.0,0.0,2.004,-0.0,-2.004,0.0,-3.69707618246192e+19,0.0,0.0,0.0,0.0,6442.0,-1.5879378533739454e+29,0.0,-0.0,-107616344.0,0.0,107616272.0,0.0,0.0,2.004,2.004,223,0.0,0.059,0.0,0.0,0.0,0.0,0.0,0.0,0.0,0,0,0,-4.729262844099428e+18,7.0911495486756555e+22,1.8835116491175474e+22,-0.0,2.2698459175361067e+23,-0.0,0.0,-0.0,-0.0,-1.7858938560430735e+18,-0.0,6344.77,0.0,0.0,0.0,0.0,0,1.3516416376850534e+27,223,0.0,446,-74360974999552.0,4.538274029851923e+24,2114,26215,17110,13107,17112,13107,17095,0,0,0,101,100,100,-0.0,63.25,0.0,64.1,0.0,63.75,1,49,50,180,0,13107,0,0,0.0,0.0,0.0,60.0,-2.4683213995901717e+22,70.5,0.0,0.0,0.0,1070,0,1071,0,0,0,1072,0,1081,0,996,0,638,0,640,0,634,0,674,0.032,6.198106008766409e+21,-0.0,-107615280.0,2320,16813,-2.4683213995901717e+22,0.0,-867517023125504.0,-0.0,-0.0,2107638912.0,50.0,60.0,35,0.0,0.0,10.0,2.0,0.0,0.0,0.0,0.0,0.0,0.0,0.0,0.0,0.0,0.0,0.0,0.0,58.8,56,10,65507,27,65476,0,300,0,0,8,20529,65476,0,0,30147,60.0,0.0,10.0,10.0,2.0,0.0
2026-02-16T12:05:24,ERR,ERR,ERR,ERR,ERR,ERR,ERR,ERR,ERR,ERR,ERR,ERR,ERR,ERR,ERR,ERR,ERR,ERR,ERR,ERR,ERR,ERR,ERR,ERR,ERR,ERR,ERR,ERR,ERR,ERR,ERR,ERR,ERR,ERR,ERR,ERR,ERR,ERR,ERR,ERR,ERR,ERR,ERR,ERR,ERR,ERR,ERR,ERR,ERR,ERR,ERR,ERR,ERR,ERR,ERR,ERR,ERR,ERR,ERR,ERR,ERR,ERR,ERR,ERR,ERR,ERR,ERR,ERR,ERR,ERR,ERR,ERR,ERR,ERR,ERR,ERR,ERR,ERR,ERR,ERR,ERR,ERR,ERR,ERR,ERR,ERR,ERR,ERR,ERR,ERR,ERR,ERR,ERR,ERR,ERR,ERR,ERR,ERR,ERR,ERR,ERR,ERR,ERR,ERR,ERR,ERR,ERR,ERR,ERR,ERR,ERR,ERR,ERR,ERR,ERR,ERR,ERR,ERR,ERR,ERR,ERR,ERR,ERR,ERR,ERR,-0.0,-107616344.0,0.0,-0.0,-1.8487030179751264e+19,4.182964206392636e+27,-1.3569973509600862e+31,0.0,4300,0,8,17172,4300,-0.0,40,0.0,0.0,-0.0,0.0,2.7184166902131945e+23,0,0,0,0,0.0,0,0,0,0,0,0,0,0,0,0,0,0,0,0,0,0,0,0,0,0,0,0,0,0,0,0,0,0,0,0,0,0,0,10,35,35,46,65476,380,65476,1,0,4,21553,0.0,-107610976.0,464411230208.0,0.0,0.0,0.0,0.0,0.0,0.0,0.0,0.0,0.0,0.0,0.0,0.0,0.0,0.0,0.0,0.0,0.0,0.0,2.004,-0.0,-2.004,0.0,-3.69707618246192e+19,0.0,0.0,0.0,0.0,6442.0,-1.5879378533739454e+29,0.0,-0.0,-107616344.0,0.0,107616272.0,0.0,0.0,2.004,2.004,223,0.0,0.059,0.0,0.0,0.0,0.0,0.0,0.0,0.0,0,0,0,-4.729262844099428e+18,7.0911495486756555e+22,1.8835116491175474e+22,-0.0,2.2698459175361067e+23,-0.0,0.0,-0.0,-0.0,-1.7858938560430735e+18,-0.0,6344.77,0.0,0.0,0.0,0.0,0,1.3516416376850534e+27,223,0.0,446,-74360974999552.0,4.538274029851923e+24,2114,26215,17110,13107,17112,13107,17095,0,0,0,101,100,100,-0.0,63.25,0.0,64.1,0.0,63.75,1,49,50,180,0,13107,0,0,0.0,0.0,0.0,60.0,-2.4683213995901717e+22,70.5,0.0,0.0,0.0,1070,0,1071,0,0,0,1072,0,1081,0,996,0,638,0,640,0,634,0,674,0.032,6.198106008766409e+21,-0.0,-107615280.0,2320,16813,-2.4683213995901717e+22,0.0,-867517023125504.0,-0.0,-0.0,2107638912.0,50.0,60.0,35,0.0,0.0,10.0,2.0,0.0,0.0,0.0,0.0,0.0,0.0,0.0,0.0,0.0,0.0,0.0,0.0,58.8,56,10,65507,27,65476,0,300,0,0,8,20529,65476,0,0,30147,60.0,0.0,10.0,10.0,2.0,0.0
2026-02-16T12:05:25,ERR,ERR,ERR,ERR,ERR,ERR,ERR,ERR,ERR,ERR,ERR,ERR,ERR,ERR,ERR,ERR,ERR,ERR,ERR,ERR,ERR,ERR,ERR,ERR,ERR,ERR,ERR,ERR,ERR,ERR,ERR,ERR,ERR,ERR,ERR,ERR,ERR,ERR,ERR,ERR,ERR,ERR,ERR,ERR,ERR,ERR,ERR,ERR,ERR,ERR,ERR,ERR,ERR,ERR,ERR,ERR,ERR,ERR,ERR,ERR,ERR,ERR,ERR,ERR,ERR,ERR,ERR,ERR,ERR,ERR,ERR,ERR,ERR,ERR,ERR,ERR,ERR,ERR,ERR,ERR,ERR,ERR,ERR,ERR,ERR,ERR,ERR,ERR,ERR,ERR,ERR,ERR,ERR,ERR,ERR,ERR,ERR,ERR,ERR,ERR,ERR,ERR,ERR,ERR,ERR,ERR,ERR,ERR,ERR,ERR,ERR,ERR,ERR,ERR,ERR,ERR,ERR,ERR,ERR,ERR,ERR,ERR,ERR,ERR,ERR,-0.0,-107616344.0,0.0,-0.0,-1.8487030179751264e+19,4.182964206392636e+27,-1.3569973509600862e+31,0.0,4300,0,8,17172,4300,-0.0,40,0.0,0.0,-0.0,0.0,2.7184166902131945e+23,0,0,0,0,0.0,0,0,0,0,0,0,0,0,0,0,0,0,0,0,0,0,0,0,0,0,0,0,0,0,0,0,0,0,0,0,0,0,0,10,35,35,46,65476,380,65476,1,0,4,21553,0.0,-107610976.0,464411230208.0,0.0,0.0,0.0,0.0,0.0,0.0,0.0,0.0,0.0,0.0,0.0,0.0,0.0,0.0,0.0,0.0,0.0,0.0,2.004,-0.0,-2.004,0.0,-3.69707618246192e+19,0.0,0.0,0.0,0.0,6442.0,-1.5879378533739454e+29,0.0,-0.0,-107616344.0,0.0,107616272.0,0.0,0.0,2.004,2.004,223,0.0,0.059,0.0,0.0,0.0,0.0,0.0,0.0,0.0,0,0,0,-4.729262844099428e+18,7.0911495486756555e+22,1.8835116491175474e+22,-0.0,2.2698459175361067e+23,-0.0,0.0,-0.0,-0.0,-1.7858938560430735e+18,-0.0,6344.77,0.0,0.0,0.0,0.0,0,1.3516416376850534e+27,223,0.0,446,-74360974999552.0,4.538274029851923e+24,2114,26215,17110,13107,17112,13107,17095,0,0,0,101,100,100,-0.0,63.25,0.0,64.1,0.0,63.75,1,49,50,180,0,13107,0,0,0.0,0.0,0.0,60.0,-701539136.0,70.5,0.0,-0.0,0.0,1070,0,1071,0,0,0,1072,0,1081,0,996,0,638,0,640,0,634,0,675,0.032,6.198106008766409e+21,-2.004,0.0,59664,16812,-911649603584.0,-0.0,1.8077259248677663e+25,-0.019,0.0,-8.433474073418026e+28,50.0,60.0,35,0.0,0.0,10.0,2.0,0.0,0.0,0.0,0.0,0.0,0.0,0.0,0.0,0.0,0.0,0.0,0.0,58.8,56,10,65507,27,65476,0,300,0,0,8,20529,65476,0,0,30147,60.0,0.0,10.0,10.0,2.0,0.0
2026-02-16T12:05:26,ERR,ERR,ERR,ERR,ERR,ERR,ERR,ERR,ERR,ERR,ERR,ERR,ERR,ERR,ERR,ERR,ERR,ERR,ERR,ERR,ERR,ERR,ERR,ERR,ERR,ERR,ERR,ERR,ERR,ERR,ERR,ERR,ERR,ERR,ERR,ERR,ERR,ERR,ERR,ERR,ERR,ERR,ERR,ERR,ERR,ERR,ERR,ERR,ERR,ERR,ERR,ERR,ERR,ERR,ERR,ERR,ERR,ERR,ERR,ERR,ERR,ERR,ERR,ERR,ERR,ERR,ERR,ERR,ERR,ERR,ERR,ERR,ERR,ERR,ERR,ERR,ERR,ERR,ERR,ERR,ERR,ERR,ERR,ERR,ERR,ERR,ERR,ERR,ERR,ERR,ERR,ERR,ERR,ERR,ERR,ERR,ERR,ERR,ERR,ERR,ERR,ERR,ERR,ERR,ERR,ERR,ERR,ERR,ERR,ERR,ERR,ERR,ERR,ERR,ERR,ERR,ERR,ERR,ERR,ERR,ERR,ERR,ERR,ERR,ERR,-0.0,-107616344.0,0.0,-0.0,-1.8487030179751264e+19,34669550632960.0,-50404300.0,0.0,4300,0,8,17172,4300,-0.0,40,0.0,0.0,-0.0,0.0,2.7184166902131945e+23,0,0,0,0,0.0,0,0,0,0,0,0,0,0,0,0,0,0,0,0,0,0,0,0,0,0,0,0,0,0,0,0,0,0,0,0,0,0,0,10,35,35,46,65476,380,65476,1,0,4,21553,0.0,-107610976.0,0.0,0.0,0.0,0.0,0.0,0.0,0.0,0.0,0.0,0.0,0.0,0.0,0.0,0.0,0.0,0.0,0.0,0.0,0.0,2.004,-0.0,-2.004,0.0,-3.69707618246192e+19,0.0,0.0,0.0,0.0,6470.0,1.0406710753811528e+34,0.0,-0.0,-107616344.0,0.0,107616272.0,0.0,0.0,2.004,2.004,223,-3.222002398308886e+26,-0.0,0.0,0.0,0.0,0.0,0.0,0.0,0.0,0,0,0,-27549988864.0,-1.714329123450313e+27,2.23225419130246e+22,-0.147,9.51445894421545e+17,-0.0,-5.2694223412067395e+31,7.072883144636011e+36,-0.0,-1.9029874463547064e+18,-0.0,6792.77,0.0,0.0,0.0,0.0,0,1.3516416376850534e+27,223,0.0,446,-0.0,0.0,2114,26215,17110,13107,17112,13107,17095,0,0,0,101,100,100,-0.0,63.25,0.0,64.1,0.0,63.75,1,49,50,180,0,13107,0,0,0.0,0.0,0.0,60.0,-701539136.0,70.5,0.0,-0.0,0.0,1070,0,1071,0,0,0,1072,0,1081,0,996,0,638,0,640,0,634,0,675,0.032,6.198106008766409e+21,-2.004,0.0,59664,16812,-911649603584.0,-0.0,1.8077259248677663e+25,-0.019,0.0,-8.433474073418026e+28,50.0,60.0,35,0.0,0.0,10.0,2.0,0.0,0.0,0.0,0.0,0.0,0.0,0.0,0.0,0.0,0.0,0.0,0.0,58.8,56,10,65507,27,65476,0,300,0,0,8,20529,65476,0,0,30147,60.0,0.0,10.0,10.0,2.0,0.0
2026-02-16T12:05:27,ERR,ERR,ERR,ERR,ERR,ERR,ERR,ERR,ERR,ERR,ERR,ERR,ERR,ERR,ERR,ERR,ERR,ERR,ERR,ERR,ERR,ERR,ERR,ERR,ERR,ERR,ERR,ERR,ERR,ERR,ERR,ERR,ERR,ERR,ERR,ERR,ERR,ERR,ERR,ERR,ERR,ERR,ERR,ERR,ERR,ERR,ERR,ERR,ERR,ERR,ERR,ERR,ERR,ERR,ERR,ERR,ERR,ERR,ERR,ERR,ERR,ERR,ERR,ERR,ERR,ERR,ERR,ERR,ERR,ERR,ERR,ERR,ERR,ERR,ERR,ERR,ERR,ERR,ERR,ERR,ERR,ERR,ERR,ERR,ERR,ERR,ERR,ERR,ERR,ERR,ERR,ERR,ERR,ERR,ERR,ERR,ERR,ERR,ERR,ERR,ERR,ERR,ERR,ERR,ERR,ERR,ERR,ERR,ERR,ERR,ERR,ERR,ERR,ERR,ERR,ERR,ERR,ERR,ERR,ERR,ERR,ERR,ERR,ERR,ERR,-0.0,-107616344.0,0.0,-0.0,-1.8487030179751264e+19,34669550632960.0,-50404300.0,0.0,4300,0,8,17172,4300,-0.0,40,0.0,0.0,-0.0,0.0,2.7184166902131945e+23,0,0,0,0,0.0,0,0,0,0,0,0,0,0,0,0,0,0,0,0,0,0,0,0,0,0,0,0,0,0,0,0,0,0,0,0,0,0,0,10,35,35,46,65476,380,65476,1,0,4,21553,0.0,-107610976.0,0.0,0.0,0.0,0.0,0.0,0.0,0.0,0.0,0.0,0.0,0.0,0.0,0.0,0.0,0.0,0.0,0.0,0.0,0.0,2.004,-0.0,-2.004,0.0,-3.69707618246192e+19,0.0,0.0,0.0,0.0,6470.0,1.0406710753811528e+34,0.0,-0.0,-107616344.0,0.0,107616272.0,0.0,0.0,2.004,2.004,223,-3.222002398308886e+26,-0.0,0.0,0.0,0.0,0.0,0.0,0.0,0.0,0,0,0,-27549988864.0,-1.714329123450313e+27,2.23225419130246e+22,-0.147,9.51445894421545e+17,-0.0,-5.2694223412067395e+31,7.072883144636011e+36,-0.0,-1.9029874463547064e+18,-0.0,6792.77,0.0,0.0,0.0,0.0,0,1.3516416376850534e+27,223,0.0,446,-0.0,0.0,2114,26215,17110,13107,17112,13107,17095,0,0,0,101,100,100,-0.0,63.25,0.0,64.1,0.0,63.75,1,49,50,180,0,13107,0,0,0.0,0.0,0.0,60.0,-701539136.0,70.5,0.0,-0.0,0.0,1070,0,1071,0,0,0,1072,0,1081,0,996,0,638,0,640,0,634,0,675,0.032,6.198106008766409e+21,-2.004,0.0,59664,16812,-911649603584.0,-0.0,1.8077259248677663e+25,-0.019,0.0,-8.433474073418026e+28,50.0,60.0,35,0.0,0.0,10.0,2.0,0.0,0.0,0.0,0.0,0.0,0.0,0.0,0.0,0.0,0.0,0.0,0.0,58.8,56,10,65507,27,65476,0,300,0,0,8,20529,65476,0,0,30147,60.0,0.0,10.0,10.0,2.0,0.0
2026-02-16T12:05:28,ERR,ERR,ERR,ERR,ERR,ERR,ERR,ERR,ERR,ERR,ERR,ERR,ERR,ERR,ERR,ERR,ERR,ERR,ERR,ERR,ERR,ERR,ERR,ERR,ERR,ERR,ERR,ERR,ERR,ERR,ERR,ERR,ERR,ERR,ERR,ERR,ERR,ERR,ERR,ERR,ERR,ERR,ERR,ERR,ERR,ERR,ERR,ERR,ERR,ERR,ERR,ERR,ERR,ERR,ERR,ERR,ERR,ERR,ERR,ERR,ERR,ERR,ERR,ERR,ERR,ERR,ERR,ERR,ERR,ERR,ERR,ERR,ERR,ERR,ERR,ERR,ERR,ERR,ERR,ERR,ERR,ERR,ERR,ERR,ERR,ERR,ERR,ERR,ERR,ERR,ERR,ERR,ERR,ERR,ERR,ERR,ERR,ERR,ERR,ERR,ERR,ERR,ERR,ERR,ERR,ERR,ERR,ERR,ERR,ERR,ERR,ERR,ERR,ERR,ERR,ERR,ERR,ERR,ERR,ERR,ERR,ERR,ERR,ERR,ERR,-0.0,-107616344.0,0.0,-0.0,-1.8487030179751264e+19,34669550632960.0,-50404300.0,0.0,4300,0,8,17172,4300,-0.0,40,0.0,0.0,-0.0,0.0,2.7184166902131945e+23,0,0,0,0,0.0,0,0,0,0,0,0,0,0,0,0,0,0,0,0,0,0,0,0,0,0,0,0,0,0,0,0,0,0,0,0,0,0,0,10,35,35,46,65476,380,65476,1,0,4,21553,0.0,-107610976.0,0.0,0.0,0.0,0.0,0.0,0.0,0.0,0.0,0.0,0.0,0.0,0.0,0.0,0.0,0.0,0.0,0.0,0.0,0.0,2.004,-0.0,-2.004,0.0,-3.69707618246192e+19,0.0,0.0,0.0,0.0,6470.0,1.0406710753811528e+34,0.0,-0.0,-107616344.0,0.0,107616272.0,0.0,0.0,2.004,2.004,223,-3.222002398308886e+26,-0.0,0.0,0.0,0.0,0.0,0.0,0.0,0.0,0,0,0,-27549988864.0,-1.714329123450313e+27,2.23225419130246e+22,-0.147,9.51445894421545e+17,-0.0,-5.2694223412067395e+31,7.072883144636011e+36,-0.0,-1.9029874463547064e+18,-0.0,6792.77,0.0,0.0,0.0,0.0,0,1.3516416376850534e+27,223,0.0,446,-0.0,0.0,2114,26215,17110,13107,17112,13107,17095,0,0,0,101,100,100,-0.0,63.25,0.0,64.1,0.0,63.75,1,49,50,180,0,13107,0,0,0.0,0.0,0.0,60.0,-3343027456.0,70.5,0.0,0.0,0.0,1070,0,1071,0,0,0,1072,0,1081,0,996,0,638,0,640,0,634,0,676,0.032,6.198106008766409e+21,-2.004,0.0,61328,16812,-1.4514254640054272e+16,0.0,-0.002,-2.1126421419623414e+26,-0.0,0.0,50.0,60.0,35,0.0,0.0,10.0,2.0,0.0,0.0,0.0,0.0,0.0,0.0,0.0,0.0,0.0,0.0,0.0,0.0,58.8,56,10,65507,27,65476,0,300,0,0,8,20529,65476,0,0,30147,60.0,0.0,10.0,10.0,2.0,0.0
2026-02-16T12:05:29,ERR,ERR,ERR,ERR,ERR,ERR,ERR,ERR,ERR,ERR,ERR,ERR,ERR,ERR,ERR,ERR,ERR,ERR,ERR,ERR,ERR,ERR,ERR,ERR,ERR,ERR,ERR,ERR,ERR,ERR,ERR,ERR,ERR,ERR,ERR,ERR,ERR,ERR,ERR,ERR,ERR,ERR,ERR,ERR,ERR,ERR,ERR,ERR,ERR,ERR,ERR,ERR,ERR,ERR,ERR,ERR,ERR,ERR,ERR,ERR,ERR,ERR,ERR,ERR,ERR,ERR,ERR,ERR,ERR,ERR,ERR,ERR,ERR,ERR,ERR,ERR,ERR,ERR,ERR,ERR,ERR,ERR,ERR,ERR,ERR,ERR,ERR,ERR,ERR,ERR,ERR,ERR,ERR,ERR,ERR,ERR,ERR,ERR,ERR,ERR,ERR,ERR,ERR,ERR,ERR,ERR,ERR,ERR,ERR,ERR,ERR,ERR,ERR,ERR,ERR,ERR,ERR,ERR,ERR,ERR,ERR,ERR,ERR,ERR,ERR,-0.0,-107616344.0,0.0,-0.0,-1.8487030179751264e+19,34669550632960.0,-50404300.0,0.0,4300,0,8,17172,4300,-0.0,40,0.0,0.0,-0.0,0.0,2.7184166902131945e+23,0,0,0,0,0.0,0,0,0,0,0,0,0,0,0,0,0,0,0,0,0,0,0,0,0,0,0,0,0,0,0,0,0,0,0,0,0,0,0,10,35,35,46,65476,380,65476,1,0,4,21553,0.0,-107610976.0,0.0,0.0,0.0,0.0,0.0,0.0,0.0,0.0,0.0,0.0,0.0,0.0,0.0,0.0,0.0,0.0,0.0,0.0,0.0,2.004,-0.0,-2.004,0.0,-3.69707618246192e+19,0.0,0.0,0.0,0.0,6470.0,1.0406710753811528e+34,0.0,-0.0,-107616344.0,0.0,107616272.0,0.0,0.0,2.004,2.004,223,-3.222002398308886e+26,-0.0,0.0,0.0,0.0,0.0,0.0,0.0,0.0,0,0,0,-27549988864.0,-1.714329123450313e+27,2.23225419130246e+22,-0.147,9.51445894421545e+17,-0.0,-5.2694223412067395e+31,7.072883144636011e+36,-0.0,-1.9029874463547064e+18,-0.0,6792.77,0.0,0.0,0.0,0.0,0,1.3516416376850534e+27,223,0.0,446,-0.0,0.0,2114,26215,17110,13107,17112,13107,17095,0,0,0,101,100,100,-0.0,63.25,0.0,64.1,0.0,63.75,1,49,50,180,0,13107,0,0,0.0,0.0,0.0,60.0,-3343027456.0,70.5,0.0,0.0,0.0,1070,0,1071,0,0,0,1072,0,1081,0,996,0,638,0,640,0,634,0,676,0.032,6.198106008766409e+21,-2.004,0.0,61328,16812,-1.4514254640054272e+16,0.0,-0.002,-2.1126421419623414e+26,-0.0,0.0,50.0,60.0,35,0.0,0.0,10.0,2.0,0.0,0.0,0.0,0.0,0.0,0.0,0.0,0.0,0.0,0.0,0.0,0.0,58.8,56,10,65507,27,65476,0,300,0,0,8,20529,65476,0,0,30147,60.0,0.0,10.0,10.0,2.0,0.0
2026-02-16T12:05:30,ERR,ERR,ERR,ERR,ERR,ERR,ERR,ERR,ERR,ERR,ERR,ERR,ERR,ERR,ERR,ERR,ERR,ERR,ERR,ERR,ERR,ERR,ERR,ERR,ERR,ERR,ERR,ERR,ERR,ERR,ERR,ERR,ERR,ERR,ERR,ERR,ERR,ERR,ERR,ERR,ERR,ERR,ERR,ERR,ERR,ERR,ERR,ERR,ERR,ERR,ERR,ERR,ERR,ERR,ERR,ERR,ERR,ERR,ERR,ERR,ERR,ERR,ERR,ERR,ERR,ERR,ERR,ERR,ERR,ERR,ERR,ERR,ERR,ERR,ERR,ERR,ERR,ERR,ERR,ERR,ERR,ERR,ERR,ERR,ERR,ERR,ERR,ERR,ERR,ERR,ERR,ERR,ERR,ERR,ERR,ERR,ERR,ERR,ERR,ERR,ERR,ERR,ERR,ERR,ERR,ERR,ERR,ERR,ERR,ERR,ERR,ERR,ERR,ERR,ERR,ERR,ERR,ERR,ERR,ERR,ERR,ERR,ERR,ERR,ERR,-0.0,-107616344.0,0.0,-0.0,-1.8487030179751264e+19,34669550632960.0,-50404300.0,0.0,4300,0,8,17172,4300,-0.0,40,0.0,0.0,-0.0,0.0,2.7184166902131945e+23,0,0,0,0,0.0,0,0,0,0,0,0,0,0,0,0,0,0,0,0,0,0,0,0,0,0,0,0,0,0,0,0,0,0,0,0,0,0,0,10,35,35,46,65476,380,65476,1,0,4,21553,0.0,-107610976.0,0.0,0.0,0.0,0.0,0.0,0.0,0.0,0.0,0.0,0.0,0.0,0.0,0.0,0.0,0.0,0.0,0.0,0.0,0.0,2.004,-0.0,-2.004,0.0,-3.69707618246192e+19,0.0,0.0,0.0,0.0,6470.0,1.0406710753811528e+34,0.0,-0.0,-107616344.0,0.0,107616272.0,0.0,0.0,2.004,2.004,223,-3.222002398308886e+26,-0.0,0.0,0.0,0.0,0.0,0.0,0.0,0.0,0,0,0,-27549988864.0,-1.714329123450313e+27,2.23225419130246e+22,-0.147,9.51445894421545e+17,-0.0,-5.2694223412067395e+31,7.072883144636011e+36,-0.0,-1.9029874463547064e+18,-0.0,6792.77,0.0,0.0,0.0,0.0,0,1.3516416376850534e+27,223,0.0,446,-0.0,0.0,2114,26215,17110,13107,17112,13107,17095,0,0,0,101,100,100,-0.0,63.25,0.0,64.1,0.0,63.75,1,49,50,180,0,13107,0,0,0.0,0.0,0.0,60.0,-3343027456.0,70.5,0.0,0.0,0.0,1070,0,1071,0,0,0,1072,0,1081,0,996,0,638,0,640,0,634,0,676,0.032,6.198106008766409e+21,-2.004,0.0,61328,16812,-1.4514254640054272e+16,0.0,-0.002,-2.1126421419623414e+26,-0.0,0.0,50.0,60.0,35,0.0,0.0,10.0,2.0,0.0,0.0,0.0,0.0,0.0,0.0,0.0,0.0,0.0,0.0,0.0,0.0,58.8,56,10,65507,27,65476,0,300,0,0,8,20529,65476,0,0,30147,60.0,0.0,10.0,10.0,2.0,0.0
2026-02-16T12:05:31,ERR,ERR,ERR,ERR,ERR,ERR,ERR,ERR,ERR,ERR,ERR,ERR,ERR,ERR,ERR,ERR,ERR,ERR,ERR,ERR,ERR,ERR,ERR,ERR,ERR,ERR,ERR,ERR,ERR,ERR,ERR,ERR,ERR,ERR,ERR,ERR,ERR,ERR,ERR,ERR,ERR,ERR,ERR,ERR,ERR,ERR,ERR,ERR,ERR,ERR,ERR,ERR,ERR,ERR,ERR,ERR,ERR,ERR,ERR,ERR,ERR,ERR,ERR,ERR,ERR,ERR,ERR,ERR,ERR,ERR,ERR,ERR,ERR,ERR,ERR,ERR,ERR,ERR,ERR,ERR,ERR,ERR,ERR,ERR,ERR,ERR,ERR,ERR,ERR,ERR,ERR,ERR,ERR,ERR,ERR,ERR,ERR,ERR,ERR,ERR,ERR,ERR,ERR,ERR,ERR,ERR,ERR,ERR,ERR,ERR,ERR,ERR,ERR,ERR,ERR,ERR,ERR,ERR,ERR,ERR,ERR,ERR,ERR,ERR,ERR,-0.0,-107616344.0,0.0,-0.0,-1.8487030179751264e+19,1345570.25,-0.0,0.0,4300,0,8,17171,4300,-0.0,40,0.0,0.0,-0.0,0.0,2.7184166902131945e+23,0,0,0,0,0.0,0,0,0,0,0,0,0,0,0,0,0,0,0,0,0,0,0,0,0,0,0,0,0,0,0,0,0,0,0,0,0,0,0,11,35,35,46,65476,380,65476,1,0,4,21553,0.0,2.7183305813883192e+23,0.007,0.0,0.0,0.0,0.0,0.0,0.0,0.0,0.0,0.0,0.0,0.0,0.0,0.0,0.0,0.0,0.0,0.0,0.0,2.004,-0.0,-0.0,0.0,-2.004,0.0,0.0,0.0,0.0,6468.0,-0.0,0.0,-0.0,-107616344.0,0.0,0.0,0.0,0.0,2.004,2.004,224,-107614776.0,-71.63,0.0,0.0,0.0,0.0,0.0,0.0,0.0,0,0,0,-2.3258757588844544e+16,0.0,5.021809852601816e+28,-864395264000.0,6.492776250910284e+19,-267656800.0,-1.638885374396627e+37,-2.8718275744255474e+36,-1.1272141607891305e+31,-2.0110738374115983e+18,-0.0,7176.77,0.0,0.0,0.0,-7.3269584755247374e+22,0,1.3516416376850534e+27,224,0.0,448,0.0,0.0,2114,26215,17110,13107,17112,13107,17095,0,0,0,101,100,100,-0.0,63.25,0.0,64.1,0.0,63.75,1,49,50,180,0,13107,0,0,0.0,0.0,0.0,60.0,-1128186574274560.0,70.5,0.0,0.0,0.0,1070,0,1071,0,0,0,1072,0,1081,0,996,0,638,0,640,0,634,0,676,0.032,6.198106008766409e+21,0.0,0.0,62480,16812,-1128186574274560.0,0.0,-0.0,-3.354769969565872e+34,-0.0,0.0,50.0,60.0,35,0.0,0.0,10.0,2.0,0.0,0.0,0.0,0.0,0.0,0.0,0.0,0.0,0.0,0.0,0.0,0.0,58.8,56,10,65507,27,65476,0,300,0,0,8,20529,65476,0,0,30147,60.0,0.0,10.0,10.0,2.0,0.0
2026-02-16T12:05:32,ERR,ERR,ERR,ERR,ERR,ERR,ERR,ERR,ERR,ERR,ERR,ERR,ERR,ERR,ERR,ERR,ERR,ERR,ERR,ERR,ERR,ERR,ERR,ERR,ERR,ERR,ERR,ERR,ERR,ERR,ERR,ERR,ERR,ERR,ERR,ERR,ERR,ERR,ERR,ERR,ERR,ERR,ERR,ERR,ERR,ERR,ERR,ERR,ERR,ERR,ERR,ERR,ERR,ERR,ERR,ERR,ERR,ERR,ERR,ERR,ERR,ERR,ERR,ERR,ERR,ERR,ERR,ERR,ERR,ERR,ERR,ERR,ERR,ERR,ERR,ERR,ERR,ERR,ERR,ERR,ERR,ERR,ERR,ERR,ERR,ERR,ERR,ERR,ERR,ERR,ERR,ERR,ERR,ERR,ERR,ERR,ERR,ERR,ERR,ERR,ERR,ERR,ERR,ERR,ERR,ERR,ERR,ERR,ERR,ERR,ERR,ERR,ERR,ERR,ERR,ERR,ERR,ERR,ERR,ERR,ERR,ERR,ERR,ERR,ERR,-0.0,-107616344.0,0.0,-0.0,-1.8487030179751264e+19,1345570.25,-0.0,0.0,4300,0,8,17171,4300,-0.0,40,0.0,0.0,-0.0,0.0,2.7184166902131945e+23,0,0,0,0,0.0,0,0,0,0,0,0,0,0,0,0,0,0,0,0,0,0,0,0,0,0,0,0,0,0,0,0,0,0,0,0,0,0,0,11,35,35,46,65476,380,65476,1,0,4,21553,0.0,2.7183305813883192e+23,0.007,0.0,0.0,0.0,0.0,0.0,0.0,0.0,0.0,0.0,0.0,0.0,0.0,0.0,0.0,0.0,0.0,0.0,0.0,2.004,-0.0,-0.0,0.0,-2.004,0.0,0.0,0.0,0.0,6468.0,-0.0,0.0,-0.0,-107616344.0,0.0,0.0,0.0,0.0,2.004,2.004,224,-107614776.0,-71.63,0.0,0.0,0.0,0.0,0.0,0.0,0.0,0,0,0,-2.3258757588844544e+16,0.0,5.021809852601816e+28,-864395264000.0,6.492776250910284e+19,-267656800.0,-1.638885374396627e+37,-2.8718275744255474e+36,-1.1272141607891305e+31,-2.0110738374115983e+18,-0.0,7176.77,0.0,0.0,0.0,-7.3269584755247374e+22,0,1.3516416376850534e+27,224,0.0,448,0.0,0.0,2114,26215,17110,13107,17112,13107,17095,0,0,0,101,100,100,-0.0,63.25,0.0,64.1,0.0,63.75,1,49,50,180,0,13107,0,0,0.0,0.0,0.0,60.0,-1128186574274560.0,70.5,0.0,0.0,0.0,1070,0,1071,0,0,0,1072,0,1081,0,996,0,638,0,640,0,634,0,676,0.032,6.198106008766409e+21,0.0,0.0,62480,16812,-1128186574274560.0,0.0,-0.0,-3.354769969565872e+34,-0.0,0.0,50.0,60.0,35,0.0,0.0,10.0,2.0,0.0,0.0,0.0,0.0,0.0,0.0,0.0,0.0,0.0,0.0,0.0,0.0,59.2,55,10,65507,27,65476,0,300,0,0,8,20529,65476,0,0,30147,60.0,0.0,10.0,10.0,2.0,0.0
2026-02-16T12:05:33,ERR,ERR,ERR,ERR,ERR,ERR,ERR,ERR,ERR,ERR,ERR,ERR,ERR,ERR,ERR,ERR,ERR,ERR,ERR,ERR,ERR,ERR,ERR,ERR,ERR,ERR,ERR,ERR,ERR,ERR,ERR,ERR,ERR,ERR,ERR,ERR,ERR,ERR,ERR,ERR,ERR,ERR,ERR,ERR,ERR,ERR,ERR,ERR,ERR,ERR,ERR,ERR,ERR,ERR,ERR,ERR,ERR,ERR,ERR,ERR,ERR,ERR,ERR,ERR,ERR,ERR,ERR,ERR,ERR,ERR,ERR,ERR,ERR,ERR,ERR,ERR,ERR,ERR,ERR,ERR,ERR,ERR,ERR,ERR,ERR,ERR,ERR,ERR,ERR,ERR,ERR,ERR,ERR,ERR,ERR,ERR,ERR,ERR,ERR,ERR,ERR,ERR,ERR,ERR,ERR,ERR,ERR,ERR,ERR,ERR,ERR,ERR,ERR,ERR,ERR,ERR,ERR,ERR,ERR,ERR,ERR,ERR,ERR,ERR,ERR,-0.0,-107616344.0,0.0,-0.0,-1.8487030179751264e+19,1345570.25,-0.0,0.0,4300,0,8,17171,4300,-0.0,40,0.0,0.0,-0.0,0.0,2.7184166902131945e+23,0,0,0,0,0.0,0,0,0,0,0,0,0,0,0,0,0,0,0,0,0,0,0,0,0,0,0,0,0,0,0,0,0,0,0,0,0,0,0,11,35,35,46,65476,380,65476,1,0,4,21553,0.0,2.7183305813883192e+23,0.007,0.0,0.0,0.0,0.0,0.0,0.0,0.0,0.0,0.0,0.0,0.0,0.0,0.0,0.0,0.0,0.0,0.0,0.0,2.004,-0.0,-0.0,0.0,-2.004,0.0,0.0,0.0,0.0,6468.0,-0.0,0.0,-0.0,-107616344.0,0.0,0.0,0.0,0.0,2.004,2.004,224,-107614776.0,-71.63,0.0,0.0,0.0,0.0,0.0,0.0,0.0,0,0,0,-2.3258757588844544e+16,0.0,5.021809852601816e+28,-864395264000.0,6.492776250910284e+19,-267656800.0,-1.638885374396627e+37,-2.8718275744255474e+36,-1.1272141607891305e+31,-2.0110738374115983e+18,-0.0,7176.77,0.0,0.0,0.0,-7.3269584755247374e+22,0,1.3516416376850534e+27,224,0.0,448,0.0,0.0,2114,26215,17110,13107,17112,13107,17095,0,0,0,101,100,100,-0.0,63.25,0.0,64.1,0.0,63.75,1,49,50,180,0,13107,0,0,0.0,0.0,0.0,60.0,-1128186574274560.0,70.5,0.0,0.0,0.0,1070,0,1071,0,0,0,1072,0,1081,0,996,0,638,0,640,0,634,0,676,0.032,6.198106008766409e+21,0.0,0.0,62480,16812,-1128186574274560.0,0.0,-0.0,-3.354769969565872e+34,-0.0,0.0,50.0,60.0,35,0.0,0.0,10.0,2.0,0.0,0.0,0.0,0.0,0.0,0.0,0.0,0.0,0.0,0.0,0.0,0.0,59.2,55,10,65507,27,65476,0,300,0,0,8,20529,65476,0,0,30147,60.0,0.0,10.0,10.0,2.0,0.0
2026-02-16T12:05:34,ERR,ERR,ERR,ERR,ERR,ERR,ERR,ERR,ERR,ERR,ERR,ERR,ERR,ERR,ERR,ERR,ERR,ERR,ERR,ERR,ERR,ERR,ERR,ERR,ERR,ERR,ERR,ERR,ERR,ERR,ERR,ERR,ERR,ERR,ERR,ERR,ERR,ERR,ERR,ERR,ERR,ERR,ERR,ERR,ERR,ERR,ERR,ERR,ERR,ERR,ERR,ERR,ERR,ERR,ERR,ERR,ERR,ERR,ERR,ERR,ERR,ERR,ERR,ERR,ERR,ERR,ERR,ERR,ERR,ERR,ERR,ERR,ERR,ERR,ERR,ERR,ERR,ERR,ERR,ERR,ERR,ERR,ERR,ERR,ERR,ERR,ERR,ERR,ERR,ERR,ERR,ERR,ERR,ERR,ERR,ERR,ERR,ERR,ERR,ERR,ERR,ERR,ERR,ERR,ERR,ERR,ERR,ERR,ERR,ERR,ERR,ERR,ERR,ERR,ERR,ERR,ERR,ERR,ERR,ERR,ERR,ERR,ERR,ERR,ERR,-0.0,-107616344.0,0.0,-0.0,-1.8487030179751264e+19,1345570.25,-0.0,0.0,4300,0,8,17171,4300,-0.0,40,0.0,0.0,-0.0,0.0,2.7184166902131945e+23,0,0,0,0,0.0,0,0,0,0,0,0,0,0,0,0,0,0,0,0,0,0,0,0,0,0,0,0,0,0,0,0,0,0,0,0,0,0,0,11,35,35,46,65476,380,65476,1,0,4,21553,0.0,2.7183305813883192e+23,0.007,0.0,0.0,0.0,0.0,0.0,0.0,0.0,0.0,0.0,0.0,0.0,0.0,0.0,0.0,0.0,0.0,0.0,0.0,2.004,-0.0,-0.0,0.0,-2.004,0.0,0.0,0.0,0.0,6468.0,-0.0,0.0,-0.0,-107616344.0,0.0,0.0,0.0,0.0,2.004,2.004,224,-107614776.0,-71.63,0.0,0.0,0.0,0.0,0.0,0.0,0.0,0,0,0,-2.3258757588844544e+16,0.0,5.021809852601816e+28,-864395264000.0,6.492776250910284e+19,-267656800.0,-1.638885374396627e+37,-2.8718275744255474e+36,-1.1272141607891305e+31,-2.0110738374115983e+18,-0.0,7176.77,0.0,0.0,0.0,-7.3269584755247374e+22,0,1.3516416376850534e+27,224,0.0,448,0.0,0.0,2114,26215,17110,13107,17112,13107,17095,0,0,0,101,100,100,-0.0,63.25,0.0,64.1,0.0,63.75,1,49,50,180,0,13107,0,0,0.0,0.0,0.0,60.0,-1128186574274560.0,70.5,0.0,0.0,0.0,1070,0,1071,0,0,0,1072,0,1081,0,996,0,638,0,640,0,634,0,676,0.032,6.198106008766409e+21,0.0,0.0,62480,16812,-1128186574274560.0,0.0,-0.0,-3.354769969565872e+34,-0.0,0.0,50.0,60.0,35,0.0,0.0,10.0,2.0,0.0,0.0,0.0,0.0,0.0,0.0,0.0,0.0,0.0,0.0,0.0,0.0,58.8,55,11,65507,27,65476,0,300,0,0,8,20529,65476,0,0,30147,60.0,0.0,10.0,10.0,2.0,0.0
2026-02-16T12:05:35,ERR,ERR,ERR,ERR,ERR,ERR,ERR,ERR,ERR,ERR,ERR,ERR,ERR,ERR,ERR,ERR,ERR,ERR,ERR,ERR,ERR,ERR,ERR,ERR,ERR,ERR,ERR,ERR,ERR,ERR,ERR,ERR,ERR,ERR,ERR,ERR,ERR,ERR,ERR,ERR,ERR,ERR,ERR,ERR,ERR,ERR,ERR,ERR,ERR,ERR,ERR,ERR,ERR,ERR,ERR,ERR,ERR,ERR,ERR,ERR,ERR,ERR,ERR,ERR,ERR,ERR,ERR,ERR,ERR,ERR,ERR,ERR,ERR,ERR,ERR,ERR,ERR,ERR,ERR,ERR,ERR,ERR,ERR,ERR,ERR,ERR,ERR,ERR,ERR,ERR,ERR,ERR,ERR,ERR,ERR,ERR,ERR,ERR,ERR,ERR,ERR,ERR,ERR,ERR,ERR,ERR,ERR,ERR,ERR,ERR,ERR,ERR,ERR,ERR,ERR,ERR,ERR,ERR,ERR,ERR,ERR,ERR,ERR,ERR,ERR,-0.0,-107616344.0,0.0,-0.0,-1.8487030179751264e+19,1345570.25,-0.0,0.0,4300,0,8,17171,4300,-0.0,40,0.0,0.0,-0.0,0.0,2.7184166902131945e+23,0,0,0,0,0.0,0,0,0,0,0,0,0,0,0,0,0,0,0,0,0,0,0,0,0,0,0,0,0,0,0,0,0,0,0,0,0,0,0,11,35,35,46,65476,380,65476,1,0,4,21553,0.0,2.7183305813883192e+23,0.007,0.0,0.0,0.0,0.0,0.0,0.0,0.0,0.0,0.0,0.0,0.0,0.0,0.0,0.0,0.0,0.0,0.0,0.0,2.004,-0.0,-0.0,0.0,-2.004,0.0,0.0,0.0,0.0,6468.0,-0.0,0.0,-0.0,-107616344.0,0.0,0.0,0.0,0.0,2.004,2.004,224,-107614776.0,-71.63,0.0,0.0,0.0,0.0,0.0,0.0,0.0,0,0,0,-2.3258757588844544e+16,0.0,5.021809852601816e+28,-864395264000.0,6.492776250910284e+19,-267656800.0,-1.638885374396627e+37,-2.8718275744255474e+36,-1.1272141607891305e+31,-2.0110738374115983e+18,-0.0,7176.77,0.0,0.0,0.0,-7.3269584755247374e+22,0,1.3516416376850534e+27,224,0.0,448,0.0,0.0,2114,26215,17110,13107,17112,13107,17095,0,0,0,101,100,100,-0.0,63.25,0.0,64.1,0.0,63.75,1,49,50,180,13107,13107,0,0,0.0,0.0,0.0,60.0,-31265.275,70.5,0.0,-933508390322176.0,0.0,1071,0,1071,0,0,0,1072,0,1081,0,996,0,638,0,640,0,634,0,676,0.032,6.124319032471571e+21,0.0,0.0,8080,16813,-4196354228224.0,0.0,-0.0,0.0,-0.0,0.0,50.0,60.0,35,0.0,0.0,10.0,2.0,0.0,0.0,0.0,0.0,0.0,0.0,0.0,0.0,0.0,0.0,0.0,0.0,58.8,55,11,65507,27,65476,0,300,0,0,8,20529,65476,0,0,30147,60.0,0.0,10.0,10.0,2.0,0.0
2026-02-16T12:05:36,ERR,ERR,ERR,ERR,ERR,ERR,ERR,ERR,ERR,ERR,ERR,ERR,ERR,ERR,ERR,ERR,ERR,ERR,ERR,ERR,ERR,ERR,ERR,ERR,ERR,ERR,ERR,ERR,ERR,ERR,ERR,ERR,ERR,ERR,ERR,ERR,ERR,ERR,ERR,ERR,ERR,ERR,ERR,ERR,ERR,ERR,ERR,ERR,ERR,ERR,ERR,ERR,ERR,ERR,ERR,ERR,ERR,ERR,ERR,ERR,ERR,ERR,ERR,ERR,ERR,ERR,ERR,ERR,ERR,ERR,ERR,ERR,ERR,ERR,ERR,ERR,ERR,ERR,ERR,ERR,ERR,ERR,ERR,ERR,ERR,ERR,ERR,ERR,ERR,ERR,ERR,ERR,ERR,ERR,ERR,ERR,ERR,ERR,ERR,ERR,ERR,ERR,ERR,ERR,ERR,ERR,ERR,ERR,ERR,ERR,ERR,ERR,ERR,ERR,ERR,ERR,ERR,ERR,ERR,ERR,ERR,ERR,ERR,ERR,ERR,-0.0,-0.0,-0.0,-0.0,4.045065792430549e+31,-0.0,95373.906,8.081995932105158e+20,4300,0,8,17171,4300,-0.0,41,0.0,0.0,-0.0,0.0,-0.0,0,0,0,0,0.0,0,0,0,0,0,0,0,0,0,0,0,0,0,0,0,0,0,0,0,0,0,0,0,0,0,0,0,0,0,0,0,0,0,11,35,35,46,65476,381,65476,1,0,4,21553,0.0,2.7183305813883192e+23,0.0,0.0,0.0,0.0,0.0,0.0,0.0,0.0,0.0,0.0,0.0,0.0,0.0,0.0,0.0,0.0,0.0,0.0,0.0,2.004,-0.0,-0.0,0.0,-2.004,0.0,0.0,0.0,0.0,6502.0,0.0,0.0,-0.0,-0.0,-107616224.0,0.0,0.0,0.0,2.004,2.004,223,0.0,0.0,0.0,0.0,0.0,0.0,0.0,0.0,0.0,0,0,0,-0.0,3732455292928.0,2.6893442207326614e+20,3.9665128149865397e+30,274068037173248.0,-5064.237,0.0,-210.273,-1.1770891524374528e+16,-2.1191602284684902e+18,-0.0,7560.77,0.0,0.0,0.0,-7.262886664346063e+24,0,1.3516416376850534e+27,223,0.0,446,-0.0,-1814071424.0,2114,26215,17110,13107,17112,13107,17095,0,0,0,101,100,100,-0.0,63.25,0.0,64.1,0.0,63.75,1,49,50,180,13107,13107,0,0,0.0,0.0,0.0,60.0,-31265.275,70.5,0.0,-933508390322176.0,0.0,1071,0,1071,0,0,0,1072,0,1081,0,996,0,638,0,640,0,634,0,676,0.032,6.124319032471571e+21,0.0,0.0,8080,16813,-4196354228224.0,0.0,-0.0,0.0,-0.0,0.0,50.0,60.0,35,0.0,0.0,10.0,2.0,0.0,0.0,0.0,0.0,0.0,0.0,0.0,0.0,0.0,0.0,0.0,0.0,58.8,55,11,65507,27,65476,0,300,0,0,8,20529,65476,0,0,30147,60.0,0.0,10.0,10.0,2.0,0.0
2026-02-16T12:05:37,ERR,ERR,ERR,ERR,ERR,ERR,ERR,ERR,ERR,ERR,ERR,ERR,ERR,ERR,ERR,ERR,ERR,ERR,ERR,ERR,ERR,ERR,ERR,ERR,ERR,ERR,ERR,ERR,ERR,ERR,ERR,ERR,ERR,ERR,ERR,ERR,ERR,ERR,ERR,ERR,ERR,ERR,ERR,ERR,ERR,ERR,ERR,ERR,ERR,ERR,ERR,ERR,ERR,ERR,ERR,ERR,ERR,ERR,ERR,ERR,ERR,ERR,ERR,ERR,ERR,ERR,ERR,ERR,ERR,ERR,ERR,ERR,ERR,ERR,ERR,ERR,ERR,ERR,ERR,ERR,ERR,ERR,ERR,ERR,ERR,ERR,ERR,ERR,ERR,ERR,ERR,ERR,ERR,ERR,ERR,ERR,ERR,ERR,ERR,ERR,ERR,ERR,ERR,ERR,ERR,ERR,ERR,ERR,ERR,ERR,ERR,ERR,ERR,ERR,ERR,ERR,ERR,ERR,ERR,ERR,ERR,ERR,ERR,ERR,ERR,-0.0,-0.0,-0.0,-0.0,4.045065792430549e+31,-0.0,95373.906,8.081995932105158e+20,4300,0,8,17171,4300,-0.0,41,0.0,0.0,-0.0,0.0,-0.0,0,0,0,0,0.0,0,0,0,0,0,0,0,0,0,0,0,0,0,0,0,0,0,0,0,0,0,0,0,0,0,0,0,0,0,0,0,0,0,11,35,35,46,65476,381,65476,1,0,4,21553,0.0,2.7183305813883192e+23,0.0,0.0,0.0,0.0,0.0,0.0,0.0,0.0,0.0,0.0,0.0,0.0,0.0,0.0,0.0,0.0,0.0,0.0,0.0,2.004,-0.0,-0.0,0.0,-2.004,0.0,0.0,0.0,0.0,6502.0,0.0,0.0,-0.0,-0.0,-107616224.0,0.0,0.0,0.0,2.004,2.004,223,0.0,0.0,0.0,0.0,0.0,0.0,0.0,0.0,0.0,0,0,0,-0.0,3732455292928.0,2.6893442207326614e+20,3.9665128149865397e+30,274068037173248.0,-5064.237,0.0,-210.273,-1.1770891524374528e+16,-2.1191602284684902e+18,-0.0,7560.77,0.0,0.0,0.0,-7.262886664346063e+24,0,1.3516416376850534e+27,223,0.0,446,-0.0,-1814071424.0,2114,26215,17110,13107,17112,13107,17095,0,0,0,101,100,100,-0.0,63.25,0.0,64.1,0.0,63.75,1,49,50,180,13107,13107,0,0,0.0,0.0,0.0,60.0,-31265.275,70.5,0.0,-933508390322176.0,0.0,1071,0,1071,0,0,0,1072,0,1081,0,996,0,638,0,640,0,634,0,676,0.032,6.124319032471571e+21,0.0,0.0,8080,16813,-4196354228224.0,0.0,-0.0,0.0,-0.0,0.0,50.0,60.0,35,0.0,0.0,10.0,2.0,0.0,0.0,0.0,0.0,0.0,0.0,0.0,0.0,0.0,0.0,0.0,0.0,58.8,55,11,65507,27,65476,0,300,0,0,8,20529,65476,0,0,30147,60.0,0.0,10.0,10.0,2.0,0.0
2026-02-16T12:05:38,ERR,ERR,ERR,ERR,ERR,ERR,ERR,ERR,ERR,ERR,ERR,ERR,ERR,ERR,ERR,ERR,ERR,ERR,ERR,ERR,ERR,ERR,ERR,ERR,ERR,ERR,ERR,ERR,ERR,ERR,ERR,ERR,ERR,ERR,ERR,ERR,ERR,ERR,ERR,ERR,ERR,ERR,ERR,ERR,ERR,ERR,ERR,ERR,ERR,ERR,ERR,ERR,ERR,ERR,ERR,ERR,ERR,ERR,ERR,ERR,ERR,ERR,ERR,ERR,ERR,ERR,ERR,ERR,ERR,ERR,ERR,ERR,ERR,ERR,ERR,ERR,ERR,ERR,ERR,ERR,ERR,ERR,ERR,ERR,ERR,ERR,ERR,ERR,ERR,ERR,ERR,ERR,ERR,ERR,ERR,ERR,ERR,ERR,ERR,ERR,ERR,ERR,ERR,ERR,ERR,ERR,ERR,ERR,ERR,ERR,ERR,ERR,ERR,ERR,ERR,ERR,ERR,ERR,ERR,ERR,ERR,ERR,ERR,ERR,ERR,-0.0,-0.0,-0.0,-0.0,4.045065792430549e+31,-0.0,95373.906,8.081995932105158e+20,4300,0,8,17171,4300,-0.0,41,0.0,0.0,-0.0,0.0,-0.0,0,0,0,0,0.0,0,0,0,0,0,0,0,0,0,0,0,0,0,0,0,0,0,0,0,0,0,0,0,0,0,0,0,0,0,0,0,0,0,11,35,35,46,65476,381,65476,1,0,4,21553,0.0,2.7183305813883192e+23,0.0,0.0,0.0,0.0,0.0,0.0,0.0,0.0,0.0,0.0,0.0,0.0,0.0,0.0,0.0,0.0,0.0,0.0,0.0,2.004,-0.0,-0.0,0.0,-2.004,0.0,0.0,0.0,0.0,6502.0,0.0,0.0,-0.0,-0.0,-107616224.0,0.0,0.0,0.0,2.004,2.004,223,0.0,0.0,0.0,0.0,0.0,0.0,0.0,0.0,0.0,0,0,0,-0.0,3732455292928.0,2.6893442207326614e+20,3.9665128149865397e+30,274068037173248.0,-5064.237,0.0,-210.273,-1.1770891524374528e+16,-2.1191602284684902e+18,-0.0,7560.77,0.0,0.0,0.0,-7.262886664346063e+24,0,1.3516416376850534e+27,223,0.0,446,-0.0,-1814071424.0,2114,26215,17110,13107,17112,13107,17095,0,0,0,101,100,100,-0.0,63.25,0.0,64.1,0.0,63.75,1,49,50,180,0,13107,0,0,0.0,0.0,0.0,60.0,-9.974119840775896e+26,70.5,0.0,2.1463649979737638e+24,0.0,1070,0,1071,0,0,0,1072,0,1081,0,996,0,638,0,640,0,634,0,676,0.032,6.198106008766409e+21,0.0,0.0,15760,16813,-9.974119840775896e+26,2.1463649979737638e+24,2.8769832294001454e+30,-0.0,10896.394,-1.755646959855339e+35,50.0,60.0,35,0.0,0.0,10.0,2.0,0.0,0.0,0.0,0.0,0.0,0.0,0.0,0.0,0.0,0.0,0.0,0.0,58.8,55,11,65507,27,65476,0,300,0,0,8,20529,65476,0,0,30147,60.0,0.0,10.0,10.0,2.0,0.0
2026-02-16T12:05:39,ERR,ERR,ERR,ERR,ERR,ERR,ERR,ERR,ERR,ERR,ERR,ERR,ERR,ERR,ERR,ERR,ERR,ERR,ERR,ERR,ERR,ERR,ERR,ERR,ERR,ERR,ERR,ERR,ERR,ERR,ERR,ERR,ERR,ERR,ERR,ERR,ERR,ERR,ERR,ERR,ERR,ERR,ERR,ERR,ERR,ERR,ERR,ERR,ERR,ERR,ERR,ERR,ERR,ERR,ERR,ERR,ERR,ERR,ERR,ERR,ERR,ERR,ERR,ERR,ERR,ERR,ERR,ERR,ERR,ERR,ERR,ERR,ERR,ERR,ERR,ERR,ERR,ERR,ERR,ERR,ERR,ERR,ERR,ERR,ERR,ERR,ERR,ERR,ERR,ERR,ERR,ERR,ERR,ERR,ERR,ERR,ERR,ERR,ERR,ERR,ERR,ERR,ERR,ERR,ERR,ERR,ERR,ERR,ERR,ERR,ERR,ERR,ERR,ERR,ERR,ERR,ERR,ERR,ERR,ERR,ERR,ERR,ERR,ERR,ERR,-0.0,-0.0,-0.0,-0.0,4.045065792430549e+31,-0.0,95373.906,8.081995932105158e+20,4300,0,8,17171,4300,-0.0,41,0.0,0.0,-0.0,0.0,-0.0,0,0,0,0,0.0,0,0,0,0,0,0,0,0,0,0,0,0,0,0,0,0,0,0,0,0,0,0,0,0,0,0,0,0,0,0,0,0,0,11,35,35,46,65476,381,65476,1,0,4,21553,0.0,2.7183305813883192e+23,0.0,0.0,0.0,0.0,0.0,0.0,0.0,0.0,0.0,0.0,0.0,0.0,0.0,0.0,0.0,0.0,0.0,0.0,0.0,2.004,-0.0,-0.0,0.0,-2.004,0.0,0.0,0.0,0.0,6502.0,0.0,0.0,-0.0,-0.0,-107616224.0,0.0,0.0,0.0,2.004,2.004,223,0.0,0.0,0.0,0.0,0.0,0.0,0.0,0.0,0.0,0,0,0,-0.0,3732455292928.0,2.6893442207326614e+20,3.9665128149865397e+30,274068037173248.0,-5064.237,0.0,-210.273,-1.1770891524374528e+16,-2.1191602284684902e+18,-0.0,7560.77,0.0,0.0,0.0,-7.262886664346063e+24,0,1.3516416376850534e+27,223,0.0,446,-0.0,-1814071424.0,2114,26215,17110,13107,17112,13107,17095,0,0,0,101,100,100,-0.0,63.25,0.0,64.1,0.0,63.75,1,49,50,180,0,13107,0,0,0.0,0.0,0.0,60.0,-9.974119840775896e+26,70.5,0.0,2.1463649979737638e+24,0.0,1070,0,1071,0,0,0,1072,0,1081,0,996,0,638,0,640,0,634,0,676,0.032,6.198106008766409e+21,0.0,0.0,15760,16813,-9.974119840775896e+26,2.1463649979737638e+24,2.8769832294001454e+30,-0.0,10896.394,-1.755646959855339e+35,50.0,60.0,35,0.0,0.0,10.0,2.0,0.0,0.0,0.0,0.0,0.0,0.0,0.0,0.0,0.0,0.0,0.0,0.0,58.8,55,11,65507,27,65476,0,300,0,0,8,20529,65476,0,0,30147,60.0,0.0,10.0,10.0,2.0,0.0
2026-02-16T12:05:40,ERR,ERR,ERR,ERR,ERR,ERR,ERR,ERR,ERR,ERR,ERR,ERR,ERR,ERR,ERR,ERR,ERR,ERR,ERR,ERR,ERR,ERR,ERR,ERR,ERR,ERR,ERR,ERR,ERR,ERR,ERR,ERR,ERR,ERR,ERR,ERR,ERR,ERR,ERR,ERR,ERR,ERR,ERR,ERR,ERR,ERR,ERR,ERR,ERR,ERR,ERR,ERR,ERR,ERR,ERR,ERR,ERR,ERR,ERR,ERR,ERR,ERR,ERR,ERR,ERR,ERR,ERR,ERR,ERR,ERR,ERR,ERR,ERR,ERR,ERR,ERR,ERR,ERR,ERR,ERR,ERR,ERR,ERR,ERR,ERR,ERR,ERR,ERR,ERR,ERR,ERR,ERR,ERR,ERR,ERR,ERR,ERR,ERR,ERR,ERR,ERR,ERR,ERR,ERR,ERR,ERR,ERR,ERR,ERR,ERR,ERR,ERR,ERR,ERR,ERR,ERR,ERR,ERR,ERR,ERR,ERR,ERR,ERR,ERR,ERR,-0.0,-0.0,-0.0,-0.0,4.045065792430549e+31,-0.0,3140.435,6.686957674568641e+21,4300,0,8,17171,4300,-0.0,41,0.0,0.0,-0.0,0.0,-0.0,0,0,0,0,0.0,0,0,0,0,0,0,0,0,0,0,0,0,0,0,0,0,0,0,0,0,0,0,0,0,0,0,0,0,0,0,0,0,0,11,35,35,46,65476,381,65476,1,0,4,21553,0.0,-0.0,-4.124899812455972e+37,0.0,0.0,0.0,0.0,0.0,0.0,0.0,0.0,0.0,0.0,0.0,0.0,0.0,0.0,0.0,0.0,0.0,0.0,2.004,-0.0,-0.0,0.0,-0.0,0.0,0.0,0.0,0.0,6504.0,-0.0,0.0,-0.0,-0.0,-107616224.0,0.0,-0.0,0.0,2.004,2.004,223,0.0,0.059,0.0,0.0,0.0,0.0,0.0,0.0,0.0,0,0,0,-26974238015488.0,0.0,2.8133849665762237e+29,-0.0,3.014396140027745e+22,0.0,-1.1679730222618886e+32,-0.0,-0.0,-2.2272466195253821e+18,-0.0,7944.77,0.0,0.0,0.0,-2.0227644055097308e+30,0,1.3516416376850534e+27,223,0.0,446,0.0,-0.0,2114,26215,17110,13107,17112,13107,17095,0,0,0,101,100,100,-0.0,63.25,0.0,64.1,0.0,63.75,1,49,50,180,0,13107,0,0,0.0,0.0,0.0,60.0,-9.974119840775896e+26,70.5,0.0,2.1463649979737638e+24,0.0,1070,0,1071,0,0,0,1072,0,1081,0,996,0,638,0,640,0,634,0,676,0.032,6.198106008766409e+21,0.0,0.0,15760,16813,-9.974119840775896e+26,2.1463649979737638e+24,2.8769832294001454e+30,-0.0,10896.394,-1.755646959855339e+35,50.0,60.0,35,0.0,0.0,10.0,2.0,0.0,0.0,0.0,0.0,0.0,0.0,0.0,0.0,0.0,0.0,0.0,0.0,58.8,55,11,65507,27,65476,0,300,0,0,8,20529,65476,0,0,30147,60.0,0.0,10.0,10.0,2.0,0.0
2026-02-16T12:05:41,ERR,ERR,ERR,ERR,ERR,ERR,ERR,ERR,ERR,ERR,ERR,ERR,ERR,ERR,ERR,ERR,ERR,ERR,ERR,ERR,ERR,ERR,ERR,ERR,ERR,ERR,ERR,ERR,ERR,ERR,ERR,ERR,ERR,ERR,ERR,ERR,ERR,ERR,ERR,ERR,ERR,ERR,ERR,ERR,ERR,ERR,ERR,ERR,ERR,ERR,ERR,ERR,ERR,ERR,ERR,ERR,ERR,ERR,ERR,ERR,ERR,ERR,ERR,ERR,ERR,ERR,ERR,ERR,ERR,ERR,ERR,ERR,ERR,ERR,ERR,ERR,ERR,ERR,ERR,ERR,ERR,ERR,ERR,ERR,ERR,ERR,ERR,ERR,ERR,ERR,ERR,ERR,ERR,ERR,ERR,ERR,ERR,ERR,ERR,ERR,ERR,ERR,ERR,ERR,ERR,ERR,ERR,ERR,ERR,ERR,ERR,ERR,ERR,ERR,ERR,ERR,ERR,ERR,ERR,ERR,ERR,ERR,ERR,ERR,ERR,-0.0,-0.0,-0.0,-0.0,4.045065792430549e+31,-0.0,3140.435,6.686957674568641e+21,4300,0,8,17171,4300,-0.0,41,0.0,0.0,-0.0,0.0,-0.0,0,0,0,0,0.0,0,0,0,0,0,0,0,0,0,0,0,0,0,0,0,0,0,0,0,0,0,0,0,0,0,0,0,0,0,0,0,0,0,11,35,35,46,65476,381,65476,1,0,4,21553,0.0,-0.0,-4.124899812455972e+37,0.0,0.0,0.0,0.0,0.0,0.0,0.0,0.0,0.0,0.0,0.0,0.0,0.0,0.0,0.0,0.0,0.0,0.0,2.004,-0.0,-0.0,0.0,-0.0,0.0,0.0,0.0,0.0,6504.0,-0.0,0.0,-0.0,-0.0,-107616224.0,0.0,-0.0,0.0,2.004,2.004,223,0.0,0.059,0.0,0.0,0.0,0.0,0.0,0.0,0.0,0,0,0,-26974238015488.0,0.0,2.8133849665762237e+29,-0.0,3.014396140027745e+22,0.0,-1.1679730222618886e+32,-0.0,-0.0,-2.2272466195253821e+18,-0.0,7944.77,0.0,0.0,0.0,-2.0227644055097308e+30,0,1.3516416376850534e+27,223,0.0,446,0.0,-0.0,2114,26215,17110,13107,17112,13107,17095,0,0,0,101,100,100,-0.0,63.25,0.0,64.1,0.0,63.75,1,49,50,180,0,13107,0,0,0.0,0.0,0.0,60.0,-9.974119840775896e+26,70.5,0.0,2.1463649979737638e+24,0.0,1070,0,1071,0,0,0,1072,0,1081,0,996,0,638,0,640,0,634,0,676,0.032,6.198106008766409e+21,0.0,0.0,15760,16813,-9.974119840775896e+26,2.1463649979737638e+24,2.8769832294001454e+30,-0.0,10896.394,-1.755646959855339e+35,50.0,60.0,35,0.0,0.0,10.0,2.0,0.0,0.0,0.0,0.0,0.0,0.0,0.0,0.0,0.0,0.0,0.0,0.0,58.8,55,11,65507,27,65476,0,300,0,0,8,20529,65476,0,0,30147,60.0,0.0,10.0,10.0,2.0,0.0
2026-02-16T12:05:42,ERR,ERR,ERR,ERR,ERR,ERR,ERR,ERR,ERR,ERR,ERR,ERR,ERR,ERR,ERR,ERR,ERR,ERR,ERR,ERR,ERR,ERR,ERR,ERR,ERR,ERR,ERR,ERR,ERR,ERR,ERR,ERR,ERR,ERR,ERR,ERR,ERR,ERR,ERR,ERR,ERR,ERR,ERR,ERR,ERR,ERR,ERR,ERR,ERR,ERR,ERR,ERR,ERR,ERR,ERR,ERR,ERR,ERR,ERR,ERR,ERR,ERR,ERR,ERR,ERR,ERR,ERR,ERR,ERR,ERR,ERR,ERR,ERR,ERR,ERR,ERR,ERR,ERR,ERR,ERR,ERR,ERR,ERR,ERR,ERR,ERR,ERR,ERR,ERR,ERR,ERR,ERR,ERR,ERR,ERR,ERR,ERR,ERR,ERR,ERR,ERR,ERR,ERR,ERR,ERR,ERR,ERR,ERR,ERR,ERR,ERR,ERR,ERR,ERR,ERR,ERR,ERR,ERR,ERR,ERR,ERR,ERR,ERR,ERR,ERR,-0.0,-0.0,-0.0,-0.0,4.045065792430549e+31,-0.0,3140.435,6.686957674568641e+21,4300,0,8,17171,4300,-0.0,41,0.0,0.0,-0.0,0.0,-0.0,0,0,0,0,0.0,0,0,0,0,0,0,0,0,0,0,0,0,0,0,0,0,0,0,0,0,0,0,0,0,0,0,0,0,0,0,0,0,0,11,35,35,46,65476,381,65476,1,0,4,21553,0.0,-0.0,-4.124899812455972e+37,0.0,0.0,0.0,0.0,0.0,0.0,0.0,0.0,0.0,0.0,0.0,0.0,0.0,0.0,0.0,0.0,0.0,0.0,2.004,-0.0,-0.0,0.0,-0.0,0.0,0.0,0.0,0.0,6504.0,-0.0,0.0,-0.0,-0.0,-107616224.0,0.0,-0.0,0.0,2.004,2.004,223,0.0,0.059,0.0,0.0,0.0,0.0,0.0,0.0,0.0,0,0,0,-26974238015488.0,0.0,2.8133849665762237e+29,-0.0,3.014396140027745e+22,0.0,-1.1679730222618886e+32,-0.0,-0.0,-2.2272466195253821e+18,-0.0,7944.77,0.0,0.0,0.0,-2.0227644055097308e+30,0,1.3516416376850534e+27,223,0.0,446,0.0,-0.0,2114,26215,17110,13107,17112,13107,17095,0,0,0,101,100,100,-0.0,63.25,0.0,64.1,0.0,63.75,1,49,50,180,0,13107,0,0,0.0,0.0,0.0,60.0,-8.892481489154657e+19,70.5,0.0,-6.445243495482322e+25,0.0,1070,0,1071,0,0,0,1072,0,1081,0,996,0,638,0,640,0,635,0,677,0.032,6.198106008766409e+21,0.0,0.0,1168,16813,-8196004352.0,5.973725398739557e+19,0.0,1.1230884596445317e+31,-1.2529390664273568e+23,-0.0,50.0,60.0,35,0.0,0.0,10.0,2.0,0.0,0.0,0.0,0.0,0.0,0.0,0.0,0.0,0.0,0.0,0.0,0.0,58.8,55,11,65507,27,65476,0,300,0,0,8,20529,65476,0,0,30147,60.0,0.0,10.0,10.0,2.0,0.0
2026-02-16T12:05:43,ERR,ERR,ERR,ERR,ERR,ERR,ERR,ERR,ERR,ERR,ERR,ERR,ERR,ERR,ERR,ERR,ERR,ERR,ERR,ERR,ERR,ERR,ERR,ERR,ERR,ERR,ERR,ERR,ERR,ERR,ERR,ERR,ERR,ERR,ERR,ERR,ERR,ERR,ERR,ERR,ERR,ERR,ERR,ERR,ERR,ERR,ERR,ERR,ERR,ERR,ERR,ERR,ERR,ERR,ERR,ERR,ERR,ERR,ERR,ERR,ERR,ERR,ERR,ERR,ERR,ERR,ERR,ERR,ERR,ERR,ERR,ERR,ERR,ERR,ERR,ERR,ERR,ERR,ERR,ERR,ERR,ERR,ERR,ERR,ERR,ERR,ERR,ERR,ERR,ERR,ERR,ERR,ERR,ERR,ERR,ERR,ERR,ERR,ERR,ERR,ERR,ERR,ERR,ERR,ERR,ERR,ERR,ERR,ERR,ERR,ERR,ERR,ERR,ERR,ERR,ERR,ERR,ERR,ERR,ERR,ERR,ERR,ERR,ERR,ERR,-0.0,-0.0,-0.0,-0.0,4.045065792430549e+31,-0.0,3140.435,6.686957674568641e+21,4300,0,8,17171,4300,-0.0,41,0.0,0.0,-0.0,0.0,-0.0,0,0,0,0,0.0,0,0,0,0,0,0,0,0,0,0,0,0,0,0,0,0,0,0,0,0,0,0,0,0,0,0,0,0,0,0,0,0,0,11,35,35,46,65476,381,65476,1,0,4,21553,0.0,-0.0,-4.124899812455972e+37,0.0,0.0,0.0,0.0,0.0,0.0,0.0,0.0,0.0,0.0,0.0,0.0,0.0,0.0,0.0,0.0,0.0,0.0,2.004,-0.0,-0.0,0.0,-0.0,0.0,0.0,0.0,0.0,6504.0,-0.0,0.0,-0.0,-0.0,-107616224.0,0.0,-0.0,0.0,2.004,2.004,223,0.0,0.059,0.0,0.0,0.0,0.0,0.0,0.0,0.0,0,0,0,-26974238015488.0,0.0,2.8133849665762237e+29,-0.0,3.014396140027745e+22,0.0,-1.1679730222618886e+32,-0.0,-0.0,-2.2272466195253821e+18,-0.0,7944.77,0.0,0.0,0.0,-2.0227644055097308e+30,0,1.3516416376850534e+27,223,0.0,446,0.0,-0.0,2114,26215,17110,13107,17112,13107,17095,0,0,0,101,100,100,-0.0,63.25,0.0,64.1,0.0,63.75,1,49,50,180,0,13107,0,0,0.0,0.0,0.0,60.0,-8.892481489154657e+19,70.5,0.0,-6.445243495482322e+25,0.0,1070,0,1071,0,0,0,1072,0,1081,0,996,0,638,0,640,0,635,0,677,0.032,6.198106008766409e+21,0.0,0.0,1168,16813,-8196004352.0,5.973725398739557e+19,0.0,1.1230884596445317e+31,-1.2529390664273568e+23,-0.0,50.0,60.0,35,0.0,0.0,10.0,2.0,0.0,0.0,0.0,0.0,0.0,0.0,0.0,0.0,0.0,0.0,0.0,0.0,58.8,55,11,65507,27,65476,0,300,0,0,8,20529,65476,0,0,30147,60.0,0.0,10.0,10.0,2.0,0.0
2026-02-16T12:05:44,ERR,ERR,ERR,ERR,ERR,ERR,ERR,ERR,ERR,ERR,ERR,ERR,ERR,ERR,ERR,ERR,ERR,ERR,ERR,ERR,ERR,ERR,ERR,ERR,ERR,ERR,ERR,ERR,ERR,ERR,ERR,ERR,ERR,ERR,ERR,ERR,ERR,ERR,ERR,ERR,ERR,ERR,ERR,ERR,ERR,ERR,ERR,ERR,ERR,ERR,ERR,ERR,ERR,ERR,ERR,ERR,ERR,ERR,ERR,ERR,ERR,ERR,ERR,ERR,ERR,ERR,ERR,ERR,ERR,ERR,ERR,ERR,ERR,ERR,ERR,ERR,ERR,ERR,ERR,ERR,ERR,ERR,ERR,ERR,ERR,ERR,ERR,ERR,ERR,ERR,ERR,ERR,ERR,ERR,ERR,ERR,ERR,ERR,ERR,ERR,ERR,ERR,ERR,ERR,ERR,ERR,ERR,ERR,ERR,ERR,ERR,ERR,ERR,ERR,ERR,ERR,ERR,ERR,ERR,ERR,ERR,ERR,ERR,ERR,ERR,-0.0,-0.0,-0.0,-0.0,4.045065792430549e+31,-0.0,3140.435,6.686957674568641e+21,4300,0,8,17171,4300,-0.0,41,0.0,0.0,-0.0,0.0,-0.0,0,0,0,0,0.0,0,0,0,0,0,0,0,0,0,0,0,0,0,0,0,0,0,0,0,0,0,0,0,0,0,0,0,0,0,0,0,0,0,11,35,35,46,65476,381,65476,1,0,4,21553,0.0,-0.0,-4.124899812455972e+37,0.0,0.0,0.0,0.0,0.0,0.0,0.0,0.0,0.0,0.0,0.0,0.0,0.0,0.0,0.0,0.0,0.0,0.0,2.004,-0.0,-0.0,0.0,-0.0,0.0,0.0,0.0,0.0,6504.0,-0.0,0.0,-0.0,-0.0,-107616224.0,0.0,-0.0,0.0,2.004,2.004,223,0.0,0.059,0.0,0.0,0.0,0.0,0.0,0.0,0.0,0,0,0,-26974238015488.0,0.0,2.8133849665762237e+29,-0.0,3.014396140027745e+22,0.0,-1.1679730222618886e+32,-0.0,-0.0,-2.2272466195253821e+18,-0.0,7944.77,0.0,0.0,0.0,-2.0227644055097308e+30,0,1.3516416376850534e+27,223,0.0,446,0.0,-0.0,2114,26215,17110,13107,17112,13107,17095,0,0,0,101,100,100,-0.0,63.25,0.0,64.1,0.0,63.75,1,49,50,180,0,13107,0,0,0.0,0.0,0.0,60.0,-8.892481489154657e+19,70.5,0.0,-6.445243495482322e+25,0.0,1070,0,1071,0,0,0,1072,0,1081,0,996,0,638,0,640,0,635,0,677,0.032,6.198106008766409e+21,0.0,0.0,1168,16813,-8196004352.0,5.973725398739557e+19,0.0,1.1230884596445317e+31,-1.2529390664273568e+23,-0.0,50.0,60.0,35,0.0,0.0,10.0,2.0,0.0,0.0,0.0,0.0,0.0,0.0,0.0,0.0,0.0,0.0,0.0,0.0,59.2,55,11,65507,27,65476,0,300,0,0,8,20529,65476,0,0,30147,60.0,0.0,10.0,10.0,2.0,0.0
2026-02-16T12:05:45,ERR,ERR,ERR,ERR,ERR,ERR,ERR,ERR,ERR,ERR,ERR,ERR,ERR,ERR,ERR,ERR,ERR,ERR,ERR,ERR,ERR,ERR,ERR,ERR,ERR,ERR,ERR,ERR,ERR,ERR,ERR,ERR,ERR,ERR,ERR,ERR,ERR,ERR,ERR,ERR,ERR,ERR,ERR,ERR,ERR,ERR,ERR,ERR,ERR,ERR,ERR,ERR,ERR,ERR,ERR,ERR,ERR,ERR,ERR,ERR,ERR,ERR,ERR,ERR,ERR,ERR,ERR,ERR,ERR,ERR,ERR,ERR,ERR,ERR,ERR,ERR,ERR,ERR,ERR,ERR,ERR,ERR,ERR,ERR,ERR,ERR,ERR,ERR,ERR,ERR,ERR,ERR,ERR,ERR,ERR,ERR,ERR,ERR,ERR,ERR,ERR,ERR,ERR,ERR,ERR,ERR,ERR,ERR,ERR,ERR,ERR,ERR,ERR,ERR,ERR,ERR,ERR,ERR,ERR,ERR,ERR,ERR,ERR,ERR,ERR,-0.0,-0.0,0.0,-0.0,0.0,-4.7271678244755804e+24,-3.239,-0.0,4300,0,8,17171,4300,-0.0,40,0.0,0.0,-0.0,0.0,-0.0,0,0,0,0,0.0,0,0,0,0,0,0,0,0,0,0,0,0,0,0,0,0,0,0,0,0,0,0,0,0,0,0,0,0,0,0,0,0,0,11,35,35,46,65476,382,65476,1,0,4,21553,0.0,0.0,-3.070891749457145e+34,0.0,0.0,0.0,0.0,0.0,0.0,0.0,0.0,0.0,0.0,0.0,0.0,0.0,0.0,0.0,0.0,0.0,0.0,2.004,-0.0,-0.0,0.0,-0.0,0.0,0.0,0.0,0.0,6505.0,-131351.172,0.0,-0.0,-0.0,-107616224.0,0.0,0.0,0.0,2.004,2.004,223,-4.950401131092143e+32,3.222024165466893e+26,0.0,0.0,0.0,0.0,0.0,0.0,0.0,0,0,0,-65080764.0,0.0,7.863372991086664e+27,-2.572861704939348e+25,3577938444288.0,-0.0,-1.5788085215987572e+31,-0.082,-41.069,-2.382837410460336e+18,-0.0,8529.54,0.0,0.0,0.0,-5.6319525886351534e+20,0,1.3516416376850534e+27,223,0.0,448,0.0,-0.0,2114,26215,17110,13107,17112,13107,17095,0,0,0,101,100,100,-0.0,63.25,0.0,64.1,0.0,63.75,1,49,50,180,0,13107,0,0,0.0,0.0,0.0,60.0,-339221248212992.0,70.5,0.0,-0.0,0.0,1070,0,1071,0,0,0,1072,0,1081,0,997,0,638,0,640,0,635,0,676,0.032,6.198106008766409e+21,0.0,0.0,6800,16813,-339221248212992.0,-0.0,82051348824064.0,-1.2134815197647929e+26,0.0,-5.36829427426284e+19,50.0,60.0,35,0.0,0.0,10.0,2.0,0.0,0.0,0.0,0.0,0.0,0.0,0.0,0.0,0.0,0.0,0.0,0.0,59.2,55,11,65507,27,65476,0,300,0,0,8,20529,65476,0,0,30147,60.0,0.0,10.0,10.0,2.0,0.0
2026-02-16T12:05:46,ERR,ERR,ERR,ERR,ERR,ERR,ERR,ERR,ERR,ERR,ERR,ERR,ERR,ERR,ERR,ERR,ERR,ERR,ERR,ERR,ERR,ERR,ERR,ERR,ERR,ERR,ERR,ERR,ERR,ERR,ERR,ERR,ERR,ERR,ERR,ERR,ERR,ERR,ERR,ERR,ERR,ERR,ERR,ERR,ERR,ERR,ERR,ERR,ERR,ERR,ERR,ERR,ERR,ERR,ERR,ERR,ERR,ERR,ERR,ERR,ERR,ERR,ERR,ERR,ERR,ERR,ERR,ERR,ERR,ERR,ERR,ERR,ERR,ERR,ERR,ERR,ERR,ERR,ERR,ERR,ERR,ERR,ERR,ERR,ERR,ERR,ERR,ERR,ERR,ERR,ERR,ERR,ERR,ERR,ERR,ERR,ERR,ERR,ERR,ERR,ERR,ERR,ERR,ERR,ERR,ERR,ERR,ERR,ERR,ERR,ERR,ERR,ERR,ERR,ERR,ERR,ERR,ERR,ERR,ERR,ERR,ERR,ERR,ERR,ERR,-0.0,-0.0,0.0,-0.0,0.0,-4.7271678244755804e+24,-3.239,-0.0,4300,0,8,17171,4300,-0.0,40,0.0,0.0,-0.0,0.0,-0.0,0,0,0,0,0.0,0,0,0,0,0,0,0,0,0,0,0,0,0,0,0,0,0,0,0,0,0,0,0,0,0,0,0,0,0,0,0,0,0,11,35,35,46,65476,382,65476,1,0,4,21553,0.0,0.0,-3.070891749457145e+34,0.0,0.0,0.0,0.0,0.0,0.0,0.0,0.0,0.0,0.0,0.0,0.0,0.0,0.0,0.0,0.0,0.0,0.0,2.004,-0.0,-0.0,0.0,-0.0,0.0,0.0,0.0,0.0,6505.0,-131351.172,0.0,-0.0,-0.0,-107616224.0,0.0,0.0,0.0,2.004,2.004,223,-4.950401131092143e+32,3.222024165466893e+26,0.0,0.0,0.0,0.0,0.0,0.0,0.0,0,0,0,-65080764.0,0.0,7.863372991086664e+27,-2.572861704939348e+25,3577938444288.0,-0.0,-1.5788085215987572e+31,-0.082,-41.069,-2.382837410460336e+18,-0.0,8529.54,0.0,0.0,0.0,-5.6319525886351534e+20,0,1.3516416376850534e+27,223,0.0,448,0.0,-0.0,2114,26215,17110,13107,17112,13107,17095,0,0,0,101,100,100,-0.0,63.25,0.0,64.1,0.0,63.75,1,49,50,180,0,13107,0,0,0.0,0.0,0.0,60.0,-339221248212992.0,70.5,0.0,-0.0,0.0,1070,0,1071,0,0,0,1072,0,1081,0,997,0,638,0,640,0,635,0,676,0.032,6.198106008766409e+21,0.0,0.0,6800,16813,-339221248212992.0,-0.0,82051348824064.0,-1.2134815197647929e+26,0.0,-5.36829427426284e+19,50.0,60.0,35,0.0,0.0,10.0,2.0,0.0,0.0,0.0,0.0,0.0,0.0,0.0,0.0,0.0,0.0,0.0,0.0,58.8,55,11,65507,27,65476,0,300,0,0,8,20529,65476,0,0,30147,60.0,0.0,10.0,10.0,2.0,0.0
2026-02-16T12:05:47,ERR,ERR,ERR,ERR,ERR,ERR,ERR,ERR,ERR,ERR,ERR,ERR,ERR,ERR,ERR,ERR,ERR,ERR,ERR,ERR,ERR,ERR,ERR,ERR,ERR,ERR,ERR,ERR,ERR,ERR,ERR,ERR,ERR,ERR,ERR,ERR,ERR,ERR,ERR,ERR,ERR,ERR,ERR,ERR,ERR,ERR,ERR,ERR,ERR,ERR,ERR,ERR,ERR,ERR,ERR,ERR,ERR,ERR,ERR,ERR,ERR,ERR,ERR,ERR,ERR,ERR,ERR,ERR,ERR,ERR,ERR,ERR,ERR,ERR,ERR,ERR,ERR,ERR,ERR,ERR,ERR,ERR,ERR,ERR,ERR,ERR,ERR,ERR,ERR,ERR,ERR,ERR,ERR,ERR,ERR,ERR,ERR,ERR,ERR,ERR,ERR,ERR,ERR,ERR,ERR,ERR,ERR,ERR,ERR,ERR,ERR,ERR,ERR,ERR,ERR,ERR,ERR,ERR,ERR,ERR,ERR,ERR,ERR,ERR,ERR,-0.0,-0.0,0.0,-0.0,0.0,-4.7271678244755804e+24,-3.239,-0.0,4300,0,8,17171,4300,-0.0,40,0.0,0.0,-0.0,0.0,-0.0,0,0,0,0,0.0,0,0,0,0,0,0,0,0,0,0,0,0,0,0,0,0,0,0,0,0,0,0,0,0,0,0,0,0,0,0,0,0,0,11,35,35,46,65476,382,65476,1,0,4,21553,0.0,0.0,-3.070891749457145e+34,0.0,0.0,0.0,0.0,0.0,0.0,0.0,0.0,0.0,0.0,0.0,0.0,0.0,0.0,0.0,0.0,0.0,0.0,2.004,-0.0,-0.0,0.0,-0.0,0.0,0.0,0.0,0.0,6505.0,-131351.172,0.0,-0.0,-0.0,-107616224.0,0.0,0.0,0.0,2.004,2.004,223,-4.950401131092143e+32,3.222024165466893e+26,0.0,0.0,0.0,0.0,0.0,0.0,0.0,0,0,0,-65080764.0,0.0,7.863372991086664e+27,-2.572861704939348e+25,3577938444288.0,-0.0,-1.5788085215987572e+31,-0.082,-41.069,-2.382837410460336e+18,-0.0,8529.54,0.0,0.0,0.0,-5.6319525886351534e+20,0,1.3516416376850534e+27,223,0.0,448,0.0,-0.0,2114,26215,17110,13107,17112,13107,17095,0,0,0,101,100,100,-0.0,63.25,0.0,64.1,0.0,63.75,1,49,50,180,0,13107,0,0,0.0,0.0,0.0,60.0,-339221248212992.0,70.5,0.0,-0.0,0.0,1070,0,1071,0,0,0,1072,0,1081,0,997,0,638,0,640,0,635,0,676,0.032,6.198106008766409e+21,0.0,0.0,6800,16813,-339221248212992.0,-0.0,82051348824064.0,-1.2134815197647929e+26,0.0,-5.36829427426284e+19,50.0,60.0,35,0.0,0.0,10.0,2.0,0.0,0.0,0.0,0.0,0.0,0.0,0.0,0.0,0.0,0.0,0.0,0.0,58.8,55,11,65507,27,65476,0,300,0,0,8,20529,65476,0,0,30147,60.0,0.0,10.0,10.0,2.0,0.0
2026-02-16T12:05:48,ERR,ERR,ERR,ERR,ERR,ERR,ERR,ERR,ERR,ERR,ERR,ERR,ERR,ERR,ERR,ERR,ERR,ERR,ERR,ERR,ERR,ERR,ERR,ERR,ERR,ERR,ERR,ERR,ERR,ERR,ERR,ERR,ERR,ERR,ERR,ERR,ERR,ERR,ERR,ERR,ERR,ERR,ERR,ERR,ERR,ERR,ERR,ERR,ERR,ERR,ERR,ERR,ERR,ERR,ERR,ERR,ERR,ERR,ERR,ERR,ERR,ERR,ERR,ERR,ERR,ERR,ERR,ERR,ERR,ERR,ERR,ERR,ERR,ERR,ERR,ERR,ERR,ERR,ERR,ERR,ERR,ERR,ERR,ERR,ERR,ERR,ERR,ERR,ERR,ERR,ERR,ERR,ERR,ERR,ERR,ERR,ERR,ERR,ERR,ERR,ERR,ERR,ERR,ERR,ERR,ERR,ERR,ERR,ERR,ERR,ERR,ERR,ERR,ERR,ERR,ERR,ERR,ERR,ERR,ERR,ERR,ERR,ERR,ERR,ERR,-0.0,-0.0,0.0,-0.0,0.0,-4.7271678244755804e+24,-3.239,-0.0,4300,0,8,17171,4300,-0.0,40,0.0,0.0,-0.0,0.0,-0.0,0,0,0,0,0.0,0,0,0,0,0,0,0,0,0,0,0,0,0,0,0,0,0,0,0,0,0,0,0,0,0,0,0,0,0,0,0,0,0,11,35,35,46,65476,382,65476,1,0,4,21553,0.0,0.0,-3.070891749457145e+34,0.0,0.0,0.0,0.0,0.0,0.0,0.0,0.0,0.0,0.0,0.0,0.0,0.0,0.0,0.0,0.0,0.0,0.0,2.004,-0.0,-0.0,0.0,-0.0,0.0,0.0,0.0,0.0,6505.0,-131351.172,0.0,-0.0,-0.0,-107616224.0,0.0,0.0,0.0,2.004,2.004,223,-4.950401131092143e+32,3.222024165466893e+26,0.0,0.0,0.0,0.0,0.0,0.0,0.0,0,0,0,-65080764.0,0.0,7.863372991086664e+27,-2.572861704939348e+25,3577938444288.0,-0.0,-1.5788085215987572e+31,-0.082,-41.069,-2.382837410460336e+18,-0.0,8529.54,0.0,0.0,0.0,-5.6319525886351534e+20,0,1.3516416376850534e+27,223,0.0,448,0.0,-0.0,2114,26215,17110,13107,17112,26215,17095,0,0,0,101,100,100,0.0,63.5,0.0,64.1,0.0,63.75,1,49,50,180,0,13107,0,0,0.0,0.0,0.0,60.0,-1.3300837689783755e+22,70.5,0.0,0.0,0.0,1070,0,1071,0,0,0,1072,0,1081,0,997,0,638,0,640,0,634,0,676,0.032,6.234999496913828e+21,0.0,0.0,63760,16812,-103218782208.0,-0.0,-0.0,-2.874399405468509e+28,0.002,0.0,50.0,60.0,35,0.0,0.0,10.0,2.0,0.0,0.0,0.0,0.0,0.0,0.0,0.0,0.0,0.0,0.0,0.0,0.0,58.8,55,11,65508,27,65476,0,300,0,0,8,20529,65476,0,0,30147,60.0,0.0,10.0,10.0,2.0,0.0
2026-02-16T12:05:49,ERR,ERR,ERR,ERR,ERR,ERR,ERR,ERR,ERR,ERR,ERR,ERR,ERR,ERR,ERR,ERR,ERR,ERR,ERR,ERR,ERR,ERR,ERR,ERR,ERR,ERR,ERR,ERR,ERR,ERR,ERR,ERR,ERR,ERR,ERR,ERR,ERR,ERR,ERR,ERR,ERR,ERR,ERR,ERR,ERR,ERR,ERR,ERR,ERR,ERR,ERR,ERR,ERR,ERR,ERR,ERR,ERR,ERR,ERR,ERR,ERR,ERR,ERR,ERR,ERR,ERR,ERR,ERR,ERR,ERR,ERR,ERR,ERR,ERR,ERR,ERR,ERR,ERR,ERR,ERR,ERR,ERR,ERR,ERR,ERR,ERR,ERR,ERR,ERR,ERR,ERR,ERR,ERR,ERR,ERR,ERR,ERR,ERR,ERR,ERR,ERR,ERR,ERR,ERR,ERR,ERR,ERR,ERR,ERR,ERR,ERR,ERR,ERR,ERR,ERR,ERR,ERR,ERR,ERR,ERR,ERR,ERR,ERR,ERR,ERR,-0.0,-0.0,0.0,-0.0,0.0,-4.7271678244755804e+24,-3.239,-0.0,4300,0,8,17171,4300,-0.0,40,0.0,0.0,-0.0,0.0,-0.0,0,0,0,0,0.0,0,0,0,0,0,0,0,0,0,0,0,0,0,0,0,0,0,0,0,0,0,0,0,0,0,0,0,0,0,0,0,0,0,11,35,35,46,65476,382,65476,1,0,4,21553,0.0,0.0,-3.070891749457145e+34,0.0,0.0,0.0,0.0,0.0,0.0,0.0,0.0,0.0,0.0,0.0,0.0,0.0,0.0,0.0,0.0,0.0,0.0,2.004,-0.0,-0.0,0.0,-0.0,0.0,0.0,0.0,0.0,6505.0,-131351.172,0.0,-0.0,-0.0,-107616224.0,0.0,0.0,0.0,2.004,2.004,223,-4.950401131092143e+32,3.222024165466893e+26,0.0,0.0,0.0,0.0,0.0,0.0,0.0,0,0,0,-65080764.0,0.0,7.863372991086664e+27,-2.572861704939348e+25,3577938444288.0,-0.0,-1.5788085215987572e+31,-0.082,-41.069,-2.382837410460336e+18,-0.0,8529.54,0.0,0.0,0.0,-5.6319525886351534e+20,0,1.3516416376850534e+27,223,0.0,448,0.0,-0.0,2114,26215,17110,13107,17112,26215,17095,0,0,0,101,100,100,0.0,63.5,0.0,64.1,0.0,63.75,1,49,50,180,0,13107,0,0,0.0,0.0,0.0,60.0,-1.3300837689783755e+22,70.5,0.0,0.0,0.0,1070,0,1071,0,0,0,1072,0,1081,0,997,0,638,0,640,0,634,0,676,0.032,6.234999496913828e+21,0.0,0.0,63760,16812,-103218782208.0,-0.0,-0.0,-2.874399405468509e+28,0.002,0.0,50.0,60.0,35,0.0,0.0,10.0,2.0,0.0,0.0,0.0,0.0,0.0,0.0,0.0,0.0,0.0,0.0,0.0,0.0,58.8,55,11,65508,27,65476,0,300,0,0,8,20529,65476,0,0,30147,60.0,0.0,10.0,10.0,2.0,0.0
2026-02-16T12:05:50,ERR,ERR,ERR,ERR,ERR,ERR,ERR,ERR,ERR,ERR,ERR,ERR,ERR,ERR,ERR,ERR,ERR,ERR,ERR,ERR,ERR,ERR,ERR,ERR,ERR,ERR,ERR,ERR,ERR,ERR,ERR,ERR,ERR,ERR,ERR,ERR,ERR,ERR,ERR,ERR,ERR,ERR,ERR,ERR,ERR,ERR,ERR,ERR,ERR,ERR,ERR,ERR,ERR,ERR,ERR,ERR,ERR,ERR,ERR,ERR,ERR,ERR,ERR,ERR,ERR,ERR,ERR,ERR,ERR,ERR,ERR,ERR,ERR,ERR,ERR,ERR,ERR,ERR,ERR,ERR,ERR,ERR,ERR,ERR,ERR,ERR,ERR,ERR,ERR,ERR,ERR,ERR,ERR,ERR,ERR,ERR,ERR,ERR,ERR,ERR,ERR,ERR,ERR,ERR,ERR,ERR,ERR,ERR,ERR,ERR,ERR,ERR,ERR,ERR,ERR,ERR,ERR,ERR,ERR,ERR,ERR,ERR,ERR,ERR,ERR,-0.0,-0.0,0.0,-0.0,0.0,-0.0,50666448.0,-2.928507100037609e+28,4300,0,8,17171,4300,-0.0,40,0.0,0.0,-0.0,0.0,-0.0,0,0,0,0,0.0,0,0,0,0,0,0,0,0,0,0,0,0,0,0,0,0,0,0,0,0,0,0,0,0,0,0,0,0,0,0,0,0,0,11,35,35,46,65476,383,65476,1,0,4,21553,0.0,-0.0,-29.907,0.0,0.0,0.0,0.0,0.0,0.0,0.0,0.0,0.0,0.0,0.0,0.0,0.0,0.0,0.0,0.0,0.0,0.0,2.004,-0.0,-0.0,-3.6970739834386645e+19,3.69707618246192e+19,0.0,0.0,0.0,0.0,6535.0,0.0,0.0,-0.0,-0.0,-107616224.0,-2.7184507374263774e+23,-0.0,0.0,2.004,2.004,224,-2.30882787541985e+20,-0.0,0.0,0.0,0.0,0.0,0.0,0.0,0.0,0,0,0,-63245756.0,235425955840.0,8734992817455104.0,1.8584539248995642e+33,0.0,-5.664892212215808e+16,0.0,-537163036884992.0,-2.366245568890964e+21,-2.617024591083602e+18,-0.0,9297.54,0.0,0.0,0.0,-4.216640700432762e+28,0,1.3516416376850534e+27,224,0.0,446,-0.0,-1814071424.0,2114,26215,17110,13107,17112,26215,17095,0,0,0,101,100,100,0.0,63.5,0.0,64.1,0.0,63.75,1,49,50,180,0,13107,0,0,0.0,0.0,0.0,60.0,-1.3300837689783755e+22,70.5,0.0,0.0,0.0,1070,0,1071,0,0,0,1072,0,1081,0,997,0,638,0,640,0,634,0,676,0.032,6.234999496913828e+21,0.0,0.0,63760,16812,-103218782208.0,-0.0,-0.0,-2.874399405468509e+28,0.002,0.0,50.0,60.0,35,0.0,0.0,10.0,2.0,0.0,0.0,0.0,0.0,0.0,0.0,0.0,0.0,0.0,0.0,0.0,0.0,58.8,55,11,65508,27,65476,0,300,0,0,8,20529,65476,0,0,30147,60.0,0.0,10.0,10.0,2.0,0.0
2026-02-16T12:05:51,ERR,ERR,ERR,ERR,ERR,ERR,ERR,ERR,ERR,ERR,ERR,ERR,ERR,ERR,ERR,ERR,ERR,ERR,ERR,ERR,ERR,ERR,ERR,ERR,ERR,ERR,ERR,ERR,ERR,ERR,ERR,ERR,ERR,ERR,ERR,ERR,ERR,ERR,ERR,ERR,ERR,ERR,ERR,ERR,ERR,ERR,ERR,ERR,ERR,ERR,ERR,ERR,ERR,ERR,ERR,ERR,ERR,ERR,ERR,ERR,ERR,ERR,ERR,ERR,ERR,ERR,ERR,ERR,ERR,ERR,ERR,ERR,ERR,ERR,ERR,ERR,ERR,ERR,ERR,ERR,ERR,ERR,ERR,ERR,ERR,ERR,ERR,ERR,ERR,ERR,ERR,ERR,ERR,ERR,ERR,ERR,ERR,ERR,ERR,ERR,ERR,ERR,ERR,ERR,ERR,ERR,ERR,ERR,ERR,ERR,ERR,ERR,ERR,ERR,ERR,ERR,ERR,ERR,ERR,ERR,ERR,ERR,ERR,ERR,ERR,-0.0,-0.0,0.0,-0.0,0.0,-0.0,50666448.0,-2.928507100037609e+28,4300,0,8,17171,4300,-0.0,40,0.0,0.0,-0.0,0.0,-0.0,0,0,0,0,0.0,0,0,0,0,0,0,0,0,0,0,0,0,0,0,0,0,0,0,0,0,0,0,0,0,0,0,0,0,0,0,0,0,0,11,35,35,46,65476,383,65476,1,0,4,21553,0.0,-0.0,-29.907,0.0,0.0,0.0,0.0,0.0,0.0,0.0,0.0,0.0,0.0,0.0,0.0,0.0,0.0,0.0,0.0,0.0,0.0,2.004,-0.0,-0.0,-3.6970739834386645e+19,3.69707618246192e+19,0.0,0.0,0.0,0.0,6535.0,0.0,0.0,-0.0,-0.0,-107616224.0,-2.7184507374263774e+23,-0.0,0.0,2.004,2.004,224,-2.30882787541985e+20,-0.0,0.0,0.0,0.0,0.0,0.0,0.0,0.0,0,0,0,-63245756.0,235425955840.0,8734992817455104.0,1.8584539248995642e+33,0.0,-5.664892212215808e+16,0.0,-537163036884992.0,-2.366245568890964e+21,-2.617024591083602e+18,-0.0,9297.54,0.0,0.0,0.0,-4.216640700432762e+28,0,1.3516416376850534e+27,224,0.0,446,-0.0,-1814071424.0,2114,26215,17110,13107,17112,26215,17095,0,0,0,101,100,100,0.0,63.5,0.0,64.1,0.0,63.75,1,49,50,180,0,13107,0,0,0.0,0.0,0.0,60.0,-1.3300837689783755e+22,70.5,0.0,0.0,0.0,1070,0,1071,0,0,0,1072,0,1081,0,997,0,638,0,640,0,634,0,676,0.032,6.234999496913828e+21,0.0,0.0,63760,16812,-103218782208.0,-0.0,-0.0,-2.874399405468509e+28,0.002,0.0,50.0,60.0,35,0.0,0.0,10.0,2.0,0.0,0.0,0.0,0.0,0.0,0.0,0.0,0.0,0.0,0.0,0.0,0.0,58.8,55,11,65508,27,65476,0,300,0,0,8,20529,65476,0,0,30147,60.0,0.0,10.0,10.0,2.0,0.0
2026-02-16T12:05:52,ERR,ERR,ERR,ERR,ERR,ERR,ERR,ERR,ERR,ERR,ERR,ERR,ERR,ERR,ERR,ERR,ERR,ERR,ERR,ERR,ERR,ERR,ERR,ERR,ERR,ERR,ERR,ERR,ERR,ERR,ERR,ERR,ERR,ERR,ERR,ERR,ERR,ERR,ERR,ERR,ERR,ERR,ERR,ERR,ERR,ERR,ERR,ERR,ERR,ERR,ERR,ERR,ERR,ERR,ERR,ERR,ERR,ERR,ERR,ERR,ERR,ERR,ERR,ERR,ERR,ERR,ERR,ERR,ERR,ERR,ERR,ERR,ERR,ERR,ERR,ERR,ERR,ERR,ERR,ERR,ERR,ERR,ERR,ERR,ERR,ERR,ERR,ERR,ERR,ERR,ERR,ERR,ERR,ERR,ERR,ERR,ERR,ERR,ERR,ERR,ERR,ERR,ERR,ERR,ERR,ERR,ERR,ERR,ERR,ERR,ERR,ERR,ERR,ERR,ERR,ERR,ERR,ERR,ERR,ERR,ERR,ERR,ERR,ERR,ERR,-0.0,-0.0,0.0,-0.0,0.0,-0.0,50666448.0,-2.928507100037609e+28,4300,0,8,17171,4300,-0.0,40,0.0,0.0,-0.0,0.0,-0.0,0,0,0,0,0.0,0,0,0,0,0,0,0,0,0,0,0,0,0,0,0,0,0,0,0,0,0,0,0,0,0,0,0,0,0,0,0,0,0,11,35,35,46,65476,383,65476,1,0,4,21553,0.0,-0.0,-29.907,0.0,0.0,0.0,0.0,0.0,0.0,0.0,0.0,0.0,0.0,0.0,0.0,0.0,0.0,0.0,0.0,0.0,0.0,2.004,-0.0,-0.0,-3.6970739834386645e+19,3.69707618246192e+19,0.0,0.0,0.0,0.0,6535.0,0.0,0.0,-0.0,-0.0,-107616224.0,-2.7184507374263774e+23,-0.0,0.0,2.004,2.004,224,-2.30882787541985e+20,-0.0,0.0,0.0,0.0,0.0,0.0,0.0,0.0,0,0,0,-63245756.0,235425955840.0,8734992817455104.0,1.8584539248995642e+33,0.0,-5.664892212215808e+16,0.0,-537163036884992.0,-2.366245568890964e+21,-2.617024591083602e+18,-0.0,9297.54,0.0,0.0,0.0,-4.216640700432762e+28,0,1.3516416376850534e+27,224,0.0,446,-0.0,-1814071424.0,2114,26215,17110,13107,17112,26215,17095,0,0,0,101,100,100,-0.0,63.5,0.0,64.1,0.0,63.75,1,49,50,180,0,13107,0,0,0.0,0.0,0.0,60.0,-5.341628148607877e+18,70.5,0.0,-7.914,0.0,1070,0,1071,0,0,0,1072,0,1081,0,997,0,638,0,640,0,634,0,676,0.032,6.198106008766409e+21,2.004,2.73023467606737e+23,9872,16813,-2.9574734132663026e+20,-2.113,-69612972539904.0,0.0,-0.0,5.20370880878698e+32,50.0,60.0,35,0.0,0.0,10.0,2.0,0.0,0.0,0.0,0.0,0.0,0.0,0.0,0.0,0.0,0.0,0.0,0.0,58.8,55,11,65508,27,65476,0,300,0,0,8,20529,65476,0,0,30147,60.0,0.0,10.0,10.0,2.0,0.0
2026-02-16T12:05:53,ERR,ERR,ERR,ERR,ERR,ERR,ERR,ERR,ERR,ERR,ERR,ERR,ERR,ERR,ERR,ERR,ERR,ERR,ERR,ERR,ERR,ERR,ERR,ERR,ERR,ERR,ERR,ERR,ERR,ERR,ERR,ERR,ERR,ERR,ERR,ERR,ERR,ERR,ERR,ERR,ERR,ERR,ERR,ERR,ERR,ERR,ERR,ERR,ERR,ERR,ERR,ERR,ERR,ERR,ERR,ERR,ERR,ERR,ERR,ERR,ERR,ERR,ERR,ERR,ERR,ERR,ERR,ERR,ERR,ERR,ERR,ERR,ERR,ERR,ERR,ERR,ERR,ERR,ERR,ERR,ERR,ERR,ERR,ERR,ERR,ERR,ERR,ERR,ERR,ERR,ERR,ERR,ERR,ERR,ERR,ERR,ERR,ERR,ERR,ERR,ERR,ERR,ERR,ERR,ERR,ERR,ERR,ERR,ERR,ERR,ERR,ERR,ERR,ERR,ERR,ERR,ERR,ERR,ERR,ERR,ERR,ERR,ERR,ERR,ERR,-0.0,-0.0,0.0,-0.0,0.0,-0.0,50666448.0,-2.928507100037609e+28,4300,0,8,17171,4300,-0.0,40,0.0,0.0,-0.0,0.0,-0.0,0,0,0,0,0.0,0,0,0,0,0,0,0,0,0,0,0,0,0,0,0,0,0,0,0,0,0,0,0,0,0,0,0,0,0,0,0,0,0,11,35,35,46,65476,383,65476,1,0,4,21553,0.0,-0.0,-29.907,0.0,0.0,0.0,0.0,0.0,0.0,0.0,0.0,0.0,0.0,0.0,0.0,0.0,0.0,0.0,0.0,0.0,0.0,2.004,-0.0,-0.0,-3.6970739834386645e+19,3.69707618246192e+19,0.0,0.0,0.0,0.0,6535.0,0.0,0.0,-0.0,-0.0,-107616224.0,-2.7184507374263774e+23,-0.0,0.0,2.004,2.004,224,-2.30882787541985e+20,-0.0,0.0,0.0,0.0,0.0,0.0,0.0,0.0,0,0,0,-63245756.0,235425955840.0,8734992817455104.0,1.8584539248995642e+33,0.0,-5.664892212215808e+16,0.0,-537163036884992.0,-2.366245568890964e+21,-2.617024591083602e+18,-0.0,9297.54,0.0,0.0,0.0,-4.216640700432762e+28,0,1.3516416376850534e+27,224,0.0,446,-0.0,-1814071424.0,2114,26215,17110,13107,17112,26215,17095,0,0,0,101,100,100,-0.0,63.5,0.0,64.1,0.0,63.75,1,49,50,180,0,13107,0,0,0.0,0.0,0.0,60.0,-5.341628148607877e+18,70.5,0.0,-7.914,0.0,1070,0,1071,0,0,0,1072,0,1081,0,997,0,638,0,640,0,634,0,676,0.032,6.198106008766409e+21,2.004,2.73023467606737e+23,9872,16813,-2.9574734132663026e+20,-2.113,-69612972539904.0,0.0,-0.0,5.20370880878698e+32,50.0,60.0,35,0.0,0.0,10.0,2.0,0.0,0.0,0.0,0.0,0.0,0.0,0.0,0.0,0.0,0.0,0.0,0.0,58.8,55,11,65508,27,65476,0,300,0,0,8,20529,65476,0,0,30147,60.0,0.0,10.0,10.0,2.0,0.0
2026-02-16T12:05:54,ERR,ERR,ERR,ERR,ERR,ERR,ERR,ERR,ERR,ERR,ERR,ERR,ERR,ERR,ERR,ERR,ERR,ERR,ERR,ERR,ERR,ERR,ERR,ERR,ERR,ERR,ERR,ERR,ERR,ERR,ERR,ERR,ERR,ERR,ERR,ERR,ERR,ERR,ERR,ERR,ERR,ERR,ERR,ERR,ERR,ERR,ERR,ERR,ERR,ERR,ERR,ERR,ERR,ERR,ERR,ERR,ERR,ERR,ERR,ERR,ERR,ERR,ERR,ERR,ERR,ERR,ERR,ERR,ERR,ERR,ERR,ERR,ERR,ERR,ERR,ERR,ERR,ERR,ERR,ERR,ERR,ERR,ERR,ERR,ERR,ERR,ERR,ERR,ERR,ERR,ERR,ERR,ERR,ERR,ERR,ERR,ERR,ERR,ERR,ERR,ERR,ERR,ERR,ERR,ERR,ERR,ERR,ERR,ERR,ERR,ERR,ERR,ERR,ERR,ERR,ERR,ERR,ERR,ERR,ERR,ERR,ERR,ERR,ERR,ERR,-0.0,-0.0,0.0,-0.0,0.0,-0.0,50666448.0,-2.928507100037609e+28,4300,0,8,17171,4300,-0.0,40,0.0,0.0,-0.0,0.0,-0.0,0,0,0,0,0.0,0,0,0,0,0,0,0,0,0,0,0,0,0,0,0,0,0,0,0,0,0,0,0,0,0,0,0,0,0,0,0,0,0,11,35,35,46,65476,383,65476,1,0,4,21553,0.0,-0.0,-29.907,0.0,0.0,0.0,0.0,0.0,0.0,0.0,0.0,0.0,0.0,0.0,0.0,0.0,0.0,0.0,0.0,0.0,0.0,2.004,-0.0,-0.0,-3.6970739834386645e+19,3.69707618246192e+19,0.0,0.0,0.0,0.0,6535.0,0.0,0.0,-0.0,-0.0,-107616224.0,-2.7184507374263774e+23,-0.0,0.0,2.004,2.004,224,-2.30882787541985e+20,-0.0,0.0,0.0,0.0,0.0,0.0,0.0,0.0,0,0,0,-63245756.0,235425955840.0,8734992817455104.0,1.8584539248995642e+33,0.0,-5.664892212215808e+16,0.0,-537163036884992.0,-2.366245568890964e+21,-2.617024591083602e+18,-0.0,9297.54,0.0,0.0,0.0,-4.216640700432762e+28,0,1.3516416376850534e+27,224,0.0,446,-0.0,-1814071424.0,2114,26215,17110,13107,17112,26215,17095,0,0,0,101,100,100,-0.0,63.5,0.0,64.1,0.0,63.75,1,49,50,180,0,13107,0,0,0.0,0.0,0.0,60.0,-5.341628148607877e+18,70.5,0.0,-7.914,0.0,1070,0,1071,0,0,0,1072,0,1081,0,997,0,638,0,640,0,634,0,676,0.032,6.198106008766409e+21,2.004,2.73023467606737e+23,9872,16813,-2.9574734132663026e+20,-2.113,-69612972539904.0,0.0,-0.0,5.20370880878698e+32,50.0,60.0,35,0.0,0.0,10.0,2.0,0.0,0.0,0.0,0.0,0.0,0.0,0.0,0.0,0.0,0.0,0.0,0.0,58.8,55,11,65508,27,65476,0,300,0,0,8,20529,65476,0,0,30147,60.0,0.0,10.0,10.0,2.0,0.0
2026-02-16T12:05:55,ERR,ERR,ERR,ERR,ERR,ERR,ERR,ERR,ERR,ERR,ERR,ERR,ERR,ERR,ERR,ERR,ERR,ERR,ERR,ERR,ERR,ERR,ERR,ERR,ERR,ERR,ERR,ERR,ERR,ERR,ERR,ERR,ERR,ERR,ERR,ERR,ERR,ERR,ERR,ERR,ERR,ERR,ERR,ERR,ERR,ERR,ERR,ERR,ERR,ERR,ERR,ERR,ERR,ERR,ERR,ERR,ERR,ERR,ERR,ERR,ERR,ERR,ERR,ERR,ERR,ERR,ERR,ERR,ERR,ERR,ERR,ERR,ERR,ERR,ERR,ERR,ERR,ERR,ERR,ERR,ERR,ERR,ERR,ERR,ERR,ERR,ERR,ERR,ERR,ERR,ERR,ERR,ERR,ERR,ERR,ERR,ERR,ERR,ERR,ERR,ERR,ERR,ERR,ERR,ERR,ERR,ERR,ERR,ERR,ERR,ERR,ERR,ERR,ERR,ERR,ERR,ERR,ERR,ERR,ERR,ERR,ERR,ERR,ERR,ERR,-0.0,-0.0,0.0,-0.0,0.0,-0.0,0.0,-8.068843262319725e+36,4300,0,8,17171,4300,-0.0,40,0.0,0.0,-0.0,0.0,-0.0,0,0,0,0,0.0,0,0,0,0,0,0,0,0,0,0,0,0,0,0,0,0,0,0,0,0,0,0,0,0,0,0,0,0,0,0,0,0,0,11,35,35,46,65476,383,65476,1,0,4,21553,0.0,-0.0,-0.0,0.0,0.0,0.0,0.0,0.0,0.0,0.0,0.0,0.0,0.0,0.0,0.0,0.0,0.0,0.0,0.0,0.0,0.0,2.004,-0.0,-0.0,-3.6970739834386645e+19,-0.0,0.0,0.0,0.0,0.0,6528.0,131351.188,0.0,-0.0,-0.0,-0.0,0.0,0.0,0.0,2.004,2.004,223,-0.0,-71.63,0.0,0.0,0.0,0.0,0.0,0.0,0.0,0,0,0,-3.638441601610547e+16,0.311,2.7287881337466655e+32,-0.0,9.051053056112512e+20,1.4256228213014997e+28,0.0,-2.2156402753676616e+26,0.0,-2.8331973731973857e+18,-0.0,10193.54,0.0,0.0,0.0,-2.9527651587903473e+26,0,1.3516416376850534e+27,223,0.0,446,0.0,0.0,2114,26215,17110,13107,17112,26215,17095,0,0,0,101,100,100,0.0,63.5,0.0,64.1,0.0,63.75,1,49,50,180,0,13107,0,0,0.0,0.0,0.0,60.0,-6.47055644974166e+27,70.5,0.0,-0.0,0.0,1070,0,1071,0,0,0,1072,0,1081,0,997,0,638,0,640,0,635,0,677,0.032,6.198106008766409e+21,2.004,2.73023467606737e+23,61840,16812,-6.47055644974166e+27,-0.0,-0.0,81793.883,1.4145026812520098e+27,0.0,50.0,60.0,35,0.0,0.0,10.0,2.0,0.0,0.0,0.0,0.0,0.0,0.0,0.0,0.0,0.0,0.0,0.0,0.0,58.8,55,11,65508,27,65476,0,300,0,0,8,20529,65476,0,0,30147,60.0,0.0,10.0,10.0,2.0,0.0
2026-02-16T12:05:56,ERR,ERR,ERR,ERR,ERR,ERR,ERR,ERR,ERR,ERR,ERR,ERR,ERR,ERR,ERR,ERR,ERR,ERR,ERR,ERR,ERR,ERR,ERR,ERR,ERR,ERR,ERR,ERR,ERR,ERR,ERR,ERR,ERR,ERR,ERR,ERR,ERR,ERR,ERR,ERR,ERR,ERR,ERR,ERR,ERR,ERR,ERR,ERR,ERR,ERR,ERR,ERR,ERR,ERR,ERR,ERR,ERR,ERR,ERR,ERR,ERR,ERR,ERR,ERR,ERR,ERR,ERR,ERR,ERR,ERR,ERR,ERR,ERR,ERR,ERR,ERR,ERR,ERR,ERR,ERR,ERR,ERR,ERR,ERR,ERR,ERR,ERR,ERR,ERR,ERR,ERR,ERR,ERR,ERR,ERR,ERR,ERR,ERR,ERR,ERR,ERR,ERR,ERR,ERR,ERR,ERR,ERR,ERR,ERR,ERR,ERR,ERR,ERR,ERR,ERR,ERR,ERR,ERR,ERR,ERR,ERR,ERR,ERR,ERR,ERR,-0.0,-0.0,0.0,-0.0,0.0,-0.0,0.0,-8.068843262319725e+36,4300,0,8,17171,4300,-0.0,40,0.0,0.0,-0.0,0.0,-0.0,0,0,0,0,0.0,0,0,0,0,0,0,0,0,0,0,0,0,0,0,0,0,0,0,0,0,0,0,0,0,0,0,0,0,0,0,0,0,0,11,35,35,46,65476,383,65476,1,0,4,21553,0.0,-0.0,-0.0,0.0,0.0,0.0,0.0,0.0,0.0,0.0,0.0,0.0,0.0,0.0,0.0,0.0,0.0,0.0,0.0,0.0,0.0,2.004,-0.0,-0.0,-3.6970739834386645e+19,-0.0,0.0,0.0,0.0,0.0,6528.0,131351.188,0.0,-0.0,-0.0,-0.0,0.0,0.0,0.0,2.004,2.004,223,-0.0,-71.63,0.0,0.0,0.0,0.0,0.0,0.0,0.0,0,0,0,-3.638441601610547e+16,0.311,2.7287881337466655e+32,-0.0,9.051053056112512e+20,1.4256228213014997e+28,0.0,-2.2156402753676616e+26,0.0,-2.8331973731973857e+18,-0.0,10193.54,0.0,0.0,0.0,-2.9527651587903473e+26,0,1.3516416376850534e+27,223,0.0,446,0.0,0.0,2114,26215,17110,13107,17112,26215,17095,0,0,0,101,100,100,0.0,63.5,0.0,64.1,0.0,63.75,1,49,50,180,0,13107,0,0,0.0,0.0,0.0,60.0,-6.47055644974166e+27,70.5,0.0,-0.0,0.0,1070,0,1071,0,0,0,1072,0,1081,0,997,0,638,0,640,0,635,0,677,0.032,6.198106008766409e+21,2.004,2.73023467606737e+23,61840,16812,-6.47055644974166e+27,-0.0,-0.0,81793.883,1.4145026812520098e+27,0.0,50.0,60.0,35,0.0,0.0,10.0,2.0,0.0,0.0,0.0,0.0,0.0,0.0,0.0,0.0,0.0,0.0,0.0,0.0,58.8,55,11,65508,27,65476,0,300,0,0,8,20529,65476,0,0,30147,60.0,0.0,10.0,10.0,2.0,0.0
2026-02-16T12:05:57,ERR,ERR,ERR,ERR,ERR,ERR,ERR,ERR,ERR,ERR,ERR,ERR,ERR,ERR,ERR,ERR,ERR,ERR,ERR,ERR,ERR,ERR,ERR,ERR,ERR,ERR,ERR,ERR,ERR,ERR,ERR,ERR,ERR,ERR,ERR,ERR,ERR,ERR,ERR,ERR,ERR,ERR,ERR,ERR,ERR,ERR,ERR,ERR,ERR,ERR,ERR,ERR,ERR,ERR,ERR,ERR,ERR,ERR,ERR,ERR,ERR,ERR,ERR,ERR,ERR,ERR,ERR,ERR,ERR,ERR,ERR,ERR,ERR,ERR,ERR,ERR,ERR,ERR,ERR,ERR,ERR,ERR,ERR,ERR,ERR,ERR,ERR,ERR,ERR,ERR,ERR,ERR,ERR,ERR,ERR,ERR,ERR,ERR,ERR,ERR,ERR,ERR,ERR,ERR,ERR,ERR,ERR,ERR,ERR,ERR,ERR,ERR,ERR,ERR,ERR,ERR,ERR,ERR,ERR,ERR,ERR,ERR,ERR,ERR,ERR,-0.0,-0.0,0.0,-0.0,0.0,-0.0,0.0,-8.068843262319725e+36,4300,0,8,17171,4300,-0.0,40,0.0,0.0,-0.0,0.0,-0.0,0,0,0,0,0.0,0,0,0,0,0,0,0,0,0,0,0,0,0,0,0,0,0,0,0,0,0,0,0,0,0,0,0,0,0,0,0,0,0,11,35,35,46,65476,383,65476,1,0,4,21553,0.0,-0.0,-0.0,0.0,0.0,0.0,0.0,0.0,0.0,0.0,0.0,0.0,0.0,0.0,0.0,0.0,0.0,0.0,0.0,0.0,0.0,2.004,-0.0,-0.0,-3.6970739834386645e+19,-0.0,0.0,0.0,0.0,0.0,6528.0,131351.188,0.0,-0.0,-0.0,-0.0,0.0,0.0,0.0,2.004,2.004,223,-0.0,-71.63,0.0,0.0,0.0,0.0,0.0,0.0,0.0,0,0,0,-3.638441601610547e+16,0.311,2.7287881337466655e+32,-0.0,9.051053056112512e+20,1.4256228213014997e+28,0.0,-2.2156402753676616e+26,0.0,-2.8331973731973857e+18,-0.0,10193.54,0.0,0.0,0.0,-2.9527651587903473e+26,0,1.3516416376850534e+27,223,0.0,446,0.0,0.0,2114,26215,17110,13107,17112,26215,17095,0,0,0,101,100,100,0.0,63.5,0.0,64.1,0.0,63.75,1,49,50,180,0,13107,0,0,0.0,0.0,0.0,60.0,-6.47055644974166e+27,70.5,0.0,-0.0,0.0,1070,0,1071,0,0,0,1072,0,1081,0,997,0,638,0,640,0,635,0,677,0.032,6.198106008766409e+21,2.004,2.73023467606737e+23,61840,16812,-6.47055644974166e+27,-0.0,-0.0,81793.883,1.4145026812520098e+27,0.0,50.0,60.0,35,0.0,0.0,10.0,2.0,0.0,0.0,0.0,0.0,0.0,0.0,0.0,0.0,0.0,0.0,0.0,0.0,58.8,55,11,65508,27,65476,0,300,0,0,8,20529,65476,0,0,30147,60.0,0.0,10.0,10.0,2.0,0.0
2026-02-16T12:05:58,ERR,ERR,ERR,ERR,ERR,ERR,ERR,ERR,ERR,ERR,ERR,ERR,ERR,ERR,ERR,ERR,ERR,ERR,ERR,ERR,ERR,ERR,ERR,ERR,ERR,ERR,ERR,ERR,ERR,ERR,ERR,ERR,ERR,ERR,ERR,ERR,ERR,ERR,ERR,ERR,ERR,ERR,ERR,ERR,ERR,ERR,ERR,ERR,ERR,ERR,ERR,ERR,ERR,ERR,ERR,ERR,ERR,ERR,ERR,ERR,ERR,ERR,ERR,ERR,ERR,ERR,ERR,ERR,ERR,ERR,ERR,ERR,ERR,ERR,ERR,ERR,ERR,ERR,ERR,ERR,ERR,ERR,ERR,ERR,ERR,ERR,ERR,ERR,ERR,ERR,ERR,ERR,ERR,ERR,ERR,ERR,ERR,ERR,ERR,ERR,ERR,ERR,ERR,ERR,ERR,ERR,ERR,ERR,ERR,ERR,ERR,ERR,ERR,ERR,ERR,ERR,ERR,ERR,ERR,ERR,ERR,ERR,ERR,ERR,ERR,-0.0,-0.0,0.0,-0.0,0.0,-0.0,0.0,-8.068843262319725e+36,4300,0,8,17171,4300,-0.0,40,0.0,0.0,-0.0,0.0,-0.0,0,0,0,0,0.0,0,0,0,0,0,0,0,0,0,0,0,0,0,0,0,0,0,0,0,0,0,0,0,0,0,0,0,0,0,0,0,0,0,11,35,35,46,65476,383,65476,1,0,4,21553,0.0,-0.0,-0.0,0.0,0.0,0.0,0.0,0.0,0.0,0.0,0.0,0.0,0.0,0.0,0.0,0.0,0.0,0.0,0.0,0.0,0.0,2.004,-0.0,-0.0,-3.6970739834386645e+19,-0.0,0.0,0.0,0.0,0.0,6528.0,131351.188,0.0,-0.0,-0.0,-0.0,0.0,0.0,0.0,2.004,2.004,223,-0.0,-71.63,0.0,0.0,0.0,0.0,0.0,0.0,0.0,0,0,0,-3.638441601610547e+16,0.311,2.7287881337466655e+32,-0.0,9.051053056112512e+20,1.4256228213014997e+28,0.0,-2.2156402753676616e+26,0.0,-2.8331973731973857e+18,-0.0,10193.54,0.0,0.0,0.0,-2.9527651587903473e+26,0,1.3516416376850534e+27,223,0.0,446,0.0,0.0,2114,26215,17110,13107,17112,26215,17095,0,0,0,101,100,100,0.0,63.5,0.0,64.1,0.0,63.75,1,49,50,180,0,13107,0,0,0.0,0.0,0.0,60.0,-6.47055644974166e+27,70.5,0.0,-0.0,0.0,1070,0,1071,0,0,0,1072,0,1081,0,997,0,638,0,640,0,635,0,677,0.032,6.198106008766409e+21,2.004,2.73023467606737e+23,61840,16812,-6.47055644974166e+27,-0.0,-0.0,81793.883,1.4145026812520098e+27,0.0,50.0,60.0,35,0.0,0.0,10.0,2.0,0.0,0.0,0.0,0.0,0.0,0.0,0.0,0.0,0.0,0.0,0.0,0.0,58.8,55,11,65508,27,65476,0,300,0,0,8,20529,65476,0,0,30147,60.0,0.0,10.0,10.0,2.0,0.0
2026-02-16T12:05:59,ERR,ERR,ERR,ERR,ERR,ERR,ERR,ERR,ERR,ERR,ERR,ERR,ERR,ERR,ERR,ERR,ERR,ERR,ERR,ERR,ERR,ERR,ERR,ERR,ERR,ERR,ERR,ERR,ERR,ERR,ERR,ERR,ERR,ERR,ERR,ERR,ERR,ERR,ERR,ERR,ERR,ERR,ERR,ERR,ERR,ERR,ERR,ERR,ERR,ERR,ERR,ERR,ERR,ERR,ERR,ERR,ERR,ERR,ERR,ERR,ERR,ERR,ERR,ERR,ERR,ERR,ERR,ERR,ERR,ERR,ERR,ERR,ERR,ERR,ERR,ERR,ERR,ERR,ERR,ERR,ERR,ERR,ERR,ERR,ERR,ERR,ERR,ERR,ERR,ERR,ERR,ERR,ERR,ERR,ERR,ERR,ERR,ERR,ERR,ERR,ERR,ERR,ERR,ERR,ERR,ERR,ERR,ERR,ERR,ERR,ERR,ERR,ERR,ERR,ERR,ERR,ERR,ERR,ERR,ERR,ERR,ERR,ERR,ERR,ERR,-0.0,-0.0,0.0,-0.0,0.0,-0.0,0.0,-8.068843262319725e+36,4300,0,8,17171,4300,-0.0,40,0.0,0.0,-0.0,0.0,-0.0,0,0,0,0,0.0,0,0,0,0,0,0,0,0,0,0,0,0,0,0,0,0,0,0,0,0,0,0,0,0,0,0,0,0,0,0,0,0,0,11,35,35,46,65476,383,65476,1,0,4,21553,0.0,-0.0,-0.0,0.0,0.0,0.0,0.0,0.0,0.0,0.0,0.0,0.0,0.0,0.0,0.0,0.0,0.0,0.0,0.0,0.0,0.0,2.004,-0.0,-0.0,-3.6970739834386645e+19,-0.0,0.0,0.0,0.0,0.0,6528.0,131351.188,0.0,-0.0,-0.0,-0.0,0.0,0.0,0.0,2.004,2.004,223,-0.0,-71.63,0.0,0.0,0.0,0.0,0.0,0.0,0.0,0,0,0,-3.638441601610547e+16,0.311,2.7287881337466655e+32,-0.0,9.051053056112512e+20,1.4256228213014997e+28,0.0,-2.2156402753676616e+26,0.0,-2.8331973731973857e+18,-0.0,10193.54,0.0,0.0,0.0,-2.9527651587903473e+26,0,1.3516416376850534e+27,223,0.0,446,0.0,0.0,2114,26215,17110,13107,17112,26215,17095,0,0,0,101,100,100,0.0,63.5,0.0,64.1,0.0,63.75,1,49,50,180,0,13107,0,0,0.0,0.0,0.0,60.0,-412.52,70.5,0.0,-1.338860179862837e+20,0.0,1070,0,1071,0,0,0,1072,0,1081,0,997,0,638,0,640,0,635,0,677,0.032,6.198106008766409e+21,2.004,2.73023467606737e+23,41488,16812,-0.0,920314250788864.0,-7.97139003214345e+18,0.0,-0.0,5.810915303206361e+33,50.0,60.0,35,0.0,0.0,10.0,2.0,0.0,0.0,0.0,0.0,0.0,0.0,0.0,0.0,0.0,0.0,0.0,0.0,59.2,55,11,65508,27,65476,0,300,0,0,8,20529,65476,0,0,30147,60.0,0.0,10.0,10.0,2.0,0.0
2026-02-16T12:06:00,ERR,ERR,ERR,ERR,ERR,ERR,ERR,ERR,ERR,ERR,ERR,ERR,ERR,ERR,ERR,ERR,ERR,ERR,ERR,ERR,ERR,ERR,ERR,ERR,ERR,ERR,ERR,ERR,ERR,ERR,ERR,ERR,ERR,ERR,ERR,ERR,ERR,ERR,ERR,ERR,ERR,ERR,ERR,ERR,ERR,ERR,ERR,ERR,ERR,ERR,ERR,ERR,ERR,ERR,ERR,ERR,ERR,ERR,ERR,ERR,ERR,ERR,ERR,ERR,ERR,ERR,ERR,ERR,ERR,ERR,ERR,ERR,ERR,ERR,ERR,ERR,ERR,ERR,ERR,ERR,ERR,ERR,ERR,ERR,ERR,ERR,ERR,ERR,ERR,ERR,ERR,ERR,ERR,ERR,ERR,ERR,ERR,ERR,ERR,ERR,ERR,ERR,ERR,ERR,ERR,ERR,ERR,ERR,ERR,ERR,ERR,ERR,ERR,ERR,ERR,ERR,ERR,ERR,ERR,ERR,ERR,ERR,ERR,ERR,ERR,-0.0,-0.0,0.0,-0.0,0.0,-0.0,1.58776350998528e+18,-9.158820817495768e+21,4300,0,8,17171,4300,-0.0,40,0.0,0.0,-0.0,0.0,-0.0,0,0,0,0,0.0,0,0,0,0,0,0,0,0,0,0,0,0,0,0,0,0,0,0,0,0,0,0,0,0,0,0,0,0,0,0,0,0,0,11,35,35,46,65476,392,65476,1,0,4,21553,0.0,0.0,-0.0,0.0,0.0,0.0,0.0,0.0,0.0,0.0,0.0,0.0,0.0,0.0,0.0,0.0,0.0,0.0,0.0,0.0,0.0,2.004,-0.0,-0.0,-3.6970739834386645e+19,-0.0,0.0,0.0,0.0,0.0,6529.0,-0.0,0.0,-0.0,-0.0,-0.0,0.0,0.0,0.0,2.004,2.004,223,-107614776.0,-5.8480786593265204e+35,0.0,0.0,0.0,0.0,0.0,0.0,0.0,0,0,0,-5.483969494574642e+19,-14.391,-0.0,-0.0,3.4912568744650876e+30,-65603480.0,28963.029,-0.0,-4.330203922426441e+25,-3.0673845538206515e+18,-0.0,10961.54,0.0,0.0,0.0,0.0,0,1.3516416376850534e+27,223,0.0,446,0.0,0.0,2114,26215,17110,13107,17112,26215,17095,0,0,0,101,100,100,0.0,63.5,0.0,64.1,0.0,63.75,1,49,50,180,0,13107,0,0,0.0,0.0,0.0,60.0,-412.52,70.5,0.0,-1.338860179862837e+20,0.0,1070,0,1071,0,0,0,1072,0,1081,0,997,0,638,0,640,0,635,0,677,0.032,6.198106008766409e+21,2.004,2.73023467606737e+23,41488,16812,-0.0,920314250788864.0,-7.97139003214345e+18,0.0,-0.0,5.810915303206361e+33,50.0,60.0,35,0.0,0.0,10.0,2.0,0.0,0.0,0.0,0.0,0.0,0.0,0.0,0.0,0.0,0.0,0.0,0.0,59.2,55,11,65508,27,65476,0,300,0,0,8,20529,65476,0,0,30147,60.0,0.0,10.0,10.0,2.0,0.0
2026-02-16T12:06:01,ERR,ERR,ERR,ERR,ERR,ERR,ERR,ERR,ERR,ERR,ERR,ERR,ERR,ERR,ERR,ERR,ERR,ERR,ERR,ERR,ERR,ERR,ERR,ERR,ERR,ERR,ERR,ERR,ERR,ERR,ERR,ERR,ERR,ERR,ERR,ERR,ERR,ERR,ERR,ERR,ERR,ERR,ERR,ERR,ERR,ERR,ERR,ERR,ERR,ERR,ERR,ERR,ERR,ERR,ERR,ERR,ERR,ERR,ERR,ERR,ERR,ERR,ERR,ERR,ERR,ERR,ERR,ERR,ERR,ERR,ERR,ERR,ERR,ERR,ERR,ERR,ERR,ERR,ERR,ERR,ERR,ERR,ERR,ERR,ERR,ERR,ERR,ERR,ERR,ERR,ERR,ERR,ERR,ERR,ERR,ERR,ERR,ERR,ERR,ERR,ERR,ERR,ERR,ERR,ERR,ERR,ERR,ERR,ERR,ERR,ERR,ERR,ERR,ERR,ERR,ERR,ERR,ERR,ERR,ERR,ERR,ERR,ERR,ERR,ERR,-0.0,-0.0,0.0,-0.0,0.0,-0.0,1.58776350998528e+18,-9.158820817495768e+21,4300,0,8,17171,4300,-0.0,40,0.0,0.0,-0.0,0.0,-0.0,0,0,0,0,0.0,0,0,0,0,0,0,0,0,0,0,0,0,0,0,0,0,0,0,0,0,0,0,0,0,0,0,0,0,0,0,0,0,0,11,35,35,46,65476,392,65476,1,0,4,21553,0.0,0.0,-0.0,0.0,0.0,0.0,0.0,0.0,0.0,0.0,0.0,0.0,0.0,0.0,0.0,0.0,0.0,0.0,0.0,0.0,0.0,2.004,-0.0,-0.0,-3.6970739834386645e+19,-0.0,0.0,0.0,0.0,0.0,6529.0,-0.0,0.0,-0.0,-0.0,-0.0,0.0,0.0,0.0,2.004,2.004,223,-107614776.0,-5.8480786593265204e+35,0.0,0.0,0.0,0.0,0.0,0.0,0.0,0,0,0,-5.483969494574642e+19,-14.391,-0.0,-0.0,3.4912568744650876e+30,-65603480.0,28963.029,-0.0,-4.330203922426441e+25,-3.0673845538206515e+18,-0.0,10961.54,0.0,0.0,0.0,0.0,0,1.3516416376850534e+27,223,0.0,446,0.0,0.0,2114,26215,17110,13107,17112,26215,17095,0,0,0,101,100,100,0.0,63.5,0.0,64.1,0.0,63.75,1,49,50,180,0,13107,0,0,0.0,0.0,0.0,60.0,-412.52,70.5,0.0,-1.338860179862837e+20,0.0,1070,0,1071,0,0,0,1072,0,1081,0,997,0,638,0,640,0,635,0,677,0.032,6.198106008766409e+21,2.004,2.73023467606737e+23,41488,16812,-0.0,920314250788864.0,-7.97139003214345e+18,0.0,-0.0,5.810915303206361e+33,50.0,60.0,35,0.0,0.0,10.0,2.0,0.0,0.0,0.0,0.0,0.0,0.0,0.0,0.0,0.0,0.0,0.0,0.0,59.2,55,11,65508,27,65476,0,300,0,0,8,20529,65476,0,0,30147,60.0,0.0,10.0,10.0,2.0,0.0
2026-02-16T12:06:02,ERR,ERR,ERR,ERR,ERR,ERR,ERR,ERR,ERR,ERR,ERR,ERR,ERR,ERR,ERR,ERR,ERR,ERR,ERR,ERR,ERR,ERR,ERR,ERR,ERR,ERR,ERR,ERR,ERR,ERR,ERR,ERR,ERR,ERR,ERR,ERR,ERR,ERR,ERR,ERR,ERR,ERR,ERR,ERR,ERR,ERR,ERR,ERR,ERR,ERR,ERR,ERR,ERR,ERR,ERR,ERR,ERR,ERR,ERR,ERR,ERR,ERR,ERR,ERR,ERR,ERR,ERR,ERR,ERR,ERR,ERR,ERR,ERR,ERR,ERR,ERR,ERR,ERR,ERR,ERR,ERR,ERR,ERR,ERR,ERR,ERR,ERR,ERR,ERR,ERR,ERR,ERR,ERR,ERR,ERR,ERR,ERR,ERR,ERR,ERR,ERR,ERR,ERR,ERR,ERR,ERR,ERR,ERR,ERR,ERR,ERR,ERR,ERR,ERR,ERR,ERR,ERR,ERR,ERR,ERR,ERR,ERR,ERR,ERR,ERR,-0.0,-0.0,0.0,-0.0,0.0,-0.0,1.58776350998528e+18,-9.158820817495768e+21,4300,0,8,17171,4300,-0.0,40,0.0,0.0,-0.0,0.0,-0.0,0,0,0,0,0.0,0,0,0,0,0,0,0,0,0,0,0,0,0,0,0,0,0,0,0,0,0,0,0,0,0,0,0,0,0,0,0,0,0,11,35,35,46,65476,392,65476,1,0,4,21553,0.0,0.0,-0.0,0.0,0.0,0.0,0.0,0.0,0.0,0.0,0.0,0.0,0.0,0.0,0.0,0.0,0.0,0.0,0.0,0.0,0.0,2.004,-0.0,-0.0,-3.6970739834386645e+19,-0.0,0.0,0.0,0.0,0.0,6529.0,-0.0,0.0,-0.0,-0.0,-0.0,0.0,0.0,0.0,2.004,2.004,223,-107614776.0,-5.8480786593265204e+35,0.0,0.0,0.0,0.0,0.0,0.0,0.0,0,0,0,-5.483969494574642e+19,-14.391,-0.0,-0.0,3.4912568744650876e+30,-65603480.0,28963.029,-0.0,-4.330203922426441e+25,-3.0673845538206515e+18,-0.0,10961.54,0.0,0.0,0.0,0.0,0,1.3516416376850534e+27,223,0.0,446,0.0,0.0,2114,26215,17110,13107,17112,26215,17095,0,0,0,101,100,100,0.0,63.5,0.0,64.1,0.0,63.75,1,49,50,180,0,13107,0,0,0.0,0.0,0.0,60.0,-2.817,70.5,0.0,-0.0,0.0,1071,0,1071,0,0,0,1072,0,1081,0,997,0,638,0,640,0,635,0,678,0.032,6.198106008766409e+21,2.004,2.73023467606737e+23,64400,16812,-30311706.0,-0.0,0.0,15728.236,-1.48795738067555e+35,-27.656,50.0,60.0,35,0.0,0.0,10.0,2.0,0.0,0.0,0.0,0.0,0.0,0.0,0.0,0.0,0.0,0.0,0.0,0.0,59.2,55,11,65508,27,65476,0,300,0,0,8,20529,65476,0,0,30147,60.0,0.0,10.0,10.0,2.0,0.0
2026-02-16T12:06:03,ERR,ERR,ERR,ERR,ERR,ERR,ERR,ERR,ERR,ERR,ERR,ERR,ERR,ERR,ERR,ERR,ERR,ERR,ERR,ERR,ERR,ERR,ERR,ERR,ERR,ERR,ERR,ERR,ERR,ERR,ERR,ERR,ERR,ERR,ERR,ERR,ERR,ERR,ERR,ERR,ERR,ERR,ERR,ERR,ERR,ERR,ERR,ERR,ERR,ERR,ERR,ERR,ERR,ERR,ERR,ERR,ERR,ERR,ERR,ERR,ERR,ERR,ERR,ERR,ERR,ERR,ERR,ERR,ERR,ERR,ERR,ERR,ERR,ERR,ERR,ERR,ERR,ERR,ERR,ERR,ERR,ERR,ERR,ERR,ERR,ERR,ERR,ERR,ERR,ERR,ERR,ERR,ERR,ERR,ERR,ERR,ERR,ERR,ERR,ERR,ERR,ERR,ERR,ERR,ERR,ERR,ERR,ERR,ERR,ERR,ERR,ERR,ERR,ERR,ERR,ERR,ERR,ERR,ERR,ERR,ERR,ERR,ERR,ERR,ERR,-0.0,-0.0,0.0,-0.0,0.0,-0.0,1.58776350998528e+18,-9.158820817495768e+21,4300,0,8,17171,4300,-0.0,40,0.0,0.0,-0.0,0.0,-0.0,0,0,0,0,0.0,0,0,0,0,0,0,0,0,0,0,0,0,0,0,0,0,0,0,0,0,0,0,0,0,0,0,0,0,0,0,0,0,0,11,35,35,46,65476,392,65476,1,0,4,21553,0.0,0.0,-0.0,0.0,0.0,0.0,0.0,0.0,0.0,0.0,0.0,0.0,0.0,0.0,0.0,0.0,0.0,0.0,0.0,0.0,0.0,2.004,-0.0,-0.0,-3.6970739834386645e+19,-0.0,0.0,0.0,0.0,0.0,6529.0,-0.0,0.0,-0.0,-0.0,-0.0,0.0,0.0,0.0,2.004,2.004,223,-107614776.0,-5.8480786593265204e+35,0.0,0.0,0.0,0.0,0.0,0.0,0.0,0,0,0,-5.483969494574642e+19,-14.391,-0.0,-0.0,3.4912568744650876e+30,-65603480.0,28963.029,-0.0,-4.330203922426441e+25,-3.0673845538206515e+18,-0.0,10961.54,0.0,0.0,0.0,0.0,0,1.3516416376850534e+27,223,0.0,446,0.0,0.0,2114,26215,17110,13107,17112,26215,17095,0,0,0,101,100,100,0.0,63.5,0.0,64.1,0.0,63.75,1,49,50,180,0,13107,0,0,0.0,0.0,0.0,60.0,-2.817,70.5,0.0,-0.0,0.0,1071,0,1071,0,0,0,1072,0,1081,0,997,0,638,0,640,0,635,0,678,0.032,6.198106008766409e+21,2.004,2.73023467606737e+23,64400,16812,-30311706.0,-0.0,0.0,15728.236,-1.48795738067555e+35,-27.656,50.0,60.0,35,0.0,0.0,10.0,2.0,0.0,0.0,0.0,0.0,0.0,0.0,0.0,0.0,0.0,0.0,0.0,0.0,59.2,55,11,65508,27,65476,0,300,0,0,8,20529,65476,0,0,30147,60.0,0.0,10.0,10.0,2.0,0.0
2026-02-16T12:06:04,ERR,ERR,ERR,ERR,ERR,ERR,ERR,ERR,ERR,ERR,ERR,ERR,ERR,ERR,ERR,ERR,ERR,ERR,ERR,ERR,ERR,ERR,ERR,ERR,ERR,ERR,ERR,ERR,ERR,ERR,ERR,ERR,ERR,ERR,ERR,ERR,ERR,ERR,ERR,ERR,ERR,ERR,ERR,ERR,ERR,ERR,ERR,ERR,ERR,ERR,ERR,ERR,ERR,ERR,ERR,ERR,ERR,ERR,ERR,ERR,ERR,ERR,ERR,ERR,ERR,ERR,ERR,ERR,ERR,ERR,ERR,ERR,ERR,ERR,ERR,ERR,ERR,ERR,ERR,ERR,ERR,ERR,ERR,ERR,ERR,ERR,ERR,ERR,ERR,ERR,ERR,ERR,ERR,ERR,ERR,ERR,ERR,ERR,ERR,ERR,ERR,ERR,ERR,ERR,ERR,ERR,ERR,ERR,ERR,ERR,ERR,ERR,ERR,ERR,ERR,ERR,ERR,ERR,ERR,ERR,ERR,ERR,ERR,ERR,ERR,-0.0,-0.0,0.0,-0.0,0.0,-0.001,3.9974911764364186e+31,-49821712908288.0,4300,0,8,17171,4300,-0.0,40,0.0,0.0,-0.0,0.0,-0.0,0,0,0,0,0.0,0,0,0,0,0,0,0,0,0,0,0,0,0,0,0,0,0,0,0,0,0,0,0,0,0,0,0,0,0,0,0,0,0,11,35,35,47,65476,392,65476,1,0,4,21553,0.0,0.0,0.0,0.0,0.0,0.0,0.0,0.0,0.0,0.0,0.0,0.0,0.0,0.0,0.0,0.0,0.0,0.0,0.0,0.0,0.0,2.004,-0.0,-0.0,-3.6970739834386645e+19,-0.0,0.0,0.0,0.0,0.0,6528.0,-131351.188,0.0,-0.0,-0.0,-0.0,0.0,0.0,0.0,2.004,2.004,223,-0.0,0.0,0.0,0.0,0.0,0.0,0.0,0.0,0.0,0,0,0,-5.7202830955016545e+23,-1.321317146386229e+21,4.263731458979165e+30,0.0,-0.0,0.0,0.0,-3.1232189596957046e+23,0.0,-3.2835573359344353e+18,-0.0,11793.54,0.0,0.0,0.0,-3.246599626181834e+38,0,1.3516416376850534e+27,223,0.0,446,0.0,0.0,2114,26215,17110,13107,17112,26215,17095,0,0,0,101,100,100,0.0,63.5,0.0,64.1,0.0,63.75,1,49,50,180,0,13107,0,0,0.0,0.0,0.0,60.0,-2.817,70.5,0.0,-0.0,0.0,1071,0,1071,0,0,0,1072,0,1081,0,997,0,638,0,640,0,635,0,678,0.032,6.198106008766409e+21,2.004,2.73023467606737e+23,64400,16812,-30311706.0,-0.0,0.0,15728.236,-1.48795738067555e+35,-27.656,50.0,60.0,35,0.0,0.0,10.0,2.0,0.0,0.0,0.0,0.0,0.0,0.0,0.0,0.0,0.0,0.0,0.0,0.0,58.8,55,11,65508,27,65476,0,300,0,0,8,20529,65476,0,0,30147,60.0,0.0,10.0,10.0,2.0,0.0
2026-02-16T12:06:05,ERR,ERR,ERR,ERR,ERR,ERR,ERR,ERR,ERR,ERR,ERR,ERR,ERR,ERR,ERR,ERR,ERR,ERR,ERR,ERR,ERR,ERR,ERR,ERR,ERR,ERR,ERR,ERR,ERR,ERR,ERR,ERR,ERR,ERR,ERR,ERR,ERR,ERR,ERR,ERR,ERR,ERR,ERR,ERR,ERR,ERR,ERR,ERR,ERR,ERR,ERR,ERR,ERR,ERR,ERR,ERR,ERR,ERR,ERR,ERR,ERR,ERR,ERR,ERR,ERR,ERR,ERR,ERR,ERR,ERR,ERR,ERR,ERR,ERR,ERR,ERR,ERR,ERR,ERR,ERR,ERR,ERR,ERR,ERR,ERR,ERR,ERR,ERR,ERR,ERR,ERR,ERR,ERR,ERR,ERR,ERR,ERR,ERR,ERR,ERR,ERR,ERR,ERR,ERR,ERR,ERR,ERR,ERR,ERR,ERR,ERR,ERR,ERR,ERR,ERR,ERR,ERR,ERR,ERR,ERR,ERR,ERR,ERR,ERR,ERR,-0.0,-0.0,0.0,-0.0,0.0,-0.001,3.9974911764364186e+31,-49821712908288.0,4300,0,8,17171,4300,-0.0,40,0.0,0.0,-0.0,0.0,-0.0,0,0,0,0,0.0,0,0,0,0,0,0,0,0,0,0,0,0,0,0,0,0,0,0,0,0,0,0,0,0,0,0,0,0,0,0,0,0,0,11,35,35,47,65476,392,65476,1,0,4,21553,0.0,0.0,0.0,0.0,0.0,0.0,0.0,0.0,0.0,0.0,0.0,0.0,0.0,0.0,0.0,0.0,0.0,0.0,0.0,0.0,0.0,2.004,-0.0,-0.0,-3.6970739834386645e+19,-0.0,0.0,0.0,0.0,0.0,6528.0,-131351.188,0.0,-0.0,-0.0,-0.0,0.0,0.0,0.0,2.004,2.004,223,-0.0,0.0,0.0,0.0,0.0,0.0,0.0,0.0,0.0,0,0,0,-5.7202830955016545e+23,-1.321317146386229e+21,4.263731458979165e+30,0.0,-0.0,0.0,0.0,-3.1232189596957046e+23,0.0,-3.2835573359344353e+18,-0.0,11793.54,0.0,0.0,0.0,-3.246599626181834e+38,0,1.3516416376850534e+27,223,0.0,446,0.0,0.0,2114,26215,17110,13107,17112,26215,17095,0,0,0,101,100,100,0.0,63.5,0.0,64.1,0.0,63.75,1,49,50,180,13107,13107,0,0,0.0,0.0,0.0,60.0,-8.388403044160635e+17,70.5,0.0,-1.664683472605872e+24,0.0,1071,0,1071,0,0,0,1072,0,1081,0,997,0,638,0,640,0,635,0,678,0.032,6.16121252061899e+21,-0.0,-0.0,4624,16813,-8.388403044160635e+17,-1.664683472605872e+24,-1.739723732222293e+25,-4.1995910534720196e+37,-0.0,-0.0,50.0,60.0,35,0.0,0.0,10.0,2.0,0.0,0.0,0.0,0.0,0.0,0.0,0.0,0.0,0.0,0.0,0.0,0.0,58.8,55,11,65508,27,65476,0,300,0,0,8,20529,65476,0,0,30147,60.0,0.0,10.0,10.0,2.0,0.0
2026-02-16T12:06:06,ERR,ERR,ERR,ERR,ERR,ERR,ERR,ERR,ERR,ERR,ERR,ERR,ERR,ERR,ERR,ERR,ERR,ERR,ERR,ERR,ERR,ERR,ERR,ERR,ERR,ERR,ERR,ERR,ERR,ERR,ERR,ERR,ERR,ERR,ERR,ERR,ERR,ERR,ERR,ERR,ERR,ERR,ERR,ERR,ERR,ERR,ERR,ERR,ERR,ERR,ERR,ERR,ERR,ERR,ERR,ERR,ERR,ERR,ERR,ERR,ERR,ERR,ERR,ERR,ERR,ERR,ERR,ERR,ERR,ERR,ERR,ERR,ERR,ERR,ERR,ERR,ERR,ERR,ERR,ERR,ERR,ERR,ERR,ERR,ERR,ERR,ERR,ERR,ERR,ERR,ERR,ERR,ERR,ERR,ERR,ERR,ERR,ERR,ERR,ERR,ERR,ERR,ERR,ERR,ERR,ERR,ERR,ERR,ERR,ERR,ERR,ERR,ERR,ERR,ERR,ERR,ERR,ERR,ERR,ERR,ERR,ERR,ERR,ERR,ERR,-0.0,-0.0,0.0,-0.0,0.0,-0.001,3.9974911764364186e+31,-49821712908288.0,4300,0,8,17171,4300,-0.0,40,0.0,0.0,-0.0,0.0,-0.0,0,0,0,0,0.0,0,0,0,0,0,0,0,0,0,0,0,0,0,0,0,0,0,0,0,0,0,0,0,0,0,0,0,0,0,0,0,0,0,11,35,35,47,65476,392,65476,1,0,4,21553,0.0,0.0,0.0,0.0,0.0,0.0,0.0,0.0,0.0,0.0,0.0,0.0,0.0,0.0,0.0,0.0,0.0,0.0,0.0,0.0,0.0,2.004,-0.0,-0.0,-3.6970739834386645e+19,-0.0,0.0,0.0,0.0,0.0,6528.0,-131351.188,0.0,-0.0,-0.0,-0.0,0.0,0.0,0.0,2.004,2.004,223,-0.0,0.0,0.0,0.0,0.0,0.0,0.0,0.0,0.0,0,0,0,-5.7202830955016545e+23,-1.321317146386229e+21,4.263731458979165e+30,0.0,-0.0,0.0,0.0,-3.1232189596957046e+23,0.0,-3.2835573359344353e+18,-0.0,11793.54,0.0,0.0,0.0,-3.246599626181834e+38,0,1.3516416376850534e+27,223,0.0,446,0.0,0.0,2114,26215,17110,13107,17112,26215,17095,0,0,0,101,100,100,0.0,63.5,0.0,64.1,0.0,63.75,1,49,50,180,13107,13107,0,0,0.0,0.0,0.0,60.0,-8.388403044160635e+17,70.5,0.0,-1.664683472605872e+24,0.0,1071,0,1071,0,0,0,1072,0,1081,0,997,0,638,0,640,0,635,0,678,0.032,6.16121252061899e+21,-0.0,-0.0,4624,16813,-8.388403044160635e+17,-1.664683472605872e+24,-1.739723732222293e+25,-4.1995910534720196e+37,-0.0,-0.0,50.0,60.0,35,0.0,0.0,10.0,2.0,0.0,0.0,0.0,0.0,0.0,0.0,0.0,0.0,0.0,0.0,0.0,0.0,58.8,55,11,65508,27,65476,0,300,0,0,8,20529,65476,0,0,30147,60.0,0.0,10.0,10.0,2.0,0.0
2026-02-16T12:06:07,ERR,ERR,ERR,ERR,ERR,ERR,ERR,ERR,ERR,ERR,ERR,ERR,ERR,ERR,ERR,ERR,ERR,ERR,ERR,ERR,ERR,ERR,ERR,ERR,ERR,ERR,ERR,ERR,ERR,ERR,ERR,ERR,ERR,ERR,ERR,ERR,ERR,ERR,ERR,ERR,ERR,ERR,ERR,ERR,ERR,ERR,ERR,ERR,ERR,ERR,ERR,ERR,ERR,ERR,ERR,ERR,ERR,ERR,ERR,ERR,ERR,ERR,ERR,ERR,ERR,ERR,ERR,ERR,ERR,ERR,ERR,ERR,ERR,ERR,ERR,ERR,ERR,ERR,ERR,ERR,ERR,ERR,ERR,ERR,ERR,ERR,ERR,ERR,ERR,ERR,ERR,ERR,ERR,ERR,ERR,ERR,ERR,ERR,ERR,ERR,ERR,ERR,ERR,ERR,ERR,ERR,ERR,ERR,ERR,ERR,ERR,ERR,ERR,ERR,ERR,ERR,ERR,ERR,ERR,ERR,ERR,ERR,ERR,ERR,ERR,-0.0,-0.0,0.0,-0.0,0.0,-0.001,3.9974911764364186e+31,-49821712908288.0,4300,0,8,17171,4300,-0.0,40,0.0,0.0,-0.0,0.0,-0.0,0,0,0,0,0.0,0,0,0,0,0,0,0,0,0,0,0,0,0,0,0,0,0,0,0,0,0,0,0,0,0,0,0,0,0,0,0,0,0,11,35,35,47,65476,392,65476,1,0,4,21553,0.0,0.0,0.0,0.0,0.0,0.0,0.0,0.0,0.0,0.0,0.0,0.0,0.0,0.0,0.0,0.0,0.0,0.0,0.0,0.0,0.0,2.004,-0.0,-0.0,-3.6970739834386645e+19,-0.0,0.0,0.0,0.0,0.0,6528.0,-131351.188,0.0,-0.0,-0.0,-0.0,0.0,0.0,0.0,2.004,2.004,223,-0.0,0.0,0.0,0.0,0.0,0.0,0.0,0.0,0.0,0,0,0,-5.7202830955016545e+23,-1.321317146386229e+21,4.263731458979165e+30,0.0,-0.0,0.0,0.0,-3.1232189596957046e+23,0.0,-3.2835573359344353e+18,-0.0,11793.54,0.0,0.0,0.0,-3.246599626181834e+38,0,1.3516416376850534e+27,223,0.0,446,0.0,0.0,2114,26215,17110,13107,17112,26215,17095,0,0,0,101,100,100,0.0,63.5,0.0,64.1,0.0,63.75,1,49,50,180,13107,13107,0,0,0.0,0.0,0.0,60.0,-8.388403044160635e+17,70.5,0.0,-1.664683472605872e+24,0.0,1071,0,1071,0,0,0,1072,0,1081,0,997,0,638,0,640,0,635,0,678,0.032,6.16121252061899e+21,-0.0,-0.0,4624,16813,-8.388403044160635e+17,-1.664683472605872e+24,-1.739723732222293e+25,-4.1995910534720196e+37,-0.0,-0.0,50.0,60.0,35,0.0,0.0,10.0,2.0,0.0,0.0,0.0,0.0,0.0,0.0,0.0,0.0,0.0,0.0,0.0,0.0,58.8,55,11,65508,27,65476,0,300,0,0,8,20529,65476,0,0,30147,60.0,0.0,10.0,10.0,2.0,0.0
2026-02-16T12:06:08,ERR,ERR,ERR,ERR,ERR,ERR,ERR,ERR,ERR,ERR,ERR,ERR,ERR,ERR,ERR,ERR,ERR,ERR,ERR,ERR,ERR,ERR,ERR,ERR,ERR,ERR,ERR,ERR,ERR,ERR,ERR,ERR,ERR,ERR,ERR,ERR,ERR,ERR,ERR,ERR,ERR,ERR,ERR,ERR,ERR,ERR,ERR,ERR,ERR,ERR,ERR,ERR,ERR,ERR,ERR,ERR,ERR,ERR,ERR,ERR,ERR,ERR,ERR,ERR,ERR,ERR,ERR,ERR,ERR,ERR,ERR,ERR,ERR,ERR,ERR,ERR,ERR,ERR,ERR,ERR,ERR,ERR,ERR,ERR,ERR,ERR,ERR,ERR,ERR,ERR,ERR,ERR,ERR,ERR,ERR,ERR,ERR,ERR,ERR,ERR,ERR,ERR,ERR,ERR,ERR,ERR,ERR,ERR,ERR,ERR,ERR,ERR,ERR,ERR,ERR,ERR,ERR,ERR,ERR,ERR,ERR,ERR,ERR,ERR,ERR,-0.0,-0.0,0.0,-0.0,0.0,-0.001,3.9974911764364186e+31,-49821712908288.0,4300,0,8,17171,4300,-0.0,40,0.0,0.0,-0.0,0.0,-0.0,0,0,0,0,0.0,0,0,0,0,0,0,0,0,0,0,0,0,0,0,0,0,0,0,0,0,0,0,0,0,0,0,0,0,0,0,0,0,0,11,35,35,47,65476,392,65476,1,0,4,21553,0.0,0.0,0.0,0.0,0.0,0.0,0.0,0.0,0.0,0.0,0.0,0.0,0.0,0.0,0.0,0.0,0.0,0.0,0.0,0.0,0.0,2.004,-0.0,-0.0,-3.6970739834386645e+19,-0.0,0.0,0.0,0.0,0.0,6528.0,-131351.188,0.0,-0.0,-0.0,-0.0,0.0,0.0,0.0,2.004,2.004,223,-0.0,0.0,0.0,0.0,0.0,0.0,0.0,0.0,0.0,0,0,0,-5.7202830955016545e+23,-1.321317146386229e+21,4.263731458979165e+30,0.0,-0.0,0.0,0.0,-3.1232189596957046e+23,0.0,-3.2835573359344353e+18,-0.0,11793.54,0.0,0.0,0.0,-3.246599626181834e+38,0,1.3516416376850534e+27,223,0.0,446,0.0,0.0,2114,26215,17110,13107,17112,26215,17095,0,0,0,101,100,100,0.0,63.5,0.0,64.1,0.0,63.75,1,49,50,180,13107,13107,0,0,0.0,0.0,0.0,60.0,-8.388403044160635e+17,70.5,0.0,-1.664683472605872e+24,0.0,1071,0,1071,0,0,0,1072,0,1081,0,997,0,638,0,640,0,635,0,678,0.032,6.16121252061899e+21,-0.0,-0.0,4624,16813,-8.388403044160635e+17,-1.664683472605872e+24,-1.739723732222293e+25,-4.1995910534720196e+37,-0.0,-0.0,50.0,60.0,35,0.0,0.0,10.0,2.0,0.0,0.0,0.0,0.0,0.0,0.0,0.0,0.0,0.0,0.0,0.0,0.0,58.8,55,11,65508,27,65476,0,300,0,0,8,20529,65476,0,0,30147,60.0,0.0,10.0,10.0,2.0,0.0
2026-02-16T12:06:09,ERR,ERR,ERR,ERR,ERR,ERR,ERR,ERR,ERR,ERR,ERR,ERR,ERR,ERR,ERR,ERR,ERR,ERR,ERR,ERR,ERR,ERR,ERR,ERR,ERR,ERR,ERR,ERR,ERR,ERR,ERR,ERR,ERR,ERR,ERR,ERR,ERR,ERR,ERR,ERR,ERR,ERR,ERR,ERR,ERR,ERR,ERR,ERR,ERR,ERR,ERR,ERR,ERR,ERR,ERR,ERR,ERR,ERR,ERR,ERR,ERR,ERR,ERR,ERR,ERR,ERR,ERR,ERR,ERR,ERR,ERR,ERR,ERR,ERR,ERR,ERR,ERR,ERR,ERR,ERR,ERR,ERR,ERR,ERR,ERR,ERR,ERR,ERR,ERR,ERR,ERR,ERR,ERR,ERR,ERR,ERR,ERR,ERR,ERR,ERR,ERR,ERR,ERR,ERR,ERR,ERR,ERR,ERR,ERR,ERR,ERR,ERR,ERR,ERR,ERR,ERR,ERR,ERR,ERR,ERR,ERR,ERR,ERR,ERR,ERR,-0.0,-0.0,0.0,-0.0,0.0,-68226.141,-0.0,-522752.688,4300,0,8,17171,4300,-0.0,40,0.0,0.0,-0.0,0.0,-0.0,0,0,0,0,0.0,0,0,0,0,0,0,0,0,0,0,0,0,0,0,0,0,0,0,0,0,0,0,0,0,0,0,0,0,0,0,0,0,0,11,35,35,47,65476,394,65476,1,0,4,21553,0.0,0.0,0.0,0.0,0.0,0.0,0.0,0.0,0.0,0.0,0.0,0.0,0.0,0.0,0.0,0.0,0.0,0.0,0.0,0.0,0.0,2.004,-0.0,-0.0,-3.6970739834386645e+19,-3.69707618246192e+19,0.0,0.0,0.0,0.0,6532.0,-564149054603264.0,0.0,-0.0,-0.0,-0.0,107616272.0,0.0,0.0,2.004,2.004,223,-0.0,0.0,0.0,0.0,0.0,0.0,0.0,0.0,0.0,0,0,0,-20.533,1.4720459269521876e+28,679736246272.0,-0.0,2.42332282822937e+23,0.0,290872868470784.0,1.148731029770219e+37,-8.080337890560705e+18,-3.517744516557701e+18,-0.0,12561.54,0.0,0.0,0.0,0.0,0,1.3516416376850534e+27,223,0.0,446,-0.0,4.538273453391171e+24,2114,26215,17110,13107,17112,26215,17095,0,0,0,101,100,100,0.0,63.5,0.0,64.1,0.0,63.75,1,49,50,180,0,13107,0,0,0.0,0.0,0.0,60.0,-262416592.0,70.5,0.0,2.0919691684746363e+18,0.0,1070,0,1071,0,0,0,1072,0,1081,0,997,0,638,0,640,0,635,0,678,0.032,6.234999496913828e+21,-0.0,-0.0,57744,16812,-0.226,-0.0,0.0,-0.0,-34145864.0,-0.0,50.0,60.0,35,0.0,0.0,10.0,2.0,0.0,0.0,0.0,0.0,0.0,0.0,0.0,0.0,0.0,0.0,0.0,0.0,58.8,55,11,65508,27,65476,0,300,0,0,8,20529,65476,0,0,30147,60.0,0.0,10.0,10.0,2.0,0.0
2026-02-16T12:06:10,ERR,ERR,ERR,ERR,ERR,ERR,ERR,ERR,ERR,ERR,ERR,ERR,ERR,ERR,ERR,ERR,ERR,ERR,ERR,ERR,ERR,ERR,ERR,ERR,ERR,ERR,ERR,ERR,ERR,ERR,ERR,ERR,ERR,ERR,ERR,ERR,ERR,ERR,ERR,ERR,ERR,ERR,ERR,ERR,ERR,ERR,ERR,ERR,ERR,ERR,ERR,ERR,ERR,ERR,ERR,ERR,ERR,ERR,ERR,ERR,ERR,ERR,ERR,ERR,ERR,ERR,ERR,ERR,ERR,ERR,ERR,ERR,ERR,ERR,ERR,ERR,ERR,ERR,ERR,ERR,ERR,ERR,ERR,ERR,ERR,ERR,ERR,ERR,ERR,ERR,ERR,ERR,ERR,ERR,ERR,ERR,ERR,ERR,ERR,ERR,ERR,ERR,ERR,ERR,ERR,ERR,ERR,ERR,ERR,ERR,ERR,ERR,ERR,ERR,ERR,ERR,ERR,ERR,ERR,ERR,ERR,ERR,ERR,ERR,ERR,-0.0,-0.0,0.0,-0.0,0.0,-68226.141,-0.0,-522752.688,4300,0,8,17171,4300,-0.0,40,0.0,0.0,-0.0,0.0,-0.0,0,0,0,0,0.0,0,0,0,0,0,0,0,0,0,0,0,0,0,0,0,0,0,0,0,0,0,0,0,0,0,0,0,0,0,0,0,0,0,11,35,35,47,65476,394,65476,1,0,4,21553,0.0,0.0,0.0,0.0,0.0,0.0,0.0,0.0,0.0,0.0,0.0,0.0,0.0,0.0,0.0,0.0,0.0,0.0,0.0,0.0,0.0,2.004,-0.0,-0.0,-3.6970739834386645e+19,-3.69707618246192e+19,0.0,0.0,0.0,0.0,6532.0,-564149054603264.0,0.0,-0.0,-0.0,-0.0,107616272.0,0.0,0.0,2.004,2.004,223,-0.0,0.0,0.0,0.0,0.0,0.0,0.0,0.0,0.0,0,0,0,-20.533,1.4720459269521876e+28,679736246272.0,-0.0,2.42332282822937e+23,0.0,290872868470784.0,1.148731029770219e+37,-8.080337890560705e+18,-3.517744516557701e+18,-0.0,12561.54,0.0,0.0,0.0,0.0,0,1.3516416376850534e+27,223,0.0,446,-0.0,4.538273453391171e+24,2114,26215,17110,13107,17112,26215,17095,0,0,0,101,100,100,0.0,63.5,0.0,64.1,0.0,63.75,1,49,50,180,0,13107,0,0,0.0,0.0,0.0,60.0,-262416592.0,70.5,0.0,2.0919691684746363e+18,0.0,1070,0,1071,0,0,0,1072,0,1081,0,997,0,638,0,640,0,635,0,678,0.032,6.234999496913828e+21,-0.0,-0.0,57744,16812,-0.226,-0.0,0.0,-0.0,-34145864.0,-0.0,50.0,60.0,35,0.0,0.0,10.0,2.0,0.0,0.0,0.0,0.0,0.0,0.0,0.0,0.0,0.0,0.0,0.0,0.0,58.8,55,11,65508,27,65476,0,300,0,0,8,20529,65476,0,0,30147,60.0,0.0,10.0,10.0,2.0,0.0
2026-02-16T12:06:11,ERR,ERR,ERR,ERR,ERR,ERR,ERR,ERR,ERR,ERR,ERR,ERR,ERR,ERR,ERR,ERR,ERR,ERR,ERR,ERR,ERR,ERR,ERR,ERR,ERR,ERR,ERR,ERR,ERR,ERR,ERR,ERR,ERR,ERR,ERR,ERR,ERR,ERR,ERR,ERR,ERR,ERR,ERR,ERR,ERR,ERR,ERR,ERR,ERR,ERR,ERR,ERR,ERR,ERR,ERR,ERR,ERR,ERR,ERR,ERR,ERR,ERR,ERR,ERR,ERR,ERR,ERR,ERR,ERR,ERR,ERR,ERR,ERR,ERR,ERR,ERR,ERR,ERR,ERR,ERR,ERR,ERR,ERR,ERR,ERR,ERR,ERR,ERR,ERR,ERR,ERR,ERR,ERR,ERR,ERR,ERR,ERR,ERR,ERR,ERR,ERR,ERR,ERR,ERR,ERR,ERR,ERR,ERR,ERR,ERR,ERR,ERR,ERR,ERR,ERR,ERR,ERR,ERR,ERR,ERR,ERR,ERR,ERR,ERR,ERR,-0.0,-0.0,0.0,-0.0,0.0,-68226.141,-0.0,-522752.688,4300,0,8,17171,4300,-0.0,40,0.0,0.0,-0.0,0.0,-0.0,0,0,0,0,0.0,0,0,0,0,0,0,0,0,0,0,0,0,0,0,0,0,0,0,0,0,0,0,0,0,0,0,0,0,0,0,0,0,0,11,35,35,47,65476,394,65476,1,0,4,21553,0.0,0.0,0.0,0.0,0.0,0.0,0.0,0.0,0.0,0.0,0.0,0.0,0.0,0.0,0.0,0.0,0.0,0.0,0.0,0.0,0.0,2.004,-0.0,-0.0,-3.6970739834386645e+19,-3.69707618246192e+19,0.0,0.0,0.0,0.0,6532.0,-564149054603264.0,0.0,-0.0,-0.0,-0.0,107616272.0,0.0,0.0,2.004,2.004,223,-0.0,0.0,0.0,0.0,0.0,0.0,0.0,0.0,0.0,0,0,0,-20.533,1.4720459269521876e+28,679736246272.0,-0.0,2.42332282822937e+23,0.0,290872868470784.0,1.148731029770219e+37,-8.080337890560705e+18,-3.517744516557701e+18,-0.0,12561.54,0.0,0.0,0.0,0.0,0,1.3516416376850534e+27,223,0.0,446,-0.0,4.538273453391171e+24,2114,26215,17110,13107,17112,26215,17095,0,0,0,101,100,100,0.0,63.5,0.0,64.1,0.0,63.75,1,49,50,180,0,13107,0,0,0.0,0.0,0.0,60.0,-262416592.0,70.5,0.0,2.0919691684746363e+18,0.0,1070,0,1071,0,0,0,1072,0,1081,0,997,0,638,0,640,0,635,0,678,0.032,6.234999496913828e+21,-0.0,-0.0,57744,16812,-0.226,-0.0,0.0,-0.0,-34145864.0,-0.0,50.0,60.0,35,0.0,0.0,10.0,2.0,0.0,0.0,0.0,0.0,0.0,0.0,0.0,0.0,0.0,0.0,0.0,0.0,59.2,54,11,65508,27,65476,0,300,0,0,8,20529,65476,0,0,30147,60.0,0.0,10.0,10.0,2.0,0.0
2026-02-16T12:06:12,ERR,ERR,ERR,ERR,ERR,ERR,ERR,ERR,ERR,ERR,ERR,ERR,ERR,ERR,ERR,ERR,ERR,ERR,ERR,ERR,ERR,ERR,ERR,ERR,ERR,ERR,ERR,ERR,ERR,ERR,ERR,ERR,ERR,ERR,ERR,ERR,ERR,ERR,ERR,ERR,ERR,ERR,ERR,ERR,ERR,ERR,ERR,ERR,ERR,ERR,ERR,ERR,ERR,ERR,ERR,ERR,ERR,ERR,ERR,ERR,ERR,ERR,ERR,ERR,ERR,ERR,ERR,ERR,ERR,ERR,ERR,ERR,ERR,ERR,ERR,ERR,ERR,ERR,ERR,ERR,ERR,ERR,ERR,ERR,ERR,ERR,ERR,ERR,ERR,ERR,ERR,ERR,ERR,ERR,ERR,ERR,ERR,ERR,ERR,ERR,ERR,ERR,ERR,ERR,ERR,ERR,ERR,ERR,ERR,ERR,ERR,ERR,ERR,ERR,ERR,ERR,ERR,ERR,ERR,ERR,ERR,ERR,ERR,ERR,ERR,-0.0,-0.0,0.0,-0.0,0.0,-68226.141,-0.0,-522752.688,4300,0,8,17171,4300,-0.0,40,0.0,0.0,-0.0,0.0,-0.0,0,0,0,0,0.0,0,0,0,0,0,0,0,0,0,0,0,0,0,0,0,0,0,0,0,0,0,0,0,0,0,0,0,0,0,0,0,0,0,11,35,35,47,65476,394,65476,1,0,4,21553,0.0,0.0,0.0,0.0,0.0,0.0,0.0,0.0,0.0,0.0,0.0,0.0,0.0,0.0,0.0,0.0,0.0,0.0,0.0,0.0,0.0,2.004,-0.0,-0.0,-3.6970739834386645e+19,-3.69707618246192e+19,0.0,0.0,0.0,0.0,6532.0,-564149054603264.0,0.0,-0.0,-0.0,-0.0,107616272.0,0.0,0.0,2.004,2.004,223,-0.0,0.0,0.0,0.0,0.0,0.0,0.0,0.0,0.0,0,0,0,-20.533,1.4720459269521876e+28,679736246272.0,-0.0,2.42332282822937e+23,0.0,290872868470784.0,1.148731029770219e+37,-8.080337890560705e+18,-3.517744516557701e+18,-0.0,12561.54,0.0,0.0,0.0,0.0,0,1.3516416376850534e+27,223,0.0,446,-0.0,4.538273453391171e+24,2114,26215,17110,13107,17112,26215,17095,0,0,0,101,100,100,0.0,63.5,0.0,64.1,0.0,63.75,1,49,50,180,0,13107,0,0,0.0,0.0,0.0,60.0,-0.049,70.5,0.0,72158327865344.0,0.0,1070,0,1071,0,0,0,1072,0,1081,0,997,0,638,0,640,0,635,0,678,0.032,6.198106008766409e+21,-0.0,-0.0,54416,16812,-0.0,72158327865344.0,-29130820.0,1.025650538315776e+16,3.709478794845539e+37,4.350483004647422e+23,50.0,60.0,35,0.0,0.0,10.0,2.0,0.0,0.0,0.0,0.0,0.0,0.0,0.0,0.0,0.0,0.0,0.0,0.0,59.2,54,11,65508,27,65476,0,300,0,0,8,20529,65476,0,0,30147,60.0,0.0,10.0,10.0,2.0,0.0
2026-02-16T12:06:13,ERR,ERR,ERR,ERR,ERR,ERR,ERR,ERR,ERR,ERR,ERR,ERR,ERR,ERR,ERR,ERR,ERR,ERR,ERR,ERR,ERR,ERR,ERR,ERR,ERR,ERR,ERR,ERR,ERR,ERR,ERR,ERR,ERR,ERR,ERR,ERR,ERR,ERR,ERR,ERR,ERR,ERR,ERR,ERR,ERR,ERR,ERR,ERR,ERR,ERR,ERR,ERR,ERR,ERR,ERR,ERR,ERR,ERR,ERR,ERR,ERR,ERR,ERR,ERR,ERR,ERR,ERR,ERR,ERR,ERR,ERR,ERR,ERR,ERR,ERR,ERR,ERR,ERR,ERR,ERR,ERR,ERR,ERR,ERR,ERR,ERR,ERR,ERR,ERR,ERR,ERR,ERR,ERR,ERR,ERR,ERR,ERR,ERR,ERR,ERR,ERR,ERR,ERR,ERR,ERR,ERR,ERR,ERR,ERR,ERR,ERR,ERR,ERR,ERR,ERR,ERR,ERR,ERR,ERR,ERR,ERR,ERR,ERR,ERR,ERR,-0.0,-0.0,0.0,-0.0,0.0,-68226.141,-0.0,-522752.688,4300,0,8,17171,4300,-0.0,40,0.0,0.0,-0.0,0.0,-0.0,0,0,0,0,0.0,0,0,0,0,0,0,0,0,0,0,0,0,0,0,0,0,0,0,0,0,0,0,0,0,0,0,0,0,0,0,0,0,0,11,35,35,47,65476,394,65476,1,0,4,21553,0.0,0.0,0.0,0.0,0.0,0.0,0.0,0.0,0.0,0.0,0.0,0.0,0.0,0.0,0.0,0.0,0.0,0.0,0.0,0.0,0.0,2.004,-0.0,-0.0,-3.6970739834386645e+19,-3.69707618246192e+19,0.0,0.0,0.0,0.0,6532.0,-564149054603264.0,0.0,-0.0,-0.0,-0.0,107616272.0,0.0,0.0,2.004,2.004,223,-0.0,0.0,0.0,0.0,0.0,0.0,0.0,0.0,0.0,0,0,0,-20.533,1.4720459269521876e+28,679736246272.0,-0.0,2.42332282822937e+23,0.0,290872868470784.0,1.148731029770219e+37,-8.080337890560705e+18,-3.517744516557701e+18,-0.0,12561.54,0.0,0.0,0.0,0.0,0,1.3516416376850534e+27,223,0.0,446,-0.0,4.538273453391171e+24,2114,26215,17110,13107,17112,26215,17095,0,0,0,101,100,100,0.0,63.5,0.0,64.1,0.0,63.75,1,49,50,180,0,13107,0,0,0.0,0.0,0.0,60.0,-0.049,70.5,0.0,72158327865344.0,0.0,1070,0,1071,0,0,0,1072,0,1081,0,997,0,638,0,640,0,635,0,678,0.032,6.198106008766409e+21,-0.0,-0.0,54416,16812,-0.0,72158327865344.0,-29130820.0,1.025650538315776e+16,3.709478794845539e+37,4.350483004647422e+23,50.0,60.0,35,0.0,0.0,10.0,2.0,0.0,0.0,0.0,0.0,0.0,0.0,0.0,0.0,0.0,0.0,0.0,0.0,59.2,54,11,65508,27,65476,0,300,0,0,8,20529,65476,0,0,30147,60.0,0.0,10.0,10.0,2.0,0.0
2026-02-16T12:06:14,ERR,ERR,ERR,ERR,ERR,ERR,ERR,ERR,ERR,ERR,ERR,ERR,ERR,ERR,ERR,ERR,ERR,ERR,ERR,ERR,ERR,ERR,ERR,ERR,ERR,ERR,ERR,ERR,ERR,ERR,ERR,ERR,ERR,ERR,ERR,ERR,ERR,ERR,ERR,ERR,ERR,ERR,ERR,ERR,ERR,ERR,ERR,ERR,ERR,ERR,ERR,ERR,ERR,ERR,ERR,ERR,ERR,ERR,ERR,ERR,ERR,ERR,ERR,ERR,ERR,ERR,ERR,ERR,ERR,ERR,ERR,ERR,ERR,ERR,ERR,ERR,ERR,ERR,ERR,ERR,ERR,ERR,ERR,ERR,ERR,ERR,ERR,ERR,ERR,ERR,ERR,ERR,ERR,ERR,ERR,ERR,ERR,ERR,ERR,ERR,ERR,ERR,ERR,ERR,ERR,ERR,ERR,ERR,ERR,ERR,ERR,ERR,ERR,ERR,ERR,ERR,ERR,ERR,ERR,ERR,ERR,ERR,ERR,ERR,ERR,2.718442270659078e+23,-0.0,-0.0,-0.0,4.160414724153587e+31,-2.894889629122158e+24,-1.362,0.0,4300,0,8,17171,4300,-0.0,40,0.0,0.0,-0.0,0.0,-0.0,0,0,0,0,0.0,0,0,0,0,0,0,0,0,0,0,0,0,0,0,0,0,0,0,0,0,0,0,0,0,0,0,0,0,0,0,0,0,0,11,36,36,47,65476,395,65476,1,0,4,21553,0.0,0.0,-928024704.0,0.0,0.0,0.0,0.0,0.0,0.0,0.0,0.0,0.0,0.0,0.0,0.0,0.0,0.0,0.0,0.0,0.0,0.0,2.004,-0.0,-0.0,-3.6970739834386645e+19,0.0,0.0,0.0,0.0,0.0,6529.0,-1.5879384200579233e+29,0.0,-0.0,-0.0,2.718449836706452e+23,2.7184509175703625e+23,0.0,0.0,2.004,2.004,224,-71.629,107615256.0,0.0,0.0,0.0,0.0,0.0,0.0,0.0,0,0,0,-1180993465614336.0,-0.007,1.566227651049743e+22,-0.0,3.0834521944703965e+28,-40001.91,-0.0,-5.863146986568543e+20,3.288583054051418e+21,-3.733917298671485e+18,-0.0,13329.54,0.0,0.0,0.0,320.494,0,1.3516416376850534e+27,224,0.0,448,0.0,-1881180032.0,2114,26215,17110,13107,17112,26215,17095,0,0,0,101,100,100,0.0,63.5,0.0,64.1,0.0,63.75,1,49,50,180,0,13107,0,0,0.0,0.0,0.0,60.0,-0.049,70.5,0.0,72158327865344.0,0.0,1070,0,1071,0,0,0,1072,0,1081,0,997,0,638,0,640,0,635,0,678,0.032,6.198106008766409e+21,-0.0,-0.0,54416,16812,-0.0,72158327865344.0,-29130820.0,1.025650538315776e+16,3.709478794845539e+37,4.350483004647422e+23,50.0,60.0,35,0.0,0.0,10.0,2.0,0.0,0.0,0.0,0.0,0.0,0.0,0.0,0.0,0.0,0.0,0.0,0.0,58.8,54,11,65508,27,65476,0,300,0,0,8,20529,65476,0,0,30147,60.0,0.0,10.0,10.0,2.0,0.0
2026-02-16T12:06:15,ERR,ERR,ERR,ERR,ERR,ERR,ERR,ERR,ERR,ERR,ERR,ERR,ERR,ERR,ERR,ERR,ERR,ERR,ERR,ERR,ERR,ERR,ERR,ERR,ERR,ERR,ERR,ERR,ERR,ERR,ERR,ERR,ERR,ERR,ERR,ERR,ERR,ERR,ERR,ERR,ERR,ERR,ERR,ERR,ERR,ERR,ERR,ERR,ERR,ERR,ERR,ERR,ERR,ERR,ERR,ERR,ERR,ERR,ERR,ERR,ERR,ERR,ERR,ERR,ERR,ERR,ERR,ERR,ERR,ERR,ERR,ERR,ERR,ERR,ERR,ERR,ERR,ERR,ERR,ERR,ERR,ERR,ERR,ERR,ERR,ERR,ERR,ERR,ERR,ERR,ERR,ERR,ERR,ERR,ERR,ERR,ERR,ERR,ERR,ERR,ERR,ERR,ERR,ERR,ERR,ERR,ERR,ERR,ERR,ERR,ERR,ERR,ERR,ERR,ERR,ERR,ERR,ERR,ERR,ERR,ERR,ERR,ERR,ERR,ERR,2.718442270659078e+23,-0.0,-0.0,-0.0,4.160414724153587e+31,-2.894889629122158e+24,-1.362,0.0,4300,0,8,17171,4300,-0.0,40,0.0,0.0,-0.0,0.0,-0.0,0,0,0,0,0.0,0,0,0,0,0,0,0,0,0,0,0,0,0,0,0,0,0,0,0,0,0,0,0,0,0,0,0,0,0,0,0,0,0,11,36,36,47,65476,395,65476,1,0,4,21553,0.0,0.0,-928024704.0,0.0,0.0,0.0,0.0,0.0,0.0,0.0,0.0,0.0,0.0,0.0,0.0,0.0,0.0,0.0,0.0,0.0,0.0,2.004,-0.0,-0.0,-3.6970739834386645e+19,0.0,0.0,0.0,0.0,0.0,6529.0,-1.5879384200579233e+29,0.0,-0.0,-0.0,2.718449836706452e+23,2.7184509175703625e+23,0.0,0.0,2.004,2.004,224,-71.629,107615256.0,0.0,0.0,0.0,0.0,0.0,0.0,0.0,0,0,0,-1180993465614336.0,-0.007,1.566227651049743e+22,-0.0,3.0834521944703965e+28,-40001.91,-0.0,-5.863146986568543e+20,3.288583054051418e+21,-3.733917298671485e+18,-0.0,13329.54,0.0,0.0,0.0,320.494,0,1.3516416376850534e+27,224,0.0,448,0.0,-1881180032.0,2114,26215,17110,13107,17112,26215,17095,0,0,0,101,100,100,0.0,63.5,0.0,64.3,-0.0,63.75,1,49,50,180,0,13107,0,0,0.0,0.0,0.0,60.0,-55367487488.0,70.5,0.0,8.584049456012329e+18,0.0,1070,0,1071,0,0,0,1072,0,1081,0,997,0,639,0,640,0,635,0,678,0.032,6.198106008766409e+21,-0.0,-0.0,57232,16812,-55367487488.0,8.584049456012329e+18,0.0,8.837426305865573e+26,-8.774388662394227e+24,-0.0,50.0,60.0,35,0.0,0.0,10.0,2.0,0.0,0.0,0.0,0.0,0.0,0.0,0.0,0.0,0.0,0.0,0.0,0.0,58.8,54,11,65508,27,65476,0,300,0,0,8,20529,65476,0,0,30147,60.0,0.0,10.0,10.0,2.0,0.0
2026-02-16T12:06:16,ERR,ERR,ERR,ERR,ERR,ERR,ERR,ERR,ERR,ERR,ERR,ERR,ERR,ERR,ERR,ERR,ERR,ERR,ERR,ERR,ERR,ERR,ERR,ERR,ERR,ERR,ERR,ERR,ERR,ERR,ERR,ERR,ERR,ERR,ERR,ERR,ERR,ERR,ERR,ERR,ERR,ERR,ERR,ERR,ERR,ERR,ERR,ERR,ERR,ERR,ERR,ERR,ERR,ERR,ERR,ERR,ERR,ERR,ERR,ERR,ERR,ERR,ERR,ERR,ERR,ERR,ERR,ERR,ERR,ERR,ERR,ERR,ERR,ERR,ERR,ERR,ERR,ERR,ERR,ERR,ERR,ERR,ERR,ERR,ERR,ERR,ERR,ERR,ERR,ERR,ERR,ERR,ERR,ERR,ERR,ERR,ERR,ERR,ERR,ERR,ERR,ERR,ERR,ERR,ERR,ERR,ERR,ERR,ERR,ERR,ERR,ERR,ERR,ERR,ERR,ERR,ERR,ERR,ERR,ERR,ERR,ERR,ERR,ERR,ERR,2.718442270659078e+23,-0.0,-0.0,-0.0,4.160414724153587e+31,-2.894889629122158e+24,-1.362,0.0,4300,0,8,17171,4300,-0.0,40,0.0,0.0,-0.0,0.0,-0.0,0,0,0,0,0.0,0,0,0,0,0,0,0,0,0,0,0,0,0,0,0,0,0,0,0,0,0,0,0,0,0,0,0,0,0,0,0,0,0,11,36,36,47,65476,395,65476,1,0,4,21553,0.0,0.0,-928024704.0,0.0,0.0,0.0,0.0,0.0,0.0,0.0,0.0,0.0,0.0,0.0,0.0,0.0,0.0,0.0,0.0,0.0,0.0,2.004,-0.0,-0.0,-3.6970739834386645e+19,0.0,0.0,0.0,0.0,0.0,6529.0,-1.5879384200579233e+29,0.0,-0.0,-0.0,2.718449836706452e+23,2.7184509175703625e+23,0.0,0.0,2.004,2.004,224,-71.629,107615256.0,0.0,0.0,0.0,0.0,0.0,0.0,0.0,0,0,0,-1180993465614336.0,-0.007,1.566227651049743e+22,-0.0,3.0834521944703965e+28,-40001.91,-0.0,-5.863146986568543e+20,3.288583054051418e+21,-3.733917298671485e+18,-0.0,13329.54,0.0,0.0,0.0,320.494,0,1.3516416376850534e+27,224,0.0,448,0.0,-1881180032.0,2114,26215,17110,13107,17112,26215,17095,0,0,0,101,100,100,0.0,63.5,0.0,64.3,-0.0,63.75,1,49,50,180,0,13107,0,0,0.0,0.0,0.0,60.0,-55367487488.0,70.5,0.0,8.584049456012329e+18,0.0,1070,0,1071,0,0,0,1072,0,1081,0,997,0,639,0,640,0,635,0,678,0.032,6.198106008766409e+21,-0.0,-0.0,57232,16812,-55367487488.0,8.584049456012329e+18,0.0,8.837426305865573e+26,-8.774388662394227e+24,-0.0,50.0,60.0,35,0.0,0.0,10.0,2.0,0.0,0.0,0.0,0.0,0.0,0.0,0.0,0.0,0.0,0.0,0.0,0.0,58.8,54,11,65508,27,65476,0,300,0,0,8,20529,65476,0,0,30147,60.0,0.0,10.0,10.0,2.0,0.0
2026-02-16T12:06:17,ERR,ERR,ERR,ERR,ERR,ERR,ERR,ERR,ERR,ERR,ERR,ERR,ERR,ERR,ERR,ERR,ERR,ERR,ERR,ERR,ERR,ERR,ERR,ERR,ERR,ERR,ERR,ERR,ERR,ERR,ERR,ERR,ERR,ERR,ERR,ERR,ERR,ERR,ERR,ERR,ERR,ERR,ERR,ERR,ERR,ERR,ERR,ERR,ERR,ERR,ERR,ERR,ERR,ERR,ERR,ERR,ERR,ERR,ERR,ERR,ERR,ERR,ERR,ERR,ERR,ERR,ERR,ERR,ERR,ERR,ERR,ERR,ERR,ERR,ERR,ERR,ERR,ERR,ERR,ERR,ERR,ERR,ERR,ERR,ERR,ERR,ERR,ERR,ERR,ERR,ERR,ERR,ERR,ERR,ERR,ERR,ERR,ERR,ERR,ERR,ERR,ERR,ERR,ERR,ERR,ERR,ERR,ERR,ERR,ERR,ERR,ERR,ERR,ERR,ERR,ERR,ERR,ERR,ERR,ERR,ERR,ERR,ERR,ERR,ERR,2.718442270659078e+23,-0.0,-0.0,-0.0,4.160414724153587e+31,-2.894889629122158e+24,-1.362,0.0,4300,0,8,17171,4300,-0.0,40,0.0,0.0,-0.0,0.0,-0.0,0,0,0,0,0.0,0,0,0,0,0,0,0,0,0,0,0,0,0,0,0,0,0,0,0,0,0,0,0,0,0,0,0,0,0,0,0,0,0,11,36,36,47,65476,395,65476,1,0,4,21553,0.0,0.0,-928024704.0,0.0,0.0,0.0,0.0,0.0,0.0,0.0,0.0,0.0,0.0,0.0,0.0,0.0,0.0,0.0,0.0,0.0,0.0,2.004,-0.0,-0.0,-3.6970739834386645e+19,0.0,0.0,0.0,0.0,0.0,6529.0,-1.5879384200579233e+29,0.0,-0.0,-0.0,2.718449836706452e+23,2.7184509175703625e+23,0.0,0.0,2.004,2.004,224,-71.629,107615256.0,0.0,0.0,0.0,0.0,0.0,0.0,0.0,0,0,0,-1180993465614336.0,-0.007,1.566227651049743e+22,-0.0,3.0834521944703965e+28,-40001.91,-0.0,-5.863146986568543e+20,3.288583054051418e+21,-3.733917298671485e+18,-0.0,13329.54,0.0,0.0,0.0,320.494,0,1.3516416376850534e+27,224,0.0,448,0.0,-1881180032.0,2114,26215,17110,13107,17112,26215,17095,0,0,0,101,100,100,0.0,63.5,0.0,64.3,-0.0,63.75,1,49,50,180,0,13107,0,0,0.0,0.0,0.0,60.0,-55367487488.0,70.5,0.0,8.584049456012329e+18,0.0,1070,0,1071,0,0,0,1072,0,1081,0,997,0,639,0,640,0,635,0,678,0.032,6.198106008766409e+21,-0.0,-0.0,57232,16812,-55367487488.0,8.584049456012329e+18,0.0,8.837426305865573e+26,-8.774388662394227e+24,-0.0,50.0,60.0,35,0.0,0.0,10.0,2.0,0.0,0.0,0.0,0.0,0.0,0.0,0.0,0.0,0.0,0.0,0.0,0.0,59.2,54,11,65508,27,65476,0,300,0,0,8,20529,65476,0,0,30147,60.0,0.0,10.0,10.0,2.0,0.0
2026-02-16T12:06:18,ERR,ERR,ERR,ERR,ERR,ERR,ERR,ERR,ERR,ERR,ERR,ERR,ERR,ERR,ERR,ERR,ERR,ERR,ERR,ERR,ERR,ERR,ERR,ERR,ERR,ERR,ERR,ERR,ERR,ERR,ERR,ERR,ERR,ERR,ERR,ERR,ERR,ERR,ERR,ERR,ERR,ERR,ERR,ERR,ERR,ERR,ERR,ERR,ERR,ERR,ERR,ERR,ERR,ERR,ERR,ERR,ERR,ERR,ERR,ERR,ERR,ERR,ERR,ERR,ERR,ERR,ERR,ERR,ERR,ERR,ERR,ERR,ERR,ERR,ERR,ERR,ERR,ERR,ERR,ERR,ERR,ERR,ERR,ERR,ERR,ERR,ERR,ERR,ERR,ERR,ERR,ERR,ERR,ERR,ERR,ERR,ERR,ERR,ERR,ERR,ERR,ERR,ERR,ERR,ERR,ERR,ERR,ERR,ERR,ERR,ERR,ERR,ERR,ERR,ERR,ERR,ERR,ERR,ERR,ERR,ERR,ERR,ERR,ERR,ERR,2.718442270659078e+23,-0.0,-0.0,-0.0,4.160414724153587e+31,-2.894889629122158e+24,-1.362,0.0,4300,0,8,17171,4300,-0.0,40,0.0,0.0,-0.0,0.0,-0.0,0,0,0,0,0.0,0,0,0,0,0,0,0,0,0,0,0,0,0,0,0,0,0,0,0,0,0,0,0,0,0,0,0,0,0,0,0,0,0,11,36,36,47,65476,395,65476,1,0,4,21553,0.0,0.0,-928024704.0,0.0,0.0,0.0,0.0,0.0,0.0,0.0,0.0,0.0,0.0,0.0,0.0,0.0,0.0,0.0,0.0,0.0,0.0,2.004,-0.0,-0.0,-3.6970739834386645e+19,0.0,0.0,0.0,0.0,0.0,6529.0,-1.5879384200579233e+29,0.0,-0.0,-0.0,2.718449836706452e+23,2.7184509175703625e+23,0.0,0.0,2.004,2.004,224,-71.629,107615256.0,0.0,0.0,0.0,0.0,0.0,0.0,0.0,0,0,0,-1180993465614336.0,-0.007,1.566227651049743e+22,-0.0,3.0834521944703965e+28,-40001.91,-0.0,-5.863146986568543e+20,3.288583054051418e+21,-3.733917298671485e+18,-0.0,13329.54,0.0,0.0,0.0,320.494,0,1.3516416376850534e+27,224,0.0,448,0.0,-1881180032.0,2114,26215,17110,13107,17112,26215,17095,0,0,0,101,100,100,0.0,63.5,0.0,64.3,-0.0,63.75,1,49,50,180,0,13107,0,0,0.0,0.0,0.0,60.0,-55367487488.0,70.5,0.0,8.584049456012329e+18,0.0,1070,0,1071,0,0,0,1072,0,1081,0,997,0,639,0,640,0,635,0,678,0.032,6.198106008766409e+21,-0.0,-0.0,57232,16812,-55367487488.0,8.584049456012329e+18,0.0,8.837426305865573e+26,-8.774388662394227e+24,-0.0,50.0,60.0,35,0.0,0.0,10.0,2.0,0.0,0.0,0.0,0.0,0.0,0.0,0.0,0.0,0.0,0.0,0.0,0.0,59.2,54,11,65508,27,65476,0,300,0,0,8,20529,65476,0,0,30147,60.0,0.0,10.0,10.0,2.0,0.0
2026-02-16T12:06:19,ERR,ERR,ERR,ERR,ERR,ERR,ERR,ERR,ERR,ERR,ERR,ERR,ERR,ERR,ERR,ERR,ERR,ERR,ERR,ERR,ERR,ERR,ERR,ERR,ERR,ERR,ERR,ERR,ERR,ERR,ERR,ERR,ERR,ERR,ERR,ERR,ERR,ERR,ERR,ERR,ERR,ERR,ERR,ERR,ERR,ERR,ERR,ERR,ERR,ERR,ERR,ERR,ERR,ERR,ERR,ERR,ERR,ERR,ERR,ERR,ERR,ERR,ERR,ERR,ERR,ERR,ERR,ERR,ERR,ERR,ERR,ERR,ERR,ERR,ERR,ERR,ERR,ERR,ERR,ERR,ERR,ERR,ERR,ERR,ERR,ERR,ERR,ERR,ERR,ERR,ERR,ERR,ERR,ERR,ERR,ERR,ERR,ERR,ERR,ERR,ERR,ERR,ERR,ERR,ERR,ERR,ERR,ERR,ERR,ERR,ERR,ERR,ERR,ERR,ERR,ERR,ERR,ERR,ERR,ERR,ERR,ERR,ERR,ERR,ERR,-0.0,-0.0,0.0,-107611232.0,5.961968628767004e+20,2.613,241889525760.0,-53018724.0,4300,0,8,17171,4300,-0.0,40,0.0,0.0,-107611232.0,0.0,-0.0,0,0,0,0,0.0,0,0,0,0,0,0,0,0,0,0,0,0,0,0,0,0,0,0,0,0,0,0,0,0,0,0,0,0,0,0,0,0,0,11,36,36,47,65476,394,65476,1,0,4,21553,0.0,0.0,-0.0,0.0,0.0,0.0,0.0,0.0,0.0,0.0,0.0,0.0,0.0,0.0,0.0,0.0,0.0,0.0,0.0,0.0,0.0,2.004,-0.0,-0.0,-2.004,0.0,0.0,0.0,0.0,0.0,6561.0,0.0,0.0,-0.0,-0.0,2.718449836706452e+23,-0.0,-0.0,0.0,2.004,2.004,223,-0.0,89221.023,0.0,0.0,0.0,0.0,0.0,0.0,0.0,0,0,0,-0.0,-0.0,0.002,9.788658232582786e+20,668727.0,nan,-0.0,-8.187331109704708e+28,1.9846738073144525e+17,-3.9500900807852687e+18,-0.0,14097.54,0.0,0.0,0.0,0.0,0,1.3516416376850534e+27,223,0.0,446,0.0,-1881180032.0,2114,26215,17110,13107,17112,26215,17095,0,0,0,101,100,100,0.0,63.5,0.0,64.3,-0.0,63.75,1,49,50,180,0,13107,0,0,0.0,0.0,0.0,60.0,-8196004352.0,70.5,0.0,0.0,0.0,1070,0,1071,0,0,0,1072,0,1081,0,997,0,639,0,640,0,635,0,678,0.032,6.16121252061899e+21,-0.0,-0.0,65424,16812,-55367487488.0,-0.0,253.251,0.0,0.0,-3711961088.0,50.0,60.0,35,0.0,0.0,10.0,2.0,0.0,0.0,0.0,0.0,0.0,0.0,0.0,0.0,0.0,0.0,0.0,0.0,59.2,54,11,65508,27,65476,0,300,0,0,8,20529,65476,0,0,30147,60.0,0.0,10.0,10.0,2.0,0.0
2026-02-16T12:06:20,ERR,ERR,ERR,ERR,ERR,ERR,ERR,ERR,ERR,ERR,ERR,ERR,ERR,ERR,ERR,ERR,ERR,ERR,ERR,ERR,ERR,ERR,ERR,ERR,ERR,ERR,ERR,ERR,ERR,ERR,ERR,ERR,ERR,ERR,ERR,ERR,ERR,ERR,ERR,ERR,ERR,ERR,ERR,ERR,ERR,ERR,ERR,ERR,ERR,ERR,ERR,ERR,ERR,ERR,ERR,ERR,ERR,ERR,ERR,ERR,ERR,ERR,ERR,ERR,ERR,ERR,ERR,ERR,ERR,ERR,ERR,ERR,ERR,ERR,ERR,ERR,ERR,ERR,ERR,ERR,ERR,ERR,ERR,ERR,ERR,ERR,ERR,ERR,ERR,ERR,ERR,ERR,ERR,ERR,ERR,ERR,ERR,ERR,ERR,ERR,ERR,ERR,ERR,ERR,ERR,ERR,ERR,ERR,ERR,ERR,ERR,ERR,ERR,ERR,ERR,ERR,ERR,ERR,ERR,ERR,ERR,ERR,ERR,ERR,ERR,-0.0,-0.0,0.0,-107611232.0,5.961968628767004e+20,2.613,241889525760.0,-53018724.0,4300,0,8,17171,4300,-0.0,40,0.0,0.0,-107611232.0,0.0,-0.0,0,0,0,0,0.0,0,0,0,0,0,0,0,0,0,0,0,0,0,0,0,0,0,0,0,0,0,0,0,0,0,0,0,0,0,0,0,0,0,11,36,36,47,65476,394,65476,1,0,4,21553,0.0,0.0,-0.0,0.0,0.0,0.0,0.0,0.0,0.0,0.0,0.0,0.0,0.0,0.0,0.0,0.0,0.0,0.0,0.0,0.0,0.0,2.004,-0.0,-0.0,-2.004,0.0,0.0,0.0,0.0,0.0,6561.0,0.0,0.0,-0.0,-0.0,2.718449836706452e+23,-0.0,-0.0,0.0,2.004,2.004,223,-0.0,89221.023,0.0,0.0,0.0,0.0,0.0,0.0,0.0,0,0,0,-0.0,-0.0,0.002,9.788658232582786e+20,668727.0,nan,-0.0,-8.187331109704708e+28,1.9846738073144525e+17,-3.9500900807852687e+18,-0.0,14097.54,0.0,0.0,0.0,0.0,0,1.3516416376850534e+27,223,0.0,446,0.0,-1881180032.0,2114,26215,17110,13107,17112,26215,17095,0,0,0,101,100,100,0.0,63.5,0.0,64.3,-0.0,63.75,1,49,50,180,0,13107,0,0,0.0,0.0,0.0,60.0,-8196004352.0,70.5,0.0,0.0,0.0,1070,0,1071,0,0,0,1072,0,1081,0,997,0,639,0,640,0,635,0,678,0.032,6.16121252061899e+21,-0.0,-0.0,65424,16812,-55367487488.0,-0.0,253.251,0.0,0.0,-3711961088.0,50.0,60.0,35,0.0,0.0,10.0,2.0,0.0,0.0,0.0,0.0,0.0,0.0,0.0,0.0,0.0,0.0,0.0,0.0,59.2,54,11,65508,27,65476,0,300,0,0,8,20529,65476,0,0,30147,60.0,0.0,10.0,10.0,2.0,0.0
2026-02-16T12:06:21,ERR,ERR,ERR,ERR,ERR,ERR,ERR,ERR,ERR,ERR,ERR,ERR,ERR,ERR,ERR,ERR,ERR,ERR,ERR,ERR,ERR,ERR,ERR,ERR,ERR,ERR,ERR,ERR,ERR,ERR,ERR,ERR,ERR,ERR,ERR,ERR,ERR,ERR,ERR,ERR,ERR,ERR,ERR,ERR,ERR,ERR,ERR,ERR,ERR,ERR,ERR,ERR,ERR,ERR,ERR,ERR,ERR,ERR,ERR,ERR,ERR,ERR,ERR,ERR,ERR,ERR,ERR,ERR,ERR,ERR,ERR,ERR,ERR,ERR,ERR,ERR,ERR,ERR,ERR,ERR,ERR,ERR,ERR,ERR,ERR,ERR,ERR,ERR,ERR,ERR,ERR,ERR,ERR,ERR,ERR,ERR,ERR,ERR,ERR,ERR,ERR,ERR,ERR,ERR,ERR,ERR,ERR,ERR,ERR,ERR,ERR,ERR,ERR,ERR,ERR,ERR,ERR,ERR,ERR,ERR,ERR,ERR,ERR,ERR,ERR,-0.0,-0.0,0.0,-107611232.0,5.961968628767004e+20,2.613,241889525760.0,-53018724.0,4300,0,8,17171,4300,-0.0,40,0.0,0.0,-107611232.0,0.0,-0.0,0,0,0,0,0.0,0,0,0,0,0,0,0,0,0,0,0,0,0,0,0,0,0,0,0,0,0,0,0,0,0,0,0,0,0,0,0,0,0,11,36,36,47,65476,394,65476,1,0,4,21553,0.0,0.0,-0.0,0.0,0.0,0.0,0.0,0.0,0.0,0.0,0.0,0.0,0.0,0.0,0.0,0.0,0.0,0.0,0.0,0.0,0.0,2.004,-0.0,-0.0,-2.004,0.0,0.0,0.0,0.0,0.0,6561.0,0.0,0.0,-0.0,-0.0,2.718449836706452e+23,-0.0,-0.0,0.0,2.004,2.004,223,-0.0,89221.023,0.0,0.0,0.0,0.0,0.0,0.0,0.0,0,0,0,-0.0,-0.0,0.002,9.788658232582786e+20,668727.0,nan,-0.0,-8.187331109704708e+28,1.9846738073144525e+17,-3.9500900807852687e+18,-0.0,14097.54,0.0,0.0,0.0,0.0,0,1.3516416376850534e+27,223,0.0,446,0.0,-1881180032.0,2114,26215,17110,13107,17112,26215,17095,0,0,0,101,100,100,0.0,63.5,0.0,64.3,-0.0,63.75,1,49,50,180,0,13107,0,0,0.0,0.0,0.0,60.0,-8196004352.0,70.5,0.0,0.0,0.0,1070,0,1071,0,0,0,1072,0,1081,0,997,0,639,0,640,0,635,0,678,0.032,6.16121252061899e+21,-0.0,-0.0,65424,16812,-55367487488.0,-0.0,253.251,0.0,0.0,-3711961088.0,50.0,60.0,35,0.0,0.0,10.0,2.0,0.0,0.0,0.0,0.0,0.0,0.0,0.0,0.0,0.0,0.0,0.0,0.0,58.8,54,11,65508,27,65476,0,300,0,0,8,20529,65476,0,0,30147,60.0,0.0,10.0,10.0,2.0,0.0
2026-02-16T12:06:22,ERR,ERR,ERR,ERR,ERR,ERR,ERR,ERR,ERR,ERR,ERR,ERR,ERR,ERR,ERR,ERR,ERR,ERR,ERR,ERR,ERR,ERR,ERR,ERR,ERR,ERR,ERR,ERR,ERR,ERR,ERR,ERR,ERR,ERR,ERR,ERR,ERR,ERR,ERR,ERR,ERR,ERR,ERR,ERR,ERR,ERR,ERR,ERR,ERR,ERR,ERR,ERR,ERR,ERR,ERR,ERR,ERR,ERR,ERR,ERR,ERR,ERR,ERR,ERR,ERR,ERR,ERR,ERR,ERR,ERR,ERR,ERR,ERR,ERR,ERR,ERR,ERR,ERR,ERR,ERR,ERR,ERR,ERR,ERR,ERR,ERR,ERR,ERR,ERR,ERR,ERR,ERR,ERR,ERR,ERR,ERR,ERR,ERR,ERR,ERR,ERR,ERR,ERR,ERR,ERR,ERR,ERR,ERR,ERR,ERR,ERR,ERR,ERR,ERR,ERR,ERR,ERR,ERR,ERR,ERR,ERR,ERR,ERR,ERR,ERR,-0.0,-0.0,0.0,-107611232.0,5.961968628767004e+20,2.613,241889525760.0,-53018724.0,4300,0,8,17171,4300,-0.0,40,0.0,0.0,-107611232.0,0.0,-0.0,0,0,0,0,0.0,0,0,0,0,0,0,0,0,0,0,0,0,0,0,0,0,0,0,0,0,0,0,0,0,0,0,0,0,0,0,0,0,0,11,36,36,47,65476,394,65476,1,0,4,21553,0.0,0.0,-0.0,0.0,0.0,0.0,0.0,0.0,0.0,0.0,0.0,0.0,0.0,0.0,0.0,0.0,0.0,0.0,0.0,0.0,0.0,2.004,-0.0,-0.0,-2.004,0.0,0.0,0.0,0.0,0.0,6561.0,0.0,0.0,-0.0,-0.0,2.718449836706452e+23,-0.0,-0.0,0.0,2.004,2.004,223,-0.0,89221.023,0.0,0.0,0.0,0.0,0.0,0.0,0.0,0,0,0,-0.0,-0.0,0.002,9.788658232582786e+20,668727.0,nan,-0.0,-8.187331109704708e+28,1.9846738073144525e+17,-3.9500900807852687e+18,-0.0,14097.54,0.0,0.0,0.0,0.0,0,1.3516416376850534e+27,223,0.0,446,0.0,-1881180032.0,2114,26215,17110,13107,17112,26215,17095,0,0,0,101,100,100,0.0,63.5,0.0,64.3,-0.0,63.75,1,49,50,180,0,13107,0,0,0.0,0.0,0.0,60.0,-8.388403044160635e+17,70.5,0.0,-158610306891776.0,0.0,1070,0,1071,0,0,0,1072,0,1081,0,997,0,639,0,640,0,635,0,678,0.032,6.16121252061899e+21,-0.0,-0.0,63120,16812,-393748.406,-158610306891776.0,1.293932451531549e+25,-14.797,0.0,-9.33291204979142e+27,50.0,60.0,35,0.0,0.0,10.0,2.0,0.0,0.0,0.0,0.0,0.0,0.0,0.0,0.0,0.0,0.0,0.0,0.0,58.8,54,11,65508,27,65476,0,300,0,0,8,20529,65476,0,0,30147,60.0,0.0,10.0,10.0,2.0,0.0
2026-02-16T12:06:23,ERR,ERR,ERR,ERR,ERR,ERR,ERR,ERR,ERR,ERR,ERR,ERR,ERR,ERR,ERR,ERR,ERR,ERR,ERR,ERR,ERR,ERR,ERR,ERR,ERR,ERR,ERR,ERR,ERR,ERR,ERR,ERR,ERR,ERR,ERR,ERR,ERR,ERR,ERR,ERR,ERR,ERR,ERR,ERR,ERR,ERR,ERR,ERR,ERR,ERR,ERR,ERR,ERR,ERR,ERR,ERR,ERR,ERR,ERR,ERR,ERR,ERR,ERR,ERR,ERR,ERR,ERR,ERR,ERR,ERR,ERR,ERR,ERR,ERR,ERR,ERR,ERR,ERR,ERR,ERR,ERR,ERR,ERR,ERR,ERR,ERR,ERR,ERR,ERR,ERR,ERR,ERR,ERR,ERR,ERR,ERR,ERR,ERR,ERR,ERR,ERR,ERR,ERR,ERR,ERR,ERR,ERR,ERR,ERR,ERR,ERR,ERR,ERR,ERR,ERR,ERR,ERR,ERR,ERR,ERR,ERR,ERR,ERR,ERR,ERR,-0.0,-0.0,-107089984.0,-0.0,-0.0,0.0,0.0,0.0,4300,0,8,17171,4300,-0.0,40,0.0,0.0,-0.0,0.0,-0.0,0,0,0,0,0.0,0,0,0,0,0,0,0,0,0,0,0,0,0,0,0,0,0,0,0,0,0,0,0,0,0,0,0,0,0,0,0,0,0,11,36,36,47,65476,396,65476,1,0,4,21553,0.0,2.7183305813883192e+23,7.830949104064366e+21,0.0,0.0,0.0,0.0,0.0,0.0,0.0,0.0,0.0,0.0,0.0,0.0,0.0,0.0,0.0,0.0,0.0,0.0,2.004,-0.0,3.697081460117733e+19,-2.004,2.004,0.0,0.0,0.0,0.0,6562.0,2.4230020278207133e+24,0.0,2.718442270659078e+23,-0.0,2.718449836706452e+23,-0.0,0.0,0.0,2.004,2.004,223,-71.629,4.95042434246788e+32,0.0,0.0,0.0,0.0,0.0,0.0,0.0,0,0,0,-8.079940966863077e+18,0.0,2.600411571336982e+23,0.0,3.1447590869076864e+35,0.0,-0.0,0.0,-0.0,-4.1842772614085345e+18,-0.0,14865.54,0.0,0.0,0.0,0.0,0,1.3516416376850534e+27,223,0.0,446,0.0,-1881180032.0,2114,26215,17110,13107,17112,26215,17095,0,0,0,101,100,100,0.0,63.5,0.0,64.3,-0.0,63.75,1,49,50,180,0,13107,0,0,0.0,0.0,0.0,60.0,-8.388403044160635e+17,70.5,0.0,-158610306891776.0,0.0,1070,0,1071,0,0,0,1072,0,1081,0,997,0,639,0,640,0,635,0,678,0.032,6.16121252061899e+21,-0.0,-0.0,63120,16812,-393748.406,-158610306891776.0,1.293932451531549e+25,-14.797,0.0,-9.33291204979142e+27,50.0,60.0,35,0.0,0.0,10.0,2.0,0.0,0.0,0.0,0.0,0.0,0.0,0.0,0.0,0.0,0.0,0.0,0.0,58.8,54,11,65508,27,65476,0,300,0,0,8,20529,65476,0,0,30147,60.0,0.0,10.0,10.0,2.0,0.0
2026-02-16T12:06:24,ERR,ERR,ERR,ERR,ERR,ERR,ERR,ERR,ERR,ERR,ERR,ERR,ERR,ERR,ERR,ERR,ERR,ERR,ERR,ERR,ERR,ERR,ERR,ERR,ERR,ERR,ERR,ERR,ERR,ERR,ERR,ERR,ERR,ERR,ERR,ERR,ERR,ERR,ERR,ERR,ERR,ERR,ERR,ERR,ERR,ERR,ERR,ERR,ERR,ERR,ERR,ERR,ERR,ERR,ERR,ERR,ERR,ERR,ERR,ERR,ERR,ERR,ERR,ERR,ERR,ERR,ERR,ERR,ERR,ERR,ERR,ERR,ERR,ERR,ERR,ERR,ERR,ERR,ERR,ERR,ERR,ERR,ERR,ERR,ERR,ERR,ERR,ERR,ERR,ERR,ERR,ERR,ERR,ERR,ERR,ERR,ERR,ERR,ERR,ERR,ERR,ERR,ERR,ERR,ERR,ERR,ERR,ERR,ERR,ERR,ERR,ERR,ERR,ERR,ERR,ERR,ERR,ERR,ERR,ERR,ERR,ERR,ERR,ERR,ERR,-0.0,-0.0,-107089984.0,-0.0,-0.0,0.0,0.0,0.0,4300,0,8,17171,4300,-0.0,40,0.0,0.0,-0.0,0.0,-0.0,0,0,0,0,0.0,0,0,0,0,0,0,0,0,0,0,0,0,0,0,0,0,0,0,0,0,0,0,0,0,0,0,0,0,0,0,0,0,0,11,36,36,47,65476,396,65476,1,0,4,21553,0.0,2.7183305813883192e+23,7.830949104064366e+21,0.0,0.0,0.0,0.0,0.0,0.0,0.0,0.0,0.0,0.0,0.0,0.0,0.0,0.0,0.0,0.0,0.0,0.0,2.004,-0.0,3.697081460117733e+19,-2.004,2.004,0.0,0.0,0.0,0.0,6562.0,2.4230020278207133e+24,0.0,2.718442270659078e+23,-0.0,2.718449836706452e+23,-0.0,0.0,0.0,2.004,2.004,223,-71.629,4.95042434246788e+32,0.0,0.0,0.0,0.0,0.0,0.0,0.0,0,0,0,-8.079940966863077e+18,0.0,2.600411571336982e+23,0.0,3.1447590869076864e+35,0.0,-0.0,0.0,-0.0,-4.1842772614085345e+18,-0.0,14865.54,0.0,0.0,0.0,0.0,0,1.3516416376850534e+27,223,0.0,446,0.0,-1881180032.0,2114,26215,17110,13107,17112,26215,17095,0,0,0,101,100,100,0.0,63.5,0.0,64.3,-0.0,63.75,1,49,50,180,0,13107,0,0,0.0,0.0,0.0,60.0,-8.388403044160635e+17,70.5,0.0,-158610306891776.0,0.0,1070,0,1071,0,0,0,1072,0,1081,0,997,0,639,0,640,0,635,0,678,0.032,6.16121252061899e+21,-0.0,-0.0,63120,16812,-393748.406,-158610306891776.0,1.293932451531549e+25,-14.797,0.0,-9.33291204979142e+27,50.0,60.0,35,0.0,0.0,10.0,2.0,0.0,0.0,0.0,0.0,0.0,0.0,0.0,0.0,0.0,0.0,0.0,0.0,58.8,54,11,65508,27,65476,0,300,0,0,8,20529,65476,0,0,30147,60.0,0.0,10.0,10.0,2.0,0.0
2026-02-16T12:06:25,ERR,ERR,ERR,ERR,ERR,ERR,ERR,ERR,ERR,ERR,ERR,ERR,ERR,ERR,ERR,ERR,ERR,ERR,ERR,ERR,ERR,ERR,ERR,ERR,ERR,ERR,ERR,ERR,ERR,ERR,ERR,ERR,ERR,ERR,ERR,ERR,ERR,ERR,ERR,ERR,ERR,ERR,ERR,ERR,ERR,ERR,ERR,ERR,ERR,ERR,ERR,ERR,ERR,ERR,ERR,ERR,ERR,ERR,ERR,ERR,ERR,ERR,ERR,ERR,ERR,ERR,ERR,ERR,ERR,ERR,ERR,ERR,ERR,ERR,ERR,ERR,ERR,ERR,ERR,ERR,ERR,ERR,ERR,ERR,ERR,ERR,ERR,ERR,ERR,ERR,ERR,ERR,ERR,ERR,ERR,ERR,ERR,ERR,ERR,ERR,ERR,ERR,ERR,ERR,ERR,ERR,ERR,ERR,ERR,ERR,ERR,ERR,ERR,ERR,ERR,ERR,ERR,ERR,ERR,ERR,ERR,ERR,ERR,ERR,ERR,-0.0,-0.0,-107089984.0,-0.0,-0.0,0.0,0.0,0.0,4300,0,8,17171,4300,-0.0,40,0.0,0.0,-0.0,0.0,-0.0,0,0,0,0,0.0,0,0,0,0,0,0,0,0,0,0,0,0,0,0,0,0,0,0,0,0,0,0,0,0,0,0,0,0,0,0,0,0,0,11,36,36,47,65476,396,65476,1,0,4,21553,0.0,2.7183305813883192e+23,7.830949104064366e+21,0.0,0.0,0.0,0.0,0.0,0.0,0.0,0.0,0.0,0.0,0.0,0.0,0.0,0.0,0.0,0.0,0.0,0.0,2.004,-0.0,3.697081460117733e+19,-2.004,2.004,0.0,0.0,0.0,0.0,6562.0,2.4230020278207133e+24,0.0,2.718442270659078e+23,-0.0,2.718449836706452e+23,-0.0,0.0,0.0,2.004,2.004,223,-71.629,4.95042434246788e+32,0.0,0.0,0.0,0.0,0.0,0.0,0.0,0,0,0,-8.079940966863077e+18,0.0,2.600411571336982e+23,0.0,3.1447590869076864e+35,0.0,-0.0,0.0,-0.0,-4.1842772614085345e+18,-0.0,14865.54,0.0,0.0,0.0,0.0,0,1.3516416376850534e+27,223,0.0,446,0.0,-1881180032.0,2114,26215,17110,13107,17112,26215,17095,0,0,0,101,100,100,0.0,63.5,0.0,64.3,-0.0,63.75,1,49,50,180,0,13107,0,0,0.0,0.0,0.0,60.0,-4196354228224.0,70.5,0.0,-0.0,0.0,1070,0,1071,0,0,0,1072,0,1081,0,997,0,639,0,640,0,635,0,678,0.032,6.198106008766409e+21,-0.0,-0.0,55056,16812,-4196354228224.0,-0.0,58785932.0,0.0,0.0,-209182221402112.0,50.0,60.0,35,0.0,0.0,10.0,2.0,0.0,0.0,0.0,0.0,0.0,0.0,0.0,0.0,0.0,0.0,0.0,0.0,58.8,54,11,65508,27,65476,0,300,0,0,8,20529,65476,0,0,30147,60.0,0.0,10.0,10.0,2.0,0.0
2026-02-16T12:06:26,ERR,ERR,ERR,ERR,ERR,ERR,ERR,ERR,ERR,ERR,ERR,ERR,ERR,ERR,ERR,ERR,ERR,ERR,ERR,ERR,ERR,ERR,ERR,ERR,ERR,ERR,ERR,ERR,ERR,ERR,ERR,ERR,ERR,ERR,ERR,ERR,ERR,ERR,ERR,ERR,ERR,ERR,ERR,ERR,ERR,ERR,ERR,ERR,ERR,ERR,ERR,ERR,ERR,ERR,ERR,ERR,ERR,ERR,ERR,ERR,ERR,ERR,ERR,ERR,ERR,ERR,ERR,ERR,ERR,ERR,ERR,ERR,ERR,ERR,ERR,ERR,ERR,ERR,ERR,ERR,ERR,ERR,ERR,ERR,ERR,ERR,ERR,ERR,ERR,ERR,ERR,ERR,ERR,ERR,ERR,ERR,ERR,ERR,ERR,ERR,ERR,ERR,ERR,ERR,ERR,ERR,ERR,ERR,ERR,ERR,ERR,ERR,ERR,ERR,ERR,ERR,ERR,ERR,ERR,ERR,ERR,ERR,ERR,ERR,ERR,-0.0,-0.0,-107089984.0,-0.0,-0.0,0.0,0.0,0.0,4300,0,8,17171,4300,-0.0,40,0.0,0.0,-0.0,0.0,-0.0,0,0,0,0,0.0,0,0,0,0,0,0,0,0,0,0,0,0,0,0,0,0,0,0,0,0,0,0,0,0,0,0,0,0,0,0,0,0,0,11,36,36,47,65476,396,65476,1,0,4,21553,0.0,2.7183305813883192e+23,7.830949104064366e+21,0.0,0.0,0.0,0.0,0.0,0.0,0.0,0.0,0.0,0.0,0.0,0.0,0.0,0.0,0.0,0.0,0.0,0.0,2.004,-0.0,3.697081460117733e+19,-2.004,2.004,0.0,0.0,0.0,0.0,6562.0,2.4230020278207133e+24,0.0,2.718442270659078e+23,-0.0,2.718449836706452e+23,-0.0,0.0,0.0,2.004,2.004,223,-71.629,4.95042434246788e+32,0.0,0.0,0.0,0.0,0.0,0.0,0.0,0,0,0,-8.079940966863077e+18,0.0,2.600411571336982e+23,0.0,3.1447590869076864e+35,0.0,-0.0,0.0,-0.0,-4.1842772614085345e+18,-0.0,14865.54,0.0,0.0,0.0,0.0,0,1.3516416376850534e+27,223,0.0,446,0.0,-1881180032.0,2114,26215,17110,13107,17112,26215,17095,0,0,0,101,100,100,0.0,63.5,0.0,64.3,-0.0,63.75,1,49,50,180,0,13107,0,0,0.0,0.0,0.0,60.0,-4196354228224.0,70.5,0.0,-0.0,0.0,1070,0,1071,0,0,0,1072,0,1081,0,997,0,639,0,640,0,635,0,678,0.032,6.198106008766409e+21,-0.0,-0.0,55056,16812,-4196354228224.0,-0.0,58785932.0,0.0,0.0,-209182221402112.0,50.0,60.0,35,0.0,0.0,10.0,2.0,0.0,0.0,0.0,0.0,0.0,0.0,0.0,0.0,0.0,0.0,0.0,0.0,58.8,54,11,65508,27,65476,0,300,0,0,8,20529,65476,0,0,30147,60.0,0.0,10.0,10.0,2.0,0.0
2026-02-16T12:06:27,ERR,ERR,ERR,ERR,ERR,ERR,ERR,ERR,ERR,ERR,ERR,ERR,ERR,ERR,ERR,ERR,ERR,ERR,ERR,ERR,ERR,ERR,ERR,ERR,ERR,ERR,ERR,ERR,ERR,ERR,ERR,ERR,ERR,ERR,ERR,ERR,ERR,ERR,ERR,ERR,ERR,ERR,ERR,ERR,ERR,ERR,ERR,ERR,ERR,ERR,ERR,ERR,ERR,ERR,ERR,ERR,ERR,ERR,ERR,ERR,ERR,ERR,ERR,ERR,ERR,ERR,ERR,ERR,ERR,ERR,ERR,ERR,ERR,ERR,ERR,ERR,ERR,ERR,ERR,ERR,ERR,ERR,ERR,ERR,ERR,ERR,ERR,ERR,ERR,ERR,ERR,ERR,ERR,ERR,ERR,ERR,ERR,ERR,ERR,ERR,ERR,ERR,ERR,ERR,ERR,ERR,ERR,ERR,ERR,ERR,ERR,ERR,ERR,ERR,ERR,ERR,ERR,ERR,ERR,ERR,ERR,ERR,ERR,ERR,ERR,-0.0,-0.0,-107089984.0,-0.0,-0.0,0.0,0.0,0.0,4300,0,8,17171,4300,-0.0,40,0.0,0.0,-0.0,0.0,-0.0,0,0,0,0,0.0,0,0,0,0,0,0,0,0,0,0,0,0,0,0,0,0,0,0,0,0,0,0,0,0,0,0,0,0,0,0,0,0,0,11,36,36,47,65476,396,65476,1,0,4,21553,0.0,2.7183305813883192e+23,7.830949104064366e+21,0.0,0.0,0.0,0.0,0.0,0.0,0.0,0.0,0.0,0.0,0.0,0.0,0.0,0.0,0.0,0.0,0.0,0.0,2.004,-0.0,3.697081460117733e+19,-2.004,2.004,0.0,0.0,0.0,0.0,6562.0,2.4230020278207133e+24,0.0,2.718442270659078e+23,-0.0,2.718449836706452e+23,-0.0,0.0,0.0,2.004,2.004,223,-71.629,4.95042434246788e+32,0.0,0.0,0.0,0.0,0.0,0.0,0.0,0,0,0,-8.079940966863077e+18,0.0,2.600411571336982e+23,0.0,3.1447590869076864e+35,0.0,-0.0,0.0,-0.0,-4.1842772614085345e+18,-0.0,14865.54,0.0,0.0,0.0,0.0,0,1.3516416376850534e+27,223,0.0,446,0.0,-1881180032.0,2114,26215,17110,13107,17112,26215,17095,0,0,0,101,100,100,0.0,63.5,0.0,64.3,-0.0,63.75,1,49,50,180,0,13107,0,0,0.0,0.0,0.0,60.0,-4196354228224.0,70.5,0.0,-0.0,0.0,1070,0,1071,0,0,0,1072,0,1081,0,997,0,639,0,640,0,635,0,678,0.032,6.198106008766409e+21,-0.0,-0.0,55056,16812,-4196354228224.0,-0.0,58785932.0,0.0,0.0,-209182221402112.0,50.0,60.0,35,0.0,0.0,10.0,2.0,0.0,0.0,0.0,0.0,0.0,0.0,0.0,0.0,0.0,0.0,0.0,0.0,58.8,54,11,65508,27,65476,0,300,0,0,8,20529,65476,0,0,30147,60.0,0.0,10.0,10.0,2.0,0.0
2026-02-16T12:06:28,ERR,ERR,ERR,ERR,ERR,ERR,ERR,ERR,ERR,ERR,ERR,ERR,ERR,ERR,ERR,ERR,ERR,ERR,ERR,ERR,ERR,ERR,ERR,ERR,ERR,ERR,ERR,ERR,ERR,ERR,ERR,ERR,ERR,ERR,ERR,ERR,ERR,ERR,ERR,ERR,ERR,ERR,ERR,ERR,ERR,ERR,ERR,ERR,ERR,ERR,ERR,ERR,ERR,ERR,ERR,ERR,ERR,ERR,ERR,ERR,ERR,ERR,ERR,ERR,ERR,ERR,ERR,ERR,ERR,ERR,ERR,ERR,ERR,ERR,ERR,ERR,ERR,ERR,ERR,ERR,ERR,ERR,ERR,ERR,ERR,ERR,ERR,ERR,ERR,ERR,ERR,ERR,ERR,ERR,ERR,ERR,ERR,ERR,ERR,ERR,ERR,ERR,ERR,ERR,ERR,ERR,ERR,ERR,ERR,ERR,ERR,ERR,ERR,ERR,ERR,ERR,ERR,ERR,ERR,ERR,ERR,ERR,ERR,ERR,ERR,-0.0,-0.0,-107089984.0,-0.0,-0.0,0.0,-7.310661834464033e+34,0.0,4300,0,8,17171,4300,-0.0,39,0.0,0.0,-0.0,0.0,-0.0,0,0,0,0,0.0,0,0,0,0,0,0,0,0,0,0,0,0,0,0,0,0,0,0,0,0,0,0,0,0,0,0,0,0,0,0,0,0,0,12,36,36,47,65476,397,65476,1,0,4,21553,0.0,0.0,0.0,0.0,0.0,0.0,0.0,0.0,0.0,0.0,0.0,0.0,0.0,0.0,0.0,0.0,0.0,0.0,0.0,0.0,0.0,2.004,-0.0,3.697081460117733e+19,-2.004,2.004,0.0,0.0,0.0,0.0,6570.0,8608232448.0,0.0,-0.0,-0.0,2.718449836706452e+23,-0.0,0.0,0.0,2.004,2.004,222,-3.222002398308886e+26,2.3088384307314767e+20,0.0,0.0,0.0,0.0,0.0,0.0,0.0,0,0,0,-2724.215,0.0,321416704.0,0.634,1.0817963358357698e+23,-0.0,-0.0,0.0,-0.0,-4.4004500435223183e+18,-0.0,15697.54,0.0,0.0,0.0,-4.4671400561423554e+33,0,1.3516416376850534e+27,222,0.0,444,-0.0,0.0,2114,26215,17110,13107,17112,26215,17095,0,0,0,101,100,100,0.0,63.5,0.0,64.3,-0.0,63.75,1,49,50,180,0,13107,0,0,0.0,0.0,0.0,60.0,-4196354228224.0,70.5,0.0,-0.0,0.0,1070,0,1071,0,0,0,1072,0,1081,0,997,0,639,0,640,0,635,0,678,0.032,6.198106008766409e+21,-0.0,-0.0,55056,16812,-4196354228224.0,-0.0,58785932.0,0.0,0.0,-209182221402112.0,50.0,60.0,35,0.0,0.0,10.0,2.0,0.0,0.0,0.0,0.0,0.0,0.0,0.0,0.0,0.0,0.0,0.0,0.0,58.8,54,11,65508,27,65476,0,300,0,0,8,20529,65476,0,0,30147,60.0,0.0,10.0,10.0,2.0,0.0
2026-02-16T12:06:29,ERR,ERR,ERR,ERR,ERR,ERR,ERR,ERR,ERR,ERR,ERR,ERR,ERR,ERR,ERR,ERR,ERR,ERR,ERR,ERR,ERR,ERR,ERR,ERR,ERR,ERR,ERR,ERR,ERR,ERR,ERR,ERR,ERR,ERR,ERR,ERR,ERR,ERR,ERR,ERR,ERR,ERR,ERR,ERR,ERR,ERR,ERR,ERR,ERR,ERR,ERR,ERR,ERR,ERR,ERR,ERR,ERR,ERR,ERR,ERR,ERR,ERR,ERR,ERR,ERR,ERR,ERR,ERR,ERR,ERR,ERR,ERR,ERR,ERR,ERR,ERR,ERR,ERR,ERR,ERR,ERR,ERR,ERR,ERR,ERR,ERR,ERR,ERR,ERR,ERR,ERR,ERR,ERR,ERR,ERR,ERR,ERR,ERR,ERR,ERR,ERR,ERR,ERR,ERR,ERR,ERR,ERR,ERR,ERR,ERR,ERR,ERR,ERR,ERR,ERR,ERR,ERR,ERR,ERR,ERR,ERR,ERR,ERR,ERR,ERR,-0.0,-0.0,-107089984.0,-0.0,-0.0,0.0,-7.310661834464033e+34,0.0,4300,0,8,17171,4300,-0.0,39,0.0,0.0,-0.0,0.0,-0.0,0,0,0,0,0.0,0,0,0,0,0,0,0,0,0,0,0,0,0,0,0,0,0,0,0,0,0,0,0,0,0,0,0,0,0,0,0,0,0,12,36,36,47,65476,397,65476,1,0,4,21553,0.0,0.0,0.0,0.0,0.0,0.0,0.0,0.0,0.0,0.0,0.0,0.0,0.0,0.0,0.0,0.0,0.0,0.0,0.0,0.0,0.0,2.004,-0.0,3.697081460117733e+19,-2.004,2.004,0.0,0.0,0.0,0.0,6570.0,8608232448.0,0.0,-0.0,-0.0,2.718449836706452e+23,-0.0,0.0,0.0,2.004,2.004,222,-3.222002398308886e+26,2.3088384307314767e+20,0.0,0.0,0.0,0.0,0.0,0.0,0.0,0,0,0,-2724.215,0.0,321416704.0,0.634,1.0817963358357698e+23,-0.0,-0.0,0.0,-0.0,-4.4004500435223183e+18,-0.0,15697.54,0.0,0.0,0.0,-4.4671400561423554e+33,0,1.3516416376850534e+27,222,0.0,444,-0.0,0.0,2114,26215,17110,13107,17112,26215,17095,0,0,0,101,100,100,0.0,63.5,0.0,64.3,-0.0,63.75,1,49,50,180,0,13107,0,0,0.0,0.0,0.0,60.0,-8405645.0,70.5,0.0,-0.0,0.0,1070,0,1071,0,0,0,1072,0,1081,0,997,0,639,0,640,0,635,0,677,0.032,6.198106008766409e+21,-0.0,-0.0,55952,16812,-0.01,-0.0,0.0,-0.057,-889.025,-0.0,50.0,60.0,35,0.0,0.0,10.0,2.0,0.0,0.0,0.0,0.0,0.0,0.0,0.0,0.0,0.0,0.0,0.0,0.0,58.8,54,11,65509,27,65476,0,300,0,0,8,20529,65476,0,0,30147,60.0,0.0,10.0,10.0,2.0,0.0
2026-02-16T12:06:30,ERR,ERR,ERR,ERR,ERR,ERR,ERR,ERR,ERR,ERR,ERR,ERR,ERR,ERR,ERR,ERR,ERR,ERR,ERR,ERR,ERR,ERR,ERR,ERR,ERR,ERR,ERR,ERR,ERR,ERR,ERR,ERR,ERR,ERR,ERR,ERR,ERR,ERR,ERR,ERR,ERR,ERR,ERR,ERR,ERR,ERR,ERR,ERR,ERR,ERR,ERR,ERR,ERR,ERR,ERR,ERR,ERR,ERR,ERR,ERR,ERR,ERR,ERR,ERR,ERR,ERR,ERR,ERR,ERR,ERR,ERR,ERR,ERR,ERR,ERR,ERR,ERR,ERR,ERR,ERR,ERR,ERR,ERR,ERR,ERR,ERR,ERR,ERR,ERR,ERR,ERR,ERR,ERR,ERR,ERR,ERR,ERR,ERR,ERR,ERR,ERR,ERR,ERR,ERR,ERR,ERR,ERR,ERR,ERR,ERR,ERR,ERR,ERR,ERR,ERR,ERR,ERR,ERR,ERR,ERR,ERR,ERR,ERR,ERR,ERR,-0.0,-0.0,-107089984.0,-0.0,-0.0,0.0,-7.310661834464033e+34,0.0,4300,0,8,17171,4300,-0.0,39,0.0,0.0,-0.0,0.0,-0.0,0,0,0,0,0.0,0,0,0,0,0,0,0,0,0,0,0,0,0,0,0,0,0,0,0,0,0,0,0,0,0,0,0,0,0,0,0,0,0,12,36,36,47,65476,397,65476,1,0,4,21553,0.0,0.0,0.0,0.0,0.0,0.0,0.0,0.0,0.0,0.0,0.0,0.0,0.0,0.0,0.0,0.0,0.0,0.0,0.0,0.0,0.0,2.004,-0.0,3.697081460117733e+19,-2.004,2.004,0.0,0.0,0.0,0.0,6570.0,8608232448.0,0.0,-0.0,-0.0,2.718449836706452e+23,-0.0,0.0,0.0,2.004,2.004,222,-3.222002398308886e+26,2.3088384307314767e+20,0.0,0.0,0.0,0.0,0.0,0.0,0.0,0,0,0,-2724.215,0.0,321416704.0,0.634,1.0817963358357698e+23,-0.0,-0.0,0.0,-0.0,-4.4004500435223183e+18,-0.0,15697.54,0.0,0.0,0.0,-4.4671400561423554e+33,0,1.3516416376850534e+27,222,0.0,444,-0.0,0.0,2114,26215,17110,13107,17112,26215,17095,0,0,0,101,100,100,0.0,63.5,0.0,64.3,-0.0,63.75,1,49,50,180,0,13107,0,0,0.0,0.0,0.0,60.0,-8405645.0,70.5,0.0,-0.0,0.0,1070,0,1071,0,0,0,1072,0,1081,0,997,0,639,0,640,0,635,0,677,0.032,6.198106008766409e+21,-0.0,-0.0,55952,16812,-0.01,-0.0,0.0,-0.057,-889.025,-0.0,50.0,60.0,35,0.0,0.0,10.0,2.0,0.0,0.0,0.0,0.0,0.0,0.0,0.0,0.0,0.0,0.0,0.0,0.0,58.8,54,11,65509,27,65476,0,300,0,0,8,20529,65476,0,0,30147,60.0,0.0,10.0,10.0,2.0,0.0
2026-02-16T12:06:31,ERR,ERR,ERR,ERR,ERR,ERR,ERR,ERR,ERR,ERR,ERR,ERR,ERR,ERR,ERR,ERR,ERR,ERR,ERR,ERR,ERR,ERR,ERR,ERR,ERR,ERR,ERR,ERR,ERR,ERR,ERR,ERR,ERR,ERR,ERR,ERR,ERR,ERR,ERR,ERR,ERR,ERR,ERR,ERR,ERR,ERR,ERR,ERR,ERR,ERR,ERR,ERR,ERR,ERR,ERR,ERR,ERR,ERR,ERR,ERR,ERR,ERR,ERR,ERR,ERR,ERR,ERR,ERR,ERR,ERR,ERR,ERR,ERR,ERR,ERR,ERR,ERR,ERR,ERR,ERR,ERR,ERR,ERR,ERR,ERR,ERR,ERR,ERR,ERR,ERR,ERR,ERR,ERR,ERR,ERR,ERR,ERR,ERR,ERR,ERR,ERR,ERR,ERR,ERR,ERR,ERR,ERR,ERR,ERR,ERR,ERR,ERR,ERR,ERR,ERR,ERR,ERR,ERR,ERR,ERR,ERR,ERR,ERR,ERR,ERR,-0.0,-0.0,-107089984.0,-0.0,-0.0,0.0,-7.310661834464033e+34,0.0,4300,0,8,17171,4300,-0.0,39,0.0,0.0,-0.0,0.0,-0.0,0,0,0,0,0.0,0,0,0,0,0,0,0,0,0,0,0,0,0,0,0,0,0,0,0,0,0,0,0,0,0,0,0,0,0,0,0,0,0,12,36,36,47,65476,397,65476,1,0,4,21553,0.0,0.0,0.0,0.0,0.0,0.0,0.0,0.0,0.0,0.0,0.0,0.0,0.0,0.0,0.0,0.0,0.0,0.0,0.0,0.0,0.0,2.004,-0.0,3.697081460117733e+19,-2.004,2.004,0.0,0.0,0.0,0.0,6570.0,8608232448.0,0.0,-0.0,-0.0,2.718449836706452e+23,-0.0,0.0,0.0,2.004,2.004,222,-3.222002398308886e+26,2.3088384307314767e+20,0.0,0.0,0.0,0.0,0.0,0.0,0.0,0,0,0,-2724.215,0.0,321416704.0,0.634,1.0817963358357698e+23,-0.0,-0.0,0.0,-0.0,-4.4004500435223183e+18,-0.0,15697.54,0.0,0.0,0.0,-4.4671400561423554e+33,0,1.3516416376850534e+27,222,0.0,444,-0.0,0.0,2114,26215,17110,13107,17112,26215,17095,0,0,0,101,100,100,0.0,63.5,0.0,64.3,-0.0,63.75,1,49,50,180,0,13107,0,0,0.0,0.0,0.0,60.0,-8405645.0,70.5,0.0,-0.0,0.0,1070,0,1071,0,0,0,1072,0,1081,0,997,0,639,0,640,0,635,0,677,0.032,6.198106008766409e+21,-0.0,-0.0,55952,16812,-0.01,-0.0,0.0,-0.057,-889.025,-0.0,50.0,60.0,35,0.0,0.0,10.0,2.0,0.0,0.0,0.0,0.0,0.0,0.0,0.0,0.0,0.0,0.0,0.0,0.0,58.8,54,11,65509,27,65476,0,300,0,0,8,20529,65476,0,0,30147,60.0,0.0,10.0,10.0,2.0,0.0
2026-02-16T12:06:32,ERR,ERR,ERR,ERR,ERR,ERR,ERR,ERR,ERR,ERR,ERR,ERR,ERR,ERR,ERR,ERR,ERR,ERR,ERR,ERR,ERR,ERR,ERR,ERR,ERR,ERR,ERR,ERR,ERR,ERR,ERR,ERR,ERR,ERR,ERR,ERR,ERR,ERR,ERR,ERR,ERR,ERR,ERR,ERR,ERR,ERR,ERR,ERR,ERR,ERR,ERR,ERR,ERR,ERR,ERR,ERR,ERR,ERR,ERR,ERR,ERR,ERR,ERR,ERR,ERR,ERR,ERR,ERR,ERR,ERR,ERR,ERR,ERR,ERR,ERR,ERR,ERR,ERR,ERR,ERR,ERR,ERR,ERR,ERR,ERR,ERR,ERR,ERR,ERR,ERR,ERR,ERR,ERR,ERR,ERR,ERR,ERR,ERR,ERR,ERR,ERR,ERR,ERR,ERR,ERR,ERR,ERR,ERR,ERR,ERR,ERR,ERR,ERR,ERR,ERR,ERR,ERR,ERR,ERR,ERR,ERR,ERR,ERR,ERR,ERR,-0.0,-0.0,-107089984.0,-0.0,-0.0,0.0,-7.310661834464033e+34,0.0,4300,0,8,17171,4300,-0.0,39,0.0,0.0,-0.0,0.0,-0.0,0,0,0,0,0.0,0,0,0,0,0,0,0,0,0,0,0,0,0,0,0,0,0,0,0,0,0,0,0,0,0,0,0,0,0,0,0,0,0,12,36,36,47,65476,397,65476,1,0,4,21553,0.0,0.0,0.0,0.0,0.0,0.0,0.0,0.0,0.0,0.0,0.0,0.0,0.0,0.0,0.0,0.0,0.0,0.0,0.0,0.0,0.0,2.004,-0.0,3.697081460117733e+19,-2.004,2.004,0.0,0.0,0.0,0.0,6570.0,8608232448.0,0.0,-0.0,-0.0,2.718449836706452e+23,-0.0,0.0,0.0,2.004,2.004,222,-3.222002398308886e+26,2.3088384307314767e+20,0.0,0.0,0.0,0.0,0.0,0.0,0.0,0,0,0,-2724.215,0.0,321416704.0,0.634,1.0817963358357698e+23,-0.0,-0.0,0.0,-0.0,-4.4004500435223183e+18,-0.0,15697.54,0.0,0.0,0.0,-4.4671400561423554e+33,0,1.3516416376850534e+27,222,0.0,444,-0.0,0.0,2114,26215,17110,13107,17112,26215,17095,0,0,0,101,100,100,0.0,63.5,0.0,64.3,-0.0,63.75,1,49,50,180,0,13107,0,0,0.0,0.0,0.0,60.0,-134357295104.0,70.5,0.0,9.065147035961996e+19,0.0,1070,0,1071,0,0,0,1072,0,1081,0,997,0,639,0,640,0,635,0,677,0.032,6.198106008766409e+21,2.004,2.73023467606737e+23,61328,16812,-339221248212992.0,9.065147035961996e+19,0.0,0.02,-6.953727791166358e+37,-2548.002,50.0,60.0,35,0.0,0.0,10.0,2.0,0.0,0.0,0.0,0.0,0.0,0.0,0.0,0.0,0.0,0.0,0.0,0.0,59.2,54,11,65509,27,65476,0,300,0,0,8,20529,65476,0,0,30147,60.0,0.0,10.0,10.0,2.0,0.0
2026-02-16T12:06:33,ERR,ERR,ERR,ERR,ERR,ERR,ERR,ERR,ERR,ERR,ERR,ERR,ERR,ERR,ERR,ERR,ERR,ERR,ERR,ERR,ERR,ERR,ERR,ERR,ERR,ERR,ERR,ERR,ERR,ERR,ERR,ERR,ERR,ERR,ERR,ERR,ERR,ERR,ERR,ERR,ERR,ERR,ERR,ERR,ERR,ERR,ERR,ERR,ERR,ERR,ERR,ERR,ERR,ERR,ERR,ERR,ERR,ERR,ERR,ERR,ERR,ERR,ERR,ERR,ERR,ERR,ERR,ERR,ERR,ERR,ERR,ERR,ERR,ERR,ERR,ERR,ERR,ERR,ERR,ERR,ERR,ERR,ERR,ERR,ERR,ERR,ERR,ERR,ERR,ERR,ERR,ERR,ERR,ERR,ERR,ERR,ERR,ERR,ERR,ERR,ERR,ERR,ERR,ERR,ERR,ERR,ERR,ERR,ERR,ERR,ERR,ERR,ERR,ERR,ERR,ERR,ERR,ERR,ERR,ERR,ERR,ERR,ERR,ERR,ERR,-0.0,-0.0,-107089984.0,-0.0,-0.0,0.0,-4.083148535669385e+35,0.0,4300,0,8,17171,4300,-0.0,40,0.0,0.0,-0.0,0.0,-0.0,0,0,0,0,0.0,0,0,0,0,0,0,0,0,0,0,0,0,0,0,0,0,0,0,0,0,0,0,0,0,0,0,0,0,0,0,0,0,0,12,36,36,47,65476,400,65476,1,0,4,21553,0.0,-0.0,-0.0,0.0,0.0,0.0,0.0,0.0,0.0,0.0,0.0,0.0,0.0,0.0,0.0,0.0,0.0,0.0,0.0,0.0,0.0,2.004,-0.0,3.697081460117733e+19,-2.004,-0.0,0.0,0.0,0.0,0.0,6566.0,-0.0,0.0,-0.0,-0.0,2.718449836706452e+23,0.0,-0.0,0.0,2.004,2.004,224,-3.222002398308886e+26,-0.0,0.0,0.0,0.0,0.0,0.0,0.0,0.0,0,0,0,-6949717934080.0,-0.0,8702065115136.0,-0.0,1.6267861934611473e+30,-413982569529344.0,-1948452736.0,0.0,-0.0,-4.621559632844816e+18,-0.0,16547.08,0.0,0.0,0.0,0.0,0,1.3516416376850534e+27,224,0.0,448,0.0,-1881180032.0,2114,26215,17110,13107,17112,26215,17095,0,0,0,101,100,100,0.0,63.5,0.0,64.3,-0.0,63.75,1,49,50,180,0,13107,0,0,0.0,0.0,0.0,60.0,-134357295104.0,70.5,0.0,9.065147035961996e+19,0.0,1070,0,1071,0,0,0,1072,0,1081,0,997,0,639,0,640,0,635,0,677,0.032,6.198106008766409e+21,2.004,2.73023467606737e+23,61328,16812,-339221248212992.0,9.065147035961996e+19,0.0,0.02,-6.953727791166358e+37,-2548.002,50.0,60.0,35,0.0,0.0,10.0,2.0,0.0,0.0,0.0,0.0,0.0,0.0,0.0,0.0,0.0,0.0,0.0,0.0,59.2,54,11,65509,27,65476,0,300,0,0,8,20529,65476,0,0,30147,60.0,0.0,10.0,10.0,2.0,0.0
2026-02-16T12:06:34,ERR,ERR,ERR,ERR,ERR,ERR,ERR,ERR,ERR,ERR,ERR,ERR,ERR,ERR,ERR,ERR,ERR,ERR,ERR,ERR,ERR,ERR,ERR,ERR,ERR,ERR,ERR,ERR,ERR,ERR,ERR,ERR,ERR,ERR,ERR,ERR,ERR,ERR,ERR,ERR,ERR,ERR,ERR,ERR,ERR,ERR,ERR,ERR,ERR,ERR,ERR,ERR,ERR,ERR,ERR,ERR,ERR,ERR,ERR,ERR,ERR,ERR,ERR,ERR,ERR,ERR,ERR,ERR,ERR,ERR,ERR,ERR,ERR,ERR,ERR,ERR,ERR,ERR,ERR,ERR,ERR,ERR,ERR,ERR,ERR,ERR,ERR,ERR,ERR,ERR,ERR,ERR,ERR,ERR,ERR,ERR,ERR,ERR,ERR,ERR,ERR,ERR,ERR,ERR,ERR,ERR,ERR,ERR,ERR,ERR,ERR,ERR,ERR,ERR,ERR,ERR,ERR,ERR,ERR,ERR,ERR,ERR,ERR,ERR,ERR,-0.0,-0.0,-107089984.0,-0.0,-0.0,0.0,-4.083148535669385e+35,0.0,4300,0,8,17171,4300,-0.0,40,0.0,0.0,-0.0,0.0,-0.0,0,0,0,0,0.0,0,0,0,0,0,0,0,0,0,0,0,0,0,0,0,0,0,0,0,0,0,0,0,0,0,0,0,0,0,0,0,0,0,12,36,36,47,65476,400,65476,1,0,4,21553,0.0,-0.0,-0.0,0.0,0.0,0.0,0.0,0.0,0.0,0.0,0.0,0.0,0.0,0.0,0.0,0.0,0.0,0.0,0.0,0.0,0.0,2.004,-0.0,3.697081460117733e+19,-2.004,-0.0,0.0,0.0,0.0,0.0,6566.0,-0.0,0.0,-0.0,-0.0,2.718449836706452e+23,0.0,-0.0,0.0,2.004,2.004,224,-3.222002398308886e+26,-0.0,0.0,0.0,0.0,0.0,0.0,0.0,0.0,0,0,0,-6949717934080.0,-0.0,8702065115136.0,-0.0,1.6267861934611473e+30,-413982569529344.0,-1948452736.0,0.0,-0.0,-4.621559632844816e+18,-0.0,16547.08,0.0,0.0,0.0,0.0,0,1.3516416376850534e+27,224,0.0,448,0.0,-1881180032.0,2114,26215,17110,13107,17112,26215,17095,0,0,0,101,100,100,0.0,63.5,0.0,64.3,-0.0,63.75,1,49,50,180,0,13107,0,0,0.0,0.0,0.0,60.0,-134357295104.0,70.5,0.0,9.065147035961996e+19,0.0,1070,0,1071,0,0,0,1072,0,1081,0,997,0,639,0,640,0,635,0,677,0.032,6.198106008766409e+21,2.004,2.73023467606737e+23,61328,16812,-339221248212992.0,9.065147035961996e+19,0.0,0.02,-6.953727791166358e+37,-2548.002,50.0,60.0,35,0.0,0.0,10.0,2.0,0.0,0.0,0.0,0.0,0.0,0.0,0.0,0.0,0.0,0.0,0.0,0.0,59.2,54,11,65509,27,65476,0,300,0,0,8,20529,65476,0,0,30147,60.0,0.0,10.0,10.0,2.0,0.0
2026-02-16T12:06:35,ERR,ERR,ERR,ERR,ERR,ERR,ERR,ERR,ERR,ERR,ERR,ERR,ERR,ERR,ERR,ERR,ERR,ERR,ERR,ERR,ERR,ERR,ERR,ERR,ERR,ERR,ERR,ERR,ERR,ERR,ERR,ERR,ERR,ERR,ERR,ERR,ERR,ERR,ERR,ERR,ERR,ERR,ERR,ERR,ERR,ERR,ERR,ERR,ERR,ERR,ERR,ERR,ERR,ERR,ERR,ERR,ERR,ERR,ERR,ERR,ERR,ERR,ERR,ERR,ERR,ERR,ERR,ERR,ERR,ERR,ERR,ERR,ERR,ERR,ERR,ERR,ERR,ERR,ERR,ERR,ERR,ERR,ERR,ERR,ERR,ERR,ERR,ERR,ERR,ERR,ERR,ERR,ERR,ERR,ERR,ERR,ERR,ERR,ERR,ERR,ERR,ERR,ERR,ERR,ERR,ERR,ERR,ERR,ERR,ERR,ERR,ERR,ERR,ERR,ERR,ERR,ERR,ERR,ERR,ERR,ERR,ERR,ERR,ERR,ERR,-0.0,-0.0,-107089984.0,-0.0,-0.0,0.0,-4.083148535669385e+35,0.0,4300,0,8,17171,4300,-0.0,40,0.0,0.0,-0.0,0.0,-0.0,0,0,0,0,0.0,0,0,0,0,0,0,0,0,0,0,0,0,0,0,0,0,0,0,0,0,0,0,0,0,0,0,0,0,0,0,0,0,0,12,36,36,47,65476,400,65476,1,0,4,21553,0.0,-0.0,-0.0,0.0,0.0,0.0,0.0,0.0,0.0,0.0,0.0,0.0,0.0,0.0,0.0,0.0,0.0,0.0,0.0,0.0,0.0,2.004,-0.0,3.697081460117733e+19,-2.004,-0.0,0.0,0.0,0.0,0.0,6566.0,-0.0,0.0,-0.0,-0.0,2.718449836706452e+23,0.0,-0.0,0.0,2.004,2.004,224,-3.222002398308886e+26,-0.0,0.0,0.0,0.0,0.0,0.0,0.0,0.0,0,0,0,-6949717934080.0,-0.0,8702065115136.0,-0.0,1.6267861934611473e+30,-413982569529344.0,-1948452736.0,0.0,-0.0,-4.621559632844816e+18,-0.0,16547.08,0.0,0.0,0.0,0.0,0,1.3516416376850534e+27,224,0.0,448,0.0,-1881180032.0,2114,26215,17110,13107,17112,26215,17095,0,0,0,101,100,100,0.0,63.5,0.0,64.3,-0.0,63.75,1,49,50,180,0,13107,0,0,0.0,0.0,0.0,60.0,-68790935093248.0,70.5,0.0,0.0,0.0,1070,0,1071,0,0,0,1072,0,1081,0,997,0,639,0,640,0,635,0,677,0.032,6.198106008766409e+21,2.004,2.73023467606737e+23,55568,16812,-68790935093248.0,0.0,-2.6905949755408756e+32,-9.165896253985343e+20,-0.0,-0.0,50.0,60.0,35,0.0,0.0,10.0,2.0,0.0,0.0,0.0,0.0,0.0,0.0,0.0,0.0,0.0,0.0,0.0,0.0,59.2,54,11,65509,27,65476,0,300,0,0,8,20529,65476,0,0,30147,60.0,0.0,10.0,10.0,2.0,0.0
2026-02-16T12:06:36,ERR,ERR,ERR,ERR,ERR,ERR,ERR,ERR,ERR,ERR,ERR,ERR,ERR,ERR,ERR,ERR,ERR,ERR,ERR,ERR,ERR,ERR,ERR,ERR,ERR,ERR,ERR,ERR,ERR,ERR,ERR,ERR,ERR,ERR,ERR,ERR,ERR,ERR,ERR,ERR,ERR,ERR,ERR,ERR,ERR,ERR,ERR,ERR,ERR,ERR,ERR,ERR,ERR,ERR,ERR,ERR,ERR,ERR,ERR,ERR,ERR,ERR,ERR,ERR,ERR,ERR,ERR,ERR,ERR,ERR,ERR,ERR,ERR,ERR,ERR,ERR,ERR,ERR,ERR,ERR,ERR,ERR,ERR,ERR,ERR,ERR,ERR,ERR,ERR,ERR,ERR,ERR,ERR,ERR,ERR,ERR,ERR,ERR,ERR,ERR,ERR,ERR,ERR,ERR,ERR,ERR,ERR,ERR,ERR,ERR,ERR,ERR,ERR,ERR,ERR,ERR,ERR,ERR,ERR,ERR,ERR,ERR,ERR,ERR,ERR,-0.0,-0.0,-107089984.0,-0.0,-0.0,0.0,-4.083148535669385e+35,0.0,4300,0,8,17171,4300,-0.0,40,0.0,0.0,-0.0,0.0,-0.0,0,0,0,0,0.0,0,0,0,0,0,0,0,0,0,0,0,0,0,0,0,0,0,0,0,0,0,0,0,0,0,0,0,0,0,0,0,0,0,12,36,36,47,65476,400,65476,1,0,4,21553,0.0,-0.0,-0.0,0.0,0.0,0.0,0.0,0.0,0.0,0.0,0.0,0.0,0.0,0.0,0.0,0.0,0.0,0.0,0.0,0.0,0.0,2.004,-0.0,3.697081460117733e+19,-2.004,-0.0,0.0,0.0,0.0,0.0,6566.0,-0.0,0.0,-0.0,-0.0,2.718449836706452e+23,0.0,-0.0,0.0,2.004,2.004,224,-3.222002398308886e+26,-0.0,0.0,0.0,0.0,0.0,0.0,0.0,0.0,0,0,0,-6949717934080.0,-0.0,8702065115136.0,-0.0,1.6267861934611473e+30,-413982569529344.0,-1948452736.0,0.0,-0.0,-4.621559632844816e+18,-0.0,16547.08,0.0,0.0,0.0,0.0,0,1.3516416376850534e+27,224,0.0,448,0.0,-1881180032.0,2114,26215,17110,13107,17112,26215,17095,0,0,0,101,100,100,0.0,63.5,0.0,64.3,-0.0,63.75,1,49,50,180,0,13107,0,0,0.0,0.0,0.0,60.0,-68790935093248.0,70.5,0.0,0.0,0.0,1070,0,1071,0,0,0,1072,0,1081,0,997,0,639,0,640,0,635,0,677,0.032,6.198106008766409e+21,2.004,2.73023467606737e+23,55568,16812,-68790935093248.0,0.0,-2.6905949755408756e+32,-9.165896253985343e+20,-0.0,-0.0,50.0,60.0,35,0.0,0.0,10.0,2.0,0.0,0.0,0.0,0.0,0.0,0.0,0.0,0.0,0.0,0.0,0.0,0.0,59.2,54,11,65509,27,65476,0,300,0,0,8,20529,65476,0,0,30147,60.0,0.0,10.0,10.0,2.0,0.0
2026-02-16T12:06:37,ERR,ERR,ERR,ERR,ERR,ERR,ERR,ERR,ERR,ERR,ERR,ERR,ERR,ERR,ERR,ERR,ERR,ERR,ERR,ERR,ERR,ERR,ERR,ERR,ERR,ERR,ERR,ERR,ERR,ERR,ERR,ERR,ERR,ERR,ERR,ERR,ERR,ERR,ERR,ERR,ERR,ERR,ERR,ERR,ERR,ERR,ERR,ERR,ERR,ERR,ERR,ERR,ERR,ERR,ERR,ERR,ERR,ERR,ERR,ERR,ERR,ERR,ERR,ERR,ERR,ERR,ERR,ERR,ERR,ERR,ERR,ERR,ERR,ERR,ERR,ERR,ERR,ERR,ERR,ERR,ERR,ERR,ERR,ERR,ERR,ERR,ERR,ERR,ERR,ERR,ERR,ERR,ERR,ERR,ERR,ERR,ERR,ERR,ERR,ERR,ERR,ERR,ERR,ERR,ERR,ERR,ERR,ERR,ERR,ERR,ERR,ERR,ERR,ERR,ERR,ERR,ERR,ERR,ERR,ERR,ERR,ERR,ERR,ERR,ERR,-0.0,-0.0,-107089984.0,-0.0,-0.0,0.0,-4.083148535669385e+35,0.0,4300,0,8,17171,4300,-0.0,40,0.0,0.0,-0.0,0.0,-0.0,0,0,0,0,0.0,0,0,0,0,0,0,0,0,0,0,0,0,0,0,0,0,0,0,0,0,0,0,0,0,0,0,0,0,0,0,0,0,0,12,36,36,47,65476,400,65476,1,0,4,21553,0.0,-0.0,-0.0,0.0,0.0,0.0,0.0,0.0,0.0,0.0,0.0,0.0,0.0,0.0,0.0,0.0,0.0,0.0,0.0,0.0,0.0,2.004,-0.0,3.697081460117733e+19,-2.004,-0.0,0.0,0.0,0.0,0.0,6566.0,-0.0,0.0,-0.0,-0.0,2.718449836706452e+23,0.0,-0.0,0.0,2.004,2.004,224,-3.222002398308886e+26,-0.0,0.0,0.0,0.0,0.0,0.0,0.0,0.0,0,0,0,-6949717934080.0,-0.0,8702065115136.0,-0.0,1.6267861934611473e+30,-413982569529344.0,-1948452736.0,0.0,-0.0,-4.621559632844816e+18,-0.0,16547.08,0.0,0.0,0.0,0.0,0,1.3516416376850534e+27,224,0.0,448,0.0,-1881180032.0,2114,26215,17110,13107,17112,26215,17095,0,0,0,101,100,100,0.0,63.5,0.0,64.3,-0.0,63.75,1,49,50,180,0,13107,0,0,0.0,0.0,0.0,60.0,-68790935093248.0,70.5,0.0,0.0,0.0,1070,0,1071,0,0,0,1072,0,1081,0,997,0,639,0,640,0,635,0,677,0.032,6.198106008766409e+21,2.004,2.73023467606737e+23,55568,16812,-68790935093248.0,0.0,-2.6905949755408756e+32,-9.165896253985343e+20,-0.0,-0.0,50.0,60.0,35,0.0,0.0,10.0,2.0,0.0,0.0,0.0,0.0,0.0,0.0,0.0,0.0,0.0,0.0,0.0,0.0,58.8,54,11,65509,27,65476,0,300,0,0,8,20529,65476,0,0,30147,60.0,0.0,10.0,10.0,2.0,0.0
2026-02-16T12:06:38,ERR,ERR,ERR,ERR,ERR,ERR,ERR,ERR,ERR,ERR,ERR,ERR,ERR,ERR,ERR,ERR,ERR,ERR,ERR,ERR,ERR,ERR,ERR,ERR,ERR,ERR,ERR,ERR,ERR,ERR,ERR,ERR,ERR,ERR,ERR,ERR,ERR,ERR,ERR,ERR,ERR,ERR,ERR,ERR,ERR,ERR,ERR,ERR,ERR,ERR,ERR,ERR,ERR,ERR,ERR,ERR,ERR,ERR,ERR,ERR,ERR,ERR,ERR,ERR,ERR,ERR,ERR,ERR,ERR,ERR,ERR,ERR,ERR,ERR,ERR,ERR,ERR,ERR,ERR,ERR,ERR,ERR,ERR,ERR,ERR,ERR,ERR,ERR,ERR,ERR,ERR,ERR,ERR,ERR,ERR,ERR,ERR,ERR,ERR,ERR,ERR,ERR,ERR,ERR,ERR,ERR,ERR,ERR,ERR,ERR,ERR,ERR,ERR,ERR,ERR,ERR,ERR,ERR,ERR,ERR,ERR,ERR,ERR,ERR,ERR,-0.0,-0.0,-107089984.0,-0.0,-0.0,0.0,0.0,-2.318363874918626e+36,4300,0,8,17171,4300,-0.0,39,0.0,0.0,-0.0,0.0,-0.0,0,0,0,0,0.0,0,0,0,0,0,0,0,0,0,0,0,0,0,0,0,0,0,0,0,0,0,0,0,0,0,0,0,0,0,0,0,0,0,12,36,36,47,65476,400,65476,1,0,4,21553,0.0,2.7183305813883192e+23,-0.0,0.0,0.0,0.0,0.0,0.0,0.0,0.0,0.0,0.0,0.0,0.0,0.0,0.0,0.0,0.0,0.0,0.0,0.0,2.004,-0.0,3.697081460117733e+19,-2.004,0.0,0.0,0.0,0.0,0.0,6565.0,-0.0,0.0,-0.0,-0.0,2.718449836706452e+23,0.0,0.0,0.0,2.004,2.004,223,-2.30882787541985e+20,-0.0,0.0,0.0,0.0,0.0,0.0,0.0,0.0,0,0,0,-4.155376519107605e+21,-7.190156052379821e+23,6.665714476601311e+19,0.0,5.822211456547238e+35,4530421.0,-1.0560800437570683e+30,0.0,-0.0,-5.089933994091348e+18,-0.0,18211.08,0.0,0.0,0.0,156.247,0,1.3516416376850534e+27,223,0.0,446,-0.0,0.0,2114,26215,17110,13107,17112,26215,17095,0,0,0,101,100,100,0.0,63.5,0.0,64.3,-0.0,63.75,1,49,50,180,0,13107,0,0,0.0,0.0,0.0,60.0,-68790935093248.0,70.5,0.0,0.0,0.0,1070,0,1071,0,0,0,1072,0,1081,0,997,0,639,0,640,0,635,0,677,0.032,6.198106008766409e+21,2.004,2.73023467606737e+23,55568,16812,-68790935093248.0,0.0,-2.6905949755408756e+32,-9.165896253985343e+20,-0.0,-0.0,50.0,60.0,35,0.0,0.0,10.0,2.0,0.0,0.0,0.0,0.0,0.0,0.0,0.0,0.0,0.0,0.0,0.0,0.0,58.8,54,11,65509,27,65476,0,300,0,0,8,20529,65476,0,0,30147,60.0,0.0,10.0,10.0,2.0,0.0
2026-02-16T12:06:39,ERR,ERR,ERR,ERR,ERR,ERR,ERR,ERR,ERR,ERR,ERR,ERR,ERR,ERR,ERR,ERR,ERR,ERR,ERR,ERR,ERR,ERR,ERR,ERR,ERR,ERR,ERR,ERR,ERR,ERR,ERR,ERR,ERR,ERR,ERR,ERR,ERR,ERR,ERR,ERR,ERR,ERR,ERR,ERR,ERR,ERR,ERR,ERR,ERR,ERR,ERR,ERR,ERR,ERR,ERR,ERR,ERR,ERR,ERR,ERR,ERR,ERR,ERR,ERR,ERR,ERR,ERR,ERR,ERR,ERR,ERR,ERR,ERR,ERR,ERR,ERR,ERR,ERR,ERR,ERR,ERR,ERR,ERR,ERR,ERR,ERR,ERR,ERR,ERR,ERR,ERR,ERR,ERR,ERR,ERR,ERR,ERR,ERR,ERR,ERR,ERR,ERR,ERR,ERR,ERR,ERR,ERR,ERR,ERR,ERR,ERR,ERR,ERR,ERR,ERR,ERR,ERR,ERR,ERR,ERR,ERR,ERR,ERR,ERR,ERR,-0.0,-0.0,-107089984.0,-0.0,-0.0,0.0,0.0,-2.318363874918626e+36,4300,0,8,17171,4300,-0.0,39,0.0,0.0,-0.0,0.0,-0.0,0,0,0,0,0.0,0,0,0,0,0,0,0,0,0,0,0,0,0,0,0,0,0,0,0,0,0,0,0,0,0,0,0,0,0,0,0,0,0,12,36,36,47,65476,400,65476,1,0,4,21553,0.0,2.7183305813883192e+23,-0.0,0.0,0.0,0.0,0.0,0.0,0.0,0.0,0.0,0.0,0.0,0.0,0.0,0.0,0.0,0.0,0.0,0.0,0.0,2.004,-0.0,3.697081460117733e+19,-2.004,0.0,0.0,0.0,0.0,0.0,6565.0,-0.0,0.0,-0.0,-0.0,2.718449836706452e+23,0.0,0.0,0.0,2.004,2.004,223,-2.30882787541985e+20,-0.0,0.0,0.0,0.0,0.0,0.0,0.0,0.0,0,0,0,-4.155376519107605e+21,-7.190156052379821e+23,6.665714476601311e+19,0.0,5.822211456547238e+35,4530421.0,-1.0560800437570683e+30,0.0,-0.0,-5.089933994091348e+18,-0.0,18211.08,0.0,0.0,0.0,156.247,0,1.3516416376850534e+27,223,0.0,446,-0.0,0.0,2114,26215,17110,13107,17112,13107,17095,0,0,0,101,100,100,0.0,63.5,0.0,64.3,-0.0,63.75,1,49,50,180,0,13107,0,0,0.0,0.0,0.0,60.0,-134357295104.0,70.5,0.0,0.0,0.0,1070,0,1071,0,0,0,1072,0,1081,0,996,0,639,0,640,0,635,0,676,0.032,6.198106008766409e+21,0.0,0.0,1168,16813,-28348153593856.0,-0.028,-0.0,-0.0,1.0291351819025412e+26,1409574980550656.0,50.0,60.0,35,0.0,0.0,10.0,2.0,0.0,0.0,0.0,0.0,0.0,0.0,0.0,0.0,0.0,0.0,0.0,0.0,58.8,54,11,65509,27,65476,0,300,0,0,8,20529,65476,0,0,30147,60.0,0.0,10.0,10.0,2.0,0.0
2026-02-16T12:06:40,ERR,ERR,ERR,ERR,ERR,ERR,ERR,ERR,ERR,ERR,ERR,ERR,ERR,ERR,ERR,ERR,ERR,ERR,ERR,ERR,ERR,ERR,ERR,ERR,ERR,ERR,ERR,ERR,ERR,ERR,ERR,ERR,ERR,ERR,ERR,ERR,ERR,ERR,ERR,ERR,ERR,ERR,ERR,ERR,ERR,ERR,ERR,ERR,ERR,ERR,ERR,ERR,ERR,ERR,ERR,ERR,ERR,ERR,ERR,ERR,ERR,ERR,ERR,ERR,ERR,ERR,ERR,ERR,ERR,ERR,ERR,ERR,ERR,ERR,ERR,ERR,ERR,ERR,ERR,ERR,ERR,ERR,ERR,ERR,ERR,ERR,ERR,ERR,ERR,ERR,ERR,ERR,ERR,ERR,ERR,ERR,ERR,ERR,ERR,ERR,ERR,ERR,ERR,ERR,ERR,ERR,ERR,ERR,ERR,ERR,ERR,ERR,ERR,ERR,ERR,ERR,ERR,ERR,ERR,ERR,ERR,ERR,ERR,ERR,ERR,-0.0,-0.0,-107089984.0,-0.0,-0.0,0.0,0.0,-2.318363874918626e+36,4300,0,8,17171,4300,-0.0,39,0.0,0.0,-0.0,0.0,-0.0,0,0,0,0,0.0,0,0,0,0,0,0,0,0,0,0,0,0,0,0,0,0,0,0,0,0,0,0,0,0,0,0,0,0,0,0,0,0,0,12,36,36,47,65476,400,65476,1,0,4,21553,0.0,2.7183305813883192e+23,-0.0,0.0,0.0,0.0,0.0,0.0,0.0,0.0,0.0,0.0,0.0,0.0,0.0,0.0,0.0,0.0,0.0,0.0,0.0,2.004,-0.0,3.697081460117733e+19,-2.004,0.0,0.0,0.0,0.0,0.0,6565.0,-0.0,0.0,-0.0,-0.0,2.718449836706452e+23,0.0,0.0,0.0,2.004,2.004,223,-2.30882787541985e+20,-0.0,0.0,0.0,0.0,0.0,0.0,0.0,0.0,0,0,0,-4.155376519107605e+21,-7.190156052379821e+23,6.665714476601311e+19,0.0,5.822211456547238e+35,4530421.0,-1.0560800437570683e+30,0.0,-0.0,-5.089933994091348e+18,-0.0,18211.08,0.0,0.0,0.0,156.247,0,1.3516416376850534e+27,223,0.0,446,-0.0,0.0,2114,26215,17110,13107,17112,13107,17095,0,0,0,101,100,100,0.0,63.5,0.0,64.3,-0.0,63.75,1,49,50,180,0,13107,0,0,0.0,0.0,0.0,60.0,-134357295104.0,70.5,0.0,0.0,0.0,1070,0,1071,0,0,0,1072,0,1081,0,996,0,639,0,640,0,635,0,676,0.032,6.198106008766409e+21,0.0,0.0,1168,16813,-28348153593856.0,-0.028,-0.0,-0.0,1.0291351819025412e+26,1409574980550656.0,50.0,60.0,35,0.0,0.0,10.0,2.0,0.0,0.0,0.0,0.0,0.0,0.0,0.0,0.0,0.0,0.0,0.0,0.0,58.8,54,11,65509,27,65476,0,300,0,0,8,20529,65476,0,0,30147,60.0,0.0,10.0,10.0,2.0,0.0
2026-02-16T12:06:41,ERR,ERR,ERR,ERR,ERR,ERR,ERR,ERR,ERR,ERR,ERR,ERR,ERR,ERR,ERR,ERR,ERR,ERR,ERR,ERR,ERR,ERR,ERR,ERR,ERR,ERR,ERR,ERR,ERR,ERR,ERR,ERR,ERR,ERR,ERR,ERR,ERR,ERR,ERR,ERR,ERR,ERR,ERR,ERR,ERR,ERR,ERR,ERR,ERR,ERR,ERR,ERR,ERR,ERR,ERR,ERR,ERR,ERR,ERR,ERR,ERR,ERR,ERR,ERR,ERR,ERR,ERR,ERR,ERR,ERR,ERR,ERR,ERR,ERR,ERR,ERR,ERR,ERR,ERR,ERR,ERR,ERR,ERR,ERR,ERR,ERR,ERR,ERR,ERR,ERR,ERR,ERR,ERR,ERR,ERR,ERR,ERR,ERR,ERR,ERR,ERR,ERR,ERR,ERR,ERR,ERR,ERR,ERR,ERR,ERR,ERR,ERR,ERR,ERR,ERR,ERR,ERR,ERR,ERR,ERR,ERR,ERR,ERR,ERR,ERR,-0.0,-0.0,-107089984.0,-0.0,-0.0,0.0,0.0,-2.318363874918626e+36,4300,0,8,17171,4300,-0.0,39,0.0,0.0,-0.0,0.0,-0.0,0,0,0,0,0.0,0,0,0,0,0,0,0,0,0,0,0,0,0,0,0,0,0,0,0,0,0,0,0,0,0,0,0,0,0,0,0,0,0,12,36,36,47,65476,400,65476,1,0,4,21553,0.0,2.7183305813883192e+23,-0.0,0.0,0.0,0.0,0.0,0.0,0.0,0.0,0.0,0.0,0.0,0.0,0.0,0.0,0.0,0.0,0.0,0.0,0.0,2.004,-0.0,3.697081460117733e+19,-2.004,0.0,0.0,0.0,0.0,0.0,6565.0,-0.0,0.0,-0.0,-0.0,2.718449836706452e+23,0.0,0.0,0.0,2.004,2.004,223,-2.30882787541985e+20,-0.0,0.0,0.0,0.0,0.0,0.0,0.0,0.0,0,0,0,-4.155376519107605e+21,-7.190156052379821e+23,6.665714476601311e+19,0.0,5.822211456547238e+35,4530421.0,-1.0560800437570683e+30,0.0,-0.0,-5.089933994091348e+18,-0.0,18211.08,0.0,0.0,0.0,156.247,0,1.3516416376850534e+27,223,0.0,446,-0.0,0.0,2114,26215,17110,13107,17112,13107,17095,0,0,0,101,100,100,0.0,63.5,0.0,64.3,-0.0,63.75,1,49,50,180,0,13107,0,0,0.0,0.0,0.0,60.0,-134357295104.0,70.5,0.0,0.0,0.0,1070,0,1071,0,0,0,1072,0,1081,0,996,0,639,0,640,0,635,0,676,0.032,6.198106008766409e+21,0.0,0.0,1168,16813,-28348153593856.0,-0.028,-0.0,-0.0,1.0291351819025412e+26,1409574980550656.0,50.0,60.0,35,0.0,0.0,10.0,2.0,0.0,0.0,0.0,0.0,0.0,0.0,0.0,0.0,0.0,0.0,0.0,0.0,58.8,54,11,65509,27,65476,0,300,0,0,8,20529,65476,0,0,30147,60.0,0.0,10.0,10.0,2.0,0.0
2026-02-16T12:06:42,ERR,ERR,ERR,ERR,ERR,ERR,ERR,ERR,ERR,ERR,ERR,ERR,ERR,ERR,ERR,ERR,ERR,ERR,ERR,ERR,ERR,ERR,ERR,ERR,ERR,ERR,ERR,ERR,ERR,ERR,ERR,ERR,ERR,ERR,ERR,ERR,ERR,ERR,ERR,ERR,ERR,ERR,ERR,ERR,ERR,ERR,ERR,ERR,ERR,ERR,ERR,ERR,ERR,ERR,ERR,ERR,ERR,ERR,ERR,ERR,ERR,ERR,ERR,ERR,ERR,ERR,ERR,ERR,ERR,ERR,ERR,ERR,ERR,ERR,ERR,ERR,ERR,ERR,ERR,ERR,ERR,ERR,ERR,ERR,ERR,ERR,ERR,ERR,ERR,ERR,ERR,ERR,ERR,ERR,ERR,ERR,ERR,ERR,ERR,ERR,ERR,ERR,ERR,ERR,ERR,ERR,ERR,ERR,ERR,ERR,ERR,ERR,ERR,ERR,ERR,ERR,ERR,ERR,ERR,ERR,ERR,ERR,ERR,ERR,ERR,2.718442270659078e+23,-0.0,0.0,-0.0,0.0,-0.0,-5.775663126042778e+29,-1.4434605276728716e+27,4300,0,8,17171,4300,-0.0,39,0.0,0.0,-0.0,0.0,-0.0,0,0,0,0,0.0,0,0,0,0,0,0,0,0,0,0,0,0,0,0,0,0,0,0,0,0,0,0,0,0,0,0,0,0,0,0,0,0,0,12,36,36,47,65476,403,65476,1,0,4,21553,0.0,-107610720.0,62786.121,0.0,0.0,0.0,0.0,0.0,0.0,0.0,0.0,0.0,0.0,0.0,0.0,0.0,0.0,0.0,0.0,0.0,0.0,2.004,-0.0,3.697081460117733e+19,-2.004,2.004,0.0,0.0,0.0,0.0,6567.0,-0.0,0.0,-0.0,-0.0,2.718449836706452e+23,-0.0,0.0,0.0,2.004,2.004,223,-4.950401131092143e+32,-0.0,0.0,0.0,0.0,0.0,0.0,0.0,0.0,0,0,0,-0.061,-4.461470427431009e+37,119863640064.0,6.652712443739604e+20,1.1290200006644663e+23,-0.001,0.0,15025667.0,-2.0142415916369044e+34,-5.522279558318916e+18,-0.0,19747.08,0.0,0.0,0.0,0.0,0,1.3516416376850534e+27,223,0.0,446,0.0,-1881180032.0,2114,26215,17110,13107,17112,26215,17095,0,0,0,101,100,100,0.0,63.5,0.0,64.3,-0.0,63.75,1,49,50,180,0,13107,0,0,0.0,0.0,0.0,60.0,-1.8033130889084404e+19,70.5,0.0,0.0,0.0,1070,0,1071,0,0,0,1072,0,1081,0,997,0,639,0,640,0,635,0,676,0.032,6.234999496913828e+21,0.0,0.0,6032,16813,-1.8033130889084404e+19,0.0,0.0,-0.0,-234350739456.0,-0.0,50.0,60.0,35,0.0,0.0,10.0,2.0,0.0,0.0,0.0,0.0,0.0,0.0,0.0,0.0,0.0,0.0,0.0,0.0,59.2,54,11,65509,27,65476,0,300,0,0,8,20529,65476,0,0,30147,60.0,0.0,10.0,10.0,2.0,0.0
2026-02-16T12:06:43,ERR,ERR,ERR,ERR,ERR,ERR,ERR,ERR,ERR,ERR,ERR,ERR,ERR,ERR,ERR,ERR,ERR,ERR,ERR,ERR,ERR,ERR,ERR,ERR,ERR,ERR,ERR,ERR,ERR,ERR,ERR,ERR,ERR,ERR,ERR,ERR,ERR,ERR,ERR,ERR,ERR,ERR,ERR,ERR,ERR,ERR,ERR,ERR,ERR,ERR,ERR,ERR,ERR,ERR,ERR,ERR,ERR,ERR,ERR,ERR,ERR,ERR,ERR,ERR,ERR,ERR,ERR,ERR,ERR,ERR,ERR,ERR,ERR,ERR,ERR,ERR,ERR,ERR,ERR,ERR,ERR,ERR,ERR,ERR,ERR,ERR,ERR,ERR,ERR,ERR,ERR,ERR,ERR,ERR,ERR,ERR,ERR,ERR,ERR,ERR,ERR,ERR,ERR,ERR,ERR,ERR,ERR,ERR,ERR,ERR,ERR,ERR,ERR,ERR,ERR,ERR,ERR,ERR,ERR,ERR,ERR,ERR,ERR,ERR,ERR,2.718442270659078e+23,-0.0,0.0,-0.0,0.0,-0.0,-5.775663126042778e+29,-1.4434605276728716e+27,4300,0,8,17171,4300,-0.0,39,0.0,0.0,-0.0,0.0,-0.0,0,0,0,0,0.0,0,0,0,0,0,0,0,0,0,0,0,0,0,0,0,0,0,0,0,0,0,0,0,0,0,0,0,0,0,0,0,0,0,12,36,36,47,65476,403,65476,1,0,4,21553,0.0,-107610720.0,62786.121,0.0,0.0,0.0,0.0,0.0,0.0,0.0,0.0,0.0,0.0,0.0,0.0,0.0,0.0,0.0,0.0,0.0,0.0,2.004,-0.0,3.697081460117733e+19,-2.004,2.004,0.0,0.0,0.0,0.0,6567.0,-0.0,0.0,-0.0,-0.0,2.718449836706452e+23,-0.0,0.0,0.0,2.004,2.004,223,-4.950401131092143e+32,-0.0,0.0,0.0,0.0,0.0,0.0,0.0,0.0,0,0,0,-0.061,-4.461470427431009e+37,119863640064.0,6.652712443739604e+20,1.1290200006644663e+23,-0.001,0.0,15025667.0,-2.0142415916369044e+34,-5.522279558318916e+18,-0.0,19747.08,0.0,0.0,0.0,0.0,0,1.3516416376850534e+27,223,0.0,446,0.0,-1881180032.0,2114,26215,17110,13107,17112,26215,17095,0,0,0,101,100,100,0.0,63.5,0.0,64.3,-0.0,63.75,1,49,50,180,0,13107,0,0,0.0,0.0,0.0,60.0,-1.8033130889084404e+19,70.5,0.0,0.0,0.0,1070,0,1071,0,0,0,1072,0,1081,0,997,0,639,0,640,0,635,0,676,0.032,6.234999496913828e+21,0.0,0.0,6032,16813,-1.8033130889084404e+19,0.0,0.0,-0.0,-234350739456.0,-0.0,50.0,60.0,35,0.0,0.0,10.0,2.0,0.0,0.0,0.0,0.0,0.0,0.0,0.0,0.0,0.0,0.0,0.0,0.0,59.2,54,11,65509,27,65476,0,300,0,0,8,20529,65476,0,0,30147,60.0,0.0,10.0,10.0,2.0,0.0
2026-02-16T12:06:44,ERR,ERR,ERR,ERR,ERR,ERR,ERR,ERR,ERR,ERR,ERR,ERR,ERR,ERR,ERR,ERR,ERR,ERR,ERR,ERR,ERR,ERR,ERR,ERR,ERR,ERR,ERR,ERR,ERR,ERR,ERR,ERR,ERR,ERR,ERR,ERR,ERR,ERR,ERR,ERR,ERR,ERR,ERR,ERR,ERR,ERR,ERR,ERR,ERR,ERR,ERR,ERR,ERR,ERR,ERR,ERR,ERR,ERR,ERR,ERR,ERR,ERR,ERR,ERR,ERR,ERR,ERR,ERR,ERR,ERR,ERR,ERR,ERR,ERR,ERR,ERR,ERR,ERR,ERR,ERR,ERR,ERR,ERR,ERR,ERR,ERR,ERR,ERR,ERR,ERR,ERR,ERR,ERR,ERR,ERR,ERR,ERR,ERR,ERR,ERR,ERR,ERR,ERR,ERR,ERR,ERR,ERR,ERR,ERR,ERR,ERR,ERR,ERR,ERR,ERR,ERR,ERR,ERR,ERR,ERR,ERR,ERR,ERR,ERR,ERR,2.718442270659078e+23,-0.0,0.0,-0.0,0.0,-0.0,-5.775663126042778e+29,-1.4434605276728716e+27,4300,0,8,17171,4300,-0.0,39,0.0,0.0,-0.0,0.0,-0.0,0,0,0,0,0.0,0,0,0,0,0,0,0,0,0,0,0,0,0,0,0,0,0,0,0,0,0,0,0,0,0,0,0,0,0,0,0,0,0,12,36,36,47,65476,403,65476,1,0,4,21553,0.0,-107610720.0,62786.121,0.0,0.0,0.0,0.0,0.0,0.0,0.0,0.0,0.0,0.0,0.0,0.0,0.0,0.0,0.0,0.0,0.0,0.0,2.004,-0.0,3.697081460117733e+19,-2.004,2.004,0.0,0.0,0.0,0.0,6567.0,-0.0,0.0,-0.0,-0.0,2.718449836706452e+23,-0.0,0.0,0.0,2.004,2.004,223,-4.950401131092143e+32,-0.0,0.0,0.0,0.0,0.0,0.0,0.0,0.0,0,0,0,-0.061,-4.461470427431009e+37,119863640064.0,6.652712443739604e+20,1.1290200006644663e+23,-0.001,0.0,15025667.0,-2.0142415916369044e+34,-5.522279558318916e+18,-0.0,19747.08,0.0,0.0,0.0,0.0,0,1.3516416376850534e+27,223,0.0,446,0.0,-1881180032.0,2114,26215,17110,13107,17112,26215,17095,0,0,0,101,100,100,0.0,63.5,0.0,64.3,-0.0,63.75,1,49,50,180,0,13107,0,0,0.0,0.0,0.0,60.0,-1.8033130889084404e+19,70.5,0.0,0.0,0.0,1070,0,1071,0,0,0,1072,0,1081,0,997,0,639,0,640,0,635,0,676,0.032,6.234999496913828e+21,0.0,0.0,6032,16813,-1.8033130889084404e+19,0.0,0.0,-0.0,-234350739456.0,-0.0,50.0,60.0,35,0.0,0.0,10.0,2.0,0.0,0.0,0.0,0.0,0.0,0.0,0.0,0.0,0.0,0.0,0.0,0.0,58.8,54,11,65509,27,65476,0,300,0,0,8,20529,65476,0,0,30147,60.0,0.0,10.0,10.0,2.0,0.0
2026-02-16T12:06:45,ERR,ERR,ERR,ERR,ERR,ERR,ERR,ERR,ERR,ERR,ERR,ERR,ERR,ERR,ERR,ERR,ERR,ERR,ERR,ERR,ERR,ERR,ERR,ERR,ERR,ERR,ERR,ERR,ERR,ERR,ERR,ERR,ERR,ERR,ERR,ERR,ERR,ERR,ERR,ERR,ERR,ERR,ERR,ERR,ERR,ERR,ERR,ERR,ERR,ERR,ERR,ERR,ERR,ERR,ERR,ERR,ERR,ERR,ERR,ERR,ERR,ERR,ERR,ERR,ERR,ERR,ERR,ERR,ERR,ERR,ERR,ERR,ERR,ERR,ERR,ERR,ERR,ERR,ERR,ERR,ERR,ERR,ERR,ERR,ERR,ERR,ERR,ERR,ERR,ERR,ERR,ERR,ERR,ERR,ERR,ERR,ERR,ERR,ERR,ERR,ERR,ERR,ERR,ERR,ERR,ERR,ERR,ERR,ERR,ERR,ERR,ERR,ERR,ERR,ERR,ERR,ERR,ERR,ERR,ERR,ERR,ERR,ERR,ERR,ERR,2.718442270659078e+23,-0.0,0.0,-0.0,0.0,-0.0,-5.775663126042778e+29,-1.4434605276728716e+27,4300,0,8,17171,4300,-0.0,39,0.0,0.0,-0.0,0.0,-0.0,0,0,0,0,0.0,0,0,0,0,0,0,0,0,0,0,0,0,0,0,0,0,0,0,0,0,0,0,0,0,0,0,0,0,0,0,0,0,0,12,36,36,47,65476,403,65476,1,0,4,21553,0.0,-107610720.0,62786.121,0.0,0.0,0.0,0.0,0.0,0.0,0.0,0.0,0.0,0.0,0.0,0.0,0.0,0.0,0.0,0.0,0.0,0.0,2.004,-0.0,3.697081460117733e+19,-2.004,2.004,0.0,0.0,0.0,0.0,6567.0,-0.0,0.0,-0.0,-0.0,2.718449836706452e+23,-0.0,0.0,0.0,2.004,2.004,223,-4.950401131092143e+32,-0.0,0.0,0.0,0.0,0.0,0.0,0.0,0.0,0,0,0,-0.061,-4.461470427431009e+37,119863640064.0,6.652712443739604e+20,1.1290200006644663e+23,-0.001,0.0,15025667.0,-2.0142415916369044e+34,-5.522279558318916e+18,-0.0,19747.08,0.0,0.0,0.0,0.0,0,1.3516416376850534e+27,223,0.0,446,0.0,-1881180032.0,2114,26215,17110,13107,17112,26215,17095,0,0,0,101,100,100,0.0,63.5,0.0,64.3,-0.0,63.75,1,49,50,180,0,13107,0,0,0.0,0.0,0.0,60.0,-1.8033130889084404e+19,70.5,0.0,0.0,0.0,1070,0,1071,0,0,0,1072,0,1081,0,997,0,639,0,640,0,635,0,676,0.032,6.234999496913828e+21,0.0,0.0,6032,16813,-1.8033130889084404e+19,0.0,0.0,-0.0,-234350739456.0,-0.0,50.0,60.0,35,0.0,0.0,10.0,2.0,0.0,0.0,0.0,0.0,0.0,0.0,0.0,0.0,0.0,0.0,0.0,0.0,58.8,54,11,65509,27,65476,0,300,0,0,8,20529,65476,0,0,30147,60.0,0.0,10.0,10.0,2.0,0.0
2026-02-16T12:06:46,ERR,ERR,ERR,ERR,ERR,ERR,ERR,ERR,ERR,ERR,ERR,ERR,ERR,ERR,ERR,ERR,ERR,ERR,ERR,ERR,ERR,ERR,ERR,ERR,ERR,ERR,ERR,ERR,ERR,ERR,ERR,ERR,ERR,ERR,ERR,ERR,ERR,ERR,ERR,ERR,ERR,ERR,ERR,ERR,ERR,ERR,ERR,ERR,ERR,ERR,ERR,ERR,ERR,ERR,ERR,ERR,ERR,ERR,ERR,ERR,ERR,ERR,ERR,ERR,ERR,ERR,ERR,ERR,ERR,ERR,ERR,ERR,ERR,ERR,ERR,ERR,ERR,ERR,ERR,ERR,ERR,ERR,ERR,ERR,ERR,ERR,ERR,ERR,ERR,ERR,ERR,ERR,ERR,ERR,ERR,ERR,ERR,ERR,ERR,ERR,ERR,ERR,ERR,ERR,ERR,ERR,ERR,ERR,ERR,ERR,ERR,ERR,ERR,ERR,ERR,ERR,ERR,ERR,ERR,ERR,ERR,ERR,ERR,ERR,ERR,2.718442270659078e+23,-0.0,0.0,-0.0,0.0,-0.0,-5.775663126042778e+29,-1.4434605276728716e+27,4300,0,8,17171,4300,-0.0,39,0.0,0.0,-0.0,0.0,-0.0,0,0,0,0,0.0,0,0,0,0,0,0,0,0,0,0,0,0,0,0,0,0,0,0,0,0,0,0,0,0,0,0,0,0,0,0,0,0,0,12,36,36,47,65476,403,65476,1,0,4,21553,0.0,-107610720.0,62786.121,0.0,0.0,0.0,0.0,0.0,0.0,0.0,0.0,0.0,0.0,0.0,0.0,0.0,0.0,0.0,0.0,0.0,0.0,2.004,-0.0,3.697081460117733e+19,-2.004,2.004,0.0,0.0,0.0,0.0,6567.0,-0.0,0.0,-0.0,-0.0,2.718449836706452e+23,-0.0,0.0,0.0,2.004,2.004,223,-4.950401131092143e+32,-0.0,0.0,0.0,0.0,0.0,0.0,0.0,0.0,0,0,0,-0.061,-4.461470427431009e+37,119863640064.0,6.652712443739604e+20,1.1290200006644663e+23,-0.001,0.0,15025667.0,-2.0142415916369044e+34,-5.522279558318916e+18,-0.0,19747.08,0.0,0.0,0.0,0.0,0,1.3516416376850534e+27,223,0.0,446,0.0,-1881180032.0,2114,26215,17110,13107,17112,26215,17095,0,0,0,101,100,100,0.0,63.5,0.0,64.3,-0.0,63.75,1,49,50,180,0,13107,0,0,0.0,0.0,0.0,60.0,-4303690240.0,70.5,0.0,-9.980073601645008e+21,0.0,1070,0,1071,0,0,0,1072,0,1081,0,997,0,639,0,640,0,635,0,676,0.032,6.16121252061899e+21,0.0,0.0,1680,16813,-4196354228224.0,-6.412242263128696e+22,-24058597376.0,2.965,-0.0,5.949853091708545e+28,50.0,60.0,35,0.0,0.0,10.0,2.0,0.0,0.0,0.0,0.0,0.0,0.0,0.0,0.0,0.0,0.0,0.0,0.0,58.8,54,11,65509,27,65476,0,300,0,0,8,20529,65476,0,0,30147,60.0,0.0,10.0,10.0,2.0,0.0
2026-02-16T12:06:47,ERR,ERR,ERR,ERR,ERR,ERR,ERR,ERR,ERR,ERR,ERR,ERR,ERR,ERR,ERR,ERR,ERR,ERR,ERR,ERR,ERR,ERR,ERR,ERR,ERR,ERR,ERR,ERR,ERR,ERR,ERR,ERR,ERR,ERR,ERR,ERR,ERR,ERR,ERR,ERR,ERR,ERR,ERR,ERR,ERR,ERR,ERR,ERR,ERR,ERR,ERR,ERR,ERR,ERR,ERR,ERR,ERR,ERR,ERR,ERR,ERR,ERR,ERR,ERR,ERR,ERR,ERR,ERR,ERR,ERR,ERR,ERR,ERR,ERR,ERR,ERR,ERR,ERR,ERR,ERR,ERR,ERR,ERR,ERR,ERR,ERR,ERR,ERR,ERR,ERR,ERR,ERR,ERR,ERR,ERR,ERR,ERR,ERR,ERR,ERR,ERR,ERR,ERR,ERR,ERR,ERR,ERR,ERR,ERR,ERR,ERR,ERR,ERR,ERR,ERR,ERR,ERR,ERR,ERR,ERR,ERR,ERR,ERR,ERR,ERR,2.718442270659078e+23,2.7184525388662284e+23,-107089984.0,-0.0,-0.0,-0.0,-8913.739,-0.0,4300,0,8,17171,4300,-0.0,40,0.0,0.0,-0.0,0.0,-0.0,0,0,0,0,0.0,0,0,0,0,0,0,0,0,0,0,0,0,0,0,0,0,0,0,0,0,0,0,0,0,0,0,0,0,0,0,0,0,0,12,36,36,48,65476,402,65476,1,0,4,21553,0.0,0.0,-2.6220125579939904e+38,0.0,0.0,0.0,0.0,0.0,0.0,0.0,0.0,0.0,0.0,0.0,0.0,0.0,0.0,0.0,0.0,0.0,0.0,2.004,-0.0,3.697081460117733e+19,-2.004,-0.0,0.0,0.0,0.0,0.0,6565.0,-0.0,0.0,2.718442270659078e+23,2.7184525388662284e+23,2.718449836706452e+23,-0.0,0.0,0.0,2.004,2.004,224,-3.222002398308886e+26,-0.0,0.0,0.0,0.0,0.0,0.0,0.0,0.0,0,0,0,-0.031,-0.0,0.0,1.0336415071444731e+35,27111679066112.0,225682999214080.0,0.0,0.0,-2691472.5,-5.954625122546483e+18,-0.0,21411.08,0.0,0.0,0.0,1994986749952.0,0,1.3516416376850534e+27,223,0.0,446,-0.0,0.0,2114,26215,17110,13107,17112,26215,17095,0,0,0,101,100,100,0.0,63.5,0.0,64.3,-0.0,63.75,1,49,50,180,0,13107,0,0,0.0,0.0,0.0,60.0,-4303690240.0,70.5,0.0,-9.980073601645008e+21,0.0,1070,0,1071,0,0,0,1072,0,1081,0,997,0,639,0,640,0,635,0,676,0.032,6.16121252061899e+21,0.0,0.0,1680,16813,-4196354228224.0,-6.412242263128696e+22,-24058597376.0,2.965,-0.0,5.949853091708545e+28,50.0,60.0,35,0.0,0.0,10.0,2.0,0.0,0.0,0.0,0.0,0.0,0.0,0.0,0.0,0.0,0.0,0.0,0.0,59.2,54,12,65509,27,65476,0,300,0,0,8,20529,65476,0,0,30147,60.0,0.0,10.0,10.0,2.0,0.0
2026-02-16T12:06:48,ERR,ERR,ERR,ERR,ERR,ERR,ERR,ERR,ERR,ERR,ERR,ERR,ERR,ERR,ERR,ERR,ERR,ERR,ERR,ERR,ERR,ERR,ERR,ERR,ERR,ERR,ERR,ERR,ERR,ERR,ERR,ERR,ERR,ERR,ERR,ERR,ERR,ERR,ERR,ERR,ERR,ERR,ERR,ERR,ERR,ERR,ERR,ERR,ERR,ERR,ERR,ERR,ERR,ERR,ERR,ERR,ERR,ERR,ERR,ERR,ERR,ERR,ERR,ERR,ERR,ERR,ERR,ERR,ERR,ERR,ERR,ERR,ERR,ERR,ERR,ERR,ERR,ERR,ERR,ERR,ERR,ERR,ERR,ERR,ERR,ERR,ERR,ERR,ERR,ERR,ERR,ERR,ERR,ERR,ERR,ERR,ERR,ERR,ERR,ERR,ERR,ERR,ERR,ERR,ERR,ERR,ERR,ERR,ERR,ERR,ERR,ERR,ERR,ERR,ERR,ERR,ERR,ERR,ERR,ERR,ERR,ERR,ERR,ERR,ERR,2.718442270659078e+23,2.7184525388662284e+23,-107089984.0,-0.0,-0.0,-0.0,-8913.739,-0.0,4300,0,8,17171,4300,-0.0,40,0.0,0.0,-0.0,0.0,-0.0,0,0,0,0,0.0,0,0,0,0,0,0,0,0,0,0,0,0,0,0,0,0,0,0,0,0,0,0,0,0,0,0,0,0,0,0,0,0,0,12,36,36,48,65476,402,65476,1,0,4,21553,0.0,0.0,-2.6220125579939904e+38,0.0,0.0,0.0,0.0,0.0,0.0,0.0,0.0,0.0,0.0,0.0,0.0,0.0,0.0,0.0,0.0,0.0,0.0,2.004,-0.0,3.697081460117733e+19,-2.004,-0.0,0.0,0.0,0.0,0.0,6565.0,-0.0,0.0,2.718442270659078e+23,2.7184525388662284e+23,2.718449836706452e+23,-0.0,0.0,0.0,2.004,2.004,224,-3.222002398308886e+26,-0.0,0.0,0.0,0.0,0.0,0.0,0.0,0.0,0,0,0,-0.031,-0.0,0.0,1.0336415071444731e+35,27111679066112.0,225682999214080.0,0.0,0.0,-2691472.5,-5.954625122546483e+18,-0.0,21411.08,0.0,0.0,0.0,1994986749952.0,0,1.3516416376850534e+27,223,0.0,446,-0.0,0.0,2114,26215,17110,13107,17112,26215,17095,0,0,0,101,100,100,0.0,63.5,0.0,64.3,-0.0,63.75,1,49,50,180,0,13107,0,0,0.0,0.0,0.0,60.0,-4303690240.0,70.5,0.0,-9.980073601645008e+21,0.0,1070,0,1071,0,0,0,1072,0,1081,0,997,0,639,0,640,0,635,0,676,0.032,6.16121252061899e+21,0.0,0.0,1680,16813,-4196354228224.0,-6.412242263128696e+22,-24058597376.0,2.965,-0.0,5.949853091708545e+28,50.0,60.0,35,0.0,0.0,10.0,2.0,0.0,0.0,0.0,0.0,0.0,0.0,0.0,0.0,0.0,0.0,0.0,0.0,59.2,54,12,65509,27,65476,0,300,0,0,8,20529,65476,0,0,30147,60.0,0.0,10.0,10.0,2.0,0.0
2026-02-16T12:06:49,ERR,ERR,ERR,ERR,ERR,ERR,ERR,ERR,ERR,ERR,ERR,ERR,ERR,ERR,ERR,ERR,ERR,ERR,ERR,ERR,ERR,ERR,ERR,ERR,ERR,ERR,ERR,ERR,ERR,ERR,ERR,ERR,ERR,ERR,ERR,ERR,ERR,ERR,ERR,ERR,ERR,ERR,ERR,ERR,ERR,ERR,ERR,ERR,ERR,ERR,ERR,ERR,ERR,ERR,ERR,ERR,ERR,ERR,ERR,ERR,ERR,ERR,ERR,ERR,ERR,ERR,ERR,ERR,ERR,ERR,ERR,ERR,ERR,ERR,ERR,ERR,ERR,ERR,ERR,ERR,ERR,ERR,ERR,ERR,ERR,ERR,ERR,ERR,ERR,ERR,ERR,ERR,ERR,ERR,ERR,ERR,ERR,ERR,ERR,ERR,ERR,ERR,ERR,ERR,ERR,ERR,ERR,ERR,ERR,ERR,ERR,ERR,ERR,ERR,ERR,ERR,ERR,ERR,ERR,ERR,ERR,ERR,ERR,ERR,ERR,2.718442270659078e+23,2.7184525388662284e+23,-107089984.0,-0.0,-0.0,-0.0,-8913.739,-0.0,4300,0,8,17171,4300,-0.0,40,0.0,0.0,-0.0,0.0,-0.0,0,0,0,0,0.0,0,0,0,0,0,0,0,0,0,0,0,0,0,0,0,0,0,0,0,0,0,0,0,0,0,0,0,0,0,0,0,0,0,12,36,36,48,65476,402,65476,1,0,4,21553,0.0,0.0,-2.6220125579939904e+38,0.0,0.0,0.0,0.0,0.0,0.0,0.0,0.0,0.0,0.0,0.0,0.0,0.0,0.0,0.0,0.0,0.0,0.0,2.004,-0.0,3.697081460117733e+19,-2.004,-0.0,0.0,0.0,0.0,0.0,6565.0,-0.0,0.0,2.718442270659078e+23,2.7184525388662284e+23,2.718449836706452e+23,-0.0,0.0,0.0,2.004,2.004,224,-3.222002398308886e+26,-0.0,0.0,0.0,0.0,0.0,0.0,0.0,0.0,0,0,0,-0.031,-0.0,0.0,1.0336415071444731e+35,27111679066112.0,225682999214080.0,0.0,0.0,-2691472.5,-5.954625122546483e+18,-0.0,21411.08,0.0,0.0,0.0,1994986749952.0,0,1.3516416376850534e+27,223,0.0,446,-0.0,0.0,2114,26215,17110,13107,17112,13107,17095,0,0,0,101,100,100,0.0,63.5,0.0,64.3,-0.0,63.75,1,49,50,180,0,13107,0,0,0.0,0.0,0.0,60.0,-16007821.0,70.5,0.0,-0.0,0.0,1070,0,1071,0,0,0,1072,0,1081,0,996,0,639,0,640,0,635,0,676,0.032,6.198106008766409e+21,0.0,0.0,5520,16813,-11012980867072.0,-1.5850927919464448e+16,-0.0,9.066710383167019e+21,3.0301104499320685e+19,0.0,50.0,60.0,35,0.0,0.0,10.0,2.0,0.0,0.0,0.0,0.0,0.0,0.0,0.0,0.0,0.0,0.0,0.0,0.0,58.8,54,12,65509,27,65476,0,300,0,0,8,20529,65476,0,0,30147,60.0,0.0,10.0,10.0,2.0,0.0
2026-02-16T12:06:50,ERR,ERR,ERR,ERR,ERR,ERR,ERR,ERR,ERR,ERR,ERR,ERR,ERR,ERR,ERR,ERR,ERR,ERR,ERR,ERR,ERR,ERR,ERR,ERR,ERR,ERR,ERR,ERR,ERR,ERR,ERR,ERR,ERR,ERR,ERR,ERR,ERR,ERR,ERR,ERR,ERR,ERR,ERR,ERR,ERR,ERR,ERR,ERR,ERR,ERR,ERR,ERR,ERR,ERR,ERR,ERR,ERR,ERR,ERR,ERR,ERR,ERR,ERR,ERR,ERR,ERR,ERR,ERR,ERR,ERR,ERR,ERR,ERR,ERR,ERR,ERR,ERR,ERR,ERR,ERR,ERR,ERR,ERR,ERR,ERR,ERR,ERR,ERR,ERR,ERR,ERR,ERR,ERR,ERR,ERR,ERR,ERR,ERR,ERR,ERR,ERR,ERR,ERR,ERR,ERR,ERR,ERR,ERR,ERR,ERR,ERR,ERR,ERR,ERR,ERR,ERR,ERR,ERR,ERR,ERR,ERR,ERR,ERR,ERR,ERR,2.718442270659078e+23,2.7184525388662284e+23,-107089984.0,-0.0,-0.0,-0.0,-8913.739,-0.0,4300,0,8,17171,4300,-0.0,40,0.0,0.0,-0.0,0.0,-0.0,0,0,0,0,0.0,0,0,0,0,0,0,0,0,0,0,0,0,0,0,0,0,0,0,0,0,0,0,0,0,0,0,0,0,0,0,0,0,0,12,36,36,48,65476,402,65476,1,0,4,21553,0.0,0.0,-2.6220125579939904e+38,0.0,0.0,0.0,0.0,0.0,0.0,0.0,0.0,0.0,0.0,0.0,0.0,0.0,0.0,0.0,0.0,0.0,0.0,2.004,-0.0,3.697081460117733e+19,-2.004,-0.0,0.0,0.0,0.0,0.0,6565.0,-0.0,0.0,2.718442270659078e+23,2.7184525388662284e+23,2.718449836706452e+23,-0.0,0.0,0.0,2.004,2.004,224,-3.222002398308886e+26,-0.0,0.0,0.0,0.0,0.0,0.0,0.0,0.0,0,0,0,-0.031,-0.0,0.0,1.0336415071444731e+35,27111679066112.0,225682999214080.0,0.0,0.0,-2691472.5,-5.954625122546483e+18,-0.0,21411.08,0.0,0.0,0.0,1994986749952.0,0,1.3516416376850534e+27,223,0.0,446,-0.0,0.0,2114,26215,17110,13107,17112,13107,17095,0,0,0,101,100,100,0.0,63.5,0.0,64.3,-0.0,63.75,1,49,50,180,0,13107,0,0,0.0,0.0,0.0,60.0,-16007821.0,70.5,0.0,-0.0,0.0,1070,0,1071,0,0,0,1072,0,1081,0,996,0,639,0,640,0,635,0,676,0.032,6.198106008766409e+21,0.0,0.0,5520,16813,-11012980867072.0,-1.5850927919464448e+16,-0.0,9.066710383167019e+21,3.0301104499320685e+19,0.0,50.0,60.0,35,0.0,0.0,10.0,2.0,0.0,0.0,0.0,0.0,0.0,0.0,0.0,0.0,0.0,0.0,0.0,0.0,58.8,54,12,65509,27,65476,0,300,0,0,8,20529,65476,0,0,30147,60.0,0.0,10.0,10.0,2.0,0.0
2026-02-16T12:06:51,ERR,ERR,ERR,ERR,ERR,ERR,ERR,ERR,ERR,ERR,ERR,ERR,ERR,ERR,ERR,ERR,ERR,ERR,ERR,ERR,ERR,ERR,ERR,ERR,ERR,ERR,ERR,ERR,ERR,ERR,ERR,ERR,ERR,ERR,ERR,ERR,ERR,ERR,ERR,ERR,ERR,ERR,ERR,ERR,ERR,ERR,ERR,ERR,ERR,ERR,ERR,ERR,ERR,ERR,ERR,ERR,ERR,ERR,ERR,ERR,ERR,ERR,ERR,ERR,ERR,ERR,ERR,ERR,ERR,ERR,ERR,ERR,ERR,ERR,ERR,ERR,ERR,ERR,ERR,ERR,ERR,ERR,ERR,ERR,ERR,ERR,ERR,ERR,ERR,ERR,ERR,ERR,ERR,ERR,ERR,ERR,ERR,ERR,ERR,ERR,ERR,ERR,ERR,ERR,ERR,ERR,ERR,ERR,ERR,ERR,ERR,ERR,ERR,ERR,ERR,ERR,ERR,ERR,ERR,ERR,ERR,ERR,ERR,ERR,ERR,2.718442270659078e+23,2.7184525388662284e+23,-107089984.0,-0.0,-0.0,-0.0,-8913.739,-0.0,4300,0,8,17171,4300,-0.0,40,0.0,0.0,-0.0,0.0,-0.0,0,0,0,0,0.0,0,0,0,0,0,0,0,0,0,0,0,0,0,0,0,0,0,0,0,0,0,0,0,0,0,0,0,0,0,0,0,0,0,12,36,36,48,65476,402,65476,1,0,4,21553,0.0,0.0,-2.6220125579939904e+38,0.0,0.0,0.0,0.0,0.0,0.0,0.0,0.0,0.0,0.0,0.0,0.0,0.0,0.0,0.0,0.0,0.0,0.0,2.004,-0.0,3.697081460117733e+19,-2.004,-0.0,0.0,0.0,0.0,0.0,6565.0,-0.0,0.0,2.718442270659078e+23,2.7184525388662284e+23,2.718449836706452e+23,-0.0,0.0,0.0,2.004,2.004,224,-3.222002398308886e+26,-0.0,0.0,0.0,0.0,0.0,0.0,0.0,0.0,0,0,0,-0.031,-0.0,0.0,1.0336415071444731e+35,27111679066112.0,225682999214080.0,0.0,0.0,-2691472.5,-5.954625122546483e+18,-0.0,21411.08,0.0,0.0,0.0,1994986749952.0,0,1.3516416376850534e+27,223,0.0,446,-0.0,0.0,2114,26215,17110,13107,17112,13107,17095,0,0,0,101,100,100,0.0,63.5,0.0,64.3,-0.0,63.75,1,49,50,180,0,13107,0,0,0.0,0.0,0.0,60.0,-16007821.0,70.5,0.0,-0.0,0.0,1070,0,1071,0,0,0,1072,0,1081,0,996,0,639,0,640,0,635,0,676,0.032,6.198106008766409e+21,0.0,0.0,5520,16813,-11012980867072.0,-1.5850927919464448e+16,-0.0,9.066710383167019e+21,3.0301104499320685e+19,0.0,50.0,60.0,35,0.0,0.0,10.0,2.0,0.0,0.0,0.0,0.0,0.0,0.0,0.0,0.0,0.0,0.0,0.0,0.0,58.8,54,12,65509,27,65476,0,300,0,0,8,20529,65476,0,0,30147,60.0,0.0,10.0,10.0,2.0,0.0
2026-02-16T12:06:52,ERR,ERR,ERR,ERR,ERR,ERR,ERR,ERR,ERR,ERR,ERR,ERR,ERR,ERR,ERR,ERR,ERR,ERR,ERR,ERR,ERR,ERR,ERR,ERR,ERR,ERR,ERR,ERR,ERR,ERR,ERR,ERR,ERR,ERR,ERR,ERR,ERR,ERR,ERR,ERR,ERR,ERR,ERR,ERR,ERR,ERR,ERR,ERR,ERR,ERR,ERR,ERR,ERR,ERR,ERR,ERR,ERR,ERR,ERR,ERR,ERR,ERR,ERR,ERR,ERR,ERR,ERR,ERR,ERR,ERR,ERR,ERR,ERR,ERR,ERR,ERR,ERR,ERR,ERR,ERR,ERR,ERR,ERR,ERR,ERR,ERR,ERR,ERR,ERR,ERR,ERR,ERR,ERR,ERR,ERR,ERR,ERR,ERR,ERR,ERR,ERR,ERR,ERR,ERR,ERR,ERR,ERR,ERR,ERR,ERR,ERR,ERR,ERR,ERR,ERR,ERR,ERR,ERR,ERR,ERR,ERR,ERR,ERR,ERR,ERR,2.718442270659078e+23,-0.0,0.0,-0.0,0.0,-0.0,-207529787392.0,-2.6617833208653108e+38,4300,0,8,17171,4300,-0.0,40,0.0,0.0,-0.0,0.0,-0.0,0,0,0,0,0.0,0,0,0,0,0,0,0,0,0,0,0,0,0,0,0,0,0,0,0,0,0,0,0,0,0,0,0,0,0,0,0,0,0,12,36,36,48,65476,405,65476,1,0,4,21553,0.0,-0.0,-9.780609806093868e+26,0.0,0.0,0.0,0.0,0.0,0.0,0.0,0.0,0.0,0.0,0.0,0.0,0.0,0.0,0.0,0.0,0.0,0.0,2.004,-0.0,3.697081460117733e+19,-2.004,-0.0,0.0,0.0,0.0,0.0,6569.0,1.5879386089525827e+29,0.0,2.718442270659078e+23,2.7184525388662284e+23,2.718449836706452e+23,-0.0,0.0,0.0,2.004,2.004,224,0.0,5.848079055467333e+35,0.0,0.0,0.0,0.0,0.0,0.0,0.0,0,0,0,-0.004,-0.0,45.816,0.0,6.902371160340562e+17,0.0,0.0,0.0,-4.374669136086253e+23,-6.459028280811979e+18,-0.0,22947.08,0.0,0.0,0.0,213244.953,0,1.3516416376850534e+27,224,0.0,448,0.0,-1881180032.0,2114,26215,17110,13107,17112,13107,17095,0,0,0,101,100,100,0.0,63.5,0.0,64.3,-0.0,63.75,1,49,50,180,0,13107,0,0,0.0,0.0,0.0,60.0,-16007821.0,70.5,0.0,-0.0,0.0,1070,0,1071,0,0,0,1072,0,1081,0,996,0,639,0,640,0,635,0,676,0.032,6.198106008766409e+21,0.0,0.0,5520,16813,-11012980867072.0,-1.5850927919464448e+16,-0.0,9.066710383167019e+21,3.0301104499320685e+19,0.0,50.0,60.0,35,0.0,0.0,10.0,2.0,0.0,0.0,0.0,0.0,0.0,0.0,0.0,0.0,0.0,0.0,0.0,0.0,59.2,54,12,65509,27,65476,0,300,0,0,8,20529,65476,0,0,30147,60.0,0.0,10.0,10.0,2.0,0.0
2026-02-16T12:06:53,ERR,ERR,ERR,ERR,ERR,ERR,ERR,ERR,ERR,ERR,ERR,ERR,ERR,ERR,ERR,ERR,ERR,ERR,ERR,ERR,ERR,ERR,ERR,ERR,ERR,ERR,ERR,ERR,ERR,ERR,ERR,ERR,ERR,ERR,ERR,ERR,ERR,ERR,ERR,ERR,ERR,ERR,ERR,ERR,ERR,ERR,ERR,ERR,ERR,ERR,ERR,ERR,ERR,ERR,ERR,ERR,ERR,ERR,ERR,ERR,ERR,ERR,ERR,ERR,ERR,ERR,ERR,ERR,ERR,ERR,ERR,ERR,ERR,ERR,ERR,ERR,ERR,ERR,ERR,ERR,ERR,ERR,ERR,ERR,ERR,ERR,ERR,ERR,ERR,ERR,ERR,ERR,ERR,ERR,ERR,ERR,ERR,ERR,ERR,ERR,ERR,ERR,ERR,ERR,ERR,ERR,ERR,ERR,ERR,ERR,ERR,ERR,ERR,ERR,ERR,ERR,ERR,ERR,ERR,ERR,ERR,ERR,ERR,ERR,ERR,2.718442270659078e+23,-0.0,0.0,-0.0,0.0,-0.0,-207529787392.0,-2.6617833208653108e+38,4300,0,8,17171,4300,-0.0,40,0.0,0.0,-0.0,0.0,-0.0,0,0,0,0,0.0,0,0,0,0,0,0,0,0,0,0,0,0,0,0,0,0,0,0,0,0,0,0,0,0,0,0,0,0,0,0,0,0,0,12,36,36,48,65476,405,65476,1,0,4,21553,0.0,-0.0,-9.780609806093868e+26,0.0,0.0,0.0,0.0,0.0,0.0,0.0,0.0,0.0,0.0,0.0,0.0,0.0,0.0,0.0,0.0,0.0,0.0,2.004,-0.0,3.697081460117733e+19,-2.004,-0.0,0.0,0.0,0.0,0.0,6569.0,1.5879386089525827e+29,0.0,2.718442270659078e+23,2.7184525388662284e+23,2.718449836706452e+23,-0.0,0.0,0.0,2.004,2.004,224,0.0,5.848079055467333e+35,0.0,0.0,0.0,0.0,0.0,0.0,0.0,0,0,0,-0.004,-0.0,45.816,0.0,6.902371160340562e+17,0.0,0.0,0.0,-4.374669136086253e+23,-6.459028280811979e+18,-0.0,22947.08,0.0,0.0,0.0,213244.953,0,1.3516416376850534e+27,224,0.0,448,0.0,-1881180032.0,2114,26215,17110,13107,17112,13107,17095,0,0,0,101,100,100,0.0,63.5,0.0,64.3,-0.0,63.75,1,49,50,180,0,13107,0,0,0.0,0.0,0.0,60.0,-5.460471513862561e+23,70.5,0.0,-0.0,0.0,1070,0,1071,0,0,0,1072,0,1081,0,997,0,639,0,640,0,635,0,676,0.032,6.234999496913828e+21,0.0,0.0,4496,16813,-5.460471513862561e+23,-0.0,-0.0,6.430085344708353e+25,5.500159514671841e+17,0.0,50.0,60.0,35,0.0,0.0,10.0,2.0,0.0,0.0,0.0,0.0,0.0,0.0,0.0,0.0,0.0,0.0,0.0,0.0,59.2,54,12,65509,27,65476,0,300,0,0,8,20529,65476,0,0,30147,60.0,0.0,10.0,10.0,2.0,0.0
2026-02-16T12:06:54,ERR,ERR,ERR,ERR,ERR,ERR,ERR,ERR,ERR,ERR,ERR,ERR,ERR,ERR,ERR,ERR,ERR,ERR,ERR,ERR,ERR,ERR,ERR,ERR,ERR,ERR,ERR,ERR,ERR,ERR,ERR,ERR,ERR,ERR,ERR,ERR,ERR,ERR,ERR,ERR,ERR,ERR,ERR,ERR,ERR,ERR,ERR,ERR,ERR,ERR,ERR,ERR,ERR,ERR,ERR,ERR,ERR,ERR,ERR,ERR,ERR,ERR,ERR,ERR,ERR,ERR,ERR,ERR,ERR,ERR,ERR,ERR,ERR,ERR,ERR,ERR,ERR,ERR,ERR,ERR,ERR,ERR,ERR,ERR,ERR,ERR,ERR,ERR,ERR,ERR,ERR,ERR,ERR,ERR,ERR,ERR,ERR,ERR,ERR,ERR,ERR,ERR,ERR,ERR,ERR,ERR,ERR,ERR,ERR,ERR,ERR,ERR,ERR,ERR,ERR,ERR,ERR,ERR,ERR,ERR,ERR,ERR,ERR,ERR,ERR,2.718442270659078e+23,-0.0,0.0,-0.0,0.0,-0.0,-207529787392.0,-2.6617833208653108e+38,4300,0,8,17171,4300,-0.0,40,0.0,0.0,-0.0,0.0,-0.0,0,0,0,0,0.0,0,0,0,0,0,0,0,0,0,0,0,0,0,0,0,0,0,0,0,0,0,0,0,0,0,0,0,0,0,0,0,0,0,12,36,36,48,65476,405,65476,1,0,4,21553,0.0,-0.0,-9.780609806093868e+26,0.0,0.0,0.0,0.0,0.0,0.0,0.0,0.0,0.0,0.0,0.0,0.0,0.0,0.0,0.0,0.0,0.0,0.0,2.004,-0.0,3.697081460117733e+19,-2.004,-0.0,0.0,0.0,0.0,0.0,6569.0,1.5879386089525827e+29,0.0,2.718442270659078e+23,2.7184525388662284e+23,2.718449836706452e+23,-0.0,0.0,0.0,2.004,2.004,224,0.0,5.848079055467333e+35,0.0,0.0,0.0,0.0,0.0,0.0,0.0,0,0,0,-0.004,-0.0,45.816,0.0,6.902371160340562e+17,0.0,0.0,0.0,-4.374669136086253e+23,-6.459028280811979e+18,-0.0,22947.08,0.0,0.0,0.0,213244.953,0,1.3516416376850534e+27,224,0.0,448,0.0,-1881180032.0,2114,26215,17110,13107,17112,13107,17095,0,0,0,101,100,100,0.0,63.5,0.0,64.3,-0.0,63.75,1,49,50,180,0,13107,0,0,0.0,0.0,0.0,60.0,-5.460471513862561e+23,70.5,0.0,-0.0,0.0,1070,0,1071,0,0,0,1072,0,1081,0,997,0,639,0,640,0,635,0,676,0.032,6.234999496913828e+21,0.0,0.0,4496,16813,-5.460471513862561e+23,-0.0,-0.0,6.430085344708353e+25,5.500159514671841e+17,0.0,50.0,60.0,35,0.0,0.0,10.0,2.0,0.0,0.0,0.0,0.0,0.0,0.0,0.0,0.0,0.0,0.0,0.0,0.0,59.2,54,12,65509,27,65476,0,300,0,0,8,20529,65476,0,0,30147,60.0,0.0,10.0,10.0,2.0,0.0
2026-02-16T12:06:55,ERR,ERR,ERR,ERR,ERR,ERR,ERR,ERR,ERR,ERR,ERR,ERR,ERR,ERR,ERR,ERR,ERR,ERR,ERR,ERR,ERR,ERR,ERR,ERR,ERR,ERR,ERR,ERR,ERR,ERR,ERR,ERR,ERR,ERR,ERR,ERR,ERR,ERR,ERR,ERR,ERR,ERR,ERR,ERR,ERR,ERR,ERR,ERR,ERR,ERR,ERR,ERR,ERR,ERR,ERR,ERR,ERR,ERR,ERR,ERR,ERR,ERR,ERR,ERR,ERR,ERR,ERR,ERR,ERR,ERR,ERR,ERR,ERR,ERR,ERR,ERR,ERR,ERR,ERR,ERR,ERR,ERR,ERR,ERR,ERR,ERR,ERR,ERR,ERR,ERR,ERR,ERR,ERR,ERR,ERR,ERR,ERR,ERR,ERR,ERR,ERR,ERR,ERR,ERR,ERR,ERR,ERR,ERR,ERR,ERR,ERR,ERR,ERR,ERR,ERR,ERR,ERR,ERR,ERR,ERR,ERR,ERR,ERR,ERR,ERR,2.718442270659078e+23,-0.0,0.0,-0.0,0.0,-0.0,-207529787392.0,-2.6617833208653108e+38,4300,0,8,17171,4300,-0.0,40,0.0,0.0,-0.0,0.0,-0.0,0,0,0,0,0.0,0,0,0,0,0,0,0,0,0,0,0,0,0,0,0,0,0,0,0,0,0,0,0,0,0,0,0,0,0,0,0,0,0,12,36,36,48,65476,405,65476,1,0,4,21553,0.0,-0.0,-9.780609806093868e+26,0.0,0.0,0.0,0.0,0.0,0.0,0.0,0.0,0.0,0.0,0.0,0.0,0.0,0.0,0.0,0.0,0.0,0.0,2.004,-0.0,3.697081460117733e+19,-2.004,-0.0,0.0,0.0,0.0,0.0,6569.0,1.5879386089525827e+29,0.0,2.718442270659078e+23,2.7184525388662284e+23,2.718449836706452e+23,-0.0,0.0,0.0,2.004,2.004,224,0.0,5.848079055467333e+35,0.0,0.0,0.0,0.0,0.0,0.0,0.0,0,0,0,-0.004,-0.0,45.816,0.0,6.902371160340562e+17,0.0,0.0,0.0,-4.374669136086253e+23,-6.459028280811979e+18,-0.0,22947.08,0.0,0.0,0.0,213244.953,0,1.3516416376850534e+27,224,0.0,448,0.0,-1881180032.0,2114,26215,17110,13107,17112,13107,17095,0,0,0,101,100,100,0.0,63.5,0.0,64.3,-0.0,63.75,1,49,50,180,0,13107,0,0,0.0,0.0,0.0,60.0,-5.460471513862561e+23,70.5,0.0,-0.0,0.0,1070,0,1071,0,0,0,1072,0,1081,0,997,0,639,0,640,0,635,0,676,0.032,6.234999496913828e+21,0.0,0.0,4496,16813,-5.460471513862561e+23,-0.0,-0.0,6.430085344708353e+25,5.500159514671841e+17,0.0,50.0,60.0,35,0.0,0.0,10.0,2.0,0.0,0.0,0.0,0.0,0.0,0.0,0.0,0.0,0.0,0.0,0.0,0.0,59.2,54,12,65509,27,65476,0,300,0,0,8,20529,65476,0,0,30147,60.0,0.0,10.0,10.0,2.0,0.0
2026-02-16T12:06:56,ERR,ERR,ERR,ERR,ERR,ERR,ERR,ERR,ERR,ERR,ERR,ERR,ERR,ERR,ERR,ERR,ERR,ERR,ERR,ERR,ERR,ERR,ERR,ERR,ERR,ERR,ERR,ERR,ERR,ERR,ERR,ERR,ERR,ERR,ERR,ERR,ERR,ERR,ERR,ERR,ERR,ERR,ERR,ERR,ERR,ERR,ERR,ERR,ERR,ERR,ERR,ERR,ERR,ERR,ERR,ERR,ERR,ERR,ERR,ERR,ERR,ERR,ERR,ERR,ERR,ERR,ERR,ERR,ERR,ERR,ERR,ERR,ERR,ERR,ERR,ERR,ERR,ERR,ERR,ERR,ERR,ERR,ERR,ERR,ERR,ERR,ERR,ERR,ERR,ERR,ERR,ERR,ERR,ERR,ERR,ERR,ERR,ERR,ERR,ERR,ERR,ERR,ERR,ERR,ERR,ERR,ERR,ERR,ERR,ERR,ERR,ERR,ERR,ERR,ERR,ERR,ERR,ERR,ERR,ERR,ERR,ERR,ERR,ERR,ERR,2.718442270659078e+23,-0.0,0.0,-0.0,0.0,-0.0,-207529787392.0,-2.6617833208653108e+38,4300,0,8,17171,4300,-0.0,40,0.0,0.0,-0.0,0.0,-0.0,0,0,0,0,0.0,0,0,0,0,0,0,0,0,0,0,0,0,0,0,0,0,0,0,0,0,0,0,0,0,0,0,0,0,0,0,0,0,0,12,36,36,48,65476,405,65476,1,0,4,21553,0.0,-0.0,-9.780609806093868e+26,0.0,0.0,0.0,0.0,0.0,0.0,0.0,0.0,0.0,0.0,0.0,0.0,0.0,0.0,0.0,0.0,0.0,0.0,2.004,-0.0,3.697081460117733e+19,-2.004,-0.0,0.0,0.0,0.0,0.0,6569.0,1.5879386089525827e+29,0.0,2.718442270659078e+23,2.7184525388662284e+23,2.718449836706452e+23,-0.0,0.0,0.0,2.004,2.004,224,0.0,5.848079055467333e+35,0.0,0.0,0.0,0.0,0.0,0.0,0.0,0,0,0,-0.004,-0.0,45.816,0.0,6.902371160340562e+17,0.0,0.0,0.0,-4.374669136086253e+23,-6.459028280811979e+18,-0.0,22947.08,0.0,0.0,0.0,213244.953,0,1.3516416376850534e+27,224,0.0,448,0.0,-1881180032.0,2114,26215,17110,13107,17112,13107,17095,0,0,0,101,100,100,0.0,63.5,0.0,64.3,-0.0,63.75,1,49,50,180,0,13107,0,0,0.0,0.0,0.0,60.0,-8196004352.0,70.5,0.0,6.340024160800049e+23,0.0,1070,0,1071,0,0,0,1072,0,1081,0,996,0,639,0,640,0,635,0,676,0.032,6.198106008766409e+21,0.0,0.0,1808,16813,-14998710517760.0,-0.0,14448306683904.0,-3.4469462014013493e+28,0.0,-8.151519723587109e+18,50.0,60.0,35,0.0,0.0,10.0,2.0,0.0,0.0,0.0,0.0,0.0,0.0,0.0,0.0,0.0,0.0,0.0,0.0,58.8,54,12,65509,27,65476,0,300,0,0,8,20529,65476,0,0,30147,60.0,0.0,10.0,10.0,2.0,0.0
2026-02-16T12:06:57,ERR,ERR,ERR,ERR,ERR,ERR,ERR,ERR,ERR,ERR,ERR,ERR,ERR,ERR,ERR,ERR,ERR,ERR,ERR,ERR,ERR,ERR,ERR,ERR,ERR,ERR,ERR,ERR,ERR,ERR,ERR,ERR,ERR,ERR,ERR,ERR,ERR,ERR,ERR,ERR,ERR,ERR,ERR,ERR,ERR,ERR,ERR,ERR,ERR,ERR,ERR,ERR,ERR,ERR,ERR,ERR,ERR,ERR,ERR,ERR,ERR,ERR,ERR,ERR,ERR,ERR,ERR,ERR,ERR,ERR,ERR,ERR,ERR,ERR,ERR,ERR,ERR,ERR,ERR,ERR,ERR,ERR,ERR,ERR,ERR,ERR,ERR,ERR,ERR,ERR,ERR,ERR,ERR,ERR,ERR,ERR,ERR,ERR,ERR,ERR,ERR,ERR,ERR,ERR,ERR,ERR,ERR,ERR,ERR,ERR,ERR,ERR,ERR,ERR,ERR,ERR,ERR,ERR,ERR,ERR,ERR,ERR,ERR,ERR,ERR,2.718442270659078e+23,2.7184525388662284e+23,-107089984.0,-0.0,-0.0,-0.0,0.0,1.0049215244627882e+26,4300,0,8,17171,4300,-0.0,40,0.0,0.0,-0.0,0.0,-0.0,0,0,0,0,0.0,0,0,0,0,0,0,0,0,0,0,0,0,0,0,0,0,0,0,0,0,0,0,0,0,0,0,0,0,0,0,0,0,0,12,36,36,48,65476,406,65476,1,0,4,21553,0.0,0.0,-0.0,0.0,0.0,0.0,0.0,0.0,0.0,0.0,0.0,0.0,0.0,0.0,0.0,0.0,0.0,0.0,0.0,0.0,0.0,2.004,-0.0,2.004,-3.6970739834386645e+19,-2.004,0.0,0.0,0.0,0.0,6577.0,564149121712128.0,0.0,-0.0,2.7184525388662284e+23,2.718449836706452e+23,-107616280.0,0.0,0.0,2.004,2.004,223,1.9056859227671757e+17,3.2220245344017747e+26,0.0,0.0,0.0,0.0,0.0,0.0,0.0,0,0,0,-8136.429,-0.0,138688256.0,0.0,3.313415238566154e+25,-512245120.0,2.2806971606942708e+21,3.3952988711035042e+31,11355715.0,-6.891373845039546e+18,-0.0,24611.08,0.0,0.0,0.0,244.247,0,1.3516416376850534e+27,223,0.0,450,0.0,-1881180032.0,2114,26215,17110,13107,17112,13107,17095,0,0,0,101,100,100,0.0,63.5,0.0,64.3,-0.0,63.75,1,49,50,180,0,13107,0,0,0.0,0.0,0.0,60.0,-8196004352.0,70.5,0.0,6.340024160800049e+23,0.0,1070,0,1071,0,0,0,1072,0,1081,0,996,0,639,0,640,0,635,0,676,0.032,6.198106008766409e+21,0.0,0.0,1808,16813,-14998710517760.0,-0.0,14448306683904.0,-3.4469462014013493e+28,0.0,-8.151519723587109e+18,50.0,60.0,35,0.0,0.0,10.0,2.0,0.0,0.0,0.0,0.0,0.0,0.0,0.0,0.0,0.0,0.0,0.0,0.0,58.8,54,12,65509,27,65476,0,300,0,0,8,20529,65476,0,0,30147,60.0,0.0,10.0,10.0,2.0,0.0
2026-02-16T12:06:58,ERR,ERR,ERR,ERR,ERR,ERR,ERR,ERR,ERR,ERR,ERR,ERR,ERR,ERR,ERR,ERR,ERR,ERR,ERR,ERR,ERR,ERR,ERR,ERR,ERR,ERR,ERR,ERR,ERR,ERR,ERR,ERR,ERR,ERR,ERR,ERR,ERR,ERR,ERR,ERR,ERR,ERR,ERR,ERR,ERR,ERR,ERR,ERR,ERR,ERR,ERR,ERR,ERR,ERR,ERR,ERR,ERR,ERR,ERR,ERR,ERR,ERR,ERR,ERR,ERR,ERR,ERR,ERR,ERR,ERR,ERR,ERR,ERR,ERR,ERR,ERR,ERR,ERR,ERR,ERR,ERR,ERR,ERR,ERR,ERR,ERR,ERR,ERR,ERR,ERR,ERR,ERR,ERR,ERR,ERR,ERR,ERR,ERR,ERR,ERR,ERR,ERR,ERR,ERR,ERR,ERR,ERR,ERR,ERR,ERR,ERR,ERR,ERR,ERR,ERR,ERR,ERR,ERR,ERR,ERR,ERR,ERR,ERR,ERR,ERR,2.718442270659078e+23,2.7184525388662284e+23,-107089984.0,-0.0,-0.0,-0.0,0.0,1.0049215244627882e+26,4300,0,8,17171,4300,-0.0,40,0.0,0.0,-0.0,0.0,-0.0,0,0,0,0,0.0,0,0,0,0,0,0,0,0,0,0,0,0,0,0,0,0,0,0,0,0,0,0,0,0,0,0,0,0,0,0,0,0,0,12,36,36,48,65476,406,65476,1,0,4,21553,0.0,0.0,-0.0,0.0,0.0,0.0,0.0,0.0,0.0,0.0,0.0,0.0,0.0,0.0,0.0,0.0,0.0,0.0,0.0,0.0,0.0,2.004,-0.0,2.004,-3.6970739834386645e+19,-2.004,0.0,0.0,0.0,0.0,6577.0,564149121712128.0,0.0,-0.0,2.7184525388662284e+23,2.718449836706452e+23,-107616280.0,0.0,0.0,2.004,2.004,223,1.9056859227671757e+17,3.2220245344017747e+26,0.0,0.0,0.0,0.0,0.0,0.0,0.0,0,0,0,-8136.429,-0.0,138688256.0,0.0,3.313415238566154e+25,-512245120.0,2.2806971606942708e+21,3.3952988711035042e+31,11355715.0,-6.891373845039546e+18,-0.0,24611.08,0.0,0.0,0.0,244.247,0,1.3516416376850534e+27,223,0.0,450,0.0,-1881180032.0,2114,26215,17110,13107,17112,13107,17095,0,0,0,101,100,100,0.0,63.5,0.0,64.3,-0.0,63.75,1,49,50,180,0,13107,0,0,0.0,0.0,0.0,60.0,-8196004352.0,70.5,0.0,6.340024160800049e+23,0.0,1070,0,1071,0,0,0,1072,0,1081,0,996,0,639,0,640,0,635,0,676,0.032,6.198106008766409e+21,0.0,0.0,1808,16813,-14998710517760.0,-0.0,14448306683904.0,-3.4469462014013493e+28,0.0,-8.151519723587109e+18,50.0,60.0,35,0.0,0.0,10.0,2.0,0.0,0.0,0.0,0.0,0.0,0.0,0.0,0.0,0.0,0.0,0.0,0.0,58.8,54,12,65509,27,65476,0,300,0,0,8,20529,65476,0,0,30147,60.0,0.0,10.0,10.0,2.0,0.0
2026-02-16T12:06:59,ERR,ERR,ERR,ERR,ERR,ERR,ERR,ERR,ERR,ERR,ERR,ERR,ERR,ERR,ERR,ERR,ERR,ERR,ERR,ERR,ERR,ERR,ERR,ERR,ERR,ERR,ERR,ERR,ERR,ERR,ERR,ERR,ERR,ERR,ERR,ERR,ERR,ERR,ERR,ERR,ERR,ERR,ERR,ERR,ERR,ERR,ERR,ERR,ERR,ERR,ERR,ERR,ERR,ERR,ERR,ERR,ERR,ERR,ERR,ERR,ERR,ERR,ERR,ERR,ERR,ERR,ERR,ERR,ERR,ERR,ERR,ERR,ERR,ERR,ERR,ERR,ERR,ERR,ERR,ERR,ERR,ERR,ERR,ERR,ERR,ERR,ERR,ERR,ERR,ERR,ERR,ERR,ERR,ERR,ERR,ERR,ERR,ERR,ERR,ERR,ERR,ERR,ERR,ERR,ERR,ERR,ERR,ERR,ERR,ERR,ERR,ERR,ERR,ERR,ERR,ERR,ERR,ERR,ERR,ERR,ERR,ERR,ERR,ERR,ERR,2.718442270659078e+23,2.7184525388662284e+23,-107089984.0,-0.0,-0.0,-0.0,0.0,1.0049215244627882e+26,4300,0,8,17171,4300,-0.0,40,0.0,0.0,-0.0,0.0,-0.0,0,0,0,0,0.0,0,0,0,0,0,0,0,0,0,0,0,0,0,0,0,0,0,0,0,0,0,0,0,0,0,0,0,0,0,0,0,0,0,12,36,36,48,65476,406,65476,1,0,4,21553,0.0,0.0,-0.0,0.0,0.0,0.0,0.0,0.0,0.0,0.0,0.0,0.0,0.0,0.0,0.0,0.0,0.0,0.0,0.0,0.0,0.0,2.004,-0.0,2.004,-3.6970739834386645e+19,-2.004,0.0,0.0,0.0,0.0,6577.0,564149121712128.0,0.0,-0.0,2.7184525388662284e+23,2.718449836706452e+23,-107616280.0,0.0,0.0,2.004,2.004,223,1.9056859227671757e+17,3.2220245344017747e+26,0.0,0.0,0.0,0.0,0.0,0.0,0.0,0,0,0,-8136.429,-0.0,138688256.0,0.0,3.313415238566154e+25,-512245120.0,2.2806971606942708e+21,3.3952988711035042e+31,11355715.0,-6.891373845039546e+18,-0.0,24611.08,0.0,0.0,0.0,244.247,0,1.3516416376850534e+27,223,0.0,450,0.0,-1881180032.0,2114,26215,17110,13107,17112,13107,17095,0,0,0,101,100,100,0.0,63.5,0.0,64.3,-0.0,63.75,1,49,50,180,0,13107,0,0,0.0,0.0,0.0,60.0,-4661574.5,70.5,0.0,-2.592443462456443e+17,0.0,1070,0,1071,0,0,0,1072,0,1081,0,996,0,639,0,640,0,635,0,676,0.032,6.16121252061899e+21,0.0,0.0,49808,16812,-0.035,-2.592443462456443e+17,1184895360.0,0.0,0.0,-38551660003328.0,50.0,60.0,35,0.0,0.0,10.0,2.0,0.0,0.0,0.0,0.0,0.0,0.0,0.0,0.0,0.0,0.0,0.0,0.0,59.2,54,12,65509,27,65476,0,300,0,0,8,20529,65476,0,0,30147,60.0,0.0,10.0,10.0,2.0,0.0
2026-02-16T12:07:00,ERR,ERR,ERR,ERR,ERR,ERR,ERR,ERR,ERR,ERR,ERR,ERR,ERR,ERR,ERR,ERR,ERR,ERR,ERR,ERR,ERR,ERR,ERR,ERR,ERR,ERR,ERR,ERR,ERR,ERR,ERR,ERR,ERR,ERR,ERR,ERR,ERR,ERR,ERR,ERR,ERR,ERR,ERR,ERR,ERR,ERR,ERR,ERR,ERR,ERR,ERR,ERR,ERR,ERR,ERR,ERR,ERR,ERR,ERR,ERR,ERR,ERR,ERR,ERR,ERR,ERR,ERR,ERR,ERR,ERR,ERR,ERR,ERR,ERR,ERR,ERR,ERR,ERR,ERR,ERR,ERR,ERR,ERR,ERR,ERR,ERR,ERR,ERR,ERR,ERR,ERR,ERR,ERR,ERR,ERR,ERR,ERR,ERR,ERR,ERR,ERR,ERR,ERR,ERR,ERR,ERR,ERR,ERR,ERR,ERR,ERR,ERR,ERR,ERR,ERR,ERR,ERR,ERR,ERR,ERR,ERR,ERR,ERR,ERR,ERR,2.718442270659078e+23,2.7184525388662284e+23,-107089984.0,-0.0,-0.0,-0.0,0.0,1.0049215244627882e+26,4300,0,8,17171,4300,-0.0,40,0.0,0.0,-0.0,0.0,-0.0,0,0,0,0,0.0,0,0,0,0,0,0,0,0,0,0,0,0,0,0,0,0,0,0,0,0,0,0,0,0,0,0,0,0,0,0,0,0,0,12,36,36,48,65476,406,65476,1,0,4,21553,0.0,0.0,-0.0,0.0,0.0,0.0,0.0,0.0,0.0,0.0,0.0,0.0,0.0,0.0,0.0,0.0,0.0,0.0,0.0,0.0,0.0,2.004,-0.0,2.004,-3.6970739834386645e+19,-2.004,0.0,0.0,0.0,0.0,6577.0,564149121712128.0,0.0,-0.0,2.7184525388662284e+23,2.718449836706452e+23,-107616280.0,0.0,0.0,2.004,2.004,223,1.9056859227671757e+17,3.2220245344017747e+26,0.0,0.0,0.0,0.0,0.0,0.0,0.0,0,0,0,-8136.429,-0.0,138688256.0,0.0,3.313415238566154e+25,-512245120.0,2.2806971606942708e+21,3.3952988711035042e+31,11355715.0,-6.891373845039546e+18,-0.0,24611.08,0.0,0.0,0.0,244.247,0,1.3516416376850534e+27,223,0.0,450,0.0,-1881180032.0,2114,26215,17110,13107,17112,13107,17095,0,0,0,101,100,100,0.0,63.5,0.0,64.3,-0.0,63.75,1,49,50,180,0,13107,0,0,0.0,0.0,0.0,60.0,-4661574.5,70.5,0.0,-2.592443462456443e+17,0.0,1070,0,1071,0,0,0,1072,0,1081,0,996,0,639,0,640,0,635,0,676,0.032,6.16121252061899e+21,0.0,0.0,49808,16812,-0.035,-2.592443462456443e+17,1184895360.0,0.0,0.0,-38551660003328.0,50.0,60.0,35,0.0,0.0,10.0,2.0,0.0,0.0,0.0,0.0,0.0,0.0,0.0,0.0,0.0,0.0,0.0,0.0,59.2,54,12,65509,27,65476,0,300,0,0,8,20529,65476,0,0,30147,60.0,0.0,10.0,10.0,2.0,0.0
2026-02-16T12:07:01,ERR,ERR,ERR,ERR,ERR,ERR,ERR,ERR,ERR,ERR,ERR,ERR,ERR,ERR,ERR,ERR,ERR,ERR,ERR,ERR,ERR,ERR,ERR,ERR,ERR,ERR,ERR,ERR,ERR,ERR,ERR,ERR,ERR,ERR,ERR,ERR,ERR,ERR,ERR,ERR,ERR,ERR,ERR,ERR,ERR,ERR,ERR,ERR,ERR,ERR,ERR,ERR,ERR,ERR,ERR,ERR,ERR,ERR,ERR,ERR,ERR,ERR,ERR,ERR,ERR,ERR,ERR,ERR,ERR,ERR,ERR,ERR,ERR,ERR,ERR,ERR,ERR,ERR,ERR,ERR,ERR,ERR,ERR,ERR,ERR,ERR,ERR,ERR,ERR,ERR,ERR,ERR,ERR,ERR,ERR,ERR,ERR,ERR,ERR,ERR,ERR,ERR,ERR,ERR,ERR,ERR,ERR,ERR,ERR,ERR,ERR,ERR,ERR,ERR,ERR,ERR,ERR,ERR,ERR,ERR,ERR,ERR,ERR,ERR,ERR,-0.0,2.7184525388662284e+23,2.6947940491597406e+23,-0.0,0.0,-0.0,-6.190120929661117e+37,0.0,4300,0,8,17170,4300,-0.0,40,0.0,0.0,-0.0,0.0,-0.0,0,0,0,0,0.0,0,0,0,0,0,0,0,0,0,0,0,0,0,0,0,0,0,0,0,0,0,0,0,0,0,0,0,0,0,0,0,0,0,12,36,36,48,65476,409,65476,1,0,4,21553,0.0,2.7183305813883192e+23,3.995063712759446e+20,0.0,0.0,0.0,0.0,0.0,0.0,0.0,0.0,0.0,0.0,0.0,0.0,0.0,0.0,0.0,0.0,0.0,0.0,2.004,-0.0,2.004,-2.004,-3.697077062071222e+19,0.0,0.0,0.0,0.0,6576.0,2.4230020278207133e+24,0.0,-0.0,2.7184525388662284e+23,-0.0,-2.7184510977143476e+23,-0.0,0.0,2.004,2.004,224,126840537088.0,4.95042434246788e+32,0.0,0.0,0.0,0.0,0.0,0.0,0.0,0,0,0,-6344.429,20128.959,2.504,2.5180462022330992e+30,7.684640569295108e+25,-249.258,8.510599069218676e+24,-0.0,1.6897231617724816e+34,-7.323719409267114e+18,-0.0,26147.08,0.0,0.0,0.0,0.0,0,1.3516416376850534e+27,224,0.0,446,0.0,-1881180032.0,2114,26215,17110,13107,17112,13107,17095,0,0,0,101,100,100,0.0,63.5,0.0,64.3,-0.0,63.75,1,49,50,180,0,13107,0,0,0.0,0.0,0.0,60.0,-4661574.5,70.5,0.0,-2.592443462456443e+17,0.0,1070,0,1071,0,0,0,1072,0,1081,0,996,0,639,0,640,0,635,0,676,0.032,6.16121252061899e+21,0.0,0.0,49808,16812,-0.035,-2.592443462456443e+17,1184895360.0,0.0,0.0,-38551660003328.0,50.0,60.0,35,0.0,0.0,10.0,2.0,0.0,0.0,0.0,0.0,0.0,0.0,0.0,0.0,0.0,0.0,0.0,0.0,58.8,54,12,65509,27,65476,0,300,0,0,8,20529,65476,0,0,30147,60.0,0.0,10.0,10.0,2.0,0.0
2026-02-16T12:07:02,ERR,ERR,ERR,ERR,ERR,ERR,ERR,ERR,ERR,ERR,ERR,ERR,ERR,ERR,ERR,ERR,ERR,ERR,ERR,ERR,ERR,ERR,ERR,ERR,ERR,ERR,ERR,ERR,ERR,ERR,ERR,ERR,ERR,ERR,ERR,ERR,ERR,ERR,ERR,ERR,ERR,ERR,ERR,ERR,ERR,ERR,ERR,ERR,ERR,ERR,ERR,ERR,ERR,ERR,ERR,ERR,ERR,ERR,ERR,ERR,ERR,ERR,ERR,ERR,ERR,ERR,ERR,ERR,ERR,ERR,ERR,ERR,ERR,ERR,ERR,ERR,ERR,ERR,ERR,ERR,ERR,ERR,ERR,ERR,ERR,ERR,ERR,ERR,ERR,ERR,ERR,ERR,ERR,ERR,ERR,ERR,ERR,ERR,ERR,ERR,ERR,ERR,ERR,ERR,ERR,ERR,ERR,ERR,ERR,ERR,ERR,ERR,ERR,ERR,ERR,ERR,ERR,ERR,ERR,ERR,ERR,ERR,ERR,ERR,ERR,-0.0,2.7184525388662284e+23,2.6947940491597406e+23,-0.0,0.0,-0.0,-6.190120929661117e+37,0.0,4300,0,8,17170,4300,-0.0,40,0.0,0.0,-0.0,0.0,-0.0,0,0,0,0,0.0,0,0,0,0,0,0,0,0,0,0,0,0,0,0,0,0,0,0,0,0,0,0,0,0,0,0,0,0,0,0,0,0,0,12,36,36,48,65476,409,65476,1,0,4,21553,0.0,2.7183305813883192e+23,3.995063712759446e+20,0.0,0.0,0.0,0.0,0.0,0.0,0.0,0.0,0.0,0.0,0.0,0.0,0.0,0.0,0.0,0.0,0.0,0.0,2.004,-0.0,2.004,-2.004,-3.697077062071222e+19,0.0,0.0,0.0,0.0,6576.0,2.4230020278207133e+24,0.0,-0.0,2.7184525388662284e+23,-0.0,-2.7184510977143476e+23,-0.0,0.0,2.004,2.004,224,126840537088.0,4.95042434246788e+32,0.0,0.0,0.0,0.0,0.0,0.0,0.0,0,0,0,-6344.429,20128.959,2.504,2.5180462022330992e+30,7.684640569295108e+25,-249.258,8.510599069218676e+24,-0.0,1.6897231617724816e+34,-7.323719409267114e+18,-0.0,26147.08,0.0,0.0,0.0,0.0,0,1.3516416376850534e+27,224,0.0,446,0.0,-1881180032.0,2114,26215,17110,13107,17112,13107,17095,0,0,0,101,100,100,0.0,63.5,0.0,64.3,-0.0,63.75,1,49,50,180,0,13107,0,0,0.0,0.0,0.0,60.0,-4661574.5,70.5,0.0,-2.592443462456443e+17,0.0,1070,0,1071,0,0,0,1072,0,1081,0,996,0,639,0,640,0,635,0,676,0.032,6.16121252061899e+21,0.0,0.0,49808,16812,-0.035,-2.592443462456443e+17,1184895360.0,0.0,0.0,-38551660003328.0,50.0,60.0,35,0.0,0.0,10.0,2.0,0.0,0.0,0.0,0.0,0.0,0.0,0.0,0.0,0.0,0.0,0.0,0.0,58.8,54,12,65509,27,65476,0,300,0,0,8,20529,65476,0,0,30147,60.0,0.0,10.0,10.0,2.0,0.0
2026-02-16T12:07:03,ERR,ERR,ERR,ERR,ERR,ERR,ERR,ERR,ERR,ERR,ERR,ERR,ERR,ERR,ERR,ERR,ERR,ERR,ERR,ERR,ERR,ERR,ERR,ERR,ERR,ERR,ERR,ERR,ERR,ERR,ERR,ERR,ERR,ERR,ERR,ERR,ERR,ERR,ERR,ERR,ERR,ERR,ERR,ERR,ERR,ERR,ERR,ERR,ERR,ERR,ERR,ERR,ERR,ERR,ERR,ERR,ERR,ERR,ERR,ERR,ERR,ERR,ERR,ERR,ERR,ERR,ERR,ERR,ERR,ERR,ERR,ERR,ERR,ERR,ERR,ERR,ERR,ERR,ERR,ERR,ERR,ERR,ERR,ERR,ERR,ERR,ERR,ERR,ERR,ERR,ERR,ERR,ERR,ERR,ERR,ERR,ERR,ERR,ERR,ERR,ERR,ERR,ERR,ERR,ERR,ERR,ERR,ERR,ERR,ERR,ERR,ERR,ERR,ERR,ERR,ERR,ERR,ERR,ERR,ERR,ERR,ERR,ERR,ERR,ERR,-0.0,2.7184525388662284e+23,2.6947940491597406e+23,-0.0,0.0,-0.0,-6.190120929661117e+37,0.0,4300,0,8,17170,4300,-0.0,40,0.0,0.0,-0.0,0.0,-0.0,0,0,0,0,0.0,0,0,0,0,0,0,0,0,0,0,0,0,0,0,0,0,0,0,0,0,0,0,0,0,0,0,0,0,0,0,0,0,0,12,36,36,48,65476,409,65476,1,0,4,21553,0.0,2.7183305813883192e+23,3.995063712759446e+20,0.0,0.0,0.0,0.0,0.0,0.0,0.0,0.0,0.0,0.0,0.0,0.0,0.0,0.0,0.0,0.0,0.0,0.0,2.004,-0.0,2.004,-2.004,-3.697077062071222e+19,0.0,0.0,0.0,0.0,6576.0,2.4230020278207133e+24,0.0,-0.0,2.7184525388662284e+23,-0.0,-2.7184510977143476e+23,-0.0,0.0,2.004,2.004,224,126840537088.0,4.95042434246788e+32,0.0,0.0,0.0,0.0,0.0,0.0,0.0,0,0,0,-6344.429,20128.959,2.504,2.5180462022330992e+30,7.684640569295108e+25,-249.258,8.510599069218676e+24,-0.0,1.6897231617724816e+34,-7.323719409267114e+18,-0.0,26147.08,0.0,0.0,0.0,0.0,0,1.3516416376850534e+27,224,0.0,446,0.0,-1881180032.0,2114,26215,17110,13107,17112,13107,17095,0,0,0,101,100,100,0.0,63.5,0.0,64.3,-0.0,63.75,1,49,50,180,0,13107,0,0,0.0,0.0,0.0,60.0,-6792.319,70.5,0.0,0.0,0.0,1070,0,1071,0,0,0,1072,0,1081,0,996,0,639,0,640,0,635,0,676,0.032,6.16121252061899e+21,0.0,0.0,55184,16812,-0.001,-8.852682652306637e+16,13072.034,0.0,0.0,-1553990656.0,50.0,60.0,35,0.0,0.0,10.0,2.0,0.0,0.0,0.0,0.0,0.0,0.0,0.0,0.0,0.0,0.0,0.0,0.0,58.8,54,12,65509,27,65476,0,300,0,0,8,20529,65476,0,0,30147,60.0,0.0,10.0,10.0,2.0,0.0
2026-02-16T12:07:04,ERR,ERR,ERR,ERR,ERR,ERR,ERR,ERR,ERR,ERR,ERR,ERR,ERR,ERR,ERR,ERR,ERR,ERR,ERR,ERR,ERR,ERR,ERR,ERR,ERR,ERR,ERR,ERR,ERR,ERR,ERR,ERR,ERR,ERR,ERR,ERR,ERR,ERR,ERR,ERR,ERR,ERR,ERR,ERR,ERR,ERR,ERR,ERR,ERR,ERR,ERR,ERR,ERR,ERR,ERR,ERR,ERR,ERR,ERR,ERR,ERR,ERR,ERR,ERR,ERR,ERR,ERR,ERR,ERR,ERR,ERR,ERR,ERR,ERR,ERR,ERR,ERR,ERR,ERR,ERR,ERR,ERR,ERR,ERR,ERR,ERR,ERR,ERR,ERR,ERR,ERR,ERR,ERR,ERR,ERR,ERR,ERR,ERR,ERR,ERR,ERR,ERR,ERR,ERR,ERR,ERR,ERR,ERR,ERR,ERR,ERR,ERR,ERR,ERR,ERR,ERR,ERR,ERR,ERR,ERR,ERR,ERR,ERR,ERR,ERR,-0.0,2.7184525388662284e+23,2.6947940491597406e+23,-0.0,0.0,-0.0,-6.190120929661117e+37,0.0,4300,0,8,17170,4300,-0.0,40,0.0,0.0,-0.0,0.0,-0.0,0,0,0,0,0.0,0,0,0,0,0,0,0,0,0,0,0,0,0,0,0,0,0,0,0,0,0,0,0,0,0,0,0,0,0,0,0,0,0,12,36,36,48,65476,409,65476,1,0,4,21553,0.0,2.7183305813883192e+23,3.995063712759446e+20,0.0,0.0,0.0,0.0,0.0,0.0,0.0,0.0,0.0,0.0,0.0,0.0,0.0,0.0,0.0,0.0,0.0,0.0,2.004,-0.0,2.004,-2.004,-3.697077062071222e+19,0.0,0.0,0.0,0.0,6576.0,2.4230020278207133e+24,0.0,-0.0,2.7184525388662284e+23,-0.0,-2.7184510977143476e+23,-0.0,0.0,2.004,2.004,224,126840537088.0,4.95042434246788e+32,0.0,0.0,0.0,0.0,0.0,0.0,0.0,0,0,0,-6344.429,20128.959,2.504,2.5180462022330992e+30,7.684640569295108e+25,-249.258,8.510599069218676e+24,-0.0,1.6897231617724816e+34,-7.323719409267114e+18,-0.0,26147.08,0.0,0.0,0.0,0.0,0,1.3516416376850534e+27,224,0.0,446,0.0,-1881180032.0,2114,26215,17110,13107,17112,13107,17095,0,0,0,101,100,100,0.0,63.5,0.0,64.3,-0.0,63.75,1,49,50,180,0,13107,0,0,0.0,0.0,0.0,60.0,-6792.319,70.5,0.0,0.0,0.0,1070,0,1071,0,0,0,1072,0,1081,0,996,0,639,0,640,0,635,0,676,0.032,6.16121252061899e+21,0.0,0.0,55184,16812,-0.001,-8.852682652306637e+16,13072.034,0.0,0.0,-1553990656.0,50.0,60.0,35,0.0,0.0,10.0,2.0,0.0,0.0,0.0,0.0,0.0,0.0,0.0,0.0,0.0,0.0,0.0,0.0,58.8,54,12,65509,27,65476,0,300,0,0,8,20529,65476,0,0,30147,60.0,0.0,10.0,10.0,2.0,0.0
2026-02-16T12:07:05,ERR,ERR,ERR,ERR,ERR,ERR,ERR,ERR,ERR,ERR,ERR,ERR,ERR,ERR,ERR,ERR,ERR,ERR,ERR,ERR,ERR,ERR,ERR,ERR,ERR,ERR,ERR,ERR,ERR,ERR,ERR,ERR,ERR,ERR,ERR,ERR,ERR,ERR,ERR,ERR,ERR,ERR,ERR,ERR,ERR,ERR,ERR,ERR,ERR,ERR,ERR,ERR,ERR,ERR,ERR,ERR,ERR,ERR,ERR,ERR,ERR,ERR,ERR,ERR,ERR,ERR,ERR,ERR,ERR,ERR,ERR,ERR,ERR,ERR,ERR,ERR,ERR,ERR,ERR,ERR,ERR,ERR,ERR,ERR,ERR,ERR,ERR,ERR,ERR,ERR,ERR,ERR,ERR,ERR,ERR,ERR,ERR,ERR,ERR,ERR,ERR,ERR,ERR,ERR,ERR,ERR,ERR,ERR,ERR,ERR,ERR,ERR,ERR,ERR,ERR,ERR,ERR,ERR,ERR,ERR,ERR,ERR,ERR,ERR,ERR,-0.0,2.7184525388662284e+23,2.6947940491597406e+23,-0.0,0.0,-0.0,-6.190120929661117e+37,0.0,4300,0,8,17170,4300,-0.0,40,0.0,0.0,-0.0,0.0,-0.0,0,0,0,0,0.0,0,0,0,0,0,0,0,0,0,0,0,0,0,0,0,0,0,0,0,0,0,0,0,0,0,0,0,0,0,0,0,0,0,12,36,36,48,65476,409,65476,1,0,4,21553,0.0,2.7183305813883192e+23,3.995063712759446e+20,0.0,0.0,0.0,0.0,0.0,0.0,0.0,0.0,0.0,0.0,0.0,0.0,0.0,0.0,0.0,0.0,0.0,0.0,2.004,-0.0,2.004,-2.004,-3.697077062071222e+19,0.0,0.0,0.0,0.0,6576.0,2.4230020278207133e+24,0.0,-0.0,2.7184525388662284e+23,-0.0,-2.7184510977143476e+23,-0.0,0.0,2.004,2.004,224,126840537088.0,4.95042434246788e+32,0.0,0.0,0.0,0.0,0.0,0.0,0.0,0,0,0,-6344.429,20128.959,2.504,2.5180462022330992e+30,7.684640569295108e+25,-249.258,8.510599069218676e+24,-0.0,1.6897231617724816e+34,-7.323719409267114e+18,-0.0,26147.08,0.0,0.0,0.0,0.0,0,1.3516416376850534e+27,224,0.0,446,0.0,-1881180032.0,2114,26215,17110,13107,17112,13107,17095,0,0,0,101,100,100,0.0,63.5,0.0,64.3,-0.0,63.75,1,49,50,180,0,13107,0,0,0.0,0.0,0.0,60.0,-6792.319,70.5,0.0,0.0,0.0,1070,0,1071,0,0,0,1072,0,1081,0,996,0,639,0,640,0,635,0,676,0.032,6.16121252061899e+21,0.0,0.0,55184,16812,-0.001,-8.852682652306637e+16,13072.034,0.0,0.0,-1553990656.0,50.0,60.0,35,0.0,0.0,10.0,2.0,0.0,0.0,0.0,0.0,0.0,0.0,0.0,0.0,0.0,0.0,0.0,0.0,58.8,54,12,65509,27,65476,0,300,0,0,8,20529,65476,0,0,30147,60.0,0.0,10.0,10.0,2.0,0.0
2026-02-16T12:07:06,ERR,ERR,ERR,ERR,ERR,ERR,ERR,ERR,ERR,ERR,ERR,ERR,ERR,ERR,ERR,ERR,ERR,ERR,ERR,ERR,ERR,ERR,ERR,ERR,ERR,ERR,ERR,ERR,ERR,ERR,ERR,ERR,ERR,ERR,ERR,ERR,ERR,ERR,ERR,ERR,ERR,ERR,ERR,ERR,ERR,ERR,ERR,ERR,ERR,ERR,ERR,ERR,ERR,ERR,ERR,ERR,ERR,ERR,ERR,ERR,ERR,ERR,ERR,ERR,ERR,ERR,ERR,ERR,ERR,ERR,ERR,ERR,ERR,ERR,ERR,ERR,ERR,ERR,ERR,ERR,ERR,ERR,ERR,ERR,ERR,ERR,ERR,ERR,ERR,ERR,ERR,ERR,ERR,ERR,ERR,ERR,ERR,ERR,ERR,ERR,ERR,ERR,ERR,ERR,ERR,ERR,ERR,ERR,ERR,ERR,ERR,ERR,ERR,ERR,ERR,ERR,ERR,ERR,ERR,ERR,ERR,ERR,ERR,ERR,ERR,-0.0,2.7184525388662284e+23,2.6947940491597406e+23,-0.0,0.0,0.0,-0.0,-0.0,4300,0,8,17170,4300,-0.0,39,0.0,0.0,-0.0,0.0,-0.0,0,0,0,0,0.0,0,0,0,0,0,0,0,0,0,0,0,0,0,0,0,0,0,0,0,0,0,0,0,0,0,0,0,0,0,0,0,0,0,11,37,36,48,65476,407,65476,1,0,4,21553,0.0,2.7183305813883192e+23,0.0,0.0,0.0,0.0,0.0,0.0,0.0,0.0,0.0,0.0,0.0,0.0,0.0,0.0,0.0,0.0,0.0,0.0,0.0,2.004,-0.0,2.004,-2.004,0.0,0.0,0.0,0.0,0.0,6573.0,564149121712128.0,0.0,-0.0,2.7184525388662284e+23,2.718449836706452e+23,0.0,-0.0,0.0,2.004,2.004,225,0.0,3.2220245344017747e+26,0.0,0.0,0.0,0.0,0.0,0.0,0.0,0,0,0,-0.0,0.0,0.024,-0.0,810399125471232.0,-0.0,-0.0,-112850290868224.0,-1231048.375,-7.792093770513646e+18,-0.0,27683.08,0.0,0.0,0.0,25266087936.0,0,1.3516416376850534e+27,223,0.0,446,-2.637553503966331e+17,-0.0,2114,26215,17110,13107,17112,13107,17095,0,0,0,101,100,100,0.0,63.5,0.0,64.0,-0.0,63.75,1,49,50,180,0,13107,0,0,0.0,0.0,0.0,60.0,-0.001,70.5,0.0,0.0,0.0,1070,0,1071,0,0,0,1072,0,1081,0,996,0,639,0,640,0,635,0,676,0.032,6.234999496913828e+21,0.0,0.0,41232,16812,-9104.638,-7.395099154386518e+18,2.297436337947665e+24,-4728.118,0.0,-1.3951015764269028e+27,50.0,60.0,35,0.0,0.0,10.0,2.0,0.0,0.0,0.0,0.0,0.0,0.0,0.0,0.0,0.0,0.0,0.0,0.0,58.8,54,12,65509,27,65476,0,300,0,0,8,20529,65476,0,0,30147,60.0,0.0,10.0,10.0,2.0,0.0
2026-02-16T12:07:07,ERR,ERR,ERR,ERR,ERR,ERR,ERR,ERR,ERR,ERR,ERR,ERR,ERR,ERR,ERR,ERR,ERR,ERR,ERR,ERR,ERR,ERR,ERR,ERR,ERR,ERR,ERR,ERR,ERR,ERR,ERR,ERR,ERR,ERR,ERR,ERR,ERR,ERR,ERR,ERR,ERR,ERR,ERR,ERR,ERR,ERR,ERR,ERR,ERR,ERR,ERR,ERR,ERR,ERR,ERR,ERR,ERR,ERR,ERR,ERR,ERR,ERR,ERR,ERR,ERR,ERR,ERR,ERR,ERR,ERR,ERR,ERR,ERR,ERR,ERR,ERR,ERR,ERR,ERR,ERR,ERR,ERR,ERR,ERR,ERR,ERR,ERR,ERR,ERR,ERR,ERR,ERR,ERR,ERR,ERR,ERR,ERR,ERR,ERR,ERR,ERR,ERR,ERR,ERR,ERR,ERR,ERR,ERR,ERR,ERR,ERR,ERR,ERR,ERR,ERR,ERR,ERR,ERR,ERR,ERR,ERR,ERR,ERR,ERR,ERR,-0.0,2.7184525388662284e+23,2.6947940491597406e+23,-0.0,0.0,0.0,-0.0,-0.0,4300,0,8,17170,4300,-0.0,39,0.0,0.0,-0.0,0.0,-0.0,0,0,0,0,0.0,0,0,0,0,0,0,0,0,0,0,0,0,0,0,0,0,0,0,0,0,0,0,0,0,0,0,0,0,0,0,0,0,0,11,37,36,48,65476,407,65476,1,0,4,21553,0.0,2.7183305813883192e+23,0.0,0.0,0.0,0.0,0.0,0.0,0.0,0.0,0.0,0.0,0.0,0.0,0.0,0.0,0.0,0.0,0.0,0.0,0.0,2.004,-0.0,2.004,-2.004,0.0,0.0,0.0,0.0,0.0,6573.0,564149121712128.0,0.0,-0.0,2.7184525388662284e+23,2.718449836706452e+23,0.0,-0.0,0.0,2.004,2.004,225,0.0,3.2220245344017747e+26,0.0,0.0,0.0,0.0,0.0,0.0,0.0,0,0,0,-0.0,0.0,0.024,-0.0,810399125471232.0,-0.0,-0.0,-112850290868224.0,-1231048.375,-7.792093770513646e+18,-0.0,27683.08,0.0,0.0,0.0,25266087936.0,0,1.3516416376850534e+27,223,0.0,446,-2.637553503966331e+17,-0.0,2114,26215,17110,13107,17112,13107,17095,0,0,0,101,100,100,0.0,63.5,0.0,64.0,-0.0,63.75,1,49,50,180,0,13107,0,0,0.0,0.0,0.0,60.0,-0.001,70.5,0.0,0.0,0.0,1070,0,1071,0,0,0,1072,0,1081,0,996,0,639,0,640,0,635,0,676,0.032,6.234999496913828e+21,0.0,0.0,41232,16812,-9104.638,-7.395099154386518e+18,2.297436337947665e+24,-4728.118,0.0,-1.3951015764269028e+27,50.0,60.0,35,0.0,0.0,10.0,2.0,0.0,0.0,0.0,0.0,0.0,0.0,0.0,0.0,0.0,0.0,0.0,0.0,59.2,54,12,65509,27,65476,0,300,0,0,8,20529,65476,0,0,30147,60.0,0.0,10.0,10.0,2.0,0.0
2026-02-16T12:07:08,ERR,ERR,ERR,ERR,ERR,ERR,ERR,ERR,ERR,ERR,ERR,ERR,ERR,ERR,ERR,ERR,ERR,ERR,ERR,ERR,ERR,ERR,ERR,ERR,ERR,ERR,ERR,ERR,ERR,ERR,ERR,ERR,ERR,ERR,ERR,ERR,ERR,ERR,ERR,ERR,ERR,ERR,ERR,ERR,ERR,ERR,ERR,ERR,ERR,ERR,ERR,ERR,ERR,ERR,ERR,ERR,ERR,ERR,ERR,ERR,ERR,ERR,ERR,ERR,ERR,ERR,ERR,ERR,ERR,ERR,ERR,ERR,ERR,ERR,ERR,ERR,ERR,ERR,ERR,ERR,ERR,ERR,ERR,ERR,ERR,ERR,ERR,ERR,ERR,ERR,ERR,ERR,ERR,ERR,ERR,ERR,ERR,ERR,ERR,ERR,ERR,ERR,ERR,ERR,ERR,ERR,ERR,ERR,ERR,ERR,ERR,ERR,ERR,ERR,ERR,ERR,ERR,ERR,ERR,ERR,ERR,ERR,ERR,ERR,ERR,-0.0,2.7184525388662284e+23,2.6947940491597406e+23,-0.0,0.0,0.0,-0.0,-0.0,4300,0,8,17170,4300,-0.0,39,0.0,0.0,-0.0,0.0,-0.0,0,0,0,0,0.0,0,0,0,0,0,0,0,0,0,0,0,0,0,0,0,0,0,0,0,0,0,0,0,0,0,0,0,0,0,0,0,0,0,11,37,36,48,65476,407,65476,1,0,4,21553,0.0,2.7183305813883192e+23,0.0,0.0,0.0,0.0,0.0,0.0,0.0,0.0,0.0,0.0,0.0,0.0,0.0,0.0,0.0,0.0,0.0,0.0,0.0,2.004,-0.0,2.004,-2.004,0.0,0.0,0.0,0.0,0.0,6573.0,564149121712128.0,0.0,-0.0,2.7184525388662284e+23,2.718449836706452e+23,0.0,-0.0,0.0,2.004,2.004,225,0.0,3.2220245344017747e+26,0.0,0.0,0.0,0.0,0.0,0.0,0.0,0,0,0,-0.0,0.0,0.024,-0.0,810399125471232.0,-0.0,-0.0,-112850290868224.0,-1231048.375,-7.792093770513646e+18,-0.0,27683.08,0.0,0.0,0.0,25266087936.0,0,1.3516416376850534e+27,223,0.0,446,-2.637553503966331e+17,-0.0,2114,26215,17110,13107,17112,13107,17095,0,0,0,101,100,100,0.0,63.5,0.0,64.0,-0.0,63.75,1,49,50,180,0,13107,0,0,0.0,0.0,0.0,60.0,-0.001,70.5,0.0,0.0,0.0,1070,0,1071,0,0,0,1072,0,1081,0,996,0,639,0,640,0,635,0,676,0.032,6.234999496913828e+21,0.0,0.0,41232,16812,-9104.638,-7.395099154386518e+18,2.297436337947665e+24,-4728.118,0.0,-1.3951015764269028e+27,50.0,60.0,35,0.0,0.0,10.0,2.0,0.0,0.0,0.0,0.0,0.0,0.0,0.0,0.0,0.0,0.0,0.0,0.0,59.2,54,12,65509,27,65476,0,300,0,0,8,20529,65476,0,0,30147,60.0,0.0,10.0,10.0,2.0,0.0
2026-02-16T12:07:09,ERR,ERR,ERR,ERR,ERR,ERR,ERR,ERR,ERR,ERR,ERR,ERR,ERR,ERR,ERR,ERR,ERR,ERR,ERR,ERR,ERR,ERR,ERR,ERR,ERR,ERR,ERR,ERR,ERR,ERR,ERR,ERR,ERR,ERR,ERR,ERR,ERR,ERR,ERR,ERR,ERR,ERR,ERR,ERR,ERR,ERR,ERR,ERR,ERR,ERR,ERR,ERR,ERR,ERR,ERR,ERR,ERR,ERR,ERR,ERR,ERR,ERR,ERR,ERR,ERR,ERR,ERR,ERR,ERR,ERR,ERR,ERR,ERR,ERR,ERR,ERR,ERR,ERR,ERR,ERR,ERR,ERR,ERR,ERR,ERR,ERR,ERR,ERR,ERR,ERR,ERR,ERR,ERR,ERR,ERR,ERR,ERR,ERR,ERR,ERR,ERR,ERR,ERR,ERR,ERR,ERR,ERR,ERR,ERR,ERR,ERR,ERR,ERR,ERR,ERR,ERR,ERR,ERR,ERR,ERR,ERR,ERR,ERR,ERR,ERR,-0.0,2.7184525388662284e+23,2.6947940491597406e+23,-0.0,0.0,0.0,-0.0,-0.0,4300,0,8,17170,4300,-0.0,39,0.0,0.0,-0.0,0.0,-0.0,0,0,0,0,0.0,0,0,0,0,0,0,0,0,0,0,0,0,0,0,0,0,0,0,0,0,0,0,0,0,0,0,0,0,0,0,0,0,0,11,37,36,48,65476,407,65476,1,0,4,21553,0.0,2.7183305813883192e+23,0.0,0.0,0.0,0.0,0.0,0.0,0.0,0.0,0.0,0.0,0.0,0.0,0.0,0.0,0.0,0.0,0.0,0.0,0.0,2.004,-0.0,2.004,-2.004,0.0,0.0,0.0,0.0,0.0,6573.0,564149121712128.0,0.0,-0.0,2.7184525388662284e+23,2.718449836706452e+23,0.0,-0.0,0.0,2.004,2.004,225,0.0,3.2220245344017747e+26,0.0,0.0,0.0,0.0,0.0,0.0,0.0,0,0,0,-0.0,0.0,0.024,-0.0,810399125471232.0,-0.0,-0.0,-112850290868224.0,-1231048.375,-7.792093770513646e+18,-0.0,27683.08,0.0,0.0,0.0,25266087936.0,0,1.3516416376850534e+27,223,0.0,446,-2.637553503966331e+17,-0.0,2114,26215,17110,13107,17112,13107,17095,0,0,0,101,100,100,0.0,63.5,0.0,64.0,-0.0,63.75,1,49,50,180,0,13107,0,0,0.0,0.0,0.0,60.0,-0.001,70.5,0.0,0.0,0.0,1070,0,1071,0,0,0,1072,0,1081,0,996,0,639,0,640,0,635,0,676,0.032,6.234999496913828e+21,0.0,0.0,41232,16812,-9104.638,-7.395099154386518e+18,2.297436337947665e+24,-4728.118,0.0,-1.3951015764269028e+27,50.0,60.0,35,0.0,0.0,10.0,2.0,0.0,0.0,0.0,0.0,0.0,0.0,0.0,0.0,0.0,0.0,0.0,0.0,58.8,54,12,65509,27,65476,0,300,0,0,8,20529,65476,0,0,30147,60.0,0.0,10.0,10.0,2.0,0.0
2026-02-16T12:07:10,ERR,ERR,ERR,ERR,ERR,ERR,ERR,ERR,ERR,ERR,ERR,ERR,ERR,ERR,ERR,ERR,ERR,ERR,ERR,ERR,ERR,ERR,ERR,ERR,ERR,ERR,ERR,ERR,ERR,ERR,ERR,ERR,ERR,ERR,ERR,ERR,ERR,ERR,ERR,ERR,ERR,ERR,ERR,ERR,ERR,ERR,ERR,ERR,ERR,ERR,ERR,ERR,ERR,ERR,ERR,ERR,ERR,ERR,ERR,ERR,ERR,ERR,ERR,ERR,ERR,ERR,ERR,ERR,ERR,ERR,ERR,ERR,ERR,ERR,ERR,ERR,ERR,ERR,ERR,ERR,ERR,ERR,ERR,ERR,ERR,ERR,ERR,ERR,ERR,ERR,ERR,ERR,ERR,ERR,ERR,ERR,ERR,ERR,ERR,ERR,ERR,ERR,ERR,ERR,ERR,ERR,ERR,ERR,ERR,ERR,ERR,ERR,ERR,ERR,ERR,ERR,ERR,ERR,ERR,ERR,ERR,ERR,ERR,ERR,ERR,-0.0,2.7184525388662284e+23,2.6947940491597406e+23,-0.0,0.0,0.0,-0.0,-0.0,4300,0,8,17170,4300,-0.0,39,0.0,0.0,-0.0,0.0,-0.0,0,0,0,0,0.0,0,0,0,0,0,0,0,0,0,0,0,0,0,0,0,0,0,0,0,0,0,0,0,0,0,0,0,0,0,0,0,0,0,11,37,36,48,65476,407,65476,1,0,4,21553,0.0,2.7183305813883192e+23,0.0,0.0,0.0,0.0,0.0,0.0,0.0,0.0,0.0,0.0,0.0,0.0,0.0,0.0,0.0,0.0,0.0,0.0,0.0,2.004,-0.0,2.004,-2.004,0.0,0.0,0.0,0.0,0.0,6573.0,564149121712128.0,0.0,-0.0,2.7184525388662284e+23,2.718449836706452e+23,0.0,-0.0,0.0,2.004,2.004,225,0.0,3.2220245344017747e+26,0.0,0.0,0.0,0.0,0.0,0.0,0.0,0,0,0,-0.0,0.0,0.024,-0.0,810399125471232.0,-0.0,-0.0,-112850290868224.0,-1231048.375,-7.792093770513646e+18,-0.0,27683.08,0.0,0.0,0.0,25266087936.0,0,1.3516416376850534e+27,223,0.0,446,-2.637553503966331e+17,-0.0,2114,26215,17110,13107,17112,13107,17095,0,0,0,101,100,100,0.0,63.5,0.0,64.3,-0.0,63.75,1,49,50,180,0,13107,0,0,0.0,0.0,0.0,60.0,-0.119,70.5,0.0,nan,0.0,1070,0,1071,0,0,0,1072,0,1081,0,996,0,639,0,640,0,635,0,676,0.032,6.16121252061899e+21,0.0,0.0,49296,16812,-0.119,nan,-77201688.0,-1587230.0,-0.0,2.488,50.0,60.0,35,0.0,0.0,10.0,2.0,0.0,0.0,0.0,0.0,0.0,0.0,0.0,0.0,0.0,0.0,0.0,0.0,58.8,54,12,65509,27,65476,0,300,0,0,8,20529,65476,0,0,30147,60.0,0.0,10.0,10.0,2.0,0.0
2026-02-16T12:07:11,ERR,ERR,ERR,ERR,ERR,ERR,ERR,ERR,ERR,ERR,ERR,ERR,ERR,ERR,ERR,ERR,ERR,ERR,ERR,ERR,ERR,ERR,ERR,ERR,ERR,ERR,ERR,ERR,ERR,ERR,ERR,ERR,ERR,ERR,ERR,ERR,ERR,ERR,ERR,ERR,ERR,ERR,ERR,ERR,ERR,ERR,ERR,ERR,ERR,ERR,ERR,ERR,ERR,ERR,ERR,ERR,ERR,ERR,ERR,ERR,ERR,ERR,ERR,ERR,ERR,ERR,ERR,ERR,ERR,ERR,ERR,ERR,ERR,ERR,ERR,ERR,ERR,ERR,ERR,ERR,ERR,ERR,ERR,ERR,ERR,ERR,ERR,ERR,ERR,ERR,ERR,ERR,ERR,ERR,ERR,ERR,ERR,ERR,ERR,ERR,ERR,ERR,ERR,ERR,ERR,ERR,ERR,ERR,ERR,ERR,ERR,ERR,ERR,ERR,ERR,ERR,ERR,ERR,ERR,ERR,ERR,ERR,ERR,ERR,ERR,-0.0,2.7184525388662284e+23,2.6947940491597406e+23,-0.0,0.0,2756677.0,0.0,1.6285051436943802e+20,4300,0,8,17171,4300,-0.0,39,0.0,0.0,-0.0,0.0,-0.0,0,0,0,0,0.0,0,0,0,0,0,0,0,0,0,0,0,0,0,0,0,0,0,0,0,0,0,0,0,0,0,0,0,0,0,0,0,0,0,11,37,36,48,65476,408,65476,1,0,4,21553,0.0,-0.0,-1.6372496812516631e+35,0.0,0.0,0.0,0.0,0.0,0.0,0.0,0.0,0.0,0.0,0.0,0.0,0.0,0.0,0.0,0.0,0.0,0.0,2.004,-0.0,2.004,-3.6970739834386645e+19,2.004,0.0,0.0,0.0,0.0,6577.0,2.004,0.0,2.718442270659078e+23,2.7184525388662284e+23,-0.0,0.0,0.0,0.0,2.004,2.004,223,1.9056859227671757e+17,1.9056960588899942e+17,0.0,0.0,0.0,0.0,0.0,0.0,0.0,0,0,0,-0.052,-299633360240640.0,228621.75,0.0,3470294920462336.0,-7496.24,-0.0,-0.0,-0.0,-8.224439334741213e+18,-0.0,29475.08,0.0,0.0,0.0,2.9448857427397267e+27,0,1.3516416376850534e+27,223,0.0,446,-2.637553503966331e+17,-1.351645921280977e+35,2114,26215,17110,13107,17112,13107,17095,0,0,0,101,100,100,0.0,63.5,0.0,64.3,-0.0,63.75,1,49,50,180,0,13107,0,0,0.0,0.0,0.0,60.0,-0.119,70.5,0.0,nan,0.0,1070,0,1071,0,0,0,1072,0,1081,0,996,0,639,0,640,0,635,0,676,0.032,6.16121252061899e+21,0.0,0.0,49296,16812,-0.119,nan,-77201688.0,-1587230.0,-0.0,2.488,50.0,60.0,35,0.0,0.0,10.0,2.0,0.0,0.0,0.0,0.0,0.0,0.0,0.0,0.0,0.0,0.0,0.0,0.0,58.8,54,12,65509,27,65476,0,300,0,0,8,20529,65476,0,0,30147,60.0,0.0,10.0,10.0,2.0,0.0
2026-02-16T12:07:12,ERR,ERR,ERR,ERR,ERR,ERR,ERR,ERR,ERR,ERR,ERR,ERR,ERR,ERR,ERR,ERR,ERR,ERR,ERR,ERR,ERR,ERR,ERR,ERR,ERR,ERR,ERR,ERR,ERR,ERR,ERR,ERR,ERR,ERR,ERR,ERR,ERR,ERR,ERR,ERR,ERR,ERR,ERR,ERR,ERR,ERR,ERR,ERR,ERR,ERR,ERR,ERR,ERR,ERR,ERR,ERR,ERR,ERR,ERR,ERR,ERR,ERR,ERR,ERR,ERR,ERR,ERR,ERR,ERR,ERR,ERR,ERR,ERR,ERR,ERR,ERR,ERR,ERR,ERR,ERR,ERR,ERR,ERR,ERR,ERR,ERR,ERR,ERR,ERR,ERR,ERR,ERR,ERR,ERR,ERR,ERR,ERR,ERR,ERR,ERR,ERR,ERR,ERR,ERR,ERR,ERR,ERR,ERR,ERR,ERR,ERR,ERR,ERR,ERR,ERR,ERR,ERR,ERR,ERR,ERR,ERR,ERR,ERR,ERR,ERR,-0.0,2.7184525388662284e+23,2.6947940491597406e+23,-0.0,0.0,2756677.0,0.0,1.6285051436943802e+20,4300,0,8,17171,4300,-0.0,39,0.0,0.0,-0.0,0.0,-0.0,0,0,0,0,0.0,0,0,0,0,0,0,0,0,0,0,0,0,0,0,0,0,0,0,0,0,0,0,0,0,0,0,0,0,0,0,0,0,0,11,37,36,48,65476,408,65476,1,0,4,21553,0.0,-0.0,-1.6372496812516631e+35,0.0,0.0,0.0,0.0,0.0,0.0,0.0,0.0,0.0,0.0,0.0,0.0,0.0,0.0,0.0,0.0,0.0,0.0,2.004,-0.0,2.004,-3.6970739834386645e+19,2.004,0.0,0.0,0.0,0.0,6577.0,2.004,0.0,2.718442270659078e+23,2.7184525388662284e+23,-0.0,0.0,0.0,0.0,2.004,2.004,223,1.9056859227671757e+17,1.9056960588899942e+17,0.0,0.0,0.0,0.0,0.0,0.0,0.0,0,0,0,-0.052,-299633360240640.0,228621.75,0.0,3470294920462336.0,-7496.24,-0.0,-0.0,-0.0,-8.224439334741213e+18,-0.0,29475.08,0.0,0.0,0.0,2.9448857427397267e+27,0,1.3516416376850534e+27,223,0.0,446,-2.637553503966331e+17,-1.351645921280977e+35,2114,26215,17110,13107,17112,13107,17095,0,0,0,101,100,100,0.0,63.5,0.0,64.3,-0.0,63.75,1,49,50,180,0,13107,0,0,0.0,0.0,0.0,60.0,-0.119,70.5,0.0,nan,0.0,1070,0,1071,0,0,0,1072,0,1081,0,996,0,639,0,640,0,635,0,676,0.032,6.16121252061899e+21,0.0,0.0,49296,16812,-0.119,nan,-77201688.0,-1587230.0,-0.0,2.488,50.0,60.0,35,0.0,0.0,10.0,2.0,0.0,0.0,0.0,0.0,0.0,0.0,0.0,0.0,0.0,0.0,0.0,0.0,58.8,54,12,65509,27,65476,0,300,0,0,8,20529,65476,0,0,30147,60.0,0.0,10.0,10.0,2.0,0.0
2026-02-16T12:07:13,ERR,ERR,ERR,ERR,ERR,ERR,ERR,ERR,ERR,ERR,ERR,ERR,ERR,ERR,ERR,ERR,ERR,ERR,ERR,ERR,ERR,ERR,ERR,ERR,ERR,ERR,ERR,ERR,ERR,ERR,ERR,ERR,ERR,ERR,ERR,ERR,ERR,ERR,ERR,ERR,ERR,ERR,ERR,ERR,ERR,ERR,ERR,ERR,ERR,ERR,ERR,ERR,ERR,ERR,ERR,ERR,ERR,ERR,ERR,ERR,ERR,ERR,ERR,ERR,ERR,ERR,ERR,ERR,ERR,ERR,ERR,ERR,ERR,ERR,ERR,ERR,ERR,ERR,ERR,ERR,ERR,ERR,ERR,ERR,ERR,ERR,ERR,ERR,ERR,ERR,ERR,ERR,ERR,ERR,ERR,ERR,ERR,ERR,ERR,ERR,ERR,ERR,ERR,ERR,ERR,ERR,ERR,ERR,ERR,ERR,ERR,ERR,ERR,ERR,ERR,ERR,ERR,ERR,ERR,ERR,ERR,ERR,ERR,ERR,ERR,-0.0,2.7184525388662284e+23,2.6947940491597406e+23,-0.0,0.0,2756677.0,0.0,1.6285051436943802e+20,4300,0,8,17171,4300,-0.0,39,0.0,0.0,-0.0,0.0,-0.0,0,0,0,0,0.0,0,0,0,0,0,0,0,0,0,0,0,0,0,0,0,0,0,0,0,0,0,0,0,0,0,0,0,0,0,0,0,0,0,11,37,36,48,65476,408,65476,1,0,4,21553,0.0,-0.0,-1.6372496812516631e+35,0.0,0.0,0.0,0.0,0.0,0.0,0.0,0.0,0.0,0.0,0.0,0.0,0.0,0.0,0.0,0.0,0.0,0.0,2.004,-0.0,2.004,-3.6970739834386645e+19,2.004,0.0,0.0,0.0,0.0,6577.0,2.004,0.0,2.718442270659078e+23,2.7184525388662284e+23,-0.0,0.0,0.0,0.0,2.004,2.004,223,1.9056859227671757e+17,1.9056960588899942e+17,0.0,0.0,0.0,0.0,0.0,0.0,0.0,0,0,0,-0.052,-299633360240640.0,228621.75,0.0,3470294920462336.0,-7496.24,-0.0,-0.0,-0.0,-8.224439334741213e+18,-0.0,29475.08,0.0,0.0,0.0,2.9448857427397267e+27,0,1.3516416376850534e+27,223,0.0,446,-2.637553503966331e+17,-1.351645921280977e+35,2114,26215,17110,13107,17112,13107,17095,0,0,0,101,100,100,0.0,63.5,0.0,64.0,0.0,64.0,1,49,50,180,0,13107,0,0,0.0,0.0,0.0,60.0,-1370193.625,70.5,0.0,1.2262123040145408e+16,0.0,1070,0,1071,0,0,0,1072,0,1081,0,996,0,639,0,640,0,635,0,675,0.032,6.198106008766409e+21,0.0,0.0,2448,16813,-134357295104.0,0.0,-62016.137,-1952479232.0,-0.0,0.227,50.0,60.0,35,0.0,0.0,10.0,2.0,0.0,0.0,0.0,0.0,0.0,0.0,0.0,0.0,0.0,0.0,0.0,0.0,58.8,54,12,65509,27,65476,0,300,0,0,8,20529,65476,0,0,30147,60.0,0.0,10.0,10.0,2.0,0.0
2026-02-16T12:07:14,ERR,ERR,ERR,ERR,ERR,ERR,ERR,ERR,ERR,ERR,ERR,ERR,ERR,ERR,ERR,ERR,ERR,ERR,ERR,ERR,ERR,ERR,ERR,ERR,ERR,ERR,ERR,ERR,ERR,ERR,ERR,ERR,ERR,ERR,ERR,ERR,ERR,ERR,ERR,ERR,ERR,ERR,ERR,ERR,ERR,ERR,ERR,ERR,ERR,ERR,ERR,ERR,ERR,ERR,ERR,ERR,ERR,ERR,ERR,ERR,ERR,ERR,ERR,ERR,ERR,ERR,ERR,ERR,ERR,ERR,ERR,ERR,ERR,ERR,ERR,ERR,ERR,ERR,ERR,ERR,ERR,ERR,ERR,ERR,ERR,ERR,ERR,ERR,ERR,ERR,ERR,ERR,ERR,ERR,ERR,ERR,ERR,ERR,ERR,ERR,ERR,ERR,ERR,ERR,ERR,ERR,ERR,ERR,ERR,ERR,ERR,ERR,ERR,ERR,ERR,ERR,ERR,ERR,ERR,ERR,ERR,ERR,ERR,ERR,ERR,-0.0,2.7184525388662284e+23,2.6947940491597406e+23,-0.0,0.0,2756677.0,0.0,1.6285051436943802e+20,4300,0,8,17171,4300,-0.0,39,0.0,0.0,-0.0,0.0,-0.0,0,0,0,0,0.0,0,0,0,0,0,0,0,0,0,0,0,0,0,0,0,0,0,0,0,0,0,0,0,0,0,0,0,0,0,0,0,0,0,11,37,36,48,65476,408,65476,1,0,4,21553,0.0,-0.0,-1.6372496812516631e+35,0.0,0.0,0.0,0.0,0.0,0.0,0.0,0.0,0.0,0.0,0.0,0.0,0.0,0.0,0.0,0.0,0.0,0.0,2.004,-0.0,2.004,-3.6970739834386645e+19,2.004,0.0,0.0,0.0,0.0,6577.0,2.004,0.0,2.718442270659078e+23,2.7184525388662284e+23,-0.0,0.0,0.0,0.0,2.004,2.004,223,1.9056859227671757e+17,1.9056960588899942e+17,0.0,0.0,0.0,0.0,0.0,0.0,0.0,0,0,0,-0.052,-299633360240640.0,228621.75,0.0,3470294920462336.0,-7496.24,-0.0,-0.0,-0.0,-8.224439334741213e+18,-0.0,29475.08,0.0,0.0,0.0,2.9448857427397267e+27,0,1.3516416376850534e+27,223,0.0,446,-2.637553503966331e+17,-1.351645921280977e+35,2114,26215,17110,13107,17112,13107,17095,0,0,0,101,100,100,0.0,63.5,0.0,64.0,0.0,64.0,1,49,50,180,0,13107,0,0,0.0,0.0,0.0,60.0,-1370193.625,70.5,0.0,1.2262123040145408e+16,0.0,1070,0,1071,0,0,0,1072,0,1081,0,996,0,639,0,640,0,635,0,675,0.032,6.198106008766409e+21,0.0,0.0,2448,16813,-134357295104.0,0.0,-62016.137,-1952479232.0,-0.0,0.227,50.0,60.0,35,0.0,0.0,10.0,2.0,0.0,0.0,0.0,0.0,0.0,0.0,0.0,0.0,0.0,0.0,0.0,0.0,58.8,54,12,65509,27,65476,0,300,0,0,8,20529,65476,0,0,30147,60.0,0.0,10.0,10.0,2.0,0.0
2026-02-16T12:07:15,ERR,ERR,ERR,ERR,ERR,ERR,ERR,ERR,ERR,ERR,ERR,ERR,ERR,ERR,ERR,ERR,ERR,ERR,ERR,ERR,ERR,ERR,ERR,ERR,ERR,ERR,ERR,ERR,ERR,ERR,ERR,ERR,ERR,ERR,ERR,ERR,ERR,ERR,ERR,ERR,ERR,ERR,ERR,ERR,ERR,ERR,ERR,ERR,ERR,ERR,ERR,ERR,ERR,ERR,ERR,ERR,ERR,ERR,ERR,ERR,ERR,ERR,ERR,ERR,ERR,ERR,ERR,ERR,ERR,ERR,ERR,ERR,ERR,ERR,ERR,ERR,ERR,ERR,ERR,ERR,ERR,ERR,ERR,ERR,ERR,ERR,ERR,ERR,ERR,ERR,ERR,ERR,ERR,ERR,ERR,ERR,ERR,ERR,ERR,ERR,ERR,ERR,ERR,ERR,ERR,ERR,ERR,ERR,ERR,ERR,ERR,ERR,ERR,ERR,ERR,ERR,ERR,ERR,ERR,ERR,ERR,ERR,ERR,ERR,ERR,-0.0,2.7184525388662284e+23,2.6947940491597406e+23,-0.0,0.0,2756677.0,0.0,1.6285051436943802e+20,4300,0,8,17171,4300,-0.0,39,0.0,0.0,-0.0,0.0,-0.0,0,0,0,0,0.0,0,0,0,0,0,0,0,0,0,0,0,0,0,0,0,0,0,0,0,0,0,0,0,0,0,0,0,0,0,0,0,0,0,11,37,36,48,65476,408,65476,1,0,4,21553,0.0,-0.0,-1.6372496812516631e+35,0.0,0.0,0.0,0.0,0.0,0.0,0.0,0.0,0.0,0.0,0.0,0.0,0.0,0.0,0.0,0.0,0.0,0.0,2.004,-0.0,2.004,-3.6970739834386645e+19,2.004,0.0,0.0,0.0,0.0,6577.0,2.004,0.0,2.718442270659078e+23,2.7184525388662284e+23,-0.0,0.0,0.0,0.0,2.004,2.004,223,1.9056859227671757e+17,1.9056960588899942e+17,0.0,0.0,0.0,0.0,0.0,0.0,0.0,0,0,0,-0.052,-299633360240640.0,228621.75,0.0,3470294920462336.0,-7496.24,-0.0,-0.0,-0.0,-8.224439334741213e+18,-0.0,29475.08,0.0,0.0,0.0,2.9448857427397267e+27,0,1.3516416376850534e+27,223,0.0,446,-2.637553503966331e+17,-1.351645921280977e+35,2114,26215,17110,13107,17112,13107,17095,0,0,0,101,100,100,0.0,63.5,0.0,64.0,0.0,64.0,1,49,50,180,0,13107,0,0,0.0,0.0,0.0,60.0,-1370193.625,70.5,0.0,1.2262123040145408e+16,0.0,1070,0,1071,0,0,0,1072,0,1081,0,996,0,639,0,640,0,635,0,675,0.032,6.198106008766409e+21,0.0,0.0,2448,16813,-134357295104.0,0.0,-62016.137,-1952479232.0,-0.0,0.227,50.0,60.0,35,0.0,0.0,10.0,2.0,0.0,0.0,0.0,0.0,0.0,0.0,0.0,0.0,0.0,0.0,0.0,0.0,59.2,54,12,65509,27,65476,0,300,0,0,8,20529,65476,0,0,30147,60.0,0.0,10.0,10.0,2.0,0.0
2026-02-16T12:07:16,ERR,ERR,ERR,ERR,ERR,ERR,ERR,ERR,ERR,ERR,ERR,ERR,ERR,ERR,ERR,ERR,ERR,ERR,ERR,ERR,ERR,ERR,ERR,ERR,ERR,ERR,ERR,ERR,ERR,ERR,ERR,ERR,ERR,ERR,ERR,ERR,ERR,ERR,ERR,ERR,ERR,ERR,ERR,ERR,ERR,ERR,ERR,ERR,ERR,ERR,ERR,ERR,ERR,ERR,ERR,ERR,ERR,ERR,ERR,ERR,ERR,ERR,ERR,ERR,ERR,ERR,ERR,ERR,ERR,ERR,ERR,ERR,ERR,ERR,ERR,ERR,ERR,ERR,ERR,ERR,ERR,ERR,ERR,ERR,ERR,ERR,ERR,ERR,ERR,ERR,ERR,ERR,ERR,ERR,ERR,ERR,ERR,ERR,ERR,ERR,ERR,ERR,ERR,ERR,ERR,ERR,ERR,ERR,ERR,ERR,ERR,ERR,ERR,ERR,ERR,ERR,ERR,ERR,ERR,ERR,ERR,ERR,ERR,ERR,ERR,2.718442270659078e+23,-0.0,0.0,-0.0,0.0,0.0,-21753451511808.0,3.9487635419965895e+20,4300,0,8,17171,4300,-0.0,39,0.0,0.0,-0.0,0.0,2.7184166902131945e+23,0,0,0,0,0.0,0,0,0,0,0,0,0,0,0,0,0,0,0,0,0,0,0,0,0,0,0,0,0,0,0,0,0,0,0,0,0,0,0,12,37,36,48,65476,409,65476,1,0,4,21553,0.0,0.0,-0.0,0.0,0.0,0.0,0.0,0.0,0.0,0.0,0.0,0.0,0.0,0.0,0.0,0.0,0.0,0.0,0.0,0.0,0.0,2.004,-0.0,2.004,-3.6970739834386645e+19,3.697077501875873e+19,0.0,0.0,0.0,0.0,6575.0,0.0,0.0,2.718442270659078e+23,2.7184525388662284e+23,-0.0,107616288.0,0.0,0.0,2.004,2.004,223,89220.562,107615256.0,0.0,0.0,0.0,0.0,0.0,0.0,0.0,0,0,0,-2588110592.0,34395127808000.0,1117894656.0,-27012354048.0,1.285837141129358e+22,0.0,0.0,-2.547065473395552e+36,0.0,-8.728842493006709e+18,-0.0,31011.08,0.0,0.0,0.0,8.345565555746406e+16,0,1.3516416376850534e+27,223,0.0,446,-74360974999552.0,0.0,2114,26215,17110,13107,17112,13107,17095,0,0,0,101,100,100,0.0,63.5,0.0,64.3,-0.0,63.75,1,49,50,180,0,13107,0,0,0.0,0.0,0.0,60.0,-2.9574734132663026e+20,70.5,0.0,0.0,0.0,1070,0,1071,0,0,0,1072,0,1081,0,996,0,639,0,640,0,636,0,675,0.032,6.382573449503505e+21,0.0,0.0,6800,16813,-2.9574734132663026e+20,0.0,-1.840078305634158e+31,5515279173943296.0,-380994301460480.0,6.736754988958393e+22,50.0,60.0,35,0.0,0.0,10.0,2.0,0.0,0.0,0.0,0.0,0.0,0.0,0.0,0.0,0.0,0.0,0.0,0.0,59.2,54,12,65509,27,65476,0,300,0,0,8,20529,65476,0,0,30147,60.0,0.0,10.0,10.0,2.0,0.0
2026-02-16T12:07:17,ERR,ERR,ERR,ERR,ERR,ERR,ERR,ERR,ERR,ERR,ERR,ERR,ERR,ERR,ERR,ERR,ERR,ERR,ERR,ERR,ERR,ERR,ERR,ERR,ERR,ERR,ERR,ERR,ERR,ERR,ERR,ERR,ERR,ERR,ERR,ERR,ERR,ERR,ERR,ERR,ERR,ERR,ERR,ERR,ERR,ERR,ERR,ERR,ERR,ERR,ERR,ERR,ERR,ERR,ERR,ERR,ERR,ERR,ERR,ERR,ERR,ERR,ERR,ERR,ERR,ERR,ERR,ERR,ERR,ERR,ERR,ERR,ERR,ERR,ERR,ERR,ERR,ERR,ERR,ERR,ERR,ERR,ERR,ERR,ERR,ERR,ERR,ERR,ERR,ERR,ERR,ERR,ERR,ERR,ERR,ERR,ERR,ERR,ERR,ERR,ERR,ERR,ERR,ERR,ERR,ERR,ERR,ERR,ERR,ERR,ERR,ERR,ERR,ERR,ERR,ERR,ERR,ERR,ERR,ERR,ERR,ERR,ERR,ERR,ERR,2.718442270659078e+23,-0.0,0.0,-0.0,0.0,0.0,-21753451511808.0,3.9487635419965895e+20,4300,0,8,17171,4300,-0.0,39,0.0,0.0,-0.0,0.0,2.7184166902131945e+23,0,0,0,0,0.0,0,0,0,0,0,0,0,0,0,0,0,0,0,0,0,0,0,0,0,0,0,0,0,0,0,0,0,0,0,0,0,0,0,12,37,36,48,65476,409,65476,1,0,4,21553,0.0,0.0,-0.0,0.0,0.0,0.0,0.0,0.0,0.0,0.0,0.0,0.0,0.0,0.0,0.0,0.0,0.0,0.0,0.0,0.0,0.0,2.004,-0.0,2.004,-3.6970739834386645e+19,3.697077501875873e+19,0.0,0.0,0.0,0.0,6575.0,0.0,0.0,2.718442270659078e+23,2.7184525388662284e+23,-0.0,107616288.0,0.0,0.0,2.004,2.004,223,89220.562,107615256.0,0.0,0.0,0.0,0.0,0.0,0.0,0.0,0,0,0,-2588110592.0,34395127808000.0,1117894656.0,-27012354048.0,1.285837141129358e+22,0.0,0.0,-2.547065473395552e+36,0.0,-8.728842493006709e+18,-0.0,31011.08,0.0,0.0,0.0,8.345565555746406e+16,0,1.3516416376850534e+27,223,0.0,446,-74360974999552.0,0.0,2114,26215,17110,13107,17112,13107,17095,0,0,0,101,100,100,0.0,63.5,0.0,64.3,-0.0,63.75,1,49,50,180,0,13107,0,0,0.0,0.0,0.0,60.0,-2.9574734132663026e+20,70.5,0.0,0.0,0.0,1070,0,1071,0,0,0,1072,0,1081,0,996,0,639,0,640,0,636,0,675,0.032,6.382573449503505e+21,0.0,0.0,6800,16813,-2.9574734132663026e+20,0.0,-1.840078305634158e+31,5515279173943296.0,-380994301460480.0,6.736754988958393e+22,50.0,60.0,35,0.0,0.0,10.0,2.0,0.0,0.0,0.0,0.0,0.0,0.0,0.0,0.0,0.0,0.0,0.0,0.0,58.8,53,12,65509,27,65476,0,300,0,0,8,20529,65476,0,0,30147,60.0,0.0,10.0,10.0,2.0,0.0
2026-02-16T12:07:18,ERR,ERR,ERR,ERR,ERR,ERR,ERR,ERR,ERR,ERR,ERR,ERR,ERR,ERR,ERR,ERR,ERR,ERR,ERR,ERR,ERR,ERR,ERR,ERR,ERR,ERR,ERR,ERR,ERR,ERR,ERR,ERR,ERR,ERR,ERR,ERR,ERR,ERR,ERR,ERR,ERR,ERR,ERR,ERR,ERR,ERR,ERR,ERR,ERR,ERR,ERR,ERR,ERR,ERR,ERR,ERR,ERR,ERR,ERR,ERR,ERR,ERR,ERR,ERR,ERR,ERR,ERR,ERR,ERR,ERR,ERR,ERR,ERR,ERR,ERR,ERR,ERR,ERR,ERR,ERR,ERR,ERR,ERR,ERR,ERR,ERR,ERR,ERR,ERR,ERR,ERR,ERR,ERR,ERR,ERR,ERR,ERR,ERR,ERR,ERR,ERR,ERR,ERR,ERR,ERR,ERR,ERR,ERR,ERR,ERR,ERR,ERR,ERR,ERR,ERR,ERR,ERR,ERR,ERR,ERR,ERR,ERR,ERR,ERR,ERR,2.718442270659078e+23,-0.0,0.0,-0.0,0.0,0.0,-21753451511808.0,3.9487635419965895e+20,4300,0,8,17171,4300,-0.0,39,0.0,0.0,-0.0,0.0,2.7184166902131945e+23,0,0,0,0,0.0,0,0,0,0,0,0,0,0,0,0,0,0,0,0,0,0,0,0,0,0,0,0,0,0,0,0,0,0,0,0,0,0,0,12,37,36,48,65476,409,65476,1,0,4,21553,0.0,0.0,-0.0,0.0,0.0,0.0,0.0,0.0,0.0,0.0,0.0,0.0,0.0,0.0,0.0,0.0,0.0,0.0,0.0,0.0,0.0,2.004,-0.0,2.004,-3.6970739834386645e+19,3.697077501875873e+19,0.0,0.0,0.0,0.0,6575.0,0.0,0.0,2.718442270659078e+23,2.7184525388662284e+23,-0.0,107616288.0,0.0,0.0,2.004,2.004,223,89220.562,107615256.0,0.0,0.0,0.0,0.0,0.0,0.0,0.0,0,0,0,-2588110592.0,34395127808000.0,1117894656.0,-27012354048.0,1.285837141129358e+22,0.0,0.0,-2.547065473395552e+36,0.0,-8.728842493006709e+18,-0.0,31011.08,0.0,0.0,0.0,8.345565555746406e+16,0,1.3516416376850534e+27,223,0.0,446,-74360974999552.0,0.0,2114,26215,17110,13107,17112,13107,17095,0,0,0,101,100,100,0.0,63.5,0.0,64.3,-0.0,63.75,1,49,50,180,0,13107,0,0,0.0,0.0,0.0,60.0,-2.9574734132663026e+20,70.5,0.0,0.0,0.0,1070,0,1071,0,0,0,1072,0,1081,0,996,0,639,0,640,0,636,0,675,0.032,6.382573449503505e+21,0.0,0.0,6800,16813,-2.9574734132663026e+20,0.0,-1.840078305634158e+31,5515279173943296.0,-380994301460480.0,6.736754988958393e+22,50.0,60.0,35,0.0,0.0,10.0,2.0,0.0,0.0,0.0,0.0,0.0,0.0,0.0,0.0,0.0,0.0,0.0,0.0,58.8,53,12,65509,27,65476,0,300,0,0,8,20529,65476,0,0,30147,60.0,0.0,10.0,10.0,2.0,0.0
2026-02-16T12:07:19,ERR,ERR,ERR,ERR,ERR,ERR,ERR,ERR,ERR,ERR,ERR,ERR,ERR,ERR,ERR,ERR,ERR,ERR,ERR,ERR,ERR,ERR,ERR,ERR,ERR,ERR,ERR,ERR,ERR,ERR,ERR,ERR,ERR,ERR,ERR,ERR,ERR,ERR,ERR,ERR,ERR,ERR,ERR,ERR,ERR,ERR,ERR,ERR,ERR,ERR,ERR,ERR,ERR,ERR,ERR,ERR,ERR,ERR,ERR,ERR,ERR,ERR,ERR,ERR,ERR,ERR,ERR,ERR,ERR,ERR,ERR,ERR,ERR,ERR,ERR,ERR,ERR,ERR,ERR,ERR,ERR,ERR,ERR,ERR,ERR,ERR,ERR,ERR,ERR,ERR,ERR,ERR,ERR,ERR,ERR,ERR,ERR,ERR,ERR,ERR,ERR,ERR,ERR,ERR,ERR,ERR,ERR,ERR,ERR,ERR,ERR,ERR,ERR,ERR,ERR,ERR,ERR,ERR,ERR,ERR,ERR,ERR,ERR,ERR,ERR,2.718442270659078e+23,-0.0,0.0,-0.0,0.0,0.0,-21753451511808.0,3.9487635419965895e+20,4300,0,8,17171,4300,-0.0,39,0.0,0.0,-0.0,0.0,2.7184166902131945e+23,0,0,0,0,0.0,0,0,0,0,0,0,0,0,0,0,0,0,0,0,0,0,0,0,0,0,0,0,0,0,0,0,0,0,0,0,0,0,0,12,37,36,48,65476,409,65476,1,0,4,21553,0.0,0.0,-0.0,0.0,0.0,0.0,0.0,0.0,0.0,0.0,0.0,0.0,0.0,0.0,0.0,0.0,0.0,0.0,0.0,0.0,0.0,2.004,-0.0,2.004,-3.6970739834386645e+19,3.697077501875873e+19,0.0,0.0,0.0,0.0,6575.0,0.0,0.0,2.718442270659078e+23,2.7184525388662284e+23,-0.0,107616288.0,0.0,0.0,2.004,2.004,223,89220.562,107615256.0,0.0,0.0,0.0,0.0,0.0,0.0,0.0,0,0,0,-2588110592.0,34395127808000.0,1117894656.0,-27012354048.0,1.285837141129358e+22,0.0,0.0,-2.547065473395552e+36,0.0,-8.728842493006709e+18,-0.0,31011.08,0.0,0.0,0.0,8.345565555746406e+16,0,1.3516416376850534e+27,223,0.0,446,-74360974999552.0,0.0,2114,26215,17110,13107,17112,13107,17095,0,0,0,101,100,100,0.0,63.5,0.0,64.3,-0.0,63.75,1,49,50,180,0,13107,0,0,0.0,0.0,0.0,60.0,-2.9574734132663026e+20,70.5,0.0,0.0,0.0,1070,0,1071,0,0,0,1072,0,1081,0,996,0,639,0,640,0,636,0,675,0.032,6.382573449503505e+21,0.0,0.0,6800,16813,-2.9574734132663026e+20,0.0,-1.840078305634158e+31,5515279173943296.0,-380994301460480.0,6.736754988958393e+22,50.0,60.0,35,0.0,0.0,10.0,2.0,0.0,0.0,0.0,0.0,0.0,0.0,0.0,0.0,0.0,0.0,0.0,0.0,59.2,53,12,65509,27,65476,0,300,0,0,8,20529,65476,0,0,30147,60.0,0.0,10.0,10.0,2.0,0.0
2026-02-16T12:07:20,ERR,ERR,ERR,ERR,ERR,ERR,ERR,ERR,ERR,ERR,ERR,ERR,ERR,ERR,ERR,ERR,ERR,ERR,ERR,ERR,ERR,ERR,ERR,ERR,ERR,ERR,ERR,ERR,ERR,ERR,ERR,ERR,ERR,ERR,ERR,ERR,ERR,ERR,ERR,ERR,ERR,ERR,ERR,ERR,ERR,ERR,ERR,ERR,ERR,ERR,ERR,ERR,ERR,ERR,ERR,ERR,ERR,ERR,ERR,ERR,ERR,ERR,ERR,ERR,ERR,ERR,ERR,ERR,ERR,ERR,ERR,ERR,ERR,ERR,ERR,ERR,ERR,ERR,ERR,ERR,ERR,ERR,ERR,ERR,ERR,ERR,ERR,ERR,ERR,ERR,ERR,ERR,ERR,ERR,ERR,ERR,ERR,ERR,ERR,ERR,ERR,ERR,ERR,ERR,ERR,ERR,ERR,ERR,ERR,ERR,ERR,ERR,ERR,ERR,ERR,ERR,ERR,ERR,ERR,ERR,ERR,ERR,ERR,ERR,ERR,2.718442270659078e+23,-0.0,0.0,-0.0,0.0,0.0,-21753451511808.0,3.9487635419965895e+20,4300,0,8,17171,4300,-0.0,39,0.0,0.0,-0.0,0.0,2.7184166902131945e+23,0,0,0,0,0.0,0,0,0,0,0,0,0,0,0,0,0,0,0,0,0,0,0,0,0,0,0,0,0,0,0,0,0,0,0,0,0,0,0,12,37,36,48,65476,409,65476,1,0,4,21553,0.0,0.0,-0.0,0.0,0.0,0.0,0.0,0.0,0.0,0.0,0.0,0.0,0.0,0.0,0.0,0.0,0.0,0.0,0.0,0.0,0.0,2.004,-0.0,2.004,-3.6970739834386645e+19,3.697077501875873e+19,0.0,0.0,0.0,0.0,6575.0,0.0,0.0,2.718442270659078e+23,2.7184525388662284e+23,-0.0,107616288.0,0.0,0.0,2.004,2.004,223,89220.562,107615256.0,0.0,0.0,0.0,0.0,0.0,0.0,0.0,0,0,0,-2588110592.0,34395127808000.0,1117894656.0,-27012354048.0,1.285837141129358e+22,0.0,0.0,-2.547065473395552e+36,0.0,-8.728842493006709e+18,-0.0,31011.08,0.0,0.0,0.0,8.345565555746406e+16,0,1.3516416376850534e+27,223,0.0,446,-74360974999552.0,0.0,2114,26215,17110,13107,17112,13107,17095,0,0,0,101,100,100,0.0,63.5,0.0,64.0,0.0,64.0,1,49,50,180,0,13107,0,0,0.0,0.0,0.0,60.0,-8196004352.0,70.5,0.0,-0.0,0.0,1070,0,1071,0,0,0,1072,0,1081,0,996,0,640,0,640,0,636,0,675,0.032,6.198106008766409e+21,-2.004,0.0,400,16813,-52848016490496.0,-3.011527515950096e+21,-0.0,11976945.0,1.4764378273936744e+26,0.0,50.0,60.0,35,0.0,0.0,10.0,2.0,0.0,0.0,0.0,0.0,0.0,0.0,0.0,0.0,0.0,0.0,0.0,0.0,59.2,53,12,65509,27,65476,0,300,0,0,8,20529,65476,0,0,30147,60.0,0.0,10.0,10.0,2.0,0.0
2026-02-16T12:07:21,ERR,ERR,ERR,ERR,ERR,ERR,ERR,ERR,ERR,ERR,ERR,ERR,ERR,ERR,ERR,ERR,ERR,ERR,ERR,ERR,ERR,ERR,ERR,ERR,ERR,ERR,ERR,ERR,ERR,ERR,ERR,ERR,ERR,ERR,ERR,ERR,ERR,ERR,ERR,ERR,ERR,ERR,ERR,ERR,ERR,ERR,ERR,ERR,ERR,ERR,ERR,ERR,ERR,ERR,ERR,ERR,ERR,ERR,ERR,ERR,ERR,ERR,ERR,ERR,ERR,ERR,ERR,ERR,ERR,ERR,ERR,ERR,ERR,ERR,ERR,ERR,ERR,ERR,ERR,ERR,ERR,ERR,ERR,ERR,ERR,ERR,ERR,ERR,ERR,ERR,ERR,ERR,ERR,ERR,ERR,ERR,ERR,ERR,ERR,ERR,ERR,ERR,ERR,ERR,ERR,ERR,ERR,ERR,ERR,ERR,ERR,ERR,ERR,ERR,ERR,ERR,ERR,ERR,ERR,ERR,ERR,ERR,ERR,ERR,ERR,2.718442270659078e+23,2.7184525388662284e+23,-107089984.0,-0.0,-0.0,1.5428088414223906e+29,73545656.0,-0.0,4300,0,8,17171,4300,-0.0,39,0.0,0.0,-0.0,0.0,2.7184166902131945e+23,0,0,0,0,0.0,0,0,0,0,0,0,0,0,0,0,0,0,0,0,0,0,0,0,0,0,0,0,0,0,0,0,0,0,0,0,0,0,0,12,37,36,48,65476,411,65476,1,0,4,21553,0.0,-0.0,-0.0,0.0,0.0,0.0,0.0,0.0,0.0,0.0,0.0,0.0,0.0,0.0,0.0,0.0,0.0,0.0,0.0,0.0,0.0,2.004,-0.0,2.004,0.0,3.697077501875873e+19,0.0,0.0,0.0,0.0,6583.0,0.0,0.0,-0.0,2.7184525388662284e+23,-107616224.0,2.7184512778583327e+23,0.0,0.0,2.004,2.004,224,-0.0,152018270289920.0,0.0,0.0,0.0,0.0,0.0,0.0,0.0,0,0,0,-0.0,-2.505589334664721e+26,0.0,0.0,1.1587480366247576e+21,-1428223488.0,-1.2245832979252318e+28,1.665931037414951e+33,-0.0,-9.19721685425324e+18,-0.0,32675.08,0.0,0.0,0.0,-0.0,0,1.3516416376850534e+27,224,0.0,448,-74360974999552.0,0.0,2114,26215,17110,13107,17112,13107,17095,0,0,0,101,100,100,0.0,63.5,0.0,64.0,0.0,64.0,1,49,50,180,0,13107,0,0,0.0,0.0,0.0,60.0,-8196004352.0,70.5,0.0,-0.0,0.0,1070,0,1071,0,0,0,1072,0,1081,0,996,0,640,0,640,0,636,0,675,0.032,6.198106008766409e+21,-2.004,0.0,400,16813,-52848016490496.0,-3.011527515950096e+21,-0.0,11976945.0,1.4764378273936744e+26,0.0,50.0,60.0,35,0.0,0.0,10.0,2.0,0.0,0.0,0.0,0.0,0.0,0.0,0.0,0.0,0.0,0.0,0.0,0.0,58.8,53,12,65509,27,65476,0,300,0,0,8,20529,65476,0,0,30147,60.0,0.0,10.0,10.0,2.0,0.0
2026-02-16T12:07:22,ERR,ERR,ERR,ERR,ERR,ERR,ERR,ERR,ERR,ERR,ERR,ERR,ERR,ERR,ERR,ERR,ERR,ERR,ERR,ERR,ERR,ERR,ERR,ERR,ERR,ERR,ERR,ERR,ERR,ERR,ERR,ERR,ERR,ERR,ERR,ERR,ERR,ERR,ERR,ERR,ERR,ERR,ERR,ERR,ERR,ERR,ERR,ERR,ERR,ERR,ERR,ERR,ERR,ERR,ERR,ERR,ERR,ERR,ERR,ERR,ERR,ERR,ERR,ERR,ERR,ERR,ERR,ERR,ERR,ERR,ERR,ERR,ERR,ERR,ERR,ERR,ERR,ERR,ERR,ERR,ERR,ERR,ERR,ERR,ERR,ERR,ERR,ERR,ERR,ERR,ERR,ERR,ERR,ERR,ERR,ERR,ERR,ERR,ERR,ERR,ERR,ERR,ERR,ERR,ERR,ERR,ERR,ERR,ERR,ERR,ERR,ERR,ERR,ERR,ERR,ERR,ERR,ERR,ERR,ERR,ERR,ERR,ERR,ERR,ERR,2.718442270659078e+23,2.7184525388662284e+23,-107089984.0,-0.0,-0.0,1.5428088414223906e+29,73545656.0,-0.0,4300,0,8,17171,4300,-0.0,39,0.0,0.0,-0.0,0.0,2.7184166902131945e+23,0,0,0,0,0.0,0,0,0,0,0,0,0,0,0,0,0,0,0,0,0,0,0,0,0,0,0,0,0,0,0,0,0,0,0,0,0,0,0,12,37,36,48,65476,411,65476,1,0,4,21553,0.0,-0.0,-0.0,0.0,0.0,0.0,0.0,0.0,0.0,0.0,0.0,0.0,0.0,0.0,0.0,0.0,0.0,0.0,0.0,0.0,0.0,2.004,-0.0,2.004,0.0,3.697077501875873e+19,0.0,0.0,0.0,0.0,6583.0,0.0,0.0,-0.0,2.7184525388662284e+23,-107616224.0,2.7184512778583327e+23,0.0,0.0,2.004,2.004,224,-0.0,152018270289920.0,0.0,0.0,0.0,0.0,0.0,0.0,0.0,0,0,0,-0.0,-2.505589334664721e+26,0.0,0.0,1.1587480366247576e+21,-1428223488.0,-1.2245832979252318e+28,1.665931037414951e+33,-0.0,-9.19721685425324e+18,-0.0,32675.08,0.0,0.0,0.0,-0.0,0,1.3516416376850534e+27,224,0.0,448,-74360974999552.0,0.0,2114,26215,17110,13107,17112,13107,17095,0,0,0,101,100,100,0.0,63.5,0.0,64.0,0.0,64.0,1,49,50,180,0,13107,0,0,0.0,0.0,0.0,60.0,-8196004352.0,70.5,0.0,-0.0,0.0,1070,0,1071,0,0,0,1072,0,1081,0,996,0,640,0,640,0,636,0,675,0.032,6.198106008766409e+21,-2.004,0.0,400,16813,-52848016490496.0,-3.011527515950096e+21,-0.0,11976945.0,1.4764378273936744e+26,0.0,50.0,60.0,35,0.0,0.0,10.0,2.0,0.0,0.0,0.0,0.0,0.0,0.0,0.0,0.0,0.0,0.0,0.0,0.0,58.8,53,12,65509,27,65476,0,300,0,0,8,20529,65476,0,0,30147,60.0,0.0,10.0,10.0,2.0,0.0
2026-02-16T12:07:23,ERR,ERR,ERR,ERR,ERR,ERR,ERR,ERR,ERR,ERR,ERR,ERR,ERR,ERR,ERR,ERR,ERR,ERR,ERR,ERR,ERR,ERR,ERR,ERR,ERR,ERR,ERR,ERR,ERR,ERR,ERR,ERR,ERR,ERR,ERR,ERR,ERR,ERR,ERR,ERR,ERR,ERR,ERR,ERR,ERR,ERR,ERR,ERR,ERR,ERR,ERR,ERR,ERR,ERR,ERR,ERR,ERR,ERR,ERR,ERR,ERR,ERR,ERR,ERR,ERR,ERR,ERR,ERR,ERR,ERR,ERR,ERR,ERR,ERR,ERR,ERR,ERR,ERR,ERR,ERR,ERR,ERR,ERR,ERR,ERR,ERR,ERR,ERR,ERR,ERR,ERR,ERR,ERR,ERR,ERR,ERR,ERR,ERR,ERR,ERR,ERR,ERR,ERR,ERR,ERR,ERR,ERR,ERR,ERR,ERR,ERR,ERR,ERR,ERR,ERR,ERR,ERR,ERR,ERR,ERR,ERR,ERR,ERR,ERR,ERR,2.718442270659078e+23,2.7184525388662284e+23,-107089984.0,-0.0,-0.0,1.5428088414223906e+29,73545656.0,-0.0,4300,0,8,17171,4300,-0.0,39,0.0,0.0,-0.0,0.0,2.7184166902131945e+23,0,0,0,0,0.0,0,0,0,0,0,0,0,0,0,0,0,0,0,0,0,0,0,0,0,0,0,0,0,0,0,0,0,0,0,0,0,0,0,12,37,36,48,65476,411,65476,1,0,4,21553,0.0,-0.0,-0.0,0.0,0.0,0.0,0.0,0.0,0.0,0.0,0.0,0.0,0.0,0.0,0.0,0.0,0.0,0.0,0.0,0.0,0.0,2.004,-0.0,2.004,0.0,3.697077501875873e+19,0.0,0.0,0.0,0.0,6583.0,0.0,0.0,-0.0,2.7184525388662284e+23,-107616224.0,2.7184512778583327e+23,0.0,0.0,2.004,2.004,224,-0.0,152018270289920.0,0.0,0.0,0.0,0.0,0.0,0.0,0.0,0,0,0,-0.0,-2.505589334664721e+26,0.0,0.0,1.1587480366247576e+21,-1428223488.0,-1.2245832979252318e+28,1.665931037414951e+33,-0.0,-9.19721685425324e+18,-0.0,32675.08,0.0,0.0,0.0,-0.0,0,1.3516416376850534e+27,224,0.0,448,-74360974999552.0,0.0,2114,26215,17110,13107,17112,13107,17095,0,0,0,101,100,100,2.730233054771504e+23,63.5,0.0,64.0,0.0,64.0,1,49,50,180,0,13107,0,0,0.0,0.0,0.0,60.0,-59202.551,70.5,0.0,-2.8139244736787513e+19,0.0,1070,0,1071,0,0,0,1072,0,1081,0,996,0,640,0,640,0,636,0,675,0.032,7.968993439842526e+21,-2.004,0.0,40848,16812,-1370193.625,-2.8139244736787513e+19,3.1146677169429384e+30,-0.0,2.535,-3.7585871245267984e+32,50.0,60.0,35,0.0,0.0,10.0,2.0,0.0,0.0,0.0,0.0,0.0,0.0,0.0,0.0,0.0,0.0,0.0,0.0,58.8,53,12,65509,27,65476,0,300,0,0,8,20529,65476,0,0,30147,60.0,0.0,10.0,10.0,2.0,0.0
2026-02-16T12:07:24,ERR,ERR,ERR,ERR,ERR,ERR,ERR,ERR,ERR,ERR,ERR,ERR,ERR,ERR,ERR,ERR,ERR,ERR,ERR,ERR,ERR,ERR,ERR,ERR,ERR,ERR,ERR,ERR,ERR,ERR,ERR,ERR,ERR,ERR,ERR,ERR,ERR,ERR,ERR,ERR,ERR,ERR,ERR,ERR,ERR,ERR,ERR,ERR,ERR,ERR,ERR,ERR,ERR,ERR,ERR,ERR,ERR,ERR,ERR,ERR,ERR,ERR,ERR,ERR,ERR,ERR,ERR,ERR,ERR,ERR,ERR,ERR,ERR,ERR,ERR,ERR,ERR,ERR,ERR,ERR,ERR,ERR,ERR,ERR,ERR,ERR,ERR,ERR,ERR,ERR,ERR,ERR,ERR,ERR,ERR,ERR,ERR,ERR,ERR,ERR,ERR,ERR,ERR,ERR,ERR,ERR,ERR,ERR,ERR,ERR,ERR,ERR,ERR,ERR,ERR,ERR,ERR,ERR,ERR,ERR,ERR,ERR,ERR,ERR,ERR,2.718442270659078e+23,2.7184525388662284e+23,-107089984.0,-0.0,-0.0,1.5428088414223906e+29,73545656.0,-0.0,4300,0,8,17171,4300,-0.0,39,0.0,0.0,-0.0,0.0,2.7184166902131945e+23,0,0,0,0,0.0,0,0,0,0,0,0,0,0,0,0,0,0,0,0,0,0,0,0,0,0,0,0,0,0,0,0,0,0,0,0,0,0,0,12,37,36,48,65476,411,65476,1,0,4,21553,0.0,-0.0,-0.0,0.0,0.0,0.0,0.0,0.0,0.0,0.0,0.0,0.0,0.0,0.0,0.0,0.0,0.0,0.0,0.0,0.0,0.0,2.004,-0.0,2.004,0.0,3.697077501875873e+19,0.0,0.0,0.0,0.0,6583.0,0.0,0.0,-0.0,2.7184525388662284e+23,-107616224.0,2.7184512778583327e+23,0.0,0.0,2.004,2.004,224,-0.0,152018270289920.0,0.0,0.0,0.0,0.0,0.0,0.0,0.0,0,0,0,-0.0,-2.505589334664721e+26,0.0,0.0,1.1587480366247576e+21,-1428223488.0,-1.2245832979252318e+28,1.665931037414951e+33,-0.0,-9.19721685425324e+18,-0.0,32675.08,0.0,0.0,0.0,-0.0,0,1.3516416376850534e+27,224,0.0,448,-74360974999552.0,0.0,2114,26215,17110,13107,17112,13107,17095,0,0,0,101,100,100,2.730233054771504e+23,63.5,0.0,64.0,0.0,64.0,1,49,50,180,0,13107,0,0,0.0,0.0,0.0,60.0,-59202.551,70.5,0.0,-2.8139244736787513e+19,0.0,1070,0,1071,0,0,0,1072,0,1081,0,996,0,640,0,640,0,636,0,675,0.032,7.968993439842526e+21,-2.004,0.0,40848,16812,-1370193.625,-2.8139244736787513e+19,3.1146677169429384e+30,-0.0,2.535,-3.7585871245267984e+32,50.0,60.0,35,0.0,0.0,10.0,2.0,0.0,0.0,0.0,0.0,0.0,0.0,0.0,0.0,0.0,0.0,0.0,0.0,58.8,53,12,65509,27,65476,0,300,0,0,8,20529,65476,0,0,30147,60.0,0.0,10.0,10.0,2.0,0.0
2026-02-16T12:07:25,ERR,ERR,ERR,ERR,ERR,ERR,ERR,ERR,ERR,ERR,ERR,ERR,ERR,ERR,ERR,ERR,ERR,ERR,ERR,ERR,ERR,ERR,ERR,ERR,ERR,ERR,ERR,ERR,ERR,ERR,ERR,ERR,ERR,ERR,ERR,ERR,ERR,ERR,ERR,ERR,ERR,ERR,ERR,ERR,ERR,ERR,ERR,ERR,ERR,ERR,ERR,ERR,ERR,ERR,ERR,ERR,ERR,ERR,ERR,ERR,ERR,ERR,ERR,ERR,ERR,ERR,ERR,ERR,ERR,ERR,ERR,ERR,ERR,ERR,ERR,ERR,ERR,ERR,ERR,ERR,ERR,ERR,ERR,ERR,ERR,ERR,ERR,ERR,ERR,ERR,ERR,ERR,ERR,ERR,ERR,ERR,ERR,ERR,ERR,ERR,ERR,ERR,ERR,ERR,ERR,ERR,ERR,ERR,ERR,ERR,ERR,ERR,ERR,ERR,ERR,ERR,ERR,ERR,ERR,ERR,ERR,ERR,ERR,ERR,ERR,2.718442270659078e+23,2.7184525388662284e+23,-107089984.0,-0.0,-0.0,1.5428088414223906e+29,73545656.0,-0.0,4300,0,8,17171,4300,-0.0,39,0.0,0.0,-0.0,0.0,2.7184166902131945e+23,0,0,0,0,0.0,0,0,0,0,0,0,0,0,0,0,0,0,0,0,0,0,0,0,0,0,0,0,0,0,0,0,0,0,0,0,0,0,0,12,37,36,48,65476,411,65476,1,0,4,21553,0.0,-0.0,-0.0,0.0,0.0,0.0,0.0,0.0,0.0,0.0,0.0,0.0,0.0,0.0,0.0,0.0,0.0,0.0,0.0,0.0,0.0,2.004,-0.0,2.004,0.0,3.697077501875873e+19,0.0,0.0,0.0,0.0,6583.0,0.0,0.0,-0.0,2.7184525388662284e+23,-107616224.0,2.7184512778583327e+23,0.0,0.0,2.004,2.004,224,-0.0,152018270289920.0,0.0,0.0,0.0,0.0,0.0,0.0,0.0,0,0,0,-0.0,-2.505589334664721e+26,0.0,0.0,1.1587480366247576e+21,-1428223488.0,-1.2245832979252318e+28,1.665931037414951e+33,-0.0,-9.19721685425324e+18,-0.0,32675.08,0.0,0.0,0.0,-0.0,0,1.3516416376850534e+27,224,0.0,448,-74360974999552.0,0.0,2114,26215,17110,13107,17112,13107,17095,0,0,0,101,100,100,2.730233054771504e+23,63.5,0.0,64.0,0.0,64.0,1,49,50,180,0,13107,0,0,0.0,0.0,0.0,60.0,-59202.551,70.5,0.0,-2.8139244736787513e+19,0.0,1070,0,1071,0,0,0,1072,0,1081,0,996,0,640,0,640,0,636,0,675,0.032,7.968993439842526e+21,-2.004,0.0,40848,16812,-1370193.625,-2.8139244736787513e+19,3.1146677169429384e+30,-0.0,2.535,-3.7585871245267984e+32,50.0,60.0,35,0.0,0.0,10.0,2.0,0.0,0.0,0.0,0.0,0.0,0.0,0.0,0.0,0.0,0.0,0.0,0.0,58.8,53,12,65509,27,65476,0,300,0,0,8,20529,65476,0,0,30147,60.0,0.0,10.0,10.0,2.0,0.0
2026-02-16T12:07:26,ERR,ERR,ERR,ERR,ERR,ERR,ERR,ERR,ERR,ERR,ERR,ERR,ERR,ERR,ERR,ERR,ERR,ERR,ERR,ERR,ERR,ERR,ERR,ERR,ERR,ERR,ERR,ERR,ERR,ERR,ERR,ERR,ERR,ERR,ERR,ERR,ERR,ERR,ERR,ERR,ERR,ERR,ERR,ERR,ERR,ERR,ERR,ERR,ERR,ERR,ERR,ERR,ERR,ERR,ERR,ERR,ERR,ERR,ERR,ERR,ERR,ERR,ERR,ERR,ERR,ERR,ERR,ERR,ERR,ERR,ERR,ERR,ERR,ERR,ERR,ERR,ERR,ERR,ERR,ERR,ERR,ERR,ERR,ERR,ERR,ERR,ERR,ERR,ERR,ERR,ERR,ERR,ERR,ERR,ERR,ERR,ERR,ERR,ERR,ERR,ERR,ERR,ERR,ERR,ERR,ERR,ERR,ERR,ERR,ERR,ERR,ERR,ERR,ERR,ERR,ERR,ERR,ERR,ERR,ERR,ERR,ERR,ERR,ERR,ERR,2.718442270659078e+23,-0.0,0.0,-0.0,0.0,0.0,-7.847243453216517e+26,2409482158080.0,4300,0,8,17171,4300,-0.0,39,0.0,0.0,-0.0,0.0,2.7184166902131945e+23,0,0,0,0,0.0,0,0,0,0,0,0,0,0,0,0,0,0,0,0,0,0,0,0,0,0,0,0,0,0,0,0,0,0,0,0,0,0,0,11,37,37,48,65476,412,65476,1,0,4,21553,0.0,0.0,1.0505020651989893e+18,0.0,0.0,0.0,0.0,0.0,0.0,0.0,0.0,0.0,0.0,0.0,0.0,0.0,0.0,0.0,0.0,0.0,0.0,2.004,-0.0,2.004,0.0,-0.0,0.0,0.0,0.0,0.0,6584.0,2.004,0.0,2.718442270659078e+23,2.7184525388662284e+23,-107616224.0,2.7184512778583327e+23,0.0,0.0,2.004,2.004,224,-0.0,1.9056960588899942e+17,0.0,0.0,0.0,0.0,0.0,0.0,0.0,0,0,0,-0.0,-0.0,7.446,-0.0,2.652862073079333e+18,42561.93,0.0,0.0,110732.531,-1.003575280010684e+19,-0.0,36166.16,0.0,0.0,0.0,5511215616.0,0,1.3516416376850534e+27,224,0.0,448,-0.0,0.0,2114,26215,17110,13107,17112,13107,17095,0,0,0,101,100,100,2.730233054771504e+23,63.5,0.0,64.0,0.0,64.0,1,49,50,180,0,13107,0,0,0.0,0.0,0.0,60.0,-59202.551,70.5,0.0,-2.8139244736787513e+19,0.0,1070,0,1071,0,0,0,1072,0,1081,0,996,0,640,0,640,0,636,0,675,0.032,7.968993439842526e+21,-2.004,0.0,40848,16812,-1370193.625,-2.8139244736787513e+19,3.1146677169429384e+30,-0.0,2.535,-3.7585871245267984e+32,50.0,60.0,35,0.0,0.0,10.0,2.0,0.0,0.0,0.0,0.0,0.0,0.0,0.0,0.0,0.0,0.0,0.0,0.0,58.8,53,12,65509,27,65476,0,300,0,0,8,20529,65476,0,0,30147,60.0,0.0,10.0,10.0,2.0,0.0
2026-02-16T12:07:27,ERR,ERR,ERR,ERR,ERR,ERR,ERR,ERR,ERR,ERR,ERR,ERR,ERR,ERR,ERR,ERR,ERR,ERR,ERR,ERR,ERR,ERR,ERR,ERR,ERR,ERR,ERR,ERR,ERR,ERR,ERR,ERR,ERR,ERR,ERR,ERR,ERR,ERR,ERR,ERR,ERR,ERR,ERR,ERR,ERR,ERR,ERR,ERR,ERR,ERR,ERR,ERR,ERR,ERR,ERR,ERR,ERR,ERR,ERR,ERR,ERR,ERR,ERR,ERR,ERR,ERR,ERR,ERR,ERR,ERR,ERR,ERR,ERR,ERR,ERR,ERR,ERR,ERR,ERR,ERR,ERR,ERR,ERR,ERR,ERR,ERR,ERR,ERR,ERR,ERR,ERR,ERR,ERR,ERR,ERR,ERR,ERR,ERR,ERR,ERR,ERR,ERR,ERR,ERR,ERR,ERR,ERR,ERR,ERR,ERR,ERR,ERR,ERR,ERR,ERR,ERR,ERR,ERR,ERR,ERR,ERR,ERR,ERR,ERR,ERR,2.718442270659078e+23,-0.0,0.0,-0.0,0.0,0.0,-7.847243453216517e+26,2409482158080.0,4300,0,8,17171,4300,-0.0,39,0.0,0.0,-0.0,0.0,2.7184166902131945e+23,0,0,0,0,0.0,0,0,0,0,0,0,0,0,0,0,0,0,0,0,0,0,0,0,0,0,0,0,0,0,0,0,0,0,0,0,0,0,0,11,37,37,48,65476,412,65476,1,0,4,21553,0.0,0.0,1.0505020651989893e+18,0.0,0.0,0.0,0.0,0.0,0.0,0.0,0.0,0.0,0.0,0.0,0.0,0.0,0.0,0.0,0.0,0.0,0.0,2.004,-0.0,2.004,0.0,-0.0,0.0,0.0,0.0,0.0,6584.0,2.004,0.0,2.718442270659078e+23,2.7184525388662284e+23,-107616224.0,2.7184512778583327e+23,0.0,0.0,2.004,2.004,224,-0.0,1.9056960588899942e+17,0.0,0.0,0.0,0.0,0.0,0.0,0.0,0,0,0,-0.0,-0.0,7.446,-0.0,2.652862073079333e+18,42561.93,0.0,0.0,110732.531,-1.003575280010684e+19,-0.0,36166.16,0.0,0.0,0.0,5511215616.0,0,1.3516416376850534e+27,224,0.0,448,-0.0,0.0,2114,13107,17110,13107,17112,13107,17095,0,0,0,101,100,100,2.730233054771504e+23,63.5,0.0,64.0,0.0,64.0,1,49,50,180,0,13107,0,0,0.0,0.0,0.0,60.0,-0.019,70.5,0.0,0.0,0.0,1070,0,1071,0,0,0,1072,0,1081,0,996,0,640,0,640,0,636,0,675,0.032,6.935975771714791e+21,-2.004,0.0,46736,16812,-0.019,0.0,7.991025493094402e+26,-0.308,0.0,-3.4391540605862902e+28,50.0,60.0,35,0.0,0.0,10.0,2.0,0.0,0.0,0.0,0.0,0.0,0.0,0.0,0.0,0.0,0.0,0.0,0.0,59.2,53,12,65509,27,65476,0,300,0,0,8,20529,65476,0,0,30147,60.0,0.0,10.0,10.0,2.0,0.0
2026-02-16T12:07:28,ERR,ERR,ERR,ERR,ERR,ERR,ERR,ERR,ERR,ERR,ERR,ERR,ERR,ERR,ERR,ERR,ERR,ERR,ERR,ERR,ERR,ERR,ERR,ERR,ERR,ERR,ERR,ERR,ERR,ERR,ERR,ERR,ERR,ERR,ERR,ERR,ERR,ERR,ERR,ERR,ERR,ERR,ERR,ERR,ERR,ERR,ERR,ERR,ERR,ERR,ERR,ERR,ERR,ERR,ERR,ERR,ERR,ERR,ERR,ERR,ERR,ERR,ERR,ERR,ERR,ERR,ERR,ERR,ERR,ERR,ERR,ERR,ERR,ERR,ERR,ERR,ERR,ERR,ERR,ERR,ERR,ERR,ERR,ERR,ERR,ERR,ERR,ERR,ERR,ERR,ERR,ERR,ERR,ERR,ERR,ERR,ERR,ERR,ERR,ERR,ERR,ERR,ERR,ERR,ERR,ERR,ERR,ERR,ERR,ERR,ERR,ERR,ERR,ERR,ERR,ERR,ERR,ERR,ERR,ERR,ERR,ERR,ERR,ERR,ERR,2.718442270659078e+23,-0.0,0.0,-0.0,0.0,0.0,-7.847243453216517e+26,2409482158080.0,4300,0,8,17171,4300,-0.0,39,0.0,0.0,-0.0,0.0,2.7184166902131945e+23,0,0,0,0,0.0,0,0,0,0,0,0,0,0,0,0,0,0,0,0,0,0,0,0,0,0,0,0,0,0,0,0,0,0,0,0,0,0,0,11,37,37,48,65476,412,65476,1,0,4,21553,0.0,0.0,1.0505020651989893e+18,0.0,0.0,0.0,0.0,0.0,0.0,0.0,0.0,0.0,0.0,0.0,0.0,0.0,0.0,0.0,0.0,0.0,0.0,2.004,-0.0,2.004,0.0,-0.0,0.0,0.0,0.0,0.0,6584.0,2.004,0.0,2.718442270659078e+23,2.7184525388662284e+23,-107616224.0,2.7184512778583327e+23,0.0,0.0,2.004,2.004,224,-0.0,1.9056960588899942e+17,0.0,0.0,0.0,0.0,0.0,0.0,0.0,0,0,0,-0.0,-0.0,7.446,-0.0,2.652862073079333e+18,42561.93,0.0,0.0,110732.531,-1.003575280010684e+19,-0.0,36166.16,0.0,0.0,0.0,5511215616.0,0,1.3516416376850534e+27,224,0.0,448,-0.0,0.0,2114,13107,17110,13107,17112,13107,17095,0,0,0,101,100,100,2.730233054771504e+23,63.5,0.0,64.0,0.0,64.0,1,49,50,180,0,13107,0,0,0.0,0.0,0.0,60.0,-0.019,70.5,0.0,0.0,0.0,1070,0,1071,0,0,0,1072,0,1081,0,996,0,640,0,640,0,636,0,675,0.032,6.935975771714791e+21,-2.004,0.0,46736,16812,-0.019,0.0,7.991025493094402e+26,-0.308,0.0,-3.4391540605862902e+28,50.0,60.0,35,0.0,0.0,10.0,2.0,0.0,0.0,0.0,0.0,0.0,0.0,0.0,0.0,0.0,0.0,0.0,0.0,59.2,53,12,65509,27,65476,0,300,0,0,8,20529,65476,0,0,30147,60.0,0.0,10.0,10.0,2.0,0.0
2026-02-16T12:07:29,ERR,ERR,ERR,ERR,ERR,ERR,ERR,ERR,ERR,ERR,ERR,ERR,ERR,ERR,ERR,ERR,ERR,ERR,ERR,ERR,ERR,ERR,ERR,ERR,ERR,ERR,ERR,ERR,ERR,ERR,ERR,ERR,ERR,ERR,ERR,ERR,ERR,ERR,ERR,ERR,ERR,ERR,ERR,ERR,ERR,ERR,ERR,ERR,ERR,ERR,ERR,ERR,ERR,ERR,ERR,ERR,ERR,ERR,ERR,ERR,ERR,ERR,ERR,ERR,ERR,ERR,ERR,ERR,ERR,ERR,ERR,ERR,ERR,ERR,ERR,ERR,ERR,ERR,ERR,ERR,ERR,ERR,ERR,ERR,ERR,ERR,ERR,ERR,ERR,ERR,ERR,ERR,ERR,ERR,ERR,ERR,ERR,ERR,ERR,ERR,ERR,ERR,ERR,ERR,ERR,ERR,ERR,ERR,ERR,ERR,ERR,ERR,ERR,ERR,ERR,ERR,ERR,ERR,ERR,ERR,ERR,ERR,ERR,ERR,ERR,2.718442270659078e+23,-0.0,0.0,-0.0,0.0,0.0,-7.847243453216517e+26,2409482158080.0,4300,0,8,17171,4300,-0.0,39,0.0,0.0,-0.0,0.0,2.7184166902131945e+23,0,0,0,0,0.0,0,0,0,0,0,0,0,0,0,0,0,0,0,0,0,0,0,0,0,0,0,0,0,0,0,0,0,0,0,0,0,0,0,11,37,37,48,65476,412,65476,1,0,4,21553,0.0,0.0,1.0505020651989893e+18,0.0,0.0,0.0,0.0,0.0,0.0,0.0,0.0,0.0,0.0,0.0,0.0,0.0,0.0,0.0,0.0,0.0,0.0,2.004,-0.0,2.004,0.0,-0.0,0.0,0.0,0.0,0.0,6584.0,2.004,0.0,2.718442270659078e+23,2.7184525388662284e+23,-107616224.0,2.7184512778583327e+23,0.0,0.0,2.004,2.004,224,-0.0,1.9056960588899942e+17,0.0,0.0,0.0,0.0,0.0,0.0,0.0,0,0,0,-0.0,-0.0,7.446,-0.0,2.652862073079333e+18,42561.93,0.0,0.0,110732.531,-1.003575280010684e+19,-0.0,36166.16,0.0,0.0,0.0,5511215616.0,0,1.3516416376850534e+27,224,0.0,448,-0.0,0.0,2114,13107,17110,13107,17112,13107,17095,0,0,0,101,100,100,2.730233054771504e+23,63.5,0.0,64.0,0.0,64.0,1,49,50,180,0,13107,0,0,0.0,0.0,0.0,60.0,-0.019,70.5,0.0,0.0,0.0,1070,0,1071,0,0,0,1072,0,1081,0,996,0,640,0,640,0,636,0,675,0.032,6.935975771714791e+21,-2.004,0.0,46736,16812,-0.019,0.0,7.991025493094402e+26,-0.308,0.0,-3.4391540605862902e+28,50.0,60.0,35,0.0,0.0,10.0,2.0,0.0,0.0,0.0,0.0,0.0,0.0,0.0,0.0,0.0,0.0,0.0,0.0,58.8,53,12,65509,27,65476,0,300,0,0,8,20529,65476,0,0,30147,60.0,0.0,10.0,10.0,2.0,0.0
2026-02-16T12:07:30,ERR,ERR,ERR,ERR,ERR,ERR,ERR,ERR,ERR,ERR,ERR,ERR,ERR,ERR,ERR,ERR,ERR,ERR,ERR,ERR,ERR,ERR,ERR,ERR,ERR,ERR,ERR,ERR,ERR,ERR,ERR,ERR,ERR,ERR,ERR,ERR,ERR,ERR,ERR,ERR,ERR,ERR,ERR,ERR,ERR,ERR,ERR,ERR,ERR,ERR,ERR,ERR,ERR,ERR,ERR,ERR,ERR,ERR,ERR,ERR,ERR,ERR,ERR,ERR,ERR,ERR,ERR,ERR,ERR,ERR,ERR,ERR,ERR,ERR,ERR,ERR,ERR,ERR,ERR,ERR,ERR,ERR,ERR,ERR,ERR,ERR,ERR,ERR,ERR,ERR,ERR,ERR,ERR,ERR,ERR,ERR,ERR,ERR,ERR,ERR,ERR,ERR,ERR,ERR,ERR,ERR,ERR,ERR,ERR,ERR,ERR,ERR,ERR,ERR,ERR,ERR,ERR,ERR,ERR,ERR,ERR,ERR,ERR,ERR,ERR,2.718442270659078e+23,2.7184525388662284e+23,-107089984.0,-0.0,-0.0,-0.0,-0.0,3.7118442494965627e+31,4300,0,8,17171,4300,-0.0,40,0.0,0.0,-0.0,0.0,2.7184166902131945e+23,0,0,0,0,0.0,0,0,0,0,0,0,0,0,0,0,0,0,0,0,0,0,0,0,0,0,0,0,0,0,0,0,0,0,0,0,0,0,0,11,37,37,48,65476,411,65476,1,0,4,21553,0.0,-0.0,2.277225848278876e+17,0.0,0.0,0.0,0.0,0.0,0.0,0.0,0.0,0.0,0.0,0.0,0.0,0.0,0.0,0.0,0.0,0.0,0.0,2.004,-0.0,2.004,0.0,-0.0,0.0,0.0,0.0,0.0,6588.0,0.0,0.0,2.718442270659078e+23,2.7184525388662284e+23,0.0,2.7184512778583327e+23,0.0,0.0,2.004,2.004,224,-71.629,71.63,0.0,0.0,0.0,0.0,0.0,0.0,0.0,0,0,0,-0.0,-2.8878474074738837e+38,839965696.0,-2.768220133038778e+38,2.616833276060369e+18,-0.0,0.0,-0.0,-0.0,-1.0972501522599903e+19,-0.0,38982.16,0.0,0.0,0.0,0.0,0,1.3516416376850534e+27,224,0.0,448,0.0,0.0,2114,26215,17110,13107,17112,13107,17095,0,0,0,101,100,100,2.730233054771504e+23,63.5,0.0,64.0,0.0,63.75,1,49,50,180,0,13107,0,0,0.0,0.0,0.0,60.0,-9104.638,70.5,0.0,0.0,0.0,1070,0,1071,0,0,0,1072,0,1081,0,996,0,640,0,640,0,636,0,675,0.032,6.16121252061899e+21,-2.004,0.0,52880,16812,-0.0,0.0,9.867413936127225e+33,-0.0,208.256,-9.583443489485571e+33,50.0,60.0,35,0.0,0.0,10.0,2.0,0.0,0.0,0.0,0.0,0.0,0.0,0.0,0.0,0.0,0.0,0.0,0.0,58.8,53,12,65509,27,65476,0,300,0,0,8,20529,65476,0,0,30147,60.0,0.0,10.0,10.0,2.0,0.0
2026-02-16T12:07:31,ERR,ERR,ERR,ERR,ERR,ERR,ERR,ERR,ERR,ERR,ERR,ERR,ERR,ERR,ERR,ERR,ERR,ERR,ERR,ERR,ERR,ERR,ERR,ERR,ERR,ERR,ERR,ERR,ERR,ERR,ERR,ERR,ERR,ERR,ERR,ERR,ERR,ERR,ERR,ERR,ERR,ERR,ERR,ERR,ERR,ERR,ERR,ERR,ERR,ERR,ERR,ERR,ERR,ERR,ERR,ERR,ERR,ERR,ERR,ERR,ERR,ERR,ERR,ERR,ERR,ERR,ERR,ERR,ERR,ERR,ERR,ERR,ERR,ERR,ERR,ERR,ERR,ERR,ERR,ERR,ERR,ERR,ERR,ERR,ERR,ERR,ERR,ERR,ERR,ERR,ERR,ERR,ERR,ERR,ERR,ERR,ERR,ERR,ERR,ERR,ERR,ERR,ERR,ERR,ERR,ERR,ERR,ERR,ERR,ERR,ERR,ERR,ERR,ERR,ERR,ERR,ERR,ERR,ERR,ERR,ERR,ERR,ERR,ERR,ERR,2.718442270659078e+23,2.7184525388662284e+23,-107089984.0,-0.0,-0.0,-0.0,-0.0,3.7118442494965627e+31,4300,0,8,17171,4300,-0.0,40,0.0,0.0,-0.0,0.0,2.7184166902131945e+23,0,0,0,0,0.0,0,0,0,0,0,0,0,0,0,0,0,0,0,0,0,0,0,0,0,0,0,0,0,0,0,0,0,0,0,0,0,0,0,11,37,37,48,65476,411,65476,1,0,4,21553,0.0,-0.0,2.277225848278876e+17,0.0,0.0,0.0,0.0,0.0,0.0,0.0,0.0,0.0,0.0,0.0,0.0,0.0,0.0,0.0,0.0,0.0,0.0,2.004,-0.0,2.004,0.0,-0.0,0.0,0.0,0.0,0.0,6588.0,0.0,0.0,2.718442270659078e+23,2.7184525388662284e+23,0.0,2.7184512778583327e+23,0.0,0.0,2.004,2.004,224,-71.629,71.63,0.0,0.0,0.0,0.0,0.0,0.0,0.0,0,0,0,-0.0,-2.8878474074738837e+38,839965696.0,-2.768220133038778e+38,2.616833276060369e+18,-0.0,0.0,-0.0,-0.0,-1.0972501522599903e+19,-0.0,38982.16,0.0,0.0,0.0,0.0,0,1.3516416376850534e+27,224,0.0,448,0.0,0.0,2114,26215,17110,13107,17112,13107,17095,0,0,0,101,100,100,2.730233054771504e+23,63.5,0.0,64.0,0.0,63.75,1,49,50,180,0,13107,0,0,0.0,0.0,0.0,60.0,-9104.638,70.5,0.0,0.0,0.0,1070,0,1071,0,0,0,1072,0,1081,0,996,0,640,0,640,0,636,0,675,0.032,6.16121252061899e+21,-2.004,0.0,52880,16812,-0.0,0.0,9.867413936127225e+33,-0.0,208.256,-9.583443489485571e+33,50.0,60.0,35,0.0,0.0,10.0,2.0,0.0,0.0,0.0,0.0,0.0,0.0,0.0,0.0,0.0,0.0,0.0,0.0,58.8,53,12,65509,27,65476,0,300,0,0,8,20529,65476,0,0,30147,60.0,0.0,10.0,10.0,2.0,0.0
2026-02-16T12:07:32,ERR,ERR,ERR,ERR,ERR,ERR,ERR,ERR,ERR,ERR,ERR,ERR,ERR,ERR,ERR,ERR,ERR,ERR,ERR,ERR,ERR,ERR,ERR,ERR,ERR,ERR,ERR,ERR,ERR,ERR,ERR,ERR,ERR,ERR,ERR,ERR,ERR,ERR,ERR,ERR,ERR,ERR,ERR,ERR,ERR,ERR,ERR,ERR,ERR,ERR,ERR,ERR,ERR,ERR,ERR,ERR,ERR,ERR,ERR,ERR,ERR,ERR,ERR,ERR,ERR,ERR,ERR,ERR,ERR,ERR,ERR,ERR,ERR,ERR,ERR,ERR,ERR,ERR,ERR,ERR,ERR,ERR,ERR,ERR,ERR,ERR,ERR,ERR,ERR,ERR,ERR,ERR,ERR,ERR,ERR,ERR,ERR,ERR,ERR,ERR,ERR,ERR,ERR,ERR,ERR,ERR,ERR,ERR,ERR,ERR,ERR,ERR,ERR,ERR,ERR,ERR,ERR,ERR,ERR,ERR,ERR,ERR,ERR,ERR,ERR,2.718442270659078e+23,2.7184525388662284e+23,-107089984.0,-0.0,-0.0,-0.0,-0.0,3.7118442494965627e+31,4300,0,8,17171,4300,-0.0,40,0.0,0.0,-0.0,0.0,2.7184166902131945e+23,0,0,0,0,0.0,0,0,0,0,0,0,0,0,0,0,0,0,0,0,0,0,0,0,0,0,0,0,0,0,0,0,0,0,0,0,0,0,0,11,37,37,48,65476,411,65476,1,0,4,21553,0.0,-0.0,2.277225848278876e+17,0.0,0.0,0.0,0.0,0.0,0.0,0.0,0.0,0.0,0.0,0.0,0.0,0.0,0.0,0.0,0.0,0.0,0.0,2.004,-0.0,2.004,0.0,-0.0,0.0,0.0,0.0,0.0,6588.0,0.0,0.0,2.718442270659078e+23,2.7184525388662284e+23,0.0,2.7184512778583327e+23,0.0,0.0,2.004,2.004,224,-71.629,71.63,0.0,0.0,0.0,0.0,0.0,0.0,0.0,0,0,0,-0.0,-2.8878474074738837e+38,839965696.0,-2.768220133038778e+38,2.616833276060369e+18,-0.0,0.0,-0.0,-0.0,-1.0972501522599903e+19,-0.0,38982.16,0.0,0.0,0.0,0.0,0,1.3516416376850534e+27,224,0.0,448,0.0,0.0,2114,26215,17110,13107,17112,13107,17095,0,0,0,101,100,100,2.730233054771504e+23,63.5,0.0,64.0,0.0,63.75,1,49,50,180,0,13107,0,0,0.0,0.0,0.0,60.0,-9104.638,70.5,0.0,0.0,0.0,1070,0,1071,0,0,0,1072,0,1081,0,996,0,640,0,640,0,636,0,675,0.032,6.16121252061899e+21,-2.004,0.0,52880,16812,-0.0,0.0,9.867413936127225e+33,-0.0,208.256,-9.583443489485571e+33,50.0,60.0,35,0.0,0.0,10.0,2.0,0.0,0.0,0.0,0.0,0.0,0.0,0.0,0.0,0.0,0.0,0.0,0.0,58.8,53,12,65509,27,65476,0,300,0,0,8,20529,65476,0,0,30147,60.0,0.0,10.0,10.0,2.0,0.0
2026-02-16T12:07:33,ERR,ERR,ERR,ERR,ERR,ERR,ERR,ERR,ERR,ERR,ERR,ERR,ERR,ERR,ERR,ERR,ERR,ERR,ERR,ERR,ERR,ERR,ERR,ERR,ERR,ERR,ERR,ERR,ERR,ERR,ERR,ERR,ERR,ERR,ERR,ERR,ERR,ERR,ERR,ERR,ERR,ERR,ERR,ERR,ERR,ERR,ERR,ERR,ERR,ERR,ERR,ERR,ERR,ERR,ERR,ERR,ERR,ERR,ERR,ERR,ERR,ERR,ERR,ERR,ERR,ERR,ERR,ERR,ERR,ERR,ERR,ERR,ERR,ERR,ERR,ERR,ERR,ERR,ERR,ERR,ERR,ERR,ERR,ERR,ERR,ERR,ERR,ERR,ERR,ERR,ERR,ERR,ERR,ERR,ERR,ERR,ERR,ERR,ERR,ERR,ERR,ERR,ERR,ERR,ERR,ERR,ERR,ERR,ERR,ERR,ERR,ERR,ERR,ERR,ERR,ERR,ERR,ERR,ERR,ERR,ERR,ERR,ERR,ERR,ERR,2.718442270659078e+23,2.7184525388662284e+23,-107089984.0,-0.0,-0.0,-0.0,-0.0,3.7118442494965627e+31,4300,0,8,17171,4300,-0.0,40,0.0,0.0,-0.0,0.0,2.7184166902131945e+23,0,0,0,0,0.0,0,0,0,0,0,0,0,0,0,0,0,0,0,0,0,0,0,0,0,0,0,0,0,0,0,0,0,0,0,0,0,0,0,11,37,37,48,65476,411,65476,1,0,4,21553,0.0,-0.0,2.277225848278876e+17,0.0,0.0,0.0,0.0,0.0,0.0,0.0,0.0,0.0,0.0,0.0,0.0,0.0,0.0,0.0,0.0,0.0,0.0,2.004,-0.0,2.004,0.0,-0.0,0.0,0.0,0.0,0.0,6588.0,0.0,0.0,2.718442270659078e+23,2.7184525388662284e+23,0.0,2.7184512778583327e+23,0.0,0.0,2.004,2.004,224,-71.629,71.63,0.0,0.0,0.0,0.0,0.0,0.0,0.0,0,0,0,-0.0,-2.8878474074738837e+38,839965696.0,-2.768220133038778e+38,2.616833276060369e+18,-0.0,0.0,-0.0,-0.0,-1.0972501522599903e+19,-0.0,38982.16,0.0,0.0,0.0,0.0,0,1.3516416376850534e+27,224,0.0,448,0.0,0.0,2114,13107,17110,13107,17112,13107,17095,0,0,0,101,100,100,2.730233054771504e+23,63.5,0.0,64.0,0.0,64.0,1,49,50,180,0,13107,0,0,0.0,0.0,0.0,60.0,-6529350.5,70.5,0.0,17334848716800.0,0.0,1070,0,1071,0,0,0,1072,0,1081,0,996,0,640,0,640,0,636,0,675,0.032,6.16121252061899e+21,-2.004,0.0,43920,16812,-0.0,17334848716800.0,-0.0,627.015,1.294081775157814e+28,0.0,50.0,60.0,35,0.0,0.0,10.0,2.0,0.0,0.0,0.0,0.0,0.0,0.0,0.0,0.0,0.0,0.0,0.0,0.0,58.8,53,12,65509,27,65476,0,300,0,0,8,20529,65476,0,0,30147,60.0,0.0,10.0,10.0,2.0,0.0
2026-02-16T12:07:34,ERR,ERR,ERR,ERR,ERR,ERR,ERR,ERR,ERR,ERR,ERR,ERR,ERR,ERR,ERR,ERR,ERR,ERR,ERR,ERR,ERR,ERR,ERR,ERR,ERR,ERR,ERR,ERR,ERR,ERR,ERR,ERR,ERR,ERR,ERR,ERR,ERR,ERR,ERR,ERR,ERR,ERR,ERR,ERR,ERR,ERR,ERR,ERR,ERR,ERR,ERR,ERR,ERR,ERR,ERR,ERR,ERR,ERR,ERR,ERR,ERR,ERR,ERR,ERR,ERR,ERR,ERR,ERR,ERR,ERR,ERR,ERR,ERR,ERR,ERR,ERR,ERR,ERR,ERR,ERR,ERR,ERR,ERR,ERR,ERR,ERR,ERR,ERR,ERR,ERR,ERR,ERR,ERR,ERR,ERR,ERR,ERR,ERR,ERR,ERR,ERR,ERR,ERR,ERR,ERR,ERR,ERR,ERR,ERR,ERR,ERR,ERR,ERR,ERR,ERR,ERR,ERR,ERR,ERR,ERR,ERR,ERR,ERR,ERR,ERR,2.718442270659078e+23,2.7184525388662284e+23,-107089984.0,-0.0,-0.0,-0.0,-0.0,3.7118442494965627e+31,4300,0,8,17171,4300,-0.0,40,0.0,0.0,-0.0,0.0,2.7184166902131945e+23,0,0,0,0,0.0,0,0,0,0,0,0,0,0,0,0,0,0,0,0,0,0,0,0,0,0,0,0,0,0,0,0,0,0,0,0,0,0,0,11,37,37,48,65476,411,65476,1,0,4,21553,0.0,-0.0,2.277225848278876e+17,0.0,0.0,0.0,0.0,0.0,0.0,0.0,0.0,0.0,0.0,0.0,0.0,0.0,0.0,0.0,0.0,0.0,0.0,2.004,-0.0,2.004,0.0,-0.0,0.0,0.0,0.0,0.0,6588.0,0.0,0.0,2.718442270659078e+23,2.7184525388662284e+23,0.0,2.7184512778583327e+23,0.0,0.0,2.004,2.004,224,-71.629,71.63,0.0,0.0,0.0,0.0,0.0,0.0,0.0,0,0,0,-0.0,-2.8878474074738837e+38,839965696.0,-2.768220133038778e+38,2.616833276060369e+18,-0.0,0.0,-0.0,-0.0,-1.0972501522599903e+19,-0.0,38982.16,0.0,0.0,0.0,0.0,0,1.3516416376850534e+27,224,0.0,448,0.0,0.0,2114,13107,17110,13107,17112,13107,17095,0,0,0,101,100,100,2.730233054771504e+23,63.5,0.0,64.0,0.0,64.0,1,49,50,180,0,13107,0,0,0.0,0.0,0.0,60.0,-6529350.5,70.5,0.0,17334848716800.0,0.0,1070,0,1071,0,0,0,1072,0,1081,0,996,0,640,0,640,0,636,0,675,0.032,6.16121252061899e+21,-2.004,0.0,43920,16812,-0.0,17334848716800.0,-0.0,627.015,1.294081775157814e+28,0.0,50.0,60.0,35,0.0,0.0,10.0,2.0,0.0,0.0,0.0,0.0,0.0,0.0,0.0,0.0,0.0,0.0,0.0,0.0,58.8,53,12,65509,27,65476,0,300,0,0,8,20529,65476,0,0,30147,60.0,0.0,10.0,10.0,2.0,0.0
2026-02-16T12:07:35,ERR,ERR,ERR,ERR,ERR,ERR,ERR,ERR,ERR,ERR,ERR,ERR,ERR,ERR,ERR,ERR,ERR,ERR,ERR,ERR,ERR,ERR,ERR,ERR,ERR,ERR,ERR,ERR,ERR,ERR,ERR,ERR,ERR,ERR,ERR,ERR,ERR,ERR,ERR,ERR,ERR,ERR,ERR,ERR,ERR,ERR,ERR,ERR,ERR,ERR,ERR,ERR,ERR,ERR,ERR,ERR,ERR,ERR,ERR,ERR,ERR,ERR,ERR,ERR,ERR,ERR,ERR,ERR,ERR,ERR,ERR,ERR,ERR,ERR,ERR,ERR,ERR,ERR,ERR,ERR,ERR,ERR,ERR,ERR,ERR,ERR,ERR,ERR,ERR,ERR,ERR,ERR,ERR,ERR,ERR,ERR,ERR,ERR,ERR,ERR,ERR,ERR,ERR,ERR,ERR,ERR,ERR,ERR,ERR,ERR,ERR,ERR,ERR,ERR,ERR,ERR,ERR,ERR,ERR,ERR,ERR,ERR,ERR,ERR,ERR,2.718442270659078e+23,-0.0,0.0,-0.0,0.0,-1.8076230113095717e+35,0.0,-0.0,4300,0,8,17171,4300,-0.0,40,0.0,0.0,-0.0,0.0,2.7184166902131945e+23,0,0,0,0,0.0,0,0,0,0,0,0,0,0,0,0,0,0,0,0,0,0,0,0,0,0,0,0,0,0,0,0,0,0,0,0,0,0,0,11,37,37,48,65476,412,65476,1,0,4,21553,0.0,-0.0,114430200.0,0.0,0.0,0.0,0.0,0.0,0.0,0.0,0.0,0.0,0.0,0.0,0.0,0.0,0.0,0.0,0.0,0.0,0.0,2.004,-0.0,3.697081460117733e+19,0.0,3.697077501875873e+19,0.0,0.0,0.0,0.0,6589.0,0.0,0.0,2.718442270659078e+23,-0.0,0.0,107616288.0,0.0,0.0,2.004,2.004,224,-152017280434176.0,89221.023,0.0,0.0,0.0,0.0,0.0,0.0,0.0,0,0,0,-39652796.0,-0.0,15342545928192.0,5.761668114162277e+32,179597737984.0,114819.844,344185143296.0,0.0,5.47036258958017e+21,-1.1837192651055038e+19,-0.0,42310.16,0.0,0.0,0.0,9.683351930509405e+26,0,1.3516416376850534e+27,224,0.0,448,-0.0,0.0,2114,13107,17110,13107,17112,13107,17095,0,0,0,101,100,100,2.730233054771504e+23,63.5,0.0,64.0,0.0,64.0,1,49,50,180,0,13107,0,0,0.0,0.0,0.0,60.0,-6529350.5,70.5,0.0,17334848716800.0,0.0,1070,0,1071,0,0,0,1072,0,1081,0,996,0,640,0,640,0,636,0,675,0.032,6.16121252061899e+21,-2.004,0.0,43920,16812,-0.0,17334848716800.0,-0.0,627.015,1.294081775157814e+28,0.0,50.0,60.0,35,0.0,0.0,10.0,2.0,0.0,0.0,0.0,0.0,0.0,0.0,0.0,0.0,0.0,0.0,0.0,0.0,58.8,53,12,65509,27,65476,0,300,0,0,8,20529,65476,0,0,30147,60.0,0.0,10.0,10.0,2.0,0.0
2026-02-16T12:07:36,ERR,ERR,ERR,ERR,ERR,ERR,ERR,ERR,ERR,ERR,ERR,ERR,ERR,ERR,ERR,ERR,ERR,ERR,ERR,ERR,ERR,ERR,ERR,ERR,ERR,ERR,ERR,ERR,ERR,ERR,ERR,ERR,ERR,ERR,ERR,ERR,ERR,ERR,ERR,ERR,ERR,ERR,ERR,ERR,ERR,ERR,ERR,ERR,ERR,ERR,ERR,ERR,ERR,ERR,ERR,ERR,ERR,ERR,ERR,ERR,ERR,ERR,ERR,ERR,ERR,ERR,ERR,ERR,ERR,ERR,ERR,ERR,ERR,ERR,ERR,ERR,ERR,ERR,ERR,ERR,ERR,ERR,ERR,ERR,ERR,ERR,ERR,ERR,ERR,ERR,ERR,ERR,ERR,ERR,ERR,ERR,ERR,ERR,ERR,ERR,ERR,ERR,ERR,ERR,ERR,ERR,ERR,ERR,ERR,ERR,ERR,ERR,ERR,ERR,ERR,ERR,ERR,ERR,ERR,ERR,ERR,ERR,ERR,ERR,ERR,2.718442270659078e+23,-0.0,0.0,-0.0,0.0,-1.8076230113095717e+35,0.0,-0.0,4300,0,8,17171,4300,-0.0,40,0.0,0.0,-0.0,0.0,2.7184166902131945e+23,0,0,0,0,0.0,0,0,0,0,0,0,0,0,0,0,0,0,0,0,0,0,0,0,0,0,0,0,0,0,0,0,0,0,0,0,0,0,0,11,37,37,48,65476,412,65476,1,0,4,21553,0.0,-0.0,114430200.0,0.0,0.0,0.0,0.0,0.0,0.0,0.0,0.0,0.0,0.0,0.0,0.0,0.0,0.0,0.0,0.0,0.0,0.0,2.004,-0.0,3.697081460117733e+19,0.0,3.697077501875873e+19,0.0,0.0,0.0,0.0,6589.0,0.0,0.0,2.718442270659078e+23,-0.0,0.0,107616288.0,0.0,0.0,2.004,2.004,224,-152017280434176.0,89221.023,0.0,0.0,0.0,0.0,0.0,0.0,0.0,0,0,0,-39652796.0,-0.0,15342545928192.0,5.761668114162277e+32,179597737984.0,114819.844,344185143296.0,0.0,5.47036258958017e+21,-1.1837192651055038e+19,-0.0,42310.16,0.0,0.0,0.0,9.683351930509405e+26,0,1.3516416376850534e+27,224,0.0,448,-0.0,0.0,2114,13107,17110,13107,17112,13107,17095,0,0,0,101,100,100,2.730233054771504e+23,63.5,0.0,64.0,0.0,64.0,1,49,50,180,0,13107,0,0,0.0,0.0,0.0,60.0,-6529350.5,70.5,0.0,17334848716800.0,0.0,1070,0,1071,0,0,0,1072,0,1081,0,996,0,640,0,640,0,636,0,675,0.032,6.16121252061899e+21,-2.004,0.0,43920,16812,-0.0,17334848716800.0,-0.0,627.015,1.294081775157814e+28,0.0,50.0,60.0,35,0.0,0.0,10.0,2.0,0.0,0.0,0.0,0.0,0.0,0.0,0.0,0.0,0.0,0.0,0.0,0.0,58.8,53,12,65509,27,65476,0,300,0,0,8,20529,65476,0,0,30147,60.0,0.0,10.0,10.0,2.0,0.0
2026-02-16T12:07:37,ERR,ERR,ERR,ERR,ERR,ERR,ERR,ERR,ERR,ERR,ERR,ERR,ERR,ERR,ERR,ERR,ERR,ERR,ERR,ERR,ERR,ERR,ERR,ERR,ERR,ERR,ERR,ERR,ERR,ERR,ERR,ERR,ERR,ERR,ERR,ERR,ERR,ERR,ERR,ERR,ERR,ERR,ERR,ERR,ERR,ERR,ERR,ERR,ERR,ERR,ERR,ERR,ERR,ERR,ERR,ERR,ERR,ERR,ERR,ERR,ERR,ERR,ERR,ERR,ERR,ERR,ERR,ERR,ERR,ERR,ERR,ERR,ERR,ERR,ERR,ERR,ERR,ERR,ERR,ERR,ERR,ERR,ERR,ERR,ERR,ERR,ERR,ERR,ERR,ERR,ERR,ERR,ERR,ERR,ERR,ERR,ERR,ERR,ERR,ERR,ERR,ERR,ERR,ERR,ERR,ERR,ERR,ERR,ERR,ERR,ERR,ERR,ERR,ERR,ERR,ERR,ERR,ERR,ERR,ERR,ERR,ERR,ERR,ERR,ERR,2.718442270659078e+23,-0.0,0.0,-0.0,0.0,-1.8076230113095717e+35,0.0,-0.0,4300,0,8,17171,4300,-0.0,40,0.0,0.0,-0.0,0.0,2.7184166902131945e+23,0,0,0,0,0.0,0,0,0,0,0,0,0,0,0,0,0,0,0,0,0,0,0,0,0,0,0,0,0,0,0,0,0,0,0,0,0,0,0,11,37,37,48,65476,412,65476,1,0,4,21553,0.0,-0.0,114430200.0,0.0,0.0,0.0,0.0,0.0,0.0,0.0,0.0,0.0,0.0,0.0,0.0,0.0,0.0,0.0,0.0,0.0,0.0,2.004,-0.0,3.697081460117733e+19,0.0,3.697077501875873e+19,0.0,0.0,0.0,0.0,6589.0,0.0,0.0,2.718442270659078e+23,-0.0,0.0,107616288.0,0.0,0.0,2.004,2.004,224,-152017280434176.0,89221.023,0.0,0.0,0.0,0.0,0.0,0.0,0.0,0,0,0,-39652796.0,-0.0,15342545928192.0,5.761668114162277e+32,179597737984.0,114819.844,344185143296.0,0.0,5.47036258958017e+21,-1.1837192651055038e+19,-0.0,42310.16,0.0,0.0,0.0,9.683351930509405e+26,0,1.3516416376850534e+27,224,0.0,448,-0.0,0.0,2114,26215,17110,13107,17112,13107,17095,0,0,0,101,100,100,2.730233054771504e+23,63.5,0.0,64.0,0.0,64.0,1,49,50,180,0,13107,0,0,0.0,0.0,0.0,60.0,-0.006,70.5,0.0,-0.0,0.0,1070,0,1071,0,0,0,1071,0,1081,0,996,0,640,0,640,0,636,0,675,0.032,6.234999496913828e+21,-2.004,0.0,50576,16812,-0.006,-0.0,0.0,7.22898812624584e+20,-4.724600752511853e+27,-0.0,50.0,60.0,35,0.0,0.0,10.0,2.0,0.0,0.0,0.0,0.0,0.0,0.0,0.0,0.0,0.0,0.0,0.0,0.0,58.8,53,12,65509,27,65476,0,300,0,0,8,20529,65476,0,0,30147,60.0,0.0,10.0,10.0,2.0,0.0
2026-02-16T12:07:38,ERR,ERR,ERR,ERR,ERR,ERR,ERR,ERR,ERR,ERR,ERR,ERR,ERR,ERR,ERR,ERR,ERR,ERR,ERR,ERR,ERR,ERR,ERR,ERR,ERR,ERR,ERR,ERR,ERR,ERR,ERR,ERR,ERR,ERR,ERR,ERR,ERR,ERR,ERR,ERR,ERR,ERR,ERR,ERR,ERR,ERR,ERR,ERR,ERR,ERR,ERR,ERR,ERR,ERR,ERR,ERR,ERR,ERR,ERR,ERR,ERR,ERR,ERR,ERR,ERR,ERR,ERR,ERR,ERR,ERR,ERR,ERR,ERR,ERR,ERR,ERR,ERR,ERR,ERR,ERR,ERR,ERR,ERR,ERR,ERR,ERR,ERR,ERR,ERR,ERR,ERR,ERR,ERR,ERR,ERR,ERR,ERR,ERR,ERR,ERR,ERR,ERR,ERR,ERR,ERR,ERR,ERR,ERR,ERR,ERR,ERR,ERR,ERR,ERR,ERR,ERR,ERR,ERR,ERR,ERR,ERR,ERR,ERR,ERR,ERR,2.718442270659078e+23,-0.0,0.0,-0.0,0.0,-1.8076230113095717e+35,0.0,-0.0,4300,0,8,17171,4300,-0.0,40,0.0,0.0,-0.0,0.0,2.7184166902131945e+23,0,0,0,0,0.0,0,0,0,0,0,0,0,0,0,0,0,0,0,0,0,0,0,0,0,0,0,0,0,0,0,0,0,0,0,0,0,0,0,11,37,37,48,65476,412,65476,1,0,4,21553,0.0,-0.0,114430200.0,0.0,0.0,0.0,0.0,0.0,0.0,0.0,0.0,0.0,0.0,0.0,0.0,0.0,0.0,0.0,0.0,0.0,0.0,2.004,-0.0,3.697081460117733e+19,0.0,3.697077501875873e+19,0.0,0.0,0.0,0.0,6589.0,0.0,0.0,2.718442270659078e+23,-0.0,0.0,107616288.0,0.0,0.0,2.004,2.004,224,-152017280434176.0,89221.023,0.0,0.0,0.0,0.0,0.0,0.0,0.0,0,0,0,-39652796.0,-0.0,15342545928192.0,5.761668114162277e+32,179597737984.0,114819.844,344185143296.0,0.0,5.47036258958017e+21,-1.1837192651055038e+19,-0.0,42310.16,0.0,0.0,0.0,9.683351930509405e+26,0,1.3516416376850534e+27,224,0.0,448,-0.0,0.0,2114,26215,17110,13107,17112,13107,17095,0,0,0,101,100,100,2.730233054771504e+23,63.5,0.0,64.0,0.0,64.0,1,49,50,180,0,13107,0,0,0.0,0.0,0.0,60.0,-0.006,70.5,0.0,-0.0,0.0,1070,0,1071,0,0,0,1071,0,1081,0,996,0,640,0,640,0,636,0,675,0.032,6.234999496913828e+21,-2.004,0.0,50576,16812,-0.006,-0.0,0.0,7.22898812624584e+20,-4.724600752511853e+27,-0.0,50.0,60.0,35,0.0,0.0,10.0,2.0,0.0,0.0,0.0,0.0,0.0,0.0,0.0,0.0,0.0,0.0,0.0,0.0,58.8,53,12,65509,27,65476,0,300,0,0,8,20529,65476,0,0,30147,60.0,0.0,10.0,10.0,2.0,0.0
2026-02-16T12:07:39,ERR,ERR,ERR,ERR,ERR,ERR,ERR,ERR,ERR,ERR,ERR,ERR,ERR,ERR,ERR,ERR,ERR,ERR,ERR,ERR,ERR,ERR,ERR,ERR,ERR,ERR,ERR,ERR,ERR,ERR,ERR,ERR,ERR,ERR,ERR,ERR,ERR,ERR,ERR,ERR,ERR,ERR,ERR,ERR,ERR,ERR,ERR,ERR,ERR,ERR,ERR,ERR,ERR,ERR,ERR,ERR,ERR,ERR,ERR,ERR,ERR,ERR,ERR,ERR,ERR,ERR,ERR,ERR,ERR,ERR,ERR,ERR,ERR,ERR,ERR,ERR,ERR,ERR,ERR,ERR,ERR,ERR,ERR,ERR,ERR,ERR,ERR,ERR,ERR,ERR,ERR,ERR,ERR,ERR,ERR,ERR,ERR,ERR,ERR,ERR,ERR,ERR,ERR,ERR,ERR,ERR,ERR,ERR,ERR,ERR,ERR,ERR,ERR,ERR,ERR,ERR,ERR,ERR,ERR,ERR,ERR,ERR,ERR,ERR,ERR,2.718442270659078e+23,-0.0,0.0,-0.0,0.0,-1.8076230113095717e+35,0.0,-0.0,4300,0,8,17171,4300,-0.0,40,0.0,0.0,-0.0,0.0,2.7184166902131945e+23,0,0,0,0,0.0,0,0,0,0,0,0,0,0,0,0,0,0,0,0,0,0,0,0,0,0,0,0,0,0,0,0,0,0,0,0,0,0,0,11,37,37,48,65476,412,65476,1,0,4,21553,0.0,-0.0,114430200.0,0.0,0.0,0.0,0.0,0.0,0.0,0.0,0.0,0.0,0.0,0.0,0.0,0.0,0.0,0.0,0.0,0.0,0.0,2.004,-0.0,3.697081460117733e+19,0.0,3.697077501875873e+19,0.0,0.0,0.0,0.0,6589.0,0.0,0.0,2.718442270659078e+23,-0.0,0.0,107616288.0,0.0,0.0,2.004,2.004,224,-152017280434176.0,89221.023,0.0,0.0,0.0,0.0,0.0,0.0,0.0,0,0,0,-39652796.0,-0.0,15342545928192.0,5.761668114162277e+32,179597737984.0,114819.844,344185143296.0,0.0,5.47036258958017e+21,-1.1837192651055038e+19,-0.0,42310.16,0.0,0.0,0.0,9.683351930509405e+26,0,1.3516416376850534e+27,224,0.0,448,-0.0,0.0,2114,26215,17110,13107,17112,13107,17095,0,0,0,101,100,100,2.730233054771504e+23,63.5,0.0,64.0,0.0,64.0,1,49,50,180,0,13107,0,0,0.0,0.0,0.0,60.0,-0.006,70.5,0.0,-0.0,0.0,1070,0,1071,0,0,0,1071,0,1081,0,996,0,640,0,640,0,636,0,675,0.032,6.234999496913828e+21,-2.004,0.0,50576,16812,-0.006,-0.0,0.0,7.22898812624584e+20,-4.724600752511853e+27,-0.0,50.0,60.0,35,0.0,0.0,10.0,2.0,0.0,0.0,0.0,0.0,0.0,0.0,0.0,0.0,0.0,0.0,0.0,0.0,58.8,53,12,65509,27,65476,0,300,0,0,8,20529,65476,0,0,30147,60.0,0.0,10.0,10.0,2.0,0.0
2026-02-16T12:07:40,ERR,ERR,ERR,ERR,ERR,ERR,ERR,ERR,ERR,ERR,ERR,ERR,ERR,ERR,ERR,ERR,ERR,ERR,ERR,ERR,ERR,ERR,ERR,ERR,ERR,ERR,ERR,ERR,ERR,ERR,ERR,ERR,ERR,ERR,ERR,ERR,ERR,ERR,ERR,ERR,ERR,ERR,ERR,ERR,ERR,ERR,ERR,ERR,ERR,ERR,ERR,ERR,ERR,ERR,ERR,ERR,ERR,ERR,ERR,ERR,ERR,ERR,ERR,ERR,ERR,ERR,ERR,ERR,ERR,ERR,ERR,ERR,ERR,ERR,ERR,ERR,ERR,ERR,ERR,ERR,ERR,ERR,ERR,ERR,ERR,ERR,ERR,ERR,ERR,ERR,ERR,ERR,ERR,ERR,ERR,ERR,ERR,ERR,ERR,ERR,ERR,ERR,ERR,ERR,ERR,ERR,ERR,ERR,ERR,ERR,ERR,ERR,ERR,ERR,ERR,ERR,ERR,ERR,ERR,ERR,ERR,ERR,ERR,ERR,ERR,2.718442270659078e+23,-0.0,0.0,-0.0,0.0,0.0,2010.218,-0.0,4300,0,8,17171,4300,-0.0,39,0.0,0.0,-0.0,0.0,2.7184166902131945e+23,0,0,0,0,0.0,0,0,0,0,0,0,0,0,0,0,0,0,0,0,0,0,0,0,0,0,0,0,0,0,0,0,0,0,0,0,0,0,0,11,37,37,48,65476,412,65476,1,0,4,21553,0.0,-0.0,42010740.0,0.0,0.0,0.0,0.0,0.0,0.0,0.0,0.0,0.0,0.0,0.0,0.0,0.0,0.0,0.0,0.0,0.0,0.0,2.004,-0.0,3.697081460117733e+19,2.004,2.004,0.0,0.0,0.0,0.0,6589.0,0.0,0.0,2.718442270659078e+23,-0.0,0.0,0.0,0.0,0.0,2.004,2.004,225,-152017280434176.0,107615256.0,0.0,0.0,0.0,0.0,0.0,0.0,0.0,0,0,0,-1386329984.0,-455622016.0,27549990912.0,-0.0,5.785034709551698e+26,0.0,1.2710061674575956e+28,58074417070080.0,-0.0,-1.2701883779510174e+19,-0.0,45382.16,0.0,0.0,0.0,8030728239448064.0,0,1.3516416376850534e+27,225,0.0,450,0.0,4.689386298539238e+24,2114,26215,17110,13107,17112,13107,17095,0,0,0,101,100,100,2.730233054771504e+23,63.5,0.0,64.0,0.0,64.0,1,49,50,180,0,13107,0,0,0.0,0.0,0.0,60.0,-0.006,70.5,0.0,-0.0,0.0,1070,0,1071,0,0,0,1071,0,1081,0,996,0,640,0,640,0,636,0,675,0.032,6.234999496913828e+21,-2.004,0.0,50576,16812,-0.006,-0.0,0.0,7.22898812624584e+20,-4.724600752511853e+27,-0.0,50.0,60.0,35,0.0,0.0,10.0,2.0,0.0,0.0,0.0,0.0,0.0,0.0,0.0,0.0,0.0,0.0,0.0,0.0,58.8,53,12,65509,27,65476,0,300,0,0,8,20529,65476,0,0,30147,60.0,0.0,10.0,10.0,2.0,0.0
2026-02-16T12:07:41,ERR,ERR,ERR,ERR,ERR,ERR,ERR,ERR,ERR,ERR,ERR,ERR,ERR,ERR,ERR,ERR,ERR,ERR,ERR,ERR,ERR,ERR,ERR,ERR,ERR,ERR,ERR,ERR,ERR,ERR,ERR,ERR,ERR,ERR,ERR,ERR,ERR,ERR,ERR,ERR,ERR,ERR,ERR,ERR,ERR,ERR,ERR,ERR,ERR,ERR,ERR,ERR,ERR,ERR,ERR,ERR,ERR,ERR,ERR,ERR,ERR,ERR,ERR,ERR,ERR,ERR,ERR,ERR,ERR,ERR,ERR,ERR,ERR,ERR,ERR,ERR,ERR,ERR,ERR,ERR,ERR,ERR,ERR,ERR,ERR,ERR,ERR,ERR,ERR,ERR,ERR,ERR,ERR,ERR,ERR,ERR,ERR,ERR,ERR,ERR,ERR,ERR,ERR,ERR,ERR,ERR,ERR,ERR,ERR,ERR,ERR,ERR,ERR,ERR,ERR,ERR,ERR,ERR,ERR,ERR,ERR,ERR,ERR,ERR,ERR,2.718442270659078e+23,-0.0,0.0,-0.0,0.0,0.0,2010.218,-0.0,4300,0,8,17171,4300,-0.0,39,0.0,0.0,-0.0,0.0,2.7184166902131945e+23,0,0,0,0,0.0,0,0,0,0,0,0,0,0,0,0,0,0,0,0,0,0,0,0,0,0,0,0,0,0,0,0,0,0,0,0,0,0,0,11,37,37,48,65476,412,65476,1,0,4,21553,0.0,-0.0,42010740.0,0.0,0.0,0.0,0.0,0.0,0.0,0.0,0.0,0.0,0.0,0.0,0.0,0.0,0.0,0.0,0.0,0.0,0.0,2.004,-0.0,3.697081460117733e+19,2.004,2.004,0.0,0.0,0.0,0.0,6589.0,0.0,0.0,2.718442270659078e+23,-0.0,0.0,0.0,0.0,0.0,2.004,2.004,225,-152017280434176.0,107615256.0,0.0,0.0,0.0,0.0,0.0,0.0,0.0,0,0,0,-1386329984.0,-455622016.0,27549990912.0,-0.0,5.785034709551698e+26,0.0,1.2710061674575956e+28,58074417070080.0,-0.0,-1.2701883779510174e+19,-0.0,45382.16,0.0,0.0,0.0,8030728239448064.0,0,1.3516416376850534e+27,225,0.0,450,0.0,4.689386298539238e+24,2114,26215,17110,13107,17112,13107,17095,0,0,0,101,100,100,2.730233054771504e+23,63.5,0.0,64.0,0.0,64.0,1,49,50,180,0,13107,0,0,0.0,0.0,0.0,60.0,-0.0,70.5,0.0,0.0,0.0,1070,0,1071,0,0,0,1071,0,1081,0,996,0,640,0,640,0,636,0,675,0.032,6.234999496913828e+21,-2.004,0.0,54672,16812,-0.0,-3.42351306293248e+16,0.813,0.0,0.0,-279040.25,50.0,60.0,35,0.0,0.0,10.0,2.0,0.0,0.0,0.0,0.0,0.0,0.0,0.0,0.0,0.0,0.0,0.0,0.0,58.8,53,12,65509,27,65476,0,65476,0,0,2,20529,65476,0,0,30147,60.0,0.0,10.0,10.0,2.0,0.0
2026-02-16T12:07:42,ERR,ERR,ERR,ERR,ERR,ERR,ERR,ERR,ERR,ERR,ERR,ERR,ERR,ERR,ERR,ERR,ERR,ERR,ERR,ERR,ERR,ERR,ERR,ERR,ERR,ERR,ERR,ERR,ERR,ERR,ERR,ERR,ERR,ERR,ERR,ERR,ERR,ERR,ERR,ERR,ERR,ERR,ERR,ERR,ERR,ERR,ERR,ERR,ERR,ERR,ERR,ERR,ERR,ERR,ERR,ERR,ERR,ERR,ERR,ERR,ERR,ERR,ERR,ERR,ERR,ERR,ERR,ERR,ERR,ERR,ERR,ERR,ERR,ERR,ERR,ERR,ERR,ERR,ERR,ERR,ERR,ERR,ERR,ERR,ERR,ERR,ERR,ERR,ERR,ERR,ERR,ERR,ERR,ERR,ERR,ERR,ERR,ERR,ERR,ERR,ERR,ERR,ERR,ERR,ERR,ERR,ERR,ERR,ERR,ERR,ERR,ERR,ERR,ERR,ERR,ERR,ERR,ERR,ERR,ERR,ERR,ERR,ERR,ERR,ERR,2.718442270659078e+23,-0.0,0.0,-0.0,0.0,0.0,2010.218,-0.0,4300,0,8,17171,4300,-0.0,39,0.0,0.0,-0.0,0.0,2.7184166902131945e+23,0,0,0,0,0.0,0,0,0,0,0,0,0,0,0,0,0,0,0,0,0,0,0,0,0,0,0,0,0,0,0,0,0,0,0,0,0,0,0,11,37,37,48,65476,412,65476,1,0,4,21553,0.0,-0.0,42010740.0,0.0,0.0,0.0,0.0,0.0,0.0,0.0,0.0,0.0,0.0,0.0,0.0,0.0,0.0,0.0,0.0,0.0,0.0,2.004,-0.0,3.697081460117733e+19,2.004,2.004,0.0,0.0,0.0,0.0,6589.0,0.0,0.0,2.718442270659078e+23,-0.0,0.0,0.0,0.0,0.0,2.004,2.004,225,-152017280434176.0,107615256.0,0.0,0.0,0.0,0.0,0.0,0.0,0.0,0,0,0,-1386329984.0,-455622016.0,27549990912.0,-0.0,5.785034709551698e+26,0.0,1.2710061674575956e+28,58074417070080.0,-0.0,-1.2701883779510174e+19,-0.0,45382.16,0.0,0.0,0.0,8030728239448064.0,0,1.3516416376850534e+27,225,0.0,450,0.0,4.689386298539238e+24,2114,26215,17110,13107,17112,13107,17095,0,0,0,101,100,100,2.730233054771504e+23,63.5,0.0,64.0,0.0,64.0,1,49,50,180,0,13107,0,0,0.0,0.0,0.0,60.0,-0.0,70.5,0.0,0.0,0.0,1070,0,1071,0,0,0,1071,0,1081,0,996,0,640,0,640,0,636,0,675,0.032,6.234999496913828e+21,-2.004,0.0,54672,16812,-0.0,-3.42351306293248e+16,0.813,0.0,0.0,-279040.25,50.0,60.0,35,0.0,0.0,10.0,2.0,0.0,0.0,0.0,0.0,0.0,0.0,0.0,0.0,0.0,0.0,0.0,0.0,58.8,53,12,65509,27,65476,0,65476,0,0,2,20529,65476,0,0,30147,60.0,0.0,10.0,10.0,2.0,0.0
2026-02-16T12:07:43,ERR,ERR,ERR,ERR,ERR,ERR,ERR,ERR,ERR,ERR,ERR,ERR,ERR,ERR,ERR,ERR,ERR,ERR,ERR,ERR,ERR,ERR,ERR,ERR,ERR,ERR,ERR,ERR,ERR,ERR,ERR,ERR,ERR,ERR,ERR,ERR,ERR,ERR,ERR,ERR,ERR,ERR,ERR,ERR,ERR,ERR,ERR,ERR,ERR,ERR,ERR,ERR,ERR,ERR,ERR,ERR,ERR,ERR,ERR,ERR,ERR,ERR,ERR,ERR,ERR,ERR,ERR,ERR,ERR,ERR,ERR,ERR,ERR,ERR,ERR,ERR,ERR,ERR,ERR,ERR,ERR,ERR,ERR,ERR,ERR,ERR,ERR,ERR,ERR,ERR,ERR,ERR,ERR,ERR,ERR,ERR,ERR,ERR,ERR,ERR,ERR,ERR,ERR,ERR,ERR,ERR,ERR,ERR,ERR,ERR,ERR,ERR,ERR,ERR,ERR,ERR,ERR,ERR,ERR,ERR,ERR,ERR,ERR,ERR,ERR,2.718442270659078e+23,-0.0,0.0,-0.0,0.0,0.0,2010.218,-0.0,4300,0,8,17171,4300,-0.0,39,0.0,0.0,-0.0,0.0,2.7184166902131945e+23,0,0,0,0,0.0,0,0,0,0,0,0,0,0,0,0,0,0,0,0,0,0,0,0,0,0,0,0,0,0,0,0,0,0,0,0,0,0,0,11,37,37,48,65476,412,65476,1,0,4,21553,0.0,-0.0,42010740.0,0.0,0.0,0.0,0.0,0.0,0.0,0.0,0.0,0.0,0.0,0.0,0.0,0.0,0.0,0.0,0.0,0.0,0.0,2.004,-0.0,3.697081460117733e+19,2.004,2.004,0.0,0.0,0.0,0.0,6589.0,0.0,0.0,2.718442270659078e+23,-0.0,0.0,0.0,0.0,0.0,2.004,2.004,225,-152017280434176.0,107615256.0,0.0,0.0,0.0,0.0,0.0,0.0,0.0,0,0,0,-1386329984.0,-455622016.0,27549990912.0,-0.0,5.785034709551698e+26,0.0,1.2710061674575956e+28,58074417070080.0,-0.0,-1.2701883779510174e+19,-0.0,45382.16,0.0,0.0,0.0,8030728239448064.0,0,1.3516416376850534e+27,225,0.0,450,0.0,4.689386298539238e+24,2114,26215,17110,13107,17112,13107,17095,0,0,0,101,100,100,2.730233054771504e+23,63.5,0.0,64.0,0.0,64.0,1,49,50,180,0,13107,0,0,0.0,0.0,0.0,60.0,-0.0,70.5,0.0,0.0,0.0,1070,0,1071,0,0,0,1071,0,1081,0,996,0,640,0,640,0,636,0,675,0.032,6.234999496913828e+21,-2.004,0.0,54672,16812,-0.0,-3.42351306293248e+16,0.813,0.0,0.0,-279040.25,50.0,60.0,35,0.0,0.0,10.0,2.0,0.0,0.0,0.0,0.0,0.0,0.0,0.0,0.0,0.0,0.0,0.0,0.0,58.8,53,12,65509,27,65476,0,65476,1,0,8,20529,65476,0,0,30147,60.0,0.0,10.0,10.0,2.0,0.0
2026-02-16T12:07:44,ERR,ERR,ERR,ERR,ERR,ERR,ERR,ERR,ERR,ERR,ERR,ERR,ERR,ERR,ERR,ERR,ERR,ERR,ERR,ERR,ERR,ERR,ERR,ERR,ERR,ERR,ERR,ERR,ERR,ERR,ERR,ERR,ERR,ERR,ERR,ERR,ERR,ERR,ERR,ERR,ERR,ERR,ERR,ERR,ERR,ERR,ERR,ERR,ERR,ERR,ERR,ERR,ERR,ERR,ERR,ERR,ERR,ERR,ERR,ERR,ERR,ERR,ERR,ERR,ERR,ERR,ERR,ERR,ERR,ERR,ERR,ERR,ERR,ERR,ERR,ERR,ERR,ERR,ERR,ERR,ERR,ERR,ERR,ERR,ERR,ERR,ERR,ERR,ERR,ERR,ERR,ERR,ERR,ERR,ERR,ERR,ERR,ERR,ERR,ERR,ERR,ERR,ERR,ERR,ERR,ERR,ERR,ERR,ERR,ERR,ERR,ERR,ERR,ERR,ERR,ERR,ERR,ERR,ERR,ERR,ERR,ERR,ERR,ERR,ERR,2.718442270659078e+23,-0.0,0.0,-0.0,0.0,0.0,2010.218,-0.0,4300,0,8,17171,4300,-0.0,39,0.0,0.0,-0.0,0.0,2.7184166902131945e+23,0,0,0,0,0.0,0,0,0,0,0,0,0,0,0,0,0,0,0,0,0,0,0,0,0,0,0,0,0,0,0,0,0,0,0,0,0,0,0,11,37,37,48,65476,412,65476,1,0,4,21553,0.0,-0.0,42010740.0,0.0,0.0,0.0,0.0,0.0,0.0,0.0,0.0,0.0,0.0,0.0,0.0,0.0,0.0,0.0,0.0,0.0,0.0,2.004,-0.0,3.697081460117733e+19,2.004,2.004,0.0,0.0,0.0,0.0,6589.0,0.0,0.0,2.718442270659078e+23,-0.0,0.0,0.0,0.0,0.0,2.004,2.004,225,-152017280434176.0,107615256.0,0.0,0.0,0.0,0.0,0.0,0.0,0.0,0,0,0,-1386329984.0,-455622016.0,27549990912.0,-0.0,5.785034709551698e+26,0.0,1.2710061674575956e+28,58074417070080.0,-0.0,-1.2701883779510174e+19,-0.0,45382.16,0.0,0.0,0.0,8030728239448064.0,0,1.3516416376850534e+27,225,0.0,450,0.0,4.689386298539238e+24,2114,26215,17110,13107,17112,13107,17095,0,0,0,101,100,100,2.730233054771504e+23,63.55,0.0,64.0,0.0,64.0,1,49,50,180,0,13107,0,0,0.0,0.0,0.0,60.0,-0.0,70.5,0.0,0.0,0.0,1070,0,1071,0,0,0,1072,0,1081,0,996,0,640,0,641,0,636,0,675,0.032,6.234999496913828e+21,-2.004,0.0,52624,16812,-0.0,3.659618040256642e+37,-0.0,0.0,-0.0,0.0,50.0,60.0,35,0.0,0.0,10.0,2.0,0.0,0.0,0.0,0.0,0.0,0.0,0.0,0.0,0.0,0.0,0.0,0.0,58.8,53,12,65509,27,65476,0,65476,0,0,4,20529,65476,0,0,30147,60.0,0.0,10.0,10.0,2.0,0.0
2026-02-16T12:07:45,ERR,ERR,ERR,ERR,ERR,ERR,ERR,ERR,ERR,ERR,ERR,ERR,ERR,ERR,ERR,ERR,ERR,ERR,ERR,ERR,ERR,ERR,ERR,ERR,ERR,ERR,ERR,ERR,ERR,ERR,ERR,ERR,ERR,ERR,ERR,ERR,ERR,ERR,ERR,ERR,ERR,ERR,ERR,ERR,ERR,ERR,ERR,ERR,ERR,ERR,ERR,ERR,ERR,ERR,ERR,ERR,ERR,ERR,ERR,ERR,ERR,ERR,ERR,ERR,ERR,ERR,ERR,ERR,ERR,ERR,ERR,ERR,ERR,ERR,ERR,ERR,ERR,ERR,ERR,ERR,ERR,ERR,ERR,ERR,ERR,ERR,ERR,ERR,ERR,ERR,ERR,ERR,ERR,ERR,ERR,ERR,ERR,ERR,ERR,ERR,ERR,ERR,ERR,ERR,ERR,ERR,ERR,ERR,ERR,ERR,ERR,ERR,ERR,ERR,ERR,ERR,ERR,ERR,ERR,ERR,ERR,ERR,ERR,ERR,ERR,2.718442270659078e+23,-0.0,0.0,-0.0,0.0,-6.754640676665783e+28,0.0,-0.0,4300,0,8,17171,4300,-0.0,40,0.0,0.0,-0.0,0.0,2.7184166902131945e+23,0,0,0,0,0.0,0,0,0,0,0,0,0,0,0,0,0,0,0,0,0,0,0,0,0,0,0,0,0,0,0,0,0,0,0,0,0,0,0,11,37,37,48,65476,414,65476,1,0,4,21553,0.0,2.7183305813883192e+23,0.0,0.0,0.0,0.0,0.0,0.0,0.0,0.0,0.0,0.0,0.0,0.0,0.0,0.0,0.0,0.0,0.0,0.0,0.0,2.004,-0.0,3.697081460117733e+19,3.697074423243316e+19,0.0,0.0,0.0,0.0,0.0,6561.0,0.0,0.0,2.718442270659078e+23,-0.0,2.718450016850437e+23,0.0,0.0,0.0,2.004,2.004,223,0.0,0.0,0.0,0.0,0.0,0.0,0.0,0.0,0.0,0,0,0,-1.4891536378494976e+17,5.7437558567595095e+23,169614432534528.0,-7.716638522149666e+24,7.708630486175991e+27,0.0,1.0955170929394906e+31,6.206077308049261e+24,-0.0,-1.3782747690079093e+19,-0.0,48966.16,0.0,0.0,0.0,1.3623746278462179e+24,0,1.3516416376850534e+27,223,0.0,446,-0.0,0.0,2114,26215,17110,13107,17112,13107,17095,0,0,0,101,100,100,2.730233054771504e+23,63.55,0.0,64.0,0.0,64.0,1,49,50,180,0,13107,0,0,0.0,0.0,0.0,60.0,-0.0,70.5,0.0,0.0,0.0,1070,0,1071,0,0,0,1072,0,1081,0,996,0,640,0,641,0,636,0,675,0.032,6.234999496913828e+21,-2.004,0.0,52624,16812,-0.0,3.659618040256642e+37,-0.0,0.0,-0.0,0.0,50.0,60.0,35,0.0,0.0,10.0,2.0,0.0,0.0,0.0,0.0,0.0,0.0,0.0,0.0,0.0,0.0,0.0,0.0,58.8,53,12,65509,27,65476,0,65476,0,0,4,20529,65476,0,0,30147,60.0,0.0,10.0,10.0,2.0,0.0
2026-02-16T12:07:46,ERR,ERR,ERR,ERR,ERR,ERR,ERR,ERR,ERR,ERR,ERR,ERR,ERR,ERR,ERR,ERR,ERR,ERR,ERR,ERR,ERR,ERR,ERR,ERR,ERR,ERR,ERR,ERR,ERR,ERR,ERR,ERR,ERR,ERR,ERR,ERR,ERR,ERR,ERR,ERR,ERR,ERR,ERR,ERR,ERR,ERR,ERR,ERR,ERR,ERR,ERR,ERR,ERR,ERR,ERR,ERR,ERR,ERR,ERR,ERR,ERR,ERR,ERR,ERR,ERR,ERR,ERR,ERR,ERR,ERR,ERR,ERR,ERR,ERR,ERR,ERR,ERR,ERR,ERR,ERR,ERR,ERR,ERR,ERR,ERR,ERR,ERR,ERR,ERR,ERR,ERR,ERR,ERR,ERR,ERR,ERR,ERR,ERR,ERR,ERR,ERR,ERR,ERR,ERR,ERR,ERR,ERR,ERR,ERR,ERR,ERR,ERR,ERR,ERR,ERR,ERR,ERR,ERR,ERR,ERR,ERR,ERR,ERR,ERR,ERR,2.718442270659078e+23,-0.0,0.0,-0.0,0.0,-6.754640676665783e+28,0.0,-0.0,4300,0,8,17171,4300,-0.0,40,0.0,0.0,-0.0,0.0,2.7184166902131945e+23,0,0,0,0,0.0,0,0,0,0,0,0,0,0,0,0,0,0,0,0,0,0,0,0,0,0,0,0,0,0,0,0,0,0,0,0,0,0,0,11,37,37,48,65476,414,65476,1,0,4,21553,0.0,2.7183305813883192e+23,0.0,0.0,0.0,0.0,0.0,0.0,0.0,0.0,0.0,0.0,0.0,0.0,0.0,0.0,0.0,0.0,0.0,0.0,0.0,2.004,-0.0,3.697081460117733e+19,3.697074423243316e+19,0.0,0.0,0.0,0.0,0.0,6561.0,0.0,0.0,2.718442270659078e+23,-0.0,2.718450016850437e+23,0.0,0.0,0.0,2.004,2.004,223,0.0,0.0,0.0,0.0,0.0,0.0,0.0,0.0,0.0,0,0,0,-1.4891536378494976e+17,5.7437558567595095e+23,169614432534528.0,-7.716638522149666e+24,7.708630486175991e+27,0.0,1.0955170929394906e+31,6.206077308049261e+24,-0.0,-1.3782747690079093e+19,-0.0,48966.16,0.0,0.0,0.0,1.3623746278462179e+24,0,1.3516416376850534e+27,223,0.0,446,-0.0,0.0,2114,26215,17110,13107,17112,13107,17095,0,0,0,101,100,100,2.730233054771504e+23,63.55,0.0,64.0,0.0,64.0,1,49,50,180,0,13107,0,0,0.0,0.0,0.0,60.0,-0.0,70.5,0.0,0.0,0.0,1070,0,1071,0,0,0,1072,0,1081,0,996,0,640,0,641,0,636,0,675,0.032,6.234999496913828e+21,-2.004,0.0,52624,16812,-0.0,3.659618040256642e+37,-0.0,0.0,-0.0,0.0,50.0,60.0,35,0.0,0.0,10.0,2.0,0.0,0.0,0.0,0.0,0.0,0.0,0.0,0.0,0.0,0.0,0.0,0.0,58.8,53,12,65509,27,65476,0,65476,1,0,4,20529,65476,0,0,30147,60.0,0.0,10.0,10.0,2.0,0.0
2026-02-16T12:07:47,ERR,ERR,ERR,ERR,ERR,ERR,ERR,ERR,ERR,ERR,ERR,ERR,ERR,ERR,ERR,ERR,ERR,ERR,ERR,ERR,ERR,ERR,ERR,ERR,ERR,ERR,ERR,ERR,ERR,ERR,ERR,ERR,ERR,ERR,ERR,ERR,ERR,ERR,ERR,ERR,ERR,ERR,ERR,ERR,ERR,ERR,ERR,ERR,ERR,ERR,ERR,ERR,ERR,ERR,ERR,ERR,ERR,ERR,ERR,ERR,ERR,ERR,ERR,ERR,ERR,ERR,ERR,ERR,ERR,ERR,ERR,ERR,ERR,ERR,ERR,ERR,ERR,ERR,ERR,ERR,ERR,ERR,ERR,ERR,ERR,ERR,ERR,ERR,ERR,ERR,ERR,ERR,ERR,ERR,ERR,ERR,ERR,ERR,ERR,ERR,ERR,ERR,ERR,ERR,ERR,ERR,ERR,ERR,ERR,ERR,ERR,ERR,ERR,ERR,ERR,ERR,ERR,ERR,ERR,ERR,ERR,ERR,ERR,ERR,ERR,2.718442270659078e+23,-0.0,0.0,-0.0,0.0,-6.754640676665783e+28,0.0,-0.0,4300,0,8,17171,4300,-0.0,40,0.0,0.0,-0.0,0.0,2.7184166902131945e+23,0,0,0,0,0.0,0,0,0,0,0,0,0,0,0,0,0,0,0,0,0,0,0,0,0,0,0,0,0,0,0,0,0,0,0,0,0,0,0,11,37,37,48,65476,414,65476,1,0,4,21553,0.0,2.7183305813883192e+23,0.0,0.0,0.0,0.0,0.0,0.0,0.0,0.0,0.0,0.0,0.0,0.0,0.0,0.0,0.0,0.0,0.0,0.0,0.0,2.004,-0.0,3.697081460117733e+19,3.697074423243316e+19,0.0,0.0,0.0,0.0,0.0,6561.0,0.0,0.0,2.718442270659078e+23,-0.0,2.718450016850437e+23,0.0,0.0,0.0,2.004,2.004,223,0.0,0.0,0.0,0.0,0.0,0.0,0.0,0.0,0.0,0,0,0,-1.4891536378494976e+17,5.7437558567595095e+23,169614432534528.0,-7.716638522149666e+24,7.708630486175991e+27,0.0,1.0955170929394906e+31,6.206077308049261e+24,-0.0,-1.3782747690079093e+19,-0.0,48966.16,0.0,0.0,0.0,1.3623746278462179e+24,0,1.3516416376850534e+27,223,0.0,446,-0.0,0.0,2114,26215,17110,13107,17112,13107,17095,0,0,0,101,100,100,2.730233054771504e+23,63.55,0.0,64.0,0.0,64.0,1,49,50,180,0,13107,0,0,0.0,0.0,0.0,60.0,-0.0,70.5,0.0,0.0,0.0,1070,0,1071,0,0,0,1072,0,1081,0,996,0,640,0,641,0,636,0,675,0.032,6.234999496913828e+21,-2.004,0.0,52624,16812,-0.0,3.659618040256642e+37,-0.0,0.0,-0.0,0.0,50.0,60.0,35,0.0,0.0,10.0,2.0,0.0,0.0,0.0,0.0,0.0,0.0,0.0,0.0,0.0,0.0,0.0,0.0,58.8,53,12,65509,27,65476,0,65476,1,0,4,20529,65476,0,0,30147,60.0,0.0,10.0,10.0,2.0,0.0
2026-02-16T12:07:48,ERR,ERR,ERR,ERR,ERR,ERR,ERR,ERR,ERR,ERR,ERR,ERR,ERR,ERR,ERR,ERR,ERR,ERR,ERR,ERR,ERR,ERR,ERR,ERR,ERR,ERR,ERR,ERR,ERR,ERR,ERR,ERR,ERR,ERR,ERR,ERR,ERR,ERR,ERR,ERR,ERR,ERR,ERR,ERR,ERR,ERR,ERR,ERR,ERR,ERR,ERR,ERR,ERR,ERR,ERR,ERR,ERR,ERR,ERR,ERR,ERR,ERR,ERR,ERR,ERR,ERR,ERR,ERR,ERR,ERR,ERR,ERR,ERR,ERR,ERR,ERR,ERR,ERR,ERR,ERR,ERR,ERR,ERR,ERR,ERR,ERR,ERR,ERR,ERR,ERR,ERR,ERR,ERR,ERR,ERR,ERR,ERR,ERR,ERR,ERR,ERR,ERR,ERR,ERR,ERR,ERR,ERR,ERR,ERR,ERR,ERR,ERR,ERR,ERR,ERR,ERR,ERR,ERR,ERR,ERR,ERR,ERR,ERR,ERR,ERR,2.718442270659078e+23,-0.0,0.0,-0.0,0.0,-6.754640676665783e+28,0.0,-0.0,4300,0,8,17171,4300,-0.0,40,0.0,0.0,-0.0,0.0,2.7184166902131945e+23,0,0,0,0,0.0,0,0,0,0,0,0,0,0,0,0,0,0,0,0,0,0,0,0,0,0,0,0,0,0,0,0,0,0,0,0,0,0,0,11,37,37,48,65476,414,65476,1,0,4,21553,0.0,2.7183305813883192e+23,0.0,0.0,0.0,0.0,0.0,0.0,0.0,0.0,0.0,0.0,0.0,0.0,0.0,0.0,0.0,0.0,0.0,0.0,0.0,2.004,-0.0,3.697081460117733e+19,3.697074423243316e+19,0.0,0.0,0.0,0.0,0.0,6561.0,0.0,0.0,2.718442270659078e+23,-0.0,2.718450016850437e+23,0.0,0.0,0.0,2.004,2.004,223,0.0,0.0,0.0,0.0,0.0,0.0,0.0,0.0,0.0,0,0,0,-1.4891536378494976e+17,5.7437558567595095e+23,169614432534528.0,-7.716638522149666e+24,7.708630486175991e+27,0.0,1.0955170929394906e+31,6.206077308049261e+24,-0.0,-1.3782747690079093e+19,-0.0,48966.16,0.0,0.0,0.0,1.3623746278462179e+24,0,1.3516416376850534e+27,223,0.0,446,-0.0,0.0,2114,26215,17110,13107,17112,13107,17095,0,0,0,101,100,100,2.730233054771504e+23,63.5,0.0,64.0,0.0,64.0,1,49,50,180,0,13107,0,0,0.0,0.0,0.0,60.0,-393748.406,70.5,0.0,0.0,0.0,1070,0,1071,0,0,0,1072,0,1081,0,996,0,640,0,641,0,636,0,675,0.032,6.825295307272534e+21,-2.004,0.0,43280,16812,-393748.406,0.0,-0.0,0.0,-0.0,0.0,50.0,60.0,35,0.0,0.0,10.0,2.0,0.0,0.0,0.0,0.0,0.0,0.0,0.0,0.0,0.0,0.0,0.0,0.0,58.8,53,12,65509,27,65476,0,65476,1,0,4,20529,65476,0,0,30147,60.0,0.0,10.0,10.0,2.0,0.0
2026-02-16T12:07:49,ERR,ERR,ERR,ERR,ERR,ERR,ERR,ERR,ERR,ERR,ERR,ERR,ERR,ERR,ERR,ERR,ERR,ERR,ERR,ERR,ERR,ERR,ERR,ERR,ERR,ERR,ERR,ERR,ERR,ERR,ERR,ERR,ERR,ERR,ERR,ERR,ERR,ERR,ERR,ERR,ERR,ERR,ERR,ERR,ERR,ERR,ERR,ERR,ERR,ERR,ERR,ERR,ERR,ERR,ERR,ERR,ERR,ERR,ERR,ERR,ERR,ERR,ERR,ERR,ERR,ERR,ERR,ERR,ERR,ERR,ERR,ERR,ERR,ERR,ERR,ERR,ERR,ERR,ERR,ERR,ERR,ERR,ERR,ERR,ERR,ERR,ERR,ERR,ERR,ERR,ERR,ERR,ERR,ERR,ERR,ERR,ERR,ERR,ERR,ERR,ERR,ERR,ERR,ERR,ERR,ERR,ERR,ERR,ERR,ERR,ERR,ERR,ERR,ERR,ERR,ERR,ERR,ERR,ERR,ERR,ERR,ERR,ERR,ERR,ERR,2.718442270659078e+23,-0.0,0.0,-0.0,0.0,-6.754640676665783e+28,0.0,-0.0,4300,0,8,17171,4300,-0.0,40,0.0,0.0,-0.0,0.0,2.7184166902131945e+23,0,0,0,0,0.0,0,0,0,0,0,0,0,0,0,0,0,0,0,0,0,0,0,0,0,0,0,0,0,0,0,0,0,0,0,0,0,0,0,11,37,37,48,65476,414,65476,1,0,4,21553,0.0,2.7183305813883192e+23,0.0,0.0,0.0,0.0,0.0,0.0,0.0,0.0,0.0,0.0,0.0,0.0,0.0,0.0,0.0,0.0,0.0,0.0,0.0,2.004,-0.0,3.697081460117733e+19,3.697074423243316e+19,0.0,0.0,0.0,0.0,0.0,6561.0,0.0,0.0,2.718442270659078e+23,-0.0,2.718450016850437e+23,0.0,0.0,0.0,2.004,2.004,223,0.0,0.0,0.0,0.0,0.0,0.0,0.0,0.0,0.0,0,0,0,-1.4891536378494976e+17,5.7437558567595095e+23,169614432534528.0,-7.716638522149666e+24,7.708630486175991e+27,0.0,1.0955170929394906e+31,6.206077308049261e+24,-0.0,-1.3782747690079093e+19,-0.0,48966.16,0.0,0.0,0.0,1.3623746278462179e+24,0,1.3516416376850534e+27,223,0.0,446,-0.0,0.0,2114,26215,17110,13107,17112,13107,17095,0,0,0,101,100,100,2.730233054771504e+23,63.5,0.0,64.0,0.0,64.0,1,49,50,180,0,13107,0,0,0.0,0.0,0.0,60.0,-393748.406,70.5,0.0,0.0,0.0,1070,0,1071,0,0,0,1072,0,1081,0,996,0,640,0,641,0,636,0,675,0.032,6.825295307272534e+21,-2.004,0.0,43280,16812,-393748.406,0.0,-0.0,0.0,-0.0,0.0,50.0,60.0,35,0.0,0.0,10.0,2.0,0.0,0.0,0.0,0.0,0.0,0.0,0.0,0.0,0.0,0.0,0.0,0.0,58.8,53,12,65509,27,65476,0,65476,1,0,4,20529,65476,0,0,30147,60.0,0.0,10.0,10.0,2.0,0.0
2026-02-16T12:07:50,ERR,ERR,ERR,ERR,ERR,ERR,ERR,ERR,ERR,ERR,ERR,ERR,ERR,ERR,ERR,ERR,ERR,ERR,ERR,ERR,ERR,ERR,ERR,ERR,ERR,ERR,ERR,ERR,ERR,ERR,ERR,ERR,ERR,ERR,ERR,ERR,ERR,ERR,ERR,ERR,ERR,ERR,ERR,ERR,ERR,ERR,ERR,ERR,ERR,ERR,ERR,ERR,ERR,ERR,ERR,ERR,ERR,ERR,ERR,ERR,ERR,ERR,ERR,ERR,ERR,ERR,ERR,ERR,ERR,ERR,ERR,ERR,ERR,ERR,ERR,ERR,ERR,ERR,ERR,ERR,ERR,ERR,ERR,ERR,ERR,ERR,ERR,ERR,ERR,ERR,ERR,ERR,ERR,ERR,ERR,ERR,ERR,ERR,ERR,ERR,ERR,ERR,ERR,ERR,ERR,ERR,ERR,ERR,ERR,ERR,ERR,ERR,ERR,ERR,ERR,ERR,ERR,ERR,ERR,ERR,ERR,ERR,ERR,ERR,ERR,2.718442270659078e+23,-0.0,0.0,-0.0,0.0,-5.3737770942143136e+26,0.0,-0.0,4300,0,8,17171,4300,-0.0,39,0.0,0.0,-0.0,0.0,2.7184166902131945e+23,0,0,0,0,0.0,0,0,0,0,0,0,0,0,0,0,0,0,0,0,0,0,0,0,0,0,0,0,0,0,0,0,0,0,0,0,0,0,0,11,37,37,48,65476,406,65476,1,0,4,21553,0.0,0.0,0.0,0.0,0.0,0.0,0.0,0.0,0.0,0.0,0.0,0.0,0.0,0.0,0.0,0.0,0.0,0.0,0.0,0.0,0.0,2.004,-0.0,3.697081460117733e+19,3.697074423243316e+19,0.0,0.0,0.0,0.0,0.0,6562.0,0.0,0.0,2.718442270659078e+23,-0.0,2.718450016850437e+23,0.0,0.0,0.0,2.004,2.004,224,0.0,0.059,0.0,0.0,0.0,0.0,0.0,0.0,0.0,0,0,0,-0.0,-0.0,61273997312.0,5.761668114162277e+32,86577643520.0,-1.4257130195176653e+17,-6.196,0.0,-588353792.0,-1.4719496412572156e+19,-0.0,52806.16,0.0,0.0,0.0,-0.0,0,1.3516416376850534e+27,224,0.0,448,-0.0,0.0,2114,26215,17110,13107,17112,13107,17095,0,0,0,101,100,100,2.730233054771504e+23,63.5,0.0,64.0,0.0,64.0,1,49,50,180,0,13107,0,0,0.0,0.0,0.0,60.0,-393748.406,70.5,0.0,0.0,0.0,1070,0,1071,0,0,0,1072,0,1081,0,996,0,640,0,641,0,636,0,675,0.032,6.825295307272534e+21,-2.004,0.0,43280,16812,-393748.406,0.0,-0.0,0.0,-0.0,0.0,50.0,60.0,35,0.0,0.0,10.0,2.0,0.0,0.0,0.0,0.0,0.0,0.0,0.0,0.0,0.0,0.0,0.0,0.0,58.8,53,12,65509,27,65476,81,65476,1,0,4,20529,65476,0,0,30147,60.0,0.0,10.0,10.0,2.0,0.0
2026-02-16T12:07:51,ERR,ERR,ERR,ERR,ERR,ERR,ERR,ERR,ERR,ERR,ERR,ERR,ERR,ERR,ERR,ERR,ERR,ERR,ERR,ERR,ERR,ERR,ERR,ERR,ERR,ERR,ERR,ERR,ERR,ERR,ERR,ERR,ERR,ERR,ERR,ERR,ERR,ERR,ERR,ERR,ERR,ERR,ERR,ERR,ERR,ERR,ERR,ERR,ERR,ERR,ERR,ERR,ERR,ERR,ERR,ERR,ERR,ERR,ERR,ERR,ERR,ERR,ERR,ERR,ERR,ERR,ERR,ERR,ERR,ERR,ERR,ERR,ERR,ERR,ERR,ERR,ERR,ERR,ERR,ERR,ERR,ERR,ERR,ERR,ERR,ERR,ERR,ERR,ERR,ERR,ERR,ERR,ERR,ERR,ERR,ERR,ERR,ERR,ERR,ERR,ERR,ERR,ERR,ERR,ERR,ERR,ERR,ERR,ERR,ERR,ERR,ERR,ERR,ERR,ERR,ERR,ERR,ERR,ERR,ERR,ERR,ERR,ERR,ERR,ERR,2.718442270659078e+23,-0.0,0.0,-0.0,0.0,-5.3737770942143136e+26,0.0,-0.0,4300,0,8,17171,4300,-0.0,39,0.0,0.0,-0.0,0.0,2.7184166902131945e+23,0,0,0,0,0.0,0,0,0,0,0,0,0,0,0,0,0,0,0,0,0,0,0,0,0,0,0,0,0,0,0,0,0,0,0,0,0,0,0,11,37,37,48,65476,406,65476,1,0,4,21553,0.0,0.0,0.0,0.0,0.0,0.0,0.0,0.0,0.0,0.0,0.0,0.0,0.0,0.0,0.0,0.0,0.0,0.0,0.0,0.0,0.0,2.004,-0.0,3.697081460117733e+19,3.697074423243316e+19,0.0,0.0,0.0,0.0,0.0,6562.0,0.0,0.0,2.718442270659078e+23,-0.0,2.718450016850437e+23,0.0,0.0,0.0,2.004,2.004,224,0.0,0.059,0.0,0.0,0.0,0.0,0.0,0.0,0.0,0,0,0,-0.0,-0.0,61273997312.0,5.761668114162277e+32,86577643520.0,-1.4257130195176653e+17,-6.196,0.0,-588353792.0,-1.4719496412572156e+19,-0.0,52806.16,0.0,0.0,0.0,-0.0,0,1.3516416376850534e+27,224,0.0,448,-0.0,0.0,2114,13107,17110,13107,17112,13107,17095,0,0,0,101,100,100,2.730233054771504e+23,63.55,0.0,64.0,0.0,64.0,1,49,50,180,0,13107,0,0,0.0,0.0,0.0,60.0,-0.0,70.5,0.0,-4.527856782304721e+37,0.0,1070,0,1071,0,0,0,1072,0,1081,0,996,0,640,0,640,0,636,0,675,0.032,7.932099951695107e+21,-2.004,0.0,33680,16812,-0.0,-4.527856782304721e+37,0.0,-0.0,-1.26331494593672e+18,-0.0,50.0,60.0,35,0.0,0.0,10.0,2.0,0.0,0.0,0.0,0.0,0.0,0.0,0.0,0.0,0.0,0.0,0.0,0.0,58.8,53,12,65510,27,65476,160,65476,1,0,4,20529,65476,0,0,30147,60.0,0.0,10.0,10.0,2.0,0.0
2026-02-16T12:07:52,ERR,ERR,ERR,ERR,ERR,ERR,ERR,ERR,ERR,ERR,ERR,ERR,ERR,ERR,ERR,ERR,ERR,ERR,ERR,ERR,ERR,ERR,ERR,ERR,ERR,ERR,ERR,ERR,ERR,ERR,ERR,ERR,ERR,ERR,ERR,ERR,ERR,ERR,ERR,ERR,ERR,ERR,ERR,ERR,ERR,ERR,ERR,ERR,ERR,ERR,ERR,ERR,ERR,ERR,ERR,ERR,ERR,ERR,ERR,ERR,ERR,ERR,ERR,ERR,ERR,ERR,ERR,ERR,ERR,ERR,ERR,ERR,ERR,ERR,ERR,ERR,ERR,ERR,ERR,ERR,ERR,ERR,ERR,ERR,ERR,ERR,ERR,ERR,ERR,ERR,ERR,ERR,ERR,ERR,ERR,ERR,ERR,ERR,ERR,ERR,ERR,ERR,ERR,ERR,ERR,ERR,ERR,ERR,ERR,ERR,ERR,ERR,ERR,ERR,ERR,ERR,ERR,ERR,ERR,ERR,ERR,ERR,ERR,ERR,ERR,2.718442270659078e+23,-0.0,0.0,-0.0,0.0,-5.3737770942143136e+26,0.0,-0.0,4300,0,8,17171,4300,-0.0,39,0.0,0.0,-0.0,0.0,2.7184166902131945e+23,0,0,0,0,0.0,0,0,0,0,0,0,0,0,0,0,0,0,0,0,0,0,0,0,0,0,0,0,0,0,0,0,0,0,0,0,0,0,0,11,37,37,48,65476,406,65476,1,0,4,21553,0.0,0.0,0.0,0.0,0.0,0.0,0.0,0.0,0.0,0.0,0.0,0.0,0.0,0.0,0.0,0.0,0.0,0.0,0.0,0.0,0.0,2.004,-0.0,3.697081460117733e+19,3.697074423243316e+19,0.0,0.0,0.0,0.0,0.0,6562.0,0.0,0.0,2.718442270659078e+23,-0.0,2.718450016850437e+23,0.0,0.0,0.0,2.004,2.004,224,0.0,0.059,0.0,0.0,0.0,0.0,0.0,0.0,0.0,0,0,0,-0.0,-0.0,61273997312.0,5.761668114162277e+32,86577643520.0,-1.4257130195176653e+17,-6.196,0.0,-588353792.0,-1.4719496412572156e+19,-0.0,52806.16,0.0,0.0,0.0,-0.0,0,1.3516416376850534e+27,224,0.0,448,-0.0,0.0,2114,13107,17110,13107,17112,13107,17095,0,0,0,101,100,100,2.730233054771504e+23,63.55,0.0,64.0,0.0,64.0,1,49,50,180,0,13107,0,0,0.0,0.0,0.0,60.0,-0.0,70.5,0.0,-4.527856782304721e+37,0.0,1070,0,1071,0,0,0,1072,0,1081,0,996,0,640,0,640,0,636,0,675,0.032,7.932099951695107e+21,-2.004,0.0,33680,16812,-0.0,-4.527856782304721e+37,0.0,-0.0,-1.26331494593672e+18,-0.0,50.0,60.0,35,0.0,0.0,10.0,2.0,0.0,0.0,0.0,0.0,0.0,0.0,0.0,0.0,0.0,0.0,0.0,0.0,58.8,53,12,65510,27,65476,160,65476,1,0,4,20529,65476,0,0,30147,60.0,0.0,10.0,10.0,2.0,0.0
2026-02-16T12:07:53,ERR,ERR,ERR,ERR,ERR,ERR,ERR,ERR,ERR,ERR,ERR,ERR,ERR,ERR,ERR,ERR,ERR,ERR,ERR,ERR,ERR,ERR,ERR,ERR,ERR,ERR,ERR,ERR,ERR,ERR,ERR,ERR,ERR,ERR,ERR,ERR,ERR,ERR,ERR,ERR,ERR,ERR,ERR,ERR,ERR,ERR,ERR,ERR,ERR,ERR,ERR,ERR,ERR,ERR,ERR,ERR,ERR,ERR,ERR,ERR,ERR,ERR,ERR,ERR,ERR,ERR,ERR,ERR,ERR,ERR,ERR,ERR,ERR,ERR,ERR,ERR,ERR,ERR,ERR,ERR,ERR,ERR,ERR,ERR,ERR,ERR,ERR,ERR,ERR,ERR,ERR,ERR,ERR,ERR,ERR,ERR,ERR,ERR,ERR,ERR,ERR,ERR,ERR,ERR,ERR,ERR,ERR,ERR,ERR,ERR,ERR,ERR,ERR,ERR,ERR,ERR,ERR,ERR,ERR,ERR,ERR,ERR,ERR,ERR,ERR,2.718442270659078e+23,-0.0,0.0,-0.0,0.0,-5.3737770942143136e+26,0.0,-0.0,4300,0,8,17171,4300,-0.0,39,0.0,0.0,-0.0,0.0,2.7184166902131945e+23,0,0,0,0,0.0,0,0,0,0,0,0,0,0,0,0,0,0,0,0,0,0,0,0,0,0,0,0,0,0,0,0,0,0,0,0,0,0,0,11,37,37,48,65476,406,65476,1,0,4,21553,0.0,0.0,0.0,0.0,0.0,0.0,0.0,0.0,0.0,0.0,0.0,0.0,0.0,0.0,0.0,0.0,0.0,0.0,0.0,0.0,0.0,2.004,-0.0,3.697081460117733e+19,3.697074423243316e+19,0.0,0.0,0.0,0.0,0.0,6562.0,0.0,0.0,2.718442270659078e+23,-0.0,2.718450016850437e+23,0.0,0.0,0.0,2.004,2.004,224,0.0,0.059,0.0,0.0,0.0,0.0,0.0,0.0,0.0,0,0,0,-0.0,-0.0,61273997312.0,5.761668114162277e+32,86577643520.0,-1.4257130195176653e+17,-6.196,0.0,-588353792.0,-1.4719496412572156e+19,-0.0,52806.16,0.0,0.0,0.0,-0.0,0,1.3516416376850534e+27,224,0.0,448,-0.0,0.0,2114,13107,17110,13107,17112,13107,17095,0,0,0,101,100,100,2.730233054771504e+23,63.55,0.0,64.0,0.0,64.0,1,49,50,180,0,13107,0,0,0.0,0.0,0.0,60.0,-0.0,70.5,0.0,-4.527856782304721e+37,0.0,1070,0,1071,0,0,0,1072,0,1081,0,996,0,640,0,640,0,636,0,675,0.032,7.932099951695107e+21,-2.004,0.0,33680,16812,-0.0,-4.527856782304721e+37,0.0,-0.0,-1.26331494593672e+18,-0.0,50.0,60.0,35,0.0,0.0,10.0,2.0,0.0,0.0,0.0,0.0,0.0,0.0,0.0,0.0,0.0,0.0,0.0,0.0,58.8,51,13,65512,27,65476,318,65476,1,0,4,20529,65476,0,0,30147,60.0,0.0,10.0,10.0,2.0,0.0
2026-02-16T12:07:54,ERR,ERR,ERR,ERR,ERR,ERR,ERR,ERR,ERR,ERR,ERR,ERR,ERR,ERR,ERR,ERR,ERR,ERR,ERR,ERR,ERR,ERR,ERR,ERR,ERR,ERR,ERR,ERR,ERR,ERR,ERR,ERR,ERR,ERR,ERR,ERR,ERR,ERR,ERR,ERR,ERR,ERR,ERR,ERR,ERR,ERR,ERR,ERR,ERR,ERR,ERR,ERR,ERR,ERR,ERR,ERR,ERR,ERR,ERR,ERR,ERR,ERR,ERR,ERR,ERR,ERR,ERR,ERR,ERR,ERR,ERR,ERR,ERR,ERR,ERR,ERR,ERR,ERR,ERR,ERR,ERR,ERR,ERR,ERR,ERR,ERR,ERR,ERR,ERR,ERR,ERR,ERR,ERR,ERR,ERR,ERR,ERR,ERR,ERR,ERR,ERR,ERR,ERR,ERR,ERR,ERR,ERR,ERR,ERR,ERR,ERR,ERR,ERR,ERR,ERR,ERR,ERR,ERR,ERR,ERR,ERR,ERR,ERR,ERR,ERR,2.718442270659078e+23,-0.0,0.0,-0.0,0.0,-5.3737770942143136e+26,0.0,-0.0,4300,0,8,17171,4300,-0.0,39,0.0,0.0,-0.0,0.0,2.7184166902131945e+23,0,0,0,0,0.0,0,0,0,0,0,0,0,0,0,0,0,0,0,0,0,0,0,0,0,0,0,0,0,0,0,0,0,0,0,0,0,0,0,11,37,37,48,65476,406,65476,1,0,4,21553,0.0,0.0,0.0,0.0,0.0,0.0,0.0,0.0,0.0,0.0,0.0,0.0,0.0,0.0,0.0,0.0,0.0,0.0,0.0,0.0,0.0,2.004,-0.0,3.697081460117733e+19,3.697074423243316e+19,0.0,0.0,0.0,0.0,0.0,6562.0,0.0,0.0,2.718442270659078e+23,-0.0,2.718450016850437e+23,0.0,0.0,0.0,2.004,2.004,224,0.0,0.059,0.0,0.0,0.0,0.0,0.0,0.0,0.0,0,0,0,-0.0,-0.0,61273997312.0,5.761668114162277e+32,86577643520.0,-1.4257130195176653e+17,-6.196,0.0,-588353792.0,-1.4719496412572156e+19,-0.0,52806.16,0.0,0.0,0.0,-0.0,0,1.3516416376850534e+27,224,0.0,448,-0.0,0.0,2114,13107,17110,13107,17112,13107,17095,0,0,0,101,100,100,2.730233054771504e+23,63.55,0.0,64.0,0.0,64.0,1,49,50,180,0,13107,0,0,0.0,0.0,0.0,60.0,-0.0,70.5,0.0,-4.527856782304721e+37,0.0,1070,0,1071,0,0,0,1072,0,1081,0,996,0,640,0,640,0,636,0,675,0.032,7.932099951695107e+21,-2.004,0.0,33680,16812,-0.0,-4.527856782304721e+37,0.0,-0.0,-1.26331494593672e+18,-0.0,50.0,60.0,35,0.0,0.0,10.0,2.0,0.0,0.0,0.0,0.0,0.0,0.0,0.0,0.0,0.0,0.0,0.0,0.0,58.8,51,13,65512,27,65476,318,65476,1,0,4,20529,65476,0,0,30147,60.0,0.0,10.0,10.0,2.0,0.0
2026-02-16T12:07:55,ERR,ERR,ERR,ERR,ERR,ERR,ERR,ERR,ERR,ERR,ERR,ERR,ERR,ERR,ERR,ERR,ERR,ERR,ERR,ERR,ERR,ERR,ERR,ERR,ERR,ERR,ERR,ERR,ERR,ERR,ERR,ERR,ERR,ERR,ERR,ERR,ERR,ERR,ERR,ERR,ERR,ERR,ERR,ERR,ERR,ERR,ERR,ERR,ERR,ERR,ERR,ERR,ERR,ERR,ERR,ERR,ERR,ERR,ERR,ERR,ERR,ERR,ERR,ERR,ERR,ERR,ERR,ERR,ERR,ERR,ERR,ERR,ERR,ERR,ERR,ERR,ERR,ERR,ERR,ERR,ERR,ERR,ERR,ERR,ERR,ERR,ERR,ERR,ERR,ERR,ERR,ERR,ERR,ERR,ERR,ERR,ERR,ERR,ERR,ERR,ERR,ERR,ERR,ERR,ERR,ERR,ERR,ERR,ERR,ERR,ERR,ERR,ERR,ERR,ERR,ERR,ERR,ERR,ERR,ERR,ERR,ERR,ERR,ERR,ERR,2.718442270659078e+23,-0.0,0.0,-0.0,0.0,0.0,6.277795943164835e+27,1.026379496592346e+27,4300,0,8,17171,4300,-0.0,40,0.0,0.0,-0.0,0.0,2.7184166902131945e+23,0,0,0,0,0.0,0,0,0,0,0,0,0,0,0,0,0,0,0,0,0,0,0,0,0,0,0,0,0,0,0,0,0,0,0,0,0,0,0,11,37,37,48,65476,408,65476,1,0,4,21553,0.0,0.0,-6.0475410981411426e+29,0.0,0.0,0.0,0.0,0.0,0.0,0.0,0.0,0.0,0.0,0.0,0.0,0.0,0.0,0.0,0.0,0.0,0.0,2.004,-0.0,3.697081460117733e+19,-0.0,2.004,0.0,0.0,0.0,0.0,6564.0,0.0,0.0,2.718442270659078e+23,-0.0,-0.0,0.0,0.0,0.0,2.004,2.004,225,0.0,0.0,0.0,0.0,0.0,0.0,0.0,0.0,0.0,0,0,0,4.21575583950711e+19,-6.568249204041519e+31,49352128.0,-2.305957400644229e+22,0.237,0.0,-11290128.0,-0.0,6.376784635132474e+20,-1.5728302729103147e+19,-0.0,56134.16,0.0,0.0,0.0,-3.9663006485051973e+30,0,1.3516416376850534e+27,225,0.0,450,-74360974999552.0,-0.0,2114,26215,17110,13107,17112,13107,17095,0,0,0,101,100,100,2.730233054771504e+23,63.55,0.0,64.0,0.0,64.0,1,49,50,180,0,13107,0,0,0.0,0.0,0.0,60.0,-0.0,70.5,0.0,-0.0,0.0,1070,0,1071,0,0,0,1071,0,1081,0,996,0,640,0,641,0,636,0,675,0.032,8.005886927989945e+21,-2.004,0.0,35856,16812,-0.0,0.0,102392313937920.0,-1.6692721447354793e+34,0.0,-1.0879014721814528e+17,50.0,60.0,35,0.0,0.0,10.0,2.0,0.0,0.0,0.0,0.0,0.0,0.0,0.0,0.0,0.0,0.0,0.0,0.0,58.8,48,15,65514,27,65476,479,65476,1,0,4,20529,65476,0,0,30147,60.0,0.0,10.0,10.0,2.0,0.0
2026-02-16T12:07:56,ERR,ERR,ERR,ERR,ERR,ERR,ERR,ERR,ERR,ERR,ERR,ERR,ERR,ERR,ERR,ERR,ERR,ERR,ERR,ERR,ERR,ERR,ERR,ERR,ERR,ERR,ERR,ERR,ERR,ERR,ERR,ERR,ERR,ERR,ERR,ERR,ERR,ERR,ERR,ERR,ERR,ERR,ERR,ERR,ERR,ERR,ERR,ERR,ERR,ERR,ERR,ERR,ERR,ERR,ERR,ERR,ERR,ERR,ERR,ERR,ERR,ERR,ERR,ERR,ERR,ERR,ERR,ERR,ERR,ERR,ERR,ERR,ERR,ERR,ERR,ERR,ERR,ERR,ERR,ERR,ERR,ERR,ERR,ERR,ERR,ERR,ERR,ERR,ERR,ERR,ERR,ERR,ERR,ERR,ERR,ERR,ERR,ERR,ERR,ERR,ERR,ERR,ERR,ERR,ERR,ERR,ERR,ERR,ERR,ERR,ERR,ERR,ERR,ERR,ERR,ERR,ERR,ERR,ERR,ERR,ERR,ERR,ERR,ERR,ERR,2.718442270659078e+23,-0.0,0.0,-0.0,0.0,0.0,6.277795943164835e+27,1.026379496592346e+27,4300,0,8,17171,4300,-0.0,40,0.0,0.0,-0.0,0.0,2.7184166902131945e+23,0,0,0,0,0.0,0,0,0,0,0,0,0,0,0,0,0,0,0,0,0,0,0,0,0,0,0,0,0,0,0,0,0,0,0,0,0,0,0,11,37,37,48,65476,408,65476,1,0,4,21553,0.0,0.0,-6.0475410981411426e+29,0.0,0.0,0.0,0.0,0.0,0.0,0.0,0.0,0.0,0.0,0.0,0.0,0.0,0.0,0.0,0.0,0.0,0.0,2.004,-0.0,3.697081460117733e+19,-0.0,2.004,0.0,0.0,0.0,0.0,6564.0,0.0,0.0,2.718442270659078e+23,-0.0,-0.0,0.0,0.0,0.0,2.004,2.004,225,0.0,0.0,0.0,0.0,0.0,0.0,0.0,0.0,0.0,0,0,0,4.21575583950711e+19,-6.568249204041519e+31,49352128.0,-2.305957400644229e+22,0.237,0.0,-11290128.0,-0.0,6.376784635132474e+20,-1.5728302729103147e+19,-0.0,56134.16,0.0,0.0,0.0,-3.9663006485051973e+30,0,1.3516416376850534e+27,225,0.0,450,-74360974999552.0,-0.0,2114,26215,17110,13107,17112,13107,17095,0,0,0,101,100,100,2.730233054771504e+23,63.55,0.0,64.0,0.0,64.0,1,49,50,180,0,13107,0,0,0.0,0.0,0.0,60.0,-0.0,70.5,0.0,-0.0,0.0,1070,0,1071,0,0,0,1071,0,1081,0,996,0,640,0,641,0,636,0,675,0.032,8.005886927989945e+21,-2.004,0.0,35856,16812,-0.0,0.0,102392313937920.0,-1.6692721447354793e+34,0.0,-1.0879014721814528e+17,50.0,60.0,35,0.0,0.0,10.0,2.0,0.0,0.0,0.0,0.0,0.0,0.0,0.0,0.0,0.0,0.0,0.0,0.0,58.8,47,16,65516,27,65476,558,65476,1,0,4,20529,65476,0,0,30147,60.0,0.0,10.0,10.0,2.0,0.0
2026-02-16T12:07:57,ERR,ERR,ERR,ERR,ERR,ERR,ERR,ERR,ERR,ERR,ERR,ERR,ERR,ERR,ERR,ERR,ERR,ERR,ERR,ERR,ERR,ERR,ERR,ERR,ERR,ERR,ERR,ERR,ERR,ERR,ERR,ERR,ERR,ERR,ERR,ERR,ERR,ERR,ERR,ERR,ERR,ERR,ERR,ERR,ERR,ERR,ERR,ERR,ERR,ERR,ERR,ERR,ERR,ERR,ERR,ERR,ERR,ERR,ERR,ERR,ERR,ERR,ERR,ERR,ERR,ERR,ERR,ERR,ERR,ERR,ERR,ERR,ERR,ERR,ERR,ERR,ERR,ERR,ERR,ERR,ERR,ERR,ERR,ERR,ERR,ERR,ERR,ERR,ERR,ERR,ERR,ERR,ERR,ERR,ERR,ERR,ERR,ERR,ERR,ERR,ERR,ERR,ERR,ERR,ERR,ERR,ERR,ERR,ERR,ERR,ERR,ERR,ERR,ERR,ERR,ERR,ERR,ERR,ERR,ERR,ERR,ERR,ERR,ERR,ERR,2.718442270659078e+23,-0.0,0.0,-0.0,0.0,0.0,6.277795943164835e+27,1.026379496592346e+27,4300,0,8,17171,4300,-0.0,40,0.0,0.0,-0.0,0.0,2.7184166902131945e+23,0,0,0,0,0.0,0,0,0,0,0,0,0,0,0,0,0,0,0,0,0,0,0,0,0,0,0,0,0,0,0,0,0,0,0,0,0,0,0,11,37,37,48,65476,408,65476,1,0,4,21553,0.0,0.0,-6.0475410981411426e+29,0.0,0.0,0.0,0.0,0.0,0.0,0.0,0.0,0.0,0.0,0.0,0.0,0.0,0.0,0.0,0.0,0.0,0.0,2.004,-0.0,3.697081460117733e+19,-0.0,2.004,0.0,0.0,0.0,0.0,6564.0,0.0,0.0,2.718442270659078e+23,-0.0,-0.0,0.0,0.0,0.0,2.004,2.004,225,0.0,0.0,0.0,0.0,0.0,0.0,0.0,0.0,0.0,0,0,0,4.21575583950711e+19,-6.568249204041519e+31,49352128.0,-2.305957400644229e+22,0.237,0.0,-11290128.0,-0.0,6.376784635132474e+20,-1.5728302729103147e+19,-0.0,56134.16,0.0,0.0,0.0,-3.9663006485051973e+30,0,1.3516416376850534e+27,225,0.0,450,-74360974999552.0,-0.0,2114,26215,17110,13107,17112,13107,17095,0,0,0,101,100,100,2.730233054771504e+23,63.55,0.0,64.0,0.0,64.0,1,49,50,180,0,13107,0,0,0.0,0.0,0.0,60.0,-0.0,70.5,0.0,-0.0,0.0,1070,0,1071,0,0,0,1071,0,1081,0,996,0,640,0,641,0,636,0,675,0.032,8.005886927989945e+21,-2.004,0.0,35856,16812,-0.0,0.0,102392313937920.0,-1.6692721447354793e+34,0.0,-1.0879014721814528e+17,50.0,60.0,35,0.0,0.0,10.0,2.0,0.0,0.0,0.0,0.0,0.0,0.0,0.0,0.0,0.0,0.0,0.0,0.0,58.8,47,16,65516,27,65476,558,65476,1,0,4,20529,65476,0,0,30147,60.0,0.0,10.0,10.0,2.0,0.0
2026-02-16T12:07:58,ERR,ERR,ERR,ERR,ERR,ERR,ERR,ERR,ERR,ERR,ERR,ERR,ERR,ERR,ERR,ERR,ERR,ERR,ERR,ERR,ERR,ERR,ERR,ERR,ERR,ERR,ERR,ERR,ERR,ERR,ERR,ERR,ERR,ERR,ERR,ERR,ERR,ERR,ERR,ERR,ERR,ERR,ERR,ERR,ERR,ERR,ERR,ERR,ERR,ERR,ERR,ERR,ERR,ERR,ERR,ERR,ERR,ERR,ERR,ERR,ERR,ERR,ERR,ERR,ERR,ERR,ERR,ERR,ERR,ERR,ERR,ERR,ERR,ERR,ERR,ERR,ERR,ERR,ERR,ERR,ERR,ERR,ERR,ERR,ERR,ERR,ERR,ERR,ERR,ERR,ERR,ERR,ERR,ERR,ERR,ERR,ERR,ERR,ERR,ERR,ERR,ERR,ERR,ERR,ERR,ERR,ERR,ERR,ERR,ERR,ERR,ERR,ERR,ERR,ERR,ERR,ERR,ERR,ERR,ERR,ERR,ERR,ERR,ERR,ERR,2.718442270659078e+23,-0.0,0.0,-0.0,0.0,0.0,6.277795943164835e+27,1.026379496592346e+27,4300,0,8,17171,4300,-0.0,40,0.0,0.0,-0.0,0.0,2.7184166902131945e+23,0,0,0,0,0.0,0,0,0,0,0,0,0,0,0,0,0,0,0,0,0,0,0,0,0,0,0,0,0,0,0,0,0,0,0,0,0,0,0,11,37,37,48,65476,408,65476,1,0,4,21553,0.0,0.0,-6.0475410981411426e+29,0.0,0.0,0.0,0.0,0.0,0.0,0.0,0.0,0.0,0.0,0.0,0.0,0.0,0.0,0.0,0.0,0.0,0.0,2.004,-0.0,3.697081460117733e+19,-0.0,2.004,0.0,0.0,0.0,0.0,6564.0,0.0,0.0,2.718442270659078e+23,-0.0,-0.0,0.0,0.0,0.0,2.004,2.004,225,0.0,0.0,0.0,0.0,0.0,0.0,0.0,0.0,0.0,0,0,0,4.21575583950711e+19,-6.568249204041519e+31,49352128.0,-2.305957400644229e+22,0.237,0.0,-11290128.0,-0.0,6.376784635132474e+20,-1.5728302729103147e+19,-0.0,56134.16,0.0,0.0,0.0,-3.9663006485051973e+30,0,1.3516416376850534e+27,225,0.0,450,-74360974999552.0,-0.0,2114,13107,17110,13107,17112,13107,17095,0,0,0,101,100,100,2.730233054771504e+23,63.55,0.0,64.0,0.0,64.0,1,49,50,180,0,13107,0,0,0.0,0.0,0.0,60.0,-0.0,70.5,0.0,-0.0,0.0,1070,0,1071,0,0,0,1072,0,1081,0,996,0,640,0,641,0,636,0,675,0.032,6.751508330977696e+21,-2.004,0.0,53392,16812,-0.0,-0.0,0.0,1.5182582785801091e+37,-2.2396207432866988e+20,-0.0,50.0,60.0,35,0.0,0.0,10.0,2.0,0.0,0.0,0.0,0.0,0.0,0.0,0.0,0.0,0.0,0.0,0.0,0.0,58.8,44,18,65518,27,65476,718,65476,1,0,4,20529,65476,0,0,30147,60.0,0.0,10.0,10.0,2.0,0.0
2026-02-16T12:07:59,ERR,ERR,ERR,ERR,ERR,ERR,ERR,ERR,ERR,ERR,ERR,ERR,ERR,ERR,ERR,ERR,ERR,ERR,ERR,ERR,ERR,ERR,ERR,ERR,ERR,ERR,ERR,ERR,ERR,ERR,ERR,ERR,ERR,ERR,ERR,ERR,ERR,ERR,ERR,ERR,ERR,ERR,ERR,ERR,ERR,ERR,ERR,ERR,ERR,ERR,ERR,ERR,ERR,ERR,ERR,ERR,ERR,ERR,ERR,ERR,ERR,ERR,ERR,ERR,ERR,ERR,ERR,ERR,ERR,ERR,ERR,ERR,ERR,ERR,ERR,ERR,ERR,ERR,ERR,ERR,ERR,ERR,ERR,ERR,ERR,ERR,ERR,ERR,ERR,ERR,ERR,ERR,ERR,ERR,ERR,ERR,ERR,ERR,ERR,ERR,ERR,ERR,ERR,ERR,ERR,ERR,ERR,ERR,ERR,ERR,ERR,ERR,ERR,ERR,ERR,ERR,ERR,ERR,ERR,ERR,ERR,ERR,ERR,ERR,ERR,2.718442270659078e+23,-0.0,0.0,-0.0,0.0,0.0,6.277795943164835e+27,1.026379496592346e+27,4300,0,8,17171,4300,-0.0,40,0.0,0.0,-0.0,0.0,2.7184166902131945e+23,0,0,0,0,0.0,0,0,0,0,0,0,0,0,0,0,0,0,0,0,0,0,0,0,0,0,0,0,0,0,0,0,0,0,0,0,0,0,0,11,37,37,48,65476,408,65476,1,0,4,21553,0.0,0.0,-6.0475410981411426e+29,0.0,0.0,0.0,0.0,0.0,0.0,0.0,0.0,0.0,0.0,0.0,0.0,0.0,0.0,0.0,0.0,0.0,0.0,2.004,-0.0,3.697081460117733e+19,-0.0,2.004,0.0,0.0,0.0,0.0,6564.0,0.0,0.0,2.718442270659078e+23,-0.0,-0.0,0.0,0.0,0.0,2.004,2.004,225,0.0,0.0,0.0,0.0,0.0,0.0,0.0,0.0,0.0,0,0,0,4.21575583950711e+19,-6.568249204041519e+31,49352128.0,-2.305957400644229e+22,0.237,0.0,-11290128.0,-0.0,6.376784635132474e+20,-1.5728302729103147e+19,-0.0,56134.16,0.0,0.0,0.0,-3.9663006485051973e+30,0,1.3516416376850534e+27,225,0.0,450,-74360974999552.0,-0.0,2114,13107,17110,13107,17112,13107,17095,0,0,0,101,100,100,2.730233054771504e+23,63.55,0.0,64.0,0.0,64.0,1,49,50,180,0,13107,0,0,0.0,0.0,0.0,60.0,-0.0,70.5,0.0,-0.0,0.0,1070,0,1071,0,0,0,1072,0,1081,0,996,0,640,0,641,0,636,0,675,0.032,6.751508330977696e+21,-2.004,0.0,53392,16812,-0.0,-0.0,0.0,1.5182582785801091e+37,-2.2396207432866988e+20,-0.0,50.0,60.0,35,0.0,0.0,10.0,2.0,0.0,0.0,0.0,0.0,0.0,0.0,0.0,0.0,0.0,0.0,0.0,0.0,58.8,44,18,65518,27,65476,718,65476,1,0,4,20529,65476,0,0,30147,60.0,0.0,10.0,10.0,2.0,0.0
2026-02-16T12:08:00,ERR,ERR,ERR,ERR,ERR,ERR,ERR,ERR,ERR,ERR,ERR,ERR,ERR,ERR,ERR,ERR,ERR,ERR,ERR,ERR,ERR,ERR,ERR,ERR,ERR,ERR,ERR,ERR,ERR,ERR,ERR,ERR,ERR,ERR,ERR,ERR,ERR,ERR,ERR,ERR,ERR,ERR,ERR,ERR,ERR,ERR,ERR,ERR,ERR,ERR,ERR,ERR,ERR,ERR,ERR,ERR,ERR,ERR,ERR,ERR,ERR,ERR,ERR,ERR,ERR,ERR,ERR,ERR,ERR,ERR,ERR,ERR,ERR,ERR,ERR,ERR,ERR,ERR,ERR,ERR,ERR,ERR,ERR,ERR,ERR,ERR,ERR,ERR,ERR,ERR,ERR,ERR,ERR,ERR,ERR,ERR,ERR,ERR,ERR,ERR,ERR,ERR,ERR,ERR,ERR,ERR,ERR,ERR,ERR,ERR,ERR,ERR,ERR,ERR,ERR,ERR,ERR,ERR,ERR,ERR,ERR,ERR,ERR,ERR,ERR,2.718442270659078e+23,-0.0,0.0,-0.0,0.0,0.0,2.638809691223203e+26,6.818353428542716e+27,4300,0,8,17171,4300,-0.0,39,0.0,0.0,-0.0,0.0,2.7184166902131945e+23,0,0,0,0,0.0,0,0,0,0,0,0,0,0,0,0,0,0,0,0,0,0,0,0,0,0,0,0,0,0,0,0,0,0,0,0,0,0,0,11,37,37,48,65476,408,65476,1,0,4,21553,0.0,2.7183305813883192e+23,-2.519560787945684e+27,0.0,0.0,0.0,0.0,0.0,0.0,0.0,0.0,0.0,0.0,0.0,0.0,0.0,0.0,0.0,0.0,0.0,0.0,2.004,-0.0,3.697081460117733e+19,3.697074423243316e+19,2.004,0.0,0.0,0.0,0.0,6565.0,0.0,0.0,2.718442270659078e+23,-0.0,2.718450016850437e+23,0.0,0.0,0.0,2.004,2.004,223,0.0,107615256.0,0.0,0.0,0.0,0.0,0.0,0.0,0.0,0,0,0,-0.0,5.225776017947095e+37,4.071,-0.014,6.136759223687578e+17,-0.0,-2012395732992.0,-0.0,0.0,-1.6592993857558282e+19,-0.0,59206.16,0.0,0.0,0.0,369979119632384.0,0,1.3516416376850534e+27,223,0.0,446,0.0,0.0,2114,13107,17110,13107,17112,13107,17095,0,0,0,101,100,100,2.730233054771504e+23,63.55,0.0,64.0,0.0,64.0,1,49,50,180,0,13107,0,0,0.0,0.0,0.0,60.0,-0.0,70.5,0.0,-0.0,0.0,1070,0,1071,0,0,0,1072,0,1081,0,996,0,640,0,641,0,636,0,675,0.032,6.751508330977696e+21,-2.004,0.0,53392,16812,-0.0,-0.0,0.0,1.5182582785801091e+37,-2.2396207432866988e+20,-0.0,50.0,60.0,35,0.0,0.0,10.0,2.0,0.0,0.0,0.0,0.0,0.0,0.0,0.0,0.0,0.0,0.0,0.0,0.0,59.2,40,21,65523,27,65476,822,65476,1,0,4,20529,65476,0,0,30147,60.0,0.0,10.0,10.0,2.0,0.0
2026-02-16T12:08:01,ERR,ERR,ERR,ERR,ERR,ERR,ERR,ERR,ERR,ERR,ERR,ERR,ERR,ERR,ERR,ERR,ERR,ERR,ERR,ERR,ERR,ERR,ERR,ERR,ERR,ERR,ERR,ERR,ERR,ERR,ERR,ERR,ERR,ERR,ERR,ERR,ERR,ERR,ERR,ERR,ERR,ERR,ERR,ERR,ERR,ERR,ERR,ERR,ERR,ERR,ERR,ERR,ERR,ERR,ERR,ERR,ERR,ERR,ERR,ERR,ERR,ERR,ERR,ERR,ERR,ERR,ERR,ERR,ERR,ERR,ERR,ERR,ERR,ERR,ERR,ERR,ERR,ERR,ERR,ERR,ERR,ERR,ERR,ERR,ERR,ERR,ERR,ERR,ERR,ERR,ERR,ERR,ERR,ERR,ERR,ERR,ERR,ERR,ERR,ERR,ERR,ERR,ERR,ERR,ERR,ERR,ERR,ERR,ERR,ERR,ERR,ERR,ERR,ERR,ERR,ERR,ERR,ERR,ERR,ERR,ERR,ERR,ERR,ERR,ERR,2.718442270659078e+23,-0.0,0.0,-0.0,0.0,0.0,2.638809691223203e+26,6.818353428542716e+27,4300,0,8,17171,4300,-0.0,39,0.0,0.0,-0.0,0.0,2.7184166902131945e+23,0,0,0,0,0.0,0,0,0,0,0,0,0,0,0,0,0,0,0,0,0,0,0,0,0,0,0,0,0,0,0,0,0,0,0,0,0,0,0,11,37,37,48,65476,408,65476,1,0,4,21553,0.0,2.7183305813883192e+23,-2.519560787945684e+27,0.0,0.0,0.0,0.0,0.0,0.0,0.0,0.0,0.0,0.0,0.0,0.0,0.0,0.0,0.0,0.0,0.0,0.0,2.004,-0.0,3.697081460117733e+19,3.697074423243316e+19,2.004,0.0,0.0,0.0,0.0,6565.0,0.0,0.0,2.718442270659078e+23,-0.0,2.718450016850437e+23,0.0,0.0,0.0,2.004,2.004,223,0.0,107615256.0,0.0,0.0,0.0,0.0,0.0,0.0,0.0,0,0,0,-0.0,5.225776017947095e+37,4.071,-0.014,6.136759223687578e+17,-0.0,-2012395732992.0,-0.0,0.0,-1.6592993857558282e+19,-0.0,59206.16,0.0,0.0,0.0,369979119632384.0,0,1.3516416376850534e+27,223,0.0,446,0.0,0.0,2114,13107,17110,13107,17112,13107,17095,0,0,0,101,100,100,2.730233054771504e+23,63.55,0.0,64.0,0.0,64.0,1,49,50,180,0,13107,0,0,0.0,0.0,0.0,60.0,-0.0,70.5,0.0,-0.0,0.0,1070,0,1071,0,0,0,1072,0,1081,0,996,0,640,0,641,0,636,0,675,0.032,6.751508330977696e+21,-2.004,0.0,53392,16812,-0.0,-0.0,0.0,1.5182582785801091e+37,-2.2396207432866988e+20,-0.0,50.0,60.0,35,0.0,0.0,10.0,2.0,0.0,0.0,0.0,0.0,0.0,0.0,0.0,0.0,0.0,0.0,0.0,0.0,59.2,38,22,65524,27,65476,822,65476,1,0,4,20529,65476,0,0,30147,60.0,0.0,10.0,10.0,2.0,0.0
2026-02-16T12:08:02,ERR,ERR,ERR,ERR,ERR,ERR,ERR,ERR,ERR,ERR,ERR,ERR,ERR,ERR,ERR,ERR,ERR,ERR,ERR,ERR,ERR,ERR,ERR,ERR,ERR,ERR,ERR,ERR,ERR,ERR,ERR,ERR,ERR,ERR,ERR,ERR,ERR,ERR,ERR,ERR,ERR,ERR,ERR,ERR,ERR,ERR,ERR,ERR,ERR,ERR,ERR,ERR,ERR,ERR,ERR,ERR,ERR,ERR,ERR,ERR,ERR,ERR,ERR,ERR,ERR,ERR,ERR,ERR,ERR,ERR,ERR,ERR,ERR,ERR,ERR,ERR,ERR,ERR,ERR,ERR,ERR,ERR,ERR,ERR,ERR,ERR,ERR,ERR,ERR,ERR,ERR,ERR,ERR,ERR,ERR,ERR,ERR,ERR,ERR,ERR,ERR,ERR,ERR,ERR,ERR,ERR,ERR,ERR,ERR,ERR,ERR,ERR,ERR,ERR,ERR,ERR,ERR,ERR,ERR,ERR,ERR,ERR,ERR,ERR,ERR,2.718442270659078e+23,-0.0,0.0,-0.0,0.0,0.0,2.638809691223203e+26,6.818353428542716e+27,4300,0,8,17171,4300,-0.0,39,0.0,0.0,-0.0,0.0,2.7184166902131945e+23,0,0,0,0,0.0,0,0,0,0,0,0,0,0,0,0,0,0,0,0,0,0,0,0,0,0,0,0,0,0,0,0,0,0,0,0,0,0,0,11,37,37,48,65476,408,65476,1,0,4,21553,0.0,2.7183305813883192e+23,-2.519560787945684e+27,0.0,0.0,0.0,0.0,0.0,0.0,0.0,0.0,0.0,0.0,0.0,0.0,0.0,0.0,0.0,0.0,0.0,0.0,2.004,-0.0,3.697081460117733e+19,3.697074423243316e+19,2.004,0.0,0.0,0.0,0.0,6565.0,0.0,0.0,2.718442270659078e+23,-0.0,2.718450016850437e+23,0.0,0.0,0.0,2.004,2.004,223,0.0,107615256.0,0.0,0.0,0.0,0.0,0.0,0.0,0.0,0,0,0,-0.0,5.225776017947095e+37,4.071,-0.014,6.136759223687578e+17,-0.0,-2012395732992.0,-0.0,0.0,-1.6592993857558282e+19,-0.0,59206.16,0.0,0.0,0.0,369979119632384.0,0,1.3516416376850534e+27,223,0.0,446,0.0,0.0,2114,26215,17110,13107,17112,13107,17095,0,0,0,101,100,100,2.730233054771504e+23,63.55,0.0,64.0,0.0,64.0,1,49,50,180,0,13107,0,0,0.0,0.0,0.0,60.0,-6792.319,70.5,0.0,-0.0,0.0,1070,0,1071,0,0,0,1071,0,1081,0,996,0,640,0,641,0,636,0,675,0.032,6.198106008766409e+21,-2.004,0.0,33936,16812,-6792.319,-0.0,0.0,8.050350635058463e+17,-1.0538344262682022e+29,-0.001,50.0,60.0,35,0.0,0.0,10.0,2.0,0.0,0.0,0.0,0.0,0.0,0.0,0.0,0.0,0.0,0.0,0.0,0.0,59.2,38,22,65524,27,65476,822,65476,1,0,4,20529,65476,0,0,30147,60.0,0.0,10.0,10.0,2.0,0.0
2026-02-16T12:08:03,ERR,ERR,ERR,ERR,ERR,ERR,ERR,ERR,ERR,ERR,ERR,ERR,ERR,ERR,ERR,ERR,ERR,ERR,ERR,ERR,ERR,ERR,ERR,ERR,ERR,ERR,ERR,ERR,ERR,ERR,ERR,ERR,ERR,ERR,ERR,ERR,ERR,ERR,ERR,ERR,ERR,ERR,ERR,ERR,ERR,ERR,ERR,ERR,ERR,ERR,ERR,ERR,ERR,ERR,ERR,ERR,ERR,ERR,ERR,ERR,ERR,ERR,ERR,ERR,ERR,ERR,ERR,ERR,ERR,ERR,ERR,ERR,ERR,ERR,ERR,ERR,ERR,ERR,ERR,ERR,ERR,ERR,ERR,ERR,ERR,ERR,ERR,ERR,ERR,ERR,ERR,ERR,ERR,ERR,ERR,ERR,ERR,ERR,ERR,ERR,ERR,ERR,ERR,ERR,ERR,ERR,ERR,ERR,ERR,ERR,ERR,ERR,ERR,ERR,ERR,ERR,ERR,ERR,ERR,ERR,ERR,ERR,ERR,ERR,ERR,2.718442270659078e+23,-0.0,0.0,-0.0,0.0,0.0,2.638809691223203e+26,6.818353428542716e+27,4300,0,8,17171,4300,-0.0,39,0.0,0.0,-0.0,0.0,2.7184166902131945e+23,0,0,0,0,0.0,0,0,0,0,0,0,0,0,0,0,0,0,0,0,0,0,0,0,0,0,0,0,0,0,0,0,0,0,0,0,0,0,0,11,37,37,48,65476,408,65476,1,0,4,21553,0.0,2.7183305813883192e+23,-2.519560787945684e+27,0.0,0.0,0.0,0.0,0.0,0.0,0.0,0.0,0.0,0.0,0.0,0.0,0.0,0.0,0.0,0.0,0.0,0.0,2.004,-0.0,3.697081460117733e+19,3.697074423243316e+19,2.004,0.0,0.0,0.0,0.0,6565.0,0.0,0.0,2.718442270659078e+23,-0.0,2.718450016850437e+23,0.0,0.0,0.0,2.004,2.004,223,0.0,107615256.0,0.0,0.0,0.0,0.0,0.0,0.0,0.0,0,0,0,-0.0,5.225776017947095e+37,4.071,-0.014,6.136759223687578e+17,-0.0,-2012395732992.0,-0.0,0.0,-1.6592993857558282e+19,-0.0,59206.16,0.0,0.0,0.0,369979119632384.0,0,1.3516416376850534e+27,223,0.0,446,0.0,0.0,2114,26215,17110,13107,17112,13107,17095,0,0,0,101,100,100,2.730233054771504e+23,63.55,0.0,64.0,0.0,64.0,1,49,50,180,0,13107,0,0,0.0,0.0,0.0,60.0,-6792.319,70.5,0.0,-0.0,0.0,1070,0,1071,0,0,0,1071,0,1081,0,996,0,640,0,641,0,636,0,675,0.032,6.198106008766409e+21,-2.004,0.0,33936,16812,-6792.319,-0.0,0.0,8.050350635058463e+17,-1.0538344262682022e+29,-0.001,50.0,60.0,35,0.0,0.0,10.0,2.0,0.0,0.0,0.0,0.0,0.0,0.0,0.0,0.0,0.0,0.0,0.0,0.0,58.8,35,25,65528,27,65476,734,65476,1,0,4,20529,65476,0,0,30147,60.0,0.0,10.0,10.0,2.0,0.0
2026-02-16T12:08:04,ERR,ERR,ERR,ERR,ERR,ERR,ERR,ERR,ERR,ERR,ERR,ERR,ERR,ERR,ERR,ERR,ERR,ERR,ERR,ERR,ERR,ERR,ERR,ERR,ERR,ERR,ERR,ERR,ERR,ERR,ERR,ERR,ERR,ERR,ERR,ERR,ERR,ERR,ERR,ERR,ERR,ERR,ERR,ERR,ERR,ERR,ERR,ERR,ERR,ERR,ERR,ERR,ERR,ERR,ERR,ERR,ERR,ERR,ERR,ERR,ERR,ERR,ERR,ERR,ERR,ERR,ERR,ERR,ERR,ERR,ERR,ERR,ERR,ERR,ERR,ERR,ERR,ERR,ERR,ERR,ERR,ERR,ERR,ERR,ERR,ERR,ERR,ERR,ERR,ERR,ERR,ERR,ERR,ERR,ERR,ERR,ERR,ERR,ERR,ERR,ERR,ERR,ERR,ERR,ERR,ERR,ERR,ERR,ERR,ERR,ERR,ERR,ERR,ERR,ERR,ERR,ERR,ERR,ERR,ERR,ERR,ERR,ERR,ERR,ERR,2.718442270659078e+23,-0.0,0.0,-0.0,0.0,0.0,2.638809691223203e+26,6.818353428542716e+27,4300,0,8,17171,4300,-0.0,39,0.0,0.0,-0.0,0.0,2.7184166902131945e+23,0,0,0,0,0.0,0,0,0,0,0,0,0,0,0,0,0,0,0,0,0,0,0,0,0,0,0,0,0,0,0,0,0,0,0,0,0,0,0,11,37,37,48,65476,408,65476,1,0,4,21553,0.0,2.7183305813883192e+23,-2.519560787945684e+27,0.0,0.0,0.0,0.0,0.0,0.0,0.0,0.0,0.0,0.0,0.0,0.0,0.0,0.0,0.0,0.0,0.0,0.0,2.004,-0.0,3.697081460117733e+19,3.697074423243316e+19,2.004,0.0,0.0,0.0,0.0,6565.0,0.0,0.0,2.718442270659078e+23,-0.0,2.718450016850437e+23,0.0,0.0,0.0,2.004,2.004,223,0.0,107615256.0,0.0,0.0,0.0,0.0,0.0,0.0,0.0,0,0,0,-0.0,5.225776017947095e+37,4.071,-0.014,6.136759223687578e+17,-0.0,-2012395732992.0,-0.0,0.0,-1.6592993857558282e+19,-0.0,59206.16,0.0,0.0,0.0,369979119632384.0,0,1.3516416376850534e+27,223,0.0,446,0.0,0.0,2114,26215,17110,13107,17112,13107,17095,0,0,0,101,100,100,2.730233054771504e+23,63.55,0.0,64.0,0.0,64.0,1,49,50,180,0,13107,0,0,0.0,0.0,0.0,60.0,-6792.319,70.5,0.0,-0.0,0.0,1070,0,1071,0,0,0,1071,0,1081,0,996,0,640,0,641,0,636,0,675,0.032,6.198106008766409e+21,-2.004,0.0,33936,16812,-6792.319,-0.0,0.0,8.050350635058463e+17,-1.0538344262682022e+29,-0.001,50.0,60.0,35,0.0,0.0,10.0,2.0,0.0,0.0,0.0,0.0,0.0,0.0,0.0,0.0,0.0,0.0,0.0,0.0,58.8,35,25,65528,27,65476,734,65476,1,0,4,20529,65476,0,0,30147,60.0,0.0,10.0,10.0,2.0,0.0
2026-02-16T12:08:05,ERR,ERR,ERR,ERR,ERR,ERR,ERR,ERR,ERR,ERR,ERR,ERR,ERR,ERR,ERR,ERR,ERR,ERR,ERR,ERR,ERR,ERR,ERR,ERR,ERR,ERR,ERR,ERR,ERR,ERR,ERR,ERR,ERR,ERR,ERR,ERR,ERR,ERR,ERR,ERR,ERR,ERR,ERR,ERR,ERR,ERR,ERR,ERR,ERR,ERR,ERR,ERR,ERR,ERR,ERR,ERR,ERR,ERR,ERR,ERR,ERR,ERR,ERR,ERR,ERR,ERR,ERR,ERR,ERR,ERR,ERR,ERR,ERR,ERR,ERR,ERR,ERR,ERR,ERR,ERR,ERR,ERR,ERR,ERR,ERR,ERR,ERR,ERR,ERR,ERR,ERR,ERR,ERR,ERR,ERR,ERR,ERR,ERR,ERR,ERR,ERR,ERR,ERR,ERR,ERR,ERR,ERR,ERR,ERR,ERR,ERR,ERR,ERR,ERR,ERR,ERR,ERR,ERR,ERR,ERR,ERR,ERR,ERR,ERR,ERR,2.718442270659078e+23,-0.0,-0.0,-0.0,4.160414724153587e+31,65215945244672.0,-66395104.0,-0.0,4300,0,8,17171,4300,-0.0,39,0.0,0.0,-0.0,0.0,2.7184166902131945e+23,0,0,0,0,0.0,0,0,0,0,0,0,0,0,0,0,0,0,0,0,0,0,0,0,0,0,0,0,0,0,0,0,0,0,0,0,0,0,0,11,37,37,48,65476,408,65476,1,0,4,21553,0.0,-0.0,-0.058,0.0,0.0,0.0,0.0,0.0,0.0,0.0,0.0,0.0,0.0,0.0,0.0,0.0,0.0,0.0,0.0,0.0,0.0,2.004,-0.0,-0.0,-0.0,0.0,0.0,0.0,0.0,0.0,6571.0,0.0,0.0,2.718442270659078e+23,-0.0,-0.0,0.0,0.0,0.0,2.004,2.004,223,126840545280.0,0.0,0.0,0.0,0.0,0.0,0.0,0.0,0.0,0,0,0,-0.0,0.0,0.017,-3.0496557644516006e+20,602426834944.0,-6.383,-0.0,-6.906730912813496e+36,4399906.5,-1.7529742580051345e+19,-0.0,62278.16,0.0,0.0,0.0,0.0,0,1.3516416376850534e+27,223,0.0,446,-0.0,4.5382711475481616e+24,2114,13107,17110,13107,17112,13107,17095,0,0,0,101,100,100,2.730233054771504e+23,63.55,0.0,64.0,0.0,64.0,1,49,50,180,0,13107,0,0,0.0,0.0,0.0,60.0,-0.0,70.5,0.0,-1.5436007944377038e+38,0.0,1070,0,1071,0,0,0,1071,0,1081,0,996,0,640,0,641,0,636,0,675,0.032,6.198106008766409e+21,-2.004,0.0,38416,16812,-0.0,0.0,0.0,4.7637743792835405e+23,-2.6264654990239582e+26,-0.0,50.0,60.0,35,0.0,0.0,10.0,2.0,0.0,0.0,0.0,0.0,0.0,0.0,0.0,0.0,0.0,0.0,0.0,0.0,58.8,30,29,65532,27,65476,654,65476,1,0,4,20529,65476,0,0,30147,60.0,0.0,10.0,10.0,2.0,0.0
2026-02-16T12:08:06,ERR,ERR,ERR,ERR,ERR,ERR,ERR,ERR,ERR,ERR,ERR,ERR,ERR,ERR,ERR,ERR,ERR,ERR,ERR,ERR,ERR,ERR,ERR,ERR,ERR,ERR,ERR,ERR,ERR,ERR,ERR,ERR,ERR,ERR,ERR,ERR,ERR,ERR,ERR,ERR,ERR,ERR,ERR,ERR,ERR,ERR,ERR,ERR,ERR,ERR,ERR,ERR,ERR,ERR,ERR,ERR,ERR,ERR,ERR,ERR,ERR,ERR,ERR,ERR,ERR,ERR,ERR,ERR,ERR,ERR,ERR,ERR,ERR,ERR,ERR,ERR,ERR,ERR,ERR,ERR,ERR,ERR,ERR,ERR,ERR,ERR,ERR,ERR,ERR,ERR,ERR,ERR,ERR,ERR,ERR,ERR,ERR,ERR,ERR,ERR,ERR,ERR,ERR,ERR,ERR,ERR,ERR,ERR,ERR,ERR,ERR,ERR,ERR,ERR,ERR,ERR,ERR,ERR,ERR,ERR,ERR,ERR,ERR,ERR,ERR,2.718442270659078e+23,-0.0,-0.0,-0.0,4.160414724153587e+31,65215945244672.0,-66395104.0,-0.0,4300,0,8,17171,4300,-0.0,39,0.0,0.0,-0.0,0.0,2.7184166902131945e+23,0,0,0,0,0.0,0,0,0,0,0,0,0,0,0,0,0,0,0,0,0,0,0,0,0,0,0,0,0,0,0,0,0,0,0,0,0,0,0,11,37,37,48,65476,408,65476,1,0,4,21553,0.0,-0.0,-0.058,0.0,0.0,0.0,0.0,0.0,0.0,0.0,0.0,0.0,0.0,0.0,0.0,0.0,0.0,0.0,0.0,0.0,0.0,2.004,-0.0,-0.0,-0.0,0.0,0.0,0.0,0.0,0.0,6571.0,0.0,0.0,2.718442270659078e+23,-0.0,-0.0,0.0,0.0,0.0,2.004,2.004,223,126840545280.0,0.0,0.0,0.0,0.0,0.0,0.0,0.0,0.0,0,0,0,-0.0,0.0,0.017,-3.0496557644516006e+20,602426834944.0,-6.383,-0.0,-6.906730912813496e+36,4399906.5,-1.7529742580051345e+19,-0.0,62278.16,0.0,0.0,0.0,0.0,0,1.3516416376850534e+27,223,0.0,446,-0.0,4.5382711475481616e+24,2114,13107,17110,13107,17112,13107,17095,0,0,0,101,100,100,2.730233054771504e+23,63.55,0.0,64.0,0.0,64.0,1,49,50,180,0,13107,0,0,0.0,0.0,0.0,60.0,-0.0,70.5,0.0,-1.5436007944377038e+38,0.0,1070,0,1071,0,0,0,1071,0,1081,0,996,0,640,0,641,0,636,0,675,0.032,6.198106008766409e+21,-2.004,0.0,38416,16812,-0.0,0.0,0.0,4.7637743792835405e+23,-2.6264654990239582e+26,-0.0,50.0,60.0,35,0.0,0.0,10.0,2.0,0.0,0.0,0.0,0.0,0.0,0.0,0.0,0.0,0.0,0.0,0.0,0.0,58.8,28,31,65534,27,65476,654,65476,1,0,4,20529,65476,0,0,30147,60.0,0.0,10.0,10.0,2.0,0.0
2026-02-16T12:08:07,ERR,ERR,ERR,ERR,ERR,ERR,ERR,ERR,ERR,ERR,ERR,ERR,ERR,ERR,ERR,ERR,ERR,ERR,ERR,ERR,ERR,ERR,ERR,ERR,ERR,ERR,ERR,ERR,ERR,ERR,ERR,ERR,ERR,ERR,ERR,ERR,ERR,ERR,ERR,ERR,ERR,ERR,ERR,ERR,ERR,ERR,ERR,ERR,ERR,ERR,ERR,ERR,ERR,ERR,ERR,ERR,ERR,ERR,ERR,ERR,ERR,ERR,ERR,ERR,ERR,ERR,ERR,ERR,ERR,ERR,ERR,ERR,ERR,ERR,ERR,ERR,ERR,ERR,ERR,ERR,ERR,ERR,ERR,ERR,ERR,ERR,ERR,ERR,ERR,ERR,ERR,ERR,ERR,ERR,ERR,ERR,ERR,ERR,ERR,ERR,ERR,ERR,ERR,ERR,ERR,ERR,ERR,ERR,ERR,ERR,ERR,ERR,ERR,ERR,ERR,ERR,ERR,ERR,ERR,ERR,ERR,ERR,ERR,ERR,ERR,2.718442270659078e+23,-0.0,-0.0,-0.0,4.160414724153587e+31,65215945244672.0,-66395104.0,-0.0,4300,0,8,17171,4300,-0.0,39,0.0,0.0,-0.0,0.0,2.7184166902131945e+23,0,0,0,0,0.0,0,0,0,0,0,0,0,0,0,0,0,0,0,0,0,0,0,0,0,0,0,0,0,0,0,0,0,0,0,0,0,0,0,11,37,37,48,65476,408,65476,1,0,4,21553,0.0,-0.0,-0.058,0.0,0.0,0.0,0.0,0.0,0.0,0.0,0.0,0.0,0.0,0.0,0.0,0.0,0.0,0.0,0.0,0.0,0.0,2.004,-0.0,-0.0,-0.0,0.0,0.0,0.0,0.0,0.0,6571.0,0.0,0.0,2.718442270659078e+23,-0.0,-0.0,0.0,0.0,0.0,2.004,2.004,223,126840545280.0,0.0,0.0,0.0,0.0,0.0,0.0,0.0,0.0,0,0,0,-0.0,0.0,0.017,-3.0496557644516006e+20,602426834944.0,-6.383,-0.0,-6.906730912813496e+36,4399906.5,-1.7529742580051345e+19,-0.0,62278.16,0.0,0.0,0.0,0.0,0,1.3516416376850534e+27,223,0.0,446,-0.0,4.5382711475481616e+24,2114,13107,17110,13107,17112,13107,17095,0,0,0,101,100,100,2.730233054771504e+23,63.55,0.0,64.0,0.0,64.0,1,49,50,180,0,13107,0,0,0.0,0.0,0.0,60.0,-0.0,70.5,0.0,-1.5436007944377038e+38,0.0,1070,0,1071,0,0,0,1071,0,1081,0,996,0,640,0,641,0,636,0,675,0.032,6.198106008766409e+21,-2.004,0.0,38416,16812,-0.0,0.0,0.0,4.7637743792835405e+23,-2.6264654990239582e+26,-0.0,50.0,60.0,35,0.0,0.0,10.0,2.0,0.0,0.0,0.0,0.0,0.0,0.0,0.0,0.0,0.0,0.0,0.0,0.0,58.8,28,31,65534,27,65476,654,65476,1,0,4,20529,65476,0,0,30147,60.0,0.0,10.0,10.0,2.0,0.0
2026-02-16T12:08:08,ERR,ERR,ERR,ERR,ERR,ERR,ERR,ERR,ERR,ERR,ERR,ERR,ERR,ERR,ERR,ERR,ERR,ERR,ERR,ERR,ERR,ERR,ERR,ERR,ERR,ERR,ERR,ERR,ERR,ERR,ERR,ERR,ERR,ERR,ERR,ERR,ERR,ERR,ERR,ERR,ERR,ERR,ERR,ERR,ERR,ERR,ERR,ERR,ERR,ERR,ERR,ERR,ERR,ERR,ERR,ERR,ERR,ERR,ERR,ERR,ERR,ERR,ERR,ERR,ERR,ERR,ERR,ERR,ERR,ERR,ERR,ERR,ERR,ERR,ERR,ERR,ERR,ERR,ERR,ERR,ERR,ERR,ERR,ERR,ERR,ERR,ERR,ERR,ERR,ERR,ERR,ERR,ERR,ERR,ERR,ERR,ERR,ERR,ERR,ERR,ERR,ERR,ERR,ERR,ERR,ERR,ERR,ERR,ERR,ERR,ERR,ERR,ERR,ERR,ERR,ERR,ERR,ERR,ERR,ERR,ERR,ERR,ERR,ERR,ERR,2.718442270659078e+23,-0.0,-0.0,-0.0,4.160414724153587e+31,65215945244672.0,-66395104.0,-0.0,4300,0,8,17171,4300,-0.0,39,0.0,0.0,-0.0,0.0,2.7184166902131945e+23,0,0,0,0,0.0,0,0,0,0,0,0,0,0,0,0,0,0,0,0,0,0,0,0,0,0,0,0,0,0,0,0,0,0,0,0,0,0,0,11,37,37,48,65476,408,65476,1,0,4,21553,0.0,-0.0,-0.058,0.0,0.0,0.0,0.0,0.0,0.0,0.0,0.0,0.0,0.0,0.0,0.0,0.0,0.0,0.0,0.0,0.0,0.0,2.004,-0.0,-0.0,-0.0,0.0,0.0,0.0,0.0,0.0,6571.0,0.0,0.0,2.718442270659078e+23,-0.0,-0.0,0.0,0.0,0.0,2.004,2.004,223,126840545280.0,0.0,0.0,0.0,0.0,0.0,0.0,0.0,0.0,0,0,0,-0.0,0.0,0.017,-3.0496557644516006e+20,602426834944.0,-6.383,-0.0,-6.906730912813496e+36,4399906.5,-1.7529742580051345e+19,-0.0,62278.16,0.0,0.0,0.0,0.0,0,1.3516416376850534e+27,223,0.0,446,-0.0,4.5382711475481616e+24,2114,13107,17110,13107,17112,13107,17095,0,0,0,101,100,100,2.730233054771504e+23,63.55,0.0,64.0,0.0,64.0,1,49,50,180,0,13107,0,0,0.0,0.0,0.0,60.0,-0.0,70.5,0.0,0.0,0.0,1070,0,1071,0,0,0,1071,0,1081,0,996,0,640,0,641,0,636,0,675,0.032,7.600058558368335e+21,-2.004,0.0,38928,16812,-0.0,-6.062033664684851e+18,201.251,0.0,0.0,-31358992.0,50.0,60.0,35,0.0,0.0,10.0,2.0,0.0,0.0,0.0,0.0,0.0,0.0,0.0,0.0,0.0,0.0,0.0,0.0,58.8,25,34,2,27,65476,572,65476,1,0,4,20529,65476,0,0,30147,60.0,0.0,10.0,10.0,2.0,0.0
2026-02-16T12:08:09,ERR,ERR,ERR,ERR,ERR,ERR,ERR,ERR,ERR,ERR,ERR,ERR,ERR,ERR,ERR,ERR,ERR,ERR,ERR,ERR,ERR,ERR,ERR,ERR,ERR,ERR,ERR,ERR,ERR,ERR,ERR,ERR,ERR,ERR,ERR,ERR,ERR,ERR,ERR,ERR,ERR,ERR,ERR,ERR,ERR,ERR,ERR,ERR,ERR,ERR,ERR,ERR,ERR,ERR,ERR,ERR,ERR,ERR,ERR,ERR,ERR,ERR,ERR,ERR,ERR,ERR,ERR,ERR,ERR,ERR,ERR,ERR,ERR,ERR,ERR,ERR,ERR,ERR,ERR,ERR,ERR,ERR,ERR,ERR,ERR,ERR,ERR,ERR,ERR,ERR,ERR,ERR,ERR,ERR,ERR,ERR,ERR,ERR,ERR,ERR,ERR,ERR,ERR,ERR,ERR,ERR,ERR,ERR,ERR,ERR,ERR,ERR,ERR,ERR,ERR,ERR,ERR,ERR,ERR,ERR,ERR,ERR,ERR,ERR,ERR,2.718442270659078e+23,-0.0,-0.0,-0.0,4.160414724153587e+31,1986458681344.0,-205083.875,-0.0,4300,0,8,17171,4300,-0.0,40,0.0,0.0,-0.0,0.0,2.7184166902131945e+23,0,0,0,0,0.0,0,0,0,0,0,0,0,0,0,0,0,0,0,0,0,0,0,0,0,0,0,0,0,0,0,0,0,0,0,0,0,0,0,10,37,37,47,65476,409,65476,1,0,4,21553,0.0,2.7183305813883192e+23,-520635264.0,0.0,0.0,0.0,0.0,0.0,0.0,0.0,0.0,0.0,0.0,0.0,0.0,0.0,0.0,0.0,0.0,0.0,0.0,2.004,-0.0,-0.0,-0.0,0.0,0.0,0.0,0.0,0.0,6536.0,-2.004,0.0,-0.0,-0.0,-107616232.0,-2.7184510977143476e+23,0.0,0.0,2.004,2.004,225,89220.57,-5.8480786593265204e+35,0.0,0.0,0.0,0.0,0.0,0.0,0.0,0,0,0,-0.002,0.0,0.0,-9.82894101343675e+26,4.17176152054956e+17,0.0,-0.0,-1708847764865024.0,0.0,-1.839443370850648e+19,-0.0,65676.32,0.0,0.0,0.0,0.0,0,1.3516416376850534e+27,223,0.0,446,-74360974999552.0,0.0,2114,13107,17110,13107,17112,13107,17095,0,0,0,101,100,100,2.730233054771504e+23,63.55,0.0,64.0,0.0,64.0,1,49,50,180,0,13107,0,0,0.0,0.0,0.0,60.0,-0.0,70.5,0.0,0.0,0.0,1070,0,1071,0,0,0,1071,0,1081,0,996,0,640,0,641,0,636,0,675,0.032,7.600058558368335e+21,-2.004,0.0,38928,16812,-0.0,-6.062033664684851e+18,201.251,0.0,0.0,-31358992.0,50.0,60.0,35,0.0,0.0,10.0,2.0,0.0,0.0,0.0,0.0,0.0,0.0,0.0,0.0,0.0,0.0,0.0,0.0,58.8,23,36,4,27,65476,533,65476,1,0,4,20529,65476,0,0,30147,60.0,0.0,10.0,10.0,2.0,0.0
2026-02-16T12:08:10,ERR,ERR,ERR,ERR,ERR,ERR,ERR,ERR,ERR,ERR,ERR,ERR,ERR,ERR,ERR,ERR,ERR,ERR,ERR,ERR,ERR,ERR,ERR,ERR,ERR,ERR,ERR,ERR,ERR,ERR,ERR,ERR,ERR,ERR,ERR,ERR,ERR,ERR,ERR,ERR,ERR,ERR,ERR,ERR,ERR,ERR,ERR,ERR,ERR,ERR,ERR,ERR,ERR,ERR,ERR,ERR,ERR,ERR,ERR,ERR,ERR,ERR,ERR,ERR,ERR,ERR,ERR,ERR,ERR,ERR,ERR,ERR,ERR,ERR,ERR,ERR,ERR,ERR,ERR,ERR,ERR,ERR,ERR,ERR,ERR,ERR,ERR,ERR,ERR,ERR,ERR,ERR,ERR,ERR,ERR,ERR,ERR,ERR,ERR,ERR,ERR,ERR,ERR,ERR,ERR,ERR,ERR,ERR,ERR,ERR,ERR,ERR,ERR,ERR,ERR,ERR,ERR,ERR,ERR,ERR,ERR,ERR,ERR,ERR,ERR,2.718442270659078e+23,-0.0,-0.0,-0.0,4.160414724153587e+31,1986458681344.0,-205083.875,-0.0,4300,0,8,17171,4300,-0.0,40,0.0,0.0,-0.0,0.0,2.7184166902131945e+23,0,0,0,0,0.0,0,0,0,0,0,0,0,0,0,0,0,0,0,0,0,0,0,0,0,0,0,0,0,0,0,0,0,0,0,0,0,0,0,10,37,37,47,65476,409,65476,1,0,4,21553,0.0,2.7183305813883192e+23,-520635264.0,0.0,0.0,0.0,0.0,0.0,0.0,0.0,0.0,0.0,0.0,0.0,0.0,0.0,0.0,0.0,0.0,0.0,0.0,2.004,-0.0,-0.0,-0.0,0.0,0.0,0.0,0.0,0.0,6536.0,-2.004,0.0,-0.0,-0.0,-107616232.0,-2.7184510977143476e+23,0.0,0.0,2.004,2.004,225,89220.57,-5.8480786593265204e+35,0.0,0.0,0.0,0.0,0.0,0.0,0.0,0,0,0,-0.002,0.0,0.0,-9.82894101343675e+26,4.17176152054956e+17,0.0,-0.0,-1708847764865024.0,0.0,-1.839443370850648e+19,-0.0,65676.32,0.0,0.0,0.0,0.0,0,1.3516416376850534e+27,223,0.0,446,-74360974999552.0,0.0,2114,13107,17110,13107,17112,13107,17095,0,0,0,101,100,100,2.730233054771504e+23,63.55,0.0,64.0,0.0,64.0,1,49,50,180,0,13107,0,0,0.0,0.0,0.0,60.0,-0.0,70.5,0.0,0.0,0.0,1070,0,1071,0,0,0,1071,0,1081,0,996,0,640,0,641,0,636,0,675,0.032,7.600058558368335e+21,-2.004,0.0,38928,16812,-0.0,-6.062033664684851e+18,201.251,0.0,0.0,-31358992.0,50.0,60.0,35,0.0,0.0,10.0,2.0,0.0,0.0,0.0,0.0,0.0,0.0,0.0,0.0,0.0,0.0,0.0,0.0,58.8,23,36,4,27,65476,533,65476,1,0,4,20529,65476,0,0,30147,60.0,0.0,10.0,10.0,2.0,0.0
2026-02-16T12:08:11,ERR,ERR,ERR,ERR,ERR,ERR,ERR,ERR,ERR,ERR,ERR,ERR,ERR,ERR,ERR,ERR,ERR,ERR,ERR,ERR,ERR,ERR,ERR,ERR,ERR,ERR,ERR,ERR,ERR,ERR,ERR,ERR,ERR,ERR,ERR,ERR,ERR,ERR,ERR,ERR,ERR,ERR,ERR,ERR,ERR,ERR,ERR,ERR,ERR,ERR,ERR,ERR,ERR,ERR,ERR,ERR,ERR,ERR,ERR,ERR,ERR,ERR,ERR,ERR,ERR,ERR,ERR,ERR,ERR,ERR,ERR,ERR,ERR,ERR,ERR,ERR,ERR,ERR,ERR,ERR,ERR,ERR,ERR,ERR,ERR,ERR,ERR,ERR,ERR,ERR,ERR,ERR,ERR,ERR,ERR,ERR,ERR,ERR,ERR,ERR,ERR,ERR,ERR,ERR,ERR,ERR,ERR,ERR,ERR,ERR,ERR,ERR,ERR,ERR,ERR,ERR,ERR,ERR,ERR,ERR,ERR,ERR,ERR,ERR,ERR,2.718442270659078e+23,-0.0,-0.0,-0.0,4.160414724153587e+31,1986458681344.0,-205083.875,-0.0,4300,0,8,17171,4300,-0.0,40,0.0,0.0,-0.0,0.0,2.7184166902131945e+23,0,0,0,0,0.0,0,0,0,0,0,0,0,0,0,0,0,0,0,0,0,0,0,0,0,0,0,0,0,0,0,0,0,0,0,0,0,0,0,10,37,37,47,65476,409,65476,1,0,4,21553,0.0,2.7183305813883192e+23,-520635264.0,0.0,0.0,0.0,0.0,0.0,0.0,0.0,0.0,0.0,0.0,0.0,0.0,0.0,0.0,0.0,0.0,0.0,0.0,2.004,-0.0,-0.0,-0.0,0.0,0.0,0.0,0.0,0.0,6536.0,-2.004,0.0,-0.0,-0.0,-107616232.0,-2.7184510977143476e+23,0.0,0.0,2.004,2.004,225,89220.57,-5.8480786593265204e+35,0.0,0.0,0.0,0.0,0.0,0.0,0.0,0,0,0,-0.002,0.0,0.0,-9.82894101343675e+26,4.17176152054956e+17,0.0,-0.0,-1708847764865024.0,0.0,-1.839443370850648e+19,-0.0,65676.32,0.0,0.0,0.0,0.0,0,1.3516416376850534e+27,223,0.0,446,-74360974999552.0,0.0,2114,13107,17110,13107,17112,13107,17095,0,0,0,101,100,100,2.730233054771504e+23,63.55,0.0,64.0,0.0,64.0,1,49,50,180,0,13107,0,0,0.0,0.0,0.0,60.0,-0.0,70.5,0.0,0.0,0.0,1070,0,1071,0,0,0,1071,0,1081,0,996,0,640,0,641,0,636,0,675,0.032,7.600058558368335e+21,-2.004,0.0,38928,16812,-0.0,-6.062033664684851e+18,201.251,0.0,0.0,-31358992.0,50.0,60.0,35,0.0,0.0,10.0,2.0,0.0,0.0,0.0,0.0,0.0,0.0,0.0,0.0,0.0,0.0,0.0,0.0,59.2,22,38,5,27,65476,453,65476,1,0,4,20529,65476,0,0,30147,60.0,0.0,10.0,10.0,2.0,0.0
2026-02-16T12:08:12,ERR,ERR,ERR,ERR,ERR,ERR,ERR,ERR,ERR,ERR,ERR,ERR,ERR,ERR,ERR,ERR,ERR,ERR,ERR,ERR,ERR,ERR,ERR,ERR,ERR,ERR,ERR,ERR,ERR,ERR,ERR,ERR,ERR,ERR,ERR,ERR,ERR,ERR,ERR,ERR,ERR,ERR,ERR,ERR,ERR,ERR,ERR,ERR,ERR,ERR,ERR,ERR,ERR,ERR,ERR,ERR,ERR,ERR,ERR,ERR,ERR,ERR,ERR,ERR,ERR,ERR,ERR,ERR,ERR,ERR,ERR,ERR,ERR,ERR,ERR,ERR,ERR,ERR,ERR,ERR,ERR,ERR,ERR,ERR,ERR,ERR,ERR,ERR,ERR,ERR,ERR,ERR,ERR,ERR,ERR,ERR,ERR,ERR,ERR,ERR,ERR,ERR,ERR,ERR,ERR,ERR,ERR,ERR,ERR,ERR,ERR,ERR,ERR,ERR,ERR,ERR,ERR,ERR,ERR,ERR,ERR,ERR,ERR,ERR,ERR,2.718442270659078e+23,-0.0,-0.0,-0.0,4.160414724153587e+31,1986458681344.0,-205083.875,-0.0,4300,0,8,17171,4300,-0.0,40,0.0,0.0,-0.0,0.0,2.7184166902131945e+23,0,0,0,0,0.0,0,0,0,0,0,0,0,0,0,0,0,0,0,0,0,0,0,0,0,0,0,0,0,0,0,0,0,0,0,0,0,0,0,10,37,37,47,65476,409,65476,1,0,4,21553,0.0,2.7183305813883192e+23,-520635264.0,0.0,0.0,0.0,0.0,0.0,0.0,0.0,0.0,0.0,0.0,0.0,0.0,0.0,0.0,0.0,0.0,0.0,0.0,2.004,-0.0,-0.0,-0.0,0.0,0.0,0.0,0.0,0.0,6536.0,-2.004,0.0,-0.0,-0.0,-107616232.0,-2.7184510977143476e+23,0.0,0.0,2.004,2.004,225,89220.57,-5.8480786593265204e+35,0.0,0.0,0.0,0.0,0.0,0.0,0.0,0,0,0,-0.002,0.0,0.0,-9.82894101343675e+26,4.17176152054956e+17,0.0,-0.0,-1708847764865024.0,0.0,-1.839443370850648e+19,-0.0,65676.32,0.0,0.0,0.0,0.0,0,1.3516416376850534e+27,223,0.0,446,-74360974999552.0,0.0,2114,26215,17110,13107,17112,13107,17095,0,0,0,101,100,100,2.730233054771504e+23,63.55,0.0,64.0,0.0,64.0,1,49,50,180,0,13107,0,0,0.0,0.0,0.0,60.0,-0.0,70.5,0.0,-3.518555062785802e+17,0.0,1070,0,1071,0,0,0,1071,0,1081,0,996,0,640,0,641,0,636,0,675,0.032,6.382573449503505e+21,-2.004,0.0,36752,16812,-0.0,-3.518555062785802e+17,0.0,4.836590858006178e+20,-5.812752639622901e+27,-0.0,50.0,60.0,35,0.0,0.0,10.0,2.0,0.0,0.0,0.0,0.0,0.0,0.0,0.0,0.0,0.0,0.0,0.0,0.0,59.2,22,38,5,27,65476,453,65476,1,0,4,20529,65476,0,0,30147,60.0,0.0,10.0,10.0,2.0,0.0
2026-02-16T12:08:13,ERR,ERR,ERR,ERR,ERR,ERR,ERR,ERR,ERR,ERR,ERR,ERR,ERR,ERR,ERR,ERR,ERR,ERR,ERR,ERR,ERR,ERR,ERR,ERR,ERR,ERR,ERR,ERR,ERR,ERR,ERR,ERR,ERR,ERR,ERR,ERR,ERR,ERR,ERR,ERR,ERR,ERR,ERR,ERR,ERR,ERR,ERR,ERR,ERR,ERR,ERR,ERR,ERR,ERR,ERR,ERR,ERR,ERR,ERR,ERR,ERR,ERR,ERR,ERR,ERR,ERR,ERR,ERR,ERR,ERR,ERR,ERR,ERR,ERR,ERR,ERR,ERR,ERR,ERR,ERR,ERR,ERR,ERR,ERR,ERR,ERR,ERR,ERR,ERR,ERR,ERR,ERR,ERR,ERR,ERR,ERR,ERR,ERR,ERR,ERR,ERR,ERR,ERR,ERR,ERR,ERR,ERR,ERR,ERR,ERR,ERR,ERR,ERR,ERR,ERR,ERR,ERR,ERR,ERR,ERR,ERR,ERR,ERR,ERR,ERR,2.718442270659078e+23,-0.0,-0.0,-0.0,4.160414724153587e+31,1986458681344.0,-205083.875,-0.0,4300,0,8,17171,4300,-0.0,40,0.0,0.0,-0.0,0.0,2.7184166902131945e+23,0,0,0,0,0.0,0,0,0,0,0,0,0,0,0,0,0,0,0,0,0,0,0,0,0,0,0,0,0,0,0,0,0,0,0,0,0,0,0,10,37,37,47,65476,409,65476,1,0,4,21553,0.0,2.7183305813883192e+23,-520635264.0,0.0,0.0,0.0,0.0,0.0,0.0,0.0,0.0,0.0,0.0,0.0,0.0,0.0,0.0,0.0,0.0,0.0,0.0,2.004,-0.0,-0.0,-0.0,0.0,0.0,0.0,0.0,0.0,6536.0,-2.004,0.0,-0.0,-0.0,-107616232.0,-2.7184510977143476e+23,0.0,0.0,2.004,2.004,225,89220.57,-5.8480786593265204e+35,0.0,0.0,0.0,0.0,0.0,0.0,0.0,0,0,0,-0.002,0.0,0.0,-9.82894101343675e+26,4.17176152054956e+17,0.0,-0.0,-1708847764865024.0,0.0,-1.839443370850648e+19,-0.0,65676.32,0.0,0.0,0.0,0.0,0,1.3516416376850534e+27,223,0.0,446,-74360974999552.0,0.0,2114,26215,17110,13107,17112,13107,17095,0,0,0,101,100,100,2.730233054771504e+23,63.55,0.0,64.0,0.0,64.0,1,49,50,180,0,13107,0,0,0.0,0.0,0.0,60.0,-0.0,70.5,0.0,-3.518555062785802e+17,0.0,1070,0,1071,0,0,0,1071,0,1081,0,996,0,640,0,641,0,636,0,675,0.032,6.382573449503505e+21,-2.004,0.0,36752,16812,-0.0,-3.518555062785802e+17,0.0,4.836590858006178e+20,-5.812752639622901e+27,-0.0,50.0,60.0,35,0.0,0.0,10.0,2.0,0.0,0.0,0.0,0.0,0.0,0.0,0.0,0.0,0.0,0.0,0.0,0.0,58.8,21,39,6,27,65476,436,65476,1,0,4,20529,65476,0,0,30147,60.0,0.0,10.0,10.0,2.0,0.0
2026-02-16T12:08:14,ERR,ERR,ERR,ERR,ERR,ERR,ERR,ERR,ERR,ERR,ERR,ERR,ERR,ERR,ERR,ERR,ERR,ERR,ERR,ERR,ERR,ERR,ERR,ERR,ERR,ERR,ERR,ERR,ERR,ERR,ERR,ERR,ERR,ERR,ERR,ERR,ERR,ERR,ERR,ERR,ERR,ERR,ERR,ERR,ERR,ERR,ERR,ERR,ERR,ERR,ERR,ERR,ERR,ERR,ERR,ERR,ERR,ERR,ERR,ERR,ERR,ERR,ERR,ERR,ERR,ERR,ERR,ERR,ERR,ERR,ERR,ERR,ERR,ERR,ERR,ERR,ERR,ERR,ERR,ERR,ERR,ERR,ERR,ERR,ERR,ERR,ERR,ERR,ERR,ERR,ERR,ERR,ERR,ERR,ERR,ERR,ERR,ERR,ERR,ERR,ERR,ERR,ERR,ERR,ERR,ERR,ERR,ERR,ERR,ERR,ERR,ERR,ERR,ERR,ERR,ERR,ERR,ERR,ERR,ERR,ERR,ERR,ERR,ERR,ERR,2.718442270659078e+23,-0.0,-0.0,-0.0,4.160414724153587e+31,0.0,-0.0,-44352.078,4300,0,8,17171,4300,-0.0,39,0.0,0.0,-0.0,0.0,2.7184166902131945e+23,0,0,0,0,0.0,0,0,0,0,0,0,0,0,0,0,0,0,0,0,0,0,0,0,0,0,0,0,0,0,0,0,0,0,0,0,0,0,0,10,37,37,47,65476,409,65476,1,0,4,21553,0.0,2.7183305813883192e+23,-0.001,0.0,0.0,0.0,0.0,0.0,0.0,0.0,0.0,0.0,0.0,0.0,0.0,0.0,0.0,0.0,0.0,0.0,0.0,2.004,-0.0,-0.0,-0.0,-2.004,0.0,0.0,0.0,0.0,6536.0,0.0,0.0,2.718442270659078e+23,-0.0,-107616232.0,-107616280.0,0.0,0.0,2.004,2.004,224,89220.57,-0.0,0.0,0.0,0.0,0.0,0.0,0.0,0.0,0,0,0,-0.0,-0.0,0.0,-0.0,21.533,5.3807141054997505e+35,-0.638,-0.0,0.0,-2.007150560021368e+19,-0.0,72332.32,0.0,0.0,0.0,32287.619,0,1.3516416376850534e+27,224,0.0,448,-0.0,-1814070400.0,2114,26215,17110,13107,17112,13107,17095,0,0,0,101,100,100,2.730233054771504e+23,63.55,0.0,64.0,0.0,64.0,1,49,50,180,0,13107,0,0,0.0,0.0,0.0,60.0,-0.0,70.5,0.0,-3.518555062785802e+17,0.0,1070,0,1071,0,0,0,1071,0,1081,0,996,0,640,0,641,0,636,0,675,0.032,6.382573449503505e+21,-2.004,0.0,36752,16812,-0.0,-3.518555062785802e+17,0.0,4.836590858006178e+20,-5.812752639622901e+27,-0.0,50.0,60.0,35,0.0,0.0,10.0,2.0,0.0,0.0,0.0,0.0,0.0,0.0,0.0,0.0,0.0,0.0,0.0,0.0,58.8,21,38,5,27,65476,410,65476,1,0,4,20529,65476,0,0,30147,60.0,0.0,10.0,10.0,2.0,0.0
2026-02-16T12:08:15,ERR,ERR,ERR,ERR,ERR,ERR,ERR,ERR,ERR,ERR,ERR,ERR,ERR,ERR,ERR,ERR,ERR,ERR,ERR,ERR,ERR,ERR,ERR,ERR,ERR,ERR,ERR,ERR,ERR,ERR,ERR,ERR,ERR,ERR,ERR,ERR,ERR,ERR,ERR,ERR,ERR,ERR,ERR,ERR,ERR,ERR,ERR,ERR,ERR,ERR,ERR,ERR,ERR,ERR,ERR,ERR,ERR,ERR,ERR,ERR,ERR,ERR,ERR,ERR,ERR,ERR,ERR,ERR,ERR,ERR,ERR,ERR,ERR,ERR,ERR,ERR,ERR,ERR,ERR,ERR,ERR,ERR,ERR,ERR,ERR,ERR,ERR,ERR,ERR,ERR,ERR,ERR,ERR,ERR,ERR,ERR,ERR,ERR,ERR,ERR,ERR,ERR,ERR,ERR,ERR,ERR,ERR,ERR,ERR,ERR,ERR,ERR,ERR,ERR,ERR,ERR,ERR,ERR,ERR,ERR,ERR,ERR,ERR,ERR,ERR,2.718442270659078e+23,-0.0,-0.0,-0.0,4.160414724153587e+31,0.0,-0.0,-44352.078,4300,0,8,17171,4300,-0.0,39,0.0,0.0,-0.0,0.0,2.7184166902131945e+23,0,0,0,0,0.0,0,0,0,0,0,0,0,0,0,0,0,0,0,0,0,0,0,0,0,0,0,0,0,0,0,0,0,0,0,0,0,0,0,10,37,37,47,65476,409,65476,1,0,4,21553,0.0,2.7183305813883192e+23,-0.001,0.0,0.0,0.0,0.0,0.0,0.0,0.0,0.0,0.0,0.0,0.0,0.0,0.0,0.0,0.0,0.0,0.0,0.0,2.004,-0.0,-0.0,-0.0,-2.004,0.0,0.0,0.0,0.0,6536.0,0.0,0.0,2.718442270659078e+23,-0.0,-107616232.0,-107616280.0,0.0,0.0,2.004,2.004,224,89220.57,-0.0,0.0,0.0,0.0,0.0,0.0,0.0,0.0,0,0,0,-0.0,-0.0,0.0,-0.0,21.533,5.3807141054997505e+35,-0.638,-0.0,0.0,-2.007150560021368e+19,-0.0,72332.32,0.0,0.0,0.0,32287.619,0,1.3516416376850534e+27,224,0.0,448,-0.0,-1814070400.0,2114,13107,17110,13107,17112,13107,17095,0,0,0,101,100,100,2.730233054771504e+23,63.55,0.0,64.0,0.0,64.0,1,49,50,180,0,13107,0,0,0.0,0.0,0.0,60.0,-0.0,70.5,0.0,0.0,0.0,1070,0,1071,0,0,0,1072,0,1081,0,996,0,640,0,641,0,636,0,675,0.032,7.968993439842526e+21,-2.004,0.0,32656,16812,-0.0,-0.0,-1.3109544574404579e+38,2.2060461733597733e+30,-0.0,-0.0,50.0,60.0,35,0.0,0.0,10.0,2.0,0.0,0.0,0.0,0.0,0.0,0.0,0.0,0.0,0.0,0.0,0.0,0.0,58.8,21,38,5,27,65476,410,65476,1,0,4,20529,65476,0,0,30147,60.0,0.0,10.0,10.0,2.0,0.0
2026-02-16T12:08:16,ERR,ERR,ERR,ERR,ERR,ERR,ERR,ERR,ERR,ERR,ERR,ERR,ERR,ERR,ERR,ERR,ERR,ERR,ERR,ERR,ERR,ERR,ERR,ERR,ERR,ERR,ERR,ERR,ERR,ERR,ERR,ERR,ERR,ERR,ERR,ERR,ERR,ERR,ERR,ERR,ERR,ERR,ERR,ERR,ERR,ERR,ERR,ERR,ERR,ERR,ERR,ERR,ERR,ERR,ERR,ERR,ERR,ERR,ERR,ERR,ERR,ERR,ERR,ERR,ERR,ERR,ERR,ERR,ERR,ERR,ERR,ERR,ERR,ERR,ERR,ERR,ERR,ERR,ERR,ERR,ERR,ERR,ERR,ERR,ERR,ERR,ERR,ERR,ERR,ERR,ERR,ERR,ERR,ERR,ERR,ERR,ERR,ERR,ERR,ERR,ERR,ERR,ERR,ERR,ERR,ERR,ERR,ERR,ERR,ERR,ERR,ERR,ERR,ERR,ERR,ERR,ERR,ERR,ERR,ERR,ERR,ERR,ERR,ERR,ERR,2.718442270659078e+23,-0.0,-0.0,-0.0,4.160414724153587e+31,0.0,-0.0,-44352.078,4300,0,8,17171,4300,-0.0,39,0.0,0.0,-0.0,0.0,2.7184166902131945e+23,0,0,0,0,0.0,0,0,0,0,0,0,0,0,0,0,0,0,0,0,0,0,0,0,0,0,0,0,0,0,0,0,0,0,0,0,0,0,0,10,37,37,47,65476,409,65476,1,0,4,21553,0.0,2.7183305813883192e+23,-0.001,0.0,0.0,0.0,0.0,0.0,0.0,0.0,0.0,0.0,0.0,0.0,0.0,0.0,0.0,0.0,0.0,0.0,0.0,2.004,-0.0,-0.0,-0.0,-2.004,0.0,0.0,0.0,0.0,6536.0,0.0,0.0,2.718442270659078e+23,-0.0,-107616232.0,-107616280.0,0.0,0.0,2.004,2.004,224,89220.57,-0.0,0.0,0.0,0.0,0.0,0.0,0.0,0.0,0,0,0,-0.0,-0.0,0.0,-0.0,21.533,5.3807141054997505e+35,-0.638,-0.0,0.0,-2.007150560021368e+19,-0.0,72332.32,0.0,0.0,0.0,32287.619,0,1.3516416376850534e+27,224,0.0,448,-0.0,-1814070400.0,2114,13107,17110,13107,17112,13107,17095,0,0,0,101,100,100,2.730233054771504e+23,63.55,0.0,64.0,0.0,64.0,1,49,50,180,0,13107,0,0,0.0,0.0,0.0,60.0,-0.0,70.5,0.0,0.0,0.0,1070,0,1071,0,0,0,1072,0,1081,0,996,0,640,0,641,0,636,0,675,0.032,7.968993439842526e+21,-2.004,0.0,32656,16812,-0.0,-0.0,-1.3109544574404579e+38,2.2060461733597733e+30,-0.0,-0.0,50.0,60.0,35,0.0,0.0,10.0,2.0,0.0,0.0,0.0,0.0,0.0,0.0,0.0,0.0,0.0,0.0,0.0,0.0,58.8,22,38,5,27,65476,410,65476,1,0,4,20529,65476,0,0,30147,60.0,0.0,10.0,10.0,2.0,0.0
2026-02-16T12:08:17,ERR,ERR,ERR,ERR,ERR,ERR,ERR,ERR,ERR,ERR,ERR,ERR,ERR,ERR,ERR,ERR,ERR,ERR,ERR,ERR,ERR,ERR,ERR,ERR,ERR,ERR,ERR,ERR,ERR,ERR,ERR,ERR,ERR,ERR,ERR,ERR,ERR,ERR,ERR,ERR,ERR,ERR,ERR,ERR,ERR,ERR,ERR,ERR,ERR,ERR,ERR,ERR,ERR,ERR,ERR,ERR,ERR,ERR,ERR,ERR,ERR,ERR,ERR,ERR,ERR,ERR,ERR,ERR,ERR,ERR,ERR,ERR,ERR,ERR,ERR,ERR,ERR,ERR,ERR,ERR,ERR,ERR,ERR,ERR,ERR,ERR,ERR,ERR,ERR,ERR,ERR,ERR,ERR,ERR,ERR,ERR,ERR,ERR,ERR,ERR,ERR,ERR,ERR,ERR,ERR,ERR,ERR,ERR,ERR,ERR,ERR,ERR,ERR,ERR,ERR,ERR,ERR,ERR,ERR,ERR,ERR,ERR,ERR,ERR,ERR,2.718442270659078e+23,-0.0,-0.0,-0.0,4.160414724153587e+31,0.0,-0.0,-44352.078,4300,0,8,17171,4300,-0.0,39,0.0,0.0,-0.0,0.0,2.7184166902131945e+23,0,0,0,0,0.0,0,0,0,0,0,0,0,0,0,0,0,0,0,0,0,0,0,0,0,0,0,0,0,0,0,0,0,0,0,0,0,0,0,10,37,37,47,65476,409,65476,1,0,4,21553,0.0,2.7183305813883192e+23,-0.001,0.0,0.0,0.0,0.0,0.0,0.0,0.0,0.0,0.0,0.0,0.0,0.0,0.0,0.0,0.0,0.0,0.0,0.0,2.004,-0.0,-0.0,-0.0,-2.004,0.0,0.0,0.0,0.0,6536.0,0.0,0.0,2.718442270659078e+23,-0.0,-107616232.0,-107616280.0,0.0,0.0,2.004,2.004,224,89220.57,-0.0,0.0,0.0,0.0,0.0,0.0,0.0,0.0,0,0,0,-0.0,-0.0,0.0,-0.0,21.533,5.3807141054997505e+35,-0.638,-0.0,0.0,-2.007150560021368e+19,-0.0,72332.32,0.0,0.0,0.0,32287.619,0,1.3516416376850534e+27,224,0.0,448,-0.0,-1814070400.0,2114,13107,17110,13107,17112,13107,17095,0,0,0,101,100,100,2.730233054771504e+23,63.55,0.0,64.0,0.0,64.0,1,49,50,180,0,13107,0,0,0.0,0.0,0.0,60.0,-0.0,70.5,0.0,0.0,0.0,1070,0,1071,0,0,0,1072,0,1081,0,996,0,640,0,641,0,636,0,675,0.032,7.968993439842526e+21,-2.004,0.0,32656,16812,-0.0,-0.0,-1.3109544574404579e+38,2.2060461733597733e+30,-0.0,-0.0,50.0,60.0,35,0.0,0.0,10.0,2.0,0.0,0.0,0.0,0.0,0.0,0.0,0.0,0.0,0.0,0.0,0.0,0.0,58.8,22,38,5,27,65476,410,65476,1,0,4,20529,65476,0,0,30147,60.0,0.0,10.0,10.0,2.0,0.0
2026-02-16T12:08:18,ERR,ERR,ERR,ERR,ERR,ERR,ERR,ERR,ERR,ERR,ERR,ERR,ERR,ERR,ERR,ERR,ERR,ERR,ERR,ERR,ERR,ERR,ERR,ERR,ERR,ERR,ERR,ERR,ERR,ERR,ERR,ERR,ERR,ERR,ERR,ERR,ERR,ERR,ERR,ERR,ERR,ERR,ERR,ERR,ERR,ERR,ERR,ERR,ERR,ERR,ERR,ERR,ERR,ERR,ERR,ERR,ERR,ERR,ERR,ERR,ERR,ERR,ERR,ERR,ERR,ERR,ERR,ERR,ERR,ERR,ERR,ERR,ERR,ERR,ERR,ERR,ERR,ERR,ERR,ERR,ERR,ERR,ERR,ERR,ERR,ERR,ERR,ERR,ERR,ERR,ERR,ERR,ERR,ERR,ERR,ERR,ERR,ERR,ERR,ERR,ERR,ERR,ERR,ERR,ERR,ERR,ERR,ERR,ERR,ERR,ERR,ERR,ERR,ERR,ERR,ERR,ERR,ERR,ERR,ERR,ERR,ERR,ERR,ERR,ERR,2.718442270659078e+23,-0.0,-0.0,-0.0,4.160414724153587e+31,0.0,-0.0,-44352.078,4300,0,8,17171,4300,-0.0,39,0.0,0.0,-0.0,0.0,2.7184166902131945e+23,0,0,0,0,0.0,0,0,0,0,0,0,0,0,0,0,0,0,0,0,0,0,0,0,0,0,0,0,0,0,0,0,0,0,0,0,0,0,0,10,37,37,47,65476,409,65476,1,0,4,21553,0.0,2.7183305813883192e+23,-0.001,0.0,0.0,0.0,0.0,0.0,0.0,0.0,0.0,0.0,0.0,0.0,0.0,0.0,0.0,0.0,0.0,0.0,0.0,2.004,-0.0,-0.0,-0.0,-2.004,0.0,0.0,0.0,0.0,6536.0,0.0,0.0,2.718442270659078e+23,-0.0,-107616232.0,-107616280.0,0.0,0.0,2.004,2.004,224,89220.57,-0.0,0.0,0.0,0.0,0.0,0.0,0.0,0.0,0,0,0,-0.0,-0.0,0.0,-0.0,21.533,5.3807141054997505e+35,-0.638,-0.0,0.0,-2.007150560021368e+19,-0.0,72332.32,0.0,0.0,0.0,32287.619,0,1.3516416376850534e+27,224,0.0,448,-0.0,-1814070400.0,2114,13107,17110,13107,17112,13107,17095,0,0,0,101,100,100,-107615216.0,63.55,0.0,64.0,0.0,64.0,1,49,50,180,0,13107,0,0,0.0,0.0,0.0,60.0,-0.0,70.5,0.0,-0.0,0.0,1070,0,1071,0,0,0,1072,0,1081,0,996,0,640,0,641,0,637,0,675,0.032,7.083549724304468e+21,-2.004,0.0,52368,16812,-0.0,-0.0,-2.235939569100374e+35,-4.2751010560265526e+21,-0.0,-0.0,50.0,60.0,35,0.0,0.0,10.0,2.0,0.0,0.0,0.0,0.0,0.0,0.0,0.0,0.0,0.0,0.0,0.0,0.0,58.8,24,36,3,27,65476,429,65476,1,0,4,20529,65476,0,0,30147,60.0,0.0,10.0,10.0,2.0,0.0
2026-02-16T12:08:19,ERR,ERR,ERR,ERR,ERR,ERR,ERR,ERR,ERR,ERR,ERR,ERR,ERR,ERR,ERR,ERR,ERR,ERR,ERR,ERR,ERR,ERR,ERR,ERR,ERR,ERR,ERR,ERR,ERR,ERR,ERR,ERR,ERR,ERR,ERR,ERR,ERR,ERR,ERR,ERR,ERR,ERR,ERR,ERR,ERR,ERR,ERR,ERR,ERR,ERR,ERR,ERR,ERR,ERR,ERR,ERR,ERR,ERR,ERR,ERR,ERR,ERR,ERR,ERR,ERR,ERR,ERR,ERR,ERR,ERR,ERR,ERR,ERR,ERR,ERR,ERR,ERR,ERR,ERR,ERR,ERR,ERR,ERR,ERR,ERR,ERR,ERR,ERR,ERR,ERR,ERR,ERR,ERR,ERR,ERR,ERR,ERR,ERR,ERR,ERR,ERR,ERR,ERR,ERR,ERR,ERR,ERR,ERR,ERR,ERR,ERR,ERR,ERR,ERR,ERR,ERR,ERR,ERR,ERR,ERR,ERR,ERR,ERR,ERR,ERR,2.718442270659078e+23,-0.0,-0.0,-0.0,4.160414724153587e+31,-2.8923399437708968e+34,0.0,nan,4300,0,8,17171,4300,-0.0,39,0.0,0.0,-0.0,0.0,2.7184166902131945e+23,0,0,0,0,0.0,0,0,0,0,0,0,0,0,0,0,0,0,0,0,0,0,0,0,0,0,0,0,0,0,0,0,0,0,0,0,0,0,0,10,37,37,47,65476,409,65476,1,0,4,21553,0.0,0.0,-0.0,0.0,0.0,0.0,0.0,0.0,0.0,0.0,0.0,0.0,0.0,0.0,0.0,0.0,0.0,0.0,0.0,0.0,0.0,2.004,-0.0,-0.0,-0.0,-2.004,0.0,0.0,0.0,0.0,6504.0,8608230400.0,0.0,2.718442270659078e+23,-0.0,-107616232.0,-107616280.0,0.0,0.0,2.004,2.004,223,126840545280.0,0.0,0.0,0.0,0.0,0.0,0.0,0.0,0.0,0,0,0,-0.0,1.7780415972425786e+24,0.0,-8.512081472172065e+18,5064.43,2.0815588831146835e+33,0.131,0.0,3.293808357718098e+17,-2.1945003045199806e+19,-0.0,78476.32,0.0,0.0,0.0,6.354793558152023e+21,0,1.3516416376850534e+27,223,0.0,446,0.0,-0.0,2114,13107,17110,13107,17112,13107,17095,0,0,0,101,100,100,-107615216.0,63.55,0.0,64.0,0.0,64.0,1,49,50,180,0,13107,0,0,0.0,0.0,0.0,60.0,-0.0,70.5,0.0,-0.0,0.0,1070,0,1071,0,0,0,1072,0,1081,0,996,0,640,0,641,0,637,0,675,0.032,7.083549724304468e+21,-2.004,0.0,52368,16812,-0.0,-0.0,-2.235939569100374e+35,-4.2751010560265526e+21,-0.0,-0.0,50.0,60.0,35,0.0,0.0,10.0,2.0,0.0,0.0,0.0,0.0,0.0,0.0,0.0,0.0,0.0,0.0,0.0,0.0,59.2,26,34,1,27,65476,497,65476,1,0,4,20529,65476,0,0,30147,60.0,0.0,10.0,10.0,2.0,0.0
2026-02-16T12:08:20,ERR,ERR,ERR,ERR,ERR,ERR,ERR,ERR,ERR,ERR,ERR,ERR,ERR,ERR,ERR,ERR,ERR,ERR,ERR,ERR,ERR,ERR,ERR,ERR,ERR,ERR,ERR,ERR,ERR,ERR,ERR,ERR,ERR,ERR,ERR,ERR,ERR,ERR,ERR,ERR,ERR,ERR,ERR,ERR,ERR,ERR,ERR,ERR,ERR,ERR,ERR,ERR,ERR,ERR,ERR,ERR,ERR,ERR,ERR,ERR,ERR,ERR,ERR,ERR,ERR,ERR,ERR,ERR,ERR,ERR,ERR,ERR,ERR,ERR,ERR,ERR,ERR,ERR,ERR,ERR,ERR,ERR,ERR,ERR,ERR,ERR,ERR,ERR,ERR,ERR,ERR,ERR,ERR,ERR,ERR,ERR,ERR,ERR,ERR,ERR,ERR,ERR,ERR,ERR,ERR,ERR,ERR,ERR,ERR,ERR,ERR,ERR,ERR,ERR,ERR,ERR,ERR,ERR,ERR,ERR,ERR,ERR,ERR,ERR,ERR,2.718442270659078e+23,-0.0,-0.0,-0.0,4.160414724153587e+31,-2.8923399437708968e+34,0.0,nan,4300,0,8,17171,4300,-0.0,39,0.0,0.0,-0.0,0.0,2.7184166902131945e+23,0,0,0,0,0.0,0,0,0,0,0,0,0,0,0,0,0,0,0,0,0,0,0,0,0,0,0,0,0,0,0,0,0,0,0,0,0,0,0,10,37,37,47,65476,409,65476,1,0,4,21553,0.0,0.0,-0.0,0.0,0.0,0.0,0.0,0.0,0.0,0.0,0.0,0.0,0.0,0.0,0.0,0.0,0.0,0.0,0.0,0.0,0.0,2.004,-0.0,-0.0,-0.0,-2.004,0.0,0.0,0.0,0.0,6504.0,8608230400.0,0.0,2.718442270659078e+23,-0.0,-107616232.0,-107616280.0,0.0,0.0,2.004,2.004,223,126840545280.0,0.0,0.0,0.0,0.0,0.0,0.0,0.0,0.0,0,0,0,-0.0,1.7780415972425786e+24,0.0,-8.512081472172065e+18,5064.43,2.0815588831146835e+33,0.131,0.0,3.293808357718098e+17,-2.1945003045199806e+19,-0.0,78476.32,0.0,0.0,0.0,6.354793558152023e+21,0,1.3516416376850534e+27,223,0.0,446,0.0,-0.0,2114,13107,17110,13107,17112,13107,17095,0,0,0,101,100,100,-107615216.0,63.55,0.0,64.0,0.0,64.0,1,49,50,180,0,13107,0,0,0.0,0.0,0.0,60.0,-0.0,70.5,0.0,-0.0,0.0,1070,0,1071,0,0,0,1072,0,1081,0,996,0,640,0,641,0,637,0,675,0.032,7.083549724304468e+21,-2.004,0.0,52368,16812,-0.0,-0.0,-2.235939569100374e+35,-4.2751010560265526e+21,-0.0,-0.0,50.0,60.0,35,0.0,0.0,10.0,2.0,0.0,0.0,0.0,0.0,0.0,0.0,0.0,0.0,0.0,0.0,0.0,0.0,59.2,26,34,1,27,65476,497,65476,1,0,4,20529,65476,0,0,30147,60.0,0.0,10.0,10.0,2.0,0.0
2026-02-16T12:08:21,ERR,ERR,ERR,ERR,ERR,ERR,ERR,ERR,ERR,ERR,ERR,ERR,ERR,ERR,ERR,ERR,ERR,ERR,ERR,ERR,ERR,ERR,ERR,ERR,ERR,ERR,ERR,ERR,ERR,ERR,ERR,ERR,ERR,ERR,ERR,ERR,ERR,ERR,ERR,ERR,ERR,ERR,ERR,ERR,ERR,ERR,ERR,ERR,ERR,ERR,ERR,ERR,ERR,ERR,ERR,ERR,ERR,ERR,ERR,ERR,ERR,ERR,ERR,ERR,ERR,ERR,ERR,ERR,ERR,ERR,ERR,ERR,ERR,ERR,ERR,ERR,ERR,ERR,ERR,ERR,ERR,ERR,ERR,ERR,ERR,ERR,ERR,ERR,ERR,ERR,ERR,ERR,ERR,ERR,ERR,ERR,ERR,ERR,ERR,ERR,ERR,ERR,ERR,ERR,ERR,ERR,ERR,ERR,ERR,ERR,ERR,ERR,ERR,ERR,ERR,ERR,ERR,ERR,ERR,ERR,ERR,ERR,ERR,ERR,ERR,2.718442270659078e+23,-0.0,-0.0,-0.0,4.160414724153587e+31,-2.8923399437708968e+34,0.0,nan,4300,0,8,17171,4300,-0.0,39,0.0,0.0,-0.0,0.0,2.7184166902131945e+23,0,0,0,0,0.0,0,0,0,0,0,0,0,0,0,0,0,0,0,0,0,0,0,0,0,0,0,0,0,0,0,0,0,0,0,0,0,0,0,10,37,37,47,65476,409,65476,1,0,4,21553,0.0,0.0,-0.0,0.0,0.0,0.0,0.0,0.0,0.0,0.0,0.0,0.0,0.0,0.0,0.0,0.0,0.0,0.0,0.0,0.0,0.0,2.004,-0.0,-0.0,-0.0,-2.004,0.0,0.0,0.0,0.0,6504.0,8608230400.0,0.0,2.718442270659078e+23,-0.0,-107616232.0,-107616280.0,0.0,0.0,2.004,2.004,223,126840545280.0,0.0,0.0,0.0,0.0,0.0,0.0,0.0,0.0,0,0,0,-0.0,1.7780415972425786e+24,0.0,-8.512081472172065e+18,5064.43,2.0815588831146835e+33,0.131,0.0,3.293808357718098e+17,-2.1945003045199806e+19,-0.0,78476.32,0.0,0.0,0.0,6.354793558152023e+21,0,1.3516416376850534e+27,223,0.0,446,0.0,-0.0,2114,13107,17110,13107,17112,13107,17095,0,0,0,101,100,100,-107615216.0,63.55,0.0,64.0,0.0,64.0,1,49,50,180,0,13107,0,0,0.0,0.0,0.0,60.0,-0.0,70.5,0.0,-0.0,0.0,1070,0,1071,0,0,0,1072,0,1081,0,996,0,640,0,641,0,637,0,675,0.032,7.083549724304468e+21,-2.004,0.0,52368,16812,-0.0,-0.0,-2.235939569100374e+35,-4.2751010560265526e+21,-0.0,-0.0,50.0,60.0,35,0.0,0.0,10.0,2.0,0.0,0.0,0.0,0.0,0.0,0.0,0.0,0.0,0.0,0.0,0.0,0.0,59.2,27,32,0,27,65476,497,65476,1,0,4,20529,65476,0,0,30147,60.0,0.0,10.0,10.0,2.0,0.0
2026-02-16T12:08:22,ERR,ERR,ERR,ERR,ERR,ERR,ERR,ERR,ERR,ERR,ERR,ERR,ERR,ERR,ERR,ERR,ERR,ERR,ERR,ERR,ERR,ERR,ERR,ERR,ERR,ERR,ERR,ERR,ERR,ERR,ERR,ERR,ERR,ERR,ERR,ERR,ERR,ERR,ERR,ERR,ERR,ERR,ERR,ERR,ERR,ERR,ERR,ERR,ERR,ERR,ERR,ERR,ERR,ERR,ERR,ERR,ERR,ERR,ERR,ERR,ERR,ERR,ERR,ERR,ERR,ERR,ERR,ERR,ERR,ERR,ERR,ERR,ERR,ERR,ERR,ERR,ERR,ERR,ERR,ERR,ERR,ERR,ERR,ERR,ERR,ERR,ERR,ERR,ERR,ERR,ERR,ERR,ERR,ERR,ERR,ERR,ERR,ERR,ERR,ERR,ERR,ERR,ERR,ERR,ERR,ERR,ERR,ERR,ERR,ERR,ERR,ERR,ERR,ERR,ERR,ERR,ERR,ERR,ERR,ERR,ERR,ERR,ERR,ERR,ERR,2.718442270659078e+23,-0.0,-0.0,-0.0,4.160414724153587e+31,-2.8923399437708968e+34,0.0,nan,4300,0,8,17171,4300,-0.0,39,0.0,0.0,-0.0,0.0,2.7184166902131945e+23,0,0,0,0,0.0,0,0,0,0,0,0,0,0,0,0,0,0,0,0,0,0,0,0,0,0,0,0,0,0,0,0,0,0,0,0,0,0,0,10,37,37,47,65476,409,65476,1,0,4,21553,0.0,0.0,-0.0,0.0,0.0,0.0,0.0,0.0,0.0,0.0,0.0,0.0,0.0,0.0,0.0,0.0,0.0,0.0,0.0,0.0,0.0,2.004,-0.0,-0.0,-0.0,-2.004,0.0,0.0,0.0,0.0,6504.0,8608230400.0,0.0,2.718442270659078e+23,-0.0,-107616232.0,-107616280.0,0.0,0.0,2.004,2.004,223,126840545280.0,0.0,0.0,0.0,0.0,0.0,0.0,0.0,0.0,0,0,0,-0.0,1.7780415972425786e+24,0.0,-8.512081472172065e+18,5064.43,2.0815588831146835e+33,0.131,0.0,3.293808357718098e+17,-2.1945003045199806e+19,-0.0,78476.32,0.0,0.0,0.0,6.354793558152023e+21,0,1.3516416376850534e+27,223,0.0,446,0.0,-0.0,2114,13107,17110,13107,17112,13107,17095,0,0,0,101,100,100,-107615216.0,63.55,0.0,64.0,0.0,64.0,1,49,50,180,0,13107,0,0,0.0,0.0,0.0,60.0,-2676.159,70.5,0.0,1.7591309463784529e+24,0.0,1070,0,1071,0,0,0,1071,0,1081,0,996,0,640,0,641,0,637,0,676,0.032,6.788401819125115e+21,-2.004,0.0,48656,16812,-2676.159,1.7591309463784529e+24,0.0,-0.0,-2363492.5,-0.0,50.0,60.0,35,0.0,0.0,10.0,2.0,0.0,0.0,0.0,0.0,0.0,0.0,0.0,0.0,0.0,0.0,0.0,0.0,59.2,27,32,0,27,65476,497,65476,1,0,4,20529,65476,0,0,30147,60.0,0.0,10.0,10.0,2.0,0.0
2026-02-16T12:08:23,ERR,ERR,ERR,ERR,ERR,ERR,ERR,ERR,ERR,ERR,ERR,ERR,ERR,ERR,ERR,ERR,ERR,ERR,ERR,ERR,ERR,ERR,ERR,ERR,ERR,ERR,ERR,ERR,ERR,ERR,ERR,ERR,ERR,ERR,ERR,ERR,ERR,ERR,ERR,ERR,ERR,ERR,ERR,ERR,ERR,ERR,ERR,ERR,ERR,ERR,ERR,ERR,ERR,ERR,ERR,ERR,ERR,ERR,ERR,ERR,ERR,ERR,ERR,ERR,ERR,ERR,ERR,ERR,ERR,ERR,ERR,ERR,ERR,ERR,ERR,ERR,ERR,ERR,ERR,ERR,ERR,ERR,ERR,ERR,ERR,ERR,ERR,ERR,ERR,ERR,ERR,ERR,ERR,ERR,ERR,ERR,ERR,ERR,ERR,ERR,ERR,ERR,ERR,ERR,ERR,ERR,ERR,ERR,ERR,ERR,ERR,ERR,ERR,ERR,ERR,ERR,ERR,ERR,ERR,ERR,ERR,ERR,ERR,ERR,ERR,2.718442270659078e+23,-0.0,-0.0,-0.0,4.160414724153587e+31,-2.8923399437708968e+34,0.0,nan,4300,0,8,17171,4300,-0.0,39,0.0,0.0,-0.0,0.0,2.7184166902131945e+23,0,0,0,0,0.0,0,0,0,0,0,0,0,0,0,0,0,0,0,0,0,0,0,0,0,0,0,0,0,0,0,0,0,0,0,0,0,0,0,10,37,37,47,65476,409,65476,1,0,4,21553,0.0,0.0,-0.0,0.0,0.0,0.0,0.0,0.0,0.0,0.0,0.0,0.0,0.0,0.0,0.0,0.0,0.0,0.0,0.0,0.0,0.0,2.004,-0.0,-0.0,-0.0,-2.004,0.0,0.0,0.0,0.0,6504.0,8608230400.0,0.0,2.718442270659078e+23,-0.0,-107616232.0,-107616280.0,0.0,0.0,2.004,2.004,223,126840545280.0,0.0,0.0,0.0,0.0,0.0,0.0,0.0,0.0,0,0,0,-0.0,1.7780415972425786e+24,0.0,-8.512081472172065e+18,5064.43,2.0815588831146835e+33,0.131,0.0,3.293808357718098e+17,-2.1945003045199806e+19,-0.0,78476.32,0.0,0.0,0.0,6.354793558152023e+21,0,1.3516416376850534e+27,223,0.0,446,0.0,-0.0,2114,13107,17110,13107,17112,13107,17095,0,0,0,101,100,100,-107615216.0,63.55,0.0,64.0,0.0,64.0,1,49,50,180,0,13107,0,0,0.0,0.0,0.0,60.0,-2676.159,70.5,0.0,1.7591309463784529e+24,0.0,1070,0,1071,0,0,0,1071,0,1081,0,996,0,640,0,641,0,637,0,676,0.032,6.788401819125115e+21,-2.004,0.0,48656,16812,-2676.159,1.7591309463784529e+24,0.0,-0.0,-2363492.5,-0.0,50.0,60.0,35,0.0,0.0,10.0,2.0,0.0,0.0,0.0,0.0,0.0,0.0,0.0,0.0,0.0,0.0,0.0,0.0,58.8,30,30,65533,27,65476,575,65476,1,0,4,20529,65476,0,0,30147,60.0,0.0,10.0,10.0,2.0,0.0
2026-02-16T12:08:24,ERR,ERR,ERR,ERR,ERR,ERR,ERR,ERR,ERR,ERR,ERR,ERR,ERR,ERR,ERR,ERR,ERR,ERR,ERR,ERR,ERR,ERR,ERR,ERR,ERR,ERR,ERR,ERR,ERR,ERR,ERR,ERR,ERR,ERR,ERR,ERR,ERR,ERR,ERR,ERR,ERR,ERR,ERR,ERR,ERR,ERR,ERR,ERR,ERR,ERR,ERR,ERR,ERR,ERR,ERR,ERR,ERR,ERR,ERR,ERR,ERR,ERR,ERR,ERR,ERR,ERR,ERR,ERR,ERR,ERR,ERR,ERR,ERR,ERR,ERR,ERR,ERR,ERR,ERR,ERR,ERR,ERR,ERR,ERR,ERR,ERR,ERR,ERR,ERR,ERR,ERR,ERR,ERR,ERR,ERR,ERR,ERR,ERR,ERR,ERR,ERR,ERR,ERR,ERR,ERR,ERR,ERR,ERR,ERR,ERR,ERR,ERR,ERR,ERR,ERR,ERR,ERR,ERR,ERR,ERR,ERR,ERR,ERR,ERR,ERR,2.718442270659078e+23,-0.0,-0.0,-0.0,4.160414724153587e+31,-7.477,-1023392808960.0,0.0,4300,0,8,17171,4300,-0.0,39,0.0,0.0,-0.0,0.0,2.7184166902131945e+23,0,0,0,0,0.0,0,0,0,0,0,0,0,0,0,0,0,0,0,0,0,0,0,0,0,0,0,0,0,0,0,0,0,0,0,0,0,0,0,10,37,37,47,65476,409,65476,1,0,4,21553,0.0,-0.0,-3204.132,0.0,0.0,0.0,0.0,0.0,0.0,0.0,0.0,0.0,0.0,0.0,0.0,0.0,0.0,0.0,0.0,0.0,0.0,2.004,-0.0,-0.0,-0.0,-0.0,0.0,0.0,0.0,0.0,6475.0,-8608229376.0,0.0,2.718442270659078e+23,-0.0,0.0,-0.0,0.0,0.0,2.004,2.004,223,1.9056860945658675e+17,-0.059,0.0,0.0,0.0,0.0,0.0,0.0,0.0,0,0,0,-0.0,-0.0,0.0,0.005,52415627264.0,-0.0,-0.002,134364561408.0,-3.145666703085745e+19,-2.3674385302110077e+19,-0.0,84620.32,0.0,0.0,0.0,8.842937468546e+34,0,1.3516416376850534e+27,223,0.0,446,-74360974999552.0,4.538271724008914e+24,2114,13107,17110,13107,17112,13107,17095,0,0,0,101,100,100,-107615216.0,63.55,0.0,64.0,0.0,64.0,1,49,50,180,0,13107,0,0,0.0,0.0,0.0,60.0,-2676.159,70.5,0.0,1.7591309463784529e+24,0.0,1070,0,1071,0,0,0,1071,0,1081,0,996,0,640,0,641,0,637,0,676,0.032,6.788401819125115e+21,-2.004,0.0,48656,16812,-2676.159,1.7591309463784529e+24,0.0,-0.0,-2363492.5,-0.0,50.0,60.0,35,0.0,0.0,10.0,2.0,0.0,0.0,0.0,0.0,0.0,0.0,0.0,0.0,0.0,0.0,0.0,0.0,58.8,31,29,65532,27,65476,575,65476,1,0,4,20529,65476,0,0,30147,60.0,0.0,10.0,10.0,2.0,0.0
2026-02-16T12:08:25,ERR,ERR,ERR,ERR,ERR,ERR,ERR,ERR,ERR,ERR,ERR,ERR,ERR,ERR,ERR,ERR,ERR,ERR,ERR,ERR,ERR,ERR,ERR,ERR,ERR,ERR,ERR,ERR,ERR,ERR,ERR,ERR,ERR,ERR,ERR,ERR,ERR,ERR,ERR,ERR,ERR,ERR,ERR,ERR,ERR,ERR,ERR,ERR,ERR,ERR,ERR,ERR,ERR,ERR,ERR,ERR,ERR,ERR,ERR,ERR,ERR,ERR,ERR,ERR,ERR,ERR,ERR,ERR,ERR,ERR,ERR,ERR,ERR,ERR,ERR,ERR,ERR,ERR,ERR,ERR,ERR,ERR,ERR,ERR,ERR,ERR,ERR,ERR,ERR,ERR,ERR,ERR,ERR,ERR,ERR,ERR,ERR,ERR,ERR,ERR,ERR,ERR,ERR,ERR,ERR,ERR,ERR,ERR,ERR,ERR,ERR,ERR,ERR,ERR,ERR,ERR,ERR,ERR,ERR,ERR,ERR,ERR,ERR,ERR,ERR,2.718442270659078e+23,-0.0,-0.0,-0.0,4.160414724153587e+31,-7.477,-1023392808960.0,0.0,4300,0,8,17171,4300,-0.0,39,0.0,0.0,-0.0,0.0,2.7184166902131945e+23,0,0,0,0,0.0,0,0,0,0,0,0,0,0,0,0,0,0,0,0,0,0,0,0,0,0,0,0,0,0,0,0,0,0,0,0,0,0,0,10,37,37,47,65476,409,65476,1,0,4,21553,0.0,-0.0,-3204.132,0.0,0.0,0.0,0.0,0.0,0.0,0.0,0.0,0.0,0.0,0.0,0.0,0.0,0.0,0.0,0.0,0.0,0.0,2.004,-0.0,-0.0,-0.0,-0.0,0.0,0.0,0.0,0.0,6475.0,-8608229376.0,0.0,2.718442270659078e+23,-0.0,0.0,-0.0,0.0,0.0,2.004,2.004,223,1.9056860945658675e+17,-0.059,0.0,0.0,0.0,0.0,0.0,0.0,0.0,0,0,0,-0.0,-0.0,0.0,0.005,52415627264.0,-0.0,-0.002,134364561408.0,-3.145666703085745e+19,-2.3674385302110077e+19,-0.0,84620.32,0.0,0.0,0.0,8.842937468546e+34,0,1.3516416376850534e+27,223,0.0,446,-74360974999552.0,4.538271724008914e+24,2114,26215,17110,13107,17112,13107,17095,0,0,0,101,100,100,-107615216.0,63.55,0.0,64.0,0.0,64.0,1,49,50,180,0,13107,0,0,0.0,0.0,0.0,60.0,-0.0,70.5,0.0,-0.0,0.0,1070,0,1071,0,0,0,1072,0,1081,0,996,0,640,0,641,0,637,0,676,0.032,7.194230188746725e+21,0.0,0.0,32400,16812,-0.0,-0.0,0.0,2.6436803263536824e+18,-0.0,-0.02,50.0,60.0,35,0.0,0.0,10.0,2.0,0.0,0.0,0.0,0.0,0.0,0.0,0.0,0.0,0.0,0.0,0.0,0.0,58.8,31,29,65532,27,65476,575,65476,1,0,4,20529,65476,0,0,30147,60.0,0.0,10.0,10.0,2.0,0.0
2026-02-16T12:08:26,ERR,ERR,ERR,ERR,ERR,ERR,ERR,ERR,ERR,ERR,ERR,ERR,ERR,ERR,ERR,ERR,ERR,ERR,ERR,ERR,ERR,ERR,ERR,ERR,ERR,ERR,ERR,ERR,ERR,ERR,ERR,ERR,ERR,ERR,ERR,ERR,ERR,ERR,ERR,ERR,ERR,ERR,ERR,ERR,ERR,ERR,ERR,ERR,ERR,ERR,ERR,ERR,ERR,ERR,ERR,ERR,ERR,ERR,ERR,ERR,ERR,ERR,ERR,ERR,ERR,ERR,ERR,ERR,ERR,ERR,ERR,ERR,ERR,ERR,ERR,ERR,ERR,ERR,ERR,ERR,ERR,ERR,ERR,ERR,ERR,ERR,ERR,ERR,ERR,ERR,ERR,ERR,ERR,ERR,ERR,ERR,ERR,ERR,ERR,ERR,ERR,ERR,ERR,ERR,ERR,ERR,ERR,ERR,ERR,ERR,ERR,ERR,ERR,ERR,ERR,ERR,ERR,ERR,ERR,ERR,ERR,ERR,ERR,ERR,ERR,2.718442270659078e+23,-0.0,-0.0,-0.0,4.160414724153587e+31,-7.477,-1023392808960.0,0.0,4300,0,8,17171,4300,-0.0,39,0.0,0.0,-0.0,0.0,2.7184166902131945e+23,0,0,0,0,0.0,0,0,0,0,0,0,0,0,0,0,0,0,0,0,0,0,0,0,0,0,0,0,0,0,0,0,0,0,0,0,0,0,0,10,37,37,47,65476,409,65476,1,0,4,21553,0.0,-0.0,-3204.132,0.0,0.0,0.0,0.0,0.0,0.0,0.0,0.0,0.0,0.0,0.0,0.0,0.0,0.0,0.0,0.0,0.0,0.0,2.004,-0.0,-0.0,-0.0,-0.0,0.0,0.0,0.0,0.0,6475.0,-8608229376.0,0.0,2.718442270659078e+23,-0.0,0.0,-0.0,0.0,0.0,2.004,2.004,223,1.9056860945658675e+17,-0.059,0.0,0.0,0.0,0.0,0.0,0.0,0.0,0,0,0,-0.0,-0.0,0.0,0.005,52415627264.0,-0.0,-0.002,134364561408.0,-3.145666703085745e+19,-2.3674385302110077e+19,-0.0,84620.32,0.0,0.0,0.0,8.842937468546e+34,0,1.3516416376850534e+27,223,0.0,446,-74360974999552.0,4.538271724008914e+24,2114,26215,17110,13107,17112,13107,17095,0,0,0,101,100,100,-107615216.0,63.55,0.0,64.0,0.0,64.0,1,49,50,180,0,13107,0,0,0.0,0.0,0.0,60.0,-0.0,70.5,0.0,-0.0,0.0,1070,0,1071,0,0,0,1072,0,1081,0,996,0,640,0,641,0,637,0,676,0.032,7.194230188746725e+21,0.0,0.0,32400,16812,-0.0,-0.0,0.0,2.6436803263536824e+18,-0.0,-0.02,50.0,60.0,35,0.0,0.0,10.0,2.0,0.0,0.0,0.0,0.0,0.0,0.0,0.0,0.0,0.0,0.0,0.0,0.0,58.8,32,28,65531,27,65476,655,65476,1,0,4,20529,65476,0,0,30147,60.0,0.0,10.0,10.0,2.0,0.0
2026-02-16T12:08:27,ERR,ERR,ERR,ERR,ERR,ERR,ERR,ERR,ERR,ERR,ERR,ERR,ERR,ERR,ERR,ERR,ERR,ERR,ERR,ERR,ERR,ERR,ERR,ERR,ERR,ERR,ERR,ERR,ERR,ERR,ERR,ERR,ERR,ERR,ERR,ERR,ERR,ERR,ERR,ERR,ERR,ERR,ERR,ERR,ERR,ERR,ERR,ERR,ERR,ERR,ERR,ERR,ERR,ERR,ERR,ERR,ERR,ERR,ERR,ERR,ERR,ERR,ERR,ERR,ERR,ERR,ERR,ERR,ERR,ERR,ERR,ERR,ERR,ERR,ERR,ERR,ERR,ERR,ERR,ERR,ERR,ERR,ERR,ERR,ERR,ERR,ERR,ERR,ERR,ERR,ERR,ERR,ERR,ERR,ERR,ERR,ERR,ERR,ERR,ERR,ERR,ERR,ERR,ERR,ERR,ERR,ERR,ERR,ERR,ERR,ERR,ERR,ERR,ERR,ERR,ERR,ERR,ERR,ERR,ERR,ERR,ERR,ERR,ERR,ERR,2.718442270659078e+23,-0.0,-0.0,-0.0,4.160414724153587e+31,-7.477,-1023392808960.0,0.0,4300,0,8,17171,4300,-0.0,39,0.0,0.0,-0.0,0.0,2.7184166902131945e+23,0,0,0,0,0.0,0,0,0,0,0,0,0,0,0,0,0,0,0,0,0,0,0,0,0,0,0,0,0,0,0,0,0,0,0,0,0,0,0,10,37,37,47,65476,409,65476,1,0,4,21553,0.0,-0.0,-3204.132,0.0,0.0,0.0,0.0,0.0,0.0,0.0,0.0,0.0,0.0,0.0,0.0,0.0,0.0,0.0,0.0,0.0,0.0,2.004,-0.0,-0.0,-0.0,-0.0,0.0,0.0,0.0,0.0,6475.0,-8608229376.0,0.0,2.718442270659078e+23,-0.0,0.0,-0.0,0.0,0.0,2.004,2.004,223,1.9056860945658675e+17,-0.059,0.0,0.0,0.0,0.0,0.0,0.0,0.0,0,0,0,-0.0,-0.0,0.0,0.005,52415627264.0,-0.0,-0.002,134364561408.0,-3.145666703085745e+19,-2.3674385302110077e+19,-0.0,84620.32,0.0,0.0,0.0,8.842937468546e+34,0,1.3516416376850534e+27,223,0.0,446,-74360974999552.0,4.538271724008914e+24,2114,26215,17110,13107,17112,13107,17095,0,0,0,101,100,100,-107615216.0,63.55,0.0,64.0,0.0,64.0,1,49,50,180,0,13107,0,0,0.0,0.0,0.0,60.0,-0.0,70.5,0.0,-0.0,0.0,1070,0,1071,0,0,0,1072,0,1081,0,996,0,640,0,641,0,637,0,676,0.032,7.194230188746725e+21,0.0,0.0,32400,16812,-0.0,-0.0,0.0,2.6436803263536824e+18,-0.0,-0.02,50.0,60.0,35,0.0,0.0,10.0,2.0,0.0,0.0,0.0,0.0,0.0,0.0,0.0,0.0,0.0,0.0,0.0,0.0,58.8,32,28,65531,27,65476,655,65476,1,0,4,20529,65476,0,0,30147,60.0,0.0,10.0,10.0,2.0,0.0
2026-02-16T12:08:28,ERR,ERR,ERR,ERR,ERR,ERR,ERR,ERR,ERR,ERR,ERR,ERR,ERR,ERR,ERR,ERR,ERR,ERR,ERR,ERR,ERR,ERR,ERR,ERR,ERR,ERR,ERR,ERR,ERR,ERR,ERR,ERR,ERR,ERR,ERR,ERR,ERR,ERR,ERR,ERR,ERR,ERR,ERR,ERR,ERR,ERR,ERR,ERR,ERR,ERR,ERR,ERR,ERR,ERR,ERR,ERR,ERR,ERR,ERR,ERR,ERR,ERR,ERR,ERR,ERR,ERR,ERR,ERR,ERR,ERR,ERR,ERR,ERR,ERR,ERR,ERR,ERR,ERR,ERR,ERR,ERR,ERR,ERR,ERR,ERR,ERR,ERR,ERR,ERR,ERR,ERR,ERR,ERR,ERR,ERR,ERR,ERR,ERR,ERR,ERR,ERR,ERR,ERR,ERR,ERR,ERR,ERR,ERR,ERR,ERR,ERR,ERR,ERR,ERR,ERR,ERR,ERR,ERR,ERR,ERR,ERR,ERR,ERR,ERR,ERR,2.718442270659078e+23,-0.0,-0.0,-0.0,4.160414724153587e+31,-14860876251136.0,-3.0331989434038585e+32,0.0,4300,0,8,17171,4300,-0.0,39,0.0,0.0,-0.0,0.0,2.7184166902131945e+23,0,0,0,0,0.0,0,0,0,0,0,0,0,0,0,0,0,0,0,0,0,0,0,0,0,0,0,0,0,0,0,0,0,0,0,0,0,0,0,10,37,37,47,65476,409,65476,1,0,4,21553,0.0,-107610976.0,-0.0,0.0,0.0,0.0,0.0,0.0,0.0,0.0,0.0,0.0,0.0,0.0,0.0,0.0,0.0,0.0,0.0,0.0,0.0,2.004,-0.0,-0.0,-2.004,3.697077062071222e+19,0.0,0.0,0.0,0.0,6472.0,131351.156,0.0,2.718442270659078e+23,-0.0,0.0,-0.0,0.0,0.0,2.004,2.004,224,89220.57,4.950423568755355e+32,0.0,0.0,0.0,0.0,0.0,0.0,0.0,0,0,0,-0.0,-0.0,0.0,0.0,418.527,-0.0,2.4494175680548522e+38,-0.0,-3.8273756549362384e+25,-2.5547882747096203e+19,-0.0,91276.32,0.0,0.0,0.0,0.019,0,1.3516416376850534e+27,224,0.0,448,-0.0,0.0,2114,26215,17110,13107,17112,13107,17095,0,0,0,101,100,100,-107615216.0,63.55,0.0,64.0,0.0,64.0,1,49,50,180,0,13107,0,0,0.0,0.0,0.0,60.0,-0.0,70.5,0.0,-0.0,0.0,1070,0,1071,0,0,0,1072,0,1081,0,996,0,640,0,641,0,637,0,676,0.032,7.194230188746725e+21,0.0,0.0,32400,16812,-0.0,-0.0,0.0,2.6436803263536824e+18,-0.0,-0.02,50.0,60.0,35,0.0,0.0,10.0,2.0,0.0,0.0,0.0,0.0,0.0,0.0,0.0,0.0,0.0,0.0,0.0,0.0,58.8,32,28,65531,27,65476,656,65476,1,0,4,20529,65476,0,0,30147,60.0,0.0,10.0,10.0,2.0,0.0
2026-02-16T12:08:29,ERR,ERR,ERR,ERR,ERR,ERR,ERR,ERR,ERR,ERR,ERR,ERR,ERR,ERR,ERR,ERR,ERR,ERR,ERR,ERR,ERR,ERR,ERR,ERR,ERR,ERR,ERR,ERR,ERR,ERR,ERR,ERR,ERR,ERR,ERR,ERR,ERR,ERR,ERR,ERR,ERR,ERR,ERR,ERR,ERR,ERR,ERR,ERR,ERR,ERR,ERR,ERR,ERR,ERR,ERR,ERR,ERR,ERR,ERR,ERR,ERR,ERR,ERR,ERR,ERR,ERR,ERR,ERR,ERR,ERR,ERR,ERR,ERR,ERR,ERR,ERR,ERR,ERR,ERR,ERR,ERR,ERR,ERR,ERR,ERR,ERR,ERR,ERR,ERR,ERR,ERR,ERR,ERR,ERR,ERR,ERR,ERR,ERR,ERR,ERR,ERR,ERR,ERR,ERR,ERR,ERR,ERR,ERR,ERR,ERR,ERR,ERR,ERR,ERR,ERR,ERR,ERR,ERR,ERR,ERR,ERR,ERR,ERR,ERR,ERR,2.718442270659078e+23,-0.0,-0.0,-0.0,4.160414724153587e+31,-14860876251136.0,-3.0331989434038585e+32,0.0,4300,0,8,17171,4300,-0.0,39,0.0,0.0,-0.0,0.0,2.7184166902131945e+23,0,0,0,0,0.0,0,0,0,0,0,0,0,0,0,0,0,0,0,0,0,0,0,0,0,0,0,0,0,0,0,0,0,0,0,0,0,0,0,10,37,37,47,65476,409,65476,1,0,4,21553,0.0,-107610976.0,-0.0,0.0,0.0,0.0,0.0,0.0,0.0,0.0,0.0,0.0,0.0,0.0,0.0,0.0,0.0,0.0,0.0,0.0,0.0,2.004,-0.0,-0.0,-2.004,3.697077062071222e+19,0.0,0.0,0.0,0.0,6472.0,131351.156,0.0,2.718442270659078e+23,-0.0,0.0,-0.0,0.0,0.0,2.004,2.004,224,89220.57,4.950423568755355e+32,0.0,0.0,0.0,0.0,0.0,0.0,0.0,0,0,0,-0.0,-0.0,0.0,0.0,418.527,-0.0,2.4494175680548522e+38,-0.0,-3.8273756549362384e+25,-2.5547882747096203e+19,-0.0,91276.32,0.0,0.0,0.0,0.019,0,1.3516416376850534e+27,224,0.0,448,-0.0,0.0,2114,26215,17110,13107,17112,13107,17095,0,0,0,101,100,100,-107615216.0,63.55,0.0,64.0,0.0,64.0,1,49,50,180,0,13107,0,0,0.0,0.0,0.0,60.0,-0.0,70.5,0.0,0.0,0.0,1070,0,1071,0,0,0,1072,0,1081,0,996,0,640,0,641,0,637,0,676,0.032,6.714614842830277e+21,0.0,0.0,48784,16812,-0.0,0.0,7.902697368750212e+36,0.0,0.0,0.0,50.0,60.0,35,0.0,0.0,10.0,2.0,0.0,0.0,0.0,0.0,0.0,0.0,0.0,0.0,0.0,0.0,0.0,0.0,59.2,31,29,65532,27,65476,693,65476,1,0,4,20529,65476,0,0,30147,60.0,0.0,10.0,10.0,2.0,0.0
2026-02-16T12:08:30,ERR,ERR,ERR,ERR,ERR,ERR,ERR,ERR,ERR,ERR,ERR,ERR,ERR,ERR,ERR,ERR,ERR,ERR,ERR,ERR,ERR,ERR,ERR,ERR,ERR,ERR,ERR,ERR,ERR,ERR,ERR,ERR,ERR,ERR,ERR,ERR,ERR,ERR,ERR,ERR,ERR,ERR,ERR,ERR,ERR,ERR,ERR,ERR,ERR,ERR,ERR,ERR,ERR,ERR,ERR,ERR,ERR,ERR,ERR,ERR,ERR,ERR,ERR,ERR,ERR,ERR,ERR,ERR,ERR,ERR,ERR,ERR,ERR,ERR,ERR,ERR,ERR,ERR,ERR,ERR,ERR,ERR,ERR,ERR,ERR,ERR,ERR,ERR,ERR,ERR,ERR,ERR,ERR,ERR,ERR,ERR,ERR,ERR,ERR,ERR,ERR,ERR,ERR,ERR,ERR,ERR,ERR,ERR,ERR,ERR,ERR,ERR,ERR,ERR,ERR,ERR,ERR,ERR,ERR,ERR,ERR,ERR,ERR,ERR,ERR,2.718442270659078e+23,-0.0,-0.0,-0.0,4.160414724153587e+31,-14860876251136.0,-3.0331989434038585e+32,0.0,4300,0,8,17171,4300,-0.0,39,0.0,0.0,-0.0,0.0,2.7184166902131945e+23,0,0,0,0,0.0,0,0,0,0,0,0,0,0,0,0,0,0,0,0,0,0,0,0,0,0,0,0,0,0,0,0,0,0,0,0,0,0,0,10,37,37,47,65476,409,65476,1,0,4,21553,0.0,-107610976.0,-0.0,0.0,0.0,0.0,0.0,0.0,0.0,0.0,0.0,0.0,0.0,0.0,0.0,0.0,0.0,0.0,0.0,0.0,0.0,2.004,-0.0,-0.0,-2.004,3.697077062071222e+19,0.0,0.0,0.0,0.0,6472.0,131351.156,0.0,2.718442270659078e+23,-0.0,0.0,-0.0,0.0,0.0,2.004,2.004,224,89220.57,4.950423568755355e+32,0.0,0.0,0.0,0.0,0.0,0.0,0.0,0,0,0,-0.0,-0.0,0.0,0.0,418.527,-0.0,2.4494175680548522e+38,-0.0,-3.8273756549362384e+25,-2.5547882747096203e+19,-0.0,91276.32,0.0,0.0,0.0,0.019,0,1.3516416376850534e+27,224,0.0,448,-0.0,0.0,2114,26215,17110,13107,17112,13107,17095,0,0,0,101,100,100,-107615216.0,63.55,0.0,64.0,0.0,64.0,1,49,50,180,0,13107,0,0,0.0,0.0,0.0,60.0,-0.0,70.5,0.0,0.0,0.0,1070,0,1071,0,0,0,1072,0,1081,0,996,0,640,0,641,0,637,0,676,0.032,6.714614842830277e+21,0.0,0.0,48784,16812,-0.0,0.0,7.902697368750212e+36,0.0,0.0,0.0,50.0,60.0,35,0.0,0.0,10.0,2.0,0.0,0.0,0.0,0.0,0.0,0.0,0.0,0.0,0.0,0.0,0.0,0.0,59.2,31,29,65532,27,65476,693,65476,1,0,4,20529,65476,0,0,30147,60.0,0.0,10.0,10.0,2.0,0.0
2026-02-16T12:08:31,ERR,ERR,ERR,ERR,ERR,ERR,ERR,ERR,ERR,ERR,ERR,ERR,ERR,ERR,ERR,ERR,ERR,ERR,ERR,ERR,ERR,ERR,ERR,ERR,ERR,ERR,ERR,ERR,ERR,ERR,ERR,ERR,ERR,ERR,ERR,ERR,ERR,ERR,ERR,ERR,ERR,ERR,ERR,ERR,ERR,ERR,ERR,ERR,ERR,ERR,ERR,ERR,ERR,ERR,ERR,ERR,ERR,ERR,ERR,ERR,ERR,ERR,ERR,ERR,ERR,ERR,ERR,ERR,ERR,ERR,ERR,ERR,ERR,ERR,ERR,ERR,ERR,ERR,ERR,ERR,ERR,ERR,ERR,ERR,ERR,ERR,ERR,ERR,ERR,ERR,ERR,ERR,ERR,ERR,ERR,ERR,ERR,ERR,ERR,ERR,ERR,ERR,ERR,ERR,ERR,ERR,ERR,ERR,ERR,ERR,ERR,ERR,ERR,ERR,ERR,ERR,ERR,ERR,ERR,ERR,ERR,ERR,ERR,ERR,ERR,2.718442270659078e+23,-0.0,-0.0,-0.0,4.160414724153587e+31,-14860876251136.0,-3.0331989434038585e+32,0.0,4300,0,8,17171,4300,-0.0,39,0.0,0.0,-0.0,0.0,2.7184166902131945e+23,0,0,0,0,0.0,0,0,0,0,0,0,0,0,0,0,0,0,0,0,0,0,0,0,0,0,0,0,0,0,0,0,0,0,0,0,0,0,0,10,37,37,47,65476,409,65476,1,0,4,21553,0.0,-107610976.0,-0.0,0.0,0.0,0.0,0.0,0.0,0.0,0.0,0.0,0.0,0.0,0.0,0.0,0.0,0.0,0.0,0.0,0.0,0.0,2.004,-0.0,-0.0,-2.004,3.697077062071222e+19,0.0,0.0,0.0,0.0,6472.0,131351.156,0.0,2.718442270659078e+23,-0.0,0.0,-0.0,0.0,0.0,2.004,2.004,224,89220.57,4.950423568755355e+32,0.0,0.0,0.0,0.0,0.0,0.0,0.0,0,0,0,-0.0,-0.0,0.0,0.0,418.527,-0.0,2.4494175680548522e+38,-0.0,-3.8273756549362384e+25,-2.5547882747096203e+19,-0.0,91276.32,0.0,0.0,0.0,0.019,0,1.3516416376850534e+27,224,0.0,448,-0.0,0.0,2114,26215,17110,13107,17112,13107,17095,0,0,0,101,100,100,-107615216.0,63.55,0.0,64.0,0.0,64.0,1,49,50,180,0,13107,0,0,0.0,0.0,0.0,60.0,-0.0,70.5,0.0,0.0,0.0,1070,0,1071,0,0,0,1072,0,1081,0,996,0,640,0,641,0,637,0,676,0.032,6.714614842830277e+21,0.0,0.0,48784,16812,-0.0,0.0,7.902697368750212e+36,0.0,0.0,0.0,50.0,60.0,35,0.0,0.0,10.0,2.0,0.0,0.0,0.0,0.0,0.0,0.0,0.0,0.0,0.0,0.0,0.0,0.0,58.8,30,30,65533,27,65476,693,65476,1,0,4,20529,65476,0,0,30147,60.0,0.0,10.0,10.0,2.0,0.0
2026-02-16T12:08:32,ERR,ERR,ERR,ERR,ERR,ERR,ERR,ERR,ERR,ERR,ERR,ERR,ERR,ERR,ERR,ERR,ERR,ERR,ERR,ERR,ERR,ERR,ERR,ERR,ERR,ERR,ERR,ERR,ERR,ERR,ERR,ERR,ERR,ERR,ERR,ERR,ERR,ERR,ERR,ERR,ERR,ERR,ERR,ERR,ERR,ERR,ERR,ERR,ERR,ERR,ERR,ERR,ERR,ERR,ERR,ERR,ERR,ERR,ERR,ERR,ERR,ERR,ERR,ERR,ERR,ERR,ERR,ERR,ERR,ERR,ERR,ERR,ERR,ERR,ERR,ERR,ERR,ERR,ERR,ERR,ERR,ERR,ERR,ERR,ERR,ERR,ERR,ERR,ERR,ERR,ERR,ERR,ERR,ERR,ERR,ERR,ERR,ERR,ERR,ERR,ERR,ERR,ERR,ERR,ERR,ERR,ERR,ERR,ERR,ERR,ERR,ERR,ERR,ERR,ERR,ERR,ERR,ERR,ERR,ERR,ERR,ERR,ERR,ERR,ERR,2.718442270659078e+23,-0.0,-0.0,-0.0,4.160414724153587e+31,-14860876251136.0,-3.0331989434038585e+32,0.0,4300,0,8,17171,4300,-0.0,39,0.0,0.0,-0.0,0.0,2.7184166902131945e+23,0,0,0,0,0.0,0,0,0,0,0,0,0,0,0,0,0,0,0,0,0,0,0,0,0,0,0,0,0,0,0,0,0,0,0,0,0,0,0,10,37,37,47,65476,409,65476,1,0,4,21553,0.0,-107610976.0,-0.0,0.0,0.0,0.0,0.0,0.0,0.0,0.0,0.0,0.0,0.0,0.0,0.0,0.0,0.0,0.0,0.0,0.0,0.0,2.004,-0.0,-0.0,-2.004,3.697077062071222e+19,0.0,0.0,0.0,0.0,6472.0,131351.156,0.0,2.718442270659078e+23,-0.0,0.0,-0.0,0.0,0.0,2.004,2.004,224,89220.57,4.950423568755355e+32,0.0,0.0,0.0,0.0,0.0,0.0,0.0,0,0,0,-0.0,-0.0,0.0,0.0,418.527,-0.0,2.4494175680548522e+38,-0.0,-3.8273756549362384e+25,-2.5547882747096203e+19,-0.0,91276.32,0.0,0.0,0.0,0.019,0,1.3516416376850534e+27,224,0.0,448,-0.0,0.0,2114,26215,17110,13107,17112,13107,17095,0,0,0,101,100,100,-107615216.0,63.55,0.0,64.0,0.0,64.0,1,49,50,180,0,13107,0,0,0.0,0.0,0.0,60.0,-0.0,70.5,0.0,-0.105,0.0,1070,0,1071,0,0,0,1071,0,1081,0,996,0,640,0,641,0,637,0,676,0.032,7.304910653188982e+21,0.0,0.0,28304,16812,-0.0,-0.001,0.0,0.0,-0.085,-8066021059461120.0,50.0,60.0,35,0.0,0.0,10.0,2.0,0.0,0.0,0.0,0.0,0.0,0.0,0.0,0.0,0.0,0.0,0.0,0.0,58.8,30,30,65533,27,65476,693,65476,1,0,4,20529,65476,0,0,30147,60.0,0.0,10.0,10.0,2.0,0.0
2026-02-16T12:08:33,ERR,ERR,ERR,ERR,ERR,ERR,ERR,ERR,ERR,ERR,ERR,ERR,ERR,ERR,ERR,ERR,ERR,ERR,ERR,ERR,ERR,ERR,ERR,ERR,ERR,ERR,ERR,ERR,ERR,ERR,ERR,ERR,ERR,ERR,ERR,ERR,ERR,ERR,ERR,ERR,ERR,ERR,ERR,ERR,ERR,ERR,ERR,ERR,ERR,ERR,ERR,ERR,ERR,ERR,ERR,ERR,ERR,ERR,ERR,ERR,ERR,ERR,ERR,ERR,ERR,ERR,ERR,ERR,ERR,ERR,ERR,ERR,ERR,ERR,ERR,ERR,ERR,ERR,ERR,ERR,ERR,ERR,ERR,ERR,ERR,ERR,ERR,ERR,ERR,ERR,ERR,ERR,ERR,ERR,ERR,ERR,ERR,ERR,ERR,ERR,ERR,ERR,ERR,ERR,ERR,ERR,ERR,ERR,ERR,ERR,ERR,ERR,ERR,ERR,ERR,ERR,ERR,ERR,ERR,ERR,ERR,ERR,ERR,ERR,ERR,2.718442270659078e+23,-0.0,-0.0,-0.0,4.160414724153587e+31,-0.0,-0.001,30496.041,4300,0,8,17171,4300,-0.0,40,0.0,0.0,-0.0,0.0,2.7184166902131945e+23,0,0,0,0,0.0,0,0,0,0,0,0,0,0,0,0,0,0,0,0,0,0,0,0,0,0,0,0,0,0,0,0,0,0,0,0,0,0,0,10,37,37,47,65476,409,65476,1,0,4,21553,0.0,2.7183305813883192e+23,-0.0,0.0,0.0,0.0,0.0,0.0,0.0,0.0,0.0,0.0,0.0,0.0,0.0,0.0,0.0,0.0,0.0,0.0,0.0,2.004,-0.0,-0.0,-2.004,2.004,0.0,0.0,0.0,0.0,6440.0,-0.0,0.0,2.718442270659078e+23,-0.0,0.0,2.7184510977143476e+23,0.0,0.0,2.004,2.004,223,0.059,0.0,0.0,0.0,0.0,0.0,0.0,0.0,0.0,0,0,0,-0.0,-4.3253382534453893e+36,0.0,-0.0,5.305724146158666e+18,-0.0,0.014,410160.125,1.6851544945398973e+36,-2.7277265004006474e+19,-0.0,97932.32,0.0,0.0,0.0,0.0,0,1.3516416376850534e+27,223,0.0,446,-0.0,0.0,2114,26215,17110,13107,17112,13107,17095,0,0,0,101,100,100,-107615216.0,63.55,0.0,64.0,0.0,64.0,1,49,50,180,0,13107,0,0,0.0,0.0,0.0,60.0,-0.0,70.5,0.0,-0.105,0.0,1070,0,1071,0,0,0,1071,0,1081,0,996,0,640,0,641,0,637,0,676,0.032,7.304910653188982e+21,0.0,0.0,28304,16812,-0.0,-0.001,0.0,0.0,-0.085,-8066021059461120.0,50.0,60.0,35,0.0,0.0,10.0,2.0,0.0,0.0,0.0,0.0,0.0,0.0,0.0,0.0,0.0,0.0,0.0,0.0,58.8,28,32,65535,27,65476,690,65476,1,0,4,20529,65476,0,0,30147,60.0,0.0,10.0,10.0,2.0,0.0
2026-02-16T12:08:34,ERR,ERR,ERR,ERR,ERR,ERR,ERR,ERR,ERR,ERR,ERR,ERR,ERR,ERR,ERR,ERR,ERR,ERR,ERR,ERR,ERR,ERR,ERR,ERR,ERR,ERR,ERR,ERR,ERR,ERR,ERR,ERR,ERR,ERR,ERR,ERR,ERR,ERR,ERR,ERR,ERR,ERR,ERR,ERR,ERR,ERR,ERR,ERR,ERR,ERR,ERR,ERR,ERR,ERR,ERR,ERR,ERR,ERR,ERR,ERR,ERR,ERR,ERR,ERR,ERR,ERR,ERR,ERR,ERR,ERR,ERR,ERR,ERR,ERR,ERR,ERR,ERR,ERR,ERR,ERR,ERR,ERR,ERR,ERR,ERR,ERR,ERR,ERR,ERR,ERR,ERR,ERR,ERR,ERR,ERR,ERR,ERR,ERR,ERR,ERR,ERR,ERR,ERR,ERR,ERR,ERR,ERR,ERR,ERR,ERR,ERR,ERR,ERR,ERR,ERR,ERR,ERR,ERR,ERR,ERR,ERR,ERR,ERR,ERR,ERR,2.718442270659078e+23,-0.0,-0.0,-0.0,4.160414724153587e+31,-0.0,-0.001,30496.041,4300,0,8,17171,4300,-0.0,40,0.0,0.0,-0.0,0.0,2.7184166902131945e+23,0,0,0,0,0.0,0,0,0,0,0,0,0,0,0,0,0,0,0,0,0,0,0,0,0,0,0,0,0,0,0,0,0,0,0,0,0,0,0,10,37,37,47,65476,409,65476,1,0,4,21553,0.0,2.7183305813883192e+23,-0.0,0.0,0.0,0.0,0.0,0.0,0.0,0.0,0.0,0.0,0.0,0.0,0.0,0.0,0.0,0.0,0.0,0.0,0.0,2.004,-0.0,-0.0,-2.004,2.004,0.0,0.0,0.0,0.0,6440.0,-0.0,0.0,2.718442270659078e+23,-0.0,0.0,2.7184510977143476e+23,0.0,0.0,2.004,2.004,223,0.059,0.0,0.0,0.0,0.0,0.0,0.0,0.0,0.0,0,0,0,-0.0,-4.3253382534453893e+36,0.0,-0.0,5.305724146158666e+18,-0.0,0.014,410160.125,1.6851544945398973e+36,-2.7277265004006474e+19,-0.0,97932.32,0.0,0.0,0.0,0.0,0,1.3516416376850534e+27,223,0.0,446,-0.0,0.0,2114,26215,17110,13107,17112,13107,17095,0,0,0,101,100,100,-107615216.0,63.55,0.0,64.0,0.0,64.0,1,49,50,180,0,13107,0,0,0.0,0.0,0.0,60.0,-0.0,70.5,0.0,-0.105,0.0,1070,0,1071,0,0,0,1071,0,1081,0,996,0,640,0,641,0,637,0,676,0.032,7.304910653188982e+21,0.0,0.0,28304,16812,-0.0,-0.001,0.0,0.0,-0.085,-8066021059461120.0,50.0,60.0,35,0.0,0.0,10.0,2.0,0.0,0.0,0.0,0.0,0.0,0.0,0.0,0.0,0.0,0.0,0.0,0.0,58.8,26,33,1,27,65476,648,65476,1,0,4,20529,65476,0,0,30147,60.0,0.0,10.0,10.0,2.0,0.0
2026-02-16T12:08:35,ERR,ERR,ERR,ERR,ERR,ERR,ERR,ERR,ERR,ERR,ERR,ERR,ERR,ERR,ERR,ERR,ERR,ERR,ERR,ERR,ERR,ERR,ERR,ERR,ERR,ERR,ERR,ERR,ERR,ERR,ERR,ERR,ERR,ERR,ERR,ERR,ERR,ERR,ERR,ERR,ERR,ERR,ERR,ERR,ERR,ERR,ERR,ERR,ERR,ERR,ERR,ERR,ERR,ERR,ERR,ERR,ERR,ERR,ERR,ERR,ERR,ERR,ERR,ERR,ERR,ERR,ERR,ERR,ERR,ERR,ERR,ERR,ERR,ERR,ERR,ERR,ERR,ERR,ERR,ERR,ERR,ERR,ERR,ERR,ERR,ERR,ERR,ERR,ERR,ERR,ERR,ERR,ERR,ERR,ERR,ERR,ERR,ERR,ERR,ERR,ERR,ERR,ERR,ERR,ERR,ERR,ERR,ERR,ERR,ERR,ERR,ERR,ERR,ERR,ERR,ERR,ERR,ERR,ERR,ERR,ERR,ERR,ERR,ERR,ERR,2.718442270659078e+23,-0.0,-0.0,-0.0,4.160414724153587e+31,-0.0,-0.001,30496.041,4300,0,8,17171,4300,-0.0,40,0.0,0.0,-0.0,0.0,2.7184166902131945e+23,0,0,0,0,0.0,0,0,0,0,0,0,0,0,0,0,0,0,0,0,0,0,0,0,0,0,0,0,0,0,0,0,0,0,0,0,0,0,0,10,37,37,47,65476,409,65476,1,0,4,21553,0.0,2.7183305813883192e+23,-0.0,0.0,0.0,0.0,0.0,0.0,0.0,0.0,0.0,0.0,0.0,0.0,0.0,0.0,0.0,0.0,0.0,0.0,0.0,2.004,-0.0,-0.0,-2.004,2.004,0.0,0.0,0.0,0.0,6440.0,-0.0,0.0,2.718442270659078e+23,-0.0,0.0,2.7184510977143476e+23,0.0,0.0,2.004,2.004,223,0.059,0.0,0.0,0.0,0.0,0.0,0.0,0.0,0.0,0,0,0,-0.0,-4.3253382534453893e+36,0.0,-0.0,5.305724146158666e+18,-0.0,0.014,410160.125,1.6851544945398973e+36,-2.7277265004006474e+19,-0.0,97932.32,0.0,0.0,0.0,0.0,0,1.3516416376850534e+27,223,0.0,446,-0.0,0.0,2114,13107,17110,13107,17112,13107,17095,0,0,0,101,100,100,-107615216.0,63.55,0.0,64.0,0.0,64.0,1,49,50,180,0,13107,0,0,0.0,0.0,0.0,60.0,-0.0,70.5,0.0,-1.6558413572990718e+23,0.0,1070,0,1071,0,0,0,1072,0,1081,0,996,0,640,0,641,0,637,0,676,0.032,7.82141948725285e+21,0.0,0.0,51344,16812,-0.0,-7.227,3.8761340888718674e+25,43957305344.0,0.0,0.0,50.0,60.0,35,0.0,0.0,10.0,2.0,0.0,0.0,0.0,0.0,0.0,0.0,0.0,0.0,0.0,0.0,0.0,0.0,58.8,26,33,1,27,65476,648,65476,1,0,4,20529,65476,0,0,30147,60.0,0.0,10.0,10.0,2.0,0.0
2026-02-16T12:08:36,ERR,ERR,ERR,ERR,ERR,ERR,ERR,ERR,ERR,ERR,ERR,ERR,ERR,ERR,ERR,ERR,ERR,ERR,ERR,ERR,ERR,ERR,ERR,ERR,ERR,ERR,ERR,ERR,ERR,ERR,ERR,ERR,ERR,ERR,ERR,ERR,ERR,ERR,ERR,ERR,ERR,ERR,ERR,ERR,ERR,ERR,ERR,ERR,ERR,ERR,ERR,ERR,ERR,ERR,ERR,ERR,ERR,ERR,ERR,ERR,ERR,ERR,ERR,ERR,ERR,ERR,ERR,ERR,ERR,ERR,ERR,ERR,ERR,ERR,ERR,ERR,ERR,ERR,ERR,ERR,ERR,ERR,ERR,ERR,ERR,ERR,ERR,ERR,ERR,ERR,ERR,ERR,ERR,ERR,ERR,ERR,ERR,ERR,ERR,ERR,ERR,ERR,ERR,ERR,ERR,ERR,ERR,ERR,ERR,ERR,ERR,ERR,ERR,ERR,ERR,ERR,ERR,ERR,ERR,ERR,ERR,ERR,ERR,ERR,ERR,2.718442270659078e+23,-0.0,-0.0,-0.0,4.160414724153587e+31,-0.0,-0.001,30496.041,4300,0,8,17171,4300,-0.0,40,0.0,0.0,-0.0,0.0,2.7184166902131945e+23,0,0,0,0,0.0,0,0,0,0,0,0,0,0,0,0,0,0,0,0,0,0,0,0,0,0,0,0,0,0,0,0,0,0,0,0,0,0,0,10,37,37,47,65476,409,65476,1,0,4,21553,0.0,2.7183305813883192e+23,-0.0,0.0,0.0,0.0,0.0,0.0,0.0,0.0,0.0,0.0,0.0,0.0,0.0,0.0,0.0,0.0,0.0,0.0,0.0,2.004,-0.0,-0.0,-2.004,2.004,0.0,0.0,0.0,0.0,6440.0,-0.0,0.0,2.718442270659078e+23,-0.0,0.0,2.7184510977143476e+23,0.0,0.0,2.004,2.004,223,0.059,0.0,0.0,0.0,0.0,0.0,0.0,0.0,0.0,0,0,0,-0.0,-4.3253382534453893e+36,0.0,-0.0,5.305724146158666e+18,-0.0,0.014,410160.125,1.6851544945398973e+36,-2.7277265004006474e+19,-0.0,97932.32,0.0,0.0,0.0,0.0,0,1.3516416376850534e+27,223,0.0,446,-0.0,0.0,2114,13107,17110,13107,17112,13107,17095,0,0,0,101,100,100,-107615216.0,63.55,0.0,64.0,0.0,64.0,1,49,50,180,0,13107,0,0,0.0,0.0,0.0,60.0,-0.0,70.5,0.0,-1.6558413572990718e+23,0.0,1070,0,1071,0,0,0,1072,0,1081,0,996,0,640,0,641,0,637,0,676,0.032,7.82141948725285e+21,0.0,0.0,51344,16812,-0.0,-7.227,3.8761340888718674e+25,43957305344.0,0.0,0.0,50.0,60.0,35,0.0,0.0,10.0,2.0,0.0,0.0,0.0,0.0,0.0,0.0,0.0,0.0,0.0,0.0,0.0,0.0,58.8,25,35,2,27,65476,648,65476,1,0,4,20529,65476,0,0,30147,60.0,0.0,10.0,10.0,2.0,0.0
2026-02-16T12:08:37,ERR,ERR,ERR,ERR,ERR,ERR,ERR,ERR,ERR,ERR,ERR,ERR,ERR,ERR,ERR,ERR,ERR,ERR,ERR,ERR,ERR,ERR,ERR,ERR,ERR,ERR,ERR,ERR,ERR,ERR,ERR,ERR,ERR,ERR,ERR,ERR,ERR,ERR,ERR,ERR,ERR,ERR,ERR,ERR,ERR,ERR,ERR,ERR,ERR,ERR,ERR,ERR,ERR,ERR,ERR,ERR,ERR,ERR,ERR,ERR,ERR,ERR,ERR,ERR,ERR,ERR,ERR,ERR,ERR,ERR,ERR,ERR,ERR,ERR,ERR,ERR,ERR,ERR,ERR,ERR,ERR,ERR,ERR,ERR,ERR,ERR,ERR,ERR,ERR,ERR,ERR,ERR,ERR,ERR,ERR,ERR,ERR,ERR,ERR,ERR,ERR,ERR,ERR,ERR,ERR,ERR,ERR,ERR,ERR,ERR,ERR,ERR,ERR,ERR,ERR,ERR,ERR,ERR,ERR,ERR,ERR,ERR,ERR,ERR,ERR,2.718442270659078e+23,-0.0,-0.0,-0.0,4.160414724153587e+31,-0.0,-0.001,30496.041,4300,0,8,17171,4300,-0.0,40,0.0,0.0,-0.0,0.0,2.7184166902131945e+23,0,0,0,0,0.0,0,0,0,0,0,0,0,0,0,0,0,0,0,0,0,0,0,0,0,0,0,0,0,0,0,0,0,0,0,0,0,0,0,10,37,37,47,65476,409,65476,1,0,4,21553,0.0,2.7183305813883192e+23,-0.0,0.0,0.0,0.0,0.0,0.0,0.0,0.0,0.0,0.0,0.0,0.0,0.0,0.0,0.0,0.0,0.0,0.0,0.0,2.004,-0.0,-0.0,-2.004,2.004,0.0,0.0,0.0,0.0,6440.0,-0.0,0.0,2.718442270659078e+23,-0.0,0.0,2.7184510977143476e+23,0.0,0.0,2.004,2.004,223,0.059,0.0,0.0,0.0,0.0,0.0,0.0,0.0,0.0,0,0,0,-0.0,-4.3253382534453893e+36,0.0,-0.0,5.305724146158666e+18,-0.0,0.014,410160.125,1.6851544945398973e+36,-2.7277265004006474e+19,-0.0,97932.32,0.0,0.0,0.0,0.0,0,1.3516416376850534e+27,223,0.0,446,-0.0,0.0,2114,13107,17110,13107,17112,13107,17095,0,0,0,101,100,100,-107615216.0,63.55,0.0,64.0,0.0,64.0,1,49,50,180,0,13107,0,0,0.0,0.0,0.0,60.0,-0.0,70.5,0.0,-1.6558413572990718e+23,0.0,1070,0,1071,0,0,0,1072,0,1081,0,996,0,640,0,641,0,637,0,676,0.032,7.82141948725285e+21,0.0,0.0,51344,16812,-0.0,-7.227,3.8761340888718674e+25,43957305344.0,0.0,0.0,50.0,60.0,35,0.0,0.0,10.0,2.0,0.0,0.0,0.0,0.0,0.0,0.0,0.0,0.0,0.0,0.0,0.0,0.0,58.8,25,35,2,27,65476,648,65476,1,0,4,20529,65476,0,0,30147,60.0,0.0,10.0,10.0,2.0,0.0
2026-02-16T12:08:38,ERR,ERR,ERR,ERR,ERR,ERR,ERR,ERR,ERR,ERR,ERR,ERR,ERR,ERR,ERR,ERR,ERR,ERR,ERR,ERR,ERR,ERR,ERR,ERR,ERR,ERR,ERR,ERR,ERR,ERR,ERR,ERR,ERR,ERR,ERR,ERR,ERR,ERR,ERR,ERR,ERR,ERR,ERR,ERR,ERR,ERR,ERR,ERR,ERR,ERR,ERR,ERR,ERR,ERR,ERR,ERR,ERR,ERR,ERR,ERR,ERR,ERR,ERR,ERR,ERR,ERR,ERR,ERR,ERR,ERR,ERR,ERR,ERR,ERR,ERR,ERR,ERR,ERR,ERR,ERR,ERR,ERR,ERR,ERR,ERR,ERR,ERR,ERR,ERR,ERR,ERR,ERR,ERR,ERR,ERR,ERR,ERR,ERR,ERR,ERR,ERR,ERR,ERR,ERR,ERR,ERR,ERR,ERR,ERR,ERR,ERR,ERR,ERR,ERR,ERR,ERR,ERR,ERR,ERR,ERR,ERR,ERR,ERR,ERR,ERR,2.718442270659078e+23,-0.0,-0.0,-0.0,4.160414724153587e+31,-2.4396530343932364e+27,0.0,0.0,4300,0,8,17171,4300,-0.0,39,0.0,0.0,-0.0,0.0,-0.0,0,0,0,0,0.0,0,0,0,0,0,0,0,0,0,0,0,0,0,0,0,0,0,0,0,0,0,0,0,0,0,0,0,0,0,0,0,0,0,10,37,37,47,65476,408,65476,1,0,4,21553,0.0,-0.0,-0.0,0.0,0.0,0.0,0.0,0.0,0.0,0.0,0.0,0.0,0.0,0.0,0.0,0.0,0.0,0.0,0.0,0.0,0.0,2.004,-0.0,-0.0,-2.004,0.0,0.0,0.0,0.0,0.0,6440.0,2.4230008748992087e+24,0.0,2.718442270659078e+23,-0.0,0.0,0.0,-0.0,0.0,2.004,2.004,223,0.0,-107615232.0,0.0,0.0,0.0,0.0,0.0,0.0,0.0,0,0,0,-0.0,5.885836332597468e+20,0.0,0.0,18.158,-1.0466909792264782e+19,0.006,2.77637143587281e+29,-0.0,-2.91507624489926e+19,-0.0,104076.32,0.0,0.0,0.0,0.007,0,1.3516416376850534e+27,223,0.0,446,0.0,0.0,2114,13107,17110,13107,17112,13107,17095,0,0,0,101,100,100,-107615216.0,63.55,0.0,64.0,0.0,64.0,1,49,50,180,0,13107,0,0,0.0,0.0,0.0,60.0,-0.0,70.5,0.0,-1.6558413572990718e+23,0.0,1070,0,1071,0,0,0,1072,0,1081,0,996,0,640,0,641,0,637,0,676,0.032,7.82141948725285e+21,0.0,0.0,51344,16812,-0.0,-7.227,3.8761340888718674e+25,43957305344.0,0.0,0.0,50.0,60.0,35,0.0,0.0,10.0,2.0,0.0,0.0,0.0,0.0,0.0,0.0,0.0,0.0,0.0,0.0,0.0,0.0,58.8,23,36,4,27,65476,590,65476,1,0,4,20529,65476,0,0,30147,60.0,0.0,10.0,10.0,2.0,0.0
2026-02-16T12:08:39,ERR,ERR,ERR,ERR,ERR,ERR,ERR,ERR,ERR,ERR,ERR,ERR,ERR,ERR,ERR,ERR,ERR,ERR,ERR,ERR,ERR,ERR,ERR,ERR,ERR,ERR,ERR,ERR,ERR,ERR,ERR,ERR,ERR,ERR,ERR,ERR,ERR,ERR,ERR,ERR,ERR,ERR,ERR,ERR,ERR,ERR,ERR,ERR,ERR,ERR,ERR,ERR,ERR,ERR,ERR,ERR,ERR,ERR,ERR,ERR,ERR,ERR,ERR,ERR,ERR,ERR,ERR,ERR,ERR,ERR,ERR,ERR,ERR,ERR,ERR,ERR,ERR,ERR,ERR,ERR,ERR,ERR,ERR,ERR,ERR,ERR,ERR,ERR,ERR,ERR,ERR,ERR,ERR,ERR,ERR,ERR,ERR,ERR,ERR,ERR,ERR,ERR,ERR,ERR,ERR,ERR,ERR,ERR,ERR,ERR,ERR,ERR,ERR,ERR,ERR,ERR,ERR,ERR,ERR,ERR,ERR,ERR,ERR,ERR,ERR,2.718442270659078e+23,-0.0,-0.0,-0.0,4.160414724153587e+31,-2.4396530343932364e+27,0.0,0.0,4300,0,8,17171,4300,-0.0,39,0.0,0.0,-0.0,0.0,-0.0,0,0,0,0,0.0,0,0,0,0,0,0,0,0,0,0,0,0,0,0,0,0,0,0,0,0,0,0,0,0,0,0,0,0,0,0,0,0,0,10,37,37,47,65476,408,65476,1,0,4,21553,0.0,-0.0,-0.0,0.0,0.0,0.0,0.0,0.0,0.0,0.0,0.0,0.0,0.0,0.0,0.0,0.0,0.0,0.0,0.0,0.0,0.0,2.004,-0.0,-0.0,-2.004,0.0,0.0,0.0,0.0,0.0,6440.0,2.4230008748992087e+24,0.0,2.718442270659078e+23,-0.0,0.0,0.0,-0.0,0.0,2.004,2.004,223,0.0,-107615232.0,0.0,0.0,0.0,0.0,0.0,0.0,0.0,0,0,0,-0.0,5.885836332597468e+20,0.0,0.0,18.158,-1.0466909792264782e+19,0.006,2.77637143587281e+29,-0.0,-2.91507624489926e+19,-0.0,104076.32,0.0,0.0,0.0,0.007,0,1.3516416376850534e+27,223,0.0,446,0.0,0.0,2114,26215,17110,13107,17112,13107,17095,0,0,0,101,100,100,-107615216.0,63.55,0.0,64.0,0.0,64.0,1,49,50,180,0,13107,0,0,0.0,0.0,0.0,60.0,-0.0,70.5,0.0,4.66655460429604e+27,0.0,1070,0,1071,0,0,0,1071,0,1081,0,996,0,640,0,641,0,637,0,676,0.032,8.005886927989945e+21,0.0,0.0,31120,16812,-0.0,4.66655460429604e+27,0.0,0.0,-0.0,-8430554624.0,50.0,60.0,35,0.0,0.0,10.0,2.0,0.0,0.0,0.0,0.0,0.0,0.0,0.0,0.0,0.0,0.0,0.0,0.0,58.8,22,38,5,27,65476,590,65476,1,0,4,20529,65476,0,0,30147,60.0,0.0,10.0,10.0,2.0,0.0
2026-02-16T12:08:40,ERR,ERR,ERR,ERR,ERR,ERR,ERR,ERR,ERR,ERR,ERR,ERR,ERR,ERR,ERR,ERR,ERR,ERR,ERR,ERR,ERR,ERR,ERR,ERR,ERR,ERR,ERR,ERR,ERR,ERR,ERR,ERR,ERR,ERR,ERR,ERR,ERR,ERR,ERR,ERR,ERR,ERR,ERR,ERR,ERR,ERR,ERR,ERR,ERR,ERR,ERR,ERR,ERR,ERR,ERR,ERR,ERR,ERR,ERR,ERR,ERR,ERR,ERR,ERR,ERR,ERR,ERR,ERR,ERR,ERR,ERR,ERR,ERR,ERR,ERR,ERR,ERR,ERR,ERR,ERR,ERR,ERR,ERR,ERR,ERR,ERR,ERR,ERR,ERR,ERR,ERR,ERR,ERR,ERR,ERR,ERR,ERR,ERR,ERR,ERR,ERR,ERR,ERR,ERR,ERR,ERR,ERR,ERR,ERR,ERR,ERR,ERR,ERR,ERR,ERR,ERR,ERR,ERR,ERR,ERR,ERR,ERR,ERR,ERR,ERR,2.718442270659078e+23,-0.0,-0.0,-0.0,4.160414724153587e+31,-2.4396530343932364e+27,0.0,0.0,4300,0,8,17171,4300,-0.0,39,0.0,0.0,-0.0,0.0,-0.0,0,0,0,0,0.0,0,0,0,0,0,0,0,0,0,0,0,0,0,0,0,0,0,0,0,0,0,0,0,0,0,0,0,0,0,0,0,0,0,10,37,37,47,65476,408,65476,1,0,4,21553,0.0,-0.0,-0.0,0.0,0.0,0.0,0.0,0.0,0.0,0.0,0.0,0.0,0.0,0.0,0.0,0.0,0.0,0.0,0.0,0.0,0.0,2.004,-0.0,-0.0,-2.004,0.0,0.0,0.0,0.0,0.0,6440.0,2.4230008748992087e+24,0.0,2.718442270659078e+23,-0.0,0.0,0.0,-0.0,0.0,2.004,2.004,223,0.0,-107615232.0,0.0,0.0,0.0,0.0,0.0,0.0,0.0,0,0,0,-0.0,5.885836332597468e+20,0.0,0.0,18.158,-1.0466909792264782e+19,0.006,2.77637143587281e+29,-0.0,-2.91507624489926e+19,-0.0,104076.32,0.0,0.0,0.0,0.007,0,1.3516416376850534e+27,223,0.0,446,0.0,0.0,2114,26215,17110,13107,17112,13107,17095,0,0,0,101,100,100,-107615216.0,63.55,0.0,64.0,0.0,64.0,1,49,50,180,0,13107,0,0,0.0,0.0,0.0,60.0,-0.0,70.5,0.0,4.66655460429604e+27,0.0,1070,0,1071,0,0,0,1071,0,1081,0,996,0,640,0,641,0,637,0,676,0.032,8.005886927989945e+21,0.0,0.0,31120,16812,-0.0,4.66655460429604e+27,0.0,0.0,-0.0,-8430554624.0,50.0,60.0,35,0.0,0.0,10.0,2.0,0.0,0.0,0.0,0.0,0.0,0.0,0.0,0.0,0.0,0.0,0.0,0.0,58.8,22,38,5,27,65476,590,65476,1,0,4,20529,65476,0,0,30147,60.0,0.0,10.0,10.0,2.0,0.0
2026-02-16T12:08:41,ERR,ERR,ERR,ERR,ERR,ERR,ERR,ERR,ERR,ERR,ERR,ERR,ERR,ERR,ERR,ERR,ERR,ERR,ERR,ERR,ERR,ERR,ERR,ERR,ERR,ERR,ERR,ERR,ERR,ERR,ERR,ERR,ERR,ERR,ERR,ERR,ERR,ERR,ERR,ERR,ERR,ERR,ERR,ERR,ERR,ERR,ERR,ERR,ERR,ERR,ERR,ERR,ERR,ERR,ERR,ERR,ERR,ERR,ERR,ERR,ERR,ERR,ERR,ERR,ERR,ERR,ERR,ERR,ERR,ERR,ERR,ERR,ERR,ERR,ERR,ERR,ERR,ERR,ERR,ERR,ERR,ERR,ERR,ERR,ERR,ERR,ERR,ERR,ERR,ERR,ERR,ERR,ERR,ERR,ERR,ERR,ERR,ERR,ERR,ERR,ERR,ERR,ERR,ERR,ERR,ERR,ERR,ERR,ERR,ERR,ERR,ERR,ERR,ERR,ERR,ERR,ERR,ERR,ERR,ERR,ERR,ERR,ERR,ERR,ERR,2.718442270659078e+23,-0.0,-0.0,-0.0,4.160414724153587e+31,-2.4396530343932364e+27,0.0,0.0,4300,0,8,17171,4300,-0.0,39,0.0,0.0,-0.0,0.0,-0.0,0,0,0,0,0.0,0,0,0,0,0,0,0,0,0,0,0,0,0,0,0,0,0,0,0,0,0,0,0,0,0,0,0,0,0,0,0,0,0,10,37,37,47,65476,408,65476,1,0,4,21553,0.0,-0.0,-0.0,0.0,0.0,0.0,0.0,0.0,0.0,0.0,0.0,0.0,0.0,0.0,0.0,0.0,0.0,0.0,0.0,0.0,0.0,2.004,-0.0,-0.0,-2.004,0.0,0.0,0.0,0.0,0.0,6440.0,2.4230008748992087e+24,0.0,2.718442270659078e+23,-0.0,0.0,0.0,-0.0,0.0,2.004,2.004,223,0.0,-107615232.0,0.0,0.0,0.0,0.0,0.0,0.0,0.0,0,0,0,-0.0,5.885836332597468e+20,0.0,0.0,18.158,-1.0466909792264782e+19,0.006,2.77637143587281e+29,-0.0,-2.91507624489926e+19,-0.0,104076.32,0.0,0.0,0.0,0.007,0,1.3516416376850534e+27,223,0.0,446,0.0,0.0,2114,26215,17110,13107,17112,13107,17095,0,0,0,101,100,100,-107615216.0,63.55,0.0,64.0,0.0,64.0,1,49,50,180,0,13107,0,0,0.0,0.0,0.0,60.0,-0.0,70.5,0.0,4.66655460429604e+27,0.0,1070,0,1071,0,0,0,1071,0,1081,0,996,0,640,0,641,0,637,0,676,0.032,8.005886927989945e+21,0.0,0.0,31120,16812,-0.0,4.66655460429604e+27,0.0,0.0,-0.0,-8430554624.0,50.0,60.0,35,0.0,0.0,10.0,2.0,0.0,0.0,0.0,0.0,0.0,0.0,0.0,0.0,0.0,0.0,0.0,0.0,59.2,22,38,6,27,65476,560,65476,1,0,4,20529,65476,0,0,30147,60.0,0.0,10.0,10.0,2.0,0.0
2026-02-16T12:08:42,ERR,ERR,ERR,ERR,ERR,ERR,ERR,ERR,ERR,ERR,ERR,ERR,ERR,ERR,ERR,ERR,ERR,ERR,ERR,ERR,ERR,ERR,ERR,ERR,ERR,ERR,ERR,ERR,ERR,ERR,ERR,ERR,ERR,ERR,ERR,ERR,ERR,ERR,ERR,ERR,ERR,ERR,ERR,ERR,ERR,ERR,ERR,ERR,ERR,ERR,ERR,ERR,ERR,ERR,ERR,ERR,ERR,ERR,ERR,ERR,ERR,ERR,ERR,ERR,ERR,ERR,ERR,ERR,ERR,ERR,ERR,ERR,ERR,ERR,ERR,ERR,ERR,ERR,ERR,ERR,ERR,ERR,ERR,ERR,ERR,ERR,ERR,ERR,ERR,ERR,ERR,ERR,ERR,ERR,ERR,ERR,ERR,ERR,ERR,ERR,ERR,ERR,ERR,ERR,ERR,ERR,ERR,ERR,ERR,ERR,ERR,ERR,ERR,ERR,ERR,ERR,ERR,ERR,ERR,ERR,ERR,ERR,ERR,ERR,ERR,2.718442270659078e+23,-0.0,-0.0,-0.0,4.160414724153587e+31,-2.663516237673267e+16,-7.851656938512742e+37,0.0,4300,0,8,17175,4300,-0.0,39,0.0,0.0,-0.0,0.0,-0.0,0,0,0,0,0.0,0,0,0,0,0,0,0,0,0,0,0,0,0,0,0,0,0,0,0,0,0,0,0,0,0,0,0,0,0,0,0,0,0,9,37,37,46,65476,408,65476,1,0,4,21553,0.0,-0.0,-0.0,0.0,0.0,0.0,0.0,0.0,0.0,0.0,0.0,0.0,0.0,0.0,0.0,0.0,0.0,0.0,0.0,0.0,0.0,2.004,-0.0,-0.0,-2.004,-0.0,0.0,0.0,0.0,0.0,6404.0,-2.004,0.0,2.718442270659078e+23,-0.0,0.0,-107616272.0,0.0,0.0,2.004,2.004,225,0.0,5.848077867044895e+35,0.0,0.0,0.0,0.0,0.0,0.0,0.0,0,0,0,-0.0,0.0,0.0,-7.277579124854171e+34,357047992320.0,0.051,0.143,7.153689025087319e+37,-0.0,-3.1024259893978726e+19,-0.0,110220.32,0.0,0.0,0.0,0.0,0,1.3516416376850534e+27,225,0.0,450,-0.0,0.0,2114,13107,17110,13107,17112,13107,17095,0,0,0,101,100,100,-107615216.0,63.55,0.0,64.0,0.0,64.0,1,49,50,180,0,13107,0,0,0.0,0.0,0.0,60.0,-0.0,70.5,0.0,3.550176802452275e+16,0.0,1070,0,1071,0,0,0,1071,0,1081,0,996,0,640,0,641,0,637,0,676,0.032,6.345679961356086e+21,0.0,0.0,45200,16812,-0.0,3.1309778874456343e+19,-0.0,-0.0,1.3591923122919238e+23,11012304535552.0,50.0,60.0,35,0.0,0.0,10.0,2.0,0.0,0.0,0.0,0.0,0.0,0.0,0.0,0.0,0.0,0.0,0.0,0.0,59.2,22,38,6,27,65476,560,65476,1,0,4,20529,65476,0,0,30147,60.0,0.0,10.0,10.0,2.0,0.0
2026-02-16T12:08:43,ERR,ERR,ERR,ERR,ERR,ERR,ERR,ERR,ERR,ERR,ERR,ERR,ERR,ERR,ERR,ERR,ERR,ERR,ERR,ERR,ERR,ERR,ERR,ERR,ERR,ERR,ERR,ERR,ERR,ERR,ERR,ERR,ERR,ERR,ERR,ERR,ERR,ERR,ERR,ERR,ERR,ERR,ERR,ERR,ERR,ERR,ERR,ERR,ERR,ERR,ERR,ERR,ERR,ERR,ERR,ERR,ERR,ERR,ERR,ERR,ERR,ERR,ERR,ERR,ERR,ERR,ERR,ERR,ERR,ERR,ERR,ERR,ERR,ERR,ERR,ERR,ERR,ERR,ERR,ERR,ERR,ERR,ERR,ERR,ERR,ERR,ERR,ERR,ERR,ERR,ERR,ERR,ERR,ERR,ERR,ERR,ERR,ERR,ERR,ERR,ERR,ERR,ERR,ERR,ERR,ERR,ERR,ERR,ERR,ERR,ERR,ERR,ERR,ERR,ERR,ERR,ERR,ERR,ERR,ERR,ERR,ERR,ERR,ERR,ERR,2.718442270659078e+23,-0.0,-0.0,-0.0,4.160414724153587e+31,-2.663516237673267e+16,-7.851656938512742e+37,0.0,4300,0,8,17175,4300,-0.0,39,0.0,0.0,-0.0,0.0,-0.0,0,0,0,0,0.0,0,0,0,0,0,0,0,0,0,0,0,0,0,0,0,0,0,0,0,0,0,0,0,0,0,0,0,0,0,0,0,0,0,9,37,37,46,65476,408,65476,1,0,4,21553,0.0,-0.0,-0.0,0.0,0.0,0.0,0.0,0.0,0.0,0.0,0.0,0.0,0.0,0.0,0.0,0.0,0.0,0.0,0.0,0.0,0.0,2.004,-0.0,-0.0,-2.004,-0.0,0.0,0.0,0.0,0.0,6404.0,-2.004,0.0,2.718442270659078e+23,-0.0,0.0,-107616272.0,0.0,0.0,2.004,2.004,225,0.0,5.848077867044895e+35,0.0,0.0,0.0,0.0,0.0,0.0,0.0,0,0,0,-0.0,0.0,0.0,-7.277579124854171e+34,357047992320.0,0.051,0.143,7.153689025087319e+37,-0.0,-3.1024259893978726e+19,-0.0,110220.32,0.0,0.0,0.0,0.0,0,1.3516416376850534e+27,225,0.0,450,-0.0,0.0,2114,13107,17110,13107,17112,13107,17095,0,0,0,101,100,100,-107615216.0,63.55,0.0,64.0,0.0,64.0,1,49,50,180,0,13107,0,0,0.0,0.0,0.0,60.0,-0.0,70.5,0.0,3.550176802452275e+16,0.0,1070,0,1071,0,0,0,1071,0,1081,0,996,0,640,0,641,0,637,0,676,0.032,6.345679961356086e+21,0.0,0.0,45200,16812,-0.0,3.1309778874456343e+19,-0.0,-0.0,1.3591923122919238e+23,11012304535552.0,50.0,60.0,35,0.0,0.0,10.0,2.0,0.0,0.0,0.0,0.0,0.0,0.0,0.0,0.0,0.0,0.0,0.0,0.0,58.8,21,39,6,27,65476,560,65476,1,0,4,20529,65476,0,0,30147,60.0,0.0,10.0,10.0,2.0,0.0
2026-02-16T12:08:44,ERR,ERR,ERR,ERR,ERR,ERR,ERR,ERR,ERR,ERR,ERR,ERR,ERR,ERR,ERR,ERR,ERR,ERR,ERR,ERR,ERR,ERR,ERR,ERR,ERR,ERR,ERR,ERR,ERR,ERR,ERR,ERR,ERR,ERR,ERR,ERR,ERR,ERR,ERR,ERR,ERR,ERR,ERR,ERR,ERR,ERR,ERR,ERR,ERR,ERR,ERR,ERR,ERR,ERR,ERR,ERR,ERR,ERR,ERR,ERR,ERR,ERR,ERR,ERR,ERR,ERR,ERR,ERR,ERR,ERR,ERR,ERR,ERR,ERR,ERR,ERR,ERR,ERR,ERR,ERR,ERR,ERR,ERR,ERR,ERR,ERR,ERR,ERR,ERR,ERR,ERR,ERR,ERR,ERR,ERR,ERR,ERR,ERR,ERR,ERR,ERR,ERR,ERR,ERR,ERR,ERR,ERR,ERR,ERR,ERR,ERR,ERR,ERR,ERR,ERR,ERR,ERR,ERR,ERR,ERR,ERR,ERR,ERR,ERR,ERR,2.718442270659078e+23,-0.0,-0.0,-0.0,4.160414724153587e+31,-2.663516237673267e+16,-7.851656938512742e+37,0.0,4300,0,8,17175,4300,-0.0,39,0.0,0.0,-0.0,0.0,-0.0,0,0,0,0,0.0,0,0,0,0,0,0,0,0,0,0,0,0,0,0,0,0,0,0,0,0,0,0,0,0,0,0,0,0,0,0,0,0,0,9,37,37,46,65476,408,65476,1,0,4,21553,0.0,-0.0,-0.0,0.0,0.0,0.0,0.0,0.0,0.0,0.0,0.0,0.0,0.0,0.0,0.0,0.0,0.0,0.0,0.0,0.0,0.0,2.004,-0.0,-0.0,-2.004,-0.0,0.0,0.0,0.0,0.0,6404.0,-2.004,0.0,2.718442270659078e+23,-0.0,0.0,-107616272.0,0.0,0.0,2.004,2.004,225,0.0,5.848077867044895e+35,0.0,0.0,0.0,0.0,0.0,0.0,0.0,0,0,0,-0.0,0.0,0.0,-7.277579124854171e+34,357047992320.0,0.051,0.143,7.153689025087319e+37,-0.0,-3.1024259893978726e+19,-0.0,110220.32,0.0,0.0,0.0,0.0,0,1.3516416376850534e+27,225,0.0,450,-0.0,0.0,2114,13107,17110,13107,17112,13107,17095,0,0,0,101,100,100,-107615216.0,63.55,0.0,64.0,0.0,64.0,1,49,50,180,0,13107,0,0,0.0,0.0,0.0,60.0,-0.0,70.5,0.0,3.550176802452275e+16,0.0,1070,0,1071,0,0,0,1071,0,1081,0,996,0,640,0,641,0,637,0,676,0.032,6.345679961356086e+21,0.0,0.0,45200,16812,-0.0,3.1309778874456343e+19,-0.0,-0.0,1.3591923122919238e+23,11012304535552.0,50.0,60.0,35,0.0,0.0,10.0,2.0,0.0,0.0,0.0,0.0,0.0,0.0,0.0,0.0,0.0,0.0,0.0,0.0,59.2,21,39,6,27,65476,540,65476,1,0,4,20529,65476,0,0,30147,60.0,0.0,10.0,10.0,2.0,0.0
2026-02-16T12:08:45,ERR,ERR,ERR,ERR,ERR,ERR,ERR,ERR,ERR,ERR,ERR,ERR,ERR,ERR,ERR,ERR,ERR,ERR,ERR,ERR,ERR,ERR,ERR,ERR,ERR,ERR,ERR,ERR,ERR,ERR,ERR,ERR,ERR,ERR,ERR,ERR,ERR,ERR,ERR,ERR,ERR,ERR,ERR,ERR,ERR,ERR,ERR,ERR,ERR,ERR,ERR,ERR,ERR,ERR,ERR,ERR,ERR,ERR,ERR,ERR,ERR,ERR,ERR,ERR,ERR,ERR,ERR,ERR,ERR,ERR,ERR,ERR,ERR,ERR,ERR,ERR,ERR,ERR,ERR,ERR,ERR,ERR,ERR,ERR,ERR,ERR,ERR,ERR,ERR,ERR,ERR,ERR,ERR,ERR,ERR,ERR,ERR,ERR,ERR,ERR,ERR,ERR,ERR,ERR,ERR,ERR,ERR,ERR,ERR,ERR,ERR,ERR,ERR,ERR,ERR,ERR,ERR,ERR,ERR,ERR,ERR,ERR,ERR,ERR,ERR,2.718442270659078e+23,-0.0,-0.0,-0.0,4.160414724153587e+31,-2.663516237673267e+16,-7.851656938512742e+37,0.0,4300,0,8,17175,4300,-0.0,39,0.0,0.0,-0.0,0.0,-0.0,0,0,0,0,0.0,0,0,0,0,0,0,0,0,0,0,0,0,0,0,0,0,0,0,0,0,0,0,0,0,0,0,0,0,0,0,0,0,0,9,37,37,46,65476,408,65476,1,0,4,21553,0.0,-0.0,-0.0,0.0,0.0,0.0,0.0,0.0,0.0,0.0,0.0,0.0,0.0,0.0,0.0,0.0,0.0,0.0,0.0,0.0,0.0,2.004,-0.0,-0.0,-2.004,-0.0,0.0,0.0,0.0,0.0,6404.0,-2.004,0.0,2.718442270659078e+23,-0.0,0.0,-107616272.0,0.0,0.0,2.004,2.004,225,0.0,5.848077867044895e+35,0.0,0.0,0.0,0.0,0.0,0.0,0.0,0,0,0,-0.0,0.0,0.0,-7.277579124854171e+34,357047992320.0,0.051,0.143,7.153689025087319e+37,-0.0,-3.1024259893978726e+19,-0.0,110220.32,0.0,0.0,0.0,0.0,0,1.3516416376850534e+27,225,0.0,450,-0.0,0.0,2114,13107,17110,13107,17112,13107,17095,0,0,0,101,100,100,-107615216.0,63.55,0.0,64.0,0.0,64.0,1,49,50,180,0,13107,0,0,0.0,0.0,0.0,60.0,-0.0,70.5,0.0,3.550176802452275e+16,0.0,1070,0,1071,0,0,0,1071,0,1081,0,996,0,640,0,641,0,637,0,676,0.032,6.345679961356086e+21,0.0,0.0,45200,16812,-0.0,3.1309778874456343e+19,-0.0,-0.0,1.3591923122919238e+23,11012304535552.0,50.0,60.0,35,0.0,0.0,10.0,2.0,0.0,0.0,0.0,0.0,0.0,0.0,0.0,0.0,0.0,0.0,0.0,0.0,59.2,21,39,6,27,65476,540,65476,1,0,4,20529,65476,0,0,30147,60.0,0.0,10.0,10.0,2.0,0.0
2026-02-16T12:08:46,ERR,ERR,ERR,ERR,ERR,ERR,ERR,ERR,ERR,ERR,ERR,ERR,ERR,ERR,ERR,ERR,ERR,ERR,ERR,ERR,ERR,ERR,ERR,ERR,ERR,ERR,ERR,ERR,ERR,ERR,ERR,ERR,ERR,ERR,ERR,ERR,ERR,ERR,ERR,ERR,ERR,ERR,ERR,ERR,ERR,ERR,ERR,ERR,ERR,ERR,ERR,ERR,ERR,ERR,ERR,ERR,ERR,ERR,ERR,ERR,ERR,ERR,ERR,ERR,ERR,ERR,ERR,ERR,ERR,ERR,ERR,ERR,ERR,ERR,ERR,ERR,ERR,ERR,ERR,ERR,ERR,ERR,ERR,ERR,ERR,ERR,ERR,ERR,ERR,ERR,ERR,ERR,ERR,ERR,ERR,ERR,ERR,ERR,ERR,ERR,ERR,ERR,ERR,ERR,ERR,ERR,ERR,ERR,ERR,ERR,ERR,ERR,ERR,ERR,ERR,ERR,ERR,ERR,ERR,ERR,ERR,ERR,ERR,ERR,ERR,2.718442270659078e+23,-0.0,-0.0,-0.0,4.160414724153587e+31,-2.663516237673267e+16,-7.851656938512742e+37,0.0,4300,0,8,17175,4300,-0.0,39,0.0,0.0,-0.0,0.0,-0.0,0,0,0,0,0.0,0,0,0,0,0,0,0,0,0,0,0,0,0,0,0,0,0,0,0,0,0,0,0,0,0,0,0,0,0,0,0,0,0,9,37,37,46,65476,408,65476,1,0,4,21553,0.0,-0.0,-0.0,0.0,0.0,0.0,0.0,0.0,0.0,0.0,0.0,0.0,0.0,0.0,0.0,0.0,0.0,0.0,0.0,0.0,0.0,2.004,-0.0,-0.0,-2.004,-0.0,0.0,0.0,0.0,0.0,6404.0,-2.004,0.0,2.718442270659078e+23,-0.0,0.0,-107616272.0,0.0,0.0,2.004,2.004,225,0.0,5.848077867044895e+35,0.0,0.0,0.0,0.0,0.0,0.0,0.0,0,0,0,-0.0,0.0,0.0,-7.277579124854171e+34,357047992320.0,0.051,0.143,7.153689025087319e+37,-0.0,-3.1024259893978726e+19,-0.0,110220.32,0.0,0.0,0.0,0.0,0,1.3516416376850534e+27,225,0.0,450,-0.0,0.0,2114,13107,17110,13107,17112,13107,17095,0,0,0,101,100,100,-107615216.0,63.55,0.0,64.0,0.0,64.0,1,49,50,180,0,13107,0,0,0.0,0.0,0.0,60.0,-0.806,70.5,0.0,-0.0,0.0,1070,0,1071,0,0,0,1071,0,1081,0,996,0,640,0,641,0,637,0,676,0.032,6.16121252061899e+21,0.0,0.0,41616,16812,-0.0,-0.0,0.0,-0.0,-1931528448.0,-0.0,50.0,60.0,35,0.0,0.0,10.0,2.0,0.0,0.0,0.0,0.0,0.0,0.0,0.0,0.0,0.0,0.0,0.0,0.0,58.8,21,39,6,27,65476,540,65476,1,0,4,20529,65476,0,0,30147,60.0,0.0,10.0,10.0,2.0,0.0
2026-02-16T12:08:47,ERR,ERR,ERR,ERR,ERR,ERR,ERR,ERR,ERR,ERR,ERR,ERR,ERR,ERR,ERR,ERR,ERR,ERR,ERR,ERR,ERR,ERR,ERR,ERR,ERR,ERR,ERR,ERR,ERR,ERR,ERR,ERR,ERR,ERR,ERR,ERR,ERR,ERR,ERR,ERR,ERR,ERR,ERR,ERR,ERR,ERR,ERR,ERR,ERR,ERR,ERR,ERR,ERR,ERR,ERR,ERR,ERR,ERR,ERR,ERR,ERR,ERR,ERR,ERR,ERR,ERR,ERR,ERR,ERR,ERR,ERR,ERR,ERR,ERR,ERR,ERR,ERR,ERR,ERR,ERR,ERR,ERR,ERR,ERR,ERR,ERR,ERR,ERR,ERR,ERR,ERR,ERR,ERR,ERR,ERR,ERR,ERR,ERR,ERR,ERR,ERR,ERR,ERR,ERR,ERR,ERR,ERR,ERR,ERR,ERR,ERR,ERR,ERR,ERR,ERR,ERR,ERR,ERR,ERR,ERR,ERR,ERR,ERR,ERR,ERR,2.718442270659078e+23,-0.0,-0.0,-0.0,4.160414724153587e+31,-23328.539,-6.407595738204733e+17,0.0,4300,0,8,17171,4300,-0.0,39,0.0,0.0,-0.0,0.0,-0.0,0,0,0,0,0.0,0,0,0,0,0,0,0,0,0,0,0,0,0,0,0,0,0,0,0,0,0,0,0,0,0,0,0,0,0,0,0,0,0,9,37,37,46,65476,408,65476,1,0,4,21553,0.0,0.0,7.699471070946691e+34,0.0,0.0,0.0,0.0,0.0,0.0,0.0,0.0,0.0,0.0,0.0,0.0,0.0,0.0,0.0,0.0,0.0,0.0,2.004,-0.0,-0.0,-2.004,2.004,0.0,0.0,0.0,0.0,6404.0,2.4230005866688325e+24,0.0,2.718442270659078e+23,-0.0,0.0,-0.0,0.0,0.0,2.004,2.004,224,0.0,71.63,0.0,0.0,0.0,0.0,0.0,0.0,0.0,0,0,0,-0.0,-0.0,0.0,-1.1421922632881246e+33,3700.215,-0.0,0.0,-0.006,0.0,-3.2753642150888997e+19,-0.0,117388.32,0.0,0.0,0.0,5.589735527443336e+34,0,1.3516416376850534e+27,223,0.0,446,-0.0,0.0,2114,13107,17110,13107,17112,13107,17095,0,0,0,101,100,100,-107615216.0,63.55,0.0,64.0,0.0,64.0,1,49,50,180,0,13107,0,0,0.0,0.0,0.0,60.0,-0.806,70.5,0.0,-0.0,0.0,1070,0,1071,0,0,0,1071,0,1081,0,996,0,640,0,641,0,637,0,676,0.032,6.16121252061899e+21,0.0,0.0,41616,16812,-0.0,-0.0,0.0,-0.0,-1931528448.0,-0.0,50.0,60.0,35,0.0,0.0,10.0,2.0,0.0,0.0,0.0,0.0,0.0,0.0,0.0,0.0,0.0,0.0,0.0,0.0,58.8,21,39,6,27,65476,540,65476,1,0,4,20529,65476,0,0,30147,60.0,0.0,10.0,10.0,2.0,0.0
2026-02-16T12:08:48,ERR,ERR,ERR,ERR,ERR,ERR,ERR,ERR,ERR,ERR,ERR,ERR,ERR,ERR,ERR,ERR,ERR,ERR,ERR,ERR,ERR,ERR,ERR,ERR,ERR,ERR,ERR,ERR,ERR,ERR,ERR,ERR,ERR,ERR,ERR,ERR,ERR,ERR,ERR,ERR,ERR,ERR,ERR,ERR,ERR,ERR,ERR,ERR,ERR,ERR,ERR,ERR,ERR,ERR,ERR,ERR,ERR,ERR,ERR,ERR,ERR,ERR,ERR,ERR,ERR,ERR,ERR,ERR,ERR,ERR,ERR,ERR,ERR,ERR,ERR,ERR,ERR,ERR,ERR,ERR,ERR,ERR,ERR,ERR,ERR,ERR,ERR,ERR,ERR,ERR,ERR,ERR,ERR,ERR,ERR,ERR,ERR,ERR,ERR,ERR,ERR,ERR,ERR,ERR,ERR,ERR,ERR,ERR,ERR,ERR,ERR,ERR,ERR,ERR,ERR,ERR,ERR,ERR,ERR,ERR,ERR,ERR,ERR,ERR,ERR,2.718442270659078e+23,-0.0,-0.0,-0.0,4.160414724153587e+31,-23328.539,-6.407595738204733e+17,0.0,4300,0,8,17171,4300,-0.0,39,0.0,0.0,-0.0,0.0,-0.0,0,0,0,0,0.0,0,0,0,0,0,0,0,0,0,0,0,0,0,0,0,0,0,0,0,0,0,0,0,0,0,0,0,0,0,0,0,0,0,9,37,37,46,65476,408,65476,1,0,4,21553,0.0,0.0,7.699471070946691e+34,0.0,0.0,0.0,0.0,0.0,0.0,0.0,0.0,0.0,0.0,0.0,0.0,0.0,0.0,0.0,0.0,0.0,0.0,2.004,-0.0,-0.0,-2.004,2.004,0.0,0.0,0.0,0.0,6404.0,2.4230005866688325e+24,0.0,2.718442270659078e+23,-0.0,0.0,-0.0,0.0,0.0,2.004,2.004,224,0.0,71.63,0.0,0.0,0.0,0.0,0.0,0.0,0.0,0,0,0,-0.0,-0.0,0.0,-1.1421922632881246e+33,3700.215,-0.0,0.0,-0.006,0.0,-3.2753642150888997e+19,-0.0,117388.32,0.0,0.0,0.0,5.589735527443336e+34,0,1.3516416376850534e+27,223,0.0,446,-0.0,0.0,2114,13107,17110,13107,17112,13107,17095,0,0,0,101,100,100,-107615216.0,63.55,0.0,64.0,0.0,64.0,1,49,50,180,0,13107,0,0,0.0,0.0,0.0,60.0,-0.806,70.5,0.0,-0.0,0.0,1070,0,1071,0,0,0,1071,0,1081,0,996,0,640,0,641,0,637,0,676,0.032,6.16121252061899e+21,0.0,0.0,41616,16812,-0.0,-0.0,0.0,-0.0,-1931528448.0,-0.0,50.0,60.0,35,0.0,0.0,10.0,2.0,0.0,0.0,0.0,0.0,0.0,0.0,0.0,0.0,0.0,0.0,0.0,0.0,58.8,22,38,5,27,65476,546,65476,1,0,4,20529,65476,0,0,30147,60.0,0.0,10.0,10.0,2.0,0.0
2026-02-16T12:08:49,ERR,ERR,ERR,ERR,ERR,ERR,ERR,ERR,ERR,ERR,ERR,ERR,ERR,ERR,ERR,ERR,ERR,ERR,ERR,ERR,ERR,ERR,ERR,ERR,ERR,ERR,ERR,ERR,ERR,ERR,ERR,ERR,ERR,ERR,ERR,ERR,ERR,ERR,ERR,ERR,ERR,ERR,ERR,ERR,ERR,ERR,ERR,ERR,ERR,ERR,ERR,ERR,ERR,ERR,ERR,ERR,ERR,ERR,ERR,ERR,ERR,ERR,ERR,ERR,ERR,ERR,ERR,ERR,ERR,ERR,ERR,ERR,ERR,ERR,ERR,ERR,ERR,ERR,ERR,ERR,ERR,ERR,ERR,ERR,ERR,ERR,ERR,ERR,ERR,ERR,ERR,ERR,ERR,ERR,ERR,ERR,ERR,ERR,ERR,ERR,ERR,ERR,ERR,ERR,ERR,ERR,ERR,ERR,ERR,ERR,ERR,ERR,ERR,ERR,ERR,ERR,ERR,ERR,ERR,ERR,ERR,ERR,ERR,ERR,ERR,2.718442270659078e+23,-0.0,-0.0,-0.0,4.160414724153587e+31,-23328.539,-6.407595738204733e+17,0.0,4300,0,8,17171,4300,-0.0,39,0.0,0.0,-0.0,0.0,-0.0,0,0,0,0,0.0,0,0,0,0,0,0,0,0,0,0,0,0,0,0,0,0,0,0,0,0,0,0,0,0,0,0,0,0,0,0,0,0,0,9,37,37,46,65476,408,65476,1,0,4,21553,0.0,0.0,7.699471070946691e+34,0.0,0.0,0.0,0.0,0.0,0.0,0.0,0.0,0.0,0.0,0.0,0.0,0.0,0.0,0.0,0.0,0.0,0.0,2.004,-0.0,-0.0,-2.004,2.004,0.0,0.0,0.0,0.0,6404.0,2.4230005866688325e+24,0.0,2.718442270659078e+23,-0.0,0.0,-0.0,0.0,0.0,2.004,2.004,224,0.0,71.63,0.0,0.0,0.0,0.0,0.0,0.0,0.0,0,0,0,-0.0,-0.0,0.0,-1.1421922632881246e+33,3700.215,-0.0,0.0,-0.006,0.0,-3.2753642150888997e+19,-0.0,117388.32,0.0,0.0,0.0,5.589735527443336e+34,0,1.3516416376850534e+27,223,0.0,446,-0.0,0.0,2114,13107,17110,13107,17112,13107,17095,0,0,0,101,100,100,-107615216.0,63.55,0.0,64.0,0.0,64.0,1,49,50,180,0,13107,0,0,0.0,0.0,0.0,60.0,-0.002,70.5,0.0,-0.0,0.0,1070,0,1071,0,0,0,1072,0,1081,0,996,0,640,0,641,0,637,0,676,0.032,6.234999496913828e+21,0.0,0.0,49552,16812,-0.002,-0.0,0.0,-0.0,-2953316.5,-0.0,50.0,60.0,35,0.0,0.0,10.0,2.0,0.0,0.0,0.0,0.0,0.0,0.0,0.0,0.0,0.0,0.0,0.0,0.0,58.8,23,37,4,27,65476,568,65476,1,0,4,20529,65476,0,0,30147,60.0,0.0,10.0,10.0,2.0,0.0
2026-02-16T12:08:50,ERR,ERR,ERR,ERR,ERR,ERR,ERR,ERR,ERR,ERR,ERR,ERR,ERR,ERR,ERR,ERR,ERR,ERR,ERR,ERR,ERR,ERR,ERR,ERR,ERR,ERR,ERR,ERR,ERR,ERR,ERR,ERR,ERR,ERR,ERR,ERR,ERR,ERR,ERR,ERR,ERR,ERR,ERR,ERR,ERR,ERR,ERR,ERR,ERR,ERR,ERR,ERR,ERR,ERR,ERR,ERR,ERR,ERR,ERR,ERR,ERR,ERR,ERR,ERR,ERR,ERR,ERR,ERR,ERR,ERR,ERR,ERR,ERR,ERR,ERR,ERR,ERR,ERR,ERR,ERR,ERR,ERR,ERR,ERR,ERR,ERR,ERR,ERR,ERR,ERR,ERR,ERR,ERR,ERR,ERR,ERR,ERR,ERR,ERR,ERR,ERR,ERR,ERR,ERR,ERR,ERR,ERR,ERR,ERR,ERR,ERR,ERR,ERR,ERR,ERR,ERR,ERR,ERR,ERR,ERR,ERR,ERR,ERR,ERR,ERR,2.718442270659078e+23,-0.0,-0.0,-0.0,4.160414724153587e+31,-23328.539,-6.407595738204733e+17,0.0,4300,0,8,17171,4300,-0.0,39,0.0,0.0,-0.0,0.0,-0.0,0,0,0,0,0.0,0,0,0,0,0,0,0,0,0,0,0,0,0,0,0,0,0,0,0,0,0,0,0,0,0,0,0,0,0,0,0,0,0,9,37,37,46,65476,408,65476,1,0,4,21553,0.0,0.0,7.699471070946691e+34,0.0,0.0,0.0,0.0,0.0,0.0,0.0,0.0,0.0,0.0,0.0,0.0,0.0,0.0,0.0,0.0,0.0,0.0,2.004,-0.0,-0.0,-2.004,2.004,0.0,0.0,0.0,0.0,6404.0,2.4230005866688325e+24,0.0,2.718442270659078e+23,-0.0,0.0,-0.0,0.0,0.0,2.004,2.004,224,0.0,71.63,0.0,0.0,0.0,0.0,0.0,0.0,0.0,0,0,0,-0.0,-0.0,0.0,-1.1421922632881246e+33,3700.215,-0.0,0.0,-0.006,0.0,-3.2753642150888997e+19,-0.0,117388.32,0.0,0.0,0.0,5.589735527443336e+34,0,1.3516416376850534e+27,223,0.0,446,-0.0,0.0,2114,13107,17110,13107,17112,13107,17095,0,0,0,101,100,100,-107615216.0,63.55,0.0,64.0,0.0,64.0,1,49,50,180,0,13107,0,0,0.0,0.0,0.0,60.0,-0.002,70.5,0.0,-0.0,0.0,1070,0,1071,0,0,0,1072,0,1081,0,996,0,640,0,641,0,637,0,676,0.032,6.234999496913828e+21,0.0,0.0,49552,16812,-0.002,-0.0,0.0,-0.0,-2953316.5,-0.0,50.0,60.0,35,0.0,0.0,10.0,2.0,0.0,0.0,0.0,0.0,0.0,0.0,0.0,0.0,0.0,0.0,0.0,0.0,58.8,23,37,4,27,65476,568,65476,1,0,4,20529,65476,0,0,30147,60.0,0.0,10.0,10.0,2.0,0.0
2026-02-16T12:08:51,ERR,ERR,ERR,ERR,ERR,ERR,ERR,ERR,ERR,ERR,ERR,ERR,ERR,ERR,ERR,ERR,ERR,ERR,ERR,ERR,ERR,ERR,ERR,ERR,ERR,ERR,ERR,ERR,ERR,ERR,ERR,ERR,ERR,ERR,ERR,ERR,ERR,ERR,ERR,ERR,ERR,ERR,ERR,ERR,ERR,ERR,ERR,ERR,ERR,ERR,ERR,ERR,ERR,ERR,ERR,ERR,ERR,ERR,ERR,ERR,ERR,ERR,ERR,ERR,ERR,ERR,ERR,ERR,ERR,ERR,ERR,ERR,ERR,ERR,ERR,ERR,ERR,ERR,ERR,ERR,ERR,ERR,ERR,ERR,ERR,ERR,ERR,ERR,ERR,ERR,ERR,ERR,ERR,ERR,ERR,ERR,ERR,ERR,ERR,ERR,ERR,ERR,ERR,ERR,ERR,ERR,ERR,ERR,ERR,ERR,ERR,ERR,ERR,ERR,ERR,ERR,ERR,ERR,ERR,ERR,ERR,ERR,ERR,ERR,ERR,2.718442270659078e+23,-0.0,-0.0,-0.0,4.160414724153587e+31,-23328.539,-6.407595738204733e+17,0.0,4300,0,8,17171,4300,-0.0,39,0.0,0.0,-0.0,0.0,-0.0,0,0,0,0,0.0,0,0,0,0,0,0,0,0,0,0,0,0,0,0,0,0,0,0,0,0,0,0,0,0,0,0,0,0,0,0,0,0,0,9,37,37,46,65476,408,65476,1,0,4,21553,0.0,0.0,7.699471070946691e+34,0.0,0.0,0.0,0.0,0.0,0.0,0.0,0.0,0.0,0.0,0.0,0.0,0.0,0.0,0.0,0.0,0.0,0.0,2.004,-0.0,-0.0,-2.004,2.004,0.0,0.0,0.0,0.0,6404.0,2.4230005866688325e+24,0.0,2.718442270659078e+23,-0.0,0.0,-0.0,0.0,0.0,2.004,2.004,224,0.0,71.63,0.0,0.0,0.0,0.0,0.0,0.0,0.0,0,0,0,-0.0,-0.0,0.0,-1.1421922632881246e+33,3700.215,-0.0,0.0,-0.006,0.0,-3.2753642150888997e+19,-0.0,117388.32,0.0,0.0,0.0,5.589735527443336e+34,0,1.3516416376850534e+27,223,0.0,446,-0.0,0.0,2114,13107,17110,13107,17112,13107,17095,0,0,0,101,100,100,-107615216.0,63.55,0.0,64.0,0.0,64.0,1,49,50,180,0,13107,0,0,0.0,0.0,0.0,60.0,-0.002,70.5,0.0,-0.0,0.0,1070,0,1071,0,0,0,1072,0,1081,0,996,0,640,0,641,0,637,0,676,0.032,6.234999496913828e+21,0.0,0.0,49552,16812,-0.002,-0.0,0.0,-0.0,-2953316.5,-0.0,50.0,60.0,35,0.0,0.0,10.0,2.0,0.0,0.0,0.0,0.0,0.0,0.0,0.0,0.0,0.0,0.0,0.0,0.0,58.8,24,36,3,27,65476,568,65476,1,0,4,20529,65476,0,0,30147,60.0,0.0,10.0,10.0,2.0,0.0
2026-02-16T12:08:52,ERR,ERR,ERR,ERR,ERR,ERR,ERR,ERR,ERR,ERR,ERR,ERR,ERR,ERR,ERR,ERR,ERR,ERR,ERR,ERR,ERR,ERR,ERR,ERR,ERR,ERR,ERR,ERR,ERR,ERR,ERR,ERR,ERR,ERR,ERR,ERR,ERR,ERR,ERR,ERR,ERR,ERR,ERR,ERR,ERR,ERR,ERR,ERR,ERR,ERR,ERR,ERR,ERR,ERR,ERR,ERR,ERR,ERR,ERR,ERR,ERR,ERR,ERR,ERR,ERR,ERR,ERR,ERR,ERR,ERR,ERR,ERR,ERR,ERR,ERR,ERR,ERR,ERR,ERR,ERR,ERR,ERR,ERR,ERR,ERR,ERR,ERR,ERR,ERR,ERR,ERR,ERR,ERR,ERR,ERR,ERR,ERR,ERR,ERR,ERR,ERR,ERR,ERR,ERR,ERR,ERR,ERR,ERR,ERR,ERR,ERR,ERR,ERR,ERR,ERR,ERR,ERR,ERR,ERR,ERR,ERR,ERR,ERR,ERR,ERR,2.718442270659078e+23,-0.0,-0.0,-0.0,4.160414724153587e+31,6.985398536077972e+34,1.8833739112618394e+17,nan,4300,0,8,17171,4300,-0.0,39,0.0,0.0,-0.0,0.0,-0.0,0,0,0,0,0.0,0,0,0,0,0,0,0,0,0,0,0,0,0,0,0,0,0,0,0,0,0,0,0,0,0,0,0,0,0,0,0,0,0,9,37,37,46,65476,407,65476,1,0,4,21553,0.0,2.7183305813883192e+23,3.8784380295605985e+23,0.0,0.0,0.0,0.0,0.0,0.0,0.0,0.0,0.0,0.0,0.0,0.0,0.0,0.0,0.0,0.0,0.0,0.0,2.004,-0.0,-0.0,-2.004,0.0,0.0,0.0,0.0,0.0,6430.0,-1.040670703999141e+34,0.0,2.718442270659078e+23,-0.0,0.0,-0.0,0.0,0.0,2.004,2.004,224,-4.9504015179484054e+32,-4.9504227950428306e+32,0.0,0.0,0.0,0.0,0.0,0.0,0.0,0,0,0,-0.0,0.0,0.0,-0.0,3.158451604391199e+17,-4.221715355455254e+27,7292794875936768.0,0.0,-0.0,-3.4627139595875123e+19,-0.0,123532.32,0.0,0.0,0.0,515926556672.0,0,1.3516416376850534e+27,224,0.0,450,-0.0,-0.0,2114,26215,17110,13107,17112,13107,17095,0,0,0,101,100,100,-107615216.0,63.55,0.0,64.0,0.0,64.0,1,49,50,180,0,13107,0,0,0.0,0.0,0.0,60.0,-541.04,70.5,0.0,1.1204061638155783e+24,0.0,1070,0,1071,0,0,0,1071,0,1081,0,996,0,640,0,641,0,637,0,676,0.032,8.005886927989945e+21,0.0,0.0,52880,16812,-0.0,-0.0,0.0,-1642100992.0,-0.017,-0.0,50.0,60.0,35,0.0,0.0,10.0,2.0,0.0,0.0,0.0,0.0,0.0,0.0,0.0,0.0,0.0,0.0,0.0,0.0,58.8,24,36,3,27,65476,568,65476,1,0,4,20529,65476,0,0,30147,60.0,0.0,10.0,10.0,2.0,0.0
2026-02-16T12:08:53,ERR,ERR,ERR,ERR,ERR,ERR,ERR,ERR,ERR,ERR,ERR,ERR,ERR,ERR,ERR,ERR,ERR,ERR,ERR,ERR,ERR,ERR,ERR,ERR,ERR,ERR,ERR,ERR,ERR,ERR,ERR,ERR,ERR,ERR,ERR,ERR,ERR,ERR,ERR,ERR,ERR,ERR,ERR,ERR,ERR,ERR,ERR,ERR,ERR,ERR,ERR,ERR,ERR,ERR,ERR,ERR,ERR,ERR,ERR,ERR,ERR,ERR,ERR,ERR,ERR,ERR,ERR,ERR,ERR,ERR,ERR,ERR,ERR,ERR,ERR,ERR,ERR,ERR,ERR,ERR,ERR,ERR,ERR,ERR,ERR,ERR,ERR,ERR,ERR,ERR,ERR,ERR,ERR,ERR,ERR,ERR,ERR,ERR,ERR,ERR,ERR,ERR,ERR,ERR,ERR,ERR,ERR,ERR,ERR,ERR,ERR,ERR,ERR,ERR,ERR,ERR,ERR,ERR,ERR,ERR,ERR,ERR,ERR,ERR,ERR,2.718442270659078e+23,-0.0,-0.0,-0.0,4.160414724153587e+31,6.985398536077972e+34,1.8833739112618394e+17,nan,4300,0,8,17171,4300,-0.0,39,0.0,0.0,-0.0,0.0,-0.0,0,0,0,0,0.0,0,0,0,0,0,0,0,0,0,0,0,0,0,0,0,0,0,0,0,0,0,0,0,0,0,0,0,0,0,0,0,0,0,9,37,37,46,65476,407,65476,1,0,4,21553,0.0,2.7183305813883192e+23,3.8784380295605985e+23,0.0,0.0,0.0,0.0,0.0,0.0,0.0,0.0,0.0,0.0,0.0,0.0,0.0,0.0,0.0,0.0,0.0,0.0,2.004,-0.0,-0.0,-2.004,0.0,0.0,0.0,0.0,0.0,6430.0,-1.040670703999141e+34,0.0,2.718442270659078e+23,-0.0,0.0,-0.0,0.0,0.0,2.004,2.004,224,-4.9504015179484054e+32,-4.9504227950428306e+32,0.0,0.0,0.0,0.0,0.0,0.0,0.0,0,0,0,-0.0,0.0,0.0,-0.0,3.158451604391199e+17,-4.221715355455254e+27,7292794875936768.0,0.0,-0.0,-3.4627139595875123e+19,-0.0,123532.32,0.0,0.0,0.0,515926556672.0,0,1.3516416376850534e+27,224,0.0,450,-0.0,-0.0,2114,26215,17110,13107,17112,13107,17095,0,0,0,101,100,100,-107615216.0,63.55,0.0,64.0,0.0,64.0,1,49,50,180,0,13107,0,0,0.0,0.0,0.0,60.0,-541.04,70.5,0.0,1.1204061638155783e+24,0.0,1070,0,1071,0,0,0,1071,0,1081,0,996,0,640,0,641,0,637,0,676,0.032,8.005886927989945e+21,0.0,0.0,52880,16812,-0.0,-0.0,0.0,-1642100992.0,-0.017,-0.0,50.0,60.0,35,0.0,0.0,10.0,2.0,0.0,0.0,0.0,0.0,0.0,0.0,0.0,0.0,0.0,0.0,0.0,0.0,58.8,28,32,65535,27,65476,632,65476,1,0,4,20529,65476,0,0,30147,60.0,0.0,10.0,10.0,2.0,0.0
2026-02-16T12:08:54,ERR,ERR,ERR,ERR,ERR,ERR,ERR,ERR,ERR,ERR,ERR,ERR,ERR,ERR,ERR,ERR,ERR,ERR,ERR,ERR,ERR,ERR,ERR,ERR,ERR,ERR,ERR,ERR,ERR,ERR,ERR,ERR,ERR,ERR,ERR,ERR,ERR,ERR,ERR,ERR,ERR,ERR,ERR,ERR,ERR,ERR,ERR,ERR,ERR,ERR,ERR,ERR,ERR,ERR,ERR,ERR,ERR,ERR,ERR,ERR,ERR,ERR,ERR,ERR,ERR,ERR,ERR,ERR,ERR,ERR,ERR,ERR,ERR,ERR,ERR,ERR,ERR,ERR,ERR,ERR,ERR,ERR,ERR,ERR,ERR,ERR,ERR,ERR,ERR,ERR,ERR,ERR,ERR,ERR,ERR,ERR,ERR,ERR,ERR,ERR,ERR,ERR,ERR,ERR,ERR,ERR,ERR,ERR,ERR,ERR,ERR,ERR,ERR,ERR,ERR,ERR,ERR,ERR,ERR,ERR,ERR,ERR,ERR,ERR,ERR,2.718442270659078e+23,-0.0,-0.0,-0.0,4.160414724153587e+31,6.985398536077972e+34,1.8833739112618394e+17,nan,4300,0,8,17171,4300,-0.0,39,0.0,0.0,-0.0,0.0,-0.0,0,0,0,0,0.0,0,0,0,0,0,0,0,0,0,0,0,0,0,0,0,0,0,0,0,0,0,0,0,0,0,0,0,0,0,0,0,0,0,9,37,37,46,65476,407,65476,1,0,4,21553,0.0,2.7183305813883192e+23,3.8784380295605985e+23,0.0,0.0,0.0,0.0,0.0,0.0,0.0,0.0,0.0,0.0,0.0,0.0,0.0,0.0,0.0,0.0,0.0,0.0,2.004,-0.0,-0.0,-2.004,0.0,0.0,0.0,0.0,0.0,6430.0,-1.040670703999141e+34,0.0,2.718442270659078e+23,-0.0,0.0,-0.0,0.0,0.0,2.004,2.004,224,-4.9504015179484054e+32,-4.9504227950428306e+32,0.0,0.0,0.0,0.0,0.0,0.0,0.0,0,0,0,-0.0,0.0,0.0,-0.0,3.158451604391199e+17,-4.221715355455254e+27,7292794875936768.0,0.0,-0.0,-3.4627139595875123e+19,-0.0,123532.32,0.0,0.0,0.0,515926556672.0,0,1.3516416376850534e+27,224,0.0,450,-0.0,-0.0,2114,26215,17110,13107,17112,13107,17095,0,0,0,101,100,100,-107615216.0,63.55,0.0,64.0,0.0,64.0,1,49,50,180,0,13107,0,0,0.0,0.0,0.0,60.0,-541.04,70.5,0.0,1.1204061638155783e+24,0.0,1070,0,1071,0,0,0,1071,0,1081,0,996,0,640,0,641,0,637,0,676,0.032,8.005886927989945e+21,0.0,0.0,52880,16812,-0.0,-0.0,0.0,-1642100992.0,-0.017,-0.0,50.0,60.0,35,0.0,0.0,10.0,2.0,0.0,0.0,0.0,0.0,0.0,0.0,0.0,0.0,0.0,0.0,0.0,0.0,58.8,35,25,65528,27,65476,632,65476,1,0,4,20529,65476,0,0,30147,60.0,0.0,10.0,10.0,2.0,0.0
2026-02-16T12:08:55,ERR,ERR,ERR,ERR,ERR,ERR,ERR,ERR,ERR,ERR,ERR,ERR,ERR,ERR,ERR,ERR,ERR,ERR,ERR,ERR,ERR,ERR,ERR,ERR,ERR,ERR,ERR,ERR,ERR,ERR,ERR,ERR,ERR,ERR,ERR,ERR,ERR,ERR,ERR,ERR,ERR,ERR,ERR,ERR,ERR,ERR,ERR,ERR,ERR,ERR,ERR,ERR,ERR,ERR,ERR,ERR,ERR,ERR,ERR,ERR,ERR,ERR,ERR,ERR,ERR,ERR,ERR,ERR,ERR,ERR,ERR,ERR,ERR,ERR,ERR,ERR,ERR,ERR,ERR,ERR,ERR,ERR,ERR,ERR,ERR,ERR,ERR,ERR,ERR,ERR,ERR,ERR,ERR,ERR,ERR,ERR,ERR,ERR,ERR,ERR,ERR,ERR,ERR,ERR,ERR,ERR,ERR,ERR,ERR,ERR,ERR,ERR,ERR,ERR,ERR,ERR,ERR,ERR,ERR,ERR,ERR,ERR,ERR,ERR,ERR,2.718442270659078e+23,-0.0,-0.0,-0.0,4.160414724153587e+31,6.985398536077972e+34,1.8833739112618394e+17,nan,4300,0,8,17171,4300,-0.0,39,0.0,0.0,-0.0,0.0,-0.0,0,0,0,0,0.0,0,0,0,0,0,0,0,0,0,0,0,0,0,0,0,0,0,0,0,0,0,0,0,0,0,0,0,0,0,0,0,0,0,9,37,37,46,65476,407,65476,1,0,4,21553,0.0,2.7183305813883192e+23,3.8784380295605985e+23,0.0,0.0,0.0,0.0,0.0,0.0,0.0,0.0,0.0,0.0,0.0,0.0,0.0,0.0,0.0,0.0,0.0,0.0,2.004,-0.0,-0.0,-2.004,0.0,0.0,0.0,0.0,0.0,6430.0,-1.040670703999141e+34,0.0,2.718442270659078e+23,-0.0,0.0,-0.0,0.0,0.0,2.004,2.004,224,-4.9504015179484054e+32,-4.9504227950428306e+32,0.0,0.0,0.0,0.0,0.0,0.0,0.0,0,0,0,-0.0,0.0,0.0,-0.0,3.158451604391199e+17,-4.221715355455254e+27,7292794875936768.0,0.0,-0.0,-3.4627139595875123e+19,-0.0,123532.32,0.0,0.0,0.0,515926556672.0,0,1.3516416376850534e+27,224,0.0,450,-0.0,-0.0,2114,26215,17110,13107,17112,13107,17095,0,0,0,101,100,100,-107615216.0,63.55,0.0,64.0,0.0,64.0,1,49,50,180,0,13107,0,0,0.0,0.0,0.0,60.0,-541.04,70.5,0.0,1.1204061638155783e+24,0.0,1070,0,1071,0,0,0,1071,0,1081,0,996,0,640,0,641,0,637,0,676,0.032,8.005886927989945e+21,0.0,0.0,52880,16812,-0.0,-0.0,0.0,-1642100992.0,-0.017,-0.0,50.0,60.0,35,0.0,0.0,10.0,2.0,0.0,0.0,0.0,0.0,0.0,0.0,0.0,0.0,0.0,0.0,0.0,0.0,58.8,35,25,65528,27,65476,632,65476,1,0,4,20529,65476,0,0,30147,60.0,0.0,10.0,10.0,2.0,0.0
2026-02-16T12:08:56,ERR,ERR,ERR,ERR,ERR,ERR,ERR,ERR,ERR,ERR,ERR,ERR,ERR,ERR,ERR,ERR,ERR,ERR,ERR,ERR,ERR,ERR,ERR,ERR,ERR,ERR,ERR,ERR,ERR,ERR,ERR,ERR,ERR,ERR,ERR,ERR,ERR,ERR,ERR,ERR,ERR,ERR,ERR,ERR,ERR,ERR,ERR,ERR,ERR,ERR,ERR,ERR,ERR,ERR,ERR,ERR,ERR,ERR,ERR,ERR,ERR,ERR,ERR,ERR,ERR,ERR,ERR,ERR,ERR,ERR,ERR,ERR,ERR,ERR,ERR,ERR,ERR,ERR,ERR,ERR,ERR,ERR,ERR,ERR,ERR,ERR,ERR,ERR,ERR,ERR,ERR,ERR,ERR,ERR,ERR,ERR,ERR,ERR,ERR,ERR,ERR,ERR,ERR,ERR,ERR,ERR,ERR,ERR,ERR,ERR,ERR,ERR,ERR,ERR,ERR,ERR,ERR,ERR,ERR,ERR,ERR,ERR,ERR,ERR,ERR,2.718442270659078e+23,-0.0,-0.0,-0.0,4.160414724153587e+31,6.985398536077972e+34,1.8833739112618394e+17,nan,4300,0,8,17171,4300,-0.0,39,0.0,0.0,-0.0,0.0,-0.0,0,0,0,0,0.0,0,0,0,0,0,0,0,0,0,0,0,0,0,0,0,0,0,0,0,0,0,0,0,0,0,0,0,0,0,0,0,0,0,9,37,37,46,65476,407,65476,1,0,4,21553,0.0,2.7183305813883192e+23,3.8784380295605985e+23,0.0,0.0,0.0,0.0,0.0,0.0,0.0,0.0,0.0,0.0,0.0,0.0,0.0,0.0,0.0,0.0,0.0,0.0,2.004,-0.0,-0.0,-2.004,0.0,0.0,0.0,0.0,0.0,6430.0,-1.040670703999141e+34,0.0,2.718442270659078e+23,-0.0,0.0,-0.0,0.0,0.0,2.004,2.004,224,-4.9504015179484054e+32,-4.9504227950428306e+32,0.0,0.0,0.0,0.0,0.0,0.0,0.0,0,0,0,-0.0,0.0,0.0,-0.0,3.158451604391199e+17,-4.221715355455254e+27,7292794875936768.0,0.0,-0.0,-3.4627139595875123e+19,-0.0,123532.32,0.0,0.0,0.0,515926556672.0,0,1.3516416376850534e+27,224,0.0,450,-0.0,-0.0,2114,26215,17110,13107,17112,13107,17095,0,0,0,101,100,100,-107615216.0,63.55,0.0,64.0,0.0,64.0,1,49,50,180,0,13107,0,0,0.0,0.0,0.0,60.0,-7946031857664.0,70.5,0.0,-1.2321775715846586e+28,0.0,1070,0,1071,0,0,0,1072,0,1081,0,996,0,640,0,641,0,637,0,676,0.032,6.198106008766409e+21,0.0,0.0,57232,16812,-7946031857664.0,-1.2321775715846586e+28,-1189676144656384.0,0.0,-0.0,5.7868280848919654e+32,50.0,60.0,35,0.0,0.0,10.0,2.0,0.0,0.0,0.0,0.0,0.0,0.0,0.0,0.0,0.0,0.0,0.0,0.0,58.8,39,22,65524,27,65476,714,65476,1,0,4,20529,65476,0,0,30147,60.0,0.0,10.0,10.0,2.0,0.0
2026-02-16T12:08:57,ERR,ERR,ERR,ERR,ERR,ERR,ERR,ERR,ERR,ERR,ERR,ERR,ERR,ERR,ERR,ERR,ERR,ERR,ERR,ERR,ERR,ERR,ERR,ERR,ERR,ERR,ERR,ERR,ERR,ERR,ERR,ERR,ERR,ERR,ERR,ERR,ERR,ERR,ERR,ERR,ERR,ERR,ERR,ERR,ERR,ERR,ERR,ERR,ERR,ERR,ERR,ERR,ERR,ERR,ERR,ERR,ERR,ERR,ERR,ERR,ERR,ERR,ERR,ERR,ERR,ERR,ERR,ERR,ERR,ERR,ERR,ERR,ERR,ERR,ERR,ERR,ERR,ERR,ERR,ERR,ERR,ERR,ERR,ERR,ERR,ERR,ERR,ERR,ERR,ERR,ERR,ERR,ERR,ERR,ERR,ERR,ERR,ERR,ERR,ERR,ERR,ERR,ERR,ERR,ERR,ERR,ERR,ERR,ERR,ERR,ERR,ERR,ERR,ERR,ERR,ERR,ERR,ERR,ERR,ERR,ERR,ERR,ERR,ERR,ERR,2.718442270659078e+23,-0.0,-0.0,-0.0,4.160414724153587e+31,-0.0,-0.0,309775204352.0,4300,0,8,17171,4300,-0.0,39,0.0,0.0,-0.0,0.0,-0.0,0,0,0,0,0.0,0,0,0,0,0,0,0,0,0,0,0,0,0,0,0,0,0,0,0,0,0,0,0,0,0,0,0,0,0,0,0,0,0,9,37,37,46,65476,406,65476,1,0,4,21553,0.0,-0.0,8136675955834880.0,0.0,0.0,0.0,0.0,0.0,0.0,0.0,0.0,0.0,0.0,0.0,0.0,0.0,0.0,0.0,0.0,0.0,0.0,2.004,-0.0,-0.0,-3.697074423243316e+19,-2.004,0.0,0.0,0.0,0.0,6392.0,-0.0,0.0,2.718442270659078e+23,-0.0,0.0,0.0,0.0,0.0,2.004,2.004,223,-0.0,89220.992,0.0,0.0,0.0,0.0,0.0,0.0,0.0,0,0,0,-0.0,0.0,0.0,28086095872.0,1.4138474006427415e+20,7.45560897633423e+31,-3.1775660365097273e+25,9.267,0.0,-3.6356521852785394e+19,-0.0,129676.32,0.0,0.0,0.0,0.0,0,1.3516416376850534e+27,223,0.0,446,0.0,4.6893839926962287e+24,2114,26215,17110,13107,17112,13107,17095,0,0,0,101,100,100,-107615216.0,63.55,0.0,64.0,0.0,64.0,1,49,50,180,0,13107,0,0,0.0,0.0,0.0,60.0,-7946031857664.0,70.5,0.0,-1.2321775715846586e+28,0.0,1070,0,1071,0,0,0,1072,0,1081,0,996,0,640,0,641,0,637,0,676,0.032,6.198106008766409e+21,0.0,0.0,57232,16812,-7946031857664.0,-1.2321775715846586e+28,-1189676144656384.0,0.0,-0.0,5.7868280848919654e+32,50.0,60.0,35,0.0,0.0,10.0,2.0,0.0,0.0,0.0,0.0,0.0,0.0,0.0,0.0,0.0,0.0,0.0,0.0,59.2,46,17,65517,27,65476,806,65476,1,0,4,20529,65476,0,0,30147,60.0,0.0,10.0,10.0,2.0,0.0
2026-02-16T12:08:58,ERR,ERR,ERR,ERR,ERR,ERR,ERR,ERR,ERR,ERR,ERR,ERR,ERR,ERR,ERR,ERR,ERR,ERR,ERR,ERR,ERR,ERR,ERR,ERR,ERR,ERR,ERR,ERR,ERR,ERR,ERR,ERR,ERR,ERR,ERR,ERR,ERR,ERR,ERR,ERR,ERR,ERR,ERR,ERR,ERR,ERR,ERR,ERR,ERR,ERR,ERR,ERR,ERR,ERR,ERR,ERR,ERR,ERR,ERR,ERR,ERR,ERR,ERR,ERR,ERR,ERR,ERR,ERR,ERR,ERR,ERR,ERR,ERR,ERR,ERR,ERR,ERR,ERR,ERR,ERR,ERR,ERR,ERR,ERR,ERR,ERR,ERR,ERR,ERR,ERR,ERR,ERR,ERR,ERR,ERR,ERR,ERR,ERR,ERR,ERR,ERR,ERR,ERR,ERR,ERR,ERR,ERR,ERR,ERR,ERR,ERR,ERR,ERR,ERR,ERR,ERR,ERR,ERR,ERR,ERR,ERR,ERR,ERR,ERR,ERR,2.718442270659078e+23,-0.0,-0.0,-0.0,4.160414724153587e+31,-0.0,-0.0,309775204352.0,4300,0,8,17171,4300,-0.0,39,0.0,0.0,-0.0,0.0,-0.0,0,0,0,0,0.0,0,0,0,0,0,0,0,0,0,0,0,0,0,0,0,0,0,0,0,0,0,0,0,0,0,0,0,0,0,0,0,0,0,9,37,37,46,65476,406,65476,1,0,4,21553,0.0,-0.0,8136675955834880.0,0.0,0.0,0.0,0.0,0.0,0.0,0.0,0.0,0.0,0.0,0.0,0.0,0.0,0.0,0.0,0.0,0.0,0.0,2.004,-0.0,-0.0,-3.697074423243316e+19,-2.004,0.0,0.0,0.0,0.0,6392.0,-0.0,0.0,2.718442270659078e+23,-0.0,0.0,0.0,0.0,0.0,2.004,2.004,223,-0.0,89220.992,0.0,0.0,0.0,0.0,0.0,0.0,0.0,0,0,0,-0.0,0.0,0.0,28086095872.0,1.4138474006427415e+20,7.45560897633423e+31,-3.1775660365097273e+25,9.267,0.0,-3.6356521852785394e+19,-0.0,129676.32,0.0,0.0,0.0,0.0,0,1.3516416376850534e+27,223,0.0,446,0.0,4.6893839926962287e+24,2114,26215,17110,13107,17112,13107,17095,0,0,0,101,100,100,-107615216.0,63.55,0.0,64.0,0.0,64.0,1,49,50,180,0,13107,0,0,0.0,0.0,0.0,60.0,-7946031857664.0,70.5,0.0,-1.2321775715846586e+28,0.0,1070,0,1071,0,0,0,1072,0,1081,0,996,0,640,0,641,0,637,0,676,0.032,6.198106008766409e+21,0.0,0.0,57232,16812,-7946031857664.0,-1.2321775715846586e+28,-1189676144656384.0,0.0,-0.0,5.7868280848919654e+32,50.0,60.0,35,0.0,0.0,10.0,2.0,0.0,0.0,0.0,0.0,0.0,0.0,0.0,0.0,0.0,0.0,0.0,0.0,59.2,46,17,65517,27,65476,806,65476,1,0,4,20529,65476,0,0,30147,60.0,0.0,10.0,10.0,2.0,0.0
2026-02-16T12:08:59,ERR,ERR,ERR,ERR,ERR,ERR,ERR,ERR,ERR,ERR,ERR,ERR,ERR,ERR,ERR,ERR,ERR,ERR,ERR,ERR,ERR,ERR,ERR,ERR,ERR,ERR,ERR,ERR,ERR,ERR,ERR,ERR,ERR,ERR,ERR,ERR,ERR,ERR,ERR,ERR,ERR,ERR,ERR,ERR,ERR,ERR,ERR,ERR,ERR,ERR,ERR,ERR,ERR,ERR,ERR,ERR,ERR,ERR,ERR,ERR,ERR,ERR,ERR,ERR,ERR,ERR,ERR,ERR,ERR,ERR,ERR,ERR,ERR,ERR,ERR,ERR,ERR,ERR,ERR,ERR,ERR,ERR,ERR,ERR,ERR,ERR,ERR,ERR,ERR,ERR,ERR,ERR,ERR,ERR,ERR,ERR,ERR,ERR,ERR,ERR,ERR,ERR,ERR,ERR,ERR,ERR,ERR,ERR,ERR,ERR,ERR,ERR,ERR,ERR,ERR,ERR,ERR,ERR,ERR,ERR,ERR,ERR,ERR,ERR,ERR,2.718442270659078e+23,-0.0,-0.0,-0.0,4.160414724153587e+31,-0.0,-0.0,309775204352.0,4300,0,8,17171,4300,-0.0,39,0.0,0.0,-0.0,0.0,-0.0,0,0,0,0,0.0,0,0,0,0,0,0,0,0,0,0,0,0,0,0,0,0,0,0,0,0,0,0,0,0,0,0,0,0,0,0,0,0,0,9,37,37,46,65476,406,65476,1,0,4,21553,0.0,-0.0,8136675955834880.0,0.0,0.0,0.0,0.0,0.0,0.0,0.0,0.0,0.0,0.0,0.0,0.0,0.0,0.0,0.0,0.0,0.0,0.0,2.004,-0.0,-0.0,-3.697074423243316e+19,-2.004,0.0,0.0,0.0,0.0,6392.0,-0.0,0.0,2.718442270659078e+23,-0.0,0.0,0.0,0.0,0.0,2.004,2.004,223,-0.0,89220.992,0.0,0.0,0.0,0.0,0.0,0.0,0.0,0,0,0,-0.0,0.0,0.0,28086095872.0,1.4138474006427415e+20,7.45560897633423e+31,-3.1775660365097273e+25,9.267,0.0,-3.6356521852785394e+19,-0.0,129676.32,0.0,0.0,0.0,0.0,0,1.3516416376850534e+27,223,0.0,446,0.0,4.6893839926962287e+24,2114,26215,17110,13107,17112,13107,17095,0,0,0,101,100,100,-107615216.0,63.55,0.0,64.0,0.0,64.0,1,49,50,180,0,13107,0,0,0.0,0.0,0.0,60.0,-0.091,70.5,0.0,-2.2597016494474472e+24,0.0,1070,0,1071,0,0,0,1071,0,1081,0,996,0,640,0,642,0,637,0,676,0.032,7.968993439842526e+21,0.0,0.0,50576,16812,-8405645.0,1.3650899561479506e+23,0.0,-0.0,-3.638236731670528e+16,-0.0,50.0,60.0,35,0.0,0.0,10.0,2.0,0.0,0.0,0.0,0.0,0.0,0.0,0.0,0.0,0.0,0.0,0.0,0.0,59.2,51,14,65512,27,65476,888,65476,1,0,4,20529,65476,0,0,30147,60.0,0.0,10.0,10.0,2.0,0.0
2026-02-16T12:09:00,ERR,ERR,ERR,ERR,ERR,ERR,ERR,ERR,ERR,ERR,ERR,ERR,ERR,ERR,ERR,ERR,ERR,ERR,ERR,ERR,ERR,ERR,ERR,ERR,ERR,ERR,ERR,ERR,ERR,ERR,ERR,ERR,ERR,ERR,ERR,ERR,ERR,ERR,ERR,ERR,ERR,ERR,ERR,ERR,ERR,ERR,ERR,ERR,ERR,ERR,ERR,ERR,ERR,ERR,ERR,ERR,ERR,ERR,ERR,ERR,ERR,ERR,ERR,ERR,ERR,ERR,ERR,ERR,ERR,ERR,ERR,ERR,ERR,ERR,ERR,ERR,ERR,ERR,ERR,ERR,ERR,ERR,ERR,ERR,ERR,ERR,ERR,ERR,ERR,ERR,ERR,ERR,ERR,ERR,ERR,ERR,ERR,ERR,ERR,ERR,ERR,ERR,ERR,ERR,ERR,ERR,ERR,ERR,ERR,ERR,ERR,ERR,ERR,ERR,ERR,ERR,ERR,ERR,ERR,ERR,ERR,ERR,ERR,ERR,ERR,2.718442270659078e+23,-0.0,-0.0,-0.0,4.160414724153587e+31,-0.0,-0.0,309775204352.0,4300,0,8,17171,4300,-0.0,39,0.0,0.0,-0.0,0.0,-0.0,0,0,0,0,0.0,0,0,0,0,0,0,0,0,0,0,0,0,0,0,0,0,0,0,0,0,0,0,0,0,0,0,0,0,0,0,0,0,0,9,37,37,46,65476,406,65476,1,0,4,21553,0.0,-0.0,8136675955834880.0,0.0,0.0,0.0,0.0,0.0,0.0,0.0,0.0,0.0,0.0,0.0,0.0,0.0,0.0,0.0,0.0,0.0,0.0,2.004,-0.0,-0.0,-3.697074423243316e+19,-2.004,0.0,0.0,0.0,0.0,6392.0,-0.0,0.0,2.718442270659078e+23,-0.0,0.0,0.0,0.0,0.0,2.004,2.004,223,-0.0,89220.992,0.0,0.0,0.0,0.0,0.0,0.0,0.0,0,0,0,-0.0,0.0,0.0,28086095872.0,1.4138474006427415e+20,7.45560897633423e+31,-3.1775660365097273e+25,9.267,0.0,-3.6356521852785394e+19,-0.0,129676.32,0.0,0.0,0.0,0.0,0,1.3516416376850534e+27,223,0.0,446,0.0,4.6893839926962287e+24,2114,26215,17110,13107,17112,13107,17095,0,0,0,101,100,100,-107615216.0,63.55,0.0,64.0,0.0,64.0,1,49,50,180,0,13107,0,0,0.0,0.0,0.0,60.0,-0.091,70.5,0.0,-2.2597016494474472e+24,0.0,1070,0,1071,0,0,0,1071,0,1081,0,996,0,640,0,642,0,637,0,676,0.032,7.968993439842526e+21,0.0,0.0,50576,16812,-8405645.0,1.3650899561479506e+23,0.0,-0.0,-3.638236731670528e+16,-0.0,50.0,60.0,35,0.0,0.0,10.0,2.0,0.0,0.0,0.0,0.0,0.0,0.0,0.0,0.0,0.0,0.0,0.0,0.0,59.2,51,14,65512,27,65476,888,65476,1,0,4,20529,65476,0,0,30147,60.0,0.0,10.0,10.0,2.0,0.0
2026-02-16T12:09:01,ERR,ERR,ERR,ERR,ERR,ERR,ERR,ERR,ERR,ERR,ERR,ERR,ERR,ERR,ERR,ERR,ERR,ERR,ERR,ERR,ERR,ERR,ERR,ERR,ERR,ERR,ERR,ERR,ERR,ERR,ERR,ERR,ERR,ERR,ERR,ERR,ERR,ERR,ERR,ERR,ERR,ERR,ERR,ERR,ERR,ERR,ERR,ERR,ERR,ERR,ERR,ERR,ERR,ERR,ERR,ERR,ERR,ERR,ERR,ERR,ERR,ERR,ERR,ERR,ERR,ERR,ERR,ERR,ERR,ERR,ERR,ERR,ERR,ERR,ERR,ERR,ERR,ERR,ERR,ERR,ERR,ERR,ERR,ERR,ERR,ERR,ERR,ERR,ERR,ERR,ERR,ERR,ERR,ERR,ERR,ERR,ERR,ERR,ERR,ERR,ERR,ERR,ERR,ERR,ERR,ERR,ERR,ERR,ERR,ERR,ERR,ERR,ERR,ERR,ERR,ERR,ERR,ERR,ERR,ERR,ERR,ERR,ERR,ERR,ERR,2.718442270659078e+23,-0.0,-0.0,-0.0,4.160414724153587e+31,-1.601510374013875e+19,0.0,0.0,4300,0,8,17171,4300,-0.0,39,0.0,0.0,-0.0,0.0,-0.0,0,0,0,0,0.0,0,0,0,0,0,0,0,0,0,0,0,0,0,0,0,0,0,0,0,0,0,0,0,0,0,0,0,0,0,0,0,0,0,9,37,37,46,65476,406,65476,1,0,4,21553,0.0,0.0,0.022,0.0,0.0,0.0,0.0,0.0,0.0,0.0,0.0,0.0,0.0,0.0,0.0,0.0,0.0,0.0,0.0,0.0,0.0,2.004,-0.0,-0.0,-3.697074423243316e+19,-0.0,0.0,0.0,0.0,0.0,6387.0,-0.0,0.0,2.718442270659078e+23,-0.0,0.0,0.0,0.0,0.0,2.004,2.004,223,4.066853658014554e+29,2.718427318708315e+23,0.0,0.0,0.0,0.0,0.0,0.0,0.0,0,0,0,-1.6555190886858752e+16,-1.146688429474275e+29,1.6692977947430093e+17,-6.277040954823386e+27,6.659817928901042e+35,61093682610176.0,-2.949685308108675e+29,8.237227545418337e+25,1893574308265984.0,-3.956655044812394e+19,-0.0,140568.641,0.0,0.0,0.0,0.0,0,1.3516416376850534e+27,223,0.0,446,0.0,4.6893839926962287e+24,2114,26215,17110,13107,17112,13107,17095,0,0,0,101,100,100,-107615216.0,63.55,0.0,64.0,0.0,64.0,1,49,50,180,0,13107,0,0,0.0,0.0,0.0,60.0,-0.091,70.5,0.0,-2.2597016494474472e+24,0.0,1070,0,1071,0,0,0,1071,0,1081,0,996,0,640,0,642,0,637,0,676,0.032,7.968993439842526e+21,0.0,0.0,50576,16812,-8405645.0,1.3650899561479506e+23,0.0,-0.0,-3.638236731670528e+16,-0.0,50.0,60.0,35,0.0,0.0,10.0,2.0,0.0,0.0,0.0,0.0,0.0,0.0,0.0,0.0,0.0,0.0,0.0,0.0,58.8,56,10,65507,27,65476,1000,65476,1,0,4,20529,65476,0,0,30147,60.0,0.0,10.0,10.0,2.0,0.0
2026-02-16T12:09:02,ERR,ERR,ERR,ERR,ERR,ERR,ERR,ERR,ERR,ERR,ERR,ERR,ERR,ERR,ERR,ERR,ERR,ERR,ERR,ERR,ERR,ERR,ERR,ERR,ERR,ERR,ERR,ERR,ERR,ERR,ERR,ERR,ERR,ERR,ERR,ERR,ERR,ERR,ERR,ERR,ERR,ERR,ERR,ERR,ERR,ERR,ERR,ERR,ERR,ERR,ERR,ERR,ERR,ERR,ERR,ERR,ERR,ERR,ERR,ERR,ERR,ERR,ERR,ERR,ERR,ERR,ERR,ERR,ERR,ERR,ERR,ERR,ERR,ERR,ERR,ERR,ERR,ERR,ERR,ERR,ERR,ERR,ERR,ERR,ERR,ERR,ERR,ERR,ERR,ERR,ERR,ERR,ERR,ERR,ERR,ERR,ERR,ERR,ERR,ERR,ERR,ERR,ERR,ERR,ERR,ERR,ERR,ERR,ERR,ERR,ERR,ERR,ERR,ERR,ERR,ERR,ERR,ERR,ERR,ERR,ERR,ERR,ERR,ERR,ERR,2.718442270659078e+23,-0.0,-0.0,-0.0,4.160414724153587e+31,-1.601510374013875e+19,0.0,0.0,4300,0,8,17171,4300,-0.0,39,0.0,0.0,-0.0,0.0,-0.0,0,0,0,0,0.0,0,0,0,0,0,0,0,0,0,0,0,0,0,0,0,0,0,0,0,0,0,0,0,0,0,0,0,0,0,0,0,0,0,9,37,37,46,65476,406,65476,1,0,4,21553,0.0,0.0,0.022,0.0,0.0,0.0,0.0,0.0,0.0,0.0,0.0,0.0,0.0,0.0,0.0,0.0,0.0,0.0,0.0,0.0,0.0,2.004,-0.0,-0.0,-3.697074423243316e+19,-0.0,0.0,0.0,0.0,0.0,6387.0,-0.0,0.0,2.718442270659078e+23,-0.0,0.0,0.0,0.0,0.0,2.004,2.004,223,4.066853658014554e+29,2.718427318708315e+23,0.0,0.0,0.0,0.0,0.0,0.0,0.0,0,0,0,-1.6555190886858752e+16,-1.146688429474275e+29,1.6692977947430093e+17,-6.277040954823386e+27,6.659817928901042e+35,61093682610176.0,-2.949685308108675e+29,8.237227545418337e+25,1893574308265984.0,-3.956655044812394e+19,-0.0,140568.641,0.0,0.0,0.0,0.0,0,1.3516416376850534e+27,223,0.0,446,0.0,4.6893839926962287e+24,2114,26215,17110,13107,17112,13107,17095,0,0,0,101,100,100,-107615216.0,63.55,0.0,64.0,0.0,64.0,1,49,50,180,0,13107,0,0,0.0,0.0,0.0,60.0,-0.091,70.5,0.0,-2.2597016494474472e+24,0.0,1070,0,1071,0,0,0,1071,0,1081,0,996,0,640,0,642,0,637,0,676,0.032,7.968993439842526e+21,0.0,0.0,50576,16812,-8405645.0,1.3650899561479506e+23,0.0,-0.0,-3.638236731670528e+16,-0.0,50.0,60.0,35,0.0,0.0,10.0,2.0,0.0,0.0,0.0,0.0,0.0,0.0,0.0,0.0,0.0,0.0,0.0,0.0,59.2,58,9,65504,27,65476,1000,65476,1,0,4,20529,65476,0,0,30147,60.0,0.0,10.0,10.0,2.0,0.0
2026-02-16T12:09:03,ERR,ERR,ERR,ERR,ERR,ERR,ERR,ERR,ERR,ERR,ERR,ERR,ERR,ERR,ERR,ERR,ERR,ERR,ERR,ERR,ERR,ERR,ERR,ERR,ERR,ERR,ERR,ERR,ERR,ERR,ERR,ERR,ERR,ERR,ERR,ERR,ERR,ERR,ERR,ERR,ERR,ERR,ERR,ERR,ERR,ERR,ERR,ERR,ERR,ERR,ERR,ERR,ERR,ERR,ERR,ERR,ERR,ERR,ERR,ERR,ERR,ERR,ERR,ERR,ERR,ERR,ERR,ERR,ERR,ERR,ERR,ERR,ERR,ERR,ERR,ERR,ERR,ERR,ERR,ERR,ERR,ERR,ERR,ERR,ERR,ERR,ERR,ERR,ERR,ERR,ERR,ERR,ERR,ERR,ERR,ERR,ERR,ERR,ERR,ERR,ERR,ERR,ERR,ERR,ERR,ERR,ERR,ERR,ERR,ERR,ERR,ERR,ERR,ERR,ERR,ERR,ERR,ERR,ERR,ERR,ERR,ERR,ERR,ERR,ERR,2.718442270659078e+23,-0.0,-0.0,-0.0,4.160414724153587e+31,-1.601510374013875e+19,0.0,0.0,4300,0,8,17171,4300,-0.0,39,0.0,0.0,-0.0,0.0,-0.0,0,0,0,0,0.0,0,0,0,0,0,0,0,0,0,0,0,0,0,0,0,0,0,0,0,0,0,0,0,0,0,0,0,0,0,0,0,0,0,9,37,37,46,65476,406,65476,1,0,4,21553,0.0,0.0,0.022,0.0,0.0,0.0,0.0,0.0,0.0,0.0,0.0,0.0,0.0,0.0,0.0,0.0,0.0,0.0,0.0,0.0,0.0,2.004,-0.0,-0.0,-3.697074423243316e+19,-0.0,0.0,0.0,0.0,0.0,6387.0,-0.0,0.0,2.718442270659078e+23,-0.0,0.0,0.0,0.0,0.0,2.004,2.004,223,4.066853658014554e+29,2.718427318708315e+23,0.0,0.0,0.0,0.0,0.0,0.0,0.0,0,0,0,-1.6555190886858752e+16,-1.146688429474275e+29,1.6692977947430093e+17,-6.277040954823386e+27,6.659817928901042e+35,61093682610176.0,-2.949685308108675e+29,8.237227545418337e+25,1893574308265984.0,-3.956655044812394e+19,-0.0,140568.641,0.0,0.0,0.0,0.0,0,1.3516416376850534e+27,223,0.0,446,0.0,4.6893839926962287e+24,2114,13107,17110,13107,17112,13107,17095,0,0,0,101,100,100,-107615216.0,63.6,2.7302334150594743e+23,64.0,0.0,64.0,1,49,50,180,0,13107,0,0,0.0,0.0,0.0,60.0,-57215540.0,70.5,0.0,0.0,0.0,1070,0,1071,0,0,0,1071,0,1081,0,996,0,640,0,642,0,637,0,676,0.032,7.968993439842526e+21,0.0,0.0,47504,16812,-28348153593856.0,7.603207763458169e+24,0.0,0.0,nan,-10320.008,50.0,60.0,35,0.0,0.0,10.0,2.0,0.0,0.0,0.0,0.0,0.0,0.0,0.0,0.0,0.0,0.0,0.0,0.0,59.2,58,9,65504,27,65476,1000,65476,1,0,4,20529,65476,0,0,30147,60.0,0.0,10.0,10.0,2.0,0.0
2026-02-16T12:09:04,ERR,ERR,ERR,ERR,ERR,ERR,ERR,ERR,ERR,ERR,ERR,ERR,ERR,ERR,ERR,ERR,ERR,ERR,ERR,ERR,ERR,ERR,ERR,ERR,ERR,ERR,ERR,ERR,ERR,ERR,ERR,ERR,ERR,ERR,ERR,ERR,ERR,ERR,ERR,ERR,ERR,ERR,ERR,ERR,ERR,ERR,ERR,ERR,ERR,ERR,ERR,ERR,ERR,ERR,ERR,ERR,ERR,ERR,ERR,ERR,ERR,ERR,ERR,ERR,ERR,ERR,ERR,ERR,ERR,ERR,ERR,ERR,ERR,ERR,ERR,ERR,ERR,ERR,ERR,ERR,ERR,ERR,ERR,ERR,ERR,ERR,ERR,ERR,ERR,ERR,ERR,ERR,ERR,ERR,ERR,ERR,ERR,ERR,ERR,ERR,ERR,ERR,ERR,ERR,ERR,ERR,ERR,ERR,ERR,ERR,ERR,ERR,ERR,ERR,ERR,ERR,ERR,ERR,ERR,ERR,ERR,ERR,ERR,ERR,ERR,2.718442270659078e+23,-0.0,-0.0,-0.0,4.160414724153587e+31,-1.601510374013875e+19,0.0,0.0,4300,0,8,17171,4300,-0.0,39,0.0,0.0,-0.0,0.0,-0.0,0,0,0,0,0.0,0,0,0,0,0,0,0,0,0,0,0,0,0,0,0,0,0,0,0,0,0,0,0,0,0,0,0,0,0,0,0,0,0,9,37,37,46,65476,406,65476,1,0,4,21553,0.0,0.0,0.022,0.0,0.0,0.0,0.0,0.0,0.0,0.0,0.0,0.0,0.0,0.0,0.0,0.0,0.0,0.0,0.0,0.0,0.0,2.004,-0.0,-0.0,-3.697074423243316e+19,-0.0,0.0,0.0,0.0,0.0,6387.0,-0.0,0.0,2.718442270659078e+23,-0.0,0.0,0.0,0.0,0.0,2.004,2.004,223,4.066853658014554e+29,2.718427318708315e+23,0.0,0.0,0.0,0.0,0.0,0.0,0.0,0,0,0,-1.6555190886858752e+16,-1.146688429474275e+29,1.6692977947430093e+17,-6.277040954823386e+27,6.659817928901042e+35,61093682610176.0,-2.949685308108675e+29,8.237227545418337e+25,1893574308265984.0,-3.956655044812394e+19,-0.0,140568.641,0.0,0.0,0.0,0.0,0,1.3516416376850534e+27,223,0.0,446,0.0,4.6893839926962287e+24,2114,13107,17110,13107,17112,13107,17095,0,0,0,101,100,100,-107615216.0,63.6,2.7302334150594743e+23,64.0,0.0,64.0,1,49,50,180,0,13107,0,0,0.0,0.0,0.0,60.0,-57215540.0,70.5,0.0,0.0,0.0,1070,0,1071,0,0,0,1071,0,1081,0,996,0,640,0,642,0,637,0,676,0.032,7.968993439842526e+21,0.0,0.0,47504,16812,-28348153593856.0,7.603207763458169e+24,0.0,0.0,nan,-10320.008,50.0,60.0,35,0.0,0.0,10.0,2.0,0.0,0.0,0.0,0.0,0.0,0.0,0.0,0.0,0.0,0.0,0.0,0.0,59.2,58,9,65504,27,65476,1000,65476,1,0,4,20529,65476,0,0,30147,60.0,0.0,10.0,10.0,2.0,0.0
2026-02-16T12:09:05,ERR,ERR,ERR,ERR,ERR,ERR,ERR,ERR,ERR,ERR,ERR,ERR,ERR,ERR,ERR,ERR,ERR,ERR,ERR,ERR,ERR,ERR,ERR,ERR,ERR,ERR,ERR,ERR,ERR,ERR,ERR,ERR,ERR,ERR,ERR,ERR,ERR,ERR,ERR,ERR,ERR,ERR,ERR,ERR,ERR,ERR,ERR,ERR,ERR,ERR,ERR,ERR,ERR,ERR,ERR,ERR,ERR,ERR,ERR,ERR,ERR,ERR,ERR,ERR,ERR,ERR,ERR,ERR,ERR,ERR,ERR,ERR,ERR,ERR,ERR,ERR,ERR,ERR,ERR,ERR,ERR,ERR,ERR,ERR,ERR,ERR,ERR,ERR,ERR,ERR,ERR,ERR,ERR,ERR,ERR,ERR,ERR,ERR,ERR,ERR,ERR,ERR,ERR,ERR,ERR,ERR,ERR,ERR,ERR,ERR,ERR,ERR,ERR,ERR,ERR,ERR,ERR,ERR,ERR,ERR,ERR,ERR,ERR,ERR,ERR,2.718442270659078e+23,-0.0,-0.0,-0.0,4.160414724153587e+31,-1.601510374013875e+19,0.0,0.0,4300,0,8,17171,4300,-0.0,39,0.0,0.0,-0.0,0.0,-0.0,0,0,0,0,0.0,0,0,0,0,0,0,0,0,0,0,0,0,0,0,0,0,0,0,0,0,0,0,0,0,0,0,0,0,0,0,0,0,0,9,37,37,46,65476,406,65476,1,0,4,21553,0.0,0.0,0.022,0.0,0.0,0.0,0.0,0.0,0.0,0.0,0.0,0.0,0.0,0.0,0.0,0.0,0.0,0.0,0.0,0.0,0.0,2.004,-0.0,-0.0,-3.697074423243316e+19,-0.0,0.0,0.0,0.0,0.0,6387.0,-0.0,0.0,2.718442270659078e+23,-0.0,0.0,0.0,0.0,0.0,2.004,2.004,223,4.066853658014554e+29,2.718427318708315e+23,0.0,0.0,0.0,0.0,0.0,0.0,0.0,0,0,0,-1.6555190886858752e+16,-1.146688429474275e+29,1.6692977947430093e+17,-6.277040954823386e+27,6.659817928901042e+35,61093682610176.0,-2.949685308108675e+29,8.237227545418337e+25,1893574308265984.0,-3.956655044812394e+19,-0.0,140568.641,0.0,0.0,0.0,0.0,0,1.3516416376850534e+27,223,0.0,446,0.0,4.6893839926962287e+24,2114,13107,17110,13107,17112,13107,17095,0,0,0,101,100,100,-107615216.0,63.6,2.7302334150594743e+23,64.0,0.0,64.0,1,49,50,180,0,13107,0,0,0.0,0.0,0.0,60.0,-57215540.0,70.5,0.0,0.0,0.0,1070,0,1071,0,0,0,1071,0,1081,0,996,0,640,0,642,0,637,0,676,0.032,7.968993439842526e+21,0.0,0.0,47504,16812,-28348153593856.0,7.603207763458169e+24,0.0,0.0,nan,-10320.008,50.0,60.0,35,0.0,0.0,10.0,2.0,0.0,0.0,0.0,0.0,0.0,0.0,0.0,0.0,0.0,0.0,0.0,0.0,59.2,57,10,65506,27,65476,1000,65476,1,0,4,20529,65476,0,0,30147,60.0,0.0,10.0,10.0,2.0,0.0
2026-02-16T12:09:06,ERR,ERR,ERR,ERR,ERR,ERR,ERR,ERR,ERR,ERR,ERR,ERR,ERR,ERR,ERR,ERR,ERR,ERR,ERR,ERR,ERR,ERR,ERR,ERR,ERR,ERR,ERR,ERR,ERR,ERR,ERR,ERR,ERR,ERR,ERR,ERR,ERR,ERR,ERR,ERR,ERR,ERR,ERR,ERR,ERR,ERR,ERR,ERR,ERR,ERR,ERR,ERR,ERR,ERR,ERR,ERR,ERR,ERR,ERR,ERR,ERR,ERR,ERR,ERR,ERR,ERR,ERR,ERR,ERR,ERR,ERR,ERR,ERR,ERR,ERR,ERR,ERR,ERR,ERR,ERR,ERR,ERR,ERR,ERR,ERR,ERR,ERR,ERR,ERR,ERR,ERR,ERR,ERR,ERR,ERR,ERR,ERR,ERR,ERR,ERR,ERR,ERR,ERR,ERR,ERR,ERR,ERR,ERR,ERR,ERR,ERR,ERR,ERR,ERR,ERR,ERR,ERR,ERR,ERR,ERR,ERR,ERR,ERR,ERR,ERR,2.718442270659078e+23,-0.0,-0.0,-0.0,4.160414724153587e+31,-1.601510374013875e+19,0.0,0.0,4300,0,8,17171,4300,-0.0,39,0.0,0.0,-0.0,0.0,-0.0,0,0,0,0,0.0,0,0,0,0,0,0,0,0,0,0,0,0,0,0,0,0,0,0,0,0,0,0,0,0,0,0,0,0,0,0,0,0,0,9,37,37,46,65476,406,65476,1,0,4,21553,0.0,0.0,0.022,0.0,0.0,0.0,0.0,0.0,0.0,0.0,0.0,0.0,0.0,0.0,0.0,0.0,0.0,0.0,0.0,0.0,0.0,2.004,-0.0,-0.0,-3.697074423243316e+19,-0.0,0.0,0.0,0.0,0.0,6387.0,-0.0,0.0,2.718442270659078e+23,-0.0,0.0,0.0,0.0,0.0,2.004,2.004,223,4.066853658014554e+29,2.718427318708315e+23,0.0,0.0,0.0,0.0,0.0,0.0,0.0,0,0,0,-1.6555190886858752e+16,-1.146688429474275e+29,1.6692977947430093e+17,-6.277040954823386e+27,6.659817928901042e+35,61093682610176.0,-2.949685308108675e+29,8.237227545418337e+25,1893574308265984.0,-3.956655044812394e+19,-0.0,140568.641,0.0,0.0,0.0,0.0,0,1.3516416376850534e+27,223,0.0,446,0.0,4.6893839926962287e+24,2114,13107,17110,13107,17112,13107,17095,0,0,0,101,100,100,-107615216.0,63.6,2.7302334150594743e+23,64.0,0.0,64.0,1,49,50,180,0,13107,0,0,0.0,0.0,0.0,60.0,-57215540.0,70.5,0.0,0.0,0.0,1070,0,1071,0,0,0,1071,0,1081,0,996,0,640,0,642,0,637,0,676,0.032,7.968993439842526e+21,0.0,0.0,47504,16812,-28348153593856.0,7.603207763458169e+24,0.0,0.0,nan,-10320.008,50.0,60.0,35,0.0,0.0,10.0,2.0,0.0,0.0,0.0,0.0,0.0,0.0,0.0,0.0,0.0,0.0,0.0,0.0,58.8,57,10,65506,27,65476,1000,65476,1,0,4,20529,65476,0,0,30147,60.0,0.0,10.0,10.0,2.0,0.0
2026-02-16T12:09:07,ERR,ERR,ERR,ERR,ERR,ERR,ERR,ERR,ERR,ERR,ERR,ERR,ERR,ERR,ERR,ERR,ERR,ERR,ERR,ERR,ERR,ERR,ERR,ERR,ERR,ERR,ERR,ERR,ERR,ERR,ERR,ERR,ERR,ERR,ERR,ERR,ERR,ERR,ERR,ERR,ERR,ERR,ERR,ERR,ERR,ERR,ERR,ERR,ERR,ERR,ERR,ERR,ERR,ERR,ERR,ERR,ERR,ERR,ERR,ERR,ERR,ERR,ERR,ERR,ERR,ERR,ERR,ERR,ERR,ERR,ERR,ERR,ERR,ERR,ERR,ERR,ERR,ERR,ERR,ERR,ERR,ERR,ERR,ERR,ERR,ERR,ERR,ERR,ERR,ERR,ERR,ERR,ERR,ERR,ERR,ERR,ERR,ERR,ERR,ERR,ERR,ERR,ERR,ERR,ERR,ERR,ERR,ERR,ERR,ERR,ERR,ERR,ERR,ERR,ERR,ERR,ERR,ERR,ERR,ERR,ERR,ERR,ERR,ERR,ERR,2.718442270659078e+23,-0.0,-0.0,-0.0,4.160414724153587e+31,-0.0,1.0003142765232009e+33,1.4375598540140706e+29,4300,0,8,17171,4300,-0.0,38,0.0,0.0,-0.0,0.0,-4.925046184806267e+32,0,0,0,0,0.0,0,0,0,0,0,0,0,0,0,0,0,0,0,0,0,0,0,0,0,0,0,0,0,0,0,0,0,0,0,0,0,0,0,9,37,37,46,65476,398,65476,1,0,4,21553,0.0,0.0,0.0,0.0,0.0,0.0,0.0,0.0,0.0,0.0,0.0,0.0,0.0,0.0,0.0,0.0,0.0,0.0,0.0,0.0,0.0,2.004,-0.0,-0.0,-3.697074423243316e+19,3.69707618246192e+19,0.0,0.0,0.0,0.0,6413.0,0.0,0.0,2.718442270659078e+23,-0.0,0.0,-2.7184507374263774e+23,0.0,0.0,2.004,2.004,223,0.0,0.0,0.0,0.0,0.0,0.0,0.0,0.0,0.0,0,0,0,-0.0,-3068027.25,0.0,-3.099834851184025e+27,0.0,206087.688,-4.3686363301982093e+24,0.0,0.0,-4.36017757142479e+19,-0.0,155928.641,0.0,0.0,0.0,0.0,0,1.3516416376850534e+27,223,0.0,446,0.0,4.6893839926962287e+24,2114,13107,17110,13107,17112,13107,17095,0,0,0,101,100,100,-107615216.0,63.6,2.7302334150594743e+23,64.0,0.0,64.0,1,49,50,180,0,13107,0,0,0.0,0.0,0.0,60.0,-211210.203,70.5,0.0,-0.0,0.0,1070,0,1071,0,0,0,1071,0,1081,0,996,0,640,0,642,0,637,0,676,0.032,7.083549724304468e+21,0.0,0.0,53008,16812,-0.049,-1.9763596604752685e+24,-0.0,-4.710898800892314e+18,49.564,0.002,50.0,60.0,35,0.0,0.0,10.0,2.0,0.0,0.0,0.0,0.0,0.0,0.0,0.0,0.0,0.0,0.0,0.0,0.0,58.8,57,10,65506,27,65476,1000,65476,1,0,4,20529,65476,0,0,30147,60.0,0.0,10.0,10.0,2.0,0.0
2026-02-16T12:09:08,ERR,ERR,ERR,ERR,ERR,ERR,ERR,ERR,ERR,ERR,ERR,ERR,ERR,ERR,ERR,ERR,ERR,ERR,ERR,ERR,ERR,ERR,ERR,ERR,ERR,ERR,ERR,ERR,ERR,ERR,ERR,ERR,ERR,ERR,ERR,ERR,ERR,ERR,ERR,ERR,ERR,ERR,ERR,ERR,ERR,ERR,ERR,ERR,ERR,ERR,ERR,ERR,ERR,ERR,ERR,ERR,ERR,ERR,ERR,ERR,ERR,ERR,ERR,ERR,ERR,ERR,ERR,ERR,ERR,ERR,ERR,ERR,ERR,ERR,ERR,ERR,ERR,ERR,ERR,ERR,ERR,ERR,ERR,ERR,ERR,ERR,ERR,ERR,ERR,ERR,ERR,ERR,ERR,ERR,ERR,ERR,ERR,ERR,ERR,ERR,ERR,ERR,ERR,ERR,ERR,ERR,ERR,ERR,ERR,ERR,ERR,ERR,ERR,ERR,ERR,ERR,ERR,ERR,ERR,ERR,ERR,ERR,ERR,ERR,ERR,2.718442270659078e+23,-0.0,-0.0,-0.0,4.160414724153587e+31,-0.0,1.0003142765232009e+33,1.4375598540140706e+29,4300,0,8,17171,4300,-0.0,38,0.0,0.0,-0.0,0.0,-4.925046184806267e+32,0,0,0,0,0.0,0,0,0,0,0,0,0,0,0,0,0,0,0,0,0,0,0,0,0,0,0,0,0,0,0,0,0,0,0,0,0,0,0,9,37,37,46,65476,398,65476,1,0,4,21553,0.0,0.0,0.0,0.0,0.0,0.0,0.0,0.0,0.0,0.0,0.0,0.0,0.0,0.0,0.0,0.0,0.0,0.0,0.0,0.0,0.0,2.004,-0.0,-0.0,-3.697074423243316e+19,3.69707618246192e+19,0.0,0.0,0.0,0.0,6413.0,0.0,0.0,2.718442270659078e+23,-0.0,0.0,-2.7184507374263774e+23,0.0,0.0,2.004,2.004,223,0.0,0.0,0.0,0.0,0.0,0.0,0.0,0.0,0.0,0,0,0,-0.0,-3068027.25,0.0,-3.099834851184025e+27,0.0,206087.688,-4.3686363301982093e+24,0.0,0.0,-4.36017757142479e+19,-0.0,155928.641,0.0,0.0,0.0,0.0,0,1.3516416376850534e+27,223,0.0,446,0.0,4.6893839926962287e+24,2114,13107,17110,13107,17112,13107,17095,0,0,0,101,100,100,-107615216.0,63.6,2.7302334150594743e+23,64.0,0.0,64.0,1,49,50,180,0,13107,0,0,0.0,0.0,0.0,60.0,-211210.203,70.5,0.0,-0.0,0.0,1070,0,1071,0,0,0,1071,0,1081,0,996,0,640,0,642,0,637,0,676,0.032,7.083549724304468e+21,0.0,0.0,53008,16812,-0.049,-1.9763596604752685e+24,-0.0,-4.710898800892314e+18,49.564,0.002,50.0,60.0,35,0.0,0.0,10.0,2.0,0.0,0.0,0.0,0.0,0.0,0.0,0.0,0.0,0.0,0.0,0.0,0.0,58.8,57,10,65506,27,65476,1000,65476,1,0,4,20529,65476,0,0,30147,60.0,0.0,10.0,10.0,2.0,0.0
2026-02-16T12:09:09,ERR,ERR,ERR,ERR,ERR,ERR,ERR,ERR,ERR,ERR,ERR,ERR,ERR,ERR,ERR,ERR,ERR,ERR,ERR,ERR,ERR,ERR,ERR,ERR,ERR,ERR,ERR,ERR,ERR,ERR,ERR,ERR,ERR,ERR,ERR,ERR,ERR,ERR,ERR,ERR,ERR,ERR,ERR,ERR,ERR,ERR,ERR,ERR,ERR,ERR,ERR,ERR,ERR,ERR,ERR,ERR,ERR,ERR,ERR,ERR,ERR,ERR,ERR,ERR,ERR,ERR,ERR,ERR,ERR,ERR,ERR,ERR,ERR,ERR,ERR,ERR,ERR,ERR,ERR,ERR,ERR,ERR,ERR,ERR,ERR,ERR,ERR,ERR,ERR,ERR,ERR,ERR,ERR,ERR,ERR,ERR,ERR,ERR,ERR,ERR,ERR,ERR,ERR,ERR,ERR,ERR,ERR,ERR,ERR,ERR,ERR,ERR,ERR,ERR,ERR,ERR,ERR,ERR,ERR,ERR,ERR,ERR,ERR,ERR,ERR,2.718442270659078e+23,-0.0,-0.0,-0.0,4.160414724153587e+31,-0.0,1.0003142765232009e+33,1.4375598540140706e+29,4300,0,8,17171,4300,-0.0,38,0.0,0.0,-0.0,0.0,-4.925046184806267e+32,0,0,0,0,0.0,0,0,0,0,0,0,0,0,0,0,0,0,0,0,0,0,0,0,0,0,0,0,0,0,0,0,0,0,0,0,0,0,0,9,37,37,46,65476,398,65476,1,0,4,21553,0.0,0.0,0.0,0.0,0.0,0.0,0.0,0.0,0.0,0.0,0.0,0.0,0.0,0.0,0.0,0.0,0.0,0.0,0.0,0.0,0.0,2.004,-0.0,-0.0,-3.697074423243316e+19,3.69707618246192e+19,0.0,0.0,0.0,0.0,6413.0,0.0,0.0,2.718442270659078e+23,-0.0,0.0,-2.7184507374263774e+23,0.0,0.0,2.004,2.004,223,0.0,0.0,0.0,0.0,0.0,0.0,0.0,0.0,0.0,0,0,0,-0.0,-3068027.25,0.0,-3.099834851184025e+27,0.0,206087.688,-4.3686363301982093e+24,0.0,0.0,-4.36017757142479e+19,-0.0,155928.641,0.0,0.0,0.0,0.0,0,1.3516416376850534e+27,223,0.0,446,0.0,4.6893839926962287e+24,2114,13107,17110,13107,17112,13107,17095,0,0,0,101,100,100,-107615216.0,63.6,2.7302334150594743e+23,64.0,0.0,64.0,1,49,50,180,0,13107,0,0,0.0,0.0,0.0,60.0,-211210.203,70.5,0.0,-0.0,0.0,1070,0,1071,0,0,0,1071,0,1081,0,996,0,640,0,642,0,637,0,676,0.032,7.083549724304468e+21,0.0,0.0,53008,16812,-0.049,-1.9763596604752685e+24,-0.0,-4.710898800892314e+18,49.564,0.002,50.0,60.0,35,0.0,0.0,10.0,2.0,0.0,0.0,0.0,0.0,0.0,0.0,0.0,0.0,0.0,0.0,0.0,0.0,58.8,57,10,65506,27,65476,1000,65476,1,0,4,20529,65476,0,0,30147,60.0,0.0,10.0,10.0,2.0,0.0
2026-02-16T12:09:10,ERR,ERR,ERR,ERR,ERR,ERR,ERR,ERR,ERR,ERR,ERR,ERR,ERR,ERR,ERR,ERR,ERR,ERR,ERR,ERR,ERR,ERR,ERR,ERR,ERR,ERR,ERR,ERR,ERR,ERR,ERR,ERR,ERR,ERR,ERR,ERR,ERR,ERR,ERR,ERR,ERR,ERR,ERR,ERR,ERR,ERR,ERR,ERR,ERR,ERR,ERR,ERR,ERR,ERR,ERR,ERR,ERR,ERR,ERR,ERR,ERR,ERR,ERR,ERR,ERR,ERR,ERR,ERR,ERR,ERR,ERR,ERR,ERR,ERR,ERR,ERR,ERR,ERR,ERR,ERR,ERR,ERR,ERR,ERR,ERR,ERR,ERR,ERR,ERR,ERR,ERR,ERR,ERR,ERR,ERR,ERR,ERR,ERR,ERR,ERR,ERR,ERR,ERR,ERR,ERR,ERR,ERR,ERR,ERR,ERR,ERR,ERR,ERR,ERR,ERR,ERR,ERR,ERR,ERR,ERR,ERR,ERR,ERR,ERR,ERR,2.718442270659078e+23,-0.0,-0.0,-0.0,4.160414724153587e+31,-0.0,1.0003142765232009e+33,1.4375598540140706e+29,4300,0,8,17171,4300,-0.0,38,0.0,0.0,-0.0,0.0,-4.925046184806267e+32,0,0,0,0,0.0,0,0,0,0,0,0,0,0,0,0,0,0,0,0,0,0,0,0,0,0,0,0,0,0,0,0,0,0,0,0,0,0,0,9,37,37,46,65476,398,65476,1,0,4,21553,0.0,0.0,0.0,0.0,0.0,0.0,0.0,0.0,0.0,0.0,0.0,0.0,0.0,0.0,0.0,0.0,0.0,0.0,0.0,0.0,0.0,2.004,-0.0,-0.0,-3.697074423243316e+19,3.69707618246192e+19,0.0,0.0,0.0,0.0,6413.0,0.0,0.0,2.718442270659078e+23,-0.0,0.0,-2.7184507374263774e+23,0.0,0.0,2.004,2.004,223,0.0,0.0,0.0,0.0,0.0,0.0,0.0,0.0,0.0,0,0,0,-0.0,-3068027.25,0.0,-3.099834851184025e+27,0.0,206087.688,-4.3686363301982093e+24,0.0,0.0,-4.36017757142479e+19,-0.0,155928.641,0.0,0.0,0.0,0.0,0,1.3516416376850534e+27,223,0.0,446,0.0,4.6893839926962287e+24,2114,13107,17110,13107,17112,13107,17095,0,0,0,101,100,100,-107615216.0,63.6,2.7302334150594743e+23,64.0,0.0,64.0,1,49,50,180,0,13107,0,0,0.0,0.0,0.0,60.0,-0.0,70.5,0.0,-6.818878628193894e+16,0.0,1070,0,1071,0,0,0,1071,0,1081,0,996,0,640,0,642,0,637,0,676,0.032,8.005886927989945e+21,0.0,0.0,47632,16812,-0.0,-6.818878628193894e+16,81.625,0.0,0.0,-16334856.0,50.0,60.0,35,0.0,0.0,10.0,2.0,0.0,0.0,0.0,0.0,0.0,0.0,0.0,0.0,0.0,0.0,0.0,0.0,58.8,56,10,65507,27,65476,1000,65476,1,0,4,20529,65476,0,0,30147,60.0,0.0,10.0,10.0,2.0,0.0
2026-02-16T12:09:11,ERR,ERR,ERR,ERR,ERR,ERR,ERR,ERR,ERR,ERR,ERR,ERR,ERR,ERR,ERR,ERR,ERR,ERR,ERR,ERR,ERR,ERR,ERR,ERR,ERR,ERR,ERR,ERR,ERR,ERR,ERR,ERR,ERR,ERR,ERR,ERR,ERR,ERR,ERR,ERR,ERR,ERR,ERR,ERR,ERR,ERR,ERR,ERR,ERR,ERR,ERR,ERR,ERR,ERR,ERR,ERR,ERR,ERR,ERR,ERR,ERR,ERR,ERR,ERR,ERR,ERR,ERR,ERR,ERR,ERR,ERR,ERR,ERR,ERR,ERR,ERR,ERR,ERR,ERR,ERR,ERR,ERR,ERR,ERR,ERR,ERR,ERR,ERR,ERR,ERR,ERR,ERR,ERR,ERR,ERR,ERR,ERR,ERR,ERR,ERR,ERR,ERR,ERR,ERR,ERR,ERR,ERR,ERR,ERR,ERR,ERR,ERR,ERR,ERR,ERR,ERR,ERR,ERR,ERR,ERR,ERR,ERR,ERR,ERR,ERR,2.718442270659078e+23,-0.0,-0.0,-0.0,4.160414724153587e+31,2.2344007194748555e+21,0.0,-0.0,4300,0,8,17171,4300,-0.0,38,0.0,0.0,-0.0,0.0,-4.925046184806267e+32,0,0,0,0,0.0,0,0,0,0,0,0,0,0,0,0,0,0,0,0,0,0,0,0,0,0,0,0,0,0,0,0,0,0,0,0,0,0,0,9,37,37,45,65476,396,65476,1,0,4,21553,0.0,0.0,-1.307,0.0,0.0,0.0,0.0,0.0,0.0,0.0,0.0,0.0,0.0,0.0,0.0,0.0,0.0,0.0,0.0,0.0,0.0,2.004,-0.0,-0.0,-3.697074423243316e+19,0.0,0.0,0.0,0.0,0.0,6417.0,-1.040670827793145e+34,0.0,2.718442270659078e+23,-0.0,0.0,-0.0,0.0,0.0,2.004,2.004,224,1.9056859227671757e+17,-0.0,0.0,0.0,0.0,0.0,0.0,0.0,0.0,0,0,0,-27952862.0,-1.01,164116874395648.0,0.0,1.3132768372303153e+26,0.0,-1280194.0,-0.005,-7048.783,-4.706054022806844e+19,-0.0,168216.641,0.0,0.0,0.0,2218736896.0,0,1.3516416376850534e+27,224,0.0,448,0.0,4.6893839926962287e+24,2114,13107,17110,13107,17112,13107,17095,0,0,0,101,100,100,-107615216.0,63.6,2.7302334150594743e+23,64.0,0.0,64.0,1,49,50,180,0,13107,0,0,0.0,0.0,0.0,60.0,-0.0,70.5,0.0,-6.818878628193894e+16,0.0,1070,0,1071,0,0,0,1071,0,1081,0,996,0,640,0,642,0,637,0,676,0.032,8.005886927989945e+21,0.0,0.0,47632,16812,-0.0,-6.818878628193894e+16,81.625,0.0,0.0,-16334856.0,50.0,60.0,35,0.0,0.0,10.0,2.0,0.0,0.0,0.0,0.0,0.0,0.0,0.0,0.0,0.0,0.0,0.0,0.0,58.8,56,10,65507,27,65476,1000,65476,1,0,4,20529,65476,0,0,30147,60.0,0.0,10.0,10.0,2.0,0.0
2026-02-16T12:09:12,ERR,ERR,ERR,ERR,ERR,ERR,ERR,ERR,ERR,ERR,ERR,ERR,ERR,ERR,ERR,ERR,ERR,ERR,ERR,ERR,ERR,ERR,ERR,ERR,ERR,ERR,ERR,ERR,ERR,ERR,ERR,ERR,ERR,ERR,ERR,ERR,ERR,ERR,ERR,ERR,ERR,ERR,ERR,ERR,ERR,ERR,ERR,ERR,ERR,ERR,ERR,ERR,ERR,ERR,ERR,ERR,ERR,ERR,ERR,ERR,ERR,ERR,ERR,ERR,ERR,ERR,ERR,ERR,ERR,ERR,ERR,ERR,ERR,ERR,ERR,ERR,ERR,ERR,ERR,ERR,ERR,ERR,ERR,ERR,ERR,ERR,ERR,ERR,ERR,ERR,ERR,ERR,ERR,ERR,ERR,ERR,ERR,ERR,ERR,ERR,ERR,ERR,ERR,ERR,ERR,ERR,ERR,ERR,ERR,ERR,ERR,ERR,ERR,ERR,ERR,ERR,ERR,ERR,ERR,ERR,ERR,ERR,ERR,ERR,ERR,2.718442270659078e+23,-0.0,-0.0,-0.0,4.160414724153587e+31,2.2344007194748555e+21,0.0,-0.0,4300,0,8,17171,4300,-0.0,38,0.0,0.0,-0.0,0.0,-4.925046184806267e+32,0,0,0,0,0.0,0,0,0,0,0,0,0,0,0,0,0,0,0,0,0,0,0,0,0,0,0,0,0,0,0,0,0,0,0,0,0,0,0,9,37,37,45,65476,396,65476,1,0,4,21553,0.0,0.0,-1.307,0.0,0.0,0.0,0.0,0.0,0.0,0.0,0.0,0.0,0.0,0.0,0.0,0.0,0.0,0.0,0.0,0.0,0.0,2.004,-0.0,-0.0,-3.697074423243316e+19,0.0,0.0,0.0,0.0,0.0,6417.0,-1.040670827793145e+34,0.0,2.718442270659078e+23,-0.0,0.0,-0.0,0.0,0.0,2.004,2.004,224,1.9056859227671757e+17,-0.0,0.0,0.0,0.0,0.0,0.0,0.0,0.0,0,0,0,-27952862.0,-1.01,164116874395648.0,0.0,1.3132768372303153e+26,0.0,-1280194.0,-0.005,-7048.783,-4.706054022806844e+19,-0.0,168216.641,0.0,0.0,0.0,2218736896.0,0,1.3516416376850534e+27,224,0.0,448,0.0,4.6893839926962287e+24,2114,13107,17110,13107,17112,13107,17095,0,0,0,101,100,100,-107615216.0,63.6,2.7302334150594743e+23,64.0,0.0,64.0,1,49,50,180,0,13107,0,0,0.0,0.0,0.0,60.0,-0.0,70.5,0.0,-6.818878628193894e+16,0.0,1070,0,1071,0,0,0,1071,0,1081,0,996,0,640,0,642,0,637,0,676,0.032,8.005886927989945e+21,0.0,0.0,47632,16812,-0.0,-6.818878628193894e+16,81.625,0.0,0.0,-16334856.0,50.0,60.0,35,0.0,0.0,10.0,2.0,0.0,0.0,0.0,0.0,0.0,0.0,0.0,0.0,0.0,0.0,0.0,0.0,58.8,56,10,65507,27,65476,1000,65476,1,0,4,20529,65476,0,0,30147,60.0,0.0,10.0,10.0,2.0,0.0
2026-02-16T12:09:13,ERR,ERR,ERR,ERR,ERR,ERR,ERR,ERR,ERR,ERR,ERR,ERR,ERR,ERR,ERR,ERR,ERR,ERR,ERR,ERR,ERR,ERR,ERR,ERR,ERR,ERR,ERR,ERR,ERR,ERR,ERR,ERR,ERR,ERR,ERR,ERR,ERR,ERR,ERR,ERR,ERR,ERR,ERR,ERR,ERR,ERR,ERR,ERR,ERR,ERR,ERR,ERR,ERR,ERR,ERR,ERR,ERR,ERR,ERR,ERR,ERR,ERR,ERR,ERR,ERR,ERR,ERR,ERR,ERR,ERR,ERR,ERR,ERR,ERR,ERR,ERR,ERR,ERR,ERR,ERR,ERR,ERR,ERR,ERR,ERR,ERR,ERR,ERR,ERR,ERR,ERR,ERR,ERR,ERR,ERR,ERR,ERR,ERR,ERR,ERR,ERR,ERR,ERR,ERR,ERR,ERR,ERR,ERR,ERR,ERR,ERR,ERR,ERR,ERR,ERR,ERR,ERR,ERR,ERR,ERR,ERR,ERR,ERR,ERR,ERR,2.718442270659078e+23,-0.0,-0.0,-0.0,4.160414724153587e+31,2.2344007194748555e+21,0.0,-0.0,4300,0,8,17171,4300,-0.0,38,0.0,0.0,-0.0,0.0,-4.925046184806267e+32,0,0,0,0,0.0,0,0,0,0,0,0,0,0,0,0,0,0,0,0,0,0,0,0,0,0,0,0,0,0,0,0,0,0,0,0,0,0,0,9,37,37,45,65476,396,65476,1,0,4,21553,0.0,0.0,-1.307,0.0,0.0,0.0,0.0,0.0,0.0,0.0,0.0,0.0,0.0,0.0,0.0,0.0,0.0,0.0,0.0,0.0,0.0,2.004,-0.0,-0.0,-3.697074423243316e+19,0.0,0.0,0.0,0.0,0.0,6417.0,-1.040670827793145e+34,0.0,2.718442270659078e+23,-0.0,0.0,-0.0,0.0,0.0,2.004,2.004,224,1.9056859227671757e+17,-0.0,0.0,0.0,0.0,0.0,0.0,0.0,0.0,0,0,0,-27952862.0,-1.01,164116874395648.0,0.0,1.3132768372303153e+26,0.0,-1280194.0,-0.005,-7048.783,-4.706054022806844e+19,-0.0,168216.641,0.0,0.0,0.0,2218736896.0,0,1.3516416376850534e+27,224,0.0,448,0.0,4.6893839926962287e+24,2114,13107,17110,13107,17112,13107,17095,0,0,0,101,100,100,-107615216.0,63.55,0.0,64.0,0.0,64.0,1,49,50,180,0,0,0,0,0.0,0.0,0.0,60.0,-769.04,70.5,0.0,2104511426461696.0,0.0,1070,0,1071,0,0,0,1071,0,1081,0,996,0,640,0,642,0,637,0,676,0.032,8.005886927989945e+21,0.0,0.0,53392,16812,-0.0,0.0,-0.0,-0.0,730883264.0,nan,50.0,60.0,35,0.0,0.0,10.0,2.0,0.0,0.0,0.0,0.0,0.0,0.0,0.0,0.0,0.0,0.0,0.0,0.0,58.8,56,10,65507,27,65476,1000,65476,1,0,4,20529,65476,0,0,30147,60.0,0.0,10.0,10.0,2.0,0.0
2026-02-16T12:09:14,ERR,ERR,ERR,ERR,ERR,ERR,ERR,ERR,ERR,ERR,ERR,ERR,ERR,ERR,ERR,ERR,ERR,ERR,ERR,ERR,ERR,ERR,ERR,ERR,ERR,ERR,ERR,ERR,ERR,ERR,ERR,ERR,ERR,ERR,ERR,ERR,ERR,ERR,ERR,ERR,ERR,ERR,ERR,ERR,ERR,ERR,ERR,ERR,ERR,ERR,ERR,ERR,ERR,ERR,ERR,ERR,ERR,ERR,ERR,ERR,ERR,ERR,ERR,ERR,ERR,ERR,ERR,ERR,ERR,ERR,ERR,ERR,ERR,ERR,ERR,ERR,ERR,ERR,ERR,ERR,ERR,ERR,ERR,ERR,ERR,ERR,ERR,ERR,ERR,ERR,ERR,ERR,ERR,ERR,ERR,ERR,ERR,ERR,ERR,ERR,ERR,ERR,ERR,ERR,ERR,ERR,ERR,ERR,ERR,ERR,ERR,ERR,ERR,ERR,ERR,ERR,ERR,ERR,ERR,ERR,ERR,ERR,ERR,ERR,ERR,2.718442270659078e+23,-0.0,-0.0,-0.0,4.160414724153587e+31,2.2344007194748555e+21,0.0,-0.0,4300,0,8,17171,4300,-0.0,38,0.0,0.0,-0.0,0.0,-4.925046184806267e+32,0,0,0,0,0.0,0,0,0,0,0,0,0,0,0,0,0,0,0,0,0,0,0,0,0,0,0,0,0,0,0,0,0,0,0,0,0,0,0,9,37,37,45,65476,396,65476,1,0,4,21553,0.0,0.0,-1.307,0.0,0.0,0.0,0.0,0.0,0.0,0.0,0.0,0.0,0.0,0.0,0.0,0.0,0.0,0.0,0.0,0.0,0.0,2.004,-0.0,-0.0,-3.697074423243316e+19,0.0,0.0,0.0,0.0,0.0,6417.0,-1.040670827793145e+34,0.0,2.718442270659078e+23,-0.0,0.0,-0.0,0.0,0.0,2.004,2.004,224,1.9056859227671757e+17,-0.0,0.0,0.0,0.0,0.0,0.0,0.0,0.0,0,0,0,-27952862.0,-1.01,164116874395648.0,0.0,1.3132768372303153e+26,0.0,-1280194.0,-0.005,-7048.783,-4.706054022806844e+19,-0.0,168216.641,0.0,0.0,0.0,2218736896.0,0,1.3516416376850534e+27,224,0.0,448,0.0,4.6893839926962287e+24,2114,13107,17110,13107,17112,13107,17095,0,0,0,101,100,100,-107615216.0,63.55,0.0,64.0,0.0,64.0,1,49,50,180,0,0,0,0,0.0,0.0,0.0,60.0,-769.04,70.5,0.0,2104511426461696.0,0.0,1070,0,1071,0,0,0,1071,0,1081,0,996,0,640,0,642,0,637,0,676,0.032,8.005886927989945e+21,0.0,0.0,53392,16812,-0.0,0.0,-0.0,-0.0,730883264.0,nan,50.0,60.0,35,0.0,0.0,10.0,2.0,0.0,0.0,0.0,0.0,0.0,0.0,0.0,0.0,0.0,0.0,0.0,0.0,58.8,56,10,65507,27,65476,1000,65476,1,0,4,20529,65476,0,0,30147,60.0,0.0,10.0,10.0,2.0,0.0
2026-02-16T12:09:15,ERR,ERR,ERR,ERR,ERR,ERR,ERR,ERR,ERR,ERR,ERR,ERR,ERR,ERR,ERR,ERR,ERR,ERR,ERR,ERR,ERR,ERR,ERR,ERR,ERR,ERR,ERR,ERR,ERR,ERR,ERR,ERR,ERR,ERR,ERR,ERR,ERR,ERR,ERR,ERR,ERR,ERR,ERR,ERR,ERR,ERR,ERR,ERR,ERR,ERR,ERR,ERR,ERR,ERR,ERR,ERR,ERR,ERR,ERR,ERR,ERR,ERR,ERR,ERR,ERR,ERR,ERR,ERR,ERR,ERR,ERR,ERR,ERR,ERR,ERR,ERR,ERR,ERR,ERR,ERR,ERR,ERR,ERR,ERR,ERR,ERR,ERR,ERR,ERR,ERR,ERR,ERR,ERR,ERR,ERR,ERR,ERR,ERR,ERR,ERR,ERR,ERR,ERR,ERR,ERR,ERR,ERR,ERR,ERR,ERR,ERR,ERR,ERR,ERR,ERR,ERR,ERR,ERR,ERR,ERR,ERR,ERR,ERR,ERR,ERR,2.718442270659078e+23,-0.0,-0.0,-0.0,4.160414724153587e+31,2.2344007194748555e+21,0.0,-0.0,4300,0,8,17171,4300,-0.0,38,0.0,0.0,-0.0,0.0,-4.925046184806267e+32,0,0,0,0,0.0,0,0,0,0,0,0,0,0,0,0,0,0,0,0,0,0,0,0,0,0,0,0,0,0,0,0,0,0,0,0,0,0,0,9,37,37,45,65476,396,65476,1,0,4,21553,0.0,0.0,-1.307,0.0,0.0,0.0,0.0,0.0,0.0,0.0,0.0,0.0,0.0,0.0,0.0,0.0,0.0,0.0,0.0,0.0,0.0,2.004,-0.0,-0.0,-3.697074423243316e+19,0.0,0.0,0.0,0.0,0.0,6417.0,-1.040670827793145e+34,0.0,2.718442270659078e+23,-0.0,0.0,-0.0,0.0,0.0,2.004,2.004,224,1.9056859227671757e+17,-0.0,0.0,0.0,0.0,0.0,0.0,0.0,0.0,0,0,0,-27952862.0,-1.01,164116874395648.0,0.0,1.3132768372303153e+26,0.0,-1280194.0,-0.005,-7048.783,-4.706054022806844e+19,-0.0,168216.641,0.0,0.0,0.0,2218736896.0,0,1.3516416376850534e+27,224,0.0,448,0.0,4.6893839926962287e+24,2114,13107,17110,13107,17112,13107,17095,0,0,0,101,100,100,-107615216.0,63.55,0.0,64.0,0.0,64.0,1,49,50,180,0,0,0,0,0.0,0.0,0.0,60.0,-769.04,70.5,0.0,2104511426461696.0,0.0,1070,0,1071,0,0,0,1071,0,1081,0,996,0,640,0,642,0,637,0,676,0.032,8.005886927989945e+21,0.0,0.0,53392,16812,-0.0,0.0,-0.0,-0.0,730883264.0,nan,50.0,60.0,35,0.0,0.0,10.0,2.0,0.0,0.0,0.0,0.0,0.0,0.0,0.0,0.0,0.0,0.0,0.0,0.0,59.2,55,10,65507,27,65476,1000,65476,1,0,4,20529,65476,0,0,30147,60.0,0.0,10.0,10.0,2.0,0.0
2026-02-16T12:09:16,ERR,ERR,ERR,ERR,ERR,ERR,ERR,ERR,ERR,ERR,ERR,ERR,ERR,ERR,ERR,ERR,ERR,ERR,ERR,ERR,ERR,ERR,ERR,ERR,ERR,ERR,ERR,ERR,ERR,ERR,ERR,ERR,ERR,ERR,ERR,ERR,ERR,ERR,ERR,ERR,ERR,ERR,ERR,ERR,ERR,ERR,ERR,ERR,ERR,ERR,ERR,ERR,ERR,ERR,ERR,ERR,ERR,ERR,ERR,ERR,ERR,ERR,ERR,ERR,ERR,ERR,ERR,ERR,ERR,ERR,ERR,ERR,ERR,ERR,ERR,ERR,ERR,ERR,ERR,ERR,ERR,ERR,ERR,ERR,ERR,ERR,ERR,ERR,ERR,ERR,ERR,ERR,ERR,ERR,ERR,ERR,ERR,ERR,ERR,ERR,ERR,ERR,ERR,ERR,ERR,ERR,ERR,ERR,ERR,ERR,ERR,ERR,ERR,ERR,ERR,ERR,ERR,ERR,ERR,ERR,ERR,ERR,ERR,ERR,ERR,2.718442270659078e+23,-0.0,-0.0,-0.0,4.160414724153587e+31,1.5568862797883358e+38,7.121246204265447e+22,1.9114184405266654e+35,4300,0,8,17168,4300,-0.0,38,0.0,0.0,-0.0,0.0,-4.925046184806267e+32,0,0,0,0,0.0,0,0,0,0,0,0,0,0,0,0,0,0,0,0,0,0,0,0,0,0,0,0,0,0,0,0,0,0,0,0,0,0,0,8,37,37,45,65476,395,65476,1,0,4,21553,0.0,0.0,-0.0,0.0,0.0,0.0,0.0,0.0,0.0,0.0,0.0,0.0,0.0,0.0,0.0,0.0,0.0,0.0,0.0,0.0,0.0,2.004,-0.0,-0.0,-3.697074423243316e+19,0.0,0.0,0.0,0.0,0.0,6441.0,-0.0,0.0,2.718442270659078e+23,-0.0,0.0,-0.0,0.0,0.0,2.004,2.004,225,0.0,0.0,0.0,0.0,0.0,0.0,0.0,0.0,0.0,0,0,0,-281570784.0,1.0941571292940332e+21,74587008.0,53544932.0,8.659742839729025e+25,8.204539217926765e+33,-2069489189388288.0,-0.0,-0.0,-5.0807535118040695e+19,-0.0,180504.641,0.0,0.0,0.0,4.822646514476438e+23,0,1.3516416376850534e+27,225,0.0,450,-74360974999552.0,-1814070656.0,2114,13107,17110,13107,17112,13107,17095,0,0,0,101,100,100,-107615216.0,63.55,0.0,64.0,0.0,64.0,1,49,50,180,0,0,0,0,0.0,0.0,0.0,60.0,-769.04,70.5,0.0,2104511426461696.0,0.0,1070,0,1071,0,0,0,1071,0,1081,0,996,0,640,0,642,0,637,0,676,0.032,8.005886927989945e+21,0.0,0.0,53392,16812,-0.0,0.0,-0.0,-0.0,730883264.0,nan,50.0,60.0,35,0.0,0.0,10.0,2.0,0.0,0.0,0.0,0.0,0.0,0.0,0.0,0.0,0.0,0.0,0.0,0.0,59.2,55,10,65507,27,65476,1000,65476,1,0,4,20529,65476,0,0,30147,60.0,0.0,10.0,10.0,2.0,0.0
2026-02-16T12:09:17,ERR,ERR,ERR,ERR,ERR,ERR,ERR,ERR,ERR,ERR,ERR,ERR,ERR,ERR,ERR,ERR,ERR,ERR,ERR,ERR,ERR,ERR,ERR,ERR,ERR,ERR,ERR,ERR,ERR,ERR,ERR,ERR,ERR,ERR,ERR,ERR,ERR,ERR,ERR,ERR,ERR,ERR,ERR,ERR,ERR,ERR,ERR,ERR,ERR,ERR,ERR,ERR,ERR,ERR,ERR,ERR,ERR,ERR,ERR,ERR,ERR,ERR,ERR,ERR,ERR,ERR,ERR,ERR,ERR,ERR,ERR,ERR,ERR,ERR,ERR,ERR,ERR,ERR,ERR,ERR,ERR,ERR,ERR,ERR,ERR,ERR,ERR,ERR,ERR,ERR,ERR,ERR,ERR,ERR,ERR,ERR,ERR,ERR,ERR,ERR,ERR,ERR,ERR,ERR,ERR,ERR,ERR,ERR,ERR,ERR,ERR,ERR,ERR,ERR,ERR,ERR,ERR,ERR,ERR,ERR,ERR,ERR,ERR,ERR,ERR,2.718442270659078e+23,-0.0,-0.0,-0.0,4.160414724153587e+31,1.5568862797883358e+38,7.121246204265447e+22,1.9114184405266654e+35,4300,0,8,17168,4300,-0.0,38,0.0,0.0,-0.0,0.0,-4.925046184806267e+32,0,0,0,0,0.0,0,0,0,0,0,0,0,0,0,0,0,0,0,0,0,0,0,0,0,0,0,0,0,0,0,0,0,0,0,0,0,0,0,8,37,37,45,65476,395,65476,1,0,4,21553,0.0,0.0,-0.0,0.0,0.0,0.0,0.0,0.0,0.0,0.0,0.0,0.0,0.0,0.0,0.0,0.0,0.0,0.0,0.0,0.0,0.0,2.004,-0.0,-0.0,-3.697074423243316e+19,0.0,0.0,0.0,0.0,0.0,6441.0,-0.0,0.0,2.718442270659078e+23,-0.0,0.0,-0.0,0.0,0.0,2.004,2.004,225,0.0,0.0,0.0,0.0,0.0,0.0,0.0,0.0,0.0,0,0,0,-281570784.0,1.0941571292940332e+21,74587008.0,53544932.0,8.659742839729025e+25,8.204539217926765e+33,-2069489189388288.0,-0.0,-0.0,-5.0807535118040695e+19,-0.0,180504.641,0.0,0.0,0.0,4.822646514476438e+23,0,1.3516416376850534e+27,225,0.0,450,-74360974999552.0,-1814070656.0,2114,13107,17110,13107,17112,13107,17095,0,0,0,101,100,100,-107615216.0,63.6,2.7302334150594743e+23,64.0,0.0,64.0,1,49,50,180,0,13107,0,0,0.0,0.0,0.0,60.0,-0.0,70.5,0.0,0.0,0.0,1070,0,1071,0,0,0,1072,0,1081,0,996,0,640,0,642,0,637,0,676,0.032,6.234999496913828e+21,0.0,0.0,51216,16812,-32.065,0.0,1.4356756273562558e+36,-0.0,1132594.375,-5.493455146932249e+36,50.0,60.0,35,0.0,0.0,10.0,2.0,0.0,0.0,0.0,0.0,0.0,0.0,0.0,0.0,0.0,0.0,0.0,0.0,59.2,55,10,65507,27,65476,1000,65476,1,0,4,20529,65476,0,0,30147,60.0,0.0,10.0,10.0,2.0,0.0
2026-02-16T12:09:18,ERR,ERR,ERR,ERR,ERR,ERR,ERR,ERR,ERR,ERR,ERR,ERR,ERR,ERR,ERR,ERR,ERR,ERR,ERR,ERR,ERR,ERR,ERR,ERR,ERR,ERR,ERR,ERR,ERR,ERR,ERR,ERR,ERR,ERR,ERR,ERR,ERR,ERR,ERR,ERR,ERR,ERR,ERR,ERR,ERR,ERR,ERR,ERR,ERR,ERR,ERR,ERR,ERR,ERR,ERR,ERR,ERR,ERR,ERR,ERR,ERR,ERR,ERR,ERR,ERR,ERR,ERR,ERR,ERR,ERR,ERR,ERR,ERR,ERR,ERR,ERR,ERR,ERR,ERR,ERR,ERR,ERR,ERR,ERR,ERR,ERR,ERR,ERR,ERR,ERR,ERR,ERR,ERR,ERR,ERR,ERR,ERR,ERR,ERR,ERR,ERR,ERR,ERR,ERR,ERR,ERR,ERR,ERR,ERR,ERR,ERR,ERR,ERR,ERR,ERR,ERR,ERR,ERR,ERR,ERR,ERR,ERR,ERR,ERR,ERR,2.718442270659078e+23,-0.0,-0.0,-0.0,4.160414724153587e+31,1.5568862797883358e+38,7.121246204265447e+22,1.9114184405266654e+35,4300,0,8,17168,4300,-0.0,38,0.0,0.0,-0.0,0.0,-4.925046184806267e+32,0,0,0,0,0.0,0,0,0,0,0,0,0,0,0,0,0,0,0,0,0,0,0,0,0,0,0,0,0,0,0,0,0,0,0,0,0,0,0,8,37,37,45,65476,395,65476,1,0,4,21553,0.0,0.0,-0.0,0.0,0.0,0.0,0.0,0.0,0.0,0.0,0.0,0.0,0.0,0.0,0.0,0.0,0.0,0.0,0.0,0.0,0.0,2.004,-0.0,-0.0,-3.697074423243316e+19,0.0,0.0,0.0,0.0,0.0,6441.0,-0.0,0.0,2.718442270659078e+23,-0.0,0.0,-0.0,0.0,0.0,2.004,2.004,225,0.0,0.0,0.0,0.0,0.0,0.0,0.0,0.0,0.0,0,0,0,-281570784.0,1.0941571292940332e+21,74587008.0,53544932.0,8.659742839729025e+25,8.204539217926765e+33,-2069489189388288.0,-0.0,-0.0,-5.0807535118040695e+19,-0.0,180504.641,0.0,0.0,0.0,4.822646514476438e+23,0,1.3516416376850534e+27,225,0.0,450,-74360974999552.0,-1814070656.0,2114,13107,17110,13107,17112,13107,17095,0,0,0,101,100,100,-107615216.0,63.6,2.7302334150594743e+23,64.0,0.0,64.0,1,49,50,180,0,13107,0,0,0.0,0.0,0.0,60.0,-0.0,70.5,0.0,0.0,0.0,1070,0,1071,0,0,0,1072,0,1081,0,996,0,640,0,642,0,637,0,676,0.032,6.234999496913828e+21,0.0,0.0,51216,16812,-32.065,0.0,1.4356756273562558e+36,-0.0,1132594.375,-5.493455146932249e+36,50.0,60.0,35,0.0,0.0,10.0,2.0,0.0,0.0,0.0,0.0,0.0,0.0,0.0,0.0,0.0,0.0,0.0,0.0,58.8,55,10,65507,27,65476,1000,65476,1,0,4,20529,65476,0,0,30147,60.0,0.0,10.0,10.0,2.0,0.0
2026-02-16T12:09:19,ERR,ERR,ERR,ERR,ERR,ERR,ERR,ERR,ERR,ERR,ERR,ERR,ERR,ERR,ERR,ERR,ERR,ERR,ERR,ERR,ERR,ERR,ERR,ERR,ERR,ERR,ERR,ERR,ERR,ERR,ERR,ERR,ERR,ERR,ERR,ERR,ERR,ERR,ERR,ERR,ERR,ERR,ERR,ERR,ERR,ERR,ERR,ERR,ERR,ERR,ERR,ERR,ERR,ERR,ERR,ERR,ERR,ERR,ERR,ERR,ERR,ERR,ERR,ERR,ERR,ERR,ERR,ERR,ERR,ERR,ERR,ERR,ERR,ERR,ERR,ERR,ERR,ERR,ERR,ERR,ERR,ERR,ERR,ERR,ERR,ERR,ERR,ERR,ERR,ERR,ERR,ERR,ERR,ERR,ERR,ERR,ERR,ERR,ERR,ERR,ERR,ERR,ERR,ERR,ERR,ERR,ERR,ERR,ERR,ERR,ERR,ERR,ERR,ERR,ERR,ERR,ERR,ERR,ERR,ERR,ERR,ERR,ERR,ERR,ERR,2.718442270659078e+23,-0.0,-0.0,-0.0,4.160414724153587e+31,1.5568862797883358e+38,7.121246204265447e+22,1.9114184405266654e+35,4300,0,8,17168,4300,-0.0,38,0.0,0.0,-0.0,0.0,-4.925046184806267e+32,0,0,0,0,0.0,0,0,0,0,0,0,0,0,0,0,0,0,0,0,0,0,0,0,0,0,0,0,0,0,0,0,0,0,0,0,0,0,0,8,37,37,45,65476,395,65476,1,0,4,21553,0.0,0.0,-0.0,0.0,0.0,0.0,0.0,0.0,0.0,0.0,0.0,0.0,0.0,0.0,0.0,0.0,0.0,0.0,0.0,0.0,0.0,2.004,-0.0,-0.0,-3.697074423243316e+19,0.0,0.0,0.0,0.0,0.0,6441.0,-0.0,0.0,2.718442270659078e+23,-0.0,0.0,-0.0,0.0,0.0,2.004,2.004,225,0.0,0.0,0.0,0.0,0.0,0.0,0.0,0.0,0.0,0,0,0,-281570784.0,1.0941571292940332e+21,74587008.0,53544932.0,8.659742839729025e+25,8.204539217926765e+33,-2069489189388288.0,-0.0,-0.0,-5.0807535118040695e+19,-0.0,180504.641,0.0,0.0,0.0,4.822646514476438e+23,0,1.3516416376850534e+27,225,0.0,450,-74360974999552.0,-1814070656.0,2114,13107,17110,13107,17112,13107,17095,0,0,0,101,100,100,-107615216.0,63.6,2.7302334150594743e+23,64.0,0.0,64.0,1,49,50,180,0,13107,0,0,0.0,0.0,0.0,60.0,-0.0,70.5,0.0,0.0,0.0,1070,0,1071,0,0,0,1072,0,1081,0,996,0,640,0,642,0,637,0,676,0.032,6.234999496913828e+21,0.0,0.0,51216,16812,-32.065,0.0,1.4356756273562558e+36,-0.0,1132594.375,-5.493455146932249e+36,50.0,60.0,35,0.0,0.0,10.0,2.0,0.0,0.0,0.0,0.0,0.0,0.0,0.0,0.0,0.0,0.0,0.0,0.0,58.8,55,10,65507,27,65476,1000,65476,1,0,4,20529,65476,0,0,30147,60.0,0.0,10.0,10.0,2.0,0.0
2026-02-16T12:09:20,ERR,ERR,ERR,ERR,ERR,ERR,ERR,ERR,ERR,ERR,ERR,ERR,ERR,ERR,ERR,ERR,ERR,ERR,ERR,ERR,ERR,ERR,ERR,ERR,ERR,ERR,ERR,ERR,ERR,ERR,ERR,ERR,ERR,ERR,ERR,ERR,ERR,ERR,ERR,ERR,ERR,ERR,ERR,ERR,ERR,ERR,ERR,ERR,ERR,ERR,ERR,ERR,ERR,ERR,ERR,ERR,ERR,ERR,ERR,ERR,ERR,ERR,ERR,ERR,ERR,ERR,ERR,ERR,ERR,ERR,ERR,ERR,ERR,ERR,ERR,ERR,ERR,ERR,ERR,ERR,ERR,ERR,ERR,ERR,ERR,ERR,ERR,ERR,ERR,ERR,ERR,ERR,ERR,ERR,ERR,ERR,ERR,ERR,ERR,ERR,ERR,ERR,ERR,ERR,ERR,ERR,ERR,ERR,ERR,ERR,ERR,ERR,ERR,ERR,ERR,ERR,ERR,ERR,ERR,ERR,ERR,ERR,ERR,ERR,ERR,2.718442270659078e+23,-0.0,-0.0,-0.0,4.160414724153587e+31,1.5568862797883358e+38,7.121246204265447e+22,1.9114184405266654e+35,4300,0,8,17168,4300,-0.0,38,0.0,0.0,-0.0,0.0,-4.925046184806267e+32,0,0,0,0,0.0,0,0,0,0,0,0,0,0,0,0,0,0,0,0,0,0,0,0,0,0,0,0,0,0,0,0,0,0,0,0,0,0,0,8,37,37,45,65476,395,65476,1,0,4,21553,0.0,0.0,-0.0,0.0,0.0,0.0,0.0,0.0,0.0,0.0,0.0,0.0,0.0,0.0,0.0,0.0,0.0,0.0,0.0,0.0,0.0,2.004,-0.0,-0.0,-3.697074423243316e+19,0.0,0.0,0.0,0.0,0.0,6441.0,-0.0,0.0,2.718442270659078e+23,-0.0,0.0,-0.0,0.0,0.0,2.004,2.004,225,0.0,0.0,0.0,0.0,0.0,0.0,0.0,0.0,0.0,0,0,0,-281570784.0,1.0941571292940332e+21,74587008.0,53544932.0,8.659742839729025e+25,8.204539217926765e+33,-2069489189388288.0,-0.0,-0.0,-5.0807535118040695e+19,-0.0,180504.641,0.0,0.0,0.0,4.822646514476438e+23,0,1.3516416376850534e+27,225,0.0,450,-74360974999552.0,-1814070656.0,2114,13107,17110,13107,17112,13107,17095,0,0,0,101,100,100,-107615216.0,63.6,2.7302334150594743e+23,64.0,0.0,64.0,1,49,50,180,0,13107,0,0,0.0,0.0,0.0,60.0,-8405645.0,70.5,0.0,2.6776045893976064e+16,0.0,1070,0,1071,0,0,0,1072,0,1081,0,996,0,640,0,642,0,637,0,676,0.032,6.234999496913828e+21,0.0,0.0,400,16813,-8405645.0,2.6776045893976064e+16,-425739780096.0,-0.0,-0.0,34880.035,50.0,60.0,35,0.0,0.0,10.0,2.0,0.0,0.0,0.0,0.0,0.0,0.0,0.0,0.0,0.0,0.0,0.0,0.0,58.8,55,11,65507,27,65476,1000,65476,1,0,4,20529,65476,0,0,30147,60.0,0.0,10.0,10.0,2.0,0.0
2026-02-16T12:09:21,ERR,ERR,ERR,ERR,ERR,ERR,ERR,ERR,ERR,ERR,ERR,ERR,ERR,ERR,ERR,ERR,ERR,ERR,ERR,ERR,ERR,ERR,ERR,ERR,ERR,ERR,ERR,ERR,ERR,ERR,ERR,ERR,ERR,ERR,ERR,ERR,ERR,ERR,ERR,ERR,ERR,ERR,ERR,ERR,ERR,ERR,ERR,ERR,ERR,ERR,ERR,ERR,ERR,ERR,ERR,ERR,ERR,ERR,ERR,ERR,ERR,ERR,ERR,ERR,ERR,ERR,ERR,ERR,ERR,ERR,ERR,ERR,ERR,ERR,ERR,ERR,ERR,ERR,ERR,ERR,ERR,ERR,ERR,ERR,ERR,ERR,ERR,ERR,ERR,ERR,ERR,ERR,ERR,ERR,ERR,ERR,ERR,ERR,ERR,ERR,ERR,ERR,ERR,ERR,ERR,ERR,ERR,ERR,ERR,ERR,ERR,ERR,ERR,ERR,ERR,ERR,ERR,ERR,ERR,ERR,ERR,ERR,ERR,ERR,ERR,2.718442270659078e+23,-0.0,-0.0,-0.0,4.160414724153587e+31,2.1533309882754662e+17,0.0,-0.0,4300,0,8,17171,4300,-0.0,39,0.0,0.0,-0.0,0.0,-4.925046184806267e+32,0,0,0,0,0.0,0,0,0,0,0,0,0,0,0,0,0,0,0,0,0,0,0,0,0,0,0,0,0,0,0,0,0,0,0,0,0,0,0,8,37,37,45,65476,392,65476,1,0,4,21553,0.0,-0.0,-0.0,0.0,0.0,0.0,0.0,0.0,0.0,0.0,0.0,0.0,0.0,0.0,0.0,0.0,0.0,0.0,0.0,0.0,0.0,2.004,-0.0,-0.0,-3.697074423243316e+19,0.0,0.0,0.0,0.0,0.0,6468.0,3.697206364638649e+19,0.0,2.718442270659078e+23,-0.0,0.0,-0.0,-0.0,0.0,2.004,2.004,224,-107614776.0,-0.0,0.0,0.0,0.0,0.0,0.0,0.0,0.0,0,0,0,-2.2034294531280696e+26,-0.0,3.1752796298543104e+18,-0.0,7.12688307844405e+19,1.731701676689064e+18,-1926496256000.0,-4.640264401450702e+30,-2.1910462751371774e+31,-5.397806925570952e+19,-0.0,193816.641,0.0,0.0,0.0,1607655.625,0,1.3516416376850534e+27,224,0.0,448,-0.0,-0.0,2114,13107,17110,13107,17112,13107,17095,0,0,0,101,100,100,-107615216.0,63.6,2.7302334150594743e+23,64.0,0.0,64.0,1,49,50,180,0,13107,0,0,0.0,0.0,0.0,60.0,-8405645.0,70.5,0.0,2.6776045893976064e+16,0.0,1070,0,1071,0,0,0,1072,0,1081,0,996,0,640,0,642,0,637,0,676,0.032,6.234999496913828e+21,0.0,0.0,400,16813,-8405645.0,2.6776045893976064e+16,-425739780096.0,-0.0,-0.0,34880.035,50.0,60.0,35,0.0,0.0,10.0,2.0,0.0,0.0,0.0,0.0,0.0,0.0,0.0,0.0,0.0,0.0,0.0,0.0,59.2,55,11,65507,27,65476,1000,65476,1,0,4,20529,65476,0,0,30147,60.0,0.0,10.0,10.0,2.0,0.0
2026-02-16T12:09:22,ERR,ERR,ERR,ERR,ERR,ERR,ERR,ERR,ERR,ERR,ERR,ERR,ERR,ERR,ERR,ERR,ERR,ERR,ERR,ERR,ERR,ERR,ERR,ERR,ERR,ERR,ERR,ERR,ERR,ERR,ERR,ERR,ERR,ERR,ERR,ERR,ERR,ERR,ERR,ERR,ERR,ERR,ERR,ERR,ERR,ERR,ERR,ERR,ERR,ERR,ERR,ERR,ERR,ERR,ERR,ERR,ERR,ERR,ERR,ERR,ERR,ERR,ERR,ERR,ERR,ERR,ERR,ERR,ERR,ERR,ERR,ERR,ERR,ERR,ERR,ERR,ERR,ERR,ERR,ERR,ERR,ERR,ERR,ERR,ERR,ERR,ERR,ERR,ERR,ERR,ERR,ERR,ERR,ERR,ERR,ERR,ERR,ERR,ERR,ERR,ERR,ERR,ERR,ERR,ERR,ERR,ERR,ERR,ERR,ERR,ERR,ERR,ERR,ERR,ERR,ERR,ERR,ERR,ERR,ERR,ERR,ERR,ERR,ERR,ERR,2.718442270659078e+23,-0.0,-0.0,-0.0,4.160414724153587e+31,2.1533309882754662e+17,0.0,-0.0,4300,0,8,17171,4300,-0.0,39,0.0,0.0,-0.0,0.0,-4.925046184806267e+32,0,0,0,0,0.0,0,0,0,0,0,0,0,0,0,0,0,0,0,0,0,0,0,0,0,0,0,0,0,0,0,0,0,0,0,0,0,0,0,8,37,37,45,65476,392,65476,1,0,4,21553,0.0,-0.0,-0.0,0.0,0.0,0.0,0.0,0.0,0.0,0.0,0.0,0.0,0.0,0.0,0.0,0.0,0.0,0.0,0.0,0.0,0.0,2.004,-0.0,-0.0,-3.697074423243316e+19,0.0,0.0,0.0,0.0,0.0,6468.0,3.697206364638649e+19,0.0,2.718442270659078e+23,-0.0,0.0,-0.0,-0.0,0.0,2.004,2.004,224,-107614776.0,-0.0,0.0,0.0,0.0,0.0,0.0,0.0,0.0,0,0,0,-2.2034294531280696e+26,-0.0,3.1752796298543104e+18,-0.0,7.12688307844405e+19,1.731701676689064e+18,-1926496256000.0,-4.640264401450702e+30,-2.1910462751371774e+31,-5.397806925570952e+19,-0.0,193816.641,0.0,0.0,0.0,1607655.625,0,1.3516416376850534e+27,224,0.0,448,-0.0,-0.0,2114,13107,17110,13107,17112,13107,17095,0,0,0,101,100,100,-107615216.0,63.6,2.7302334150594743e+23,64.0,0.0,64.0,1,49,50,180,0,13107,0,0,0.0,0.0,0.0,60.0,-8405645.0,70.5,0.0,2.6776045893976064e+16,0.0,1070,0,1071,0,0,0,1072,0,1081,0,996,0,640,0,642,0,637,0,676,0.032,6.234999496913828e+21,0.0,0.0,400,16813,-8405645.0,2.6776045893976064e+16,-425739780096.0,-0.0,-0.0,34880.035,50.0,60.0,35,0.0,0.0,10.0,2.0,0.0,0.0,0.0,0.0,0.0,0.0,0.0,0.0,0.0,0.0,0.0,0.0,59.2,55,11,65507,27,65476,1000,65476,1,0,4,20529,65476,0,0,30147,60.0,0.0,10.0,10.0,2.0,0.0
2026-02-16T12:09:23,ERR,ERR,ERR,ERR,ERR,ERR,ERR,ERR,ERR,ERR,ERR,ERR,ERR,ERR,ERR,ERR,ERR,ERR,ERR,ERR,ERR,ERR,ERR,ERR,ERR,ERR,ERR,ERR,ERR,ERR,ERR,ERR,ERR,ERR,ERR,ERR,ERR,ERR,ERR,ERR,ERR,ERR,ERR,ERR,ERR,ERR,ERR,ERR,ERR,ERR,ERR,ERR,ERR,ERR,ERR,ERR,ERR,ERR,ERR,ERR,ERR,ERR,ERR,ERR,ERR,ERR,ERR,ERR,ERR,ERR,ERR,ERR,ERR,ERR,ERR,ERR,ERR,ERR,ERR,ERR,ERR,ERR,ERR,ERR,ERR,ERR,ERR,ERR,ERR,ERR,ERR,ERR,ERR,ERR,ERR,ERR,ERR,ERR,ERR,ERR,ERR,ERR,ERR,ERR,ERR,ERR,ERR,ERR,ERR,ERR,ERR,ERR,ERR,ERR,ERR,ERR,ERR,ERR,ERR,ERR,ERR,ERR,ERR,ERR,ERR,2.718442270659078e+23,-0.0,-0.0,-0.0,4.160414724153587e+31,2.1533309882754662e+17,0.0,-0.0,4300,0,8,17171,4300,-0.0,39,0.0,0.0,-0.0,0.0,-4.925046184806267e+32,0,0,0,0,0.0,0,0,0,0,0,0,0,0,0,0,0,0,0,0,0,0,0,0,0,0,0,0,0,0,0,0,0,0,0,0,0,0,0,8,37,37,45,65476,392,65476,1,0,4,21553,0.0,-0.0,-0.0,0.0,0.0,0.0,0.0,0.0,0.0,0.0,0.0,0.0,0.0,0.0,0.0,0.0,0.0,0.0,0.0,0.0,0.0,2.004,-0.0,-0.0,-3.697074423243316e+19,0.0,0.0,0.0,0.0,0.0,6468.0,3.697206364638649e+19,0.0,2.718442270659078e+23,-0.0,0.0,-0.0,-0.0,0.0,2.004,2.004,224,-107614776.0,-0.0,0.0,0.0,0.0,0.0,0.0,0.0,0.0,0,0,0,-2.2034294531280696e+26,-0.0,3.1752796298543104e+18,-0.0,7.12688307844405e+19,1.731701676689064e+18,-1926496256000.0,-4.640264401450702e+30,-2.1910462751371774e+31,-5.397806925570952e+19,-0.0,193816.641,0.0,0.0,0.0,1607655.625,0,1.3516416376850534e+27,224,0.0,448,-0.0,-0.0,2114,26215,17110,13107,17112,13107,17095,0,0,0,101,100,100,-107615216.0,63.6,2.7302334150594743e+23,64.0,0.0,64.0,1,49,50,180,0,13107,0,0,0.0,0.0,0.0,60.0,-8405645.0,70.5,0.0,-0.0,0.0,1070,0,1071,0,0,0,1071,0,1081,0,996,0,640,0,642,0,637,0,676,0.032,6.530147402093181e+21,0.0,0.0,51856,16812,-2203489402880.0,-1.7271246868595626e+21,-0.0,1.2089557267146342e+17,4.6164111388614297e+21,0.0,50.0,60.0,35,0.0,0.0,10.0,2.0,0.0,0.0,0.0,0.0,0.0,0.0,0.0,0.0,0.0,0.0,0.0,0.0,58.8,55,11,65507,27,65476,1000,65476,1,0,4,20529,65476,0,0,30147,60.0,0.0,10.0,10.0,2.0,0.0
2026-02-16T12:09:24,ERR,ERR,ERR,ERR,ERR,ERR,ERR,ERR,ERR,ERR,ERR,ERR,ERR,ERR,ERR,ERR,ERR,ERR,ERR,ERR,ERR,ERR,ERR,ERR,ERR,ERR,ERR,ERR,ERR,ERR,ERR,ERR,ERR,ERR,ERR,ERR,ERR,ERR,ERR,ERR,ERR,ERR,ERR,ERR,ERR,ERR,ERR,ERR,ERR,ERR,ERR,ERR,ERR,ERR,ERR,ERR,ERR,ERR,ERR,ERR,ERR,ERR,ERR,ERR,ERR,ERR,ERR,ERR,ERR,ERR,ERR,ERR,ERR,ERR,ERR,ERR,ERR,ERR,ERR,ERR,ERR,ERR,ERR,ERR,ERR,ERR,ERR,ERR,ERR,ERR,ERR,ERR,ERR,ERR,ERR,ERR,ERR,ERR,ERR,ERR,ERR,ERR,ERR,ERR,ERR,ERR,ERR,ERR,ERR,ERR,ERR,ERR,ERR,ERR,ERR,ERR,ERR,ERR,ERR,ERR,ERR,ERR,ERR,ERR,ERR,2.718442270659078e+23,-0.0,-0.0,-0.0,4.160414724153587e+31,2.1533309882754662e+17,0.0,-0.0,4300,0,8,17171,4300,-0.0,39,0.0,0.0,-0.0,0.0,-4.925046184806267e+32,0,0,0,0,0.0,0,0,0,0,0,0,0,0,0,0,0,0,0,0,0,0,0,0,0,0,0,0,0,0,0,0,0,0,0,0,0,0,0,8,37,37,45,65476,392,65476,1,0,4,21553,0.0,-0.0,-0.0,0.0,0.0,0.0,0.0,0.0,0.0,0.0,0.0,0.0,0.0,0.0,0.0,0.0,0.0,0.0,0.0,0.0,0.0,2.004,-0.0,-0.0,-3.697074423243316e+19,0.0,0.0,0.0,0.0,0.0,6468.0,3.697206364638649e+19,0.0,2.718442270659078e+23,-0.0,0.0,-0.0,-0.0,0.0,2.004,2.004,224,-107614776.0,-0.0,0.0,0.0,0.0,0.0,0.0,0.0,0.0,0,0,0,-2.2034294531280696e+26,-0.0,3.1752796298543104e+18,-0.0,7.12688307844405e+19,1.731701676689064e+18,-1926496256000.0,-4.640264401450702e+30,-2.1910462751371774e+31,-5.397806925570952e+19,-0.0,193816.641,0.0,0.0,0.0,1607655.625,0,1.3516416376850534e+27,224,0.0,448,-0.0,-0.0,2114,26215,17110,13107,17112,13107,17095,0,0,0,101,100,100,-107615216.0,63.6,2.7302334150594743e+23,64.0,0.0,64.0,1,49,50,180,0,13107,0,0,0.0,0.0,0.0,60.0,-8405645.0,70.5,0.0,-0.0,0.0,1070,0,1071,0,0,0,1071,0,1081,0,996,0,640,0,642,0,637,0,676,0.032,6.530147402093181e+21,0.0,0.0,51856,16812,-2203489402880.0,-1.7271246868595626e+21,-0.0,1.2089557267146342e+17,4.6164111388614297e+21,0.0,50.0,60.0,35,0.0,0.0,10.0,2.0,0.0,0.0,0.0,0.0,0.0,0.0,0.0,0.0,0.0,0.0,0.0,0.0,58.8,55,11,65507,27,65476,1000,65476,1,0,4,20529,65476,0,0,30147,60.0,0.0,10.0,10.0,2.0,0.0
2026-02-16T12:09:25,ERR,ERR,ERR,ERR,ERR,ERR,ERR,ERR,ERR,ERR,ERR,ERR,ERR,ERR,ERR,ERR,ERR,ERR,ERR,ERR,ERR,ERR,ERR,ERR,ERR,ERR,ERR,ERR,ERR,ERR,ERR,ERR,ERR,ERR,ERR,ERR,ERR,ERR,ERR,ERR,ERR,ERR,ERR,ERR,ERR,ERR,ERR,ERR,ERR,ERR,ERR,ERR,ERR,ERR,ERR,ERR,ERR,ERR,ERR,ERR,ERR,ERR,ERR,ERR,ERR,ERR,ERR,ERR,ERR,ERR,ERR,ERR,ERR,ERR,ERR,ERR,ERR,ERR,ERR,ERR,ERR,ERR,ERR,ERR,ERR,ERR,ERR,ERR,ERR,ERR,ERR,ERR,ERR,ERR,ERR,ERR,ERR,ERR,ERR,ERR,ERR,ERR,ERR,ERR,ERR,ERR,ERR,ERR,ERR,ERR,ERR,ERR,ERR,ERR,ERR,ERR,ERR,ERR,ERR,ERR,ERR,ERR,ERR,ERR,ERR,2.718442270659078e+23,-0.0,-0.0,-0.0,4.160414724153587e+31,2.1533309882754662e+17,0.0,-0.0,4300,0,8,17171,4300,-0.0,39,0.0,0.0,-0.0,0.0,-4.925046184806267e+32,0,0,0,0,0.0,0,0,0,0,0,0,0,0,0,0,0,0,0,0,0,0,0,0,0,0,0,0,0,0,0,0,0,0,0,0,0,0,0,8,37,37,45,65476,392,65476,1,0,4,21553,0.0,-0.0,-0.0,0.0,0.0,0.0,0.0,0.0,0.0,0.0,0.0,0.0,0.0,0.0,0.0,0.0,0.0,0.0,0.0,0.0,0.0,2.004,-0.0,-0.0,-3.697074423243316e+19,0.0,0.0,0.0,0.0,0.0,6468.0,3.697206364638649e+19,0.0,2.718442270659078e+23,-0.0,0.0,-0.0,-0.0,0.0,2.004,2.004,224,-107614776.0,-0.0,0.0,0.0,0.0,0.0,0.0,0.0,0.0,0,0,0,-2.2034294531280696e+26,-0.0,3.1752796298543104e+18,-0.0,7.12688307844405e+19,1.731701676689064e+18,-1926496256000.0,-4.640264401450702e+30,-2.1910462751371774e+31,-5.397806925570952e+19,-0.0,193816.641,0.0,0.0,0.0,1607655.625,0,1.3516416376850534e+27,224,0.0,448,-0.0,-0.0,2114,26215,17110,13107,17112,13107,17095,0,0,0,101,100,100,-107615216.0,63.6,2.7302334150594743e+23,64.0,0.0,64.0,1,49,50,180,0,13107,0,0,0.0,0.0,0.0,60.0,-8405645.0,70.5,0.0,-0.0,0.0,1070,0,1071,0,0,0,1071,0,1081,0,996,0,640,0,642,0,637,0,676,0.032,6.530147402093181e+21,0.0,0.0,51856,16812,-2203489402880.0,-1.7271246868595626e+21,-0.0,1.2089557267146342e+17,4.6164111388614297e+21,0.0,50.0,60.0,35,0.0,0.0,10.0,2.0,0.0,0.0,0.0,0.0,0.0,0.0,0.0,0.0,0.0,0.0,0.0,0.0,58.8,55,11,65507,27,65476,1000,65476,1,0,4,20529,65476,0,0,30147,60.0,0.0,10.0,10.0,2.0,0.0
2026-02-16T12:09:26,ERR,ERR,ERR,ERR,ERR,ERR,ERR,ERR,ERR,ERR,ERR,ERR,ERR,ERR,ERR,ERR,ERR,ERR,ERR,ERR,ERR,ERR,ERR,ERR,ERR,ERR,ERR,ERR,ERR,ERR,ERR,ERR,ERR,ERR,ERR,ERR,ERR,ERR,ERR,ERR,ERR,ERR,ERR,ERR,ERR,ERR,ERR,ERR,ERR,ERR,ERR,ERR,ERR,ERR,ERR,ERR,ERR,ERR,ERR,ERR,ERR,ERR,ERR,ERR,ERR,ERR,ERR,ERR,ERR,ERR,ERR,ERR,ERR,ERR,ERR,ERR,ERR,ERR,ERR,ERR,ERR,ERR,ERR,ERR,ERR,ERR,ERR,ERR,ERR,ERR,ERR,ERR,ERR,ERR,ERR,ERR,ERR,ERR,ERR,ERR,ERR,ERR,ERR,ERR,ERR,ERR,ERR,ERR,ERR,ERR,ERR,ERR,ERR,ERR,ERR,ERR,ERR,ERR,ERR,ERR,ERR,ERR,ERR,ERR,ERR,2.718442270659078e+23,-0.0,-0.0,-0.0,4.160414724153587e+31,2.027635657203558e+36,5.080844551366849e+19,1.5888455007779177e+37,4300,0,8,17171,4300,-0.0,38,0.0,0.0,-0.0,0.0,-4.925046184806267e+32,0,0,0,0,0.0,0,0,0,0,0,0,0,0,0,0,0,0,0,0,0,0,0,0,0,0,0,0,0,0,0,0,0,0,0,0,0,0,0,8,37,37,45,65476,390,65476,1,0,4,21553,0.0,-0.0,-0.0,0.0,0.0,0.0,0.0,0.0,0.0,0.0,0.0,0.0,0.0,0.0,0.0,0.0,0.0,0.0,0.0,0.0,0.0,2.004,-0.0,-0.0,-3.697074423243316e+19,2.004,0.0,0.0,0.0,0.0,6469.0,-1.0406710753811528e+34,0.0,2.718442270659078e+23,-0.0,0.0,-107616264.0,0.0,0.0,2.004,2.004,223,-2.30882787541985e+20,-2.7184276789962853e+23,0.0,0.0,0.0,0.0,0.0,0.0,0.0,0,0,0,-5.714570153273545e+24,-3.5603323947767768e+22,1.573606348679227e+22,-3.632733111001637e+31,-0.0,-1.6977634690889207e+20,-1.543448300019315e+25,-238872.047,-1.1016074904525875e+24,-5.801329452183349e+19,-0.0,206104.641,0.0,0.0,0.0,1.533,0,1.3516416376850534e+27,223,0.0,446,0.0,4.6893839926962287e+24,2114,26215,17110,13107,17112,13107,17095,0,0,0,101,100,100,-107615216.0,63.6,2.7302334150594743e+23,64.0,0.0,64.0,1,49,50,180,0,13107,0,0,0.0,0.0,0.0,60.0,-8405645.0,70.5,0.0,-0.0,0.0,1070,0,1071,0,0,0,1071,0,1081,0,996,0,640,0,642,0,637,0,676,0.032,6.530147402093181e+21,0.0,0.0,51856,16812,-2203489402880.0,-1.7271246868595626e+21,-0.0,1.2089557267146342e+17,4.6164111388614297e+21,0.0,50.0,60.0,35,0.0,0.0,10.0,2.0,0.0,0.0,0.0,0.0,0.0,0.0,0.0,0.0,0.0,0.0,0.0,0.0,58.8,55,11,65508,27,65476,1000,65476,1,0,4,20529,65476,0,0,30147,60.0,0.0,10.0,10.0,2.0,0.0
2026-02-16T12:09:27,ERR,ERR,ERR,ERR,ERR,ERR,ERR,ERR,ERR,ERR,ERR,ERR,ERR,ERR,ERR,ERR,ERR,ERR,ERR,ERR,ERR,ERR,ERR,ERR,ERR,ERR,ERR,ERR,ERR,ERR,ERR,ERR,ERR,ERR,ERR,ERR,ERR,ERR,ERR,ERR,ERR,ERR,ERR,ERR,ERR,ERR,ERR,ERR,ERR,ERR,ERR,ERR,ERR,ERR,ERR,ERR,ERR,ERR,ERR,ERR,ERR,ERR,ERR,ERR,ERR,ERR,ERR,ERR,ERR,ERR,ERR,ERR,ERR,ERR,ERR,ERR,ERR,ERR,ERR,ERR,ERR,ERR,ERR,ERR,ERR,ERR,ERR,ERR,ERR,ERR,ERR,ERR,ERR,ERR,ERR,ERR,ERR,ERR,ERR,ERR,ERR,ERR,ERR,ERR,ERR,ERR,ERR,ERR,ERR,ERR,ERR,ERR,ERR,ERR,ERR,ERR,ERR,ERR,ERR,ERR,ERR,ERR,ERR,ERR,ERR,2.718442270659078e+23,-0.0,-0.0,-0.0,4.160414724153587e+31,2.027635657203558e+36,5.080844551366849e+19,1.5888455007779177e+37,4300,0,8,17171,4300,-0.0,38,0.0,0.0,-0.0,0.0,-4.925046184806267e+32,0,0,0,0,0.0,0,0,0,0,0,0,0,0,0,0,0,0,0,0,0,0,0,0,0,0,0,0,0,0,0,0,0,0,0,0,0,0,0,8,37,37,45,65476,390,65476,1,0,4,21553,0.0,-0.0,-0.0,0.0,0.0,0.0,0.0,0.0,0.0,0.0,0.0,0.0,0.0,0.0,0.0,0.0,0.0,0.0,0.0,0.0,0.0,2.004,-0.0,-0.0,-3.697074423243316e+19,2.004,0.0,0.0,0.0,0.0,6469.0,-1.0406710753811528e+34,0.0,2.718442270659078e+23,-0.0,0.0,-107616264.0,0.0,0.0,2.004,2.004,223,-2.30882787541985e+20,-2.7184276789962853e+23,0.0,0.0,0.0,0.0,0.0,0.0,0.0,0,0,0,-5.714570153273545e+24,-3.5603323947767768e+22,1.573606348679227e+22,-3.632733111001637e+31,-0.0,-1.6977634690889207e+20,-1.543448300019315e+25,-238872.047,-1.1016074904525875e+24,-5.801329452183349e+19,-0.0,206104.641,0.0,0.0,0.0,1.533,0,1.3516416376850534e+27,223,0.0,446,0.0,4.6893839926962287e+24,2114,13107,17110,13107,17112,13107,17095,0,0,0,101,100,100,-107615216.0,63.6,2.7302334150594743e+23,64.0,0.0,64.0,1,49,50,180,0,13107,0,0,0.0,0.0,0.0,60.0,-31265.275,70.5,0.0,0.0,0.0,1070,0,1070,0,0,0,1071,0,1081,0,996,0,640,0,642,0,637,0,676,0.032,6.345679961356086e+21,0.0,0.0,48656,16812,-0.0,0.0,4.2658194186695187e+21,-36765930881024.0,0.0,-7.378703394091344e+23,50.0,60.0,35,0.0,0.0,10.0,2.0,0.0,0.0,0.0,0.0,0.0,0.0,0.0,0.0,0.0,0.0,0.0,0.0,58.8,55,11,65508,27,65476,1000,65476,1,0,4,20529,65476,0,0,30147,60.0,0.0,10.0,10.0,2.0,0.0
2026-02-16T12:09:28,ERR,ERR,ERR,ERR,ERR,ERR,ERR,ERR,ERR,ERR,ERR,ERR,ERR,ERR,ERR,ERR,ERR,ERR,ERR,ERR,ERR,ERR,ERR,ERR,ERR,ERR,ERR,ERR,ERR,ERR,ERR,ERR,ERR,ERR,ERR,ERR,ERR,ERR,ERR,ERR,ERR,ERR,ERR,ERR,ERR,ERR,ERR,ERR,ERR,ERR,ERR,ERR,ERR,ERR,ERR,ERR,ERR,ERR,ERR,ERR,ERR,ERR,ERR,ERR,ERR,ERR,ERR,ERR,ERR,ERR,ERR,ERR,ERR,ERR,ERR,ERR,ERR,ERR,ERR,ERR,ERR,ERR,ERR,ERR,ERR,ERR,ERR,ERR,ERR,ERR,ERR,ERR,ERR,ERR,ERR,ERR,ERR,ERR,ERR,ERR,ERR,ERR,ERR,ERR,ERR,ERR,ERR,ERR,ERR,ERR,ERR,ERR,ERR,ERR,ERR,ERR,ERR,ERR,ERR,ERR,ERR,ERR,ERR,ERR,ERR,2.718442270659078e+23,-0.0,-0.0,-0.0,4.160414724153587e+31,2.027635657203558e+36,5.080844551366849e+19,1.5888455007779177e+37,4300,0,8,17171,4300,-0.0,38,0.0,0.0,-0.0,0.0,-4.925046184806267e+32,0,0,0,0,0.0,0,0,0,0,0,0,0,0,0,0,0,0,0,0,0,0,0,0,0,0,0,0,0,0,0,0,0,0,0,0,0,0,0,8,37,37,45,65476,390,65476,1,0,4,21553,0.0,-0.0,-0.0,0.0,0.0,0.0,0.0,0.0,0.0,0.0,0.0,0.0,0.0,0.0,0.0,0.0,0.0,0.0,0.0,0.0,0.0,2.004,-0.0,-0.0,-3.697074423243316e+19,2.004,0.0,0.0,0.0,0.0,6469.0,-1.0406710753811528e+34,0.0,2.718442270659078e+23,-0.0,0.0,-107616264.0,0.0,0.0,2.004,2.004,223,-2.30882787541985e+20,-2.7184276789962853e+23,0.0,0.0,0.0,0.0,0.0,0.0,0.0,0,0,0,-5.714570153273545e+24,-3.5603323947767768e+22,1.573606348679227e+22,-3.632733111001637e+31,-0.0,-1.6977634690889207e+20,-1.543448300019315e+25,-238872.047,-1.1016074904525875e+24,-5.801329452183349e+19,-0.0,206104.641,0.0,0.0,0.0,1.533,0,1.3516416376850534e+27,223,0.0,446,0.0,4.6893839926962287e+24,2114,13107,17110,13107,17112,13107,17095,0,0,0,101,100,100,-107615216.0,63.6,2.7302334150594743e+23,64.0,0.0,64.0,1,49,50,180,0,13107,0,0,0.0,0.0,0.0,60.0,-31265.275,70.5,0.0,0.0,0.0,1070,0,1070,0,0,0,1071,0,1081,0,996,0,640,0,642,0,637,0,676,0.032,6.345679961356086e+21,0.0,0.0,48656,16812,-0.0,0.0,4.2658194186695187e+21,-36765930881024.0,0.0,-7.378703394091344e+23,50.0,60.0,35,0.0,0.0,10.0,2.0,0.0,0.0,0.0,0.0,0.0,0.0,0.0,0.0,0.0,0.0,0.0,0.0,58.8,55,11,65508,27,65476,1000,65476,1,0,4,20529,65476,0,0,30147,60.0,0.0,10.0,10.0,2.0,0.0
2026-02-16T12:09:29,ERR,ERR,ERR,ERR,ERR,ERR,ERR,ERR,ERR,ERR,ERR,ERR,ERR,ERR,ERR,ERR,ERR,ERR,ERR,ERR,ERR,ERR,ERR,ERR,ERR,ERR,ERR,ERR,ERR,ERR,ERR,ERR,ERR,ERR,ERR,ERR,ERR,ERR,ERR,ERR,ERR,ERR,ERR,ERR,ERR,ERR,ERR,ERR,ERR,ERR,ERR,ERR,ERR,ERR,ERR,ERR,ERR,ERR,ERR,ERR,ERR,ERR,ERR,ERR,ERR,ERR,ERR,ERR,ERR,ERR,ERR,ERR,ERR,ERR,ERR,ERR,ERR,ERR,ERR,ERR,ERR,ERR,ERR,ERR,ERR,ERR,ERR,ERR,ERR,ERR,ERR,ERR,ERR,ERR,ERR,ERR,ERR,ERR,ERR,ERR,ERR,ERR,ERR,ERR,ERR,ERR,ERR,ERR,ERR,ERR,ERR,ERR,ERR,ERR,ERR,ERR,ERR,ERR,ERR,ERR,ERR,ERR,ERR,ERR,ERR,2.718442270659078e+23,-0.0,-0.0,-0.0,4.160414724153587e+31,2.027635657203558e+36,5.080844551366849e+19,1.5888455007779177e+37,4300,0,8,17171,4300,-0.0,38,0.0,0.0,-0.0,0.0,-4.925046184806267e+32,0,0,0,0,0.0,0,0,0,0,0,0,0,0,0,0,0,0,0,0,0,0,0,0,0,0,0,0,0,0,0,0,0,0,0,0,0,0,0,8,37,37,45,65476,390,65476,1,0,4,21553,0.0,-0.0,-0.0,0.0,0.0,0.0,0.0,0.0,0.0,0.0,0.0,0.0,0.0,0.0,0.0,0.0,0.0,0.0,0.0,0.0,0.0,2.004,-0.0,-0.0,-3.697074423243316e+19,2.004,0.0,0.0,0.0,0.0,6469.0,-1.0406710753811528e+34,0.0,2.718442270659078e+23,-0.0,0.0,-107616264.0,0.0,0.0,2.004,2.004,223,-2.30882787541985e+20,-2.7184276789962853e+23,0.0,0.0,0.0,0.0,0.0,0.0,0.0,0,0,0,-5.714570153273545e+24,-3.5603323947767768e+22,1.573606348679227e+22,-3.632733111001637e+31,-0.0,-1.6977634690889207e+20,-1.543448300019315e+25,-238872.047,-1.1016074904525875e+24,-5.801329452183349e+19,-0.0,206104.641,0.0,0.0,0.0,1.533,0,1.3516416376850534e+27,223,0.0,446,0.0,4.6893839926962287e+24,2114,13107,17110,13107,17112,13107,17095,0,0,0,101,100,100,-107615216.0,63.6,2.7302334150594743e+23,64.0,0.0,64.0,1,49,50,180,0,13107,0,0,0.0,0.0,0.0,60.0,-31265.275,70.5,0.0,0.0,0.0,1070,0,1070,0,0,0,1071,0,1081,0,996,0,640,0,642,0,637,0,676,0.032,6.345679961356086e+21,0.0,0.0,48656,16812,-0.0,0.0,4.2658194186695187e+21,-36765930881024.0,0.0,-7.378703394091344e+23,50.0,60.0,35,0.0,0.0,10.0,2.0,0.0,0.0,0.0,0.0,0.0,0.0,0.0,0.0,0.0,0.0,0.0,0.0,58.8,55,11,65508,27,65476,1000,65476,1,0,4,20529,65476,0,0,30147,60.0,0.0,10.0,10.0,2.0,0.0
2026-02-16T12:09:30,ERR,ERR,ERR,ERR,ERR,ERR,ERR,ERR,ERR,ERR,ERR,ERR,ERR,ERR,ERR,ERR,ERR,ERR,ERR,ERR,ERR,ERR,ERR,ERR,ERR,ERR,ERR,ERR,ERR,ERR,ERR,ERR,ERR,ERR,ERR,ERR,ERR,ERR,ERR,ERR,ERR,ERR,ERR,ERR,ERR,ERR,ERR,ERR,ERR,ERR,ERR,ERR,ERR,ERR,ERR,ERR,ERR,ERR,ERR,ERR,ERR,ERR,ERR,ERR,ERR,ERR,ERR,ERR,ERR,ERR,ERR,ERR,ERR,ERR,ERR,ERR,ERR,ERR,ERR,ERR,ERR,ERR,ERR,ERR,ERR,ERR,ERR,ERR,ERR,ERR,ERR,ERR,ERR,ERR,ERR,ERR,ERR,ERR,ERR,ERR,ERR,ERR,ERR,ERR,ERR,ERR,ERR,ERR,ERR,ERR,ERR,ERR,ERR,ERR,ERR,ERR,ERR,ERR,ERR,ERR,ERR,ERR,ERR,ERR,ERR,2.718442270659078e+23,-0.0,-0.0,-107611232.0,-8810023936.0,331883136.0,0.0,0.0,4300,0,8,17171,4300,-0.0,39,0.0,0.0,-0.0,0.0,-4.925046184806267e+32,0,0,0,0,0.0,0,0,0,0,0,0,0,0,0,0,0,0,0,0,0,0,0,0,0,0,0,0,0,0,0,0,0,0,0,0,0,0,0,8,37,37,45,65476,388,65476,1,0,4,21553,0.0,2.7183305813883192e+23,3.1343711405395053e+32,0.0,0.0,0.0,0.0,0.0,0.0,0.0,0.0,0.0,0.0,0.0,0.0,0.0,0.0,0.0,0.0,0.0,0.0,2.004,-0.0,-0.0,-3.697074423243316e+19,2.004,0.0,0.0,0.0,0.0,6498.0,-0.0,0.0,2.718442270659078e+23,-0.0,0.0,-107616264.0,0.0,0.0,2.004,2.004,223,-71.629,71.63,0.0,0.0,0.0,0.0,0.0,0.0,0.0,0,0,0,-2.839223840409691e+20,1.755058833359363e+37,1.911667703627905e+21,-0.806,-0.0,1.034537723073965e+23,-31755296.0,-3745907456.0,-19828930772992.0,-6.147205903565403e+19,-0.0,220440.641,0.0,0.0,0.0,836595.812,0,1.3516416376850534e+27,225,0.0,450,0.0,4.6893839926962287e+24,2114,26215,17110,13107,17112,13107,17095,0,0,0,101,100,100,-107615216.0,63.6,2.7302334150594743e+23,64.0,0.0,64.0,1,49,50,180,0,0,0,0,0.0,0.0,0.0,60.0,-31265.275,70.5,0.0,0.0,0.0,1070,0,1071,0,0,0,1071,0,1081,0,996,0,640,0,642,0,637,0,676,0.032,6.5670408902406e+21,0.0,0.0,40336,16812,-0.0,0.0,1.9838798825523482e+38,-0.0,29655846.0,-6.288914011539304e+37,50.0,60.0,35,0.0,0.0,10.0,2.0,0.0,0.0,0.0,0.0,0.0,0.0,0.0,0.0,0.0,0.0,0.0,0.0,58.8,55,11,65508,27,65476,1000,65476,1,0,4,20529,65476,0,0,30147,60.0,0.0,10.0,10.0,2.0,0.0
2026-02-16T12:09:31,ERR,ERR,ERR,ERR,ERR,ERR,ERR,ERR,ERR,ERR,ERR,ERR,ERR,ERR,ERR,ERR,ERR,ERR,ERR,ERR,ERR,ERR,ERR,ERR,ERR,ERR,ERR,ERR,ERR,ERR,ERR,ERR,ERR,ERR,ERR,ERR,ERR,ERR,ERR,ERR,ERR,ERR,ERR,ERR,ERR,ERR,ERR,ERR,ERR,ERR,ERR,ERR,ERR,ERR,ERR,ERR,ERR,ERR,ERR,ERR,ERR,ERR,ERR,ERR,ERR,ERR,ERR,ERR,ERR,ERR,ERR,ERR,ERR,ERR,ERR,ERR,ERR,ERR,ERR,ERR,ERR,ERR,ERR,ERR,ERR,ERR,ERR,ERR,ERR,ERR,ERR,ERR,ERR,ERR,ERR,ERR,ERR,ERR,ERR,ERR,ERR,ERR,ERR,ERR,ERR,ERR,ERR,ERR,ERR,ERR,ERR,ERR,ERR,ERR,ERR,ERR,ERR,ERR,ERR,ERR,ERR,ERR,ERR,ERR,ERR,2.718442270659078e+23,-0.0,-0.0,-107611232.0,-8810023936.0,331883136.0,0.0,0.0,4300,0,8,17171,4300,-0.0,39,0.0,0.0,-0.0,0.0,-4.925046184806267e+32,0,0,0,0,0.0,0,0,0,0,0,0,0,0,0,0,0,0,0,0,0,0,0,0,0,0,0,0,0,0,0,0,0,0,0,0,0,0,0,8,37,37,45,65476,388,65476,1,0,4,21553,0.0,2.7183305813883192e+23,3.1343711405395053e+32,0.0,0.0,0.0,0.0,0.0,0.0,0.0,0.0,0.0,0.0,0.0,0.0,0.0,0.0,0.0,0.0,0.0,0.0,2.004,-0.0,-0.0,-3.697074423243316e+19,2.004,0.0,0.0,0.0,0.0,6498.0,-0.0,0.0,2.718442270659078e+23,-0.0,0.0,-107616264.0,0.0,0.0,2.004,2.004,223,-71.629,71.63,0.0,0.0,0.0,0.0,0.0,0.0,0.0,0,0,0,-2.839223840409691e+20,1.755058833359363e+37,1.911667703627905e+21,-0.806,-0.0,1.034537723073965e+23,-31755296.0,-3745907456.0,-19828930772992.0,-6.147205903565403e+19,-0.0,220440.641,0.0,0.0,0.0,836595.812,0,1.3516416376850534e+27,225,0.0,450,0.0,4.6893839926962287e+24,2114,26215,17110,13107,17112,13107,17095,0,0,0,101,100,100,-107615216.0,63.6,2.7302334150594743e+23,64.0,0.0,64.0,1,49,50,180,0,0,0,0,0.0,0.0,0.0,60.0,-31265.275,70.5,0.0,0.0,0.0,1070,0,1071,0,0,0,1071,0,1081,0,996,0,640,0,642,0,637,0,676,0.032,6.5670408902406e+21,0.0,0.0,40336,16812,-0.0,0.0,1.9838798825523482e+38,-0.0,29655846.0,-6.288914011539304e+37,50.0,60.0,35,0.0,0.0,10.0,2.0,0.0,0.0,0.0,0.0,0.0,0.0,0.0,0.0,0.0,0.0,0.0,0.0,58.8,55,11,65508,27,65476,1000,65476,1,0,4,20529,65476,0,0,30147,60.0,0.0,10.0,10.0,2.0,0.0
2026-02-16T12:09:32,ERR,ERR,ERR,ERR,ERR,ERR,ERR,ERR,ERR,ERR,ERR,ERR,ERR,ERR,ERR,ERR,ERR,ERR,ERR,ERR,ERR,ERR,ERR,ERR,ERR,ERR,ERR,ERR,ERR,ERR,ERR,ERR,ERR,ERR,ERR,ERR,ERR,ERR,ERR,ERR,ERR,ERR,ERR,ERR,ERR,ERR,ERR,ERR,ERR,ERR,ERR,ERR,ERR,ERR,ERR,ERR,ERR,ERR,ERR,ERR,ERR,ERR,ERR,ERR,ERR,ERR,ERR,ERR,ERR,ERR,ERR,ERR,ERR,ERR,ERR,ERR,ERR,ERR,ERR,ERR,ERR,ERR,ERR,ERR,ERR,ERR,ERR,ERR,ERR,ERR,ERR,ERR,ERR,ERR,ERR,ERR,ERR,ERR,ERR,ERR,ERR,ERR,ERR,ERR,ERR,ERR,ERR,ERR,ERR,ERR,ERR,ERR,ERR,ERR,ERR,ERR,ERR,ERR,ERR,ERR,ERR,ERR,ERR,ERR,ERR,2.718442270659078e+23,-0.0,-0.0,-107611232.0,-8810023936.0,331883136.0,0.0,0.0,4300,0,8,17171,4300,-0.0,39,0.0,0.0,-0.0,0.0,-4.925046184806267e+32,0,0,0,0,0.0,0,0,0,0,0,0,0,0,0,0,0,0,0,0,0,0,0,0,0,0,0,0,0,0,0,0,0,0,0,0,0,0,0,8,37,37,45,65476,388,65476,1,0,4,21553,0.0,2.7183305813883192e+23,3.1343711405395053e+32,0.0,0.0,0.0,0.0,0.0,0.0,0.0,0.0,0.0,0.0,0.0,0.0,0.0,0.0,0.0,0.0,0.0,0.0,2.004,-0.0,-0.0,-3.697074423243316e+19,2.004,0.0,0.0,0.0,0.0,6498.0,-0.0,0.0,2.718442270659078e+23,-0.0,0.0,-107616264.0,0.0,0.0,2.004,2.004,223,-71.629,71.63,0.0,0.0,0.0,0.0,0.0,0.0,0.0,0,0,0,-2.839223840409691e+20,1.755058833359363e+37,1.911667703627905e+21,-0.806,-0.0,1.034537723073965e+23,-31755296.0,-3745907456.0,-19828930772992.0,-6.147205903565403e+19,-0.0,220440.641,0.0,0.0,0.0,836595.812,0,1.3516416376850534e+27,225,0.0,450,0.0,4.6893839926962287e+24,2114,26215,17110,13107,17112,13107,17095,0,0,0,101,100,100,-107615216.0,63.6,2.7302334150594743e+23,64.0,0.0,64.0,1,49,50,180,0,0,0,0,0.0,0.0,0.0,60.0,-31265.275,70.5,0.0,0.0,0.0,1070,0,1071,0,0,0,1071,0,1081,0,996,0,640,0,642,0,637,0,676,0.032,6.5670408902406e+21,0.0,0.0,40336,16812,-0.0,0.0,1.9838798825523482e+38,-0.0,29655846.0,-6.288914011539304e+37,50.0,60.0,35,0.0,0.0,10.0,2.0,0.0,0.0,0.0,0.0,0.0,0.0,0.0,0.0,0.0,0.0,0.0,0.0,58.8,55,11,65508,27,65476,1000,65476,1,0,4,20529,65476,0,0,30147,60.0,0.0,10.0,10.0,2.0,0.0
2026-02-16T12:09:33,ERR,ERR,ERR,ERR,ERR,ERR,ERR,ERR,ERR,ERR,ERR,ERR,ERR,ERR,ERR,ERR,ERR,ERR,ERR,ERR,ERR,ERR,ERR,ERR,ERR,ERR,ERR,ERR,ERR,ERR,ERR,ERR,ERR,ERR,ERR,ERR,ERR,ERR,ERR,ERR,ERR,ERR,ERR,ERR,ERR,ERR,ERR,ERR,ERR,ERR,ERR,ERR,ERR,ERR,ERR,ERR,ERR,ERR,ERR,ERR,ERR,ERR,ERR,ERR,ERR,ERR,ERR,ERR,ERR,ERR,ERR,ERR,ERR,ERR,ERR,ERR,ERR,ERR,ERR,ERR,ERR,ERR,ERR,ERR,ERR,ERR,ERR,ERR,ERR,ERR,ERR,ERR,ERR,ERR,ERR,ERR,ERR,ERR,ERR,ERR,ERR,ERR,ERR,ERR,ERR,ERR,ERR,ERR,ERR,ERR,ERR,ERR,ERR,ERR,ERR,ERR,ERR,ERR,ERR,ERR,ERR,ERR,ERR,ERR,ERR,2.718442270659078e+23,-0.0,-0.0,-107611232.0,-8810023936.0,331883136.0,0.0,0.0,4300,0,8,17171,4300,-0.0,39,0.0,0.0,-0.0,0.0,-4.925046184806267e+32,0,0,0,0,0.0,0,0,0,0,0,0,0,0,0,0,0,0,0,0,0,0,0,0,0,0,0,0,0,0,0,0,0,0,0,0,0,0,0,8,37,37,45,65476,388,65476,1,0,4,21553,0.0,2.7183305813883192e+23,3.1343711405395053e+32,0.0,0.0,0.0,0.0,0.0,0.0,0.0,0.0,0.0,0.0,0.0,0.0,0.0,0.0,0.0,0.0,0.0,0.0,2.004,-0.0,-0.0,-3.697074423243316e+19,2.004,0.0,0.0,0.0,0.0,6498.0,-0.0,0.0,2.718442270659078e+23,-0.0,0.0,-107616264.0,0.0,0.0,2.004,2.004,223,-71.629,71.63,0.0,0.0,0.0,0.0,0.0,0.0,0.0,0,0,0,-2.839223840409691e+20,1.755058833359363e+37,1.911667703627905e+21,-0.806,-0.0,1.034537723073965e+23,-31755296.0,-3745907456.0,-19828930772992.0,-6.147205903565403e+19,-0.0,220440.641,0.0,0.0,0.0,836595.812,0,1.3516416376850534e+27,225,0.0,450,0.0,4.6893839926962287e+24,2114,26215,17110,13107,17112,13107,17095,0,0,0,101,100,100,-107615216.0,63.6,2.7302334150594743e+23,64.0,0.0,64.0,1,49,50,180,0,0,0,0,0.0,0.0,0.0,60.0,-31265.275,70.5,0.0,0.0,0.0,1070,0,1071,0,0,0,1071,0,1081,0,996,0,640,0,642,0,637,0,676,0.032,6.5670408902406e+21,0.0,0.0,40336,16812,-0.0,0.0,1.9838798825523482e+38,-0.0,29655846.0,-6.288914011539304e+37,50.0,60.0,35,0.0,0.0,10.0,2.0,0.0,0.0,0.0,0.0,0.0,0.0,0.0,0.0,0.0,0.0,0.0,0.0,59.2,55,11,65508,27,65476,1000,65476,1,0,4,20529,65476,0,0,30147,60.0,0.0,10.0,10.0,2.0,0.0
2026-02-16T12:09:34,ERR,ERR,ERR,ERR,ERR,ERR,ERR,ERR,ERR,ERR,ERR,ERR,ERR,ERR,ERR,ERR,ERR,ERR,ERR,ERR,ERR,ERR,ERR,ERR,ERR,ERR,ERR,ERR,ERR,ERR,ERR,ERR,ERR,ERR,ERR,ERR,ERR,ERR,ERR,ERR,ERR,ERR,ERR,ERR,ERR,ERR,ERR,ERR,ERR,ERR,ERR,ERR,ERR,ERR,ERR,ERR,ERR,ERR,ERR,ERR,ERR,ERR,ERR,ERR,ERR,ERR,ERR,ERR,ERR,ERR,ERR,ERR,ERR,ERR,ERR,ERR,ERR,ERR,ERR,ERR,ERR,ERR,ERR,ERR,ERR,ERR,ERR,ERR,ERR,ERR,ERR,ERR,ERR,ERR,ERR,ERR,ERR,ERR,ERR,ERR,ERR,ERR,ERR,ERR,ERR,ERR,ERR,ERR,ERR,ERR,ERR,ERR,ERR,ERR,ERR,ERR,ERR,ERR,ERR,ERR,ERR,ERR,ERR,ERR,ERR,2.718442270659078e+23,-0.0,-0.0,-107611232.0,-8810023936.0,331883136.0,0.0,0.0,4300,0,8,17171,4300,-0.0,39,0.0,0.0,-0.0,0.0,-4.925046184806267e+32,0,0,0,0,0.0,0,0,0,0,0,0,0,0,0,0,0,0,0,0,0,0,0,0,0,0,0,0,0,0,0,0,0,0,0,0,0,0,0,8,37,37,45,65476,388,65476,1,0,4,21553,0.0,2.7183305813883192e+23,3.1343711405395053e+32,0.0,0.0,0.0,0.0,0.0,0.0,0.0,0.0,0.0,0.0,0.0,0.0,0.0,0.0,0.0,0.0,0.0,0.0,2.004,-0.0,-0.0,-3.697074423243316e+19,2.004,0.0,0.0,0.0,0.0,6498.0,-0.0,0.0,2.718442270659078e+23,-0.0,0.0,-107616264.0,0.0,0.0,2.004,2.004,223,-71.629,71.63,0.0,0.0,0.0,0.0,0.0,0.0,0.0,0,0,0,-2.839223840409691e+20,1.755058833359363e+37,1.911667703627905e+21,-0.806,-0.0,1.034537723073965e+23,-31755296.0,-3745907456.0,-19828930772992.0,-6.147205903565403e+19,-0.0,220440.641,0.0,0.0,0.0,836595.812,0,1.3516416376850534e+27,225,0.0,450,0.0,4.6893839926962287e+24,2114,13107,17110,13107,17112,13107,17095,0,0,0,101,100,100,-107615216.0,63.6,2.7302334150594743e+23,64.0,0.0,64.0,1,49,50,180,0,13107,0,0,0.0,0.0,0.0,60.0,-0.0,70.5,0.0,0.0,0.0,1070,0,1071,0,0,0,1072,0,1081,0,996,0,640,0,642,0,637,0,676,0.032,7.968993439842526e+21,0.0,0.0,43664,16812,-0.0,0.0,7.212442186219084e+34,-0.0,2052.098,-5.557384192808683e+34,50.0,60.0,35,0.0,0.0,10.0,2.0,0.0,0.0,0.0,0.0,0.0,0.0,0.0,0.0,0.0,0.0,0.0,0.0,59.2,55,11,65508,27,65476,1000,65476,1,0,4,20529,65476,0,0,30147,60.0,0.0,10.0,10.0,2.0,0.0
2026-02-16T12:09:35,ERR,ERR,ERR,ERR,ERR,ERR,ERR,ERR,ERR,ERR,ERR,ERR,ERR,ERR,ERR,ERR,ERR,ERR,ERR,ERR,ERR,ERR,ERR,ERR,ERR,ERR,ERR,ERR,ERR,ERR,ERR,ERR,ERR,ERR,ERR,ERR,ERR,ERR,ERR,ERR,ERR,ERR,ERR,ERR,ERR,ERR,ERR,ERR,ERR,ERR,ERR,ERR,ERR,ERR,ERR,ERR,ERR,ERR,ERR,ERR,ERR,ERR,ERR,ERR,ERR,ERR,ERR,ERR,ERR,ERR,ERR,ERR,ERR,ERR,ERR,ERR,ERR,ERR,ERR,ERR,ERR,ERR,ERR,ERR,ERR,ERR,ERR,ERR,ERR,ERR,ERR,ERR,ERR,ERR,ERR,ERR,ERR,ERR,ERR,ERR,ERR,ERR,ERR,ERR,ERR,ERR,ERR,ERR,ERR,ERR,ERR,ERR,ERR,ERR,ERR,ERR,ERR,ERR,ERR,ERR,ERR,ERR,ERR,ERR,ERR,2.718442270659078e+23,-0.0,-0.0,-0.0,4.160414724153587e+31,122543046656.0,0.0,-0.0,4300,0,8,17171,4300,-0.0,39,0.0,0.0,-0.0,0.0,-4.925046184806267e+32,0,0,0,0,0.0,0,0,0,0,0,0,0,0,0,0,0,0,0,0,0,0,0,0,0,0,0,0,0,0,0,0,0,0,0,0,0,0,0,8,37,37,45,65476,384,65476,1,0,4,21553,0.0,-0.0,9.063866022452265e+17,0.0,0.0,0.0,0.0,0.0,0.0,0.0,0.0,0.0,0.0,0.0,0.0,0.0,0.0,0.0,0.0,0.0,0.0,2.004,-0.0,-0.0,-3.697074423243316e+19,0.0,0.0,0.0,0.0,0.0,6557.0,0.0,0.0,2.718442270659078e+23,-0.0,0.0,-0.0,0.0,0.0,2.004,2.004,224,-0.0,-0.0,0.0,0.0,0.0,0.0,0.0,0.0,0.0,0,0,0,-124.632,0.0,2.1710647364419584e+16,0.0,5.4939805919260076e+20,0.0,-11024220160.0,0.0,0.0,-6.521905392562628e+19,-0.0,232728.641,0.0,0.0,0.0,0.0,0,1.3516416376850534e+27,224,0.0,448,-0.0,0.0,2114,13107,17110,13107,17112,13107,17095,0,0,0,101,100,100,-107615216.0,63.6,2.7302334150594743e+23,64.0,0.0,64.0,1,49,50,180,0,13107,0,0,0.0,0.0,0.0,60.0,-0.0,70.5,0.0,0.0,0.0,1070,0,1071,0,0,0,1072,0,1081,0,996,0,640,0,642,0,637,0,676,0.032,7.968993439842526e+21,0.0,0.0,43664,16812,-0.0,0.0,7.212442186219084e+34,-0.0,2052.098,-5.557384192808683e+34,50.0,60.0,35,0.0,0.0,10.0,2.0,0.0,0.0,0.0,0.0,0.0,0.0,0.0,0.0,0.0,0.0,0.0,0.0,58.8,55,11,65508,27,65476,1000,65476,1,0,4,20529,65476,0,0,30147,60.0,0.0,10.0,10.0,2.0,0.0
2026-02-16T12:09:36,ERR,ERR,ERR,ERR,ERR,ERR,ERR,ERR,ERR,ERR,ERR,ERR,ERR,ERR,ERR,ERR,ERR,ERR,ERR,ERR,ERR,ERR,ERR,ERR,ERR,ERR,ERR,ERR,ERR,ERR,ERR,ERR,ERR,ERR,ERR,ERR,ERR,ERR,ERR,ERR,ERR,ERR,ERR,ERR,ERR,ERR,ERR,ERR,ERR,ERR,ERR,ERR,ERR,ERR,ERR,ERR,ERR,ERR,ERR,ERR,ERR,ERR,ERR,ERR,ERR,ERR,ERR,ERR,ERR,ERR,ERR,ERR,ERR,ERR,ERR,ERR,ERR,ERR,ERR,ERR,ERR,ERR,ERR,ERR,ERR,ERR,ERR,ERR,ERR,ERR,ERR,ERR,ERR,ERR,ERR,ERR,ERR,ERR,ERR,ERR,ERR,ERR,ERR,ERR,ERR,ERR,ERR,ERR,ERR,ERR,ERR,ERR,ERR,ERR,ERR,ERR,ERR,ERR,ERR,ERR,ERR,ERR,ERR,ERR,ERR,2.718442270659078e+23,-0.0,-0.0,-0.0,4.160414724153587e+31,122543046656.0,0.0,-0.0,4300,0,8,17171,4300,-0.0,39,0.0,0.0,-0.0,0.0,-4.925046184806267e+32,0,0,0,0,0.0,0,0,0,0,0,0,0,0,0,0,0,0,0,0,0,0,0,0,0,0,0,0,0,0,0,0,0,0,0,0,0,0,0,8,37,37,45,65476,384,65476,1,0,4,21553,0.0,-0.0,9.063866022452265e+17,0.0,0.0,0.0,0.0,0.0,0.0,0.0,0.0,0.0,0.0,0.0,0.0,0.0,0.0,0.0,0.0,0.0,0.0,2.004,-0.0,-0.0,-3.697074423243316e+19,0.0,0.0,0.0,0.0,0.0,6557.0,0.0,0.0,2.718442270659078e+23,-0.0,0.0,-0.0,0.0,0.0,2.004,2.004,224,-0.0,-0.0,0.0,0.0,0.0,0.0,0.0,0.0,0.0,0,0,0,-124.632,0.0,2.1710647364419584e+16,0.0,5.4939805919260076e+20,0.0,-11024220160.0,0.0,0.0,-6.521905392562628e+19,-0.0,232728.641,0.0,0.0,0.0,0.0,0,1.3516416376850534e+27,224,0.0,448,-0.0,0.0,2114,13107,17110,13107,17112,13107,17095,0,0,0,101,100,100,-107615216.0,63.6,2.7302334150594743e+23,64.0,0.0,64.0,1,49,50,180,0,13107,0,0,0.0,0.0,0.0,60.0,-0.0,70.5,0.0,0.0,0.0,1070,0,1071,0,0,0,1072,0,1081,0,996,0,640,0,642,0,637,0,676,0.032,7.968993439842526e+21,0.0,0.0,43664,16812,-0.0,0.0,7.212442186219084e+34,-0.0,2052.098,-5.557384192808683e+34,50.0,60.0,35,0.0,0.0,10.0,2.0,0.0,0.0,0.0,0.0,0.0,0.0,0.0,0.0,0.0,0.0,0.0,0.0,58.8,55,11,65508,27,65476,1000,65476,1,0,4,20529,65476,0,0,30147,60.0,0.0,10.0,10.0,2.0,0.0
2026-02-16T12:09:37,ERR,ERR,ERR,ERR,ERR,ERR,ERR,ERR,ERR,ERR,ERR,ERR,ERR,ERR,ERR,ERR,ERR,ERR,ERR,ERR,ERR,ERR,ERR,ERR,ERR,ERR,ERR,ERR,ERR,ERR,ERR,ERR,ERR,ERR,ERR,ERR,ERR,ERR,ERR,ERR,ERR,ERR,ERR,ERR,ERR,ERR,ERR,ERR,ERR,ERR,ERR,ERR,ERR,ERR,ERR,ERR,ERR,ERR,ERR,ERR,ERR,ERR,ERR,ERR,ERR,ERR,ERR,ERR,ERR,ERR,ERR,ERR,ERR,ERR,ERR,ERR,ERR,ERR,ERR,ERR,ERR,ERR,ERR,ERR,ERR,ERR,ERR,ERR,ERR,ERR,ERR,ERR,ERR,ERR,ERR,ERR,ERR,ERR,ERR,ERR,ERR,ERR,ERR,ERR,ERR,ERR,ERR,ERR,ERR,ERR,ERR,ERR,ERR,ERR,ERR,ERR,ERR,ERR,ERR,ERR,ERR,ERR,ERR,ERR,ERR,2.718442270659078e+23,-0.0,-0.0,-0.0,4.160414724153587e+31,122543046656.0,0.0,-0.0,4300,0,8,17171,4300,-0.0,39,0.0,0.0,-0.0,0.0,-4.925046184806267e+32,0,0,0,0,0.0,0,0,0,0,0,0,0,0,0,0,0,0,0,0,0,0,0,0,0,0,0,0,0,0,0,0,0,0,0,0,0,0,0,8,37,37,45,65476,384,65476,1,0,4,21553,0.0,-0.0,9.063866022452265e+17,0.0,0.0,0.0,0.0,0.0,0.0,0.0,0.0,0.0,0.0,0.0,0.0,0.0,0.0,0.0,0.0,0.0,0.0,2.004,-0.0,-0.0,-3.697074423243316e+19,0.0,0.0,0.0,0.0,0.0,6557.0,0.0,0.0,2.718442270659078e+23,-0.0,0.0,-0.0,0.0,0.0,2.004,2.004,224,-0.0,-0.0,0.0,0.0,0.0,0.0,0.0,0.0,0.0,0,0,0,-124.632,0.0,2.1710647364419584e+16,0.0,5.4939805919260076e+20,0.0,-11024220160.0,0.0,0.0,-6.521905392562628e+19,-0.0,232728.641,0.0,0.0,0.0,0.0,0,1.3516416376850534e+27,224,0.0,448,-0.0,0.0,2114,26215,17110,13107,17112,13107,17095,0,0,0,101,100,100,-107615216.0,63.6,2.7302334150594743e+23,64.0,0.0,64.0,1,49,50,180,0,13107,0,0,0.0,0.0,0.0,60.0,-0.019,70.5,0.0,-0.0,0.0,1070,0,1070,0,0,0,1071,0,1081,0,996,0,640,0,642,0,637,0,676,0.032,7.968993439842526e+21,0.0,0.0,46736,16812,-0.019,-0.0,0.0,3.3601595035877376e+16,-4.314372908215639e+29,-0.002,50.0,60.0,35,0.0,0.0,10.0,2.0,0.0,0.0,0.0,0.0,0.0,0.0,0.0,0.0,0.0,0.0,0.0,0.0,58.8,55,11,65508,27,65476,1000,65476,1,0,4,20529,65476,0,0,30147,60.0,0.0,10.0,10.0,2.0,0.0
2026-02-16T12:09:38,ERR,ERR,ERR,ERR,ERR,ERR,ERR,ERR,ERR,ERR,ERR,ERR,ERR,ERR,ERR,ERR,ERR,ERR,ERR,ERR,ERR,ERR,ERR,ERR,ERR,ERR,ERR,ERR,ERR,ERR,ERR,ERR,ERR,ERR,ERR,ERR,ERR,ERR,ERR,ERR,ERR,ERR,ERR,ERR,ERR,ERR,ERR,ERR,ERR,ERR,ERR,ERR,ERR,ERR,ERR,ERR,ERR,ERR,ERR,ERR,ERR,ERR,ERR,ERR,ERR,ERR,ERR,ERR,ERR,ERR,ERR,ERR,ERR,ERR,ERR,ERR,ERR,ERR,ERR,ERR,ERR,ERR,ERR,ERR,ERR,ERR,ERR,ERR,ERR,ERR,ERR,ERR,ERR,ERR,ERR,ERR,ERR,ERR,ERR,ERR,ERR,ERR,ERR,ERR,ERR,ERR,ERR,ERR,ERR,ERR,ERR,ERR,ERR,ERR,ERR,ERR,ERR,ERR,ERR,ERR,ERR,ERR,ERR,ERR,ERR,2.718442270659078e+23,-0.0,-0.0,-0.0,4.160414724153587e+31,122543046656.0,0.0,-0.0,4300,0,8,17171,4300,-0.0,39,0.0,0.0,-0.0,0.0,-4.925046184806267e+32,0,0,0,0,0.0,0,0,0,0,0,0,0,0,0,0,0,0,0,0,0,0,0,0,0,0,0,0,0,0,0,0,0,0,0,0,0,0,0,8,37,37,45,65476,384,65476,1,0,4,21553,0.0,-0.0,9.063866022452265e+17,0.0,0.0,0.0,0.0,0.0,0.0,0.0,0.0,0.0,0.0,0.0,0.0,0.0,0.0,0.0,0.0,0.0,0.0,2.004,-0.0,-0.0,-3.697074423243316e+19,0.0,0.0,0.0,0.0,0.0,6557.0,0.0,0.0,2.718442270659078e+23,-0.0,0.0,-0.0,0.0,0.0,2.004,2.004,224,-0.0,-0.0,0.0,0.0,0.0,0.0,0.0,0.0,0.0,0,0,0,-124.632,0.0,2.1710647364419584e+16,0.0,5.4939805919260076e+20,0.0,-11024220160.0,0.0,0.0,-6.521905392562628e+19,-0.0,232728.641,0.0,0.0,0.0,0.0,0,1.3516416376850534e+27,224,0.0,448,-0.0,0.0,2114,26215,17110,13107,17112,13107,17095,0,0,0,101,100,100,-107615216.0,63.6,2.7302334150594743e+23,64.0,0.0,64.0,1,49,50,180,0,13107,0,0,0.0,0.0,0.0,60.0,-0.019,70.5,0.0,-0.0,0.0,1070,0,1070,0,0,0,1071,0,1081,0,996,0,640,0,642,0,637,0,676,0.032,7.968993439842526e+21,0.0,0.0,46736,16812,-0.019,-0.0,0.0,3.3601595035877376e+16,-4.314372908215639e+29,-0.002,50.0,60.0,35,0.0,0.0,10.0,2.0,0.0,0.0,0.0,0.0,0.0,0.0,0.0,0.0,0.0,0.0,0.0,0.0,58.8,55,11,65508,27,65476,1000,65476,1,0,4,20529,65476,0,0,30147,60.0,0.0,10.0,10.0,2.0,0.0
2026-02-16T12:09:39,ERR,ERR,ERR,ERR,ERR,ERR,ERR,ERR,ERR,ERR,ERR,ERR,ERR,ERR,ERR,ERR,ERR,ERR,ERR,ERR,ERR,ERR,ERR,ERR,ERR,ERR,ERR,ERR,ERR,ERR,ERR,ERR,ERR,ERR,ERR,ERR,ERR,ERR,ERR,ERR,ERR,ERR,ERR,ERR,ERR,ERR,ERR,ERR,ERR,ERR,ERR,ERR,ERR,ERR,ERR,ERR,ERR,ERR,ERR,ERR,ERR,ERR,ERR,ERR,ERR,ERR,ERR,ERR,ERR,ERR,ERR,ERR,ERR,ERR,ERR,ERR,ERR,ERR,ERR,ERR,ERR,ERR,ERR,ERR,ERR,ERR,ERR,ERR,ERR,ERR,ERR,ERR,ERR,ERR,ERR,ERR,ERR,ERR,ERR,ERR,ERR,ERR,ERR,ERR,ERR,ERR,ERR,ERR,ERR,ERR,ERR,ERR,ERR,ERR,ERR,ERR,ERR,ERR,ERR,ERR,ERR,ERR,ERR,ERR,ERR,2.718442270659078e+23,-0.0,-0.0,-0.0,4.160414724153587e+31,122543046656.0,0.0,-0.0,4300,0,8,17171,4300,-0.0,39,0.0,0.0,-0.0,0.0,-4.925046184806267e+32,0,0,0,0,0.0,0,0,0,0,0,0,0,0,0,0,0,0,0,0,0,0,0,0,0,0,0,0,0,0,0,0,0,0,0,0,0,0,0,8,37,37,45,65476,384,65476,1,0,4,21553,0.0,-0.0,9.063866022452265e+17,0.0,0.0,0.0,0.0,0.0,0.0,0.0,0.0,0.0,0.0,0.0,0.0,0.0,0.0,0.0,0.0,0.0,0.0,2.004,-0.0,-0.0,-3.697074423243316e+19,0.0,0.0,0.0,0.0,0.0,6557.0,0.0,0.0,2.718442270659078e+23,-0.0,0.0,-0.0,0.0,0.0,2.004,2.004,224,-0.0,-0.0,0.0,0.0,0.0,0.0,0.0,0.0,0.0,0,0,0,-124.632,0.0,2.1710647364419584e+16,0.0,5.4939805919260076e+20,0.0,-11024220160.0,0.0,0.0,-6.521905392562628e+19,-0.0,232728.641,0.0,0.0,0.0,0.0,0,1.3516416376850534e+27,224,0.0,448,-0.0,0.0,2114,26215,17110,13107,17112,13107,17095,0,0,0,101,100,100,-107615216.0,63.6,2.7302334150594743e+23,64.0,0.0,64.0,1,49,50,180,0,13107,0,0,0.0,0.0,0.0,60.0,-0.019,70.5,0.0,-0.0,0.0,1070,0,1070,0,0,0,1071,0,1081,0,996,0,640,0,642,0,637,0,676,0.032,7.968993439842526e+21,0.0,0.0,46736,16812,-0.019,-0.0,0.0,3.3601595035877376e+16,-4.314372908215639e+29,-0.002,50.0,60.0,35,0.0,0.0,10.0,2.0,0.0,0.0,0.0,0.0,0.0,0.0,0.0,0.0,0.0,0.0,0.0,0.0,59.2,54,11,65508,27,65476,1000,65476,1,0,4,20529,65476,0,0,30147,60.0,0.0,10.0,10.0,2.0,0.0
2026-02-16T12:09:40,ERR,ERR,ERR,ERR,ERR,ERR,ERR,ERR,ERR,ERR,ERR,ERR,ERR,ERR,ERR,ERR,ERR,ERR,ERR,ERR,ERR,ERR,ERR,ERR,ERR,ERR,ERR,ERR,ERR,ERR,ERR,ERR,ERR,ERR,ERR,ERR,ERR,ERR,ERR,ERR,ERR,ERR,ERR,ERR,ERR,ERR,ERR,ERR,ERR,ERR,ERR,ERR,ERR,ERR,ERR,ERR,ERR,ERR,ERR,ERR,ERR,ERR,ERR,ERR,ERR,ERR,ERR,ERR,ERR,ERR,ERR,ERR,ERR,ERR,ERR,ERR,ERR,ERR,ERR,ERR,ERR,ERR,ERR,ERR,ERR,ERR,ERR,ERR,ERR,ERR,ERR,ERR,ERR,ERR,ERR,ERR,ERR,ERR,ERR,ERR,ERR,ERR,ERR,ERR,ERR,ERR,ERR,ERR,ERR,ERR,ERR,ERR,ERR,ERR,ERR,ERR,ERR,ERR,ERR,ERR,ERR,ERR,ERR,ERR,ERR,2.718442270659078e+23,-0.0,-0.0,-0.0,4.160414724153587e+31,0.0,-0.0,-5.733219723910031e+28,4300,0,8,17171,4300,-0.0,39,0.0,0.0,-0.0,0.0,-4.925046184806267e+32,0,0,0,0,0.0,0,0,0,0,0,0,0,0,0,0,0,0,0,0,0,0,0,0,0,0,0,0,0,0,0,0,0,0,0,0,0,0,0,8,37,37,44,65476,384,65476,1,0,4,21553,0.0,0.0,5.071,0.0,0.0,0.0,0.0,0.0,0.0,0.0,0.0,0.0,0.0,0.0,0.0,0.0,0.0,0.0,0.0,0.0,0.0,2.004,-0.0,-0.0,-2.004,0.0,0.0,0.0,0.0,0.0,6558.0,-0.0,0.0,2.718442270659078e+23,-0.0,0.0,-0.0,0.0,0.0,2.004,2.004,225,-71.629,0.0,0.0,0.0,0.0,0.0,0.0,0.0,0.0,0,0,0,-7.298611665422663e+20,-3.8772046917810454e+24,3.5110639150936537e+30,-0.0,8.580967766558928e+35,451524526080.0,-0.091,-0.272,-1.885,-6.8966048815598535e+19,-0.0,245016.641,0.0,0.0,0.0,0.845,0,1.3516416376850534e+27,225,0.0,450,0.0,4.6893839926962287e+24,2114,26215,17110,13107,17112,13107,17095,0,0,0,101,100,100,-107615216.0,63.6,2.7302334150594743e+23,64.0,0.0,64.0,1,49,50,180,0,13107,0,0,0.0,0.0,0.0,60.0,-0.019,70.5,0.0,-0.0,0.0,1070,0,1070,0,0,0,1071,0,1081,0,996,0,640,0,642,0,637,0,676,0.032,7.968993439842526e+21,0.0,0.0,46736,16812,-0.019,-0.0,0.0,3.3601595035877376e+16,-4.314372908215639e+29,-0.002,50.0,60.0,35,0.0,0.0,10.0,2.0,0.0,0.0,0.0,0.0,0.0,0.0,0.0,0.0,0.0,0.0,0.0,0.0,59.2,54,11,65508,27,65476,1000,65476,1,0,4,20529,65476,0,0,30147,60.0,0.0,10.0,10.0,2.0,0.0
2026-02-16T12:09:41,ERR,ERR,ERR,ERR,ERR,ERR,ERR,ERR,ERR,ERR,ERR,ERR,ERR,ERR,ERR,ERR,ERR,ERR,ERR,ERR,ERR,ERR,ERR,ERR,ERR,ERR,ERR,ERR,ERR,ERR,ERR,ERR,ERR,ERR,ERR,ERR,ERR,ERR,ERR,ERR,ERR,ERR,ERR,ERR,ERR,ERR,ERR,ERR,ERR,ERR,ERR,ERR,ERR,ERR,ERR,ERR,ERR,ERR,ERR,ERR,ERR,ERR,ERR,ERR,ERR,ERR,ERR,ERR,ERR,ERR,ERR,ERR,ERR,ERR,ERR,ERR,ERR,ERR,ERR,ERR,ERR,ERR,ERR,ERR,ERR,ERR,ERR,ERR,ERR,ERR,ERR,ERR,ERR,ERR,ERR,ERR,ERR,ERR,ERR,ERR,ERR,ERR,ERR,ERR,ERR,ERR,ERR,ERR,ERR,ERR,ERR,ERR,ERR,ERR,ERR,ERR,ERR,ERR,ERR,ERR,ERR,ERR,ERR,ERR,ERR,2.718442270659078e+23,-0.0,-0.0,-0.0,4.160414724153587e+31,0.0,-0.0,-5.733219723910031e+28,4300,0,8,17171,4300,-0.0,39,0.0,0.0,-0.0,0.0,-4.925046184806267e+32,0,0,0,0,0.0,0,0,0,0,0,0,0,0,0,0,0,0,0,0,0,0,0,0,0,0,0,0,0,0,0,0,0,0,0,0,0,0,0,8,37,37,44,65476,384,65476,1,0,4,21553,0.0,0.0,5.071,0.0,0.0,0.0,0.0,0.0,0.0,0.0,0.0,0.0,0.0,0.0,0.0,0.0,0.0,0.0,0.0,0.0,0.0,2.004,-0.0,-0.0,-2.004,0.0,0.0,0.0,0.0,0.0,6558.0,-0.0,0.0,2.718442270659078e+23,-0.0,0.0,-0.0,0.0,0.0,2.004,2.004,225,-71.629,0.0,0.0,0.0,0.0,0.0,0.0,0.0,0.0,0,0,0,-7.298611665422663e+20,-3.8772046917810454e+24,3.5110639150936537e+30,-0.0,8.580967766558928e+35,451524526080.0,-0.091,-0.272,-1.885,-6.8966048815598535e+19,-0.0,245016.641,0.0,0.0,0.0,0.845,0,1.3516416376850534e+27,225,0.0,450,0.0,4.6893839926962287e+24,2114,26215,17110,13107,17112,13107,17095,0,0,0,101,100,100,-107615216.0,63.6,2.7302334150594743e+23,64.0,0.0,64.0,1,49,50,180,0,13107,0,0,0.0,0.0,0.0,60.0,-9.641,70.5,0.0,0.0,0.0,1070,0,1070,0,0,0,1071,0,1081,0,996,0,640,0,642,0,637,0,676,0.032,8.042780416137365e+21,0.0,0.0,59024,16812,-9104.638,4121061922701312.0,-1562.004,-1.5463789231079424e+16,-0.0,0.001,50.0,60.0,35,0.0,0.0,10.0,2.0,0.0,0.0,0.0,0.0,0.0,0.0,0.0,0.0,0.0,0.0,0.0,0.0,58.8,54,11,65508,27,65476,1000,65476,1,0,4,20529,65476,0,0,30147,60.0,0.0,10.0,10.0,2.0,0.0
2026-02-16T12:09:42,ERR,ERR,ERR,ERR,ERR,ERR,ERR,ERR,ERR,ERR,ERR,ERR,ERR,ERR,ERR,ERR,ERR,ERR,ERR,ERR,ERR,ERR,ERR,ERR,ERR,ERR,ERR,ERR,ERR,ERR,ERR,ERR,ERR,ERR,ERR,ERR,ERR,ERR,ERR,ERR,ERR,ERR,ERR,ERR,ERR,ERR,ERR,ERR,ERR,ERR,ERR,ERR,ERR,ERR,ERR,ERR,ERR,ERR,ERR,ERR,ERR,ERR,ERR,ERR,ERR,ERR,ERR,ERR,ERR,ERR,ERR,ERR,ERR,ERR,ERR,ERR,ERR,ERR,ERR,ERR,ERR,ERR,ERR,ERR,ERR,ERR,ERR,ERR,ERR,ERR,ERR,ERR,ERR,ERR,ERR,ERR,ERR,ERR,ERR,ERR,ERR,ERR,ERR,ERR,ERR,ERR,ERR,ERR,ERR,ERR,ERR,ERR,ERR,ERR,ERR,ERR,ERR,ERR,ERR,ERR,ERR,ERR,ERR,ERR,ERR,2.718442270659078e+23,-0.0,-0.0,-0.0,4.160414724153587e+31,0.0,-0.0,-5.733219723910031e+28,4300,0,8,17171,4300,-0.0,39,0.0,0.0,-0.0,0.0,-4.925046184806267e+32,0,0,0,0,0.0,0,0,0,0,0,0,0,0,0,0,0,0,0,0,0,0,0,0,0,0,0,0,0,0,0,0,0,0,0,0,0,0,0,8,37,37,44,65476,384,65476,1,0,4,21553,0.0,0.0,5.071,0.0,0.0,0.0,0.0,0.0,0.0,0.0,0.0,0.0,0.0,0.0,0.0,0.0,0.0,0.0,0.0,0.0,0.0,2.004,-0.0,-0.0,-2.004,0.0,0.0,0.0,0.0,0.0,6558.0,-0.0,0.0,2.718442270659078e+23,-0.0,0.0,-0.0,0.0,0.0,2.004,2.004,225,-71.629,0.0,0.0,0.0,0.0,0.0,0.0,0.0,0.0,0,0,0,-7.298611665422663e+20,-3.8772046917810454e+24,3.5110639150936537e+30,-0.0,8.580967766558928e+35,451524526080.0,-0.091,-0.272,-1.885,-6.8966048815598535e+19,-0.0,245016.641,0.0,0.0,0.0,0.845,0,1.3516416376850534e+27,225,0.0,450,0.0,4.6893839926962287e+24,2114,26215,17110,13107,17112,13107,17095,0,0,0,101,100,100,-107615216.0,63.6,2.7302334150594743e+23,64.0,0.0,64.0,1,49,50,180,0,13107,0,0,0.0,0.0,0.0,60.0,-9.641,70.5,0.0,0.0,0.0,1070,0,1070,0,0,0,1071,0,1081,0,996,0,640,0,642,0,637,0,676,0.032,8.042780416137365e+21,0.0,0.0,59024,16812,-9104.638,4121061922701312.0,-1562.004,-1.5463789231079424e+16,-0.0,0.001,50.0,60.0,35,0.0,0.0,10.0,2.0,0.0,0.0,0.0,0.0,0.0,0.0,0.0,0.0,0.0,0.0,0.0,0.0,58.8,54,11,65508,27,65476,1000,65476,1,0,4,20529,65476,0,0,30147,60.0,0.0,10.0,10.0,2.0,0.0
2026-02-16T12:09:43,ERR,ERR,ERR,ERR,ERR,ERR,ERR,ERR,ERR,ERR,ERR,ERR,ERR,ERR,ERR,ERR,ERR,ERR,ERR,ERR,ERR,ERR,ERR,ERR,ERR,ERR,ERR,ERR,ERR,ERR,ERR,ERR,ERR,ERR,ERR,ERR,ERR,ERR,ERR,ERR,ERR,ERR,ERR,ERR,ERR,ERR,ERR,ERR,ERR,ERR,ERR,ERR,ERR,ERR,ERR,ERR,ERR,ERR,ERR,ERR,ERR,ERR,ERR,ERR,ERR,ERR,ERR,ERR,ERR,ERR,ERR,ERR,ERR,ERR,ERR,ERR,ERR,ERR,ERR,ERR,ERR,ERR,ERR,ERR,ERR,ERR,ERR,ERR,ERR,ERR,ERR,ERR,ERR,ERR,ERR,ERR,ERR,ERR,ERR,ERR,ERR,ERR,ERR,ERR,ERR,ERR,ERR,ERR,ERR,ERR,ERR,ERR,ERR,ERR,ERR,ERR,ERR,ERR,ERR,ERR,ERR,ERR,ERR,ERR,ERR,2.718442270659078e+23,-0.0,-0.0,-0.0,4.160414724153587e+31,0.0,-0.0,-5.733219723910031e+28,4300,0,8,17171,4300,-0.0,39,0.0,0.0,-0.0,0.0,-4.925046184806267e+32,0,0,0,0,0.0,0,0,0,0,0,0,0,0,0,0,0,0,0,0,0,0,0,0,0,0,0,0,0,0,0,0,0,0,0,0,0,0,0,8,37,37,44,65476,384,65476,1,0,4,21553,0.0,0.0,5.071,0.0,0.0,0.0,0.0,0.0,0.0,0.0,0.0,0.0,0.0,0.0,0.0,0.0,0.0,0.0,0.0,0.0,0.0,2.004,-0.0,-0.0,-2.004,0.0,0.0,0.0,0.0,0.0,6558.0,-0.0,0.0,2.718442270659078e+23,-0.0,0.0,-0.0,0.0,0.0,2.004,2.004,225,-71.629,0.0,0.0,0.0,0.0,0.0,0.0,0.0,0.0,0,0,0,-7.298611665422663e+20,-3.8772046917810454e+24,3.5110639150936537e+30,-0.0,8.580967766558928e+35,451524526080.0,-0.091,-0.272,-1.885,-6.8966048815598535e+19,-0.0,245016.641,0.0,0.0,0.0,0.845,0,1.3516416376850534e+27,225,0.0,450,0.0,4.6893839926962287e+24,2114,26215,17110,13107,17112,13107,17095,0,0,0,101,100,100,-107615216.0,63.6,2.7302334150594743e+23,64.0,0.0,64.0,1,49,50,180,0,13107,0,0,0.0,0.0,0.0,60.0,-9.641,70.5,0.0,0.0,0.0,1070,0,1070,0,0,0,1071,0,1081,0,996,0,640,0,642,0,637,0,676,0.032,8.042780416137365e+21,0.0,0.0,59024,16812,-9104.638,4121061922701312.0,-1562.004,-1.5463789231079424e+16,-0.0,0.001,50.0,60.0,35,0.0,0.0,10.0,2.0,0.0,0.0,0.0,0.0,0.0,0.0,0.0,0.0,0.0,0.0,0.0,0.0,59.2,54,11,65508,27,65476,1000,65476,1,0,4,20529,65476,0,0,30147,60.0,0.0,10.0,10.0,2.0,0.0
2026-02-16T12:09:44,ERR,ERR,ERR,ERR,ERR,ERR,ERR,ERR,ERR,ERR,ERR,ERR,ERR,ERR,ERR,ERR,ERR,ERR,ERR,ERR,ERR,ERR,ERR,ERR,ERR,ERR,ERR,ERR,ERR,ERR,ERR,ERR,ERR,ERR,ERR,ERR,ERR,ERR,ERR,ERR,ERR,ERR,ERR,ERR,ERR,ERR,ERR,ERR,ERR,ERR,ERR,ERR,ERR,ERR,ERR,ERR,ERR,ERR,ERR,ERR,ERR,ERR,ERR,ERR,ERR,ERR,ERR,ERR,ERR,ERR,ERR,ERR,ERR,ERR,ERR,ERR,ERR,ERR,ERR,ERR,ERR,ERR,ERR,ERR,ERR,ERR,ERR,ERR,ERR,ERR,ERR,ERR,ERR,ERR,ERR,ERR,ERR,ERR,ERR,ERR,ERR,ERR,ERR,ERR,ERR,ERR,ERR,ERR,ERR,ERR,ERR,ERR,ERR,ERR,ERR,ERR,ERR,ERR,ERR,ERR,ERR,ERR,ERR,ERR,ERR,2.718442270659078e+23,-0.0,-0.0,-0.0,4.160414724153587e+31,0.0,-0.0,-5.733219723910031e+28,4300,0,8,17171,4300,-0.0,39,0.0,0.0,-0.0,0.0,-4.925046184806267e+32,0,0,0,0,0.0,0,0,0,0,0,0,0,0,0,0,0,0,0,0,0,0,0,0,0,0,0,0,0,0,0,0,0,0,0,0,0,0,0,8,37,37,44,65476,384,65476,1,0,4,21553,0.0,0.0,5.071,0.0,0.0,0.0,0.0,0.0,0.0,0.0,0.0,0.0,0.0,0.0,0.0,0.0,0.0,0.0,0.0,0.0,0.0,2.004,-0.0,-0.0,-2.004,0.0,0.0,0.0,0.0,0.0,6558.0,-0.0,0.0,2.718442270659078e+23,-0.0,0.0,-0.0,0.0,0.0,2.004,2.004,225,-71.629,0.0,0.0,0.0,0.0,0.0,0.0,0.0,0.0,0,0,0,-7.298611665422663e+20,-3.8772046917810454e+24,3.5110639150936537e+30,-0.0,8.580967766558928e+35,451524526080.0,-0.091,-0.272,-1.885,-6.8966048815598535e+19,-0.0,245016.641,0.0,0.0,0.0,0.845,0,1.3516416376850534e+27,225,0.0,450,0.0,4.6893839926962287e+24,2114,26215,17110,13107,17112,13107,17095,0,0,0,101,100,100,-107615216.0,63.6,2.7302334150594743e+23,64.0,0.0,64.0,1,49,50,180,0,0,0,0,0.0,0.0,0.0,60.0,-5.227,70.5,0.0,-0.0,0.0,1070,0,1070,0,0,0,1071,0,1081,0,996,0,640,0,642,0,637,0,676,0.032,8.005886927989945e+21,0.0,0.0,59408,16812,-5.227,-0.0,0.0,0.013,-8.050340887688913e+37,-2916.002,50.0,60.0,35,0.0,0.0,10.0,2.0,0.0,0.0,0.0,0.0,0.0,0.0,0.0,0.0,0.0,0.0,0.0,0.0,59.2,54,11,65508,27,65476,1000,65476,1,0,4,20529,65476,0,0,30147,60.0,0.0,10.0,10.0,2.0,0.0
2026-02-16T12:09:45,ERR,ERR,ERR,ERR,ERR,ERR,ERR,ERR,ERR,ERR,ERR,ERR,ERR,ERR,ERR,ERR,ERR,ERR,ERR,ERR,ERR,ERR,ERR,ERR,ERR,ERR,ERR,ERR,ERR,ERR,ERR,ERR,ERR,ERR,ERR,ERR,ERR,ERR,ERR,ERR,ERR,ERR,ERR,ERR,ERR,ERR,ERR,ERR,ERR,ERR,ERR,ERR,ERR,ERR,ERR,ERR,ERR,ERR,ERR,ERR,ERR,ERR,ERR,ERR,ERR,ERR,ERR,ERR,ERR,ERR,ERR,ERR,ERR,ERR,ERR,ERR,ERR,ERR,ERR,ERR,ERR,ERR,ERR,ERR,ERR,ERR,ERR,ERR,ERR,ERR,ERR,ERR,ERR,ERR,ERR,ERR,ERR,ERR,ERR,ERR,ERR,ERR,ERR,ERR,ERR,ERR,ERR,ERR,ERR,ERR,ERR,ERR,ERR,ERR,ERR,ERR,ERR,ERR,ERR,ERR,ERR,ERR,ERR,ERR,ERR,2.718442270659078e+23,-0.0,-0.0,-0.0,4.160414724153587e+31,0.0,-8.085094897665129e+29,-3.895,4300,0,8,17171,4300,-0.0,39,0.0,0.0,-0.0,0.0,-4.925046184806267e+32,0,0,0,0,0.0,0,0,0,0,0,0,0,0,0,0,0,0,0,0,0,0,0,0,0,0,0,0,0,0,0,0,0,0,0,0,0,0,0,8,37,37,44,65476,380,65476,1,0,4,21553,0.0,-107610720.0,9.223857524894606e+22,0.0,0.0,0.0,0.0,0.0,0.0,0.0,0.0,0.0,0.0,0.0,0.0,0.0,0.0,0.0,0.0,0.0,0.0,2.004,-0.0,-0.0,-2.004,0.0,0.0,0.0,0.0,0.0,6561.0,0.0,0.0,2.718442270659078e+23,-0.0,0.0,-0.0,0.0,0.0,2.004,2.004,223,-0.0,71.63,0.0,0.0,0.0,0.0,0.0,0.0,0.0,0,0,0,-0.01,4402576627859456.0,68860903424.0,0.0,1.0345726710070734e+23,0.0,-0.0,-0.0,-0.0,-7.2424813329419076e+19,-0.0,258328.641,0.0,0.0,0.0,634405122998272.0,0,1.3516416376850534e+27,223,0.0,446,-0.0,0.0,2114,26215,17110,13107,17112,13107,17095,0,0,0,101,100,100,-107615216.0,63.6,2.7302334150594743e+23,64.0,0.0,64.0,1,49,50,180,0,0,0,0,0.0,0.0,0.0,60.0,-5.227,70.5,0.0,-0.0,0.0,1070,0,1070,0,0,0,1071,0,1081,0,996,0,640,0,642,0,637,0,676,0.032,8.005886927989945e+21,0.0,0.0,59408,16812,-5.227,-0.0,0.0,0.013,-8.050340887688913e+37,-2916.002,50.0,60.0,35,0.0,0.0,10.0,2.0,0.0,0.0,0.0,0.0,0.0,0.0,0.0,0.0,0.0,0.0,0.0,0.0,58.8,54,11,65508,27,65476,1000,65476,1,0,4,20529,65476,0,0,30147,60.0,0.0,10.0,10.0,2.0,0.0
2026-02-16T12:09:46,ERR,ERR,ERR,ERR,ERR,ERR,ERR,ERR,ERR,ERR,ERR,ERR,ERR,ERR,ERR,ERR,ERR,ERR,ERR,ERR,ERR,ERR,ERR,ERR,ERR,ERR,ERR,ERR,ERR,ERR,ERR,ERR,ERR,ERR,ERR,ERR,ERR,ERR,ERR,ERR,ERR,ERR,ERR,ERR,ERR,ERR,ERR,ERR,ERR,ERR,ERR,ERR,ERR,ERR,ERR,ERR,ERR,ERR,ERR,ERR,ERR,ERR,ERR,ERR,ERR,ERR,ERR,ERR,ERR,ERR,ERR,ERR,ERR,ERR,ERR,ERR,ERR,ERR,ERR,ERR,ERR,ERR,ERR,ERR,ERR,ERR,ERR,ERR,ERR,ERR,ERR,ERR,ERR,ERR,ERR,ERR,ERR,ERR,ERR,ERR,ERR,ERR,ERR,ERR,ERR,ERR,ERR,ERR,ERR,ERR,ERR,ERR,ERR,ERR,ERR,ERR,ERR,ERR,ERR,ERR,ERR,ERR,ERR,ERR,ERR,2.718442270659078e+23,-0.0,-0.0,-0.0,4.160414724153587e+31,0.0,-8.085094897665129e+29,-3.895,4300,0,8,17171,4300,-0.0,39,0.0,0.0,-0.0,0.0,-4.925046184806267e+32,0,0,0,0,0.0,0,0,0,0,0,0,0,0,0,0,0,0,0,0,0,0,0,0,0,0,0,0,0,0,0,0,0,0,0,0,0,0,0,8,37,37,44,65476,380,65476,1,0,4,21553,0.0,-107610720.0,9.223857524894606e+22,0.0,0.0,0.0,0.0,0.0,0.0,0.0,0.0,0.0,0.0,0.0,0.0,0.0,0.0,0.0,0.0,0.0,0.0,2.004,-0.0,-0.0,-2.004,0.0,0.0,0.0,0.0,0.0,6561.0,0.0,0.0,2.718442270659078e+23,-0.0,0.0,-0.0,0.0,0.0,2.004,2.004,223,-0.0,71.63,0.0,0.0,0.0,0.0,0.0,0.0,0.0,0,0,0,-0.01,4402576627859456.0,68860903424.0,0.0,1.0345726710070734e+23,0.0,-0.0,-0.0,-0.0,-7.2424813329419076e+19,-0.0,258328.641,0.0,0.0,0.0,634405122998272.0,0,1.3516416376850534e+27,223,0.0,446,-0.0,0.0,2114,26215,17110,13107,17112,13107,17095,0,0,0,101,100,100,-107615216.0,63.6,2.7302334150594743e+23,64.0,0.0,64.0,1,49,50,180,0,0,0,0,0.0,0.0,0.0,60.0,-5.227,70.5,0.0,-0.0,0.0,1070,0,1070,0,0,0,1071,0,1081,0,996,0,640,0,642,0,637,0,676,0.032,8.005886927989945e+21,0.0,0.0,59408,16812,-5.227,-0.0,0.0,0.013,-8.050340887688913e+37,-2916.002,50.0,60.0,35,0.0,0.0,10.0,2.0,0.0,0.0,0.0,0.0,0.0,0.0,0.0,0.0,0.0,0.0,0.0,0.0,58.8,54,11,65509,27,65476,1000,65476,1,0,4,20529,65476,0,0,30147,60.0,0.0,10.0,10.0,2.0,0.0
2026-02-16T12:09:47,ERR,ERR,ERR,ERR,ERR,ERR,ERR,ERR,ERR,ERR,ERR,ERR,ERR,ERR,ERR,ERR,ERR,ERR,ERR,ERR,ERR,ERR,ERR,ERR,ERR,ERR,ERR,ERR,ERR,ERR,ERR,ERR,ERR,ERR,ERR,ERR,ERR,ERR,ERR,ERR,ERR,ERR,ERR,ERR,ERR,ERR,ERR,ERR,ERR,ERR,ERR,ERR,ERR,ERR,ERR,ERR,ERR,ERR,ERR,ERR,ERR,ERR,ERR,ERR,ERR,ERR,ERR,ERR,ERR,ERR,ERR,ERR,ERR,ERR,ERR,ERR,ERR,ERR,ERR,ERR,ERR,ERR,ERR,ERR,ERR,ERR,ERR,ERR,ERR,ERR,ERR,ERR,ERR,ERR,ERR,ERR,ERR,ERR,ERR,ERR,ERR,ERR,ERR,ERR,ERR,ERR,ERR,ERR,ERR,ERR,ERR,ERR,ERR,ERR,ERR,ERR,ERR,ERR,ERR,ERR,ERR,ERR,ERR,ERR,ERR,2.718442270659078e+23,-0.0,-0.0,-0.0,4.160414724153587e+31,0.0,-8.085094897665129e+29,-3.895,4300,0,8,17171,4300,-0.0,39,0.0,0.0,-0.0,0.0,-4.925046184806267e+32,0,0,0,0,0.0,0,0,0,0,0,0,0,0,0,0,0,0,0,0,0,0,0,0,0,0,0,0,0,0,0,0,0,0,0,0,0,0,0,8,37,37,44,65476,380,65476,1,0,4,21553,0.0,-107610720.0,9.223857524894606e+22,0.0,0.0,0.0,0.0,0.0,0.0,0.0,0.0,0.0,0.0,0.0,0.0,0.0,0.0,0.0,0.0,0.0,0.0,2.004,-0.0,-0.0,-2.004,0.0,0.0,0.0,0.0,0.0,6561.0,0.0,0.0,2.718442270659078e+23,-0.0,0.0,-0.0,0.0,0.0,2.004,2.004,223,-0.0,71.63,0.0,0.0,0.0,0.0,0.0,0.0,0.0,0,0,0,-0.01,4402576627859456.0,68860903424.0,0.0,1.0345726710070734e+23,0.0,-0.0,-0.0,-0.0,-7.2424813329419076e+19,-0.0,258328.641,0.0,0.0,0.0,634405122998272.0,0,1.3516416376850534e+27,223,0.0,446,-0.0,0.0,2114,13107,17110,13107,17112,13107,17095,0,0,0,101,100,100,-107615216.0,63.6,2.7302334150594743e+23,64.0,0.0,64.0,1,49,50,180,0,0,0,0,0.0,0.0,0.0,60.0,-0.026,70.5,0.0,7.206000768585323e+20,0.0,1070,0,1070,0,0,0,1071,0,1081,0,996,0,640,0,642,0,638,0,676,0.032,8.005886927989945e+21,0.0,0.0,35088,16812,-0.0,4.620881783926292e+18,-16007202.0,1.7423718529210778e+17,1.0146002859347699e+37,1.6675871054152242e+23,50.0,60.0,35,0.0,0.0,10.0,2.0,0.0,0.0,0.0,0.0,0.0,0.0,0.0,0.0,0.0,0.0,0.0,0.0,58.8,54,11,65509,27,65476,1000,65476,1,0,4,20529,65476,0,0,30147,60.0,0.0,10.0,10.0,2.0,0.0
2026-02-16T12:09:48,ERR,ERR,ERR,ERR,ERR,ERR,ERR,ERR,ERR,ERR,ERR,ERR,ERR,ERR,ERR,ERR,ERR,ERR,ERR,ERR,ERR,ERR,ERR,ERR,ERR,ERR,ERR,ERR,ERR,ERR,ERR,ERR,ERR,ERR,ERR,ERR,ERR,ERR,ERR,ERR,ERR,ERR,ERR,ERR,ERR,ERR,ERR,ERR,ERR,ERR,ERR,ERR,ERR,ERR,ERR,ERR,ERR,ERR,ERR,ERR,ERR,ERR,ERR,ERR,ERR,ERR,ERR,ERR,ERR,ERR,ERR,ERR,ERR,ERR,ERR,ERR,ERR,ERR,ERR,ERR,ERR,ERR,ERR,ERR,ERR,ERR,ERR,ERR,ERR,ERR,ERR,ERR,ERR,ERR,ERR,ERR,ERR,ERR,ERR,ERR,ERR,ERR,ERR,ERR,ERR,ERR,ERR,ERR,ERR,ERR,ERR,ERR,ERR,ERR,ERR,ERR,ERR,ERR,ERR,ERR,ERR,ERR,ERR,ERR,ERR,2.718442270659078e+23,-0.0,-0.0,-0.0,4.160414724153587e+31,0.0,-8.085094897665129e+29,-3.895,4300,0,8,17171,4300,-0.0,39,0.0,0.0,-0.0,0.0,-4.925046184806267e+32,0,0,0,0,0.0,0,0,0,0,0,0,0,0,0,0,0,0,0,0,0,0,0,0,0,0,0,0,0,0,0,0,0,0,0,0,0,0,0,8,37,37,44,65476,380,65476,1,0,4,21553,0.0,-107610720.0,9.223857524894606e+22,0.0,0.0,0.0,0.0,0.0,0.0,0.0,0.0,0.0,0.0,0.0,0.0,0.0,0.0,0.0,0.0,0.0,0.0,2.004,-0.0,-0.0,-2.004,0.0,0.0,0.0,0.0,0.0,6561.0,0.0,0.0,2.718442270659078e+23,-0.0,0.0,-0.0,0.0,0.0,2.004,2.004,223,-0.0,71.63,0.0,0.0,0.0,0.0,0.0,0.0,0.0,0,0,0,-0.01,4402576627859456.0,68860903424.0,0.0,1.0345726710070734e+23,0.0,-0.0,-0.0,-0.0,-7.2424813329419076e+19,-0.0,258328.641,0.0,0.0,0.0,634405122998272.0,0,1.3516416376850534e+27,223,0.0,446,-0.0,0.0,2114,13107,17110,13107,17112,13107,17095,0,0,0,101,100,100,-107615216.0,63.6,2.7302334150594743e+23,64.0,0.0,64.0,1,49,50,180,0,0,0,0,0.0,0.0,0.0,60.0,-0.026,70.5,0.0,7.206000768585323e+20,0.0,1070,0,1070,0,0,0,1071,0,1081,0,996,0,640,0,642,0,638,0,676,0.032,8.005886927989945e+21,0.0,0.0,35088,16812,-0.0,4.620881783926292e+18,-16007202.0,1.7423718529210778e+17,1.0146002859347699e+37,1.6675871054152242e+23,50.0,60.0,35,0.0,0.0,10.0,2.0,0.0,0.0,0.0,0.0,0.0,0.0,0.0,0.0,0.0,0.0,0.0,0.0,58.8,54,11,65509,27,65476,1000,65476,1,0,4,20529,65476,0,0,30147,60.0,0.0,10.0,10.0,2.0,0.0
2026-02-16T12:09:49,ERR,ERR,ERR,ERR,ERR,ERR,ERR,ERR,ERR,ERR,ERR,ERR,ERR,ERR,ERR,ERR,ERR,ERR,ERR,ERR,ERR,ERR,ERR,ERR,ERR,ERR,ERR,ERR,ERR,ERR,ERR,ERR,ERR,ERR,ERR,ERR,ERR,ERR,ERR,ERR,ERR,ERR,ERR,ERR,ERR,ERR,ERR,ERR,ERR,ERR,ERR,ERR,ERR,ERR,ERR,ERR,ERR,ERR,ERR,ERR,ERR,ERR,ERR,ERR,ERR,ERR,ERR,ERR,ERR,ERR,ERR,ERR,ERR,ERR,ERR,ERR,ERR,ERR,ERR,ERR,ERR,ERR,ERR,ERR,ERR,ERR,ERR,ERR,ERR,ERR,ERR,ERR,ERR,ERR,ERR,ERR,ERR,ERR,ERR,ERR,ERR,ERR,ERR,ERR,ERR,ERR,ERR,ERR,ERR,ERR,ERR,ERR,ERR,ERR,ERR,ERR,ERR,ERR,ERR,ERR,ERR,ERR,ERR,ERR,ERR,2.718442270659078e+23,-0.0,-0.0,-0.0,4.160414724153587e+31,26835534479360.0,0.0,-0.0,4300,0,8,17171,4300,-0.0,39,0.0,0.0,-0.0,0.0,-4.925046184806267e+32,0,0,0,0,0.0,0,0,0,0,0,0,0,0,0,0,0,0,0,0,0,0,0,0,0,0,0,0,0,0,0,0,0,0,0,0,0,0,0,8,37,36,44,65476,377,65476,1,0,4,21553,0.0,0.0,363406745927680.0,0.0,0.0,0.0,0.0,0.0,0.0,0.0,0.0,0.0,0.0,0.0,-2.600982585120823e+33,0.0,0.0,0.0,0.0,0.0,0.0,2.004,-0.0,-0.0,-2.004,-3.697075742657269e+19,0.0,0.0,0.0,0.0,6589.0,564149121712128.0,0.0,2.718442270659078e+23,-0.0,0.0,-0.0,0.0,0.0,2.004,2.004,225,-0.0,3.2220245344017747e+26,0.0,0.0,0.0,0.0,0.0,0.0,0.0,0,0,0,-6.245963059846699e+23,-0.0,2.6037504292473117e+28,-9.8534136354777e+37,-0.0,-0.0,1.1404251295074036e+37,3.650832877807133e+24,213607027572736.0,-7.798017939164103e+19,-0.0,279089.281,0.0,0.0,0.0,24607.619,0,1.3516416376850534e+27,223,0.0,446,-74360974999552.0,4.538271724008914e+24,2114,13107,17110,13107,17112,13107,17095,0,0,0,101,100,100,-107615216.0,63.6,2.7302334150594743e+23,64.0,0.0,64.0,1,49,50,180,0,0,0,0,0.0,0.0,0.0,60.0,-0.026,70.5,0.0,7.206000768585323e+20,0.0,1070,0,1070,0,0,0,1071,0,1081,0,996,0,640,0,642,0,638,0,676,0.032,8.005886927989945e+21,0.0,0.0,35088,16812,-0.0,4.620881783926292e+18,-16007202.0,1.7423718529210778e+17,1.0146002859347699e+37,1.6675871054152242e+23,50.0,60.0,35,0.0,0.0,10.0,2.0,0.0,0.0,0.0,0.0,0.0,0.0,0.0,0.0,0.0,0.0,0.0,0.0,58.8,54,11,65509,27,65476,1000,65476,1,0,4,20529,65476,0,0,30147,60.0,0.0,10.0,10.0,2.0,0.0
2026-02-16T12:09:50,ERR,ERR,ERR,ERR,ERR,ERR,ERR,ERR,ERR,ERR,ERR,ERR,ERR,ERR,ERR,ERR,ERR,ERR,ERR,ERR,ERR,ERR,ERR,ERR,ERR,ERR,ERR,ERR,ERR,ERR,ERR,ERR,ERR,ERR,ERR,ERR,ERR,ERR,ERR,ERR,ERR,ERR,ERR,ERR,ERR,ERR,ERR,ERR,ERR,ERR,ERR,ERR,ERR,ERR,ERR,ERR,ERR,ERR,ERR,ERR,ERR,ERR,ERR,ERR,ERR,ERR,ERR,ERR,ERR,ERR,ERR,ERR,ERR,ERR,ERR,ERR,ERR,ERR,ERR,ERR,ERR,ERR,ERR,ERR,ERR,ERR,ERR,ERR,ERR,ERR,ERR,ERR,ERR,ERR,ERR,ERR,ERR,ERR,ERR,ERR,ERR,ERR,ERR,ERR,ERR,ERR,ERR,ERR,ERR,ERR,ERR,ERR,ERR,ERR,ERR,ERR,ERR,ERR,ERR,ERR,ERR,ERR,ERR,ERR,ERR,2.718442270659078e+23,-0.0,-0.0,-0.0,4.160414724153587e+31,26835534479360.0,0.0,-0.0,4300,0,8,17171,4300,-0.0,39,0.0,0.0,-0.0,0.0,-4.925046184806267e+32,0,0,0,0,0.0,0,0,0,0,0,0,0,0,0,0,0,0,0,0,0,0,0,0,0,0,0,0,0,0,0,0,0,0,0,0,0,0,0,8,37,36,44,65476,377,65476,1,0,4,21553,0.0,0.0,363406745927680.0,0.0,0.0,0.0,0.0,0.0,0.0,0.0,0.0,0.0,0.0,0.0,-2.600982585120823e+33,0.0,0.0,0.0,0.0,0.0,0.0,2.004,-0.0,-0.0,-2.004,-3.697075742657269e+19,0.0,0.0,0.0,0.0,6589.0,564149121712128.0,0.0,2.718442270659078e+23,-0.0,0.0,-0.0,0.0,0.0,2.004,2.004,225,-0.0,3.2220245344017747e+26,0.0,0.0,0.0,0.0,0.0,0.0,0.0,0,0,0,-6.245963059846699e+23,-0.0,2.6037504292473117e+28,-9.8534136354777e+37,-0.0,-0.0,1.1404251295074036e+37,3.650832877807133e+24,213607027572736.0,-7.798017939164103e+19,-0.0,279089.281,0.0,0.0,0.0,24607.619,0,1.3516416376850534e+27,223,0.0,446,-74360974999552.0,4.538271724008914e+24,2114,13107,17110,13107,17112,13107,17095,0,0,0,101,100,100,-107615216.0,63.6,2.7302334150594743e+23,64.0,0.0,64.0,1,49,50,180,0,0,0,0,0.0,0.0,0.0,60.0,-0.026,70.5,0.0,7.206000768585323e+20,0.0,1070,0,1070,0,0,0,1071,0,1081,0,996,0,640,0,642,0,638,0,676,0.032,8.005886927989945e+21,0.0,0.0,35088,16812,-0.0,4.620881783926292e+18,-16007202.0,1.7423718529210778e+17,1.0146002859347699e+37,1.6675871054152242e+23,50.0,60.0,35,0.0,0.0,10.0,2.0,0.0,0.0,0.0,0.0,0.0,0.0,0.0,0.0,0.0,0.0,0.0,0.0,58.8,54,11,65509,27,65476,1000,65476,1,0,4,20529,65476,0,0,30147,60.0,0.0,10.0,10.0,2.0,0.0
2026-02-16T12:09:51,ERR,ERR,ERR,ERR,ERR,ERR,ERR,ERR,ERR,ERR,ERR,ERR,ERR,ERR,ERR,ERR,ERR,ERR,ERR,ERR,ERR,ERR,ERR,ERR,ERR,ERR,ERR,ERR,ERR,ERR,ERR,ERR,ERR,ERR,ERR,ERR,ERR,ERR,ERR,ERR,ERR,ERR,ERR,ERR,ERR,ERR,ERR,ERR,ERR,ERR,ERR,ERR,ERR,ERR,ERR,ERR,ERR,ERR,ERR,ERR,ERR,ERR,ERR,ERR,ERR,ERR,ERR,ERR,ERR,ERR,ERR,ERR,ERR,ERR,ERR,ERR,ERR,ERR,ERR,ERR,ERR,ERR,ERR,ERR,ERR,ERR,ERR,ERR,ERR,ERR,ERR,ERR,ERR,ERR,ERR,ERR,ERR,ERR,ERR,ERR,ERR,ERR,ERR,ERR,ERR,ERR,ERR,ERR,ERR,ERR,ERR,ERR,ERR,ERR,ERR,ERR,ERR,ERR,ERR,ERR,ERR,ERR,ERR,ERR,ERR,2.718442270659078e+23,-0.0,-0.0,-0.0,4.160414724153587e+31,26835534479360.0,0.0,-0.0,4300,0,8,17171,4300,-0.0,39,0.0,0.0,-0.0,0.0,-4.925046184806267e+32,0,0,0,0,0.0,0,0,0,0,0,0,0,0,0,0,0,0,0,0,0,0,0,0,0,0,0,0,0,0,0,0,0,0,0,0,0,0,0,8,37,36,44,65476,377,65476,1,0,4,21553,0.0,0.0,363406745927680.0,0.0,0.0,0.0,0.0,0.0,0.0,0.0,0.0,0.0,0.0,0.0,-2.600982585120823e+33,0.0,0.0,0.0,0.0,0.0,0.0,2.004,-0.0,-0.0,-2.004,-3.697075742657269e+19,0.0,0.0,0.0,0.0,6589.0,564149121712128.0,0.0,2.718442270659078e+23,-0.0,0.0,-0.0,0.0,0.0,2.004,2.004,225,-0.0,3.2220245344017747e+26,0.0,0.0,0.0,0.0,0.0,0.0,0.0,0,0,0,-6.245963059846699e+23,-0.0,2.6037504292473117e+28,-9.8534136354777e+37,-0.0,-0.0,1.1404251295074036e+37,3.650832877807133e+24,213607027572736.0,-7.798017939164103e+19,-0.0,279089.281,0.0,0.0,0.0,24607.619,0,1.3516416376850534e+27,223,0.0,446,-74360974999552.0,4.538271724008914e+24,2114,13107,17110,13107,17112,13107,17095,0,0,0,101,100,100,0.0,63.85,2.7302334150594743e+23,64.0,0.0,64.0,1,49,50,180,0,0,0,0,0.0,0.0,0.0,60.0,-0.0,70.5,0.0,0.0,0.0,1070,0,1070,0,0,0,1071,0,1081,0,996,0,640,0,642,0,637,0,675,0.032,8.005886927989945e+21,-2.004,0.0,54672,16812,-0.0,0.0,3.991891180149443e+22,-32814055555072.0,0.0,-7.709269047892219e+23,50.0,60.0,35,0.0,0.0,10.0,2.0,0.0,0.0,0.0,0.0,0.0,0.0,0.0,0.0,0.0,0.0,0.0,0.0,58.8,54,11,65509,27,65476,1000,65476,1,0,4,20529,65476,0,0,30147,60.0,0.0,10.0,10.0,2.0,0.0
2026-02-16T12:09:52,ERR,ERR,ERR,ERR,ERR,ERR,ERR,ERR,ERR,ERR,ERR,ERR,ERR,ERR,ERR,ERR,ERR,ERR,ERR,ERR,ERR,ERR,ERR,ERR,ERR,ERR,ERR,ERR,ERR,ERR,ERR,ERR,ERR,ERR,ERR,ERR,ERR,ERR,ERR,ERR,ERR,ERR,ERR,ERR,ERR,ERR,ERR,ERR,ERR,ERR,ERR,ERR,ERR,ERR,ERR,ERR,ERR,ERR,ERR,ERR,ERR,ERR,ERR,ERR,ERR,ERR,ERR,ERR,ERR,ERR,ERR,ERR,ERR,ERR,ERR,ERR,ERR,ERR,ERR,ERR,ERR,ERR,ERR,ERR,ERR,ERR,ERR,ERR,ERR,ERR,ERR,ERR,ERR,ERR,ERR,ERR,ERR,ERR,ERR,ERR,ERR,ERR,ERR,ERR,ERR,ERR,ERR,ERR,ERR,ERR,ERR,ERR,ERR,ERR,ERR,ERR,ERR,ERR,ERR,ERR,ERR,ERR,ERR,ERR,ERR,2.718442270659078e+23,-0.0,-0.0,-0.0,4.160414724153587e+31,26835534479360.0,0.0,-0.0,4300,0,8,17171,4300,-0.0,39,0.0,0.0,-0.0,0.0,-4.925046184806267e+32,0,0,0,0,0.0,0,0,0,0,0,0,0,0,0,0,0,0,0,0,0,0,0,0,0,0,0,0,0,0,0,0,0,0,0,0,0,0,0,8,37,36,44,65476,377,65476,1,0,4,21553,0.0,0.0,363406745927680.0,0.0,0.0,0.0,0.0,0.0,0.0,0.0,0.0,0.0,0.0,0.0,-2.600982585120823e+33,0.0,0.0,0.0,0.0,0.0,0.0,2.004,-0.0,-0.0,-2.004,-3.697075742657269e+19,0.0,0.0,0.0,0.0,6589.0,564149121712128.0,0.0,2.718442270659078e+23,-0.0,0.0,-0.0,0.0,0.0,2.004,2.004,225,-0.0,3.2220245344017747e+26,0.0,0.0,0.0,0.0,0.0,0.0,0.0,0,0,0,-6.245963059846699e+23,-0.0,2.6037504292473117e+28,-9.8534136354777e+37,-0.0,-0.0,1.1404251295074036e+37,3.650832877807133e+24,213607027572736.0,-7.798017939164103e+19,-0.0,279089.281,0.0,0.0,0.0,24607.619,0,1.3516416376850534e+27,223,0.0,446,-74360974999552.0,4.538271724008914e+24,2114,13107,17110,13107,17112,13107,17095,0,0,0,101,100,100,0.0,63.85,2.7302334150594743e+23,64.0,0.0,64.0,1,49,50,180,0,0,0,0,0.0,0.0,0.0,60.0,-0.0,70.5,0.0,0.0,0.0,1070,0,1070,0,0,0,1071,0,1081,0,996,0,640,0,642,0,637,0,675,0.032,8.005886927989945e+21,-2.004,0.0,54672,16812,-0.0,0.0,3.991891180149443e+22,-32814055555072.0,0.0,-7.709269047892219e+23,50.0,60.0,35,0.0,0.0,10.0,2.0,0.0,0.0,0.0,0.0,0.0,0.0,0.0,0.0,0.0,0.0,0.0,0.0,58.8,54,11,65509,27,65476,1000,65476,1,0,4,20529,65476,0,0,30147,60.0,0.0,10.0,10.0,2.0,0.0
2026-02-16T12:09:53,ERR,ERR,ERR,ERR,ERR,ERR,ERR,ERR,ERR,ERR,ERR,ERR,ERR,ERR,ERR,ERR,ERR,ERR,ERR,ERR,ERR,ERR,ERR,ERR,ERR,ERR,ERR,ERR,ERR,ERR,ERR,ERR,ERR,ERR,ERR,ERR,ERR,ERR,ERR,ERR,ERR,ERR,ERR,ERR,ERR,ERR,ERR,ERR,ERR,ERR,ERR,ERR,ERR,ERR,ERR,ERR,ERR,ERR,ERR,ERR,ERR,ERR,ERR,ERR,ERR,ERR,ERR,ERR,ERR,ERR,ERR,ERR,ERR,ERR,ERR,ERR,ERR,ERR,ERR,ERR,ERR,ERR,ERR,ERR,ERR,ERR,ERR,ERR,ERR,ERR,ERR,ERR,ERR,ERR,ERR,ERR,ERR,ERR,ERR,ERR,ERR,ERR,ERR,ERR,ERR,ERR,ERR,ERR,ERR,ERR,ERR,ERR,ERR,ERR,ERR,ERR,ERR,ERR,ERR,ERR,ERR,ERR,ERR,ERR,ERR,2.718442270659078e+23,-0.0,-0.0,-0.0,4.160414724153587e+31,26835534479360.0,0.0,-0.0,4300,0,8,17171,4300,-0.0,39,0.0,0.0,-0.0,0.0,-4.925046184806267e+32,0,0,0,0,0.0,0,0,0,0,0,0,0,0,0,0,0,0,0,0,0,0,0,0,0,0,0,0,0,0,0,0,0,0,0,0,0,0,0,8,37,36,44,65476,377,65476,1,0,4,21553,0.0,0.0,363406745927680.0,0.0,0.0,0.0,0.0,0.0,0.0,0.0,0.0,0.0,0.0,0.0,-2.600982585120823e+33,0.0,0.0,0.0,0.0,0.0,0.0,2.004,-0.0,-0.0,-2.004,-3.697075742657269e+19,0.0,0.0,0.0,0.0,6589.0,564149121712128.0,0.0,2.718442270659078e+23,-0.0,0.0,-0.0,0.0,0.0,2.004,2.004,225,-0.0,3.2220245344017747e+26,0.0,0.0,0.0,0.0,0.0,0.0,0.0,0,0,0,-6.245963059846699e+23,-0.0,2.6037504292473117e+28,-9.8534136354777e+37,-0.0,-0.0,1.1404251295074036e+37,3.650832877807133e+24,213607027572736.0,-7.798017939164103e+19,-0.0,279089.281,0.0,0.0,0.0,24607.619,0,1.3516416376850534e+27,223,0.0,446,-74360974999552.0,4.538271724008914e+24,2114,13107,17110,13107,17112,13107,17095,0,0,0,101,100,100,0.0,63.85,2.7302334150594743e+23,64.0,0.0,64.0,1,49,50,180,0,0,0,0,0.0,0.0,0.0,60.0,-0.0,70.5,0.0,0.0,0.0,1070,0,1070,0,0,0,1071,0,1081,0,996,0,640,0,642,0,637,0,675,0.032,8.005886927989945e+21,-2.004,0.0,54672,16812,-0.0,0.0,3.991891180149443e+22,-32814055555072.0,0.0,-7.709269047892219e+23,50.0,60.0,35,0.0,0.0,10.0,2.0,0.0,0.0,0.0,0.0,0.0,0.0,0.0,0.0,0.0,0.0,0.0,0.0,58.8,54,11,65509,27,65476,1000,65476,1,0,4,20529,65476,0,0,30147,60.0,0.0,10.0,10.0,2.0,0.0
2026-02-16T12:09:54,ERR,ERR,ERR,ERR,ERR,ERR,ERR,ERR,ERR,ERR,ERR,ERR,ERR,ERR,ERR,ERR,ERR,ERR,ERR,ERR,ERR,ERR,ERR,ERR,ERR,ERR,ERR,ERR,ERR,ERR,ERR,ERR,ERR,ERR,ERR,ERR,ERR,ERR,ERR,ERR,ERR,ERR,ERR,ERR,ERR,ERR,ERR,ERR,ERR,ERR,ERR,ERR,ERR,ERR,ERR,ERR,ERR,ERR,ERR,ERR,ERR,ERR,ERR,ERR,ERR,ERR,ERR,ERR,ERR,ERR,ERR,ERR,ERR,ERR,ERR,ERR,ERR,ERR,ERR,ERR,ERR,ERR,ERR,ERR,ERR,ERR,ERR,ERR,ERR,ERR,ERR,ERR,ERR,ERR,ERR,ERR,ERR,ERR,ERR,ERR,ERR,ERR,ERR,ERR,ERR,ERR,ERR,ERR,ERR,ERR,ERR,ERR,ERR,ERR,ERR,ERR,ERR,ERR,ERR,ERR,ERR,ERR,ERR,ERR,ERR,2.718442270659078e+23,-0.0,-0.0,-0.0,4.160414724153587e+31,289288.625,0.0,-0.0,4300,0,8,17171,4300,-0.0,39,0.0,0.0,-0.0,0.0,-4.925046184806267e+32,0,0,0,0,0.0,0,0,0,0,0,0,0,0,0,0,0,0,0,0,0,0,0,0,0,0,0,0,0,0,0,0,0,0,0,0,0,0,0,8,37,36,44,65476,378,65476,1,0,4,21553,0.0,0.0,1.1448889828277108e+21,0.0,0.0,0.0,0.0,0.0,0.0,0.0,0.0,0.0,0.0,0.0,0.0,0.0,0.0,0.0,0.0,0.0,0.0,2.004,-0.0,-0.0,-2.004,-3.697075742657269e+19,0.0,0.0,0.0,0.0,6585.0,-0.0,0.0,2.718442270659078e+23,-0.0,0.0,-0.0,0.0,0.0,2.004,2.004,224,4.066853280225235e+29,-0.0,0.0,0.0,0.0,0.0,0.0,0.0,0.0,0,0,0,-1.0817962457637773e+23,2356.12,1.0876992939393569e+23,1.4543111607598048e+34,-0.0,1.8511653001016595e+28,5.776483548438687e+31,0.0,-0.251,-8.489770841928211e+19,-0.0,305713.281,0.0,0.0,0.0,0.0,0,1.3516416376850534e+27,224,0.0,448,-0.0,0.0,2114,13107,17110,13107,17112,13107,17095,0,0,0,101,100,100,-107615216.0,63.6,2.7302334150594743e+23,64.0,0.0,64.0,1,49,50,180,0,0,0,0,0.0,0.0,0.0,60.0,-21509728256.0,70.5,0.0,-0.141,0.0,1070,0,1071,0,0,0,1071,0,1081,0,996,0,640,0,642,0,637,0,675,0.032,8.005886927989945e+21,-2.004,0.0,400,16813,-21509728256.0,-0.141,1.3555113034231159e+26,-0.0,0.0,-2.8379790512190088e+29,50.0,60.0,35,0.0,0.0,10.0,2.0,0.0,0.0,0.0,0.0,0.0,0.0,0.0,0.0,0.0,0.0,0.0,0.0,58.8,54,11,65509,27,65476,1000,65476,1,0,4,20529,65476,0,0,30147,60.0,0.0,10.0,10.0,2.0,0.0
2026-02-16T12:09:55,ERR,ERR,ERR,ERR,ERR,ERR,ERR,ERR,ERR,ERR,ERR,ERR,ERR,ERR,ERR,ERR,ERR,ERR,ERR,ERR,ERR,ERR,ERR,ERR,ERR,ERR,ERR,ERR,ERR,ERR,ERR,ERR,ERR,ERR,ERR,ERR,ERR,ERR,ERR,ERR,ERR,ERR,ERR,ERR,ERR,ERR,ERR,ERR,ERR,ERR,ERR,ERR,ERR,ERR,ERR,ERR,ERR,ERR,ERR,ERR,ERR,ERR,ERR,ERR,ERR,ERR,ERR,ERR,ERR,ERR,ERR,ERR,ERR,ERR,ERR,ERR,ERR,ERR,ERR,ERR,ERR,ERR,ERR,ERR,ERR,ERR,ERR,ERR,ERR,ERR,ERR,ERR,ERR,ERR,ERR,ERR,ERR,ERR,ERR,ERR,ERR,ERR,ERR,ERR,ERR,ERR,ERR,ERR,ERR,ERR,ERR,ERR,ERR,ERR,ERR,ERR,ERR,ERR,ERR,ERR,ERR,ERR,ERR,ERR,ERR,2.718442270659078e+23,-0.0,-0.0,-0.0,4.160414724153587e+31,289288.625,0.0,-0.0,4300,0,8,17171,4300,-0.0,39,0.0,0.0,-0.0,0.0,-4.925046184806267e+32,0,0,0,0,0.0,0,0,0,0,0,0,0,0,0,0,0,0,0,0,0,0,0,0,0,0,0,0,0,0,0,0,0,0,0,0,0,0,0,8,37,36,44,65476,378,65476,1,0,4,21553,0.0,0.0,1.1448889828277108e+21,0.0,0.0,0.0,0.0,0.0,0.0,0.0,0.0,0.0,0.0,0.0,0.0,0.0,0.0,0.0,0.0,0.0,0.0,2.004,-0.0,-0.0,-2.004,-3.697075742657269e+19,0.0,0.0,0.0,0.0,6585.0,-0.0,0.0,2.718442270659078e+23,-0.0,0.0,-0.0,0.0,0.0,2.004,2.004,224,4.066853280225235e+29,-0.0,0.0,0.0,0.0,0.0,0.0,0.0,0.0,0,0,0,-1.0817962457637773e+23,2356.12,1.0876992939393569e+23,1.4543111607598048e+34,-0.0,1.8511653001016595e+28,5.776483548438687e+31,0.0,-0.251,-8.489770841928211e+19,-0.0,305713.281,0.0,0.0,0.0,0.0,0,1.3516416376850534e+27,224,0.0,448,-0.0,0.0,2114,13107,17110,13107,17112,13107,17095,0,0,0,101,100,100,-107615216.0,63.6,2.7302334150594743e+23,64.0,0.0,64.0,1,49,50,180,0,0,0,0,0.0,0.0,0.0,60.0,-21509728256.0,70.5,0.0,-0.141,0.0,1070,0,1071,0,0,0,1071,0,1081,0,996,0,640,0,642,0,637,0,675,0.032,8.005886927989945e+21,-2.004,0.0,400,16813,-21509728256.0,-0.141,1.3555113034231159e+26,-0.0,0.0,-2.8379790512190088e+29,50.0,60.0,35,0.0,0.0,10.0,2.0,0.0,0.0,0.0,0.0,0.0,0.0,0.0,0.0,0.0,0.0,0.0,0.0,58.8,54,11,65509,27,65476,1000,65476,1,0,4,20529,65476,0,0,30147,60.0,0.0,10.0,10.0,2.0,0.0
2026-02-16T12:09:56,ERR,ERR,ERR,ERR,ERR,ERR,ERR,ERR,ERR,ERR,ERR,ERR,ERR,ERR,ERR,ERR,ERR,ERR,ERR,ERR,ERR,ERR,ERR,ERR,ERR,ERR,ERR,ERR,ERR,ERR,ERR,ERR,ERR,ERR,ERR,ERR,ERR,ERR,ERR,ERR,ERR,ERR,ERR,ERR,ERR,ERR,ERR,ERR,ERR,ERR,ERR,ERR,ERR,ERR,ERR,ERR,ERR,ERR,ERR,ERR,ERR,ERR,ERR,ERR,ERR,ERR,ERR,ERR,ERR,ERR,ERR,ERR,ERR,ERR,ERR,ERR,ERR,ERR,ERR,ERR,ERR,ERR,ERR,ERR,ERR,ERR,ERR,ERR,ERR,ERR,ERR,ERR,ERR,ERR,ERR,ERR,ERR,ERR,ERR,ERR,ERR,ERR,ERR,ERR,ERR,ERR,ERR,ERR,ERR,ERR,ERR,ERR,ERR,ERR,ERR,ERR,ERR,ERR,ERR,ERR,ERR,ERR,ERR,ERR,ERR,2.718442270659078e+23,-0.0,-0.0,-0.0,4.160414724153587e+31,289288.625,0.0,-0.0,4300,0,8,17171,4300,-0.0,39,0.0,0.0,-0.0,0.0,-4.925046184806267e+32,0,0,0,0,0.0,0,0,0,0,0,0,0,0,0,0,0,0,0,0,0,0,0,0,0,0,0,0,0,0,0,0,0,0,0,0,0,0,0,8,37,36,44,65476,378,65476,1,0,4,21553,0.0,0.0,1.1448889828277108e+21,0.0,0.0,0.0,0.0,0.0,0.0,0.0,0.0,0.0,0.0,0.0,0.0,0.0,0.0,0.0,0.0,0.0,0.0,2.004,-0.0,-0.0,-2.004,-3.697075742657269e+19,0.0,0.0,0.0,0.0,6585.0,-0.0,0.0,2.718442270659078e+23,-0.0,0.0,-0.0,0.0,0.0,2.004,2.004,224,4.066853280225235e+29,-0.0,0.0,0.0,0.0,0.0,0.0,0.0,0.0,0,0,0,-1.0817962457637773e+23,2356.12,1.0876992939393569e+23,1.4543111607598048e+34,-0.0,1.8511653001016595e+28,5.776483548438687e+31,0.0,-0.251,-8.489770841928211e+19,-0.0,305713.281,0.0,0.0,0.0,0.0,0,1.3516416376850534e+27,224,0.0,448,-0.0,0.0,2114,13107,17110,13107,17112,13107,17095,0,0,0,101,100,100,-107615216.0,63.6,2.7302334150594743e+23,64.0,0.0,64.0,1,49,50,180,0,0,0,0,0.0,0.0,0.0,60.0,-21509728256.0,70.5,0.0,-0.141,0.0,1070,0,1071,0,0,0,1071,0,1081,0,996,0,640,0,642,0,637,0,675,0.032,8.005886927989945e+21,-2.004,0.0,400,16813,-21509728256.0,-0.141,1.3555113034231159e+26,-0.0,0.0,-2.8379790512190088e+29,50.0,60.0,35,0.0,0.0,10.0,2.0,0.0,0.0,0.0,0.0,0.0,0.0,0.0,0.0,0.0,0.0,0.0,0.0,59.2,54,12,65509,27,65476,1000,65476,1,0,4,20529,65476,0,0,30147,60.0,0.0,10.0,10.0,2.0,0.0
2026-02-16T12:09:57,ERR,ERR,ERR,ERR,ERR,ERR,ERR,ERR,ERR,ERR,ERR,ERR,ERR,ERR,ERR,ERR,ERR,ERR,ERR,ERR,ERR,ERR,ERR,ERR,ERR,ERR,ERR,ERR,ERR,ERR,ERR,ERR,ERR,ERR,ERR,ERR,ERR,ERR,ERR,ERR,ERR,ERR,ERR,ERR,ERR,ERR,ERR,ERR,ERR,ERR,ERR,ERR,ERR,ERR,ERR,ERR,ERR,ERR,ERR,ERR,ERR,ERR,ERR,ERR,ERR,ERR,ERR,ERR,ERR,ERR,ERR,ERR,ERR,ERR,ERR,ERR,ERR,ERR,ERR,ERR,ERR,ERR,ERR,ERR,ERR,ERR,ERR,ERR,ERR,ERR,ERR,ERR,ERR,ERR,ERR,ERR,ERR,ERR,ERR,ERR,ERR,ERR,ERR,ERR,ERR,ERR,ERR,ERR,ERR,ERR,ERR,ERR,ERR,ERR,ERR,ERR,ERR,ERR,ERR,ERR,ERR,ERR,ERR,ERR,ERR,2.718442270659078e+23,-0.0,-0.0,-0.0,4.160414724153587e+31,289288.625,0.0,-0.0,4300,0,8,17171,4300,-0.0,39,0.0,0.0,-0.0,0.0,-4.925046184806267e+32,0,0,0,0,0.0,0,0,0,0,0,0,0,0,0,0,0,0,0,0,0,0,0,0,0,0,0,0,0,0,0,0,0,0,0,0,0,0,0,8,37,36,44,65476,378,65476,1,0,4,21553,0.0,0.0,1.1448889828277108e+21,0.0,0.0,0.0,0.0,0.0,0.0,0.0,0.0,0.0,0.0,0.0,0.0,0.0,0.0,0.0,0.0,0.0,0.0,2.004,-0.0,-0.0,-2.004,-3.697075742657269e+19,0.0,0.0,0.0,0.0,6585.0,-0.0,0.0,2.718442270659078e+23,-0.0,0.0,-0.0,0.0,0.0,2.004,2.004,224,4.066853280225235e+29,-0.0,0.0,0.0,0.0,0.0,0.0,0.0,0.0,0,0,0,-1.0817962457637773e+23,2356.12,1.0876992939393569e+23,1.4543111607598048e+34,-0.0,1.8511653001016595e+28,5.776483548438687e+31,0.0,-0.251,-8.489770841928211e+19,-0.0,305713.281,0.0,0.0,0.0,0.0,0,1.3516416376850534e+27,224,0.0,448,-0.0,0.0,2114,13107,17110,13107,17112,13107,17095,0,0,0,101,100,100,-107615216.0,63.6,2.7302334150594743e+23,64.0,0.0,64.0,1,49,50,180,0,0,0,0,0.0,0.0,0.0,60.0,-5.776315260285747e+17,70.5,0.0,-0.0,0.0,1070,0,1070,0,0,0,1071,0,1081,0,996,0,640,0,642,0,637,0,675,0.032,8.005886927989945e+21,-2.004,0.0,1424,16813,-7.431298375707787e+18,-0.0,-0.001,2.06314835490731e+32,1.755459724229105e+30,1.7856783517640294e+18,50.0,60.0,35,0.0,0.0,10.0,2.0,0.0,0.0,0.0,0.0,0.0,0.0,0.0,0.0,0.0,0.0,0.0,0.0,59.2,54,12,65509,27,65476,1000,65476,1,0,4,20529,65476,0,0,30147,60.0,0.0,10.0,10.0,2.0,0.0
2026-02-16T12:09:58,ERR,ERR,ERR,ERR,ERR,ERR,ERR,ERR,ERR,ERR,ERR,ERR,ERR,ERR,ERR,ERR,ERR,ERR,ERR,ERR,ERR,ERR,ERR,ERR,ERR,ERR,ERR,ERR,ERR,ERR,ERR,ERR,ERR,ERR,ERR,ERR,ERR,ERR,ERR,ERR,ERR,ERR,ERR,ERR,ERR,ERR,ERR,ERR,ERR,ERR,ERR,ERR,ERR,ERR,ERR,ERR,ERR,ERR,ERR,ERR,ERR,ERR,ERR,ERR,ERR,ERR,ERR,ERR,ERR,ERR,ERR,ERR,ERR,ERR,ERR,ERR,ERR,ERR,ERR,ERR,ERR,ERR,ERR,ERR,ERR,ERR,ERR,ERR,ERR,ERR,ERR,ERR,ERR,ERR,ERR,ERR,ERR,ERR,ERR,ERR,ERR,ERR,ERR,ERR,ERR,ERR,ERR,ERR,ERR,ERR,ERR,ERR,ERR,ERR,ERR,ERR,ERR,ERR,ERR,ERR,ERR,ERR,ERR,ERR,ERR,2.718442270659078e+23,-0.0,-0.0,-0.0,4.160414724153587e+31,289288.625,0.0,-0.0,4300,0,8,17171,4300,-0.0,39,0.0,0.0,-0.0,0.0,-4.925046184806267e+32,0,0,0,0,0.0,0,0,0,0,0,0,0,0,0,0,0,0,0,0,0,0,0,0,0,0,0,0,0,0,0,0,0,0,0,0,0,0,0,8,37,36,44,65476,378,65476,1,0,4,21553,0.0,0.0,1.1448889828277108e+21,0.0,0.0,0.0,0.0,0.0,0.0,0.0,0.0,0.0,0.0,0.0,0.0,0.0,0.0,0.0,0.0,0.0,0.0,2.004,-0.0,-0.0,-2.004,-3.697075742657269e+19,0.0,0.0,0.0,0.0,6585.0,-0.0,0.0,2.718442270659078e+23,-0.0,0.0,-0.0,0.0,0.0,2.004,2.004,224,4.066853280225235e+29,-0.0,0.0,0.0,0.0,0.0,0.0,0.0,0.0,0,0,0,-1.0817962457637773e+23,2356.12,1.0876992939393569e+23,1.4543111607598048e+34,-0.0,1.8511653001016595e+28,5.776483548438687e+31,0.0,-0.251,-8.489770841928211e+19,-0.0,305713.281,0.0,0.0,0.0,0.0,0,1.3516416376850534e+27,224,0.0,448,-0.0,0.0,2114,13107,17110,13107,17112,13107,17095,0,0,0,101,100,100,-107615216.0,63.6,2.7302334150594743e+23,64.0,0.0,64.0,1,49,50,180,0,0,0,0,0.0,0.0,0.0,60.0,-5.776315260285747e+17,70.5,0.0,-0.0,0.0,1070,0,1070,0,0,0,1071,0,1081,0,996,0,640,0,642,0,637,0,675,0.032,8.005886927989945e+21,-2.004,0.0,1424,16813,-7.431298375707787e+18,-0.0,-0.001,2.06314835490731e+32,1.755459724229105e+30,1.7856783517640294e+18,50.0,60.0,35,0.0,0.0,10.0,2.0,0.0,0.0,0.0,0.0,0.0,0.0,0.0,0.0,0.0,0.0,0.0,0.0,58.8,54,12,65509,27,65476,1000,65476,1,0,4,20529,65476,0,0,30147,60.0,0.0,10.0,10.0,2.0,0.0
2026-02-16T12:09:59,ERR,ERR,ERR,ERR,ERR,ERR,ERR,ERR,ERR,ERR,ERR,ERR,ERR,ERR,ERR,ERR,ERR,ERR,ERR,ERR,ERR,ERR,ERR,ERR,ERR,ERR,ERR,ERR,ERR,ERR,ERR,ERR,ERR,ERR,ERR,ERR,ERR,ERR,ERR,ERR,ERR,ERR,ERR,ERR,ERR,ERR,ERR,ERR,ERR,ERR,ERR,ERR,ERR,ERR,ERR,ERR,ERR,ERR,ERR,ERR,ERR,ERR,ERR,ERR,ERR,ERR,ERR,ERR,ERR,ERR,ERR,ERR,ERR,ERR,ERR,ERR,ERR,ERR,ERR,ERR,ERR,ERR,ERR,ERR,ERR,ERR,ERR,ERR,ERR,ERR,ERR,ERR,ERR,ERR,ERR,ERR,ERR,ERR,ERR,ERR,ERR,ERR,ERR,ERR,ERR,ERR,ERR,ERR,ERR,ERR,ERR,ERR,ERR,ERR,ERR,ERR,ERR,ERR,ERR,ERR,ERR,ERR,ERR,ERR,ERR,2.718442270659078e+23,-0.0,-0.0,-0.0,4.160414724153587e+31,0.0,-0.0,-1.4821461539005398e+27,4300,0,8,17171,4300,14654997790720.0,39,0.0,0.0,-0.0,0.0,-4.925046184806267e+32,0,0,0,0,0.0,0,0,0,0,0,0,0,0,0,0,0,0,0,0,0,0,0,0,0,0,0,0,0,0,0,0,0,0,0,0,0,0,0,8,37,36,44,65476,376,65476,1,0,4,21553,0.0,0.0,1850.066,0.0,0.0,0.0,0.0,0.0,0.0,0.0,0.0,0.0,0.0,0.0,0.0,0.0,0.0,0.0,0.0,0.0,0.0,2.004,-0.0,-0.0,-2.004,-3.697075742657269e+19,0.0,0.0,0.0,0.0,6622.0,0.0,0.0,2.718442270659078e+23,-0.0,0.0,-0.0,0.0,0.0,2.004,2.004,224,-71.629,-2.3088384307314767e+20,0.0,0.0,0.0,0.0,0.0,0.0,0.0,0,0,0,-4168.429,-7048.241,6.664,-0.0,769.054,11627113472.0,-0.0,6.2378566581663215e+35,0.0,-9.239169819922661e+19,-0.0,328241.281,0.0,0.0,0.0,-1007668992.0,0,1.3516416376850534e+27,224,0.0,448,-74360974999552.0,4.538271724008914e+24,2114,13107,17110,13107,17112,13107,17095,0,0,0,101,100,100,-107615216.0,63.6,2.7302334150594743e+23,64.0,0.0,64.0,1,49,50,180,0,0,0,0,0.0,0.0,0.0,60.0,-5.776315260285747e+17,70.5,0.0,-0.0,0.0,1070,0,1070,0,0,0,1071,0,1081,0,996,0,640,0,642,0,637,0,675,0.032,8.005886927989945e+21,-2.004,0.0,1424,16813,-7.431298375707787e+18,-0.0,-0.001,2.06314835490731e+32,1.755459724229105e+30,1.7856783517640294e+18,50.0,60.0,35,0.0,0.0,10.0,2.0,0.0,0.0,0.0,0.0,0.0,0.0,0.0,0.0,0.0,0.0,0.0,0.0,58.8,54,12,65509,27,65476,1000,65476,1,0,4,20529,65476,0,0,30147,60.0,0.0,10.0,10.0,2.0,0.0
2026-02-16T12:10:00,ERR,ERR,ERR,ERR,ERR,ERR,ERR,ERR,ERR,ERR,ERR,ERR,ERR,ERR,ERR,ERR,ERR,ERR,ERR,ERR,ERR,ERR,ERR,ERR,ERR,ERR,ERR,ERR,ERR,ERR,ERR,ERR,ERR,ERR,ERR,ERR,ERR,ERR,ERR,ERR,ERR,ERR,ERR,ERR,ERR,ERR,ERR,ERR,ERR,ERR,ERR,ERR,ERR,ERR,ERR,ERR,ERR,ERR,ERR,ERR,ERR,ERR,ERR,ERR,ERR,ERR,ERR,ERR,ERR,ERR,ERR,ERR,ERR,ERR,ERR,ERR,ERR,ERR,ERR,ERR,ERR,ERR,ERR,ERR,ERR,ERR,ERR,ERR,ERR,ERR,ERR,ERR,ERR,ERR,ERR,ERR,ERR,ERR,ERR,ERR,ERR,ERR,ERR,ERR,ERR,ERR,ERR,ERR,ERR,ERR,ERR,ERR,ERR,ERR,ERR,ERR,ERR,ERR,ERR,ERR,ERR,ERR,ERR,ERR,ERR,2.718442270659078e+23,-0.0,-0.0,-0.0,4.160414724153587e+31,0.0,-0.0,-1.4821461539005398e+27,4300,0,8,17171,4300,14654997790720.0,39,0.0,0.0,-0.0,0.0,-4.925046184806267e+32,0,0,0,0,0.0,0,0,0,0,0,0,0,0,0,0,0,0,0,0,0,0,0,0,0,0,0,0,0,0,0,0,0,0,0,0,0,0,0,8,37,36,44,65476,376,65476,1,0,4,21553,0.0,0.0,1850.066,0.0,0.0,0.0,0.0,0.0,0.0,0.0,0.0,0.0,0.0,0.0,0.0,0.0,0.0,0.0,0.0,0.0,0.0,2.004,-0.0,-0.0,-2.004,-3.697075742657269e+19,0.0,0.0,0.0,0.0,6622.0,0.0,0.0,2.718442270659078e+23,-0.0,0.0,-0.0,0.0,0.0,2.004,2.004,224,-71.629,-2.3088384307314767e+20,0.0,0.0,0.0,0.0,0.0,0.0,0.0,0,0,0,-4168.429,-7048.241,6.664,-0.0,769.054,11627113472.0,-0.0,6.2378566581663215e+35,0.0,-9.239169819922661e+19,-0.0,328241.281,0.0,0.0,0.0,-1007668992.0,0,1.3516416376850534e+27,224,0.0,448,-74360974999552.0,4.538271724008914e+24,2114,13107,17110,13107,17112,13107,17095,0,0,0,101,100,100,-107615216.0,63.6,2.7302334150594743e+23,64.0,0.0,64.0,1,49,50,180,0,0,0,0,0.0,0.0,0.0,60.0,-5.776315260285747e+17,70.5,0.0,-0.0,0.0,1070,0,1070,0,0,0,1071,0,1081,0,996,0,640,0,642,0,637,0,675,0.032,8.005886927989945e+21,-2.004,0.0,1424,16813,-7.431298375707787e+18,-0.0,-0.001,2.06314835490731e+32,1.755459724229105e+30,1.7856783517640294e+18,50.0,60.0,35,0.0,0.0,10.0,2.0,0.0,0.0,0.0,0.0,0.0,0.0,0.0,0.0,0.0,0.0,0.0,0.0,58.8,54,12,65509,27,65476,1000,65476,1,0,4,20529,65476,0,0,30147,60.0,0.0,10.0,10.0,2.0,0.0
2026-02-16T12:10:01,ERR,ERR,ERR,ERR,ERR,ERR,ERR,ERR,ERR,ERR,ERR,ERR,ERR,ERR,ERR,ERR,ERR,ERR,ERR,ERR,ERR,ERR,ERR,ERR,ERR,ERR,ERR,ERR,ERR,ERR,ERR,ERR,ERR,ERR,ERR,ERR,ERR,ERR,ERR,ERR,ERR,ERR,ERR,ERR,ERR,ERR,ERR,ERR,ERR,ERR,ERR,ERR,ERR,ERR,ERR,ERR,ERR,ERR,ERR,ERR,ERR,ERR,ERR,ERR,ERR,ERR,ERR,ERR,ERR,ERR,ERR,ERR,ERR,ERR,ERR,ERR,ERR,ERR,ERR,ERR,ERR,ERR,ERR,ERR,ERR,ERR,ERR,ERR,ERR,ERR,ERR,ERR,ERR,ERR,ERR,ERR,ERR,ERR,ERR,ERR,ERR,ERR,ERR,ERR,ERR,ERR,ERR,ERR,ERR,ERR,ERR,ERR,ERR,ERR,ERR,ERR,ERR,ERR,ERR,ERR,ERR,ERR,ERR,ERR,ERR,2.718442270659078e+23,-0.0,-0.0,-0.0,4.160414724153587e+31,0.0,-0.0,-1.4821461539005398e+27,4300,0,8,17171,4300,14654997790720.0,39,0.0,0.0,-0.0,0.0,-4.925046184806267e+32,0,0,0,0,0.0,0,0,0,0,0,0,0,0,0,0,0,0,0,0,0,0,0,0,0,0,0,0,0,0,0,0,0,0,0,0,0,0,0,8,37,36,44,65476,376,65476,1,0,4,21553,0.0,0.0,1850.066,0.0,0.0,0.0,0.0,0.0,0.0,0.0,0.0,0.0,0.0,0.0,0.0,0.0,0.0,0.0,0.0,0.0,0.0,2.004,-0.0,-0.0,-2.004,-3.697075742657269e+19,0.0,0.0,0.0,0.0,6622.0,0.0,0.0,2.718442270659078e+23,-0.0,0.0,-0.0,0.0,0.0,2.004,2.004,224,-71.629,-2.3088384307314767e+20,0.0,0.0,0.0,0.0,0.0,0.0,0.0,0,0,0,-4168.429,-7048.241,6.664,-0.0,769.054,11627113472.0,-0.0,6.2378566581663215e+35,0.0,-9.239169819922661e+19,-0.0,328241.281,0.0,0.0,0.0,-1007668992.0,0,1.3516416376850534e+27,224,0.0,448,-74360974999552.0,4.538271724008914e+24,2114,13107,17110,13107,17112,13107,17095,0,0,0,101,100,100,0.0,63.85,2.7302334150594743e+23,64.0,0.0,64.0,1,49,50,180,0,0,0,0,0.0,0.0,0.0,60.0,-8.892481489154657e+19,70.5,0.0,-30835372.0,0.0,1070,0,1070,0,0,0,1071,0,1081,0,996,0,640,0,642,0,638,0,675,0.032,8.005886927989945e+21,-2.004,0.0,57744,16812,-2.705818444313395e+16,-30835372.0,-470287424.0,1998.03,-0.0,6.818346344992991e+27,50.0,60.0,35,0.0,0.0,10.0,2.0,0.0,0.0,0.0,0.0,0.0,0.0,0.0,0.0,0.0,0.0,0.0,0.0,58.8,54,12,65509,27,65476,1000,65476,1,0,4,20529,65476,0,0,30147,60.0,0.0,10.0,10.0,2.0,0.0
2026-02-16T12:10:02,ERR,ERR,ERR,ERR,ERR,ERR,ERR,ERR,ERR,ERR,ERR,ERR,ERR,ERR,ERR,ERR,ERR,ERR,ERR,ERR,ERR,ERR,ERR,ERR,ERR,ERR,ERR,ERR,ERR,ERR,ERR,ERR,ERR,ERR,ERR,ERR,ERR,ERR,ERR,ERR,ERR,ERR,ERR,ERR,ERR,ERR,ERR,ERR,ERR,ERR,ERR,ERR,ERR,ERR,ERR,ERR,ERR,ERR,ERR,ERR,ERR,ERR,ERR,ERR,ERR,ERR,ERR,ERR,ERR,ERR,ERR,ERR,ERR,ERR,ERR,ERR,ERR,ERR,ERR,ERR,ERR,ERR,ERR,ERR,ERR,ERR,ERR,ERR,ERR,ERR,ERR,ERR,ERR,ERR,ERR,ERR,ERR,ERR,ERR,ERR,ERR,ERR,ERR,ERR,ERR,ERR,ERR,ERR,ERR,ERR,ERR,ERR,ERR,ERR,ERR,ERR,ERR,ERR,ERR,ERR,ERR,ERR,ERR,ERR,ERR,2.718442270659078e+23,-0.0,-0.0,-0.0,4.160414724153587e+31,0.0,-0.0,-1.4821461539005398e+27,4300,0,8,17171,4300,14654997790720.0,39,0.0,0.0,-0.0,0.0,-4.925046184806267e+32,0,0,0,0,0.0,0,0,0,0,0,0,0,0,0,0,0,0,0,0,0,0,0,0,0,0,0,0,0,0,0,0,0,0,0,0,0,0,0,8,37,36,44,65476,376,65476,1,0,4,21553,0.0,0.0,1850.066,0.0,0.0,0.0,0.0,0.0,0.0,0.0,0.0,0.0,0.0,0.0,0.0,0.0,0.0,0.0,0.0,0.0,0.0,2.004,-0.0,-0.0,-2.004,-3.697075742657269e+19,0.0,0.0,0.0,0.0,6622.0,0.0,0.0,2.718442270659078e+23,-0.0,0.0,-0.0,0.0,0.0,2.004,2.004,224,-71.629,-2.3088384307314767e+20,0.0,0.0,0.0,0.0,0.0,0.0,0.0,0,0,0,-4168.429,-7048.241,6.664,-0.0,769.054,11627113472.0,-0.0,6.2378566581663215e+35,0.0,-9.239169819922661e+19,-0.0,328241.281,0.0,0.0,0.0,-1007668992.0,0,1.3516416376850534e+27,224,0.0,448,-74360974999552.0,4.538271724008914e+24,2114,13107,17110,13107,17112,13107,17095,0,0,0,101,100,100,0.0,63.85,2.7302334150594743e+23,64.0,0.0,64.0,1,49,50,180,0,0,0,0,0.0,0.0,0.0,60.0,-8.892481489154657e+19,70.5,0.0,-30835372.0,0.0,1070,0,1070,0,0,0,1071,0,1081,0,996,0,640,0,642,0,638,0,675,0.032,8.005886927989945e+21,-2.004,0.0,57744,16812,-2.705818444313395e+16,-30835372.0,-470287424.0,1998.03,-0.0,6.818346344992991e+27,50.0,60.0,35,0.0,0.0,10.0,2.0,0.0,0.0,0.0,0.0,0.0,0.0,0.0,0.0,0.0,0.0,0.0,0.0,58.8,54,12,65509,27,65476,1000,65476,1,0,4,20529,65476,0,0,30147,60.0,0.0,10.0,10.0,2.0,0.0
2026-02-16T12:10:03,ERR,ERR,ERR,ERR,ERR,ERR,ERR,ERR,ERR,ERR,ERR,ERR,ERR,ERR,ERR,ERR,ERR,ERR,ERR,ERR,ERR,ERR,ERR,ERR,ERR,ERR,ERR,ERR,ERR,ERR,ERR,ERR,ERR,ERR,ERR,ERR,ERR,ERR,ERR,ERR,ERR,ERR,ERR,ERR,ERR,ERR,ERR,ERR,ERR,ERR,ERR,ERR,ERR,ERR,ERR,ERR,ERR,ERR,ERR,ERR,ERR,ERR,ERR,ERR,ERR,ERR,ERR,ERR,ERR,ERR,ERR,ERR,ERR,ERR,ERR,ERR,ERR,ERR,ERR,ERR,ERR,ERR,ERR,ERR,ERR,ERR,ERR,ERR,ERR,ERR,ERR,ERR,ERR,ERR,ERR,ERR,ERR,ERR,ERR,ERR,ERR,ERR,ERR,ERR,ERR,ERR,ERR,ERR,ERR,ERR,ERR,ERR,ERR,ERR,ERR,ERR,ERR,ERR,ERR,ERR,ERR,ERR,ERR,ERR,ERR,2.718442270659078e+23,-0.0,0.0,-0.0,0.0,-7.008,0.0,-4399114.5,4300,0,8,17171,4300,-0.0,39,0.0,0.0,-0.0,0.0,-4.925046184806267e+32,0,0,0,0,0.0,0,0,0,0,0,0,0,0,0,0,0,0,0,0,0,0,0,0,0,0,0,0,0,0,0,0,0,0,0,0,0,0,0,8,37,36,44,65476,374,65476,1,0,4,21553,0.0,2.7183305813883192e+23,1.5703555097307025e+21,0.0,0.0,0.0,0.0,0.0,0.0,0.0,0.0,0.0,0.0,0.0,0.0,0.0,0.0,0.0,0.0,0.0,0.0,2.004,-0.0,3.697081460117733e+19,-2.004,-3.697075742657269e+19,0.0,0.0,0.0,0.0,6623.0,0.0,0.0,2.718442270659078e+23,-0.0,0.0,-0.0,-0.0,0.0,2.004,2.004,225,-0.0,-2.7184280392842555e+23,0.0,0.0,0.0,0.0,0.0,0.0,0.0,0,0,0,-0.144,-4.722188819131195e+32,47517120.0,0.0,2.598818877550887e+18,0.0,1.1656589813897434e+25,0.004,-50103222009856.0,-9.93092272268677e+19,-0.0,356913.281,0.0,0.0,0.0,-3.428297871248589e+17,0,1.3516416376850534e+27,225,0.0,450,-0.0,-1814070400.0,2114,13107,17110,13107,17112,13107,17095,0,0,0,101,100,100,0.0,63.85,2.7302334150594743e+23,64.0,0.0,64.0,1,49,50,180,0,0,0,0,0.0,0.0,0.0,60.0,-8.892481489154657e+19,70.5,0.0,-30835372.0,0.0,1070,0,1070,0,0,0,1071,0,1081,0,996,0,640,0,642,0,638,0,675,0.032,8.005886927989945e+21,-2.004,0.0,57744,16812,-2.705818444313395e+16,-30835372.0,-470287424.0,1998.03,-0.0,6.818346344992991e+27,50.0,60.0,35,0.0,0.0,10.0,2.0,0.0,0.0,0.0,0.0,0.0,0.0,0.0,0.0,0.0,0.0,0.0,0.0,59.2,54,12,65509,27,65476,1000,65476,1,0,4,20529,65476,0,0,30147,60.0,0.0,10.0,10.0,2.0,0.0
2026-02-16T12:10:04,ERR,ERR,ERR,ERR,ERR,ERR,ERR,ERR,ERR,ERR,ERR,ERR,ERR,ERR,ERR,ERR,ERR,ERR,ERR,ERR,ERR,ERR,ERR,ERR,ERR,ERR,ERR,ERR,ERR,ERR,ERR,ERR,ERR,ERR,ERR,ERR,ERR,ERR,ERR,ERR,ERR,ERR,ERR,ERR,ERR,ERR,ERR,ERR,ERR,ERR,ERR,ERR,ERR,ERR,ERR,ERR,ERR,ERR,ERR,ERR,ERR,ERR,ERR,ERR,ERR,ERR,ERR,ERR,ERR,ERR,ERR,ERR,ERR,ERR,ERR,ERR,ERR,ERR,ERR,ERR,ERR,ERR,ERR,ERR,ERR,ERR,ERR,ERR,ERR,ERR,ERR,ERR,ERR,ERR,ERR,ERR,ERR,ERR,ERR,ERR,ERR,ERR,ERR,ERR,ERR,ERR,ERR,ERR,ERR,ERR,ERR,ERR,ERR,ERR,ERR,ERR,ERR,ERR,ERR,ERR,ERR,ERR,ERR,ERR,ERR,2.718442270659078e+23,-0.0,0.0,-0.0,0.0,-7.008,0.0,-4399114.5,4300,0,8,17171,4300,-0.0,39,0.0,0.0,-0.0,0.0,-4.925046184806267e+32,0,0,0,0,0.0,0,0,0,0,0,0,0,0,0,0,0,0,0,0,0,0,0,0,0,0,0,0,0,0,0,0,0,0,0,0,0,0,0,8,37,36,44,65476,374,65476,1,0,4,21553,0.0,2.7183305813883192e+23,1.5703555097307025e+21,0.0,0.0,0.0,0.0,0.0,0.0,0.0,0.0,0.0,0.0,0.0,0.0,0.0,0.0,0.0,0.0,0.0,0.0,2.004,-0.0,3.697081460117733e+19,-2.004,-3.697075742657269e+19,0.0,0.0,0.0,0.0,6623.0,0.0,0.0,2.718442270659078e+23,-0.0,0.0,-0.0,-0.0,0.0,2.004,2.004,225,-0.0,-2.7184280392842555e+23,0.0,0.0,0.0,0.0,0.0,0.0,0.0,0,0,0,-0.144,-4.722188819131195e+32,47517120.0,0.0,2.598818877550887e+18,0.0,1.1656589813897434e+25,0.004,-50103222009856.0,-9.93092272268677e+19,-0.0,356913.281,0.0,0.0,0.0,-3.428297871248589e+17,0,1.3516416376850534e+27,225,0.0,450,-0.0,-1814070400.0,2114,13107,17110,13107,17112,13107,17095,0,0,0,101,100,100,0.0,63.85,2.7302334150594743e+23,64.0,0.0,64.0,1,49,50,180,0,13107,0,0,0.0,0.0,0.0,60.0,-0.313,70.5,0.0,-933.021,0.0,1070,0,1070,0,0,0,1071,0,1081,0,996,0,640,0,642,0,638,0,675,0.032,8.005886927989945e+21,-2.004,0.0,61328,16812,-0.313,-933.021,1.4239389384942237e+38,0.0,0.0,0.0,50.0,60.0,35,0.0,0.0,10.0,2.0,0.0,0.0,0.0,0.0,0.0,0.0,0.0,0.0,0.0,0.0,0.0,0.0,59.2,54,12,65509,27,65476,1000,65476,1,0,4,20529,65476,0,0,30147,60.0,0.0,10.0,10.0,2.0,0.0
2026-02-16T12:10:05,ERR,ERR,ERR,ERR,ERR,ERR,ERR,ERR,ERR,ERR,ERR,ERR,ERR,ERR,ERR,ERR,ERR,ERR,ERR,ERR,ERR,ERR,ERR,ERR,ERR,ERR,ERR,ERR,ERR,ERR,ERR,ERR,ERR,ERR,ERR,ERR,ERR,ERR,ERR,ERR,ERR,ERR,ERR,ERR,ERR,ERR,ERR,ERR,ERR,ERR,ERR,ERR,ERR,ERR,ERR,ERR,ERR,ERR,ERR,ERR,ERR,ERR,ERR,ERR,ERR,ERR,ERR,ERR,ERR,ERR,ERR,ERR,ERR,ERR,ERR,ERR,ERR,ERR,ERR,ERR,ERR,ERR,ERR,ERR,ERR,ERR,ERR,ERR,ERR,ERR,ERR,ERR,ERR,ERR,ERR,ERR,ERR,ERR,ERR,ERR,ERR,ERR,ERR,ERR,ERR,ERR,ERR,ERR,ERR,ERR,ERR,ERR,ERR,ERR,ERR,ERR,ERR,ERR,ERR,ERR,ERR,ERR,ERR,ERR,ERR,2.718442270659078e+23,-0.0,0.0,-0.0,0.0,-7.008,0.0,-4399114.5,4300,0,8,17171,4300,-0.0,39,0.0,0.0,-0.0,0.0,-4.925046184806267e+32,0,0,0,0,0.0,0,0,0,0,0,0,0,0,0,0,0,0,0,0,0,0,0,0,0,0,0,0,0,0,0,0,0,0,0,0,0,0,0,8,37,36,44,65476,374,65476,1,0,4,21553,0.0,2.7183305813883192e+23,1.5703555097307025e+21,0.0,0.0,0.0,0.0,0.0,0.0,0.0,0.0,0.0,0.0,0.0,0.0,0.0,0.0,0.0,0.0,0.0,0.0,2.004,-0.0,3.697081460117733e+19,-2.004,-3.697075742657269e+19,0.0,0.0,0.0,0.0,6623.0,0.0,0.0,2.718442270659078e+23,-0.0,0.0,-0.0,-0.0,0.0,2.004,2.004,225,-0.0,-2.7184280392842555e+23,0.0,0.0,0.0,0.0,0.0,0.0,0.0,0,0,0,-0.144,-4.722188819131195e+32,47517120.0,0.0,2.598818877550887e+18,0.0,1.1656589813897434e+25,0.004,-50103222009856.0,-9.93092272268677e+19,-0.0,356913.281,0.0,0.0,0.0,-3.428297871248589e+17,0,1.3516416376850534e+27,225,0.0,450,-0.0,-1814070400.0,2114,13107,17110,13107,17112,13107,17095,0,0,0,101,100,100,0.0,63.85,2.7302334150594743e+23,64.0,0.0,64.0,1,49,50,180,0,13107,0,0,0.0,0.0,0.0,60.0,-0.313,70.5,0.0,-933.021,0.0,1070,0,1070,0,0,0,1071,0,1081,0,996,0,640,0,642,0,638,0,675,0.032,8.005886927989945e+21,-2.004,0.0,61328,16812,-0.313,-933.021,1.4239389384942237e+38,0.0,0.0,0.0,50.0,60.0,35,0.0,0.0,10.0,2.0,0.0,0.0,0.0,0.0,0.0,0.0,0.0,0.0,0.0,0.0,0.0,0.0,59.2,54,12,65509,27,65476,1000,65476,1,0,4,20529,65476,0,0,30147,60.0,0.0,10.0,10.0,2.0,0.0
2026-02-16T12:10:06,ERR,ERR,ERR,ERR,ERR,ERR,ERR,ERR,ERR,ERR,ERR,ERR,ERR,ERR,ERR,ERR,ERR,ERR,ERR,ERR,ERR,ERR,ERR,ERR,ERR,ERR,ERR,ERR,ERR,ERR,ERR,ERR,ERR,ERR,ERR,ERR,ERR,ERR,ERR,ERR,ERR,ERR,ERR,ERR,ERR,ERR,ERR,ERR,ERR,ERR,ERR,ERR,ERR,ERR,ERR,ERR,ERR,ERR,ERR,ERR,ERR,ERR,ERR,ERR,ERR,ERR,ERR,ERR,ERR,ERR,ERR,ERR,ERR,ERR,ERR,ERR,ERR,ERR,ERR,ERR,ERR,ERR,ERR,ERR,ERR,ERR,ERR,ERR,ERR,ERR,ERR,ERR,ERR,ERR,ERR,ERR,ERR,ERR,ERR,ERR,ERR,ERR,ERR,ERR,ERR,ERR,ERR,ERR,ERR,ERR,ERR,ERR,ERR,ERR,ERR,ERR,ERR,ERR,ERR,ERR,ERR,ERR,ERR,ERR,ERR,2.718442270659078e+23,-0.0,0.0,-0.0,0.0,-7.008,0.0,-4399114.5,4300,0,8,17171,4300,-0.0,39,0.0,0.0,-0.0,0.0,-4.925046184806267e+32,0,0,0,0,0.0,0,0,0,0,0,0,0,0,0,0,0,0,0,0,0,0,0,0,0,0,0,0,0,0,0,0,0,0,0,0,0,0,0,8,37,36,44,65476,374,65476,1,0,4,21553,0.0,2.7183305813883192e+23,1.5703555097307025e+21,0.0,0.0,0.0,0.0,0.0,0.0,0.0,0.0,0.0,0.0,0.0,0.0,0.0,0.0,0.0,0.0,0.0,0.0,2.004,-0.0,3.697081460117733e+19,-2.004,-3.697075742657269e+19,0.0,0.0,0.0,0.0,6623.0,0.0,0.0,2.718442270659078e+23,-0.0,0.0,-0.0,-0.0,0.0,2.004,2.004,225,-0.0,-2.7184280392842555e+23,0.0,0.0,0.0,0.0,0.0,0.0,0.0,0,0,0,-0.144,-4.722188819131195e+32,47517120.0,0.0,2.598818877550887e+18,0.0,1.1656589813897434e+25,0.004,-50103222009856.0,-9.93092272268677e+19,-0.0,356913.281,0.0,0.0,0.0,-3.428297871248589e+17,0,1.3516416376850534e+27,225,0.0,450,-0.0,-1814070400.0,2114,13107,17110,13107,17112,13107,17095,0,0,0,101,100,100,0.0,63.85,2.7302334150594743e+23,64.0,0.0,64.0,1,49,50,180,0,13107,0,0,0.0,0.0,0.0,60.0,-0.313,70.5,0.0,-933.021,0.0,1070,0,1070,0,0,0,1071,0,1081,0,996,0,640,0,642,0,638,0,675,0.032,8.005886927989945e+21,-2.004,0.0,61328,16812,-0.313,-933.021,1.4239389384942237e+38,0.0,0.0,0.0,50.0,60.0,35,0.0,0.0,10.0,2.0,0.0,0.0,0.0,0.0,0.0,0.0,0.0,0.0,0.0,0.0,0.0,0.0,58.8,53,12,65509,27,65476,1000,65476,1,0,4,20529,65476,0,0,30147,60.0,0.0,10.0,10.0,2.0,0.0
2026-02-16T12:10:07,ERR,ERR,ERR,ERR,ERR,ERR,ERR,ERR,ERR,ERR,ERR,ERR,ERR,ERR,ERR,ERR,ERR,ERR,ERR,ERR,ERR,ERR,ERR,ERR,ERR,ERR,ERR,ERR,ERR,ERR,ERR,ERR,ERR,ERR,ERR,ERR,ERR,ERR,ERR,ERR,ERR,ERR,ERR,ERR,ERR,ERR,ERR,ERR,ERR,ERR,ERR,ERR,ERR,ERR,ERR,ERR,ERR,ERR,ERR,ERR,ERR,ERR,ERR,ERR,ERR,ERR,ERR,ERR,ERR,ERR,ERR,ERR,ERR,ERR,ERR,ERR,ERR,ERR,ERR,ERR,ERR,ERR,ERR,ERR,ERR,ERR,ERR,ERR,ERR,ERR,ERR,ERR,ERR,ERR,ERR,ERR,ERR,ERR,ERR,ERR,ERR,ERR,ERR,ERR,ERR,ERR,ERR,ERR,ERR,ERR,ERR,ERR,ERR,ERR,ERR,ERR,ERR,ERR,ERR,ERR,ERR,ERR,ERR,ERR,ERR,2.718442270659078e+23,-0.0,0.0,-0.0,0.0,-7.008,0.0,-4399114.5,4300,0,8,17171,4300,-0.0,39,0.0,0.0,-0.0,0.0,-4.925046184806267e+32,0,0,0,0,0.0,0,0,0,0,0,0,0,0,0,0,0,0,0,0,0,0,0,0,0,0,0,0,0,0,0,0,0,0,0,0,0,0,0,8,37,36,44,65476,374,65476,1,0,4,21553,0.0,2.7183305813883192e+23,1.5703555097307025e+21,0.0,0.0,0.0,0.0,0.0,0.0,0.0,0.0,0.0,0.0,0.0,0.0,0.0,0.0,0.0,0.0,0.0,0.0,2.004,-0.0,3.697081460117733e+19,-2.004,-3.697075742657269e+19,0.0,0.0,0.0,0.0,6623.0,0.0,0.0,2.718442270659078e+23,-0.0,0.0,-0.0,-0.0,0.0,2.004,2.004,225,-0.0,-2.7184280392842555e+23,0.0,0.0,0.0,0.0,0.0,0.0,0.0,0,0,0,-0.144,-4.722188819131195e+32,47517120.0,0.0,2.598818877550887e+18,0.0,1.1656589813897434e+25,0.004,-50103222009856.0,-9.93092272268677e+19,-0.0,356913.281,0.0,0.0,0.0,-3.428297871248589e+17,0,1.3516416376850534e+27,225,0.0,450,-0.0,-1814070400.0,2114,13107,17110,13107,17112,13107,17095,0,0,0,101,100,100,0.0,63.85,2.7302334150594743e+23,64.0,0.0,64.0,1,49,50,180,0,13107,0,0,0.0,0.0,0.0,60.0,-0.313,70.5,0.0,-933.021,0.0,1070,0,1070,0,0,0,1071,0,1081,0,996,0,640,0,642,0,638,0,675,0.032,8.005886927989945e+21,-2.004,0.0,61328,16812,-0.313,-933.021,1.4239389384942237e+38,0.0,0.0,0.0,50.0,60.0,35,0.0,0.0,10.0,2.0,0.0,0.0,0.0,0.0,0.0,0.0,0.0,0.0,0.0,0.0,0.0,0.0,58.8,53,12,65509,27,65476,1000,65476,1,0,4,20529,65476,0,0,30147,60.0,0.0,10.0,10.0,2.0,0.0
2026-02-16T12:10:08,ERR,ERR,ERR,ERR,ERR,ERR,ERR,ERR,ERR,ERR,ERR,ERR,ERR,ERR,ERR,ERR,ERR,ERR,ERR,ERR,ERR,ERR,ERR,ERR,ERR,ERR,ERR,ERR,ERR,ERR,ERR,ERR,ERR,ERR,ERR,ERR,ERR,ERR,ERR,ERR,ERR,ERR,ERR,ERR,ERR,ERR,ERR,ERR,ERR,ERR,ERR,ERR,ERR,ERR,ERR,ERR,ERR,ERR,ERR,ERR,ERR,ERR,ERR,ERR,ERR,ERR,ERR,ERR,ERR,ERR,ERR,ERR,ERR,ERR,ERR,ERR,ERR,ERR,ERR,ERR,ERR,ERR,ERR,ERR,ERR,ERR,ERR,ERR,ERR,ERR,ERR,ERR,ERR,ERR,ERR,ERR,ERR,ERR,ERR,ERR,ERR,ERR,ERR,ERR,ERR,ERR,ERR,ERR,ERR,ERR,ERR,ERR,ERR,ERR,ERR,ERR,ERR,ERR,ERR,ERR,ERR,ERR,ERR,ERR,ERR,2.718442270659078e+23,-0.0,0.0,-0.0,0.0,-0.0,0.0,-1848986173440.0,4300,0,8,17171,4300,-0.0,39,0.0,0.0,-0.0,0.0,-4.925046184806267e+32,0,0,0,0,0.0,0,0,0,0,0,0,0,0,0,0,0,0,0,0,0,0,0,0,0,0,0,0,0,0,0,0,0,0,0,0,0,0,0,8,37,36,44,65476,372,65476,1,0,4,21553,0.0,0.0,-0.0,0.0,0.0,0.0,0.0,0.0,0.0,0.0,0.0,0.0,0.0,0.0,0.0,0.0,0.0,0.0,0.0,0.0,0.0,2.004,-0.0,3.697081460117733e+19,-2.004,0.0,0.0,0.0,0.0,0.0,6621.0,131351.219,0.0,2.718442270659078e+23,-0.0,0.0,-0.0,0.0,0.0,2.004,2.004,223,-0.0,0.0,0.0,0.0,0.0,0.0,0.0,0.0,0.0,0,0,0,-8864623.0,-0.0,1.5640398286290944e+16,0.0,-0.0,-0.0,0.0,-354.547,50.069,-1.0622675625450878e+20,-0.0,379441.281,0.0,0.0,0.0,-1.367337319916003e+21,0,1.3516416376850534e+27,223,0.0,446,-74360974999552.0,0.0,2114,13107,17110,13107,17112,13107,17095,0,0,0,101,100,100,0.0,63.85,2.7302334150594743e+23,64.0,0.0,64.0,1,49,50,180,0,0,0,0,0.0,0.0,0.0,60.0,-5987526770688.0,70.5,0.0,-3330133.5,0.0,1070,0,1071,0,0,0,1071,0,1081,0,996,0,640,0,642,0,638,0,675,0.032,7.968993439842526e+21,-2.004,0.0,60560,16812,-3.9318219699676774e+18,-117574320.0,-572847839772672.0,0.0,-0.0,1.7569649698563652e+33,50.0,60.0,35,0.0,0.0,10.0,2.0,0.0,0.0,0.0,0.0,0.0,0.0,0.0,0.0,0.0,0.0,0.0,0.0,58.8,53,12,65509,27,65476,1000,65476,1,0,4,20529,65476,0,0,30147,60.0,0.0,10.0,10.0,2.0,0.0
2026-02-16T12:10:09,ERR,ERR,ERR,ERR,ERR,ERR,ERR,ERR,ERR,ERR,ERR,ERR,ERR,ERR,ERR,ERR,ERR,ERR,ERR,ERR,ERR,ERR,ERR,ERR,ERR,ERR,ERR,ERR,ERR,ERR,ERR,ERR,ERR,ERR,ERR,ERR,ERR,ERR,ERR,ERR,ERR,ERR,ERR,ERR,ERR,ERR,ERR,ERR,ERR,ERR,ERR,ERR,ERR,ERR,ERR,ERR,ERR,ERR,ERR,ERR,ERR,ERR,ERR,ERR,ERR,ERR,ERR,ERR,ERR,ERR,ERR,ERR,ERR,ERR,ERR,ERR,ERR,ERR,ERR,ERR,ERR,ERR,ERR,ERR,ERR,ERR,ERR,ERR,ERR,ERR,ERR,ERR,ERR,ERR,ERR,ERR,ERR,ERR,ERR,ERR,ERR,ERR,ERR,ERR,ERR,ERR,ERR,ERR,ERR,ERR,ERR,ERR,ERR,ERR,ERR,ERR,ERR,ERR,ERR,ERR,ERR,ERR,ERR,ERR,ERR,2.718442270659078e+23,-0.0,0.0,-0.0,0.0,-0.0,0.0,-1848986173440.0,4300,0,8,17171,4300,-0.0,39,0.0,0.0,-0.0,0.0,-4.925046184806267e+32,0,0,0,0,0.0,0,0,0,0,0,0,0,0,0,0,0,0,0,0,0,0,0,0,0,0,0,0,0,0,0,0,0,0,0,0,0,0,0,8,37,36,44,65476,372,65476,1,0,4,21553,0.0,0.0,-0.0,0.0,0.0,0.0,0.0,0.0,0.0,0.0,0.0,0.0,0.0,0.0,0.0,0.0,0.0,0.0,0.0,0.0,0.0,2.004,-0.0,3.697081460117733e+19,-2.004,0.0,0.0,0.0,0.0,0.0,6621.0,131351.219,0.0,2.718442270659078e+23,-0.0,0.0,-0.0,0.0,0.0,2.004,2.004,223,-0.0,0.0,0.0,0.0,0.0,0.0,0.0,0.0,0.0,0,0,0,-8864623.0,-0.0,1.5640398286290944e+16,0.0,-0.0,-0.0,0.0,-354.547,50.069,-1.0622675625450878e+20,-0.0,379441.281,0.0,0.0,0.0,-1.367337319916003e+21,0,1.3516416376850534e+27,223,0.0,446,-74360974999552.0,0.0,2114,13107,17110,13107,17112,13107,17095,0,0,0,101,100,100,0.0,63.85,2.7302334150594743e+23,64.0,0.0,64.0,1,49,50,180,0,0,0,0,0.0,0.0,0.0,60.0,-5987526770688.0,70.5,0.0,-3330133.5,0.0,1070,0,1071,0,0,0,1071,0,1081,0,996,0,640,0,642,0,638,0,675,0.032,7.968993439842526e+21,-2.004,0.0,60560,16812,-3.9318219699676774e+18,-117574320.0,-572847839772672.0,0.0,-0.0,1.7569649698563652e+33,50.0,60.0,35,0.0,0.0,10.0,2.0,0.0,0.0,0.0,0.0,0.0,0.0,0.0,0.0,0.0,0.0,0.0,0.0,58.8,53,12,65509,27,65476,1000,65476,1,0,4,20529,65476,0,0,30147,60.0,0.0,10.0,10.0,2.0,0.0
2026-02-16T12:10:10,ERR,ERR,ERR,ERR,ERR,ERR,ERR,ERR,ERR,ERR,ERR,ERR,ERR,ERR,ERR,ERR,ERR,ERR,ERR,ERR,ERR,ERR,ERR,ERR,ERR,ERR,ERR,ERR,ERR,ERR,ERR,ERR,ERR,ERR,ERR,ERR,ERR,ERR,ERR,ERR,ERR,ERR,ERR,ERR,ERR,ERR,ERR,ERR,ERR,ERR,ERR,ERR,ERR,ERR,ERR,ERR,ERR,ERR,ERR,ERR,ERR,ERR,ERR,ERR,ERR,ERR,ERR,ERR,ERR,ERR,ERR,ERR,ERR,ERR,ERR,ERR,ERR,ERR,ERR,ERR,ERR,ERR,ERR,ERR,ERR,ERR,ERR,ERR,ERR,ERR,ERR,ERR,ERR,ERR,ERR,ERR,ERR,ERR,ERR,ERR,ERR,ERR,ERR,ERR,ERR,ERR,ERR,ERR,ERR,ERR,ERR,ERR,ERR,ERR,ERR,ERR,ERR,ERR,ERR,ERR,ERR,ERR,ERR,ERR,ERR,2.718442270659078e+23,-0.0,0.0,-0.0,0.0,-0.0,0.0,-1848986173440.0,4300,0,8,17171,4300,-0.0,39,0.0,0.0,-0.0,0.0,-4.925046184806267e+32,0,0,0,0,0.0,0,0,0,0,0,0,0,0,0,0,0,0,0,0,0,0,0,0,0,0,0,0,0,0,0,0,0,0,0,0,0,0,0,8,37,36,44,65476,372,65476,1,0,4,21553,0.0,0.0,-0.0,0.0,0.0,0.0,0.0,0.0,0.0,0.0,0.0,0.0,0.0,0.0,0.0,0.0,0.0,0.0,0.0,0.0,0.0,2.004,-0.0,3.697081460117733e+19,-2.004,0.0,0.0,0.0,0.0,0.0,6621.0,131351.219,0.0,2.718442270659078e+23,-0.0,0.0,-0.0,0.0,0.0,2.004,2.004,223,-0.0,0.0,0.0,0.0,0.0,0.0,0.0,0.0,0.0,0,0,0,-8864623.0,-0.0,1.5640398286290944e+16,0.0,-0.0,-0.0,0.0,-354.547,50.069,-1.0622675625450878e+20,-0.0,379441.281,0.0,0.0,0.0,-1.367337319916003e+21,0,1.3516416376850534e+27,223,0.0,446,-74360974999552.0,0.0,2114,13107,17110,13107,17112,13107,17095,0,0,0,101,100,100,0.0,63.85,2.7302334150594743e+23,64.0,0.0,64.0,1,49,50,180,0,0,0,0,0.0,0.0,0.0,60.0,-5987526770688.0,70.5,0.0,-3330133.5,0.0,1070,0,1071,0,0,0,1071,0,1081,0,996,0,640,0,642,0,638,0,675,0.032,7.968993439842526e+21,-2.004,0.0,60560,16812,-3.9318219699676774e+18,-117574320.0,-572847839772672.0,0.0,-0.0,1.7569649698563652e+33,50.0,60.0,35,0.0,0.0,10.0,2.0,0.0,0.0,0.0,0.0,0.0,0.0,0.0,0.0,0.0,0.0,0.0,0.0,58.8,53,12,65509,27,65476,1000,65476,1,0,4,20529,65476,0,0,30147,60.0,0.0,10.0,10.0,2.0,0.0
2026-02-16T12:10:11,ERR,ERR,ERR,ERR,ERR,ERR,ERR,ERR,ERR,ERR,ERR,ERR,ERR,ERR,ERR,ERR,ERR,ERR,ERR,ERR,ERR,ERR,ERR,ERR,ERR,ERR,ERR,ERR,ERR,ERR,ERR,ERR,ERR,ERR,ERR,ERR,ERR,ERR,ERR,ERR,ERR,ERR,ERR,ERR,ERR,ERR,ERR,ERR,ERR,ERR,ERR,ERR,ERR,ERR,ERR,ERR,ERR,ERR,ERR,ERR,ERR,ERR,ERR,ERR,ERR,ERR,ERR,ERR,ERR,ERR,ERR,ERR,ERR,ERR,ERR,ERR,ERR,ERR,ERR,ERR,ERR,ERR,ERR,ERR,ERR,ERR,ERR,ERR,ERR,ERR,ERR,ERR,ERR,ERR,ERR,ERR,ERR,ERR,ERR,ERR,ERR,ERR,ERR,ERR,ERR,ERR,ERR,ERR,ERR,ERR,ERR,ERR,ERR,ERR,ERR,ERR,ERR,ERR,ERR,ERR,ERR,ERR,ERR,ERR,ERR,2.718442270659078e+23,-0.0,0.0,-0.0,0.0,-0.0,0.0,-1848986173440.0,4300,0,8,17171,4300,-0.0,39,0.0,0.0,-0.0,0.0,-4.925046184806267e+32,0,0,0,0,0.0,0,0,0,0,0,0,0,0,0,0,0,0,0,0,0,0,0,0,0,0,0,0,0,0,0,0,0,0,0,0,0,0,0,8,37,36,44,65476,372,65476,1,0,4,21553,0.0,0.0,-0.0,0.0,0.0,0.0,0.0,0.0,0.0,0.0,0.0,0.0,0.0,0.0,0.0,0.0,0.0,0.0,0.0,0.0,0.0,2.004,-0.0,3.697081460117733e+19,-2.004,0.0,0.0,0.0,0.0,0.0,6621.0,131351.219,0.0,2.718442270659078e+23,-0.0,0.0,-0.0,0.0,0.0,2.004,2.004,223,-0.0,0.0,0.0,0.0,0.0,0.0,0.0,0.0,0.0,0,0,0,-8864623.0,-0.0,1.5640398286290944e+16,0.0,-0.0,-0.0,0.0,-354.547,50.069,-1.0622675625450878e+20,-0.0,379441.281,0.0,0.0,0.0,-1.367337319916003e+21,0,1.3516416376850534e+27,223,0.0,446,-74360974999552.0,0.0,2114,13107,17110,13107,17112,13107,17095,0,0,0,101,100,100,0.0,63.85,2.7302334150594743e+23,64.0,0.0,64.0,1,49,50,180,0,0,0,0,0.0,0.0,0.0,60.0,-29294356480.0,70.5,0.0,0.0,0.0,1070,0,1070,0,0,0,1071,0,1081,0,996,0,640,0,642,0,638,0,675,0.032,8.005886927989945e+21,-2.004,0.0,62352,16812,-2.817,0.0,-8.266,1.8043435086606552e+29,3.9337754664691214e+31,1.760007613985692e+19,50.0,60.0,35,0.0,0.0,10.0,2.0,0.0,0.0,0.0,0.0,0.0,0.0,0.0,0.0,0.0,0.0,0.0,0.0,58.8,53,12,65509,27,65476,1000,65476,1,0,4,20529,65476,0,0,30147,60.0,0.0,10.0,10.0,2.0,0.0
2026-02-16T12:10:12,ERR,ERR,ERR,ERR,ERR,ERR,ERR,ERR,ERR,ERR,ERR,ERR,ERR,ERR,ERR,ERR,ERR,ERR,ERR,ERR,ERR,ERR,ERR,ERR,ERR,ERR,ERR,ERR,ERR,ERR,ERR,ERR,ERR,ERR,ERR,ERR,ERR,ERR,ERR,ERR,ERR,ERR,ERR,ERR,ERR,ERR,ERR,ERR,ERR,ERR,ERR,ERR,ERR,ERR,ERR,ERR,ERR,ERR,ERR,ERR,ERR,ERR,ERR,ERR,ERR,ERR,ERR,ERR,ERR,ERR,ERR,ERR,ERR,ERR,ERR,ERR,ERR,ERR,ERR,ERR,ERR,ERR,ERR,ERR,ERR,ERR,ERR,ERR,ERR,ERR,ERR,ERR,ERR,ERR,ERR,ERR,ERR,ERR,ERR,ERR,ERR,ERR,ERR,ERR,ERR,ERR,ERR,ERR,ERR,ERR,ERR,ERR,ERR,ERR,ERR,ERR,ERR,ERR,ERR,ERR,ERR,ERR,ERR,ERR,ERR,2.718442270659078e+23,-0.0,0.0,-0.0,0.0,-0.0,0.0,-1848986173440.0,4300,0,8,17171,4300,-0.0,39,0.0,0.0,-0.0,0.0,-4.925046184806267e+32,0,0,0,0,0.0,0,0,0,0,0,0,0,0,0,0,0,0,0,0,0,0,0,0,0,0,0,0,0,0,0,0,0,0,0,0,0,0,0,8,37,36,44,65476,372,65476,1,0,4,21553,0.0,0.0,-0.0,0.0,0.0,0.0,0.0,0.0,0.0,0.0,0.0,0.0,0.0,0.0,0.0,0.0,0.0,0.0,0.0,0.0,0.0,2.004,-0.0,3.697081460117733e+19,-2.004,0.0,0.0,0.0,0.0,0.0,6621.0,131351.219,0.0,2.718442270659078e+23,-0.0,0.0,-0.0,0.0,0.0,2.004,2.004,223,-0.0,0.0,0.0,0.0,0.0,0.0,0.0,0.0,0.0,0,0,0,-8864623.0,-0.0,1.5640398286290944e+16,0.0,-0.0,-0.0,0.0,-354.547,50.069,-1.0622675625450878e+20,-0.0,379441.281,0.0,0.0,0.0,-1.367337319916003e+21,0,1.3516416376850534e+27,223,0.0,446,-74360974999552.0,0.0,2114,13107,17110,13107,17112,13107,17095,0,0,0,101,100,100,0.0,63.85,2.7302334150594743e+23,64.0,0.0,64.0,1,49,50,180,0,0,0,0,0.0,0.0,0.0,60.0,-29294356480.0,70.5,0.0,0.0,0.0,1070,0,1070,0,0,0,1071,0,1081,0,996,0,640,0,642,0,638,0,675,0.032,8.005886927989945e+21,-2.004,0.0,62352,16812,-2.817,0.0,-8.266,1.8043435086606552e+29,3.9337754664691214e+31,1.760007613985692e+19,50.0,60.0,35,0.0,0.0,10.0,2.0,0.0,0.0,0.0,0.0,0.0,0.0,0.0,0.0,0.0,0.0,0.0,0.0,58.8,53,12,65509,27,65476,1000,65476,1,0,4,20529,65476,0,0,30147,60.0,0.0,10.0,10.0,2.0,0.0
2026-02-16T12:10:13,ERR,ERR,ERR,ERR,ERR,ERR,ERR,ERR,ERR,ERR,ERR,ERR,ERR,ERR,ERR,ERR,ERR,ERR,ERR,ERR,ERR,ERR,ERR,ERR,ERR,ERR,ERR,ERR,ERR,ERR,ERR,ERR,ERR,ERR,ERR,ERR,ERR,ERR,ERR,ERR,ERR,ERR,ERR,ERR,ERR,ERR,ERR,ERR,ERR,ERR,ERR,ERR,ERR,ERR,ERR,ERR,ERR,ERR,ERR,ERR,ERR,ERR,ERR,ERR,ERR,ERR,ERR,ERR,ERR,ERR,ERR,ERR,ERR,ERR,ERR,ERR,ERR,ERR,ERR,ERR,ERR,ERR,ERR,ERR,ERR,ERR,ERR,ERR,ERR,ERR,ERR,ERR,ERR,ERR,ERR,ERR,ERR,ERR,ERR,ERR,ERR,ERR,ERR,ERR,ERR,ERR,ERR,ERR,ERR,ERR,ERR,ERR,ERR,ERR,ERR,ERR,ERR,ERR,ERR,ERR,ERR,ERR,ERR,ERR,ERR,2.718442270659078e+23,-0.0,0.0,-0.0,0.0,-0.0,-2074846.625,0.0,4300,0,8,17171,4300,-0.0,39,0.0,0.0,-0.0,0.0,-4.925046184806267e+32,0,0,0,0,0.0,0,0,0,0,0,0,0,0,0,0,0,0,0,0,0,0,0,0,0,0,0,0,0,0,0,0,0,0,0,0,0,0,0,7,37,36,44,65476,368,65476,1,0,4,21553,0.0,-0.0,-0.002,0.0,0.0,0.0,0.0,0.0,0.0,0.0,0.0,0.0,0.0,0.0,0.0,0.0,0.0,0.0,0.0,0.0,0.0,2.004,-0.0,3.697081460117733e+19,-0.0,0.0,0.0,0.0,0.0,0.0,6623.0,2.4230023160510894e+24,0.0,2.718442270659078e+23,-0.0,-107616232.0,-0.0,0.0,0.0,2.004,2.004,224,-0.0,0.0,0.0,0.0,0.0,0.0,0.0,0.0,0.0,0,0,0,-29997894991872.0,0.0,1.1408259168716404e+23,0.0,-0.0,-0.0,-1.1570564529714334e+27,3.997720729579104e+25,-1.161895919385683e+27,-1.1372074603445328e+20,-0.0,404017.281,0.0,0.0,0.0,0.0,0,1.3516416376850534e+27,224,0.0,448,-0.0,-1814070400.0,2114,13107,17110,13107,17112,13107,17095,0,0,0,101,100,100,0.0,63.85,2.7302334150594743e+23,64.0,0.0,64.0,1,49,50,180,0,0,0,0,0.0,0.0,0.0,60.0,-29294356480.0,70.5,0.0,0.0,0.0,1070,0,1070,0,0,0,1071,0,1081,0,996,0,640,0,642,0,638,0,675,0.032,8.005886927989945e+21,-2.004,0.0,62352,16812,-2.817,0.0,-8.266,1.8043435086606552e+29,3.9337754664691214e+31,1.760007613985692e+19,50.0,60.0,35,0.0,0.0,10.0,2.0,0.0,0.0,0.0,0.0,0.0,0.0,0.0,0.0,0.0,0.0,0.0,0.0,59.2,53,12,65509,27,65476,1000,65476,1,0,4,20529,65476,0,0,30147,60.0,0.0,10.0,10.0,2.0,0.0
2026-02-16T12:10:14,ERR,ERR,ERR,ERR,ERR,ERR,ERR,ERR,ERR,ERR,ERR,ERR,ERR,ERR,ERR,ERR,ERR,ERR,ERR,ERR,ERR,ERR,ERR,ERR,ERR,ERR,ERR,ERR,ERR,ERR,ERR,ERR,ERR,ERR,ERR,ERR,ERR,ERR,ERR,ERR,ERR,ERR,ERR,ERR,ERR,ERR,ERR,ERR,ERR,ERR,ERR,ERR,ERR,ERR,ERR,ERR,ERR,ERR,ERR,ERR,ERR,ERR,ERR,ERR,ERR,ERR,ERR,ERR,ERR,ERR,ERR,ERR,ERR,ERR,ERR,ERR,ERR,ERR,ERR,ERR,ERR,ERR,ERR,ERR,ERR,ERR,ERR,ERR,ERR,ERR,ERR,ERR,ERR,ERR,ERR,ERR,ERR,ERR,ERR,ERR,ERR,ERR,ERR,ERR,ERR,ERR,ERR,ERR,ERR,ERR,ERR,ERR,ERR,ERR,ERR,ERR,ERR,ERR,ERR,ERR,ERR,ERR,ERR,ERR,ERR,2.718442270659078e+23,-0.0,0.0,-0.0,0.0,-0.0,-2074846.625,0.0,4300,0,8,17171,4300,-0.0,39,0.0,0.0,-0.0,0.0,-4.925046184806267e+32,0,0,0,0,0.0,0,0,0,0,0,0,0,0,0,0,0,0,0,0,0,0,0,0,0,0,0,0,0,0,0,0,0,0,0,0,0,0,0,7,37,36,44,65476,368,65476,1,0,4,21553,0.0,-0.0,-0.002,0.0,0.0,0.0,0.0,0.0,0.0,0.0,0.0,0.0,0.0,0.0,0.0,0.0,0.0,0.0,0.0,0.0,0.0,2.004,-0.0,3.697081460117733e+19,-0.0,0.0,0.0,0.0,0.0,0.0,6623.0,2.4230023160510894e+24,0.0,2.718442270659078e+23,-0.0,-107616232.0,-0.0,0.0,0.0,2.004,2.004,224,-0.0,0.0,0.0,0.0,0.0,0.0,0.0,0.0,0.0,0,0,0,-29997894991872.0,0.0,1.1408259168716404e+23,0.0,-0.0,-0.0,-1.1570564529714334e+27,3.997720729579104e+25,-1.161895919385683e+27,-1.1372074603445328e+20,-0.0,404017.281,0.0,0.0,0.0,0.0,0,1.3516416376850534e+27,224,0.0,448,-0.0,-1814070400.0,2114,13107,17110,13107,17112,13107,17095,0,0,0,101,100,100,0.0,63.85,2.7302334150594743e+23,64.0,0.0,64.0,1,49,50,180,0,0,0,0,0.0,0.0,0.0,60.0,-339221248212992.0,70.5,0.0,0.0,0.0,1070,0,1071,0,0,0,1071,0,1081,0,996,0,640,0,642,0,638,0,675,0.032,7.968993439842526e+21,-2.004,0.0,55952,16812,-4068368311123968.0,0.0,0.0,-0.0,-1214514.25,-0.0,50.0,60.0,35,0.0,0.0,10.0,2.0,0.0,0.0,0.0,0.0,0.0,0.0,0.0,0.0,0.0,0.0,0.0,0.0,59.2,53,12,65510,27,65476,1000,65476,1,0,4,20529,65476,0,0,30147,60.0,0.0,10.0,10.0,2.0,0.0
2026-02-16T12:10:15,ERR,ERR,ERR,ERR,ERR,ERR,ERR,ERR,ERR,ERR,ERR,ERR,ERR,ERR,ERR,ERR,ERR,ERR,ERR,ERR,ERR,ERR,ERR,ERR,ERR,ERR,ERR,ERR,ERR,ERR,ERR,ERR,ERR,ERR,ERR,ERR,ERR,ERR,ERR,ERR,ERR,ERR,ERR,ERR,ERR,ERR,ERR,ERR,ERR,ERR,ERR,ERR,ERR,ERR,ERR,ERR,ERR,ERR,ERR,ERR,ERR,ERR,ERR,ERR,ERR,ERR,ERR,ERR,ERR,ERR,ERR,ERR,ERR,ERR,ERR,ERR,ERR,ERR,ERR,ERR,ERR,ERR,ERR,ERR,ERR,ERR,ERR,ERR,ERR,ERR,ERR,ERR,ERR,ERR,ERR,ERR,ERR,ERR,ERR,ERR,ERR,ERR,ERR,ERR,ERR,ERR,ERR,ERR,ERR,ERR,ERR,ERR,ERR,ERR,ERR,ERR,ERR,ERR,ERR,ERR,ERR,ERR,ERR,ERR,ERR,2.718442270659078e+23,-0.0,0.0,-0.0,0.0,-0.0,-2074846.625,0.0,4300,0,8,17171,4300,-0.0,39,0.0,0.0,-0.0,0.0,-4.925046184806267e+32,0,0,0,0,0.0,0,0,0,0,0,0,0,0,0,0,0,0,0,0,0,0,0,0,0,0,0,0,0,0,0,0,0,0,0,0,0,0,0,7,37,36,44,65476,368,65476,1,0,4,21553,0.0,-0.0,-0.002,0.0,0.0,0.0,0.0,0.0,0.0,0.0,0.0,0.0,0.0,0.0,0.0,0.0,0.0,0.0,0.0,0.0,0.0,2.004,-0.0,3.697081460117733e+19,-0.0,0.0,0.0,0.0,0.0,0.0,6623.0,2.4230023160510894e+24,0.0,2.718442270659078e+23,-0.0,-107616232.0,-0.0,0.0,0.0,2.004,2.004,224,-0.0,0.0,0.0,0.0,0.0,0.0,0.0,0.0,0.0,0,0,0,-29997894991872.0,0.0,1.1408259168716404e+23,0.0,-0.0,-0.0,-1.1570564529714334e+27,3.997720729579104e+25,-1.161895919385683e+27,-1.1372074603445328e+20,-0.0,404017.281,0.0,0.0,0.0,0.0,0,1.3516416376850534e+27,224,0.0,448,-0.0,-1814070400.0,2114,13107,17110,13107,17112,13107,17095,0,0,0,101,100,100,0.0,63.85,2.7302334150594743e+23,64.0,0.0,64.0,1,49,50,180,0,0,0,0,0.0,0.0,0.0,60.0,-339221248212992.0,70.5,0.0,0.0,0.0,1070,0,1071,0,0,0,1071,0,1081,0,996,0,640,0,642,0,638,0,675,0.032,7.968993439842526e+21,-2.004,0.0,55952,16812,-4068368311123968.0,0.0,0.0,-0.0,-1214514.25,-0.0,50.0,60.0,35,0.0,0.0,10.0,2.0,0.0,0.0,0.0,0.0,0.0,0.0,0.0,0.0,0.0,0.0,0.0,0.0,59.2,53,12,65510,27,65476,1000,65476,1,0,4,20529,65476,0,0,30147,60.0,0.0,10.0,10.0,2.0,0.0
2026-02-16T12:10:16,ERR,ERR,ERR,ERR,ERR,ERR,ERR,ERR,ERR,ERR,ERR,ERR,ERR,ERR,ERR,ERR,ERR,ERR,ERR,ERR,ERR,ERR,ERR,ERR,ERR,ERR,ERR,ERR,ERR,ERR,ERR,ERR,ERR,ERR,ERR,ERR,ERR,ERR,ERR,ERR,ERR,ERR,ERR,ERR,ERR,ERR,ERR,ERR,ERR,ERR,ERR,ERR,ERR,ERR,ERR,ERR,ERR,ERR,ERR,ERR,ERR,ERR,ERR,ERR,ERR,ERR,ERR,ERR,ERR,ERR,ERR,ERR,ERR,ERR,ERR,ERR,ERR,ERR,ERR,ERR,ERR,ERR,ERR,ERR,ERR,ERR,ERR,ERR,ERR,ERR,ERR,ERR,ERR,ERR,ERR,ERR,ERR,ERR,ERR,ERR,ERR,ERR,ERR,ERR,ERR,ERR,ERR,ERR,ERR,ERR,ERR,ERR,ERR,ERR,ERR,ERR,ERR,ERR,ERR,ERR,ERR,ERR,ERR,ERR,ERR,2.718442270659078e+23,-0.0,0.0,-0.0,0.0,-0.0,-2074846.625,0.0,4300,0,8,17171,4300,-0.0,39,0.0,0.0,-0.0,0.0,-4.925046184806267e+32,0,0,0,0,0.0,0,0,0,0,0,0,0,0,0,0,0,0,0,0,0,0,0,0,0,0,0,0,0,0,0,0,0,0,0,0,0,0,0,7,37,36,44,65476,368,65476,1,0,4,21553,0.0,-0.0,-0.002,0.0,0.0,0.0,0.0,0.0,0.0,0.0,0.0,0.0,0.0,0.0,0.0,0.0,0.0,0.0,0.0,0.0,0.0,2.004,-0.0,3.697081460117733e+19,-0.0,0.0,0.0,0.0,0.0,0.0,6623.0,2.4230023160510894e+24,0.0,2.718442270659078e+23,-0.0,-107616232.0,-0.0,0.0,0.0,2.004,2.004,224,-0.0,0.0,0.0,0.0,0.0,0.0,0.0,0.0,0.0,0,0,0,-29997894991872.0,0.0,1.1408259168716404e+23,0.0,-0.0,-0.0,-1.1570564529714334e+27,3.997720729579104e+25,-1.161895919385683e+27,-1.1372074603445328e+20,-0.0,404017.281,0.0,0.0,0.0,0.0,0,1.3516416376850534e+27,224,0.0,448,-0.0,-1814070400.0,2114,13107,17110,13107,17112,13107,17095,0,0,0,101,100,100,0.0,63.85,2.7302334150594743e+23,64.0,0.0,64.0,1,49,50,180,0,0,0,0,0.0,0.0,0.0,60.0,-339221248212992.0,70.5,0.0,0.0,0.0,1070,0,1071,0,0,0,1071,0,1081,0,996,0,640,0,642,0,638,0,675,0.032,7.968993439842526e+21,-2.004,0.0,55952,16812,-4068368311123968.0,0.0,0.0,-0.0,-1214514.25,-0.0,50.0,60.0,35,0.0,0.0,10.0,2.0,0.0,0.0,0.0,0.0,0.0,0.0,0.0,0.0,0.0,0.0,0.0,0.0,58.8,53,12,65510,27,65476,1000,65476,1,0,4,20529,65476,0,0,30147,60.0,0.0,10.0,10.0,2.0,0.0
2026-02-16T12:10:17,ERR,ERR,ERR,ERR,ERR,ERR,ERR,ERR,ERR,ERR,ERR,ERR,ERR,ERR,ERR,ERR,ERR,ERR,ERR,ERR,ERR,ERR,ERR,ERR,ERR,ERR,ERR,ERR,ERR,ERR,ERR,ERR,ERR,ERR,ERR,ERR,ERR,ERR,ERR,ERR,ERR,ERR,ERR,ERR,ERR,ERR,ERR,ERR,ERR,ERR,ERR,ERR,ERR,ERR,ERR,ERR,ERR,ERR,ERR,ERR,ERR,ERR,ERR,ERR,ERR,ERR,ERR,ERR,ERR,ERR,ERR,ERR,ERR,ERR,ERR,ERR,ERR,ERR,ERR,ERR,ERR,ERR,ERR,ERR,ERR,ERR,ERR,ERR,ERR,ERR,ERR,ERR,ERR,ERR,ERR,ERR,ERR,ERR,ERR,ERR,ERR,ERR,ERR,ERR,ERR,ERR,ERR,ERR,ERR,ERR,ERR,ERR,ERR,ERR,ERR,ERR,ERR,ERR,ERR,ERR,ERR,ERR,ERR,ERR,ERR,2.718442270659078e+23,-0.0,0.0,-0.0,0.0,-0.0,-2074846.625,0.0,4300,0,8,17171,4300,-0.0,39,0.0,0.0,-0.0,0.0,-4.925046184806267e+32,0,0,0,0,0.0,0,0,0,0,0,0,0,0,0,0,0,0,0,0,0,0,0,0,0,0,0,0,0,0,0,0,0,0,0,0,0,0,0,7,37,36,44,65476,368,65476,1,0,4,21553,0.0,-0.0,-0.002,0.0,0.0,0.0,0.0,0.0,0.0,0.0,0.0,0.0,0.0,0.0,0.0,0.0,0.0,0.0,0.0,0.0,0.0,2.004,-0.0,3.697081460117733e+19,-0.0,0.0,0.0,0.0,0.0,0.0,6623.0,2.4230023160510894e+24,0.0,2.718442270659078e+23,-0.0,-107616232.0,-0.0,0.0,0.0,2.004,2.004,224,-0.0,0.0,0.0,0.0,0.0,0.0,0.0,0.0,0.0,0,0,0,-29997894991872.0,0.0,1.1408259168716404e+23,0.0,-0.0,-0.0,-1.1570564529714334e+27,3.997720729579104e+25,-1.161895919385683e+27,-1.1372074603445328e+20,-0.0,404017.281,0.0,0.0,0.0,0.0,0,1.3516416376850534e+27,224,0.0,448,-0.0,-1814070400.0,2114,13107,17110,13107,17112,13107,17095,0,0,0,101,100,100,0.0,63.85,2.7302334150594743e+23,64.0,0.0,64.0,1,49,50,180,0,0,0,0,0.0,0.0,0.0,60.0,-339221248212992.0,70.5,0.0,0.0,0.0,1070,0,1071,0,0,0,1071,0,1081,0,996,0,640,0,642,0,638,0,675,0.032,7.968993439842526e+21,-2.004,0.0,55952,16812,-4068368311123968.0,0.0,0.0,-0.0,-1214514.25,-0.0,50.0,60.0,35,0.0,0.0,10.0,2.0,0.0,0.0,0.0,0.0,0.0,0.0,0.0,0.0,0.0,0.0,0.0,0.0,58.8,53,12,65510,27,65476,1000,65476,1,0,4,20529,65476,0,0,30147,60.0,0.0,10.0,10.0,2.0,0.0
2026-02-16T12:10:18,ERR,ERR,ERR,ERR,ERR,ERR,ERR,ERR,ERR,ERR,ERR,ERR,ERR,ERR,ERR,ERR,ERR,ERR,ERR,ERR,ERR,ERR,ERR,ERR,ERR,ERR,ERR,ERR,ERR,ERR,ERR,ERR,ERR,ERR,ERR,ERR,ERR,ERR,ERR,ERR,ERR,ERR,ERR,ERR,ERR,ERR,ERR,ERR,ERR,ERR,ERR,ERR,ERR,ERR,ERR,ERR,ERR,ERR,ERR,ERR,ERR,ERR,ERR,ERR,ERR,ERR,ERR,ERR,ERR,ERR,ERR,ERR,ERR,ERR,ERR,ERR,ERR,ERR,ERR,ERR,ERR,ERR,ERR,ERR,ERR,ERR,ERR,ERR,ERR,ERR,ERR,ERR,ERR,ERR,ERR,ERR,ERR,ERR,ERR,ERR,ERR,ERR,ERR,ERR,ERR,ERR,ERR,ERR,ERR,ERR,ERR,ERR,ERR,ERR,ERR,ERR,ERR,ERR,ERR,ERR,ERR,ERR,ERR,ERR,ERR,2.718442270659078e+23,-0.0,0.0,-0.0,0.0,1.547339324234885e+37,-0.0,0.0,4300,0,8,17171,4300,-0.0,39,0.0,0.0,-0.0,0.0,-4.925046184806267e+32,0,0,0,0,0.0,0,0,0,0,0,0,0,0,0,0,0,0,0,0,0,0,0,0,0,0,0,0,0,0,0,0,0,0,0,0,0,0,0,8,36,36,44,65476,367,65476,1,0,4,21553,0.0,0.0,-60994.121,0.0,0.0,0.0,0.0,0.0,0.0,0.0,0.0,0.0,0.0,0.0,0.0,0.0,0.0,0.0,0.0,0.0,0.0,2.004,-0.0,3.697081460117733e+19,-0.0,0.0,0.0,0.0,0.0,0.0,6621.0,-0.0,0.0,2.718442270659078e+23,-0.0,-107616232.0,-0.0,0.0,0.0,2.004,2.004,225,-0.0,89221.031,0.0,0.0,0.0,0.0,0.0,0.0,0.0,0,0,0,-4.476816240374112e+31,0.0,1.1108639468276869e+32,-1.838,-0.0,-0.0,-9.700316431532845e+19,-0.0,0.0,-1.2063827506209436e+20,-0.0,432689.281,0.0,0.0,0.0,0.0,0,1.3516416376850534e+27,225,0.0,450,-0.0,-1814070400.0,2114,13107,17110,13107,17112,13107,17095,0,0,0,101,100,100,0.0,63.85,2.7302334150594743e+23,64.0,0.0,64.0,1,49,50,180,0,0,0,0,0.0,0.0,0.0,60.0,-8196004352.0,70.5,0.0,-2.1317844292282134e+30,0.0,1070,0,1070,0,0,0,1071,0,1081,0,996,0,640,0,642,0,638,0,674,0.032,8.005886927989945e+21,-0.0,-107615280.0,64400,16812,-115.63,7.527649899732255e+24,0.0,-0.292,-428.512,-0.0,50.0,60.0,35,0.0,0.0,10.0,2.0,0.0,0.0,0.0,0.0,0.0,0.0,0.0,0.0,0.0,0.0,0.0,0.0,59.2,53,12,65510,27,65476,1000,65476,1,0,4,20529,65476,0,0,30147,60.0,0.0,10.0,10.0,2.0,0.0
2026-02-16T12:10:19,ERR,ERR,ERR,ERR,ERR,ERR,ERR,ERR,ERR,ERR,ERR,ERR,ERR,ERR,ERR,ERR,ERR,ERR,ERR,ERR,ERR,ERR,ERR,ERR,ERR,ERR,ERR,ERR,ERR,ERR,ERR,ERR,ERR,ERR,ERR,ERR,ERR,ERR,ERR,ERR,ERR,ERR,ERR,ERR,ERR,ERR,ERR,ERR,ERR,ERR,ERR,ERR,ERR,ERR,ERR,ERR,ERR,ERR,ERR,ERR,ERR,ERR,ERR,ERR,ERR,ERR,ERR,ERR,ERR,ERR,ERR,ERR,ERR,ERR,ERR,ERR,ERR,ERR,ERR,ERR,ERR,ERR,ERR,ERR,ERR,ERR,ERR,ERR,ERR,ERR,ERR,ERR,ERR,ERR,ERR,ERR,ERR,ERR,ERR,ERR,ERR,ERR,ERR,ERR,ERR,ERR,ERR,ERR,ERR,ERR,ERR,ERR,ERR,ERR,ERR,ERR,ERR,ERR,ERR,ERR,ERR,ERR,ERR,ERR,ERR,2.718442270659078e+23,-0.0,0.0,-0.0,0.0,1.547339324234885e+37,-0.0,0.0,4300,0,8,17171,4300,-0.0,39,0.0,0.0,-0.0,0.0,-4.925046184806267e+32,0,0,0,0,0.0,0,0,0,0,0,0,0,0,0,0,0,0,0,0,0,0,0,0,0,0,0,0,0,0,0,0,0,0,0,0,0,0,0,8,36,36,44,65476,367,65476,1,0,4,21553,0.0,0.0,-60994.121,0.0,0.0,0.0,0.0,0.0,0.0,0.0,0.0,0.0,0.0,0.0,0.0,0.0,0.0,0.0,0.0,0.0,0.0,2.004,-0.0,3.697081460117733e+19,-0.0,0.0,0.0,0.0,0.0,0.0,6621.0,-0.0,0.0,2.718442270659078e+23,-0.0,-107616232.0,-0.0,0.0,0.0,2.004,2.004,225,-0.0,89221.031,0.0,0.0,0.0,0.0,0.0,0.0,0.0,0,0,0,-4.476816240374112e+31,0.0,1.1108639468276869e+32,-1.838,-0.0,-0.0,-9.700316431532845e+19,-0.0,0.0,-1.2063827506209436e+20,-0.0,432689.281,0.0,0.0,0.0,0.0,0,1.3516416376850534e+27,225,0.0,450,-0.0,-1814070400.0,2114,13107,17110,13107,17112,13107,17095,0,0,0,101,100,100,0.0,63.85,2.7302334150594743e+23,64.0,0.0,64.0,1,49,50,180,0,0,0,0,0.0,0.0,0.0,60.0,-8196004352.0,70.5,0.0,-2.1317844292282134e+30,0.0,1070,0,1070,0,0,0,1071,0,1081,0,996,0,640,0,642,0,638,0,674,0.032,8.005886927989945e+21,-0.0,-107615280.0,64400,16812,-115.63,7.527649899732255e+24,0.0,-0.292,-428.512,-0.0,50.0,60.0,35,0.0,0.0,10.0,2.0,0.0,0.0,0.0,0.0,0.0,0.0,0.0,0.0,0.0,0.0,0.0,0.0,58.8,53,12,65510,27,65476,1000,65476,1,0,4,20529,65476,0,0,30147,60.0,0.0,10.0,10.0,2.0,0.0
2026-02-16T12:10:20,ERR,ERR,ERR,ERR,ERR,ERR,ERR,ERR,ERR,ERR,ERR,ERR,ERR,ERR,ERR,ERR,ERR,ERR,ERR,ERR,ERR,ERR,ERR,ERR,ERR,ERR,ERR,ERR,ERR,ERR,ERR,ERR,ERR,ERR,ERR,ERR,ERR,ERR,ERR,ERR,ERR,ERR,ERR,ERR,ERR,ERR,ERR,ERR,ERR,ERR,ERR,ERR,ERR,ERR,ERR,ERR,ERR,ERR,ERR,ERR,ERR,ERR,ERR,ERR,ERR,ERR,ERR,ERR,ERR,ERR,ERR,ERR,ERR,ERR,ERR,ERR,ERR,ERR,ERR,ERR,ERR,ERR,ERR,ERR,ERR,ERR,ERR,ERR,ERR,ERR,ERR,ERR,ERR,ERR,ERR,ERR,ERR,ERR,ERR,ERR,ERR,ERR,ERR,ERR,ERR,ERR,ERR,ERR,ERR,ERR,ERR,ERR,ERR,ERR,ERR,ERR,ERR,ERR,ERR,ERR,ERR,ERR,ERR,ERR,ERR,2.718442270659078e+23,-0.0,0.0,-0.0,0.0,1.547339324234885e+37,-0.0,0.0,4300,0,8,17171,4300,-0.0,39,0.0,0.0,-0.0,0.0,-4.925046184806267e+32,0,0,0,0,0.0,0,0,0,0,0,0,0,0,0,0,0,0,0,0,0,0,0,0,0,0,0,0,0,0,0,0,0,0,0,0,0,0,0,8,36,36,44,65476,367,65476,1,0,4,21553,0.0,0.0,-60994.121,0.0,0.0,0.0,0.0,0.0,0.0,0.0,0.0,0.0,0.0,0.0,0.0,0.0,0.0,0.0,0.0,0.0,0.0,2.004,-0.0,3.697081460117733e+19,-0.0,0.0,0.0,0.0,0.0,0.0,6621.0,-0.0,0.0,2.718442270659078e+23,-0.0,-107616232.0,-0.0,0.0,0.0,2.004,2.004,225,-0.0,89221.031,0.0,0.0,0.0,0.0,0.0,0.0,0.0,0,0,0,-4.476816240374112e+31,0.0,1.1108639468276869e+32,-1.838,-0.0,-0.0,-9.700316431532845e+19,-0.0,0.0,-1.2063827506209436e+20,-0.0,432689.281,0.0,0.0,0.0,0.0,0,1.3516416376850534e+27,225,0.0,450,-0.0,-1814070400.0,2114,13107,17110,13107,17112,13107,17095,0,0,0,101,100,100,0.0,63.85,2.7302334150594743e+23,64.0,0.0,64.0,1,49,50,180,0,0,0,0,0.0,0.0,0.0,60.0,-8196004352.0,70.5,0.0,-2.1317844292282134e+30,0.0,1070,0,1070,0,0,0,1071,0,1081,0,996,0,640,0,642,0,638,0,674,0.032,8.005886927989945e+21,-0.0,-107615280.0,64400,16812,-115.63,7.527649899732255e+24,0.0,-0.292,-428.512,-0.0,50.0,60.0,35,0.0,0.0,10.0,2.0,0.0,0.0,0.0,0.0,0.0,0.0,0.0,0.0,0.0,0.0,0.0,0.0,58.8,53,12,65510,27,65476,1000,65476,1,0,4,20529,65476,0,0,30147,60.0,0.0,10.0,10.0,2.0,0.0
2026-02-16T12:10:21,ERR,ERR,ERR,ERR,ERR,ERR,ERR,ERR,ERR,ERR,ERR,ERR,ERR,ERR,ERR,ERR,ERR,ERR,ERR,ERR,ERR,ERR,ERR,ERR,ERR,ERR,ERR,ERR,ERR,ERR,ERR,ERR,ERR,ERR,ERR,ERR,ERR,ERR,ERR,ERR,ERR,ERR,ERR,ERR,ERR,ERR,ERR,ERR,ERR,ERR,ERR,ERR,ERR,ERR,ERR,ERR,ERR,ERR,ERR,ERR,ERR,ERR,ERR,ERR,ERR,ERR,ERR,ERR,ERR,ERR,ERR,ERR,ERR,ERR,ERR,ERR,ERR,ERR,ERR,ERR,ERR,ERR,ERR,ERR,ERR,ERR,ERR,ERR,ERR,ERR,ERR,ERR,ERR,ERR,ERR,ERR,ERR,ERR,ERR,ERR,ERR,ERR,ERR,ERR,ERR,ERR,ERR,ERR,ERR,ERR,ERR,ERR,ERR,ERR,ERR,ERR,ERR,ERR,ERR,ERR,ERR,ERR,ERR,ERR,ERR,2.718442270659078e+23,-0.0,0.0,-0.0,0.0,1.547339324234885e+37,-0.0,0.0,4300,0,8,17171,4300,-0.0,39,0.0,0.0,-0.0,0.0,-4.925046184806267e+32,0,0,0,0,0.0,0,0,0,0,0,0,0,0,0,0,0,0,0,0,0,0,0,0,0,0,0,0,0,0,0,0,0,0,0,0,0,0,0,8,36,36,44,65476,367,65476,1,0,4,21553,0.0,0.0,-60994.121,0.0,0.0,0.0,0.0,0.0,0.0,0.0,0.0,0.0,0.0,0.0,0.0,0.0,0.0,0.0,0.0,0.0,0.0,2.004,-0.0,3.697081460117733e+19,-0.0,0.0,0.0,0.0,0.0,0.0,6621.0,-0.0,0.0,2.718442270659078e+23,-0.0,-107616232.0,-0.0,0.0,0.0,2.004,2.004,225,-0.0,89221.031,0.0,0.0,0.0,0.0,0.0,0.0,0.0,0,0,0,-4.476816240374112e+31,0.0,1.1108639468276869e+32,-1.838,-0.0,-0.0,-9.700316431532845e+19,-0.0,0.0,-1.2063827506209436e+20,-0.0,432689.281,0.0,0.0,0.0,0.0,0,1.3516416376850534e+27,225,0.0,450,-0.0,-1814070400.0,2114,13107,17110,13107,17112,13107,17095,0,0,0,101,100,100,0.0,63.85,2.7302334150594743e+23,64.0,0.0,64.0,1,49,50,180,0,0,0,0,0.0,0.0,0.0,60.0,-5.776315260285747e+17,70.5,0.0,1.1900022581971443e+29,0.0,1070,0,1070,0,0,0,1071,0,1081,0,996,0,640,0,642,0,638,0,675,0.032,8.005886927989945e+21,-2.004,0.0,5264,16813,-5.776315260285747e+17,1.1900022581971443e+29,8128579072.0,-8.356591431544062e+34,0.0,-6.143194802683904e+16,50.0,60.0,35,0.0,0.0,10.0,2.0,0.0,0.0,0.0,0.0,0.0,0.0,0.0,0.0,0.0,0.0,0.0,0.0,58.8,53,12,65510,27,65476,1000,65476,1,0,4,20529,65476,0,0,30147,60.0,0.0,10.0,10.0,2.0,0.0
2026-02-16T12:10:22,ERR,ERR,ERR,ERR,ERR,ERR,ERR,ERR,ERR,ERR,ERR,ERR,ERR,ERR,ERR,ERR,ERR,ERR,ERR,ERR,ERR,ERR,ERR,ERR,ERR,ERR,ERR,ERR,ERR,ERR,ERR,ERR,ERR,ERR,ERR,ERR,ERR,ERR,ERR,ERR,ERR,ERR,ERR,ERR,ERR,ERR,ERR,ERR,ERR,ERR,ERR,ERR,ERR,ERR,ERR,ERR,ERR,ERR,ERR,ERR,ERR,ERR,ERR,ERR,ERR,ERR,ERR,ERR,ERR,ERR,ERR,ERR,ERR,ERR,ERR,ERR,ERR,ERR,ERR,ERR,ERR,ERR,ERR,ERR,ERR,ERR,ERR,ERR,ERR,ERR,ERR,ERR,ERR,ERR,ERR,ERR,ERR,ERR,ERR,ERR,ERR,ERR,ERR,ERR,ERR,ERR,ERR,ERR,ERR,ERR,ERR,ERR,ERR,ERR,ERR,ERR,ERR,ERR,ERR,ERR,ERR,ERR,ERR,ERR,ERR,2.718442270659078e+23,-0.0,0.0,-0.0,0.0,-0.0,-9.579153705257269e+22,-1.943073224406554e+31,4300,0,8,17171,4300,-0.0,40,0.0,0.0,-0.0,0.0,-4.925046184806267e+32,0,0,0,0,0.0,0,0,0,0,0,0,0,0,0,0,0,0,0,0,0,0,0,0,0,0,0,0,0,0,0,0,0,0,0,0,0,0,0,8,36,36,44,65476,369,65476,1,0,4,21553,0.0,0.0,0.0,0.0,0.0,0.0,0.0,0.0,0.0,0.0,0.0,0.0,0.0,0.0,0.0,0.0,0.0,0.0,0.0,0.0,0.0,2.004,-0.0,3.697081460117733e+19,-0.0,0.0,0.0,0.0,0.0,0.0,6619.0,-131351.219,0.0,2.718442270659078e+23,2.7184525388662284e+23,-0.0,-0.0,0.0,0.0,2.004,2.004,226,5.848055287018579e+35,152018287067136.0,0.0,0.0,0.0,0.0,0.0,0.0,0.0,0,0,0,-2.989511338157123e+24,1403057536.0,1.6559382747630528e+23,-5.1024882546185485e+32,-0.0,0.002,-6.5317039103762105e+34,5981865472.0,-1.197374059548826e+22,-1.2813226484203887e+20,-0.0,455217.281,0.0,0.0,0.0,0.0,0,1.3516416376850534e+27,226,0.0,452,-0.0,4.5382711475481616e+24,2114,13107,17110,13107,17112,13107,17095,0,0,0,101,100,100,0.0,63.85,2.7302334150594743e+23,64.0,0.0,64.0,1,49,50,180,0,0,0,0,0.0,0.0,0.0,60.0,-5.776315260285747e+17,70.5,0.0,1.1900022581971443e+29,0.0,1070,0,1070,0,0,0,1071,0,1081,0,996,0,640,0,642,0,638,0,675,0.032,8.005886927989945e+21,-2.004,0.0,5264,16813,-5.776315260285747e+17,1.1900022581971443e+29,8128579072.0,-8.356591431544062e+34,0.0,-6.143194802683904e+16,50.0,60.0,35,0.0,0.0,10.0,2.0,0.0,0.0,0.0,0.0,0.0,0.0,0.0,0.0,0.0,0.0,0.0,0.0,58.8,53,12,65510,27,65476,1000,65476,1,0,4,20529,65476,0,0,30147,60.0,0.0,10.0,10.0,2.0,0.0
2026-02-16T12:10:23,ERR,ERR,ERR,ERR,ERR,ERR,ERR,ERR,ERR,ERR,ERR,ERR,ERR,ERR,ERR,ERR,ERR,ERR,ERR,ERR,ERR,ERR,ERR,ERR,ERR,ERR,ERR,ERR,ERR,ERR,ERR,ERR,ERR,ERR,ERR,ERR,ERR,ERR,ERR,ERR,ERR,ERR,ERR,ERR,ERR,ERR,ERR,ERR,ERR,ERR,ERR,ERR,ERR,ERR,ERR,ERR,ERR,ERR,ERR,ERR,ERR,ERR,ERR,ERR,ERR,ERR,ERR,ERR,ERR,ERR,ERR,ERR,ERR,ERR,ERR,ERR,ERR,ERR,ERR,ERR,ERR,ERR,ERR,ERR,ERR,ERR,ERR,ERR,ERR,ERR,ERR,ERR,ERR,ERR,ERR,ERR,ERR,ERR,ERR,ERR,ERR,ERR,ERR,ERR,ERR,ERR,ERR,ERR,ERR,ERR,ERR,ERR,ERR,ERR,ERR,ERR,ERR,ERR,ERR,ERR,ERR,ERR,ERR,ERR,ERR,2.718442270659078e+23,-0.0,0.0,-0.0,0.0,-0.0,-9.579153705257269e+22,-1.943073224406554e+31,4300,0,8,17171,4300,-0.0,40,0.0,0.0,-0.0,0.0,-4.925046184806267e+32,0,0,0,0,0.0,0,0,0,0,0,0,0,0,0,0,0,0,0,0,0,0,0,0,0,0,0,0,0,0,0,0,0,0,0,0,0,0,0,8,36,36,44,65476,369,65476,1,0,4,21553,0.0,0.0,0.0,0.0,0.0,0.0,0.0,0.0,0.0,0.0,0.0,0.0,0.0,0.0,0.0,0.0,0.0,0.0,0.0,0.0,0.0,2.004,-0.0,3.697081460117733e+19,-0.0,0.0,0.0,0.0,0.0,0.0,6619.0,-131351.219,0.0,2.718442270659078e+23,2.7184525388662284e+23,-0.0,-0.0,0.0,0.0,2.004,2.004,226,5.848055287018579e+35,152018287067136.0,0.0,0.0,0.0,0.0,0.0,0.0,0.0,0,0,0,-2.989511338157123e+24,1403057536.0,1.6559382747630528e+23,-5.1024882546185485e+32,-0.0,0.002,-6.5317039103762105e+34,5981865472.0,-1.197374059548826e+22,-1.2813226484203887e+20,-0.0,455217.281,0.0,0.0,0.0,0.0,0,1.3516416376850534e+27,226,0.0,452,-0.0,4.5382711475481616e+24,2114,13107,17110,13107,17112,13107,17095,0,0,0,101,100,100,0.0,63.85,2.7302334150594743e+23,64.0,0.0,64.0,1,49,50,180,0,0,0,0,0.0,0.0,0.0,60.0,-5.776315260285747e+17,70.5,0.0,1.1900022581971443e+29,0.0,1070,0,1070,0,0,0,1071,0,1081,0,996,0,640,0,642,0,638,0,675,0.032,8.005886927989945e+21,-2.004,0.0,5264,16813,-5.776315260285747e+17,1.1900022581971443e+29,8128579072.0,-8.356591431544062e+34,0.0,-6.143194802683904e+16,50.0,60.0,35,0.0,0.0,10.0,2.0,0.0,0.0,0.0,0.0,0.0,0.0,0.0,0.0,0.0,0.0,0.0,0.0,59.2,53,12,65510,27,65476,1000,65476,1,0,4,20529,65476,0,0,30147,60.0,0.0,10.0,10.0,2.0,0.0
2026-02-16T12:10:24,ERR,ERR,ERR,ERR,ERR,ERR,ERR,ERR,ERR,ERR,ERR,ERR,ERR,ERR,ERR,ERR,ERR,ERR,ERR,ERR,ERR,ERR,ERR,ERR,ERR,ERR,ERR,ERR,ERR,ERR,ERR,ERR,ERR,ERR,ERR,ERR,ERR,ERR,ERR,ERR,ERR,ERR,ERR,ERR,ERR,ERR,ERR,ERR,ERR,ERR,ERR,ERR,ERR,ERR,ERR,ERR,ERR,ERR,ERR,ERR,ERR,ERR,ERR,ERR,ERR,ERR,ERR,ERR,ERR,ERR,ERR,ERR,ERR,ERR,ERR,ERR,ERR,ERR,ERR,ERR,ERR,ERR,ERR,ERR,ERR,ERR,ERR,ERR,ERR,ERR,ERR,ERR,ERR,ERR,ERR,ERR,ERR,ERR,ERR,ERR,ERR,ERR,ERR,ERR,ERR,ERR,ERR,ERR,ERR,ERR,ERR,ERR,ERR,ERR,ERR,ERR,ERR,ERR,ERR,ERR,ERR,ERR,ERR,ERR,ERR,2.718442270659078e+23,-0.0,0.0,-0.0,0.0,-0.0,-9.579153705257269e+22,-1.943073224406554e+31,4300,0,8,17171,4300,-0.0,40,0.0,0.0,-0.0,0.0,-4.925046184806267e+32,0,0,0,0,0.0,0,0,0,0,0,0,0,0,0,0,0,0,0,0,0,0,0,0,0,0,0,0,0,0,0,0,0,0,0,0,0,0,0,8,36,36,44,65476,369,65476,1,0,4,21553,0.0,0.0,0.0,0.0,0.0,0.0,0.0,0.0,0.0,0.0,0.0,0.0,0.0,0.0,0.0,0.0,0.0,0.0,0.0,0.0,0.0,2.004,-0.0,3.697081460117733e+19,-0.0,0.0,0.0,0.0,0.0,0.0,6619.0,-131351.219,0.0,2.718442270659078e+23,2.7184525388662284e+23,-0.0,-0.0,0.0,0.0,2.004,2.004,226,5.848055287018579e+35,152018287067136.0,0.0,0.0,0.0,0.0,0.0,0.0,0.0,0,0,0,-2.989511338157123e+24,1403057536.0,1.6559382747630528e+23,-5.1024882546185485e+32,-0.0,0.002,-6.5317039103762105e+34,5981865472.0,-1.197374059548826e+22,-1.2813226484203887e+20,-0.0,455217.281,0.0,0.0,0.0,0.0,0,1.3516416376850534e+27,226,0.0,452,-0.0,4.5382711475481616e+24,2114,13107,17110,13107,17112,13107,17095,0,0,0,101,100,100,0.0,63.85,2.7302334150594743e+23,64.1,0.0,64.0,1,49,50,180,0,0,0,0,0.0,0.0,0.0,60.0,-39798231040.0,70.5,0.0,-3.2732168270281225e+30,0.0,1070,0,1070,0,0,0,1071,0,1081,0,996,0,640,0,642,0,638,0,675,0.032,8.005886927989945e+21,-2.004,0.0,3472,16813,-99098963214336.0,-0.0,-0.0,-0.0,47349405581312.0,1247233.0,50.0,60.0,35,0.0,0.0,10.0,2.0,0.0,0.0,0.0,0.0,0.0,0.0,0.0,0.0,0.0,0.0,0.0,0.0,58.8,53,12,65510,27,65476,1000,65476,1,0,4,20529,65476,0,0,30147,60.0,0.0,10.0,10.0,2.0,0.0
2026-02-16T12:10:25,ERR,ERR,ERR,ERR,ERR,ERR,ERR,ERR,ERR,ERR,ERR,ERR,ERR,ERR,ERR,ERR,ERR,ERR,ERR,ERR,ERR,ERR,ERR,ERR,ERR,ERR,ERR,ERR,ERR,ERR,ERR,ERR,ERR,ERR,ERR,ERR,ERR,ERR,ERR,ERR,ERR,ERR,ERR,ERR,ERR,ERR,ERR,ERR,ERR,ERR,ERR,ERR,ERR,ERR,ERR,ERR,ERR,ERR,ERR,ERR,ERR,ERR,ERR,ERR,ERR,ERR,ERR,ERR,ERR,ERR,ERR,ERR,ERR,ERR,ERR,ERR,ERR,ERR,ERR,ERR,ERR,ERR,ERR,ERR,ERR,ERR,ERR,ERR,ERR,ERR,ERR,ERR,ERR,ERR,ERR,ERR,ERR,ERR,ERR,ERR,ERR,ERR,ERR,ERR,ERR,ERR,ERR,ERR,ERR,ERR,ERR,ERR,ERR,ERR,ERR,ERR,ERR,ERR,ERR,ERR,ERR,ERR,ERR,ERR,ERR,2.718442270659078e+23,-0.0,0.0,-0.0,0.0,-0.0,-9.579153705257269e+22,-1.943073224406554e+31,4300,0,8,17171,4300,-0.0,40,0.0,0.0,-0.0,0.0,-4.925046184806267e+32,0,0,0,0,0.0,0,0,0,0,0,0,0,0,0,0,0,0,0,0,0,0,0,0,0,0,0,0,0,0,0,0,0,0,0,0,0,0,0,8,36,36,44,65476,369,65476,1,0,4,21553,0.0,0.0,0.0,0.0,0.0,0.0,0.0,0.0,0.0,0.0,0.0,0.0,0.0,0.0,0.0,0.0,0.0,0.0,0.0,0.0,0.0,2.004,-0.0,3.697081460117733e+19,-0.0,0.0,0.0,0.0,0.0,0.0,6619.0,-131351.219,0.0,2.718442270659078e+23,2.7184525388662284e+23,-0.0,-0.0,0.0,0.0,2.004,2.004,226,5.848055287018579e+35,152018287067136.0,0.0,0.0,0.0,0.0,0.0,0.0,0.0,0,0,0,-2.989511338157123e+24,1403057536.0,1.6559382747630528e+23,-5.1024882546185485e+32,-0.0,0.002,-6.5317039103762105e+34,5981865472.0,-1.197374059548826e+22,-1.2813226484203887e+20,-0.0,455217.281,0.0,0.0,0.0,0.0,0,1.3516416376850534e+27,226,0.0,452,-0.0,4.5382711475481616e+24,2114,13107,17110,13107,17112,13107,17095,0,0,0,101,100,100,0.0,63.85,2.7302334150594743e+23,64.1,0.0,64.0,1,49,50,180,0,0,0,0,0.0,0.0,0.0,60.0,-39798231040.0,70.5,0.0,-3.2732168270281225e+30,0.0,1070,0,1070,0,0,0,1071,0,1081,0,996,0,640,0,642,0,638,0,675,0.032,8.005886927989945e+21,-2.004,0.0,3472,16813,-99098963214336.0,-0.0,-0.0,-0.0,47349405581312.0,1247233.0,50.0,60.0,35,0.0,0.0,10.0,2.0,0.0,0.0,0.0,0.0,0.0,0.0,0.0,0.0,0.0,0.0,0.0,0.0,58.8,53,12,65510,27,65476,1000,65476,1,0,4,20529,65476,0,0,30147,60.0,0.0,10.0,10.0,2.0,0.0
2026-02-16T12:10:26,ERR,ERR,ERR,ERR,ERR,ERR,ERR,ERR,ERR,ERR,ERR,ERR,ERR,ERR,ERR,ERR,ERR,ERR,ERR,ERR,ERR,ERR,ERR,ERR,ERR,ERR,ERR,ERR,ERR,ERR,ERR,ERR,ERR,ERR,ERR,ERR,ERR,ERR,ERR,ERR,ERR,ERR,ERR,ERR,ERR,ERR,ERR,ERR,ERR,ERR,ERR,ERR,ERR,ERR,ERR,ERR,ERR,ERR,ERR,ERR,ERR,ERR,ERR,ERR,ERR,ERR,ERR,ERR,ERR,ERR,ERR,ERR,ERR,ERR,ERR,ERR,ERR,ERR,ERR,ERR,ERR,ERR,ERR,ERR,ERR,ERR,ERR,ERR,ERR,ERR,ERR,ERR,ERR,ERR,ERR,ERR,ERR,ERR,ERR,ERR,ERR,ERR,ERR,ERR,ERR,ERR,ERR,ERR,ERR,ERR,ERR,ERR,ERR,ERR,ERR,ERR,ERR,ERR,ERR,ERR,ERR,ERR,ERR,ERR,ERR,2.718442270659078e+23,-0.0,0.0,-0.0,0.0,-0.0,-9.579153705257269e+22,-1.943073224406554e+31,4300,0,8,17171,4300,-0.0,40,0.0,0.0,-0.0,0.0,-4.925046184806267e+32,0,0,0,0,0.0,0,0,0,0,0,0,0,0,0,0,0,0,0,0,0,0,0,0,0,0,0,0,0,0,0,0,0,0,0,0,0,0,0,8,36,36,44,65476,369,65476,1,0,4,21553,0.0,0.0,0.0,0.0,0.0,0.0,0.0,0.0,0.0,0.0,0.0,0.0,0.0,0.0,0.0,0.0,0.0,0.0,0.0,0.0,0.0,2.004,-0.0,3.697081460117733e+19,-0.0,0.0,0.0,0.0,0.0,0.0,6619.0,-131351.219,0.0,2.718442270659078e+23,2.7184525388662284e+23,-0.0,-0.0,0.0,0.0,2.004,2.004,226,5.848055287018579e+35,152018287067136.0,0.0,0.0,0.0,0.0,0.0,0.0,0.0,0,0,0,-2.989511338157123e+24,1403057536.0,1.6559382747630528e+23,-5.1024882546185485e+32,-0.0,0.002,-6.5317039103762105e+34,5981865472.0,-1.197374059548826e+22,-1.2813226484203887e+20,-0.0,455217.281,0.0,0.0,0.0,0.0,0,1.3516416376850534e+27,226,0.0,452,-0.0,4.5382711475481616e+24,2114,13107,17110,13107,17112,13107,17095,0,0,0,101,100,100,0.0,63.85,2.7302334150594743e+23,64.1,0.0,64.0,1,49,50,180,0,0,0,0,0.0,0.0,0.0,60.0,-39798231040.0,70.5,0.0,-3.2732168270281225e+30,0.0,1070,0,1070,0,0,0,1071,0,1081,0,996,0,640,0,642,0,638,0,675,0.032,8.005886927989945e+21,-2.004,0.0,3472,16813,-99098963214336.0,-0.0,-0.0,-0.0,47349405581312.0,1247233.0,50.0,60.0,35,0.0,0.0,10.0,2.0,0.0,0.0,0.0,0.0,0.0,0.0,0.0,0.0,0.0,0.0,0.0,0.0,58.8,53,12,65510,27,65476,1000,65476,1,0,4,20529,65476,0,0,30147,60.0,0.0,10.0,10.0,2.0,0.0
2026-02-16T12:10:27,ERR,ERR,ERR,ERR,ERR,ERR,ERR,ERR,ERR,ERR,ERR,ERR,ERR,ERR,ERR,ERR,ERR,ERR,ERR,ERR,ERR,ERR,ERR,ERR,ERR,ERR,ERR,ERR,ERR,ERR,ERR,ERR,ERR,ERR,ERR,ERR,ERR,ERR,ERR,ERR,ERR,ERR,ERR,ERR,ERR,ERR,ERR,ERR,ERR,ERR,ERR,ERR,ERR,ERR,ERR,ERR,ERR,ERR,ERR,ERR,ERR,ERR,ERR,ERR,ERR,ERR,ERR,ERR,ERR,ERR,ERR,ERR,ERR,ERR,ERR,ERR,ERR,ERR,ERR,ERR,ERR,ERR,ERR,ERR,ERR,ERR,ERR,ERR,ERR,ERR,ERR,ERR,ERR,ERR,ERR,ERR,ERR,ERR,ERR,ERR,ERR,ERR,ERR,ERR,ERR,ERR,ERR,ERR,ERR,ERR,ERR,ERR,ERR,ERR,ERR,ERR,ERR,ERR,ERR,ERR,ERR,ERR,ERR,ERR,ERR,2.718442270659078e+23,2.7184525388662284e+23,-107089984.0,-0.0,-0.0,8336.269,1.8270785723223245e+17,-232272183689216.0,4300,0,8,17171,4300,-0.0,39,0.0,0.0,-0.0,0.0,-4.925046184806267e+32,0,0,0,0,0.0,0,0,0,0,0,0,0,0,0,0,0,0,0,0,0,0,0,0,0,0,0,0,0,0,0,0,0,0,0,0,0,0,0,8,36,36,44,65476,367,65476,1,0,4,21553,0.0,0.0,0.0,0.0,0.0,0.0,0.0,0.0,0.0,0.0,0.0,0.0,0.0,0.0,0.0,0.0,0.0,0.0,0.0,0.0,0.0,2.004,-0.0,2.004,-0.0,0.0,0.0,0.0,0.0,0.0,6593.0,-564149188820992.0,0.0,2.718442270659078e+23,2.7184525388662284e+23,-0.0,-0.0,-0.0,0.0,2.004,2.004,224,-0.0,2.308838606653337e+20,0.0,0.0,0.0,0.0,0.0,0.0,0.0,0,0,0,-1.4451454855583664e+25,1.4584448364314624e+16,4.1638002529093407e+27,-1.3098165727748406e+30,-0.0,-1.8760891539816874e+22,-0.0,2.8366486103666416e+23,-0.227,-1.3504979386967995e+20,-0.0,481841.281,0.0,0.0,0.0,-1.3452752435353569e+32,0,1.3516416376850534e+27,224,0.0,448,-74360974999552.0,-0.0,2114,13107,17110,13107,17112,13107,17095,0,0,0,101,100,100,0.0,63.85,2.7302334150594743e+23,64.1,0.0,64.0,1,49,50,180,0,0,0,0,0.0,0.0,0.0,60.0,-39798231040.0,70.5,0.0,-3.2732168270281225e+30,0.0,1070,0,1070,0,0,0,1071,0,1081,0,996,0,640,0,642,0,638,0,675,0.032,8.005886927989945e+21,-2.004,0.0,3472,16813,-99098963214336.0,-0.0,-0.0,-0.0,47349405581312.0,1247233.0,50.0,60.0,35,0.0,0.0,10.0,2.0,0.0,0.0,0.0,0.0,0.0,0.0,0.0,0.0,0.0,0.0,0.0,0.0,58.8,53,12,65510,27,65476,1000,65476,1,0,4,20529,65476,0,0,30147,60.0,0.0,10.0,10.0,2.0,0.0
2026-02-16T12:10:28,ERR,ERR,ERR,ERR,ERR,ERR,ERR,ERR,ERR,ERR,ERR,ERR,ERR,ERR,ERR,ERR,ERR,ERR,ERR,ERR,ERR,ERR,ERR,ERR,ERR,ERR,ERR,ERR,ERR,ERR,ERR,ERR,ERR,ERR,ERR,ERR,ERR,ERR,ERR,ERR,ERR,ERR,ERR,ERR,ERR,ERR,ERR,ERR,ERR,ERR,ERR,ERR,ERR,ERR,ERR,ERR,ERR,ERR,ERR,ERR,ERR,ERR,ERR,ERR,ERR,ERR,ERR,ERR,ERR,ERR,ERR,ERR,ERR,ERR,ERR,ERR,ERR,ERR,ERR,ERR,ERR,ERR,ERR,ERR,ERR,ERR,ERR,ERR,ERR,ERR,ERR,ERR,ERR,ERR,ERR,ERR,ERR,ERR,ERR,ERR,ERR,ERR,ERR,ERR,ERR,ERR,ERR,ERR,ERR,ERR,ERR,ERR,ERR,ERR,ERR,ERR,ERR,ERR,ERR,ERR,ERR,ERR,ERR,ERR,ERR,2.718442270659078e+23,2.7184525388662284e+23,-107089984.0,-0.0,-0.0,8336.269,1.8270785723223245e+17,-232272183689216.0,4300,0,8,17171,4300,-0.0,39,0.0,0.0,-0.0,0.0,-4.925046184806267e+32,0,0,0,0,0.0,0,0,0,0,0,0,0,0,0,0,0,0,0,0,0,0,0,0,0,0,0,0,0,0,0,0,0,0,0,0,0,0,0,8,36,36,44,65476,367,65476,1,0,4,21553,0.0,0.0,0.0,0.0,0.0,0.0,0.0,0.0,0.0,0.0,0.0,0.0,0.0,0.0,0.0,0.0,0.0,0.0,0.0,0.0,0.0,2.004,-0.0,2.004,-0.0,0.0,0.0,0.0,0.0,0.0,6593.0,-564149188820992.0,0.0,2.718442270659078e+23,2.7184525388662284e+23,-0.0,-0.0,-0.0,0.0,2.004,2.004,224,-0.0,2.308838606653337e+20,0.0,0.0,0.0,0.0,0.0,0.0,0.0,0,0,0,-1.4451454855583664e+25,1.4584448364314624e+16,4.1638002529093407e+27,-1.3098165727748406e+30,-0.0,-1.8760891539816874e+22,-0.0,2.8366486103666416e+23,-0.227,-1.3504979386967995e+20,-0.0,481841.281,0.0,0.0,0.0,-1.3452752435353569e+32,0,1.3516416376850534e+27,224,0.0,448,-74360974999552.0,-0.0,2114,13107,17110,13107,17112,13107,17095,0,0,0,101,100,100,0.0,63.85,2.7302334150594743e+23,64.1,0.0,64.0,1,49,50,180,0,0,0,0,0.0,0.0,0.0,60.0,-4.552950522447185e+22,70.5,0.0,-5.1366260759981444e+33,0.0,1070,0,1070,0,0,0,1071,0,1081,0,996,0,640,0,642,0,638,0,675,0.032,7.968993439842526e+21,-2.004,0.0,11152,16813,-6.810028897169283e+24,-0.0,-47347862077440.0,0.0,-0.0,1.2486364601948256e+33,50.0,60.0,35,0.0,0.0,10.0,2.0,0.0,0.0,0.0,0.0,0.0,0.0,0.0,0.0,0.0,0.0,0.0,0.0,58.8,53,12,65510,27,65476,1000,65476,1,0,4,20529,65476,0,0,30147,60.0,0.0,10.0,10.0,2.0,0.0
2026-02-16T12:10:29,ERR,ERR,ERR,ERR,ERR,ERR,ERR,ERR,ERR,ERR,ERR,ERR,ERR,ERR,ERR,ERR,ERR,ERR,ERR,ERR,ERR,ERR,ERR,ERR,ERR,ERR,ERR,ERR,ERR,ERR,ERR,ERR,ERR,ERR,ERR,ERR,ERR,ERR,ERR,ERR,ERR,ERR,ERR,ERR,ERR,ERR,ERR,ERR,ERR,ERR,ERR,ERR,ERR,ERR,ERR,ERR,ERR,ERR,ERR,ERR,ERR,ERR,ERR,ERR,ERR,ERR,ERR,ERR,ERR,ERR,ERR,ERR,ERR,ERR,ERR,ERR,ERR,ERR,ERR,ERR,ERR,ERR,ERR,ERR,ERR,ERR,ERR,ERR,ERR,ERR,ERR,ERR,ERR,ERR,ERR,ERR,ERR,ERR,ERR,ERR,ERR,ERR,ERR,ERR,ERR,ERR,ERR,ERR,ERR,ERR,ERR,ERR,ERR,ERR,ERR,ERR,ERR,ERR,ERR,ERR,ERR,ERR,ERR,ERR,ERR,2.718442270659078e+23,2.7184525388662284e+23,-107089984.0,-0.0,-0.0,8336.269,1.8270785723223245e+17,-232272183689216.0,4300,0,8,17171,4300,-0.0,39,0.0,0.0,-0.0,0.0,-4.925046184806267e+32,0,0,0,0,0.0,0,0,0,0,0,0,0,0,0,0,0,0,0,0,0,0,0,0,0,0,0,0,0,0,0,0,0,0,0,0,0,0,0,8,36,36,44,65476,367,65476,1,0,4,21553,0.0,0.0,0.0,0.0,0.0,0.0,0.0,0.0,0.0,0.0,0.0,0.0,0.0,0.0,0.0,0.0,0.0,0.0,0.0,0.0,0.0,2.004,-0.0,2.004,-0.0,0.0,0.0,0.0,0.0,0.0,6593.0,-564149188820992.0,0.0,2.718442270659078e+23,2.7184525388662284e+23,-0.0,-0.0,-0.0,0.0,2.004,2.004,224,-0.0,2.308838606653337e+20,0.0,0.0,0.0,0.0,0.0,0.0,0.0,0,0,0,-1.4451454855583664e+25,1.4584448364314624e+16,4.1638002529093407e+27,-1.3098165727748406e+30,-0.0,-1.8760891539816874e+22,-0.0,2.8366486103666416e+23,-0.227,-1.3504979386967995e+20,-0.0,481841.281,0.0,0.0,0.0,-1.3452752435353569e+32,0,1.3516416376850534e+27,224,0.0,448,-74360974999552.0,-0.0,2114,13107,17110,13107,17112,13107,17095,0,0,0,101,100,100,0.0,63.85,2.7302334150594743e+23,64.1,0.0,64.0,1,49,50,180,0,0,0,0,0.0,0.0,0.0,60.0,-4.552950522447185e+22,70.5,0.0,-5.1366260759981444e+33,0.0,1070,0,1070,0,0,0,1071,0,1081,0,996,0,640,0,642,0,638,0,675,0.032,7.968993439842526e+21,-2.004,0.0,11152,16813,-6.810028897169283e+24,-0.0,-47347862077440.0,0.0,-0.0,1.2486364601948256e+33,50.0,60.0,35,0.0,0.0,10.0,2.0,0.0,0.0,0.0,0.0,0.0,0.0,0.0,0.0,0.0,0.0,0.0,0.0,58.8,53,12,65510,27,65476,1000,65476,1,0,4,20529,65476,0,0,30147,60.0,0.0,10.0,10.0,2.0,0.0
2026-02-16T12:10:30,ERR,ERR,ERR,ERR,ERR,ERR,ERR,ERR,ERR,ERR,ERR,ERR,ERR,ERR,ERR,ERR,ERR,ERR,ERR,ERR,ERR,ERR,ERR,ERR,ERR,ERR,ERR,ERR,ERR,ERR,ERR,ERR,ERR,ERR,ERR,ERR,ERR,ERR,ERR,ERR,ERR,ERR,ERR,ERR,ERR,ERR,ERR,ERR,ERR,ERR,ERR,ERR,ERR,ERR,ERR,ERR,ERR,ERR,ERR,ERR,ERR,ERR,ERR,ERR,ERR,ERR,ERR,ERR,ERR,ERR,ERR,ERR,ERR,ERR,ERR,ERR,ERR,ERR,ERR,ERR,ERR,ERR,ERR,ERR,ERR,ERR,ERR,ERR,ERR,ERR,ERR,ERR,ERR,ERR,ERR,ERR,ERR,ERR,ERR,ERR,ERR,ERR,ERR,ERR,ERR,ERR,ERR,ERR,ERR,ERR,ERR,ERR,ERR,ERR,ERR,ERR,ERR,ERR,ERR,ERR,ERR,ERR,ERR,ERR,ERR,2.718442270659078e+23,2.7184525388662284e+23,-107089984.0,-0.0,-0.0,8336.269,1.8270785723223245e+17,-232272183689216.0,4300,0,8,17171,4300,-0.0,39,0.0,0.0,-0.0,0.0,-4.925046184806267e+32,0,0,0,0,0.0,0,0,0,0,0,0,0,0,0,0,0,0,0,0,0,0,0,0,0,0,0,0,0,0,0,0,0,0,0,0,0,0,0,8,36,36,44,65476,367,65476,1,0,4,21553,0.0,0.0,0.0,0.0,0.0,0.0,0.0,0.0,0.0,0.0,0.0,0.0,0.0,0.0,0.0,0.0,0.0,0.0,0.0,0.0,0.0,2.004,-0.0,2.004,-0.0,0.0,0.0,0.0,0.0,0.0,6593.0,-564149188820992.0,0.0,2.718442270659078e+23,2.7184525388662284e+23,-0.0,-0.0,-0.0,0.0,2.004,2.004,224,-0.0,2.308838606653337e+20,0.0,0.0,0.0,0.0,0.0,0.0,0.0,0,0,0,-1.4451454855583664e+25,1.4584448364314624e+16,4.1638002529093407e+27,-1.3098165727748406e+30,-0.0,-1.8760891539816874e+22,-0.0,2.8366486103666416e+23,-0.227,-1.3504979386967995e+20,-0.0,481841.281,0.0,0.0,0.0,-1.3452752435353569e+32,0,1.3516416376850534e+27,224,0.0,448,-74360974999552.0,-0.0,2114,13107,17110,13107,17112,13107,17095,0,0,0,101,100,100,0.0,63.85,2.7302334150594743e+23,64.1,0.0,64.0,1,49,50,180,0,0,0,0,0.0,0.0,0.0,60.0,-4.552950522447185e+22,70.5,0.0,-5.1366260759981444e+33,0.0,1070,0,1070,0,0,0,1071,0,1081,0,996,0,640,0,642,0,638,0,675,0.032,7.968993439842526e+21,-2.004,0.0,11152,16813,-6.810028897169283e+24,-0.0,-47347862077440.0,0.0,-0.0,1.2486364601948256e+33,50.0,60.0,35,0.0,0.0,10.0,2.0,0.0,0.0,0.0,0.0,0.0,0.0,0.0,0.0,0.0,0.0,0.0,0.0,58.8,53,12,65510,27,65476,1000,65476,1,0,4,20529,65476,0,0,30147,60.0,0.0,10.0,10.0,2.0,0.0
2026-02-16T12:10:31,ERR,ERR,ERR,ERR,ERR,ERR,ERR,ERR,ERR,ERR,ERR,ERR,ERR,ERR,ERR,ERR,ERR,ERR,ERR,ERR,ERR,ERR,ERR,ERR,ERR,ERR,ERR,ERR,ERR,ERR,ERR,ERR,ERR,ERR,ERR,ERR,ERR,ERR,ERR,ERR,ERR,ERR,ERR,ERR,ERR,ERR,ERR,ERR,ERR,ERR,ERR,ERR,ERR,ERR,ERR,ERR,ERR,ERR,ERR,ERR,ERR,ERR,ERR,ERR,ERR,ERR,ERR,ERR,ERR,ERR,ERR,ERR,ERR,ERR,ERR,ERR,ERR,ERR,ERR,ERR,ERR,ERR,ERR,ERR,ERR,ERR,ERR,ERR,ERR,ERR,ERR,ERR,ERR,ERR,ERR,ERR,ERR,ERR,ERR,ERR,ERR,ERR,ERR,ERR,ERR,ERR,ERR,ERR,ERR,ERR,ERR,ERR,ERR,ERR,ERR,ERR,ERR,ERR,ERR,ERR,ERR,ERR,ERR,ERR,ERR,2.718442270659078e+23,2.7184525388662284e+23,-107089984.0,-0.0,-0.0,8336.269,1.8270785723223245e+17,-232272183689216.0,4300,0,8,17171,4300,-0.0,39,0.0,0.0,-0.0,0.0,-4.925046184806267e+32,0,0,0,0,0.0,0,0,0,0,0,0,0,0,0,0,0,0,0,0,0,0,0,0,0,0,0,0,0,0,0,0,0,0,0,0,0,0,0,8,36,36,44,65476,367,65476,1,0,4,21553,0.0,0.0,0.0,0.0,0.0,0.0,0.0,0.0,0.0,0.0,0.0,0.0,0.0,0.0,0.0,0.0,0.0,0.0,0.0,0.0,0.0,2.004,-0.0,2.004,-0.0,0.0,0.0,0.0,0.0,0.0,6593.0,-564149188820992.0,0.0,2.718442270659078e+23,2.7184525388662284e+23,-0.0,-0.0,-0.0,0.0,2.004,2.004,224,-0.0,2.308838606653337e+20,0.0,0.0,0.0,0.0,0.0,0.0,0.0,0,0,0,-1.4451454855583664e+25,1.4584448364314624e+16,4.1638002529093407e+27,-1.3098165727748406e+30,-0.0,-1.8760891539816874e+22,-0.0,2.8366486103666416e+23,-0.227,-1.3504979386967995e+20,-0.0,481841.281,0.0,0.0,0.0,-1.3452752435353569e+32,0,1.3516416376850534e+27,224,0.0,448,-74360974999552.0,-0.0,2114,13107,17110,13107,17112,13107,17095,0,0,0,101,100,100,0.0,63.85,2.7302334150594743e+23,64.1,0.0,64.0,1,49,50,180,0,0,0,0,0.0,0.0,0.0,60.0,-339221248212992.0,70.5,0.0,-3.601002676799376e+31,0.0,1070,0,1070,0,0,0,1071,0,1081,0,996,0,641,0,642,0,638,0,676,0.032,8.005886927989945e+21,-2.004,0.0,7568,16813,-339221248212992.0,-3.601002676799376e+31,-8.937466644010694e+21,0.0,-0.0,nan,50.0,60.0,35,0.0,0.0,10.0,2.0,0.0,0.0,0.0,0.0,0.0,0.0,0.0,0.0,0.0,0.0,0.0,0.0,58.8,53,12,65510,27,65476,1000,65476,1,0,4,20529,65476,0,0,30147,60.0,0.0,10.0,10.0,2.0,0.0
2026-02-16T12:10:32,ERR,ERR,ERR,ERR,ERR,ERR,ERR,ERR,ERR,ERR,ERR,ERR,ERR,ERR,ERR,ERR,ERR,ERR,ERR,ERR,ERR,ERR,ERR,ERR,ERR,ERR,ERR,ERR,ERR,ERR,ERR,ERR,ERR,ERR,ERR,ERR,ERR,ERR,ERR,ERR,ERR,ERR,ERR,ERR,ERR,ERR,ERR,ERR,ERR,ERR,ERR,ERR,ERR,ERR,ERR,ERR,ERR,ERR,ERR,ERR,ERR,ERR,ERR,ERR,ERR,ERR,ERR,ERR,ERR,ERR,ERR,ERR,ERR,ERR,ERR,ERR,ERR,ERR,ERR,ERR,ERR,ERR,ERR,ERR,ERR,ERR,ERR,ERR,ERR,ERR,ERR,ERR,ERR,ERR,ERR,ERR,ERR,ERR,ERR,ERR,ERR,ERR,ERR,ERR,ERR,ERR,ERR,ERR,ERR,ERR,ERR,ERR,ERR,ERR,ERR,ERR,ERR,ERR,ERR,ERR,ERR,ERR,ERR,ERR,ERR,2.718442270659078e+23,2.7184525388662284e+23,-107089984.0,-0.0,-0.0,0.0,-2.094792334526857e+26,0.0,4300,0,8,17171,4300,-0.0,40,0.0,0.0,-0.0,0.0,-4.925046184806267e+32,0,0,0,0,0.0,0,0,0,0,0,0,0,0,0,0,0,0,0,0,0,0,0,0,0,0,0,0,0,0,0,0,0,0,0,0,0,0,0,8,36,36,44,65476,365,65476,1,0,4,21553,0.0,0.0,7.984239025301101e+22,0.0,0.0,0.0,0.0,0.0,0.0,0.0,0.0,0.0,0.0,0.0,0.0,0.0,0.0,0.0,0.0,0.0,0.0,2.004,-0.0,2.004,3.697074423243316e+19,0.0,0.0,0.0,0.0,0.0,6620.0,-2.4230023160510894e+24,0.0,2.718442270659078e+23,2.7184525388662284e+23,2.718450016850437e+23,-0.0,0.0,0.0,2.004,2.004,226,-0.0,3.222024903336656e+26,0.0,0.0,0.0,0.0,0.0,0.0,0.0,0,0,0,-1.0156014624797496e+28,1179032879104.0,1.2695019756736395e+27,0.0,-0.0,7.683345315127158e+21,-264434335744.0,3.194691210225376e+37,-8.702114607343809e+23,-1.4196732289732103e+20,-0.0,506417.281,0.0,0.0,0.0,-1.3709443654475546e+23,0,1.3516416376850534e+27,226,0.0,452,-74360974999552.0,0.0,2114,13107,17110,13107,17112,13107,17095,0,0,0,101,100,100,0.0,63.85,2.7302334150594743e+23,64.1,0.0,64.0,1,49,50,180,0,0,0,0,0.0,0.0,0.0,60.0,-339221248212992.0,70.5,0.0,-3.601002676799376e+31,0.0,1070,0,1070,0,0,0,1071,0,1081,0,996,0,641,0,642,0,638,0,676,0.032,8.005886927989945e+21,-2.004,0.0,7568,16813,-339221248212992.0,-3.601002676799376e+31,-8.937466644010694e+21,0.0,-0.0,nan,50.0,60.0,35,0.0,0.0,10.0,2.0,0.0,0.0,0.0,0.0,0.0,0.0,0.0,0.0,0.0,0.0,0.0,0.0,58.8,53,12,65510,27,65476,1000,65476,1,0,4,20529,65476,0,0,30147,60.0,0.0,10.0,10.0,2.0,0.0
2026-02-16T12:10:33,ERR,ERR,ERR,ERR,ERR,ERR,ERR,ERR,ERR,ERR,ERR,ERR,ERR,ERR,ERR,ERR,ERR,ERR,ERR,ERR,ERR,ERR,ERR,ERR,ERR,ERR,ERR,ERR,ERR,ERR,ERR,ERR,ERR,ERR,ERR,ERR,ERR,ERR,ERR,ERR,ERR,ERR,ERR,ERR,ERR,ERR,ERR,ERR,ERR,ERR,ERR,ERR,ERR,ERR,ERR,ERR,ERR,ERR,ERR,ERR,ERR,ERR,ERR,ERR,ERR,ERR,ERR,ERR,ERR,ERR,ERR,ERR,ERR,ERR,ERR,ERR,ERR,ERR,ERR,ERR,ERR,ERR,ERR,ERR,ERR,ERR,ERR,ERR,ERR,ERR,ERR,ERR,ERR,ERR,ERR,ERR,ERR,ERR,ERR,ERR,ERR,ERR,ERR,ERR,ERR,ERR,ERR,ERR,ERR,ERR,ERR,ERR,ERR,ERR,ERR,ERR,ERR,ERR,ERR,ERR,ERR,ERR,ERR,ERR,ERR,2.718442270659078e+23,2.7184525388662284e+23,-107089984.0,-0.0,-0.0,0.0,-2.094792334526857e+26,0.0,4300,0,8,17171,4300,-0.0,40,0.0,0.0,-0.0,0.0,-4.925046184806267e+32,0,0,0,0,0.0,0,0,0,0,0,0,0,0,0,0,0,0,0,0,0,0,0,0,0,0,0,0,0,0,0,0,0,0,0,0,0,0,0,8,36,36,44,65476,365,65476,1,0,4,21553,0.0,0.0,7.984239025301101e+22,0.0,0.0,0.0,0.0,0.0,0.0,0.0,0.0,0.0,0.0,0.0,0.0,0.0,0.0,0.0,0.0,0.0,0.0,2.004,-0.0,2.004,3.697074423243316e+19,0.0,0.0,0.0,0.0,0.0,6620.0,-2.4230023160510894e+24,0.0,2.718442270659078e+23,2.7184525388662284e+23,2.718450016850437e+23,-0.0,0.0,0.0,2.004,2.004,226,-0.0,3.222024903336656e+26,0.0,0.0,0.0,0.0,0.0,0.0,0.0,0,0,0,-1.0156014624797496e+28,1179032879104.0,1.2695019756736395e+27,0.0,-0.0,7.683345315127158e+21,-264434335744.0,3.194691210225376e+37,-8.702114607343809e+23,-1.4196732289732103e+20,-0.0,506417.281,0.0,0.0,0.0,-1.3709443654475546e+23,0,1.3516416376850534e+27,226,0.0,452,-74360974999552.0,0.0,2114,13107,17110,13107,17112,13107,17095,0,0,0,101,100,100,0.0,63.85,2.7302334150594743e+23,64.1,0.0,64.0,1,49,50,180,0,0,0,0,0.0,0.0,0.0,60.0,-339221248212992.0,70.5,0.0,-3.601002676799376e+31,0.0,1070,0,1070,0,0,0,1071,0,1081,0,996,0,641,0,642,0,638,0,676,0.032,8.005886927989945e+21,-2.004,0.0,7568,16813,-339221248212992.0,-3.601002676799376e+31,-8.937466644010694e+21,0.0,-0.0,nan,50.0,60.0,35,0.0,0.0,10.0,2.0,0.0,0.0,0.0,0.0,0.0,0.0,0.0,0.0,0.0,0.0,0.0,0.0,58.8,53,12,65510,27,65476,1000,65476,1,0,4,20529,65476,0,0,30147,60.0,0.0,10.0,10.0,2.0,0.0
2026-02-16T12:10:34,ERR,ERR,ERR,ERR,ERR,ERR,ERR,ERR,ERR,ERR,ERR,ERR,ERR,ERR,ERR,ERR,ERR,ERR,ERR,ERR,ERR,ERR,ERR,ERR,ERR,ERR,ERR,ERR,ERR,ERR,ERR,ERR,ERR,ERR,ERR,ERR,ERR,ERR,ERR,ERR,ERR,ERR,ERR,ERR,ERR,ERR,ERR,ERR,ERR,ERR,ERR,ERR,ERR,ERR,ERR,ERR,ERR,ERR,ERR,ERR,ERR,ERR,ERR,ERR,ERR,ERR,ERR,ERR,ERR,ERR,ERR,ERR,ERR,ERR,ERR,ERR,ERR,ERR,ERR,ERR,ERR,ERR,ERR,ERR,ERR,ERR,ERR,ERR,ERR,ERR,ERR,ERR,ERR,ERR,ERR,ERR,ERR,ERR,ERR,ERR,ERR,ERR,ERR,ERR,ERR,ERR,ERR,ERR,ERR,ERR,ERR,ERR,ERR,ERR,ERR,ERR,ERR,ERR,ERR,ERR,ERR,ERR,ERR,ERR,ERR,2.718442270659078e+23,2.7184525388662284e+23,-107089984.0,-0.0,-0.0,0.0,-2.094792334526857e+26,0.0,4300,0,8,17171,4300,-0.0,40,0.0,0.0,-0.0,0.0,-4.925046184806267e+32,0,0,0,0,0.0,0,0,0,0,0,0,0,0,0,0,0,0,0,0,0,0,0,0,0,0,0,0,0,0,0,0,0,0,0,0,0,0,0,8,36,36,44,65476,365,65476,1,0,4,21553,0.0,0.0,7.984239025301101e+22,0.0,0.0,0.0,0.0,0.0,0.0,0.0,0.0,0.0,0.0,0.0,0.0,0.0,0.0,0.0,0.0,0.0,0.0,2.004,-0.0,2.004,3.697074423243316e+19,0.0,0.0,0.0,0.0,0.0,6620.0,-2.4230023160510894e+24,0.0,2.718442270659078e+23,2.7184525388662284e+23,2.718450016850437e+23,-0.0,0.0,0.0,2.004,2.004,226,-0.0,3.222024903336656e+26,0.0,0.0,0.0,0.0,0.0,0.0,0.0,0,0,0,-1.0156014624797496e+28,1179032879104.0,1.2695019756736395e+27,0.0,-0.0,7.683345315127158e+21,-264434335744.0,3.194691210225376e+37,-8.702114607343809e+23,-1.4196732289732103e+20,-0.0,506417.281,0.0,0.0,0.0,-1.3709443654475546e+23,0,1.3516416376850534e+27,226,0.0,452,-74360974999552.0,0.0,2114,13107,17110,13107,17112,13107,17095,0,0,0,101,100,100,0.0,63.85,2.7302334150594743e+23,64.1,0.0,64.0,1,49,50,180,0,0,0,0,0.0,0.0,0.0,60.0,-339221248212992.0,70.5,0.0,-3.601002676799376e+31,0.0,1070,0,1070,0,0,0,1071,0,1081,0,996,0,641,0,642,0,638,0,676,0.032,8.005886927989945e+21,-2.004,0.0,7568,16813,-339221248212992.0,-3.601002676799376e+31,-8.937466644010694e+21,0.0,-0.0,nan,50.0,60.0,35,0.0,0.0,10.0,2.0,0.0,0.0,0.0,0.0,0.0,0.0,0.0,0.0,0.0,0.0,0.0,0.0,59.2,53,12,65510,27,65476,1000,65476,1,0,4,20529,65476,0,0,30147,60.0,0.0,10.0,10.0,2.0,0.0
2026-02-16T12:10:35,ERR,ERR,ERR,ERR,ERR,ERR,ERR,ERR,ERR,ERR,ERR,ERR,ERR,ERR,ERR,ERR,ERR,ERR,ERR,ERR,ERR,ERR,ERR,ERR,ERR,ERR,ERR,ERR,ERR,ERR,ERR,ERR,ERR,ERR,ERR,ERR,ERR,ERR,ERR,ERR,ERR,ERR,ERR,ERR,ERR,ERR,ERR,ERR,ERR,ERR,ERR,ERR,ERR,ERR,ERR,ERR,ERR,ERR,ERR,ERR,ERR,ERR,ERR,ERR,ERR,ERR,ERR,ERR,ERR,ERR,ERR,ERR,ERR,ERR,ERR,ERR,ERR,ERR,ERR,ERR,ERR,ERR,ERR,ERR,ERR,ERR,ERR,ERR,ERR,ERR,ERR,ERR,ERR,ERR,ERR,ERR,ERR,ERR,ERR,ERR,ERR,ERR,ERR,ERR,ERR,ERR,ERR,ERR,ERR,ERR,ERR,ERR,ERR,ERR,ERR,ERR,ERR,ERR,ERR,ERR,ERR,ERR,ERR,ERR,ERR,2.718442270659078e+23,2.7184525388662284e+23,-107089984.0,-0.0,-0.0,0.0,-2.094792334526857e+26,0.0,4300,0,8,17171,4300,-0.0,40,0.0,0.0,-0.0,0.0,-4.925046184806267e+32,0,0,0,0,0.0,0,0,0,0,0,0,0,0,0,0,0,0,0,0,0,0,0,0,0,0,0,0,0,0,0,0,0,0,0,0,0,0,0,8,36,36,44,65476,365,65476,1,0,4,21553,0.0,0.0,7.984239025301101e+22,0.0,0.0,0.0,0.0,0.0,0.0,0.0,0.0,0.0,0.0,0.0,0.0,0.0,0.0,0.0,0.0,0.0,0.0,2.004,-0.0,2.004,3.697074423243316e+19,0.0,0.0,0.0,0.0,0.0,6620.0,-2.4230023160510894e+24,0.0,2.718442270659078e+23,2.7184525388662284e+23,2.718450016850437e+23,-0.0,0.0,0.0,2.004,2.004,226,-0.0,3.222024903336656e+26,0.0,0.0,0.0,0.0,0.0,0.0,0.0,0,0,0,-1.0156014624797496e+28,1179032879104.0,1.2695019756736395e+27,0.0,-0.0,7.683345315127158e+21,-264434335744.0,3.194691210225376e+37,-8.702114607343809e+23,-1.4196732289732103e+20,-0.0,506417.281,0.0,0.0,0.0,-1.3709443654475546e+23,0,1.3516416376850534e+27,226,0.0,452,-74360974999552.0,0.0,2114,13107,17110,13107,17112,13107,17095,0,0,0,101,100,100,0.0,63.85,2.7302334150594743e+23,64.0,0.0,64.0,1,49,50,180,0,13107,0,0,0.0,0.0,0.0,60.0,-9.974119840775896e+26,70.5,0.0,-1.533925574219632e+28,0.0,1070,0,1070,0,0,0,1071,0,1081,0,996,0,641,0,642,0,638,0,676,0.032,8.005886927989945e+21,0.0,0.0,58512,16812,-5.106749358477259e+29,-0.0,-0.0,0.0,-0.0,0.0,50.0,60.0,35,0.0,0.0,10.0,2.0,0.0,0.0,0.0,0.0,0.0,0.0,0.0,0.0,0.0,0.0,0.0,0.0,59.2,53,12,65510,27,65476,1000,65476,1,0,4,20529,65476,0,0,30147,60.0,0.0,10.0,10.0,2.0,0.0
2026-02-16T12:10:36,ERR,ERR,ERR,ERR,ERR,ERR,ERR,ERR,ERR,ERR,ERR,ERR,ERR,ERR,ERR,ERR,ERR,ERR,ERR,ERR,ERR,ERR,ERR,ERR,ERR,ERR,ERR,ERR,ERR,ERR,ERR,ERR,ERR,ERR,ERR,ERR,ERR,ERR,ERR,ERR,ERR,ERR,ERR,ERR,ERR,ERR,ERR,ERR,ERR,ERR,ERR,ERR,ERR,ERR,ERR,ERR,ERR,ERR,ERR,ERR,ERR,ERR,ERR,ERR,ERR,ERR,ERR,ERR,ERR,ERR,ERR,ERR,ERR,ERR,ERR,ERR,ERR,ERR,ERR,ERR,ERR,ERR,ERR,ERR,ERR,ERR,ERR,ERR,ERR,ERR,ERR,ERR,ERR,ERR,ERR,ERR,ERR,ERR,ERR,ERR,ERR,ERR,ERR,ERR,ERR,ERR,ERR,ERR,ERR,ERR,ERR,ERR,ERR,ERR,ERR,ERR,ERR,ERR,ERR,ERR,ERR,ERR,ERR,ERR,ERR,2.718442270659078e+23,2.7184525388662284e+23,-107089984.0,-0.0,-0.0,0.0,-2.094792334526857e+26,0.0,4300,0,8,17171,4300,-0.0,40,0.0,0.0,-0.0,0.0,-4.925046184806267e+32,0,0,0,0,0.0,0,0,0,0,0,0,0,0,0,0,0,0,0,0,0,0,0,0,0,0,0,0,0,0,0,0,0,0,0,0,0,0,0,8,36,36,44,65476,365,65476,1,0,4,21553,0.0,0.0,7.984239025301101e+22,0.0,0.0,0.0,0.0,0.0,0.0,0.0,0.0,0.0,0.0,0.0,0.0,0.0,0.0,0.0,0.0,0.0,0.0,2.004,-0.0,2.004,3.697074423243316e+19,0.0,0.0,0.0,0.0,0.0,6620.0,-2.4230023160510894e+24,0.0,2.718442270659078e+23,2.7184525388662284e+23,2.718450016850437e+23,-0.0,0.0,0.0,2.004,2.004,226,-0.0,3.222024903336656e+26,0.0,0.0,0.0,0.0,0.0,0.0,0.0,0,0,0,-1.0156014624797496e+28,1179032879104.0,1.2695019756736395e+27,0.0,-0.0,7.683345315127158e+21,-264434335744.0,3.194691210225376e+37,-8.702114607343809e+23,-1.4196732289732103e+20,-0.0,506417.281,0.0,0.0,0.0,-1.3709443654475546e+23,0,1.3516416376850534e+27,226,0.0,452,-74360974999552.0,0.0,2114,13107,17110,13107,17112,13107,17095,0,0,0,101,100,100,0.0,63.85,2.7302334150594743e+23,64.0,0.0,64.0,1,49,50,180,0,13107,0,0,0.0,0.0,0.0,60.0,-9.974119840775896e+26,70.5,0.0,-1.533925574219632e+28,0.0,1070,0,1070,0,0,0,1071,0,1081,0,996,0,641,0,642,0,638,0,676,0.032,8.005886927989945e+21,0.0,0.0,58512,16812,-5.106749358477259e+29,-0.0,-0.0,0.0,-0.0,0.0,50.0,60.0,35,0.0,0.0,10.0,2.0,0.0,0.0,0.0,0.0,0.0,0.0,0.0,0.0,0.0,0.0,0.0,0.0,58.8,53,12,65510,27,65476,1000,65476,1,0,4,20529,65476,0,0,30147,60.0,0.0,10.0,10.0,2.0,0.0
2026-02-16T12:10:37,ERR,ERR,ERR,ERR,ERR,ERR,ERR,ERR,ERR,ERR,ERR,ERR,ERR,ERR,ERR,ERR,ERR,ERR,ERR,ERR,ERR,ERR,ERR,ERR,ERR,ERR,ERR,ERR,ERR,ERR,ERR,ERR,ERR,ERR,ERR,ERR,ERR,ERR,ERR,ERR,ERR,ERR,ERR,ERR,ERR,ERR,ERR,ERR,ERR,ERR,ERR,ERR,ERR,ERR,ERR,ERR,ERR,ERR,ERR,ERR,ERR,ERR,ERR,ERR,ERR,ERR,ERR,ERR,ERR,ERR,ERR,ERR,ERR,ERR,ERR,ERR,ERR,ERR,ERR,ERR,ERR,ERR,ERR,ERR,ERR,ERR,ERR,ERR,ERR,ERR,ERR,ERR,ERR,ERR,ERR,ERR,ERR,ERR,ERR,ERR,ERR,ERR,ERR,ERR,ERR,ERR,ERR,ERR,ERR,ERR,ERR,ERR,ERR,ERR,ERR,ERR,ERR,ERR,ERR,ERR,ERR,ERR,ERR,ERR,ERR,2.718442270659078e+23,2.7184525388662284e+23,-107089984.0,-0.0,-0.0,475656.594,1.4254558684869401e+20,-3852591169536.0,4300,0,8,17174,4300,-0.0,39,0.0,0.0,-0.0,0.0,-4.925046184806267e+32,0,0,0,0,0.0,0,0,0,0,0,0,0,0,0,0,0,0,0,0,0,0,0,0,0,0,0,0,0,0,0,0,0,0,0,0,0,0,0,8,36,36,44,65476,364,65476,1,0,4,21553,0.0,2.7183305813883192e+23,-0.03,0.0,0.0,0.0,0.0,0.0,0.0,0.0,0.0,0.0,0.0,0.0,0.0,0.0,0.0,0.0,0.0,0.0,0.0,2.004,-0.0,2.004,3.697074423243316e+19,2.004,0.0,0.0,0.0,0.0,6655.0,0.0,0.0,2.718442270659078e+23,2.7184525388662284e+23,2.718450016850437e+23,-107616264.0,0.0,0.0,2.004,2.004,224,-0.0,-0.0,0.0,0.0,0.0,0.0,0.0,0.0,0.0,0,0,0,-190733.734,179591380992.0,2.790317739128075e+21,-0.0,1.0012268890150121e+35,-0.0,-0.0,0.0,-0.0,-1.525015942694615e+20,-0.0,541794.562,0.0,0.0,0.0,-9.583317219601564e+33,0,1.3516416376850534e+27,224,0.0,448,-0.0,-0.0,2114,13107,17110,13107,17112,13107,17095,0,0,0,101,100,100,0.0,63.85,2.7302334150594743e+23,64.0,0.0,64.0,1,49,50,180,0,13107,0,0,0.0,0.0,0.0,60.0,-9.974119840775896e+26,70.5,0.0,-1.533925574219632e+28,0.0,1070,0,1070,0,0,0,1071,0,1081,0,996,0,641,0,642,0,638,0,676,0.032,8.005886927989945e+21,0.0,0.0,58512,16812,-5.106749358477259e+29,-0.0,-0.0,0.0,-0.0,0.0,50.0,60.0,35,0.0,0.0,10.0,2.0,0.0,0.0,0.0,0.0,0.0,0.0,0.0,0.0,0.0,0.0,0.0,0.0,58.8,53,12,65510,27,65476,1000,65476,1,0,4,20529,65476,0,0,30147,60.0,0.0,10.0,10.0,2.0,0.0
2026-02-16T12:10:38,ERR,ERR,ERR,ERR,ERR,ERR,ERR,ERR,ERR,ERR,ERR,ERR,ERR,ERR,ERR,ERR,ERR,ERR,ERR,ERR,ERR,ERR,ERR,ERR,ERR,ERR,ERR,ERR,ERR,ERR,ERR,ERR,ERR,ERR,ERR,ERR,ERR,ERR,ERR,ERR,ERR,ERR,ERR,ERR,ERR,ERR,ERR,ERR,ERR,ERR,ERR,ERR,ERR,ERR,ERR,ERR,ERR,ERR,ERR,ERR,ERR,ERR,ERR,ERR,ERR,ERR,ERR,ERR,ERR,ERR,ERR,ERR,ERR,ERR,ERR,ERR,ERR,ERR,ERR,ERR,ERR,ERR,ERR,ERR,ERR,ERR,ERR,ERR,ERR,ERR,ERR,ERR,ERR,ERR,ERR,ERR,ERR,ERR,ERR,ERR,ERR,ERR,ERR,ERR,ERR,ERR,ERR,ERR,ERR,ERR,ERR,ERR,ERR,ERR,ERR,ERR,ERR,ERR,ERR,ERR,ERR,ERR,ERR,ERR,ERR,2.718442270659078e+23,2.7184525388662284e+23,-107089984.0,-0.0,-0.0,475656.594,1.4254558684869401e+20,-3852591169536.0,4300,0,8,17174,4300,-0.0,39,0.0,0.0,-0.0,0.0,-4.925046184806267e+32,0,0,0,0,0.0,0,0,0,0,0,0,0,0,0,0,0,0,0,0,0,0,0,0,0,0,0,0,0,0,0,0,0,0,0,0,0,0,0,8,36,36,44,65476,364,65476,1,0,4,21553,0.0,2.7183305813883192e+23,-0.03,0.0,0.0,0.0,0.0,0.0,0.0,0.0,0.0,0.0,0.0,0.0,0.0,0.0,0.0,0.0,0.0,0.0,0.0,2.004,-0.0,2.004,3.697074423243316e+19,2.004,0.0,0.0,0.0,0.0,6655.0,0.0,0.0,2.718442270659078e+23,2.7184525388662284e+23,2.718450016850437e+23,-107616264.0,0.0,0.0,2.004,2.004,224,-0.0,-0.0,0.0,0.0,0.0,0.0,0.0,0.0,0.0,0,0,0,-190733.734,179591380992.0,2.790317739128075e+21,-0.0,1.0012268890150121e+35,-0.0,-0.0,0.0,-0.0,-1.525015942694615e+20,-0.0,541794.562,0.0,0.0,0.0,-9.583317219601564e+33,0,1.3516416376850534e+27,224,0.0,448,-0.0,-0.0,2114,13107,17110,13107,17112,13107,17095,0,0,0,101,100,100,0.0,63.9,-0.0,64.1,0.0,64.0,1,49,50,180,0,0,0,0,0.0,0.0,0.0,60.0,-2148533364850688.0,70.5,0.0,-0.0,0.0,1070,0,1070,0,0,0,1071,0,1081,0,996,0,641,0,643,0,638,0,676,0.032,8.005886927989945e+21,0.0,0.0,51344,16812,-2148533364850688.0,-0.0,-0.0,-0.0,1.8758044952591073e+18,2990540800.0,50.0,60.0,35,0.0,0.0,10.0,2.0,0.0,0.0,0.0,0.0,0.0,0.0,0.0,0.0,0.0,0.0,0.0,0.0,58.8,53,12,65510,27,65476,1000,65476,1,0,4,20529,65476,0,0,30147,60.0,0.0,10.0,10.0,2.0,0.0
2026-02-16T12:10:39,ERR,ERR,ERR,ERR,ERR,ERR,ERR,ERR,ERR,ERR,ERR,ERR,ERR,ERR,ERR,ERR,ERR,ERR,ERR,ERR,ERR,ERR,ERR,ERR,ERR,ERR,ERR,ERR,ERR,ERR,ERR,ERR,ERR,ERR,ERR,ERR,ERR,ERR,ERR,ERR,ERR,ERR,ERR,ERR,ERR,ERR,ERR,ERR,ERR,ERR,ERR,ERR,ERR,ERR,ERR,ERR,ERR,ERR,ERR,ERR,ERR,ERR,ERR,ERR,ERR,ERR,ERR,ERR,ERR,ERR,ERR,ERR,ERR,ERR,ERR,ERR,ERR,ERR,ERR,ERR,ERR,ERR,ERR,ERR,ERR,ERR,ERR,ERR,ERR,ERR,ERR,ERR,ERR,ERR,ERR,ERR,ERR,ERR,ERR,ERR,ERR,ERR,ERR,ERR,ERR,ERR,ERR,ERR,ERR,ERR,ERR,ERR,ERR,ERR,ERR,ERR,ERR,ERR,ERR,ERR,ERR,ERR,ERR,ERR,ERR,2.718442270659078e+23,2.7184525388662284e+23,-107089984.0,-0.0,-0.0,475656.594,1.4254558684869401e+20,-3852591169536.0,4300,0,8,17174,4300,-0.0,39,0.0,0.0,-0.0,0.0,-4.925046184806267e+32,0,0,0,0,0.0,0,0,0,0,0,0,0,0,0,0,0,0,0,0,0,0,0,0,0,0,0,0,0,0,0,0,0,0,0,0,0,0,0,8,36,36,44,65476,364,65476,1,0,4,21553,0.0,2.7183305813883192e+23,-0.03,0.0,0.0,0.0,0.0,0.0,0.0,0.0,0.0,0.0,0.0,0.0,0.0,0.0,0.0,0.0,0.0,0.0,0.0,2.004,-0.0,2.004,3.697074423243316e+19,2.004,0.0,0.0,0.0,0.0,6655.0,0.0,0.0,2.718442270659078e+23,2.7184525388662284e+23,2.718450016850437e+23,-107616264.0,0.0,0.0,2.004,2.004,224,-0.0,-0.0,0.0,0.0,0.0,0.0,0.0,0.0,0.0,0,0,0,-190733.734,179591380992.0,2.790317739128075e+21,-0.0,1.0012268890150121e+35,-0.0,-0.0,0.0,-0.0,-1.525015942694615e+20,-0.0,541794.562,0.0,0.0,0.0,-9.583317219601564e+33,0,1.3516416376850534e+27,224,0.0,448,-0.0,-0.0,2114,13107,17110,13107,17112,13107,17095,0,0,0,101,100,100,0.0,63.9,-0.0,64.1,0.0,64.0,1,49,50,180,0,0,0,0,0.0,0.0,0.0,60.0,-2148533364850688.0,70.5,0.0,-0.0,0.0,1070,0,1070,0,0,0,1071,0,1081,0,996,0,641,0,643,0,638,0,676,0.032,8.005886927989945e+21,0.0,0.0,51344,16812,-2148533364850688.0,-0.0,-0.0,-0.0,1.8758044952591073e+18,2990540800.0,50.0,60.0,35,0.0,0.0,10.0,2.0,0.0,0.0,0.0,0.0,0.0,0.0,0.0,0.0,0.0,0.0,0.0,0.0,58.8,53,12,65510,27,65476,1000,65476,1,0,4,20529,65476,0,0,30147,60.0,0.0,10.0,10.0,2.0,0.0
2026-02-16T12:10:40,ERR,ERR,ERR,ERR,ERR,ERR,ERR,ERR,ERR,ERR,ERR,ERR,ERR,ERR,ERR,ERR,ERR,ERR,ERR,ERR,ERR,ERR,ERR,ERR,ERR,ERR,ERR,ERR,ERR,ERR,ERR,ERR,ERR,ERR,ERR,ERR,ERR,ERR,ERR,ERR,ERR,ERR,ERR,ERR,ERR,ERR,ERR,ERR,ERR,ERR,ERR,ERR,ERR,ERR,ERR,ERR,ERR,ERR,ERR,ERR,ERR,ERR,ERR,ERR,ERR,ERR,ERR,ERR,ERR,ERR,ERR,ERR,ERR,ERR,ERR,ERR,ERR,ERR,ERR,ERR,ERR,ERR,ERR,ERR,ERR,ERR,ERR,ERR,ERR,ERR,ERR,ERR,ERR,ERR,ERR,ERR,ERR,ERR,ERR,ERR,ERR,ERR,ERR,ERR,ERR,ERR,ERR,ERR,ERR,ERR,ERR,ERR,ERR,ERR,ERR,ERR,ERR,ERR,ERR,ERR,ERR,ERR,ERR,ERR,ERR,2.718442270659078e+23,2.7184525388662284e+23,-107089984.0,-0.0,-0.0,475656.594,1.4254558684869401e+20,-3852591169536.0,4300,0,8,17174,4300,-0.0,39,0.0,0.0,-0.0,0.0,-4.925046184806267e+32,0,0,0,0,0.0,0,0,0,0,0,0,0,0,0,0,0,0,0,0,0,0,0,0,0,0,0,0,0,0,0,0,0,0,0,0,0,0,0,8,36,36,44,65476,364,65476,1,0,4,21553,0.0,2.7183305813883192e+23,-0.03,0.0,0.0,0.0,0.0,0.0,0.0,0.0,0.0,0.0,0.0,0.0,0.0,0.0,0.0,0.0,0.0,0.0,0.0,2.004,-0.0,2.004,3.697074423243316e+19,2.004,0.0,0.0,0.0,0.0,6655.0,0.0,0.0,2.718442270659078e+23,2.7184525388662284e+23,2.718450016850437e+23,-107616264.0,0.0,0.0,2.004,2.004,224,-0.0,-0.0,0.0,0.0,0.0,0.0,0.0,0.0,0.0,0,0,0,-190733.734,179591380992.0,2.790317739128075e+21,-0.0,1.0012268890150121e+35,-0.0,-0.0,0.0,-0.0,-1.525015942694615e+20,-0.0,541794.562,0.0,0.0,0.0,-9.583317219601564e+33,0,1.3516416376850534e+27,224,0.0,448,-0.0,-0.0,2114,13107,17110,13107,17112,13107,17095,0,0,0,101,100,100,0.0,63.9,-0.0,64.1,0.0,64.0,1,49,50,180,0,0,0,0,0.0,0.0,0.0,60.0,-2148533364850688.0,70.5,0.0,-0.0,0.0,1070,0,1070,0,0,0,1071,0,1081,0,996,0,641,0,643,0,638,0,676,0.032,8.005886927989945e+21,0.0,0.0,51344,16812,-2148533364850688.0,-0.0,-0.0,-0.0,1.8758044952591073e+18,2990540800.0,50.0,60.0,35,0.0,0.0,10.0,2.0,0.0,0.0,0.0,0.0,0.0,0.0,0.0,0.0,0.0,0.0,0.0,0.0,58.8,53,12,65510,27,65476,1000,65476,1,0,4,20529,65476,0,0,30147,60.0,0.0,10.0,10.0,2.0,0.0
2026-02-16T12:10:41,ERR,ERR,ERR,ERR,ERR,ERR,ERR,ERR,ERR,ERR,ERR,ERR,ERR,ERR,ERR,ERR,ERR,ERR,ERR,ERR,ERR,ERR,ERR,ERR,ERR,ERR,ERR,ERR,ERR,ERR,ERR,ERR,ERR,ERR,ERR,ERR,ERR,ERR,ERR,ERR,ERR,ERR,ERR,ERR,ERR,ERR,ERR,ERR,ERR,ERR,ERR,ERR,ERR,ERR,ERR,ERR,ERR,ERR,ERR,ERR,ERR,ERR,ERR,ERR,ERR,ERR,ERR,ERR,ERR,ERR,ERR,ERR,ERR,ERR,ERR,ERR,ERR,ERR,ERR,ERR,ERR,ERR,ERR,ERR,ERR,ERR,ERR,ERR,ERR,ERR,ERR,ERR,ERR,ERR,ERR,ERR,ERR,ERR,ERR,ERR,ERR,ERR,ERR,ERR,ERR,ERR,ERR,ERR,ERR,ERR,ERR,ERR,ERR,ERR,ERR,ERR,ERR,ERR,ERR,ERR,ERR,ERR,ERR,ERR,ERR,2.718442270659078e+23,2.7184525388662284e+23,-107089984.0,-0.0,-0.0,-1.679305111357672e+25,-25.41,0.0,4300,0,8,17171,4300,-0.0,39,0.0,0.0,-0.0,0.0,-4.925046184806267e+32,0,0,0,0,0.0,0,0,0,0,0,0,0,0,0,0,0,0,0,0,0,0,0,0,0,0,0,0,0,0,0,0,0,0,0,0,0,0,0,8,36,36,44,65476,364,65476,1,0,4,21553,0.0,2.7183305813883192e+23,-1.3479889711381736e+37,0.0,0.0,0.0,0.0,0.0,0.0,0.0,0.0,0.0,0.0,0.0,-2.600982585120823e+33,0.0,0.0,0.0,0.0,0.0,0.0,2.004,-0.0,2.004,2.004,3.69707618246192e+19,0.0,0.0,0.0,0.0,6626.0,0.0,0.0,2.718442270659078e+23,2.7184525388662284e+23,0.0,-2.7184507374263774e+23,0.0,0.0,2.004,2.004,225,-71.629,5.8480794516081455e+35,0.0,0.0,0.0,0.0,0.0,0.0,0.0,0,0,0,-2.580804204163498e+18,7.533870956084722e+22,8.288914879591013e+27,0.0,-0.0,-4.22821441807597e+22,1.3735541697656809e+20,0.0,10.267,-1.6518373082013683e+20,-0.0,590946.562,0.0,0.0,0.0,0.0,0,1.3516416376850534e+27,225,0.0,450,-0.0,-0.0,2114,13107,17110,13107,17112,13107,17095,0,0,0,101,100,100,0.0,63.9,-0.0,64.1,0.0,64.0,1,49,50,180,0,0,0,0,0.0,0.0,0.0,60.0,-2148533364850688.0,70.5,0.0,-0.0,0.0,1070,0,1070,0,0,0,1071,0,1081,0,996,0,641,0,643,0,638,0,676,0.032,8.005886927989945e+21,0.0,0.0,51344,16812,-2148533364850688.0,-0.0,-0.0,-0.0,1.8758044952591073e+18,2990540800.0,50.0,60.0,35,0.0,0.0,10.0,2.0,0.0,0.0,0.0,0.0,0.0,0.0,0.0,0.0,0.0,0.0,0.0,0.0,59.2,53,12,65510,27,65476,1000,65476,1,0,4,20529,65476,0,0,30147,60.0,0.0,10.0,10.0,2.0,0.0
2026-02-16T12:10:42,ERR,ERR,ERR,ERR,ERR,ERR,ERR,ERR,ERR,ERR,ERR,ERR,ERR,ERR,ERR,ERR,ERR,ERR,ERR,ERR,ERR,ERR,ERR,ERR,ERR,ERR,ERR,ERR,ERR,ERR,ERR,ERR,ERR,ERR,ERR,ERR,ERR,ERR,ERR,ERR,ERR,ERR,ERR,ERR,ERR,ERR,ERR,ERR,ERR,ERR,ERR,ERR,ERR,ERR,ERR,ERR,ERR,ERR,ERR,ERR,ERR,ERR,ERR,ERR,ERR,ERR,ERR,ERR,ERR,ERR,ERR,ERR,ERR,ERR,ERR,ERR,ERR,ERR,ERR,ERR,ERR,ERR,ERR,ERR,ERR,ERR,ERR,ERR,ERR,ERR,ERR,ERR,ERR,ERR,ERR,ERR,ERR,ERR,ERR,ERR,ERR,ERR,ERR,ERR,ERR,ERR,ERR,ERR,ERR,ERR,ERR,ERR,ERR,ERR,ERR,ERR,ERR,ERR,ERR,ERR,ERR,ERR,ERR,ERR,ERR,2.718442270659078e+23,2.7184525388662284e+23,-107089984.0,-0.0,-0.0,-1.679305111357672e+25,-25.41,0.0,4300,0,8,17171,4300,-0.0,39,0.0,0.0,-0.0,0.0,-4.925046184806267e+32,0,0,0,0,0.0,0,0,0,0,0,0,0,0,0,0,0,0,0,0,0,0,0,0,0,0,0,0,0,0,0,0,0,0,0,0,0,0,0,8,36,36,44,65476,364,65476,1,0,4,21553,0.0,2.7183305813883192e+23,-1.3479889711381736e+37,0.0,0.0,0.0,0.0,0.0,0.0,0.0,0.0,0.0,0.0,0.0,-2.600982585120823e+33,0.0,0.0,0.0,0.0,0.0,0.0,2.004,-0.0,2.004,2.004,3.69707618246192e+19,0.0,0.0,0.0,0.0,6626.0,0.0,0.0,2.718442270659078e+23,2.7184525388662284e+23,0.0,-2.7184507374263774e+23,0.0,0.0,2.004,2.004,225,-71.629,5.8480794516081455e+35,0.0,0.0,0.0,0.0,0.0,0.0,0.0,0,0,0,-2.580804204163498e+18,7.533870956084722e+22,8.288914879591013e+27,0.0,-0.0,-4.22821441807597e+22,1.3735541697656809e+20,0.0,10.267,-1.6518373082013683e+20,-0.0,590946.562,0.0,0.0,0.0,0.0,0,1.3516416376850534e+27,225,0.0,450,-0.0,-0.0,2114,13107,17110,13107,17112,13107,17095,0,0,0,101,100,100,0.0,63.85,2.7302334150594743e+23,64.1,0.0,64.0,1,49,50,180,0,0,0,0,0.0,0.0,0.0,60.0,-940614464.0,70.5,0.0,0.0,0.0,1070,0,1070,0,0,0,1071,0,1081,0,996,0,641,0,642,0,638,0,676,0.032,8.042780416137365e+21,0.0,0.0,5392,16813,-4068368311123968.0,0.0,0.0,-0.0,-1214514.25,-0.0,50.0,60.0,35,0.0,0.0,10.0,2.0,0.0,0.0,0.0,0.0,0.0,0.0,0.0,0.0,0.0,0.0,0.0,0.0,59.2,53,12,65510,27,65476,1000,65476,1,0,4,20529,65476,0,0,30147,60.0,0.0,10.0,10.0,2.0,0.0
2026-02-16T12:10:43,ERR,ERR,ERR,ERR,ERR,ERR,ERR,ERR,ERR,ERR,ERR,ERR,ERR,ERR,ERR,ERR,ERR,ERR,ERR,ERR,ERR,ERR,ERR,ERR,ERR,ERR,ERR,ERR,ERR,ERR,ERR,ERR,ERR,ERR,ERR,ERR,ERR,ERR,ERR,ERR,ERR,ERR,ERR,ERR,ERR,ERR,ERR,ERR,ERR,ERR,ERR,ERR,ERR,ERR,ERR,ERR,ERR,ERR,ERR,ERR,ERR,ERR,ERR,ERR,ERR,ERR,ERR,ERR,ERR,ERR,ERR,ERR,ERR,ERR,ERR,ERR,ERR,ERR,ERR,ERR,ERR,ERR,ERR,ERR,ERR,ERR,ERR,ERR,ERR,ERR,ERR,ERR,ERR,ERR,ERR,ERR,ERR,ERR,ERR,ERR,ERR,ERR,ERR,ERR,ERR,ERR,ERR,ERR,ERR,ERR,ERR,ERR,ERR,ERR,ERR,ERR,ERR,ERR,ERR,ERR,ERR,ERR,ERR,ERR,ERR,2.718442270659078e+23,2.7184525388662284e+23,-107089984.0,-0.0,-0.0,-1.679305111357672e+25,-25.41,0.0,4300,0,8,17171,4300,-0.0,39,0.0,0.0,-0.0,0.0,-4.925046184806267e+32,0,0,0,0,0.0,0,0,0,0,0,0,0,0,0,0,0,0,0,0,0,0,0,0,0,0,0,0,0,0,0,0,0,0,0,0,0,0,0,8,36,36,44,65476,364,65476,1,0,4,21553,0.0,2.7183305813883192e+23,-1.3479889711381736e+37,0.0,0.0,0.0,0.0,0.0,0.0,0.0,0.0,0.0,0.0,0.0,-2.600982585120823e+33,0.0,0.0,0.0,0.0,0.0,0.0,2.004,-0.0,2.004,2.004,3.69707618246192e+19,0.0,0.0,0.0,0.0,6626.0,0.0,0.0,2.718442270659078e+23,2.7184525388662284e+23,0.0,-2.7184507374263774e+23,0.0,0.0,2.004,2.004,225,-71.629,5.8480794516081455e+35,0.0,0.0,0.0,0.0,0.0,0.0,0.0,0,0,0,-2.580804204163498e+18,7.533870956084722e+22,8.288914879591013e+27,0.0,-0.0,-4.22821441807597e+22,1.3735541697656809e+20,0.0,10.267,-1.6518373082013683e+20,-0.0,590946.562,0.0,0.0,0.0,0.0,0,1.3516416376850534e+27,225,0.0,450,-0.0,-0.0,2114,13107,17110,13107,17112,13107,17095,0,0,0,101,100,100,0.0,63.85,2.7302334150594743e+23,64.1,0.0,64.0,1,49,50,180,0,0,0,0,0.0,0.0,0.0,60.0,-940614464.0,70.5,0.0,0.0,0.0,1070,0,1070,0,0,0,1071,0,1081,0,996,0,641,0,642,0,638,0,676,0.032,8.042780416137365e+21,0.0,0.0,5392,16813,-4068368311123968.0,0.0,0.0,-0.0,-1214514.25,-0.0,50.0,60.0,35,0.0,0.0,10.0,2.0,0.0,0.0,0.0,0.0,0.0,0.0,0.0,0.0,0.0,0.0,0.0,0.0,58.8,53,12,65510,27,65476,1000,65476,1,0,4,20529,65476,0,0,30147,60.0,0.0,10.0,10.0,2.0,0.0
2026-02-16T12:10:44,ERR,ERR,ERR,ERR,ERR,ERR,ERR,ERR,ERR,ERR,ERR,ERR,ERR,ERR,ERR,ERR,ERR,ERR,ERR,ERR,ERR,ERR,ERR,ERR,ERR,ERR,ERR,ERR,ERR,ERR,ERR,ERR,ERR,ERR,ERR,ERR,ERR,ERR,ERR,ERR,ERR,ERR,ERR,ERR,ERR,ERR,ERR,ERR,ERR,ERR,ERR,ERR,ERR,ERR,ERR,ERR,ERR,ERR,ERR,ERR,ERR,ERR,ERR,ERR,ERR,ERR,ERR,ERR,ERR,ERR,ERR,ERR,ERR,ERR,ERR,ERR,ERR,ERR,ERR,ERR,ERR,ERR,ERR,ERR,ERR,ERR,ERR,ERR,ERR,ERR,ERR,ERR,ERR,ERR,ERR,ERR,ERR,ERR,ERR,ERR,ERR,ERR,ERR,ERR,ERR,ERR,ERR,ERR,ERR,ERR,ERR,ERR,ERR,ERR,ERR,ERR,ERR,ERR,ERR,ERR,ERR,ERR,ERR,ERR,ERR,2.718442270659078e+23,2.7184525388662284e+23,-107089984.0,-0.0,-0.0,-1.679305111357672e+25,-25.41,0.0,4300,0,8,17171,4300,-0.0,39,0.0,0.0,-0.0,0.0,-4.925046184806267e+32,0,0,0,0,0.0,0,0,0,0,0,0,0,0,0,0,0,0,0,0,0,0,0,0,0,0,0,0,0,0,0,0,0,0,0,0,0,0,0,8,36,36,44,65476,364,65476,1,0,4,21553,0.0,2.7183305813883192e+23,-1.3479889711381736e+37,0.0,0.0,0.0,0.0,0.0,0.0,0.0,0.0,0.0,0.0,0.0,-2.600982585120823e+33,0.0,0.0,0.0,0.0,0.0,0.0,2.004,-0.0,2.004,2.004,3.69707618246192e+19,0.0,0.0,0.0,0.0,6626.0,0.0,0.0,2.718442270659078e+23,2.7184525388662284e+23,0.0,-2.7184507374263774e+23,0.0,0.0,2.004,2.004,225,-71.629,5.8480794516081455e+35,0.0,0.0,0.0,0.0,0.0,0.0,0.0,0,0,0,-2.580804204163498e+18,7.533870956084722e+22,8.288914879591013e+27,0.0,-0.0,-4.22821441807597e+22,1.3735541697656809e+20,0.0,10.267,-1.6518373082013683e+20,-0.0,590946.562,0.0,0.0,0.0,0.0,0,1.3516416376850534e+27,225,0.0,450,-0.0,-0.0,2114,13107,17110,13107,17112,13107,17095,0,0,0,101,100,100,0.0,63.85,2.7302334150594743e+23,64.1,0.0,64.0,1,49,50,180,0,0,0,0,0.0,0.0,0.0,60.0,-940614464.0,70.5,0.0,0.0,0.0,1070,0,1070,0,0,0,1071,0,1081,0,996,0,641,0,642,0,638,0,676,0.032,8.042780416137365e+21,0.0,0.0,5392,16813,-4068368311123968.0,0.0,0.0,-0.0,-1214514.25,-0.0,50.0,60.0,35,0.0,0.0,10.0,2.0,0.0,0.0,0.0,0.0,0.0,0.0,0.0,0.0,0.0,0.0,0.0,0.0,58.8,53,12,65510,27,65476,1000,65476,1,0,4,20529,65476,0,0,30147,60.0,0.0,10.0,10.0,2.0,0.0
2026-02-16T12:10:45,ERR,ERR,ERR,ERR,ERR,ERR,ERR,ERR,ERR,ERR,ERR,ERR,ERR,ERR,ERR,ERR,ERR,ERR,ERR,ERR,ERR,ERR,ERR,ERR,ERR,ERR,ERR,ERR,ERR,ERR,ERR,ERR,ERR,ERR,ERR,ERR,ERR,ERR,ERR,ERR,ERR,ERR,ERR,ERR,ERR,ERR,ERR,ERR,ERR,ERR,ERR,ERR,ERR,ERR,ERR,ERR,ERR,ERR,ERR,ERR,ERR,ERR,ERR,ERR,ERR,ERR,ERR,ERR,ERR,ERR,ERR,ERR,ERR,ERR,ERR,ERR,ERR,ERR,ERR,ERR,ERR,ERR,ERR,ERR,ERR,ERR,ERR,ERR,ERR,ERR,ERR,ERR,ERR,ERR,ERR,ERR,ERR,ERR,ERR,ERR,ERR,ERR,ERR,ERR,ERR,ERR,ERR,ERR,ERR,ERR,ERR,ERR,ERR,ERR,ERR,ERR,ERR,ERR,ERR,ERR,ERR,ERR,ERR,ERR,ERR,2.718442270659078e+23,2.7184525388662284e+23,-107089984.0,-0.0,-0.0,-1.679305111357672e+25,-25.41,0.0,4300,0,8,17171,4300,-0.0,39,0.0,0.0,-0.0,0.0,-4.925046184806267e+32,0,0,0,0,0.0,0,0,0,0,0,0,0,0,0,0,0,0,0,0,0,0,0,0,0,0,0,0,0,0,0,0,0,0,0,0,0,0,0,8,36,36,44,65476,364,65476,1,0,4,21553,0.0,2.7183305813883192e+23,-1.3479889711381736e+37,0.0,0.0,0.0,0.0,0.0,0.0,0.0,0.0,0.0,0.0,0.0,-2.600982585120823e+33,0.0,0.0,0.0,0.0,0.0,0.0,2.004,-0.0,2.004,2.004,3.69707618246192e+19,0.0,0.0,0.0,0.0,6626.0,0.0,0.0,2.718442270659078e+23,2.7184525388662284e+23,0.0,-2.7184507374263774e+23,0.0,0.0,2.004,2.004,225,-71.629,5.8480794516081455e+35,0.0,0.0,0.0,0.0,0.0,0.0,0.0,0,0,0,-2.580804204163498e+18,7.533870956084722e+22,8.288914879591013e+27,0.0,-0.0,-4.22821441807597e+22,1.3735541697656809e+20,0.0,10.267,-1.6518373082013683e+20,-0.0,590946.562,0.0,0.0,0.0,0.0,0,1.3516416376850534e+27,225,0.0,450,-0.0,-0.0,2114,13107,17110,13107,17112,13107,17095,0,0,0,101,100,100,0.0,63.9,-0.0,64.1,0.0,64.0,1,49,50,180,13107,13107,0,0,0.0,0.0,0.0,60.0,-9.974119840775896e+26,70.5,0.0,46799398109184.0,0.0,1070,0,1070,0,0,0,1071,0,1081,0,996,0,641,0,643,0,638,0,676,0.032,8.042780416137365e+21,0.0,0.0,18320,16813,-1.7852082152195444e+30,-0.0,-18018799616.0,0.0,-0.0,8.883462557615167e+30,50.0,60.0,35,0.0,0.0,10.0,2.0,0.0,0.0,0.0,0.0,0.0,0.0,0.0,0.0,0.0,0.0,0.0,0.0,58.8,53,12,65510,27,65476,1000,65476,1,0,4,20529,65476,0,0,30147,60.0,0.0,10.0,10.0,2.0,0.0
2026-02-16T12:10:46,ERR,ERR,ERR,ERR,ERR,ERR,ERR,ERR,ERR,ERR,ERR,ERR,ERR,ERR,ERR,ERR,ERR,ERR,ERR,ERR,ERR,ERR,ERR,ERR,ERR,ERR,ERR,ERR,ERR,ERR,ERR,ERR,ERR,ERR,ERR,ERR,ERR,ERR,ERR,ERR,ERR,ERR,ERR,ERR,ERR,ERR,ERR,ERR,ERR,ERR,ERR,ERR,ERR,ERR,ERR,ERR,ERR,ERR,ERR,ERR,ERR,ERR,ERR,ERR,ERR,ERR,ERR,ERR,ERR,ERR,ERR,ERR,ERR,ERR,ERR,ERR,ERR,ERR,ERR,ERR,ERR,ERR,ERR,ERR,ERR,ERR,ERR,ERR,ERR,ERR,ERR,ERR,ERR,ERR,ERR,ERR,ERR,ERR,ERR,ERR,ERR,ERR,ERR,ERR,ERR,ERR,ERR,ERR,ERR,ERR,ERR,ERR,ERR,ERR,ERR,ERR,ERR,ERR,ERR,ERR,ERR,ERR,ERR,ERR,ERR,2.718442270659078e+23,2.7184525388662284e+23,-107089984.0,-0.0,-0.0,-96347004862464.0,-0.0,485888.688,4300,0,8,17171,4300,-0.0,39,0.0,0.0,-0.0,0.0,-0.0,0,0,0,0,0.0,0,0,0,0,0,0,0,0,0,0,0,0,0,0,0,0,0,0,0,0,0,0,0,0,0,0,0,0,0,0,0,0,0,8,36,36,44,65476,364,65476,1,0,4,21553,0.0,0.0,0.0,0.0,0.0,0.0,0.0,0.0,0.0,0.0,0.0,0.0,0.0,0.0,0.0,0.0,0.0,0.0,0.0,0.0,0.0,2.004,-0.0,2.004,2.004,-0.0,0.0,0.0,0.0,0.0,6594.0,-2.4230023160510894e+24,0.0,2.718442270659078e+23,2.7184525388662284e+23,0.0,0.0,0.0,0.0,2.004,2.004,224,-0.0,2.308838606653337e+20,0.0,0.0,0.0,0.0,0.0,0.0,0.0,0,0,0,-5.477178056696243e+30,-8.685682897989124e+30,1.3646471676757728e+37,0.0,-0.0,116.629,1.1001107928936612e+18,-13.33,0.0,-1.8017171038002584e+20,-0.0,640098.562,0.0,0.0,0.0,0.0,0,1.3516416376850534e+27,226,0.0,452,-0.0,0.0,2114,13107,17110,13107,17112,13107,17095,0,0,0,101,100,100,0.0,63.9,-0.0,64.1,0.0,64.0,1,49,50,180,13107,13107,0,0,0.0,0.0,0.0,60.0,-9.974119840775896e+26,70.5,0.0,46799398109184.0,0.0,1070,0,1070,0,0,0,1071,0,1081,0,996,0,641,0,643,0,638,0,676,0.032,8.042780416137365e+21,0.0,0.0,18320,16813,-1.7852082152195444e+30,-0.0,-18018799616.0,0.0,-0.0,8.883462557615167e+30,50.0,60.0,35,0.0,0.0,10.0,2.0,0.0,0.0,0.0,0.0,0.0,0.0,0.0,0.0,0.0,0.0,0.0,0.0,58.8,53,12,65510,27,65476,1000,65476,1,0,4,20529,65476,0,0,30147,60.0,0.0,10.0,10.0,2.0,0.0
2026-02-16T12:10:47,ERR,ERR,ERR,ERR,ERR,ERR,ERR,ERR,ERR,ERR,ERR,ERR,ERR,ERR,ERR,ERR,ERR,ERR,ERR,ERR,ERR,ERR,ERR,ERR,ERR,ERR,ERR,ERR,ERR,ERR,ERR,ERR,ERR,ERR,ERR,ERR,ERR,ERR,ERR,ERR,ERR,ERR,ERR,ERR,ERR,ERR,ERR,ERR,ERR,ERR,ERR,ERR,ERR,ERR,ERR,ERR,ERR,ERR,ERR,ERR,ERR,ERR,ERR,ERR,ERR,ERR,ERR,ERR,ERR,ERR,ERR,ERR,ERR,ERR,ERR,ERR,ERR,ERR,ERR,ERR,ERR,ERR,ERR,ERR,ERR,ERR,ERR,ERR,ERR,ERR,ERR,ERR,ERR,ERR,ERR,ERR,ERR,ERR,ERR,ERR,ERR,ERR,ERR,ERR,ERR,ERR,ERR,ERR,ERR,ERR,ERR,ERR,ERR,ERR,ERR,ERR,ERR,ERR,ERR,ERR,ERR,ERR,ERR,ERR,ERR,2.718442270659078e+23,2.7184525388662284e+23,-107089984.0,-0.0,-0.0,-96347004862464.0,-0.0,485888.688,4300,0,8,17171,4300,-0.0,39,0.0,0.0,-0.0,0.0,-0.0,0,0,0,0,0.0,0,0,0,0,0,0,0,0,0,0,0,0,0,0,0,0,0,0,0,0,0,0,0,0,0,0,0,0,0,0,0,0,0,8,36,36,44,65476,364,65476,1,0,4,21553,0.0,0.0,0.0,0.0,0.0,0.0,0.0,0.0,0.0,0.0,0.0,0.0,0.0,0.0,0.0,0.0,0.0,0.0,0.0,0.0,0.0,2.004,-0.0,2.004,2.004,-0.0,0.0,0.0,0.0,0.0,6594.0,-2.4230023160510894e+24,0.0,2.718442270659078e+23,2.7184525388662284e+23,0.0,0.0,0.0,0.0,2.004,2.004,224,-0.0,2.308838606653337e+20,0.0,0.0,0.0,0.0,0.0,0.0,0.0,0,0,0,-5.477178056696243e+30,-8.685682897989124e+30,1.3646471676757728e+37,0.0,-0.0,116.629,1.1001107928936612e+18,-13.33,0.0,-1.8017171038002584e+20,-0.0,640098.562,0.0,0.0,0.0,0.0,0,1.3516416376850534e+27,226,0.0,452,-0.0,0.0,2114,13107,17110,13107,17112,13107,17095,0,0,0,101,100,100,0.0,63.9,-0.0,64.1,0.0,64.0,1,49,50,180,13107,13107,0,0,0.0,0.0,0.0,60.0,-9.974119840775896e+26,70.5,0.0,46799398109184.0,0.0,1070,0,1070,0,0,0,1071,0,1081,0,996,0,641,0,643,0,638,0,676,0.032,8.042780416137365e+21,0.0,0.0,18320,16813,-1.7852082152195444e+30,-0.0,-18018799616.0,0.0,-0.0,8.883462557615167e+30,50.0,60.0,35,0.0,0.0,10.0,2.0,0.0,0.0,0.0,0.0,0.0,0.0,0.0,0.0,0.0,0.0,0.0,0.0,58.8,53,12,65510,27,65476,1000,65476,1,0,4,20529,65476,0,0,30147,60.0,0.0,10.0,10.0,2.0,0.0
2026-02-16T12:10:48,ERR,ERR,ERR,ERR,ERR,ERR,ERR,ERR,ERR,ERR,ERR,ERR,ERR,ERR,ERR,ERR,ERR,ERR,ERR,ERR,ERR,ERR,ERR,ERR,ERR,ERR,ERR,ERR,ERR,ERR,ERR,ERR,ERR,ERR,ERR,ERR,ERR,ERR,ERR,ERR,ERR,ERR,ERR,ERR,ERR,ERR,ERR,ERR,ERR,ERR,ERR,ERR,ERR,ERR,ERR,ERR,ERR,ERR,ERR,ERR,ERR,ERR,ERR,ERR,ERR,ERR,ERR,ERR,ERR,ERR,ERR,ERR,ERR,ERR,ERR,ERR,ERR,ERR,ERR,ERR,ERR,ERR,ERR,ERR,ERR,ERR,ERR,ERR,ERR,ERR,ERR,ERR,ERR,ERR,ERR,ERR,ERR,ERR,ERR,ERR,ERR,ERR,ERR,ERR,ERR,ERR,ERR,ERR,ERR,ERR,ERR,ERR,ERR,ERR,ERR,ERR,ERR,ERR,ERR,ERR,ERR,ERR,ERR,ERR,ERR,2.718442270659078e+23,2.7184525388662284e+23,-107089984.0,-0.0,-0.0,-96347004862464.0,-0.0,485888.688,4300,0,8,17171,4300,-0.0,39,0.0,0.0,-0.0,0.0,-0.0,0,0,0,0,0.0,0,0,0,0,0,0,0,0,0,0,0,0,0,0,0,0,0,0,0,0,0,0,0,0,0,0,0,0,0,0,0,0,0,8,36,36,44,65476,364,65476,1,0,4,21553,0.0,0.0,0.0,0.0,0.0,0.0,0.0,0.0,0.0,0.0,0.0,0.0,0.0,0.0,0.0,0.0,0.0,0.0,0.0,0.0,0.0,2.004,-0.0,2.004,2.004,-0.0,0.0,0.0,0.0,0.0,6594.0,-2.4230023160510894e+24,0.0,2.718442270659078e+23,2.7184525388662284e+23,0.0,0.0,0.0,0.0,2.004,2.004,224,-0.0,2.308838606653337e+20,0.0,0.0,0.0,0.0,0.0,0.0,0.0,0,0,0,-5.477178056696243e+30,-8.685682897989124e+30,1.3646471676757728e+37,0.0,-0.0,116.629,1.1001107928936612e+18,-13.33,0.0,-1.8017171038002584e+20,-0.0,640098.562,0.0,0.0,0.0,0.0,0,1.3516416376850534e+27,226,0.0,452,-0.0,0.0,2114,0,17110,13107,17112,13107,17095,0,0,0,101,100,100,0.0,63.9,-0.0,64.1,0.0,64.0,1,49,50,180,0,13107,0,0,0.0,0.0,0.0,60.0,-2.954623856466804e+36,70.5,0.0,0.0,0.0,1070,0,1070,0,0,0,1070,0,1081,0,996,0,641,0,643,0,638,0,677,0.032,8.005886927989945e+21,2.004,2.73023467606737e+23,8976,16813,-2.954623856466804e+36,0.0,-0.0,-1990749192192.0,35905.57,0.249,50.0,60.0,35,0.0,0.0,10.0,2.0,0.0,0.0,0.0,0.0,0.0,0.0,0.0,0.0,0.0,0.0,0.0,0.0,58.8,53,12,65510,27,65476,1000,65476,1,0,4,20529,65476,0,0,30147,60.0,0.0,10.0,10.0,2.0,0.0
2026-02-16T12:10:49,ERR,ERR,ERR,ERR,ERR,ERR,ERR,ERR,ERR,ERR,ERR,ERR,ERR,ERR,ERR,ERR,ERR,ERR,ERR,ERR,ERR,ERR,ERR,ERR,ERR,ERR,ERR,ERR,ERR,ERR,ERR,ERR,ERR,ERR,ERR,ERR,ERR,ERR,ERR,ERR,ERR,ERR,ERR,ERR,ERR,ERR,ERR,ERR,ERR,ERR,ERR,ERR,ERR,ERR,ERR,ERR,ERR,ERR,ERR,ERR,ERR,ERR,ERR,ERR,ERR,ERR,ERR,ERR,ERR,ERR,ERR,ERR,ERR,ERR,ERR,ERR,ERR,ERR,ERR,ERR,ERR,ERR,ERR,ERR,ERR,ERR,ERR,ERR,ERR,ERR,ERR,ERR,ERR,ERR,ERR,ERR,ERR,ERR,ERR,ERR,ERR,ERR,ERR,ERR,ERR,ERR,ERR,ERR,ERR,ERR,ERR,ERR,ERR,ERR,ERR,ERR,ERR,ERR,ERR,ERR,ERR,ERR,ERR,ERR,ERR,2.718442270659078e+23,2.7184525388662284e+23,-107089984.0,-0.0,-0.0,-96347004862464.0,-0.0,485888.688,4300,0,8,17171,4300,-0.0,39,0.0,0.0,-0.0,0.0,-0.0,0,0,0,0,0.0,0,0,0,0,0,0,0,0,0,0,0,0,0,0,0,0,0,0,0,0,0,0,0,0,0,0,0,0,0,0,0,0,0,8,36,36,44,65476,364,65476,1,0,4,21553,0.0,0.0,0.0,0.0,0.0,0.0,0.0,0.0,0.0,0.0,0.0,0.0,0.0,0.0,0.0,0.0,0.0,0.0,0.0,0.0,0.0,2.004,-0.0,2.004,2.004,-0.0,0.0,0.0,0.0,0.0,6594.0,-2.4230023160510894e+24,0.0,2.718442270659078e+23,2.7184525388662284e+23,0.0,0.0,0.0,0.0,2.004,2.004,224,-0.0,2.308838606653337e+20,0.0,0.0,0.0,0.0,0.0,0.0,0.0,0,0,0,-5.477178056696243e+30,-8.685682897989124e+30,1.3646471676757728e+37,0.0,-0.0,116.629,1.1001107928936612e+18,-13.33,0.0,-1.8017171038002584e+20,-0.0,640098.562,0.0,0.0,0.0,0.0,0,1.3516416376850534e+27,226,0.0,452,-0.0,0.0,2114,0,17110,13107,17112,13107,17095,0,0,0,101,100,100,0.0,63.9,-0.0,64.1,0.0,64.0,1,49,50,180,0,13107,0,0,0.0,0.0,0.0,60.0,-2.954623856466804e+36,70.5,0.0,0.0,0.0,1070,0,1070,0,0,0,1070,0,1081,0,996,0,641,0,643,0,638,0,677,0.032,8.005886927989945e+21,2.004,2.73023467606737e+23,8976,16813,-2.954623856466804e+36,0.0,-0.0,-1990749192192.0,35905.57,0.249,50.0,60.0,35,0.0,0.0,10.0,2.0,0.0,0.0,0.0,0.0,0.0,0.0,0.0,0.0,0.0,0.0,0.0,0.0,58.8,52,12,65510,27,65476,1000,65476,1,0,4,20529,65476,0,0,30147,60.0,0.0,10.0,10.0,2.0,0.0
2026-02-16T12:10:50,ERR,ERR,ERR,ERR,ERR,ERR,ERR,ERR,ERR,ERR,ERR,ERR,ERR,ERR,ERR,ERR,ERR,ERR,ERR,ERR,ERR,ERR,ERR,ERR,ERR,ERR,ERR,ERR,ERR,ERR,ERR,ERR,ERR,ERR,ERR,ERR,ERR,ERR,ERR,ERR,ERR,ERR,ERR,ERR,ERR,ERR,ERR,ERR,ERR,ERR,ERR,ERR,ERR,ERR,ERR,ERR,ERR,ERR,ERR,ERR,ERR,ERR,ERR,ERR,ERR,ERR,ERR,ERR,ERR,ERR,ERR,ERR,ERR,ERR,ERR,ERR,ERR,ERR,ERR,ERR,ERR,ERR,ERR,ERR,ERR,ERR,ERR,ERR,ERR,ERR,ERR,ERR,ERR,ERR,ERR,ERR,ERR,ERR,ERR,ERR,ERR,ERR,ERR,ERR,ERR,ERR,ERR,ERR,ERR,ERR,ERR,ERR,ERR,ERR,ERR,ERR,ERR,ERR,ERR,ERR,ERR,ERR,ERR,ERR,ERR,2.718442270659078e+23,2.7184525388662284e+23,-107089984.0,-0.0,-0.0,-96347004862464.0,-0.0,485888.688,4300,0,8,17171,4300,-0.0,39,0.0,0.0,-0.0,0.0,-0.0,0,0,0,0,0.0,0,0,0,0,0,0,0,0,0,0,0,0,0,0,0,0,0,0,0,0,0,0,0,0,0,0,0,0,0,0,0,0,0,8,36,36,44,65476,364,65476,1,0,4,21553,0.0,0.0,0.0,0.0,0.0,0.0,0.0,0.0,0.0,0.0,0.0,0.0,0.0,0.0,0.0,0.0,0.0,0.0,0.0,0.0,0.0,2.004,-0.0,2.004,2.004,-0.0,0.0,0.0,0.0,0.0,6594.0,-2.4230023160510894e+24,0.0,2.718442270659078e+23,2.7184525388662284e+23,0.0,0.0,0.0,0.0,2.004,2.004,224,-0.0,2.308838606653337e+20,0.0,0.0,0.0,0.0,0.0,0.0,0.0,0,0,0,-5.477178056696243e+30,-8.685682897989124e+30,1.3646471676757728e+37,0.0,-0.0,116.629,1.1001107928936612e+18,-13.33,0.0,-1.8017171038002584e+20,-0.0,640098.562,0.0,0.0,0.0,0.0,0,1.3516416376850534e+27,226,0.0,452,-0.0,0.0,2114,0,17110,13107,17112,13107,17095,0,0,0,101,100,100,0.0,63.9,-0.0,64.1,0.0,64.0,1,49,50,180,0,13107,0,0,0.0,0.0,0.0,60.0,-2.954623856466804e+36,70.5,0.0,0.0,0.0,1070,0,1070,0,0,0,1070,0,1081,0,996,0,641,0,643,0,638,0,677,0.032,8.005886927989945e+21,2.004,2.73023467606737e+23,8976,16813,-2.954623856466804e+36,0.0,-0.0,-1990749192192.0,35905.57,0.249,50.0,60.0,35,0.0,0.0,10.0,2.0,0.0,0.0,0.0,0.0,0.0,0.0,0.0,0.0,0.0,0.0,0.0,0.0,58.8,52,12,65510,27,65476,1000,65476,1,0,4,20529,65476,0,0,30147,60.0,0.0,10.0,10.0,2.0,0.0
2026-02-16T12:10:51,ERR,ERR,ERR,ERR,ERR,ERR,ERR,ERR,ERR,ERR,ERR,ERR,ERR,ERR,ERR,ERR,ERR,ERR,ERR,ERR,ERR,ERR,ERR,ERR,ERR,ERR,ERR,ERR,ERR,ERR,ERR,ERR,ERR,ERR,ERR,ERR,ERR,ERR,ERR,ERR,ERR,ERR,ERR,ERR,ERR,ERR,ERR,ERR,ERR,ERR,ERR,ERR,ERR,ERR,ERR,ERR,ERR,ERR,ERR,ERR,ERR,ERR,ERR,ERR,ERR,ERR,ERR,ERR,ERR,ERR,ERR,ERR,ERR,ERR,ERR,ERR,ERR,ERR,ERR,ERR,ERR,ERR,ERR,ERR,ERR,ERR,ERR,ERR,ERR,ERR,ERR,ERR,ERR,ERR,ERR,ERR,ERR,ERR,ERR,ERR,ERR,ERR,ERR,ERR,ERR,ERR,ERR,ERR,ERR,ERR,ERR,ERR,ERR,ERR,ERR,ERR,ERR,ERR,ERR,ERR,ERR,ERR,ERR,ERR,ERR,2.718442270659078e+23,2.7184525388662284e+23,-107089984.0,-0.0,-0.0,-0.0,6720186368.0,2.4222099705456477e+36,4300,0,8,17171,4300,-0.0,40,0.0,0.0,-0.0,0.0,-0.0,0,0,0,0,0.0,0,0,0,0,0,0,0,0,0,0,0,0,0,0,0,0,0,0,0,0,0,0,0,0,0,0,0,0,0,0,0,0,0,8,36,36,44,65476,363,65476,1,0,4,21553,0.0,2.7183305813883192e+23,262672.906,0.0,0.0,0.0,0.0,0.0,0.0,0.0,0.0,0.0,0.0,0.0,0.0,0.0,0.0,0.0,0.0,0.0,0.0,2.004,-0.0,2.004,0.0,-3.69707618246192e+19,0.0,0.0,0.0,0.0,6595.0,-2.4230023160510894e+24,0.0,2.718442270659078e+23,2.7184525388662284e+23,0.0,107616272.0,0.0,0.0,2.004,2.004,225,-107614776.0,3.222024903336656e+26,0.0,0.0,0.0,0.0,0.0,0.0,0.0,0,0,0,-1.1667409576020865e+31,44897837056.0,1.0554571730627107e+27,395791.719,7.457882724015761e+30,0.0,0.0,-0.0,-15057.563,-1.94006768435308e+20,-0.0,693346.562,0.0,0.0,0.0,0.0,0,1.3516416376850534e+27,225,0.0,450,-74360974999552.0,4.538274029851923e+24,2114,0,17110,13107,17112,13107,17095,0,0,0,101,100,100,0.0,63.9,-0.0,64.1,0.0,64.0,1,49,50,180,0,13107,0,0,0.0,0.0,0.0,60.0,-2.954623856466804e+36,70.5,0.0,0.0,0.0,1070,0,1070,0,0,0,1070,0,1081,0,996,0,641,0,643,0,638,0,677,0.032,8.005886927989945e+21,2.004,2.73023467606737e+23,8976,16813,-2.954623856466804e+36,0.0,-0.0,-1990749192192.0,35905.57,0.249,50.0,60.0,35,0.0,0.0,10.0,2.0,0.0,0.0,0.0,0.0,0.0,0.0,0.0,0.0,0.0,0.0,0.0,0.0,59.2,52,12,65510,27,65476,1000,65476,1,0,4,20529,65476,0,0,30147,60.0,0.0,10.0,10.0,2.0,0.0
2026-02-16T12:10:52,ERR,ERR,ERR,ERR,ERR,ERR,ERR,ERR,ERR,ERR,ERR,ERR,ERR,ERR,ERR,ERR,ERR,ERR,ERR,ERR,ERR,ERR,ERR,ERR,ERR,ERR,ERR,ERR,ERR,ERR,ERR,ERR,ERR,ERR,ERR,ERR,ERR,ERR,ERR,ERR,ERR,ERR,ERR,ERR,ERR,ERR,ERR,ERR,ERR,ERR,ERR,ERR,ERR,ERR,ERR,ERR,ERR,ERR,ERR,ERR,ERR,ERR,ERR,ERR,ERR,ERR,ERR,ERR,ERR,ERR,ERR,ERR,ERR,ERR,ERR,ERR,ERR,ERR,ERR,ERR,ERR,ERR,ERR,ERR,ERR,ERR,ERR,ERR,ERR,ERR,ERR,ERR,ERR,ERR,ERR,ERR,ERR,ERR,ERR,ERR,ERR,ERR,ERR,ERR,ERR,ERR,ERR,ERR,ERR,ERR,ERR,ERR,ERR,ERR,ERR,ERR,ERR,ERR,ERR,ERR,ERR,ERR,ERR,ERR,ERR,2.718442270659078e+23,2.7184525388662284e+23,-107089984.0,-0.0,-0.0,-0.0,6720186368.0,2.4222099705456477e+36,4300,0,8,17171,4300,-0.0,40,0.0,0.0,-0.0,0.0,-0.0,0,0,0,0,0.0,0,0,0,0,0,0,0,0,0,0,0,0,0,0,0,0,0,0,0,0,0,0,0,0,0,0,0,0,0,0,0,0,0,8,36,36,44,65476,363,65476,1,0,4,21553,0.0,2.7183305813883192e+23,262672.906,0.0,0.0,0.0,0.0,0.0,0.0,0.0,0.0,0.0,0.0,0.0,0.0,0.0,0.0,0.0,0.0,0.0,0.0,2.004,-0.0,2.004,0.0,-3.69707618246192e+19,0.0,0.0,0.0,0.0,6595.0,-2.4230023160510894e+24,0.0,2.718442270659078e+23,2.7184525388662284e+23,0.0,107616272.0,0.0,0.0,2.004,2.004,225,-107614776.0,3.222024903336656e+26,0.0,0.0,0.0,0.0,0.0,0.0,0.0,0,0,0,-1.1667409576020865e+31,44897837056.0,1.0554571730627107e+27,395791.719,7.457882724015761e+30,0.0,0.0,-0.0,-15057.563,-1.94006768435308e+20,-0.0,693346.562,0.0,0.0,0.0,0.0,0,1.3516416376850534e+27,225,0.0,450,-74360974999552.0,4.538274029851923e+24,2114,13107,17110,13107,17112,13107,17095,0,0,0,101,100,100,0.0,63.9,-0.0,64.1,0.0,64.0,1,49,50,180,13107,13107,0,0,0.0,0.0,0.0,60.0,-2148533364850688.0,70.5,0.0,0.0,0.0,1071,0,1071,0,0,0,1071,0,1081,0,996,0,641,0,643,0,638,0,677,0.032,7.968993439842526e+21,2.004,2.73023467606737e+23,64144,16812,-4.990211878258018e+21,1823258443776.0,-0.0,-5.129828791294328e+28,0.002,0.0,50.0,60.0,35,0.0,0.0,10.0,2.0,0.0,0.0,0.0,0.0,0.0,0.0,0.0,0.0,0.0,0.0,0.0,0.0,58.8,52,12,65510,27,65476,1000,65476,1,0,4,20529,65476,0,0,30147,60.0,0.0,10.0,10.0,2.0,0.0
2026-02-16T12:10:53,ERR,ERR,ERR,ERR,ERR,ERR,ERR,ERR,ERR,ERR,ERR,ERR,ERR,ERR,ERR,ERR,ERR,ERR,ERR,ERR,ERR,ERR,ERR,ERR,ERR,ERR,ERR,ERR,ERR,ERR,ERR,ERR,ERR,ERR,ERR,ERR,ERR,ERR,ERR,ERR,ERR,ERR,ERR,ERR,ERR,ERR,ERR,ERR,ERR,ERR,ERR,ERR,ERR,ERR,ERR,ERR,ERR,ERR,ERR,ERR,ERR,ERR,ERR,ERR,ERR,ERR,ERR,ERR,ERR,ERR,ERR,ERR,ERR,ERR,ERR,ERR,ERR,ERR,ERR,ERR,ERR,ERR,ERR,ERR,ERR,ERR,ERR,ERR,ERR,ERR,ERR,ERR,ERR,ERR,ERR,ERR,ERR,ERR,ERR,ERR,ERR,ERR,ERR,ERR,ERR,ERR,ERR,ERR,ERR,ERR,ERR,ERR,ERR,ERR,ERR,ERR,ERR,ERR,ERR,ERR,ERR,ERR,ERR,ERR,ERR,2.718442270659078e+23,2.7184525388662284e+23,-107089984.0,-0.0,-0.0,-0.0,6720186368.0,2.4222099705456477e+36,4300,0,8,17171,4300,-0.0,40,0.0,0.0,-0.0,0.0,-0.0,0,0,0,0,0.0,0,0,0,0,0,0,0,0,0,0,0,0,0,0,0,0,0,0,0,0,0,0,0,0,0,0,0,0,0,0,0,0,0,8,36,36,44,65476,363,65476,1,0,4,21553,0.0,2.7183305813883192e+23,262672.906,0.0,0.0,0.0,0.0,0.0,0.0,0.0,0.0,0.0,0.0,0.0,0.0,0.0,0.0,0.0,0.0,0.0,0.0,2.004,-0.0,2.004,0.0,-3.69707618246192e+19,0.0,0.0,0.0,0.0,6595.0,-2.4230023160510894e+24,0.0,2.718442270659078e+23,2.7184525388662284e+23,0.0,107616272.0,0.0,0.0,2.004,2.004,225,-107614776.0,3.222024903336656e+26,0.0,0.0,0.0,0.0,0.0,0.0,0.0,0,0,0,-1.1667409576020865e+31,44897837056.0,1.0554571730627107e+27,395791.719,7.457882724015761e+30,0.0,0.0,-0.0,-15057.563,-1.94006768435308e+20,-0.0,693346.562,0.0,0.0,0.0,0.0,0,1.3516416376850534e+27,225,0.0,450,-74360974999552.0,4.538274029851923e+24,2114,13107,17110,13107,17112,13107,17095,0,0,0,101,100,100,0.0,63.9,-0.0,64.1,0.0,64.0,1,49,50,180,13107,13107,0,0,0.0,0.0,0.0,60.0,-2148533364850688.0,70.5,0.0,0.0,0.0,1071,0,1071,0,0,0,1071,0,1081,0,996,0,641,0,643,0,638,0,677,0.032,7.968993439842526e+21,2.004,2.73023467606737e+23,64144,16812,-4.990211878258018e+21,1823258443776.0,-0.0,-5.129828791294328e+28,0.002,0.0,50.0,60.0,35,0.0,0.0,10.0,2.0,0.0,0.0,0.0,0.0,0.0,0.0,0.0,0.0,0.0,0.0,0.0,0.0,58.8,52,12,65510,27,65476,1000,65476,1,0,4,20529,65476,0,0,30147,60.0,0.0,10.0,10.0,2.0,0.0
2026-02-16T12:10:54,ERR,ERR,ERR,ERR,ERR,ERR,ERR,ERR,ERR,ERR,ERR,ERR,ERR,ERR,ERR,ERR,ERR,ERR,ERR,ERR,ERR,ERR,ERR,ERR,ERR,ERR,ERR,ERR,ERR,ERR,ERR,ERR,ERR,ERR,ERR,ERR,ERR,ERR,ERR,ERR,ERR,ERR,ERR,ERR,ERR,ERR,ERR,ERR,ERR,ERR,ERR,ERR,ERR,ERR,ERR,ERR,ERR,ERR,ERR,ERR,ERR,ERR,ERR,ERR,ERR,ERR,ERR,ERR,ERR,ERR,ERR,ERR,ERR,ERR,ERR,ERR,ERR,ERR,ERR,ERR,ERR,ERR,ERR,ERR,ERR,ERR,ERR,ERR,ERR,ERR,ERR,ERR,ERR,ERR,ERR,ERR,ERR,ERR,ERR,ERR,ERR,ERR,ERR,ERR,ERR,ERR,ERR,ERR,ERR,ERR,ERR,ERR,ERR,ERR,ERR,ERR,ERR,ERR,ERR,ERR,ERR,ERR,ERR,ERR,ERR,2.718442270659078e+23,2.7184525388662284e+23,-107089984.0,-0.0,-0.0,-0.0,6720186368.0,2.4222099705456477e+36,4300,0,8,17171,4300,-0.0,40,0.0,0.0,-0.0,0.0,-0.0,0,0,0,0,0.0,0,0,0,0,0,0,0,0,0,0,0,0,0,0,0,0,0,0,0,0,0,0,0,0,0,0,0,0,0,0,0,0,0,8,36,36,44,65476,363,65476,1,0,4,21553,0.0,2.7183305813883192e+23,262672.906,0.0,0.0,0.0,0.0,0.0,0.0,0.0,0.0,0.0,0.0,0.0,0.0,0.0,0.0,0.0,0.0,0.0,0.0,2.004,-0.0,2.004,0.0,-3.69707618246192e+19,0.0,0.0,0.0,0.0,6595.0,-2.4230023160510894e+24,0.0,2.718442270659078e+23,2.7184525388662284e+23,0.0,107616272.0,0.0,0.0,2.004,2.004,225,-107614776.0,3.222024903336656e+26,0.0,0.0,0.0,0.0,0.0,0.0,0.0,0,0,0,-1.1667409576020865e+31,44897837056.0,1.0554571730627107e+27,395791.719,7.457882724015761e+30,0.0,0.0,-0.0,-15057.563,-1.94006768435308e+20,-0.0,693346.562,0.0,0.0,0.0,0.0,0,1.3516416376850534e+27,225,0.0,450,-74360974999552.0,4.538274029851923e+24,2114,13107,17110,13107,17112,13107,17095,0,0,0,101,100,100,0.0,63.9,-0.0,64.1,0.0,64.0,1,49,50,180,13107,13107,0,0,0.0,0.0,0.0,60.0,-2148533364850688.0,70.5,0.0,0.0,0.0,1071,0,1071,0,0,0,1071,0,1081,0,996,0,641,0,643,0,638,0,677,0.032,7.968993439842526e+21,2.004,2.73023467606737e+23,64144,16812,-4.990211878258018e+21,1823258443776.0,-0.0,-5.129828791294328e+28,0.002,0.0,50.0,60.0,35,0.0,0.0,10.0,2.0,0.0,0.0,0.0,0.0,0.0,0.0,0.0,0.0,0.0,0.0,0.0,0.0,59.2,52,12,65510,27,65476,1000,65476,1,0,4,20529,65476,0,0,30147,60.0,0.0,10.0,10.0,2.0,0.0
2026-02-16T12:10:55,ERR,ERR,ERR,ERR,ERR,ERR,ERR,ERR,ERR,ERR,ERR,ERR,ERR,ERR,ERR,ERR,ERR,ERR,ERR,ERR,ERR,ERR,ERR,ERR,ERR,ERR,ERR,ERR,ERR,ERR,ERR,ERR,ERR,ERR,ERR,ERR,ERR,ERR,ERR,ERR,ERR,ERR,ERR,ERR,ERR,ERR,ERR,ERR,ERR,ERR,ERR,ERR,ERR,ERR,ERR,ERR,ERR,ERR,ERR,ERR,ERR,ERR,ERR,ERR,ERR,ERR,ERR,ERR,ERR,ERR,ERR,ERR,ERR,ERR,ERR,ERR,ERR,ERR,ERR,ERR,ERR,ERR,ERR,ERR,ERR,ERR,ERR,ERR,ERR,ERR,ERR,ERR,ERR,ERR,ERR,ERR,ERR,ERR,ERR,ERR,ERR,ERR,ERR,ERR,ERR,ERR,ERR,ERR,ERR,ERR,ERR,ERR,ERR,ERR,ERR,ERR,ERR,ERR,ERR,ERR,ERR,ERR,ERR,ERR,ERR,2.718442270659078e+23,2.7184525388662284e+23,-107089984.0,-0.0,-0.0,-0.0,6720186368.0,2.4222099705456477e+36,4300,0,8,17171,4300,-0.0,40,0.0,0.0,-0.0,0.0,-0.0,0,0,0,0,0.0,0,0,0,0,0,0,0,0,0,0,0,0,0,0,0,0,0,0,0,0,0,0,0,0,0,0,0,0,0,0,0,0,0,8,36,36,44,65476,363,65476,1,0,4,21553,0.0,2.7183305813883192e+23,262672.906,0.0,0.0,0.0,0.0,0.0,0.0,0.0,0.0,0.0,0.0,0.0,0.0,0.0,0.0,0.0,0.0,0.0,0.0,2.004,-0.0,2.004,0.0,-3.69707618246192e+19,0.0,0.0,0.0,0.0,6595.0,-2.4230023160510894e+24,0.0,2.718442270659078e+23,2.7184525388662284e+23,0.0,107616272.0,0.0,0.0,2.004,2.004,225,-107614776.0,3.222024903336656e+26,0.0,0.0,0.0,0.0,0.0,0.0,0.0,0,0,0,-1.1667409576020865e+31,44897837056.0,1.0554571730627107e+27,395791.719,7.457882724015761e+30,0.0,0.0,-0.0,-15057.563,-1.94006768435308e+20,-0.0,693346.562,0.0,0.0,0.0,0.0,0,1.3516416376850534e+27,225,0.0,450,-74360974999552.0,4.538274029851923e+24,2114,13107,17110,13107,17112,13107,17095,0,0,0,101,100,100,0.0,63.9,-0.0,64.1,0.0,64.0,1,49,50,180,0,13107,0,0,0.0,0.0,0.0,60.0,-4.820940233574554e+19,70.5,0.0,1954.042,0.0,1070,0,1071,0,0,0,1071,0,1081,0,996,0,641,0,643,0,638,0,677,0.032,8.005886927989945e+21,2.004,2.73023467606737e+23,63120,16812,-4196354228224.0,1954.042,-0.0,1.255876494248313e+23,0.0,1.4949247702373699e+23,50.0,60.0,35,0.0,0.0,10.0,2.0,0.0,0.0,0.0,0.0,0.0,0.0,0.0,0.0,0.0,0.0,0.0,0.0,59.2,52,12,65510,27,65476,1000,65476,1,0,4,20529,65476,0,0,30147,60.0,0.0,10.0,10.0,2.0,0.0
2026-02-16T12:10:56,ERR,ERR,ERR,ERR,ERR,ERR,ERR,ERR,ERR,ERR,ERR,ERR,ERR,ERR,ERR,ERR,ERR,ERR,ERR,ERR,ERR,ERR,ERR,ERR,ERR,ERR,ERR,ERR,ERR,ERR,ERR,ERR,ERR,ERR,ERR,ERR,ERR,ERR,ERR,ERR,ERR,ERR,ERR,ERR,ERR,ERR,ERR,ERR,ERR,ERR,ERR,ERR,ERR,ERR,ERR,ERR,ERR,ERR,ERR,ERR,ERR,ERR,ERR,ERR,ERR,ERR,ERR,ERR,ERR,ERR,ERR,ERR,ERR,ERR,ERR,ERR,ERR,ERR,ERR,ERR,ERR,ERR,ERR,ERR,ERR,ERR,ERR,ERR,ERR,ERR,ERR,ERR,ERR,ERR,ERR,ERR,ERR,ERR,ERR,ERR,ERR,ERR,ERR,ERR,ERR,ERR,ERR,ERR,ERR,ERR,ERR,ERR,ERR,ERR,ERR,ERR,ERR,ERR,ERR,ERR,ERR,ERR,ERR,ERR,ERR,2.718442270659078e+23,2.7184525388662284e+23,-107089984.0,-0.0,-0.0,-33.564,-0.0,2.688655024854139e+18,4300,0,8,17171,4300,-0.0,39,0.0,0.0,-0.0,0.0,-0.0,0,0,0,0,0.0,0,0,0,0,0,0,0,0,0,0,0,0,0,0,0,0,0,0,0,0,0,0,0,0,0,0,0,0,0,0,0,0,0,9,35,35,44,65476,361,65476,1,0,4,21553,0.0,-0.0,6.475560258198862e+25,0.0,0.0,0.0,0.0,0.0,0.0,0.0,0.0,0.0,0.0,0.0,-2.600982585120823e+33,0.0,0.0,0.0,0.0,0.0,0.0,2.004,-0.0,2.004,0.0,0.0,0.0,0.0,0.0,0.0,6595.0,-0.0,0.0,2.718442270659078e+23,2.7184525388662284e+23,-107616224.0,2.7184509175703625e+23,0.0,0.0,2.004,2.004,224,-107614776.0,71.63,0.0,0.0,0.0,0.0,0.0,0.0,0.0,0,0,0,-1.3415264023216078e+23,8.66110317181231e+24,6.0272372771761516e+23,-0.0,1.298185767886527e+37,-0.0,0.0,-0.01,-5.342149317119443e+18,-2.08994747995197e+20,-0.0,746594.562,0.0,0.0,0.0,0.0,0,1.3516416376850534e+27,224,0.0,450,-0.0,-1814071424.0,2114,13107,17110,13107,17112,13107,17095,0,0,0,101,100,100,0.0,63.9,-0.0,64.1,0.0,64.0,1,49,50,180,0,13107,0,0,0.0,0.0,0.0,60.0,-4.820940233574554e+19,70.5,0.0,1954.042,0.0,1070,0,1071,0,0,0,1071,0,1081,0,996,0,641,0,643,0,638,0,677,0.032,8.005886927989945e+21,2.004,2.73023467606737e+23,63120,16812,-4196354228224.0,1954.042,-0.0,1.255876494248313e+23,0.0,1.4949247702373699e+23,50.0,60.0,35,0.0,0.0,10.0,2.0,0.0,0.0,0.0,0.0,0.0,0.0,0.0,0.0,0.0,0.0,0.0,0.0,58.8,52,12,65510,27,65476,1000,65476,1,0,4,20529,65476,0,0,30147,60.0,0.0,10.0,10.0,2.0,0.0
2026-02-16T12:10:57,ERR,ERR,ERR,ERR,ERR,ERR,ERR,ERR,ERR,ERR,ERR,ERR,ERR,ERR,ERR,ERR,ERR,ERR,ERR,ERR,ERR,ERR,ERR,ERR,ERR,ERR,ERR,ERR,ERR,ERR,ERR,ERR,ERR,ERR,ERR,ERR,ERR,ERR,ERR,ERR,ERR,ERR,ERR,ERR,ERR,ERR,ERR,ERR,ERR,ERR,ERR,ERR,ERR,ERR,ERR,ERR,ERR,ERR,ERR,ERR,ERR,ERR,ERR,ERR,ERR,ERR,ERR,ERR,ERR,ERR,ERR,ERR,ERR,ERR,ERR,ERR,ERR,ERR,ERR,ERR,ERR,ERR,ERR,ERR,ERR,ERR,ERR,ERR,ERR,ERR,ERR,ERR,ERR,ERR,ERR,ERR,ERR,ERR,ERR,ERR,ERR,ERR,ERR,ERR,ERR,ERR,ERR,ERR,ERR,ERR,ERR,ERR,ERR,ERR,ERR,ERR,ERR,ERR,ERR,ERR,ERR,ERR,ERR,ERR,ERR,2.718442270659078e+23,2.7184525388662284e+23,-107089984.0,-0.0,-0.0,-33.564,-0.0,2.688655024854139e+18,4300,0,8,17171,4300,-0.0,39,0.0,0.0,-0.0,0.0,-0.0,0,0,0,0,0.0,0,0,0,0,0,0,0,0,0,0,0,0,0,0,0,0,0,0,0,0,0,0,0,0,0,0,0,0,0,0,0,0,0,9,35,35,44,65476,361,65476,1,0,4,21553,0.0,-0.0,6.475560258198862e+25,0.0,0.0,0.0,0.0,0.0,0.0,0.0,0.0,0.0,0.0,0.0,-2.600982585120823e+33,0.0,0.0,0.0,0.0,0.0,0.0,2.004,-0.0,2.004,0.0,0.0,0.0,0.0,0.0,0.0,6595.0,-0.0,0.0,2.718442270659078e+23,2.7184525388662284e+23,-107616224.0,2.7184509175703625e+23,0.0,0.0,2.004,2.004,224,-107614776.0,71.63,0.0,0.0,0.0,0.0,0.0,0.0,0.0,0,0,0,-1.3415264023216078e+23,8.66110317181231e+24,6.0272372771761516e+23,-0.0,1.298185767886527e+37,-0.0,0.0,-0.01,-5.342149317119443e+18,-2.08994747995197e+20,-0.0,746594.562,0.0,0.0,0.0,0.0,0,1.3516416376850534e+27,224,0.0,450,-0.0,-1814071424.0,2114,13107,17110,13107,17112,13107,17095,0,0,0,101,100,100,0.0,63.9,-0.0,64.1,0.0,64.0,1,49,50,180,0,13107,0,0,0.0,0.0,0.0,60.0,-4.820940233574554e+19,70.5,0.0,1954.042,0.0,1070,0,1071,0,0,0,1071,0,1081,0,996,0,641,0,643,0,638,0,677,0.032,8.005886927989945e+21,2.004,2.73023467606737e+23,63120,16812,-4196354228224.0,1954.042,-0.0,1.255876494248313e+23,0.0,1.4949247702373699e+23,50.0,60.0,35,0.0,0.0,10.0,2.0,0.0,0.0,0.0,0.0,0.0,0.0,0.0,0.0,0.0,0.0,0.0,0.0,58.8,52,12,65510,27,65476,1000,65476,1,0,4,20529,65476,0,0,30147,60.0,0.0,10.0,10.0,2.0,0.0
2026-02-16T12:10:58,ERR,ERR,ERR,ERR,ERR,ERR,ERR,ERR,ERR,ERR,ERR,ERR,ERR,ERR,ERR,ERR,ERR,ERR,ERR,ERR,ERR,ERR,ERR,ERR,ERR,ERR,ERR,ERR,ERR,ERR,ERR,ERR,ERR,ERR,ERR,ERR,ERR,ERR,ERR,ERR,ERR,ERR,ERR,ERR,ERR,ERR,ERR,ERR,ERR,ERR,ERR,ERR,ERR,ERR,ERR,ERR,ERR,ERR,ERR,ERR,ERR,ERR,ERR,ERR,ERR,ERR,ERR,ERR,ERR,ERR,ERR,ERR,ERR,ERR,ERR,ERR,ERR,ERR,ERR,ERR,ERR,ERR,ERR,ERR,ERR,ERR,ERR,ERR,ERR,ERR,ERR,ERR,ERR,ERR,ERR,ERR,ERR,ERR,ERR,ERR,ERR,ERR,ERR,ERR,ERR,ERR,ERR,ERR,ERR,ERR,ERR,ERR,ERR,ERR,ERR,ERR,ERR,ERR,ERR,ERR,ERR,ERR,ERR,ERR,ERR,2.718442270659078e+23,2.7184525388662284e+23,-107089984.0,-0.0,-0.0,-33.564,-0.0,2.688655024854139e+18,4300,0,8,17171,4300,-0.0,39,0.0,0.0,-0.0,0.0,-0.0,0,0,0,0,0.0,0,0,0,0,0,0,0,0,0,0,0,0,0,0,0,0,0,0,0,0,0,0,0,0,0,0,0,0,0,0,0,0,0,9,35,35,44,65476,361,65476,1,0,4,21553,0.0,-0.0,6.475560258198862e+25,0.0,0.0,0.0,0.0,0.0,0.0,0.0,0.0,0.0,0.0,0.0,-2.600982585120823e+33,0.0,0.0,0.0,0.0,0.0,0.0,2.004,-0.0,2.004,0.0,0.0,0.0,0.0,0.0,0.0,6595.0,-0.0,0.0,2.718442270659078e+23,2.7184525388662284e+23,-107616224.0,2.7184509175703625e+23,0.0,0.0,2.004,2.004,224,-107614776.0,71.63,0.0,0.0,0.0,0.0,0.0,0.0,0.0,0,0,0,-1.3415264023216078e+23,8.66110317181231e+24,6.0272372771761516e+23,-0.0,1.298185767886527e+37,-0.0,0.0,-0.01,-5.342149317119443e+18,-2.08994747995197e+20,-0.0,746594.562,0.0,0.0,0.0,0.0,0,1.3516416376850534e+27,224,0.0,450,-0.0,-1814071424.0,2114,13107,17110,13107,17112,13107,17095,0,0,0,101,100,100,0.0,63.9,-0.0,64.1,0.0,64.0,1,49,50,180,0,13107,0,0,0.0,0.0,0.0,60.0,-4.820940233574554e+19,70.5,0.0,1954.042,0.0,1070,0,1071,0,0,0,1071,0,1081,0,996,0,641,0,643,0,638,0,677,0.032,8.005886927989945e+21,2.004,2.73023467606737e+23,63120,16812,-4196354228224.0,1954.042,-0.0,1.255876494248313e+23,0.0,1.4949247702373699e+23,50.0,60.0,35,0.0,0.0,10.0,2.0,0.0,0.0,0.0,0.0,0.0,0.0,0.0,0.0,0.0,0.0,0.0,0.0,58.8,52,12,65510,27,65476,1000,65476,1,0,4,20529,65476,0,0,30147,60.0,0.0,10.0,10.0,2.0,0.0
2026-02-16T12:10:59,ERR,ERR,ERR,ERR,ERR,ERR,ERR,ERR,ERR,ERR,ERR,ERR,ERR,ERR,ERR,ERR,ERR,ERR,ERR,ERR,ERR,ERR,ERR,ERR,ERR,ERR,ERR,ERR,ERR,ERR,ERR,ERR,ERR,ERR,ERR,ERR,ERR,ERR,ERR,ERR,ERR,ERR,ERR,ERR,ERR,ERR,ERR,ERR,ERR,ERR,ERR,ERR,ERR,ERR,ERR,ERR,ERR,ERR,ERR,ERR,ERR,ERR,ERR,ERR,ERR,ERR,ERR,ERR,ERR,ERR,ERR,ERR,ERR,ERR,ERR,ERR,ERR,ERR,ERR,ERR,ERR,ERR,ERR,ERR,ERR,ERR,ERR,ERR,ERR,ERR,ERR,ERR,ERR,ERR,ERR,ERR,ERR,ERR,ERR,ERR,ERR,ERR,ERR,ERR,ERR,ERR,ERR,ERR,ERR,ERR,ERR,ERR,ERR,ERR,ERR,ERR,ERR,ERR,ERR,ERR,ERR,ERR,ERR,ERR,ERR,2.718442270659078e+23,2.7184525388662284e+23,-107089984.0,-0.0,-0.0,-33.564,-0.0,2.688655024854139e+18,4300,0,8,17171,4300,-0.0,39,0.0,0.0,-0.0,0.0,-0.0,0,0,0,0,0.0,0,0,0,0,0,0,0,0,0,0,0,0,0,0,0,0,0,0,0,0,0,0,0,0,0,0,0,0,0,0,0,0,0,9,35,35,44,65476,361,65476,1,0,4,21553,0.0,-0.0,6.475560258198862e+25,0.0,0.0,0.0,0.0,0.0,0.0,0.0,0.0,0.0,0.0,0.0,-2.600982585120823e+33,0.0,0.0,0.0,0.0,0.0,0.0,2.004,-0.0,2.004,0.0,0.0,0.0,0.0,0.0,0.0,6595.0,-0.0,0.0,2.718442270659078e+23,2.7184525388662284e+23,-107616224.0,2.7184509175703625e+23,0.0,0.0,2.004,2.004,224,-107614776.0,71.63,0.0,0.0,0.0,0.0,0.0,0.0,0.0,0,0,0,-1.3415264023216078e+23,8.66110317181231e+24,6.0272372771761516e+23,-0.0,1.298185767886527e+37,-0.0,0.0,-0.01,-5.342149317119443e+18,-2.08994747995197e+20,-0.0,746594.562,0.0,0.0,0.0,0.0,0,1.3516416376850534e+27,224,0.0,450,-0.0,-1814071424.0,2114,0,17110,13107,17112,13107,17095,0,0,0,101,100,100,0.0,63.9,-0.0,64.1,0.0,64.0,1,49,50,180,0,13107,0,0,0.0,0.0,0.0,60.0,-57215540.0,70.5,0.0,-1.6204234285335643e+23,0.0,1070,0,1071,0,0,0,1071,0,1081,0,996,0,641,0,643,0,638,0,677,0.032,7.968993439842526e+21,2.004,2.73023467606737e+23,62352,16812,-5.341628148607877e+18,3.0361123594262215e+29,-16257156096.0,-3125309.25,3.7521580417650516e+22,-0.0,50.0,60.0,35,0.0,0.0,10.0,2.0,0.0,0.0,0.0,0.0,0.0,0.0,0.0,0.0,0.0,0.0,0.0,0.0,59.2,52,12,65510,27,65476,1000,65476,1,0,4,20529,65476,0,0,30147,60.0,0.0,10.0,10.0,2.0,0.0
2026-02-16T12:11:00,ERR,ERR,ERR,ERR,ERR,ERR,ERR,ERR,ERR,ERR,ERR,ERR,ERR,ERR,ERR,ERR,ERR,ERR,ERR,ERR,ERR,ERR,ERR,ERR,ERR,ERR,ERR,ERR,ERR,ERR,ERR,ERR,ERR,ERR,ERR,ERR,ERR,ERR,ERR,ERR,ERR,ERR,ERR,ERR,ERR,ERR,ERR,ERR,ERR,ERR,ERR,ERR,ERR,ERR,ERR,ERR,ERR,ERR,ERR,ERR,ERR,ERR,ERR,ERR,ERR,ERR,ERR,ERR,ERR,ERR,ERR,ERR,ERR,ERR,ERR,ERR,ERR,ERR,ERR,ERR,ERR,ERR,ERR,ERR,ERR,ERR,ERR,ERR,ERR,ERR,ERR,ERR,ERR,ERR,ERR,ERR,ERR,ERR,ERR,ERR,ERR,ERR,ERR,ERR,ERR,ERR,ERR,ERR,ERR,ERR,ERR,ERR,ERR,ERR,ERR,ERR,ERR,ERR,ERR,ERR,ERR,ERR,ERR,ERR,ERR,2.718442270659078e+23,2.7184525388662284e+23,-107089984.0,-0.0,-0.0,-33.564,-0.0,2.688655024854139e+18,4300,0,8,17171,4300,-0.0,39,0.0,0.0,-0.0,0.0,-0.0,0,0,0,0,0.0,0,0,0,0,0,0,0,0,0,0,0,0,0,0,0,0,0,0,0,0,0,0,0,0,0,0,0,0,0,0,0,0,0,9,35,35,44,65476,361,65476,1,0,4,21553,0.0,-0.0,6.475560258198862e+25,0.0,0.0,0.0,0.0,0.0,0.0,0.0,0.0,0.0,0.0,0.0,-2.600982585120823e+33,0.0,0.0,0.0,0.0,0.0,0.0,2.004,-0.0,2.004,0.0,0.0,0.0,0.0,0.0,0.0,6595.0,-0.0,0.0,2.718442270659078e+23,2.7184525388662284e+23,-107616224.0,2.7184509175703625e+23,0.0,0.0,2.004,2.004,224,-107614776.0,71.63,0.0,0.0,0.0,0.0,0.0,0.0,0.0,0,0,0,-1.3415264023216078e+23,8.66110317181231e+24,6.0272372771761516e+23,-0.0,1.298185767886527e+37,-0.0,0.0,-0.01,-5.342149317119443e+18,-2.08994747995197e+20,-0.0,746594.562,0.0,0.0,0.0,0.0,0,1.3516416376850534e+27,224,0.0,450,-0.0,-1814071424.0,2114,0,17110,13107,17112,13107,17095,0,0,0,101,100,100,0.0,63.9,-0.0,64.1,0.0,64.0,1,49,50,180,0,13107,0,0,0.0,0.0,0.0,60.0,-57215540.0,70.5,0.0,-1.6204234285335643e+23,0.0,1070,0,1071,0,0,0,1071,0,1081,0,996,0,641,0,643,0,638,0,677,0.032,7.968993439842526e+21,2.004,2.73023467606737e+23,62352,16812,-5.341628148607877e+18,3.0361123594262215e+29,-16257156096.0,-3125309.25,3.7521580417650516e+22,-0.0,50.0,60.0,35,0.0,0.0,10.0,2.0,0.0,0.0,0.0,0.0,0.0,0.0,0.0,0.0,0.0,0.0,0.0,0.0,59.2,52,12,65510,27,65476,1000,65476,1,0,4,20529,65476,0,0,30147,60.0,0.0,10.0,10.0,2.0,0.0
2026-02-16T12:11:01,ERR,ERR,ERR,ERR,ERR,ERR,ERR,ERR,ERR,ERR,ERR,ERR,ERR,ERR,ERR,ERR,ERR,ERR,ERR,ERR,ERR,ERR,ERR,ERR,ERR,ERR,ERR,ERR,ERR,ERR,ERR,ERR,ERR,ERR,ERR,ERR,ERR,ERR,ERR,ERR,ERR,ERR,ERR,ERR,ERR,ERR,ERR,ERR,ERR,ERR,ERR,ERR,ERR,ERR,ERR,ERR,ERR,ERR,ERR,ERR,ERR,ERR,ERR,ERR,ERR,ERR,ERR,ERR,ERR,ERR,ERR,ERR,ERR,ERR,ERR,ERR,ERR,ERR,ERR,ERR,ERR,ERR,ERR,ERR,ERR,ERR,ERR,ERR,ERR,ERR,ERR,ERR,ERR,ERR,ERR,ERR,ERR,ERR,ERR,ERR,ERR,ERR,ERR,ERR,ERR,ERR,ERR,ERR,ERR,ERR,ERR,ERR,ERR,ERR,ERR,ERR,ERR,ERR,ERR,ERR,ERR,ERR,ERR,ERR,ERR,2.718442270659078e+23,2.7184525388662284e+23,-107089984.0,-0.0,-0.0,-0.0,0.0,-0.0,4300,0,8,17171,4300,-0.0,40,0.0,0.0,-0.0,0.0,-0.0,0,0,0,0,0.0,0,0,0,0,0,0,0,0,0,0,0,0,0,0,0,0,0,0,0,0,0,0,0,0,0,0,0,0,0,0,0,0,0,9,35,35,44,65476,370,65476,1,0,4,21553,0.0,-107610976.0,-0.0,0.0,0.0,0.0,0.0,0.0,0.0,0.0,0.0,0.0,0.0,0.0,0.0,0.0,0.0,0.0,0.0,0.0,0.0,2.004,-0.0,2.004,0.0,2.004,0.0,0.0,0.0,0.0,6598.0,2.4230023160510894e+24,0.0,2.718442270659078e+23,2.7184525388662284e+23,-107616224.0,-0.0,0.0,0.0,2.004,2.004,226,-3.222002398308886e+26,0.0,0.0,0.0,0.0,0.0,0.0,0.0,0.0,0,0,0,-2.792170470329946e+32,-192159376.0,8.44323245824173e+36,-13.704,-0.0,0.0,-3.248753807185674e+17,-685.094,-0.0,-2.2282980605047918e+20,-0.0,799842.562,0.0,0.0,0.0,-2.3265680117488996e+21,0,1.3516416376850534e+27,224,0.0,448,-0.0,-1814071424.0,2114,0,17110,13107,17112,13107,17095,0,0,0,101,100,100,0.0,63.9,-0.0,64.1,0.0,64.0,1,49,50,180,0,13107,0,0,0.0,0.0,0.0,60.0,-57215540.0,70.5,0.0,-1.6204234285335643e+23,0.0,1070,0,1071,0,0,0,1071,0,1081,0,996,0,641,0,643,0,638,0,677,0.032,7.968993439842526e+21,2.004,2.73023467606737e+23,62352,16812,-5.341628148607877e+18,3.0361123594262215e+29,-16257156096.0,-3125309.25,3.7521580417650516e+22,-0.0,50.0,60.0,35,0.0,0.0,10.0,2.0,0.0,0.0,0.0,0.0,0.0,0.0,0.0,0.0,0.0,0.0,0.0,0.0,59.2,52,12,65510,27,65476,1000,65476,1,0,4,20529,65476,0,0,30147,60.0,0.0,10.0,10.0,2.0,0.0
2026-02-16T12:11:02,ERR,ERR,ERR,ERR,ERR,ERR,ERR,ERR,ERR,ERR,ERR,ERR,ERR,ERR,ERR,ERR,ERR,ERR,ERR,ERR,ERR,ERR,ERR,ERR,ERR,ERR,ERR,ERR,ERR,ERR,ERR,ERR,ERR,ERR,ERR,ERR,ERR,ERR,ERR,ERR,ERR,ERR,ERR,ERR,ERR,ERR,ERR,ERR,ERR,ERR,ERR,ERR,ERR,ERR,ERR,ERR,ERR,ERR,ERR,ERR,ERR,ERR,ERR,ERR,ERR,ERR,ERR,ERR,ERR,ERR,ERR,ERR,ERR,ERR,ERR,ERR,ERR,ERR,ERR,ERR,ERR,ERR,ERR,ERR,ERR,ERR,ERR,ERR,ERR,ERR,ERR,ERR,ERR,ERR,ERR,ERR,ERR,ERR,ERR,ERR,ERR,ERR,ERR,ERR,ERR,ERR,ERR,ERR,ERR,ERR,ERR,ERR,ERR,ERR,ERR,ERR,ERR,ERR,ERR,ERR,ERR,ERR,ERR,ERR,ERR,2.718442270659078e+23,2.7184525388662284e+23,-107089984.0,-0.0,-0.0,-0.0,0.0,-0.0,4300,0,8,17171,4300,-0.0,40,0.0,0.0,-0.0,0.0,-0.0,0,0,0,0,0.0,0,0,0,0,0,0,0,0,0,0,0,0,0,0,0,0,0,0,0,0,0,0,0,0,0,0,0,0,0,0,0,0,0,9,35,35,44,65476,370,65476,1,0,4,21553,0.0,-107610976.0,-0.0,0.0,0.0,0.0,0.0,0.0,0.0,0.0,0.0,0.0,0.0,0.0,0.0,0.0,0.0,0.0,0.0,0.0,0.0,2.004,-0.0,2.004,0.0,2.004,0.0,0.0,0.0,0.0,6598.0,2.4230023160510894e+24,0.0,2.718442270659078e+23,2.7184525388662284e+23,-107616224.0,-0.0,0.0,0.0,2.004,2.004,226,-3.222002398308886e+26,0.0,0.0,0.0,0.0,0.0,0.0,0.0,0.0,0,0,0,-2.792170470329946e+32,-192159376.0,8.44323245824173e+36,-13.704,-0.0,0.0,-3.248753807185674e+17,-685.094,-0.0,-2.2282980605047918e+20,-0.0,799842.562,0.0,0.0,0.0,-2.3265680117488996e+21,0,1.3516416376850534e+27,224,0.0,448,-0.0,-1814071424.0,2114,13107,17110,13107,17112,13107,17095,0,0,0,101,100,100,0.0,63.9,-0.0,64.1,0.0,64.0,1,49,50,180,0,13107,0,0,0.0,0.0,0.0,60.0,-4.820940233574554e+19,70.5,0.0,-57245253632.0,0.0,1070,0,1071,0,0,0,1071,0,1081,0,996,0,641,0,643,0,638,0,677,0.032,8.005886927989945e+21,2.004,2.73023467606737e+23,20880,16813,-1.1935286617563948e+28,-57245253632.0,nan,-0.0,0.0,258660227874816.0,50.0,60.0,35,0.0,0.0,10.0,2.0,0.0,0.0,0.0,0.0,0.0,0.0,0.0,0.0,0.0,0.0,0.0,0.0,59.2,52,12,65510,27,65476,1000,65476,1,0,4,20529,65476,0,0,30147,60.0,0.0,10.0,10.0,2.0,0.0
2026-02-16T12:11:03,ERR,ERR,ERR,ERR,ERR,ERR,ERR,ERR,ERR,ERR,ERR,ERR,ERR,ERR,ERR,ERR,ERR,ERR,ERR,ERR,ERR,ERR,ERR,ERR,ERR,ERR,ERR,ERR,ERR,ERR,ERR,ERR,ERR,ERR,ERR,ERR,ERR,ERR,ERR,ERR,ERR,ERR,ERR,ERR,ERR,ERR,ERR,ERR,ERR,ERR,ERR,ERR,ERR,ERR,ERR,ERR,ERR,ERR,ERR,ERR,ERR,ERR,ERR,ERR,ERR,ERR,ERR,ERR,ERR,ERR,ERR,ERR,ERR,ERR,ERR,ERR,ERR,ERR,ERR,ERR,ERR,ERR,ERR,ERR,ERR,ERR,ERR,ERR,ERR,ERR,ERR,ERR,ERR,ERR,ERR,ERR,ERR,ERR,ERR,ERR,ERR,ERR,ERR,ERR,ERR,ERR,ERR,ERR,ERR,ERR,ERR,ERR,ERR,ERR,ERR,ERR,ERR,ERR,ERR,ERR,ERR,ERR,ERR,ERR,ERR,2.718442270659078e+23,2.7184525388662284e+23,-107089984.0,-0.0,-0.0,-0.0,0.0,-0.0,4300,0,8,17171,4300,-0.0,40,0.0,0.0,-0.0,0.0,-0.0,0,0,0,0,0.0,0,0,0,0,0,0,0,0,0,0,0,0,0,0,0,0,0,0,0,0,0,0,0,0,0,0,0,0,0,0,0,0,0,9,35,35,44,65476,370,65476,1,0,4,21553,0.0,-107610976.0,-0.0,0.0,0.0,0.0,0.0,0.0,0.0,0.0,0.0,0.0,0.0,0.0,0.0,0.0,0.0,0.0,0.0,0.0,0.0,2.004,-0.0,2.004,0.0,2.004,0.0,0.0,0.0,0.0,6598.0,2.4230023160510894e+24,0.0,2.718442270659078e+23,2.7184525388662284e+23,-107616224.0,-0.0,0.0,0.0,2.004,2.004,226,-3.222002398308886e+26,0.0,0.0,0.0,0.0,0.0,0.0,0.0,0.0,0,0,0,-2.792170470329946e+32,-192159376.0,8.44323245824173e+36,-13.704,-0.0,0.0,-3.248753807185674e+17,-685.094,-0.0,-2.2282980605047918e+20,-0.0,799842.562,0.0,0.0,0.0,-2.3265680117488996e+21,0,1.3516416376850534e+27,224,0.0,448,-0.0,-1814071424.0,2114,13107,17110,13107,17112,13107,17095,0,0,0,101,100,100,0.0,63.9,-0.0,64.1,0.0,64.0,1,49,50,180,0,13107,0,0,0.0,0.0,0.0,60.0,-4.820940233574554e+19,70.5,0.0,-57245253632.0,0.0,1070,0,1071,0,0,0,1071,0,1081,0,996,0,641,0,643,0,638,0,677,0.032,8.005886927989945e+21,2.004,2.73023467606737e+23,20880,16813,-1.1935286617563948e+28,-57245253632.0,nan,-0.0,0.0,258660227874816.0,50.0,60.0,35,0.0,0.0,10.0,2.0,0.0,0.0,0.0,0.0,0.0,0.0,0.0,0.0,0.0,0.0,0.0,0.0,59.2,52,12,65510,27,65476,1000,65476,1,0,4,20529,65476,0,0,30147,60.0,0.0,10.0,10.0,2.0,0.0
2026-02-16T12:11:04,ERR,ERR,ERR,ERR,ERR,ERR,ERR,ERR,ERR,ERR,ERR,ERR,ERR,ERR,ERR,ERR,ERR,ERR,ERR,ERR,ERR,ERR,ERR,ERR,ERR,ERR,ERR,ERR,ERR,ERR,ERR,ERR,ERR,ERR,ERR,ERR,ERR,ERR,ERR,ERR,ERR,ERR,ERR,ERR,ERR,ERR,ERR,ERR,ERR,ERR,ERR,ERR,ERR,ERR,ERR,ERR,ERR,ERR,ERR,ERR,ERR,ERR,ERR,ERR,ERR,ERR,ERR,ERR,ERR,ERR,ERR,ERR,ERR,ERR,ERR,ERR,ERR,ERR,ERR,ERR,ERR,ERR,ERR,ERR,ERR,ERR,ERR,ERR,ERR,ERR,ERR,ERR,ERR,ERR,ERR,ERR,ERR,ERR,ERR,ERR,ERR,ERR,ERR,ERR,ERR,ERR,ERR,ERR,ERR,ERR,ERR,ERR,ERR,ERR,ERR,ERR,ERR,ERR,ERR,ERR,ERR,ERR,ERR,ERR,ERR,2.718442270659078e+23,2.7184525388662284e+23,-107089984.0,-0.0,-0.0,-0.0,0.0,-0.0,4300,0,8,17171,4300,-0.0,40,0.0,0.0,-0.0,0.0,-0.0,0,0,0,0,0.0,0,0,0,0,0,0,0,0,0,0,0,0,0,0,0,0,0,0,0,0,0,0,0,0,0,0,0,0,0,0,0,0,0,9,35,35,44,65476,370,65476,1,0,4,21553,0.0,-107610976.0,-0.0,0.0,0.0,0.0,0.0,0.0,0.0,0.0,0.0,0.0,0.0,0.0,0.0,0.0,0.0,0.0,0.0,0.0,0.0,2.004,-0.0,2.004,0.0,2.004,0.0,0.0,0.0,0.0,6598.0,2.4230023160510894e+24,0.0,2.718442270659078e+23,2.7184525388662284e+23,-107616224.0,-0.0,0.0,0.0,2.004,2.004,226,-3.222002398308886e+26,0.0,0.0,0.0,0.0,0.0,0.0,0.0,0.0,0,0,0,-2.792170470329946e+32,-192159376.0,8.44323245824173e+36,-13.704,-0.0,0.0,-3.248753807185674e+17,-685.094,-0.0,-2.2282980605047918e+20,-0.0,799842.562,0.0,0.0,0.0,-2.3265680117488996e+21,0,1.3516416376850534e+27,224,0.0,448,-0.0,-1814071424.0,2114,13107,17110,13107,17112,13107,17095,0,0,0,101,100,100,0.0,63.9,-0.0,64.1,0.0,64.0,1,49,50,180,0,13107,0,0,0.0,0.0,0.0,60.0,-4.820940233574554e+19,70.5,0.0,-57245253632.0,0.0,1070,0,1071,0,0,0,1071,0,1081,0,996,0,641,0,643,0,638,0,677,0.032,8.005886927989945e+21,2.004,2.73023467606737e+23,20880,16813,-1.1935286617563948e+28,-57245253632.0,nan,-0.0,0.0,258660227874816.0,50.0,60.0,35,0.0,0.0,10.0,2.0,0.0,0.0,0.0,0.0,0.0,0.0,0.0,0.0,0.0,0.0,0.0,0.0,59.2,52,12,65510,27,65476,1000,65476,1,0,4,20529,65476,0,0,30147,60.0,0.0,10.0,10.0,2.0,0.0
2026-02-16T12:11:05,ERR,ERR,ERR,ERR,ERR,ERR,ERR,ERR,ERR,ERR,ERR,ERR,ERR,ERR,ERR,ERR,ERR,ERR,ERR,ERR,ERR,ERR,ERR,ERR,ERR,ERR,ERR,ERR,ERR,ERR,ERR,ERR,ERR,ERR,ERR,ERR,ERR,ERR,ERR,ERR,ERR,ERR,ERR,ERR,ERR,ERR,ERR,ERR,ERR,ERR,ERR,ERR,ERR,ERR,ERR,ERR,ERR,ERR,ERR,ERR,ERR,ERR,ERR,ERR,ERR,ERR,ERR,ERR,ERR,ERR,ERR,ERR,ERR,ERR,ERR,ERR,ERR,ERR,ERR,ERR,ERR,ERR,ERR,ERR,ERR,ERR,ERR,ERR,ERR,ERR,ERR,ERR,ERR,ERR,ERR,ERR,ERR,ERR,ERR,ERR,ERR,ERR,ERR,ERR,ERR,ERR,ERR,ERR,ERR,ERR,ERR,ERR,ERR,ERR,ERR,ERR,ERR,ERR,ERR,ERR,ERR,ERR,ERR,ERR,ERR,2.718442270659078e+23,2.7184525388662284e+23,-107089984.0,-0.0,-0.0,4.058963309850788e+17,-266386538496000.0,-11088.021,4300,0,8,17171,4300,-0.0,39,0.0,0.0,-0.0,0.0,-0.0,0,0,0,0,0.0,0,0,0,0,0,0,0,0,0,0,0,0,0,0,0,0,0,0,0,0,0,0,0,0,0,0,0,0,0,0,0,0,0,9,35,35,44,65476,370,65476,1,0,4,21553,0.0,0.0,-31.407,0.0,0.0,0.0,0.0,0.0,0.0,0.0,0.0,0.0,0.0,0.0,0.0,0.0,0.0,0.0,0.0,0.0,0.0,2.004,-0.0,2.004,0.0,3.697076622266571e+19,0.0,0.0,0.0,0.0,6599.0,0.0,0.0,2.718442270659078e+23,2.7184525388662284e+23,-107616224.0,-0.0,0.0,0.0,2.004,2.004,224,-4.950401131092143e+32,-4.95042434246788e+32,0.0,0.0,0.0,0.0,0.0,0.0,0.0,0,0,0,-1.9096885490032368e+29,0.37,4.7273424920835284e+24,-1.7816792080714826e+19,-0.0,-500916584448.0,0.0,-5.5316258659592236e+23,-6.432786063332895e+24,-2.378177856103682e+20,-0.0,848994.562,0.0,0.0,0.0,-2.246769292901475e+22,0,1.3516416376850534e+27,224,0.0,448,-0.0,4.538273453391171e+24,2114,13107,17110,13107,17112,13107,17095,0,0,0,101,100,100,0.0,63.9,-0.0,64.1,0.0,64.0,1,49,50,180,0,13107,0,0,0.0,0.0,0.0,60.0,-4.820940233574554e+19,70.5,0.0,-57245253632.0,0.0,1070,0,1071,0,0,0,1071,0,1081,0,996,0,641,0,643,0,638,0,677,0.032,8.005886927989945e+21,2.004,2.73023467606737e+23,20880,16813,-1.1935286617563948e+28,-57245253632.0,nan,-0.0,0.0,258660227874816.0,50.0,60.0,35,0.0,0.0,10.0,2.0,0.0,0.0,0.0,0.0,0.0,0.0,0.0,0.0,0.0,0.0,0.0,0.0,58.8,52,12,65510,27,65476,1000,65476,1,0,4,20529,65476,0,0,30147,60.0,0.0,10.0,10.0,2.0,0.0
2026-02-16T12:11:06,ERR,ERR,ERR,ERR,ERR,ERR,ERR,ERR,ERR,ERR,ERR,ERR,ERR,ERR,ERR,ERR,ERR,ERR,ERR,ERR,ERR,ERR,ERR,ERR,ERR,ERR,ERR,ERR,ERR,ERR,ERR,ERR,ERR,ERR,ERR,ERR,ERR,ERR,ERR,ERR,ERR,ERR,ERR,ERR,ERR,ERR,ERR,ERR,ERR,ERR,ERR,ERR,ERR,ERR,ERR,ERR,ERR,ERR,ERR,ERR,ERR,ERR,ERR,ERR,ERR,ERR,ERR,ERR,ERR,ERR,ERR,ERR,ERR,ERR,ERR,ERR,ERR,ERR,ERR,ERR,ERR,ERR,ERR,ERR,ERR,ERR,ERR,ERR,ERR,ERR,ERR,ERR,ERR,ERR,ERR,ERR,ERR,ERR,ERR,ERR,ERR,ERR,ERR,ERR,ERR,ERR,ERR,ERR,ERR,ERR,ERR,ERR,ERR,ERR,ERR,ERR,ERR,ERR,ERR,ERR,ERR,ERR,ERR,ERR,ERR,2.718442270659078e+23,2.7184525388662284e+23,-107089984.0,-0.0,-0.0,4.058963309850788e+17,-266386538496000.0,-11088.021,4300,0,8,17171,4300,-0.0,39,0.0,0.0,-0.0,0.0,-0.0,0,0,0,0,0.0,0,0,0,0,0,0,0,0,0,0,0,0,0,0,0,0,0,0,0,0,0,0,0,0,0,0,0,0,0,0,0,0,0,9,35,35,44,65476,370,65476,1,0,4,21553,0.0,0.0,-31.407,0.0,0.0,0.0,0.0,0.0,0.0,0.0,0.0,0.0,0.0,0.0,0.0,0.0,0.0,0.0,0.0,0.0,0.0,2.004,-0.0,2.004,0.0,3.697076622266571e+19,0.0,0.0,0.0,0.0,6599.0,0.0,0.0,2.718442270659078e+23,2.7184525388662284e+23,-107616224.0,-0.0,0.0,0.0,2.004,2.004,224,-4.950401131092143e+32,-4.95042434246788e+32,0.0,0.0,0.0,0.0,0.0,0.0,0.0,0,0,0,-1.9096885490032368e+29,0.37,4.7273424920835284e+24,-1.7816792080714826e+19,-0.0,-500916584448.0,0.0,-5.5316258659592236e+23,-6.432786063332895e+24,-2.378177856103682e+20,-0.0,848994.562,0.0,0.0,0.0,-2.246769292901475e+22,0,1.3516416376850534e+27,224,0.0,448,-0.0,4.538273453391171e+24,2114,13107,17110,13107,17112,13107,17095,0,0,0,101,100,100,0.0,63.9,-0.0,64.1,0.0,64.0,1,49,50,180,0,13107,0,0,0.0,0.0,0.0,60.0,0.0,71.0,0.0,0.0,0.0,1070,0,1071,0,0,0,1071,0,1081,0,996,0,641,0,643,0,638,0,676,0.032,7.932099951695107e+21,2.004,2.73023467606737e+23,20112,16813,-6.110866748192741e+30,0.0,-4268048.5,-84156522496.0,3.995014102794801e+20,-0.0,50.0,60.0,35,0.0,0.0,10.0,2.0,0.0,0.0,0.0,0.0,0.0,0.0,0.0,0.0,0.0,0.0,0.0,0.0,58.8,52,12,65510,27,65476,1000,65476,1,0,4,20529,65476,0,0,30147,60.0,0.0,10.0,10.0,2.0,0.0
2026-02-16T12:11:07,ERR,ERR,ERR,ERR,ERR,ERR,ERR,ERR,ERR,ERR,ERR,ERR,ERR,ERR,ERR,ERR,ERR,ERR,ERR,ERR,ERR,ERR,ERR,ERR,ERR,ERR,ERR,ERR,ERR,ERR,ERR,ERR,ERR,ERR,ERR,ERR,ERR,ERR,ERR,ERR,ERR,ERR,ERR,ERR,ERR,ERR,ERR,ERR,ERR,ERR,ERR,ERR,ERR,ERR,ERR,ERR,ERR,ERR,ERR,ERR,ERR,ERR,ERR,ERR,ERR,ERR,ERR,ERR,ERR,ERR,ERR,ERR,ERR,ERR,ERR,ERR,ERR,ERR,ERR,ERR,ERR,ERR,ERR,ERR,ERR,ERR,ERR,ERR,ERR,ERR,ERR,ERR,ERR,ERR,ERR,ERR,ERR,ERR,ERR,ERR,ERR,ERR,ERR,ERR,ERR,ERR,ERR,ERR,ERR,ERR,ERR,ERR,ERR,ERR,ERR,ERR,ERR,ERR,ERR,ERR,ERR,ERR,ERR,ERR,ERR,2.718442270659078e+23,2.7184525388662284e+23,-107089984.0,-0.0,-0.0,4.058963309850788e+17,-266386538496000.0,-11088.021,4300,0,8,17171,4300,-0.0,39,0.0,0.0,-0.0,0.0,-0.0,0,0,0,0,0.0,0,0,0,0,0,0,0,0,0,0,0,0,0,0,0,0,0,0,0,0,0,0,0,0,0,0,0,0,0,0,0,0,0,9,35,35,44,65476,370,65476,1,0,4,21553,0.0,0.0,-31.407,0.0,0.0,0.0,0.0,0.0,0.0,0.0,0.0,0.0,0.0,0.0,0.0,0.0,0.0,0.0,0.0,0.0,0.0,2.004,-0.0,2.004,0.0,3.697076622266571e+19,0.0,0.0,0.0,0.0,6599.0,0.0,0.0,2.718442270659078e+23,2.7184525388662284e+23,-107616224.0,-0.0,0.0,0.0,2.004,2.004,224,-4.950401131092143e+32,-4.95042434246788e+32,0.0,0.0,0.0,0.0,0.0,0.0,0.0,0,0,0,-1.9096885490032368e+29,0.37,4.7273424920835284e+24,-1.7816792080714826e+19,-0.0,-500916584448.0,0.0,-5.5316258659592236e+23,-6.432786063332895e+24,-2.378177856103682e+20,-0.0,848994.562,0.0,0.0,0.0,-2.246769292901475e+22,0,1.3516416376850534e+27,224,0.0,448,-0.0,4.538273453391171e+24,2114,13107,17110,13107,17112,13107,17095,0,0,0,101,100,100,0.0,63.9,-0.0,64.1,0.0,64.0,1,49,50,180,0,13107,0,0,0.0,0.0,0.0,60.0,0.0,71.0,0.0,0.0,0.0,1070,0,1071,0,0,0,1071,0,1081,0,996,0,641,0,643,0,638,0,676,0.032,7.932099951695107e+21,2.004,2.73023467606737e+23,20112,16813,-6.110866748192741e+30,0.0,-4268048.5,-84156522496.0,3.995014102794801e+20,-0.0,50.0,60.0,35,0.0,0.0,10.0,2.0,0.0,0.0,0.0,0.0,0.0,0.0,0.0,0.0,0.0,0.0,0.0,0.0,58.8,52,12,65510,27,65476,1000,65476,1,0,4,20529,65476,0,0,30147,60.0,0.0,10.0,10.0,2.0,0.0
2026-02-16T12:11:08,ERR,ERR,ERR,ERR,ERR,ERR,ERR,ERR,ERR,ERR,ERR,ERR,ERR,ERR,ERR,ERR,ERR,ERR,ERR,ERR,ERR,ERR,ERR,ERR,ERR,ERR,ERR,ERR,ERR,ERR,ERR,ERR,ERR,ERR,ERR,ERR,ERR,ERR,ERR,ERR,ERR,ERR,ERR,ERR,ERR,ERR,ERR,ERR,ERR,ERR,ERR,ERR,ERR,ERR,ERR,ERR,ERR,ERR,ERR,ERR,ERR,ERR,ERR,ERR,ERR,ERR,ERR,ERR,ERR,ERR,ERR,ERR,ERR,ERR,ERR,ERR,ERR,ERR,ERR,ERR,ERR,ERR,ERR,ERR,ERR,ERR,ERR,ERR,ERR,ERR,ERR,ERR,ERR,ERR,ERR,ERR,ERR,ERR,ERR,ERR,ERR,ERR,ERR,ERR,ERR,ERR,ERR,ERR,ERR,ERR,ERR,ERR,ERR,ERR,ERR,ERR,ERR,ERR,ERR,ERR,ERR,ERR,ERR,ERR,ERR,2.718442270659078e+23,2.7184525388662284e+23,-107089984.0,-0.0,-0.0,4.058963309850788e+17,-266386538496000.0,-11088.021,4300,0,8,17171,4300,-0.0,39,0.0,0.0,-0.0,0.0,-0.0,0,0,0,0,0.0,0,0,0,0,0,0,0,0,0,0,0,0,0,0,0,0,0,0,0,0,0,0,0,0,0,0,0,0,0,0,0,0,0,9,35,35,44,65476,370,65476,1,0,4,21553,0.0,0.0,-31.407,0.0,0.0,0.0,0.0,0.0,0.0,0.0,0.0,0.0,0.0,0.0,0.0,0.0,0.0,0.0,0.0,0.0,0.0,2.004,-0.0,2.004,0.0,3.697076622266571e+19,0.0,0.0,0.0,0.0,6599.0,0.0,0.0,2.718442270659078e+23,2.7184525388662284e+23,-107616224.0,-0.0,0.0,0.0,2.004,2.004,224,-4.950401131092143e+32,-4.95042434246788e+32,0.0,0.0,0.0,0.0,0.0,0.0,0.0,0,0,0,-1.9096885490032368e+29,0.37,4.7273424920835284e+24,-1.7816792080714826e+19,-0.0,-500916584448.0,0.0,-5.5316258659592236e+23,-6.432786063332895e+24,-2.378177856103682e+20,-0.0,848994.562,0.0,0.0,0.0,-2.246769292901475e+22,0,1.3516416376850534e+27,224,0.0,448,-0.0,4.538273453391171e+24,2114,13107,17110,13107,17112,13107,17095,0,0,0,101,100,100,0.0,63.9,-0.0,64.1,0.0,64.0,1,49,50,180,0,13107,0,0,0.0,0.0,0.0,60.0,0.0,71.0,0.0,0.0,0.0,1070,0,1071,0,0,0,1071,0,1081,0,996,0,641,0,643,0,638,0,676,0.032,7.932099951695107e+21,2.004,2.73023467606737e+23,20112,16813,-6.110866748192741e+30,0.0,-4268048.5,-84156522496.0,3.995014102794801e+20,-0.0,50.0,60.0,35,0.0,0.0,10.0,2.0,0.0,0.0,0.0,0.0,0.0,0.0,0.0,0.0,0.0,0.0,0.0,0.0,59.2,52,12,65510,27,65476,1000,65476,1,0,4,20529,65476,0,0,30147,60.0,0.0,10.0,10.0,2.0,0.0
2026-02-16T12:11:09,ERR,ERR,ERR,ERR,ERR,ERR,ERR,ERR,ERR,ERR,ERR,ERR,ERR,ERR,ERR,ERR,ERR,ERR,ERR,ERR,ERR,ERR,ERR,ERR,ERR,ERR,ERR,ERR,ERR,ERR,ERR,ERR,ERR,ERR,ERR,ERR,ERR,ERR,ERR,ERR,ERR,ERR,ERR,ERR,ERR,ERR,ERR,ERR,ERR,ERR,ERR,ERR,ERR,ERR,ERR,ERR,ERR,ERR,ERR,ERR,ERR,ERR,ERR,ERR,ERR,ERR,ERR,ERR,ERR,ERR,ERR,ERR,ERR,ERR,ERR,ERR,ERR,ERR,ERR,ERR,ERR,ERR,ERR,ERR,ERR,ERR,ERR,ERR,ERR,ERR,ERR,ERR,ERR,ERR,ERR,ERR,ERR,ERR,ERR,ERR,ERR,ERR,ERR,ERR,ERR,ERR,ERR,ERR,ERR,ERR,ERR,ERR,ERR,ERR,ERR,ERR,ERR,ERR,ERR,ERR,ERR,ERR,ERR,ERR,ERR,2.718442270659078e+23,2.7184525388662284e+23,-107089984.0,-0.0,-0.0,4.058963309850788e+17,-266386538496000.0,-11088.021,4300,0,8,17171,4300,-0.0,39,0.0,0.0,-0.0,0.0,-0.0,0,0,0,0,0.0,0,0,0,0,0,0,0,0,0,0,0,0,0,0,0,0,0,0,0,0,0,0,0,0,0,0,0,0,0,0,0,0,0,9,35,35,44,65476,370,65476,1,0,4,21553,0.0,0.0,-31.407,0.0,0.0,0.0,0.0,0.0,0.0,0.0,0.0,0.0,0.0,0.0,0.0,0.0,0.0,0.0,0.0,0.0,0.0,2.004,-0.0,2.004,0.0,3.697076622266571e+19,0.0,0.0,0.0,0.0,6599.0,0.0,0.0,2.718442270659078e+23,2.7184525388662284e+23,-107616224.0,-0.0,0.0,0.0,2.004,2.004,224,-4.950401131092143e+32,-4.95042434246788e+32,0.0,0.0,0.0,0.0,0.0,0.0,0.0,0,0,0,-1.9096885490032368e+29,0.37,4.7273424920835284e+24,-1.7816792080714826e+19,-0.0,-500916584448.0,0.0,-5.5316258659592236e+23,-6.432786063332895e+24,-2.378177856103682e+20,-0.0,848994.562,0.0,0.0,0.0,-2.246769292901475e+22,0,1.3516416376850534e+27,224,0.0,448,-0.0,4.538273453391171e+24,2114,0,17110,13107,17112,13107,17095,0,0,0,101,100,100,0.0,63.9,-0.0,64.1,0.0,64.0,1,49,50,180,0,13107,0,0,0.0,0.0,0.0,60.0,0.0,71.0,0.0,0.0,0.0,1070,0,1071,0,0,0,1070,0,1081,0,996,0,641,0,643,0,638,0,676,0.032,7.968993439842526e+21,0.0,0.0,21264,16813,0.0,0.0,-7.17045648615313e+25,3.524144492461884e+33,-0.0,-0.0,50.0,60.0,35,0.0,0.0,10.0,2.0,0.0,0.0,0.0,0.0,0.0,0.0,0.0,0.0,0.0,0.0,0.0,0.0,59.2,52,12,65510,27,65476,1000,65476,1,0,4,20529,65476,0,0,30147,60.0,0.0,10.0,10.0,2.0,0.0
2026-02-16T12:11:10,ERR,ERR,ERR,ERR,ERR,ERR,ERR,ERR,ERR,ERR,ERR,ERR,ERR,ERR,ERR,ERR,ERR,ERR,ERR,ERR,ERR,ERR,ERR,ERR,ERR,ERR,ERR,ERR,ERR,ERR,ERR,ERR,ERR,ERR,ERR,ERR,ERR,ERR,ERR,ERR,ERR,ERR,ERR,ERR,ERR,ERR,ERR,ERR,ERR,ERR,ERR,ERR,ERR,ERR,ERR,ERR,ERR,ERR,ERR,ERR,ERR,ERR,ERR,ERR,ERR,ERR,ERR,ERR,ERR,ERR,ERR,ERR,ERR,ERR,ERR,ERR,ERR,ERR,ERR,ERR,ERR,ERR,ERR,ERR,ERR,ERR,ERR,ERR,ERR,ERR,ERR,ERR,ERR,ERR,ERR,ERR,ERR,ERR,ERR,ERR,ERR,ERR,ERR,ERR,ERR,ERR,ERR,ERR,ERR,ERR,ERR,ERR,ERR,ERR,ERR,ERR,ERR,ERR,ERR,ERR,ERR,ERR,ERR,ERR,ERR,2.718442270659078e+23,2.7184525388662284e+23,-107089984.0,-107611232.0,-4.065341896277126e+31,7.879885728804056e+33,0.0,0.0,4300,0,8,17171,4300,-0.0,39,0.0,0.0,-107611232.0,0.0,-0.0,0,0,0,0,0.0,0,0,0,0,0,0,0,0,0,0,0,0,0,0,0,0,0,0,0,0,0,0,0,0,0,0,0,0,0,0,0,0,0,9,35,35,45,65476,369,65476,1,0,4,21553,0.0,2.7183305813883192e+23,-317211744.0,0.0,0.0,0.0,0.0,0.0,0.0,0.0,0.0,0.0,0.0,0.0,0.0,0.0,0.0,0.0,0.0,0.0,0.0,2.004,-0.0,2.004,-3.6970739834386645e+19,3.697076622266571e+19,0.0,0.0,0.0,0.0,6572.0,-1.5879386089525827e+29,0.0,2.718442270659078e+23,2.7184525388662284e+23,-0.0,-0.0,0.0,0.0,2.004,2.004,223,89220.562,-71.63,0.0,0.0,0.0,0.0,0.0,0.0,0.0,0,0,0,-6.05458054004016e+24,-1.1384497495770679e+36,2.538640543712431e+32,6.85959976606617e+23,-0.0,-0.0,-3.160134736997871e+29,-189720.031,-5928.782,-2.528057651702572e+20,-0.0,902242.562,0.0,0.0,0.0,-2.0683135947169658e+21,0,1.3516416376850534e+27,223,0.0,446,-0.0,4.538273453391171e+24,2114,0,17110,13107,17112,13107,17095,0,0,0,101,100,100,0.0,63.9,-0.0,64.1,0.0,64.0,1,49,50,180,0,13107,0,0,0.0,0.0,0.0,60.0,0.0,71.0,0.0,0.0,0.0,1070,0,1071,0,0,0,1070,0,1081,0,996,0,641,0,643,0,638,0,676,0.032,7.968993439842526e+21,0.0,0.0,21264,16813,0.0,0.0,-7.17045648615313e+25,3.524144492461884e+33,-0.0,-0.0,50.0,60.0,35,0.0,0.0,10.0,2.0,0.0,0.0,0.0,0.0,0.0,0.0,0.0,0.0,0.0,0.0,0.0,0.0,58.8,52,12,65510,27,65476,1000,65476,1,0,4,20529,65476,0,0,30147,60.0,0.0,10.0,10.0,2.0,0.0
2026-02-16T12:11:11,ERR,ERR,ERR,ERR,ERR,ERR,ERR,ERR,ERR,ERR,ERR,ERR,ERR,ERR,ERR,ERR,ERR,ERR,ERR,ERR,ERR,ERR,ERR,ERR,ERR,ERR,ERR,ERR,ERR,ERR,ERR,ERR,ERR,ERR,ERR,ERR,ERR,ERR,ERR,ERR,ERR,ERR,ERR,ERR,ERR,ERR,ERR,ERR,ERR,ERR,ERR,ERR,ERR,ERR,ERR,ERR,ERR,ERR,ERR,ERR,ERR,ERR,ERR,ERR,ERR,ERR,ERR,ERR,ERR,ERR,ERR,ERR,ERR,ERR,ERR,ERR,ERR,ERR,ERR,ERR,ERR,ERR,ERR,ERR,ERR,ERR,ERR,ERR,ERR,ERR,ERR,ERR,ERR,ERR,ERR,ERR,ERR,ERR,ERR,ERR,ERR,ERR,ERR,ERR,ERR,ERR,ERR,ERR,ERR,ERR,ERR,ERR,ERR,ERR,ERR,ERR,ERR,ERR,ERR,ERR,ERR,ERR,ERR,ERR,ERR,2.718442270659078e+23,2.7184525388662284e+23,-107089984.0,-107611232.0,-4.065341896277126e+31,7.879885728804056e+33,0.0,0.0,4300,0,8,17171,4300,-0.0,39,0.0,0.0,-107611232.0,0.0,-0.0,0,0,0,0,0.0,0,0,0,0,0,0,0,0,0,0,0,0,0,0,0,0,0,0,0,0,0,0,0,0,0,0,0,0,0,0,0,0,0,9,35,35,45,65476,369,65476,1,0,4,21553,0.0,2.7183305813883192e+23,-317211744.0,0.0,0.0,0.0,0.0,0.0,0.0,0.0,0.0,0.0,0.0,0.0,0.0,0.0,0.0,0.0,0.0,0.0,0.0,2.004,-0.0,2.004,-3.6970739834386645e+19,3.697076622266571e+19,0.0,0.0,0.0,0.0,6572.0,-1.5879386089525827e+29,0.0,2.718442270659078e+23,2.7184525388662284e+23,-0.0,-0.0,0.0,0.0,2.004,2.004,223,89220.562,-71.63,0.0,0.0,0.0,0.0,0.0,0.0,0.0,0,0,0,-6.05458054004016e+24,-1.1384497495770679e+36,2.538640543712431e+32,6.85959976606617e+23,-0.0,-0.0,-3.160134736997871e+29,-189720.031,-5928.782,-2.528057651702572e+20,-0.0,902242.562,0.0,0.0,0.0,-2.0683135947169658e+21,0,1.3516416376850534e+27,223,0.0,446,-0.0,4.538273453391171e+24,2114,0,17110,13107,17112,13107,17095,0,0,0,101,100,100,0.0,63.9,-0.0,64.1,0.0,64.0,1,49,50,180,0,13107,0,0,0.0,0.0,0.0,60.0,0.0,71.0,0.0,0.0,0.0,1070,0,1071,0,0,0,1070,0,1081,0,996,0,641,0,643,0,638,0,676,0.032,7.968993439842526e+21,0.0,0.0,21264,16813,0.0,0.0,-7.17045648615313e+25,3.524144492461884e+33,-0.0,-0.0,50.0,60.0,35,0.0,0.0,10.0,2.0,0.0,0.0,0.0,0.0,0.0,0.0,0.0,0.0,0.0,0.0,0.0,0.0,58.8,52,12,65510,27,65476,1000,65476,1,0,4,20529,65476,0,0,30147,60.0,0.0,10.0,10.0,2.0,0.0
2026-02-16T12:11:12,ERR,ERR,ERR,ERR,ERR,ERR,ERR,ERR,ERR,ERR,ERR,ERR,ERR,ERR,ERR,ERR,ERR,ERR,ERR,ERR,ERR,ERR,ERR,ERR,ERR,ERR,ERR,ERR,ERR,ERR,ERR,ERR,ERR,ERR,ERR,ERR,ERR,ERR,ERR,ERR,ERR,ERR,ERR,ERR,ERR,ERR,ERR,ERR,ERR,ERR,ERR,ERR,ERR,ERR,ERR,ERR,ERR,ERR,ERR,ERR,ERR,ERR,ERR,ERR,ERR,ERR,ERR,ERR,ERR,ERR,ERR,ERR,ERR,ERR,ERR,ERR,ERR,ERR,ERR,ERR,ERR,ERR,ERR,ERR,ERR,ERR,ERR,ERR,ERR,ERR,ERR,ERR,ERR,ERR,ERR,ERR,ERR,ERR,ERR,ERR,ERR,ERR,ERR,ERR,ERR,ERR,ERR,ERR,ERR,ERR,ERR,ERR,ERR,ERR,ERR,ERR,ERR,ERR,ERR,ERR,ERR,ERR,ERR,ERR,ERR,2.718442270659078e+23,2.7184525388662284e+23,-107089984.0,-107611232.0,-4.065341896277126e+31,7.879885728804056e+33,0.0,0.0,4300,0,8,17171,4300,-0.0,39,0.0,0.0,-107611232.0,0.0,-0.0,0,0,0,0,0.0,0,0,0,0,0,0,0,0,0,0,0,0,0,0,0,0,0,0,0,0,0,0,0,0,0,0,0,0,0,0,0,0,0,9,35,35,45,65476,369,65476,1,0,4,21553,0.0,2.7183305813883192e+23,-317211744.0,0.0,0.0,0.0,0.0,0.0,0.0,0.0,0.0,0.0,0.0,0.0,0.0,0.0,0.0,0.0,0.0,0.0,0.0,2.004,-0.0,2.004,-3.6970739834386645e+19,3.697076622266571e+19,0.0,0.0,0.0,0.0,6572.0,-1.5879386089525827e+29,0.0,2.718442270659078e+23,2.7184525388662284e+23,-0.0,-0.0,0.0,0.0,2.004,2.004,223,89220.562,-71.63,0.0,0.0,0.0,0.0,0.0,0.0,0.0,0,0,0,-6.05458054004016e+24,-1.1384497495770679e+36,2.538640543712431e+32,6.85959976606617e+23,-0.0,-0.0,-3.160134736997871e+29,-189720.031,-5928.782,-2.528057651702572e+20,-0.0,902242.562,0.0,0.0,0.0,-2.0683135947169658e+21,0,1.3516416376850534e+27,223,0.0,446,-0.0,4.538273453391171e+24,2114,0,17110,13107,17112,13107,17095,0,0,0,101,100,100,0.0,63.9,-0.0,64.1,0.0,64.0,1,49,50,180,0,13107,0,0,0.0,0.0,0.0,60.0,0.0,71.0,0.0,0.0,0.0,1070,0,1071,0,0,0,1070,0,1081,0,996,0,641,0,643,0,638,0,676,0.032,7.968993439842526e+21,0.0,0.0,21264,16813,0.0,0.0,-7.17045648615313e+25,3.524144492461884e+33,-0.0,-0.0,50.0,60.0,35,0.0,0.0,10.0,2.0,0.0,0.0,0.0,0.0,0.0,0.0,0.0,0.0,0.0,0.0,0.0,0.0,58.8,52,12,65510,27,65476,1000,65476,1,0,4,20529,65476,0,0,30147,60.0,0.0,10.0,10.0,2.0,0.0
2026-02-16T12:11:13,ERR,ERR,ERR,ERR,ERR,ERR,ERR,ERR,ERR,ERR,ERR,ERR,ERR,ERR,ERR,ERR,ERR,ERR,ERR,ERR,ERR,ERR,ERR,ERR,ERR,ERR,ERR,ERR,ERR,ERR,ERR,ERR,ERR,ERR,ERR,ERR,ERR,ERR,ERR,ERR,ERR,ERR,ERR,ERR,ERR,ERR,ERR,ERR,ERR,ERR,ERR,ERR,ERR,ERR,ERR,ERR,ERR,ERR,ERR,ERR,ERR,ERR,ERR,ERR,ERR,ERR,ERR,ERR,ERR,ERR,ERR,ERR,ERR,ERR,ERR,ERR,ERR,ERR,ERR,ERR,ERR,ERR,ERR,ERR,ERR,ERR,ERR,ERR,ERR,ERR,ERR,ERR,ERR,ERR,ERR,ERR,ERR,ERR,ERR,ERR,ERR,ERR,ERR,ERR,ERR,ERR,ERR,ERR,ERR,ERR,ERR,ERR,ERR,ERR,ERR,ERR,ERR,ERR,ERR,ERR,ERR,ERR,ERR,ERR,ERR,2.718442270659078e+23,2.7184525388662284e+23,-107089984.0,-107611232.0,-4.065341896277126e+31,7.879885728804056e+33,0.0,0.0,4300,0,8,17171,4300,-0.0,39,0.0,0.0,-107611232.0,0.0,-0.0,0,0,0,0,0.0,0,0,0,0,0,0,0,0,0,0,0,0,0,0,0,0,0,0,0,0,0,0,0,0,0,0,0,0,0,0,0,0,0,9,35,35,45,65476,369,65476,1,0,4,21553,0.0,2.7183305813883192e+23,-317211744.0,0.0,0.0,0.0,0.0,0.0,0.0,0.0,0.0,0.0,0.0,0.0,0.0,0.0,0.0,0.0,0.0,0.0,0.0,2.004,-0.0,2.004,-3.6970739834386645e+19,3.697076622266571e+19,0.0,0.0,0.0,0.0,6572.0,-1.5879386089525827e+29,0.0,2.718442270659078e+23,2.7184525388662284e+23,-0.0,-0.0,0.0,0.0,2.004,2.004,223,89220.562,-71.63,0.0,0.0,0.0,0.0,0.0,0.0,0.0,0,0,0,-6.05458054004016e+24,-1.1384497495770679e+36,2.538640543712431e+32,6.85959976606617e+23,-0.0,-0.0,-3.160134736997871e+29,-189720.031,-5928.782,-2.528057651702572e+20,-0.0,902242.562,0.0,0.0,0.0,-2.0683135947169658e+21,0,1.3516416376850534e+27,223,0.0,446,-0.0,4.538273453391171e+24,2114,13107,17110,13107,17112,13107,17095,0,0,0,101,100,100,0.0,63.9,-0.0,64.1,0.0,64.0,1,49,50,180,0,13107,0,0,0.0,0.0,0.0,60.0,0.0,71.0,0.0,-0.0,0.0,1070,0,1071,0,0,0,1071,0,1081,0,996,0,641,0,643,0,638,0,676,0.032,7.968993439842526e+21,0.0,0.0,19856,16813,0.0,-0.0,-0.0,0.0,0.0,8.453715255266236e+34,50.0,60.0,35,0.0,0.0,10.0,2.0,0.0,0.0,0.0,0.0,0.0,0.0,0.0,0.0,0.0,0.0,0.0,0.0,59.2,52,12,65510,27,65476,1000,65476,1,0,4,20529,65476,0,0,30147,60.0,0.0,10.0,10.0,2.0,0.0
2026-02-16T12:11:14,ERR,ERR,ERR,ERR,ERR,ERR,ERR,ERR,ERR,ERR,ERR,ERR,ERR,ERR,ERR,ERR,ERR,ERR,ERR,ERR,ERR,ERR,ERR,ERR,ERR,ERR,ERR,ERR,ERR,ERR,ERR,ERR,ERR,ERR,ERR,ERR,ERR,ERR,ERR,ERR,ERR,ERR,ERR,ERR,ERR,ERR,ERR,ERR,ERR,ERR,ERR,ERR,ERR,ERR,ERR,ERR,ERR,ERR,ERR,ERR,ERR,ERR,ERR,ERR,ERR,ERR,ERR,ERR,ERR,ERR,ERR,ERR,ERR,ERR,ERR,ERR,ERR,ERR,ERR,ERR,ERR,ERR,ERR,ERR,ERR,ERR,ERR,ERR,ERR,ERR,ERR,ERR,ERR,ERR,ERR,ERR,ERR,ERR,ERR,ERR,ERR,ERR,ERR,ERR,ERR,ERR,ERR,ERR,ERR,ERR,ERR,ERR,ERR,ERR,ERR,ERR,ERR,ERR,ERR,ERR,ERR,ERR,ERR,ERR,ERR,2.718442270659078e+23,2.7184525388662284e+23,-107089984.0,-107611232.0,-4.065341896277126e+31,7.879885728804056e+33,0.0,0.0,4300,0,8,17171,4300,-0.0,39,0.0,0.0,-107611232.0,0.0,-0.0,0,0,0,0,0.0,0,0,0,0,0,0,0,0,0,0,0,0,0,0,0,0,0,0,0,0,0,0,0,0,0,0,0,0,0,0,0,0,0,9,35,35,45,65476,369,65476,1,0,4,21553,0.0,2.7183305813883192e+23,-317211744.0,0.0,0.0,0.0,0.0,0.0,0.0,0.0,0.0,0.0,0.0,0.0,0.0,0.0,0.0,0.0,0.0,0.0,0.0,2.004,-0.0,2.004,-3.6970739834386645e+19,3.697076622266571e+19,0.0,0.0,0.0,0.0,6572.0,-1.5879386089525827e+29,0.0,2.718442270659078e+23,2.7184525388662284e+23,-0.0,-0.0,0.0,0.0,2.004,2.004,223,89220.562,-71.63,0.0,0.0,0.0,0.0,0.0,0.0,0.0,0,0,0,-6.05458054004016e+24,-1.1384497495770679e+36,2.538640543712431e+32,6.85959976606617e+23,-0.0,-0.0,-3.160134736997871e+29,-189720.031,-5928.782,-2.528057651702572e+20,-0.0,902242.562,0.0,0.0,0.0,-2.0683135947169658e+21,0,1.3516416376850534e+27,223,0.0,446,-0.0,4.538273453391171e+24,2114,13107,17110,13107,17112,13107,17095,0,0,0,101,100,100,0.0,63.9,-0.0,64.1,0.0,64.0,1,49,50,180,0,13107,0,0,0.0,0.0,0.0,60.0,0.0,71.0,0.0,-0.0,0.0,1070,0,1071,0,0,0,1071,0,1081,0,996,0,641,0,643,0,638,0,676,0.032,7.968993439842526e+21,0.0,0.0,19856,16813,0.0,-0.0,-0.0,0.0,0.0,8.453715255266236e+34,50.0,60.0,35,0.0,0.0,10.0,2.0,0.0,0.0,0.0,0.0,0.0,0.0,0.0,0.0,0.0,0.0,0.0,0.0,59.2,52,12,65510,27,65476,1000,65476,1,0,4,20529,65476,0,0,30147,60.0,0.0,10.0,10.0,2.0,0.0
2026-02-16T12:11:15,ERR,ERR,ERR,ERR,ERR,ERR,ERR,ERR,ERR,ERR,ERR,ERR,ERR,ERR,ERR,ERR,ERR,ERR,ERR,ERR,ERR,ERR,ERR,ERR,ERR,ERR,ERR,ERR,ERR,ERR,ERR,ERR,ERR,ERR,ERR,ERR,ERR,ERR,ERR,ERR,ERR,ERR,ERR,ERR,ERR,ERR,ERR,ERR,ERR,ERR,ERR,ERR,ERR,ERR,ERR,ERR,ERR,ERR,ERR,ERR,ERR,ERR,ERR,ERR,ERR,ERR,ERR,ERR,ERR,ERR,ERR,ERR,ERR,ERR,ERR,ERR,ERR,ERR,ERR,ERR,ERR,ERR,ERR,ERR,ERR,ERR,ERR,ERR,ERR,ERR,ERR,ERR,ERR,ERR,ERR,ERR,ERR,ERR,ERR,ERR,ERR,ERR,ERR,ERR,ERR,ERR,ERR,ERR,ERR,ERR,ERR,ERR,ERR,ERR,ERR,ERR,ERR,ERR,ERR,ERR,ERR,ERR,ERR,ERR,ERR,2.718442270659078e+23,2.7184525388662284e+23,-107089984.0,-0.0,-0.0,0.0,-0.0,-1.7916313112958374e+27,4300,0,8,17171,4300,14654997790720.0,39,0.0,0.0,-0.0,0.0,-0.0,0,0,0,0,0.0,0,0,0,0,0,0,0,0,0,0,0,0,0,0,0,0,0,0,0,0,0,0,0,0,0,0,0,0,0,0,0,0,0,9,35,35,45,65476,369,65476,1,0,4,21553,0.0,-0.0,-1.626735267460996e+30,0.0,0.0,0.0,0.0,0.0,0.0,0.0,0.0,0.0,0.0,0.0,0.0,0.0,0.0,0.0,0.0,0.0,0.0,2.004,-0.0,2.004,-3.6970739834386645e+19,-0.0,0.0,0.0,0.0,0.0,6570.0,-564149121712128.0,0.0,2.718442270659078e+23,2.7184525388662284e+23,-0.0,-107616272.0,0.0,0.0,2.004,2.004,223,0.0,-0.0,0.0,0.0,0.0,0.0,0.0,0.0,0.0,0,0,0,-22.408,-1.8545080744402236e+30,1.4853110802280102e+24,0.0,6.621663167014893e+37,-2.6514130436772075e+35,0.0,0.0,6.857830631494124e+17,-2.6664082322553936e+20,-0.0,951394.562,0.0,0.0,0.0,3.823502482445697e+18,0,1.3516416376850534e+27,223,0.0,446,-0.0,4.538273453391171e+24,2114,13107,17110,13107,17112,13107,17095,0,0,0,101,100,100,0.0,63.9,-0.0,64.1,0.0,64.0,1,49,50,180,0,13107,0,0,0.0,0.0,0.0,60.0,0.0,71.0,0.0,-0.0,0.0,1070,0,1071,0,0,0,1071,0,1081,0,996,0,641,0,643,0,638,0,676,0.032,7.968993439842526e+21,0.0,0.0,19856,16813,0.0,-0.0,-0.0,0.0,0.0,8.453715255266236e+34,50.0,60.0,35,0.0,0.0,10.0,2.0,0.0,0.0,0.0,0.0,0.0,0.0,0.0,0.0,0.0,0.0,0.0,0.0,58.8,52,12,65510,27,65476,1000,65476,1,0,4,20529,65476,0,0,30147,60.0,0.0,10.0,10.0,2.0,0.0
2026-02-16T12:11:16,ERR,ERR,ERR,ERR,ERR,ERR,ERR,ERR,ERR,ERR,ERR,ERR,ERR,ERR,ERR,ERR,ERR,ERR,ERR,ERR,ERR,ERR,ERR,ERR,ERR,ERR,ERR,ERR,ERR,ERR,ERR,ERR,ERR,ERR,ERR,ERR,ERR,ERR,ERR,ERR,ERR,ERR,ERR,ERR,ERR,ERR,ERR,ERR,ERR,ERR,ERR,ERR,ERR,ERR,ERR,ERR,ERR,ERR,ERR,ERR,ERR,ERR,ERR,ERR,ERR,ERR,ERR,ERR,ERR,ERR,ERR,ERR,ERR,ERR,ERR,ERR,ERR,ERR,ERR,ERR,ERR,ERR,ERR,ERR,ERR,ERR,ERR,ERR,ERR,ERR,ERR,ERR,ERR,ERR,ERR,ERR,ERR,ERR,ERR,ERR,ERR,ERR,ERR,ERR,ERR,ERR,ERR,ERR,ERR,ERR,ERR,ERR,ERR,ERR,ERR,ERR,ERR,ERR,ERR,ERR,ERR,ERR,ERR,ERR,ERR,2.718442270659078e+23,2.7184525388662284e+23,-107089984.0,-0.0,-0.0,0.0,-0.0,-1.7916313112958374e+27,4300,0,8,17171,4300,14654997790720.0,39,0.0,0.0,-0.0,0.0,-0.0,0,0,0,0,0.0,0,0,0,0,0,0,0,0,0,0,0,0,0,0,0,0,0,0,0,0,0,0,0,0,0,0,0,0,0,0,0,0,0,9,35,35,45,65476,369,65476,1,0,4,21553,0.0,-0.0,-1.626735267460996e+30,0.0,0.0,0.0,0.0,0.0,0.0,0.0,0.0,0.0,0.0,0.0,0.0,0.0,0.0,0.0,0.0,0.0,0.0,2.004,-0.0,2.004,-3.6970739834386645e+19,-0.0,0.0,0.0,0.0,0.0,6570.0,-564149121712128.0,0.0,2.718442270659078e+23,2.7184525388662284e+23,-0.0,-107616272.0,0.0,0.0,2.004,2.004,223,0.0,-0.0,0.0,0.0,0.0,0.0,0.0,0.0,0.0,0,0,0,-22.408,-1.8545080744402236e+30,1.4853110802280102e+24,0.0,6.621663167014893e+37,-2.6514130436772075e+35,0.0,0.0,6.857830631494124e+17,-2.6664082322553936e+20,-0.0,951394.562,0.0,0.0,0.0,3.823502482445697e+18,0,1.3516416376850534e+27,223,0.0,446,-0.0,4.538273453391171e+24,2114,0,17110,13107,17112,13107,17095,0,0,0,101,100,100,0.0,63.9,-0.0,64.1,0.0,64.0,1,49,50,180,0,13107,0,0,0.0,0.0,0.0,60.0,-1.7852082152195444e+30,70.5,0.0,-0.0,0.0,1070,0,1071,0,0,0,1071,0,1081,0,996,0,641,0,643,0,638,0,676,0.032,8.005886927989945e+21,0.0,0.0,13200,16813,-1.2777866330156063e+38,-26560790790144.0,-0.0,0.0,268.512,-0.0,50.0,60.0,35,0.0,0.0,10.0,2.0,0.0,0.0,0.0,0.0,0.0,0.0,0.0,0.0,0.0,0.0,0.0,0.0,58.8,52,12,65510,27,65476,1000,65476,1,0,4,20529,65476,0,0,30147,60.0,0.0,10.0,10.0,2.0,0.0
2026-02-16T12:11:17,ERR,ERR,ERR,ERR,ERR,ERR,ERR,ERR,ERR,ERR,ERR,ERR,ERR,ERR,ERR,ERR,ERR,ERR,ERR,ERR,ERR,ERR,ERR,ERR,ERR,ERR,ERR,ERR,ERR,ERR,ERR,ERR,ERR,ERR,ERR,ERR,ERR,ERR,ERR,ERR,ERR,ERR,ERR,ERR,ERR,ERR,ERR,ERR,ERR,ERR,ERR,ERR,ERR,ERR,ERR,ERR,ERR,ERR,ERR,ERR,ERR,ERR,ERR,ERR,ERR,ERR,ERR,ERR,ERR,ERR,ERR,ERR,ERR,ERR,ERR,ERR,ERR,ERR,ERR,ERR,ERR,ERR,ERR,ERR,ERR,ERR,ERR,ERR,ERR,ERR,ERR,ERR,ERR,ERR,ERR,ERR,ERR,ERR,ERR,ERR,ERR,ERR,ERR,ERR,ERR,ERR,ERR,ERR,ERR,ERR,ERR,ERR,ERR,ERR,ERR,ERR,ERR,ERR,ERR,ERR,ERR,ERR,ERR,ERR,ERR,2.718442270659078e+23,2.7184525388662284e+23,-107089984.0,-0.0,-0.0,0.0,-0.0,-1.7916313112958374e+27,4300,0,8,17171,4300,14654997790720.0,39,0.0,0.0,-0.0,0.0,-0.0,0,0,0,0,0.0,0,0,0,0,0,0,0,0,0,0,0,0,0,0,0,0,0,0,0,0,0,0,0,0,0,0,0,0,0,0,0,0,0,9,35,35,45,65476,369,65476,1,0,4,21553,0.0,-0.0,-1.626735267460996e+30,0.0,0.0,0.0,0.0,0.0,0.0,0.0,0.0,0.0,0.0,0.0,0.0,0.0,0.0,0.0,0.0,0.0,0.0,2.004,-0.0,2.004,-3.6970739834386645e+19,-0.0,0.0,0.0,0.0,0.0,6570.0,-564149121712128.0,0.0,2.718442270659078e+23,2.7184525388662284e+23,-0.0,-107616272.0,0.0,0.0,2.004,2.004,223,0.0,-0.0,0.0,0.0,0.0,0.0,0.0,0.0,0.0,0,0,0,-22.408,-1.8545080744402236e+30,1.4853110802280102e+24,0.0,6.621663167014893e+37,-2.6514130436772075e+35,0.0,0.0,6.857830631494124e+17,-2.6664082322553936e+20,-0.0,951394.562,0.0,0.0,0.0,3.823502482445697e+18,0,1.3516416376850534e+27,223,0.0,446,-0.0,4.538273453391171e+24,2114,0,17110,13107,17112,13107,17095,0,0,0,101,100,100,0.0,63.9,-0.0,64.1,0.0,64.0,1,49,50,180,0,13107,0,0,0.0,0.0,0.0,60.0,-1.7852082152195444e+30,70.5,0.0,-0.0,0.0,1070,0,1071,0,0,0,1071,0,1081,0,996,0,641,0,643,0,638,0,676,0.032,8.005886927989945e+21,0.0,0.0,13200,16813,-1.2777866330156063e+38,-26560790790144.0,-0.0,0.0,268.512,-0.0,50.0,60.0,35,0.0,0.0,10.0,2.0,0.0,0.0,0.0,0.0,0.0,0.0,0.0,0.0,0.0,0.0,0.0,0.0,58.8,52,12,65510,27,65476,1000,65476,1,0,4,20529,65476,0,0,30147,60.0,0.0,10.0,10.0,2.0,0.0
2026-02-16T12:11:18,ERR,ERR,ERR,ERR,ERR,ERR,ERR,ERR,ERR,ERR,ERR,ERR,ERR,ERR,ERR,ERR,ERR,ERR,ERR,ERR,ERR,ERR,ERR,ERR,ERR,ERR,ERR,ERR,ERR,ERR,ERR,ERR,ERR,ERR,ERR,ERR,ERR,ERR,ERR,ERR,ERR,ERR,ERR,ERR,ERR,ERR,ERR,ERR,ERR,ERR,ERR,ERR,ERR,ERR,ERR,ERR,ERR,ERR,ERR,ERR,ERR,ERR,ERR,ERR,ERR,ERR,ERR,ERR,ERR,ERR,ERR,ERR,ERR,ERR,ERR,ERR,ERR,ERR,ERR,ERR,ERR,ERR,ERR,ERR,ERR,ERR,ERR,ERR,ERR,ERR,ERR,ERR,ERR,ERR,ERR,ERR,ERR,ERR,ERR,ERR,ERR,ERR,ERR,ERR,ERR,ERR,ERR,ERR,ERR,ERR,ERR,ERR,ERR,ERR,ERR,ERR,ERR,ERR,ERR,ERR,ERR,ERR,ERR,ERR,ERR,2.718442270659078e+23,2.7184525388662284e+23,-107089984.0,-0.0,-0.0,0.0,-0.0,-1.7916313112958374e+27,4300,0,8,17171,4300,14654997790720.0,39,0.0,0.0,-0.0,0.0,-0.0,0,0,0,0,0.0,0,0,0,0,0,0,0,0,0,0,0,0,0,0,0,0,0,0,0,0,0,0,0,0,0,0,0,0,0,0,0,0,0,9,35,35,45,65476,369,65476,1,0,4,21553,0.0,-0.0,-1.626735267460996e+30,0.0,0.0,0.0,0.0,0.0,0.0,0.0,0.0,0.0,0.0,0.0,0.0,0.0,0.0,0.0,0.0,0.0,0.0,2.004,-0.0,2.004,-3.6970739834386645e+19,-0.0,0.0,0.0,0.0,0.0,6570.0,-564149121712128.0,0.0,2.718442270659078e+23,2.7184525388662284e+23,-0.0,-107616272.0,0.0,0.0,2.004,2.004,223,0.0,-0.0,0.0,0.0,0.0,0.0,0.0,0.0,0.0,0,0,0,-22.408,-1.8545080744402236e+30,1.4853110802280102e+24,0.0,6.621663167014893e+37,-2.6514130436772075e+35,0.0,0.0,6.857830631494124e+17,-2.6664082322553936e+20,-0.0,951394.562,0.0,0.0,0.0,3.823502482445697e+18,0,1.3516416376850534e+27,223,0.0,446,-0.0,4.538273453391171e+24,2114,0,17110,13107,17112,13107,17095,0,0,0,101,100,100,0.0,63.9,-0.0,64.1,0.0,64.0,1,49,50,180,0,13107,0,0,0.0,0.0,0.0,60.0,-1.7852082152195444e+30,70.5,0.0,-0.0,0.0,1070,0,1071,0,0,0,1071,0,1081,0,996,0,641,0,643,0,638,0,676,0.032,8.005886927989945e+21,0.0,0.0,13200,16813,-1.2777866330156063e+38,-26560790790144.0,-0.0,0.0,268.512,-0.0,50.0,60.0,35,0.0,0.0,10.0,2.0,0.0,0.0,0.0,0.0,0.0,0.0,0.0,0.0,0.0,0.0,0.0,0.0,59.2,52,12,65510,27,65476,1000,100,1,0,4,20529,65476,0,0,30147,60.0,0.0,10.0,10.0,2.0,0.0
2026-02-16T12:11:19,ERR,ERR,ERR,ERR,ERR,ERR,ERR,ERR,ERR,ERR,ERR,ERR,ERR,ERR,ERR,ERR,ERR,ERR,ERR,ERR,ERR,ERR,ERR,ERR,ERR,ERR,ERR,ERR,ERR,ERR,ERR,ERR,ERR,ERR,ERR,ERR,ERR,ERR,ERR,ERR,ERR,ERR,ERR,ERR,ERR,ERR,ERR,ERR,ERR,ERR,ERR,ERR,ERR,ERR,ERR,ERR,ERR,ERR,ERR,ERR,ERR,ERR,ERR,ERR,ERR,ERR,ERR,ERR,ERR,ERR,ERR,ERR,ERR,ERR,ERR,ERR,ERR,ERR,ERR,ERR,ERR,ERR,ERR,ERR,ERR,ERR,ERR,ERR,ERR,ERR,ERR,ERR,ERR,ERR,ERR,ERR,ERR,ERR,ERR,ERR,ERR,ERR,ERR,ERR,ERR,ERR,ERR,ERR,ERR,ERR,ERR,ERR,ERR,ERR,ERR,ERR,ERR,ERR,ERR,ERR,ERR,ERR,ERR,ERR,ERR,2.718442270659078e+23,2.7184525388662284e+23,-107089984.0,-0.0,-0.0,0.0,-0.0,-1.7916313112958374e+27,4300,0,8,17171,4300,14654997790720.0,39,0.0,0.0,-0.0,0.0,-0.0,0,0,0,0,0.0,0,0,0,0,0,0,0,0,0,0,0,0,0,0,0,0,0,0,0,0,0,0,0,0,0,0,0,0,0,0,0,0,0,9,35,35,45,65476,369,65476,1,0,4,21553,0.0,-0.0,-1.626735267460996e+30,0.0,0.0,0.0,0.0,0.0,0.0,0.0,0.0,0.0,0.0,0.0,0.0,0.0,0.0,0.0,0.0,0.0,0.0,2.004,-0.0,2.004,-3.6970739834386645e+19,-0.0,0.0,0.0,0.0,0.0,6570.0,-564149121712128.0,0.0,2.718442270659078e+23,2.7184525388662284e+23,-0.0,-107616272.0,0.0,0.0,2.004,2.004,223,0.0,-0.0,0.0,0.0,0.0,0.0,0.0,0.0,0.0,0,0,0,-22.408,-1.8545080744402236e+30,1.4853110802280102e+24,0.0,6.621663167014893e+37,-2.6514130436772075e+35,0.0,0.0,6.857830631494124e+17,-2.6664082322553936e+20,-0.0,951394.562,0.0,0.0,0.0,3.823502482445697e+18,0,1.3516416376850534e+27,223,0.0,446,-0.0,4.538273453391171e+24,2114,13107,17110,13107,17112,13107,17095,0,0,0,101,100,100,0.0,63.9,-0.0,64.1,0.0,64.0,1,49,50,180,0,13107,0,0,0.0,0.0,0.0,60.0,-2.554988481668105e+24,70.5,0.0,0.0,0.0,1070,0,1071,0,0,0,1070,0,1081,0,996,0,641,0,643,0,638,0,676,0.032,8.005886927989945e+21,0.0,0.0,17680,16813,-5.770749719661727e+33,0.0,0.0,-0.0,-0.0,0.0,50.0,60.0,35,0.0,0.0,10.0,2.0,0.0,0.0,0.0,0.0,0.0,0.0,0.0,0.0,0.0,0.0,0.0,0.0,59.2,52,12,65510,27,65476,1000,100,1,0,4,20529,65476,0,0,30147,60.0,0.0,10.0,10.0,2.0,0.0
2026-02-16T12:11:20,ERR,ERR,ERR,ERR,ERR,ERR,ERR,ERR,ERR,ERR,ERR,ERR,ERR,ERR,ERR,ERR,ERR,ERR,ERR,ERR,ERR,ERR,ERR,ERR,ERR,ERR,ERR,ERR,ERR,ERR,ERR,ERR,ERR,ERR,ERR,ERR,ERR,ERR,ERR,ERR,ERR,ERR,ERR,ERR,ERR,ERR,ERR,ERR,ERR,ERR,ERR,ERR,ERR,ERR,ERR,ERR,ERR,ERR,ERR,ERR,ERR,ERR,ERR,ERR,ERR,ERR,ERR,ERR,ERR,ERR,ERR,ERR,ERR,ERR,ERR,ERR,ERR,ERR,ERR,ERR,ERR,ERR,ERR,ERR,ERR,ERR,ERR,ERR,ERR,ERR,ERR,ERR,ERR,ERR,ERR,ERR,ERR,ERR,ERR,ERR,ERR,ERR,ERR,ERR,ERR,ERR,ERR,ERR,ERR,ERR,ERR,ERR,ERR,ERR,ERR,ERR,ERR,ERR,ERR,ERR,ERR,ERR,ERR,ERR,ERR,2.718442270659078e+23,2.7184525388662284e+23,-107089984.0,-0.0,-0.0,0.0,-0.0,-1.1107809661594285e+32,4300,0,8,17171,4300,-0.0,39,0.0,0.0,-107611232.0,0.0,-0.0,0,0,0,0,0.0,0,0,0,0,0,0,0,0,0,0,0,0,0,0,0,0,0,0,0,0,0,0,0,0,0,0,0,0,0,0,0,0,0,10,35,35,45,65476,369,65476,1,0,4,21553,0.0,0.0,-3.834872374834306e+27,0.0,0.0,0.0,0.0,0.0,0.0,0.0,0.0,0.0,0.0,0.0,0.0,0.0,0.0,0.0,0.0,0.0,0.0,2.004,-0.0,2.004,-3.6970739834386645e+19,-0.0,0.0,0.0,0.0,0.0,6575.0,-0.0,0.0,2.718442270659078e+23,2.7184525388662284e+23,2.718449836706452e+23,-2.7184509175703625e+23,0.0,0.0,2.004,2.004,223,89220.562,-0.0,0.0,0.0,0.0,0.0,0.0,0.0,0.0,0,0,0,-4.042817613816083e+19,-8.24510156125399e+33,1.97006520615899e+33,26784.982,-0.0,0.0,-0.0,2.959813556399145e+28,0.36,-2.8162880278542837e+20,-0.0,1000546.562,0.0,0.0,0.0,-1.2398511810009976e+28,0,1.3516416376850534e+27,223,0.0,446,0.0,-1881180032.0,2114,13107,17110,13107,17112,13107,17095,0,0,0,101,100,100,0.0,63.9,-0.0,64.1,0.0,64.0,1,49,50,180,0,13107,0,0,0.0,0.0,0.0,60.0,-2.554988481668105e+24,70.5,0.0,0.0,0.0,1070,0,1071,0,0,0,1070,0,1081,0,996,0,641,0,643,0,638,0,676,0.032,8.005886927989945e+21,0.0,0.0,17680,16813,-5.770749719661727e+33,0.0,0.0,-0.0,-0.0,0.0,50.0,60.0,35,0.0,0.0,10.0,2.0,0.0,0.0,0.0,0.0,0.0,0.0,0.0,0.0,0.0,0.0,0.0,0.0,58.8,52,12,65510,27,65476,1000,86,1,0,4,20529,65476,0,0,30147,60.0,0.0,10.0,10.0,2.0,0.0
2026-02-16T12:11:21,ERR,ERR,ERR,ERR,ERR,ERR,ERR,ERR,ERR,ERR,ERR,ERR,ERR,ERR,ERR,ERR,ERR,ERR,ERR,ERR,ERR,ERR,ERR,ERR,ERR,ERR,ERR,ERR,ERR,ERR,ERR,ERR,ERR,ERR,ERR,ERR,ERR,ERR,ERR,ERR,ERR,ERR,ERR,ERR,ERR,ERR,ERR,ERR,ERR,ERR,ERR,ERR,ERR,ERR,ERR,ERR,ERR,ERR,ERR,ERR,ERR,ERR,ERR,ERR,ERR,ERR,ERR,ERR,ERR,ERR,ERR,ERR,ERR,ERR,ERR,ERR,ERR,ERR,ERR,ERR,ERR,ERR,ERR,ERR,ERR,ERR,ERR,ERR,ERR,ERR,ERR,ERR,ERR,ERR,ERR,ERR,ERR,ERR,ERR,ERR,ERR,ERR,ERR,ERR,ERR,ERR,ERR,ERR,ERR,ERR,ERR,ERR,ERR,ERR,ERR,ERR,ERR,ERR,ERR,ERR,ERR,ERR,ERR,ERR,ERR,2.718442270659078e+23,2.7184525388662284e+23,-107089984.0,-0.0,-0.0,0.0,-0.0,-1.1107809661594285e+32,4300,0,8,17171,4300,-0.0,39,0.0,0.0,-107611232.0,0.0,-0.0,0,0,0,0,0.0,0,0,0,0,0,0,0,0,0,0,0,0,0,0,0,0,0,0,0,0,0,0,0,0,0,0,0,0,0,0,0,0,0,10,35,35,45,65476,369,65476,1,0,4,21553,0.0,0.0,-3.834872374834306e+27,0.0,0.0,0.0,0.0,0.0,0.0,0.0,0.0,0.0,0.0,0.0,0.0,0.0,0.0,0.0,0.0,0.0,0.0,2.004,-0.0,2.004,-3.6970739834386645e+19,-0.0,0.0,0.0,0.0,0.0,6575.0,-0.0,0.0,2.718442270659078e+23,2.7184525388662284e+23,2.718449836706452e+23,-2.7184509175703625e+23,0.0,0.0,2.004,2.004,223,89220.562,-0.0,0.0,0.0,0.0,0.0,0.0,0.0,0.0,0,0,0,-4.042817613816083e+19,-8.24510156125399e+33,1.97006520615899e+33,26784.982,-0.0,0.0,-0.0,2.959813556399145e+28,0.36,-2.8162880278542837e+20,-0.0,1000546.562,0.0,0.0,0.0,-1.2398511810009976e+28,0,1.3516416376850534e+27,223,0.0,446,0.0,-1881180032.0,2114,13107,17110,13107,17112,13107,17095,0,0,0,101,100,100,0.0,63.9,-0.0,64.1,0.0,64.0,1,49,50,180,0,13107,0,0,0.0,0.0,0.0,60.0,-2.554988481668105e+24,70.5,0.0,0.0,0.0,1070,0,1071,0,0,0,1070,0,1081,0,996,0,641,0,643,0,638,0,676,0.032,8.005886927989945e+21,0.0,0.0,17680,16813,-5.770749719661727e+33,0.0,0.0,-0.0,-0.0,0.0,50.0,60.0,35,0.0,0.0,10.0,2.0,0.0,0.0,0.0,0.0,0.0,0.0,0.0,0.0,0.0,0.0,0.0,0.0,59.2,52,12,65510,27,65476,1000,107,1,0,4,20529,65476,0,0,30147,60.0,0.0,10.0,10.0,2.0,0.0
2026-02-16T12:11:22,ERR,ERR,ERR,ERR,ERR,ERR,ERR,ERR,ERR,ERR,ERR,ERR,ERR,ERR,ERR,ERR,ERR,ERR,ERR,ERR,ERR,ERR,ERR,ERR,ERR,ERR,ERR,ERR,ERR,ERR,ERR,ERR,ERR,ERR,ERR,ERR,ERR,ERR,ERR,ERR,ERR,ERR,ERR,ERR,ERR,ERR,ERR,ERR,ERR,ERR,ERR,ERR,ERR,ERR,ERR,ERR,ERR,ERR,ERR,ERR,ERR,ERR,ERR,ERR,ERR,ERR,ERR,ERR,ERR,ERR,ERR,ERR,ERR,ERR,ERR,ERR,ERR,ERR,ERR,ERR,ERR,ERR,ERR,ERR,ERR,ERR,ERR,ERR,ERR,ERR,ERR,ERR,ERR,ERR,ERR,ERR,ERR,ERR,ERR,ERR,ERR,ERR,ERR,ERR,ERR,ERR,ERR,ERR,ERR,ERR,ERR,ERR,ERR,ERR,ERR,ERR,ERR,ERR,ERR,ERR,ERR,ERR,ERR,ERR,ERR,2.718442270659078e+23,2.7184525388662284e+23,-107089984.0,-0.0,-0.0,0.0,-0.0,-1.1107809661594285e+32,4300,0,8,17171,4300,-0.0,39,0.0,0.0,-107611232.0,0.0,-0.0,0,0,0,0,0.0,0,0,0,0,0,0,0,0,0,0,0,0,0,0,0,0,0,0,0,0,0,0,0,0,0,0,0,0,0,0,0,0,0,10,35,35,45,65476,369,65476,1,0,4,21553,0.0,0.0,-3.834872374834306e+27,0.0,0.0,0.0,0.0,0.0,0.0,0.0,0.0,0.0,0.0,0.0,0.0,0.0,0.0,0.0,0.0,0.0,0.0,2.004,-0.0,2.004,-3.6970739834386645e+19,-0.0,0.0,0.0,0.0,0.0,6575.0,-0.0,0.0,2.718442270659078e+23,2.7184525388662284e+23,2.718449836706452e+23,-2.7184509175703625e+23,0.0,0.0,2.004,2.004,223,89220.562,-0.0,0.0,0.0,0.0,0.0,0.0,0.0,0.0,0,0,0,-4.042817613816083e+19,-8.24510156125399e+33,1.97006520615899e+33,26784.982,-0.0,0.0,-0.0,2.959813556399145e+28,0.36,-2.8162880278542837e+20,-0.0,1000546.562,0.0,0.0,0.0,-1.2398511810009976e+28,0,1.3516416376850534e+27,223,0.0,446,0.0,-1881180032.0,2114,13107,17110,13107,17112,13107,17095,0,0,0,101,100,100,0.0,63.9,-0.0,64.1,0.0,64.0,1,49,50,180,0,13107,0,0,0.0,0.0,0.0,60.0,-2.554988481668105e+24,70.5,0.0,0.0,0.0,1070,0,1071,0,0,0,1070,0,1081,0,996,0,641,0,643,0,638,0,676,0.032,8.005886927989945e+21,0.0,0.0,17680,16813,-5.770749719661727e+33,0.0,0.0,-0.0,-0.0,0.0,50.0,60.0,35,0.0,0.0,10.0,2.0,0.0,0.0,0.0,0.0,0.0,0.0,0.0,0.0,0.0,0.0,0.0,0.0,59.2,52,12,65510,27,65476,1000,107,1,0,4,20529,65476,0,0,30147,60.0,0.0,10.0,10.0,2.0,0.0
2026-02-16T12:11:23,ERR,ERR,ERR,ERR,ERR,ERR,ERR,ERR,ERR,ERR,ERR,ERR,ERR,ERR,ERR,ERR,ERR,ERR,ERR,ERR,ERR,ERR,ERR,ERR,ERR,ERR,ERR,ERR,ERR,ERR,ERR,ERR,ERR,ERR,ERR,ERR,ERR,ERR,ERR,ERR,ERR,ERR,ERR,ERR,ERR,ERR,ERR,ERR,ERR,ERR,ERR,ERR,ERR,ERR,ERR,ERR,ERR,ERR,ERR,ERR,ERR,ERR,ERR,ERR,ERR,ERR,ERR,ERR,ERR,ERR,ERR,ERR,ERR,ERR,ERR,ERR,ERR,ERR,ERR,ERR,ERR,ERR,ERR,ERR,ERR,ERR,ERR,ERR,ERR,ERR,ERR,ERR,ERR,ERR,ERR,ERR,ERR,ERR,ERR,ERR,ERR,ERR,ERR,ERR,ERR,ERR,ERR,ERR,ERR,ERR,ERR,ERR,ERR,ERR,ERR,ERR,ERR,ERR,ERR,ERR,ERR,ERR,ERR,ERR,ERR,2.718442270659078e+23,2.7184525388662284e+23,-107089984.0,-0.0,-0.0,0.0,-0.0,-1.1107809661594285e+32,4300,0,8,17171,4300,-0.0,39,0.0,0.0,-107611232.0,0.0,-0.0,0,0,0,0,0.0,0,0,0,0,0,0,0,0,0,0,0,0,0,0,0,0,0,0,0,0,0,0,0,0,0,0,0,0,0,0,0,0,0,10,35,35,45,65476,369,65476,1,0,4,21553,0.0,0.0,-3.834872374834306e+27,0.0,0.0,0.0,0.0,0.0,0.0,0.0,0.0,0.0,0.0,0.0,0.0,0.0,0.0,0.0,0.0,0.0,0.0,2.004,-0.0,2.004,-3.6970739834386645e+19,-0.0,0.0,0.0,0.0,0.0,6575.0,-0.0,0.0,2.718442270659078e+23,2.7184525388662284e+23,2.718449836706452e+23,-2.7184509175703625e+23,0.0,0.0,2.004,2.004,223,89220.562,-0.0,0.0,0.0,0.0,0.0,0.0,0.0,0.0,0,0,0,-4.042817613816083e+19,-8.24510156125399e+33,1.97006520615899e+33,26784.982,-0.0,0.0,-0.0,2.959813556399145e+28,0.36,-2.8162880278542837e+20,-0.0,1000546.562,0.0,0.0,0.0,-1.2398511810009976e+28,0,1.3516416376850534e+27,223,0.0,446,0.0,-1881180032.0,2114,13107,17110,13107,17112,13107,17095,0,0,0,101,100,100,0.0,63.9,-0.0,64.1,0.0,64.0,1,49,50,180,0,13107,0,0,0.0,0.0,0.0,60.0,0.0,71.0,0.0,-0.0,0.0,1070,0,1071,0,0,0,1071,0,1081,0,996,0,641,0,643,0,638,0,676,0.032,7.968993439842526e+21,0.0,0.0,35216,16813,0.0,-0.0,-0.0,0.0,0.0,1.8888004775375962e+33,50.0,60.0,35,0.0,0.0,10.0,2.0,0.0,0.0,0.0,0.0,0.0,0.0,0.0,0.0,0.0,0.0,0.0,0.0,58.8,52,12,65510,27,65476,1000,82,1,0,4,20529,65476,0,0,30147,60.0,0.0,10.0,10.0,2.0,0.0
2026-02-16T12:11:24,ERR,ERR,ERR,ERR,ERR,ERR,ERR,ERR,ERR,ERR,ERR,ERR,ERR,ERR,ERR,ERR,ERR,ERR,ERR,ERR,ERR,ERR,ERR,ERR,ERR,ERR,ERR,ERR,ERR,ERR,ERR,ERR,ERR,ERR,ERR,ERR,ERR,ERR,ERR,ERR,ERR,ERR,ERR,ERR,ERR,ERR,ERR,ERR,ERR,ERR,ERR,ERR,ERR,ERR,ERR,ERR,ERR,ERR,ERR,ERR,ERR,ERR,ERR,ERR,ERR,ERR,ERR,ERR,ERR,ERR,ERR,ERR,ERR,ERR,ERR,ERR,ERR,ERR,ERR,ERR,ERR,ERR,ERR,ERR,ERR,ERR,ERR,ERR,ERR,ERR,ERR,ERR,ERR,ERR,ERR,ERR,ERR,ERR,ERR,ERR,ERR,ERR,ERR,ERR,ERR,ERR,ERR,ERR,ERR,ERR,ERR,ERR,ERR,ERR,ERR,ERR,ERR,ERR,ERR,ERR,ERR,ERR,ERR,ERR,ERR,2.718442270659078e+23,2.7184525388662284e+23,-107089984.0,-0.0,-0.0,0.0,13.58,0.0,4300,0,8,17171,4300,-0.0,39,0.0,0.0,-0.0,0.0,-0.0,0,0,0,0,0.0,0,0,0,0,0,0,0,0,0,0,0,0,0,0,0,0,0,0,0,0,0,0,0,0,0,0,0,0,0,0,0,0,0,10,35,35,45,65476,369,65476,1,0,4,21553,0.0,2.7183305813883192e+23,-2113334497247232.0,0.0,0.0,0.0,0.0,0.0,0.0,0.0,0.0,0.0,0.0,0.0,0.0,0.0,0.0,0.0,0.0,0.0,0.0,2.004,-0.0,2.004,-2.004,-0.0,0.0,0.0,0.0,0.0,6574.0,-0.0,0.0,2.718442270659078e+23,2.7184525388662284e+23,2.718449836706452e+23,-2.7184509175703625e+23,0.0,0.0,2.004,2.004,225,0.0,-0.0,0.0,0.0,0.0,0.0,0.0,0.0,0.0,0,0,0,-2.1606986078854956e+21,-0.0,9.619427138265894e+35,1.1859933438910275e+27,-0.0,0.0,1.549118867516801e+29,-0.0,-0.0,-2.943109393361037e+20,-0.0,1059013.125,0.0,0.0,0.0,0.0,0,1.3516416376850534e+27,225,0.0,450,0.0,-1881180032.0,2114,13107,17110,13107,17112,13107,17095,0,0,0,101,100,100,0.0,63.9,-0.0,64.1,0.0,64.0,1,49,50,180,0,13107,0,0,0.0,0.0,0.0,60.0,0.0,71.0,0.0,-0.0,0.0,1070,0,1071,0,0,0,1071,0,1081,0,996,0,641,0,643,0,638,0,676,0.032,7.968993439842526e+21,0.0,0.0,35216,16813,0.0,-0.0,-0.0,0.0,0.0,1.8888004775375962e+33,50.0,60.0,35,0.0,0.0,10.0,2.0,0.0,0.0,0.0,0.0,0.0,0.0,0.0,0.0,0.0,0.0,0.0,0.0,58.8,52,12,65510,27,65476,1000,82,1,0,4,20529,65476,0,0,30147,60.0,0.0,10.0,10.0,2.0,0.0
2026-02-16T12:11:25,ERR,ERR,ERR,ERR,ERR,ERR,ERR,ERR,ERR,ERR,ERR,ERR,ERR,ERR,ERR,ERR,ERR,ERR,ERR,ERR,ERR,ERR,ERR,ERR,ERR,ERR,ERR,ERR,ERR,ERR,ERR,ERR,ERR,ERR,ERR,ERR,ERR,ERR,ERR,ERR,ERR,ERR,ERR,ERR,ERR,ERR,ERR,ERR,ERR,ERR,ERR,ERR,ERR,ERR,ERR,ERR,ERR,ERR,ERR,ERR,ERR,ERR,ERR,ERR,ERR,ERR,ERR,ERR,ERR,ERR,ERR,ERR,ERR,ERR,ERR,ERR,ERR,ERR,ERR,ERR,ERR,ERR,ERR,ERR,ERR,ERR,ERR,ERR,ERR,ERR,ERR,ERR,ERR,ERR,ERR,ERR,ERR,ERR,ERR,ERR,ERR,ERR,ERR,ERR,ERR,ERR,ERR,ERR,ERR,ERR,ERR,ERR,ERR,ERR,ERR,ERR,ERR,ERR,ERR,ERR,ERR,ERR,ERR,ERR,ERR,2.718442270659078e+23,2.7184525388662284e+23,-107089984.0,-0.0,-0.0,0.0,13.58,0.0,4300,0,8,17171,4300,-0.0,39,0.0,0.0,-0.0,0.0,-0.0,0,0,0,0,0.0,0,0,0,0,0,0,0,0,0,0,0,0,0,0,0,0,0,0,0,0,0,0,0,0,0,0,0,0,0,0,0,0,0,10,35,35,45,65476,369,65476,1,0,4,21553,0.0,2.7183305813883192e+23,-2113334497247232.0,0.0,0.0,0.0,0.0,0.0,0.0,0.0,0.0,0.0,0.0,0.0,0.0,0.0,0.0,0.0,0.0,0.0,0.0,2.004,-0.0,2.004,-2.004,-0.0,0.0,0.0,0.0,0.0,6574.0,-0.0,0.0,2.718442270659078e+23,2.7184525388662284e+23,2.718449836706452e+23,-2.7184509175703625e+23,0.0,0.0,2.004,2.004,225,0.0,-0.0,0.0,0.0,0.0,0.0,0.0,0.0,0.0,0,0,0,-2.1606986078854956e+21,-0.0,9.619427138265894e+35,1.1859933438910275e+27,-0.0,0.0,1.549118867516801e+29,-0.0,-0.0,-2.943109393361037e+20,-0.0,1059013.125,0.0,0.0,0.0,0.0,0,1.3516416376850534e+27,225,0.0,450,0.0,-1881180032.0,2114,13107,17110,13107,17112,13107,17095,0,0,0,101,100,100,0.0,63.9,-0.0,64.1,0.0,64.0,1,49,50,180,0,13107,0,0,0.0,0.0,0.0,60.0,0.0,71.0,0.0,-0.0,0.0,1070,0,1071,0,0,0,1071,0,1081,0,996,0,641,0,643,0,638,0,676,0.032,7.968993439842526e+21,0.0,0.0,35216,16813,0.0,-0.0,-0.0,0.0,0.0,1.8888004775375962e+33,50.0,60.0,35,0.0,0.0,10.0,2.0,0.0,0.0,0.0,0.0,0.0,0.0,0.0,0.0,0.0,0.0,0.0,0.0,58.8,52,12,65510,27,65476,1000,74,1,0,4,20529,65476,0,0,30147,60.0,0.0,10.0,10.0,2.0,0.0
2026-02-16T12:11:26,ERR,ERR,ERR,ERR,ERR,ERR,ERR,ERR,ERR,ERR,ERR,ERR,ERR,ERR,ERR,ERR,ERR,ERR,ERR,ERR,ERR,ERR,ERR,ERR,ERR,ERR,ERR,ERR,ERR,ERR,ERR,ERR,ERR,ERR,ERR,ERR,ERR,ERR,ERR,ERR,ERR,ERR,ERR,ERR,ERR,ERR,ERR,ERR,ERR,ERR,ERR,ERR,ERR,ERR,ERR,ERR,ERR,ERR,ERR,ERR,ERR,ERR,ERR,ERR,ERR,ERR,ERR,ERR,ERR,ERR,ERR,ERR,ERR,ERR,ERR,ERR,ERR,ERR,ERR,ERR,ERR,ERR,ERR,ERR,ERR,ERR,ERR,ERR,ERR,ERR,ERR,ERR,ERR,ERR,ERR,ERR,ERR,ERR,ERR,ERR,ERR,ERR,ERR,ERR,ERR,ERR,ERR,ERR,ERR,ERR,ERR,ERR,ERR,ERR,ERR,ERR,ERR,ERR,ERR,ERR,ERR,ERR,ERR,ERR,ERR,2.718442270659078e+23,2.7184525388662284e+23,-107089984.0,-0.0,-0.0,0.0,13.58,0.0,4300,0,8,17171,4300,-0.0,39,0.0,0.0,-0.0,0.0,-0.0,0,0,0,0,0.0,0,0,0,0,0,0,0,0,0,0,0,0,0,0,0,0,0,0,0,0,0,0,0,0,0,0,0,0,0,0,0,0,0,10,35,35,45,65476,369,65476,1,0,4,21553,0.0,2.7183305813883192e+23,-2113334497247232.0,0.0,0.0,0.0,0.0,0.0,0.0,0.0,0.0,0.0,0.0,0.0,0.0,0.0,0.0,0.0,0.0,0.0,0.0,2.004,-0.0,2.004,-2.004,-0.0,0.0,0.0,0.0,0.0,6574.0,-0.0,0.0,2.718442270659078e+23,2.7184525388662284e+23,2.718449836706452e+23,-2.7184509175703625e+23,0.0,0.0,2.004,2.004,225,0.0,-0.0,0.0,0.0,0.0,0.0,0.0,0.0,0.0,0,0,0,-2.1606986078854956e+21,-0.0,9.619427138265894e+35,1.1859933438910275e+27,-0.0,0.0,1.549118867516801e+29,-0.0,-0.0,-2.943109393361037e+20,-0.0,1059013.125,0.0,0.0,0.0,0.0,0,1.3516416376850534e+27,225,0.0,450,0.0,-1881180032.0,2114,13107,17110,13107,17112,13107,17095,0,0,0,101,100,100,0.0,63.9,-0.0,64.1,0.0,64.0,1,49,50,180,0,13107,0,0,0.0,0.0,0.0,60.0,0.0,71.0,0.0,4068284559261696.0,0.0,1070,0,1070,0,0,0,1071,0,1081,0,996,0,641,0,643,0,638,0,676,0.032,8.042780416137365e+21,0.0,0.0,23952,16813,0.0,4068284559261696.0,1.4628052592480894e+27,0.0,0.0,0.0,50.0,60.0,35,0.0,0.0,10.0,2.0,0.0,0.0,0.0,0.0,0.0,0.0,0.0,0.0,0.0,0.0,0.0,0.0,58.8,52,12,65510,27,65476,1000,74,1,0,4,20529,65476,0,0,30147,60.0,0.0,10.0,10.0,2.0,0.0
2026-02-16T12:11:27,ERR,ERR,ERR,ERR,ERR,ERR,ERR,ERR,ERR,ERR,ERR,ERR,ERR,ERR,ERR,ERR,ERR,ERR,ERR,ERR,ERR,ERR,ERR,ERR,ERR,ERR,ERR,ERR,ERR,ERR,ERR,ERR,ERR,ERR,ERR,ERR,ERR,ERR,ERR,ERR,ERR,ERR,ERR,ERR,ERR,ERR,ERR,ERR,ERR,ERR,ERR,ERR,ERR,ERR,ERR,ERR,ERR,ERR,ERR,ERR,ERR,ERR,ERR,ERR,ERR,ERR,ERR,ERR,ERR,ERR,ERR,ERR,ERR,ERR,ERR,ERR,ERR,ERR,ERR,ERR,ERR,ERR,ERR,ERR,ERR,ERR,ERR,ERR,ERR,ERR,ERR,ERR,ERR,ERR,ERR,ERR,ERR,ERR,ERR,ERR,ERR,ERR,ERR,ERR,ERR,ERR,ERR,ERR,ERR,ERR,ERR,ERR,ERR,ERR,ERR,ERR,ERR,ERR,ERR,ERR,ERR,ERR,ERR,ERR,ERR,2.718442270659078e+23,2.7184525388662284e+23,-107089984.0,-0.0,-0.0,0.0,13.58,0.0,4300,0,8,17171,4300,-0.0,39,0.0,0.0,-0.0,0.0,-0.0,0,0,0,0,0.0,0,0,0,0,0,0,0,0,0,0,0,0,0,0,0,0,0,0,0,0,0,0,0,0,0,0,0,0,0,0,0,0,0,10,35,35,45,65476,369,65476,1,0,4,21553,0.0,2.7183305813883192e+23,-2113334497247232.0,0.0,0.0,0.0,0.0,0.0,0.0,0.0,0.0,0.0,0.0,0.0,0.0,0.0,0.0,0.0,0.0,0.0,0.0,2.004,-0.0,2.004,-2.004,-0.0,0.0,0.0,0.0,0.0,6574.0,-0.0,0.0,2.718442270659078e+23,2.7184525388662284e+23,2.718449836706452e+23,-2.7184509175703625e+23,0.0,0.0,2.004,2.004,225,0.0,-0.0,0.0,0.0,0.0,0.0,0.0,0.0,0.0,0,0,0,-2.1606986078854956e+21,-0.0,9.619427138265894e+35,1.1859933438910275e+27,-0.0,0.0,1.549118867516801e+29,-0.0,-0.0,-2.943109393361037e+20,-0.0,1059013.125,0.0,0.0,0.0,0.0,0,1.3516416376850534e+27,225,0.0,450,0.0,-1881180032.0,2114,13107,17110,13107,17112,13107,17095,0,0,0,101,100,100,0.0,63.9,-0.0,64.1,0.0,64.0,1,49,50,180,0,13107,0,0,0.0,0.0,0.0,60.0,0.0,71.0,0.0,4068284559261696.0,0.0,1070,0,1070,0,0,0,1071,0,1081,0,996,0,641,0,643,0,638,0,676,0.032,8.042780416137365e+21,0.0,0.0,23952,16813,0.0,4068284559261696.0,1.4628052592480894e+27,0.0,0.0,0.0,50.0,60.0,35,0.0,0.0,10.0,2.0,0.0,0.0,0.0,0.0,0.0,0.0,0.0,0.0,0.0,0.0,0.0,0.0,58.8,52,12,65510,27,65476,1000,74,1,0,4,20529,65476,0,0,30147,60.0,0.0,10.0,10.0,2.0,0.0
2026-02-16T12:11:28,ERR,ERR,ERR,ERR,ERR,ERR,ERR,ERR,ERR,ERR,ERR,ERR,ERR,ERR,ERR,ERR,ERR,ERR,ERR,ERR,ERR,ERR,ERR,ERR,ERR,ERR,ERR,ERR,ERR,ERR,ERR,ERR,ERR,ERR,ERR,ERR,ERR,ERR,ERR,ERR,ERR,ERR,ERR,ERR,ERR,ERR,ERR,ERR,ERR,ERR,ERR,ERR,ERR,ERR,ERR,ERR,ERR,ERR,ERR,ERR,ERR,ERR,ERR,ERR,ERR,ERR,ERR,ERR,ERR,ERR,ERR,ERR,ERR,ERR,ERR,ERR,ERR,ERR,ERR,ERR,ERR,ERR,ERR,ERR,ERR,ERR,ERR,ERR,ERR,ERR,ERR,ERR,ERR,ERR,ERR,ERR,ERR,ERR,ERR,ERR,ERR,ERR,ERR,ERR,ERR,ERR,ERR,ERR,ERR,ERR,ERR,ERR,ERR,ERR,ERR,ERR,ERR,ERR,ERR,ERR,ERR,ERR,ERR,ERR,ERR,2.718442270659078e+23,2.7184525388662284e+23,-107089984.0,-0.0,-0.0,0.0,13.58,0.0,4300,0,8,17171,4300,-0.0,39,0.0,0.0,-0.0,0.0,-0.0,0,0,0,0,0.0,0,0,0,0,0,0,0,0,0,0,0,0,0,0,0,0,0,0,0,0,0,0,0,0,0,0,0,0,0,0,0,0,0,10,35,35,45,65476,369,65476,1,0,4,21553,0.0,2.7183305813883192e+23,-2113334497247232.0,0.0,0.0,0.0,0.0,0.0,0.0,0.0,0.0,0.0,0.0,0.0,0.0,0.0,0.0,0.0,0.0,0.0,0.0,2.004,-0.0,2.004,-2.004,-0.0,0.0,0.0,0.0,0.0,6574.0,-0.0,0.0,2.718442270659078e+23,2.7184525388662284e+23,2.718449836706452e+23,-2.7184509175703625e+23,0.0,0.0,2.004,2.004,225,0.0,-0.0,0.0,0.0,0.0,0.0,0.0,0.0,0.0,0,0,0,-2.1606986078854956e+21,-0.0,9.619427138265894e+35,1.1859933438910275e+27,-0.0,0.0,1.549118867516801e+29,-0.0,-0.0,-2.943109393361037e+20,-0.0,1059013.125,0.0,0.0,0.0,0.0,0,1.3516416376850534e+27,225,0.0,450,0.0,-1881180032.0,2114,13107,17110,13107,17112,13107,17095,0,0,0,101,100,100,0.0,63.9,-0.0,64.1,0.0,64.0,1,49,50,180,0,13107,0,0,0.0,0.0,0.0,60.0,0.0,71.0,0.0,4068284559261696.0,0.0,1070,0,1070,0,0,0,1071,0,1081,0,996,0,641,0,643,0,638,0,676,0.032,8.042780416137365e+21,0.0,0.0,23952,16813,0.0,4068284559261696.0,1.4628052592480894e+27,0.0,0.0,0.0,50.0,60.0,35,0.0,0.0,10.0,2.0,0.0,0.0,0.0,0.0,0.0,0.0,0.0,0.0,0.0,0.0,0.0,0.0,58.8,52,12,65510,27,65476,1000,75,1,0,4,20529,65476,0,0,30147,60.0,0.0,10.0,10.0,2.0,0.0
2026-02-16T12:11:29,ERR,ERR,ERR,ERR,ERR,ERR,ERR,ERR,ERR,ERR,ERR,ERR,ERR,ERR,ERR,ERR,ERR,ERR,ERR,ERR,ERR,ERR,ERR,ERR,ERR,ERR,ERR,ERR,ERR,ERR,ERR,ERR,ERR,ERR,ERR,ERR,ERR,ERR,ERR,ERR,ERR,ERR,ERR,ERR,ERR,ERR,ERR,ERR,ERR,ERR,ERR,ERR,ERR,ERR,ERR,ERR,ERR,ERR,ERR,ERR,ERR,ERR,ERR,ERR,ERR,ERR,ERR,ERR,ERR,ERR,ERR,ERR,ERR,ERR,ERR,ERR,ERR,ERR,ERR,ERR,ERR,ERR,ERR,ERR,ERR,ERR,ERR,ERR,ERR,ERR,ERR,ERR,ERR,ERR,ERR,ERR,ERR,ERR,ERR,ERR,ERR,ERR,ERR,ERR,ERR,ERR,ERR,ERR,ERR,ERR,ERR,ERR,ERR,ERR,ERR,ERR,ERR,ERR,ERR,ERR,ERR,ERR,ERR,ERR,ERR,2.718442270659078e+23,2.7184525388662284e+23,-107089984.0,-0.0,-0.0,0.0,116112908288.0,0.0,4300,0,8,17171,4300,-0.0,39,0.0,0.0,-0.0,0.0,-0.0,0,0,0,0,0.0,0,0,0,0,0,0,0,0,0,0,0,0,0,0,0,0,0,0,0,0,0,0,0,0,0,0,0,0,0,0,0,0,0,10,35,35,45,65476,368,65476,1,0,4,21553,0.0,0.0,-187.258,0.0,0.0,0.0,0.0,0.0,0.0,0.0,0.0,0.0,0.0,0.0,0.0,0.0,0.0,0.0,0.0,0.0,0.0,2.004,-0.0,2.004,-0.0,-2.004,0.0,0.0,0.0,0.0,6573.0,-0.0,0.0,2.718442270659078e+23,2.7184525388662284e+23,0.0,0.0,0.0,0.0,2.004,2.004,223,2.718417410789135e+23,-0.0,0.0,0.0,0.0,0.0,0.0,0.0,0.0,0,0,0,-7272.429,-0.0,3.027290558250456e+24,0.0,9.265790324852271e+24,-0.0,-0.0,183576.031,5928.782,-3.234499326126326e+20,-0.0,1157317.125,0.0,0.0,0.0,-8.285243004967857e+33,0,1.3516416376850534e+27,223,0.0,446,0.0,4.689388604382247e+24,2114,13107,17110,13107,17112,13107,17095,0,0,0,101,100,100,0.0,63.9,-0.0,64.1,0.0,64.0,1,49,50,180,0,13107,0,0,0.0,0.0,0.0,60.0,0.0,71.0,0.0,4068284559261696.0,0.0,1070,0,1070,0,0,0,1071,0,1081,0,996,0,641,0,643,0,638,0,676,0.032,8.042780416137365e+21,0.0,0.0,23952,16813,0.0,4068284559261696.0,1.4628052592480894e+27,0.0,0.0,0.0,50.0,60.0,35,0.0,0.0,10.0,2.0,0.0,0.0,0.0,0.0,0.0,0.0,0.0,0.0,0.0,0.0,0.0,0.0,58.8,52,12,65510,27,65476,1000,75,1,0,4,20529,65476,0,0,30147,60.0,0.0,10.0,10.0,2.0,0.0
2026-02-16T12:11:30,ERR,ERR,ERR,ERR,ERR,ERR,ERR,ERR,ERR,ERR,ERR,ERR,ERR,ERR,ERR,ERR,ERR,ERR,ERR,ERR,ERR,ERR,ERR,ERR,ERR,ERR,ERR,ERR,ERR,ERR,ERR,ERR,ERR,ERR,ERR,ERR,ERR,ERR,ERR,ERR,ERR,ERR,ERR,ERR,ERR,ERR,ERR,ERR,ERR,ERR,ERR,ERR,ERR,ERR,ERR,ERR,ERR,ERR,ERR,ERR,ERR,ERR,ERR,ERR,ERR,ERR,ERR,ERR,ERR,ERR,ERR,ERR,ERR,ERR,ERR,ERR,ERR,ERR,ERR,ERR,ERR,ERR,ERR,ERR,ERR,ERR,ERR,ERR,ERR,ERR,ERR,ERR,ERR,ERR,ERR,ERR,ERR,ERR,ERR,ERR,ERR,ERR,ERR,ERR,ERR,ERR,ERR,ERR,ERR,ERR,ERR,ERR,ERR,ERR,ERR,ERR,ERR,ERR,ERR,ERR,ERR,ERR,ERR,ERR,ERR,2.718442270659078e+23,2.7184525388662284e+23,-107089984.0,-0.0,-0.0,0.0,116112908288.0,0.0,4300,0,8,17171,4300,-0.0,39,0.0,0.0,-0.0,0.0,-0.0,0,0,0,0,0.0,0,0,0,0,0,0,0,0,0,0,0,0,0,0,0,0,0,0,0,0,0,0,0,0,0,0,0,0,0,0,0,0,0,10,35,35,45,65476,368,65476,1,0,4,21553,0.0,0.0,-187.258,0.0,0.0,0.0,0.0,0.0,0.0,0.0,0.0,0.0,0.0,0.0,0.0,0.0,0.0,0.0,0.0,0.0,0.0,2.004,-0.0,2.004,-0.0,-2.004,0.0,0.0,0.0,0.0,6573.0,-0.0,0.0,2.718442270659078e+23,2.7184525388662284e+23,0.0,0.0,0.0,0.0,2.004,2.004,223,2.718417410789135e+23,-0.0,0.0,0.0,0.0,0.0,0.0,0.0,0.0,0,0,0,-7272.429,-0.0,3.027290558250456e+24,0.0,9.265790324852271e+24,-0.0,-0.0,183576.031,5928.782,-3.234499326126326e+20,-0.0,1157317.125,0.0,0.0,0.0,-8.285243004967857e+33,0,1.3516416376850534e+27,223,0.0,446,0.0,4.689388604382247e+24,2114,13107,17110,13107,17112,13107,17095,0,0,0,101,100,100,0.0,63.9,-0.0,64.1,0.0,64.0,1,49,50,180,0,0,0,0,0.0,0.0,0.0,60.0,0.0,71.0,0.0,1.7218088651756166e+37,0.0,1070,0,1070,0,0,0,1071,0,1081,0,996,0,641,0,643,0,639,0,676,0.032,8.005886927989945e+21,0.0,0.0,33168,16813,0.0,1.7218088651756166e+37,506326245441536.0,8.590783964732457e+17,0.0,0.0,50.0,60.0,35,0.0,0.0,10.0,2.0,0.0,0.0,0.0,0.0,0.0,0.0,0.0,0.0,0.0,0.0,0.0,0.0,58.8,52,12,65510,27,65476,1000,75,1,0,4,20529,65476,0,0,30147,60.0,0.0,10.0,10.0,2.0,0.0
2026-02-16T12:11:31,ERR,ERR,ERR,ERR,ERR,ERR,ERR,ERR,ERR,ERR,ERR,ERR,ERR,ERR,ERR,ERR,ERR,ERR,ERR,ERR,ERR,ERR,ERR,ERR,ERR,ERR,ERR,ERR,ERR,ERR,ERR,ERR,ERR,ERR,ERR,ERR,ERR,ERR,ERR,ERR,ERR,ERR,ERR,ERR,ERR,ERR,ERR,ERR,ERR,ERR,ERR,ERR,ERR,ERR,ERR,ERR,ERR,ERR,ERR,ERR,ERR,ERR,ERR,ERR,ERR,ERR,ERR,ERR,ERR,ERR,ERR,ERR,ERR,ERR,ERR,ERR,ERR,ERR,ERR,ERR,ERR,ERR,ERR,ERR,ERR,ERR,ERR,ERR,ERR,ERR,ERR,ERR,ERR,ERR,ERR,ERR,ERR,ERR,ERR,ERR,ERR,ERR,ERR,ERR,ERR,ERR,ERR,ERR,ERR,ERR,ERR,ERR,ERR,ERR,ERR,ERR,ERR,ERR,ERR,ERR,ERR,ERR,ERR,ERR,ERR,2.718442270659078e+23,2.7184525388662284e+23,-107089984.0,-0.0,-0.0,0.0,116112908288.0,0.0,4300,0,8,17171,4300,-0.0,39,0.0,0.0,-0.0,0.0,-0.0,0,0,0,0,0.0,0,0,0,0,0,0,0,0,0,0,0,0,0,0,0,0,0,0,0,0,0,0,0,0,0,0,0,0,0,0,0,0,0,10,35,35,45,65476,368,65476,1,0,4,21553,0.0,0.0,-187.258,0.0,0.0,0.0,0.0,0.0,0.0,0.0,0.0,0.0,0.0,0.0,0.0,0.0,0.0,0.0,0.0,0.0,0.0,2.004,-0.0,2.004,-0.0,-2.004,0.0,0.0,0.0,0.0,6573.0,-0.0,0.0,2.718442270659078e+23,2.7184525388662284e+23,0.0,0.0,0.0,0.0,2.004,2.004,223,2.718417410789135e+23,-0.0,0.0,0.0,0.0,0.0,0.0,0.0,0.0,0,0,0,-7272.429,-0.0,3.027290558250456e+24,0.0,9.265790324852271e+24,-0.0,-0.0,183576.031,5928.782,-3.234499326126326e+20,-0.0,1157317.125,0.0,0.0,0.0,-8.285243004967857e+33,0,1.3516416376850534e+27,223,0.0,446,0.0,4.689388604382247e+24,2114,13107,17110,13107,17112,13107,17095,0,0,0,101,100,100,0.0,63.9,-0.0,64.1,0.0,64.0,1,49,50,180,0,0,0,0,0.0,0.0,0.0,60.0,0.0,71.0,0.0,1.7218088651756166e+37,0.0,1070,0,1070,0,0,0,1071,0,1081,0,996,0,641,0,643,0,639,0,676,0.032,8.005886927989945e+21,0.0,0.0,33168,16813,0.0,1.7218088651756166e+37,506326245441536.0,8.590783964732457e+17,0.0,0.0,50.0,60.0,35,0.0,0.0,10.0,2.0,0.0,0.0,0.0,0.0,0.0,0.0,0.0,0.0,0.0,0.0,0.0,0.0,58.8,52,12,65510,27,65476,1000,75,1,0,4,20529,65476,0,0,30147,60.0,0.0,10.0,10.0,2.0,0.0
2026-02-16T12:11:32,ERR,ERR,ERR,ERR,ERR,ERR,ERR,ERR,ERR,ERR,ERR,ERR,ERR,ERR,ERR,ERR,ERR,ERR,ERR,ERR,ERR,ERR,ERR,ERR,ERR,ERR,ERR,ERR,ERR,ERR,ERR,ERR,ERR,ERR,ERR,ERR,ERR,ERR,ERR,ERR,ERR,ERR,ERR,ERR,ERR,ERR,ERR,ERR,ERR,ERR,ERR,ERR,ERR,ERR,ERR,ERR,ERR,ERR,ERR,ERR,ERR,ERR,ERR,ERR,ERR,ERR,ERR,ERR,ERR,ERR,ERR,ERR,ERR,ERR,ERR,ERR,ERR,ERR,ERR,ERR,ERR,ERR,ERR,ERR,ERR,ERR,ERR,ERR,ERR,ERR,ERR,ERR,ERR,ERR,ERR,ERR,ERR,ERR,ERR,ERR,ERR,ERR,ERR,ERR,ERR,ERR,ERR,ERR,ERR,ERR,ERR,ERR,ERR,ERR,ERR,ERR,ERR,ERR,ERR,ERR,ERR,ERR,ERR,ERR,ERR,2.718442270659078e+23,2.7184525388662284e+23,-107089984.0,-0.0,-0.0,0.0,116112908288.0,0.0,4300,0,8,17171,4300,-0.0,39,0.0,0.0,-0.0,0.0,-0.0,0,0,0,0,0.0,0,0,0,0,0,0,0,0,0,0,0,0,0,0,0,0,0,0,0,0,0,0,0,0,0,0,0,0,0,0,0,0,0,10,35,35,45,65476,368,65476,1,0,4,21553,0.0,0.0,-187.258,0.0,0.0,0.0,0.0,0.0,0.0,0.0,0.0,0.0,0.0,0.0,0.0,0.0,0.0,0.0,0.0,0.0,0.0,2.004,-0.0,2.004,-0.0,-2.004,0.0,0.0,0.0,0.0,6573.0,-0.0,0.0,2.718442270659078e+23,2.7184525388662284e+23,0.0,0.0,0.0,0.0,2.004,2.004,223,2.718417410789135e+23,-0.0,0.0,0.0,0.0,0.0,0.0,0.0,0.0,0,0,0,-7272.429,-0.0,3.027290558250456e+24,0.0,9.265790324852271e+24,-0.0,-0.0,183576.031,5928.782,-3.234499326126326e+20,-0.0,1157317.125,0.0,0.0,0.0,-8.285243004967857e+33,0,1.3516416376850534e+27,223,0.0,446,0.0,4.689388604382247e+24,2114,13107,17110,13107,17112,13107,17095,0,0,0,101,100,100,0.0,63.9,-0.0,64.1,0.0,64.0,1,49,50,180,0,0,0,0,0.0,0.0,0.0,60.0,0.0,71.0,0.0,1.7218088651756166e+37,0.0,1070,0,1070,0,0,0,1071,0,1081,0,996,0,641,0,643,0,639,0,676,0.032,8.005886927989945e+21,0.0,0.0,33168,16813,0.0,1.7218088651756166e+37,506326245441536.0,8.590783964732457e+17,0.0,0.0,50.0,60.0,35,0.0,0.0,10.0,2.0,0.0,0.0,0.0,0.0,0.0,0.0,0.0,0.0,0.0,0.0,0.0,0.0,58.8,52,12,65510,27,65476,1000,75,1,0,4,20529,65476,0,0,30147,60.0,0.0,10.0,10.0,2.0,0.0
2026-02-16T12:11:33,ERR,ERR,ERR,ERR,ERR,ERR,ERR,ERR,ERR,ERR,ERR,ERR,ERR,ERR,ERR,ERR,ERR,ERR,ERR,ERR,ERR,ERR,ERR,ERR,ERR,ERR,ERR,ERR,ERR,ERR,ERR,ERR,ERR,ERR,ERR,ERR,ERR,ERR,ERR,ERR,ERR,ERR,ERR,ERR,ERR,ERR,ERR,ERR,ERR,ERR,ERR,ERR,ERR,ERR,ERR,ERR,ERR,ERR,ERR,ERR,ERR,ERR,ERR,ERR,ERR,ERR,ERR,ERR,ERR,ERR,ERR,ERR,ERR,ERR,ERR,ERR,ERR,ERR,ERR,ERR,ERR,ERR,ERR,ERR,ERR,ERR,ERR,ERR,ERR,ERR,ERR,ERR,ERR,ERR,ERR,ERR,ERR,ERR,ERR,ERR,ERR,ERR,ERR,ERR,ERR,ERR,ERR,ERR,ERR,ERR,ERR,ERR,ERR,ERR,ERR,ERR,ERR,ERR,ERR,ERR,ERR,ERR,ERR,ERR,ERR,2.718442270659078e+23,2.7184525388662284e+23,-107089984.0,-0.0,-0.0,0.0,116112908288.0,0.0,4300,0,8,17171,4300,-0.0,39,0.0,0.0,-0.0,0.0,-0.0,0,0,0,0,0.0,0,0,0,0,0,0,0,0,0,0,0,0,0,0,0,0,0,0,0,0,0,0,0,0,0,0,0,0,0,0,0,0,0,10,35,35,45,65476,368,65476,1,0,4,21553,0.0,0.0,-187.258,0.0,0.0,0.0,0.0,0.0,0.0,0.0,0.0,0.0,0.0,0.0,0.0,0.0,0.0,0.0,0.0,0.0,0.0,2.004,-0.0,2.004,-0.0,-2.004,0.0,0.0,0.0,0.0,6573.0,-0.0,0.0,2.718442270659078e+23,2.7184525388662284e+23,0.0,0.0,0.0,0.0,2.004,2.004,223,2.718417410789135e+23,-0.0,0.0,0.0,0.0,0.0,0.0,0.0,0.0,0,0,0,-7272.429,-0.0,3.027290558250456e+24,0.0,9.265790324852271e+24,-0.0,-0.0,183576.031,5928.782,-3.234499326126326e+20,-0.0,1157317.125,0.0,0.0,0.0,-8.285243004967857e+33,0,1.3516416376850534e+27,223,0.0,446,0.0,4.689388604382247e+24,2114,13107,17110,13107,17112,13107,17095,0,0,0,101,100,100,-0.0,63.9,-0.0,64.2,2.7302334150594743e+23,64.0,1,49,50,180,0,0,0,0,0.0,0.0,0.0,60.0,0.0,71.0,0.0,0.0,0.0,1070,0,1070,0,0,0,1071,0,1081,0,996,0,641,0,643,0,638,0,676,0.032,8.005886927989945e+21,0.0,0.0,36752,16813,0.0,1445301190656.0,0.0,-755.015,-3.226493034640179e+16,-6.1045951243825695e+28,50.0,60.0,35,0.0,0.0,10.0,2.0,0.0,0.0,0.0,0.0,0.0,0.0,0.0,0.0,0.0,0.0,0.0,0.0,58.8,52,12,65510,27,65476,1000,78,1,0,4,20529,65476,0,0,30147,60.0,0.0,10.0,10.0,2.0,0.0
2026-02-16T12:11:34,ERR,ERR,ERR,ERR,ERR,ERR,ERR,ERR,ERR,ERR,ERR,ERR,ERR,ERR,ERR,ERR,ERR,ERR,ERR,ERR,ERR,ERR,ERR,ERR,ERR,ERR,ERR,ERR,ERR,ERR,ERR,ERR,ERR,ERR,ERR,ERR,ERR,ERR,ERR,ERR,ERR,ERR,ERR,ERR,ERR,ERR,ERR,ERR,ERR,ERR,ERR,ERR,ERR,ERR,ERR,ERR,ERR,ERR,ERR,ERR,ERR,ERR,ERR,ERR,ERR,ERR,ERR,ERR,ERR,ERR,ERR,ERR,ERR,ERR,ERR,ERR,ERR,ERR,ERR,ERR,ERR,ERR,ERR,ERR,ERR,ERR,ERR,ERR,ERR,ERR,ERR,ERR,ERR,ERR,ERR,ERR,ERR,ERR,ERR,ERR,ERR,ERR,ERR,ERR,ERR,ERR,ERR,ERR,ERR,ERR,ERR,ERR,ERR,ERR,ERR,ERR,ERR,ERR,ERR,ERR,ERR,ERR,ERR,ERR,ERR,2.718442270659078e+23,2.7184525388662284e+23,-107089984.0,-0.0,-0.0,-7.851130995002509e+23,0.0,1.307,4300,0,8,17171,4300,-0.0,39,0.0,0.0,-0.0,0.0,-0.0,0,0,0,0,0.0,0,0,0,0,0,0,0,0,0,0,0,0,0,0,0,0,0,0,0,0,0,0,0,0,0,0,0,0,0,0,0,0,0,11,35,35,45,65476,369,65476,1,0,4,21553,0.0,2.7183305813883192e+23,-120.129,0.0,0.0,0.0,0.0,0.0,0.0,0.0,0.0,0.0,0.0,0.0,0.0,0.0,0.0,0.0,0.0,0.0,0.0,2.004,-0.0,2.004,-0.0,-2.004,0.0,0.0,0.0,0.0,6581.0,2.4230020278207133e+24,0.0,2.718442270659078e+23,2.7184525388662284e+23,0.0,0.0,0.0,0.0,2.004,2.004,225,-0.0,4.95042434246788e+32,0.0,0.0,0.0,0.0,0.0,0.0,0.0,0,0,0,-123621728256.0,1.0397961092649062e+36,1.3719742846391387e+24,-3225548032.0,-0.0,-1.7962145937358848e+16,-0.0,-0.0,-0.002,-3.511200487231969e+20,-0.0,1263813.125,0.0,0.0,0.0,6.321139239454557e+28,0,1.3516416376850534e+27,224,0.0,448,-0.0,-0.0,2114,13107,17110,13107,17112,13107,17095,0,0,0,101,100,100,-0.0,63.9,-0.0,64.2,2.7302334150594743e+23,64.0,1,49,50,180,0,0,0,0,0.0,0.0,0.0,60.0,0.0,71.0,0.0,0.0,0.0,1070,0,1070,0,0,0,1071,0,1081,0,996,0,641,0,643,0,638,0,676,0.032,8.005886927989945e+21,0.0,0.0,36752,16813,0.0,1445301190656.0,0.0,-755.015,-3.226493034640179e+16,-6.1045951243825695e+28,50.0,60.0,35,0.0,0.0,10.0,2.0,0.0,0.0,0.0,0.0,0.0,0.0,0.0,0.0,0.0,0.0,0.0,0.0,58.8,52,12,65510,27,65476,1000,78,1,0,4,20529,65476,0,0,30147,60.0,0.0,10.0,10.0,2.0,0.0
2026-02-16T12:11:35,ERR,ERR,ERR,ERR,ERR,ERR,ERR,ERR,ERR,ERR,ERR,ERR,ERR,ERR,ERR,ERR,ERR,ERR,ERR,ERR,ERR,ERR,ERR,ERR,ERR,ERR,ERR,ERR,ERR,ERR,ERR,ERR,ERR,ERR,ERR,ERR,ERR,ERR,ERR,ERR,ERR,ERR,ERR,ERR,ERR,ERR,ERR,ERR,ERR,ERR,ERR,ERR,ERR,ERR,ERR,ERR,ERR,ERR,ERR,ERR,ERR,ERR,ERR,ERR,ERR,ERR,ERR,ERR,ERR,ERR,ERR,ERR,ERR,ERR,ERR,ERR,ERR,ERR,ERR,ERR,ERR,ERR,ERR,ERR,ERR,ERR,ERR,ERR,ERR,ERR,ERR,ERR,ERR,ERR,ERR,ERR,ERR,ERR,ERR,ERR,ERR,ERR,ERR,ERR,ERR,ERR,ERR,ERR,ERR,ERR,ERR,ERR,ERR,ERR,ERR,ERR,ERR,ERR,ERR,ERR,ERR,ERR,ERR,ERR,ERR,2.718442270659078e+23,2.7184525388662284e+23,-107089984.0,-0.0,-0.0,-7.851130995002509e+23,0.0,1.307,4300,0,8,17171,4300,-0.0,39,0.0,0.0,-0.0,0.0,-0.0,0,0,0,0,0.0,0,0,0,0,0,0,0,0,0,0,0,0,0,0,0,0,0,0,0,0,0,0,0,0,0,0,0,0,0,0,0,0,0,11,35,35,45,65476,369,65476,1,0,4,21553,0.0,2.7183305813883192e+23,-120.129,0.0,0.0,0.0,0.0,0.0,0.0,0.0,0.0,0.0,0.0,0.0,0.0,0.0,0.0,0.0,0.0,0.0,0.0,2.004,-0.0,2.004,-0.0,-2.004,0.0,0.0,0.0,0.0,6581.0,2.4230020278207133e+24,0.0,2.718442270659078e+23,2.7184525388662284e+23,0.0,0.0,0.0,0.0,2.004,2.004,225,-0.0,4.95042434246788e+32,0.0,0.0,0.0,0.0,0.0,0.0,0.0,0,0,0,-123621728256.0,1.0397961092649062e+36,1.3719742846391387e+24,-3225548032.0,-0.0,-1.7962145937358848e+16,-0.0,-0.0,-0.002,-3.511200487231969e+20,-0.0,1263813.125,0.0,0.0,0.0,6.321139239454557e+28,0,1.3516416376850534e+27,224,0.0,448,-0.0,-0.0,2114,13107,17110,13107,17112,13107,17095,0,0,0,101,100,100,-0.0,63.9,-0.0,64.2,2.7302334150594743e+23,64.0,1,49,50,180,0,0,0,0,0.0,0.0,0.0,60.0,0.0,71.0,0.0,0.0,0.0,1070,0,1070,0,0,0,1071,0,1081,0,996,0,641,0,643,0,638,0,676,0.032,8.005886927989945e+21,0.0,0.0,36752,16813,0.0,1445301190656.0,0.0,-755.015,-3.226493034640179e+16,-6.1045951243825695e+28,50.0,60.0,35,0.0,0.0,10.0,2.0,0.0,0.0,0.0,0.0,0.0,0.0,0.0,0.0,0.0,0.0,0.0,0.0,59.2,52,12,65510,27,65476,1000,78,1,0,4,20529,65476,0,0,30147,60.0,0.0,10.0,10.0,2.0,0.0
2026-02-16T12:11:36,ERR,ERR,ERR,ERR,ERR,ERR,ERR,ERR,ERR,ERR,ERR,ERR,ERR,ERR,ERR,ERR,ERR,ERR,ERR,ERR,ERR,ERR,ERR,ERR,ERR,ERR,ERR,ERR,ERR,ERR,ERR,ERR,ERR,ERR,ERR,ERR,ERR,ERR,ERR,ERR,ERR,ERR,ERR,ERR,ERR,ERR,ERR,ERR,ERR,ERR,ERR,ERR,ERR,ERR,ERR,ERR,ERR,ERR,ERR,ERR,ERR,ERR,ERR,ERR,ERR,ERR,ERR,ERR,ERR,ERR,ERR,ERR,ERR,ERR,ERR,ERR,ERR,ERR,ERR,ERR,ERR,ERR,ERR,ERR,ERR,ERR,ERR,ERR,ERR,ERR,ERR,ERR,ERR,ERR,ERR,ERR,ERR,ERR,ERR,ERR,ERR,ERR,ERR,ERR,ERR,ERR,ERR,ERR,ERR,ERR,ERR,ERR,ERR,ERR,ERR,ERR,ERR,ERR,ERR,ERR,ERR,ERR,ERR,ERR,ERR,2.718442270659078e+23,2.7184525388662284e+23,-107089984.0,-0.0,-0.0,-7.851130995002509e+23,0.0,1.307,4300,0,8,17171,4300,-0.0,39,0.0,0.0,-0.0,0.0,-0.0,0,0,0,0,0.0,0,0,0,0,0,0,0,0,0,0,0,0,0,0,0,0,0,0,0,0,0,0,0,0,0,0,0,0,0,0,0,0,0,11,35,35,45,65476,369,65476,1,0,4,21553,0.0,2.7183305813883192e+23,-120.129,0.0,0.0,0.0,0.0,0.0,0.0,0.0,0.0,0.0,0.0,0.0,0.0,0.0,0.0,0.0,0.0,0.0,0.0,2.004,-0.0,2.004,-0.0,-2.004,0.0,0.0,0.0,0.0,6581.0,2.4230020278207133e+24,0.0,2.718442270659078e+23,2.7184525388662284e+23,0.0,0.0,0.0,0.0,2.004,2.004,225,-0.0,4.95042434246788e+32,0.0,0.0,0.0,0.0,0.0,0.0,0.0,0,0,0,-123621728256.0,1.0397961092649062e+36,1.3719742846391387e+24,-3225548032.0,-0.0,-1.7962145937358848e+16,-0.0,-0.0,-0.002,-3.511200487231969e+20,-0.0,1263813.125,0.0,0.0,0.0,6.321139239454557e+28,0,1.3516416376850534e+27,224,0.0,448,-0.0,-0.0,2114,13107,17110,13107,17112,13107,17095,0,0,0,101,100,100,0.0,63.9,-0.0,64.2,2.7302334150594743e+23,64.0,1,49,50,180,0,0,0,0,0.0,0.0,0.0,60.0,0.0,71.0,0.0,-0.0,0.0,1070,0,1070,0,0,0,1071,0,1081,0,996,0,642,0,643,0,639,0,676,0.032,7.968993439842526e+21,0.0,0.0,36624,16813,0.0,-0.0,1307821998080.0,3.186800476593026e+27,0.0,0.0,50.0,60.0,35,0.0,0.0,10.0,2.0,0.0,0.0,0.0,0.0,0.0,0.0,0.0,0.0,0.0,0.0,0.0,0.0,59.2,52,12,65510,27,65476,1000,78,1,0,4,20529,65476,0,0,30147,60.0,0.0,10.0,10.0,2.0,0.0
2026-02-16T12:11:37,ERR,ERR,ERR,ERR,ERR,ERR,ERR,ERR,ERR,ERR,ERR,ERR,ERR,ERR,ERR,ERR,ERR,ERR,ERR,ERR,ERR,ERR,ERR,ERR,ERR,ERR,ERR,ERR,ERR,ERR,ERR,ERR,ERR,ERR,ERR,ERR,ERR,ERR,ERR,ERR,ERR,ERR,ERR,ERR,ERR,ERR,ERR,ERR,ERR,ERR,ERR,ERR,ERR,ERR,ERR,ERR,ERR,ERR,ERR,ERR,ERR,ERR,ERR,ERR,ERR,ERR,ERR,ERR,ERR,ERR,ERR,ERR,ERR,ERR,ERR,ERR,ERR,ERR,ERR,ERR,ERR,ERR,ERR,ERR,ERR,ERR,ERR,ERR,ERR,ERR,ERR,ERR,ERR,ERR,ERR,ERR,ERR,ERR,ERR,ERR,ERR,ERR,ERR,ERR,ERR,ERR,ERR,ERR,ERR,ERR,ERR,ERR,ERR,ERR,ERR,ERR,ERR,ERR,ERR,ERR,ERR,ERR,ERR,ERR,ERR,2.718442270659078e+23,2.7184525388662284e+23,-107089984.0,-0.0,-0.0,-7.851130995002509e+23,0.0,1.307,4300,0,8,17171,4300,-0.0,39,0.0,0.0,-0.0,0.0,-0.0,0,0,0,0,0.0,0,0,0,0,0,0,0,0,0,0,0,0,0,0,0,0,0,0,0,0,0,0,0,0,0,0,0,0,0,0,0,0,0,11,35,35,45,65476,369,65476,1,0,4,21553,0.0,2.7183305813883192e+23,-120.129,0.0,0.0,0.0,0.0,0.0,0.0,0.0,0.0,0.0,0.0,0.0,0.0,0.0,0.0,0.0,0.0,0.0,0.0,2.004,-0.0,2.004,-0.0,-2.004,0.0,0.0,0.0,0.0,6581.0,2.4230020278207133e+24,0.0,2.718442270659078e+23,2.7184525388662284e+23,0.0,0.0,0.0,0.0,2.004,2.004,225,-0.0,4.95042434246788e+32,0.0,0.0,0.0,0.0,0.0,0.0,0.0,0,0,0,-123621728256.0,1.0397961092649062e+36,1.3719742846391387e+24,-3225548032.0,-0.0,-1.7962145937358848e+16,-0.0,-0.0,-0.002,-3.511200487231969e+20,-0.0,1263813.125,0.0,0.0,0.0,6.321139239454557e+28,0,1.3516416376850534e+27,224,0.0,448,-0.0,-0.0,2114,13107,17110,13107,17112,13107,17095,0,0,0,101,100,100,0.0,63.9,-0.0,64.2,2.7302334150594743e+23,64.0,1,49,50,180,0,0,0,0,0.0,0.0,0.0,60.0,0.0,71.0,0.0,-0.0,0.0,1070,0,1070,0,0,0,1071,0,1081,0,996,0,642,0,643,0,639,0,676,0.032,7.968993439842526e+21,0.0,0.0,36624,16813,0.0,-0.0,1307821998080.0,3.186800476593026e+27,0.0,0.0,50.0,60.0,35,0.0,0.0,10.0,2.0,0.0,0.0,0.0,0.0,0.0,0.0,0.0,0.0,0.0,0.0,0.0,0.0,58.8,52,13,65511,27,65476,1000,80,1,0,4,20529,65476,0,0,30147,60.0,0.0,10.0,10.0,2.0,0.0
2026-02-16T12:11:38,ERR,ERR,ERR,ERR,ERR,ERR,ERR,ERR,ERR,ERR,ERR,ERR,ERR,ERR,ERR,ERR,ERR,ERR,ERR,ERR,ERR,ERR,ERR,ERR,ERR,ERR,ERR,ERR,ERR,ERR,ERR,ERR,ERR,ERR,ERR,ERR,ERR,ERR,ERR,ERR,ERR,ERR,ERR,ERR,ERR,ERR,ERR,ERR,ERR,ERR,ERR,ERR,ERR,ERR,ERR,ERR,ERR,ERR,ERR,ERR,ERR,ERR,ERR,ERR,ERR,ERR,ERR,ERR,ERR,ERR,ERR,ERR,ERR,ERR,ERR,ERR,ERR,ERR,ERR,ERR,ERR,ERR,ERR,ERR,ERR,ERR,ERR,ERR,ERR,ERR,ERR,ERR,ERR,ERR,ERR,ERR,ERR,ERR,ERR,ERR,ERR,ERR,ERR,ERR,ERR,ERR,ERR,ERR,ERR,ERR,ERR,ERR,ERR,ERR,ERR,ERR,ERR,ERR,ERR,ERR,ERR,ERR,ERR,ERR,ERR,2.718442270659078e+23,2.7184525388662284e+23,-107089984.0,-0.0,-0.0,-7.851130995002509e+23,0.0,1.307,4300,0,8,17171,4300,-0.0,39,0.0,0.0,-0.0,0.0,-0.0,0,0,0,0,0.0,0,0,0,0,0,0,0,0,0,0,0,0,0,0,0,0,0,0,0,0,0,0,0,0,0,0,0,0,0,0,0,0,0,11,35,35,45,65476,369,65476,1,0,4,21553,0.0,2.7183305813883192e+23,-120.129,0.0,0.0,0.0,0.0,0.0,0.0,0.0,0.0,0.0,0.0,0.0,0.0,0.0,0.0,0.0,0.0,0.0,0.0,2.004,-0.0,2.004,-0.0,-2.004,0.0,0.0,0.0,0.0,6581.0,2.4230020278207133e+24,0.0,2.718442270659078e+23,2.7184525388662284e+23,0.0,0.0,0.0,0.0,2.004,2.004,225,-0.0,4.95042434246788e+32,0.0,0.0,0.0,0.0,0.0,0.0,0.0,0,0,0,-123621728256.0,1.0397961092649062e+36,1.3719742846391387e+24,-3225548032.0,-0.0,-1.7962145937358848e+16,-0.0,-0.0,-0.002,-3.511200487231969e+20,-0.0,1263813.125,0.0,0.0,0.0,6.321139239454557e+28,0,1.3516416376850534e+27,224,0.0,448,-0.0,-0.0,2114,13107,17110,13107,17112,13107,17095,0,0,0,101,100,100,0.0,63.9,-0.0,64.2,2.7302334150594743e+23,64.0,1,49,50,180,0,0,0,0,0.0,0.0,0.0,60.0,0.0,71.0,0.0,-0.0,0.0,1070,0,1070,0,0,0,1071,0,1081,0,996,0,642,0,643,0,639,0,676,0.032,7.968993439842526e+21,0.0,0.0,36624,16813,0.0,-0.0,1307821998080.0,3.186800476593026e+27,0.0,0.0,50.0,60.0,35,0.0,0.0,10.0,2.0,0.0,0.0,0.0,0.0,0.0,0.0,0.0,0.0,0.0,0.0,0.0,0.0,58.8,52,13,65511,27,65476,1000,80,1,0,4,20529,65476,0,0,30147,60.0,0.0,10.0,10.0,2.0,0.0
2026-02-16T12:11:39,ERR,ERR,ERR,ERR,ERR,ERR,ERR,ERR,ERR,ERR,ERR,ERR,ERR,ERR,ERR,ERR,ERR,ERR,ERR,ERR,ERR,ERR,ERR,ERR,ERR,ERR,ERR,ERR,ERR,ERR,ERR,ERR,ERR,ERR,ERR,ERR,ERR,ERR,ERR,ERR,ERR,ERR,ERR,ERR,ERR,ERR,ERR,ERR,ERR,ERR,ERR,ERR,ERR,ERR,ERR,ERR,ERR,ERR,ERR,ERR,ERR,ERR,ERR,ERR,ERR,ERR,ERR,ERR,ERR,ERR,ERR,ERR,ERR,ERR,ERR,ERR,ERR,ERR,ERR,ERR,ERR,ERR,ERR,ERR,ERR,ERR,ERR,ERR,ERR,ERR,ERR,ERR,ERR,ERR,ERR,ERR,ERR,ERR,ERR,ERR,ERR,ERR,ERR,ERR,ERR,ERR,ERR,ERR,ERR,ERR,ERR,ERR,ERR,ERR,ERR,ERR,ERR,ERR,ERR,ERR,ERR,ERR,ERR,ERR,ERR,2.718442270659078e+23,2.7184525388662284e+23,-107089984.0,-0.0,-0.0,0.0,146539771068416.0,0.0,4300,0,8,17171,4300,14654997790720.0,39,0.0,0.0,-0.0,0.0,-0.0,0,0,0,0,0.0,0,0,0,0,0,0,0,0,0,0,0,0,0,0,0,0,0,0,0,0,0,0,0,0,0,0,0,0,0,0,0,0,0,11,35,35,46,65476,369,65476,1,0,4,21553,0.0,0.0,-0.0,0.0,0.0,0.0,0.0,0.0,0.0,0.0,0.0,0.0,0.0,0.0,0.0,0.0,0.0,0.0,0.0,0.0,0.0,2.004,-0.0,2.004,-0.0,-3.697076622266571e+19,0.0,0.0,0.0,0.0,6578.0,0.0,0.0,2.718442270659078e+23,2.7184525388662284e+23,0.0,0.0,0.0,0.0,2.004,2.004,225,2.718417410789135e+23,152018270289920.0,0.0,0.0,0.0,0.0,0.0,0.0,0.0,0,0,0,-841185383940096.0,-1.2887866446501533e+27,2.2700996269779254e+31,4.9946984168891443e+33,-0.0,0.0,1154695246643200.0,5781831811072.0,7.277502537505178e+16,-3.810960078429749e+20,-0.0,1353925.125,0.0,0.0,0.0,317202561499136.0,0,1.3516416376850534e+27,225,0.0,446,0.0,4.689388604382247e+24,2114,13107,17110,13107,17112,13107,17095,0,0,0,101,100,100,0.0,63.9,-0.0,64.2,2.7302334150594743e+23,64.0,1,49,50,180,0,0,0,0,0.0,0.0,0.0,60.0,0.0,71.0,0.0,-0.0,0.0,1070,0,1070,0,0,0,1071,0,1081,0,996,0,642,0,643,0,639,0,676,0.032,7.968993439842526e+21,0.0,0.0,36624,16813,0.0,-0.0,1307821998080.0,3.186800476593026e+27,0.0,0.0,50.0,60.0,35,0.0,0.0,10.0,2.0,0.0,0.0,0.0,0.0,0.0,0.0,0.0,0.0,0.0,0.0,0.0,0.0,58.8,52,13,65511,27,65476,1000,80,1,0,4,20529,65476,0,0,30147,60.0,0.0,10.0,10.0,2.0,0.0
2026-02-16T12:11:40,ERR,ERR,ERR,ERR,ERR,ERR,ERR,ERR,ERR,ERR,ERR,ERR,ERR,ERR,ERR,ERR,ERR,ERR,ERR,ERR,ERR,ERR,ERR,ERR,ERR,ERR,ERR,ERR,ERR,ERR,ERR,ERR,ERR,ERR,ERR,ERR,ERR,ERR,ERR,ERR,ERR,ERR,ERR,ERR,ERR,ERR,ERR,ERR,ERR,ERR,ERR,ERR,ERR,ERR,ERR,ERR,ERR,ERR,ERR,ERR,ERR,ERR,ERR,ERR,ERR,ERR,ERR,ERR,ERR,ERR,ERR,ERR,ERR,ERR,ERR,ERR,ERR,ERR,ERR,ERR,ERR,ERR,ERR,ERR,ERR,ERR,ERR,ERR,ERR,ERR,ERR,ERR,ERR,ERR,ERR,ERR,ERR,ERR,ERR,ERR,ERR,ERR,ERR,ERR,ERR,ERR,ERR,ERR,ERR,ERR,ERR,ERR,ERR,ERR,ERR,ERR,ERR,ERR,ERR,ERR,ERR,ERR,ERR,ERR,ERR,2.718442270659078e+23,2.7184525388662284e+23,-107089984.0,-0.0,-0.0,0.0,146539771068416.0,0.0,4300,0,8,17171,4300,14654997790720.0,39,0.0,0.0,-0.0,0.0,-0.0,0,0,0,0,0.0,0,0,0,0,0,0,0,0,0,0,0,0,0,0,0,0,0,0,0,0,0,0,0,0,0,0,0,0,0,0,0,0,0,11,35,35,46,65476,369,65476,1,0,4,21553,0.0,0.0,-0.0,0.0,0.0,0.0,0.0,0.0,0.0,0.0,0.0,0.0,0.0,0.0,0.0,0.0,0.0,0.0,0.0,0.0,0.0,2.004,-0.0,2.004,-0.0,-3.697076622266571e+19,0.0,0.0,0.0,0.0,6578.0,0.0,0.0,2.718442270659078e+23,2.7184525388662284e+23,0.0,0.0,0.0,0.0,2.004,2.004,225,2.718417410789135e+23,152018270289920.0,0.0,0.0,0.0,0.0,0.0,0.0,0.0,0,0,0,-841185383940096.0,-1.2887866446501533e+27,2.2700996269779254e+31,4.9946984168891443e+33,-0.0,0.0,1154695246643200.0,5781831811072.0,7.277502537505178e+16,-3.810960078429749e+20,-0.0,1353925.125,0.0,0.0,0.0,317202561499136.0,0,1.3516416376850534e+27,225,0.0,446,0.0,4.689388604382247e+24,2114,13107,17110,13107,17112,0,17095,0,0,0,101,100,100,0.0,63.9,-0.0,64.2,2.7302334150594743e+23,64.0,1,49,50,180,0,0,0,0,0.0,0.0,0.0,60.0,0.0,71.0,0.0,5251450607239168.0,0.0,1070,0,1070,0,0,0,1071,0,1081,0,995,0,642,0,643,0,639,0,676,0.032,7.968993439842526e+21,0.0,0.0,33680,16813,0.0,-0.0,-0.0,1.9555870941850076e+28,1.1108177175043448e+32,3.592072822009312e+19,50.0,60.0,35,0.0,0.0,10.0,2.0,0.0,0.0,0.0,0.0,0.0,0.0,0.0,0.0,0.0,0.0,0.0,0.0,59.2,52,13,65511,27,65476,1000,300,0,0,8,20529,65476,0,0,30147,60.0,0.0,10.0,10.0,2.0,0.0
2026-02-16T12:11:41,ERR,ERR,ERR,ERR,ERR,ERR,ERR,ERR,ERR,ERR,ERR,ERR,ERR,ERR,ERR,ERR,ERR,ERR,ERR,ERR,ERR,ERR,ERR,ERR,ERR,ERR,ERR,ERR,ERR,ERR,ERR,ERR,ERR,ERR,ERR,ERR,ERR,ERR,ERR,ERR,ERR,ERR,ERR,ERR,ERR,ERR,ERR,ERR,ERR,ERR,ERR,ERR,ERR,ERR,ERR,ERR,ERR,ERR,ERR,ERR,ERR,ERR,ERR,ERR,ERR,ERR,ERR,ERR,ERR,ERR,ERR,ERR,ERR,ERR,ERR,ERR,ERR,ERR,ERR,ERR,ERR,ERR,ERR,ERR,ERR,ERR,ERR,ERR,ERR,ERR,ERR,ERR,ERR,ERR,ERR,ERR,ERR,ERR,ERR,ERR,ERR,ERR,ERR,ERR,ERR,ERR,ERR,ERR,ERR,ERR,ERR,ERR,ERR,ERR,ERR,ERR,ERR,ERR,ERR,ERR,ERR,ERR,ERR,ERR,ERR,2.718442270659078e+23,2.7184525388662284e+23,-107089984.0,-0.0,-0.0,0.0,146539771068416.0,0.0,4300,0,8,17171,4300,14654997790720.0,39,0.0,0.0,-0.0,0.0,-0.0,0,0,0,0,0.0,0,0,0,0,0,0,0,0,0,0,0,0,0,0,0,0,0,0,0,0,0,0,0,0,0,0,0,0,0,0,0,0,0,11,35,35,46,65476,369,65476,1,0,4,21553,0.0,0.0,-0.0,0.0,0.0,0.0,0.0,0.0,0.0,0.0,0.0,0.0,0.0,0.0,0.0,0.0,0.0,0.0,0.0,0.0,0.0,2.004,-0.0,2.004,-0.0,-3.697076622266571e+19,0.0,0.0,0.0,0.0,6578.0,0.0,0.0,2.718442270659078e+23,2.7184525388662284e+23,0.0,0.0,0.0,0.0,2.004,2.004,225,2.718417410789135e+23,152018270289920.0,0.0,0.0,0.0,0.0,0.0,0.0,0.0,0,0,0,-841185383940096.0,-1.2887866446501533e+27,2.2700996269779254e+31,4.9946984168891443e+33,-0.0,0.0,1154695246643200.0,5781831811072.0,7.277502537505178e+16,-3.810960078429749e+20,-0.0,1353925.125,0.0,0.0,0.0,317202561499136.0,0,1.3516416376850534e+27,225,0.0,446,0.0,4.689388604382247e+24,2114,13107,17110,13107,17112,0,17095,0,0,0,101,100,100,0.0,63.9,-0.0,64.2,2.7302334150594743e+23,64.0,1,49,50,180,0,0,0,0,0.0,0.0,0.0,60.0,0.0,71.0,0.0,5251450607239168.0,0.0,1070,0,1070,0,0,0,1071,0,1081,0,995,0,642,0,643,0,639,0,676,0.032,7.968993439842526e+21,0.0,0.0,33680,16813,0.0,-0.0,-0.0,1.9555870941850076e+28,1.1108177175043448e+32,3.592072822009312e+19,50.0,60.0,35,0.0,0.0,10.0,2.0,0.0,0.0,0.0,0.0,0.0,0.0,0.0,0.0,0.0,0.0,0.0,0.0,59.2,52,13,65511,27,65476,1000,300,0,0,8,20529,65476,0,0,30147,60.0,0.0,10.0,10.0,2.0,0.0
2026-02-16T12:11:42,ERR,ERR,ERR,ERR,ERR,ERR,ERR,ERR,ERR,ERR,ERR,ERR,ERR,ERR,ERR,ERR,ERR,ERR,ERR,ERR,ERR,ERR,ERR,ERR,ERR,ERR,ERR,ERR,ERR,ERR,ERR,ERR,ERR,ERR,ERR,ERR,ERR,ERR,ERR,ERR,ERR,ERR,ERR,ERR,ERR,ERR,ERR,ERR,ERR,ERR,ERR,ERR,ERR,ERR,ERR,ERR,ERR,ERR,ERR,ERR,ERR,ERR,ERR,ERR,ERR,ERR,ERR,ERR,ERR,ERR,ERR,ERR,ERR,ERR,ERR,ERR,ERR,ERR,ERR,ERR,ERR,ERR,ERR,ERR,ERR,ERR,ERR,ERR,ERR,ERR,ERR,ERR,ERR,ERR,ERR,ERR,ERR,ERR,ERR,ERR,ERR,ERR,ERR,ERR,ERR,ERR,ERR,ERR,ERR,ERR,ERR,ERR,ERR,ERR,ERR,ERR,ERR,ERR,ERR,ERR,ERR,ERR,ERR,ERR,ERR,2.718442270659078e+23,2.7184525388662284e+23,-107089984.0,-0.0,-0.0,0.0,146539771068416.0,0.0,4300,0,8,17171,4300,14654997790720.0,39,0.0,0.0,-0.0,0.0,-0.0,0,0,0,0,0.0,0,0,0,0,0,0,0,0,0,0,0,0,0,0,0,0,0,0,0,0,0,0,0,0,0,0,0,0,0,0,0,0,0,11,35,35,46,65476,369,65476,1,0,4,21553,0.0,0.0,-0.0,0.0,0.0,0.0,0.0,0.0,0.0,0.0,0.0,0.0,0.0,0.0,0.0,0.0,0.0,0.0,0.0,0.0,0.0,2.004,-0.0,2.004,-0.0,-3.697076622266571e+19,0.0,0.0,0.0,0.0,6578.0,0.0,0.0,2.718442270659078e+23,2.7184525388662284e+23,0.0,0.0,0.0,0.0,2.004,2.004,225,2.718417410789135e+23,152018270289920.0,0.0,0.0,0.0,0.0,0.0,0.0,0.0,0,0,0,-841185383940096.0,-1.2887866446501533e+27,2.2700996269779254e+31,4.9946984168891443e+33,-0.0,0.0,1154695246643200.0,5781831811072.0,7.277502537505178e+16,-3.810960078429749e+20,-0.0,1353925.125,0.0,0.0,0.0,317202561499136.0,0,1.3516416376850534e+27,225,0.0,446,0.0,4.689388604382247e+24,2114,13107,17110,13107,17112,0,17095,0,0,0,101,100,100,0.0,63.9,-0.0,64.2,2.7302334150594743e+23,64.0,1,49,50,180,0,0,0,0,0.0,0.0,0.0,60.0,0.0,71.0,0.0,5251450607239168.0,0.0,1070,0,1070,0,0,0,1071,0,1081,0,995,0,642,0,643,0,639,0,676,0.032,7.968993439842526e+21,0.0,0.0,33680,16813,0.0,-0.0,-0.0,1.9555870941850076e+28,1.1108177175043448e+32,3.592072822009312e+19,50.0,60.0,35,0.0,0.0,10.0,2.0,0.0,0.0,0.0,0.0,0.0,0.0,0.0,0.0,0.0,0.0,0.0,0.0,59.2,52,13,65511,27,65476,840,300,0,0,8,20529,65476,0,0,30147,60.0,0.0,10.0,10.0,2.0,0.0
2026-02-16T12:11:43,ERR,ERR,ERR,ERR,ERR,ERR,ERR,ERR,ERR,ERR,ERR,ERR,ERR,ERR,ERR,ERR,ERR,ERR,ERR,ERR,ERR,ERR,ERR,ERR,ERR,ERR,ERR,ERR,ERR,ERR,ERR,ERR,ERR,ERR,ERR,ERR,ERR,ERR,ERR,ERR,ERR,ERR,ERR,ERR,ERR,ERR,ERR,ERR,ERR,ERR,ERR,ERR,ERR,ERR,ERR,ERR,ERR,ERR,ERR,ERR,ERR,ERR,ERR,ERR,ERR,ERR,ERR,ERR,ERR,ERR,ERR,ERR,ERR,ERR,ERR,ERR,ERR,ERR,ERR,ERR,ERR,ERR,ERR,ERR,ERR,ERR,ERR,ERR,ERR,ERR,ERR,ERR,ERR,ERR,ERR,ERR,ERR,ERR,ERR,ERR,ERR,ERR,ERR,ERR,ERR,ERR,ERR,ERR,ERR,ERR,ERR,ERR,ERR,ERR,ERR,ERR,ERR,ERR,ERR,ERR,ERR,ERR,ERR,ERR,ERR,2.718442270659078e+23,2.7184525388662284e+23,-107089984.0,-0.0,-0.0,0.0,146539771068416.0,0.0,4300,0,8,17171,4300,14654997790720.0,39,0.0,0.0,-0.0,0.0,-0.0,0,0,0,0,0.0,0,0,0,0,0,0,0,0,0,0,0,0,0,0,0,0,0,0,0,0,0,0,0,0,0,0,0,0,0,0,0,0,0,11,35,35,46,65476,369,65476,1,0,4,21553,0.0,0.0,-0.0,0.0,0.0,0.0,0.0,0.0,0.0,0.0,0.0,0.0,0.0,0.0,0.0,0.0,0.0,0.0,0.0,0.0,0.0,2.004,-0.0,2.004,-0.0,-3.697076622266571e+19,0.0,0.0,0.0,0.0,6578.0,0.0,0.0,2.718442270659078e+23,2.7184525388662284e+23,0.0,0.0,0.0,0.0,2.004,2.004,225,2.718417410789135e+23,152018270289920.0,0.0,0.0,0.0,0.0,0.0,0.0,0.0,0,0,0,-841185383940096.0,-1.2887866446501533e+27,2.2700996269779254e+31,4.9946984168891443e+33,-0.0,0.0,1154695246643200.0,5781831811072.0,7.277502537505178e+16,-3.810960078429749e+20,-0.0,1353925.125,0.0,0.0,0.0,317202561499136.0,0,1.3516416376850534e+27,225,0.0,446,0.0,4.689388604382247e+24,2114,13107,17110,13107,17112,0,17095,0,0,0,101,100,100,0.0,63.9,-0.0,64.2,2.7302334150594743e+23,64.0,1,49,50,180,0,0,0,0,0.0,0.0,0.0,60.0,0.0,71.0,0.0,5251450607239168.0,0.0,1070,0,1070,0,0,0,1071,0,1081,0,995,0,642,0,643,0,639,0,676,0.032,7.968993439842526e+21,0.0,0.0,33680,16813,0.0,-0.0,-0.0,1.9555870941850076e+28,1.1108177175043448e+32,3.592072822009312e+19,50.0,60.0,35,0.0,0.0,10.0,2.0,0.0,0.0,0.0,0.0,0.0,0.0,0.0,0.0,0.0,0.0,0.0,0.0,58.8,52,13,65511,27,65476,680,300,0,0,8,20529,65476,0,0,30147,60.0,0.0,10.0,10.0,2.0,0.0
2026-02-16T12:11:44,ERR,ERR,ERR,ERR,ERR,ERR,ERR,ERR,ERR,ERR,ERR,ERR,ERR,ERR,ERR,ERR,ERR,ERR,ERR,ERR,ERR,ERR,ERR,ERR,ERR,ERR,ERR,ERR,ERR,ERR,ERR,ERR,ERR,ERR,ERR,ERR,ERR,ERR,ERR,ERR,ERR,ERR,ERR,ERR,ERR,ERR,ERR,ERR,ERR,ERR,ERR,ERR,ERR,ERR,ERR,ERR,ERR,ERR,ERR,ERR,ERR,ERR,ERR,ERR,ERR,ERR,ERR,ERR,ERR,ERR,ERR,ERR,ERR,ERR,ERR,ERR,ERR,ERR,ERR,ERR,ERR,ERR,ERR,ERR,ERR,ERR,ERR,ERR,ERR,ERR,ERR,ERR,ERR,ERR,ERR,ERR,ERR,ERR,ERR,ERR,ERR,ERR,ERR,ERR,ERR,ERR,ERR,ERR,ERR,ERR,ERR,ERR,ERR,ERR,ERR,ERR,ERR,ERR,ERR,ERR,ERR,ERR,ERR,ERR,ERR,2.718442270659078e+23,2.7184525388662284e+23,-107089984.0,-0.0,-0.0,-3.6759530197798834e+25,0.0,0.023,4300,0,8,17167,4300,-0.0,40,0.0,0.0,-0.0,0.0,-0.0,0,0,0,0,0.0,0,0,0,0,0,0,0,0,0,0,0,0,0,0,0,0,0,0,0,0,0,0,0,0,0,0,0,0,0,0,0,0,0,11,35,35,46,65476,370,65476,1,0,4,21553,0.0,-0.0,5.657800976649438e+37,0.0,0.0,0.0,0.0,0.0,0.0,0.0,0.0,0.0,0.0,0.0,0.0,0.0,0.0,0.0,0.0,0.0,0.0,2.004,-0.0,2.004,-0.0,0.0,0.0,0.0,0.0,0.0,6580.0,0.0,0.0,2.718442270659078e+23,2.7184525388662284e+23,0.0,107616280.0,0.0,0.0,2.004,2.004,225,5.848055683159391e+35,0.059,0.0,0.0,0.0,0.0,0.0,0.0,0.0,0,0,0,-54339.434,-0.0,8464556032.0,0.0,30181088.0,-0.0,0.0,-0.0,1.7136607874125296e+37,-4.1107196696275295e+20,-0.0,1460421.125,0.0,0.0,0.0,0.0,0,1.3516416376850534e+27,225,0.0,450,-74360974999552.0,-1814072704.0,2114,13107,17110,13107,17112,0,17095,0,0,0,101,100,100,-0.0,63.9,-0.0,64.2,2.7302334150594743e+23,64.0,1,49,50,180,0,0,0,0,0.0,0.0,0.0,60.0,0.0,71.0,0.0,0.0,0.0,1070,0,1070,0,0,0,1071,0,1081,0,995,0,642,0,643,0,639,0,676,0.032,7.968993439842526e+21,0.0,0.0,36240,16813,0.0,0.0,-1.8109758952971026e+27,-6.224107725932986e+18,-0.0,-0.0,50.0,60.0,35,0.0,0.0,10.0,2.0,0.0,0.0,0.0,0.0,0.0,0.0,0.0,0.0,0.0,0.0,0.0,0.0,58.8,52,13,65511,27,65476,680,300,0,0,8,20529,65476,0,0,30147,60.0,0.0,10.0,10.0,2.0,0.0
2026-02-16T12:11:45,ERR,ERR,ERR,ERR,ERR,ERR,ERR,ERR,ERR,ERR,ERR,ERR,ERR,ERR,ERR,ERR,ERR,ERR,ERR,ERR,ERR,ERR,ERR,ERR,ERR,ERR,ERR,ERR,ERR,ERR,ERR,ERR,ERR,ERR,ERR,ERR,ERR,ERR,ERR,ERR,ERR,ERR,ERR,ERR,ERR,ERR,ERR,ERR,ERR,ERR,ERR,ERR,ERR,ERR,ERR,ERR,ERR,ERR,ERR,ERR,ERR,ERR,ERR,ERR,ERR,ERR,ERR,ERR,ERR,ERR,ERR,ERR,ERR,ERR,ERR,ERR,ERR,ERR,ERR,ERR,ERR,ERR,ERR,ERR,ERR,ERR,ERR,ERR,ERR,ERR,ERR,ERR,ERR,ERR,ERR,ERR,ERR,ERR,ERR,ERR,ERR,ERR,ERR,ERR,ERR,ERR,ERR,ERR,ERR,ERR,ERR,ERR,ERR,ERR,ERR,ERR,ERR,ERR,ERR,ERR,ERR,ERR,ERR,ERR,ERR,2.718442270659078e+23,2.7184525388662284e+23,-107089984.0,-0.0,-0.0,-3.6759530197798834e+25,0.0,0.023,4300,0,8,17167,4300,-0.0,40,0.0,0.0,-0.0,0.0,-0.0,0,0,0,0,0.0,0,0,0,0,0,0,0,0,0,0,0,0,0,0,0,0,0,0,0,0,0,0,0,0,0,0,0,0,0,0,0,0,0,11,35,35,46,65476,370,65476,1,0,4,21553,0.0,-0.0,5.657800976649438e+37,0.0,0.0,0.0,0.0,0.0,0.0,0.0,0.0,0.0,0.0,0.0,0.0,0.0,0.0,0.0,0.0,0.0,0.0,2.004,-0.0,2.004,-0.0,0.0,0.0,0.0,0.0,0.0,6580.0,0.0,0.0,2.718442270659078e+23,2.7184525388662284e+23,0.0,107616280.0,0.0,0.0,2.004,2.004,225,5.848055683159391e+35,0.059,0.0,0.0,0.0,0.0,0.0,0.0,0.0,0,0,0,-54339.434,-0.0,8464556032.0,0.0,30181088.0,-0.0,0.0,-0.0,1.7136607874125296e+37,-4.1107196696275295e+20,-0.0,1460421.125,0.0,0.0,0.0,0.0,0,1.3516416376850534e+27,225,0.0,450,-74360974999552.0,-1814072704.0,2114,13107,17110,13107,17112,0,17095,0,0,0,101,100,100,-0.0,63.9,-0.0,64.2,2.7302334150594743e+23,64.0,1,49,50,180,0,0,0,0,0.0,0.0,0.0,60.0,0.0,71.0,0.0,0.0,0.0,1070,0,1070,0,0,0,1071,0,1081,0,995,0,642,0,643,0,639,0,676,0.032,7.968993439842526e+21,0.0,0.0,36240,16813,0.0,0.0,-1.8109758952971026e+27,-6.224107725932986e+18,-0.0,-0.0,50.0,60.0,35,0.0,0.0,10.0,2.0,0.0,0.0,0.0,0.0,0.0,0.0,0.0,0.0,0.0,0.0,0.0,0.0,59.2,52,13,65511,27,65476,600,300,0,0,8,20529,65476,0,0,30147,60.0,0.0,10.0,10.0,2.0,0.0
2026-02-16T12:11:46,ERR,ERR,ERR,ERR,ERR,ERR,ERR,ERR,ERR,ERR,ERR,ERR,ERR,ERR,ERR,ERR,ERR,ERR,ERR,ERR,ERR,ERR,ERR,ERR,ERR,ERR,ERR,ERR,ERR,ERR,ERR,ERR,ERR,ERR,ERR,ERR,ERR,ERR,ERR,ERR,ERR,ERR,ERR,ERR,ERR,ERR,ERR,ERR,ERR,ERR,ERR,ERR,ERR,ERR,ERR,ERR,ERR,ERR,ERR,ERR,ERR,ERR,ERR,ERR,ERR,ERR,ERR,ERR,ERR,ERR,ERR,ERR,ERR,ERR,ERR,ERR,ERR,ERR,ERR,ERR,ERR,ERR,ERR,ERR,ERR,ERR,ERR,ERR,ERR,ERR,ERR,ERR,ERR,ERR,ERR,ERR,ERR,ERR,ERR,ERR,ERR,ERR,ERR,ERR,ERR,ERR,ERR,ERR,ERR,ERR,ERR,ERR,ERR,ERR,ERR,ERR,ERR,ERR,ERR,ERR,ERR,ERR,ERR,ERR,ERR,2.718442270659078e+23,2.7184525388662284e+23,-107089984.0,-0.0,-0.0,-3.6759530197798834e+25,0.0,0.023,4300,0,8,17167,4300,-0.0,40,0.0,0.0,-0.0,0.0,-0.0,0,0,0,0,0.0,0,0,0,0,0,0,0,0,0,0,0,0,0,0,0,0,0,0,0,0,0,0,0,0,0,0,0,0,0,0,0,0,0,11,35,35,46,65476,370,65476,1,0,4,21553,0.0,-0.0,5.657800976649438e+37,0.0,0.0,0.0,0.0,0.0,0.0,0.0,0.0,0.0,0.0,0.0,0.0,0.0,0.0,0.0,0.0,0.0,0.0,2.004,-0.0,2.004,-0.0,0.0,0.0,0.0,0.0,0.0,6580.0,0.0,0.0,2.718442270659078e+23,2.7184525388662284e+23,0.0,107616280.0,0.0,0.0,2.004,2.004,225,5.848055683159391e+35,0.059,0.0,0.0,0.0,0.0,0.0,0.0,0.0,0,0,0,-54339.434,-0.0,8464556032.0,0.0,30181088.0,-0.0,0.0,-0.0,1.7136607874125296e+37,-4.1107196696275295e+20,-0.0,1460421.125,0.0,0.0,0.0,0.0,0,1.3516416376850534e+27,225,0.0,450,-74360974999552.0,-1814072704.0,2114,13107,17110,13107,17112,0,17095,0,0,0,101,100,100,-0.0,63.9,-0.0,64.2,2.7302334150594743e+23,64.0,1,49,50,180,0,0,0,0,0.0,0.0,0.0,60.0,0.0,71.0,0.0,0.0,0.0,1070,0,1070,0,0,0,1071,0,1081,0,995,0,642,0,643,0,639,0,676,0.032,7.968993439842526e+21,0.0,0.0,36240,16813,0.0,0.0,-1.8109758952971026e+27,-6.224107725932986e+18,-0.0,-0.0,50.0,60.0,35,0.0,0.0,10.0,2.0,0.0,0.0,0.0,0.0,0.0,0.0,0.0,0.0,0.0,0.0,0.0,0.0,59.2,52,13,65511,27,65476,600,300,0,0,8,20529,65476,0,0,30147,60.0,0.0,10.0,10.0,2.0,0.0
2026-02-16T12:11:47,ERR,ERR,ERR,ERR,ERR,ERR,ERR,ERR,ERR,ERR,ERR,ERR,ERR,ERR,ERR,ERR,ERR,ERR,ERR,ERR,ERR,ERR,ERR,ERR,ERR,ERR,ERR,ERR,ERR,ERR,ERR,ERR,ERR,ERR,ERR,ERR,ERR,ERR,ERR,ERR,ERR,ERR,ERR,ERR,ERR,ERR,ERR,ERR,ERR,ERR,ERR,ERR,ERR,ERR,ERR,ERR,ERR,ERR,ERR,ERR,ERR,ERR,ERR,ERR,ERR,ERR,ERR,ERR,ERR,ERR,ERR,ERR,ERR,ERR,ERR,ERR,ERR,ERR,ERR,ERR,ERR,ERR,ERR,ERR,ERR,ERR,ERR,ERR,ERR,ERR,ERR,ERR,ERR,ERR,ERR,ERR,ERR,ERR,ERR,ERR,ERR,ERR,ERR,ERR,ERR,ERR,ERR,ERR,ERR,ERR,ERR,ERR,ERR,ERR,ERR,ERR,ERR,ERR,ERR,ERR,ERR,ERR,ERR,ERR,ERR,2.718442270659078e+23,2.7184525388662284e+23,-107089984.0,-0.0,-0.0,-3.6759530197798834e+25,0.0,0.023,4300,0,8,17167,4300,-0.0,40,0.0,0.0,-0.0,0.0,-0.0,0,0,0,0,0.0,0,0,0,0,0,0,0,0,0,0,0,0,0,0,0,0,0,0,0,0,0,0,0,0,0,0,0,0,0,0,0,0,0,11,35,35,46,65476,370,65476,1,0,4,21553,0.0,-0.0,5.657800976649438e+37,0.0,0.0,0.0,0.0,0.0,0.0,0.0,0.0,0.0,0.0,0.0,0.0,0.0,0.0,0.0,0.0,0.0,0.0,2.004,-0.0,2.004,-0.0,0.0,0.0,0.0,0.0,0.0,6580.0,0.0,0.0,2.718442270659078e+23,2.7184525388662284e+23,0.0,107616280.0,0.0,0.0,2.004,2.004,225,5.848055683159391e+35,0.059,0.0,0.0,0.0,0.0,0.0,0.0,0.0,0,0,0,-54339.434,-0.0,8464556032.0,0.0,30181088.0,-0.0,0.0,-0.0,1.7136607874125296e+37,-4.1107196696275295e+20,-0.0,1460421.125,0.0,0.0,0.0,0.0,0,1.3516416376850534e+27,225,0.0,450,-74360974999552.0,-1814072704.0,2114,13107,17110,13107,17112,13107,17095,0,0,0,101,100,100,-0.0,63.9,-0.0,64.2,2.7302334150594743e+23,64.0,1,49,50,180,0,0,0,0,0.0,0.0,0.0,60.0,0.0,71.0,0.0,350730.688,0.0,1070,0,1070,0,0,0,1071,0,1081,0,995,0,642,0,643,0,639,0,677,0.032,8.005886927989945e+21,2.004,2.73023467606737e+23,31632,16813,0.0,1.7133503596339971e+31,0.0,1.77783901857594e+21,-3.293232582088132e+27,-0.0,50.0,60.0,35,0.0,0.0,10.0,2.0,0.0,0.0,0.0,0.0,0.0,0.0,0.0,0.0,0.0,0.0,0.0,0.0,58.8,52,13,65511,27,65476,442,300,0,0,8,20529,65476,0,0,30147,60.0,0.0,10.0,10.0,2.0,0.0
2026-02-16T12:11:48,ERR,ERR,ERR,ERR,ERR,ERR,ERR,ERR,ERR,ERR,ERR,ERR,ERR,ERR,ERR,ERR,ERR,ERR,ERR,ERR,ERR,ERR,ERR,ERR,ERR,ERR,ERR,ERR,ERR,ERR,ERR,ERR,ERR,ERR,ERR,ERR,ERR,ERR,ERR,ERR,ERR,ERR,ERR,ERR,ERR,ERR,ERR,ERR,ERR,ERR,ERR,ERR,ERR,ERR,ERR,ERR,ERR,ERR,ERR,ERR,ERR,ERR,ERR,ERR,ERR,ERR,ERR,ERR,ERR,ERR,ERR,ERR,ERR,ERR,ERR,ERR,ERR,ERR,ERR,ERR,ERR,ERR,ERR,ERR,ERR,ERR,ERR,ERR,ERR,ERR,ERR,ERR,ERR,ERR,ERR,ERR,ERR,ERR,ERR,ERR,ERR,ERR,ERR,ERR,ERR,ERR,ERR,ERR,ERR,ERR,ERR,ERR,ERR,ERR,ERR,ERR,ERR,ERR,ERR,ERR,ERR,ERR,ERR,ERR,ERR,2.718442270659078e+23,2.7184525388662284e+23,-107089984.0,-0.0,-0.0,-3.6759530197798834e+25,0.0,0.023,4300,0,8,17167,4300,-0.0,40,0.0,0.0,-0.0,0.0,-0.0,0,0,0,0,0.0,0,0,0,0,0,0,0,0,0,0,0,0,0,0,0,0,0,0,0,0,0,0,0,0,0,0,0,0,0,0,0,0,0,11,35,35,46,65476,370,65476,1,0,4,21553,0.0,-0.0,5.657800976649438e+37,0.0,0.0,0.0,0.0,0.0,0.0,0.0,0.0,0.0,0.0,0.0,0.0,0.0,0.0,0.0,0.0,0.0,0.0,2.004,-0.0,2.004,-0.0,0.0,0.0,0.0,0.0,0.0,6580.0,0.0,0.0,2.718442270659078e+23,2.7184525388662284e+23,0.0,107616280.0,0.0,0.0,2.004,2.004,225,5.848055683159391e+35,0.059,0.0,0.0,0.0,0.0,0.0,0.0,0.0,0,0,0,-54339.434,-0.0,8464556032.0,0.0,30181088.0,-0.0,0.0,-0.0,1.7136607874125296e+37,-4.1107196696275295e+20,-0.0,1460421.125,0.0,0.0,0.0,0.0,0,1.3516416376850534e+27,225,0.0,450,-74360974999552.0,-1814072704.0,2114,13107,17110,13107,17112,13107,17095,0,0,0,101,100,100,-0.0,63.9,-0.0,64.2,2.7302334150594743e+23,64.0,1,49,50,180,0,0,0,0,0.0,0.0,0.0,60.0,0.0,71.0,0.0,350730.688,0.0,1070,0,1070,0,0,0,1071,0,1081,0,995,0,642,0,643,0,639,0,677,0.032,8.005886927989945e+21,2.004,2.73023467606737e+23,31632,16813,0.0,1.7133503596339971e+31,0.0,1.77783901857594e+21,-3.293232582088132e+27,-0.0,50.0,60.0,35,0.0,0.0,10.0,2.0,0.0,0.0,0.0,0.0,0.0,0.0,0.0,0.0,0.0,0.0,0.0,0.0,59.2,52,13,65511,27,65476,281,300,0,0,8,20529,65476,0,0,30147,60.0,0.0,10.0,10.0,2.0,0.0
2026-02-16T12:11:49,ERR,ERR,ERR,ERR,ERR,ERR,ERR,ERR,ERR,ERR,ERR,ERR,ERR,ERR,ERR,ERR,ERR,ERR,ERR,ERR,ERR,ERR,ERR,ERR,ERR,ERR,ERR,ERR,ERR,ERR,ERR,ERR,ERR,ERR,ERR,ERR,ERR,ERR,ERR,ERR,ERR,ERR,ERR,ERR,ERR,ERR,ERR,ERR,ERR,ERR,ERR,ERR,ERR,ERR,ERR,ERR,ERR,ERR,ERR,ERR,ERR,ERR,ERR,ERR,ERR,ERR,ERR,ERR,ERR,ERR,ERR,ERR,ERR,ERR,ERR,ERR,ERR,ERR,ERR,ERR,ERR,ERR,ERR,ERR,ERR,ERR,ERR,ERR,ERR,ERR,ERR,ERR,ERR,ERR,ERR,ERR,ERR,ERR,ERR,ERR,ERR,ERR,ERR,ERR,ERR,ERR,ERR,ERR,ERR,ERR,ERR,ERR,ERR,ERR,ERR,ERR,ERR,ERR,ERR,ERR,ERR,ERR,ERR,ERR,ERR,2.718442270659078e+23,2.7184525388662284e+23,-107089984.0,-107611232.0,-4.065341896277126e+31,-0.0,-0.0,0.0,4300,0,8,17171,4300,-0.0,39,0.0,0.0,-107611232.0,0.0,-0.0,0,0,0,0,0.0,0,0,0,0,0,0,0,0,0,0,0,0,0,0,0,0,0,0,0,0,0,0,0,0,0,0,0,0,0,0,0,0,0,11,35,35,46,65476,370,65476,1,0,4,21553,0.0,0.0,11627164672.0,0.0,0.0,0.0,0.0,0.0,0.0,0.0,0.0,0.0,0.0,0.0,0.0,0.0,0.0,0.0,0.0,0.0,0.0,2.004,-0.0,2.004,-0.0,2.004,0.0,0.0,0.0,0.0,6553.0,-1.5879384200579233e+29,0.0,2.718442270659078e+23,2.7184525388662284e+23,0.0,2.7184510977143476e+23,0.0,0.0,2.004,2.004,223,-0.0,0.0,0.0,0.0,0.0,0.0,0.0,0.0,0.0,0,0,0,-1946253558546432.0,-7.383,2.0708845241038462e+24,-5.485858389644133e+28,-0.0,0.0,0.0,-37296132.0,-0.0,-4.387420830733173e+20,-0.0,1575109.125,0.0,0.0,0.0,0.0,0,1.3516416376850534e+27,223,0.0,446,0.0,4.689388604382247e+24,2114,13107,17110,13107,17112,13107,17095,0,0,0,101,100,100,-0.0,63.9,-0.0,64.2,2.7302334150594743e+23,64.0,1,49,50,180,0,0,0,0,0.0,0.0,0.0,60.0,0.0,71.0,0.0,350730.688,0.0,1070,0,1070,0,0,0,1071,0,1081,0,995,0,642,0,643,0,639,0,677,0.032,8.005886927989945e+21,2.004,2.73023467606737e+23,31632,16813,0.0,1.7133503596339971e+31,0.0,1.77783901857594e+21,-3.293232582088132e+27,-0.0,50.0,60.0,35,0.0,0.0,10.0,2.0,0.0,0.0,0.0,0.0,0.0,0.0,0.0,0.0,0.0,0.0,0.0,0.0,59.2,52,13,65511,27,65476,281,300,0,0,8,20529,65476,0,0,30147,60.0,0.0,10.0,10.0,2.0,0.0
2026-02-16T12:11:50,ERR,ERR,ERR,ERR,ERR,ERR,ERR,ERR,ERR,ERR,ERR,ERR,ERR,ERR,ERR,ERR,ERR,ERR,ERR,ERR,ERR,ERR,ERR,ERR,ERR,ERR,ERR,ERR,ERR,ERR,ERR,ERR,ERR,ERR,ERR,ERR,ERR,ERR,ERR,ERR,ERR,ERR,ERR,ERR,ERR,ERR,ERR,ERR,ERR,ERR,ERR,ERR,ERR,ERR,ERR,ERR,ERR,ERR,ERR,ERR,ERR,ERR,ERR,ERR,ERR,ERR,ERR,ERR,ERR,ERR,ERR,ERR,ERR,ERR,ERR,ERR,ERR,ERR,ERR,ERR,ERR,ERR,ERR,ERR,ERR,ERR,ERR,ERR,ERR,ERR,ERR,ERR,ERR,ERR,ERR,ERR,ERR,ERR,ERR,ERR,ERR,ERR,ERR,ERR,ERR,ERR,ERR,ERR,ERR,ERR,ERR,ERR,ERR,ERR,ERR,ERR,ERR,ERR,ERR,ERR,ERR,ERR,ERR,ERR,ERR,2.718442270659078e+23,2.7184525388662284e+23,-107089984.0,-107611232.0,-4.065341896277126e+31,-0.0,-0.0,0.0,4300,0,8,17171,4300,-0.0,39,0.0,0.0,-107611232.0,0.0,-0.0,0,0,0,0,0.0,0,0,0,0,0,0,0,0,0,0,0,0,0,0,0,0,0,0,0,0,0,0,0,0,0,0,0,0,0,0,0,0,0,11,35,35,46,65476,370,65476,1,0,4,21553,0.0,0.0,11627164672.0,0.0,0.0,0.0,0.0,0.0,0.0,0.0,0.0,0.0,0.0,0.0,0.0,0.0,0.0,0.0,0.0,0.0,0.0,2.004,-0.0,2.004,-0.0,2.004,0.0,0.0,0.0,0.0,6553.0,-1.5879384200579233e+29,0.0,2.718442270659078e+23,2.7184525388662284e+23,0.0,2.7184510977143476e+23,0.0,0.0,2.004,2.004,223,-0.0,0.0,0.0,0.0,0.0,0.0,0.0,0.0,0.0,0,0,0,-1946253558546432.0,-7.383,2.0708845241038462e+24,-5.485858389644133e+28,-0.0,0.0,0.0,-37296132.0,-0.0,-4.387420830733173e+20,-0.0,1575109.125,0.0,0.0,0.0,0.0,0,1.3516416376850534e+27,223,0.0,446,0.0,4.689388604382247e+24,2114,13107,17110,13107,17112,0,17095,0,0,0,101,100,100,-0.0,63.9,-0.0,64.2,2.7302334150594743e+23,64.0,1,49,50,180,0,0,0,0,0.0,0.0,0.0,60.0,0.0,71.0,0.0,-2.4117712259269246e+32,0.0,1070,0,1071,0,0,0,1071,0,1081,0,995,0,642,0,643,0,639,0,677,0.032,8.005886927989945e+21,2.004,2.73023467606737e+23,25232,16813,0.0,-2.4117712259269246e+32,-0.0,-0.0,2089554280448.0,126080.062,50.0,60.0,35,0.0,0.0,10.0,2.0,0.0,0.0,0.0,0.0,0.0,0.0,0.0,0.0,0.0,0.0,0.0,0.0,59.2,52,13,65511,27,65476,202,300,0,0,8,20529,65476,0,0,30147,60.0,0.0,10.0,10.0,2.0,0.0
2026-02-16T12:11:51,ERR,ERR,ERR,ERR,ERR,ERR,ERR,ERR,ERR,ERR,ERR,ERR,ERR,ERR,ERR,ERR,ERR,ERR,ERR,ERR,ERR,ERR,ERR,ERR,ERR,ERR,ERR,ERR,ERR,ERR,ERR,ERR,ERR,ERR,ERR,ERR,ERR,ERR,ERR,ERR,ERR,ERR,ERR,ERR,ERR,ERR,ERR,ERR,ERR,ERR,ERR,ERR,ERR,ERR,ERR,ERR,ERR,ERR,ERR,ERR,ERR,ERR,ERR,ERR,ERR,ERR,ERR,ERR,ERR,ERR,ERR,ERR,ERR,ERR,ERR,ERR,ERR,ERR,ERR,ERR,ERR,ERR,ERR,ERR,ERR,ERR,ERR,ERR,ERR,ERR,ERR,ERR,ERR,ERR,ERR,ERR,ERR,ERR,ERR,ERR,ERR,ERR,ERR,ERR,ERR,ERR,ERR,ERR,ERR,ERR,ERR,ERR,ERR,ERR,ERR,ERR,ERR,ERR,ERR,ERR,ERR,ERR,ERR,ERR,ERR,2.718442270659078e+23,2.7184525388662284e+23,-107089984.0,-107611232.0,-4.065341896277126e+31,-0.0,-0.0,0.0,4300,0,8,17171,4300,-0.0,39,0.0,0.0,-107611232.0,0.0,-0.0,0,0,0,0,0.0,0,0,0,0,0,0,0,0,0,0,0,0,0,0,0,0,0,0,0,0,0,0,0,0,0,0,0,0,0,0,0,0,0,11,35,35,46,65476,370,65476,1,0,4,21553,0.0,0.0,11627164672.0,0.0,0.0,0.0,0.0,0.0,0.0,0.0,0.0,0.0,0.0,0.0,0.0,0.0,0.0,0.0,0.0,0.0,0.0,2.004,-0.0,2.004,-0.0,2.004,0.0,0.0,0.0,0.0,6553.0,-1.5879384200579233e+29,0.0,2.718442270659078e+23,2.7184525388662284e+23,0.0,2.7184510977143476e+23,0.0,0.0,2.004,2.004,223,-0.0,0.0,0.0,0.0,0.0,0.0,0.0,0.0,0.0,0,0,0,-1946253558546432.0,-7.383,2.0708845241038462e+24,-5.485858389644133e+28,-0.0,0.0,0.0,-37296132.0,-0.0,-4.387420830733173e+20,-0.0,1575109.125,0.0,0.0,0.0,0.0,0,1.3516416376850534e+27,223,0.0,446,0.0,4.689388604382247e+24,2114,13107,17110,13107,17112,0,17095,0,0,0,101,100,100,-0.0,63.9,-0.0,64.2,2.7302334150594743e+23,64.0,1,49,50,180,0,0,0,0,0.0,0.0,0.0,60.0,0.0,71.0,0.0,-2.4117712259269246e+32,0.0,1070,0,1071,0,0,0,1071,0,1081,0,995,0,642,0,643,0,639,0,677,0.032,8.005886927989945e+21,2.004,2.73023467606737e+23,25232,16813,0.0,-2.4117712259269246e+32,-0.0,-0.0,2089554280448.0,126080.062,50.0,60.0,35,0.0,0.0,10.0,2.0,0.0,0.0,0.0,0.0,0.0,0.0,0.0,0.0,0.0,0.0,0.0,0.0,59.2,52,13,65511,27,65476,202,300,0,0,8,20529,65476,0,0,30147,60.0,0.0,10.0,10.0,2.0,0.0
2026-02-16T12:11:52,ERR,ERR,ERR,ERR,ERR,ERR,ERR,ERR,ERR,ERR,ERR,ERR,ERR,ERR,ERR,ERR,ERR,ERR,ERR,ERR,ERR,ERR,ERR,ERR,ERR,ERR,ERR,ERR,ERR,ERR,ERR,ERR,ERR,ERR,ERR,ERR,ERR,ERR,ERR,ERR,ERR,ERR,ERR,ERR,ERR,ERR,ERR,ERR,ERR,ERR,ERR,ERR,ERR,ERR,ERR,ERR,ERR,ERR,ERR,ERR,ERR,ERR,ERR,ERR,ERR,ERR,ERR,ERR,ERR,ERR,ERR,ERR,ERR,ERR,ERR,ERR,ERR,ERR,ERR,ERR,ERR,ERR,ERR,ERR,ERR,ERR,ERR,ERR,ERR,ERR,ERR,ERR,ERR,ERR,ERR,ERR,ERR,ERR,ERR,ERR,ERR,ERR,ERR,ERR,ERR,ERR,ERR,ERR,ERR,ERR,ERR,ERR,ERR,ERR,ERR,ERR,ERR,ERR,ERR,ERR,ERR,ERR,ERR,ERR,ERR,2.718442270659078e+23,2.7184525388662284e+23,-107089984.0,-107611232.0,-4.065341896277126e+31,-0.0,-0.0,0.0,4300,0,8,17171,4300,-0.0,39,0.0,0.0,-107611232.0,0.0,-0.0,0,0,0,0,0.0,0,0,0,0,0,0,0,0,0,0,0,0,0,0,0,0,0,0,0,0,0,0,0,0,0,0,0,0,0,0,0,0,0,11,35,35,46,65476,370,65476,1,0,4,21553,0.0,0.0,11627164672.0,0.0,0.0,0.0,0.0,0.0,0.0,0.0,0.0,0.0,0.0,0.0,0.0,0.0,0.0,0.0,0.0,0.0,0.0,2.004,-0.0,2.004,-0.0,2.004,0.0,0.0,0.0,0.0,6553.0,-1.5879384200579233e+29,0.0,2.718442270659078e+23,2.7184525388662284e+23,0.0,2.7184510977143476e+23,0.0,0.0,2.004,2.004,223,-0.0,0.0,0.0,0.0,0.0,0.0,0.0,0.0,0.0,0,0,0,-1946253558546432.0,-7.383,2.0708845241038462e+24,-5.485858389644133e+28,-0.0,0.0,0.0,-37296132.0,-0.0,-4.387420830733173e+20,-0.0,1575109.125,0.0,0.0,0.0,0.0,0,1.3516416376850534e+27,223,0.0,446,0.0,4.689388604382247e+24,2114,13107,17110,13107,17112,0,17095,0,0,0,101,100,100,-0.0,63.9,-0.0,64.2,2.7302334150594743e+23,64.0,1,49,50,180,0,0,0,0,0.0,0.0,0.0,60.0,0.0,71.0,0.0,-2.4117712259269246e+32,0.0,1070,0,1071,0,0,0,1071,0,1081,0,995,0,642,0,643,0,639,0,677,0.032,8.005886927989945e+21,2.004,2.73023467606737e+23,25232,16813,0.0,-2.4117712259269246e+32,-0.0,-0.0,2089554280448.0,126080.062,50.0,60.0,35,0.0,0.0,10.0,2.0,0.0,0.0,0.0,0.0,0.0,0.0,0.0,0.0,0.0,0.0,0.0,0.0,58.8,52,13,65511,27,65476,41,300,0,0,8,20529,65476,0,0,30147,60.0,0.0,10.0,10.0,2.0,0.0
2026-02-16T12:11:53,ERR,ERR,ERR,ERR,ERR,ERR,ERR,ERR,ERR,ERR,ERR,ERR,ERR,ERR,ERR,ERR,ERR,ERR,ERR,ERR,ERR,ERR,ERR,ERR,ERR,ERR,ERR,ERR,ERR,ERR,ERR,ERR,ERR,ERR,ERR,ERR,ERR,ERR,ERR,ERR,ERR,ERR,ERR,ERR,ERR,ERR,ERR,ERR,ERR,ERR,ERR,ERR,ERR,ERR,ERR,ERR,ERR,ERR,ERR,ERR,ERR,ERR,ERR,ERR,ERR,ERR,ERR,ERR,ERR,ERR,ERR,ERR,ERR,ERR,ERR,ERR,ERR,ERR,ERR,ERR,ERR,ERR,ERR,ERR,ERR,ERR,ERR,ERR,ERR,ERR,ERR,ERR,ERR,ERR,ERR,ERR,ERR,ERR,ERR,ERR,ERR,ERR,ERR,ERR,ERR,ERR,ERR,ERR,ERR,ERR,ERR,ERR,ERR,ERR,ERR,ERR,ERR,ERR,ERR,ERR,ERR,ERR,ERR,ERR,ERR,2.718442270659078e+23,2.7184525388662284e+23,-107089984.0,-0.0,-0.0,-0.002,-1550558.25,6.586241442064138e+27,4300,0,8,17171,4300,-0.0,39,0.0,0.0,-0.0,0.0,-0.0,0,0,0,0,0.0,0,0,0,0,0,0,0,0,0,0,0,0,0,0,0,0,0,0,0,0,0,0,0,0,0,0,0,0,0,0,0,0,0,12,35,34,46,65476,379,65476,1,0,4,21553,0.0,2.7183305813883192e+23,0.0,0.0,0.0,0.0,0.0,0.0,0.0,0.0,0.0,0.0,0.0,0.0,0.0,0.0,0.0,0.0,0.0,0.0,0.0,2.004,-0.0,2.004,-0.0,3.697077062071222e+19,0.0,0.0,0.0,0.0,6528.0,-1.0406713229691606e+34,0.0,2.718442270659078e+23,2.7184525388662284e+23,0.0,-0.0,0.0,0.0,2.004,2.004,223,-2.3088280513417105e+20,0.0,0.0,0.0,0.0,0.0,0.0,0.0,0.0,0,0,0,-2.838395610705294e+24,3.056428112852084e+25,6.217103237136523e+33,-4.708672443777695e+21,-0.0,-10.704,0.0,0.0,-11494031360.0,-4.687180421930953e+20,-0.0,1665221.125,0.0,0.0,0.0,-2467251479379968.0,0,1.3516416376850534e+27,223,0.0,446,0.0,0.0,2114,13107,17110,13107,17112,0,17095,0,0,0,101,100,100,-0.0,63.9,-0.0,64.2,2.7302334150594743e+23,64.0,1,49,50,180,0,0,0,0,0.0,0.0,0.0,60.0,0.0,71.0,0.0,-2.4117712259269246e+32,0.0,1070,0,1071,0,0,0,1071,0,1081,0,995,0,642,0,643,0,639,0,677,0.032,8.005886927989945e+21,2.004,2.73023467606737e+23,25232,16813,0.0,-2.4117712259269246e+32,-0.0,-0.0,2089554280448.0,126080.062,50.0,60.0,35,0.0,0.0,10.0,2.0,0.0,0.0,0.0,0.0,0.0,0.0,0.0,0.0,0.0,0.0,0.0,0.0,58.8,52,13,65511,27,65476,0,300,0,0,8,20529,65476,0,0,30147,60.0,0.0,10.0,10.0,2.0,0.0
2026-02-16T12:11:54,ERR,ERR,ERR,ERR,ERR,ERR,ERR,ERR,ERR,ERR,ERR,ERR,ERR,ERR,ERR,ERR,ERR,ERR,ERR,ERR,ERR,ERR,ERR,ERR,ERR,ERR,ERR,ERR,ERR,ERR,ERR,ERR,ERR,ERR,ERR,ERR,ERR,ERR,ERR,ERR,ERR,ERR,ERR,ERR,ERR,ERR,ERR,ERR,ERR,ERR,ERR,ERR,ERR,ERR,ERR,ERR,ERR,ERR,ERR,ERR,ERR,ERR,ERR,ERR,ERR,ERR,ERR,ERR,ERR,ERR,ERR,ERR,ERR,ERR,ERR,ERR,ERR,ERR,ERR,ERR,ERR,ERR,ERR,ERR,ERR,ERR,ERR,ERR,ERR,ERR,ERR,ERR,ERR,ERR,ERR,ERR,ERR,ERR,ERR,ERR,ERR,ERR,ERR,ERR,ERR,ERR,ERR,ERR,ERR,ERR,ERR,ERR,ERR,ERR,ERR,ERR,ERR,ERR,ERR,ERR,ERR,ERR,ERR,ERR,ERR,2.718442270659078e+23,2.7184525388662284e+23,-107089984.0,-0.0,-0.0,-0.002,-1550558.25,6.586241442064138e+27,4300,0,8,17171,4300,-0.0,39,0.0,0.0,-0.0,0.0,-0.0,0,0,0,0,0.0,0,0,0,0,0,0,0,0,0,0,0,0,0,0,0,0,0,0,0,0,0,0,0,0,0,0,0,0,0,0,0,0,0,12,35,34,46,65476,379,65476,1,0,4,21553,0.0,2.7183305813883192e+23,0.0,0.0,0.0,0.0,0.0,0.0,0.0,0.0,0.0,0.0,0.0,0.0,0.0,0.0,0.0,0.0,0.0,0.0,0.0,2.004,-0.0,2.004,-0.0,3.697077062071222e+19,0.0,0.0,0.0,0.0,6528.0,-1.0406713229691606e+34,0.0,2.718442270659078e+23,2.7184525388662284e+23,0.0,-0.0,0.0,0.0,2.004,2.004,223,-2.3088280513417105e+20,0.0,0.0,0.0,0.0,0.0,0.0,0.0,0.0,0,0,0,-2.838395610705294e+24,3.056428112852084e+25,6.217103237136523e+33,-4.708672443777695e+21,-0.0,-10.704,0.0,0.0,-11494031360.0,-4.687180421930953e+20,-0.0,1665221.125,0.0,0.0,0.0,-2467251479379968.0,0,1.3516416376850534e+27,223,0.0,446,0.0,0.0,2114,13107,17110,13107,17112,0,17095,0,0,0,101,100,100,-0.0,63.9,-0.0,64.2,2.7302334150594743e+23,64.0,1,49,50,180,0,0,0,0,0.0,0.0,0.0,60.0,-2.3960659065370227e+38,70.5,0.0,992277.312,0.0,1070,0,1070,0,0,0,1071,0,1081,0,995,0,642,0,643,0,639,0,677,0.032,8.005886927989945e+21,2.004,2.73023467606737e+23,24208,16813,0.0,-7.291724483706195e+29,-0.0,1.206833453360229e+34,2.7513976729648022e+29,4.6443398645048934e+17,50.0,60.0,35,0.0,0.0,10.0,2.0,0.0,0.0,0.0,0.0,0.0,0.0,0.0,0.0,0.0,0.0,0.0,0.0,58.8,52,13,65511,27,65476,0,300,0,0,8,20529,65476,0,0,30147,60.0,0.0,10.0,10.0,2.0,0.0
2026-02-16T12:11:55,ERR,ERR,ERR,ERR,ERR,ERR,ERR,ERR,ERR,ERR,ERR,ERR,ERR,ERR,ERR,ERR,ERR,ERR,ERR,ERR,ERR,ERR,ERR,ERR,ERR,ERR,ERR,ERR,ERR,ERR,ERR,ERR,ERR,ERR,ERR,ERR,ERR,ERR,ERR,ERR,ERR,ERR,ERR,ERR,ERR,ERR,ERR,ERR,ERR,ERR,ERR,ERR,ERR,ERR,ERR,ERR,ERR,ERR,ERR,ERR,ERR,ERR,ERR,ERR,ERR,ERR,ERR,ERR,ERR,ERR,ERR,ERR,ERR,ERR,ERR,ERR,ERR,ERR,ERR,ERR,ERR,ERR,ERR,ERR,ERR,ERR,ERR,ERR,ERR,ERR,ERR,ERR,ERR,ERR,ERR,ERR,ERR,ERR,ERR,ERR,ERR,ERR,ERR,ERR,ERR,ERR,ERR,ERR,ERR,ERR,ERR,ERR,ERR,ERR,ERR,ERR,ERR,ERR,ERR,ERR,ERR,ERR,ERR,ERR,ERR,2.718442270659078e+23,2.7184525388662284e+23,-107089984.0,-0.0,-0.0,-0.002,-1550558.25,6.586241442064138e+27,4300,0,8,17171,4300,-0.0,39,0.0,0.0,-0.0,0.0,-0.0,0,0,0,0,0.0,0,0,0,0,0,0,0,0,0,0,0,0,0,0,0,0,0,0,0,0,0,0,0,0,0,0,0,0,0,0,0,0,0,12,35,34,46,65476,379,65476,1,0,4,21553,0.0,2.7183305813883192e+23,0.0,0.0,0.0,0.0,0.0,0.0,0.0,0.0,0.0,0.0,0.0,0.0,0.0,0.0,0.0,0.0,0.0,0.0,0.0,2.004,-0.0,2.004,-0.0,3.697077062071222e+19,0.0,0.0,0.0,0.0,6528.0,-1.0406713229691606e+34,0.0,2.718442270659078e+23,2.7184525388662284e+23,0.0,-0.0,0.0,0.0,2.004,2.004,223,-2.3088280513417105e+20,0.0,0.0,0.0,0.0,0.0,0.0,0.0,0.0,0,0,0,-2.838395610705294e+24,3.056428112852084e+25,6.217103237136523e+33,-4.708672443777695e+21,-0.0,-10.704,0.0,0.0,-11494031360.0,-4.687180421930953e+20,-0.0,1665221.125,0.0,0.0,0.0,-2467251479379968.0,0,1.3516416376850534e+27,223,0.0,446,0.0,0.0,2114,13107,17110,13107,17112,0,17095,0,0,0,101,100,100,-0.0,63.9,-0.0,64.2,2.7302334150594743e+23,64.0,1,49,50,180,0,0,0,0,0.0,0.0,0.0,60.0,-2.3960659065370227e+38,70.5,0.0,992277.312,0.0,1070,0,1070,0,0,0,1071,0,1081,0,995,0,642,0,643,0,639,0,677,0.032,8.005886927989945e+21,2.004,2.73023467606737e+23,24208,16813,0.0,-7.291724483706195e+29,-0.0,1.206833453360229e+34,2.7513976729648022e+29,4.6443398645048934e+17,50.0,60.0,35,0.0,0.0,10.0,2.0,0.0,0.0,0.0,0.0,0.0,0.0,0.0,0.0,0.0,0.0,0.0,0.0,59.2,52,13,65511,27,65476,0,300,0,0,8,20529,65476,0,0,30147,60.0,0.0,10.0,10.0,2.0,0.0
2026-02-16T12:11:56,ERR,ERR,ERR,ERR,ERR,ERR,ERR,ERR,ERR,ERR,ERR,ERR,ERR,ERR,ERR,ERR,ERR,ERR,ERR,ERR,ERR,ERR,ERR,ERR,ERR,ERR,ERR,ERR,ERR,ERR,ERR,ERR,ERR,ERR,ERR,ERR,ERR,ERR,ERR,ERR,ERR,ERR,ERR,ERR,ERR,ERR,ERR,ERR,ERR,ERR,ERR,ERR,ERR,ERR,ERR,ERR,ERR,ERR,ERR,ERR,ERR,ERR,ERR,ERR,ERR,ERR,ERR,ERR,ERR,ERR,ERR,ERR,ERR,ERR,ERR,ERR,ERR,ERR,ERR,ERR,ERR,ERR,ERR,ERR,ERR,ERR,ERR,ERR,ERR,ERR,ERR,ERR,ERR,ERR,ERR,ERR,ERR,ERR,ERR,ERR,ERR,ERR,ERR,ERR,ERR,ERR,ERR,ERR,ERR,ERR,ERR,ERR,ERR,ERR,ERR,ERR,ERR,ERR,ERR,ERR,ERR,ERR,ERR,ERR,ERR,2.718442270659078e+23,2.7184525388662284e+23,-107089984.0,-0.0,-0.0,-0.002,-1550558.25,6.586241442064138e+27,4300,0,8,17171,4300,-0.0,39,0.0,0.0,-0.0,0.0,-0.0,0,0,0,0,0.0,0,0,0,0,0,0,0,0,0,0,0,0,0,0,0,0,0,0,0,0,0,0,0,0,0,0,0,0,0,0,0,0,0,12,35,34,46,65476,379,65476,1,0,4,21553,0.0,2.7183305813883192e+23,0.0,0.0,0.0,0.0,0.0,0.0,0.0,0.0,0.0,0.0,0.0,0.0,0.0,0.0,0.0,0.0,0.0,0.0,0.0,2.004,-0.0,2.004,-0.0,3.697077062071222e+19,0.0,0.0,0.0,0.0,6528.0,-1.0406713229691606e+34,0.0,2.718442270659078e+23,2.7184525388662284e+23,0.0,-0.0,0.0,0.0,2.004,2.004,223,-2.3088280513417105e+20,0.0,0.0,0.0,0.0,0.0,0.0,0.0,0.0,0,0,0,-2.838395610705294e+24,3.056428112852084e+25,6.217103237136523e+33,-4.708672443777695e+21,-0.0,-10.704,0.0,0.0,-11494031360.0,-4.687180421930953e+20,-0.0,1665221.125,0.0,0.0,0.0,-2467251479379968.0,0,1.3516416376850534e+27,223,0.0,446,0.0,0.0,2114,13107,17110,13107,17112,0,17095,0,0,0,101,100,100,-0.0,63.9,-0.0,64.2,2.7302334150594743e+23,64.0,1,49,50,180,0,0,0,0,0.0,0.0,0.0,60.0,-2.3960659065370227e+38,70.5,0.0,992277.312,0.0,1070,0,1070,0,0,0,1071,0,1081,0,995,0,642,0,643,0,639,0,677,0.032,8.005886927989945e+21,2.004,2.73023467606737e+23,24208,16813,0.0,-7.291724483706195e+29,-0.0,1.206833453360229e+34,2.7513976729648022e+29,4.6443398645048934e+17,50.0,60.0,35,0.0,0.0,10.0,2.0,0.0,0.0,0.0,0.0,0.0,0.0,0.0,0.0,0.0,0.0,0.0,0.0,59.2,52,13,65511,27,65476,0,300,0,0,8,20529,65476,0,0,30147,60.0,0.0,10.0,10.0,2.0,0.0
2026-02-16T12:11:57,ERR,ERR,ERR,ERR,ERR,ERR,ERR,ERR,ERR,ERR,ERR,ERR,ERR,ERR,ERR,ERR,ERR,ERR,ERR,ERR,ERR,ERR,ERR,ERR,ERR,ERR,ERR,ERR,ERR,ERR,ERR,ERR,ERR,ERR,ERR,ERR,ERR,ERR,ERR,ERR,ERR,ERR,ERR,ERR,ERR,ERR,ERR,ERR,ERR,ERR,ERR,ERR,ERR,ERR,ERR,ERR,ERR,ERR,ERR,ERR,ERR,ERR,ERR,ERR,ERR,ERR,ERR,ERR,ERR,ERR,ERR,ERR,ERR,ERR,ERR,ERR,ERR,ERR,ERR,ERR,ERR,ERR,ERR,ERR,ERR,ERR,ERR,ERR,ERR,ERR,ERR,ERR,ERR,ERR,ERR,ERR,ERR,ERR,ERR,ERR,ERR,ERR,ERR,ERR,ERR,ERR,ERR,ERR,ERR,ERR,ERR,ERR,ERR,ERR,ERR,ERR,ERR,ERR,ERR,ERR,ERR,ERR,ERR,ERR,ERR,2.718442270659078e+23,2.7184525388662284e+23,-107089984.0,-0.0,-0.0,-0.002,-1550558.25,6.586241442064138e+27,4300,0,8,17171,4300,-0.0,39,0.0,0.0,-0.0,0.0,-0.0,0,0,0,0,0.0,0,0,0,0,0,0,0,0,0,0,0,0,0,0,0,0,0,0,0,0,0,0,0,0,0,0,0,0,0,0,0,0,0,12,35,34,46,65476,379,65476,1,0,4,21553,0.0,2.7183305813883192e+23,0.0,0.0,0.0,0.0,0.0,0.0,0.0,0.0,0.0,0.0,0.0,0.0,0.0,0.0,0.0,0.0,0.0,0.0,0.0,2.004,-0.0,2.004,-0.0,3.697077062071222e+19,0.0,0.0,0.0,0.0,6528.0,-1.0406713229691606e+34,0.0,2.718442270659078e+23,2.7184525388662284e+23,0.0,-0.0,0.0,0.0,2.004,2.004,223,-2.3088280513417105e+20,0.0,0.0,0.0,0.0,0.0,0.0,0.0,0.0,0,0,0,-2.838395610705294e+24,3.056428112852084e+25,6.217103237136523e+33,-4.708672443777695e+21,-0.0,-10.704,0.0,0.0,-11494031360.0,-4.687180421930953e+20,-0.0,1665221.125,0.0,0.0,0.0,-2467251479379968.0,0,1.3516416376850534e+27,223,0.0,446,0.0,0.0,2114,13107,17110,13107,17112,13107,17095,0,0,0,101,100,100,-0.0,63.9,-0.0,64.2,2.7302334150594743e+23,64.0,1,49,50,180,0,0,0,0,0.0,0.0,0.0,60.0,0.0,71.0,0.0,1.533,0.0,1070,0,1070,0,0,0,1071,0,1081,0,995,0,642,0,643,0,639,0,677,0.032,8.005886927989945e+21,2.004,2.73023467606737e+23,23952,16813,0.0,1.533,-25803427840.0,0.0,-0.0,3.276879896440071e+32,50.0,60.0,35,0.0,0.0,10.0,2.0,0.0,0.0,0.0,0.0,0.0,0.0,0.0,0.0,0.0,0.0,0.0,0.0,58.8,52,13,65511,27,65476,0,300,0,0,8,20529,65476,0,0,30147,60.0,0.0,10.0,10.0,2.0,0.0
2026-02-16T12:11:58,ERR,ERR,ERR,ERR,ERR,ERR,ERR,ERR,ERR,ERR,ERR,ERR,ERR,ERR,ERR,ERR,ERR,ERR,ERR,ERR,ERR,ERR,ERR,ERR,ERR,ERR,ERR,ERR,ERR,ERR,ERR,ERR,ERR,ERR,ERR,ERR,ERR,ERR,ERR,ERR,ERR,ERR,ERR,ERR,ERR,ERR,ERR,ERR,ERR,ERR,ERR,ERR,ERR,ERR,ERR,ERR,ERR,ERR,ERR,ERR,ERR,ERR,ERR,ERR,ERR,ERR,ERR,ERR,ERR,ERR,ERR,ERR,ERR,ERR,ERR,ERR,ERR,ERR,ERR,ERR,ERR,ERR,ERR,ERR,ERR,ERR,ERR,ERR,ERR,ERR,ERR,ERR,ERR,ERR,ERR,ERR,ERR,ERR,ERR,ERR,ERR,ERR,ERR,ERR,ERR,ERR,ERR,ERR,ERR,ERR,ERR,ERR,ERR,ERR,ERR,ERR,ERR,ERR,ERR,ERR,ERR,ERR,ERR,ERR,ERR,2.718442270659078e+23,2.7184525388662284e+23,-107089984.0,-0.0,-0.0,-0.0,-0.0,-0.0,4300,0,8,17171,4300,-0.0,39,0.0,0.0,-0.0,0.0,-0.0,0,0,0,0,0.0,0,0,0,0,0,0,0,0,0,0,0,0,0,0,0,0,0,0,0,0,0,0,0,0,0,0,0,0,0,0,0,0,0,12,35,34,46,65476,383,65476,1,0,4,21553,0.0,2.7183305813883192e+23,-1057671086080.0,0.0,0.0,0.0,0.0,0.0,0.0,0.0,0.0,0.0,0.0,0.0,0.0,0.0,0.0,0.0,0.0,0.0,0.0,2.004,-0.0,2.004,-0.0,3.697077062071222e+19,0.0,0.0,0.0,0.0,6555.0,-8608231424.0,0.0,2.718442270659078e+23,2.7184525388662284e+23,0.0,-0.0,0.0,0.0,2.004,2.004,223,-71.629,0.0,0.0,0.0,0.0,0.0,0.0,0.0,0.0,0,0,0,-6.4454911430215116e+25,-10669210468352.0,1.817103370452193e+22,0.0,3.260985533665512e+37,-0.0,0.0,3.577979630273634e+36,7611168.0,-4.940823152944459e+20,-0.0,1771717.125,0.0,0.0,0.0,11.265,0,1.3516416376850534e+27,223,0.0,446,0.0,0.0,2114,13107,17110,13107,17112,13107,17095,0,0,0,101,100,100,-0.0,63.9,-0.0,64.2,2.7302334150594743e+23,64.0,1,49,50,180,0,0,0,0,0.0,0.0,0.0,60.0,0.0,71.0,0.0,1.533,0.0,1070,0,1070,0,0,0,1071,0,1081,0,995,0,642,0,643,0,639,0,677,0.032,8.005886927989945e+21,2.004,2.73023467606737e+23,23952,16813,0.0,1.533,-25803427840.0,0.0,-0.0,3.276879896440071e+32,50.0,60.0,35,0.0,0.0,10.0,2.0,0.0,0.0,0.0,0.0,0.0,0.0,0.0,0.0,0.0,0.0,0.0,0.0,58.8,52,13,65511,27,65476,0,300,0,0,8,20529,65476,0,0,30147,60.0,0.0,10.0,10.0,2.0,0.0
2026-02-16T12:11:59,ERR,ERR,ERR,ERR,ERR,ERR,ERR,ERR,ERR,ERR,ERR,ERR,ERR,ERR,ERR,ERR,ERR,ERR,ERR,ERR,ERR,ERR,ERR,ERR,ERR,ERR,ERR,ERR,ERR,ERR,ERR,ERR,ERR,ERR,ERR,ERR,ERR,ERR,ERR,ERR,ERR,ERR,ERR,ERR,ERR,ERR,ERR,ERR,ERR,ERR,ERR,ERR,ERR,ERR,ERR,ERR,ERR,ERR,ERR,ERR,ERR,ERR,ERR,ERR,ERR,ERR,ERR,ERR,ERR,ERR,ERR,ERR,ERR,ERR,ERR,ERR,ERR,ERR,ERR,ERR,ERR,ERR,ERR,ERR,ERR,ERR,ERR,ERR,ERR,ERR,ERR,ERR,ERR,ERR,ERR,ERR,ERR,ERR,ERR,ERR,ERR,ERR,ERR,ERR,ERR,ERR,ERR,ERR,ERR,ERR,ERR,ERR,ERR,ERR,ERR,ERR,ERR,ERR,ERR,ERR,ERR,ERR,ERR,ERR,ERR,2.718442270659078e+23,2.7184525388662284e+23,-107089984.0,-0.0,-0.0,-0.0,-0.0,-0.0,4300,0,8,17171,4300,-0.0,39,0.0,0.0,-0.0,0.0,-0.0,0,0,0,0,0.0,0,0,0,0,0,0,0,0,0,0,0,0,0,0,0,0,0,0,0,0,0,0,0,0,0,0,0,0,0,0,0,0,0,12,35,34,46,65476,383,65476,1,0,4,21553,0.0,2.7183305813883192e+23,-1057671086080.0,0.0,0.0,0.0,0.0,0.0,0.0,0.0,0.0,0.0,0.0,0.0,0.0,0.0,0.0,0.0,0.0,0.0,0.0,2.004,-0.0,2.004,-0.0,3.697077062071222e+19,0.0,0.0,0.0,0.0,6555.0,-8608231424.0,0.0,2.718442270659078e+23,2.7184525388662284e+23,0.0,-0.0,0.0,0.0,2.004,2.004,223,-71.629,0.0,0.0,0.0,0.0,0.0,0.0,0.0,0.0,0,0,0,-6.4454911430215116e+25,-10669210468352.0,1.817103370452193e+22,0.0,3.260985533665512e+37,-0.0,0.0,3.577979630273634e+36,7611168.0,-4.940823152944459e+20,-0.0,1771717.125,0.0,0.0,0.0,11.265,0,1.3516416376850534e+27,223,0.0,446,0.0,0.0,2114,13107,17110,13107,17112,13107,17095,0,0,0,101,100,100,-0.0,63.9,-0.0,64.2,2.7302334150594743e+23,64.0,1,49,50,180,0,0,0,0,0.0,0.0,0.0,60.0,0.0,71.0,0.0,1.533,0.0,1070,0,1070,0,0,0,1071,0,1081,0,995,0,642,0,643,0,639,0,677,0.032,8.005886927989945e+21,2.004,2.73023467606737e+23,23952,16813,0.0,1.533,-25803427840.0,0.0,-0.0,3.276879896440071e+32,50.0,60.0,35,0.0,0.0,10.0,2.0,0.0,0.0,0.0,0.0,0.0,0.0,0.0,0.0,0.0,0.0,0.0,0.0,58.8,52,13,65511,27,65476,0,300,0,0,8,20529,65476,0,0,30147,60.0,0.0,10.0,10.0,2.0,0.0
2026-02-16T12:12:00,ERR,ERR,ERR,ERR,ERR,ERR,ERR,ERR,ERR,ERR,ERR,ERR,ERR,ERR,ERR,ERR,ERR,ERR,ERR,ERR,ERR,ERR,ERR,ERR,ERR,ERR,ERR,ERR,ERR,ERR,ERR,ERR,ERR,ERR,ERR,ERR,ERR,ERR,ERR,ERR,ERR,ERR,ERR,ERR,ERR,ERR,ERR,ERR,ERR,ERR,ERR,ERR,ERR,ERR,ERR,ERR,ERR,ERR,ERR,ERR,ERR,ERR,ERR,ERR,ERR,ERR,ERR,ERR,ERR,ERR,ERR,ERR,ERR,ERR,ERR,ERR,ERR,ERR,ERR,ERR,ERR,ERR,ERR,ERR,ERR,ERR,ERR,ERR,ERR,ERR,ERR,ERR,ERR,ERR,ERR,ERR,ERR,ERR,ERR,ERR,ERR,ERR,ERR,ERR,ERR,ERR,ERR,ERR,ERR,ERR,ERR,ERR,ERR,ERR,ERR,ERR,ERR,ERR,ERR,ERR,ERR,ERR,ERR,ERR,ERR,2.718442270659078e+23,2.7184525388662284e+23,-107089984.0,-0.0,-0.0,-0.0,-0.0,-0.0,4300,0,8,17171,4300,-0.0,39,0.0,0.0,-0.0,0.0,-0.0,0,0,0,0,0.0,0,0,0,0,0,0,0,0,0,0,0,0,0,0,0,0,0,0,0,0,0,0,0,0,0,0,0,0,0,0,0,0,0,12,35,34,46,65476,383,65476,1,0,4,21553,0.0,2.7183305813883192e+23,-1057671086080.0,0.0,0.0,0.0,0.0,0.0,0.0,0.0,0.0,0.0,0.0,0.0,0.0,0.0,0.0,0.0,0.0,0.0,0.0,2.004,-0.0,2.004,-0.0,3.697077062071222e+19,0.0,0.0,0.0,0.0,6555.0,-8608231424.0,0.0,2.718442270659078e+23,2.7184525388662284e+23,0.0,-0.0,0.0,0.0,2.004,2.004,223,-71.629,0.0,0.0,0.0,0.0,0.0,0.0,0.0,0.0,0,0,0,-6.4454911430215116e+25,-10669210468352.0,1.817103370452193e+22,0.0,3.260985533665512e+37,-0.0,0.0,3.577979630273634e+36,7611168.0,-4.940823152944459e+20,-0.0,1771717.125,0.0,0.0,0.0,11.265,0,1.3516416376850534e+27,223,0.0,446,0.0,0.0,2114,13107,17110,13107,17112,13107,17095,0,0,0,101,100,100,-0.0,63.9,-0.0,64.2,2.7302334150594743e+23,64.0,1,49,50,180,0,0,0,0,0.0,0.0,0.0,60.0,0.0,71.0,0.0,1.533,0.0,1070,0,1070,0,0,0,1071,0,1081,0,995,0,642,0,643,0,639,0,677,0.032,8.005886927989945e+21,2.004,2.73023467606737e+23,23952,16813,0.0,1.533,-25803427840.0,0.0,-0.0,3.276879896440071e+32,50.0,60.0,35,0.0,0.0,10.0,2.0,0.0,0.0,0.0,0.0,0.0,0.0,0.0,0.0,0.0,0.0,0.0,0.0,58.8,52,13,65511,27,65476,0,300,0,0,8,20529,65476,0,0,30147,60.0,0.0,10.0,10.0,2.0,0.0
2026-02-16T12:12:01,ERR,ERR,ERR,ERR,ERR,ERR,ERR,ERR,ERR,ERR,ERR,ERR,ERR,ERR,ERR,ERR,ERR,ERR,ERR,ERR,ERR,ERR,ERR,ERR,ERR,ERR,ERR,ERR,ERR,ERR,ERR,ERR,ERR,ERR,ERR,ERR,ERR,ERR,ERR,ERR,ERR,ERR,ERR,ERR,ERR,ERR,ERR,ERR,ERR,ERR,ERR,ERR,ERR,ERR,ERR,ERR,ERR,ERR,ERR,ERR,ERR,ERR,ERR,ERR,ERR,ERR,ERR,ERR,ERR,ERR,ERR,ERR,ERR,ERR,ERR,ERR,ERR,ERR,ERR,ERR,ERR,ERR,ERR,ERR,ERR,ERR,ERR,ERR,ERR,ERR,ERR,ERR,ERR,ERR,ERR,ERR,ERR,ERR,ERR,ERR,ERR,ERR,ERR,ERR,ERR,ERR,ERR,ERR,ERR,ERR,ERR,ERR,ERR,ERR,ERR,ERR,ERR,ERR,ERR,ERR,ERR,ERR,ERR,ERR,ERR,2.718442270659078e+23,2.7184525388662284e+23,-107089984.0,-0.0,-0.0,-0.0,-0.0,-0.0,4300,0,8,17171,4300,-0.0,39,0.0,0.0,-0.0,0.0,-0.0,0,0,0,0,0.0,0,0,0,0,0,0,0,0,0,0,0,0,0,0,0,0,0,0,0,0,0,0,0,0,0,0,0,0,0,0,0,0,0,12,35,34,46,65476,383,65476,1,0,4,21553,0.0,2.7183305813883192e+23,-1057671086080.0,0.0,0.0,0.0,0.0,0.0,0.0,0.0,0.0,0.0,0.0,0.0,0.0,0.0,0.0,0.0,0.0,0.0,0.0,2.004,-0.0,2.004,-0.0,3.697077062071222e+19,0.0,0.0,0.0,0.0,6555.0,-8608231424.0,0.0,2.718442270659078e+23,2.7184525388662284e+23,0.0,-0.0,0.0,0.0,2.004,2.004,223,-71.629,0.0,0.0,0.0,0.0,0.0,0.0,0.0,0.0,0,0,0,-6.4454911430215116e+25,-10669210468352.0,1.817103370452193e+22,0.0,3.260985533665512e+37,-0.0,0.0,3.577979630273634e+36,7611168.0,-4.940823152944459e+20,-0.0,1771717.125,0.0,0.0,0.0,11.265,0,1.3516416376850534e+27,223,0.0,446,0.0,0.0,2114,13107,17110,13107,17112,0,17095,0,0,0,101,100,100,-0.0,63.9,-0.0,64.2,2.7302334150594743e+23,64.0,1,49,50,180,0,0,0,0,0.0,0.0,0.0,60.0,-2.954623856466804e+36,70.5,0.0,-0.0,0.0,1070,0,1070,0,0,0,1070,0,1081,0,996,0,642,0,643,0,639,0,677,0.032,8.005886927989945e+21,2.004,2.73023467606737e+23,13456,16813,-2.6146556715403565e+32,-4.3900691409688506e+25,1.8629784774084696e+24,0.382,0.0,0.0,50.0,60.0,35,0.0,0.0,10.0,2.0,0.0,0.0,0.0,0.0,0.0,0.0,0.0,0.0,0.0,0.0,0.0,0.0,58.8,52,13,65511,27,65476,0,300,0,0,8,20529,65476,0,0,30147,60.0,0.0,10.0,10.0,2.0,0.0
2026-02-16T12:12:02,ERR,ERR,ERR,ERR,ERR,ERR,ERR,ERR,ERR,ERR,ERR,ERR,ERR,ERR,ERR,ERR,ERR,ERR,ERR,ERR,ERR,ERR,ERR,ERR,ERR,ERR,ERR,ERR,ERR,ERR,ERR,ERR,ERR,ERR,ERR,ERR,ERR,ERR,ERR,ERR,ERR,ERR,ERR,ERR,ERR,ERR,ERR,ERR,ERR,ERR,ERR,ERR,ERR,ERR,ERR,ERR,ERR,ERR,ERR,ERR,ERR,ERR,ERR,ERR,ERR,ERR,ERR,ERR,ERR,ERR,ERR,ERR,ERR,ERR,ERR,ERR,ERR,ERR,ERR,ERR,ERR,ERR,ERR,ERR,ERR,ERR,ERR,ERR,ERR,ERR,ERR,ERR,ERR,ERR,ERR,ERR,ERR,ERR,ERR,ERR,ERR,ERR,ERR,ERR,ERR,ERR,ERR,ERR,ERR,ERR,ERR,ERR,ERR,ERR,ERR,ERR,ERR,ERR,ERR,ERR,ERR,ERR,ERR,ERR,ERR,2.718442270659078e+23,2.7184525388662284e+23,-107089984.0,-0.0,-0.0,-0.0,-0.0,-0.0,4300,0,8,17171,4300,-0.0,39,0.0,0.0,-0.0,0.0,-0.0,0,0,0,0,0.0,0,0,0,0,0,0,0,0,0,0,0,0,0,0,0,0,0,0,0,0,0,0,0,0,0,0,0,0,0,0,0,0,0,12,35,34,46,65476,383,65476,1,0,4,21553,0.0,2.7183305813883192e+23,-1057671086080.0,0.0,0.0,0.0,0.0,0.0,0.0,0.0,0.0,0.0,0.0,0.0,0.0,0.0,0.0,0.0,0.0,0.0,0.0,2.004,-0.0,2.004,-0.0,3.697077062071222e+19,0.0,0.0,0.0,0.0,6555.0,-8608231424.0,0.0,2.718442270659078e+23,2.7184525388662284e+23,0.0,-0.0,0.0,0.0,2.004,2.004,223,-71.629,0.0,0.0,0.0,0.0,0.0,0.0,0.0,0.0,0,0,0,-6.4454911430215116e+25,-10669210468352.0,1.817103370452193e+22,0.0,3.260985533665512e+37,-0.0,0.0,3.577979630273634e+36,7611168.0,-4.940823152944459e+20,-0.0,1771717.125,0.0,0.0,0.0,11.265,0,1.3516416376850534e+27,223,0.0,446,0.0,0.0,2114,13107,17110,13107,17112,0,17095,0,0,0,101,100,100,-0.0,63.9,-0.0,64.2,2.7302334150594743e+23,64.0,1,49,50,180,0,0,0,0,0.0,0.0,0.0,60.0,-2.954623856466804e+36,70.5,0.0,-0.0,0.0,1070,0,1070,0,0,0,1070,0,1081,0,996,0,642,0,643,0,639,0,677,0.032,8.005886927989945e+21,2.004,2.73023467606737e+23,13456,16813,-2.6146556715403565e+32,-4.3900691409688506e+25,1.8629784774084696e+24,0.382,0.0,0.0,50.0,60.0,35,0.0,0.0,10.0,2.0,0.0,0.0,0.0,0.0,0.0,0.0,0.0,0.0,0.0,0.0,0.0,0.0,58.8,52,13,65511,27,65476,0,300,0,0,8,20529,65476,0,0,30147,60.0,0.0,10.0,10.0,2.0,0.0
2026-02-16T12:12:03,ERR,ERR,ERR,ERR,ERR,ERR,ERR,ERR,ERR,ERR,ERR,ERR,ERR,ERR,ERR,ERR,ERR,ERR,ERR,ERR,ERR,ERR,ERR,ERR,ERR,ERR,ERR,ERR,ERR,ERR,ERR,ERR,ERR,ERR,ERR,ERR,ERR,ERR,ERR,ERR,ERR,ERR,ERR,ERR,ERR,ERR,ERR,ERR,ERR,ERR,ERR,ERR,ERR,ERR,ERR,ERR,ERR,ERR,ERR,ERR,ERR,ERR,ERR,ERR,ERR,ERR,ERR,ERR,ERR,ERR,ERR,ERR,ERR,ERR,ERR,ERR,ERR,ERR,ERR,ERR,ERR,ERR,ERR,ERR,ERR,ERR,ERR,ERR,ERR,ERR,ERR,ERR,ERR,ERR,ERR,ERR,ERR,ERR,ERR,ERR,ERR,ERR,ERR,ERR,ERR,ERR,ERR,ERR,ERR,ERR,ERR,ERR,ERR,ERR,ERR,ERR,ERR,ERR,ERR,ERR,ERR,ERR,ERR,ERR,ERR,2.718442270659078e+23,2.7184525388662284e+23,-107089984.0,-0.0,-0.0,-0.0,-0.0,-0.0,4300,0,8,17170,4300,-0.0,39,0.0,0.0,-0.0,0.0,-0.0,0,0,0,0,0.0,0,0,0,0,0,0,0,0,0,0,0,0,0,0,0,0,0,0,0,0,0,0,0,0,0,0,0,0,0,0,0,0,0,12,35,35,46,65476,382,65476,1,0,4,21553,0.0,-0.0,8.835944035779067e+32,0.0,0.0,0.0,0.0,0.0,0.0,0.0,0.0,0.0,0.0,0.0,0.0,0.0,0.0,0.0,0.0,0.0,0.0,2.004,-0.0,2.004,-0.0,-0.0,0.0,0.0,0.0,0.0,6556.0,-0.0,0.0,2.718442270659078e+23,2.7184525388662284e+23,0.0,-0.0,0.0,0.0,2.004,2.004,223,-107614784.0,0.0,0.0,0.0,0.0,0.0,0.0,0.0,0.0,0,0,0,-8.700102360702577e+31,5.379290347555521e+22,1.6168826731468642e+30,30.532,-0.0,-3.162208891484063e+25,0.0,1.840211918618596e+27,432.549,-5.2636411742343764e+20,-0.0,1870021.125,0.0,0.0,0.0,0.0,0,1.3516416376850534e+27,223,0.0,446,-0.0,-1814072448.0,2114,13107,17110,13107,17112,0,17095,0,0,0,101,100,100,-0.0,63.9,-0.0,64.2,2.7302334150594743e+23,64.0,1,49,50,180,0,0,0,0,0.0,0.0,0.0,60.0,-2.954623856466804e+36,70.5,0.0,-0.0,0.0,1070,0,1070,0,0,0,1070,0,1081,0,996,0,642,0,643,0,639,0,677,0.032,8.005886927989945e+21,2.004,2.73023467606737e+23,13456,16813,-2.6146556715403565e+32,-4.3900691409688506e+25,1.8629784774084696e+24,0.382,0.0,0.0,50.0,60.0,35,0.0,0.0,10.0,2.0,0.0,0.0,0.0,0.0,0.0,0.0,0.0,0.0,0.0,0.0,0.0,0.0,58.8,52,13,65511,27,65476,0,300,0,0,8,20529,65476,0,0,30147,60.0,0.0,10.0,10.0,2.0,0.0
2026-02-16T12:12:04,ERR,ERR,ERR,ERR,ERR,ERR,ERR,ERR,ERR,ERR,ERR,ERR,ERR,ERR,ERR,ERR,ERR,ERR,ERR,ERR,ERR,ERR,ERR,ERR,ERR,ERR,ERR,ERR,ERR,ERR,ERR,ERR,ERR,ERR,ERR,ERR,ERR,ERR,ERR,ERR,ERR,ERR,ERR,ERR,ERR,ERR,ERR,ERR,ERR,ERR,ERR,ERR,ERR,ERR,ERR,ERR,ERR,ERR,ERR,ERR,ERR,ERR,ERR,ERR,ERR,ERR,ERR,ERR,ERR,ERR,ERR,ERR,ERR,ERR,ERR,ERR,ERR,ERR,ERR,ERR,ERR,ERR,ERR,ERR,ERR,ERR,ERR,ERR,ERR,ERR,ERR,ERR,ERR,ERR,ERR,ERR,ERR,ERR,ERR,ERR,ERR,ERR,ERR,ERR,ERR,ERR,ERR,ERR,ERR,ERR,ERR,ERR,ERR,ERR,ERR,ERR,ERR,ERR,ERR,ERR,ERR,ERR,ERR,ERR,ERR,2.718442270659078e+23,2.7184525388662284e+23,-107089984.0,-0.0,-0.0,-0.0,-0.0,-0.0,4300,0,8,17170,4300,-0.0,39,0.0,0.0,-0.0,0.0,-0.0,0,0,0,0,0.0,0,0,0,0,0,0,0,0,0,0,0,0,0,0,0,0,0,0,0,0,0,0,0,0,0,0,0,0,0,0,0,0,0,12,35,35,46,65476,382,65476,1,0,4,21553,0.0,-0.0,8.835944035779067e+32,0.0,0.0,0.0,0.0,0.0,0.0,0.0,0.0,0.0,0.0,0.0,0.0,0.0,0.0,0.0,0.0,0.0,0.0,2.004,-0.0,2.004,-0.0,-0.0,0.0,0.0,0.0,0.0,6556.0,-0.0,0.0,2.718442270659078e+23,2.7184525388662284e+23,0.0,-0.0,0.0,0.0,2.004,2.004,223,-107614784.0,0.0,0.0,0.0,0.0,0.0,0.0,0.0,0.0,0,0,0,-8.700102360702577e+31,5.379290347555521e+22,1.6168826731468642e+30,30.532,-0.0,-3.162208891484063e+25,0.0,1.840211918618596e+27,432.549,-5.2636411742343764e+20,-0.0,1870021.125,0.0,0.0,0.0,0.0,0,1.3516416376850534e+27,223,0.0,446,-0.0,-1814072448.0,2114,13107,17110,13107,17112,0,17095,0,0,0,101,100,100,-0.0,63.9,-0.0,64.2,2.7302334150594743e+23,64.0,1,49,50,180,0,0,0,0,0.0,0.0,0.0,60.0,0.0,71.0,0.0,2.1115129797460423e+31,0.0,1070,0,1070,0,0,0,1071,0,1081,0,995,0,642,0,643,0,639,0,677,0.032,8.005886927989945e+21,2.004,2.73023467606737e+23,18576,16813,-9.622621815848875e+34,-1.0762616658196016e+33,-0.0,-1.0822936400756231e+35,5645738496.0,-0.0,50.0,60.0,35,0.0,0.0,10.0,2.0,0.0,0.0,0.0,0.0,0.0,0.0,0.0,0.0,0.0,0.0,0.0,0.0,58.8,52,13,65511,27,65476,0,300,0,0,8,20529,65476,0,0,30147,60.0,0.0,10.0,10.0,2.0,0.0
2026-02-16T12:12:05,ERR,ERR,ERR,ERR,ERR,ERR,ERR,ERR,ERR,ERR,ERR,ERR,ERR,ERR,ERR,ERR,ERR,ERR,ERR,ERR,ERR,ERR,ERR,ERR,ERR,ERR,ERR,ERR,ERR,ERR,ERR,ERR,ERR,ERR,ERR,ERR,ERR,ERR,ERR,ERR,ERR,ERR,ERR,ERR,ERR,ERR,ERR,ERR,ERR,ERR,ERR,ERR,ERR,ERR,ERR,ERR,ERR,ERR,ERR,ERR,ERR,ERR,ERR,ERR,ERR,ERR,ERR,ERR,ERR,ERR,ERR,ERR,ERR,ERR,ERR,ERR,ERR,ERR,ERR,ERR,ERR,ERR,ERR,ERR,ERR,ERR,ERR,ERR,ERR,ERR,ERR,ERR,ERR,ERR,ERR,ERR,ERR,ERR,ERR,ERR,ERR,ERR,ERR,ERR,ERR,ERR,ERR,ERR,ERR,ERR,ERR,ERR,ERR,ERR,ERR,ERR,ERR,ERR,ERR,ERR,ERR,ERR,ERR,ERR,ERR,2.718442270659078e+23,2.7184525388662284e+23,-107089984.0,-0.0,-0.0,-0.0,-0.0,-0.0,4300,0,8,17170,4300,-0.0,39,0.0,0.0,-0.0,0.0,-0.0,0,0,0,0,0.0,0,0,0,0,0,0,0,0,0,0,0,0,0,0,0,0,0,0,0,0,0,0,0,0,0,0,0,0,0,0,0,0,0,12,35,35,46,65476,382,65476,1,0,4,21553,0.0,-0.0,8.835944035779067e+32,0.0,0.0,0.0,0.0,0.0,0.0,0.0,0.0,0.0,0.0,0.0,0.0,0.0,0.0,0.0,0.0,0.0,0.0,2.004,-0.0,2.004,-0.0,-0.0,0.0,0.0,0.0,0.0,6556.0,-0.0,0.0,2.718442270659078e+23,2.7184525388662284e+23,0.0,-0.0,0.0,0.0,2.004,2.004,223,-107614784.0,0.0,0.0,0.0,0.0,0.0,0.0,0.0,0.0,0,0,0,-8.700102360702577e+31,5.379290347555521e+22,1.6168826731468642e+30,30.532,-0.0,-3.162208891484063e+25,0.0,1.840211918618596e+27,432.549,-5.2636411742343764e+20,-0.0,1870021.125,0.0,0.0,0.0,0.0,0,1.3516416376850534e+27,223,0.0,446,-0.0,-1814072448.0,2114,13107,17110,13107,17112,0,17095,0,0,0,101,100,100,-0.0,63.9,-0.0,64.2,2.7302334150594743e+23,64.0,1,49,50,180,0,0,0,0,0.0,0.0,0.0,60.0,0.0,71.0,0.0,2.1115129797460423e+31,0.0,1070,0,1070,0,0,0,1071,0,1081,0,995,0,642,0,643,0,639,0,677,0.032,8.005886927989945e+21,2.004,2.73023467606737e+23,18576,16813,-9.622621815848875e+34,-1.0762616658196016e+33,-0.0,-1.0822936400756231e+35,5645738496.0,-0.0,50.0,60.0,35,0.0,0.0,10.0,2.0,0.0,0.0,0.0,0.0,0.0,0.0,0.0,0.0,0.0,0.0,0.0,0.0,58.8,52,13,65511,27,65476,0,65476,0,0,2,20529,65476,0,0,30147,60.0,0.0,10.0,10.0,2.0,0.0
2026-02-16T12:12:06,ERR,ERR,ERR,ERR,ERR,ERR,ERR,ERR,ERR,ERR,ERR,ERR,ERR,ERR,ERR,ERR,ERR,ERR,ERR,ERR,ERR,ERR,ERR,ERR,ERR,ERR,ERR,ERR,ERR,ERR,ERR,ERR,ERR,ERR,ERR,ERR,ERR,ERR,ERR,ERR,ERR,ERR,ERR,ERR,ERR,ERR,ERR,ERR,ERR,ERR,ERR,ERR,ERR,ERR,ERR,ERR,ERR,ERR,ERR,ERR,ERR,ERR,ERR,ERR,ERR,ERR,ERR,ERR,ERR,ERR,ERR,ERR,ERR,ERR,ERR,ERR,ERR,ERR,ERR,ERR,ERR,ERR,ERR,ERR,ERR,ERR,ERR,ERR,ERR,ERR,ERR,ERR,ERR,ERR,ERR,ERR,ERR,ERR,ERR,ERR,ERR,ERR,ERR,ERR,ERR,ERR,ERR,ERR,ERR,ERR,ERR,ERR,ERR,ERR,ERR,ERR,ERR,ERR,ERR,ERR,ERR,ERR,ERR,ERR,ERR,2.718442270659078e+23,2.7184525388662284e+23,-107089984.0,-0.0,-0.0,-0.0,-0.0,-0.0,4300,0,8,17170,4300,-0.0,39,0.0,0.0,-0.0,0.0,-0.0,0,0,0,0,0.0,0,0,0,0,0,0,0,0,0,0,0,0,0,0,0,0,0,0,0,0,0,0,0,0,0,0,0,0,0,0,0,0,0,12,35,35,46,65476,382,65476,1,0,4,21553,0.0,-0.0,8.835944035779067e+32,0.0,0.0,0.0,0.0,0.0,0.0,0.0,0.0,0.0,0.0,0.0,0.0,0.0,0.0,0.0,0.0,0.0,0.0,2.004,-0.0,2.004,-0.0,-0.0,0.0,0.0,0.0,0.0,6556.0,-0.0,0.0,2.718442270659078e+23,2.7184525388662284e+23,0.0,-0.0,0.0,0.0,2.004,2.004,223,-107614784.0,0.0,0.0,0.0,0.0,0.0,0.0,0.0,0.0,0,0,0,-8.700102360702577e+31,5.379290347555521e+22,1.6168826731468642e+30,30.532,-0.0,-3.162208891484063e+25,0.0,1.840211918618596e+27,432.549,-5.2636411742343764e+20,-0.0,1870021.125,0.0,0.0,0.0,0.0,0,1.3516416376850534e+27,223,0.0,446,-0.0,-1814072448.0,2114,13107,17110,13107,17112,0,17095,0,0,0,101,100,100,-0.0,63.9,-0.0,64.2,2.7302334150594743e+23,64.0,1,49,50,180,0,0,0,0,0.0,0.0,0.0,60.0,0.0,71.0,0.0,2.1115129797460423e+31,0.0,1070,0,1070,0,0,0,1071,0,1081,0,995,0,642,0,643,0,639,0,677,0.032,8.005886927989945e+21,2.004,2.73023467606737e+23,18576,16813,-9.622621815848875e+34,-1.0762616658196016e+33,-0.0,-1.0822936400756231e+35,5645738496.0,-0.0,50.0,60.0,35,0.0,0.0,10.0,2.0,0.0,0.0,0.0,0.0,0.0,0.0,0.0,0.0,0.0,0.0,0.0,0.0,58.8,52,13,65511,27,65476,0,65476,0,0,2,20529,65476,0,0,30147,60.0,0.0,10.0,10.0,2.0,0.0
2026-02-16T12:12:07,ERR,ERR,ERR,ERR,ERR,ERR,ERR,ERR,ERR,ERR,ERR,ERR,ERR,ERR,ERR,ERR,ERR,ERR,ERR,ERR,ERR,ERR,ERR,ERR,ERR,ERR,ERR,ERR,ERR,ERR,ERR,ERR,ERR,ERR,ERR,ERR,ERR,ERR,ERR,ERR,ERR,ERR,ERR,ERR,ERR,ERR,ERR,ERR,ERR,ERR,ERR,ERR,ERR,ERR,ERR,ERR,ERR,ERR,ERR,ERR,ERR,ERR,ERR,ERR,ERR,ERR,ERR,ERR,ERR,ERR,ERR,ERR,ERR,ERR,ERR,ERR,ERR,ERR,ERR,ERR,ERR,ERR,ERR,ERR,ERR,ERR,ERR,ERR,ERR,ERR,ERR,ERR,ERR,ERR,ERR,ERR,ERR,ERR,ERR,ERR,ERR,ERR,ERR,ERR,ERR,ERR,ERR,ERR,ERR,ERR,ERR,ERR,ERR,ERR,ERR,ERR,ERR,ERR,ERR,ERR,ERR,ERR,ERR,ERR,ERR,2.718442270659078e+23,2.7184525388662284e+23,-107089984.0,-0.0,-0.0,-0.0,-0.0,-0.0,4300,0,8,17170,4300,-0.0,39,0.0,0.0,-0.0,0.0,-0.0,0,0,0,0,0.0,0,0,0,0,0,0,0,0,0,0,0,0,0,0,0,0,0,0,0,0,0,0,0,0,0,0,0,0,0,0,0,0,0,12,35,35,46,65476,382,65476,1,0,4,21553,0.0,-0.0,8.835944035779067e+32,0.0,0.0,0.0,0.0,0.0,0.0,0.0,0.0,0.0,0.0,0.0,0.0,0.0,0.0,0.0,0.0,0.0,0.0,2.004,-0.0,2.004,-0.0,-0.0,0.0,0.0,0.0,0.0,6556.0,-0.0,0.0,2.718442270659078e+23,2.7184525388662284e+23,0.0,-0.0,0.0,0.0,2.004,2.004,223,-107614784.0,0.0,0.0,0.0,0.0,0.0,0.0,0.0,0.0,0,0,0,-8.700102360702577e+31,5.379290347555521e+22,1.6168826731468642e+30,30.532,-0.0,-3.162208891484063e+25,0.0,1.840211918618596e+27,432.549,-5.2636411742343764e+20,-0.0,1870021.125,0.0,0.0,0.0,0.0,0,1.3516416376850534e+27,223,0.0,446,-0.0,-1814072448.0,2114,13107,17110,13107,17112,0,17095,0,0,0,101,100,100,-0.0,63.9,-0.0,64.2,2.7302334150594743e+23,64.0,1,49,50,180,0,0,0,0,0.0,0.0,0.0,60.0,0.0,71.0,0.0,2.1115129797460423e+31,0.0,1070,0,1070,0,0,0,1071,0,1081,0,995,0,642,0,643,0,639,0,677,0.032,8.005886927989945e+21,2.004,2.73023467606737e+23,18576,16813,-9.622621815848875e+34,-1.0762616658196016e+33,-0.0,-1.0822936400756231e+35,5645738496.0,-0.0,50.0,60.0,35,0.0,0.0,10.0,2.0,0.0,0.0,0.0,0.0,0.0,0.0,0.0,0.0,0.0,0.0,0.0,0.0,58.8,52,13,65511,27,65476,0,65476,1,0,4,20529,65476,0,0,30147,60.0,0.0,10.0,10.0,2.0,0.0
2026-02-16T12:12:08,ERR,ERR,ERR,ERR,ERR,ERR,ERR,ERR,ERR,ERR,ERR,ERR,ERR,ERR,ERR,ERR,ERR,ERR,ERR,ERR,ERR,ERR,ERR,ERR,ERR,ERR,ERR,ERR,ERR,ERR,ERR,ERR,ERR,ERR,ERR,ERR,ERR,ERR,ERR,ERR,ERR,ERR,ERR,ERR,ERR,ERR,ERR,ERR,ERR,ERR,ERR,ERR,ERR,ERR,ERR,ERR,ERR,ERR,ERR,ERR,ERR,ERR,ERR,ERR,ERR,ERR,ERR,ERR,ERR,ERR,ERR,ERR,ERR,ERR,ERR,ERR,ERR,ERR,ERR,ERR,ERR,ERR,ERR,ERR,ERR,ERR,ERR,ERR,ERR,ERR,ERR,ERR,ERR,ERR,ERR,ERR,ERR,ERR,ERR,ERR,ERR,ERR,ERR,ERR,ERR,ERR,ERR,ERR,ERR,ERR,ERR,ERR,ERR,ERR,ERR,ERR,ERR,ERR,ERR,ERR,ERR,ERR,ERR,ERR,ERR,2.718442270659078e+23,2.7184525388662284e+23,-107089984.0,-0.0,-0.0,4.182963911244731e+27,350775.562,-0.209,4300,0,8,17170,4300,-0.0,39,0.0,0.0,-0.0,0.0,2.7184166902131945e+23,0,0,0,0,0.0,0,0,0,0,0,0,0,0,0,0,0,0,0,0,0,0,0,0,0,0,0,0,0,0,0,0,0,0,0,0,0,0,0,12,35,35,47,65476,384,65476,1,0,4,21553,0.0,0.0,0.0,0.0,0.0,0.0,0.0,0.0,0.0,0.0,0.0,0.0,0.0,0.0,0.0,0.0,0.0,0.0,0.0,0.0,0.0,2.004,-0.0,0.0,-0.0,-0.0,0.0,0.0,0.0,0.0,6529.0,-0.0,0.0,2.718442270659078e+23,107616344.0,0.0,-107616280.0,0.0,0.0,2.004,2.004,223,0.0,-2.7184278591402704e+23,0.0,0.0,0.0,0.0,0.0,0.0,0.0,0,0,0,-9.240515776123799e+30,-2.382086572867584e+16,-0.0,-0.88,-0.0,-0.0,13171701760.0,0.0,0.104,-5.517283905247883e+20,-0.0,1976517.125,0.0,0.0,0.0,5.518674424238895e+26,0,1.3516416376850534e+27,223,0.0,446,0.0,0.0,2114,0,17110,13107,17112,0,17095,0,0,0,101,100,100,-0.0,63.9,-0.0,64.2,2.7302334150594743e+23,64.0,1,49,50,180,0,0,0,0,0.0,0.0,0.0,60.0,0.0,71.0,0.0,0.0,0.0,1070,0,1070,0,0,0,1071,0,1081,0,995,0,642,0,644,0,639,0,677,0.032,7.932099951695107e+21,2.004,2.73023467606737e+23,38032,16813,0.0,0.0,-0.039,1.637091862214869e+18,3.909926933362048e+36,7.806669297753286e+22,50.0,60.0,35,0.0,0.0,10.0,2.0,0.0,0.0,0.0,0.0,0.0,0.0,0.0,0.0,0.0,0.0,0.0,0.0,59.2,52,13,65511,27,65476,0,65476,1,0,4,20529,65476,0,0,30147,60.0,0.0,10.0,10.0,2.0,0.0
2026-02-16T12:12:09,ERR,ERR,ERR,ERR,ERR,ERR,ERR,ERR,ERR,ERR,ERR,ERR,ERR,ERR,ERR,ERR,ERR,ERR,ERR,ERR,ERR,ERR,ERR,ERR,ERR,ERR,ERR,ERR,ERR,ERR,ERR,ERR,ERR,ERR,ERR,ERR,ERR,ERR,ERR,ERR,ERR,ERR,ERR,ERR,ERR,ERR,ERR,ERR,ERR,ERR,ERR,ERR,ERR,ERR,ERR,ERR,ERR,ERR,ERR,ERR,ERR,ERR,ERR,ERR,ERR,ERR,ERR,ERR,ERR,ERR,ERR,ERR,ERR,ERR,ERR,ERR,ERR,ERR,ERR,ERR,ERR,ERR,ERR,ERR,ERR,ERR,ERR,ERR,ERR,ERR,ERR,ERR,ERR,ERR,ERR,ERR,ERR,ERR,ERR,ERR,ERR,ERR,ERR,ERR,ERR,ERR,ERR,ERR,ERR,ERR,ERR,ERR,ERR,ERR,ERR,ERR,ERR,ERR,ERR,ERR,ERR,ERR,ERR,ERR,ERR,2.718442270659078e+23,2.7184525388662284e+23,-107089984.0,-0.0,-0.0,4.182963911244731e+27,350775.562,-0.209,4300,0,8,17170,4300,-0.0,39,0.0,0.0,-0.0,0.0,2.7184166902131945e+23,0,0,0,0,0.0,0,0,0,0,0,0,0,0,0,0,0,0,0,0,0,0,0,0,0,0,0,0,0,0,0,0,0,0,0,0,0,0,0,12,35,35,47,65476,384,65476,1,0,4,21553,0.0,0.0,0.0,0.0,0.0,0.0,0.0,0.0,0.0,0.0,0.0,0.0,0.0,0.0,0.0,0.0,0.0,0.0,0.0,0.0,0.0,2.004,-0.0,0.0,-0.0,-0.0,0.0,0.0,0.0,0.0,6529.0,-0.0,0.0,2.718442270659078e+23,107616344.0,0.0,-107616280.0,0.0,0.0,2.004,2.004,223,0.0,-2.7184278591402704e+23,0.0,0.0,0.0,0.0,0.0,0.0,0.0,0,0,0,-9.240515776123799e+30,-2.382086572867584e+16,-0.0,-0.88,-0.0,-0.0,13171701760.0,0.0,0.104,-5.517283905247883e+20,-0.0,1976517.125,0.0,0.0,0.0,5.518674424238895e+26,0,1.3516416376850534e+27,223,0.0,446,0.0,0.0,2114,0,17110,13107,17112,0,17095,0,0,0,101,100,100,-0.0,63.9,-0.0,64.2,2.7302334150594743e+23,64.0,1,49,50,180,0,0,0,0,0.0,0.0,0.0,60.0,0.0,71.0,0.0,0.0,0.0,1070,0,1070,0,0,0,1071,0,1081,0,995,0,642,0,644,0,639,0,677,0.032,7.932099951695107e+21,2.004,2.73023467606737e+23,38032,16813,0.0,0.0,-0.039,1.637091862214869e+18,3.909926933362048e+36,7.806669297753286e+22,50.0,60.0,35,0.0,0.0,10.0,2.0,0.0,0.0,0.0,0.0,0.0,0.0,0.0,0.0,0.0,0.0,0.0,0.0,59.2,52,13,65511,27,65476,0,65476,1,0,4,20529,65476,0,0,30147,60.0,0.0,10.0,10.0,2.0,0.0
2026-02-16T12:12:10,ERR,ERR,ERR,ERR,ERR,ERR,ERR,ERR,ERR,ERR,ERR,ERR,ERR,ERR,ERR,ERR,ERR,ERR,ERR,ERR,ERR,ERR,ERR,ERR,ERR,ERR,ERR,ERR,ERR,ERR,ERR,ERR,ERR,ERR,ERR,ERR,ERR,ERR,ERR,ERR,ERR,ERR,ERR,ERR,ERR,ERR,ERR,ERR,ERR,ERR,ERR,ERR,ERR,ERR,ERR,ERR,ERR,ERR,ERR,ERR,ERR,ERR,ERR,ERR,ERR,ERR,ERR,ERR,ERR,ERR,ERR,ERR,ERR,ERR,ERR,ERR,ERR,ERR,ERR,ERR,ERR,ERR,ERR,ERR,ERR,ERR,ERR,ERR,ERR,ERR,ERR,ERR,ERR,ERR,ERR,ERR,ERR,ERR,ERR,ERR,ERR,ERR,ERR,ERR,ERR,ERR,ERR,ERR,ERR,ERR,ERR,ERR,ERR,ERR,ERR,ERR,ERR,ERR,ERR,ERR,ERR,ERR,ERR,ERR,ERR,2.718442270659078e+23,2.7184525388662284e+23,-107089984.0,-0.0,-0.0,4.182963911244731e+27,350775.562,-0.209,4300,0,8,17170,4300,-0.0,39,0.0,0.0,-0.0,0.0,2.7184166902131945e+23,0,0,0,0,0.0,0,0,0,0,0,0,0,0,0,0,0,0,0,0,0,0,0,0,0,0,0,0,0,0,0,0,0,0,0,0,0,0,0,12,35,35,47,65476,384,65476,1,0,4,21553,0.0,0.0,0.0,0.0,0.0,0.0,0.0,0.0,0.0,0.0,0.0,0.0,0.0,0.0,0.0,0.0,0.0,0.0,0.0,0.0,0.0,2.004,-0.0,0.0,-0.0,-0.0,0.0,0.0,0.0,0.0,6529.0,-0.0,0.0,2.718442270659078e+23,107616344.0,0.0,-107616280.0,0.0,0.0,2.004,2.004,223,0.0,-2.7184278591402704e+23,0.0,0.0,0.0,0.0,0.0,0.0,0.0,0,0,0,-9.240515776123799e+30,-2.382086572867584e+16,-0.0,-0.88,-0.0,-0.0,13171701760.0,0.0,0.104,-5.517283905247883e+20,-0.0,1976517.125,0.0,0.0,0.0,5.518674424238895e+26,0,1.3516416376850534e+27,223,0.0,446,0.0,0.0,2114,0,17110,13107,17112,0,17095,0,0,0,101,100,100,-0.0,63.9,-0.0,64.2,2.7302334150594743e+23,64.0,1,49,50,180,0,0,0,0,0.0,0.0,0.0,60.0,0.0,71.0,0.0,0.0,0.0,1070,0,1070,0,0,0,1071,0,1081,0,995,0,642,0,644,0,639,0,677,0.032,7.932099951695107e+21,2.004,2.73023467606737e+23,38032,16813,0.0,0.0,-0.039,1.637091862214869e+18,3.909926933362048e+36,7.806669297753286e+22,50.0,60.0,35,0.0,0.0,10.0,2.0,0.0,0.0,0.0,0.0,0.0,0.0,0.0,0.0,0.0,0.0,0.0,0.0,59.2,52,13,65511,27,65476,78,65476,1,0,4,20529,65476,0,0,30147,60.0,0.0,10.0,10.0,2.0,0.0
2026-02-16T12:12:11,ERR,ERR,ERR,ERR,ERR,ERR,ERR,ERR,ERR,ERR,ERR,ERR,ERR,ERR,ERR,ERR,ERR,ERR,ERR,ERR,ERR,ERR,ERR,ERR,ERR,ERR,ERR,ERR,ERR,ERR,ERR,ERR,ERR,ERR,ERR,ERR,ERR,ERR,ERR,ERR,ERR,ERR,ERR,ERR,ERR,ERR,ERR,ERR,ERR,ERR,ERR,ERR,ERR,ERR,ERR,ERR,ERR,ERR,ERR,ERR,ERR,ERR,ERR,ERR,ERR,ERR,ERR,ERR,ERR,ERR,ERR,ERR,ERR,ERR,ERR,ERR,ERR,ERR,ERR,ERR,ERR,ERR,ERR,ERR,ERR,ERR,ERR,ERR,ERR,ERR,ERR,ERR,ERR,ERR,ERR,ERR,ERR,ERR,ERR,ERR,ERR,ERR,ERR,ERR,ERR,ERR,ERR,ERR,ERR,ERR,ERR,ERR,ERR,ERR,ERR,ERR,ERR,ERR,ERR,ERR,ERR,ERR,ERR,ERR,ERR,2.718442270659078e+23,2.7184525388662284e+23,-107089984.0,-0.0,-0.0,4.182963911244731e+27,350775.562,-0.209,4300,0,8,17170,4300,-0.0,39,0.0,0.0,-0.0,0.0,2.7184166902131945e+23,0,0,0,0,0.0,0,0,0,0,0,0,0,0,0,0,0,0,0,0,0,0,0,0,0,0,0,0,0,0,0,0,0,0,0,0,0,0,0,12,35,35,47,65476,384,65476,1,0,4,21553,0.0,0.0,0.0,0.0,0.0,0.0,0.0,0.0,0.0,0.0,0.0,0.0,0.0,0.0,0.0,0.0,0.0,0.0,0.0,0.0,0.0,2.004,-0.0,0.0,-0.0,-0.0,0.0,0.0,0.0,0.0,6529.0,-0.0,0.0,2.718442270659078e+23,107616344.0,0.0,-107616280.0,0.0,0.0,2.004,2.004,223,0.0,-2.7184278591402704e+23,0.0,0.0,0.0,0.0,0.0,0.0,0.0,0,0,0,-9.240515776123799e+30,-2.382086572867584e+16,-0.0,-0.88,-0.0,-0.0,13171701760.0,0.0,0.104,-5.517283905247883e+20,-0.0,1976517.125,0.0,0.0,0.0,5.518674424238895e+26,0,1.3516416376850534e+27,223,0.0,446,0.0,0.0,2114,13107,17110,13107,17112,13107,17095,0,0,0,101,100,100,-0.0,63.9,-0.0,64.2,2.7302334150594743e+23,64.0,1,49,50,180,0,0,0,0,0.0,0.0,0.0,60.0,0.0,71.0,0.0,-0.0,0.0,1070,0,1071,0,0,0,1070,0,1081,0,996,0,642,0,643,0,639,0,676,0.032,7.968993439842526e+21,0.0,0.0,17808,16813,0.0,0.548,-685058.125,22.594,-0.0,3.052297798309609e+28,50.0,60.0,35,0.0,0.0,10.0,2.0,0.0,0.0,0.0,0.0,0.0,0.0,0.0,0.0,0.0,0.0,0.0,0.0,59.2,52,13,65511,27,65476,78,65476,1,0,4,20529,65476,0,0,30147,60.0,0.0,10.0,10.0,2.0,0.0
2026-02-16T12:12:12,ERR,ERR,ERR,ERR,ERR,ERR,ERR,ERR,ERR,ERR,ERR,ERR,ERR,ERR,ERR,ERR,ERR,ERR,ERR,ERR,ERR,ERR,ERR,ERR,ERR,ERR,ERR,ERR,ERR,ERR,ERR,ERR,ERR,ERR,ERR,ERR,ERR,ERR,ERR,ERR,ERR,ERR,ERR,ERR,ERR,ERR,ERR,ERR,ERR,ERR,ERR,ERR,ERR,ERR,ERR,ERR,ERR,ERR,ERR,ERR,ERR,ERR,ERR,ERR,ERR,ERR,ERR,ERR,ERR,ERR,ERR,ERR,ERR,ERR,ERR,ERR,ERR,ERR,ERR,ERR,ERR,ERR,ERR,ERR,ERR,ERR,ERR,ERR,ERR,ERR,ERR,ERR,ERR,ERR,ERR,ERR,ERR,ERR,ERR,ERR,ERR,ERR,ERR,ERR,ERR,ERR,ERR,ERR,ERR,ERR,ERR,ERR,ERR,ERR,ERR,ERR,ERR,ERR,ERR,ERR,ERR,ERR,ERR,ERR,ERR,2.718442270659078e+23,107616344.0,2.742017713988437e+23,-0.0,0.0,-9232.267,-2.817869974947758e+17,-4.2894705474888525e+29,4300,0,8,17170,4300,-0.0,38,0.0,0.0,-0.0,0.0,2.7184166902131945e+23,0,0,0,0,0.0,0,0,0,0,0,0,0,0,0,0,0,0,0,0,0,0,0,0,0,0,0,0,0,0,0,0,0,0,0,0,0,0,0,12,35,35,47,65476,387,65476,1,0,4,21553,0.0,-0.0,0.0,0.0,0.0,0.0,0.0,0.0,0.0,0.0,0.0,0.0,0.0,0.0,0.0,0.0,0.0,0.0,0.0,0.0,0.0,2.004,-0.0,0.0,-0.0,-2.004,0.0,0.0,0.0,0.0,6530.0,-0.0,0.0,2.718442270659078e+23,107616344.0,0.0,-2.7184510977143476e+23,0.0,0.0,2.004,2.004,223,0.0,-3.222024165466893e+26,0.0,0.0,0.0,0.0,0.0,0.0,0.0,0,0,0,-1.2024322823586944e+29,-0.0,3.189681256982868e+33,-0.0,-0.0,160263962624.0,-0.0,-0.0,-0.0,-5.817043496445663e+20,-0.0,2066629.125,0.0,0.0,0.0,46143.238,0,1.3516416376850534e+27,223,0.0,446,-2.637553503966331e+17,5.31076386765574e+19,2114,13107,17110,13107,17112,13107,17095,0,0,0,101,100,100,-0.0,63.9,-0.0,64.2,2.7302334150594743e+23,64.0,1,49,50,180,0,0,0,0,0.0,0.0,0.0,60.0,0.0,71.0,0.0,-0.0,0.0,1070,0,1071,0,0,0,1070,0,1081,0,996,0,642,0,643,0,639,0,676,0.032,7.968993439842526e+21,0.0,0.0,17808,16813,0.0,0.548,-685058.125,22.594,-0.0,3.052297798309609e+28,50.0,60.0,35,0.0,0.0,10.0,2.0,0.0,0.0,0.0,0.0,0.0,0.0,0.0,0.0,0.0,0.0,0.0,0.0,58.8,50,14,65512,27,65476,237,65476,1,0,4,20529,65476,0,0,30147,60.0,0.0,10.0,10.0,2.0,0.0
2026-02-16T12:12:13,ERR,ERR,ERR,ERR,ERR,ERR,ERR,ERR,ERR,ERR,ERR,ERR,ERR,ERR,ERR,ERR,ERR,ERR,ERR,ERR,ERR,ERR,ERR,ERR,ERR,ERR,ERR,ERR,ERR,ERR,ERR,ERR,ERR,ERR,ERR,ERR,ERR,ERR,ERR,ERR,ERR,ERR,ERR,ERR,ERR,ERR,ERR,ERR,ERR,ERR,ERR,ERR,ERR,ERR,ERR,ERR,ERR,ERR,ERR,ERR,ERR,ERR,ERR,ERR,ERR,ERR,ERR,ERR,ERR,ERR,ERR,ERR,ERR,ERR,ERR,ERR,ERR,ERR,ERR,ERR,ERR,ERR,ERR,ERR,ERR,ERR,ERR,ERR,ERR,ERR,ERR,ERR,ERR,ERR,ERR,ERR,ERR,ERR,ERR,ERR,ERR,ERR,ERR,ERR,ERR,ERR,ERR,ERR,ERR,ERR,ERR,ERR,ERR,ERR,ERR,ERR,ERR,ERR,ERR,ERR,ERR,ERR,ERR,ERR,ERR,2.718442270659078e+23,107616344.0,2.742017713988437e+23,-0.0,0.0,-9232.267,-2.817869974947758e+17,-4.2894705474888525e+29,4300,0,8,17170,4300,-0.0,38,0.0,0.0,-0.0,0.0,2.7184166902131945e+23,0,0,0,0,0.0,0,0,0,0,0,0,0,0,0,0,0,0,0,0,0,0,0,0,0,0,0,0,0,0,0,0,0,0,0,0,0,0,0,12,35,35,47,65476,387,65476,1,0,4,21553,0.0,-0.0,0.0,0.0,0.0,0.0,0.0,0.0,0.0,0.0,0.0,0.0,0.0,0.0,0.0,0.0,0.0,0.0,0.0,0.0,0.0,2.004,-0.0,0.0,-0.0,-2.004,0.0,0.0,0.0,0.0,6530.0,-0.0,0.0,2.718442270659078e+23,107616344.0,0.0,-2.7184510977143476e+23,0.0,0.0,2.004,2.004,223,0.0,-3.222024165466893e+26,0.0,0.0,0.0,0.0,0.0,0.0,0.0,0,0,0,-1.2024322823586944e+29,-0.0,3.189681256982868e+33,-0.0,-0.0,160263962624.0,-0.0,-0.0,-0.0,-5.817043496445663e+20,-0.0,2066629.125,0.0,0.0,0.0,46143.238,0,1.3516416376850534e+27,223,0.0,446,-2.637553503966331e+17,5.31076386765574e+19,2114,13107,17110,13107,17112,13107,17095,0,0,0,101,100,100,-0.0,63.9,-0.0,64.2,2.7302334150594743e+23,64.0,1,49,50,180,0,0,0,0,0.0,0.0,0.0,60.0,0.0,71.0,0.0,-0.0,0.0,1070,0,1071,0,0,0,1070,0,1081,0,996,0,642,0,643,0,639,0,676,0.032,7.968993439842526e+21,0.0,0.0,17808,16813,0.0,0.548,-685058.125,22.594,-0.0,3.052297798309609e+28,50.0,60.0,35,0.0,0.0,10.0,2.0,0.0,0.0,0.0,0.0,0.0,0.0,0.0,0.0,0.0,0.0,0.0,0.0,58.8,50,14,65512,27,65476,237,65476,1,0,4,20529,65476,0,0,30147,60.0,0.0,10.0,10.0,2.0,0.0
2026-02-16T12:12:14,ERR,ERR,ERR,ERR,ERR,ERR,ERR,ERR,ERR,ERR,ERR,ERR,ERR,ERR,ERR,ERR,ERR,ERR,ERR,ERR,ERR,ERR,ERR,ERR,ERR,ERR,ERR,ERR,ERR,ERR,ERR,ERR,ERR,ERR,ERR,ERR,ERR,ERR,ERR,ERR,ERR,ERR,ERR,ERR,ERR,ERR,ERR,ERR,ERR,ERR,ERR,ERR,ERR,ERR,ERR,ERR,ERR,ERR,ERR,ERR,ERR,ERR,ERR,ERR,ERR,ERR,ERR,ERR,ERR,ERR,ERR,ERR,ERR,ERR,ERR,ERR,ERR,ERR,ERR,ERR,ERR,ERR,ERR,ERR,ERR,ERR,ERR,ERR,ERR,ERR,ERR,ERR,ERR,ERR,ERR,ERR,ERR,ERR,ERR,ERR,ERR,ERR,ERR,ERR,ERR,ERR,ERR,ERR,ERR,ERR,ERR,ERR,ERR,ERR,ERR,ERR,ERR,ERR,ERR,ERR,ERR,ERR,ERR,ERR,ERR,2.718442270659078e+23,107616344.0,2.742017713988437e+23,-0.0,0.0,-9232.267,-2.817869974947758e+17,-4.2894705474888525e+29,4300,0,8,17170,4300,-0.0,38,0.0,0.0,-0.0,0.0,2.7184166902131945e+23,0,0,0,0,0.0,0,0,0,0,0,0,0,0,0,0,0,0,0,0,0,0,0,0,0,0,0,0,0,0,0,0,0,0,0,0,0,0,0,12,35,35,47,65476,387,65476,1,0,4,21553,0.0,-0.0,0.0,0.0,0.0,0.0,0.0,0.0,0.0,0.0,0.0,0.0,0.0,0.0,0.0,0.0,0.0,0.0,0.0,0.0,0.0,2.004,-0.0,0.0,-0.0,-2.004,0.0,0.0,0.0,0.0,6530.0,-0.0,0.0,2.718442270659078e+23,107616344.0,0.0,-2.7184510977143476e+23,0.0,0.0,2.004,2.004,223,0.0,-3.222024165466893e+26,0.0,0.0,0.0,0.0,0.0,0.0,0.0,0,0,0,-1.2024322823586944e+29,-0.0,3.189681256982868e+33,-0.0,-0.0,160263962624.0,-0.0,-0.0,-0.0,-5.817043496445663e+20,-0.0,2066629.125,0.0,0.0,0.0,46143.238,0,1.3516416376850534e+27,223,0.0,446,-2.637553503966331e+17,5.31076386765574e+19,2114,13107,17110,13107,17112,13107,17095,0,0,0,101,100,100,-0.0,63.95,-107615232.0,64.2,2.7302334150594743e+23,64.0,1,49,50,180,0,0,0,0,0.0,0.0,0.0,60.0,-6.110866748192741e+30,70.5,0.0,-0.0,0.0,1070,0,1070,0,0,0,1071,0,1081,0,996,0,642,0,644,0,639,0,676,0.032,8.042780416137365e+21,0.0,0.0,22928,16813,0.0,4.0660561165394084e+24,-3.602608977480371e+27,-5.511996116335396e+22,-0.0,-0.0,50.0,60.0,35,0.0,0.0,10.0,2.0,0.0,0.0,0.0,0.0,0.0,0.0,0.0,0.0,0.0,0.0,0.0,0.0,58.8,48,15,65514,27,65476,398,65476,1,0,4,20529,65476,0,0,30147,60.0,0.0,10.0,10.0,2.0,0.0
2026-02-16T12:12:15,ERR,ERR,ERR,ERR,ERR,ERR,ERR,ERR,ERR,ERR,ERR,ERR,ERR,ERR,ERR,ERR,ERR,ERR,ERR,ERR,ERR,ERR,ERR,ERR,ERR,ERR,ERR,ERR,ERR,ERR,ERR,ERR,ERR,ERR,ERR,ERR,ERR,ERR,ERR,ERR,ERR,ERR,ERR,ERR,ERR,ERR,ERR,ERR,ERR,ERR,ERR,ERR,ERR,ERR,ERR,ERR,ERR,ERR,ERR,ERR,ERR,ERR,ERR,ERR,ERR,ERR,ERR,ERR,ERR,ERR,ERR,ERR,ERR,ERR,ERR,ERR,ERR,ERR,ERR,ERR,ERR,ERR,ERR,ERR,ERR,ERR,ERR,ERR,ERR,ERR,ERR,ERR,ERR,ERR,ERR,ERR,ERR,ERR,ERR,ERR,ERR,ERR,ERR,ERR,ERR,ERR,ERR,ERR,ERR,ERR,ERR,ERR,ERR,ERR,ERR,ERR,ERR,ERR,ERR,ERR,ERR,ERR,ERR,ERR,ERR,2.718442270659078e+23,107616344.0,2.742017713988437e+23,-0.0,0.0,-9232.267,-2.817869974947758e+17,-4.2894705474888525e+29,4300,0,8,17170,4300,-0.0,38,0.0,0.0,-0.0,0.0,2.7184166902131945e+23,0,0,0,0,0.0,0,0,0,0,0,0,0,0,0,0,0,0,0,0,0,0,0,0,0,0,0,0,0,0,0,0,0,0,0,0,0,0,0,12,35,35,47,65476,387,65476,1,0,4,21553,0.0,-0.0,0.0,0.0,0.0,0.0,0.0,0.0,0.0,0.0,0.0,0.0,0.0,0.0,0.0,0.0,0.0,0.0,0.0,0.0,0.0,2.004,-0.0,0.0,-0.0,-2.004,0.0,0.0,0.0,0.0,6530.0,-0.0,0.0,2.718442270659078e+23,107616344.0,0.0,-2.7184510977143476e+23,0.0,0.0,2.004,2.004,223,0.0,-3.222024165466893e+26,0.0,0.0,0.0,0.0,0.0,0.0,0.0,0,0,0,-1.2024322823586944e+29,-0.0,3.189681256982868e+33,-0.0,-0.0,160263962624.0,-0.0,-0.0,-0.0,-5.817043496445663e+20,-0.0,2066629.125,0.0,0.0,0.0,46143.238,0,1.3516416376850534e+27,223,0.0,446,-2.637553503966331e+17,5.31076386765574e+19,2114,13107,17110,13107,17112,13107,17095,0,0,0,101,100,100,-0.0,63.95,-107615232.0,64.2,2.7302334150594743e+23,64.0,1,49,50,180,0,0,0,0,0.0,0.0,0.0,60.0,-6.110866748192741e+30,70.5,0.0,-0.0,0.0,1070,0,1070,0,0,0,1071,0,1081,0,996,0,642,0,644,0,639,0,676,0.032,8.042780416137365e+21,0.0,0.0,22928,16813,0.0,4.0660561165394084e+24,-3.602608977480371e+27,-5.511996116335396e+22,-0.0,-0.0,50.0,60.0,35,0.0,0.0,10.0,2.0,0.0,0.0,0.0,0.0,0.0,0.0,0.0,0.0,0.0,0.0,0.0,0.0,59.2,47,16,65515,27,65476,478,65476,1,0,4,20529,65476,0,0,30147,60.0,0.0,10.0,10.0,2.0,0.0
2026-02-16T12:12:16,ERR,ERR,ERR,ERR,ERR,ERR,ERR,ERR,ERR,ERR,ERR,ERR,ERR,ERR,ERR,ERR,ERR,ERR,ERR,ERR,ERR,ERR,ERR,ERR,ERR,ERR,ERR,ERR,ERR,ERR,ERR,ERR,ERR,ERR,ERR,ERR,ERR,ERR,ERR,ERR,ERR,ERR,ERR,ERR,ERR,ERR,ERR,ERR,ERR,ERR,ERR,ERR,ERR,ERR,ERR,ERR,ERR,ERR,ERR,ERR,ERR,ERR,ERR,ERR,ERR,ERR,ERR,ERR,ERR,ERR,ERR,ERR,ERR,ERR,ERR,ERR,ERR,ERR,ERR,ERR,ERR,ERR,ERR,ERR,ERR,ERR,ERR,ERR,ERR,ERR,ERR,ERR,ERR,ERR,ERR,ERR,ERR,ERR,ERR,ERR,ERR,ERR,ERR,ERR,ERR,ERR,ERR,ERR,ERR,ERR,ERR,ERR,ERR,ERR,ERR,ERR,ERR,ERR,ERR,ERR,ERR,ERR,ERR,ERR,ERR,2.718442270659078e+23,107616344.0,2.742017713988437e+23,-0.0,0.0,-9232.267,-2.817869974947758e+17,-4.2894705474888525e+29,4300,0,8,17170,4300,-0.0,38,0.0,0.0,-0.0,0.0,2.7184166902131945e+23,0,0,0,0,0.0,0,0,0,0,0,0,0,0,0,0,0,0,0,0,0,0,0,0,0,0,0,0,0,0,0,0,0,0,0,0,0,0,0,12,35,35,47,65476,387,65476,1,0,4,21553,0.0,-0.0,0.0,0.0,0.0,0.0,0.0,0.0,0.0,0.0,0.0,0.0,0.0,0.0,0.0,0.0,0.0,0.0,0.0,0.0,0.0,2.004,-0.0,0.0,-0.0,-2.004,0.0,0.0,0.0,0.0,6530.0,-0.0,0.0,2.718442270659078e+23,107616344.0,0.0,-2.7184510977143476e+23,0.0,0.0,2.004,2.004,223,0.0,-3.222024165466893e+26,0.0,0.0,0.0,0.0,0.0,0.0,0.0,0,0,0,-1.2024322823586944e+29,-0.0,3.189681256982868e+33,-0.0,-0.0,160263962624.0,-0.0,-0.0,-0.0,-5.817043496445663e+20,-0.0,2066629.125,0.0,0.0,0.0,46143.238,0,1.3516416376850534e+27,223,0.0,446,-2.637553503966331e+17,5.31076386765574e+19,2114,13107,17110,13107,17112,13107,17095,0,0,0,101,100,100,-0.0,63.95,-107615232.0,64.2,2.7302334150594743e+23,64.0,1,49,50,180,0,0,0,0,0.0,0.0,0.0,60.0,-6.110866748192741e+30,70.5,0.0,-0.0,0.0,1070,0,1070,0,0,0,1071,0,1081,0,996,0,642,0,644,0,639,0,676,0.032,8.042780416137365e+21,0.0,0.0,22928,16813,0.0,4.0660561165394084e+24,-3.602608977480371e+27,-5.511996116335396e+22,-0.0,-0.0,50.0,60.0,35,0.0,0.0,10.0,2.0,0.0,0.0,0.0,0.0,0.0,0.0,0.0,0.0,0.0,0.0,0.0,0.0,59.2,47,16,65515,27,65476,478,65476,1,0,4,20529,65476,0,0,30147,60.0,0.0,10.0,10.0,2.0,0.0
2026-02-16T12:12:17,ERR,ERR,ERR,ERR,ERR,ERR,ERR,ERR,ERR,ERR,ERR,ERR,ERR,ERR,ERR,ERR,ERR,ERR,ERR,ERR,ERR,ERR,ERR,ERR,ERR,ERR,ERR,ERR,ERR,ERR,ERR,ERR,ERR,ERR,ERR,ERR,ERR,ERR,ERR,ERR,ERR,ERR,ERR,ERR,ERR,ERR,ERR,ERR,ERR,ERR,ERR,ERR,ERR,ERR,ERR,ERR,ERR,ERR,ERR,ERR,ERR,ERR,ERR,ERR,ERR,ERR,ERR,ERR,ERR,ERR,ERR,ERR,ERR,ERR,ERR,ERR,ERR,ERR,ERR,ERR,ERR,ERR,ERR,ERR,ERR,ERR,ERR,ERR,ERR,ERR,ERR,ERR,ERR,ERR,ERR,ERR,ERR,ERR,ERR,ERR,ERR,ERR,ERR,ERR,ERR,ERR,ERR,ERR,ERR,ERR,ERR,ERR,ERR,ERR,ERR,ERR,ERR,ERR,ERR,ERR,ERR,ERR,ERR,ERR,ERR,2.718442270659078e+23,107616344.0,2.742017713988437e+23,-0.0,0.0,0.0,-1.2069154317303346e+37,-0.0,4300,0,8,17170,4300,-0.0,38,0.0,0.0,-0.0,0.0,2.7184166902131945e+23,0,0,0,0,0.0,0,0,0,0,0,0,0,0,0,0,0,0,0,0,0,0,0,0,0,0,0,0,0,0,0,0,0,0,0,0,0,0,0,12,35,35,47,65476,390,65476,1,0,4,21553,0.0,-107610976.0,-0.0,0.0,0.0,0.0,0.0,0.0,0.0,0.0,0.0,0.0,0.0,0.0,0.0,0.0,0.0,0.0,0.0,0.0,0.0,2.004,-0.0,0.0,3.6970739834386645e+19,0.0,0.0,0.0,0.0,0.0,6531.0,-0.0,0.0,2.718442270659078e+23,107616344.0,-107616216.0,0.0,-0.0,0.0,2.004,2.004,223,0.0,-2.7184278591402704e+23,0.0,0.0,0.0,0.0,0.0,0.0,0.0,0,0,0,-3.8962057028680947e+24,-1.3163882995748948e+34,1.4241679058438191e+23,-1.1033810642808414e+21,-0.0,-0.0,6.705620170279821e+30,84262971768832.0,1.3262943828119154e+29,-6.284531211515556e+20,-0.0,2249098.25,0.0,0.0,0.0,2821742395392.0,0,1.3516416376850534e+27,223,0.0,446,-2.637553503966331e+17,5.31076386765574e+19,2114,13107,17110,13107,17112,13107,17095,0,0,0,101,100,100,-0.0,63.9,-0.0,64.2,2.7302334150594743e+23,64.0,1,49,50,180,0,0,0,0,0.0,0.0,0.0,60.0,-3.1287637750746835e+33,70.5,0.0,-0.0,0.0,1070,0,1070,0,0,0,1071,0,1081,0,996,0,642,0,644,0,639,0,676,0.032,8.005886927989945e+21,0.0,0.0,33808,16813,-3.1287637750746835e+33,-0.0,0.0,-3653301248.0,-31508721041408.0,-3.7778957688398865e+26,50.0,60.0,35,0.0,0.0,10.0,2.0,0.0,0.0,0.0,0.0,0.0,0.0,0.0,0.0,0.0,0.0,0.0,0.0,58.8,45,17,65517,27,65476,636,65476,1,0,4,20529,65476,0,0,30147,60.0,0.0,10.0,10.0,2.0,0.0
2026-02-16T12:12:18,ERR,ERR,ERR,ERR,ERR,ERR,ERR,ERR,ERR,ERR,ERR,ERR,ERR,ERR,ERR,ERR,ERR,ERR,ERR,ERR,ERR,ERR,ERR,ERR,ERR,ERR,ERR,ERR,ERR,ERR,ERR,ERR,ERR,ERR,ERR,ERR,ERR,ERR,ERR,ERR,ERR,ERR,ERR,ERR,ERR,ERR,ERR,ERR,ERR,ERR,ERR,ERR,ERR,ERR,ERR,ERR,ERR,ERR,ERR,ERR,ERR,ERR,ERR,ERR,ERR,ERR,ERR,ERR,ERR,ERR,ERR,ERR,ERR,ERR,ERR,ERR,ERR,ERR,ERR,ERR,ERR,ERR,ERR,ERR,ERR,ERR,ERR,ERR,ERR,ERR,ERR,ERR,ERR,ERR,ERR,ERR,ERR,ERR,ERR,ERR,ERR,ERR,ERR,ERR,ERR,ERR,ERR,ERR,ERR,ERR,ERR,ERR,ERR,ERR,ERR,ERR,ERR,ERR,ERR,ERR,ERR,ERR,ERR,ERR,ERR,2.718442270659078e+23,107616344.0,2.742017713988437e+23,-0.0,0.0,0.0,-1.2069154317303346e+37,-0.0,4300,0,8,17170,4300,-0.0,38,0.0,0.0,-0.0,0.0,2.7184166902131945e+23,0,0,0,0,0.0,0,0,0,0,0,0,0,0,0,0,0,0,0,0,0,0,0,0,0,0,0,0,0,0,0,0,0,0,0,0,0,0,0,12,35,35,47,65476,390,65476,1,0,4,21553,0.0,-107610976.0,-0.0,0.0,0.0,0.0,0.0,0.0,0.0,0.0,0.0,0.0,0.0,0.0,0.0,0.0,0.0,0.0,0.0,0.0,0.0,2.004,-0.0,0.0,3.6970739834386645e+19,0.0,0.0,0.0,0.0,0.0,6531.0,-0.0,0.0,2.718442270659078e+23,107616344.0,-107616216.0,0.0,-0.0,0.0,2.004,2.004,223,0.0,-2.7184278591402704e+23,0.0,0.0,0.0,0.0,0.0,0.0,0.0,0,0,0,-3.8962057028680947e+24,-1.3163882995748948e+34,1.4241679058438191e+23,-1.1033810642808414e+21,-0.0,-0.0,6.705620170279821e+30,84262971768832.0,1.3262943828119154e+29,-6.284531211515556e+20,-0.0,2249098.25,0.0,0.0,0.0,2821742395392.0,0,1.3516416376850534e+27,223,0.0,446,-2.637553503966331e+17,5.31076386765574e+19,2114,13107,17110,13107,17112,13107,17095,0,0,0,101,100,100,-0.0,63.9,-0.0,64.2,2.7302334150594743e+23,64.0,1,49,50,180,0,0,0,0,0.0,0.0,0.0,60.0,-3.1287637750746835e+33,70.5,0.0,-0.0,0.0,1070,0,1070,0,0,0,1071,0,1081,0,996,0,642,0,644,0,639,0,676,0.032,8.005886927989945e+21,0.0,0.0,33808,16813,-3.1287637750746835e+33,-0.0,0.0,-3653301248.0,-31508721041408.0,-3.7778957688398865e+26,50.0,60.0,35,0.0,0.0,10.0,2.0,0.0,0.0,0.0,0.0,0.0,0.0,0.0,0.0,0.0,0.0,0.0,0.0,59.2,43,19,65520,27,65476,797,65476,1,0,4,20529,65476,0,0,30147,60.0,0.0,10.0,10.0,2.0,0.0
2026-02-16T12:12:19,ERR,ERR,ERR,ERR,ERR,ERR,ERR,ERR,ERR,ERR,ERR,ERR,ERR,ERR,ERR,ERR,ERR,ERR,ERR,ERR,ERR,ERR,ERR,ERR,ERR,ERR,ERR,ERR,ERR,ERR,ERR,ERR,ERR,ERR,ERR,ERR,ERR,ERR,ERR,ERR,ERR,ERR,ERR,ERR,ERR,ERR,ERR,ERR,ERR,ERR,ERR,ERR,ERR,ERR,ERR,ERR,ERR,ERR,ERR,ERR,ERR,ERR,ERR,ERR,ERR,ERR,ERR,ERR,ERR,ERR,ERR,ERR,ERR,ERR,ERR,ERR,ERR,ERR,ERR,ERR,ERR,ERR,ERR,ERR,ERR,ERR,ERR,ERR,ERR,ERR,ERR,ERR,ERR,ERR,ERR,ERR,ERR,ERR,ERR,ERR,ERR,ERR,ERR,ERR,ERR,ERR,ERR,ERR,ERR,ERR,ERR,ERR,ERR,ERR,ERR,ERR,ERR,ERR,ERR,ERR,ERR,ERR,ERR,ERR,ERR,2.718442270659078e+23,107616344.0,2.742017713988437e+23,-0.0,0.0,0.0,-1.2069154317303346e+37,-0.0,4300,0,8,17170,4300,-0.0,38,0.0,0.0,-0.0,0.0,2.7184166902131945e+23,0,0,0,0,0.0,0,0,0,0,0,0,0,0,0,0,0,0,0,0,0,0,0,0,0,0,0,0,0,0,0,0,0,0,0,0,0,0,0,12,35,35,47,65476,390,65476,1,0,4,21553,0.0,-107610976.0,-0.0,0.0,0.0,0.0,0.0,0.0,0.0,0.0,0.0,0.0,0.0,0.0,0.0,0.0,0.0,0.0,0.0,0.0,0.0,2.004,-0.0,0.0,3.6970739834386645e+19,0.0,0.0,0.0,0.0,0.0,6531.0,-0.0,0.0,2.718442270659078e+23,107616344.0,-107616216.0,0.0,-0.0,0.0,2.004,2.004,223,0.0,-2.7184278591402704e+23,0.0,0.0,0.0,0.0,0.0,0.0,0.0,0,0,0,-3.8962057028680947e+24,-1.3163882995748948e+34,1.4241679058438191e+23,-1.1033810642808414e+21,-0.0,-0.0,6.705620170279821e+30,84262971768832.0,1.3262943828119154e+29,-6.284531211515556e+20,-0.0,2249098.25,0.0,0.0,0.0,2821742395392.0,0,1.3516416376850534e+27,223,0.0,446,-2.637553503966331e+17,5.31076386765574e+19,2114,13107,17110,13107,17112,13107,17095,0,0,0,101,100,100,-0.0,63.9,-0.0,64.2,2.7302334150594743e+23,64.0,1,49,50,180,0,0,0,0,0.0,0.0,0.0,60.0,-3.1287637750746835e+33,70.5,0.0,-0.0,0.0,1070,0,1070,0,0,0,1071,0,1081,0,996,0,642,0,644,0,639,0,676,0.032,8.005886927989945e+21,0.0,0.0,33808,16813,-3.1287637750746835e+33,-0.0,0.0,-3653301248.0,-31508721041408.0,-3.7778957688398865e+26,50.0,60.0,35,0.0,0.0,10.0,2.0,0.0,0.0,0.0,0.0,0.0,0.0,0.0,0.0,0.0,0.0,0.0,0.0,59.2,43,19,65520,27,65476,797,65476,1,0,4,20529,65476,0,0,30147,60.0,0.0,10.0,10.0,2.0,0.0
2026-02-16T12:12:20,ERR,ERR,ERR,ERR,ERR,ERR,ERR,ERR,ERR,ERR,ERR,ERR,ERR,ERR,ERR,ERR,ERR,ERR,ERR,ERR,ERR,ERR,ERR,ERR,ERR,ERR,ERR,ERR,ERR,ERR,ERR,ERR,ERR,ERR,ERR,ERR,ERR,ERR,ERR,ERR,ERR,ERR,ERR,ERR,ERR,ERR,ERR,ERR,ERR,ERR,ERR,ERR,ERR,ERR,ERR,ERR,ERR,ERR,ERR,ERR,ERR,ERR,ERR,ERR,ERR,ERR,ERR,ERR,ERR,ERR,ERR,ERR,ERR,ERR,ERR,ERR,ERR,ERR,ERR,ERR,ERR,ERR,ERR,ERR,ERR,ERR,ERR,ERR,ERR,ERR,ERR,ERR,ERR,ERR,ERR,ERR,ERR,ERR,ERR,ERR,ERR,ERR,ERR,ERR,ERR,ERR,ERR,ERR,ERR,ERR,ERR,ERR,ERR,ERR,ERR,ERR,ERR,ERR,ERR,ERR,ERR,ERR,ERR,ERR,ERR,2.718442270659078e+23,107616344.0,2.742017713988437e+23,-0.0,0.0,0.0,-1.2069154317303346e+37,-0.0,4300,0,8,17170,4300,-0.0,38,0.0,0.0,-0.0,0.0,2.7184166902131945e+23,0,0,0,0,0.0,0,0,0,0,0,0,0,0,0,0,0,0,0,0,0,0,0,0,0,0,0,0,0,0,0,0,0,0,0,0,0,0,0,12,35,35,47,65476,390,65476,1,0,4,21553,0.0,-107610976.0,-0.0,0.0,0.0,0.0,0.0,0.0,0.0,0.0,0.0,0.0,0.0,0.0,0.0,0.0,0.0,0.0,0.0,0.0,0.0,2.004,-0.0,0.0,3.6970739834386645e+19,0.0,0.0,0.0,0.0,0.0,6531.0,-0.0,0.0,2.718442270659078e+23,107616344.0,-107616216.0,0.0,-0.0,0.0,2.004,2.004,223,0.0,-2.7184278591402704e+23,0.0,0.0,0.0,0.0,0.0,0.0,0.0,0,0,0,-3.8962057028680947e+24,-1.3163882995748948e+34,1.4241679058438191e+23,-1.1033810642808414e+21,-0.0,-0.0,6.705620170279821e+30,84262971768832.0,1.3262943828119154e+29,-6.284531211515556e+20,-0.0,2249098.25,0.0,0.0,0.0,2821742395392.0,0,1.3516416376850534e+27,223,0.0,446,-2.637553503966331e+17,5.31076386765574e+19,2114,13107,17110,13107,17112,13107,17095,0,0,0,101,100,100,-0.0,63.9,-0.0,64.2,2.7302334150594743e+23,64.0,1,49,50,180,0,0,0,0,0.0,0.0,0.0,60.0,-3.1287637750746835e+33,70.5,0.0,-0.0,0.0,1070,0,1070,0,0,0,1071,0,1081,0,996,0,642,0,644,0,639,0,676,0.032,8.005886927989945e+21,0.0,0.0,33808,16813,-3.1287637750746835e+33,-0.0,0.0,-3653301248.0,-31508721041408.0,-3.7778957688398865e+26,50.0,60.0,35,0.0,0.0,10.0,2.0,0.0,0.0,0.0,0.0,0.0,0.0,0.0,0.0,0.0,0.0,0.0,0.0,58.8,40,21,65522,27,65476,812,65476,1,0,4,20529,65476,0,0,30147,60.0,0.0,10.0,10.0,2.0,0.0
2026-02-16T12:12:21,ERR,ERR,ERR,ERR,ERR,ERR,ERR,ERR,ERR,ERR,ERR,ERR,ERR,ERR,ERR,ERR,ERR,ERR,ERR,ERR,ERR,ERR,ERR,ERR,ERR,ERR,ERR,ERR,ERR,ERR,ERR,ERR,ERR,ERR,ERR,ERR,ERR,ERR,ERR,ERR,ERR,ERR,ERR,ERR,ERR,ERR,ERR,ERR,ERR,ERR,ERR,ERR,ERR,ERR,ERR,ERR,ERR,ERR,ERR,ERR,ERR,ERR,ERR,ERR,ERR,ERR,ERR,ERR,ERR,ERR,ERR,ERR,ERR,ERR,ERR,ERR,ERR,ERR,ERR,ERR,ERR,ERR,ERR,ERR,ERR,ERR,ERR,ERR,ERR,ERR,ERR,ERR,ERR,ERR,ERR,ERR,ERR,ERR,ERR,ERR,ERR,ERR,ERR,ERR,ERR,ERR,ERR,ERR,ERR,ERR,ERR,ERR,ERR,ERR,ERR,ERR,ERR,ERR,ERR,ERR,ERR,ERR,ERR,ERR,ERR,2.718442270659078e+23,107616344.0,2.742017713988437e+23,-0.0,0.0,0.0,-1.2069154317303346e+37,-0.0,4300,0,8,17170,4300,-0.0,38,0.0,0.0,-0.0,0.0,2.7184166902131945e+23,0,0,0,0,0.0,0,0,0,0,0,0,0,0,0,0,0,0,0,0,0,0,0,0,0,0,0,0,0,0,0,0,0,0,0,0,0,0,0,12,35,35,47,65476,390,65476,1,0,4,21553,0.0,-107610976.0,-0.0,0.0,0.0,0.0,0.0,0.0,0.0,0.0,0.0,0.0,0.0,0.0,0.0,0.0,0.0,0.0,0.0,0.0,0.0,2.004,-0.0,0.0,3.6970739834386645e+19,0.0,0.0,0.0,0.0,0.0,6531.0,-0.0,0.0,2.718442270659078e+23,107616344.0,-107616216.0,0.0,-0.0,0.0,2.004,2.004,223,0.0,-2.7184278591402704e+23,0.0,0.0,0.0,0.0,0.0,0.0,0.0,0,0,0,-3.8962057028680947e+24,-1.3163882995748948e+34,1.4241679058438191e+23,-1.1033810642808414e+21,-0.0,-0.0,6.705620170279821e+30,84262971768832.0,1.3262943828119154e+29,-6.284531211515556e+20,-0.0,2249098.25,0.0,0.0,0.0,2821742395392.0,0,1.3516416376850534e+27,223,0.0,446,-2.637553503966331e+17,5.31076386765574e+19,2114,0,17110,13107,17112,13107,17095,0,0,0,101,100,100,-0.0,63.95,-107615232.0,64.2,2.7302334150594743e+23,64.0,1,49,50,180,0,0,0,0,0.0,0.0,0.0,60.0,0.0,71.0,0.0,0.0,0.0,1070,0,1070,0,0,0,1071,0,1081,0,996,0,642,0,644,0,639,0,676,0.032,7.968993439842526e+21,0.0,0.0,32016,16813,0.0,1.7850939604401834e+25,-2.6164392568633326e+34,-20704.473,-2.879,-0.0,50.0,60.0,35,0.0,0.0,10.0,2.0,0.0,0.0,0.0,0.0,0.0,0.0,0.0,0.0,0.0,0.0,0.0,0.0,58.8,40,21,65522,27,65476,812,65476,1,0,4,20529,65476,0,0,30147,60.0,0.0,10.0,10.0,2.0,0.0
2026-02-16T12:12:22,ERR,ERR,ERR,ERR,ERR,ERR,ERR,ERR,ERR,ERR,ERR,ERR,ERR,ERR,ERR,ERR,ERR,ERR,ERR,ERR,ERR,ERR,ERR,ERR,ERR,ERR,ERR,ERR,ERR,ERR,ERR,ERR,ERR,ERR,ERR,ERR,ERR,ERR,ERR,ERR,ERR,ERR,ERR,ERR,ERR,ERR,ERR,ERR,ERR,ERR,ERR,ERR,ERR,ERR,ERR,ERR,ERR,ERR,ERR,ERR,ERR,ERR,ERR,ERR,ERR,ERR,ERR,ERR,ERR,ERR,ERR,ERR,ERR,ERR,ERR,ERR,ERR,ERR,ERR,ERR,ERR,ERR,ERR,ERR,ERR,ERR,ERR,ERR,ERR,ERR,ERR,ERR,ERR,ERR,ERR,ERR,ERR,ERR,ERR,ERR,ERR,ERR,ERR,ERR,ERR,ERR,ERR,ERR,ERR,ERR,ERR,ERR,ERR,ERR,ERR,ERR,ERR,ERR,ERR,ERR,ERR,ERR,ERR,ERR,ERR,2.718442270659078e+23,107616344.0,2.742017713988437e+23,-0.0,0.0,-5040307867484160.0,-1.0188413377828935e+37,-2.8879408201937715e+17,4300,0,8,17170,4300,-0.0,38,0.0,0.0,-0.0,0.0,2.7184166902131945e+23,0,0,0,0,0.0,0,0,0,0,0,0,0,0,0,0,0,0,0,0,0,0,0,0,0,0,0,0,0,0,0,0,0,0,0,0,0,0,0,12,35,35,47,65476,392,65476,1,0,4,21553,0.0,-0.0,19.157,0.0,0.0,0.0,0.0,0.0,0.0,0.0,0.0,0.0,0.0,0.0,0.0,0.0,0.0,0.0,0.0,0.0,0.0,2.004,-0.0,0.0,3.6970739834386645e+19,0.0,0.0,0.0,0.0,0.0,6538.0,1.5879384200579233e+29,0.0,2.718442270659078e+23,107616344.0,-0.0,0.0,0.0,0.0,2.004,2.004,222,1.9056860945658675e+17,-152018253512704.0,0.0,0.0,0.0,0.0,0.0,0.0,0.0,0,0,0,-27523993829376.0,0.0,12469104.0,-2.2281089445048143e+20,1453961773056.0,316233023488.0,2.0583681020338826e+29,-0.0,-0.0,-6.837933533726843e+20,-0.0,2445706.25,0.0,0.0,0.0,0.125,0,1.3516416376850534e+27,222,0.0,444,0.0,0.0,2114,0,17110,13107,17112,13107,17095,0,0,0,101,100,100,-0.0,63.95,-107615232.0,64.2,2.7302334150594743e+23,64.0,1,49,50,180,0,0,0,0,0.0,0.0,0.0,60.0,0.0,71.0,0.0,0.0,0.0,1070,0,1070,0,0,0,1071,0,1081,0,996,0,642,0,644,0,639,0,676,0.032,7.968993439842526e+21,0.0,0.0,32016,16813,0.0,1.7850939604401834e+25,-2.6164392568633326e+34,-20704.473,-2.879,-0.0,50.0,60.0,35,0.0,0.0,10.0,2.0,0.0,0.0,0.0,0.0,0.0,0.0,0.0,0.0,0.0,0.0,0.0,0.0,58.8,37,23,65525,27,65476,736,65476,1,0,4,20529,65476,0,0,30147,60.0,0.0,10.0,10.0,2.0,0.0
2026-02-16T12:12:23,ERR,ERR,ERR,ERR,ERR,ERR,ERR,ERR,ERR,ERR,ERR,ERR,ERR,ERR,ERR,ERR,ERR,ERR,ERR,ERR,ERR,ERR,ERR,ERR,ERR,ERR,ERR,ERR,ERR,ERR,ERR,ERR,ERR,ERR,ERR,ERR,ERR,ERR,ERR,ERR,ERR,ERR,ERR,ERR,ERR,ERR,ERR,ERR,ERR,ERR,ERR,ERR,ERR,ERR,ERR,ERR,ERR,ERR,ERR,ERR,ERR,ERR,ERR,ERR,ERR,ERR,ERR,ERR,ERR,ERR,ERR,ERR,ERR,ERR,ERR,ERR,ERR,ERR,ERR,ERR,ERR,ERR,ERR,ERR,ERR,ERR,ERR,ERR,ERR,ERR,ERR,ERR,ERR,ERR,ERR,ERR,ERR,ERR,ERR,ERR,ERR,ERR,ERR,ERR,ERR,ERR,ERR,ERR,ERR,ERR,ERR,ERR,ERR,ERR,ERR,ERR,ERR,ERR,ERR,ERR,ERR,ERR,ERR,ERR,ERR,2.718442270659078e+23,107616344.0,2.742017713988437e+23,-0.0,0.0,-5040307867484160.0,-1.0188413377828935e+37,-2.8879408201937715e+17,4300,0,8,17170,4300,-0.0,38,0.0,0.0,-0.0,0.0,2.7184166902131945e+23,0,0,0,0,0.0,0,0,0,0,0,0,0,0,0,0,0,0,0,0,0,0,0,0,0,0,0,0,0,0,0,0,0,0,0,0,0,0,0,12,35,35,47,65476,392,65476,1,0,4,21553,0.0,-0.0,19.157,0.0,0.0,0.0,0.0,0.0,0.0,0.0,0.0,0.0,0.0,0.0,0.0,0.0,0.0,0.0,0.0,0.0,0.0,2.004,-0.0,0.0,3.6970739834386645e+19,0.0,0.0,0.0,0.0,0.0,6538.0,1.5879384200579233e+29,0.0,2.718442270659078e+23,107616344.0,-0.0,0.0,0.0,0.0,2.004,2.004,222,1.9056860945658675e+17,-152018253512704.0,0.0,0.0,0.0,0.0,0.0,0.0,0.0,0,0,0,-27523993829376.0,0.0,12469104.0,-2.2281089445048143e+20,1453961773056.0,316233023488.0,2.0583681020338826e+29,-0.0,-0.0,-6.837933533726843e+20,-0.0,2445706.25,0.0,0.0,0.0,0.125,0,1.3516416376850534e+27,222,0.0,444,0.0,0.0,2114,0,17110,13107,17112,13107,17095,0,0,0,101,100,100,-0.0,63.95,-107615232.0,64.2,2.7302334150594743e+23,64.0,1,49,50,180,0,0,0,0,0.0,0.0,0.0,60.0,0.0,71.0,0.0,0.0,0.0,1070,0,1070,0,0,0,1071,0,1081,0,996,0,642,0,644,0,639,0,676,0.032,7.968993439842526e+21,0.0,0.0,32016,16813,0.0,1.7850939604401834e+25,-2.6164392568633326e+34,-20704.473,-2.879,-0.0,50.0,60.0,35,0.0,0.0,10.0,2.0,0.0,0.0,0.0,0.0,0.0,0.0,0.0,0.0,0.0,0.0,0.0,0.0,58.8,34,26,65529,27,65476,736,65476,1,0,4,20529,65476,0,0,30147,60.0,0.0,10.0,10.0,2.0,0.0
2026-02-16T12:12:24,ERR,ERR,ERR,ERR,ERR,ERR,ERR,ERR,ERR,ERR,ERR,ERR,ERR,ERR,ERR,ERR,ERR,ERR,ERR,ERR,ERR,ERR,ERR,ERR,ERR,ERR,ERR,ERR,ERR,ERR,ERR,ERR,ERR,ERR,ERR,ERR,ERR,ERR,ERR,ERR,ERR,ERR,ERR,ERR,ERR,ERR,ERR,ERR,ERR,ERR,ERR,ERR,ERR,ERR,ERR,ERR,ERR,ERR,ERR,ERR,ERR,ERR,ERR,ERR,ERR,ERR,ERR,ERR,ERR,ERR,ERR,ERR,ERR,ERR,ERR,ERR,ERR,ERR,ERR,ERR,ERR,ERR,ERR,ERR,ERR,ERR,ERR,ERR,ERR,ERR,ERR,ERR,ERR,ERR,ERR,ERR,ERR,ERR,ERR,ERR,ERR,ERR,ERR,ERR,ERR,ERR,ERR,ERR,ERR,ERR,ERR,ERR,ERR,ERR,ERR,ERR,ERR,ERR,ERR,ERR,ERR,ERR,ERR,ERR,ERR,2.718442270659078e+23,107616344.0,2.742017713988437e+23,-0.0,0.0,-5040307867484160.0,-1.0188413377828935e+37,-2.8879408201937715e+17,4300,0,8,17170,4300,-0.0,38,0.0,0.0,-0.0,0.0,2.7184166902131945e+23,0,0,0,0,0.0,0,0,0,0,0,0,0,0,0,0,0,0,0,0,0,0,0,0,0,0,0,0,0,0,0,0,0,0,0,0,0,0,0,12,35,35,47,65476,392,65476,1,0,4,21553,0.0,-0.0,19.157,0.0,0.0,0.0,0.0,0.0,0.0,0.0,0.0,0.0,0.0,0.0,0.0,0.0,0.0,0.0,0.0,0.0,0.0,2.004,-0.0,0.0,3.6970739834386645e+19,0.0,0.0,0.0,0.0,0.0,6538.0,1.5879384200579233e+29,0.0,2.718442270659078e+23,107616344.0,-0.0,0.0,0.0,0.0,2.004,2.004,222,1.9056860945658675e+17,-152018253512704.0,0.0,0.0,0.0,0.0,0.0,0.0,0.0,0,0,0,-27523993829376.0,0.0,12469104.0,-2.2281089445048143e+20,1453961773056.0,316233023488.0,2.0583681020338826e+29,-0.0,-0.0,-6.837933533726843e+20,-0.0,2445706.25,0.0,0.0,0.0,0.125,0,1.3516416376850534e+27,222,0.0,444,0.0,0.0,2114,0,17110,13107,17112,13107,17095,0,0,0,101,100,100,-0.0,63.95,-107615232.0,64.2,2.7302334150594743e+23,64.0,1,49,50,180,0,0,0,0,0.0,0.0,0.0,60.0,0.0,71.0,0.0,-1.2708630797531647e+28,0.0,1070,0,1070,0,0,0,1070,0,1081,0,996,0,642,0,644,0,639,0,677,0.032,8.005886927989945e+21,0.0,0.0,18832,16813,0.0,-5.6513251054954136e+29,-0.0,1.4684123555032348e+37,1.1238649016969121e+28,4.482492440091034e+16,50.0,60.0,35,0.0,0.0,10.0,2.0,0.0,0.0,0.0,0.0,0.0,0.0,0.0,0.0,0.0,0.0,0.0,0.0,58.8,34,26,65529,27,65476,736,65476,1,0,4,20529,65476,0,0,30147,60.0,0.0,10.0,10.0,2.0,0.0
2026-02-16T12:12:25,ERR,ERR,ERR,ERR,ERR,ERR,ERR,ERR,ERR,ERR,ERR,ERR,ERR,ERR,ERR,ERR,ERR,ERR,ERR,ERR,ERR,ERR,ERR,ERR,ERR,ERR,ERR,ERR,ERR,ERR,ERR,ERR,ERR,ERR,ERR,ERR,ERR,ERR,ERR,ERR,ERR,ERR,ERR,ERR,ERR,ERR,ERR,ERR,ERR,ERR,ERR,ERR,ERR,ERR,ERR,ERR,ERR,ERR,ERR,ERR,ERR,ERR,ERR,ERR,ERR,ERR,ERR,ERR,ERR,ERR,ERR,ERR,ERR,ERR,ERR,ERR,ERR,ERR,ERR,ERR,ERR,ERR,ERR,ERR,ERR,ERR,ERR,ERR,ERR,ERR,ERR,ERR,ERR,ERR,ERR,ERR,ERR,ERR,ERR,ERR,ERR,ERR,ERR,ERR,ERR,ERR,ERR,ERR,ERR,ERR,ERR,ERR,ERR,ERR,ERR,ERR,ERR,ERR,ERR,ERR,ERR,ERR,ERR,ERR,ERR,2.718442270659078e+23,107616344.0,2.742017713988437e+23,-0.0,0.0,-5040307867484160.0,-1.0188413377828935e+37,-2.8879408201937715e+17,4300,0,8,17170,4300,-0.0,38,0.0,0.0,-0.0,0.0,2.7184166902131945e+23,0,0,0,0,0.0,0,0,0,0,0,0,0,0,0,0,0,0,0,0,0,0,0,0,0,0,0,0,0,0,0,0,0,0,0,0,0,0,0,12,35,35,47,65476,392,65476,1,0,4,21553,0.0,-0.0,19.157,0.0,0.0,0.0,0.0,0.0,0.0,0.0,0.0,0.0,0.0,0.0,0.0,0.0,0.0,0.0,0.0,0.0,0.0,2.004,-0.0,0.0,3.6970739834386645e+19,0.0,0.0,0.0,0.0,0.0,6538.0,1.5879384200579233e+29,0.0,2.718442270659078e+23,107616344.0,-0.0,0.0,0.0,0.0,2.004,2.004,222,1.9056860945658675e+17,-152018253512704.0,0.0,0.0,0.0,0.0,0.0,0.0,0.0,0,0,0,-27523993829376.0,0.0,12469104.0,-2.2281089445048143e+20,1453961773056.0,316233023488.0,2.0583681020338826e+29,-0.0,-0.0,-6.837933533726843e+20,-0.0,2445706.25,0.0,0.0,0.0,0.125,0,1.3516416376850534e+27,222,0.0,444,0.0,0.0,2114,0,17110,13107,17112,13107,17095,0,0,0,101,100,100,-0.0,63.95,-107615232.0,64.2,2.7302334150594743e+23,64.0,1,49,50,180,0,0,0,0,0.0,0.0,0.0,60.0,0.0,71.0,0.0,-1.2708630797531647e+28,0.0,1070,0,1070,0,0,0,1070,0,1081,0,996,0,642,0,644,0,639,0,677,0.032,8.005886927989945e+21,0.0,0.0,18832,16813,0.0,-5.6513251054954136e+29,-0.0,1.4684123555032348e+37,1.1238649016969121e+28,4.482492440091034e+16,50.0,60.0,35,0.0,0.0,10.0,2.0,0.0,0.0,0.0,0.0,0.0,0.0,0.0,0.0,0.0,0.0,0.0,0.0,58.8,31,29,65532,27,65476,663,65476,1,0,4,20529,65476,0,0,30147,60.0,0.0,10.0,10.0,2.0,0.0
2026-02-16T12:12:26,ERR,ERR,ERR,ERR,ERR,ERR,ERR,ERR,ERR,ERR,ERR,ERR,ERR,ERR,ERR,ERR,ERR,ERR,ERR,ERR,ERR,ERR,ERR,ERR,ERR,ERR,ERR,ERR,ERR,ERR,ERR,ERR,ERR,ERR,ERR,ERR,ERR,ERR,ERR,ERR,ERR,ERR,ERR,ERR,ERR,ERR,ERR,ERR,ERR,ERR,ERR,ERR,ERR,ERR,ERR,ERR,ERR,ERR,ERR,ERR,ERR,ERR,ERR,ERR,ERR,ERR,ERR,ERR,ERR,ERR,ERR,ERR,ERR,ERR,ERR,ERR,ERR,ERR,ERR,ERR,ERR,ERR,ERR,ERR,ERR,ERR,ERR,ERR,ERR,ERR,ERR,ERR,ERR,ERR,ERR,ERR,ERR,ERR,ERR,ERR,ERR,ERR,ERR,ERR,ERR,ERR,ERR,ERR,ERR,ERR,ERR,ERR,ERR,ERR,ERR,ERR,ERR,ERR,ERR,ERR,ERR,ERR,ERR,ERR,ERR,2.718442270659078e+23,107616344.0,2.742017713988437e+23,-0.0,0.0,-5040307867484160.0,-1.0188413377828935e+37,-2.8879408201937715e+17,4300,0,8,17170,4300,-0.0,38,0.0,0.0,-0.0,0.0,2.7184166902131945e+23,0,0,0,0,0.0,0,0,0,0,0,0,0,0,0,0,0,0,0,0,0,0,0,0,0,0,0,0,0,0,0,0,0,0,0,0,0,0,0,12,35,35,47,65476,392,65476,1,0,4,21553,0.0,-0.0,19.157,0.0,0.0,0.0,0.0,0.0,0.0,0.0,0.0,0.0,0.0,0.0,0.0,0.0,0.0,0.0,0.0,0.0,0.0,2.004,-0.0,0.0,3.6970739834386645e+19,0.0,0.0,0.0,0.0,0.0,6538.0,1.5879384200579233e+29,0.0,2.718442270659078e+23,107616344.0,-0.0,0.0,0.0,0.0,2.004,2.004,222,1.9056860945658675e+17,-152018253512704.0,0.0,0.0,0.0,0.0,0.0,0.0,0.0,0,0,0,-27523993829376.0,0.0,12469104.0,-2.2281089445048143e+20,1453961773056.0,316233023488.0,2.0583681020338826e+29,-0.0,-0.0,-6.837933533726843e+20,-0.0,2445706.25,0.0,0.0,0.0,0.125,0,1.3516416376850534e+27,222,0.0,444,0.0,0.0,2114,0,17110,13107,17112,13107,17095,0,0,0,101,100,100,-0.0,63.95,-107615232.0,64.2,2.7302334150594743e+23,64.0,1,49,50,180,0,0,0,0,0.0,0.0,0.0,60.0,0.0,71.0,0.0,-1.2708630797531647e+28,0.0,1070,0,1070,0,0,0,1070,0,1081,0,996,0,642,0,644,0,639,0,677,0.032,8.005886927989945e+21,0.0,0.0,18832,16813,0.0,-5.6513251054954136e+29,-0.0,1.4684123555032348e+37,1.1238649016969121e+28,4.482492440091034e+16,50.0,60.0,35,0.0,0.0,10.0,2.0,0.0,0.0,0.0,0.0,0.0,0.0,0.0,0.0,0.0,0.0,0.0,0.0,58.8,31,29,65532,27,65476,663,65476,1,0,4,20529,65476,0,0,30147,60.0,0.0,10.0,10.0,2.0,0.0
2026-02-16T12:12:27,ERR,ERR,ERR,ERR,ERR,ERR,ERR,ERR,ERR,ERR,ERR,ERR,ERR,ERR,ERR,ERR,ERR,ERR,ERR,ERR,ERR,ERR,ERR,ERR,ERR,ERR,ERR,ERR,ERR,ERR,ERR,ERR,ERR,ERR,ERR,ERR,ERR,ERR,ERR,ERR,ERR,ERR,ERR,ERR,ERR,ERR,ERR,ERR,ERR,ERR,ERR,ERR,ERR,ERR,ERR,ERR,ERR,ERR,ERR,ERR,ERR,ERR,ERR,ERR,ERR,ERR,ERR,ERR,ERR,ERR,ERR,ERR,ERR,ERR,ERR,ERR,ERR,ERR,ERR,ERR,ERR,ERR,ERR,ERR,ERR,ERR,ERR,ERR,ERR,ERR,ERR,ERR,ERR,ERR,ERR,ERR,ERR,ERR,ERR,ERR,ERR,ERR,ERR,ERR,ERR,ERR,ERR,ERR,ERR,ERR,ERR,ERR,ERR,ERR,ERR,ERR,ERR,ERR,ERR,ERR,ERR,ERR,ERR,ERR,ERR,2.718442270659078e+23,107616344.0,2.742017713988437e+23,-0.0,0.0,-373826080.0,-1.3394681239853505e+25,-7.489685923967808e+24,4300,0,8,17170,4300,-0.0,39,0.0,0.0,-0.0,0.0,2.7184166902131945e+23,0,0,0,0,0.0,0,0,0,0,0,0,0,0,0,0,0,0,0,0,0,0,0,0,0,0,0,0,0,0,0,0,0,0,0,0,0,0,0,12,35,35,47,65476,393,65476,1,0,4,21553,0.0,0.0,-50.065,0.0,0.0,0.0,0.0,0.0,0.0,0.0,0.0,0.0,0.0,0.0,0.0,0.0,0.0,0.0,0.0,0.0,0.0,2.004,-0.0,0.0,2.004,0.0,0.0,0.0,0.0,0.0,6538.0,564149054603264.0,0.0,2.718442270659078e+23,107616344.0,-0.0,0.0,0.0,0.0,2.004,2.004,224,126840545280.0,-0.0,0.0,0.0,0.0,0.0,0.0,0.0,0.0,0,0,0,-0.56,1.4643082114108437e+28,12525047382016.0,-0.0,3.554764629848598e+33,0.0,19364081664.0,-0.0,0.0,-7.437452716122403e+20,-0.0,2658698.25,0.0,0.0,0.0,-475532202344448.0,0,1.3516416376850534e+27,224,0.0,448,-0.0,4.53827575923418e+24,2114,0,17110,13107,17112,13107,17095,0,0,0,101,100,100,-0.0,63.95,-107615232.0,64.2,2.7302334150594743e+23,64.0,1,49,50,180,0,0,0,0,0.0,0.0,0.0,60.0,0.0,71.0,0.0,-1.2708630797531647e+28,0.0,1070,0,1070,0,0,0,1070,0,1081,0,996,0,642,0,644,0,639,0,677,0.032,8.005886927989945e+21,0.0,0.0,18832,16813,0.0,-5.6513251054954136e+29,-0.0,1.4684123555032348e+37,1.1238649016969121e+28,4.482492440091034e+16,50.0,60.0,35,0.0,0.0,10.0,2.0,0.0,0.0,0.0,0.0,0.0,0.0,0.0,0.0,0.0,0.0,0.0,0.0,58.8,27,32,0,27,65476,663,65476,1,0,4,20529,65476,0,0,30147,60.0,0.0,10.0,10.0,2.0,0.0
2026-02-16T12:12:28,ERR,ERR,ERR,ERR,ERR,ERR,ERR,ERR,ERR,ERR,ERR,ERR,ERR,ERR,ERR,ERR,ERR,ERR,ERR,ERR,ERR,ERR,ERR,ERR,ERR,ERR,ERR,ERR,ERR,ERR,ERR,ERR,ERR,ERR,ERR,ERR,ERR,ERR,ERR,ERR,ERR,ERR,ERR,ERR,ERR,ERR,ERR,ERR,ERR,ERR,ERR,ERR,ERR,ERR,ERR,ERR,ERR,ERR,ERR,ERR,ERR,ERR,ERR,ERR,ERR,ERR,ERR,ERR,ERR,ERR,ERR,ERR,ERR,ERR,ERR,ERR,ERR,ERR,ERR,ERR,ERR,ERR,ERR,ERR,ERR,ERR,ERR,ERR,ERR,ERR,ERR,ERR,ERR,ERR,ERR,ERR,ERR,ERR,ERR,ERR,ERR,ERR,ERR,ERR,ERR,ERR,ERR,ERR,ERR,ERR,ERR,ERR,ERR,ERR,ERR,ERR,ERR,ERR,ERR,ERR,ERR,ERR,ERR,ERR,ERR,2.718442270659078e+23,107616344.0,2.742017713988437e+23,-0.0,0.0,-373826080.0,-1.3394681239853505e+25,-7.489685923967808e+24,4300,0,8,17170,4300,-0.0,39,0.0,0.0,-0.0,0.0,2.7184166902131945e+23,0,0,0,0,0.0,0,0,0,0,0,0,0,0,0,0,0,0,0,0,0,0,0,0,0,0,0,0,0,0,0,0,0,0,0,0,0,0,0,12,35,35,47,65476,393,65476,1,0,4,21553,0.0,0.0,-50.065,0.0,0.0,0.0,0.0,0.0,0.0,0.0,0.0,0.0,0.0,0.0,0.0,0.0,0.0,0.0,0.0,0.0,0.0,2.004,-0.0,0.0,2.004,0.0,0.0,0.0,0.0,0.0,6538.0,564149054603264.0,0.0,2.718442270659078e+23,107616344.0,-0.0,0.0,0.0,0.0,2.004,2.004,224,126840545280.0,-0.0,0.0,0.0,0.0,0.0,0.0,0.0,0.0,0,0,0,-0.56,1.4643082114108437e+28,12525047382016.0,-0.0,3.554764629848598e+33,0.0,19364081664.0,-0.0,0.0,-7.437452716122403e+20,-0.0,2658698.25,0.0,0.0,0.0,-475532202344448.0,0,1.3516416376850534e+27,224,0.0,448,-0.0,4.53827575923418e+24,2114,0,17110,13107,17112,13107,17095,0,0,0,101,100,100,-0.0,63.95,-0.0,64.2,2.7302334150594743e+23,64.0,1,49,50,180,0,0,0,0,0.0,0.0,0.0,60.0,0.0,71.0,0.0,82447016.0,0.0,1070,0,1070,0,0,0,1070,0,1081,0,996,0,642,0,644,0,639,0,677,0.032,7.968993439842526e+21,0.0,0.0,28432,16813,0.0,82447016.0,0.0,-89474805530624.0,-339852427264.0,-1.3694870870772503e+25,50.0,60.0,35,0.0,0.0,10.0,2.0,0.0,0.0,0.0,0.0,0.0,0.0,0.0,0.0,0.0,0.0,0.0,0.0,58.8,24,36,3,27,65476,535,65476,1,0,4,20529,65476,0,0,30147,60.0,0.0,10.0,10.0,2.0,0.0
2026-02-16T12:12:29,ERR,ERR,ERR,ERR,ERR,ERR,ERR,ERR,ERR,ERR,ERR,ERR,ERR,ERR,ERR,ERR,ERR,ERR,ERR,ERR,ERR,ERR,ERR,ERR,ERR,ERR,ERR,ERR,ERR,ERR,ERR,ERR,ERR,ERR,ERR,ERR,ERR,ERR,ERR,ERR,ERR,ERR,ERR,ERR,ERR,ERR,ERR,ERR,ERR,ERR,ERR,ERR,ERR,ERR,ERR,ERR,ERR,ERR,ERR,ERR,ERR,ERR,ERR,ERR,ERR,ERR,ERR,ERR,ERR,ERR,ERR,ERR,ERR,ERR,ERR,ERR,ERR,ERR,ERR,ERR,ERR,ERR,ERR,ERR,ERR,ERR,ERR,ERR,ERR,ERR,ERR,ERR,ERR,ERR,ERR,ERR,ERR,ERR,ERR,ERR,ERR,ERR,ERR,ERR,ERR,ERR,ERR,ERR,ERR,ERR,ERR,ERR,ERR,ERR,ERR,ERR,ERR,ERR,ERR,ERR,ERR,ERR,ERR,ERR,ERR,2.718442270659078e+23,107616344.0,2.742017713988437e+23,-0.0,0.0,-373826080.0,-1.3394681239853505e+25,-7.489685923967808e+24,4300,0,8,17170,4300,-0.0,39,0.0,0.0,-0.0,0.0,2.7184166902131945e+23,0,0,0,0,0.0,0,0,0,0,0,0,0,0,0,0,0,0,0,0,0,0,0,0,0,0,0,0,0,0,0,0,0,0,0,0,0,0,0,12,35,35,47,65476,393,65476,1,0,4,21553,0.0,0.0,-50.065,0.0,0.0,0.0,0.0,0.0,0.0,0.0,0.0,0.0,0.0,0.0,0.0,0.0,0.0,0.0,0.0,0.0,0.0,2.004,-0.0,0.0,2.004,0.0,0.0,0.0,0.0,0.0,6538.0,564149054603264.0,0.0,2.718442270659078e+23,107616344.0,-0.0,0.0,0.0,0.0,2.004,2.004,224,126840545280.0,-0.0,0.0,0.0,0.0,0.0,0.0,0.0,0.0,0,0,0,-0.56,1.4643082114108437e+28,12525047382016.0,-0.0,3.554764629848598e+33,0.0,19364081664.0,-0.0,0.0,-7.437452716122403e+20,-0.0,2658698.25,0.0,0.0,0.0,-475532202344448.0,0,1.3516416376850534e+27,224,0.0,448,-0.0,4.53827575923418e+24,2114,0,17110,13107,17112,13107,17095,0,0,0,101,100,100,-0.0,63.95,-0.0,64.2,2.7302334150594743e+23,64.0,1,49,50,180,0,0,0,0,0.0,0.0,0.0,60.0,0.0,71.0,0.0,82447016.0,0.0,1070,0,1070,0,0,0,1070,0,1081,0,996,0,642,0,644,0,639,0,677,0.032,7.968993439842526e+21,0.0,0.0,28432,16813,0.0,82447016.0,0.0,-89474805530624.0,-339852427264.0,-1.3694870870772503e+25,50.0,60.0,35,0.0,0.0,10.0,2.0,0.0,0.0,0.0,0.0,0.0,0.0,0.0,0.0,0.0,0.0,0.0,0.0,58.8,24,36,3,27,65476,535,65476,1,0,4,20529,65476,0,0,30147,60.0,0.0,10.0,10.0,2.0,0.0
2026-02-16T12:12:30,ERR,ERR,ERR,ERR,ERR,ERR,ERR,ERR,ERR,ERR,ERR,ERR,ERR,ERR,ERR,ERR,ERR,ERR,ERR,ERR,ERR,ERR,ERR,ERR,ERR,ERR,ERR,ERR,ERR,ERR,ERR,ERR,ERR,ERR,ERR,ERR,ERR,ERR,ERR,ERR,ERR,ERR,ERR,ERR,ERR,ERR,ERR,ERR,ERR,ERR,ERR,ERR,ERR,ERR,ERR,ERR,ERR,ERR,ERR,ERR,ERR,ERR,ERR,ERR,ERR,ERR,ERR,ERR,ERR,ERR,ERR,ERR,ERR,ERR,ERR,ERR,ERR,ERR,ERR,ERR,ERR,ERR,ERR,ERR,ERR,ERR,ERR,ERR,ERR,ERR,ERR,ERR,ERR,ERR,ERR,ERR,ERR,ERR,ERR,ERR,ERR,ERR,ERR,ERR,ERR,ERR,ERR,ERR,ERR,ERR,ERR,ERR,ERR,ERR,ERR,ERR,ERR,ERR,ERR,ERR,ERR,ERR,ERR,ERR,ERR,2.718442270659078e+23,107616344.0,2.742017713988437e+23,-0.0,0.0,-373826080.0,-1.3394681239853505e+25,-7.489685923967808e+24,4300,0,8,17170,4300,-0.0,39,0.0,0.0,-0.0,0.0,2.7184166902131945e+23,0,0,0,0,0.0,0,0,0,0,0,0,0,0,0,0,0,0,0,0,0,0,0,0,0,0,0,0,0,0,0,0,0,0,0,0,0,0,0,12,35,35,47,65476,393,65476,1,0,4,21553,0.0,0.0,-50.065,0.0,0.0,0.0,0.0,0.0,0.0,0.0,0.0,0.0,0.0,0.0,0.0,0.0,0.0,0.0,0.0,0.0,0.0,2.004,-0.0,0.0,2.004,0.0,0.0,0.0,0.0,0.0,6538.0,564149054603264.0,0.0,2.718442270659078e+23,107616344.0,-0.0,0.0,0.0,0.0,2.004,2.004,224,126840545280.0,-0.0,0.0,0.0,0.0,0.0,0.0,0.0,0.0,0,0,0,-0.56,1.4643082114108437e+28,12525047382016.0,-0.0,3.554764629848598e+33,0.0,19364081664.0,-0.0,0.0,-7.437452716122403e+20,-0.0,2658698.25,0.0,0.0,0.0,-475532202344448.0,0,1.3516416376850534e+27,224,0.0,448,-0.0,4.53827575923418e+24,2114,0,17110,13107,17112,13107,17095,0,0,0,101,100,100,-0.0,63.95,-0.0,64.2,2.7302334150594743e+23,64.0,1,49,50,180,0,0,0,0,0.0,0.0,0.0,60.0,0.0,71.0,0.0,82447016.0,0.0,1070,0,1070,0,0,0,1070,0,1081,0,996,0,642,0,644,0,639,0,677,0.032,7.968993439842526e+21,0.0,0.0,28432,16813,0.0,82447016.0,0.0,-89474805530624.0,-339852427264.0,-1.3694870870772503e+25,50.0,60.0,35,0.0,0.0,10.0,2.0,0.0,0.0,0.0,0.0,0.0,0.0,0.0,0.0,0.0,0.0,0.0,0.0,58.8,23,37,4,27,65476,535,65476,1,0,4,20529,65476,0,0,30147,60.0,0.0,10.0,10.0,2.0,0.0
2026-02-16T12:12:31,ERR,ERR,ERR,ERR,ERR,ERR,ERR,ERR,ERR,ERR,ERR,ERR,ERR,ERR,ERR,ERR,ERR,ERR,ERR,ERR,ERR,ERR,ERR,ERR,ERR,ERR,ERR,ERR,ERR,ERR,ERR,ERR,ERR,ERR,ERR,ERR,ERR,ERR,ERR,ERR,ERR,ERR,ERR,ERR,ERR,ERR,ERR,ERR,ERR,ERR,ERR,ERR,ERR,ERR,ERR,ERR,ERR,ERR,ERR,ERR,ERR,ERR,ERR,ERR,ERR,ERR,ERR,ERR,ERR,ERR,ERR,ERR,ERR,ERR,ERR,ERR,ERR,ERR,ERR,ERR,ERR,ERR,ERR,ERR,ERR,ERR,ERR,ERR,ERR,ERR,ERR,ERR,ERR,ERR,ERR,ERR,ERR,ERR,ERR,ERR,ERR,ERR,ERR,ERR,ERR,ERR,ERR,ERR,ERR,ERR,ERR,ERR,ERR,ERR,ERR,ERR,ERR,ERR,ERR,ERR,ERR,ERR,ERR,ERR,ERR,2.718442270659078e+23,107616344.0,2.742017713988437e+23,-0.0,0.0,-373826080.0,-1.3394681239853505e+25,-7.489685923967808e+24,4300,0,8,17170,4300,-0.0,39,0.0,0.0,-0.0,0.0,2.7184166902131945e+23,0,0,0,0,0.0,0,0,0,0,0,0,0,0,0,0,0,0,0,0,0,0,0,0,0,0,0,0,0,0,0,0,0,0,0,0,0,0,0,12,35,35,47,65476,393,65476,1,0,4,21553,0.0,0.0,-50.065,0.0,0.0,0.0,0.0,0.0,0.0,0.0,0.0,0.0,0.0,0.0,0.0,0.0,0.0,0.0,0.0,0.0,0.0,2.004,-0.0,0.0,2.004,0.0,0.0,0.0,0.0,0.0,6538.0,564149054603264.0,0.0,2.718442270659078e+23,107616344.0,-0.0,0.0,0.0,0.0,2.004,2.004,224,126840545280.0,-0.0,0.0,0.0,0.0,0.0,0.0,0.0,0.0,0,0,0,-0.56,1.4643082114108437e+28,12525047382016.0,-0.0,3.554764629848598e+33,0.0,19364081664.0,-0.0,0.0,-7.437452716122403e+20,-0.0,2658698.25,0.0,0.0,0.0,-475532202344448.0,0,1.3516416376850534e+27,224,0.0,448,-0.0,4.53827575923418e+24,2114,0,17110,13107,17112,13107,17095,0,0,0,101,100,100,0.0,64.4,-107615232.0,64.2,2.7302334150594743e+23,64.0,1,49,50,180,0,0,0,0,0.0,0.0,0.0,60.0,0.0,71.0,0.0,1943594.625,0.0,1070,0,1070,0,0,0,1070,0,1081,0,996,0,642,0,644,0,640,0,676,0.032,8.005886927989945e+21,2.004,2.73023467606737e+23,21648,16813,-1.040568450151896e+34,69762.664,-1.7925411663404354e+31,5.779084253964425e+23,-0.0,-0.0,50.0,60.0,35,0.0,0.0,10.0,2.0,0.0,0.0,0.0,0.0,0.0,0.0,0.0,0.0,0.0,0.0,0.0,0.0,58.8,23,37,4,27,65476,535,65476,1,0,4,20529,65476,0,0,30147,60.0,0.0,10.0,10.0,2.0,0.0
2026-02-16T12:12:32,ERR,ERR,ERR,ERR,ERR,ERR,ERR,ERR,ERR,ERR,ERR,ERR,ERR,ERR,ERR,ERR,ERR,ERR,ERR,ERR,ERR,ERR,ERR,ERR,ERR,ERR,ERR,ERR,ERR,ERR,ERR,ERR,ERR,ERR,ERR,ERR,ERR,ERR,ERR,ERR,ERR,ERR,ERR,ERR,ERR,ERR,ERR,ERR,ERR,ERR,ERR,ERR,ERR,ERR,ERR,ERR,ERR,ERR,ERR,ERR,ERR,ERR,ERR,ERR,ERR,ERR,ERR,ERR,ERR,ERR,ERR,ERR,ERR,ERR,ERR,ERR,ERR,ERR,ERR,ERR,ERR,ERR,ERR,ERR,ERR,ERR,ERR,ERR,ERR,ERR,ERR,ERR,ERR,ERR,ERR,ERR,ERR,ERR,ERR,ERR,ERR,ERR,ERR,ERR,ERR,ERR,ERR,ERR,ERR,ERR,ERR,ERR,ERR,ERR,ERR,ERR,ERR,ERR,ERR,ERR,ERR,ERR,ERR,ERR,ERR,2.718442270659078e+23,107616344.0,2.742017713988437e+23,-0.0,0.0,-0.0,-216.277,0.0,4300,0,8,17170,4300,14654991499264.0,38,0.0,0.0,-0.0,0.0,2.7184166902131945e+23,0,0,0,0,0.0,0,0,0,0,0,0,0,0,0,0,0,0,0,0,0,0,0,0,0,0,0,0,0,0,0,0,0,0,0,0,0,0,0,13,35,35,47,65476,397,65476,1,0,4,21553,0.0,2.7183305813883192e+23,8.359058084868433e+20,0.0,0.0,0.0,0.0,0.0,0.0,0.0,0.0,0.0,0.0,0.0,0.0,0.0,0.0,0.0,0.0,0.0,0.0,2.004,-0.0,0.0,2.004,3.697077501875873e+19,0.0,0.0,0.0,0.0,6504.0,-8608230400.0,0.0,2.718442270659078e+23,107616344.0,-0.0,107616288.0,0.0,0.0,2.004,2.004,222,89220.57,4.0668755697950344e+29,0.0,0.0,0.0,0.0,0.0,0.0,0.0,0,0,0,-0.0,-1127492354048.0,9.329,3.103805990839941e+21,1.9468269390764575e+29,-0.0,4.114920244553972e+23,0.0,-1.443129242469951e+19,-7.99085503833369e+20,-0.0,2855306.25,0.0,0.0,0.0,0.0,0,1.3516416376850534e+27,222,0.0,446,-2.637553503966331e+17,-1.3516467135626022e+35,2114,0,17110,13107,17112,13107,17095,0,0,0,101,100,100,0.0,64.4,-107615232.0,64.2,2.7302334150594743e+23,64.0,1,49,50,180,0,0,0,0,0.0,0.0,0.0,60.0,0.0,71.0,0.0,1943594.625,0.0,1070,0,1070,0,0,0,1070,0,1081,0,996,0,642,0,644,0,640,0,676,0.032,8.005886927989945e+21,2.004,2.73023467606737e+23,21648,16813,-1.040568450151896e+34,69762.664,-1.7925411663404354e+31,5.779084253964425e+23,-0.0,-0.0,50.0,60.0,35,0.0,0.0,10.0,2.0,0.0,0.0,0.0,0.0,0.0,0.0,0.0,0.0,0.0,0.0,0.0,0.0,58.8,22,38,5,27,65476,446,65476,1,0,4,20529,65476,0,0,30147,60.0,0.0,10.0,10.0,2.0,0.0
2026-02-16T12:12:33,ERR,ERR,ERR,ERR,ERR,ERR,ERR,ERR,ERR,ERR,ERR,ERR,ERR,ERR,ERR,ERR,ERR,ERR,ERR,ERR,ERR,ERR,ERR,ERR,ERR,ERR,ERR,ERR,ERR,ERR,ERR,ERR,ERR,ERR,ERR,ERR,ERR,ERR,ERR,ERR,ERR,ERR,ERR,ERR,ERR,ERR,ERR,ERR,ERR,ERR,ERR,ERR,ERR,ERR,ERR,ERR,ERR,ERR,ERR,ERR,ERR,ERR,ERR,ERR,ERR,ERR,ERR,ERR,ERR,ERR,ERR,ERR,ERR,ERR,ERR,ERR,ERR,ERR,ERR,ERR,ERR,ERR,ERR,ERR,ERR,ERR,ERR,ERR,ERR,ERR,ERR,ERR,ERR,ERR,ERR,ERR,ERR,ERR,ERR,ERR,ERR,ERR,ERR,ERR,ERR,ERR,ERR,ERR,ERR,ERR,ERR,ERR,ERR,ERR,ERR,ERR,ERR,ERR,ERR,ERR,ERR,ERR,ERR,ERR,ERR,2.718442270659078e+23,107616344.0,2.742017713988437e+23,-0.0,0.0,-0.0,-216.277,0.0,4300,0,8,17170,4300,14654991499264.0,38,0.0,0.0,-0.0,0.0,2.7184166902131945e+23,0,0,0,0,0.0,0,0,0,0,0,0,0,0,0,0,0,0,0,0,0,0,0,0,0,0,0,0,0,0,0,0,0,0,0,0,0,0,0,13,35,35,47,65476,397,65476,1,0,4,21553,0.0,2.7183305813883192e+23,8.359058084868433e+20,0.0,0.0,0.0,0.0,0.0,0.0,0.0,0.0,0.0,0.0,0.0,0.0,0.0,0.0,0.0,0.0,0.0,0.0,2.004,-0.0,0.0,2.004,3.697077501875873e+19,0.0,0.0,0.0,0.0,6504.0,-8608230400.0,0.0,2.718442270659078e+23,107616344.0,-0.0,107616288.0,0.0,0.0,2.004,2.004,222,89220.57,4.0668755697950344e+29,0.0,0.0,0.0,0.0,0.0,0.0,0.0,0,0,0,-0.0,-1127492354048.0,9.329,3.103805990839941e+21,1.9468269390764575e+29,-0.0,4.114920244553972e+23,0.0,-1.443129242469951e+19,-7.99085503833369e+20,-0.0,2855306.25,0.0,0.0,0.0,0.0,0,1.3516416376850534e+27,222,0.0,446,-2.637553503966331e+17,-1.3516467135626022e+35,2114,0,17110,13107,17112,13107,17095,0,0,0,101,100,100,0.0,64.4,-107615232.0,64.2,2.7302334150594743e+23,64.0,1,49,50,180,0,0,0,0,0.0,0.0,0.0,60.0,0.0,71.0,0.0,1943594.625,0.0,1070,0,1070,0,0,0,1070,0,1081,0,996,0,642,0,644,0,640,0,676,0.032,8.005886927989945e+21,2.004,2.73023467606737e+23,21648,16813,-1.040568450151896e+34,69762.664,-1.7925411663404354e+31,5.779084253964425e+23,-0.0,-0.0,50.0,60.0,35,0.0,0.0,10.0,2.0,0.0,0.0,0.0,0.0,0.0,0.0,0.0,0.0,0.0,0.0,0.0,0.0,58.8,22,38,5,27,65476,446,65476,1,0,4,20529,65476,0,0,30147,60.0,0.0,10.0,10.0,2.0,0.0
2026-02-16T12:12:34,ERR,ERR,ERR,ERR,ERR,ERR,ERR,ERR,ERR,ERR,ERR,ERR,ERR,ERR,ERR,ERR,ERR,ERR,ERR,ERR,ERR,ERR,ERR,ERR,ERR,ERR,ERR,ERR,ERR,ERR,ERR,ERR,ERR,ERR,ERR,ERR,ERR,ERR,ERR,ERR,ERR,ERR,ERR,ERR,ERR,ERR,ERR,ERR,ERR,ERR,ERR,ERR,ERR,ERR,ERR,ERR,ERR,ERR,ERR,ERR,ERR,ERR,ERR,ERR,ERR,ERR,ERR,ERR,ERR,ERR,ERR,ERR,ERR,ERR,ERR,ERR,ERR,ERR,ERR,ERR,ERR,ERR,ERR,ERR,ERR,ERR,ERR,ERR,ERR,ERR,ERR,ERR,ERR,ERR,ERR,ERR,ERR,ERR,ERR,ERR,ERR,ERR,ERR,ERR,ERR,ERR,ERR,ERR,ERR,ERR,ERR,ERR,ERR,ERR,ERR,ERR,ERR,ERR,ERR,ERR,ERR,ERR,ERR,ERR,ERR,2.718442270659078e+23,107616344.0,2.742017713988437e+23,-0.0,0.0,-0.0,-216.277,0.0,4300,0,8,17170,4300,14654991499264.0,38,0.0,0.0,-0.0,0.0,2.7184166902131945e+23,0,0,0,0,0.0,0,0,0,0,0,0,0,0,0,0,0,0,0,0,0,0,0,0,0,0,0,0,0,0,0,0,0,0,0,0,0,0,0,13,35,35,47,65476,397,65476,1,0,4,21553,0.0,2.7183305813883192e+23,8.359058084868433e+20,0.0,0.0,0.0,0.0,0.0,0.0,0.0,0.0,0.0,0.0,0.0,0.0,0.0,0.0,0.0,0.0,0.0,0.0,2.004,-0.0,0.0,2.004,3.697077501875873e+19,0.0,0.0,0.0,0.0,6504.0,-8608230400.0,0.0,2.718442270659078e+23,107616344.0,-0.0,107616288.0,0.0,0.0,2.004,2.004,222,89220.57,4.0668755697950344e+29,0.0,0.0,0.0,0.0,0.0,0.0,0.0,0,0,0,-0.0,-1127492354048.0,9.329,3.103805990839941e+21,1.9468269390764575e+29,-0.0,4.114920244553972e+23,0.0,-1.443129242469951e+19,-7.99085503833369e+20,-0.0,2855306.25,0.0,0.0,0.0,0.0,0,1.3516416376850534e+27,222,0.0,446,-2.637553503966331e+17,-1.3516467135626022e+35,2114,0,17110,13107,17112,13107,17095,0,0,0,101,100,100,0.0,64.4,-107615232.0,64.2,2.7302334150594743e+23,64.0,1,49,50,180,0,0,0,0,0.0,0.0,0.0,60.0,0.0,71.0,0.0,1943594.625,0.0,1070,0,1070,0,0,0,1070,0,1081,0,996,0,642,0,644,0,640,0,676,0.032,8.005886927989945e+21,2.004,2.73023467606737e+23,21648,16813,-1.040568450151896e+34,69762.664,-1.7925411663404354e+31,5.779084253964425e+23,-0.0,-0.0,50.0,60.0,35,0.0,0.0,10.0,2.0,0.0,0.0,0.0,0.0,0.0,0.0,0.0,0.0,0.0,0.0,0.0,0.0,58.8,22,38,5,27,65476,423,65476,1,0,4,20529,65476,0,0,30147,60.0,0.0,10.0,10.0,2.0,0.0
2026-02-16T12:12:35,ERR,ERR,ERR,ERR,ERR,ERR,ERR,ERR,ERR,ERR,ERR,ERR,ERR,ERR,ERR,ERR,ERR,ERR,ERR,ERR,ERR,ERR,ERR,ERR,ERR,ERR,ERR,ERR,ERR,ERR,ERR,ERR,ERR,ERR,ERR,ERR,ERR,ERR,ERR,ERR,ERR,ERR,ERR,ERR,ERR,ERR,ERR,ERR,ERR,ERR,ERR,ERR,ERR,ERR,ERR,ERR,ERR,ERR,ERR,ERR,ERR,ERR,ERR,ERR,ERR,ERR,ERR,ERR,ERR,ERR,ERR,ERR,ERR,ERR,ERR,ERR,ERR,ERR,ERR,ERR,ERR,ERR,ERR,ERR,ERR,ERR,ERR,ERR,ERR,ERR,ERR,ERR,ERR,ERR,ERR,ERR,ERR,ERR,ERR,ERR,ERR,ERR,ERR,ERR,ERR,ERR,ERR,ERR,ERR,ERR,ERR,ERR,ERR,ERR,ERR,ERR,ERR,ERR,ERR,ERR,ERR,ERR,ERR,ERR,ERR,2.718442270659078e+23,107616344.0,2.742017713988437e+23,-0.0,0.0,-0.0,-216.277,0.0,4300,0,8,17170,4300,14654991499264.0,38,0.0,0.0,-0.0,0.0,2.7184166902131945e+23,0,0,0,0,0.0,0,0,0,0,0,0,0,0,0,0,0,0,0,0,0,0,0,0,0,0,0,0,0,0,0,0,0,0,0,0,0,0,0,13,35,35,47,65476,397,65476,1,0,4,21553,0.0,2.7183305813883192e+23,8.359058084868433e+20,0.0,0.0,0.0,0.0,0.0,0.0,0.0,0.0,0.0,0.0,0.0,0.0,0.0,0.0,0.0,0.0,0.0,0.0,2.004,-0.0,0.0,2.004,3.697077501875873e+19,0.0,0.0,0.0,0.0,6504.0,-8608230400.0,0.0,2.718442270659078e+23,107616344.0,-0.0,107616288.0,0.0,0.0,2.004,2.004,222,89220.57,4.0668755697950344e+29,0.0,0.0,0.0,0.0,0.0,0.0,0.0,0,0,0,-0.0,-1127492354048.0,9.329,3.103805990839941e+21,1.9468269390764575e+29,-0.0,4.114920244553972e+23,0.0,-1.443129242469951e+19,-7.99085503833369e+20,-0.0,2855306.25,0.0,0.0,0.0,0.0,0,1.3516416376850534e+27,222,0.0,446,-2.637553503966331e+17,-1.3516467135626022e+35,2114,0,17110,13107,17112,13107,17095,0,0,0,101,100,100,-0.0,63.95,-107615232.0,64.2,2.7302334150594743e+23,64.0,1,49,50,180,0,0,0,0,0.0,0.0,0.0,60.0,0.0,71.0,0.0,-104289959936.0,0.0,1070,0,1070,0,0,0,1070,0,1081,0,996,0,642,0,644,0,639,0,676,0.032,7.968993439842526e+21,2.004,2.73023467606737e+23,39696,16813,0.0,-104289959936.0,-62016.129,-17029125120.0,8.036145065773876e+20,-0.0,50.0,60.0,35,0.0,0.0,10.0,2.0,0.0,0.0,0.0,0.0,0.0,0.0,0.0,0.0,0.0,0.0,0.0,0.0,58.8,22,37,4,27,65476,423,65476,1,0,4,20529,65476,0,0,30147,60.0,0.0,10.0,10.0,2.0,0.0
2026-02-16T12:12:36,ERR,ERR,ERR,ERR,ERR,ERR,ERR,ERR,ERR,ERR,ERR,ERR,ERR,ERR,ERR,ERR,ERR,ERR,ERR,ERR,ERR,ERR,ERR,ERR,ERR,ERR,ERR,ERR,ERR,ERR,ERR,ERR,ERR,ERR,ERR,ERR,ERR,ERR,ERR,ERR,ERR,ERR,ERR,ERR,ERR,ERR,ERR,ERR,ERR,ERR,ERR,ERR,ERR,ERR,ERR,ERR,ERR,ERR,ERR,ERR,ERR,ERR,ERR,ERR,ERR,ERR,ERR,ERR,ERR,ERR,ERR,ERR,ERR,ERR,ERR,ERR,ERR,ERR,ERR,ERR,ERR,ERR,ERR,ERR,ERR,ERR,ERR,ERR,ERR,ERR,ERR,ERR,ERR,ERR,ERR,ERR,ERR,ERR,ERR,ERR,ERR,ERR,ERR,ERR,ERR,ERR,ERR,ERR,ERR,ERR,ERR,ERR,ERR,ERR,ERR,ERR,ERR,ERR,ERR,ERR,ERR,ERR,ERR,ERR,ERR,2.718442270659078e+23,0.0,0.0,-0.0,-8273.889,-0.001,-631919.125,-0.0,4300,0,8,17170,4300,14654991499264.0,37,0.0,0.0,-0.0,0.0,2.7184166902131945e+23,0,0,0,0,0.0,0,0,0,0,0,0,0,0,0,0,0,0,0,0,0,0,0,0,0,0,0,0,0,0,0,0,0,0,0,0,0,0,0,13,35,35,47,65476,400,65476,1,0,4,21553,0.0,-107610976.0,-8629255554465792.0,0.0,0.0,0.0,0.0,0.0,0.0,0.0,0.0,0.0,0.0,0.0,0.0,0.0,0.0,0.0,0.0,0.0,0.0,2.004,-0.0,0.0,2.004,-0.0,0.0,0.0,0.0,0.0,6502.0,0.0,0.0,2.718442270659078e+23,0.0,-0.0,2.7184512778583327e+23,0.0,0.0,2.004,2.004,222,1.9056860945658675e+17,-89221.008,0.0,0.0,0.0,0.0,0.0,0.0,0.0,0,0,0,-62459324.0,1845308.5,9.266,1.4749866410847303e+35,-0.0,8.648906708196535e+34,8.8542311955244e+33,nan,-2.5297057777632054e+23,-8.636491080913524e+20,-0.0,3068298.25,0.0,0.0,0.0,-4.2832132985622546e+30,0,1.3516416376850534e+27,224,0.0,448,-2.637553503966331e+17,-1.3516467135626022e+35,2114,0,17110,13107,17112,13107,17095,0,0,0,101,100,100,-0.0,63.95,-107615232.0,64.2,2.7302334150594743e+23,64.0,1,49,50,180,0,0,0,0,0.0,0.0,0.0,60.0,0.0,71.0,0.0,-104289959936.0,0.0,1070,0,1070,0,0,0,1070,0,1081,0,996,0,642,0,644,0,639,0,676,0.032,7.968993439842526e+21,2.004,2.73023467606737e+23,39696,16813,0.0,-104289959936.0,-62016.129,-17029125120.0,8.036145065773876e+20,-0.0,50.0,60.0,35,0.0,0.0,10.0,2.0,0.0,0.0,0.0,0.0,0.0,0.0,0.0,0.0,0.0,0.0,0.0,0.0,58.8,22,37,4,27,65476,423,65476,1,0,4,20529,65476,0,0,30147,60.0,0.0,10.0,10.0,2.0,0.0
2026-02-16T12:12:37,ERR,ERR,ERR,ERR,ERR,ERR,ERR,ERR,ERR,ERR,ERR,ERR,ERR,ERR,ERR,ERR,ERR,ERR,ERR,ERR,ERR,ERR,ERR,ERR,ERR,ERR,ERR,ERR,ERR,ERR,ERR,ERR,ERR,ERR,ERR,ERR,ERR,ERR,ERR,ERR,ERR,ERR,ERR,ERR,ERR,ERR,ERR,ERR,ERR,ERR,ERR,ERR,ERR,ERR,ERR,ERR,ERR,ERR,ERR,ERR,ERR,ERR,ERR,ERR,ERR,ERR,ERR,ERR,ERR,ERR,ERR,ERR,ERR,ERR,ERR,ERR,ERR,ERR,ERR,ERR,ERR,ERR,ERR,ERR,ERR,ERR,ERR,ERR,ERR,ERR,ERR,ERR,ERR,ERR,ERR,ERR,ERR,ERR,ERR,ERR,ERR,ERR,ERR,ERR,ERR,ERR,ERR,ERR,ERR,ERR,ERR,ERR,ERR,ERR,ERR,ERR,ERR,ERR,ERR,ERR,ERR,ERR,ERR,ERR,ERR,2.718442270659078e+23,0.0,0.0,-0.0,-8273.889,-0.001,-631919.125,-0.0,4300,0,8,17170,4300,14654991499264.0,37,0.0,0.0,-0.0,0.0,2.7184166902131945e+23,0,0,0,0,0.0,0,0,0,0,0,0,0,0,0,0,0,0,0,0,0,0,0,0,0,0,0,0,0,0,0,0,0,0,0,0,0,0,0,13,35,35,47,65476,400,65476,1,0,4,21553,0.0,-107610976.0,-8629255554465792.0,0.0,0.0,0.0,0.0,0.0,0.0,0.0,0.0,0.0,0.0,0.0,0.0,0.0,0.0,0.0,0.0,0.0,0.0,2.004,-0.0,0.0,2.004,-0.0,0.0,0.0,0.0,0.0,6502.0,0.0,0.0,2.718442270659078e+23,0.0,-0.0,2.7184512778583327e+23,0.0,0.0,2.004,2.004,222,1.9056860945658675e+17,-89221.008,0.0,0.0,0.0,0.0,0.0,0.0,0.0,0,0,0,-62459324.0,1845308.5,9.266,1.4749866410847303e+35,-0.0,8.648906708196535e+34,8.8542311955244e+33,nan,-2.5297057777632054e+23,-8.636491080913524e+20,-0.0,3068298.25,0.0,0.0,0.0,-4.2832132985622546e+30,0,1.3516416376850534e+27,224,0.0,448,-2.637553503966331e+17,-1.3516467135626022e+35,2114,0,17110,13107,17112,13107,17095,0,0,0,101,100,100,-0.0,63.95,-107615232.0,64.2,2.7302334150594743e+23,64.0,1,49,50,180,0,0,0,0,0.0,0.0,0.0,60.0,0.0,71.0,0.0,-104289959936.0,0.0,1070,0,1070,0,0,0,1070,0,1081,0,996,0,642,0,644,0,639,0,676,0.032,7.968993439842526e+21,2.004,2.73023467606737e+23,39696,16813,0.0,-104289959936.0,-62016.129,-17029125120.0,8.036145065773876e+20,-0.0,50.0,60.0,35,0.0,0.0,10.0,2.0,0.0,0.0,0.0,0.0,0.0,0.0,0.0,0.0,0.0,0.0,0.0,0.0,58.8,23,36,4,27,65476,444,65476,1,0,4,20529,65476,0,0,30147,60.0,0.0,10.0,10.0,2.0,0.0
2026-02-16T12:12:38,ERR,ERR,ERR,ERR,ERR,ERR,ERR,ERR,ERR,ERR,ERR,ERR,ERR,ERR,ERR,ERR,ERR,ERR,ERR,ERR,ERR,ERR,ERR,ERR,ERR,ERR,ERR,ERR,ERR,ERR,ERR,ERR,ERR,ERR,ERR,ERR,ERR,ERR,ERR,ERR,ERR,ERR,ERR,ERR,ERR,ERR,ERR,ERR,ERR,ERR,ERR,ERR,ERR,ERR,ERR,ERR,ERR,ERR,ERR,ERR,ERR,ERR,ERR,ERR,ERR,ERR,ERR,ERR,ERR,ERR,ERR,ERR,ERR,ERR,ERR,ERR,ERR,ERR,ERR,ERR,ERR,ERR,ERR,ERR,ERR,ERR,ERR,ERR,ERR,ERR,ERR,ERR,ERR,ERR,ERR,ERR,ERR,ERR,ERR,ERR,ERR,ERR,ERR,ERR,ERR,ERR,ERR,ERR,ERR,ERR,ERR,ERR,ERR,ERR,ERR,ERR,ERR,ERR,ERR,ERR,ERR,ERR,ERR,ERR,ERR,2.718442270659078e+23,0.0,0.0,-0.0,-8273.889,-0.001,-631919.125,-0.0,4300,0,8,17170,4300,14654991499264.0,37,0.0,0.0,-0.0,0.0,2.7184166902131945e+23,0,0,0,0,0.0,0,0,0,0,0,0,0,0,0,0,0,0,0,0,0,0,0,0,0,0,0,0,0,0,0,0,0,0,0,0,0,0,0,13,35,35,47,65476,400,65476,1,0,4,21553,0.0,-107610976.0,-8629255554465792.0,0.0,0.0,0.0,0.0,0.0,0.0,0.0,0.0,0.0,0.0,0.0,0.0,0.0,0.0,0.0,0.0,0.0,0.0,2.004,-0.0,0.0,2.004,-0.0,0.0,0.0,0.0,0.0,6502.0,0.0,0.0,2.718442270659078e+23,0.0,-0.0,2.7184512778583327e+23,0.0,0.0,2.004,2.004,222,1.9056860945658675e+17,-89221.008,0.0,0.0,0.0,0.0,0.0,0.0,0.0,0,0,0,-62459324.0,1845308.5,9.266,1.4749866410847303e+35,-0.0,8.648906708196535e+34,8.8542311955244e+33,nan,-2.5297057777632054e+23,-8.636491080913524e+20,-0.0,3068298.25,0.0,0.0,0.0,-4.2832132985622546e+30,0,1.3516416376850534e+27,224,0.0,448,-2.637553503966331e+17,-1.3516467135626022e+35,2114,0,17110,13107,17112,13107,17095,0,0,0,101,100,100,-0.0,63.95,-107615232.0,64.2,2.7302334150594743e+23,64.0,1,49,50,180,0,0,0,0,0.0,0.0,0.0,60.0,0.0,71.0,0.0,-0.0,0.0,1070,0,1071,0,0,0,1070,0,1081,0,996,0,642,0,644,0,640,0,677,0.032,7.968993439842526e+21,2.004,2.73023467606737e+23,36240,16813,0.0,0.0,11664.033,2.1766603321772327e+38,-1.6437261873963916e+35,0.0,50.0,60.0,35,0.0,0.0,10.0,2.0,0.0,0.0,0.0,0.0,0.0,0.0,0.0,0.0,0.0,0.0,0.0,0.0,58.8,23,36,4,27,65476,444,65476,1,0,4,20529,65476,0,0,30147,60.0,0.0,10.0,10.0,2.0,0.0
2026-02-16T12:12:39,ERR,ERR,ERR,ERR,ERR,ERR,ERR,ERR,ERR,ERR,ERR,ERR,ERR,ERR,ERR,ERR,ERR,ERR,ERR,ERR,ERR,ERR,ERR,ERR,ERR,ERR,ERR,ERR,ERR,ERR,ERR,ERR,ERR,ERR,ERR,ERR,ERR,ERR,ERR,ERR,ERR,ERR,ERR,ERR,ERR,ERR,ERR,ERR,ERR,ERR,ERR,ERR,ERR,ERR,ERR,ERR,ERR,ERR,ERR,ERR,ERR,ERR,ERR,ERR,ERR,ERR,ERR,ERR,ERR,ERR,ERR,ERR,ERR,ERR,ERR,ERR,ERR,ERR,ERR,ERR,ERR,ERR,ERR,ERR,ERR,ERR,ERR,ERR,ERR,ERR,ERR,ERR,ERR,ERR,ERR,ERR,ERR,ERR,ERR,ERR,ERR,ERR,ERR,ERR,ERR,ERR,ERR,ERR,ERR,ERR,ERR,ERR,ERR,ERR,ERR,ERR,ERR,ERR,ERR,ERR,ERR,ERR,ERR,ERR,ERR,2.718442270659078e+23,0.0,0.0,-0.0,-8273.889,-0.001,-631919.125,-0.0,4300,0,8,17170,4300,14654991499264.0,37,0.0,0.0,-0.0,0.0,2.7184166902131945e+23,0,0,0,0,0.0,0,0,0,0,0,0,0,0,0,0,0,0,0,0,0,0,0,0,0,0,0,0,0,0,0,0,0,0,0,0,0,0,0,13,35,35,47,65476,400,65476,1,0,4,21553,0.0,-107610976.0,-8629255554465792.0,0.0,0.0,0.0,0.0,0.0,0.0,0.0,0.0,0.0,0.0,0.0,0.0,0.0,0.0,0.0,0.0,0.0,0.0,2.004,-0.0,0.0,2.004,-0.0,0.0,0.0,0.0,0.0,6502.0,0.0,0.0,2.718442270659078e+23,0.0,-0.0,2.7184512778583327e+23,0.0,0.0,2.004,2.004,222,1.9056860945658675e+17,-89221.008,0.0,0.0,0.0,0.0,0.0,0.0,0.0,0,0,0,-62459324.0,1845308.5,9.266,1.4749866410847303e+35,-0.0,8.648906708196535e+34,8.8542311955244e+33,nan,-2.5297057777632054e+23,-8.636491080913524e+20,-0.0,3068298.25,0.0,0.0,0.0,-4.2832132985622546e+30,0,1.3516416376850534e+27,224,0.0,448,-2.637553503966331e+17,-1.3516467135626022e+35,2114,0,17110,13107,17112,13107,17095,0,0,0,101,100,100,-0.0,63.95,-107615232.0,64.2,2.7302334150594743e+23,64.0,1,49,50,180,0,0,0,0,0.0,0.0,0.0,60.0,0.0,71.0,0.0,-0.0,0.0,1070,0,1071,0,0,0,1070,0,1081,0,996,0,642,0,644,0,640,0,677,0.032,7.968993439842526e+21,2.004,2.73023467606737e+23,36240,16813,0.0,0.0,11664.033,2.1766603321772327e+38,-1.6437261873963916e+35,0.0,50.0,60.0,35,0.0,0.0,10.0,2.0,0.0,0.0,0.0,0.0,0.0,0.0,0.0,0.0,0.0,0.0,0.0,0.0,58.8,25,34,2,27,65476,444,65476,1,0,4,20529,65476,0,0,30147,60.0,0.0,10.0,10.0,2.0,0.0
2026-02-16T12:12:40,ERR,ERR,ERR,ERR,ERR,ERR,ERR,ERR,ERR,ERR,ERR,ERR,ERR,ERR,ERR,ERR,ERR,ERR,ERR,ERR,ERR,ERR,ERR,ERR,ERR,ERR,ERR,ERR,ERR,ERR,ERR,ERR,ERR,ERR,ERR,ERR,ERR,ERR,ERR,ERR,ERR,ERR,ERR,ERR,ERR,ERR,ERR,ERR,ERR,ERR,ERR,ERR,ERR,ERR,ERR,ERR,ERR,ERR,ERR,ERR,ERR,ERR,ERR,ERR,ERR,ERR,ERR,ERR,ERR,ERR,ERR,ERR,ERR,ERR,ERR,ERR,ERR,ERR,ERR,ERR,ERR,ERR,ERR,ERR,ERR,ERR,ERR,ERR,ERR,ERR,ERR,ERR,ERR,ERR,ERR,ERR,ERR,ERR,ERR,ERR,ERR,ERR,ERR,ERR,ERR,ERR,ERR,ERR,ERR,ERR,ERR,ERR,ERR,ERR,ERR,ERR,ERR,ERR,ERR,ERR,ERR,ERR,ERR,ERR,ERR,2.718442270659078e+23,0.0,0.0,-0.0,-8273.889,-0.001,-631919.125,-0.0,4300,0,8,17170,4300,14654991499264.0,37,0.0,0.0,-0.0,0.0,2.7184166902131945e+23,0,0,0,0,0.0,0,0,0,0,0,0,0,0,0,0,0,0,0,0,0,0,0,0,0,0,0,0,0,0,0,0,0,0,0,0,0,0,0,13,35,35,47,65476,400,65476,1,0,4,21553,0.0,-107610976.0,-8629255554465792.0,0.0,0.0,0.0,0.0,0.0,0.0,0.0,0.0,0.0,0.0,0.0,0.0,0.0,0.0,0.0,0.0,0.0,0.0,2.004,-0.0,0.0,2.004,-0.0,0.0,0.0,0.0,0.0,6502.0,0.0,0.0,2.718442270659078e+23,0.0,-0.0,2.7184512778583327e+23,0.0,0.0,2.004,2.004,222,1.9056860945658675e+17,-89221.008,0.0,0.0,0.0,0.0,0.0,0.0,0.0,0,0,0,-62459324.0,1845308.5,9.266,1.4749866410847303e+35,-0.0,8.648906708196535e+34,8.8542311955244e+33,nan,-2.5297057777632054e+23,-8.636491080913524e+20,-0.0,3068298.25,0.0,0.0,0.0,-4.2832132985622546e+30,0,1.3516416376850534e+27,224,0.0,448,-2.637553503966331e+17,-1.3516467135626022e+35,2114,0,17110,13107,17112,13107,17095,0,0,0,101,100,100,-0.0,63.95,-107615232.0,64.2,2.7302334150594743e+23,64.0,1,49,50,180,0,0,0,0,0.0,0.0,0.0,60.0,0.0,71.0,0.0,-0.0,0.0,1070,0,1071,0,0,0,1070,0,1081,0,996,0,642,0,644,0,640,0,677,0.032,7.968993439842526e+21,2.004,2.73023467606737e+23,36240,16813,0.0,0.0,11664.033,2.1766603321772327e+38,-1.6437261873963916e+35,0.0,50.0,60.0,35,0.0,0.0,10.0,2.0,0.0,0.0,0.0,0.0,0.0,0.0,0.0,0.0,0.0,0.0,0.0,0.0,58.8,27,32,0,27,65476,499,65476,1,0,4,20529,65476,0,0,30147,60.0,0.0,10.0,10.0,2.0,0.0
2026-02-16T12:12:41,ERR,ERR,ERR,ERR,ERR,ERR,ERR,ERR,ERR,ERR,ERR,ERR,ERR,ERR,ERR,ERR,ERR,ERR,ERR,ERR,ERR,ERR,ERR,ERR,ERR,ERR,ERR,ERR,ERR,ERR,ERR,ERR,ERR,ERR,ERR,ERR,ERR,ERR,ERR,ERR,ERR,ERR,ERR,ERR,ERR,ERR,ERR,ERR,ERR,ERR,ERR,ERR,ERR,ERR,ERR,ERR,ERR,ERR,ERR,ERR,ERR,ERR,ERR,ERR,ERR,ERR,ERR,ERR,ERR,ERR,ERR,ERR,ERR,ERR,ERR,ERR,ERR,ERR,ERR,ERR,ERR,ERR,ERR,ERR,ERR,ERR,ERR,ERR,ERR,ERR,ERR,ERR,ERR,ERR,ERR,ERR,ERR,ERR,ERR,ERR,ERR,ERR,ERR,ERR,ERR,ERR,ERR,ERR,ERR,ERR,ERR,ERR,ERR,ERR,ERR,ERR,ERR,ERR,ERR,ERR,ERR,ERR,ERR,ERR,ERR,2.718442270659078e+23,0.0,0.0,-0.0,-8273.889,0.0,0.689,50.063,4300,0,8,17170,4300,14654991499264.0,38,0.0,0.0,-0.0,0.0,2.7184166902131945e+23,0,0,0,0,0.0,0,0,0,0,0,0,0,0,0,0,0,0,0,0,0,0,0,0,0,0,0,0,0,0,0,0,0,0,0,0,0,0,0,13,35,35,48,65476,403,65476,1,0,4,21553,0.0,0.0,3.327359465563342e+37,0.0,0.0,0.0,0.0,0.0,0.0,0.0,0.0,0.0,0.0,0.0,0.0,0.0,0.0,0.0,0.0,0.0,0.0,2.004,-0.0,0.0,2.004,-0.0,0.0,0.0,0.0,0.0,6477.0,0.0,0.0,2.718442270659078e+23,107616344.0,-0.0,2.7184512778583327e+23,-0.0,0.0,2.004,2.004,222,5.848056079300204e+35,2.7184276789962853e+23,0.0,0.0,0.0,0.0,0.0,0.0,0.0,0,0,0,-3.91,0.0,4572241920.0,-0.0,1.0609811045876497e+30,-1.9410873819253938e+34,4.2993976938026493e+27,-0.0,-0.0,-9.143776542940537e+20,-0.0,3264906.25,0.0,0.0,0.0,21474427535360.0,0,1.3516416376850534e+27,222,0.0,444,-2.637553503966331e+17,-1.3516467135626022e+35,2114,0,17110,13107,17112,13107,17095,0,0,0,101,100,100,-0.0,63.95,-107615232.0,64.2,2.7302334150594743e+23,64.0,1,49,50,180,0,0,0,0,0.0,0.0,0.0,60.0,0.0,71.0,0.0,-0.0,0.0,1070,0,1071,0,0,0,1070,0,1081,0,996,0,642,0,644,0,640,0,677,0.032,7.968993439842526e+21,2.004,2.73023467606737e+23,36240,16813,0.0,0.0,11664.033,2.1766603321772327e+38,-1.6437261873963916e+35,0.0,50.0,60.0,35,0.0,0.0,10.0,2.0,0.0,0.0,0.0,0.0,0.0,0.0,0.0,0.0,0.0,0.0,0.0,0.0,58.8,27,32,0,27,65476,499,65476,1,0,4,20529,65476,0,0,30147,60.0,0.0,10.0,10.0,2.0,0.0
2026-02-16T12:12:42,ERR,ERR,ERR,ERR,ERR,ERR,ERR,ERR,ERR,ERR,ERR,ERR,ERR,ERR,ERR,ERR,ERR,ERR,ERR,ERR,ERR,ERR,ERR,ERR,ERR,ERR,ERR,ERR,ERR,ERR,ERR,ERR,ERR,ERR,ERR,ERR,ERR,ERR,ERR,ERR,ERR,ERR,ERR,ERR,ERR,ERR,ERR,ERR,ERR,ERR,ERR,ERR,ERR,ERR,ERR,ERR,ERR,ERR,ERR,ERR,ERR,ERR,ERR,ERR,ERR,ERR,ERR,ERR,ERR,ERR,ERR,ERR,ERR,ERR,ERR,ERR,ERR,ERR,ERR,ERR,ERR,ERR,ERR,ERR,ERR,ERR,ERR,ERR,ERR,ERR,ERR,ERR,ERR,ERR,ERR,ERR,ERR,ERR,ERR,ERR,ERR,ERR,ERR,ERR,ERR,ERR,ERR,ERR,ERR,ERR,ERR,ERR,ERR,ERR,ERR,ERR,ERR,ERR,ERR,ERR,ERR,ERR,ERR,ERR,ERR,2.718442270659078e+23,0.0,0.0,-0.0,-8273.889,0.0,0.689,50.063,4300,0,8,17170,4300,14654991499264.0,38,0.0,0.0,-0.0,0.0,2.7184166902131945e+23,0,0,0,0,0.0,0,0,0,0,0,0,0,0,0,0,0,0,0,0,0,0,0,0,0,0,0,0,0,0,0,0,0,0,0,0,0,0,0,13,35,35,48,65476,403,65476,1,0,4,21553,0.0,0.0,3.327359465563342e+37,0.0,0.0,0.0,0.0,0.0,0.0,0.0,0.0,0.0,0.0,0.0,0.0,0.0,0.0,0.0,0.0,0.0,0.0,2.004,-0.0,0.0,2.004,-0.0,0.0,0.0,0.0,0.0,6477.0,0.0,0.0,2.718442270659078e+23,107616344.0,-0.0,2.7184512778583327e+23,-0.0,0.0,2.004,2.004,222,5.848056079300204e+35,2.7184276789962853e+23,0.0,0.0,0.0,0.0,0.0,0.0,0.0,0,0,0,-3.91,0.0,4572241920.0,-0.0,1.0609811045876497e+30,-1.9410873819253938e+34,4.2993976938026493e+27,-0.0,-0.0,-9.143776542940537e+20,-0.0,3264906.25,0.0,0.0,0.0,21474427535360.0,0,1.3516416376850534e+27,222,0.0,444,-2.637553503966331e+17,-1.3516467135626022e+35,2114,0,17110,13107,17112,13107,17095,0,0,0,101,100,100,0.0,64.4,-107615232.0,64.2,2.7302334150594743e+23,64.0,1,49,50,180,0,13107,0,0,0.0,0.0,0.0,60.0,0.0,71.0,0.0,-24499206488064.0,0.0,1070,0,1071,0,0,0,1070,0,1081,0,996,0,642,0,644,0,640,0,676,0.032,8.042780416137365e+21,0.0,0.0,23184,16813,0.0,-24499206488064.0,-6.0968671605280126e+29,7.3139535469892076e+19,-0.0,-0.007,50.0,60.0,35,0.0,0.0,10.0,2.0,0.0,0.0,0.0,0.0,0.0,0.0,0.0,0.0,0.0,0.0,0.0,0.0,58.8,28,32,65535,27,65476,499,65476,1,0,4,20529,65476,0,0,30147,60.0,0.0,10.0,10.0,2.0,0.0
2026-02-16T12:12:43,ERR,ERR,ERR,ERR,ERR,ERR,ERR,ERR,ERR,ERR,ERR,ERR,ERR,ERR,ERR,ERR,ERR,ERR,ERR,ERR,ERR,ERR,ERR,ERR,ERR,ERR,ERR,ERR,ERR,ERR,ERR,ERR,ERR,ERR,ERR,ERR,ERR,ERR,ERR,ERR,ERR,ERR,ERR,ERR,ERR,ERR,ERR,ERR,ERR,ERR,ERR,ERR,ERR,ERR,ERR,ERR,ERR,ERR,ERR,ERR,ERR,ERR,ERR,ERR,ERR,ERR,ERR,ERR,ERR,ERR,ERR,ERR,ERR,ERR,ERR,ERR,ERR,ERR,ERR,ERR,ERR,ERR,ERR,ERR,ERR,ERR,ERR,ERR,ERR,ERR,ERR,ERR,ERR,ERR,ERR,ERR,ERR,ERR,ERR,ERR,ERR,ERR,ERR,ERR,ERR,ERR,ERR,ERR,ERR,ERR,ERR,ERR,ERR,ERR,ERR,ERR,ERR,ERR,ERR,ERR,ERR,ERR,ERR,ERR,ERR,2.718442270659078e+23,0.0,0.0,-0.0,-8273.889,0.0,0.689,50.063,4300,0,8,17170,4300,14654991499264.0,38,0.0,0.0,-0.0,0.0,2.7184166902131945e+23,0,0,0,0,0.0,0,0,0,0,0,0,0,0,0,0,0,0,0,0,0,0,0,0,0,0,0,0,0,0,0,0,0,0,0,0,0,0,0,13,35,35,48,65476,403,65476,1,0,4,21553,0.0,0.0,3.327359465563342e+37,0.0,0.0,0.0,0.0,0.0,0.0,0.0,0.0,0.0,0.0,0.0,0.0,0.0,0.0,0.0,0.0,0.0,0.0,2.004,-0.0,0.0,2.004,-0.0,0.0,0.0,0.0,0.0,6477.0,0.0,0.0,2.718442270659078e+23,107616344.0,-0.0,2.7184512778583327e+23,-0.0,0.0,2.004,2.004,222,5.848056079300204e+35,2.7184276789962853e+23,0.0,0.0,0.0,0.0,0.0,0.0,0.0,0,0,0,-3.91,0.0,4572241920.0,-0.0,1.0609811045876497e+30,-1.9410873819253938e+34,4.2993976938026493e+27,-0.0,-0.0,-9.143776542940537e+20,-0.0,3264906.25,0.0,0.0,0.0,21474427535360.0,0,1.3516416376850534e+27,222,0.0,444,-2.637553503966331e+17,-1.3516467135626022e+35,2114,0,17110,13107,17112,13107,17095,0,0,0,101,100,100,0.0,64.4,-107615232.0,64.2,2.7302334150594743e+23,64.0,1,49,50,180,0,13107,0,0,0.0,0.0,0.0,60.0,0.0,71.0,0.0,-24499206488064.0,0.0,1070,0,1071,0,0,0,1070,0,1081,0,996,0,642,0,644,0,640,0,676,0.032,8.042780416137365e+21,0.0,0.0,23184,16813,0.0,-24499206488064.0,-6.0968671605280126e+29,7.3139535469892076e+19,-0.0,-0.007,50.0,60.0,35,0.0,0.0,10.0,2.0,0.0,0.0,0.0,0.0,0.0,0.0,0.0,0.0,0.0,0.0,0.0,0.0,58.8,28,32,65535,27,65476,499,65476,1,0,4,20529,65476,0,0,30147,60.0,0.0,10.0,10.0,2.0,0.0
2026-02-16T12:12:44,ERR,ERR,ERR,ERR,ERR,ERR,ERR,ERR,ERR,ERR,ERR,ERR,ERR,ERR,ERR,ERR,ERR,ERR,ERR,ERR,ERR,ERR,ERR,ERR,ERR,ERR,ERR,ERR,ERR,ERR,ERR,ERR,ERR,ERR,ERR,ERR,ERR,ERR,ERR,ERR,ERR,ERR,ERR,ERR,ERR,ERR,ERR,ERR,ERR,ERR,ERR,ERR,ERR,ERR,ERR,ERR,ERR,ERR,ERR,ERR,ERR,ERR,ERR,ERR,ERR,ERR,ERR,ERR,ERR,ERR,ERR,ERR,ERR,ERR,ERR,ERR,ERR,ERR,ERR,ERR,ERR,ERR,ERR,ERR,ERR,ERR,ERR,ERR,ERR,ERR,ERR,ERR,ERR,ERR,ERR,ERR,ERR,ERR,ERR,ERR,ERR,ERR,ERR,ERR,ERR,ERR,ERR,ERR,ERR,ERR,ERR,ERR,ERR,ERR,ERR,ERR,ERR,ERR,ERR,ERR,ERR,ERR,ERR,ERR,ERR,2.718442270659078e+23,0.0,0.0,-0.0,-8273.889,0.0,0.689,50.063,4300,0,8,17170,4300,14654991499264.0,38,0.0,0.0,-0.0,0.0,2.7184166902131945e+23,0,0,0,0,0.0,0,0,0,0,0,0,0,0,0,0,0,0,0,0,0,0,0,0,0,0,0,0,0,0,0,0,0,0,0,0,0,0,0,13,35,35,48,65476,403,65476,1,0,4,21553,0.0,0.0,3.327359465563342e+37,0.0,0.0,0.0,0.0,0.0,0.0,0.0,0.0,0.0,0.0,0.0,0.0,0.0,0.0,0.0,0.0,0.0,0.0,2.004,-0.0,0.0,2.004,-0.0,0.0,0.0,0.0,0.0,6477.0,0.0,0.0,2.718442270659078e+23,107616344.0,-0.0,2.7184512778583327e+23,-0.0,0.0,2.004,2.004,222,5.848056079300204e+35,2.7184276789962853e+23,0.0,0.0,0.0,0.0,0.0,0.0,0.0,0,0,0,-3.91,0.0,4572241920.0,-0.0,1.0609811045876497e+30,-1.9410873819253938e+34,4.2993976938026493e+27,-0.0,-0.0,-9.143776542940537e+20,-0.0,3264906.25,0.0,0.0,0.0,21474427535360.0,0,1.3516416376850534e+27,222,0.0,444,-2.637553503966331e+17,-1.3516467135626022e+35,2114,0,17110,13107,17112,13107,17095,0,0,0,101,100,100,0.0,64.4,-107615232.0,64.2,2.7302334150594743e+23,64.0,1,49,50,180,0,13107,0,0,0.0,0.0,0.0,60.0,0.0,71.0,0.0,-24499206488064.0,0.0,1070,0,1071,0,0,0,1070,0,1081,0,996,0,642,0,644,0,640,0,676,0.032,8.042780416137365e+21,0.0,0.0,23184,16813,0.0,-24499206488064.0,-6.0968671605280126e+29,7.3139535469892076e+19,-0.0,-0.007,50.0,60.0,35,0.0,0.0,10.0,2.0,0.0,0.0,0.0,0.0,0.0,0.0,0.0,0.0,0.0,0.0,0.0,0.0,58.8,30,30,65533,27,65476,574,65476,1,0,4,20529,65476,0,0,30147,60.0,0.0,10.0,10.0,2.0,0.0
2026-02-16T12:12:45,ERR,ERR,ERR,ERR,ERR,ERR,ERR,ERR,ERR,ERR,ERR,ERR,ERR,ERR,ERR,ERR,ERR,ERR,ERR,ERR,ERR,ERR,ERR,ERR,ERR,ERR,ERR,ERR,ERR,ERR,ERR,ERR,ERR,ERR,ERR,ERR,ERR,ERR,ERR,ERR,ERR,ERR,ERR,ERR,ERR,ERR,ERR,ERR,ERR,ERR,ERR,ERR,ERR,ERR,ERR,ERR,ERR,ERR,ERR,ERR,ERR,ERR,ERR,ERR,ERR,ERR,ERR,ERR,ERR,ERR,ERR,ERR,ERR,ERR,ERR,ERR,ERR,ERR,ERR,ERR,ERR,ERR,ERR,ERR,ERR,ERR,ERR,ERR,ERR,ERR,ERR,ERR,ERR,ERR,ERR,ERR,ERR,ERR,ERR,ERR,ERR,ERR,ERR,ERR,ERR,ERR,ERR,ERR,ERR,ERR,ERR,ERR,ERR,ERR,ERR,ERR,ERR,ERR,ERR,ERR,ERR,ERR,ERR,ERR,ERR,2.718442270659078e+23,0.0,0.0,-0.0,-8273.889,0.0,0.689,50.063,4300,0,8,17170,4300,14654991499264.0,38,0.0,0.0,-0.0,0.0,2.7184166902131945e+23,0,0,0,0,0.0,0,0,0,0,0,0,0,0,0,0,0,0,0,0,0,0,0,0,0,0,0,0,0,0,0,0,0,0,0,0,0,0,0,13,35,35,48,65476,403,65476,1,0,4,21553,0.0,0.0,3.327359465563342e+37,0.0,0.0,0.0,0.0,0.0,0.0,0.0,0.0,0.0,0.0,0.0,0.0,0.0,0.0,0.0,0.0,0.0,0.0,2.004,-0.0,0.0,2.004,-0.0,0.0,0.0,0.0,0.0,6477.0,0.0,0.0,2.718442270659078e+23,107616344.0,-0.0,2.7184512778583327e+23,-0.0,0.0,2.004,2.004,222,5.848056079300204e+35,2.7184276789962853e+23,0.0,0.0,0.0,0.0,0.0,0.0,0.0,0,0,0,-3.91,0.0,4572241920.0,-0.0,1.0609811045876497e+30,-1.9410873819253938e+34,4.2993976938026493e+27,-0.0,-0.0,-9.143776542940537e+20,-0.0,3264906.25,0.0,0.0,0.0,21474427535360.0,0,1.3516416376850534e+27,222,0.0,444,-2.637553503966331e+17,-1.3516467135626022e+35,2114,0,17110,13107,17112,13107,17095,0,0,0,101,100,100,0.0,64.4,-107615232.0,64.2,2.7302334150594743e+23,64.0,1,49,50,180,0,0,0,0,0.0,0.0,0.0,60.0,0.0,71.0,0.0,-7.030585447058195e+36,0.0,1070,0,1071,0,0,0,1070,0,1081,0,996,0,642,0,644,0,640,0,677,0.032,7.968993439842526e+21,0.0,0.0,42128,16813,0.0,nan,0.0,-4.6568542732444153e+27,-223494.266,-4.1332260569215926e+20,50.0,60.0,35,0.0,0.0,10.0,2.0,0.0,0.0,0.0,0.0,0.0,0.0,0.0,0.0,0.0,0.0,0.0,0.0,59.2,31,29,65532,27,65476,646,65476,1,0,4,20529,65476,0,0,30147,60.0,0.0,10.0,10.0,2.0,0.0
2026-02-16T12:12:46,ERR,ERR,ERR,ERR,ERR,ERR,ERR,ERR,ERR,ERR,ERR,ERR,ERR,ERR,ERR,ERR,ERR,ERR,ERR,ERR,ERR,ERR,ERR,ERR,ERR,ERR,ERR,ERR,ERR,ERR,ERR,ERR,ERR,ERR,ERR,ERR,ERR,ERR,ERR,ERR,ERR,ERR,ERR,ERR,ERR,ERR,ERR,ERR,ERR,ERR,ERR,ERR,ERR,ERR,ERR,ERR,ERR,ERR,ERR,ERR,ERR,ERR,ERR,ERR,ERR,ERR,ERR,ERR,ERR,ERR,ERR,ERR,ERR,ERR,ERR,ERR,ERR,ERR,ERR,ERR,ERR,ERR,ERR,ERR,ERR,ERR,ERR,ERR,ERR,ERR,ERR,ERR,ERR,ERR,ERR,ERR,ERR,ERR,ERR,ERR,ERR,ERR,ERR,ERR,ERR,ERR,ERR,ERR,ERR,ERR,ERR,ERR,ERR,ERR,ERR,ERR,ERR,ERR,ERR,ERR,ERR,ERR,ERR,ERR,ERR,2.718442270659078e+23,0.0,0.0,-0.0,-8273.889,-8.24803335294881e+28,0.0,5300001177600.0,4300,0,8,17170,4300,14654991499264.0,37,0.0,0.0,-0.0,0.0,2.7184166902131945e+23,0,0,0,0,0.0,0,0,0,0,0,0,0,0,0,0,0,0,0,0,0,0,0,0,0,0,0,0,0,0,0,0,0,0,0,0,0,0,0,13,35,35,48,65476,407,65476,1,0,4,21553,0.0,0.0,0.0,0.0,0.0,0.0,0.0,0.0,0.0,0.0,0.0,0.0,0.0,0.0,0.0,0.0,0.0,0.0,0.0,0.0,0.0,2.004,-0.0,0.0,2.004,-0.0,0.0,0.0,0.0,0.0,6443.0,-0.0,0.0,2.718442270659078e+23,0.0,-0.0,2.7184512778583327e+23,0.0,0.0,2.004,2.004,222,-0.0,0.0,0.0,0.0,0.0,0.0,0.0,0.0,0.0,0,0,0,-184825584.0,0.0,3.177411083859508e+25,-6365435.5,-0.0,7.291838576080421e+29,-0.0,-2.0046258300861855e+27,-1.9756209075744476e+27,-9.697178865151823e+20,-0.0,3461514.25,0.0,0.0,0.0,0.022,0,1.3516416376850534e+27,222,0.0,444,-0.0,-0.235,2114,0,17110,13107,17112,13107,17095,0,0,0,101,100,100,0.0,64.4,-107615232.0,64.2,2.7302334150594743e+23,64.0,1,49,50,180,0,0,0,0,0.0,0.0,0.0,60.0,0.0,71.0,0.0,-7.030585447058195e+36,0.0,1070,0,1071,0,0,0,1070,0,1081,0,996,0,642,0,644,0,640,0,677,0.032,7.968993439842526e+21,0.0,0.0,42128,16813,0.0,nan,0.0,-4.6568542732444153e+27,-223494.266,-4.1332260569215926e+20,50.0,60.0,35,0.0,0.0,10.0,2.0,0.0,0.0,0.0,0.0,0.0,0.0,0.0,0.0,0.0,0.0,0.0,0.0,59.2,31,29,65532,27,65476,646,65476,1,0,4,20529,65476,0,0,30147,60.0,0.0,10.0,10.0,2.0,0.0
2026-02-16T12:12:47,ERR,ERR,ERR,ERR,ERR,ERR,ERR,ERR,ERR,ERR,ERR,ERR,ERR,ERR,ERR,ERR,ERR,ERR,ERR,ERR,ERR,ERR,ERR,ERR,ERR,ERR,ERR,ERR,ERR,ERR,ERR,ERR,ERR,ERR,ERR,ERR,ERR,ERR,ERR,ERR,ERR,ERR,ERR,ERR,ERR,ERR,ERR,ERR,ERR,ERR,ERR,ERR,ERR,ERR,ERR,ERR,ERR,ERR,ERR,ERR,ERR,ERR,ERR,ERR,ERR,ERR,ERR,ERR,ERR,ERR,ERR,ERR,ERR,ERR,ERR,ERR,ERR,ERR,ERR,ERR,ERR,ERR,ERR,ERR,ERR,ERR,ERR,ERR,ERR,ERR,ERR,ERR,ERR,ERR,ERR,ERR,ERR,ERR,ERR,ERR,ERR,ERR,ERR,ERR,ERR,ERR,ERR,ERR,ERR,ERR,ERR,ERR,ERR,ERR,ERR,ERR,ERR,ERR,ERR,ERR,ERR,ERR,ERR,ERR,ERR,2.718442270659078e+23,0.0,0.0,-0.0,-8273.889,-8.24803335294881e+28,0.0,5300001177600.0,4300,0,8,17170,4300,14654991499264.0,37,0.0,0.0,-0.0,0.0,2.7184166902131945e+23,0,0,0,0,0.0,0,0,0,0,0,0,0,0,0,0,0,0,0,0,0,0,0,0,0,0,0,0,0,0,0,0,0,0,0,0,0,0,0,13,35,35,48,65476,407,65476,1,0,4,21553,0.0,0.0,0.0,0.0,0.0,0.0,0.0,0.0,0.0,0.0,0.0,0.0,0.0,0.0,0.0,0.0,0.0,0.0,0.0,0.0,0.0,2.004,-0.0,0.0,2.004,-0.0,0.0,0.0,0.0,0.0,6443.0,-0.0,0.0,2.718442270659078e+23,0.0,-0.0,2.7184512778583327e+23,0.0,0.0,2.004,2.004,222,-0.0,0.0,0.0,0.0,0.0,0.0,0.0,0.0,0.0,0,0,0,-184825584.0,0.0,3.177411083859508e+25,-6365435.5,-0.0,7.291838576080421e+29,-0.0,-2.0046258300861855e+27,-1.9756209075744476e+27,-9.697178865151823e+20,-0.0,3461514.25,0.0,0.0,0.0,0.022,0,1.3516416376850534e+27,222,0.0,444,-0.0,-0.235,2114,0,17110,13107,17112,13107,17095,0,0,0,101,100,100,0.0,64.4,-107615232.0,64.2,2.7302334150594743e+23,64.0,1,49,50,180,0,0,0,0,0.0,0.0,0.0,60.0,0.0,71.0,0.0,-7.030585447058195e+36,0.0,1070,0,1071,0,0,0,1070,0,1081,0,996,0,642,0,644,0,640,0,677,0.032,7.968993439842526e+21,0.0,0.0,42128,16813,0.0,nan,0.0,-4.6568542732444153e+27,-223494.266,-4.1332260569215926e+20,50.0,60.0,35,0.0,0.0,10.0,2.0,0.0,0.0,0.0,0.0,0.0,0.0,0.0,0.0,0.0,0.0,0.0,0.0,58.8,31,29,65531,27,65476,646,65476,1,0,4,20529,65476,0,0,30147,60.0,0.0,10.0,10.0,2.0,0.0
2026-02-16T12:12:48,ERR,ERR,ERR,ERR,ERR,ERR,ERR,ERR,ERR,ERR,ERR,ERR,ERR,ERR,ERR,ERR,ERR,ERR,ERR,ERR,ERR,ERR,ERR,ERR,ERR,ERR,ERR,ERR,ERR,ERR,ERR,ERR,ERR,ERR,ERR,ERR,ERR,ERR,ERR,ERR,ERR,ERR,ERR,ERR,ERR,ERR,ERR,ERR,ERR,ERR,ERR,ERR,ERR,ERR,ERR,ERR,ERR,ERR,ERR,ERR,ERR,ERR,ERR,ERR,ERR,ERR,ERR,ERR,ERR,ERR,ERR,ERR,ERR,ERR,ERR,ERR,ERR,ERR,ERR,ERR,ERR,ERR,ERR,ERR,ERR,ERR,ERR,ERR,ERR,ERR,ERR,ERR,ERR,ERR,ERR,ERR,ERR,ERR,ERR,ERR,ERR,ERR,ERR,ERR,ERR,ERR,ERR,ERR,ERR,ERR,ERR,ERR,ERR,ERR,ERR,ERR,ERR,ERR,ERR,ERR,ERR,ERR,ERR,ERR,ERR,2.718442270659078e+23,0.0,0.0,-0.0,-8273.889,-8.24803335294881e+28,0.0,5300001177600.0,4300,0,8,17170,4300,14654991499264.0,37,0.0,0.0,-0.0,0.0,2.7184166902131945e+23,0,0,0,0,0.0,0,0,0,0,0,0,0,0,0,0,0,0,0,0,0,0,0,0,0,0,0,0,0,0,0,0,0,0,0,0,0,0,0,13,35,35,48,65476,407,65476,1,0,4,21553,0.0,0.0,0.0,0.0,0.0,0.0,0.0,0.0,0.0,0.0,0.0,0.0,0.0,0.0,0.0,0.0,0.0,0.0,0.0,0.0,0.0,2.004,-0.0,0.0,2.004,-0.0,0.0,0.0,0.0,0.0,6443.0,-0.0,0.0,2.718442270659078e+23,0.0,-0.0,2.7184512778583327e+23,0.0,0.0,2.004,2.004,222,-0.0,0.0,0.0,0.0,0.0,0.0,0.0,0.0,0.0,0,0,0,-184825584.0,0.0,3.177411083859508e+25,-6365435.5,-0.0,7.291838576080421e+29,-0.0,-2.0046258300861855e+27,-1.9756209075744476e+27,-9.697178865151823e+20,-0.0,3461514.25,0.0,0.0,0.0,0.022,0,1.3516416376850534e+27,222,0.0,444,-0.0,-0.235,2114,0,17110,13107,17112,13107,17095,0,0,0,101,100,100,0.0,64.4,-107615232.0,64.2,2.7302334150594743e+23,64.0,1,49,50,180,0,13107,0,0,0.0,0.0,0.0,60.0,0.0,71.0,0.0,-2.565013739719885e+16,0.0,1070,0,1071,0,0,0,1071,0,1081,0,996,0,642,0,644,0,640,0,676,0.032,7.968993439842526e+21,0.0,0.0,40080,16813,0.0,-1.2174084800512e+17,0.0,-0.0,-3.4911591874151936e+21,-2.8427078250087224e+32,50.0,60.0,35,0.0,0.0,10.0,2.0,0.0,0.0,0.0,0.0,0.0,0.0,0.0,0.0,0.0,0.0,0.0,0.0,58.8,31,29,65531,27,65476,646,65476,1,0,4,20529,65476,0,0,30147,60.0,0.0,10.0,10.0,2.0,0.0
2026-02-16T12:12:49,ERR,ERR,ERR,ERR,ERR,ERR,ERR,ERR,ERR,ERR,ERR,ERR,ERR,ERR,ERR,ERR,ERR,ERR,ERR,ERR,ERR,ERR,ERR,ERR,ERR,ERR,ERR,ERR,ERR,ERR,ERR,ERR,ERR,ERR,ERR,ERR,ERR,ERR,ERR,ERR,ERR,ERR,ERR,ERR,ERR,ERR,ERR,ERR,ERR,ERR,ERR,ERR,ERR,ERR,ERR,ERR,ERR,ERR,ERR,ERR,ERR,ERR,ERR,ERR,ERR,ERR,ERR,ERR,ERR,ERR,ERR,ERR,ERR,ERR,ERR,ERR,ERR,ERR,ERR,ERR,ERR,ERR,ERR,ERR,ERR,ERR,ERR,ERR,ERR,ERR,ERR,ERR,ERR,ERR,ERR,ERR,ERR,ERR,ERR,ERR,ERR,ERR,ERR,ERR,ERR,ERR,ERR,ERR,ERR,ERR,ERR,ERR,ERR,ERR,ERR,ERR,ERR,ERR,ERR,ERR,ERR,ERR,ERR,ERR,ERR,2.718442270659078e+23,0.0,0.0,-0.0,-8273.889,-8.24803335294881e+28,0.0,5300001177600.0,4300,0,8,17170,4300,14654991499264.0,37,0.0,0.0,-0.0,0.0,2.7184166902131945e+23,0,0,0,0,0.0,0,0,0,0,0,0,0,0,0,0,0,0,0,0,0,0,0,0,0,0,0,0,0,0,0,0,0,0,0,0,0,0,0,13,35,35,48,65476,407,65476,1,0,4,21553,0.0,0.0,0.0,0.0,0.0,0.0,0.0,0.0,0.0,0.0,0.0,0.0,0.0,0.0,0.0,0.0,0.0,0.0,0.0,0.0,0.0,2.004,-0.0,0.0,2.004,-0.0,0.0,0.0,0.0,0.0,6443.0,-0.0,0.0,2.718442270659078e+23,0.0,-0.0,2.7184512778583327e+23,0.0,0.0,2.004,2.004,222,-0.0,0.0,0.0,0.0,0.0,0.0,0.0,0.0,0.0,0,0,0,-184825584.0,0.0,3.177411083859508e+25,-6365435.5,-0.0,7.291838576080421e+29,-0.0,-2.0046258300861855e+27,-1.9756209075744476e+27,-9.697178865151823e+20,-0.0,3461514.25,0.0,0.0,0.0,0.022,0,1.3516416376850534e+27,222,0.0,444,-0.0,-0.235,2114,0,17110,13107,17112,13107,17095,0,0,0,101,100,100,0.0,64.4,-107615232.0,64.2,2.7302334150594743e+23,64.0,1,49,50,180,0,13107,0,0,0.0,0.0,0.0,60.0,0.0,71.0,0.0,-2.565013739719885e+16,0.0,1070,0,1071,0,0,0,1071,0,1081,0,996,0,642,0,644,0,640,0,676,0.032,7.968993439842526e+21,0.0,0.0,40080,16813,0.0,-1.2174084800512e+17,0.0,-0.0,-3.4911591874151936e+21,-2.8427078250087224e+32,50.0,60.0,35,0.0,0.0,10.0,2.0,0.0,0.0,0.0,0.0,0.0,0.0,0.0,0.0,0.0,0.0,0.0,0.0,58.8,31,29,65532,27,65476,686,65476,1,0,4,20529,65476,0,0,30147,60.0,0.0,10.0,10.0,2.0,0.0
2026-02-16T12:12:50,ERR,ERR,ERR,ERR,ERR,ERR,ERR,ERR,ERR,ERR,ERR,ERR,ERR,ERR,ERR,ERR,ERR,ERR,ERR,ERR,ERR,ERR,ERR,ERR,ERR,ERR,ERR,ERR,ERR,ERR,ERR,ERR,ERR,ERR,ERR,ERR,ERR,ERR,ERR,ERR,ERR,ERR,ERR,ERR,ERR,ERR,ERR,ERR,ERR,ERR,ERR,ERR,ERR,ERR,ERR,ERR,ERR,ERR,ERR,ERR,ERR,ERR,ERR,ERR,ERR,ERR,ERR,ERR,ERR,ERR,ERR,ERR,ERR,ERR,ERR,ERR,ERR,ERR,ERR,ERR,ERR,ERR,ERR,ERR,ERR,ERR,ERR,ERR,ERR,ERR,ERR,ERR,ERR,ERR,ERR,ERR,ERR,ERR,ERR,ERR,ERR,ERR,ERR,ERR,ERR,ERR,ERR,ERR,ERR,ERR,ERR,ERR,ERR,ERR,ERR,ERR,ERR,ERR,ERR,ERR,ERR,ERR,ERR,ERR,ERR,2.718442270659078e+23,0.0,0.0,2.7183363459958422e+23,4.0450645835047296e+31,-7.498755151300217e+21,0.0,-2.67766336104289e+20,4300,0,8,17166,4300,-0.0,38,0.0,0.0,2.7183363459958422e+23,0.0,-0.0,0,0,0,0,0.0,0,0,0,0,0,0,0,0,0,0,0,0,0,0,0,0,0,0,0,0,0,0,0,0,0,0,0,0,0,0,0,0,0,13,35,35,48,65476,408,65476,1,0,4,21553,0.0,0.0,156.258,0.0,0.0,0.0,0.0,0.0,0.0,0.0,0.0,0.0,0.0,0.0,0.0,0.0,0.0,0.0,0.0,0.0,0.0,2.004,-0.0,0.0,2.004,-0.0,0.0,0.0,0.0,0.0,6446.0,3.697205924833998e+19,0.0,2.718442270659078e+23,0.0,-0.0,2.7184512778583327e+23,0.0,0.0,2.004,2.004,223,-0.0,-2.3088379029658953e+20,0.0,0.0,0.0,0.0,0.0,0.0,0.0,0,0,0,-9168.858,-0.0,6.694537514216482e+19,-0.0,nan,0.0,-0.0,0.0,-1.1443333051816346e+17,-1.0342814907731657e+21,-0.0,3674506.25,0.0,0.0,0.0,-4202398.0,0,1.3516416376850534e+27,223,0.0,446,0.0,0.0,2114,0,17110,13107,17112,13107,17095,0,0,0,101,100,100,0.0,64.4,-107615232.0,64.2,2.7302334150594743e+23,64.0,1,49,50,180,0,13107,0,0,0.0,0.0,0.0,60.0,0.0,71.0,0.0,-2.565013739719885e+16,0.0,1070,0,1071,0,0,0,1071,0,1081,0,996,0,642,0,644,0,640,0,676,0.032,7.968993439842526e+21,0.0,0.0,40080,16813,0.0,-1.2174084800512e+17,0.0,-0.0,-3.4911591874151936e+21,-2.8427078250087224e+32,50.0,60.0,35,0.0,0.0,10.0,2.0,0.0,0.0,0.0,0.0,0.0,0.0,0.0,0.0,0.0,0.0,0.0,0.0,58.8,30,30,65533,27,65476,686,65476,1,0,4,20529,65476,0,0,30147,60.0,0.0,10.0,10.0,2.0,0.0
2026-02-16T12:12:51,ERR,ERR,ERR,ERR,ERR,ERR,ERR,ERR,ERR,ERR,ERR,ERR,ERR,ERR,ERR,ERR,ERR,ERR,ERR,ERR,ERR,ERR,ERR,ERR,ERR,ERR,ERR,ERR,ERR,ERR,ERR,ERR,ERR,ERR,ERR,ERR,ERR,ERR,ERR,ERR,ERR,ERR,ERR,ERR,ERR,ERR,ERR,ERR,ERR,ERR,ERR,ERR,ERR,ERR,ERR,ERR,ERR,ERR,ERR,ERR,ERR,ERR,ERR,ERR,ERR,ERR,ERR,ERR,ERR,ERR,ERR,ERR,ERR,ERR,ERR,ERR,ERR,ERR,ERR,ERR,ERR,ERR,ERR,ERR,ERR,ERR,ERR,ERR,ERR,ERR,ERR,ERR,ERR,ERR,ERR,ERR,ERR,ERR,ERR,ERR,ERR,ERR,ERR,ERR,ERR,ERR,ERR,ERR,ERR,ERR,ERR,ERR,ERR,ERR,ERR,ERR,ERR,ERR,ERR,ERR,ERR,ERR,ERR,ERR,ERR,2.718442270659078e+23,0.0,0.0,2.7183363459958422e+23,4.0450645835047296e+31,-7.498755151300217e+21,0.0,-2.67766336104289e+20,4300,0,8,17166,4300,-0.0,38,0.0,0.0,2.7183363459958422e+23,0.0,-0.0,0,0,0,0,0.0,0,0,0,0,0,0,0,0,0,0,0,0,0,0,0,0,0,0,0,0,0,0,0,0,0,0,0,0,0,0,0,0,0,13,35,35,48,65476,408,65476,1,0,4,21553,0.0,0.0,156.258,0.0,0.0,0.0,0.0,0.0,0.0,0.0,0.0,0.0,0.0,0.0,0.0,0.0,0.0,0.0,0.0,0.0,0.0,2.004,-0.0,0.0,2.004,-0.0,0.0,0.0,0.0,0.0,6446.0,3.697205924833998e+19,0.0,2.718442270659078e+23,0.0,-0.0,2.7184512778583327e+23,0.0,0.0,2.004,2.004,223,-0.0,-2.3088379029658953e+20,0.0,0.0,0.0,0.0,0.0,0.0,0.0,0,0,0,-9168.858,-0.0,6.694537514216482e+19,-0.0,nan,0.0,-0.0,0.0,-1.1443333051816346e+17,-1.0342814907731657e+21,-0.0,3674506.25,0.0,0.0,0.0,-4202398.0,0,1.3516416376850534e+27,223,0.0,446,0.0,0.0,2114,0,17110,13107,17112,13107,17095,0,0,0,101,100,100,0.0,64.4,-107615232.0,64.2,2.7302334150594743e+23,64.0,1,49,50,180,0,13107,0,0,0.0,0.0,0.0,60.0,0.0,71.0,0.0,-2.565013739719885e+16,0.0,1070,0,1071,0,0,0,1071,0,1081,0,996,0,642,0,644,0,640,0,676,0.032,7.968993439842526e+21,0.0,0.0,40080,16813,0.0,-1.2174084800512e+17,0.0,-0.0,-3.4911591874151936e+21,-2.8427078250087224e+32,50.0,60.0,35,0.0,0.0,10.0,2.0,0.0,0.0,0.0,0.0,0.0,0.0,0.0,0.0,0.0,0.0,0.0,0.0,58.8,30,30,65533,27,65476,686,65476,1,0,4,20529,65476,0,0,30147,60.0,0.0,10.0,10.0,2.0,0.0
2026-02-16T12:12:52,ERR,ERR,ERR,ERR,ERR,ERR,ERR,ERR,ERR,ERR,ERR,ERR,ERR,ERR,ERR,ERR,ERR,ERR,ERR,ERR,ERR,ERR,ERR,ERR,ERR,ERR,ERR,ERR,ERR,ERR,ERR,ERR,ERR,ERR,ERR,ERR,ERR,ERR,ERR,ERR,ERR,ERR,ERR,ERR,ERR,ERR,ERR,ERR,ERR,ERR,ERR,ERR,ERR,ERR,ERR,ERR,ERR,ERR,ERR,ERR,ERR,ERR,ERR,ERR,ERR,ERR,ERR,ERR,ERR,ERR,ERR,ERR,ERR,ERR,ERR,ERR,ERR,ERR,ERR,ERR,ERR,ERR,ERR,ERR,ERR,ERR,ERR,ERR,ERR,ERR,ERR,ERR,ERR,ERR,ERR,ERR,ERR,ERR,ERR,ERR,ERR,ERR,ERR,ERR,ERR,ERR,ERR,ERR,ERR,ERR,ERR,ERR,ERR,ERR,ERR,ERR,ERR,ERR,ERR,ERR,ERR,ERR,ERR,ERR,ERR,2.718442270659078e+23,0.0,0.0,2.7183363459958422e+23,4.0450645835047296e+31,-7.498755151300217e+21,0.0,-2.67766336104289e+20,4300,0,8,17166,4300,-0.0,38,0.0,0.0,2.7183363459958422e+23,0.0,-0.0,0,0,0,0,0.0,0,0,0,0,0,0,0,0,0,0,0,0,0,0,0,0,0,0,0,0,0,0,0,0,0,0,0,0,0,0,0,0,0,13,35,35,48,65476,408,65476,1,0,4,21553,0.0,0.0,156.258,0.0,0.0,0.0,0.0,0.0,0.0,0.0,0.0,0.0,0.0,0.0,0.0,0.0,0.0,0.0,0.0,0.0,0.0,2.004,-0.0,0.0,2.004,-0.0,0.0,0.0,0.0,0.0,6446.0,3.697205924833998e+19,0.0,2.718442270659078e+23,0.0,-0.0,2.7184512778583327e+23,0.0,0.0,2.004,2.004,223,-0.0,-2.3088379029658953e+20,0.0,0.0,0.0,0.0,0.0,0.0,0.0,0,0,0,-9168.858,-0.0,6.694537514216482e+19,-0.0,nan,0.0,-0.0,0.0,-1.1443333051816346e+17,-1.0342814907731657e+21,-0.0,3674506.25,0.0,0.0,0.0,-4202398.0,0,1.3516416376850534e+27,223,0.0,446,0.0,0.0,2114,0,17110,13107,17112,13107,17095,0,0,0,101,100,100,0.0,64.4,-107615232.0,64.2,2.7302334150594743e+23,64.0,1,49,50,180,0,13107,0,0,0.0,0.0,0.0,60.0,0.0,71.0,0.0,1.1236562670724045e+37,0.0,1070,0,1071,0,0,0,1070,0,1081,0,996,0,642,0,644,0,640,0,676,0.032,8.005886927989945e+21,0.0,0.0,38544,16813,0.0,1.1236562670724045e+37,-0.0,-0.0,220183947902976.0,3788802.0,50.0,60.0,35,0.0,0.0,10.0,2.0,0.0,0.0,0.0,0.0,0.0,0.0,0.0,0.0,0.0,0.0,0.0,0.0,59.2,29,31,65534,27,65476,680,65476,1,0,4,20529,65476,0,0,30147,60.0,0.0,10.0,10.0,2.0,0.0
2026-02-16T12:12:53,ERR,ERR,ERR,ERR,ERR,ERR,ERR,ERR,ERR,ERR,ERR,ERR,ERR,ERR,ERR,ERR,ERR,ERR,ERR,ERR,ERR,ERR,ERR,ERR,ERR,ERR,ERR,ERR,ERR,ERR,ERR,ERR,ERR,ERR,ERR,ERR,ERR,ERR,ERR,ERR,ERR,ERR,ERR,ERR,ERR,ERR,ERR,ERR,ERR,ERR,ERR,ERR,ERR,ERR,ERR,ERR,ERR,ERR,ERR,ERR,ERR,ERR,ERR,ERR,ERR,ERR,ERR,ERR,ERR,ERR,ERR,ERR,ERR,ERR,ERR,ERR,ERR,ERR,ERR,ERR,ERR,ERR,ERR,ERR,ERR,ERR,ERR,ERR,ERR,ERR,ERR,ERR,ERR,ERR,ERR,ERR,ERR,ERR,ERR,ERR,ERR,ERR,ERR,ERR,ERR,ERR,ERR,ERR,ERR,ERR,ERR,ERR,ERR,ERR,ERR,ERR,ERR,ERR,ERR,ERR,ERR,ERR,ERR,ERR,ERR,2.718442270659078e+23,0.0,0.0,2.7183363459958422e+23,4.0450645835047296e+31,-7.498755151300217e+21,0.0,-2.67766336104289e+20,4300,0,8,17166,4300,-0.0,38,0.0,0.0,2.7183363459958422e+23,0.0,-0.0,0,0,0,0,0.0,0,0,0,0,0,0,0,0,0,0,0,0,0,0,0,0,0,0,0,0,0,0,0,0,0,0,0,0,0,0,0,0,0,13,35,35,48,65476,408,65476,1,0,4,21553,0.0,0.0,156.258,0.0,0.0,0.0,0.0,0.0,0.0,0.0,0.0,0.0,0.0,0.0,0.0,0.0,0.0,0.0,0.0,0.0,0.0,2.004,-0.0,0.0,2.004,-0.0,0.0,0.0,0.0,0.0,6446.0,3.697205924833998e+19,0.0,2.718442270659078e+23,0.0,-0.0,2.7184512778583327e+23,0.0,0.0,2.004,2.004,223,-0.0,-2.3088379029658953e+20,0.0,0.0,0.0,0.0,0.0,0.0,0.0,0,0,0,-9168.858,-0.0,6.694537514216482e+19,-0.0,nan,0.0,-0.0,0.0,-1.1443333051816346e+17,-1.0342814907731657e+21,-0.0,3674506.25,0.0,0.0,0.0,-4202398.0,0,1.3516416376850534e+27,223,0.0,446,0.0,0.0,2114,0,17110,13107,17112,13107,17095,0,0,0,101,100,100,0.0,64.4,-107615232.0,64.2,2.7302334150594743e+23,64.0,1,49,50,180,0,13107,0,0,0.0,0.0,0.0,60.0,0.0,71.0,0.0,1.1236562670724045e+37,0.0,1070,0,1071,0,0,0,1070,0,1081,0,996,0,642,0,644,0,640,0,676,0.032,8.005886927989945e+21,0.0,0.0,38544,16813,0.0,1.1236562670724045e+37,-0.0,-0.0,220183947902976.0,3788802.0,50.0,60.0,35,0.0,0.0,10.0,2.0,0.0,0.0,0.0,0.0,0.0,0.0,0.0,0.0,0.0,0.0,0.0,0.0,58.8,27,32,0,27,65476,680,65476,1,0,4,20529,65476,0,0,30147,60.0,0.0,10.0,10.0,2.0,0.0
2026-02-16T12:12:54,ERR,ERR,ERR,ERR,ERR,ERR,ERR,ERR,ERR,ERR,ERR,ERR,ERR,ERR,ERR,ERR,ERR,ERR,ERR,ERR,ERR,ERR,ERR,ERR,ERR,ERR,ERR,ERR,ERR,ERR,ERR,ERR,ERR,ERR,ERR,ERR,ERR,ERR,ERR,ERR,ERR,ERR,ERR,ERR,ERR,ERR,ERR,ERR,ERR,ERR,ERR,ERR,ERR,ERR,ERR,ERR,ERR,ERR,ERR,ERR,ERR,ERR,ERR,ERR,ERR,ERR,ERR,ERR,ERR,ERR,ERR,ERR,ERR,ERR,ERR,ERR,ERR,ERR,ERR,ERR,ERR,ERR,ERR,ERR,ERR,ERR,ERR,ERR,ERR,ERR,ERR,ERR,ERR,ERR,ERR,ERR,ERR,ERR,ERR,ERR,ERR,ERR,ERR,ERR,ERR,ERR,ERR,ERR,ERR,ERR,ERR,ERR,ERR,ERR,ERR,ERR,ERR,ERR,ERR,ERR,ERR,ERR,ERR,ERR,ERR,2.718442270659078e+23,0.0,0.0,2.7183363459958422e+23,4.0450645835047296e+31,-7.498755151300217e+21,0.0,-2.67766336104289e+20,4300,0,8,17166,4300,-0.0,38,0.0,0.0,2.7183363459958422e+23,0.0,-0.0,0,0,0,0,0.0,0,0,0,0,0,0,0,0,0,0,0,0,0,0,0,0,0,0,0,0,0,0,0,0,0,0,0,0,0,0,0,0,0,13,35,35,48,65476,408,65476,1,0,4,21553,0.0,0.0,156.258,0.0,0.0,0.0,0.0,0.0,0.0,0.0,0.0,0.0,0.0,0.0,0.0,0.0,0.0,0.0,0.0,0.0,0.0,2.004,-0.0,0.0,2.004,-0.0,0.0,0.0,0.0,0.0,6446.0,3.697205924833998e+19,0.0,2.718442270659078e+23,0.0,-0.0,2.7184512778583327e+23,0.0,0.0,2.004,2.004,223,-0.0,-2.3088379029658953e+20,0.0,0.0,0.0,0.0,0.0,0.0,0.0,0,0,0,-9168.858,-0.0,6.694537514216482e+19,-0.0,nan,0.0,-0.0,0.0,-1.1443333051816346e+17,-1.0342814907731657e+21,-0.0,3674506.25,0.0,0.0,0.0,-4202398.0,0,1.3516416376850534e+27,223,0.0,446,0.0,0.0,2114,0,17110,13107,17112,13107,17095,0,0,0,101,100,100,0.0,64.4,-107615232.0,64.2,2.7302334150594743e+23,64.0,1,49,50,180,0,13107,0,0,0.0,0.0,0.0,60.0,0.0,71.0,0.0,1.1236562670724045e+37,0.0,1070,0,1071,0,0,0,1070,0,1081,0,996,0,642,0,644,0,640,0,676,0.032,8.005886927989945e+21,0.0,0.0,38544,16813,0.0,1.1236562670724045e+37,-0.0,-0.0,220183947902976.0,3788802.0,50.0,60.0,35,0.0,0.0,10.0,2.0,0.0,0.0,0.0,0.0,0.0,0.0,0.0,0.0,0.0,0.0,0.0,0.0,58.8,27,32,0,27,65476,680,65476,1,0,4,20529,65476,0,0,30147,60.0,0.0,10.0,10.0,2.0,0.0
2026-02-16T12:12:55,ERR,ERR,ERR,ERR,ERR,ERR,ERR,ERR,ERR,ERR,ERR,ERR,ERR,ERR,ERR,ERR,ERR,ERR,ERR,ERR,ERR,ERR,ERR,ERR,ERR,ERR,ERR,ERR,ERR,ERR,ERR,ERR,ERR,ERR,ERR,ERR,ERR,ERR,ERR,ERR,ERR,ERR,ERR,ERR,ERR,ERR,ERR,ERR,ERR,ERR,ERR,ERR,ERR,ERR,ERR,ERR,ERR,ERR,ERR,ERR,ERR,ERR,ERR,ERR,ERR,ERR,ERR,ERR,ERR,ERR,ERR,ERR,ERR,ERR,ERR,ERR,ERR,ERR,ERR,ERR,ERR,ERR,ERR,ERR,ERR,ERR,ERR,ERR,ERR,ERR,ERR,ERR,ERR,ERR,ERR,ERR,ERR,ERR,ERR,ERR,ERR,ERR,ERR,ERR,ERR,ERR,ERR,ERR,ERR,ERR,ERR,ERR,ERR,ERR,ERR,ERR,ERR,ERR,ERR,ERR,ERR,ERR,ERR,ERR,ERR,2.718442270659078e+23,0.0,0.0,2.7183363459958422e+23,4.0450645835047296e+31,0.0,4.239616573966472e+25,-0.0,4300,0,8,17166,4300,-0.0,37,0.0,0.0,2.7183363459958422e+23,0.0,-0.0,0,0,0,0,0.0,0,0,0,0,0,0,0,0,0,0,0,0,0,0,0,0,0,0,0,0,0,0,0,0,0,0,0,0,0,0,0,0,0,13,35,35,48,65476,409,65476,1,0,4,21553,0.0,-0.0,-111807733760.0,0.0,0.0,0.0,0.0,0.0,0.0,0.0,0.0,0.0,0.0,0.0,0.0,0.0,0.0,0.0,0.0,0.0,0.0,2.004,-0.0,0.0,3.6970739834386645e+19,-0.0,0.0,0.0,0.0,0.0,6411.0,-564148786167808.0,0.0,2.718442270659078e+23,0.0,0.0,107616288.0,0.0,0.0,2.004,2.004,223,2.71841759093312e+23,-0.0,0.0,0.0,0.0,0.0,0.0,0.0,0.0,0,0,0,-17953.717,37441.895,1.0820502836152893e+18,-41793.969,nan,50648317952000.0,-1045529472.0,-0.0,-0.0,-1.085010036975867e+21,-0.0,3887498.25,0.0,0.0,0.0,-2.367048863290124e+19,0,1.3516416376850534e+27,223,0.0,446,-2.637553503966331e+17,-20512.525,2114,13107,17110,13107,17112,13107,17095,0,0,0,101,100,100,0.0,64.4,-107615232.0,64.2,2.7302334150594743e+23,64.0,1,49,50,180,0,13107,0,0,0.0,0.0,0.0,60.0,0.0,71.0,0.0,-5.205455174668962e+31,0.0,1070,0,1070,0,0,0,1071,0,1081,0,996,0,642,0,644,0,640,0,677,0.032,7.968993439842526e+21,2.004,2.73023467606737e+23,29072,16813,0.0,496138.688,0.0,-0.0,-2.8427604855311303e+19,-0.0,50.0,60.0,35,0.0,0.0,10.0,2.0,0.0,0.0,0.0,0.0,0.0,0.0,0.0,0.0,0.0,0.0,0.0,0.0,58.8,26,33,1,27,65476,638,65476,1,0,4,20529,65476,0,0,30147,60.0,0.0,10.0,10.0,2.0,0.0
2026-02-16T12:12:56,ERR,ERR,ERR,ERR,ERR,ERR,ERR,ERR,ERR,ERR,ERR,ERR,ERR,ERR,ERR,ERR,ERR,ERR,ERR,ERR,ERR,ERR,ERR,ERR,ERR,ERR,ERR,ERR,ERR,ERR,ERR,ERR,ERR,ERR,ERR,ERR,ERR,ERR,ERR,ERR,ERR,ERR,ERR,ERR,ERR,ERR,ERR,ERR,ERR,ERR,ERR,ERR,ERR,ERR,ERR,ERR,ERR,ERR,ERR,ERR,ERR,ERR,ERR,ERR,ERR,ERR,ERR,ERR,ERR,ERR,ERR,ERR,ERR,ERR,ERR,ERR,ERR,ERR,ERR,ERR,ERR,ERR,ERR,ERR,ERR,ERR,ERR,ERR,ERR,ERR,ERR,ERR,ERR,ERR,ERR,ERR,ERR,ERR,ERR,ERR,ERR,ERR,ERR,ERR,ERR,ERR,ERR,ERR,ERR,ERR,ERR,ERR,ERR,ERR,ERR,ERR,ERR,ERR,ERR,ERR,ERR,ERR,ERR,ERR,ERR,2.718442270659078e+23,0.0,0.0,2.7183363459958422e+23,4.0450645835047296e+31,0.0,4.239616573966472e+25,-0.0,4300,0,8,17166,4300,-0.0,37,0.0,0.0,2.7183363459958422e+23,0.0,-0.0,0,0,0,0,0.0,0,0,0,0,0,0,0,0,0,0,0,0,0,0,0,0,0,0,0,0,0,0,0,0,0,0,0,0,0,0,0,0,0,13,35,35,48,65476,409,65476,1,0,4,21553,0.0,-0.0,-111807733760.0,0.0,0.0,0.0,0.0,0.0,0.0,0.0,0.0,0.0,0.0,0.0,0.0,0.0,0.0,0.0,0.0,0.0,0.0,2.004,-0.0,0.0,3.6970739834386645e+19,-0.0,0.0,0.0,0.0,0.0,6411.0,-564148786167808.0,0.0,2.718442270659078e+23,0.0,0.0,107616288.0,0.0,0.0,2.004,2.004,223,2.71841759093312e+23,-0.0,0.0,0.0,0.0,0.0,0.0,0.0,0.0,0,0,0,-17953.717,37441.895,1.0820502836152893e+18,-41793.969,nan,50648317952000.0,-1045529472.0,-0.0,-0.0,-1.085010036975867e+21,-0.0,3887498.25,0.0,0.0,0.0,-2.367048863290124e+19,0,1.3516416376850534e+27,223,0.0,446,-2.637553503966331e+17,-20512.525,2114,13107,17110,13107,17112,13107,17095,0,0,0,101,100,100,0.0,64.4,-107615232.0,64.2,2.7302334150594743e+23,64.0,1,49,50,180,0,13107,0,0,0.0,0.0,0.0,60.0,0.0,71.0,0.0,-5.205455174668962e+31,0.0,1070,0,1070,0,0,0,1071,0,1081,0,996,0,642,0,644,0,640,0,677,0.032,7.968993439842526e+21,2.004,2.73023467606737e+23,29072,16813,0.0,496138.688,0.0,-0.0,-2.8427604855311303e+19,-0.0,50.0,60.0,35,0.0,0.0,10.0,2.0,0.0,0.0,0.0,0.0,0.0,0.0,0.0,0.0,0.0,0.0,0.0,0.0,58.8,26,33,1,27,65476,638,65476,1,0,4,20529,65476,0,0,30147,60.0,0.0,10.0,10.0,2.0,0.0
2026-02-16T12:12:57,ERR,ERR,ERR,ERR,ERR,ERR,ERR,ERR,ERR,ERR,ERR,ERR,ERR,ERR,ERR,ERR,ERR,ERR,ERR,ERR,ERR,ERR,ERR,ERR,ERR,ERR,ERR,ERR,ERR,ERR,ERR,ERR,ERR,ERR,ERR,ERR,ERR,ERR,ERR,ERR,ERR,ERR,ERR,ERR,ERR,ERR,ERR,ERR,ERR,ERR,ERR,ERR,ERR,ERR,ERR,ERR,ERR,ERR,ERR,ERR,ERR,ERR,ERR,ERR,ERR,ERR,ERR,ERR,ERR,ERR,ERR,ERR,ERR,ERR,ERR,ERR,ERR,ERR,ERR,ERR,ERR,ERR,ERR,ERR,ERR,ERR,ERR,ERR,ERR,ERR,ERR,ERR,ERR,ERR,ERR,ERR,ERR,ERR,ERR,ERR,ERR,ERR,ERR,ERR,ERR,ERR,ERR,ERR,ERR,ERR,ERR,ERR,ERR,ERR,ERR,ERR,ERR,ERR,ERR,ERR,ERR,ERR,ERR,ERR,ERR,2.718442270659078e+23,0.0,0.0,2.7183363459958422e+23,4.0450645835047296e+31,0.0,4.239616573966472e+25,-0.0,4300,0,8,17166,4300,-0.0,37,0.0,0.0,2.7183363459958422e+23,0.0,-0.0,0,0,0,0,0.0,0,0,0,0,0,0,0,0,0,0,0,0,0,0,0,0,0,0,0,0,0,0,0,0,0,0,0,0,0,0,0,0,0,13,35,35,48,65476,409,65476,1,0,4,21553,0.0,-0.0,-111807733760.0,0.0,0.0,0.0,0.0,0.0,0.0,0.0,0.0,0.0,0.0,0.0,0.0,0.0,0.0,0.0,0.0,0.0,0.0,2.004,-0.0,0.0,3.6970739834386645e+19,-0.0,0.0,0.0,0.0,0.0,6411.0,-564148786167808.0,0.0,2.718442270659078e+23,0.0,0.0,107616288.0,0.0,0.0,2.004,2.004,223,2.71841759093312e+23,-0.0,0.0,0.0,0.0,0.0,0.0,0.0,0.0,0,0,0,-17953.717,37441.895,1.0820502836152893e+18,-41793.969,nan,50648317952000.0,-1045529472.0,-0.0,-0.0,-1.085010036975867e+21,-0.0,3887498.25,0.0,0.0,0.0,-2.367048863290124e+19,0,1.3516416376850534e+27,223,0.0,446,-2.637553503966331e+17,-20512.525,2114,13107,17110,13107,17112,13107,17095,0,0,0,101,100,100,0.0,64.4,-107615232.0,64.2,2.7302334150594743e+23,64.0,1,49,50,180,0,13107,0,0,0.0,0.0,0.0,60.0,0.0,71.0,0.0,-5.205455174668962e+31,0.0,1070,0,1070,0,0,0,1071,0,1081,0,996,0,642,0,644,0,640,0,677,0.032,7.968993439842526e+21,2.004,2.73023467606737e+23,29072,16813,0.0,496138.688,0.0,-0.0,-2.8427604855311303e+19,-0.0,50.0,60.0,35,0.0,0.0,10.0,2.0,0.0,0.0,0.0,0.0,0.0,0.0,0.0,0.0,0.0,0.0,0.0,0.0,58.8,24,35,3,27,65476,638,65476,1,0,4,20529,65476,0,0,30147,60.0,0.0,10.0,10.0,2.0,0.0
2026-02-16T12:12:58,ERR,ERR,ERR,ERR,ERR,ERR,ERR,ERR,ERR,ERR,ERR,ERR,ERR,ERR,ERR,ERR,ERR,ERR,ERR,ERR,ERR,ERR,ERR,ERR,ERR,ERR,ERR,ERR,ERR,ERR,ERR,ERR,ERR,ERR,ERR,ERR,ERR,ERR,ERR,ERR,ERR,ERR,ERR,ERR,ERR,ERR,ERR,ERR,ERR,ERR,ERR,ERR,ERR,ERR,ERR,ERR,ERR,ERR,ERR,ERR,ERR,ERR,ERR,ERR,ERR,ERR,ERR,ERR,ERR,ERR,ERR,ERR,ERR,ERR,ERR,ERR,ERR,ERR,ERR,ERR,ERR,ERR,ERR,ERR,ERR,ERR,ERR,ERR,ERR,ERR,ERR,ERR,ERR,ERR,ERR,ERR,ERR,ERR,ERR,ERR,ERR,ERR,ERR,ERR,ERR,ERR,ERR,ERR,ERR,ERR,ERR,ERR,ERR,ERR,ERR,ERR,ERR,ERR,ERR,ERR,ERR,ERR,ERR,ERR,ERR,2.718442270659078e+23,0.0,0.0,2.7183363459958422e+23,4.0450645835047296e+31,0.0,4.239616573966472e+25,-0.0,4300,0,8,17166,4300,-0.0,37,0.0,0.0,2.7183363459958422e+23,0.0,-0.0,0,0,0,0,0.0,0,0,0,0,0,0,0,0,0,0,0,0,0,0,0,0,0,0,0,0,0,0,0,0,0,0,0,0,0,0,0,0,0,13,35,35,48,65476,409,65476,1,0,4,21553,0.0,-0.0,-111807733760.0,0.0,0.0,0.0,0.0,0.0,0.0,0.0,0.0,0.0,0.0,0.0,0.0,0.0,0.0,0.0,0.0,0.0,0.0,2.004,-0.0,0.0,3.6970739834386645e+19,-0.0,0.0,0.0,0.0,0.0,6411.0,-564148786167808.0,0.0,2.718442270659078e+23,0.0,0.0,107616288.0,0.0,0.0,2.004,2.004,223,2.71841759093312e+23,-0.0,0.0,0.0,0.0,0.0,0.0,0.0,0.0,0,0,0,-17953.717,37441.895,1.0820502836152893e+18,-41793.969,nan,50648317952000.0,-1045529472.0,-0.0,-0.0,-1.085010036975867e+21,-0.0,3887498.25,0.0,0.0,0.0,-2.367048863290124e+19,0,1.3516416376850534e+27,223,0.0,446,-2.637553503966331e+17,-20512.525,2114,0,17110,13107,17112,13107,17095,0,0,0,101,100,100,0.0,64.4,-107615232.0,64.2,2.7302334150594743e+23,64.0,1,49,50,180,0,13107,0,0,0.0,0.0,0.0,60.0,0.0,71.0,0.0,0.0,0.0,1070,0,1071,0,0,0,1070,0,1081,0,996,0,642,0,644,0,640,0,677,0.032,8.005886927989945e+21,2.004,2.73023467606737e+23,31632,16813,0.0,-1.104473564945204e+32,-0.0,1.3506248300932805e+25,2.9258619983007016e+33,4.271576989318135e+20,50.0,60.0,35,0.0,0.0,10.0,2.0,0.0,0.0,0.0,0.0,0.0,0.0,0.0,0.0,0.0,0.0,0.0,0.0,58.8,23,37,4,27,65476,588,65476,1,0,4,20529,65476,0,0,30147,60.0,0.0,10.0,10.0,2.0,0.0
2026-02-16T12:12:59,ERR,ERR,ERR,ERR,ERR,ERR,ERR,ERR,ERR,ERR,ERR,ERR,ERR,ERR,ERR,ERR,ERR,ERR,ERR,ERR,ERR,ERR,ERR,ERR,ERR,ERR,ERR,ERR,ERR,ERR,ERR,ERR,ERR,ERR,ERR,ERR,ERR,ERR,ERR,ERR,ERR,ERR,ERR,ERR,ERR,ERR,ERR,ERR,ERR,ERR,ERR,ERR,ERR,ERR,ERR,ERR,ERR,ERR,ERR,ERR,ERR,ERR,ERR,ERR,ERR,ERR,ERR,ERR,ERR,ERR,ERR,ERR,ERR,ERR,ERR,ERR,ERR,ERR,ERR,ERR,ERR,ERR,ERR,ERR,ERR,ERR,ERR,ERR,ERR,ERR,ERR,ERR,ERR,ERR,ERR,ERR,ERR,ERR,ERR,ERR,ERR,ERR,ERR,ERR,ERR,ERR,ERR,ERR,ERR,ERR,ERR,ERR,ERR,ERR,ERR,ERR,ERR,ERR,ERR,ERR,ERR,ERR,ERR,ERR,ERR,2.718442270659078e+23,0.0,0.0,2.7183363459958422e+23,4.0450645835047296e+31,0.0,4.239616573966472e+25,-0.0,4300,0,8,17166,4300,-0.0,37,0.0,0.0,2.7183363459958422e+23,0.0,-0.0,0,0,0,0,0.0,0,0,0,0,0,0,0,0,0,0,0,0,0,0,0,0,0,0,0,0,0,0,0,0,0,0,0,0,0,0,0,0,0,13,35,35,48,65476,409,65476,1,0,4,21553,0.0,-0.0,-111807733760.0,0.0,0.0,0.0,0.0,0.0,0.0,0.0,0.0,0.0,0.0,0.0,0.0,0.0,0.0,0.0,0.0,0.0,0.0,2.004,-0.0,0.0,3.6970739834386645e+19,-0.0,0.0,0.0,0.0,0.0,6411.0,-564148786167808.0,0.0,2.718442270659078e+23,0.0,0.0,107616288.0,0.0,0.0,2.004,2.004,223,2.71841759093312e+23,-0.0,0.0,0.0,0.0,0.0,0.0,0.0,0.0,0,0,0,-17953.717,37441.895,1.0820502836152893e+18,-41793.969,nan,50648317952000.0,-1045529472.0,-0.0,-0.0,-1.085010036975867e+21,-0.0,3887498.25,0.0,0.0,0.0,-2.367048863290124e+19,0,1.3516416376850534e+27,223,0.0,446,-2.637553503966331e+17,-20512.525,2114,0,17110,13107,17112,13107,17095,0,0,0,101,100,100,0.0,64.4,-107615232.0,64.2,2.7302334150594743e+23,64.0,1,49,50,180,0,13107,0,0,0.0,0.0,0.0,60.0,0.0,71.0,0.0,0.0,0.0,1070,0,1071,0,0,0,1070,0,1081,0,996,0,642,0,644,0,640,0,677,0.032,8.005886927989945e+21,2.004,2.73023467606737e+23,31632,16813,0.0,-1.104473564945204e+32,-0.0,1.3506248300932805e+25,2.9258619983007016e+33,4.271576989318135e+20,50.0,60.0,35,0.0,0.0,10.0,2.0,0.0,0.0,0.0,0.0,0.0,0.0,0.0,0.0,0.0,0.0,0.0,0.0,58.8,23,37,4,27,65476,588,65476,1,0,4,20529,65476,0,0,30147,60.0,0.0,10.0,10.0,2.0,0.0
2026-02-16T12:13:00,ERR,ERR,ERR,ERR,ERR,ERR,ERR,ERR,ERR,ERR,ERR,ERR,ERR,ERR,ERR,ERR,ERR,ERR,ERR,ERR,ERR,ERR,ERR,ERR,ERR,ERR,ERR,ERR,ERR,ERR,ERR,ERR,ERR,ERR,ERR,ERR,ERR,ERR,ERR,ERR,ERR,ERR,ERR,ERR,ERR,ERR,ERR,ERR,ERR,ERR,ERR,ERR,ERR,ERR,ERR,ERR,ERR,ERR,ERR,ERR,ERR,ERR,ERR,ERR,ERR,ERR,ERR,ERR,ERR,ERR,ERR,ERR,ERR,ERR,ERR,ERR,ERR,ERR,ERR,ERR,ERR,ERR,ERR,ERR,ERR,ERR,ERR,ERR,ERR,ERR,ERR,ERR,ERR,ERR,ERR,ERR,ERR,ERR,ERR,ERR,ERR,ERR,ERR,ERR,ERR,ERR,ERR,ERR,ERR,ERR,ERR,ERR,ERR,ERR,ERR,ERR,ERR,ERR,ERR,ERR,ERR,ERR,ERR,ERR,ERR,2.718442270659078e+23,0.0,0.0,2.7183363459958422e+23,4.0450645835047296e+31,2.590174112603105e+26,-1.3077421882946434e+29,4226527529009152.0,4300,0,8,17170,4300,-0.0,37,0.0,0.0,2.7183363459958422e+23,0.0,-0.0,0,0,0,0,0.0,0,0,0,0,0,0,0,0,0,0,0,0,0,0,0,0,0,0,0,0,0,0,0,0,0,0,0,0,0,0,0,0,0,13,35,35,48,65476,410,65476,1,0,4,21553,0.0,2.7183305813883192e+23,3780.131,0.0,0.0,0.0,0.0,0.0,0.0,0.0,0.0,0.0,0.0,0.0,0.0,0.0,0.0,0.0,0.0,0.0,0.0,2.004,-0.0,0.0,-0.0,3.697077501875873e+19,0.0,0.0,0.0,0.0,6409.0,0.0,0.0,2.718442270659078e+23,0.0,0.0,107616288.0,0.0,0.0,2.004,2.004,223,89220.57,0.0,0.0,0.0,0.0,0.0,0.0,0.0,0.0,0,0,0,-0.0,-0.35,15632.859,5.833785358680064e+16,3.763979729578121e+24,0.0,0.0,1.3262885270774767e+29,-0.0,-1.1403502691969957e+21,-0.0,4051338.25,0.0,0.0,0.0,0.938,0,1.3516416376850534e+27,223,0.0,446,0.0,4.689388604382247e+24,2114,0,17110,13107,17112,13107,17095,0,0,0,101,100,100,0.0,64.4,-107615232.0,64.2,2.7302334150594743e+23,64.0,1,49,50,180,0,13107,0,0,0.0,0.0,0.0,60.0,0.0,71.0,0.0,0.0,0.0,1070,0,1071,0,0,0,1070,0,1081,0,996,0,642,0,644,0,640,0,677,0.032,8.005886927989945e+21,2.004,2.73023467606737e+23,31632,16813,0.0,-1.104473564945204e+32,-0.0,1.3506248300932805e+25,2.9258619983007016e+33,4.271576989318135e+20,50.0,60.0,35,0.0,0.0,10.0,2.0,0.0,0.0,0.0,0.0,0.0,0.0,0.0,0.0,0.0,0.0,0.0,0.0,59.2,22,38,5,27,65476,562,65476,1,0,4,20529,65476,0,0,30147,60.0,0.0,10.0,10.0,2.0,0.0
2026-02-16T12:13:01,ERR,ERR,ERR,ERR,ERR,ERR,ERR,ERR,ERR,ERR,ERR,ERR,ERR,ERR,ERR,ERR,ERR,ERR,ERR,ERR,ERR,ERR,ERR,ERR,ERR,ERR,ERR,ERR,ERR,ERR,ERR,ERR,ERR,ERR,ERR,ERR,ERR,ERR,ERR,ERR,ERR,ERR,ERR,ERR,ERR,ERR,ERR,ERR,ERR,ERR,ERR,ERR,ERR,ERR,ERR,ERR,ERR,ERR,ERR,ERR,ERR,ERR,ERR,ERR,ERR,ERR,ERR,ERR,ERR,ERR,ERR,ERR,ERR,ERR,ERR,ERR,ERR,ERR,ERR,ERR,ERR,ERR,ERR,ERR,ERR,ERR,ERR,ERR,ERR,ERR,ERR,ERR,ERR,ERR,ERR,ERR,ERR,ERR,ERR,ERR,ERR,ERR,ERR,ERR,ERR,ERR,ERR,ERR,ERR,ERR,ERR,ERR,ERR,ERR,ERR,ERR,ERR,ERR,ERR,ERR,ERR,ERR,ERR,ERR,ERR,2.718442270659078e+23,0.0,0.0,2.7183363459958422e+23,4.0450645835047296e+31,2.590174112603105e+26,-1.3077421882946434e+29,4226527529009152.0,4300,0,8,17170,4300,-0.0,37,0.0,0.0,2.7183363459958422e+23,0.0,-0.0,0,0,0,0,0.0,0,0,0,0,0,0,0,0,0,0,0,0,0,0,0,0,0,0,0,0,0,0,0,0,0,0,0,0,0,0,0,0,0,13,35,35,48,65476,410,65476,1,0,4,21553,0.0,2.7183305813883192e+23,3780.131,0.0,0.0,0.0,0.0,0.0,0.0,0.0,0.0,0.0,0.0,0.0,0.0,0.0,0.0,0.0,0.0,0.0,0.0,2.004,-0.0,0.0,-0.0,3.697077501875873e+19,0.0,0.0,0.0,0.0,6409.0,0.0,0.0,2.718442270659078e+23,0.0,0.0,107616288.0,0.0,0.0,2.004,2.004,223,89220.57,0.0,0.0,0.0,0.0,0.0,0.0,0.0,0.0,0,0,0,-0.0,-0.35,15632.859,5.833785358680064e+16,3.763979729578121e+24,0.0,0.0,1.3262885270774767e+29,-0.0,-1.1403502691969957e+21,-0.0,4051338.25,0.0,0.0,0.0,0.938,0,1.3516416376850534e+27,223,0.0,446,0.0,4.689388604382247e+24,2114,0,17110,13107,17112,13107,17095,0,0,0,101,100,100,0.0,64.4,-107615232.0,64.2,2.7302334150594743e+23,64.0,1,49,50,180,0,13107,0,0,0.0,0.0,0.0,60.0,0.0,71.0,0.0,0.0,0.0,1070,0,1071,0,0,0,1070,0,1081,0,996,0,642,0,644,0,640,0,677,0.032,8.005886927989945e+21,2.004,2.73023467606737e+23,31632,16813,0.0,-1.104473564945204e+32,-0.0,1.3506248300932805e+25,2.9258619983007016e+33,4.271576989318135e+20,50.0,60.0,35,0.0,0.0,10.0,2.0,0.0,0.0,0.0,0.0,0.0,0.0,0.0,0.0,0.0,0.0,0.0,0.0,59.2,22,38,5,27,65476,562,65476,1,0,4,20529,65476,0,0,30147,60.0,0.0,10.0,10.0,2.0,0.0
2026-02-16T12:13:02,ERR,ERR,ERR,ERR,ERR,ERR,ERR,ERR,ERR,ERR,ERR,ERR,ERR,ERR,ERR,ERR,ERR,ERR,ERR,ERR,ERR,ERR,ERR,ERR,ERR,ERR,ERR,ERR,ERR,ERR,ERR,ERR,ERR,ERR,ERR,ERR,ERR,ERR,ERR,ERR,ERR,ERR,ERR,ERR,ERR,ERR,ERR,ERR,ERR,ERR,ERR,ERR,ERR,ERR,ERR,ERR,ERR,ERR,ERR,ERR,ERR,ERR,ERR,ERR,ERR,ERR,ERR,ERR,ERR,ERR,ERR,ERR,ERR,ERR,ERR,ERR,ERR,ERR,ERR,ERR,ERR,ERR,ERR,ERR,ERR,ERR,ERR,ERR,ERR,ERR,ERR,ERR,ERR,ERR,ERR,ERR,ERR,ERR,ERR,ERR,ERR,ERR,ERR,ERR,ERR,ERR,ERR,ERR,ERR,ERR,ERR,ERR,ERR,ERR,ERR,ERR,ERR,ERR,ERR,ERR,ERR,ERR,ERR,ERR,ERR,2.718442270659078e+23,0.0,0.0,2.7183363459958422e+23,4.0450645835047296e+31,2.590174112603105e+26,-1.3077421882946434e+29,4226527529009152.0,4300,0,8,17170,4300,-0.0,37,0.0,0.0,2.7183363459958422e+23,0.0,-0.0,0,0,0,0,0.0,0,0,0,0,0,0,0,0,0,0,0,0,0,0,0,0,0,0,0,0,0,0,0,0,0,0,0,0,0,0,0,0,0,13,35,35,48,65476,410,65476,1,0,4,21553,0.0,2.7183305813883192e+23,3780.131,0.0,0.0,0.0,0.0,0.0,0.0,0.0,0.0,0.0,0.0,0.0,0.0,0.0,0.0,0.0,0.0,0.0,0.0,2.004,-0.0,0.0,-0.0,3.697077501875873e+19,0.0,0.0,0.0,0.0,6409.0,0.0,0.0,2.718442270659078e+23,0.0,0.0,107616288.0,0.0,0.0,2.004,2.004,223,89220.57,0.0,0.0,0.0,0.0,0.0,0.0,0.0,0.0,0,0,0,-0.0,-0.35,15632.859,5.833785358680064e+16,3.763979729578121e+24,0.0,0.0,1.3262885270774767e+29,-0.0,-1.1403502691969957e+21,-0.0,4051338.25,0.0,0.0,0.0,0.938,0,1.3516416376850534e+27,223,0.0,446,0.0,4.689388604382247e+24,2114,0,17110,13107,17112,13107,17095,0,0,0,101,100,100,0.0,64.4,-107615232.0,64.2,2.7302334150594743e+23,64.0,1,49,50,180,0,13107,0,0,0.0,0.0,0.0,60.0,0.0,71.0,0.0,0.0,0.0,1070,0,1070,0,0,0,1070,0,1081,0,996,0,642,0,644,0,640,0,677,0.032,8.005886927989945e+21,2.004,2.73023467606737e+23,33936,16813,0.0,0.0,-5.712187041465093e+26,-6.9680757761932e+19,-0.0,-0.0,50.0,60.0,35,0.0,0.0,10.0,2.0,0.0,0.0,0.0,0.0,0.0,0.0,0.0,0.0,0.0,0.0,0.0,0.0,58.8,22,38,5,27,65476,562,65476,1,0,4,20529,65476,0,0,30147,60.0,0.0,10.0,10.0,2.0,0.0
2026-02-16T12:13:03,ERR,ERR,ERR,ERR,ERR,ERR,ERR,ERR,ERR,ERR,ERR,ERR,ERR,ERR,ERR,ERR,ERR,ERR,ERR,ERR,ERR,ERR,ERR,ERR,ERR,ERR,ERR,ERR,ERR,ERR,ERR,ERR,ERR,ERR,ERR,ERR,ERR,ERR,ERR,ERR,ERR,ERR,ERR,ERR,ERR,ERR,ERR,ERR,ERR,ERR,ERR,ERR,ERR,ERR,ERR,ERR,ERR,ERR,ERR,ERR,ERR,ERR,ERR,ERR,ERR,ERR,ERR,ERR,ERR,ERR,ERR,ERR,ERR,ERR,ERR,ERR,ERR,ERR,ERR,ERR,ERR,ERR,ERR,ERR,ERR,ERR,ERR,ERR,ERR,ERR,ERR,ERR,ERR,ERR,ERR,ERR,ERR,ERR,ERR,ERR,ERR,ERR,ERR,ERR,ERR,ERR,ERR,ERR,ERR,ERR,ERR,ERR,ERR,ERR,ERR,ERR,ERR,ERR,ERR,ERR,ERR,ERR,ERR,ERR,ERR,2.718442270659078e+23,0.0,0.0,2.7183363459958422e+23,4.0450645835047296e+31,2.590174112603105e+26,-1.3077421882946434e+29,4226527529009152.0,4300,0,8,17170,4300,-0.0,37,0.0,0.0,2.7183363459958422e+23,0.0,-0.0,0,0,0,0,0.0,0,0,0,0,0,0,0,0,0,0,0,0,0,0,0,0,0,0,0,0,0,0,0,0,0,0,0,0,0,0,0,0,0,13,35,35,48,65476,410,65476,1,0,4,21553,0.0,2.7183305813883192e+23,3780.131,0.0,0.0,0.0,0.0,0.0,0.0,0.0,0.0,0.0,0.0,0.0,0.0,0.0,0.0,0.0,0.0,0.0,0.0,2.004,-0.0,0.0,-0.0,3.697077501875873e+19,0.0,0.0,0.0,0.0,6409.0,0.0,0.0,2.718442270659078e+23,0.0,0.0,107616288.0,0.0,0.0,2.004,2.004,223,89220.57,0.0,0.0,0.0,0.0,0.0,0.0,0.0,0.0,0,0,0,-0.0,-0.35,15632.859,5.833785358680064e+16,3.763979729578121e+24,0.0,0.0,1.3262885270774767e+29,-0.0,-1.1403502691969957e+21,-0.0,4051338.25,0.0,0.0,0.0,0.938,0,1.3516416376850534e+27,223,0.0,446,0.0,4.689388604382247e+24,2114,0,17110,13107,17112,13107,17095,0,0,0,101,100,100,0.0,64.4,-107615232.0,64.2,2.7302334150594743e+23,64.0,1,49,50,180,0,13107,0,0,0.0,0.0,0.0,60.0,0.0,71.0,0.0,0.0,0.0,1070,0,1070,0,0,0,1070,0,1081,0,996,0,642,0,644,0,640,0,677,0.032,8.005886927989945e+21,2.004,2.73023467606737e+23,33936,16813,0.0,0.0,-5.712187041465093e+26,-6.9680757761932e+19,-0.0,-0.0,50.0,60.0,35,0.0,0.0,10.0,2.0,0.0,0.0,0.0,0.0,0.0,0.0,0.0,0.0,0.0,0.0,0.0,0.0,58.8,21,38,6,27,65476,542,65476,1,0,4,20529,65476,0,0,30147,60.0,0.0,10.0,10.0,2.0,0.0
2026-02-16T12:13:04,ERR,ERR,ERR,ERR,ERR,ERR,ERR,ERR,ERR,ERR,ERR,ERR,ERR,ERR,ERR,ERR,ERR,ERR,ERR,ERR,ERR,ERR,ERR,ERR,ERR,ERR,ERR,ERR,ERR,ERR,ERR,ERR,ERR,ERR,ERR,ERR,ERR,ERR,ERR,ERR,ERR,ERR,ERR,ERR,ERR,ERR,ERR,ERR,ERR,ERR,ERR,ERR,ERR,ERR,ERR,ERR,ERR,ERR,ERR,ERR,ERR,ERR,ERR,ERR,ERR,ERR,ERR,ERR,ERR,ERR,ERR,ERR,ERR,ERR,ERR,ERR,ERR,ERR,ERR,ERR,ERR,ERR,ERR,ERR,ERR,ERR,ERR,ERR,ERR,ERR,ERR,ERR,ERR,ERR,ERR,ERR,ERR,ERR,ERR,ERR,ERR,ERR,ERR,ERR,ERR,ERR,ERR,ERR,ERR,ERR,ERR,ERR,ERR,ERR,ERR,ERR,ERR,ERR,ERR,ERR,ERR,ERR,ERR,ERR,ERR,2.718442270659078e+23,0.0,0.0,-0.0,-8273.889,1.4393394228123005e+37,0.0,-188.25,4300,0,8,17166,4300,-0.0,37,0.0,0.0,-0.0,0.0,-0.0,0,0,0,0,0.0,0,0,0,0,0,0,0,0,0,0,0,0,0,0,0,0,0,0,0,0,0,0,0,0,0,0,0,0,0,0,0,0,0,13,35,35,48,65476,414,65476,1,0,4,21553,0.0,2.7183305813883192e+23,-3.4336617837491126e+19,0.0,0.0,0.0,0.0,0.0,0.0,0.0,0.0,0.0,0.0,0.0,0.0,0.0,0.0,0.0,0.0,0.0,0.0,2.004,-0.0,0.0,-0.0,3.697077501875873e+19,0.0,0.0,0.0,0.0,6374.0,-0.0,0.0,2.718442270659078e+23,0.0,0.0,107616288.0,0.0,0.0,2.004,2.004,223,89220.57,1.905695371695227e+17,0.0,0.0,0.0,0.0,0.0,0.0,0.0,0,0,0,-9192303.0,-1.76,1.241288814326553e+19,0.0,-0.0,-0.0,0.0,-0.0,-16931.127,-1.2107893821188373e+21,-0.0,4367124.5,0.0,0.0,0.0,0.065,0,1.3516416376850534e+27,223,0.0,446,0.0,4.689388604382247e+24,2114,0,17110,13107,17112,13107,17095,0,0,0,101,100,100,0.0,64.4,-107615232.0,64.2,2.7302334150594743e+23,64.0,1,49,50,180,0,13107,0,0,0.0,0.0,0.0,60.0,0.0,71.0,0.0,0.0,0.0,1070,0,1070,0,0,0,1070,0,1081,0,996,0,642,0,644,0,640,0,677,0.032,8.005886927989945e+21,2.004,2.73023467606737e+23,33936,16813,0.0,0.0,-5.712187041465093e+26,-6.9680757761932e+19,-0.0,-0.0,50.0,60.0,35,0.0,0.0,10.0,2.0,0.0,0.0,0.0,0.0,0.0,0.0,0.0,0.0,0.0,0.0,0.0,0.0,58.8,21,38,6,27,65476,542,65476,1,0,4,20529,65476,0,0,30147,60.0,0.0,10.0,10.0,2.0,0.0
2026-02-16T12:13:05,ERR,ERR,ERR,ERR,ERR,ERR,ERR,ERR,ERR,ERR,ERR,ERR,ERR,ERR,ERR,ERR,ERR,ERR,ERR,ERR,ERR,ERR,ERR,ERR,ERR,ERR,ERR,ERR,ERR,ERR,ERR,ERR,ERR,ERR,ERR,ERR,ERR,ERR,ERR,ERR,ERR,ERR,ERR,ERR,ERR,ERR,ERR,ERR,ERR,ERR,ERR,ERR,ERR,ERR,ERR,ERR,ERR,ERR,ERR,ERR,ERR,ERR,ERR,ERR,ERR,ERR,ERR,ERR,ERR,ERR,ERR,ERR,ERR,ERR,ERR,ERR,ERR,ERR,ERR,ERR,ERR,ERR,ERR,ERR,ERR,ERR,ERR,ERR,ERR,ERR,ERR,ERR,ERR,ERR,ERR,ERR,ERR,ERR,ERR,ERR,ERR,ERR,ERR,ERR,ERR,ERR,ERR,ERR,ERR,ERR,ERR,ERR,ERR,ERR,ERR,ERR,ERR,ERR,ERR,ERR,ERR,ERR,ERR,ERR,ERR,2.718442270659078e+23,0.0,0.0,-0.0,-8273.889,1.4393394228123005e+37,0.0,-188.25,4300,0,8,17166,4300,-0.0,37,0.0,0.0,-0.0,0.0,-0.0,0,0,0,0,0.0,0,0,0,0,0,0,0,0,0,0,0,0,0,0,0,0,0,0,0,0,0,0,0,0,0,0,0,0,0,0,0,0,0,13,35,35,48,65476,414,65476,1,0,4,21553,0.0,2.7183305813883192e+23,-3.4336617837491126e+19,0.0,0.0,0.0,0.0,0.0,0.0,0.0,0.0,0.0,0.0,0.0,0.0,0.0,0.0,0.0,0.0,0.0,0.0,2.004,-0.0,0.0,-0.0,3.697077501875873e+19,0.0,0.0,0.0,0.0,6374.0,-0.0,0.0,2.718442270659078e+23,0.0,0.0,107616288.0,0.0,0.0,2.004,2.004,223,89220.57,1.905695371695227e+17,0.0,0.0,0.0,0.0,0.0,0.0,0.0,0,0,0,-9192303.0,-1.76,1.241288814326553e+19,0.0,-0.0,-0.0,0.0,-0.0,-16931.127,-1.2107893821188373e+21,-0.0,4367124.5,0.0,0.0,0.0,0.065,0,1.3516416376850534e+27,223,0.0,446,0.0,4.689388604382247e+24,2114,0,17110,13107,17112,13107,17095,0,0,0,101,100,100,0.0,64.4,-107615232.0,64.2,2.7302334150594743e+23,64.0,1,49,50,180,0,0,0,0,0.0,0.0,0.0,60.0,0.0,71.0,0.0,3024180480.0,0.0,1070,0,1070,0,0,0,1070,0,1081,0,996,0,642,0,644,0,640,0,677,0.032,7.968993439842526e+21,2.004,2.73023467606737e+23,22800,16813,-1.6422819259973451e+28,203013.328,-3.015307774708941e+16,-0.0,2.9513460095070797e+31,-0.0,50.0,60.0,35,0.0,0.0,10.0,2.0,0.0,0.0,0.0,0.0,0.0,0.0,0.0,0.0,0.0,0.0,0.0,0.0,58.8,22,38,5,27,65476,542,65476,1,0,4,20529,65476,0,0,30147,60.0,0.0,10.0,10.0,2.0,0.0
2026-02-16T12:13:06,ERR,ERR,ERR,ERR,ERR,ERR,ERR,ERR,ERR,ERR,ERR,ERR,ERR,ERR,ERR,ERR,ERR,ERR,ERR,ERR,ERR,ERR,ERR,ERR,ERR,ERR,ERR,ERR,ERR,ERR,ERR,ERR,ERR,ERR,ERR,ERR,ERR,ERR,ERR,ERR,ERR,ERR,ERR,ERR,ERR,ERR,ERR,ERR,ERR,ERR,ERR,ERR,ERR,ERR,ERR,ERR,ERR,ERR,ERR,ERR,ERR,ERR,ERR,ERR,ERR,ERR,ERR,ERR,ERR,ERR,ERR,ERR,ERR,ERR,ERR,ERR,ERR,ERR,ERR,ERR,ERR,ERR,ERR,ERR,ERR,ERR,ERR,ERR,ERR,ERR,ERR,ERR,ERR,ERR,ERR,ERR,ERR,ERR,ERR,ERR,ERR,ERR,ERR,ERR,ERR,ERR,ERR,ERR,ERR,ERR,ERR,ERR,ERR,ERR,ERR,ERR,ERR,ERR,ERR,ERR,ERR,ERR,ERR,ERR,ERR,2.718442270659078e+23,0.0,0.0,-0.0,-8273.889,1.4393394228123005e+37,0.0,-188.25,4300,0,8,17166,4300,-0.0,37,0.0,0.0,-0.0,0.0,-0.0,0,0,0,0,0.0,0,0,0,0,0,0,0,0,0,0,0,0,0,0,0,0,0,0,0,0,0,0,0,0,0,0,0,0,0,0,0,0,0,13,35,35,48,65476,414,65476,1,0,4,21553,0.0,2.7183305813883192e+23,-3.4336617837491126e+19,0.0,0.0,0.0,0.0,0.0,0.0,0.0,0.0,0.0,0.0,0.0,0.0,0.0,0.0,0.0,0.0,0.0,0.0,2.004,-0.0,0.0,-0.0,3.697077501875873e+19,0.0,0.0,0.0,0.0,6374.0,-0.0,0.0,2.718442270659078e+23,0.0,0.0,107616288.0,0.0,0.0,2.004,2.004,223,89220.57,1.905695371695227e+17,0.0,0.0,0.0,0.0,0.0,0.0,0.0,0,0,0,-9192303.0,-1.76,1.241288814326553e+19,0.0,-0.0,-0.0,0.0,-0.0,-16931.127,-1.2107893821188373e+21,-0.0,4367124.5,0.0,0.0,0.0,0.065,0,1.3516416376850534e+27,223,0.0,446,0.0,4.689388604382247e+24,2114,0,17110,13107,17112,13107,17095,0,0,0,101,100,100,0.0,64.4,-107615232.0,64.2,2.7302334150594743e+23,64.0,1,49,50,180,0,0,0,0,0.0,0.0,0.0,60.0,0.0,71.0,0.0,3024180480.0,0.0,1070,0,1070,0,0,0,1070,0,1081,0,996,0,642,0,644,0,640,0,677,0.032,7.968993439842526e+21,2.004,2.73023467606737e+23,22800,16813,-1.6422819259973451e+28,203013.328,-3.015307774708941e+16,-0.0,2.9513460095070797e+31,-0.0,50.0,60.0,35,0.0,0.0,10.0,2.0,0.0,0.0,0.0,0.0,0.0,0.0,0.0,0.0,0.0,0.0,0.0,0.0,58.8,22,38,5,27,65476,542,65476,1,0,4,20529,65476,0,0,30147,60.0,0.0,10.0,10.0,2.0,0.0
2026-02-16T12:13:07,ERR,ERR,ERR,ERR,ERR,ERR,ERR,ERR,ERR,ERR,ERR,ERR,ERR,ERR,ERR,ERR,ERR,ERR,ERR,ERR,ERR,ERR,ERR,ERR,ERR,ERR,ERR,ERR,ERR,ERR,ERR,ERR,ERR,ERR,ERR,ERR,ERR,ERR,ERR,ERR,ERR,ERR,ERR,ERR,ERR,ERR,ERR,ERR,ERR,ERR,ERR,ERR,ERR,ERR,ERR,ERR,ERR,ERR,ERR,ERR,ERR,ERR,ERR,ERR,ERR,ERR,ERR,ERR,ERR,ERR,ERR,ERR,ERR,ERR,ERR,ERR,ERR,ERR,ERR,ERR,ERR,ERR,ERR,ERR,ERR,ERR,ERR,ERR,ERR,ERR,ERR,ERR,ERR,ERR,ERR,ERR,ERR,ERR,ERR,ERR,ERR,ERR,ERR,ERR,ERR,ERR,ERR,ERR,ERR,ERR,ERR,ERR,ERR,ERR,ERR,ERR,ERR,ERR,ERR,ERR,ERR,ERR,ERR,ERR,ERR,2.718442270659078e+23,0.0,0.0,-0.0,-8273.889,1.4393394228123005e+37,0.0,-188.25,4300,0,8,17166,4300,-0.0,37,0.0,0.0,-0.0,0.0,-0.0,0,0,0,0,0.0,0,0,0,0,0,0,0,0,0,0,0,0,0,0,0,0,0,0,0,0,0,0,0,0,0,0,0,0,0,0,0,0,0,13,35,35,48,65476,414,65476,1,0,4,21553,0.0,2.7183305813883192e+23,-3.4336617837491126e+19,0.0,0.0,0.0,0.0,0.0,0.0,0.0,0.0,0.0,0.0,0.0,0.0,0.0,0.0,0.0,0.0,0.0,0.0,2.004,-0.0,0.0,-0.0,3.697077501875873e+19,0.0,0.0,0.0,0.0,6374.0,-0.0,0.0,2.718442270659078e+23,0.0,0.0,107616288.0,0.0,0.0,2.004,2.004,223,89220.57,1.905695371695227e+17,0.0,0.0,0.0,0.0,0.0,0.0,0.0,0,0,0,-9192303.0,-1.76,1.241288814326553e+19,0.0,-0.0,-0.0,0.0,-0.0,-16931.127,-1.2107893821188373e+21,-0.0,4367124.5,0.0,0.0,0.0,0.065,0,1.3516416376850534e+27,223,0.0,446,0.0,4.689388604382247e+24,2114,0,17110,13107,17112,13107,17095,0,0,0,101,100,100,0.0,64.4,-107615232.0,64.2,2.7302334150594743e+23,64.0,1,49,50,180,0,0,0,0,0.0,0.0,0.0,60.0,0.0,71.0,0.0,3024180480.0,0.0,1070,0,1070,0,0,0,1070,0,1081,0,996,0,642,0,644,0,640,0,677,0.032,7.968993439842526e+21,2.004,2.73023467606737e+23,22800,16813,-1.6422819259973451e+28,203013.328,-3.015307774708941e+16,-0.0,2.9513460095070797e+31,-0.0,50.0,60.0,35,0.0,0.0,10.0,2.0,0.0,0.0,0.0,0.0,0.0,0.0,0.0,0.0,0.0,0.0,0.0,0.0,58.8,22,38,5,27,65476,552,65476,1,0,4,20529,65476,0,0,30147,60.0,0.0,10.0,10.0,2.0,0.0
2026-02-16T12:13:08,ERR,ERR,ERR,ERR,ERR,ERR,ERR,ERR,ERR,ERR,ERR,ERR,ERR,ERR,ERR,ERR,ERR,ERR,ERR,ERR,ERR,ERR,ERR,ERR,ERR,ERR,ERR,ERR,ERR,ERR,ERR,ERR,ERR,ERR,ERR,ERR,ERR,ERR,ERR,ERR,ERR,ERR,ERR,ERR,ERR,ERR,ERR,ERR,ERR,ERR,ERR,ERR,ERR,ERR,ERR,ERR,ERR,ERR,ERR,ERR,ERR,ERR,ERR,ERR,ERR,ERR,ERR,ERR,ERR,ERR,ERR,ERR,ERR,ERR,ERR,ERR,ERR,ERR,ERR,ERR,ERR,ERR,ERR,ERR,ERR,ERR,ERR,ERR,ERR,ERR,ERR,ERR,ERR,ERR,ERR,ERR,ERR,ERR,ERR,ERR,ERR,ERR,ERR,ERR,ERR,ERR,ERR,ERR,ERR,ERR,ERR,ERR,ERR,ERR,ERR,ERR,ERR,ERR,ERR,ERR,ERR,ERR,ERR,ERR,ERR,2.718442270659078e+23,0.0,0.0,-0.0,-8273.889,1.4393394228123005e+37,0.0,-188.25,4300,0,8,17166,4300,-0.0,37,0.0,0.0,-0.0,0.0,-0.0,0,0,0,0,0.0,0,0,0,0,0,0,0,0,0,0,0,0,0,0,0,0,0,0,0,0,0,0,0,0,0,0,0,0,0,0,0,0,0,13,35,35,48,65476,414,65476,1,0,4,21553,0.0,2.7183305813883192e+23,-3.4336617837491126e+19,0.0,0.0,0.0,0.0,0.0,0.0,0.0,0.0,0.0,0.0,0.0,0.0,0.0,0.0,0.0,0.0,0.0,0.0,2.004,-0.0,0.0,-0.0,3.697077501875873e+19,0.0,0.0,0.0,0.0,6374.0,-0.0,0.0,2.718442270659078e+23,0.0,0.0,107616288.0,0.0,0.0,2.004,2.004,223,89220.57,1.905695371695227e+17,0.0,0.0,0.0,0.0,0.0,0.0,0.0,0,0,0,-9192303.0,-1.76,1.241288814326553e+19,0.0,-0.0,-0.0,0.0,-0.0,-16931.127,-1.2107893821188373e+21,-0.0,4367124.5,0.0,0.0,0.0,0.065,0,1.3516416376850534e+27,223,0.0,446,0.0,4.689388604382247e+24,2114,0,17110,13107,17112,13107,17095,0,0,0,101,100,100,0.0,64.4,-107615232.0,64.2,2.7302334150594743e+23,64.0,1,49,50,180,0,0,0,0,0.0,0.0,0.0,60.0,0.0,71.0,0.0,3024180480.0,0.0,1070,0,1070,0,0,0,1070,0,1081,0,996,0,642,0,644,0,640,0,677,0.032,7.968993439842526e+21,2.004,2.73023467606737e+23,22800,16813,-1.6422819259973451e+28,203013.328,-3.015307774708941e+16,-0.0,2.9513460095070797e+31,-0.0,50.0,60.0,35,0.0,0.0,10.0,2.0,0.0,0.0,0.0,0.0,0.0,0.0,0.0,0.0,0.0,0.0,0.0,0.0,59.2,22,37,4,27,65476,552,65476,1,0,4,20529,65476,0,0,30147,60.0,0.0,10.0,10.0,2.0,0.0
2026-02-16T12:13:09,ERR,ERR,ERR,ERR,ERR,ERR,ERR,ERR,ERR,ERR,ERR,ERR,ERR,ERR,ERR,ERR,ERR,ERR,ERR,ERR,ERR,ERR,ERR,ERR,ERR,ERR,ERR,ERR,ERR,ERR,ERR,ERR,ERR,ERR,ERR,ERR,ERR,ERR,ERR,ERR,ERR,ERR,ERR,ERR,ERR,ERR,ERR,ERR,ERR,ERR,ERR,ERR,ERR,ERR,ERR,ERR,ERR,ERR,ERR,ERR,ERR,ERR,ERR,ERR,ERR,ERR,ERR,ERR,ERR,ERR,ERR,ERR,ERR,ERR,ERR,ERR,ERR,ERR,ERR,ERR,ERR,ERR,ERR,ERR,ERR,ERR,ERR,ERR,ERR,ERR,ERR,ERR,ERR,ERR,ERR,ERR,ERR,ERR,ERR,ERR,ERR,ERR,ERR,ERR,ERR,ERR,ERR,ERR,ERR,ERR,ERR,ERR,ERR,ERR,ERR,ERR,ERR,ERR,ERR,ERR,ERR,ERR,ERR,ERR,ERR,2.718442270659078e+23,0.0,0.0,2.7183363459958422e+23,4.0450645835047296e+31,-0.0,8.095162251777672e+24,0.0,4300,0,8,17166,4300,-0.0,37,0.0,0.0,2.7183363459958422e+23,0.0,-0.0,0,0,0,0,0.0,0,0,0,0,0,0,0,0,0,0,0,0,0,0,0,0,0,0,0,0,0,0,0,0,0,0,0,0,0,0,0,0,0,12,36,36,48,65476,412,65476,1,0,4,21553,0.0,2.7183305813883192e+23,-0.0,0.0,0.0,0.0,0.0,0.0,0.0,0.0,0.0,0.0,0.0,0.0,0.0,0.0,0.0,0.0,0.0,0.0,0.0,2.004,-0.0,0.0,-0.0,2.004,0.0,0.0,0.0,0.0,6342.0,-0.0,0.0,2.718442270659078e+23,0.0,0.0,0.0,0.0,0.0,2.004,2.004,224,0.0,1.905695199896535e+17,0.0,0.0,0.0,0.0,0.0,0.0,0.0,0,0,0,-832566.938,3135936816742400.0,5849874306170880.0,2.0897199468397963e+24,-0.0,9345416192.0,-0.0,-0.0,0.0,-1.3306932185979494e+21,-0.0,4727572.5,0.0,0.0,0.0,3346383.25,0,1.3516416376850534e+27,224,0.0,448,0.0,4.689388604382247e+24,2114,0,17110,13107,17112,13107,17095,0,0,0,101,100,100,0.0,64.4,-107615232.0,64.2,2.7302334150594743e+23,64.0,1,49,50,180,0,13107,0,0,0.0,0.0,0.0,60.0,0.0,71.0,0.0,2.6216069756603275e+33,0.0,1070,0,1071,0,0,0,1070,0,1081,0,996,0,642,0,644,0,640,0,677,0.032,7.968993439842526e+21,2.004,2.73023467606737e+23,25744,16813,0.0,2.6216069756603275e+33,0.0,-0.0,-2.365907798918911e+21,-2.272265054906019e+32,50.0,60.0,35,0.0,0.0,10.0,2.0,0.0,0.0,0.0,0.0,0.0,0.0,0.0,0.0,0.0,0.0,0.0,0.0,59.2,22,37,4,27,65476,552,65476,1,0,4,20529,65476,0,0,30147,60.0,0.0,10.0,10.0,2.0,0.0
2026-02-16T12:13:10,ERR,ERR,ERR,ERR,ERR,ERR,ERR,ERR,ERR,ERR,ERR,ERR,ERR,ERR,ERR,ERR,ERR,ERR,ERR,ERR,ERR,ERR,ERR,ERR,ERR,ERR,ERR,ERR,ERR,ERR,ERR,ERR,ERR,ERR,ERR,ERR,ERR,ERR,ERR,ERR,ERR,ERR,ERR,ERR,ERR,ERR,ERR,ERR,ERR,ERR,ERR,ERR,ERR,ERR,ERR,ERR,ERR,ERR,ERR,ERR,ERR,ERR,ERR,ERR,ERR,ERR,ERR,ERR,ERR,ERR,ERR,ERR,ERR,ERR,ERR,ERR,ERR,ERR,ERR,ERR,ERR,ERR,ERR,ERR,ERR,ERR,ERR,ERR,ERR,ERR,ERR,ERR,ERR,ERR,ERR,ERR,ERR,ERR,ERR,ERR,ERR,ERR,ERR,ERR,ERR,ERR,ERR,ERR,ERR,ERR,ERR,ERR,ERR,ERR,ERR,ERR,ERR,ERR,ERR,ERR,ERR,ERR,ERR,ERR,ERR,2.718442270659078e+23,0.0,0.0,2.7183363459958422e+23,4.0450645835047296e+31,-0.0,8.095162251777672e+24,0.0,4300,0,8,17166,4300,-0.0,37,0.0,0.0,2.7183363459958422e+23,0.0,-0.0,0,0,0,0,0.0,0,0,0,0,0,0,0,0,0,0,0,0,0,0,0,0,0,0,0,0,0,0,0,0,0,0,0,0,0,0,0,0,0,12,36,36,48,65476,412,65476,1,0,4,21553,0.0,2.7183305813883192e+23,-0.0,0.0,0.0,0.0,0.0,0.0,0.0,0.0,0.0,0.0,0.0,0.0,0.0,0.0,0.0,0.0,0.0,0.0,0.0,2.004,-0.0,0.0,-0.0,2.004,0.0,0.0,0.0,0.0,6342.0,-0.0,0.0,2.718442270659078e+23,0.0,0.0,0.0,0.0,0.0,2.004,2.004,224,0.0,1.905695199896535e+17,0.0,0.0,0.0,0.0,0.0,0.0,0.0,0,0,0,-832566.938,3135936816742400.0,5849874306170880.0,2.0897199468397963e+24,-0.0,9345416192.0,-0.0,-0.0,0.0,-1.3306932185979494e+21,-0.0,4727572.5,0.0,0.0,0.0,3346383.25,0,1.3516416376850534e+27,224,0.0,448,0.0,4.689388604382247e+24,2114,0,17110,13107,17112,13107,17095,0,0,0,101,100,100,0.0,64.4,-107615232.0,64.2,2.7302334150594743e+23,64.0,1,49,50,180,0,13107,0,0,0.0,0.0,0.0,60.0,0.0,71.0,0.0,2.6216069756603275e+33,0.0,1070,0,1071,0,0,0,1070,0,1081,0,996,0,642,0,644,0,640,0,677,0.032,7.968993439842526e+21,2.004,2.73023467606737e+23,25744,16813,0.0,2.6216069756603275e+33,0.0,-0.0,-2.365907798918911e+21,-2.272265054906019e+32,50.0,60.0,35,0.0,0.0,10.0,2.0,0.0,0.0,0.0,0.0,0.0,0.0,0.0,0.0,0.0,0.0,0.0,0.0,58.8,23,37,4,27,65476,575,300,1,0,8,20529,65476,0,0,30147,60.0,0.0,10.0,10.0,2.0,0.0
2026-02-16T12:13:11,ERR,ERR,ERR,ERR,ERR,ERR,ERR,ERR,ERR,ERR,ERR,ERR,ERR,ERR,ERR,ERR,ERR,ERR,ERR,ERR,ERR,ERR,ERR,ERR,ERR,ERR,ERR,ERR,ERR,ERR,ERR,ERR,ERR,ERR,ERR,ERR,ERR,ERR,ERR,ERR,ERR,ERR,ERR,ERR,ERR,ERR,ERR,ERR,ERR,ERR,ERR,ERR,ERR,ERR,ERR,ERR,ERR,ERR,ERR,ERR,ERR,ERR,ERR,ERR,ERR,ERR,ERR,ERR,ERR,ERR,ERR,ERR,ERR,ERR,ERR,ERR,ERR,ERR,ERR,ERR,ERR,ERR,ERR,ERR,ERR,ERR,ERR,ERR,ERR,ERR,ERR,ERR,ERR,ERR,ERR,ERR,ERR,ERR,ERR,ERR,ERR,ERR,ERR,ERR,ERR,ERR,ERR,ERR,ERR,ERR,ERR,ERR,ERR,ERR,ERR,ERR,ERR,ERR,ERR,ERR,ERR,ERR,ERR,ERR,ERR,2.718442270659078e+23,0.0,0.0,2.7183363459958422e+23,4.0450645835047296e+31,-0.0,8.095162251777672e+24,0.0,4300,0,8,17166,4300,-0.0,37,0.0,0.0,2.7183363459958422e+23,0.0,-0.0,0,0,0,0,0.0,0,0,0,0,0,0,0,0,0,0,0,0,0,0,0,0,0,0,0,0,0,0,0,0,0,0,0,0,0,0,0,0,0,12,36,36,48,65476,412,65476,1,0,4,21553,0.0,2.7183305813883192e+23,-0.0,0.0,0.0,0.0,0.0,0.0,0.0,0.0,0.0,0.0,0.0,0.0,0.0,0.0,0.0,0.0,0.0,0.0,0.0,2.004,-0.0,0.0,-0.0,2.004,0.0,0.0,0.0,0.0,6342.0,-0.0,0.0,2.718442270659078e+23,0.0,0.0,0.0,0.0,0.0,2.004,2.004,224,0.0,1.905695199896535e+17,0.0,0.0,0.0,0.0,0.0,0.0,0.0,0,0,0,-832566.938,3135936816742400.0,5849874306170880.0,2.0897199468397963e+24,-0.0,9345416192.0,-0.0,-0.0,0.0,-1.3306932185979494e+21,-0.0,4727572.5,0.0,0.0,0.0,3346383.25,0,1.3516416376850534e+27,224,0.0,448,0.0,4.689388604382247e+24,2114,0,17110,13107,17112,13107,17095,0,0,0,101,100,100,0.0,64.4,-107615232.0,64.2,2.7302334150594743e+23,64.0,1,49,50,180,0,13107,0,0,0.0,0.0,0.0,60.0,0.0,71.0,0.0,2.6216069756603275e+33,0.0,1070,0,1071,0,0,0,1070,0,1081,0,996,0,642,0,644,0,640,0,677,0.032,7.968993439842526e+21,2.004,2.73023467606737e+23,25744,16813,0.0,2.6216069756603275e+33,0.0,-0.0,-2.365907798918911e+21,-2.272265054906019e+32,50.0,60.0,35,0.0,0.0,10.0,2.0,0.0,0.0,0.0,0.0,0.0,0.0,0.0,0.0,0.0,0.0,0.0,0.0,58.8,23,37,4,27,65476,575,300,1,0,8,20529,65476,0,0,30147,60.0,0.0,10.0,10.0,2.0,0.0
2026-02-16T12:13:12,ERR,ERR,ERR,ERR,ERR,ERR,ERR,ERR,ERR,ERR,ERR,ERR,ERR,ERR,ERR,ERR,ERR,ERR,ERR,ERR,ERR,ERR,ERR,ERR,ERR,ERR,ERR,ERR,ERR,ERR,ERR,ERR,ERR,ERR,ERR,ERR,ERR,ERR,ERR,ERR,ERR,ERR,ERR,ERR,ERR,ERR,ERR,ERR,ERR,ERR,ERR,ERR,ERR,ERR,ERR,ERR,ERR,ERR,ERR,ERR,ERR,ERR,ERR,ERR,ERR,ERR,ERR,ERR,ERR,ERR,ERR,ERR,ERR,ERR,ERR,ERR,ERR,ERR,ERR,ERR,ERR,ERR,ERR,ERR,ERR,ERR,ERR,ERR,ERR,ERR,ERR,ERR,ERR,ERR,ERR,ERR,ERR,ERR,ERR,ERR,ERR,ERR,ERR,ERR,ERR,ERR,ERR,ERR,ERR,ERR,ERR,ERR,ERR,ERR,ERR,ERR,ERR,ERR,ERR,ERR,ERR,ERR,ERR,ERR,ERR,2.718442270659078e+23,0.0,0.0,2.7183363459958422e+23,4.0450645835047296e+31,-0.0,8.095162251777672e+24,0.0,4300,0,8,17166,4300,-0.0,37,0.0,0.0,2.7183363459958422e+23,0.0,-0.0,0,0,0,0,0.0,0,0,0,0,0,0,0,0,0,0,0,0,0,0,0,0,0,0,0,0,0,0,0,0,0,0,0,0,0,0,0,0,0,12,36,36,48,65476,412,65476,1,0,4,21553,0.0,2.7183305813883192e+23,-0.0,0.0,0.0,0.0,0.0,0.0,0.0,0.0,0.0,0.0,0.0,0.0,0.0,0.0,0.0,0.0,0.0,0.0,0.0,2.004,-0.0,0.0,-0.0,2.004,0.0,0.0,0.0,0.0,6342.0,-0.0,0.0,2.718442270659078e+23,0.0,0.0,0.0,0.0,0.0,2.004,2.004,224,0.0,1.905695199896535e+17,0.0,0.0,0.0,0.0,0.0,0.0,0.0,0,0,0,-832566.938,3135936816742400.0,5849874306170880.0,2.0897199468397963e+24,-0.0,9345416192.0,-0.0,-0.0,0.0,-1.3306932185979494e+21,-0.0,4727572.5,0.0,0.0,0.0,3346383.25,0,1.3516416376850534e+27,224,0.0,448,0.0,4.689388604382247e+24,2114,0,17110,13107,17112,13107,17095,0,0,0,101,100,100,0.0,64.4,-107615232.0,64.2,2.7302334150594743e+23,64.0,1,49,50,180,0,0,0,0,0.0,0.0,0.0,60.0,-1.2777866330156063e+38,70.5,0.0,16.407,0.0,1070,0,1070,0,0,0,1070,0,1081,0,996,0,643,0,645,0,640,0,677,0.032,7.968993439842526e+21,-0.0,-0.0,36752,16813,-1.2777866330156063e+38,16.407,-104.625,630302375936.0,-0.0,1.0294768156027863e+25,50.0,60.0,35,0.0,0.0,10.0,2.0,0.0,0.0,0.0,0.0,0.0,0.0,0.0,0.0,0.0,0.0,0.0,0.0,58.8,24,36,3,27,65476,494,65476,0,0,2,20529,65476,0,0,30147,60.0,0.0,10.0,10.0,2.0,0.0
2026-02-16T12:13:13,ERR,ERR,ERR,ERR,ERR,ERR,ERR,ERR,ERR,ERR,ERR,ERR,ERR,ERR,ERR,ERR,ERR,ERR,ERR,ERR,ERR,ERR,ERR,ERR,ERR,ERR,ERR,ERR,ERR,ERR,ERR,ERR,ERR,ERR,ERR,ERR,ERR,ERR,ERR,ERR,ERR,ERR,ERR,ERR,ERR,ERR,ERR,ERR,ERR,ERR,ERR,ERR,ERR,ERR,ERR,ERR,ERR,ERR,ERR,ERR,ERR,ERR,ERR,ERR,ERR,ERR,ERR,ERR,ERR,ERR,ERR,ERR,ERR,ERR,ERR,ERR,ERR,ERR,ERR,ERR,ERR,ERR,ERR,ERR,ERR,ERR,ERR,ERR,ERR,ERR,ERR,ERR,ERR,ERR,ERR,ERR,ERR,ERR,ERR,ERR,ERR,ERR,ERR,ERR,ERR,ERR,ERR,ERR,ERR,ERR,ERR,ERR,ERR,ERR,ERR,ERR,ERR,ERR,ERR,ERR,ERR,ERR,ERR,ERR,ERR,2.718442270659078e+23,0.0,0.0,2.7183363459958422e+23,4.0450645835047296e+31,-0.0,8.095162251777672e+24,0.0,4300,0,8,17166,4300,-0.0,37,0.0,0.0,2.7183363459958422e+23,0.0,-0.0,0,0,0,0,0.0,0,0,0,0,0,0,0,0,0,0,0,0,0,0,0,0,0,0,0,0,0,0,0,0,0,0,0,0,0,0,0,0,0,12,36,36,48,65476,412,65476,1,0,4,21553,0.0,2.7183305813883192e+23,-0.0,0.0,0.0,0.0,0.0,0.0,0.0,0.0,0.0,0.0,0.0,0.0,0.0,0.0,0.0,0.0,0.0,0.0,0.0,2.004,-0.0,0.0,-0.0,2.004,0.0,0.0,0.0,0.0,6342.0,-0.0,0.0,2.718442270659078e+23,0.0,0.0,0.0,0.0,0.0,2.004,2.004,224,0.0,1.905695199896535e+17,0.0,0.0,0.0,0.0,0.0,0.0,0.0,0,0,0,-832566.938,3135936816742400.0,5849874306170880.0,2.0897199468397963e+24,-0.0,9345416192.0,-0.0,-0.0,0.0,-1.3306932185979494e+21,-0.0,4727572.5,0.0,0.0,0.0,3346383.25,0,1.3516416376850534e+27,224,0.0,448,0.0,4.689388604382247e+24,2114,0,17110,13107,17112,13107,17095,0,0,0,101,100,100,0.0,64.4,-107615232.0,64.2,2.7302334150594743e+23,64.0,1,49,50,180,0,0,0,0,0.0,0.0,0.0,60.0,-1.2777866330156063e+38,70.5,0.0,16.407,0.0,1070,0,1070,0,0,0,1070,0,1081,0,996,0,643,0,645,0,640,0,677,0.032,7.968993439842526e+21,-0.0,-0.0,36752,16813,-1.2777866330156063e+38,16.407,-104.625,630302375936.0,-0.0,1.0294768156027863e+25,50.0,60.0,35,0.0,0.0,10.0,2.0,0.0,0.0,0.0,0.0,0.0,0.0,0.0,0.0,0.0,0.0,0.0,0.0,58.8,26,34,1,27,65476,334,300,0,0,8,20529,65476,0,0,30147,60.0,0.0,10.0,10.0,2.0,0.0
2026-02-16T12:13:14,ERR,ERR,ERR,ERR,ERR,ERR,ERR,ERR,ERR,ERR,ERR,ERR,ERR,ERR,ERR,ERR,ERR,ERR,ERR,ERR,ERR,ERR,ERR,ERR,ERR,ERR,ERR,ERR,ERR,ERR,ERR,ERR,ERR,ERR,ERR,ERR,ERR,ERR,ERR,ERR,ERR,ERR,ERR,ERR,ERR,ERR,ERR,ERR,ERR,ERR,ERR,ERR,ERR,ERR,ERR,ERR,ERR,ERR,ERR,ERR,ERR,ERR,ERR,ERR,ERR,ERR,ERR,ERR,ERR,ERR,ERR,ERR,ERR,ERR,ERR,ERR,ERR,ERR,ERR,ERR,ERR,ERR,ERR,ERR,ERR,ERR,ERR,ERR,ERR,ERR,ERR,ERR,ERR,ERR,ERR,ERR,ERR,ERR,ERR,ERR,ERR,ERR,ERR,ERR,ERR,ERR,ERR,ERR,ERR,ERR,ERR,ERR,ERR,ERR,ERR,ERR,ERR,ERR,ERR,ERR,ERR,ERR,ERR,ERR,ERR,2.718442270659078e+23,0.0,0.0,2.7183363459958422e+23,4.0450645835047296e+31,-1.1948848125575168e+17,-0.0,-1.6112734039216808e+25,4300,0,8,17170,4300,-0.0,36,0.0,0.0,2.7183363459958422e+23,0.0,-0.0,0,0,0,0,0.0,0,0,0,0,0,0,0,0,0,0,0,0,0,0,0,0,0,0,0,0,0,0,0,0,0,0,0,0,0,0,0,0,0,13,36,36,48,65476,414,65476,1,0,4,21553,0.0,2.7183305813883192e+23,9519636.0,0.0,0.0,0.0,0.0,0.0,0.0,0.0,0.0,0.0,0.0,0.0,0.0,0.0,0.0,0.0,0.0,0.0,0.0,2.004,-0.0,0.0,-0.0,2.004,0.0,0.0,0.0,0.0,6337.0,0.0,0.0,2.718442270659078e+23,0.0,2.718449836706452e+23,0.0,0.0,0.0,2.004,2.004,222,0.0,-0.0,0.0,0.0,0.0,0.0,0.0,0.0,0.0,0,0,0,-0.012,-0.0,8.118343059730596e+17,0.0,2.7782034118367086e+30,-0.0,-0.0,0.0,1.8408850772033337e+26,-1.4413736830402067e+21,-0.0,5153556.5,0.0,0.0,0.0,0.0,0,1.3516416376850534e+27,223,0.0,446,-2.637553503966331e+17,-0.0,2114,0,17110,13107,17112,13107,17095,0,0,0,101,100,100,0.0,64.4,-107615232.0,64.2,2.7302334150594743e+23,64.0,1,49,50,180,0,0,0,0,0.0,0.0,0.0,60.0,-1.2777866330156063e+38,70.5,0.0,16.407,0.0,1070,0,1070,0,0,0,1070,0,1081,0,996,0,643,0,645,0,640,0,677,0.032,7.968993439842526e+21,-0.0,-0.0,36752,16813,-1.2777866330156063e+38,16.407,-104.625,630302375936.0,-0.0,1.0294768156027863e+25,50.0,60.0,35,0.0,0.0,10.0,2.0,0.0,0.0,0.0,0.0,0.0,0.0,0.0,0.0,0.0,0.0,0.0,0.0,58.8,26,34,1,27,65476,334,300,0,0,8,20529,65476,0,0,30147,60.0,0.0,10.0,10.0,2.0,0.0
2026-02-16T12:13:15,ERR,ERR,ERR,ERR,ERR,ERR,ERR,ERR,ERR,ERR,ERR,ERR,ERR,ERR,ERR,ERR,ERR,ERR,ERR,ERR,ERR,ERR,ERR,ERR,ERR,ERR,ERR,ERR,ERR,ERR,ERR,ERR,ERR,ERR,ERR,ERR,ERR,ERR,ERR,ERR,ERR,ERR,ERR,ERR,ERR,ERR,ERR,ERR,ERR,ERR,ERR,ERR,ERR,ERR,ERR,ERR,ERR,ERR,ERR,ERR,ERR,ERR,ERR,ERR,ERR,ERR,ERR,ERR,ERR,ERR,ERR,ERR,ERR,ERR,ERR,ERR,ERR,ERR,ERR,ERR,ERR,ERR,ERR,ERR,ERR,ERR,ERR,ERR,ERR,ERR,ERR,ERR,ERR,ERR,ERR,ERR,ERR,ERR,ERR,ERR,ERR,ERR,ERR,ERR,ERR,ERR,ERR,ERR,ERR,ERR,ERR,ERR,ERR,ERR,ERR,ERR,ERR,ERR,ERR,ERR,ERR,ERR,ERR,ERR,ERR,2.718442270659078e+23,0.0,0.0,2.7183363459958422e+23,4.0450645835047296e+31,-1.1948848125575168e+17,-0.0,-1.6112734039216808e+25,4300,0,8,17170,4300,-0.0,36,0.0,0.0,2.7183363459958422e+23,0.0,-0.0,0,0,0,0,0.0,0,0,0,0,0,0,0,0,0,0,0,0,0,0,0,0,0,0,0,0,0,0,0,0,0,0,0,0,0,0,0,0,0,13,36,36,48,65476,414,65476,1,0,4,21553,0.0,2.7183305813883192e+23,9519636.0,0.0,0.0,0.0,0.0,0.0,0.0,0.0,0.0,0.0,0.0,0.0,0.0,0.0,0.0,0.0,0.0,0.0,0.0,2.004,-0.0,0.0,-0.0,2.004,0.0,0.0,0.0,0.0,6337.0,0.0,0.0,2.718442270659078e+23,0.0,2.718449836706452e+23,0.0,0.0,0.0,2.004,2.004,222,0.0,-0.0,0.0,0.0,0.0,0.0,0.0,0.0,0.0,0,0,0,-0.012,-0.0,8.118343059730596e+17,0.0,2.7782034118367086e+30,-0.0,-0.0,0.0,1.8408850772033337e+26,-1.4413736830402067e+21,-0.0,5153556.5,0.0,0.0,0.0,0.0,0,1.3516416376850534e+27,223,0.0,446,-2.637553503966331e+17,-0.0,2114,0,17110,13107,17112,13107,17095,0,0,0,101,100,100,0.0,64.4,-107615232.0,64.2,2.7302334150594743e+23,64.0,1,49,50,180,0,0,0,0,0.0,0.0,0.0,60.0,-1.2777866330156063e+38,70.5,0.0,16.407,0.0,1070,0,1070,0,0,0,1070,0,1081,0,996,0,643,0,645,0,640,0,677,0.032,7.968993439842526e+21,-0.0,-0.0,36752,16813,-1.2777866330156063e+38,16.407,-104.625,630302375936.0,-0.0,1.0294768156027863e+25,50.0,60.0,35,0.0,0.0,10.0,2.0,0.0,0.0,0.0,0.0,0.0,0.0,0.0,0.0,0.0,0.0,0.0,0.0,58.8,29,30,65533,27,65476,174,300,0,0,8,20529,65476,0,0,30147,60.0,0.0,10.0,10.0,2.0,0.0
2026-02-16T12:13:16,ERR,ERR,ERR,ERR,ERR,ERR,ERR,ERR,ERR,ERR,ERR,ERR,ERR,ERR,ERR,ERR,ERR,ERR,ERR,ERR,ERR,ERR,ERR,ERR,ERR,ERR,ERR,ERR,ERR,ERR,ERR,ERR,ERR,ERR,ERR,ERR,ERR,ERR,ERR,ERR,ERR,ERR,ERR,ERR,ERR,ERR,ERR,ERR,ERR,ERR,ERR,ERR,ERR,ERR,ERR,ERR,ERR,ERR,ERR,ERR,ERR,ERR,ERR,ERR,ERR,ERR,ERR,ERR,ERR,ERR,ERR,ERR,ERR,ERR,ERR,ERR,ERR,ERR,ERR,ERR,ERR,ERR,ERR,ERR,ERR,ERR,ERR,ERR,ERR,ERR,ERR,ERR,ERR,ERR,ERR,ERR,ERR,ERR,ERR,ERR,ERR,ERR,ERR,ERR,ERR,ERR,ERR,ERR,ERR,ERR,ERR,ERR,ERR,ERR,ERR,ERR,ERR,ERR,ERR,ERR,ERR,ERR,ERR,ERR,ERR,2.718442270659078e+23,0.0,0.0,2.7183363459958422e+23,4.0450645835047296e+31,-1.1948848125575168e+17,-0.0,-1.6112734039216808e+25,4300,0,8,17170,4300,-0.0,36,0.0,0.0,2.7183363459958422e+23,0.0,-0.0,0,0,0,0,0.0,0,0,0,0,0,0,0,0,0,0,0,0,0,0,0,0,0,0,0,0,0,0,0,0,0,0,0,0,0,0,0,0,0,13,36,36,48,65476,414,65476,1,0,4,21553,0.0,2.7183305813883192e+23,9519636.0,0.0,0.0,0.0,0.0,0.0,0.0,0.0,0.0,0.0,0.0,0.0,0.0,0.0,0.0,0.0,0.0,0.0,0.0,2.004,-0.0,0.0,-0.0,2.004,0.0,0.0,0.0,0.0,6337.0,0.0,0.0,2.718442270659078e+23,0.0,2.718449836706452e+23,0.0,0.0,0.0,2.004,2.004,222,0.0,-0.0,0.0,0.0,0.0,0.0,0.0,0.0,0.0,0,0,0,-0.012,-0.0,8.118343059730596e+17,0.0,2.7782034118367086e+30,-0.0,-0.0,0.0,1.8408850772033337e+26,-1.4413736830402067e+21,-0.0,5153556.5,0.0,0.0,0.0,0.0,0,1.3516416376850534e+27,223,0.0,446,-2.637553503966331e+17,-0.0,2114,0,17110,13107,17112,13107,17095,0,0,0,101,100,100,0.0,64.0,-107615232.0,64.2,-0.0,64.0,1,49,50,180,0,0,0,0,0.0,0.0,0.0,60.0,0.0,71.0,0.0,-9.817023958210126e+34,0.0,1070,0,1070,0,0,0,1071,0,1081,0,996,0,643,0,644,0,640,0,677,0.032,7.968993439842526e+21,2.004,2.73023467606737e+23,41616,16813,0.0,-0.0,1.6432615577987349e+38,-1.2636242002504537e+34,0.0,0.0,50.0,60.0,35,0.0,0.0,10.0,2.0,0.0,0.0,0.0,0.0,0.0,0.0,0.0,0.0,0.0,0.0,0.0,0.0,58.8,29,30,65533,27,65476,174,300,0,0,8,20529,65476,0,0,30147,60.0,0.0,10.0,10.0,2.0,0.0
2026-02-16T12:13:17,ERR,ERR,ERR,ERR,ERR,ERR,ERR,ERR,ERR,ERR,ERR,ERR,ERR,ERR,ERR,ERR,ERR,ERR,ERR,ERR,ERR,ERR,ERR,ERR,ERR,ERR,ERR,ERR,ERR,ERR,ERR,ERR,ERR,ERR,ERR,ERR,ERR,ERR,ERR,ERR,ERR,ERR,ERR,ERR,ERR,ERR,ERR,ERR,ERR,ERR,ERR,ERR,ERR,ERR,ERR,ERR,ERR,ERR,ERR,ERR,ERR,ERR,ERR,ERR,ERR,ERR,ERR,ERR,ERR,ERR,ERR,ERR,ERR,ERR,ERR,ERR,ERR,ERR,ERR,ERR,ERR,ERR,ERR,ERR,ERR,ERR,ERR,ERR,ERR,ERR,ERR,ERR,ERR,ERR,ERR,ERR,ERR,ERR,ERR,ERR,ERR,ERR,ERR,ERR,ERR,ERR,ERR,ERR,ERR,ERR,ERR,ERR,ERR,ERR,ERR,ERR,ERR,ERR,ERR,ERR,ERR,ERR,ERR,ERR,ERR,2.718442270659078e+23,0.0,0.0,2.7183363459958422e+23,4.0450645835047296e+31,-1.1948848125575168e+17,-0.0,-1.6112734039216808e+25,4300,0,8,17170,4300,-0.0,36,0.0,0.0,2.7183363459958422e+23,0.0,-0.0,0,0,0,0,0.0,0,0,0,0,0,0,0,0,0,0,0,0,0,0,0,0,0,0,0,0,0,0,0,0,0,0,0,0,0,0,0,0,0,13,36,36,48,65476,414,65476,1,0,4,21553,0.0,2.7183305813883192e+23,9519636.0,0.0,0.0,0.0,0.0,0.0,0.0,0.0,0.0,0.0,0.0,0.0,0.0,0.0,0.0,0.0,0.0,0.0,0.0,2.004,-0.0,0.0,-0.0,2.004,0.0,0.0,0.0,0.0,6337.0,0.0,0.0,2.718442270659078e+23,0.0,2.718449836706452e+23,0.0,0.0,0.0,2.004,2.004,222,0.0,-0.0,0.0,0.0,0.0,0.0,0.0,0.0,0.0,0,0,0,-0.012,-0.0,8.118343059730596e+17,0.0,2.7782034118367086e+30,-0.0,-0.0,0.0,1.8408850772033337e+26,-1.4413736830402067e+21,-0.0,5153556.5,0.0,0.0,0.0,0.0,0,1.3516416376850534e+27,223,0.0,446,-2.637553503966331e+17,-0.0,2114,0,17110,13107,17112,13107,17095,0,0,0,101,100,100,0.0,64.0,-107615232.0,64.2,-0.0,64.0,1,49,50,180,0,0,0,0,0.0,0.0,0.0,60.0,0.0,71.0,0.0,-9.817023958210126e+34,0.0,1070,0,1070,0,0,0,1071,0,1081,0,996,0,643,0,644,0,640,0,677,0.032,7.968993439842526e+21,2.004,2.73023467606737e+23,41616,16813,0.0,-0.0,1.6432615577987349e+38,-1.2636242002504537e+34,0.0,0.0,50.0,60.0,35,0.0,0.0,10.0,2.0,0.0,0.0,0.0,0.0,0.0,0.0,0.0,0.0,0.0,0.0,0.0,0.0,58.8,32,28,65531,27,65476,95,300,0,0,8,20529,65476,0,0,30147,60.0,0.0,10.0,10.0,2.0,0.0
2026-02-16T12:13:18,ERR,ERR,ERR,ERR,ERR,ERR,ERR,ERR,ERR,ERR,ERR,ERR,ERR,ERR,ERR,ERR,ERR,ERR,ERR,ERR,ERR,ERR,ERR,ERR,ERR,ERR,ERR,ERR,ERR,ERR,ERR,ERR,ERR,ERR,ERR,ERR,ERR,ERR,ERR,ERR,ERR,ERR,ERR,ERR,ERR,ERR,ERR,ERR,ERR,ERR,ERR,ERR,ERR,ERR,ERR,ERR,ERR,ERR,ERR,ERR,ERR,ERR,ERR,ERR,ERR,ERR,ERR,ERR,ERR,ERR,ERR,ERR,ERR,ERR,ERR,ERR,ERR,ERR,ERR,ERR,ERR,ERR,ERR,ERR,ERR,ERR,ERR,ERR,ERR,ERR,ERR,ERR,ERR,ERR,ERR,ERR,ERR,ERR,ERR,ERR,ERR,ERR,ERR,ERR,ERR,ERR,ERR,ERR,ERR,ERR,ERR,ERR,ERR,ERR,ERR,ERR,ERR,ERR,ERR,ERR,ERR,ERR,ERR,ERR,ERR,2.718442270659078e+23,0.0,0.0,2.7183363459958422e+23,4.0450645835047296e+31,-1.1948848125575168e+17,-0.0,-1.6112734039216808e+25,4300,0,8,17170,4300,-0.0,36,0.0,0.0,2.7183363459958422e+23,0.0,-0.0,0,0,0,0,0.0,0,0,0,0,0,0,0,0,0,0,0,0,0,0,0,0,0,0,0,0,0,0,0,0,0,0,0,0,0,0,0,0,0,13,36,36,48,65476,414,65476,1,0,4,21553,0.0,2.7183305813883192e+23,9519636.0,0.0,0.0,0.0,0.0,0.0,0.0,0.0,0.0,0.0,0.0,0.0,0.0,0.0,0.0,0.0,0.0,0.0,0.0,2.004,-0.0,0.0,-0.0,2.004,0.0,0.0,0.0,0.0,6337.0,0.0,0.0,2.718442270659078e+23,0.0,2.718449836706452e+23,0.0,0.0,0.0,2.004,2.004,222,0.0,-0.0,0.0,0.0,0.0,0.0,0.0,0.0,0.0,0,0,0,-0.012,-0.0,8.118343059730596e+17,0.0,2.7782034118367086e+30,-0.0,-0.0,0.0,1.8408850772033337e+26,-1.4413736830402067e+21,-0.0,5153556.5,0.0,0.0,0.0,0.0,0,1.3516416376850534e+27,223,0.0,446,-2.637553503966331e+17,-0.0,2114,0,17110,13107,17112,13107,17095,0,0,0,101,100,100,0.0,64.0,-107615232.0,64.2,-0.0,64.0,1,49,50,180,0,0,0,0,0.0,0.0,0.0,60.0,0.0,71.0,0.0,-9.817023958210126e+34,0.0,1070,0,1070,0,0,0,1071,0,1081,0,996,0,643,0,644,0,640,0,677,0.032,7.968993439842526e+21,2.004,2.73023467606737e+23,41616,16813,0.0,-0.0,1.6432615577987349e+38,-1.2636242002504537e+34,0.0,0.0,50.0,60.0,35,0.0,0.0,10.0,2.0,0.0,0.0,0.0,0.0,0.0,0.0,0.0,0.0,0.0,0.0,0.0,0.0,58.8,40,21,65523,27,65476,0,300,0,0,8,20529,65476,0,0,30147,60.0,0.0,10.0,10.0,2.0,0.0
2026-02-16T12:13:19,ERR,ERR,ERR,ERR,ERR,ERR,ERR,ERR,ERR,ERR,ERR,ERR,ERR,ERR,ERR,ERR,ERR,ERR,ERR,ERR,ERR,ERR,ERR,ERR,ERR,ERR,ERR,ERR,ERR,ERR,ERR,ERR,ERR,ERR,ERR,ERR,ERR,ERR,ERR,ERR,ERR,ERR,ERR,ERR,ERR,ERR,ERR,ERR,ERR,ERR,ERR,ERR,ERR,ERR,ERR,ERR,ERR,ERR,ERR,ERR,ERR,ERR,ERR,ERR,ERR,ERR,ERR,ERR,ERR,ERR,ERR,ERR,ERR,ERR,ERR,ERR,ERR,ERR,ERR,ERR,ERR,ERR,ERR,ERR,ERR,ERR,ERR,ERR,ERR,ERR,ERR,ERR,ERR,ERR,ERR,ERR,ERR,ERR,ERR,ERR,ERR,ERR,ERR,ERR,ERR,ERR,ERR,ERR,ERR,ERR,ERR,ERR,ERR,ERR,ERR,ERR,ERR,ERR,ERR,ERR,ERR,ERR,ERR,ERR,ERR,2.718442270659078e+23,0.0,0.0,2.7183363459958422e+23,4.0450645835047296e+31,-3.2651354003614856e+22,-0.001,-6.34828151142052e+19,4300,0,8,17166,4300,-0.0,36,0.0,0.0,2.7183363459958422e+23,0.0,-4.925046184806267e+32,0,0,0,0,0.0,0,0,0,0,0,0,0,0,0,0,0,0,0,0,0,0,0,0,0,0,0,0,0,0,0,0,0,0,0,0,0,0,0,13,36,36,48,65476,418,65476,1,0,4,21553,0.0,0.0,-137480.328,0.0,0.0,0.0,0.0,0.0,0.0,0.0,0.0,0.0,0.0,0.0,-2.600982585120823e+33,0.0,0.0,0.0,0.0,0.0,0.0,2.004,-0.0,0.0,-2.004,-3.697077062071222e+19,0.0,0.0,0.0,0.0,6335.0,-2.004,0.0,2.718442270659078e+23,0.0,2.718449836706452e+23,-2.7184510977143476e+23,0.0,0.0,2.004,2.004,222,-2.3088280513417105e+20,0.0,0.0,0.0,0.0,0.0,0.0,0.0,0.0,0,0,0,-354900475904.0,0.0,8.775539457187959e+36,-1394670848.0,-0.0,-36767676.0,-4.194510072530862e+17,3.6319434118756547e+24,-2.516533010624875e+20,-1.552054147482464e+21,-0.0,5546772.5,0.0,0.0,0.0,0.0,0,1.3516416376850534e+27,222,0.0,448,-2.637553503966331e+17,-0.0,2114,0,17110,13107,17112,13107,17095,0,0,0,101,100,100,0.0,64.4,0.0,64.8,-0.0,64.0,1,49,50,180,0,0,0,0,0.0,0.0,0.0,60.0,0.0,71.0,0.0,206432452608.0,0.0,1070,0,1070,0,0,0,1070,0,1081,0,996,0,643,0,645,0,640,0,678,0.032,8.005886927989945e+21,-0.0,-0.0,34192,16813,0.0,206432452608.0,541.002,-0.0,-1.6024380647763628e+31,0.0,50.0,60.0,35,0.0,0.0,10.0,2.0,0.0,0.0,0.0,0.0,0.0,0.0,0.0,0.0,0.0,0.0,0.0,0.0,58.8,40,21,65523,27,65476,0,300,0,0,8,20529,65476,0,0,30147,60.0,0.0,10.0,10.0,2.0,0.0
2026-02-16T12:13:20,ERR,ERR,ERR,ERR,ERR,ERR,ERR,ERR,ERR,ERR,ERR,ERR,ERR,ERR,ERR,ERR,ERR,ERR,ERR,ERR,ERR,ERR,ERR,ERR,ERR,ERR,ERR,ERR,ERR,ERR,ERR,ERR,ERR,ERR,ERR,ERR,ERR,ERR,ERR,ERR,ERR,ERR,ERR,ERR,ERR,ERR,ERR,ERR,ERR,ERR,ERR,ERR,ERR,ERR,ERR,ERR,ERR,ERR,ERR,ERR,ERR,ERR,ERR,ERR,ERR,ERR,ERR,ERR,ERR,ERR,ERR,ERR,ERR,ERR,ERR,ERR,ERR,ERR,ERR,ERR,ERR,ERR,ERR,ERR,ERR,ERR,ERR,ERR,ERR,ERR,ERR,ERR,ERR,ERR,ERR,ERR,ERR,ERR,ERR,ERR,ERR,ERR,ERR,ERR,ERR,ERR,ERR,ERR,ERR,ERR,ERR,ERR,ERR,ERR,ERR,ERR,ERR,ERR,ERR,ERR,ERR,ERR,ERR,ERR,ERR,2.718442270659078e+23,0.0,0.0,2.7183363459958422e+23,4.0450645835047296e+31,-3.2651354003614856e+22,-0.001,-6.34828151142052e+19,4300,0,8,17166,4300,-0.0,36,0.0,0.0,2.7183363459958422e+23,0.0,-4.925046184806267e+32,0,0,0,0,0.0,0,0,0,0,0,0,0,0,0,0,0,0,0,0,0,0,0,0,0,0,0,0,0,0,0,0,0,0,0,0,0,0,0,13,36,36,48,65476,418,65476,1,0,4,21553,0.0,0.0,-137480.328,0.0,0.0,0.0,0.0,0.0,0.0,0.0,0.0,0.0,0.0,0.0,-2.600982585120823e+33,0.0,0.0,0.0,0.0,0.0,0.0,2.004,-0.0,0.0,-2.004,-3.697077062071222e+19,0.0,0.0,0.0,0.0,6335.0,-2.004,0.0,2.718442270659078e+23,0.0,2.718449836706452e+23,-2.7184510977143476e+23,0.0,0.0,2.004,2.004,222,-2.3088280513417105e+20,0.0,0.0,0.0,0.0,0.0,0.0,0.0,0.0,0,0,0,-354900475904.0,0.0,8.775539457187959e+36,-1394670848.0,-0.0,-36767676.0,-4.194510072530862e+17,3.6319434118756547e+24,-2.516533010624875e+20,-1.552054147482464e+21,-0.0,5546772.5,0.0,0.0,0.0,0.0,0,1.3516416376850534e+27,222,0.0,448,-2.637553503966331e+17,-0.0,2114,0,17110,13107,17112,13107,17095,0,0,0,101,100,100,0.0,64.4,0.0,64.8,-0.0,64.0,1,49,50,180,0,0,0,0,0.0,0.0,0.0,60.0,0.0,71.0,0.0,206432452608.0,0.0,1070,0,1070,0,0,0,1070,0,1081,0,996,0,643,0,645,0,640,0,678,0.032,8.005886927989945e+21,-0.0,-0.0,34192,16813,0.0,206432452608.0,541.002,-0.0,-1.6024380647763628e+31,0.0,50.0,60.0,35,0.0,0.0,10.0,2.0,0.0,0.0,0.0,0.0,0.0,0.0,0.0,0.0,0.0,0.0,0.0,0.0,58.8,46,17,65517,27,65476,0,300,0,0,8,20529,65476,0,0,30147,60.0,0.0,10.0,10.0,2.0,0.0
2026-02-16T12:13:21,ERR,ERR,ERR,ERR,ERR,ERR,ERR,ERR,ERR,ERR,ERR,ERR,ERR,ERR,ERR,ERR,ERR,ERR,ERR,ERR,ERR,ERR,ERR,ERR,ERR,ERR,ERR,ERR,ERR,ERR,ERR,ERR,ERR,ERR,ERR,ERR,ERR,ERR,ERR,ERR,ERR,ERR,ERR,ERR,ERR,ERR,ERR,ERR,ERR,ERR,ERR,ERR,ERR,ERR,ERR,ERR,ERR,ERR,ERR,ERR,ERR,ERR,ERR,ERR,ERR,ERR,ERR,ERR,ERR,ERR,ERR,ERR,ERR,ERR,ERR,ERR,ERR,ERR,ERR,ERR,ERR,ERR,ERR,ERR,ERR,ERR,ERR,ERR,ERR,ERR,ERR,ERR,ERR,ERR,ERR,ERR,ERR,ERR,ERR,ERR,ERR,ERR,ERR,ERR,ERR,ERR,ERR,ERR,ERR,ERR,ERR,ERR,ERR,ERR,ERR,ERR,ERR,ERR,ERR,ERR,ERR,ERR,ERR,ERR,ERR,2.718442270659078e+23,0.0,0.0,2.7183363459958422e+23,4.0450645835047296e+31,-3.2651354003614856e+22,-0.001,-6.34828151142052e+19,4300,0,8,17166,4300,-0.0,36,0.0,0.0,2.7183363459958422e+23,0.0,-4.925046184806267e+32,0,0,0,0,0.0,0,0,0,0,0,0,0,0,0,0,0,0,0,0,0,0,0,0,0,0,0,0,0,0,0,0,0,0,0,0,0,0,0,13,36,36,48,65476,418,65476,1,0,4,21553,0.0,0.0,-137480.328,0.0,0.0,0.0,0.0,0.0,0.0,0.0,0.0,0.0,0.0,0.0,-2.600982585120823e+33,0.0,0.0,0.0,0.0,0.0,0.0,2.004,-0.0,0.0,-2.004,-3.697077062071222e+19,0.0,0.0,0.0,0.0,6335.0,-2.004,0.0,2.718442270659078e+23,0.0,2.718449836706452e+23,-2.7184510977143476e+23,0.0,0.0,2.004,2.004,222,-2.3088280513417105e+20,0.0,0.0,0.0,0.0,0.0,0.0,0.0,0.0,0,0,0,-354900475904.0,0.0,8.775539457187959e+36,-1394670848.0,-0.0,-36767676.0,-4.194510072530862e+17,3.6319434118756547e+24,-2.516533010624875e+20,-1.552054147482464e+21,-0.0,5546772.5,0.0,0.0,0.0,0.0,0,1.3516416376850534e+27,222,0.0,448,-2.637553503966331e+17,-0.0,2114,0,17110,13107,17112,13107,17095,0,0,0,101,100,100,0.0,64.4,0.0,64.8,-0.0,64.0,1,49,50,180,0,0,0,0,0.0,0.0,0.0,60.0,0.0,71.0,0.0,206432452608.0,0.0,1070,0,1070,0,0,0,1070,0,1081,0,996,0,643,0,645,0,640,0,678,0.032,8.005886927989945e+21,-0.0,-0.0,34192,16813,0.0,206432452608.0,541.002,-0.0,-1.6024380647763628e+31,0.0,50.0,60.0,35,0.0,0.0,10.0,2.0,0.0,0.0,0.0,0.0,0.0,0.0,0.0,0.0,0.0,0.0,0.0,0.0,58.8,46,17,65517,27,65476,0,300,0,0,8,20529,65476,0,0,30147,60.0,0.0,10.0,10.0,2.0,0.0
2026-02-16T12:13:22,ERR,ERR,ERR,ERR,ERR,ERR,ERR,ERR,ERR,ERR,ERR,ERR,ERR,ERR,ERR,ERR,ERR,ERR,ERR,ERR,ERR,ERR,ERR,ERR,ERR,ERR,ERR,ERR,ERR,ERR,ERR,ERR,ERR,ERR,ERR,ERR,ERR,ERR,ERR,ERR,ERR,ERR,ERR,ERR,ERR,ERR,ERR,ERR,ERR,ERR,ERR,ERR,ERR,ERR,ERR,ERR,ERR,ERR,ERR,ERR,ERR,ERR,ERR,ERR,ERR,ERR,ERR,ERR,ERR,ERR,ERR,ERR,ERR,ERR,ERR,ERR,ERR,ERR,ERR,ERR,ERR,ERR,ERR,ERR,ERR,ERR,ERR,ERR,ERR,ERR,ERR,ERR,ERR,ERR,ERR,ERR,ERR,ERR,ERR,ERR,ERR,ERR,ERR,ERR,ERR,ERR,ERR,ERR,ERR,ERR,ERR,ERR,ERR,ERR,ERR,ERR,ERR,ERR,ERR,ERR,ERR,ERR,ERR,ERR,ERR,2.718442270659078e+23,0.0,0.0,2.7183363459958422e+23,4.0450645835047296e+31,-3.2651354003614856e+22,-0.001,-6.34828151142052e+19,4300,0,8,17166,4300,-0.0,36,0.0,0.0,2.7183363459958422e+23,0.0,-4.925046184806267e+32,0,0,0,0,0.0,0,0,0,0,0,0,0,0,0,0,0,0,0,0,0,0,0,0,0,0,0,0,0,0,0,0,0,0,0,0,0,0,0,13,36,36,48,65476,418,65476,1,0,4,21553,0.0,0.0,-137480.328,0.0,0.0,0.0,0.0,0.0,0.0,0.0,0.0,0.0,0.0,0.0,-2.600982585120823e+33,0.0,0.0,0.0,0.0,0.0,0.0,2.004,-0.0,0.0,-2.004,-3.697077062071222e+19,0.0,0.0,0.0,0.0,6335.0,-2.004,0.0,2.718442270659078e+23,0.0,2.718449836706452e+23,-2.7184510977143476e+23,0.0,0.0,2.004,2.004,222,-2.3088280513417105e+20,0.0,0.0,0.0,0.0,0.0,0.0,0.0,0.0,0,0,0,-354900475904.0,0.0,8.775539457187959e+36,-1394670848.0,-0.0,-36767676.0,-4.194510072530862e+17,3.6319434118756547e+24,-2.516533010624875e+20,-1.552054147482464e+21,-0.0,5546772.5,0.0,0.0,0.0,0.0,0,1.3516416376850534e+27,222,0.0,448,-2.637553503966331e+17,-0.0,2114,0,17110,13107,17112,13107,17095,0,0,0,101,100,100,0.0,64.4,0.0,64.8,-0.0,64.0,1,49,50,180,0,0,0,0,0.0,0.0,0.0,60.0,0.0,71.0,0.0,206432452608.0,0.0,1070,0,1070,0,0,0,1070,0,1081,0,996,0,643,0,645,0,640,0,678,0.032,8.005886927989945e+21,-0.0,-0.0,34192,16813,0.0,206432452608.0,541.002,-0.0,-1.6024380647763628e+31,0.0,50.0,60.0,35,0.0,0.0,10.0,2.0,0.0,0.0,0.0,0.0,0.0,0.0,0.0,0.0,0.0,0.0,0.0,0.0,58.8,46,17,65517,27,65476,0,300,0,0,8,20529,65476,0,0,30147,60.0,0.0,10.0,10.0,2.0,0.0
2026-02-16T12:13:23,ERR,ERR,ERR,ERR,ERR,ERR,ERR,ERR,ERR,ERR,ERR,ERR,ERR,ERR,ERR,ERR,ERR,ERR,ERR,ERR,ERR,ERR,ERR,ERR,ERR,ERR,ERR,ERR,ERR,ERR,ERR,ERR,ERR,ERR,ERR,ERR,ERR,ERR,ERR,ERR,ERR,ERR,ERR,ERR,ERR,ERR,ERR,ERR,ERR,ERR,ERR,ERR,ERR,ERR,ERR,ERR,ERR,ERR,ERR,ERR,ERR,ERR,ERR,ERR,ERR,ERR,ERR,ERR,ERR,ERR,ERR,ERR,ERR,ERR,ERR,ERR,ERR,ERR,ERR,ERR,ERR,ERR,ERR,ERR,ERR,ERR,ERR,ERR,ERR,ERR,ERR,ERR,ERR,ERR,ERR,ERR,ERR,ERR,ERR,ERR,ERR,ERR,ERR,ERR,ERR,ERR,ERR,ERR,ERR,ERR,ERR,ERR,ERR,ERR,ERR,ERR,ERR,ERR,ERR,ERR,ERR,ERR,ERR,ERR,ERR,2.718442270659078e+23,0.0,0.0,2.7183363459958422e+23,4.0450645835047296e+31,-3.2651354003614856e+22,-0.001,-6.34828151142052e+19,4300,0,8,17166,4300,-0.0,36,0.0,0.0,2.7183363459958422e+23,0.0,-4.925046184806267e+32,0,0,0,0,0.0,0,0,0,0,0,0,0,0,0,0,0,0,0,0,0,0,0,0,0,0,0,0,0,0,0,0,0,0,0,0,0,0,0,13,36,36,48,65476,418,65476,1,0,4,21553,0.0,0.0,-137480.328,0.0,0.0,0.0,0.0,0.0,0.0,0.0,0.0,0.0,0.0,0.0,-2.600982585120823e+33,0.0,0.0,0.0,0.0,0.0,0.0,2.004,-0.0,0.0,-2.004,-3.697077062071222e+19,0.0,0.0,0.0,0.0,6335.0,-2.004,0.0,2.718442270659078e+23,0.0,2.718449836706452e+23,-2.7184510977143476e+23,0.0,0.0,2.004,2.004,222,-2.3088280513417105e+20,0.0,0.0,0.0,0.0,0.0,0.0,0.0,0.0,0,0,0,-354900475904.0,0.0,8.775539457187959e+36,-1394670848.0,-0.0,-36767676.0,-4.194510072530862e+17,3.6319434118756547e+24,-2.516533010624875e+20,-1.552054147482464e+21,-0.0,5546772.5,0.0,0.0,0.0,0.0,0,1.3516416376850534e+27,222,0.0,448,-2.637553503966331e+17,-0.0,2114,0,17110,13107,17112,13107,17095,0,0,0,101,100,100,0.0,64.4,0.0,64.8,-0.0,64.0,1,49,50,180,0,0,0,0,0.0,0.0,0.0,60.0,0.0,71.0,0.0,206432452608.0,0.0,1070,0,1070,0,0,0,1070,0,1081,0,996,0,643,0,645,0,640,0,678,0.032,8.005886927989945e+21,-0.0,-0.0,34192,16813,0.0,206432452608.0,541.002,-0.0,-1.6024380647763628e+31,0.0,50.0,60.0,35,0.0,0.0,10.0,2.0,0.0,0.0,0.0,0.0,0.0,0.0,0.0,0.0,0.0,0.0,0.0,0.0,58.8,53,12,65510,27,65476,0,300,0,0,8,20529,65476,0,0,30147,60.0,0.0,10.0,10.0,2.0,0.0
2026-02-16T12:13:24,ERR,ERR,ERR,ERR,ERR,ERR,ERR,ERR,ERR,ERR,ERR,ERR,ERR,ERR,ERR,ERR,ERR,ERR,ERR,ERR,ERR,ERR,ERR,ERR,ERR,ERR,ERR,ERR,ERR,ERR,ERR,ERR,ERR,ERR,ERR,ERR,ERR,ERR,ERR,ERR,ERR,ERR,ERR,ERR,ERR,ERR,ERR,ERR,ERR,ERR,ERR,ERR,ERR,ERR,ERR,ERR,ERR,ERR,ERR,ERR,ERR,ERR,ERR,ERR,ERR,ERR,ERR,ERR,ERR,ERR,ERR,ERR,ERR,ERR,ERR,ERR,ERR,ERR,ERR,ERR,ERR,ERR,ERR,ERR,ERR,ERR,ERR,ERR,ERR,ERR,ERR,ERR,ERR,ERR,ERR,ERR,ERR,ERR,ERR,ERR,ERR,ERR,ERR,ERR,ERR,ERR,ERR,ERR,ERR,ERR,ERR,ERR,ERR,ERR,ERR,ERR,ERR,ERR,ERR,ERR,ERR,ERR,ERR,ERR,ERR,2.718442270659078e+23,0.0,0.0,2.7183363459958422e+23,4.0450645835047296e+31,-3.2651354003614856e+22,-0.001,-6.34828151142052e+19,4300,0,8,17166,4300,-0.0,36,0.0,0.0,2.7183363459958422e+23,0.0,-4.925046184806267e+32,0,0,0,0,0.0,0,0,0,0,0,0,0,0,0,0,0,0,0,0,0,0,0,0,0,0,0,0,0,0,0,0,0,0,0,0,0,0,0,13,36,36,48,65476,418,65476,1,0,4,21553,0.0,0.0,-137480.328,0.0,0.0,0.0,0.0,0.0,0.0,0.0,0.0,0.0,0.0,0.0,-2.600982585120823e+33,0.0,0.0,0.0,0.0,0.0,0.0,2.004,-0.0,0.0,-2.004,-3.697077062071222e+19,0.0,0.0,0.0,0.0,6335.0,-2.004,0.0,2.718442270659078e+23,0.0,2.718449836706452e+23,-2.7184510977143476e+23,0.0,0.0,2.004,2.004,222,-2.3088280513417105e+20,0.0,0.0,0.0,0.0,0.0,0.0,0.0,0.0,0,0,0,-354900475904.0,0.0,8.775539457187959e+36,-1394670848.0,-0.0,-36767676.0,-4.194510072530862e+17,3.6319434118756547e+24,-2.516533010624875e+20,-1.552054147482464e+21,-0.0,5546772.5,0.0,0.0,0.0,0.0,0,1.3516416376850534e+27,222,0.0,448,-2.637553503966331e+17,-0.0,2114,13107,17110,13107,17112,13107,17095,0,0,0,101,100,100,0.0,64.0,0.0,64.8,-0.0,64.0,1,49,50,180,0,0,0,0,0.0,0.0,0.0,60.0,0.0,71.0,0.0,-8813629407232.0,0.0,1070,0,1070,0,0,0,1070,0,1081,0,996,0,643,0,645,0,640,0,678,0.032,8.005886927989945e+21,-0.0,-0.0,30736,16813,0.0,-1.3149761169992e+36,-6987727360.0,-0.296,5.6896920671706875e+25,-0.0,50.0,60.0,35,0.0,0.0,10.0,2.0,0.0,0.0,0.0,0.0,0.0,0.0,0.0,0.0,0.0,0.0,0.0,0.0,58.8,53,12,65510,27,65476,0,300,0,0,8,20529,65476,0,0,30147,60.0,0.0,10.0,10.0,2.0,0.0
2026-02-16T12:13:25,ERR,ERR,ERR,ERR,ERR,ERR,ERR,ERR,ERR,ERR,ERR,ERR,ERR,ERR,ERR,ERR,ERR,ERR,ERR,ERR,ERR,ERR,ERR,ERR,ERR,ERR,ERR,ERR,ERR,ERR,ERR,ERR,ERR,ERR,ERR,ERR,ERR,ERR,ERR,ERR,ERR,ERR,ERR,ERR,ERR,ERR,ERR,ERR,ERR,ERR,ERR,ERR,ERR,ERR,ERR,ERR,ERR,ERR,ERR,ERR,ERR,ERR,ERR,ERR,ERR,ERR,ERR,ERR,ERR,ERR,ERR,ERR,ERR,ERR,ERR,ERR,ERR,ERR,ERR,ERR,ERR,ERR,ERR,ERR,ERR,ERR,ERR,ERR,ERR,ERR,ERR,ERR,ERR,ERR,ERR,ERR,ERR,ERR,ERR,ERR,ERR,ERR,ERR,ERR,ERR,ERR,ERR,ERR,ERR,ERR,ERR,ERR,ERR,ERR,ERR,ERR,ERR,ERR,ERR,ERR,ERR,ERR,ERR,ERR,ERR,2.718442270659078e+23,0.0,0.0,2.7183363459958422e+23,4.0450645835047296e+31,0.0,0.0,-0.0,4300,0,8,17163,4300,-0.0,37,0.0,0.0,2.7183363459958422e+23,0.0,-4.925046184806267e+32,0,0,0,0,0.0,0,0,0,0,0,0,0,0,0,0,0,0,0,0,0,0,0,0,0,0,0,0,0,0,0,0,0,0,0,0,0,0,0,13,36,36,48,65476,420,65476,1,0,4,21553,0.0,-0.0,0.007,0.0,0.0,0.0,0.0,0.0,0.0,0.0,0.0,0.0,0.0,0.0,0.0,0.0,0.0,0.0,0.0,0.0,0.0,2.004,-0.0,0.0,-3.6970739834386645e+19,-2.004,0.0,0.0,0.0,0.0,6335.0,-0.0,0.0,2.718442270659078e+23,0.0,-0.0,-107616280.0,-0.0,0.0,2.004,2.004,223,-4.9504015179484054e+32,-107615200.0,0.0,0.0,0.0,0.0,0.0,0.0,0.0,0,0,0,-6.309073763096019e+30,-0.0,-0.0,3.926,-0.0,0.0,-1.1981240212876317e+38,9.933114117970453e+22,-0.0,-1.681181355998431e+21,-0.0,6005524.5,0.0,0.0,0.0,-0.0,0,1.3516416376850534e+27,223,0.0,446,0.0,-0.0,2114,13107,17110,13107,17112,13107,17095,0,0,0,101,100,100,0.0,64.0,0.0,64.8,-0.0,64.0,1,49,50,180,0,0,0,0,0.0,0.0,0.0,60.0,0.0,71.0,0.0,-8813629407232.0,0.0,1070,0,1070,0,0,0,1070,0,1081,0,996,0,643,0,645,0,640,0,678,0.032,8.005886927989945e+21,-0.0,-0.0,30736,16813,0.0,-1.3149761169992e+36,-6987727360.0,-0.296,5.6896920671706875e+25,-0.0,50.0,60.0,35,0.0,0.0,10.0,2.0,0.0,0.0,0.0,0.0,0.0,0.0,0.0,0.0,0.0,0.0,0.0,0.0,59.2,57,10,65506,27,65476,0,300,0,0,8,20529,65476,0,0,30147,60.0,0.0,10.0,10.0,2.0,0.0
2026-02-16T12:13:26,ERR,ERR,ERR,ERR,ERR,ERR,ERR,ERR,ERR,ERR,ERR,ERR,ERR,ERR,ERR,ERR,ERR,ERR,ERR,ERR,ERR,ERR,ERR,ERR,ERR,ERR,ERR,ERR,ERR,ERR,ERR,ERR,ERR,ERR,ERR,ERR,ERR,ERR,ERR,ERR,ERR,ERR,ERR,ERR,ERR,ERR,ERR,ERR,ERR,ERR,ERR,ERR,ERR,ERR,ERR,ERR,ERR,ERR,ERR,ERR,ERR,ERR,ERR,ERR,ERR,ERR,ERR,ERR,ERR,ERR,ERR,ERR,ERR,ERR,ERR,ERR,ERR,ERR,ERR,ERR,ERR,ERR,ERR,ERR,ERR,ERR,ERR,ERR,ERR,ERR,ERR,ERR,ERR,ERR,ERR,ERR,ERR,ERR,ERR,ERR,ERR,ERR,ERR,ERR,ERR,ERR,ERR,ERR,ERR,ERR,ERR,ERR,ERR,ERR,ERR,ERR,ERR,ERR,ERR,ERR,ERR,ERR,ERR,ERR,ERR,2.718442270659078e+23,0.0,0.0,2.7183363459958422e+23,4.0450645835047296e+31,0.0,0.0,-0.0,4300,0,8,17163,4300,-0.0,37,0.0,0.0,2.7183363459958422e+23,0.0,-4.925046184806267e+32,0,0,0,0,0.0,0,0,0,0,0,0,0,0,0,0,0,0,0,0,0,0,0,0,0,0,0,0,0,0,0,0,0,0,0,0,0,0,0,13,36,36,48,65476,420,65476,1,0,4,21553,0.0,-0.0,0.007,0.0,0.0,0.0,0.0,0.0,0.0,0.0,0.0,0.0,0.0,0.0,0.0,0.0,0.0,0.0,0.0,0.0,0.0,2.004,-0.0,0.0,-3.6970739834386645e+19,-2.004,0.0,0.0,0.0,0.0,6335.0,-0.0,0.0,2.718442270659078e+23,0.0,-0.0,-107616280.0,-0.0,0.0,2.004,2.004,223,-4.9504015179484054e+32,-107615200.0,0.0,0.0,0.0,0.0,0.0,0.0,0.0,0,0,0,-6.309073763096019e+30,-0.0,-0.0,3.926,-0.0,0.0,-1.1981240212876317e+38,9.933114117970453e+22,-0.0,-1.681181355998431e+21,-0.0,6005524.5,0.0,0.0,0.0,-0.0,0,1.3516416376850534e+27,223,0.0,446,0.0,-0.0,2114,13107,17110,13107,17112,13107,17095,0,0,0,101,100,100,0.0,64.0,0.0,64.8,-0.0,64.0,1,49,50,180,0,0,0,0,0.0,0.0,0.0,60.0,0.0,71.0,0.0,-8813629407232.0,0.0,1070,0,1070,0,0,0,1070,0,1081,0,996,0,643,0,645,0,640,0,678,0.032,8.005886927989945e+21,-0.0,-0.0,30736,16813,0.0,-1.3149761169992e+36,-6987727360.0,-0.296,5.6896920671706875e+25,-0.0,50.0,60.0,35,0.0,0.0,10.0,2.0,0.0,0.0,0.0,0.0,0.0,0.0,0.0,0.0,0.0,0.0,0.0,0.0,59.2,57,10,65506,27,65476,0,300,0,0,8,20529,65476,0,0,30147,60.0,0.0,10.0,10.0,2.0,0.0
2026-02-16T12:13:27,ERR,ERR,ERR,ERR,ERR,ERR,ERR,ERR,ERR,ERR,ERR,ERR,ERR,ERR,ERR,ERR,ERR,ERR,ERR,ERR,ERR,ERR,ERR,ERR,ERR,ERR,ERR,ERR,ERR,ERR,ERR,ERR,ERR,ERR,ERR,ERR,ERR,ERR,ERR,ERR,ERR,ERR,ERR,ERR,ERR,ERR,ERR,ERR,ERR,ERR,ERR,ERR,ERR,ERR,ERR,ERR,ERR,ERR,ERR,ERR,ERR,ERR,ERR,ERR,ERR,ERR,ERR,ERR,ERR,ERR,ERR,ERR,ERR,ERR,ERR,ERR,ERR,ERR,ERR,ERR,ERR,ERR,ERR,ERR,ERR,ERR,ERR,ERR,ERR,ERR,ERR,ERR,ERR,ERR,ERR,ERR,ERR,ERR,ERR,ERR,ERR,ERR,ERR,ERR,ERR,ERR,ERR,ERR,ERR,ERR,ERR,ERR,ERR,ERR,ERR,ERR,ERR,ERR,ERR,ERR,ERR,ERR,ERR,ERR,ERR,2.718442270659078e+23,0.0,0.0,2.7183363459958422e+23,4.0450645835047296e+31,0.0,0.0,-0.0,4300,0,8,17163,4300,-0.0,37,0.0,0.0,2.7183363459958422e+23,0.0,-4.925046184806267e+32,0,0,0,0,0.0,0,0,0,0,0,0,0,0,0,0,0,0,0,0,0,0,0,0,0,0,0,0,0,0,0,0,0,0,0,0,0,0,0,13,36,36,48,65476,420,65476,1,0,4,21553,0.0,-0.0,0.007,0.0,0.0,0.0,0.0,0.0,0.0,0.0,0.0,0.0,0.0,0.0,0.0,0.0,0.0,0.0,0.0,0.0,0.0,2.004,-0.0,0.0,-3.6970739834386645e+19,-2.004,0.0,0.0,0.0,0.0,6335.0,-0.0,0.0,2.718442270659078e+23,0.0,-0.0,-107616280.0,-0.0,0.0,2.004,2.004,223,-4.9504015179484054e+32,-107615200.0,0.0,0.0,0.0,0.0,0.0,0.0,0.0,0,0,0,-6.309073763096019e+30,-0.0,-0.0,3.926,-0.0,0.0,-1.1981240212876317e+38,9.933114117970453e+22,-0.0,-1.681181355998431e+21,-0.0,6005524.5,0.0,0.0,0.0,-0.0,0,1.3516416376850534e+27,223,0.0,446,0.0,-0.0,2114,13107,17110,13107,17112,13107,17095,0,0,0,101,100,100,0.0,64.0,0.0,64.8,-0.0,64.0,1,49,50,180,0,0,0,0,0.0,0.0,0.0,60.0,0.0,71.0,0.0,-8813629407232.0,0.0,1070,0,1070,0,0,0,1070,0,1081,0,996,0,643,0,645,0,640,0,678,0.032,8.005886927989945e+21,-0.0,-0.0,30736,16813,0.0,-1.3149761169992e+36,-6987727360.0,-0.296,5.6896920671706875e+25,-0.0,50.0,60.0,35,0.0,0.0,10.0,2.0,0.0,0.0,0.0,0.0,0.0,0.0,0.0,0.0,0.0,0.0,0.0,0.0,59.2,57,10,65506,27,65476,0,300,0,0,8,20529,65476,0,0,30147,60.0,0.0,10.0,10.0,2.0,0.0
2026-02-16T12:13:28,ERR,ERR,ERR,ERR,ERR,ERR,ERR,ERR,ERR,ERR,ERR,ERR,ERR,ERR,ERR,ERR,ERR,ERR,ERR,ERR,ERR,ERR,ERR,ERR,ERR,ERR,ERR,ERR,ERR,ERR,ERR,ERR,ERR,ERR,ERR,ERR,ERR,ERR,ERR,ERR,ERR,ERR,ERR,ERR,ERR,ERR,ERR,ERR,ERR,ERR,ERR,ERR,ERR,ERR,ERR,ERR,ERR,ERR,ERR,ERR,ERR,ERR,ERR,ERR,ERR,ERR,ERR,ERR,ERR,ERR,ERR,ERR,ERR,ERR,ERR,ERR,ERR,ERR,ERR,ERR,ERR,ERR,ERR,ERR,ERR,ERR,ERR,ERR,ERR,ERR,ERR,ERR,ERR,ERR,ERR,ERR,ERR,ERR,ERR,ERR,ERR,ERR,ERR,ERR,ERR,ERR,ERR,ERR,ERR,ERR,ERR,ERR,ERR,ERR,ERR,ERR,ERR,ERR,ERR,ERR,ERR,ERR,ERR,ERR,ERR,2.718442270659078e+23,0.0,0.0,2.7183363459958422e+23,4.0450645835047296e+31,0.0,0.0,-0.0,4300,0,8,17163,4300,-0.0,37,0.0,0.0,2.7183363459958422e+23,0.0,-4.925046184806267e+32,0,0,0,0,0.0,0,0,0,0,0,0,0,0,0,0,0,0,0,0,0,0,0,0,0,0,0,0,0,0,0,0,0,0,0,0,0,0,0,13,36,36,48,65476,420,65476,1,0,4,21553,0.0,-0.0,0.007,0.0,0.0,0.0,0.0,0.0,0.0,0.0,0.0,0.0,0.0,0.0,0.0,0.0,0.0,0.0,0.0,0.0,0.0,2.004,-0.0,0.0,-3.6970739834386645e+19,-2.004,0.0,0.0,0.0,0.0,6335.0,-0.0,0.0,2.718442270659078e+23,0.0,-0.0,-107616280.0,-0.0,0.0,2.004,2.004,223,-4.9504015179484054e+32,-107615200.0,0.0,0.0,0.0,0.0,0.0,0.0,0.0,0,0,0,-6.309073763096019e+30,-0.0,-0.0,3.926,-0.0,0.0,-1.1981240212876317e+38,9.933114117970453e+22,-0.0,-1.681181355998431e+21,-0.0,6005524.5,0.0,0.0,0.0,-0.0,0,1.3516416376850534e+27,223,0.0,446,0.0,-0.0,2114,13107,17110,13107,17112,13107,17095,0,0,0,101,100,100,0.0,64.4,-107615232.0,64.3,-0.0,64.0,1,49,50,180,0,0,0,0,0.0,0.0,0.0,60.0,0.0,71.0,0.0,0.0,0.0,1070,0,1070,0,0,0,1070,0,1081,0,996,0,643,0,645,0,640,0,678,0.032,7.968993439842526e+21,-0.0,-0.0,33680,16813,0.0,0.0,0.0,-1.1991202203574536e+35,-106.128,-1.5154622366828462e+18,50.0,60.0,35,0.0,0.0,10.0,2.0,0.0,0.0,0.0,0.0,0.0,0.0,0.0,0.0,0.0,0.0,0.0,0.0,59.2,57,10,65506,27,65476,0,300,0,0,8,20529,65476,0,0,30147,60.0,0.0,10.0,10.0,2.0,0.0
2026-02-16T12:13:29,ERR,ERR,ERR,ERR,ERR,ERR,ERR,ERR,ERR,ERR,ERR,ERR,ERR,ERR,ERR,ERR,ERR,ERR,ERR,ERR,ERR,ERR,ERR,ERR,ERR,ERR,ERR,ERR,ERR,ERR,ERR,ERR,ERR,ERR,ERR,ERR,ERR,ERR,ERR,ERR,ERR,ERR,ERR,ERR,ERR,ERR,ERR,ERR,ERR,ERR,ERR,ERR,ERR,ERR,ERR,ERR,ERR,ERR,ERR,ERR,ERR,ERR,ERR,ERR,ERR,ERR,ERR,ERR,ERR,ERR,ERR,ERR,ERR,ERR,ERR,ERR,ERR,ERR,ERR,ERR,ERR,ERR,ERR,ERR,ERR,ERR,ERR,ERR,ERR,ERR,ERR,ERR,ERR,ERR,ERR,ERR,ERR,ERR,ERR,ERR,ERR,ERR,ERR,ERR,ERR,ERR,ERR,ERR,ERR,ERR,ERR,ERR,ERR,ERR,ERR,ERR,ERR,ERR,ERR,ERR,ERR,ERR,ERR,ERR,ERR,2.718442270659078e+23,0.0,0.0,2.7183363459958422e+23,4.0450645835047296e+31,0.0,0.0,-0.0,4300,0,8,17163,4300,-0.0,37,0.0,0.0,2.7183363459958422e+23,0.0,-4.925046184806267e+32,0,0,0,0,0.0,0,0,0,0,0,0,0,0,0,0,0,0,0,0,0,0,0,0,0,0,0,0,0,0,0,0,0,0,0,0,0,0,0,13,36,36,48,65476,420,65476,1,0,4,21553,0.0,-0.0,0.007,0.0,0.0,0.0,0.0,0.0,0.0,0.0,0.0,0.0,0.0,0.0,0.0,0.0,0.0,0.0,0.0,0.0,0.0,2.004,-0.0,0.0,-3.6970739834386645e+19,-2.004,0.0,0.0,0.0,0.0,6335.0,-0.0,0.0,2.718442270659078e+23,0.0,-0.0,-107616280.0,-0.0,0.0,2.004,2.004,223,-4.9504015179484054e+32,-107615200.0,0.0,0.0,0.0,0.0,0.0,0.0,0.0,0,0,0,-6.309073763096019e+30,-0.0,-0.0,3.926,-0.0,0.0,-1.1981240212876317e+38,9.933114117970453e+22,-0.0,-1.681181355998431e+21,-0.0,6005524.5,0.0,0.0,0.0,-0.0,0,1.3516416376850534e+27,223,0.0,446,0.0,-0.0,2114,13107,17110,13107,17112,13107,17095,0,0,0,101,100,100,0.0,64.4,-107615232.0,64.3,-0.0,64.0,1,49,50,180,0,0,0,0,0.0,0.0,0.0,60.0,0.0,71.0,0.0,0.0,0.0,1070,0,1070,0,0,0,1070,0,1081,0,996,0,643,0,645,0,640,0,678,0.032,7.968993439842526e+21,-0.0,-0.0,33680,16813,0.0,0.0,0.0,-1.1991202203574536e+35,-106.128,-1.5154622366828462e+18,50.0,60.0,35,0.0,0.0,10.0,2.0,0.0,0.0,0.0,0.0,0.0,0.0,0.0,0.0,0.0,0.0,0.0,0.0,59.2,57,10,65506,27,65476,0,300,0,0,8,20529,65476,0,0,30147,60.0,0.0,10.0,10.0,2.0,0.0
2026-02-16T12:13:30,ERR,ERR,ERR,ERR,ERR,ERR,ERR,ERR,ERR,ERR,ERR,ERR,ERR,ERR,ERR,ERR,ERR,ERR,ERR,ERR,ERR,ERR,ERR,ERR,ERR,ERR,ERR,ERR,ERR,ERR,ERR,ERR,ERR,ERR,ERR,ERR,ERR,ERR,ERR,ERR,ERR,ERR,ERR,ERR,ERR,ERR,ERR,ERR,ERR,ERR,ERR,ERR,ERR,ERR,ERR,ERR,ERR,ERR,ERR,ERR,ERR,ERR,ERR,ERR,ERR,ERR,ERR,ERR,ERR,ERR,ERR,ERR,ERR,ERR,ERR,ERR,ERR,ERR,ERR,ERR,ERR,ERR,ERR,ERR,ERR,ERR,ERR,ERR,ERR,ERR,ERR,ERR,ERR,ERR,ERR,ERR,ERR,ERR,ERR,ERR,ERR,ERR,ERR,ERR,ERR,ERR,ERR,ERR,ERR,ERR,ERR,ERR,ERR,ERR,ERR,ERR,ERR,ERR,ERR,ERR,ERR,ERR,ERR,ERR,ERR,2.718442270659078e+23,0.0,0.0,2.7183363459958422e+23,4.0450645835047296e+31,0.0,0.0,-0.0,4300,0,8,17163,4300,-0.0,37,0.0,0.0,2.7183363459958422e+23,0.0,-4.925046184806267e+32,0,0,0,0,0.0,0,0,0,0,0,0,0,0,0,0,0,0,0,0,0,0,0,0,0,0,0,0,0,0,0,0,0,0,0,0,0,0,0,13,36,36,48,65476,420,65476,1,0,4,21553,0.0,-0.0,0.007,0.0,0.0,0.0,0.0,0.0,0.0,0.0,0.0,0.0,0.0,0.0,0.0,0.0,0.0,0.0,0.0,0.0,0.0,2.004,-0.0,0.0,-3.6970739834386645e+19,-2.004,0.0,0.0,0.0,0.0,6335.0,-0.0,0.0,2.718442270659078e+23,0.0,-0.0,-107616280.0,-0.0,0.0,2.004,2.004,223,-4.9504015179484054e+32,-107615200.0,0.0,0.0,0.0,0.0,0.0,0.0,0.0,0,0,0,-6.309073763096019e+30,-0.0,-0.0,3.926,-0.0,0.0,-1.1981240212876317e+38,9.933114117970453e+22,-0.0,-1.681181355998431e+21,-0.0,6005524.5,0.0,0.0,0.0,-0.0,0,1.3516416376850534e+27,223,0.0,446,0.0,-0.0,2114,13107,17110,13107,17112,13107,17095,0,0,0,101,100,100,0.0,64.4,-107615232.0,64.3,-0.0,64.0,1,49,50,180,0,0,0,0,0.0,0.0,0.0,60.0,0.0,71.0,0.0,0.0,0.0,1070,0,1070,0,0,0,1070,0,1081,0,996,0,643,0,645,0,640,0,678,0.032,7.968993439842526e+21,-0.0,-0.0,33680,16813,0.0,0.0,0.0,-1.1991202203574536e+35,-106.128,-1.5154622366828462e+18,50.0,60.0,35,0.0,0.0,10.0,2.0,0.0,0.0,0.0,0.0,0.0,0.0,0.0,0.0,0.0,0.0,0.0,0.0,58.8,57,10,65506,27,65476,0,300,0,0,8,20529,65476,0,0,30147,60.0,0.0,10.0,10.0,2.0,0.0
2026-02-16T12:13:31,ERR,ERR,ERR,ERR,ERR,ERR,ERR,ERR,ERR,ERR,ERR,ERR,ERR,ERR,ERR,ERR,ERR,ERR,ERR,ERR,ERR,ERR,ERR,ERR,ERR,ERR,ERR,ERR,ERR,ERR,ERR,ERR,ERR,ERR,ERR,ERR,ERR,ERR,ERR,ERR,ERR,ERR,ERR,ERR,ERR,ERR,ERR,ERR,ERR,ERR,ERR,ERR,ERR,ERR,ERR,ERR,ERR,ERR,ERR,ERR,ERR,ERR,ERR,ERR,ERR,ERR,ERR,ERR,ERR,ERR,ERR,ERR,ERR,ERR,ERR,ERR,ERR,ERR,ERR,ERR,ERR,ERR,ERR,ERR,ERR,ERR,ERR,ERR,ERR,ERR,ERR,ERR,ERR,ERR,ERR,ERR,ERR,ERR,ERR,ERR,ERR,ERR,ERR,ERR,ERR,ERR,ERR,ERR,ERR,ERR,ERR,ERR,ERR,ERR,ERR,ERR,ERR,ERR,ERR,ERR,ERR,ERR,ERR,ERR,ERR,2.718442270659078e+23,0.0,0.0,0.0,0.0,-0.0,-4.286299103557766e+26,-0.0,4300,0,8,17163,4300,-0.0,37,0.0,0.0,0.0,0.0,-4.925046184806267e+32,0,0,0,0,0.0,0,0,0,0,0,0,0,0,0,0,0,0,0,0,0,0,0,0,0,0,0,0,0,0,0,0,0,0,0,0,0,0,0,12,36,36,48,65476,420,65476,1,0,4,21553,0.0,0.0,-4.382148122722173e+18,0.0,0.0,0.0,0.0,0.0,0.0,0.0,0.0,0.0,0.0,0.0,0.0,0.0,0.0,0.0,0.0,0.0,0.0,2.004,-0.0,0.0,0.0,-0.0,0.0,0.0,0.0,0.0,6357.0,0.0,0.0,2.718442270659078e+23,0.0,-107616224.0,-0.0,0.0,0.0,2.004,2.004,223,4.066853658014554e+29,-0.0,0.0,0.0,0.0,0.0,0.0,0.0,0.0,0,0,0,-3.253963861197823e+24,-1.3624732026348617e+24,-0.0,-8272.494,-0.0,-32032.963,0.0,-0.0,-1.7197653346566495e+28,-1.8564254246986716e+21,-0.0,6595348.5,0.0,0.0,0.0,3.0947908608482896e+30,0,1.3516416376850534e+27,223,0.0,446,0.0,0.0,2114,13107,17110,13107,17112,13107,17095,0,0,0,101,100,100,0.0,64.4,-107615232.0,64.3,-0.0,64.0,1,49,50,180,0,0,0,0,0.0,0.0,0.0,60.0,0.0,71.0,0.0,0.0,0.0,1070,0,1070,0,0,0,1070,0,1081,0,996,0,643,0,645,0,640,0,678,0.032,7.968993439842526e+21,-0.0,-0.0,33680,16813,0.0,0.0,0.0,-1.1991202203574536e+35,-106.128,-1.5154622366828462e+18,50.0,60.0,35,0.0,0.0,10.0,2.0,0.0,0.0,0.0,0.0,0.0,0.0,0.0,0.0,0.0,0.0,0.0,0.0,58.8,57,10,65506,27,65476,0,300,0,0,8,20529,65476,0,0,30147,60.0,0.0,10.0,10.0,2.0,0.0
2026-02-16T12:13:32,ERR,ERR,ERR,ERR,ERR,ERR,ERR,ERR,ERR,ERR,ERR,ERR,ERR,ERR,ERR,ERR,ERR,ERR,ERR,ERR,ERR,ERR,ERR,ERR,ERR,ERR,ERR,ERR,ERR,ERR,ERR,ERR,ERR,ERR,ERR,ERR,ERR,ERR,ERR,ERR,ERR,ERR,ERR,ERR,ERR,ERR,ERR,ERR,ERR,ERR,ERR,ERR,ERR,ERR,ERR,ERR,ERR,ERR,ERR,ERR,ERR,ERR,ERR,ERR,ERR,ERR,ERR,ERR,ERR,ERR,ERR,ERR,ERR,ERR,ERR,ERR,ERR,ERR,ERR,ERR,ERR,ERR,ERR,ERR,ERR,ERR,ERR,ERR,ERR,ERR,ERR,ERR,ERR,ERR,ERR,ERR,ERR,ERR,ERR,ERR,ERR,ERR,ERR,ERR,ERR,ERR,ERR,ERR,ERR,ERR,ERR,ERR,ERR,ERR,ERR,ERR,ERR,ERR,ERR,ERR,ERR,ERR,ERR,ERR,ERR,2.718442270659078e+23,0.0,0.0,0.0,0.0,-0.0,-4.286299103557766e+26,-0.0,4300,0,8,17163,4300,-0.0,37,0.0,0.0,0.0,0.0,-4.925046184806267e+32,0,0,0,0,0.0,0,0,0,0,0,0,0,0,0,0,0,0,0,0,0,0,0,0,0,0,0,0,0,0,0,0,0,0,0,0,0,0,0,12,36,36,48,65476,420,65476,1,0,4,21553,0.0,0.0,-4.382148122722173e+18,0.0,0.0,0.0,0.0,0.0,0.0,0.0,0.0,0.0,0.0,0.0,0.0,0.0,0.0,0.0,0.0,0.0,0.0,2.004,-0.0,0.0,0.0,-0.0,0.0,0.0,0.0,0.0,6357.0,0.0,0.0,2.718442270659078e+23,0.0,-107616224.0,-0.0,0.0,0.0,2.004,2.004,223,4.066853658014554e+29,-0.0,0.0,0.0,0.0,0.0,0.0,0.0,0.0,0,0,0,-3.253963861197823e+24,-1.3624732026348617e+24,-0.0,-8272.494,-0.0,-32032.963,0.0,-0.0,-1.7197653346566495e+28,-1.8564254246986716e+21,-0.0,6595348.5,0.0,0.0,0.0,3.0947908608482896e+30,0,1.3516416376850534e+27,223,0.0,446,0.0,0.0,2114,0,17110,13107,17112,13107,17095,0,0,0,101,100,100,0.0,64.0,0.0,64.8,-0.0,64.0,1,49,50,180,0,0,0,0,0.0,0.0,0.0,60.0,0.0,71.0,0.0,-0.0,0.0,1070,0,1070,0,0,0,1070,0,1081,0,996,0,643,0,645,0,640,0,678,0.032,8.005886927989945e+21,-0.0,-0.0,37648,16813,0.0,-0.0,-3.3617887110890575e+28,8.47414546228356e+20,-0.0,-0.003,50.0,60.0,35,0.0,0.0,10.0,2.0,0.0,0.0,0.0,0.0,0.0,0.0,0.0,0.0,0.0,0.0,0.0,0.0,58.8,56,10,65506,27,65476,0,300,0,0,8,20529,65476,0,0,30147,60.0,0.0,10.0,10.0,2.0,0.0
2026-02-16T12:13:33,ERR,ERR,ERR,ERR,ERR,ERR,ERR,ERR,ERR,ERR,ERR,ERR,ERR,ERR,ERR,ERR,ERR,ERR,ERR,ERR,ERR,ERR,ERR,ERR,ERR,ERR,ERR,ERR,ERR,ERR,ERR,ERR,ERR,ERR,ERR,ERR,ERR,ERR,ERR,ERR,ERR,ERR,ERR,ERR,ERR,ERR,ERR,ERR,ERR,ERR,ERR,ERR,ERR,ERR,ERR,ERR,ERR,ERR,ERR,ERR,ERR,ERR,ERR,ERR,ERR,ERR,ERR,ERR,ERR,ERR,ERR,ERR,ERR,ERR,ERR,ERR,ERR,ERR,ERR,ERR,ERR,ERR,ERR,ERR,ERR,ERR,ERR,ERR,ERR,ERR,ERR,ERR,ERR,ERR,ERR,ERR,ERR,ERR,ERR,ERR,ERR,ERR,ERR,ERR,ERR,ERR,ERR,ERR,ERR,ERR,ERR,ERR,ERR,ERR,ERR,ERR,ERR,ERR,ERR,ERR,ERR,ERR,ERR,ERR,ERR,2.718442270659078e+23,0.0,0.0,0.0,0.0,-0.0,-4.286299103557766e+26,-0.0,4300,0,8,17163,4300,-0.0,37,0.0,0.0,0.0,0.0,-4.925046184806267e+32,0,0,0,0,0.0,0,0,0,0,0,0,0,0,0,0,0,0,0,0,0,0,0,0,0,0,0,0,0,0,0,0,0,0,0,0,0,0,0,12,36,36,48,65476,420,65476,1,0,4,21553,0.0,0.0,-4.382148122722173e+18,0.0,0.0,0.0,0.0,0.0,0.0,0.0,0.0,0.0,0.0,0.0,0.0,0.0,0.0,0.0,0.0,0.0,0.0,2.004,-0.0,0.0,0.0,-0.0,0.0,0.0,0.0,0.0,6357.0,0.0,0.0,2.718442270659078e+23,0.0,-107616224.0,-0.0,0.0,0.0,2.004,2.004,223,4.066853658014554e+29,-0.0,0.0,0.0,0.0,0.0,0.0,0.0,0.0,0,0,0,-3.253963861197823e+24,-1.3624732026348617e+24,-0.0,-8272.494,-0.0,-32032.963,0.0,-0.0,-1.7197653346566495e+28,-1.8564254246986716e+21,-0.0,6595348.5,0.0,0.0,0.0,3.0947908608482896e+30,0,1.3516416376850534e+27,223,0.0,446,0.0,0.0,2114,0,17110,13107,17112,13107,17095,0,0,0,101,100,100,0.0,64.0,0.0,64.8,-0.0,64.0,1,49,50,180,0,0,0,0,0.0,0.0,0.0,60.0,0.0,71.0,0.0,-0.0,0.0,1070,0,1070,0,0,0,1070,0,1081,0,996,0,643,0,645,0,640,0,678,0.032,8.005886927989945e+21,-0.0,-0.0,37648,16813,0.0,-0.0,-3.3617887110890575e+28,8.47414546228356e+20,-0.0,-0.003,50.0,60.0,35,0.0,0.0,10.0,2.0,0.0,0.0,0.0,0.0,0.0,0.0,0.0,0.0,0.0,0.0,0.0,0.0,58.8,56,10,65506,27,65476,0,300,0,0,8,20529,65476,0,0,30147,60.0,0.0,10.0,10.0,2.0,0.0
2026-02-16T12:13:34,ERR,ERR,ERR,ERR,ERR,ERR,ERR,ERR,ERR,ERR,ERR,ERR,ERR,ERR,ERR,ERR,ERR,ERR,ERR,ERR,ERR,ERR,ERR,ERR,ERR,ERR,ERR,ERR,ERR,ERR,ERR,ERR,ERR,ERR,ERR,ERR,ERR,ERR,ERR,ERR,ERR,ERR,ERR,ERR,ERR,ERR,ERR,ERR,ERR,ERR,ERR,ERR,ERR,ERR,ERR,ERR,ERR,ERR,ERR,ERR,ERR,ERR,ERR,ERR,ERR,ERR,ERR,ERR,ERR,ERR,ERR,ERR,ERR,ERR,ERR,ERR,ERR,ERR,ERR,ERR,ERR,ERR,ERR,ERR,ERR,ERR,ERR,ERR,ERR,ERR,ERR,ERR,ERR,ERR,ERR,ERR,ERR,ERR,ERR,ERR,ERR,ERR,ERR,ERR,ERR,ERR,ERR,ERR,ERR,ERR,ERR,ERR,ERR,ERR,ERR,ERR,ERR,ERR,ERR,ERR,ERR,ERR,ERR,ERR,ERR,2.718442270659078e+23,0.0,0.0,0.0,0.0,-0.0,-4.286299103557766e+26,-0.0,4300,0,8,17163,4300,-0.0,37,0.0,0.0,0.0,0.0,-4.925046184806267e+32,0,0,0,0,0.0,0,0,0,0,0,0,0,0,0,0,0,0,0,0,0,0,0,0,0,0,0,0,0,0,0,0,0,0,0,0,0,0,0,12,36,36,48,65476,420,65476,1,0,4,21553,0.0,0.0,-4.382148122722173e+18,0.0,0.0,0.0,0.0,0.0,0.0,0.0,0.0,0.0,0.0,0.0,0.0,0.0,0.0,0.0,0.0,0.0,0.0,2.004,-0.0,0.0,0.0,-0.0,0.0,0.0,0.0,0.0,6357.0,0.0,0.0,2.718442270659078e+23,0.0,-107616224.0,-0.0,0.0,0.0,2.004,2.004,223,4.066853658014554e+29,-0.0,0.0,0.0,0.0,0.0,0.0,0.0,0.0,0,0,0,-3.253963861197823e+24,-1.3624732026348617e+24,-0.0,-8272.494,-0.0,-32032.963,0.0,-0.0,-1.7197653346566495e+28,-1.8564254246986716e+21,-0.0,6595348.5,0.0,0.0,0.0,3.0947908608482896e+30,0,1.3516416376850534e+27,223,0.0,446,0.0,0.0,2114,0,17110,13107,17112,13107,17095,0,0,0,101,100,100,0.0,64.0,0.0,64.8,-0.0,64.0,1,49,50,180,0,0,0,0,0.0,0.0,0.0,60.0,0.0,71.0,0.0,-0.0,0.0,1070,0,1070,0,0,0,1070,0,1081,0,996,0,643,0,645,0,640,0,678,0.032,8.005886927989945e+21,-0.0,-0.0,37648,16813,0.0,-0.0,-3.3617887110890575e+28,8.47414546228356e+20,-0.0,-0.003,50.0,60.0,35,0.0,0.0,10.0,2.0,0.0,0.0,0.0,0.0,0.0,0.0,0.0,0.0,0.0,0.0,0.0,0.0,59.2,56,10,65507,27,65476,0,300,0,0,8,20529,65476,0,0,30147,60.0,0.0,10.0,10.0,2.0,0.0
2026-02-16T12:13:35,ERR,ERR,ERR,ERR,ERR,ERR,ERR,ERR,ERR,ERR,ERR,ERR,ERR,ERR,ERR,ERR,ERR,ERR,ERR,ERR,ERR,ERR,ERR,ERR,ERR,ERR,ERR,ERR,ERR,ERR,ERR,ERR,ERR,ERR,ERR,ERR,ERR,ERR,ERR,ERR,ERR,ERR,ERR,ERR,ERR,ERR,ERR,ERR,ERR,ERR,ERR,ERR,ERR,ERR,ERR,ERR,ERR,ERR,ERR,ERR,ERR,ERR,ERR,ERR,ERR,ERR,ERR,ERR,ERR,ERR,ERR,ERR,ERR,ERR,ERR,ERR,ERR,ERR,ERR,ERR,ERR,ERR,ERR,ERR,ERR,ERR,ERR,ERR,ERR,ERR,ERR,ERR,ERR,ERR,ERR,ERR,ERR,ERR,ERR,ERR,ERR,ERR,ERR,ERR,ERR,ERR,ERR,ERR,ERR,ERR,ERR,ERR,ERR,ERR,ERR,ERR,ERR,ERR,ERR,ERR,ERR,ERR,ERR,ERR,ERR,2.718442270659078e+23,0.0,0.0,0.0,0.0,-0.0,-4.286299103557766e+26,-0.0,4300,0,8,17163,4300,-0.0,37,0.0,0.0,0.0,0.0,-4.925046184806267e+32,0,0,0,0,0.0,0,0,0,0,0,0,0,0,0,0,0,0,0,0,0,0,0,0,0,0,0,0,0,0,0,0,0,0,0,0,0,0,0,12,36,36,48,65476,420,65476,1,0,4,21553,0.0,0.0,-4.382148122722173e+18,0.0,0.0,0.0,0.0,0.0,0.0,0.0,0.0,0.0,0.0,0.0,0.0,0.0,0.0,0.0,0.0,0.0,0.0,2.004,-0.0,0.0,0.0,-0.0,0.0,0.0,0.0,0.0,6357.0,0.0,0.0,2.718442270659078e+23,0.0,-107616224.0,-0.0,0.0,0.0,2.004,2.004,223,4.066853658014554e+29,-0.0,0.0,0.0,0.0,0.0,0.0,0.0,0.0,0,0,0,-3.253963861197823e+24,-1.3624732026348617e+24,-0.0,-8272.494,-0.0,-32032.963,0.0,-0.0,-1.7197653346566495e+28,-1.8564254246986716e+21,-0.0,6595348.5,0.0,0.0,0.0,3.0947908608482896e+30,0,1.3516416376850534e+27,223,0.0,446,0.0,0.0,2114,0,17110,13107,17112,13107,17095,0,0,0,101,100,100,0.0,64.0,0.0,64.8,-0.0,64.0,1,49,50,180,0,0,0,0,0.0,0.0,0.0,60.0,0.0,71.0,0.0,-0.0,0.0,1070,0,1070,0,0,0,1070,0,1081,0,996,0,643,0,645,0,640,0,678,0.032,8.005886927989945e+21,-0.0,-0.0,37648,16813,0.0,-0.0,-3.3617887110890575e+28,8.47414546228356e+20,-0.0,-0.003,50.0,60.0,35,0.0,0.0,10.0,2.0,0.0,0.0,0.0,0.0,0.0,0.0,0.0,0.0,0.0,0.0,0.0,0.0,58.8,56,10,65507,27,65476,0,300,0,0,8,20529,65476,0,0,30147,60.0,0.0,10.0,10.0,2.0,0.0
2026-02-16T12:13:36,ERR,ERR,ERR,ERR,ERR,ERR,ERR,ERR,ERR,ERR,ERR,ERR,ERR,ERR,ERR,ERR,ERR,ERR,ERR,ERR,ERR,ERR,ERR,ERR,ERR,ERR,ERR,ERR,ERR,ERR,ERR,ERR,ERR,ERR,ERR,ERR,ERR,ERR,ERR,ERR,ERR,ERR,ERR,ERR,ERR,ERR,ERR,ERR,ERR,ERR,ERR,ERR,ERR,ERR,ERR,ERR,ERR,ERR,ERR,ERR,ERR,ERR,ERR,ERR,ERR,ERR,ERR,ERR,ERR,ERR,ERR,ERR,ERR,ERR,ERR,ERR,ERR,ERR,ERR,ERR,ERR,ERR,ERR,ERR,ERR,ERR,ERR,ERR,ERR,ERR,ERR,ERR,ERR,ERR,ERR,ERR,ERR,ERR,ERR,ERR,ERR,ERR,ERR,ERR,ERR,ERR,ERR,ERR,ERR,ERR,ERR,ERR,ERR,ERR,ERR,ERR,ERR,ERR,ERR,ERR,ERR,ERR,ERR,ERR,ERR,2.718442270659078e+23,0.0,0.0,0.0,0.0,-5.158147059823411e+16,6297356337152.0,1.5722936799327183e+35,4300,0,8,17163,4300,-0.0,37,0.0,0.0,0.0,0.0,-4.925046184806267e+32,0,0,0,0,0.0,0,0,0,0,0,0,0,0,0,0,0,0,0,0,0,0,0,0,0,0,0,0,0,0,0,0,0,0,0,0,0,0,0,12,36,36,48,65476,422,65476,1,0,4,21553,0.0,0.0,4.179527635059333e+20,0.0,0.0,0.0,0.0,0.0,0.0,0.0,0.0,0.0,0.0,0.0,-2.600982585120823e+33,0.0,0.0,0.0,0.0,0.0,0.0,2.004,-0.0,0.0,2.004,-0.0,0.0,0.0,0.0,0.0,6352.0,-564148651950080.0,0.0,2.718442270659078e+23,0.0,0.0,-0.0,0.0,0.0,2.004,2.004,223,126840537088.0,-0.0,0.0,0.0,0.0,0.0,0.0,0.0,0.0,0,0,0,-7.89493418960516e+26,0.0,1.5308006671488873e+37,-0.0,-0.0,-0.0,1.248424904164928e+37,-0.0,0.0,-1.9855526332146385e+21,-0.0,7119636.5,0.0,0.0,0.0,-0.0,0,1.3516416376850534e+27,223,0.0,446,0.0,4.689386298539238e+24,2114,0,17110,13107,17112,13107,17095,0,0,0,101,100,100,0.0,64.0,0.0,64.8,-0.0,64.0,1,49,50,180,0,0,0,0,0.0,0.0,0.0,60.0,0.0,71.0,0.0,-0.0,0.0,1070,0,1070,0,0,0,1071,0,1081,0,996,0,643,0,645,0,640,0,678,0.032,8.042780416137365e+21,-0.0,-0.0,24976,16813,0.0,-0.0,-33456194.0,-0.007,2.940786027656321e+26,-0.0,50.0,60.0,35,0.0,0.0,10.0,2.0,0.0,0.0,0.0,0.0,0.0,0.0,0.0,0.0,0.0,0.0,0.0,0.0,58.8,56,10,65507,27,65476,0,300,0,0,8,20529,65476,0,0,30147,60.0,0.0,10.0,10.0,2.0,0.0
2026-02-16T12:13:37,ERR,ERR,ERR,ERR,ERR,ERR,ERR,ERR,ERR,ERR,ERR,ERR,ERR,ERR,ERR,ERR,ERR,ERR,ERR,ERR,ERR,ERR,ERR,ERR,ERR,ERR,ERR,ERR,ERR,ERR,ERR,ERR,ERR,ERR,ERR,ERR,ERR,ERR,ERR,ERR,ERR,ERR,ERR,ERR,ERR,ERR,ERR,ERR,ERR,ERR,ERR,ERR,ERR,ERR,ERR,ERR,ERR,ERR,ERR,ERR,ERR,ERR,ERR,ERR,ERR,ERR,ERR,ERR,ERR,ERR,ERR,ERR,ERR,ERR,ERR,ERR,ERR,ERR,ERR,ERR,ERR,ERR,ERR,ERR,ERR,ERR,ERR,ERR,ERR,ERR,ERR,ERR,ERR,ERR,ERR,ERR,ERR,ERR,ERR,ERR,ERR,ERR,ERR,ERR,ERR,ERR,ERR,ERR,ERR,ERR,ERR,ERR,ERR,ERR,ERR,ERR,ERR,ERR,ERR,ERR,ERR,ERR,ERR,ERR,ERR,2.718442270659078e+23,0.0,0.0,0.0,0.0,-5.158147059823411e+16,6297356337152.0,1.5722936799327183e+35,4300,0,8,17163,4300,-0.0,37,0.0,0.0,0.0,0.0,-4.925046184806267e+32,0,0,0,0,0.0,0,0,0,0,0,0,0,0,0,0,0,0,0,0,0,0,0,0,0,0,0,0,0,0,0,0,0,0,0,0,0,0,0,12,36,36,48,65476,422,65476,1,0,4,21553,0.0,0.0,4.179527635059333e+20,0.0,0.0,0.0,0.0,0.0,0.0,0.0,0.0,0.0,0.0,0.0,-2.600982585120823e+33,0.0,0.0,0.0,0.0,0.0,0.0,2.004,-0.0,0.0,2.004,-0.0,0.0,0.0,0.0,0.0,6352.0,-564148651950080.0,0.0,2.718442270659078e+23,0.0,0.0,-0.0,0.0,0.0,2.004,2.004,223,126840537088.0,-0.0,0.0,0.0,0.0,0.0,0.0,0.0,0.0,0,0,0,-7.89493418960516e+26,0.0,1.5308006671488873e+37,-0.0,-0.0,-0.0,1.248424904164928e+37,-0.0,0.0,-1.9855526332146385e+21,-0.0,7119636.5,0.0,0.0,0.0,-0.0,0,1.3516416376850534e+27,223,0.0,446,0.0,4.689386298539238e+24,2114,0,17110,13107,17112,13107,17095,0,0,0,101,100,100,0.0,64.0,0.0,64.8,-0.0,64.0,1,49,50,180,0,0,0,0,0.0,0.0,0.0,60.0,0.0,71.0,0.0,-0.0,0.0,1070,0,1070,0,0,0,1071,0,1081,0,996,0,643,0,645,0,640,0,678,0.032,8.042780416137365e+21,-0.0,-0.0,24976,16813,0.0,-0.0,-33456194.0,-0.007,2.940786027656321e+26,-0.0,50.0,60.0,35,0.0,0.0,10.0,2.0,0.0,0.0,0.0,0.0,0.0,0.0,0.0,0.0,0.0,0.0,0.0,0.0,59.2,56,10,65507,27,65476,0,300,0,0,8,20529,65476,0,0,30147,60.0,0.0,10.0,10.0,2.0,0.0
2026-02-16T12:13:38,ERR,ERR,ERR,ERR,ERR,ERR,ERR,ERR,ERR,ERR,ERR,ERR,ERR,ERR,ERR,ERR,ERR,ERR,ERR,ERR,ERR,ERR,ERR,ERR,ERR,ERR,ERR,ERR,ERR,ERR,ERR,ERR,ERR,ERR,ERR,ERR,ERR,ERR,ERR,ERR,ERR,ERR,ERR,ERR,ERR,ERR,ERR,ERR,ERR,ERR,ERR,ERR,ERR,ERR,ERR,ERR,ERR,ERR,ERR,ERR,ERR,ERR,ERR,ERR,ERR,ERR,ERR,ERR,ERR,ERR,ERR,ERR,ERR,ERR,ERR,ERR,ERR,ERR,ERR,ERR,ERR,ERR,ERR,ERR,ERR,ERR,ERR,ERR,ERR,ERR,ERR,ERR,ERR,ERR,ERR,ERR,ERR,ERR,ERR,ERR,ERR,ERR,ERR,ERR,ERR,ERR,ERR,ERR,ERR,ERR,ERR,ERR,ERR,ERR,ERR,ERR,ERR,ERR,ERR,ERR,ERR,ERR,ERR,ERR,ERR,2.718442270659078e+23,0.0,0.0,0.0,0.0,-5.158147059823411e+16,6297356337152.0,1.5722936799327183e+35,4300,0,8,17163,4300,-0.0,37,0.0,0.0,0.0,0.0,-4.925046184806267e+32,0,0,0,0,0.0,0,0,0,0,0,0,0,0,0,0,0,0,0,0,0,0,0,0,0,0,0,0,0,0,0,0,0,0,0,0,0,0,0,12,36,36,48,65476,422,65476,1,0,4,21553,0.0,0.0,4.179527635059333e+20,0.0,0.0,0.0,0.0,0.0,0.0,0.0,0.0,0.0,0.0,0.0,-2.600982585120823e+33,0.0,0.0,0.0,0.0,0.0,0.0,2.004,-0.0,0.0,2.004,-0.0,0.0,0.0,0.0,0.0,6352.0,-564148651950080.0,0.0,2.718442270659078e+23,0.0,0.0,-0.0,0.0,0.0,2.004,2.004,223,126840537088.0,-0.0,0.0,0.0,0.0,0.0,0.0,0.0,0.0,0,0,0,-7.89493418960516e+26,0.0,1.5308006671488873e+37,-0.0,-0.0,-0.0,1.248424904164928e+37,-0.0,0.0,-1.9855526332146385e+21,-0.0,7119636.5,0.0,0.0,0.0,-0.0,0,1.3516416376850534e+27,223,0.0,446,0.0,4.689386298539238e+24,2114,0,17110,13107,17112,13107,17095,0,0,0,101,100,100,0.0,64.0,0.0,64.8,-0.0,64.0,1,49,50,180,0,0,0,0,0.0,0.0,0.0,60.0,0.0,71.0,0.0,-0.0,0.0,1070,0,1070,0,0,0,1071,0,1081,0,996,0,643,0,645,0,640,0,678,0.032,8.042780416137365e+21,-0.0,-0.0,24976,16813,0.0,-0.0,-33456194.0,-0.007,2.940786027656321e+26,-0.0,50.0,60.0,35,0.0,0.0,10.0,2.0,0.0,0.0,0.0,0.0,0.0,0.0,0.0,0.0,0.0,0.0,0.0,0.0,59.2,56,10,65507,27,65476,0,300,0,0,8,20529,65476,0,0,30147,60.0,0.0,10.0,10.0,2.0,0.0
2026-02-16T12:13:39,ERR,ERR,ERR,ERR,ERR,ERR,ERR,ERR,ERR,ERR,ERR,ERR,ERR,ERR,ERR,ERR,ERR,ERR,ERR,ERR,ERR,ERR,ERR,ERR,ERR,ERR,ERR,ERR,ERR,ERR,ERR,ERR,ERR,ERR,ERR,ERR,ERR,ERR,ERR,ERR,ERR,ERR,ERR,ERR,ERR,ERR,ERR,ERR,ERR,ERR,ERR,ERR,ERR,ERR,ERR,ERR,ERR,ERR,ERR,ERR,ERR,ERR,ERR,ERR,ERR,ERR,ERR,ERR,ERR,ERR,ERR,ERR,ERR,ERR,ERR,ERR,ERR,ERR,ERR,ERR,ERR,ERR,ERR,ERR,ERR,ERR,ERR,ERR,ERR,ERR,ERR,ERR,ERR,ERR,ERR,ERR,ERR,ERR,ERR,ERR,ERR,ERR,ERR,ERR,ERR,ERR,ERR,ERR,ERR,ERR,ERR,ERR,ERR,ERR,ERR,ERR,ERR,ERR,ERR,ERR,ERR,ERR,ERR,ERR,ERR,2.718442270659078e+23,0.0,0.0,0.0,0.0,-5.158147059823411e+16,6297356337152.0,1.5722936799327183e+35,4300,0,8,17163,4300,-0.0,37,0.0,0.0,0.0,0.0,-4.925046184806267e+32,0,0,0,0,0.0,0,0,0,0,0,0,0,0,0,0,0,0,0,0,0,0,0,0,0,0,0,0,0,0,0,0,0,0,0,0,0,0,0,12,36,36,48,65476,422,65476,1,0,4,21553,0.0,0.0,4.179527635059333e+20,0.0,0.0,0.0,0.0,0.0,0.0,0.0,0.0,0.0,0.0,0.0,-2.600982585120823e+33,0.0,0.0,0.0,0.0,0.0,0.0,2.004,-0.0,0.0,2.004,-0.0,0.0,0.0,0.0,0.0,6352.0,-564148651950080.0,0.0,2.718442270659078e+23,0.0,0.0,-0.0,0.0,0.0,2.004,2.004,223,126840537088.0,-0.0,0.0,0.0,0.0,0.0,0.0,0.0,0.0,0,0,0,-7.89493418960516e+26,0.0,1.5308006671488873e+37,-0.0,-0.0,-0.0,1.248424904164928e+37,-0.0,0.0,-1.9855526332146385e+21,-0.0,7119636.5,0.0,0.0,0.0,-0.0,0,1.3516416376850534e+27,223,0.0,446,0.0,4.689386298539238e+24,2114,13107,17110,13107,17112,13107,17095,0,0,0,101,100,100,0.0,64.0,0.0,64.8,-0.0,64.0,1,49,50,180,0,0,0,0,0.0,0.0,0.0,60.0,-5.327710464777708e+36,70.5,0.0,-3.0278254495712585e+35,0.0,1070,0,1070,0,0,0,1071,0,1081,0,996,0,643,0,645,0,640,0,678,0.032,7.968993439842526e+21,-0.0,-0.0,13840,16813,-8.082944414478017e+33,0.0,-54494683463680.0,-0.0,1.996254060106061e+29,-0.0,50.0,60.0,35,0.0,0.0,10.0,2.0,0.0,0.0,0.0,0.0,0.0,0.0,0.0,0.0,0.0,0.0,0.0,0.0,58.8,55,10,65507,27,65476,0,300,0,0,8,20529,65476,0,0,30147,60.0,0.0,10.0,10.0,2.0,0.0
2026-02-16T12:13:40,ERR,ERR,ERR,ERR,ERR,ERR,ERR,ERR,ERR,ERR,ERR,ERR,ERR,ERR,ERR,ERR,ERR,ERR,ERR,ERR,ERR,ERR,ERR,ERR,ERR,ERR,ERR,ERR,ERR,ERR,ERR,ERR,ERR,ERR,ERR,ERR,ERR,ERR,ERR,ERR,ERR,ERR,ERR,ERR,ERR,ERR,ERR,ERR,ERR,ERR,ERR,ERR,ERR,ERR,ERR,ERR,ERR,ERR,ERR,ERR,ERR,ERR,ERR,ERR,ERR,ERR,ERR,ERR,ERR,ERR,ERR,ERR,ERR,ERR,ERR,ERR,ERR,ERR,ERR,ERR,ERR,ERR,ERR,ERR,ERR,ERR,ERR,ERR,ERR,ERR,ERR,ERR,ERR,ERR,ERR,ERR,ERR,ERR,ERR,ERR,ERR,ERR,ERR,ERR,ERR,ERR,ERR,ERR,ERR,ERR,ERR,ERR,ERR,ERR,ERR,ERR,ERR,ERR,ERR,ERR,ERR,ERR,ERR,ERR,ERR,2.718442270659078e+23,0.0,0.0,0.0,0.0,-5.158147059823411e+16,6297356337152.0,1.5722936799327183e+35,4300,0,8,17163,4300,-0.0,37,0.0,0.0,0.0,0.0,-4.925046184806267e+32,0,0,0,0,0.0,0,0,0,0,0,0,0,0,0,0,0,0,0,0,0,0,0,0,0,0,0,0,0,0,0,0,0,0,0,0,0,0,0,12,36,36,48,65476,422,65476,1,0,4,21553,0.0,0.0,4.179527635059333e+20,0.0,0.0,0.0,0.0,0.0,0.0,0.0,0.0,0.0,0.0,0.0,-2.600982585120823e+33,0.0,0.0,0.0,0.0,0.0,0.0,2.004,-0.0,0.0,2.004,-0.0,0.0,0.0,0.0,0.0,6352.0,-564148651950080.0,0.0,2.718442270659078e+23,0.0,0.0,-0.0,0.0,0.0,2.004,2.004,223,126840537088.0,-0.0,0.0,0.0,0.0,0.0,0.0,0.0,0.0,0,0,0,-7.89493418960516e+26,0.0,1.5308006671488873e+37,-0.0,-0.0,-0.0,1.248424904164928e+37,-0.0,0.0,-1.9855526332146385e+21,-0.0,7119636.5,0.0,0.0,0.0,-0.0,0,1.3516416376850534e+27,223,0.0,446,0.0,4.689386298539238e+24,2114,13107,17110,13107,17112,13107,17095,0,0,0,101,100,100,0.0,64.0,0.0,64.8,-0.0,64.0,1,49,50,180,0,0,0,0,0.0,0.0,0.0,60.0,-5.327710464777708e+36,70.5,0.0,-3.0278254495712585e+35,0.0,1070,0,1070,0,0,0,1071,0,1081,0,996,0,643,0,645,0,640,0,678,0.032,7.968993439842526e+21,-0.0,-0.0,13840,16813,-8.082944414478017e+33,0.0,-54494683463680.0,-0.0,1.996254060106061e+29,-0.0,50.0,60.0,35,0.0,0.0,10.0,2.0,0.0,0.0,0.0,0.0,0.0,0.0,0.0,0.0,0.0,0.0,0.0,0.0,59.2,55,10,65507,27,65476,0,300,0,0,8,20529,65476,0,0,30147,60.0,0.0,10.0,10.0,2.0,0.0
2026-02-16T12:13:41,ERR,ERR,ERR,ERR,ERR,ERR,ERR,ERR,ERR,ERR,ERR,ERR,ERR,ERR,ERR,ERR,ERR,ERR,ERR,ERR,ERR,ERR,ERR,ERR,ERR,ERR,ERR,ERR,ERR,ERR,ERR,ERR,ERR,ERR,ERR,ERR,ERR,ERR,ERR,ERR,ERR,ERR,ERR,ERR,ERR,ERR,ERR,ERR,ERR,ERR,ERR,ERR,ERR,ERR,ERR,ERR,ERR,ERR,ERR,ERR,ERR,ERR,ERR,ERR,ERR,ERR,ERR,ERR,ERR,ERR,ERR,ERR,ERR,ERR,ERR,ERR,ERR,ERR,ERR,ERR,ERR,ERR,ERR,ERR,ERR,ERR,ERR,ERR,ERR,ERR,ERR,ERR,ERR,ERR,ERR,ERR,ERR,ERR,ERR,ERR,ERR,ERR,ERR,ERR,ERR,ERR,ERR,ERR,ERR,ERR,ERR,ERR,ERR,ERR,ERR,ERR,ERR,ERR,ERR,ERR,ERR,ERR,ERR,ERR,ERR,2.718442270659078e+23,0.0,0.0,0.0,0.0,0.0,-0.0,258.5,4300,0,8,17163,4300,-0.0,37,0.0,0.0,0.0,0.0,-4.925046184806267e+32,0,0,0,0,0.0,0,0,0,0,0,0,0,0,0,0,0,0,0,0,0,0,0,0,0,0,0,0,0,0,0,0,0,0,0,0,0,0,0,12,37,36,48,65476,423,65476,1,0,4,21553,0.0,0.0,0.0,0.0,0.0,0.0,0.0,0.0,0.0,0.0,0.0,0.0,0.0,0.0,0.0,0.0,0.0,0.0,0.0,0.0,0.0,2.004,-0.0,0.0,3.697074423243316e+19,-0.0,0.0,0.0,0.0,0.0,6386.0,-0.0,0.0,2.718442270659078e+23,0.0,2.718450016850437e+23,-0.0,-0.0,0.0,2.004,2.004,223,2.718417410789135e+23,-0.0,0.0,0.0,0.0,0.0,0.0,0.0,0.0,0,0,0,-9.637370836920361e+22,-1.3468155267135133e+27,3.522271866367301e+29,9.814691149491313e+19,1.797959349503611e+38,0.0,-6.58987594179122e+22,-0.0,1.3111137757678946e+38,-2.1054564696937506e+21,-0.0,7480084.5,0.0,0.0,0.0,-0.0,0,1.3516416376850534e+27,223,0.0,446,0.0,-1881179008.0,2114,13107,17110,13107,17112,13107,17095,0,0,0,101,100,100,0.0,64.0,0.0,64.8,-0.0,64.0,1,49,50,180,0,0,0,0,0.0,0.0,0.0,60.0,-5.327710464777708e+36,70.5,0.0,-3.0278254495712585e+35,0.0,1070,0,1070,0,0,0,1071,0,1081,0,996,0,643,0,645,0,640,0,678,0.032,7.968993439842526e+21,-0.0,-0.0,13840,16813,-8.082944414478017e+33,0.0,-54494683463680.0,-0.0,1.996254060106061e+29,-0.0,50.0,60.0,35,0.0,0.0,10.0,2.0,0.0,0.0,0.0,0.0,0.0,0.0,0.0,0.0,0.0,0.0,0.0,0.0,59.2,55,10,65507,27,65476,0,300,0,0,8,20529,65476,0,0,30147,60.0,0.0,10.0,10.0,2.0,0.0
2026-02-16T12:13:42,ERR,ERR,ERR,ERR,ERR,ERR,ERR,ERR,ERR,ERR,ERR,ERR,ERR,ERR,ERR,ERR,ERR,ERR,ERR,ERR,ERR,ERR,ERR,ERR,ERR,ERR,ERR,ERR,ERR,ERR,ERR,ERR,ERR,ERR,ERR,ERR,ERR,ERR,ERR,ERR,ERR,ERR,ERR,ERR,ERR,ERR,ERR,ERR,ERR,ERR,ERR,ERR,ERR,ERR,ERR,ERR,ERR,ERR,ERR,ERR,ERR,ERR,ERR,ERR,ERR,ERR,ERR,ERR,ERR,ERR,ERR,ERR,ERR,ERR,ERR,ERR,ERR,ERR,ERR,ERR,ERR,ERR,ERR,ERR,ERR,ERR,ERR,ERR,ERR,ERR,ERR,ERR,ERR,ERR,ERR,ERR,ERR,ERR,ERR,ERR,ERR,ERR,ERR,ERR,ERR,ERR,ERR,ERR,ERR,ERR,ERR,ERR,ERR,ERR,ERR,ERR,ERR,ERR,ERR,ERR,ERR,ERR,ERR,ERR,ERR,2.718442270659078e+23,0.0,0.0,0.0,0.0,0.0,-0.0,258.5,4300,0,8,17163,4300,-0.0,37,0.0,0.0,0.0,0.0,-4.925046184806267e+32,0,0,0,0,0.0,0,0,0,0,0,0,0,0,0,0,0,0,0,0,0,0,0,0,0,0,0,0,0,0,0,0,0,0,0,0,0,0,0,12,37,36,48,65476,423,65476,1,0,4,21553,0.0,0.0,0.0,0.0,0.0,0.0,0.0,0.0,0.0,0.0,0.0,0.0,0.0,0.0,0.0,0.0,0.0,0.0,0.0,0.0,0.0,2.004,-0.0,0.0,3.697074423243316e+19,-0.0,0.0,0.0,0.0,0.0,6386.0,-0.0,0.0,2.718442270659078e+23,0.0,2.718450016850437e+23,-0.0,-0.0,0.0,2.004,2.004,223,2.718417410789135e+23,-0.0,0.0,0.0,0.0,0.0,0.0,0.0,0.0,0,0,0,-9.637370836920361e+22,-1.3468155267135133e+27,3.522271866367301e+29,9.814691149491313e+19,1.797959349503611e+38,0.0,-6.58987594179122e+22,-0.0,1.3111137757678946e+38,-2.1054564696937506e+21,-0.0,7480084.5,0.0,0.0,0.0,-0.0,0,1.3516416376850534e+27,223,0.0,446,0.0,-1881179008.0,2114,13107,17110,13107,17112,13107,17095,0,0,0,101,100,100,0.0,64.0,0.0,64.8,-0.0,64.0,1,49,50,180,0,0,0,0,0.0,0.0,0.0,60.0,-5.327710464777708e+36,70.5,0.0,-3.0278254495712585e+35,0.0,1070,0,1070,0,0,0,1071,0,1081,0,996,0,643,0,645,0,640,0,678,0.032,7.968993439842526e+21,-0.0,-0.0,13840,16813,-8.082944414478017e+33,0.0,-54494683463680.0,-0.0,1.996254060106061e+29,-0.0,50.0,60.0,35,0.0,0.0,10.0,2.0,0.0,0.0,0.0,0.0,0.0,0.0,0.0,0.0,0.0,0.0,0.0,0.0,58.8,55,10,65507,27,65476,0,300,0,0,8,20529,65476,0,0,30147,60.0,0.0,10.0,10.0,2.0,0.0
2026-02-16T12:13:43,ERR,ERR,ERR,ERR,ERR,ERR,ERR,ERR,ERR,ERR,ERR,ERR,ERR,ERR,ERR,ERR,ERR,ERR,ERR,ERR,ERR,ERR,ERR,ERR,ERR,ERR,ERR,ERR,ERR,ERR,ERR,ERR,ERR,ERR,ERR,ERR,ERR,ERR,ERR,ERR,ERR,ERR,ERR,ERR,ERR,ERR,ERR,ERR,ERR,ERR,ERR,ERR,ERR,ERR,ERR,ERR,ERR,ERR,ERR,ERR,ERR,ERR,ERR,ERR,ERR,ERR,ERR,ERR,ERR,ERR,ERR,ERR,ERR,ERR,ERR,ERR,ERR,ERR,ERR,ERR,ERR,ERR,ERR,ERR,ERR,ERR,ERR,ERR,ERR,ERR,ERR,ERR,ERR,ERR,ERR,ERR,ERR,ERR,ERR,ERR,ERR,ERR,ERR,ERR,ERR,ERR,ERR,ERR,ERR,ERR,ERR,ERR,ERR,ERR,ERR,ERR,ERR,ERR,ERR,ERR,ERR,ERR,ERR,ERR,ERR,2.718442270659078e+23,0.0,0.0,0.0,0.0,0.0,-0.0,258.5,4300,0,8,17163,4300,-0.0,37,0.0,0.0,0.0,0.0,-4.925046184806267e+32,0,0,0,0,0.0,0,0,0,0,0,0,0,0,0,0,0,0,0,0,0,0,0,0,0,0,0,0,0,0,0,0,0,0,0,0,0,0,0,12,37,36,48,65476,423,65476,1,0,4,21553,0.0,0.0,0.0,0.0,0.0,0.0,0.0,0.0,0.0,0.0,0.0,0.0,0.0,0.0,0.0,0.0,0.0,0.0,0.0,0.0,0.0,2.004,-0.0,0.0,3.697074423243316e+19,-0.0,0.0,0.0,0.0,0.0,6386.0,-0.0,0.0,2.718442270659078e+23,0.0,2.718450016850437e+23,-0.0,-0.0,0.0,2.004,2.004,223,2.718417410789135e+23,-0.0,0.0,0.0,0.0,0.0,0.0,0.0,0.0,0,0,0,-9.637370836920361e+22,-1.3468155267135133e+27,3.522271866367301e+29,9.814691149491313e+19,1.797959349503611e+38,0.0,-6.58987594179122e+22,-0.0,1.3111137757678946e+38,-2.1054564696937506e+21,-0.0,7480084.5,0.0,0.0,0.0,-0.0,0,1.3516416376850534e+27,223,0.0,446,0.0,-1881179008.0,2114,13107,17110,13107,17112,13107,17095,0,0,0,101,100,100,0.0,64.0,0.0,64.8,-0.0,64.0,1,49,50,180,0,0,0,0,0.0,0.0,0.0,60.0,0.0,71.0,0.0,-0.0,0.0,1069,0,1070,0,0,0,1070,0,1081,0,996,0,643,0,645,0,640,0,678,0.032,7.932099951695107e+21,-0.0,-0.0,38032,16813,-1.0146161949498028e+37,-0.0,23.781,-0.0,-1.5789162975716942e+27,-4.013647690035972e+36,50.0,60.0,35,0.0,0.0,10.0,2.0,0.0,0.0,0.0,0.0,0.0,0.0,0.0,0.0,0.0,0.0,0.0,0.0,58.8,55,10,65507,27,65476,0,300,0,0,8,20529,65476,0,0,30147,60.0,0.0,10.0,10.0,2.0,0.0
2026-02-16T12:13:44,ERR,ERR,ERR,ERR,ERR,ERR,ERR,ERR,ERR,ERR,ERR,ERR,ERR,ERR,ERR,ERR,ERR,ERR,ERR,ERR,ERR,ERR,ERR,ERR,ERR,ERR,ERR,ERR,ERR,ERR,ERR,ERR,ERR,ERR,ERR,ERR,ERR,ERR,ERR,ERR,ERR,ERR,ERR,ERR,ERR,ERR,ERR,ERR,ERR,ERR,ERR,ERR,ERR,ERR,ERR,ERR,ERR,ERR,ERR,ERR,ERR,ERR,ERR,ERR,ERR,ERR,ERR,ERR,ERR,ERR,ERR,ERR,ERR,ERR,ERR,ERR,ERR,ERR,ERR,ERR,ERR,ERR,ERR,ERR,ERR,ERR,ERR,ERR,ERR,ERR,ERR,ERR,ERR,ERR,ERR,ERR,ERR,ERR,ERR,ERR,ERR,ERR,ERR,ERR,ERR,ERR,ERR,ERR,ERR,ERR,ERR,ERR,ERR,ERR,ERR,ERR,ERR,ERR,ERR,ERR,ERR,ERR,ERR,ERR,ERR,2.718442270659078e+23,0.0,0.0,0.0,0.0,0.0,-0.0,258.5,4300,0,8,17163,4300,-0.0,37,0.0,0.0,0.0,0.0,-4.925046184806267e+32,0,0,0,0,0.0,0,0,0,0,0,0,0,0,0,0,0,0,0,0,0,0,0,0,0,0,0,0,0,0,0,0,0,0,0,0,0,0,0,12,37,36,48,65476,423,65476,1,0,4,21553,0.0,0.0,0.0,0.0,0.0,0.0,0.0,0.0,0.0,0.0,0.0,0.0,0.0,0.0,0.0,0.0,0.0,0.0,0.0,0.0,0.0,2.004,-0.0,0.0,3.697074423243316e+19,-0.0,0.0,0.0,0.0,0.0,6386.0,-0.0,0.0,2.718442270659078e+23,0.0,2.718450016850437e+23,-0.0,-0.0,0.0,2.004,2.004,223,2.718417410789135e+23,-0.0,0.0,0.0,0.0,0.0,0.0,0.0,0.0,0,0,0,-9.637370836920361e+22,-1.3468155267135133e+27,3.522271866367301e+29,9.814691149491313e+19,1.797959349503611e+38,0.0,-6.58987594179122e+22,-0.0,1.3111137757678946e+38,-2.1054564696937506e+21,-0.0,7480084.5,0.0,0.0,0.0,-0.0,0,1.3516416376850534e+27,223,0.0,446,0.0,-1881179008.0,2114,13107,17110,13107,17112,13107,17095,0,0,0,101,100,100,0.0,64.0,0.0,64.8,-0.0,64.0,1,49,50,180,0,0,0,0,0.0,0.0,0.0,60.0,0.0,71.0,0.0,-0.0,0.0,1069,0,1070,0,0,0,1070,0,1081,0,996,0,643,0,645,0,640,0,678,0.032,7.932099951695107e+21,-0.0,-0.0,38032,16813,-1.0146161949498028e+37,-0.0,23.781,-0.0,-1.5789162975716942e+27,-4.013647690035972e+36,50.0,60.0,35,0.0,0.0,10.0,2.0,0.0,0.0,0.0,0.0,0.0,0.0,0.0,0.0,0.0,0.0,0.0,0.0,58.8,55,10,65507,27,65476,0,300,0,0,8,20529,65476,0,0,30147,60.0,0.0,10.0,10.0,2.0,0.0
2026-02-16T12:13:45,ERR,ERR,ERR,ERR,ERR,ERR,ERR,ERR,ERR,ERR,ERR,ERR,ERR,ERR,ERR,ERR,ERR,ERR,ERR,ERR,ERR,ERR,ERR,ERR,ERR,ERR,ERR,ERR,ERR,ERR,ERR,ERR,ERR,ERR,ERR,ERR,ERR,ERR,ERR,ERR,ERR,ERR,ERR,ERR,ERR,ERR,ERR,ERR,ERR,ERR,ERR,ERR,ERR,ERR,ERR,ERR,ERR,ERR,ERR,ERR,ERR,ERR,ERR,ERR,ERR,ERR,ERR,ERR,ERR,ERR,ERR,ERR,ERR,ERR,ERR,ERR,ERR,ERR,ERR,ERR,ERR,ERR,ERR,ERR,ERR,ERR,ERR,ERR,ERR,ERR,ERR,ERR,ERR,ERR,ERR,ERR,ERR,ERR,ERR,ERR,ERR,ERR,ERR,ERR,ERR,ERR,ERR,ERR,ERR,ERR,ERR,ERR,ERR,ERR,ERR,ERR,ERR,ERR,ERR,ERR,ERR,ERR,ERR,ERR,ERR,2.718442270659078e+23,0.0,0.0,0.0,0.0,0.0,-0.0,258.5,4300,0,8,17163,4300,-0.0,37,0.0,0.0,0.0,0.0,-4.925046184806267e+32,0,0,0,0,0.0,0,0,0,0,0,0,0,0,0,0,0,0,0,0,0,0,0,0,0,0,0,0,0,0,0,0,0,0,0,0,0,0,0,12,37,36,48,65476,423,65476,1,0,4,21553,0.0,0.0,0.0,0.0,0.0,0.0,0.0,0.0,0.0,0.0,0.0,0.0,0.0,0.0,0.0,0.0,0.0,0.0,0.0,0.0,0.0,2.004,-0.0,0.0,3.697074423243316e+19,-0.0,0.0,0.0,0.0,0.0,6386.0,-0.0,0.0,2.718442270659078e+23,0.0,2.718450016850437e+23,-0.0,-0.0,0.0,2.004,2.004,223,2.718417410789135e+23,-0.0,0.0,0.0,0.0,0.0,0.0,0.0,0.0,0,0,0,-9.637370836920361e+22,-1.3468155267135133e+27,3.522271866367301e+29,9.814691149491313e+19,1.797959349503611e+38,0.0,-6.58987594179122e+22,-0.0,1.3111137757678946e+38,-2.1054564696937506e+21,-0.0,7480084.5,0.0,0.0,0.0,-0.0,0,1.3516416376850534e+27,223,0.0,446,0.0,-1881179008.0,2114,13107,17110,13107,17112,13107,17095,0,0,0,101,100,100,0.0,64.0,0.0,64.8,-0.0,64.0,1,49,50,180,0,0,0,0,0.0,0.0,0.0,60.0,0.0,71.0,0.0,-0.0,0.0,1069,0,1070,0,0,0,1070,0,1081,0,996,0,643,0,645,0,640,0,678,0.032,7.932099951695107e+21,-0.0,-0.0,38032,16813,-1.0146161949498028e+37,-0.0,23.781,-0.0,-1.5789162975716942e+27,-4.013647690035972e+36,50.0,60.0,35,0.0,0.0,10.0,2.0,0.0,0.0,0.0,0.0,0.0,0.0,0.0,0.0,0.0,0.0,0.0,0.0,58.8,55,11,65507,27,65476,0,300,0,0,8,20529,65476,0,0,30147,60.0,0.0,10.0,10.0,2.0,0.0
2026-02-16T12:13:46,ERR,ERR,ERR,ERR,ERR,ERR,ERR,ERR,ERR,ERR,ERR,ERR,ERR,ERR,ERR,ERR,ERR,ERR,ERR,ERR,ERR,ERR,ERR,ERR,ERR,ERR,ERR,ERR,ERR,ERR,ERR,ERR,ERR,ERR,ERR,ERR,ERR,ERR,ERR,ERR,ERR,ERR,ERR,ERR,ERR,ERR,ERR,ERR,ERR,ERR,ERR,ERR,ERR,ERR,ERR,ERR,ERR,ERR,ERR,ERR,ERR,ERR,ERR,ERR,ERR,ERR,ERR,ERR,ERR,ERR,ERR,ERR,ERR,ERR,ERR,ERR,ERR,ERR,ERR,ERR,ERR,ERR,ERR,ERR,ERR,ERR,ERR,ERR,ERR,ERR,ERR,ERR,ERR,ERR,ERR,ERR,ERR,ERR,ERR,ERR,ERR,ERR,ERR,ERR,ERR,ERR,ERR,ERR,ERR,ERR,ERR,ERR,ERR,ERR,ERR,ERR,ERR,ERR,ERR,ERR,ERR,ERR,ERR,ERR,ERR,2.718442270659078e+23,0.0,0.0,0.0,0.0,2.7150041608411967e+38,1.7505482744389863e+23,-1.4343981305849446e+18,4300,0,8,17163,4300,-0.0,37,0.0,0.0,0.0,0.0,-4.925046184806267e+32,0,0,0,0,0.0,0,0,0,0,0,0,0,0,0,0,0,0,0,0,0,0,0,0,0,0,0,0,0,0,0,0,0,0,0,0,0,0,0,12,37,36,48,65476,421,65476,1,0,4,21553,0.0,-107610720.0,0.0,0.0,0.0,0.0,0.0,0.0,0.0,0.0,0.0,0.0,0.0,0.0,0.0,0.0,0.0,0.0,0.0,0.0,0.0,2.004,-0.0,0.0,-0.0,-0.0,0.0,0.0,0.0,0.0,6414.0,8608227328.0,0.0,2.718442270659078e+23,0.0,-0.0,-0.0,0.0,0.0,2.004,2.004,224,0.0,71.63,0.0,0.0,0.0,0.0,0.0,0.0,0.0,0,0,0,-1.5519560534530804e+21,-0.0,-0.0,1.2044392947547419e+26,-0.0,-1.2639740301371901e+30,0.0,0.0,0.0,-2.216136934136008e+21,-0.0,7906068.5,0.0,0.0,0.0,-0.0,0,1.3516416376850534e+27,225,0.0,450,-0.0,4.5382711475481616e+24,2114,0,17110,13107,17112,13107,17095,0,0,0,101,100,100,0.0,64.0,0.0,64.8,-0.0,64.0,1,49,50,180,52429,0,0,0,0.0,0.0,0.0,60.0,0.0,71.0,0.0,0.0,0.0,1069,0,1070,0,0,0,1070,0,1081,0,996,0,643,0,645,0,640,0,679,0.032,7.968993439842526e+21,-0.0,-0.0,42128,16813,0.0,0.0,0.0,0.0,-0.049,-5462377524887552.0,50.0,60.0,35,0.0,0.0,10.0,2.0,0.0,0.0,0.0,0.0,0.0,0.0,0.0,0.0,0.0,0.0,0.0,0.0,58.8,55,11,65507,27,65476,0,300,0,0,8,20529,65476,0,0,30147,60.0,0.0,10.0,10.0,2.0,0.0
2026-02-16T12:13:47,ERR,ERR,ERR,ERR,ERR,ERR,ERR,ERR,ERR,ERR,ERR,ERR,ERR,ERR,ERR,ERR,ERR,ERR,ERR,ERR,ERR,ERR,ERR,ERR,ERR,ERR,ERR,ERR,ERR,ERR,ERR,ERR,ERR,ERR,ERR,ERR,ERR,ERR,ERR,ERR,ERR,ERR,ERR,ERR,ERR,ERR,ERR,ERR,ERR,ERR,ERR,ERR,ERR,ERR,ERR,ERR,ERR,ERR,ERR,ERR,ERR,ERR,ERR,ERR,ERR,ERR,ERR,ERR,ERR,ERR,ERR,ERR,ERR,ERR,ERR,ERR,ERR,ERR,ERR,ERR,ERR,ERR,ERR,ERR,ERR,ERR,ERR,ERR,ERR,ERR,ERR,ERR,ERR,ERR,ERR,ERR,ERR,ERR,ERR,ERR,ERR,ERR,ERR,ERR,ERR,ERR,ERR,ERR,ERR,ERR,ERR,ERR,ERR,ERR,ERR,ERR,ERR,ERR,ERR,ERR,ERR,ERR,ERR,ERR,ERR,2.718442270659078e+23,0.0,0.0,0.0,0.0,2.7150041608411967e+38,1.7505482744389863e+23,-1.4343981305849446e+18,4300,0,8,17163,4300,-0.0,37,0.0,0.0,0.0,0.0,-4.925046184806267e+32,0,0,0,0,0.0,0,0,0,0,0,0,0,0,0,0,0,0,0,0,0,0,0,0,0,0,0,0,0,0,0,0,0,0,0,0,0,0,0,12,37,36,48,65476,421,65476,1,0,4,21553,0.0,-107610720.0,0.0,0.0,0.0,0.0,0.0,0.0,0.0,0.0,0.0,0.0,0.0,0.0,0.0,0.0,0.0,0.0,0.0,0.0,0.0,2.004,-0.0,0.0,-0.0,-0.0,0.0,0.0,0.0,0.0,6414.0,8608227328.0,0.0,2.718442270659078e+23,0.0,-0.0,-0.0,0.0,0.0,2.004,2.004,224,0.0,71.63,0.0,0.0,0.0,0.0,0.0,0.0,0.0,0,0,0,-1.5519560534530804e+21,-0.0,-0.0,1.2044392947547419e+26,-0.0,-1.2639740301371901e+30,0.0,0.0,0.0,-2.216136934136008e+21,-0.0,7906068.5,0.0,0.0,0.0,-0.0,0,1.3516416376850534e+27,225,0.0,450,-0.0,4.5382711475481616e+24,2114,0,17110,13107,17112,13107,17095,0,0,0,101,100,100,0.0,64.0,0.0,64.8,-0.0,64.0,1,49,50,180,52429,0,0,0,0.0,0.0,0.0,60.0,0.0,71.0,0.0,0.0,0.0,1069,0,1070,0,0,0,1070,0,1081,0,996,0,643,0,645,0,640,0,679,0.032,7.968993439842526e+21,-0.0,-0.0,42128,16813,0.0,0.0,0.0,0.0,-0.049,-5462377524887552.0,50.0,60.0,35,0.0,0.0,10.0,2.0,0.0,0.0,0.0,0.0,0.0,0.0,0.0,0.0,0.0,0.0,0.0,0.0,59.2,55,11,65507,27,65476,0,300,0,0,8,20529,65476,0,0,30147,60.0,0.0,10.0,10.0,2.0,0.0
2026-02-16T12:13:48,ERR,ERR,ERR,ERR,ERR,ERR,ERR,ERR,ERR,ERR,ERR,ERR,ERR,ERR,ERR,ERR,ERR,ERR,ERR,ERR,ERR,ERR,ERR,ERR,ERR,ERR,ERR,ERR,ERR,ERR,ERR,ERR,ERR,ERR,ERR,ERR,ERR,ERR,ERR,ERR,ERR,ERR,ERR,ERR,ERR,ERR,ERR,ERR,ERR,ERR,ERR,ERR,ERR,ERR,ERR,ERR,ERR,ERR,ERR,ERR,ERR,ERR,ERR,ERR,ERR,ERR,ERR,ERR,ERR,ERR,ERR,ERR,ERR,ERR,ERR,ERR,ERR,ERR,ERR,ERR,ERR,ERR,ERR,ERR,ERR,ERR,ERR,ERR,ERR,ERR,ERR,ERR,ERR,ERR,ERR,ERR,ERR,ERR,ERR,ERR,ERR,ERR,ERR,ERR,ERR,ERR,ERR,ERR,ERR,ERR,ERR,ERR,ERR,ERR,ERR,ERR,ERR,ERR,ERR,ERR,ERR,ERR,ERR,ERR,ERR,2.718442270659078e+23,0.0,0.0,0.0,0.0,2.7150041608411967e+38,1.7505482744389863e+23,-1.4343981305849446e+18,4300,0,8,17163,4300,-0.0,37,0.0,0.0,0.0,0.0,-4.925046184806267e+32,0,0,0,0,0.0,0,0,0,0,0,0,0,0,0,0,0,0,0,0,0,0,0,0,0,0,0,0,0,0,0,0,0,0,0,0,0,0,0,12,37,36,48,65476,421,65476,1,0,4,21553,0.0,-107610720.0,0.0,0.0,0.0,0.0,0.0,0.0,0.0,0.0,0.0,0.0,0.0,0.0,0.0,0.0,0.0,0.0,0.0,0.0,0.0,2.004,-0.0,0.0,-0.0,-0.0,0.0,0.0,0.0,0.0,6414.0,8608227328.0,0.0,2.718442270659078e+23,0.0,-0.0,-0.0,0.0,0.0,2.004,2.004,224,0.0,71.63,0.0,0.0,0.0,0.0,0.0,0.0,0.0,0,0,0,-1.5519560534530804e+21,-0.0,-0.0,1.2044392947547419e+26,-0.0,-1.2639740301371901e+30,0.0,0.0,0.0,-2.216136934136008e+21,-0.0,7906068.5,0.0,0.0,0.0,-0.0,0,1.3516416376850534e+27,225,0.0,450,-0.0,4.5382711475481616e+24,2114,0,17110,13107,17112,13107,17095,0,0,0,101,100,100,0.0,64.0,0.0,64.8,-0.0,64.0,1,49,50,180,52429,0,0,0,0.0,0.0,0.0,60.0,0.0,71.0,0.0,0.0,0.0,1069,0,1070,0,0,0,1070,0,1081,0,996,0,643,0,645,0,640,0,679,0.032,7.968993439842526e+21,-0.0,-0.0,42128,16813,0.0,0.0,0.0,0.0,-0.049,-5462377524887552.0,50.0,60.0,35,0.0,0.0,10.0,2.0,0.0,0.0,0.0,0.0,0.0,0.0,0.0,0.0,0.0,0.0,0.0,0.0,59.2,55,11,65507,27,65476,0,300,0,0,8,20529,65476,0,0,30147,60.0,0.0,10.0,10.0,2.0,0.0
2026-02-16T12:13:49,ERR,ERR,ERR,ERR,ERR,ERR,ERR,ERR,ERR,ERR,ERR,ERR,ERR,ERR,ERR,ERR,ERR,ERR,ERR,ERR,ERR,ERR,ERR,ERR,ERR,ERR,ERR,ERR,ERR,ERR,ERR,ERR,ERR,ERR,ERR,ERR,ERR,ERR,ERR,ERR,ERR,ERR,ERR,ERR,ERR,ERR,ERR,ERR,ERR,ERR,ERR,ERR,ERR,ERR,ERR,ERR,ERR,ERR,ERR,ERR,ERR,ERR,ERR,ERR,ERR,ERR,ERR,ERR,ERR,ERR,ERR,ERR,ERR,ERR,ERR,ERR,ERR,ERR,ERR,ERR,ERR,ERR,ERR,ERR,ERR,ERR,ERR,ERR,ERR,ERR,ERR,ERR,ERR,ERR,ERR,ERR,ERR,ERR,ERR,ERR,ERR,ERR,ERR,ERR,ERR,ERR,ERR,ERR,ERR,ERR,ERR,ERR,ERR,ERR,ERR,ERR,ERR,ERR,ERR,ERR,ERR,ERR,ERR,ERR,ERR,2.718442270659078e+23,0.0,0.0,0.0,0.0,2.7150041608411967e+38,1.7505482744389863e+23,-1.4343981305849446e+18,4300,0,8,17163,4300,-0.0,37,0.0,0.0,0.0,0.0,-4.925046184806267e+32,0,0,0,0,0.0,0,0,0,0,0,0,0,0,0,0,0,0,0,0,0,0,0,0,0,0,0,0,0,0,0,0,0,0,0,0,0,0,0,12,37,36,48,65476,421,65476,1,0,4,21553,0.0,-107610720.0,0.0,0.0,0.0,0.0,0.0,0.0,0.0,0.0,0.0,0.0,0.0,0.0,0.0,0.0,0.0,0.0,0.0,0.0,0.0,2.004,-0.0,0.0,-0.0,-0.0,0.0,0.0,0.0,0.0,6414.0,8608227328.0,0.0,2.718442270659078e+23,0.0,-0.0,-0.0,0.0,0.0,2.004,2.004,224,0.0,71.63,0.0,0.0,0.0,0.0,0.0,0.0,0.0,0,0,0,-1.5519560534530804e+21,-0.0,-0.0,1.2044392947547419e+26,-0.0,-1.2639740301371901e+30,0.0,0.0,0.0,-2.216136934136008e+21,-0.0,7906068.5,0.0,0.0,0.0,-0.0,0,1.3516416376850534e+27,225,0.0,450,-0.0,4.5382711475481616e+24,2114,0,17110,13107,17112,13107,17095,0,0,0,101,100,100,0.0,64.0,0.0,64.8,-0.0,64.0,1,49,50,180,52429,0,0,0,-1.6341299342449783e+31,0.0,0.0,60.0,0.0,71.0,0.0,0.0,0.0,1069,0,1070,0,0,0,1071,0,1081,0,996,0,643,0,645,0,640,0,680,0.032,8.005886927989945e+21,0.0,0.0,43920,16813,0.0,3.45298547813933e+36,1.8511112290054306e+28,0.0,0.0,0.0,50.0,60.0,35,0.0,0.0,10.0,2.0,0.0,0.0,0.0,0.0,0.0,0.0,0.0,0.0,0.0,0.0,0.0,0.0,58.8,55,11,65507,27,65476,0,300,0,0,8,20529,65476,0,0,30147,60.0,0.0,10.0,10.0,2.0,0.0
2026-02-16T12:13:50,ERR,ERR,ERR,ERR,ERR,ERR,ERR,ERR,ERR,ERR,ERR,ERR,ERR,ERR,ERR,ERR,ERR,ERR,ERR,ERR,ERR,ERR,ERR,ERR,ERR,ERR,ERR,ERR,ERR,ERR,ERR,ERR,ERR,ERR,ERR,ERR,ERR,ERR,ERR,ERR,ERR,ERR,ERR,ERR,ERR,ERR,ERR,ERR,ERR,ERR,ERR,ERR,ERR,ERR,ERR,ERR,ERR,ERR,ERR,ERR,ERR,ERR,ERR,ERR,ERR,ERR,ERR,ERR,ERR,ERR,ERR,ERR,ERR,ERR,ERR,ERR,ERR,ERR,ERR,ERR,ERR,ERR,ERR,ERR,ERR,ERR,ERR,ERR,ERR,ERR,ERR,ERR,ERR,ERR,ERR,ERR,ERR,ERR,ERR,ERR,ERR,ERR,ERR,ERR,ERR,ERR,ERR,ERR,ERR,ERR,ERR,ERR,ERR,ERR,ERR,ERR,ERR,ERR,ERR,ERR,ERR,ERR,ERR,ERR,ERR,2.718442270659078e+23,0.0,0.0,0.0,0.0,2.7150041608411967e+38,1.7505482744389863e+23,-1.4343981305849446e+18,4300,0,8,17163,4300,-0.0,37,0.0,0.0,0.0,0.0,-4.925046184806267e+32,0,0,0,0,0.0,0,0,0,0,0,0,0,0,0,0,0,0,0,0,0,0,0,0,0,0,0,0,0,0,0,0,0,0,0,0,0,0,0,12,37,36,48,65476,421,65476,1,0,4,21553,0.0,-107610720.0,0.0,0.0,0.0,0.0,0.0,0.0,0.0,0.0,0.0,0.0,0.0,0.0,0.0,0.0,0.0,0.0,0.0,0.0,0.0,2.004,-0.0,0.0,-0.0,-0.0,0.0,0.0,0.0,0.0,6414.0,8608227328.0,0.0,2.718442270659078e+23,0.0,-0.0,-0.0,0.0,0.0,2.004,2.004,224,0.0,71.63,0.0,0.0,0.0,0.0,0.0,0.0,0.0,0,0,0,-1.5519560534530804e+21,-0.0,-0.0,1.2044392947547419e+26,-0.0,-1.2639740301371901e+30,0.0,0.0,0.0,-2.216136934136008e+21,-0.0,7906068.5,0.0,0.0,0.0,-0.0,0,1.3516416376850534e+27,225,0.0,450,-0.0,4.5382711475481616e+24,2114,0,17110,13107,17112,13107,17095,0,0,0,101,100,100,0.0,64.0,0.0,64.8,-0.0,64.0,1,49,50,180,52429,0,0,0,-1.6341299342449783e+31,0.0,0.0,60.0,0.0,71.0,0.0,0.0,0.0,1069,0,1070,0,0,0,1071,0,1081,0,996,0,643,0,645,0,640,0,680,0.032,8.005886927989945e+21,0.0,0.0,43920,16813,0.0,3.45298547813933e+36,1.8511112290054306e+28,0.0,0.0,0.0,50.0,60.0,35,0.0,0.0,10.0,2.0,0.0,0.0,0.0,0.0,0.0,0.0,0.0,0.0,0.0,0.0,0.0,0.0,58.8,55,11,65507,27,65476,0,300,0,0,8,20529,65476,0,0,30147,60.0,0.0,10.0,10.0,2.0,0.0
2026-02-16T12:13:51,ERR,ERR,ERR,ERR,ERR,ERR,ERR,ERR,ERR,ERR,ERR,ERR,ERR,ERR,ERR,ERR,ERR,ERR,ERR,ERR,ERR,ERR,ERR,ERR,ERR,ERR,ERR,ERR,ERR,ERR,ERR,ERR,ERR,ERR,ERR,ERR,ERR,ERR,ERR,ERR,ERR,ERR,ERR,ERR,ERR,ERR,ERR,ERR,ERR,ERR,ERR,ERR,ERR,ERR,ERR,ERR,ERR,ERR,ERR,ERR,ERR,ERR,ERR,ERR,ERR,ERR,ERR,ERR,ERR,ERR,ERR,ERR,ERR,ERR,ERR,ERR,ERR,ERR,ERR,ERR,ERR,ERR,ERR,ERR,ERR,ERR,ERR,ERR,ERR,ERR,ERR,ERR,ERR,ERR,ERR,ERR,ERR,ERR,ERR,ERR,ERR,ERR,ERR,ERR,ERR,ERR,ERR,ERR,ERR,ERR,ERR,ERR,ERR,ERR,ERR,ERR,ERR,ERR,ERR,ERR,ERR,ERR,ERR,ERR,ERR,2.718442270659078e+23,0.0,0.0,0.0,0.0,-3.3439091512095616e+37,0.0,1.608558244955294e+23,4300,0,8,17160,4300,-0.0,37,0.0,0.0,0.0,0.0,-4.925046184806267e+32,0,0,0,0,0.0,0,0,0,0,0,0,0,0,0,0,0,0,0,0,0,0,0,0,0,0,0,0,0,0,0,0,0,0,0,0,0,0,0,11,37,37,48,65476,423,65476,1,0,4,21553,0.0,-0.0,-5.0555555492204136e+33,0.0,0.0,0.0,0.0,0.0,0.0,0.0,0.0,0.0,0.0,0.0,0.0,0.0,0.0,0.0,0.0,0.0,0.0,2.004,-0.0,0.0,-0.0,-0.0,0.0,0.0,0.0,0.0,6410.0,-3.6972054850293465e+19,0.0,2.718442270659078e+23,0.0,-107616232.0,-0.0,0.0,0.0,2.004,2.004,225,0.0,-0.0,0.0,0.0,0.0,0.0,0.0,0.0,0.0,0,0,0,-6.082813397137123e+25,-0.0,-0.0,4406903308288.0,-0.0,-0.0,851579043840.0,0.0,0.0,-2.3268173985782652e+21,-0.0,8299284.5,0.0,0.0,0.0,-0.009,0,1.3516416376850534e+27,224,0.0,448,-74360974999552.0,4.538271724008914e+24,2114,0,17110,13107,17112,13107,17095,0,0,0,101,100,100,0.0,64.0,0.0,64.8,-0.0,64.0,1,49,50,180,52429,0,0,0,-1.6341299342449783e+31,0.0,0.0,60.0,0.0,71.0,0.0,0.0,0.0,1069,0,1070,0,0,0,1071,0,1081,0,996,0,643,0,645,0,640,0,680,0.032,8.005886927989945e+21,0.0,0.0,43920,16813,0.0,3.45298547813933e+36,1.8511112290054306e+28,0.0,0.0,0.0,50.0,60.0,35,0.0,0.0,10.0,2.0,0.0,0.0,0.0,0.0,0.0,0.0,0.0,0.0,0.0,0.0,0.0,0.0,58.8,55,11,65507,27,65476,0,300,0,0,8,20529,65476,0,0,30147,60.0,0.0,10.0,10.0,2.0,0.0
2026-02-16T12:13:52,ERR,ERR,ERR,ERR,ERR,ERR,ERR,ERR,ERR,ERR,ERR,ERR,ERR,ERR,ERR,ERR,ERR,ERR,ERR,ERR,ERR,ERR,ERR,ERR,ERR,ERR,ERR,ERR,ERR,ERR,ERR,ERR,ERR,ERR,ERR,ERR,ERR,ERR,ERR,ERR,ERR,ERR,ERR,ERR,ERR,ERR,ERR,ERR,ERR,ERR,ERR,ERR,ERR,ERR,ERR,ERR,ERR,ERR,ERR,ERR,ERR,ERR,ERR,ERR,ERR,ERR,ERR,ERR,ERR,ERR,ERR,ERR,ERR,ERR,ERR,ERR,ERR,ERR,ERR,ERR,ERR,ERR,ERR,ERR,ERR,ERR,ERR,ERR,ERR,ERR,ERR,ERR,ERR,ERR,ERR,ERR,ERR,ERR,ERR,ERR,ERR,ERR,ERR,ERR,ERR,ERR,ERR,ERR,ERR,ERR,ERR,ERR,ERR,ERR,ERR,ERR,ERR,ERR,ERR,ERR,ERR,ERR,ERR,ERR,ERR,2.718442270659078e+23,0.0,0.0,0.0,0.0,-3.3439091512095616e+37,0.0,1.608558244955294e+23,4300,0,8,17160,4300,-0.0,37,0.0,0.0,0.0,0.0,-4.925046184806267e+32,0,0,0,0,0.0,0,0,0,0,0,0,0,0,0,0,0,0,0,0,0,0,0,0,0,0,0,0,0,0,0,0,0,0,0,0,0,0,0,11,37,37,48,65476,423,65476,1,0,4,21553,0.0,-0.0,-5.0555555492204136e+33,0.0,0.0,0.0,0.0,0.0,0.0,0.0,0.0,0.0,0.0,0.0,0.0,0.0,0.0,0.0,0.0,0.0,0.0,2.004,-0.0,0.0,-0.0,-0.0,0.0,0.0,0.0,0.0,6410.0,-3.6972054850293465e+19,0.0,2.718442270659078e+23,0.0,-107616232.0,-0.0,0.0,0.0,2.004,2.004,225,0.0,-0.0,0.0,0.0,0.0,0.0,0.0,0.0,0.0,0,0,0,-6.082813397137123e+25,-0.0,-0.0,4406903308288.0,-0.0,-0.0,851579043840.0,0.0,0.0,-2.3268173985782652e+21,-0.0,8299284.5,0.0,0.0,0.0,-0.009,0,1.3516416376850534e+27,224,0.0,448,-74360974999552.0,4.538271724008914e+24,2114,0,17110,13107,17112,13107,17095,0,0,0,101,100,100,0.0,64.0,0.0,64.8,-0.0,64.0,1,49,50,180,52429,0,0,0,-1.6341299342449783e+31,0.0,0.0,60.0,0.0,71.0,0.0,0.0,0.0,1069,0,1070,0,0,0,1071,0,1081,0,996,0,643,0,645,0,640,0,680,0.032,8.005886927989945e+21,0.0,0.0,43920,16813,0.0,3.45298547813933e+36,1.8511112290054306e+28,0.0,0.0,0.0,50.0,60.0,35,0.0,0.0,10.0,2.0,0.0,0.0,0.0,0.0,0.0,0.0,0.0,0.0,0.0,0.0,0.0,0.0,59.2,54,11,65508,26,65476,0,300,0,0,8,20529,65476,0,0,30147,60.0,0.0,10.0,10.0,2.0,0.0
2026-02-16T12:13:53,ERR,ERR,ERR,ERR,ERR,ERR,ERR,ERR,ERR,ERR,ERR,ERR,ERR,ERR,ERR,ERR,ERR,ERR,ERR,ERR,ERR,ERR,ERR,ERR,ERR,ERR,ERR,ERR,ERR,ERR,ERR,ERR,ERR,ERR,ERR,ERR,ERR,ERR,ERR,ERR,ERR,ERR,ERR,ERR,ERR,ERR,ERR,ERR,ERR,ERR,ERR,ERR,ERR,ERR,ERR,ERR,ERR,ERR,ERR,ERR,ERR,ERR,ERR,ERR,ERR,ERR,ERR,ERR,ERR,ERR,ERR,ERR,ERR,ERR,ERR,ERR,ERR,ERR,ERR,ERR,ERR,ERR,ERR,ERR,ERR,ERR,ERR,ERR,ERR,ERR,ERR,ERR,ERR,ERR,ERR,ERR,ERR,ERR,ERR,ERR,ERR,ERR,ERR,ERR,ERR,ERR,ERR,ERR,ERR,ERR,ERR,ERR,ERR,ERR,ERR,ERR,ERR,ERR,ERR,ERR,ERR,ERR,ERR,ERR,ERR,2.718442270659078e+23,0.0,0.0,0.0,0.0,-3.3439091512095616e+37,0.0,1.608558244955294e+23,4300,0,8,17160,4300,-0.0,37,0.0,0.0,0.0,0.0,-4.925046184806267e+32,0,0,0,0,0.0,0,0,0,0,0,0,0,0,0,0,0,0,0,0,0,0,0,0,0,0,0,0,0,0,0,0,0,0,0,0,0,0,0,11,37,37,48,65476,423,65476,1,0,4,21553,0.0,-0.0,-5.0555555492204136e+33,0.0,0.0,0.0,0.0,0.0,0.0,0.0,0.0,0.0,0.0,0.0,0.0,0.0,0.0,0.0,0.0,0.0,0.0,2.004,-0.0,0.0,-0.0,-0.0,0.0,0.0,0.0,0.0,6410.0,-3.6972054850293465e+19,0.0,2.718442270659078e+23,0.0,-107616232.0,-0.0,0.0,0.0,2.004,2.004,225,0.0,-0.0,0.0,0.0,0.0,0.0,0.0,0.0,0.0,0,0,0,-6.082813397137123e+25,-0.0,-0.0,4406903308288.0,-0.0,-0.0,851579043840.0,0.0,0.0,-2.3268173985782652e+21,-0.0,8299284.5,0.0,0.0,0.0,-0.009,0,1.3516416376850534e+27,224,0.0,448,-74360974999552.0,4.538271724008914e+24,2114,0,17110,13107,17112,13107,17095,0,0,0,101,100,100,0.0,64.0,0.0,64.8,-0.0,64.0,1,49,50,180,0,0,0,0,-1011901440.0,0.0,0.0,60.0,0.0,71.0,0.0,0.0,0.0,1069,0,1070,0,0,0,1070,0,1081,0,996,0,643,0,645,0,640,0,681,0.032,8.005886927989945e+21,0.0,0.0,41616,16813,0.0,0.0,352.501,-0.0,-2.010555903706441e+33,0.0,50.0,60.0,35,0.0,0.0,10.0,2.0,0.0,0.0,0.0,0.0,0.0,0.0,0.0,0.0,0.0,0.0,0.0,0.0,59.2,54,11,65508,26,65476,0,300,0,0,8,20529,65476,0,0,30147,60.0,0.0,10.0,10.0,2.0,0.0
2026-02-16T12:13:54,ERR,ERR,ERR,ERR,ERR,ERR,ERR,ERR,ERR,ERR,ERR,ERR,ERR,ERR,ERR,ERR,ERR,ERR,ERR,ERR,ERR,ERR,ERR,ERR,ERR,ERR,ERR,ERR,ERR,ERR,ERR,ERR,ERR,ERR,ERR,ERR,ERR,ERR,ERR,ERR,ERR,ERR,ERR,ERR,ERR,ERR,ERR,ERR,ERR,ERR,ERR,ERR,ERR,ERR,ERR,ERR,ERR,ERR,ERR,ERR,ERR,ERR,ERR,ERR,ERR,ERR,ERR,ERR,ERR,ERR,ERR,ERR,ERR,ERR,ERR,ERR,ERR,ERR,ERR,ERR,ERR,ERR,ERR,ERR,ERR,ERR,ERR,ERR,ERR,ERR,ERR,ERR,ERR,ERR,ERR,ERR,ERR,ERR,ERR,ERR,ERR,ERR,ERR,ERR,ERR,ERR,ERR,ERR,ERR,ERR,ERR,ERR,ERR,ERR,ERR,ERR,ERR,ERR,ERR,ERR,ERR,ERR,ERR,ERR,ERR,2.718442270659078e+23,0.0,0.0,0.0,0.0,-3.3439091512095616e+37,0.0,1.608558244955294e+23,4300,0,8,17160,4300,-0.0,37,0.0,0.0,0.0,0.0,-4.925046184806267e+32,0,0,0,0,0.0,0,0,0,0,0,0,0,0,0,0,0,0,0,0,0,0,0,0,0,0,0,0,0,0,0,0,0,0,0,0,0,0,0,11,37,37,48,65476,423,65476,1,0,4,21553,0.0,-0.0,-5.0555555492204136e+33,0.0,0.0,0.0,0.0,0.0,0.0,0.0,0.0,0.0,0.0,0.0,0.0,0.0,0.0,0.0,0.0,0.0,0.0,2.004,-0.0,0.0,-0.0,-0.0,0.0,0.0,0.0,0.0,6410.0,-3.6972054850293465e+19,0.0,2.718442270659078e+23,0.0,-107616232.0,-0.0,0.0,0.0,2.004,2.004,225,0.0,-0.0,0.0,0.0,0.0,0.0,0.0,0.0,0.0,0,0,0,-6.082813397137123e+25,-0.0,-0.0,4406903308288.0,-0.0,-0.0,851579043840.0,0.0,0.0,-2.3268173985782652e+21,-0.0,8299284.5,0.0,0.0,0.0,-0.009,0,1.3516416376850534e+27,224,0.0,448,-74360974999552.0,4.538271724008914e+24,2114,0,17110,13107,17112,13107,17095,0,0,0,101,100,100,0.0,64.0,0.0,64.8,-0.0,64.0,1,49,50,180,0,0,0,0,-1011901440.0,0.0,0.0,60.0,0.0,71.0,0.0,0.0,0.0,1069,0,1070,0,0,0,1070,0,1081,0,996,0,643,0,645,0,640,0,681,0.032,8.005886927989945e+21,0.0,0.0,41616,16813,0.0,0.0,352.501,-0.0,-2.010555903706441e+33,0.0,50.0,60.0,35,0.0,0.0,10.0,2.0,0.0,0.0,0.0,0.0,0.0,0.0,0.0,0.0,0.0,0.0,0.0,0.0,58.8,54,11,65508,26,65476,0,300,0,0,8,20529,65476,0,0,30147,60.0,0.0,10.0,10.0,2.0,0.0
2026-02-16T12:13:55,ERR,ERR,ERR,ERR,ERR,ERR,ERR,ERR,ERR,ERR,ERR,ERR,ERR,ERR,ERR,ERR,ERR,ERR,ERR,ERR,ERR,ERR,ERR,ERR,ERR,ERR,ERR,ERR,ERR,ERR,ERR,ERR,ERR,ERR,ERR,ERR,ERR,ERR,ERR,ERR,ERR,ERR,ERR,ERR,ERR,ERR,ERR,ERR,ERR,ERR,ERR,ERR,ERR,ERR,ERR,ERR,ERR,ERR,ERR,ERR,ERR,ERR,ERR,ERR,ERR,ERR,ERR,ERR,ERR,ERR,ERR,ERR,ERR,ERR,ERR,ERR,ERR,ERR,ERR,ERR,ERR,ERR,ERR,ERR,ERR,ERR,ERR,ERR,ERR,ERR,ERR,ERR,ERR,ERR,ERR,ERR,ERR,ERR,ERR,ERR,ERR,ERR,ERR,ERR,ERR,ERR,ERR,ERR,ERR,ERR,ERR,ERR,ERR,ERR,ERR,ERR,ERR,ERR,ERR,ERR,ERR,ERR,ERR,ERR,ERR,2.718442270659078e+23,107616344.0,2.742017713988437e+23,0.0,0.0,0.004,-0.0,0.0,4300,0,8,17167,4300,-0.0,38,0.0,0.0,0.0,0.0,-4.925046184806267e+32,0,0,0,0,0.0,0,0,0,0,0,0,0,0,0,0,0,0,0,0,0,0,0,0,0,0,0,0,0,0,0,0,0,0,0,0,0,0,0,11,37,37,48,65476,420,65476,1,0,4,21553,0.0,-0.0,0.0,0.0,0.0,0.0,0.0,0.0,0.0,0.0,0.0,0.0,0.0,0.0,0.0,0.0,0.0,0.0,0.0,0.0,0.0,2.004,-0.0,0.0,-2.004,-0.0,0.0,0.0,0.0,0.0,6440.0,-0.0,0.0,2.718442270659078e+23,0.0,0.0,-0.0,0.0,0.0,2.004,2.004,225,0.0,0.0,0.0,0.0,0.0,0.0,0.0,0.0,0.0,0,0,0,-8.777659032155497e+29,-0.0,2.4966794360891853e+37,0.0,-0.0,5.98624654919574e+21,-0.0,-0.0,-0.004,-2.5507059727536415e+21,-0.0,9127465.0,0.0,0.0,0.0,-0.0,0,1.3516416376850534e+27,225,0.0,450,-74360974999552.0,4.538271724008914e+24,2114,0,17110,13107,17112,13107,17095,0,0,0,101,100,100,0.0,64.0,0.0,64.8,-0.0,64.0,1,49,50,180,0,0,0,0,-1011901440.0,0.0,0.0,60.0,0.0,71.0,0.0,0.0,0.0,1069,0,1070,0,0,0,1070,0,1081,0,996,0,643,0,645,0,640,0,681,0.032,8.005886927989945e+21,0.0,0.0,41616,16813,0.0,0.0,352.501,-0.0,-2.010555903706441e+33,0.0,50.0,60.0,35,0.0,0.0,10.0,2.0,0.0,0.0,0.0,0.0,0.0,0.0,0.0,0.0,0.0,0.0,0.0,0.0,58.8,54,11,65508,26,65476,0,300,0,0,8,20529,65476,0,0,30147,60.0,0.0,10.0,10.0,2.0,0.0
2026-02-16T12:13:56,ERR,ERR,ERR,ERR,ERR,ERR,ERR,ERR,ERR,ERR,ERR,ERR,ERR,ERR,ERR,ERR,ERR,ERR,ERR,ERR,ERR,ERR,ERR,ERR,ERR,ERR,ERR,ERR,ERR,ERR,ERR,ERR,ERR,ERR,ERR,ERR,ERR,ERR,ERR,ERR,ERR,ERR,ERR,ERR,ERR,ERR,ERR,ERR,ERR,ERR,ERR,ERR,ERR,ERR,ERR,ERR,ERR,ERR,ERR,ERR,ERR,ERR,ERR,ERR,ERR,ERR,ERR,ERR,ERR,ERR,ERR,ERR,ERR,ERR,ERR,ERR,ERR,ERR,ERR,ERR,ERR,ERR,ERR,ERR,ERR,ERR,ERR,ERR,ERR,ERR,ERR,ERR,ERR,ERR,ERR,ERR,ERR,ERR,ERR,ERR,ERR,ERR,ERR,ERR,ERR,ERR,ERR,ERR,ERR,ERR,ERR,ERR,ERR,ERR,ERR,ERR,ERR,ERR,ERR,ERR,ERR,ERR,ERR,ERR,ERR,2.718442270659078e+23,107616344.0,2.742017713988437e+23,0.0,0.0,0.004,-0.0,0.0,4300,0,8,17167,4300,-0.0,38,0.0,0.0,0.0,0.0,-4.925046184806267e+32,0,0,0,0,0.0,0,0,0,0,0,0,0,0,0,0,0,0,0,0,0,0,0,0,0,0,0,0,0,0,0,0,0,0,0,0,0,0,0,11,37,37,48,65476,420,65476,1,0,4,21553,0.0,-0.0,0.0,0.0,0.0,0.0,0.0,0.0,0.0,0.0,0.0,0.0,0.0,0.0,0.0,0.0,0.0,0.0,0.0,0.0,0.0,2.004,-0.0,0.0,-2.004,-0.0,0.0,0.0,0.0,0.0,6440.0,-0.0,0.0,2.718442270659078e+23,0.0,0.0,-0.0,0.0,0.0,2.004,2.004,225,0.0,0.0,0.0,0.0,0.0,0.0,0.0,0.0,0.0,0,0,0,-8.777659032155497e+29,-0.0,2.4966794360891853e+37,0.0,-0.0,5.98624654919574e+21,-0.0,-0.0,-0.004,-2.5507059727536415e+21,-0.0,9127465.0,0.0,0.0,0.0,-0.0,0,1.3516416376850534e+27,225,0.0,450,-74360974999552.0,4.538271724008914e+24,2114,0,17110,13107,17112,13107,17095,0,0,0,101,100,100,0.0,64.0,0.0,64.8,-0.0,64.0,1,49,50,180,52429,0,0,0,0.0,0.0,0.0,60.0,0.0,71.0,0.0,6.596008458128882e+34,0.0,1069,0,1070,0,0,0,1070,0,1081,0,996,0,643,0,645,0,640,0,682,0.032,8.005886927989945e+21,-0.0,2.730234856211355e+23,21648,16813,0.0,235148624.0,0.0,-2.2510558841668714e+27,-311820.531,-5.193913841159892e+20,50.0,60.0,35,0.0,0.0,10.0,2.0,0.0,0.0,0.0,0.0,0.0,0.0,0.0,0.0,0.0,0.0,0.0,0.0,58.8,54,11,65508,26,65476,0,300,0,0,8,20529,65476,0,0,30147,60.0,0.0,10.0,10.0,2.0,0.0
2026-02-16T12:13:57,ERR,ERR,ERR,ERR,ERR,ERR,ERR,ERR,ERR,ERR,ERR,ERR,ERR,ERR,ERR,ERR,ERR,ERR,ERR,ERR,ERR,ERR,ERR,ERR,ERR,ERR,ERR,ERR,ERR,ERR,ERR,ERR,ERR,ERR,ERR,ERR,ERR,ERR,ERR,ERR,ERR,ERR,ERR,ERR,ERR,ERR,ERR,ERR,ERR,ERR,ERR,ERR,ERR,ERR,ERR,ERR,ERR,ERR,ERR,ERR,ERR,ERR,ERR,ERR,ERR,ERR,ERR,ERR,ERR,ERR,ERR,ERR,ERR,ERR,ERR,ERR,ERR,ERR,ERR,ERR,ERR,ERR,ERR,ERR,ERR,ERR,ERR,ERR,ERR,ERR,ERR,ERR,ERR,ERR,ERR,ERR,ERR,ERR,ERR,ERR,ERR,ERR,ERR,ERR,ERR,ERR,ERR,ERR,ERR,ERR,ERR,ERR,ERR,ERR,ERR,ERR,ERR,ERR,ERR,ERR,ERR,ERR,ERR,ERR,ERR,2.718442270659078e+23,107616344.0,2.742017713988437e+23,0.0,0.0,0.004,-0.0,0.0,4300,0,8,17167,4300,-0.0,38,0.0,0.0,0.0,0.0,-4.925046184806267e+32,0,0,0,0,0.0,0,0,0,0,0,0,0,0,0,0,0,0,0,0,0,0,0,0,0,0,0,0,0,0,0,0,0,0,0,0,0,0,0,11,37,37,48,65476,420,65476,1,0,4,21553,0.0,-0.0,0.0,0.0,0.0,0.0,0.0,0.0,0.0,0.0,0.0,0.0,0.0,0.0,0.0,0.0,0.0,0.0,0.0,0.0,0.0,2.004,-0.0,0.0,-2.004,-0.0,0.0,0.0,0.0,0.0,6440.0,-0.0,0.0,2.718442270659078e+23,0.0,0.0,-0.0,0.0,0.0,2.004,2.004,225,0.0,0.0,0.0,0.0,0.0,0.0,0.0,0.0,0.0,0,0,0,-8.777659032155497e+29,-0.0,2.4966794360891853e+37,0.0,-0.0,5.98624654919574e+21,-0.0,-0.0,-0.004,-2.5507059727536415e+21,-0.0,9127465.0,0.0,0.0,0.0,-0.0,0,1.3516416376850534e+27,225,0.0,450,-74360974999552.0,4.538271724008914e+24,2114,0,17110,13107,17112,13107,17095,0,0,0,101,100,100,0.0,64.0,0.0,64.8,-0.0,64.0,1,49,50,180,52429,0,0,0,0.0,0.0,0.0,60.0,0.0,71.0,0.0,6.596008458128882e+34,0.0,1069,0,1070,0,0,0,1070,0,1081,0,996,0,643,0,645,0,640,0,682,0.032,8.005886927989945e+21,-0.0,2.730234856211355e+23,21648,16813,0.0,235148624.0,0.0,-2.2510558841668714e+27,-311820.531,-5.193913841159892e+20,50.0,60.0,35,0.0,0.0,10.0,2.0,0.0,0.0,0.0,0.0,0.0,0.0,0.0,0.0,0.0,0.0,0.0,0.0,58.8,54,11,65508,26,65476,0,300,0,0,8,20529,65476,0,0,30147,60.0,0.0,10.0,10.0,2.0,0.0
2026-02-16T12:13:58,ERR,ERR,ERR,ERR,ERR,ERR,ERR,ERR,ERR,ERR,ERR,ERR,ERR,ERR,ERR,ERR,ERR,ERR,ERR,ERR,ERR,ERR,ERR,ERR,ERR,ERR,ERR,ERR,ERR,ERR,ERR,ERR,ERR,ERR,ERR,ERR,ERR,ERR,ERR,ERR,ERR,ERR,ERR,ERR,ERR,ERR,ERR,ERR,ERR,ERR,ERR,ERR,ERR,ERR,ERR,ERR,ERR,ERR,ERR,ERR,ERR,ERR,ERR,ERR,ERR,ERR,ERR,ERR,ERR,ERR,ERR,ERR,ERR,ERR,ERR,ERR,ERR,ERR,ERR,ERR,ERR,ERR,ERR,ERR,ERR,ERR,ERR,ERR,ERR,ERR,ERR,ERR,ERR,ERR,ERR,ERR,ERR,ERR,ERR,ERR,ERR,ERR,ERR,ERR,ERR,ERR,ERR,ERR,ERR,ERR,ERR,ERR,ERR,ERR,ERR,ERR,ERR,ERR,ERR,ERR,ERR,ERR,ERR,ERR,ERR,2.718442270659078e+23,107616344.0,2.742017713988437e+23,0.0,0.0,0.004,-0.0,0.0,4300,0,8,17167,4300,-0.0,38,0.0,0.0,0.0,0.0,-4.925046184806267e+32,0,0,0,0,0.0,0,0,0,0,0,0,0,0,0,0,0,0,0,0,0,0,0,0,0,0,0,0,0,0,0,0,0,0,0,0,0,0,0,11,37,37,48,65476,420,65476,1,0,4,21553,0.0,-0.0,0.0,0.0,0.0,0.0,0.0,0.0,0.0,0.0,0.0,0.0,0.0,0.0,0.0,0.0,0.0,0.0,0.0,0.0,0.0,2.004,-0.0,0.0,-2.004,-0.0,0.0,0.0,0.0,0.0,6440.0,-0.0,0.0,2.718442270659078e+23,0.0,0.0,-0.0,0.0,0.0,2.004,2.004,225,0.0,0.0,0.0,0.0,0.0,0.0,0.0,0.0,0.0,0,0,0,-8.777659032155497e+29,-0.0,2.4966794360891853e+37,0.0,-0.0,5.98624654919574e+21,-0.0,-0.0,-0.004,-2.5507059727536415e+21,-0.0,9127465.0,0.0,0.0,0.0,-0.0,0,1.3516416376850534e+27,225,0.0,450,-74360974999552.0,4.538271724008914e+24,2114,0,17110,13107,17112,13107,17095,0,0,0,101,100,100,0.0,64.0,0.0,64.8,-0.0,64.0,1,49,50,180,52429,0,0,0,0.0,0.0,0.0,60.0,0.0,71.0,0.0,6.596008458128882e+34,0.0,1069,0,1070,0,0,0,1070,0,1081,0,996,0,643,0,645,0,640,0,682,0.032,8.005886927989945e+21,-0.0,2.730234856211355e+23,21648,16813,0.0,235148624.0,0.0,-2.2510558841668714e+27,-311820.531,-5.193913841159892e+20,50.0,60.0,35,0.0,0.0,10.0,2.0,0.0,0.0,0.0,0.0,0.0,0.0,0.0,0.0,0.0,0.0,0.0,0.0,58.8,54,11,65508,26,65476,0,300,0,0,8,20529,65476,0,0,30147,60.0,0.0,10.0,10.0,2.0,0.0
2026-02-16T12:13:59,ERR,ERR,ERR,ERR,ERR,ERR,ERR,ERR,ERR,ERR,ERR,ERR,ERR,ERR,ERR,ERR,ERR,ERR,ERR,ERR,ERR,ERR,ERR,ERR,ERR,ERR,ERR,ERR,ERR,ERR,ERR,ERR,ERR,ERR,ERR,ERR,ERR,ERR,ERR,ERR,ERR,ERR,ERR,ERR,ERR,ERR,ERR,ERR,ERR,ERR,ERR,ERR,ERR,ERR,ERR,ERR,ERR,ERR,ERR,ERR,ERR,ERR,ERR,ERR,ERR,ERR,ERR,ERR,ERR,ERR,ERR,ERR,ERR,ERR,ERR,ERR,ERR,ERR,ERR,ERR,ERR,ERR,ERR,ERR,ERR,ERR,ERR,ERR,ERR,ERR,ERR,ERR,ERR,ERR,ERR,ERR,ERR,ERR,ERR,ERR,ERR,ERR,ERR,ERR,ERR,ERR,ERR,ERR,ERR,ERR,ERR,ERR,ERR,ERR,ERR,ERR,ERR,ERR,ERR,ERR,ERR,ERR,ERR,ERR,ERR,2.718442270659078e+23,107616344.0,2.742017713988437e+23,0.0,0.0,0.004,-0.0,0.0,4300,0,8,17167,4300,-0.0,38,0.0,0.0,0.0,0.0,-4.925046184806267e+32,0,0,0,0,0.0,0,0,0,0,0,0,0,0,0,0,0,0,0,0,0,0,0,0,0,0,0,0,0,0,0,0,0,0,0,0,0,0,0,11,37,37,48,65476,420,65476,1,0,4,21553,0.0,-0.0,0.0,0.0,0.0,0.0,0.0,0.0,0.0,0.0,0.0,0.0,0.0,0.0,0.0,0.0,0.0,0.0,0.0,0.0,0.0,2.004,-0.0,0.0,-2.004,-0.0,0.0,0.0,0.0,0.0,6440.0,-0.0,0.0,2.718442270659078e+23,0.0,0.0,-0.0,0.0,0.0,2.004,2.004,225,0.0,0.0,0.0,0.0,0.0,0.0,0.0,0.0,0.0,0,0,0,-8.777659032155497e+29,-0.0,2.4966794360891853e+37,0.0,-0.0,5.98624654919574e+21,-0.0,-0.0,-0.004,-2.5507059727536415e+21,-0.0,9127465.0,0.0,0.0,0.0,-0.0,0,1.3516416376850534e+27,225,0.0,450,-74360974999552.0,4.538271724008914e+24,2114,0,17110,13107,17112,13107,17095,0,0,0,101,100,100,0.0,64.0,0.0,64.8,-0.0,64.0,1,49,50,180,52429,0,0,0,0.0,0.0,0.0,60.0,0.0,71.0,0.0,6.596008458128882e+34,0.0,1069,0,1070,0,0,0,1070,0,1081,0,996,0,643,0,645,0,640,0,682,0.032,8.005886927989945e+21,-0.0,2.730234856211355e+23,21648,16813,0.0,235148624.0,0.0,-2.2510558841668714e+27,-311820.531,-5.193913841159892e+20,50.0,60.0,35,0.0,0.0,10.0,2.0,0.0,0.0,0.0,0.0,0.0,0.0,0.0,0.0,0.0,0.0,0.0,0.0,58.8,54,11,65508,26,65476,0,300,0,0,8,20529,65476,0,0,30147,60.0,0.0,10.0,10.0,2.0,0.0
2026-02-16T12:14:00,ERR,ERR,ERR,ERR,ERR,ERR,ERR,ERR,ERR,ERR,ERR,ERR,ERR,ERR,ERR,ERR,ERR,ERR,ERR,ERR,ERR,ERR,ERR,ERR,ERR,ERR,ERR,ERR,ERR,ERR,ERR,ERR,ERR,ERR,ERR,ERR,ERR,ERR,ERR,ERR,ERR,ERR,ERR,ERR,ERR,ERR,ERR,ERR,ERR,ERR,ERR,ERR,ERR,ERR,ERR,ERR,ERR,ERR,ERR,ERR,ERR,ERR,ERR,ERR,ERR,ERR,ERR,ERR,ERR,ERR,ERR,ERR,ERR,ERR,ERR,ERR,ERR,ERR,ERR,ERR,ERR,ERR,ERR,ERR,ERR,ERR,ERR,ERR,ERR,ERR,ERR,ERR,ERR,ERR,ERR,ERR,ERR,ERR,ERR,ERR,ERR,ERR,ERR,ERR,ERR,ERR,ERR,ERR,ERR,ERR,ERR,ERR,ERR,ERR,ERR,ERR,ERR,ERR,ERR,ERR,ERR,ERR,ERR,ERR,ERR,2.718442270659078e+23,107616344.0,2.742017713988437e+23,2.7183363459958422e+23,-5.822229491472138e+17,-8.000448178511624e+28,0.0,106561664.0,4300,0,8,17163,4300,-0.0,37,0.0,0.0,0.0,0.0,-4.925046184806267e+32,0,0,0,0,0.0,0,0,0,0,0,0,0,0,0,0,0,0,0,0,0,0,0,0,0,0,0,0,0,0,0,0,0,0,0,0,0,0,0,11,37,37,48,65476,421,65476,1,0,4,21553,0.0,0.0,0.0,0.0,0.0,0.0,0.0,0.0,0.0,0.0,0.0,0.0,0.0,0.0,0.0,0.0,0.0,0.0,0.0,0.0,0.0,2.004,-0.0,0.0,-3.697074423243316e+19,-0.0,0.0,0.0,0.0,0.0,6472.0,0.0,0.0,2.718442270659078e+23,107616344.0,0.0,-0.0,-0.0,0.0,2.004,2.004,224,0.0,3.222023796532012e+26,0.0,0.0,0.0,0.0,0.0,0.0,0.0,0,0,0,-4970264467079168.0,-0.11,4.346449220533179e+22,-0.0,1.0673562822209452e+25,-0.0,-0.0,-0.0,-0.0,-2.772066901638156e+21,-0.0,9848361.0,0.0,0.0,0.0,-0.0,0,1.3516416376850534e+27,224,0.0,448,-0.0,0.0,2114,13107,17110,0,17112,13107,17095,0,0,0,101,100,100,0.0,64.0,0.0,64.8,-0.0,64.0,1,49,50,180,0,0,0,0,0.0,0.0,0.0,60.0,-3.7524074516446897e+34,70.5,0.0,4.5890007072145395e+33,0.0,1069,0,1070,0,0,0,1070,0,1080,0,996,0,643,0,645,0,640,0,684,0.032,7.968993439842526e+21,-2.004,-0.0,41616,16813,0.0,4.5890007072145395e+33,58261640.0,1.9289769462889954e+36,-1.3941952475029377e+36,0.0,50.0,60.0,35,0.0,0.0,10.0,2.0,0.0,0.0,0.0,0.0,0.0,0.0,0.0,0.0,0.0,0.0,0.0,0.0,59.2,54,11,65508,26,65476,0,300,0,0,8,20529,65476,0,0,30147,60.0,0.0,10.0,10.0,2.0,0.0
2026-02-16T12:14:01,ERR,ERR,ERR,ERR,ERR,ERR,ERR,ERR,ERR,ERR,ERR,ERR,ERR,ERR,ERR,ERR,ERR,ERR,ERR,ERR,ERR,ERR,ERR,ERR,ERR,ERR,ERR,ERR,ERR,ERR,ERR,ERR,ERR,ERR,ERR,ERR,ERR,ERR,ERR,ERR,ERR,ERR,ERR,ERR,ERR,ERR,ERR,ERR,ERR,ERR,ERR,ERR,ERR,ERR,ERR,ERR,ERR,ERR,ERR,ERR,ERR,ERR,ERR,ERR,ERR,ERR,ERR,ERR,ERR,ERR,ERR,ERR,ERR,ERR,ERR,ERR,ERR,ERR,ERR,ERR,ERR,ERR,ERR,ERR,ERR,ERR,ERR,ERR,ERR,ERR,ERR,ERR,ERR,ERR,ERR,ERR,ERR,ERR,ERR,ERR,ERR,ERR,ERR,ERR,ERR,ERR,ERR,ERR,ERR,ERR,ERR,ERR,ERR,ERR,ERR,ERR,ERR,ERR,ERR,ERR,ERR,ERR,ERR,ERR,ERR,2.718442270659078e+23,107616344.0,2.742017713988437e+23,2.7183363459958422e+23,-5.822229491472138e+17,-8.000448178511624e+28,0.0,106561664.0,4300,0,8,17163,4300,-0.0,37,0.0,0.0,0.0,0.0,-4.925046184806267e+32,0,0,0,0,0.0,0,0,0,0,0,0,0,0,0,0,0,0,0,0,0,0,0,0,0,0,0,0,0,0,0,0,0,0,0,0,0,0,0,11,37,37,48,65476,421,65476,1,0,4,21553,0.0,0.0,0.0,0.0,0.0,0.0,0.0,0.0,0.0,0.0,0.0,0.0,0.0,0.0,0.0,0.0,0.0,0.0,0.0,0.0,0.0,2.004,-0.0,0.0,-3.697074423243316e+19,-0.0,0.0,0.0,0.0,0.0,6472.0,0.0,0.0,2.718442270659078e+23,107616344.0,0.0,-0.0,-0.0,0.0,2.004,2.004,224,0.0,3.222023796532012e+26,0.0,0.0,0.0,0.0,0.0,0.0,0.0,0,0,0,-4970264467079168.0,-0.11,4.346449220533179e+22,-0.0,1.0673562822209452e+25,-0.0,-0.0,-0.0,-0.0,-2.772066901638156e+21,-0.0,9848361.0,0.0,0.0,0.0,-0.0,0,1.3516416376850534e+27,224,0.0,448,-0.0,0.0,2114,13107,17110,0,17112,13107,17095,0,0,0,101,100,100,0.0,64.0,0.0,64.8,-0.0,64.0,1,49,50,180,0,0,0,0,0.0,0.0,0.0,60.0,-3.7524074516446897e+34,70.5,0.0,4.5890007072145395e+33,0.0,1069,0,1070,0,0,0,1070,0,1080,0,996,0,643,0,645,0,640,0,684,0.032,7.968993439842526e+21,-2.004,-0.0,41616,16813,0.0,4.5890007072145395e+33,58261640.0,1.9289769462889954e+36,-1.3941952475029377e+36,0.0,50.0,60.0,35,0.0,0.0,10.0,2.0,0.0,0.0,0.0,0.0,0.0,0.0,0.0,0.0,0.0,0.0,0.0,0.0,59.2,54,11,65508,26,65476,0,300,0,0,8,20529,65476,0,0,30147,60.0,0.0,10.0,10.0,2.0,0.0
2026-02-16T12:14:02,ERR,ERR,ERR,ERR,ERR,ERR,ERR,ERR,ERR,ERR,ERR,ERR,ERR,ERR,ERR,ERR,ERR,ERR,ERR,ERR,ERR,ERR,ERR,ERR,ERR,ERR,ERR,ERR,ERR,ERR,ERR,ERR,ERR,ERR,ERR,ERR,ERR,ERR,ERR,ERR,ERR,ERR,ERR,ERR,ERR,ERR,ERR,ERR,ERR,ERR,ERR,ERR,ERR,ERR,ERR,ERR,ERR,ERR,ERR,ERR,ERR,ERR,ERR,ERR,ERR,ERR,ERR,ERR,ERR,ERR,ERR,ERR,ERR,ERR,ERR,ERR,ERR,ERR,ERR,ERR,ERR,ERR,ERR,ERR,ERR,ERR,ERR,ERR,ERR,ERR,ERR,ERR,ERR,ERR,ERR,ERR,ERR,ERR,ERR,ERR,ERR,ERR,ERR,ERR,ERR,ERR,ERR,ERR,ERR,ERR,ERR,ERR,ERR,ERR,ERR,ERR,ERR,ERR,ERR,ERR,ERR,ERR,ERR,ERR,ERR,2.718442270659078e+23,107616344.0,2.742017713988437e+23,2.7183363459958422e+23,-5.822229491472138e+17,-8.000448178511624e+28,0.0,106561664.0,4300,0,8,17163,4300,-0.0,37,0.0,0.0,0.0,0.0,-4.925046184806267e+32,0,0,0,0,0.0,0,0,0,0,0,0,0,0,0,0,0,0,0,0,0,0,0,0,0,0,0,0,0,0,0,0,0,0,0,0,0,0,0,11,37,37,48,65476,421,65476,1,0,4,21553,0.0,0.0,0.0,0.0,0.0,0.0,0.0,0.0,0.0,0.0,0.0,0.0,0.0,0.0,0.0,0.0,0.0,0.0,0.0,0.0,0.0,2.004,-0.0,0.0,-3.697074423243316e+19,-0.0,0.0,0.0,0.0,0.0,6472.0,0.0,0.0,2.718442270659078e+23,107616344.0,0.0,-0.0,-0.0,0.0,2.004,2.004,224,0.0,3.222023796532012e+26,0.0,0.0,0.0,0.0,0.0,0.0,0.0,0,0,0,-4970264467079168.0,-0.11,4.346449220533179e+22,-0.0,1.0673562822209452e+25,-0.0,-0.0,-0.0,-0.0,-2.772066901638156e+21,-0.0,9848361.0,0.0,0.0,0.0,-0.0,0,1.3516416376850534e+27,224,0.0,448,-0.0,0.0,2114,13107,17110,0,17112,13107,17095,0,0,0,101,100,100,0.0,64.0,0.0,64.8,-0.0,64.0,1,49,50,180,0,0,0,0,0.0,0.0,0.0,60.0,-3.7524074516446897e+34,70.5,0.0,4.5890007072145395e+33,0.0,1069,0,1070,0,0,0,1070,0,1080,0,996,0,643,0,645,0,640,0,684,0.032,7.968993439842526e+21,-2.004,-0.0,41616,16813,0.0,4.5890007072145395e+33,58261640.0,1.9289769462889954e+36,-1.3941952475029377e+36,0.0,50.0,60.0,35,0.0,0.0,10.0,2.0,0.0,0.0,0.0,0.0,0.0,0.0,0.0,0.0,0.0,0.0,0.0,0.0,58.8,54,11,65508,26,65476,0,300,0,0,8,20529,65476,0,0,30147,60.0,0.0,10.0,10.0,2.0,0.0
2026-02-16T12:14:03,ERR,ERR,ERR,ERR,ERR,ERR,ERR,ERR,ERR,ERR,ERR,ERR,ERR,ERR,ERR,ERR,ERR,ERR,ERR,ERR,ERR,ERR,ERR,ERR,ERR,ERR,ERR,ERR,ERR,ERR,ERR,ERR,ERR,ERR,ERR,ERR,ERR,ERR,ERR,ERR,ERR,ERR,ERR,ERR,ERR,ERR,ERR,ERR,ERR,ERR,ERR,ERR,ERR,ERR,ERR,ERR,ERR,ERR,ERR,ERR,ERR,ERR,ERR,ERR,ERR,ERR,ERR,ERR,ERR,ERR,ERR,ERR,ERR,ERR,ERR,ERR,ERR,ERR,ERR,ERR,ERR,ERR,ERR,ERR,ERR,ERR,ERR,ERR,ERR,ERR,ERR,ERR,ERR,ERR,ERR,ERR,ERR,ERR,ERR,ERR,ERR,ERR,ERR,ERR,ERR,ERR,ERR,ERR,ERR,ERR,ERR,ERR,ERR,ERR,ERR,ERR,ERR,ERR,ERR,ERR,ERR,ERR,ERR,ERR,ERR,2.718442270659078e+23,107616344.0,2.742017713988437e+23,2.7183363459958422e+23,-5.822229491472138e+17,-8.000448178511624e+28,0.0,106561664.0,4300,0,8,17163,4300,-0.0,37,0.0,0.0,0.0,0.0,-4.925046184806267e+32,0,0,0,0,0.0,0,0,0,0,0,0,0,0,0,0,0,0,0,0,0,0,0,0,0,0,0,0,0,0,0,0,0,0,0,0,0,0,0,11,37,37,48,65476,421,65476,1,0,4,21553,0.0,0.0,0.0,0.0,0.0,0.0,0.0,0.0,0.0,0.0,0.0,0.0,0.0,0.0,0.0,0.0,0.0,0.0,0.0,0.0,0.0,2.004,-0.0,0.0,-3.697074423243316e+19,-0.0,0.0,0.0,0.0,0.0,6472.0,0.0,0.0,2.718442270659078e+23,107616344.0,0.0,-0.0,-0.0,0.0,2.004,2.004,224,0.0,3.222023796532012e+26,0.0,0.0,0.0,0.0,0.0,0.0,0.0,0,0,0,-4970264467079168.0,-0.11,4.346449220533179e+22,-0.0,1.0673562822209452e+25,-0.0,-0.0,-0.0,-0.0,-2.772066901638156e+21,-0.0,9848361.0,0.0,0.0,0.0,-0.0,0,1.3516416376850534e+27,224,0.0,448,-0.0,0.0,2114,0,17110,0,17112,13107,17095,0,0,0,101,100,100,0.0,64.0,0.0,64.8,-0.0,64.0,1,49,50,180,52429,0,0,0,0.0,0.0,0.0,60.0,0.0,71.0,0.0,0.0,0.0,1069,0,1070,0,0,0,1071,0,1080,0,996,0,643,0,645,0,640,0,685,0.032,8.005886927989945e+21,0.0,-107615296.0,46992,16813,0.0,0.0,0.0,-52010369024.0,-9500888137728.0,-1.5187137065269205e+26,50.0,60.0,35,0.0,0.0,10.0,2.0,0.0,0.0,0.0,0.0,0.0,0.0,0.0,0.0,0.0,0.0,0.0,0.0,58.8,54,11,65508,26,65476,0,300,0,0,8,20529,65476,0,0,30147,60.0,0.0,10.0,10.0,2.0,0.0
2026-02-16T12:14:04,ERR,ERR,ERR,ERR,ERR,ERR,ERR,ERR,ERR,ERR,ERR,ERR,ERR,ERR,ERR,ERR,ERR,ERR,ERR,ERR,ERR,ERR,ERR,ERR,ERR,ERR,ERR,ERR,ERR,ERR,ERR,ERR,ERR,ERR,ERR,ERR,ERR,ERR,ERR,ERR,ERR,ERR,ERR,ERR,ERR,ERR,ERR,ERR,ERR,ERR,ERR,ERR,ERR,ERR,ERR,ERR,ERR,ERR,ERR,ERR,ERR,ERR,ERR,ERR,ERR,ERR,ERR,ERR,ERR,ERR,ERR,ERR,ERR,ERR,ERR,ERR,ERR,ERR,ERR,ERR,ERR,ERR,ERR,ERR,ERR,ERR,ERR,ERR,ERR,ERR,ERR,ERR,ERR,ERR,ERR,ERR,ERR,ERR,ERR,ERR,ERR,ERR,ERR,ERR,ERR,ERR,ERR,ERR,ERR,ERR,ERR,ERR,ERR,ERR,ERR,ERR,ERR,ERR,ERR,ERR,ERR,ERR,ERR,ERR,ERR,2.718442270659078e+23,107616344.0,2.742017713988437e+23,2.7183363459958422e+23,-5.822229491472138e+17,-8.000448178511624e+28,0.0,106561664.0,4300,0,8,17163,4300,-0.0,37,0.0,0.0,0.0,0.0,-4.925046184806267e+32,0,0,0,0,0.0,0,0,0,0,0,0,0,0,0,0,0,0,0,0,0,0,0,0,0,0,0,0,0,0,0,0,0,0,0,0,0,0,0,11,37,37,48,65476,421,65476,1,0,4,21553,0.0,0.0,0.0,0.0,0.0,0.0,0.0,0.0,0.0,0.0,0.0,0.0,0.0,0.0,0.0,0.0,0.0,0.0,0.0,0.0,0.0,2.004,-0.0,0.0,-3.697074423243316e+19,-0.0,0.0,0.0,0.0,0.0,6472.0,0.0,0.0,2.718442270659078e+23,107616344.0,0.0,-0.0,-0.0,0.0,2.004,2.004,224,0.0,3.222023796532012e+26,0.0,0.0,0.0,0.0,0.0,0.0,0.0,0,0,0,-4970264467079168.0,-0.11,4.346449220533179e+22,-0.0,1.0673562822209452e+25,-0.0,-0.0,-0.0,-0.0,-2.772066901638156e+21,-0.0,9848361.0,0.0,0.0,0.0,-0.0,0,1.3516416376850534e+27,224,0.0,448,-0.0,0.0,2114,0,17110,0,17112,13107,17095,0,0,0,101,100,100,0.0,64.0,0.0,64.8,-0.0,64.0,1,49,50,180,52429,0,0,0,0.0,0.0,0.0,60.0,0.0,71.0,0.0,0.0,0.0,1069,0,1070,0,0,0,1071,0,1080,0,996,0,643,0,645,0,640,0,685,0.032,8.005886927989945e+21,0.0,-107615296.0,46992,16813,0.0,0.0,0.0,-52010369024.0,-9500888137728.0,-1.5187137065269205e+26,50.0,60.0,35,0.0,0.0,10.0,2.0,0.0,0.0,0.0,0.0,0.0,0.0,0.0,0.0,0.0,0.0,0.0,0.0,58.8,54,11,65508,26,65476,0,300,0,0,8,20529,65476,0,0,30147,60.0,0.0,10.0,10.0,2.0,0.0
2026-02-16T12:14:05,ERR,ERR,ERR,ERR,ERR,ERR,ERR,ERR,ERR,ERR,ERR,ERR,ERR,ERR,ERR,ERR,ERR,ERR,ERR,ERR,ERR,ERR,ERR,ERR,ERR,ERR,ERR,ERR,ERR,ERR,ERR,ERR,ERR,ERR,ERR,ERR,ERR,ERR,ERR,ERR,ERR,ERR,ERR,ERR,ERR,ERR,ERR,ERR,ERR,ERR,ERR,ERR,ERR,ERR,ERR,ERR,ERR,ERR,ERR,ERR,ERR,ERR,ERR,ERR,ERR,ERR,ERR,ERR,ERR,ERR,ERR,ERR,ERR,ERR,ERR,ERR,ERR,ERR,ERR,ERR,ERR,ERR,ERR,ERR,ERR,ERR,ERR,ERR,ERR,ERR,ERR,ERR,ERR,ERR,ERR,ERR,ERR,ERR,ERR,ERR,ERR,ERR,ERR,ERR,ERR,ERR,ERR,ERR,ERR,ERR,ERR,ERR,ERR,ERR,ERR,ERR,ERR,ERR,ERR,ERR,ERR,ERR,ERR,ERR,ERR,2.718442270659078e+23,107616344.0,2.742017713988437e+23,0.0,-0.0,1.7961919377833984e+16,-847299215360.0,1.7544299162439166e+34,4300,0,8,17164,4300,-0.0,37,0.0,0.0,0.0,0.0,-4.925046184806267e+32,0,0,0,0,0.0,0,0,0,0,0,0,0,0,0,0,0,0,0,0,0,0,0,0,0,0,0,0,0,0,0,0,0,0,0,0,0,0,0,10,37,37,47,65476,414,65476,1,0,4,21553,0.0,0.0,9.235277020994753e+20,0.0,0.0,0.0,0.0,0.0,0.0,0.0,0.0,0.0,0.0,0.0,0.0,0.0,0.0,0.0,0.0,0.0,0.0,2.004,-0.0,0.0,0.0,-0.0,0.0,0.0,0.0,0.0,6464.0,-2.004,0.0,2.718442270659078e+23,2.7184525388662284e+23,-0.0,-0.0,-0.0,0.0,2.004,2.004,224,-2.30882787541985e+20,-71.63,0.0,0.0,0.0,0.0,0.0,0.0,0.0,0,0,0,-5.640779400007858e+28,-0.0,5.811455045063489e+33,0.0,-0.0,0.0,0.0,3.8235217436903924e+21,-0.0,-3.03032131867009e+21,-0.0,10765865.0,0.0,0.0,0.0,1.404230808063422e+21,0,1.3516416376850534e+27,226,0.0,452,-74360974999552.0,-0.0,2114,0,17110,0,17112,13107,17095,0,0,0,101,100,100,0.0,64.0,0.0,64.8,-0.0,64.0,1,49,50,180,52429,0,0,0,0.0,0.0,0.0,60.0,0.0,71.0,0.0,0.0,0.0,1069,0,1070,0,0,0,1071,0,1080,0,996,0,643,0,645,0,640,0,685,0.032,8.005886927989945e+21,0.0,-107615296.0,46992,16813,0.0,0.0,0.0,-52010369024.0,-9500888137728.0,-1.5187137065269205e+26,50.0,60.0,35,0.0,0.0,10.0,2.0,0.0,0.0,0.0,0.0,0.0,0.0,0.0,0.0,0.0,0.0,0.0,0.0,58.8,54,11,65508,26,65476,0,300,0,0,8,20529,65476,0,0,30147,60.0,0.0,10.0,10.0,2.0,0.0
2026-02-16T12:14:06,ERR,ERR,ERR,ERR,ERR,ERR,ERR,ERR,ERR,ERR,ERR,ERR,ERR,ERR,ERR,ERR,ERR,ERR,ERR,ERR,ERR,ERR,ERR,ERR,ERR,ERR,ERR,ERR,ERR,ERR,ERR,ERR,ERR,ERR,ERR,ERR,ERR,ERR,ERR,ERR,ERR,ERR,ERR,ERR,ERR,ERR,ERR,ERR,ERR,ERR,ERR,ERR,ERR,ERR,ERR,ERR,ERR,ERR,ERR,ERR,ERR,ERR,ERR,ERR,ERR,ERR,ERR,ERR,ERR,ERR,ERR,ERR,ERR,ERR,ERR,ERR,ERR,ERR,ERR,ERR,ERR,ERR,ERR,ERR,ERR,ERR,ERR,ERR,ERR,ERR,ERR,ERR,ERR,ERR,ERR,ERR,ERR,ERR,ERR,ERR,ERR,ERR,ERR,ERR,ERR,ERR,ERR,ERR,ERR,ERR,ERR,ERR,ERR,ERR,ERR,ERR,ERR,ERR,ERR,ERR,ERR,ERR,ERR,ERR,ERR,2.718442270659078e+23,107616344.0,2.742017713988437e+23,0.0,-0.0,1.7961919377833984e+16,-847299215360.0,1.7544299162439166e+34,4300,0,8,17164,4300,-0.0,37,0.0,0.0,0.0,0.0,-4.925046184806267e+32,0,0,0,0,0.0,0,0,0,0,0,0,0,0,0,0,0,0,0,0,0,0,0,0,0,0,0,0,0,0,0,0,0,0,0,0,0,0,0,10,37,37,47,65476,414,65476,1,0,4,21553,0.0,0.0,9.235277020994753e+20,0.0,0.0,0.0,0.0,0.0,0.0,0.0,0.0,0.0,0.0,0.0,0.0,0.0,0.0,0.0,0.0,0.0,0.0,2.004,-0.0,0.0,0.0,-0.0,0.0,0.0,0.0,0.0,6464.0,-2.004,0.0,2.718442270659078e+23,2.7184525388662284e+23,-0.0,-0.0,-0.0,0.0,2.004,2.004,224,-2.30882787541985e+20,-71.63,0.0,0.0,0.0,0.0,0.0,0.0,0.0,0,0,0,-5.640779400007858e+28,-0.0,5.811455045063489e+33,0.0,-0.0,0.0,0.0,3.8235217436903924e+21,-0.0,-3.03032131867009e+21,-0.0,10765865.0,0.0,0.0,0.0,1.404230808063422e+21,0,1.3516416376850534e+27,226,0.0,452,-74360974999552.0,-0.0,2114,0,17110,0,17112,13107,17095,0,0,0,101,100,100,0.0,64.0,0.0,64.8,-0.0,64.0,1,49,50,180,52429,0,0,0,0.0,0.0,0.0,60.0,0.0,71.0,0.0,0.0,0.0,1069,0,1070,0,0,0,1071,0,1080,0,996,0,643,0,645,0,640,0,685,0.032,8.005886927989945e+21,0.0,-107615296.0,46992,16813,0.0,0.0,0.0,-52010369024.0,-9500888137728.0,-1.5187137065269205e+26,50.0,60.0,35,0.0,0.0,10.0,2.0,0.0,0.0,0.0,0.0,0.0,0.0,0.0,0.0,0.0,0.0,0.0,0.0,58.8,54,11,65508,26,65476,0,300,0,0,8,20529,65476,0,0,30147,60.0,0.0,10.0,10.0,2.0,0.0
2026-02-16T12:14:07,ERR,ERR,ERR,ERR,ERR,ERR,ERR,ERR,ERR,ERR,ERR,ERR,ERR,ERR,ERR,ERR,ERR,ERR,ERR,ERR,ERR,ERR,ERR,ERR,ERR,ERR,ERR,ERR,ERR,ERR,ERR,ERR,ERR,ERR,ERR,ERR,ERR,ERR,ERR,ERR,ERR,ERR,ERR,ERR,ERR,ERR,ERR,ERR,ERR,ERR,ERR,ERR,ERR,ERR,ERR,ERR,ERR,ERR,ERR,ERR,ERR,ERR,ERR,ERR,ERR,ERR,ERR,ERR,ERR,ERR,ERR,ERR,ERR,ERR,ERR,ERR,ERR,ERR,ERR,ERR,ERR,ERR,ERR,ERR,ERR,ERR,ERR,ERR,ERR,ERR,ERR,ERR,ERR,ERR,ERR,ERR,ERR,ERR,ERR,ERR,ERR,ERR,ERR,ERR,ERR,ERR,ERR,ERR,ERR,ERR,ERR,ERR,ERR,ERR,ERR,ERR,ERR,ERR,ERR,ERR,ERR,ERR,ERR,ERR,ERR,2.718442270659078e+23,107616344.0,2.742017713988437e+23,0.0,-0.0,1.7961919377833984e+16,-847299215360.0,1.7544299162439166e+34,4300,0,8,17164,4300,-0.0,37,0.0,0.0,0.0,0.0,-4.925046184806267e+32,0,0,0,0,0.0,0,0,0,0,0,0,0,0,0,0,0,0,0,0,0,0,0,0,0,0,0,0,0,0,0,0,0,0,0,0,0,0,0,10,37,37,47,65476,414,65476,1,0,4,21553,0.0,0.0,9.235277020994753e+20,0.0,0.0,0.0,0.0,0.0,0.0,0.0,0.0,0.0,0.0,0.0,0.0,0.0,0.0,0.0,0.0,0.0,0.0,2.004,-0.0,0.0,0.0,-0.0,0.0,0.0,0.0,0.0,6464.0,-2.004,0.0,2.718442270659078e+23,2.7184525388662284e+23,-0.0,-0.0,-0.0,0.0,2.004,2.004,224,-2.30882787541985e+20,-71.63,0.0,0.0,0.0,0.0,0.0,0.0,0.0,0,0,0,-5.640779400007858e+28,-0.0,5.811455045063489e+33,0.0,-0.0,0.0,0.0,3.8235217436903924e+21,-0.0,-3.03032131867009e+21,-0.0,10765865.0,0.0,0.0,0.0,1.404230808063422e+21,0,1.3516416376850534e+27,226,0.0,452,-74360974999552.0,-0.0,2112,0,17110,0,17112,13107,17095,0,0,0,101,100,100,0.0,64.0,0.0,64.8,-0.0,64.0,1,49,50,180,52429,0,0,0,0.0,0.0,0.0,60.0,0.0,71.0,0.0,-0.0,0.0,1069,0,1070,0,0,0,1070,0,1080,0,996,0,643,0,645,0,640,0,686,0.032,7.968993439842526e+21,2.004,0.0,42128,16813,0.0,-6658824953921536.0,0.0,0.0,-0.0,-808528052224.0,50.0,60.0,35,0.0,0.0,10.0,2.0,0.0,0.0,0.0,0.0,0.0,0.0,0.0,0.0,0.0,0.0,0.0,0.0,59.2,54,11,65508,26,65476,0,300,0,0,8,20529,65476,0,0,30147,60.0,0.0,10.0,10.0,2.0,0.0
2026-02-16T12:14:08,ERR,ERR,ERR,ERR,ERR,ERR,ERR,ERR,ERR,ERR,ERR,ERR,ERR,ERR,ERR,ERR,ERR,ERR,ERR,ERR,ERR,ERR,ERR,ERR,ERR,ERR,ERR,ERR,ERR,ERR,ERR,ERR,ERR,ERR,ERR,ERR,ERR,ERR,ERR,ERR,ERR,ERR,ERR,ERR,ERR,ERR,ERR,ERR,ERR,ERR,ERR,ERR,ERR,ERR,ERR,ERR,ERR,ERR,ERR,ERR,ERR,ERR,ERR,ERR,ERR,ERR,ERR,ERR,ERR,ERR,ERR,ERR,ERR,ERR,ERR,ERR,ERR,ERR,ERR,ERR,ERR,ERR,ERR,ERR,ERR,ERR,ERR,ERR,ERR,ERR,ERR,ERR,ERR,ERR,ERR,ERR,ERR,ERR,ERR,ERR,ERR,ERR,ERR,ERR,ERR,ERR,ERR,ERR,ERR,ERR,ERR,ERR,ERR,ERR,ERR,ERR,ERR,ERR,ERR,ERR,ERR,ERR,ERR,ERR,ERR,2.718442270659078e+23,107616344.0,2.742017713988437e+23,0.0,-0.0,1.7961919377833984e+16,-847299215360.0,1.7544299162439166e+34,4300,0,8,17164,4300,-0.0,37,0.0,0.0,0.0,0.0,-4.925046184806267e+32,0,0,0,0,0.0,0,0,0,0,0,0,0,0,0,0,0,0,0,0,0,0,0,0,0,0,0,0,0,0,0,0,0,0,0,0,0,0,0,10,37,37,47,65476,414,65476,1,0,4,21553,0.0,0.0,9.235277020994753e+20,0.0,0.0,0.0,0.0,0.0,0.0,0.0,0.0,0.0,0.0,0.0,0.0,0.0,0.0,0.0,0.0,0.0,0.0,2.004,-0.0,0.0,0.0,-0.0,0.0,0.0,0.0,0.0,6464.0,-2.004,0.0,2.718442270659078e+23,2.7184525388662284e+23,-0.0,-0.0,-0.0,0.0,2.004,2.004,224,-2.30882787541985e+20,-71.63,0.0,0.0,0.0,0.0,0.0,0.0,0.0,0,0,0,-5.640779400007858e+28,-0.0,5.811455045063489e+33,0.0,-0.0,0.0,0.0,3.8235217436903924e+21,-0.0,-3.03032131867009e+21,-0.0,10765865.0,0.0,0.0,0.0,1.404230808063422e+21,0,1.3516416376850534e+27,226,0.0,452,-74360974999552.0,-0.0,2112,0,17110,0,17112,13107,17095,0,0,0,101,100,100,0.0,64.0,0.0,64.8,-0.0,64.0,1,49,50,180,52429,0,0,0,0.0,0.0,0.0,60.0,0.0,71.0,0.0,-0.0,0.0,1069,0,1070,0,0,0,1070,0,1080,0,996,0,643,0,645,0,640,0,686,0.032,7.968993439842526e+21,2.004,0.0,42128,16813,0.0,-6658824953921536.0,0.0,0.0,-0.0,-808528052224.0,50.0,60.0,35,0.0,0.0,10.0,2.0,0.0,0.0,0.0,0.0,0.0,0.0,0.0,0.0,0.0,0.0,0.0,0.0,59.2,54,11,65508,26,65476,0,300,0,0,8,20529,65476,0,0,30147,60.0,0.0,10.0,10.0,2.0,0.0
2026-02-16T12:14:09,ERR,ERR,ERR,ERR,ERR,ERR,ERR,ERR,ERR,ERR,ERR,ERR,ERR,ERR,ERR,ERR,ERR,ERR,ERR,ERR,ERR,ERR,ERR,ERR,ERR,ERR,ERR,ERR,ERR,ERR,ERR,ERR,ERR,ERR,ERR,ERR,ERR,ERR,ERR,ERR,ERR,ERR,ERR,ERR,ERR,ERR,ERR,ERR,ERR,ERR,ERR,ERR,ERR,ERR,ERR,ERR,ERR,ERR,ERR,ERR,ERR,ERR,ERR,ERR,ERR,ERR,ERR,ERR,ERR,ERR,ERR,ERR,ERR,ERR,ERR,ERR,ERR,ERR,ERR,ERR,ERR,ERR,ERR,ERR,ERR,ERR,ERR,ERR,ERR,ERR,ERR,ERR,ERR,ERR,ERR,ERR,ERR,ERR,ERR,ERR,ERR,ERR,ERR,ERR,ERR,ERR,ERR,ERR,ERR,ERR,ERR,ERR,ERR,ERR,ERR,ERR,ERR,ERR,ERR,ERR,ERR,ERR,ERR,ERR,ERR,2.718442270659078e+23,107616344.0,2.742017713988437e+23,0.0,-0.0,1.7961919377833984e+16,-847299215360.0,1.7544299162439166e+34,4300,0,8,17164,4300,-0.0,37,0.0,0.0,0.0,0.0,-4.925046184806267e+32,0,0,0,0,0.0,0,0,0,0,0,0,0,0,0,0,0,0,0,0,0,0,0,0,0,0,0,0,0,0,0,0,0,0,0,0,0,0,0,10,37,37,47,65476,414,65476,1,0,4,21553,0.0,0.0,9.235277020994753e+20,0.0,0.0,0.0,0.0,0.0,0.0,0.0,0.0,0.0,0.0,0.0,0.0,0.0,0.0,0.0,0.0,0.0,0.0,2.004,-0.0,0.0,0.0,-0.0,0.0,0.0,0.0,0.0,6464.0,-2.004,0.0,2.718442270659078e+23,2.7184525388662284e+23,-0.0,-0.0,-0.0,0.0,2.004,2.004,224,-2.30882787541985e+20,-71.63,0.0,0.0,0.0,0.0,0.0,0.0,0.0,0,0,0,-5.640779400007858e+28,-0.0,5.811455045063489e+33,0.0,-0.0,0.0,0.0,3.8235217436903924e+21,-0.0,-3.03032131867009e+21,-0.0,10765865.0,0.0,0.0,0.0,1.404230808063422e+21,0,1.3516416376850534e+27,226,0.0,452,-74360974999552.0,-0.0,2112,0,17110,0,17112,13107,17095,0,0,0,101,100,100,0.0,64.0,0.0,64.8,-0.0,64.0,1,49,50,180,52429,0,0,0,0.0,0.0,0.0,60.0,0.0,71.0,0.0,-0.0,0.0,1069,0,1070,0,0,0,1070,0,1080,0,996,0,643,0,645,0,640,0,686,0.032,7.968993439842526e+21,2.004,0.0,42128,16813,0.0,-6658824953921536.0,0.0,0.0,-0.0,-808528052224.0,50.0,60.0,35,0.0,0.0,10.0,2.0,0.0,0.0,0.0,0.0,0.0,0.0,0.0,0.0,0.0,0.0,0.0,0.0,58.8,54,11,65508,26,65476,0,300,0,0,8,20529,65476,0,0,30147,60.0,0.0,10.0,10.0,2.0,0.0
2026-02-16T12:14:10,ERR,ERR,ERR,ERR,ERR,ERR,ERR,ERR,ERR,ERR,ERR,ERR,ERR,ERR,ERR,ERR,ERR,ERR,ERR,ERR,ERR,ERR,ERR,ERR,ERR,ERR,ERR,ERR,ERR,ERR,ERR,ERR,ERR,ERR,ERR,ERR,ERR,ERR,ERR,ERR,ERR,ERR,ERR,ERR,ERR,ERR,ERR,ERR,ERR,ERR,ERR,ERR,ERR,ERR,ERR,ERR,ERR,ERR,ERR,ERR,ERR,ERR,ERR,ERR,ERR,ERR,ERR,ERR,ERR,ERR,ERR,ERR,ERR,ERR,ERR,ERR,ERR,ERR,ERR,ERR,ERR,ERR,ERR,ERR,ERR,ERR,ERR,ERR,ERR,ERR,ERR,ERR,ERR,ERR,ERR,ERR,ERR,ERR,ERR,ERR,ERR,ERR,ERR,ERR,ERR,ERR,ERR,ERR,ERR,ERR,ERR,ERR,ERR,ERR,ERR,ERR,ERR,ERR,ERR,ERR,ERR,ERR,ERR,ERR,ERR,2.718442270659078e+23,2.7184525388662284e+23,-107089984.0,0.0,-3.950257673973865e+28,-0.0,0.0,-0.0,4300,0,8,17164,4300,-0.0,38,0.0,0.0,0.0,0.0,-4.925046184806267e+32,0,0,0,0,0.0,0,0,0,0,0,0,0,0,0,0,0,0,0,0,0,0,0,0,0,0,0,0,0,0,0,0,0,0,0,0,0,0,0,10,37,37,47,65476,415,65476,1,0,4,21553,0.0,-0.0,-0.0,0.0,0.0,0.0,0.0,0.0,0.0,0.0,0.0,0.0,0.0,0.0,0.0,0.0,0.0,0.0,0.0,0.0,0.0,2.004,-0.0,2.004,2.004,3.697077062071222e+19,0.0,0.0,0.0,0.0,6505.0,2.004,0.0,2.718442270659078e+23,2.7184525388662284e+23,-107616240.0,-0.0,0.0,0.0,2.004,2.004,224,-4.950401131092143e+32,0.0,0.0,0.0,0.0,0.0,0.0,0.0,0.0,0,0,0,-1118954192896.0,190.258,3921535827968.0,0.0,2.4203993559467665e+27,-1.2379998811134512e+31,0.021,49222.023,-0.0,-3.233235503480895e+21,-0.0,11617833.0,0.0,0.0,0.0,-0.0,0,1.3516416376850534e+27,224,0.0,448,-74360974999552.0,0.0,2112,0,17110,0,17112,13107,17095,0,0,0,101,100,100,0.0,64.0,0.0,64.8,-0.0,64.0,1,49,50,180,52429,0,0,0,0.0,0.0,0.0,60.0,0.0,71.0,0.0,-0.0,0.0,1069,0,1070,0,0,0,1070,0,1080,0,996,0,643,0,645,0,640,0,688,0.032,8.005886927989945e+21,-2.004,2.7302350363553402e+23,55952,16813,0.0,-0.0,-1.0161051737006449e+31,280791515136.0,-0.0,-3.785,50.0,60.0,35,0.0,0.0,10.0,2.0,0.0,0.0,0.0,0.0,0.0,0.0,0.0,0.0,0.0,0.0,0.0,0.0,58.8,54,11,65508,26,65476,0,300,0,0,8,20529,65476,0,0,30147,60.0,0.0,10.0,10.0,2.0,0.0
2026-02-16T12:14:11,ERR,ERR,ERR,ERR,ERR,ERR,ERR,ERR,ERR,ERR,ERR,ERR,ERR,ERR,ERR,ERR,ERR,ERR,ERR,ERR,ERR,ERR,ERR,ERR,ERR,ERR,ERR,ERR,ERR,ERR,ERR,ERR,ERR,ERR,ERR,ERR,ERR,ERR,ERR,ERR,ERR,ERR,ERR,ERR,ERR,ERR,ERR,ERR,ERR,ERR,ERR,ERR,ERR,ERR,ERR,ERR,ERR,ERR,ERR,ERR,ERR,ERR,ERR,ERR,ERR,ERR,ERR,ERR,ERR,ERR,ERR,ERR,ERR,ERR,ERR,ERR,ERR,ERR,ERR,ERR,ERR,ERR,ERR,ERR,ERR,ERR,ERR,ERR,ERR,ERR,ERR,ERR,ERR,ERR,ERR,ERR,ERR,ERR,ERR,ERR,ERR,ERR,ERR,ERR,ERR,ERR,ERR,ERR,ERR,ERR,ERR,ERR,ERR,ERR,ERR,ERR,ERR,ERR,ERR,ERR,ERR,ERR,ERR,ERR,ERR,2.718442270659078e+23,2.7184525388662284e+23,-107089984.0,0.0,-3.950257673973865e+28,-0.0,0.0,-0.0,4300,0,8,17164,4300,-0.0,38,0.0,0.0,0.0,0.0,-4.925046184806267e+32,0,0,0,0,0.0,0,0,0,0,0,0,0,0,0,0,0,0,0,0,0,0,0,0,0,0,0,0,0,0,0,0,0,0,0,0,0,0,0,10,37,37,47,65476,415,65476,1,0,4,21553,0.0,-0.0,-0.0,0.0,0.0,0.0,0.0,0.0,0.0,0.0,0.0,0.0,0.0,0.0,0.0,0.0,0.0,0.0,0.0,0.0,0.0,2.004,-0.0,2.004,2.004,3.697077062071222e+19,0.0,0.0,0.0,0.0,6505.0,2.004,0.0,2.718442270659078e+23,2.7184525388662284e+23,-107616240.0,-0.0,0.0,0.0,2.004,2.004,224,-4.950401131092143e+32,0.0,0.0,0.0,0.0,0.0,0.0,0.0,0.0,0,0,0,-1118954192896.0,190.258,3921535827968.0,0.0,2.4203993559467665e+27,-1.2379998811134512e+31,0.021,49222.023,-0.0,-3.233235503480895e+21,-0.0,11617833.0,0.0,0.0,0.0,-0.0,0,1.3516416376850534e+27,224,0.0,448,-74360974999552.0,0.0,2112,0,17110,0,17112,13107,17095,0,0,0,101,100,100,0.0,64.0,0.0,64.8,-0.0,64.0,1,49,50,180,52429,0,0,0,0.0,0.0,0.0,60.0,0.0,71.0,0.0,-0.0,0.0,1069,0,1070,0,0,0,1070,0,1080,0,996,0,643,0,645,0,640,0,688,0.032,8.005886927989945e+21,-2.004,2.7302350363553402e+23,55952,16813,0.0,-0.0,-1.0161051737006449e+31,280791515136.0,-0.0,-3.785,50.0,60.0,35,0.0,0.0,10.0,2.0,0.0,0.0,0.0,0.0,0.0,0.0,0.0,0.0,0.0,0.0,0.0,0.0,58.8,54,11,65508,26,65476,0,300,0,0,8,20529,65476,0,0,30147,60.0,0.0,10.0,10.0,2.0,0.0
2026-02-16T12:14:12,ERR,ERR,ERR,ERR,ERR,ERR,ERR,ERR,ERR,ERR,ERR,ERR,ERR,ERR,ERR,ERR,ERR,ERR,ERR,ERR,ERR,ERR,ERR,ERR,ERR,ERR,ERR,ERR,ERR,ERR,ERR,ERR,ERR,ERR,ERR,ERR,ERR,ERR,ERR,ERR,ERR,ERR,ERR,ERR,ERR,ERR,ERR,ERR,ERR,ERR,ERR,ERR,ERR,ERR,ERR,ERR,ERR,ERR,ERR,ERR,ERR,ERR,ERR,ERR,ERR,ERR,ERR,ERR,ERR,ERR,ERR,ERR,ERR,ERR,ERR,ERR,ERR,ERR,ERR,ERR,ERR,ERR,ERR,ERR,ERR,ERR,ERR,ERR,ERR,ERR,ERR,ERR,ERR,ERR,ERR,ERR,ERR,ERR,ERR,ERR,ERR,ERR,ERR,ERR,ERR,ERR,ERR,ERR,ERR,ERR,ERR,ERR,ERR,ERR,ERR,ERR,ERR,ERR,ERR,ERR,ERR,ERR,ERR,ERR,ERR,2.718442270659078e+23,2.7184525388662284e+23,-107089984.0,0.0,-3.950257673973865e+28,-0.0,0.0,-0.0,4300,0,8,17164,4300,-0.0,38,0.0,0.0,0.0,0.0,-4.925046184806267e+32,0,0,0,0,0.0,0,0,0,0,0,0,0,0,0,0,0,0,0,0,0,0,0,0,0,0,0,0,0,0,0,0,0,0,0,0,0,0,0,10,37,37,47,65476,415,65476,1,0,4,21553,0.0,-0.0,-0.0,0.0,0.0,0.0,0.0,0.0,0.0,0.0,0.0,0.0,0.0,0.0,0.0,0.0,0.0,0.0,0.0,0.0,0.0,2.004,-0.0,2.004,2.004,3.697077062071222e+19,0.0,0.0,0.0,0.0,6505.0,2.004,0.0,2.718442270659078e+23,2.7184525388662284e+23,-107616240.0,-0.0,0.0,0.0,2.004,2.004,224,-4.950401131092143e+32,0.0,0.0,0.0,0.0,0.0,0.0,0.0,0.0,0,0,0,-1118954192896.0,190.258,3921535827968.0,0.0,2.4203993559467665e+27,-1.2379998811134512e+31,0.021,49222.023,-0.0,-3.233235503480895e+21,-0.0,11617833.0,0.0,0.0,0.0,-0.0,0,1.3516416376850534e+27,224,0.0,448,-74360974999552.0,0.0,2112,0,17110,0,17112,13107,17095,0,0,0,101,100,100,0.0,64.0,0.0,64.8,-0.0,64.0,1,49,50,180,52429,0,0,0,0.0,0.0,0.0,60.0,0.0,71.0,0.0,-0.0,0.0,1069,0,1070,0,0,0,1070,0,1080,0,996,0,643,0,645,0,640,0,688,0.032,8.005886927989945e+21,-2.004,2.7302350363553402e+23,55952,16813,0.0,-0.0,-1.0161051737006449e+31,280791515136.0,-0.0,-3.785,50.0,60.0,35,0.0,0.0,10.0,2.0,0.0,0.0,0.0,0.0,0.0,0.0,0.0,0.0,0.0,0.0,0.0,0.0,58.8,54,11,65508,26,65476,0,300,0,0,8,20529,65476,0,0,30147,60.0,0.0,10.0,10.0,2.0,0.0
2026-02-16T12:14:13,ERR,ERR,ERR,ERR,ERR,ERR,ERR,ERR,ERR,ERR,ERR,ERR,ERR,ERR,ERR,ERR,ERR,ERR,ERR,ERR,ERR,ERR,ERR,ERR,ERR,ERR,ERR,ERR,ERR,ERR,ERR,ERR,ERR,ERR,ERR,ERR,ERR,ERR,ERR,ERR,ERR,ERR,ERR,ERR,ERR,ERR,ERR,ERR,ERR,ERR,ERR,ERR,ERR,ERR,ERR,ERR,ERR,ERR,ERR,ERR,ERR,ERR,ERR,ERR,ERR,ERR,ERR,ERR,ERR,ERR,ERR,ERR,ERR,ERR,ERR,ERR,ERR,ERR,ERR,ERR,ERR,ERR,ERR,ERR,ERR,ERR,ERR,ERR,ERR,ERR,ERR,ERR,ERR,ERR,ERR,ERR,ERR,ERR,ERR,ERR,ERR,ERR,ERR,ERR,ERR,ERR,ERR,ERR,ERR,ERR,ERR,ERR,ERR,ERR,ERR,ERR,ERR,ERR,ERR,ERR,ERR,ERR,ERR,ERR,ERR,2.718442270659078e+23,2.7184525388662284e+23,-107089984.0,0.0,-3.950257673973865e+28,-0.0,0.0,-0.0,4300,0,8,17164,4300,-0.0,38,0.0,0.0,0.0,0.0,-4.925046184806267e+32,0,0,0,0,0.0,0,0,0,0,0,0,0,0,0,0,0,0,0,0,0,0,0,0,0,0,0,0,0,0,0,0,0,0,0,0,0,0,0,10,37,37,47,65476,415,65476,1,0,4,21553,0.0,-0.0,-0.0,0.0,0.0,0.0,0.0,0.0,0.0,0.0,0.0,0.0,0.0,0.0,0.0,0.0,0.0,0.0,0.0,0.0,0.0,2.004,-0.0,2.004,2.004,3.697077062071222e+19,0.0,0.0,0.0,0.0,6505.0,2.004,0.0,2.718442270659078e+23,2.7184525388662284e+23,-107616240.0,-0.0,0.0,0.0,2.004,2.004,224,-4.950401131092143e+32,0.0,0.0,0.0,0.0,0.0,0.0,0.0,0.0,0,0,0,-1118954192896.0,190.258,3921535827968.0,0.0,2.4203993559467665e+27,-1.2379998811134512e+31,0.021,49222.023,-0.0,-3.233235503480895e+21,-0.0,11617833.0,0.0,0.0,0.0,-0.0,0,1.3516416376850534e+27,224,0.0,448,-74360974999552.0,0.0,2112,0,17110,0,17112,13107,17095,0,0,0,101,100,100,0.0,64.0,0.0,64.8,-0.0,64.0,1,49,50,180,52429,0,0,0,0.0,0.0,0.0,60.0,0.0,71.0,0.0,-0.0,0.0,1069,0,1070,0,0,0,1071,0,1080,0,996,0,643,0,645,0,640,0,689,0.032,8.005886927989945e+21,2.004,-107615304.0,51600,16813,0.0,-0.0,0.0,0.0,-0.0,-4230544621568.0,50.0,60.0,35,0.0,0.0,10.0,2.0,0.0,0.0,0.0,0.0,0.0,0.0,0.0,0.0,0.0,0.0,0.0,0.0,58.8,54,11,65508,26,65476,0,300,0,0,8,20529,65476,0,0,30147,60.0,0.0,10.0,10.0,2.0,0.0
2026-02-16T12:14:14,ERR,ERR,ERR,ERR,ERR,ERR,ERR,ERR,ERR,ERR,ERR,ERR,ERR,ERR,ERR,ERR,ERR,ERR,ERR,ERR,ERR,ERR,ERR,ERR,ERR,ERR,ERR,ERR,ERR,ERR,ERR,ERR,ERR,ERR,ERR,ERR,ERR,ERR,ERR,ERR,ERR,ERR,ERR,ERR,ERR,ERR,ERR,ERR,ERR,ERR,ERR,ERR,ERR,ERR,ERR,ERR,ERR,ERR,ERR,ERR,ERR,ERR,ERR,ERR,ERR,ERR,ERR,ERR,ERR,ERR,ERR,ERR,ERR,ERR,ERR,ERR,ERR,ERR,ERR,ERR,ERR,ERR,ERR,ERR,ERR,ERR,ERR,ERR,ERR,ERR,ERR,ERR,ERR,ERR,ERR,ERR,ERR,ERR,ERR,ERR,ERR,ERR,ERR,ERR,ERR,ERR,ERR,ERR,ERR,ERR,ERR,ERR,ERR,ERR,ERR,ERR,ERR,ERR,ERR,ERR,ERR,ERR,ERR,ERR,ERR,2.718442270659078e+23,2.7184525388662284e+23,-107089984.0,0.0,-3.950257673973865e+28,-0.0,0.0,-0.0,4300,0,8,17164,4300,-0.0,38,0.0,0.0,0.0,0.0,-4.925046184806267e+32,0,0,0,0,0.0,0,0,0,0,0,0,0,0,0,0,0,0,0,0,0,0,0,0,0,0,0,0,0,0,0,0,0,0,0,0,0,0,0,10,37,37,47,65476,415,65476,1,0,4,21553,0.0,-0.0,-0.0,0.0,0.0,0.0,0.0,0.0,0.0,0.0,0.0,0.0,0.0,0.0,0.0,0.0,0.0,0.0,0.0,0.0,0.0,2.004,-0.0,2.004,2.004,3.697077062071222e+19,0.0,0.0,0.0,0.0,6505.0,2.004,0.0,2.718442270659078e+23,2.7184525388662284e+23,-107616240.0,-0.0,0.0,0.0,2.004,2.004,224,-4.950401131092143e+32,0.0,0.0,0.0,0.0,0.0,0.0,0.0,0.0,0,0,0,-1118954192896.0,190.258,3921535827968.0,0.0,2.4203993559467665e+27,-1.2379998811134512e+31,0.021,49222.023,-0.0,-3.233235503480895e+21,-0.0,11617833.0,0.0,0.0,0.0,-0.0,0,1.3516416376850534e+27,224,0.0,448,-74360974999552.0,0.0,2112,0,17110,0,17112,13107,17095,0,0,0,101,100,100,0.0,64.0,0.0,64.8,-0.0,64.0,1,49,50,180,52429,0,0,0,0.0,0.0,0.0,60.0,0.0,71.0,0.0,-0.0,0.0,1069,0,1070,0,0,0,1071,0,1080,0,996,0,643,0,645,0,640,0,689,0.032,8.005886927989945e+21,2.004,-107615304.0,51600,16813,0.0,-0.0,0.0,0.0,-0.0,-4230544621568.0,50.0,60.0,35,0.0,0.0,10.0,2.0,0.0,0.0,0.0,0.0,0.0,0.0,0.0,0.0,0.0,0.0,0.0,0.0,58.8,54,11,65509,26,65476,0,300,0,0,8,20529,65476,0,0,30147,60.0,0.0,10.0,10.0,2.0,0.0
2026-02-16T12:14:15,ERR,ERR,ERR,ERR,ERR,ERR,ERR,ERR,ERR,ERR,ERR,ERR,ERR,ERR,ERR,ERR,ERR,ERR,ERR,ERR,ERR,ERR,ERR,ERR,ERR,ERR,ERR,ERR,ERR,ERR,ERR,ERR,ERR,ERR,ERR,ERR,ERR,ERR,ERR,ERR,ERR,ERR,ERR,ERR,ERR,ERR,ERR,ERR,ERR,ERR,ERR,ERR,ERR,ERR,ERR,ERR,ERR,ERR,ERR,ERR,ERR,ERR,ERR,ERR,ERR,ERR,ERR,ERR,ERR,ERR,ERR,ERR,ERR,ERR,ERR,ERR,ERR,ERR,ERR,ERR,ERR,ERR,ERR,ERR,ERR,ERR,ERR,ERR,ERR,ERR,ERR,ERR,ERR,ERR,ERR,ERR,ERR,ERR,ERR,ERR,ERR,ERR,ERR,ERR,ERR,ERR,ERR,ERR,ERR,ERR,ERR,ERR,ERR,ERR,ERR,ERR,ERR,ERR,ERR,ERR,ERR,ERR,ERR,ERR,ERR,2.718442270659078e+23,2.7184525388662284e+23,-107089984.0,0.0,-3.950257673973865e+28,-0.0,237.277,-0.0,4300,0,8,17164,4300,-0.0,38,0.0,0.0,0.0,0.0,-4.925046184806267e+32,0,0,0,0,0.0,0,0,0,0,0,0,0,0,0,0,0,0,0,0,0,0,0,0,0,0,0,0,0,0,0,0,0,0,0,0,0,0,0,10,38,37,47,65476,415,65476,1,0,4,21553,0.0,0.0,-1.2475367847533436e+21,0.0,0.0,0.0,0.0,0.0,0.0,0.0,0.0,0.0,0.0,0.0,0.0,0.0,0.0,0.0,0.0,0.0,0.0,2.004,-0.0,3.697081460117733e+19,3.697074863047967e+19,3.697077062071222e+19,0.0,0.0,0.0,0.0,6501.0,-3.6972068044433e+19,0.0,0.0,-0.0,0.0,-0.0,0.0,0.0,2.004,2.004,224,-2.30882787541985e+20,5.8480786593265204e+35,0.0,0.0,0.0,0.0,0.0,0.0,0.0,0,0,0,-2.3605898096779714e+26,0.0,1.3596241174241961e+22,-1.2898311898406628e+37,3.2072461983989345e+28,-5.207318102911736e+28,0.0,0.0,1.1553940313798083e+18,-3.473043176439119e+21,-0.0,12404265.0,0.0,0.0,0.0,-17333880.0,0,1.3516416376850534e+27,224,0.0,448,-0.0,0.0,2112,0,17110,0,17112,13107,17095,0,0,0,101,100,100,0.0,64.0,0.0,64.8,-0.0,64.0,1,49,50,180,52429,0,0,0,0.0,0.0,0.0,60.0,0.0,71.0,0.0,-0.0,0.0,1069,0,1070,0,0,0,1071,0,1080,0,996,0,643,0,645,0,640,0,689,0.032,8.005886927989945e+21,2.004,-107615304.0,51600,16813,0.0,-0.0,0.0,0.0,-0.0,-4230544621568.0,50.0,60.0,35,0.0,0.0,10.0,2.0,0.0,0.0,0.0,0.0,0.0,0.0,0.0,0.0,0.0,0.0,0.0,0.0,58.8,54,11,65509,26,65476,0,300,0,0,8,20529,65476,0,0,30147,60.0,0.0,10.0,10.0,2.0,0.0
2026-02-16T12:14:16,ERR,ERR,ERR,ERR,ERR,ERR,ERR,ERR,ERR,ERR,ERR,ERR,ERR,ERR,ERR,ERR,ERR,ERR,ERR,ERR,ERR,ERR,ERR,ERR,ERR,ERR,ERR,ERR,ERR,ERR,ERR,ERR,ERR,ERR,ERR,ERR,ERR,ERR,ERR,ERR,ERR,ERR,ERR,ERR,ERR,ERR,ERR,ERR,ERR,ERR,ERR,ERR,ERR,ERR,ERR,ERR,ERR,ERR,ERR,ERR,ERR,ERR,ERR,ERR,ERR,ERR,ERR,ERR,ERR,ERR,ERR,ERR,ERR,ERR,ERR,ERR,ERR,ERR,ERR,ERR,ERR,ERR,ERR,ERR,ERR,ERR,ERR,ERR,ERR,ERR,ERR,ERR,ERR,ERR,ERR,ERR,ERR,ERR,ERR,ERR,ERR,ERR,ERR,ERR,ERR,ERR,ERR,ERR,ERR,ERR,ERR,ERR,ERR,ERR,ERR,ERR,ERR,ERR,ERR,ERR,ERR,ERR,ERR,ERR,ERR,2.718442270659078e+23,2.7184525388662284e+23,-107089984.0,0.0,-3.950257673973865e+28,-0.0,237.277,-0.0,4300,0,8,17164,4300,-0.0,38,0.0,0.0,0.0,0.0,-4.925046184806267e+32,0,0,0,0,0.0,0,0,0,0,0,0,0,0,0,0,0,0,0,0,0,0,0,0,0,0,0,0,0,0,0,0,0,0,0,0,0,0,0,10,38,37,47,65476,415,65476,1,0,4,21553,0.0,0.0,-1.2475367847533436e+21,0.0,0.0,0.0,0.0,0.0,0.0,0.0,0.0,0.0,0.0,0.0,0.0,0.0,0.0,0.0,0.0,0.0,0.0,2.004,-0.0,3.697081460117733e+19,3.697074863047967e+19,3.697077062071222e+19,0.0,0.0,0.0,0.0,6501.0,-3.6972068044433e+19,0.0,0.0,-0.0,0.0,-0.0,0.0,0.0,2.004,2.004,224,-2.30882787541985e+20,5.8480786593265204e+35,0.0,0.0,0.0,0.0,0.0,0.0,0.0,0,0,0,-2.3605898096779714e+26,0.0,1.3596241174241961e+22,-1.2898311898406628e+37,3.2072461983989345e+28,-5.207318102911736e+28,0.0,0.0,1.1553940313798083e+18,-3.473043176439119e+21,-0.0,12404265.0,0.0,0.0,0.0,-17333880.0,0,1.3516416376850534e+27,224,0.0,448,-0.0,0.0,2112,0,17110,0,17112,13107,17095,0,0,0,101,100,100,0.0,64.0,0.0,64.8,-0.0,64.0,1,49,50,180,52429,0,0,0,0.0,0.0,0.0,60.0,0.0,71.0,0.0,-0.0,0.0,1069,0,1070,0,0,0,1071,0,1080,0,996,0,643,0,645,0,640,0,689,0.032,8.005886927989945e+21,2.004,-107615304.0,51600,16813,0.0,-0.0,0.0,0.0,-0.0,-4230544621568.0,50.0,60.0,35,0.0,0.0,10.0,2.0,0.0,0.0,0.0,0.0,0.0,0.0,0.0,0.0,0.0,0.0,0.0,0.0,58.8,54,11,65509,26,65476,0,300,0,0,8,20529,65476,0,0,30147,60.0,0.0,10.0,10.0,2.0,0.0
2026-02-16T12:14:17,ERR,ERR,ERR,ERR,ERR,ERR,ERR,ERR,ERR,ERR,ERR,ERR,ERR,ERR,ERR,ERR,ERR,ERR,ERR,ERR,ERR,ERR,ERR,ERR,ERR,ERR,ERR,ERR,ERR,ERR,ERR,ERR,ERR,ERR,ERR,ERR,ERR,ERR,ERR,ERR,ERR,ERR,ERR,ERR,ERR,ERR,ERR,ERR,ERR,ERR,ERR,ERR,ERR,ERR,ERR,ERR,ERR,ERR,ERR,ERR,ERR,ERR,ERR,ERR,ERR,ERR,ERR,ERR,ERR,ERR,ERR,ERR,ERR,ERR,ERR,ERR,ERR,ERR,ERR,ERR,ERR,ERR,ERR,ERR,ERR,ERR,ERR,ERR,ERR,ERR,ERR,ERR,ERR,ERR,ERR,ERR,ERR,ERR,ERR,ERR,ERR,ERR,ERR,ERR,ERR,ERR,ERR,ERR,ERR,ERR,ERR,ERR,ERR,ERR,ERR,ERR,ERR,ERR,ERR,ERR,ERR,ERR,ERR,ERR,ERR,2.718442270659078e+23,2.7184525388662284e+23,-107089984.0,0.0,-3.950257673973865e+28,-0.0,237.277,-0.0,4300,0,8,17164,4300,-0.0,38,0.0,0.0,0.0,0.0,-4.925046184806267e+32,0,0,0,0,0.0,0,0,0,0,0,0,0,0,0,0,0,0,0,0,0,0,0,0,0,0,0,0,0,0,0,0,0,0,0,0,0,0,0,10,38,37,47,65476,415,65476,1,0,4,21553,0.0,0.0,-1.2475367847533436e+21,0.0,0.0,0.0,0.0,0.0,0.0,0.0,0.0,0.0,0.0,0.0,0.0,0.0,0.0,0.0,0.0,0.0,0.0,2.004,-0.0,3.697081460117733e+19,3.697074863047967e+19,3.697077062071222e+19,0.0,0.0,0.0,0.0,6501.0,-3.6972068044433e+19,0.0,0.0,-0.0,0.0,-0.0,0.0,0.0,2.004,2.004,224,-2.30882787541985e+20,5.8480786593265204e+35,0.0,0.0,0.0,0.0,0.0,0.0,0.0,0,0,0,-2.3605898096779714e+26,0.0,1.3596241174241961e+22,-1.2898311898406628e+37,3.2072461983989345e+28,-5.207318102911736e+28,0.0,0.0,1.1553940313798083e+18,-3.473043176439119e+21,-0.0,12404265.0,0.0,0.0,0.0,-17333880.0,0,1.3516416376850534e+27,224,0.0,448,-0.0,0.0,2112,13107,17110,0,17112,13107,17095,0,0,0,101,100,100,0.0,64.0,0.0,64.8,-0.0,64.0,1,49,50,180,0,0,0,0,0.0,0.0,0.0,60.0,0.0,71.0,0.0,0.0,0.0,1069,0,1070,0,0,0,1070,0,1080,0,996,0,643,0,645,0,640,0,690,0.032,7.968993439842526e+21,-0.0,0.0,63632,16813,0.176,0.0,-3.613,-530063008.0,3.8232005807419655e+21,-0.0,50.0,60.0,35,0.0,0.0,10.0,2.0,0.0,0.0,0.0,0.0,0.0,0.0,0.0,0.0,0.0,0.0,0.0,0.0,59.2,54,11,65509,26,65476,0,300,0,0,8,20529,65476,0,0,30147,60.0,0.0,10.0,10.0,2.0,0.0
2026-02-16T12:14:18,ERR,ERR,ERR,ERR,ERR,ERR,ERR,ERR,ERR,ERR,ERR,ERR,ERR,ERR,ERR,ERR,ERR,ERR,ERR,ERR,ERR,ERR,ERR,ERR,ERR,ERR,ERR,ERR,ERR,ERR,ERR,ERR,ERR,ERR,ERR,ERR,ERR,ERR,ERR,ERR,ERR,ERR,ERR,ERR,ERR,ERR,ERR,ERR,ERR,ERR,ERR,ERR,ERR,ERR,ERR,ERR,ERR,ERR,ERR,ERR,ERR,ERR,ERR,ERR,ERR,ERR,ERR,ERR,ERR,ERR,ERR,ERR,ERR,ERR,ERR,ERR,ERR,ERR,ERR,ERR,ERR,ERR,ERR,ERR,ERR,ERR,ERR,ERR,ERR,ERR,ERR,ERR,ERR,ERR,ERR,ERR,ERR,ERR,ERR,ERR,ERR,ERR,ERR,ERR,ERR,ERR,ERR,ERR,ERR,ERR,ERR,ERR,ERR,ERR,ERR,ERR,ERR,ERR,ERR,ERR,ERR,ERR,ERR,ERR,ERR,2.718442270659078e+23,2.7184525388662284e+23,-107089984.0,0.0,-3.950257673973865e+28,-0.0,237.277,-0.0,4300,0,8,17164,4300,-0.0,38,0.0,0.0,0.0,0.0,-4.925046184806267e+32,0,0,0,0,0.0,0,0,0,0,0,0,0,0,0,0,0,0,0,0,0,0,0,0,0,0,0,0,0,0,0,0,0,0,0,0,0,0,0,10,38,37,47,65476,415,65476,1,0,4,21553,0.0,0.0,-1.2475367847533436e+21,0.0,0.0,0.0,0.0,0.0,0.0,0.0,0.0,0.0,0.0,0.0,0.0,0.0,0.0,0.0,0.0,0.0,0.0,2.004,-0.0,3.697081460117733e+19,3.697074863047967e+19,3.697077062071222e+19,0.0,0.0,0.0,0.0,6501.0,-3.6972068044433e+19,0.0,0.0,-0.0,0.0,-0.0,0.0,0.0,2.004,2.004,224,-2.30882787541985e+20,5.8480786593265204e+35,0.0,0.0,0.0,0.0,0.0,0.0,0.0,0,0,0,-2.3605898096779714e+26,0.0,1.3596241174241961e+22,-1.2898311898406628e+37,3.2072461983989345e+28,-5.207318102911736e+28,0.0,0.0,1.1553940313798083e+18,-3.473043176439119e+21,-0.0,12404265.0,0.0,0.0,0.0,-17333880.0,0,1.3516416376850534e+27,224,0.0,448,-0.0,0.0,2112,13107,17110,0,17112,13107,17095,0,0,0,101,100,100,0.0,64.0,0.0,64.8,-0.0,64.0,1,49,50,180,0,0,0,0,0.0,0.0,0.0,60.0,0.0,71.0,0.0,0.0,0.0,1069,0,1070,0,0,0,1070,0,1080,0,996,0,643,0,645,0,640,0,690,0.032,7.968993439842526e+21,-0.0,0.0,63632,16813,0.176,0.0,-3.613,-530063008.0,3.8232005807419655e+21,-0.0,50.0,60.0,35,0.0,0.0,10.0,2.0,0.0,0.0,0.0,0.0,0.0,0.0,0.0,0.0,0.0,0.0,0.0,0.0,59.2,54,11,65509,26,65476,0,300,0,0,8,20529,65476,0,0,30147,60.0,0.0,10.0,10.0,2.0,0.0
2026-02-16T12:14:19,ERR,ERR,ERR,ERR,ERR,ERR,ERR,ERR,ERR,ERR,ERR,ERR,ERR,ERR,ERR,ERR,ERR,ERR,ERR,ERR,ERR,ERR,ERR,ERR,ERR,ERR,ERR,ERR,ERR,ERR,ERR,ERR,ERR,ERR,ERR,ERR,ERR,ERR,ERR,ERR,ERR,ERR,ERR,ERR,ERR,ERR,ERR,ERR,ERR,ERR,ERR,ERR,ERR,ERR,ERR,ERR,ERR,ERR,ERR,ERR,ERR,ERR,ERR,ERR,ERR,ERR,ERR,ERR,ERR,ERR,ERR,ERR,ERR,ERR,ERR,ERR,ERR,ERR,ERR,ERR,ERR,ERR,ERR,ERR,ERR,ERR,ERR,ERR,ERR,ERR,ERR,ERR,ERR,ERR,ERR,ERR,ERR,ERR,ERR,ERR,ERR,ERR,ERR,ERR,ERR,ERR,ERR,ERR,ERR,ERR,ERR,ERR,ERR,ERR,ERR,ERR,ERR,ERR,ERR,ERR,ERR,ERR,ERR,ERR,ERR,2.718442270659078e+23,-0.0,0.0,0.0,17630591188992.0,-214276.328,-0.0,-6.133549159907867e+21,4300,0,8,17165,4300,-0.0,38,0.0,0.0,0.0,0.0,-4.925046184806267e+32,0,0,0,0,0.0,0,0,0,0,0,0,0,0,0,0,0,0,0,0,0,0,0,0,0,0,0,0,0,0,0,0,0,0,0,0,0,0,0,9,38,37,47,65476,414,65476,1,0,4,21553,0.0,0.0,120452.18,0.0,0.0,0.0,0.0,0.0,0.0,0.0,0.0,0.0,0.0,0.0,0.0,0.0,0.0,0.0,0.0,0.0,0.0,2.004,-0.0,-0.0,-0.0,3.697077062071222e+19,0.0,0.0,0.0,0.0,6530.0,1.0406713229691606e+34,0.0,0.0,-0.0,0.0,-0.0,0.0,0.0,2.004,2.004,225,-71.629,-1.9056958870913024e+17,0.0,0.0,0.0,0.0,0.0,0.0,0.0,0,0,0,-22.908,-1040488071168.0,0.0,-0.0,2.079107215410165e+37,5.35810369916748e+30,60.068,4.2109030877633163e+21,-6.523458734538554e+35,-3.712850849397343e+21,-0.0,13256233.0,0.0,0.0,0.0,0.0,0,1.3516416376850534e+27,225,0.0,450,-74360974999552.0,-1814069632.0,2112,13107,17110,0,17112,13107,17095,0,0,0,101,100,100,0.0,64.0,0.0,64.8,-0.0,64.0,1,49,50,180,0,0,0,0,0.0,0.0,0.0,60.0,0.0,71.0,0.0,0.0,0.0,1069,0,1070,0,0,0,1070,0,1080,0,996,0,643,0,645,0,640,0,690,0.032,7.968993439842526e+21,-0.0,0.0,63632,16813,0.176,0.0,-3.613,-530063008.0,3.8232005807419655e+21,-0.0,50.0,60.0,35,0.0,0.0,10.0,2.0,0.0,0.0,0.0,0.0,0.0,0.0,0.0,0.0,0.0,0.0,0.0,0.0,59.2,54,11,65509,26,65476,0,300,0,0,8,20529,65476,0,0,30147,60.0,0.0,10.0,10.0,2.0,0.0
2026-02-16T12:14:20,ERR,ERR,ERR,ERR,ERR,ERR,ERR,ERR,ERR,ERR,ERR,ERR,ERR,ERR,ERR,ERR,ERR,ERR,ERR,ERR,ERR,ERR,ERR,ERR,ERR,ERR,ERR,ERR,ERR,ERR,ERR,ERR,ERR,ERR,ERR,ERR,ERR,ERR,ERR,ERR,ERR,ERR,ERR,ERR,ERR,ERR,ERR,ERR,ERR,ERR,ERR,ERR,ERR,ERR,ERR,ERR,ERR,ERR,ERR,ERR,ERR,ERR,ERR,ERR,ERR,ERR,ERR,ERR,ERR,ERR,ERR,ERR,ERR,ERR,ERR,ERR,ERR,ERR,ERR,ERR,ERR,ERR,ERR,ERR,ERR,ERR,ERR,ERR,ERR,ERR,ERR,ERR,ERR,ERR,ERR,ERR,ERR,ERR,ERR,ERR,ERR,ERR,ERR,ERR,ERR,ERR,ERR,ERR,ERR,ERR,ERR,ERR,ERR,ERR,ERR,ERR,ERR,ERR,ERR,ERR,ERR,ERR,ERR,ERR,ERR,2.718442270659078e+23,-0.0,0.0,0.0,17630591188992.0,-214276.328,-0.0,-6.133549159907867e+21,4300,0,8,17165,4300,-0.0,38,0.0,0.0,0.0,0.0,-4.925046184806267e+32,0,0,0,0,0.0,0,0,0,0,0,0,0,0,0,0,0,0,0,0,0,0,0,0,0,0,0,0,0,0,0,0,0,0,0,0,0,0,0,9,38,37,47,65476,414,65476,1,0,4,21553,0.0,0.0,120452.18,0.0,0.0,0.0,0.0,0.0,0.0,0.0,0.0,0.0,0.0,0.0,0.0,0.0,0.0,0.0,0.0,0.0,0.0,2.004,-0.0,-0.0,-0.0,3.697077062071222e+19,0.0,0.0,0.0,0.0,6530.0,1.0406713229691606e+34,0.0,0.0,-0.0,0.0,-0.0,0.0,0.0,2.004,2.004,225,-71.629,-1.9056958870913024e+17,0.0,0.0,0.0,0.0,0.0,0.0,0.0,0,0,0,-22.908,-1040488071168.0,0.0,-0.0,2.079107215410165e+37,5.35810369916748e+30,60.068,4.2109030877633163e+21,-6.523458734538554e+35,-3.712850849397343e+21,-0.0,13256233.0,0.0,0.0,0.0,0.0,0,1.3516416376850534e+27,225,0.0,450,-74360974999552.0,-1814069632.0,2112,13107,17110,0,17112,13107,17095,0,0,0,101,100,100,0.0,64.0,0.0,64.8,-0.0,64.0,1,49,50,180,52429,0,0,0,0.0,0.0,0.0,60.0,268980672.0,71.0,0.0,-7.1205963348392175e+22,0.0,1069,0,1070,0,0,0,1070,0,1080,0,996,0,643,0,645,0,640,0,689,0.032,8.042780416137365e+21,2.004,-107615304.0,56720,16813,268980672.0,-7.1205963348392175e+22,-0.0,-97388440.0,3248228.5,6.914,50.0,60.0,35,0.0,0.0,10.0,2.0,0.0,0.0,0.0,0.0,0.0,0.0,0.0,0.0,0.0,0.0,0.0,0.0,58.8,54,11,65509,26,65476,0,300,0,0,8,20529,65476,0,0,30147,60.0,0.0,10.0,10.0,2.0,0.0
2026-02-16T12:14:21,ERR,ERR,ERR,ERR,ERR,ERR,ERR,ERR,ERR,ERR,ERR,ERR,ERR,ERR,ERR,ERR,ERR,ERR,ERR,ERR,ERR,ERR,ERR,ERR,ERR,ERR,ERR,ERR,ERR,ERR,ERR,ERR,ERR,ERR,ERR,ERR,ERR,ERR,ERR,ERR,ERR,ERR,ERR,ERR,ERR,ERR,ERR,ERR,ERR,ERR,ERR,ERR,ERR,ERR,ERR,ERR,ERR,ERR,ERR,ERR,ERR,ERR,ERR,ERR,ERR,ERR,ERR,ERR,ERR,ERR,ERR,ERR,ERR,ERR,ERR,ERR,ERR,ERR,ERR,ERR,ERR,ERR,ERR,ERR,ERR,ERR,ERR,ERR,ERR,ERR,ERR,ERR,ERR,ERR,ERR,ERR,ERR,ERR,ERR,ERR,ERR,ERR,ERR,ERR,ERR,ERR,ERR,ERR,ERR,ERR,ERR,ERR,ERR,ERR,ERR,ERR,ERR,ERR,ERR,ERR,ERR,ERR,ERR,ERR,ERR,2.718442270659078e+23,-0.0,0.0,0.0,17630591188992.0,-214276.328,-0.0,-6.133549159907867e+21,4300,0,8,17165,4300,-0.0,38,0.0,0.0,0.0,0.0,-4.925046184806267e+32,0,0,0,0,0.0,0,0,0,0,0,0,0,0,0,0,0,0,0,0,0,0,0,0,0,0,0,0,0,0,0,0,0,0,0,0,0,0,0,9,38,37,47,65476,414,65476,1,0,4,21553,0.0,0.0,120452.18,0.0,0.0,0.0,0.0,0.0,0.0,0.0,0.0,0.0,0.0,0.0,0.0,0.0,0.0,0.0,0.0,0.0,0.0,2.004,-0.0,-0.0,-0.0,3.697077062071222e+19,0.0,0.0,0.0,0.0,6530.0,1.0406713229691606e+34,0.0,0.0,-0.0,0.0,-0.0,0.0,0.0,2.004,2.004,225,-71.629,-1.9056958870913024e+17,0.0,0.0,0.0,0.0,0.0,0.0,0.0,0,0,0,-22.908,-1040488071168.0,0.0,-0.0,2.079107215410165e+37,5.35810369916748e+30,60.068,4.2109030877633163e+21,-6.523458734538554e+35,-3.712850849397343e+21,-0.0,13256233.0,0.0,0.0,0.0,0.0,0,1.3516416376850534e+27,225,0.0,450,-74360974999552.0,-1814069632.0,2112,13107,17110,0,17112,13107,17095,0,0,0,101,100,100,0.0,64.0,0.0,64.8,-0.0,64.0,1,49,50,180,52429,0,0,0,0.0,0.0,0.0,60.0,268980672.0,71.0,0.0,-7.1205963348392175e+22,0.0,1069,0,1070,0,0,0,1070,0,1080,0,996,0,643,0,645,0,640,0,689,0.032,8.042780416137365e+21,2.004,-107615304.0,56720,16813,268980672.0,-7.1205963348392175e+22,-0.0,-97388440.0,3248228.5,6.914,50.0,60.0,35,0.0,0.0,10.0,2.0,0.0,0.0,0.0,0.0,0.0,0.0,0.0,0.0,0.0,0.0,0.0,0.0,58.8,54,11,65509,26,65476,0,300,0,0,8,20529,65476,0,0,30147,60.0,0.0,10.0,10.0,2.0,0.0
2026-02-16T12:14:22,ERR,ERR,ERR,ERR,ERR,ERR,ERR,ERR,ERR,ERR,ERR,ERR,ERR,ERR,ERR,ERR,ERR,ERR,ERR,ERR,ERR,ERR,ERR,ERR,ERR,ERR,ERR,ERR,ERR,ERR,ERR,ERR,ERR,ERR,ERR,ERR,ERR,ERR,ERR,ERR,ERR,ERR,ERR,ERR,ERR,ERR,ERR,ERR,ERR,ERR,ERR,ERR,ERR,ERR,ERR,ERR,ERR,ERR,ERR,ERR,ERR,ERR,ERR,ERR,ERR,ERR,ERR,ERR,ERR,ERR,ERR,ERR,ERR,ERR,ERR,ERR,ERR,ERR,ERR,ERR,ERR,ERR,ERR,ERR,ERR,ERR,ERR,ERR,ERR,ERR,ERR,ERR,ERR,ERR,ERR,ERR,ERR,ERR,ERR,ERR,ERR,ERR,ERR,ERR,ERR,ERR,ERR,ERR,ERR,ERR,ERR,ERR,ERR,ERR,ERR,ERR,ERR,ERR,ERR,ERR,ERR,ERR,ERR,ERR,ERR,2.718442270659078e+23,-0.0,0.0,0.0,17630591188992.0,-214276.328,-0.0,-6.133549159907867e+21,4300,0,8,17165,4300,-0.0,38,0.0,0.0,0.0,0.0,-4.925046184806267e+32,0,0,0,0,0.0,0,0,0,0,0,0,0,0,0,0,0,0,0,0,0,0,0,0,0,0,0,0,0,0,0,0,0,0,0,0,0,0,0,9,38,37,47,65476,414,65476,1,0,4,21553,0.0,0.0,120452.18,0.0,0.0,0.0,0.0,0.0,0.0,0.0,0.0,0.0,0.0,0.0,0.0,0.0,0.0,0.0,0.0,0.0,0.0,2.004,-0.0,-0.0,-0.0,3.697077062071222e+19,0.0,0.0,0.0,0.0,6530.0,1.0406713229691606e+34,0.0,0.0,-0.0,0.0,-0.0,0.0,0.0,2.004,2.004,225,-71.629,-1.9056958870913024e+17,0.0,0.0,0.0,0.0,0.0,0.0,0.0,0,0,0,-22.908,-1040488071168.0,0.0,-0.0,2.079107215410165e+37,5.35810369916748e+30,60.068,4.2109030877633163e+21,-6.523458734538554e+35,-3.712850849397343e+21,-0.0,13256233.0,0.0,0.0,0.0,0.0,0,1.3516416376850534e+27,225,0.0,450,-74360974999552.0,-1814069632.0,2112,13107,17110,0,17112,13107,17095,0,0,0,101,100,100,0.0,64.0,0.0,64.8,-0.0,64.0,1,49,50,180,52429,0,0,0,0.0,0.0,0.0,60.0,268980672.0,71.0,0.0,-7.1205963348392175e+22,0.0,1069,0,1070,0,0,0,1070,0,1080,0,996,0,643,0,645,0,640,0,689,0.032,8.042780416137365e+21,2.004,-107615304.0,56720,16813,268980672.0,-7.1205963348392175e+22,-0.0,-97388440.0,3248228.5,6.914,50.0,60.0,35,0.0,0.0,10.0,2.0,0.0,0.0,0.0,0.0,0.0,0.0,0.0,0.0,0.0,0.0,0.0,0.0,58.8,53,12,65509,26,65476,0,300,0,0,8,20529,65476,0,0,30147,60.0,0.0,10.0,10.0,2.0,0.0
2026-02-16T12:14:23,ERR,ERR,ERR,ERR,ERR,ERR,ERR,ERR,ERR,ERR,ERR,ERR,ERR,ERR,ERR,ERR,ERR,ERR,ERR,ERR,ERR,ERR,ERR,ERR,ERR,ERR,ERR,ERR,ERR,ERR,ERR,ERR,ERR,ERR,ERR,ERR,ERR,ERR,ERR,ERR,ERR,ERR,ERR,ERR,ERR,ERR,ERR,ERR,ERR,ERR,ERR,ERR,ERR,ERR,ERR,ERR,ERR,ERR,ERR,ERR,ERR,ERR,ERR,ERR,ERR,ERR,ERR,ERR,ERR,ERR,ERR,ERR,ERR,ERR,ERR,ERR,ERR,ERR,ERR,ERR,ERR,ERR,ERR,ERR,ERR,ERR,ERR,ERR,ERR,ERR,ERR,ERR,ERR,ERR,ERR,ERR,ERR,ERR,ERR,ERR,ERR,ERR,ERR,ERR,ERR,ERR,ERR,ERR,ERR,ERR,ERR,ERR,ERR,ERR,ERR,ERR,ERR,ERR,ERR,ERR,ERR,ERR,ERR,ERR,ERR,2.718442270659078e+23,-0.0,0.0,0.0,17630591188992.0,-214276.328,-0.0,-6.133549159907867e+21,4300,0,8,17165,4300,-0.0,38,0.0,0.0,0.0,0.0,-4.925046184806267e+32,0,0,0,0,0.0,0,0,0,0,0,0,0,0,0,0,0,0,0,0,0,0,0,0,0,0,0,0,0,0,0,0,0,0,0,0,0,0,0,9,38,37,47,65476,414,65476,1,0,4,21553,0.0,0.0,120452.18,0.0,0.0,0.0,0.0,0.0,0.0,0.0,0.0,0.0,0.0,0.0,0.0,0.0,0.0,0.0,0.0,0.0,0.0,2.004,-0.0,-0.0,-0.0,3.697077062071222e+19,0.0,0.0,0.0,0.0,6530.0,1.0406713229691606e+34,0.0,0.0,-0.0,0.0,-0.0,0.0,0.0,2.004,2.004,225,-71.629,-1.9056958870913024e+17,0.0,0.0,0.0,0.0,0.0,0.0,0.0,0,0,0,-22.908,-1040488071168.0,0.0,-0.0,2.079107215410165e+37,5.35810369916748e+30,60.068,4.2109030877633163e+21,-6.523458734538554e+35,-3.712850849397343e+21,-0.0,13256233.0,0.0,0.0,0.0,0.0,0,1.3516416376850534e+27,225,0.0,450,-74360974999552.0,-1814069632.0,2112,0,17110,0,17112,13107,17095,0,0,0,101,100,100,0.0,64.0,0.0,64.8,-0.0,64.0,1,49,50,180,52429,0,0,0,0.0,0.0,0.0,60.0,0.0,71.0,0.0,-1.0865167747252224e+18,0.0,1069,0,1070,0,0,0,1070,0,1080,0,996,0,643,0,645,0,640,0,688,0.032,7.968993439842526e+21,0.0,-0.0,37776,16813,0.0,0.0,-0.0,1.506,0.0,5.016135154804545e+30,50.0,60.0,35,0.0,0.0,10.0,2.0,0.0,0.0,0.0,0.0,0.0,0.0,0.0,0.0,0.0,0.0,0.0,0.0,58.8,53,12,65509,26,65476,0,300,0,0,8,20529,65476,0,0,30147,60.0,0.0,10.0,10.0,2.0,0.0
2026-02-16T12:14:24,ERR,ERR,ERR,ERR,ERR,ERR,ERR,ERR,ERR,ERR,ERR,ERR,ERR,ERR,ERR,ERR,ERR,ERR,ERR,ERR,ERR,ERR,ERR,ERR,ERR,ERR,ERR,ERR,ERR,ERR,ERR,ERR,ERR,ERR,ERR,ERR,ERR,ERR,ERR,ERR,ERR,ERR,ERR,ERR,ERR,ERR,ERR,ERR,ERR,ERR,ERR,ERR,ERR,ERR,ERR,ERR,ERR,ERR,ERR,ERR,ERR,ERR,ERR,ERR,ERR,ERR,ERR,ERR,ERR,ERR,ERR,ERR,ERR,ERR,ERR,ERR,ERR,ERR,ERR,ERR,ERR,ERR,ERR,ERR,ERR,ERR,ERR,ERR,ERR,ERR,ERR,ERR,ERR,ERR,ERR,ERR,ERR,ERR,ERR,ERR,ERR,ERR,ERR,ERR,ERR,ERR,ERR,ERR,ERR,ERR,ERR,ERR,ERR,ERR,ERR,ERR,ERR,ERR,ERR,ERR,ERR,ERR,ERR,ERR,ERR,0.0,-0.0,0.0,2.7183363459958422e+23,-0.0,-3175159040.0,-0.0,0.0,4300,0,8,17165,4300,0.0,38,0.0,0.0,2.7183363459958422e+23,0.0,-4.925046184806267e+32,0,0,0,0,0.0,0,0,0,0,0,0,0,0,0,0,0,0,0,0,0,0,0,0,0,0,0,0,0,0,0,0,0,0,0,0,0,0,0,9,38,37,46,65476,414,65476,1,0,4,21553,0.0,0.0,-0.0,0.0,0.0,0.0,0.0,0.0,0.0,0.0,0.0,0.0,0.0,0.0,0.0,0.0,0.0,0.0,0.0,0.0,0.0,2.004,3.697062548517736e+19,-0.0,-0.0,3.697077062071222e+19,0.0,0.0,0.0,0.0,6557.0,0.0,0.0,0.0,-0.0,2.7184503771384073e+23,-0.0,-0.0,0.0,2.004,2.004,226,-0.0,71.63,0.0,0.0,0.0,0.0,0.0,0.0,0.0,0,0,0,-2.526761008635052e+18,5.602,2.0528859067839193e+27,-1.5799187144234238e+19,-0.0,-0.0,4.7636263891262877e+27,-0.0,7304.784,-3.9526585223555674e+21,-0.0,14042665.0,0.0,0.0,0.0,0.0,0,1.3516416376850534e+27,226,0.0,452,0.0,5.5413446501399e+19,2112,0,17110,0,17112,13107,17095,0,0,0,101,100,100,0.0,64.0,0.0,64.8,-0.0,64.0,1,49,50,180,52429,0,0,0,0.0,0.0,0.0,60.0,0.0,71.0,0.0,-1.0865167747252224e+18,0.0,1069,0,1070,0,0,0,1070,0,1080,0,996,0,643,0,645,0,640,0,688,0.032,7.968993439842526e+21,0.0,-0.0,37776,16813,0.0,0.0,-0.0,1.506,0.0,5.016135154804545e+30,50.0,60.0,35,0.0,0.0,10.0,2.0,0.0,0.0,0.0,0.0,0.0,0.0,0.0,0.0,0.0,0.0,0.0,0.0,58.8,53,12,65509,26,65476,0,300,0,0,8,20529,65476,0,0,30147,60.0,0.0,10.0,10.0,2.0,0.0
2026-02-16T12:14:25,ERR,ERR,ERR,ERR,ERR,ERR,ERR,ERR,ERR,ERR,ERR,ERR,ERR,ERR,ERR,ERR,ERR,ERR,ERR,ERR,ERR,ERR,ERR,ERR,ERR,ERR,ERR,ERR,ERR,ERR,ERR,ERR,ERR,ERR,ERR,ERR,ERR,ERR,ERR,ERR,ERR,ERR,ERR,ERR,ERR,ERR,ERR,ERR,ERR,ERR,ERR,ERR,ERR,ERR,ERR,ERR,ERR,ERR,ERR,ERR,ERR,ERR,ERR,ERR,ERR,ERR,ERR,ERR,ERR,ERR,ERR,ERR,ERR,ERR,ERR,ERR,ERR,ERR,ERR,ERR,ERR,ERR,ERR,ERR,ERR,ERR,ERR,ERR,ERR,ERR,ERR,ERR,ERR,ERR,ERR,ERR,ERR,ERR,ERR,ERR,ERR,ERR,ERR,ERR,ERR,ERR,ERR,ERR,ERR,ERR,ERR,ERR,ERR,ERR,ERR,ERR,ERR,ERR,ERR,ERR,ERR,ERR,ERR,ERR,ERR,0.0,-0.0,0.0,2.7183363459958422e+23,-0.0,-3175159040.0,-0.0,0.0,4300,0,8,17165,4300,0.0,38,0.0,0.0,2.7183363459958422e+23,0.0,-4.925046184806267e+32,0,0,0,0,0.0,0,0,0,0,0,0,0,0,0,0,0,0,0,0,0,0,0,0,0,0,0,0,0,0,0,0,0,0,0,0,0,0,0,9,38,37,46,65476,414,65476,1,0,4,21553,0.0,0.0,-0.0,0.0,0.0,0.0,0.0,0.0,0.0,0.0,0.0,0.0,0.0,0.0,0.0,0.0,0.0,0.0,0.0,0.0,0.0,2.004,3.697062548517736e+19,-0.0,-0.0,3.697077062071222e+19,0.0,0.0,0.0,0.0,6557.0,0.0,0.0,0.0,-0.0,2.7184503771384073e+23,-0.0,-0.0,0.0,2.004,2.004,226,-0.0,71.63,0.0,0.0,0.0,0.0,0.0,0.0,0.0,0,0,0,-2.526761008635052e+18,5.602,2.0528859067839193e+27,-1.5799187144234238e+19,-0.0,-0.0,4.7636263891262877e+27,-0.0,7304.784,-3.9526585223555674e+21,-0.0,14042665.0,0.0,0.0,0.0,0.0,0,1.3516416376850534e+27,226,0.0,452,0.0,5.5413446501399e+19,2112,0,17110,0,17112,13107,17095,0,0,0,101,100,100,0.0,64.0,0.0,64.8,-0.0,64.0,1,49,50,180,52429,0,0,0,0.0,0.0,0.0,60.0,0.0,71.0,0.0,-1.0865167747252224e+18,0.0,1069,0,1070,0,0,0,1070,0,1080,0,996,0,643,0,645,0,640,0,688,0.032,7.968993439842526e+21,0.0,-0.0,37776,16813,0.0,0.0,-0.0,1.506,0.0,5.016135154804545e+30,50.0,60.0,35,0.0,0.0,10.0,2.0,0.0,0.0,0.0,0.0,0.0,0.0,0.0,0.0,0.0,0.0,0.0,0.0,59.2,53,12,65509,26,65476,0,300,0,0,8,20529,65476,0,0,30147,60.0,0.0,10.0,10.0,2.0,0.0
2026-02-16T12:14:26,ERR,ERR,ERR,ERR,ERR,ERR,ERR,ERR,ERR,ERR,ERR,ERR,ERR,ERR,ERR,ERR,ERR,ERR,ERR,ERR,ERR,ERR,ERR,ERR,ERR,ERR,ERR,ERR,ERR,ERR,ERR,ERR,ERR,ERR,ERR,ERR,ERR,ERR,ERR,ERR,ERR,ERR,ERR,ERR,ERR,ERR,ERR,ERR,ERR,ERR,ERR,ERR,ERR,ERR,ERR,ERR,ERR,ERR,ERR,ERR,ERR,ERR,ERR,ERR,ERR,ERR,ERR,ERR,ERR,ERR,ERR,ERR,ERR,ERR,ERR,ERR,ERR,ERR,ERR,ERR,ERR,ERR,ERR,ERR,ERR,ERR,ERR,ERR,ERR,ERR,ERR,ERR,ERR,ERR,ERR,ERR,ERR,ERR,ERR,ERR,ERR,ERR,ERR,ERR,ERR,ERR,ERR,ERR,ERR,ERR,ERR,ERR,ERR,ERR,ERR,ERR,ERR,ERR,ERR,ERR,ERR,ERR,ERR,ERR,ERR,0.0,-0.0,0.0,2.7183363459958422e+23,-0.0,-3175159040.0,-0.0,0.0,4300,0,8,17165,4300,0.0,38,0.0,0.0,2.7183363459958422e+23,0.0,-4.925046184806267e+32,0,0,0,0,0.0,0,0,0,0,0,0,0,0,0,0,0,0,0,0,0,0,0,0,0,0,0,0,0,0,0,0,0,0,0,0,0,0,0,9,38,37,46,65476,414,65476,1,0,4,21553,0.0,0.0,-0.0,0.0,0.0,0.0,0.0,0.0,0.0,0.0,0.0,0.0,0.0,0.0,0.0,0.0,0.0,0.0,0.0,0.0,0.0,2.004,3.697062548517736e+19,-0.0,-0.0,3.697077062071222e+19,0.0,0.0,0.0,0.0,6557.0,0.0,0.0,0.0,-0.0,2.7184503771384073e+23,-0.0,-0.0,0.0,2.004,2.004,226,-0.0,71.63,0.0,0.0,0.0,0.0,0.0,0.0,0.0,0,0,0,-2.526761008635052e+18,5.602,2.0528859067839193e+27,-1.5799187144234238e+19,-0.0,-0.0,4.7636263891262877e+27,-0.0,7304.784,-3.9526585223555674e+21,-0.0,14042665.0,0.0,0.0,0.0,0.0,0,1.3516416376850534e+27,226,0.0,452,0.0,5.5413446501399e+19,2112,0,17110,0,17112,13107,17095,0,0,0,101,100,100,0.0,64.0,0.0,64.8,-0.0,64.0,1,49,50,180,52429,0,0,0,0.0,0.0,0.0,60.0,0.0,71.0,0.0,-1.0865167747252224e+18,0.0,1069,0,1070,0,0,0,1070,0,1080,0,996,0,643,0,645,0,640,0,688,0.032,7.968993439842526e+21,0.0,-0.0,37776,16813,0.0,0.0,-0.0,1.506,0.0,5.016135154804545e+30,50.0,60.0,35,0.0,0.0,10.0,2.0,0.0,0.0,0.0,0.0,0.0,0.0,0.0,0.0,0.0,0.0,0.0,0.0,59.2,53,12,65509,26,65476,0,300,0,0,8,20529,65476,0,0,30147,60.0,0.0,10.0,10.0,2.0,0.0
2026-02-16T12:14:27,ERR,ERR,ERR,ERR,ERR,ERR,ERR,ERR,ERR,ERR,ERR,ERR,ERR,ERR,ERR,ERR,ERR,ERR,ERR,ERR,ERR,ERR,ERR,ERR,ERR,ERR,ERR,ERR,ERR,ERR,ERR,ERR,ERR,ERR,ERR,ERR,ERR,ERR,ERR,ERR,ERR,ERR,ERR,ERR,ERR,ERR,ERR,ERR,ERR,ERR,ERR,ERR,ERR,ERR,ERR,ERR,ERR,ERR,ERR,ERR,ERR,ERR,ERR,ERR,ERR,ERR,ERR,ERR,ERR,ERR,ERR,ERR,ERR,ERR,ERR,ERR,ERR,ERR,ERR,ERR,ERR,ERR,ERR,ERR,ERR,ERR,ERR,ERR,ERR,ERR,ERR,ERR,ERR,ERR,ERR,ERR,ERR,ERR,ERR,ERR,ERR,ERR,ERR,ERR,ERR,ERR,ERR,ERR,ERR,ERR,ERR,ERR,ERR,ERR,ERR,ERR,ERR,ERR,ERR,ERR,ERR,ERR,ERR,ERR,ERR,0.0,-0.0,0.0,2.7183363459958422e+23,-0.0,-3175159040.0,-0.0,0.0,4300,0,8,17165,4300,0.0,38,0.0,0.0,2.7183363459958422e+23,0.0,-4.925046184806267e+32,0,0,0,0,0.0,0,0,0,0,0,0,0,0,0,0,0,0,0,0,0,0,0,0,0,0,0,0,0,0,0,0,0,0,0,0,0,0,0,9,38,37,46,65476,414,65476,1,0,4,21553,0.0,0.0,-0.0,0.0,0.0,0.0,0.0,0.0,0.0,0.0,0.0,0.0,0.0,0.0,0.0,0.0,0.0,0.0,0.0,0.0,0.0,2.004,3.697062548517736e+19,-0.0,-0.0,3.697077062071222e+19,0.0,0.0,0.0,0.0,6557.0,0.0,0.0,0.0,-0.0,2.7184503771384073e+23,-0.0,-0.0,0.0,2.004,2.004,226,-0.0,71.63,0.0,0.0,0.0,0.0,0.0,0.0,0.0,0,0,0,-2.526761008635052e+18,5.602,2.0528859067839193e+27,-1.5799187144234238e+19,-0.0,-0.0,4.7636263891262877e+27,-0.0,7304.784,-3.9526585223555674e+21,-0.0,14042665.0,0.0,0.0,0.0,0.0,0,1.3516416376850534e+27,226,0.0,452,0.0,5.5413446501399e+19,2112,0,17110,0,17112,13107,17095,0,0,0,101,100,100,0.0,64.0,0.0,64.8,-0.0,64.0,1,49,50,180,52429,0,0,0,0.0,0.0,0.0,60.0,0.0,71.0,0.0,-0.0,0.0,1069,0,1070,0,0,0,1070,0,1080,0,996,0,643,0,645,0,640,0,687,0.032,8.005886927989945e+21,-2.004,2.7302350363553402e+23,52368,16813,0.007,-0.0,-1.1450971053063434e+30,-1302.03,-9.891,-0.0,50.0,60.0,35,0.0,0.0,10.0,2.0,0.0,0.0,0.0,0.0,0.0,0.0,0.0,0.0,0.0,0.0,0.0,0.0,58.8,53,12,65509,26,65476,0,300,0,0,8,20529,65476,0,0,30147,60.0,0.0,10.0,10.0,2.0,0.0
2026-02-16T12:14:28,ERR,ERR,ERR,ERR,ERR,ERR,ERR,ERR,ERR,ERR,ERR,ERR,ERR,ERR,ERR,ERR,ERR,ERR,ERR,ERR,ERR,ERR,ERR,ERR,ERR,ERR,ERR,ERR,ERR,ERR,ERR,ERR,ERR,ERR,ERR,ERR,ERR,ERR,ERR,ERR,ERR,ERR,ERR,ERR,ERR,ERR,ERR,ERR,ERR,ERR,ERR,ERR,ERR,ERR,ERR,ERR,ERR,ERR,ERR,ERR,ERR,ERR,ERR,ERR,ERR,ERR,ERR,ERR,ERR,ERR,ERR,ERR,ERR,ERR,ERR,ERR,ERR,ERR,ERR,ERR,ERR,ERR,ERR,ERR,ERR,ERR,ERR,ERR,ERR,ERR,ERR,ERR,ERR,ERR,ERR,ERR,ERR,ERR,ERR,ERR,ERR,ERR,ERR,ERR,ERR,ERR,ERR,ERR,ERR,ERR,ERR,ERR,ERR,ERR,ERR,ERR,ERR,ERR,ERR,ERR,ERR,ERR,ERR,ERR,ERR,0.0,-0.0,0.0,2.7183363459958422e+23,-0.0,-3175159040.0,-0.0,0.0,4300,0,8,17165,4300,0.0,38,0.0,0.0,2.7183363459958422e+23,0.0,-4.925046184806267e+32,0,0,0,0,0.0,0,0,0,0,0,0,0,0,0,0,0,0,0,0,0,0,0,0,0,0,0,0,0,0,0,0,0,0,0,0,0,0,0,9,38,37,46,65476,414,65476,1,0,4,21553,0.0,0.0,-0.0,0.0,0.0,0.0,0.0,0.0,0.0,0.0,0.0,0.0,0.0,0.0,0.0,0.0,0.0,0.0,0.0,0.0,0.0,2.004,3.697062548517736e+19,-0.0,-0.0,3.697077062071222e+19,0.0,0.0,0.0,0.0,6557.0,0.0,0.0,0.0,-0.0,2.7184503771384073e+23,-0.0,-0.0,0.0,2.004,2.004,226,-0.0,71.63,0.0,0.0,0.0,0.0,0.0,0.0,0.0,0,0,0,-2.526761008635052e+18,5.602,2.0528859067839193e+27,-1.5799187144234238e+19,-0.0,-0.0,4.7636263891262877e+27,-0.0,7304.784,-3.9526585223555674e+21,-0.0,14042665.0,0.0,0.0,0.0,0.0,0,1.3516416376850534e+27,226,0.0,452,0.0,5.5413446501399e+19,2112,0,17110,0,17112,13107,17095,0,0,0,101,100,100,0.0,64.0,0.0,64.8,-0.0,64.0,1,49,50,180,52429,0,0,0,0.0,0.0,0.0,60.0,0.0,71.0,0.0,-0.0,0.0,1069,0,1070,0,0,0,1070,0,1080,0,996,0,643,0,645,0,640,0,687,0.032,8.005886927989945e+21,-2.004,2.7302350363553402e+23,52368,16813,0.007,-0.0,-1.1450971053063434e+30,-1302.03,-9.891,-0.0,50.0,60.0,35,0.0,0.0,10.0,2.0,0.0,0.0,0.0,0.0,0.0,0.0,0.0,0.0,0.0,0.0,0.0,0.0,58.8,53,12,65509,26,65476,0,300,0,0,8,20529,65476,0,0,30147,60.0,0.0,10.0,10.0,2.0,0.0
2026-02-16T12:14:29,ERR,ERR,ERR,ERR,ERR,ERR,ERR,ERR,ERR,ERR,ERR,ERR,ERR,ERR,ERR,ERR,ERR,ERR,ERR,ERR,ERR,ERR,ERR,ERR,ERR,ERR,ERR,ERR,ERR,ERR,ERR,ERR,ERR,ERR,ERR,ERR,ERR,ERR,ERR,ERR,ERR,ERR,ERR,ERR,ERR,ERR,ERR,ERR,ERR,ERR,ERR,ERR,ERR,ERR,ERR,ERR,ERR,ERR,ERR,ERR,ERR,ERR,ERR,ERR,ERR,ERR,ERR,ERR,ERR,ERR,ERR,ERR,ERR,ERR,ERR,ERR,ERR,ERR,ERR,ERR,ERR,ERR,ERR,ERR,ERR,ERR,ERR,ERR,ERR,ERR,ERR,ERR,ERR,ERR,ERR,ERR,ERR,ERR,ERR,ERR,ERR,ERR,ERR,ERR,ERR,ERR,ERR,ERR,ERR,ERR,ERR,ERR,ERR,ERR,ERR,ERR,ERR,ERR,ERR,ERR,ERR,ERR,ERR,ERR,ERR,2.718442270659078e+23,-0.0,-0.0,0.0,-0.008,-1.1302601853958043e+30,-1420000384.0,0.0,4300,0,8,17165,4300,-0.0,39,0.0,0.0,0.0,0.0,-4.925046184806267e+32,0,0,0,0,0.0,0,0,0,0,0,0,0,0,0,0,0,0,0,0,0,0,0,0,0,0,0,0,0,0,0,0,0,0,0,0,0,0,0,9,38,37,46,65476,406,65476,1,0,4,21553,0.0,-0.0,0.0,0.0,0.0,0.0,0.0,0.0,0.0,0.0,0.0,0.0,0.0,0.0,0.0,0.0,0.0,0.0,0.0,0.0,0.0,2.004,3.697062548517736e+19,-0.0,-0.0,0.0,0.0,0.0,0.0,0.0,6589.0,1.0406714467631646e+34,0.0,2.718442270659078e+23,-0.0,-0.0,107616280.0,0.0,0.0,2.004,2.004,226,-0.0,-0.0,0.0,0.0,0.0,0.0,0.0,0.0,0.0,0,0,0,-0.013,-0.097,94509952.0,-0.0,1.7267737720060975e+23,-0.0,-0.0,-2066624.625,-0.0,-4.1924661953137916e+21,-0.0,14894633.0,0.0,0.0,0.0,0.0,0,1.3516416376850534e+27,225,0.0,450,0.0,-20512.51,2112,0,17110,0,17112,13107,17095,0,0,0,101,100,100,0.0,64.0,0.0,64.8,-0.0,64.0,1,49,50,180,52429,0,0,0,0.0,0.0,0.0,60.0,0.0,71.0,0.0,-0.0,0.0,1069,0,1070,0,0,0,1070,0,1080,0,996,0,643,0,645,0,640,0,687,0.032,8.005886927989945e+21,-2.004,2.7302350363553402e+23,52368,16813,0.007,-0.0,-1.1450971053063434e+30,-1302.03,-9.891,-0.0,50.0,60.0,35,0.0,0.0,10.0,2.0,0.0,0.0,0.0,0.0,0.0,0.0,0.0,0.0,0.0,0.0,0.0,0.0,58.8,53,12,65509,26,65476,0,300,0,0,8,20529,65476,0,0,30147,60.0,0.0,10.0,10.0,2.0,0.0
2026-02-16T12:14:30,ERR,ERR,ERR,ERR,ERR,ERR,ERR,ERR,ERR,ERR,ERR,ERR,ERR,ERR,ERR,ERR,ERR,ERR,ERR,ERR,ERR,ERR,ERR,ERR,ERR,ERR,ERR,ERR,ERR,ERR,ERR,ERR,ERR,ERR,ERR,ERR,ERR,ERR,ERR,ERR,ERR,ERR,ERR,ERR,ERR,ERR,ERR,ERR,ERR,ERR,ERR,ERR,ERR,ERR,ERR,ERR,ERR,ERR,ERR,ERR,ERR,ERR,ERR,ERR,ERR,ERR,ERR,ERR,ERR,ERR,ERR,ERR,ERR,ERR,ERR,ERR,ERR,ERR,ERR,ERR,ERR,ERR,ERR,ERR,ERR,ERR,ERR,ERR,ERR,ERR,ERR,ERR,ERR,ERR,ERR,ERR,ERR,ERR,ERR,ERR,ERR,ERR,ERR,ERR,ERR,ERR,ERR,ERR,ERR,ERR,ERR,ERR,ERR,ERR,ERR,ERR,ERR,ERR,ERR,ERR,ERR,ERR,ERR,ERR,ERR,2.718442270659078e+23,-0.0,-0.0,0.0,-0.008,-1.1302601853958043e+30,-1420000384.0,0.0,4300,0,8,17165,4300,-0.0,39,0.0,0.0,0.0,0.0,-4.925046184806267e+32,0,0,0,0,0.0,0,0,0,0,0,0,0,0,0,0,0,0,0,0,0,0,0,0,0,0,0,0,0,0,0,0,0,0,0,0,0,0,0,9,38,37,46,65476,406,65476,1,0,4,21553,0.0,-0.0,0.0,0.0,0.0,0.0,0.0,0.0,0.0,0.0,0.0,0.0,0.0,0.0,0.0,0.0,0.0,0.0,0.0,0.0,0.0,2.004,3.697062548517736e+19,-0.0,-0.0,0.0,0.0,0.0,0.0,0.0,6589.0,1.0406714467631646e+34,0.0,2.718442270659078e+23,-0.0,-0.0,107616280.0,0.0,0.0,2.004,2.004,226,-0.0,-0.0,0.0,0.0,0.0,0.0,0.0,0.0,0.0,0,0,0,-0.013,-0.097,94509952.0,-0.0,1.7267737720060975e+23,-0.0,-0.0,-2066624.625,-0.0,-4.1924661953137916e+21,-0.0,14894633.0,0.0,0.0,0.0,0.0,0,1.3516416376850534e+27,225,0.0,450,0.0,-20512.51,2112,0,17110,0,17112,26215,17095,0,0,0,101,100,100,0.0,64.0,0.0,64.8,-0.0,64.0,1,49,50,180,52429,0,0,0,0.0,0.0,0.0,60.0,48.065,71.0,0.0,5.297476228402381e+17,0.0,1069,0,1070,0,0,0,1070,0,1080,0,997,0,643,0,645,0,640,0,685,0.032,7.968993439842526e+21,-0.0,0.0,4240,16814,48.065,5.297476228402381e+17,-1762.004,0.0,-0.0,1.9430716528029886e+31,50.0,60.0,35,0.0,0.0,10.0,2.0,0.0,0.0,0.0,0.0,0.0,0.0,0.0,0.0,0.0,0.0,0.0,0.0,59.2,53,12,65509,26,65476,0,300,0,0,8,20529,65476,0,0,30147,60.0,0.0,10.0,10.0,2.0,0.0
2026-02-16T12:14:31,ERR,ERR,ERR,ERR,ERR,ERR,ERR,ERR,ERR,ERR,ERR,ERR,ERR,ERR,ERR,ERR,ERR,ERR,ERR,ERR,ERR,ERR,ERR,ERR,ERR,ERR,ERR,ERR,ERR,ERR,ERR,ERR,ERR,ERR,ERR,ERR,ERR,ERR,ERR,ERR,ERR,ERR,ERR,ERR,ERR,ERR,ERR,ERR,ERR,ERR,ERR,ERR,ERR,ERR,ERR,ERR,ERR,ERR,ERR,ERR,ERR,ERR,ERR,ERR,ERR,ERR,ERR,ERR,ERR,ERR,ERR,ERR,ERR,ERR,ERR,ERR,ERR,ERR,ERR,ERR,ERR,ERR,ERR,ERR,ERR,ERR,ERR,ERR,ERR,ERR,ERR,ERR,ERR,ERR,ERR,ERR,ERR,ERR,ERR,ERR,ERR,ERR,ERR,ERR,ERR,ERR,ERR,ERR,ERR,ERR,ERR,ERR,ERR,ERR,ERR,ERR,ERR,ERR,ERR,ERR,ERR,ERR,ERR,ERR,ERR,2.718442270659078e+23,-0.0,-0.0,0.0,-0.008,-1.1302601853958043e+30,-1420000384.0,0.0,4300,0,8,17165,4300,-0.0,39,0.0,0.0,0.0,0.0,-4.925046184806267e+32,0,0,0,0,0.0,0,0,0,0,0,0,0,0,0,0,0,0,0,0,0,0,0,0,0,0,0,0,0,0,0,0,0,0,0,0,0,0,0,9,38,37,46,65476,406,65476,1,0,4,21553,0.0,-0.0,0.0,0.0,0.0,0.0,0.0,0.0,0.0,0.0,0.0,0.0,0.0,0.0,0.0,0.0,0.0,0.0,0.0,0.0,0.0,2.004,3.697062548517736e+19,-0.0,-0.0,0.0,0.0,0.0,0.0,0.0,6589.0,1.0406714467631646e+34,0.0,2.718442270659078e+23,-0.0,-0.0,107616280.0,0.0,0.0,2.004,2.004,226,-0.0,-0.0,0.0,0.0,0.0,0.0,0.0,0.0,0.0,0,0,0,-0.013,-0.097,94509952.0,-0.0,1.7267737720060975e+23,-0.0,-0.0,-2066624.625,-0.0,-4.1924661953137916e+21,-0.0,14894633.0,0.0,0.0,0.0,0.0,0,1.3516416376850534e+27,225,0.0,450,0.0,-20512.51,2112,0,17110,0,17112,26215,17095,0,0,0,101,100,100,0.0,64.0,0.0,64.8,-0.0,64.0,1,49,50,180,52429,0,0,0,0.0,0.0,0.0,60.0,48.065,71.0,0.0,5.297476228402381e+17,0.0,1069,0,1070,0,0,0,1070,0,1080,0,997,0,643,0,645,0,640,0,685,0.032,7.968993439842526e+21,-0.0,0.0,4240,16814,48.065,5.297476228402381e+17,-1762.004,0.0,-0.0,1.9430716528029886e+31,50.0,60.0,35,0.0,0.0,10.0,2.0,0.0,0.0,0.0,0.0,0.0,0.0,0.0,0.0,0.0,0.0,0.0,0.0,59.2,53,12,65509,26,65476,0,300,0,0,8,20529,65476,0,0,30147,60.0,0.0,10.0,10.0,2.0,0.0
2026-02-16T12:14:32,ERR,ERR,ERR,ERR,ERR,ERR,ERR,ERR,ERR,ERR,ERR,ERR,ERR,ERR,ERR,ERR,ERR,ERR,ERR,ERR,ERR,ERR,ERR,ERR,ERR,ERR,ERR,ERR,ERR,ERR,ERR,ERR,ERR,ERR,ERR,ERR,ERR,ERR,ERR,ERR,ERR,ERR,ERR,ERR,ERR,ERR,ERR,ERR,ERR,ERR,ERR,ERR,ERR,ERR,ERR,ERR,ERR,ERR,ERR,ERR,ERR,ERR,ERR,ERR,ERR,ERR,ERR,ERR,ERR,ERR,ERR,ERR,ERR,ERR,ERR,ERR,ERR,ERR,ERR,ERR,ERR,ERR,ERR,ERR,ERR,ERR,ERR,ERR,ERR,ERR,ERR,ERR,ERR,ERR,ERR,ERR,ERR,ERR,ERR,ERR,ERR,ERR,ERR,ERR,ERR,ERR,ERR,ERR,ERR,ERR,ERR,ERR,ERR,ERR,ERR,ERR,ERR,ERR,ERR,ERR,ERR,ERR,ERR,ERR,ERR,2.718442270659078e+23,-0.0,-0.0,0.0,-0.008,-1.1302601853958043e+30,-1420000384.0,0.0,4300,0,8,17165,4300,-0.0,39,0.0,0.0,0.0,0.0,-4.925046184806267e+32,0,0,0,0,0.0,0,0,0,0,0,0,0,0,0,0,0,0,0,0,0,0,0,0,0,0,0,0,0,0,0,0,0,0,0,0,0,0,0,9,38,37,46,65476,406,65476,1,0,4,21553,0.0,-0.0,0.0,0.0,0.0,0.0,0.0,0.0,0.0,0.0,0.0,0.0,0.0,0.0,0.0,0.0,0.0,0.0,0.0,0.0,0.0,2.004,3.697062548517736e+19,-0.0,-0.0,0.0,0.0,0.0,0.0,0.0,6589.0,1.0406714467631646e+34,0.0,2.718442270659078e+23,-0.0,-0.0,107616280.0,0.0,0.0,2.004,2.004,226,-0.0,-0.0,0.0,0.0,0.0,0.0,0.0,0.0,0.0,0,0,0,-0.013,-0.097,94509952.0,-0.0,1.7267737720060975e+23,-0.0,-0.0,-2066624.625,-0.0,-4.1924661953137916e+21,-0.0,14894633.0,0.0,0.0,0.0,0.0,0,1.3516416376850534e+27,225,0.0,450,0.0,-20512.51,2112,0,17110,0,17112,26215,17095,0,0,0,101,100,100,0.0,64.0,0.0,64.8,-0.0,64.0,1,49,50,180,52429,0,0,0,0.0,0.0,0.0,60.0,48.065,71.0,0.0,5.297476228402381e+17,0.0,1069,0,1070,0,0,0,1070,0,1080,0,997,0,643,0,645,0,640,0,685,0.032,7.968993439842526e+21,-0.0,0.0,4240,16814,48.065,5.297476228402381e+17,-1762.004,0.0,-0.0,1.9430716528029886e+31,50.0,60.0,35,0.0,0.0,10.0,2.0,0.0,0.0,0.0,0.0,0.0,0.0,0.0,0.0,0.0,0.0,0.0,0.0,58.8,53,12,65509,26,65476,0,300,0,0,8,20529,65476,0,0,30147,60.0,0.0,10.0,10.0,2.0,0.0
2026-02-16T12:14:33,ERR,ERR,ERR,ERR,ERR,ERR,ERR,ERR,ERR,ERR,ERR,ERR,ERR,ERR,ERR,ERR,ERR,ERR,ERR,ERR,ERR,ERR,ERR,ERR,ERR,ERR,ERR,ERR,ERR,ERR,ERR,ERR,ERR,ERR,ERR,ERR,ERR,ERR,ERR,ERR,ERR,ERR,ERR,ERR,ERR,ERR,ERR,ERR,ERR,ERR,ERR,ERR,ERR,ERR,ERR,ERR,ERR,ERR,ERR,ERR,ERR,ERR,ERR,ERR,ERR,ERR,ERR,ERR,ERR,ERR,ERR,ERR,ERR,ERR,ERR,ERR,ERR,ERR,ERR,ERR,ERR,ERR,ERR,ERR,ERR,ERR,ERR,ERR,ERR,ERR,ERR,ERR,ERR,ERR,ERR,ERR,ERR,ERR,ERR,ERR,ERR,ERR,ERR,ERR,ERR,ERR,ERR,ERR,ERR,ERR,ERR,ERR,ERR,ERR,ERR,ERR,ERR,ERR,ERR,ERR,ERR,ERR,ERR,ERR,ERR,2.718442270659078e+23,-0.0,-0.0,0.0,-0.008,0.0,-6.624405220278254e+23,0.0,4300,0,8,17165,4300,14654989402112.0,40,0.0,0.0,0.0,0.0,-4.925046184806267e+32,0,0,0,0,0.0,0,0,0,0,0,0,0,0,0,0,0,0,0,0,0,0,0,0,0,0,0,0,0,0,0,0,0,0,0,0,0,0,0,9,38,37,46,65476,404,65476,1,0,4,21553,0.0,0.0,-0.0,0.0,0.0,0.0,0.0,0.0,0.0,0.0,0.0,0.0,0.0,0.0,0.0,0.0,0.0,0.0,0.0,0.0,0.0,2.004,3.697062548517736e+19,-0.0,-2.004,-3.697076622266571e+19,0.0,0.0,0.0,0.0,6591.0,-564149121712128.0,0.0,2.718442270659078e+23,-0.0,-107616248.0,0.0,0.0,0.0,2.004,2.004,227,-0.0,-0.059,0.0,0.0,0.0,0.0,0.0,0.0,0.0,0,0,0,-2.582,3829526016.0,23457.719,1268842368.0,4.519558366837264e+24,-3206309050580992.0,-0.0,-0.0,0.0,-4.413827124198306e+21,-0.0,15746601.0,0.0,0.0,0.0,-0.0,0,1.3516416376850534e+27,227,0.0,454,2.40156025918058e+36,599251620986880.0,2112,13107,17110,0,17112,26215,17095,0,0,0,101,100,100,0.0,64.0,0.0,64.8,-0.0,64.0,1,49,50,180,52429,0,0,0,0.0,0.0,0.0,60.0,262272155648.0,71.0,0.0,0.0,0.0,1069,0,1070,0,0,0,1071,0,1080,0,997,0,643,0,645,0,640,0,684,0.032,8.005886927989945e+21,2.004,0.0,53136,16813,48.065,0.0,8.373123213532804e+19,-0.0,12.766,-1.2182128457893481e+33,50.0,60.0,35,0.0,0.0,10.0,2.0,0.0,0.0,0.0,0.0,0.0,0.0,0.0,0.0,0.0,0.0,0.0,0.0,58.8,53,12,65509,26,65476,0,300,0,0,8,20529,65476,0,0,30147,60.0,0.0,10.0,10.0,2.0,0.0
2026-02-16T12:14:34,ERR,ERR,ERR,ERR,ERR,ERR,ERR,ERR,ERR,ERR,ERR,ERR,ERR,ERR,ERR,ERR,ERR,ERR,ERR,ERR,ERR,ERR,ERR,ERR,ERR,ERR,ERR,ERR,ERR,ERR,ERR,ERR,ERR,ERR,ERR,ERR,ERR,ERR,ERR,ERR,ERR,ERR,ERR,ERR,ERR,ERR,ERR,ERR,ERR,ERR,ERR,ERR,ERR,ERR,ERR,ERR,ERR,ERR,ERR,ERR,ERR,ERR,ERR,ERR,ERR,ERR,ERR,ERR,ERR,ERR,ERR,ERR,ERR,ERR,ERR,ERR,ERR,ERR,ERR,ERR,ERR,ERR,ERR,ERR,ERR,ERR,ERR,ERR,ERR,ERR,ERR,ERR,ERR,ERR,ERR,ERR,ERR,ERR,ERR,ERR,ERR,ERR,ERR,ERR,ERR,ERR,ERR,ERR,ERR,ERR,ERR,ERR,ERR,ERR,ERR,ERR,ERR,ERR,ERR,ERR,ERR,ERR,ERR,ERR,ERR,2.718442270659078e+23,-0.0,-0.0,0.0,-0.008,0.0,-6.624405220278254e+23,0.0,4300,0,8,17165,4300,14654989402112.0,40,0.0,0.0,0.0,0.0,-4.925046184806267e+32,0,0,0,0,0.0,0,0,0,0,0,0,0,0,0,0,0,0,0,0,0,0,0,0,0,0,0,0,0,0,0,0,0,0,0,0,0,0,0,9,38,37,46,65476,404,65476,1,0,4,21553,0.0,0.0,-0.0,0.0,0.0,0.0,0.0,0.0,0.0,0.0,0.0,0.0,0.0,0.0,0.0,0.0,0.0,0.0,0.0,0.0,0.0,2.004,3.697062548517736e+19,-0.0,-2.004,-3.697076622266571e+19,0.0,0.0,0.0,0.0,6591.0,-564149121712128.0,0.0,2.718442270659078e+23,-0.0,-107616248.0,0.0,0.0,0.0,2.004,2.004,227,-0.0,-0.059,0.0,0.0,0.0,0.0,0.0,0.0,0.0,0,0,0,-2.582,3829526016.0,23457.719,1268842368.0,4.519558366837264e+24,-3206309050580992.0,-0.0,-0.0,0.0,-4.413827124198306e+21,-0.0,15746601.0,0.0,0.0,0.0,-0.0,0,1.3516416376850534e+27,227,0.0,454,2.40156025918058e+36,599251620986880.0,2112,13107,17110,0,17112,26215,17095,0,0,0,101,100,100,0.0,64.0,0.0,64.8,-0.0,64.0,1,49,50,180,52429,0,0,0,0.0,0.0,0.0,60.0,262272155648.0,71.0,0.0,0.0,0.0,1069,0,1070,0,0,0,1071,0,1080,0,997,0,643,0,645,0,640,0,684,0.032,8.005886927989945e+21,2.004,0.0,53136,16813,48.065,0.0,8.373123213532804e+19,-0.0,12.766,-1.2182128457893481e+33,50.0,60.0,35,0.0,0.0,10.0,2.0,0.0,0.0,0.0,0.0,0.0,0.0,0.0,0.0,0.0,0.0,0.0,0.0,58.8,53,12,65509,26,65476,0,300,0,0,8,20529,65476,0,0,30147,60.0,0.0,10.0,10.0,2.0,0.0
2026-02-16T12:14:35,ERR,ERR,ERR,ERR,ERR,ERR,ERR,ERR,ERR,ERR,ERR,ERR,ERR,ERR,ERR,ERR,ERR,ERR,ERR,ERR,ERR,ERR,ERR,ERR,ERR,ERR,ERR,ERR,ERR,ERR,ERR,ERR,ERR,ERR,ERR,ERR,ERR,ERR,ERR,ERR,ERR,ERR,ERR,ERR,ERR,ERR,ERR,ERR,ERR,ERR,ERR,ERR,ERR,ERR,ERR,ERR,ERR,ERR,ERR,ERR,ERR,ERR,ERR,ERR,ERR,ERR,ERR,ERR,ERR,ERR,ERR,ERR,ERR,ERR,ERR,ERR,ERR,ERR,ERR,ERR,ERR,ERR,ERR,ERR,ERR,ERR,ERR,ERR,ERR,ERR,ERR,ERR,ERR,ERR,ERR,ERR,ERR,ERR,ERR,ERR,ERR,ERR,ERR,ERR,ERR,ERR,ERR,ERR,ERR,ERR,ERR,ERR,ERR,ERR,ERR,ERR,ERR,ERR,ERR,ERR,ERR,ERR,ERR,ERR,ERR,2.718442270659078e+23,-0.0,-0.0,0.0,-0.008,0.0,-6.624405220278254e+23,0.0,4300,0,8,17165,4300,14654989402112.0,40,0.0,0.0,0.0,0.0,-4.925046184806267e+32,0,0,0,0,0.0,0,0,0,0,0,0,0,0,0,0,0,0,0,0,0,0,0,0,0,0,0,0,0,0,0,0,0,0,0,0,0,0,0,9,38,37,46,65476,404,65476,1,0,4,21553,0.0,0.0,-0.0,0.0,0.0,0.0,0.0,0.0,0.0,0.0,0.0,0.0,0.0,0.0,0.0,0.0,0.0,0.0,0.0,0.0,0.0,2.004,3.697062548517736e+19,-0.0,-2.004,-3.697076622266571e+19,0.0,0.0,0.0,0.0,6591.0,-564149121712128.0,0.0,2.718442270659078e+23,-0.0,-107616248.0,0.0,0.0,0.0,2.004,2.004,227,-0.0,-0.059,0.0,0.0,0.0,0.0,0.0,0.0,0.0,0,0,0,-2.582,3829526016.0,23457.719,1268842368.0,4.519558366837264e+24,-3206309050580992.0,-0.0,-0.0,0.0,-4.413827124198306e+21,-0.0,15746601.0,0.0,0.0,0.0,-0.0,0,1.3516416376850534e+27,227,0.0,454,2.40156025918058e+36,599251620986880.0,2112,13107,17110,0,17112,26215,17095,0,0,0,101,100,100,0.0,64.0,0.0,64.8,-0.0,64.0,1,49,50,180,52429,0,0,0,0.0,0.0,0.0,60.0,262272155648.0,71.0,0.0,0.0,0.0,1069,0,1070,0,0,0,1071,0,1080,0,997,0,643,0,645,0,640,0,684,0.032,8.005886927989945e+21,2.004,0.0,53136,16813,48.065,0.0,8.373123213532804e+19,-0.0,12.766,-1.2182128457893481e+33,50.0,60.0,35,0.0,0.0,10.0,2.0,0.0,0.0,0.0,0.0,0.0,0.0,0.0,0.0,0.0,0.0,0.0,0.0,58.8,53,12,65509,26,65476,0,300,0,0,8,20529,65476,0,0,30147,60.0,0.0,10.0,10.0,2.0,0.0
2026-02-16T12:14:36,ERR,ERR,ERR,ERR,ERR,ERR,ERR,ERR,ERR,ERR,ERR,ERR,ERR,ERR,ERR,ERR,ERR,ERR,ERR,ERR,ERR,ERR,ERR,ERR,ERR,ERR,ERR,ERR,ERR,ERR,ERR,ERR,ERR,ERR,ERR,ERR,ERR,ERR,ERR,ERR,ERR,ERR,ERR,ERR,ERR,ERR,ERR,ERR,ERR,ERR,ERR,ERR,ERR,ERR,ERR,ERR,ERR,ERR,ERR,ERR,ERR,ERR,ERR,ERR,ERR,ERR,ERR,ERR,ERR,ERR,ERR,ERR,ERR,ERR,ERR,ERR,ERR,ERR,ERR,ERR,ERR,ERR,ERR,ERR,ERR,ERR,ERR,ERR,ERR,ERR,ERR,ERR,ERR,ERR,ERR,ERR,ERR,ERR,ERR,ERR,ERR,ERR,ERR,ERR,ERR,ERR,ERR,ERR,ERR,ERR,ERR,ERR,ERR,ERR,ERR,ERR,ERR,ERR,ERR,ERR,ERR,ERR,ERR,ERR,ERR,2.718442270659078e+23,-0.0,-0.0,0.0,-0.008,0.0,-6.624405220278254e+23,0.0,4300,0,8,17165,4300,14654989402112.0,40,0.0,0.0,0.0,0.0,-4.925046184806267e+32,0,0,0,0,0.0,0,0,0,0,0,0,0,0,0,0,0,0,0,0,0,0,0,0,0,0,0,0,0,0,0,0,0,0,0,0,0,0,0,9,38,37,46,65476,404,65476,1,0,4,21553,0.0,0.0,-0.0,0.0,0.0,0.0,0.0,0.0,0.0,0.0,0.0,0.0,0.0,0.0,0.0,0.0,0.0,0.0,0.0,0.0,0.0,2.004,3.697062548517736e+19,-0.0,-2.004,-3.697076622266571e+19,0.0,0.0,0.0,0.0,6591.0,-564149121712128.0,0.0,2.718442270659078e+23,-0.0,-107616248.0,0.0,0.0,0.0,2.004,2.004,227,-0.0,-0.059,0.0,0.0,0.0,0.0,0.0,0.0,0.0,0,0,0,-2.582,3829526016.0,23457.719,1268842368.0,4.519558366837264e+24,-3206309050580992.0,-0.0,-0.0,0.0,-4.413827124198306e+21,-0.0,15746601.0,0.0,0.0,0.0,-0.0,0,1.3516416376850534e+27,227,0.0,454,2.40156025918058e+36,599251620986880.0,2112,13107,17110,0,17112,26215,17095,0,0,0,101,100,100,0.0,64.0,0.0,64.8,-0.0,64.0,1,49,50,180,52429,0,0,0,0.0,0.0,0.0,60.0,262272155648.0,71.0,0.0,0.0,0.0,1069,0,1070,0,0,0,1071,0,1080,0,997,0,643,0,645,0,640,0,684,0.032,8.005886927989945e+21,2.004,0.0,53136,16813,48.065,0.0,8.373123213532804e+19,-0.0,12.766,-1.2182128457893481e+33,50.0,60.0,35,0.0,0.0,10.0,2.0,0.0,0.0,0.0,0.0,0.0,0.0,0.0,0.0,0.0,0.0,0.0,0.0,58.8,53,12,65509,26,65476,0,300,0,0,8,20529,65476,0,0,30147,60.0,0.0,10.0,10.0,2.0,0.0
2026-02-16T12:14:37,ERR,ERR,ERR,ERR,ERR,ERR,ERR,ERR,ERR,ERR,ERR,ERR,ERR,ERR,ERR,ERR,ERR,ERR,ERR,ERR,ERR,ERR,ERR,ERR,ERR,ERR,ERR,ERR,ERR,ERR,ERR,ERR,ERR,ERR,ERR,ERR,ERR,ERR,ERR,ERR,ERR,ERR,ERR,ERR,ERR,ERR,ERR,ERR,ERR,ERR,ERR,ERR,ERR,ERR,ERR,ERR,ERR,ERR,ERR,ERR,ERR,ERR,ERR,ERR,ERR,ERR,ERR,ERR,ERR,ERR,ERR,ERR,ERR,ERR,ERR,ERR,ERR,ERR,ERR,ERR,ERR,ERR,ERR,ERR,ERR,ERR,ERR,ERR,ERR,ERR,ERR,ERR,ERR,ERR,ERR,ERR,ERR,ERR,ERR,ERR,ERR,ERR,ERR,ERR,ERR,ERR,ERR,ERR,ERR,ERR,ERR,ERR,ERR,ERR,ERR,ERR,ERR,ERR,ERR,ERR,ERR,ERR,ERR,ERR,ERR,2.718442270659078e+23,-0.0,-0.0,0.0,-0.008,0.0,-6.624405220278254e+23,0.0,4300,0,8,17165,4300,14654989402112.0,40,0.0,0.0,0.0,0.0,-4.925046184806267e+32,0,0,0,0,0.0,0,0,0,0,0,0,0,0,0,0,0,0,0,0,0,0,0,0,0,0,0,0,0,0,0,0,0,0,0,0,0,0,0,9,38,37,46,65476,404,65476,1,0,4,21553,0.0,0.0,-0.0,0.0,0.0,0.0,0.0,0.0,0.0,0.0,0.0,0.0,0.0,0.0,0.0,0.0,0.0,0.0,0.0,0.0,0.0,2.004,3.697062548517736e+19,-0.0,-2.004,-3.697076622266571e+19,0.0,0.0,0.0,0.0,6591.0,-564149121712128.0,0.0,2.718442270659078e+23,-0.0,-107616248.0,0.0,0.0,0.0,2.004,2.004,227,-0.0,-0.059,0.0,0.0,0.0,0.0,0.0,0.0,0.0,0,0,0,-2.582,3829526016.0,23457.719,1268842368.0,4.519558366837264e+24,-3206309050580992.0,-0.0,-0.0,0.0,-4.413827124198306e+21,-0.0,15746601.0,0.0,0.0,0.0,-0.0,0,1.3516416376850534e+27,227,0.0,454,2.40156025918058e+36,599251620986880.0,2114,0,17110,0,17112,26215,17095,0,0,0,101,100,100,0.0,64.0,0.0,64.9,-107615232.0,64.0,1,49,50,180,52429,0,0,0,0.0,0.0,0.0,60.0,0.0,71.0,0.0,-8.989250136579236e+37,0.0,1069,0,1070,0,0,0,1071,0,1080,0,997,0,643,0,645,0,640,0,683,0.032,7.968993439842526e+21,-2.004,-0.0,55952,16813,0.007,-8.989250136579236e+37,0.0,0.0,0.0,-66125856.0,50.0,60.0,35,0.0,0.0,10.0,2.0,0.0,0.0,0.0,0.0,0.0,0.0,0.0,0.0,0.0,0.0,0.0,0.0,58.8,53,12,65509,26,65476,0,300,0,0,8,20529,65476,0,0,30147,60.0,0.0,10.0,10.0,2.0,0.0
2026-02-16T12:14:38,ERR,ERR,ERR,ERR,ERR,ERR,ERR,ERR,ERR,ERR,ERR,ERR,ERR,ERR,ERR,ERR,ERR,ERR,ERR,ERR,ERR,ERR,ERR,ERR,ERR,ERR,ERR,ERR,ERR,ERR,ERR,ERR,ERR,ERR,ERR,ERR,ERR,ERR,ERR,ERR,ERR,ERR,ERR,ERR,ERR,ERR,ERR,ERR,ERR,ERR,ERR,ERR,ERR,ERR,ERR,ERR,ERR,ERR,ERR,ERR,ERR,ERR,ERR,ERR,ERR,ERR,ERR,ERR,ERR,ERR,ERR,ERR,ERR,ERR,ERR,ERR,ERR,ERR,ERR,ERR,ERR,ERR,ERR,ERR,ERR,ERR,ERR,ERR,ERR,ERR,ERR,ERR,ERR,ERR,ERR,ERR,ERR,ERR,ERR,ERR,ERR,ERR,ERR,ERR,ERR,ERR,ERR,ERR,ERR,ERR,ERR,ERR,ERR,ERR,ERR,ERR,ERR,ERR,ERR,ERR,ERR,ERR,ERR,ERR,ERR,0.0,-0.0,2.718406241862059e+23,0.0,-0.0,-1.9385713611250864e+24,-0.342,0.0,4300,0,8,17165,4300,14654993596416.0,40,0.0,0.0,0.0,0.0,-4.925046184806267e+32,0,0,0,0,0.0,0,0,0,0,0,0,0,0,0,0,0,0,0,0,0,0,0,0,0,0,0,0,0,0,0,0,0,0,0,0,0,0,0,8,38,37,46,65476,400,65476,1,0,4,21553,0.0,-0.0,810584000.0,0.0,0.0,0.0,0.0,0.0,0.0,0.0,0.0,0.0,0.0,0.0,0.0,0.0,0.0,0.0,0.0,0.0,0.0,2.004,3.697062548517736e+19,-0.0,-3.697074863047967e+19,-2.004,0.0,0.0,0.0,0.0,6589.0,0.0,0.0,0.0,-0.0,-107616248.0,0.0,0.0,0.0,2.004,2.004,228,-0.0,-3.2220245344017747e+26,0.0,0.0,0.0,0.0,0.0,0.0,0.0,0,0,0,-0.0,6.503429019445422e+32,1302444032.0,4.4504208414955285e+21,9585520.0,-0.0,9.421897868164045e+29,0.0,-0.0,-4.6536347971565304e+21,-0.0,16598569.0,0.0,0.0,0.0,-775142544244736.0,0,1.3516416376850534e+27,228,0.0,456,2.40156025918058e+36,599251620986880.0,2114,0,17110,0,17112,26215,17095,0,0,0,101,100,100,0.0,64.0,0.0,64.9,-107615232.0,64.0,1,49,50,180,52429,0,0,0,0.0,0.0,0.0,60.0,0.0,71.0,0.0,-8.989250136579236e+37,0.0,1069,0,1070,0,0,0,1071,0,1080,0,997,0,643,0,645,0,640,0,683,0.032,7.968993439842526e+21,-2.004,-0.0,55952,16813,0.007,-8.989250136579236e+37,0.0,0.0,0.0,-66125856.0,50.0,60.0,35,0.0,0.0,10.0,2.0,0.0,0.0,0.0,0.0,0.0,0.0,0.0,0.0,0.0,0.0,0.0,0.0,58.8,53,12,65509,26,65476,0,300,0,0,8,20529,65476,0,0,30147,60.0,0.0,10.0,10.0,2.0,0.0
2026-02-16T12:14:39,ERR,ERR,ERR,ERR,ERR,ERR,ERR,ERR,ERR,ERR,ERR,ERR,ERR,ERR,ERR,ERR,ERR,ERR,ERR,ERR,ERR,ERR,ERR,ERR,ERR,ERR,ERR,ERR,ERR,ERR,ERR,ERR,ERR,ERR,ERR,ERR,ERR,ERR,ERR,ERR,ERR,ERR,ERR,ERR,ERR,ERR,ERR,ERR,ERR,ERR,ERR,ERR,ERR,ERR,ERR,ERR,ERR,ERR,ERR,ERR,ERR,ERR,ERR,ERR,ERR,ERR,ERR,ERR,ERR,ERR,ERR,ERR,ERR,ERR,ERR,ERR,ERR,ERR,ERR,ERR,ERR,ERR,ERR,ERR,ERR,ERR,ERR,ERR,ERR,ERR,ERR,ERR,ERR,ERR,ERR,ERR,ERR,ERR,ERR,ERR,ERR,ERR,ERR,ERR,ERR,ERR,ERR,ERR,ERR,ERR,ERR,ERR,ERR,ERR,ERR,ERR,ERR,ERR,ERR,ERR,ERR,ERR,ERR,ERR,ERR,0.0,-0.0,2.718406241862059e+23,0.0,-0.0,-1.9385713611250864e+24,-0.342,0.0,4300,0,8,17165,4300,14654993596416.0,40,0.0,0.0,0.0,0.0,-4.925046184806267e+32,0,0,0,0,0.0,0,0,0,0,0,0,0,0,0,0,0,0,0,0,0,0,0,0,0,0,0,0,0,0,0,0,0,0,0,0,0,0,0,8,38,37,46,65476,400,65476,1,0,4,21553,0.0,-0.0,810584000.0,0.0,0.0,0.0,0.0,0.0,0.0,0.0,0.0,0.0,0.0,0.0,0.0,0.0,0.0,0.0,0.0,0.0,0.0,2.004,3.697062548517736e+19,-0.0,-3.697074863047967e+19,-2.004,0.0,0.0,0.0,0.0,6589.0,0.0,0.0,0.0,-0.0,-107616248.0,0.0,0.0,0.0,2.004,2.004,228,-0.0,-3.2220245344017747e+26,0.0,0.0,0.0,0.0,0.0,0.0,0.0,0,0,0,-0.0,6.503429019445422e+32,1302444032.0,4.4504208414955285e+21,9585520.0,-0.0,9.421897868164045e+29,0.0,-0.0,-4.6536347971565304e+21,-0.0,16598569.0,0.0,0.0,0.0,-775142544244736.0,0,1.3516416376850534e+27,228,0.0,456,2.40156025918058e+36,599251620986880.0,2114,0,17110,0,17112,26215,17095,0,0,0,101,100,100,0.0,64.0,0.0,64.9,-107615232.0,64.0,1,49,50,180,52429,0,0,0,0.0,0.0,0.0,60.0,0.0,71.0,0.0,-8.989250136579236e+37,0.0,1069,0,1070,0,0,0,1071,0,1080,0,997,0,643,0,645,0,640,0,683,0.032,7.968993439842526e+21,-2.004,-0.0,55952,16813,0.007,-8.989250136579236e+37,0.0,0.0,0.0,-66125856.0,50.0,60.0,35,0.0,0.0,10.0,2.0,0.0,0.0,0.0,0.0,0.0,0.0,0.0,0.0,0.0,0.0,0.0,0.0,58.8,53,12,65509,26,65476,0,300,0,0,8,20529,65476,0,0,30147,60.0,0.0,10.0,10.0,2.0,0.0
2026-02-16T12:14:40,ERR,ERR,ERR,ERR,ERR,ERR,ERR,ERR,ERR,ERR,ERR,ERR,ERR,ERR,ERR,ERR,ERR,ERR,ERR,ERR,ERR,ERR,ERR,ERR,ERR,ERR,ERR,ERR,ERR,ERR,ERR,ERR,ERR,ERR,ERR,ERR,ERR,ERR,ERR,ERR,ERR,ERR,ERR,ERR,ERR,ERR,ERR,ERR,ERR,ERR,ERR,ERR,ERR,ERR,ERR,ERR,ERR,ERR,ERR,ERR,ERR,ERR,ERR,ERR,ERR,ERR,ERR,ERR,ERR,ERR,ERR,ERR,ERR,ERR,ERR,ERR,ERR,ERR,ERR,ERR,ERR,ERR,ERR,ERR,ERR,ERR,ERR,ERR,ERR,ERR,ERR,ERR,ERR,ERR,ERR,ERR,ERR,ERR,ERR,ERR,ERR,ERR,ERR,ERR,ERR,ERR,ERR,ERR,ERR,ERR,ERR,ERR,ERR,ERR,ERR,ERR,ERR,ERR,ERR,ERR,ERR,ERR,ERR,ERR,ERR,0.0,-0.0,2.718406241862059e+23,0.0,-0.0,-1.9385713611250864e+24,-0.342,0.0,4300,0,8,17165,4300,14654993596416.0,40,0.0,0.0,0.0,0.0,-4.925046184806267e+32,0,0,0,0,0.0,0,0,0,0,0,0,0,0,0,0,0,0,0,0,0,0,0,0,0,0,0,0,0,0,0,0,0,0,0,0,0,0,0,8,38,37,46,65476,400,65476,1,0,4,21553,0.0,-0.0,810584000.0,0.0,0.0,0.0,0.0,0.0,0.0,0.0,0.0,0.0,0.0,0.0,0.0,0.0,0.0,0.0,0.0,0.0,0.0,2.004,3.697062548517736e+19,-0.0,-3.697074863047967e+19,-2.004,0.0,0.0,0.0,0.0,6589.0,0.0,0.0,0.0,-0.0,-107616248.0,0.0,0.0,0.0,2.004,2.004,228,-0.0,-3.2220245344017747e+26,0.0,0.0,0.0,0.0,0.0,0.0,0.0,0,0,0,-0.0,6.503429019445422e+32,1302444032.0,4.4504208414955285e+21,9585520.0,-0.0,9.421897868164045e+29,0.0,-0.0,-4.6536347971565304e+21,-0.0,16598569.0,0.0,0.0,0.0,-775142544244736.0,0,1.3516416376850534e+27,228,0.0,456,2.40156025918058e+36,599251620986880.0,2114,0,17110,0,17112,26215,17095,0,0,0,101,100,100,0.0,64.0,0.0,64.9,-107615232.0,64.0,1,49,50,180,52429,0,0,0,0.0,0.0,0.0,60.0,0.0,71.0,0.0,-8.989250136579236e+37,0.0,1069,0,1070,0,0,0,1071,0,1080,0,997,0,643,0,645,0,640,0,683,0.032,7.968993439842526e+21,-2.004,-0.0,55952,16813,0.007,-8.989250136579236e+37,0.0,0.0,0.0,-66125856.0,50.0,60.0,35,0.0,0.0,10.0,2.0,0.0,0.0,0.0,0.0,0.0,0.0,0.0,0.0,0.0,0.0,0.0,0.0,58.8,53,12,65509,26,65476,0,300,0,0,8,20529,65476,0,0,30147,60.0,0.0,10.0,10.0,2.0,0.0
2026-02-16T12:14:41,ERR,ERR,ERR,ERR,ERR,ERR,ERR,ERR,ERR,ERR,ERR,ERR,ERR,ERR,ERR,ERR,ERR,ERR,ERR,ERR,ERR,ERR,ERR,ERR,ERR,ERR,ERR,ERR,ERR,ERR,ERR,ERR,ERR,ERR,ERR,ERR,ERR,ERR,ERR,ERR,ERR,ERR,ERR,ERR,ERR,ERR,ERR,ERR,ERR,ERR,ERR,ERR,ERR,ERR,ERR,ERR,ERR,ERR,ERR,ERR,ERR,ERR,ERR,ERR,ERR,ERR,ERR,ERR,ERR,ERR,ERR,ERR,ERR,ERR,ERR,ERR,ERR,ERR,ERR,ERR,ERR,ERR,ERR,ERR,ERR,ERR,ERR,ERR,ERR,ERR,ERR,ERR,ERR,ERR,ERR,ERR,ERR,ERR,ERR,ERR,ERR,ERR,ERR,ERR,ERR,ERR,ERR,ERR,ERR,ERR,ERR,ERR,ERR,ERR,ERR,ERR,ERR,ERR,ERR,ERR,ERR,ERR,ERR,ERR,ERR,0.0,-0.0,2.718406241862059e+23,0.0,-0.0,-1.9385713611250864e+24,-0.342,0.0,4300,0,8,17165,4300,14654993596416.0,40,0.0,0.0,0.0,0.0,-4.925046184806267e+32,0,0,0,0,0.0,0,0,0,0,0,0,0,0,0,0,0,0,0,0,0,0,0,0,0,0,0,0,0,0,0,0,0,0,0,0,0,0,0,8,38,37,46,65476,400,65476,1,0,4,21553,0.0,-0.0,810584000.0,0.0,0.0,0.0,0.0,0.0,0.0,0.0,0.0,0.0,0.0,0.0,0.0,0.0,0.0,0.0,0.0,0.0,0.0,2.004,3.697062548517736e+19,-0.0,-3.697074863047967e+19,-2.004,0.0,0.0,0.0,0.0,6589.0,0.0,0.0,0.0,-0.0,-107616248.0,0.0,0.0,0.0,2.004,2.004,228,-0.0,-3.2220245344017747e+26,0.0,0.0,0.0,0.0,0.0,0.0,0.0,0,0,0,-0.0,6.503429019445422e+32,1302444032.0,4.4504208414955285e+21,9585520.0,-0.0,9.421897868164045e+29,0.0,-0.0,-4.6536347971565304e+21,-0.0,16598569.0,0.0,0.0,0.0,-775142544244736.0,0,1.3516416376850534e+27,228,0.0,456,2.40156025918058e+36,599251620986880.0,2114,0,17110,0,17112,26215,17095,0,0,0,101,100,100,0.0,64.0,0.0,64.8,-0.0,64.0,1,49,50,180,52429,0,0,0,0.0,0.0,0.0,60.0,3575971.5,71.0,0.0,-0.0,0.0,1069,0,1070,0,0,0,1071,0,1080,0,997,0,643,0,645,0,640,0,681,0.032,7.968993439842526e+21,-0.0,2.730234856211355e+23,65296,16813,22449254400.0,-0.0,0.0,0.0,0.0,-27295760.0,50.0,60.0,35,0.0,0.0,10.0,2.0,0.0,0.0,0.0,0.0,0.0,0.0,0.0,0.0,0.0,0.0,0.0,0.0,58.8,53,12,65509,26,65476,0,300,0,0,8,20529,65476,0,0,30147,60.0,0.0,10.0,10.0,2.0,0.0
2026-02-16T12:14:42,ERR,ERR,ERR,ERR,ERR,ERR,ERR,ERR,ERR,ERR,ERR,ERR,ERR,ERR,ERR,ERR,ERR,ERR,ERR,ERR,ERR,ERR,ERR,ERR,ERR,ERR,ERR,ERR,ERR,ERR,ERR,ERR,ERR,ERR,ERR,ERR,ERR,ERR,ERR,ERR,ERR,ERR,ERR,ERR,ERR,ERR,ERR,ERR,ERR,ERR,ERR,ERR,ERR,ERR,ERR,ERR,ERR,ERR,ERR,ERR,ERR,ERR,ERR,ERR,ERR,ERR,ERR,ERR,ERR,ERR,ERR,ERR,ERR,ERR,ERR,ERR,ERR,ERR,ERR,ERR,ERR,ERR,ERR,ERR,ERR,ERR,ERR,ERR,ERR,ERR,ERR,ERR,ERR,ERR,ERR,ERR,ERR,ERR,ERR,ERR,ERR,ERR,ERR,ERR,ERR,ERR,ERR,ERR,ERR,ERR,ERR,ERR,ERR,ERR,ERR,ERR,ERR,ERR,ERR,ERR,ERR,ERR,ERR,ERR,ERR,0.0,-0.0,2.718406241862059e+23,0.0,-0.0,-1.9385713611250864e+24,-0.342,0.0,4300,0,8,17165,4300,14654993596416.0,40,0.0,0.0,0.0,0.0,-4.925046184806267e+32,0,0,0,0,0.0,0,0,0,0,0,0,0,0,0,0,0,0,0,0,0,0,0,0,0,0,0,0,0,0,0,0,0,0,0,0,0,0,0,8,38,37,46,65476,400,65476,1,0,4,21553,0.0,-0.0,810584000.0,0.0,0.0,0.0,0.0,0.0,0.0,0.0,0.0,0.0,0.0,0.0,0.0,0.0,0.0,0.0,0.0,0.0,0.0,2.004,3.697062548517736e+19,-0.0,-3.697074863047967e+19,-2.004,0.0,0.0,0.0,0.0,6589.0,0.0,0.0,0.0,-0.0,-107616248.0,0.0,0.0,0.0,2.004,2.004,228,-0.0,-3.2220245344017747e+26,0.0,0.0,0.0,0.0,0.0,0.0,0.0,0,0,0,-0.0,6.503429019445422e+32,1302444032.0,4.4504208414955285e+21,9585520.0,-0.0,9.421897868164045e+29,0.0,-0.0,-4.6536347971565304e+21,-0.0,16598569.0,0.0,0.0,0.0,-775142544244736.0,0,1.3516416376850534e+27,228,0.0,456,2.40156025918058e+36,599251620986880.0,2114,0,17110,0,17112,26215,17095,0,0,0,101,100,100,0.0,64.0,0.0,64.8,-0.0,64.0,1,49,50,180,52429,0,0,0,0.0,0.0,0.0,60.0,3575971.5,71.0,0.0,-0.0,0.0,1069,0,1070,0,0,0,1071,0,1080,0,997,0,643,0,645,0,640,0,681,0.032,7.968993439842526e+21,-0.0,2.730234856211355e+23,65296,16813,22449254400.0,-0.0,0.0,0.0,0.0,-27295760.0,50.0,60.0,35,0.0,0.0,10.0,2.0,0.0,0.0,0.0,0.0,0.0,0.0,0.0,0.0,0.0,0.0,0.0,0.0,58.8,53,12,65509,26,65476,0,300,0,0,8,20529,65476,0,0,30147,60.0,0.0,10.0,10.0,2.0,0.0
2026-02-16T12:14:43,ERR,ERR,ERR,ERR,ERR,ERR,ERR,ERR,ERR,ERR,ERR,ERR,ERR,ERR,ERR,ERR,ERR,ERR,ERR,ERR,ERR,ERR,ERR,ERR,ERR,ERR,ERR,ERR,ERR,ERR,ERR,ERR,ERR,ERR,ERR,ERR,ERR,ERR,ERR,ERR,ERR,ERR,ERR,ERR,ERR,ERR,ERR,ERR,ERR,ERR,ERR,ERR,ERR,ERR,ERR,ERR,ERR,ERR,ERR,ERR,ERR,ERR,ERR,ERR,ERR,ERR,ERR,ERR,ERR,ERR,ERR,ERR,ERR,ERR,ERR,ERR,ERR,ERR,ERR,ERR,ERR,ERR,ERR,ERR,ERR,ERR,ERR,ERR,ERR,ERR,ERR,ERR,ERR,ERR,ERR,ERR,ERR,ERR,ERR,ERR,ERR,ERR,ERR,ERR,ERR,ERR,ERR,ERR,ERR,ERR,ERR,ERR,ERR,ERR,ERR,ERR,ERR,ERR,ERR,ERR,ERR,ERR,ERR,ERR,ERR,0.0,-107616344.0,-108138576.0,0.0,-8.002010337344158e+28,0.0,-5.206153450222372e+31,29392924.0,4300,0,8,17166,4300,14654993596416.0,40,0.0,0.0,0.0,0.0,-4.925046184806267e+32,0,0,0,0,0.0,0,0,0,0,0,0,0,0,0,0,0,0,0,0,0,0,0,0,0,0,0,0,0,0,0,0,0,0,0,0,0,0,0,8,38,37,46,65476,400,65476,1,0,4,21553,0.0,-0.0,0.0,0.0,0.0,0.0,0.0,0.0,0.0,0.0,0.0,0.0,0.0,0.0,0.0,0.0,0.0,0.0,0.0,0.0,0.0,2.004,3.697062548517736e+19,-2.004,0.0,-0.0,0.0,0.0,0.0,0.0,6592.0,1.587938797847242e+29,0.0,0.0,-107616344.0,0.0,-107616272.0,-0.0,0.0,2.004,2.004,228,-0.0,0.0,0.0,0.0,0.0,0.0,0.0,0.0,0.0,0,0,0,-0.004,-64577.926,8363892736.0,-1.2934614082621657e+31,23125949415424.0,487079392.0,8594617180094464.0,-1.8103036387023053e+21,1.2292403483171975e+21,-5.027624969212445e+21,-0.0,18123858.0,0.0,0.0,0.0,-6823838.0,0,1.3516416376850534e+27,228,0.0,456,2.40156025918058e+36,-0.235,2114,0,17110,0,17112,26215,17095,0,0,0,101,100,100,0.0,64.0,0.0,64.8,-0.0,64.0,1,49,50,180,52429,0,0,0,0.0,0.0,0.0,60.0,3575971.5,71.0,0.0,-0.0,0.0,1069,0,1070,0,0,0,1071,0,1080,0,997,0,643,0,645,0,640,0,681,0.032,7.968993439842526e+21,-0.0,2.730234856211355e+23,65296,16813,22449254400.0,-0.0,0.0,0.0,0.0,-27295760.0,50.0,60.0,35,0.0,0.0,10.0,2.0,0.0,0.0,0.0,0.0,0.0,0.0,0.0,0.0,0.0,0.0,0.0,0.0,58.8,53,12,65509,26,65476,0,300,0,0,8,20529,65476,0,0,30147,60.0,0.0,10.0,10.0,2.0,0.0
2026-02-16T12:14:44,ERR,ERR,ERR,ERR,ERR,ERR,ERR,ERR,ERR,ERR,ERR,ERR,ERR,ERR,ERR,ERR,ERR,ERR,ERR,ERR,ERR,ERR,ERR,ERR,ERR,ERR,ERR,ERR,ERR,ERR,ERR,ERR,ERR,ERR,ERR,ERR,ERR,ERR,ERR,ERR,ERR,ERR,ERR,ERR,ERR,ERR,ERR,ERR,ERR,ERR,ERR,ERR,ERR,ERR,ERR,ERR,ERR,ERR,ERR,ERR,ERR,ERR,ERR,ERR,ERR,ERR,ERR,ERR,ERR,ERR,ERR,ERR,ERR,ERR,ERR,ERR,ERR,ERR,ERR,ERR,ERR,ERR,ERR,ERR,ERR,ERR,ERR,ERR,ERR,ERR,ERR,ERR,ERR,ERR,ERR,ERR,ERR,ERR,ERR,ERR,ERR,ERR,ERR,ERR,ERR,ERR,ERR,ERR,ERR,ERR,ERR,ERR,ERR,ERR,ERR,ERR,ERR,ERR,ERR,ERR,ERR,ERR,ERR,ERR,ERR,0.0,-107616344.0,-108138576.0,0.0,-8.002010337344158e+28,0.0,-5.206153450222372e+31,29392924.0,4300,0,8,17166,4300,14654993596416.0,40,0.0,0.0,0.0,0.0,-4.925046184806267e+32,0,0,0,0,0.0,0,0,0,0,0,0,0,0,0,0,0,0,0,0,0,0,0,0,0,0,0,0,0,0,0,0,0,0,0,0,0,0,0,8,38,37,46,65476,400,65476,1,0,4,21553,0.0,-0.0,0.0,0.0,0.0,0.0,0.0,0.0,0.0,0.0,0.0,0.0,0.0,0.0,0.0,0.0,0.0,0.0,0.0,0.0,0.0,2.004,3.697062548517736e+19,-2.004,0.0,-0.0,0.0,0.0,0.0,0.0,6592.0,1.587938797847242e+29,0.0,0.0,-107616344.0,0.0,-107616272.0,-0.0,0.0,2.004,2.004,228,-0.0,0.0,0.0,0.0,0.0,0.0,0.0,0.0,0.0,0,0,0,-0.004,-64577.926,8363892736.0,-1.2934614082621657e+31,23125949415424.0,487079392.0,8594617180094464.0,-1.8103036387023053e+21,1.2292403483171975e+21,-5.027624969212445e+21,-0.0,18123858.0,0.0,0.0,0.0,-6823838.0,0,1.3516416376850534e+27,228,0.0,456,2.40156025918058e+36,-0.235,2114,0,17110,0,17112,26215,17095,0,0,0,101,100,100,0.0,64.0,0.0,64.8,-0.0,64.0,1,49,50,180,52429,0,0,0,0.0,0.0,0.0,60.0,2.91,71.0,0.0,0.0,0.0,1069,0,1070,0,0,0,1070,0,1080,0,997,0,643,0,645,0,640,0,680,0.032,7.968993439842526e+21,2.004,0.0,6032,16814,2.91,0.0,3.043455701876736e+16,-0.0,0.001,-1.0856740189161883e+30,50.0,60.0,35,0.0,0.0,10.0,2.0,0.0,0.0,0.0,0.0,0.0,0.0,0.0,0.0,0.0,0.0,0.0,0.0,58.8,53,12,65509,26,65476,0,300,0,0,8,20529,65476,0,0,30147,60.0,0.0,10.0,10.0,2.0,0.0
2026-02-16T12:14:45,ERR,ERR,ERR,ERR,ERR,ERR,ERR,ERR,ERR,ERR,ERR,ERR,ERR,ERR,ERR,ERR,ERR,ERR,ERR,ERR,ERR,ERR,ERR,ERR,ERR,ERR,ERR,ERR,ERR,ERR,ERR,ERR,ERR,ERR,ERR,ERR,ERR,ERR,ERR,ERR,ERR,ERR,ERR,ERR,ERR,ERR,ERR,ERR,ERR,ERR,ERR,ERR,ERR,ERR,ERR,ERR,ERR,ERR,ERR,ERR,ERR,ERR,ERR,ERR,ERR,ERR,ERR,ERR,ERR,ERR,ERR,ERR,ERR,ERR,ERR,ERR,ERR,ERR,ERR,ERR,ERR,ERR,ERR,ERR,ERR,ERR,ERR,ERR,ERR,ERR,ERR,ERR,ERR,ERR,ERR,ERR,ERR,ERR,ERR,ERR,ERR,ERR,ERR,ERR,ERR,ERR,ERR,ERR,ERR,ERR,ERR,ERR,ERR,ERR,ERR,ERR,ERR,ERR,ERR,ERR,ERR,ERR,ERR,ERR,ERR,0.0,-107616344.0,-108138576.0,0.0,-8.002010337344158e+28,0.0,-5.206153450222372e+31,29392924.0,4300,0,8,17166,4300,14654993596416.0,40,0.0,0.0,0.0,0.0,-4.925046184806267e+32,0,0,0,0,0.0,0,0,0,0,0,0,0,0,0,0,0,0,0,0,0,0,0,0,0,0,0,0,0,0,0,0,0,0,0,0,0,0,0,8,38,37,46,65476,400,65476,1,0,4,21553,0.0,-0.0,0.0,0.0,0.0,0.0,0.0,0.0,0.0,0.0,0.0,0.0,0.0,0.0,0.0,0.0,0.0,0.0,0.0,0.0,0.0,2.004,3.697062548517736e+19,-2.004,0.0,-0.0,0.0,0.0,0.0,0.0,6592.0,1.587938797847242e+29,0.0,0.0,-107616344.0,0.0,-107616272.0,-0.0,0.0,2.004,2.004,228,-0.0,0.0,0.0,0.0,0.0,0.0,0.0,0.0,0.0,0,0,0,-0.004,-64577.926,8363892736.0,-1.2934614082621657e+31,23125949415424.0,487079392.0,8594617180094464.0,-1.8103036387023053e+21,1.2292403483171975e+21,-5.027624969212445e+21,-0.0,18123858.0,0.0,0.0,0.0,-6823838.0,0,1.3516416376850534e+27,228,0.0,456,2.40156025918058e+36,-0.235,2114,0,17110,0,17112,26215,17095,0,0,0,101,100,100,0.0,64.0,0.0,64.8,-0.0,64.0,1,49,50,180,52429,0,0,0,0.0,0.0,0.0,60.0,2.91,71.0,0.0,0.0,0.0,1069,0,1070,0,0,0,1070,0,1080,0,997,0,643,0,645,0,640,0,680,0.032,7.968993439842526e+21,2.004,0.0,6032,16814,2.91,0.0,3.043455701876736e+16,-0.0,0.001,-1.0856740189161883e+30,50.0,60.0,35,0.0,0.0,10.0,2.0,0.0,0.0,0.0,0.0,0.0,0.0,0.0,0.0,0.0,0.0,0.0,0.0,58.8,53,12,65510,26,65476,0,300,0,0,8,20529,65476,0,0,30147,60.0,0.0,10.0,10.0,2.0,0.0
2026-02-16T12:14:46,ERR,ERR,ERR,ERR,ERR,ERR,ERR,ERR,ERR,ERR,ERR,ERR,ERR,ERR,ERR,ERR,ERR,ERR,ERR,ERR,ERR,ERR,ERR,ERR,ERR,ERR,ERR,ERR,ERR,ERR,ERR,ERR,ERR,ERR,ERR,ERR,ERR,ERR,ERR,ERR,ERR,ERR,ERR,ERR,ERR,ERR,ERR,ERR,ERR,ERR,ERR,ERR,ERR,ERR,ERR,ERR,ERR,ERR,ERR,ERR,ERR,ERR,ERR,ERR,ERR,ERR,ERR,ERR,ERR,ERR,ERR,ERR,ERR,ERR,ERR,ERR,ERR,ERR,ERR,ERR,ERR,ERR,ERR,ERR,ERR,ERR,ERR,ERR,ERR,ERR,ERR,ERR,ERR,ERR,ERR,ERR,ERR,ERR,ERR,ERR,ERR,ERR,ERR,ERR,ERR,ERR,ERR,ERR,ERR,ERR,ERR,ERR,ERR,ERR,ERR,ERR,ERR,ERR,ERR,ERR,ERR,ERR,ERR,ERR,ERR,0.0,-107616344.0,-108138576.0,0.0,-8.002010337344158e+28,0.0,-5.206153450222372e+31,29392924.0,4300,0,8,17166,4300,14654993596416.0,40,0.0,0.0,0.0,0.0,-4.925046184806267e+32,0,0,0,0,0.0,0,0,0,0,0,0,0,0,0,0,0,0,0,0,0,0,0,0,0,0,0,0,0,0,0,0,0,0,0,0,0,0,0,8,38,37,46,65476,400,65476,1,0,4,21553,0.0,-0.0,0.0,0.0,0.0,0.0,0.0,0.0,0.0,0.0,0.0,0.0,0.0,0.0,0.0,0.0,0.0,0.0,0.0,0.0,0.0,2.004,3.697062548517736e+19,-2.004,0.0,-0.0,0.0,0.0,0.0,0.0,6592.0,1.587938797847242e+29,0.0,0.0,-107616344.0,0.0,-107616272.0,-0.0,0.0,2.004,2.004,228,-0.0,0.0,0.0,0.0,0.0,0.0,0.0,0.0,0.0,0,0,0,-0.004,-64577.926,8363892736.0,-1.2934614082621657e+31,23125949415424.0,487079392.0,8594617180094464.0,-1.8103036387023053e+21,1.2292403483171975e+21,-5.027624969212445e+21,-0.0,18123858.0,0.0,0.0,0.0,-6823838.0,0,1.3516416376850534e+27,228,0.0,456,2.40156025918058e+36,-0.235,2114,0,17110,0,17112,26215,17095,0,0,0,101,100,100,0.0,64.0,0.0,64.8,-0.0,64.0,1,49,50,180,52429,0,0,0,0.0,0.0,0.0,60.0,2.91,71.0,0.0,0.0,0.0,1069,0,1070,0,0,0,1070,0,1080,0,997,0,643,0,645,0,640,0,680,0.032,7.968993439842526e+21,2.004,0.0,6032,16814,2.91,0.0,3.043455701876736e+16,-0.0,0.001,-1.0856740189161883e+30,50.0,60.0,35,0.0,0.0,10.0,2.0,0.0,0.0,0.0,0.0,0.0,0.0,0.0,0.0,0.0,0.0,0.0,0.0,58.8,53,12,65510,26,65476,0,300,0,0,8,20529,65476,0,0,30147,60.0,0.0,10.0,10.0,2.0,0.0
2026-02-16T12:14:47,ERR,ERR,ERR,ERR,ERR,ERR,ERR,ERR,ERR,ERR,ERR,ERR,ERR,ERR,ERR,ERR,ERR,ERR,ERR,ERR,ERR,ERR,ERR,ERR,ERR,ERR,ERR,ERR,ERR,ERR,ERR,ERR,ERR,ERR,ERR,ERR,ERR,ERR,ERR,ERR,ERR,ERR,ERR,ERR,ERR,ERR,ERR,ERR,ERR,ERR,ERR,ERR,ERR,ERR,ERR,ERR,ERR,ERR,ERR,ERR,ERR,ERR,ERR,ERR,ERR,ERR,ERR,ERR,ERR,ERR,ERR,ERR,ERR,ERR,ERR,ERR,ERR,ERR,ERR,ERR,ERR,ERR,ERR,ERR,ERR,ERR,ERR,ERR,ERR,ERR,ERR,ERR,ERR,ERR,ERR,ERR,ERR,ERR,ERR,ERR,ERR,ERR,ERR,ERR,ERR,ERR,ERR,ERR,ERR,ERR,ERR,ERR,ERR,ERR,ERR,ERR,ERR,ERR,ERR,ERR,ERR,ERR,ERR,ERR,ERR,0.0,-107616344.0,-108138576.0,0.0,-8.002010337344158e+28,0.0,-5.206153450222372e+31,29392924.0,4300,0,8,17166,4300,14654993596416.0,40,0.0,0.0,0.0,0.0,-4.925046184806267e+32,0,0,0,0,0.0,0,0,0,0,0,0,0,0,0,0,0,0,0,0,0,0,0,0,0,0,0,0,0,0,0,0,0,0,0,0,0,0,0,8,38,37,46,65476,400,65476,1,0,4,21553,0.0,-0.0,0.0,0.0,0.0,0.0,0.0,0.0,0.0,0.0,0.0,0.0,0.0,0.0,0.0,0.0,0.0,0.0,0.0,0.0,0.0,2.004,3.697062548517736e+19,-2.004,0.0,-0.0,0.0,0.0,0.0,0.0,6592.0,1.587938797847242e+29,0.0,0.0,-107616344.0,0.0,-107616272.0,-0.0,0.0,2.004,2.004,228,-0.0,0.0,0.0,0.0,0.0,0.0,0.0,0.0,0.0,0,0,0,-0.004,-64577.926,8363892736.0,-1.2934614082621657e+31,23125949415424.0,487079392.0,8594617180094464.0,-1.8103036387023053e+21,1.2292403483171975e+21,-5.027624969212445e+21,-0.0,18123858.0,0.0,0.0,0.0,-6823838.0,0,1.3516416376850534e+27,228,0.0,456,2.40156025918058e+36,-0.235,2114,0,17110,0,17112,26215,17095,0,0,0,101,100,100,0.0,64.0,0.0,64.8,-0.0,64.0,1,49,50,180,52429,0,0,0,0.0,0.0,0.0,60.0,6.66561508075016e+19,71.0,0.0,0.0,0.0,1069,0,1070,0,0,0,1070,0,1080,0,997,0,643,0,645,0,640,0,680,0.032,7.932099951695107e+21,0.0,0.0,4496,16814,6.66561508075016e+19,0.0,-0.0,0.0,-0.0,0.0,50.0,60.0,35,0.0,0.0,10.0,2.0,0.0,0.0,0.0,0.0,0.0,0.0,0.0,0.0,0.0,0.0,0.0,0.0,58.8,53,12,65510,26,65476,0,300,0,0,8,20529,65476,0,0,30147,60.0,0.0,10.0,10.0,2.0,0.0
2026-02-16T12:14:48,ERR,ERR,ERR,ERR,ERR,ERR,ERR,ERR,ERR,ERR,ERR,ERR,ERR,ERR,ERR,ERR,ERR,ERR,ERR,ERR,ERR,ERR,ERR,ERR,ERR,ERR,ERR,ERR,ERR,ERR,ERR,ERR,ERR,ERR,ERR,ERR,ERR,ERR,ERR,ERR,ERR,ERR,ERR,ERR,ERR,ERR,ERR,ERR,ERR,ERR,ERR,ERR,ERR,ERR,ERR,ERR,ERR,ERR,ERR,ERR,ERR,ERR,ERR,ERR,ERR,ERR,ERR,ERR,ERR,ERR,ERR,ERR,ERR,ERR,ERR,ERR,ERR,ERR,ERR,ERR,ERR,ERR,ERR,ERR,ERR,ERR,ERR,ERR,ERR,ERR,ERR,ERR,ERR,ERR,ERR,ERR,ERR,ERR,ERR,ERR,ERR,ERR,ERR,ERR,ERR,ERR,ERR,ERR,ERR,ERR,ERR,ERR,ERR,ERR,ERR,ERR,ERR,ERR,ERR,ERR,ERR,ERR,ERR,ERR,ERR,0.0,-107616344.0,-108138576.0,0.0,-8.002010337344158e+28,-1.1050656929171746e+25,-6.384,1.218372166670475e+25,4300,0,8,17166,4300,14654993596416.0,39,0.0,0.0,0.0,0.0,-4.925046184806267e+32,0,0,0,0,0.0,0,0,0,0,0,0,0,0,0,0,0,0,0,0,0,0,0,0,0,0,0,0,0,0,0,0,0,0,0,0,0,0,0,8,38,37,45,65476,395,65476,1,0,4,21553,0.0,2.7183305813883192e+23,0.0,0.0,0.0,0.0,0.0,0.0,0.0,0.0,0.0,0.0,0.0,0.0,0.0,0.0,0.0,0.0,0.0,0.0,0.0,2.004,3.697062548517736e+19,-2.004,0.0,2.004,0.0,0.0,0.0,0.0,6592.0,-0.0,0.0,0.0,-107616344.0,0.0,-0.0,0.0,0.0,2.004,2.004,226,-0.0,152018287067136.0,0.0,0.0,0.0,0.0,0.0,0.0,0.0,0,0,0,-0.0,0.001,96.632,-1.2445414311981168e+38,2868.215,0.002,6.022678394962635e+25,0.0,-0.0,-5.507240315128893e+21,-0.0,19565650.0,0.0,0.0,0.0,-1.5988053635810028e+32,0,1.3516416376850534e+27,226,0.0,452,0.0,-0.0,2114,0,17110,0,17112,26215,17095,0,0,0,101,100,100,0.0,64.0,0.0,64.8,-0.0,64.0,1,49,50,180,52429,0,0,0,0.0,0.0,0.0,60.0,6.66561508075016e+19,71.0,0.0,0.0,0.0,1069,0,1070,0,0,0,1070,0,1080,0,997,0,643,0,645,0,640,0,680,0.032,7.932099951695107e+21,0.0,0.0,4496,16814,6.66561508075016e+19,0.0,-0.0,0.0,-0.0,0.0,50.0,60.0,35,0.0,0.0,10.0,2.0,0.0,0.0,0.0,0.0,0.0,0.0,0.0,0.0,0.0,0.0,0.0,0.0,58.8,53,12,65510,26,65476,0,300,0,0,8,20529,65476,0,0,30147,60.0,0.0,10.0,10.0,2.0,0.0
2026-02-16T12:14:49,ERR,ERR,ERR,ERR,ERR,ERR,ERR,ERR,ERR,ERR,ERR,ERR,ERR,ERR,ERR,ERR,ERR,ERR,ERR,ERR,ERR,ERR,ERR,ERR,ERR,ERR,ERR,ERR,ERR,ERR,ERR,ERR,ERR,ERR,ERR,ERR,ERR,ERR,ERR,ERR,ERR,ERR,ERR,ERR,ERR,ERR,ERR,ERR,ERR,ERR,ERR,ERR,ERR,ERR,ERR,ERR,ERR,ERR,ERR,ERR,ERR,ERR,ERR,ERR,ERR,ERR,ERR,ERR,ERR,ERR,ERR,ERR,ERR,ERR,ERR,ERR,ERR,ERR,ERR,ERR,ERR,ERR,ERR,ERR,ERR,ERR,ERR,ERR,ERR,ERR,ERR,ERR,ERR,ERR,ERR,ERR,ERR,ERR,ERR,ERR,ERR,ERR,ERR,ERR,ERR,ERR,ERR,ERR,ERR,ERR,ERR,ERR,ERR,ERR,ERR,ERR,ERR,ERR,ERR,ERR,ERR,ERR,ERR,ERR,ERR,0.0,-107616344.0,-108138576.0,0.0,-8.002010337344158e+28,-1.1050656929171746e+25,-6.384,1.218372166670475e+25,4300,0,8,17166,4300,14654993596416.0,39,0.0,0.0,0.0,0.0,-4.925046184806267e+32,0,0,0,0,0.0,0,0,0,0,0,0,0,0,0,0,0,0,0,0,0,0,0,0,0,0,0,0,0,0,0,0,0,0,0,0,0,0,0,8,38,37,45,65476,395,65476,1,0,4,21553,0.0,2.7183305813883192e+23,0.0,0.0,0.0,0.0,0.0,0.0,0.0,0.0,0.0,0.0,0.0,0.0,0.0,0.0,0.0,0.0,0.0,0.0,0.0,2.004,3.697062548517736e+19,-2.004,0.0,2.004,0.0,0.0,0.0,0.0,6592.0,-0.0,0.0,0.0,-107616344.0,0.0,-0.0,0.0,0.0,2.004,2.004,226,-0.0,152018287067136.0,0.0,0.0,0.0,0.0,0.0,0.0,0.0,0,0,0,-0.0,0.001,96.632,-1.2445414311981168e+38,2868.215,0.002,6.022678394962635e+25,0.0,-0.0,-5.507240315128893e+21,-0.0,19565650.0,0.0,0.0,0.0,-1.5988053635810028e+32,0,1.3516416376850534e+27,226,0.0,452,0.0,-0.0,2114,0,17110,0,17112,26215,17095,0,0,0,101,100,100,0.0,64.0,0.0,64.8,-0.0,64.0,1,49,50,180,52429,0,0,0,0.0,0.0,0.0,60.0,6.66561508075016e+19,71.0,0.0,0.0,0.0,1069,0,1070,0,0,0,1070,0,1080,0,997,0,643,0,645,0,640,0,680,0.032,7.932099951695107e+21,0.0,0.0,4496,16814,6.66561508075016e+19,0.0,-0.0,0.0,-0.0,0.0,50.0,60.0,35,0.0,0.0,10.0,2.0,0.0,0.0,0.0,0.0,0.0,0.0,0.0,0.0,0.0,0.0,0.0,0.0,58.8,53,12,65510,26,65476,0,300,0,0,8,20529,65476,0,0,30147,60.0,0.0,10.0,10.0,2.0,0.0
2026-02-16T12:14:50,ERR,ERR,ERR,ERR,ERR,ERR,ERR,ERR,ERR,ERR,ERR,ERR,ERR,ERR,ERR,ERR,ERR,ERR,ERR,ERR,ERR,ERR,ERR,ERR,ERR,ERR,ERR,ERR,ERR,ERR,ERR,ERR,ERR,ERR,ERR,ERR,ERR,ERR,ERR,ERR,ERR,ERR,ERR,ERR,ERR,ERR,ERR,ERR,ERR,ERR,ERR,ERR,ERR,ERR,ERR,ERR,ERR,ERR,ERR,ERR,ERR,ERR,ERR,ERR,ERR,ERR,ERR,ERR,ERR,ERR,ERR,ERR,ERR,ERR,ERR,ERR,ERR,ERR,ERR,ERR,ERR,ERR,ERR,ERR,ERR,ERR,ERR,ERR,ERR,ERR,ERR,ERR,ERR,ERR,ERR,ERR,ERR,ERR,ERR,ERR,ERR,ERR,ERR,ERR,ERR,ERR,ERR,ERR,ERR,ERR,ERR,ERR,ERR,ERR,ERR,ERR,ERR,ERR,ERR,ERR,ERR,ERR,ERR,ERR,ERR,0.0,-107616344.0,-108138576.0,0.0,-8.002010337344158e+28,-1.1050656929171746e+25,-6.384,1.218372166670475e+25,4300,0,8,17166,4300,14654993596416.0,39,0.0,0.0,0.0,0.0,-4.925046184806267e+32,0,0,0,0,0.0,0,0,0,0,0,0,0,0,0,0,0,0,0,0,0,0,0,0,0,0,0,0,0,0,0,0,0,0,0,0,0,0,0,8,38,37,45,65476,395,65476,1,0,4,21553,0.0,2.7183305813883192e+23,0.0,0.0,0.0,0.0,0.0,0.0,0.0,0.0,0.0,0.0,0.0,0.0,0.0,0.0,0.0,0.0,0.0,0.0,0.0,2.004,3.697062548517736e+19,-2.004,0.0,2.004,0.0,0.0,0.0,0.0,6592.0,-0.0,0.0,0.0,-107616344.0,0.0,-0.0,0.0,0.0,2.004,2.004,226,-0.0,152018287067136.0,0.0,0.0,0.0,0.0,0.0,0.0,0.0,0,0,0,-0.0,0.001,96.632,-1.2445414311981168e+38,2868.215,0.002,6.022678394962635e+25,0.0,-0.0,-5.507240315128893e+21,-0.0,19565650.0,0.0,0.0,0.0,-1.5988053635810028e+32,0,1.3516416376850534e+27,226,0.0,452,0.0,-0.0,2114,0,17110,0,17112,26215,17095,0,0,0,101,100,100,0.0,64.0,0.0,64.8,-0.0,64.0,1,49,50,180,52429,0,0,0,0.0,0.0,0.0,60.0,6.66561508075016e+19,71.0,0.0,0.0,0.0,1069,0,1070,0,0,0,1070,0,1080,0,997,0,643,0,645,0,640,0,680,0.032,7.932099951695107e+21,0.0,0.0,4496,16814,6.66561508075016e+19,0.0,-0.0,0.0,-0.0,0.0,50.0,60.0,35,0.0,0.0,10.0,2.0,0.0,0.0,0.0,0.0,0.0,0.0,0.0,0.0,0.0,0.0,0.0,0.0,58.8,53,12,65510,26,65476,0,300,0,0,8,20529,65476,0,0,30147,60.0,0.0,10.0,10.0,2.0,0.0
2026-02-16T12:14:51,ERR,ERR,ERR,ERR,ERR,ERR,ERR,ERR,ERR,ERR,ERR,ERR,ERR,ERR,ERR,ERR,ERR,ERR,ERR,ERR,ERR,ERR,ERR,ERR,ERR,ERR,ERR,ERR,ERR,ERR,ERR,ERR,ERR,ERR,ERR,ERR,ERR,ERR,ERR,ERR,ERR,ERR,ERR,ERR,ERR,ERR,ERR,ERR,ERR,ERR,ERR,ERR,ERR,ERR,ERR,ERR,ERR,ERR,ERR,ERR,ERR,ERR,ERR,ERR,ERR,ERR,ERR,ERR,ERR,ERR,ERR,ERR,ERR,ERR,ERR,ERR,ERR,ERR,ERR,ERR,ERR,ERR,ERR,ERR,ERR,ERR,ERR,ERR,ERR,ERR,ERR,ERR,ERR,ERR,ERR,ERR,ERR,ERR,ERR,ERR,ERR,ERR,ERR,ERR,ERR,ERR,ERR,ERR,ERR,ERR,ERR,ERR,ERR,ERR,ERR,ERR,ERR,ERR,ERR,ERR,ERR,ERR,ERR,ERR,ERR,0.0,-107616344.0,-108138576.0,0.0,-8.002010337344158e+28,-1.1050656929171746e+25,-6.384,1.218372166670475e+25,4300,0,8,17166,4300,14654993596416.0,39,0.0,0.0,0.0,0.0,-4.925046184806267e+32,0,0,0,0,0.0,0,0,0,0,0,0,0,0,0,0,0,0,0,0,0,0,0,0,0,0,0,0,0,0,0,0,0,0,0,0,0,0,0,8,38,37,45,65476,395,65476,1,0,4,21553,0.0,2.7183305813883192e+23,0.0,0.0,0.0,0.0,0.0,0.0,0.0,0.0,0.0,0.0,0.0,0.0,0.0,0.0,0.0,0.0,0.0,0.0,0.0,2.004,3.697062548517736e+19,-2.004,0.0,2.004,0.0,0.0,0.0,0.0,6592.0,-0.0,0.0,0.0,-107616344.0,0.0,-0.0,0.0,0.0,2.004,2.004,226,-0.0,152018287067136.0,0.0,0.0,0.0,0.0,0.0,0.0,0.0,0,0,0,-0.0,0.001,96.632,-1.2445414311981168e+38,2868.215,0.002,6.022678394962635e+25,0.0,-0.0,-5.507240315128893e+21,-0.0,19565650.0,0.0,0.0,0.0,-1.5988053635810028e+32,0,1.3516416376850534e+27,226,0.0,452,0.0,-0.0,2114,0,17110,0,17112,39322,17095,0,0,0,101,100,100,0.0,64.0,0.0,64.8,-0.0,64.0,1,49,50,180,52429,0,0,0,0.0,0.0,0.0,60.0,291348.438,71.0,0.0,-0.0,0.0,1069,0,1070,0,0,0,1070,0,1080,0,998,0,644,0,646,0,640,0,678,0.032,7.968993439842526e+21,-0.0,-0.0,55696,16813,3.817,-0.0,-4.893237799531385e+37,-0.0,-15586445312.0,-0.0,50.0,60.0,35,0.0,0.0,10.0,2.0,0.0,0.0,0.0,0.0,0.0,0.0,0.0,0.0,0.0,0.0,0.0,0.0,58.8,53,12,65510,26,65476,0,300,0,0,8,20529,65476,0,0,30147,60.0,0.0,10.0,10.0,2.0,0.0
2026-02-16T12:14:52,ERR,ERR,ERR,ERR,ERR,ERR,ERR,ERR,ERR,ERR,ERR,ERR,ERR,ERR,ERR,ERR,ERR,ERR,ERR,ERR,ERR,ERR,ERR,ERR,ERR,ERR,ERR,ERR,ERR,ERR,ERR,ERR,ERR,ERR,ERR,ERR,ERR,ERR,ERR,ERR,ERR,ERR,ERR,ERR,ERR,ERR,ERR,ERR,ERR,ERR,ERR,ERR,ERR,ERR,ERR,ERR,ERR,ERR,ERR,ERR,ERR,ERR,ERR,ERR,ERR,ERR,ERR,ERR,ERR,ERR,ERR,ERR,ERR,ERR,ERR,ERR,ERR,ERR,ERR,ERR,ERR,ERR,ERR,ERR,ERR,ERR,ERR,ERR,ERR,ERR,ERR,ERR,ERR,ERR,ERR,ERR,ERR,ERR,ERR,ERR,ERR,ERR,ERR,ERR,ERR,ERR,ERR,ERR,ERR,ERR,ERR,ERR,ERR,ERR,ERR,ERR,ERR,ERR,ERR,ERR,ERR,ERR,ERR,ERR,ERR,0.0,-2.7184525388662284e+23,0.0,0.0,35085342474240.0,-1.5654816869460738e+19,-0.0,-6.818737323769856e+16,4300,0,8,17166,4300,14654993596416.0,40,0.0,0.0,0.0,0.0,-4.925046184806267e+32,0,0,0,0,0.0,0,0,0,0,0,0,0,0,0,0,0,0,0,0,0,0,0,0,0,0,0,0,0,0,0,0,0,0,0,0,0,0,0,8,38,37,45,65476,394,65476,1,0,4,21553,0.0,0.0,-117.129,0.0,0.0,0.0,0.0,0.0,0.0,0.0,0.0,0.0,0.0,0.0,0.0,0.0,0.0,0.0,0.0,0.0,0.0,2.004,3.697062548517736e+19,-3.697081460117733e+19,0.0,2.004,0.0,0.0,0.0,0.0,6655.0,0.0,0.0,0.0,-2.7184525388662284e+23,0.0,-0.0,0.0,0.0,2.004,2.004,227,-0.0,-0.0,0.0,0.0,0.0,0.0,0.0,0.0,0.0,0,0,0,-0.0,-0.0,237579796480.0,2.612475372857541e+35,1.2453662432469975e+18,-1.3711399116324086e+35,-0.0,0.0,-0.0,-5.986855661045341e+21,-0.0,21269586.0,0.0,0.0,0.0,-2.439583379487614e+27,0,1.3516416376850534e+27,227,0.0,454,0.0,-1.3516451289993519e+35,2114,0,17110,0,17112,39322,17095,0,0,0,101,100,100,0.0,64.0,0.0,64.8,-0.0,64.0,1,49,50,180,52429,0,0,0,0.0,0.0,0.0,60.0,291348.438,71.0,0.0,-0.0,0.0,1069,0,1070,0,0,0,1070,0,1080,0,998,0,644,0,646,0,640,0,678,0.032,7.968993439842526e+21,-0.0,-0.0,55696,16813,3.817,-0.0,-4.893237799531385e+37,-0.0,-15586445312.0,-0.0,50.0,60.0,35,0.0,0.0,10.0,2.0,0.0,0.0,0.0,0.0,0.0,0.0,0.0,0.0,0.0,0.0,0.0,0.0,59.2,53,12,65510,26,65476,0,300,0,0,8,20529,65476,0,0,30147,60.0,0.0,10.0,10.0,2.0,0.0
2026-02-16T12:14:53,ERR,ERR,ERR,ERR,ERR,ERR,ERR,ERR,ERR,ERR,ERR,ERR,ERR,ERR,ERR,ERR,ERR,ERR,ERR,ERR,ERR,ERR,ERR,ERR,ERR,ERR,ERR,ERR,ERR,ERR,ERR,ERR,ERR,ERR,ERR,ERR,ERR,ERR,ERR,ERR,ERR,ERR,ERR,ERR,ERR,ERR,ERR,ERR,ERR,ERR,ERR,ERR,ERR,ERR,ERR,ERR,ERR,ERR,ERR,ERR,ERR,ERR,ERR,ERR,ERR,ERR,ERR,ERR,ERR,ERR,ERR,ERR,ERR,ERR,ERR,ERR,ERR,ERR,ERR,ERR,ERR,ERR,ERR,ERR,ERR,ERR,ERR,ERR,ERR,ERR,ERR,ERR,ERR,ERR,ERR,ERR,ERR,ERR,ERR,ERR,ERR,ERR,ERR,ERR,ERR,ERR,ERR,ERR,ERR,ERR,ERR,ERR,ERR,ERR,ERR,ERR,ERR,ERR,ERR,ERR,ERR,ERR,ERR,ERR,ERR,0.0,-2.7184525388662284e+23,0.0,0.0,35085342474240.0,-1.5654816869460738e+19,-0.0,-6.818737323769856e+16,4300,0,8,17166,4300,14654993596416.0,40,0.0,0.0,0.0,0.0,-4.925046184806267e+32,0,0,0,0,0.0,0,0,0,0,0,0,0,0,0,0,0,0,0,0,0,0,0,0,0,0,0,0,0,0,0,0,0,0,0,0,0,0,0,8,38,37,45,65476,394,65476,1,0,4,21553,0.0,0.0,-117.129,0.0,0.0,0.0,0.0,0.0,0.0,0.0,0.0,0.0,0.0,0.0,0.0,0.0,0.0,0.0,0.0,0.0,0.0,2.004,3.697062548517736e+19,-3.697081460117733e+19,0.0,2.004,0.0,0.0,0.0,0.0,6655.0,0.0,0.0,0.0,-2.7184525388662284e+23,0.0,-0.0,0.0,0.0,2.004,2.004,227,-0.0,-0.0,0.0,0.0,0.0,0.0,0.0,0.0,0.0,0,0,0,-0.0,-0.0,237579796480.0,2.612475372857541e+35,1.2453662432469975e+18,-1.3711399116324086e+35,-0.0,0.0,-0.0,-5.986855661045341e+21,-0.0,21269586.0,0.0,0.0,0.0,-2.439583379487614e+27,0,1.3516416376850534e+27,227,0.0,454,0.0,-1.3516451289993519e+35,2114,0,17110,0,17112,39322,17095,0,0,0,101,100,100,0.0,64.0,0.0,64.8,-0.0,64.0,1,49,50,180,52429,0,0,0,0.0,0.0,0.0,60.0,291348.438,71.0,0.0,-0.0,0.0,1069,0,1070,0,0,0,1070,0,1080,0,998,0,644,0,646,0,640,0,678,0.032,7.968993439842526e+21,-0.0,-0.0,55696,16813,3.817,-0.0,-4.893237799531385e+37,-0.0,-15586445312.0,-0.0,50.0,60.0,35,0.0,0.0,10.0,2.0,0.0,0.0,0.0,0.0,0.0,0.0,0.0,0.0,0.0,0.0,0.0,0.0,59.2,53,12,65510,26,65476,0,300,0,0,8,20529,65476,0,0,30147,60.0,0.0,10.0,10.0,2.0,0.0
2026-02-16T12:14:54,ERR,ERR,ERR,ERR,ERR,ERR,ERR,ERR,ERR,ERR,ERR,ERR,ERR,ERR,ERR,ERR,ERR,ERR,ERR,ERR,ERR,ERR,ERR,ERR,ERR,ERR,ERR,ERR,ERR,ERR,ERR,ERR,ERR,ERR,ERR,ERR,ERR,ERR,ERR,ERR,ERR,ERR,ERR,ERR,ERR,ERR,ERR,ERR,ERR,ERR,ERR,ERR,ERR,ERR,ERR,ERR,ERR,ERR,ERR,ERR,ERR,ERR,ERR,ERR,ERR,ERR,ERR,ERR,ERR,ERR,ERR,ERR,ERR,ERR,ERR,ERR,ERR,ERR,ERR,ERR,ERR,ERR,ERR,ERR,ERR,ERR,ERR,ERR,ERR,ERR,ERR,ERR,ERR,ERR,ERR,ERR,ERR,ERR,ERR,ERR,ERR,ERR,ERR,ERR,ERR,ERR,ERR,ERR,ERR,ERR,ERR,ERR,ERR,ERR,ERR,ERR,ERR,ERR,ERR,ERR,ERR,ERR,ERR,ERR,ERR,0.0,-2.7184525388662284e+23,0.0,0.0,35085342474240.0,-1.5654816869460738e+19,-0.0,-6.818737323769856e+16,4300,0,8,17166,4300,14654993596416.0,40,0.0,0.0,0.0,0.0,-4.925046184806267e+32,0,0,0,0,0.0,0,0,0,0,0,0,0,0,0,0,0,0,0,0,0,0,0,0,0,0,0,0,0,0,0,0,0,0,0,0,0,0,0,8,38,37,45,65476,394,65476,1,0,4,21553,0.0,0.0,-117.129,0.0,0.0,0.0,0.0,0.0,0.0,0.0,0.0,0.0,0.0,0.0,0.0,0.0,0.0,0.0,0.0,0.0,0.0,2.004,3.697062548517736e+19,-3.697081460117733e+19,0.0,2.004,0.0,0.0,0.0,0.0,6655.0,0.0,0.0,0.0,-2.7184525388662284e+23,0.0,-0.0,0.0,0.0,2.004,2.004,227,-0.0,-0.0,0.0,0.0,0.0,0.0,0.0,0.0,0.0,0,0,0,-0.0,-0.0,237579796480.0,2.612475372857541e+35,1.2453662432469975e+18,-1.3711399116324086e+35,-0.0,0.0,-0.0,-5.986855661045341e+21,-0.0,21269586.0,0.0,0.0,0.0,-2.439583379487614e+27,0,1.3516416376850534e+27,227,0.0,454,0.0,-1.3516451289993519e+35,2114,0,17110,0,17112,39322,17095,0,0,0,101,100,100,0.0,64.0,0.0,64.9,-107615232.0,64.0,1,49,50,180,52429,0,0,0,0.0,0.0,0.0,60.0,0.0,71.0,0.0,-0.0,0.0,1069,0,1069,0,0,0,1070,0,1080,0,998,0,643,0,645,0,640,0,677,0.032,8.005886927989945e+21,-0.0,-0.0,4240,16814,23627036.0,-0.0,-8.216307788993674e+37,-0.0,-457964060672.0,-0.0,50.0,60.0,35,0.0,0.0,10.0,2.0,0.0,0.0,0.0,0.0,0.0,0.0,0.0,0.0,0.0,0.0,0.0,0.0,59.2,53,12,65510,26,65476,0,300,0,0,8,20529,65476,0,0,30147,60.0,0.0,10.0,10.0,2.0,0.0
2026-02-16T12:14:55,ERR,ERR,ERR,ERR,ERR,ERR,ERR,ERR,ERR,ERR,ERR,ERR,ERR,ERR,ERR,ERR,ERR,ERR,ERR,ERR,ERR,ERR,ERR,ERR,ERR,ERR,ERR,ERR,ERR,ERR,ERR,ERR,ERR,ERR,ERR,ERR,ERR,ERR,ERR,ERR,ERR,ERR,ERR,ERR,ERR,ERR,ERR,ERR,ERR,ERR,ERR,ERR,ERR,ERR,ERR,ERR,ERR,ERR,ERR,ERR,ERR,ERR,ERR,ERR,ERR,ERR,ERR,ERR,ERR,ERR,ERR,ERR,ERR,ERR,ERR,ERR,ERR,ERR,ERR,ERR,ERR,ERR,ERR,ERR,ERR,ERR,ERR,ERR,ERR,ERR,ERR,ERR,ERR,ERR,ERR,ERR,ERR,ERR,ERR,ERR,ERR,ERR,ERR,ERR,ERR,ERR,ERR,ERR,ERR,ERR,ERR,ERR,ERR,ERR,ERR,ERR,ERR,ERR,ERR,ERR,ERR,ERR,ERR,ERR,ERR,0.0,-2.7184525388662284e+23,0.0,0.0,35085342474240.0,-1.5654816869460738e+19,-0.0,-6.818737323769856e+16,4300,0,8,17166,4300,14654993596416.0,40,0.0,0.0,0.0,0.0,-4.925046184806267e+32,0,0,0,0,0.0,0,0,0,0,0,0,0,0,0,0,0,0,0,0,0,0,0,0,0,0,0,0,0,0,0,0,0,0,0,0,0,0,0,8,38,37,45,65476,394,65476,1,0,4,21553,0.0,0.0,-117.129,0.0,0.0,0.0,0.0,0.0,0.0,0.0,0.0,0.0,0.0,0.0,0.0,0.0,0.0,0.0,0.0,0.0,0.0,2.004,3.697062548517736e+19,-3.697081460117733e+19,0.0,2.004,0.0,0.0,0.0,0.0,6655.0,0.0,0.0,0.0,-2.7184525388662284e+23,0.0,-0.0,0.0,0.0,2.004,2.004,227,-0.0,-0.0,0.0,0.0,0.0,0.0,0.0,0.0,0.0,0,0,0,-0.0,-0.0,237579796480.0,2.612475372857541e+35,1.2453662432469975e+18,-1.3711399116324086e+35,-0.0,0.0,-0.0,-5.986855661045341e+21,-0.0,21269586.0,0.0,0.0,0.0,-2.439583379487614e+27,0,1.3516416376850534e+27,227,0.0,454,0.0,-1.3516451289993519e+35,2114,0,17110,0,17112,39322,17095,0,0,0,101,100,100,0.0,64.0,0.0,64.9,-107615232.0,64.0,1,49,50,180,52429,0,0,0,0.0,0.0,0.0,60.0,0.0,71.0,0.0,-0.0,0.0,1069,0,1069,0,0,0,1070,0,1080,0,998,0,643,0,645,0,640,0,677,0.032,8.005886927989945e+21,-0.0,-0.0,4240,16814,23627036.0,-0.0,-8.216307788993674e+37,-0.0,-457964060672.0,-0.0,50.0,60.0,35,0.0,0.0,10.0,2.0,0.0,0.0,0.0,0.0,0.0,0.0,0.0,0.0,0.0,0.0,0.0,0.0,58.8,53,12,65510,26,65476,0,300,0,0,8,20529,65476,0,0,30147,60.0,0.0,10.0,10.0,2.0,0.0
2026-02-16T12:14:56,ERR,ERR,ERR,ERR,ERR,ERR,ERR,ERR,ERR,ERR,ERR,ERR,ERR,ERR,ERR,ERR,ERR,ERR,ERR,ERR,ERR,ERR,ERR,ERR,ERR,ERR,ERR,ERR,ERR,ERR,ERR,ERR,ERR,ERR,ERR,ERR,ERR,ERR,ERR,ERR,ERR,ERR,ERR,ERR,ERR,ERR,ERR,ERR,ERR,ERR,ERR,ERR,ERR,ERR,ERR,ERR,ERR,ERR,ERR,ERR,ERR,ERR,ERR,ERR,ERR,ERR,ERR,ERR,ERR,ERR,ERR,ERR,ERR,ERR,ERR,ERR,ERR,ERR,ERR,ERR,ERR,ERR,ERR,ERR,ERR,ERR,ERR,ERR,ERR,ERR,ERR,ERR,ERR,ERR,ERR,ERR,ERR,ERR,ERR,ERR,ERR,ERR,ERR,ERR,ERR,ERR,ERR,ERR,ERR,ERR,ERR,ERR,ERR,ERR,ERR,ERR,ERR,ERR,ERR,ERR,ERR,ERR,ERR,ERR,ERR,0.0,-2.7184525388662284e+23,0.0,0.0,35085342474240.0,-1.5654816869460738e+19,-0.0,-6.818737323769856e+16,4300,0,8,17166,4300,14654993596416.0,40,0.0,0.0,0.0,0.0,-4.925046184806267e+32,0,0,0,0,0.0,0,0,0,0,0,0,0,0,0,0,0,0,0,0,0,0,0,0,0,0,0,0,0,0,0,0,0,0,0,0,0,0,0,8,38,37,45,65476,394,65476,1,0,4,21553,0.0,0.0,-117.129,0.0,0.0,0.0,0.0,0.0,0.0,0.0,0.0,0.0,0.0,0.0,0.0,0.0,0.0,0.0,0.0,0.0,0.0,2.004,3.697062548517736e+19,-3.697081460117733e+19,0.0,2.004,0.0,0.0,0.0,0.0,6655.0,0.0,0.0,0.0,-2.7184525388662284e+23,0.0,-0.0,0.0,0.0,2.004,2.004,227,-0.0,-0.0,0.0,0.0,0.0,0.0,0.0,0.0,0.0,0,0,0,-0.0,-0.0,237579796480.0,2.612475372857541e+35,1.2453662432469975e+18,-1.3711399116324086e+35,-0.0,0.0,-0.0,-5.986855661045341e+21,-0.0,21269586.0,0.0,0.0,0.0,-2.439583379487614e+27,0,1.3516416376850534e+27,227,0.0,454,0.0,-1.3516451289993519e+35,2114,0,17110,0,17112,39322,17095,0,0,0,101,100,100,0.0,64.0,0.0,64.9,-107615232.0,64.0,1,49,50,180,52429,0,0,0,0.0,0.0,0.0,60.0,0.0,71.0,0.0,-0.0,0.0,1069,0,1069,0,0,0,1070,0,1080,0,998,0,643,0,645,0,640,0,677,0.032,8.005886927989945e+21,-0.0,-0.0,4240,16814,23627036.0,-0.0,-8.216307788993674e+37,-0.0,-457964060672.0,-0.0,50.0,60.0,35,0.0,0.0,10.0,2.0,0.0,0.0,0.0,0.0,0.0,0.0,0.0,0.0,0.0,0.0,0.0,0.0,58.8,53,12,65510,26,65476,0,300,0,0,8,20529,65476,0,0,30147,60.0,0.0,10.0,10.0,2.0,0.0
2026-02-16T12:14:57,ERR,ERR,ERR,ERR,ERR,ERR,ERR,ERR,ERR,ERR,ERR,ERR,ERR,ERR,ERR,ERR,ERR,ERR,ERR,ERR,ERR,ERR,ERR,ERR,ERR,ERR,ERR,ERR,ERR,ERR,ERR,ERR,ERR,ERR,ERR,ERR,ERR,ERR,ERR,ERR,ERR,ERR,ERR,ERR,ERR,ERR,ERR,ERR,ERR,ERR,ERR,ERR,ERR,ERR,ERR,ERR,ERR,ERR,ERR,ERR,ERR,ERR,ERR,ERR,ERR,ERR,ERR,ERR,ERR,ERR,ERR,ERR,ERR,ERR,ERR,ERR,ERR,ERR,ERR,ERR,ERR,ERR,ERR,ERR,ERR,ERR,ERR,ERR,ERR,ERR,ERR,ERR,ERR,ERR,ERR,ERR,ERR,ERR,ERR,ERR,ERR,ERR,ERR,ERR,ERR,ERR,ERR,ERR,ERR,ERR,ERR,ERR,ERR,ERR,ERR,ERR,ERR,ERR,ERR,ERR,ERR,ERR,ERR,ERR,ERR,0.0,0.0,-0.0,0.0,-0.016,-6.509227807028019e+16,-0.0,213248.234,4300,0,8,17166,4300,14654995693568.0,40,0.0,0.0,0.0,0.0,-4.925046184806267e+32,0,0,0,0,0.0,0,0,0,0,0,0,0,0,0,0,0,0,0,0,0,0,0,0,0,0,0,0,0,0,0,0,0,0,0,0,0,0,0,8,38,37,45,65476,391,65476,1,0,4,21553,0.0,-107610720.0,-0.0,0.0,0.0,0.0,0.0,0.0,0.0,0.0,0.0,0.0,0.0,0.0,0.0,0.0,0.0,0.0,0.0,0.0,0.0,2.004,3.697062548517736e+19,0.0,0.0,2.004,0.0,0.0,0.0,0.0,6655.0,0.0,0.0,2.718442270659078e+23,0.0,0.0,-0.0,-0.0,0.0,2.004,2.004,227,-0.0,-0.0,0.0,0.0,0.0,0.0,0.0,0.0,0.0,0,0,0,-70.132,-3.142070083728179e+16,279565595312128.0,0.0,8.547990619456085e+24,1632318.0,0.0,0.0,28075274272768.0,-6.429577518814371e+21,-0.0,22973522.0,0.0,0.0,0.0,-0.0,0,1.3516416376850534e+27,227,0.0,454,2.40156025918058e+36,0.0,2114,0,17110,0,17112,39322,17095,0,0,0,101,100,100,0.0,64.0,0.0,64.9,-107615232.0,64.0,1,49,50,180,52429,0,0,0,0.0,0.0,0.0,60.0,2.3780156561483524e+20,71.0,0.0,0.0,0.0,1069,0,1069,0,0,0,1070,0,1080,0,998,0,644,0,645,0,640,0,677,0.032,8.042780416137365e+21,2.004,2.73023467606737e+23,10384,16814,2.3780156561483524e+20,0.0,-0.0,0.0,-0.0,0.0,50.0,60.0,35,0.0,0.0,10.0,2.0,0.0,0.0,0.0,0.0,0.0,0.0,0.0,0.0,0.0,0.0,0.0,0.0,59.2,52,12,65510,26,65476,0,300,0,0,8,20529,65476,0,0,30147,60.0,0.0,10.0,10.0,2.0,0.0
2026-02-16T12:14:58,ERR,ERR,ERR,ERR,ERR,ERR,ERR,ERR,ERR,ERR,ERR,ERR,ERR,ERR,ERR,ERR,ERR,ERR,ERR,ERR,ERR,ERR,ERR,ERR,ERR,ERR,ERR,ERR,ERR,ERR,ERR,ERR,ERR,ERR,ERR,ERR,ERR,ERR,ERR,ERR,ERR,ERR,ERR,ERR,ERR,ERR,ERR,ERR,ERR,ERR,ERR,ERR,ERR,ERR,ERR,ERR,ERR,ERR,ERR,ERR,ERR,ERR,ERR,ERR,ERR,ERR,ERR,ERR,ERR,ERR,ERR,ERR,ERR,ERR,ERR,ERR,ERR,ERR,ERR,ERR,ERR,ERR,ERR,ERR,ERR,ERR,ERR,ERR,ERR,ERR,ERR,ERR,ERR,ERR,ERR,ERR,ERR,ERR,ERR,ERR,ERR,ERR,ERR,ERR,ERR,ERR,ERR,ERR,ERR,ERR,ERR,ERR,ERR,ERR,ERR,ERR,ERR,ERR,ERR,ERR,ERR,ERR,ERR,ERR,ERR,0.0,0.0,-0.0,0.0,-0.016,-6.509227807028019e+16,-0.0,213248.234,4300,0,8,17166,4300,14654995693568.0,40,0.0,0.0,0.0,0.0,-4.925046184806267e+32,0,0,0,0,0.0,0,0,0,0,0,0,0,0,0,0,0,0,0,0,0,0,0,0,0,0,0,0,0,0,0,0,0,0,0,0,0,0,0,8,38,37,45,65476,391,65476,1,0,4,21553,0.0,-107610720.0,-0.0,0.0,0.0,0.0,0.0,0.0,0.0,0.0,0.0,0.0,0.0,0.0,0.0,0.0,0.0,0.0,0.0,0.0,0.0,2.004,3.697062548517736e+19,0.0,0.0,2.004,0.0,0.0,0.0,0.0,6655.0,0.0,0.0,2.718442270659078e+23,0.0,0.0,-0.0,-0.0,0.0,2.004,2.004,227,-0.0,-0.0,0.0,0.0,0.0,0.0,0.0,0.0,0.0,0,0,0,-70.132,-3.142070083728179e+16,279565595312128.0,0.0,8.547990619456085e+24,1632318.0,0.0,0.0,28075274272768.0,-6.429577518814371e+21,-0.0,22973522.0,0.0,0.0,0.0,-0.0,0,1.3516416376850534e+27,227,0.0,454,2.40156025918058e+36,0.0,2114,0,17110,0,17112,39322,17095,0,0,0,101,100,100,0.0,64.0,0.0,64.9,-107615232.0,64.0,1,49,50,180,52429,0,0,0,0.0,0.0,0.0,60.0,2.3780156561483524e+20,71.0,0.0,0.0,0.0,1069,0,1069,0,0,0,1070,0,1080,0,998,0,644,0,645,0,640,0,677,0.032,8.042780416137365e+21,2.004,2.73023467606737e+23,10384,16814,2.3780156561483524e+20,0.0,-0.0,0.0,-0.0,0.0,50.0,60.0,35,0.0,0.0,10.0,2.0,0.0,0.0,0.0,0.0,0.0,0.0,0.0,0.0,0.0,0.0,0.0,0.0,59.2,52,12,65510,26,65476,0,300,0,0,8,20529,65476,0,0,30147,60.0,0.0,10.0,10.0,2.0,0.0
2026-02-16T12:14:59,ERR,ERR,ERR,ERR,ERR,ERR,ERR,ERR,ERR,ERR,ERR,ERR,ERR,ERR,ERR,ERR,ERR,ERR,ERR,ERR,ERR,ERR,ERR,ERR,ERR,ERR,ERR,ERR,ERR,ERR,ERR,ERR,ERR,ERR,ERR,ERR,ERR,ERR,ERR,ERR,ERR,ERR,ERR,ERR,ERR,ERR,ERR,ERR,ERR,ERR,ERR,ERR,ERR,ERR,ERR,ERR,ERR,ERR,ERR,ERR,ERR,ERR,ERR,ERR,ERR,ERR,ERR,ERR,ERR,ERR,ERR,ERR,ERR,ERR,ERR,ERR,ERR,ERR,ERR,ERR,ERR,ERR,ERR,ERR,ERR,ERR,ERR,ERR,ERR,ERR,ERR,ERR,ERR,ERR,ERR,ERR,ERR,ERR,ERR,ERR,ERR,ERR,ERR,ERR,ERR,ERR,ERR,ERR,ERR,ERR,ERR,ERR,ERR,ERR,ERR,ERR,ERR,ERR,ERR,ERR,ERR,ERR,ERR,ERR,ERR,0.0,0.0,-0.0,0.0,-0.016,-6.509227807028019e+16,-0.0,213248.234,4300,0,8,17166,4300,14654995693568.0,40,0.0,0.0,0.0,0.0,-4.925046184806267e+32,0,0,0,0,0.0,0,0,0,0,0,0,0,0,0,0,0,0,0,0,0,0,0,0,0,0,0,0,0,0,0,0,0,0,0,0,0,0,0,8,38,37,45,65476,391,65476,1,0,4,21553,0.0,-107610720.0,-0.0,0.0,0.0,0.0,0.0,0.0,0.0,0.0,0.0,0.0,0.0,0.0,0.0,0.0,0.0,0.0,0.0,0.0,0.0,2.004,3.697062548517736e+19,0.0,0.0,2.004,0.0,0.0,0.0,0.0,6655.0,0.0,0.0,2.718442270659078e+23,0.0,0.0,-0.0,-0.0,0.0,2.004,2.004,227,-0.0,-0.0,0.0,0.0,0.0,0.0,0.0,0.0,0.0,0,0,0,-70.132,-3.142070083728179e+16,279565595312128.0,0.0,8.547990619456085e+24,1632318.0,0.0,0.0,28075274272768.0,-6.429577518814371e+21,-0.0,22973522.0,0.0,0.0,0.0,-0.0,0,1.3516416376850534e+27,227,0.0,454,2.40156025918058e+36,0.0,2114,0,17110,0,17112,39322,17095,0,0,0,101,100,100,0.0,64.0,0.0,64.9,-107615232.0,64.0,1,49,50,180,52429,0,0,0,0.0,0.0,0.0,60.0,2.3780156561483524e+20,71.0,0.0,0.0,0.0,1069,0,1069,0,0,0,1070,0,1080,0,998,0,644,0,645,0,640,0,677,0.032,8.042780416137365e+21,2.004,2.73023467606737e+23,10384,16814,2.3780156561483524e+20,0.0,-0.0,0.0,-0.0,0.0,50.0,60.0,35,0.0,0.0,10.0,2.0,0.0,0.0,0.0,0.0,0.0,0.0,0.0,0.0,0.0,0.0,0.0,0.0,59.2,52,12,65510,26,65476,0,300,0,0,8,20529,65476,0,0,30147,60.0,0.0,10.0,10.0,2.0,0.0
2026-02-16T12:15:00,ERR,ERR,ERR,ERR,ERR,ERR,ERR,ERR,ERR,ERR,ERR,ERR,ERR,ERR,ERR,ERR,ERR,ERR,ERR,ERR,ERR,ERR,ERR,ERR,ERR,ERR,ERR,ERR,ERR,ERR,ERR,ERR,ERR,ERR,ERR,ERR,ERR,ERR,ERR,ERR,ERR,ERR,ERR,ERR,ERR,ERR,ERR,ERR,ERR,ERR,ERR,ERR,ERR,ERR,ERR,ERR,ERR,ERR,ERR,ERR,ERR,ERR,ERR,ERR,ERR,ERR,ERR,ERR,ERR,ERR,ERR,ERR,ERR,ERR,ERR,ERR,ERR,ERR,ERR,ERR,ERR,ERR,ERR,ERR,ERR,ERR,ERR,ERR,ERR,ERR,ERR,ERR,ERR,ERR,ERR,ERR,ERR,ERR,ERR,ERR,ERR,ERR,ERR,ERR,ERR,ERR,ERR,ERR,ERR,ERR,ERR,ERR,ERR,ERR,ERR,ERR,ERR,ERR,ERR,ERR,ERR,ERR,ERR,ERR,ERR,0.0,0.0,-0.0,0.0,-0.016,-6.509227807028019e+16,-0.0,213248.234,4300,0,8,17166,4300,14654995693568.0,40,0.0,0.0,0.0,0.0,-4.925046184806267e+32,0,0,0,0,0.0,0,0,0,0,0,0,0,0,0,0,0,0,0,0,0,0,0,0,0,0,0,0,0,0,0,0,0,0,0,0,0,0,0,8,38,37,45,65476,391,65476,1,0,4,21553,0.0,-107610720.0,-0.0,0.0,0.0,0.0,0.0,0.0,0.0,0.0,0.0,0.0,0.0,0.0,0.0,0.0,0.0,0.0,0.0,0.0,0.0,2.004,3.697062548517736e+19,0.0,0.0,2.004,0.0,0.0,0.0,0.0,6655.0,0.0,0.0,2.718442270659078e+23,0.0,0.0,-0.0,-0.0,0.0,2.004,2.004,227,-0.0,-0.0,0.0,0.0,0.0,0.0,0.0,0.0,0.0,0,0,0,-70.132,-3.142070083728179e+16,279565595312128.0,0.0,8.547990619456085e+24,1632318.0,0.0,0.0,28075274272768.0,-6.429577518814371e+21,-0.0,22973522.0,0.0,0.0,0.0,-0.0,0,1.3516416376850534e+27,227,0.0,454,2.40156025918058e+36,0.0,2114,0,17110,0,17112,39322,17095,0,0,0,101,100,100,0.0,64.0,0.0,64.9,-107615232.0,64.0,1,49,50,180,52429,0,0,0,0.0,0.0,0.0,60.0,2.3780156561483524e+20,71.0,0.0,0.0,0.0,1069,0,1069,0,0,0,1070,0,1080,0,998,0,644,0,645,0,640,0,677,0.032,8.042780416137365e+21,2.004,2.73023467606737e+23,10384,16814,2.3780156561483524e+20,0.0,-0.0,0.0,-0.0,0.0,50.0,60.0,35,0.0,0.0,10.0,2.0,0.0,0.0,0.0,0.0,0.0,0.0,0.0,0.0,0.0,0.0,0.0,0.0,58.8,52,12,65510,26,65476,0,300,0,0,8,20529,65476,0,0,30147,60.0,0.0,10.0,10.0,2.0,0.0
2026-02-16T12:15:01,ERR,ERR,ERR,ERR,ERR,ERR,ERR,ERR,ERR,ERR,ERR,ERR,ERR,ERR,ERR,ERR,ERR,ERR,ERR,ERR,ERR,ERR,ERR,ERR,ERR,ERR,ERR,ERR,ERR,ERR,ERR,ERR,ERR,ERR,ERR,ERR,ERR,ERR,ERR,ERR,ERR,ERR,ERR,ERR,ERR,ERR,ERR,ERR,ERR,ERR,ERR,ERR,ERR,ERR,ERR,ERR,ERR,ERR,ERR,ERR,ERR,ERR,ERR,ERR,ERR,ERR,ERR,ERR,ERR,ERR,ERR,ERR,ERR,ERR,ERR,ERR,ERR,ERR,ERR,ERR,ERR,ERR,ERR,ERR,ERR,ERR,ERR,ERR,ERR,ERR,ERR,ERR,ERR,ERR,ERR,ERR,ERR,ERR,ERR,ERR,ERR,ERR,ERR,ERR,ERR,ERR,ERR,ERR,ERR,ERR,ERR,ERR,ERR,ERR,ERR,ERR,ERR,ERR,ERR,ERR,ERR,ERR,ERR,ERR,ERR,0.0,0.0,-0.0,0.0,-0.016,-6.509227807028019e+16,-0.0,213248.234,4300,0,8,17166,4300,14654995693568.0,40,0.0,0.0,0.0,0.0,-4.925046184806267e+32,0,0,0,0,0.0,0,0,0,0,0,0,0,0,0,0,0,0,0,0,0,0,0,0,0,0,0,0,0,0,0,0,0,0,0,0,0,0,0,8,38,37,45,65476,391,65476,1,0,4,21553,0.0,-107610720.0,-0.0,0.0,0.0,0.0,0.0,0.0,0.0,0.0,0.0,0.0,0.0,0.0,0.0,0.0,0.0,0.0,0.0,0.0,0.0,2.004,3.697062548517736e+19,0.0,0.0,2.004,0.0,0.0,0.0,0.0,6655.0,0.0,0.0,2.718442270659078e+23,0.0,0.0,-0.0,-0.0,0.0,2.004,2.004,227,-0.0,-0.0,0.0,0.0,0.0,0.0,0.0,0.0,0.0,0,0,0,-70.132,-3.142070083728179e+16,279565595312128.0,0.0,8.547990619456085e+24,1632318.0,0.0,0.0,28075274272768.0,-6.429577518814371e+21,-0.0,22973522.0,0.0,0.0,0.0,-0.0,0,1.3516416376850534e+27,227,0.0,454,2.40156025918058e+36,0.0,2114,0,17110,0,17112,39322,17095,0,0,0,101,100,100,0.0,64.1,0.0,64.9,-107615232.0,64.0,1,49,50,180,52429,0,0,0,0.0,0.0,0.0,60.0,2.6872150314188313e+24,71.0,0.0,0.126,0.0,1069,0,1069,0,0,0,1070,0,1080,0,998,0,644,0,646,0,640,0,677,0.032,8.005886927989945e+21,2.004,2.73023467606737e+23,25744,16814,4.580575804727414e+30,2.2554808614651567e+25,51708044.0,-271879.531,0.0,-3.657003555813305e+26,50.0,60.0,35,0.0,0.0,10.0,2.0,0.0,0.0,0.0,0.0,0.0,0.0,0.0,0.0,0.0,0.0,0.0,0.0,58.8,52,12,65510,26,65476,0,300,0,0,8,20529,65476,0,0,30147,60.0,0.0,10.0,10.0,2.0,0.0
2026-02-16T12:15:02,ERR,ERR,ERR,ERR,ERR,ERR,ERR,ERR,ERR,ERR,ERR,ERR,ERR,ERR,ERR,ERR,ERR,ERR,ERR,ERR,ERR,ERR,ERR,ERR,ERR,ERR,ERR,ERR,ERR,ERR,ERR,ERR,ERR,ERR,ERR,ERR,ERR,ERR,ERR,ERR,ERR,ERR,ERR,ERR,ERR,ERR,ERR,ERR,ERR,ERR,ERR,ERR,ERR,ERR,ERR,ERR,ERR,ERR,ERR,ERR,ERR,ERR,ERR,ERR,ERR,ERR,ERR,ERR,ERR,ERR,ERR,ERR,ERR,ERR,ERR,ERR,ERR,ERR,ERR,ERR,ERR,ERR,ERR,ERR,ERR,ERR,ERR,ERR,ERR,ERR,ERR,ERR,ERR,ERR,ERR,ERR,ERR,ERR,ERR,ERR,ERR,ERR,ERR,ERR,ERR,ERR,ERR,ERR,ERR,ERR,ERR,ERR,ERR,ERR,ERR,ERR,ERR,ERR,ERR,ERR,ERR,ERR,ERR,ERR,ERR,0.0,0.0,-0.0,0.0,-0.016,-1434.034,-0.0,2.4724803185950065e+18,4300,0,8,17167,4300,nan,41,0.0,0.0,0.0,0.0,-4.925046184806267e+32,0,0,0,0,0.0,0,0,0,0,0,0,0,0,0,0,0,0,0,0,0,0,0,0,0,0,0,0,0,0,0,0,0,0,0,0,0,0,0,8,38,37,45,65476,388,65476,1,0,4,21553,0.0,-0.0,4.007709116825661e+21,0.0,0.0,0.0,0.0,0.0,0.0,0.0,0.0,0.0,0.0,0.0,0.0,0.0,0.0,0.0,0.0,0.0,0.0,2.004,3.697062548517736e+19,0.0,2.004,2.004,0.0,0.0,0.0,0.0,6655.0,2.004,0.0,0.0,0.0,0.0,-0.0,-0.0,0.0,2.004,2.004,227,-0.0,-0.0,0.0,0.0,0.0,0.0,0.0,0.0,0.0,0,0,0,-0.234,1495332352.0,1453672483520512.0,nan,1.1140878094449613e+20,0.11,28323.035,-0.0,0.0,-6.909192864730819e+21,-0.0,24546386.0,0.0,0.0,0.0,-1.1424511474988402e+32,0,1.3516416376850534e+27,227,0.0,456,2.40156025918058e+36,-0.0,2114,0,17110,0,17112,39322,17095,0,0,0,101,100,100,0.0,64.1,0.0,64.9,-107615232.0,64.0,1,49,50,180,52429,0,0,0,0.0,0.0,0.0,60.0,2.6872150314188313e+24,71.0,0.0,0.126,0.0,1069,0,1069,0,0,0,1070,0,1080,0,998,0,644,0,646,0,640,0,677,0.032,8.005886927989945e+21,2.004,2.73023467606737e+23,25744,16814,4.580575804727414e+30,2.2554808614651567e+25,51708044.0,-271879.531,0.0,-3.657003555813305e+26,50.0,60.0,35,0.0,0.0,10.0,2.0,0.0,0.0,0.0,0.0,0.0,0.0,0.0,0.0,0.0,0.0,0.0,0.0,58.8,53,12,65510,26,65476,0,300,0,0,8,20529,65476,0,0,30147,60.0,0.0,10.0,10.0,2.0,0.0
2026-02-16T12:15:03,ERR,ERR,ERR,ERR,ERR,ERR,ERR,ERR,ERR,ERR,ERR,ERR,ERR,ERR,ERR,ERR,ERR,ERR,ERR,ERR,ERR,ERR,ERR,ERR,ERR,ERR,ERR,ERR,ERR,ERR,ERR,ERR,ERR,ERR,ERR,ERR,ERR,ERR,ERR,ERR,ERR,ERR,ERR,ERR,ERR,ERR,ERR,ERR,ERR,ERR,ERR,ERR,ERR,ERR,ERR,ERR,ERR,ERR,ERR,ERR,ERR,ERR,ERR,ERR,ERR,ERR,ERR,ERR,ERR,ERR,ERR,ERR,ERR,ERR,ERR,ERR,ERR,ERR,ERR,ERR,ERR,ERR,ERR,ERR,ERR,ERR,ERR,ERR,ERR,ERR,ERR,ERR,ERR,ERR,ERR,ERR,ERR,ERR,ERR,ERR,ERR,ERR,ERR,ERR,ERR,ERR,ERR,ERR,ERR,ERR,ERR,ERR,ERR,ERR,ERR,ERR,ERR,ERR,ERR,ERR,ERR,ERR,ERR,ERR,ERR,0.0,0.0,-0.0,0.0,-0.016,-1434.034,-0.0,2.4724803185950065e+18,4300,0,8,17167,4300,nan,41,0.0,0.0,0.0,0.0,-4.925046184806267e+32,0,0,0,0,0.0,0,0,0,0,0,0,0,0,0,0,0,0,0,0,0,0,0,0,0,0,0,0,0,0,0,0,0,0,0,0,0,0,0,8,38,37,45,65476,388,65476,1,0,4,21553,0.0,-0.0,4.007709116825661e+21,0.0,0.0,0.0,0.0,0.0,0.0,0.0,0.0,0.0,0.0,0.0,0.0,0.0,0.0,0.0,0.0,0.0,0.0,2.004,3.697062548517736e+19,0.0,2.004,2.004,0.0,0.0,0.0,0.0,6655.0,2.004,0.0,0.0,0.0,0.0,-0.0,-0.0,0.0,2.004,2.004,227,-0.0,-0.0,0.0,0.0,0.0,0.0,0.0,0.0,0.0,0,0,0,-0.234,1495332352.0,1453672483520512.0,nan,1.1140878094449613e+20,0.11,28323.035,-0.0,0.0,-6.909192864730819e+21,-0.0,24546386.0,0.0,0.0,0.0,-1.1424511474988402e+32,0,1.3516416376850534e+27,227,0.0,456,2.40156025918058e+36,-0.0,2114,0,17110,0,17112,39322,17095,0,0,0,101,100,100,0.0,64.1,0.0,64.9,-107615232.0,64.0,1,49,50,180,52429,0,0,0,0.0,0.0,0.0,60.0,2.6872150314188313e+24,71.0,0.0,0.126,0.0,1069,0,1069,0,0,0,1070,0,1080,0,998,0,644,0,646,0,640,0,677,0.032,8.005886927989945e+21,2.004,2.73023467606737e+23,25744,16814,4.580575804727414e+30,2.2554808614651567e+25,51708044.0,-271879.531,0.0,-3.657003555813305e+26,50.0,60.0,35,0.0,0.0,10.0,2.0,0.0,0.0,0.0,0.0,0.0,0.0,0.0,0.0,0.0,0.0,0.0,0.0,58.8,53,12,65510,26,65476,0,300,0,0,8,20529,65476,0,0,30147,60.0,0.0,10.0,10.0,2.0,0.0
2026-02-16T12:15:04,ERR,ERR,ERR,ERR,ERR,ERR,ERR,ERR,ERR,ERR,ERR,ERR,ERR,ERR,ERR,ERR,ERR,ERR,ERR,ERR,ERR,ERR,ERR,ERR,ERR,ERR,ERR,ERR,ERR,ERR,ERR,ERR,ERR,ERR,ERR,ERR,ERR,ERR,ERR,ERR,ERR,ERR,ERR,ERR,ERR,ERR,ERR,ERR,ERR,ERR,ERR,ERR,ERR,ERR,ERR,ERR,ERR,ERR,ERR,ERR,ERR,ERR,ERR,ERR,ERR,ERR,ERR,ERR,ERR,ERR,ERR,ERR,ERR,ERR,ERR,ERR,ERR,ERR,ERR,ERR,ERR,ERR,ERR,ERR,ERR,ERR,ERR,ERR,ERR,ERR,ERR,ERR,ERR,ERR,ERR,ERR,ERR,ERR,ERR,ERR,ERR,ERR,ERR,ERR,ERR,ERR,ERR,ERR,ERR,ERR,ERR,ERR,ERR,ERR,ERR,ERR,ERR,ERR,ERR,ERR,ERR,ERR,ERR,ERR,ERR,0.0,0.0,-0.0,0.0,-0.016,-1434.034,-0.0,2.4724803185950065e+18,4300,0,8,17167,4300,nan,41,0.0,0.0,0.0,0.0,-4.925046184806267e+32,0,0,0,0,0.0,0,0,0,0,0,0,0,0,0,0,0,0,0,0,0,0,0,0,0,0,0,0,0,0,0,0,0,0,0,0,0,0,0,8,38,37,45,65476,388,65476,1,0,4,21553,0.0,-0.0,4.007709116825661e+21,0.0,0.0,0.0,0.0,0.0,0.0,0.0,0.0,0.0,0.0,0.0,0.0,0.0,0.0,0.0,0.0,0.0,0.0,2.004,3.697062548517736e+19,0.0,2.004,2.004,0.0,0.0,0.0,0.0,6655.0,2.004,0.0,0.0,0.0,0.0,-0.0,-0.0,0.0,2.004,2.004,227,-0.0,-0.0,0.0,0.0,0.0,0.0,0.0,0.0,0.0,0,0,0,-0.234,1495332352.0,1453672483520512.0,nan,1.1140878094449613e+20,0.11,28323.035,-0.0,0.0,-6.909192864730819e+21,-0.0,24546386.0,0.0,0.0,0.0,-1.1424511474988402e+32,0,1.3516416376850534e+27,227,0.0,456,2.40156025918058e+36,-0.0,2114,0,17110,0,17112,52429,17095,0,0,0,101,100,100,0.0,64.0,0.0,64.9,-107615232.0,64.0,1,49,50,180,52429,0,0,0,0.0,0.0,0.0,60.0,-0.0,71.0,0.0,-0.0,0.0,1069,0,1070,0,0,0,1071,0,1080,0,999,0,644,0,646,0,640,0,676,0.032,7.968993439842526e+21,0.0,0.0,18576,16814,2.4758197891082137e+38,-0.0,-0.0,0.0,-0.0,0.0,50.0,60.0,35,0.0,0.0,10.0,2.0,0.0,0.0,0.0,0.0,0.0,0.0,0.0,0.0,0.0,0.0,0.0,0.0,58.8,53,12,65510,26,65476,0,300,0,0,8,20529,65476,0,0,30147,60.0,0.0,10.0,10.0,2.0,0.0
2026-02-16T12:15:05,ERR,ERR,ERR,ERR,ERR,ERR,ERR,ERR,ERR,ERR,ERR,ERR,ERR,ERR,ERR,ERR,ERR,ERR,ERR,ERR,ERR,ERR,ERR,ERR,ERR,ERR,ERR,ERR,ERR,ERR,ERR,ERR,ERR,ERR,ERR,ERR,ERR,ERR,ERR,ERR,ERR,ERR,ERR,ERR,ERR,ERR,ERR,ERR,ERR,ERR,ERR,ERR,ERR,ERR,ERR,ERR,ERR,ERR,ERR,ERR,ERR,ERR,ERR,ERR,ERR,ERR,ERR,ERR,ERR,ERR,ERR,ERR,ERR,ERR,ERR,ERR,ERR,ERR,ERR,ERR,ERR,ERR,ERR,ERR,ERR,ERR,ERR,ERR,ERR,ERR,ERR,ERR,ERR,ERR,ERR,ERR,ERR,ERR,ERR,ERR,ERR,ERR,ERR,ERR,ERR,ERR,ERR,ERR,ERR,ERR,ERR,ERR,ERR,ERR,ERR,ERR,ERR,ERR,ERR,ERR,ERR,ERR,ERR,ERR,ERR,0.0,0.0,-0.0,0.0,-0.016,-1434.034,-0.0,2.4724803185950065e+18,4300,0,8,17167,4300,nan,41,0.0,0.0,0.0,0.0,-4.925046184806267e+32,0,0,0,0,0.0,0,0,0,0,0,0,0,0,0,0,0,0,0,0,0,0,0,0,0,0,0,0,0,0,0,0,0,0,0,0,0,0,0,8,38,37,45,65476,388,65476,1,0,4,21553,0.0,-0.0,4.007709116825661e+21,0.0,0.0,0.0,0.0,0.0,0.0,0.0,0.0,0.0,0.0,0.0,0.0,0.0,0.0,0.0,0.0,0.0,0.0,2.004,3.697062548517736e+19,0.0,2.004,2.004,0.0,0.0,0.0,0.0,6655.0,2.004,0.0,0.0,0.0,0.0,-0.0,-0.0,0.0,2.004,2.004,227,-0.0,-0.0,0.0,0.0,0.0,0.0,0.0,0.0,0.0,0,0,0,-0.234,1495332352.0,1453672483520512.0,nan,1.1140878094449613e+20,0.11,28323.035,-0.0,0.0,-6.909192864730819e+21,-0.0,24546386.0,0.0,0.0,0.0,-1.1424511474988402e+32,0,1.3516416376850534e+27,227,0.0,456,2.40156025918058e+36,-0.0,2114,0,17110,0,17112,52429,17095,0,0,0,101,100,100,0.0,64.0,0.0,64.9,-107615232.0,64.0,1,49,50,180,52429,0,0,0,0.0,0.0,0.0,60.0,-0.0,71.0,0.0,-0.0,0.0,1069,0,1070,0,0,0,1071,0,1080,0,999,0,644,0,646,0,640,0,676,0.032,7.968993439842526e+21,0.0,0.0,18576,16814,2.4758197891082137e+38,-0.0,-0.0,0.0,-0.0,0.0,50.0,60.0,35,0.0,0.0,10.0,2.0,0.0,0.0,0.0,0.0,0.0,0.0,0.0,0.0,0.0,0.0,0.0,0.0,58.8,53,12,65510,26,65476,0,300,0,0,8,20529,65476,0,0,30147,60.0,0.0,10.0,10.0,2.0,0.0
2026-02-16T12:15:06,ERR,ERR,ERR,ERR,ERR,ERR,ERR,ERR,ERR,ERR,ERR,ERR,ERR,ERR,ERR,ERR,ERR,ERR,ERR,ERR,ERR,ERR,ERR,ERR,ERR,ERR,ERR,ERR,ERR,ERR,ERR,ERR,ERR,ERR,ERR,ERR,ERR,ERR,ERR,ERR,ERR,ERR,ERR,ERR,ERR,ERR,ERR,ERR,ERR,ERR,ERR,ERR,ERR,ERR,ERR,ERR,ERR,ERR,ERR,ERR,ERR,ERR,ERR,ERR,ERR,ERR,ERR,ERR,ERR,ERR,ERR,ERR,ERR,ERR,ERR,ERR,ERR,ERR,ERR,ERR,ERR,ERR,ERR,ERR,ERR,ERR,ERR,ERR,ERR,ERR,ERR,ERR,ERR,ERR,ERR,ERR,ERR,ERR,ERR,ERR,ERR,ERR,ERR,ERR,ERR,ERR,ERR,ERR,ERR,ERR,ERR,ERR,ERR,ERR,ERR,ERR,ERR,ERR,ERR,ERR,ERR,ERR,ERR,ERR,ERR,0.0,0.0,-0.0,0.0,-0.016,-1434.034,-0.0,2.4724803185950065e+18,4300,0,8,17167,4300,nan,41,0.0,0.0,0.0,0.0,-4.925046184806267e+32,0,0,0,0,0.0,0,0,0,0,0,0,0,0,0,0,0,0,0,0,0,0,0,0,0,0,0,0,0,0,0,0,0,0,0,0,0,0,0,8,38,37,45,65476,388,65476,1,0,4,21553,0.0,-0.0,4.007709116825661e+21,0.0,0.0,0.0,0.0,0.0,0.0,0.0,0.0,0.0,0.0,0.0,0.0,0.0,0.0,0.0,0.0,0.0,0.0,2.004,3.697062548517736e+19,0.0,2.004,2.004,0.0,0.0,0.0,0.0,6655.0,2.004,0.0,0.0,0.0,0.0,-0.0,-0.0,0.0,2.004,2.004,227,-0.0,-0.0,0.0,0.0,0.0,0.0,0.0,0.0,0.0,0,0,0,-0.234,1495332352.0,1453672483520512.0,nan,1.1140878094449613e+20,0.11,28323.035,-0.0,0.0,-6.909192864730819e+21,-0.0,24546386.0,0.0,0.0,0.0,-1.1424511474988402e+32,0,1.3516416376850534e+27,227,0.0,456,2.40156025918058e+36,-0.0,2114,0,17110,0,17112,52429,17095,0,0,0,101,100,100,0.0,64.0,0.0,64.9,-107615232.0,64.0,1,49,50,180,52429,0,0,0,0.0,0.0,0.0,60.0,-0.0,71.0,0.0,-0.0,0.0,1069,0,1070,0,0,0,1071,0,1080,0,999,0,644,0,646,0,640,0,676,0.032,7.968993439842526e+21,0.0,0.0,18576,16814,2.4758197891082137e+38,-0.0,-0.0,0.0,-0.0,0.0,50.0,60.0,35,0.0,0.0,10.0,2.0,0.0,0.0,0.0,0.0,0.0,0.0,0.0,0.0,0.0,0.0,0.0,0.0,58.8,53,12,65510,26,65476,0,300,0,0,8,20529,65476,0,0,30147,60.0,0.0,10.0,10.0,2.0,0.0
2026-02-16T12:15:07,ERR,ERR,ERR,ERR,ERR,ERR,ERR,ERR,ERR,ERR,ERR,ERR,ERR,ERR,ERR,ERR,ERR,ERR,ERR,ERR,ERR,ERR,ERR,ERR,ERR,ERR,ERR,ERR,ERR,ERR,ERR,ERR,ERR,ERR,ERR,ERR,ERR,ERR,ERR,ERR,ERR,ERR,ERR,ERR,ERR,ERR,ERR,ERR,ERR,ERR,ERR,ERR,ERR,ERR,ERR,ERR,ERR,ERR,ERR,ERR,ERR,ERR,ERR,ERR,ERR,ERR,ERR,ERR,ERR,ERR,ERR,ERR,ERR,ERR,ERR,ERR,ERR,ERR,ERR,ERR,ERR,ERR,ERR,ERR,ERR,ERR,ERR,ERR,ERR,ERR,ERR,ERR,ERR,ERR,ERR,ERR,ERR,ERR,ERR,ERR,ERR,ERR,ERR,ERR,ERR,ERR,ERR,ERR,ERR,ERR,ERR,ERR,ERR,ERR,ERR,ERR,ERR,ERR,ERR,ERR,ERR,ERR,ERR,ERR,ERR,0.0,0.0,0.0,0.0,0.0,1.1020869544250336e+36,0.0,0.0,4300,0,8,17167,4300,nan,41,0.0,0.0,0.0,0.0,-4.925046184806267e+32,0,0,0,0,0.0,0,0,0,0,0,0,0,0,0,0,0,0,0,0,0,0,0,0,0,0,0,0,0,0,0,0,0,0,0,0,0,0,0,7,38,37,45,65476,387,65476,1,0,4,21553,0.0,-0.0,4.7559947205497324e+20,0.0,0.0,0.0,0.0,0.0,0.0,0.0,0.0,0.0,0.0,0.0,0.0,0.0,0.0,0.0,0.0,0.0,0.0,2.004,3.697062548517736e+19,0.0,2.004,2.004,0.0,0.0,0.0,0.0,6624.0,-0.0,0.0,0.0,0.0,0.0,-0.0,0.0,0.0,2.004,2.004,226,-0.0,-1.905696230688686e+17,0.0,0.0,0.0,0.0,0.0,0.0,0.0,0,0,0,-7283127.5,-15385210880.0,3.3532596386267136e+16,0.007,30625.719,1.55421623341974e+33,0.0,-0.0,0.0,-7.351914722499848e+21,-0.0,26381394.0,0.0,0.0,0.0,-2066407.5,0,1.3516416376850534e+27,226,0.0,452,0.0,-4.008,2114,0,17110,0,17112,52429,17095,0,0,0,101,100,100,0.0,64.1,0.0,64.9,-107615232.0,64.0,1,49,50,180,52429,0,0,0,0.0,0.0,0.0,60.0,4.4268382991934e+33,71.0,0.0,0.0,0.0,1069,0,1070,0,0,0,1071,0,1080,0,999,0,644,0,645,0,640,0,676,0.032,8.005886927989945e+21,0.0,0.0,18576,16814,4.4268382991934e+33,0.0,-202585604620288.0,2.677034734533153e+23,-127912796160.0,1.89367515461349e+20,50.0,60.0,35,0.0,0.0,10.0,2.0,0.0,0.0,0.0,0.0,0.0,0.0,0.0,0.0,0.0,0.0,0.0,0.0,58.8,53,12,65510,26,65476,0,300,0,0,8,20529,65476,0,0,30147,60.0,0.0,10.0,10.0,2.0,0.0
2026-02-16T12:15:08,ERR,ERR,ERR,ERR,ERR,ERR,ERR,ERR,ERR,ERR,ERR,ERR,ERR,ERR,ERR,ERR,ERR,ERR,ERR,ERR,ERR,ERR,ERR,ERR,ERR,ERR,ERR,ERR,ERR,ERR,ERR,ERR,ERR,ERR,ERR,ERR,ERR,ERR,ERR,ERR,ERR,ERR,ERR,ERR,ERR,ERR,ERR,ERR,ERR,ERR,ERR,ERR,ERR,ERR,ERR,ERR,ERR,ERR,ERR,ERR,ERR,ERR,ERR,ERR,ERR,ERR,ERR,ERR,ERR,ERR,ERR,ERR,ERR,ERR,ERR,ERR,ERR,ERR,ERR,ERR,ERR,ERR,ERR,ERR,ERR,ERR,ERR,ERR,ERR,ERR,ERR,ERR,ERR,ERR,ERR,ERR,ERR,ERR,ERR,ERR,ERR,ERR,ERR,ERR,ERR,ERR,ERR,ERR,ERR,ERR,ERR,ERR,ERR,ERR,ERR,ERR,ERR,ERR,ERR,ERR,ERR,ERR,ERR,ERR,ERR,0.0,0.0,0.0,0.0,0.0,1.1020869544250336e+36,0.0,0.0,4300,0,8,17167,4300,nan,41,0.0,0.0,0.0,0.0,-4.925046184806267e+32,0,0,0,0,0.0,0,0,0,0,0,0,0,0,0,0,0,0,0,0,0,0,0,0,0,0,0,0,0,0,0,0,0,0,0,0,0,0,0,7,38,37,45,65476,387,65476,1,0,4,21553,0.0,-0.0,4.7559947205497324e+20,0.0,0.0,0.0,0.0,0.0,0.0,0.0,0.0,0.0,0.0,0.0,0.0,0.0,0.0,0.0,0.0,0.0,0.0,2.004,3.697062548517736e+19,0.0,2.004,2.004,0.0,0.0,0.0,0.0,6624.0,-0.0,0.0,0.0,0.0,0.0,-0.0,0.0,0.0,2.004,2.004,226,-0.0,-1.905696230688686e+17,0.0,0.0,0.0,0.0,0.0,0.0,0.0,0,0,0,-7283127.5,-15385210880.0,3.3532596386267136e+16,0.007,30625.719,1.55421623341974e+33,0.0,-0.0,0.0,-7.351914722499848e+21,-0.0,26381394.0,0.0,0.0,0.0,-2066407.5,0,1.3516416376850534e+27,226,0.0,452,0.0,-4.008,2114,0,17110,0,17112,52429,17095,0,0,0,101,100,100,0.0,64.1,0.0,64.9,-107615232.0,64.0,1,49,50,180,52429,0,0,0,0.0,0.0,0.0,60.0,4.4268382991934e+33,71.0,0.0,0.0,0.0,1069,0,1070,0,0,0,1071,0,1080,0,999,0,644,0,645,0,640,0,676,0.032,8.005886927989945e+21,0.0,0.0,18576,16814,4.4268382991934e+33,0.0,-202585604620288.0,2.677034734533153e+23,-127912796160.0,1.89367515461349e+20,50.0,60.0,35,0.0,0.0,10.0,2.0,0.0,0.0,0.0,0.0,0.0,0.0,0.0,0.0,0.0,0.0,0.0,0.0,59.2,53,12,65510,26,65476,0,300,0,0,8,20529,65476,0,0,30147,60.0,0.0,10.0,10.0,2.0,0.0
2026-02-16T12:15:09,ERR,ERR,ERR,ERR,ERR,ERR,ERR,ERR,ERR,ERR,ERR,ERR,ERR,ERR,ERR,ERR,ERR,ERR,ERR,ERR,ERR,ERR,ERR,ERR,ERR,ERR,ERR,ERR,ERR,ERR,ERR,ERR,ERR,ERR,ERR,ERR,ERR,ERR,ERR,ERR,ERR,ERR,ERR,ERR,ERR,ERR,ERR,ERR,ERR,ERR,ERR,ERR,ERR,ERR,ERR,ERR,ERR,ERR,ERR,ERR,ERR,ERR,ERR,ERR,ERR,ERR,ERR,ERR,ERR,ERR,ERR,ERR,ERR,ERR,ERR,ERR,ERR,ERR,ERR,ERR,ERR,ERR,ERR,ERR,ERR,ERR,ERR,ERR,ERR,ERR,ERR,ERR,ERR,ERR,ERR,ERR,ERR,ERR,ERR,ERR,ERR,ERR,ERR,ERR,ERR,ERR,ERR,ERR,ERR,ERR,ERR,ERR,ERR,ERR,ERR,ERR,ERR,ERR,ERR,ERR,ERR,ERR,ERR,ERR,ERR,0.0,0.0,0.0,0.0,0.0,1.1020869544250336e+36,0.0,0.0,4300,0,8,17167,4300,nan,41,0.0,0.0,0.0,0.0,-4.925046184806267e+32,0,0,0,0,0.0,0,0,0,0,0,0,0,0,0,0,0,0,0,0,0,0,0,0,0,0,0,0,0,0,0,0,0,0,0,0,0,0,0,7,38,37,45,65476,387,65476,1,0,4,21553,0.0,-0.0,4.7559947205497324e+20,0.0,0.0,0.0,0.0,0.0,0.0,0.0,0.0,0.0,0.0,0.0,0.0,0.0,0.0,0.0,0.0,0.0,0.0,2.004,3.697062548517736e+19,0.0,2.004,2.004,0.0,0.0,0.0,0.0,6624.0,-0.0,0.0,0.0,0.0,0.0,-0.0,0.0,0.0,2.004,2.004,226,-0.0,-1.905696230688686e+17,0.0,0.0,0.0,0.0,0.0,0.0,0.0,0,0,0,-7283127.5,-15385210880.0,3.3532596386267136e+16,0.007,30625.719,1.55421623341974e+33,0.0,-0.0,0.0,-7.351914722499848e+21,-0.0,26381394.0,0.0,0.0,0.0,-2066407.5,0,1.3516416376850534e+27,226,0.0,452,0.0,-4.008,2114,0,17110,0,17112,52429,17095,0,0,0,101,100,100,0.0,64.1,0.0,64.9,-107615232.0,64.0,1,49,50,180,52429,0,0,0,0.0,0.0,0.0,60.0,4.4268382991934e+33,71.0,0.0,0.0,0.0,1069,0,1070,0,0,0,1071,0,1080,0,999,0,644,0,645,0,640,0,676,0.032,8.005886927989945e+21,0.0,0.0,18576,16814,4.4268382991934e+33,0.0,-202585604620288.0,2.677034734533153e+23,-127912796160.0,1.89367515461349e+20,50.0,60.0,35,0.0,0.0,10.0,2.0,0.0,0.0,0.0,0.0,0.0,0.0,0.0,0.0,0.0,0.0,0.0,0.0,59.2,53,12,65510,26,65476,0,300,0,0,8,20529,65476,0,0,30147,60.0,0.0,10.0,10.0,2.0,0.0
2026-02-16T12:15:10,ERR,ERR,ERR,ERR,ERR,ERR,ERR,ERR,ERR,ERR,ERR,ERR,ERR,ERR,ERR,ERR,ERR,ERR,ERR,ERR,ERR,ERR,ERR,ERR,ERR,ERR,ERR,ERR,ERR,ERR,ERR,ERR,ERR,ERR,ERR,ERR,ERR,ERR,ERR,ERR,ERR,ERR,ERR,ERR,ERR,ERR,ERR,ERR,ERR,ERR,ERR,ERR,ERR,ERR,ERR,ERR,ERR,ERR,ERR,ERR,ERR,ERR,ERR,ERR,ERR,ERR,ERR,ERR,ERR,ERR,ERR,ERR,ERR,ERR,ERR,ERR,ERR,ERR,ERR,ERR,ERR,ERR,ERR,ERR,ERR,ERR,ERR,ERR,ERR,ERR,ERR,ERR,ERR,ERR,ERR,ERR,ERR,ERR,ERR,ERR,ERR,ERR,ERR,ERR,ERR,ERR,ERR,ERR,ERR,ERR,ERR,ERR,ERR,ERR,ERR,ERR,ERR,ERR,ERR,ERR,ERR,ERR,ERR,ERR,ERR,0.0,0.0,0.0,0.0,0.0,1.1020869544250336e+36,0.0,0.0,4300,0,8,17167,4300,nan,41,0.0,0.0,0.0,0.0,-4.925046184806267e+32,0,0,0,0,0.0,0,0,0,0,0,0,0,0,0,0,0,0,0,0,0,0,0,0,0,0,0,0,0,0,0,0,0,0,0,0,0,0,0,7,38,37,45,65476,387,65476,1,0,4,21553,0.0,-0.0,4.7559947205497324e+20,0.0,0.0,0.0,0.0,0.0,0.0,0.0,0.0,0.0,0.0,0.0,0.0,0.0,0.0,0.0,0.0,0.0,0.0,2.004,3.697062548517736e+19,0.0,2.004,2.004,0.0,0.0,0.0,0.0,6624.0,-0.0,0.0,0.0,0.0,0.0,-0.0,0.0,0.0,2.004,2.004,226,-0.0,-1.905696230688686e+17,0.0,0.0,0.0,0.0,0.0,0.0,0.0,0,0,0,-7283127.5,-15385210880.0,3.3532596386267136e+16,0.007,30625.719,1.55421623341974e+33,0.0,-0.0,0.0,-7.351914722499848e+21,-0.0,26381394.0,0.0,0.0,0.0,-2066407.5,0,1.3516416376850534e+27,226,0.0,452,0.0,-4.008,2114,0,17110,0,17112,52429,17095,0,0,0,101,100,100,0.0,64.1,0.0,64.9,-107615232.0,64.0,1,49,50,180,52429,0,0,0,0.0,0.0,0.0,60.0,4.4268382991934e+33,71.0,0.0,0.0,0.0,1069,0,1070,0,0,0,1071,0,1080,0,999,0,644,0,645,0,640,0,676,0.032,8.005886927989945e+21,0.0,0.0,18576,16814,4.4268382991934e+33,0.0,-202585604620288.0,2.677034734533153e+23,-127912796160.0,1.89367515461349e+20,50.0,60.0,35,0.0,0.0,10.0,2.0,0.0,0.0,0.0,0.0,0.0,0.0,0.0,0.0,0.0,0.0,0.0,0.0,58.8,53,12,65510,26,65476,0,300,0,0,8,20529,65476,0,0,30147,60.0,0.0,10.0,10.0,2.0,0.0
2026-02-16T12:15:11,ERR,ERR,ERR,ERR,ERR,ERR,ERR,ERR,ERR,ERR,ERR,ERR,ERR,ERR,ERR,ERR,ERR,ERR,ERR,ERR,ERR,ERR,ERR,ERR,ERR,ERR,ERR,ERR,ERR,ERR,ERR,ERR,ERR,ERR,ERR,ERR,ERR,ERR,ERR,ERR,ERR,ERR,ERR,ERR,ERR,ERR,ERR,ERR,ERR,ERR,ERR,ERR,ERR,ERR,ERR,ERR,ERR,ERR,ERR,ERR,ERR,ERR,ERR,ERR,ERR,ERR,ERR,ERR,ERR,ERR,ERR,ERR,ERR,ERR,ERR,ERR,ERR,ERR,ERR,ERR,ERR,ERR,ERR,ERR,ERR,ERR,ERR,ERR,ERR,ERR,ERR,ERR,ERR,ERR,ERR,ERR,ERR,ERR,ERR,ERR,ERR,ERR,ERR,ERR,ERR,ERR,ERR,ERR,ERR,ERR,ERR,ERR,ERR,ERR,ERR,ERR,ERR,ERR,ERR,ERR,ERR,ERR,ERR,ERR,ERR,0.0,0.0,0.0,0.0,0.0,1.1020869544250336e+36,0.0,0.0,4300,0,8,17167,4300,nan,41,0.0,0.0,0.0,0.0,-4.925046184806267e+32,0,0,0,0,0.0,0,0,0,0,0,0,0,0,0,0,0,0,0,0,0,0,0,0,0,0,0,0,0,0,0,0,0,0,0,0,0,0,0,7,38,37,45,65476,387,65476,1,0,4,21553,0.0,-0.0,4.7559947205497324e+20,0.0,0.0,0.0,0.0,0.0,0.0,0.0,0.0,0.0,0.0,0.0,0.0,0.0,0.0,0.0,0.0,0.0,0.0,2.004,3.697062548517736e+19,0.0,2.004,2.004,0.0,0.0,0.0,0.0,6624.0,-0.0,0.0,0.0,0.0,0.0,-0.0,0.0,0.0,2.004,2.004,226,-0.0,-1.905696230688686e+17,0.0,0.0,0.0,0.0,0.0,0.0,0.0,0,0,0,-7283127.5,-15385210880.0,3.3532596386267136e+16,0.007,30625.719,1.55421623341974e+33,0.0,-0.0,0.0,-7.351914722499848e+21,-0.0,26381394.0,0.0,0.0,0.0,-2066407.5,0,1.3516416376850534e+27,226,0.0,452,0.0,-4.008,2114,0,17110,0,17112,52429,17095,0,0,0,101,100,100,0.0,64.1,0.0,64.9,-107615232.0,64.0,1,49,50,180,52429,0,0,0,0.0,0.0,0.0,60.0,3.0464809761706694e+31,71.0,0.0,0.0,0.0,1069,0,1069,0,0,0,1070,0,1080,0,999,0,644,0,646,0,640,0,676,0.032,7.968993439842526e+21,0.0,0.0,24976,16814,3.412794921344082e+22,0.0,-50.813,-0.0,-0.0,172228752.0,50.0,60.0,35,0.0,0.0,10.0,2.0,0.0,0.0,0.0,0.0,0.0,0.0,0.0,0.0,0.0,0.0,0.0,0.0,58.8,53,12,65510,26,65476,0,300,0,0,8,20529,65476,0,0,30147,60.0,0.0,10.0,10.0,2.0,0.0
2026-02-16T12:15:12,ERR,ERR,ERR,ERR,ERR,ERR,ERR,ERR,ERR,ERR,ERR,ERR,ERR,ERR,ERR,ERR,ERR,ERR,ERR,ERR,ERR,ERR,ERR,ERR,ERR,ERR,ERR,ERR,ERR,ERR,ERR,ERR,ERR,ERR,ERR,ERR,ERR,ERR,ERR,ERR,ERR,ERR,ERR,ERR,ERR,ERR,ERR,ERR,ERR,ERR,ERR,ERR,ERR,ERR,ERR,ERR,ERR,ERR,ERR,ERR,ERR,ERR,ERR,ERR,ERR,ERR,ERR,ERR,ERR,ERR,ERR,ERR,ERR,ERR,ERR,ERR,ERR,ERR,ERR,ERR,ERR,ERR,ERR,ERR,ERR,ERR,ERR,ERR,ERR,ERR,ERR,ERR,ERR,ERR,ERR,ERR,ERR,ERR,ERR,ERR,ERR,ERR,ERR,ERR,ERR,ERR,ERR,ERR,ERR,ERR,ERR,ERR,ERR,ERR,ERR,ERR,ERR,ERR,ERR,ERR,ERR,ERR,ERR,ERR,ERR,0.0,0.0,0.0,0.0,0.0,-0.0,0.0,-3.80907277837295e+37,4300,0,8,17167,4300,nan,42,0.0,0.0,0.0,0.0,-4.925046184806267e+32,0,0,0,0,0.0,0,0,0,0,0,0,0,0,0,0,0,0,0,0,0,0,0,0,0,0,0,0,0,0,0,0,0,0,0,0,0,0,0,7,38,37,45,65476,385,65476,1,0,4,21553,0.0,0.0,-0.0,0.0,0.0,0.0,0.0,0.0,0.0,0.0,0.0,0.0,0.0,0.0,0.0,0.0,0.0,0.0,0.0,0.0,0.0,2.004,3.697062548517736e+19,0.0,2.004,2.004,0.0,0.0,0.0,0.0,6654.0,-8608234496.0,0.0,0.0,0.0,0.0,-0.0,0.0,0.0,2.004,2.004,228,-0.0,0.0,0.0,0.0,0.0,0.0,0.0,0.0,0.0,0,0,0,-2.145,0.0,7679461654790144.0,0.0,1.8279997313199424e+28,-6.896129892536654e+19,0.0,-0.0,0.0,-7.831530068416297e+21,-0.0,27954258.0,0.0,0.0,0.0,-2.8159762943175767e+20,0,1.3516416376850534e+27,228,0.0,456,2.40156025918058e+36,-0.0,2114,0,17110,0,17112,52429,17095,0,0,0,101,100,100,0.0,64.1,0.0,64.9,-107615232.0,64.0,1,49,50,180,52429,0,0,0,0.0,0.0,0.0,60.0,3.0464809761706694e+31,71.0,0.0,0.0,0.0,1069,0,1069,0,0,0,1070,0,1080,0,999,0,644,0,646,0,640,0,676,0.032,7.968993439842526e+21,0.0,0.0,24976,16814,3.412794921344082e+22,0.0,-50.813,-0.0,-0.0,172228752.0,50.0,60.0,35,0.0,0.0,10.0,2.0,0.0,0.0,0.0,0.0,0.0,0.0,0.0,0.0,0.0,0.0,0.0,0.0,58.8,53,12,65510,26,65476,0,300,0,0,8,20529,65476,0,0,30147,60.0,0.0,10.0,10.0,2.0,0.0
2026-02-16T12:15:13,ERR,ERR,ERR,ERR,ERR,ERR,ERR,ERR,ERR,ERR,ERR,ERR,ERR,ERR,ERR,ERR,ERR,ERR,ERR,ERR,ERR,ERR,ERR,ERR,ERR,ERR,ERR,ERR,ERR,ERR,ERR,ERR,ERR,ERR,ERR,ERR,ERR,ERR,ERR,ERR,ERR,ERR,ERR,ERR,ERR,ERR,ERR,ERR,ERR,ERR,ERR,ERR,ERR,ERR,ERR,ERR,ERR,ERR,ERR,ERR,ERR,ERR,ERR,ERR,ERR,ERR,ERR,ERR,ERR,ERR,ERR,ERR,ERR,ERR,ERR,ERR,ERR,ERR,ERR,ERR,ERR,ERR,ERR,ERR,ERR,ERR,ERR,ERR,ERR,ERR,ERR,ERR,ERR,ERR,ERR,ERR,ERR,ERR,ERR,ERR,ERR,ERR,ERR,ERR,ERR,ERR,ERR,ERR,ERR,ERR,ERR,ERR,ERR,ERR,ERR,ERR,ERR,ERR,ERR,ERR,ERR,ERR,ERR,ERR,ERR,0.0,0.0,0.0,0.0,0.0,-0.0,0.0,-3.80907277837295e+37,4300,0,8,17167,4300,nan,42,0.0,0.0,0.0,0.0,-4.925046184806267e+32,0,0,0,0,0.0,0,0,0,0,0,0,0,0,0,0,0,0,0,0,0,0,0,0,0,0,0,0,0,0,0,0,0,0,0,0,0,0,0,7,38,37,45,65476,385,65476,1,0,4,21553,0.0,0.0,-0.0,0.0,0.0,0.0,0.0,0.0,0.0,0.0,0.0,0.0,0.0,0.0,0.0,0.0,0.0,0.0,0.0,0.0,0.0,2.004,3.697062548517736e+19,0.0,2.004,2.004,0.0,0.0,0.0,0.0,6654.0,-8608234496.0,0.0,0.0,0.0,0.0,-0.0,0.0,0.0,2.004,2.004,228,-0.0,0.0,0.0,0.0,0.0,0.0,0.0,0.0,0.0,0,0,0,-2.145,0.0,7679461654790144.0,0.0,1.8279997313199424e+28,-6.896129892536654e+19,0.0,-0.0,0.0,-7.831530068416297e+21,-0.0,27954258.0,0.0,0.0,0.0,-2.8159762943175767e+20,0,1.3516416376850534e+27,228,0.0,456,2.40156025918058e+36,-0.0,2114,0,17110,0,17112,52429,17095,0,0,0,101,100,100,0.0,64.1,0.0,64.9,-107615232.0,64.0,1,49,50,180,52429,0,0,0,0.0,0.0,0.0,60.0,3.0464809761706694e+31,71.0,0.0,0.0,0.0,1069,0,1069,0,0,0,1070,0,1080,0,999,0,644,0,646,0,640,0,676,0.032,7.968993439842526e+21,0.0,0.0,24976,16814,3.412794921344082e+22,0.0,-50.813,-0.0,-0.0,172228752.0,50.0,60.0,35,0.0,0.0,10.0,2.0,0.0,0.0,0.0,0.0,0.0,0.0,0.0,0.0,0.0,0.0,0.0,0.0,58.8,53,12,65510,26,65476,0,300,0,0,8,20529,65476,0,0,30147,60.0,0.0,10.0,10.0,2.0,0.0
2026-02-16T12:15:14,ERR,ERR,ERR,ERR,ERR,ERR,ERR,ERR,ERR,ERR,ERR,ERR,ERR,ERR,ERR,ERR,ERR,ERR,ERR,ERR,ERR,ERR,ERR,ERR,ERR,ERR,ERR,ERR,ERR,ERR,ERR,ERR,ERR,ERR,ERR,ERR,ERR,ERR,ERR,ERR,ERR,ERR,ERR,ERR,ERR,ERR,ERR,ERR,ERR,ERR,ERR,ERR,ERR,ERR,ERR,ERR,ERR,ERR,ERR,ERR,ERR,ERR,ERR,ERR,ERR,ERR,ERR,ERR,ERR,ERR,ERR,ERR,ERR,ERR,ERR,ERR,ERR,ERR,ERR,ERR,ERR,ERR,ERR,ERR,ERR,ERR,ERR,ERR,ERR,ERR,ERR,ERR,ERR,ERR,ERR,ERR,ERR,ERR,ERR,ERR,ERR,ERR,ERR,ERR,ERR,ERR,ERR,ERR,ERR,ERR,ERR,ERR,ERR,ERR,ERR,ERR,ERR,ERR,ERR,ERR,ERR,ERR,ERR,ERR,ERR,0.0,0.0,0.0,0.0,0.0,-0.0,0.0,-3.80907277837295e+37,4300,0,8,17167,4300,nan,42,0.0,0.0,0.0,0.0,-4.925046184806267e+32,0,0,0,0,0.0,0,0,0,0,0,0,0,0,0,0,0,0,0,0,0,0,0,0,0,0,0,0,0,0,0,0,0,0,0,0,0,0,0,7,38,37,45,65476,385,65476,1,0,4,21553,0.0,0.0,-0.0,0.0,0.0,0.0,0.0,0.0,0.0,0.0,0.0,0.0,0.0,0.0,0.0,0.0,0.0,0.0,0.0,0.0,0.0,2.004,3.697062548517736e+19,0.0,2.004,2.004,0.0,0.0,0.0,0.0,6654.0,-8608234496.0,0.0,0.0,0.0,0.0,-0.0,0.0,0.0,2.004,2.004,228,-0.0,0.0,0.0,0.0,0.0,0.0,0.0,0.0,0.0,0,0,0,-2.145,0.0,7679461654790144.0,0.0,1.8279997313199424e+28,-6.896129892536654e+19,0.0,-0.0,0.0,-7.831530068416297e+21,-0.0,27954258.0,0.0,0.0,0.0,-2.8159762943175767e+20,0,1.3516416376850534e+27,228,0.0,456,2.40156025918058e+36,-0.0,2114,0,17110,0,17112,52429,17095,0,0,0,101,100,100,0.0,64.1,0.0,64.9,-107615232.0,64.0,1,49,50,180,52429,0,0,0,0.0,0.0,0.0,60.0,3.0464809761706694e+31,71.0,0.0,0.0,0.0,1069,0,1069,0,0,0,1070,0,1080,0,999,0,644,0,646,0,640,0,676,0.032,7.968993439842526e+21,0.0,0.0,24976,16814,3.412794921344082e+22,0.0,-50.813,-0.0,-0.0,172228752.0,50.0,60.0,35,0.0,0.0,10.0,2.0,0.0,0.0,0.0,0.0,0.0,0.0,0.0,0.0,0.0,0.0,0.0,0.0,58.8,53,12,65510,26,65476,0,300,0,0,8,20529,65476,0,0,30147,60.0,0.0,10.0,10.0,2.0,0.0
2026-02-16T12:15:15,ERR,ERR,ERR,ERR,ERR,ERR,ERR,ERR,ERR,ERR,ERR,ERR,ERR,ERR,ERR,ERR,ERR,ERR,ERR,ERR,ERR,ERR,ERR,ERR,ERR,ERR,ERR,ERR,ERR,ERR,ERR,ERR,ERR,ERR,ERR,ERR,ERR,ERR,ERR,ERR,ERR,ERR,ERR,ERR,ERR,ERR,ERR,ERR,ERR,ERR,ERR,ERR,ERR,ERR,ERR,ERR,ERR,ERR,ERR,ERR,ERR,ERR,ERR,ERR,ERR,ERR,ERR,ERR,ERR,ERR,ERR,ERR,ERR,ERR,ERR,ERR,ERR,ERR,ERR,ERR,ERR,ERR,ERR,ERR,ERR,ERR,ERR,ERR,ERR,ERR,ERR,ERR,ERR,ERR,ERR,ERR,ERR,ERR,ERR,ERR,ERR,ERR,ERR,ERR,ERR,ERR,ERR,ERR,ERR,ERR,ERR,ERR,ERR,ERR,ERR,ERR,ERR,ERR,ERR,ERR,ERR,ERR,ERR,ERR,ERR,0.0,0.0,0.0,0.0,0.0,-0.0,0.0,-3.80907277837295e+37,4300,0,8,17167,4300,nan,42,0.0,0.0,0.0,0.0,-4.925046184806267e+32,0,0,0,0,0.0,0,0,0,0,0,0,0,0,0,0,0,0,0,0,0,0,0,0,0,0,0,0,0,0,0,0,0,0,0,0,0,0,0,7,38,37,45,65476,385,65476,1,0,4,21553,0.0,0.0,-0.0,0.0,0.0,0.0,0.0,0.0,0.0,0.0,0.0,0.0,0.0,0.0,0.0,0.0,0.0,0.0,0.0,0.0,0.0,2.004,3.697062548517736e+19,0.0,2.004,2.004,0.0,0.0,0.0,0.0,6654.0,-8608234496.0,0.0,0.0,0.0,0.0,-0.0,0.0,0.0,2.004,2.004,228,-0.0,0.0,0.0,0.0,0.0,0.0,0.0,0.0,0.0,0,0,0,-2.145,0.0,7679461654790144.0,0.0,1.8279997313199424e+28,-6.896129892536654e+19,0.0,-0.0,0.0,-7.831530068416297e+21,-0.0,27954258.0,0.0,0.0,0.0,-2.8159762943175767e+20,0,1.3516416376850534e+27,228,0.0,456,2.40156025918058e+36,-0.0,2114,0,17110,0,17112,0,17096,0,0,0,101,100,100,0.0,64.1,0.0,64.9,-107615232.0,64.0,1,49,50,180,52429,0,0,0,0.0,0.0,0.0,60.0,7.89862919926449e+23,71.0,0.0,0.0,0.0,1069,0,1070,0,0,0,1070,0,1080,0,1000,0,644,0,646,0,640,0,676,0.032,8.005886927989945e+21,0.0,0.0,22416,16814,7.89862919926449e+23,0.0,-0.0,-9.38210984997075e+19,-0.0,0.0,50.0,60.0,35,0.0,0.0,10.0,2.0,0.0,0.0,0.0,0.0,0.0,0.0,0.0,0.0,0.0,0.0,0.0,0.0,58.8,53,12,65510,26,65476,0,300,0,0,8,20529,65476,0,0,30147,60.0,0.0,10.0,10.0,2.0,0.0
2026-02-16T12:15:16,ERR,ERR,ERR,ERR,ERR,ERR,ERR,ERR,ERR,ERR,ERR,ERR,ERR,ERR,ERR,ERR,ERR,ERR,ERR,ERR,ERR,ERR,ERR,ERR,ERR,ERR,ERR,ERR,ERR,ERR,ERR,ERR,ERR,ERR,ERR,ERR,ERR,ERR,ERR,ERR,ERR,ERR,ERR,ERR,ERR,ERR,ERR,ERR,ERR,ERR,ERR,ERR,ERR,ERR,ERR,ERR,ERR,ERR,ERR,ERR,ERR,ERR,ERR,ERR,ERR,ERR,ERR,ERR,ERR,ERR,ERR,ERR,ERR,ERR,ERR,ERR,ERR,ERR,ERR,ERR,ERR,ERR,ERR,ERR,ERR,ERR,ERR,ERR,ERR,ERR,ERR,ERR,ERR,ERR,ERR,ERR,ERR,ERR,ERR,ERR,ERR,ERR,ERR,ERR,ERR,ERR,ERR,ERR,ERR,ERR,ERR,ERR,ERR,ERR,ERR,ERR,ERR,ERR,ERR,ERR,ERR,ERR,ERR,ERR,ERR,0.0,0.0,0.0,0.0,0.0,-0.0,0.0,-3.80907277837295e+37,4300,0,8,17167,4300,nan,42,0.0,0.0,0.0,0.0,-4.925046184806267e+32,0,0,0,0,0.0,0,0,0,0,0,0,0,0,0,0,0,0,0,0,0,0,0,0,0,0,0,0,0,0,0,0,0,0,0,0,0,0,0,7,38,37,45,65476,385,65476,1,0,4,21553,0.0,0.0,-0.0,0.0,0.0,0.0,0.0,0.0,0.0,0.0,0.0,0.0,0.0,0.0,0.0,0.0,0.0,0.0,0.0,0.0,0.0,2.004,3.697062548517736e+19,0.0,2.004,2.004,0.0,0.0,0.0,0.0,6654.0,-8608234496.0,0.0,0.0,0.0,0.0,-0.0,0.0,0.0,2.004,2.004,228,-0.0,0.0,0.0,0.0,0.0,0.0,0.0,0.0,0.0,0,0,0,-2.145,0.0,7679461654790144.0,0.0,1.8279997313199424e+28,-6.896129892536654e+19,0.0,-0.0,0.0,-7.831530068416297e+21,-0.0,27954258.0,0.0,0.0,0.0,-2.8159762943175767e+20,0,1.3516416376850534e+27,228,0.0,456,2.40156025918058e+36,-0.0,2114,0,17110,0,17112,0,17096,0,0,0,101,100,100,0.0,64.1,0.0,64.9,-107615232.0,64.0,1,49,50,180,52429,0,0,0,0.0,0.0,0.0,60.0,7.89862919926449e+23,71.0,0.0,0.0,0.0,1069,0,1070,0,0,0,1070,0,1080,0,1000,0,644,0,646,0,640,0,676,0.032,8.005886927989945e+21,0.0,0.0,22416,16814,7.89862919926449e+23,0.0,-0.0,-9.38210984997075e+19,-0.0,0.0,50.0,60.0,35,0.0,0.0,10.0,2.0,0.0,0.0,0.0,0.0,0.0,0.0,0.0,0.0,0.0,0.0,0.0,0.0,58.8,53,12,65510,26,65476,0,300,0,0,8,20529,65476,0,0,30147,60.0,0.0,10.0,10.0,2.0,0.0
2026-02-16T12:15:17,ERR,ERR,ERR,ERR,ERR,ERR,ERR,ERR,ERR,ERR,ERR,ERR,ERR,ERR,ERR,ERR,ERR,ERR,ERR,ERR,ERR,ERR,ERR,ERR,ERR,ERR,ERR,ERR,ERR,ERR,ERR,ERR,ERR,ERR,ERR,ERR,ERR,ERR,ERR,ERR,ERR,ERR,ERR,ERR,ERR,ERR,ERR,ERR,ERR,ERR,ERR,ERR,ERR,ERR,ERR,ERR,ERR,ERR,ERR,ERR,ERR,ERR,ERR,ERR,ERR,ERR,ERR,ERR,ERR,ERR,ERR,ERR,ERR,ERR,ERR,ERR,ERR,ERR,ERR,ERR,ERR,ERR,ERR,ERR,ERR,ERR,ERR,ERR,ERR,ERR,ERR,ERR,ERR,ERR,ERR,ERR,ERR,ERR,ERR,ERR,ERR,ERR,ERR,ERR,ERR,ERR,ERR,ERR,ERR,ERR,ERR,ERR,ERR,ERR,ERR,ERR,ERR,ERR,ERR,ERR,ERR,ERR,ERR,ERR,ERR,0.0,0.0,2.7184066021500292e+23,0.0,-0.0,-0.0,2.58143219710165e+17,57408.062,4300,0,8,17164,4300,0.0,41,0.0,0.0,0.0,0.0,-4.925046184806267e+32,0,0,0,0,0.0,0,0,0,0,0,0,0,0,0,0,0,0,0,0,0,0,0,0,0,0,0,0,0,0,0,0,0,0,0,0,0,0,0,7,38,37,45,65476,379,65476,1,0,4,21553,0.0,0.0,-0.0,0.0,0.0,0.0,0.0,0.0,0.0,0.0,0.0,0.0,0.0,0.0,0.0,0.0,0.0,0.0,0.0,0.0,0.0,2.004,3.697062548517736e+19,2.004,3.697075302852618e+19,2.004,0.0,0.0,0.0,0.0,6632.0,-1.0406716943511724e+34,0.0,0.0,0.0,0.0,-0.0,-0.0,0.0,2.004,2.004,227,0.0,0.0,0.0,0.0,0.0,0.0,0.0,0.0,0.0,0,0,0,-0.0,-14647012352.0,7.289,-0.0,5.2075894348447744e+17,-0.0,-2.3393758174427092e+36,5.770914321731158e+20,-4084.392,-8.384932390627583e+21,-0.0,29789266.0,0.0,0.0,0.0,-2.3057988739373457e+22,0,1.3516416376850534e+27,228,0.0,456,2.40156025918058e+36,-0.0,2114,0,17110,0,17112,0,17096,0,0,0,101,100,100,0.0,64.1,0.0,64.9,-107615232.0,64.0,1,49,50,180,52429,0,0,0,0.0,0.0,0.0,60.0,7.89862919926449e+23,71.0,0.0,0.0,0.0,1069,0,1070,0,0,0,1070,0,1080,0,1000,0,644,0,646,0,640,0,676,0.032,8.005886927989945e+21,0.0,0.0,22416,16814,7.89862919926449e+23,0.0,-0.0,-9.38210984997075e+19,-0.0,0.0,50.0,60.0,35,0.0,0.0,10.0,2.0,0.0,0.0,0.0,0.0,0.0,0.0,0.0,0.0,0.0,0.0,0.0,0.0,58.8,53,12,65510,26,65476,0,300,0,0,8,20529,65476,0,0,30147,60.0,0.0,10.0,10.0,2.0,0.0
2026-02-16T12:15:18,ERR,ERR,ERR,ERR,ERR,ERR,ERR,ERR,ERR,ERR,ERR,ERR,ERR,ERR,ERR,ERR,ERR,ERR,ERR,ERR,ERR,ERR,ERR,ERR,ERR,ERR,ERR,ERR,ERR,ERR,ERR,ERR,ERR,ERR,ERR,ERR,ERR,ERR,ERR,ERR,ERR,ERR,ERR,ERR,ERR,ERR,ERR,ERR,ERR,ERR,ERR,ERR,ERR,ERR,ERR,ERR,ERR,ERR,ERR,ERR,ERR,ERR,ERR,ERR,ERR,ERR,ERR,ERR,ERR,ERR,ERR,ERR,ERR,ERR,ERR,ERR,ERR,ERR,ERR,ERR,ERR,ERR,ERR,ERR,ERR,ERR,ERR,ERR,ERR,ERR,ERR,ERR,ERR,ERR,ERR,ERR,ERR,ERR,ERR,ERR,ERR,ERR,ERR,ERR,ERR,ERR,ERR,ERR,ERR,ERR,ERR,ERR,ERR,ERR,ERR,ERR,ERR,ERR,ERR,ERR,ERR,ERR,ERR,ERR,ERR,0.0,0.0,2.7184066021500292e+23,0.0,-0.0,-0.0,2.58143219710165e+17,57408.062,4300,0,8,17164,4300,0.0,41,0.0,0.0,0.0,0.0,-4.925046184806267e+32,0,0,0,0,0.0,0,0,0,0,0,0,0,0,0,0,0,0,0,0,0,0,0,0,0,0,0,0,0,0,0,0,0,0,0,0,0,0,0,7,38,37,45,65476,379,65476,1,0,4,21553,0.0,0.0,-0.0,0.0,0.0,0.0,0.0,0.0,0.0,0.0,0.0,0.0,0.0,0.0,0.0,0.0,0.0,0.0,0.0,0.0,0.0,2.004,3.697062548517736e+19,2.004,3.697075302852618e+19,2.004,0.0,0.0,0.0,0.0,6632.0,-1.0406716943511724e+34,0.0,0.0,0.0,0.0,-0.0,-0.0,0.0,2.004,2.004,227,0.0,0.0,0.0,0.0,0.0,0.0,0.0,0.0,0.0,0,0,0,-0.0,-14647012352.0,7.289,-0.0,5.2075894348447744e+17,-0.0,-2.3393758174427092e+36,5.770914321731158e+20,-4084.392,-8.384932390627583e+21,-0.0,29789266.0,0.0,0.0,0.0,-2.3057988739373457e+22,0,1.3516416376850534e+27,228,0.0,456,2.40156025918058e+36,-0.0,2114,0,17110,0,17112,0,17096,0,0,0,101,100,100,0.0,64.1,0.0,64.9,-107615232.0,64.0,1,49,50,180,52429,0,0,0,0.0,0.0,0.0,60.0,7.89862919926449e+23,71.0,0.0,0.0,0.0,1069,0,1070,0,0,0,1070,0,1080,0,1000,0,644,0,646,0,640,0,676,0.032,8.005886927989945e+21,0.0,0.0,22416,16814,7.89862919926449e+23,0.0,-0.0,-9.38210984997075e+19,-0.0,0.0,50.0,60.0,35,0.0,0.0,10.0,2.0,0.0,0.0,0.0,0.0,0.0,0.0,0.0,0.0,0.0,0.0,0.0,0.0,58.8,53,12,65510,26,65476,0,300,0,0,8,20529,65476,0,0,30147,60.0,0.0,10.0,10.0,2.0,0.0
2026-02-16T12:15:19,ERR,ERR,ERR,ERR,ERR,ERR,ERR,ERR,ERR,ERR,ERR,ERR,ERR,ERR,ERR,ERR,ERR,ERR,ERR,ERR,ERR,ERR,ERR,ERR,ERR,ERR,ERR,ERR,ERR,ERR,ERR,ERR,ERR,ERR,ERR,ERR,ERR,ERR,ERR,ERR,ERR,ERR,ERR,ERR,ERR,ERR,ERR,ERR,ERR,ERR,ERR,ERR,ERR,ERR,ERR,ERR,ERR,ERR,ERR,ERR,ERR,ERR,ERR,ERR,ERR,ERR,ERR,ERR,ERR,ERR,ERR,ERR,ERR,ERR,ERR,ERR,ERR,ERR,ERR,ERR,ERR,ERR,ERR,ERR,ERR,ERR,ERR,ERR,ERR,ERR,ERR,ERR,ERR,ERR,ERR,ERR,ERR,ERR,ERR,ERR,ERR,ERR,ERR,ERR,ERR,ERR,ERR,ERR,ERR,ERR,ERR,ERR,ERR,ERR,ERR,ERR,ERR,ERR,ERR,ERR,ERR,ERR,ERR,ERR,ERR,0.0,0.0,2.7184066021500292e+23,0.0,-0.0,-0.0,2.58143219710165e+17,57408.062,4300,0,8,17164,4300,0.0,41,0.0,0.0,0.0,0.0,-4.925046184806267e+32,0,0,0,0,0.0,0,0,0,0,0,0,0,0,0,0,0,0,0,0,0,0,0,0,0,0,0,0,0,0,0,0,0,0,0,0,0,0,0,7,38,37,45,65476,379,65476,1,0,4,21553,0.0,0.0,-0.0,0.0,0.0,0.0,0.0,0.0,0.0,0.0,0.0,0.0,0.0,0.0,0.0,0.0,0.0,0.0,0.0,0.0,0.0,2.004,3.697062548517736e+19,2.004,3.697075302852618e+19,2.004,0.0,0.0,0.0,0.0,6632.0,-1.0406716943511724e+34,0.0,0.0,0.0,0.0,-0.0,-0.0,0.0,2.004,2.004,227,0.0,0.0,0.0,0.0,0.0,0.0,0.0,0.0,0.0,0,0,0,-0.0,-14647012352.0,7.289,-0.0,5.2075894348447744e+17,-0.0,-2.3393758174427092e+36,5.770914321731158e+20,-4084.392,-8.384932390627583e+21,-0.0,29789266.0,0.0,0.0,0.0,-2.3057988739373457e+22,0,1.3516416376850534e+27,228,0.0,456,2.40156025918058e+36,-0.0,2114,0,17110,0,17112,0,17096,0,0,0,101,100,100,0.0,64.1,0.0,64.9,-107615232.0,64.0,1,49,50,180,0,0,0,0,0.0,0.0,0.0,60.0,nan,71.0,0.0,-0.0,0.0,1069,0,1070,0,0,0,1070,0,1080,0,1000,0,644,0,646,0,640,0,676,0.032,8.559289250201232e+21,0.0,0.0,18704,16814,nan,-0.0,1.2004659952084734e+27,-3.4870502900145653e+25,1.3812021774545134e+37,-3.087669883646142e+19,50.0,60.0,35,0.0,0.0,10.0,2.0,0.0,0.0,0.0,0.0,0.0,0.0,0.0,0.0,0.0,0.0,0.0,0.0,58.8,53,12,65510,26,65476,0,300,0,0,8,20529,65476,0,0,30147,60.0,0.0,10.0,10.0,2.0,0.0
2026-02-16T12:15:20,ERR,ERR,ERR,ERR,ERR,ERR,ERR,ERR,ERR,ERR,ERR,ERR,ERR,ERR,ERR,ERR,ERR,ERR,ERR,ERR,ERR,ERR,ERR,ERR,ERR,ERR,ERR,ERR,ERR,ERR,ERR,ERR,ERR,ERR,ERR,ERR,ERR,ERR,ERR,ERR,ERR,ERR,ERR,ERR,ERR,ERR,ERR,ERR,ERR,ERR,ERR,ERR,ERR,ERR,ERR,ERR,ERR,ERR,ERR,ERR,ERR,ERR,ERR,ERR,ERR,ERR,ERR,ERR,ERR,ERR,ERR,ERR,ERR,ERR,ERR,ERR,ERR,ERR,ERR,ERR,ERR,ERR,ERR,ERR,ERR,ERR,ERR,ERR,ERR,ERR,ERR,ERR,ERR,ERR,ERR,ERR,ERR,ERR,ERR,ERR,ERR,ERR,ERR,ERR,ERR,ERR,ERR,ERR,ERR,ERR,ERR,ERR,ERR,ERR,ERR,ERR,ERR,ERR,ERR,ERR,ERR,ERR,ERR,ERR,ERR,0.0,0.0,2.7184066021500292e+23,0.0,-0.0,-0.0,2.58143219710165e+17,57408.062,4300,0,8,17164,4300,0.0,41,0.0,0.0,0.0,0.0,-4.925046184806267e+32,0,0,0,0,0.0,0,0,0,0,0,0,0,0,0,0,0,0,0,0,0,0,0,0,0,0,0,0,0,0,0,0,0,0,0,0,0,0,0,7,38,37,45,65476,379,65476,1,0,4,21553,0.0,0.0,-0.0,0.0,0.0,0.0,0.0,0.0,0.0,0.0,0.0,0.0,0.0,0.0,0.0,0.0,0.0,0.0,0.0,0.0,0.0,2.004,3.697062548517736e+19,2.004,3.697075302852618e+19,2.004,0.0,0.0,0.0,0.0,6632.0,-1.0406716943511724e+34,0.0,0.0,0.0,0.0,-0.0,-0.0,0.0,2.004,2.004,227,0.0,0.0,0.0,0.0,0.0,0.0,0.0,0.0,0.0,0,0,0,-0.0,-14647012352.0,7.289,-0.0,5.2075894348447744e+17,-0.0,-2.3393758174427092e+36,5.770914321731158e+20,-4084.392,-8.384932390627583e+21,-0.0,29789266.0,0.0,0.0,0.0,-2.3057988739373457e+22,0,1.3516416376850534e+27,228,0.0,456,2.40156025918058e+36,-0.0,2114,0,17110,0,17112,0,17096,0,0,0,101,100,100,0.0,64.1,0.0,64.9,-107615232.0,64.0,1,49,50,180,0,0,0,0,0.0,0.0,0.0,60.0,nan,71.0,0.0,-0.0,0.0,1069,0,1070,0,0,0,1070,0,1080,0,1000,0,644,0,646,0,640,0,676,0.032,8.559289250201232e+21,0.0,0.0,18704,16814,nan,-0.0,1.2004659952084734e+27,-3.4870502900145653e+25,1.3812021774545134e+37,-3.087669883646142e+19,50.0,60.0,35,0.0,0.0,10.0,2.0,0.0,0.0,0.0,0.0,0.0,0.0,0.0,0.0,0.0,0.0,0.0,0.0,58.8,53,12,65510,26,65476,0,300,0,0,8,20529,65476,0,0,30147,60.0,0.0,10.0,10.0,2.0,0.0
2026-02-16T12:15:21,ERR,ERR,ERR,ERR,ERR,ERR,ERR,ERR,ERR,ERR,ERR,ERR,ERR,ERR,ERR,ERR,ERR,ERR,ERR,ERR,ERR,ERR,ERR,ERR,ERR,ERR,ERR,ERR,ERR,ERR,ERR,ERR,ERR,ERR,ERR,ERR,ERR,ERR,ERR,ERR,ERR,ERR,ERR,ERR,ERR,ERR,ERR,ERR,ERR,ERR,ERR,ERR,ERR,ERR,ERR,ERR,ERR,ERR,ERR,ERR,ERR,ERR,ERR,ERR,ERR,ERR,ERR,ERR,ERR,ERR,ERR,ERR,ERR,ERR,ERR,ERR,ERR,ERR,ERR,ERR,ERR,ERR,ERR,ERR,ERR,ERR,ERR,ERR,ERR,ERR,ERR,ERR,ERR,ERR,ERR,ERR,ERR,ERR,ERR,ERR,ERR,ERR,ERR,ERR,ERR,ERR,ERR,ERR,ERR,ERR,ERR,ERR,ERR,ERR,ERR,ERR,ERR,ERR,ERR,ERR,ERR,ERR,ERR,ERR,ERR,0.0,0.0,2.7184066021500292e+23,0.0,-0.0,-0.0,2.58143219710165e+17,57408.062,4300,0,8,17164,4300,0.0,41,0.0,0.0,0.0,0.0,-4.925046184806267e+32,0,0,0,0,0.0,0,0,0,0,0,0,0,0,0,0,0,0,0,0,0,0,0,0,0,0,0,0,0,0,0,0,0,0,0,0,0,0,0,7,38,37,45,65476,379,65476,1,0,4,21553,0.0,0.0,-0.0,0.0,0.0,0.0,0.0,0.0,0.0,0.0,0.0,0.0,0.0,0.0,0.0,0.0,0.0,0.0,0.0,0.0,0.0,2.004,3.697062548517736e+19,2.004,3.697075302852618e+19,2.004,0.0,0.0,0.0,0.0,6632.0,-1.0406716943511724e+34,0.0,0.0,0.0,0.0,-0.0,-0.0,0.0,2.004,2.004,227,0.0,0.0,0.0,0.0,0.0,0.0,0.0,0.0,0.0,0,0,0,-0.0,-14647012352.0,7.289,-0.0,5.2075894348447744e+17,-0.0,-2.3393758174427092e+36,5.770914321731158e+20,-4084.392,-8.384932390627583e+21,-0.0,29789266.0,0.0,0.0,0.0,-2.3057988739373457e+22,0,1.3516416376850534e+27,228,0.0,456,2.40156025918058e+36,-0.0,2114,0,17110,0,17112,0,17096,0,0,0,101,100,100,0.0,64.1,0.0,64.9,-107615232.0,64.0,1,49,50,180,0,0,0,0,0.0,0.0,0.0,60.0,nan,71.0,0.0,-0.0,0.0,1069,0,1070,0,0,0,1070,0,1080,0,1000,0,644,0,646,0,640,0,676,0.032,8.559289250201232e+21,0.0,0.0,18704,16814,nan,-0.0,1.2004659952084734e+27,-3.4870502900145653e+25,1.3812021774545134e+37,-3.087669883646142e+19,50.0,60.0,35,0.0,0.0,10.0,2.0,0.0,0.0,0.0,0.0,0.0,0.0,0.0,0.0,0.0,0.0,0.0,0.0,58.8,52,12,65510,26,65476,0,300,0,0,8,20529,65476,0,0,30147,60.0,0.0,10.0,10.0,2.0,0.0
2026-02-16T12:15:22,ERR,ERR,ERR,ERR,ERR,ERR,ERR,ERR,ERR,ERR,ERR,ERR,ERR,ERR,ERR,ERR,ERR,ERR,ERR,ERR,ERR,ERR,ERR,ERR,ERR,ERR,ERR,ERR,ERR,ERR,ERR,ERR,ERR,ERR,ERR,ERR,ERR,ERR,ERR,ERR,ERR,ERR,ERR,ERR,ERR,ERR,ERR,ERR,ERR,ERR,ERR,ERR,ERR,ERR,ERR,ERR,ERR,ERR,ERR,ERR,ERR,ERR,ERR,ERR,ERR,ERR,ERR,ERR,ERR,ERR,ERR,ERR,ERR,ERR,ERR,ERR,ERR,ERR,ERR,ERR,ERR,ERR,ERR,ERR,ERR,ERR,ERR,ERR,ERR,ERR,ERR,ERR,ERR,ERR,ERR,ERR,ERR,ERR,ERR,ERR,ERR,ERR,ERR,ERR,ERR,ERR,ERR,ERR,ERR,ERR,ERR,ERR,ERR,ERR,ERR,ERR,ERR,ERR,ERR,ERR,ERR,ERR,ERR,ERR,ERR,0.0,0.0,2.7184066021500292e+23,0.0,-0.0,-0.0,0.0,8.249719237783195e+27,4300,0,8,17168,4300,0.0,42,0.0,0.0,0.0,0.0,-0.0,0,0,0,0,0.0,0,0,0,0,0,0,0,0,0,0,0,0,0,0,0,0,0,0,0,0,0,0,0,0,0,0,0,0,0,0,0,0,0,7,37,37,44,65476,376,65476,1,0,4,21553,0.0,2.7183305813883192e+23,-40700076.0,0.0,0.0,0.0,0.0,0.0,0.0,0.0,0.0,0.0,0.0,0.0,0.0,0.0,0.0,0.0,0.0,0.0,0.0,2.004,3.697062548517736e+19,3.6970818999223845e+19,2.004,0.0,0.0,0.0,0.0,0.0,6656.0,0.0,0.0,0.0,107616352.0,0.0,-0.0,0.0,0.0,2.004,2.004,229,-0.0,71.63,0.0,0.0,0.0,0.0,0.0,0.0,0.0,0,0,0,-0.0,9.200667767720571e+30,0.002,18452246953984.0,1411012100096.0,1.2786424778109709e+36,-4.4138429468642124e+29,-1.090577685249809e+37,0.0,-8.864547736544032e+21,-0.0,31755346.0,0.0,0.0,0.0,-0.0,0,1.3516416376850534e+27,227,0.0,454,0.0,-109185136.0,2114,0,17110,0,17112,0,17096,0,0,0,101,100,100,0.0,64.1,0.0,64.9,-107615232.0,64.0,1,49,50,180,52429,0,0,0,0.0,0.0,0.0,60.0,1.6236375507426345e+18,71.0,0.0,1.5003203810204058e+17,0.0,1069,0,1070,0,0,0,1070,0,1080,0,1000,0,644,0,646,0,640,0,676,0.032,8.854437155380585e+21,0.0,0.0,23056,16814,9.227881112859293e+24,1.5003203810204058e+17,-2.38158902972916e+27,0.0,-3.1782687998128604e+24,1.438487685691159e+30,50.0,60.0,35,0.0,0.0,10.0,2.0,0.0,0.0,0.0,0.0,0.0,0.0,0.0,0.0,0.0,0.0,0.0,0.0,58.8,52,12,65510,26,65476,0,300,0,0,8,20529,65476,0,0,30147,60.0,0.0,10.0,10.0,2.0,0.0
2026-02-16T12:15:23,ERR,ERR,ERR,ERR,ERR,ERR,ERR,ERR,ERR,ERR,ERR,ERR,ERR,ERR,ERR,ERR,ERR,ERR,ERR,ERR,ERR,ERR,ERR,ERR,ERR,ERR,ERR,ERR,ERR,ERR,ERR,ERR,ERR,ERR,ERR,ERR,ERR,ERR,ERR,ERR,ERR,ERR,ERR,ERR,ERR,ERR,ERR,ERR,ERR,ERR,ERR,ERR,ERR,ERR,ERR,ERR,ERR,ERR,ERR,ERR,ERR,ERR,ERR,ERR,ERR,ERR,ERR,ERR,ERR,ERR,ERR,ERR,ERR,ERR,ERR,ERR,ERR,ERR,ERR,ERR,ERR,ERR,ERR,ERR,ERR,ERR,ERR,ERR,ERR,ERR,ERR,ERR,ERR,ERR,ERR,ERR,ERR,ERR,ERR,ERR,ERR,ERR,ERR,ERR,ERR,ERR,ERR,ERR,ERR,ERR,ERR,ERR,ERR,ERR,ERR,ERR,ERR,ERR,ERR,ERR,ERR,ERR,ERR,ERR,ERR,0.0,0.0,2.7184066021500292e+23,0.0,-0.0,-0.0,0.0,8.249719237783195e+27,4300,0,8,17168,4300,0.0,42,0.0,0.0,0.0,0.0,-0.0,0,0,0,0,0.0,0,0,0,0,0,0,0,0,0,0,0,0,0,0,0,0,0,0,0,0,0,0,0,0,0,0,0,0,0,0,0,0,0,7,37,37,44,65476,376,65476,1,0,4,21553,0.0,2.7183305813883192e+23,-40700076.0,0.0,0.0,0.0,0.0,0.0,0.0,0.0,0.0,0.0,0.0,0.0,0.0,0.0,0.0,0.0,0.0,0.0,0.0,2.004,3.697062548517736e+19,3.6970818999223845e+19,2.004,0.0,0.0,0.0,0.0,0.0,6656.0,0.0,0.0,0.0,107616352.0,0.0,-0.0,0.0,0.0,2.004,2.004,229,-0.0,71.63,0.0,0.0,0.0,0.0,0.0,0.0,0.0,0,0,0,-0.0,9.200667767720571e+30,0.002,18452246953984.0,1411012100096.0,1.2786424778109709e+36,-4.4138429468642124e+29,-1.090577685249809e+37,0.0,-8.864547736544032e+21,-0.0,31755346.0,0.0,0.0,0.0,-0.0,0,1.3516416376850534e+27,227,0.0,454,0.0,-109185136.0,2114,0,17110,0,17112,0,17096,0,0,0,101,100,100,0.0,64.1,0.0,64.9,-107615232.0,64.0,1,49,50,180,52429,0,0,0,0.0,0.0,0.0,60.0,1.6236375507426345e+18,71.0,0.0,1.5003203810204058e+17,0.0,1069,0,1070,0,0,0,1070,0,1080,0,1000,0,644,0,646,0,640,0,676,0.032,8.854437155380585e+21,0.0,0.0,23056,16814,9.227881112859293e+24,1.5003203810204058e+17,-2.38158902972916e+27,0.0,-3.1782687998128604e+24,1.438487685691159e+30,50.0,60.0,35,0.0,0.0,10.0,2.0,0.0,0.0,0.0,0.0,0.0,0.0,0.0,0.0,0.0,0.0,0.0,0.0,58.8,52,12,65510,26,65476,0,300,0,0,8,20529,65476,0,0,30147,60.0,0.0,10.0,10.0,2.0,0.0
2026-02-16T12:15:24,ERR,ERR,ERR,ERR,ERR,ERR,ERR,ERR,ERR,ERR,ERR,ERR,ERR,ERR,ERR,ERR,ERR,ERR,ERR,ERR,ERR,ERR,ERR,ERR,ERR,ERR,ERR,ERR,ERR,ERR,ERR,ERR,ERR,ERR,ERR,ERR,ERR,ERR,ERR,ERR,ERR,ERR,ERR,ERR,ERR,ERR,ERR,ERR,ERR,ERR,ERR,ERR,ERR,ERR,ERR,ERR,ERR,ERR,ERR,ERR,ERR,ERR,ERR,ERR,ERR,ERR,ERR,ERR,ERR,ERR,ERR,ERR,ERR,ERR,ERR,ERR,ERR,ERR,ERR,ERR,ERR,ERR,ERR,ERR,ERR,ERR,ERR,ERR,ERR,ERR,ERR,ERR,ERR,ERR,ERR,ERR,ERR,ERR,ERR,ERR,ERR,ERR,ERR,ERR,ERR,ERR,ERR,ERR,ERR,ERR,ERR,ERR,ERR,ERR,ERR,ERR,ERR,ERR,ERR,ERR,ERR,ERR,ERR,ERR,ERR,0.0,0.0,2.7184066021500292e+23,0.0,-0.0,-0.0,0.0,8.249719237783195e+27,4300,0,8,17168,4300,0.0,42,0.0,0.0,0.0,0.0,-0.0,0,0,0,0,0.0,0,0,0,0,0,0,0,0,0,0,0,0,0,0,0,0,0,0,0,0,0,0,0,0,0,0,0,0,0,0,0,0,0,7,37,37,44,65476,376,65476,1,0,4,21553,0.0,2.7183305813883192e+23,-40700076.0,0.0,0.0,0.0,0.0,0.0,0.0,0.0,0.0,0.0,0.0,0.0,0.0,0.0,0.0,0.0,0.0,0.0,0.0,2.004,3.697062548517736e+19,3.6970818999223845e+19,2.004,0.0,0.0,0.0,0.0,0.0,6656.0,0.0,0.0,0.0,107616352.0,0.0,-0.0,0.0,0.0,2.004,2.004,229,-0.0,71.63,0.0,0.0,0.0,0.0,0.0,0.0,0.0,0,0,0,-0.0,9.200667767720571e+30,0.002,18452246953984.0,1411012100096.0,1.2786424778109709e+36,-4.4138429468642124e+29,-1.090577685249809e+37,0.0,-8.864547736544032e+21,-0.0,31755346.0,0.0,0.0,0.0,-0.0,0,1.3516416376850534e+27,227,0.0,454,0.0,-109185136.0,2114,0,17110,0,17112,0,17096,0,0,0,101,100,100,0.0,64.1,0.0,64.9,-107615232.0,64.0,1,49,50,180,52429,0,0,0,0.0,0.0,0.0,60.0,1.6236375507426345e+18,71.0,0.0,1.5003203810204058e+17,0.0,1069,0,1070,0,0,0,1070,0,1080,0,1000,0,644,0,646,0,640,0,676,0.032,8.854437155380585e+21,0.0,0.0,23056,16814,9.227881112859293e+24,1.5003203810204058e+17,-2.38158902972916e+27,0.0,-3.1782687998128604e+24,1.438487685691159e+30,50.0,60.0,35,0.0,0.0,10.0,2.0,0.0,0.0,0.0,0.0,0.0,0.0,0.0,0.0,0.0,0.0,0.0,0.0,58.8,52,12,65510,26,65476,0,300,0,0,8,20529,65476,0,0,30147,60.0,0.0,10.0,10.0,2.0,0.0
2026-02-16T12:15:25,ERR,ERR,ERR,ERR,ERR,ERR,ERR,ERR,ERR,ERR,ERR,ERR,ERR,ERR,ERR,ERR,ERR,ERR,ERR,ERR,ERR,ERR,ERR,ERR,ERR,ERR,ERR,ERR,ERR,ERR,ERR,ERR,ERR,ERR,ERR,ERR,ERR,ERR,ERR,ERR,ERR,ERR,ERR,ERR,ERR,ERR,ERR,ERR,ERR,ERR,ERR,ERR,ERR,ERR,ERR,ERR,ERR,ERR,ERR,ERR,ERR,ERR,ERR,ERR,ERR,ERR,ERR,ERR,ERR,ERR,ERR,ERR,ERR,ERR,ERR,ERR,ERR,ERR,ERR,ERR,ERR,ERR,ERR,ERR,ERR,ERR,ERR,ERR,ERR,ERR,ERR,ERR,ERR,ERR,ERR,ERR,ERR,ERR,ERR,ERR,ERR,ERR,ERR,ERR,ERR,ERR,ERR,ERR,ERR,ERR,ERR,ERR,ERR,ERR,ERR,ERR,ERR,ERR,ERR,ERR,ERR,ERR,ERR,ERR,ERR,0.0,0.0,2.7184066021500292e+23,0.0,-0.0,-0.0,0.0,8.249719237783195e+27,4300,0,8,17168,4300,0.0,42,0.0,0.0,0.0,0.0,-0.0,0,0,0,0,0.0,0,0,0,0,0,0,0,0,0,0,0,0,0,0,0,0,0,0,0,0,0,0,0,0,0,0,0,0,0,0,0,0,0,7,37,37,44,65476,376,65476,1,0,4,21553,0.0,2.7183305813883192e+23,-40700076.0,0.0,0.0,0.0,0.0,0.0,0.0,0.0,0.0,0.0,0.0,0.0,0.0,0.0,0.0,0.0,0.0,0.0,0.0,2.004,3.697062548517736e+19,3.6970818999223845e+19,2.004,0.0,0.0,0.0,0.0,0.0,6656.0,0.0,0.0,0.0,107616352.0,0.0,-0.0,0.0,0.0,2.004,2.004,229,-0.0,71.63,0.0,0.0,0.0,0.0,0.0,0.0,0.0,0,0,0,-0.0,9.200667767720571e+30,0.002,18452246953984.0,1411012100096.0,1.2786424778109709e+36,-4.4138429468642124e+29,-1.090577685249809e+37,0.0,-8.864547736544032e+21,-0.0,31755346.0,0.0,0.0,0.0,-0.0,0,1.3516416376850534e+27,227,0.0,454,0.0,-109185136.0,2114,0,17110,0,17112,0,17096,0,0,0,101,100,100,0.0,64.1,0.0,64.9,-107615232.0,64.0,1,49,50,180,52429,0,0,0,0.0,0.0,0.0,60.0,1.6236375507426345e+18,71.0,0.0,1.5003203810204058e+17,0.0,1069,0,1070,0,0,0,1070,0,1080,0,1000,0,644,0,646,0,640,0,676,0.032,8.854437155380585e+21,0.0,0.0,23056,16814,9.227881112859293e+24,1.5003203810204058e+17,-2.38158902972916e+27,0.0,-3.1782687998128604e+24,1.438487685691159e+30,50.0,60.0,35,0.0,0.0,10.0,2.0,0.0,0.0,0.0,0.0,0.0,0.0,0.0,0.0,0.0,0.0,0.0,0.0,58.8,52,12,65510,26,65476,0,300,0,0,8,20529,65476,0,0,30147,60.0,0.0,10.0,10.0,2.0,0.0
2026-02-16T12:15:26,ERR,ERR,ERR,ERR,ERR,ERR,ERR,ERR,ERR,ERR,ERR,ERR,ERR,ERR,ERR,ERR,ERR,ERR,ERR,ERR,ERR,ERR,ERR,ERR,ERR,ERR,ERR,ERR,ERR,ERR,ERR,ERR,ERR,ERR,ERR,ERR,ERR,ERR,ERR,ERR,ERR,ERR,ERR,ERR,ERR,ERR,ERR,ERR,ERR,ERR,ERR,ERR,ERR,ERR,ERR,ERR,ERR,ERR,ERR,ERR,ERR,ERR,ERR,ERR,ERR,ERR,ERR,ERR,ERR,ERR,ERR,ERR,ERR,ERR,ERR,ERR,ERR,ERR,ERR,ERR,ERR,ERR,ERR,ERR,ERR,ERR,ERR,ERR,ERR,ERR,ERR,ERR,ERR,ERR,ERR,ERR,ERR,ERR,ERR,ERR,ERR,ERR,ERR,ERR,ERR,ERR,ERR,ERR,ERR,ERR,ERR,ERR,ERR,ERR,ERR,ERR,ERR,ERR,ERR,ERR,ERR,ERR,ERR,ERR,ERR,0.0,0.0,2.7184066021500292e+23,0.0,-0.0,-0.0,0.0,8.249719237783195e+27,4300,0,8,17168,4300,0.0,42,0.0,0.0,0.0,0.0,-0.0,0,0,0,0,0.0,0,0,0,0,0,0,0,0,0,0,0,0,0,0,0,0,0,0,0,0,0,0,0,0,0,0,0,0,0,0,0,0,0,7,37,37,44,65476,376,65476,1,0,4,21553,0.0,2.7183305813883192e+23,-40700076.0,0.0,0.0,0.0,0.0,0.0,0.0,0.0,0.0,0.0,0.0,0.0,0.0,0.0,0.0,0.0,0.0,0.0,0.0,2.004,3.697062548517736e+19,3.6970818999223845e+19,2.004,0.0,0.0,0.0,0.0,0.0,6656.0,0.0,0.0,0.0,107616352.0,0.0,-0.0,0.0,0.0,2.004,2.004,229,-0.0,71.63,0.0,0.0,0.0,0.0,0.0,0.0,0.0,0,0,0,-0.0,9.200667767720571e+30,0.002,18452246953984.0,1411012100096.0,1.2786424778109709e+36,-4.4138429468642124e+29,-1.090577685249809e+37,0.0,-8.864547736544032e+21,-0.0,31755346.0,0.0,0.0,0.0,-0.0,0,1.3516416376850534e+27,227,0.0,454,0.0,-109185136.0,2114,0,17110,0,17112,0,17096,0,0,0,101,100,100,0.0,64.1,0.0,64.9,-107615232.0,64.0,1,49,50,180,0,0,0,0,0.0,0.0,0.0,60.0,3.865989193013147e+34,71.0,0.0,5.7719636956287074e+19,0.0,1070,0,1070,0,0,0,1070,0,1080,0,1000,0,644,0,646,0,640,0,676,0.032,8.005886927989945e+21,0.0,0.0,5008,16814,3.412794921344082e+22,-0.0,0.0,-0.0,0.0,-0.0,50.0,60.0,35,0.0,0.0,10.0,2.0,0.0,0.0,0.0,0.0,0.0,0.0,0.0,0.0,0.0,0.0,0.0,0.0,58.8,52,12,65510,26,65476,0,300,0,0,8,20529,65476,0,0,30147,60.0,0.0,10.0,10.0,2.0,0.0
2026-02-16T12:15:27,ERR,ERR,ERR,ERR,ERR,ERR,ERR,ERR,ERR,ERR,ERR,ERR,ERR,ERR,ERR,ERR,ERR,ERR,ERR,ERR,ERR,ERR,ERR,ERR,ERR,ERR,ERR,ERR,ERR,ERR,ERR,ERR,ERR,ERR,ERR,ERR,ERR,ERR,ERR,ERR,ERR,ERR,ERR,ERR,ERR,ERR,ERR,ERR,ERR,ERR,ERR,ERR,ERR,ERR,ERR,ERR,ERR,ERR,ERR,ERR,ERR,ERR,ERR,ERR,ERR,ERR,ERR,ERR,ERR,ERR,ERR,ERR,ERR,ERR,ERR,ERR,ERR,ERR,ERR,ERR,ERR,ERR,ERR,ERR,ERR,ERR,ERR,ERR,ERR,ERR,ERR,ERR,ERR,ERR,ERR,ERR,ERR,ERR,ERR,ERR,ERR,ERR,ERR,ERR,ERR,ERR,ERR,ERR,ERR,ERR,ERR,ERR,ERR,ERR,ERR,ERR,ERR,ERR,ERR,ERR,ERR,ERR,ERR,ERR,ERR,0.0,107616352.0,-108138592.0,0.0,-1.60040244525815e+29,-0.0,0.0,-8.570926784734822e+16,4300,0,8,17168,4300,14723725656064.0,43,0.0,0.0,0.0,0.0,-0.0,0,0,0,0,0.0,0,0,0,0,0,0,0,0,0,0,0,0,0,0,0,0,0,0,0,0,0,0,0,0,0,0,0,0,0,0,0,0,0,7,37,37,44,65476,377,65476,1,0,4,21553,0.0,-0.0,2820.135,0.0,0.0,0.0,0.0,0.0,0.0,0.0,0.0,0.0,0.0,0.0,0.0,0.0,0.0,0.0,0.0,0.0,0.0,2.004,3.697062548517736e+19,3.6970818999223845e+19,2.004,0.0,0.0,0.0,0.0,0.0,6663.0,0.0,0.0,0.0,107616352.0,0.0,-0.0,-0.0,0.0,2.004,2.004,230,-3.222002398308886e+26,0.059,0.0,0.0,0.0,0.0,0.0,0.0,0.0,0,0,0,-0.0,0.0,533559.0,-0.0,7.220589066872422e+16,-0.0,-0.0,2095875992059904.0,-0.0,-9.381056570607899e+21,-0.0,33328210.0,0.0,0.0,0.0,-669589427978240.0,0,1.3516416376850534e+27,228,0.0,456,2.40156025918058e+36,-0.0,2114,0,17110,0,17112,0,17096,0,0,0,101,100,100,0.0,64.1,0.0,64.9,-107615232.0,64.0,1,49,50,180,0,0,0,0,0.0,0.0,0.0,60.0,3.865989193013147e+34,71.0,0.0,5.7719636956287074e+19,0.0,1070,0,1070,0,0,0,1070,0,1080,0,1000,0,644,0,646,0,640,0,676,0.032,8.005886927989945e+21,0.0,0.0,5008,16814,3.412794921344082e+22,-0.0,0.0,-0.0,0.0,-0.0,50.0,60.0,35,0.0,0.0,10.0,2.0,0.0,0.0,0.0,0.0,0.0,0.0,0.0,0.0,0.0,0.0,0.0,0.0,58.8,52,12,65510,26,65476,0,300,0,0,8,20529,65476,0,0,30147,60.0,0.0,10.0,10.0,2.0,0.0
2026-02-16T12:15:28,ERR,ERR,ERR,ERR,ERR,ERR,ERR,ERR,ERR,ERR,ERR,ERR,ERR,ERR,ERR,ERR,ERR,ERR,ERR,ERR,ERR,ERR,ERR,ERR,ERR,ERR,ERR,ERR,ERR,ERR,ERR,ERR,ERR,ERR,ERR,ERR,ERR,ERR,ERR,ERR,ERR,ERR,ERR,ERR,ERR,ERR,ERR,ERR,ERR,ERR,ERR,ERR,ERR,ERR,ERR,ERR,ERR,ERR,ERR,ERR,ERR,ERR,ERR,ERR,ERR,ERR,ERR,ERR,ERR,ERR,ERR,ERR,ERR,ERR,ERR,ERR,ERR,ERR,ERR,ERR,ERR,ERR,ERR,ERR,ERR,ERR,ERR,ERR,ERR,ERR,ERR,ERR,ERR,ERR,ERR,ERR,ERR,ERR,ERR,ERR,ERR,ERR,ERR,ERR,ERR,ERR,ERR,ERR,ERR,ERR,ERR,ERR,ERR,ERR,ERR,ERR,ERR,ERR,ERR,ERR,ERR,ERR,ERR,ERR,ERR,0.0,107616352.0,-108138592.0,0.0,-1.60040244525815e+29,-0.0,0.0,-8.570926784734822e+16,4300,0,8,17168,4300,14723725656064.0,43,0.0,0.0,0.0,0.0,-0.0,0,0,0,0,0.0,0,0,0,0,0,0,0,0,0,0,0,0,0,0,0,0,0,0,0,0,0,0,0,0,0,0,0,0,0,0,0,0,0,7,37,37,44,65476,377,65476,1,0,4,21553,0.0,-0.0,2820.135,0.0,0.0,0.0,0.0,0.0,0.0,0.0,0.0,0.0,0.0,0.0,0.0,0.0,0.0,0.0,0.0,0.0,0.0,2.004,3.697062548517736e+19,3.6970818999223845e+19,2.004,0.0,0.0,0.0,0.0,0.0,6663.0,0.0,0.0,0.0,107616352.0,0.0,-0.0,-0.0,0.0,2.004,2.004,230,-3.222002398308886e+26,0.059,0.0,0.0,0.0,0.0,0.0,0.0,0.0,0,0,0,-0.0,0.0,533559.0,-0.0,7.220589066872422e+16,-0.0,-0.0,2095875992059904.0,-0.0,-9.381056570607899e+21,-0.0,33328210.0,0.0,0.0,0.0,-669589427978240.0,0,1.3516416376850534e+27,228,0.0,456,2.40156025918058e+36,-0.0,2114,0,17110,0,17112,0,17096,0,0,0,101,100,100,0.0,64.1,0.0,64.9,-107615232.0,64.0,1,49,50,180,0,0,0,0,0.0,0.0,0.0,60.0,3.865989193013147e+34,71.0,0.0,5.7719636956287074e+19,0.0,1070,0,1070,0,0,0,1070,0,1080,0,1000,0,644,0,646,0,640,0,676,0.032,8.005886927989945e+21,0.0,0.0,5008,16814,3.412794921344082e+22,-0.0,0.0,-0.0,0.0,-0.0,50.0,60.0,35,0.0,0.0,10.0,2.0,0.0,0.0,0.0,0.0,0.0,0.0,0.0,0.0,0.0,0.0,0.0,0.0,58.8,52,12,65510,26,65476,0,300,0,0,8,20529,65476,0,0,30147,60.0,0.0,10.0,10.0,2.0,0.0
2026-02-16T12:15:29,ERR,ERR,ERR,ERR,ERR,ERR,ERR,ERR,ERR,ERR,ERR,ERR,ERR,ERR,ERR,ERR,ERR,ERR,ERR,ERR,ERR,ERR,ERR,ERR,ERR,ERR,ERR,ERR,ERR,ERR,ERR,ERR,ERR,ERR,ERR,ERR,ERR,ERR,ERR,ERR,ERR,ERR,ERR,ERR,ERR,ERR,ERR,ERR,ERR,ERR,ERR,ERR,ERR,ERR,ERR,ERR,ERR,ERR,ERR,ERR,ERR,ERR,ERR,ERR,ERR,ERR,ERR,ERR,ERR,ERR,ERR,ERR,ERR,ERR,ERR,ERR,ERR,ERR,ERR,ERR,ERR,ERR,ERR,ERR,ERR,ERR,ERR,ERR,ERR,ERR,ERR,ERR,ERR,ERR,ERR,ERR,ERR,ERR,ERR,ERR,ERR,ERR,ERR,ERR,ERR,ERR,ERR,ERR,ERR,ERR,ERR,ERR,ERR,ERR,ERR,ERR,ERR,ERR,ERR,ERR,ERR,ERR,ERR,ERR,ERR,0.0,107616352.0,-108138592.0,0.0,-1.60040244525815e+29,-0.0,0.0,-8.570926784734822e+16,4300,0,8,17168,4300,14723725656064.0,43,0.0,0.0,0.0,0.0,-0.0,0,0,0,0,0.0,0,0,0,0,0,0,0,0,0,0,0,0,0,0,0,0,0,0,0,0,0,0,0,0,0,0,0,0,0,0,0,0,0,7,37,37,44,65476,377,65476,1,0,4,21553,0.0,-0.0,2820.135,0.0,0.0,0.0,0.0,0.0,0.0,0.0,0.0,0.0,0.0,0.0,0.0,0.0,0.0,0.0,0.0,0.0,0.0,2.004,3.697062548517736e+19,3.6970818999223845e+19,2.004,0.0,0.0,0.0,0.0,0.0,6663.0,0.0,0.0,0.0,107616352.0,0.0,-0.0,-0.0,0.0,2.004,2.004,230,-3.222002398308886e+26,0.059,0.0,0.0,0.0,0.0,0.0,0.0,0.0,0,0,0,-0.0,0.0,533559.0,-0.0,7.220589066872422e+16,-0.0,-0.0,2095875992059904.0,-0.0,-9.381056570607899e+21,-0.0,33328210.0,0.0,0.0,0.0,-669589427978240.0,0,1.3516416376850534e+27,228,0.0,456,2.40156025918058e+36,-0.0,2114,0,17110,0,17112,0,17096,0,0,0,101,100,100,0.0,64.1,0.0,64.9,-107615232.0,64.0,1,49,50,180,52429,0,0,0,0.0,0.0,0.0,60.0,6.66561508075016e+19,71.0,0.0,31783475216384.0,0.0,1069,0,1070,0,0,0,1070,0,1080,0,1000,0,644,0,646,0,640,0,676,0.032,8.116567392432203e+21,0.0,0.0,57744,16813,137718104064.0,31783475216384.0,-0.0,-8.33579136329353e+20,-0.0,0.0,50.0,60.0,35,0.0,0.0,10.0,2.0,0.0,0.0,0.0,0.0,0.0,0.0,0.0,0.0,0.0,0.0,0.0,0.0,58.8,52,12,65510,26,65476,0,300,0,0,8,20529,65476,0,0,30147,60.0,0.0,10.0,10.0,2.0,0.0
2026-02-16T12:15:30,ERR,ERR,ERR,ERR,ERR,ERR,ERR,ERR,ERR,ERR,ERR,ERR,ERR,ERR,ERR,ERR,ERR,ERR,ERR,ERR,ERR,ERR,ERR,ERR,ERR,ERR,ERR,ERR,ERR,ERR,ERR,ERR,ERR,ERR,ERR,ERR,ERR,ERR,ERR,ERR,ERR,ERR,ERR,ERR,ERR,ERR,ERR,ERR,ERR,ERR,ERR,ERR,ERR,ERR,ERR,ERR,ERR,ERR,ERR,ERR,ERR,ERR,ERR,ERR,ERR,ERR,ERR,ERR,ERR,ERR,ERR,ERR,ERR,ERR,ERR,ERR,ERR,ERR,ERR,ERR,ERR,ERR,ERR,ERR,ERR,ERR,ERR,ERR,ERR,ERR,ERR,ERR,ERR,ERR,ERR,ERR,ERR,ERR,ERR,ERR,ERR,ERR,ERR,ERR,ERR,ERR,ERR,ERR,ERR,ERR,ERR,ERR,ERR,ERR,ERR,ERR,ERR,ERR,ERR,ERR,ERR,ERR,ERR,ERR,ERR,0.0,107616352.0,-108138592.0,0.0,-1.60040244525815e+29,-0.0,0.0,-8.570926784734822e+16,4300,0,8,17168,4300,14723725656064.0,43,0.0,0.0,0.0,0.0,-0.0,0,0,0,0,0.0,0,0,0,0,0,0,0,0,0,0,0,0,0,0,0,0,0,0,0,0,0,0,0,0,0,0,0,0,0,0,0,0,0,7,37,37,44,65476,377,65476,1,0,4,21553,0.0,-0.0,2820.135,0.0,0.0,0.0,0.0,0.0,0.0,0.0,0.0,0.0,0.0,0.0,0.0,0.0,0.0,0.0,0.0,0.0,0.0,2.004,3.697062548517736e+19,3.6970818999223845e+19,2.004,0.0,0.0,0.0,0.0,0.0,6663.0,0.0,0.0,0.0,107616352.0,0.0,-0.0,-0.0,0.0,2.004,2.004,230,-3.222002398308886e+26,0.059,0.0,0.0,0.0,0.0,0.0,0.0,0.0,0,0,0,-0.0,0.0,533559.0,-0.0,7.220589066872422e+16,-0.0,-0.0,2095875992059904.0,-0.0,-9.381056570607899e+21,-0.0,33328210.0,0.0,0.0,0.0,-669589427978240.0,0,1.3516416376850534e+27,228,0.0,456,2.40156025918058e+36,-0.0,2114,0,17110,0,17112,0,17096,0,0,0,101,100,100,0.0,64.1,0.0,64.9,-107615232.0,64.0,1,49,50,180,52429,0,0,0,0.0,0.0,0.0,60.0,6.66561508075016e+19,71.0,0.0,31783475216384.0,0.0,1069,0,1070,0,0,0,1070,0,1080,0,1000,0,644,0,646,0,640,0,676,0.032,8.116567392432203e+21,0.0,0.0,57744,16813,137718104064.0,31783475216384.0,-0.0,-8.33579136329353e+20,-0.0,0.0,50.0,60.0,35,0.0,0.0,10.0,2.0,0.0,0.0,0.0,0.0,0.0,0.0,0.0,0.0,0.0,0.0,0.0,0.0,58.8,52,12,65510,26,65476,0,300,0,0,8,20529,65476,0,0,30147,60.0,0.0,10.0,10.0,2.0,0.0
2026-02-16T12:15:31,ERR,ERR,ERR,ERR,ERR,ERR,ERR,ERR,ERR,ERR,ERR,ERR,ERR,ERR,ERR,ERR,ERR,ERR,ERR,ERR,ERR,ERR,ERR,ERR,ERR,ERR,ERR,ERR,ERR,ERR,ERR,ERR,ERR,ERR,ERR,ERR,ERR,ERR,ERR,ERR,ERR,ERR,ERR,ERR,ERR,ERR,ERR,ERR,ERR,ERR,ERR,ERR,ERR,ERR,ERR,ERR,ERR,ERR,ERR,ERR,ERR,ERR,ERR,ERR,ERR,ERR,ERR,ERR,ERR,ERR,ERR,ERR,ERR,ERR,ERR,ERR,ERR,ERR,ERR,ERR,ERR,ERR,ERR,ERR,ERR,ERR,ERR,ERR,ERR,ERR,ERR,ERR,ERR,ERR,ERR,ERR,ERR,ERR,ERR,ERR,ERR,ERR,ERR,ERR,ERR,ERR,ERR,ERR,ERR,ERR,ERR,ERR,ERR,ERR,ERR,ERR,ERR,ERR,ERR,ERR,ERR,ERR,ERR,ERR,ERR,0.0,107616352.0,-108138592.0,0.0,-1.60040244525815e+29,-0.0,0.0,-8.570926784734822e+16,4300,0,8,17168,4300,14723725656064.0,43,0.0,0.0,0.0,0.0,-0.0,0,0,0,0,0.0,0,0,0,0,0,0,0,0,0,0,0,0,0,0,0,0,0,0,0,0,0,0,0,0,0,0,0,0,0,0,0,0,0,7,37,37,44,65476,377,65476,1,0,4,21553,0.0,-0.0,2820.135,0.0,0.0,0.0,0.0,0.0,0.0,0.0,0.0,0.0,0.0,0.0,0.0,0.0,0.0,0.0,0.0,0.0,0.0,2.004,3.697062548517736e+19,3.6970818999223845e+19,2.004,0.0,0.0,0.0,0.0,0.0,6663.0,0.0,0.0,0.0,107616352.0,0.0,-0.0,-0.0,0.0,2.004,2.004,230,-3.222002398308886e+26,0.059,0.0,0.0,0.0,0.0,0.0,0.0,0.0,0,0,0,-0.0,0.0,533559.0,-0.0,7.220589066872422e+16,-0.0,-0.0,2095875992059904.0,-0.0,-9.381056570607899e+21,-0.0,33328210.0,0.0,0.0,0.0,-669589427978240.0,0,1.3516416376850534e+27,228,0.0,456,2.40156025918058e+36,-0.0,2114,0,17110,0,17112,0,17096,0,0,0,101,100,100,0.0,64.1,0.0,64.9,-107615232.0,64.0,1,49,50,180,52429,0,0,0,0.0,0.0,0.0,60.0,6.66561508075016e+19,71.0,0.0,31783475216384.0,0.0,1069,0,1070,0,0,0,1070,0,1080,0,1000,0,644,0,646,0,640,0,676,0.032,8.116567392432203e+21,0.0,0.0,57744,16813,137718104064.0,31783475216384.0,-0.0,-8.33579136329353e+20,-0.0,0.0,50.0,60.0,35,0.0,0.0,10.0,2.0,0.0,0.0,0.0,0.0,0.0,0.0,0.0,0.0,0.0,0.0,0.0,0.0,58.8,52,12,65510,26,65476,0,300,0,0,8,20529,65476,0,0,30147,60.0,0.0,10.0,10.0,2.0,0.0
2026-02-16T12:15:32,ERR,ERR,ERR,ERR,ERR,ERR,ERR,ERR,ERR,ERR,ERR,ERR,ERR,ERR,ERR,ERR,ERR,ERR,ERR,ERR,ERR,ERR,ERR,ERR,ERR,ERR,ERR,ERR,ERR,ERR,ERR,ERR,ERR,ERR,ERR,ERR,ERR,ERR,ERR,ERR,ERR,ERR,ERR,ERR,ERR,ERR,ERR,ERR,ERR,ERR,ERR,ERR,ERR,ERR,ERR,ERR,ERR,ERR,ERR,ERR,ERR,ERR,ERR,ERR,ERR,ERR,ERR,ERR,ERR,ERR,ERR,ERR,ERR,ERR,ERR,ERR,ERR,ERR,ERR,ERR,ERR,ERR,ERR,ERR,ERR,ERR,ERR,ERR,ERR,ERR,ERR,ERR,ERR,ERR,ERR,ERR,ERR,ERR,ERR,ERR,ERR,ERR,ERR,ERR,ERR,ERR,ERR,ERR,ERR,ERR,ERR,ERR,ERR,ERR,ERR,ERR,ERR,ERR,ERR,ERR,ERR,ERR,ERR,ERR,ERR,0.0,107616352.0,-108138592.0,0.0,-1.60040244525815e+29,332296.656,-0.0,0.0,4300,0,8,17168,4300,14723727753216.0,43,0.0,0.0,0.0,0.0,-0.0,0,0,0,0,0.0,0,0,0,0,0,0,0,0,0,0,0,0,0,0,0,0,0,0,0,0,0,0,0,0,0,0,0,0,0,0,0,0,0,7,37,37,44,65476,374,65476,1,0,4,21553,0.0,-0.0,-0.0,0.0,0.0,0.0,0.0,0.0,0.0,0.0,0.0,0.0,0.0,0.0,0.0,0.0,0.0,0.0,0.0,0.0,0.0,2.004,3.697062548517736e+19,3.6970818999223845e+19,2.004,-3.69707618246192e+19,0.0,0.0,0.0,0.0,6669.0,0.0,0.0,0.0,107616352.0,0.0,107616272.0,-0.0,0.0,2.004,2.004,228,0.0,0.0,0.0,0.0,0.0,0.0,0.0,0.0,0.0,0,0,0,-0.0,0.0,0.0,-6.383,1.799,-1.2441671406243515e+30,7.74134246236277e+31,nan,0.0,-1.0202823891014566e+22,-0.0,36509860.0,0.0,0.0,0.0,-7.214658850908013e+18,0,1.3516416376850534e+27,228,0.0,456,-621855232.0,-0.0,2114,0,17110,0,17112,0,17096,0,0,0,101,100,100,0.0,64.1,0.0,64.9,-107615232.0,64.0,1,49,50,180,52429,0,0,0,0.0,0.0,0.0,60.0,2487389696.0,71.0,0.0,10943935283200.0,0.0,1069,0,1070,0,0,0,1070,0,1080,0,1000,0,644,0,646,0,640,0,675,0.032,1.0330176681277349e+22,-2.004,0.0,8336,16814,134283343691776.0,0.0,1.8718285634731814e+36,3.1772005539774464e+16,8.568739491069316e+21,0.0,50.0,60.0,35,0.0,0.0,10.0,2.0,0.0,0.0,0.0,0.0,0.0,0.0,0.0,0.0,0.0,0.0,0.0,0.0,58.8,52,12,65510,26,65476,0,300,0,0,8,20529,65476,0,0,30147,60.0,0.0,10.0,10.0,2.0,0.0
2026-02-16T12:15:33,ERR,ERR,ERR,ERR,ERR,ERR,ERR,ERR,ERR,ERR,ERR,ERR,ERR,ERR,ERR,ERR,ERR,ERR,ERR,ERR,ERR,ERR,ERR,ERR,ERR,ERR,ERR,ERR,ERR,ERR,ERR,ERR,ERR,ERR,ERR,ERR,ERR,ERR,ERR,ERR,ERR,ERR,ERR,ERR,ERR,ERR,ERR,ERR,ERR,ERR,ERR,ERR,ERR,ERR,ERR,ERR,ERR,ERR,ERR,ERR,ERR,ERR,ERR,ERR,ERR,ERR,ERR,ERR,ERR,ERR,ERR,ERR,ERR,ERR,ERR,ERR,ERR,ERR,ERR,ERR,ERR,ERR,ERR,ERR,ERR,ERR,ERR,ERR,ERR,ERR,ERR,ERR,ERR,ERR,ERR,ERR,ERR,ERR,ERR,ERR,ERR,ERR,ERR,ERR,ERR,ERR,ERR,ERR,ERR,ERR,ERR,ERR,ERR,ERR,ERR,ERR,ERR,ERR,ERR,ERR,ERR,ERR,ERR,ERR,ERR,0.0,107616352.0,-108138592.0,0.0,-1.60040244525815e+29,332296.656,-0.0,0.0,4300,0,8,17168,4300,14723727753216.0,43,0.0,0.0,0.0,0.0,-0.0,0,0,0,0,0.0,0,0,0,0,0,0,0,0,0,0,0,0,0,0,0,0,0,0,0,0,0,0,0,0,0,0,0,0,0,0,0,0,0,7,37,37,44,65476,374,65476,1,0,4,21553,0.0,-0.0,-0.0,0.0,0.0,0.0,0.0,0.0,0.0,0.0,0.0,0.0,0.0,0.0,0.0,0.0,0.0,0.0,0.0,0.0,0.0,2.004,3.697062548517736e+19,3.6970818999223845e+19,2.004,-3.69707618246192e+19,0.0,0.0,0.0,0.0,6669.0,0.0,0.0,0.0,107616352.0,0.0,107616272.0,-0.0,0.0,2.004,2.004,228,0.0,0.0,0.0,0.0,0.0,0.0,0.0,0.0,0.0,0,0,0,-0.0,0.0,0.0,-6.383,1.799,-1.2441671406243515e+30,7.74134246236277e+31,nan,0.0,-1.0202823891014566e+22,-0.0,36509860.0,0.0,0.0,0.0,-7.214658850908013e+18,0,1.3516416376850534e+27,228,0.0,456,-621855232.0,-0.0,2114,0,17110,0,17112,0,17096,0,0,0,101,100,100,0.0,64.1,0.0,64.9,-107615232.0,64.0,1,49,50,180,52429,0,0,0,0.0,0.0,0.0,60.0,2487389696.0,71.0,0.0,10943935283200.0,0.0,1069,0,1070,0,0,0,1070,0,1080,0,1000,0,644,0,646,0,640,0,675,0.032,1.0330176681277349e+22,-2.004,0.0,8336,16814,134283343691776.0,0.0,1.8718285634731814e+36,3.1772005539774464e+16,8.568739491069316e+21,0.0,50.0,60.0,35,0.0,0.0,10.0,2.0,0.0,0.0,0.0,0.0,0.0,0.0,0.0,0.0,0.0,0.0,0.0,0.0,58.8,52,12,65510,26,65476,0,300,0,0,8,20529,65476,0,0,30147,60.0,0.0,10.0,10.0,2.0,0.0
2026-02-16T12:15:34,ERR,ERR,ERR,ERR,ERR,ERR,ERR,ERR,ERR,ERR,ERR,ERR,ERR,ERR,ERR,ERR,ERR,ERR,ERR,ERR,ERR,ERR,ERR,ERR,ERR,ERR,ERR,ERR,ERR,ERR,ERR,ERR,ERR,ERR,ERR,ERR,ERR,ERR,ERR,ERR,ERR,ERR,ERR,ERR,ERR,ERR,ERR,ERR,ERR,ERR,ERR,ERR,ERR,ERR,ERR,ERR,ERR,ERR,ERR,ERR,ERR,ERR,ERR,ERR,ERR,ERR,ERR,ERR,ERR,ERR,ERR,ERR,ERR,ERR,ERR,ERR,ERR,ERR,ERR,ERR,ERR,ERR,ERR,ERR,ERR,ERR,ERR,ERR,ERR,ERR,ERR,ERR,ERR,ERR,ERR,ERR,ERR,ERR,ERR,ERR,ERR,ERR,ERR,ERR,ERR,ERR,ERR,ERR,ERR,ERR,ERR,ERR,ERR,ERR,ERR,ERR,ERR,ERR,ERR,ERR,ERR,ERR,ERR,ERR,ERR,0.0,107616352.0,-108138592.0,0.0,-1.60040244525815e+29,332296.656,-0.0,0.0,4300,0,8,17168,4300,14723727753216.0,43,0.0,0.0,0.0,0.0,-0.0,0,0,0,0,0.0,0,0,0,0,0,0,0,0,0,0,0,0,0,0,0,0,0,0,0,0,0,0,0,0,0,0,0,0,0,0,0,0,0,7,37,37,44,65476,374,65476,1,0,4,21553,0.0,-0.0,-0.0,0.0,0.0,0.0,0.0,0.0,0.0,0.0,0.0,0.0,0.0,0.0,0.0,0.0,0.0,0.0,0.0,0.0,0.0,2.004,3.697062548517736e+19,3.6970818999223845e+19,2.004,-3.69707618246192e+19,0.0,0.0,0.0,0.0,6669.0,0.0,0.0,0.0,107616352.0,0.0,107616272.0,-0.0,0.0,2.004,2.004,228,0.0,0.0,0.0,0.0,0.0,0.0,0.0,0.0,0.0,0,0,0,-0.0,0.0,0.0,-6.383,1.799,-1.2441671406243515e+30,7.74134246236277e+31,nan,0.0,-1.0202823891014566e+22,-0.0,36509860.0,0.0,0.0,0.0,-7.214658850908013e+18,0,1.3516416376850534e+27,228,0.0,456,-621855232.0,-0.0,2114,0,17110,0,17112,0,17096,0,0,0,101,100,100,0.0,64.1,0.0,64.9,-107615232.0,64.0,1,49,50,180,52429,0,0,0,0.0,0.0,0.0,60.0,2487389696.0,71.0,0.0,10943935283200.0,0.0,1069,0,1070,0,0,0,1070,0,1080,0,1000,0,644,0,646,0,640,0,675,0.032,1.0330176681277349e+22,-2.004,0.0,8336,16814,134283343691776.0,0.0,1.8718285634731814e+36,3.1772005539774464e+16,8.568739491069316e+21,0.0,50.0,60.0,35,0.0,0.0,10.0,2.0,0.0,0.0,0.0,0.0,0.0,0.0,0.0,0.0,0.0,0.0,0.0,0.0,58.8,52,12,65510,26,65476,0,300,0,0,8,20529,65476,0,0,30147,60.0,0.0,10.0,10.0,2.0,0.0
2026-02-16T12:15:35,ERR,ERR,ERR,ERR,ERR,ERR,ERR,ERR,ERR,ERR,ERR,ERR,ERR,ERR,ERR,ERR,ERR,ERR,ERR,ERR,ERR,ERR,ERR,ERR,ERR,ERR,ERR,ERR,ERR,ERR,ERR,ERR,ERR,ERR,ERR,ERR,ERR,ERR,ERR,ERR,ERR,ERR,ERR,ERR,ERR,ERR,ERR,ERR,ERR,ERR,ERR,ERR,ERR,ERR,ERR,ERR,ERR,ERR,ERR,ERR,ERR,ERR,ERR,ERR,ERR,ERR,ERR,ERR,ERR,ERR,ERR,ERR,ERR,ERR,ERR,ERR,ERR,ERR,ERR,ERR,ERR,ERR,ERR,ERR,ERR,ERR,ERR,ERR,ERR,ERR,ERR,ERR,ERR,ERR,ERR,ERR,ERR,ERR,ERR,ERR,ERR,ERR,ERR,ERR,ERR,ERR,ERR,ERR,ERR,ERR,ERR,ERR,ERR,ERR,ERR,ERR,ERR,ERR,ERR,ERR,ERR,ERR,ERR,ERR,ERR,0.0,107616352.0,-108138592.0,0.0,-1.60040244525815e+29,332296.656,-0.0,0.0,4300,0,8,17168,4300,14723727753216.0,43,0.0,0.0,0.0,0.0,-0.0,0,0,0,0,0.0,0,0,0,0,0,0,0,0,0,0,0,0,0,0,0,0,0,0,0,0,0,0,0,0,0,0,0,0,0,0,0,0,0,7,37,37,44,65476,374,65476,1,0,4,21553,0.0,-0.0,-0.0,0.0,0.0,0.0,0.0,0.0,0.0,0.0,0.0,0.0,0.0,0.0,0.0,0.0,0.0,0.0,0.0,0.0,0.0,2.004,3.697062548517736e+19,3.6970818999223845e+19,2.004,-3.69707618246192e+19,0.0,0.0,0.0,0.0,6669.0,0.0,0.0,0.0,107616352.0,0.0,107616272.0,-0.0,0.0,2.004,2.004,228,0.0,0.0,0.0,0.0,0.0,0.0,0.0,0.0,0.0,0,0,0,-0.0,0.0,0.0,-6.383,1.799,-1.2441671406243515e+30,7.74134246236277e+31,nan,0.0,-1.0202823891014566e+22,-0.0,36509860.0,0.0,0.0,0.0,-7.214658850908013e+18,0,1.3516416376850534e+27,228,0.0,456,-621855232.0,-0.0,2114,0,17110,0,17112,0,17096,0,0,0,101,100,100,0.0,64.1,0.0,64.9,-107615232.0,64.0,1,49,50,180,52429,0,0,0,0.0,0.0,0.0,60.0,2487389696.0,71.0,0.0,10943935283200.0,0.0,1069,0,1070,0,0,0,1070,0,1080,0,1000,0,644,0,646,0,640,0,675,0.032,1.0330176681277349e+22,-2.004,0.0,8336,16814,134283343691776.0,0.0,1.8718285634731814e+36,3.1772005539774464e+16,8.568739491069316e+21,0.0,50.0,60.0,35,0.0,0.0,10.0,2.0,0.0,0.0,0.0,0.0,0.0,0.0,0.0,0.0,0.0,0.0,0.0,0.0,58.8,52,12,65510,26,65476,0,300,0,0,8,20529,65476,0,0,30147,60.0,0.0,10.0,10.0,2.0,0.0
2026-02-16T12:15:36,ERR,ERR,ERR,ERR,ERR,ERR,ERR,ERR,ERR,ERR,ERR,ERR,ERR,ERR,ERR,ERR,ERR,ERR,ERR,ERR,ERR,ERR,ERR,ERR,ERR,ERR,ERR,ERR,ERR,ERR,ERR,ERR,ERR,ERR,ERR,ERR,ERR,ERR,ERR,ERR,ERR,ERR,ERR,ERR,ERR,ERR,ERR,ERR,ERR,ERR,ERR,ERR,ERR,ERR,ERR,ERR,ERR,ERR,ERR,ERR,ERR,ERR,ERR,ERR,ERR,ERR,ERR,ERR,ERR,ERR,ERR,ERR,ERR,ERR,ERR,ERR,ERR,ERR,ERR,ERR,ERR,ERR,ERR,ERR,ERR,ERR,ERR,ERR,ERR,ERR,ERR,ERR,ERR,ERR,ERR,ERR,ERR,ERR,ERR,ERR,ERR,ERR,ERR,ERR,ERR,ERR,ERR,ERR,ERR,ERR,ERR,ERR,ERR,ERR,ERR,ERR,ERR,ERR,ERR,ERR,ERR,ERR,ERR,ERR,ERR,0.0,2.7184527190102135e+23,0.0,0.0,70170693337088.0,0.0,1.8097981412832383e+36,-0.0,4300,0,8,17168,4300,14723727753216.0,43,0.0,0.0,0.0,0.0,-0.0,0,0,0,0,0.0,0,0,0,0,0,0,0,0,0,0,0,0,0,0,0,0,0,0,0,0,0,0,0,0,0,0,0,0,0,0,0,0,0,7,37,37,44,65476,371,65476,1,0,4,21553,0.0,0.0,0.0,0.0,0.0,0.0,0.0,0.0,0.0,0.0,0.0,0.0,0.0,0.0,0.0,0.0,0.0,0.0,0.0,0.0,0.0,2.004,3.697062548517736e+19,-0.0,0.0,-2.004,0.0,0.0,0.0,0.0,6668.0,0.0,0.0,0.0,2.7184527190102135e+23,0.0,0.0,0.0,0.0,2.004,2.004,228,0.0,0.0,0.0,0.0,0.0,0.0,0.0,0.0,0.0,0,0,0,-0.0,-0.0,0.012,-0.0,0.116,0.0,6.917369572214421e+31,-8.662677401684358e+19,0.0,-1.1088267606552624e+22,-0.0,39655588.0,0.0,0.0,0.0,0.0,0,1.3516416376850534e+27,228,0.0,456,-621855232.0,82050.086,2114,0,17110,0,17112,0,17096,0,0,0,101,100,100,0.0,64.1,0.0,64.9,-107615232.0,64.0,1,49,50,180,52429,0,0,0,0.0,0.0,0.0,60.0,5.557801480477475e+18,71.0,0.0,3434966130098176.0,0.0,1069,0,1070,0,0,0,1070,0,1080,0,1000,0,644,0,646,0,640,0,676,0.032,1.0625324586456702e+22,0.0,0.0,5264,16814,3460468224.0,4.361702775771366e+37,-318.501,-0.0,-0.0,16072713.0,50.0,60.0,35,0.0,0.0,10.0,2.0,0.0,0.0,0.0,0.0,0.0,0.0,0.0,0.0,0.0,0.0,0.0,0.0,59.2,52,12,65510,26,65476,0,300,0,0,8,20529,65476,0,0,30147,60.0,0.0,10.0,10.0,2.0,0.0
2026-02-16T12:15:37,ERR,ERR,ERR,ERR,ERR,ERR,ERR,ERR,ERR,ERR,ERR,ERR,ERR,ERR,ERR,ERR,ERR,ERR,ERR,ERR,ERR,ERR,ERR,ERR,ERR,ERR,ERR,ERR,ERR,ERR,ERR,ERR,ERR,ERR,ERR,ERR,ERR,ERR,ERR,ERR,ERR,ERR,ERR,ERR,ERR,ERR,ERR,ERR,ERR,ERR,ERR,ERR,ERR,ERR,ERR,ERR,ERR,ERR,ERR,ERR,ERR,ERR,ERR,ERR,ERR,ERR,ERR,ERR,ERR,ERR,ERR,ERR,ERR,ERR,ERR,ERR,ERR,ERR,ERR,ERR,ERR,ERR,ERR,ERR,ERR,ERR,ERR,ERR,ERR,ERR,ERR,ERR,ERR,ERR,ERR,ERR,ERR,ERR,ERR,ERR,ERR,ERR,ERR,ERR,ERR,ERR,ERR,ERR,ERR,ERR,ERR,ERR,ERR,ERR,ERR,ERR,ERR,ERR,ERR,ERR,ERR,ERR,ERR,ERR,ERR,0.0,2.7184527190102135e+23,0.0,0.0,70170693337088.0,0.0,1.8097981412832383e+36,-0.0,4300,0,8,17168,4300,14723727753216.0,43,0.0,0.0,0.0,0.0,-0.0,0,0,0,0,0.0,0,0,0,0,0,0,0,0,0,0,0,0,0,0,0,0,0,0,0,0,0,0,0,0,0,0,0,0,0,0,0,0,0,7,37,37,44,65476,371,65476,1,0,4,21553,0.0,0.0,0.0,0.0,0.0,0.0,0.0,0.0,0.0,0.0,0.0,0.0,0.0,0.0,0.0,0.0,0.0,0.0,0.0,0.0,0.0,2.004,3.697062548517736e+19,-0.0,0.0,-2.004,0.0,0.0,0.0,0.0,6668.0,0.0,0.0,0.0,2.7184527190102135e+23,0.0,0.0,0.0,0.0,2.004,2.004,228,0.0,0.0,0.0,0.0,0.0,0.0,0.0,0.0,0.0,0,0,0,-0.0,-0.0,0.012,-0.0,0.116,0.0,6.917369572214421e+31,-8.662677401684358e+19,0.0,-1.1088267606552624e+22,-0.0,39655588.0,0.0,0.0,0.0,0.0,0,1.3516416376850534e+27,228,0.0,456,-621855232.0,82050.086,2114,0,17110,0,17112,0,17096,0,0,0,101,100,100,0.0,64.1,0.0,64.9,-107615232.0,64.0,1,49,50,180,52429,0,0,0,0.0,0.0,0.0,60.0,5.557801480477475e+18,71.0,0.0,3434966130098176.0,0.0,1069,0,1070,0,0,0,1070,0,1080,0,1000,0,644,0,646,0,640,0,676,0.032,1.0625324586456702e+22,0.0,0.0,5264,16814,3460468224.0,4.361702775771366e+37,-318.501,-0.0,-0.0,16072713.0,50.0,60.0,35,0.0,0.0,10.0,2.0,0.0,0.0,0.0,0.0,0.0,0.0,0.0,0.0,0.0,0.0,0.0,0.0,58.8,52,12,65510,26,65476,0,300,0,0,8,20529,65476,0,0,30147,60.0,0.0,10.0,10.0,2.0,0.0
2026-02-16T12:15:38,ERR,ERR,ERR,ERR,ERR,ERR,ERR,ERR,ERR,ERR,ERR,ERR,ERR,ERR,ERR,ERR,ERR,ERR,ERR,ERR,ERR,ERR,ERR,ERR,ERR,ERR,ERR,ERR,ERR,ERR,ERR,ERR,ERR,ERR,ERR,ERR,ERR,ERR,ERR,ERR,ERR,ERR,ERR,ERR,ERR,ERR,ERR,ERR,ERR,ERR,ERR,ERR,ERR,ERR,ERR,ERR,ERR,ERR,ERR,ERR,ERR,ERR,ERR,ERR,ERR,ERR,ERR,ERR,ERR,ERR,ERR,ERR,ERR,ERR,ERR,ERR,ERR,ERR,ERR,ERR,ERR,ERR,ERR,ERR,ERR,ERR,ERR,ERR,ERR,ERR,ERR,ERR,ERR,ERR,ERR,ERR,ERR,ERR,ERR,ERR,ERR,ERR,ERR,ERR,ERR,ERR,ERR,ERR,ERR,ERR,ERR,ERR,ERR,ERR,ERR,ERR,ERR,ERR,ERR,ERR,ERR,ERR,ERR,ERR,ERR,0.0,2.7184527190102135e+23,0.0,0.0,70170693337088.0,0.0,1.8097981412832383e+36,-0.0,4300,0,8,17168,4300,14723727753216.0,43,0.0,0.0,0.0,0.0,-0.0,0,0,0,0,0.0,0,0,0,0,0,0,0,0,0,0,0,0,0,0,0,0,0,0,0,0,0,0,0,0,0,0,0,0,0,0,0,0,0,7,37,37,44,65476,371,65476,1,0,4,21553,0.0,0.0,0.0,0.0,0.0,0.0,0.0,0.0,0.0,0.0,0.0,0.0,0.0,0.0,0.0,0.0,0.0,0.0,0.0,0.0,0.0,2.004,3.697062548517736e+19,-0.0,0.0,-2.004,0.0,0.0,0.0,0.0,6668.0,0.0,0.0,0.0,2.7184527190102135e+23,0.0,0.0,0.0,0.0,2.004,2.004,228,0.0,0.0,0.0,0.0,0.0,0.0,0.0,0.0,0.0,0,0,0,-0.0,-0.0,0.012,-0.0,0.116,0.0,6.917369572214421e+31,-8.662677401684358e+19,0.0,-1.1088267606552624e+22,-0.0,39655588.0,0.0,0.0,0.0,0.0,0,1.3516416376850534e+27,228,0.0,456,-621855232.0,82050.086,2114,0,17110,0,17112,0,17096,0,0,0,101,100,100,0.0,64.1,0.0,64.9,-107615232.0,64.0,1,49,50,180,52429,0,0,0,0.0,0.0,0.0,60.0,5.557801480477475e+18,71.0,0.0,3434966130098176.0,0.0,1069,0,1070,0,0,0,1070,0,1080,0,1000,0,644,0,646,0,640,0,676,0.032,1.0625324586456702e+22,0.0,0.0,5264,16814,3460468224.0,4.361702775771366e+37,-318.501,-0.0,-0.0,16072713.0,50.0,60.0,35,0.0,0.0,10.0,2.0,0.0,0.0,0.0,0.0,0.0,0.0,0.0,0.0,0.0,0.0,0.0,0.0,58.8,52,12,65510,26,65476,0,300,0,0,8,20529,65476,0,0,30147,60.0,0.0,10.0,10.0,2.0,0.0
2026-02-16T12:15:39,ERR,ERR,ERR,ERR,ERR,ERR,ERR,ERR,ERR,ERR,ERR,ERR,ERR,ERR,ERR,ERR,ERR,ERR,ERR,ERR,ERR,ERR,ERR,ERR,ERR,ERR,ERR,ERR,ERR,ERR,ERR,ERR,ERR,ERR,ERR,ERR,ERR,ERR,ERR,ERR,ERR,ERR,ERR,ERR,ERR,ERR,ERR,ERR,ERR,ERR,ERR,ERR,ERR,ERR,ERR,ERR,ERR,ERR,ERR,ERR,ERR,ERR,ERR,ERR,ERR,ERR,ERR,ERR,ERR,ERR,ERR,ERR,ERR,ERR,ERR,ERR,ERR,ERR,ERR,ERR,ERR,ERR,ERR,ERR,ERR,ERR,ERR,ERR,ERR,ERR,ERR,ERR,ERR,ERR,ERR,ERR,ERR,ERR,ERR,ERR,ERR,ERR,ERR,ERR,ERR,ERR,ERR,ERR,ERR,ERR,ERR,ERR,ERR,ERR,ERR,ERR,ERR,ERR,ERR,ERR,ERR,ERR,ERR,ERR,ERR,0.0,2.7184527190102135e+23,0.0,0.0,70170693337088.0,0.0,1.8097981412832383e+36,-0.0,4300,0,8,17168,4300,14723727753216.0,43,0.0,0.0,0.0,0.0,-0.0,0,0,0,0,0.0,0,0,0,0,0,0,0,0,0,0,0,0,0,0,0,0,0,0,0,0,0,0,0,0,0,0,0,0,0,0,0,0,0,7,37,37,44,65476,371,65476,1,0,4,21553,0.0,0.0,0.0,0.0,0.0,0.0,0.0,0.0,0.0,0.0,0.0,0.0,0.0,0.0,0.0,0.0,0.0,0.0,0.0,0.0,0.0,2.004,3.697062548517736e+19,-0.0,0.0,-2.004,0.0,0.0,0.0,0.0,6668.0,0.0,0.0,0.0,2.7184527190102135e+23,0.0,0.0,0.0,0.0,2.004,2.004,228,0.0,0.0,0.0,0.0,0.0,0.0,0.0,0.0,0.0,0,0,0,-0.0,-0.0,0.012,-0.0,0.116,0.0,6.917369572214421e+31,-8.662677401684358e+19,0.0,-1.1088267606552624e+22,-0.0,39655588.0,0.0,0.0,0.0,0.0,0,1.3516416376850534e+27,228,0.0,456,-621855232.0,82050.086,2114,0,17110,0,17112,0,17096,0,0,0,101,100,100,0.0,64.1,0.0,64.9,-107615232.0,64.0,1,49,50,180,52429,0,0,0,0.0,0.0,0.0,60.0,13200.639,71.0,0.0,3.5501763729555456e+16,0.0,1069,0,1070,0,0,0,1070,0,1080,0,1000,0,644,0,646,0,640,0,676,0.032,9.186478548707357e+21,0.0,0.0,5776,16814,0.004,3.5501763729555456e+16,-0.0,4.4332090857706355e+23,1.3975077868811794e+34,1.2659089379582248e+21,50.0,60.0,35,0.0,0.0,10.0,2.0,0.0,0.0,0.0,0.0,0.0,0.0,0.0,0.0,0.0,0.0,0.0,0.0,59.2,52,12,65510,26,65476,0,300,0,0,8,20529,65476,0,0,30147,60.0,0.0,10.0,10.0,2.0,0.0
2026-02-16T12:15:40,ERR,ERR,ERR,ERR,ERR,ERR,ERR,ERR,ERR,ERR,ERR,ERR,ERR,ERR,ERR,ERR,ERR,ERR,ERR,ERR,ERR,ERR,ERR,ERR,ERR,ERR,ERR,ERR,ERR,ERR,ERR,ERR,ERR,ERR,ERR,ERR,ERR,ERR,ERR,ERR,ERR,ERR,ERR,ERR,ERR,ERR,ERR,ERR,ERR,ERR,ERR,ERR,ERR,ERR,ERR,ERR,ERR,ERR,ERR,ERR,ERR,ERR,ERR,ERR,ERR,ERR,ERR,ERR,ERR,ERR,ERR,ERR,ERR,ERR,ERR,ERR,ERR,ERR,ERR,ERR,ERR,ERR,ERR,ERR,ERR,ERR,ERR,ERR,ERR,ERR,ERR,ERR,ERR,ERR,ERR,ERR,ERR,ERR,ERR,ERR,ERR,ERR,ERR,ERR,ERR,ERR,ERR,ERR,ERR,ERR,ERR,ERR,ERR,ERR,ERR,ERR,ERR,ERR,ERR,ERR,ERR,ERR,ERR,ERR,ERR,0.0,2.7184527190102135e+23,0.0,0.0,70170693337088.0,0.0,1.8097981412832383e+36,-0.0,4300,0,8,17168,4300,14723727753216.0,43,0.0,0.0,0.0,0.0,-0.0,0,0,0,0,0.0,0,0,0,0,0,0,0,0,0,0,0,0,0,0,0,0,0,0,0,0,0,0,0,0,0,0,0,0,0,0,0,0,0,7,37,37,44,65476,371,65476,1,0,4,21553,0.0,0.0,0.0,0.0,0.0,0.0,0.0,0.0,0.0,0.0,0.0,0.0,0.0,0.0,0.0,0.0,0.0,0.0,0.0,0.0,0.0,2.004,3.697062548517736e+19,-0.0,0.0,-2.004,0.0,0.0,0.0,0.0,6668.0,0.0,0.0,0.0,2.7184527190102135e+23,0.0,0.0,0.0,0.0,2.004,2.004,228,0.0,0.0,0.0,0.0,0.0,0.0,0.0,0.0,0.0,0,0,0,-0.0,-0.0,0.012,-0.0,0.116,0.0,6.917369572214421e+31,-8.662677401684358e+19,0.0,-1.1088267606552624e+22,-0.0,39655588.0,0.0,0.0,0.0,0.0,0,1.3516416376850534e+27,228,0.0,456,-621855232.0,82050.086,2114,0,17110,0,17112,0,17096,0,0,0,101,100,100,0.0,64.1,0.0,64.9,-107615232.0,64.0,1,49,50,180,52429,0,0,0,0.0,0.0,0.0,60.0,13200.639,71.0,0.0,3.5501763729555456e+16,0.0,1069,0,1070,0,0,0,1070,0,1080,0,1000,0,644,0,646,0,640,0,676,0.032,9.186478548707357e+21,0.0,0.0,5776,16814,0.004,3.5501763729555456e+16,-0.0,4.4332090857706355e+23,1.3975077868811794e+34,1.2659089379582248e+21,50.0,60.0,35,0.0,0.0,10.0,2.0,0.0,0.0,0.0,0.0,0.0,0.0,0.0,0.0,0.0,0.0,0.0,0.0,59.2,52,12,65510,26,65476,0,300,0,0,8,20529,65476,0,0,30147,60.0,0.0,10.0,10.0,2.0,0.0
2026-02-16T12:15:41,ERR,ERR,ERR,ERR,ERR,ERR,ERR,ERR,ERR,ERR,ERR,ERR,ERR,ERR,ERR,ERR,ERR,ERR,ERR,ERR,ERR,ERR,ERR,ERR,ERR,ERR,ERR,ERR,ERR,ERR,ERR,ERR,ERR,ERR,ERR,ERR,ERR,ERR,ERR,ERR,ERR,ERR,ERR,ERR,ERR,ERR,ERR,ERR,ERR,ERR,ERR,ERR,ERR,ERR,ERR,ERR,ERR,ERR,ERR,ERR,ERR,ERR,ERR,ERR,ERR,ERR,ERR,ERR,ERR,ERR,ERR,ERR,ERR,ERR,ERR,ERR,ERR,ERR,ERR,ERR,ERR,ERR,ERR,ERR,ERR,ERR,ERR,ERR,ERR,ERR,ERR,ERR,ERR,ERR,ERR,ERR,ERR,ERR,ERR,ERR,ERR,ERR,ERR,ERR,ERR,ERR,ERR,ERR,ERR,ERR,ERR,ERR,ERR,ERR,ERR,ERR,ERR,ERR,ERR,ERR,ERR,ERR,ERR,ERR,ERR,0.0,2.7184527190102135e+23,0.0,0.0,70170693337088.0,-9.024791426094306e+29,0.0,-20300466176.0,4300,0,8,17168,4300,0.0,44,0.0,0.0,0.0,0.0,-0.0,0,0,0,0,0.0,0,0,0,0,0,0,0,0,0,0,0,0,0,0,0,0,0,0,0,0,0,0,0,0,0,0,0,0,0,0,0,0,0,7,37,37,44,65476,369,65476,1,0,4,21553,0.0,0.0,2.158395832953528e+22,0.0,0.0,0.0,0.0,0.0,0.0,0.0,0.0,0.0,0.0,0.0,0.0,0.0,0.0,0.0,0.0,0.0,0.0,2.004,3.697062548517736e+19,-0.0,0.0,-2.004,0.0,0.0,0.0,0.0,6671.0,0.0,0.0,0.0,2.7184527190102135e+23,0.0,0.0,-0.0,0.0,2.004,2.004,230,2.718417410789135e+23,0.059,0.0,0.0,0.0,0.0,0.0,0.0,0.0,0,0,0,-0.0,2.2000760379355955e+18,4.102,-75395.961,762020613849088.0,0.0,8.210957071439573e+30,-1.2005769708208208e+27,0.0,-1.2047498298385521e+22,-0.0,43063460.0,0.0,0.0,0.0,-6.92019386924816e+37,0,1.3516416376850534e+27,230,0.0,460,-621855232.0,82050.086,2114,0,17110,0,17112,0,17096,0,0,0,101,100,100,0.0,64.1,0.0,64.9,-107615232.0,64.0,1,49,50,180,52429,0,0,0,0.0,0.0,0.0,60.0,13200.639,71.0,0.0,3.5501763729555456e+16,0.0,1069,0,1070,0,0,0,1070,0,1080,0,1000,0,644,0,646,0,640,0,676,0.032,9.186478548707357e+21,0.0,0.0,5776,16814,0.004,3.5501763729555456e+16,-0.0,4.4332090857706355e+23,1.3975077868811794e+34,1.2659089379582248e+21,50.0,60.0,35,0.0,0.0,10.0,2.0,0.0,0.0,0.0,0.0,0.0,0.0,0.0,0.0,0.0,0.0,0.0,0.0,59.2,52,12,65510,26,65476,0,300,0,0,8,20529,65476,0,0,30147,60.0,0.0,10.0,10.0,2.0,0.0
2026-02-16T12:15:42,ERR,ERR,ERR,ERR,ERR,ERR,ERR,ERR,ERR,ERR,ERR,ERR,ERR,ERR,ERR,ERR,ERR,ERR,ERR,ERR,ERR,ERR,ERR,ERR,ERR,ERR,ERR,ERR,ERR,ERR,ERR,ERR,ERR,ERR,ERR,ERR,ERR,ERR,ERR,ERR,ERR,ERR,ERR,ERR,ERR,ERR,ERR,ERR,ERR,ERR,ERR,ERR,ERR,ERR,ERR,ERR,ERR,ERR,ERR,ERR,ERR,ERR,ERR,ERR,ERR,ERR,ERR,ERR,ERR,ERR,ERR,ERR,ERR,ERR,ERR,ERR,ERR,ERR,ERR,ERR,ERR,ERR,ERR,ERR,ERR,ERR,ERR,ERR,ERR,ERR,ERR,ERR,ERR,ERR,ERR,ERR,ERR,ERR,ERR,ERR,ERR,ERR,ERR,ERR,ERR,ERR,ERR,ERR,ERR,ERR,ERR,ERR,ERR,ERR,ERR,ERR,ERR,ERR,ERR,ERR,ERR,ERR,ERR,ERR,ERR,0.0,2.7184527190102135e+23,0.0,0.0,70170693337088.0,-9.024791426094306e+29,0.0,-20300466176.0,4300,0,8,17168,4300,0.0,44,0.0,0.0,0.0,0.0,-0.0,0,0,0,0,0.0,0,0,0,0,0,0,0,0,0,0,0,0,0,0,0,0,0,0,0,0,0,0,0,0,0,0,0,0,0,0,0,0,0,7,37,37,44,65476,369,65476,1,0,4,21553,0.0,0.0,2.158395832953528e+22,0.0,0.0,0.0,0.0,0.0,0.0,0.0,0.0,0.0,0.0,0.0,0.0,0.0,0.0,0.0,0.0,0.0,0.0,2.004,3.697062548517736e+19,-0.0,0.0,-2.004,0.0,0.0,0.0,0.0,6671.0,0.0,0.0,0.0,2.7184527190102135e+23,0.0,0.0,-0.0,0.0,2.004,2.004,230,2.718417410789135e+23,0.059,0.0,0.0,0.0,0.0,0.0,0.0,0.0,0,0,0,-0.0,2.2000760379355955e+18,4.102,-75395.961,762020613849088.0,0.0,8.210957071439573e+30,-1.2005769708208208e+27,0.0,-1.2047498298385521e+22,-0.0,43063460.0,0.0,0.0,0.0,-6.92019386924816e+37,0,1.3516416376850534e+27,230,0.0,460,-621855232.0,82050.086,2114,0,17110,0,17112,0,17096,0,0,0,101,100,100,0.0,64.1,0.0,64.9,-107615232.0,64.0,1,49,50,180,52429,52429,0,0,0.0,0.0,0.0,60.0,85637.109,71.0,0.0,0.0,0.0,1069,0,1070,0,0,0,1070,0,1080,0,1000,0,644,0,646,0,640,0,676,0.032,1.0551537610161864e+22,0.0,0.0,64272,16813,85637.109,0.0,18555672576.0,-934296640.0,0.0,-2.5274123863062415e+25,50.0,60.0,35,0.0,0.0,10.0,2.0,0.0,0.0,0.0,0.0,0.0,0.0,0.0,0.0,0.0,0.0,0.0,0.0,58.8,52,12,65510,26,65476,0,300,0,0,8,20529,65476,0,0,30147,60.0,0.0,10.0,10.0,2.0,0.0
2026-02-16T12:15:43,ERR,ERR,ERR,ERR,ERR,ERR,ERR,ERR,ERR,ERR,ERR,ERR,ERR,ERR,ERR,ERR,ERR,ERR,ERR,ERR,ERR,ERR,ERR,ERR,ERR,ERR,ERR,ERR,ERR,ERR,ERR,ERR,ERR,ERR,ERR,ERR,ERR,ERR,ERR,ERR,ERR,ERR,ERR,ERR,ERR,ERR,ERR,ERR,ERR,ERR,ERR,ERR,ERR,ERR,ERR,ERR,ERR,ERR,ERR,ERR,ERR,ERR,ERR,ERR,ERR,ERR,ERR,ERR,ERR,ERR,ERR,ERR,ERR,ERR,ERR,ERR,ERR,ERR,ERR,ERR,ERR,ERR,ERR,ERR,ERR,ERR,ERR,ERR,ERR,ERR,ERR,ERR,ERR,ERR,ERR,ERR,ERR,ERR,ERR,ERR,ERR,ERR,ERR,ERR,ERR,ERR,ERR,ERR,ERR,ERR,ERR,ERR,ERR,ERR,ERR,ERR,ERR,ERR,ERR,ERR,ERR,ERR,ERR,ERR,ERR,0.0,2.7184527190102135e+23,0.0,0.0,70170693337088.0,-9.024791426094306e+29,0.0,-20300466176.0,4300,0,8,17168,4300,0.0,44,0.0,0.0,0.0,0.0,-0.0,0,0,0,0,0.0,0,0,0,0,0,0,0,0,0,0,0,0,0,0,0,0,0,0,0,0,0,0,0,0,0,0,0,0,0,0,0,0,0,7,37,37,44,65476,369,65476,1,0,4,21553,0.0,0.0,2.158395832953528e+22,0.0,0.0,0.0,0.0,0.0,0.0,0.0,0.0,0.0,0.0,0.0,0.0,0.0,0.0,0.0,0.0,0.0,0.0,2.004,3.697062548517736e+19,-0.0,0.0,-2.004,0.0,0.0,0.0,0.0,6671.0,0.0,0.0,0.0,2.7184527190102135e+23,0.0,0.0,-0.0,0.0,2.004,2.004,230,2.718417410789135e+23,0.059,0.0,0.0,0.0,0.0,0.0,0.0,0.0,0,0,0,-0.0,2.2000760379355955e+18,4.102,-75395.961,762020613849088.0,0.0,8.210957071439573e+30,-1.2005769708208208e+27,0.0,-1.2047498298385521e+22,-0.0,43063460.0,0.0,0.0,0.0,-6.92019386924816e+37,0,1.3516416376850534e+27,230,0.0,460,-621855232.0,82050.086,2114,0,17110,0,17112,0,17096,0,0,0,101,100,100,0.0,64.1,0.0,64.9,-107615232.0,64.0,1,49,50,180,52429,52429,0,0,0.0,0.0,0.0,60.0,85637.109,71.0,0.0,0.0,0.0,1069,0,1070,0,0,0,1070,0,1080,0,1000,0,644,0,646,0,640,0,676,0.032,1.0551537610161864e+22,0.0,0.0,64272,16813,85637.109,0.0,18555672576.0,-934296640.0,0.0,-2.5274123863062415e+25,50.0,60.0,35,0.0,0.0,10.0,2.0,0.0,0.0,0.0,0.0,0.0,0.0,0.0,0.0,0.0,0.0,0.0,0.0,58.8,52,12,65510,26,65476,0,300,0,0,8,20529,65476,0,0,30147,60.0,0.0,10.0,10.0,2.0,0.0
2026-02-16T12:15:44,ERR,ERR,ERR,ERR,ERR,ERR,ERR,ERR,ERR,ERR,ERR,ERR,ERR,ERR,ERR,ERR,ERR,ERR,ERR,ERR,ERR,ERR,ERR,ERR,ERR,ERR,ERR,ERR,ERR,ERR,ERR,ERR,ERR,ERR,ERR,ERR,ERR,ERR,ERR,ERR,ERR,ERR,ERR,ERR,ERR,ERR,ERR,ERR,ERR,ERR,ERR,ERR,ERR,ERR,ERR,ERR,ERR,ERR,ERR,ERR,ERR,ERR,ERR,ERR,ERR,ERR,ERR,ERR,ERR,ERR,ERR,ERR,ERR,ERR,ERR,ERR,ERR,ERR,ERR,ERR,ERR,ERR,ERR,ERR,ERR,ERR,ERR,ERR,ERR,ERR,ERR,ERR,ERR,ERR,ERR,ERR,ERR,ERR,ERR,ERR,ERR,ERR,ERR,ERR,ERR,ERR,ERR,ERR,ERR,ERR,ERR,ERR,ERR,ERR,ERR,ERR,ERR,ERR,ERR,ERR,ERR,ERR,ERR,ERR,ERR,0.0,2.7184527190102135e+23,0.0,0.0,70170693337088.0,-9.024791426094306e+29,0.0,-20300466176.0,4300,0,8,17168,4300,0.0,44,0.0,0.0,0.0,0.0,-0.0,0,0,0,0,0.0,0,0,0,0,0,0,0,0,0,0,0,0,0,0,0,0,0,0,0,0,0,0,0,0,0,0,0,0,0,0,0,0,0,7,37,37,44,65476,369,65476,1,0,4,21553,0.0,0.0,2.158395832953528e+22,0.0,0.0,0.0,0.0,0.0,0.0,0.0,0.0,0.0,0.0,0.0,0.0,0.0,0.0,0.0,0.0,0.0,0.0,2.004,3.697062548517736e+19,-0.0,0.0,-2.004,0.0,0.0,0.0,0.0,6671.0,0.0,0.0,0.0,2.7184527190102135e+23,0.0,0.0,-0.0,0.0,2.004,2.004,230,2.718417410789135e+23,0.059,0.0,0.0,0.0,0.0,0.0,0.0,0.0,0,0,0,-0.0,2.2000760379355955e+18,4.102,-75395.961,762020613849088.0,0.0,8.210957071439573e+30,-1.2005769708208208e+27,0.0,-1.2047498298385521e+22,-0.0,43063460.0,0.0,0.0,0.0,-6.92019386924816e+37,0,1.3516416376850534e+27,230,0.0,460,-621855232.0,82050.086,2114,0,17110,0,17112,0,17096,0,0,0,101,100,100,0.0,64.1,0.0,64.9,-107615232.0,64.0,1,49,50,180,52429,52429,0,0,0.0,0.0,0.0,60.0,85637.109,71.0,0.0,0.0,0.0,1069,0,1070,0,0,0,1070,0,1080,0,1000,0,644,0,646,0,640,0,676,0.032,1.0551537610161864e+22,0.0,0.0,64272,16813,85637.109,0.0,18555672576.0,-934296640.0,0.0,-2.5274123863062415e+25,50.0,60.0,35,0.0,0.0,10.0,2.0,0.0,0.0,0.0,0.0,0.0,0.0,0.0,0.0,0.0,0.0,0.0,0.0,58.8,52,12,65510,26,65476,0,300,0,0,8,20529,65476,0,0,30147,60.0,0.0,10.0,10.0,2.0,0.0
2026-02-16T12:15:45,ERR,ERR,ERR,ERR,ERR,ERR,ERR,ERR,ERR,ERR,ERR,ERR,ERR,ERR,ERR,ERR,ERR,ERR,ERR,ERR,ERR,ERR,ERR,ERR,ERR,ERR,ERR,ERR,ERR,ERR,ERR,ERR,ERR,ERR,ERR,ERR,ERR,ERR,ERR,ERR,ERR,ERR,ERR,ERR,ERR,ERR,ERR,ERR,ERR,ERR,ERR,ERR,ERR,ERR,ERR,ERR,ERR,ERR,ERR,ERR,ERR,ERR,ERR,ERR,ERR,ERR,ERR,ERR,ERR,ERR,ERR,ERR,ERR,ERR,ERR,ERR,ERR,ERR,ERR,ERR,ERR,ERR,ERR,ERR,ERR,ERR,ERR,ERR,ERR,ERR,ERR,ERR,ERR,ERR,ERR,ERR,ERR,ERR,ERR,ERR,ERR,ERR,ERR,ERR,ERR,ERR,ERR,ERR,ERR,ERR,ERR,ERR,ERR,ERR,ERR,ERR,ERR,ERR,ERR,ERR,ERR,ERR,ERR,ERR,ERR,0.0,2.7184527190102135e+23,0.0,0.0,70170693337088.0,-9.024791426094306e+29,0.0,-20300466176.0,4300,0,8,17168,4300,0.0,44,0.0,0.0,0.0,0.0,-0.0,0,0,0,0,0.0,0,0,0,0,0,0,0,0,0,0,0,0,0,0,0,0,0,0,0,0,0,0,0,0,0,0,0,0,0,0,0,0,0,7,37,37,44,65476,369,65476,1,0,4,21553,0.0,0.0,2.158395832953528e+22,0.0,0.0,0.0,0.0,0.0,0.0,0.0,0.0,0.0,0.0,0.0,0.0,0.0,0.0,0.0,0.0,0.0,0.0,2.004,3.697062548517736e+19,-0.0,0.0,-2.004,0.0,0.0,0.0,0.0,6671.0,0.0,0.0,0.0,2.7184527190102135e+23,0.0,0.0,-0.0,0.0,2.004,2.004,230,2.718417410789135e+23,0.059,0.0,0.0,0.0,0.0,0.0,0.0,0.0,0,0,0,-0.0,2.2000760379355955e+18,4.102,-75395.961,762020613849088.0,0.0,8.210957071439573e+30,-1.2005769708208208e+27,0.0,-1.2047498298385521e+22,-0.0,43063460.0,0.0,0.0,0.0,-6.92019386924816e+37,0,1.3516416376850534e+27,230,0.0,460,-621855232.0,82050.086,2114,0,17110,0,17112,0,17096,0,0,0,101,100,100,0.0,64.1,0.0,64.9,-107615232.0,64.0,1,49,50,180,52429,52429,0,0,0.0,0.0,0.0,60.0,85637.109,71.0,0.0,0.0,0.0,1069,0,1070,0,0,0,1070,0,1080,0,1000,0,644,0,646,0,640,0,676,0.032,1.0551537610161864e+22,0.0,0.0,64272,16813,85637.109,0.0,18555672576.0,-934296640.0,0.0,-2.5274123863062415e+25,50.0,60.0,35,0.0,0.0,10.0,2.0,0.0,0.0,0.0,0.0,0.0,0.0,0.0,0.0,0.0,0.0,0.0,0.0,58.8,52,12,65510,26,65476,0,300,0,0,8,20529,65476,0,0,30147,60.0,0.0,10.0,10.0,2.0,0.0
2026-02-16T12:15:46,ERR,ERR,ERR,ERR,ERR,ERR,ERR,ERR,ERR,ERR,ERR,ERR,ERR,ERR,ERR,ERR,ERR,ERR,ERR,ERR,ERR,ERR,ERR,ERR,ERR,ERR,ERR,ERR,ERR,ERR,ERR,ERR,ERR,ERR,ERR,ERR,ERR,ERR,ERR,ERR,ERR,ERR,ERR,ERR,ERR,ERR,ERR,ERR,ERR,ERR,ERR,ERR,ERR,ERR,ERR,ERR,ERR,ERR,ERR,ERR,ERR,ERR,ERR,ERR,ERR,ERR,ERR,ERR,ERR,ERR,ERR,ERR,ERR,ERR,ERR,ERR,ERR,ERR,ERR,ERR,ERR,ERR,ERR,ERR,ERR,ERR,ERR,ERR,ERR,ERR,ERR,ERR,ERR,ERR,ERR,ERR,ERR,ERR,ERR,ERR,ERR,ERR,ERR,ERR,ERR,ERR,ERR,ERR,ERR,ERR,ERR,ERR,ERR,ERR,ERR,ERR,ERR,ERR,ERR,ERR,ERR,ERR,ERR,ERR,ERR,0.0,2.7184527190102135e+23,0.0,0.0,70170693337088.0,-2.758413254205364e+20,0.0,-4.013615464591655e+19,4300,0,8,17168,4300,0.0,44,0.0,0.0,0.0,0.0,-0.0,0,0,0,0,0.0,0,0,0,0,0,0,0,0,0,0,0,0,0,0,0,0,0,0,0,0,0,0,0,0,0,0,0,0,0,0,0,0,0,7,37,37,44,65476,366,65476,1,0,4,21553,0.0,0.0,-2.0624515541737664e+37,0.0,0.0,0.0,0.0,0.0,0.0,0.0,0.0,0.0,0.0,0.0,0.0,0.0,0.0,0.0,0.0,0.0,0.0,2.004,3.697062548517736e+19,-0.0,0.0,-3.69707618246192e+19,0.0,0.0,0.0,0.0,6676.0,0.0,0.0,0.0,2.7184527190102135e+23,0.0,107616272.0,0.0,0.0,2.004,2.004,228,5.848055683159391e+35,0.0,0.0,0.0,0.0,0.0,0.0,0.0,0.0,0,0,0,-0.0,-1.4784450958364326e+32,0.0,-0.0,11617136.0,-0.0,2.1748735762485534e+24,-0.0,1.2487600220849968e+33,-1.293294201392358e+22,-0.0,46209188.0,0.0,0.0,0.0,-0.0,0,1.3516416376850534e+27,229,0.0,458,-621855232.0,82050.086,2114,0,17110,0,17112,0,17096,0,0,0,101,100,100,0.0,64.1,0.0,64.9,-107615232.0,64.0,1,49,50,180,52429,0,0,0,0.0,0.0,0.0,60.0,0.094,71.0,0.0,-8167595.0,0.0,1069,0,1070,0,0,0,1070,0,1080,0,1000,0,645,0,646,0,641,0,676,0.032,1.0625324586456702e+22,0.0,0.0,56720,16813,6758727.0,2166855827456.0,-0.0,0.0,-0.0,0.0,50.0,60.0,35,0.0,0.0,10.0,2.0,0.0,0.0,0.0,0.0,0.0,0.0,0.0,0.0,0.0,0.0,0.0,0.0,58.8,52,12,65510,26,65476,0,300,0,0,8,20529,65476,0,0,30147,60.0,0.0,10.0,10.0,2.0,0.0
2026-02-16T12:15:47,ERR,ERR,ERR,ERR,ERR,ERR,ERR,ERR,ERR,ERR,ERR,ERR,ERR,ERR,ERR,ERR,ERR,ERR,ERR,ERR,ERR,ERR,ERR,ERR,ERR,ERR,ERR,ERR,ERR,ERR,ERR,ERR,ERR,ERR,ERR,ERR,ERR,ERR,ERR,ERR,ERR,ERR,ERR,ERR,ERR,ERR,ERR,ERR,ERR,ERR,ERR,ERR,ERR,ERR,ERR,ERR,ERR,ERR,ERR,ERR,ERR,ERR,ERR,ERR,ERR,ERR,ERR,ERR,ERR,ERR,ERR,ERR,ERR,ERR,ERR,ERR,ERR,ERR,ERR,ERR,ERR,ERR,ERR,ERR,ERR,ERR,ERR,ERR,ERR,ERR,ERR,ERR,ERR,ERR,ERR,ERR,ERR,ERR,ERR,ERR,ERR,ERR,ERR,ERR,ERR,ERR,ERR,ERR,ERR,ERR,ERR,ERR,ERR,ERR,ERR,ERR,ERR,ERR,ERR,ERR,ERR,ERR,ERR,ERR,ERR,0.0,2.7184527190102135e+23,0.0,0.0,70170693337088.0,-2.758413254205364e+20,0.0,-4.013615464591655e+19,4300,0,8,17168,4300,0.0,44,0.0,0.0,0.0,0.0,-0.0,0,0,0,0,0.0,0,0,0,0,0,0,0,0,0,0,0,0,0,0,0,0,0,0,0,0,0,0,0,0,0,0,0,0,0,0,0,0,0,7,37,37,44,65476,366,65476,1,0,4,21553,0.0,0.0,-2.0624515541737664e+37,0.0,0.0,0.0,0.0,0.0,0.0,0.0,0.0,0.0,0.0,0.0,0.0,0.0,0.0,0.0,0.0,0.0,0.0,2.004,3.697062548517736e+19,-0.0,0.0,-3.69707618246192e+19,0.0,0.0,0.0,0.0,6676.0,0.0,0.0,0.0,2.7184527190102135e+23,0.0,107616272.0,0.0,0.0,2.004,2.004,228,5.848055683159391e+35,0.0,0.0,0.0,0.0,0.0,0.0,0.0,0.0,0,0,0,-0.0,-1.4784450958364326e+32,0.0,-0.0,11617136.0,-0.0,2.1748735762485534e+24,-0.0,1.2487600220849968e+33,-1.293294201392358e+22,-0.0,46209188.0,0.0,0.0,0.0,-0.0,0,1.3516416376850534e+27,229,0.0,458,-621855232.0,82050.086,2114,0,17110,0,17112,0,17096,0,0,0,101,100,100,0.0,64.1,0.0,64.9,-107615232.0,64.0,1,49,50,180,52429,0,0,0,0.0,0.0,0.0,60.0,0.094,71.0,0.0,-8167595.0,0.0,1069,0,1070,0,0,0,1070,0,1080,0,1000,0,645,0,646,0,641,0,676,0.032,1.0625324586456702e+22,0.0,0.0,56720,16813,6758727.0,2166855827456.0,-0.0,0.0,-0.0,0.0,50.0,60.0,35,0.0,0.0,10.0,2.0,0.0,0.0,0.0,0.0,0.0,0.0,0.0,0.0,0.0,0.0,0.0,0.0,58.8,52,12,65510,26,65476,0,300,0,0,8,20529,65476,0,0,30147,60.0,0.0,10.0,10.0,2.0,0.0
2026-02-16T12:15:48,ERR,ERR,ERR,ERR,ERR,ERR,ERR,ERR,ERR,ERR,ERR,ERR,ERR,ERR,ERR,ERR,ERR,ERR,ERR,ERR,ERR,ERR,ERR,ERR,ERR,ERR,ERR,ERR,ERR,ERR,ERR,ERR,ERR,ERR,ERR,ERR,ERR,ERR,ERR,ERR,ERR,ERR,ERR,ERR,ERR,ERR,ERR,ERR,ERR,ERR,ERR,ERR,ERR,ERR,ERR,ERR,ERR,ERR,ERR,ERR,ERR,ERR,ERR,ERR,ERR,ERR,ERR,ERR,ERR,ERR,ERR,ERR,ERR,ERR,ERR,ERR,ERR,ERR,ERR,ERR,ERR,ERR,ERR,ERR,ERR,ERR,ERR,ERR,ERR,ERR,ERR,ERR,ERR,ERR,ERR,ERR,ERR,ERR,ERR,ERR,ERR,ERR,ERR,ERR,ERR,ERR,ERR,ERR,ERR,ERR,ERR,ERR,ERR,ERR,ERR,ERR,ERR,ERR,ERR,ERR,ERR,ERR,ERR,ERR,ERR,0.0,2.7184527190102135e+23,0.0,0.0,70170693337088.0,-2.758413254205364e+20,0.0,-4.013615464591655e+19,4300,0,8,17168,4300,0.0,44,0.0,0.0,0.0,0.0,-0.0,0,0,0,0,0.0,0,0,0,0,0,0,0,0,0,0,0,0,0,0,0,0,0,0,0,0,0,0,0,0,0,0,0,0,0,0,0,0,0,7,37,37,44,65476,366,65476,1,0,4,21553,0.0,0.0,-2.0624515541737664e+37,0.0,0.0,0.0,0.0,0.0,0.0,0.0,0.0,0.0,0.0,0.0,0.0,0.0,0.0,0.0,0.0,0.0,0.0,2.004,3.697062548517736e+19,-0.0,0.0,-3.69707618246192e+19,0.0,0.0,0.0,0.0,6676.0,0.0,0.0,0.0,2.7184527190102135e+23,0.0,107616272.0,0.0,0.0,2.004,2.004,228,5.848055683159391e+35,0.0,0.0,0.0,0.0,0.0,0.0,0.0,0.0,0,0,0,-0.0,-1.4784450958364326e+32,0.0,-0.0,11617136.0,-0.0,2.1748735762485534e+24,-0.0,1.2487600220849968e+33,-1.293294201392358e+22,-0.0,46209188.0,0.0,0.0,0.0,-0.0,0,1.3516416376850534e+27,229,0.0,458,-621855232.0,82050.086,2114,0,17110,0,17112,0,17096,0,0,0,101,100,100,0.0,64.1,0.0,64.9,-107615232.0,64.0,1,49,50,180,52429,0,0,0,0.0,0.0,0.0,60.0,0.094,71.0,0.0,-8167595.0,0.0,1069,0,1070,0,0,0,1070,0,1080,0,1000,0,645,0,646,0,641,0,676,0.032,1.0625324586456702e+22,0.0,0.0,56720,16813,6758727.0,2166855827456.0,-0.0,0.0,-0.0,0.0,50.0,60.0,35,0.0,0.0,10.0,2.0,0.0,0.0,0.0,0.0,0.0,0.0,0.0,0.0,0.0,0.0,0.0,0.0,58.8,52,12,65510,26,65476,0,300,0,0,8,20529,65476,0,0,30147,60.0,0.0,10.0,10.0,2.0,0.0
2026-02-16T12:15:49,ERR,ERR,ERR,ERR,ERR,ERR,ERR,ERR,ERR,ERR,ERR,ERR,ERR,ERR,ERR,ERR,ERR,ERR,ERR,ERR,ERR,ERR,ERR,ERR,ERR,ERR,ERR,ERR,ERR,ERR,ERR,ERR,ERR,ERR,ERR,ERR,ERR,ERR,ERR,ERR,ERR,ERR,ERR,ERR,ERR,ERR,ERR,ERR,ERR,ERR,ERR,ERR,ERR,ERR,ERR,ERR,ERR,ERR,ERR,ERR,ERR,ERR,ERR,ERR,ERR,ERR,ERR,ERR,ERR,ERR,ERR,ERR,ERR,ERR,ERR,ERR,ERR,ERR,ERR,ERR,ERR,ERR,ERR,ERR,ERR,ERR,ERR,ERR,ERR,ERR,ERR,ERR,ERR,ERR,ERR,ERR,ERR,ERR,ERR,ERR,ERR,ERR,ERR,ERR,ERR,ERR,ERR,ERR,ERR,ERR,ERR,ERR,ERR,ERR,ERR,ERR,ERR,ERR,ERR,ERR,ERR,ERR,ERR,ERR,ERR,0.0,2.7184527190102135e+23,0.0,0.0,70170693337088.0,-2.758413254205364e+20,0.0,-4.013615464591655e+19,4300,0,8,17168,4300,0.0,44,0.0,0.0,0.0,0.0,-0.0,0,0,0,0,0.0,0,0,0,0,0,0,0,0,0,0,0,0,0,0,0,0,0,0,0,0,0,0,0,0,0,0,0,0,0,0,0,0,0,7,37,37,44,65476,366,65476,1,0,4,21553,0.0,0.0,-2.0624515541737664e+37,0.0,0.0,0.0,0.0,0.0,0.0,0.0,0.0,0.0,0.0,0.0,0.0,0.0,0.0,0.0,0.0,0.0,0.0,2.004,3.697062548517736e+19,-0.0,0.0,-3.69707618246192e+19,0.0,0.0,0.0,0.0,6676.0,0.0,0.0,0.0,2.7184527190102135e+23,0.0,107616272.0,0.0,0.0,2.004,2.004,228,5.848055683159391e+35,0.0,0.0,0.0,0.0,0.0,0.0,0.0,0.0,0,0,0,-0.0,-1.4784450958364326e+32,0.0,-0.0,11617136.0,-0.0,2.1748735762485534e+24,-0.0,1.2487600220849968e+33,-1.293294201392358e+22,-0.0,46209188.0,0.0,0.0,0.0,-0.0,0,1.3516416376850534e+27,229,0.0,458,-621855232.0,82050.086,2114,0,17110,0,17112,0,17096,0,0,0,101,100,100,0.0,64.1,0.0,64.9,-107615232.0,64.0,1,49,50,180,52429,0,0,0,0.0,0.0,0.0,60.0,8864398.0,71.0,0.0,2667264344064.0,0.0,1069,0,1070,0,0,0,1070,0,1080,0,1000,0,644,0,646,0,641,0,676,0.032,1.0551537610161864e+22,0.0,0.0,62352,16813,12599950.0,2667264344064.0,-0.0,0.0,-0.0,0.0,50.0,60.0,35,0.0,0.0,10.0,2.0,0.0,0.0,0.0,0.0,0.0,0.0,0.0,0.0,0.0,0.0,0.0,0.0,58.8,52,12,65510,26,65476,0,300,0,0,8,20529,65476,0,0,30147,60.0,0.0,10.0,10.0,2.0,0.0
2026-02-16T12:15:50,ERR,ERR,ERR,ERR,ERR,ERR,ERR,ERR,ERR,ERR,ERR,ERR,ERR,ERR,ERR,ERR,ERR,ERR,ERR,ERR,ERR,ERR,ERR,ERR,ERR,ERR,ERR,ERR,ERR,ERR,ERR,ERR,ERR,ERR,ERR,ERR,ERR,ERR,ERR,ERR,ERR,ERR,ERR,ERR,ERR,ERR,ERR,ERR,ERR,ERR,ERR,ERR,ERR,ERR,ERR,ERR,ERR,ERR,ERR,ERR,ERR,ERR,ERR,ERR,ERR,ERR,ERR,ERR,ERR,ERR,ERR,ERR,ERR,ERR,ERR,ERR,ERR,ERR,ERR,ERR,ERR,ERR,ERR,ERR,ERR,ERR,ERR,ERR,ERR,ERR,ERR,ERR,ERR,ERR,ERR,ERR,ERR,ERR,ERR,ERR,ERR,ERR,ERR,ERR,ERR,ERR,ERR,ERR,ERR,ERR,ERR,ERR,ERR,ERR,ERR,ERR,ERR,ERR,ERR,ERR,ERR,ERR,ERR,ERR,ERR,0.0,2.7184527190102135e+23,0.0,0.0,70170693337088.0,-2.758413254205364e+20,0.0,-4.013615464591655e+19,4300,0,8,17168,4300,0.0,44,0.0,0.0,0.0,0.0,-0.0,0,0,0,0,0.0,0,0,0,0,0,0,0,0,0,0,0,0,0,0,0,0,0,0,0,0,0,0,0,0,0,0,0,0,0,0,0,0,0,7,37,37,44,65476,366,65476,1,0,4,21553,0.0,0.0,-2.0624515541737664e+37,0.0,0.0,0.0,0.0,0.0,0.0,0.0,0.0,0.0,0.0,0.0,0.0,0.0,0.0,0.0,0.0,0.0,0.0,2.004,3.697062548517736e+19,-0.0,0.0,-3.69707618246192e+19,0.0,0.0,0.0,0.0,6676.0,0.0,0.0,0.0,2.7184527190102135e+23,0.0,107616272.0,0.0,0.0,2.004,2.004,228,5.848055683159391e+35,0.0,0.0,0.0,0.0,0.0,0.0,0.0,0.0,0,0,0,-0.0,-1.4784450958364326e+32,0.0,-0.0,11617136.0,-0.0,2.1748735762485534e+24,-0.0,1.2487600220849968e+33,-1.293294201392358e+22,-0.0,46209188.0,0.0,0.0,0.0,-0.0,0,1.3516416376850534e+27,229,0.0,458,-621855232.0,82050.086,2114,0,17110,0,17112,0,17096,0,0,0,101,100,100,0.0,64.1,0.0,64.9,-107615232.0,64.0,1,49,50,180,52429,0,0,0,0.0,0.0,0.0,60.0,8864398.0,71.0,0.0,2667264344064.0,0.0,1069,0,1070,0,0,0,1070,0,1080,0,1000,0,644,0,646,0,641,0,676,0.032,1.0551537610161864e+22,0.0,0.0,62352,16813,12599950.0,2667264344064.0,-0.0,0.0,-0.0,0.0,50.0,60.0,35,0.0,0.0,10.0,2.0,0.0,0.0,0.0,0.0,0.0,0.0,0.0,0.0,0.0,0.0,0.0,0.0,59.2,52,12,65510,26,65476,0,300,0,0,8,20529,65476,0,0,30147,60.0,0.0,10.0,10.0,2.0,0.0
2026-02-16T12:15:51,ERR,ERR,ERR,ERR,ERR,ERR,ERR,ERR,ERR,ERR,ERR,ERR,ERR,ERR,ERR,ERR,ERR,ERR,ERR,ERR,ERR,ERR,ERR,ERR,ERR,ERR,ERR,ERR,ERR,ERR,ERR,ERR,ERR,ERR,ERR,ERR,ERR,ERR,ERR,ERR,ERR,ERR,ERR,ERR,ERR,ERR,ERR,ERR,ERR,ERR,ERR,ERR,ERR,ERR,ERR,ERR,ERR,ERR,ERR,ERR,ERR,ERR,ERR,ERR,ERR,ERR,ERR,ERR,ERR,ERR,ERR,ERR,ERR,ERR,ERR,ERR,ERR,ERR,ERR,ERR,ERR,ERR,ERR,ERR,ERR,ERR,ERR,ERR,ERR,ERR,ERR,ERR,ERR,ERR,ERR,ERR,ERR,ERR,ERR,ERR,ERR,ERR,ERR,ERR,ERR,ERR,ERR,ERR,ERR,ERR,ERR,ERR,ERR,ERR,ERR,ERR,ERR,ERR,ERR,ERR,ERR,ERR,ERR,ERR,ERR,0.0,-0.0,-0.0,0.0,-0.031,-103418016.0,-7.852219064672481e+23,3.012913098513187e+18,4300,0,8,17169,4300,0.0,44,0.0,0.0,0.0,0.0,-0.0,0,0,0,0,0.0,0,0,0,0,0,0,0,0,0,0,0,0,0,0,0,0,0,0,0,0,0,0,0,0,0,0,0,0,0,0,0,0,0,7,37,37,44,65476,364,65476,1,0,4,21553,0.0,2.7183305813883192e+23,0.0,0.0,0.0,0.0,0.0,0.0,0.0,0.0,0.0,0.0,0.0,0.0,0.0,0.0,0.0,0.0,0.0,0.0,0.0,2.004,3.697062548517736e+19,-0.0,0.0,0.0,0.0,0.0,0.0,0.0,6672.0,0.0,0.0,0.0,2.7184527190102135e+23,0.0,-0.0,0.0,0.0,2.004,2.004,227,126840537088.0,0.0,0.0,0.0,0.0,0.0,0.0,0.0,0.0,0,0,0,-0.0,0.0,0.0,-9.076680645676876e+24,143.263,-1.8876705719452548e+31,0.0,0.0,2.577903264658297e+27,-1.3892172705756476e+22,-0.0,49354916.0,0.0,0.0,0.0,1761.976,0,1.3516416376850534e+27,227,0.0,460,2.40156025918058e+36,-0.235,2114,0,17110,0,17112,0,17096,0,0,0,101,100,100,0.0,64.1,0.0,64.9,-107615232.0,64.0,1,49,50,180,52429,0,0,0,0.0,0.0,0.0,60.0,8864398.0,71.0,0.0,2667264344064.0,0.0,1069,0,1070,0,0,0,1070,0,1080,0,1000,0,644,0,646,0,641,0,676,0.032,1.0551537610161864e+22,0.0,0.0,62352,16813,12599950.0,2667264344064.0,-0.0,0.0,-0.0,0.0,50.0,60.0,35,0.0,0.0,10.0,2.0,0.0,0.0,0.0,0.0,0.0,0.0,0.0,0.0,0.0,0.0,0.0,0.0,59.2,52,12,65510,26,65476,0,300,0,0,8,20529,65476,0,0,30147,60.0,0.0,10.0,10.0,2.0,0.0
2026-02-16T12:15:52,ERR,ERR,ERR,ERR,ERR,ERR,ERR,ERR,ERR,ERR,ERR,ERR,ERR,ERR,ERR,ERR,ERR,ERR,ERR,ERR,ERR,ERR,ERR,ERR,ERR,ERR,ERR,ERR,ERR,ERR,ERR,ERR,ERR,ERR,ERR,ERR,ERR,ERR,ERR,ERR,ERR,ERR,ERR,ERR,ERR,ERR,ERR,ERR,ERR,ERR,ERR,ERR,ERR,ERR,ERR,ERR,ERR,ERR,ERR,ERR,ERR,ERR,ERR,ERR,ERR,ERR,ERR,ERR,ERR,ERR,ERR,ERR,ERR,ERR,ERR,ERR,ERR,ERR,ERR,ERR,ERR,ERR,ERR,ERR,ERR,ERR,ERR,ERR,ERR,ERR,ERR,ERR,ERR,ERR,ERR,ERR,ERR,ERR,ERR,ERR,ERR,ERR,ERR,ERR,ERR,ERR,ERR,ERR,ERR,ERR,ERR,ERR,ERR,ERR,ERR,ERR,ERR,ERR,ERR,ERR,ERR,ERR,ERR,ERR,ERR,0.0,-0.0,-0.0,0.0,-0.031,-103418016.0,-7.852219064672481e+23,3.012913098513187e+18,4300,0,8,17169,4300,0.0,44,0.0,0.0,0.0,0.0,-0.0,0,0,0,0,0.0,0,0,0,0,0,0,0,0,0,0,0,0,0,0,0,0,0,0,0,0,0,0,0,0,0,0,0,0,0,0,0,0,0,7,37,37,44,65476,364,65476,1,0,4,21553,0.0,2.7183305813883192e+23,0.0,0.0,0.0,0.0,0.0,0.0,0.0,0.0,0.0,0.0,0.0,0.0,0.0,0.0,0.0,0.0,0.0,0.0,0.0,2.004,3.697062548517736e+19,-0.0,0.0,0.0,0.0,0.0,0.0,0.0,6672.0,0.0,0.0,0.0,2.7184527190102135e+23,0.0,-0.0,0.0,0.0,2.004,2.004,227,126840537088.0,0.0,0.0,0.0,0.0,0.0,0.0,0.0,0.0,0,0,0,-0.0,0.0,0.0,-9.076680645676876e+24,143.263,-1.8876705719452548e+31,0.0,0.0,2.577903264658297e+27,-1.3892172705756476e+22,-0.0,49354916.0,0.0,0.0,0.0,1761.976,0,1.3516416376850534e+27,227,0.0,460,2.40156025918058e+36,-0.235,2114,0,17110,0,17112,0,17096,0,0,0,101,100,100,0.0,64.1,0.0,64.9,0.0,64.5,1,49,50,180,52429,0,0,0,0.0,0.0,0.0,60.0,6451174400.0,71.0,0.0,5.391854472504676e+37,0.0,1069,0,1070,0,0,0,1070,0,1080,0,1000,0,645,0,646,0,640,0,676,0.032,1.0551537610161864e+22,0.0,0.0,62096,16813,6451174400.0,5.391854472504676e+37,-1834.004,-0.0,-0.0,78250056.0,50.0,60.0,35,0.0,0.0,10.0,2.0,0.0,0.0,0.0,0.0,0.0,0.0,0.0,0.0,0.0,0.0,0.0,0.0,58.8,52,12,65510,26,65476,0,300,0,0,8,20529,65476,0,0,30147,60.0,0.0,10.0,10.0,2.0,0.0
2026-02-16T12:15:53,ERR,ERR,ERR,ERR,ERR,ERR,ERR,ERR,ERR,ERR,ERR,ERR,ERR,ERR,ERR,ERR,ERR,ERR,ERR,ERR,ERR,ERR,ERR,ERR,ERR,ERR,ERR,ERR,ERR,ERR,ERR,ERR,ERR,ERR,ERR,ERR,ERR,ERR,ERR,ERR,ERR,ERR,ERR,ERR,ERR,ERR,ERR,ERR,ERR,ERR,ERR,ERR,ERR,ERR,ERR,ERR,ERR,ERR,ERR,ERR,ERR,ERR,ERR,ERR,ERR,ERR,ERR,ERR,ERR,ERR,ERR,ERR,ERR,ERR,ERR,ERR,ERR,ERR,ERR,ERR,ERR,ERR,ERR,ERR,ERR,ERR,ERR,ERR,ERR,ERR,ERR,ERR,ERR,ERR,ERR,ERR,ERR,ERR,ERR,ERR,ERR,ERR,ERR,ERR,ERR,ERR,ERR,ERR,ERR,ERR,ERR,ERR,ERR,ERR,ERR,ERR,ERR,ERR,ERR,ERR,ERR,ERR,ERR,ERR,ERR,0.0,-0.0,-0.0,0.0,-0.031,-103418016.0,-7.852219064672481e+23,3.012913098513187e+18,4300,0,8,17169,4300,0.0,44,0.0,0.0,0.0,0.0,-0.0,0,0,0,0,0.0,0,0,0,0,0,0,0,0,0,0,0,0,0,0,0,0,0,0,0,0,0,0,0,0,0,0,0,0,0,0,0,0,0,7,37,37,44,65476,364,65476,1,0,4,21553,0.0,2.7183305813883192e+23,0.0,0.0,0.0,0.0,0.0,0.0,0.0,0.0,0.0,0.0,0.0,0.0,0.0,0.0,0.0,0.0,0.0,0.0,0.0,2.004,3.697062548517736e+19,-0.0,0.0,0.0,0.0,0.0,0.0,0.0,6672.0,0.0,0.0,0.0,2.7184527190102135e+23,0.0,-0.0,0.0,0.0,2.004,2.004,227,126840537088.0,0.0,0.0,0.0,0.0,0.0,0.0,0.0,0.0,0,0,0,-0.0,0.0,0.0,-9.076680645676876e+24,143.263,-1.8876705719452548e+31,0.0,0.0,2.577903264658297e+27,-1.3892172705756476e+22,-0.0,49354916.0,0.0,0.0,0.0,1761.976,0,1.3516416376850534e+27,227,0.0,460,2.40156025918058e+36,-0.235,2114,0,17110,0,17112,0,17096,0,0,0,101,100,100,0.0,64.1,0.0,64.9,0.0,64.5,1,49,50,180,52429,0,0,0,0.0,0.0,0.0,60.0,6451174400.0,71.0,0.0,5.391854472504676e+37,0.0,1069,0,1070,0,0,0,1070,0,1080,0,1000,0,645,0,646,0,640,0,676,0.032,1.0551537610161864e+22,0.0,0.0,62096,16813,6451174400.0,5.391854472504676e+37,-1834.004,-0.0,-0.0,78250056.0,50.0,60.0,35,0.0,0.0,10.0,2.0,0.0,0.0,0.0,0.0,0.0,0.0,0.0,0.0,0.0,0.0,0.0,0.0,58.8,52,12,65510,26,65476,0,300,0,0,8,20529,65476,0,0,30147,60.0,0.0,10.0,10.0,2.0,0.0
2026-02-16T12:15:54,ERR,ERR,ERR,ERR,ERR,ERR,ERR,ERR,ERR,ERR,ERR,ERR,ERR,ERR,ERR,ERR,ERR,ERR,ERR,ERR,ERR,ERR,ERR,ERR,ERR,ERR,ERR,ERR,ERR,ERR,ERR,ERR,ERR,ERR,ERR,ERR,ERR,ERR,ERR,ERR,ERR,ERR,ERR,ERR,ERR,ERR,ERR,ERR,ERR,ERR,ERR,ERR,ERR,ERR,ERR,ERR,ERR,ERR,ERR,ERR,ERR,ERR,ERR,ERR,ERR,ERR,ERR,ERR,ERR,ERR,ERR,ERR,ERR,ERR,ERR,ERR,ERR,ERR,ERR,ERR,ERR,ERR,ERR,ERR,ERR,ERR,ERR,ERR,ERR,ERR,ERR,ERR,ERR,ERR,ERR,ERR,ERR,ERR,ERR,ERR,ERR,ERR,ERR,ERR,ERR,ERR,ERR,ERR,ERR,ERR,ERR,ERR,ERR,ERR,ERR,ERR,ERR,ERR,ERR,ERR,ERR,ERR,ERR,ERR,ERR,0.0,-0.0,-0.0,0.0,-0.031,-103418016.0,-7.852219064672481e+23,3.012913098513187e+18,4300,0,8,17169,4300,0.0,44,0.0,0.0,0.0,0.0,-0.0,0,0,0,0,0.0,0,0,0,0,0,0,0,0,0,0,0,0,0,0,0,0,0,0,0,0,0,0,0,0,0,0,0,0,0,0,0,0,0,7,37,37,44,65476,364,65476,1,0,4,21553,0.0,2.7183305813883192e+23,0.0,0.0,0.0,0.0,0.0,0.0,0.0,0.0,0.0,0.0,0.0,0.0,0.0,0.0,0.0,0.0,0.0,0.0,0.0,2.004,3.697062548517736e+19,-0.0,0.0,0.0,0.0,0.0,0.0,0.0,6672.0,0.0,0.0,0.0,2.7184527190102135e+23,0.0,-0.0,0.0,0.0,2.004,2.004,227,126840537088.0,0.0,0.0,0.0,0.0,0.0,0.0,0.0,0.0,0,0,0,-0.0,0.0,0.0,-9.076680645676876e+24,143.263,-1.8876705719452548e+31,0.0,0.0,2.577903264658297e+27,-1.3892172705756476e+22,-0.0,49354916.0,0.0,0.0,0.0,1761.976,0,1.3516416376850534e+27,227,0.0,460,2.40156025918058e+36,-0.235,2114,0,17110,0,17112,0,17096,0,0,0,101,100,100,0.0,64.1,0.0,64.9,0.0,64.5,1,49,50,180,52429,0,0,0,0.0,0.0,0.0,60.0,6451174400.0,71.0,0.0,5.391854472504676e+37,0.0,1069,0,1070,0,0,0,1070,0,1080,0,1000,0,645,0,646,0,640,0,676,0.032,1.0551537610161864e+22,0.0,0.0,62096,16813,6451174400.0,5.391854472504676e+37,-1834.004,-0.0,-0.0,78250056.0,50.0,60.0,35,0.0,0.0,10.0,2.0,0.0,0.0,0.0,0.0,0.0,0.0,0.0,0.0,0.0,0.0,0.0,0.0,58.8,52,12,65510,26,65476,0,300,0,0,8,20529,65476,0,0,30147,60.0,0.0,10.0,10.0,2.0,0.0
2026-02-16T12:15:55,ERR,ERR,ERR,ERR,ERR,ERR,ERR,ERR,ERR,ERR,ERR,ERR,ERR,ERR,ERR,ERR,ERR,ERR,ERR,ERR,ERR,ERR,ERR,ERR,ERR,ERR,ERR,ERR,ERR,ERR,ERR,ERR,ERR,ERR,ERR,ERR,ERR,ERR,ERR,ERR,ERR,ERR,ERR,ERR,ERR,ERR,ERR,ERR,ERR,ERR,ERR,ERR,ERR,ERR,ERR,ERR,ERR,ERR,ERR,ERR,ERR,ERR,ERR,ERR,ERR,ERR,ERR,ERR,ERR,ERR,ERR,ERR,ERR,ERR,ERR,ERR,ERR,ERR,ERR,ERR,ERR,ERR,ERR,ERR,ERR,ERR,ERR,ERR,ERR,ERR,ERR,ERR,ERR,ERR,ERR,ERR,ERR,ERR,ERR,ERR,ERR,ERR,ERR,ERR,ERR,ERR,ERR,ERR,ERR,ERR,ERR,ERR,ERR,ERR,ERR,ERR,ERR,ERR,ERR,ERR,ERR,ERR,ERR,ERR,ERR,0.0,-0.0,-0.0,0.0,-0.031,-0.0,1.688838084323688e+28,-0.0,4300,0,8,17169,4300,-0.0,45,0.0,0.0,0.0,0.0,-0.0,0,0,0,0,0.0,0,0,0,0,0,0,0,0,0,0,0,0,0,0,0,0,0,0,0,0,0,0,0,0,0,0,0,0,0,0,0,0,0,7,37,37,44,65476,362,65476,1,0,4,21553,0.0,2.7183305813883192e+23,-0.0,0.0,0.0,0.0,0.0,0.0,0.0,0.0,0.0,0.0,0.0,0.0,0.0,0.0,0.0,0.0,0.0,0.0,0.0,2.004,3.697062548517736e+19,-0.0,0.0,2.004,0.0,0.0,0.0,0.0,6671.0,0.0,0.0,0.0,-0.0,0.0,-0.0,0.0,0.0,2.004,2.004,228,2.718417410789135e+23,0.0,0.0,0.0,0.0,0.0,0.0,0.0,0.0,0,0,0,-0.0,0.0,0.0,-0.0,0.065,-12.516,0.0,-1.3711007304266169e+23,-5850586415104.0,-1.4703829444999697e+22,-0.0,52762788.0,0.0,0.0,0.0,-205052.938,0,1.3516416376850534e+27,228,0.0,456,0.0,0.0,2114,0,17110,0,17112,0,17096,0,0,0,101,100,100,0.0,64.1,0.0,64.9,0.0,64.5,1,49,50,180,52429,0,0,0,0.0,0.0,0.0,60.0,6451174400.0,71.0,0.0,5.391854472504676e+37,0.0,1069,0,1070,0,0,0,1070,0,1080,0,1000,0,645,0,646,0,640,0,676,0.032,1.0551537610161864e+22,0.0,0.0,62096,16813,6451174400.0,5.391854472504676e+37,-1834.004,-0.0,-0.0,78250056.0,50.0,60.0,35,0.0,0.0,10.0,2.0,0.0,0.0,0.0,0.0,0.0,0.0,0.0,0.0,0.0,0.0,0.0,0.0,58.8,52,12,65510,26,65476,0,300,0,0,8,20529,65476,0,0,30147,60.0,0.0,10.0,10.0,2.0,0.0
2026-02-16T12:15:56,ERR,ERR,ERR,ERR,ERR,ERR,ERR,ERR,ERR,ERR,ERR,ERR,ERR,ERR,ERR,ERR,ERR,ERR,ERR,ERR,ERR,ERR,ERR,ERR,ERR,ERR,ERR,ERR,ERR,ERR,ERR,ERR,ERR,ERR,ERR,ERR,ERR,ERR,ERR,ERR,ERR,ERR,ERR,ERR,ERR,ERR,ERR,ERR,ERR,ERR,ERR,ERR,ERR,ERR,ERR,ERR,ERR,ERR,ERR,ERR,ERR,ERR,ERR,ERR,ERR,ERR,ERR,ERR,ERR,ERR,ERR,ERR,ERR,ERR,ERR,ERR,ERR,ERR,ERR,ERR,ERR,ERR,ERR,ERR,ERR,ERR,ERR,ERR,ERR,ERR,ERR,ERR,ERR,ERR,ERR,ERR,ERR,ERR,ERR,ERR,ERR,ERR,ERR,ERR,ERR,ERR,ERR,ERR,ERR,ERR,ERR,ERR,ERR,ERR,ERR,ERR,ERR,ERR,ERR,ERR,ERR,ERR,ERR,ERR,ERR,0.0,-0.0,-0.0,0.0,-0.031,-0.0,1.688838084323688e+28,-0.0,4300,0,8,17169,4300,-0.0,45,0.0,0.0,0.0,0.0,-0.0,0,0,0,0,0.0,0,0,0,0,0,0,0,0,0,0,0,0,0,0,0,0,0,0,0,0,0,0,0,0,0,0,0,0,0,0,0,0,0,7,37,37,44,65476,362,65476,1,0,4,21553,0.0,2.7183305813883192e+23,-0.0,0.0,0.0,0.0,0.0,0.0,0.0,0.0,0.0,0.0,0.0,0.0,0.0,0.0,0.0,0.0,0.0,0.0,0.0,2.004,3.697062548517736e+19,-0.0,0.0,2.004,0.0,0.0,0.0,0.0,6671.0,0.0,0.0,0.0,-0.0,0.0,-0.0,0.0,0.0,2.004,2.004,228,2.718417410789135e+23,0.0,0.0,0.0,0.0,0.0,0.0,0.0,0.0,0,0,0,-0.0,0.0,0.0,-0.0,0.065,-12.516,0.0,-1.3711007304266169e+23,-5850586415104.0,-1.4703829444999697e+22,-0.0,52762788.0,0.0,0.0,0.0,-205052.938,0,1.3516416376850534e+27,228,0.0,456,0.0,0.0,2114,0,17110,0,17112,0,17096,0,0,0,101,100,100,0.0,64.1,0.0,64.5,0.0,64.5,1,49,50,180,0,0,0,0,0.0,0.0,0.0,60.0,688311369728.0,71.0,0.0,0.0,0.0,1070,0,1070,0,0,0,1070,0,1080,0,1000,0,645,0,646,0,640,0,676,0.032,1.0477750633867025e+22,0.0,0.0,8592,16814,3171167091294208.0,-0.0,-1.785651131374563e+23,71174016.0,-1.2993438803946373e+18,2.8598672172845654e+25,50.0,60.0,35,0.0,0.0,10.0,2.0,0.0,0.0,0.0,0.0,0.0,0.0,0.0,0.0,0.0,0.0,0.0,0.0,58.8,52,12,65510,26,65476,0,300,0,0,8,20529,65476,0,0,30147,60.0,0.0,10.0,10.0,2.0,0.0
2026-02-16T12:15:57,ERR,ERR,ERR,ERR,ERR,ERR,ERR,ERR,ERR,ERR,ERR,ERR,ERR,ERR,ERR,ERR,ERR,ERR,ERR,ERR,ERR,ERR,ERR,ERR,ERR,ERR,ERR,ERR,ERR,ERR,ERR,ERR,ERR,ERR,ERR,ERR,ERR,ERR,ERR,ERR,ERR,ERR,ERR,ERR,ERR,ERR,ERR,ERR,ERR,ERR,ERR,ERR,ERR,ERR,ERR,ERR,ERR,ERR,ERR,ERR,ERR,ERR,ERR,ERR,ERR,ERR,ERR,ERR,ERR,ERR,ERR,ERR,ERR,ERR,ERR,ERR,ERR,ERR,ERR,ERR,ERR,ERR,ERR,ERR,ERR,ERR,ERR,ERR,ERR,ERR,ERR,ERR,ERR,ERR,ERR,ERR,ERR,ERR,ERR,ERR,ERR,ERR,ERR,ERR,ERR,ERR,ERR,ERR,ERR,ERR,ERR,ERR,ERR,ERR,ERR,ERR,ERR,ERR,ERR,ERR,ERR,ERR,ERR,ERR,ERR,0.0,-0.0,-0.0,0.0,-0.031,-0.0,1.688838084323688e+28,-0.0,4300,0,8,17169,4300,-0.0,45,0.0,0.0,0.0,0.0,-0.0,0,0,0,0,0.0,0,0,0,0,0,0,0,0,0,0,0,0,0,0,0,0,0,0,0,0,0,0,0,0,0,0,0,0,0,0,0,0,0,7,37,37,44,65476,362,65476,1,0,4,21553,0.0,2.7183305813883192e+23,-0.0,0.0,0.0,0.0,0.0,0.0,0.0,0.0,0.0,0.0,0.0,0.0,0.0,0.0,0.0,0.0,0.0,0.0,0.0,2.004,3.697062548517736e+19,-0.0,0.0,2.004,0.0,0.0,0.0,0.0,6671.0,0.0,0.0,0.0,-0.0,0.0,-0.0,0.0,0.0,2.004,2.004,228,2.718417410789135e+23,0.0,0.0,0.0,0.0,0.0,0.0,0.0,0.0,0,0,0,-0.0,0.0,0.0,-0.0,0.065,-12.516,0.0,-1.3711007304266169e+23,-5850586415104.0,-1.4703829444999697e+22,-0.0,52762788.0,0.0,0.0,0.0,-205052.938,0,1.3516416376850534e+27,228,0.0,456,0.0,0.0,2114,0,17110,0,17112,0,17096,0,0,0,101,100,100,0.0,64.1,0.0,64.5,0.0,64.5,1,49,50,180,0,0,0,0,0.0,0.0,0.0,60.0,688311369728.0,71.0,0.0,0.0,0.0,1070,0,1070,0,0,0,1070,0,1080,0,1000,0,645,0,646,0,640,0,676,0.032,1.0477750633867025e+22,0.0,0.0,8592,16814,3171167091294208.0,-0.0,-1.785651131374563e+23,71174016.0,-1.2993438803946373e+18,2.8598672172845654e+25,50.0,60.0,35,0.0,0.0,10.0,2.0,0.0,0.0,0.0,0.0,0.0,0.0,0.0,0.0,0.0,0.0,0.0,0.0,58.8,52,12,65510,26,65476,0,300,0,0,8,20529,65476,0,0,30147,60.0,0.0,10.0,10.0,2.0,0.0
2026-02-16T12:15:58,ERR,ERR,ERR,ERR,ERR,ERR,ERR,ERR,ERR,ERR,ERR,ERR,ERR,ERR,ERR,ERR,ERR,ERR,ERR,ERR,ERR,ERR,ERR,ERR,ERR,ERR,ERR,ERR,ERR,ERR,ERR,ERR,ERR,ERR,ERR,ERR,ERR,ERR,ERR,ERR,ERR,ERR,ERR,ERR,ERR,ERR,ERR,ERR,ERR,ERR,ERR,ERR,ERR,ERR,ERR,ERR,ERR,ERR,ERR,ERR,ERR,ERR,ERR,ERR,ERR,ERR,ERR,ERR,ERR,ERR,ERR,ERR,ERR,ERR,ERR,ERR,ERR,ERR,ERR,ERR,ERR,ERR,ERR,ERR,ERR,ERR,ERR,ERR,ERR,ERR,ERR,ERR,ERR,ERR,ERR,ERR,ERR,ERR,ERR,ERR,ERR,ERR,ERR,ERR,ERR,ERR,ERR,ERR,ERR,ERR,ERR,ERR,ERR,ERR,ERR,ERR,ERR,ERR,ERR,ERR,ERR,ERR,ERR,ERR,ERR,0.0,-0.0,-0.0,0.0,-0.031,-0.0,1.688838084323688e+28,-0.0,4300,0,8,17169,4300,-0.0,45,0.0,0.0,0.0,0.0,-0.0,0,0,0,0,0.0,0,0,0,0,0,0,0,0,0,0,0,0,0,0,0,0,0,0,0,0,0,0,0,0,0,0,0,0,0,0,0,0,0,7,37,37,44,65476,362,65476,1,0,4,21553,0.0,2.7183305813883192e+23,-0.0,0.0,0.0,0.0,0.0,0.0,0.0,0.0,0.0,0.0,0.0,0.0,0.0,0.0,0.0,0.0,0.0,0.0,0.0,2.004,3.697062548517736e+19,-0.0,0.0,2.004,0.0,0.0,0.0,0.0,6671.0,0.0,0.0,0.0,-0.0,0.0,-0.0,0.0,0.0,2.004,2.004,228,2.718417410789135e+23,0.0,0.0,0.0,0.0,0.0,0.0,0.0,0.0,0,0,0,-0.0,0.0,0.0,-0.0,0.065,-12.516,0.0,-1.3711007304266169e+23,-5850586415104.0,-1.4703829444999697e+22,-0.0,52762788.0,0.0,0.0,0.0,-205052.938,0,1.3516416376850534e+27,228,0.0,456,0.0,0.0,2114,0,17110,0,17112,0,17096,0,0,0,101,100,100,0.0,64.1,0.0,64.5,0.0,64.5,1,49,50,180,0,0,0,0,0.0,0.0,0.0,60.0,688311369728.0,71.0,0.0,0.0,0.0,1070,0,1070,0,0,0,1070,0,1080,0,1000,0,645,0,646,0,640,0,676,0.032,1.0477750633867025e+22,0.0,0.0,8592,16814,3171167091294208.0,-0.0,-1.785651131374563e+23,71174016.0,-1.2993438803946373e+18,2.8598672172845654e+25,50.0,60.0,35,0.0,0.0,10.0,2.0,0.0,0.0,0.0,0.0,0.0,0.0,0.0,0.0,0.0,0.0,0.0,0.0,58.8,52,12,65510,26,65476,0,300,0,0,8,20529,65476,0,0,30147,60.0,0.0,10.0,10.0,2.0,0.0
2026-02-16T12:15:59,ERR,ERR,ERR,ERR,ERR,ERR,ERR,ERR,ERR,ERR,ERR,ERR,ERR,ERR,ERR,ERR,ERR,ERR,ERR,ERR,ERR,ERR,ERR,ERR,ERR,ERR,ERR,ERR,ERR,ERR,ERR,ERR,ERR,ERR,ERR,ERR,ERR,ERR,ERR,ERR,ERR,ERR,ERR,ERR,ERR,ERR,ERR,ERR,ERR,ERR,ERR,ERR,ERR,ERR,ERR,ERR,ERR,ERR,ERR,ERR,ERR,ERR,ERR,ERR,ERR,ERR,ERR,ERR,ERR,ERR,ERR,ERR,ERR,ERR,ERR,ERR,ERR,ERR,ERR,ERR,ERR,ERR,ERR,ERR,ERR,ERR,ERR,ERR,ERR,ERR,ERR,ERR,ERR,ERR,ERR,ERR,ERR,ERR,ERR,ERR,ERR,ERR,ERR,ERR,ERR,ERR,ERR,ERR,ERR,ERR,ERR,ERR,ERR,ERR,ERR,ERR,ERR,ERR,ERR,ERR,ERR,ERR,ERR,ERR,ERR,0.0,-0.0,-0.0,0.0,-0.031,-0.0,1.688838084323688e+28,-0.0,4300,0,8,17169,4300,-0.0,45,0.0,0.0,0.0,0.0,-0.0,0,0,0,0,0.0,0,0,0,0,0,0,0,0,0,0,0,0,0,0,0,0,0,0,0,0,0,0,0,0,0,0,0,0,0,0,0,0,0,7,37,37,44,65476,362,65476,1,0,4,21553,0.0,2.7183305813883192e+23,-0.0,0.0,0.0,0.0,0.0,0.0,0.0,0.0,0.0,0.0,0.0,0.0,0.0,0.0,0.0,0.0,0.0,0.0,0.0,2.004,3.697062548517736e+19,-0.0,0.0,2.004,0.0,0.0,0.0,0.0,6671.0,0.0,0.0,0.0,-0.0,0.0,-0.0,0.0,0.0,2.004,2.004,228,2.718417410789135e+23,0.0,0.0,0.0,0.0,0.0,0.0,0.0,0.0,0,0,0,-0.0,0.0,0.0,-0.0,0.065,-12.516,0.0,-1.3711007304266169e+23,-5850586415104.0,-1.4703829444999697e+22,-0.0,52762788.0,0.0,0.0,0.0,-205052.938,0,1.3516416376850534e+27,228,0.0,456,0.0,0.0,2114,0,17110,0,17112,0,17096,0,0,0,101,100,100,0.0,64.1,0.0,64.5,0.0,64.5,1,49,50,180,0,0,0,0,0.0,0.0,0.0,60.0,1.258183118350587e+20,71.0,0.0,-0.0,0.0,1070,0,1070,0,0,0,1070,0,1080,0,1000,0,645,0,646,0,641,0,676,0.032,1.0625324586456702e+22,0.0,0.0,61840,16813,512250304.0,-0.0,-12752.034,-0.0,-0.0,275251488.0,50.0,60.0,35,0.0,0.0,10.0,2.0,0.0,0.0,0.0,0.0,0.0,0.0,0.0,0.0,0.0,0.0,0.0,0.0,59.2,52,12,65510,26,65476,0,300,0,0,8,20529,65476,0,0,30147,60.0,0.0,10.0,10.0,2.0,0.0
2026-02-16T12:16:00,ERR,ERR,ERR,ERR,ERR,ERR,ERR,ERR,ERR,ERR,ERR,ERR,ERR,ERR,ERR,ERR,ERR,ERR,ERR,ERR,ERR,ERR,ERR,ERR,ERR,ERR,ERR,ERR,ERR,ERR,ERR,ERR,ERR,ERR,ERR,ERR,ERR,ERR,ERR,ERR,ERR,ERR,ERR,ERR,ERR,ERR,ERR,ERR,ERR,ERR,ERR,ERR,ERR,ERR,ERR,ERR,ERR,ERR,ERR,ERR,ERR,ERR,ERR,ERR,ERR,ERR,ERR,ERR,ERR,ERR,ERR,ERR,ERR,ERR,ERR,ERR,ERR,ERR,ERR,ERR,ERR,ERR,ERR,ERR,ERR,ERR,ERR,ERR,ERR,ERR,ERR,ERR,ERR,ERR,ERR,ERR,ERR,ERR,ERR,ERR,ERR,ERR,ERR,ERR,ERR,ERR,ERR,ERR,ERR,ERR,ERR,ERR,ERR,ERR,ERR,ERR,ERR,ERR,ERR,ERR,ERR,ERR,ERR,ERR,ERR,0.0,-0.0,-0.0,0.0,-0.031,-0.0,-0.0,-0.0,4300,0,8,17169,4300,-0.0,45,0.0,0.0,0.0,0.0,-0.0,0,0,0,0,0.0,0,0,0,0,0,0,0,0,0,0,0,0,0,0,0,0,0,0,0,0,0,0,0,0,0,0,0,0,0,0,0,0,0,7,37,37,44,65476,360,65476,1,0,4,21553,0.0,0.0,0.0,0.0,0.0,0.0,0.0,0.0,0.0,0.0,0.0,0.0,0.0,0.0,0.0,0.0,0.0,0.0,0.0,0.0,0.0,2.004,3.697062548517736e+19,-0.0,-3.697074863047967e+19,2.004,0.0,0.0,0.0,0.0,6646.0,-1.5879389867419013e+29,0.0,0.0,-0.0,-107616248.0,-0.0,0.0,0.0,2.004,2.004,229,-0.0,0.0,0.0,0.0,0.0,0.0,0.0,0.0,0.0,0,0,0,-0.0,530981453824.0,0.0,1.3305427702228976e+21,0.0,282041207750656.0,-0.0,-2.712225784660393e+28,-61675788.0,-1.5736847113127432e+22,-0.0,55908516.0,0.0,0.0,0.0,0.0,0,1.3516416376850534e+27,229,0.0,458,-621855232.0,5.6142779363101766e+35,2114,0,17110,0,17112,0,17096,0,0,0,101,100,100,0.0,64.1,0.0,64.5,0.0,64.5,1,49,50,180,0,0,0,0,0.0,0.0,0.0,60.0,1.258183118350587e+20,71.0,0.0,-0.0,0.0,1070,0,1070,0,0,0,1070,0,1080,0,1000,0,645,0,646,0,641,0,676,0.032,1.0625324586456702e+22,0.0,0.0,61840,16813,512250304.0,-0.0,-12752.034,-0.0,-0.0,275251488.0,50.0,60.0,35,0.0,0.0,10.0,2.0,0.0,0.0,0.0,0.0,0.0,0.0,0.0,0.0,0.0,0.0,0.0,0.0,59.2,52,12,65510,26,65476,0,300,0,0,8,20529,65476,0,0,30147,60.0,0.0,10.0,10.0,2.0,0.0
2026-02-16T12:16:01,ERR,ERR,ERR,ERR,ERR,ERR,ERR,ERR,ERR,ERR,ERR,ERR,ERR,ERR,ERR,ERR,ERR,ERR,ERR,ERR,ERR,ERR,ERR,ERR,ERR,ERR,ERR,ERR,ERR,ERR,ERR,ERR,ERR,ERR,ERR,ERR,ERR,ERR,ERR,ERR,ERR,ERR,ERR,ERR,ERR,ERR,ERR,ERR,ERR,ERR,ERR,ERR,ERR,ERR,ERR,ERR,ERR,ERR,ERR,ERR,ERR,ERR,ERR,ERR,ERR,ERR,ERR,ERR,ERR,ERR,ERR,ERR,ERR,ERR,ERR,ERR,ERR,ERR,ERR,ERR,ERR,ERR,ERR,ERR,ERR,ERR,ERR,ERR,ERR,ERR,ERR,ERR,ERR,ERR,ERR,ERR,ERR,ERR,ERR,ERR,ERR,ERR,ERR,ERR,ERR,ERR,ERR,ERR,ERR,ERR,ERR,ERR,ERR,ERR,ERR,ERR,ERR,ERR,ERR,ERR,ERR,ERR,ERR,ERR,ERR,0.0,-0.0,-0.0,0.0,-0.031,-0.0,-0.0,-0.0,4300,0,8,17169,4300,-0.0,45,0.0,0.0,0.0,0.0,-0.0,0,0,0,0,0.0,0,0,0,0,0,0,0,0,0,0,0,0,0,0,0,0,0,0,0,0,0,0,0,0,0,0,0,0,0,0,0,0,0,7,37,37,44,65476,360,65476,1,0,4,21553,0.0,0.0,0.0,0.0,0.0,0.0,0.0,0.0,0.0,0.0,0.0,0.0,0.0,0.0,0.0,0.0,0.0,0.0,0.0,0.0,0.0,2.004,3.697062548517736e+19,-0.0,-3.697074863047967e+19,2.004,0.0,0.0,0.0,0.0,6646.0,-1.5879389867419013e+29,0.0,0.0,-0.0,-107616248.0,-0.0,0.0,0.0,2.004,2.004,229,-0.0,0.0,0.0,0.0,0.0,0.0,0.0,0.0,0.0,0,0,0,-0.0,530981453824.0,0.0,1.3305427702228976e+21,0.0,282041207750656.0,-0.0,-2.712225784660393e+28,-61675788.0,-1.5736847113127432e+22,-0.0,55908516.0,0.0,0.0,0.0,0.0,0,1.3516416376850534e+27,229,0.0,458,-621855232.0,5.6142779363101766e+35,2114,0,17110,0,17112,0,17096,0,0,0,101,100,100,0.0,64.1,0.0,64.5,0.0,64.5,1,49,50,180,0,0,0,0,0.0,0.0,0.0,60.0,1.258183118350587e+20,71.0,0.0,-0.0,0.0,1070,0,1070,0,0,0,1070,0,1080,0,1000,0,645,0,646,0,641,0,676,0.032,1.0625324586456702e+22,0.0,0.0,61840,16813,512250304.0,-0.0,-12752.034,-0.0,-0.0,275251488.0,50.0,60.0,35,0.0,0.0,10.0,2.0,0.0,0.0,0.0,0.0,0.0,0.0,0.0,0.0,0.0,0.0,0.0,0.0,59.2,52,12,65510,26,65476,0,300,0,0,8,20529,65476,0,0,30147,60.0,0.0,10.0,10.0,2.0,0.0
2026-02-16T12:16:02,ERR,ERR,ERR,ERR,ERR,ERR,ERR,ERR,ERR,ERR,ERR,ERR,ERR,ERR,ERR,ERR,ERR,ERR,ERR,ERR,ERR,ERR,ERR,ERR,ERR,ERR,ERR,ERR,ERR,ERR,ERR,ERR,ERR,ERR,ERR,ERR,ERR,ERR,ERR,ERR,ERR,ERR,ERR,ERR,ERR,ERR,ERR,ERR,ERR,ERR,ERR,ERR,ERR,ERR,ERR,ERR,ERR,ERR,ERR,ERR,ERR,ERR,ERR,ERR,ERR,ERR,ERR,ERR,ERR,ERR,ERR,ERR,ERR,ERR,ERR,ERR,ERR,ERR,ERR,ERR,ERR,ERR,ERR,ERR,ERR,ERR,ERR,ERR,ERR,ERR,ERR,ERR,ERR,ERR,ERR,ERR,ERR,ERR,ERR,ERR,ERR,ERR,ERR,ERR,ERR,ERR,ERR,ERR,ERR,ERR,ERR,ERR,ERR,ERR,ERR,ERR,ERR,ERR,ERR,ERR,ERR,ERR,ERR,ERR,ERR,0.0,-0.0,-0.0,0.0,-0.031,-0.0,-0.0,-0.0,4300,0,8,17169,4300,-0.0,45,0.0,0.0,0.0,0.0,-0.0,0,0,0,0,0.0,0,0,0,0,0,0,0,0,0,0,0,0,0,0,0,0,0,0,0,0,0,0,0,0,0,0,0,0,0,0,0,0,0,7,37,37,44,65476,360,65476,1,0,4,21553,0.0,0.0,0.0,0.0,0.0,0.0,0.0,0.0,0.0,0.0,0.0,0.0,0.0,0.0,0.0,0.0,0.0,0.0,0.0,0.0,0.0,2.004,3.697062548517736e+19,-0.0,-3.697074863047967e+19,2.004,0.0,0.0,0.0,0.0,6646.0,-1.5879389867419013e+29,0.0,0.0,-0.0,-107616248.0,-0.0,0.0,0.0,2.004,2.004,229,-0.0,0.0,0.0,0.0,0.0,0.0,0.0,0.0,0.0,0,0,0,-0.0,530981453824.0,0.0,1.3305427702228976e+21,0.0,282041207750656.0,-0.0,-2.712225784660393e+28,-61675788.0,-1.5736847113127432e+22,-0.0,55908516.0,0.0,0.0,0.0,0.0,0,1.3516416376850534e+27,229,0.0,458,-621855232.0,5.6142779363101766e+35,2114,0,17110,0,17112,0,17096,0,0,0,101,100,100,0.0,64.1,0.0,64.5,0.0,64.5,1,49,50,180,0,0,0,0,0.0,0.0,0.0,60.0,1.258183118350587e+20,71.0,0.0,-0.0,0.0,1070,0,1070,0,0,0,1070,0,1080,0,1000,0,645,0,646,0,641,0,676,0.032,1.0625324586456702e+22,0.0,0.0,61840,16813,512250304.0,-0.0,-12752.034,-0.0,-0.0,275251488.0,50.0,60.0,35,0.0,0.0,10.0,2.0,0.0,0.0,0.0,0.0,0.0,0.0,0.0,0.0,0.0,0.0,0.0,0.0,58.8,52,12,65510,26,65476,0,300,0,0,8,20529,65476,0,0,30147,60.0,0.0,10.0,10.0,2.0,0.0
2026-02-16T12:16:03,ERR,ERR,ERR,ERR,ERR,ERR,ERR,ERR,ERR,ERR,ERR,ERR,ERR,ERR,ERR,ERR,ERR,ERR,ERR,ERR,ERR,ERR,ERR,ERR,ERR,ERR,ERR,ERR,ERR,ERR,ERR,ERR,ERR,ERR,ERR,ERR,ERR,ERR,ERR,ERR,ERR,ERR,ERR,ERR,ERR,ERR,ERR,ERR,ERR,ERR,ERR,ERR,ERR,ERR,ERR,ERR,ERR,ERR,ERR,ERR,ERR,ERR,ERR,ERR,ERR,ERR,ERR,ERR,ERR,ERR,ERR,ERR,ERR,ERR,ERR,ERR,ERR,ERR,ERR,ERR,ERR,ERR,ERR,ERR,ERR,ERR,ERR,ERR,ERR,ERR,ERR,ERR,ERR,ERR,ERR,ERR,ERR,ERR,ERR,ERR,ERR,ERR,ERR,ERR,ERR,ERR,ERR,ERR,ERR,ERR,ERR,ERR,ERR,ERR,ERR,ERR,ERR,ERR,ERR,ERR,ERR,ERR,ERR,ERR,ERR,0.0,-0.0,-0.0,0.0,-0.031,-0.0,-0.0,-0.0,4300,0,8,17169,4300,-0.0,45,0.0,0.0,0.0,0.0,-0.0,0,0,0,0,0.0,0,0,0,0,0,0,0,0,0,0,0,0,0,0,0,0,0,0,0,0,0,0,0,0,0,0,0,0,0,0,0,0,0,7,37,37,44,65476,360,65476,1,0,4,21553,0.0,0.0,0.0,0.0,0.0,0.0,0.0,0.0,0.0,0.0,0.0,0.0,0.0,0.0,0.0,0.0,0.0,0.0,0.0,0.0,0.0,2.004,3.697062548517736e+19,-0.0,-3.697074863047967e+19,2.004,0.0,0.0,0.0,0.0,6646.0,-1.5879389867419013e+29,0.0,0.0,-0.0,-107616248.0,-0.0,0.0,0.0,2.004,2.004,229,-0.0,0.0,0.0,0.0,0.0,0.0,0.0,0.0,0.0,0,0,0,-0.0,530981453824.0,0.0,1.3305427702228976e+21,0.0,282041207750656.0,-0.0,-2.712225784660393e+28,-61675788.0,-1.5736847113127432e+22,-0.0,55908516.0,0.0,0.0,0.0,0.0,0,1.3516416376850534e+27,229,0.0,458,-621855232.0,5.6142779363101766e+35,2114,0,17110,0,17112,0,17096,0,0,0,101,100,100,0.0,64.1,0.0,64.5,0.0,64.5,1,49,50,180,0,0,0,0,0.0,0.0,0.0,60.0,137718104064.0,71.0,0.0,-0.0,0.0,1070,0,1070,0,0,0,1070,0,1080,0,1000,0,645,0,646,0,641,0,676,0.032,1.0477750633867025e+22,0.0,0.0,9872,16814,907140982112256.0,0.0,9.828,4.858220628077023e+23,1922.049,-0.0,50.0,60.0,35,0.0,0.0,10.0,2.0,0.0,0.0,0.0,0.0,0.0,0.0,0.0,0.0,0.0,0.0,0.0,0.0,58.8,52,12,65510,26,65476,0,300,0,0,8,20529,65476,0,0,30147,60.0,0.0,10.0,10.0,2.0,0.0
2026-02-16T12:16:04,ERR,ERR,ERR,ERR,ERR,ERR,ERR,ERR,ERR,ERR,ERR,ERR,ERR,ERR,ERR,ERR,ERR,ERR,ERR,ERR,ERR,ERR,ERR,ERR,ERR,ERR,ERR,ERR,ERR,ERR,ERR,ERR,ERR,ERR,ERR,ERR,ERR,ERR,ERR,ERR,ERR,ERR,ERR,ERR,ERR,ERR,ERR,ERR,ERR,ERR,ERR,ERR,ERR,ERR,ERR,ERR,ERR,ERR,ERR,ERR,ERR,ERR,ERR,ERR,ERR,ERR,ERR,ERR,ERR,ERR,ERR,ERR,ERR,ERR,ERR,ERR,ERR,ERR,ERR,ERR,ERR,ERR,ERR,ERR,ERR,ERR,ERR,ERR,ERR,ERR,ERR,ERR,ERR,ERR,ERR,ERR,ERR,ERR,ERR,ERR,ERR,ERR,ERR,ERR,ERR,ERR,ERR,ERR,ERR,ERR,ERR,ERR,ERR,ERR,ERR,ERR,ERR,ERR,ERR,ERR,ERR,ERR,ERR,ERR,ERR,0.0,-0.0,-0.0,0.0,-0.031,-0.0,-0.0,-0.0,4300,0,8,17169,4300,-0.0,45,0.0,0.0,0.0,0.0,-0.0,0,0,0,0,0.0,0,0,0,0,0,0,0,0,0,0,0,0,0,0,0,0,0,0,0,0,0,0,0,0,0,0,0,0,0,0,0,0,0,7,37,37,44,65476,360,65476,1,0,4,21553,0.0,0.0,0.0,0.0,0.0,0.0,0.0,0.0,0.0,0.0,0.0,0.0,0.0,0.0,0.0,0.0,0.0,0.0,0.0,0.0,0.0,2.004,3.697062548517736e+19,-0.0,-3.697074863047967e+19,2.004,0.0,0.0,0.0,0.0,6646.0,-1.5879389867419013e+29,0.0,0.0,-0.0,-107616248.0,-0.0,0.0,0.0,2.004,2.004,229,-0.0,0.0,0.0,0.0,0.0,0.0,0.0,0.0,0.0,0,0,0,-0.0,530981453824.0,0.0,1.3305427702228976e+21,0.0,282041207750656.0,-0.0,-2.712225784660393e+28,-61675788.0,-1.5736847113127432e+22,-0.0,55908516.0,0.0,0.0,0.0,0.0,0,1.3516416376850534e+27,229,0.0,458,-621855232.0,5.6142779363101766e+35,2114,0,17110,0,17112,0,17096,0,0,0,101,100,100,0.0,64.1,0.0,64.5,0.0,64.5,1,49,50,180,0,0,0,0,0.0,0.0,0.0,60.0,137718104064.0,71.0,0.0,-0.0,0.0,1070,0,1070,0,0,0,1070,0,1080,0,1000,0,645,0,646,0,641,0,676,0.032,1.0477750633867025e+22,0.0,0.0,9872,16814,907140982112256.0,0.0,9.828,4.858220628077023e+23,1922.049,-0.0,50.0,60.0,35,0.0,0.0,10.0,2.0,0.0,0.0,0.0,0.0,0.0,0.0,0.0,0.0,0.0,0.0,0.0,0.0,59.2,52,12,65510,26,65476,0,300,0,0,8,20529,65476,0,0,30147,60.0,0.0,10.0,10.0,2.0,0.0
2026-02-16T12:16:05,ERR,ERR,ERR,ERR,ERR,ERR,ERR,ERR,ERR,ERR,ERR,ERR,ERR,ERR,ERR,ERR,ERR,ERR,ERR,ERR,ERR,ERR,ERR,ERR,ERR,ERR,ERR,ERR,ERR,ERR,ERR,ERR,ERR,ERR,ERR,ERR,ERR,ERR,ERR,ERR,ERR,ERR,ERR,ERR,ERR,ERR,ERR,ERR,ERR,ERR,ERR,ERR,ERR,ERR,ERR,ERR,ERR,ERR,ERR,ERR,ERR,ERR,ERR,ERR,ERR,ERR,ERR,ERR,ERR,ERR,ERR,ERR,ERR,ERR,ERR,ERR,ERR,ERR,ERR,ERR,ERR,ERR,ERR,ERR,ERR,ERR,ERR,ERR,ERR,ERR,ERR,ERR,ERR,ERR,ERR,ERR,ERR,ERR,ERR,ERR,ERR,ERR,ERR,ERR,ERR,ERR,ERR,ERR,ERR,ERR,ERR,ERR,ERR,ERR,ERR,ERR,ERR,ERR,ERR,ERR,ERR,ERR,ERR,ERR,ERR,0.0,-0.0,-0.0,0.0,-0.031,21.782,-3.140662572581001e+38,-1.1723287764090821e+24,4300,0,8,17169,4300,-0.0,46,0.0,0.0,0.0,0.0,-0.0,0,0,0,0,0.0,0,0,0,0,0,0,0,0,0,0,0,0,0,0,0,0,0,0,0,0,0,0,0,0,0,0,0,0,0,0,0,0,0,7,37,36,44,65476,358,65476,1,0,4,21553,0.0,-0.0,-0.0,0.0,0.0,0.0,0.0,0.0,0.0,0.0,0.0,0.0,0.0,0.0,0.0,0.0,0.0,0.0,0.0,0.0,0.0,2.004,3.697062548517736e+19,-0.0,-3.697074863047967e+19,2.004,0.0,0.0,0.0,0.0,6645.0,-0.0,0.0,0.0,-0.0,-107616248.0,-0.0,0.0,0.0,2.004,2.004,228,-0.0,-152018287067136.0,0.0,0.0,0.0,0.0,0.0,0.0,0.0,0,0,0,-0.0,-0.0,0.0,-262269747200.0,321416704.0,0.0,-2.3652220695806485e+22,0.0,0.0,-1.662229082866549e+22,-0.0,59316388.0,0.0,0.0,0.0,0.0,0,1.3516416376850534e+27,228,0.0,456,0.0,-0.0,2114,0,17110,0,17112,0,17096,0,0,0,101,100,100,0.0,64.1,0.0,64.5,0.0,64.5,1,49,50,180,0,0,0,0,0.0,0.0,0.0,60.0,137718104064.0,71.0,0.0,-0.0,0.0,1070,0,1070,0,0,0,1070,0,1080,0,1000,0,645,0,646,0,641,0,676,0.032,1.0477750633867025e+22,0.0,0.0,9872,16814,907140982112256.0,0.0,9.828,4.858220628077023e+23,1922.049,-0.0,50.0,60.0,35,0.0,0.0,10.0,2.0,0.0,0.0,0.0,0.0,0.0,0.0,0.0,0.0,0.0,0.0,0.0,0.0,58.8,52,12,65510,26,65476,0,300,0,0,8,20529,65476,0,0,30147,60.0,0.0,10.0,10.0,2.0,0.0
2026-02-16T12:16:06,ERR,ERR,ERR,ERR,ERR,ERR,ERR,ERR,ERR,ERR,ERR,ERR,ERR,ERR,ERR,ERR,ERR,ERR,ERR,ERR,ERR,ERR,ERR,ERR,ERR,ERR,ERR,ERR,ERR,ERR,ERR,ERR,ERR,ERR,ERR,ERR,ERR,ERR,ERR,ERR,ERR,ERR,ERR,ERR,ERR,ERR,ERR,ERR,ERR,ERR,ERR,ERR,ERR,ERR,ERR,ERR,ERR,ERR,ERR,ERR,ERR,ERR,ERR,ERR,ERR,ERR,ERR,ERR,ERR,ERR,ERR,ERR,ERR,ERR,ERR,ERR,ERR,ERR,ERR,ERR,ERR,ERR,ERR,ERR,ERR,ERR,ERR,ERR,ERR,ERR,ERR,ERR,ERR,ERR,ERR,ERR,ERR,ERR,ERR,ERR,ERR,ERR,ERR,ERR,ERR,ERR,ERR,ERR,ERR,ERR,ERR,ERR,ERR,ERR,ERR,ERR,ERR,ERR,ERR,ERR,ERR,ERR,ERR,ERR,ERR,0.0,-0.0,-0.0,0.0,-0.031,21.782,-3.140662572581001e+38,-1.1723287764090821e+24,4300,0,8,17169,4300,-0.0,46,0.0,0.0,0.0,0.0,-0.0,0,0,0,0,0.0,0,0,0,0,0,0,0,0,0,0,0,0,0,0,0,0,0,0,0,0,0,0,0,0,0,0,0,0,0,0,0,0,0,7,37,36,44,65476,358,65476,1,0,4,21553,0.0,-0.0,-0.0,0.0,0.0,0.0,0.0,0.0,0.0,0.0,0.0,0.0,0.0,0.0,0.0,0.0,0.0,0.0,0.0,0.0,0.0,2.004,3.697062548517736e+19,-0.0,-3.697074863047967e+19,2.004,0.0,0.0,0.0,0.0,6645.0,-0.0,0.0,0.0,-0.0,-107616248.0,-0.0,0.0,0.0,2.004,2.004,228,-0.0,-152018287067136.0,0.0,0.0,0.0,0.0,0.0,0.0,0.0,0,0,0,-0.0,-0.0,0.0,-262269747200.0,321416704.0,0.0,-2.3652220695806485e+22,0.0,0.0,-1.662229082866549e+22,-0.0,59316388.0,0.0,0.0,0.0,0.0,0,1.3516416376850534e+27,228,0.0,456,0.0,-0.0,2114,0,17110,0,17112,0,17096,0,0,0,101,100,100,0.0,64.1,0.0,64.5,0.0,64.5,1,49,50,180,0,0,0,0,0.0,0.0,0.0,60.0,4.4332132910067876e+20,71.0,0.0,-6.451641486818673e+17,0.0,1070,0,1070,0,0,0,1070,0,1080,0,1000,0,645,0,646,0,641,0,676,0.032,1.0551537610161864e+22,0.0,0.0,15504,16814,2.2698052049954752e+23,7.461900506699584e+21,-5.0110104350234895e+26,0.0,-2.647549307484788e+23,2.3675620251852236e+29,50.0,60.0,35,0.0,0.0,10.0,2.0,0.0,0.0,0.0,0.0,0.0,0.0,0.0,0.0,0.0,0.0,0.0,0.0,58.8,52,12,65510,26,65476,0,300,0,0,8,20529,65476,0,0,30147,60.0,0.0,10.0,10.0,2.0,0.0
2026-02-16T12:16:07,ERR,ERR,ERR,ERR,ERR,ERR,ERR,ERR,ERR,ERR,ERR,ERR,ERR,ERR,ERR,ERR,ERR,ERR,ERR,ERR,ERR,ERR,ERR,ERR,ERR,ERR,ERR,ERR,ERR,ERR,ERR,ERR,ERR,ERR,ERR,ERR,ERR,ERR,ERR,ERR,ERR,ERR,ERR,ERR,ERR,ERR,ERR,ERR,ERR,ERR,ERR,ERR,ERR,ERR,ERR,ERR,ERR,ERR,ERR,ERR,ERR,ERR,ERR,ERR,ERR,ERR,ERR,ERR,ERR,ERR,ERR,ERR,ERR,ERR,ERR,ERR,ERR,ERR,ERR,ERR,ERR,ERR,ERR,ERR,ERR,ERR,ERR,ERR,ERR,ERR,ERR,ERR,ERR,ERR,ERR,ERR,ERR,ERR,ERR,ERR,ERR,ERR,ERR,ERR,ERR,ERR,ERR,ERR,ERR,ERR,ERR,ERR,ERR,ERR,ERR,ERR,ERR,ERR,ERR,ERR,ERR,ERR,ERR,ERR,ERR,0.0,-0.0,-0.0,0.0,-0.031,21.782,-3.140662572581001e+38,-1.1723287764090821e+24,4300,0,8,17169,4300,-0.0,46,0.0,0.0,0.0,0.0,-0.0,0,0,0,0,0.0,0,0,0,0,0,0,0,0,0,0,0,0,0,0,0,0,0,0,0,0,0,0,0,0,0,0,0,0,0,0,0,0,0,7,37,36,44,65476,358,65476,1,0,4,21553,0.0,-0.0,-0.0,0.0,0.0,0.0,0.0,0.0,0.0,0.0,0.0,0.0,0.0,0.0,0.0,0.0,0.0,0.0,0.0,0.0,0.0,2.004,3.697062548517736e+19,-0.0,-3.697074863047967e+19,2.004,0.0,0.0,0.0,0.0,6645.0,-0.0,0.0,0.0,-0.0,-107616248.0,-0.0,0.0,0.0,2.004,2.004,228,-0.0,-152018287067136.0,0.0,0.0,0.0,0.0,0.0,0.0,0.0,0,0,0,-0.0,-0.0,0.0,-262269747200.0,321416704.0,0.0,-2.3652220695806485e+22,0.0,0.0,-1.662229082866549e+22,-0.0,59316388.0,0.0,0.0,0.0,0.0,0,1.3516416376850534e+27,228,0.0,456,0.0,-0.0,2114,0,17110,0,17112,0,17096,0,0,0,101,100,100,0.0,64.1,0.0,64.5,0.0,64.5,1,49,50,180,0,0,0,0,0.0,0.0,0.0,60.0,4.4332132910067876e+20,71.0,0.0,-6.451641486818673e+17,0.0,1070,0,1070,0,0,0,1070,0,1080,0,1000,0,645,0,646,0,641,0,676,0.032,1.0551537610161864e+22,0.0,0.0,15504,16814,2.2698052049954752e+23,7.461900506699584e+21,-5.0110104350234895e+26,0.0,-2.647549307484788e+23,2.3675620251852236e+29,50.0,60.0,35,0.0,0.0,10.0,2.0,0.0,0.0,0.0,0.0,0.0,0.0,0.0,0.0,0.0,0.0,0.0,0.0,59.2,52,12,65510,26,65476,0,300,0,0,8,20529,65476,0,0,30147,60.0,0.0,10.0,10.0,2.0,0.0
2026-02-16T12:16:08,ERR,ERR,ERR,ERR,ERR,ERR,ERR,ERR,ERR,ERR,ERR,ERR,ERR,ERR,ERR,ERR,ERR,ERR,ERR,ERR,ERR,ERR,ERR,ERR,ERR,ERR,ERR,ERR,ERR,ERR,ERR,ERR,ERR,ERR,ERR,ERR,ERR,ERR,ERR,ERR,ERR,ERR,ERR,ERR,ERR,ERR,ERR,ERR,ERR,ERR,ERR,ERR,ERR,ERR,ERR,ERR,ERR,ERR,ERR,ERR,ERR,ERR,ERR,ERR,ERR,ERR,ERR,ERR,ERR,ERR,ERR,ERR,ERR,ERR,ERR,ERR,ERR,ERR,ERR,ERR,ERR,ERR,ERR,ERR,ERR,ERR,ERR,ERR,ERR,ERR,ERR,ERR,ERR,ERR,ERR,ERR,ERR,ERR,ERR,ERR,ERR,ERR,ERR,ERR,ERR,ERR,ERR,ERR,ERR,ERR,ERR,ERR,ERR,ERR,ERR,ERR,ERR,ERR,ERR,ERR,ERR,ERR,ERR,ERR,ERR,0.0,-0.0,-0.0,0.0,-0.031,21.782,-3.140662572581001e+38,-1.1723287764090821e+24,4300,0,8,17169,4300,-0.0,46,0.0,0.0,0.0,0.0,-0.0,0,0,0,0,0.0,0,0,0,0,0,0,0,0,0,0,0,0,0,0,0,0,0,0,0,0,0,0,0,0,0,0,0,0,0,0,0,0,0,7,37,36,44,65476,358,65476,1,0,4,21553,0.0,-0.0,-0.0,0.0,0.0,0.0,0.0,0.0,0.0,0.0,0.0,0.0,0.0,0.0,0.0,0.0,0.0,0.0,0.0,0.0,0.0,2.004,3.697062548517736e+19,-0.0,-3.697074863047967e+19,2.004,0.0,0.0,0.0,0.0,6645.0,-0.0,0.0,0.0,-0.0,-107616248.0,-0.0,0.0,0.0,2.004,2.004,228,-0.0,-152018287067136.0,0.0,0.0,0.0,0.0,0.0,0.0,0.0,0,0,0,-0.0,-0.0,0.0,-262269747200.0,321416704.0,0.0,-2.3652220695806485e+22,0.0,0.0,-1.662229082866549e+22,-0.0,59316388.0,0.0,0.0,0.0,0.0,0,1.3516416376850534e+27,228,0.0,456,0.0,-0.0,2114,0,17110,0,17112,0,17096,0,0,0,101,100,100,0.0,64.1,0.0,64.5,0.0,64.5,1,49,50,180,0,0,0,0,0.0,0.0,0.0,60.0,4.4332132910067876e+20,71.0,0.0,-6.451641486818673e+17,0.0,1070,0,1070,0,0,0,1070,0,1080,0,1000,0,645,0,646,0,641,0,676,0.032,1.0551537610161864e+22,0.0,0.0,15504,16814,2.2698052049954752e+23,7.461900506699584e+21,-5.0110104350234895e+26,0.0,-2.647549307484788e+23,2.3675620251852236e+29,50.0,60.0,35,0.0,0.0,10.0,2.0,0.0,0.0,0.0,0.0,0.0,0.0,0.0,0.0,0.0,0.0,0.0,0.0,59.2,52,12,65510,26,65476,0,300,0,0,8,20529,65476,0,0,30147,60.0,0.0,10.0,10.0,2.0,0.0
2026-02-16T12:16:09,ERR,ERR,ERR,ERR,ERR,ERR,ERR,ERR,ERR,ERR,ERR,ERR,ERR,ERR,ERR,ERR,ERR,ERR,ERR,ERR,ERR,ERR,ERR,ERR,ERR,ERR,ERR,ERR,ERR,ERR,ERR,ERR,ERR,ERR,ERR,ERR,ERR,ERR,ERR,ERR,ERR,ERR,ERR,ERR,ERR,ERR,ERR,ERR,ERR,ERR,ERR,ERR,ERR,ERR,ERR,ERR,ERR,ERR,ERR,ERR,ERR,ERR,ERR,ERR,ERR,ERR,ERR,ERR,ERR,ERR,ERR,ERR,ERR,ERR,ERR,ERR,ERR,ERR,ERR,ERR,ERR,ERR,ERR,ERR,ERR,ERR,ERR,ERR,ERR,ERR,ERR,ERR,ERR,ERR,ERR,ERR,ERR,ERR,ERR,ERR,ERR,ERR,ERR,ERR,ERR,ERR,ERR,ERR,ERR,ERR,ERR,ERR,ERR,ERR,ERR,ERR,ERR,ERR,ERR,ERR,ERR,ERR,ERR,ERR,ERR,0.0,-0.0,-0.0,0.0,-0.031,1688242688.0,0.0,-1.782090379034624e+16,4300,0,8,17169,4300,-0.0,46,0.0,0.0,0.0,0.0,2.7184166902131945e+23,0,0,0,0,0.0,0,0,0,0,0,0,0,0,0,0,0,0,0,0,0,0,0,0,0,0,0,0,0,0,0,0,0,0,0,0,0,0,0,7,37,36,44,65476,358,65476,1,0,4,21553,0.0,-107610720.0,155460512.0,0.0,0.0,0.0,0.0,0.0,0.0,0.0,0.0,0.0,0.0,0.0,0.0,0.0,0.0,0.0,0.0,0.0,0.0,2.004,2.004,-0.0,-3.697074863047967e+19,2.004,0.0,0.0,0.0,0.0,6649.0,2.4230026042814656e+24,0.0,0.0,-0.0,-107616248.0,-0.0,0.0,0.0,2.004,2.004,228,-0.0,-0.059,0.0,0.0,0.0,0.0,0.0,0.0,0.0,0,0,0,-0.0,-0.0,0.0,0.0,0.0,5.447949330759131e+25,-0.0,-0.0,4304177152.0,-1.7507734544203548e+22,-0.0,62462116.0,0.0,0.0,0.0,-1.0099187474203935e+18,0,1.3516416376850534e+27,229,0.0,458,-621855232.0,5.6142779363101766e+35,2114,0,17110,0,17112,0,17096,0,0,0,101,100,100,0.0,64.1,0.0,64.5,0.0,64.5,1,49,50,180,0,0,0,0,0.0,0.0,0.0,60.0,496627023872.0,71.0,0.0,5.80983153579629e+18,0.0,1069,0,1070,0,0,0,1070,0,1080,0,1000,0,645,0,646,0,641,0,676,0.032,1.0625324586456702e+22,0.0,0.0,1808,16814,496627023872.0,5.80983153579629e+18,-0.0,-8569072.0,-0.0,1.4,50.0,60.0,35,0.0,0.0,10.0,2.0,0.0,0.0,0.0,0.0,0.0,0.0,0.0,0.0,0.0,0.0,0.0,0.0,59.2,52,13,65511,27,65476,0,300,0,0,8,20529,65476,0,0,30147,60.0,0.0,10.0,10.0,2.0,0.0
2026-02-16T12:16:10,ERR,ERR,ERR,ERR,ERR,ERR,ERR,ERR,ERR,ERR,ERR,ERR,ERR,ERR,ERR,ERR,ERR,ERR,ERR,ERR,ERR,ERR,ERR,ERR,ERR,ERR,ERR,ERR,ERR,ERR,ERR,ERR,ERR,ERR,ERR,ERR,ERR,ERR,ERR,ERR,ERR,ERR,ERR,ERR,ERR,ERR,ERR,ERR,ERR,ERR,ERR,ERR,ERR,ERR,ERR,ERR,ERR,ERR,ERR,ERR,ERR,ERR,ERR,ERR,ERR,ERR,ERR,ERR,ERR,ERR,ERR,ERR,ERR,ERR,ERR,ERR,ERR,ERR,ERR,ERR,ERR,ERR,ERR,ERR,ERR,ERR,ERR,ERR,ERR,ERR,ERR,ERR,ERR,ERR,ERR,ERR,ERR,ERR,ERR,ERR,ERR,ERR,ERR,ERR,ERR,ERR,ERR,ERR,ERR,ERR,ERR,ERR,ERR,ERR,ERR,ERR,ERR,ERR,ERR,ERR,ERR,ERR,ERR,ERR,ERR,0.0,-0.0,-0.0,0.0,-0.031,1688242688.0,0.0,-1.782090379034624e+16,4300,0,8,17169,4300,-0.0,46,0.0,0.0,0.0,0.0,2.7184166902131945e+23,0,0,0,0,0.0,0,0,0,0,0,0,0,0,0,0,0,0,0,0,0,0,0,0,0,0,0,0,0,0,0,0,0,0,0,0,0,0,0,7,37,36,44,65476,358,65476,1,0,4,21553,0.0,-107610720.0,155460512.0,0.0,0.0,0.0,0.0,0.0,0.0,0.0,0.0,0.0,0.0,0.0,0.0,0.0,0.0,0.0,0.0,0.0,0.0,2.004,2.004,-0.0,-3.697074863047967e+19,2.004,0.0,0.0,0.0,0.0,6649.0,2.4230026042814656e+24,0.0,0.0,-0.0,-107616248.0,-0.0,0.0,0.0,2.004,2.004,228,-0.0,-0.059,0.0,0.0,0.0,0.0,0.0,0.0,0.0,0,0,0,-0.0,-0.0,0.0,0.0,0.0,5.447949330759131e+25,-0.0,-0.0,4304177152.0,-1.7507734544203548e+22,-0.0,62462116.0,0.0,0.0,0.0,-1.0099187474203935e+18,0,1.3516416376850534e+27,229,0.0,458,-621855232.0,5.6142779363101766e+35,2114,0,17110,0,17112,0,17096,0,0,0,101,100,100,0.0,64.1,0.0,64.5,0.0,64.5,1,49,50,180,0,0,0,0,0.0,0.0,0.0,60.0,496627023872.0,71.0,0.0,5.80983153579629e+18,0.0,1069,0,1070,0,0,0,1070,0,1080,0,1000,0,645,0,646,0,641,0,676,0.032,1.0625324586456702e+22,0.0,0.0,1808,16814,496627023872.0,5.80983153579629e+18,-0.0,-8569072.0,-0.0,1.4,50.0,60.0,35,0.0,0.0,10.0,2.0,0.0,0.0,0.0,0.0,0.0,0.0,0.0,0.0,0.0,0.0,0.0,0.0,58.8,52,13,65511,27,65476,0,300,0,0,8,20529,65476,0,0,30147,60.0,0.0,10.0,10.0,2.0,0.0
2026-02-16T12:16:11,ERR,ERR,ERR,ERR,ERR,ERR,ERR,ERR,ERR,ERR,ERR,ERR,ERR,ERR,ERR,ERR,ERR,ERR,ERR,ERR,ERR,ERR,ERR,ERR,ERR,ERR,ERR,ERR,ERR,ERR,ERR,ERR,ERR,ERR,ERR,ERR,ERR,ERR,ERR,ERR,ERR,ERR,ERR,ERR,ERR,ERR,ERR,ERR,ERR,ERR,ERR,ERR,ERR,ERR,ERR,ERR,ERR,ERR,ERR,ERR,ERR,ERR,ERR,ERR,ERR,ERR,ERR,ERR,ERR,ERR,ERR,ERR,ERR,ERR,ERR,ERR,ERR,ERR,ERR,ERR,ERR,ERR,ERR,ERR,ERR,ERR,ERR,ERR,ERR,ERR,ERR,ERR,ERR,ERR,ERR,ERR,ERR,ERR,ERR,ERR,ERR,ERR,ERR,ERR,ERR,ERR,ERR,ERR,ERR,ERR,ERR,ERR,ERR,ERR,ERR,ERR,ERR,ERR,ERR,ERR,ERR,ERR,ERR,ERR,ERR,0.0,-0.0,-0.0,0.0,-0.031,1688242688.0,0.0,-1.782090379034624e+16,4300,0,8,17169,4300,-0.0,46,0.0,0.0,0.0,0.0,2.7184166902131945e+23,0,0,0,0,0.0,0,0,0,0,0,0,0,0,0,0,0,0,0,0,0,0,0,0,0,0,0,0,0,0,0,0,0,0,0,0,0,0,0,7,37,36,44,65476,358,65476,1,0,4,21553,0.0,-107610720.0,155460512.0,0.0,0.0,0.0,0.0,0.0,0.0,0.0,0.0,0.0,0.0,0.0,0.0,0.0,0.0,0.0,0.0,0.0,0.0,2.004,2.004,-0.0,-3.697074863047967e+19,2.004,0.0,0.0,0.0,0.0,6649.0,2.4230026042814656e+24,0.0,0.0,-0.0,-107616248.0,-0.0,0.0,0.0,2.004,2.004,228,-0.0,-0.059,0.0,0.0,0.0,0.0,0.0,0.0,0.0,0,0,0,-0.0,-0.0,0.0,0.0,0.0,5.447949330759131e+25,-0.0,-0.0,4304177152.0,-1.7507734544203548e+22,-0.0,62462116.0,0.0,0.0,0.0,-1.0099187474203935e+18,0,1.3516416376850534e+27,229,0.0,458,-621855232.0,5.6142779363101766e+35,2114,0,17110,0,17112,0,17096,0,0,0,101,100,100,0.0,64.1,0.0,64.5,0.0,64.5,1,49,50,180,0,0,0,0,0.0,0.0,0.0,60.0,496627023872.0,71.0,0.0,5.80983153579629e+18,0.0,1069,0,1070,0,0,0,1070,0,1080,0,1000,0,645,0,646,0,641,0,676,0.032,1.0625324586456702e+22,0.0,0.0,1808,16814,496627023872.0,5.80983153579629e+18,-0.0,-8569072.0,-0.0,1.4,50.0,60.0,35,0.0,0.0,10.0,2.0,0.0,0.0,0.0,0.0,0.0,0.0,0.0,0.0,0.0,0.0,0.0,0.0,58.8,52,13,65511,27,65476,0,300,0,0,8,20529,65476,0,0,30147,60.0,0.0,10.0,10.0,2.0,0.0
2026-02-16T12:16:12,ERR,ERR,ERR,ERR,ERR,ERR,ERR,ERR,ERR,ERR,ERR,ERR,ERR,ERR,ERR,ERR,ERR,ERR,ERR,ERR,ERR,ERR,ERR,ERR,ERR,ERR,ERR,ERR,ERR,ERR,ERR,ERR,ERR,ERR,ERR,ERR,ERR,ERR,ERR,ERR,ERR,ERR,ERR,ERR,ERR,ERR,ERR,ERR,ERR,ERR,ERR,ERR,ERR,ERR,ERR,ERR,ERR,ERR,ERR,ERR,ERR,ERR,ERR,ERR,ERR,ERR,ERR,ERR,ERR,ERR,ERR,ERR,ERR,ERR,ERR,ERR,ERR,ERR,ERR,ERR,ERR,ERR,ERR,ERR,ERR,ERR,ERR,ERR,ERR,ERR,ERR,ERR,ERR,ERR,ERR,ERR,ERR,ERR,ERR,ERR,ERR,ERR,ERR,ERR,ERR,ERR,ERR,ERR,ERR,ERR,ERR,ERR,ERR,ERR,ERR,ERR,ERR,ERR,ERR,ERR,ERR,ERR,ERR,ERR,ERR,0.0,-0.0,-0.0,0.0,-0.031,1688242688.0,0.0,-1.782090379034624e+16,4300,0,8,17169,4300,-0.0,46,0.0,0.0,0.0,0.0,2.7184166902131945e+23,0,0,0,0,0.0,0,0,0,0,0,0,0,0,0,0,0,0,0,0,0,0,0,0,0,0,0,0,0,0,0,0,0,0,0,0,0,0,0,7,37,36,44,65476,358,65476,1,0,4,21553,0.0,-107610720.0,155460512.0,0.0,0.0,0.0,0.0,0.0,0.0,0.0,0.0,0.0,0.0,0.0,0.0,0.0,0.0,0.0,0.0,0.0,0.0,2.004,2.004,-0.0,-3.697074863047967e+19,2.004,0.0,0.0,0.0,0.0,6649.0,2.4230026042814656e+24,0.0,0.0,-0.0,-107616248.0,-0.0,0.0,0.0,2.004,2.004,228,-0.0,-0.059,0.0,0.0,0.0,0.0,0.0,0.0,0.0,0,0,0,-0.0,-0.0,0.0,0.0,0.0,5.447949330759131e+25,-0.0,-0.0,4304177152.0,-1.7507734544203548e+22,-0.0,62462116.0,0.0,0.0,0.0,-1.0099187474203935e+18,0,1.3516416376850534e+27,229,0.0,458,-621855232.0,5.6142779363101766e+35,2114,0,17110,0,17112,0,17096,0,0,0,101,100,100,0.0,64.1,0.0,64.5,0.0,64.5,1,49,50,180,0,0,0,0,0.0,0.0,0.0,60.0,496627023872.0,71.0,0.0,5.80983153579629e+18,0.0,1069,0,1070,0,0,0,1070,0,1080,0,1000,0,645,0,646,0,641,0,676,0.032,1.0625324586456702e+22,0.0,0.0,1808,16814,496627023872.0,5.80983153579629e+18,-0.0,-8569072.0,-0.0,1.4,50.0,60.0,35,0.0,0.0,10.0,2.0,0.0,0.0,0.0,0.0,0.0,0.0,0.0,0.0,0.0,0.0,0.0,0.0,58.8,52,13,65511,27,65476,0,300,0,0,8,20529,65476,0,0,30147,60.0,0.0,10.0,10.0,2.0,0.0
2026-02-16T12:16:13,ERR,ERR,ERR,ERR,ERR,ERR,ERR,ERR,ERR,ERR,ERR,ERR,ERR,ERR,ERR,ERR,ERR,ERR,ERR,ERR,ERR,ERR,ERR,ERR,ERR,ERR,ERR,ERR,ERR,ERR,ERR,ERR,ERR,ERR,ERR,ERR,ERR,ERR,ERR,ERR,ERR,ERR,ERR,ERR,ERR,ERR,ERR,ERR,ERR,ERR,ERR,ERR,ERR,ERR,ERR,ERR,ERR,ERR,ERR,ERR,ERR,ERR,ERR,ERR,ERR,ERR,ERR,ERR,ERR,ERR,ERR,ERR,ERR,ERR,ERR,ERR,ERR,ERR,ERR,ERR,ERR,ERR,ERR,ERR,ERR,ERR,ERR,ERR,ERR,ERR,ERR,ERR,ERR,ERR,ERR,ERR,ERR,ERR,ERR,ERR,ERR,ERR,ERR,ERR,ERR,ERR,ERR,ERR,ERR,ERR,ERR,ERR,ERR,ERR,ERR,ERR,ERR,ERR,ERR,ERR,ERR,ERR,ERR,ERR,ERR,0.0,-0.0,-0.0,0.0,-0.031,1688242688.0,0.0,-1.782090379034624e+16,4300,0,8,17169,4300,-0.0,46,0.0,0.0,0.0,0.0,2.7184166902131945e+23,0,0,0,0,0.0,0,0,0,0,0,0,0,0,0,0,0,0,0,0,0,0,0,0,0,0,0,0,0,0,0,0,0,0,0,0,0,0,0,7,37,36,44,65476,358,65476,1,0,4,21553,0.0,-107610720.0,155460512.0,0.0,0.0,0.0,0.0,0.0,0.0,0.0,0.0,0.0,0.0,0.0,0.0,0.0,0.0,0.0,0.0,0.0,0.0,2.004,2.004,-0.0,-3.697074863047967e+19,2.004,0.0,0.0,0.0,0.0,6649.0,2.4230026042814656e+24,0.0,0.0,-0.0,-107616248.0,-0.0,0.0,0.0,2.004,2.004,228,-0.0,-0.059,0.0,0.0,0.0,0.0,0.0,0.0,0.0,0,0,0,-0.0,-0.0,0.0,0.0,0.0,5.447949330759131e+25,-0.0,-0.0,4304177152.0,-1.7507734544203548e+22,-0.0,62462116.0,0.0,0.0,0.0,-1.0099187474203935e+18,0,1.3516416376850534e+27,229,0.0,458,-621855232.0,5.6142779363101766e+35,2114,0,17110,0,17112,0,17096,0,0,0,101,100,100,0.0,64.1,0.0,64.5,0.0,64.5,1,49,50,180,52429,0,0,0,0.0,0.0,0.0,60.0,134283343691776.0,71.0,0.0,0.0,0.0,1069,0,1070,0,0,0,1070,0,1080,0,1000,0,645,0,646,0,641,0,676,0.032,1.0625324586456702e+22,0.0,0.0,2192,16814,13200.639,5.580388301170278e+16,-0.0,0.0,1.4165633979058992e+35,0.0,50.0,60.0,35,0.0,0.0,10.0,2.0,0.0,0.0,0.0,0.0,0.0,0.0,0.0,0.0,0.0,0.0,0.0,0.0,58.8,52,13,65511,27,65476,0,300,0,0,8,20529,65476,0,0,30147,60.0,0.0,10.0,10.0,2.0,0.0
2026-02-16T12:16:14,ERR,ERR,ERR,ERR,ERR,ERR,ERR,ERR,ERR,ERR,ERR,ERR,ERR,ERR,ERR,ERR,ERR,ERR,ERR,ERR,ERR,ERR,ERR,ERR,ERR,ERR,ERR,ERR,ERR,ERR,ERR,ERR,ERR,ERR,ERR,ERR,ERR,ERR,ERR,ERR,ERR,ERR,ERR,ERR,ERR,ERR,ERR,ERR,ERR,ERR,ERR,ERR,ERR,ERR,ERR,ERR,ERR,ERR,ERR,ERR,ERR,ERR,ERR,ERR,ERR,ERR,ERR,ERR,ERR,ERR,ERR,ERR,ERR,ERR,ERR,ERR,ERR,ERR,ERR,ERR,ERR,ERR,ERR,ERR,ERR,ERR,ERR,ERR,ERR,ERR,ERR,ERR,ERR,ERR,ERR,ERR,ERR,ERR,ERR,ERR,ERR,ERR,ERR,ERR,ERR,ERR,ERR,ERR,ERR,ERR,ERR,ERR,ERR,ERR,ERR,ERR,ERR,ERR,ERR,ERR,ERR,ERR,ERR,ERR,ERR,0.0,-0.0,-0.0,0.0,-0.031,-2.856241749559308e+31,2.181216471258549e+37,0.0,4300,0,8,17169,4300,-0.0,46,0.0,0.0,0.0,0.0,2.7184166902131945e+23,0,0,0,0,0.0,0,0,0,0,0,0,0,0,0,0,0,0,0,0,0,0,0,0,0,0,0,0,0,0,0,0,0,0,0,0,0,0,0,7,37,36,44,65476,356,65476,1,0,4,21553,0.0,0.0,2.1211434283604183e+36,0.0,0.0,0.0,0.0,0.0,0.0,0.0,0.0,0.0,0.0,0.0,0.0,0.0,0.0,0.0,0.0,0.0,0.0,2.004,3.697062548517736e+19,-0.0,-3.697074863047967e+19,3.697076622266571e+19,0.0,0.0,0.0,0.0,6653.0,564149255929856.0,0.0,0.0,-0.0,-107616248.0,-0.0,0.0,0.0,2.004,2.004,228,-71.629,-0.0,0.0,0.0,0.0,0.0,0.0,0.0,0.0,0,0,0,-0.0,4.3428420534574717e+30,0.0,0.0,0.266,0.0,-0.0,-298369120.0,-0.0,-1.8466965236036445e+22,-0.0,65869988.0,0.0,0.0,0.0,0.0,0,1.3516416376850534e+27,228,0.0,458,0.0,-0.0,2114,0,17110,0,17112,0,17096,0,0,0,101,100,100,0.0,64.1,0.0,64.5,0.0,64.5,1,49,50,180,52429,0,0,0,0.0,0.0,0.0,60.0,134283343691776.0,71.0,0.0,0.0,0.0,1069,0,1070,0,0,0,1070,0,1080,0,1000,0,645,0,646,0,641,0,676,0.032,1.0625324586456702e+22,0.0,0.0,2192,16814,13200.639,5.580388301170278e+16,-0.0,0.0,1.4165633979058992e+35,0.0,50.0,60.0,35,0.0,0.0,10.0,2.0,0.0,0.0,0.0,0.0,0.0,0.0,0.0,0.0,0.0,0.0,0.0,0.0,58.8,52,13,65511,27,65476,0,300,0,0,8,20529,65476,0,0,30147,60.0,0.0,10.0,10.0,2.0,0.0
2026-02-16T12:16:15,ERR,ERR,ERR,ERR,ERR,ERR,ERR,ERR,ERR,ERR,ERR,ERR,ERR,ERR,ERR,ERR,ERR,ERR,ERR,ERR,ERR,ERR,ERR,ERR,ERR,ERR,ERR,ERR,ERR,ERR,ERR,ERR,ERR,ERR,ERR,ERR,ERR,ERR,ERR,ERR,ERR,ERR,ERR,ERR,ERR,ERR,ERR,ERR,ERR,ERR,ERR,ERR,ERR,ERR,ERR,ERR,ERR,ERR,ERR,ERR,ERR,ERR,ERR,ERR,ERR,ERR,ERR,ERR,ERR,ERR,ERR,ERR,ERR,ERR,ERR,ERR,ERR,ERR,ERR,ERR,ERR,ERR,ERR,ERR,ERR,ERR,ERR,ERR,ERR,ERR,ERR,ERR,ERR,ERR,ERR,ERR,ERR,ERR,ERR,ERR,ERR,ERR,ERR,ERR,ERR,ERR,ERR,ERR,ERR,ERR,ERR,ERR,ERR,ERR,ERR,ERR,ERR,ERR,ERR,ERR,ERR,ERR,ERR,ERR,ERR,0.0,-0.0,-0.0,0.0,-0.031,-2.856241749559308e+31,2.181216471258549e+37,0.0,4300,0,8,17169,4300,-0.0,46,0.0,0.0,0.0,0.0,2.7184166902131945e+23,0,0,0,0,0.0,0,0,0,0,0,0,0,0,0,0,0,0,0,0,0,0,0,0,0,0,0,0,0,0,0,0,0,0,0,0,0,0,0,7,37,36,44,65476,356,65476,1,0,4,21553,0.0,0.0,2.1211434283604183e+36,0.0,0.0,0.0,0.0,0.0,0.0,0.0,0.0,0.0,0.0,0.0,0.0,0.0,0.0,0.0,0.0,0.0,0.0,2.004,3.697062548517736e+19,-0.0,-3.697074863047967e+19,3.697076622266571e+19,0.0,0.0,0.0,0.0,6653.0,564149255929856.0,0.0,0.0,-0.0,-107616248.0,-0.0,0.0,0.0,2.004,2.004,228,-71.629,-0.0,0.0,0.0,0.0,0.0,0.0,0.0,0.0,0,0,0,-0.0,4.3428420534574717e+30,0.0,0.0,0.266,0.0,-0.0,-298369120.0,-0.0,-1.8466965236036445e+22,-0.0,65869988.0,0.0,0.0,0.0,0.0,0,1.3516416376850534e+27,228,0.0,458,0.0,-0.0,2114,0,17110,0,17112,0,17096,0,0,0,101,100,100,0.0,64.1,0.0,64.5,0.0,64.5,1,49,50,180,52429,0,0,0,0.0,0.0,0.0,60.0,134283343691776.0,71.0,0.0,0.0,0.0,1069,0,1070,0,0,0,1070,0,1080,0,1000,0,645,0,646,0,641,0,676,0.032,1.0625324586456702e+22,0.0,0.0,2192,16814,13200.639,5.580388301170278e+16,-0.0,0.0,1.4165633979058992e+35,0.0,50.0,60.0,35,0.0,0.0,10.0,2.0,0.0,0.0,0.0,0.0,0.0,0.0,0.0,0.0,0.0,0.0,0.0,0.0,58.8,52,13,65511,27,65476,0,300,0,0,8,20529,65476,0,0,30147,60.0,0.0,10.0,10.0,2.0,0.0
2026-02-16T12:16:16,ERR,ERR,ERR,ERR,ERR,ERR,ERR,ERR,ERR,ERR,ERR,ERR,ERR,ERR,ERR,ERR,ERR,ERR,ERR,ERR,ERR,ERR,ERR,ERR,ERR,ERR,ERR,ERR,ERR,ERR,ERR,ERR,ERR,ERR,ERR,ERR,ERR,ERR,ERR,ERR,ERR,ERR,ERR,ERR,ERR,ERR,ERR,ERR,ERR,ERR,ERR,ERR,ERR,ERR,ERR,ERR,ERR,ERR,ERR,ERR,ERR,ERR,ERR,ERR,ERR,ERR,ERR,ERR,ERR,ERR,ERR,ERR,ERR,ERR,ERR,ERR,ERR,ERR,ERR,ERR,ERR,ERR,ERR,ERR,ERR,ERR,ERR,ERR,ERR,ERR,ERR,ERR,ERR,ERR,ERR,ERR,ERR,ERR,ERR,ERR,ERR,ERR,ERR,ERR,ERR,ERR,ERR,ERR,ERR,ERR,ERR,ERR,ERR,ERR,ERR,ERR,ERR,ERR,ERR,ERR,ERR,ERR,ERR,ERR,ERR,0.0,-0.0,-0.0,0.0,-0.031,-2.856241749559308e+31,2.181216471258549e+37,0.0,4300,0,8,17169,4300,-0.0,46,0.0,0.0,0.0,0.0,2.7184166902131945e+23,0,0,0,0,0.0,0,0,0,0,0,0,0,0,0,0,0,0,0,0,0,0,0,0,0,0,0,0,0,0,0,0,0,0,0,0,0,0,0,7,37,36,44,65476,356,65476,1,0,4,21553,0.0,0.0,2.1211434283604183e+36,0.0,0.0,0.0,0.0,0.0,0.0,0.0,0.0,0.0,0.0,0.0,0.0,0.0,0.0,0.0,0.0,0.0,0.0,2.004,3.697062548517736e+19,-0.0,-3.697074863047967e+19,3.697076622266571e+19,0.0,0.0,0.0,0.0,6653.0,564149255929856.0,0.0,0.0,-0.0,-107616248.0,-0.0,0.0,0.0,2.004,2.004,228,-71.629,-0.0,0.0,0.0,0.0,0.0,0.0,0.0,0.0,0,0,0,-0.0,4.3428420534574717e+30,0.0,0.0,0.266,0.0,-0.0,-298369120.0,-0.0,-1.8466965236036445e+22,-0.0,65869988.0,0.0,0.0,0.0,0.0,0,1.3516416376850534e+27,228,0.0,458,0.0,-0.0,2114,0,17110,0,17112,0,17096,0,0,0,101,100,100,0.0,64.1,0.0,64.5,0.0,64.5,1,49,50,180,52429,0,0,0,0.0,0.0,0.0,60.0,134283343691776.0,71.0,0.0,0.0,0.0,1069,0,1070,0,0,0,1070,0,1080,0,1000,0,645,0,646,0,641,0,676,0.032,1.0551537610161864e+22,0.0,0.0,50064,16813,6984.319,0.0,7.53908128450027e+29,5.1248733753225386e+36,6983828111360.0,0.0,50.0,60.0,35,0.0,0.0,10.0,2.0,0.0,0.0,0.0,0.0,0.0,0.0,0.0,0.0,0.0,0.0,0.0,0.0,58.8,52,13,65511,27,65476,0,300,0,0,8,20529,65476,0,0,30147,60.0,0.0,10.0,10.0,2.0,0.0
2026-02-16T12:16:17,ERR,ERR,ERR,ERR,ERR,ERR,ERR,ERR,ERR,ERR,ERR,ERR,ERR,ERR,ERR,ERR,ERR,ERR,ERR,ERR,ERR,ERR,ERR,ERR,ERR,ERR,ERR,ERR,ERR,ERR,ERR,ERR,ERR,ERR,ERR,ERR,ERR,ERR,ERR,ERR,ERR,ERR,ERR,ERR,ERR,ERR,ERR,ERR,ERR,ERR,ERR,ERR,ERR,ERR,ERR,ERR,ERR,ERR,ERR,ERR,ERR,ERR,ERR,ERR,ERR,ERR,ERR,ERR,ERR,ERR,ERR,ERR,ERR,ERR,ERR,ERR,ERR,ERR,ERR,ERR,ERR,ERR,ERR,ERR,ERR,ERR,ERR,ERR,ERR,ERR,ERR,ERR,ERR,ERR,ERR,ERR,ERR,ERR,ERR,ERR,ERR,ERR,ERR,ERR,ERR,ERR,ERR,ERR,ERR,ERR,ERR,ERR,ERR,ERR,ERR,ERR,ERR,ERR,ERR,ERR,ERR,ERR,ERR,ERR,ERR,0.0,-0.0,-0.0,0.0,-0.031,-2.856241749559308e+31,2.181216471258549e+37,0.0,4300,0,8,17169,4300,-0.0,46,0.0,0.0,0.0,0.0,2.7184166902131945e+23,0,0,0,0,0.0,0,0,0,0,0,0,0,0,0,0,0,0,0,0,0,0,0,0,0,0,0,0,0,0,0,0,0,0,0,0,0,0,0,7,37,36,44,65476,356,65476,1,0,4,21553,0.0,0.0,2.1211434283604183e+36,0.0,0.0,0.0,0.0,0.0,0.0,0.0,0.0,0.0,0.0,0.0,0.0,0.0,0.0,0.0,0.0,0.0,0.0,2.004,3.697062548517736e+19,-0.0,-3.697074863047967e+19,3.697076622266571e+19,0.0,0.0,0.0,0.0,6653.0,564149255929856.0,0.0,0.0,-0.0,-107616248.0,-0.0,0.0,0.0,2.004,2.004,228,-71.629,-0.0,0.0,0.0,0.0,0.0,0.0,0.0,0.0,0,0,0,-0.0,4.3428420534574717e+30,0.0,0.0,0.266,0.0,-0.0,-298369120.0,-0.0,-1.8466965236036445e+22,-0.0,65869988.0,0.0,0.0,0.0,0.0,0,1.3516416376850534e+27,228,0.0,458,0.0,-0.0,2114,0,17110,0,17112,0,17096,0,0,0,101,100,100,0.0,64.1,0.0,64.5,0.0,64.5,1,49,50,180,52429,0,0,0,0.0,0.0,0.0,60.0,134283343691776.0,71.0,0.0,0.0,0.0,1069,0,1070,0,0,0,1070,0,1080,0,1000,0,645,0,646,0,641,0,676,0.032,1.0551537610161864e+22,0.0,0.0,50064,16813,6984.319,0.0,7.53908128450027e+29,5.1248733753225386e+36,6983828111360.0,0.0,50.0,60.0,35,0.0,0.0,10.0,2.0,0.0,0.0,0.0,0.0,0.0,0.0,0.0,0.0,0.0,0.0,0.0,0.0,58.8,52,13,65511,27,65476,0,300,0,0,8,20529,65476,0,0,30147,60.0,0.0,10.0,10.0,2.0,0.0
2026-02-16T12:16:18,ERR,ERR,ERR,ERR,ERR,ERR,ERR,ERR,ERR,ERR,ERR,ERR,ERR,ERR,ERR,ERR,ERR,ERR,ERR,ERR,ERR,ERR,ERR,ERR,ERR,ERR,ERR,ERR,ERR,ERR,ERR,ERR,ERR,ERR,ERR,ERR,ERR,ERR,ERR,ERR,ERR,ERR,ERR,ERR,ERR,ERR,ERR,ERR,ERR,ERR,ERR,ERR,ERR,ERR,ERR,ERR,ERR,ERR,ERR,ERR,ERR,ERR,ERR,ERR,ERR,ERR,ERR,ERR,ERR,ERR,ERR,ERR,ERR,ERR,ERR,ERR,ERR,ERR,ERR,ERR,ERR,ERR,ERR,ERR,ERR,ERR,ERR,ERR,ERR,ERR,ERR,ERR,ERR,ERR,ERR,ERR,ERR,ERR,ERR,ERR,ERR,ERR,ERR,ERR,ERR,ERR,ERR,ERR,ERR,ERR,ERR,ERR,ERR,ERR,ERR,ERR,ERR,ERR,ERR,ERR,ERR,ERR,ERR,ERR,ERR,0.0,-0.0,-0.0,0.0,-0.031,-2.856241749559308e+31,2.181216471258549e+37,0.0,4300,0,8,17169,4300,-0.0,46,0.0,0.0,0.0,0.0,2.7184166902131945e+23,0,0,0,0,0.0,0,0,0,0,0,0,0,0,0,0,0,0,0,0,0,0,0,0,0,0,0,0,0,0,0,0,0,0,0,0,0,0,0,7,37,36,44,65476,356,65476,1,0,4,21553,0.0,0.0,2.1211434283604183e+36,0.0,0.0,0.0,0.0,0.0,0.0,0.0,0.0,0.0,0.0,0.0,0.0,0.0,0.0,0.0,0.0,0.0,0.0,2.004,3.697062548517736e+19,-0.0,-3.697074863047967e+19,3.697076622266571e+19,0.0,0.0,0.0,0.0,6653.0,564149255929856.0,0.0,0.0,-0.0,-107616248.0,-0.0,0.0,0.0,2.004,2.004,228,-71.629,-0.0,0.0,0.0,0.0,0.0,0.0,0.0,0.0,0,0,0,-0.0,4.3428420534574717e+30,0.0,0.0,0.266,0.0,-0.0,-298369120.0,-0.0,-1.8466965236036445e+22,-0.0,65869988.0,0.0,0.0,0.0,0.0,0,1.3516416376850534e+27,228,0.0,458,0.0,-0.0,2114,0,17110,0,17112,0,17096,0,0,0,101,100,100,0.0,64.1,0.0,64.5,0.0,64.5,1,49,50,180,52429,0,0,0,0.0,0.0,0.0,60.0,134283343691776.0,71.0,0.0,0.0,0.0,1069,0,1070,0,0,0,1070,0,1080,0,1000,0,645,0,646,0,641,0,676,0.032,1.0551537610161864e+22,0.0,0.0,50064,16813,6984.319,0.0,7.53908128450027e+29,5.1248733753225386e+36,6983828111360.0,0.0,50.0,60.0,35,0.0,0.0,10.0,2.0,0.0,0.0,0.0,0.0,0.0,0.0,0.0,0.0,0.0,0.0,0.0,0.0,58.8,52,13,65511,27,65476,0,300,0,0,8,20529,65476,0,0,30147,60.0,0.0,10.0,10.0,2.0,0.0
2026-02-16T12:16:19,ERR,ERR,ERR,ERR,ERR,ERR,ERR,ERR,ERR,ERR,ERR,ERR,ERR,ERR,ERR,ERR,ERR,ERR,ERR,ERR,ERR,ERR,ERR,ERR,ERR,ERR,ERR,ERR,ERR,ERR,ERR,ERR,ERR,ERR,ERR,ERR,ERR,ERR,ERR,ERR,ERR,ERR,ERR,ERR,ERR,ERR,ERR,ERR,ERR,ERR,ERR,ERR,ERR,ERR,ERR,ERR,ERR,ERR,ERR,ERR,ERR,ERR,ERR,ERR,ERR,ERR,ERR,ERR,ERR,ERR,ERR,ERR,ERR,ERR,ERR,ERR,ERR,ERR,ERR,ERR,ERR,ERR,ERR,ERR,ERR,ERR,ERR,ERR,ERR,ERR,ERR,ERR,ERR,ERR,ERR,ERR,ERR,ERR,ERR,ERR,ERR,ERR,ERR,ERR,ERR,ERR,ERR,ERR,ERR,ERR,ERR,ERR,ERR,ERR,ERR,ERR,ERR,ERR,ERR,ERR,ERR,ERR,ERR,ERR,ERR,0.0,-0.0,-0.0,0.0,-0.031,-2.7709391442306544e+27,4.778987128094206e+30,0.004,4300,0,8,17169,4300,-0.0,46,0.0,0.0,0.0,0.0,2.7184166902131945e+23,0,0,0,0,0.0,0,0,0,0,0,0,0,0,0,0,0,0,0,0,0,0,0,0,0,0,0,0,0,0,0,0,0,0,0,0,0,0,0,8,36,36,44,65476,355,65476,1,0,4,21553,0.0,-0.0,-1.4376117055980526e+29,0.0,0.0,0.0,0.0,0.0,0.0,0.0,0.0,0.0,0.0,0.0,0.0,0.0,0.0,0.0,0.0,0.0,0.0,2.004,3.697062548517736e+19,-0.0,-2.004,3.697076622266571e+19,0.0,0.0,0.0,0.0,6651.0,0.0,0.0,0.0,-0.0,-0.0,-0.0,0.0,0.0,2.004,2.004,229,-71.629,-0.0,0.0,0.0,0.0,0.0,0.0,0.0,0.0,0,0,0,-0.0,340.515,0.0,1.0118035521549987e+24,0.0,1906.06,6694660013555712.0,0.0,-9937.565,-1.9815351971670426e+22,-0.0,70922568.0,0.0,0.0,0.0,-1.477562132665961e+22,0,1.3516416376850534e+27,229,0.0,458,-621855232.0,0.0,2114,0,17110,0,17112,0,17096,0,0,0,101,100,100,0.0,64.1,0.0,64.5,0.0,64.5,1,49,50,180,52429,0,0,0,0.0,0.0,0.0,60.0,134283343691776.0,71.0,0.0,0.0,0.0,1069,0,1070,0,0,0,1070,0,1080,0,1000,0,645,0,646,0,641,0,676,0.032,1.0551537610161864e+22,0.0,0.0,50064,16813,6984.319,0.0,7.53908128450027e+29,5.1248733753225386e+36,6983828111360.0,0.0,50.0,60.0,35,0.0,0.0,10.0,2.0,0.0,0.0,0.0,0.0,0.0,0.0,0.0,0.0,0.0,0.0,0.0,0.0,58.8,52,13,65511,27,65476,0,300,0,0,8,20529,65476,0,0,30147,60.0,0.0,10.0,10.0,2.0,0.0
2026-02-16T12:16:20,ERR,ERR,ERR,ERR,ERR,ERR,ERR,ERR,ERR,ERR,ERR,ERR,ERR,ERR,ERR,ERR,ERR,ERR,ERR,ERR,ERR,ERR,ERR,ERR,ERR,ERR,ERR,ERR,ERR,ERR,ERR,ERR,ERR,ERR,ERR,ERR,ERR,ERR,ERR,ERR,ERR,ERR,ERR,ERR,ERR,ERR,ERR,ERR,ERR,ERR,ERR,ERR,ERR,ERR,ERR,ERR,ERR,ERR,ERR,ERR,ERR,ERR,ERR,ERR,ERR,ERR,ERR,ERR,ERR,ERR,ERR,ERR,ERR,ERR,ERR,ERR,ERR,ERR,ERR,ERR,ERR,ERR,ERR,ERR,ERR,ERR,ERR,ERR,ERR,ERR,ERR,ERR,ERR,ERR,ERR,ERR,ERR,ERR,ERR,ERR,ERR,ERR,ERR,ERR,ERR,ERR,ERR,ERR,ERR,ERR,ERR,ERR,ERR,ERR,ERR,ERR,ERR,ERR,ERR,ERR,ERR,ERR,ERR,ERR,ERR,0.0,-0.0,-0.0,0.0,-0.031,-2.7709391442306544e+27,4.778987128094206e+30,0.004,4300,0,8,17169,4300,-0.0,46,0.0,0.0,0.0,0.0,2.7184166902131945e+23,0,0,0,0,0.0,0,0,0,0,0,0,0,0,0,0,0,0,0,0,0,0,0,0,0,0,0,0,0,0,0,0,0,0,0,0,0,0,0,8,36,36,44,65476,355,65476,1,0,4,21553,0.0,-0.0,-1.4376117055980526e+29,0.0,0.0,0.0,0.0,0.0,0.0,0.0,0.0,0.0,0.0,0.0,0.0,0.0,0.0,0.0,0.0,0.0,0.0,2.004,3.697062548517736e+19,-0.0,-2.004,3.697076622266571e+19,0.0,0.0,0.0,0.0,6651.0,0.0,0.0,0.0,-0.0,-0.0,-0.0,0.0,0.0,2.004,2.004,229,-71.629,-0.0,0.0,0.0,0.0,0.0,0.0,0.0,0.0,0,0,0,-0.0,340.515,0.0,1.0118035521549987e+24,0.0,1906.06,6694660013555712.0,0.0,-9937.565,-1.9815351971670426e+22,-0.0,70922568.0,0.0,0.0,0.0,-1.477562132665961e+22,0,1.3516416376850534e+27,229,0.0,458,-621855232.0,0.0,2114,0,17110,0,17112,0,17096,0,0,0,101,100,100,0.0,64.1,0.0,64.5,0.0,64.5,1,49,50,180,52429,0,0,0,0.0,0.0,0.0,60.0,0.0,71.0,0.0,0.0,0.0,1069,0,1070,0,0,0,1070,0,1080,0,1000,0,645,0,646,0,641,0,676,0.032,1.069911156275154e+22,0.0,0.0,50832,16813,0.0,0.0,0.0,0.001,-2.3694304377732192e+38,-6280.004,50.0,60.0,35,0.0,0.0,10.0,2.0,0.0,0.0,0.0,0.0,0.0,0.0,0.0,0.0,0.0,0.0,0.0,0.0,58.8,52,13,65511,27,65476,0,300,0,0,8,20529,65476,0,0,30147,60.0,0.0,10.0,10.0,2.0,0.0
2026-02-16T12:16:21,ERR,ERR,ERR,ERR,ERR,ERR,ERR,ERR,ERR,ERR,ERR,ERR,ERR,ERR,ERR,ERR,ERR,ERR,ERR,ERR,ERR,ERR,ERR,ERR,ERR,ERR,ERR,ERR,ERR,ERR,ERR,ERR,ERR,ERR,ERR,ERR,ERR,ERR,ERR,ERR,ERR,ERR,ERR,ERR,ERR,ERR,ERR,ERR,ERR,ERR,ERR,ERR,ERR,ERR,ERR,ERR,ERR,ERR,ERR,ERR,ERR,ERR,ERR,ERR,ERR,ERR,ERR,ERR,ERR,ERR,ERR,ERR,ERR,ERR,ERR,ERR,ERR,ERR,ERR,ERR,ERR,ERR,ERR,ERR,ERR,ERR,ERR,ERR,ERR,ERR,ERR,ERR,ERR,ERR,ERR,ERR,ERR,ERR,ERR,ERR,ERR,ERR,ERR,ERR,ERR,ERR,ERR,ERR,ERR,ERR,ERR,ERR,ERR,ERR,ERR,ERR,ERR,ERR,ERR,ERR,ERR,ERR,ERR,ERR,ERR,0.0,-0.0,-0.0,0.0,-0.031,-2.7709391442306544e+27,4.778987128094206e+30,0.004,4300,0,8,17169,4300,-0.0,46,0.0,0.0,0.0,0.0,2.7184166902131945e+23,0,0,0,0,0.0,0,0,0,0,0,0,0,0,0,0,0,0,0,0,0,0,0,0,0,0,0,0,0,0,0,0,0,0,0,0,0,0,0,8,36,36,44,65476,355,65476,1,0,4,21553,0.0,-0.0,-1.4376117055980526e+29,0.0,0.0,0.0,0.0,0.0,0.0,0.0,0.0,0.0,0.0,0.0,0.0,0.0,0.0,0.0,0.0,0.0,0.0,2.004,3.697062548517736e+19,-0.0,-2.004,3.697076622266571e+19,0.0,0.0,0.0,0.0,6651.0,0.0,0.0,0.0,-0.0,-0.0,-0.0,0.0,0.0,2.004,2.004,229,-71.629,-0.0,0.0,0.0,0.0,0.0,0.0,0.0,0.0,0,0,0,-0.0,340.515,0.0,1.0118035521549987e+24,0.0,1906.06,6694660013555712.0,0.0,-9937.565,-1.9815351971670426e+22,-0.0,70922568.0,0.0,0.0,0.0,-1.477562132665961e+22,0,1.3516416376850534e+27,229,0.0,458,-621855232.0,0.0,2114,0,17110,0,17112,0,17096,0,0,0,101,100,100,0.0,64.1,0.0,64.5,0.0,64.5,1,49,50,180,52429,0,0,0,0.0,0.0,0.0,60.0,0.0,71.0,0.0,0.0,0.0,1069,0,1070,0,0,0,1070,0,1080,0,1000,0,645,0,646,0,641,0,676,0.032,1.069911156275154e+22,0.0,0.0,50832,16813,0.0,0.0,0.0,0.001,-2.3694304377732192e+38,-6280.004,50.0,60.0,35,0.0,0.0,10.0,2.0,0.0,0.0,0.0,0.0,0.0,0.0,0.0,0.0,0.0,0.0,0.0,0.0,58.8,52,13,65511,27,65476,0,300,0,0,8,20529,65476,0,0,30147,60.0,0.0,10.0,10.0,2.0,0.0
2026-02-16T12:16:22,ERR,ERR,ERR,ERR,ERR,ERR,ERR,ERR,ERR,ERR,ERR,ERR,ERR,ERR,ERR,ERR,ERR,ERR,ERR,ERR,ERR,ERR,ERR,ERR,ERR,ERR,ERR,ERR,ERR,ERR,ERR,ERR,ERR,ERR,ERR,ERR,ERR,ERR,ERR,ERR,ERR,ERR,ERR,ERR,ERR,ERR,ERR,ERR,ERR,ERR,ERR,ERR,ERR,ERR,ERR,ERR,ERR,ERR,ERR,ERR,ERR,ERR,ERR,ERR,ERR,ERR,ERR,ERR,ERR,ERR,ERR,ERR,ERR,ERR,ERR,ERR,ERR,ERR,ERR,ERR,ERR,ERR,ERR,ERR,ERR,ERR,ERR,ERR,ERR,ERR,ERR,ERR,ERR,ERR,ERR,ERR,ERR,ERR,ERR,ERR,ERR,ERR,ERR,ERR,ERR,ERR,ERR,ERR,ERR,ERR,ERR,ERR,ERR,ERR,ERR,ERR,ERR,ERR,ERR,ERR,ERR,ERR,ERR,ERR,ERR,0.0,-0.0,-0.0,0.0,-0.031,-2.7709391442306544e+27,4.778987128094206e+30,0.004,4300,0,8,17169,4300,-0.0,46,0.0,0.0,0.0,0.0,2.7184166902131945e+23,0,0,0,0,0.0,0,0,0,0,0,0,0,0,0,0,0,0,0,0,0,0,0,0,0,0,0,0,0,0,0,0,0,0,0,0,0,0,0,8,36,36,44,65476,355,65476,1,0,4,21553,0.0,-0.0,-1.4376117055980526e+29,0.0,0.0,0.0,0.0,0.0,0.0,0.0,0.0,0.0,0.0,0.0,0.0,0.0,0.0,0.0,0.0,0.0,0.0,2.004,3.697062548517736e+19,-0.0,-2.004,3.697076622266571e+19,0.0,0.0,0.0,0.0,6651.0,0.0,0.0,0.0,-0.0,-0.0,-0.0,0.0,0.0,2.004,2.004,229,-71.629,-0.0,0.0,0.0,0.0,0.0,0.0,0.0,0.0,0,0,0,-0.0,340.515,0.0,1.0118035521549987e+24,0.0,1906.06,6694660013555712.0,0.0,-9937.565,-1.9815351971670426e+22,-0.0,70922568.0,0.0,0.0,0.0,-1.477562132665961e+22,0,1.3516416376850534e+27,229,0.0,458,-621855232.0,0.0,2114,0,17110,0,17112,0,17096,0,0,0,101,100,100,0.0,64.1,0.0,64.5,0.0,64.5,1,49,50,180,52429,0,0,0,0.0,0.0,0.0,60.0,0.0,71.0,0.0,0.0,0.0,1069,0,1070,0,0,0,1070,0,1080,0,1000,0,645,0,646,0,641,0,676,0.032,1.069911156275154e+22,0.0,0.0,50832,16813,0.0,0.0,0.0,0.001,-2.3694304377732192e+38,-6280.004,50.0,60.0,35,0.0,0.0,10.0,2.0,0.0,0.0,0.0,0.0,0.0,0.0,0.0,0.0,0.0,0.0,0.0,0.0,59.2,52,13,65511,27,65476,0,300,0,0,8,20529,65476,0,0,30147,60.0,0.0,10.0,10.0,2.0,0.0
2026-02-16T12:16:23,ERR,ERR,ERR,ERR,ERR,ERR,ERR,ERR,ERR,ERR,ERR,ERR,ERR,ERR,ERR,ERR,ERR,ERR,ERR,ERR,ERR,ERR,ERR,ERR,ERR,ERR,ERR,ERR,ERR,ERR,ERR,ERR,ERR,ERR,ERR,ERR,ERR,ERR,ERR,ERR,ERR,ERR,ERR,ERR,ERR,ERR,ERR,ERR,ERR,ERR,ERR,ERR,ERR,ERR,ERR,ERR,ERR,ERR,ERR,ERR,ERR,ERR,ERR,ERR,ERR,ERR,ERR,ERR,ERR,ERR,ERR,ERR,ERR,ERR,ERR,ERR,ERR,ERR,ERR,ERR,ERR,ERR,ERR,ERR,ERR,ERR,ERR,ERR,ERR,ERR,ERR,ERR,ERR,ERR,ERR,ERR,ERR,ERR,ERR,ERR,ERR,ERR,ERR,ERR,ERR,ERR,ERR,ERR,ERR,ERR,ERR,ERR,ERR,ERR,ERR,ERR,ERR,ERR,ERR,ERR,ERR,ERR,ERR,ERR,ERR,0.0,-0.0,-0.0,0.0,-0.031,-7.262243377695949e+17,508583921844224.0,14565395.0,4300,0,8,17169,4300,14655025053696.0,48,0.0,0.0,0.0,0.0,2.7184166902131945e+23,0,0,0,0,0.0,0,0,0,0,0,0,0,0,0,0,0,0,0,0,0,0,0,0,0,0,0,0,0,0,0,0,0,0,0,0,0,0,0,8,36,36,44,65476,356,65476,1,0,4,21553,0.0,0.0,-0.0,0.0,0.0,0.0,0.0,0.0,0.0,0.0,0.0,0.0,0.0,0.0,0.0,0.0,0.0,0.0,0.0,0.0,0.0,2.004,2.004,-2.004,-2.004,-0.0,0.0,0.0,0.0,0.0,6621.0,-8608233472.0,0.0,0.0,-0.0,-0.0,-107616272.0,-0.0,0.0,2.004,2.004,228,-152017280434176.0,1.905696230688686e+17,0.0,0.0,0.0,0.0,0.0,0.0,0.0,0,0,0,-0.0,0.0,0.15,-4.327050235354258e+23,18960056320.0,0.0,-1.0388921739732627e+28,340312160.0,-1.4304167388512256e+16,-2.173381335533622e+22,-0.0,77214024.0,0.0,0.0,0.0,0.0,0,1.3516416376850534e+27,228,0.0,456,2.3398240911695988e+30,128985546752.0,2114,0,17110,0,17112,0,17096,0,0,0,101,100,100,0.0,64.1,0.0,64.5,0.0,64.5,1,49,50,180,52429,0,0,0,0.0,0.0,0.0,60.0,1.111,71.0,0.0,-0.0,0.0,1069,0,1070,0,0,0,1070,0,1080,0,1000,0,645,0,647,0,641,0,676,0.032,1.0551537610161864e+22,0.0,0.0,5136,16814,43846200.0,-0.0,-11.141,-0.0,-0.0,529408.562,50.0,60.0,35,0.0,0.0,10.0,2.0,0.0,0.0,0.0,0.0,0.0,0.0,0.0,0.0,0.0,0.0,0.0,0.0,59.2,52,13,65511,27,65476,0,300,0,0,8,20529,65476,0,0,30147,60.0,0.0,10.0,10.0,2.0,0.0
2026-02-16T12:16:24,ERR,ERR,ERR,ERR,ERR,ERR,ERR,ERR,ERR,ERR,ERR,ERR,ERR,ERR,ERR,ERR,ERR,ERR,ERR,ERR,ERR,ERR,ERR,ERR,ERR,ERR,ERR,ERR,ERR,ERR,ERR,ERR,ERR,ERR,ERR,ERR,ERR,ERR,ERR,ERR,ERR,ERR,ERR,ERR,ERR,ERR,ERR,ERR,ERR,ERR,ERR,ERR,ERR,ERR,ERR,ERR,ERR,ERR,ERR,ERR,ERR,ERR,ERR,ERR,ERR,ERR,ERR,ERR,ERR,ERR,ERR,ERR,ERR,ERR,ERR,ERR,ERR,ERR,ERR,ERR,ERR,ERR,ERR,ERR,ERR,ERR,ERR,ERR,ERR,ERR,ERR,ERR,ERR,ERR,ERR,ERR,ERR,ERR,ERR,ERR,ERR,ERR,ERR,ERR,ERR,ERR,ERR,ERR,ERR,ERR,ERR,ERR,ERR,ERR,ERR,ERR,ERR,ERR,ERR,ERR,ERR,ERR,ERR,ERR,ERR,0.0,-0.0,-0.0,0.0,-0.031,-7.262243377695949e+17,508583921844224.0,14565395.0,4300,0,8,17169,4300,14655025053696.0,48,0.0,0.0,0.0,0.0,2.7184166902131945e+23,0,0,0,0,0.0,0,0,0,0,0,0,0,0,0,0,0,0,0,0,0,0,0,0,0,0,0,0,0,0,0,0,0,0,0,0,0,0,0,8,36,36,44,65476,356,65476,1,0,4,21553,0.0,0.0,-0.0,0.0,0.0,0.0,0.0,0.0,0.0,0.0,0.0,0.0,0.0,0.0,0.0,0.0,0.0,0.0,0.0,0.0,0.0,2.004,2.004,-2.004,-2.004,-0.0,0.0,0.0,0.0,0.0,6621.0,-8608233472.0,0.0,0.0,-0.0,-0.0,-107616272.0,-0.0,0.0,2.004,2.004,228,-152017280434176.0,1.905696230688686e+17,0.0,0.0,0.0,0.0,0.0,0.0,0.0,0,0,0,-0.0,0.0,0.15,-4.327050235354258e+23,18960056320.0,0.0,-1.0388921739732627e+28,340312160.0,-1.4304167388512256e+16,-2.173381335533622e+22,-0.0,77214024.0,0.0,0.0,0.0,0.0,0,1.3516416376850534e+27,228,0.0,456,2.3398240911695988e+30,128985546752.0,2114,0,17110,0,17112,0,17096,0,0,0,101,100,100,0.0,64.1,0.0,64.5,0.0,64.5,1,49,50,180,52429,0,0,0,0.0,0.0,0.0,60.0,1.111,71.0,0.0,-0.0,0.0,1069,0,1070,0,0,0,1070,0,1080,0,1000,0,645,0,647,0,641,0,676,0.032,1.0551537610161864e+22,0.0,0.0,5136,16814,43846200.0,-0.0,-11.141,-0.0,-0.0,529408.562,50.0,60.0,35,0.0,0.0,10.0,2.0,0.0,0.0,0.0,0.0,0.0,0.0,0.0,0.0,0.0,0.0,0.0,0.0,59.2,52,13,65511,27,65476,0,300,0,0,8,20529,65476,0,0,30147,60.0,0.0,10.0,10.0,2.0,0.0
2026-02-16T12:16:25,ERR,ERR,ERR,ERR,ERR,ERR,ERR,ERR,ERR,ERR,ERR,ERR,ERR,ERR,ERR,ERR,ERR,ERR,ERR,ERR,ERR,ERR,ERR,ERR,ERR,ERR,ERR,ERR,ERR,ERR,ERR,ERR,ERR,ERR,ERR,ERR,ERR,ERR,ERR,ERR,ERR,ERR,ERR,ERR,ERR,ERR,ERR,ERR,ERR,ERR,ERR,ERR,ERR,ERR,ERR,ERR,ERR,ERR,ERR,ERR,ERR,ERR,ERR,ERR,ERR,ERR,ERR,ERR,ERR,ERR,ERR,ERR,ERR,ERR,ERR,ERR,ERR,ERR,ERR,ERR,ERR,ERR,ERR,ERR,ERR,ERR,ERR,ERR,ERR,ERR,ERR,ERR,ERR,ERR,ERR,ERR,ERR,ERR,ERR,ERR,ERR,ERR,ERR,ERR,ERR,ERR,ERR,ERR,ERR,ERR,ERR,ERR,ERR,ERR,ERR,ERR,ERR,ERR,ERR,ERR,ERR,ERR,ERR,ERR,ERR,0.0,-0.0,-0.0,0.0,-0.031,-7.262243377695949e+17,508583921844224.0,14565395.0,4300,0,8,17169,4300,14655025053696.0,48,0.0,0.0,0.0,0.0,2.7184166902131945e+23,0,0,0,0,0.0,0,0,0,0,0,0,0,0,0,0,0,0,0,0,0,0,0,0,0,0,0,0,0,0,0,0,0,0,0,0,0,0,0,8,36,36,44,65476,356,65476,1,0,4,21553,0.0,0.0,-0.0,0.0,0.0,0.0,0.0,0.0,0.0,0.0,0.0,0.0,0.0,0.0,0.0,0.0,0.0,0.0,0.0,0.0,0.0,2.004,2.004,-2.004,-2.004,-0.0,0.0,0.0,0.0,0.0,6621.0,-8608233472.0,0.0,0.0,-0.0,-0.0,-107616272.0,-0.0,0.0,2.004,2.004,228,-152017280434176.0,1.905696230688686e+17,0.0,0.0,0.0,0.0,0.0,0.0,0.0,0,0,0,-0.0,0.0,0.15,-4.327050235354258e+23,18960056320.0,0.0,-1.0388921739732627e+28,340312160.0,-1.4304167388512256e+16,-2.173381335533622e+22,-0.0,77214024.0,0.0,0.0,0.0,0.0,0,1.3516416376850534e+27,228,0.0,456,2.3398240911695988e+30,128985546752.0,2114,0,17110,0,17112,0,17096,0,0,0,101,100,100,0.0,64.1,0.0,64.5,0.0,64.5,1,49,50,180,52429,0,0,0,0.0,0.0,0.0,60.0,1.111,71.0,0.0,-0.0,0.0,1069,0,1070,0,0,0,1070,0,1080,0,1000,0,645,0,647,0,641,0,676,0.032,1.0551537610161864e+22,0.0,0.0,5136,16814,43846200.0,-0.0,-11.141,-0.0,-0.0,529408.562,50.0,60.0,35,0.0,0.0,10.0,2.0,0.0,0.0,0.0,0.0,0.0,0.0,0.0,0.0,0.0,0.0,0.0,0.0,58.8,52,13,65511,27,65476,0,300,0,0,8,20529,65476,0,0,30147,60.0,0.0,10.0,10.0,2.0,0.0
2026-02-16T12:16:26,ERR,ERR,ERR,ERR,ERR,ERR,ERR,ERR,ERR,ERR,ERR,ERR,ERR,ERR,ERR,ERR,ERR,ERR,ERR,ERR,ERR,ERR,ERR,ERR,ERR,ERR,ERR,ERR,ERR,ERR,ERR,ERR,ERR,ERR,ERR,ERR,ERR,ERR,ERR,ERR,ERR,ERR,ERR,ERR,ERR,ERR,ERR,ERR,ERR,ERR,ERR,ERR,ERR,ERR,ERR,ERR,ERR,ERR,ERR,ERR,ERR,ERR,ERR,ERR,ERR,ERR,ERR,ERR,ERR,ERR,ERR,ERR,ERR,ERR,ERR,ERR,ERR,ERR,ERR,ERR,ERR,ERR,ERR,ERR,ERR,ERR,ERR,ERR,ERR,ERR,ERR,ERR,ERR,ERR,ERR,ERR,ERR,ERR,ERR,ERR,ERR,ERR,ERR,ERR,ERR,ERR,ERR,ERR,ERR,ERR,ERR,ERR,ERR,ERR,ERR,ERR,ERR,ERR,ERR,ERR,ERR,ERR,ERR,ERR,ERR,0.0,-0.0,-0.0,0.0,-0.031,-7.262243377695949e+17,508583921844224.0,14565395.0,4300,0,8,17169,4300,14655025053696.0,48,0.0,0.0,0.0,0.0,2.7184166902131945e+23,0,0,0,0,0.0,0,0,0,0,0,0,0,0,0,0,0,0,0,0,0,0,0,0,0,0,0,0,0,0,0,0,0,0,0,0,0,0,0,8,36,36,44,65476,356,65476,1,0,4,21553,0.0,0.0,-0.0,0.0,0.0,0.0,0.0,0.0,0.0,0.0,0.0,0.0,0.0,0.0,0.0,0.0,0.0,0.0,0.0,0.0,0.0,2.004,2.004,-2.004,-2.004,-0.0,0.0,0.0,0.0,0.0,6621.0,-8608233472.0,0.0,0.0,-0.0,-0.0,-107616272.0,-0.0,0.0,2.004,2.004,228,-152017280434176.0,1.905696230688686e+17,0.0,0.0,0.0,0.0,0.0,0.0,0.0,0,0,0,-0.0,0.0,0.15,-4.327050235354258e+23,18960056320.0,0.0,-1.0388921739732627e+28,340312160.0,-1.4304167388512256e+16,-2.173381335533622e+22,-0.0,77214024.0,0.0,0.0,0.0,0.0,0,1.3516416376850534e+27,228,0.0,456,2.3398240911695988e+30,128985546752.0,2114,0,17110,0,17112,0,17096,0,0,0,101,100,100,0.0,64.1,0.0,64.5,0.0,64.5,1,49,50,180,52429,0,0,0,0.0,0.0,0.0,60.0,1.8484211031937647e+19,71.0,0.0,-0.0,0.0,1069,0,1070,0,0,0,1070,0,1080,0,1000,0,645,0,646,0,641,0,676,0.032,1.0625324586456702e+22,0.0,0.0,52624,16813,390615488.0,-0.0,-3.073235443979359e+22,3225583353856.0,-1.078444276318208e+16,8.181506416755124e+23,50.0,60.0,35,0.0,0.0,10.0,2.0,0.0,0.0,0.0,0.0,0.0,0.0,0.0,0.0,0.0,0.0,0.0,0.0,58.8,52,13,65511,27,65476,0,300,0,0,8,20529,65476,0,0,30147,60.0,0.0,10.0,10.0,2.0,0.0
2026-02-16T12:16:27,ERR,ERR,ERR,ERR,ERR,ERR,ERR,ERR,ERR,ERR,ERR,ERR,ERR,ERR,ERR,ERR,ERR,ERR,ERR,ERR,ERR,ERR,ERR,ERR,ERR,ERR,ERR,ERR,ERR,ERR,ERR,ERR,ERR,ERR,ERR,ERR,ERR,ERR,ERR,ERR,ERR,ERR,ERR,ERR,ERR,ERR,ERR,ERR,ERR,ERR,ERR,ERR,ERR,ERR,ERR,ERR,ERR,ERR,ERR,ERR,ERR,ERR,ERR,ERR,ERR,ERR,ERR,ERR,ERR,ERR,ERR,ERR,ERR,ERR,ERR,ERR,ERR,ERR,ERR,ERR,ERR,ERR,ERR,ERR,ERR,ERR,ERR,ERR,ERR,ERR,ERR,ERR,ERR,ERR,ERR,ERR,ERR,ERR,ERR,ERR,ERR,ERR,ERR,ERR,ERR,ERR,ERR,ERR,ERR,ERR,ERR,ERR,ERR,ERR,ERR,ERR,ERR,ERR,ERR,ERR,ERR,ERR,ERR,ERR,ERR,0.0,-0.0,-0.0,0.0,-0.031,-7.262243377695949e+17,508583921844224.0,14565395.0,4300,0,8,17169,4300,14655025053696.0,48,0.0,0.0,0.0,0.0,2.7184166902131945e+23,0,0,0,0,0.0,0,0,0,0,0,0,0,0,0,0,0,0,0,0,0,0,0,0,0,0,0,0,0,0,0,0,0,0,0,0,0,0,0,8,36,36,44,65476,356,65476,1,0,4,21553,0.0,0.0,-0.0,0.0,0.0,0.0,0.0,0.0,0.0,0.0,0.0,0.0,0.0,0.0,0.0,0.0,0.0,0.0,0.0,0.0,0.0,2.004,2.004,-2.004,-2.004,-0.0,0.0,0.0,0.0,0.0,6621.0,-8608233472.0,0.0,0.0,-0.0,-0.0,-107616272.0,-0.0,0.0,2.004,2.004,228,-152017280434176.0,1.905696230688686e+17,0.0,0.0,0.0,0.0,0.0,0.0,0.0,0,0,0,-0.0,0.0,0.15,-4.327050235354258e+23,18960056320.0,0.0,-1.0388921739732627e+28,340312160.0,-1.4304167388512256e+16,-2.173381335533622e+22,-0.0,77214024.0,0.0,0.0,0.0,0.0,0,1.3516416376850534e+27,228,0.0,456,2.3398240911695988e+30,128985546752.0,2114,0,17110,0,17112,0,17096,0,0,0,101,100,100,0.0,64.1,0.0,64.5,0.0,64.5,1,49,50,180,52429,0,0,0,0.0,0.0,0.0,60.0,1.8484211031937647e+19,71.0,0.0,-0.0,0.0,1069,0,1070,0,0,0,1070,0,1080,0,1000,0,645,0,646,0,641,0,676,0.032,1.0625324586456702e+22,0.0,0.0,52624,16813,390615488.0,-0.0,-3.073235443979359e+22,3225583353856.0,-1.078444276318208e+16,8.181506416755124e+23,50.0,60.0,35,0.0,0.0,10.0,2.0,0.0,0.0,0.0,0.0,0.0,0.0,0.0,0.0,0.0,0.0,0.0,0.0,58.8,52,13,65511,27,65476,0,65476,0,0,4,20529,65476,0,0,30147,60.0,0.0,10.0,10.0,2.0,0.0
2026-02-16T12:16:28,ERR,ERR,ERR,ERR,ERR,ERR,ERR,ERR,ERR,ERR,ERR,ERR,ERR,ERR,ERR,ERR,ERR,ERR,ERR,ERR,ERR,ERR,ERR,ERR,ERR,ERR,ERR,ERR,ERR,ERR,ERR,ERR,ERR,ERR,ERR,ERR,ERR,ERR,ERR,ERR,ERR,ERR,ERR,ERR,ERR,ERR,ERR,ERR,ERR,ERR,ERR,ERR,ERR,ERR,ERR,ERR,ERR,ERR,ERR,ERR,ERR,ERR,ERR,ERR,ERR,ERR,ERR,ERR,ERR,ERR,ERR,ERR,ERR,ERR,ERR,ERR,ERR,ERR,ERR,ERR,ERR,ERR,ERR,ERR,ERR,ERR,ERR,ERR,ERR,ERR,ERR,ERR,ERR,ERR,ERR,ERR,ERR,ERR,ERR,ERR,ERR,ERR,ERR,ERR,ERR,ERR,ERR,ERR,ERR,ERR,ERR,ERR,ERR,ERR,ERR,ERR,ERR,ERR,ERR,ERR,ERR,ERR,ERR,ERR,ERR,0.0,-0.0,-0.0,0.0,-0.031,2.1833127597031344e+38,-0.003,-0.0,4300,0,8,17169,4300,0.0,48,0.0,0.0,0.0,0.0,2.7184166902131945e+23,0,0,0,0,0.0,0,0,0,0,0,0,0,0,0,0,0,0,0,0,0,0,0,0,0,0,0,0,0,0,0,0,0,0,0,0,0,0,0,8,36,36,44,65476,354,65476,1,0,4,21553,0.0,-0.0,0.0,0.0,0.0,0.0,0.0,0.0,0.0,0.0,0.0,0.0,0.0,0.0,0.0,0.0,0.0,0.0,0.0,0.0,0.0,2.004,3.697062548517736e+19,-2.004,-0.0,-0.0,0.0,0.0,0.0,0.0,6595.0,-0.0,0.0,0.0,-0.0,2.7184503771384073e+23,-2.7184509175703625e+23,0.0,0.0,2.004,2.004,229,0.0,89221.031,0.0,0.0,0.0,0.0,0.0,0.0,0.0,0,0,0,-0.0,0.0,0.002,4.229378850422784e+16,5960.43,-9.137528821754702e+33,-112.637,0.0,-0.0,-2.335712683382266e+22,-0.0,84029768.0,0.0,0.0,0.0,-4.8871717744966425e+35,0,1.3516416376850534e+27,229,0.0,458,0.0,-109185200.0,2114,0,17110,0,17112,0,17096,0,0,0,101,100,100,0.0,64.1,0.0,64.5,0.0,64.5,1,49,50,180,52429,0,0,0,0.0,0.0,0.0,60.0,1.8484211031937647e+19,71.0,0.0,-0.0,0.0,1069,0,1070,0,0,0,1070,0,1080,0,1000,0,645,0,646,0,641,0,676,0.032,1.0625324586456702e+22,0.0,0.0,52624,16813,390615488.0,-0.0,-3.073235443979359e+22,3225583353856.0,-1.078444276318208e+16,8.181506416755124e+23,50.0,60.0,35,0.0,0.0,10.0,2.0,0.0,0.0,0.0,0.0,0.0,0.0,0.0,0.0,0.0,0.0,0.0,0.0,58.8,52,13,65511,27,65476,0,65476,1,0,4,20529,65476,0,0,30147,60.0,0.0,10.0,10.0,2.0,0.0
2026-02-16T12:16:29,ERR,ERR,ERR,ERR,ERR,ERR,ERR,ERR,ERR,ERR,ERR,ERR,ERR,ERR,ERR,ERR,ERR,ERR,ERR,ERR,ERR,ERR,ERR,ERR,ERR,ERR,ERR,ERR,ERR,ERR,ERR,ERR,ERR,ERR,ERR,ERR,ERR,ERR,ERR,ERR,ERR,ERR,ERR,ERR,ERR,ERR,ERR,ERR,ERR,ERR,ERR,ERR,ERR,ERR,ERR,ERR,ERR,ERR,ERR,ERR,ERR,ERR,ERR,ERR,ERR,ERR,ERR,ERR,ERR,ERR,ERR,ERR,ERR,ERR,ERR,ERR,ERR,ERR,ERR,ERR,ERR,ERR,ERR,ERR,ERR,ERR,ERR,ERR,ERR,ERR,ERR,ERR,ERR,ERR,ERR,ERR,ERR,ERR,ERR,ERR,ERR,ERR,ERR,ERR,ERR,ERR,ERR,ERR,ERR,ERR,ERR,ERR,ERR,ERR,ERR,ERR,ERR,ERR,ERR,ERR,ERR,ERR,ERR,ERR,ERR,0.0,-0.0,-0.0,0.0,-0.031,2.1833127597031344e+38,-0.003,-0.0,4300,0,8,17169,4300,0.0,48,0.0,0.0,0.0,0.0,2.7184166902131945e+23,0,0,0,0,0.0,0,0,0,0,0,0,0,0,0,0,0,0,0,0,0,0,0,0,0,0,0,0,0,0,0,0,0,0,0,0,0,0,0,8,36,36,44,65476,354,65476,1,0,4,21553,0.0,-0.0,0.0,0.0,0.0,0.0,0.0,0.0,0.0,0.0,0.0,0.0,0.0,0.0,0.0,0.0,0.0,0.0,0.0,0.0,0.0,2.004,3.697062548517736e+19,-2.004,-0.0,-0.0,0.0,0.0,0.0,0.0,6595.0,-0.0,0.0,0.0,-0.0,2.7184503771384073e+23,-2.7184509175703625e+23,0.0,0.0,2.004,2.004,229,0.0,89221.031,0.0,0.0,0.0,0.0,0.0,0.0,0.0,0,0,0,-0.0,0.0,0.002,4.229378850422784e+16,5960.43,-9.137528821754702e+33,-112.637,0.0,-0.0,-2.335712683382266e+22,-0.0,84029768.0,0.0,0.0,0.0,-4.8871717744966425e+35,0,1.3516416376850534e+27,229,0.0,458,0.0,-109185200.0,2114,0,17110,0,17112,0,17096,0,0,0,101,100,100,0.0,64.1,0.0,64.5,0.0,64.5,1,49,50,180,52429,0,0,0,0.0,0.0,0.0,60.0,1.8484211031937647e+19,71.0,0.0,-0.0,0.0,1069,0,1070,0,0,0,1070,0,1080,0,1000,0,645,0,646,0,641,0,676,0.032,1.0625324586456702e+22,0.0,0.0,52624,16813,390615488.0,-0.0,-3.073235443979359e+22,3225583353856.0,-1.078444276318208e+16,8.181506416755124e+23,50.0,60.0,35,0.0,0.0,10.0,2.0,0.0,0.0,0.0,0.0,0.0,0.0,0.0,0.0,0.0,0.0,0.0,0.0,58.8,52,13,65511,27,65476,0,65476,1,0,4,20529,65476,0,0,30147,60.0,0.0,10.0,10.0,2.0,0.0
2026-02-16T12:16:30,ERR,ERR,ERR,ERR,ERR,ERR,ERR,ERR,ERR,ERR,ERR,ERR,ERR,ERR,ERR,ERR,ERR,ERR,ERR,ERR,ERR,ERR,ERR,ERR,ERR,ERR,ERR,ERR,ERR,ERR,ERR,ERR,ERR,ERR,ERR,ERR,ERR,ERR,ERR,ERR,ERR,ERR,ERR,ERR,ERR,ERR,ERR,ERR,ERR,ERR,ERR,ERR,ERR,ERR,ERR,ERR,ERR,ERR,ERR,ERR,ERR,ERR,ERR,ERR,ERR,ERR,ERR,ERR,ERR,ERR,ERR,ERR,ERR,ERR,ERR,ERR,ERR,ERR,ERR,ERR,ERR,ERR,ERR,ERR,ERR,ERR,ERR,ERR,ERR,ERR,ERR,ERR,ERR,ERR,ERR,ERR,ERR,ERR,ERR,ERR,ERR,ERR,ERR,ERR,ERR,ERR,ERR,ERR,ERR,ERR,ERR,ERR,ERR,ERR,ERR,ERR,ERR,ERR,ERR,ERR,ERR,ERR,ERR,ERR,ERR,0.0,-0.0,-0.0,0.0,-0.031,2.1833127597031344e+38,-0.003,-0.0,4300,0,8,17169,4300,0.0,48,0.0,0.0,0.0,0.0,2.7184166902131945e+23,0,0,0,0,0.0,0,0,0,0,0,0,0,0,0,0,0,0,0,0,0,0,0,0,0,0,0,0,0,0,0,0,0,0,0,0,0,0,0,8,36,36,44,65476,354,65476,1,0,4,21553,0.0,-0.0,0.0,0.0,0.0,0.0,0.0,0.0,0.0,0.0,0.0,0.0,0.0,0.0,0.0,0.0,0.0,0.0,0.0,0.0,0.0,2.004,3.697062548517736e+19,-2.004,-0.0,-0.0,0.0,0.0,0.0,0.0,6595.0,-0.0,0.0,0.0,-0.0,2.7184503771384073e+23,-2.7184509175703625e+23,0.0,0.0,2.004,2.004,229,0.0,89221.031,0.0,0.0,0.0,0.0,0.0,0.0,0.0,0,0,0,-0.0,0.0,0.002,4.229378850422784e+16,5960.43,-9.137528821754702e+33,-112.637,0.0,-0.0,-2.335712683382266e+22,-0.0,84029768.0,0.0,0.0,0.0,-4.8871717744966425e+35,0,1.3516416376850534e+27,229,0.0,458,0.0,-109185200.0,2114,0,17110,0,17112,0,17096,0,0,0,101,100,100,0.0,64.1,0.0,64.5,0.0,64.5,1,49,50,180,0,0,0,0,0.0,0.0,0.0,60.0,0.0,71.0,0.0,0.0,0.0,1069,0,1070,0,0,0,1070,0,1080,0,1000,0,645,0,647,0,641,0,676,0.032,1.0551537610161864e+22,0.0,0.0,51600,16813,0.0,0.0,-5.674234239671754e+22,3.5416835235222913e+19,-7224346279936.0,3.657069545887709e+21,50.0,60.0,35,0.0,0.0,10.0,2.0,0.0,0.0,0.0,0.0,0.0,0.0,0.0,0.0,0.0,0.0,0.0,0.0,58.8,52,13,65511,27,65476,76,65476,1,0,4,20529,65476,0,0,30147,60.0,0.0,10.0,10.0,2.0,0.0
2026-02-16T12:16:31,ERR,ERR,ERR,ERR,ERR,ERR,ERR,ERR,ERR,ERR,ERR,ERR,ERR,ERR,ERR,ERR,ERR,ERR,ERR,ERR,ERR,ERR,ERR,ERR,ERR,ERR,ERR,ERR,ERR,ERR,ERR,ERR,ERR,ERR,ERR,ERR,ERR,ERR,ERR,ERR,ERR,ERR,ERR,ERR,ERR,ERR,ERR,ERR,ERR,ERR,ERR,ERR,ERR,ERR,ERR,ERR,ERR,ERR,ERR,ERR,ERR,ERR,ERR,ERR,ERR,ERR,ERR,ERR,ERR,ERR,ERR,ERR,ERR,ERR,ERR,ERR,ERR,ERR,ERR,ERR,ERR,ERR,ERR,ERR,ERR,ERR,ERR,ERR,ERR,ERR,ERR,ERR,ERR,ERR,ERR,ERR,ERR,ERR,ERR,ERR,ERR,ERR,ERR,ERR,ERR,ERR,ERR,ERR,ERR,ERR,ERR,ERR,ERR,ERR,ERR,ERR,ERR,ERR,ERR,ERR,ERR,ERR,ERR,ERR,ERR,0.0,-0.0,-0.0,0.0,-0.031,2.1833127597031344e+38,-0.003,-0.0,4300,0,8,17169,4300,0.0,48,0.0,0.0,0.0,0.0,2.7184166902131945e+23,0,0,0,0,0.0,0,0,0,0,0,0,0,0,0,0,0,0,0,0,0,0,0,0,0,0,0,0,0,0,0,0,0,0,0,0,0,0,0,8,36,36,44,65476,354,65476,1,0,4,21553,0.0,-0.0,0.0,0.0,0.0,0.0,0.0,0.0,0.0,0.0,0.0,0.0,0.0,0.0,0.0,0.0,0.0,0.0,0.0,0.0,0.0,2.004,3.697062548517736e+19,-2.004,-0.0,-0.0,0.0,0.0,0.0,0.0,6595.0,-0.0,0.0,0.0,-0.0,2.7184503771384073e+23,-2.7184509175703625e+23,0.0,0.0,2.004,2.004,229,0.0,89221.031,0.0,0.0,0.0,0.0,0.0,0.0,0.0,0,0,0,-0.0,0.0,0.002,4.229378850422784e+16,5960.43,-9.137528821754702e+33,-112.637,0.0,-0.0,-2.335712683382266e+22,-0.0,84029768.0,0.0,0.0,0.0,-4.8871717744966425e+35,0,1.3516416376850534e+27,229,0.0,458,0.0,-109185200.0,2114,0,17110,0,17112,0,17096,0,0,0,101,100,100,0.0,64.1,0.0,64.5,0.0,64.5,1,49,50,180,0,0,0,0,0.0,0.0,0.0,60.0,0.0,71.0,0.0,0.0,0.0,1069,0,1070,0,0,0,1070,0,1080,0,1000,0,645,0,647,0,641,0,676,0.032,1.0551537610161864e+22,0.0,0.0,51600,16813,0.0,0.0,-5.674234239671754e+22,3.5416835235222913e+19,-7224346279936.0,3.657069545887709e+21,50.0,60.0,35,0.0,0.0,10.0,2.0,0.0,0.0,0.0,0.0,0.0,0.0,0.0,0.0,0.0,0.0,0.0,0.0,58.8,51,13,65512,27,65476,236,65476,1,0,4,20529,65476,0,0,30147,60.0,0.0,10.0,10.0,2.0,0.0
2026-02-16T12:16:32,ERR,ERR,ERR,ERR,ERR,ERR,ERR,ERR,ERR,ERR,ERR,ERR,ERR,ERR,ERR,ERR,ERR,ERR,ERR,ERR,ERR,ERR,ERR,ERR,ERR,ERR,ERR,ERR,ERR,ERR,ERR,ERR,ERR,ERR,ERR,ERR,ERR,ERR,ERR,ERR,ERR,ERR,ERR,ERR,ERR,ERR,ERR,ERR,ERR,ERR,ERR,ERR,ERR,ERR,ERR,ERR,ERR,ERR,ERR,ERR,ERR,ERR,ERR,ERR,ERR,ERR,ERR,ERR,ERR,ERR,ERR,ERR,ERR,ERR,ERR,ERR,ERR,ERR,ERR,ERR,ERR,ERR,ERR,ERR,ERR,ERR,ERR,ERR,ERR,ERR,ERR,ERR,ERR,ERR,ERR,ERR,ERR,ERR,ERR,ERR,ERR,ERR,ERR,ERR,ERR,ERR,ERR,ERR,ERR,ERR,ERR,ERR,ERR,ERR,ERR,ERR,ERR,ERR,ERR,ERR,ERR,ERR,ERR,ERR,ERR,0.0,-0.0,-0.0,0.0,-0.031,2.1833127597031344e+38,-0.003,-0.0,4300,0,8,17169,4300,0.0,48,0.0,0.0,0.0,0.0,2.7184166902131945e+23,0,0,0,0,0.0,0,0,0,0,0,0,0,0,0,0,0,0,0,0,0,0,0,0,0,0,0,0,0,0,0,0,0,0,0,0,0,0,0,8,36,36,44,65476,354,65476,1,0,4,21553,0.0,-0.0,0.0,0.0,0.0,0.0,0.0,0.0,0.0,0.0,0.0,0.0,0.0,0.0,0.0,0.0,0.0,0.0,0.0,0.0,0.0,2.004,3.697062548517736e+19,-2.004,-0.0,-0.0,0.0,0.0,0.0,0.0,6595.0,-0.0,0.0,0.0,-0.0,2.7184503771384073e+23,-2.7184509175703625e+23,0.0,0.0,2.004,2.004,229,0.0,89221.031,0.0,0.0,0.0,0.0,0.0,0.0,0.0,0,0,0,-0.0,0.0,0.002,4.229378850422784e+16,5960.43,-9.137528821754702e+33,-112.637,0.0,-0.0,-2.335712683382266e+22,-0.0,84029768.0,0.0,0.0,0.0,-4.8871717744966425e+35,0,1.3516416376850534e+27,229,0.0,458,0.0,-109185200.0,2114,0,17110,0,17112,0,17096,0,0,0,101,100,100,0.0,64.1,0.0,64.5,0.0,64.5,1,49,50,180,0,0,0,0,0.0,0.0,0.0,60.0,0.0,71.0,0.0,0.0,0.0,1069,0,1070,0,0,0,1070,0,1080,0,1000,0,645,0,647,0,641,0,676,0.032,1.0551537610161864e+22,0.0,0.0,51600,16813,0.0,0.0,-5.674234239671754e+22,3.5416835235222913e+19,-7224346279936.0,3.657069545887709e+21,50.0,60.0,35,0.0,0.0,10.0,2.0,0.0,0.0,0.0,0.0,0.0,0.0,0.0,0.0,0.0,0.0,0.0,0.0,58.8,51,13,65512,27,65476,236,65476,1,0,4,20529,65476,0,0,30147,60.0,0.0,10.0,10.0,2.0,0.0
2026-02-16T12:16:33,ERR,ERR,ERR,ERR,ERR,ERR,ERR,ERR,ERR,ERR,ERR,ERR,ERR,ERR,ERR,ERR,ERR,ERR,ERR,ERR,ERR,ERR,ERR,ERR,ERR,ERR,ERR,ERR,ERR,ERR,ERR,ERR,ERR,ERR,ERR,ERR,ERR,ERR,ERR,ERR,ERR,ERR,ERR,ERR,ERR,ERR,ERR,ERR,ERR,ERR,ERR,ERR,ERR,ERR,ERR,ERR,ERR,ERR,ERR,ERR,ERR,ERR,ERR,ERR,ERR,ERR,ERR,ERR,ERR,ERR,ERR,ERR,ERR,ERR,ERR,ERR,ERR,ERR,ERR,ERR,ERR,ERR,ERR,ERR,ERR,ERR,ERR,ERR,ERR,ERR,ERR,ERR,ERR,ERR,ERR,ERR,ERR,ERR,ERR,ERR,ERR,ERR,ERR,ERR,ERR,ERR,ERR,ERR,ERR,ERR,ERR,ERR,ERR,ERR,ERR,ERR,ERR,ERR,ERR,ERR,ERR,ERR,ERR,ERR,ERR,0.0,-0.0,0.0,0.0,0.0,1.8718665929911882e+36,-0.0,0.0,4300,0,8,17169,4300,0.0,48,0.0,0.0,0.0,0.0,2.7184166902131945e+23,0,0,0,0,0.0,0,0,0,0,0,0,0,0,0,0,0,0,0,0,0,0,0,0,0,0,0,0,0,0,0,0,0,0,0,0,0,0,0,8,36,36,44,65476,356,65476,1,0,4,21553,0.0,2.7183305813883192e+23,-0.0,0.0,0.0,0.0,0.0,0.0,0.0,0.0,0.0,0.0,0.0,0.0,0.0,0.0,0.0,0.0,0.0,0.0,0.0,2.004,3.697062548517736e+19,-2.004,-0.0,-2.004,0.0,0.0,0.0,0.0,6593.0,-0.0,0.0,0.0,-0.0,0.0,0.0,0.0,0.0,2.004,2.004,228,0.0,0.0,0.0,0.0,0.0,0.0,0.0,0.0,0.0,0,0,0,-0.0,0.0,75.632,-0.0,5008449536.0,3.157662581595572e+35,-0.0,0.0,-0.0,-2.5275588217488454e+22,-0.0,89796936.0,0.0,0.0,0.0,0.0,0,1.3516416376850534e+27,228,0.0,456,-621855232.0,86146.148,2114,0,17110,0,17112,0,17096,0,0,0,101,100,100,0.0,64.2,2.7302335952034594e+23,64.5,0.0,64.5,1,49,50,180,0,0,0,0,0.0,0.0,0.0,60.0,0.0,71.0,0.0,3.352445291773842e+30,0.0,1069,0,1070,0,0,0,1070,0,1080,0,1000,0,645,0,647,0,641,0,676,0.032,1.0551537610161864e+22,0.0,0.0,64144,16813,0.004,-468699512832.0,-15451851776.0,-0.0,-1.291,1393718067200.0,50.0,60.0,35,0.0,0.0,10.0,2.0,0.0,0.0,0.0,0.0,0.0,0.0,0.0,0.0,0.0,0.0,0.0,0.0,59.2,48,15,65514,27,65476,397,65476,1,0,4,20529,65476,0,0,30147,60.0,0.0,10.0,10.0,2.0,0.0
2026-02-16T12:16:34,ERR,ERR,ERR,ERR,ERR,ERR,ERR,ERR,ERR,ERR,ERR,ERR,ERR,ERR,ERR,ERR,ERR,ERR,ERR,ERR,ERR,ERR,ERR,ERR,ERR,ERR,ERR,ERR,ERR,ERR,ERR,ERR,ERR,ERR,ERR,ERR,ERR,ERR,ERR,ERR,ERR,ERR,ERR,ERR,ERR,ERR,ERR,ERR,ERR,ERR,ERR,ERR,ERR,ERR,ERR,ERR,ERR,ERR,ERR,ERR,ERR,ERR,ERR,ERR,ERR,ERR,ERR,ERR,ERR,ERR,ERR,ERR,ERR,ERR,ERR,ERR,ERR,ERR,ERR,ERR,ERR,ERR,ERR,ERR,ERR,ERR,ERR,ERR,ERR,ERR,ERR,ERR,ERR,ERR,ERR,ERR,ERR,ERR,ERR,ERR,ERR,ERR,ERR,ERR,ERR,ERR,ERR,ERR,ERR,ERR,ERR,ERR,ERR,ERR,ERR,ERR,ERR,ERR,ERR,ERR,ERR,ERR,ERR,ERR,ERR,0.0,-0.0,0.0,0.0,0.0,1.8718665929911882e+36,-0.0,0.0,4300,0,8,17169,4300,0.0,48,0.0,0.0,0.0,0.0,2.7184166902131945e+23,0,0,0,0,0.0,0,0,0,0,0,0,0,0,0,0,0,0,0,0,0,0,0,0,0,0,0,0,0,0,0,0,0,0,0,0,0,0,0,8,36,36,44,65476,356,65476,1,0,4,21553,0.0,2.7183305813883192e+23,-0.0,0.0,0.0,0.0,0.0,0.0,0.0,0.0,0.0,0.0,0.0,0.0,0.0,0.0,0.0,0.0,0.0,0.0,0.0,2.004,3.697062548517736e+19,-2.004,-0.0,-2.004,0.0,0.0,0.0,0.0,6593.0,-0.0,0.0,0.0,-0.0,0.0,0.0,0.0,0.0,2.004,2.004,228,0.0,0.0,0.0,0.0,0.0,0.0,0.0,0.0,0.0,0,0,0,-0.0,0.0,75.632,-0.0,5008449536.0,3.157662581595572e+35,-0.0,0.0,-0.0,-2.5275588217488454e+22,-0.0,89796936.0,0.0,0.0,0.0,0.0,0,1.3516416376850534e+27,228,0.0,456,-621855232.0,86146.148,2114,0,17110,0,17112,0,17096,0,0,0,101,100,100,0.0,64.2,2.7302335952034594e+23,64.5,0.0,64.5,1,49,50,180,0,0,0,0,0.0,0.0,0.0,60.0,0.0,71.0,0.0,3.352445291773842e+30,0.0,1069,0,1070,0,0,0,1070,0,1080,0,1000,0,645,0,647,0,641,0,676,0.032,1.0551537610161864e+22,0.0,0.0,64144,16813,0.004,-468699512832.0,-15451851776.0,-0.0,-1.291,1393718067200.0,50.0,60.0,35,0.0,0.0,10.0,2.0,0.0,0.0,0.0,0.0,0.0,0.0,0.0,0.0,0.0,0.0,0.0,0.0,59.2,48,15,65514,27,65476,397,65476,1,0,4,20529,65476,0,0,30147,60.0,0.0,10.0,10.0,2.0,0.0
2026-02-16T12:16:35,ERR,ERR,ERR,ERR,ERR,ERR,ERR,ERR,ERR,ERR,ERR,ERR,ERR,ERR,ERR,ERR,ERR,ERR,ERR,ERR,ERR,ERR,ERR,ERR,ERR,ERR,ERR,ERR,ERR,ERR,ERR,ERR,ERR,ERR,ERR,ERR,ERR,ERR,ERR,ERR,ERR,ERR,ERR,ERR,ERR,ERR,ERR,ERR,ERR,ERR,ERR,ERR,ERR,ERR,ERR,ERR,ERR,ERR,ERR,ERR,ERR,ERR,ERR,ERR,ERR,ERR,ERR,ERR,ERR,ERR,ERR,ERR,ERR,ERR,ERR,ERR,ERR,ERR,ERR,ERR,ERR,ERR,ERR,ERR,ERR,ERR,ERR,ERR,ERR,ERR,ERR,ERR,ERR,ERR,ERR,ERR,ERR,ERR,ERR,ERR,ERR,ERR,ERR,ERR,ERR,ERR,ERR,ERR,ERR,ERR,ERR,ERR,ERR,ERR,ERR,ERR,ERR,ERR,ERR,ERR,ERR,ERR,ERR,ERR,ERR,0.0,-0.0,0.0,0.0,0.0,1.8718665929911882e+36,-0.0,0.0,4300,0,8,17169,4300,0.0,48,0.0,0.0,0.0,0.0,2.7184166902131945e+23,0,0,0,0,0.0,0,0,0,0,0,0,0,0,0,0,0,0,0,0,0,0,0,0,0,0,0,0,0,0,0,0,0,0,0,0,0,0,0,8,36,36,44,65476,356,65476,1,0,4,21553,0.0,2.7183305813883192e+23,-0.0,0.0,0.0,0.0,0.0,0.0,0.0,0.0,0.0,0.0,0.0,0.0,0.0,0.0,0.0,0.0,0.0,0.0,0.0,2.004,3.697062548517736e+19,-2.004,-0.0,-2.004,0.0,0.0,0.0,0.0,6593.0,-0.0,0.0,0.0,-0.0,0.0,0.0,0.0,0.0,2.004,2.004,228,0.0,0.0,0.0,0.0,0.0,0.0,0.0,0.0,0.0,0,0,0,-0.0,0.0,75.632,-0.0,5008449536.0,3.157662581595572e+35,-0.0,0.0,-0.0,-2.5275588217488454e+22,-0.0,89796936.0,0.0,0.0,0.0,0.0,0,1.3516416376850534e+27,228,0.0,456,-621855232.0,86146.148,2114,0,17110,0,17112,0,17096,0,0,0,101,100,100,0.0,64.2,2.7302335952034594e+23,64.5,0.0,64.5,1,49,50,180,0,0,0,0,0.0,0.0,0.0,60.0,0.0,71.0,0.0,3.352445291773842e+30,0.0,1069,0,1070,0,0,0,1070,0,1080,0,1000,0,645,0,647,0,641,0,676,0.032,1.0551537610161864e+22,0.0,0.0,64144,16813,0.004,-468699512832.0,-15451851776.0,-0.0,-1.291,1393718067200.0,50.0,60.0,35,0.0,0.0,10.0,2.0,0.0,0.0,0.0,0.0,0.0,0.0,0.0,0.0,0.0,0.0,0.0,0.0,58.8,47,16,65515,27,65476,476,65476,1,0,4,20529,65476,0,0,30147,60.0,0.0,10.0,10.0,2.0,0.0
2026-02-16T12:16:36,ERR,ERR,ERR,ERR,ERR,ERR,ERR,ERR,ERR,ERR,ERR,ERR,ERR,ERR,ERR,ERR,ERR,ERR,ERR,ERR,ERR,ERR,ERR,ERR,ERR,ERR,ERR,ERR,ERR,ERR,ERR,ERR,ERR,ERR,ERR,ERR,ERR,ERR,ERR,ERR,ERR,ERR,ERR,ERR,ERR,ERR,ERR,ERR,ERR,ERR,ERR,ERR,ERR,ERR,ERR,ERR,ERR,ERR,ERR,ERR,ERR,ERR,ERR,ERR,ERR,ERR,ERR,ERR,ERR,ERR,ERR,ERR,ERR,ERR,ERR,ERR,ERR,ERR,ERR,ERR,ERR,ERR,ERR,ERR,ERR,ERR,ERR,ERR,ERR,ERR,ERR,ERR,ERR,ERR,ERR,ERR,ERR,ERR,ERR,ERR,ERR,ERR,ERR,ERR,ERR,ERR,ERR,ERR,ERR,ERR,ERR,ERR,ERR,ERR,ERR,ERR,ERR,ERR,ERR,ERR,ERR,ERR,ERR,ERR,ERR,0.0,-0.0,0.0,0.0,0.0,1.8718665929911882e+36,-0.0,0.0,4300,0,8,17169,4300,0.0,48,0.0,0.0,0.0,0.0,2.7184166902131945e+23,0,0,0,0,0.0,0,0,0,0,0,0,0,0,0,0,0,0,0,0,0,0,0,0,0,0,0,0,0,0,0,0,0,0,0,0,0,0,0,8,36,36,44,65476,356,65476,1,0,4,21553,0.0,2.7183305813883192e+23,-0.0,0.0,0.0,0.0,0.0,0.0,0.0,0.0,0.0,0.0,0.0,0.0,0.0,0.0,0.0,0.0,0.0,0.0,0.0,2.004,3.697062548517736e+19,-2.004,-0.0,-2.004,0.0,0.0,0.0,0.0,6593.0,-0.0,0.0,0.0,-0.0,0.0,0.0,0.0,0.0,2.004,2.004,228,0.0,0.0,0.0,0.0,0.0,0.0,0.0,0.0,0.0,0,0,0,-0.0,0.0,75.632,-0.0,5008449536.0,3.157662581595572e+35,-0.0,0.0,-0.0,-2.5275588217488454e+22,-0.0,89796936.0,0.0,0.0,0.0,0.0,0,1.3516416376850534e+27,228,0.0,456,-621855232.0,86146.148,2114,0,17110,0,17112,0,17096,0,0,0,101,100,100,0.0,64.1,0.0,64.5,0.0,64.5,1,49,50,180,0,0,0,0,0.0,0.0,0.0,60.0,937419472896.0,71.0,0.0,-4.058385931931877e+37,0.0,1070,0,1070,0,0,0,1070,0,1080,0,1000,0,645,0,647,0,641,0,676,0.032,1.0551537610161864e+22,0.0,0.0,57488,16813,569.04,-4.058385931931877e+37,0.0,nan,0.0,-0.0,50.0,60.0,35,0.0,0.0,10.0,2.0,0.0,0.0,0.0,0.0,0.0,0.0,0.0,0.0,0.0,0.0,0.0,0.0,58.8,45,17,65517,27,65476,634,65476,1,0,4,20529,65476,0,0,30147,60.0,0.0,10.0,10.0,2.0,0.0
2026-02-16T12:16:37,ERR,ERR,ERR,ERR,ERR,ERR,ERR,ERR,ERR,ERR,ERR,ERR,ERR,ERR,ERR,ERR,ERR,ERR,ERR,ERR,ERR,ERR,ERR,ERR,ERR,ERR,ERR,ERR,ERR,ERR,ERR,ERR,ERR,ERR,ERR,ERR,ERR,ERR,ERR,ERR,ERR,ERR,ERR,ERR,ERR,ERR,ERR,ERR,ERR,ERR,ERR,ERR,ERR,ERR,ERR,ERR,ERR,ERR,ERR,ERR,ERR,ERR,ERR,ERR,ERR,ERR,ERR,ERR,ERR,ERR,ERR,ERR,ERR,ERR,ERR,ERR,ERR,ERR,ERR,ERR,ERR,ERR,ERR,ERR,ERR,ERR,ERR,ERR,ERR,ERR,ERR,ERR,ERR,ERR,ERR,ERR,ERR,ERR,ERR,ERR,ERR,ERR,ERR,ERR,ERR,ERR,ERR,ERR,ERR,ERR,ERR,ERR,ERR,ERR,ERR,ERR,ERR,ERR,ERR,ERR,ERR,ERR,ERR,ERR,ERR,0.0,-0.0,0.0,0.0,0.0,1.8718665929911882e+36,-0.0,0.0,4300,0,8,17169,4300,0.0,48,0.0,0.0,0.0,0.0,2.7184166902131945e+23,0,0,0,0,0.0,0,0,0,0,0,0,0,0,0,0,0,0,0,0,0,0,0,0,0,0,0,0,0,0,0,0,0,0,0,0,0,0,0,8,36,36,44,65476,356,65476,1,0,4,21553,0.0,2.7183305813883192e+23,-0.0,0.0,0.0,0.0,0.0,0.0,0.0,0.0,0.0,0.0,0.0,0.0,0.0,0.0,0.0,0.0,0.0,0.0,0.0,2.004,3.697062548517736e+19,-2.004,-0.0,-2.004,0.0,0.0,0.0,0.0,6593.0,-0.0,0.0,0.0,-0.0,0.0,0.0,0.0,0.0,2.004,2.004,228,0.0,0.0,0.0,0.0,0.0,0.0,0.0,0.0,0.0,0,0,0,-0.0,0.0,75.632,-0.0,5008449536.0,3.157662581595572e+35,-0.0,0.0,-0.0,-2.5275588217488454e+22,-0.0,89796936.0,0.0,0.0,0.0,0.0,0,1.3516416376850534e+27,228,0.0,456,-621855232.0,86146.148,2114,0,17110,0,17112,0,17096,0,0,0,101,100,100,0.0,64.1,0.0,64.5,0.0,64.5,1,49,50,180,0,0,0,0,0.0,0.0,0.0,60.0,937419472896.0,71.0,0.0,-4.058385931931877e+37,0.0,1070,0,1070,0,0,0,1070,0,1080,0,1000,0,645,0,647,0,641,0,676,0.032,1.0551537610161864e+22,0.0,0.0,57488,16813,569.04,-4.058385931931877e+37,0.0,nan,0.0,-0.0,50.0,60.0,35,0.0,0.0,10.0,2.0,0.0,0.0,0.0,0.0,0.0,0.0,0.0,0.0,0.0,0.0,0.0,0.0,58.8,45,17,65517,27,65476,634,65476,1,0,4,20529,65476,0,0,30147,60.0,0.0,10.0,10.0,2.0,0.0
2026-02-16T12:16:38,ERR,ERR,ERR,ERR,ERR,ERR,ERR,ERR,ERR,ERR,ERR,ERR,ERR,ERR,ERR,ERR,ERR,ERR,ERR,ERR,ERR,ERR,ERR,ERR,ERR,ERR,ERR,ERR,ERR,ERR,ERR,ERR,ERR,ERR,ERR,ERR,ERR,ERR,ERR,ERR,ERR,ERR,ERR,ERR,ERR,ERR,ERR,ERR,ERR,ERR,ERR,ERR,ERR,ERR,ERR,ERR,ERR,ERR,ERR,ERR,ERR,ERR,ERR,ERR,ERR,ERR,ERR,ERR,ERR,ERR,ERR,ERR,ERR,ERR,ERR,ERR,ERR,ERR,ERR,ERR,ERR,ERR,ERR,ERR,ERR,ERR,ERR,ERR,ERR,ERR,ERR,ERR,ERR,ERR,ERR,ERR,ERR,ERR,ERR,ERR,ERR,ERR,ERR,ERR,ERR,ERR,ERR,ERR,ERR,ERR,ERR,ERR,ERR,ERR,ERR,ERR,ERR,ERR,ERR,ERR,ERR,ERR,ERR,ERR,ERR,0.0,-0.0,0.0,0.0,0.0,-0.0,6.471919461790983e+22,-3.3619247369331e+21,4300,0,8,17169,4300,0.0,48,0.0,0.0,0.0,0.0,2.7184166902131945e+23,0,0,0,0,0.0,0,0,0,0,0,0,0,0,0,0,0,0,0,0,0,0,0,0,0,0,0,0,0,0,0,0,0,0,0,0,0,0,0,9,36,36,44,65476,356,65476,1,0,4,21553,0.0,0.0,-0.0,0.0,0.0,0.0,0.0,0.0,0.0,0.0,0.0,0.0,0.0,0.0,0.0,0.0,0.0,0.0,0.0,0.0,0.0,2.004,2.004,-2.004,-0.0,0.0,0.0,0.0,0.0,0.0,6597.0,-0.0,0.0,0.0,-0.0,0.0,0.0,0.0,0.0,2.004,2.004,228,0.0,0.0,0.0,0.0,0.0,0.0,0.0,0.0,0.0,0,0,0,-0.0,0.0,0.0,-0.0,0.0,2.4114470161559792e+23,5.446787001080939e+33,-4.95853089731e+29,4264.782,-2.6898901695974894e+22,-0.0,96612680.0,0.0,0.0,0.0,0.0,0,1.3516416376850534e+27,228,0.0,456,0.0,2.7419744794320143e+23,2114,0,17110,0,17112,0,17096,0,0,0,101,100,100,0.0,64.1,0.0,64.5,0.0,64.5,1,49,50,180,0,0,0,0,0.0,0.0,0.0,60.0,937419472896.0,71.0,0.0,-4.058385931931877e+37,0.0,1070,0,1070,0,0,0,1070,0,1080,0,1000,0,645,0,647,0,641,0,676,0.032,1.0551537610161864e+22,0.0,0.0,57488,16813,569.04,-4.058385931931877e+37,0.0,nan,0.0,-0.0,50.0,60.0,35,0.0,0.0,10.0,2.0,0.0,0.0,0.0,0.0,0.0,0.0,0.0,0.0,0.0,0.0,0.0,0.0,58.8,44,18,65519,27,65476,714,65476,1,0,4,20529,65476,0,0,30147,60.0,0.0,10.0,10.0,2.0,0.0
2026-02-16T12:16:39,ERR,ERR,ERR,ERR,ERR,ERR,ERR,ERR,ERR,ERR,ERR,ERR,ERR,ERR,ERR,ERR,ERR,ERR,ERR,ERR,ERR,ERR,ERR,ERR,ERR,ERR,ERR,ERR,ERR,ERR,ERR,ERR,ERR,ERR,ERR,ERR,ERR,ERR,ERR,ERR,ERR,ERR,ERR,ERR,ERR,ERR,ERR,ERR,ERR,ERR,ERR,ERR,ERR,ERR,ERR,ERR,ERR,ERR,ERR,ERR,ERR,ERR,ERR,ERR,ERR,ERR,ERR,ERR,ERR,ERR,ERR,ERR,ERR,ERR,ERR,ERR,ERR,ERR,ERR,ERR,ERR,ERR,ERR,ERR,ERR,ERR,ERR,ERR,ERR,ERR,ERR,ERR,ERR,ERR,ERR,ERR,ERR,ERR,ERR,ERR,ERR,ERR,ERR,ERR,ERR,ERR,ERR,ERR,ERR,ERR,ERR,ERR,ERR,ERR,ERR,ERR,ERR,ERR,ERR,ERR,ERR,ERR,ERR,ERR,ERR,0.0,-0.0,0.0,0.0,0.0,-0.0,6.471919461790983e+22,-3.3619247369331e+21,4300,0,8,17169,4300,0.0,48,0.0,0.0,0.0,0.0,2.7184166902131945e+23,0,0,0,0,0.0,0,0,0,0,0,0,0,0,0,0,0,0,0,0,0,0,0,0,0,0,0,0,0,0,0,0,0,0,0,0,0,0,0,9,36,36,44,65476,356,65476,1,0,4,21553,0.0,0.0,-0.0,0.0,0.0,0.0,0.0,0.0,0.0,0.0,0.0,0.0,0.0,0.0,0.0,0.0,0.0,0.0,0.0,0.0,0.0,2.004,2.004,-2.004,-0.0,0.0,0.0,0.0,0.0,0.0,6597.0,-0.0,0.0,0.0,-0.0,0.0,0.0,0.0,0.0,2.004,2.004,228,0.0,0.0,0.0,0.0,0.0,0.0,0.0,0.0,0.0,0,0,0,-0.0,0.0,0.0,-0.0,0.0,2.4114470161559792e+23,5.446787001080939e+33,-4.95853089731e+29,4264.782,-2.6898901695974894e+22,-0.0,96612680.0,0.0,0.0,0.0,0.0,0,1.3516416376850534e+27,228,0.0,456,0.0,2.7419744794320143e+23,2114,0,17110,0,17112,0,17096,0,0,0,101,100,100,0.0,64.1,0.0,64.5,0.0,64.5,1,49,50,180,0,0,0,0,0.0,0.0,0.0,60.0,937419472896.0,71.0,0.0,-4.058385931931877e+37,0.0,1070,0,1070,0,0,0,1070,0,1080,0,1000,0,645,0,647,0,641,0,676,0.032,1.0551537610161864e+22,0.0,0.0,57488,16813,569.04,-4.058385931931877e+37,0.0,nan,0.0,-0.0,50.0,60.0,35,0.0,0.0,10.0,2.0,0.0,0.0,0.0,0.0,0.0,0.0,0.0,0.0,0.0,0.0,0.0,0.0,58.8,44,18,65519,27,65476,714,65476,1,0,4,20529,65476,0,0,30147,60.0,0.0,10.0,10.0,2.0,0.0
2026-02-16T12:16:40,ERR,ERR,ERR,ERR,ERR,ERR,ERR,ERR,ERR,ERR,ERR,ERR,ERR,ERR,ERR,ERR,ERR,ERR,ERR,ERR,ERR,ERR,ERR,ERR,ERR,ERR,ERR,ERR,ERR,ERR,ERR,ERR,ERR,ERR,ERR,ERR,ERR,ERR,ERR,ERR,ERR,ERR,ERR,ERR,ERR,ERR,ERR,ERR,ERR,ERR,ERR,ERR,ERR,ERR,ERR,ERR,ERR,ERR,ERR,ERR,ERR,ERR,ERR,ERR,ERR,ERR,ERR,ERR,ERR,ERR,ERR,ERR,ERR,ERR,ERR,ERR,ERR,ERR,ERR,ERR,ERR,ERR,ERR,ERR,ERR,ERR,ERR,ERR,ERR,ERR,ERR,ERR,ERR,ERR,ERR,ERR,ERR,ERR,ERR,ERR,ERR,ERR,ERR,ERR,ERR,ERR,ERR,ERR,ERR,ERR,ERR,ERR,ERR,ERR,ERR,ERR,ERR,ERR,ERR,ERR,ERR,ERR,ERR,ERR,ERR,0.0,-0.0,0.0,0.0,0.0,-0.0,6.471919461790983e+22,-3.3619247369331e+21,4300,0,8,17169,4300,0.0,48,0.0,0.0,0.0,0.0,2.7184166902131945e+23,0,0,0,0,0.0,0,0,0,0,0,0,0,0,0,0,0,0,0,0,0,0,0,0,0,0,0,0,0,0,0,0,0,0,0,0,0,0,0,9,36,36,44,65476,356,65476,1,0,4,21553,0.0,0.0,-0.0,0.0,0.0,0.0,0.0,0.0,0.0,0.0,0.0,0.0,0.0,0.0,0.0,0.0,0.0,0.0,0.0,0.0,0.0,2.004,2.004,-2.004,-0.0,0.0,0.0,0.0,0.0,0.0,6597.0,-0.0,0.0,0.0,-0.0,0.0,0.0,0.0,0.0,2.004,2.004,228,0.0,0.0,0.0,0.0,0.0,0.0,0.0,0.0,0.0,0,0,0,-0.0,0.0,0.0,-0.0,0.0,2.4114470161559792e+23,5.446787001080939e+33,-4.95853089731e+29,4264.782,-2.6898901695974894e+22,-0.0,96612680.0,0.0,0.0,0.0,0.0,0,1.3516416376850534e+27,228,0.0,456,0.0,2.7419744794320143e+23,2114,0,17110,0,17112,0,17096,0,0,0,101,100,100,0.0,64.1,0.0,64.5,0.0,64.5,1,49,50,180,52429,0,0,0,0.0,0.0,0.0,60.0,3700.16,71.0,0.0,3.2493269411916926e+34,0.0,1070,0,1070,0,0,0,1070,0,1080,0,1000,0,645,0,647,0,641,0,676,0.032,1.0625324586456702e+22,0.0,0.0,7312,16814,3700.16,3.2493269411916926e+34,9.605314178743941e+24,0.0,3.6404128198265253e+28,-13967243083776.0,50.0,60.0,35,0.0,0.0,10.0,2.0,0.0,0.0,0.0,0.0,0.0,0.0,0.0,0.0,0.0,0.0,0.0,0.0,58.8,40,21,65523,27,65476,812,65476,1,0,4,20529,65476,0,0,30147,60.0,0.0,10.0,10.0,2.0,0.0
2026-02-16T12:16:41,ERR,ERR,ERR,ERR,ERR,ERR,ERR,ERR,ERR,ERR,ERR,ERR,ERR,ERR,ERR,ERR,ERR,ERR,ERR,ERR,ERR,ERR,ERR,ERR,ERR,ERR,ERR,ERR,ERR,ERR,ERR,ERR,ERR,ERR,ERR,ERR,ERR,ERR,ERR,ERR,ERR,ERR,ERR,ERR,ERR,ERR,ERR,ERR,ERR,ERR,ERR,ERR,ERR,ERR,ERR,ERR,ERR,ERR,ERR,ERR,ERR,ERR,ERR,ERR,ERR,ERR,ERR,ERR,ERR,ERR,ERR,ERR,ERR,ERR,ERR,ERR,ERR,ERR,ERR,ERR,ERR,ERR,ERR,ERR,ERR,ERR,ERR,ERR,ERR,ERR,ERR,ERR,ERR,ERR,ERR,ERR,ERR,ERR,ERR,ERR,ERR,ERR,ERR,ERR,ERR,ERR,ERR,ERR,ERR,ERR,ERR,ERR,ERR,ERR,ERR,ERR,ERR,ERR,ERR,ERR,ERR,ERR,ERR,ERR,ERR,0.0,-0.0,0.0,0.0,0.0,-0.0,6.471919461790983e+22,-3.3619247369331e+21,4300,0,8,17169,4300,0.0,48,0.0,0.0,0.0,0.0,2.7184166902131945e+23,0,0,0,0,0.0,0,0,0,0,0,0,0,0,0,0,0,0,0,0,0,0,0,0,0,0,0,0,0,0,0,0,0,0,0,0,0,0,0,9,36,36,44,65476,356,65476,1,0,4,21553,0.0,0.0,-0.0,0.0,0.0,0.0,0.0,0.0,0.0,0.0,0.0,0.0,0.0,0.0,0.0,0.0,0.0,0.0,0.0,0.0,0.0,2.004,2.004,-2.004,-0.0,0.0,0.0,0.0,0.0,0.0,6597.0,-0.0,0.0,0.0,-0.0,0.0,0.0,0.0,0.0,2.004,2.004,228,0.0,0.0,0.0,0.0,0.0,0.0,0.0,0.0,0.0,0,0,0,-0.0,0.0,0.0,-0.0,0.0,2.4114470161559792e+23,5.446787001080939e+33,-4.95853089731e+29,4264.782,-2.6898901695974894e+22,-0.0,96612680.0,0.0,0.0,0.0,0.0,0,1.3516416376850534e+27,228,0.0,456,0.0,2.7419744794320143e+23,2114,0,17110,0,17112,0,17096,0,0,0,101,100,100,0.0,64.1,0.0,64.5,0.0,64.5,1,49,50,180,52429,0,0,0,0.0,0.0,0.0,60.0,3700.16,71.0,0.0,3.2493269411916926e+34,0.0,1070,0,1070,0,0,0,1070,0,1080,0,1000,0,645,0,647,0,641,0,676,0.032,1.0625324586456702e+22,0.0,0.0,7312,16814,3700.16,3.2493269411916926e+34,9.605314178743941e+24,0.0,3.6404128198265253e+28,-13967243083776.0,50.0,60.0,35,0.0,0.0,10.0,2.0,0.0,0.0,0.0,0.0,0.0,0.0,0.0,0.0,0.0,0.0,0.0,0.0,58.8,37,24,65526,27,65476,733,65476,1,0,4,20529,65476,0,0,30147,60.0,0.0,10.0,10.0,2.0,0.0
2026-02-16T12:16:42,ERR,ERR,ERR,ERR,ERR,ERR,ERR,ERR,ERR,ERR,ERR,ERR,ERR,ERR,ERR,ERR,ERR,ERR,ERR,ERR,ERR,ERR,ERR,ERR,ERR,ERR,ERR,ERR,ERR,ERR,ERR,ERR,ERR,ERR,ERR,ERR,ERR,ERR,ERR,ERR,ERR,ERR,ERR,ERR,ERR,ERR,ERR,ERR,ERR,ERR,ERR,ERR,ERR,ERR,ERR,ERR,ERR,ERR,ERR,ERR,ERR,ERR,ERR,ERR,ERR,ERR,ERR,ERR,ERR,ERR,ERR,ERR,ERR,ERR,ERR,ERR,ERR,ERR,ERR,ERR,ERR,ERR,ERR,ERR,ERR,ERR,ERR,ERR,ERR,ERR,ERR,ERR,ERR,ERR,ERR,ERR,ERR,ERR,ERR,ERR,ERR,ERR,ERR,ERR,ERR,ERR,ERR,ERR,ERR,ERR,ERR,ERR,ERR,ERR,ERR,ERR,ERR,ERR,ERR,ERR,ERR,ERR,ERR,ERR,ERR,0.0,-0.0,2.7420187948523476e+23,0.0,-0.0,-0.0,2.711344502530318e+26,7512074.5,4300,0,8,17169,4300,14723750821888.0,48,0.0,0.0,0.0,0.0,2.7184166902131945e+23,0,0,0,0,0.0,0,0,0,0,0,0,0,0,0,0,0,0,0,0,0,0,0,0,0,0,0,0,0,0,0,0,0,0,0,0,0,0,0,9,36,36,44,65476,355,65476,1,0,4,21553,0.0,-0.0,0.0,0.0,0.0,0.0,0.0,0.0,0.0,0.0,0.0,0.0,0.0,0.0,0.0,0.0,0.0,0.0,0.0,0.0,0.0,2.004,2.004,-2.004,3.697074863047967e+19,0.0,0.0,0.0,0.0,0.0,6596.0,2.004,0.0,0.0,-0.0,-107616240.0,107616280.0,-0.0,0.0,2.004,2.004,229,0.0,-5.848079055467333e+35,0.0,0.0,0.0,0.0,0.0,0.0,0.0,0,0,0,nan,-0.0,0.0,-8981082095484928.0,0.0,0.0,0.0,-1.338791349983444e+35,0.0,-2.8964937032230364e+22,-0.0,102904136.0,0.0,0.0,0.0,-1.929960126933776e+32,0,1.3516416376850534e+27,229,0.0,458,0.0,-0.0,2114,0,17110,0,17112,0,17096,0,0,0,101,100,100,0.0,64.1,0.0,64.5,0.0,64.5,1,49,50,180,52429,0,0,0,0.0,0.0,0.0,60.0,3700.16,71.0,0.0,3.2493269411916926e+34,0.0,1070,0,1070,0,0,0,1070,0,1080,0,1000,0,645,0,647,0,641,0,676,0.032,1.0625324586456702e+22,0.0,0.0,7312,16814,3700.16,3.2493269411916926e+34,9.605314178743941e+24,0.0,3.6404128198265253e+28,-13967243083776.0,50.0,60.0,35,0.0,0.0,10.0,2.0,0.0,0.0,0.0,0.0,0.0,0.0,0.0,0.0,0.0,0.0,0.0,0.0,58.8,37,24,65526,27,65476,733,65476,1,0,4,20529,65476,0,0,30147,60.0,0.0,10.0,10.0,2.0,0.0
2026-02-16T12:16:43,ERR,ERR,ERR,ERR,ERR,ERR,ERR,ERR,ERR,ERR,ERR,ERR,ERR,ERR,ERR,ERR,ERR,ERR,ERR,ERR,ERR,ERR,ERR,ERR,ERR,ERR,ERR,ERR,ERR,ERR,ERR,ERR,ERR,ERR,ERR,ERR,ERR,ERR,ERR,ERR,ERR,ERR,ERR,ERR,ERR,ERR,ERR,ERR,ERR,ERR,ERR,ERR,ERR,ERR,ERR,ERR,ERR,ERR,ERR,ERR,ERR,ERR,ERR,ERR,ERR,ERR,ERR,ERR,ERR,ERR,ERR,ERR,ERR,ERR,ERR,ERR,ERR,ERR,ERR,ERR,ERR,ERR,ERR,ERR,ERR,ERR,ERR,ERR,ERR,ERR,ERR,ERR,ERR,ERR,ERR,ERR,ERR,ERR,ERR,ERR,ERR,ERR,ERR,ERR,ERR,ERR,ERR,ERR,ERR,ERR,ERR,ERR,ERR,ERR,ERR,ERR,ERR,ERR,ERR,ERR,ERR,ERR,ERR,ERR,ERR,0.0,-0.0,2.7420187948523476e+23,0.0,-0.0,-0.0,2.711344502530318e+26,7512074.5,4300,0,8,17169,4300,14723750821888.0,48,0.0,0.0,0.0,0.0,2.7184166902131945e+23,0,0,0,0,0.0,0,0,0,0,0,0,0,0,0,0,0,0,0,0,0,0,0,0,0,0,0,0,0,0,0,0,0,0,0,0,0,0,0,9,36,36,44,65476,355,65476,1,0,4,21553,0.0,-0.0,0.0,0.0,0.0,0.0,0.0,0.0,0.0,0.0,0.0,0.0,0.0,0.0,0.0,0.0,0.0,0.0,0.0,0.0,0.0,2.004,2.004,-2.004,3.697074863047967e+19,0.0,0.0,0.0,0.0,0.0,6596.0,2.004,0.0,0.0,-0.0,-107616240.0,107616280.0,-0.0,0.0,2.004,2.004,229,0.0,-5.848079055467333e+35,0.0,0.0,0.0,0.0,0.0,0.0,0.0,0,0,0,nan,-0.0,0.0,-8981082095484928.0,0.0,0.0,0.0,-1.338791349983444e+35,0.0,-2.8964937032230364e+22,-0.0,102904136.0,0.0,0.0,0.0,-1.929960126933776e+32,0,1.3516416376850534e+27,229,0.0,458,0.0,-0.0,2114,0,17110,0,17112,0,17096,0,0,0,101,100,100,0.0,64.2,2.7302335952034594e+23,64.5,0.0,64.5,1,49,50,180,52429,0,0,0,0.0,0.0,0.0,60.0,1000488.875,71.0,0.0,1.4360285690132163e+35,0.0,1069,0,1070,0,0,0,1070,0,1080,0,1000,0,645,0,647,0,641,0,676,0.032,1.0551537610161864e+22,0.0,0.0,12304,16814,106976886784.0,-0.0,-0.0,1.16871681377357e+18,-0.013,0.0,50.0,60.0,35,0.0,0.0,10.0,2.0,0.0,0.0,0.0,0.0,0.0,0.0,0.0,0.0,0.0,0.0,0.0,0.0,58.8,34,26,65529,27,65476,729,65476,1,0,4,20529,65476,0,0,30147,60.0,0.0,10.0,10.0,2.0,0.0
2026-02-16T12:16:44,ERR,ERR,ERR,ERR,ERR,ERR,ERR,ERR,ERR,ERR,ERR,ERR,ERR,ERR,ERR,ERR,ERR,ERR,ERR,ERR,ERR,ERR,ERR,ERR,ERR,ERR,ERR,ERR,ERR,ERR,ERR,ERR,ERR,ERR,ERR,ERR,ERR,ERR,ERR,ERR,ERR,ERR,ERR,ERR,ERR,ERR,ERR,ERR,ERR,ERR,ERR,ERR,ERR,ERR,ERR,ERR,ERR,ERR,ERR,ERR,ERR,ERR,ERR,ERR,ERR,ERR,ERR,ERR,ERR,ERR,ERR,ERR,ERR,ERR,ERR,ERR,ERR,ERR,ERR,ERR,ERR,ERR,ERR,ERR,ERR,ERR,ERR,ERR,ERR,ERR,ERR,ERR,ERR,ERR,ERR,ERR,ERR,ERR,ERR,ERR,ERR,ERR,ERR,ERR,ERR,ERR,ERR,ERR,ERR,ERR,ERR,ERR,ERR,ERR,ERR,ERR,ERR,ERR,ERR,ERR,ERR,ERR,ERR,ERR,ERR,0.0,-0.0,2.7420187948523476e+23,0.0,-0.0,-0.0,2.711344502530318e+26,7512074.5,4300,0,8,17169,4300,14723750821888.0,48,0.0,0.0,0.0,0.0,2.7184166902131945e+23,0,0,0,0,0.0,0,0,0,0,0,0,0,0,0,0,0,0,0,0,0,0,0,0,0,0,0,0,0,0,0,0,0,0,0,0,0,0,0,9,36,36,44,65476,355,65476,1,0,4,21553,0.0,-0.0,0.0,0.0,0.0,0.0,0.0,0.0,0.0,0.0,0.0,0.0,0.0,0.0,0.0,0.0,0.0,0.0,0.0,0.0,0.0,2.004,2.004,-2.004,3.697074863047967e+19,0.0,0.0,0.0,0.0,0.0,6596.0,2.004,0.0,0.0,-0.0,-107616240.0,107616280.0,-0.0,0.0,2.004,2.004,229,0.0,-5.848079055467333e+35,0.0,0.0,0.0,0.0,0.0,0.0,0.0,0,0,0,nan,-0.0,0.0,-8981082095484928.0,0.0,0.0,0.0,-1.338791349983444e+35,0.0,-2.8964937032230364e+22,-0.0,102904136.0,0.0,0.0,0.0,-1.929960126933776e+32,0,1.3516416376850534e+27,229,0.0,458,0.0,-0.0,2114,0,17110,0,17112,0,17096,0,0,0,101,100,100,0.0,64.2,2.7302335952034594e+23,64.5,0.0,64.5,1,49,50,180,52429,0,0,0,0.0,0.0,0.0,60.0,1000488.875,71.0,0.0,1.4360285690132163e+35,0.0,1069,0,1070,0,0,0,1070,0,1080,0,1000,0,645,0,647,0,641,0,676,0.032,1.0551537610161864e+22,0.0,0.0,12304,16814,106976886784.0,-0.0,-0.0,1.16871681377357e+18,-0.013,0.0,50.0,60.0,35,0.0,0.0,10.0,2.0,0.0,0.0,0.0,0.0,0.0,0.0,0.0,0.0,0.0,0.0,0.0,0.0,58.8,34,26,65529,27,65476,729,65476,1,0,4,20529,65476,0,0,30147,60.0,0.0,10.0,10.0,2.0,0.0
2026-02-16T12:16:45,ERR,ERR,ERR,ERR,ERR,ERR,ERR,ERR,ERR,ERR,ERR,ERR,ERR,ERR,ERR,ERR,ERR,ERR,ERR,ERR,ERR,ERR,ERR,ERR,ERR,ERR,ERR,ERR,ERR,ERR,ERR,ERR,ERR,ERR,ERR,ERR,ERR,ERR,ERR,ERR,ERR,ERR,ERR,ERR,ERR,ERR,ERR,ERR,ERR,ERR,ERR,ERR,ERR,ERR,ERR,ERR,ERR,ERR,ERR,ERR,ERR,ERR,ERR,ERR,ERR,ERR,ERR,ERR,ERR,ERR,ERR,ERR,ERR,ERR,ERR,ERR,ERR,ERR,ERR,ERR,ERR,ERR,ERR,ERR,ERR,ERR,ERR,ERR,ERR,ERR,ERR,ERR,ERR,ERR,ERR,ERR,ERR,ERR,ERR,ERR,ERR,ERR,ERR,ERR,ERR,ERR,ERR,ERR,ERR,ERR,ERR,ERR,ERR,ERR,ERR,ERR,ERR,ERR,ERR,ERR,ERR,ERR,ERR,ERR,ERR,0.0,-0.0,2.7420187948523476e+23,0.0,-0.0,-0.0,2.711344502530318e+26,7512074.5,4300,0,8,17169,4300,14723750821888.0,48,0.0,0.0,0.0,0.0,2.7184166902131945e+23,0,0,0,0,0.0,0,0,0,0,0,0,0,0,0,0,0,0,0,0,0,0,0,0,0,0,0,0,0,0,0,0,0,0,0,0,0,0,0,9,36,36,44,65476,355,65476,1,0,4,21553,0.0,-0.0,0.0,0.0,0.0,0.0,0.0,0.0,0.0,0.0,0.0,0.0,0.0,0.0,0.0,0.0,0.0,0.0,0.0,0.0,0.0,2.004,2.004,-2.004,3.697074863047967e+19,0.0,0.0,0.0,0.0,0.0,6596.0,2.004,0.0,0.0,-0.0,-107616240.0,107616280.0,-0.0,0.0,2.004,2.004,229,0.0,-5.848079055467333e+35,0.0,0.0,0.0,0.0,0.0,0.0,0.0,0,0,0,nan,-0.0,0.0,-8981082095484928.0,0.0,0.0,0.0,-1.338791349983444e+35,0.0,-2.8964937032230364e+22,-0.0,102904136.0,0.0,0.0,0.0,-1.929960126933776e+32,0,1.3516416376850534e+27,229,0.0,458,0.0,-0.0,2114,0,17110,0,17112,0,17096,0,0,0,101,100,100,0.0,64.2,2.7302335952034594e+23,64.5,0.0,64.5,1,49,50,180,52429,0,0,0,0.0,0.0,0.0,60.0,1000488.875,71.0,0.0,1.4360285690132163e+35,0.0,1069,0,1070,0,0,0,1070,0,1080,0,1000,0,645,0,647,0,641,0,676,0.032,1.0551537610161864e+22,0.0,0.0,12304,16814,106976886784.0,-0.0,-0.0,1.16871681377357e+18,-0.013,0.0,50.0,60.0,35,0.0,0.0,10.0,2.0,0.0,0.0,0.0,0.0,0.0,0.0,0.0,0.0,0.0,0.0,0.0,0.0,58.8,30,29,65532,27,65476,652,65476,1,0,4,20529,65476,0,0,30147,60.0,0.0,10.0,10.0,2.0,0.0
2026-02-16T12:16:46,ERR,ERR,ERR,ERR,ERR,ERR,ERR,ERR,ERR,ERR,ERR,ERR,ERR,ERR,ERR,ERR,ERR,ERR,ERR,ERR,ERR,ERR,ERR,ERR,ERR,ERR,ERR,ERR,ERR,ERR,ERR,ERR,ERR,ERR,ERR,ERR,ERR,ERR,ERR,ERR,ERR,ERR,ERR,ERR,ERR,ERR,ERR,ERR,ERR,ERR,ERR,ERR,ERR,ERR,ERR,ERR,ERR,ERR,ERR,ERR,ERR,ERR,ERR,ERR,ERR,ERR,ERR,ERR,ERR,ERR,ERR,ERR,ERR,ERR,ERR,ERR,ERR,ERR,ERR,ERR,ERR,ERR,ERR,ERR,ERR,ERR,ERR,ERR,ERR,ERR,ERR,ERR,ERR,ERR,ERR,ERR,ERR,ERR,ERR,ERR,ERR,ERR,ERR,ERR,ERR,ERR,ERR,ERR,ERR,ERR,ERR,ERR,ERR,ERR,ERR,ERR,ERR,ERR,ERR,ERR,ERR,ERR,ERR,ERR,ERR,0.0,-0.0,2.7420187948523476e+23,0.0,-0.0,-0.0,2.711344502530318e+26,7512074.5,4300,0,8,17169,4300,14723750821888.0,48,0.0,0.0,0.0,0.0,2.7184166902131945e+23,0,0,0,0,0.0,0,0,0,0,0,0,0,0,0,0,0,0,0,0,0,0,0,0,0,0,0,0,0,0,0,0,0,0,0,0,0,0,0,9,36,36,44,65476,355,65476,1,0,4,21553,0.0,-0.0,0.0,0.0,0.0,0.0,0.0,0.0,0.0,0.0,0.0,0.0,0.0,0.0,0.0,0.0,0.0,0.0,0.0,0.0,0.0,2.004,2.004,-2.004,3.697074863047967e+19,0.0,0.0,0.0,0.0,0.0,6596.0,2.004,0.0,0.0,-0.0,-107616240.0,107616280.0,-0.0,0.0,2.004,2.004,229,0.0,-5.848079055467333e+35,0.0,0.0,0.0,0.0,0.0,0.0,0.0,0,0,0,nan,-0.0,0.0,-8981082095484928.0,0.0,0.0,0.0,-1.338791349983444e+35,0.0,-2.8964937032230364e+22,-0.0,102904136.0,0.0,0.0,0.0,-1.929960126933776e+32,0,1.3516416376850534e+27,229,0.0,458,0.0,-0.0,2114,0,17110,0,17112,0,17096,0,0,0,101,100,100,0.0,64.2,2.7302335952034594e+23,64.5,0.0,64.5,1,49,50,180,52429,0,0,0,0.0,0.0,0.0,60.0,1000488.875,71.0,0.0,1.4360285690132163e+35,0.0,1069,0,1070,0,0,0,1070,0,1080,0,1000,0,645,0,647,0,641,0,676,0.032,1.0551537610161864e+22,0.0,0.0,12304,16814,106976886784.0,-0.0,-0.0,1.16871681377357e+18,-0.013,0.0,50.0,60.0,35,0.0,0.0,10.0,2.0,0.0,0.0,0.0,0.0,0.0,0.0,0.0,0.0,0.0,0.0,0.0,0.0,58.8,27,33,0,27,65476,652,65476,1,0,4,20529,65476,0,0,30147,60.0,0.0,10.0,10.0,2.0,0.0
2026-02-16T12:16:47,ERR,ERR,ERR,ERR,ERR,ERR,ERR,ERR,ERR,ERR,ERR,ERR,ERR,ERR,ERR,ERR,ERR,ERR,ERR,ERR,ERR,ERR,ERR,ERR,ERR,ERR,ERR,ERR,ERR,ERR,ERR,ERR,ERR,ERR,ERR,ERR,ERR,ERR,ERR,ERR,ERR,ERR,ERR,ERR,ERR,ERR,ERR,ERR,ERR,ERR,ERR,ERR,ERR,ERR,ERR,ERR,ERR,ERR,ERR,ERR,ERR,ERR,ERR,ERR,ERR,ERR,ERR,ERR,ERR,ERR,ERR,ERR,ERR,ERR,ERR,ERR,ERR,ERR,ERR,ERR,ERR,ERR,ERR,ERR,ERR,ERR,ERR,ERR,ERR,ERR,ERR,ERR,ERR,ERR,ERR,ERR,ERR,ERR,ERR,ERR,ERR,ERR,ERR,ERR,ERR,ERR,ERR,ERR,ERR,ERR,ERR,ERR,ERR,ERR,ERR,ERR,ERR,ERR,ERR,ERR,ERR,ERR,ERR,ERR,ERR,0.0,-0.0,2.7184069624379994e+23,0.0,-0.0,4688464683466752.0,-176391241728.0,-0.0,4300,0,8,17169,4300,14723750821888.0,49,0.0,0.0,0.0,0.0,2.7184166902131945e+23,0,0,0,0,0.0,0,0,0,0,0,0,0,0,0,0,0,0,0,0,0,0,0,0,0,0,0,0,0,0,0,0,0,0,0,0,0,0,0,9,35,35,44,65476,363,65476,1,0,4,21553,0.0,-0.0,2.4190223327698277e+30,0.0,0.0,0.0,0.0,0.0,0.0,0.0,0.0,0.0,0.0,0.0,0.0,0.0,0.0,0.0,0.0,0.0,0.0,2.004,3.697062548517736e+19,-3.6970818999223845e+19,2.004,3.697077062071222e+19,0.0,0.0,0.0,0.0,6570.0,-8608232448.0,0.0,0.0,-0.0,-107616240.0,-0.0,0.0,0.0,2.004,2.004,228,89220.57,-0.0,0.0,0.0,0.0,0.0,0.0,0.0,0.0,0,0,0,-0.0,-0.001,0.0,0.0,334363.5,0.002,-228876512.0,-1.8985685301488554e+25,0.0,-3.0883398415896157e+22,-0.0,110244168.0,0.0,0.0,0.0,2409425534976.0,0,1.3516416376850534e+27,228,0.0,456,0.0,-0.0,2114,0,17110,0,17112,0,17096,0,0,0,101,100,100,0.0,64.2,2.7302335952034594e+23,64.5,0.0,64.5,1,49,50,180,52429,0,0,0,0.0,0.0,0.0,60.0,41408847872.0,71.0,0.0,-1.137109126744314e+33,0.0,1069,0,1069,0,0,0,1070,0,1080,0,1000,0,645,0,647,0,641,0,676,0.032,1.0625324586456702e+22,0.0,0.0,12944,16814,41408847872.0,-1.137109126744314e+33,-1.7496419700499743e+24,-5144.116,0.0,14.891,50.0,60.0,35,0.0,0.0,10.0,2.0,0.0,0.0,0.0,0.0,0.0,0.0,0.0,0.0,0.0,0.0,0.0,0.0,58.8,27,33,0,27,65476,652,65476,1,0,4,20529,65476,0,0,30147,60.0,0.0,10.0,10.0,2.0,0.0
2026-02-16T12:16:48,ERR,ERR,ERR,ERR,ERR,ERR,ERR,ERR,ERR,ERR,ERR,ERR,ERR,ERR,ERR,ERR,ERR,ERR,ERR,ERR,ERR,ERR,ERR,ERR,ERR,ERR,ERR,ERR,ERR,ERR,ERR,ERR,ERR,ERR,ERR,ERR,ERR,ERR,ERR,ERR,ERR,ERR,ERR,ERR,ERR,ERR,ERR,ERR,ERR,ERR,ERR,ERR,ERR,ERR,ERR,ERR,ERR,ERR,ERR,ERR,ERR,ERR,ERR,ERR,ERR,ERR,ERR,ERR,ERR,ERR,ERR,ERR,ERR,ERR,ERR,ERR,ERR,ERR,ERR,ERR,ERR,ERR,ERR,ERR,ERR,ERR,ERR,ERR,ERR,ERR,ERR,ERR,ERR,ERR,ERR,ERR,ERR,ERR,ERR,ERR,ERR,ERR,ERR,ERR,ERR,ERR,ERR,ERR,ERR,ERR,ERR,ERR,ERR,ERR,ERR,ERR,ERR,ERR,ERR,ERR,ERR,ERR,ERR,ERR,ERR,0.0,-0.0,2.7184069624379994e+23,0.0,-0.0,4688464683466752.0,-176391241728.0,-0.0,4300,0,8,17169,4300,14723750821888.0,49,0.0,0.0,0.0,0.0,2.7184166902131945e+23,0,0,0,0,0.0,0,0,0,0,0,0,0,0,0,0,0,0,0,0,0,0,0,0,0,0,0,0,0,0,0,0,0,0,0,0,0,0,0,9,35,35,44,65476,363,65476,1,0,4,21553,0.0,-0.0,2.4190223327698277e+30,0.0,0.0,0.0,0.0,0.0,0.0,0.0,0.0,0.0,0.0,0.0,0.0,0.0,0.0,0.0,0.0,0.0,0.0,2.004,3.697062548517736e+19,-3.6970818999223845e+19,2.004,3.697077062071222e+19,0.0,0.0,0.0,0.0,6570.0,-8608232448.0,0.0,0.0,-0.0,-107616240.0,-0.0,0.0,0.0,2.004,2.004,228,89220.57,-0.0,0.0,0.0,0.0,0.0,0.0,0.0,0.0,0,0,0,-0.0,-0.001,0.0,0.0,334363.5,0.002,-228876512.0,-1.8985685301488554e+25,0.0,-3.0883398415896157e+22,-0.0,110244168.0,0.0,0.0,0.0,2409425534976.0,0,1.3516416376850534e+27,228,0.0,456,0.0,-0.0,2114,0,17110,0,17112,0,17096,0,0,0,101,100,100,0.0,64.2,2.7302335952034594e+23,64.5,0.0,64.5,1,49,50,180,52429,0,0,0,0.0,0.0,0.0,60.0,41408847872.0,71.0,0.0,-1.137109126744314e+33,0.0,1069,0,1069,0,0,0,1070,0,1080,0,1000,0,645,0,647,0,641,0,676,0.032,1.0625324586456702e+22,0.0,0.0,12944,16814,41408847872.0,-1.137109126744314e+33,-1.7496419700499743e+24,-5144.116,0.0,14.891,50.0,60.0,35,0.0,0.0,10.0,2.0,0.0,0.0,0.0,0.0,0.0,0.0,0.0,0.0,0.0,0.0,0.0,0.0,58.8,24,36,3,27,65476,531,65476,1,0,4,20529,65476,0,0,30147,60.0,0.0,10.0,10.0,2.0,0.0
2026-02-16T12:16:49,ERR,ERR,ERR,ERR,ERR,ERR,ERR,ERR,ERR,ERR,ERR,ERR,ERR,ERR,ERR,ERR,ERR,ERR,ERR,ERR,ERR,ERR,ERR,ERR,ERR,ERR,ERR,ERR,ERR,ERR,ERR,ERR,ERR,ERR,ERR,ERR,ERR,ERR,ERR,ERR,ERR,ERR,ERR,ERR,ERR,ERR,ERR,ERR,ERR,ERR,ERR,ERR,ERR,ERR,ERR,ERR,ERR,ERR,ERR,ERR,ERR,ERR,ERR,ERR,ERR,ERR,ERR,ERR,ERR,ERR,ERR,ERR,ERR,ERR,ERR,ERR,ERR,ERR,ERR,ERR,ERR,ERR,ERR,ERR,ERR,ERR,ERR,ERR,ERR,ERR,ERR,ERR,ERR,ERR,ERR,ERR,ERR,ERR,ERR,ERR,ERR,ERR,ERR,ERR,ERR,ERR,ERR,ERR,ERR,ERR,ERR,ERR,ERR,ERR,ERR,ERR,ERR,ERR,ERR,ERR,ERR,ERR,ERR,ERR,ERR,0.0,-0.0,2.7184069624379994e+23,0.0,-0.0,4688464683466752.0,-176391241728.0,-0.0,4300,0,8,17169,4300,14723750821888.0,49,0.0,0.0,0.0,0.0,2.7184166902131945e+23,0,0,0,0,0.0,0,0,0,0,0,0,0,0,0,0,0,0,0,0,0,0,0,0,0,0,0,0,0,0,0,0,0,0,0,0,0,0,0,9,35,35,44,65476,363,65476,1,0,4,21553,0.0,-0.0,2.4190223327698277e+30,0.0,0.0,0.0,0.0,0.0,0.0,0.0,0.0,0.0,0.0,0.0,0.0,0.0,0.0,0.0,0.0,0.0,0.0,2.004,3.697062548517736e+19,-3.6970818999223845e+19,2.004,3.697077062071222e+19,0.0,0.0,0.0,0.0,6570.0,-8608232448.0,0.0,0.0,-0.0,-107616240.0,-0.0,0.0,0.0,2.004,2.004,228,89220.57,-0.0,0.0,0.0,0.0,0.0,0.0,0.0,0.0,0,0,0,-0.0,-0.001,0.0,0.0,334363.5,0.002,-228876512.0,-1.8985685301488554e+25,0.0,-3.0883398415896157e+22,-0.0,110244168.0,0.0,0.0,0.0,2409425534976.0,0,1.3516416376850534e+27,228,0.0,456,0.0,-0.0,2114,0,17110,0,17112,0,17096,0,0,0,101,100,100,0.0,64.2,2.7302335952034594e+23,64.5,0.0,64.5,1,49,50,180,52429,0,0,0,0.0,0.0,0.0,60.0,41408847872.0,71.0,0.0,-1.137109126744314e+33,0.0,1069,0,1069,0,0,0,1070,0,1080,0,1000,0,645,0,647,0,641,0,676,0.032,1.0625324586456702e+22,0.0,0.0,12944,16814,41408847872.0,-1.137109126744314e+33,-1.7496419700499743e+24,-5144.116,0.0,14.891,50.0,60.0,35,0.0,0.0,10.0,2.0,0.0,0.0,0.0,0.0,0.0,0.0,0.0,0.0,0.0,0.0,0.0,0.0,58.8,24,36,3,27,65476,531,65476,1,0,4,20529,65476,0,0,30147,60.0,0.0,10.0,10.0,2.0,0.0
2026-02-16T12:16:50,ERR,ERR,ERR,ERR,ERR,ERR,ERR,ERR,ERR,ERR,ERR,ERR,ERR,ERR,ERR,ERR,ERR,ERR,ERR,ERR,ERR,ERR,ERR,ERR,ERR,ERR,ERR,ERR,ERR,ERR,ERR,ERR,ERR,ERR,ERR,ERR,ERR,ERR,ERR,ERR,ERR,ERR,ERR,ERR,ERR,ERR,ERR,ERR,ERR,ERR,ERR,ERR,ERR,ERR,ERR,ERR,ERR,ERR,ERR,ERR,ERR,ERR,ERR,ERR,ERR,ERR,ERR,ERR,ERR,ERR,ERR,ERR,ERR,ERR,ERR,ERR,ERR,ERR,ERR,ERR,ERR,ERR,ERR,ERR,ERR,ERR,ERR,ERR,ERR,ERR,ERR,ERR,ERR,ERR,ERR,ERR,ERR,ERR,ERR,ERR,ERR,ERR,ERR,ERR,ERR,ERR,ERR,ERR,ERR,ERR,ERR,ERR,ERR,ERR,ERR,ERR,ERR,ERR,ERR,ERR,ERR,ERR,ERR,ERR,ERR,0.0,-0.0,2.7184069624379994e+23,0.0,-0.0,4688464683466752.0,-176391241728.0,-0.0,4300,0,8,17169,4300,14723750821888.0,49,0.0,0.0,0.0,0.0,2.7184166902131945e+23,0,0,0,0,0.0,0,0,0,0,0,0,0,0,0,0,0,0,0,0,0,0,0,0,0,0,0,0,0,0,0,0,0,0,0,0,0,0,0,9,35,35,44,65476,363,65476,1,0,4,21553,0.0,-0.0,2.4190223327698277e+30,0.0,0.0,0.0,0.0,0.0,0.0,0.0,0.0,0.0,0.0,0.0,0.0,0.0,0.0,0.0,0.0,0.0,0.0,2.004,3.697062548517736e+19,-3.6970818999223845e+19,2.004,3.697077062071222e+19,0.0,0.0,0.0,0.0,6570.0,-8608232448.0,0.0,0.0,-0.0,-107616240.0,-0.0,0.0,0.0,2.004,2.004,228,89220.57,-0.0,0.0,0.0,0.0,0.0,0.0,0.0,0.0,0,0,0,-0.0,-0.001,0.0,0.0,334363.5,0.002,-228876512.0,-1.8985685301488554e+25,0.0,-3.0883398415896157e+22,-0.0,110244168.0,0.0,0.0,0.0,2409425534976.0,0,1.3516416376850534e+27,228,0.0,456,0.0,-0.0,2114,0,17110,0,17112,0,17096,0,0,0,101,100,100,0.0,64.2,2.7302335952034594e+23,64.5,0.0,64.5,1,49,50,180,52429,0,0,0,0.0,0.0,0.0,60.0,4.256268421018772e+23,71.0,0.0,-0.0,0.0,1069,0,1070,0,0,0,1070,0,1080,0,1000,0,645,0,647,0,642,0,676,0.032,1.0551537610161864e+22,0.0,0.0,11280,16814,352415421300736.0,2.7790042395190154e+37,-0.0,nan,-0.0,0.0,50.0,60.0,35,0.0,0.0,10.0,2.0,0.0,0.0,0.0,0.0,0.0,0.0,0.0,0.0,0.0,0.0,0.0,0.0,58.8,23,37,4,27,65476,531,65476,1,0,4,20529,65476,0,0,30147,60.0,0.0,10.0,10.0,2.0,0.0
2026-02-16T12:16:51,ERR,ERR,ERR,ERR,ERR,ERR,ERR,ERR,ERR,ERR,ERR,ERR,ERR,ERR,ERR,ERR,ERR,ERR,ERR,ERR,ERR,ERR,ERR,ERR,ERR,ERR,ERR,ERR,ERR,ERR,ERR,ERR,ERR,ERR,ERR,ERR,ERR,ERR,ERR,ERR,ERR,ERR,ERR,ERR,ERR,ERR,ERR,ERR,ERR,ERR,ERR,ERR,ERR,ERR,ERR,ERR,ERR,ERR,ERR,ERR,ERR,ERR,ERR,ERR,ERR,ERR,ERR,ERR,ERR,ERR,ERR,ERR,ERR,ERR,ERR,ERR,ERR,ERR,ERR,ERR,ERR,ERR,ERR,ERR,ERR,ERR,ERR,ERR,ERR,ERR,ERR,ERR,ERR,ERR,ERR,ERR,ERR,ERR,ERR,ERR,ERR,ERR,ERR,ERR,ERR,ERR,ERR,ERR,ERR,ERR,ERR,ERR,ERR,ERR,ERR,ERR,ERR,ERR,ERR,ERR,ERR,ERR,ERR,ERR,ERR,0.0,-0.0,2.7184069624379994e+23,0.0,-0.0,4688464683466752.0,-176391241728.0,-0.0,4300,0,8,17169,4300,14723750821888.0,49,0.0,0.0,0.0,0.0,2.7184166902131945e+23,0,0,0,0,0.0,0,0,0,0,0,0,0,0,0,0,0,0,0,0,0,0,0,0,0,0,0,0,0,0,0,0,0,0,0,0,0,0,0,9,35,35,44,65476,363,65476,1,0,4,21553,0.0,-0.0,2.4190223327698277e+30,0.0,0.0,0.0,0.0,0.0,0.0,0.0,0.0,0.0,0.0,0.0,0.0,0.0,0.0,0.0,0.0,0.0,0.0,2.004,3.697062548517736e+19,-3.6970818999223845e+19,2.004,3.697077062071222e+19,0.0,0.0,0.0,0.0,6570.0,-8608232448.0,0.0,0.0,-0.0,-107616240.0,-0.0,0.0,0.0,2.004,2.004,228,89220.57,-0.0,0.0,0.0,0.0,0.0,0.0,0.0,0.0,0,0,0,-0.0,-0.001,0.0,0.0,334363.5,0.002,-228876512.0,-1.8985685301488554e+25,0.0,-3.0883398415896157e+22,-0.0,110244168.0,0.0,0.0,0.0,2409425534976.0,0,1.3516416376850534e+27,228,0.0,456,0.0,-0.0,2114,0,17110,0,17112,0,17096,0,0,0,101,100,100,0.0,64.2,2.7302335952034594e+23,64.5,0.0,64.5,1,49,50,180,52429,0,0,0,0.0,0.0,0.0,60.0,4.256268421018772e+23,71.0,0.0,-0.0,0.0,1069,0,1070,0,0,0,1070,0,1080,0,1000,0,645,0,647,0,642,0,676,0.032,1.0551537610161864e+22,0.0,0.0,11280,16814,352415421300736.0,2.7790042395190154e+37,-0.0,nan,-0.0,0.0,50.0,60.0,35,0.0,0.0,10.0,2.0,0.0,0.0,0.0,0.0,0.0,0.0,0.0,0.0,0.0,0.0,0.0,0.0,58.8,22,38,5,27,65476,446,65476,1,0,4,20529,65476,0,0,30147,60.0,0.0,10.0,10.0,2.0,0.0
2026-02-16T12:16:52,ERR,ERR,ERR,ERR,ERR,ERR,ERR,ERR,ERR,ERR,ERR,ERR,ERR,ERR,ERR,ERR,ERR,ERR,ERR,ERR,ERR,ERR,ERR,ERR,ERR,ERR,ERR,ERR,ERR,ERR,ERR,ERR,ERR,ERR,ERR,ERR,ERR,ERR,ERR,ERR,ERR,ERR,ERR,ERR,ERR,ERR,ERR,ERR,ERR,ERR,ERR,ERR,ERR,ERR,ERR,ERR,ERR,ERR,ERR,ERR,ERR,ERR,ERR,ERR,ERR,ERR,ERR,ERR,ERR,ERR,ERR,ERR,ERR,ERR,ERR,ERR,ERR,ERR,ERR,ERR,ERR,ERR,ERR,ERR,ERR,ERR,ERR,ERR,ERR,ERR,ERR,ERR,ERR,ERR,ERR,ERR,ERR,ERR,ERR,ERR,ERR,ERR,ERR,ERR,ERR,ERR,ERR,ERR,ERR,ERR,ERR,ERR,ERR,ERR,ERR,ERR,ERR,ERR,ERR,ERR,ERR,ERR,ERR,ERR,ERR,0.0,-0.0,-107090032.0,0.0,-3.160207272547048e+29,6168713.0,-0.0,0.0,4300,0,8,17173,4300,-0.0,49,0.0,0.0,0.0,0.0,2.7184166902131945e+23,0,0,0,0,0.0,0,0,0,0,0,0,0,0,0,0,0,0,0,0,0,0,0,0,0,0,0,0,0,0,0,0,0,0,0,0,0,0,0,9,35,35,45,65476,363,65476,1,0,4,21553,0.0,0.0,-4.908651373571338e+29,0.0,0.0,0.0,0.0,0.0,0.0,0.0,0.0,0.0,0.0,0.0,0.0,0.0,0.0,0.0,0.0,0.0,0.0,2.004,2.004,-3.6970818999223845e+19,2.004,-0.0,0.0,0.0,0.0,0.0,6567.0,0.0,0.0,0.0,-0.0,-0.0,-0.0,0.0,0.0,2.004,2.004,228,0.059,107615256.0,0.0,0.0,0.0,0.0,0.0,0.0,0.0,0,0,0,7.614251475938979e+31,0.0,0.0,8.780288622901902e+25,0.0,0.0,-9.588628806342989e+37,0.0,30961481809920.0,-3.2654285846972274e+22,-0.0,116535624.0,0.0,0.0,0.0,0.0,0,1.3516416376850534e+27,228,0.0,456,2.40156025918058e+36,-1.5870805360731793e+30,2114,0,17110,0,17112,0,17096,0,0,0,101,100,100,0.0,64.2,2.7302335952034594e+23,64.5,0.0,64.5,1,49,50,180,52429,0,0,0,0.0,0.0,0.0,60.0,4.256268421018772e+23,71.0,0.0,-0.0,0.0,1069,0,1070,0,0,0,1070,0,1080,0,1000,0,645,0,647,0,642,0,676,0.032,1.0551537610161864e+22,0.0,0.0,11280,16814,352415421300736.0,2.7790042395190154e+37,-0.0,nan,-0.0,0.0,50.0,60.0,35,0.0,0.0,10.0,2.0,0.0,0.0,0.0,0.0,0.0,0.0,0.0,0.0,0.0,0.0,0.0,0.0,58.8,22,38,5,27,65476,446,65476,1,0,4,20529,65476,0,0,30147,60.0,0.0,10.0,10.0,2.0,0.0
2026-02-16T12:16:53,ERR,ERR,ERR,ERR,ERR,ERR,ERR,ERR,ERR,ERR,ERR,ERR,ERR,ERR,ERR,ERR,ERR,ERR,ERR,ERR,ERR,ERR,ERR,ERR,ERR,ERR,ERR,ERR,ERR,ERR,ERR,ERR,ERR,ERR,ERR,ERR,ERR,ERR,ERR,ERR,ERR,ERR,ERR,ERR,ERR,ERR,ERR,ERR,ERR,ERR,ERR,ERR,ERR,ERR,ERR,ERR,ERR,ERR,ERR,ERR,ERR,ERR,ERR,ERR,ERR,ERR,ERR,ERR,ERR,ERR,ERR,ERR,ERR,ERR,ERR,ERR,ERR,ERR,ERR,ERR,ERR,ERR,ERR,ERR,ERR,ERR,ERR,ERR,ERR,ERR,ERR,ERR,ERR,ERR,ERR,ERR,ERR,ERR,ERR,ERR,ERR,ERR,ERR,ERR,ERR,ERR,ERR,ERR,ERR,ERR,ERR,ERR,ERR,ERR,ERR,ERR,ERR,ERR,ERR,ERR,ERR,ERR,ERR,ERR,ERR,0.0,-0.0,-107090032.0,0.0,-3.160207272547048e+29,6168713.0,-0.0,0.0,4300,0,8,17173,4300,-0.0,49,0.0,0.0,0.0,0.0,2.7184166902131945e+23,0,0,0,0,0.0,0,0,0,0,0,0,0,0,0,0,0,0,0,0,0,0,0,0,0,0,0,0,0,0,0,0,0,0,0,0,0,0,0,9,35,35,45,65476,363,65476,1,0,4,21553,0.0,0.0,-4.908651373571338e+29,0.0,0.0,0.0,0.0,0.0,0.0,0.0,0.0,0.0,0.0,0.0,0.0,0.0,0.0,0.0,0.0,0.0,0.0,2.004,2.004,-3.6970818999223845e+19,2.004,-0.0,0.0,0.0,0.0,0.0,6567.0,0.0,0.0,0.0,-0.0,-0.0,-0.0,0.0,0.0,2.004,2.004,228,0.059,107615256.0,0.0,0.0,0.0,0.0,0.0,0.0,0.0,0,0,0,7.614251475938979e+31,0.0,0.0,8.780288622901902e+25,0.0,0.0,-9.588628806342989e+37,0.0,30961481809920.0,-3.2654285846972274e+22,-0.0,116535624.0,0.0,0.0,0.0,0.0,0,1.3516416376850534e+27,228,0.0,456,2.40156025918058e+36,-1.5870805360731793e+30,2114,0,17110,0,17112,0,17096,0,0,0,101,100,100,2.7302334150594743e+23,64.2,2.7302335952034594e+23,64.5,0.0,64.5,1,49,50,180,52429,0,0,0,0.0,0.0,0.0,60.0,1.4569443112982872e+24,71.0,0.0,0.0,0.0,1069,0,1070,0,0,0,1070,0,1080,0,1000,0,645,0,647,0,642,0,676,0.032,1.0625324586456702e+22,0.0,0.0,65168,16813,479958770122752.0,0.0,1.658,5.614059494131275e+25,230.256,-0.0,50.0,60.0,35,0.0,0.0,10.0,2.0,0.0,0.0,0.0,0.0,0.0,0.0,0.0,0.0,0.0,0.0,0.0,0.0,59.2,22,37,5,27,65476,427,65476,1,0,4,20529,65476,0,0,30147,60.0,0.0,10.0,10.0,2.0,0.0
2026-02-16T12:16:54,ERR,ERR,ERR,ERR,ERR,ERR,ERR,ERR,ERR,ERR,ERR,ERR,ERR,ERR,ERR,ERR,ERR,ERR,ERR,ERR,ERR,ERR,ERR,ERR,ERR,ERR,ERR,ERR,ERR,ERR,ERR,ERR,ERR,ERR,ERR,ERR,ERR,ERR,ERR,ERR,ERR,ERR,ERR,ERR,ERR,ERR,ERR,ERR,ERR,ERR,ERR,ERR,ERR,ERR,ERR,ERR,ERR,ERR,ERR,ERR,ERR,ERR,ERR,ERR,ERR,ERR,ERR,ERR,ERR,ERR,ERR,ERR,ERR,ERR,ERR,ERR,ERR,ERR,ERR,ERR,ERR,ERR,ERR,ERR,ERR,ERR,ERR,ERR,ERR,ERR,ERR,ERR,ERR,ERR,ERR,ERR,ERR,ERR,ERR,ERR,ERR,ERR,ERR,ERR,ERR,ERR,ERR,ERR,ERR,ERR,ERR,ERR,ERR,ERR,ERR,ERR,ERR,ERR,ERR,ERR,ERR,ERR,ERR,ERR,ERR,0.0,-0.0,-107090032.0,0.0,-3.160207272547048e+29,6168713.0,-0.0,0.0,4300,0,8,17173,4300,-0.0,49,0.0,0.0,0.0,0.0,2.7184166902131945e+23,0,0,0,0,0.0,0,0,0,0,0,0,0,0,0,0,0,0,0,0,0,0,0,0,0,0,0,0,0,0,0,0,0,0,0,0,0,0,0,9,35,35,45,65476,363,65476,1,0,4,21553,0.0,0.0,-4.908651373571338e+29,0.0,0.0,0.0,0.0,0.0,0.0,0.0,0.0,0.0,0.0,0.0,0.0,0.0,0.0,0.0,0.0,0.0,0.0,2.004,2.004,-3.6970818999223845e+19,2.004,-0.0,0.0,0.0,0.0,0.0,6567.0,0.0,0.0,0.0,-0.0,-0.0,-0.0,0.0,0.0,2.004,2.004,228,0.059,107615256.0,0.0,0.0,0.0,0.0,0.0,0.0,0.0,0,0,0,7.614251475938979e+31,0.0,0.0,8.780288622901902e+25,0.0,0.0,-9.588628806342989e+37,0.0,30961481809920.0,-3.2654285846972274e+22,-0.0,116535624.0,0.0,0.0,0.0,0.0,0,1.3516416376850534e+27,228,0.0,456,2.40156025918058e+36,-1.5870805360731793e+30,2114,0,17110,0,17112,0,17096,0,0,0,101,100,100,2.7302334150594743e+23,64.2,2.7302335952034594e+23,64.5,0.0,64.5,1,49,50,180,52429,0,0,0,0.0,0.0,0.0,60.0,1.4569443112982872e+24,71.0,0.0,0.0,0.0,1069,0,1070,0,0,0,1070,0,1080,0,1000,0,645,0,647,0,642,0,676,0.032,1.0625324586456702e+22,0.0,0.0,65168,16813,479958770122752.0,0.0,1.658,5.614059494131275e+25,230.256,-0.0,50.0,60.0,35,0.0,0.0,10.0,2.0,0.0,0.0,0.0,0.0,0.0,0.0,0.0,0.0,0.0,0.0,0.0,0.0,59.2,22,37,5,27,65476,427,65476,1,0,4,20529,65476,0,0,30147,60.0,0.0,10.0,10.0,2.0,0.0
2026-02-16T12:16:55,ERR,ERR,ERR,ERR,ERR,ERR,ERR,ERR,ERR,ERR,ERR,ERR,ERR,ERR,ERR,ERR,ERR,ERR,ERR,ERR,ERR,ERR,ERR,ERR,ERR,ERR,ERR,ERR,ERR,ERR,ERR,ERR,ERR,ERR,ERR,ERR,ERR,ERR,ERR,ERR,ERR,ERR,ERR,ERR,ERR,ERR,ERR,ERR,ERR,ERR,ERR,ERR,ERR,ERR,ERR,ERR,ERR,ERR,ERR,ERR,ERR,ERR,ERR,ERR,ERR,ERR,ERR,ERR,ERR,ERR,ERR,ERR,ERR,ERR,ERR,ERR,ERR,ERR,ERR,ERR,ERR,ERR,ERR,ERR,ERR,ERR,ERR,ERR,ERR,ERR,ERR,ERR,ERR,ERR,ERR,ERR,ERR,ERR,ERR,ERR,ERR,ERR,ERR,ERR,ERR,ERR,ERR,ERR,ERR,ERR,ERR,ERR,ERR,ERR,ERR,ERR,ERR,ERR,ERR,ERR,ERR,ERR,ERR,ERR,ERR,0.0,-0.0,-107090032.0,0.0,-3.160207272547048e+29,6168713.0,-0.0,0.0,4300,0,8,17173,4300,-0.0,49,0.0,0.0,0.0,0.0,2.7184166902131945e+23,0,0,0,0,0.0,0,0,0,0,0,0,0,0,0,0,0,0,0,0,0,0,0,0,0,0,0,0,0,0,0,0,0,0,0,0,0,0,0,9,35,35,45,65476,363,65476,1,0,4,21553,0.0,0.0,-4.908651373571338e+29,0.0,0.0,0.0,0.0,0.0,0.0,0.0,0.0,0.0,0.0,0.0,0.0,0.0,0.0,0.0,0.0,0.0,0.0,2.004,2.004,-3.6970818999223845e+19,2.004,-0.0,0.0,0.0,0.0,0.0,6567.0,0.0,0.0,0.0,-0.0,-0.0,-0.0,0.0,0.0,2.004,2.004,228,0.059,107615256.0,0.0,0.0,0.0,0.0,0.0,0.0,0.0,0,0,0,7.614251475938979e+31,0.0,0.0,8.780288622901902e+25,0.0,0.0,-9.588628806342989e+37,0.0,30961481809920.0,-3.2654285846972274e+22,-0.0,116535624.0,0.0,0.0,0.0,0.0,0,1.3516416376850534e+27,228,0.0,456,2.40156025918058e+36,-1.5870805360731793e+30,2114,0,17110,0,17112,0,17096,0,0,0,101,100,100,2.7302334150594743e+23,64.2,2.7302335952034594e+23,64.5,0.0,64.5,1,49,50,180,52429,0,0,0,0.0,0.0,0.0,60.0,1.4569443112982872e+24,71.0,0.0,0.0,0.0,1069,0,1070,0,0,0,1070,0,1080,0,1000,0,645,0,647,0,642,0,676,0.032,1.0625324586456702e+22,0.0,0.0,65168,16813,479958770122752.0,0.0,1.658,5.614059494131275e+25,230.256,-0.0,50.0,60.0,35,0.0,0.0,10.0,2.0,0.0,0.0,0.0,0.0,0.0,0.0,0.0,0.0,0.0,0.0,0.0,0.0,59.2,22,37,4,27,65476,427,65476,1,0,4,20529,65476,0,0,30147,60.0,0.0,10.0,10.0,2.0,0.0
2026-02-16T12:16:56,ERR,ERR,ERR,ERR,ERR,ERR,ERR,ERR,ERR,ERR,ERR,ERR,ERR,ERR,ERR,ERR,ERR,ERR,ERR,ERR,ERR,ERR,ERR,ERR,ERR,ERR,ERR,ERR,ERR,ERR,ERR,ERR,ERR,ERR,ERR,ERR,ERR,ERR,ERR,ERR,ERR,ERR,ERR,ERR,ERR,ERR,ERR,ERR,ERR,ERR,ERR,ERR,ERR,ERR,ERR,ERR,ERR,ERR,ERR,ERR,ERR,ERR,ERR,ERR,ERR,ERR,ERR,ERR,ERR,ERR,ERR,ERR,ERR,ERR,ERR,ERR,ERR,ERR,ERR,ERR,ERR,ERR,ERR,ERR,ERR,ERR,ERR,ERR,ERR,ERR,ERR,ERR,ERR,ERR,ERR,ERR,ERR,ERR,ERR,ERR,ERR,ERR,ERR,ERR,ERR,ERR,ERR,ERR,ERR,ERR,ERR,ERR,ERR,ERR,ERR,ERR,ERR,ERR,ERR,ERR,ERR,ERR,ERR,ERR,ERR,0.0,-0.0,-107090032.0,0.0,-3.160207272547048e+29,6168713.0,-0.0,0.0,4300,0,8,17173,4300,-0.0,49,0.0,0.0,0.0,0.0,2.7184166902131945e+23,0,0,0,0,0.0,0,0,0,0,0,0,0,0,0,0,0,0,0,0,0,0,0,0,0,0,0,0,0,0,0,0,0,0,0,0,0,0,0,9,35,35,45,65476,363,65476,1,0,4,21553,0.0,0.0,-4.908651373571338e+29,0.0,0.0,0.0,0.0,0.0,0.0,0.0,0.0,0.0,0.0,0.0,0.0,0.0,0.0,0.0,0.0,0.0,0.0,2.004,2.004,-3.6970818999223845e+19,2.004,-0.0,0.0,0.0,0.0,0.0,6567.0,0.0,0.0,0.0,-0.0,-0.0,-0.0,0.0,0.0,2.004,2.004,228,0.059,107615256.0,0.0,0.0,0.0,0.0,0.0,0.0,0.0,0,0,0,7.614251475938979e+31,0.0,0.0,8.780288622901902e+25,0.0,0.0,-9.588628806342989e+37,0.0,30961481809920.0,-3.2654285846972274e+22,-0.0,116535624.0,0.0,0.0,0.0,0.0,0,1.3516416376850534e+27,228,0.0,456,2.40156025918058e+36,-1.5870805360731793e+30,2114,0,17110,0,17112,0,17096,0,0,0,101,100,100,2.7302334150594743e+23,64.2,2.7302335952034594e+23,64.5,0.0,64.5,1,49,50,180,52429,0,0,0,0.0,0.0,0.0,60.0,1.4569443112982872e+24,71.0,0.0,0.0,0.0,1069,0,1070,0,0,0,1070,0,1080,0,1000,0,645,0,647,0,642,0,676,0.032,1.0625324586456702e+22,0.0,0.0,65168,16813,479958770122752.0,0.0,1.658,5.614059494131275e+25,230.256,-0.0,50.0,60.0,35,0.0,0.0,10.0,2.0,0.0,0.0,0.0,0.0,0.0,0.0,0.0,0.0,0.0,0.0,0.0,0.0,58.8,23,36,3,27,65476,445,65476,1,0,4,20529,65476,0,0,30147,60.0,0.0,10.0,10.0,2.0,0.0
2026-02-16T12:16:57,ERR,ERR,ERR,ERR,ERR,ERR,ERR,ERR,ERR,ERR,ERR,ERR,ERR,ERR,ERR,ERR,ERR,ERR,ERR,ERR,ERR,ERR,ERR,ERR,ERR,ERR,ERR,ERR,ERR,ERR,ERR,ERR,ERR,ERR,ERR,ERR,ERR,ERR,ERR,ERR,ERR,ERR,ERR,ERR,ERR,ERR,ERR,ERR,ERR,ERR,ERR,ERR,ERR,ERR,ERR,ERR,ERR,ERR,ERR,ERR,ERR,ERR,ERR,ERR,ERR,ERR,ERR,ERR,ERR,ERR,ERR,ERR,ERR,ERR,ERR,ERR,ERR,ERR,ERR,ERR,ERR,ERR,ERR,ERR,ERR,ERR,ERR,ERR,ERR,ERR,ERR,ERR,ERR,ERR,ERR,ERR,ERR,ERR,ERR,ERR,ERR,ERR,ERR,ERR,ERR,ERR,ERR,ERR,ERR,ERR,ERR,ERR,ERR,ERR,ERR,ERR,ERR,ERR,ERR,ERR,ERR,ERR,ERR,ERR,ERR,0.0,-0.0,-107090032.0,-0.0,-1.9385067686977908e+25,193.254,-0.0,8.183074553797851e+37,4300,0,8,17177,4300,0.0,49,0.0,0.0,-0.0,0.0,2.7184166902131945e+23,0,0,0,0,0.0,0,0,0,0,0,0,0,0,0,0,0,0,0,0,0,0,0,0,0,0,0,0,0,0,0,0,0,0,0,0,0,0,0,10,35,35,45,65476,362,65476,1,0,4,21553,0.0,2.7183305813883192e+23,0.0,0.0,0.0,0.0,0.0,0.0,0.0,0.0,0.0,0.0,0.0,0.0,0.0,0.0,0.0,0.0,0.0,0.0,0.0,2.004,3.697062548517736e+19,-3.6970818999223845e+19,0.0,-2.004,0.0,0.0,0.0,0.0,6540.0,1.5879384200579233e+29,0.0,0.0,-0.0,2.718450196994422e+23,-107616280.0,-0.0,0.0,2.004,2.004,228,1.9056860945658675e+17,-89221.016,0.0,0.0,0.0,0.0,0.0,0.0,0.0,0,0,0,-0.0,0.0,0.0,3292657408.0,29831692288.0,3.485524959852913e+35,-0.0,-0.0,2.5395912647951516e+20,-3.442517327804839e+22,-0.0,122302792.0,0.0,0.0,0.0,0.0,0,1.3516416376850534e+27,227,0.0,454,-621855232.0,-0.0,2114,0,17110,0,17112,0,17096,0,0,0,101,100,100,2.7302334150594743e+23,64.2,2.7302335952034594e+23,64.5,0.0,64.5,1,49,50,180,52429,0,0,0,0.0,0.0,0.0,60.0,352415421300736.0,71.0,0.0,0.0,0.0,1069,0,1069,0,0,0,1070,0,1080,0,1000,0,645,0,647,0,641,0,676,0.032,1.0625324586456702e+22,0.0,0.0,5776,16814,352415421300736.0,0.0,4.805397097399661e+21,0.0,5.518895416232898e+26,-602369753088.0,50.0,60.0,35,0.0,0.0,10.0,2.0,0.0,0.0,0.0,0.0,0.0,0.0,0.0,0.0,0.0,0.0,0.0,0.0,58.8,23,36,3,27,65476,445,65476,1,0,4,20529,65476,0,0,30147,60.0,0.0,10.0,10.0,2.0,0.0
2026-02-16T12:16:58,ERR,ERR,ERR,ERR,ERR,ERR,ERR,ERR,ERR,ERR,ERR,ERR,ERR,ERR,ERR,ERR,ERR,ERR,ERR,ERR,ERR,ERR,ERR,ERR,ERR,ERR,ERR,ERR,ERR,ERR,ERR,ERR,ERR,ERR,ERR,ERR,ERR,ERR,ERR,ERR,ERR,ERR,ERR,ERR,ERR,ERR,ERR,ERR,ERR,ERR,ERR,ERR,ERR,ERR,ERR,ERR,ERR,ERR,ERR,ERR,ERR,ERR,ERR,ERR,ERR,ERR,ERR,ERR,ERR,ERR,ERR,ERR,ERR,ERR,ERR,ERR,ERR,ERR,ERR,ERR,ERR,ERR,ERR,ERR,ERR,ERR,ERR,ERR,ERR,ERR,ERR,ERR,ERR,ERR,ERR,ERR,ERR,ERR,ERR,ERR,ERR,ERR,ERR,ERR,ERR,ERR,ERR,ERR,ERR,ERR,ERR,ERR,ERR,ERR,ERR,ERR,ERR,ERR,ERR,ERR,ERR,ERR,ERR,ERR,ERR,0.0,-0.0,-107090032.0,-0.0,-1.9385067686977908e+25,193.254,-0.0,8.183074553797851e+37,4300,0,8,17177,4300,0.0,49,0.0,0.0,-0.0,0.0,2.7184166902131945e+23,0,0,0,0,0.0,0,0,0,0,0,0,0,0,0,0,0,0,0,0,0,0,0,0,0,0,0,0,0,0,0,0,0,0,0,0,0,0,0,10,35,35,45,65476,362,65476,1,0,4,21553,0.0,2.7183305813883192e+23,0.0,0.0,0.0,0.0,0.0,0.0,0.0,0.0,0.0,0.0,0.0,0.0,0.0,0.0,0.0,0.0,0.0,0.0,0.0,2.004,3.697062548517736e+19,-3.6970818999223845e+19,0.0,-2.004,0.0,0.0,0.0,0.0,6540.0,1.5879384200579233e+29,0.0,0.0,-0.0,2.718450196994422e+23,-107616280.0,-0.0,0.0,2.004,2.004,228,1.9056860945658675e+17,-89221.016,0.0,0.0,0.0,0.0,0.0,0.0,0.0,0,0,0,-0.0,0.0,0.0,3292657408.0,29831692288.0,3.485524959852913e+35,-0.0,-0.0,2.5395912647951516e+20,-3.442517327804839e+22,-0.0,122302792.0,0.0,0.0,0.0,0.0,0,1.3516416376850534e+27,227,0.0,454,-621855232.0,-0.0,2114,0,17110,0,17112,0,17096,0,0,0,101,100,100,2.7302334150594743e+23,64.2,2.7302335952034594e+23,64.5,0.0,64.5,1,49,50,180,52429,0,0,0,0.0,0.0,0.0,60.0,352415421300736.0,71.0,0.0,0.0,0.0,1069,0,1069,0,0,0,1070,0,1080,0,1000,0,645,0,647,0,641,0,676,0.032,1.0625324586456702e+22,0.0,0.0,5776,16814,352415421300736.0,0.0,4.805397097399661e+21,0.0,5.518895416232898e+26,-602369753088.0,50.0,60.0,35,0.0,0.0,10.0,2.0,0.0,0.0,0.0,0.0,0.0,0.0,0.0,0.0,0.0,0.0,0.0,0.0,58.8,25,34,1,27,65476,445,65476,1,0,4,20529,65476,0,0,30147,60.0,0.0,10.0,10.0,2.0,0.0
2026-02-16T12:16:59,ERR,ERR,ERR,ERR,ERR,ERR,ERR,ERR,ERR,ERR,ERR,ERR,ERR,ERR,ERR,ERR,ERR,ERR,ERR,ERR,ERR,ERR,ERR,ERR,ERR,ERR,ERR,ERR,ERR,ERR,ERR,ERR,ERR,ERR,ERR,ERR,ERR,ERR,ERR,ERR,ERR,ERR,ERR,ERR,ERR,ERR,ERR,ERR,ERR,ERR,ERR,ERR,ERR,ERR,ERR,ERR,ERR,ERR,ERR,ERR,ERR,ERR,ERR,ERR,ERR,ERR,ERR,ERR,ERR,ERR,ERR,ERR,ERR,ERR,ERR,ERR,ERR,ERR,ERR,ERR,ERR,ERR,ERR,ERR,ERR,ERR,ERR,ERR,ERR,ERR,ERR,ERR,ERR,ERR,ERR,ERR,ERR,ERR,ERR,ERR,ERR,ERR,ERR,ERR,ERR,ERR,ERR,ERR,ERR,ERR,ERR,ERR,ERR,ERR,ERR,ERR,ERR,ERR,ERR,ERR,ERR,ERR,ERR,ERR,ERR,0.0,-0.0,-107090032.0,-0.0,-1.9385067686977908e+25,193.254,-0.0,8.183074553797851e+37,4300,0,8,17177,4300,0.0,49,0.0,0.0,-0.0,0.0,2.7184166902131945e+23,0,0,0,0,0.0,0,0,0,0,0,0,0,0,0,0,0,0,0,0,0,0,0,0,0,0,0,0,0,0,0,0,0,0,0,0,0,0,0,10,35,35,45,65476,362,65476,1,0,4,21553,0.0,2.7183305813883192e+23,0.0,0.0,0.0,0.0,0.0,0.0,0.0,0.0,0.0,0.0,0.0,0.0,0.0,0.0,0.0,0.0,0.0,0.0,0.0,2.004,3.697062548517736e+19,-3.6970818999223845e+19,0.0,-2.004,0.0,0.0,0.0,0.0,6540.0,1.5879384200579233e+29,0.0,0.0,-0.0,2.718450196994422e+23,-107616280.0,-0.0,0.0,2.004,2.004,228,1.9056860945658675e+17,-89221.016,0.0,0.0,0.0,0.0,0.0,0.0,0.0,0,0,0,-0.0,0.0,0.0,3292657408.0,29831692288.0,3.485524959852913e+35,-0.0,-0.0,2.5395912647951516e+20,-3.442517327804839e+22,-0.0,122302792.0,0.0,0.0,0.0,0.0,0,1.3516416376850534e+27,227,0.0,454,-621855232.0,-0.0,2114,0,17110,0,17112,0,17096,0,0,0,101,100,100,2.7302334150594743e+23,64.2,2.7302335952034594e+23,64.5,0.0,64.5,1,49,50,180,52429,0,0,0,0.0,0.0,0.0,60.0,352415421300736.0,71.0,0.0,0.0,0.0,1069,0,1069,0,0,0,1070,0,1080,0,1000,0,645,0,647,0,641,0,676,0.032,1.0625324586456702e+22,0.0,0.0,5776,16814,352415421300736.0,0.0,4.805397097399661e+21,0.0,5.518895416232898e+26,-602369753088.0,50.0,60.0,35,0.0,0.0,10.0,2.0,0.0,0.0,0.0,0.0,0.0,0.0,0.0,0.0,0.0,0.0,0.0,0.0,58.8,25,34,1,27,65476,445,65476,1,0,4,20529,65476,0,0,30147,60.0,0.0,10.0,10.0,2.0,0.0
2026-02-16T12:17:00,ERR,ERR,ERR,ERR,ERR,ERR,ERR,ERR,ERR,ERR,ERR,ERR,ERR,ERR,ERR,ERR,ERR,ERR,ERR,ERR,ERR,ERR,ERR,ERR,ERR,ERR,ERR,ERR,ERR,ERR,ERR,ERR,ERR,ERR,ERR,ERR,ERR,ERR,ERR,ERR,ERR,ERR,ERR,ERR,ERR,ERR,ERR,ERR,ERR,ERR,ERR,ERR,ERR,ERR,ERR,ERR,ERR,ERR,ERR,ERR,ERR,ERR,ERR,ERR,ERR,ERR,ERR,ERR,ERR,ERR,ERR,ERR,ERR,ERR,ERR,ERR,ERR,ERR,ERR,ERR,ERR,ERR,ERR,ERR,ERR,ERR,ERR,ERR,ERR,ERR,ERR,ERR,ERR,ERR,ERR,ERR,ERR,ERR,ERR,ERR,ERR,ERR,ERR,ERR,ERR,ERR,ERR,ERR,ERR,ERR,ERR,ERR,ERR,ERR,ERR,ERR,ERR,ERR,ERR,ERR,ERR,ERR,ERR,ERR,ERR,0.0,-0.0,-107090032.0,-0.0,-1.9385067686977908e+25,193.254,-0.0,8.183074553797851e+37,4300,0,8,17177,4300,0.0,49,0.0,0.0,-0.0,0.0,2.7184166902131945e+23,0,0,0,0,0.0,0,0,0,0,0,0,0,0,0,0,0,0,0,0,0,0,0,0,0,0,0,0,0,0,0,0,0,0,0,0,0,0,0,10,35,35,45,65476,362,65476,1,0,4,21553,0.0,2.7183305813883192e+23,0.0,0.0,0.0,0.0,0.0,0.0,0.0,0.0,0.0,0.0,0.0,0.0,0.0,0.0,0.0,0.0,0.0,0.0,0.0,2.004,3.697062548517736e+19,-3.6970818999223845e+19,0.0,-2.004,0.0,0.0,0.0,0.0,6540.0,1.5879384200579233e+29,0.0,0.0,-0.0,2.718450196994422e+23,-107616280.0,-0.0,0.0,2.004,2.004,228,1.9056860945658675e+17,-89221.016,0.0,0.0,0.0,0.0,0.0,0.0,0.0,0,0,0,-0.0,0.0,0.0,3292657408.0,29831692288.0,3.485524959852913e+35,-0.0,-0.0,2.5395912647951516e+20,-3.442517327804839e+22,-0.0,122302792.0,0.0,0.0,0.0,0.0,0,1.3516416376850534e+27,227,0.0,454,-621855232.0,-0.0,2114,0,17110,0,17112,0,17096,0,0,0,101,100,100,2.7302334150594743e+23,64.2,2.7302335952034594e+23,64.5,0.0,64.5,1,49,50,180,52429,0,0,0,0.0,0.0,0.0,60.0,352415421300736.0,71.0,0.0,0.0,0.0,1069,0,1069,0,0,0,1070,0,1080,0,1000,0,645,0,647,0,641,0,676,0.032,1.0625324586456702e+22,0.0,0.0,5776,16814,352415421300736.0,0.0,4.805397097399661e+21,0.0,5.518895416232898e+26,-602369753088.0,50.0,60.0,35,0.0,0.0,10.0,2.0,0.0,0.0,0.0,0.0,0.0,0.0,0.0,0.0,0.0,0.0,0.0,0.0,58.8,27,32,65535,27,65476,505,65476,1,0,4,20529,65476,0,0,30147,60.0,0.0,10.0,10.0,2.0,0.0
2026-02-16T12:17:01,ERR,ERR,ERR,ERR,ERR,ERR,ERR,ERR,ERR,ERR,ERR,ERR,ERR,ERR,ERR,ERR,ERR,ERR,ERR,ERR,ERR,ERR,ERR,ERR,ERR,ERR,ERR,ERR,ERR,ERR,ERR,ERR,ERR,ERR,ERR,ERR,ERR,ERR,ERR,ERR,ERR,ERR,ERR,ERR,ERR,ERR,ERR,ERR,ERR,ERR,ERR,ERR,ERR,ERR,ERR,ERR,ERR,ERR,ERR,ERR,ERR,ERR,ERR,ERR,ERR,ERR,ERR,ERR,ERR,ERR,ERR,ERR,ERR,ERR,ERR,ERR,ERR,ERR,ERR,ERR,ERR,ERR,ERR,ERR,ERR,ERR,ERR,ERR,ERR,ERR,ERR,ERR,ERR,ERR,ERR,ERR,ERR,ERR,ERR,ERR,ERR,ERR,ERR,ERR,ERR,ERR,ERR,ERR,ERR,ERR,ERR,ERR,ERR,ERR,ERR,ERR,ERR,ERR,ERR,ERR,ERR,ERR,ERR,ERR,ERR,0.0,-0.0,-107090032.0,-0.0,-1.9385067686977908e+25,193.254,-0.0,8.183074553797851e+37,4300,0,8,17177,4300,0.0,49,0.0,0.0,-0.0,0.0,2.7184166902131945e+23,0,0,0,0,0.0,0,0,0,0,0,0,0,0,0,0,0,0,0,0,0,0,0,0,0,0,0,0,0,0,0,0,0,0,0,0,0,0,0,10,35,35,45,65476,362,65476,1,0,4,21553,0.0,2.7183305813883192e+23,0.0,0.0,0.0,0.0,0.0,0.0,0.0,0.0,0.0,0.0,0.0,0.0,0.0,0.0,0.0,0.0,0.0,0.0,0.0,2.004,3.697062548517736e+19,-3.6970818999223845e+19,0.0,-2.004,0.0,0.0,0.0,0.0,6540.0,1.5879384200579233e+29,0.0,0.0,-0.0,2.718450196994422e+23,-107616280.0,-0.0,0.0,2.004,2.004,228,1.9056860945658675e+17,-89221.016,0.0,0.0,0.0,0.0,0.0,0.0,0.0,0,0,0,-0.0,0.0,0.0,3292657408.0,29831692288.0,3.485524959852913e+35,-0.0,-0.0,2.5395912647951516e+20,-3.442517327804839e+22,-0.0,122302792.0,0.0,0.0,0.0,0.0,0,1.3516416376850534e+27,227,0.0,454,-621855232.0,-0.0,2114,0,17110,0,17112,0,17096,0,0,0,101,100,100,2.7302334150594743e+23,64.2,2.7302335952034594e+23,64.5,0.0,64.5,1,49,50,180,52429,0,0,0,0.0,0.0,0.0,60.0,1000488.875,71.0,0.0,-2.986862479467453e+19,0.0,1069,0,1070,0,0,0,1070,0,1080,0,1000,0,645,0,647,0,641,0,676,0.032,1.0625324586456702e+22,0.0,0.0,56464,16813,496627023872.0,-2.986862479467453e+19,0.0,-63016202240.0,0.0,-0.0,50.0,60.0,35,0.0,0.0,10.0,2.0,0.0,0.0,0.0,0.0,0.0,0.0,0.0,0.0,0.0,0.0,0.0,0.0,58.8,27,32,65535,27,65476,505,65476,1,0,4,20529,65476,0,0,30147,60.0,0.0,10.0,10.0,2.0,0.0
2026-02-16T12:17:02,ERR,ERR,ERR,ERR,ERR,ERR,ERR,ERR,ERR,ERR,ERR,ERR,ERR,ERR,ERR,ERR,ERR,ERR,ERR,ERR,ERR,ERR,ERR,ERR,ERR,ERR,ERR,ERR,ERR,ERR,ERR,ERR,ERR,ERR,ERR,ERR,ERR,ERR,ERR,ERR,ERR,ERR,ERR,ERR,ERR,ERR,ERR,ERR,ERR,ERR,ERR,ERR,ERR,ERR,ERR,ERR,ERR,ERR,ERR,ERR,ERR,ERR,ERR,ERR,ERR,ERR,ERR,ERR,ERR,ERR,ERR,ERR,ERR,ERR,ERR,ERR,ERR,ERR,ERR,ERR,ERR,ERR,ERR,ERR,ERR,ERR,ERR,ERR,ERR,ERR,ERR,ERR,ERR,ERR,ERR,ERR,ERR,ERR,ERR,ERR,ERR,ERR,ERR,ERR,ERR,ERR,ERR,ERR,ERR,ERR,ERR,ERR,ERR,ERR,ERR,ERR,ERR,ERR,ERR,ERR,ERR,ERR,ERR,ERR,ERR,0.0,-0.0,-107090032.0,-0.0,-1.9385067686977908e+25,-1.3435526078227588e+24,0.0,-2.7929574466440397e+20,4300,0,8,17177,4300,0.0,49,0.0,0.0,-0.0,0.0,2.7184166902131945e+23,0,0,0,0,0.0,0,0,0,0,0,0,0,0,0,0,0,0,0,0,0,0,0,0,0,0,0,0,0,0,0,0,0,0,0,0,0,0,0,10,35,35,45,65476,362,65476,1,0,4,21553,0.0,-107610976.0,3.372324263488675e+30,0.0,0.0,0.0,0.0,0.0,0.0,0.0,0.0,0.0,0.0,0.0,0.0,0.0,0.0,0.0,0.0,0.0,0.0,2.004,2.004,-3.6970818999223845e+19,0.0,-2.004,0.0,0.0,0.0,0.0,6502.0,-0.0,0.0,0.0,-0.0,0.0,-107616280.0,0.0,0.0,2.004,2.004,226,0.0,0.0,0.0,0.0,0.0,0.0,0.0,0.0,0.0,0,0,0,-0.0,-2.0782259823124362e+20,0.0,-303631.688,1235335168.0,-0.0,2511235.5,-2.234531481939814e+32,-0.036,-3.6343634661714185e+22,-0.0,129642824.0,0.0,0.0,0.0,0.0,0,1.3516416376850534e+27,226,0.0,452,-621855232.0,86146.211,2114,0,17110,0,17112,0,17096,0,0,0,101,100,100,2.7302334150594743e+23,64.2,2.7302335952034594e+23,64.5,0.0,64.5,1,49,50,180,52429,0,0,0,0.0,0.0,0.0,60.0,1000488.875,71.0,0.0,-2.986862479467453e+19,0.0,1069,0,1070,0,0,0,1070,0,1080,0,1000,0,645,0,647,0,641,0,676,0.032,1.0625324586456702e+22,0.0,0.0,56464,16813,496627023872.0,-2.986862479467453e+19,0.0,-63016202240.0,0.0,-0.0,50.0,60.0,35,0.0,0.0,10.0,2.0,0.0,0.0,0.0,0.0,0.0,0.0,0.0,0.0,0.0,0.0,0.0,0.0,58.8,28,31,65534,27,65476,505,65476,1,0,4,20529,65476,0,0,30147,60.0,0.0,10.0,10.0,2.0,0.0
2026-02-16T12:17:03,ERR,ERR,ERR,ERR,ERR,ERR,ERR,ERR,ERR,ERR,ERR,ERR,ERR,ERR,ERR,ERR,ERR,ERR,ERR,ERR,ERR,ERR,ERR,ERR,ERR,ERR,ERR,ERR,ERR,ERR,ERR,ERR,ERR,ERR,ERR,ERR,ERR,ERR,ERR,ERR,ERR,ERR,ERR,ERR,ERR,ERR,ERR,ERR,ERR,ERR,ERR,ERR,ERR,ERR,ERR,ERR,ERR,ERR,ERR,ERR,ERR,ERR,ERR,ERR,ERR,ERR,ERR,ERR,ERR,ERR,ERR,ERR,ERR,ERR,ERR,ERR,ERR,ERR,ERR,ERR,ERR,ERR,ERR,ERR,ERR,ERR,ERR,ERR,ERR,ERR,ERR,ERR,ERR,ERR,ERR,ERR,ERR,ERR,ERR,ERR,ERR,ERR,ERR,ERR,ERR,ERR,ERR,ERR,ERR,ERR,ERR,ERR,ERR,ERR,ERR,ERR,ERR,ERR,ERR,ERR,ERR,ERR,ERR,ERR,ERR,0.0,-0.0,-107090032.0,-0.0,-1.9385067686977908e+25,-1.3435526078227588e+24,0.0,-2.7929574466440397e+20,4300,0,8,17177,4300,0.0,49,0.0,0.0,-0.0,0.0,2.7184166902131945e+23,0,0,0,0,0.0,0,0,0,0,0,0,0,0,0,0,0,0,0,0,0,0,0,0,0,0,0,0,0,0,0,0,0,0,0,0,0,0,0,10,35,35,45,65476,362,65476,1,0,4,21553,0.0,-107610976.0,3.372324263488675e+30,0.0,0.0,0.0,0.0,0.0,0.0,0.0,0.0,0.0,0.0,0.0,0.0,0.0,0.0,0.0,0.0,0.0,0.0,2.004,2.004,-3.6970818999223845e+19,0.0,-2.004,0.0,0.0,0.0,0.0,6502.0,-0.0,0.0,0.0,-0.0,0.0,-107616280.0,0.0,0.0,2.004,2.004,226,0.0,0.0,0.0,0.0,0.0,0.0,0.0,0.0,0.0,0,0,0,-0.0,-2.0782259823124362e+20,0.0,-303631.688,1235335168.0,-0.0,2511235.5,-2.234531481939814e+32,-0.036,-3.6343634661714185e+22,-0.0,129642824.0,0.0,0.0,0.0,0.0,0,1.3516416376850534e+27,226,0.0,452,-621855232.0,86146.211,2114,0,17110,0,17112,0,17096,0,0,0,101,100,100,2.7302334150594743e+23,64.2,2.7302335952034594e+23,64.5,0.0,64.5,1,49,50,180,52429,0,0,0,0.0,0.0,0.0,60.0,1000488.875,71.0,0.0,-2.986862479467453e+19,0.0,1069,0,1070,0,0,0,1070,0,1080,0,1000,0,645,0,647,0,641,0,676,0.032,1.0625324586456702e+22,0.0,0.0,56464,16813,496627023872.0,-2.986862479467453e+19,0.0,-63016202240.0,0.0,-0.0,50.0,60.0,35,0.0,0.0,10.0,2.0,0.0,0.0,0.0,0.0,0.0,0.0,0.0,0.0,0.0,0.0,0.0,0.0,58.8,28,31,65534,27,65476,505,65476,1,0,4,20529,65476,0,0,30147,60.0,0.0,10.0,10.0,2.0,0.0
2026-02-16T12:17:04,ERR,ERR,ERR,ERR,ERR,ERR,ERR,ERR,ERR,ERR,ERR,ERR,ERR,ERR,ERR,ERR,ERR,ERR,ERR,ERR,ERR,ERR,ERR,ERR,ERR,ERR,ERR,ERR,ERR,ERR,ERR,ERR,ERR,ERR,ERR,ERR,ERR,ERR,ERR,ERR,ERR,ERR,ERR,ERR,ERR,ERR,ERR,ERR,ERR,ERR,ERR,ERR,ERR,ERR,ERR,ERR,ERR,ERR,ERR,ERR,ERR,ERR,ERR,ERR,ERR,ERR,ERR,ERR,ERR,ERR,ERR,ERR,ERR,ERR,ERR,ERR,ERR,ERR,ERR,ERR,ERR,ERR,ERR,ERR,ERR,ERR,ERR,ERR,ERR,ERR,ERR,ERR,ERR,ERR,ERR,ERR,ERR,ERR,ERR,ERR,ERR,ERR,ERR,ERR,ERR,ERR,ERR,ERR,ERR,ERR,ERR,ERR,ERR,ERR,ERR,ERR,ERR,ERR,ERR,ERR,ERR,ERR,ERR,ERR,ERR,0.0,-0.0,-107090032.0,-0.0,-1.9385067686977908e+25,-1.3435526078227588e+24,0.0,-2.7929574466440397e+20,4300,0,8,17177,4300,0.0,49,0.0,0.0,-0.0,0.0,2.7184166902131945e+23,0,0,0,0,0.0,0,0,0,0,0,0,0,0,0,0,0,0,0,0,0,0,0,0,0,0,0,0,0,0,0,0,0,0,0,0,0,0,0,10,35,35,45,65476,362,65476,1,0,4,21553,0.0,-107610976.0,3.372324263488675e+30,0.0,0.0,0.0,0.0,0.0,0.0,0.0,0.0,0.0,0.0,0.0,0.0,0.0,0.0,0.0,0.0,0.0,0.0,2.004,2.004,-3.6970818999223845e+19,0.0,-2.004,0.0,0.0,0.0,0.0,6502.0,-0.0,0.0,0.0,-0.0,0.0,-107616280.0,0.0,0.0,2.004,2.004,226,0.0,0.0,0.0,0.0,0.0,0.0,0.0,0.0,0.0,0,0,0,-0.0,-2.0782259823124362e+20,0.0,-303631.688,1235335168.0,-0.0,2511235.5,-2.234531481939814e+32,-0.036,-3.6343634661714185e+22,-0.0,129642824.0,0.0,0.0,0.0,0.0,0,1.3516416376850534e+27,226,0.0,452,-621855232.0,86146.211,2114,0,17110,0,17112,0,17096,0,0,0,101,100,100,2.7302334150594743e+23,64.2,2.7302335952034594e+23,64.5,0.0,64.5,1,49,50,180,52429,0,0,0,0.0,0.0,0.0,60.0,1000488.875,71.0,0.0,-2.986862479467453e+19,0.0,1069,0,1070,0,0,0,1070,0,1080,0,1000,0,645,0,647,0,641,0,676,0.032,1.0625324586456702e+22,0.0,0.0,56464,16813,496627023872.0,-2.986862479467453e+19,0.0,-63016202240.0,0.0,-0.0,50.0,60.0,35,0.0,0.0,10.0,2.0,0.0,0.0,0.0,0.0,0.0,0.0,0.0,0.0,0.0,0.0,0.0,0.0,58.8,30,30,65532,27,65476,577,65476,1,0,4,20529,65476,0,0,30147,60.0,0.0,10.0,10.0,2.0,0.0
2026-02-16T12:17:05,ERR,ERR,ERR,ERR,ERR,ERR,ERR,ERR,ERR,ERR,ERR,ERR,ERR,ERR,ERR,ERR,ERR,ERR,ERR,ERR,ERR,ERR,ERR,ERR,ERR,ERR,ERR,ERR,ERR,ERR,ERR,ERR,ERR,ERR,ERR,ERR,ERR,ERR,ERR,ERR,ERR,ERR,ERR,ERR,ERR,ERR,ERR,ERR,ERR,ERR,ERR,ERR,ERR,ERR,ERR,ERR,ERR,ERR,ERR,ERR,ERR,ERR,ERR,ERR,ERR,ERR,ERR,ERR,ERR,ERR,ERR,ERR,ERR,ERR,ERR,ERR,ERR,ERR,ERR,ERR,ERR,ERR,ERR,ERR,ERR,ERR,ERR,ERR,ERR,ERR,ERR,ERR,ERR,ERR,ERR,ERR,ERR,ERR,ERR,ERR,ERR,ERR,ERR,ERR,ERR,ERR,ERR,ERR,ERR,ERR,ERR,ERR,ERR,ERR,ERR,ERR,ERR,ERR,ERR,ERR,ERR,ERR,ERR,ERR,ERR,0.0,-0.0,-107090032.0,-0.0,-1.9385067686977908e+25,-1.3435526078227588e+24,0.0,-2.7929574466440397e+20,4300,0,8,17177,4300,0.0,49,0.0,0.0,-0.0,0.0,2.7184166902131945e+23,0,0,0,0,0.0,0,0,0,0,0,0,0,0,0,0,0,0,0,0,0,0,0,0,0,0,0,0,0,0,0,0,0,0,0,0,0,0,0,10,35,35,45,65476,362,65476,1,0,4,21553,0.0,-107610976.0,3.372324263488675e+30,0.0,0.0,0.0,0.0,0.0,0.0,0.0,0.0,0.0,0.0,0.0,0.0,0.0,0.0,0.0,0.0,0.0,0.0,2.004,2.004,-3.6970818999223845e+19,0.0,-2.004,0.0,0.0,0.0,0.0,6502.0,-0.0,0.0,0.0,-0.0,0.0,-107616280.0,0.0,0.0,2.004,2.004,226,0.0,0.0,0.0,0.0,0.0,0.0,0.0,0.0,0.0,0,0,0,-0.0,-2.0782259823124362e+20,0.0,-303631.688,1235335168.0,-0.0,2511235.5,-2.234531481939814e+32,-0.036,-3.6343634661714185e+22,-0.0,129642824.0,0.0,0.0,0.0,0.0,0,1.3516416376850534e+27,226,0.0,452,-621855232.0,86146.211,2114,0,17110,0,17112,0,17096,0,0,0,101,100,100,2.7302334150594743e+23,64.2,2.7302335952034594e+23,64.5,0.0,64.5,1,49,50,180,52429,0,0,0,0.0,0.0,0.0,60.0,58788408.0,71.0,0.0,5.727906563770886e+21,0.0,1069,0,1070,0,0,0,1070,0,1080,0,1000,0,645,0,647,0,642,0,676,0.032,1.0625324586456702e+22,0.0,0.0,63376,16813,7.227,-0.0,-5416.017,-0.0,-0.0,13451273.0,50.0,60.0,35,0.0,0.0,10.0,2.0,0.0,0.0,0.0,0.0,0.0,0.0,0.0,0.0,0.0,0.0,0.0,0.0,58.8,30,30,65532,27,65476,577,65476,1,0,4,20529,65476,0,0,30147,60.0,0.0,10.0,10.0,2.0,0.0
2026-02-16T12:17:06,ERR,ERR,ERR,ERR,ERR,ERR,ERR,ERR,ERR,ERR,ERR,ERR,ERR,ERR,ERR,ERR,ERR,ERR,ERR,ERR,ERR,ERR,ERR,ERR,ERR,ERR,ERR,ERR,ERR,ERR,ERR,ERR,ERR,ERR,ERR,ERR,ERR,ERR,ERR,ERR,ERR,ERR,ERR,ERR,ERR,ERR,ERR,ERR,ERR,ERR,ERR,ERR,ERR,ERR,ERR,ERR,ERR,ERR,ERR,ERR,ERR,ERR,ERR,ERR,ERR,ERR,ERR,ERR,ERR,ERR,ERR,ERR,ERR,ERR,ERR,ERR,ERR,ERR,ERR,ERR,ERR,ERR,ERR,ERR,ERR,ERR,ERR,ERR,ERR,ERR,ERR,ERR,ERR,ERR,ERR,ERR,ERR,ERR,ERR,ERR,ERR,ERR,ERR,ERR,ERR,ERR,ERR,ERR,ERR,ERR,ERR,ERR,ERR,ERR,ERR,ERR,ERR,ERR,ERR,ERR,ERR,ERR,ERR,ERR,ERR,0.0,-0.0,-107090032.0,-0.0,-1.9385067686977908e+25,-1.3435526078227588e+24,0.0,-2.7929574466440397e+20,4300,0,8,17177,4300,0.0,49,0.0,0.0,-0.0,0.0,2.7184166902131945e+23,0,0,0,0,0.0,0,0,0,0,0,0,0,0,0,0,0,0,0,0,0,0,0,0,0,0,0,0,0,0,0,0,0,0,0,0,0,0,0,10,35,35,45,65476,362,65476,1,0,4,21553,0.0,-107610976.0,3.372324263488675e+30,0.0,0.0,0.0,0.0,0.0,0.0,0.0,0.0,0.0,0.0,0.0,0.0,0.0,0.0,0.0,0.0,0.0,0.0,2.004,2.004,-3.6970818999223845e+19,0.0,-2.004,0.0,0.0,0.0,0.0,6502.0,-0.0,0.0,0.0,-0.0,0.0,-107616280.0,0.0,0.0,2.004,2.004,226,0.0,0.0,0.0,0.0,0.0,0.0,0.0,0.0,0.0,0,0,0,-0.0,-2.0782259823124362e+20,0.0,-303631.688,1235335168.0,-0.0,2511235.5,-2.234531481939814e+32,-0.036,-3.6343634661714185e+22,-0.0,129642824.0,0.0,0.0,0.0,0.0,0,1.3516416376850534e+27,226,0.0,452,-621855232.0,86146.211,2114,0,17110,0,17112,0,17096,0,0,0,101,100,100,2.7302334150594743e+23,64.2,2.7302335952034594e+23,64.5,0.0,64.5,1,49,50,180,52429,0,0,0,0.0,0.0,0.0,60.0,58788408.0,71.0,0.0,5.727906563770886e+21,0.0,1069,0,1070,0,0,0,1070,0,1080,0,1000,0,645,0,647,0,642,0,676,0.032,1.0625324586456702e+22,0.0,0.0,63376,16813,7.227,-0.0,-5416.017,-0.0,-0.0,13451273.0,50.0,60.0,35,0.0,0.0,10.0,2.0,0.0,0.0,0.0,0.0,0.0,0.0,0.0,0.0,0.0,0.0,0.0,0.0,58.8,31,29,65532,27,65476,651,65476,1,0,4,20529,65476,0,0,30147,60.0,0.0,10.0,10.0,2.0,0.0
2026-02-16T12:17:07,ERR,ERR,ERR,ERR,ERR,ERR,ERR,ERR,ERR,ERR,ERR,ERR,ERR,ERR,ERR,ERR,ERR,ERR,ERR,ERR,ERR,ERR,ERR,ERR,ERR,ERR,ERR,ERR,ERR,ERR,ERR,ERR,ERR,ERR,ERR,ERR,ERR,ERR,ERR,ERR,ERR,ERR,ERR,ERR,ERR,ERR,ERR,ERR,ERR,ERR,ERR,ERR,ERR,ERR,ERR,ERR,ERR,ERR,ERR,ERR,ERR,ERR,ERR,ERR,ERR,ERR,ERR,ERR,ERR,ERR,ERR,ERR,ERR,ERR,ERR,ERR,ERR,ERR,ERR,ERR,ERR,ERR,ERR,ERR,ERR,ERR,ERR,ERR,ERR,ERR,ERR,ERR,ERR,ERR,ERR,ERR,ERR,ERR,ERR,ERR,ERR,ERR,ERR,ERR,ERR,ERR,ERR,ERR,ERR,ERR,ERR,ERR,ERR,ERR,ERR,ERR,ERR,ERR,ERR,ERR,ERR,ERR,ERR,ERR,ERR,0.0,-0.0,-107090032.0,-0.0,-1.9385067686977908e+25,-1.3435526078227588e+24,0.0,-2.7929574466440397e+20,4300,0,8,17177,4300,0.0,49,0.0,0.0,-0.0,0.0,2.7184166902131945e+23,0,0,0,0,0.0,0,0,0,0,0,0,0,0,0,0,0,0,0,0,0,0,0,0,0,0,0,0,0,0,0,0,0,0,0,0,0,0,0,10,35,35,45,65476,362,65476,1,0,4,21553,0.0,-107610976.0,3.372324263488675e+30,0.0,0.0,0.0,0.0,0.0,0.0,0.0,0.0,0.0,0.0,0.0,0.0,0.0,0.0,0.0,0.0,0.0,0.0,2.004,2.004,-3.6970818999223845e+19,0.0,-2.004,0.0,0.0,0.0,0.0,6502.0,-0.0,0.0,0.0,-0.0,0.0,-107616280.0,0.0,0.0,2.004,2.004,226,0.0,0.0,0.0,0.0,0.0,0.0,0.0,0.0,0.0,0,0,0,-0.0,-2.0782259823124362e+20,0.0,-303631.688,1235335168.0,-0.0,2511235.5,-2.234531481939814e+32,-0.036,-3.6343634661714185e+22,-0.0,129642824.0,0.0,0.0,0.0,0.0,0,1.3516416376850534e+27,226,0.0,452,-621855232.0,86146.211,2114,0,17110,0,17112,0,17096,0,0,0,101,100,100,2.7302334150594743e+23,64.2,2.7302335952034594e+23,64.5,0.0,64.5,1,49,50,180,52429,0,0,0,0.0,0.0,0.0,60.0,58788408.0,71.0,0.0,5.727906563770886e+21,0.0,1069,0,1070,0,0,0,1070,0,1080,0,1000,0,645,0,647,0,642,0,676,0.032,1.0625324586456702e+22,0.0,0.0,63376,16813,7.227,-0.0,-5416.017,-0.0,-0.0,13451273.0,50.0,60.0,35,0.0,0.0,10.0,2.0,0.0,0.0,0.0,0.0,0.0,0.0,0.0,0.0,0.0,0.0,0.0,0.0,58.8,31,29,65532,27,65476,651,65476,1,0,4,20529,65476,0,0,30147,60.0,0.0,10.0,10.0,2.0,0.0
2026-02-16T12:17:08,ERR,ERR,ERR,ERR,ERR,ERR,ERR,ERR,ERR,ERR,ERR,ERR,ERR,ERR,ERR,ERR,ERR,ERR,ERR,ERR,ERR,ERR,ERR,ERR,ERR,ERR,ERR,ERR,ERR,ERR,ERR,ERR,ERR,ERR,ERR,ERR,ERR,ERR,ERR,ERR,ERR,ERR,ERR,ERR,ERR,ERR,ERR,ERR,ERR,ERR,ERR,ERR,ERR,ERR,ERR,ERR,ERR,ERR,ERR,ERR,ERR,ERR,ERR,ERR,ERR,ERR,ERR,ERR,ERR,ERR,ERR,ERR,ERR,ERR,ERR,ERR,ERR,ERR,ERR,ERR,ERR,ERR,ERR,ERR,ERR,ERR,ERR,ERR,ERR,ERR,ERR,ERR,ERR,ERR,ERR,ERR,ERR,ERR,ERR,ERR,ERR,ERR,ERR,ERR,ERR,ERR,ERR,ERR,ERR,ERR,ERR,ERR,ERR,ERR,ERR,ERR,ERR,ERR,ERR,ERR,ERR,ERR,ERR,ERR,ERR,0.0,-0.0,2.7184069624379994e+23,-0.0,4.262821465411404e+37,-137476.266,-2.742182439477995e+19,-0.0,4300,0,8,17178,4300,0.0,49,0.0,0.0,-0.0,0.0,2.7184166902131945e+23,0,0,0,0,0.0,0,0,0,0,0,0,0,0,0,0,0,0,0,0,0,0,0,0,0,0,0,0,0,0,0,0,0,0,0,0,0,0,0,10,35,35,45,65476,362,65476,1,0,4,21553,0.0,0.0,1.4584545001078784e+16,0.0,0.0,0.0,0.0,0.0,0.0,0.0,0.0,0.0,0.0,0.0,0.0,0.0,0.0,0.0,0.0,0.0,0.0,2.004,2.004,-3.6970818999223845e+19,-3.697074423243316e+19,-2.004,0.0,0.0,0.0,0.0,6093.0,-8608217088.0,0.0,0.0,-0.0,0.0,-107616280.0,0.0,0.0,2.004,2.004,226,5.848056079300204e+35,0.059,0.0,0.0,0.0,0.0,0.0,0.0,0.0,0,0,0,-0.0,0.0,0.0,0.0,1.205,-2642043.25,-0.0,250.273,0.0,-3.904040813298215e+22,-0.0,138699408.0,0.0,0.0,0.0,0.0,0,1.3516416376850534e+27,226,0.0,452,-74360974999552.0,-1814070656.0,2114,0,17110,0,17112,0,17096,0,0,0,101,100,100,2.7302334150594743e+23,64.2,2.7302335952034594e+23,64.5,0.0,64.5,1,49,50,180,52429,0,0,0,0.0,0.0,0.0,60.0,58788408.0,71.0,0.0,5.727906563770886e+21,0.0,1069,0,1070,0,0,0,1070,0,1080,0,1000,0,645,0,647,0,642,0,676,0.032,1.0625324586456702e+22,0.0,0.0,63376,16813,7.227,-0.0,-5416.017,-0.0,-0.0,13451273.0,50.0,60.0,35,0.0,0.0,10.0,2.0,0.0,0.0,0.0,0.0,0.0,0.0,0.0,0.0,0.0,0.0,0.0,0.0,58.8,31,29,65532,27,65476,651,65476,1,0,4,20529,65476,0,0,30147,60.0,0.0,10.0,10.0,2.0,0.0
2026-02-16T12:17:09,ERR,ERR,ERR,ERR,ERR,ERR,ERR,ERR,ERR,ERR,ERR,ERR,ERR,ERR,ERR,ERR,ERR,ERR,ERR,ERR,ERR,ERR,ERR,ERR,ERR,ERR,ERR,ERR,ERR,ERR,ERR,ERR,ERR,ERR,ERR,ERR,ERR,ERR,ERR,ERR,ERR,ERR,ERR,ERR,ERR,ERR,ERR,ERR,ERR,ERR,ERR,ERR,ERR,ERR,ERR,ERR,ERR,ERR,ERR,ERR,ERR,ERR,ERR,ERR,ERR,ERR,ERR,ERR,ERR,ERR,ERR,ERR,ERR,ERR,ERR,ERR,ERR,ERR,ERR,ERR,ERR,ERR,ERR,ERR,ERR,ERR,ERR,ERR,ERR,ERR,ERR,ERR,ERR,ERR,ERR,ERR,ERR,ERR,ERR,ERR,ERR,ERR,ERR,ERR,ERR,ERR,ERR,ERR,ERR,ERR,ERR,ERR,ERR,ERR,ERR,ERR,ERR,ERR,ERR,ERR,ERR,ERR,ERR,ERR,ERR,0.0,-0.0,2.7184069624379994e+23,-0.0,4.262821465411404e+37,-137476.266,-2.742182439477995e+19,-0.0,4300,0,8,17178,4300,0.0,49,0.0,0.0,-0.0,0.0,2.7184166902131945e+23,0,0,0,0,0.0,0,0,0,0,0,0,0,0,0,0,0,0,0,0,0,0,0,0,0,0,0,0,0,0,0,0,0,0,0,0,0,0,0,10,35,35,45,65476,362,65476,1,0,4,21553,0.0,0.0,1.4584545001078784e+16,0.0,0.0,0.0,0.0,0.0,0.0,0.0,0.0,0.0,0.0,0.0,0.0,0.0,0.0,0.0,0.0,0.0,0.0,2.004,2.004,-3.6970818999223845e+19,-3.697074423243316e+19,-2.004,0.0,0.0,0.0,0.0,6093.0,-8608217088.0,0.0,0.0,-0.0,0.0,-107616280.0,0.0,0.0,2.004,2.004,226,5.848056079300204e+35,0.059,0.0,0.0,0.0,0.0,0.0,0.0,0.0,0,0,0,-0.0,0.0,0.0,0.0,1.205,-2642043.25,-0.0,250.273,0.0,-3.904040813298215e+22,-0.0,138699408.0,0.0,0.0,0.0,0.0,0,1.3516416376850534e+27,226,0.0,452,-74360974999552.0,-1814070656.0,2114,0,17110,0,17112,0,17096,0,0,0,101,100,100,2.7302334150594743e+23,64.2,2.7302335952034594e+23,64.5,0.0,64.5,1,49,50,180,52429,0,0,0,0.0,0.0,0.0,60.0,1771759730688.0,71.0,0.0,-0.0,0.0,1070,0,1070,0,0,0,1070,0,1080,0,1000,0,645,0,647,0,642,0,676,0.032,1.069911156275154e+22,0.0,0.0,59792,16813,1.127070749287252e+18,-0.0,0.0,-15284288512.0,0.0,-0.0,50.0,60.0,35,0.0,0.0,10.0,2.0,0.0,0.0,0.0,0.0,0.0,0.0,0.0,0.0,0.0,0.0,0.0,0.0,58.8,31,29,65532,27,65476,651,65476,1,0,4,20529,65476,0,0,30147,60.0,0.0,10.0,10.0,2.0,0.0
2026-02-16T12:17:10,ERR,ERR,ERR,ERR,ERR,ERR,ERR,ERR,ERR,ERR,ERR,ERR,ERR,ERR,ERR,ERR,ERR,ERR,ERR,ERR,ERR,ERR,ERR,ERR,ERR,ERR,ERR,ERR,ERR,ERR,ERR,ERR,ERR,ERR,ERR,ERR,ERR,ERR,ERR,ERR,ERR,ERR,ERR,ERR,ERR,ERR,ERR,ERR,ERR,ERR,ERR,ERR,ERR,ERR,ERR,ERR,ERR,ERR,ERR,ERR,ERR,ERR,ERR,ERR,ERR,ERR,ERR,ERR,ERR,ERR,ERR,ERR,ERR,ERR,ERR,ERR,ERR,ERR,ERR,ERR,ERR,ERR,ERR,ERR,ERR,ERR,ERR,ERR,ERR,ERR,ERR,ERR,ERR,ERR,ERR,ERR,ERR,ERR,ERR,ERR,ERR,ERR,ERR,ERR,ERR,ERR,ERR,ERR,ERR,ERR,ERR,ERR,ERR,ERR,ERR,ERR,ERR,ERR,ERR,ERR,ERR,ERR,ERR,ERR,ERR,0.0,-0.0,2.7184069624379994e+23,-0.0,4.262821465411404e+37,-137476.266,-2.742182439477995e+19,-0.0,4300,0,8,17178,4300,0.0,49,0.0,0.0,-0.0,0.0,2.7184166902131945e+23,0,0,0,0,0.0,0,0,0,0,0,0,0,0,0,0,0,0,0,0,0,0,0,0,0,0,0,0,0,0,0,0,0,0,0,0,0,0,0,10,35,35,45,65476,362,65476,1,0,4,21553,0.0,0.0,1.4584545001078784e+16,0.0,0.0,0.0,0.0,0.0,0.0,0.0,0.0,0.0,0.0,0.0,0.0,0.0,0.0,0.0,0.0,0.0,0.0,2.004,2.004,-3.6970818999223845e+19,-3.697074423243316e+19,-2.004,0.0,0.0,0.0,0.0,6093.0,-8608217088.0,0.0,0.0,-0.0,0.0,-107616280.0,0.0,0.0,2.004,2.004,226,5.848056079300204e+35,0.059,0.0,0.0,0.0,0.0,0.0,0.0,0.0,0,0,0,-0.0,0.0,0.0,0.0,1.205,-2642043.25,-0.0,250.273,0.0,-3.904040813298215e+22,-0.0,138699408.0,0.0,0.0,0.0,0.0,0,1.3516416376850534e+27,226,0.0,452,-74360974999552.0,-1814070656.0,2114,0,17110,0,17112,0,17096,0,0,0,101,100,100,2.7302334150594743e+23,64.2,2.7302335952034594e+23,64.5,0.0,64.5,1,49,50,180,52429,0,0,0,0.0,0.0,0.0,60.0,1771759730688.0,71.0,0.0,-0.0,0.0,1070,0,1070,0,0,0,1070,0,1080,0,1000,0,645,0,647,0,642,0,676,0.032,1.069911156275154e+22,0.0,0.0,59792,16813,1.127070749287252e+18,-0.0,0.0,-15284288512.0,0.0,-0.0,50.0,60.0,35,0.0,0.0,10.0,2.0,0.0,0.0,0.0,0.0,0.0,0.0,0.0,0.0,0.0,0.0,0.0,0.0,58.8,30,30,65532,27,65476,686,65476,1,0,4,20529,65476,0,0,30147,60.0,0.0,10.0,10.0,2.0,0.0
2026-02-16T12:17:11,ERR,ERR,ERR,ERR,ERR,ERR,ERR,ERR,ERR,ERR,ERR,ERR,ERR,ERR,ERR,ERR,ERR,ERR,ERR,ERR,ERR,ERR,ERR,ERR,ERR,ERR,ERR,ERR,ERR,ERR,ERR,ERR,ERR,ERR,ERR,ERR,ERR,ERR,ERR,ERR,ERR,ERR,ERR,ERR,ERR,ERR,ERR,ERR,ERR,ERR,ERR,ERR,ERR,ERR,ERR,ERR,ERR,ERR,ERR,ERR,ERR,ERR,ERR,ERR,ERR,ERR,ERR,ERR,ERR,ERR,ERR,ERR,ERR,ERR,ERR,ERR,ERR,ERR,ERR,ERR,ERR,ERR,ERR,ERR,ERR,ERR,ERR,ERR,ERR,ERR,ERR,ERR,ERR,ERR,ERR,ERR,ERR,ERR,ERR,ERR,ERR,ERR,ERR,ERR,ERR,ERR,ERR,ERR,ERR,ERR,ERR,ERR,ERR,ERR,ERR,ERR,ERR,ERR,ERR,ERR,ERR,ERR,ERR,ERR,ERR,0.0,-0.0,2.7184069624379994e+23,-0.0,4.262821465411404e+37,-137476.266,-2.742182439477995e+19,-0.0,4300,0,8,17178,4300,0.0,49,0.0,0.0,-0.0,0.0,2.7184166902131945e+23,0,0,0,0,0.0,0,0,0,0,0,0,0,0,0,0,0,0,0,0,0,0,0,0,0,0,0,0,0,0,0,0,0,0,0,0,0,0,0,10,35,35,45,65476,362,65476,1,0,4,21553,0.0,0.0,1.4584545001078784e+16,0.0,0.0,0.0,0.0,0.0,0.0,0.0,0.0,0.0,0.0,0.0,0.0,0.0,0.0,0.0,0.0,0.0,0.0,2.004,2.004,-3.6970818999223845e+19,-3.697074423243316e+19,-2.004,0.0,0.0,0.0,0.0,6093.0,-8608217088.0,0.0,0.0,-0.0,0.0,-107616280.0,0.0,0.0,2.004,2.004,226,5.848056079300204e+35,0.059,0.0,0.0,0.0,0.0,0.0,0.0,0.0,0,0,0,-0.0,0.0,0.0,0.0,1.205,-2642043.25,-0.0,250.273,0.0,-3.904040813298215e+22,-0.0,138699408.0,0.0,0.0,0.0,0.0,0,1.3516416376850534e+27,226,0.0,452,-74360974999552.0,-1814070656.0,2114,0,17110,0,17112,0,17096,0,0,0,101,100,100,2.7302334150594743e+23,64.2,2.7302335952034594e+23,64.5,0.0,64.5,1,49,50,180,52429,0,0,0,0.0,0.0,0.0,60.0,1771759730688.0,71.0,0.0,-0.0,0.0,1070,0,1070,0,0,0,1070,0,1080,0,1000,0,645,0,647,0,642,0,676,0.032,1.069911156275154e+22,0.0,0.0,59792,16813,1.127070749287252e+18,-0.0,0.0,-15284288512.0,0.0,-0.0,50.0,60.0,35,0.0,0.0,10.0,2.0,0.0,0.0,0.0,0.0,0.0,0.0,0.0,0.0,0.0,0.0,0.0,0.0,58.8,30,30,65532,27,65476,686,65476,1,0,4,20529,65476,0,0,30147,60.0,0.0,10.0,10.0,2.0,0.0
2026-02-16T12:17:12,ERR,ERR,ERR,ERR,ERR,ERR,ERR,ERR,ERR,ERR,ERR,ERR,ERR,ERR,ERR,ERR,ERR,ERR,ERR,ERR,ERR,ERR,ERR,ERR,ERR,ERR,ERR,ERR,ERR,ERR,ERR,ERR,ERR,ERR,ERR,ERR,ERR,ERR,ERR,ERR,ERR,ERR,ERR,ERR,ERR,ERR,ERR,ERR,ERR,ERR,ERR,ERR,ERR,ERR,ERR,ERR,ERR,ERR,ERR,ERR,ERR,ERR,ERR,ERR,ERR,ERR,ERR,ERR,ERR,ERR,ERR,ERR,ERR,ERR,ERR,ERR,ERR,ERR,ERR,ERR,ERR,ERR,ERR,ERR,ERR,ERR,ERR,ERR,ERR,ERR,ERR,ERR,ERR,ERR,ERR,ERR,ERR,ERR,ERR,ERR,ERR,ERR,ERR,ERR,ERR,ERR,ERR,ERR,ERR,ERR,ERR,ERR,ERR,ERR,ERR,ERR,ERR,ERR,ERR,ERR,ERR,ERR,ERR,ERR,ERR,0.0,-0.0,2.7184069624379994e+23,-0.0,4.262821465411404e+37,-137476.266,-2.742182439477995e+19,-0.0,4300,0,8,17178,4300,0.0,49,0.0,0.0,-0.0,0.0,2.7184166902131945e+23,0,0,0,0,0.0,0,0,0,0,0,0,0,0,0,0,0,0,0,0,0,0,0,0,0,0,0,0,0,0,0,0,0,0,0,0,0,0,0,10,35,35,45,65476,362,65476,1,0,4,21553,0.0,0.0,1.4584545001078784e+16,0.0,0.0,0.0,0.0,0.0,0.0,0.0,0.0,0.0,0.0,0.0,0.0,0.0,0.0,0.0,0.0,0.0,0.0,2.004,2.004,-3.6970818999223845e+19,-3.697074423243316e+19,-2.004,0.0,0.0,0.0,0.0,6093.0,-8608217088.0,0.0,0.0,-0.0,0.0,-107616280.0,0.0,0.0,2.004,2.004,226,5.848056079300204e+35,0.059,0.0,0.0,0.0,0.0,0.0,0.0,0.0,0,0,0,-0.0,0.0,0.0,0.0,1.205,-2642043.25,-0.0,250.273,0.0,-3.904040813298215e+22,-0.0,138699408.0,0.0,0.0,0.0,0.0,0,1.3516416376850534e+27,226,0.0,452,-74360974999552.0,-1814070656.0,2114,0,17110,0,17112,0,17096,0,0,0,101,100,100,2.7302334150594743e+23,64.2,2.7302335952034594e+23,64.5,0.0,64.5,1,49,50,180,52429,0,0,0,0.0,0.0,0.0,60.0,1771759730688.0,71.0,0.0,-0.0,0.0,1070,0,1070,0,0,0,1070,0,1080,0,1000,0,645,0,647,0,642,0,676,0.032,1.069911156275154e+22,0.0,0.0,59792,16813,1.127070749287252e+18,-0.0,0.0,-15284288512.0,0.0,-0.0,50.0,60.0,35,0.0,0.0,10.0,2.0,0.0,0.0,0.0,0.0,0.0,0.0,0.0,0.0,0.0,0.0,0.0,0.0,58.8,29,31,65534,27,65476,675,65476,1,0,4,20529,65476,0,0,30147,60.0,0.0,10.0,10.0,2.0,0.0
2026-02-16T12:17:13,ERR,ERR,ERR,ERR,ERR,ERR,ERR,ERR,ERR,ERR,ERR,ERR,ERR,ERR,ERR,ERR,ERR,ERR,ERR,ERR,ERR,ERR,ERR,ERR,ERR,ERR,ERR,ERR,ERR,ERR,ERR,ERR,ERR,ERR,ERR,ERR,ERR,ERR,ERR,ERR,ERR,ERR,ERR,ERR,ERR,ERR,ERR,ERR,ERR,ERR,ERR,ERR,ERR,ERR,ERR,ERR,ERR,ERR,ERR,ERR,ERR,ERR,ERR,ERR,ERR,ERR,ERR,ERR,ERR,ERR,ERR,ERR,ERR,ERR,ERR,ERR,ERR,ERR,ERR,ERR,ERR,ERR,ERR,ERR,ERR,ERR,ERR,ERR,ERR,ERR,ERR,ERR,ERR,ERR,ERR,ERR,ERR,ERR,ERR,ERR,ERR,ERR,ERR,ERR,ERR,ERR,ERR,ERR,ERR,ERR,ERR,ERR,ERR,ERR,ERR,ERR,ERR,ERR,ERR,ERR,ERR,ERR,ERR,ERR,ERR,0.0,-0.0,-107090032.0,-0.0,-1.9385067686977908e+25,-0.0,-0.0,0.0,4300,0,8,17177,4300,0.0,48,0.0,0.0,-0.0,0.0,2.7184166902131945e+23,0,0,0,0,0.0,0,0,0,0,0,0,0,0,0,0,0,0,0,0,0,0,0,0,0,0,0,0,0,0,0,0,0,0,0,0,0,0,0,11,35,35,45,65476,363,65476,1,0,4,21553,0.0,2.7183305813883192e+23,-1.0138419139631834e+36,0.0,0.0,0.0,0.0,0.0,0.0,0.0,0.0,0.0,0.0,0.0,0.0,0.0,0.0,0.0,0.0,0.0,0.0,2.004,2.004,-3.6970818999223845e+19,-2.004,3.697077062071222e+19,0.0,0.0,0.0,0.0,5781.0,-0.0,0.0,0.0,-0.0,0.0,-0.0,0.0,0.0,2.004,2.004,226,-3.222003136178649e+26,-0.0,0.0,0.0,0.0,0.0,0.0,0.0,0.0,0,0,0,nan,-0.0,0.0,-6.4970607030704264e+35,1.846,0.0,-0.0,0.0,0.0,-4.346762671067244e+22,-0.0,154428048.0,0.0,0.0,0.0,0.0,0,1.3516416376850534e+27,226,0.0,452,-74360974999552.0,4.538271724008914e+24,2114,0,17110,0,17112,0,17096,0,0,0,101,100,100,2.7302334150594743e+23,64.2,2.7302335952034594e+23,64.5,0.0,64.5,1,49,50,180,52429,0,0,0,0.0,0.0,0.0,60.0,30099664896.0,71.0,0.0,-7.06764948434506e+20,0.0,1069,0,1070,0,0,0,1070,0,1080,0,1000,0,645,0,647,0,642,0,676,0.032,1.0551537610161864e+22,0.0,0.0,16656,16814,6.875307197018931e+16,-7.06764948434506e+20,0.0,-0.0,0.0,-0.0,50.0,60.0,35,0.0,0.0,10.0,2.0,0.0,0.0,0.0,0.0,0.0,0.0,0.0,0.0,0.0,0.0,0.0,0.0,58.8,27,33,0,27,65476,675,65476,1,0,4,20529,65476,0,0,30147,60.0,0.0,10.0,10.0,2.0,0.0
2026-02-16T12:17:14,ERR,ERR,ERR,ERR,ERR,ERR,ERR,ERR,ERR,ERR,ERR,ERR,ERR,ERR,ERR,ERR,ERR,ERR,ERR,ERR,ERR,ERR,ERR,ERR,ERR,ERR,ERR,ERR,ERR,ERR,ERR,ERR,ERR,ERR,ERR,ERR,ERR,ERR,ERR,ERR,ERR,ERR,ERR,ERR,ERR,ERR,ERR,ERR,ERR,ERR,ERR,ERR,ERR,ERR,ERR,ERR,ERR,ERR,ERR,ERR,ERR,ERR,ERR,ERR,ERR,ERR,ERR,ERR,ERR,ERR,ERR,ERR,ERR,ERR,ERR,ERR,ERR,ERR,ERR,ERR,ERR,ERR,ERR,ERR,ERR,ERR,ERR,ERR,ERR,ERR,ERR,ERR,ERR,ERR,ERR,ERR,ERR,ERR,ERR,ERR,ERR,ERR,ERR,ERR,ERR,ERR,ERR,ERR,ERR,ERR,ERR,ERR,ERR,ERR,ERR,ERR,ERR,ERR,ERR,ERR,ERR,ERR,ERR,ERR,ERR,0.0,-0.0,-107090032.0,-0.0,-1.9385067686977908e+25,-0.0,-0.0,0.0,4300,0,8,17177,4300,0.0,48,0.0,0.0,-0.0,0.0,2.7184166902131945e+23,0,0,0,0,0.0,0,0,0,0,0,0,0,0,0,0,0,0,0,0,0,0,0,0,0,0,0,0,0,0,0,0,0,0,0,0,0,0,0,11,35,35,45,65476,363,65476,1,0,4,21553,0.0,2.7183305813883192e+23,-1.0138419139631834e+36,0.0,0.0,0.0,0.0,0.0,0.0,0.0,0.0,0.0,0.0,0.0,0.0,0.0,0.0,0.0,0.0,0.0,0.0,2.004,2.004,-3.6970818999223845e+19,-2.004,3.697077062071222e+19,0.0,0.0,0.0,0.0,5781.0,-0.0,0.0,0.0,-0.0,0.0,-0.0,0.0,0.0,2.004,2.004,226,-3.222003136178649e+26,-0.0,0.0,0.0,0.0,0.0,0.0,0.0,0.0,0,0,0,nan,-0.0,0.0,-6.4970607030704264e+35,1.846,0.0,-0.0,0.0,0.0,-4.346762671067244e+22,-0.0,154428048.0,0.0,0.0,0.0,0.0,0,1.3516416376850534e+27,226,0.0,452,-74360974999552.0,4.538271724008914e+24,2114,0,17110,0,17112,0,17096,0,0,0,101,100,100,2.7302334150594743e+23,64.2,2.7302335952034594e+23,64.5,0.0,64.5,1,49,50,180,52429,0,0,0,0.0,0.0,0.0,60.0,30099664896.0,71.0,0.0,-7.06764948434506e+20,0.0,1069,0,1070,0,0,0,1070,0,1080,0,1000,0,645,0,647,0,642,0,676,0.032,1.0551537610161864e+22,0.0,0.0,16656,16814,6.875307197018931e+16,-7.06764948434506e+20,0.0,-0.0,0.0,-0.0,50.0,60.0,35,0.0,0.0,10.0,2.0,0.0,0.0,0.0,0.0,0.0,0.0,0.0,0.0,0.0,0.0,0.0,0.0,58.8,27,33,0,27,65476,675,65476,1,0,4,20529,65476,0,0,30147,60.0,0.0,10.0,10.0,2.0,0.0
2026-02-16T12:17:15,ERR,ERR,ERR,ERR,ERR,ERR,ERR,ERR,ERR,ERR,ERR,ERR,ERR,ERR,ERR,ERR,ERR,ERR,ERR,ERR,ERR,ERR,ERR,ERR,ERR,ERR,ERR,ERR,ERR,ERR,ERR,ERR,ERR,ERR,ERR,ERR,ERR,ERR,ERR,ERR,ERR,ERR,ERR,ERR,ERR,ERR,ERR,ERR,ERR,ERR,ERR,ERR,ERR,ERR,ERR,ERR,ERR,ERR,ERR,ERR,ERR,ERR,ERR,ERR,ERR,ERR,ERR,ERR,ERR,ERR,ERR,ERR,ERR,ERR,ERR,ERR,ERR,ERR,ERR,ERR,ERR,ERR,ERR,ERR,ERR,ERR,ERR,ERR,ERR,ERR,ERR,ERR,ERR,ERR,ERR,ERR,ERR,ERR,ERR,ERR,ERR,ERR,ERR,ERR,ERR,ERR,ERR,ERR,ERR,ERR,ERR,ERR,ERR,ERR,ERR,ERR,ERR,ERR,ERR,ERR,ERR,ERR,ERR,ERR,ERR,0.0,-0.0,-107090032.0,-0.0,-1.9385067686977908e+25,-0.0,-0.0,0.0,4300,0,8,17177,4300,0.0,48,0.0,0.0,-0.0,0.0,2.7184166902131945e+23,0,0,0,0,0.0,0,0,0,0,0,0,0,0,0,0,0,0,0,0,0,0,0,0,0,0,0,0,0,0,0,0,0,0,0,0,0,0,0,11,35,35,45,65476,363,65476,1,0,4,21553,0.0,2.7183305813883192e+23,-1.0138419139631834e+36,0.0,0.0,0.0,0.0,0.0,0.0,0.0,0.0,0.0,0.0,0.0,0.0,0.0,0.0,0.0,0.0,0.0,0.0,2.004,2.004,-3.6970818999223845e+19,-2.004,3.697077062071222e+19,0.0,0.0,0.0,0.0,5781.0,-0.0,0.0,0.0,-0.0,0.0,-0.0,0.0,0.0,2.004,2.004,226,-3.222003136178649e+26,-0.0,0.0,0.0,0.0,0.0,0.0,0.0,0.0,0,0,0,nan,-0.0,0.0,-6.4970607030704264e+35,1.846,0.0,-0.0,0.0,0.0,-4.346762671067244e+22,-0.0,154428048.0,0.0,0.0,0.0,0.0,0,1.3516416376850534e+27,226,0.0,452,-74360974999552.0,4.538271724008914e+24,2114,0,17110,0,17112,0,17096,0,0,0,101,100,100,2.7302334150594743e+23,64.2,2.7302335952034594e+23,64.5,0.0,64.5,1,49,50,180,52429,0,0,0,0.0,0.0,0.0,60.0,30099664896.0,71.0,0.0,-7.06764948434506e+20,0.0,1069,0,1070,0,0,0,1070,0,1080,0,1000,0,645,0,647,0,642,0,676,0.032,1.0551537610161864e+22,0.0,0.0,16656,16814,6.875307197018931e+16,-7.06764948434506e+20,0.0,-0.0,0.0,-0.0,50.0,60.0,35,0.0,0.0,10.0,2.0,0.0,0.0,0.0,0.0,0.0,0.0,0.0,0.0,0.0,0.0,0.0,0.0,58.8,25,35,2,27,65476,636,65476,1,0,4,20529,65476,0,0,30147,60.0,0.0,10.0,10.0,2.0,0.0
2026-02-16T12:17:16,ERR,ERR,ERR,ERR,ERR,ERR,ERR,ERR,ERR,ERR,ERR,ERR,ERR,ERR,ERR,ERR,ERR,ERR,ERR,ERR,ERR,ERR,ERR,ERR,ERR,ERR,ERR,ERR,ERR,ERR,ERR,ERR,ERR,ERR,ERR,ERR,ERR,ERR,ERR,ERR,ERR,ERR,ERR,ERR,ERR,ERR,ERR,ERR,ERR,ERR,ERR,ERR,ERR,ERR,ERR,ERR,ERR,ERR,ERR,ERR,ERR,ERR,ERR,ERR,ERR,ERR,ERR,ERR,ERR,ERR,ERR,ERR,ERR,ERR,ERR,ERR,ERR,ERR,ERR,ERR,ERR,ERR,ERR,ERR,ERR,ERR,ERR,ERR,ERR,ERR,ERR,ERR,ERR,ERR,ERR,ERR,ERR,ERR,ERR,ERR,ERR,ERR,ERR,ERR,ERR,ERR,ERR,ERR,ERR,ERR,ERR,ERR,ERR,ERR,ERR,ERR,ERR,ERR,ERR,ERR,ERR,ERR,ERR,ERR,ERR,0.0,-0.0,-107090032.0,-0.0,-1.9385067686977908e+25,-0.0,-0.0,0.0,4300,0,8,17177,4300,0.0,48,0.0,0.0,-0.0,0.0,2.7184166902131945e+23,0,0,0,0,0.0,0,0,0,0,0,0,0,0,0,0,0,0,0,0,0,0,0,0,0,0,0,0,0,0,0,0,0,0,0,0,0,0,0,11,35,35,45,65476,363,65476,1,0,4,21553,0.0,2.7183305813883192e+23,-1.0138419139631834e+36,0.0,0.0,0.0,0.0,0.0,0.0,0.0,0.0,0.0,0.0,0.0,0.0,0.0,0.0,0.0,0.0,0.0,0.0,2.004,2.004,-3.6970818999223845e+19,-2.004,3.697077062071222e+19,0.0,0.0,0.0,0.0,5781.0,-0.0,0.0,0.0,-0.0,0.0,-0.0,0.0,0.0,2.004,2.004,226,-3.222003136178649e+26,-0.0,0.0,0.0,0.0,0.0,0.0,0.0,0.0,0,0,0,nan,-0.0,0.0,-6.4970607030704264e+35,1.846,0.0,-0.0,0.0,0.0,-4.346762671067244e+22,-0.0,154428048.0,0.0,0.0,0.0,0.0,0,1.3516416376850534e+27,226,0.0,452,-74360974999552.0,4.538271724008914e+24,2114,0,17110,0,17112,0,17096,0,0,0,101,100,100,2.7302334150594743e+23,64.2,2.7302335952034594e+23,64.5,0.0,64.5,1,49,50,180,52429,0,0,0,0.0,0.0,0.0,60.0,30099664896.0,71.0,0.0,-7.06764948434506e+20,0.0,1069,0,1070,0,0,0,1070,0,1080,0,1000,0,645,0,647,0,642,0,676,0.032,1.0551537610161864e+22,0.0,0.0,16656,16814,6.875307197018931e+16,-7.06764948434506e+20,0.0,-0.0,0.0,-0.0,50.0,60.0,35,0.0,0.0,10.0,2.0,0.0,0.0,0.0,0.0,0.0,0.0,0.0,0.0,0.0,0.0,0.0,0.0,58.8,25,35,2,27,65476,636,65476,1,0,4,20529,65476,0,0,30147,60.0,0.0,10.0,10.0,2.0,0.0
2026-02-16T12:17:17,ERR,ERR,ERR,ERR,ERR,ERR,ERR,ERR,ERR,ERR,ERR,ERR,ERR,ERR,ERR,ERR,ERR,ERR,ERR,ERR,ERR,ERR,ERR,ERR,ERR,ERR,ERR,ERR,ERR,ERR,ERR,ERR,ERR,ERR,ERR,ERR,ERR,ERR,ERR,ERR,ERR,ERR,ERR,ERR,ERR,ERR,ERR,ERR,ERR,ERR,ERR,ERR,ERR,ERR,ERR,ERR,ERR,ERR,ERR,ERR,ERR,ERR,ERR,ERR,ERR,ERR,ERR,ERR,ERR,ERR,ERR,ERR,ERR,ERR,ERR,ERR,ERR,ERR,ERR,ERR,ERR,ERR,ERR,ERR,ERR,ERR,ERR,ERR,ERR,ERR,ERR,ERR,ERR,ERR,ERR,ERR,ERR,ERR,ERR,ERR,ERR,ERR,ERR,ERR,ERR,ERR,ERR,ERR,ERR,ERR,ERR,ERR,ERR,ERR,ERR,ERR,ERR,ERR,ERR,ERR,ERR,ERR,ERR,ERR,ERR,0.0,-0.0,-107090032.0,-0.0,-1.9385067686977908e+25,-0.0,-0.0,0.0,4300,0,8,17177,4300,0.0,48,0.0,0.0,-0.0,0.0,2.7184166902131945e+23,0,0,0,0,0.0,0,0,0,0,0,0,0,0,0,0,0,0,0,0,0,0,0,0,0,0,0,0,0,0,0,0,0,0,0,0,0,0,0,11,35,35,45,65476,363,65476,1,0,4,21553,0.0,2.7183305813883192e+23,-1.0138419139631834e+36,0.0,0.0,0.0,0.0,0.0,0.0,0.0,0.0,0.0,0.0,0.0,0.0,0.0,0.0,0.0,0.0,0.0,0.0,2.004,2.004,-3.6970818999223845e+19,-2.004,3.697077062071222e+19,0.0,0.0,0.0,0.0,5781.0,-0.0,0.0,0.0,-0.0,0.0,-0.0,0.0,0.0,2.004,2.004,226,-3.222003136178649e+26,-0.0,0.0,0.0,0.0,0.0,0.0,0.0,0.0,0,0,0,nan,-0.0,0.0,-6.4970607030704264e+35,1.846,0.0,-0.0,0.0,0.0,-4.346762671067244e+22,-0.0,154428048.0,0.0,0.0,0.0,0.0,0,1.3516416376850534e+27,226,0.0,452,-74360974999552.0,4.538271724008914e+24,2114,0,17110,0,17112,0,17096,0,0,0,101,100,100,2.7302334150594743e+23,64.2,2.7302335952034594e+23,64.5,0.0,64.5,1,49,50,180,0,0,0,0,0.0,0.0,0.0,60.0,4.724675129783958e+27,71.0,0.0,-2.9313630907391803e+20,0.0,1070,0,1070,0,0,0,1070,0,1080,0,1000,0,645,0,647,0,642,0,676,0.032,1.0625324586456702e+22,0.0,0.0,11408,16814,3171167091294208.0,-2.9313630907391803e+20,0.0,-0.0,0.0,-0.0,50.0,60.0,35,0.0,0.0,10.0,2.0,0.0,0.0,0.0,0.0,0.0,0.0,0.0,0.0,0.0,0.0,0.0,0.0,58.8,23,36,3,27,65476,589,65476,1,0,4,20529,65476,0,0,30147,60.0,0.0,10.0,10.0,2.0,0.0
2026-02-16T12:17:18,ERR,ERR,ERR,ERR,ERR,ERR,ERR,ERR,ERR,ERR,ERR,ERR,ERR,ERR,ERR,ERR,ERR,ERR,ERR,ERR,ERR,ERR,ERR,ERR,ERR,ERR,ERR,ERR,ERR,ERR,ERR,ERR,ERR,ERR,ERR,ERR,ERR,ERR,ERR,ERR,ERR,ERR,ERR,ERR,ERR,ERR,ERR,ERR,ERR,ERR,ERR,ERR,ERR,ERR,ERR,ERR,ERR,ERR,ERR,ERR,ERR,ERR,ERR,ERR,ERR,ERR,ERR,ERR,ERR,ERR,ERR,ERR,ERR,ERR,ERR,ERR,ERR,ERR,ERR,ERR,ERR,ERR,ERR,ERR,ERR,ERR,ERR,ERR,ERR,ERR,ERR,ERR,ERR,ERR,ERR,ERR,ERR,ERR,ERR,ERR,ERR,ERR,ERR,ERR,ERR,ERR,ERR,ERR,ERR,ERR,ERR,ERR,ERR,ERR,ERR,ERR,ERR,ERR,ERR,ERR,ERR,ERR,ERR,ERR,ERR,0.0,-0.0,-107090032.0,-0.0,-1.9385067686977908e+25,0.0,8.013023273771528e+30,-0.0,4300,0,8,17177,4300,0.0,49,0.0,0.0,-0.0,0.0,2.7184166902131945e+23,0,0,0,0,0.0,0,0,0,0,0,0,0,0,0,0,0,0,0,0,0,0,0,0,0,0,0,0,0,0,0,0,0,0,0,0,0,0,0,11,35,35,46,65476,364,65476,1,0,4,21553,0.0,0.0,-0.0,0.0,0.0,0.0,0.0,0.0,0.0,0.0,0.0,0.0,0.0,0.0,0.0,0.0,0.0,0.0,0.0,0.0,0.0,2.004,2.004,-3.6970818999223845e+19,-2.004,3.697077062071222e+19,0.0,0.0,0.0,0.0,5414.0,-3.697191851085162e+19,0.0,0.0,-0.0,0.0,-0.0,-0.0,0.0,2.004,2.004,226,5.8480564754410164e+35,4.0668600804329706e+29,0.0,0.0,0.0,0.0,0.0,0.0,0.0,0,0,0,-0.0,-0.0,0.0,-0.0,889911.0,0.0,371248.438,-3.269298330102166e+28,-0.0,-4.730454947800403e+22,-0.0,170156688.0,0.0,0.0,0.0,0.0,0,1.3516416376850534e+27,226,0.0,452,0.0,-0.0,2114,0,17110,0,17112,0,17096,0,0,0,101,100,100,2.7302334150594743e+23,64.2,2.7302335952034594e+23,64.5,0.0,64.5,1,49,50,180,0,0,0,0,0.0,0.0,0.0,60.0,4.724675129783958e+27,71.0,0.0,-2.9313630907391803e+20,0.0,1070,0,1070,0,0,0,1070,0,1080,0,1000,0,645,0,647,0,642,0,676,0.032,1.0625324586456702e+22,0.0,0.0,11408,16814,3171167091294208.0,-2.9313630907391803e+20,0.0,-0.0,0.0,-0.0,50.0,60.0,35,0.0,0.0,10.0,2.0,0.0,0.0,0.0,0.0,0.0,0.0,0.0,0.0,0.0,0.0,0.0,0.0,58.8,23,36,3,27,65476,589,65476,1,0,4,20529,65476,0,0,30147,60.0,0.0,10.0,10.0,2.0,0.0
2026-02-16T12:17:19,ERR,ERR,ERR,ERR,ERR,ERR,ERR,ERR,ERR,ERR,ERR,ERR,ERR,ERR,ERR,ERR,ERR,ERR,ERR,ERR,ERR,ERR,ERR,ERR,ERR,ERR,ERR,ERR,ERR,ERR,ERR,ERR,ERR,ERR,ERR,ERR,ERR,ERR,ERR,ERR,ERR,ERR,ERR,ERR,ERR,ERR,ERR,ERR,ERR,ERR,ERR,ERR,ERR,ERR,ERR,ERR,ERR,ERR,ERR,ERR,ERR,ERR,ERR,ERR,ERR,ERR,ERR,ERR,ERR,ERR,ERR,ERR,ERR,ERR,ERR,ERR,ERR,ERR,ERR,ERR,ERR,ERR,ERR,ERR,ERR,ERR,ERR,ERR,ERR,ERR,ERR,ERR,ERR,ERR,ERR,ERR,ERR,ERR,ERR,ERR,ERR,ERR,ERR,ERR,ERR,ERR,ERR,ERR,ERR,ERR,ERR,ERR,ERR,ERR,ERR,ERR,ERR,ERR,ERR,ERR,ERR,ERR,ERR,ERR,ERR,0.0,-0.0,-107090032.0,-0.0,-1.9385067686977908e+25,0.0,8.013023273771528e+30,-0.0,4300,0,8,17177,4300,0.0,49,0.0,0.0,-0.0,0.0,2.7184166902131945e+23,0,0,0,0,0.0,0,0,0,0,0,0,0,0,0,0,0,0,0,0,0,0,0,0,0,0,0,0,0,0,0,0,0,0,0,0,0,0,0,11,35,35,46,65476,364,65476,1,0,4,21553,0.0,0.0,-0.0,0.0,0.0,0.0,0.0,0.0,0.0,0.0,0.0,0.0,0.0,0.0,0.0,0.0,0.0,0.0,0.0,0.0,0.0,2.004,2.004,-3.6970818999223845e+19,-2.004,3.697077062071222e+19,0.0,0.0,0.0,0.0,5414.0,-3.697191851085162e+19,0.0,0.0,-0.0,0.0,-0.0,-0.0,0.0,2.004,2.004,226,5.8480564754410164e+35,4.0668600804329706e+29,0.0,0.0,0.0,0.0,0.0,0.0,0.0,0,0,0,-0.0,-0.0,0.0,-0.0,889911.0,0.0,371248.438,-3.269298330102166e+28,-0.0,-4.730454947800403e+22,-0.0,170156688.0,0.0,0.0,0.0,0.0,0,1.3516416376850534e+27,226,0.0,452,0.0,-0.0,2114,0,17110,0,17112,0,17096,0,0,0,101,100,100,2.7302334150594743e+23,64.2,2.7302335952034594e+23,64.5,0.0,64.5,1,49,50,180,0,0,0,0,0.0,0.0,0.0,60.0,4.724675129783958e+27,71.0,0.0,-2.9313630907391803e+20,0.0,1070,0,1070,0,0,0,1070,0,1080,0,1000,0,645,0,647,0,642,0,676,0.032,1.0625324586456702e+22,0.0,0.0,11408,16814,3171167091294208.0,-2.9313630907391803e+20,0.0,-0.0,0.0,-0.0,50.0,60.0,35,0.0,0.0,10.0,2.0,0.0,0.0,0.0,0.0,0.0,0.0,0.0,0.0,0.0,0.0,0.0,0.0,58.8,22,37,4,27,65476,589,65476,1,0,4,20529,65476,0,0,30147,60.0,0.0,10.0,10.0,2.0,0.0
2026-02-16T12:17:20,ERR,ERR,ERR,ERR,ERR,ERR,ERR,ERR,ERR,ERR,ERR,ERR,ERR,ERR,ERR,ERR,ERR,ERR,ERR,ERR,ERR,ERR,ERR,ERR,ERR,ERR,ERR,ERR,ERR,ERR,ERR,ERR,ERR,ERR,ERR,ERR,ERR,ERR,ERR,ERR,ERR,ERR,ERR,ERR,ERR,ERR,ERR,ERR,ERR,ERR,ERR,ERR,ERR,ERR,ERR,ERR,ERR,ERR,ERR,ERR,ERR,ERR,ERR,ERR,ERR,ERR,ERR,ERR,ERR,ERR,ERR,ERR,ERR,ERR,ERR,ERR,ERR,ERR,ERR,ERR,ERR,ERR,ERR,ERR,ERR,ERR,ERR,ERR,ERR,ERR,ERR,ERR,ERR,ERR,ERR,ERR,ERR,ERR,ERR,ERR,ERR,ERR,ERR,ERR,ERR,ERR,ERR,ERR,ERR,ERR,ERR,ERR,ERR,ERR,ERR,ERR,ERR,ERR,ERR,ERR,ERR,ERR,ERR,ERR,ERR,0.0,-0.0,-107090032.0,-0.0,-1.9385067686977908e+25,0.0,8.013023273771528e+30,-0.0,4300,0,8,17177,4300,0.0,49,0.0,0.0,-0.0,0.0,2.7184166902131945e+23,0,0,0,0,0.0,0,0,0,0,0,0,0,0,0,0,0,0,0,0,0,0,0,0,0,0,0,0,0,0,0,0,0,0,0,0,0,0,0,11,35,35,46,65476,364,65476,1,0,4,21553,0.0,0.0,-0.0,0.0,0.0,0.0,0.0,0.0,0.0,0.0,0.0,0.0,0.0,0.0,0.0,0.0,0.0,0.0,0.0,0.0,0.0,2.004,2.004,-3.6970818999223845e+19,-2.004,3.697077062071222e+19,0.0,0.0,0.0,0.0,5414.0,-3.697191851085162e+19,0.0,0.0,-0.0,0.0,-0.0,-0.0,0.0,2.004,2.004,226,5.8480564754410164e+35,4.0668600804329706e+29,0.0,0.0,0.0,0.0,0.0,0.0,0.0,0,0,0,-0.0,-0.0,0.0,-0.0,889911.0,0.0,371248.438,-3.269298330102166e+28,-0.0,-4.730454947800403e+22,-0.0,170156688.0,0.0,0.0,0.0,0.0,0,1.3516416376850534e+27,226,0.0,452,0.0,-0.0,2114,0,17110,0,17112,0,17096,0,0,0,101,100,100,2.7302334150594743e+23,64.2,2.7302335952034594e+23,64.5,0.0,64.5,1,49,50,180,0,0,0,0,0.0,0.0,0.0,60.0,1.3166711764904584e+25,71.0,0.0,-0.029,0.0,1070,0,1070,0,0,0,1069,0,1080,0,1000,0,645,0,647,0,642,0,676,0.032,1.0551537610161864e+22,0.0,0.0,2960,16814,11494018252800.0,-0.0,-1.6166770992950846e+38,0.0,-5.395320510505677e+34,5.32522422165548e+37,50.0,60.0,35,0.0,0.0,10.0,2.0,0.0,0.0,0.0,0.0,0.0,0.0,0.0,0.0,0.0,0.0,0.0,0.0,58.8,22,37,4,27,65476,589,65476,1,0,4,20529,65476,0,0,30147,60.0,0.0,10.0,10.0,2.0,0.0
2026-02-16T12:17:21,ERR,ERR,ERR,ERR,ERR,ERR,ERR,ERR,ERR,ERR,ERR,ERR,ERR,ERR,ERR,ERR,ERR,ERR,ERR,ERR,ERR,ERR,ERR,ERR,ERR,ERR,ERR,ERR,ERR,ERR,ERR,ERR,ERR,ERR,ERR,ERR,ERR,ERR,ERR,ERR,ERR,ERR,ERR,ERR,ERR,ERR,ERR,ERR,ERR,ERR,ERR,ERR,ERR,ERR,ERR,ERR,ERR,ERR,ERR,ERR,ERR,ERR,ERR,ERR,ERR,ERR,ERR,ERR,ERR,ERR,ERR,ERR,ERR,ERR,ERR,ERR,ERR,ERR,ERR,ERR,ERR,ERR,ERR,ERR,ERR,ERR,ERR,ERR,ERR,ERR,ERR,ERR,ERR,ERR,ERR,ERR,ERR,ERR,ERR,ERR,ERR,ERR,ERR,ERR,ERR,ERR,ERR,ERR,ERR,ERR,ERR,ERR,ERR,ERR,ERR,ERR,ERR,ERR,ERR,ERR,ERR,ERR,ERR,ERR,ERR,0.0,-0.0,-107090032.0,-0.0,-1.9385067686977908e+25,0.0,8.013023273771528e+30,-0.0,4300,0,8,17177,4300,0.0,49,0.0,0.0,-0.0,0.0,2.7184166902131945e+23,0,0,0,0,0.0,0,0,0,0,0,0,0,0,0,0,0,0,0,0,0,0,0,0,0,0,0,0,0,0,0,0,0,0,0,0,0,0,0,11,35,35,46,65476,364,65476,1,0,4,21553,0.0,0.0,-0.0,0.0,0.0,0.0,0.0,0.0,0.0,0.0,0.0,0.0,0.0,0.0,0.0,0.0,0.0,0.0,0.0,0.0,0.0,2.004,2.004,-3.6970818999223845e+19,-2.004,3.697077062071222e+19,0.0,0.0,0.0,0.0,5414.0,-3.697191851085162e+19,0.0,0.0,-0.0,0.0,-0.0,-0.0,0.0,2.004,2.004,226,5.8480564754410164e+35,4.0668600804329706e+29,0.0,0.0,0.0,0.0,0.0,0.0,0.0,0,0,0,-0.0,-0.0,0.0,-0.0,889911.0,0.0,371248.438,-3.269298330102166e+28,-0.0,-4.730454947800403e+22,-0.0,170156688.0,0.0,0.0,0.0,0.0,0,1.3516416376850534e+27,226,0.0,452,0.0,-0.0,2114,0,17110,0,17112,0,17096,0,0,0,101,100,100,2.7302334150594743e+23,64.2,2.7302335952034594e+23,64.5,0.0,64.5,1,49,50,180,0,0,0,0,0.0,0.0,0.0,60.0,1.3166711764904584e+25,71.0,0.0,-0.029,0.0,1070,0,1070,0,0,0,1069,0,1080,0,1000,0,645,0,647,0,642,0,676,0.032,1.0551537610161864e+22,0.0,0.0,2960,16814,11494018252800.0,-0.0,-1.6166770992950846e+38,0.0,-5.395320510505677e+34,5.32522422165548e+37,50.0,60.0,35,0.0,0.0,10.0,2.0,0.0,0.0,0.0,0.0,0.0,0.0,0.0,0.0,0.0,0.0,0.0,0.0,59.2,22,38,5,27,65476,562,65476,1,0,4,20529,65476,0,0,30147,60.0,0.0,10.0,10.0,2.0,0.0
2026-02-16T12:17:22,ERR,ERR,ERR,ERR,ERR,ERR,ERR,ERR,ERR,ERR,ERR,ERR,ERR,ERR,ERR,ERR,ERR,ERR,ERR,ERR,ERR,ERR,ERR,ERR,ERR,ERR,ERR,ERR,ERR,ERR,ERR,ERR,ERR,ERR,ERR,ERR,ERR,ERR,ERR,ERR,ERR,ERR,ERR,ERR,ERR,ERR,ERR,ERR,ERR,ERR,ERR,ERR,ERR,ERR,ERR,ERR,ERR,ERR,ERR,ERR,ERR,ERR,ERR,ERR,ERR,ERR,ERR,ERR,ERR,ERR,ERR,ERR,ERR,ERR,ERR,ERR,ERR,ERR,ERR,ERR,ERR,ERR,ERR,ERR,ERR,ERR,ERR,ERR,ERR,ERR,ERR,ERR,ERR,ERR,ERR,ERR,ERR,ERR,ERR,ERR,ERR,ERR,ERR,ERR,ERR,ERR,ERR,ERR,ERR,ERR,ERR,ERR,ERR,ERR,ERR,ERR,ERR,ERR,ERR,ERR,ERR,ERR,ERR,ERR,ERR,0.0,-0.0,-107090032.0,-0.0,-1.9385067686977908e+25,0.0,8.013023273771528e+30,-0.0,4300,0,8,17177,4300,0.0,49,0.0,0.0,-0.0,0.0,2.7184166902131945e+23,0,0,0,0,0.0,0,0,0,0,0,0,0,0,0,0,0,0,0,0,0,0,0,0,0,0,0,0,0,0,0,0,0,0,0,0,0,0,0,11,35,35,46,65476,364,65476,1,0,4,21553,0.0,0.0,-0.0,0.0,0.0,0.0,0.0,0.0,0.0,0.0,0.0,0.0,0.0,0.0,0.0,0.0,0.0,0.0,0.0,0.0,0.0,2.004,2.004,-3.6970818999223845e+19,-2.004,3.697077062071222e+19,0.0,0.0,0.0,0.0,5414.0,-3.697191851085162e+19,0.0,0.0,-0.0,0.0,-0.0,-0.0,0.0,2.004,2.004,226,5.8480564754410164e+35,4.0668600804329706e+29,0.0,0.0,0.0,0.0,0.0,0.0,0.0,0,0,0,-0.0,-0.0,0.0,-0.0,889911.0,0.0,371248.438,-3.269298330102166e+28,-0.0,-4.730454947800403e+22,-0.0,170156688.0,0.0,0.0,0.0,0.0,0,1.3516416376850534e+27,226,0.0,452,0.0,-0.0,2114,0,17110,0,17112,0,17096,0,0,0,101,100,100,2.7302334150594743e+23,64.2,2.7302335952034594e+23,64.5,0.0,64.5,1,49,50,180,0,0,0,0,0.0,0.0,0.0,60.0,1.3166711764904584e+25,71.0,0.0,-0.029,0.0,1070,0,1070,0,0,0,1069,0,1080,0,1000,0,645,0,647,0,642,0,676,0.032,1.0551537610161864e+22,0.0,0.0,2960,16814,11494018252800.0,-0.0,-1.6166770992950846e+38,0.0,-5.395320510505677e+34,5.32522422165548e+37,50.0,60.0,35,0.0,0.0,10.0,2.0,0.0,0.0,0.0,0.0,0.0,0.0,0.0,0.0,0.0,0.0,0.0,0.0,59.2,22,38,5,27,65476,562,65476,1,0,4,20529,65476,0,0,30147,60.0,0.0,10.0,10.0,2.0,0.0
2026-02-16T12:17:23,ERR,ERR,ERR,ERR,ERR,ERR,ERR,ERR,ERR,ERR,ERR,ERR,ERR,ERR,ERR,ERR,ERR,ERR,ERR,ERR,ERR,ERR,ERR,ERR,ERR,ERR,ERR,ERR,ERR,ERR,ERR,ERR,ERR,ERR,ERR,ERR,ERR,ERR,ERR,ERR,ERR,ERR,ERR,ERR,ERR,ERR,ERR,ERR,ERR,ERR,ERR,ERR,ERR,ERR,ERR,ERR,ERR,ERR,ERR,ERR,ERR,ERR,ERR,ERR,ERR,ERR,ERR,ERR,ERR,ERR,ERR,ERR,ERR,ERR,ERR,ERR,ERR,ERR,ERR,ERR,ERR,ERR,ERR,ERR,ERR,ERR,ERR,ERR,ERR,ERR,ERR,ERR,ERR,ERR,ERR,ERR,ERR,ERR,ERR,ERR,ERR,ERR,ERR,ERR,ERR,ERR,ERR,ERR,ERR,ERR,ERR,ERR,ERR,ERR,ERR,ERR,ERR,ERR,ERR,ERR,ERR,ERR,ERR,ERR,ERR,0.0,-0.0,-107090032.0,-0.0,-1.9385067686977908e+25,0.0,8.013023273771528e+30,-0.0,4300,0,8,17177,4300,0.0,49,0.0,0.0,-0.0,0.0,2.7184166902131945e+23,0,0,0,0,0.0,0,0,0,0,0,0,0,0,0,0,0,0,0,0,0,0,0,0,0,0,0,0,0,0,0,0,0,0,0,0,0,0,0,11,35,35,46,65476,364,65476,1,0,4,21553,0.0,0.0,-0.0,0.0,0.0,0.0,0.0,0.0,0.0,0.0,0.0,0.0,0.0,0.0,0.0,0.0,0.0,0.0,0.0,0.0,0.0,2.004,2.004,-3.6970818999223845e+19,-2.004,3.697077062071222e+19,0.0,0.0,0.0,0.0,5414.0,-3.697191851085162e+19,0.0,0.0,-0.0,0.0,-0.0,-0.0,0.0,2.004,2.004,226,5.8480564754410164e+35,4.0668600804329706e+29,0.0,0.0,0.0,0.0,0.0,0.0,0.0,0,0,0,-0.0,-0.0,0.0,-0.0,889911.0,0.0,371248.438,-3.269298330102166e+28,-0.0,-4.730454947800403e+22,-0.0,170156688.0,0.0,0.0,0.0,0.0,0,1.3516416376850534e+27,226,0.0,452,0.0,-0.0,2114,0,17110,0,17112,0,17096,0,0,0,101,100,100,2.7302334150594743e+23,64.2,2.7302335952034594e+23,64.5,0.0,64.5,1,49,50,180,0,0,0,0,0.0,0.0,0.0,60.0,1.3166711764904584e+25,71.0,0.0,-0.029,0.0,1070,0,1070,0,0,0,1069,0,1080,0,1000,0,645,0,647,0,642,0,676,0.032,1.0551537610161864e+22,0.0,0.0,2960,16814,11494018252800.0,-0.0,-1.6166770992950846e+38,0.0,-5.395320510505677e+34,5.32522422165548e+37,50.0,60.0,35,0.0,0.0,10.0,2.0,0.0,0.0,0.0,0.0,0.0,0.0,0.0,0.0,0.0,0.0,0.0,0.0,58.8,22,38,5,27,65476,562,65476,1,0,4,20529,65476,0,0,30147,60.0,0.0,10.0,10.0,2.0,0.0
2026-02-16T12:17:24,ERR,ERR,ERR,ERR,ERR,ERR,ERR,ERR,ERR,ERR,ERR,ERR,ERR,ERR,ERR,ERR,ERR,ERR,ERR,ERR,ERR,ERR,ERR,ERR,ERR,ERR,ERR,ERR,ERR,ERR,ERR,ERR,ERR,ERR,ERR,ERR,ERR,ERR,ERR,ERR,ERR,ERR,ERR,ERR,ERR,ERR,ERR,ERR,ERR,ERR,ERR,ERR,ERR,ERR,ERR,ERR,ERR,ERR,ERR,ERR,ERR,ERR,ERR,ERR,ERR,ERR,ERR,ERR,ERR,ERR,ERR,ERR,ERR,ERR,ERR,ERR,ERR,ERR,ERR,ERR,ERR,ERR,ERR,ERR,ERR,ERR,ERR,ERR,ERR,ERR,ERR,ERR,ERR,ERR,ERR,ERR,ERR,ERR,ERR,ERR,ERR,ERR,ERR,ERR,ERR,ERR,ERR,ERR,ERR,ERR,ERR,ERR,ERR,ERR,ERR,ERR,ERR,ERR,ERR,ERR,ERR,ERR,ERR,ERR,ERR,0.0,-0.0,-107090032.0,-0.0,-1.9385067686977908e+25,-0.0,-0.0,0.0,4300,0,8,17177,4300,0.0,49,0.0,0.0,-0.0,0.0,2.7184166902131945e+23,0,0,0,0,0.0,0,0,0,0,0,0,0,0,0,0,0,0,0,0,0,0,0,0,0,0,0,0,0,0,0,0,0,0,0,0,0,0,0,11,35,34,46,65476,364,65476,1,0,4,21553,0.0,-0.0,0.0,0.0,0.0,0.0,0.0,0.0,0.0,0.0,0.0,0.0,0.0,0.0,0.0,0.0,0.0,0.0,0.0,0.0,0.0,2.004,2.004,-3.6970818999223845e+19,-2.004,2.004,0.0,0.0,0.0,0.0,5433.0,0.0,0.0,0.0,-0.0,0.0,2.7184510977143476e+23,0.0,0.0,2.004,2.004,225,0.059,-0.0,0.0,0.0,0.0,0.0,0.0,0.0,0.0,0,0,0,-0.0,5.978793821395581e+24,0.0,-0.0,6.171890971828379e+26,-0.001,0.0,0.0,-0.0,-5.143662015051497e+22,-0.0,183788176.0,0.0,0.0,0.0,-1.9435362429954665e+30,0,1.3516416376850534e+27,225,0.0,450,-74360974999552.0,4.538271724008914e+24,2114,0,17110,0,17112,0,17096,0,0,0,101,100,100,2.7302334150594743e+23,64.2,2.7302335952034594e+23,64.5,0.0,64.5,1,49,50,180,0,0,0,0,0.0,0.0,0.0,60.0,21201330110464.0,71.0,0.0,0.0,0.0,1070,0,1070,0,0,0,1069,0,1080,0,1000,0,645,0,647,0,642,0,676,0.032,1.0551537610161864e+22,0.0,0.0,61072,16813,1026.08,0.0,0.0,-6.770097454400864e+28,0.0,-0.0,50.0,60.0,35,0.0,0.0,10.0,2.0,0.0,0.0,0.0,0.0,0.0,0.0,0.0,0.0,0.0,0.0,0.0,0.0,58.8,22,38,5,27,65476,542,65476,1,0,4,20529,65476,0,0,30147,60.0,0.0,10.0,10.0,2.0,0.0
2026-02-16T12:17:25,ERR,ERR,ERR,ERR,ERR,ERR,ERR,ERR,ERR,ERR,ERR,ERR,ERR,ERR,ERR,ERR,ERR,ERR,ERR,ERR,ERR,ERR,ERR,ERR,ERR,ERR,ERR,ERR,ERR,ERR,ERR,ERR,ERR,ERR,ERR,ERR,ERR,ERR,ERR,ERR,ERR,ERR,ERR,ERR,ERR,ERR,ERR,ERR,ERR,ERR,ERR,ERR,ERR,ERR,ERR,ERR,ERR,ERR,ERR,ERR,ERR,ERR,ERR,ERR,ERR,ERR,ERR,ERR,ERR,ERR,ERR,ERR,ERR,ERR,ERR,ERR,ERR,ERR,ERR,ERR,ERR,ERR,ERR,ERR,ERR,ERR,ERR,ERR,ERR,ERR,ERR,ERR,ERR,ERR,ERR,ERR,ERR,ERR,ERR,ERR,ERR,ERR,ERR,ERR,ERR,ERR,ERR,ERR,ERR,ERR,ERR,ERR,ERR,ERR,ERR,ERR,ERR,ERR,ERR,ERR,ERR,ERR,ERR,ERR,ERR,0.0,-0.0,-107090032.0,-0.0,-1.9385067686977908e+25,-0.0,-0.0,0.0,4300,0,8,17177,4300,0.0,49,0.0,0.0,-0.0,0.0,2.7184166902131945e+23,0,0,0,0,0.0,0,0,0,0,0,0,0,0,0,0,0,0,0,0,0,0,0,0,0,0,0,0,0,0,0,0,0,0,0,0,0,0,0,11,35,34,46,65476,364,65476,1,0,4,21553,0.0,-0.0,0.0,0.0,0.0,0.0,0.0,0.0,0.0,0.0,0.0,0.0,0.0,0.0,0.0,0.0,0.0,0.0,0.0,0.0,0.0,2.004,2.004,-3.6970818999223845e+19,-2.004,2.004,0.0,0.0,0.0,0.0,5433.0,0.0,0.0,0.0,-0.0,0.0,2.7184510977143476e+23,0.0,0.0,2.004,2.004,225,0.059,-0.0,0.0,0.0,0.0,0.0,0.0,0.0,0.0,0,0,0,-0.0,5.978793821395581e+24,0.0,-0.0,6.171890971828379e+26,-0.001,0.0,0.0,-0.0,-5.143662015051497e+22,-0.0,183788176.0,0.0,0.0,0.0,-1.9435362429954665e+30,0,1.3516416376850534e+27,225,0.0,450,-74360974999552.0,4.538271724008914e+24,2114,0,17110,0,17112,0,17096,0,0,0,101,100,100,2.7302334150594743e+23,64.2,2.7302335952034594e+23,64.5,0.0,64.5,1,49,50,180,0,0,0,0,0.0,0.0,0.0,60.0,21201330110464.0,71.0,0.0,0.0,0.0,1070,0,1070,0,0,0,1069,0,1080,0,1000,0,645,0,647,0,642,0,676,0.032,1.0551537610161864e+22,0.0,0.0,61072,16813,1026.08,0.0,0.0,-6.770097454400864e+28,0.0,-0.0,50.0,60.0,35,0.0,0.0,10.0,2.0,0.0,0.0,0.0,0.0,0.0,0.0,0.0,0.0,0.0,0.0,0.0,0.0,58.8,22,38,5,27,65476,542,65476,1,0,4,20529,65476,0,0,30147,60.0,0.0,10.0,10.0,2.0,0.0
2026-02-16T12:17:26,ERR,ERR,ERR,ERR,ERR,ERR,ERR,ERR,ERR,ERR,ERR,ERR,ERR,ERR,ERR,ERR,ERR,ERR,ERR,ERR,ERR,ERR,ERR,ERR,ERR,ERR,ERR,ERR,ERR,ERR,ERR,ERR,ERR,ERR,ERR,ERR,ERR,ERR,ERR,ERR,ERR,ERR,ERR,ERR,ERR,ERR,ERR,ERR,ERR,ERR,ERR,ERR,ERR,ERR,ERR,ERR,ERR,ERR,ERR,ERR,ERR,ERR,ERR,ERR,ERR,ERR,ERR,ERR,ERR,ERR,ERR,ERR,ERR,ERR,ERR,ERR,ERR,ERR,ERR,ERR,ERR,ERR,ERR,ERR,ERR,ERR,ERR,ERR,ERR,ERR,ERR,ERR,ERR,ERR,ERR,ERR,ERR,ERR,ERR,ERR,ERR,ERR,ERR,ERR,ERR,ERR,ERR,ERR,ERR,ERR,ERR,ERR,ERR,ERR,ERR,ERR,ERR,ERR,ERR,ERR,ERR,ERR,ERR,ERR,ERR,0.0,-0.0,-107090032.0,-0.0,-1.9385067686977908e+25,-0.0,-0.0,0.0,4300,0,8,17177,4300,0.0,49,0.0,0.0,-0.0,0.0,2.7184166902131945e+23,0,0,0,0,0.0,0,0,0,0,0,0,0,0,0,0,0,0,0,0,0,0,0,0,0,0,0,0,0,0,0,0,0,0,0,0,0,0,0,11,35,34,46,65476,364,65476,1,0,4,21553,0.0,-0.0,0.0,0.0,0.0,0.0,0.0,0.0,0.0,0.0,0.0,0.0,0.0,0.0,0.0,0.0,0.0,0.0,0.0,0.0,0.0,2.004,2.004,-3.6970818999223845e+19,-2.004,2.004,0.0,0.0,0.0,0.0,5433.0,0.0,0.0,0.0,-0.0,0.0,2.7184510977143476e+23,0.0,0.0,2.004,2.004,225,0.059,-0.0,0.0,0.0,0.0,0.0,0.0,0.0,0.0,0,0,0,-0.0,5.978793821395581e+24,0.0,-0.0,6.171890971828379e+26,-0.001,0.0,0.0,-0.0,-5.143662015051497e+22,-0.0,183788176.0,0.0,0.0,0.0,-1.9435362429954665e+30,0,1.3516416376850534e+27,225,0.0,450,-74360974999552.0,4.538271724008914e+24,2114,0,17110,0,17112,0,17096,0,0,0,101,100,100,2.7302334150594743e+23,64.2,2.7302335952034594e+23,64.5,0.0,64.5,1,49,50,180,0,0,0,0,0.0,0.0,0.0,60.0,21201330110464.0,71.0,0.0,0.0,0.0,1070,0,1070,0,0,0,1069,0,1080,0,1000,0,645,0,647,0,642,0,676,0.032,1.0551537610161864e+22,0.0,0.0,61072,16813,1026.08,0.0,0.0,-6.770097454400864e+28,0.0,-0.0,50.0,60.0,35,0.0,0.0,10.0,2.0,0.0,0.0,0.0,0.0,0.0,0.0,0.0,0.0,0.0,0.0,0.0,0.0,58.8,22,38,5,27,65476,552,65476,1,0,4,20529,65476,0,0,30147,60.0,0.0,10.0,10.0,2.0,0.0
2026-02-16T12:17:27,ERR,ERR,ERR,ERR,ERR,ERR,ERR,ERR,ERR,ERR,ERR,ERR,ERR,ERR,ERR,ERR,ERR,ERR,ERR,ERR,ERR,ERR,ERR,ERR,ERR,ERR,ERR,ERR,ERR,ERR,ERR,ERR,ERR,ERR,ERR,ERR,ERR,ERR,ERR,ERR,ERR,ERR,ERR,ERR,ERR,ERR,ERR,ERR,ERR,ERR,ERR,ERR,ERR,ERR,ERR,ERR,ERR,ERR,ERR,ERR,ERR,ERR,ERR,ERR,ERR,ERR,ERR,ERR,ERR,ERR,ERR,ERR,ERR,ERR,ERR,ERR,ERR,ERR,ERR,ERR,ERR,ERR,ERR,ERR,ERR,ERR,ERR,ERR,ERR,ERR,ERR,ERR,ERR,ERR,ERR,ERR,ERR,ERR,ERR,ERR,ERR,ERR,ERR,ERR,ERR,ERR,ERR,ERR,ERR,ERR,ERR,ERR,ERR,ERR,ERR,ERR,ERR,ERR,ERR,ERR,ERR,ERR,ERR,ERR,ERR,0.0,-0.0,-107090032.0,-0.0,-1.9385067686977908e+25,-0.0,-0.0,0.0,4300,0,8,17177,4300,0.0,49,0.0,0.0,-0.0,0.0,2.7184166902131945e+23,0,0,0,0,0.0,0,0,0,0,0,0,0,0,0,0,0,0,0,0,0,0,0,0,0,0,0,0,0,0,0,0,0,0,0,0,0,0,0,11,35,34,46,65476,364,65476,1,0,4,21553,0.0,-0.0,0.0,0.0,0.0,0.0,0.0,0.0,0.0,0.0,0.0,0.0,0.0,0.0,0.0,0.0,0.0,0.0,0.0,0.0,0.0,2.004,2.004,-3.6970818999223845e+19,-2.004,2.004,0.0,0.0,0.0,0.0,5433.0,0.0,0.0,0.0,-0.0,0.0,2.7184510977143476e+23,0.0,0.0,2.004,2.004,225,0.059,-0.0,0.0,0.0,0.0,0.0,0.0,0.0,0.0,0,0,0,-0.0,5.978793821395581e+24,0.0,-0.0,6.171890971828379e+26,-0.001,0.0,0.0,-0.0,-5.143662015051497e+22,-0.0,183788176.0,0.0,0.0,0.0,-1.9435362429954665e+30,0,1.3516416376850534e+27,225,0.0,450,-74360974999552.0,4.538271724008914e+24,2114,0,17110,0,17112,0,17096,0,0,0,101,100,100,2.7302334150594743e+23,64.2,2.7302335952034594e+23,64.5,0.0,64.5,1,49,50,180,0,0,0,0,0.0,0.0,0.0,60.0,21201330110464.0,71.0,0.0,0.0,0.0,1070,0,1070,0,0,0,1069,0,1080,0,1000,0,645,0,647,0,642,0,676,0.032,1.0551537610161864e+22,0.0,0.0,61072,16813,1026.08,0.0,0.0,-6.770097454400864e+28,0.0,-0.0,50.0,60.0,35,0.0,0.0,10.0,2.0,0.0,0.0,0.0,0.0,0.0,0.0,0.0,0.0,0.0,0.0,0.0,0.0,58.8,22,38,5,27,65476,552,65476,1,0,4,20529,65476,0,0,30147,60.0,0.0,10.0,10.0,2.0,0.0
2026-02-16T12:17:28,ERR,ERR,ERR,ERR,ERR,ERR,ERR,ERR,ERR,ERR,ERR,ERR,ERR,ERR,ERR,ERR,ERR,ERR,ERR,ERR,ERR,ERR,ERR,ERR,ERR,ERR,ERR,ERR,ERR,ERR,ERR,ERR,ERR,ERR,ERR,ERR,ERR,ERR,ERR,ERR,ERR,ERR,ERR,ERR,ERR,ERR,ERR,ERR,ERR,ERR,ERR,ERR,ERR,ERR,ERR,ERR,ERR,ERR,ERR,ERR,ERR,ERR,ERR,ERR,ERR,ERR,ERR,ERR,ERR,ERR,ERR,ERR,ERR,ERR,ERR,ERR,ERR,ERR,ERR,ERR,ERR,ERR,ERR,ERR,ERR,ERR,ERR,ERR,ERR,ERR,ERR,ERR,ERR,ERR,ERR,ERR,ERR,ERR,ERR,ERR,ERR,ERR,ERR,ERR,ERR,ERR,ERR,ERR,ERR,ERR,ERR,ERR,ERR,ERR,ERR,ERR,ERR,ERR,ERR,ERR,ERR,ERR,ERR,ERR,ERR,0.0,-0.0,-107090032.0,-0.0,-1.9385067686977908e+25,0.0,-0.0,-33294649393152.0,4300,0,8,17177,4300,0.0,49,0.0,0.0,-0.0,0.0,2.7184166902131945e+23,0,0,0,0,0.0,0,0,0,0,0,0,0,0,0,0,0,0,0,0,0,0,0,0,0,0,0,0,0,0,0,0,0,0,0,0,0,0,0,12,35,34,46,65476,373,65476,1,0,4,21553,0.0,2.7183305813883192e+23,-0.0,0.0,0.0,0.0,0.0,0.0,0.0,0.0,0.0,0.0,0.0,0.0,0.0,0.0,0.0,0.0,0.0,0.0,0.0,2.004,2.004,-3.6970818999223845e+19,-0.0,0.0,0.0,0.0,0.0,0.0,5701.0,564147309772800.0,0.0,0.0,-0.0,-107616232.0,107616280.0,-0.0,0.0,2.004,2.004,225,-71.629,-4.9504127367800114e+32,0.0,0.0,0.0,0.0,0.0,0.0,0.0,0,0,0,-0.0,-1.3971000094322388e+35,0.0,0.0,2755883008.0,-0.0,-1042.189,-39533416448.0,16.284,-5.5568690823025905e+22,-0.0,197419664.0,0.0,0.0,0.0,-3.971249006197288e+26,0,1.3516416376850534e+27,225,0.0,450,-0.0,4.5382711475481616e+24,2114,0,17110,0,17112,0,17096,0,0,0,101,100,100,2.7302334150594743e+23,64.2,2.7302335952034594e+23,64.6,0.0,64.5,1,49,50,180,0,0,0,0,0.0,0.0,0.0,60.0,1954.08,71.0,0.0,-0.0,0.0,1070,0,1070,0,0,0,1069,0,1080,0,1000,0,646,0,647,0,642,0,676,0.032,1.0551537610161864e+22,0.0,0.0,60176,16813,22449254400.0,-0.0,-0.0,2581717189656576.0,-0.205,0.0,50.0,60.0,35,0.0,0.0,10.0,2.0,0.0,0.0,0.0,0.0,0.0,0.0,0.0,0.0,0.0,0.0,0.0,0.0,58.8,23,37,4,27,65476,552,65476,1,0,4,20529,65476,0,0,30147,60.0,0.0,10.0,10.0,2.0,0.0
2026-02-16T12:17:29,ERR,ERR,ERR,ERR,ERR,ERR,ERR,ERR,ERR,ERR,ERR,ERR,ERR,ERR,ERR,ERR,ERR,ERR,ERR,ERR,ERR,ERR,ERR,ERR,ERR,ERR,ERR,ERR,ERR,ERR,ERR,ERR,ERR,ERR,ERR,ERR,ERR,ERR,ERR,ERR,ERR,ERR,ERR,ERR,ERR,ERR,ERR,ERR,ERR,ERR,ERR,ERR,ERR,ERR,ERR,ERR,ERR,ERR,ERR,ERR,ERR,ERR,ERR,ERR,ERR,ERR,ERR,ERR,ERR,ERR,ERR,ERR,ERR,ERR,ERR,ERR,ERR,ERR,ERR,ERR,ERR,ERR,ERR,ERR,ERR,ERR,ERR,ERR,ERR,ERR,ERR,ERR,ERR,ERR,ERR,ERR,ERR,ERR,ERR,ERR,ERR,ERR,ERR,ERR,ERR,ERR,ERR,ERR,ERR,ERR,ERR,ERR,ERR,ERR,ERR,ERR,ERR,ERR,ERR,ERR,ERR,ERR,ERR,ERR,ERR,0.0,-0.0,-107090032.0,-0.0,-1.9385067686977908e+25,0.0,-0.0,-33294649393152.0,4300,0,8,17177,4300,0.0,49,0.0,0.0,-0.0,0.0,2.7184166902131945e+23,0,0,0,0,0.0,0,0,0,0,0,0,0,0,0,0,0,0,0,0,0,0,0,0,0,0,0,0,0,0,0,0,0,0,0,0,0,0,0,12,35,34,46,65476,373,65476,1,0,4,21553,0.0,2.7183305813883192e+23,-0.0,0.0,0.0,0.0,0.0,0.0,0.0,0.0,0.0,0.0,0.0,0.0,0.0,0.0,0.0,0.0,0.0,0.0,0.0,2.004,2.004,-3.6970818999223845e+19,-0.0,0.0,0.0,0.0,0.0,0.0,5701.0,564147309772800.0,0.0,0.0,-0.0,-107616232.0,107616280.0,-0.0,0.0,2.004,2.004,225,-71.629,-4.9504127367800114e+32,0.0,0.0,0.0,0.0,0.0,0.0,0.0,0,0,0,-0.0,-1.3971000094322388e+35,0.0,0.0,2755883008.0,-0.0,-1042.189,-39533416448.0,16.284,-5.5568690823025905e+22,-0.0,197419664.0,0.0,0.0,0.0,-3.971249006197288e+26,0,1.3516416376850534e+27,225,0.0,450,-0.0,4.5382711475481616e+24,2114,0,17110,0,17112,0,17096,0,0,0,101,100,100,2.7302334150594743e+23,64.2,2.7302335952034594e+23,64.6,0.0,64.5,1,49,50,180,0,0,0,0,0.0,0.0,0.0,60.0,1954.08,71.0,0.0,-0.0,0.0,1070,0,1070,0,0,0,1069,0,1080,0,1000,0,646,0,647,0,642,0,676,0.032,1.0551537610161864e+22,0.0,0.0,60176,16813,22449254400.0,-0.0,-0.0,2581717189656576.0,-0.205,0.0,50.0,60.0,35,0.0,0.0,10.0,2.0,0.0,0.0,0.0,0.0,0.0,0.0,0.0,0.0,0.0,0.0,0.0,0.0,58.8,23,37,4,27,65476,584,65476,1,0,4,20529,65476,0,0,30147,60.0,0.0,10.0,10.0,2.0,0.0
2026-02-16T12:17:30,ERR,ERR,ERR,ERR,ERR,ERR,ERR,ERR,ERR,ERR,ERR,ERR,ERR,ERR,ERR,ERR,ERR,ERR,ERR,ERR,ERR,ERR,ERR,ERR,ERR,ERR,ERR,ERR,ERR,ERR,ERR,ERR,ERR,ERR,ERR,ERR,ERR,ERR,ERR,ERR,ERR,ERR,ERR,ERR,ERR,ERR,ERR,ERR,ERR,ERR,ERR,ERR,ERR,ERR,ERR,ERR,ERR,ERR,ERR,ERR,ERR,ERR,ERR,ERR,ERR,ERR,ERR,ERR,ERR,ERR,ERR,ERR,ERR,ERR,ERR,ERR,ERR,ERR,ERR,ERR,ERR,ERR,ERR,ERR,ERR,ERR,ERR,ERR,ERR,ERR,ERR,ERR,ERR,ERR,ERR,ERR,ERR,ERR,ERR,ERR,ERR,ERR,ERR,ERR,ERR,ERR,ERR,ERR,ERR,ERR,ERR,ERR,ERR,ERR,ERR,ERR,ERR,ERR,ERR,ERR,ERR,ERR,ERR,ERR,ERR,0.0,-0.0,-107090032.0,-0.0,-1.9385067686977908e+25,0.0,-0.0,-33294649393152.0,4300,0,8,17177,4300,0.0,49,0.0,0.0,-0.0,0.0,2.7184166902131945e+23,0,0,0,0,0.0,0,0,0,0,0,0,0,0,0,0,0,0,0,0,0,0,0,0,0,0,0,0,0,0,0,0,0,0,0,0,0,0,0,12,35,34,46,65476,373,65476,1,0,4,21553,0.0,2.7183305813883192e+23,-0.0,0.0,0.0,0.0,0.0,0.0,0.0,0.0,0.0,0.0,0.0,0.0,0.0,0.0,0.0,0.0,0.0,0.0,0.0,2.004,2.004,-3.6970818999223845e+19,-0.0,0.0,0.0,0.0,0.0,0.0,5701.0,564147309772800.0,0.0,0.0,-0.0,-107616232.0,107616280.0,-0.0,0.0,2.004,2.004,225,-71.629,-4.9504127367800114e+32,0.0,0.0,0.0,0.0,0.0,0.0,0.0,0,0,0,-0.0,-1.3971000094322388e+35,0.0,0.0,2755883008.0,-0.0,-1042.189,-39533416448.0,16.284,-5.5568690823025905e+22,-0.0,197419664.0,0.0,0.0,0.0,-3.971249006197288e+26,0,1.3516416376850534e+27,225,0.0,450,-0.0,4.5382711475481616e+24,2114,0,17110,0,17112,0,17096,0,0,0,101,100,100,2.7302334150594743e+23,64.2,2.7302335952034594e+23,64.6,0.0,64.5,1,49,50,180,0,0,0,0,0.0,0.0,0.0,60.0,1954.08,71.0,0.0,-0.0,0.0,1070,0,1070,0,0,0,1069,0,1080,0,1000,0,646,0,647,0,642,0,676,0.032,1.0551537610161864e+22,0.0,0.0,60176,16813,22449254400.0,-0.0,-0.0,2581717189656576.0,-0.205,0.0,50.0,60.0,35,0.0,0.0,10.0,2.0,0.0,0.0,0.0,0.0,0.0,0.0,0.0,0.0,0.0,0.0,0.0,0.0,58.8,23,37,4,27,65476,584,65476,1,0,4,20529,65476,0,0,30147,60.0,0.0,10.0,10.0,2.0,0.0
2026-02-16T12:17:31,ERR,ERR,ERR,ERR,ERR,ERR,ERR,ERR,ERR,ERR,ERR,ERR,ERR,ERR,ERR,ERR,ERR,ERR,ERR,ERR,ERR,ERR,ERR,ERR,ERR,ERR,ERR,ERR,ERR,ERR,ERR,ERR,ERR,ERR,ERR,ERR,ERR,ERR,ERR,ERR,ERR,ERR,ERR,ERR,ERR,ERR,ERR,ERR,ERR,ERR,ERR,ERR,ERR,ERR,ERR,ERR,ERR,ERR,ERR,ERR,ERR,ERR,ERR,ERR,ERR,ERR,ERR,ERR,ERR,ERR,ERR,ERR,ERR,ERR,ERR,ERR,ERR,ERR,ERR,ERR,ERR,ERR,ERR,ERR,ERR,ERR,ERR,ERR,ERR,ERR,ERR,ERR,ERR,ERR,ERR,ERR,ERR,ERR,ERR,ERR,ERR,ERR,ERR,ERR,ERR,ERR,ERR,ERR,ERR,ERR,ERR,ERR,ERR,ERR,ERR,ERR,ERR,ERR,ERR,ERR,ERR,ERR,ERR,ERR,ERR,0.0,-0.0,-107090032.0,-0.0,-1.9385067686977908e+25,0.0,-0.0,-33294649393152.0,4300,0,8,17177,4300,0.0,49,0.0,0.0,-0.0,0.0,2.7184166902131945e+23,0,0,0,0,0.0,0,0,0,0,0,0,0,0,0,0,0,0,0,0,0,0,0,0,0,0,0,0,0,0,0,0,0,0,0,0,0,0,0,12,35,34,46,65476,373,65476,1,0,4,21553,0.0,2.7183305813883192e+23,-0.0,0.0,0.0,0.0,0.0,0.0,0.0,0.0,0.0,0.0,0.0,0.0,0.0,0.0,0.0,0.0,0.0,0.0,0.0,2.004,2.004,-3.6970818999223845e+19,-0.0,0.0,0.0,0.0,0.0,0.0,5701.0,564147309772800.0,0.0,0.0,-0.0,-107616232.0,107616280.0,-0.0,0.0,2.004,2.004,225,-71.629,-4.9504127367800114e+32,0.0,0.0,0.0,0.0,0.0,0.0,0.0,0,0,0,-0.0,-1.3971000094322388e+35,0.0,0.0,2755883008.0,-0.0,-1042.189,-39533416448.0,16.284,-5.5568690823025905e+22,-0.0,197419664.0,0.0,0.0,0.0,-3.971249006197288e+26,0,1.3516416376850534e+27,225,0.0,450,-0.0,4.5382711475481616e+24,2114,52429,17109,0,17112,0,17096,0,0,0,101,100,100,2.7302334150594743e+23,64.2,2.7302335952034594e+23,64.6,0.0,64.5,1,49,50,180,0,0,0,0,0.0,0.0,0.0,60.0,762920.875,71.0,0.0,-0.0,0.0,1070,0,1070,0,0,0,1070,0,1080,0,1000,0,646,0,647,0,642,0,676,0.032,1.0551537610161864e+22,0.0,0.0,49552,16813,762920.875,-0.0,4.0767732435022686e+34,-2.5616998048018203e+19,-0.0,-3.4726021051506135e+21,50.0,60.0,35,0.0,0.0,10.0,2.0,0.0,0.0,0.0,0.0,0.0,0.0,0.0,0.0,0.0,0.0,0.0,0.0,58.8,24,36,3,27,65476,584,65476,1,0,4,20529,65476,0,0,30147,60.0,0.0,10.0,10.0,2.0,0.0
2026-02-16T12:17:32,ERR,ERR,ERR,ERR,ERR,ERR,ERR,ERR,ERR,ERR,ERR,ERR,ERR,ERR,ERR,ERR,ERR,ERR,ERR,ERR,ERR,ERR,ERR,ERR,ERR,ERR,ERR,ERR,ERR,ERR,ERR,ERR,ERR,ERR,ERR,ERR,ERR,ERR,ERR,ERR,ERR,ERR,ERR,ERR,ERR,ERR,ERR,ERR,ERR,ERR,ERR,ERR,ERR,ERR,ERR,ERR,ERR,ERR,ERR,ERR,ERR,ERR,ERR,ERR,ERR,ERR,ERR,ERR,ERR,ERR,ERR,ERR,ERR,ERR,ERR,ERR,ERR,ERR,ERR,ERR,ERR,ERR,ERR,ERR,ERR,ERR,ERR,ERR,ERR,ERR,ERR,ERR,ERR,ERR,ERR,ERR,ERR,ERR,ERR,ERR,ERR,ERR,ERR,ERR,ERR,ERR,ERR,ERR,ERR,ERR,ERR,ERR,ERR,ERR,ERR,ERR,ERR,ERR,ERR,ERR,ERR,ERR,ERR,ERR,ERR,0.0,-0.0,-107090032.0,-0.0,-1.9385067686977908e+25,0.0,-0.0,-33294649393152.0,4300,0,8,17177,4300,0.0,49,0.0,0.0,-0.0,0.0,2.7184166902131945e+23,0,0,0,0,0.0,0,0,0,0,0,0,0,0,0,0,0,0,0,0,0,0,0,0,0,0,0,0,0,0,0,0,0,0,0,0,0,0,0,12,35,34,46,65476,373,65476,1,0,4,21553,0.0,2.7183305813883192e+23,-0.0,0.0,0.0,0.0,0.0,0.0,0.0,0.0,0.0,0.0,0.0,0.0,0.0,0.0,0.0,0.0,0.0,0.0,0.0,2.004,2.004,-3.6970818999223845e+19,-0.0,0.0,0.0,0.0,0.0,0.0,5701.0,564147309772800.0,0.0,0.0,-0.0,-107616232.0,107616280.0,-0.0,0.0,2.004,2.004,225,-71.629,-4.9504127367800114e+32,0.0,0.0,0.0,0.0,0.0,0.0,0.0,0,0,0,-0.0,-1.3971000094322388e+35,0.0,0.0,2755883008.0,-0.0,-1042.189,-39533416448.0,16.284,-5.5568690823025905e+22,-0.0,197419664.0,0.0,0.0,0.0,-3.971249006197288e+26,0,1.3516416376850534e+27,225,0.0,450,-0.0,4.5382711475481616e+24,2114,52429,17109,0,17112,0,17096,0,0,0,101,100,100,2.7302334150594743e+23,64.2,2.7302335952034594e+23,64.6,0.0,64.5,1,49,50,180,0,0,0,0,0.0,0.0,0.0,60.0,762920.875,71.0,0.0,-0.0,0.0,1070,0,1070,0,0,0,1070,0,1080,0,1000,0,646,0,647,0,642,0,676,0.032,1.0551537610161864e+22,0.0,0.0,49552,16813,762920.875,-0.0,4.0767732435022686e+34,-2.5616998048018203e+19,-0.0,-3.4726021051506135e+21,50.0,60.0,35,0.0,0.0,10.0,2.0,0.0,0.0,0.0,0.0,0.0,0.0,0.0,0.0,0.0,0.0,0.0,0.0,58.8,24,36,3,27,65476,584,65476,1,0,4,20529,65476,0,0,30147,60.0,0.0,10.0,10.0,2.0,0.0
2026-02-16T12:17:33,ERR,ERR,ERR,ERR,ERR,ERR,ERR,ERR,ERR,ERR,ERR,ERR,ERR,ERR,ERR,ERR,ERR,ERR,ERR,ERR,ERR,ERR,ERR,ERR,ERR,ERR,ERR,ERR,ERR,ERR,ERR,ERR,ERR,ERR,ERR,ERR,ERR,ERR,ERR,ERR,ERR,ERR,ERR,ERR,ERR,ERR,ERR,ERR,ERR,ERR,ERR,ERR,ERR,ERR,ERR,ERR,ERR,ERR,ERR,ERR,ERR,ERR,ERR,ERR,ERR,ERR,ERR,ERR,ERR,ERR,ERR,ERR,ERR,ERR,ERR,ERR,ERR,ERR,ERR,ERR,ERR,ERR,ERR,ERR,ERR,ERR,ERR,ERR,ERR,ERR,ERR,ERR,ERR,ERR,ERR,ERR,ERR,ERR,ERR,ERR,ERR,ERR,ERR,ERR,ERR,ERR,ERR,ERR,ERR,ERR,ERR,ERR,ERR,ERR,ERR,ERR,ERR,ERR,ERR,ERR,ERR,ERR,ERR,ERR,ERR,0.0,-0.0,-107090032.0,-0.0,-1.9385067686977908e+25,-0.0,0.0,0.0,4300,0,8,17177,4300,0.0,49,0.0,0.0,-0.0,0.0,2.7184166902131945e+23,0,0,0,0,0.0,0,0,0,0,0,0,0,0,0,0,0,0,0,0,0,0,0,0,0,0,0,0,0,0,0,0,0,0,0,0,0,0,0,12,34,34,46,65476,377,65476,1,0,4,21553,0.0,0.0,-0.0,0.0,0.0,0.0,0.0,0.0,0.0,0.0,0.0,0.0,0.0,0.0,0.0,0.0,0.0,0.0,0.0,0.0,0.0,2.004,2.004,-3.6970818999223845e+19,3.697074423243316e+19,0.0,0.0,0.0,0.0,0.0,5863.0,0.0,0.0,0.0,-0.0,2.718450016850437e+23,107616280.0,-0.0,0.0,2.004,2.004,224,-107614808.0,-0.0,0.0,0.0,0.0,0.0,0.0,0.0,0.0,0,0,0,-0.0,0.0,6.696,2.6485888021217512e+38,252173.75,507359100928.0,107660.102,-25806505984.0,-1.2058232177737396e+23,-5.881531777999879e+22,-0.0,211051152.0,0.0,0.0,0.0,-0.0,0,1.3516416376850534e+27,224,0.0,448,0.0,-1881179008.0,2114,52429,17109,0,17112,0,17096,0,0,0,101,100,100,2.7302334150594743e+23,64.2,2.7302335952034594e+23,64.6,0.0,64.5,1,49,50,180,0,0,0,0,0.0,0.0,0.0,60.0,762920.875,71.0,0.0,-0.0,0.0,1070,0,1070,0,0,0,1070,0,1080,0,1000,0,646,0,647,0,642,0,676,0.032,1.0551537610161864e+22,0.0,0.0,49552,16813,762920.875,-0.0,4.0767732435022686e+34,-2.5616998048018203e+19,-0.0,-3.4726021051506135e+21,50.0,60.0,35,0.0,0.0,10.0,2.0,0.0,0.0,0.0,0.0,0.0,0.0,0.0,0.0,0.0,0.0,0.0,0.0,58.8,24,36,3,27,65476,614,65476,1,0,4,20529,65476,0,0,30147,60.0,0.0,10.0,10.0,2.0,0.0
2026-02-16T12:17:34,ERR,ERR,ERR,ERR,ERR,ERR,ERR,ERR,ERR,ERR,ERR,ERR,ERR,ERR,ERR,ERR,ERR,ERR,ERR,ERR,ERR,ERR,ERR,ERR,ERR,ERR,ERR,ERR,ERR,ERR,ERR,ERR,ERR,ERR,ERR,ERR,ERR,ERR,ERR,ERR,ERR,ERR,ERR,ERR,ERR,ERR,ERR,ERR,ERR,ERR,ERR,ERR,ERR,ERR,ERR,ERR,ERR,ERR,ERR,ERR,ERR,ERR,ERR,ERR,ERR,ERR,ERR,ERR,ERR,ERR,ERR,ERR,ERR,ERR,ERR,ERR,ERR,ERR,ERR,ERR,ERR,ERR,ERR,ERR,ERR,ERR,ERR,ERR,ERR,ERR,ERR,ERR,ERR,ERR,ERR,ERR,ERR,ERR,ERR,ERR,ERR,ERR,ERR,ERR,ERR,ERR,ERR,ERR,ERR,ERR,ERR,ERR,ERR,ERR,ERR,ERR,ERR,ERR,ERR,ERR,ERR,ERR,ERR,ERR,ERR,0.0,-0.0,-107090032.0,-0.0,-1.9385067686977908e+25,-0.0,0.0,0.0,4300,0,8,17177,4300,0.0,49,0.0,0.0,-0.0,0.0,2.7184166902131945e+23,0,0,0,0,0.0,0,0,0,0,0,0,0,0,0,0,0,0,0,0,0,0,0,0,0,0,0,0,0,0,0,0,0,0,0,0,0,0,0,12,34,34,46,65476,377,65476,1,0,4,21553,0.0,0.0,-0.0,0.0,0.0,0.0,0.0,0.0,0.0,0.0,0.0,0.0,0.0,0.0,0.0,0.0,0.0,0.0,0.0,0.0,0.0,2.004,2.004,-3.6970818999223845e+19,3.697074423243316e+19,0.0,0.0,0.0,0.0,0.0,5863.0,0.0,0.0,0.0,-0.0,2.718450016850437e+23,107616280.0,-0.0,0.0,2.004,2.004,224,-107614808.0,-0.0,0.0,0.0,0.0,0.0,0.0,0.0,0.0,0,0,0,-0.0,0.0,6.696,2.6485888021217512e+38,252173.75,507359100928.0,107660.102,-25806505984.0,-1.2058232177737396e+23,-5.881531777999879e+22,-0.0,211051152.0,0.0,0.0,0.0,-0.0,0,1.3516416376850534e+27,224,0.0,448,0.0,-1881179008.0,2114,52429,17109,0,17112,0,17096,0,0,0,101,100,100,2.7302334150594743e+23,64.3,-0.0,64.5,0.0,64.5,1,49,50,180,0,0,0,0,0.0,0.0,0.0,60.0,0.0,71.0,0.0,-0.0,0.0,1069,0,1070,0,0,0,1070,0,1080,0,1000,0,646,0,648,0,642,0,676,0.032,1.0551537610161864e+22,0.0,0.0,48528,16813,0.0,-0.0,-0.0,-5.630054377687212e+22,-0.0,0.0,50.0,60.0,35,0.0,0.0,10.0,2.0,0.0,0.0,0.0,0.0,0.0,0.0,0.0,0.0,0.0,0.0,0.0,0.0,58.8,25,35,2,27,65476,614,65476,1,0,4,20529,65476,0,0,30147,60.0,0.0,10.0,10.0,2.0,0.0
2026-02-16T12:17:35,ERR,ERR,ERR,ERR,ERR,ERR,ERR,ERR,ERR,ERR,ERR,ERR,ERR,ERR,ERR,ERR,ERR,ERR,ERR,ERR,ERR,ERR,ERR,ERR,ERR,ERR,ERR,ERR,ERR,ERR,ERR,ERR,ERR,ERR,ERR,ERR,ERR,ERR,ERR,ERR,ERR,ERR,ERR,ERR,ERR,ERR,ERR,ERR,ERR,ERR,ERR,ERR,ERR,ERR,ERR,ERR,ERR,ERR,ERR,ERR,ERR,ERR,ERR,ERR,ERR,ERR,ERR,ERR,ERR,ERR,ERR,ERR,ERR,ERR,ERR,ERR,ERR,ERR,ERR,ERR,ERR,ERR,ERR,ERR,ERR,ERR,ERR,ERR,ERR,ERR,ERR,ERR,ERR,ERR,ERR,ERR,ERR,ERR,ERR,ERR,ERR,ERR,ERR,ERR,ERR,ERR,ERR,ERR,ERR,ERR,ERR,ERR,ERR,ERR,ERR,ERR,ERR,ERR,ERR,ERR,ERR,ERR,ERR,ERR,ERR,0.0,-0.0,-107090032.0,-0.0,-1.9385067686977908e+25,-0.0,0.0,0.0,4300,0,8,17177,4300,0.0,49,0.0,0.0,-0.0,0.0,2.7184166902131945e+23,0,0,0,0,0.0,0,0,0,0,0,0,0,0,0,0,0,0,0,0,0,0,0,0,0,0,0,0,0,0,0,0,0,0,0,0,0,0,0,12,34,34,46,65476,377,65476,1,0,4,21553,0.0,0.0,-0.0,0.0,0.0,0.0,0.0,0.0,0.0,0.0,0.0,0.0,0.0,0.0,0.0,0.0,0.0,0.0,0.0,0.0,0.0,2.004,2.004,-3.6970818999223845e+19,3.697074423243316e+19,0.0,0.0,0.0,0.0,0.0,5863.0,0.0,0.0,0.0,-0.0,2.718450016850437e+23,107616280.0,-0.0,0.0,2.004,2.004,224,-107614808.0,-0.0,0.0,0.0,0.0,0.0,0.0,0.0,0.0,0,0,0,-0.0,0.0,6.696,2.6485888021217512e+38,252173.75,507359100928.0,107660.102,-25806505984.0,-1.2058232177737396e+23,-5.881531777999879e+22,-0.0,211051152.0,0.0,0.0,0.0,-0.0,0,1.3516416376850534e+27,224,0.0,448,0.0,-1881179008.0,2114,52429,17109,0,17112,0,17096,0,0,0,101,100,100,2.7302334150594743e+23,64.3,-0.0,64.5,0.0,64.5,1,49,50,180,0,0,0,0,0.0,0.0,0.0,60.0,0.0,71.0,0.0,-0.0,0.0,1069,0,1070,0,0,0,1070,0,1080,0,1000,0,646,0,648,0,642,0,676,0.032,1.0551537610161864e+22,0.0,0.0,48528,16813,0.0,-0.0,-0.0,-5.630054377687212e+22,-0.0,0.0,50.0,60.0,35,0.0,0.0,10.0,2.0,0.0,0.0,0.0,0.0,0.0,0.0,0.0,0.0,0.0,0.0,0.0,0.0,58.8,25,35,2,27,65476,614,65476,1,0,4,20529,65476,0,0,30147,60.0,0.0,10.0,10.0,2.0,0.0
2026-02-16T12:17:36,ERR,ERR,ERR,ERR,ERR,ERR,ERR,ERR,ERR,ERR,ERR,ERR,ERR,ERR,ERR,ERR,ERR,ERR,ERR,ERR,ERR,ERR,ERR,ERR,ERR,ERR,ERR,ERR,ERR,ERR,ERR,ERR,ERR,ERR,ERR,ERR,ERR,ERR,ERR,ERR,ERR,ERR,ERR,ERR,ERR,ERR,ERR,ERR,ERR,ERR,ERR,ERR,ERR,ERR,ERR,ERR,ERR,ERR,ERR,ERR,ERR,ERR,ERR,ERR,ERR,ERR,ERR,ERR,ERR,ERR,ERR,ERR,ERR,ERR,ERR,ERR,ERR,ERR,ERR,ERR,ERR,ERR,ERR,ERR,ERR,ERR,ERR,ERR,ERR,ERR,ERR,ERR,ERR,ERR,ERR,ERR,ERR,ERR,ERR,ERR,ERR,ERR,ERR,ERR,ERR,ERR,ERR,ERR,ERR,ERR,ERR,ERR,ERR,ERR,ERR,ERR,ERR,ERR,ERR,ERR,ERR,ERR,ERR,ERR,ERR,0.0,-0.0,-107090032.0,-0.0,-1.9385067686977908e+25,-0.0,0.0,0.0,4300,0,8,17177,4300,0.0,49,0.0,0.0,-0.0,0.0,2.7184166902131945e+23,0,0,0,0,0.0,0,0,0,0,0,0,0,0,0,0,0,0,0,0,0,0,0,0,0,0,0,0,0,0,0,0,0,0,0,0,0,0,0,12,34,34,46,65476,377,65476,1,0,4,21553,0.0,0.0,-0.0,0.0,0.0,0.0,0.0,0.0,0.0,0.0,0.0,0.0,0.0,0.0,0.0,0.0,0.0,0.0,0.0,0.0,0.0,2.004,2.004,-3.6970818999223845e+19,3.697074423243316e+19,0.0,0.0,0.0,0.0,0.0,5863.0,0.0,0.0,0.0,-0.0,2.718450016850437e+23,107616280.0,-0.0,0.0,2.004,2.004,224,-107614808.0,-0.0,0.0,0.0,0.0,0.0,0.0,0.0,0.0,0,0,0,-0.0,0.0,6.696,2.6485888021217512e+38,252173.75,507359100928.0,107660.102,-25806505984.0,-1.2058232177737396e+23,-5.881531777999879e+22,-0.0,211051152.0,0.0,0.0,0.0,-0.0,0,1.3516416376850534e+27,224,0.0,448,0.0,-1881179008.0,2114,52429,17109,0,17112,0,17096,0,0,0,101,100,100,2.7302334150594743e+23,64.3,-0.0,64.5,0.0,64.5,1,49,50,180,0,0,0,0,0.0,0.0,0.0,60.0,0.0,71.0,0.0,-0.0,0.0,1069,0,1070,0,0,0,1070,0,1080,0,1000,0,646,0,648,0,642,0,676,0.032,1.0551537610161864e+22,0.0,0.0,48528,16813,0.0,-0.0,-0.0,-5.630054377687212e+22,-0.0,0.0,50.0,60.0,35,0.0,0.0,10.0,2.0,0.0,0.0,0.0,0.0,0.0,0.0,0.0,0.0,0.0,0.0,0.0,0.0,59.2,25,35,2,27,65476,649,65476,1,0,4,20529,65476,0,0,30147,60.0,0.0,10.0,10.0,2.0,0.0
2026-02-16T12:17:37,ERR,ERR,ERR,ERR,ERR,ERR,ERR,ERR,ERR,ERR,ERR,ERR,ERR,ERR,ERR,ERR,ERR,ERR,ERR,ERR,ERR,ERR,ERR,ERR,ERR,ERR,ERR,ERR,ERR,ERR,ERR,ERR,ERR,ERR,ERR,ERR,ERR,ERR,ERR,ERR,ERR,ERR,ERR,ERR,ERR,ERR,ERR,ERR,ERR,ERR,ERR,ERR,ERR,ERR,ERR,ERR,ERR,ERR,ERR,ERR,ERR,ERR,ERR,ERR,ERR,ERR,ERR,ERR,ERR,ERR,ERR,ERR,ERR,ERR,ERR,ERR,ERR,ERR,ERR,ERR,ERR,ERR,ERR,ERR,ERR,ERR,ERR,ERR,ERR,ERR,ERR,ERR,ERR,ERR,ERR,ERR,ERR,ERR,ERR,ERR,ERR,ERR,ERR,ERR,ERR,ERR,ERR,ERR,ERR,ERR,ERR,ERR,ERR,ERR,ERR,ERR,ERR,ERR,ERR,ERR,ERR,ERR,ERR,ERR,ERR,0.0,-0.0,-107090032.0,-0.0,-1.9385067686977908e+25,-0.0,0.0,0.0,4300,0,8,17177,4300,0.0,49,0.0,0.0,-0.0,0.0,2.7184166902131945e+23,0,0,0,0,0.0,0,0,0,0,0,0,0,0,0,0,0,0,0,0,0,0,0,0,0,0,0,0,0,0,0,0,0,0,0,0,0,0,0,12,34,34,46,65476,377,65476,1,0,4,21553,0.0,0.0,-0.0,0.0,0.0,0.0,0.0,0.0,0.0,0.0,0.0,0.0,0.0,0.0,0.0,0.0,0.0,0.0,0.0,0.0,0.0,2.004,2.004,-3.6970818999223845e+19,3.697074423243316e+19,0.0,0.0,0.0,0.0,0.0,5863.0,0.0,0.0,0.0,-0.0,2.718450016850437e+23,107616280.0,-0.0,0.0,2.004,2.004,224,-107614808.0,-0.0,0.0,0.0,0.0,0.0,0.0,0.0,0.0,0,0,0,-0.0,0.0,6.696,2.6485888021217512e+38,252173.75,507359100928.0,107660.102,-25806505984.0,-1.2058232177737396e+23,-5.881531777999879e+22,-0.0,211051152.0,0.0,0.0,0.0,-0.0,0,1.3516416376850534e+27,224,0.0,448,0.0,-1881179008.0,2114,52429,17109,0,17112,0,17096,0,0,0,101,100,100,2.7302334150594743e+23,64.3,-0.0,64.5,0.0,64.5,1,49,50,180,0,0,0,0,0.0,0.0,0.0,60.0,0.0,71.0,0.0,-0.0,0.0,1069,0,1070,0,0,0,1070,0,1080,0,1000,0,646,0,648,0,642,0,676,0.032,1.0551537610161864e+22,0.0,0.0,48528,16813,0.0,-0.0,-0.0,-5.630054377687212e+22,-0.0,0.0,50.0,60.0,35,0.0,0.0,10.0,2.0,0.0,0.0,0.0,0.0,0.0,0.0,0.0,0.0,0.0,0.0,0.0,0.0,59.2,25,35,2,27,65476,649,65476,1,0,4,20529,65476,0,0,30147,60.0,0.0,10.0,10.0,2.0,0.0
2026-02-16T12:17:38,ERR,ERR,ERR,ERR,ERR,ERR,ERR,ERR,ERR,ERR,ERR,ERR,ERR,ERR,ERR,ERR,ERR,ERR,ERR,ERR,ERR,ERR,ERR,ERR,ERR,ERR,ERR,ERR,ERR,ERR,ERR,ERR,ERR,ERR,ERR,ERR,ERR,ERR,ERR,ERR,ERR,ERR,ERR,ERR,ERR,ERR,ERR,ERR,ERR,ERR,ERR,ERR,ERR,ERR,ERR,ERR,ERR,ERR,ERR,ERR,ERR,ERR,ERR,ERR,ERR,ERR,ERR,ERR,ERR,ERR,ERR,ERR,ERR,ERR,ERR,ERR,ERR,ERR,ERR,ERR,ERR,ERR,ERR,ERR,ERR,ERR,ERR,ERR,ERR,ERR,ERR,ERR,ERR,ERR,ERR,ERR,ERR,ERR,ERR,ERR,ERR,ERR,ERR,ERR,ERR,ERR,ERR,ERR,ERR,ERR,ERR,ERR,ERR,ERR,ERR,ERR,ERR,ERR,ERR,ERR,ERR,ERR,ERR,ERR,ERR,0.0,-0.0,2.7420187948523476e+23,-0.0,4.3292828652006495e+37,8.559485246857015e+23,-0.0,0.0,4300,0,8,17176,4300,0.0,48,0.0,0.0,-0.0,0.0,2.7184166902131945e+23,0,0,0,0,0.0,0,0,0,0,0,0,0,0,0,0,0,0,0,0,0,0,0,0,0,0,0,0,0,0,0,0,0,0,0,0,0,0,0,12,34,34,46,65476,382,65476,1,0,4,21553,0.0,2.7183305813883192e+23,-0.0,0.0,0.0,0.0,0.0,0.0,0.0,0.0,0.0,0.0,0.0,0.0,0.0,0.0,0.0,0.0,0.0,0.0,0.0,2.004,2.004,-2.004,3.697074423243316e+19,0.0,0.0,0.0,0.0,0.0,5899.0,0.0,0.0,0.0,-0.0,0.0,0.0,-0.0,0.0,2.004,2.004,223,0.0,0.0,0.0,0.0,0.0,0.0,0.0,0.0,0.0,0,0,0,-0.0,1.7633649871522984e+37,0.524,-4.008,0.007,-246685328.0,0.0,-7.829770697369682e+34,0.0,-6.265224054733037e+22,-0.0,223634064.0,0.0,0.0,0.0,0.0,0,1.3516416376850534e+27,223,0.0,446,0.0,4.689386298539238e+24,2114,0,17110,0,17112,0,17096,0,0,0,101,100,100,2.7302334150594743e+23,64.3,-0.0,64.6,0.0,64.5,1,49,50,180,0,0,0,0,0.0,0.0,0.0,60.0,0.0,71.0,0.0,-0.0,0.0,1070,0,1070,0,0,0,1069,0,1080,0,1000,0,646,0,648,0,642,0,676,0.032,1.0551537610161864e+22,0.0,0.0,1168,16814,0.0,-0.0,1.2104402973030807e+26,0.0,3.191659555585575e+28,-12455414595584.0,50.0,60.0,35,0.0,0.0,10.0,2.0,0.0,0.0,0.0,0.0,0.0,0.0,0.0,0.0,0.0,0.0,0.0,0.0,58.8,25,34,2,27,65476,649,65476,1,0,4,20529,65476,0,0,30147,60.0,0.0,10.0,10.0,2.0,0.0
2026-02-16T12:17:39,ERR,ERR,ERR,ERR,ERR,ERR,ERR,ERR,ERR,ERR,ERR,ERR,ERR,ERR,ERR,ERR,ERR,ERR,ERR,ERR,ERR,ERR,ERR,ERR,ERR,ERR,ERR,ERR,ERR,ERR,ERR,ERR,ERR,ERR,ERR,ERR,ERR,ERR,ERR,ERR,ERR,ERR,ERR,ERR,ERR,ERR,ERR,ERR,ERR,ERR,ERR,ERR,ERR,ERR,ERR,ERR,ERR,ERR,ERR,ERR,ERR,ERR,ERR,ERR,ERR,ERR,ERR,ERR,ERR,ERR,ERR,ERR,ERR,ERR,ERR,ERR,ERR,ERR,ERR,ERR,ERR,ERR,ERR,ERR,ERR,ERR,ERR,ERR,ERR,ERR,ERR,ERR,ERR,ERR,ERR,ERR,ERR,ERR,ERR,ERR,ERR,ERR,ERR,ERR,ERR,ERR,ERR,ERR,ERR,ERR,ERR,ERR,ERR,ERR,ERR,ERR,ERR,ERR,ERR,ERR,ERR,ERR,ERR,ERR,ERR,0.0,-0.0,2.7420187948523476e+23,-0.0,4.3292828652006495e+37,8.559485246857015e+23,-0.0,0.0,4300,0,8,17176,4300,0.0,48,0.0,0.0,-0.0,0.0,2.7184166902131945e+23,0,0,0,0,0.0,0,0,0,0,0,0,0,0,0,0,0,0,0,0,0,0,0,0,0,0,0,0,0,0,0,0,0,0,0,0,0,0,0,12,34,34,46,65476,382,65476,1,0,4,21553,0.0,2.7183305813883192e+23,-0.0,0.0,0.0,0.0,0.0,0.0,0.0,0.0,0.0,0.0,0.0,0.0,0.0,0.0,0.0,0.0,0.0,0.0,0.0,2.004,2.004,-2.004,3.697074423243316e+19,0.0,0.0,0.0,0.0,0.0,5899.0,0.0,0.0,0.0,-0.0,0.0,0.0,-0.0,0.0,2.004,2.004,223,0.0,0.0,0.0,0.0,0.0,0.0,0.0,0.0,0.0,0,0,0,-0.0,1.7633649871522984e+37,0.524,-4.008,0.007,-246685328.0,0.0,-7.829770697369682e+34,0.0,-6.265224054733037e+22,-0.0,223634064.0,0.0,0.0,0.0,0.0,0,1.3516416376850534e+27,223,0.0,446,0.0,4.689386298539238e+24,2114,0,17110,0,17112,0,17096,0,0,0,101,100,100,2.7302334150594743e+23,64.3,-0.0,64.6,0.0,64.5,1,49,50,180,0,0,0,0,0.0,0.0,0.0,60.0,0.0,71.0,0.0,-0.0,0.0,1070,0,1070,0,0,0,1069,0,1080,0,1000,0,646,0,648,0,642,0,676,0.032,1.0551537610161864e+22,0.0,0.0,1168,16814,0.0,-0.0,1.2104402973030807e+26,0.0,3.191659555585575e+28,-12455414595584.0,50.0,60.0,35,0.0,0.0,10.0,2.0,0.0,0.0,0.0,0.0,0.0,0.0,0.0,0.0,0.0,0.0,0.0,0.0,58.8,25,35,2,27,65476,667,65476,1,0,4,20529,65476,0,0,30147,60.0,0.0,10.0,10.0,2.0,0.0
2026-02-16T12:17:40,ERR,ERR,ERR,ERR,ERR,ERR,ERR,ERR,ERR,ERR,ERR,ERR,ERR,ERR,ERR,ERR,ERR,ERR,ERR,ERR,ERR,ERR,ERR,ERR,ERR,ERR,ERR,ERR,ERR,ERR,ERR,ERR,ERR,ERR,ERR,ERR,ERR,ERR,ERR,ERR,ERR,ERR,ERR,ERR,ERR,ERR,ERR,ERR,ERR,ERR,ERR,ERR,ERR,ERR,ERR,ERR,ERR,ERR,ERR,ERR,ERR,ERR,ERR,ERR,ERR,ERR,ERR,ERR,ERR,ERR,ERR,ERR,ERR,ERR,ERR,ERR,ERR,ERR,ERR,ERR,ERR,ERR,ERR,ERR,ERR,ERR,ERR,ERR,ERR,ERR,ERR,ERR,ERR,ERR,ERR,ERR,ERR,ERR,ERR,ERR,ERR,ERR,ERR,ERR,ERR,ERR,ERR,ERR,ERR,ERR,ERR,ERR,ERR,ERR,ERR,ERR,ERR,ERR,ERR,ERR,ERR,ERR,ERR,ERR,ERR,0.0,-0.0,2.7420187948523476e+23,-0.0,4.3292828652006495e+37,8.559485246857015e+23,-0.0,0.0,4300,0,8,17176,4300,0.0,48,0.0,0.0,-0.0,0.0,2.7184166902131945e+23,0,0,0,0,0.0,0,0,0,0,0,0,0,0,0,0,0,0,0,0,0,0,0,0,0,0,0,0,0,0,0,0,0,0,0,0,0,0,0,12,34,34,46,65476,382,65476,1,0,4,21553,0.0,2.7183305813883192e+23,-0.0,0.0,0.0,0.0,0.0,0.0,0.0,0.0,0.0,0.0,0.0,0.0,0.0,0.0,0.0,0.0,0.0,0.0,0.0,2.004,2.004,-2.004,3.697074423243316e+19,0.0,0.0,0.0,0.0,0.0,5899.0,0.0,0.0,0.0,-0.0,0.0,0.0,-0.0,0.0,2.004,2.004,223,0.0,0.0,0.0,0.0,0.0,0.0,0.0,0.0,0.0,0,0,0,-0.0,1.7633649871522984e+37,0.524,-4.008,0.007,-246685328.0,0.0,-7.829770697369682e+34,0.0,-6.265224054733037e+22,-0.0,223634064.0,0.0,0.0,0.0,0.0,0,1.3516416376850534e+27,223,0.0,446,0.0,4.689386298539238e+24,2114,0,17110,0,17112,0,17096,0,0,0,101,100,100,2.7302334150594743e+23,64.3,-0.0,64.6,0.0,64.5,1,49,50,180,0,0,0,0,0.0,0.0,0.0,60.0,0.0,71.0,0.0,-0.0,0.0,1070,0,1070,0,0,0,1069,0,1080,0,1000,0,646,0,648,0,642,0,676,0.032,1.0551537610161864e+22,0.0,0.0,1168,16814,0.0,-0.0,1.2104402973030807e+26,0.0,3.191659555585575e+28,-12455414595584.0,50.0,60.0,35,0.0,0.0,10.0,2.0,0.0,0.0,0.0,0.0,0.0,0.0,0.0,0.0,0.0,0.0,0.0,0.0,58.8,25,35,2,27,65476,667,65476,1,0,4,20529,65476,0,0,30147,60.0,0.0,10.0,10.0,2.0,0.0
2026-02-16T12:17:41,ERR,ERR,ERR,ERR,ERR,ERR,ERR,ERR,ERR,ERR,ERR,ERR,ERR,ERR,ERR,ERR,ERR,ERR,ERR,ERR,ERR,ERR,ERR,ERR,ERR,ERR,ERR,ERR,ERR,ERR,ERR,ERR,ERR,ERR,ERR,ERR,ERR,ERR,ERR,ERR,ERR,ERR,ERR,ERR,ERR,ERR,ERR,ERR,ERR,ERR,ERR,ERR,ERR,ERR,ERR,ERR,ERR,ERR,ERR,ERR,ERR,ERR,ERR,ERR,ERR,ERR,ERR,ERR,ERR,ERR,ERR,ERR,ERR,ERR,ERR,ERR,ERR,ERR,ERR,ERR,ERR,ERR,ERR,ERR,ERR,ERR,ERR,ERR,ERR,ERR,ERR,ERR,ERR,ERR,ERR,ERR,ERR,ERR,ERR,ERR,ERR,ERR,ERR,ERR,ERR,ERR,ERR,ERR,ERR,ERR,ERR,ERR,ERR,ERR,ERR,ERR,ERR,ERR,ERR,ERR,ERR,ERR,ERR,ERR,ERR,0.0,-0.0,2.7420187948523476e+23,-0.0,4.3292828652006495e+37,8.559485246857015e+23,-0.0,0.0,4300,0,8,17176,4300,0.0,48,0.0,0.0,-0.0,0.0,2.7184166902131945e+23,0,0,0,0,0.0,0,0,0,0,0,0,0,0,0,0,0,0,0,0,0,0,0,0,0,0,0,0,0,0,0,0,0,0,0,0,0,0,0,12,34,34,46,65476,382,65476,1,0,4,21553,0.0,2.7183305813883192e+23,-0.0,0.0,0.0,0.0,0.0,0.0,0.0,0.0,0.0,0.0,0.0,0.0,0.0,0.0,0.0,0.0,0.0,0.0,0.0,2.004,2.004,-2.004,3.697074423243316e+19,0.0,0.0,0.0,0.0,0.0,5899.0,0.0,0.0,0.0,-0.0,0.0,0.0,-0.0,0.0,2.004,2.004,223,0.0,0.0,0.0,0.0,0.0,0.0,0.0,0.0,0.0,0,0,0,-0.0,1.7633649871522984e+37,0.524,-4.008,0.007,-246685328.0,0.0,-7.829770697369682e+34,0.0,-6.265224054733037e+22,-0.0,223634064.0,0.0,0.0,0.0,0.0,0,1.3516416376850534e+27,223,0.0,446,0.0,4.689386298539238e+24,2114,52429,17109,13107,17112,0,17096,0,0,0,101,100,100,2.7302334150594743e+23,64.2,2.7302335952034594e+23,64.6,0.0,64.5,1,49,50,180,52429,0,0,0,0.0,0.0,0.0,60.0,0.05,71.0,0.0,0.0,0.0,1070,0,1070,0,0,0,1069,0,1080,0,1000,0,646,0,648,0,642,0,676,0.032,1.0551537610161864e+22,0.0,0.0,1040,16814,17313.277,-2.933086767630254e+17,-1.1614882474514101e+32,0.0,-1.4522593110013818e+26,2.5075735196429416e+31,50.0,60.0,35,0.0,0.0,10.0,2.0,0.0,0.0,0.0,0.0,0.0,0.0,0.0,0.0,0.0,0.0,0.0,0.0,58.8,25,35,2,27,65476,673,65476,1,0,4,20529,65476,0,0,30147,60.0,0.0,10.0,10.0,2.0,0.0
2026-02-16T12:17:42,ERR,ERR,ERR,ERR,ERR,ERR,ERR,ERR,ERR,ERR,ERR,ERR,ERR,ERR,ERR,ERR,ERR,ERR,ERR,ERR,ERR,ERR,ERR,ERR,ERR,ERR,ERR,ERR,ERR,ERR,ERR,ERR,ERR,ERR,ERR,ERR,ERR,ERR,ERR,ERR,ERR,ERR,ERR,ERR,ERR,ERR,ERR,ERR,ERR,ERR,ERR,ERR,ERR,ERR,ERR,ERR,ERR,ERR,ERR,ERR,ERR,ERR,ERR,ERR,ERR,ERR,ERR,ERR,ERR,ERR,ERR,ERR,ERR,ERR,ERR,ERR,ERR,ERR,ERR,ERR,ERR,ERR,ERR,ERR,ERR,ERR,ERR,ERR,ERR,ERR,ERR,ERR,ERR,ERR,ERR,ERR,ERR,ERR,ERR,ERR,ERR,ERR,ERR,ERR,ERR,ERR,ERR,ERR,ERR,ERR,ERR,ERR,ERR,ERR,ERR,ERR,ERR,ERR,ERR,ERR,ERR,ERR,ERR,ERR,ERR,0.0,-0.0,0.0,-0.0,0.0,79056470016.0,1.4315359088811925e+29,-0.0,4300,0,8,17176,4300,0.0,48,0.0,0.0,-0.0,0.0,2.7184166902131945e+23,0,0,0,0,0.0,0,0,0,0,0,0,0,0,0,0,0,0,0,0,0,0,0,0,0,0,0,0,0,0,0,0,0,0,0,0,0,0,0,13,34,34,47,65476,383,65476,1,0,4,21553,0.0,0.0,-0.0,0.0,0.0,0.0,0.0,0.0,0.0,0.0,0.0,0.0,0.0,0.0,0.0,0.0,0.0,0.0,0.0,0.0,0.0,2.004,2.004,-0.0,0.0,-3.697076622266571e+19,0.0,0.0,0.0,0.0,5930.0,-1.5879348310593964e+29,0.0,0.0,-0.0,0.0,0.0,0.0,0.0,2.004,2.004,223,-4.950402678517192e+32,0.0,0.0,0.0,0.0,0.0,0.0,0.0,0.0,0,0,0,-0.0,2.1011840575614211e+27,637.054,3.463757309571531e+26,56697259294720.0,-0.0,0.0,-0.0,-1.1034649868458877e+29,-6.5898867504303254e+22,-0.0,235168400.0,0.0,0.0,0.0,0.0,0,1.3516416376850534e+27,223,0.0,446,0.0,0.0,2114,52429,17109,13107,17112,0,17096,0,0,0,101,100,100,2.7302334150594743e+23,64.2,2.7302335952034594e+23,64.6,0.0,64.5,1,49,50,180,52429,0,0,0,0.0,0.0,0.0,60.0,0.05,71.0,0.0,0.0,0.0,1070,0,1070,0,0,0,1069,0,1080,0,1000,0,646,0,648,0,642,0,676,0.032,1.0551537610161864e+22,0.0,0.0,1040,16814,17313.277,-2.933086767630254e+17,-1.1614882474514101e+32,0.0,-1.4522593110013818e+26,2.5075735196429416e+31,50.0,60.0,35,0.0,0.0,10.0,2.0,0.0,0.0,0.0,0.0,0.0,0.0,0.0,0.0,0.0,0.0,0.0,0.0,58.8,24,36,3,27,65476,673,65476,1,0,4,20529,65476,0,0,30147,60.0,0.0,10.0,10.0,2.0,0.0
2026-02-16T12:17:43,ERR,ERR,ERR,ERR,ERR,ERR,ERR,ERR,ERR,ERR,ERR,ERR,ERR,ERR,ERR,ERR,ERR,ERR,ERR,ERR,ERR,ERR,ERR,ERR,ERR,ERR,ERR,ERR,ERR,ERR,ERR,ERR,ERR,ERR,ERR,ERR,ERR,ERR,ERR,ERR,ERR,ERR,ERR,ERR,ERR,ERR,ERR,ERR,ERR,ERR,ERR,ERR,ERR,ERR,ERR,ERR,ERR,ERR,ERR,ERR,ERR,ERR,ERR,ERR,ERR,ERR,ERR,ERR,ERR,ERR,ERR,ERR,ERR,ERR,ERR,ERR,ERR,ERR,ERR,ERR,ERR,ERR,ERR,ERR,ERR,ERR,ERR,ERR,ERR,ERR,ERR,ERR,ERR,ERR,ERR,ERR,ERR,ERR,ERR,ERR,ERR,ERR,ERR,ERR,ERR,ERR,ERR,ERR,ERR,ERR,ERR,ERR,ERR,ERR,ERR,ERR,ERR,ERR,ERR,ERR,ERR,ERR,ERR,ERR,ERR,0.0,-0.0,0.0,-0.0,0.0,79056470016.0,1.4315359088811925e+29,-0.0,4300,0,8,17176,4300,0.0,48,0.0,0.0,-0.0,0.0,2.7184166902131945e+23,0,0,0,0,0.0,0,0,0,0,0,0,0,0,0,0,0,0,0,0,0,0,0,0,0,0,0,0,0,0,0,0,0,0,0,0,0,0,0,13,34,34,47,65476,383,65476,1,0,4,21553,0.0,0.0,-0.0,0.0,0.0,0.0,0.0,0.0,0.0,0.0,0.0,0.0,0.0,0.0,0.0,0.0,0.0,0.0,0.0,0.0,0.0,2.004,2.004,-0.0,0.0,-3.697076622266571e+19,0.0,0.0,0.0,0.0,5930.0,-1.5879348310593964e+29,0.0,0.0,-0.0,0.0,0.0,0.0,0.0,2.004,2.004,223,-4.950402678517192e+32,0.0,0.0,0.0,0.0,0.0,0.0,0.0,0.0,0,0,0,-0.0,2.1011840575614211e+27,637.054,3.463757309571531e+26,56697259294720.0,-0.0,0.0,-0.0,-1.1034649868458877e+29,-6.5898867504303254e+22,-0.0,235168400.0,0.0,0.0,0.0,0.0,0,1.3516416376850534e+27,223,0.0,446,0.0,0.0,2114,52429,17109,13107,17112,0,17096,0,0,0,101,100,100,2.7302334150594743e+23,64.2,2.7302335952034594e+23,64.6,0.0,64.5,1,49,50,180,52429,0,0,0,0.0,0.0,0.0,60.0,0.05,71.0,0.0,0.0,0.0,1070,0,1070,0,0,0,1069,0,1080,0,1000,0,646,0,648,0,642,0,676,0.032,1.0551537610161864e+22,0.0,0.0,1040,16814,17313.277,-2.933086767630254e+17,-1.1614882474514101e+32,0.0,-1.4522593110013818e+26,2.5075735196429416e+31,50.0,60.0,35,0.0,0.0,10.0,2.0,0.0,0.0,0.0,0.0,0.0,0.0,0.0,0.0,0.0,0.0,0.0,0.0,58.8,24,36,3,27,65476,673,65476,1,0,4,20529,65476,0,0,30147,60.0,0.0,10.0,10.0,2.0,0.0
2026-02-16T12:17:44,ERR,ERR,ERR,ERR,ERR,ERR,ERR,ERR,ERR,ERR,ERR,ERR,ERR,ERR,ERR,ERR,ERR,ERR,ERR,ERR,ERR,ERR,ERR,ERR,ERR,ERR,ERR,ERR,ERR,ERR,ERR,ERR,ERR,ERR,ERR,ERR,ERR,ERR,ERR,ERR,ERR,ERR,ERR,ERR,ERR,ERR,ERR,ERR,ERR,ERR,ERR,ERR,ERR,ERR,ERR,ERR,ERR,ERR,ERR,ERR,ERR,ERR,ERR,ERR,ERR,ERR,ERR,ERR,ERR,ERR,ERR,ERR,ERR,ERR,ERR,ERR,ERR,ERR,ERR,ERR,ERR,ERR,ERR,ERR,ERR,ERR,ERR,ERR,ERR,ERR,ERR,ERR,ERR,ERR,ERR,ERR,ERR,ERR,ERR,ERR,ERR,ERR,ERR,ERR,ERR,ERR,ERR,ERR,ERR,ERR,ERR,ERR,ERR,ERR,ERR,ERR,ERR,ERR,ERR,ERR,ERR,ERR,ERR,ERR,ERR,0.0,-0.0,0.0,-0.0,0.0,79056470016.0,1.4315359088811925e+29,-0.0,4300,0,8,17176,4300,0.0,48,0.0,0.0,-0.0,0.0,2.7184166902131945e+23,0,0,0,0,0.0,0,0,0,0,0,0,0,0,0,0,0,0,0,0,0,0,0,0,0,0,0,0,0,0,0,0,0,0,0,0,0,0,0,13,34,34,47,65476,383,65476,1,0,4,21553,0.0,0.0,-0.0,0.0,0.0,0.0,0.0,0.0,0.0,0.0,0.0,0.0,0.0,0.0,0.0,0.0,0.0,0.0,0.0,0.0,0.0,2.004,2.004,-0.0,0.0,-3.697076622266571e+19,0.0,0.0,0.0,0.0,5930.0,-1.5879348310593964e+29,0.0,0.0,-0.0,0.0,0.0,0.0,0.0,2.004,2.004,223,-4.950402678517192e+32,0.0,0.0,0.0,0.0,0.0,0.0,0.0,0.0,0,0,0,-0.0,2.1011840575614211e+27,637.054,3.463757309571531e+26,56697259294720.0,-0.0,0.0,-0.0,-1.1034649868458877e+29,-6.5898867504303254e+22,-0.0,235168400.0,0.0,0.0,0.0,0.0,0,1.3516416376850534e+27,223,0.0,446,0.0,0.0,2114,52429,17109,0,17112,0,17096,0,0,0,101,100,100,2.7302334150594743e+23,64.3,-0.0,64.6,0.0,64.5,1,49,50,180,0,0,0,0,0.0,0.0,0.0,60.0,0.327,71.0,0.0,0.0,0.0,1070,0,1070,0,0,0,1069,0,1081,0,1000,0,646,0,648,0,642,0,676,0.032,1.0477750633867025e+22,0.0,0.0,40976,16813,0.0,-0.0,709745704960.0,345607.469,279722983424.0,-2.973,50.0,60.0,35,0.0,0.0,10.0,2.0,0.0,0.0,0.0,0.0,0.0,0.0,0.0,0.0,0.0,0.0,0.0,0.0,58.8,23,36,4,27,65476,665,65476,1,0,4,20529,65476,0,0,30147,60.0,0.0,10.0,10.0,2.0,0.0
2026-02-16T12:17:45,ERR,ERR,ERR,ERR,ERR,ERR,ERR,ERR,ERR,ERR,ERR,ERR,ERR,ERR,ERR,ERR,ERR,ERR,ERR,ERR,ERR,ERR,ERR,ERR,ERR,ERR,ERR,ERR,ERR,ERR,ERR,ERR,ERR,ERR,ERR,ERR,ERR,ERR,ERR,ERR,ERR,ERR,ERR,ERR,ERR,ERR,ERR,ERR,ERR,ERR,ERR,ERR,ERR,ERR,ERR,ERR,ERR,ERR,ERR,ERR,ERR,ERR,ERR,ERR,ERR,ERR,ERR,ERR,ERR,ERR,ERR,ERR,ERR,ERR,ERR,ERR,ERR,ERR,ERR,ERR,ERR,ERR,ERR,ERR,ERR,ERR,ERR,ERR,ERR,ERR,ERR,ERR,ERR,ERR,ERR,ERR,ERR,ERR,ERR,ERR,ERR,ERR,ERR,ERR,ERR,ERR,ERR,ERR,ERR,ERR,ERR,ERR,ERR,ERR,ERR,ERR,ERR,ERR,ERR,ERR,ERR,ERR,ERR,ERR,ERR,0.0,-0.0,0.0,-0.0,0.0,79056470016.0,1.4315359088811925e+29,-0.0,4300,0,8,17176,4300,0.0,48,0.0,0.0,-0.0,0.0,2.7184166902131945e+23,0,0,0,0,0.0,0,0,0,0,0,0,0,0,0,0,0,0,0,0,0,0,0,0,0,0,0,0,0,0,0,0,0,0,0,0,0,0,0,13,34,34,47,65476,383,65476,1,0,4,21553,0.0,0.0,-0.0,0.0,0.0,0.0,0.0,0.0,0.0,0.0,0.0,0.0,0.0,0.0,0.0,0.0,0.0,0.0,0.0,0.0,0.0,2.004,2.004,-0.0,0.0,-3.697076622266571e+19,0.0,0.0,0.0,0.0,5930.0,-1.5879348310593964e+29,0.0,0.0,-0.0,0.0,0.0,0.0,0.0,2.004,2.004,223,-4.950402678517192e+32,0.0,0.0,0.0,0.0,0.0,0.0,0.0,0.0,0,0,0,-0.0,2.1011840575614211e+27,637.054,3.463757309571531e+26,56697259294720.0,-0.0,0.0,-0.0,-1.1034649868458877e+29,-6.5898867504303254e+22,-0.0,235168400.0,0.0,0.0,0.0,0.0,0,1.3516416376850534e+27,223,0.0,446,0.0,0.0,2114,52429,17109,0,17112,0,17096,0,0,0,101,100,100,2.7302334150594743e+23,64.3,-0.0,64.6,0.0,64.5,1,49,50,180,0,0,0,0,0.0,0.0,0.0,60.0,0.327,71.0,0.0,0.0,0.0,1070,0,1070,0,0,0,1069,0,1081,0,1000,0,646,0,648,0,642,0,676,0.032,1.0477750633867025e+22,0.0,0.0,40976,16813,0.0,-0.0,709745704960.0,345607.469,279722983424.0,-2.973,50.0,60.0,35,0.0,0.0,10.0,2.0,0.0,0.0,0.0,0.0,0.0,0.0,0.0,0.0,0.0,0.0,0.0,0.0,58.8,23,36,4,27,65476,665,65476,1,0,4,20529,65476,0,0,30147,60.0,0.0,10.0,10.0,2.0,0.0
2026-02-16T12:17:46,ERR,ERR,ERR,ERR,ERR,ERR,ERR,ERR,ERR,ERR,ERR,ERR,ERR,ERR,ERR,ERR,ERR,ERR,ERR,ERR,ERR,ERR,ERR,ERR,ERR,ERR,ERR,ERR,ERR,ERR,ERR,ERR,ERR,ERR,ERR,ERR,ERR,ERR,ERR,ERR,ERR,ERR,ERR,ERR,ERR,ERR,ERR,ERR,ERR,ERR,ERR,ERR,ERR,ERR,ERR,ERR,ERR,ERR,ERR,ERR,ERR,ERR,ERR,ERR,ERR,ERR,ERR,ERR,ERR,ERR,ERR,ERR,ERR,ERR,ERR,ERR,ERR,ERR,ERR,ERR,ERR,ERR,ERR,ERR,ERR,ERR,ERR,ERR,ERR,ERR,ERR,ERR,ERR,ERR,ERR,ERR,ERR,ERR,ERR,ERR,ERR,ERR,ERR,ERR,ERR,ERR,ERR,ERR,ERR,ERR,ERR,ERR,ERR,ERR,ERR,ERR,ERR,ERR,ERR,ERR,ERR,ERR,ERR,ERR,ERR,0.0,-0.0,0.0,-0.0,0.0,79056470016.0,1.4315359088811925e+29,-0.0,4300,0,8,17176,4300,0.0,48,0.0,0.0,-0.0,0.0,2.7184166902131945e+23,0,0,0,0,0.0,0,0,0,0,0,0,0,0,0,0,0,0,0,0,0,0,0,0,0,0,0,0,0,0,0,0,0,0,0,0,0,0,0,13,34,34,47,65476,383,65476,1,0,4,21553,0.0,0.0,-0.0,0.0,0.0,0.0,0.0,0.0,0.0,0.0,0.0,0.0,0.0,0.0,0.0,0.0,0.0,0.0,0.0,0.0,0.0,2.004,2.004,-0.0,0.0,-3.697076622266571e+19,0.0,0.0,0.0,0.0,5930.0,-1.5879348310593964e+29,0.0,0.0,-0.0,0.0,0.0,0.0,0.0,2.004,2.004,223,-4.950402678517192e+32,0.0,0.0,0.0,0.0,0.0,0.0,0.0,0.0,0,0,0,-0.0,2.1011840575614211e+27,637.054,3.463757309571531e+26,56697259294720.0,-0.0,0.0,-0.0,-1.1034649868458877e+29,-6.5898867504303254e+22,-0.0,235168400.0,0.0,0.0,0.0,0.0,0,1.3516416376850534e+27,223,0.0,446,0.0,0.0,2114,52429,17109,0,17112,0,17096,0,0,0,101,100,100,2.7302334150594743e+23,64.3,-0.0,64.6,0.0,64.5,1,49,50,180,0,0,0,0,0.0,0.0,0.0,60.0,0.327,71.0,0.0,0.0,0.0,1070,0,1070,0,0,0,1069,0,1081,0,1000,0,646,0,648,0,642,0,676,0.032,1.0477750633867025e+22,0.0,0.0,40976,16813,0.0,-0.0,709745704960.0,345607.469,279722983424.0,-2.973,50.0,60.0,35,0.0,0.0,10.0,2.0,0.0,0.0,0.0,0.0,0.0,0.0,0.0,0.0,0.0,0.0,0.0,0.0,58.8,23,37,5,27,65476,665,65476,1,0,4,20529,65476,0,0,30147,60.0,0.0,10.0,10.0,2.0,0.0
2026-02-16T12:17:47,ERR,ERR,ERR,ERR,ERR,ERR,ERR,ERR,ERR,ERR,ERR,ERR,ERR,ERR,ERR,ERR,ERR,ERR,ERR,ERR,ERR,ERR,ERR,ERR,ERR,ERR,ERR,ERR,ERR,ERR,ERR,ERR,ERR,ERR,ERR,ERR,ERR,ERR,ERR,ERR,ERR,ERR,ERR,ERR,ERR,ERR,ERR,ERR,ERR,ERR,ERR,ERR,ERR,ERR,ERR,ERR,ERR,ERR,ERR,ERR,ERR,ERR,ERR,ERR,ERR,ERR,ERR,ERR,ERR,ERR,ERR,ERR,ERR,ERR,ERR,ERR,ERR,ERR,ERR,ERR,ERR,ERR,ERR,ERR,ERR,ERR,ERR,ERR,ERR,ERR,ERR,ERR,ERR,ERR,ERR,ERR,ERR,ERR,ERR,ERR,ERR,ERR,ERR,ERR,ERR,ERR,ERR,ERR,ERR,ERR,ERR,ERR,ERR,ERR,ERR,ERR,ERR,ERR,ERR,ERR,ERR,ERR,ERR,ERR,ERR,0.0,-0.0,0.0,-0.0,0.0,3.159341575702106e+24,-0.0,-0.0,4300,0,8,17176,4300,-0.0,47,0.0,0.0,-0.0,0.0,2.7184166902131945e+23,0,0,0,0,0.0,0,0,0,0,0,0,0,0,0,0,0,0,0,0,0,0,0,0,0,0,0,0,0,0,0,0,0,0,0,0,0,0,0,13,34,34,47,65476,386,65476,1,0,4,21553,0.0,-107610720.0,5448.281,0.0,0.0,0.0,0.0,0.0,0.0,0.0,0.0,0.0,0.0,0.0,0.0,0.0,0.0,0.0,0.0,0.0,0.0,2.004,2.004,-0.0,0.0,-2.004,0.0,0.0,0.0,0.0,5958.0,564147846643712.0,0.0,0.0,-0.0,-107616224.0,0.0,0.0,0.0,2.004,2.004,222,-71.629,-0.0,0.0,0.0,0.0,0.0,0.0,0.0,0.0,0,0,0,-0.0,331889696.0,1476718.0,2244.123,1.5288554565402624e+16,-50923424.0,0.0,6.930139106597719e+20,-0.342,-6.944064236645549e+22,-0.0,247751312.0,0.0,0.0,0.0,6468118511616.0,0,1.3516416376850534e+27,222,0.0,444,-2.637553503966331e+17,5.310760349218531e+19,2114,52429,17109,0,17112,0,17096,0,0,0,101,100,100,2.7302334150594743e+23,64.3,-0.0,64.6,0.0,64.5,1,49,50,180,0,0,0,0,0.0,0.0,0.0,60.0,0.327,71.0,0.0,0.0,0.0,1070,0,1070,0,0,0,1069,0,1081,0,1000,0,646,0,648,0,642,0,676,0.032,1.0477750633867025e+22,0.0,0.0,40976,16813,0.0,-0.0,709745704960.0,345607.469,279722983424.0,-2.973,50.0,60.0,35,0.0,0.0,10.0,2.0,0.0,0.0,0.0,0.0,0.0,0.0,0.0,0.0,0.0,0.0,0.0,0.0,59.2,22,38,5,27,65476,654,65476,1,0,4,20529,65476,0,0,30147,60.0,0.0,10.0,10.0,2.0,0.0
2026-02-16T12:17:48,ERR,ERR,ERR,ERR,ERR,ERR,ERR,ERR,ERR,ERR,ERR,ERR,ERR,ERR,ERR,ERR,ERR,ERR,ERR,ERR,ERR,ERR,ERR,ERR,ERR,ERR,ERR,ERR,ERR,ERR,ERR,ERR,ERR,ERR,ERR,ERR,ERR,ERR,ERR,ERR,ERR,ERR,ERR,ERR,ERR,ERR,ERR,ERR,ERR,ERR,ERR,ERR,ERR,ERR,ERR,ERR,ERR,ERR,ERR,ERR,ERR,ERR,ERR,ERR,ERR,ERR,ERR,ERR,ERR,ERR,ERR,ERR,ERR,ERR,ERR,ERR,ERR,ERR,ERR,ERR,ERR,ERR,ERR,ERR,ERR,ERR,ERR,ERR,ERR,ERR,ERR,ERR,ERR,ERR,ERR,ERR,ERR,ERR,ERR,ERR,ERR,ERR,ERR,ERR,ERR,ERR,ERR,ERR,ERR,ERR,ERR,ERR,ERR,ERR,ERR,ERR,ERR,ERR,ERR,ERR,ERR,ERR,ERR,ERR,ERR,0.0,-0.0,0.0,-0.0,0.0,3.159341575702106e+24,-0.0,-0.0,4300,0,8,17176,4300,-0.0,47,0.0,0.0,-0.0,0.0,2.7184166902131945e+23,0,0,0,0,0.0,0,0,0,0,0,0,0,0,0,0,0,0,0,0,0,0,0,0,0,0,0,0,0,0,0,0,0,0,0,0,0,0,0,13,34,34,47,65476,386,65476,1,0,4,21553,0.0,-107610720.0,5448.281,0.0,0.0,0.0,0.0,0.0,0.0,0.0,0.0,0.0,0.0,0.0,0.0,0.0,0.0,0.0,0.0,0.0,0.0,2.004,2.004,-0.0,0.0,-2.004,0.0,0.0,0.0,0.0,5958.0,564147846643712.0,0.0,0.0,-0.0,-107616224.0,0.0,0.0,0.0,2.004,2.004,222,-71.629,-0.0,0.0,0.0,0.0,0.0,0.0,0.0,0.0,0,0,0,-0.0,331889696.0,1476718.0,2244.123,1.5288554565402624e+16,-50923424.0,0.0,6.930139106597719e+20,-0.342,-6.944064236645549e+22,-0.0,247751312.0,0.0,0.0,0.0,6468118511616.0,0,1.3516416376850534e+27,222,0.0,444,-2.637553503966331e+17,5.310760349218531e+19,2114,39322,17109,13107,17112,0,17096,0,0,0,101,100,100,2.7302334150594743e+23,64.3,-0.0,64.6,0.0,64.5,1,49,50,180,0,0,0,0,0.0,0.0,0.0,60.0,0.0,71.0,0.0,0.0,0.0,1070,0,1070,0,0,0,1068,0,1081,0,1000,0,646,0,648,0,642,0,676,0.032,1.0551537610161864e+22,0.0,0.0,57488,16813,0.0,0.0,0.0,0.0,2000946.625,9.542879908218307e+33,50.0,60.0,35,0.0,0.0,10.0,2.0,0.0,0.0,0.0,0.0,0.0,0.0,0.0,0.0,0.0,0.0,0.0,0.0,59.2,22,38,5,27,65476,654,65476,1,0,4,20529,65476,0,0,30147,60.0,0.0,10.0,10.0,2.0,0.0
2026-02-16T12:17:49,ERR,ERR,ERR,ERR,ERR,ERR,ERR,ERR,ERR,ERR,ERR,ERR,ERR,ERR,ERR,ERR,ERR,ERR,ERR,ERR,ERR,ERR,ERR,ERR,ERR,ERR,ERR,ERR,ERR,ERR,ERR,ERR,ERR,ERR,ERR,ERR,ERR,ERR,ERR,ERR,ERR,ERR,ERR,ERR,ERR,ERR,ERR,ERR,ERR,ERR,ERR,ERR,ERR,ERR,ERR,ERR,ERR,ERR,ERR,ERR,ERR,ERR,ERR,ERR,ERR,ERR,ERR,ERR,ERR,ERR,ERR,ERR,ERR,ERR,ERR,ERR,ERR,ERR,ERR,ERR,ERR,ERR,ERR,ERR,ERR,ERR,ERR,ERR,ERR,ERR,ERR,ERR,ERR,ERR,ERR,ERR,ERR,ERR,ERR,ERR,ERR,ERR,ERR,ERR,ERR,ERR,ERR,ERR,ERR,ERR,ERR,ERR,ERR,ERR,ERR,ERR,ERR,ERR,ERR,ERR,ERR,ERR,ERR,ERR,ERR,0.0,-0.0,0.0,-0.0,0.0,3.159341575702106e+24,-0.0,-0.0,4300,0,8,17176,4300,-0.0,47,0.0,0.0,-0.0,0.0,2.7184166902131945e+23,0,0,0,0,0.0,0,0,0,0,0,0,0,0,0,0,0,0,0,0,0,0,0,0,0,0,0,0,0,0,0,0,0,0,0,0,0,0,0,13,34,34,47,65476,386,65476,1,0,4,21553,0.0,-107610720.0,5448.281,0.0,0.0,0.0,0.0,0.0,0.0,0.0,0.0,0.0,0.0,0.0,0.0,0.0,0.0,0.0,0.0,0.0,0.0,2.004,2.004,-0.0,0.0,-2.004,0.0,0.0,0.0,0.0,5958.0,564147846643712.0,0.0,0.0,-0.0,-107616224.0,0.0,0.0,0.0,2.004,2.004,222,-71.629,-0.0,0.0,0.0,0.0,0.0,0.0,0.0,0.0,0,0,0,-0.0,331889696.0,1476718.0,2244.123,1.5288554565402624e+16,-50923424.0,0.0,6.930139106597719e+20,-0.342,-6.944064236645549e+22,-0.0,247751312.0,0.0,0.0,0.0,6468118511616.0,0,1.3516416376850534e+27,222,0.0,444,-2.637553503966331e+17,5.310760349218531e+19,2114,39322,17109,13107,17112,0,17096,0,0,0,101,100,100,2.7302334150594743e+23,64.3,-0.0,64.6,0.0,64.5,1,49,50,180,0,0,0,0,0.0,0.0,0.0,60.0,0.0,71.0,0.0,0.0,0.0,1070,0,1070,0,0,0,1068,0,1081,0,1000,0,646,0,648,0,642,0,676,0.032,1.0551537610161864e+22,0.0,0.0,57488,16813,0.0,0.0,0.0,0.0,2000946.625,9.542879908218307e+33,50.0,60.0,35,0.0,0.0,10.0,2.0,0.0,0.0,0.0,0.0,0.0,0.0,0.0,0.0,0.0,0.0,0.0,0.0,59.2,21,38,6,27,65476,654,65476,1,0,4,20529,65476,0,0,30147,60.0,0.0,10.0,10.0,2.0,0.0
2026-02-16T12:17:50,ERR,ERR,ERR,ERR,ERR,ERR,ERR,ERR,ERR,ERR,ERR,ERR,ERR,ERR,ERR,ERR,ERR,ERR,ERR,ERR,ERR,ERR,ERR,ERR,ERR,ERR,ERR,ERR,ERR,ERR,ERR,ERR,ERR,ERR,ERR,ERR,ERR,ERR,ERR,ERR,ERR,ERR,ERR,ERR,ERR,ERR,ERR,ERR,ERR,ERR,ERR,ERR,ERR,ERR,ERR,ERR,ERR,ERR,ERR,ERR,ERR,ERR,ERR,ERR,ERR,ERR,ERR,ERR,ERR,ERR,ERR,ERR,ERR,ERR,ERR,ERR,ERR,ERR,ERR,ERR,ERR,ERR,ERR,ERR,ERR,ERR,ERR,ERR,ERR,ERR,ERR,ERR,ERR,ERR,ERR,ERR,ERR,ERR,ERR,ERR,ERR,ERR,ERR,ERR,ERR,ERR,ERR,ERR,ERR,ERR,ERR,ERR,ERR,ERR,ERR,ERR,ERR,ERR,ERR,ERR,ERR,ERR,ERR,ERR,ERR,0.0,-0.0,0.0,-0.0,0.0,3.159341575702106e+24,-0.0,-0.0,4300,0,8,17176,4300,-0.0,47,0.0,0.0,-0.0,0.0,2.7184166902131945e+23,0,0,0,0,0.0,0,0,0,0,0,0,0,0,0,0,0,0,0,0,0,0,0,0,0,0,0,0,0,0,0,0,0,0,0,0,0,0,0,13,34,34,47,65476,386,65476,1,0,4,21553,0.0,-107610720.0,5448.281,0.0,0.0,0.0,0.0,0.0,0.0,0.0,0.0,0.0,0.0,0.0,0.0,0.0,0.0,0.0,0.0,0.0,0.0,2.004,2.004,-0.0,0.0,-2.004,0.0,0.0,0.0,0.0,5958.0,564147846643712.0,0.0,0.0,-0.0,-107616224.0,0.0,0.0,0.0,2.004,2.004,222,-71.629,-0.0,0.0,0.0,0.0,0.0,0.0,0.0,0.0,0,0,0,-0.0,331889696.0,1476718.0,2244.123,1.5288554565402624e+16,-50923424.0,0.0,6.930139106597719e+20,-0.342,-6.944064236645549e+22,-0.0,247751312.0,0.0,0.0,0.0,6468118511616.0,0,1.3516416376850534e+27,222,0.0,444,-2.637553503966331e+17,5.310760349218531e+19,2114,39322,17109,13107,17112,0,17096,0,0,0,101,100,100,2.7302334150594743e+23,64.3,-0.0,64.6,0.0,64.5,1,49,50,180,0,0,0,0,0.0,0.0,0.0,60.0,0.0,71.0,0.0,0.0,0.0,1070,0,1070,0,0,0,1068,0,1081,0,1000,0,646,0,648,0,642,0,676,0.032,1.0551537610161864e+22,0.0,0.0,57488,16813,0.0,0.0,0.0,0.0,2000946.625,9.542879908218307e+33,50.0,60.0,35,0.0,0.0,10.0,2.0,0.0,0.0,0.0,0.0,0.0,0.0,0.0,0.0,0.0,0.0,0.0,0.0,59.2,21,38,6,27,65476,654,65476,1,0,4,20529,65476,0,0,30147,60.0,0.0,10.0,10.0,2.0,0.0
2026-02-16T12:17:51,ERR,ERR,ERR,ERR,ERR,ERR,ERR,ERR,ERR,ERR,ERR,ERR,ERR,ERR,ERR,ERR,ERR,ERR,ERR,ERR,ERR,ERR,ERR,ERR,ERR,ERR,ERR,ERR,ERR,ERR,ERR,ERR,ERR,ERR,ERR,ERR,ERR,ERR,ERR,ERR,ERR,ERR,ERR,ERR,ERR,ERR,ERR,ERR,ERR,ERR,ERR,ERR,ERR,ERR,ERR,ERR,ERR,ERR,ERR,ERR,ERR,ERR,ERR,ERR,ERR,ERR,ERR,ERR,ERR,ERR,ERR,ERR,ERR,ERR,ERR,ERR,ERR,ERR,ERR,ERR,ERR,ERR,ERR,ERR,ERR,ERR,ERR,ERR,ERR,ERR,ERR,ERR,ERR,ERR,ERR,ERR,ERR,ERR,ERR,ERR,ERR,ERR,ERR,ERR,ERR,ERR,ERR,ERR,ERR,ERR,ERR,ERR,ERR,ERR,ERR,ERR,ERR,ERR,ERR,ERR,ERR,ERR,ERR,ERR,ERR,0.0,-0.0,0.0,-0.0,0.0,3.159341575702106e+24,-0.0,-0.0,4300,0,8,17176,4300,-0.0,47,0.0,0.0,-0.0,0.0,2.7184166902131945e+23,0,0,0,0,0.0,0,0,0,0,0,0,0,0,0,0,0,0,0,0,0,0,0,0,0,0,0,0,0,0,0,0,0,0,0,0,0,0,0,13,34,34,47,65476,386,65476,1,0,4,21553,0.0,-107610720.0,5448.281,0.0,0.0,0.0,0.0,0.0,0.0,0.0,0.0,0.0,0.0,0.0,0.0,0.0,0.0,0.0,0.0,0.0,0.0,2.004,2.004,-0.0,0.0,-2.004,0.0,0.0,0.0,0.0,5958.0,564147846643712.0,0.0,0.0,-0.0,-107616224.0,0.0,0.0,0.0,2.004,2.004,222,-71.629,-0.0,0.0,0.0,0.0,0.0,0.0,0.0,0.0,0,0,0,-0.0,331889696.0,1476718.0,2244.123,1.5288554565402624e+16,-50923424.0,0.0,6.930139106597719e+20,-0.342,-6.944064236645549e+22,-0.0,247751312.0,0.0,0.0,0.0,6468118511616.0,0,1.3516416376850534e+27,222,0.0,444,-2.637553503966331e+17,5.310760349218531e+19,2114,39322,17109,0,17112,0,17096,0,0,0,101,100,100,2.7302334150594743e+23,64.3,-0.0,64.6,0.0,64.5,1,49,50,180,0,0,0,0,0.0,0.0,0.0,60.0,1894481.75,71.0,0.0,-0.011,0.0,1070,0,1070,0,0,0,1068,0,1081,0,1000,0,646,0,648,0,642,0,676,0.032,1.0551537610161864e+22,0.0,0.0,61584,16813,1894481.75,-0.011,0.0,-0.0,5.205691247658388e+29,1986423816192.0,50.0,60.0,35,0.0,0.0,10.0,2.0,0.0,0.0,0.0,0.0,0.0,0.0,0.0,0.0,0.0,0.0,0.0,0.0,58.8,21,39,6,27,65476,632,65476,1,0,4,20529,65476,0,0,30147,60.0,0.0,10.0,10.0,2.0,0.0
2026-02-16T12:17:52,ERR,ERR,ERR,ERR,ERR,ERR,ERR,ERR,ERR,ERR,ERR,ERR,ERR,ERR,ERR,ERR,ERR,ERR,ERR,ERR,ERR,ERR,ERR,ERR,ERR,ERR,ERR,ERR,ERR,ERR,ERR,ERR,ERR,ERR,ERR,ERR,ERR,ERR,ERR,ERR,ERR,ERR,ERR,ERR,ERR,ERR,ERR,ERR,ERR,ERR,ERR,ERR,ERR,ERR,ERR,ERR,ERR,ERR,ERR,ERR,ERR,ERR,ERR,ERR,ERR,ERR,ERR,ERR,ERR,ERR,ERR,ERR,ERR,ERR,ERR,ERR,ERR,ERR,ERR,ERR,ERR,ERR,ERR,ERR,ERR,ERR,ERR,ERR,ERR,ERR,ERR,ERR,ERR,ERR,ERR,ERR,ERR,ERR,ERR,ERR,ERR,ERR,ERR,ERR,ERR,ERR,ERR,ERR,ERR,ERR,ERR,ERR,ERR,ERR,ERR,ERR,ERR,ERR,ERR,ERR,ERR,ERR,ERR,ERR,ERR,0.0,-0.0,0.0,-0.0,0.0,-21.032,0.0,0.096,4300,0,8,17176,4300,-0.0,47,0.0,0.0,-0.0,0.0,2.7184166902131945e+23,0,0,0,0,0.0,0,0,0,0,0,0,0,0,0,0,0,0,0,0,0,0,0,0,0,0,0,0,0,0,0,0,0,0,0,0,0,0,0,13,34,34,47,65476,389,65476,1,0,4,21553,0.0,-0.0,-1.199828025949784e+23,0.0,0.0,0.0,0.0,0.0,0.0,0.0,0.0,0.0,0.0,0.0,0.0,0.0,0.0,0.0,0.0,0.0,0.0,2.004,2.004,-0.0,-3.6970739834386645e+19,-2.004,0.0,0.0,0.0,0.0,5957.0,-0.0,0.0,0.0,2.7184527190102135e+23,-0.0,0.0,0.0,0.0,2.004,2.004,223,-107614808.0,-71.63,0.0,0.0,0.0,0.0,0.0,0.0,0.0,0,0,0,-0.0,-5.352,1.236,0.0,73692741632.0,0.026,0.0,0.0,-0.0,-7.298241722860772e+22,-0.0,260334224.0,0.0,0.0,0.0,-0.0,0,1.3516416376850534e+27,223,0.0,446,-2.637553503966331e+17,-1.351645921280977e+35,2114,39322,17109,0,17112,0,17096,0,0,0,101,100,100,2.7302334150594743e+23,64.3,-0.0,64.6,0.0,64.5,1,49,50,180,0,0,0,0,0.0,0.0,0.0,60.0,1894481.75,71.0,0.0,-0.011,0.0,1070,0,1070,0,0,0,1068,0,1081,0,1000,0,646,0,648,0,642,0,676,0.032,1.0551537610161864e+22,0.0,0.0,61584,16813,1894481.75,-0.011,0.0,-0.0,5.205691247658388e+29,1986423816192.0,50.0,60.0,35,0.0,0.0,10.0,2.0,0.0,0.0,0.0,0.0,0.0,0.0,0.0,0.0,0.0,0.0,0.0,0.0,58.8,21,39,7,27,65476,632,65476,1,0,4,20529,65476,0,0,30147,60.0,0.0,10.0,10.0,2.0,0.0
2026-02-16T12:17:53,ERR,ERR,ERR,ERR,ERR,ERR,ERR,ERR,ERR,ERR,ERR,ERR,ERR,ERR,ERR,ERR,ERR,ERR,ERR,ERR,ERR,ERR,ERR,ERR,ERR,ERR,ERR,ERR,ERR,ERR,ERR,ERR,ERR,ERR,ERR,ERR,ERR,ERR,ERR,ERR,ERR,ERR,ERR,ERR,ERR,ERR,ERR,ERR,ERR,ERR,ERR,ERR,ERR,ERR,ERR,ERR,ERR,ERR,ERR,ERR,ERR,ERR,ERR,ERR,ERR,ERR,ERR,ERR,ERR,ERR,ERR,ERR,ERR,ERR,ERR,ERR,ERR,ERR,ERR,ERR,ERR,ERR,ERR,ERR,ERR,ERR,ERR,ERR,ERR,ERR,ERR,ERR,ERR,ERR,ERR,ERR,ERR,ERR,ERR,ERR,ERR,ERR,ERR,ERR,ERR,ERR,ERR,ERR,ERR,ERR,ERR,ERR,ERR,ERR,ERR,ERR,ERR,ERR,ERR,ERR,ERR,ERR,ERR,ERR,ERR,0.0,-0.0,0.0,-0.0,0.0,-21.032,0.0,0.096,4300,0,8,17176,4300,-0.0,47,0.0,0.0,-0.0,0.0,2.7184166902131945e+23,0,0,0,0,0.0,0,0,0,0,0,0,0,0,0,0,0,0,0,0,0,0,0,0,0,0,0,0,0,0,0,0,0,0,0,0,0,0,0,13,34,34,47,65476,389,65476,1,0,4,21553,0.0,-0.0,-1.199828025949784e+23,0.0,0.0,0.0,0.0,0.0,0.0,0.0,0.0,0.0,0.0,0.0,0.0,0.0,0.0,0.0,0.0,0.0,0.0,2.004,2.004,-0.0,-3.6970739834386645e+19,-2.004,0.0,0.0,0.0,0.0,5957.0,-0.0,0.0,0.0,2.7184527190102135e+23,-0.0,0.0,0.0,0.0,2.004,2.004,223,-107614808.0,-71.63,0.0,0.0,0.0,0.0,0.0,0.0,0.0,0,0,0,-0.0,-5.352,1.236,0.0,73692741632.0,0.026,0.0,0.0,-0.0,-7.298241722860772e+22,-0.0,260334224.0,0.0,0.0,0.0,-0.0,0,1.3516416376850534e+27,223,0.0,446,-2.637553503966331e+17,-1.351645921280977e+35,2114,39322,17109,0,17112,0,17096,0,0,0,101,100,100,2.7302334150594743e+23,64.3,-0.0,64.6,0.0,64.5,1,49,50,180,0,0,0,0,0.0,0.0,0.0,60.0,1894481.75,71.0,0.0,-0.011,0.0,1070,0,1070,0,0,0,1068,0,1081,0,1000,0,646,0,648,0,642,0,676,0.032,1.0551537610161864e+22,0.0,0.0,61584,16813,1894481.75,-0.011,0.0,-0.0,5.205691247658388e+29,1986423816192.0,50.0,60.0,35,0.0,0.0,10.0,2.0,0.0,0.0,0.0,0.0,0.0,0.0,0.0,0.0,0.0,0.0,0.0,0.0,58.8,21,39,7,27,65476,632,65476,1,0,4,20529,65476,0,0,30147,60.0,0.0,10.0,10.0,2.0,0.0
2026-02-16T12:17:54,ERR,ERR,ERR,ERR,ERR,ERR,ERR,ERR,ERR,ERR,ERR,ERR,ERR,ERR,ERR,ERR,ERR,ERR,ERR,ERR,ERR,ERR,ERR,ERR,ERR,ERR,ERR,ERR,ERR,ERR,ERR,ERR,ERR,ERR,ERR,ERR,ERR,ERR,ERR,ERR,ERR,ERR,ERR,ERR,ERR,ERR,ERR,ERR,ERR,ERR,ERR,ERR,ERR,ERR,ERR,ERR,ERR,ERR,ERR,ERR,ERR,ERR,ERR,ERR,ERR,ERR,ERR,ERR,ERR,ERR,ERR,ERR,ERR,ERR,ERR,ERR,ERR,ERR,ERR,ERR,ERR,ERR,ERR,ERR,ERR,ERR,ERR,ERR,ERR,ERR,ERR,ERR,ERR,ERR,ERR,ERR,ERR,ERR,ERR,ERR,ERR,ERR,ERR,ERR,ERR,ERR,ERR,ERR,ERR,ERR,ERR,ERR,ERR,ERR,ERR,ERR,ERR,ERR,ERR,ERR,ERR,ERR,ERR,ERR,ERR,0.0,-0.0,0.0,-0.0,0.0,-21.032,0.0,0.096,4300,0,8,17176,4300,-0.0,47,0.0,0.0,-0.0,0.0,2.7184166902131945e+23,0,0,0,0,0.0,0,0,0,0,0,0,0,0,0,0,0,0,0,0,0,0,0,0,0,0,0,0,0,0,0,0,0,0,0,0,0,0,0,13,34,34,47,65476,389,65476,1,0,4,21553,0.0,-0.0,-1.199828025949784e+23,0.0,0.0,0.0,0.0,0.0,0.0,0.0,0.0,0.0,0.0,0.0,0.0,0.0,0.0,0.0,0.0,0.0,0.0,2.004,2.004,-0.0,-3.6970739834386645e+19,-2.004,0.0,0.0,0.0,0.0,5957.0,-0.0,0.0,0.0,2.7184527190102135e+23,-0.0,0.0,0.0,0.0,2.004,2.004,223,-107614808.0,-71.63,0.0,0.0,0.0,0.0,0.0,0.0,0.0,0,0,0,-0.0,-5.352,1.236,0.0,73692741632.0,0.026,0.0,0.0,-0.0,-7.298241722860772e+22,-0.0,260334224.0,0.0,0.0,0.0,-0.0,0,1.3516416376850534e+27,223,0.0,446,-2.637553503966331e+17,-1.351645921280977e+35,2114,39322,17109,13107,17112,0,17096,0,0,0,101,100,100,2.7302334150594743e+23,64.3,-0.0,64.6,0.0,64.5,1,49,50,180,0,0,0,0,0.0,0.0,0.0,60.0,0.0,71.0,0.0,4047592192.0,0.0,1070,0,1070,0,0,0,1068,0,1081,0,1000,0,646,0,648,0,642,0,676,0.032,1.0551537610161864e+22,0.0,0.0,144,16814,308.52,0.0,-1541520536633344.0,1.1785467226935332e+31,48039520.0,-0.0,50.0,60.0,35,0.0,0.0,10.0,2.0,0.0,0.0,0.0,0.0,0.0,0.0,0.0,0.0,0.0,0.0,0.0,0.0,58.8,20,40,7,27,65476,625,65476,1,0,4,20529,65476,0,0,30147,60.0,0.0,10.0,10.0,2.0,0.0
2026-02-16T12:17:55,ERR,ERR,ERR,ERR,ERR,ERR,ERR,ERR,ERR,ERR,ERR,ERR,ERR,ERR,ERR,ERR,ERR,ERR,ERR,ERR,ERR,ERR,ERR,ERR,ERR,ERR,ERR,ERR,ERR,ERR,ERR,ERR,ERR,ERR,ERR,ERR,ERR,ERR,ERR,ERR,ERR,ERR,ERR,ERR,ERR,ERR,ERR,ERR,ERR,ERR,ERR,ERR,ERR,ERR,ERR,ERR,ERR,ERR,ERR,ERR,ERR,ERR,ERR,ERR,ERR,ERR,ERR,ERR,ERR,ERR,ERR,ERR,ERR,ERR,ERR,ERR,ERR,ERR,ERR,ERR,ERR,ERR,ERR,ERR,ERR,ERR,ERR,ERR,ERR,ERR,ERR,ERR,ERR,ERR,ERR,ERR,ERR,ERR,ERR,ERR,ERR,ERR,ERR,ERR,ERR,ERR,ERR,ERR,ERR,ERR,ERR,ERR,ERR,ERR,ERR,ERR,ERR,ERR,ERR,ERR,ERR,ERR,ERR,ERR,ERR,0.0,-0.0,0.0,-0.0,0.0,-21.032,0.0,0.096,4300,0,8,17176,4300,-0.0,47,0.0,0.0,-0.0,0.0,2.7184166902131945e+23,0,0,0,0,0.0,0,0,0,0,0,0,0,0,0,0,0,0,0,0,0,0,0,0,0,0,0,0,0,0,0,0,0,0,0,0,0,0,0,13,34,34,47,65476,389,65476,1,0,4,21553,0.0,-0.0,-1.199828025949784e+23,0.0,0.0,0.0,0.0,0.0,0.0,0.0,0.0,0.0,0.0,0.0,0.0,0.0,0.0,0.0,0.0,0.0,0.0,2.004,2.004,-0.0,-3.6970739834386645e+19,-2.004,0.0,0.0,0.0,0.0,5957.0,-0.0,0.0,0.0,2.7184527190102135e+23,-0.0,0.0,0.0,0.0,2.004,2.004,223,-107614808.0,-71.63,0.0,0.0,0.0,0.0,0.0,0.0,0.0,0,0,0,-0.0,-5.352,1.236,0.0,73692741632.0,0.026,0.0,0.0,-0.0,-7.298241722860772e+22,-0.0,260334224.0,0.0,0.0,0.0,-0.0,0,1.3516416376850534e+27,223,0.0,446,-2.637553503966331e+17,-1.351645921280977e+35,2114,39322,17109,13107,17112,0,17096,0,0,0,101,100,100,2.7302334150594743e+23,64.3,-0.0,64.6,0.0,64.5,1,49,50,180,0,0,0,0,0.0,0.0,0.0,60.0,0.0,71.0,0.0,4047592192.0,0.0,1070,0,1070,0,0,0,1068,0,1081,0,1000,0,646,0,648,0,642,0,676,0.032,1.0551537610161864e+22,0.0,0.0,144,16814,308.52,0.0,-1541520536633344.0,1.1785467226935332e+31,48039520.0,-0.0,50.0,60.0,35,0.0,0.0,10.0,2.0,0.0,0.0,0.0,0.0,0.0,0.0,0.0,0.0,0.0,0.0,0.0,0.0,58.8,20,40,7,27,65476,625,65476,1,0,4,20529,65476,0,0,30147,60.0,0.0,10.0,10.0,2.0,0.0
2026-02-16T12:17:56,ERR,ERR,ERR,ERR,ERR,ERR,ERR,ERR,ERR,ERR,ERR,ERR,ERR,ERR,ERR,ERR,ERR,ERR,ERR,ERR,ERR,ERR,ERR,ERR,ERR,ERR,ERR,ERR,ERR,ERR,ERR,ERR,ERR,ERR,ERR,ERR,ERR,ERR,ERR,ERR,ERR,ERR,ERR,ERR,ERR,ERR,ERR,ERR,ERR,ERR,ERR,ERR,ERR,ERR,ERR,ERR,ERR,ERR,ERR,ERR,ERR,ERR,ERR,ERR,ERR,ERR,ERR,ERR,ERR,ERR,ERR,ERR,ERR,ERR,ERR,ERR,ERR,ERR,ERR,ERR,ERR,ERR,ERR,ERR,ERR,ERR,ERR,ERR,ERR,ERR,ERR,ERR,ERR,ERR,ERR,ERR,ERR,ERR,ERR,ERR,ERR,ERR,ERR,ERR,ERR,ERR,ERR,ERR,ERR,ERR,ERR,ERR,ERR,ERR,ERR,ERR,ERR,ERR,ERR,ERR,ERR,ERR,ERR,ERR,ERR,0.0,2.7184527190102135e+23,-0.0,-0.0,-0.0,-1618.033,0.0,-192768.453,4300,0,8,17175,4300,-0.0,46,0.0,0.0,-0.0,0.0,-0.0,0,0,0,0,0.0,0,0,0,0,0,0,0,0,0,0,0,0,0,0,0,0,0,0,0,0,0,0,0,0,0,0,0,0,0,0,0,0,0,13,34,34,47,65476,393,65476,1,0,4,21553,0.0,2.7183305813883192e+23,-0.0,0.0,0.0,0.0,0.0,0.0,0.0,0.0,0.0,0.0,0.0,0.0,0.0,0.0,0.0,0.0,0.0,0.0,0.0,2.004,3.697062548517736e+19,-0.0,-3.6970739834386645e+19,-0.0,0.0,0.0,0.0,0.0,5891.0,-131350.875,0.0,0.0,2.7184527190102135e+23,2.718449836706452e+23,-107616272.0,0.0,0.0,2.004,2.004,222,-0.0,-0.0,0.0,0.0,0.0,0.0,0.0,0.0,0.0,0,0,0,-0.0,-0.0,253.263,-0.0,4.567309454252442e+16,-3.046067037874483e+24,96088168.0,-0.0,0.0,-7.749052045560559e+22,-0.0,277398816.0,0.0,0.0,0.0,27413571584.0,0,1.3516416376850534e+27,222,0.0,444,-2.637553503966331e+17,-0.0,2114,39322,17109,13107,17112,0,17096,0,0,0,101,100,100,2.7302334150594743e+23,64.3,-0.0,64.6,0.0,64.5,1,49,50,180,0,0,0,0,0.0,0.0,0.0,60.0,0.0,71.0,0.0,4047592192.0,0.0,1070,0,1070,0,0,0,1068,0,1081,0,1000,0,646,0,648,0,642,0,676,0.032,1.0551537610161864e+22,0.0,0.0,144,16814,308.52,0.0,-1541520536633344.0,1.1785467226935332e+31,48039520.0,-0.0,50.0,60.0,35,0.0,0.0,10.0,2.0,0.0,0.0,0.0,0.0,0.0,0.0,0.0,0.0,0.0,0.0,0.0,0.0,58.8,20,40,7,27,65476,625,65476,1,0,4,20529,65476,0,0,30147,60.0,0.0,10.0,10.0,2.0,0.0
2026-02-16T12:17:57,ERR,ERR,ERR,ERR,ERR,ERR,ERR,ERR,ERR,ERR,ERR,ERR,ERR,ERR,ERR,ERR,ERR,ERR,ERR,ERR,ERR,ERR,ERR,ERR,ERR,ERR,ERR,ERR,ERR,ERR,ERR,ERR,ERR,ERR,ERR,ERR,ERR,ERR,ERR,ERR,ERR,ERR,ERR,ERR,ERR,ERR,ERR,ERR,ERR,ERR,ERR,ERR,ERR,ERR,ERR,ERR,ERR,ERR,ERR,ERR,ERR,ERR,ERR,ERR,ERR,ERR,ERR,ERR,ERR,ERR,ERR,ERR,ERR,ERR,ERR,ERR,ERR,ERR,ERR,ERR,ERR,ERR,ERR,ERR,ERR,ERR,ERR,ERR,ERR,ERR,ERR,ERR,ERR,ERR,ERR,ERR,ERR,ERR,ERR,ERR,ERR,ERR,ERR,ERR,ERR,ERR,ERR,ERR,ERR,ERR,ERR,ERR,ERR,ERR,ERR,ERR,ERR,ERR,ERR,ERR,ERR,ERR,ERR,ERR,ERR,0.0,2.7184527190102135e+23,-0.0,-0.0,-0.0,-1618.033,0.0,-192768.453,4300,0,8,17175,4300,-0.0,46,0.0,0.0,-0.0,0.0,-0.0,0,0,0,0,0.0,0,0,0,0,0,0,0,0,0,0,0,0,0,0,0,0,0,0,0,0,0,0,0,0,0,0,0,0,0,0,0,0,0,13,34,34,47,65476,393,65476,1,0,4,21553,0.0,2.7183305813883192e+23,-0.0,0.0,0.0,0.0,0.0,0.0,0.0,0.0,0.0,0.0,0.0,0.0,0.0,0.0,0.0,0.0,0.0,0.0,0.0,2.004,3.697062548517736e+19,-0.0,-3.6970739834386645e+19,-0.0,0.0,0.0,0.0,0.0,5891.0,-131350.875,0.0,0.0,2.7184527190102135e+23,2.718449836706452e+23,-107616272.0,0.0,0.0,2.004,2.004,222,-0.0,-0.0,0.0,0.0,0.0,0.0,0.0,0.0,0.0,0,0,0,-0.0,-0.0,253.263,-0.0,4.567309454252442e+16,-3.046067037874483e+24,96088168.0,-0.0,0.0,-7.749052045560559e+22,-0.0,277398816.0,0.0,0.0,0.0,27413571584.0,0,1.3516416376850534e+27,222,0.0,444,-2.637553503966331e+17,-0.0,2114,39322,17109,13107,17112,0,17096,0,0,0,101,100,100,2.7302334150594743e+23,64.3,-0.0,64.6,0.0,64.5,1,49,50,180,0,0,0,0,0.0,0.0,0.0,60.0,0.0,71.0,0.0,4047592192.0,0.0,1070,0,1070,0,0,0,1068,0,1081,0,1000,0,646,0,648,0,642,0,676,0.032,1.0551537610161864e+22,0.0,0.0,144,16814,308.52,0.0,-1541520536633344.0,1.1785467226935332e+31,48039520.0,-0.0,50.0,60.0,35,0.0,0.0,10.0,2.0,0.0,0.0,0.0,0.0,0.0,0.0,0.0,0.0,0.0,0.0,0.0,0.0,58.8,20,40,7,27,65476,619,65476,1,0,4,20529,65476,0,0,30147,60.0,0.0,10.0,10.0,2.0,0.0
2026-02-16T12:17:58,ERR,ERR,ERR,ERR,ERR,ERR,ERR,ERR,ERR,ERR,ERR,ERR,ERR,ERR,ERR,ERR,ERR,ERR,ERR,ERR,ERR,ERR,ERR,ERR,ERR,ERR,ERR,ERR,ERR,ERR,ERR,ERR,ERR,ERR,ERR,ERR,ERR,ERR,ERR,ERR,ERR,ERR,ERR,ERR,ERR,ERR,ERR,ERR,ERR,ERR,ERR,ERR,ERR,ERR,ERR,ERR,ERR,ERR,ERR,ERR,ERR,ERR,ERR,ERR,ERR,ERR,ERR,ERR,ERR,ERR,ERR,ERR,ERR,ERR,ERR,ERR,ERR,ERR,ERR,ERR,ERR,ERR,ERR,ERR,ERR,ERR,ERR,ERR,ERR,ERR,ERR,ERR,ERR,ERR,ERR,ERR,ERR,ERR,ERR,ERR,ERR,ERR,ERR,ERR,ERR,ERR,ERR,ERR,ERR,ERR,ERR,ERR,ERR,ERR,ERR,ERR,ERR,ERR,ERR,ERR,ERR,ERR,ERR,ERR,ERR,0.0,2.7184527190102135e+23,-0.0,-0.0,-0.0,-1618.033,0.0,-192768.453,4300,0,8,17175,4300,-0.0,46,0.0,0.0,-0.0,0.0,-0.0,0,0,0,0,0.0,0,0,0,0,0,0,0,0,0,0,0,0,0,0,0,0,0,0,0,0,0,0,0,0,0,0,0,0,0,0,0,0,0,13,34,34,47,65476,393,65476,1,0,4,21553,0.0,2.7183305813883192e+23,-0.0,0.0,0.0,0.0,0.0,0.0,0.0,0.0,0.0,0.0,0.0,0.0,0.0,0.0,0.0,0.0,0.0,0.0,0.0,2.004,3.697062548517736e+19,-0.0,-3.6970739834386645e+19,-0.0,0.0,0.0,0.0,0.0,5891.0,-131350.875,0.0,0.0,2.7184527190102135e+23,2.718449836706452e+23,-107616272.0,0.0,0.0,2.004,2.004,222,-0.0,-0.0,0.0,0.0,0.0,0.0,0.0,0.0,0.0,0,0,0,-0.0,-0.0,253.263,-0.0,4.567309454252442e+16,-3.046067037874483e+24,96088168.0,-0.0,0.0,-7.749052045560559e+22,-0.0,277398816.0,0.0,0.0,0.0,27413571584.0,0,1.3516416376850534e+27,222,0.0,444,-2.637553503966331e+17,-0.0,2114,52429,17109,13107,17112,0,17096,0,0,0,101,100,100,2.7302334150594743e+23,64.3,-0.0,64.6,0.0,64.5,1,49,50,180,0,0,0,0,0.0,0.0,0.0,60.0,1771759730688.0,71.0,0.0,420574874566656.0,0.0,1070,0,1070,0,0,0,1069,0,1081,0,1000,0,646,0,648,0,642,0,676,0.032,1.069911156275154e+22,0.0,0.0,13200,16814,1.0855081016557568e+16,420574874566656.0,841129079603200.0,0.0,-3.175149887482233e+18,0.0,50.0,60.0,35,0.0,0.0,10.0,2.0,0.0,0.0,0.0,0.0,0.0,0.0,0.0,0.0,0.0,0.0,0.0,0.0,58.8,20,40,7,27,65476,619,65476,1,0,4,20529,65476,0,0,30147,60.0,0.0,10.0,10.0,2.0,0.0
2026-02-16T12:17:59,ERR,ERR,ERR,ERR,ERR,ERR,ERR,ERR,ERR,ERR,ERR,ERR,ERR,ERR,ERR,ERR,ERR,ERR,ERR,ERR,ERR,ERR,ERR,ERR,ERR,ERR,ERR,ERR,ERR,ERR,ERR,ERR,ERR,ERR,ERR,ERR,ERR,ERR,ERR,ERR,ERR,ERR,ERR,ERR,ERR,ERR,ERR,ERR,ERR,ERR,ERR,ERR,ERR,ERR,ERR,ERR,ERR,ERR,ERR,ERR,ERR,ERR,ERR,ERR,ERR,ERR,ERR,ERR,ERR,ERR,ERR,ERR,ERR,ERR,ERR,ERR,ERR,ERR,ERR,ERR,ERR,ERR,ERR,ERR,ERR,ERR,ERR,ERR,ERR,ERR,ERR,ERR,ERR,ERR,ERR,ERR,ERR,ERR,ERR,ERR,ERR,ERR,ERR,ERR,ERR,ERR,ERR,ERR,ERR,ERR,ERR,ERR,ERR,ERR,ERR,ERR,ERR,ERR,ERR,ERR,ERR,ERR,ERR,ERR,ERR,0.0,2.7184527190102135e+23,-0.0,-0.0,-0.0,-1618.033,0.0,-192768.453,4300,0,8,17175,4300,-0.0,46,0.0,0.0,-0.0,0.0,-0.0,0,0,0,0,0.0,0,0,0,0,0,0,0,0,0,0,0,0,0,0,0,0,0,0,0,0,0,0,0,0,0,0,0,0,0,0,0,0,0,13,34,34,47,65476,393,65476,1,0,4,21553,0.0,2.7183305813883192e+23,-0.0,0.0,0.0,0.0,0.0,0.0,0.0,0.0,0.0,0.0,0.0,0.0,0.0,0.0,0.0,0.0,0.0,0.0,0.0,2.004,3.697062548517736e+19,-0.0,-3.6970739834386645e+19,-0.0,0.0,0.0,0.0,0.0,5891.0,-131350.875,0.0,0.0,2.7184527190102135e+23,2.718449836706452e+23,-107616272.0,0.0,0.0,2.004,2.004,222,-0.0,-0.0,0.0,0.0,0.0,0.0,0.0,0.0,0.0,0,0,0,-0.0,-0.0,253.263,-0.0,4.567309454252442e+16,-3.046067037874483e+24,96088168.0,-0.0,0.0,-7.749052045560559e+22,-0.0,277398816.0,0.0,0.0,0.0,27413571584.0,0,1.3516416376850534e+27,222,0.0,444,-2.637553503966331e+17,-0.0,2114,52429,17109,13107,17112,0,17096,0,0,0,101,100,100,2.7302334150594743e+23,64.3,-0.0,64.6,0.0,64.5,1,49,50,180,0,0,0,0,0.0,0.0,0.0,60.0,1771759730688.0,71.0,0.0,420574874566656.0,0.0,1070,0,1070,0,0,0,1069,0,1081,0,1000,0,646,0,648,0,642,0,676,0.032,1.069911156275154e+22,0.0,0.0,13200,16814,1.0855081016557568e+16,420574874566656.0,841129079603200.0,0.0,-3.175149887482233e+18,0.0,50.0,60.0,35,0.0,0.0,10.0,2.0,0.0,0.0,0.0,0.0,0.0,0.0,0.0,0.0,0.0,0.0,0.0,0.0,58.8,20,40,7,27,65476,628,65476,1,0,4,20529,65476,0,0,30147,60.0,0.0,10.0,10.0,2.0,0.0
2026-02-16T12:18:00,ERR,ERR,ERR,ERR,ERR,ERR,ERR,ERR,ERR,ERR,ERR,ERR,ERR,ERR,ERR,ERR,ERR,ERR,ERR,ERR,ERR,ERR,ERR,ERR,ERR,ERR,ERR,ERR,ERR,ERR,ERR,ERR,ERR,ERR,ERR,ERR,ERR,ERR,ERR,ERR,ERR,ERR,ERR,ERR,ERR,ERR,ERR,ERR,ERR,ERR,ERR,ERR,ERR,ERR,ERR,ERR,ERR,ERR,ERR,ERR,ERR,ERR,ERR,ERR,ERR,ERR,ERR,ERR,ERR,ERR,ERR,ERR,ERR,ERR,ERR,ERR,ERR,ERR,ERR,ERR,ERR,ERR,ERR,ERR,ERR,ERR,ERR,ERR,ERR,ERR,ERR,ERR,ERR,ERR,ERR,ERR,ERR,ERR,ERR,ERR,ERR,ERR,ERR,ERR,ERR,ERR,ERR,ERR,ERR,ERR,ERR,ERR,ERR,ERR,ERR,ERR,ERR,ERR,ERR,ERR,ERR,ERR,ERR,ERR,ERR,0.0,2.7184527190102135e+23,-0.0,-0.0,-0.0,-1618.033,0.0,-192768.453,4300,0,8,17175,4300,-0.0,46,0.0,0.0,-0.0,0.0,-0.0,0,0,0,0,0.0,0,0,0,0,0,0,0,0,0,0,0,0,0,0,0,0,0,0,0,0,0,0,0,0,0,0,0,0,0,0,0,0,0,13,34,34,47,65476,393,65476,1,0,4,21553,0.0,2.7183305813883192e+23,-0.0,0.0,0.0,0.0,0.0,0.0,0.0,0.0,0.0,0.0,0.0,0.0,0.0,0.0,0.0,0.0,0.0,0.0,0.0,2.004,3.697062548517736e+19,-0.0,-3.6970739834386645e+19,-0.0,0.0,0.0,0.0,0.0,5891.0,-131350.875,0.0,0.0,2.7184527190102135e+23,2.718449836706452e+23,-107616272.0,0.0,0.0,2.004,2.004,222,-0.0,-0.0,0.0,0.0,0.0,0.0,0.0,0.0,0.0,0,0,0,-0.0,-0.0,253.263,-0.0,4.567309454252442e+16,-3.046067037874483e+24,96088168.0,-0.0,0.0,-7.749052045560559e+22,-0.0,277398816.0,0.0,0.0,0.0,27413571584.0,0,1.3516416376850534e+27,222,0.0,444,-2.637553503966331e+17,-0.0,2114,52429,17109,13107,17112,0,17096,0,0,0,101,100,100,2.7302334150594743e+23,64.3,-0.0,64.6,0.0,64.5,1,49,50,180,0,0,0,0,0.0,0.0,0.0,60.0,1771759730688.0,71.0,0.0,420574874566656.0,0.0,1070,0,1070,0,0,0,1069,0,1081,0,1000,0,646,0,648,0,642,0,676,0.032,1.069911156275154e+22,0.0,0.0,13200,16814,1.0855081016557568e+16,420574874566656.0,841129079603200.0,0.0,-3.175149887482233e+18,0.0,50.0,60.0,35,0.0,0.0,10.0,2.0,0.0,0.0,0.0,0.0,0.0,0.0,0.0,0.0,0.0,0.0,0.0,0.0,58.8,20,40,7,27,65476,628,65476,1,0,4,20529,65476,0,0,30147,60.0,0.0,10.0,10.0,2.0,0.0
2026-02-16T12:18:01,ERR,ERR,ERR,ERR,ERR,ERR,ERR,ERR,ERR,ERR,ERR,ERR,ERR,ERR,ERR,ERR,ERR,ERR,ERR,ERR,ERR,ERR,ERR,ERR,ERR,ERR,ERR,ERR,ERR,ERR,ERR,ERR,ERR,ERR,ERR,ERR,ERR,ERR,ERR,ERR,ERR,ERR,ERR,ERR,ERR,ERR,ERR,ERR,ERR,ERR,ERR,ERR,ERR,ERR,ERR,ERR,ERR,ERR,ERR,ERR,ERR,ERR,ERR,ERR,ERR,ERR,ERR,ERR,ERR,ERR,ERR,ERR,ERR,ERR,ERR,ERR,ERR,ERR,ERR,ERR,ERR,ERR,ERR,ERR,ERR,ERR,ERR,ERR,ERR,ERR,ERR,ERR,ERR,ERR,ERR,ERR,ERR,ERR,ERR,ERR,ERR,ERR,ERR,ERR,ERR,ERR,ERR,ERR,ERR,ERR,ERR,ERR,ERR,ERR,ERR,ERR,ERR,ERR,ERR,ERR,ERR,ERR,ERR,ERR,ERR,0.0,107616352.0,0.0,-0.0,0.004,-0.0,-9.063156309190457e+27,-0.0,4300,0,8,17175,4300,14723748724736.0,47,0.0,0.0,-0.0,0.0,-0.0,0,0,0,0,0.0,0,0,0,0,0,0,0,0,0,0,0,0,0,0,0,0,0,0,0,0,0,0,0,0,0,0,0,0,0,0,0,0,0,13,34,34,47,65476,396,65476,1,0,4,21553,0.0,0.0,-21643784192.0,0.0,0.0,0.0,0.0,0.0,0.0,0.0,0.0,0.0,0.0,0.0,0.0,0.0,0.0,0.0,0.0,0.0,0.0,2.004,3.697062548517736e+19,3.6970818999223845e+19,-2.004,2.004,0.0,0.0,0.0,0.0,5949.0,0.0,0.0,0.0,107616352.0,2.718449836706452e+23,-0.0,0.0,0.0,2.004,2.004,223,2.7184179512210902e+23,0.0,0.0,0.0,0.0,0.0,0.0,0.0,0.0,0,0,0,-0.0,-2.1180508310876884e+24,104831254528.0,-67983331328.0,254221.75,3.3929536402239596e+38,1.8079094520655618e+33,-0.0,360.549,-8.457407017991006e+22,-0.0,302564640.0,0.0,0.0,0.0,2.207469769695558e+27,0,1.3516416376850534e+27,223,0.0,446,0.0,-1881180032.0,2114,52429,17109,13107,17112,0,17096,0,0,0,101,100,100,2.7302334150594743e+23,64.3,-0.0,64.6,0.0,64.5,1,49,50,180,52429,0,0,0,0.0,0.0,0.0,60.0,2.0684332215820679e+21,71.0,0.0,-0.0,0.0,1069,0,1070,0,0,0,1069,0,1081,0,1000,0,646,0,648,0,642,0,676,0.032,1.0625324586456702e+22,0.0,0.0,912,16814,2.0684332215820679e+21,-0.0,-0.0,-0.0,0.0,955476476952576.0,50.0,60.0,35,0.0,0.0,10.0,2.0,0.0,0.0,0.0,0.0,0.0,0.0,0.0,0.0,0.0,0.0,0.0,0.0,58.8,20,40,7,27,65476,628,65476,1,0,4,20529,65476,0,0,30147,60.0,0.0,10.0,10.0,2.0,0.0
2026-02-16T12:18:02,ERR,ERR,ERR,ERR,ERR,ERR,ERR,ERR,ERR,ERR,ERR,ERR,ERR,ERR,ERR,ERR,ERR,ERR,ERR,ERR,ERR,ERR,ERR,ERR,ERR,ERR,ERR,ERR,ERR,ERR,ERR,ERR,ERR,ERR,ERR,ERR,ERR,ERR,ERR,ERR,ERR,ERR,ERR,ERR,ERR,ERR,ERR,ERR,ERR,ERR,ERR,ERR,ERR,ERR,ERR,ERR,ERR,ERR,ERR,ERR,ERR,ERR,ERR,ERR,ERR,ERR,ERR,ERR,ERR,ERR,ERR,ERR,ERR,ERR,ERR,ERR,ERR,ERR,ERR,ERR,ERR,ERR,ERR,ERR,ERR,ERR,ERR,ERR,ERR,ERR,ERR,ERR,ERR,ERR,ERR,ERR,ERR,ERR,ERR,ERR,ERR,ERR,ERR,ERR,ERR,ERR,ERR,ERR,ERR,ERR,ERR,ERR,ERR,ERR,ERR,ERR,ERR,ERR,ERR,ERR,ERR,ERR,ERR,ERR,ERR,0.0,107616352.0,0.0,-0.0,0.004,-0.0,-9.063156309190457e+27,-0.0,4300,0,8,17175,4300,14723748724736.0,47,0.0,0.0,-0.0,0.0,-0.0,0,0,0,0,0.0,0,0,0,0,0,0,0,0,0,0,0,0,0,0,0,0,0,0,0,0,0,0,0,0,0,0,0,0,0,0,0,0,0,13,34,34,47,65476,396,65476,1,0,4,21553,0.0,0.0,-21643784192.0,0.0,0.0,0.0,0.0,0.0,0.0,0.0,0.0,0.0,0.0,0.0,0.0,0.0,0.0,0.0,0.0,0.0,0.0,2.004,3.697062548517736e+19,3.6970818999223845e+19,-2.004,2.004,0.0,0.0,0.0,0.0,5949.0,0.0,0.0,0.0,107616352.0,2.718449836706452e+23,-0.0,0.0,0.0,2.004,2.004,223,2.7184179512210902e+23,0.0,0.0,0.0,0.0,0.0,0.0,0.0,0.0,0,0,0,-0.0,-2.1180508310876884e+24,104831254528.0,-67983331328.0,254221.75,3.3929536402239596e+38,1.8079094520655618e+33,-0.0,360.549,-8.457407017991006e+22,-0.0,302564640.0,0.0,0.0,0.0,2.207469769695558e+27,0,1.3516416376850534e+27,223,0.0,446,0.0,-1881180032.0,2114,52429,17109,13107,17112,0,17096,0,0,0,101,100,100,2.7302334150594743e+23,64.3,-0.0,64.6,0.0,64.5,1,49,50,180,52429,0,0,0,0.0,0.0,0.0,60.0,2.0684332215820679e+21,71.0,0.0,-0.0,0.0,1069,0,1070,0,0,0,1069,0,1081,0,1000,0,646,0,648,0,642,0,676,0.032,1.0625324586456702e+22,0.0,0.0,912,16814,2.0684332215820679e+21,-0.0,-0.0,-0.0,0.0,955476476952576.0,50.0,60.0,35,0.0,0.0,10.0,2.0,0.0,0.0,0.0,0.0,0.0,0.0,0.0,0.0,0.0,0.0,0.0,0.0,58.8,20,39,7,27,65476,640,65476,1,0,4,20529,65476,0,0,30147,60.0,0.0,10.0,10.0,2.0,0.0
2026-02-16T12:18:03,ERR,ERR,ERR,ERR,ERR,ERR,ERR,ERR,ERR,ERR,ERR,ERR,ERR,ERR,ERR,ERR,ERR,ERR,ERR,ERR,ERR,ERR,ERR,ERR,ERR,ERR,ERR,ERR,ERR,ERR,ERR,ERR,ERR,ERR,ERR,ERR,ERR,ERR,ERR,ERR,ERR,ERR,ERR,ERR,ERR,ERR,ERR,ERR,ERR,ERR,ERR,ERR,ERR,ERR,ERR,ERR,ERR,ERR,ERR,ERR,ERR,ERR,ERR,ERR,ERR,ERR,ERR,ERR,ERR,ERR,ERR,ERR,ERR,ERR,ERR,ERR,ERR,ERR,ERR,ERR,ERR,ERR,ERR,ERR,ERR,ERR,ERR,ERR,ERR,ERR,ERR,ERR,ERR,ERR,ERR,ERR,ERR,ERR,ERR,ERR,ERR,ERR,ERR,ERR,ERR,ERR,ERR,ERR,ERR,ERR,ERR,ERR,ERR,ERR,ERR,ERR,ERR,ERR,ERR,ERR,ERR,ERR,ERR,ERR,ERR,0.0,107616352.0,0.0,-0.0,0.004,-0.0,-9.063156309190457e+27,-0.0,4300,0,8,17175,4300,14723748724736.0,47,0.0,0.0,-0.0,0.0,-0.0,0,0,0,0,0.0,0,0,0,0,0,0,0,0,0,0,0,0,0,0,0,0,0,0,0,0,0,0,0,0,0,0,0,0,0,0,0,0,0,13,34,34,47,65476,396,65476,1,0,4,21553,0.0,0.0,-21643784192.0,0.0,0.0,0.0,0.0,0.0,0.0,0.0,0.0,0.0,0.0,0.0,0.0,0.0,0.0,0.0,0.0,0.0,0.0,2.004,3.697062548517736e+19,3.6970818999223845e+19,-2.004,2.004,0.0,0.0,0.0,0.0,5949.0,0.0,0.0,0.0,107616352.0,2.718449836706452e+23,-0.0,0.0,0.0,2.004,2.004,223,2.7184179512210902e+23,0.0,0.0,0.0,0.0,0.0,0.0,0.0,0.0,0,0,0,-0.0,-2.1180508310876884e+24,104831254528.0,-67983331328.0,254221.75,3.3929536402239596e+38,1.8079094520655618e+33,-0.0,360.549,-8.457407017991006e+22,-0.0,302564640.0,0.0,0.0,0.0,2.207469769695558e+27,0,1.3516416376850534e+27,223,0.0,446,0.0,-1881180032.0,2114,52429,17109,13107,17112,0,17096,0,0,0,101,100,100,2.7302334150594743e+23,64.3,-0.0,64.6,0.0,64.5,1,49,50,180,52429,0,0,0,0.0,0.0,0.0,60.0,2.0684332215820679e+21,71.0,0.0,-0.0,0.0,1069,0,1070,0,0,0,1069,0,1081,0,1000,0,646,0,648,0,642,0,676,0.032,1.0625324586456702e+22,0.0,0.0,912,16814,2.0684332215820679e+21,-0.0,-0.0,-0.0,0.0,955476476952576.0,50.0,60.0,35,0.0,0.0,10.0,2.0,0.0,0.0,0.0,0.0,0.0,0.0,0.0,0.0,0.0,0.0,0.0,0.0,58.8,20,39,7,27,65476,640,65476,1,0,4,20529,65476,0,0,30147,60.0,0.0,10.0,10.0,2.0,0.0
2026-02-16T12:18:04,ERR,ERR,ERR,ERR,ERR,ERR,ERR,ERR,ERR,ERR,ERR,ERR,ERR,ERR,ERR,ERR,ERR,ERR,ERR,ERR,ERR,ERR,ERR,ERR,ERR,ERR,ERR,ERR,ERR,ERR,ERR,ERR,ERR,ERR,ERR,ERR,ERR,ERR,ERR,ERR,ERR,ERR,ERR,ERR,ERR,ERR,ERR,ERR,ERR,ERR,ERR,ERR,ERR,ERR,ERR,ERR,ERR,ERR,ERR,ERR,ERR,ERR,ERR,ERR,ERR,ERR,ERR,ERR,ERR,ERR,ERR,ERR,ERR,ERR,ERR,ERR,ERR,ERR,ERR,ERR,ERR,ERR,ERR,ERR,ERR,ERR,ERR,ERR,ERR,ERR,ERR,ERR,ERR,ERR,ERR,ERR,ERR,ERR,ERR,ERR,ERR,ERR,ERR,ERR,ERR,ERR,ERR,ERR,ERR,ERR,ERR,ERR,ERR,ERR,ERR,ERR,ERR,ERR,ERR,ERR,ERR,ERR,ERR,ERR,ERR,0.0,107616352.0,0.0,-0.0,0.004,-0.0,-9.063156309190457e+27,-0.0,4300,0,8,17175,4300,14723748724736.0,47,0.0,0.0,-0.0,0.0,-0.0,0,0,0,0,0.0,0,0,0,0,0,0,0,0,0,0,0,0,0,0,0,0,0,0,0,0,0,0,0,0,0,0,0,0,0,0,0,0,0,13,34,34,47,65476,396,65476,1,0,4,21553,0.0,0.0,-21643784192.0,0.0,0.0,0.0,0.0,0.0,0.0,0.0,0.0,0.0,0.0,0.0,0.0,0.0,0.0,0.0,0.0,0.0,0.0,2.004,3.697062548517736e+19,3.6970818999223845e+19,-2.004,2.004,0.0,0.0,0.0,0.0,5949.0,0.0,0.0,0.0,107616352.0,2.718449836706452e+23,-0.0,0.0,0.0,2.004,2.004,223,2.7184179512210902e+23,0.0,0.0,0.0,0.0,0.0,0.0,0.0,0.0,0,0,0,-0.0,-2.1180508310876884e+24,104831254528.0,-67983331328.0,254221.75,3.3929536402239596e+38,1.8079094520655618e+33,-0.0,360.549,-8.457407017991006e+22,-0.0,302564640.0,0.0,0.0,0.0,2.207469769695558e+27,0,1.3516416376850534e+27,223,0.0,446,0.0,-1881180032.0,2114,52429,17109,13107,17112,0,17096,0,0,0,101,100,100,2.7302334150594743e+23,64.3,-0.0,64.6,0.0,64.5,1,49,50,180,52429,0,0,0,0.0,0.0,0.0,60.0,134283343691776.0,71.0,0.0,-5.021559094941576e+28,0.0,1069,0,1070,0,0,0,1069,0,1081,0,1000,0,646,0,648,0,642,0,677,0.032,1.0625324586456702e+22,0.0,0.0,1424,16814,17313.277,4.759417597004022e+22,-0.0,-9.221274855863747e+17,2.6487499683109274e+17,1705985.75,50.0,60.0,35,0.0,0.0,10.0,2.0,0.0,0.0,0.0,0.0,0.0,0.0,0.0,0.0,0.0,0.0,0.0,0.0,58.8,21,39,6,27,65476,640,65476,1,0,4,20529,65476,0,0,30147,60.0,0.0,10.0,10.0,2.0,0.0
2026-02-16T12:18:05,ERR,ERR,ERR,ERR,ERR,ERR,ERR,ERR,ERR,ERR,ERR,ERR,ERR,ERR,ERR,ERR,ERR,ERR,ERR,ERR,ERR,ERR,ERR,ERR,ERR,ERR,ERR,ERR,ERR,ERR,ERR,ERR,ERR,ERR,ERR,ERR,ERR,ERR,ERR,ERR,ERR,ERR,ERR,ERR,ERR,ERR,ERR,ERR,ERR,ERR,ERR,ERR,ERR,ERR,ERR,ERR,ERR,ERR,ERR,ERR,ERR,ERR,ERR,ERR,ERR,ERR,ERR,ERR,ERR,ERR,ERR,ERR,ERR,ERR,ERR,ERR,ERR,ERR,ERR,ERR,ERR,ERR,ERR,ERR,ERR,ERR,ERR,ERR,ERR,ERR,ERR,ERR,ERR,ERR,ERR,ERR,ERR,ERR,ERR,ERR,ERR,ERR,ERR,ERR,ERR,ERR,ERR,ERR,ERR,ERR,ERR,ERR,ERR,ERR,ERR,ERR,ERR,ERR,ERR,ERR,ERR,ERR,ERR,ERR,ERR,0.0,107616352.0,0.0,-0.0,0.004,-0.0,-9.063156309190457e+27,-0.0,4300,0,8,17175,4300,14723748724736.0,47,0.0,0.0,-0.0,0.0,-0.0,0,0,0,0,0.0,0,0,0,0,0,0,0,0,0,0,0,0,0,0,0,0,0,0,0,0,0,0,0,0,0,0,0,0,0,0,0,0,0,13,34,34,47,65476,396,65476,1,0,4,21553,0.0,0.0,-21643784192.0,0.0,0.0,0.0,0.0,0.0,0.0,0.0,0.0,0.0,0.0,0.0,0.0,0.0,0.0,0.0,0.0,0.0,0.0,2.004,3.697062548517736e+19,3.6970818999223845e+19,-2.004,2.004,0.0,0.0,0.0,0.0,5949.0,0.0,0.0,0.0,107616352.0,2.718449836706452e+23,-0.0,0.0,0.0,2.004,2.004,223,2.7184179512210902e+23,0.0,0.0,0.0,0.0,0.0,0.0,0.0,0.0,0,0,0,-0.0,-2.1180508310876884e+24,104831254528.0,-67983331328.0,254221.75,3.3929536402239596e+38,1.8079094520655618e+33,-0.0,360.549,-8.457407017991006e+22,-0.0,302564640.0,0.0,0.0,0.0,2.207469769695558e+27,0,1.3516416376850534e+27,223,0.0,446,0.0,-1881180032.0,2114,52429,17109,13107,17112,0,17096,0,0,0,101,100,100,2.7302334150594743e+23,64.3,-0.0,64.6,0.0,64.5,1,49,50,180,52429,0,0,0,0.0,0.0,0.0,60.0,134283343691776.0,71.0,0.0,-5.021559094941576e+28,0.0,1069,0,1070,0,0,0,1069,0,1081,0,1000,0,646,0,648,0,642,0,677,0.032,1.0625324586456702e+22,0.0,0.0,1424,16814,17313.277,4.759417597004022e+22,-0.0,-9.221274855863747e+17,2.6487499683109274e+17,1705985.75,50.0,60.0,35,0.0,0.0,10.0,2.0,0.0,0.0,0.0,0.0,0.0,0.0,0.0,0.0,0.0,0.0,0.0,0.0,59.2,21,39,6,27,65476,654,65476,1,0,4,20529,65476,0,0,30147,60.0,0.0,10.0,10.0,2.0,0.0
2026-02-16T12:18:06,ERR,ERR,ERR,ERR,ERR,ERR,ERR,ERR,ERR,ERR,ERR,ERR,ERR,ERR,ERR,ERR,ERR,ERR,ERR,ERR,ERR,ERR,ERR,ERR,ERR,ERR,ERR,ERR,ERR,ERR,ERR,ERR,ERR,ERR,ERR,ERR,ERR,ERR,ERR,ERR,ERR,ERR,ERR,ERR,ERR,ERR,ERR,ERR,ERR,ERR,ERR,ERR,ERR,ERR,ERR,ERR,ERR,ERR,ERR,ERR,ERR,ERR,ERR,ERR,ERR,ERR,ERR,ERR,ERR,ERR,ERR,ERR,ERR,ERR,ERR,ERR,ERR,ERR,ERR,ERR,ERR,ERR,ERR,ERR,ERR,ERR,ERR,ERR,ERR,ERR,ERR,ERR,ERR,ERR,ERR,ERR,ERR,ERR,ERR,ERR,ERR,ERR,ERR,ERR,ERR,ERR,ERR,ERR,ERR,ERR,ERR,ERR,ERR,ERR,ERR,ERR,ERR,ERR,ERR,ERR,ERR,ERR,ERR,ERR,ERR,0.0,0.0,-107090016.0,-0.0,-8608697344.0,-5.5562818129111814e+22,1.3711220774888506e+23,-7.227,4300,0,8,17178,4300,0.0,47,0.0,0.0,-0.0,0.0,-0.0,0,0,0,0,0.0,0,0,0,0,0,0,0,0,0,0,0,0,0,0,0,0,0,0,0,0,0,0,0,0,0,0,0,0,0,0,0,0,0,13,34,34,47,65476,398,65476,1,0,4,21553,0.0,0.0,2051765469970432.0,0.0,0.0,0.0,0.0,0.0,0.0,0.0,0.0,0.0,0.0,0.0,0.0,0.0,0.0,0.0,0.0,0.0,0.0,2.004,2.004,2.004,-0.0,2.004,0.0,0.0,0.0,0.0,5943.0,-0.0,0.0,0.0,0.0,0.0,-0.0,0.0,0.0,2.004,2.004,221,0.0,-0.0,0.0,0.0,0.0,0.0,0.0,0.0,0.0,0,0,0,-0.0,52234124.0,0.0,0.0,22449717248.0,0.0,-0.0,-0.0,-1.9247117377741213e+35,-9.165761990421452e+22,-0.0,327730464.0,0.0,0.0,0.0,-1.4480473421480257e+22,0,1.3516416376850534e+27,221,0.0,442,-2.637553503966331e+17,0.0,2114,52429,17109,13107,17112,0,17096,0,0,0,101,100,100,2.7302334150594743e+23,64.3,-0.0,64.6,0.0,64.5,1,49,50,180,52429,0,0,0,0.0,0.0,0.0,60.0,134283343691776.0,71.0,0.0,-5.021559094941576e+28,0.0,1069,0,1070,0,0,0,1069,0,1081,0,1000,0,646,0,648,0,642,0,677,0.032,1.0625324586456702e+22,0.0,0.0,1424,16814,17313.277,4.759417597004022e+22,-0.0,-9.221274855863747e+17,2.6487499683109274e+17,1705985.75,50.0,60.0,35,0.0,0.0,10.0,2.0,0.0,0.0,0.0,0.0,0.0,0.0,0.0,0.0,0.0,0.0,0.0,0.0,59.2,21,39,6,27,65476,654,65476,1,0,4,20529,65476,0,0,30147,60.0,0.0,10.0,10.0,2.0,0.0
2026-02-16T12:18:07,ERR,ERR,ERR,ERR,ERR,ERR,ERR,ERR,ERR,ERR,ERR,ERR,ERR,ERR,ERR,ERR,ERR,ERR,ERR,ERR,ERR,ERR,ERR,ERR,ERR,ERR,ERR,ERR,ERR,ERR,ERR,ERR,ERR,ERR,ERR,ERR,ERR,ERR,ERR,ERR,ERR,ERR,ERR,ERR,ERR,ERR,ERR,ERR,ERR,ERR,ERR,ERR,ERR,ERR,ERR,ERR,ERR,ERR,ERR,ERR,ERR,ERR,ERR,ERR,ERR,ERR,ERR,ERR,ERR,ERR,ERR,ERR,ERR,ERR,ERR,ERR,ERR,ERR,ERR,ERR,ERR,ERR,ERR,ERR,ERR,ERR,ERR,ERR,ERR,ERR,ERR,ERR,ERR,ERR,ERR,ERR,ERR,ERR,ERR,ERR,ERR,ERR,ERR,ERR,ERR,ERR,ERR,ERR,ERR,ERR,ERR,ERR,ERR,ERR,ERR,ERR,ERR,ERR,ERR,ERR,ERR,ERR,ERR,ERR,ERR,0.0,0.0,-107090016.0,-0.0,-8608697344.0,-5.5562818129111814e+22,1.3711220774888506e+23,-7.227,4300,0,8,17178,4300,0.0,47,0.0,0.0,-0.0,0.0,-0.0,0,0,0,0,0.0,0,0,0,0,0,0,0,0,0,0,0,0,0,0,0,0,0,0,0,0,0,0,0,0,0,0,0,0,0,0,0,0,0,13,34,34,47,65476,398,65476,1,0,4,21553,0.0,0.0,2051765469970432.0,0.0,0.0,0.0,0.0,0.0,0.0,0.0,0.0,0.0,0.0,0.0,0.0,0.0,0.0,0.0,0.0,0.0,0.0,2.004,2.004,2.004,-0.0,2.004,0.0,0.0,0.0,0.0,5943.0,-0.0,0.0,0.0,0.0,0.0,-0.0,0.0,0.0,2.004,2.004,221,0.0,-0.0,0.0,0.0,0.0,0.0,0.0,0.0,0.0,0,0,0,-0.0,52234124.0,0.0,0.0,22449717248.0,0.0,-0.0,-0.0,-1.9247117377741213e+35,-9.165761990421452e+22,-0.0,327730464.0,0.0,0.0,0.0,-1.4480473421480257e+22,0,1.3516416376850534e+27,221,0.0,442,-2.637553503966331e+17,0.0,2114,52429,17109,13107,17112,0,17096,0,0,0,101,100,100,2.7302334150594743e+23,64.3,-0.0,64.6,0.0,64.5,1,49,50,180,52429,0,0,0,0.0,0.0,0.0,60.0,134283343691776.0,71.0,0.0,-5.021559094941576e+28,0.0,1069,0,1070,0,0,0,1069,0,1081,0,1000,0,646,0,648,0,642,0,677,0.032,1.0625324586456702e+22,0.0,0.0,1424,16814,17313.277,4.759417597004022e+22,-0.0,-9.221274855863747e+17,2.6487499683109274e+17,1705985.75,50.0,60.0,35,0.0,0.0,10.0,2.0,0.0,0.0,0.0,0.0,0.0,0.0,0.0,0.0,0.0,0.0,0.0,0.0,59.2,21,39,6,27,65476,654,65476,1,0,4,20529,65476,0,0,30147,60.0,0.0,10.0,10.0,2.0,0.0
2026-02-16T12:18:08,ERR,ERR,ERR,ERR,ERR,ERR,ERR,ERR,ERR,ERR,ERR,ERR,ERR,ERR,ERR,ERR,ERR,ERR,ERR,ERR,ERR,ERR,ERR,ERR,ERR,ERR,ERR,ERR,ERR,ERR,ERR,ERR,ERR,ERR,ERR,ERR,ERR,ERR,ERR,ERR,ERR,ERR,ERR,ERR,ERR,ERR,ERR,ERR,ERR,ERR,ERR,ERR,ERR,ERR,ERR,ERR,ERR,ERR,ERR,ERR,ERR,ERR,ERR,ERR,ERR,ERR,ERR,ERR,ERR,ERR,ERR,ERR,ERR,ERR,ERR,ERR,ERR,ERR,ERR,ERR,ERR,ERR,ERR,ERR,ERR,ERR,ERR,ERR,ERR,ERR,ERR,ERR,ERR,ERR,ERR,ERR,ERR,ERR,ERR,ERR,ERR,ERR,ERR,ERR,ERR,ERR,ERR,ERR,ERR,ERR,ERR,ERR,ERR,ERR,ERR,ERR,ERR,ERR,ERR,ERR,ERR,ERR,ERR,ERR,ERR,0.0,0.0,-107090016.0,-0.0,-8608697344.0,-5.5562818129111814e+22,1.3711220774888506e+23,-7.227,4300,0,8,17178,4300,0.0,47,0.0,0.0,-0.0,0.0,-0.0,0,0,0,0,0.0,0,0,0,0,0,0,0,0,0,0,0,0,0,0,0,0,0,0,0,0,0,0,0,0,0,0,0,0,0,0,0,0,0,13,34,34,47,65476,398,65476,1,0,4,21553,0.0,0.0,2051765469970432.0,0.0,0.0,0.0,0.0,0.0,0.0,0.0,0.0,0.0,0.0,0.0,0.0,0.0,0.0,0.0,0.0,0.0,0.0,2.004,2.004,2.004,-0.0,2.004,0.0,0.0,0.0,0.0,5943.0,-0.0,0.0,0.0,0.0,0.0,-0.0,0.0,0.0,2.004,2.004,221,0.0,-0.0,0.0,0.0,0.0,0.0,0.0,0.0,0.0,0,0,0,-0.0,52234124.0,0.0,0.0,22449717248.0,0.0,-0.0,-0.0,-1.9247117377741213e+35,-9.165761990421452e+22,-0.0,327730464.0,0.0,0.0,0.0,-1.4480473421480257e+22,0,1.3516416376850534e+27,221,0.0,442,-2.637553503966331e+17,0.0,2114,52429,17109,13107,17112,0,17096,0,0,0,101,100,100,2.7302334150594743e+23,64.3,-0.0,64.6,0.0,64.5,1,49,50,180,52429,0,0,0,0.0,0.0,0.0,60.0,3.817,71.0,0.0,-0.0,0.0,1069,0,1070,0,0,0,1069,0,1081,0,1000,0,646,0,648,0,642,0,677,0.032,1.0551537610161864e+22,2.004,2.73023467606737e+23,50576,16813,762920.875,-0.0,-4.108421131088998e+35,0.0,-0.0,-0.0,50.0,60.0,35,0.0,0.0,10.0,2.0,0.0,0.0,0.0,0.0,0.0,0.0,0.0,0.0,0.0,0.0,0.0,0.0,59.2,21,39,6,27,65476,654,65476,1,0,4,20529,65476,0,0,30147,60.0,0.0,10.0,10.0,2.0,0.0
2026-02-16T12:18:09,ERR,ERR,ERR,ERR,ERR,ERR,ERR,ERR,ERR,ERR,ERR,ERR,ERR,ERR,ERR,ERR,ERR,ERR,ERR,ERR,ERR,ERR,ERR,ERR,ERR,ERR,ERR,ERR,ERR,ERR,ERR,ERR,ERR,ERR,ERR,ERR,ERR,ERR,ERR,ERR,ERR,ERR,ERR,ERR,ERR,ERR,ERR,ERR,ERR,ERR,ERR,ERR,ERR,ERR,ERR,ERR,ERR,ERR,ERR,ERR,ERR,ERR,ERR,ERR,ERR,ERR,ERR,ERR,ERR,ERR,ERR,ERR,ERR,ERR,ERR,ERR,ERR,ERR,ERR,ERR,ERR,ERR,ERR,ERR,ERR,ERR,ERR,ERR,ERR,ERR,ERR,ERR,ERR,ERR,ERR,ERR,ERR,ERR,ERR,ERR,ERR,ERR,ERR,ERR,ERR,ERR,ERR,ERR,ERR,ERR,ERR,ERR,ERR,ERR,ERR,ERR,ERR,ERR,ERR,ERR,ERR,ERR,ERR,ERR,ERR,0.0,0.0,-107090016.0,-0.0,-8608697344.0,-5.5562818129111814e+22,1.3711220774888506e+23,-7.227,4300,0,8,17178,4300,0.0,47,0.0,0.0,-0.0,0.0,-0.0,0,0,0,0,0.0,0,0,0,0,0,0,0,0,0,0,0,0,0,0,0,0,0,0,0,0,0,0,0,0,0,0,0,0,0,0,0,0,0,13,34,34,47,65476,398,65476,1,0,4,21553,0.0,0.0,2051765469970432.0,0.0,0.0,0.0,0.0,0.0,0.0,0.0,0.0,0.0,0.0,0.0,0.0,0.0,0.0,0.0,0.0,0.0,0.0,2.004,2.004,2.004,-0.0,2.004,0.0,0.0,0.0,0.0,5943.0,-0.0,0.0,0.0,0.0,0.0,-0.0,0.0,0.0,2.004,2.004,221,0.0,-0.0,0.0,0.0,0.0,0.0,0.0,0.0,0.0,0,0,0,-0.0,52234124.0,0.0,0.0,22449717248.0,0.0,-0.0,-0.0,-1.9247117377741213e+35,-9.165761990421452e+22,-0.0,327730464.0,0.0,0.0,0.0,-1.4480473421480257e+22,0,1.3516416376850534e+27,221,0.0,442,-2.637553503966331e+17,0.0,2114,52429,17109,13107,17112,0,17096,0,0,0,101,100,100,2.7302334150594743e+23,64.3,-0.0,64.6,0.0,64.5,1,49,50,180,52429,0,0,0,0.0,0.0,0.0,60.0,3.817,71.0,0.0,-0.0,0.0,1069,0,1070,0,0,0,1069,0,1081,0,1000,0,646,0,648,0,642,0,677,0.032,1.0551537610161864e+22,2.004,2.73023467606737e+23,50576,16813,762920.875,-0.0,-4.108421131088998e+35,0.0,-0.0,-0.0,50.0,60.0,35,0.0,0.0,10.0,2.0,0.0,0.0,0.0,0.0,0.0,0.0,0.0,0.0,0.0,0.0,0.0,0.0,58.8,21,39,6,27,65476,670,65476,1,0,4,20529,65476,0,0,30147,60.0,0.0,10.0,10.0,2.0,0.0
2026-02-16T12:18:10,ERR,ERR,ERR,ERR,ERR,ERR,ERR,ERR,ERR,ERR,ERR,ERR,ERR,ERR,ERR,ERR,ERR,ERR,ERR,ERR,ERR,ERR,ERR,ERR,ERR,ERR,ERR,ERR,ERR,ERR,ERR,ERR,ERR,ERR,ERR,ERR,ERR,ERR,ERR,ERR,ERR,ERR,ERR,ERR,ERR,ERR,ERR,ERR,ERR,ERR,ERR,ERR,ERR,ERR,ERR,ERR,ERR,ERR,ERR,ERR,ERR,ERR,ERR,ERR,ERR,ERR,ERR,ERR,ERR,ERR,ERR,ERR,ERR,ERR,ERR,ERR,ERR,ERR,ERR,ERR,ERR,ERR,ERR,ERR,ERR,ERR,ERR,ERR,ERR,ERR,ERR,ERR,ERR,ERR,ERR,ERR,ERR,ERR,ERR,ERR,ERR,ERR,ERR,ERR,ERR,ERR,ERR,ERR,ERR,ERR,ERR,ERR,ERR,ERR,ERR,ERR,ERR,ERR,ERR,ERR,ERR,ERR,ERR,ERR,ERR,0.0,0.0,0.0,-0.0,-4.260265667885305e+34,-0.0,0.0,0.0,4300,0,8,17174,4300,0.0,46,0.0,0.0,-0.0,0.0,-0.0,0,0,0,0,0.0,0,0,0,0,0,0,0,0,0,0,0,0,0,0,0,0,0,0,0,0,0,0,0,0,0,0,0,0,0,0,0,0,0,14,34,34,48,65476,402,65476,1,0,4,21553,0.0,-0.0,-1.4730983554355066e+33,0.0,0.0,0.0,0.0,0.0,0.0,0.0,0.0,0.0,0.0,0.0,0.0,0.0,0.0,0.0,0.0,0.0,0.0,2.004,3.697062548517736e+19,0.0,-0.0,2.004,0.0,0.0,0.0,0.0,5938.0,-564147779534848.0,0.0,0.0,0.0,0.0,-0.0,0.0,0.0,2.004,2.004,221,-4.95040229166093e+32,-2.308834560450547e+20,0.0,0.0,0.0,0.0,0.0,0.0,0.0,0,0,0,-0.0,-1.4530911166912123e+32,133831552.0,3.368488508210011e+22,3.721401557812511e+17,-356879.312,-0.0,3740032.25,-113390072.0,-9.93314654388777e+22,-0.0,352896288.0,0.0,0.0,0.0,0.0,0,1.3516416376850534e+27,221,0.0,442,-2.637553503966331e+17,0.0,2114,52429,17109,13107,17112,0,17096,0,0,0,101,100,100,2.7302334150594743e+23,64.3,-0.0,64.6,0.0,64.5,1,49,50,180,52429,0,0,0,0.0,0.0,0.0,60.0,3.817,71.0,0.0,-0.0,0.0,1069,0,1070,0,0,0,1069,0,1081,0,1000,0,646,0,648,0,642,0,677,0.032,1.0551537610161864e+22,2.004,2.73023467606737e+23,50576,16813,762920.875,-0.0,-4.108421131088998e+35,0.0,-0.0,-0.0,50.0,60.0,35,0.0,0.0,10.0,2.0,0.0,0.0,0.0,0.0,0.0,0.0,0.0,0.0,0.0,0.0,0.0,0.0,58.8,21,39,6,27,65476,670,65476,1,0,4,20529,65476,0,0,30147,60.0,0.0,10.0,10.0,2.0,0.0
2026-02-16T12:18:11,ERR,ERR,ERR,ERR,ERR,ERR,ERR,ERR,ERR,ERR,ERR,ERR,ERR,ERR,ERR,ERR,ERR,ERR,ERR,ERR,ERR,ERR,ERR,ERR,ERR,ERR,ERR,ERR,ERR,ERR,ERR,ERR,ERR,ERR,ERR,ERR,ERR,ERR,ERR,ERR,ERR,ERR,ERR,ERR,ERR,ERR,ERR,ERR,ERR,ERR,ERR,ERR,ERR,ERR,ERR,ERR,ERR,ERR,ERR,ERR,ERR,ERR,ERR,ERR,ERR,ERR,ERR,ERR,ERR,ERR,ERR,ERR,ERR,ERR,ERR,ERR,ERR,ERR,ERR,ERR,ERR,ERR,ERR,ERR,ERR,ERR,ERR,ERR,ERR,ERR,ERR,ERR,ERR,ERR,ERR,ERR,ERR,ERR,ERR,ERR,ERR,ERR,ERR,ERR,ERR,ERR,ERR,ERR,ERR,ERR,ERR,ERR,ERR,ERR,ERR,ERR,ERR,ERR,ERR,ERR,ERR,ERR,ERR,ERR,ERR,0.0,0.0,0.0,-0.0,-4.260265667885305e+34,-0.0,0.0,0.0,4300,0,8,17174,4300,0.0,46,0.0,0.0,-0.0,0.0,-0.0,0,0,0,0,0.0,0,0,0,0,0,0,0,0,0,0,0,0,0,0,0,0,0,0,0,0,0,0,0,0,0,0,0,0,0,0,0,0,0,14,34,34,48,65476,402,65476,1,0,4,21553,0.0,-0.0,-1.4730983554355066e+33,0.0,0.0,0.0,0.0,0.0,0.0,0.0,0.0,0.0,0.0,0.0,0.0,0.0,0.0,0.0,0.0,0.0,0.0,2.004,3.697062548517736e+19,0.0,-0.0,2.004,0.0,0.0,0.0,0.0,5938.0,-564147779534848.0,0.0,0.0,0.0,0.0,-0.0,0.0,0.0,2.004,2.004,221,-4.95040229166093e+32,-2.308834560450547e+20,0.0,0.0,0.0,0.0,0.0,0.0,0.0,0,0,0,-0.0,-1.4530911166912123e+32,133831552.0,3.368488508210011e+22,3.721401557812511e+17,-356879.312,-0.0,3740032.25,-113390072.0,-9.93314654388777e+22,-0.0,352896288.0,0.0,0.0,0.0,0.0,0,1.3516416376850534e+27,221,0.0,442,-2.637553503966331e+17,0.0,2114,52429,17109,13107,17112,0,17096,0,0,0,101,100,100,2.7302334150594743e+23,64.3,-0.0,64.6,0.0,64.5,1,49,50,180,52429,0,0,0,0.0,0.0,0.0,60.0,7.227,71.0,0.0,-0.0,0.0,1069,0,1070,0,0,0,1070,0,1081,0,1000,0,646,0,648,0,642,0,678,0.032,1.069911156275154e+22,-0.0,-0.0,60048,16813,7.227,-0.0,-0.0,-0.0,8.683856077835469e+16,0.0,50.0,60.0,35,0.0,0.0,10.0,2.0,0.0,0.0,0.0,0.0,0.0,0.0,0.0,0.0,0.0,0.0,0.0,0.0,58.8,21,39,6,27,65476,670,65476,1,0,4,20529,65476,0,0,30147,60.0,0.0,10.0,10.0,2.0,0.0
2026-02-16T12:18:12,ERR,ERR,ERR,ERR,ERR,ERR,ERR,ERR,ERR,ERR,ERR,ERR,ERR,ERR,ERR,ERR,ERR,ERR,ERR,ERR,ERR,ERR,ERR,ERR,ERR,ERR,ERR,ERR,ERR,ERR,ERR,ERR,ERR,ERR,ERR,ERR,ERR,ERR,ERR,ERR,ERR,ERR,ERR,ERR,ERR,ERR,ERR,ERR,ERR,ERR,ERR,ERR,ERR,ERR,ERR,ERR,ERR,ERR,ERR,ERR,ERR,ERR,ERR,ERR,ERR,ERR,ERR,ERR,ERR,ERR,ERR,ERR,ERR,ERR,ERR,ERR,ERR,ERR,ERR,ERR,ERR,ERR,ERR,ERR,ERR,ERR,ERR,ERR,ERR,ERR,ERR,ERR,ERR,ERR,ERR,ERR,ERR,ERR,ERR,ERR,ERR,ERR,ERR,ERR,ERR,ERR,ERR,ERR,ERR,ERR,ERR,ERR,ERR,ERR,ERR,ERR,ERR,ERR,ERR,ERR,ERR,ERR,ERR,ERR,ERR,0.0,0.0,0.0,-0.0,-4.260265667885305e+34,-0.0,0.0,0.0,4300,0,8,17174,4300,0.0,46,0.0,0.0,-0.0,0.0,-0.0,0,0,0,0,0.0,0,0,0,0,0,0,0,0,0,0,0,0,0,0,0,0,0,0,0,0,0,0,0,0,0,0,0,0,0,0,0,0,0,14,34,34,48,65476,402,65476,1,0,4,21553,0.0,-0.0,-1.4730983554355066e+33,0.0,0.0,0.0,0.0,0.0,0.0,0.0,0.0,0.0,0.0,0.0,0.0,0.0,0.0,0.0,0.0,0.0,0.0,2.004,3.697062548517736e+19,0.0,-0.0,2.004,0.0,0.0,0.0,0.0,5938.0,-564147779534848.0,0.0,0.0,0.0,0.0,-0.0,0.0,0.0,2.004,2.004,221,-4.95040229166093e+32,-2.308834560450547e+20,0.0,0.0,0.0,0.0,0.0,0.0,0.0,0,0,0,-0.0,-1.4530911166912123e+32,133831552.0,3.368488508210011e+22,3.721401557812511e+17,-356879.312,-0.0,3740032.25,-113390072.0,-9.93314654388777e+22,-0.0,352896288.0,0.0,0.0,0.0,0.0,0,1.3516416376850534e+27,221,0.0,442,-2.637553503966331e+17,0.0,2114,52429,17109,13107,17112,0,17096,0,0,0,101,100,100,2.7302334150594743e+23,64.3,-0.0,64.6,0.0,64.5,1,49,50,180,52429,0,0,0,0.0,0.0,0.0,60.0,7.227,71.0,0.0,-0.0,0.0,1069,0,1070,0,0,0,1070,0,1081,0,1000,0,646,0,648,0,642,0,678,0.032,1.069911156275154e+22,-0.0,-0.0,60048,16813,7.227,-0.0,-0.0,-0.0,8.683856077835469e+16,0.0,50.0,60.0,35,0.0,0.0,10.0,2.0,0.0,0.0,0.0,0.0,0.0,0.0,0.0,0.0,0.0,0.0,0.0,0.0,58.8,21,39,6,27,65476,677,65476,1,0,4,20529,65476,0,0,30147,60.0,0.0,10.0,10.0,2.0,0.0
2026-02-16T12:18:13,ERR,ERR,ERR,ERR,ERR,ERR,ERR,ERR,ERR,ERR,ERR,ERR,ERR,ERR,ERR,ERR,ERR,ERR,ERR,ERR,ERR,ERR,ERR,ERR,ERR,ERR,ERR,ERR,ERR,ERR,ERR,ERR,ERR,ERR,ERR,ERR,ERR,ERR,ERR,ERR,ERR,ERR,ERR,ERR,ERR,ERR,ERR,ERR,ERR,ERR,ERR,ERR,ERR,ERR,ERR,ERR,ERR,ERR,ERR,ERR,ERR,ERR,ERR,ERR,ERR,ERR,ERR,ERR,ERR,ERR,ERR,ERR,ERR,ERR,ERR,ERR,ERR,ERR,ERR,ERR,ERR,ERR,ERR,ERR,ERR,ERR,ERR,ERR,ERR,ERR,ERR,ERR,ERR,ERR,ERR,ERR,ERR,ERR,ERR,ERR,ERR,ERR,ERR,ERR,ERR,ERR,ERR,ERR,ERR,ERR,ERR,ERR,ERR,ERR,ERR,ERR,ERR,ERR,ERR,ERR,ERR,ERR,ERR,ERR,ERR,0.0,0.0,0.0,-0.0,-4.260265667885305e+34,-0.0,0.0,0.0,4300,0,8,17174,4300,0.0,46,0.0,0.0,-0.0,0.0,-0.0,0,0,0,0,0.0,0,0,0,0,0,0,0,0,0,0,0,0,0,0,0,0,0,0,0,0,0,0,0,0,0,0,0,0,0,0,0,0,0,14,34,34,48,65476,402,65476,1,0,4,21553,0.0,-0.0,-1.4730983554355066e+33,0.0,0.0,0.0,0.0,0.0,0.0,0.0,0.0,0.0,0.0,0.0,0.0,0.0,0.0,0.0,0.0,0.0,0.0,2.004,3.697062548517736e+19,0.0,-0.0,2.004,0.0,0.0,0.0,0.0,5938.0,-564147779534848.0,0.0,0.0,0.0,0.0,-0.0,0.0,0.0,2.004,2.004,221,-4.95040229166093e+32,-2.308834560450547e+20,0.0,0.0,0.0,0.0,0.0,0.0,0.0,0,0,0,-0.0,-1.4530911166912123e+32,133831552.0,3.368488508210011e+22,3.721401557812511e+17,-356879.312,-0.0,3740032.25,-113390072.0,-9.93314654388777e+22,-0.0,352896288.0,0.0,0.0,0.0,0.0,0,1.3516416376850534e+27,221,0.0,442,-2.637553503966331e+17,0.0,2114,52429,17109,13107,17112,0,17096,0,0,0,101,100,100,2.7302334150594743e+23,64.3,-0.0,64.6,0.0,64.5,1,49,50,180,52429,0,0,0,0.0,0.0,0.0,60.0,7.227,71.0,0.0,-0.0,0.0,1069,0,1070,0,0,0,1070,0,1081,0,1000,0,646,0,648,0,642,0,678,0.032,1.069911156275154e+22,-0.0,-0.0,60048,16813,7.227,-0.0,-0.0,-0.0,8.683856077835469e+16,0.0,50.0,60.0,35,0.0,0.0,10.0,2.0,0.0,0.0,0.0,0.0,0.0,0.0,0.0,0.0,0.0,0.0,0.0,0.0,58.8,21,39,6,27,65476,677,65476,1,0,4,20529,65476,0,0,30147,60.0,0.0,10.0,10.0,2.0,0.0
2026-02-16T12:18:14,ERR,ERR,ERR,ERR,ERR,ERR,ERR,ERR,ERR,ERR,ERR,ERR,ERR,ERR,ERR,ERR,ERR,ERR,ERR,ERR,ERR,ERR,ERR,ERR,ERR,ERR,ERR,ERR,ERR,ERR,ERR,ERR,ERR,ERR,ERR,ERR,ERR,ERR,ERR,ERR,ERR,ERR,ERR,ERR,ERR,ERR,ERR,ERR,ERR,ERR,ERR,ERR,ERR,ERR,ERR,ERR,ERR,ERR,ERR,ERR,ERR,ERR,ERR,ERR,ERR,ERR,ERR,ERR,ERR,ERR,ERR,ERR,ERR,ERR,ERR,ERR,ERR,ERR,ERR,ERR,ERR,ERR,ERR,ERR,ERR,ERR,ERR,ERR,ERR,ERR,ERR,ERR,ERR,ERR,ERR,ERR,ERR,ERR,ERR,ERR,ERR,ERR,ERR,ERR,ERR,ERR,ERR,ERR,ERR,ERR,ERR,ERR,ERR,ERR,ERR,ERR,ERR,ERR,ERR,ERR,ERR,ERR,ERR,ERR,ERR,0.0,0.0,0.0,-0.0,-4.260265667885305e+34,-0.0,0.0,0.0,4300,0,8,17174,4300,0.0,46,0.0,0.0,-0.0,0.0,-0.0,0,0,0,0,0.0,0,0,0,0,0,0,0,0,0,0,0,0,0,0,0,0,0,0,0,0,0,0,0,0,0,0,0,0,0,0,0,0,0,14,34,34,48,65476,402,65476,1,0,4,21553,0.0,-0.0,-1.4730983554355066e+33,0.0,0.0,0.0,0.0,0.0,0.0,0.0,0.0,0.0,0.0,0.0,0.0,0.0,0.0,0.0,0.0,0.0,0.0,2.004,3.697062548517736e+19,0.0,-0.0,2.004,0.0,0.0,0.0,0.0,5938.0,-564147779534848.0,0.0,0.0,0.0,0.0,-0.0,0.0,0.0,2.004,2.004,221,-4.95040229166093e+32,-2.308834560450547e+20,0.0,0.0,0.0,0.0,0.0,0.0,0.0,0,0,0,-0.0,-1.4530911166912123e+32,133831552.0,3.368488508210011e+22,3.721401557812511e+17,-356879.312,-0.0,3740032.25,-113390072.0,-9.93314654388777e+22,-0.0,352896288.0,0.0,0.0,0.0,0.0,0,1.3516416376850534e+27,221,0.0,442,-2.637553503966331e+17,0.0,2114,52429,17109,13107,17112,0,17096,0,0,0,101,100,100,2.7302334150594743e+23,64.3,-0.0,64.6,0.0,64.5,1,49,50,180,52429,0,0,0,0.0,0.0,0.0,60.0,1344358144.0,71.0,0.0,0.0,0.0,1069,0,1070,0,0,0,1069,0,1081,0,1000,0,646,0,648,0,642,0,677,0.032,1.0551537610161864e+22,2.004,2.73023467606737e+23,7056,16814,262272155648.0,-0.0,26144.086,-0.0,0.0,3.1469457099166777e+32,50.0,60.0,35,0.0,0.0,10.0,2.0,0.0,0.0,0.0,0.0,0.0,0.0,0.0,0.0,0.0,0.0,0.0,0.0,58.8,21,39,6,27,65476,677,65476,1,0,4,20529,65476,0,0,30147,60.0,0.0,10.0,10.0,2.0,0.0
2026-02-16T12:18:15,ERR,ERR,ERR,ERR,ERR,ERR,ERR,ERR,ERR,ERR,ERR,ERR,ERR,ERR,ERR,ERR,ERR,ERR,ERR,ERR,ERR,ERR,ERR,ERR,ERR,ERR,ERR,ERR,ERR,ERR,ERR,ERR,ERR,ERR,ERR,ERR,ERR,ERR,ERR,ERR,ERR,ERR,ERR,ERR,ERR,ERR,ERR,ERR,ERR,ERR,ERR,ERR,ERR,ERR,ERR,ERR,ERR,ERR,ERR,ERR,ERR,ERR,ERR,ERR,ERR,ERR,ERR,ERR,ERR,ERR,ERR,ERR,ERR,ERR,ERR,ERR,ERR,ERR,ERR,ERR,ERR,ERR,ERR,ERR,ERR,ERR,ERR,ERR,ERR,ERR,ERR,ERR,ERR,ERR,ERR,ERR,ERR,ERR,ERR,ERR,ERR,ERR,ERR,ERR,ERR,ERR,ERR,ERR,ERR,ERR,ERR,ERR,ERR,ERR,ERR,ERR,ERR,ERR,ERR,ERR,ERR,ERR,ERR,ERR,ERR,0.0,0.0,-0.0,-0.0,-0.0,-1.4619830218064673e+35,-0.0,6743112810496.0,4300,0,8,17173,4300,14655027150848.0,45,0.0,0.0,-0.0,0.0,-0.0,0,0,0,0,0.0,0,0,0,0,0,0,0,0,0,0,0,0,0,0,0,0,0,0,0,0,0,0,0,0,0,0,0,0,0,0,0,0,0,14,34,34,48,65476,405,65476,1,0,4,21553,0.0,-0.0,0.0,0.0,0.0,0.0,0.0,0.0,0.0,0.0,0.0,0.0,0.0,0.0,0.0,0.0,0.0,0.0,0.0,0.0,0.0,2.004,3.697062548517736e+19,0.0,-0.0,0.0,0.0,0.0,0.0,0.0,5959.0,0.0,0.0,0.0,0.0,0.0,-0.0,0.0,0.0,2.004,2.004,221,-0.0,126840848384.0,0.0,0.0,0.0,0.0,0.0,0.0,0.0,0,0,0,-0.0,-1.7739259196727113e+23,0.001,0.0,0.001,-1.1203726077907674e+30,-0.0,0.0,-0.0,-1.0523442354246475e+23,-0.0,375964960.0,0.0,0.0,0.0,0.0,0,1.3516416376850534e+27,221,0.0,442,-0.0,-0.0,2114,52429,17109,13107,17112,0,17096,0,0,0,101,100,100,2.7302334150594743e+23,64.3,-0.0,64.6,0.0,64.5,1,49,50,180,52429,0,0,0,0.0,0.0,0.0,60.0,1344358144.0,71.0,0.0,0.0,0.0,1069,0,1070,0,0,0,1069,0,1081,0,1000,0,646,0,648,0,642,0,677,0.032,1.0551537610161864e+22,2.004,2.73023467606737e+23,7056,16814,262272155648.0,-0.0,26144.086,-0.0,0.0,3.1469457099166777e+32,50.0,60.0,35,0.0,0.0,10.0,2.0,0.0,0.0,0.0,0.0,0.0,0.0,0.0,0.0,0.0,0.0,0.0,0.0,58.8,20,39,7,27,65476,686,65476,1,0,4,20529,65476,0,0,30147,60.0,0.0,10.0,10.0,2.0,0.0
2026-02-16T12:18:16,ERR,ERR,ERR,ERR,ERR,ERR,ERR,ERR,ERR,ERR,ERR,ERR,ERR,ERR,ERR,ERR,ERR,ERR,ERR,ERR,ERR,ERR,ERR,ERR,ERR,ERR,ERR,ERR,ERR,ERR,ERR,ERR,ERR,ERR,ERR,ERR,ERR,ERR,ERR,ERR,ERR,ERR,ERR,ERR,ERR,ERR,ERR,ERR,ERR,ERR,ERR,ERR,ERR,ERR,ERR,ERR,ERR,ERR,ERR,ERR,ERR,ERR,ERR,ERR,ERR,ERR,ERR,ERR,ERR,ERR,ERR,ERR,ERR,ERR,ERR,ERR,ERR,ERR,ERR,ERR,ERR,ERR,ERR,ERR,ERR,ERR,ERR,ERR,ERR,ERR,ERR,ERR,ERR,ERR,ERR,ERR,ERR,ERR,ERR,ERR,ERR,ERR,ERR,ERR,ERR,ERR,ERR,ERR,ERR,ERR,ERR,ERR,ERR,ERR,ERR,ERR,ERR,ERR,ERR,ERR,ERR,ERR,ERR,ERR,ERR,0.0,0.0,-0.0,-0.0,-0.0,-1.4619830218064673e+35,-0.0,6743112810496.0,4300,0,8,17173,4300,14655027150848.0,45,0.0,0.0,-0.0,0.0,-0.0,0,0,0,0,0.0,0,0,0,0,0,0,0,0,0,0,0,0,0,0,0,0,0,0,0,0,0,0,0,0,0,0,0,0,0,0,0,0,0,14,34,34,48,65476,405,65476,1,0,4,21553,0.0,-0.0,0.0,0.0,0.0,0.0,0.0,0.0,0.0,0.0,0.0,0.0,0.0,0.0,0.0,0.0,0.0,0.0,0.0,0.0,0.0,2.004,3.697062548517736e+19,0.0,-0.0,0.0,0.0,0.0,0.0,0.0,5959.0,0.0,0.0,0.0,0.0,0.0,-0.0,0.0,0.0,2.004,2.004,221,-0.0,126840848384.0,0.0,0.0,0.0,0.0,0.0,0.0,0.0,0,0,0,-0.0,-1.7739259196727113e+23,0.001,0.0,0.001,-1.1203726077907674e+30,-0.0,0.0,-0.0,-1.0523442354246475e+23,-0.0,375964960.0,0.0,0.0,0.0,0.0,0,1.3516416376850534e+27,221,0.0,442,-0.0,-0.0,2114,52429,17109,13107,17112,0,17096,0,0,0,101,100,100,2.7302334150594743e+23,64.3,-0.0,64.6,0.0,64.5,1,49,50,180,52429,0,0,0,0.0,0.0,0.0,60.0,1344358144.0,71.0,0.0,0.0,0.0,1069,0,1070,0,0,0,1069,0,1081,0,1000,0,646,0,648,0,642,0,677,0.032,1.0551537610161864e+22,2.004,2.73023467606737e+23,7056,16814,262272155648.0,-0.0,26144.086,-0.0,0.0,3.1469457099166777e+32,50.0,60.0,35,0.0,0.0,10.0,2.0,0.0,0.0,0.0,0.0,0.0,0.0,0.0,0.0,0.0,0.0,0.0,0.0,58.8,20,39,7,27,65476,686,65476,1,0,4,20529,65476,0,0,30147,60.0,0.0,10.0,10.0,2.0,0.0
2026-02-16T12:18:17,ERR,ERR,ERR,ERR,ERR,ERR,ERR,ERR,ERR,ERR,ERR,ERR,ERR,ERR,ERR,ERR,ERR,ERR,ERR,ERR,ERR,ERR,ERR,ERR,ERR,ERR,ERR,ERR,ERR,ERR,ERR,ERR,ERR,ERR,ERR,ERR,ERR,ERR,ERR,ERR,ERR,ERR,ERR,ERR,ERR,ERR,ERR,ERR,ERR,ERR,ERR,ERR,ERR,ERR,ERR,ERR,ERR,ERR,ERR,ERR,ERR,ERR,ERR,ERR,ERR,ERR,ERR,ERR,ERR,ERR,ERR,ERR,ERR,ERR,ERR,ERR,ERR,ERR,ERR,ERR,ERR,ERR,ERR,ERR,ERR,ERR,ERR,ERR,ERR,ERR,ERR,ERR,ERR,ERR,ERR,ERR,ERR,ERR,ERR,ERR,ERR,ERR,ERR,ERR,ERR,ERR,ERR,ERR,ERR,ERR,ERR,ERR,ERR,ERR,ERR,ERR,ERR,ERR,ERR,ERR,ERR,ERR,ERR,ERR,ERR,0.0,0.0,-0.0,-0.0,-0.0,-1.4619830218064673e+35,-0.0,6743112810496.0,4300,0,8,17173,4300,14655027150848.0,45,0.0,0.0,-0.0,0.0,-0.0,0,0,0,0,0.0,0,0,0,0,0,0,0,0,0,0,0,0,0,0,0,0,0,0,0,0,0,0,0,0,0,0,0,0,0,0,0,0,0,14,34,34,48,65476,405,65476,1,0,4,21553,0.0,-0.0,0.0,0.0,0.0,0.0,0.0,0.0,0.0,0.0,0.0,0.0,0.0,0.0,0.0,0.0,0.0,0.0,0.0,0.0,0.0,2.004,3.697062548517736e+19,0.0,-0.0,0.0,0.0,0.0,0.0,0.0,5959.0,0.0,0.0,0.0,0.0,0.0,-0.0,0.0,0.0,2.004,2.004,221,-0.0,126840848384.0,0.0,0.0,0.0,0.0,0.0,0.0,0.0,0,0,0,-0.0,-1.7739259196727113e+23,0.001,0.0,0.001,-1.1203726077907674e+30,-0.0,0.0,-0.0,-1.0523442354246475e+23,-0.0,375964960.0,0.0,0.0,0.0,0.0,0,1.3516416376850534e+27,221,0.0,442,-0.0,-0.0,2114,52429,17109,13107,17112,0,17096,0,0,0,101,100,100,2.7302334150594743e+23,64.3,-0.0,64.6,0.0,64.5,1,49,50,180,52429,0,0,0,0.0,0.0,0.0,60.0,1344358144.0,71.0,0.0,0.0,0.0,1069,0,1070,0,0,0,1069,0,1081,0,1000,0,646,0,648,0,642,0,677,0.032,1.0551537610161864e+22,2.004,2.73023467606737e+23,7056,16814,262272155648.0,-0.0,26144.086,-0.0,0.0,3.1469457099166777e+32,50.0,60.0,35,0.0,0.0,10.0,2.0,0.0,0.0,0.0,0.0,0.0,0.0,0.0,0.0,0.0,0.0,0.0,0.0,59.2,20,40,7,27,65476,676,65476,1,0,4,20529,65476,0,0,30147,60.0,0.0,10.0,10.0,2.0,0.0
2026-02-16T12:18:18,ERR,ERR,ERR,ERR,ERR,ERR,ERR,ERR,ERR,ERR,ERR,ERR,ERR,ERR,ERR,ERR,ERR,ERR,ERR,ERR,ERR,ERR,ERR,ERR,ERR,ERR,ERR,ERR,ERR,ERR,ERR,ERR,ERR,ERR,ERR,ERR,ERR,ERR,ERR,ERR,ERR,ERR,ERR,ERR,ERR,ERR,ERR,ERR,ERR,ERR,ERR,ERR,ERR,ERR,ERR,ERR,ERR,ERR,ERR,ERR,ERR,ERR,ERR,ERR,ERR,ERR,ERR,ERR,ERR,ERR,ERR,ERR,ERR,ERR,ERR,ERR,ERR,ERR,ERR,ERR,ERR,ERR,ERR,ERR,ERR,ERR,ERR,ERR,ERR,ERR,ERR,ERR,ERR,ERR,ERR,ERR,ERR,ERR,ERR,ERR,ERR,ERR,ERR,ERR,ERR,ERR,ERR,ERR,ERR,ERR,ERR,ERR,ERR,ERR,ERR,ERR,ERR,ERR,ERR,ERR,ERR,ERR,ERR,ERR,ERR,0.0,0.0,-0.0,-0.0,-0.0,-1.4619830218064673e+35,-0.0,6743112810496.0,4300,0,8,17173,4300,14655027150848.0,45,0.0,0.0,-0.0,0.0,-0.0,0,0,0,0,0.0,0,0,0,0,0,0,0,0,0,0,0,0,0,0,0,0,0,0,0,0,0,0,0,0,0,0,0,0,0,0,0,0,0,14,34,34,48,65476,405,65476,1,0,4,21553,0.0,-0.0,0.0,0.0,0.0,0.0,0.0,0.0,0.0,0.0,0.0,0.0,0.0,0.0,0.0,0.0,0.0,0.0,0.0,0.0,0.0,2.004,3.697062548517736e+19,0.0,-0.0,0.0,0.0,0.0,0.0,0.0,5959.0,0.0,0.0,0.0,0.0,0.0,-0.0,0.0,0.0,2.004,2.004,221,-0.0,126840848384.0,0.0,0.0,0.0,0.0,0.0,0.0,0.0,0,0,0,-0.0,-1.7739259196727113e+23,0.001,0.0,0.001,-1.1203726077907674e+30,-0.0,0.0,-0.0,-1.0523442354246475e+23,-0.0,375964960.0,0.0,0.0,0.0,0.0,0,1.3516416376850534e+27,221,0.0,442,-0.0,-0.0,2114,0,17110,13107,17112,0,17096,0,0,0,101,100,100,2.7302334150594743e+23,64.3,-0.0,64.6,0.0,64.5,1,49,50,180,52429,0,0,0,0.0,0.0,0.0,60.0,8.658619708997632e+17,71.0,0.0,-9.371801328073662e+27,0.0,1069,0,1070,0,0,0,1070,0,1081,0,1000,0,646,0,648,0,642,0,677,0.032,1.0625324586456702e+22,2.004,2.73023467606737e+23,56208,16813,1.0250911832499814e+19,-9.371801328073662e+27,-0.0,-0.0,-0.0,-11878416.0,50.0,60.0,35,0.0,0.0,10.0,2.0,0.0,0.0,0.0,0.0,0.0,0.0,0.0,0.0,0.0,0.0,0.0,0.0,59.2,20,40,7,27,65476,676,65476,1,0,4,20529,65476,0,0,30147,60.0,0.0,10.0,10.0,2.0,0.0
2026-02-16T12:18:19,ERR,ERR,ERR,ERR,ERR,ERR,ERR,ERR,ERR,ERR,ERR,ERR,ERR,ERR,ERR,ERR,ERR,ERR,ERR,ERR,ERR,ERR,ERR,ERR,ERR,ERR,ERR,ERR,ERR,ERR,ERR,ERR,ERR,ERR,ERR,ERR,ERR,ERR,ERR,ERR,ERR,ERR,ERR,ERR,ERR,ERR,ERR,ERR,ERR,ERR,ERR,ERR,ERR,ERR,ERR,ERR,ERR,ERR,ERR,ERR,ERR,ERR,ERR,ERR,ERR,ERR,ERR,ERR,ERR,ERR,ERR,ERR,ERR,ERR,ERR,ERR,ERR,ERR,ERR,ERR,ERR,ERR,ERR,ERR,ERR,ERR,ERR,ERR,ERR,ERR,ERR,ERR,ERR,ERR,ERR,ERR,ERR,ERR,ERR,ERR,ERR,ERR,ERR,ERR,ERR,ERR,ERR,ERR,ERR,ERR,ERR,ERR,ERR,ERR,ERR,ERR,ERR,ERR,ERR,ERR,ERR,ERR,ERR,ERR,ERR,0.0,0.0,-0.0,-0.0,-0.0,-1.4619830218064673e+35,-0.0,6743112810496.0,4300,0,8,17173,4300,14655027150848.0,45,0.0,0.0,-0.0,0.0,-0.0,0,0,0,0,0.0,0,0,0,0,0,0,0,0,0,0,0,0,0,0,0,0,0,0,0,0,0,0,0,0,0,0,0,0,0,0,0,0,0,14,34,34,48,65476,405,65476,1,0,4,21553,0.0,-0.0,0.0,0.0,0.0,0.0,0.0,0.0,0.0,0.0,0.0,0.0,0.0,0.0,0.0,0.0,0.0,0.0,0.0,0.0,0.0,2.004,3.697062548517736e+19,0.0,-0.0,0.0,0.0,0.0,0.0,0.0,5959.0,0.0,0.0,0.0,0.0,0.0,-0.0,0.0,0.0,2.004,2.004,221,-0.0,126840848384.0,0.0,0.0,0.0,0.0,0.0,0.0,0.0,0,0,0,-0.0,-1.7739259196727113e+23,0.001,0.0,0.001,-1.1203726077907674e+30,-0.0,0.0,-0.0,-1.0523442354246475e+23,-0.0,375964960.0,0.0,0.0,0.0,0.0,0,1.3516416376850534e+27,221,0.0,442,-0.0,-0.0,2114,0,17110,13107,17112,0,17096,0,0,0,101,100,100,2.7302334150594743e+23,64.3,-0.0,64.6,0.0,64.5,1,49,50,180,52429,0,0,0,0.0,0.0,0.0,60.0,8.658619708997632e+17,71.0,0.0,-9.371801328073662e+27,0.0,1069,0,1070,0,0,0,1070,0,1081,0,1000,0,646,0,648,0,642,0,677,0.032,1.0625324586456702e+22,2.004,2.73023467606737e+23,56208,16813,1.0250911832499814e+19,-9.371801328073662e+27,-0.0,-0.0,-0.0,-11878416.0,50.0,60.0,35,0.0,0.0,10.0,2.0,0.0,0.0,0.0,0.0,0.0,0.0,0.0,0.0,0.0,0.0,0.0,0.0,58.8,20,40,7,27,65476,676,65476,1,0,4,20529,65476,0,0,30147,60.0,0.0,10.0,10.0,2.0,0.0
2026-02-16T12:18:20,ERR,ERR,ERR,ERR,ERR,ERR,ERR,ERR,ERR,ERR,ERR,ERR,ERR,ERR,ERR,ERR,ERR,ERR,ERR,ERR,ERR,ERR,ERR,ERR,ERR,ERR,ERR,ERR,ERR,ERR,ERR,ERR,ERR,ERR,ERR,ERR,ERR,ERR,ERR,ERR,ERR,ERR,ERR,ERR,ERR,ERR,ERR,ERR,ERR,ERR,ERR,ERR,ERR,ERR,ERR,ERR,ERR,ERR,ERR,ERR,ERR,ERR,ERR,ERR,ERR,ERR,ERR,ERR,ERR,ERR,ERR,ERR,ERR,ERR,ERR,ERR,ERR,ERR,ERR,ERR,ERR,ERR,ERR,ERR,ERR,ERR,ERR,ERR,ERR,ERR,ERR,ERR,ERR,ERR,ERR,ERR,ERR,ERR,ERR,ERR,ERR,ERR,ERR,ERR,ERR,ERR,ERR,ERR,ERR,ERR,ERR,ERR,ERR,ERR,ERR,ERR,ERR,ERR,ERR,ERR,ERR,ERR,ERR,ERR,ERR,0.0,-2.7184525388662284e+23,0.0,-0.0,0.0,0.0,-0.0,-193789360603136.0,4300,0,8,17173,4300,14655025053696.0,45,0.0,0.0,-0.0,0.0,-4.925046184806267e+32,0,0,0,0,0.0,0,0,0,0,0,0,0,0,0,0,0,0,0,0,0,0,0,0,0,0,0,0,0,0,0,0,0,0,0,0,0,0,0,13,35,34,48,65476,407,65476,1,0,4,21553,0.0,0.0,751865344.0,0.0,0.0,0.0,0.0,0.0,0.0,0.0,0.0,0.0,0.0,0.0,0.0,0.0,0.0,0.0,0.0,0.0,0.0,2.004,3.697062548517736e+19,-2.004,-0.0,0.0,0.0,0.0,0.0,0.0,5954.0,-3.697199327764231e+19,0.0,0.0,-107616344.0,0.0,-0.0,0.0,0.0,2.004,2.004,221,0.059,0.0,0.0,0.0,0.0,0.0,0.0,0.0,0.0,0,0,0,-0.0,4.9912874835607e+35,0.0,-0.0,0.0,1.6016764552452506e+17,-5.0255906932607616e+22,0.0,-2.517882982785204e+26,-1.1349856488748663e+23,-0.0,403227936.0,0.0,0.0,0.0,17.531,0,1.3516416376850534e+27,221,0.0,442,-0.0,-0.0,2114,0,17110,13107,17112,0,17096,0,0,0,101,100,100,2.7302334150594743e+23,64.3,-0.0,64.6,0.0,64.5,1,49,50,180,52429,0,0,0,0.0,0.0,0.0,60.0,8.658619708997632e+17,71.0,0.0,-9.371801328073662e+27,0.0,1069,0,1070,0,0,0,1070,0,1081,0,1000,0,646,0,648,0,642,0,677,0.032,1.0625324586456702e+22,2.004,2.73023467606737e+23,56208,16813,1.0250911832499814e+19,-9.371801328073662e+27,-0.0,-0.0,-0.0,-11878416.0,50.0,60.0,35,0.0,0.0,10.0,2.0,0.0,0.0,0.0,0.0,0.0,0.0,0.0,0.0,0.0,0.0,0.0,0.0,58.8,20,40,7,27,65476,674,65476,1,0,4,20529,65476,0,0,30147,60.0,0.0,10.0,10.0,2.0,0.0
2026-02-16T12:18:21,ERR,ERR,ERR,ERR,ERR,ERR,ERR,ERR,ERR,ERR,ERR,ERR,ERR,ERR,ERR,ERR,ERR,ERR,ERR,ERR,ERR,ERR,ERR,ERR,ERR,ERR,ERR,ERR,ERR,ERR,ERR,ERR,ERR,ERR,ERR,ERR,ERR,ERR,ERR,ERR,ERR,ERR,ERR,ERR,ERR,ERR,ERR,ERR,ERR,ERR,ERR,ERR,ERR,ERR,ERR,ERR,ERR,ERR,ERR,ERR,ERR,ERR,ERR,ERR,ERR,ERR,ERR,ERR,ERR,ERR,ERR,ERR,ERR,ERR,ERR,ERR,ERR,ERR,ERR,ERR,ERR,ERR,ERR,ERR,ERR,ERR,ERR,ERR,ERR,ERR,ERR,ERR,ERR,ERR,ERR,ERR,ERR,ERR,ERR,ERR,ERR,ERR,ERR,ERR,ERR,ERR,ERR,ERR,ERR,ERR,ERR,ERR,ERR,ERR,ERR,ERR,ERR,ERR,ERR,ERR,ERR,ERR,ERR,ERR,ERR,0.0,-2.7184525388662284e+23,0.0,-0.0,0.0,0.0,-0.0,-193789360603136.0,4300,0,8,17173,4300,14655025053696.0,45,0.0,0.0,-0.0,0.0,-4.925046184806267e+32,0,0,0,0,0.0,0,0,0,0,0,0,0,0,0,0,0,0,0,0,0,0,0,0,0,0,0,0,0,0,0,0,0,0,0,0,0,0,0,13,35,34,48,65476,407,65476,1,0,4,21553,0.0,0.0,751865344.0,0.0,0.0,0.0,0.0,0.0,0.0,0.0,0.0,0.0,0.0,0.0,0.0,0.0,0.0,0.0,0.0,0.0,0.0,2.004,3.697062548517736e+19,-2.004,-0.0,0.0,0.0,0.0,0.0,0.0,5954.0,-3.697199327764231e+19,0.0,0.0,-107616344.0,0.0,-0.0,0.0,0.0,2.004,2.004,221,0.059,0.0,0.0,0.0,0.0,0.0,0.0,0.0,0.0,0,0,0,-0.0,4.9912874835607e+35,0.0,-0.0,0.0,1.6016764552452506e+17,-5.0255906932607616e+22,0.0,-2.517882982785204e+26,-1.1349856488748663e+23,-0.0,403227936.0,0.0,0.0,0.0,17.531,0,1.3516416376850534e+27,221,0.0,442,-0.0,-0.0,2114,0,17110,13107,17112,0,17096,0,0,0,101,100,100,2.7302334150594743e+23,64.3,-0.0,64.6,0.0,64.5,1,49,50,180,52429,0,0,0,0.0,0.0,0.0,60.0,0.0,71.0,0.0,-0.0,0.0,1069,0,1070,0,0,0,1069,0,1081,0,1000,0,646,0,648,0,642,0,677,0.032,1.0551537610161864e+22,2.004,2.73023467606737e+23,64144,16813,0.603,-0.0,-178432.688,3.758585466563244e+21,-0.0,-2.597679783504511e+19,50.0,60.0,35,0.0,0.0,10.0,2.0,0.0,0.0,0.0,0.0,0.0,0.0,0.0,0.0,0.0,0.0,0.0,0.0,58.8,20,40,7,27,65476,674,65476,1,0,4,20529,65476,0,0,30147,60.0,0.0,10.0,10.0,2.0,0.0
2026-02-16T12:18:22,ERR,ERR,ERR,ERR,ERR,ERR,ERR,ERR,ERR,ERR,ERR,ERR,ERR,ERR,ERR,ERR,ERR,ERR,ERR,ERR,ERR,ERR,ERR,ERR,ERR,ERR,ERR,ERR,ERR,ERR,ERR,ERR,ERR,ERR,ERR,ERR,ERR,ERR,ERR,ERR,ERR,ERR,ERR,ERR,ERR,ERR,ERR,ERR,ERR,ERR,ERR,ERR,ERR,ERR,ERR,ERR,ERR,ERR,ERR,ERR,ERR,ERR,ERR,ERR,ERR,ERR,ERR,ERR,ERR,ERR,ERR,ERR,ERR,ERR,ERR,ERR,ERR,ERR,ERR,ERR,ERR,ERR,ERR,ERR,ERR,ERR,ERR,ERR,ERR,ERR,ERR,ERR,ERR,ERR,ERR,ERR,ERR,ERR,ERR,ERR,ERR,ERR,ERR,ERR,ERR,ERR,ERR,ERR,ERR,ERR,ERR,ERR,ERR,ERR,ERR,ERR,ERR,ERR,ERR,ERR,ERR,ERR,ERR,ERR,ERR,0.0,-2.7184525388662284e+23,0.0,-0.0,0.0,0.0,-0.0,-193789360603136.0,4300,0,8,17173,4300,14655025053696.0,45,0.0,0.0,-0.0,0.0,-4.925046184806267e+32,0,0,0,0,0.0,0,0,0,0,0,0,0,0,0,0,0,0,0,0,0,0,0,0,0,0,0,0,0,0,0,0,0,0,0,0,0,0,0,13,35,34,48,65476,407,65476,1,0,4,21553,0.0,0.0,751865344.0,0.0,0.0,0.0,0.0,0.0,0.0,0.0,0.0,0.0,0.0,0.0,0.0,0.0,0.0,0.0,0.0,0.0,0.0,2.004,3.697062548517736e+19,-2.004,-0.0,0.0,0.0,0.0,0.0,0.0,5954.0,-3.697199327764231e+19,0.0,0.0,-107616344.0,0.0,-0.0,0.0,0.0,2.004,2.004,221,0.059,0.0,0.0,0.0,0.0,0.0,0.0,0.0,0.0,0,0,0,-0.0,4.9912874835607e+35,0.0,-0.0,0.0,1.6016764552452506e+17,-5.0255906932607616e+22,0.0,-2.517882982785204e+26,-1.1349856488748663e+23,-0.0,403227936.0,0.0,0.0,0.0,17.531,0,1.3516416376850534e+27,221,0.0,442,-0.0,-0.0,2114,0,17110,13107,17112,0,17096,0,0,0,101,100,100,2.7302334150594743e+23,64.3,-0.0,64.6,0.0,64.5,1,49,50,180,52429,0,0,0,0.0,0.0,0.0,60.0,0.0,71.0,0.0,-0.0,0.0,1069,0,1070,0,0,0,1069,0,1081,0,1000,0,646,0,648,0,642,0,677,0.032,1.0551537610161864e+22,2.004,2.73023467606737e+23,64144,16813,0.603,-0.0,-178432.688,3.758585466563244e+21,-0.0,-2.597679783504511e+19,50.0,60.0,35,0.0,0.0,10.0,2.0,0.0,0.0,0.0,0.0,0.0,0.0,0.0,0.0,0.0,0.0,0.0,0.0,58.8,19,41,8,27,65476,674,65476,1,0,4,20529,65476,0,0,30147,60.0,0.0,10.0,10.0,2.0,0.0
2026-02-16T12:18:23,ERR,ERR,ERR,ERR,ERR,ERR,ERR,ERR,ERR,ERR,ERR,ERR,ERR,ERR,ERR,ERR,ERR,ERR,ERR,ERR,ERR,ERR,ERR,ERR,ERR,ERR,ERR,ERR,ERR,ERR,ERR,ERR,ERR,ERR,ERR,ERR,ERR,ERR,ERR,ERR,ERR,ERR,ERR,ERR,ERR,ERR,ERR,ERR,ERR,ERR,ERR,ERR,ERR,ERR,ERR,ERR,ERR,ERR,ERR,ERR,ERR,ERR,ERR,ERR,ERR,ERR,ERR,ERR,ERR,ERR,ERR,ERR,ERR,ERR,ERR,ERR,ERR,ERR,ERR,ERR,ERR,ERR,ERR,ERR,ERR,ERR,ERR,ERR,ERR,ERR,ERR,ERR,ERR,ERR,ERR,ERR,ERR,ERR,ERR,ERR,ERR,ERR,ERR,ERR,ERR,ERR,ERR,ERR,ERR,ERR,ERR,ERR,ERR,ERR,ERR,ERR,ERR,ERR,ERR,ERR,ERR,ERR,ERR,ERR,ERR,0.0,-2.7184525388662284e+23,0.0,-0.0,0.0,0.0,-0.0,-193789360603136.0,4300,0,8,17173,4300,14655025053696.0,45,0.0,0.0,-0.0,0.0,-4.925046184806267e+32,0,0,0,0,0.0,0,0,0,0,0,0,0,0,0,0,0,0,0,0,0,0,0,0,0,0,0,0,0,0,0,0,0,0,0,0,0,0,0,13,35,34,48,65476,407,65476,1,0,4,21553,0.0,0.0,751865344.0,0.0,0.0,0.0,0.0,0.0,0.0,0.0,0.0,0.0,0.0,0.0,0.0,0.0,0.0,0.0,0.0,0.0,0.0,2.004,3.697062548517736e+19,-2.004,-0.0,0.0,0.0,0.0,0.0,0.0,5954.0,-3.697199327764231e+19,0.0,0.0,-107616344.0,0.0,-0.0,0.0,0.0,2.004,2.004,221,0.059,0.0,0.0,0.0,0.0,0.0,0.0,0.0,0.0,0,0,0,-0.0,4.9912874835607e+35,0.0,-0.0,0.0,1.6016764552452506e+17,-5.0255906932607616e+22,0.0,-2.517882982785204e+26,-1.1349856488748663e+23,-0.0,403227936.0,0.0,0.0,0.0,17.531,0,1.3516416376850534e+27,221,0.0,442,-0.0,-0.0,2114,0,17110,13107,17112,0,17096,0,0,0,101,100,100,2.7302334150594743e+23,64.3,-0.0,64.6,0.0,64.5,1,49,50,180,52429,0,0,0,0.0,0.0,0.0,60.0,0.0,71.0,0.0,-0.0,0.0,1069,0,1070,0,0,0,1069,0,1081,0,1000,0,646,0,648,0,642,0,677,0.032,1.0551537610161864e+22,2.004,2.73023467606737e+23,64144,16813,0.603,-0.0,-178432.688,3.758585466563244e+21,-0.0,-2.597679783504511e+19,50.0,60.0,35,0.0,0.0,10.0,2.0,0.0,0.0,0.0,0.0,0.0,0.0,0.0,0.0,0.0,0.0,0.0,0.0,58.8,19,41,8,27,65476,675,65476,1,0,4,20529,65476,0,0,30147,60.0,0.0,10.0,10.0,2.0,0.0
2026-02-16T12:18:24,ERR,ERR,ERR,ERR,ERR,ERR,ERR,ERR,ERR,ERR,ERR,ERR,ERR,ERR,ERR,ERR,ERR,ERR,ERR,ERR,ERR,ERR,ERR,ERR,ERR,ERR,ERR,ERR,ERR,ERR,ERR,ERR,ERR,ERR,ERR,ERR,ERR,ERR,ERR,ERR,ERR,ERR,ERR,ERR,ERR,ERR,ERR,ERR,ERR,ERR,ERR,ERR,ERR,ERR,ERR,ERR,ERR,ERR,ERR,ERR,ERR,ERR,ERR,ERR,ERR,ERR,ERR,ERR,ERR,ERR,ERR,ERR,ERR,ERR,ERR,ERR,ERR,ERR,ERR,ERR,ERR,ERR,ERR,ERR,ERR,ERR,ERR,ERR,ERR,ERR,ERR,ERR,ERR,ERR,ERR,ERR,ERR,ERR,ERR,ERR,ERR,ERR,ERR,ERR,ERR,ERR,ERR,ERR,ERR,ERR,ERR,ERR,ERR,ERR,ERR,ERR,ERR,ERR,ERR,ERR,ERR,ERR,ERR,ERR,ERR,0.0,-107616344.0,-108138576.0,-0.0,-0.0,4.4064379758010066e+33,3769603138256896.0,-4.2131157047290195e+26,4300,0,8,17172,4300,14655025053696.0,45,0.0,0.0,-0.0,0.0,-4.925046184806267e+32,0,0,0,0,0.0,0,0,0,0,0,0,0,0,0,0,0,0,0,0,0,0,0,0,0,0,0,0,0,0,0,0,0,0,0,0,0,0,0,13,35,34,48,65476,408,65476,1,0,4,21553,0.0,2.7183305813883192e+23,2.0633089891473818e+17,0.0,0.0,0.0,0.0,0.0,0.0,0.0,0.0,0.0,0.0,0.0,0.0,0.0,0.0,0.0,0.0,0.0,0.0,2.004,3.697062548517736e+19,-0.0,-0.0,0.0,0.0,0.0,0.0,0.0,5979.0,-1.04066909467709e+34,0.0,0.0,-0.0,0.0,-0.0,0.0,0.0,2.004,2.004,221,0.0,126840856576.0,0.0,0.0,0.0,0.0,0.0,0.0,0.0,0,0,0,-0.0,68739.797,0.0,-2.4686219604944486e+17,0.0,0.033,0.0,-0.0,1.9639212812544246e+19,-1.199918188014324e+23,-0.0,430490912.0,0.0,0.0,0.0,0.0,0,1.3516416376850534e+27,221,0.0,442,-2.637553503966331e+17,-20512.525,2114,0,17110,13107,17112,0,17096,0,0,0,101,100,100,2.7302334150594743e+23,64.3,-0.0,64.6,0.0,64.5,1,49,50,180,52429,0,0,0,0.0,0.0,0.0,60.0,0.0,71.0,0.0,-0.0,0.0,1069,0,1070,0,0,0,1069,0,1081,0,1000,0,646,0,648,0,642,0,677,0.032,1.0551537610161864e+22,2.004,2.73023467606737e+23,64144,16813,0.603,-0.0,-178432.688,3.758585466563244e+21,-0.0,-2.597679783504511e+19,50.0,60.0,35,0.0,0.0,10.0,2.0,0.0,0.0,0.0,0.0,0.0,0.0,0.0,0.0,0.0,0.0,0.0,0.0,58.8,19,41,8,27,65476,675,65476,1,0,4,20529,65476,0,0,30147,60.0,0.0,10.0,10.0,2.0,0.0
2026-02-16T12:18:25,ERR,ERR,ERR,ERR,ERR,ERR,ERR,ERR,ERR,ERR,ERR,ERR,ERR,ERR,ERR,ERR,ERR,ERR,ERR,ERR,ERR,ERR,ERR,ERR,ERR,ERR,ERR,ERR,ERR,ERR,ERR,ERR,ERR,ERR,ERR,ERR,ERR,ERR,ERR,ERR,ERR,ERR,ERR,ERR,ERR,ERR,ERR,ERR,ERR,ERR,ERR,ERR,ERR,ERR,ERR,ERR,ERR,ERR,ERR,ERR,ERR,ERR,ERR,ERR,ERR,ERR,ERR,ERR,ERR,ERR,ERR,ERR,ERR,ERR,ERR,ERR,ERR,ERR,ERR,ERR,ERR,ERR,ERR,ERR,ERR,ERR,ERR,ERR,ERR,ERR,ERR,ERR,ERR,ERR,ERR,ERR,ERR,ERR,ERR,ERR,ERR,ERR,ERR,ERR,ERR,ERR,ERR,ERR,ERR,ERR,ERR,ERR,ERR,ERR,ERR,ERR,ERR,ERR,ERR,ERR,ERR,ERR,ERR,ERR,ERR,0.0,-107616344.0,-108138576.0,-0.0,-0.0,4.4064379758010066e+33,3769603138256896.0,-4.2131157047290195e+26,4300,0,8,17172,4300,14655025053696.0,45,0.0,0.0,-0.0,0.0,-4.925046184806267e+32,0,0,0,0,0.0,0,0,0,0,0,0,0,0,0,0,0,0,0,0,0,0,0,0,0,0,0,0,0,0,0,0,0,0,0,0,0,0,0,13,35,34,48,65476,408,65476,1,0,4,21553,0.0,2.7183305813883192e+23,2.0633089891473818e+17,0.0,0.0,0.0,0.0,0.0,0.0,0.0,0.0,0.0,0.0,0.0,0.0,0.0,0.0,0.0,0.0,0.0,0.0,2.004,3.697062548517736e+19,-0.0,-0.0,0.0,0.0,0.0,0.0,0.0,5979.0,-1.04066909467709e+34,0.0,0.0,-0.0,0.0,-0.0,0.0,0.0,2.004,2.004,221,0.0,126840856576.0,0.0,0.0,0.0,0.0,0.0,0.0,0.0,0,0,0,-0.0,68739.797,0.0,-2.4686219604944486e+17,0.0,0.033,0.0,-0.0,1.9639212812544246e+19,-1.199918188014324e+23,-0.0,430490912.0,0.0,0.0,0.0,0.0,0,1.3516416376850534e+27,221,0.0,442,-2.637553503966331e+17,-20512.525,2114,0,17110,13107,17112,0,17096,0,0,0,101,100,100,2.7302334150594743e+23,64.3,-0.0,64.6,0.0,64.5,1,49,50,180,0,0,0,0,0.0,0.0,0.0,60.0,0.007,71.0,0.0,9.471937049998131e+16,0.0,1069,0,1070,0,0,0,1070,0,1081,0,1000,0,646,0,648,0,642,0,677,0.032,1.0551537610161864e+22,2.004,2.73023467606737e+23,51984,16813,0.0,9.471937049998131e+16,5.989855966656341e+37,0.0,4.539523580590135e+23,-0.0,50.0,60.0,35,0.0,0.0,10.0,2.0,0.0,0.0,0.0,0.0,0.0,0.0,0.0,0.0,0.0,0.0,0.0,0.0,59.2,19,41,8,27,65476,675,65476,1,0,4,20529,65476,0,0,30147,60.0,0.0,10.0,10.0,2.0,0.0
2026-02-16T12:18:26,ERR,ERR,ERR,ERR,ERR,ERR,ERR,ERR,ERR,ERR,ERR,ERR,ERR,ERR,ERR,ERR,ERR,ERR,ERR,ERR,ERR,ERR,ERR,ERR,ERR,ERR,ERR,ERR,ERR,ERR,ERR,ERR,ERR,ERR,ERR,ERR,ERR,ERR,ERR,ERR,ERR,ERR,ERR,ERR,ERR,ERR,ERR,ERR,ERR,ERR,ERR,ERR,ERR,ERR,ERR,ERR,ERR,ERR,ERR,ERR,ERR,ERR,ERR,ERR,ERR,ERR,ERR,ERR,ERR,ERR,ERR,ERR,ERR,ERR,ERR,ERR,ERR,ERR,ERR,ERR,ERR,ERR,ERR,ERR,ERR,ERR,ERR,ERR,ERR,ERR,ERR,ERR,ERR,ERR,ERR,ERR,ERR,ERR,ERR,ERR,ERR,ERR,ERR,ERR,ERR,ERR,ERR,ERR,ERR,ERR,ERR,ERR,ERR,ERR,ERR,ERR,ERR,ERR,ERR,ERR,ERR,ERR,ERR,ERR,ERR,0.0,-107616344.0,-108138576.0,-0.0,-0.0,4.4064379758010066e+33,3769603138256896.0,-4.2131157047290195e+26,4300,0,8,17172,4300,14655025053696.0,45,0.0,0.0,-0.0,0.0,-4.925046184806267e+32,0,0,0,0,0.0,0,0,0,0,0,0,0,0,0,0,0,0,0,0,0,0,0,0,0,0,0,0,0,0,0,0,0,0,0,0,0,0,0,13,35,34,48,65476,408,65476,1,0,4,21553,0.0,2.7183305813883192e+23,2.0633089891473818e+17,0.0,0.0,0.0,0.0,0.0,0.0,0.0,0.0,0.0,0.0,0.0,0.0,0.0,0.0,0.0,0.0,0.0,0.0,2.004,3.697062548517736e+19,-0.0,-0.0,0.0,0.0,0.0,0.0,0.0,5979.0,-1.04066909467709e+34,0.0,0.0,-0.0,0.0,-0.0,0.0,0.0,2.004,2.004,221,0.0,126840856576.0,0.0,0.0,0.0,0.0,0.0,0.0,0.0,0,0,0,-0.0,68739.797,0.0,-2.4686219604944486e+17,0.0,0.033,0.0,-0.0,1.9639212812544246e+19,-1.199918188014324e+23,-0.0,430490912.0,0.0,0.0,0.0,0.0,0,1.3516416376850534e+27,221,0.0,442,-2.637553503966331e+17,-20512.525,2114,0,17110,13107,17112,0,17096,0,0,0,101,100,100,2.7302334150594743e+23,64.3,-0.0,64.6,0.0,64.5,1,49,50,180,0,0,0,0,0.0,0.0,0.0,60.0,0.007,71.0,0.0,9.471937049998131e+16,0.0,1069,0,1070,0,0,0,1070,0,1081,0,1000,0,646,0,648,0,642,0,677,0.032,1.0551537610161864e+22,2.004,2.73023467606737e+23,51984,16813,0.0,9.471937049998131e+16,5.989855966656341e+37,0.0,4.539523580590135e+23,-0.0,50.0,60.0,35,0.0,0.0,10.0,2.0,0.0,0.0,0.0,0.0,0.0,0.0,0.0,0.0,0.0,0.0,0.0,0.0,59.2,19,41,8,27,65476,675,65476,1,0,4,20529,65476,0,0,30147,60.0,0.0,10.0,10.0,2.0,0.0
2026-02-16T12:18:27,ERR,ERR,ERR,ERR,ERR,ERR,ERR,ERR,ERR,ERR,ERR,ERR,ERR,ERR,ERR,ERR,ERR,ERR,ERR,ERR,ERR,ERR,ERR,ERR,ERR,ERR,ERR,ERR,ERR,ERR,ERR,ERR,ERR,ERR,ERR,ERR,ERR,ERR,ERR,ERR,ERR,ERR,ERR,ERR,ERR,ERR,ERR,ERR,ERR,ERR,ERR,ERR,ERR,ERR,ERR,ERR,ERR,ERR,ERR,ERR,ERR,ERR,ERR,ERR,ERR,ERR,ERR,ERR,ERR,ERR,ERR,ERR,ERR,ERR,ERR,ERR,ERR,ERR,ERR,ERR,ERR,ERR,ERR,ERR,ERR,ERR,ERR,ERR,ERR,ERR,ERR,ERR,ERR,ERR,ERR,ERR,ERR,ERR,ERR,ERR,ERR,ERR,ERR,ERR,ERR,ERR,ERR,ERR,ERR,ERR,ERR,ERR,ERR,ERR,ERR,ERR,ERR,ERR,ERR,ERR,ERR,ERR,ERR,ERR,ERR,0.0,-107616344.0,-108138576.0,-0.0,-0.0,4.4064379758010066e+33,3769603138256896.0,-4.2131157047290195e+26,4300,0,8,17172,4300,14655025053696.0,45,0.0,0.0,-0.0,0.0,-4.925046184806267e+32,0,0,0,0,0.0,0,0,0,0,0,0,0,0,0,0,0,0,0,0,0,0,0,0,0,0,0,0,0,0,0,0,0,0,0,0,0,0,0,13,35,34,48,65476,408,65476,1,0,4,21553,0.0,2.7183305813883192e+23,2.0633089891473818e+17,0.0,0.0,0.0,0.0,0.0,0.0,0.0,0.0,0.0,0.0,0.0,0.0,0.0,0.0,0.0,0.0,0.0,0.0,2.004,3.697062548517736e+19,-0.0,-0.0,0.0,0.0,0.0,0.0,0.0,5979.0,-1.04066909467709e+34,0.0,0.0,-0.0,0.0,-0.0,0.0,0.0,2.004,2.004,221,0.0,126840856576.0,0.0,0.0,0.0,0.0,0.0,0.0,0.0,0,0,0,-0.0,68739.797,0.0,-2.4686219604944486e+17,0.0,0.033,0.0,-0.0,1.9639212812544246e+19,-1.199918188014324e+23,-0.0,430490912.0,0.0,0.0,0.0,0.0,0,1.3516416376850534e+27,221,0.0,442,-2.637553503966331e+17,-20512.525,2114,0,17110,13107,17112,0,17096,0,0,0,101,100,100,2.7302334150594743e+23,64.3,-0.0,64.6,0.0,64.5,1,49,50,180,0,0,0,0,0.0,0.0,0.0,60.0,0.007,71.0,0.0,9.471937049998131e+16,0.0,1069,0,1070,0,0,0,1070,0,1081,0,1000,0,646,0,648,0,642,0,677,0.032,1.0551537610161864e+22,2.004,2.73023467606737e+23,51984,16813,0.0,9.471937049998131e+16,5.989855966656341e+37,0.0,4.539523580590135e+23,-0.0,50.0,60.0,35,0.0,0.0,10.0,2.0,0.0,0.0,0.0,0.0,0.0,0.0,0.0,0.0,0.0,0.0,0.0,0.0,58.8,18,41,8,27,65476,671,65476,1,0,4,20529,65476,0,0,30147,60.0,0.0,10.0,10.0,2.0,0.0
2026-02-16T12:18:28,ERR,ERR,ERR,ERR,ERR,ERR,ERR,ERR,ERR,ERR,ERR,ERR,ERR,ERR,ERR,ERR,ERR,ERR,ERR,ERR,ERR,ERR,ERR,ERR,ERR,ERR,ERR,ERR,ERR,ERR,ERR,ERR,ERR,ERR,ERR,ERR,ERR,ERR,ERR,ERR,ERR,ERR,ERR,ERR,ERR,ERR,ERR,ERR,ERR,ERR,ERR,ERR,ERR,ERR,ERR,ERR,ERR,ERR,ERR,ERR,ERR,ERR,ERR,ERR,ERR,ERR,ERR,ERR,ERR,ERR,ERR,ERR,ERR,ERR,ERR,ERR,ERR,ERR,ERR,ERR,ERR,ERR,ERR,ERR,ERR,ERR,ERR,ERR,ERR,ERR,ERR,ERR,ERR,ERR,ERR,ERR,ERR,ERR,ERR,ERR,ERR,ERR,ERR,ERR,ERR,ERR,ERR,ERR,ERR,ERR,ERR,ERR,ERR,ERR,ERR,ERR,ERR,ERR,ERR,ERR,ERR,ERR,ERR,ERR,ERR,0.0,-107616344.0,-108138576.0,-0.0,-0.0,4.4064379758010066e+33,3769603138256896.0,-4.2131157047290195e+26,4300,0,8,17172,4300,14655025053696.0,45,0.0,0.0,-0.0,0.0,-4.925046184806267e+32,0,0,0,0,0.0,0,0,0,0,0,0,0,0,0,0,0,0,0,0,0,0,0,0,0,0,0,0,0,0,0,0,0,0,0,0,0,0,0,13,35,34,48,65476,408,65476,1,0,4,21553,0.0,2.7183305813883192e+23,2.0633089891473818e+17,0.0,0.0,0.0,0.0,0.0,0.0,0.0,0.0,0.0,0.0,0.0,0.0,0.0,0.0,0.0,0.0,0.0,0.0,2.004,3.697062548517736e+19,-0.0,-0.0,0.0,0.0,0.0,0.0,0.0,5979.0,-1.04066909467709e+34,0.0,0.0,-0.0,0.0,-0.0,0.0,0.0,2.004,2.004,221,0.0,126840856576.0,0.0,0.0,0.0,0.0,0.0,0.0,0.0,0,0,0,-0.0,68739.797,0.0,-2.4686219604944486e+17,0.0,0.033,0.0,-0.0,1.9639212812544246e+19,-1.199918188014324e+23,-0.0,430490912.0,0.0,0.0,0.0,0.0,0,1.3516416376850534e+27,221,0.0,442,-2.637553503966331e+17,-20512.525,2114,0,17110,13107,17112,0,17096,0,0,0,101,100,100,2.7302334150594743e+23,64.3,-0.0,64.6,0.0,64.5,1,49,50,180,52429,0,0,0,0.0,0.0,0.0,60.0,13.641,71.0,0.0,0.0,0.0,1069,0,1070,0,0,0,1070,0,1081,0,1000,0,646,0,648,0,642,0,677,0.032,1.0551537610161864e+22,2.004,2.73023467606737e+23,64272,16813,13.641,0.0,0.0,6.010280871012664e+29,0.0,0.0,50.0,60.0,35,0.0,0.0,10.0,2.0,0.0,0.0,0.0,0.0,0.0,0.0,0.0,0.0,0.0,0.0,0.0,0.0,58.8,18,41,8,27,65476,671,65476,1,0,4,20529,65476,0,0,30147,60.0,0.0,10.0,10.0,2.0,0.0
2026-02-16T12:18:29,ERR,ERR,ERR,ERR,ERR,ERR,ERR,ERR,ERR,ERR,ERR,ERR,ERR,ERR,ERR,ERR,ERR,ERR,ERR,ERR,ERR,ERR,ERR,ERR,ERR,ERR,ERR,ERR,ERR,ERR,ERR,ERR,ERR,ERR,ERR,ERR,ERR,ERR,ERR,ERR,ERR,ERR,ERR,ERR,ERR,ERR,ERR,ERR,ERR,ERR,ERR,ERR,ERR,ERR,ERR,ERR,ERR,ERR,ERR,ERR,ERR,ERR,ERR,ERR,ERR,ERR,ERR,ERR,ERR,ERR,ERR,ERR,ERR,ERR,ERR,ERR,ERR,ERR,ERR,ERR,ERR,ERR,ERR,ERR,ERR,ERR,ERR,ERR,ERR,ERR,ERR,ERR,ERR,ERR,ERR,ERR,ERR,ERR,ERR,ERR,ERR,ERR,ERR,ERR,ERR,ERR,ERR,ERR,ERR,ERR,ERR,ERR,ERR,ERR,ERR,ERR,ERR,ERR,ERR,ERR,ERR,ERR,ERR,ERR,ERR,0.0,-0.0,0.0,-0.0,-1.8775260555902976e+19,-0.0,1.4489866114163352e+28,-1.1747590657194051e+36,4300,0,8,17172,4300,-0.0,45,0.0,0.0,-0.0,0.0,-4.925046184806267e+32,0,0,0,0,0.0,0,0,0,0,0,0,0,0,0,0,0,0,0,0,0,0,0,0,0,0,0,0,0,0,0,0,0,0,0,0,0,0,0,14,35,34,48,65476,413,65476,1,0,4,21553,0.0,0.0,4.746363126527354e+34,0.0,0.0,0.0,0.0,0.0,0.0,0.0,0.0,0.0,0.0,0.0,0.0,0.0,0.0,0.0,0.0,0.0,0.0,2.004,3.697062548517736e+19,-0.0,-0.0,0.0,0.0,0.0,0.0,0.0,5974.0,-1.04066909467709e+34,0.0,0.0,-0.0,0.0,-0.0,0.0,0.0,2.004,2.004,220,-152017297211392.0,126840856576.0,0.0,0.0,0.0,0.0,0.0,0.0,0.0,0,0,0,-0.0,47169.898,655416320.0,0.0,121248640.0,0.0,1.5575627987985587e+30,-9708237750272.0,-1610.195,-1.2766566433609557e+23,-0.0,453559584.0,0.0,0.0,0.0,0.0,0,1.3516416376850534e+27,220,0.0,440,-0.0,-0.0,2114,0,17110,13107,17112,0,17096,0,0,0,101,100,100,2.7302334150594743e+23,64.3,-0.0,64.6,0.0,64.5,1,49,50,180,52429,0,0,0,0.0,0.0,0.0,60.0,13.641,71.0,0.0,0.0,0.0,1069,0,1070,0,0,0,1070,0,1081,0,1000,0,646,0,648,0,642,0,677,0.032,1.0551537610161864e+22,2.004,2.73023467606737e+23,64272,16813,13.641,0.0,0.0,6.010280871012664e+29,0.0,0.0,50.0,60.0,35,0.0,0.0,10.0,2.0,0.0,0.0,0.0,0.0,0.0,0.0,0.0,0.0,0.0,0.0,0.0,0.0,58.8,18,41,8,27,65476,671,65476,1,0,4,20529,65476,0,0,30147,60.0,0.0,10.0,10.0,2.0,0.0
2026-02-16T12:18:30,ERR,ERR,ERR,ERR,ERR,ERR,ERR,ERR,ERR,ERR,ERR,ERR,ERR,ERR,ERR,ERR,ERR,ERR,ERR,ERR,ERR,ERR,ERR,ERR,ERR,ERR,ERR,ERR,ERR,ERR,ERR,ERR,ERR,ERR,ERR,ERR,ERR,ERR,ERR,ERR,ERR,ERR,ERR,ERR,ERR,ERR,ERR,ERR,ERR,ERR,ERR,ERR,ERR,ERR,ERR,ERR,ERR,ERR,ERR,ERR,ERR,ERR,ERR,ERR,ERR,ERR,ERR,ERR,ERR,ERR,ERR,ERR,ERR,ERR,ERR,ERR,ERR,ERR,ERR,ERR,ERR,ERR,ERR,ERR,ERR,ERR,ERR,ERR,ERR,ERR,ERR,ERR,ERR,ERR,ERR,ERR,ERR,ERR,ERR,ERR,ERR,ERR,ERR,ERR,ERR,ERR,ERR,ERR,ERR,ERR,ERR,ERR,ERR,ERR,ERR,ERR,ERR,ERR,ERR,ERR,ERR,ERR,ERR,ERR,ERR,0.0,-0.0,0.0,-0.0,-1.8775260555902976e+19,-0.0,1.4489866114163352e+28,-1.1747590657194051e+36,4300,0,8,17172,4300,-0.0,45,0.0,0.0,-0.0,0.0,-4.925046184806267e+32,0,0,0,0,0.0,0,0,0,0,0,0,0,0,0,0,0,0,0,0,0,0,0,0,0,0,0,0,0,0,0,0,0,0,0,0,0,0,0,14,35,34,48,65476,413,65476,1,0,4,21553,0.0,0.0,4.746363126527354e+34,0.0,0.0,0.0,0.0,0.0,0.0,0.0,0.0,0.0,0.0,0.0,0.0,0.0,0.0,0.0,0.0,0.0,0.0,2.004,3.697062548517736e+19,-0.0,-0.0,0.0,0.0,0.0,0.0,0.0,5974.0,-1.04066909467709e+34,0.0,0.0,-0.0,0.0,-0.0,0.0,0.0,2.004,2.004,220,-152017297211392.0,126840856576.0,0.0,0.0,0.0,0.0,0.0,0.0,0.0,0,0,0,-0.0,47169.898,655416320.0,0.0,121248640.0,0.0,1.5575627987985587e+30,-9708237750272.0,-1610.195,-1.2766566433609557e+23,-0.0,453559584.0,0.0,0.0,0.0,0.0,0,1.3516416376850534e+27,220,0.0,440,-0.0,-0.0,2114,0,17110,13107,17112,0,17096,0,0,0,101,100,100,2.7302334150594743e+23,64.3,-0.0,64.6,0.0,64.5,1,49,50,180,52429,0,0,0,0.0,0.0,0.0,60.0,13.641,71.0,0.0,0.0,0.0,1069,0,1070,0,0,0,1070,0,1081,0,1000,0,646,0,648,0,642,0,677,0.032,1.0551537610161864e+22,2.004,2.73023467606737e+23,64272,16813,13.641,0.0,0.0,6.010280871012664e+29,0.0,0.0,50.0,60.0,35,0.0,0.0,10.0,2.0,0.0,0.0,0.0,0.0,0.0,0.0,0.0,0.0,0.0,0.0,0.0,0.0,58.8,18,41,8,27,65476,670,65476,1,0,4,20529,65476,0,0,30147,60.0,0.0,10.0,10.0,2.0,0.0
2026-02-16T12:18:31,ERR,ERR,ERR,ERR,ERR,ERR,ERR,ERR,ERR,ERR,ERR,ERR,ERR,ERR,ERR,ERR,ERR,ERR,ERR,ERR,ERR,ERR,ERR,ERR,ERR,ERR,ERR,ERR,ERR,ERR,ERR,ERR,ERR,ERR,ERR,ERR,ERR,ERR,ERR,ERR,ERR,ERR,ERR,ERR,ERR,ERR,ERR,ERR,ERR,ERR,ERR,ERR,ERR,ERR,ERR,ERR,ERR,ERR,ERR,ERR,ERR,ERR,ERR,ERR,ERR,ERR,ERR,ERR,ERR,ERR,ERR,ERR,ERR,ERR,ERR,ERR,ERR,ERR,ERR,ERR,ERR,ERR,ERR,ERR,ERR,ERR,ERR,ERR,ERR,ERR,ERR,ERR,ERR,ERR,ERR,ERR,ERR,ERR,ERR,ERR,ERR,ERR,ERR,ERR,ERR,ERR,ERR,ERR,ERR,ERR,ERR,ERR,ERR,ERR,ERR,ERR,ERR,ERR,ERR,ERR,ERR,ERR,ERR,ERR,ERR,0.0,-0.0,0.0,-0.0,-1.8775260555902976e+19,-0.0,1.4489866114163352e+28,-1.1747590657194051e+36,4300,0,8,17172,4300,-0.0,45,0.0,0.0,-0.0,0.0,-4.925046184806267e+32,0,0,0,0,0.0,0,0,0,0,0,0,0,0,0,0,0,0,0,0,0,0,0,0,0,0,0,0,0,0,0,0,0,0,0,0,0,0,0,14,35,34,48,65476,413,65476,1,0,4,21553,0.0,0.0,4.746363126527354e+34,0.0,0.0,0.0,0.0,0.0,0.0,0.0,0.0,0.0,0.0,0.0,0.0,0.0,0.0,0.0,0.0,0.0,0.0,2.004,3.697062548517736e+19,-0.0,-0.0,0.0,0.0,0.0,0.0,0.0,5974.0,-1.04066909467709e+34,0.0,0.0,-0.0,0.0,-0.0,0.0,0.0,2.004,2.004,220,-152017297211392.0,126840856576.0,0.0,0.0,0.0,0.0,0.0,0.0,0.0,0,0,0,-0.0,47169.898,655416320.0,0.0,121248640.0,0.0,1.5575627987985587e+30,-9708237750272.0,-1610.195,-1.2766566433609557e+23,-0.0,453559584.0,0.0,0.0,0.0,0.0,0,1.3516416376850534e+27,220,0.0,440,-0.0,-0.0,2114,0,17110,13107,17112,0,17096,0,0,0,101,100,100,2.7302334150594743e+23,64.3,-0.0,64.6,0.0,64.5,1,49,50,180,0,0,0,0,0.0,0.0,0.0,60.0,6451174400.0,71.0,0.0,-0.0,0.0,1069,0,1070,0,0,0,1070,0,1081,0,1000,0,646,0,648,0,642,0,676,0.032,1.0551537610161864e+22,2.004,2.73023467606737e+23,60560,16813,479958770122752.0,-0.0,-150209232.0,-7.2828713876925194e+22,-1673512263614464.0,-0.329,50.0,60.0,35,0.0,0.0,10.0,2.0,0.0,0.0,0.0,0.0,0.0,0.0,0.0,0.0,0.0,0.0,0.0,0.0,58.8,18,42,9,27,65476,672,65476,1,0,4,20529,65476,0,0,30147,60.0,0.0,10.0,10.0,2.0,0.0
2026-02-16T12:18:32,ERR,ERR,ERR,ERR,ERR,ERR,ERR,ERR,ERR,ERR,ERR,ERR,ERR,ERR,ERR,ERR,ERR,ERR,ERR,ERR,ERR,ERR,ERR,ERR,ERR,ERR,ERR,ERR,ERR,ERR,ERR,ERR,ERR,ERR,ERR,ERR,ERR,ERR,ERR,ERR,ERR,ERR,ERR,ERR,ERR,ERR,ERR,ERR,ERR,ERR,ERR,ERR,ERR,ERR,ERR,ERR,ERR,ERR,ERR,ERR,ERR,ERR,ERR,ERR,ERR,ERR,ERR,ERR,ERR,ERR,ERR,ERR,ERR,ERR,ERR,ERR,ERR,ERR,ERR,ERR,ERR,ERR,ERR,ERR,ERR,ERR,ERR,ERR,ERR,ERR,ERR,ERR,ERR,ERR,ERR,ERR,ERR,ERR,ERR,ERR,ERR,ERR,ERR,ERR,ERR,ERR,ERR,ERR,ERR,ERR,ERR,ERR,ERR,ERR,ERR,ERR,ERR,ERR,ERR,ERR,ERR,ERR,ERR,ERR,ERR,0.0,-0.0,0.0,-0.0,-1.8775260555902976e+19,-0.0,1.4489866114163352e+28,-1.1747590657194051e+36,4300,0,8,17172,4300,-0.0,45,0.0,0.0,-0.0,0.0,-4.925046184806267e+32,0,0,0,0,0.0,0,0,0,0,0,0,0,0,0,0,0,0,0,0,0,0,0,0,0,0,0,0,0,0,0,0,0,0,0,0,0,0,0,14,35,34,48,65476,413,65476,1,0,4,21553,0.0,0.0,4.746363126527354e+34,0.0,0.0,0.0,0.0,0.0,0.0,0.0,0.0,0.0,0.0,0.0,0.0,0.0,0.0,0.0,0.0,0.0,0.0,2.004,3.697062548517736e+19,-0.0,-0.0,0.0,0.0,0.0,0.0,0.0,5974.0,-1.04066909467709e+34,0.0,0.0,-0.0,0.0,-0.0,0.0,0.0,2.004,2.004,220,-152017297211392.0,126840856576.0,0.0,0.0,0.0,0.0,0.0,0.0,0.0,0,0,0,-0.0,47169.898,655416320.0,0.0,121248640.0,0.0,1.5575627987985587e+30,-9708237750272.0,-1610.195,-1.2766566433609557e+23,-0.0,453559584.0,0.0,0.0,0.0,0.0,0,1.3516416376850534e+27,220,0.0,440,-0.0,-0.0,2114,0,17110,13107,17112,0,17096,0,0,0,101,100,100,2.7302334150594743e+23,64.3,-0.0,64.6,0.0,64.5,1,49,50,180,0,0,0,0,0.0,0.0,0.0,60.0,6451174400.0,71.0,0.0,-0.0,0.0,1069,0,1070,0,0,0,1070,0,1081,0,1000,0,646,0,648,0,642,0,676,0.032,1.0551537610161864e+22,2.004,2.73023467606737e+23,60560,16813,479958770122752.0,-0.0,-150209232.0,-7.2828713876925194e+22,-1673512263614464.0,-0.329,50.0,60.0,35,0.0,0.0,10.0,2.0,0.0,0.0,0.0,0.0,0.0,0.0,0.0,0.0,0.0,0.0,0.0,0.0,58.8,18,42,9,27,65476,672,65476,1,0,4,20529,65476,0,0,30147,60.0,0.0,10.0,10.0,2.0,0.0
2026-02-16T12:18:33,ERR,ERR,ERR,ERR,ERR,ERR,ERR,ERR,ERR,ERR,ERR,ERR,ERR,ERR,ERR,ERR,ERR,ERR,ERR,ERR,ERR,ERR,ERR,ERR,ERR,ERR,ERR,ERR,ERR,ERR,ERR,ERR,ERR,ERR,ERR,ERR,ERR,ERR,ERR,ERR,ERR,ERR,ERR,ERR,ERR,ERR,ERR,ERR,ERR,ERR,ERR,ERR,ERR,ERR,ERR,ERR,ERR,ERR,ERR,ERR,ERR,ERR,ERR,ERR,ERR,ERR,ERR,ERR,ERR,ERR,ERR,ERR,ERR,ERR,ERR,ERR,ERR,ERR,ERR,ERR,ERR,ERR,ERR,ERR,ERR,ERR,ERR,ERR,ERR,ERR,ERR,ERR,ERR,ERR,ERR,ERR,ERR,ERR,ERR,ERR,ERR,ERR,ERR,ERR,ERR,ERR,ERR,ERR,ERR,ERR,ERR,ERR,ERR,ERR,ERR,ERR,ERR,ERR,ERR,ERR,ERR,ERR,ERR,ERR,ERR,0.0,-0.0,0.0,-0.0,-1.8775260555902976e+19,-0.0,1.4489866114163352e+28,-1.1747590657194051e+36,4300,0,8,17172,4300,-0.0,45,0.0,0.0,-0.0,0.0,-4.925046184806267e+32,0,0,0,0,0.0,0,0,0,0,0,0,0,0,0,0,0,0,0,0,0,0,0,0,0,0,0,0,0,0,0,0,0,0,0,0,0,0,0,14,35,34,48,65476,413,65476,1,0,4,21553,0.0,0.0,4.746363126527354e+34,0.0,0.0,0.0,0.0,0.0,0.0,0.0,0.0,0.0,0.0,0.0,0.0,0.0,0.0,0.0,0.0,0.0,0.0,2.004,3.697062548517736e+19,-0.0,-0.0,0.0,0.0,0.0,0.0,0.0,5974.0,-1.04066909467709e+34,0.0,0.0,-0.0,0.0,-0.0,0.0,0.0,2.004,2.004,220,-152017297211392.0,126840856576.0,0.0,0.0,0.0,0.0,0.0,0.0,0.0,0,0,0,-0.0,47169.898,655416320.0,0.0,121248640.0,0.0,1.5575627987985587e+30,-9708237750272.0,-1610.195,-1.2766566433609557e+23,-0.0,453559584.0,0.0,0.0,0.0,0.0,0,1.3516416376850534e+27,220,0.0,440,-0.0,-0.0,2114,0,17110,13107,17112,0,17096,0,0,0,101,100,100,2.7302334150594743e+23,64.3,-0.0,64.6,0.0,64.5,1,49,50,180,0,0,0,0,0.0,0.0,0.0,60.0,6451174400.0,71.0,0.0,-0.0,0.0,1069,0,1070,0,0,0,1070,0,1081,0,1000,0,646,0,648,0,642,0,676,0.032,1.0551537610161864e+22,2.004,2.73023467606737e+23,60560,16813,479958770122752.0,-0.0,-150209232.0,-7.2828713876925194e+22,-1673512263614464.0,-0.329,50.0,60.0,35,0.0,0.0,10.0,2.0,0.0,0.0,0.0,0.0,0.0,0.0,0.0,0.0,0.0,0.0,0.0,0.0,58.8,18,42,9,27,65476,672,65476,1,0,4,20529,65476,0,0,30147,60.0,0.0,10.0,10.0,2.0,0.0
2026-02-16T12:18:34,ERR,ERR,ERR,ERR,ERR,ERR,ERR,ERR,ERR,ERR,ERR,ERR,ERR,ERR,ERR,ERR,ERR,ERR,ERR,ERR,ERR,ERR,ERR,ERR,ERR,ERR,ERR,ERR,ERR,ERR,ERR,ERR,ERR,ERR,ERR,ERR,ERR,ERR,ERR,ERR,ERR,ERR,ERR,ERR,ERR,ERR,ERR,ERR,ERR,ERR,ERR,ERR,ERR,ERR,ERR,ERR,ERR,ERR,ERR,ERR,ERR,ERR,ERR,ERR,ERR,ERR,ERR,ERR,ERR,ERR,ERR,ERR,ERR,ERR,ERR,ERR,ERR,ERR,ERR,ERR,ERR,ERR,ERR,ERR,ERR,ERR,ERR,ERR,ERR,ERR,ERR,ERR,ERR,ERR,ERR,ERR,ERR,ERR,ERR,ERR,ERR,ERR,ERR,ERR,ERR,ERR,ERR,ERR,ERR,ERR,ERR,ERR,ERR,ERR,ERR,ERR,ERR,ERR,ERR,ERR,ERR,ERR,ERR,ERR,ERR,0.0,-0.0,0.0,-0.0,-1.8775260555902976e+19,-0.06,-693222528.0,-0.477,4300,0,8,17172,4300,14655022956544.0,45,0.0,0.0,-0.0,0.0,0.059,0,0,0,0,0.0,0,0,0,0,0,0,0,0,0,0,0,0,0,0,0,0,0,0,0,0,0,0,0,0,0,0,0,0,0,0,0,0,0,13,35,35,48,65476,414,65476,1,0,4,21553,0.0,0.0,4.544287330034254e+18,0.0,0.0,0.0,0.0,0.0,0.0,0.0,0.0,0.0,0.0,0.0,0.0,0.0,0.0,0.0,0.0,0.0,0.0,2.004,2.004,-0.0,-0.0,0.0,0.0,0.0,0.0,0.0,5996.0,0.0,0.0,0.0,-0.0,0.0,2.7184509175703625e+23,0.0,0.0,2.004,2.004,222,-0.0,126840856576.0,0.0,0.0,0.0,0.0,0.0,0.0,0.0,0,0,0,-0.002,0.0,1.1548197014810395e+19,0.0,1.974032252744499e+16,-0.0,9.512693128541241e+20,0.0,31886464.0,-1.3415891825004133e+23,-0.0,480822560.0,0.0,0.0,0.0,1.6339163211035574e+25,0,1.3516416376850534e+27,222,0.0,444,-0.0,-0.0,2114,0,17110,13107,17112,0,17096,0,0,0,101,100,100,2.7302334150594743e+23,64.3,-0.0,64.6,0.0,64.5,1,49,50,180,0,0,0,0,0.0,0.0,0.0,60.0,6451174400.0,71.0,0.0,-0.0,0.0,1069,0,1070,0,0,0,1070,0,1081,0,1000,0,646,0,648,0,642,0,676,0.032,1.0551537610161864e+22,2.004,2.73023467606737e+23,60560,16813,479958770122752.0,-0.0,-150209232.0,-7.2828713876925194e+22,-1673512263614464.0,-0.329,50.0,60.0,35,0.0,0.0,10.0,2.0,0.0,0.0,0.0,0.0,0.0,0.0,0.0,0.0,0.0,0.0,0.0,0.0,58.8,18,42,9,27,65476,672,65476,1,0,4,20529,65476,0,0,30147,60.0,0.0,10.0,10.0,2.0,0.0
2026-02-16T12:18:35,ERR,ERR,ERR,ERR,ERR,ERR,ERR,ERR,ERR,ERR,ERR,ERR,ERR,ERR,ERR,ERR,ERR,ERR,ERR,ERR,ERR,ERR,ERR,ERR,ERR,ERR,ERR,ERR,ERR,ERR,ERR,ERR,ERR,ERR,ERR,ERR,ERR,ERR,ERR,ERR,ERR,ERR,ERR,ERR,ERR,ERR,ERR,ERR,ERR,ERR,ERR,ERR,ERR,ERR,ERR,ERR,ERR,ERR,ERR,ERR,ERR,ERR,ERR,ERR,ERR,ERR,ERR,ERR,ERR,ERR,ERR,ERR,ERR,ERR,ERR,ERR,ERR,ERR,ERR,ERR,ERR,ERR,ERR,ERR,ERR,ERR,ERR,ERR,ERR,ERR,ERR,ERR,ERR,ERR,ERR,ERR,ERR,ERR,ERR,ERR,ERR,ERR,ERR,ERR,ERR,ERR,ERR,ERR,ERR,ERR,ERR,ERR,ERR,ERR,ERR,ERR,ERR,ERR,ERR,ERR,ERR,ERR,ERR,ERR,ERR,0.0,-0.0,0.0,-0.0,-1.8775260555902976e+19,-0.06,-693222528.0,-0.477,4300,0,8,17172,4300,14655022956544.0,45,0.0,0.0,-0.0,0.0,0.059,0,0,0,0,0.0,0,0,0,0,0,0,0,0,0,0,0,0,0,0,0,0,0,0,0,0,0,0,0,0,0,0,0,0,0,0,0,0,0,13,35,35,48,65476,414,65476,1,0,4,21553,0.0,0.0,4.544287330034254e+18,0.0,0.0,0.0,0.0,0.0,0.0,0.0,0.0,0.0,0.0,0.0,0.0,0.0,0.0,0.0,0.0,0.0,0.0,2.004,2.004,-0.0,-0.0,0.0,0.0,0.0,0.0,0.0,5996.0,0.0,0.0,0.0,-0.0,0.0,2.7184509175703625e+23,0.0,0.0,2.004,2.004,222,-0.0,126840856576.0,0.0,0.0,0.0,0.0,0.0,0.0,0.0,0,0,0,-0.002,0.0,1.1548197014810395e+19,0.0,1.974032252744499e+16,-0.0,9.512693128541241e+20,0.0,31886464.0,-1.3415891825004133e+23,-0.0,480822560.0,0.0,0.0,0.0,1.6339163211035574e+25,0,1.3516416376850534e+27,222,0.0,444,-0.0,-0.0,2114,0,17110,13107,17112,0,17096,0,0,0,101,100,100,2.7302334150594743e+23,64.3,-0.0,64.6,0.0,64.5,1,49,50,180,0,0,0,0,0.0,0.0,0.0,60.0,0.0,71.0,0.0,-4.6714297958141336e+32,0.0,1070,0,1070,0,0,0,1070,0,1081,0,1000,0,646,0,648,0,643,0,676,0.032,1.0477750633867025e+22,0.0,0.0,1424,16814,33.815,-0.0,1.1053330482083335e+23,nan,1.0271423219382249e+35,0.01,50.0,60.0,35,0.0,0.0,10.0,2.0,0.0,0.0,0.0,0.0,0.0,0.0,0.0,0.0,0.0,0.0,0.0,0.0,58.8,18,42,9,27,65476,674,65476,1,0,4,20529,65476,0,0,30147,60.0,0.0,10.0,10.0,2.0,0.0
2026-02-16T12:18:36,ERR,ERR,ERR,ERR,ERR,ERR,ERR,ERR,ERR,ERR,ERR,ERR,ERR,ERR,ERR,ERR,ERR,ERR,ERR,ERR,ERR,ERR,ERR,ERR,ERR,ERR,ERR,ERR,ERR,ERR,ERR,ERR,ERR,ERR,ERR,ERR,ERR,ERR,ERR,ERR,ERR,ERR,ERR,ERR,ERR,ERR,ERR,ERR,ERR,ERR,ERR,ERR,ERR,ERR,ERR,ERR,ERR,ERR,ERR,ERR,ERR,ERR,ERR,ERR,ERR,ERR,ERR,ERR,ERR,ERR,ERR,ERR,ERR,ERR,ERR,ERR,ERR,ERR,ERR,ERR,ERR,ERR,ERR,ERR,ERR,ERR,ERR,ERR,ERR,ERR,ERR,ERR,ERR,ERR,ERR,ERR,ERR,ERR,ERR,ERR,ERR,ERR,ERR,ERR,ERR,ERR,ERR,ERR,ERR,ERR,ERR,ERR,ERR,ERR,ERR,ERR,ERR,ERR,ERR,ERR,ERR,ERR,ERR,ERR,ERR,0.0,-0.0,0.0,-0.0,-1.8775260555902976e+19,-0.06,-693222528.0,-0.477,4300,0,8,17172,4300,14655022956544.0,45,0.0,0.0,-0.0,0.0,0.059,0,0,0,0,0.0,0,0,0,0,0,0,0,0,0,0,0,0,0,0,0,0,0,0,0,0,0,0,0,0,0,0,0,0,0,0,0,0,0,13,35,35,48,65476,414,65476,1,0,4,21553,0.0,0.0,4.544287330034254e+18,0.0,0.0,0.0,0.0,0.0,0.0,0.0,0.0,0.0,0.0,0.0,0.0,0.0,0.0,0.0,0.0,0.0,0.0,2.004,2.004,-0.0,-0.0,0.0,0.0,0.0,0.0,0.0,5996.0,0.0,0.0,0.0,-0.0,0.0,2.7184509175703625e+23,0.0,0.0,2.004,2.004,222,-0.0,126840856576.0,0.0,0.0,0.0,0.0,0.0,0.0,0.0,0,0,0,-0.002,0.0,1.1548197014810395e+19,0.0,1.974032252744499e+16,-0.0,9.512693128541241e+20,0.0,31886464.0,-1.3415891825004133e+23,-0.0,480822560.0,0.0,0.0,0.0,1.6339163211035574e+25,0,1.3516416376850534e+27,222,0.0,444,-0.0,-0.0,2114,0,17110,13107,17112,0,17096,0,0,0,101,100,100,2.7302334150594743e+23,64.3,-0.0,64.6,0.0,64.5,1,49,50,180,0,0,0,0,0.0,0.0,0.0,60.0,0.0,71.0,0.0,-4.6714297958141336e+32,0.0,1070,0,1070,0,0,0,1070,0,1081,0,1000,0,646,0,648,0,643,0,676,0.032,1.0477750633867025e+22,0.0,0.0,1424,16814,33.815,-0.0,1.1053330482083335e+23,nan,1.0271423219382249e+35,0.01,50.0,60.0,35,0.0,0.0,10.0,2.0,0.0,0.0,0.0,0.0,0.0,0.0,0.0,0.0,0.0,0.0,0.0,0.0,59.2,18,42,9,27,65476,674,65476,1,0,4,20529,65476,0,0,30147,60.0,0.0,10.0,10.0,2.0,0.0
2026-02-16T12:18:37,ERR,ERR,ERR,ERR,ERR,ERR,ERR,ERR,ERR,ERR,ERR,ERR,ERR,ERR,ERR,ERR,ERR,ERR,ERR,ERR,ERR,ERR,ERR,ERR,ERR,ERR,ERR,ERR,ERR,ERR,ERR,ERR,ERR,ERR,ERR,ERR,ERR,ERR,ERR,ERR,ERR,ERR,ERR,ERR,ERR,ERR,ERR,ERR,ERR,ERR,ERR,ERR,ERR,ERR,ERR,ERR,ERR,ERR,ERR,ERR,ERR,ERR,ERR,ERR,ERR,ERR,ERR,ERR,ERR,ERR,ERR,ERR,ERR,ERR,ERR,ERR,ERR,ERR,ERR,ERR,ERR,ERR,ERR,ERR,ERR,ERR,ERR,ERR,ERR,ERR,ERR,ERR,ERR,ERR,ERR,ERR,ERR,ERR,ERR,ERR,ERR,ERR,ERR,ERR,ERR,ERR,ERR,ERR,ERR,ERR,ERR,ERR,ERR,ERR,ERR,ERR,ERR,ERR,ERR,ERR,ERR,ERR,ERR,ERR,ERR,0.0,-0.0,0.0,-0.0,-1.8775260555902976e+19,-0.06,-693222528.0,-0.477,4300,0,8,17172,4300,14655022956544.0,45,0.0,0.0,-0.0,0.0,0.059,0,0,0,0,0.0,0,0,0,0,0,0,0,0,0,0,0,0,0,0,0,0,0,0,0,0,0,0,0,0,0,0,0,0,0,0,0,0,0,13,35,35,48,65476,414,65476,1,0,4,21553,0.0,0.0,4.544287330034254e+18,0.0,0.0,0.0,0.0,0.0,0.0,0.0,0.0,0.0,0.0,0.0,0.0,0.0,0.0,0.0,0.0,0.0,0.0,2.004,2.004,-0.0,-0.0,0.0,0.0,0.0,0.0,0.0,5996.0,0.0,0.0,0.0,-0.0,0.0,2.7184509175703625e+23,0.0,0.0,2.004,2.004,222,-0.0,126840856576.0,0.0,0.0,0.0,0.0,0.0,0.0,0.0,0,0,0,-0.002,0.0,1.1548197014810395e+19,0.0,1.974032252744499e+16,-0.0,9.512693128541241e+20,0.0,31886464.0,-1.3415891825004133e+23,-0.0,480822560.0,0.0,0.0,0.0,1.6339163211035574e+25,0,1.3516416376850534e+27,222,0.0,444,-0.0,-0.0,2114,0,17110,13107,17112,0,17096,0,0,0,101,100,100,2.7302334150594743e+23,64.3,-0.0,64.6,0.0,64.5,1,49,50,180,0,0,0,0,0.0,0.0,0.0,60.0,0.0,71.0,0.0,-4.6714297958141336e+32,0.0,1070,0,1070,0,0,0,1070,0,1081,0,1000,0,646,0,648,0,643,0,676,0.032,1.0477750633867025e+22,0.0,0.0,1424,16814,33.815,-0.0,1.1053330482083335e+23,nan,1.0271423219382249e+35,0.01,50.0,60.0,35,0.0,0.0,10.0,2.0,0.0,0.0,0.0,0.0,0.0,0.0,0.0,0.0,0.0,0.0,0.0,0.0,59.2,18,42,9,27,65476,674,65476,1,0,4,20529,65476,0,0,30147,60.0,0.0,10.0,10.0,2.0,0.0
2026-02-16T12:18:38,ERR,ERR,ERR,ERR,ERR,ERR,ERR,ERR,ERR,ERR,ERR,ERR,ERR,ERR,ERR,ERR,ERR,ERR,ERR,ERR,ERR,ERR,ERR,ERR,ERR,ERR,ERR,ERR,ERR,ERR,ERR,ERR,ERR,ERR,ERR,ERR,ERR,ERR,ERR,ERR,ERR,ERR,ERR,ERR,ERR,ERR,ERR,ERR,ERR,ERR,ERR,ERR,ERR,ERR,ERR,ERR,ERR,ERR,ERR,ERR,ERR,ERR,ERR,ERR,ERR,ERR,ERR,ERR,ERR,ERR,ERR,ERR,ERR,ERR,ERR,ERR,ERR,ERR,ERR,ERR,ERR,ERR,ERR,ERR,ERR,ERR,ERR,ERR,ERR,ERR,ERR,ERR,ERR,ERR,ERR,ERR,ERR,ERR,ERR,ERR,ERR,ERR,ERR,ERR,ERR,ERR,ERR,ERR,ERR,ERR,ERR,ERR,ERR,ERR,ERR,ERR,ERR,ERR,ERR,ERR,ERR,ERR,ERR,ERR,ERR,0.0,-0.0,-0.0,-0.0,4.097032194142176e+31,-4.103998962527109e+17,0.0,0.0,4300,0,8,17171,4300,-0.0,44,0.0,0.0,-0.0,0.0,0.059,0,0,0,0,0.0,0,0,0,0,0,0,0,0,0,0,0,0,0,0,0,0,0,0,0,0,0,0,0,0,0,0,0,0,0,0,0,0,0,13,35,35,48,65476,415,65476,1,0,4,21553,0.0,0.0,-1.721,0.0,0.0,0.0,0.0,0.0,0.0,0.0,0.0,0.0,0.0,0.0,0.0,0.0,0.0,0.0,0.0,0.0,0.0,2.004,2.004,3.697081460117733e+19,-0.0,0.0,0.0,0.0,0.0,0.0,5992.0,0.0,0.0,0.0,-0.0,0.0,2.7184509175703625e+23,0.0,0.0,2.004,2.004,222,89220.57,-0.0,0.0,0.0,0.0,0.0,0.0,0.0,0.0,0,0,0,-0.0,0.579,0.0,7.684854908992551e+37,0.0,0.0,-0.0,0.0,0.0,-1.418327637847045e+23,-0.0,503891232.0,0.0,0.0,0.0,0.0,0,1.3516416376850534e+27,221,0.0,442,-2.637553503966331e+17,-20512.525,2114,0,17110,13107,17112,0,17096,0,0,0,101,100,100,-0.0,64.3,-0.0,64.6,0.0,64.5,1,49,50,180,0,0,0,0,0.0,0.0,0.0,60.0,76375244800.0,71.0,0.0,-570390.25,0.0,1070,0,1070,0,0,0,1070,0,1081,0,1000,0,646,0,648,0,643,0,677,0.032,1.0551537610161864e+22,0.0,0.0,6800,16814,76375244800.0,-570390.25,-0.0,-1.303,-11291491328.0,nan,50.0,60.0,35,0.0,0.0,10.0,2.0,0.0,0.0,0.0,0.0,0.0,0.0,0.0,0.0,0.0,0.0,0.0,0.0,58.8,18,42,9,26,65476,680,65476,1,0,4,20529,65476,0,0,30147,60.0,0.0,10.0,10.0,2.0,0.0
2026-02-16T12:18:39,ERR,ERR,ERR,ERR,ERR,ERR,ERR,ERR,ERR,ERR,ERR,ERR,ERR,ERR,ERR,ERR,ERR,ERR,ERR,ERR,ERR,ERR,ERR,ERR,ERR,ERR,ERR,ERR,ERR,ERR,ERR,ERR,ERR,ERR,ERR,ERR,ERR,ERR,ERR,ERR,ERR,ERR,ERR,ERR,ERR,ERR,ERR,ERR,ERR,ERR,ERR,ERR,ERR,ERR,ERR,ERR,ERR,ERR,ERR,ERR,ERR,ERR,ERR,ERR,ERR,ERR,ERR,ERR,ERR,ERR,ERR,ERR,ERR,ERR,ERR,ERR,ERR,ERR,ERR,ERR,ERR,ERR,ERR,ERR,ERR,ERR,ERR,ERR,ERR,ERR,ERR,ERR,ERR,ERR,ERR,ERR,ERR,ERR,ERR,ERR,ERR,ERR,ERR,ERR,ERR,ERR,ERR,ERR,ERR,ERR,ERR,ERR,ERR,ERR,ERR,ERR,ERR,ERR,ERR,ERR,ERR,ERR,ERR,ERR,ERR,0.0,-0.0,-0.0,-0.0,4.097032194142176e+31,-4.103998962527109e+17,0.0,0.0,4300,0,8,17171,4300,-0.0,44,0.0,0.0,-0.0,0.0,0.059,0,0,0,0,0.0,0,0,0,0,0,0,0,0,0,0,0,0,0,0,0,0,0,0,0,0,0,0,0,0,0,0,0,0,0,0,0,0,0,13,35,35,48,65476,415,65476,1,0,4,21553,0.0,0.0,-1.721,0.0,0.0,0.0,0.0,0.0,0.0,0.0,0.0,0.0,0.0,0.0,0.0,0.0,0.0,0.0,0.0,0.0,0.0,2.004,2.004,3.697081460117733e+19,-0.0,0.0,0.0,0.0,0.0,0.0,5992.0,0.0,0.0,0.0,-0.0,0.0,2.7184509175703625e+23,0.0,0.0,2.004,2.004,222,89220.57,-0.0,0.0,0.0,0.0,0.0,0.0,0.0,0.0,0,0,0,-0.0,0.579,0.0,7.684854908992551e+37,0.0,0.0,-0.0,0.0,0.0,-1.418327637847045e+23,-0.0,503891232.0,0.0,0.0,0.0,0.0,0,1.3516416376850534e+27,221,0.0,442,-2.637553503966331e+17,-20512.525,2114,0,17110,13107,17112,0,17096,0,0,0,101,100,100,-0.0,64.3,-0.0,64.6,0.0,64.5,1,49,50,180,0,0,0,0,0.0,0.0,0.0,60.0,76375244800.0,71.0,0.0,-570390.25,0.0,1070,0,1070,0,0,0,1070,0,1081,0,1000,0,646,0,648,0,643,0,677,0.032,1.0551537610161864e+22,0.0,0.0,6800,16814,76375244800.0,-570390.25,-0.0,-1.303,-11291491328.0,nan,50.0,60.0,35,0.0,0.0,10.0,2.0,0.0,0.0,0.0,0.0,0.0,0.0,0.0,0.0,0.0,0.0,0.0,0.0,58.8,18,42,9,26,65476,680,65476,1,0,4,20529,65476,0,0,30147,60.0,0.0,10.0,10.0,2.0,0.0
2026-02-16T12:18:40,ERR,ERR,ERR,ERR,ERR,ERR,ERR,ERR,ERR,ERR,ERR,ERR,ERR,ERR,ERR,ERR,ERR,ERR,ERR,ERR,ERR,ERR,ERR,ERR,ERR,ERR,ERR,ERR,ERR,ERR,ERR,ERR,ERR,ERR,ERR,ERR,ERR,ERR,ERR,ERR,ERR,ERR,ERR,ERR,ERR,ERR,ERR,ERR,ERR,ERR,ERR,ERR,ERR,ERR,ERR,ERR,ERR,ERR,ERR,ERR,ERR,ERR,ERR,ERR,ERR,ERR,ERR,ERR,ERR,ERR,ERR,ERR,ERR,ERR,ERR,ERR,ERR,ERR,ERR,ERR,ERR,ERR,ERR,ERR,ERR,ERR,ERR,ERR,ERR,ERR,ERR,ERR,ERR,ERR,ERR,ERR,ERR,ERR,ERR,ERR,ERR,ERR,ERR,ERR,ERR,ERR,ERR,ERR,ERR,ERR,ERR,ERR,ERR,ERR,ERR,ERR,ERR,ERR,ERR,ERR,ERR,ERR,ERR,ERR,ERR,0.0,-0.0,-0.0,-0.0,4.097032194142176e+31,-4.103998962527109e+17,0.0,0.0,4300,0,8,17171,4300,-0.0,44,0.0,0.0,-0.0,0.0,0.059,0,0,0,0,0.0,0,0,0,0,0,0,0,0,0,0,0,0,0,0,0,0,0,0,0,0,0,0,0,0,0,0,0,0,0,0,0,0,0,13,35,35,48,65476,415,65476,1,0,4,21553,0.0,0.0,-1.721,0.0,0.0,0.0,0.0,0.0,0.0,0.0,0.0,0.0,0.0,0.0,0.0,0.0,0.0,0.0,0.0,0.0,0.0,2.004,2.004,3.697081460117733e+19,-0.0,0.0,0.0,0.0,0.0,0.0,5992.0,0.0,0.0,0.0,-0.0,0.0,2.7184509175703625e+23,0.0,0.0,2.004,2.004,222,89220.57,-0.0,0.0,0.0,0.0,0.0,0.0,0.0,0.0,0,0,0,-0.0,0.579,0.0,7.684854908992551e+37,0.0,0.0,-0.0,0.0,0.0,-1.418327637847045e+23,-0.0,503891232.0,0.0,0.0,0.0,0.0,0,1.3516416376850534e+27,221,0.0,442,-2.637553503966331e+17,-20512.525,2114,0,17110,13107,17112,0,17096,0,0,0,101,100,100,-0.0,64.3,-0.0,64.6,0.0,64.5,1,49,50,180,0,0,0,0,0.0,0.0,0.0,60.0,76375244800.0,71.0,0.0,-570390.25,0.0,1070,0,1070,0,0,0,1070,0,1081,0,1000,0,646,0,648,0,643,0,677,0.032,1.0551537610161864e+22,0.0,0.0,6800,16814,76375244800.0,-570390.25,-0.0,-1.303,-11291491328.0,nan,50.0,60.0,35,0.0,0.0,10.0,2.0,0.0,0.0,0.0,0.0,0.0,0.0,0.0,0.0,0.0,0.0,0.0,0.0,58.8,18,42,9,26,65476,680,65476,1,0,4,20529,65476,0,0,30147,60.0,0.0,10.0,10.0,2.0,0.0
2026-02-16T12:18:41,ERR,ERR,ERR,ERR,ERR,ERR,ERR,ERR,ERR,ERR,ERR,ERR,ERR,ERR,ERR,ERR,ERR,ERR,ERR,ERR,ERR,ERR,ERR,ERR,ERR,ERR,ERR,ERR,ERR,ERR,ERR,ERR,ERR,ERR,ERR,ERR,ERR,ERR,ERR,ERR,ERR,ERR,ERR,ERR,ERR,ERR,ERR,ERR,ERR,ERR,ERR,ERR,ERR,ERR,ERR,ERR,ERR,ERR,ERR,ERR,ERR,ERR,ERR,ERR,ERR,ERR,ERR,ERR,ERR,ERR,ERR,ERR,ERR,ERR,ERR,ERR,ERR,ERR,ERR,ERR,ERR,ERR,ERR,ERR,ERR,ERR,ERR,ERR,ERR,ERR,ERR,ERR,ERR,ERR,ERR,ERR,ERR,ERR,ERR,ERR,ERR,ERR,ERR,ERR,ERR,ERR,ERR,ERR,ERR,ERR,ERR,ERR,ERR,ERR,ERR,ERR,ERR,ERR,ERR,ERR,ERR,ERR,ERR,ERR,ERR,0.0,-0.0,-0.0,-0.0,4.097032194142176e+31,-4.103998962527109e+17,0.0,0.0,4300,0,8,17171,4300,-0.0,44,0.0,0.0,-0.0,0.0,0.059,0,0,0,0,0.0,0,0,0,0,0,0,0,0,0,0,0,0,0,0,0,0,0,0,0,0,0,0,0,0,0,0,0,0,0,0,0,0,0,13,35,35,48,65476,415,65476,1,0,4,21553,0.0,0.0,-1.721,0.0,0.0,0.0,0.0,0.0,0.0,0.0,0.0,0.0,0.0,0.0,0.0,0.0,0.0,0.0,0.0,0.0,0.0,2.004,2.004,3.697081460117733e+19,-0.0,0.0,0.0,0.0,0.0,0.0,5992.0,0.0,0.0,0.0,-0.0,0.0,2.7184509175703625e+23,0.0,0.0,2.004,2.004,222,89220.57,-0.0,0.0,0.0,0.0,0.0,0.0,0.0,0.0,0,0,0,-0.0,0.579,0.0,7.684854908992551e+37,0.0,0.0,-0.0,0.0,0.0,-1.418327637847045e+23,-0.0,503891232.0,0.0,0.0,0.0,0.0,0,1.3516416376850534e+27,221,0.0,442,-2.637553503966331e+17,-20512.525,2114,0,17110,13107,17112,0,17096,0,0,0,101,100,100,2.7302334150594743e+23,64.3,-0.0,64.6,0.0,64.5,1,49,50,180,0,0,0,0,0.0,0.0,0.0,60.0,24609.277,71.0,0.0,7.392159713617576e+31,0.0,1070,0,1070,0,0,0,1070,0,1081,0,1000,0,646,0,648,0,643,0,677,0.032,1.0625324586456702e+22,2.004,2.73023467606737e+23,61072,16813,24609.277,7.392159713617576e+31,6880561725440.0,-0.0,3.2916090541662457e+24,0.0,50.0,60.0,35,0.0,0.0,10.0,2.0,0.0,0.0,0.0,0.0,0.0,0.0,0.0,0.0,0.0,0.0,0.0,0.0,59.2,18,42,9,26,65476,680,65476,1,0,4,20529,65476,0,0,30147,60.0,0.0,10.0,10.0,2.0,0.0
2026-02-16T12:18:42,ERR,ERR,ERR,ERR,ERR,ERR,ERR,ERR,ERR,ERR,ERR,ERR,ERR,ERR,ERR,ERR,ERR,ERR,ERR,ERR,ERR,ERR,ERR,ERR,ERR,ERR,ERR,ERR,ERR,ERR,ERR,ERR,ERR,ERR,ERR,ERR,ERR,ERR,ERR,ERR,ERR,ERR,ERR,ERR,ERR,ERR,ERR,ERR,ERR,ERR,ERR,ERR,ERR,ERR,ERR,ERR,ERR,ERR,ERR,ERR,ERR,ERR,ERR,ERR,ERR,ERR,ERR,ERR,ERR,ERR,ERR,ERR,ERR,ERR,ERR,ERR,ERR,ERR,ERR,ERR,ERR,ERR,ERR,ERR,ERR,ERR,ERR,ERR,ERR,ERR,ERR,ERR,ERR,ERR,ERR,ERR,ERR,ERR,ERR,ERR,ERR,ERR,ERR,ERR,ERR,ERR,ERR,ERR,ERR,ERR,ERR,ERR,ERR,ERR,ERR,ERR,ERR,ERR,ERR,ERR,ERR,ERR,ERR,ERR,ERR,0.0,-0.0,-0.0,-0.0,4.097032194142176e+31,-4.103998962527109e+17,0.0,0.0,4300,0,8,17171,4300,-0.0,44,0.0,0.0,-0.0,0.0,0.059,0,0,0,0,0.0,0,0,0,0,0,0,0,0,0,0,0,0,0,0,0,0,0,0,0,0,0,0,0,0,0,0,0,0,0,0,0,0,0,13,35,35,48,65476,415,65476,1,0,4,21553,0.0,0.0,-1.721,0.0,0.0,0.0,0.0,0.0,0.0,0.0,0.0,0.0,0.0,0.0,0.0,0.0,0.0,0.0,0.0,0.0,0.0,2.004,2.004,3.697081460117733e+19,-0.0,0.0,0.0,0.0,0.0,0.0,5992.0,0.0,0.0,0.0,-0.0,0.0,2.7184509175703625e+23,0.0,0.0,2.004,2.004,222,89220.57,-0.0,0.0,0.0,0.0,0.0,0.0,0.0,0.0,0,0,0,-0.0,0.579,0.0,7.684854908992551e+37,0.0,0.0,-0.0,0.0,0.0,-1.418327637847045e+23,-0.0,503891232.0,0.0,0.0,0.0,0.0,0,1.3516416376850534e+27,221,0.0,442,-2.637553503966331e+17,-20512.525,2114,0,17110,13107,17112,0,17096,0,0,0,101,100,100,2.7302334150594743e+23,64.3,-0.0,64.6,0.0,64.5,1,49,50,180,0,0,0,0,0.0,0.0,0.0,60.0,24609.277,71.0,0.0,7.392159713617576e+31,0.0,1070,0,1070,0,0,0,1070,0,1081,0,1000,0,646,0,648,0,643,0,677,0.032,1.0625324586456702e+22,2.004,2.73023467606737e+23,61072,16813,24609.277,7.392159713617576e+31,6880561725440.0,-0.0,3.2916090541662457e+24,0.0,50.0,60.0,35,0.0,0.0,10.0,2.0,0.0,0.0,0.0,0.0,0.0,0.0,0.0,0.0,0.0,0.0,0.0,0.0,59.2,18,42,9,26,65476,680,65476,1,0,4,20529,65476,0,0,30147,60.0,0.0,10.0,10.0,2.0,0.0
2026-02-16T12:18:43,ERR,ERR,ERR,ERR,ERR,ERR,ERR,ERR,ERR,ERR,ERR,ERR,ERR,ERR,ERR,ERR,ERR,ERR,ERR,ERR,ERR,ERR,ERR,ERR,ERR,ERR,ERR,ERR,ERR,ERR,ERR,ERR,ERR,ERR,ERR,ERR,ERR,ERR,ERR,ERR,ERR,ERR,ERR,ERR,ERR,ERR,ERR,ERR,ERR,ERR,ERR,ERR,ERR,ERR,ERR,ERR,ERR,ERR,ERR,ERR,ERR,ERR,ERR,ERR,ERR,ERR,ERR,ERR,ERR,ERR,ERR,ERR,ERR,ERR,ERR,ERR,ERR,ERR,ERR,ERR,ERR,ERR,ERR,ERR,ERR,ERR,ERR,ERR,ERR,ERR,ERR,ERR,ERR,ERR,ERR,ERR,ERR,ERR,ERR,ERR,ERR,ERR,ERR,ERR,ERR,ERR,ERR,ERR,ERR,ERR,ERR,ERR,ERR,ERR,ERR,ERR,ERR,ERR,ERR,ERR,ERR,ERR,ERR,ERR,ERR,0.0,2.7184525388662284e+23,-0.0,-0.0,4.045065792430549e+31,-1.0662016429555302e+29,0.0,0.0,4300,0,8,17171,4300,-0.0,44,0.0,0.0,-0.0,0.0,0.059,0,0,0,0,0.0,0,0,0,0,0,0,0,0,0,0,0,0,0,0,0,0,0,0,0,0,0,0,0,0,0,0,0,0,0,0,0,0,0,13,35,35,48,65476,417,65476,1,0,4,21553,0.0,0.0,-0.0,0.0,0.0,0.0,0.0,0.0,0.0,0.0,0.0,0.0,0.0,0.0,0.0,0.0,0.0,0.0,0.0,0.0,0.0,2.004,3.697062548517736e+19,2.004,-0.0,-2.004,0.0,0.0,0.0,0.0,5987.0,0.0,0.0,0.0,2.7184525388662284e+23,0.0,0.0,0.0,0.0,2.004,2.004,221,0.0,-0.0,0.0,0.0,0.0,0.0,0.0,0.0,0.0,0,0,0,-0.0,-0.005,116.132,3.0283990922771356e+23,53.316,0.001,-0.0,-1.410799080844546e+38,0.0,-1.4773572188829156e+23,-0.0,529057056.0,0.0,0.0,0.0,0.0,0,1.3516416376850534e+27,221,0.0,442,0.0,90242.023,2114,0,17110,13107,17112,0,17096,0,0,0,101,100,100,2.7302334150594743e+23,64.3,-0.0,64.6,0.0,64.5,1,49,50,180,0,0,0,0,0.0,0.0,0.0,60.0,24609.277,71.0,0.0,7.392159713617576e+31,0.0,1070,0,1070,0,0,0,1070,0,1081,0,1000,0,646,0,648,0,643,0,677,0.032,1.0625324586456702e+22,2.004,2.73023467606737e+23,61072,16813,24609.277,7.392159713617576e+31,6880561725440.0,-0.0,3.2916090541662457e+24,0.0,50.0,60.0,35,0.0,0.0,10.0,2.0,0.0,0.0,0.0,0.0,0.0,0.0,0.0,0.0,0.0,0.0,0.0,0.0,59.2,18,42,9,26,65476,680,300,1,0,8,20529,65476,0,0,30147,60.0,0.0,10.0,10.0,2.0,0.0
2026-02-16T12:18:44,ERR,ERR,ERR,ERR,ERR,ERR,ERR,ERR,ERR,ERR,ERR,ERR,ERR,ERR,ERR,ERR,ERR,ERR,ERR,ERR,ERR,ERR,ERR,ERR,ERR,ERR,ERR,ERR,ERR,ERR,ERR,ERR,ERR,ERR,ERR,ERR,ERR,ERR,ERR,ERR,ERR,ERR,ERR,ERR,ERR,ERR,ERR,ERR,ERR,ERR,ERR,ERR,ERR,ERR,ERR,ERR,ERR,ERR,ERR,ERR,ERR,ERR,ERR,ERR,ERR,ERR,ERR,ERR,ERR,ERR,ERR,ERR,ERR,ERR,ERR,ERR,ERR,ERR,ERR,ERR,ERR,ERR,ERR,ERR,ERR,ERR,ERR,ERR,ERR,ERR,ERR,ERR,ERR,ERR,ERR,ERR,ERR,ERR,ERR,ERR,ERR,ERR,ERR,ERR,ERR,ERR,ERR,ERR,ERR,ERR,ERR,ERR,ERR,ERR,ERR,ERR,ERR,ERR,ERR,ERR,ERR,ERR,ERR,ERR,ERR,0.0,2.7184525388662284e+23,-0.0,-0.0,4.045065792430549e+31,-1.0662016429555302e+29,0.0,0.0,4300,0,8,17171,4300,-0.0,44,0.0,0.0,-0.0,0.0,0.059,0,0,0,0,0.0,0,0,0,0,0,0,0,0,0,0,0,0,0,0,0,0,0,0,0,0,0,0,0,0,0,0,0,0,0,0,0,0,0,13,35,35,48,65476,417,65476,1,0,4,21553,0.0,0.0,-0.0,0.0,0.0,0.0,0.0,0.0,0.0,0.0,0.0,0.0,0.0,0.0,0.0,0.0,0.0,0.0,0.0,0.0,0.0,2.004,3.697062548517736e+19,2.004,-0.0,-2.004,0.0,0.0,0.0,0.0,5987.0,0.0,0.0,0.0,2.7184525388662284e+23,0.0,0.0,0.0,0.0,2.004,2.004,221,0.0,-0.0,0.0,0.0,0.0,0.0,0.0,0.0,0.0,0,0,0,-0.0,-0.005,116.132,3.0283990922771356e+23,53.316,0.001,-0.0,-1.410799080844546e+38,0.0,-1.4773572188829156e+23,-0.0,529057056.0,0.0,0.0,0.0,0.0,0,1.3516416376850534e+27,221,0.0,442,0.0,90242.023,2114,0,17110,13107,17112,0,17096,0,0,0,101,100,100,2.7302334150594743e+23,64.3,-0.0,64.6,0.0,64.5,1,49,50,180,0,0,0,0,0.0,0.0,0.0,60.0,24609.277,71.0,0.0,7.392159713617576e+31,0.0,1070,0,1070,0,0,0,1070,0,1081,0,1000,0,646,0,648,0,643,0,677,0.032,1.0625324586456702e+22,2.004,2.73023467606737e+23,61072,16813,24609.277,7.392159713617576e+31,6880561725440.0,-0.0,3.2916090541662457e+24,0.0,50.0,60.0,35,0.0,0.0,10.0,2.0,0.0,0.0,0.0,0.0,0.0,0.0,0.0,0.0,0.0,0.0,0.0,0.0,58.8,18,41,8,26,65476,604,300,0,0,8,20529,65476,0,0,30147,60.0,0.0,10.0,10.0,2.0,0.0
2026-02-16T12:18:45,ERR,ERR,ERR,ERR,ERR,ERR,ERR,ERR,ERR,ERR,ERR,ERR,ERR,ERR,ERR,ERR,ERR,ERR,ERR,ERR,ERR,ERR,ERR,ERR,ERR,ERR,ERR,ERR,ERR,ERR,ERR,ERR,ERR,ERR,ERR,ERR,ERR,ERR,ERR,ERR,ERR,ERR,ERR,ERR,ERR,ERR,ERR,ERR,ERR,ERR,ERR,ERR,ERR,ERR,ERR,ERR,ERR,ERR,ERR,ERR,ERR,ERR,ERR,ERR,ERR,ERR,ERR,ERR,ERR,ERR,ERR,ERR,ERR,ERR,ERR,ERR,ERR,ERR,ERR,ERR,ERR,ERR,ERR,ERR,ERR,ERR,ERR,ERR,ERR,ERR,ERR,ERR,ERR,ERR,ERR,ERR,ERR,ERR,ERR,ERR,ERR,ERR,ERR,ERR,ERR,ERR,ERR,ERR,ERR,ERR,ERR,ERR,ERR,ERR,ERR,ERR,ERR,ERR,ERR,ERR,ERR,ERR,ERR,ERR,ERR,0.0,2.7184525388662284e+23,-0.0,-0.0,4.045065792430549e+31,-1.0662016429555302e+29,0.0,0.0,4300,0,8,17171,4300,-0.0,44,0.0,0.0,-0.0,0.0,0.059,0,0,0,0,0.0,0,0,0,0,0,0,0,0,0,0,0,0,0,0,0,0,0,0,0,0,0,0,0,0,0,0,0,0,0,0,0,0,0,13,35,35,48,65476,417,65476,1,0,4,21553,0.0,0.0,-0.0,0.0,0.0,0.0,0.0,0.0,0.0,0.0,0.0,0.0,0.0,0.0,0.0,0.0,0.0,0.0,0.0,0.0,0.0,2.004,3.697062548517736e+19,2.004,-0.0,-2.004,0.0,0.0,0.0,0.0,5987.0,0.0,0.0,0.0,2.7184525388662284e+23,0.0,0.0,0.0,0.0,2.004,2.004,221,0.0,-0.0,0.0,0.0,0.0,0.0,0.0,0.0,0.0,0,0,0,-0.0,-0.005,116.132,3.0283990922771356e+23,53.316,0.001,-0.0,-1.410799080844546e+38,0.0,-1.4773572188829156e+23,-0.0,529057056.0,0.0,0.0,0.0,0.0,0,1.3516416376850534e+27,221,0.0,442,0.0,90242.023,2114,0,17110,13107,17112,0,17096,0,0,0,101,100,100,-0.0,64.3,-0.0,64.6,0.0,64.5,1,49,50,180,0,0,0,0,0.0,0.0,0.0,60.0,268980672.0,71.0,0.0,0.0,0.0,1070,0,1070,0,0,0,1070,0,1081,0,1000,0,646,0,648,0,643,0,676,0.032,1.0551537610161864e+22,2.004,2.73023467606737e+23,55056,16813,4299433705472.0,3.2158480479770626e+27,0.0,nan,4.532605623720529e+19,-3.6952578174745955e+29,50.0,60.0,35,0.0,0.0,10.0,2.0,0.0,0.0,0.0,0.0,0.0,0.0,0.0,0.0,0.0,0.0,0.0,0.0,58.8,18,41,8,26,65476,604,300,0,0,8,20529,65476,0,0,30147,60.0,0.0,10.0,10.0,2.0,0.0
2026-02-16T12:18:46,ERR,ERR,ERR,ERR,ERR,ERR,ERR,ERR,ERR,ERR,ERR,ERR,ERR,ERR,ERR,ERR,ERR,ERR,ERR,ERR,ERR,ERR,ERR,ERR,ERR,ERR,ERR,ERR,ERR,ERR,ERR,ERR,ERR,ERR,ERR,ERR,ERR,ERR,ERR,ERR,ERR,ERR,ERR,ERR,ERR,ERR,ERR,ERR,ERR,ERR,ERR,ERR,ERR,ERR,ERR,ERR,ERR,ERR,ERR,ERR,ERR,ERR,ERR,ERR,ERR,ERR,ERR,ERR,ERR,ERR,ERR,ERR,ERR,ERR,ERR,ERR,ERR,ERR,ERR,ERR,ERR,ERR,ERR,ERR,ERR,ERR,ERR,ERR,ERR,ERR,ERR,ERR,ERR,ERR,ERR,ERR,ERR,ERR,ERR,ERR,ERR,ERR,ERR,ERR,ERR,ERR,ERR,ERR,ERR,ERR,ERR,ERR,ERR,ERR,ERR,ERR,ERR,ERR,ERR,ERR,ERR,ERR,ERR,ERR,ERR,0.0,2.7184525388662284e+23,-0.0,-0.0,4.045065792430549e+31,-1.0662016429555302e+29,0.0,0.0,4300,0,8,17171,4300,-0.0,44,0.0,0.0,-0.0,0.0,0.059,0,0,0,0,0.0,0,0,0,0,0,0,0,0,0,0,0,0,0,0,0,0,0,0,0,0,0,0,0,0,0,0,0,0,0,0,0,0,0,13,35,35,48,65476,417,65476,1,0,4,21553,0.0,0.0,-0.0,0.0,0.0,0.0,0.0,0.0,0.0,0.0,0.0,0.0,0.0,0.0,0.0,0.0,0.0,0.0,0.0,0.0,0.0,2.004,3.697062548517736e+19,2.004,-0.0,-2.004,0.0,0.0,0.0,0.0,5987.0,0.0,0.0,0.0,2.7184525388662284e+23,0.0,0.0,0.0,0.0,2.004,2.004,221,0.0,-0.0,0.0,0.0,0.0,0.0,0.0,0.0,0.0,0,0,0,-0.0,-0.005,116.132,3.0283990922771356e+23,53.316,0.001,-0.0,-1.410799080844546e+38,0.0,-1.4773572188829156e+23,-0.0,529057056.0,0.0,0.0,0.0,0.0,0,1.3516416376850534e+27,221,0.0,442,0.0,90242.023,2114,0,17110,13107,17112,0,17096,0,0,0,101,100,100,-0.0,64.3,-0.0,64.6,0.0,64.5,1,49,50,180,0,0,0,0,0.0,0.0,0.0,60.0,268980672.0,71.0,0.0,0.0,0.0,1070,0,1070,0,0,0,1070,0,1081,0,1000,0,646,0,648,0,643,0,676,0.032,1.0551537610161864e+22,2.004,2.73023467606737e+23,55056,16813,4299433705472.0,3.2158480479770626e+27,0.0,nan,4.532605623720529e+19,-3.6952578174745955e+29,50.0,60.0,35,0.0,0.0,10.0,2.0,0.0,0.0,0.0,0.0,0.0,0.0,0.0,0.0,0.0,0.0,0.0,0.0,58.8,19,41,8,26,65476,528,300,0,0,8,20529,65476,0,0,30147,60.0,0.0,10.0,10.0,2.0,0.0
2026-02-16T12:18:47,ERR,ERR,ERR,ERR,ERR,ERR,ERR,ERR,ERR,ERR,ERR,ERR,ERR,ERR,ERR,ERR,ERR,ERR,ERR,ERR,ERR,ERR,ERR,ERR,ERR,ERR,ERR,ERR,ERR,ERR,ERR,ERR,ERR,ERR,ERR,ERR,ERR,ERR,ERR,ERR,ERR,ERR,ERR,ERR,ERR,ERR,ERR,ERR,ERR,ERR,ERR,ERR,ERR,ERR,ERR,ERR,ERR,ERR,ERR,ERR,ERR,ERR,ERR,ERR,ERR,ERR,ERR,ERR,ERR,ERR,ERR,ERR,ERR,ERR,ERR,ERR,ERR,ERR,ERR,ERR,ERR,ERR,ERR,ERR,ERR,ERR,ERR,ERR,ERR,ERR,ERR,ERR,ERR,ERR,ERR,ERR,ERR,ERR,ERR,ERR,ERR,ERR,ERR,ERR,ERR,ERR,ERR,ERR,ERR,ERR,ERR,ERR,ERR,ERR,ERR,ERR,ERR,ERR,ERR,ERR,ERR,ERR,ERR,ERR,ERR,0.0,2.7184525388662284e+23,-0.0,-0.0,4.045065792430549e+31,-1.0662016429555302e+29,0.0,0.0,4300,0,8,17171,4300,-0.0,44,0.0,0.0,-0.0,0.0,0.059,0,0,0,0,0.0,0,0,0,0,0,0,0,0,0,0,0,0,0,0,0,0,0,0,0,0,0,0,0,0,0,0,0,0,0,0,0,0,0,13,35,35,48,65476,417,65476,1,0,4,21553,0.0,0.0,-0.0,0.0,0.0,0.0,0.0,0.0,0.0,0.0,0.0,0.0,0.0,0.0,0.0,0.0,0.0,0.0,0.0,0.0,0.0,2.004,3.697062548517736e+19,2.004,-0.0,-2.004,0.0,0.0,0.0,0.0,5987.0,0.0,0.0,0.0,2.7184525388662284e+23,0.0,0.0,0.0,0.0,2.004,2.004,221,0.0,-0.0,0.0,0.0,0.0,0.0,0.0,0.0,0.0,0,0,0,-0.0,-0.005,116.132,3.0283990922771356e+23,53.316,0.001,-0.0,-1.410799080844546e+38,0.0,-1.4773572188829156e+23,-0.0,529057056.0,0.0,0.0,0.0,0.0,0,1.3516416376850534e+27,221,0.0,442,0.0,90242.023,2114,0,17110,13107,17112,0,17096,0,0,0,101,100,100,-0.0,64.3,-0.0,64.6,0.0,64.5,1,49,50,180,0,0,0,0,0.0,0.0,0.0,60.0,268980672.0,71.0,0.0,0.0,0.0,1070,0,1070,0,0,0,1070,0,1081,0,1000,0,646,0,648,0,643,0,676,0.032,1.0551537610161864e+22,2.004,2.73023467606737e+23,55056,16813,4299433705472.0,3.2158480479770626e+27,0.0,nan,4.532605623720529e+19,-3.6952578174745955e+29,50.0,60.0,35,0.0,0.0,10.0,2.0,0.0,0.0,0.0,0.0,0.0,0.0,0.0,0.0,0.0,0.0,0.0,0.0,58.8,19,41,8,26,65476,528,300,0,0,8,20529,65476,0,0,30147,60.0,0.0,10.0,10.0,2.0,0.0
2026-02-16T12:18:48,ERR,ERR,ERR,ERR,ERR,ERR,ERR,ERR,ERR,ERR,ERR,ERR,ERR,ERR,ERR,ERR,ERR,ERR,ERR,ERR,ERR,ERR,ERR,ERR,ERR,ERR,ERR,ERR,ERR,ERR,ERR,ERR,ERR,ERR,ERR,ERR,ERR,ERR,ERR,ERR,ERR,ERR,ERR,ERR,ERR,ERR,ERR,ERR,ERR,ERR,ERR,ERR,ERR,ERR,ERR,ERR,ERR,ERR,ERR,ERR,ERR,ERR,ERR,ERR,ERR,ERR,ERR,ERR,ERR,ERR,ERR,ERR,ERR,ERR,ERR,ERR,ERR,ERR,ERR,ERR,ERR,ERR,ERR,ERR,ERR,ERR,ERR,ERR,ERR,ERR,ERR,ERR,ERR,ERR,ERR,ERR,ERR,ERR,ERR,ERR,ERR,ERR,ERR,ERR,ERR,ERR,ERR,ERR,ERR,ERR,ERR,ERR,ERR,ERR,ERR,ERR,ERR,ERR,ERR,ERR,ERR,ERR,ERR,ERR,ERR,0.0,2.7184525388662284e+23,0.0,-0.0,0.0,0.0,4018620.75,-0.0,4300,0,8,17171,4300,-0.0,44,0.0,0.0,-0.0,0.0,-0.0,0,0,0,0,0.0,0,0,0,0,0,0,0,0,0,0,0,0,0,0,0,0,0,0,0,0,0,0,0,0,0,0,0,0,0,0,0,0,0,13,35,35,48,65476,420,65476,1,0,4,21553,0.0,-0.0,-0.0,0.0,0.0,0.0,0.0,0.0,0.0,0.0,0.0,0.0,0.0,0.0,0.0,0.0,0.0,0.0,0.0,0.0,0.0,2.004,3.697062548517736e+19,0.0,-0.0,-3.69707618246192e+19,0.0,0.0,0.0,0.0,6012.0,3.697199767568882e+19,0.0,0.0,107616344.0,0.0,107616272.0,0.0,0.0,2.004,2.004,222,-107614784.0,-152017934745600.0,0.0,0.0,0.0,0.0,0.0,0.0,0.0,0,0,0,1.454357583511278e+34,-1.9497216732658985e+33,0.0,0.0,0.0,-0.0,-1.2643926584811636e+29,-0.0,-0.0,-1.6088399901479823e+23,-0.0,571574848.0,0.0,0.0,0.0,-6.146298248345462e+29,0,1.3516416376850534e+27,222,0.0,444,-0.0,-0.0,2114,0,17110,13107,17112,0,17096,0,0,0,101,100,100,-0.0,64.3,-0.0,64.6,0.0,64.5,1,49,50,180,0,0,0,0,0.0,0.0,0.0,60.0,1830897408.0,71.0,0.0,-210181.562,0.0,1070,0,1070,0,0,0,1070,0,1081,0,1000,0,646,0,648,0,643,0,676,0.032,1.0551537610161864e+22,0.0,0.0,61328,16813,1830897408.0,-210181.562,-0.0,-2796079546368.0,-30880.811,2.437950090943072e+34,50.0,60.0,35,0.0,0.0,10.0,2.0,0.0,0.0,0.0,0.0,0.0,0.0,0.0,0.0,0.0,0.0,0.0,0.0,59.2,20,39,6,26,65476,366,300,0,0,8,20529,65476,0,0,30147,60.0,0.0,10.0,10.0,2.0,0.0
2026-02-16T12:18:49,ERR,ERR,ERR,ERR,ERR,ERR,ERR,ERR,ERR,ERR,ERR,ERR,ERR,ERR,ERR,ERR,ERR,ERR,ERR,ERR,ERR,ERR,ERR,ERR,ERR,ERR,ERR,ERR,ERR,ERR,ERR,ERR,ERR,ERR,ERR,ERR,ERR,ERR,ERR,ERR,ERR,ERR,ERR,ERR,ERR,ERR,ERR,ERR,ERR,ERR,ERR,ERR,ERR,ERR,ERR,ERR,ERR,ERR,ERR,ERR,ERR,ERR,ERR,ERR,ERR,ERR,ERR,ERR,ERR,ERR,ERR,ERR,ERR,ERR,ERR,ERR,ERR,ERR,ERR,ERR,ERR,ERR,ERR,ERR,ERR,ERR,ERR,ERR,ERR,ERR,ERR,ERR,ERR,ERR,ERR,ERR,ERR,ERR,ERR,ERR,ERR,ERR,ERR,ERR,ERR,ERR,ERR,ERR,ERR,ERR,ERR,ERR,ERR,ERR,ERR,ERR,ERR,ERR,ERR,ERR,ERR,ERR,ERR,ERR,ERR,0.0,2.7184525388662284e+23,0.0,-0.0,0.0,0.0,4018620.75,-0.0,4300,0,8,17171,4300,-0.0,44,0.0,0.0,-0.0,0.0,-0.0,0,0,0,0,0.0,0,0,0,0,0,0,0,0,0,0,0,0,0,0,0,0,0,0,0,0,0,0,0,0,0,0,0,0,0,0,0,0,0,13,35,35,48,65476,420,65476,1,0,4,21553,0.0,-0.0,-0.0,0.0,0.0,0.0,0.0,0.0,0.0,0.0,0.0,0.0,0.0,0.0,0.0,0.0,0.0,0.0,0.0,0.0,0.0,2.004,3.697062548517736e+19,0.0,-0.0,-3.69707618246192e+19,0.0,0.0,0.0,0.0,6012.0,3.697199767568882e+19,0.0,0.0,107616344.0,0.0,107616272.0,0.0,0.0,2.004,2.004,222,-107614784.0,-152017934745600.0,0.0,0.0,0.0,0.0,0.0,0.0,0.0,0,0,0,1.454357583511278e+34,-1.9497216732658985e+33,0.0,0.0,0.0,-0.0,-1.2643926584811636e+29,-0.0,-0.0,-1.6088399901479823e+23,-0.0,571574848.0,0.0,0.0,0.0,-6.146298248345462e+29,0,1.3516416376850534e+27,222,0.0,444,-0.0,-0.0,2114,0,17110,13107,17112,0,17096,0,0,0,101,100,100,-0.0,64.3,-0.0,64.6,0.0,64.5,1,49,50,180,0,0,0,0,0.0,0.0,0.0,60.0,1830897408.0,71.0,0.0,-210181.562,0.0,1070,0,1070,0,0,0,1070,0,1081,0,1000,0,646,0,648,0,643,0,676,0.032,1.0551537610161864e+22,0.0,0.0,61328,16813,1830897408.0,-210181.562,-0.0,-2796079546368.0,-30880.811,2.437950090943072e+34,50.0,60.0,35,0.0,0.0,10.0,2.0,0.0,0.0,0.0,0.0,0.0,0.0,0.0,0.0,0.0,0.0,0.0,0.0,59.2,20,39,6,26,65476,366,300,0,0,8,20529,65476,0,0,30147,60.0,0.0,10.0,10.0,2.0,0.0
2026-02-16T12:18:50,ERR,ERR,ERR,ERR,ERR,ERR,ERR,ERR,ERR,ERR,ERR,ERR,ERR,ERR,ERR,ERR,ERR,ERR,ERR,ERR,ERR,ERR,ERR,ERR,ERR,ERR,ERR,ERR,ERR,ERR,ERR,ERR,ERR,ERR,ERR,ERR,ERR,ERR,ERR,ERR,ERR,ERR,ERR,ERR,ERR,ERR,ERR,ERR,ERR,ERR,ERR,ERR,ERR,ERR,ERR,ERR,ERR,ERR,ERR,ERR,ERR,ERR,ERR,ERR,ERR,ERR,ERR,ERR,ERR,ERR,ERR,ERR,ERR,ERR,ERR,ERR,ERR,ERR,ERR,ERR,ERR,ERR,ERR,ERR,ERR,ERR,ERR,ERR,ERR,ERR,ERR,ERR,ERR,ERR,ERR,ERR,ERR,ERR,ERR,ERR,ERR,ERR,ERR,ERR,ERR,ERR,ERR,ERR,ERR,ERR,ERR,ERR,ERR,ERR,ERR,ERR,ERR,ERR,ERR,ERR,ERR,ERR,ERR,ERR,ERR,0.0,2.7184525388662284e+23,0.0,-0.0,0.0,0.0,4018620.75,-0.0,4300,0,8,17171,4300,-0.0,44,0.0,0.0,-0.0,0.0,-0.0,0,0,0,0,0.0,0,0,0,0,0,0,0,0,0,0,0,0,0,0,0,0,0,0,0,0,0,0,0,0,0,0,0,0,0,0,0,0,0,13,35,35,48,65476,420,65476,1,0,4,21553,0.0,-0.0,-0.0,0.0,0.0,0.0,0.0,0.0,0.0,0.0,0.0,0.0,0.0,0.0,0.0,0.0,0.0,0.0,0.0,0.0,0.0,2.004,3.697062548517736e+19,0.0,-0.0,-3.69707618246192e+19,0.0,0.0,0.0,0.0,6012.0,3.697199767568882e+19,0.0,0.0,107616344.0,0.0,107616272.0,0.0,0.0,2.004,2.004,222,-107614784.0,-152017934745600.0,0.0,0.0,0.0,0.0,0.0,0.0,0.0,0,0,0,1.454357583511278e+34,-1.9497216732658985e+33,0.0,0.0,0.0,-0.0,-1.2643926584811636e+29,-0.0,-0.0,-1.6088399901479823e+23,-0.0,571574848.0,0.0,0.0,0.0,-6.146298248345462e+29,0,1.3516416376850534e+27,222,0.0,444,-0.0,-0.0,2114,0,17110,13107,17112,0,17096,0,0,0,101,100,100,-0.0,64.3,-0.0,64.6,0.0,64.5,1,49,50,180,0,0,0,0,0.0,0.0,0.0,60.0,1830897408.0,71.0,0.0,-210181.562,0.0,1070,0,1070,0,0,0,1070,0,1081,0,1000,0,646,0,648,0,643,0,676,0.032,1.0551537610161864e+22,0.0,0.0,61328,16813,1830897408.0,-210181.562,-0.0,-2796079546368.0,-30880.811,2.437950090943072e+34,50.0,60.0,35,0.0,0.0,10.0,2.0,0.0,0.0,0.0,0.0,0.0,0.0,0.0,0.0,0.0,0.0,0.0,0.0,59.2,26,33,0,26,65476,206,300,0,0,8,20529,65476,0,0,30147,60.0,0.0,10.0,10.0,2.0,0.0
2026-02-16T12:18:51,ERR,ERR,ERR,ERR,ERR,ERR,ERR,ERR,ERR,ERR,ERR,ERR,ERR,ERR,ERR,ERR,ERR,ERR,ERR,ERR,ERR,ERR,ERR,ERR,ERR,ERR,ERR,ERR,ERR,ERR,ERR,ERR,ERR,ERR,ERR,ERR,ERR,ERR,ERR,ERR,ERR,ERR,ERR,ERR,ERR,ERR,ERR,ERR,ERR,ERR,ERR,ERR,ERR,ERR,ERR,ERR,ERR,ERR,ERR,ERR,ERR,ERR,ERR,ERR,ERR,ERR,ERR,ERR,ERR,ERR,ERR,ERR,ERR,ERR,ERR,ERR,ERR,ERR,ERR,ERR,ERR,ERR,ERR,ERR,ERR,ERR,ERR,ERR,ERR,ERR,ERR,ERR,ERR,ERR,ERR,ERR,ERR,ERR,ERR,ERR,ERR,ERR,ERR,ERR,ERR,ERR,ERR,ERR,ERR,ERR,ERR,ERR,ERR,ERR,ERR,ERR,ERR,ERR,ERR,ERR,ERR,ERR,ERR,ERR,ERR,0.0,2.7184525388662284e+23,0.0,-0.0,0.0,0.0,4018620.75,-0.0,4300,0,8,17171,4300,-0.0,44,0.0,0.0,-0.0,0.0,-0.0,0,0,0,0,0.0,0,0,0,0,0,0,0,0,0,0,0,0,0,0,0,0,0,0,0,0,0,0,0,0,0,0,0,0,0,0,0,0,0,13,35,35,48,65476,420,65476,1,0,4,21553,0.0,-0.0,-0.0,0.0,0.0,0.0,0.0,0.0,0.0,0.0,0.0,0.0,0.0,0.0,0.0,0.0,0.0,0.0,0.0,0.0,0.0,2.004,3.697062548517736e+19,0.0,-0.0,-3.69707618246192e+19,0.0,0.0,0.0,0.0,6012.0,3.697199767568882e+19,0.0,0.0,107616344.0,0.0,107616272.0,0.0,0.0,2.004,2.004,222,-107614784.0,-152017934745600.0,0.0,0.0,0.0,0.0,0.0,0.0,0.0,0,0,0,1.454357583511278e+34,-1.9497216732658985e+33,0.0,0.0,0.0,-0.0,-1.2643926584811636e+29,-0.0,-0.0,-1.6088399901479823e+23,-0.0,571574848.0,0.0,0.0,0.0,-6.146298248345462e+29,0,1.3516416376850534e+27,222,0.0,444,-0.0,-0.0,2114,0,17110,13107,17112,0,17096,0,0,0,101,100,100,-0.0,64.3,-0.0,64.6,0.0,64.5,1,49,50,180,0,0,0,0,0.0,0.0,0.0,60.0,969974656.0,71.0,0.0,-812845826048.0,0.0,1070,0,1070,0,0,0,1070,0,1081,0,1000,0,646,0,648,0,643,0,676,0.032,1.0551537610161864e+22,0.0,0.0,64400,16813,0.603,-8.650667430314411e+33,-6.636524202102463e+19,-6.117,-1.4677592338261765e+25,-17596450.0,50.0,60.0,35,0.0,0.0,10.0,2.0,0.0,0.0,0.0,0.0,0.0,0.0,0.0,0.0,0.0,0.0,0.0,0.0,58.8,30,29,65532,26,65476,128,300,0,0,8,20529,65476,0,0,30147,60.0,0.0,10.0,10.0,2.0,0.0
2026-02-16T12:18:52,ERR,ERR,ERR,ERR,ERR,ERR,ERR,ERR,ERR,ERR,ERR,ERR,ERR,ERR,ERR,ERR,ERR,ERR,ERR,ERR,ERR,ERR,ERR,ERR,ERR,ERR,ERR,ERR,ERR,ERR,ERR,ERR,ERR,ERR,ERR,ERR,ERR,ERR,ERR,ERR,ERR,ERR,ERR,ERR,ERR,ERR,ERR,ERR,ERR,ERR,ERR,ERR,ERR,ERR,ERR,ERR,ERR,ERR,ERR,ERR,ERR,ERR,ERR,ERR,ERR,ERR,ERR,ERR,ERR,ERR,ERR,ERR,ERR,ERR,ERR,ERR,ERR,ERR,ERR,ERR,ERR,ERR,ERR,ERR,ERR,ERR,ERR,ERR,ERR,ERR,ERR,ERR,ERR,ERR,ERR,ERR,ERR,ERR,ERR,ERR,ERR,ERR,ERR,ERR,ERR,ERR,ERR,ERR,ERR,ERR,ERR,ERR,ERR,ERR,ERR,ERR,ERR,ERR,ERR,ERR,ERR,ERR,ERR,ERR,ERR,0.0,0.0,2.718405881574089e+23,-0.0,0.0,1.1392906577730683e+24,-1.619032335063384e+25,3313669.5,4300,0,8,17170,4300,-0.0,43,0.0,0.0,-0.0,0.0,-0.0,0,0,0,0,0.0,0,0,0,0,0,0,0,0,0,0,0,0,0,0,0,0,0,0,0,0,0,0,0,0,0,0,0,0,0,0,0,0,0,13,35,35,48,65476,422,65476,1,0,4,21553,0.0,0.0,3.681516260697875e+36,0.0,0.0,0.0,0.0,0.0,0.0,0.0,0.0,0.0,0.0,0.0,0.0,0.0,0.0,0.0,0.0,0.0,0.0,2.004,3.697062548517736e+19,0.0,-0.0,0.0,0.0,0.0,0.0,0.0,6001.0,-0.0,0.0,0.0,0.0,0.0,2.7184509175703625e+23,0.0,0.0,2.004,2.004,220,1.9056859227671757e+17,0.0,0.0,0.0,0.0,0.0,0.0,0.0,0.0,0,0,0,-0.0,-0.0,2356.215,1.2150077849227075e+27,11813744.0,0.0,0.0,-0.0,-0.0,-1.7505109846340717e+23,-0.0,626100800.0,0.0,0.0,0.0,0.0,0,1.3516416376850534e+27,220,0.0,440,0.0,-0.0,2114,0,17110,13107,17112,0,17096,0,0,0,101,100,100,-0.0,64.3,-0.0,64.6,0.0,64.5,1,49,50,180,0,0,0,0,0.0,0.0,0.0,60.0,969974656.0,71.0,0.0,-812845826048.0,0.0,1070,0,1070,0,0,0,1070,0,1081,0,1000,0,646,0,648,0,643,0,676,0.032,1.0551537610161864e+22,0.0,0.0,64400,16813,0.603,-8.650667430314411e+33,-6.636524202102463e+19,-6.117,-1.4677592338261765e+25,-17596450.0,50.0,60.0,35,0.0,0.0,10.0,2.0,0.0,0.0,0.0,0.0,0.0,0.0,0.0,0.0,0.0,0.0,0.0,0.0,58.8,30,29,65532,26,65476,128,300,0,0,8,20529,65476,0,0,30147,60.0,0.0,10.0,10.0,2.0,0.0
2026-02-16T12:18:53,ERR,ERR,ERR,ERR,ERR,ERR,ERR,ERR,ERR,ERR,ERR,ERR,ERR,ERR,ERR,ERR,ERR,ERR,ERR,ERR,ERR,ERR,ERR,ERR,ERR,ERR,ERR,ERR,ERR,ERR,ERR,ERR,ERR,ERR,ERR,ERR,ERR,ERR,ERR,ERR,ERR,ERR,ERR,ERR,ERR,ERR,ERR,ERR,ERR,ERR,ERR,ERR,ERR,ERR,ERR,ERR,ERR,ERR,ERR,ERR,ERR,ERR,ERR,ERR,ERR,ERR,ERR,ERR,ERR,ERR,ERR,ERR,ERR,ERR,ERR,ERR,ERR,ERR,ERR,ERR,ERR,ERR,ERR,ERR,ERR,ERR,ERR,ERR,ERR,ERR,ERR,ERR,ERR,ERR,ERR,ERR,ERR,ERR,ERR,ERR,ERR,ERR,ERR,ERR,ERR,ERR,ERR,ERR,ERR,ERR,ERR,ERR,ERR,ERR,ERR,ERR,ERR,ERR,ERR,ERR,ERR,ERR,ERR,ERR,ERR,0.0,0.0,2.718405881574089e+23,-0.0,0.0,1.1392906577730683e+24,-1.619032335063384e+25,3313669.5,4300,0,8,17170,4300,-0.0,43,0.0,0.0,-0.0,0.0,-0.0,0,0,0,0,0.0,0,0,0,0,0,0,0,0,0,0,0,0,0,0,0,0,0,0,0,0,0,0,0,0,0,0,0,0,0,0,0,0,0,13,35,35,48,65476,422,65476,1,0,4,21553,0.0,0.0,3.681516260697875e+36,0.0,0.0,0.0,0.0,0.0,0.0,0.0,0.0,0.0,0.0,0.0,0.0,0.0,0.0,0.0,0.0,0.0,0.0,2.004,3.697062548517736e+19,0.0,-0.0,0.0,0.0,0.0,0.0,0.0,6001.0,-0.0,0.0,0.0,0.0,0.0,2.7184509175703625e+23,0.0,0.0,2.004,2.004,220,1.9056859227671757e+17,0.0,0.0,0.0,0.0,0.0,0.0,0.0,0.0,0,0,0,-0.0,-0.0,2356.215,1.2150077849227075e+27,11813744.0,0.0,0.0,-0.0,-0.0,-1.7505109846340717e+23,-0.0,626100800.0,0.0,0.0,0.0,0.0,0,1.3516416376850534e+27,220,0.0,440,0.0,-0.0,2114,0,17110,13107,17112,0,17096,0,0,0,101,100,100,-0.0,64.3,-0.0,64.6,0.0,64.5,1,49,50,180,0,0,0,0,0.0,0.0,0.0,60.0,969974656.0,71.0,0.0,-812845826048.0,0.0,1070,0,1070,0,0,0,1070,0,1081,0,1000,0,646,0,648,0,643,0,676,0.032,1.0551537610161864e+22,0.0,0.0,64400,16813,0.603,-8.650667430314411e+33,-6.636524202102463e+19,-6.117,-1.4677592338261765e+25,-17596450.0,50.0,60.0,35,0.0,0.0,10.0,2.0,0.0,0.0,0.0,0.0,0.0,0.0,0.0,0.0,0.0,0.0,0.0,0.0,58.8,38,23,65524,26,65476,0,300,0,0,8,20529,65476,0,0,30147,60.0,0.0,10.0,10.0,2.0,0.0
2026-02-16T12:18:54,ERR,ERR,ERR,ERR,ERR,ERR,ERR,ERR,ERR,ERR,ERR,ERR,ERR,ERR,ERR,ERR,ERR,ERR,ERR,ERR,ERR,ERR,ERR,ERR,ERR,ERR,ERR,ERR,ERR,ERR,ERR,ERR,ERR,ERR,ERR,ERR,ERR,ERR,ERR,ERR,ERR,ERR,ERR,ERR,ERR,ERR,ERR,ERR,ERR,ERR,ERR,ERR,ERR,ERR,ERR,ERR,ERR,ERR,ERR,ERR,ERR,ERR,ERR,ERR,ERR,ERR,ERR,ERR,ERR,ERR,ERR,ERR,ERR,ERR,ERR,ERR,ERR,ERR,ERR,ERR,ERR,ERR,ERR,ERR,ERR,ERR,ERR,ERR,ERR,ERR,ERR,ERR,ERR,ERR,ERR,ERR,ERR,ERR,ERR,ERR,ERR,ERR,ERR,ERR,ERR,ERR,ERR,ERR,ERR,ERR,ERR,ERR,ERR,ERR,ERR,ERR,ERR,ERR,ERR,ERR,ERR,ERR,ERR,ERR,ERR,0.0,0.0,2.718405881574089e+23,-0.0,0.0,1.1392906577730683e+24,-1.619032335063384e+25,3313669.5,4300,0,8,17170,4300,-0.0,43,0.0,0.0,-0.0,0.0,-0.0,0,0,0,0,0.0,0,0,0,0,0,0,0,0,0,0,0,0,0,0,0,0,0,0,0,0,0,0,0,0,0,0,0,0,0,0,0,0,0,13,35,35,48,65476,422,65476,1,0,4,21553,0.0,0.0,3.681516260697875e+36,0.0,0.0,0.0,0.0,0.0,0.0,0.0,0.0,0.0,0.0,0.0,0.0,0.0,0.0,0.0,0.0,0.0,0.0,2.004,3.697062548517736e+19,0.0,-0.0,0.0,0.0,0.0,0.0,0.0,6001.0,-0.0,0.0,0.0,0.0,0.0,2.7184509175703625e+23,0.0,0.0,2.004,2.004,220,1.9056859227671757e+17,0.0,0.0,0.0,0.0,0.0,0.0,0.0,0.0,0,0,0,-0.0,-0.0,2356.215,1.2150077849227075e+27,11813744.0,0.0,0.0,-0.0,-0.0,-1.7505109846340717e+23,-0.0,626100800.0,0.0,0.0,0.0,0.0,0,1.3516416376850534e+27,220,0.0,440,0.0,-0.0,2114,0,17110,13107,17112,0,17096,0,0,0,101,100,100,-0.0,64.3,-0.0,64.6,0.0,64.5,1,49,50,180,0,0,0,0,0.0,0.0,0.0,60.0,969974656.0,71.0,0.0,-812845826048.0,0.0,1070,0,1070,0,0,0,1070,0,1081,0,1000,0,646,0,648,0,643,0,676,0.032,1.0551537610161864e+22,0.0,0.0,64400,16813,0.603,-8.650667430314411e+33,-6.636524202102463e+19,-6.117,-1.4677592338261765e+25,-17596450.0,50.0,60.0,35,0.0,0.0,10.0,2.0,0.0,0.0,0.0,0.0,0.0,0.0,0.0,0.0,0.0,0.0,0.0,0.0,58.8,38,23,65524,26,65476,0,300,0,0,8,20529,65476,0,0,30147,60.0,0.0,10.0,10.0,2.0,0.0
2026-02-16T12:18:55,ERR,ERR,ERR,ERR,ERR,ERR,ERR,ERR,ERR,ERR,ERR,ERR,ERR,ERR,ERR,ERR,ERR,ERR,ERR,ERR,ERR,ERR,ERR,ERR,ERR,ERR,ERR,ERR,ERR,ERR,ERR,ERR,ERR,ERR,ERR,ERR,ERR,ERR,ERR,ERR,ERR,ERR,ERR,ERR,ERR,ERR,ERR,ERR,ERR,ERR,ERR,ERR,ERR,ERR,ERR,ERR,ERR,ERR,ERR,ERR,ERR,ERR,ERR,ERR,ERR,ERR,ERR,ERR,ERR,ERR,ERR,ERR,ERR,ERR,ERR,ERR,ERR,ERR,ERR,ERR,ERR,ERR,ERR,ERR,ERR,ERR,ERR,ERR,ERR,ERR,ERR,ERR,ERR,ERR,ERR,ERR,ERR,ERR,ERR,ERR,ERR,ERR,ERR,ERR,ERR,ERR,ERR,ERR,ERR,ERR,ERR,ERR,ERR,ERR,ERR,ERR,ERR,ERR,ERR,ERR,ERR,ERR,ERR,ERR,ERR,0.0,0.0,2.718405881574089e+23,-0.0,0.0,1.1392906577730683e+24,-1.619032335063384e+25,3313669.5,4300,0,8,17170,4300,-0.0,43,0.0,0.0,-0.0,0.0,-0.0,0,0,0,0,0.0,0,0,0,0,0,0,0,0,0,0,0,0,0,0,0,0,0,0,0,0,0,0,0,0,0,0,0,0,0,0,0,0,0,13,35,35,48,65476,422,65476,1,0,4,21553,0.0,0.0,3.681516260697875e+36,0.0,0.0,0.0,0.0,0.0,0.0,0.0,0.0,0.0,0.0,0.0,0.0,0.0,0.0,0.0,0.0,0.0,0.0,2.004,3.697062548517736e+19,0.0,-0.0,0.0,0.0,0.0,0.0,0.0,6001.0,-0.0,0.0,0.0,0.0,0.0,2.7184509175703625e+23,0.0,0.0,2.004,2.004,220,1.9056859227671757e+17,0.0,0.0,0.0,0.0,0.0,0.0,0.0,0.0,0,0,0,-0.0,-0.0,2356.215,1.2150077849227075e+27,11813744.0,0.0,0.0,-0.0,-0.0,-1.7505109846340717e+23,-0.0,626100800.0,0.0,0.0,0.0,0.0,0,1.3516416376850534e+27,220,0.0,440,0.0,-0.0,2114,0,17110,13107,17112,0,17096,0,0,0,101,100,100,-0.0,64.3,-0.0,64.6,0.0,64.5,1,49,50,180,0,0,0,0,0.0,0.0,0.0,60.0,149170400.0,71.0,0.0,-0.0,0.0,1070,0,1070,0,0,0,1070,0,1081,0,1000,0,646,0,648,0,643,0,676,0.032,1.0551537610161864e+22,0.0,0.0,8976,16814,1771759730688.0,-0.0,-8.47805722228949e+17,-2.809,-1.9834893847058324e+25,-23887906.0,50.0,60.0,35,0.0,0.0,10.0,2.0,0.0,0.0,0.0,0.0,0.0,0.0,0.0,0.0,0.0,0.0,0.0,0.0,58.8,47,15,65515,26,65476,0,300,0,0,8,20529,65476,0,0,30147,60.0,0.0,10.0,10.0,2.0,0.0
2026-02-16T12:18:56,ERR,ERR,ERR,ERR,ERR,ERR,ERR,ERR,ERR,ERR,ERR,ERR,ERR,ERR,ERR,ERR,ERR,ERR,ERR,ERR,ERR,ERR,ERR,ERR,ERR,ERR,ERR,ERR,ERR,ERR,ERR,ERR,ERR,ERR,ERR,ERR,ERR,ERR,ERR,ERR,ERR,ERR,ERR,ERR,ERR,ERR,ERR,ERR,ERR,ERR,ERR,ERR,ERR,ERR,ERR,ERR,ERR,ERR,ERR,ERR,ERR,ERR,ERR,ERR,ERR,ERR,ERR,ERR,ERR,ERR,ERR,ERR,ERR,ERR,ERR,ERR,ERR,ERR,ERR,ERR,ERR,ERR,ERR,ERR,ERR,ERR,ERR,ERR,ERR,ERR,ERR,ERR,ERR,ERR,ERR,ERR,ERR,ERR,ERR,ERR,ERR,ERR,ERR,ERR,ERR,ERR,ERR,ERR,ERR,ERR,ERR,ERR,ERR,ERR,ERR,ERR,ERR,ERR,ERR,ERR,ERR,ERR,ERR,ERR,ERR,0.0,0.0,2.718405881574089e+23,-0.0,0.0,1.1392906577730683e+24,-1.619032335063384e+25,3313669.5,4300,0,8,17170,4300,-0.0,43,0.0,0.0,-0.0,0.0,-0.0,0,0,0,0,0.0,0,0,0,0,0,0,0,0,0,0,0,0,0,0,0,0,0,0,0,0,0,0,0,0,0,0,0,0,0,0,0,0,0,13,35,35,48,65476,422,65476,1,0,4,21553,0.0,0.0,3.681516260697875e+36,0.0,0.0,0.0,0.0,0.0,0.0,0.0,0.0,0.0,0.0,0.0,0.0,0.0,0.0,0.0,0.0,0.0,0.0,2.004,3.697062548517736e+19,0.0,-0.0,0.0,0.0,0.0,0.0,0.0,6001.0,-0.0,0.0,0.0,0.0,0.0,2.7184509175703625e+23,0.0,0.0,2.004,2.004,220,1.9056859227671757e+17,0.0,0.0,0.0,0.0,0.0,0.0,0.0,0.0,0,0,0,-0.0,-0.0,2356.215,1.2150077849227075e+27,11813744.0,0.0,0.0,-0.0,-0.0,-1.7505109846340717e+23,-0.0,626100800.0,0.0,0.0,0.0,0.0,0,1.3516416376850534e+27,220,0.0,440,0.0,-0.0,2114,0,17110,13107,17112,0,17096,0,0,0,101,100,100,-0.0,64.3,-0.0,64.6,0.0,64.5,1,49,50,180,0,0,0,0,0.0,0.0,0.0,60.0,149170400.0,71.0,0.0,-0.0,0.0,1070,0,1070,0,0,0,1070,0,1081,0,1000,0,646,0,648,0,643,0,676,0.032,1.0551537610161864e+22,0.0,0.0,8976,16814,1771759730688.0,-0.0,-8.47805722228949e+17,-2.809,-1.9834893847058324e+25,-23887906.0,50.0,60.0,35,0.0,0.0,10.0,2.0,0.0,0.0,0.0,0.0,0.0,0.0,0.0,0.0,0.0,0.0,0.0,0.0,58.8,51,13,65511,26,65476,0,300,0,0,8,20529,65476,0,0,30147,60.0,0.0,10.0,10.0,2.0,0.0
2026-02-16T12:18:57,ERR,ERR,ERR,ERR,ERR,ERR,ERR,ERR,ERR,ERR,ERR,ERR,ERR,ERR,ERR,ERR,ERR,ERR,ERR,ERR,ERR,ERR,ERR,ERR,ERR,ERR,ERR,ERR,ERR,ERR,ERR,ERR,ERR,ERR,ERR,ERR,ERR,ERR,ERR,ERR,ERR,ERR,ERR,ERR,ERR,ERR,ERR,ERR,ERR,ERR,ERR,ERR,ERR,ERR,ERR,ERR,ERR,ERR,ERR,ERR,ERR,ERR,ERR,ERR,ERR,ERR,ERR,ERR,ERR,ERR,ERR,ERR,ERR,ERR,ERR,ERR,ERR,ERR,ERR,ERR,ERR,ERR,ERR,ERR,ERR,ERR,ERR,ERR,ERR,ERR,ERR,ERR,ERR,ERR,ERR,ERR,ERR,ERR,ERR,ERR,ERR,ERR,ERR,ERR,ERR,ERR,ERR,ERR,ERR,ERR,ERR,ERR,ERR,ERR,ERR,ERR,ERR,ERR,ERR,ERR,ERR,ERR,ERR,ERR,ERR,0.0,0.0,2.718405881574089e+23,-0.0,0.0,4.191302295274413e+31,-6.68858041395998e+37,0.055,4300,0,8,17170,4300,-0.0,43,0.0,0.0,-0.0,0.0,-0.0,0,0,0,0,0.0,0,0,0,0,0,0,0,0,0,0,0,0,0,0,0,0,0,0,0,0,0,0,0,0,0,0,0,0,0,0,0,0,0,13,35,35,48,65476,422,65476,1,0,4,21553,0.0,2.7183305813883192e+23,3.1571772704146063e+18,0.0,0.0,0.0,0.0,0.0,0.0,0.0,0.0,0.0,0.0,0.0,0.0,0.0,0.0,0.0,0.0,0.0,0.0,2.004,3.697062548517736e+19,0.0,-0.0,0.0,0.0,0.0,0.0,0.0,5998.0,-2.004,0.0,0.0,0.0,0.0,2.7184509175703625e+23,-0.0,0.0,2.004,2.004,220,0.0,126840864768.0,0.0,0.0,0.0,0.0,0.0,0.0,0.0,0,0,0,-0.0,71005184000.0,3.528187502076457e+21,-0.0,192704176717824.0,-0.0,nan,-239362080.0,0.0,-1.892181979120161e+23,-0.0,680626752.0,0.0,0.0,0.0,0.0,0,1.3516416376850534e+27,222,0.0,444,0.0,-0.0,2114,0,17110,13107,17112,0,17096,0,0,0,101,100,100,-0.0,64.3,-0.0,64.6,0.0,64.5,1,49,50,180,0,0,0,0,0.0,0.0,0.0,60.0,149170400.0,71.0,0.0,-0.0,0.0,1070,0,1070,0,0,0,1070,0,1081,0,1000,0,646,0,648,0,643,0,676,0.032,1.0551537610161864e+22,0.0,0.0,8976,16814,1771759730688.0,-0.0,-8.47805722228949e+17,-2.809,-1.9834893847058324e+25,-23887906.0,50.0,60.0,35,0.0,0.0,10.0,2.0,0.0,0.0,0.0,0.0,0.0,0.0,0.0,0.0,0.0,0.0,0.0,0.0,58.8,51,13,65511,26,65476,0,300,0,0,8,20529,65476,0,0,30147,60.0,0.0,10.0,10.0,2.0,0.0
2026-02-16T12:18:58,ERR,ERR,ERR,ERR,ERR,ERR,ERR,ERR,ERR,ERR,ERR,ERR,ERR,ERR,ERR,ERR,ERR,ERR,ERR,ERR,ERR,ERR,ERR,ERR,ERR,ERR,ERR,ERR,ERR,ERR,ERR,ERR,ERR,ERR,ERR,ERR,ERR,ERR,ERR,ERR,ERR,ERR,ERR,ERR,ERR,ERR,ERR,ERR,ERR,ERR,ERR,ERR,ERR,ERR,ERR,ERR,ERR,ERR,ERR,ERR,ERR,ERR,ERR,ERR,ERR,ERR,ERR,ERR,ERR,ERR,ERR,ERR,ERR,ERR,ERR,ERR,ERR,ERR,ERR,ERR,ERR,ERR,ERR,ERR,ERR,ERR,ERR,ERR,ERR,ERR,ERR,ERR,ERR,ERR,ERR,ERR,ERR,ERR,ERR,ERR,ERR,ERR,ERR,ERR,ERR,ERR,ERR,ERR,ERR,ERR,ERR,ERR,ERR,ERR,ERR,ERR,ERR,ERR,ERR,ERR,ERR,ERR,ERR,ERR,ERR,0.0,0.0,2.718405881574089e+23,-0.0,0.0,4.191302295274413e+31,-6.68858041395998e+37,0.055,4300,0,8,17170,4300,-0.0,43,0.0,0.0,-0.0,0.0,-0.0,0,0,0,0,0.0,0,0,0,0,0,0,0,0,0,0,0,0,0,0,0,0,0,0,0,0,0,0,0,0,0,0,0,0,0,0,0,0,0,13,35,35,48,65476,422,65476,1,0,4,21553,0.0,2.7183305813883192e+23,3.1571772704146063e+18,0.0,0.0,0.0,0.0,0.0,0.0,0.0,0.0,0.0,0.0,0.0,0.0,0.0,0.0,0.0,0.0,0.0,0.0,2.004,3.697062548517736e+19,0.0,-0.0,0.0,0.0,0.0,0.0,0.0,5998.0,-2.004,0.0,0.0,0.0,0.0,2.7184509175703625e+23,-0.0,0.0,2.004,2.004,220,0.0,126840864768.0,0.0,0.0,0.0,0.0,0.0,0.0,0.0,0,0,0,-0.0,71005184000.0,3.528187502076457e+21,-0.0,192704176717824.0,-0.0,nan,-239362080.0,0.0,-1.892181979120161e+23,-0.0,680626752.0,0.0,0.0,0.0,0.0,0,1.3516416376850534e+27,222,0.0,444,0.0,-0.0,2114,0,17110,13107,17112,0,17096,0,0,0,101,100,100,-0.0,64.3,-0.0,64.6,0.0,64.5,1,49,50,180,52429,0,0,0,0.0,0.0,0.0,60.0,1427537.75,71.0,0.0,-718297280.0,0.0,1069,0,1070,0,0,0,1070,0,1081,0,1000,0,646,0,648,0,643,0,676,0.032,1.0551537610161864e+22,0.0,0.0,2320,16814,1427537.75,-718297280.0,-2.6166037530080707e+18,-44.938,-5.90319675833851e+24,-8667153.0,50.0,60.0,35,0.0,0.0,10.0,2.0,0.0,0.0,0.0,0.0,0.0,0.0,0.0,0.0,0.0,0.0,0.0,0.0,59.2,56,10,65506,26,65476,0,300,0,0,8,20529,65476,0,0,30147,60.0,0.0,10.0,10.0,2.0,0.0
2026-02-16T12:18:59,ERR,ERR,ERR,ERR,ERR,ERR,ERR,ERR,ERR,ERR,ERR,ERR,ERR,ERR,ERR,ERR,ERR,ERR,ERR,ERR,ERR,ERR,ERR,ERR,ERR,ERR,ERR,ERR,ERR,ERR,ERR,ERR,ERR,ERR,ERR,ERR,ERR,ERR,ERR,ERR,ERR,ERR,ERR,ERR,ERR,ERR,ERR,ERR,ERR,ERR,ERR,ERR,ERR,ERR,ERR,ERR,ERR,ERR,ERR,ERR,ERR,ERR,ERR,ERR,ERR,ERR,ERR,ERR,ERR,ERR,ERR,ERR,ERR,ERR,ERR,ERR,ERR,ERR,ERR,ERR,ERR,ERR,ERR,ERR,ERR,ERR,ERR,ERR,ERR,ERR,ERR,ERR,ERR,ERR,ERR,ERR,ERR,ERR,ERR,ERR,ERR,ERR,ERR,ERR,ERR,ERR,ERR,ERR,ERR,ERR,ERR,ERR,ERR,ERR,ERR,ERR,ERR,ERR,ERR,ERR,ERR,ERR,ERR,ERR,ERR,0.0,0.0,2.718405881574089e+23,-0.0,0.0,4.191302295274413e+31,-6.68858041395998e+37,0.055,4300,0,8,17170,4300,-0.0,43,0.0,0.0,-0.0,0.0,-0.0,0,0,0,0,0.0,0,0,0,0,0,0,0,0,0,0,0,0,0,0,0,0,0,0,0,0,0,0,0,0,0,0,0,0,0,0,0,0,0,13,35,35,48,65476,422,65476,1,0,4,21553,0.0,2.7183305813883192e+23,3.1571772704146063e+18,0.0,0.0,0.0,0.0,0.0,0.0,0.0,0.0,0.0,0.0,0.0,0.0,0.0,0.0,0.0,0.0,0.0,0.0,2.004,3.697062548517736e+19,0.0,-0.0,0.0,0.0,0.0,0.0,0.0,5998.0,-2.004,0.0,0.0,0.0,0.0,2.7184509175703625e+23,-0.0,0.0,2.004,2.004,220,0.0,126840864768.0,0.0,0.0,0.0,0.0,0.0,0.0,0.0,0,0,0,-0.0,71005184000.0,3.528187502076457e+21,-0.0,192704176717824.0,-0.0,nan,-239362080.0,0.0,-1.892181979120161e+23,-0.0,680626752.0,0.0,0.0,0.0,0.0,0,1.3516416376850534e+27,222,0.0,444,0.0,-0.0,2114,0,17110,13107,17112,0,17096,0,0,0,101,100,100,-0.0,64.3,-0.0,64.6,0.0,64.5,1,49,50,180,52429,0,0,0,0.0,0.0,0.0,60.0,1427537.75,71.0,0.0,-718297280.0,0.0,1069,0,1070,0,0,0,1070,0,1081,0,1000,0,646,0,648,0,643,0,676,0.032,1.0551537610161864e+22,0.0,0.0,2320,16814,1427537.75,-718297280.0,-2.6166037530080707e+18,-44.938,-5.90319675833851e+24,-8667153.0,50.0,60.0,35,0.0,0.0,10.0,2.0,0.0,0.0,0.0,0.0,0.0,0.0,0.0,0.0,0.0,0.0,0.0,0.0,58.8,57,9,65505,26,65476,0,300,0,0,8,20529,65476,0,0,30147,60.0,0.0,10.0,10.0,2.0,0.0
2026-02-16T12:19:00,ERR,ERR,ERR,ERR,ERR,ERR,ERR,ERR,ERR,ERR,ERR,ERR,ERR,ERR,ERR,ERR,ERR,ERR,ERR,ERR,ERR,ERR,ERR,ERR,ERR,ERR,ERR,ERR,ERR,ERR,ERR,ERR,ERR,ERR,ERR,ERR,ERR,ERR,ERR,ERR,ERR,ERR,ERR,ERR,ERR,ERR,ERR,ERR,ERR,ERR,ERR,ERR,ERR,ERR,ERR,ERR,ERR,ERR,ERR,ERR,ERR,ERR,ERR,ERR,ERR,ERR,ERR,ERR,ERR,ERR,ERR,ERR,ERR,ERR,ERR,ERR,ERR,ERR,ERR,ERR,ERR,ERR,ERR,ERR,ERR,ERR,ERR,ERR,ERR,ERR,ERR,ERR,ERR,ERR,ERR,ERR,ERR,ERR,ERR,ERR,ERR,ERR,ERR,ERR,ERR,ERR,ERR,ERR,ERR,ERR,ERR,ERR,ERR,ERR,ERR,ERR,ERR,ERR,ERR,ERR,ERR,ERR,ERR,ERR,ERR,0.0,0.0,2.718405881574089e+23,-0.0,0.0,4.191302295274413e+31,-6.68858041395998e+37,0.055,4300,0,8,17170,4300,-0.0,43,0.0,0.0,-0.0,0.0,-0.0,0,0,0,0,0.0,0,0,0,0,0,0,0,0,0,0,0,0,0,0,0,0,0,0,0,0,0,0,0,0,0,0,0,0,0,0,0,0,0,13,35,35,48,65476,422,65476,1,0,4,21553,0.0,2.7183305813883192e+23,3.1571772704146063e+18,0.0,0.0,0.0,0.0,0.0,0.0,0.0,0.0,0.0,0.0,0.0,0.0,0.0,0.0,0.0,0.0,0.0,0.0,2.004,3.697062548517736e+19,0.0,-0.0,0.0,0.0,0.0,0.0,0.0,5998.0,-2.004,0.0,0.0,0.0,0.0,2.7184509175703625e+23,-0.0,0.0,2.004,2.004,220,0.0,126840864768.0,0.0,0.0,0.0,0.0,0.0,0.0,0.0,0,0,0,-0.0,71005184000.0,3.528187502076457e+21,-0.0,192704176717824.0,-0.0,nan,-239362080.0,0.0,-1.892181979120161e+23,-0.0,680626752.0,0.0,0.0,0.0,0.0,0,1.3516416376850534e+27,222,0.0,444,0.0,-0.0,2114,0,17110,13107,17112,0,17096,0,0,0,101,100,100,-0.0,64.3,-0.0,64.6,0.0,64.5,1,49,50,180,52429,0,0,0,0.0,0.0,0.0,60.0,1427537.75,71.0,0.0,-718297280.0,0.0,1069,0,1070,0,0,0,1070,0,1081,0,1000,0,646,0,648,0,643,0,676,0.032,1.0551537610161864e+22,0.0,0.0,2320,16814,1427537.75,-718297280.0,-2.6166037530080707e+18,-44.938,-5.90319675833851e+24,-8667153.0,50.0,60.0,35,0.0,0.0,10.0,2.0,0.0,0.0,0.0,0.0,0.0,0.0,0.0,0.0,0.0,0.0,0.0,0.0,58.8,57,9,65505,26,65476,0,300,0,0,8,20529,65476,0,0,30147,60.0,0.0,10.0,10.0,2.0,0.0
2026-02-16T12:19:01,ERR,ERR,ERR,ERR,ERR,ERR,ERR,ERR,ERR,ERR,ERR,ERR,ERR,ERR,ERR,ERR,ERR,ERR,ERR,ERR,ERR,ERR,ERR,ERR,ERR,ERR,ERR,ERR,ERR,ERR,ERR,ERR,ERR,ERR,ERR,ERR,ERR,ERR,ERR,ERR,ERR,ERR,ERR,ERR,ERR,ERR,ERR,ERR,ERR,ERR,ERR,ERR,ERR,ERR,ERR,ERR,ERR,ERR,ERR,ERR,ERR,ERR,ERR,ERR,ERR,ERR,ERR,ERR,ERR,ERR,ERR,ERR,ERR,ERR,ERR,ERR,ERR,ERR,ERR,ERR,ERR,ERR,ERR,ERR,ERR,ERR,ERR,ERR,ERR,ERR,ERR,ERR,ERR,ERR,ERR,ERR,ERR,ERR,ERR,ERR,ERR,ERR,ERR,ERR,ERR,ERR,ERR,ERR,ERR,ERR,ERR,ERR,ERR,ERR,ERR,ERR,ERR,ERR,ERR,ERR,ERR,ERR,ERR,ERR,ERR,0.0,0.0,2.718405881574089e+23,-0.0,0.0,4.191302295274413e+31,-6.68858041395998e+37,0.055,4300,0,8,17170,4300,-0.0,43,0.0,0.0,-0.0,0.0,-0.0,0,0,0,0,0.0,0,0,0,0,0,0,0,0,0,0,0,0,0,0,0,0,0,0,0,0,0,0,0,0,0,0,0,0,0,0,0,0,0,13,35,35,48,65476,422,65476,1,0,4,21553,0.0,2.7183305813883192e+23,3.1571772704146063e+18,0.0,0.0,0.0,0.0,0.0,0.0,0.0,0.0,0.0,0.0,0.0,0.0,0.0,0.0,0.0,0.0,0.0,0.0,2.004,3.697062548517736e+19,0.0,-0.0,0.0,0.0,0.0,0.0,0.0,5998.0,-2.004,0.0,0.0,0.0,0.0,2.7184509175703625e+23,-0.0,0.0,2.004,2.004,220,0.0,126840864768.0,0.0,0.0,0.0,0.0,0.0,0.0,0.0,0,0,0,-0.0,71005184000.0,3.528187502076457e+21,-0.0,192704176717824.0,-0.0,nan,-239362080.0,0.0,-1.892181979120161e+23,-0.0,680626752.0,0.0,0.0,0.0,0.0,0,1.3516416376850534e+27,222,0.0,444,0.0,-0.0,2114,0,17110,13107,17112,0,17096,0,0,0,101,100,100,-0.0,64.3,-0.0,64.7,0.0,64.5,1,49,50,180,52429,0,0,0,0.0,0.0,0.0,60.0,1691136661913600.0,71.0,0.0,-0.0,0.0,1069,0,1070,0,0,0,1070,0,1081,0,1000,0,646,0,648,0,643,0,676,0.032,1.0551537610161864e+22,0.0,0.0,61712,16813,1691136661913600.0,-228981260288.0,0.0,7172369920.0,0.0,-1.2775561757164058e+31,50.0,60.0,35,0.0,0.0,10.0,2.0,0.0,0.0,0.0,0.0,0.0,0.0,0.0,0.0,0.0,0.0,0.0,0.0,58.8,56,10,65506,26,65476,0,300,0,0,8,20529,65476,0,0,30147,60.0,0.0,10.0,10.0,2.0,0.0
2026-02-16T12:19:02,ERR,ERR,ERR,ERR,ERR,ERR,ERR,ERR,ERR,ERR,ERR,ERR,ERR,ERR,ERR,ERR,ERR,ERR,ERR,ERR,ERR,ERR,ERR,ERR,ERR,ERR,ERR,ERR,ERR,ERR,ERR,ERR,ERR,ERR,ERR,ERR,ERR,ERR,ERR,ERR,ERR,ERR,ERR,ERR,ERR,ERR,ERR,ERR,ERR,ERR,ERR,ERR,ERR,ERR,ERR,ERR,ERR,ERR,ERR,ERR,ERR,ERR,ERR,ERR,ERR,ERR,ERR,ERR,ERR,ERR,ERR,ERR,ERR,ERR,ERR,ERR,ERR,ERR,ERR,ERR,ERR,ERR,ERR,ERR,ERR,ERR,ERR,ERR,ERR,ERR,ERR,ERR,ERR,ERR,ERR,ERR,ERR,ERR,ERR,ERR,ERR,ERR,ERR,ERR,ERR,ERR,ERR,ERR,ERR,ERR,ERR,ERR,ERR,ERR,ERR,ERR,ERR,ERR,ERR,ERR,ERR,ERR,ERR,ERR,ERR,0.0,0.0,0.0,-0.0,-8401.889,-5.383,4.2415193576649285e+37,7.319072300055735e+37,4300,0,8,17170,4300,14655014567936.0,43,0.0,0.0,-0.0,0.0,-107090432.0,0,0,0,0,0.0,0,0,0,0,0,0,0,0,0,0,0,0,0,0,0,0,0,0,0,0,0,0,0,0,0,0,0,0,0,0,0,0,0,13,35,35,48,65476,424,65476,1,0,4,21553,0.0,2.7183305813883192e+23,-0.0,0.0,0.0,0.0,0.0,0.0,0.0,0.0,0.0,0.0,0.0,0.0,0.0,0.0,0.0,0.0,0.0,0.0,0.0,2.004,3.697062548517736e+19,-3.697081020313082e+19,-0.0,0.0,0.0,0.0,0.0,0.0,6020.0,0.0,0.0,0.0,0.0,0.0,107616272.0,0.0,0.0,2.004,2.004,221,-152017263656960.0,-152017951522816.0,0.0,0.0,0.0,0.0,0.0,0.0,0.0,0,0,0,-0.0,-15548906.0,7.503301696352914e+25,4.6445116631967334e+17,5.197637755101774e+18,-0.0,-0.0,1.1078202299175512e+26,-0.0,-2.0456588898134245e+23,-0.0,726764096.0,0.0,0.0,0.0,-4.366980493958844e+32,0,1.3516416376850534e+27,221,0.0,442,-0.0,-1.6663068851987142e+30,2114,0,17110,13107,17112,0,17096,0,0,0,101,100,100,-0.0,64.3,-0.0,64.7,0.0,64.5,1,49,50,180,52429,0,0,0,0.0,0.0,0.0,60.0,1691136661913600.0,71.0,0.0,-0.0,0.0,1069,0,1070,0,0,0,1070,0,1081,0,1000,0,646,0,648,0,643,0,676,0.032,1.0551537610161864e+22,0.0,0.0,61712,16813,1691136661913600.0,-228981260288.0,0.0,7172369920.0,0.0,-1.2775561757164058e+31,50.0,60.0,35,0.0,0.0,10.0,2.0,0.0,0.0,0.0,0.0,0.0,0.0,0.0,0.0,0.0,0.0,0.0,0.0,58.8,56,10,65506,26,65476,0,300,0,0,8,20529,65476,0,0,30147,60.0,0.0,10.0,10.0,2.0,0.0
2026-02-16T12:19:03,ERR,ERR,ERR,ERR,ERR,ERR,ERR,ERR,ERR,ERR,ERR,ERR,ERR,ERR,ERR,ERR,ERR,ERR,ERR,ERR,ERR,ERR,ERR,ERR,ERR,ERR,ERR,ERR,ERR,ERR,ERR,ERR,ERR,ERR,ERR,ERR,ERR,ERR,ERR,ERR,ERR,ERR,ERR,ERR,ERR,ERR,ERR,ERR,ERR,ERR,ERR,ERR,ERR,ERR,ERR,ERR,ERR,ERR,ERR,ERR,ERR,ERR,ERR,ERR,ERR,ERR,ERR,ERR,ERR,ERR,ERR,ERR,ERR,ERR,ERR,ERR,ERR,ERR,ERR,ERR,ERR,ERR,ERR,ERR,ERR,ERR,ERR,ERR,ERR,ERR,ERR,ERR,ERR,ERR,ERR,ERR,ERR,ERR,ERR,ERR,ERR,ERR,ERR,ERR,ERR,ERR,ERR,ERR,ERR,ERR,ERR,ERR,ERR,ERR,ERR,ERR,ERR,ERR,ERR,ERR,ERR,ERR,ERR,ERR,ERR,0.0,0.0,0.0,-0.0,-8401.889,-5.383,4.2415193576649285e+37,7.319072300055735e+37,4300,0,8,17170,4300,14655014567936.0,43,0.0,0.0,-0.0,0.0,-107090432.0,0,0,0,0,0.0,0,0,0,0,0,0,0,0,0,0,0,0,0,0,0,0,0,0,0,0,0,0,0,0,0,0,0,0,0,0,0,0,0,13,35,35,48,65476,424,65476,1,0,4,21553,0.0,2.7183305813883192e+23,-0.0,0.0,0.0,0.0,0.0,0.0,0.0,0.0,0.0,0.0,0.0,0.0,0.0,0.0,0.0,0.0,0.0,0.0,0.0,2.004,3.697062548517736e+19,-3.697081020313082e+19,-0.0,0.0,0.0,0.0,0.0,0.0,6020.0,0.0,0.0,0.0,0.0,0.0,107616272.0,0.0,0.0,2.004,2.004,221,-152017263656960.0,-152017951522816.0,0.0,0.0,0.0,0.0,0.0,0.0,0.0,0,0,0,-0.0,-15548906.0,7.503301696352914e+25,4.6445116631967334e+17,5.197637755101774e+18,-0.0,-0.0,1.1078202299175512e+26,-0.0,-2.0456588898134245e+23,-0.0,726764096.0,0.0,0.0,0.0,-4.366980493958844e+32,0,1.3516416376850534e+27,221,0.0,442,-0.0,-1.6663068851987142e+30,2114,0,17110,13107,17112,0,17096,0,0,0,101,100,100,-0.0,64.3,-0.0,64.7,0.0,64.5,1,49,50,180,52429,0,0,0,0.0,0.0,0.0,60.0,1691136661913600.0,71.0,0.0,-0.0,0.0,1069,0,1070,0,0,0,1070,0,1081,0,1000,0,646,0,648,0,643,0,676,0.032,1.0551537610161864e+22,0.0,0.0,61712,16813,1691136661913600.0,-228981260288.0,0.0,7172369920.0,0.0,-1.2775561757164058e+31,50.0,60.0,35,0.0,0.0,10.0,2.0,0.0,0.0,0.0,0.0,0.0,0.0,0.0,0.0,0.0,0.0,0.0,0.0,58.8,56,10,65506,26,65476,0,300,0,0,8,20529,65476,0,0,30147,60.0,0.0,10.0,10.0,2.0,0.0
2026-02-16T12:19:04,ERR,ERR,ERR,ERR,ERR,ERR,ERR,ERR,ERR,ERR,ERR,ERR,ERR,ERR,ERR,ERR,ERR,ERR,ERR,ERR,ERR,ERR,ERR,ERR,ERR,ERR,ERR,ERR,ERR,ERR,ERR,ERR,ERR,ERR,ERR,ERR,ERR,ERR,ERR,ERR,ERR,ERR,ERR,ERR,ERR,ERR,ERR,ERR,ERR,ERR,ERR,ERR,ERR,ERR,ERR,ERR,ERR,ERR,ERR,ERR,ERR,ERR,ERR,ERR,ERR,ERR,ERR,ERR,ERR,ERR,ERR,ERR,ERR,ERR,ERR,ERR,ERR,ERR,ERR,ERR,ERR,ERR,ERR,ERR,ERR,ERR,ERR,ERR,ERR,ERR,ERR,ERR,ERR,ERR,ERR,ERR,ERR,ERR,ERR,ERR,ERR,ERR,ERR,ERR,ERR,ERR,ERR,ERR,ERR,ERR,ERR,ERR,ERR,ERR,ERR,ERR,ERR,ERR,ERR,ERR,ERR,ERR,ERR,ERR,ERR,0.0,0.0,0.0,-0.0,-8401.889,-5.383,4.2415193576649285e+37,7.319072300055735e+37,4300,0,8,17170,4300,14655014567936.0,43,0.0,0.0,-0.0,0.0,-107090432.0,0,0,0,0,0.0,0,0,0,0,0,0,0,0,0,0,0,0,0,0,0,0,0,0,0,0,0,0,0,0,0,0,0,0,0,0,0,0,0,13,35,35,48,65476,424,65476,1,0,4,21553,0.0,2.7183305813883192e+23,-0.0,0.0,0.0,0.0,0.0,0.0,0.0,0.0,0.0,0.0,0.0,0.0,0.0,0.0,0.0,0.0,0.0,0.0,0.0,2.004,3.697062548517736e+19,-3.697081020313082e+19,-0.0,0.0,0.0,0.0,0.0,0.0,6020.0,0.0,0.0,0.0,0.0,0.0,107616272.0,0.0,0.0,2.004,2.004,221,-152017263656960.0,-152017951522816.0,0.0,0.0,0.0,0.0,0.0,0.0,0.0,0,0,0,-0.0,-15548906.0,7.503301696352914e+25,4.6445116631967334e+17,5.197637755101774e+18,-0.0,-0.0,1.1078202299175512e+26,-0.0,-2.0456588898134245e+23,-0.0,726764096.0,0.0,0.0,0.0,-4.366980493958844e+32,0,1.3516416376850534e+27,221,0.0,442,-0.0,-1.6663068851987142e+30,2114,0,17110,13107,17112,0,17096,0,0,0,101,100,100,-0.0,64.3,-0.0,64.7,0.0,64.5,1,49,50,180,52429,0,0,0,0.0,0.0,0.0,60.0,1691136661913600.0,71.0,0.0,-0.0,0.0,1069,0,1070,0,0,0,1070,0,1081,0,1000,0,646,0,648,0,643,0,676,0.032,1.0551537610161864e+22,0.0,0.0,61712,16813,1691136661913600.0,-228981260288.0,0.0,7172369920.0,0.0,-1.2775561757164058e+31,50.0,60.0,35,0.0,0.0,10.0,2.0,0.0,0.0,0.0,0.0,0.0,0.0,0.0,0.0,0.0,0.0,0.0,0.0,58.8,55,10,65507,26,65476,0,300,0,0,8,20529,65476,0,0,30147,60.0,0.0,10.0,10.0,2.0,0.0
2026-02-16T12:19:05,ERR,ERR,ERR,ERR,ERR,ERR,ERR,ERR,ERR,ERR,ERR,ERR,ERR,ERR,ERR,ERR,ERR,ERR,ERR,ERR,ERR,ERR,ERR,ERR,ERR,ERR,ERR,ERR,ERR,ERR,ERR,ERR,ERR,ERR,ERR,ERR,ERR,ERR,ERR,ERR,ERR,ERR,ERR,ERR,ERR,ERR,ERR,ERR,ERR,ERR,ERR,ERR,ERR,ERR,ERR,ERR,ERR,ERR,ERR,ERR,ERR,ERR,ERR,ERR,ERR,ERR,ERR,ERR,ERR,ERR,ERR,ERR,ERR,ERR,ERR,ERR,ERR,ERR,ERR,ERR,ERR,ERR,ERR,ERR,ERR,ERR,ERR,ERR,ERR,ERR,ERR,ERR,ERR,ERR,ERR,ERR,ERR,ERR,ERR,ERR,ERR,ERR,ERR,ERR,ERR,ERR,ERR,ERR,ERR,ERR,ERR,ERR,ERR,ERR,ERR,ERR,ERR,ERR,ERR,ERR,ERR,ERR,ERR,ERR,ERR,0.0,0.0,0.0,-0.0,-8401.889,-5.383,4.2415193576649285e+37,7.319072300055735e+37,4300,0,8,17170,4300,14655014567936.0,43,0.0,0.0,-0.0,0.0,-107090432.0,0,0,0,0,0.0,0,0,0,0,0,0,0,0,0,0,0,0,0,0,0,0,0,0,0,0,0,0,0,0,0,0,0,0,0,0,0,0,0,13,35,35,48,65476,424,65476,1,0,4,21553,0.0,2.7183305813883192e+23,-0.0,0.0,0.0,0.0,0.0,0.0,0.0,0.0,0.0,0.0,0.0,0.0,0.0,0.0,0.0,0.0,0.0,0.0,0.0,2.004,3.697062548517736e+19,-3.697081020313082e+19,-0.0,0.0,0.0,0.0,0.0,0.0,6020.0,0.0,0.0,0.0,0.0,0.0,107616272.0,0.0,0.0,2.004,2.004,221,-152017263656960.0,-152017951522816.0,0.0,0.0,0.0,0.0,0.0,0.0,0.0,0,0,0,-0.0,-15548906.0,7.503301696352914e+25,4.6445116631967334e+17,5.197637755101774e+18,-0.0,-0.0,1.1078202299175512e+26,-0.0,-2.0456588898134245e+23,-0.0,726764096.0,0.0,0.0,0.0,-4.366980493958844e+32,0,1.3516416376850534e+27,221,0.0,442,-0.0,-1.6663068851987142e+30,2114,0,17110,13107,17112,0,17096,0,0,0,101,100,100,-0.0,64.3,-0.0,64.6,0.0,64.5,1,49,50,180,52429,0,0,0,0.0,0.0,0.0,60.0,0.0,71.0,0.0,1579200896.0,0.0,1069,0,1070,0,0,0,1070,0,1081,0,1000,0,646,0,648,0,643,0,676,0.032,1.0551537610161864e+22,0.0,0.0,144,16814,1026.08,213948874752.0,7.935229652857964e+29,-2289718.0,2.2407340330177034e+30,2.4642784047139705e+28,50.0,60.0,35,0.0,0.0,10.0,2.0,0.0,0.0,0.0,0.0,0.0,0.0,0.0,0.0,0.0,0.0,0.0,0.0,58.8,55,10,65507,26,65476,0,300,0,0,8,20529,65476,0,0,30147,60.0,0.0,10.0,10.0,2.0,0.0
2026-02-16T12:19:06,ERR,ERR,ERR,ERR,ERR,ERR,ERR,ERR,ERR,ERR,ERR,ERR,ERR,ERR,ERR,ERR,ERR,ERR,ERR,ERR,ERR,ERR,ERR,ERR,ERR,ERR,ERR,ERR,ERR,ERR,ERR,ERR,ERR,ERR,ERR,ERR,ERR,ERR,ERR,ERR,ERR,ERR,ERR,ERR,ERR,ERR,ERR,ERR,ERR,ERR,ERR,ERR,ERR,ERR,ERR,ERR,ERR,ERR,ERR,ERR,ERR,ERR,ERR,ERR,ERR,ERR,ERR,ERR,ERR,ERR,ERR,ERR,ERR,ERR,ERR,ERR,ERR,ERR,ERR,ERR,ERR,ERR,ERR,ERR,ERR,ERR,ERR,ERR,ERR,ERR,ERR,ERR,ERR,ERR,ERR,ERR,ERR,ERR,ERR,ERR,ERR,ERR,ERR,ERR,ERR,ERR,ERR,ERR,ERR,ERR,ERR,ERR,ERR,ERR,ERR,ERR,ERR,ERR,ERR,ERR,ERR,ERR,ERR,ERR,ERR,0.0,0.0,0.0,-0.0,-8401.889,-0.001,1.9828999557153565e+31,-0.0,4300,0,8,17169,4300,14655014567936.0,42,0.0,0.0,-0.0,0.0,-107090432.0,0,0,0,0,0.0,0,0,0,0,0,0,0,0,0,0,0,0,0,0,0,0,0,0,0,0,0,0,0,0,0,0,0,0,0,0,0,0,0,12,36,36,48,65476,423,65476,1,0,4,21553,0.0,2.7183305813883192e+23,-0.0,0.0,0.0,0.0,0.0,0.0,0.0,0.0,0.0,0.0,0.0,0.0,0.0,0.0,0.0,0.0,0.0,0.0,0.0,2.004,3.697062548517736e+19,-2.004,-0.0,-3.69707618246192e+19,0.0,0.0,0.0,0.0,6048.0,131350.953,0.0,0.0,0.0,0.0,107616272.0,-0.0,0.0,2.004,2.004,221,-0.0,89220.891,0.0,0.0,0.0,0.0,0.0,0.0,0.0,0,0,0,-0.0,-0.0,3.056518501898045e+25,-7.264030211557703e+32,3294373060018176.0,-0.0,6.147960010741556e+26,-1.0640811025214996e+18,0.0,-2.1755239680923398e+23,-0.0,781290048.0,0.0,0.0,0.0,0.0,0,1.3516416376850534e+27,221,0.0,442,-0.0,634435724640256.0,2114,0,17110,13107,17112,0,17096,0,0,0,101,100,100,-0.0,64.3,-0.0,64.6,0.0,64.5,1,49,50,180,52429,0,0,0,0.0,0.0,0.0,60.0,0.0,71.0,0.0,1579200896.0,0.0,1069,0,1070,0,0,0,1070,0,1081,0,1000,0,646,0,648,0,643,0,676,0.032,1.0551537610161864e+22,0.0,0.0,144,16814,1026.08,213948874752.0,7.935229652857964e+29,-2289718.0,2.2407340330177034e+30,2.4642784047139705e+28,50.0,60.0,35,0.0,0.0,10.0,2.0,0.0,0.0,0.0,0.0,0.0,0.0,0.0,0.0,0.0,0.0,0.0,0.0,58.8,55,10,65507,26,65476,0,300,0,0,8,20529,65476,0,0,30147,60.0,0.0,10.0,10.0,2.0,0.0
2026-02-16T12:19:07,ERR,ERR,ERR,ERR,ERR,ERR,ERR,ERR,ERR,ERR,ERR,ERR,ERR,ERR,ERR,ERR,ERR,ERR,ERR,ERR,ERR,ERR,ERR,ERR,ERR,ERR,ERR,ERR,ERR,ERR,ERR,ERR,ERR,ERR,ERR,ERR,ERR,ERR,ERR,ERR,ERR,ERR,ERR,ERR,ERR,ERR,ERR,ERR,ERR,ERR,ERR,ERR,ERR,ERR,ERR,ERR,ERR,ERR,ERR,ERR,ERR,ERR,ERR,ERR,ERR,ERR,ERR,ERR,ERR,ERR,ERR,ERR,ERR,ERR,ERR,ERR,ERR,ERR,ERR,ERR,ERR,ERR,ERR,ERR,ERR,ERR,ERR,ERR,ERR,ERR,ERR,ERR,ERR,ERR,ERR,ERR,ERR,ERR,ERR,ERR,ERR,ERR,ERR,ERR,ERR,ERR,ERR,ERR,ERR,ERR,ERR,ERR,ERR,ERR,ERR,ERR,ERR,ERR,ERR,ERR,ERR,ERR,ERR,ERR,ERR,0.0,0.0,0.0,-0.0,-8401.889,-0.001,1.9828999557153565e+31,-0.0,4300,0,8,17169,4300,14655014567936.0,42,0.0,0.0,-0.0,0.0,-107090432.0,0,0,0,0,0.0,0,0,0,0,0,0,0,0,0,0,0,0,0,0,0,0,0,0,0,0,0,0,0,0,0,0,0,0,0,0,0,0,0,12,36,36,48,65476,423,65476,1,0,4,21553,0.0,2.7183305813883192e+23,-0.0,0.0,0.0,0.0,0.0,0.0,0.0,0.0,0.0,0.0,0.0,0.0,0.0,0.0,0.0,0.0,0.0,0.0,0.0,2.004,3.697062548517736e+19,-2.004,-0.0,-3.69707618246192e+19,0.0,0.0,0.0,0.0,6048.0,131350.953,0.0,0.0,0.0,0.0,107616272.0,-0.0,0.0,2.004,2.004,221,-0.0,89220.891,0.0,0.0,0.0,0.0,0.0,0.0,0.0,0,0,0,-0.0,-0.0,3.056518501898045e+25,-7.264030211557703e+32,3294373060018176.0,-0.0,6.147960010741556e+26,-1.0640811025214996e+18,0.0,-2.1755239680923398e+23,-0.0,781290048.0,0.0,0.0,0.0,0.0,0,1.3516416376850534e+27,221,0.0,442,-0.0,634435724640256.0,2114,0,17110,13107,17112,0,17096,0,0,0,101,100,100,-0.0,64.3,-0.0,64.6,0.0,64.5,1,49,50,180,52429,0,0,0,0.0,0.0,0.0,60.0,0.0,71.0,0.0,1579200896.0,0.0,1069,0,1070,0,0,0,1070,0,1081,0,1000,0,646,0,648,0,643,0,676,0.032,1.0551537610161864e+22,0.0,0.0,144,16814,1026.08,213948874752.0,7.935229652857964e+29,-2289718.0,2.2407340330177034e+30,2.4642784047139705e+28,50.0,60.0,35,0.0,0.0,10.0,2.0,0.0,0.0,0.0,0.0,0.0,0.0,0.0,0.0,0.0,0.0,0.0,0.0,58.8,55,10,65507,26,65476,0,300,0,0,8,20529,65476,0,0,30147,60.0,0.0,10.0,10.0,2.0,0.0
2026-02-16T12:19:08,ERR,ERR,ERR,ERR,ERR,ERR,ERR,ERR,ERR,ERR,ERR,ERR,ERR,ERR,ERR,ERR,ERR,ERR,ERR,ERR,ERR,ERR,ERR,ERR,ERR,ERR,ERR,ERR,ERR,ERR,ERR,ERR,ERR,ERR,ERR,ERR,ERR,ERR,ERR,ERR,ERR,ERR,ERR,ERR,ERR,ERR,ERR,ERR,ERR,ERR,ERR,ERR,ERR,ERR,ERR,ERR,ERR,ERR,ERR,ERR,ERR,ERR,ERR,ERR,ERR,ERR,ERR,ERR,ERR,ERR,ERR,ERR,ERR,ERR,ERR,ERR,ERR,ERR,ERR,ERR,ERR,ERR,ERR,ERR,ERR,ERR,ERR,ERR,ERR,ERR,ERR,ERR,ERR,ERR,ERR,ERR,ERR,ERR,ERR,ERR,ERR,ERR,ERR,ERR,ERR,ERR,ERR,ERR,ERR,ERR,ERR,ERR,ERR,ERR,ERR,ERR,ERR,ERR,ERR,ERR,ERR,ERR,ERR,ERR,ERR,0.0,0.0,0.0,-0.0,-8401.889,-0.001,1.9828999557153565e+31,-0.0,4300,0,8,17169,4300,14655014567936.0,42,0.0,0.0,-0.0,0.0,-107090432.0,0,0,0,0,0.0,0,0,0,0,0,0,0,0,0,0,0,0,0,0,0,0,0,0,0,0,0,0,0,0,0,0,0,0,0,0,0,0,0,12,36,36,48,65476,423,65476,1,0,4,21553,0.0,2.7183305813883192e+23,-0.0,0.0,0.0,0.0,0.0,0.0,0.0,0.0,0.0,0.0,0.0,0.0,0.0,0.0,0.0,0.0,0.0,0.0,0.0,2.004,3.697062548517736e+19,-2.004,-0.0,-3.69707618246192e+19,0.0,0.0,0.0,0.0,6048.0,131350.953,0.0,0.0,0.0,0.0,107616272.0,-0.0,0.0,2.004,2.004,221,-0.0,89220.891,0.0,0.0,0.0,0.0,0.0,0.0,0.0,0,0,0,-0.0,-0.0,3.056518501898045e+25,-7.264030211557703e+32,3294373060018176.0,-0.0,6.147960010741556e+26,-1.0640811025214996e+18,0.0,-2.1755239680923398e+23,-0.0,781290048.0,0.0,0.0,0.0,0.0,0,1.3516416376850534e+27,221,0.0,442,-0.0,634435724640256.0,2114,0,17110,13107,17112,0,17096,0,0,0,101,100,100,-0.0,64.3,-0.0,64.7,2.7302335952034594e+23,64.5,1,49,50,180,52429,0,0,0,0.0,0.0,0.0,60.0,569.04,71.0,0.0,-0.0,0.0,1069,0,1070,0,0,0,1070,0,1081,0,1000,0,647,0,649,0,643,0,676,0.032,1.0551537610161864e+22,0.0,0.0,1936,16814,569.04,-0.0,-1.4122473160903681e+31,-9.330123324070588e+34,-1.5433169822599403e+25,0.0,50.0,60.0,35,0.0,0.0,10.0,2.0,0.0,0.0,0.0,0.0,0.0,0.0,0.0,0.0,0.0,0.0,0.0,0.0,58.8,55,10,65507,26,65476,0,300,0,0,8,20529,65476,0,0,30147,60.0,0.0,10.0,10.0,2.0,0.0
2026-02-16T12:19:09,ERR,ERR,ERR,ERR,ERR,ERR,ERR,ERR,ERR,ERR,ERR,ERR,ERR,ERR,ERR,ERR,ERR,ERR,ERR,ERR,ERR,ERR,ERR,ERR,ERR,ERR,ERR,ERR,ERR,ERR,ERR,ERR,ERR,ERR,ERR,ERR,ERR,ERR,ERR,ERR,ERR,ERR,ERR,ERR,ERR,ERR,ERR,ERR,ERR,ERR,ERR,ERR,ERR,ERR,ERR,ERR,ERR,ERR,ERR,ERR,ERR,ERR,ERR,ERR,ERR,ERR,ERR,ERR,ERR,ERR,ERR,ERR,ERR,ERR,ERR,ERR,ERR,ERR,ERR,ERR,ERR,ERR,ERR,ERR,ERR,ERR,ERR,ERR,ERR,ERR,ERR,ERR,ERR,ERR,ERR,ERR,ERR,ERR,ERR,ERR,ERR,ERR,ERR,ERR,ERR,ERR,ERR,ERR,ERR,ERR,ERR,ERR,ERR,ERR,ERR,ERR,ERR,ERR,ERR,ERR,ERR,ERR,ERR,ERR,ERR,0.0,0.0,0.0,-0.0,-8401.889,-0.001,1.9828999557153565e+31,-0.0,4300,0,8,17169,4300,14655014567936.0,42,0.0,0.0,-0.0,0.0,-107090432.0,0,0,0,0,0.0,0,0,0,0,0,0,0,0,0,0,0,0,0,0,0,0,0,0,0,0,0,0,0,0,0,0,0,0,0,0,0,0,0,12,36,36,48,65476,423,65476,1,0,4,21553,0.0,2.7183305813883192e+23,-0.0,0.0,0.0,0.0,0.0,0.0,0.0,0.0,0.0,0.0,0.0,0.0,0.0,0.0,0.0,0.0,0.0,0.0,0.0,2.004,3.697062548517736e+19,-2.004,-0.0,-3.69707618246192e+19,0.0,0.0,0.0,0.0,6048.0,131350.953,0.0,0.0,0.0,0.0,107616272.0,-0.0,0.0,2.004,2.004,221,-0.0,89220.891,0.0,0.0,0.0,0.0,0.0,0.0,0.0,0,0,0,-0.0,-0.0,3.056518501898045e+25,-7.264030211557703e+32,3294373060018176.0,-0.0,6.147960010741556e+26,-1.0640811025214996e+18,0.0,-2.1755239680923398e+23,-0.0,781290048.0,0.0,0.0,0.0,0.0,0,1.3516416376850534e+27,221,0.0,442,-0.0,634435724640256.0,2114,0,17110,13107,17112,0,17096,0,0,0,101,100,100,-0.0,64.3,-0.0,64.7,2.7302335952034594e+23,64.5,1,49,50,180,52429,0,0,0,0.0,0.0,0.0,60.0,569.04,71.0,0.0,-0.0,0.0,1069,0,1070,0,0,0,1070,0,1081,0,1000,0,647,0,649,0,643,0,676,0.032,1.0551537610161864e+22,0.0,0.0,1936,16814,569.04,-0.0,-1.4122473160903681e+31,-9.330123324070588e+34,-1.5433169822599403e+25,0.0,50.0,60.0,35,0.0,0.0,10.0,2.0,0.0,0.0,0.0,0.0,0.0,0.0,0.0,0.0,0.0,0.0,0.0,0.0,58.8,54,11,65507,26,65476,0,300,0,0,8,20529,65476,0,0,30147,60.0,0.0,10.0,10.0,2.0,0.0
2026-02-16T12:19:10,ERR,ERR,ERR,ERR,ERR,ERR,ERR,ERR,ERR,ERR,ERR,ERR,ERR,ERR,ERR,ERR,ERR,ERR,ERR,ERR,ERR,ERR,ERR,ERR,ERR,ERR,ERR,ERR,ERR,ERR,ERR,ERR,ERR,ERR,ERR,ERR,ERR,ERR,ERR,ERR,ERR,ERR,ERR,ERR,ERR,ERR,ERR,ERR,ERR,ERR,ERR,ERR,ERR,ERR,ERR,ERR,ERR,ERR,ERR,ERR,ERR,ERR,ERR,ERR,ERR,ERR,ERR,ERR,ERR,ERR,ERR,ERR,ERR,ERR,ERR,ERR,ERR,ERR,ERR,ERR,ERR,ERR,ERR,ERR,ERR,ERR,ERR,ERR,ERR,ERR,ERR,ERR,ERR,ERR,ERR,ERR,ERR,ERR,ERR,ERR,ERR,ERR,ERR,ERR,ERR,ERR,ERR,ERR,ERR,ERR,ERR,ERR,ERR,ERR,ERR,ERR,ERR,ERR,ERR,ERR,ERR,ERR,ERR,ERR,ERR,0.0,0.0,0.0,-0.0,-8401.889,-0.001,1.9828999557153565e+31,-0.0,4300,0,8,17169,4300,14655014567936.0,42,0.0,0.0,-0.0,0.0,-107090432.0,0,0,0,0,0.0,0,0,0,0,0,0,0,0,0,0,0,0,0,0,0,0,0,0,0,0,0,0,0,0,0,0,0,0,0,0,0,0,0,12,36,36,48,65476,423,65476,1,0,4,21553,0.0,2.7183305813883192e+23,-0.0,0.0,0.0,0.0,0.0,0.0,0.0,0.0,0.0,0.0,0.0,0.0,0.0,0.0,0.0,0.0,0.0,0.0,0.0,2.004,3.697062548517736e+19,-2.004,-0.0,-3.69707618246192e+19,0.0,0.0,0.0,0.0,6048.0,131350.953,0.0,0.0,0.0,0.0,107616272.0,-0.0,0.0,2.004,2.004,221,-0.0,89220.891,0.0,0.0,0.0,0.0,0.0,0.0,0.0,0,0,0,-0.0,-0.0,3.056518501898045e+25,-7.264030211557703e+32,3294373060018176.0,-0.0,6.147960010741556e+26,-1.0640811025214996e+18,0.0,-2.1755239680923398e+23,-0.0,781290048.0,0.0,0.0,0.0,0.0,0,1.3516416376850534e+27,221,0.0,442,-0.0,634435724640256.0,2114,0,17110,13107,17112,0,17096,0,0,0,101,100,100,-0.0,64.3,-0.0,64.7,2.7302335952034594e+23,64.5,1,49,50,180,52429,0,0,0,0.0,0.0,0.0,60.0,569.04,71.0,0.0,-0.0,0.0,1069,0,1070,0,0,0,1070,0,1081,0,1000,0,647,0,649,0,643,0,676,0.032,1.0551537610161864e+22,0.0,0.0,1936,16814,569.04,-0.0,-1.4122473160903681e+31,-9.330123324070588e+34,-1.5433169822599403e+25,0.0,50.0,60.0,35,0.0,0.0,10.0,2.0,0.0,0.0,0.0,0.0,0.0,0.0,0.0,0.0,0.0,0.0,0.0,0.0,58.8,54,11,65507,26,65476,0,300,0,0,8,20529,65476,0,0,30147,60.0,0.0,10.0,10.0,2.0,0.0
2026-02-16T12:19:11,ERR,ERR,ERR,ERR,ERR,ERR,ERR,ERR,ERR,ERR,ERR,ERR,ERR,ERR,ERR,ERR,ERR,ERR,ERR,ERR,ERR,ERR,ERR,ERR,ERR,ERR,ERR,ERR,ERR,ERR,ERR,ERR,ERR,ERR,ERR,ERR,ERR,ERR,ERR,ERR,ERR,ERR,ERR,ERR,ERR,ERR,ERR,ERR,ERR,ERR,ERR,ERR,ERR,ERR,ERR,ERR,ERR,ERR,ERR,ERR,ERR,ERR,ERR,ERR,ERR,ERR,ERR,ERR,ERR,ERR,ERR,ERR,ERR,ERR,ERR,ERR,ERR,ERR,ERR,ERR,ERR,ERR,ERR,ERR,ERR,ERR,ERR,ERR,ERR,ERR,ERR,ERR,ERR,ERR,ERR,ERR,ERR,ERR,ERR,ERR,ERR,ERR,ERR,ERR,ERR,ERR,ERR,ERR,ERR,ERR,ERR,ERR,ERR,ERR,ERR,ERR,ERR,ERR,ERR,ERR,ERR,ERR,ERR,ERR,ERR,0.0,0.0,-0.0,-0.0,1.8194473603301376e+16,0.0,0.0,-0.065,4300,0,8,17169,4300,0.0,43,0.0,0.0,-0.0,0.0,-107090432.0,0,0,0,0,0.0,0,0,0,0,0,0,0,0,0,0,0,0,0,0,0,0,0,0,0,0,0,0,0,0,0,0,0,0,0,0,0,0,0,12,36,36,48,65476,423,65476,1,0,4,21553,0.0,-0.0,0.845,0.0,0.0,0.0,0.0,0.0,0.0,0.0,0.0,0.0,0.0,0.0,0.0,0.0,0.0,0.0,0.0,0.0,0.0,2.004,3.697062548517736e+19,-2.004,-2.004,-2.004,0.0,0.0,0.0,0.0,6107.0,0.0,0.0,0.0,0.0,2.718449836706452e+23,0.0,-0.0,0.0,2.004,2.004,221,1.905685750968484e+17,-0.0,0.0,0.0,0.0,0.0,0.0,0.0,0.0,0,0,0,-0.0,-0.0,7.209383900772901e+22,-1.7869429258477e+34,65493352316928.0,-0.0,1.1236053479679661e+32,-13708560384.0,0.0,-2.3290008787856032e+23,-0.0,827427392.0,0.0,0.0,0.0,0.0,0,1.3516416376850534e+27,221,0.0,442,0.0,0.0,2114,0,17110,13107,17112,0,17096,0,0,0,101,100,100,-0.0,64.4,-107615240.0,64.6,0.0,64.5,1,49,50,180,52429,0,0,0,0.0,0.0,0.0,60.0,33.815,71.0,0.0,-0.0,0.0,1069,0,1070,0,0,0,1070,0,1081,0,1000,0,647,0,649,0,643,0,676,0.032,1.069911156275154e+22,0.0,0.0,4496,16814,33.815,-0.0,-3.312469732251912e+27,0.0,-1.0618697680342514e+21,-2.4889826672927916e+38,50.0,60.0,35,0.0,0.0,10.0,2.0,0.0,0.0,0.0,0.0,0.0,0.0,0.0,0.0,0.0,0.0,0.0,0.0,58.8,54,11,65507,26,65476,0,300,0,0,8,20529,65476,0,0,30147,60.0,0.0,10.0,10.0,2.0,0.0
2026-02-16T12:19:12,ERR,ERR,ERR,ERR,ERR,ERR,ERR,ERR,ERR,ERR,ERR,ERR,ERR,ERR,ERR,ERR,ERR,ERR,ERR,ERR,ERR,ERR,ERR,ERR,ERR,ERR,ERR,ERR,ERR,ERR,ERR,ERR,ERR,ERR,ERR,ERR,ERR,ERR,ERR,ERR,ERR,ERR,ERR,ERR,ERR,ERR,ERR,ERR,ERR,ERR,ERR,ERR,ERR,ERR,ERR,ERR,ERR,ERR,ERR,ERR,ERR,ERR,ERR,ERR,ERR,ERR,ERR,ERR,ERR,ERR,ERR,ERR,ERR,ERR,ERR,ERR,ERR,ERR,ERR,ERR,ERR,ERR,ERR,ERR,ERR,ERR,ERR,ERR,ERR,ERR,ERR,ERR,ERR,ERR,ERR,ERR,ERR,ERR,ERR,ERR,ERR,ERR,ERR,ERR,ERR,ERR,ERR,ERR,ERR,ERR,ERR,ERR,ERR,ERR,ERR,ERR,ERR,ERR,ERR,ERR,ERR,ERR,ERR,ERR,ERR,0.0,0.0,-0.0,-0.0,1.8194473603301376e+16,0.0,0.0,-0.065,4300,0,8,17169,4300,0.0,43,0.0,0.0,-0.0,0.0,-107090432.0,0,0,0,0,0.0,0,0,0,0,0,0,0,0,0,0,0,0,0,0,0,0,0,0,0,0,0,0,0,0,0,0,0,0,0,0,0,0,0,12,36,36,48,65476,423,65476,1,0,4,21553,0.0,-0.0,0.845,0.0,0.0,0.0,0.0,0.0,0.0,0.0,0.0,0.0,0.0,0.0,0.0,0.0,0.0,0.0,0.0,0.0,0.0,2.004,3.697062548517736e+19,-2.004,-2.004,-2.004,0.0,0.0,0.0,0.0,6107.0,0.0,0.0,0.0,0.0,2.718449836706452e+23,0.0,-0.0,0.0,2.004,2.004,221,1.905685750968484e+17,-0.0,0.0,0.0,0.0,0.0,0.0,0.0,0.0,0,0,0,-0.0,-0.0,7.209383900772901e+22,-1.7869429258477e+34,65493352316928.0,-0.0,1.1236053479679661e+32,-13708560384.0,0.0,-2.3290008787856032e+23,-0.0,827427392.0,0.0,0.0,0.0,0.0,0,1.3516416376850534e+27,221,0.0,442,0.0,0.0,2114,0,17110,13107,17112,0,17096,0,0,0,101,100,100,-0.0,64.4,-107615240.0,64.6,0.0,64.5,1,49,50,180,52429,0,0,0,0.0,0.0,0.0,60.0,33.815,71.0,0.0,-0.0,0.0,1069,0,1070,0,0,0,1070,0,1081,0,1000,0,647,0,649,0,643,0,676,0.032,1.069911156275154e+22,0.0,0.0,4496,16814,33.815,-0.0,-3.312469732251912e+27,0.0,-1.0618697680342514e+21,-2.4889826672927916e+38,50.0,60.0,35,0.0,0.0,10.0,2.0,0.0,0.0,0.0,0.0,0.0,0.0,0.0,0.0,0.0,0.0,0.0,0.0,58.8,54,11,65507,26,65476,0,300,0,0,8,20529,65476,0,0,30147,60.0,0.0,10.0,10.0,2.0,0.0
2026-02-16T12:19:13,ERR,ERR,ERR,ERR,ERR,ERR,ERR,ERR,ERR,ERR,ERR,ERR,ERR,ERR,ERR,ERR,ERR,ERR,ERR,ERR,ERR,ERR,ERR,ERR,ERR,ERR,ERR,ERR,ERR,ERR,ERR,ERR,ERR,ERR,ERR,ERR,ERR,ERR,ERR,ERR,ERR,ERR,ERR,ERR,ERR,ERR,ERR,ERR,ERR,ERR,ERR,ERR,ERR,ERR,ERR,ERR,ERR,ERR,ERR,ERR,ERR,ERR,ERR,ERR,ERR,ERR,ERR,ERR,ERR,ERR,ERR,ERR,ERR,ERR,ERR,ERR,ERR,ERR,ERR,ERR,ERR,ERR,ERR,ERR,ERR,ERR,ERR,ERR,ERR,ERR,ERR,ERR,ERR,ERR,ERR,ERR,ERR,ERR,ERR,ERR,ERR,ERR,ERR,ERR,ERR,ERR,ERR,ERR,ERR,ERR,ERR,ERR,ERR,ERR,ERR,ERR,ERR,ERR,ERR,ERR,ERR,ERR,ERR,ERR,ERR,0.0,0.0,-0.0,-0.0,1.8194473603301376e+16,0.0,0.0,-0.065,4300,0,8,17169,4300,0.0,43,0.0,0.0,-0.0,0.0,-107090432.0,0,0,0,0,0.0,0,0,0,0,0,0,0,0,0,0,0,0,0,0,0,0,0,0,0,0,0,0,0,0,0,0,0,0,0,0,0,0,0,12,36,36,48,65476,423,65476,1,0,4,21553,0.0,-0.0,0.845,0.0,0.0,0.0,0.0,0.0,0.0,0.0,0.0,0.0,0.0,0.0,0.0,0.0,0.0,0.0,0.0,0.0,0.0,2.004,3.697062548517736e+19,-2.004,-2.004,-2.004,0.0,0.0,0.0,0.0,6107.0,0.0,0.0,0.0,0.0,2.718449836706452e+23,0.0,-0.0,0.0,2.004,2.004,221,1.905685750968484e+17,-0.0,0.0,0.0,0.0,0.0,0.0,0.0,0.0,0,0,0,-0.0,-0.0,7.209383900772901e+22,-1.7869429258477e+34,65493352316928.0,-0.0,1.1236053479679661e+32,-13708560384.0,0.0,-2.3290008787856032e+23,-0.0,827427392.0,0.0,0.0,0.0,0.0,0,1.3516416376850534e+27,221,0.0,442,0.0,0.0,2114,0,17110,13107,17112,0,17096,0,0,0,101,100,100,-0.0,64.4,-107615240.0,64.6,0.0,64.5,1,49,50,180,52429,0,0,0,0.0,0.0,0.0,60.0,33.815,71.0,0.0,-0.0,0.0,1069,0,1070,0,0,0,1070,0,1081,0,1000,0,647,0,649,0,643,0,676,0.032,1.069911156275154e+22,0.0,0.0,4496,16814,33.815,-0.0,-3.312469732251912e+27,0.0,-1.0618697680342514e+21,-2.4889826672927916e+38,50.0,60.0,35,0.0,0.0,10.0,2.0,0.0,0.0,0.0,0.0,0.0,0.0,0.0,0.0,0.0,0.0,0.0,0.0,59.2,54,11,65508,26,65476,0,300,0,0,8,20529,65476,0,0,30147,60.0,0.0,10.0,10.0,2.0,0.0
2026-02-16T12:19:14,ERR,ERR,ERR,ERR,ERR,ERR,ERR,ERR,ERR,ERR,ERR,ERR,ERR,ERR,ERR,ERR,ERR,ERR,ERR,ERR,ERR,ERR,ERR,ERR,ERR,ERR,ERR,ERR,ERR,ERR,ERR,ERR,ERR,ERR,ERR,ERR,ERR,ERR,ERR,ERR,ERR,ERR,ERR,ERR,ERR,ERR,ERR,ERR,ERR,ERR,ERR,ERR,ERR,ERR,ERR,ERR,ERR,ERR,ERR,ERR,ERR,ERR,ERR,ERR,ERR,ERR,ERR,ERR,ERR,ERR,ERR,ERR,ERR,ERR,ERR,ERR,ERR,ERR,ERR,ERR,ERR,ERR,ERR,ERR,ERR,ERR,ERR,ERR,ERR,ERR,ERR,ERR,ERR,ERR,ERR,ERR,ERR,ERR,ERR,ERR,ERR,ERR,ERR,ERR,ERR,ERR,ERR,ERR,ERR,ERR,ERR,ERR,ERR,ERR,ERR,ERR,ERR,ERR,ERR,ERR,ERR,ERR,ERR,ERR,ERR,0.0,0.0,-0.0,-0.0,1.8194473603301376e+16,0.0,0.0,-0.065,4300,0,8,17169,4300,0.0,43,0.0,0.0,-0.0,0.0,-107090432.0,0,0,0,0,0.0,0,0,0,0,0,0,0,0,0,0,0,0,0,0,0,0,0,0,0,0,0,0,0,0,0,0,0,0,0,0,0,0,0,12,36,36,48,65476,423,65476,1,0,4,21553,0.0,-0.0,0.845,0.0,0.0,0.0,0.0,0.0,0.0,0.0,0.0,0.0,0.0,0.0,0.0,0.0,0.0,0.0,0.0,0.0,0.0,2.004,3.697062548517736e+19,-2.004,-2.004,-2.004,0.0,0.0,0.0,0.0,6107.0,0.0,0.0,0.0,0.0,2.718449836706452e+23,0.0,-0.0,0.0,2.004,2.004,221,1.905685750968484e+17,-0.0,0.0,0.0,0.0,0.0,0.0,0.0,0.0,0,0,0,-0.0,-0.0,7.209383900772901e+22,-1.7869429258477e+34,65493352316928.0,-0.0,1.1236053479679661e+32,-13708560384.0,0.0,-2.3290008787856032e+23,-0.0,827427392.0,0.0,0.0,0.0,0.0,0,1.3516416376850534e+27,221,0.0,442,0.0,0.0,2114,0,17110,13107,17112,0,17096,0,0,0,101,100,100,-0.0,64.4,-107615240.0,64.6,0.0,64.5,1,49,50,180,52429,0,0,0,0.0,0.0,0.0,60.0,33.815,71.0,0.0,-0.0,0.0,1069,0,1070,0,0,0,1070,0,1081,0,1000,0,647,0,649,0,643,0,676,0.032,1.069911156275154e+22,0.0,0.0,4496,16814,33.815,-0.0,-3.312469732251912e+27,0.0,-1.0618697680342514e+21,-2.4889826672927916e+38,50.0,60.0,35,0.0,0.0,10.0,2.0,0.0,0.0,0.0,0.0,0.0,0.0,0.0,0.0,0.0,0.0,0.0,0.0,58.8,54,11,65508,26,65476,0,300,0,0,8,20529,65476,0,0,30147,60.0,0.0,10.0,10.0,2.0,0.0
2026-02-16T12:19:15,ERR,ERR,ERR,ERR,ERR,ERR,ERR,ERR,ERR,ERR,ERR,ERR,ERR,ERR,ERR,ERR,ERR,ERR,ERR,ERR,ERR,ERR,ERR,ERR,ERR,ERR,ERR,ERR,ERR,ERR,ERR,ERR,ERR,ERR,ERR,ERR,ERR,ERR,ERR,ERR,ERR,ERR,ERR,ERR,ERR,ERR,ERR,ERR,ERR,ERR,ERR,ERR,ERR,ERR,ERR,ERR,ERR,ERR,ERR,ERR,ERR,ERR,ERR,ERR,ERR,ERR,ERR,ERR,ERR,ERR,ERR,ERR,ERR,ERR,ERR,ERR,ERR,ERR,ERR,ERR,ERR,ERR,ERR,ERR,ERR,ERR,ERR,ERR,ERR,ERR,ERR,ERR,ERR,ERR,ERR,ERR,ERR,ERR,ERR,ERR,ERR,ERR,ERR,ERR,ERR,ERR,ERR,ERR,ERR,ERR,ERR,ERR,ERR,ERR,ERR,ERR,ERR,ERR,ERR,ERR,ERR,ERR,ERR,ERR,ERR,0.0,0.0,-0.0,-0.0,1.8194473603301376e+16,0.0,0.0,-0.065,4300,0,8,17169,4300,0.0,43,0.0,0.0,-0.0,0.0,-107090432.0,0,0,0,0,0.0,0,0,0,0,0,0,0,0,0,0,0,0,0,0,0,0,0,0,0,0,0,0,0,0,0,0,0,0,0,0,0,0,0,12,36,36,48,65476,423,65476,1,0,4,21553,0.0,-0.0,0.845,0.0,0.0,0.0,0.0,0.0,0.0,0.0,0.0,0.0,0.0,0.0,0.0,0.0,0.0,0.0,0.0,0.0,0.0,2.004,3.697062548517736e+19,-2.004,-2.004,-2.004,0.0,0.0,0.0,0.0,6107.0,0.0,0.0,0.0,0.0,2.718449836706452e+23,0.0,-0.0,0.0,2.004,2.004,221,1.905685750968484e+17,-0.0,0.0,0.0,0.0,0.0,0.0,0.0,0.0,0,0,0,-0.0,-0.0,7.209383900772901e+22,-1.7869429258477e+34,65493352316928.0,-0.0,1.1236053479679661e+32,-13708560384.0,0.0,-2.3290008787856032e+23,-0.0,827427392.0,0.0,0.0,0.0,0.0,0,1.3516416376850534e+27,221,0.0,442,0.0,0.0,2114,0,17110,13107,17112,0,17096,0,0,0,101,100,100,-0.0,64.4,-107615240.0,64.7,2.7302335952034594e+23,64.5,1,49,50,180,52429,0,0,0,0.0,0.0,0.0,60.0,2201310057201664.0,71.0,0.0,1.996017422488778e+22,0.0,1069,0,1070,0,0,0,1070,0,1081,0,1000,0,647,0,649,0,643,0,676,0.032,1.0477750633867025e+22,0.0,0.0,13712,16814,5.557801480477475e+18,1.996017422488778e+22,0.0,-19424.424,0.0,0.0,50.0,60.0,35,0.0,0.0,10.0,2.0,0.0,0.0,0.0,0.0,0.0,0.0,0.0,0.0,0.0,0.0,0.0,0.0,58.8,54,11,65508,26,65476,0,300,0,0,8,20529,65476,0,0,30147,60.0,0.0,10.0,10.0,2.0,0.0
2026-02-16T12:19:16,ERR,ERR,ERR,ERR,ERR,ERR,ERR,ERR,ERR,ERR,ERR,ERR,ERR,ERR,ERR,ERR,ERR,ERR,ERR,ERR,ERR,ERR,ERR,ERR,ERR,ERR,ERR,ERR,ERR,ERR,ERR,ERR,ERR,ERR,ERR,ERR,ERR,ERR,ERR,ERR,ERR,ERR,ERR,ERR,ERR,ERR,ERR,ERR,ERR,ERR,ERR,ERR,ERR,ERR,ERR,ERR,ERR,ERR,ERR,ERR,ERR,ERR,ERR,ERR,ERR,ERR,ERR,ERR,ERR,ERR,ERR,ERR,ERR,ERR,ERR,ERR,ERR,ERR,ERR,ERR,ERR,ERR,ERR,ERR,ERR,ERR,ERR,ERR,ERR,ERR,ERR,ERR,ERR,ERR,ERR,ERR,ERR,ERR,ERR,ERR,ERR,ERR,ERR,ERR,ERR,ERR,ERR,ERR,ERR,ERR,ERR,ERR,ERR,ERR,ERR,ERR,ERR,ERR,ERR,ERR,ERR,ERR,ERR,ERR,ERR,0.0,-2.7184523587222433e+23,0.0,-0.0,-3.950258854565486e+28,0.0,0.0,0.246,4300,0,8,17169,4300,0.0,42,0.0,0.0,-0.0,0.0,-107090432.0,0,0,0,0,0.0,0,0,0,0,0,0,0,0,0,0,0,0,0,0,0,0,0,0,0,0,0,0,0,0,0,0,0,0,0,0,0,0,0,11,36,36,47,65476,424,65476,1,0,4,21553,0.0,2.7183305813883192e+23,0.0,0.0,0.0,0.0,0.0,0.0,0.0,0.0,0.0,0.0,0.0,0.0,0.0,0.0,0.0,0.0,0.0,0.0,0.0,2.004,3.697062548517736e+19,-0.0,-3.6970739834386645e+19,-0.0,0.0,0.0,0.0,0.0,6129.0,1.0406697136471096e+34,0.0,0.0,-2.7184523587222433e+23,2.718449836706452e+23,0.0,0.0,0.0,2.004,2.004,221,-4.950400744235881e+32,5.848073509495957e+35,0.0,0.0,0.0,0.0,0.0,0.0,0.0,0,0,0,-0.0,0.0,1.1161238740821606e+17,-0.0,0.0,-5.252962357512842e+26,-1.346,2.283796246298624e+16,-53.569,-2.4706718732716926e+23,-0.0,881953344.0,0.0,0.0,0.0,0.0,0,1.3516416376850534e+27,221,0.0,442,0.0,-4.874214045655636e+32,2114,0,17110,13107,17112,0,17096,0,0,0,101,100,100,-0.0,64.4,-107615240.0,64.7,2.7302335952034594e+23,64.5,1,49,50,180,52429,0,0,0,0.0,0.0,0.0,60.0,2201310057201664.0,71.0,0.0,1.996017422488778e+22,0.0,1069,0,1070,0,0,0,1070,0,1081,0,1000,0,647,0,649,0,643,0,676,0.032,1.0477750633867025e+22,0.0,0.0,13712,16814,5.557801480477475e+18,1.996017422488778e+22,0.0,-19424.424,0.0,0.0,50.0,60.0,35,0.0,0.0,10.0,2.0,0.0,0.0,0.0,0.0,0.0,0.0,0.0,0.0,0.0,0.0,0.0,0.0,58.8,54,11,65508,26,65476,0,300,0,0,8,20529,65476,0,0,30147,60.0,0.0,10.0,10.0,2.0,0.0
2026-02-16T12:19:17,ERR,ERR,ERR,ERR,ERR,ERR,ERR,ERR,ERR,ERR,ERR,ERR,ERR,ERR,ERR,ERR,ERR,ERR,ERR,ERR,ERR,ERR,ERR,ERR,ERR,ERR,ERR,ERR,ERR,ERR,ERR,ERR,ERR,ERR,ERR,ERR,ERR,ERR,ERR,ERR,ERR,ERR,ERR,ERR,ERR,ERR,ERR,ERR,ERR,ERR,ERR,ERR,ERR,ERR,ERR,ERR,ERR,ERR,ERR,ERR,ERR,ERR,ERR,ERR,ERR,ERR,ERR,ERR,ERR,ERR,ERR,ERR,ERR,ERR,ERR,ERR,ERR,ERR,ERR,ERR,ERR,ERR,ERR,ERR,ERR,ERR,ERR,ERR,ERR,ERR,ERR,ERR,ERR,ERR,ERR,ERR,ERR,ERR,ERR,ERR,ERR,ERR,ERR,ERR,ERR,ERR,ERR,ERR,ERR,ERR,ERR,ERR,ERR,ERR,ERR,ERR,ERR,ERR,ERR,ERR,ERR,ERR,ERR,ERR,ERR,0.0,-2.7184523587222433e+23,0.0,-0.0,-3.950258854565486e+28,0.0,0.0,0.246,4300,0,8,17169,4300,0.0,42,0.0,0.0,-0.0,0.0,-107090432.0,0,0,0,0,0.0,0,0,0,0,0,0,0,0,0,0,0,0,0,0,0,0,0,0,0,0,0,0,0,0,0,0,0,0,0,0,0,0,0,11,36,36,47,65476,424,65476,1,0,4,21553,0.0,2.7183305813883192e+23,0.0,0.0,0.0,0.0,0.0,0.0,0.0,0.0,0.0,0.0,0.0,0.0,0.0,0.0,0.0,0.0,0.0,0.0,0.0,2.004,3.697062548517736e+19,-0.0,-3.6970739834386645e+19,-0.0,0.0,0.0,0.0,0.0,6129.0,1.0406697136471096e+34,0.0,0.0,-2.7184523587222433e+23,2.718449836706452e+23,0.0,0.0,0.0,2.004,2.004,221,-4.950400744235881e+32,5.848073509495957e+35,0.0,0.0,0.0,0.0,0.0,0.0,0.0,0,0,0,-0.0,0.0,1.1161238740821606e+17,-0.0,0.0,-5.252962357512842e+26,-1.346,2.283796246298624e+16,-53.569,-2.4706718732716926e+23,-0.0,881953344.0,0.0,0.0,0.0,0.0,0,1.3516416376850534e+27,221,0.0,442,0.0,-4.874214045655636e+32,2114,0,17110,13107,17112,0,17096,0,0,0,101,100,100,-0.0,64.4,-107615240.0,64.7,2.7302335952034594e+23,64.5,1,49,50,180,52429,0,0,0,0.0,0.0,0.0,60.0,2201310057201664.0,71.0,0.0,1.996017422488778e+22,0.0,1069,0,1070,0,0,0,1070,0,1081,0,1000,0,647,0,649,0,643,0,676,0.032,1.0477750633867025e+22,0.0,0.0,13712,16814,5.557801480477475e+18,1.996017422488778e+22,0.0,-19424.424,0.0,0.0,50.0,60.0,35,0.0,0.0,10.0,2.0,0.0,0.0,0.0,0.0,0.0,0.0,0.0,0.0,0.0,0.0,0.0,0.0,58.8,54,11,65508,26,65476,0,300,0,0,8,20529,65476,0,0,30147,60.0,0.0,10.0,10.0,2.0,0.0
2026-02-16T12:19:19,ERR,ERR,ERR,ERR,ERR,ERR,ERR,ERR,ERR,ERR,ERR,ERR,ERR,ERR,ERR,ERR,ERR,ERR,ERR,ERR,ERR,ERR,ERR,ERR,ERR,ERR,ERR,ERR,ERR,ERR,ERR,ERR,ERR,ERR,ERR,ERR,ERR,ERR,ERR,ERR,ERR,ERR,ERR,ERR,ERR,ERR,ERR,ERR,ERR,ERR,ERR,ERR,ERR,ERR,ERR,ERR,ERR,ERR,ERR,ERR,ERR,ERR,ERR,ERR,ERR,ERR,ERR,ERR,ERR,ERR,ERR,ERR,ERR,ERR,ERR,ERR,ERR,ERR,ERR,ERR,ERR,ERR,ERR,ERR,ERR,ERR,ERR,ERR,ERR,ERR,ERR,ERR,ERR,ERR,ERR,ERR,ERR,ERR,ERR,ERR,ERR,ERR,ERR,ERR,ERR,ERR,ERR,ERR,ERR,ERR,ERR,ERR,ERR,ERR,ERR,ERR,ERR,ERR,ERR,ERR,ERR,ERR,ERR,ERR,ERR,0.0,-2.7184523587222433e+23,0.0,-0.0,-3.950258854565486e+28,0.0,0.0,0.246,4300,0,8,17169,4300,0.0,42,0.0,0.0,-0.0,0.0,-107090432.0,0,0,0,0,0.0,0,0,0,0,0,0,0,0,0,0,0,0,0,0,0,0,0,0,0,0,0,0,0,0,0,0,0,0,0,0,0,0,0,11,36,36,47,65476,424,65476,1,0,4,21553,0.0,2.7183305813883192e+23,0.0,0.0,0.0,0.0,0.0,0.0,0.0,0.0,0.0,0.0,0.0,0.0,0.0,0.0,0.0,0.0,0.0,0.0,0.0,2.004,3.697062548517736e+19,-0.0,-3.6970739834386645e+19,-0.0,0.0,0.0,0.0,0.0,6129.0,1.0406697136471096e+34,0.0,0.0,-2.7184523587222433e+23,2.718449836706452e+23,0.0,0.0,0.0,2.004,2.004,221,-4.950400744235881e+32,5.848073509495957e+35,0.0,0.0,0.0,0.0,0.0,0.0,0.0,0,0,0,-0.0,0.0,1.1161238740821606e+17,-0.0,0.0,-5.252962357512842e+26,-1.346,2.283796246298624e+16,-53.569,-2.4706718732716926e+23,-0.0,881953344.0,0.0,0.0,0.0,0.0,0,1.3516416376850534e+27,221,0.0,442,0.0,-4.874214045655636e+32,2114,0,17110,13107,17112,0,17096,0,0,0,101,100,100,-0.0,64.4,-107615240.0,64.7,0.0,64.5,1,49,50,180,52429,0,0,0,0.0,0.0,0.0,60.0,30099664896.0,71.0,0.0,-0.0,0.0,1069,0,1070,0,0,0,1070,0,1081,0,1000,0,647,0,648,0,643,0,676,0.032,1.0551537610161864e+22,0.0,0.0,60816,16813,30099664896.0,-0.0,-2.5994023299018747e+35,-4.4595614598892303e+21,-1.523211352973082e+31,0.0,50.0,60.0,35,0.0,0.0,10.0,2.0,0.0,0.0,0.0,0.0,0.0,0.0,0.0,0.0,0.0,0.0,0.0,0.0,58.8,54,11,65508,26,65476,0,300,0,0,8,20529,65476,0,0,30147,60.0,0.0,10.0,10.0,2.0,0.0
2026-02-16T12:19:20,ERR,ERR,ERR,ERR,ERR,ERR,ERR,ERR,ERR,ERR,ERR,ERR,ERR,ERR,ERR,ERR,ERR,ERR,ERR,ERR,ERR,ERR,ERR,ERR,ERR,ERR,ERR,ERR,ERR,ERR,ERR,ERR,ERR,ERR,ERR,ERR,ERR,ERR,ERR,ERR,ERR,ERR,ERR,ERR,ERR,ERR,ERR,ERR,ERR,ERR,ERR,ERR,ERR,ERR,ERR,ERR,ERR,ERR,ERR,ERR,ERR,ERR,ERR,ERR,ERR,ERR,ERR,ERR,ERR,ERR,ERR,ERR,ERR,ERR,ERR,ERR,ERR,ERR,ERR,ERR,ERR,ERR,ERR,ERR,ERR,ERR,ERR,ERR,ERR,ERR,ERR,ERR,ERR,ERR,ERR,ERR,ERR,ERR,ERR,ERR,ERR,ERR,ERR,ERR,ERR,ERR,ERR,ERR,ERR,ERR,ERR,ERR,ERR,ERR,ERR,ERR,ERR,ERR,ERR,ERR,ERR,ERR,ERR,ERR,ERR,0.0,-2.7184523587222433e+23,0.0,-0.0,-3.950258854565486e+28,0.0,0.0,0.246,4300,0,8,17169,4300,0.0,42,0.0,0.0,-0.0,0.0,-107090432.0,0,0,0,0,0.0,0,0,0,0,0,0,0,0,0,0,0,0,0,0,0,0,0,0,0,0,0,0,0,0,0,0,0,0,0,0,0,0,0,11,36,36,47,65476,424,65476,1,0,4,21553,0.0,2.7183305813883192e+23,0.0,0.0,0.0,0.0,0.0,0.0,0.0,0.0,0.0,0.0,0.0,0.0,0.0,0.0,0.0,0.0,0.0,0.0,0.0,2.004,3.697062548517736e+19,-0.0,-3.6970739834386645e+19,-0.0,0.0,0.0,0.0,0.0,6129.0,1.0406697136471096e+34,0.0,0.0,-2.7184523587222433e+23,2.718449836706452e+23,0.0,0.0,0.0,2.004,2.004,221,-4.950400744235881e+32,5.848073509495957e+35,0.0,0.0,0.0,0.0,0.0,0.0,0.0,0,0,0,-0.0,0.0,1.1161238740821606e+17,-0.0,0.0,-5.252962357512842e+26,-1.346,2.283796246298624e+16,-53.569,-2.4706718732716926e+23,-0.0,881953344.0,0.0,0.0,0.0,0.0,0,1.3516416376850534e+27,221,0.0,442,0.0,-4.874214045655636e+32,2114,0,17110,13107,17112,0,17096,0,0,0,101,100,100,-0.0,64.4,-107615240.0,64.7,0.0,64.5,1,49,50,180,52429,0,0,0,0.0,0.0,0.0,60.0,30099664896.0,71.0,0.0,-0.0,0.0,1069,0,1070,0,0,0,1070,0,1081,0,1000,0,647,0,648,0,643,0,676,0.032,1.0551537610161864e+22,0.0,0.0,60816,16813,30099664896.0,-0.0,-2.5994023299018747e+35,-4.4595614598892303e+21,-1.523211352973082e+31,0.0,50.0,60.0,35,0.0,0.0,10.0,2.0,0.0,0.0,0.0,0.0,0.0,0.0,0.0,0.0,0.0,0.0,0.0,0.0,58.8,53,11,65508,26,65476,0,300,0,0,8,20529,65476,0,0,30147,60.0,0.0,10.0,10.0,2.0,0.0
2026-02-16T12:19:21,ERR,ERR,ERR,ERR,ERR,ERR,ERR,ERR,ERR,ERR,ERR,ERR,ERR,ERR,ERR,ERR,ERR,ERR,ERR,ERR,ERR,ERR,ERR,ERR,ERR,ERR,ERR,ERR,ERR,ERR,ERR,ERR,ERR,ERR,ERR,ERR,ERR,ERR,ERR,ERR,ERR,ERR,ERR,ERR,ERR,ERR,ERR,ERR,ERR,ERR,ERR,ERR,ERR,ERR,ERR,ERR,ERR,ERR,ERR,ERR,ERR,ERR,ERR,ERR,ERR,ERR,ERR,ERR,ERR,ERR,ERR,ERR,ERR,ERR,ERR,ERR,ERR,ERR,ERR,ERR,ERR,ERR,ERR,ERR,ERR,ERR,ERR,ERR,ERR,ERR,ERR,ERR,ERR,ERR,ERR,ERR,ERR,ERR,ERR,ERR,ERR,ERR,ERR,ERR,ERR,ERR,ERR,ERR,ERR,ERR,ERR,ERR,ERR,ERR,ERR,ERR,ERR,ERR,ERR,ERR,ERR,ERR,ERR,ERR,ERR,0.0,-2.7184523587222433e+23,0.0,-0.0,-3.950258854565486e+28,2.8627882868787535e+29,-0.0,-7.314015228194003e+26,4300,0,8,17169,4300,0.0,43,0.0,0.0,-0.0,0.0,-107090432.0,0,0,0,0,0.0,0,0,0,0,0,0,0,0,0,0,0,0,0,0,0,0,0,0,0,0,0,0,0,0,0,0,0,0,0,0,0,0,0,11,36,36,47,65476,421,65476,1,0,4,21553,0.0,-0.0,0.0,0.0,0.0,0.0,0.0,0.0,0.0,0.0,0.0,0.0,0.0,0.0,0.0,0.0,0.0,0.0,0.0,0.0,0.0,2.004,3.697062548517736e+19,-0.0,0.0,-0.0,0.0,0.0,0.0,0.0,6187.0,0.0,0.0,0.0,-2.7184523587222433e+23,-107616224.0,0.0,-0.0,0.0,2.004,2.004,221,-152017246879744.0,0.0,0.0,0.0,0.0,0.0,0.0,0.0,0.0,0,0,0,-0.0,-23254222848.0,9.240516380586709e+30,-8.421224648224748e+21,4.692549165748901e+25,-0.0,7.321,937477472256.0,0.0,-2.612342867757782e+23,-0.0,932284992.0,0.0,0.0,0.0,0.0,0,1.3516416376850534e+27,221,0.0,442,-2.637553503966331e+17,5.310760349218531e+19,2114,0,17110,13107,17112,0,17096,0,0,0,101,100,100,-0.0,64.4,-107615240.0,64.7,0.0,64.5,1,49,50,180,52429,0,0,0,0.0,0.0,0.0,60.0,30099664896.0,71.0,0.0,-0.0,0.0,1069,0,1070,0,0,0,1070,0,1081,0,1000,0,647,0,648,0,643,0,676,0.032,1.0551537610161864e+22,0.0,0.0,60816,16813,30099664896.0,-0.0,-2.5994023299018747e+35,-4.4595614598892303e+21,-1.523211352973082e+31,0.0,50.0,60.0,35,0.0,0.0,10.0,2.0,0.0,0.0,0.0,0.0,0.0,0.0,0.0,0.0,0.0,0.0,0.0,0.0,58.8,53,11,65508,26,65476,0,300,0,0,8,20529,65476,0,0,30147,60.0,0.0,10.0,10.0,2.0,0.0
2026-02-16T12:19:22,ERR,ERR,ERR,ERR,ERR,ERR,ERR,ERR,ERR,ERR,ERR,ERR,ERR,ERR,ERR,ERR,ERR,ERR,ERR,ERR,ERR,ERR,ERR,ERR,ERR,ERR,ERR,ERR,ERR,ERR,ERR,ERR,ERR,ERR,ERR,ERR,ERR,ERR,ERR,ERR,ERR,ERR,ERR,ERR,ERR,ERR,ERR,ERR,ERR,ERR,ERR,ERR,ERR,ERR,ERR,ERR,ERR,ERR,ERR,ERR,ERR,ERR,ERR,ERR,ERR,ERR,ERR,ERR,ERR,ERR,ERR,ERR,ERR,ERR,ERR,ERR,ERR,ERR,ERR,ERR,ERR,ERR,ERR,ERR,ERR,ERR,ERR,ERR,ERR,ERR,ERR,ERR,ERR,ERR,ERR,ERR,ERR,ERR,ERR,ERR,ERR,ERR,ERR,ERR,ERR,ERR,ERR,ERR,ERR,ERR,ERR,ERR,ERR,ERR,ERR,ERR,ERR,ERR,ERR,ERR,ERR,ERR,ERR,ERR,ERR,0.0,-2.7184523587222433e+23,0.0,-0.0,-3.950258854565486e+28,2.8627882868787535e+29,-0.0,-7.314015228194003e+26,4300,0,8,17169,4300,0.0,43,0.0,0.0,-0.0,0.0,-107090432.0,0,0,0,0,0.0,0,0,0,0,0,0,0,0,0,0,0,0,0,0,0,0,0,0,0,0,0,0,0,0,0,0,0,0,0,0,0,0,0,11,36,36,47,65476,421,65476,1,0,4,21553,0.0,-0.0,0.0,0.0,0.0,0.0,0.0,0.0,0.0,0.0,0.0,0.0,0.0,0.0,0.0,0.0,0.0,0.0,0.0,0.0,0.0,2.004,3.697062548517736e+19,-0.0,0.0,-0.0,0.0,0.0,0.0,0.0,6187.0,0.0,0.0,0.0,-2.7184523587222433e+23,-107616224.0,0.0,-0.0,0.0,2.004,2.004,221,-152017246879744.0,0.0,0.0,0.0,0.0,0.0,0.0,0.0,0.0,0,0,0,-0.0,-23254222848.0,9.240516380586709e+30,-8.421224648224748e+21,4.692549165748901e+25,-0.0,7.321,937477472256.0,0.0,-2.612342867757782e+23,-0.0,932284992.0,0.0,0.0,0.0,0.0,0,1.3516416376850534e+27,221,0.0,442,-2.637553503966331e+17,5.310760349218531e+19,2114,0,17110,13107,17112,0,17096,0,0,0,101,100,100,-0.0,64.4,-107615240.0,64.7,2.7302335952034594e+23,64.5,1,49,50,180,52429,0,0,0,0.0,0.0,0.0,60.0,0.0,71.0,0.0,-0.0,0.0,1069,0,1070,0,0,0,1070,0,1081,0,1000,0,647,0,649,0,643,0,676,0.032,1.0625324586456702e+22,0.0,0.0,59280,16813,0.0,-235423694848.0,-1479948556566528.0,11.11,-590873.812,-3.6811850236846494e+26,50.0,60.0,35,0.0,0.0,10.0,2.0,0.0,0.0,0.0,0.0,0.0,0.0,0.0,0.0,0.0,0.0,0.0,0.0,59.2,53,11,65508,26,65476,0,300,0,0,8,20529,65476,0,0,30147,60.0,0.0,10.0,10.0,2.0,0.0
2026-02-16T12:19:23,ERR,ERR,ERR,ERR,ERR,ERR,ERR,ERR,ERR,ERR,ERR,ERR,ERR,ERR,ERR,ERR,ERR,ERR,ERR,ERR,ERR,ERR,ERR,ERR,ERR,ERR,ERR,ERR,ERR,ERR,ERR,ERR,ERR,ERR,ERR,ERR,ERR,ERR,ERR,ERR,ERR,ERR,ERR,ERR,ERR,ERR,ERR,ERR,ERR,ERR,ERR,ERR,ERR,ERR,ERR,ERR,ERR,ERR,ERR,ERR,ERR,ERR,ERR,ERR,ERR,ERR,ERR,ERR,ERR,ERR,ERR,ERR,ERR,ERR,ERR,ERR,ERR,ERR,ERR,ERR,ERR,ERR,ERR,ERR,ERR,ERR,ERR,ERR,ERR,ERR,ERR,ERR,ERR,ERR,ERR,ERR,ERR,ERR,ERR,ERR,ERR,ERR,ERR,ERR,ERR,ERR,ERR,ERR,ERR,ERR,ERR,ERR,ERR,ERR,ERR,ERR,ERR,ERR,ERR,ERR,ERR,ERR,ERR,ERR,ERR,0.0,-2.7184523587222433e+23,0.0,-0.0,-3.950258854565486e+28,2.8627882868787535e+29,-0.0,-7.314015228194003e+26,4300,0,8,17169,4300,0.0,43,0.0,0.0,-0.0,0.0,-107090432.0,0,0,0,0,0.0,0,0,0,0,0,0,0,0,0,0,0,0,0,0,0,0,0,0,0,0,0,0,0,0,0,0,0,0,0,0,0,0,0,11,36,36,47,65476,421,65476,1,0,4,21553,0.0,-0.0,0.0,0.0,0.0,0.0,0.0,0.0,0.0,0.0,0.0,0.0,0.0,0.0,0.0,0.0,0.0,0.0,0.0,0.0,0.0,2.004,3.697062548517736e+19,-0.0,0.0,-0.0,0.0,0.0,0.0,0.0,6187.0,0.0,0.0,0.0,-2.7184523587222433e+23,-107616224.0,0.0,-0.0,0.0,2.004,2.004,221,-152017246879744.0,0.0,0.0,0.0,0.0,0.0,0.0,0.0,0.0,0,0,0,-0.0,-23254222848.0,9.240516380586709e+30,-8.421224648224748e+21,4.692549165748901e+25,-0.0,7.321,937477472256.0,0.0,-2.612342867757782e+23,-0.0,932284992.0,0.0,0.0,0.0,0.0,0,1.3516416376850534e+27,221,0.0,442,-2.637553503966331e+17,5.310760349218531e+19,2114,0,17110,13107,17112,0,17096,0,0,0,101,100,100,-0.0,64.4,-107615240.0,64.7,2.7302335952034594e+23,64.5,1,49,50,180,52429,0,0,0,0.0,0.0,0.0,60.0,0.0,71.0,0.0,-0.0,0.0,1069,0,1070,0,0,0,1070,0,1081,0,1000,0,647,0,649,0,643,0,676,0.032,1.0625324586456702e+22,0.0,0.0,59280,16813,0.0,-235423694848.0,-1479948556566528.0,11.11,-590873.812,-3.6811850236846494e+26,50.0,60.0,35,0.0,0.0,10.0,2.0,0.0,0.0,0.0,0.0,0.0,0.0,0.0,0.0,0.0,0.0,0.0,0.0,59.2,53,11,65509,26,65476,0,300,0,0,8,20529,65476,0,0,30147,60.0,0.0,10.0,10.0,2.0,0.0
2026-02-16T12:19:24,ERR,ERR,ERR,ERR,ERR,ERR,ERR,ERR,ERR,ERR,ERR,ERR,ERR,ERR,ERR,ERR,ERR,ERR,ERR,ERR,ERR,ERR,ERR,ERR,ERR,ERR,ERR,ERR,ERR,ERR,ERR,ERR,ERR,ERR,ERR,ERR,ERR,ERR,ERR,ERR,ERR,ERR,ERR,ERR,ERR,ERR,ERR,ERR,ERR,ERR,ERR,ERR,ERR,ERR,ERR,ERR,ERR,ERR,ERR,ERR,ERR,ERR,ERR,ERR,ERR,ERR,ERR,ERR,ERR,ERR,ERR,ERR,ERR,ERR,ERR,ERR,ERR,ERR,ERR,ERR,ERR,ERR,ERR,ERR,ERR,ERR,ERR,ERR,ERR,ERR,ERR,ERR,ERR,ERR,ERR,ERR,ERR,ERR,ERR,ERR,ERR,ERR,ERR,ERR,ERR,ERR,ERR,ERR,ERR,ERR,ERR,ERR,ERR,ERR,ERR,ERR,ERR,ERR,ERR,ERR,ERR,ERR,ERR,ERR,ERR,0.0,-2.7184523587222433e+23,0.0,-0.0,-3.950258854565486e+28,2.8627882868787535e+29,-0.0,-7.314015228194003e+26,4300,0,8,17169,4300,0.0,43,0.0,0.0,-0.0,0.0,-107090432.0,0,0,0,0,0.0,0,0,0,0,0,0,0,0,0,0,0,0,0,0,0,0,0,0,0,0,0,0,0,0,0,0,0,0,0,0,0,0,0,11,36,36,47,65476,421,65476,1,0,4,21553,0.0,-0.0,0.0,0.0,0.0,0.0,0.0,0.0,0.0,0.0,0.0,0.0,0.0,0.0,0.0,0.0,0.0,0.0,0.0,0.0,0.0,2.004,3.697062548517736e+19,-0.0,0.0,-0.0,0.0,0.0,0.0,0.0,6187.0,0.0,0.0,0.0,-2.7184523587222433e+23,-107616224.0,0.0,-0.0,0.0,2.004,2.004,221,-152017246879744.0,0.0,0.0,0.0,0.0,0.0,0.0,0.0,0.0,0,0,0,-0.0,-23254222848.0,9.240516380586709e+30,-8.421224648224748e+21,4.692549165748901e+25,-0.0,7.321,937477472256.0,0.0,-2.612342867757782e+23,-0.0,932284992.0,0.0,0.0,0.0,0.0,0,1.3516416376850534e+27,221,0.0,442,-2.637553503966331e+17,5.310760349218531e+19,2114,0,17110,13107,17112,0,17096,0,0,0,101,100,100,-0.0,64.4,-107615240.0,64.7,2.7302335952034594e+23,64.5,1,49,50,180,52429,0,0,0,0.0,0.0,0.0,60.0,0.0,71.0,0.0,-0.0,0.0,1069,0,1070,0,0,0,1070,0,1081,0,1000,0,647,0,649,0,643,0,676,0.032,1.0625324586456702e+22,0.0,0.0,59280,16813,0.0,-235423694848.0,-1479948556566528.0,11.11,-590873.812,-3.6811850236846494e+26,50.0,60.0,35,0.0,0.0,10.0,2.0,0.0,0.0,0.0,0.0,0.0,0.0,0.0,0.0,0.0,0.0,0.0,0.0,59.2,53,11,65509,26,65476,0,300,0,0,8,20529,65476,0,0,30147,60.0,0.0,10.0,10.0,2.0,0.0
2026-02-16T12:19:25,ERR,ERR,ERR,ERR,ERR,ERR,ERR,ERR,ERR,ERR,ERR,ERR,ERR,ERR,ERR,ERR,ERR,ERR,ERR,ERR,ERR,ERR,ERR,ERR,ERR,ERR,ERR,ERR,ERR,ERR,ERR,ERR,ERR,ERR,ERR,ERR,ERR,ERR,ERR,ERR,ERR,ERR,ERR,ERR,ERR,ERR,ERR,ERR,ERR,ERR,ERR,ERR,ERR,ERR,ERR,ERR,ERR,ERR,ERR,ERR,ERR,ERR,ERR,ERR,ERR,ERR,ERR,ERR,ERR,ERR,ERR,ERR,ERR,ERR,ERR,ERR,ERR,ERR,ERR,ERR,ERR,ERR,ERR,ERR,ERR,ERR,ERR,ERR,ERR,ERR,ERR,ERR,ERR,ERR,ERR,ERR,ERR,ERR,ERR,ERR,ERR,ERR,ERR,ERR,ERR,ERR,ERR,ERR,ERR,ERR,ERR,ERR,ERR,ERR,ERR,ERR,ERR,ERR,ERR,ERR,ERR,ERR,ERR,ERR,ERR,0.0,-2.7184523587222433e+23,0.0,-0.0,-3.950258854565486e+28,2.8627882868787535e+29,-0.0,-7.314015228194003e+26,4300,0,8,17169,4300,0.0,43,0.0,0.0,-0.0,0.0,-107090432.0,0,0,0,0,0.0,0,0,0,0,0,0,0,0,0,0,0,0,0,0,0,0,0,0,0,0,0,0,0,0,0,0,0,0,0,0,0,0,0,11,36,36,47,65476,421,65476,1,0,4,21553,0.0,-0.0,0.0,0.0,0.0,0.0,0.0,0.0,0.0,0.0,0.0,0.0,0.0,0.0,0.0,0.0,0.0,0.0,0.0,0.0,0.0,2.004,3.697062548517736e+19,-0.0,0.0,-0.0,0.0,0.0,0.0,0.0,6187.0,0.0,0.0,0.0,-2.7184523587222433e+23,-107616224.0,0.0,-0.0,0.0,2.004,2.004,221,-152017246879744.0,0.0,0.0,0.0,0.0,0.0,0.0,0.0,0.0,0,0,0,-0.0,-23254222848.0,9.240516380586709e+30,-8.421224648224748e+21,4.692549165748901e+25,-0.0,7.321,937477472256.0,0.0,-2.612342867757782e+23,-0.0,932284992.0,0.0,0.0,0.0,0.0,0,1.3516416376850534e+27,221,0.0,442,-2.637553503966331e+17,5.310760349218531e+19,2114,0,17110,13107,17112,0,17096,0,0,0,101,100,100,-0.0,64.4,-107615240.0,64.7,2.7302335952034594e+23,64.5,1,49,50,180,52429,0,0,0,0.0,0.0,0.0,60.0,0.0,71.0,0.0,-0.0,0.0,1069,0,1070,0,0,0,1070,0,1081,0,1000,0,647,0,649,0,643,0,676,0.032,1.0625324586456702e+22,0.0,0.0,59280,16813,0.0,-235423694848.0,-1479948556566528.0,11.11,-590873.812,-3.6811850236846494e+26,50.0,60.0,35,0.0,0.0,10.0,2.0,0.0,0.0,0.0,0.0,0.0,0.0,0.0,0.0,0.0,0.0,0.0,0.0,59.2,53,11,65509,25,65476,0,300,0,0,8,20529,65476,0,0,30147,60.0,0.0,10.0,10.0,2.0,0.0
2026-02-16T12:19:26,ERR,ERR,ERR,ERR,ERR,ERR,ERR,ERR,ERR,ERR,ERR,ERR,ERR,ERR,ERR,ERR,ERR,ERR,ERR,ERR,ERR,ERR,ERR,ERR,ERR,ERR,ERR,ERR,ERR,ERR,ERR,ERR,ERR,ERR,ERR,ERR,ERR,ERR,ERR,ERR,ERR,ERR,ERR,ERR,ERR,ERR,ERR,ERR,ERR,ERR,ERR,ERR,ERR,ERR,ERR,ERR,ERR,ERR,ERR,ERR,ERR,ERR,ERR,ERR,ERR,ERR,ERR,ERR,ERR,ERR,ERR,ERR,ERR,ERR,ERR,ERR,ERR,ERR,ERR,ERR,ERR,ERR,ERR,ERR,ERR,ERR,ERR,ERR,ERR,ERR,ERR,ERR,ERR,ERR,ERR,ERR,ERR,ERR,ERR,ERR,ERR,ERR,ERR,ERR,ERR,ERR,ERR,ERR,ERR,ERR,ERR,ERR,ERR,ERR,ERR,ERR,ERR,ERR,ERR,ERR,ERR,ERR,ERR,ERR,ERR,0.0,-2.7184523587222433e+23,0.0,-0.0,-3.950258854565486e+28,0.0,-44.819,1.572,4300,0,8,17168,4300,0.0,42,0.0,0.0,-0.0,0.0,-107090432.0,0,0,0,0,0.0,0,0,0,0,0,0,0,0,0,0,0,0,0,0,0,0,0,0,0,0,0,0,0,0,0,0,0,0,0,0,0,0,0,10,37,36,47,65476,414,65476,1,0,4,21553,0.0,0.0,0.0,0.0,0.0,0.0,0.0,0.0,0.0,0.0,0.0,0.0,0.0,0.0,0.0,0.0,0.0,0.0,0.0,0.0,0.0,2.004,3.697062548517736e+19,-0.0,0.0,3.69707618246192e+19,0.0,0.0,0.0,0.0,6213.0,0.0,0.0,0.0,-107616336.0,-107616224.0,-2.7184507374263774e+23,0.0,0.0,2.004,2.004,222,-0.0,-0.0,0.0,0.0,0.0,0.0,0.0,0.0,0.0,0,0,0,-3526875.75,-0.0,-0.0,-5.425169344399154e+37,2.1329923516393977e+32,-0.0,-0.0,-0.0,0.0,-2.7658197784510454e+23,-0.0,982616640.0,0.0,0.0,0.0,-16143.809,0,1.3516416376850534e+27,222,0.0,444,-0.0,0.0,2114,0,17110,13107,17112,0,17096,0,0,0,101,100,100,-0.0,64.4,-107615240.0,64.7,2.7302335952034594e+23,64.5,1,49,50,180,52429,0,0,0,0.0,0.0,0.0,60.0,0.0,71.0,0.0,-0.0,0.0,1069,0,1070,0,0,0,1070,0,1081,0,1000,0,647,0,649,0,643,0,676,0.032,1.0551537610161864e+22,0.0,0.0,60304,16813,24609.277,-0.0,-9.982225570924712e+35,-4.272363655583046e+22,-5.318440051951744e+30,0.0,50.0,60.0,35,0.0,0.0,10.0,2.0,0.0,0.0,0.0,0.0,0.0,0.0,0.0,0.0,0.0,0.0,0.0,0.0,59.2,53,11,65509,25,65476,0,300,0,0,8,20529,65476,0,0,30147,60.0,0.0,10.0,10.0,2.0,0.0
2026-02-16T12:19:27,ERR,ERR,ERR,ERR,ERR,ERR,ERR,ERR,ERR,ERR,ERR,ERR,ERR,ERR,ERR,ERR,ERR,ERR,ERR,ERR,ERR,ERR,ERR,ERR,ERR,ERR,ERR,ERR,ERR,ERR,ERR,ERR,ERR,ERR,ERR,ERR,ERR,ERR,ERR,ERR,ERR,ERR,ERR,ERR,ERR,ERR,ERR,ERR,ERR,ERR,ERR,ERR,ERR,ERR,ERR,ERR,ERR,ERR,ERR,ERR,ERR,ERR,ERR,ERR,ERR,ERR,ERR,ERR,ERR,ERR,ERR,ERR,ERR,ERR,ERR,ERR,ERR,ERR,ERR,ERR,ERR,ERR,ERR,ERR,ERR,ERR,ERR,ERR,ERR,ERR,ERR,ERR,ERR,ERR,ERR,ERR,ERR,ERR,ERR,ERR,ERR,ERR,ERR,ERR,ERR,ERR,ERR,ERR,ERR,ERR,ERR,ERR,ERR,ERR,ERR,ERR,ERR,ERR,ERR,ERR,ERR,ERR,ERR,ERR,ERR,0.0,-2.7184523587222433e+23,0.0,-0.0,-3.950258854565486e+28,0.0,-44.819,1.572,4300,0,8,17168,4300,0.0,42,0.0,0.0,-0.0,0.0,-107090432.0,0,0,0,0,0.0,0,0,0,0,0,0,0,0,0,0,0,0,0,0,0,0,0,0,0,0,0,0,0,0,0,0,0,0,0,0,0,0,0,10,37,36,47,65476,414,65476,1,0,4,21553,0.0,0.0,0.0,0.0,0.0,0.0,0.0,0.0,0.0,0.0,0.0,0.0,0.0,0.0,0.0,0.0,0.0,0.0,0.0,0.0,0.0,2.004,3.697062548517736e+19,-0.0,0.0,3.69707618246192e+19,0.0,0.0,0.0,0.0,6213.0,0.0,0.0,0.0,-107616336.0,-107616224.0,-2.7184507374263774e+23,0.0,0.0,2.004,2.004,222,-0.0,-0.0,0.0,0.0,0.0,0.0,0.0,0.0,0.0,0,0,0,-3526875.75,-0.0,-0.0,-5.425169344399154e+37,2.1329923516393977e+32,-0.0,-0.0,-0.0,0.0,-2.7658197784510454e+23,-0.0,982616640.0,0.0,0.0,0.0,-16143.809,0,1.3516416376850534e+27,222,0.0,444,-0.0,0.0,2114,0,17110,13107,17112,0,17096,0,0,0,101,100,100,-0.0,64.4,-107615240.0,64.7,2.7302335952034594e+23,64.5,1,49,50,180,52429,0,0,0,0.0,0.0,0.0,60.0,0.0,71.0,0.0,-0.0,0.0,1069,0,1070,0,0,0,1070,0,1081,0,1000,0,647,0,649,0,643,0,676,0.032,1.0551537610161864e+22,0.0,0.0,60304,16813,24609.277,-0.0,-9.982225570924712e+35,-4.272363655583046e+22,-5.318440051951744e+30,0.0,50.0,60.0,35,0.0,0.0,10.0,2.0,0.0,0.0,0.0,0.0,0.0,0.0,0.0,0.0,0.0,0.0,0.0,0.0,58.8,52,12,65509,25,65476,0,300,0,0,8,20529,65476,0,0,30147,60.0,0.0,10.0,10.0,2.0,0.0
2026-02-16T12:19:28,ERR,ERR,ERR,ERR,ERR,ERR,ERR,ERR,ERR,ERR,ERR,ERR,ERR,ERR,ERR,ERR,ERR,ERR,ERR,ERR,ERR,ERR,ERR,ERR,ERR,ERR,ERR,ERR,ERR,ERR,ERR,ERR,ERR,ERR,ERR,ERR,ERR,ERR,ERR,ERR,ERR,ERR,ERR,ERR,ERR,ERR,ERR,ERR,ERR,ERR,ERR,ERR,ERR,ERR,ERR,ERR,ERR,ERR,ERR,ERR,ERR,ERR,ERR,ERR,ERR,ERR,ERR,ERR,ERR,ERR,ERR,ERR,ERR,ERR,ERR,ERR,ERR,ERR,ERR,ERR,ERR,ERR,ERR,ERR,ERR,ERR,ERR,ERR,ERR,ERR,ERR,ERR,ERR,ERR,ERR,ERR,ERR,ERR,ERR,ERR,ERR,ERR,ERR,ERR,ERR,ERR,ERR,ERR,ERR,ERR,ERR,ERR,ERR,ERR,ERR,ERR,ERR,ERR,ERR,ERR,ERR,ERR,ERR,ERR,ERR,0.0,-2.7184523587222433e+23,0.0,-0.0,-3.950258854565486e+28,0.0,-44.819,1.572,4300,0,8,17168,4300,0.0,42,0.0,0.0,-0.0,0.0,-107090432.0,0,0,0,0,0.0,0,0,0,0,0,0,0,0,0,0,0,0,0,0,0,0,0,0,0,0,0,0,0,0,0,0,0,0,0,0,0,0,0,10,37,36,47,65476,414,65476,1,0,4,21553,0.0,0.0,0.0,0.0,0.0,0.0,0.0,0.0,0.0,0.0,0.0,0.0,0.0,0.0,0.0,0.0,0.0,0.0,0.0,0.0,0.0,2.004,3.697062548517736e+19,-0.0,0.0,3.69707618246192e+19,0.0,0.0,0.0,0.0,6213.0,0.0,0.0,0.0,-107616336.0,-107616224.0,-2.7184507374263774e+23,0.0,0.0,2.004,2.004,222,-0.0,-0.0,0.0,0.0,0.0,0.0,0.0,0.0,0.0,0,0,0,-3526875.75,-0.0,-0.0,-5.425169344399154e+37,2.1329923516393977e+32,-0.0,-0.0,-0.0,0.0,-2.7658197784510454e+23,-0.0,982616640.0,0.0,0.0,0.0,-16143.809,0,1.3516416376850534e+27,222,0.0,444,-0.0,0.0,2114,0,17110,13107,17112,0,17096,0,0,0,101,100,100,-0.0,64.4,-107615240.0,64.7,2.7302335952034594e+23,64.5,1,49,50,180,52429,0,0,0,0.0,0.0,0.0,60.0,0.0,71.0,0.0,-0.0,0.0,1069,0,1070,0,0,0,1070,0,1081,0,1000,0,647,0,649,0,643,0,676,0.032,1.0551537610161864e+22,0.0,0.0,60304,16813,24609.277,-0.0,-9.982225570924712e+35,-4.272363655583046e+22,-5.318440051951744e+30,0.0,50.0,60.0,35,0.0,0.0,10.0,2.0,0.0,0.0,0.0,0.0,0.0,0.0,0.0,0.0,0.0,0.0,0.0,0.0,59.2,52,12,65509,25,65476,0,300,0,0,8,20529,65476,0,0,30147,60.0,0.0,10.0,10.0,2.0,0.0
2026-02-16T12:19:29,ERR,ERR,ERR,ERR,ERR,ERR,ERR,ERR,ERR,ERR,ERR,ERR,ERR,ERR,ERR,ERR,ERR,ERR,ERR,ERR,ERR,ERR,ERR,ERR,ERR,ERR,ERR,ERR,ERR,ERR,ERR,ERR,ERR,ERR,ERR,ERR,ERR,ERR,ERR,ERR,ERR,ERR,ERR,ERR,ERR,ERR,ERR,ERR,ERR,ERR,ERR,ERR,ERR,ERR,ERR,ERR,ERR,ERR,ERR,ERR,ERR,ERR,ERR,ERR,ERR,ERR,ERR,ERR,ERR,ERR,ERR,ERR,ERR,ERR,ERR,ERR,ERR,ERR,ERR,ERR,ERR,ERR,ERR,ERR,ERR,ERR,ERR,ERR,ERR,ERR,ERR,ERR,ERR,ERR,ERR,ERR,ERR,ERR,ERR,ERR,ERR,ERR,ERR,ERR,ERR,ERR,ERR,ERR,ERR,ERR,ERR,ERR,ERR,ERR,ERR,ERR,ERR,ERR,ERR,ERR,ERR,ERR,ERR,ERR,ERR,0.0,-2.7184523587222433e+23,0.0,-0.0,-3.950258854565486e+28,0.0,-44.819,1.572,4300,0,8,17168,4300,0.0,42,0.0,0.0,-0.0,0.0,-107090432.0,0,0,0,0,0.0,0,0,0,0,0,0,0,0,0,0,0,0,0,0,0,0,0,0,0,0,0,0,0,0,0,0,0,0,0,0,0,0,0,10,37,36,47,65476,414,65476,1,0,4,21553,0.0,0.0,0.0,0.0,0.0,0.0,0.0,0.0,0.0,0.0,0.0,0.0,0.0,0.0,0.0,0.0,0.0,0.0,0.0,0.0,0.0,2.004,3.697062548517736e+19,-0.0,0.0,3.69707618246192e+19,0.0,0.0,0.0,0.0,6213.0,0.0,0.0,0.0,-107616336.0,-107616224.0,-2.7184507374263774e+23,0.0,0.0,2.004,2.004,222,-0.0,-0.0,0.0,0.0,0.0,0.0,0.0,0.0,0.0,0,0,0,-3526875.75,-0.0,-0.0,-5.425169344399154e+37,2.1329923516393977e+32,-0.0,-0.0,-0.0,0.0,-2.7658197784510454e+23,-0.0,982616640.0,0.0,0.0,0.0,-16143.809,0,1.3516416376850534e+27,222,0.0,444,-0.0,0.0,2114,0,17110,13107,17112,0,17096,0,0,0,101,100,100,-0.0,64.4,-107615240.0,64.7,2.7302335952034594e+23,64.5,1,49,50,180,52429,0,0,0,0.0,0.0,0.0,60.0,308.52,71.0,0.0,1.6447535066273284e+19,0.0,1069,0,1070,0,0,0,1070,0,1081,0,1000,0,647,0,649,0,643,0,676,0.032,1.0625324586456702e+22,0.0,0.0,10640,16814,31229212.0,1.6447535066273284e+19,-57737392.0,2985059418112.0,-4.196,-3.693041766436354e+22,50.0,60.0,35,0.0,0.0,10.0,2.0,0.0,0.0,0.0,0.0,0.0,0.0,0.0,0.0,0.0,0.0,0.0,0.0,59.2,52,12,65509,25,65476,0,300,0,0,8,20529,65476,0,0,30147,60.0,0.0,10.0,10.0,2.0,0.0
2026-02-16T12:19:30,ERR,ERR,ERR,ERR,ERR,ERR,ERR,ERR,ERR,ERR,ERR,ERR,ERR,ERR,ERR,ERR,ERR,ERR,ERR,ERR,ERR,ERR,ERR,ERR,ERR,ERR,ERR,ERR,ERR,ERR,ERR,ERR,ERR,ERR,ERR,ERR,ERR,ERR,ERR,ERR,ERR,ERR,ERR,ERR,ERR,ERR,ERR,ERR,ERR,ERR,ERR,ERR,ERR,ERR,ERR,ERR,ERR,ERR,ERR,ERR,ERR,ERR,ERR,ERR,ERR,ERR,ERR,ERR,ERR,ERR,ERR,ERR,ERR,ERR,ERR,ERR,ERR,ERR,ERR,ERR,ERR,ERR,ERR,ERR,ERR,ERR,ERR,ERR,ERR,ERR,ERR,ERR,ERR,ERR,ERR,ERR,ERR,ERR,ERR,ERR,ERR,ERR,ERR,ERR,ERR,ERR,ERR,ERR,ERR,ERR,ERR,ERR,ERR,ERR,ERR,ERR,ERR,ERR,ERR,ERR,ERR,ERR,ERR,ERR,ERR,0.0,-2.7184523587222433e+23,0.0,-0.0,-3.950258854565486e+28,0.0,-44.819,1.572,4300,0,8,17168,4300,0.0,42,0.0,0.0,-0.0,0.0,-107090432.0,0,0,0,0,0.0,0,0,0,0,0,0,0,0,0,0,0,0,0,0,0,0,0,0,0,0,0,0,0,0,0,0,0,0,0,0,0,0,0,10,37,36,47,65476,414,65476,1,0,4,21553,0.0,0.0,0.0,0.0,0.0,0.0,0.0,0.0,0.0,0.0,0.0,0.0,0.0,0.0,0.0,0.0,0.0,0.0,0.0,0.0,0.0,2.004,3.697062548517736e+19,-0.0,0.0,3.69707618246192e+19,0.0,0.0,0.0,0.0,6213.0,0.0,0.0,0.0,-107616336.0,-107616224.0,-2.7184507374263774e+23,0.0,0.0,2.004,2.004,222,-0.0,-0.0,0.0,0.0,0.0,0.0,0.0,0.0,0.0,0,0,0,-3526875.75,-0.0,-0.0,-5.425169344399154e+37,2.1329923516393977e+32,-0.0,-0.0,-0.0,0.0,-2.7658197784510454e+23,-0.0,982616640.0,0.0,0.0,0.0,-16143.809,0,1.3516416376850534e+27,222,0.0,444,-0.0,0.0,2114,0,17110,13107,17112,0,17096,0,0,0,101,100,100,-0.0,64.4,-107615240.0,64.7,2.7302335952034594e+23,64.5,1,49,50,180,52429,0,0,0,0.0,0.0,0.0,60.0,308.52,71.0,0.0,1.6447535066273284e+19,0.0,1069,0,1070,0,0,0,1070,0,1081,0,1000,0,647,0,649,0,643,0,676,0.032,1.0625324586456702e+22,0.0,0.0,10640,16814,31229212.0,1.6447535066273284e+19,-57737392.0,2985059418112.0,-4.196,-3.693041766436354e+22,50.0,60.0,35,0.0,0.0,10.0,2.0,0.0,0.0,0.0,0.0,0.0,0.0,0.0,0.0,0.0,0.0,0.0,0.0,58.8,52,12,65509,25,65476,0,300,0,0,8,20529,65476,0,0,30147,60.0,0.0,10.0,10.0,2.0,0.0
2026-02-16T12:19:31,ERR,ERR,ERR,ERR,ERR,ERR,ERR,ERR,ERR,ERR,ERR,ERR,ERR,ERR,ERR,ERR,ERR,ERR,ERR,ERR,ERR,ERR,ERR,ERR,ERR,ERR,ERR,ERR,ERR,ERR,ERR,ERR,ERR,ERR,ERR,ERR,ERR,ERR,ERR,ERR,ERR,ERR,ERR,ERR,ERR,ERR,ERR,ERR,ERR,ERR,ERR,ERR,ERR,ERR,ERR,ERR,ERR,ERR,ERR,ERR,ERR,ERR,ERR,ERR,ERR,ERR,ERR,ERR,ERR,ERR,ERR,ERR,ERR,ERR,ERR,ERR,ERR,ERR,ERR,ERR,ERR,ERR,ERR,ERR,ERR,ERR,ERR,ERR,ERR,ERR,ERR,ERR,ERR,ERR,ERR,ERR,ERR,ERR,ERR,ERR,ERR,ERR,ERR,ERR,ERR,ERR,ERR,ERR,ERR,ERR,ERR,ERR,ERR,ERR,ERR,ERR,ERR,ERR,ERR,ERR,ERR,ERR,ERR,ERR,ERR,0.0,-107616336.0,-108138544.0,-0.0,-0.0,0.0,-2.618490879327173e+25,-0.0,4300,0,8,17168,4300,0.0,41,0.0,0.0,-0.0,0.0,0.0,0,0,0,0,0.0,0,0,0,0,0,0,0,0,0,0,0,0,0,0,0,0,0,0,0,0,0,0,0,0,0,0,0,0,0,0,0,0,0,10,37,36,47,65476,414,65476,1,0,4,21553,0.0,-0.0,0.0,0.0,0.0,0.0,0.0,0.0,0.0,0.0,0.0,0.0,0.0,0.0,0.0,0.0,0.0,0.0,0.0,0.0,0.0,2.004,3.697062548517736e+19,-0.0,0.0,2.004,0.0,0.0,0.0,0.0,6243.0,0.0,0.0,0.0,-107616336.0,-107616224.0,-0.0,-0.0,0.0,2.004,2.004,221,-0.0,-0.0,0.0,0.0,0.0,0.0,0.0,0.0,0.0,0,0,0,-0.0,-8186465091584.0,63844084875264.0,40334516224.0,7558586368.0,-192159376.0,-4168.758,1.0168202462393972e+27,0.001,-2.9074907729371348e+23,-0.0,1037142592.0,0.0,0.0,0.0,-49545920643072.0,0,1.3516416376850534e+27,221,0.0,442,-2.637553503966331e+17,5.310760349218531e+19,2114,0,17110,13107,17112,0,17096,0,0,0,101,100,100,-0.0,64.4,-107615240.0,64.7,2.7302335952034594e+23,64.5,1,49,50,180,52429,0,0,0,0.0,0.0,0.0,60.0,308.52,71.0,0.0,1.6447535066273284e+19,0.0,1069,0,1070,0,0,0,1070,0,1081,0,1000,0,647,0,649,0,643,0,676,0.032,1.0625324586456702e+22,0.0,0.0,10640,16814,31229212.0,1.6447535066273284e+19,-57737392.0,2985059418112.0,-4.196,-3.693041766436354e+22,50.0,60.0,35,0.0,0.0,10.0,2.0,0.0,0.0,0.0,0.0,0.0,0.0,0.0,0.0,0.0,0.0,0.0,0.0,58.8,52,12,65509,25,65476,0,300,0,0,8,20529,65476,0,0,30147,60.0,0.0,10.0,10.0,2.0,0.0
2026-02-16T12:19:32,ERR,ERR,ERR,ERR,ERR,ERR,ERR,ERR,ERR,ERR,ERR,ERR,ERR,ERR,ERR,ERR,ERR,ERR,ERR,ERR,ERR,ERR,ERR,ERR,ERR,ERR,ERR,ERR,ERR,ERR,ERR,ERR,ERR,ERR,ERR,ERR,ERR,ERR,ERR,ERR,ERR,ERR,ERR,ERR,ERR,ERR,ERR,ERR,ERR,ERR,ERR,ERR,ERR,ERR,ERR,ERR,ERR,ERR,ERR,ERR,ERR,ERR,ERR,ERR,ERR,ERR,ERR,ERR,ERR,ERR,ERR,ERR,ERR,ERR,ERR,ERR,ERR,ERR,ERR,ERR,ERR,ERR,ERR,ERR,ERR,ERR,ERR,ERR,ERR,ERR,ERR,ERR,ERR,ERR,ERR,ERR,ERR,ERR,ERR,ERR,ERR,ERR,ERR,ERR,ERR,ERR,ERR,ERR,ERR,ERR,ERR,ERR,ERR,ERR,ERR,ERR,ERR,ERR,ERR,ERR,ERR,ERR,ERR,ERR,ERR,0.0,-107616336.0,-108138544.0,-0.0,-0.0,0.0,-2.618490879327173e+25,-0.0,4300,0,8,17168,4300,0.0,41,0.0,0.0,-0.0,0.0,0.0,0,0,0,0,0.0,0,0,0,0,0,0,0,0,0,0,0,0,0,0,0,0,0,0,0,0,0,0,0,0,0,0,0,0,0,0,0,0,0,10,37,36,47,65476,414,65476,1,0,4,21553,0.0,-0.0,0.0,0.0,0.0,0.0,0.0,0.0,0.0,0.0,0.0,0.0,0.0,0.0,0.0,0.0,0.0,0.0,0.0,0.0,0.0,2.004,3.697062548517736e+19,-0.0,0.0,2.004,0.0,0.0,0.0,0.0,6243.0,0.0,0.0,0.0,-107616336.0,-107616224.0,-0.0,-0.0,0.0,2.004,2.004,221,-0.0,-0.0,0.0,0.0,0.0,0.0,0.0,0.0,0.0,0,0,0,-0.0,-8186465091584.0,63844084875264.0,40334516224.0,7558586368.0,-192159376.0,-4168.758,1.0168202462393972e+27,0.001,-2.9074907729371348e+23,-0.0,1037142592.0,0.0,0.0,0.0,-49545920643072.0,0,1.3516416376850534e+27,221,0.0,442,-2.637553503966331e+17,5.310760349218531e+19,2114,0,17110,13107,17112,0,17096,0,0,0,101,100,100,-0.0,64.4,-107615240.0,64.7,2.7302335952034594e+23,64.5,1,49,50,180,52429,0,0,0,0.0,0.0,0.0,60.0,4.256268421018772e+23,71.0,0.0,0.116,0.0,1069,0,1070,0,0,0,1070,0,1081,0,1000,0,647,0,649,0,643,0,676,0.032,1.0477750633867025e+22,0.0,0.0,19088,16814,4.256268421018772e+23,0.116,-1.010423757502198e+37,-4033031176192.0,-1.7167849519308734e+35,0.0,50.0,60.0,35,0.0,0.0,10.0,2.0,0.0,0.0,0.0,0.0,0.0,0.0,0.0,0.0,0.0,0.0,0.0,0.0,58.8,52,12,65509,25,65476,0,300,0,0,8,20529,65476,0,0,30147,60.0,0.0,10.0,10.0,2.0,0.0
2026-02-16T12:19:33,ERR,ERR,ERR,ERR,ERR,ERR,ERR,ERR,ERR,ERR,ERR,ERR,ERR,ERR,ERR,ERR,ERR,ERR,ERR,ERR,ERR,ERR,ERR,ERR,ERR,ERR,ERR,ERR,ERR,ERR,ERR,ERR,ERR,ERR,ERR,ERR,ERR,ERR,ERR,ERR,ERR,ERR,ERR,ERR,ERR,ERR,ERR,ERR,ERR,ERR,ERR,ERR,ERR,ERR,ERR,ERR,ERR,ERR,ERR,ERR,ERR,ERR,ERR,ERR,ERR,ERR,ERR,ERR,ERR,ERR,ERR,ERR,ERR,ERR,ERR,ERR,ERR,ERR,ERR,ERR,ERR,ERR,ERR,ERR,ERR,ERR,ERR,ERR,ERR,ERR,ERR,ERR,ERR,ERR,ERR,ERR,ERR,ERR,ERR,ERR,ERR,ERR,ERR,ERR,ERR,ERR,ERR,ERR,ERR,ERR,ERR,ERR,ERR,ERR,ERR,ERR,ERR,ERR,ERR,ERR,ERR,ERR,ERR,ERR,ERR,0.0,-107616336.0,-108138544.0,-0.0,-0.0,0.0,-2.618490879327173e+25,-0.0,4300,0,8,17168,4300,0.0,41,0.0,0.0,-0.0,0.0,0.0,0,0,0,0,0.0,0,0,0,0,0,0,0,0,0,0,0,0,0,0,0,0,0,0,0,0,0,0,0,0,0,0,0,0,0,0,0,0,0,10,37,36,47,65476,414,65476,1,0,4,21553,0.0,-0.0,0.0,0.0,0.0,0.0,0.0,0.0,0.0,0.0,0.0,0.0,0.0,0.0,0.0,0.0,0.0,0.0,0.0,0.0,0.0,2.004,3.697062548517736e+19,-0.0,0.0,2.004,0.0,0.0,0.0,0.0,6243.0,0.0,0.0,0.0,-107616336.0,-107616224.0,-0.0,-0.0,0.0,2.004,2.004,221,-0.0,-0.0,0.0,0.0,0.0,0.0,0.0,0.0,0.0,0,0,0,-0.0,-8186465091584.0,63844084875264.0,40334516224.0,7558586368.0,-192159376.0,-4168.758,1.0168202462393972e+27,0.001,-2.9074907729371348e+23,-0.0,1037142592.0,0.0,0.0,0.0,-49545920643072.0,0,1.3516416376850534e+27,221,0.0,442,-2.637553503966331e+17,5.310760349218531e+19,2114,0,17110,13107,17112,0,17096,0,0,0,101,100,100,-0.0,64.4,-107615240.0,64.7,2.7302335952034594e+23,64.5,1,49,50,180,52429,0,0,0,0.0,0.0,0.0,60.0,4.256268421018772e+23,71.0,0.0,0.116,0.0,1069,0,1070,0,0,0,1070,0,1081,0,1000,0,647,0,649,0,643,0,676,0.032,1.0477750633867025e+22,0.0,0.0,19088,16814,4.256268421018772e+23,0.116,-1.010423757502198e+37,-4033031176192.0,-1.7167849519308734e+35,0.0,50.0,60.0,35,0.0,0.0,10.0,2.0,0.0,0.0,0.0,0.0,0.0,0.0,0.0,0.0,0.0,0.0,0.0,0.0,58.8,52,12,65509,25,65476,0,300,0,0,8,20529,65476,0,0,30147,60.0,0.0,10.0,10.0,2.0,0.0
2026-02-16T12:19:34,ERR,ERR,ERR,ERR,ERR,ERR,ERR,ERR,ERR,ERR,ERR,ERR,ERR,ERR,ERR,ERR,ERR,ERR,ERR,ERR,ERR,ERR,ERR,ERR,ERR,ERR,ERR,ERR,ERR,ERR,ERR,ERR,ERR,ERR,ERR,ERR,ERR,ERR,ERR,ERR,ERR,ERR,ERR,ERR,ERR,ERR,ERR,ERR,ERR,ERR,ERR,ERR,ERR,ERR,ERR,ERR,ERR,ERR,ERR,ERR,ERR,ERR,ERR,ERR,ERR,ERR,ERR,ERR,ERR,ERR,ERR,ERR,ERR,ERR,ERR,ERR,ERR,ERR,ERR,ERR,ERR,ERR,ERR,ERR,ERR,ERR,ERR,ERR,ERR,ERR,ERR,ERR,ERR,ERR,ERR,ERR,ERR,ERR,ERR,ERR,ERR,ERR,ERR,ERR,ERR,ERR,ERR,ERR,ERR,ERR,ERR,ERR,ERR,ERR,ERR,ERR,ERR,ERR,ERR,ERR,ERR,ERR,ERR,ERR,ERR,0.0,-107616336.0,-108138544.0,-0.0,-0.0,0.0,-2.618490879327173e+25,-0.0,4300,0,8,17168,4300,0.0,41,0.0,0.0,-0.0,0.0,0.0,0,0,0,0,0.0,0,0,0,0,0,0,0,0,0,0,0,0,0,0,0,0,0,0,0,0,0,0,0,0,0,0,0,0,0,0,0,0,0,10,37,36,47,65476,414,65476,1,0,4,21553,0.0,-0.0,0.0,0.0,0.0,0.0,0.0,0.0,0.0,0.0,0.0,0.0,0.0,0.0,0.0,0.0,0.0,0.0,0.0,0.0,0.0,2.004,3.697062548517736e+19,-0.0,0.0,2.004,0.0,0.0,0.0,0.0,6243.0,0.0,0.0,0.0,-107616336.0,-107616224.0,-0.0,-0.0,0.0,2.004,2.004,221,-0.0,-0.0,0.0,0.0,0.0,0.0,0.0,0.0,0.0,0,0,0,-0.0,-8186465091584.0,63844084875264.0,40334516224.0,7558586368.0,-192159376.0,-4168.758,1.0168202462393972e+27,0.001,-2.9074907729371348e+23,-0.0,1037142592.0,0.0,0.0,0.0,-49545920643072.0,0,1.3516416376850534e+27,221,0.0,442,-2.637553503966331e+17,5.310760349218531e+19,2114,0,17110,13107,17112,0,17096,0,0,0,101,100,100,-0.0,64.4,-107615240.0,64.7,2.7302335952034594e+23,64.5,1,49,50,180,52429,0,0,0,0.0,0.0,0.0,60.0,4.256268421018772e+23,71.0,0.0,0.116,0.0,1069,0,1070,0,0,0,1070,0,1081,0,1000,0,647,0,649,0,643,0,676,0.032,1.0477750633867025e+22,0.0,0.0,19088,16814,4.256268421018772e+23,0.116,-1.010423757502198e+37,-4033031176192.0,-1.7167849519308734e+35,0.0,50.0,60.0,35,0.0,0.0,10.0,2.0,0.0,0.0,0.0,0.0,0.0,0.0,0.0,0.0,0.0,0.0,0.0,0.0,58.8,52,12,65509,25,65476,0,300,0,0,8,20529,65476,0,0,30147,60.0,0.0,10.0,10.0,2.0,0.0
2026-02-16T12:19:35,ERR,ERR,ERR,ERR,ERR,ERR,ERR,ERR,ERR,ERR,ERR,ERR,ERR,ERR,ERR,ERR,ERR,ERR,ERR,ERR,ERR,ERR,ERR,ERR,ERR,ERR,ERR,ERR,ERR,ERR,ERR,ERR,ERR,ERR,ERR,ERR,ERR,ERR,ERR,ERR,ERR,ERR,ERR,ERR,ERR,ERR,ERR,ERR,ERR,ERR,ERR,ERR,ERR,ERR,ERR,ERR,ERR,ERR,ERR,ERR,ERR,ERR,ERR,ERR,ERR,ERR,ERR,ERR,ERR,ERR,ERR,ERR,ERR,ERR,ERR,ERR,ERR,ERR,ERR,ERR,ERR,ERR,ERR,ERR,ERR,ERR,ERR,ERR,ERR,ERR,ERR,ERR,ERR,ERR,ERR,ERR,ERR,ERR,ERR,ERR,ERR,ERR,ERR,ERR,ERR,ERR,ERR,ERR,ERR,ERR,ERR,ERR,ERR,ERR,ERR,ERR,ERR,ERR,ERR,ERR,ERR,ERR,ERR,ERR,ERR,0.0,-107616336.0,-108138544.0,-0.0,-0.0,0.0,-0.0,-5.6781447433756973e+20,4300,0,8,17168,4300,0.0,41,0.0,0.0,-0.0,0.0,0.0,0,0,0,0,0.0,0,0,0,0,0,0,0,0,0,0,0,0,0,0,0,0,0,0,0,0,0,0,0,0,0,0,0,0,0,0,0,0,0,10,37,36,46,65476,414,65476,1,0,4,21553,0.0,0.0,-0.0,0.0,0.0,0.0,0.0,0.0,0.0,0.0,0.0,0.0,0.0,0.0,0.0,0.0,0.0,0.0,0.0,0.0,0.0,2.004,3.697062548517736e+19,-0.0,0.0,0.0,0.0,0.0,0.0,0.0,6303.0,2.004,0.0,0.0,-107616336.0,0.0,-0.0,0.0,0.0,2.004,2.004,222,1.905685579169792e+17,0.0,0.0,0.0,0.0,0.0,0.0,0.0,0.0,0,0,0,-0.0,-0.0,1.2994094387754435e+18,-2.9313924696898745e+20,3628298240.0,-27.657,-1621297152.0,-1.7048126695436152e+27,-0.0,-3.076008985809875e+23,-0.0,1101206656.0,0.0,0.0,0.0,-0.0,0,1.3516416376850534e+27,222,0.0,444,-0.0,0.0,2114,0,17110,13107,17112,0,17096,0,0,0,101,100,100,-0.0,64.4,-107615240.0,64.7,2.7302335952034594e+23,64.5,1,49,50,180,52429,0,0,0,0.0,0.0,0.0,60.0,4.256268421018772e+23,71.0,0.0,0.116,0.0,1069,0,1070,0,0,0,1070,0,1081,0,1000,0,647,0,649,0,643,0,676,0.032,1.0477750633867025e+22,0.0,0.0,19088,16814,4.256268421018772e+23,0.116,-1.010423757502198e+37,-4033031176192.0,-1.7167849519308734e+35,0.0,50.0,60.0,35,0.0,0.0,10.0,2.0,0.0,0.0,0.0,0.0,0.0,0.0,0.0,0.0,0.0,0.0,0.0,0.0,58.8,52,12,65509,25,65476,0,300,0,0,8,20529,65476,0,0,30147,60.0,0.0,10.0,10.0,2.0,0.0
2026-02-16T12:19:36,ERR,ERR,ERR,ERR,ERR,ERR,ERR,ERR,ERR,ERR,ERR,ERR,ERR,ERR,ERR,ERR,ERR,ERR,ERR,ERR,ERR,ERR,ERR,ERR,ERR,ERR,ERR,ERR,ERR,ERR,ERR,ERR,ERR,ERR,ERR,ERR,ERR,ERR,ERR,ERR,ERR,ERR,ERR,ERR,ERR,ERR,ERR,ERR,ERR,ERR,ERR,ERR,ERR,ERR,ERR,ERR,ERR,ERR,ERR,ERR,ERR,ERR,ERR,ERR,ERR,ERR,ERR,ERR,ERR,ERR,ERR,ERR,ERR,ERR,ERR,ERR,ERR,ERR,ERR,ERR,ERR,ERR,ERR,ERR,ERR,ERR,ERR,ERR,ERR,ERR,ERR,ERR,ERR,ERR,ERR,ERR,ERR,ERR,ERR,ERR,ERR,ERR,ERR,ERR,ERR,ERR,ERR,ERR,ERR,ERR,ERR,ERR,ERR,ERR,ERR,ERR,ERR,ERR,ERR,ERR,ERR,ERR,ERR,ERR,ERR,0.0,-107616336.0,-108138544.0,-0.0,-0.0,0.0,-0.0,-5.6781447433756973e+20,4300,0,8,17168,4300,0.0,41,0.0,0.0,-0.0,0.0,0.0,0,0,0,0,0.0,0,0,0,0,0,0,0,0,0,0,0,0,0,0,0,0,0,0,0,0,0,0,0,0,0,0,0,0,0,0,0,0,0,10,37,36,46,65476,414,65476,1,0,4,21553,0.0,0.0,-0.0,0.0,0.0,0.0,0.0,0.0,0.0,0.0,0.0,0.0,0.0,0.0,0.0,0.0,0.0,0.0,0.0,0.0,0.0,2.004,3.697062548517736e+19,-0.0,0.0,0.0,0.0,0.0,0.0,0.0,6303.0,2.004,0.0,0.0,-107616336.0,0.0,-0.0,0.0,0.0,2.004,2.004,222,1.905685579169792e+17,0.0,0.0,0.0,0.0,0.0,0.0,0.0,0.0,0,0,0,-0.0,-0.0,1.2994094387754435e+18,-2.9313924696898745e+20,3628298240.0,-27.657,-1621297152.0,-1.7048126695436152e+27,-0.0,-3.076008985809875e+23,-0.0,1101206656.0,0.0,0.0,0.0,-0.0,0,1.3516416376850534e+27,222,0.0,444,-0.0,0.0,2114,0,17110,13107,17112,0,17096,0,0,0,101,100,100,-0.0,64.4,-107615240.0,64.7,2.7302335952034594e+23,64.5,1,49,50,180,52429,0,0,0,0.0,0.0,0.0,60.0,8.64616855311211e+30,71.0,0.0,54592900.0,0.0,1069,0,1070,0,0,0,1070,0,1081,0,1000,0,647,0,649,0,643,0,676,0.032,1.0551537610161864e+22,0.0,0.0,14736,16814,1.4358194692661707e+19,-2.5892444376683192e+32,-3.5445831944700155e+27,4.453255004028829e+24,-35233841152.0,0.0,50.0,60.0,35,0.0,0.0,10.0,2.0,0.0,0.0,0.0,0.0,0.0,0.0,0.0,0.0,0.0,0.0,0.0,0.0,58.8,52,12,65510,25,65476,0,300,0,0,8,20529,65476,0,0,30147,60.0,0.0,10.0,10.0,2.0,0.0
2026-02-16T12:19:37,ERR,ERR,ERR,ERR,ERR,ERR,ERR,ERR,ERR,ERR,ERR,ERR,ERR,ERR,ERR,ERR,ERR,ERR,ERR,ERR,ERR,ERR,ERR,ERR,ERR,ERR,ERR,ERR,ERR,ERR,ERR,ERR,ERR,ERR,ERR,ERR,ERR,ERR,ERR,ERR,ERR,ERR,ERR,ERR,ERR,ERR,ERR,ERR,ERR,ERR,ERR,ERR,ERR,ERR,ERR,ERR,ERR,ERR,ERR,ERR,ERR,ERR,ERR,ERR,ERR,ERR,ERR,ERR,ERR,ERR,ERR,ERR,ERR,ERR,ERR,ERR,ERR,ERR,ERR,ERR,ERR,ERR,ERR,ERR,ERR,ERR,ERR,ERR,ERR,ERR,ERR,ERR,ERR,ERR,ERR,ERR,ERR,ERR,ERR,ERR,ERR,ERR,ERR,ERR,ERR,ERR,ERR,ERR,ERR,ERR,ERR,ERR,ERR,ERR,ERR,ERR,ERR,ERR,ERR,ERR,ERR,ERR,ERR,ERR,ERR,0.0,-107616336.0,-108138544.0,-0.0,-0.0,0.0,-0.0,-5.6781447433756973e+20,4300,0,8,17168,4300,0.0,41,0.0,0.0,-0.0,0.0,0.0,0,0,0,0,0.0,0,0,0,0,0,0,0,0,0,0,0,0,0,0,0,0,0,0,0,0,0,0,0,0,0,0,0,0,0,0,0,0,0,10,37,36,46,65476,414,65476,1,0,4,21553,0.0,0.0,-0.0,0.0,0.0,0.0,0.0,0.0,0.0,0.0,0.0,0.0,0.0,0.0,0.0,0.0,0.0,0.0,0.0,0.0,0.0,2.004,3.697062548517736e+19,-0.0,0.0,0.0,0.0,0.0,0.0,0.0,6303.0,2.004,0.0,0.0,-107616336.0,0.0,-0.0,0.0,0.0,2.004,2.004,222,1.905685579169792e+17,0.0,0.0,0.0,0.0,0.0,0.0,0.0,0.0,0,0,0,-0.0,-0.0,1.2994094387754435e+18,-2.9313924696898745e+20,3628298240.0,-27.657,-1621297152.0,-1.7048126695436152e+27,-0.0,-3.076008985809875e+23,-0.0,1101206656.0,0.0,0.0,0.0,-0.0,0,1.3516416376850534e+27,222,0.0,444,-0.0,0.0,2114,0,17110,13107,17112,0,17096,0,0,0,101,100,100,-0.0,64.4,-107615240.0,64.7,2.7302335952034594e+23,64.5,1,49,50,180,52429,0,0,0,0.0,0.0,0.0,60.0,8.64616855311211e+30,71.0,0.0,54592900.0,0.0,1069,0,1070,0,0,0,1070,0,1081,0,1000,0,647,0,649,0,643,0,676,0.032,1.0551537610161864e+22,0.0,0.0,14736,16814,1.4358194692661707e+19,-2.5892444376683192e+32,-3.5445831944700155e+27,4.453255004028829e+24,-35233841152.0,0.0,50.0,60.0,35,0.0,0.0,10.0,2.0,0.0,0.0,0.0,0.0,0.0,0.0,0.0,0.0,0.0,0.0,0.0,0.0,58.8,52,12,65510,25,65476,0,300,0,0,8,20529,65476,0,0,30147,60.0,0.0,10.0,10.0,2.0,0.0
2026-02-16T12:19:38,ERR,ERR,ERR,ERR,ERR,ERR,ERR,ERR,ERR,ERR,ERR,ERR,ERR,ERR,ERR,ERR,ERR,ERR,ERR,ERR,ERR,ERR,ERR,ERR,ERR,ERR,ERR,ERR,ERR,ERR,ERR,ERR,ERR,ERR,ERR,ERR,ERR,ERR,ERR,ERR,ERR,ERR,ERR,ERR,ERR,ERR,ERR,ERR,ERR,ERR,ERR,ERR,ERR,ERR,ERR,ERR,ERR,ERR,ERR,ERR,ERR,ERR,ERR,ERR,ERR,ERR,ERR,ERR,ERR,ERR,ERR,ERR,ERR,ERR,ERR,ERR,ERR,ERR,ERR,ERR,ERR,ERR,ERR,ERR,ERR,ERR,ERR,ERR,ERR,ERR,ERR,ERR,ERR,ERR,ERR,ERR,ERR,ERR,ERR,ERR,ERR,ERR,ERR,ERR,ERR,ERR,ERR,ERR,ERR,ERR,ERR,ERR,ERR,ERR,ERR,ERR,ERR,ERR,ERR,ERR,ERR,ERR,ERR,ERR,ERR,0.0,-107616336.0,-108138544.0,-0.0,-0.0,0.0,-0.0,-5.6781447433756973e+20,4300,0,8,17168,4300,0.0,41,0.0,0.0,-0.0,0.0,0.0,0,0,0,0,0.0,0,0,0,0,0,0,0,0,0,0,0,0,0,0,0,0,0,0,0,0,0,0,0,0,0,0,0,0,0,0,0,0,0,10,37,36,46,65476,414,65476,1,0,4,21553,0.0,0.0,-0.0,0.0,0.0,0.0,0.0,0.0,0.0,0.0,0.0,0.0,0.0,0.0,0.0,0.0,0.0,0.0,0.0,0.0,0.0,2.004,3.697062548517736e+19,-0.0,0.0,0.0,0.0,0.0,0.0,0.0,6303.0,2.004,0.0,0.0,-107616336.0,0.0,-0.0,0.0,0.0,2.004,2.004,222,1.905685579169792e+17,0.0,0.0,0.0,0.0,0.0,0.0,0.0,0.0,0,0,0,-0.0,-0.0,1.2994094387754435e+18,-2.9313924696898745e+20,3628298240.0,-27.657,-1621297152.0,-1.7048126695436152e+27,-0.0,-3.076008985809875e+23,-0.0,1101206656.0,0.0,0.0,0.0,-0.0,0,1.3516416376850534e+27,222,0.0,444,-0.0,0.0,2114,0,17110,13107,17112,0,17096,0,0,0,101,100,100,-0.0,64.4,-107615240.0,64.7,2.7302335952034594e+23,64.5,1,49,50,180,52429,0,0,0,0.0,0.0,0.0,60.0,8.64616855311211e+30,71.0,0.0,54592900.0,0.0,1069,0,1070,0,0,0,1070,0,1081,0,1000,0,647,0,649,0,643,0,676,0.032,1.0551537610161864e+22,0.0,0.0,14736,16814,1.4358194692661707e+19,-2.5892444376683192e+32,-3.5445831944700155e+27,4.453255004028829e+24,-35233841152.0,0.0,50.0,60.0,35,0.0,0.0,10.0,2.0,0.0,0.0,0.0,0.0,0.0,0.0,0.0,0.0,0.0,0.0,0.0,0.0,58.8,52,12,65510,25,65476,0,300,0,0,8,20529,65476,0,0,30147,60.0,0.0,10.0,10.0,2.0,0.0
2026-02-16T12:19:39,ERR,ERR,ERR,ERR,ERR,ERR,ERR,ERR,ERR,ERR,ERR,ERR,ERR,ERR,ERR,ERR,ERR,ERR,ERR,ERR,ERR,ERR,ERR,ERR,ERR,ERR,ERR,ERR,ERR,ERR,ERR,ERR,ERR,ERR,ERR,ERR,ERR,ERR,ERR,ERR,ERR,ERR,ERR,ERR,ERR,ERR,ERR,ERR,ERR,ERR,ERR,ERR,ERR,ERR,ERR,ERR,ERR,ERR,ERR,ERR,ERR,ERR,ERR,ERR,ERR,ERR,ERR,ERR,ERR,ERR,ERR,ERR,ERR,ERR,ERR,ERR,ERR,ERR,ERR,ERR,ERR,ERR,ERR,ERR,ERR,ERR,ERR,ERR,ERR,ERR,ERR,ERR,ERR,ERR,ERR,ERR,ERR,ERR,ERR,ERR,ERR,ERR,ERR,ERR,ERR,ERR,ERR,ERR,ERR,ERR,ERR,ERR,ERR,ERR,ERR,ERR,ERR,ERR,ERR,ERR,ERR,ERR,ERR,ERR,ERR,0.0,-107616336.0,-108138544.0,-0.0,-0.0,0.0,-0.0,-5.6781447433756973e+20,4300,0,8,17168,4300,0.0,41,0.0,0.0,-0.0,0.0,0.0,0,0,0,0,0.0,0,0,0,0,0,0,0,0,0,0,0,0,0,0,0,0,0,0,0,0,0,0,0,0,0,0,0,0,0,0,0,0,0,10,37,36,46,65476,414,65476,1,0,4,21553,0.0,0.0,-0.0,0.0,0.0,0.0,0.0,0.0,0.0,0.0,0.0,0.0,0.0,0.0,0.0,0.0,0.0,0.0,0.0,0.0,0.0,2.004,3.697062548517736e+19,-0.0,0.0,0.0,0.0,0.0,0.0,0.0,6303.0,2.004,0.0,0.0,-107616336.0,0.0,-0.0,0.0,0.0,2.004,2.004,222,1.905685579169792e+17,0.0,0.0,0.0,0.0,0.0,0.0,0.0,0.0,0,0,0,-0.0,-0.0,1.2994094387754435e+18,-2.9313924696898745e+20,3628298240.0,-27.657,-1621297152.0,-1.7048126695436152e+27,-0.0,-3.076008985809875e+23,-0.0,1101206656.0,0.0,0.0,0.0,-0.0,0,1.3516416376850534e+27,222,0.0,444,-0.0,0.0,2114,0,17110,13107,17112,0,17096,0,0,0,101,100,100,-0.0,64.4,-107615240.0,64.7,2.7302335952034594e+23,64.5,1,49,50,180,52429,0,0,0,0.0,0.0,0.0,60.0,70511669280768.0,71.0,0.0,-110732500992.0,0.0,1069,0,1070,0,0,0,1070,0,1081,0,1000,0,647,0,649,0,643,0,676,0.032,1.0625324586456702e+22,0.0,0.0,12432,16814,3575971.5,-110732500992.0,-11287218094080.0,0.0,-0.0,0.05,50.0,60.0,35,0.0,0.0,10.0,2.0,0.0,0.0,0.0,0.0,0.0,0.0,0.0,0.0,0.0,0.0,0.0,0.0,58.8,52,12,65510,25,65476,0,300,0,0,8,20529,65476,0,0,30147,60.0,0.0,10.0,10.0,2.0,0.0
2026-02-16T12:19:40,ERR,ERR,ERR,ERR,ERR,ERR,ERR,ERR,ERR,ERR,ERR,ERR,ERR,ERR,ERR,ERR,ERR,ERR,ERR,ERR,ERR,ERR,ERR,ERR,ERR,ERR,ERR,ERR,ERR,ERR,ERR,ERR,ERR,ERR,ERR,ERR,ERR,ERR,ERR,ERR,ERR,ERR,ERR,ERR,ERR,ERR,ERR,ERR,ERR,ERR,ERR,ERR,ERR,ERR,ERR,ERR,ERR,ERR,ERR,ERR,ERR,ERR,ERR,ERR,ERR,ERR,ERR,ERR,ERR,ERR,ERR,ERR,ERR,ERR,ERR,ERR,ERR,ERR,ERR,ERR,ERR,ERR,ERR,ERR,ERR,ERR,ERR,ERR,ERR,ERR,ERR,ERR,ERR,ERR,ERR,ERR,ERR,ERR,ERR,ERR,ERR,ERR,ERR,ERR,ERR,ERR,ERR,ERR,ERR,ERR,ERR,ERR,ERR,ERR,ERR,ERR,ERR,ERR,ERR,ERR,ERR,ERR,ERR,ERR,ERR,0.0,-0.0,2.7184055212861186e+23,-0.0,0.0,16072980.0,0.0,0.0,4300,0,8,17168,4300,-0.0,41,0.0,0.0,-0.0,0.0,0.0,0,0,0,0,0.0,0,0,0,0,0,0,0,0,0,0,0,0,0,0,0,0,0,0,0,0,0,0,0,0,0,0,0,0,0,0,0,0,0,9,37,37,46,65476,414,65476,1,0,4,21553,0.0,0.0,4.096363416378765e+31,0.0,0.0,0.0,0.0,0.0,0.0,0.0,0.0,0.0,0.0,0.0,0.0,0.0,0.0,0.0,0.0,0.0,0.0,2.004,3.697062548517736e+19,3.697081020313082e+19,0.0,0.0,0.0,0.0,0.0,0.0,6331.0,0.0,0.0,0.0,-0.0,0.0,-0.0,0.0,0.0,2.004,2.004,221,0.0,-0.0,0.0,0.0,0.0,0.0,0.0,0.0,0.0,0,0,0,-0.0,-1.6741498228498225e+24,7.517848926375007e+32,6.011986684233606e+28,0.0,0.0,-352445553180672.0,2.742130102724513e+19,5.884,-3.382962807196402e+23,-0.0,1210258560.0,0.0,0.0,0.0,-30097924096.0,0,1.3516416376850534e+27,221,0.0,442,-0.0,-3.841605666519122e+21,2114,0,17110,13107,17112,0,17096,0,0,0,101,100,100,-0.0,64.4,-107615240.0,64.7,2.7302335952034594e+23,64.5,1,49,50,180,52429,0,0,0,0.0,0.0,0.0,60.0,70511669280768.0,71.0,0.0,-110732500992.0,0.0,1069,0,1070,0,0,0,1070,0,1081,0,1000,0,647,0,649,0,643,0,676,0.032,1.0625324586456702e+22,0.0,0.0,12432,16814,3575971.5,-110732500992.0,-11287218094080.0,0.0,-0.0,0.05,50.0,60.0,35,0.0,0.0,10.0,2.0,0.0,0.0,0.0,0.0,0.0,0.0,0.0,0.0,0.0,0.0,0.0,0.0,58.8,52,12,65510,25,65476,0,300,0,0,8,20529,65476,0,0,30147,60.0,0.0,10.0,10.0,2.0,0.0
2026-02-16T12:19:41,ERR,ERR,ERR,ERR,ERR,ERR,ERR,ERR,ERR,ERR,ERR,ERR,ERR,ERR,ERR,ERR,ERR,ERR,ERR,ERR,ERR,ERR,ERR,ERR,ERR,ERR,ERR,ERR,ERR,ERR,ERR,ERR,ERR,ERR,ERR,ERR,ERR,ERR,ERR,ERR,ERR,ERR,ERR,ERR,ERR,ERR,ERR,ERR,ERR,ERR,ERR,ERR,ERR,ERR,ERR,ERR,ERR,ERR,ERR,ERR,ERR,ERR,ERR,ERR,ERR,ERR,ERR,ERR,ERR,ERR,ERR,ERR,ERR,ERR,ERR,ERR,ERR,ERR,ERR,ERR,ERR,ERR,ERR,ERR,ERR,ERR,ERR,ERR,ERR,ERR,ERR,ERR,ERR,ERR,ERR,ERR,ERR,ERR,ERR,ERR,ERR,ERR,ERR,ERR,ERR,ERR,ERR,ERR,ERR,ERR,ERR,ERR,ERR,ERR,ERR,ERR,ERR,ERR,ERR,ERR,ERR,ERR,ERR,ERR,ERR,0.0,-0.0,2.7184055212861186e+23,-0.0,0.0,16072980.0,0.0,0.0,4300,0,8,17168,4300,-0.0,41,0.0,0.0,-0.0,0.0,0.0,0,0,0,0,0.0,0,0,0,0,0,0,0,0,0,0,0,0,0,0,0,0,0,0,0,0,0,0,0,0,0,0,0,0,0,0,0,0,0,9,37,37,46,65476,414,65476,1,0,4,21553,0.0,0.0,4.096363416378765e+31,0.0,0.0,0.0,0.0,0.0,0.0,0.0,0.0,0.0,0.0,0.0,0.0,0.0,0.0,0.0,0.0,0.0,0.0,2.004,3.697062548517736e+19,3.697081020313082e+19,0.0,0.0,0.0,0.0,0.0,0.0,6331.0,0.0,0.0,0.0,-0.0,0.0,-0.0,0.0,0.0,2.004,2.004,221,0.0,-0.0,0.0,0.0,0.0,0.0,0.0,0.0,0.0,0,0,0,-0.0,-1.6741498228498225e+24,7.517848926375007e+32,6.011986684233606e+28,0.0,0.0,-352445553180672.0,2.742130102724513e+19,5.884,-3.382962807196402e+23,-0.0,1210258560.0,0.0,0.0,0.0,-30097924096.0,0,1.3516416376850534e+27,221,0.0,442,-0.0,-3.841605666519122e+21,2114,0,17110,13107,17112,0,17096,0,0,0,101,100,100,-0.0,64.4,-107615240.0,64.7,2.7302335952034594e+23,64.5,1,49,50,180,52429,0,0,0,0.0,0.0,0.0,60.0,70511669280768.0,71.0,0.0,-110732500992.0,0.0,1069,0,1070,0,0,0,1070,0,1081,0,1000,0,647,0,649,0,643,0,676,0.032,1.0625324586456702e+22,0.0,0.0,12432,16814,3575971.5,-110732500992.0,-11287218094080.0,0.0,-0.0,0.05,50.0,60.0,35,0.0,0.0,10.0,2.0,0.0,0.0,0.0,0.0,0.0,0.0,0.0,0.0,0.0,0.0,0.0,0.0,59.2,51,12,65510,25,65476,0,300,0,0,8,20529,65476,0,0,30147,60.0,0.0,10.0,10.0,2.0,0.0
2026-02-16T12:19:42,ERR,ERR,ERR,ERR,ERR,ERR,ERR,ERR,ERR,ERR,ERR,ERR,ERR,ERR,ERR,ERR,ERR,ERR,ERR,ERR,ERR,ERR,ERR,ERR,ERR,ERR,ERR,ERR,ERR,ERR,ERR,ERR,ERR,ERR,ERR,ERR,ERR,ERR,ERR,ERR,ERR,ERR,ERR,ERR,ERR,ERR,ERR,ERR,ERR,ERR,ERR,ERR,ERR,ERR,ERR,ERR,ERR,ERR,ERR,ERR,ERR,ERR,ERR,ERR,ERR,ERR,ERR,ERR,ERR,ERR,ERR,ERR,ERR,ERR,ERR,ERR,ERR,ERR,ERR,ERR,ERR,ERR,ERR,ERR,ERR,ERR,ERR,ERR,ERR,ERR,ERR,ERR,ERR,ERR,ERR,ERR,ERR,ERR,ERR,ERR,ERR,ERR,ERR,ERR,ERR,ERR,ERR,ERR,ERR,ERR,ERR,ERR,ERR,ERR,ERR,ERR,ERR,ERR,ERR,ERR,ERR,ERR,ERR,ERR,ERR,0.0,-0.0,2.7184055212861186e+23,-0.0,0.0,16072980.0,0.0,0.0,4300,0,8,17168,4300,-0.0,41,0.0,0.0,-0.0,0.0,0.0,0,0,0,0,0.0,0,0,0,0,0,0,0,0,0,0,0,0,0,0,0,0,0,0,0,0,0,0,0,0,0,0,0,0,0,0,0,0,0,9,37,37,46,65476,414,65476,1,0,4,21553,0.0,0.0,4.096363416378765e+31,0.0,0.0,0.0,0.0,0.0,0.0,0.0,0.0,0.0,0.0,0.0,0.0,0.0,0.0,0.0,0.0,0.0,0.0,2.004,3.697062548517736e+19,3.697081020313082e+19,0.0,0.0,0.0,0.0,0.0,0.0,6331.0,0.0,0.0,0.0,-0.0,0.0,-0.0,0.0,0.0,2.004,2.004,221,0.0,-0.0,0.0,0.0,0.0,0.0,0.0,0.0,0.0,0,0,0,-0.0,-1.6741498228498225e+24,7.517848926375007e+32,6.011986684233606e+28,0.0,0.0,-352445553180672.0,2.742130102724513e+19,5.884,-3.382962807196402e+23,-0.0,1210258560.0,0.0,0.0,0.0,-30097924096.0,0,1.3516416376850534e+27,221,0.0,442,-0.0,-3.841605666519122e+21,2114,0,17110,13107,17112,0,17096,0,0,0,101,100,100,-0.0,64.4,-107615240.0,64.7,2.7302335952034594e+23,64.5,1,49,50,180,52429,0,0,0,0.0,0.0,0.0,60.0,70511669280768.0,71.0,0.0,-110732500992.0,0.0,1069,0,1070,0,0,0,1070,0,1081,0,1000,0,647,0,649,0,643,0,676,0.032,1.0625324586456702e+22,0.0,0.0,12432,16814,3575971.5,-110732500992.0,-11287218094080.0,0.0,-0.0,0.05,50.0,60.0,35,0.0,0.0,10.0,2.0,0.0,0.0,0.0,0.0,0.0,0.0,0.0,0.0,0.0,0.0,0.0,0.0,59.2,51,12,65510,25,65476,0,300,0,0,8,20529,65476,0,0,30147,60.0,0.0,10.0,10.0,2.0,0.0
2026-02-16T12:19:43,ERR,ERR,ERR,ERR,ERR,ERR,ERR,ERR,ERR,ERR,ERR,ERR,ERR,ERR,ERR,ERR,ERR,ERR,ERR,ERR,ERR,ERR,ERR,ERR,ERR,ERR,ERR,ERR,ERR,ERR,ERR,ERR,ERR,ERR,ERR,ERR,ERR,ERR,ERR,ERR,ERR,ERR,ERR,ERR,ERR,ERR,ERR,ERR,ERR,ERR,ERR,ERR,ERR,ERR,ERR,ERR,ERR,ERR,ERR,ERR,ERR,ERR,ERR,ERR,ERR,ERR,ERR,ERR,ERR,ERR,ERR,ERR,ERR,ERR,ERR,ERR,ERR,ERR,ERR,ERR,ERR,ERR,ERR,ERR,ERR,ERR,ERR,ERR,ERR,ERR,ERR,ERR,ERR,ERR,ERR,ERR,ERR,ERR,ERR,ERR,ERR,ERR,ERR,ERR,ERR,ERR,ERR,ERR,ERR,ERR,ERR,ERR,ERR,ERR,ERR,ERR,ERR,ERR,ERR,ERR,ERR,ERR,ERR,ERR,ERR,0.0,-0.0,2.7184055212861186e+23,-0.0,0.0,16072980.0,0.0,0.0,4300,0,8,17168,4300,-0.0,41,0.0,0.0,-0.0,0.0,0.0,0,0,0,0,0.0,0,0,0,0,0,0,0,0,0,0,0,0,0,0,0,0,0,0,0,0,0,0,0,0,0,0,0,0,0,0,0,0,0,9,37,37,46,65476,414,65476,1,0,4,21553,0.0,0.0,4.096363416378765e+31,0.0,0.0,0.0,0.0,0.0,0.0,0.0,0.0,0.0,0.0,0.0,0.0,0.0,0.0,0.0,0.0,0.0,0.0,2.004,3.697062548517736e+19,3.697081020313082e+19,0.0,0.0,0.0,0.0,0.0,0.0,6331.0,0.0,0.0,0.0,-0.0,0.0,-0.0,0.0,0.0,2.004,2.004,221,0.0,-0.0,0.0,0.0,0.0,0.0,0.0,0.0,0.0,0,0,0,-0.0,-1.6741498228498225e+24,7.517848926375007e+32,6.011986684233606e+28,0.0,0.0,-352445553180672.0,2.742130102724513e+19,5.884,-3.382962807196402e+23,-0.0,1210258560.0,0.0,0.0,0.0,-30097924096.0,0,1.3516416376850534e+27,221,0.0,442,-0.0,-3.841605666519122e+21,2114,0,17110,13107,17112,0,17096,0,0,0,101,100,100,-0.0,64.4,-107615240.0,64.7,2.7302335952034594e+23,64.5,1,49,50,180,52429,0,0,0,0.0,0.0,0.0,60.0,3.298251553768963e+25,71.0,0.0,-0.02,0.0,1069,0,1070,0,0,0,1070,0,1081,0,1000,0,647,0,649,0,643,0,676,0.032,1.0551537610161864e+22,0.0,0.0,528,16814,254273036222464.0,1.4536349582057043e+23,-2.2159209020913825e+21,2.298514977080018e+22,-0.0,1.4914718518271736e+31,50.0,60.0,35,0.0,0.0,10.0,2.0,0.0,0.0,0.0,0.0,0.0,0.0,0.0,0.0,0.0,0.0,0.0,0.0,59.2,51,12,65510,25,65476,0,300,0,0,8,20529,65476,0,0,30147,60.0,0.0,10.0,10.0,2.0,0.0
2026-02-16T12:19:44,ERR,ERR,ERR,ERR,ERR,ERR,ERR,ERR,ERR,ERR,ERR,ERR,ERR,ERR,ERR,ERR,ERR,ERR,ERR,ERR,ERR,ERR,ERR,ERR,ERR,ERR,ERR,ERR,ERR,ERR,ERR,ERR,ERR,ERR,ERR,ERR,ERR,ERR,ERR,ERR,ERR,ERR,ERR,ERR,ERR,ERR,ERR,ERR,ERR,ERR,ERR,ERR,ERR,ERR,ERR,ERR,ERR,ERR,ERR,ERR,ERR,ERR,ERR,ERR,ERR,ERR,ERR,ERR,ERR,ERR,ERR,ERR,ERR,ERR,ERR,ERR,ERR,ERR,ERR,ERR,ERR,ERR,ERR,ERR,ERR,ERR,ERR,ERR,ERR,ERR,ERR,ERR,ERR,ERR,ERR,ERR,ERR,ERR,ERR,ERR,ERR,ERR,ERR,ERR,ERR,ERR,ERR,ERR,ERR,ERR,ERR,ERR,ERR,ERR,ERR,ERR,ERR,ERR,ERR,ERR,ERR,ERR,ERR,ERR,ERR,0.0,-0.0,2.7184055212861186e+23,-0.0,0.0,16072980.0,0.0,0.0,4300,0,8,17168,4300,-0.0,41,0.0,0.0,-0.0,0.0,0.0,0,0,0,0,0.0,0,0,0,0,0,0,0,0,0,0,0,0,0,0,0,0,0,0,0,0,0,0,0,0,0,0,0,0,0,0,0,0,0,9,37,37,46,65476,414,65476,1,0,4,21553,0.0,0.0,4.096363416378765e+31,0.0,0.0,0.0,0.0,0.0,0.0,0.0,0.0,0.0,0.0,0.0,0.0,0.0,0.0,0.0,0.0,0.0,0.0,2.004,3.697062548517736e+19,3.697081020313082e+19,0.0,0.0,0.0,0.0,0.0,0.0,6331.0,0.0,0.0,0.0,-0.0,0.0,-0.0,0.0,0.0,2.004,2.004,221,0.0,-0.0,0.0,0.0,0.0,0.0,0.0,0.0,0.0,0,0,0,-0.0,-1.6741498228498225e+24,7.517848926375007e+32,6.011986684233606e+28,0.0,0.0,-352445553180672.0,2.742130102724513e+19,5.884,-3.382962807196402e+23,-0.0,1210258560.0,0.0,0.0,0.0,-30097924096.0,0,1.3516416376850534e+27,221,0.0,442,-0.0,-3.841605666519122e+21,2114,0,17110,13107,17112,0,17096,0,0,0,101,100,100,-0.0,64.4,-107615240.0,64.7,2.7302335952034594e+23,64.5,1,49,50,180,52429,0,0,0,0.0,0.0,0.0,60.0,3.298251553768963e+25,71.0,0.0,-0.02,0.0,1069,0,1070,0,0,0,1070,0,1081,0,1000,0,647,0,649,0,643,0,676,0.032,1.0551537610161864e+22,0.0,0.0,528,16814,254273036222464.0,1.4536349582057043e+23,-2.2159209020913825e+21,2.298514977080018e+22,-0.0,1.4914718518271736e+31,50.0,60.0,35,0.0,0.0,10.0,2.0,0.0,0.0,0.0,0.0,0.0,0.0,0.0,0.0,0.0,0.0,0.0,0.0,59.2,51,12,65510,25,65476,0,300,0,0,8,20529,65476,0,0,30147,60.0,0.0,10.0,10.0,2.0,0.0
2026-02-16T12:19:45,ERR,ERR,ERR,ERR,ERR,ERR,ERR,ERR,ERR,ERR,ERR,ERR,ERR,ERR,ERR,ERR,ERR,ERR,ERR,ERR,ERR,ERR,ERR,ERR,ERR,ERR,ERR,ERR,ERR,ERR,ERR,ERR,ERR,ERR,ERR,ERR,ERR,ERR,ERR,ERR,ERR,ERR,ERR,ERR,ERR,ERR,ERR,ERR,ERR,ERR,ERR,ERR,ERR,ERR,ERR,ERR,ERR,ERR,ERR,ERR,ERR,ERR,ERR,ERR,ERR,ERR,ERR,ERR,ERR,ERR,ERR,ERR,ERR,ERR,ERR,ERR,ERR,ERR,ERR,ERR,ERR,ERR,ERR,ERR,ERR,ERR,ERR,ERR,ERR,ERR,ERR,ERR,ERR,ERR,ERR,ERR,ERR,ERR,ERR,ERR,ERR,ERR,ERR,ERR,ERR,ERR,ERR,ERR,ERR,ERR,ERR,ERR,ERR,ERR,ERR,ERR,ERR,ERR,ERR,ERR,ERR,ERR,ERR,ERR,ERR,0.0,-0.0,2.7184055212861186e+23,-0.0,0.0,0.0,-1.11729532939457e+23,22446116.0,4300,0,8,17168,4300,-0.0,41,0.0,0.0,-0.0,0.0,0.0,0,0,0,0,0.0,0,0,0,0,0,0,0,0,0,0,0,0,0,0,0,0,0,0,0,0,0,0,0,0,0,0,0,0,0,0,0,0,0,9,37,37,46,65476,414,65476,1,0,4,21553,0.0,2.7183305813883192e+23,2.3318805000905923e+20,0.0,0.0,0.0,0.0,0.0,0.0,0.0,0.0,0.0,0.0,0.0,0.0,0.0,0.0,0.0,0.0,0.0,0.0,2.004,3.697062548517736e+19,3.697081020313082e+19,2.004,-3.697075742657269e+19,0.0,0.0,0.0,0.0,6357.0,8608225280.0,0.0,0.0,-0.0,0.0,-0.0,0.0,0.0,2.004,2.004,221,-4.9504003573796186e+32,0.0,0.0,0.0,0.0,0.0,0.0,0.0,0.0,0,0,0,-0.003,3828.12,1.421438343883603e+32,0.0,3.6317534680577707e+24,0.0,-3.6972371509642265e+19,0.0,0.0,-3.689916628582929e+23,-0.0,1310921856.0,0.0,0.0,0.0,0.0,0,1.3516416376850534e+27,221,0.0,442,-0.0,-0.0,2114,0,17110,13107,17112,0,17096,0,0,0,101,100,100,-0.0,64.4,-107615240.0,64.7,2.7302335952034594e+23,64.5,1,49,50,180,52429,0,0,0,0.0,0.0,0.0,60.0,3.298251553768963e+25,71.0,0.0,-0.02,0.0,1069,0,1070,0,0,0,1070,0,1081,0,1000,0,647,0,649,0,643,0,676,0.032,1.0551537610161864e+22,0.0,0.0,528,16814,254273036222464.0,1.4536349582057043e+23,-2.2159209020913825e+21,2.298514977080018e+22,-0.0,1.4914718518271736e+31,50.0,60.0,35,0.0,0.0,10.0,2.0,0.0,0.0,0.0,0.0,0.0,0.0,0.0,0.0,0.0,0.0,0.0,0.0,58.8,51,12,65510,25,65476,0,300,0,0,8,20529,65476,0,0,30147,60.0,0.0,10.0,10.0,2.0,0.0
2026-02-16T12:19:46,ERR,ERR,ERR,ERR,ERR,ERR,ERR,ERR,ERR,ERR,ERR,ERR,ERR,ERR,ERR,ERR,ERR,ERR,ERR,ERR,ERR,ERR,ERR,ERR,ERR,ERR,ERR,ERR,ERR,ERR,ERR,ERR,ERR,ERR,ERR,ERR,ERR,ERR,ERR,ERR,ERR,ERR,ERR,ERR,ERR,ERR,ERR,ERR,ERR,ERR,ERR,ERR,ERR,ERR,ERR,ERR,ERR,ERR,ERR,ERR,ERR,ERR,ERR,ERR,ERR,ERR,ERR,ERR,ERR,ERR,ERR,ERR,ERR,ERR,ERR,ERR,ERR,ERR,ERR,ERR,ERR,ERR,ERR,ERR,ERR,ERR,ERR,ERR,ERR,ERR,ERR,ERR,ERR,ERR,ERR,ERR,ERR,ERR,ERR,ERR,ERR,ERR,ERR,ERR,ERR,ERR,ERR,ERR,ERR,ERR,ERR,ERR,ERR,ERR,ERR,ERR,ERR,ERR,ERR,ERR,ERR,ERR,ERR,ERR,ERR,0.0,-0.0,2.7184055212861186e+23,-0.0,0.0,0.0,-1.11729532939457e+23,22446116.0,4300,0,8,17168,4300,-0.0,41,0.0,0.0,-0.0,0.0,0.0,0,0,0,0,0.0,0,0,0,0,0,0,0,0,0,0,0,0,0,0,0,0,0,0,0,0,0,0,0,0,0,0,0,0,0,0,0,0,0,9,37,37,46,65476,414,65476,1,0,4,21553,0.0,2.7183305813883192e+23,2.3318805000905923e+20,0.0,0.0,0.0,0.0,0.0,0.0,0.0,0.0,0.0,0.0,0.0,0.0,0.0,0.0,0.0,0.0,0.0,0.0,2.004,3.697062548517736e+19,3.697081020313082e+19,2.004,-3.697075742657269e+19,0.0,0.0,0.0,0.0,6357.0,8608225280.0,0.0,0.0,-0.0,0.0,-0.0,0.0,0.0,2.004,2.004,221,-4.9504003573796186e+32,0.0,0.0,0.0,0.0,0.0,0.0,0.0,0.0,0,0,0,-0.003,3828.12,1.421438343883603e+32,0.0,3.6317534680577707e+24,0.0,-3.6972371509642265e+19,0.0,0.0,-3.689916628582929e+23,-0.0,1310921856.0,0.0,0.0,0.0,0.0,0,1.3516416376850534e+27,221,0.0,442,-0.0,-0.0,2114,0,17110,0,17112,0,17096,0,0,0,101,100,100,-0.0,64.4,-107615240.0,64.7,2.7302335952034594e+23,64.5,1,49,50,180,52429,0,0,0,0.0,0.0,0.0,60.0,479958770122752.0,71.0,0.0,-1.762665348307583e+27,0.0,1069,0,1070,0,0,0,1070,0,1081,0,1000,0,647,0,649,0,643,0,676,0.032,1.0625324586456702e+22,0.0,0.0,20496,16814,1.3018779454590157e+17,-1.762665348307583e+27,-0.0,0.0,0.002,0.0,50.0,60.0,35,0.0,0.0,10.0,2.0,0.0,0.0,0.0,0.0,0.0,0.0,0.0,0.0,0.0,0.0,0.0,0.0,58.8,51,12,65510,25,65476,0,300,0,0,8,20529,65476,0,0,30147,60.0,0.0,10.0,10.0,2.0,0.0
2026-02-16T12:19:47,ERR,ERR,ERR,ERR,ERR,ERR,ERR,ERR,ERR,ERR,ERR,ERR,ERR,ERR,ERR,ERR,ERR,ERR,ERR,ERR,ERR,ERR,ERR,ERR,ERR,ERR,ERR,ERR,ERR,ERR,ERR,ERR,ERR,ERR,ERR,ERR,ERR,ERR,ERR,ERR,ERR,ERR,ERR,ERR,ERR,ERR,ERR,ERR,ERR,ERR,ERR,ERR,ERR,ERR,ERR,ERR,ERR,ERR,ERR,ERR,ERR,ERR,ERR,ERR,ERR,ERR,ERR,ERR,ERR,ERR,ERR,ERR,ERR,ERR,ERR,ERR,ERR,ERR,ERR,ERR,ERR,ERR,ERR,ERR,ERR,ERR,ERR,ERR,ERR,ERR,ERR,ERR,ERR,ERR,ERR,ERR,ERR,ERR,ERR,ERR,ERR,ERR,ERR,ERR,ERR,ERR,ERR,ERR,ERR,ERR,ERR,ERR,ERR,ERR,ERR,ERR,ERR,ERR,ERR,ERR,ERR,ERR,ERR,ERR,ERR,0.0,-0.0,2.7184055212861186e+23,-0.0,0.0,0.0,-1.11729532939457e+23,22446116.0,4300,0,8,17168,4300,-0.0,41,0.0,0.0,-0.0,0.0,0.0,0,0,0,0,0.0,0,0,0,0,0,0,0,0,0,0,0,0,0,0,0,0,0,0,0,0,0,0,0,0,0,0,0,0,0,0,0,0,0,9,37,37,46,65476,414,65476,1,0,4,21553,0.0,2.7183305813883192e+23,2.3318805000905923e+20,0.0,0.0,0.0,0.0,0.0,0.0,0.0,0.0,0.0,0.0,0.0,0.0,0.0,0.0,0.0,0.0,0.0,0.0,2.004,3.697062548517736e+19,3.697081020313082e+19,2.004,-3.697075742657269e+19,0.0,0.0,0.0,0.0,6357.0,8608225280.0,0.0,0.0,-0.0,0.0,-0.0,0.0,0.0,2.004,2.004,221,-4.9504003573796186e+32,0.0,0.0,0.0,0.0,0.0,0.0,0.0,0.0,0,0,0,-0.003,3828.12,1.421438343883603e+32,0.0,3.6317534680577707e+24,0.0,-3.6972371509642265e+19,0.0,0.0,-3.689916628582929e+23,-0.0,1310921856.0,0.0,0.0,0.0,0.0,0,1.3516416376850534e+27,221,0.0,442,-0.0,-0.0,2114,0,17110,0,17112,0,17096,0,0,0,101,100,100,-0.0,64.4,-107615240.0,64.7,2.7302335952034594e+23,64.5,1,49,50,180,52429,0,0,0,0.0,0.0,0.0,60.0,479958770122752.0,71.0,0.0,-1.762665348307583e+27,0.0,1069,0,1070,0,0,0,1070,0,1081,0,1000,0,647,0,649,0,643,0,676,0.032,1.0625324586456702e+22,0.0,0.0,20496,16814,1.3018779454590157e+17,-1.762665348307583e+27,-0.0,0.0,0.002,0.0,50.0,60.0,35,0.0,0.0,10.0,2.0,0.0,0.0,0.0,0.0,0.0,0.0,0.0,0.0,0.0,0.0,0.0,0.0,58.8,51,12,65510,25,65476,0,300,0,0,8,20529,65476,0,0,30147,60.0,0.0,10.0,10.0,2.0,0.0
2026-02-16T12:19:48,ERR,ERR,ERR,ERR,ERR,ERR,ERR,ERR,ERR,ERR,ERR,ERR,ERR,ERR,ERR,ERR,ERR,ERR,ERR,ERR,ERR,ERR,ERR,ERR,ERR,ERR,ERR,ERR,ERR,ERR,ERR,ERR,ERR,ERR,ERR,ERR,ERR,ERR,ERR,ERR,ERR,ERR,ERR,ERR,ERR,ERR,ERR,ERR,ERR,ERR,ERR,ERR,ERR,ERR,ERR,ERR,ERR,ERR,ERR,ERR,ERR,ERR,ERR,ERR,ERR,ERR,ERR,ERR,ERR,ERR,ERR,ERR,ERR,ERR,ERR,ERR,ERR,ERR,ERR,ERR,ERR,ERR,ERR,ERR,ERR,ERR,ERR,ERR,ERR,ERR,ERR,ERR,ERR,ERR,ERR,ERR,ERR,ERR,ERR,ERR,ERR,ERR,ERR,ERR,ERR,ERR,ERR,ERR,ERR,ERR,ERR,ERR,ERR,ERR,ERR,ERR,ERR,ERR,ERR,ERR,ERR,ERR,ERR,ERR,ERR,0.0,-0.0,2.7184055212861186e+23,-0.0,0.0,0.0,-1.11729532939457e+23,22446116.0,4300,0,8,17168,4300,-0.0,41,0.0,0.0,-0.0,0.0,0.0,0,0,0,0,0.0,0,0,0,0,0,0,0,0,0,0,0,0,0,0,0,0,0,0,0,0,0,0,0,0,0,0,0,0,0,0,0,0,0,9,37,37,46,65476,414,65476,1,0,4,21553,0.0,2.7183305813883192e+23,2.3318805000905923e+20,0.0,0.0,0.0,0.0,0.0,0.0,0.0,0.0,0.0,0.0,0.0,0.0,0.0,0.0,0.0,0.0,0.0,0.0,2.004,3.697062548517736e+19,3.697081020313082e+19,2.004,-3.697075742657269e+19,0.0,0.0,0.0,0.0,6357.0,8608225280.0,0.0,0.0,-0.0,0.0,-0.0,0.0,0.0,2.004,2.004,221,-4.9504003573796186e+32,0.0,0.0,0.0,0.0,0.0,0.0,0.0,0.0,0,0,0,-0.003,3828.12,1.421438343883603e+32,0.0,3.6317534680577707e+24,0.0,-3.6972371509642265e+19,0.0,0.0,-3.689916628582929e+23,-0.0,1310921856.0,0.0,0.0,0.0,0.0,0,1.3516416376850534e+27,221,0.0,442,-0.0,-0.0,2114,0,17110,0,17112,0,17096,0,0,0,101,100,100,-0.0,64.4,-107615240.0,64.7,2.7302335952034594e+23,64.5,1,49,50,180,52429,0,0,0,0.0,0.0,0.0,60.0,479958770122752.0,71.0,0.0,-1.762665348307583e+27,0.0,1069,0,1070,0,0,0,1070,0,1081,0,1000,0,647,0,649,0,643,0,676,0.032,1.0625324586456702e+22,0.0,0.0,20496,16814,1.3018779454590157e+17,-1.762665348307583e+27,-0.0,0.0,0.002,0.0,50.0,60.0,35,0.0,0.0,10.0,2.0,0.0,0.0,0.0,0.0,0.0,0.0,0.0,0.0,0.0,0.0,0.0,0.0,58.8,51,12,65510,25,65476,0,300,0,0,8,20529,65476,0,0,30147,60.0,0.0,10.0,10.0,2.0,0.0
2026-02-16T12:19:49,ERR,ERR,ERR,ERR,ERR,ERR,ERR,ERR,ERR,ERR,ERR,ERR,ERR,ERR,ERR,ERR,ERR,ERR,ERR,ERR,ERR,ERR,ERR,ERR,ERR,ERR,ERR,ERR,ERR,ERR,ERR,ERR,ERR,ERR,ERR,ERR,ERR,ERR,ERR,ERR,ERR,ERR,ERR,ERR,ERR,ERR,ERR,ERR,ERR,ERR,ERR,ERR,ERR,ERR,ERR,ERR,ERR,ERR,ERR,ERR,ERR,ERR,ERR,ERR,ERR,ERR,ERR,ERR,ERR,ERR,ERR,ERR,ERR,ERR,ERR,ERR,ERR,ERR,ERR,ERR,ERR,ERR,ERR,ERR,ERR,ERR,ERR,ERR,ERR,ERR,ERR,ERR,ERR,ERR,ERR,ERR,ERR,ERR,ERR,ERR,ERR,ERR,ERR,ERR,ERR,ERR,ERR,ERR,ERR,ERR,ERR,ERR,ERR,ERR,ERR,ERR,ERR,ERR,ERR,ERR,ERR,ERR,ERR,ERR,ERR,0.0,-0.0,2.7184055212861186e+23,-0.0,0.0,7.652147205147684e+28,23629294.0,0.0,4300,0,8,17168,4300,-0.0,41,0.0,0.0,-0.0,0.0,0.0,0,0,0,0,0.0,0,0,0,0,0,0,0,0,0,0,0,0,0,0,0,0,0,0,0,0,0,0,0,0,0,0,0,0,0,0,0,0,0,9,37,37,46,65476,405,65476,1,0,4,21553,0.0,0.0,-4052.134,0.0,0.0,0.0,0.0,0.0,0.0,0.0,0.0,0.0,0.0,0.0,0.0,0.0,0.0,0.0,0.0,0.0,0.0,2.004,3.697062548517736e+19,3.697081020313082e+19,3.697074423243316e+19,-0.0,0.0,0.0,0.0,0.0,6385.0,0.0,0.0,0.0,-0.0,2.718450016850437e+23,107616264.0,0.0,0.0,2.004,2.004,221,-107614760.0,-3.222022689727367e+26,0.0,0.0,0.0,0.0,0.0,0.0,0.0,0,0,0,-0.0,-1.8772082967298703e+19,4.4136312176145156e+21,7.817780243872243e+37,9.642080138460712e+19,-1.1659349723894828e+20,0.0,0.0,0.0,-3.94964678514076e+23,-0.0,1411585152.0,0.0,0.0,0.0,0.0,0,1.3516416376850534e+27,221,0.0,442,0.0,0.0,2114,0,17110,13107,17112,0,17096,0,0,0,101,100,100,-0.0,64.4,-107615240.0,64.7,2.7302335952034594e+23,64.5,1,49,50,180,52429,0,0,0,0.0,0.0,0.0,60.0,1.2385452372220859e+33,71.0,0.0,21240670208.0,0.0,1069,0,1070,0,0,0,1070,0,1081,0,1000,0,647,0,649,0,643,0,676,0.032,1.0551537610161864e+22,0.0,0.0,6288,16814,1.2385452372220859e+33,21240670208.0,3.472611112349868e+21,-0.0,0.0,0.0,50.0,60.0,35,0.0,0.0,10.0,2.0,0.0,0.0,0.0,0.0,0.0,0.0,0.0,0.0,0.0,0.0,0.0,0.0,58.8,51,12,65510,25,65476,0,300,0,0,8,20529,65476,0,0,30147,60.0,0.0,10.0,10.0,2.0,0.0
2026-02-16T12:19:50,ERR,ERR,ERR,ERR,ERR,ERR,ERR,ERR,ERR,ERR,ERR,ERR,ERR,ERR,ERR,ERR,ERR,ERR,ERR,ERR,ERR,ERR,ERR,ERR,ERR,ERR,ERR,ERR,ERR,ERR,ERR,ERR,ERR,ERR,ERR,ERR,ERR,ERR,ERR,ERR,ERR,ERR,ERR,ERR,ERR,ERR,ERR,ERR,ERR,ERR,ERR,ERR,ERR,ERR,ERR,ERR,ERR,ERR,ERR,ERR,ERR,ERR,ERR,ERR,ERR,ERR,ERR,ERR,ERR,ERR,ERR,ERR,ERR,ERR,ERR,ERR,ERR,ERR,ERR,ERR,ERR,ERR,ERR,ERR,ERR,ERR,ERR,ERR,ERR,ERR,ERR,ERR,ERR,ERR,ERR,ERR,ERR,ERR,ERR,ERR,ERR,ERR,ERR,ERR,ERR,ERR,ERR,ERR,ERR,ERR,ERR,ERR,ERR,ERR,ERR,ERR,ERR,ERR,ERR,ERR,ERR,ERR,ERR,ERR,ERR,0.0,-0.0,2.7184055212861186e+23,-0.0,0.0,7.652147205147684e+28,23629294.0,0.0,4300,0,8,17168,4300,-0.0,41,0.0,0.0,-0.0,0.0,0.0,0,0,0,0,0.0,0,0,0,0,0,0,0,0,0,0,0,0,0,0,0,0,0,0,0,0,0,0,0,0,0,0,0,0,0,0,0,0,0,9,37,37,46,65476,405,65476,1,0,4,21553,0.0,0.0,-4052.134,0.0,0.0,0.0,0.0,0.0,0.0,0.0,0.0,0.0,0.0,0.0,0.0,0.0,0.0,0.0,0.0,0.0,0.0,2.004,3.697062548517736e+19,3.697081020313082e+19,3.697074423243316e+19,-0.0,0.0,0.0,0.0,0.0,6385.0,0.0,0.0,0.0,-0.0,2.718450016850437e+23,107616264.0,0.0,0.0,2.004,2.004,221,-107614760.0,-3.222022689727367e+26,0.0,0.0,0.0,0.0,0.0,0.0,0.0,0,0,0,-0.0,-1.8772082967298703e+19,4.4136312176145156e+21,7.817780243872243e+37,9.642080138460712e+19,-1.1659349723894828e+20,0.0,0.0,0.0,-3.94964678514076e+23,-0.0,1411585152.0,0.0,0.0,0.0,0.0,0,1.3516416376850534e+27,221,0.0,442,0.0,0.0,2114,0,17110,13107,17112,0,17096,0,0,0,101,100,100,-0.0,64.4,-107615240.0,64.7,2.7302335952034594e+23,64.5,1,49,50,180,52429,0,0,0,0.0,0.0,0.0,60.0,1.2385452372220859e+33,71.0,0.0,21240670208.0,0.0,1069,0,1070,0,0,0,1070,0,1081,0,1000,0,647,0,649,0,643,0,676,0.032,1.0551537610161864e+22,0.0,0.0,6288,16814,1.2385452372220859e+33,21240670208.0,3.472611112349868e+21,-0.0,0.0,0.0,50.0,60.0,35,0.0,0.0,10.0,2.0,0.0,0.0,0.0,0.0,0.0,0.0,0.0,0.0,0.0,0.0,0.0,0.0,58.8,51,12,65510,25,65476,0,300,0,0,8,20529,65476,0,0,30147,60.0,0.0,10.0,10.0,2.0,0.0
2026-02-16T12:19:51,ERR,ERR,ERR,ERR,ERR,ERR,ERR,ERR,ERR,ERR,ERR,ERR,ERR,ERR,ERR,ERR,ERR,ERR,ERR,ERR,ERR,ERR,ERR,ERR,ERR,ERR,ERR,ERR,ERR,ERR,ERR,ERR,ERR,ERR,ERR,ERR,ERR,ERR,ERR,ERR,ERR,ERR,ERR,ERR,ERR,ERR,ERR,ERR,ERR,ERR,ERR,ERR,ERR,ERR,ERR,ERR,ERR,ERR,ERR,ERR,ERR,ERR,ERR,ERR,ERR,ERR,ERR,ERR,ERR,ERR,ERR,ERR,ERR,ERR,ERR,ERR,ERR,ERR,ERR,ERR,ERR,ERR,ERR,ERR,ERR,ERR,ERR,ERR,ERR,ERR,ERR,ERR,ERR,ERR,ERR,ERR,ERR,ERR,ERR,ERR,ERR,ERR,ERR,ERR,ERR,ERR,ERR,ERR,ERR,ERR,ERR,ERR,ERR,ERR,ERR,ERR,ERR,ERR,ERR,ERR,ERR,ERR,ERR,ERR,ERR,0.0,-0.0,2.7184055212861186e+23,-0.0,0.0,7.652147205147684e+28,23629294.0,0.0,4300,0,8,17168,4300,-0.0,41,0.0,0.0,-0.0,0.0,0.0,0,0,0,0,0.0,0,0,0,0,0,0,0,0,0,0,0,0,0,0,0,0,0,0,0,0,0,0,0,0,0,0,0,0,0,0,0,0,0,9,37,37,46,65476,405,65476,1,0,4,21553,0.0,0.0,-4052.134,0.0,0.0,0.0,0.0,0.0,0.0,0.0,0.0,0.0,0.0,0.0,0.0,0.0,0.0,0.0,0.0,0.0,0.0,2.004,3.697062548517736e+19,3.697081020313082e+19,3.697074423243316e+19,-0.0,0.0,0.0,0.0,0.0,6385.0,0.0,0.0,0.0,-0.0,2.718450016850437e+23,107616264.0,0.0,0.0,2.004,2.004,221,-107614760.0,-3.222022689727367e+26,0.0,0.0,0.0,0.0,0.0,0.0,0.0,0,0,0,-0.0,-1.8772082967298703e+19,4.4136312176145156e+21,7.817780243872243e+37,9.642080138460712e+19,-1.1659349723894828e+20,0.0,0.0,0.0,-3.94964678514076e+23,-0.0,1411585152.0,0.0,0.0,0.0,0.0,0,1.3516416376850534e+27,221,0.0,442,0.0,0.0,2114,0,17110,13107,17112,0,17096,0,0,0,101,100,100,-0.0,64.4,-107615240.0,64.7,2.7302335952034594e+23,64.5,1,49,50,180,52429,0,0,0,0.0,0.0,0.0,60.0,1.2385452372220859e+33,71.0,0.0,21240670208.0,0.0,1069,0,1070,0,0,0,1070,0,1081,0,1000,0,647,0,649,0,643,0,676,0.032,1.0551537610161864e+22,0.0,0.0,6288,16814,1.2385452372220859e+33,21240670208.0,3.472611112349868e+21,-0.0,0.0,0.0,50.0,60.0,35,0.0,0.0,10.0,2.0,0.0,0.0,0.0,0.0,0.0,0.0,0.0,0.0,0.0,0.0,0.0,0.0,58.8,51,12,65510,25,65476,0,300,0,0,8,20529,65476,0,0,30147,60.0,0.0,10.0,10.0,2.0,0.0
2026-02-16T12:19:52,ERR,ERR,ERR,ERR,ERR,ERR,ERR,ERR,ERR,ERR,ERR,ERR,ERR,ERR,ERR,ERR,ERR,ERR,ERR,ERR,ERR,ERR,ERR,ERR,ERR,ERR,ERR,ERR,ERR,ERR,ERR,ERR,ERR,ERR,ERR,ERR,ERR,ERR,ERR,ERR,ERR,ERR,ERR,ERR,ERR,ERR,ERR,ERR,ERR,ERR,ERR,ERR,ERR,ERR,ERR,ERR,ERR,ERR,ERR,ERR,ERR,ERR,ERR,ERR,ERR,ERR,ERR,ERR,ERR,ERR,ERR,ERR,ERR,ERR,ERR,ERR,ERR,ERR,ERR,ERR,ERR,ERR,ERR,ERR,ERR,ERR,ERR,ERR,ERR,ERR,ERR,ERR,ERR,ERR,ERR,ERR,ERR,ERR,ERR,ERR,ERR,ERR,ERR,ERR,ERR,ERR,ERR,ERR,ERR,ERR,ERR,ERR,ERR,ERR,ERR,ERR,ERR,ERR,ERR,ERR,ERR,ERR,ERR,ERR,ERR,0.0,-0.0,2.7184055212861186e+23,-0.0,0.0,7.652147205147684e+28,23629294.0,0.0,4300,0,8,17168,4300,-0.0,41,0.0,0.0,-0.0,0.0,0.0,0,0,0,0,0.0,0,0,0,0,0,0,0,0,0,0,0,0,0,0,0,0,0,0,0,0,0,0,0,0,0,0,0,0,0,0,0,0,0,9,37,37,46,65476,405,65476,1,0,4,21553,0.0,0.0,-4052.134,0.0,0.0,0.0,0.0,0.0,0.0,0.0,0.0,0.0,0.0,0.0,0.0,0.0,0.0,0.0,0.0,0.0,0.0,2.004,3.697062548517736e+19,3.697081020313082e+19,3.697074423243316e+19,-0.0,0.0,0.0,0.0,0.0,6385.0,0.0,0.0,0.0,-0.0,2.718450016850437e+23,107616264.0,0.0,0.0,2.004,2.004,221,-107614760.0,-3.222022689727367e+26,0.0,0.0,0.0,0.0,0.0,0.0,0.0,0,0,0,-0.0,-1.8772082967298703e+19,4.4136312176145156e+21,7.817780243872243e+37,9.642080138460712e+19,-1.1659349723894828e+20,0.0,0.0,0.0,-3.94964678514076e+23,-0.0,1411585152.0,0.0,0.0,0.0,0.0,0,1.3516416376850534e+27,221,0.0,442,0.0,0.0,2114,0,17110,13107,17112,0,17096,0,0,0,101,100,100,-0.0,64.4,-107615240.0,64.7,2.7302335952034594e+23,64.5,1,49,50,180,52429,0,0,0,0.0,0.0,0.0,60.0,1.2385452372220859e+33,71.0,0.0,21240670208.0,0.0,1069,0,1070,0,0,0,1070,0,1081,0,1000,0,647,0,649,0,643,0,676,0.032,1.0551537610161864e+22,0.0,0.0,6288,16814,1.2385452372220859e+33,21240670208.0,3.472611112349868e+21,-0.0,0.0,0.0,50.0,60.0,35,0.0,0.0,10.0,2.0,0.0,0.0,0.0,0.0,0.0,0.0,0.0,0.0,0.0,0.0,0.0,0.0,58.8,51,12,65510,25,65476,0,300,0,0,8,20529,65476,0,0,30147,60.0,0.0,10.0,10.0,2.0,0.0
2026-02-16T12:19:53,ERR,ERR,ERR,ERR,ERR,ERR,ERR,ERR,ERR,ERR,ERR,ERR,ERR,ERR,ERR,ERR,ERR,ERR,ERR,ERR,ERR,ERR,ERR,ERR,ERR,ERR,ERR,ERR,ERR,ERR,ERR,ERR,ERR,ERR,ERR,ERR,ERR,ERR,ERR,ERR,ERR,ERR,ERR,ERR,ERR,ERR,ERR,ERR,ERR,ERR,ERR,ERR,ERR,ERR,ERR,ERR,ERR,ERR,ERR,ERR,ERR,ERR,ERR,ERR,ERR,ERR,ERR,ERR,ERR,ERR,ERR,ERR,ERR,ERR,ERR,ERR,ERR,ERR,ERR,ERR,ERR,ERR,ERR,ERR,ERR,ERR,ERR,ERR,ERR,ERR,ERR,ERR,ERR,ERR,ERR,ERR,ERR,ERR,ERR,ERR,ERR,ERR,ERR,ERR,ERR,ERR,ERR,ERR,ERR,ERR,ERR,ERR,ERR,ERR,ERR,ERR,ERR,ERR,ERR,ERR,ERR,ERR,ERR,ERR,ERR,0.0,-0.0,2.7184055212861186e+23,-0.0,0.0,7.652147205147684e+28,23629294.0,0.0,4300,0,8,17168,4300,-0.0,41,0.0,0.0,-0.0,0.0,0.0,0,0,0,0,0.0,0,0,0,0,0,0,0,0,0,0,0,0,0,0,0,0,0,0,0,0,0,0,0,0,0,0,0,0,0,0,0,0,0,9,37,37,46,65476,405,65476,1,0,4,21553,0.0,0.0,-4052.134,0.0,0.0,0.0,0.0,0.0,0.0,0.0,0.0,0.0,0.0,0.0,0.0,0.0,0.0,0.0,0.0,0.0,0.0,2.004,3.697062548517736e+19,3.697081020313082e+19,3.697074423243316e+19,-0.0,0.0,0.0,0.0,0.0,6385.0,0.0,0.0,0.0,-0.0,2.718450016850437e+23,107616264.0,0.0,0.0,2.004,2.004,221,-107614760.0,-3.222022689727367e+26,0.0,0.0,0.0,0.0,0.0,0.0,0.0,0,0,0,-0.0,-1.8772082967298703e+19,4.4136312176145156e+21,7.817780243872243e+37,9.642080138460712e+19,-1.1659349723894828e+20,0.0,0.0,0.0,-3.94964678514076e+23,-0.0,1411585152.0,0.0,0.0,0.0,0.0,0,1.3516416376850534e+27,221,0.0,442,0.0,0.0,2114,0,17110,13107,17112,0,17096,0,0,0,101,100,100,-0.0,64.4,-107615240.0,64.7,2.7302335952034594e+23,64.5,1,49,50,180,52429,0,0,0,0.0,0.0,0.0,60.0,730899328.0,71.0,0.0,9.62231975847929e+34,0.0,1069,0,1070,0,0,0,1070,0,1081,0,1000,0,647,0,649,0,643,0,676,0.032,1.0625324586456702e+22,0.0,0.0,16016,16814,3.338517936477307e+17,-0.0,-0.0,-0.0,0.0,3.447958733445084e+19,50.0,60.0,35,0.0,0.0,10.0,2.0,0.0,0.0,0.0,0.0,0.0,0.0,0.0,0.0,0.0,0.0,0.0,0.0,58.8,51,12,65510,25,65476,0,300,0,0,8,20529,65476,0,0,30147,60.0,0.0,10.0,10.0,2.0,0.0
2026-02-16T12:19:54,ERR,ERR,ERR,ERR,ERR,ERR,ERR,ERR,ERR,ERR,ERR,ERR,ERR,ERR,ERR,ERR,ERR,ERR,ERR,ERR,ERR,ERR,ERR,ERR,ERR,ERR,ERR,ERR,ERR,ERR,ERR,ERR,ERR,ERR,ERR,ERR,ERR,ERR,ERR,ERR,ERR,ERR,ERR,ERR,ERR,ERR,ERR,ERR,ERR,ERR,ERR,ERR,ERR,ERR,ERR,ERR,ERR,ERR,ERR,ERR,ERR,ERR,ERR,ERR,ERR,ERR,ERR,ERR,ERR,ERR,ERR,ERR,ERR,ERR,ERR,ERR,ERR,ERR,ERR,ERR,ERR,ERR,ERR,ERR,ERR,ERR,ERR,ERR,ERR,ERR,ERR,ERR,ERR,ERR,ERR,ERR,ERR,ERR,ERR,ERR,ERR,ERR,ERR,ERR,ERR,ERR,ERR,ERR,ERR,ERR,ERR,ERR,ERR,ERR,ERR,ERR,ERR,ERR,ERR,ERR,ERR,ERR,ERR,ERR,ERR,0.0,-0.0,2.7184055212861186e+23,-0.0,0.0,0.0,-0.0,4.4059731166641497e+24,4300,0,8,17168,4300,-0.0,41,0.0,0.0,-0.0,0.0,0.0,0,0,0,0,0.0,0,0,0,0,0,0,0,0,0,0,0,0,0,0,0,0,0,0,0,0,0,0,0,0,0,0,0,0,0,0,0,0,0,9,37,37,45,65476,403,65476,1,0,4,21553,0.0,-0.0,-5.393036026293496e+28,0.0,0.0,0.0,0.0,0.0,0.0,0.0,0.0,0.0,0.0,0.0,0.0,0.0,0.0,0.0,0.0,0.0,0.0,2.004,3.697062548517736e+19,3.697081020313082e+19,-0.0,-0.0,0.0,0.0,0.0,0.0,6387.0,-2.4230002984384564e+24,0.0,0.0,-0.0,-0.0,0.0,0.0,0.0,2.004,2.004,222,-4.9504003573796186e+32,0.0,0.0,0.0,0.0,0.0,0.0,0.0,0.0,0,0,0,-10961775.0,-0.0,4.798521555950449e+30,0.0,9.768011819162438e+29,-1.0941140223696239e+27,-2.729508441537924e+35,-7.943907597284538e+24,0.0,-4.2329887741129384e+23,-0.0,1512248448.0,0.0,0.0,0.0,168188.953,0,1.3516416376850534e+27,222,0.0,444,-0.0,9.315137119060609e+36,2114,0,17110,13107,17112,0,17096,0,0,0,101,100,100,-0.0,64.4,-107615240.0,64.7,2.7302335952034594e+23,64.5,1,49,50,180,52429,0,0,0,0.0,0.0,0.0,60.0,730899328.0,71.0,0.0,9.62231975847929e+34,0.0,1069,0,1070,0,0,0,1070,0,1081,0,1000,0,647,0,649,0,643,0,676,0.032,1.0625324586456702e+22,0.0,0.0,16016,16814,3.338517936477307e+17,-0.0,-0.0,-0.0,0.0,3.447958733445084e+19,50.0,60.0,35,0.0,0.0,10.0,2.0,0.0,0.0,0.0,0.0,0.0,0.0,0.0,0.0,0.0,0.0,0.0,0.0,58.8,51,12,65510,25,65476,0,300,0,0,8,20529,65476,0,0,30147,60.0,0.0,10.0,10.0,2.0,0.0
2026-02-16T12:19:55,ERR,ERR,ERR,ERR,ERR,ERR,ERR,ERR,ERR,ERR,ERR,ERR,ERR,ERR,ERR,ERR,ERR,ERR,ERR,ERR,ERR,ERR,ERR,ERR,ERR,ERR,ERR,ERR,ERR,ERR,ERR,ERR,ERR,ERR,ERR,ERR,ERR,ERR,ERR,ERR,ERR,ERR,ERR,ERR,ERR,ERR,ERR,ERR,ERR,ERR,ERR,ERR,ERR,ERR,ERR,ERR,ERR,ERR,ERR,ERR,ERR,ERR,ERR,ERR,ERR,ERR,ERR,ERR,ERR,ERR,ERR,ERR,ERR,ERR,ERR,ERR,ERR,ERR,ERR,ERR,ERR,ERR,ERR,ERR,ERR,ERR,ERR,ERR,ERR,ERR,ERR,ERR,ERR,ERR,ERR,ERR,ERR,ERR,ERR,ERR,ERR,ERR,ERR,ERR,ERR,ERR,ERR,ERR,ERR,ERR,ERR,ERR,ERR,ERR,ERR,ERR,ERR,ERR,ERR,ERR,ERR,ERR,ERR,ERR,ERR,0.0,-0.0,2.7184055212861186e+23,-0.0,0.0,0.0,-0.0,4.4059731166641497e+24,4300,0,8,17168,4300,-0.0,41,0.0,0.0,-0.0,0.0,0.0,0,0,0,0,0.0,0,0,0,0,0,0,0,0,0,0,0,0,0,0,0,0,0,0,0,0,0,0,0,0,0,0,0,0,0,0,0,0,0,9,37,37,45,65476,403,65476,1,0,4,21553,0.0,-0.0,-5.393036026293496e+28,0.0,0.0,0.0,0.0,0.0,0.0,0.0,0.0,0.0,0.0,0.0,0.0,0.0,0.0,0.0,0.0,0.0,0.0,2.004,3.697062548517736e+19,3.697081020313082e+19,-0.0,-0.0,0.0,0.0,0.0,0.0,6387.0,-2.4230002984384564e+24,0.0,0.0,-0.0,-0.0,0.0,0.0,0.0,2.004,2.004,222,-4.9504003573796186e+32,0.0,0.0,0.0,0.0,0.0,0.0,0.0,0.0,0,0,0,-10961775.0,-0.0,4.798521555950449e+30,0.0,9.768011819162438e+29,-1.0941140223696239e+27,-2.729508441537924e+35,-7.943907597284538e+24,0.0,-4.2329887741129384e+23,-0.0,1512248448.0,0.0,0.0,0.0,168188.953,0,1.3516416376850534e+27,222,0.0,444,-0.0,9.315137119060609e+36,2114,0,17110,13107,17112,0,17096,0,0,0,101,100,100,-0.0,64.4,-107615240.0,64.7,2.7302335952034594e+23,64.5,1,49,50,180,52429,0,0,0,0.0,0.0,0.0,60.0,730899328.0,71.0,0.0,9.62231975847929e+34,0.0,1069,0,1070,0,0,0,1070,0,1081,0,1000,0,647,0,649,0,643,0,676,0.032,1.0625324586456702e+22,0.0,0.0,16016,16814,3.338517936477307e+17,-0.0,-0.0,-0.0,0.0,3.447958733445084e+19,50.0,60.0,35,0.0,0.0,10.0,2.0,0.0,0.0,0.0,0.0,0.0,0.0,0.0,0.0,0.0,0.0,0.0,0.0,58.8,51,12,65510,25,65476,0,300,0,0,8,20529,65476,0,0,30147,60.0,0.0,10.0,10.0,2.0,0.0
2026-02-16T12:19:56,ERR,ERR,ERR,ERR,ERR,ERR,ERR,ERR,ERR,ERR,ERR,ERR,ERR,ERR,ERR,ERR,ERR,ERR,ERR,ERR,ERR,ERR,ERR,ERR,ERR,ERR,ERR,ERR,ERR,ERR,ERR,ERR,ERR,ERR,ERR,ERR,ERR,ERR,ERR,ERR,ERR,ERR,ERR,ERR,ERR,ERR,ERR,ERR,ERR,ERR,ERR,ERR,ERR,ERR,ERR,ERR,ERR,ERR,ERR,ERR,ERR,ERR,ERR,ERR,ERR,ERR,ERR,ERR,ERR,ERR,ERR,ERR,ERR,ERR,ERR,ERR,ERR,ERR,ERR,ERR,ERR,ERR,ERR,ERR,ERR,ERR,ERR,ERR,ERR,ERR,ERR,ERR,ERR,ERR,ERR,ERR,ERR,ERR,ERR,ERR,ERR,ERR,ERR,ERR,ERR,ERR,ERR,ERR,ERR,ERR,ERR,ERR,ERR,ERR,ERR,ERR,ERR,ERR,ERR,ERR,ERR,ERR,ERR,ERR,ERR,0.0,-0.0,2.7184055212861186e+23,-0.0,0.0,0.0,-0.0,4.4059731166641497e+24,4300,0,8,17168,4300,-0.0,41,0.0,0.0,-0.0,0.0,0.0,0,0,0,0,0.0,0,0,0,0,0,0,0,0,0,0,0,0,0,0,0,0,0,0,0,0,0,0,0,0,0,0,0,0,0,0,0,0,0,9,37,37,45,65476,403,65476,1,0,4,21553,0.0,-0.0,-5.393036026293496e+28,0.0,0.0,0.0,0.0,0.0,0.0,0.0,0.0,0.0,0.0,0.0,0.0,0.0,0.0,0.0,0.0,0.0,0.0,2.004,3.697062548517736e+19,3.697081020313082e+19,-0.0,-0.0,0.0,0.0,0.0,0.0,6387.0,-2.4230002984384564e+24,0.0,0.0,-0.0,-0.0,0.0,0.0,0.0,2.004,2.004,222,-4.9504003573796186e+32,0.0,0.0,0.0,0.0,0.0,0.0,0.0,0.0,0,0,0,-10961775.0,-0.0,4.798521555950449e+30,0.0,9.768011819162438e+29,-1.0941140223696239e+27,-2.729508441537924e+35,-7.943907597284538e+24,0.0,-4.2329887741129384e+23,-0.0,1512248448.0,0.0,0.0,0.0,168188.953,0,1.3516416376850534e+27,222,0.0,444,-0.0,9.315137119060609e+36,2114,0,17110,13107,17112,0,17096,0,0,0,101,100,100,-0.0,64.4,-107615240.0,64.7,2.7302335952034594e+23,64.5,1,49,50,180,52429,0,0,0,0.0,0.0,0.0,60.0,4.580575804727414e+30,71.0,0.0,-0.0,0.0,1069,0,1070,0,0,0,1070,0,1081,0,1000,0,647,0,649,0,643,0,676,0.032,1.0625324586456702e+22,0.0,0.0,31632,16814,2.586542410703372e+35,0.001,-3783876411392.0,4.2265842951548474e+24,36576002048.0,-0.024,50.0,60.0,35,0.0,0.0,10.0,2.0,0.0,0.0,0.0,0.0,0.0,0.0,0.0,0.0,0.0,0.0,0.0,0.0,59.2,51,12,65510,25,65476,0,300,0,0,8,20529,65476,0,0,30147,60.0,0.0,10.0,10.0,2.0,0.0
2026-02-16T12:19:57,ERR,ERR,ERR,ERR,ERR,ERR,ERR,ERR,ERR,ERR,ERR,ERR,ERR,ERR,ERR,ERR,ERR,ERR,ERR,ERR,ERR,ERR,ERR,ERR,ERR,ERR,ERR,ERR,ERR,ERR,ERR,ERR,ERR,ERR,ERR,ERR,ERR,ERR,ERR,ERR,ERR,ERR,ERR,ERR,ERR,ERR,ERR,ERR,ERR,ERR,ERR,ERR,ERR,ERR,ERR,ERR,ERR,ERR,ERR,ERR,ERR,ERR,ERR,ERR,ERR,ERR,ERR,ERR,ERR,ERR,ERR,ERR,ERR,ERR,ERR,ERR,ERR,ERR,ERR,ERR,ERR,ERR,ERR,ERR,ERR,ERR,ERR,ERR,ERR,ERR,ERR,ERR,ERR,ERR,ERR,ERR,ERR,ERR,ERR,ERR,ERR,ERR,ERR,ERR,ERR,ERR,ERR,ERR,ERR,ERR,ERR,ERR,ERR,ERR,ERR,ERR,ERR,ERR,ERR,ERR,ERR,ERR,ERR,ERR,ERR,0.0,-0.0,2.7184055212861186e+23,-0.0,0.0,0.0,-0.0,4.4059731166641497e+24,4300,0,8,17168,4300,-0.0,41,0.0,0.0,-0.0,0.0,0.0,0,0,0,0,0.0,0,0,0,0,0,0,0,0,0,0,0,0,0,0,0,0,0,0,0,0,0,0,0,0,0,0,0,0,0,0,0,0,0,9,37,37,45,65476,403,65476,1,0,4,21553,0.0,-0.0,-5.393036026293496e+28,0.0,0.0,0.0,0.0,0.0,0.0,0.0,0.0,0.0,0.0,0.0,0.0,0.0,0.0,0.0,0.0,0.0,0.0,2.004,3.697062548517736e+19,3.697081020313082e+19,-0.0,-0.0,0.0,0.0,0.0,0.0,6387.0,-2.4230002984384564e+24,0.0,0.0,-0.0,-0.0,0.0,0.0,0.0,2.004,2.004,222,-4.9504003573796186e+32,0.0,0.0,0.0,0.0,0.0,0.0,0.0,0.0,0,0,0,-10961775.0,-0.0,4.798521555950449e+30,0.0,9.768011819162438e+29,-1.0941140223696239e+27,-2.729508441537924e+35,-7.943907597284538e+24,0.0,-4.2329887741129384e+23,-0.0,1512248448.0,0.0,0.0,0.0,168188.953,0,1.3516416376850534e+27,222,0.0,444,-0.0,9.315137119060609e+36,2114,0,17110,13107,17112,0,17096,0,0,0,101,100,100,-0.0,64.4,-107615240.0,64.7,2.7302335952034594e+23,64.5,1,49,50,180,52429,0,0,0,0.0,0.0,0.0,60.0,4.580575804727414e+30,71.0,0.0,-0.0,0.0,1069,0,1070,0,0,0,1070,0,1081,0,1000,0,647,0,649,0,643,0,676,0.032,1.0625324586456702e+22,0.0,0.0,31632,16814,2.586542410703372e+35,0.001,-3783876411392.0,4.2265842951548474e+24,36576002048.0,-0.024,50.0,60.0,35,0.0,0.0,10.0,2.0,0.0,0.0,0.0,0.0,0.0,0.0,0.0,0.0,0.0,0.0,0.0,0.0,59.2,51,12,65510,25,65476,0,300,0,0,8,20529,65476,0,0,30147,60.0,0.0,10.0,10.0,2.0,0.0
2026-02-16T12:19:58,ERR,ERR,ERR,ERR,ERR,ERR,ERR,ERR,ERR,ERR,ERR,ERR,ERR,ERR,ERR,ERR,ERR,ERR,ERR,ERR,ERR,ERR,ERR,ERR,ERR,ERR,ERR,ERR,ERR,ERR,ERR,ERR,ERR,ERR,ERR,ERR,ERR,ERR,ERR,ERR,ERR,ERR,ERR,ERR,ERR,ERR,ERR,ERR,ERR,ERR,ERR,ERR,ERR,ERR,ERR,ERR,ERR,ERR,ERR,ERR,ERR,ERR,ERR,ERR,ERR,ERR,ERR,ERR,ERR,ERR,ERR,ERR,ERR,ERR,ERR,ERR,ERR,ERR,ERR,ERR,ERR,ERR,ERR,ERR,ERR,ERR,ERR,ERR,ERR,ERR,ERR,ERR,ERR,ERR,ERR,ERR,ERR,ERR,ERR,ERR,ERR,ERR,ERR,ERR,ERR,ERR,ERR,ERR,ERR,ERR,ERR,ERR,ERR,ERR,ERR,ERR,ERR,ERR,ERR,ERR,ERR,ERR,ERR,ERR,ERR,0.0,-0.0,2.7184055212861186e+23,-0.0,0.0,0.0,-0.0,4.4059731166641497e+24,4300,0,8,17168,4300,-0.0,41,0.0,0.0,-0.0,0.0,0.0,0,0,0,0,0.0,0,0,0,0,0,0,0,0,0,0,0,0,0,0,0,0,0,0,0,0,0,0,0,0,0,0,0,0,0,0,0,0,0,9,37,37,45,65476,403,65476,1,0,4,21553,0.0,-0.0,-5.393036026293496e+28,0.0,0.0,0.0,0.0,0.0,0.0,0.0,0.0,0.0,0.0,0.0,0.0,0.0,0.0,0.0,0.0,0.0,0.0,2.004,3.697062548517736e+19,3.697081020313082e+19,-0.0,-0.0,0.0,0.0,0.0,0.0,6387.0,-2.4230002984384564e+24,0.0,0.0,-0.0,-0.0,0.0,0.0,0.0,2.004,2.004,222,-4.9504003573796186e+32,0.0,0.0,0.0,0.0,0.0,0.0,0.0,0.0,0,0,0,-10961775.0,-0.0,4.798521555950449e+30,0.0,9.768011819162438e+29,-1.0941140223696239e+27,-2.729508441537924e+35,-7.943907597284538e+24,0.0,-4.2329887741129384e+23,-0.0,1512248448.0,0.0,0.0,0.0,168188.953,0,1.3516416376850534e+27,222,0.0,444,-0.0,9.315137119060609e+36,2114,0,17110,13107,17112,0,17096,0,0,0,101,100,100,-0.0,64.4,-107615240.0,64.7,2.7302335952034594e+23,64.5,1,49,50,180,52429,0,0,0,0.0,0.0,0.0,60.0,4.580575804727414e+30,71.0,0.0,-0.0,0.0,1069,0,1070,0,0,0,1070,0,1081,0,1000,0,647,0,649,0,643,0,676,0.032,1.0625324586456702e+22,0.0,0.0,31632,16814,2.586542410703372e+35,0.001,-3783876411392.0,4.2265842951548474e+24,36576002048.0,-0.024,50.0,60.0,35,0.0,0.0,10.0,2.0,0.0,0.0,0.0,0.0,0.0,0.0,0.0,0.0,0.0,0.0,0.0,0.0,58.8,51,12,65510,25,65476,0,300,0,0,8,20529,65476,0,0,30147,60.0,0.0,10.0,10.0,2.0,0.0
2026-02-16T12:19:59,ERR,ERR,ERR,ERR,ERR,ERR,ERR,ERR,ERR,ERR,ERR,ERR,ERR,ERR,ERR,ERR,ERR,ERR,ERR,ERR,ERR,ERR,ERR,ERR,ERR,ERR,ERR,ERR,ERR,ERR,ERR,ERR,ERR,ERR,ERR,ERR,ERR,ERR,ERR,ERR,ERR,ERR,ERR,ERR,ERR,ERR,ERR,ERR,ERR,ERR,ERR,ERR,ERR,ERR,ERR,ERR,ERR,ERR,ERR,ERR,ERR,ERR,ERR,ERR,ERR,ERR,ERR,ERR,ERR,ERR,ERR,ERR,ERR,ERR,ERR,ERR,ERR,ERR,ERR,ERR,ERR,ERR,ERR,ERR,ERR,ERR,ERR,ERR,ERR,ERR,ERR,ERR,ERR,ERR,ERR,ERR,ERR,ERR,ERR,ERR,ERR,ERR,ERR,ERR,ERR,ERR,ERR,ERR,ERR,ERR,ERR,ERR,ERR,ERR,ERR,ERR,ERR,ERR,ERR,ERR,ERR,ERR,ERR,ERR,ERR,0.0,-0.0,2.7184055212861186e+23,-0.0,0.0,5.0524731226483854e+28,11028215.0,0.0,4300,0,8,17168,4300,-0.0,40,0.0,0.0,-0.0,0.0,0.0,0,0,0,0,0.0,0,0,0,0,0,0,0,0,0,0,0,0,0,0,0,0,0,0,0,0,0,0,0,0,0,0,0,0,0,0,0,0,0,8,37,37,45,65476,403,65476,1,0,4,21553,0.0,2.7183305813883192e+23,0.0,0.0,0.0,0.0,0.0,0.0,0.0,0.0,0.0,0.0,0.0,0.0,0.0,0.0,0.0,0.0,0.0,0.0,0.0,2.004,3.697062548517736e+19,3.697081020313082e+19,-0.0,0.0,0.0,0.0,0.0,0.0,6415.0,-1.587937664479286e+29,0.0,0.0,-0.0,-0.0,-2.7184505572823923e+23,0.0,0.0,2.004,2.004,222,-0.0,-0.0,0.0,0.0,0.0,0.0,0.0,0.0,0.0,0,0,0,-2.723,-0.0,9.642911797559398e+27,0.0,1.216766836922786e+28,9.713847590310752e+31,-1.7259600956882944e+16,161767488.0,0.0,-4.539942595499465e+23,-0.0,1621300352.0,0.0,0.0,0.0,0.0,0,1.3516416376850534e+27,222,0.0,444,-2.637553503966331e+17,-3.754,2114,0,17110,13107,17112,0,17096,0,0,0,101,100,100,-0.0,64.4,-107615240.0,64.7,2.7302335952034594e+23,64.5,1,49,50,180,52429,0,0,0,0.0,0.0,0.0,60.0,5.950158156583339e+28,71.0,0.0,3.318328511553549e+19,0.0,1069,0,1070,0,0,0,1071,0,1081,0,1000,0,647,0,649,0,644,0,676,0.032,1.0551537610161864e+22,0.0,0.0,14224,16814,5.950158156583339e+28,3.318328511553549e+19,-1548340822016.0,1.615152048612421e+28,923821568.0,-0.001,50.0,60.0,35,0.0,0.0,10.0,2.0,0.0,0.0,0.0,0.0,0.0,0.0,0.0,0.0,0.0,0.0,0.0,0.0,58.8,51,12,65510,25,65476,0,300,0,0,8,20529,65476,0,0,30147,60.0,0.0,10.0,10.0,2.0,0.0
2026-02-16T12:20:00,ERR,ERR,ERR,ERR,ERR,ERR,ERR,ERR,ERR,ERR,ERR,ERR,ERR,ERR,ERR,ERR,ERR,ERR,ERR,ERR,ERR,ERR,ERR,ERR,ERR,ERR,ERR,ERR,ERR,ERR,ERR,ERR,ERR,ERR,ERR,ERR,ERR,ERR,ERR,ERR,ERR,ERR,ERR,ERR,ERR,ERR,ERR,ERR,ERR,ERR,ERR,ERR,ERR,ERR,ERR,ERR,ERR,ERR,ERR,ERR,ERR,ERR,ERR,ERR,ERR,ERR,ERR,ERR,ERR,ERR,ERR,ERR,ERR,ERR,ERR,ERR,ERR,ERR,ERR,ERR,ERR,ERR,ERR,ERR,ERR,ERR,ERR,ERR,ERR,ERR,ERR,ERR,ERR,ERR,ERR,ERR,ERR,ERR,ERR,ERR,ERR,ERR,ERR,ERR,ERR,ERR,ERR,ERR,ERR,ERR,ERR,ERR,ERR,ERR,ERR,ERR,ERR,ERR,ERR,ERR,ERR,ERR,ERR,ERR,ERR,0.0,-0.0,2.7184055212861186e+23,-0.0,0.0,5.0524731226483854e+28,11028215.0,0.0,4300,0,8,17168,4300,-0.0,40,0.0,0.0,-0.0,0.0,0.0,0,0,0,0,0.0,0,0,0,0,0,0,0,0,0,0,0,0,0,0,0,0,0,0,0,0,0,0,0,0,0,0,0,0,0,0,0,0,0,8,37,37,45,65476,403,65476,1,0,4,21553,0.0,2.7183305813883192e+23,0.0,0.0,0.0,0.0,0.0,0.0,0.0,0.0,0.0,0.0,0.0,0.0,0.0,0.0,0.0,0.0,0.0,0.0,0.0,2.004,3.697062548517736e+19,3.697081020313082e+19,-0.0,0.0,0.0,0.0,0.0,0.0,6415.0,-1.587937664479286e+29,0.0,0.0,-0.0,-0.0,-2.7184505572823923e+23,0.0,0.0,2.004,2.004,222,-0.0,-0.0,0.0,0.0,0.0,0.0,0.0,0.0,0.0,0,0,0,-2.723,-0.0,9.642911797559398e+27,0.0,1.216766836922786e+28,9.713847590310752e+31,-1.7259600956882944e+16,161767488.0,0.0,-4.539942595499465e+23,-0.0,1621300352.0,0.0,0.0,0.0,0.0,0,1.3516416376850534e+27,222,0.0,444,-2.637553503966331e+17,-3.754,2114,0,17110,13107,17112,0,17096,0,0,0,101,100,100,-0.0,64.4,-107615240.0,64.7,2.7302335952034594e+23,64.5,1,49,50,180,52429,0,0,0,0.0,0.0,0.0,60.0,5.950158156583339e+28,71.0,0.0,3.318328511553549e+19,0.0,1069,0,1070,0,0,0,1071,0,1081,0,1000,0,647,0,649,0,644,0,676,0.032,1.0551537610161864e+22,0.0,0.0,14224,16814,5.950158156583339e+28,3.318328511553549e+19,-1548340822016.0,1.615152048612421e+28,923821568.0,-0.001,50.0,60.0,35,0.0,0.0,10.0,2.0,0.0,0.0,0.0,0.0,0.0,0.0,0.0,0.0,0.0,0.0,0.0,0.0,58.8,51,12,65510,25,65476,0,300,0,0,8,20529,65476,0,0,30147,60.0,0.0,10.0,10.0,2.0,0.0
2026-02-16T12:20:01,ERR,ERR,ERR,ERR,ERR,ERR,ERR,ERR,ERR,ERR,ERR,ERR,ERR,ERR,ERR,ERR,ERR,ERR,ERR,ERR,ERR,ERR,ERR,ERR,ERR,ERR,ERR,ERR,ERR,ERR,ERR,ERR,ERR,ERR,ERR,ERR,ERR,ERR,ERR,ERR,ERR,ERR,ERR,ERR,ERR,ERR,ERR,ERR,ERR,ERR,ERR,ERR,ERR,ERR,ERR,ERR,ERR,ERR,ERR,ERR,ERR,ERR,ERR,ERR,ERR,ERR,ERR,ERR,ERR,ERR,ERR,ERR,ERR,ERR,ERR,ERR,ERR,ERR,ERR,ERR,ERR,ERR,ERR,ERR,ERR,ERR,ERR,ERR,ERR,ERR,ERR,ERR,ERR,ERR,ERR,ERR,ERR,ERR,ERR,ERR,ERR,ERR,ERR,ERR,ERR,ERR,ERR,ERR,ERR,ERR,ERR,ERR,ERR,ERR,ERR,ERR,ERR,ERR,ERR,ERR,ERR,ERR,ERR,ERR,ERR,0.0,-0.0,2.7184055212861186e+23,-0.0,0.0,5.0524731226483854e+28,11028215.0,0.0,4300,0,8,17168,4300,-0.0,40,0.0,0.0,-0.0,0.0,0.0,0,0,0,0,0.0,0,0,0,0,0,0,0,0,0,0,0,0,0,0,0,0,0,0,0,0,0,0,0,0,0,0,0,0,0,0,0,0,0,8,37,37,45,65476,403,65476,1,0,4,21553,0.0,2.7183305813883192e+23,0.0,0.0,0.0,0.0,0.0,0.0,0.0,0.0,0.0,0.0,0.0,0.0,0.0,0.0,0.0,0.0,0.0,0.0,0.0,2.004,3.697062548517736e+19,3.697081020313082e+19,-0.0,0.0,0.0,0.0,0.0,0.0,6415.0,-1.587937664479286e+29,0.0,0.0,-0.0,-0.0,-2.7184505572823923e+23,0.0,0.0,2.004,2.004,222,-0.0,-0.0,0.0,0.0,0.0,0.0,0.0,0.0,0.0,0,0,0,-2.723,-0.0,9.642911797559398e+27,0.0,1.216766836922786e+28,9.713847590310752e+31,-1.7259600956882944e+16,161767488.0,0.0,-4.539942595499465e+23,-0.0,1621300352.0,0.0,0.0,0.0,0.0,0,1.3516416376850534e+27,222,0.0,444,-2.637553503966331e+17,-3.754,2114,0,17110,13107,17112,0,17096,0,0,0,101,100,100,-0.0,64.4,-107615240.0,64.7,2.7302335952034594e+23,64.5,1,49,50,180,52429,0,0,0,0.0,0.0,0.0,60.0,5.950158156583339e+28,71.0,0.0,3.318328511553549e+19,0.0,1069,0,1070,0,0,0,1071,0,1081,0,1000,0,647,0,649,0,644,0,676,0.032,1.0551537610161864e+22,0.0,0.0,14224,16814,5.950158156583339e+28,3.318328511553549e+19,-1548340822016.0,1.615152048612421e+28,923821568.0,-0.001,50.0,60.0,35,0.0,0.0,10.0,2.0,0.0,0.0,0.0,0.0,0.0,0.0,0.0,0.0,0.0,0.0,0.0,0.0,58.8,51,13,65511,25,65476,0,300,0,0,8,20529,65476,0,0,30147,60.0,0.0,10.0,10.0,2.0,0.0
2026-02-16T12:20:02,ERR,ERR,ERR,ERR,ERR,ERR,ERR,ERR,ERR,ERR,ERR,ERR,ERR,ERR,ERR,ERR,ERR,ERR,ERR,ERR,ERR,ERR,ERR,ERR,ERR,ERR,ERR,ERR,ERR,ERR,ERR,ERR,ERR,ERR,ERR,ERR,ERR,ERR,ERR,ERR,ERR,ERR,ERR,ERR,ERR,ERR,ERR,ERR,ERR,ERR,ERR,ERR,ERR,ERR,ERR,ERR,ERR,ERR,ERR,ERR,ERR,ERR,ERR,ERR,ERR,ERR,ERR,ERR,ERR,ERR,ERR,ERR,ERR,ERR,ERR,ERR,ERR,ERR,ERR,ERR,ERR,ERR,ERR,ERR,ERR,ERR,ERR,ERR,ERR,ERR,ERR,ERR,ERR,ERR,ERR,ERR,ERR,ERR,ERR,ERR,ERR,ERR,ERR,ERR,ERR,ERR,ERR,ERR,ERR,ERR,ERR,ERR,ERR,ERR,ERR,ERR,ERR,ERR,ERR,ERR,ERR,ERR,ERR,ERR,ERR,0.0,-0.0,2.7184055212861186e+23,-0.0,0.0,5.0524731226483854e+28,11028215.0,0.0,4300,0,8,17168,4300,-0.0,40,0.0,0.0,-0.0,0.0,0.0,0,0,0,0,0.0,0,0,0,0,0,0,0,0,0,0,0,0,0,0,0,0,0,0,0,0,0,0,0,0,0,0,0,0,0,0,0,0,0,8,37,37,45,65476,403,65476,1,0,4,21553,0.0,2.7183305813883192e+23,0.0,0.0,0.0,0.0,0.0,0.0,0.0,0.0,0.0,0.0,0.0,0.0,0.0,0.0,0.0,0.0,0.0,0.0,0.0,2.004,3.697062548517736e+19,3.697081020313082e+19,-0.0,0.0,0.0,0.0,0.0,0.0,6415.0,-1.587937664479286e+29,0.0,0.0,-0.0,-0.0,-2.7184505572823923e+23,0.0,0.0,2.004,2.004,222,-0.0,-0.0,0.0,0.0,0.0,0.0,0.0,0.0,0.0,0,0,0,-2.723,-0.0,9.642911797559398e+27,0.0,1.216766836922786e+28,9.713847590310752e+31,-1.7259600956882944e+16,161767488.0,0.0,-4.539942595499465e+23,-0.0,1621300352.0,0.0,0.0,0.0,0.0,0,1.3516416376850534e+27,222,0.0,444,-2.637553503966331e+17,-3.754,2114,0,17110,13107,17112,0,17096,0,0,0,101,100,100,-0.0,64.4,-107615240.0,64.7,2.7302335952034594e+23,64.5,1,49,50,180,52429,0,0,0,0.0,0.0,0.0,60.0,5.950158156583339e+28,71.0,0.0,3.318328511553549e+19,0.0,1069,0,1070,0,0,0,1071,0,1081,0,1000,0,647,0,649,0,644,0,676,0.032,1.0551537610161864e+22,0.0,0.0,14224,16814,5.950158156583339e+28,3.318328511553549e+19,-1548340822016.0,1.615152048612421e+28,923821568.0,-0.001,50.0,60.0,35,0.0,0.0,10.0,2.0,0.0,0.0,0.0,0.0,0.0,0.0,0.0,0.0,0.0,0.0,0.0,0.0,58.8,51,13,65511,25,65476,0,300,0,0,8,20529,65476,0,0,30147,60.0,0.0,10.0,10.0,2.0,0.0
2026-02-16T12:20:03,ERR,ERR,ERR,ERR,ERR,ERR,ERR,ERR,ERR,ERR,ERR,ERR,ERR,ERR,ERR,ERR,ERR,ERR,ERR,ERR,ERR,ERR,ERR,ERR,ERR,ERR,ERR,ERR,ERR,ERR,ERR,ERR,ERR,ERR,ERR,ERR,ERR,ERR,ERR,ERR,ERR,ERR,ERR,ERR,ERR,ERR,ERR,ERR,ERR,ERR,ERR,ERR,ERR,ERR,ERR,ERR,ERR,ERR,ERR,ERR,ERR,ERR,ERR,ERR,ERR,ERR,ERR,ERR,ERR,ERR,ERR,ERR,ERR,ERR,ERR,ERR,ERR,ERR,ERR,ERR,ERR,ERR,ERR,ERR,ERR,ERR,ERR,ERR,ERR,ERR,ERR,ERR,ERR,ERR,ERR,ERR,ERR,ERR,ERR,ERR,ERR,ERR,ERR,ERR,ERR,ERR,ERR,ERR,ERR,ERR,ERR,ERR,ERR,ERR,ERR,ERR,ERR,ERR,ERR,ERR,ERR,ERR,ERR,ERR,ERR,0.0,-0.0,2.7184055212861186e+23,-0.0,0.0,3044.067,0.0,0.0,4300,0,8,17168,4300,-0.0,40,0.0,0.0,-0.0,0.0,0.0,0,0,0,0,0.0,0,0,0,0,0,0,0,0,0,0,0,0,0,0,0,0,0,0,0,0,0,0,0,0,0,0,0,0,0,0,0,0,0,8,37,37,45,65476,399,65476,1,0,4,21553,0.0,0.0,1.2302555880257962e+24,0.0,0.0,0.0,0.0,0.0,0.0,0.0,0.0,0.0,0.0,0.0,0.0,0.0,0.0,0.0,0.0,0.0,0.0,2.004,3.697062548517736e+19,3.697081020313082e+19,-0.0,-3.697075302852618e+19,0.0,0.0,0.0,0.0,6444.0,-2.004,0.0,0.0,-0.0,-107616232.0,-0.0,-0.0,0.0,2.004,2.004,222,-0.0,0.0,0.0,0.0,0.0,0.0,0.0,0.0,0.0,0,0,0,-0.0,-1.5111002983279784e+34,4.789171078302208e+22,1.7775573125645685e+25,5.506848501961312e+21,-8.683923938318746e+16,-7.419540708967183e+37,-1.848472723847816e+33,0.0,-4.846896416885992e+23,-0.0,1730352256.0,0.0,0.0,0.0,0.0,0,1.3516416376850534e+27,222,0.0,444,-0.0,1443870.5,2114,0,17110,13107,17112,0,17096,0,0,0,101,100,100,-107615232.0,64.4,-107615240.0,64.7,2.7302335952034594e+23,64.5,1,49,50,180,52429,0,0,0,0.0,0.0,0.0,60.0,4.4268382991934e+33,71.0,0.0,-1.466344656786099e+24,0.0,1069,0,1070,0,0,0,1070,0,1080,0,1000,0,647,0,649,0,643,0,676,0.032,1.0551537610161864e+22,0.0,0.0,7952,16814,7.89862919926449e+23,-0.001,0.892,-2.8909913107514314e+20,-0.0,0.028,50.0,60.0,35,0.0,0.0,10.0,2.0,0.0,0.0,0.0,0.0,0.0,0.0,0.0,0.0,0.0,0.0,0.0,0.0,58.8,51,13,65511,25,65476,0,300,0,0,8,20529,65476,0,0,30147,60.0,0.0,10.0,10.0,2.0,0.0
2026-02-16T12:20:04,ERR,ERR,ERR,ERR,ERR,ERR,ERR,ERR,ERR,ERR,ERR,ERR,ERR,ERR,ERR,ERR,ERR,ERR,ERR,ERR,ERR,ERR,ERR,ERR,ERR,ERR,ERR,ERR,ERR,ERR,ERR,ERR,ERR,ERR,ERR,ERR,ERR,ERR,ERR,ERR,ERR,ERR,ERR,ERR,ERR,ERR,ERR,ERR,ERR,ERR,ERR,ERR,ERR,ERR,ERR,ERR,ERR,ERR,ERR,ERR,ERR,ERR,ERR,ERR,ERR,ERR,ERR,ERR,ERR,ERR,ERR,ERR,ERR,ERR,ERR,ERR,ERR,ERR,ERR,ERR,ERR,ERR,ERR,ERR,ERR,ERR,ERR,ERR,ERR,ERR,ERR,ERR,ERR,ERR,ERR,ERR,ERR,ERR,ERR,ERR,ERR,ERR,ERR,ERR,ERR,ERR,ERR,ERR,ERR,ERR,ERR,ERR,ERR,ERR,ERR,ERR,ERR,ERR,ERR,ERR,ERR,ERR,ERR,ERR,ERR,0.0,-0.0,2.7184055212861186e+23,-0.0,0.0,3044.067,0.0,0.0,4300,0,8,17168,4300,-0.0,40,0.0,0.0,-0.0,0.0,0.0,0,0,0,0,0.0,0,0,0,0,0,0,0,0,0,0,0,0,0,0,0,0,0,0,0,0,0,0,0,0,0,0,0,0,0,0,0,0,0,8,37,37,45,65476,399,65476,1,0,4,21553,0.0,0.0,1.2302555880257962e+24,0.0,0.0,0.0,0.0,0.0,0.0,0.0,0.0,0.0,0.0,0.0,0.0,0.0,0.0,0.0,0.0,0.0,0.0,2.004,3.697062548517736e+19,3.697081020313082e+19,-0.0,-3.697075302852618e+19,0.0,0.0,0.0,0.0,6444.0,-2.004,0.0,0.0,-0.0,-107616232.0,-0.0,-0.0,0.0,2.004,2.004,222,-0.0,0.0,0.0,0.0,0.0,0.0,0.0,0.0,0.0,0,0,0,-0.0,-1.5111002983279784e+34,4.789171078302208e+22,1.7775573125645685e+25,5.506848501961312e+21,-8.683923938318746e+16,-7.419540708967183e+37,-1.848472723847816e+33,0.0,-4.846896416885992e+23,-0.0,1730352256.0,0.0,0.0,0.0,0.0,0,1.3516416376850534e+27,222,0.0,444,-0.0,1443870.5,2114,0,17110,13107,17112,0,17096,0,0,0,101,100,100,-107615232.0,64.4,-107615240.0,64.7,2.7302335952034594e+23,64.5,1,49,50,180,52429,0,0,0,0.0,0.0,0.0,60.0,4.4268382991934e+33,71.0,0.0,-1.466344656786099e+24,0.0,1069,0,1070,0,0,0,1070,0,1080,0,1000,0,647,0,649,0,643,0,676,0.032,1.0551537610161864e+22,0.0,0.0,7952,16814,7.89862919926449e+23,-0.001,0.892,-2.8909913107514314e+20,-0.0,0.028,50.0,60.0,35,0.0,0.0,10.0,2.0,0.0,0.0,0.0,0.0,0.0,0.0,0.0,0.0,0.0,0.0,0.0,0.0,59.2,51,13,65511,25,65476,0,300,0,0,8,20529,65476,0,0,30147,60.0,0.0,10.0,10.0,2.0,0.0
2026-02-16T12:20:05,ERR,ERR,ERR,ERR,ERR,ERR,ERR,ERR,ERR,ERR,ERR,ERR,ERR,ERR,ERR,ERR,ERR,ERR,ERR,ERR,ERR,ERR,ERR,ERR,ERR,ERR,ERR,ERR,ERR,ERR,ERR,ERR,ERR,ERR,ERR,ERR,ERR,ERR,ERR,ERR,ERR,ERR,ERR,ERR,ERR,ERR,ERR,ERR,ERR,ERR,ERR,ERR,ERR,ERR,ERR,ERR,ERR,ERR,ERR,ERR,ERR,ERR,ERR,ERR,ERR,ERR,ERR,ERR,ERR,ERR,ERR,ERR,ERR,ERR,ERR,ERR,ERR,ERR,ERR,ERR,ERR,ERR,ERR,ERR,ERR,ERR,ERR,ERR,ERR,ERR,ERR,ERR,ERR,ERR,ERR,ERR,ERR,ERR,ERR,ERR,ERR,ERR,ERR,ERR,ERR,ERR,ERR,ERR,ERR,ERR,ERR,ERR,ERR,ERR,ERR,ERR,ERR,ERR,ERR,ERR,ERR,ERR,ERR,ERR,ERR,0.0,-0.0,2.7184055212861186e+23,-0.0,0.0,3044.067,0.0,0.0,4300,0,8,17168,4300,-0.0,40,0.0,0.0,-0.0,0.0,0.0,0,0,0,0,0.0,0,0,0,0,0,0,0,0,0,0,0,0,0,0,0,0,0,0,0,0,0,0,0,0,0,0,0,0,0,0,0,0,0,8,37,37,45,65476,399,65476,1,0,4,21553,0.0,0.0,1.2302555880257962e+24,0.0,0.0,0.0,0.0,0.0,0.0,0.0,0.0,0.0,0.0,0.0,0.0,0.0,0.0,0.0,0.0,0.0,0.0,2.004,3.697062548517736e+19,3.697081020313082e+19,-0.0,-3.697075302852618e+19,0.0,0.0,0.0,0.0,6444.0,-2.004,0.0,0.0,-0.0,-107616232.0,-0.0,-0.0,0.0,2.004,2.004,222,-0.0,0.0,0.0,0.0,0.0,0.0,0.0,0.0,0.0,0,0,0,-0.0,-1.5111002983279784e+34,4.789171078302208e+22,1.7775573125645685e+25,5.506848501961312e+21,-8.683923938318746e+16,-7.419540708967183e+37,-1.848472723847816e+33,0.0,-4.846896416885992e+23,-0.0,1730352256.0,0.0,0.0,0.0,0.0,0,1.3516416376850534e+27,222,0.0,444,-0.0,1443870.5,2114,0,17110,13107,17112,0,17096,0,0,0,101,100,100,-107615232.0,64.4,-107615240.0,64.7,2.7302335952034594e+23,64.5,1,49,50,180,52429,0,0,0,0.0,0.0,0.0,60.0,4.4268382991934e+33,71.0,0.0,-1.466344656786099e+24,0.0,1069,0,1070,0,0,0,1070,0,1080,0,1000,0,647,0,649,0,643,0,676,0.032,1.0551537610161864e+22,0.0,0.0,7952,16814,7.89862919926449e+23,-0.001,0.892,-2.8909913107514314e+20,-0.0,0.028,50.0,60.0,35,0.0,0.0,10.0,2.0,0.0,0.0,0.0,0.0,0.0,0.0,0.0,0.0,0.0,0.0,0.0,0.0,59.2,51,13,65511,25,65476,0,300,0,0,8,20529,65476,0,0,30147,60.0,0.0,10.0,10.0,2.0,0.0
2026-02-16T12:20:06,ERR,ERR,ERR,ERR,ERR,ERR,ERR,ERR,ERR,ERR,ERR,ERR,ERR,ERR,ERR,ERR,ERR,ERR,ERR,ERR,ERR,ERR,ERR,ERR,ERR,ERR,ERR,ERR,ERR,ERR,ERR,ERR,ERR,ERR,ERR,ERR,ERR,ERR,ERR,ERR,ERR,ERR,ERR,ERR,ERR,ERR,ERR,ERR,ERR,ERR,ERR,ERR,ERR,ERR,ERR,ERR,ERR,ERR,ERR,ERR,ERR,ERR,ERR,ERR,ERR,ERR,ERR,ERR,ERR,ERR,ERR,ERR,ERR,ERR,ERR,ERR,ERR,ERR,ERR,ERR,ERR,ERR,ERR,ERR,ERR,ERR,ERR,ERR,ERR,ERR,ERR,ERR,ERR,ERR,ERR,ERR,ERR,ERR,ERR,ERR,ERR,ERR,ERR,ERR,ERR,ERR,ERR,ERR,ERR,ERR,ERR,ERR,ERR,ERR,ERR,ERR,ERR,ERR,ERR,ERR,ERR,ERR,ERR,ERR,ERR,0.0,-0.0,2.7184055212861186e+23,-0.0,0.0,3044.067,0.0,0.0,4300,0,8,17168,4300,-0.0,40,0.0,0.0,-0.0,0.0,0.0,0,0,0,0,0.0,0,0,0,0,0,0,0,0,0,0,0,0,0,0,0,0,0,0,0,0,0,0,0,0,0,0,0,0,0,0,0,0,0,8,37,37,45,65476,399,65476,1,0,4,21553,0.0,0.0,1.2302555880257962e+24,0.0,0.0,0.0,0.0,0.0,0.0,0.0,0.0,0.0,0.0,0.0,0.0,0.0,0.0,0.0,0.0,0.0,0.0,2.004,3.697062548517736e+19,3.697081020313082e+19,-0.0,-3.697075302852618e+19,0.0,0.0,0.0,0.0,6444.0,-2.004,0.0,0.0,-0.0,-107616232.0,-0.0,-0.0,0.0,2.004,2.004,222,-0.0,0.0,0.0,0.0,0.0,0.0,0.0,0.0,0.0,0,0,0,-0.0,-1.5111002983279784e+34,4.789171078302208e+22,1.7775573125645685e+25,5.506848501961312e+21,-8.683923938318746e+16,-7.419540708967183e+37,-1.848472723847816e+33,0.0,-4.846896416885992e+23,-0.0,1730352256.0,0.0,0.0,0.0,0.0,0,1.3516416376850534e+27,222,0.0,444,-0.0,1443870.5,2114,0,17110,13107,17112,0,17096,0,0,0,101,100,100,-0.0,64.4,-107615240.0,64.8,-0.0,64.5,1,49,50,180,52429,0,0,0,0.0,0.0,0.0,60.0,2.6872150314188313e+24,71.0,0.0,-4.56311127371048e+23,0.0,1069,0,1070,0,0,0,1070,0,1081,0,1000,0,647,0,649,0,644,0,676,0.032,1.0625324586456702e+22,0.0,0.0,30352,16814,5.71266677227287e+31,-4.56311127371048e+23,-0.0,0.0,-1.665755868899392e+33,2.486626388463789e+34,50.0,60.0,35,0.0,0.0,10.0,2.0,0.0,0.0,0.0,0.0,0.0,0.0,0.0,0.0,0.0,0.0,0.0,0.0,59.2,51,13,65511,25,65476,0,300,0,0,8,20529,65476,0,0,30147,60.0,0.0,10.0,10.0,2.0,0.0
2026-02-16T12:20:07,ERR,ERR,ERR,ERR,ERR,ERR,ERR,ERR,ERR,ERR,ERR,ERR,ERR,ERR,ERR,ERR,ERR,ERR,ERR,ERR,ERR,ERR,ERR,ERR,ERR,ERR,ERR,ERR,ERR,ERR,ERR,ERR,ERR,ERR,ERR,ERR,ERR,ERR,ERR,ERR,ERR,ERR,ERR,ERR,ERR,ERR,ERR,ERR,ERR,ERR,ERR,ERR,ERR,ERR,ERR,ERR,ERR,ERR,ERR,ERR,ERR,ERR,ERR,ERR,ERR,ERR,ERR,ERR,ERR,ERR,ERR,ERR,ERR,ERR,ERR,ERR,ERR,ERR,ERR,ERR,ERR,ERR,ERR,ERR,ERR,ERR,ERR,ERR,ERR,ERR,ERR,ERR,ERR,ERR,ERR,ERR,ERR,ERR,ERR,ERR,ERR,ERR,ERR,ERR,ERR,ERR,ERR,ERR,ERR,ERR,ERR,ERR,ERR,ERR,ERR,ERR,ERR,ERR,ERR,ERR,ERR,ERR,ERR,ERR,ERR,0.0,-0.0,2.7184055212861186e+23,-0.0,0.0,3044.067,0.0,0.0,4300,0,8,17168,4300,-0.0,40,0.0,0.0,-0.0,0.0,0.0,0,0,0,0,0.0,0,0,0,0,0,0,0,0,0,0,0,0,0,0,0,0,0,0,0,0,0,0,0,0,0,0,0,0,0,0,0,0,0,8,37,37,45,65476,399,65476,1,0,4,21553,0.0,0.0,1.2302555880257962e+24,0.0,0.0,0.0,0.0,0.0,0.0,0.0,0.0,0.0,0.0,0.0,0.0,0.0,0.0,0.0,0.0,0.0,0.0,2.004,3.697062548517736e+19,3.697081020313082e+19,-0.0,-3.697075302852618e+19,0.0,0.0,0.0,0.0,6444.0,-2.004,0.0,0.0,-0.0,-107616232.0,-0.0,-0.0,0.0,2.004,2.004,222,-0.0,0.0,0.0,0.0,0.0,0.0,0.0,0.0,0.0,0,0,0,-0.0,-1.5111002983279784e+34,4.789171078302208e+22,1.7775573125645685e+25,5.506848501961312e+21,-8.683923938318746e+16,-7.419540708967183e+37,-1.848472723847816e+33,0.0,-4.846896416885992e+23,-0.0,1730352256.0,0.0,0.0,0.0,0.0,0,1.3516416376850534e+27,222,0.0,444,-0.0,1443870.5,2114,0,17110,13107,17112,0,17096,0,0,0,101,100,100,-0.0,64.4,-107615240.0,64.8,-0.0,64.5,1,49,50,180,52429,0,0,0,0.0,0.0,0.0,60.0,2.6872150314188313e+24,71.0,0.0,-4.56311127371048e+23,0.0,1069,0,1070,0,0,0,1070,0,1081,0,1000,0,647,0,649,0,644,0,676,0.032,1.0625324586456702e+22,0.0,0.0,30352,16814,5.71266677227287e+31,-4.56311127371048e+23,-0.0,0.0,-1.665755868899392e+33,2.486626388463789e+34,50.0,60.0,35,0.0,0.0,10.0,2.0,0.0,0.0,0.0,0.0,0.0,0.0,0.0,0.0,0.0,0.0,0.0,0.0,59.2,51,13,65511,25,65476,0,300,0,0,8,20529,65476,0,0,30147,60.0,0.0,10.0,10.0,2.0,0.0
2026-02-16T12:20:08,ERR,ERR,ERR,ERR,ERR,ERR,ERR,ERR,ERR,ERR,ERR,ERR,ERR,ERR,ERR,ERR,ERR,ERR,ERR,ERR,ERR,ERR,ERR,ERR,ERR,ERR,ERR,ERR,ERR,ERR,ERR,ERR,ERR,ERR,ERR,ERR,ERR,ERR,ERR,ERR,ERR,ERR,ERR,ERR,ERR,ERR,ERR,ERR,ERR,ERR,ERR,ERR,ERR,ERR,ERR,ERR,ERR,ERR,ERR,ERR,ERR,ERR,ERR,ERR,ERR,ERR,ERR,ERR,ERR,ERR,ERR,ERR,ERR,ERR,ERR,ERR,ERR,ERR,ERR,ERR,ERR,ERR,ERR,ERR,ERR,ERR,ERR,ERR,ERR,ERR,ERR,ERR,ERR,ERR,ERR,ERR,ERR,ERR,ERR,ERR,ERR,ERR,ERR,ERR,ERR,ERR,ERR,ERR,ERR,ERR,ERR,ERR,ERR,ERR,ERR,ERR,ERR,ERR,ERR,ERR,ERR,ERR,ERR,ERR,ERR,0.0,-0.0,2.7184055212861186e+23,-0.0,0.0,-0.0,-0.0,-3.931431782901162e+27,4300,0,8,17168,4300,-0.0,41,0.0,0.0,-0.0,0.0,0.0,0,0,0,0,0.0,0,0,0,0,0,0,0,0,0,0,0,0,0,0,0,0,0,0,0,0,0,0,0,0,0,0,0,0,0,0,0,0,0,8,37,37,45,65476,396,65476,1,0,4,21553,0.0,2.7183305813883192e+23,-0.013,0.0,0.0,0.0,0.0,0.0,0.0,0.0,0.0,0.0,0.0,0.0,0.0,0.0,0.0,0.0,0.0,0.0,0.0,2.004,3.697062548517736e+19,3.697081020313082e+19,-0.0,-0.0,0.0,0.0,0.0,0.0,6474.0,2.423001163129585e+24,0.0,0.0,-0.0,-107616232.0,-0.0,0.0,0.0,2.004,2.004,223,-0.0,-0.0,0.0,0.0,0.0,0.0,0.0,0.0,0.0,0,0,0,-0.0,-0.0,2.3898737351222886e+17,-13648.497,110095983706112.0,25736471642112.0,-139880300544.0,-0.0,2.350476383680712e+22,-5.130238405858171e+23,-0.001,1831015552.0,0.0,0.0,0.0,-3.859920253867552e+32,0,1.3516416376850534e+27,223,0.0,446,-0.0,1443870.5,2114,0,17110,13107,17112,0,17096,0,0,0,101,100,100,-0.0,64.4,-107615240.0,64.8,-0.0,64.5,1,49,50,180,52429,0,0,0,0.0,0.0,0.0,60.0,2.6872150314188313e+24,71.0,0.0,-4.56311127371048e+23,0.0,1069,0,1070,0,0,0,1070,0,1081,0,1000,0,647,0,649,0,644,0,676,0.032,1.0625324586456702e+22,0.0,0.0,30352,16814,5.71266677227287e+31,-4.56311127371048e+23,-0.0,0.0,-1.665755868899392e+33,2.486626388463789e+34,50.0,60.0,35,0.0,0.0,10.0,2.0,0.0,0.0,0.0,0.0,0.0,0.0,0.0,0.0,0.0,0.0,0.0,0.0,59.2,50,13,65511,25,65476,0,300,0,0,8,20529,65476,0,0,30147,60.0,0.0,10.0,10.0,2.0,0.0
2026-02-16T12:20:09,ERR,ERR,ERR,ERR,ERR,ERR,ERR,ERR,ERR,ERR,ERR,ERR,ERR,ERR,ERR,ERR,ERR,ERR,ERR,ERR,ERR,ERR,ERR,ERR,ERR,ERR,ERR,ERR,ERR,ERR,ERR,ERR,ERR,ERR,ERR,ERR,ERR,ERR,ERR,ERR,ERR,ERR,ERR,ERR,ERR,ERR,ERR,ERR,ERR,ERR,ERR,ERR,ERR,ERR,ERR,ERR,ERR,ERR,ERR,ERR,ERR,ERR,ERR,ERR,ERR,ERR,ERR,ERR,ERR,ERR,ERR,ERR,ERR,ERR,ERR,ERR,ERR,ERR,ERR,ERR,ERR,ERR,ERR,ERR,ERR,ERR,ERR,ERR,ERR,ERR,ERR,ERR,ERR,ERR,ERR,ERR,ERR,ERR,ERR,ERR,ERR,ERR,ERR,ERR,ERR,ERR,ERR,ERR,ERR,ERR,ERR,ERR,ERR,ERR,ERR,ERR,ERR,ERR,ERR,ERR,ERR,ERR,ERR,ERR,ERR,0.0,-0.0,2.7184055212861186e+23,-0.0,0.0,-0.0,-0.0,-3.931431782901162e+27,4300,0,8,17168,4300,-0.0,41,0.0,0.0,-0.0,0.0,0.0,0,0,0,0,0.0,0,0,0,0,0,0,0,0,0,0,0,0,0,0,0,0,0,0,0,0,0,0,0,0,0,0,0,0,0,0,0,0,0,8,37,37,45,65476,396,65476,1,0,4,21553,0.0,2.7183305813883192e+23,-0.013,0.0,0.0,0.0,0.0,0.0,0.0,0.0,0.0,0.0,0.0,0.0,0.0,0.0,0.0,0.0,0.0,0.0,0.0,2.004,3.697062548517736e+19,3.697081020313082e+19,-0.0,-0.0,0.0,0.0,0.0,0.0,6474.0,2.423001163129585e+24,0.0,0.0,-0.0,-107616232.0,-0.0,0.0,0.0,2.004,2.004,223,-0.0,-0.0,0.0,0.0,0.0,0.0,0.0,0.0,0.0,0,0,0,-0.0,-0.0,2.3898737351222886e+17,-13648.497,110095983706112.0,25736471642112.0,-139880300544.0,-0.0,2.350476383680712e+22,-5.130238405858171e+23,-0.001,1831015552.0,0.0,0.0,0.0,-3.859920253867552e+32,0,1.3516416376850534e+27,223,0.0,446,-0.0,1443870.5,2112,0,17110,13107,17112,0,17096,0,0,0,101,100,100,-107615232.0,64.4,-107615240.0,64.7,2.7302335952034594e+23,64.5,1,49,50,180,52429,0,0,0,0.0,0.0,0.0,60.0,-0.0,71.0,0.0,9.37146752759882e+29,0.0,1069,0,1070,0,0,0,1070,0,1080,0,1000,0,647,0,649,0,644,0,676,0.032,1.0551537610161864e+22,-2.004,0.0,37008,16814,-0.0,9.37146752759882e+29,1.1329401313348813e+17,-0.0,-84020408.0,2148447331287040.0,50.0,60.0,35,0.0,0.0,10.0,2.0,0.0,0.0,0.0,0.0,0.0,0.0,0.0,0.0,0.0,0.0,0.0,0.0,58.8,50,13,65511,25,65476,0,300,0,0,8,20529,65476,0,0,30147,60.0,0.0,10.0,10.0,2.0,0.0
2026-02-16T12:20:10,ERR,ERR,ERR,ERR,ERR,ERR,ERR,ERR,ERR,ERR,ERR,ERR,ERR,ERR,ERR,ERR,ERR,ERR,ERR,ERR,ERR,ERR,ERR,ERR,ERR,ERR,ERR,ERR,ERR,ERR,ERR,ERR,ERR,ERR,ERR,ERR,ERR,ERR,ERR,ERR,ERR,ERR,ERR,ERR,ERR,ERR,ERR,ERR,ERR,ERR,ERR,ERR,ERR,ERR,ERR,ERR,ERR,ERR,ERR,ERR,ERR,ERR,ERR,ERR,ERR,ERR,ERR,ERR,ERR,ERR,ERR,ERR,ERR,ERR,ERR,ERR,ERR,ERR,ERR,ERR,ERR,ERR,ERR,ERR,ERR,ERR,ERR,ERR,ERR,ERR,ERR,ERR,ERR,ERR,ERR,ERR,ERR,ERR,ERR,ERR,ERR,ERR,ERR,ERR,ERR,ERR,ERR,ERR,ERR,ERR,ERR,ERR,ERR,ERR,ERR,ERR,ERR,ERR,ERR,ERR,ERR,ERR,ERR,ERR,ERR,0.0,-0.0,2.7184055212861186e+23,-0.0,0.0,-0.0,-0.0,-3.931431782901162e+27,4300,0,8,17168,4300,-0.0,41,0.0,0.0,-0.0,0.0,0.0,0,0,0,0,0.0,0,0,0,0,0,0,0,0,0,0,0,0,0,0,0,0,0,0,0,0,0,0,0,0,0,0,0,0,0,0,0,0,0,8,37,37,45,65476,396,65476,1,0,4,21553,0.0,2.7183305813883192e+23,-0.013,0.0,0.0,0.0,0.0,0.0,0.0,0.0,0.0,0.0,0.0,0.0,0.0,0.0,0.0,0.0,0.0,0.0,0.0,2.004,3.697062548517736e+19,3.697081020313082e+19,-0.0,-0.0,0.0,0.0,0.0,0.0,6474.0,2.423001163129585e+24,0.0,0.0,-0.0,-107616232.0,-0.0,0.0,0.0,2.004,2.004,223,-0.0,-0.0,0.0,0.0,0.0,0.0,0.0,0.0,0.0,0,0,0,-0.0,-0.0,2.3898737351222886e+17,-13648.497,110095983706112.0,25736471642112.0,-139880300544.0,-0.0,2.350476383680712e+22,-5.130238405858171e+23,-0.001,1831015552.0,0.0,0.0,0.0,-3.859920253867552e+32,0,1.3516416376850534e+27,223,0.0,446,-0.0,1443870.5,2112,0,17110,13107,17112,0,17096,0,0,0,101,100,100,-107615232.0,64.4,-107615240.0,64.7,2.7302335952034594e+23,64.5,1,49,50,180,52429,0,0,0,0.0,0.0,0.0,60.0,-0.0,71.0,0.0,9.37146752759882e+29,0.0,1069,0,1070,0,0,0,1070,0,1080,0,1000,0,647,0,649,0,644,0,676,0.032,1.0551537610161864e+22,-2.004,0.0,37008,16814,-0.0,9.37146752759882e+29,1.1329401313348813e+17,-0.0,-84020408.0,2148447331287040.0,50.0,60.0,35,0.0,0.0,10.0,2.0,0.0,0.0,0.0,0.0,0.0,0.0,0.0,0.0,0.0,0.0,0.0,0.0,58.8,50,13,65511,25,65476,0,300,0,0,8,20529,65476,0,0,30147,60.0,0.0,10.0,10.0,2.0,0.0
2026-02-16T12:20:11,ERR,ERR,ERR,ERR,ERR,ERR,ERR,ERR,ERR,ERR,ERR,ERR,ERR,ERR,ERR,ERR,ERR,ERR,ERR,ERR,ERR,ERR,ERR,ERR,ERR,ERR,ERR,ERR,ERR,ERR,ERR,ERR,ERR,ERR,ERR,ERR,ERR,ERR,ERR,ERR,ERR,ERR,ERR,ERR,ERR,ERR,ERR,ERR,ERR,ERR,ERR,ERR,ERR,ERR,ERR,ERR,ERR,ERR,ERR,ERR,ERR,ERR,ERR,ERR,ERR,ERR,ERR,ERR,ERR,ERR,ERR,ERR,ERR,ERR,ERR,ERR,ERR,ERR,ERR,ERR,ERR,ERR,ERR,ERR,ERR,ERR,ERR,ERR,ERR,ERR,ERR,ERR,ERR,ERR,ERR,ERR,ERR,ERR,ERR,ERR,ERR,ERR,ERR,ERR,ERR,ERR,ERR,ERR,ERR,ERR,ERR,ERR,ERR,ERR,ERR,ERR,ERR,ERR,ERR,ERR,ERR,ERR,ERR,ERR,ERR,0.0,-0.0,2.7184055212861186e+23,-0.0,0.0,-0.0,-0.0,-3.931431782901162e+27,4300,0,8,17168,4300,-0.0,41,0.0,0.0,-0.0,0.0,0.0,0,0,0,0,0.0,0,0,0,0,0,0,0,0,0,0,0,0,0,0,0,0,0,0,0,0,0,0,0,0,0,0,0,0,0,0,0,0,0,8,37,37,45,65476,396,65476,1,0,4,21553,0.0,2.7183305813883192e+23,-0.013,0.0,0.0,0.0,0.0,0.0,0.0,0.0,0.0,0.0,0.0,0.0,0.0,0.0,0.0,0.0,0.0,0.0,0.0,2.004,3.697062548517736e+19,3.697081020313082e+19,-0.0,-0.0,0.0,0.0,0.0,0.0,6474.0,2.423001163129585e+24,0.0,0.0,-0.0,-107616232.0,-0.0,0.0,0.0,2.004,2.004,223,-0.0,-0.0,0.0,0.0,0.0,0.0,0.0,0.0,0.0,0,0,0,-0.0,-0.0,2.3898737351222886e+17,-13648.497,110095983706112.0,25736471642112.0,-139880300544.0,-0.0,2.350476383680712e+22,-5.130238405858171e+23,-0.001,1831015552.0,0.0,0.0,0.0,-3.859920253867552e+32,0,1.3516416376850534e+27,223,0.0,446,-0.0,1443870.5,2112,0,17110,13107,17112,0,17096,0,0,0,101,100,100,-107615232.0,64.4,-107615240.0,64.7,2.7302335952034594e+23,64.5,1,49,50,180,52429,0,0,0,0.0,0.0,0.0,60.0,-0.0,71.0,0.0,9.37146752759882e+29,0.0,1069,0,1070,0,0,0,1070,0,1080,0,1000,0,647,0,649,0,644,0,676,0.032,1.0551537610161864e+22,-2.004,0.0,37008,16814,-0.0,9.37146752759882e+29,1.1329401313348813e+17,-0.0,-84020408.0,2148447331287040.0,50.0,60.0,35,0.0,0.0,10.0,2.0,0.0,0.0,0.0,0.0,0.0,0.0,0.0,0.0,0.0,0.0,0.0,0.0,58.8,50,13,65511,25,65476,0,300,0,0,8,20529,65476,0,0,30147,60.0,0.0,10.0,10.0,2.0,0.0
2026-02-16T12:20:12,ERR,ERR,ERR,ERR,ERR,ERR,ERR,ERR,ERR,ERR,ERR,ERR,ERR,ERR,ERR,ERR,ERR,ERR,ERR,ERR,ERR,ERR,ERR,ERR,ERR,ERR,ERR,ERR,ERR,ERR,ERR,ERR,ERR,ERR,ERR,ERR,ERR,ERR,ERR,ERR,ERR,ERR,ERR,ERR,ERR,ERR,ERR,ERR,ERR,ERR,ERR,ERR,ERR,ERR,ERR,ERR,ERR,ERR,ERR,ERR,ERR,ERR,ERR,ERR,ERR,ERR,ERR,ERR,ERR,ERR,ERR,ERR,ERR,ERR,ERR,ERR,ERR,ERR,ERR,ERR,ERR,ERR,ERR,ERR,ERR,ERR,ERR,ERR,ERR,ERR,ERR,ERR,ERR,ERR,ERR,ERR,ERR,ERR,ERR,ERR,ERR,ERR,ERR,ERR,ERR,ERR,ERR,ERR,ERR,ERR,ERR,ERR,ERR,ERR,ERR,ERR,ERR,ERR,ERR,ERR,ERR,ERR,ERR,ERR,ERR,0.0,-0.0,2.7184055212861186e+23,-0.0,0.0,-0.0,-0.0,-3.931431782901162e+27,4300,0,8,17168,4300,-0.0,41,0.0,0.0,-0.0,0.0,0.0,0,0,0,0,0.0,0,0,0,0,0,0,0,0,0,0,0,0,0,0,0,0,0,0,0,0,0,0,0,0,0,0,0,0,0,0,0,0,0,8,37,37,45,65476,396,65476,1,0,4,21553,0.0,2.7183305813883192e+23,-0.013,0.0,0.0,0.0,0.0,0.0,0.0,0.0,0.0,0.0,0.0,0.0,0.0,0.0,0.0,0.0,0.0,0.0,0.0,2.004,3.697062548517736e+19,3.697081020313082e+19,-0.0,-0.0,0.0,0.0,0.0,0.0,6474.0,2.423001163129585e+24,0.0,0.0,-0.0,-107616232.0,-0.0,0.0,0.0,2.004,2.004,223,-0.0,-0.0,0.0,0.0,0.0,0.0,0.0,0.0,0.0,0,0,0,-0.0,-0.0,2.3898737351222886e+17,-13648.497,110095983706112.0,25736471642112.0,-139880300544.0,-0.0,2.350476383680712e+22,-5.130238405858171e+23,-0.001,1831015552.0,0.0,0.0,0.0,-3.859920253867552e+32,0,1.3516416376850534e+27,223,0.0,446,-0.0,1443870.5,2112,0,17110,13107,17112,0,17096,0,0,0,101,100,100,-107615232.0,64.4,-107615240.0,64.7,2.7302335952034594e+23,64.5,1,49,50,180,52429,0,0,0,0.0,0.0,0.0,60.0,-0.0,71.0,0.0,9.37146752759882e+29,0.0,1069,0,1070,0,0,0,1070,0,1080,0,1000,0,647,0,649,0,644,0,676,0.032,1.0551537610161864e+22,-2.004,0.0,37008,16814,-0.0,9.37146752759882e+29,1.1329401313348813e+17,-0.0,-84020408.0,2148447331287040.0,50.0,60.0,35,0.0,0.0,10.0,2.0,0.0,0.0,0.0,0.0,0.0,0.0,0.0,0.0,0.0,0.0,0.0,0.0,58.8,50,13,65511,25,65476,0,300,0,0,8,20529,65476,0,0,30147,60.0,0.0,10.0,10.0,2.0,0.0
2026-02-16T12:20:13,ERR,ERR,ERR,ERR,ERR,ERR,ERR,ERR,ERR,ERR,ERR,ERR,ERR,ERR,ERR,ERR,ERR,ERR,ERR,ERR,ERR,ERR,ERR,ERR,ERR,ERR,ERR,ERR,ERR,ERR,ERR,ERR,ERR,ERR,ERR,ERR,ERR,ERR,ERR,ERR,ERR,ERR,ERR,ERR,ERR,ERR,ERR,ERR,ERR,ERR,ERR,ERR,ERR,ERR,ERR,ERR,ERR,ERR,ERR,ERR,ERR,ERR,ERR,ERR,ERR,ERR,ERR,ERR,ERR,ERR,ERR,ERR,ERR,ERR,ERR,ERR,ERR,ERR,ERR,ERR,ERR,ERR,ERR,ERR,ERR,ERR,ERR,ERR,ERR,ERR,ERR,ERR,ERR,ERR,ERR,ERR,ERR,ERR,ERR,ERR,ERR,ERR,ERR,ERR,ERR,ERR,ERR,ERR,ERR,ERR,ERR,ERR,ERR,ERR,ERR,ERR,ERR,ERR,ERR,ERR,ERR,ERR,ERR,ERR,ERR,0.0,-0.0,2.7184055212861186e+23,-0.0,0.0,3.1916293324400846e+28,5055355.5,0.0,4300,0,8,17168,4300,0.0,40,0.0,0.0,-0.0,0.0,0.0,0,0,0,0,0.0,0,0,0,0,0,0,0,0,0,0,0,0,0,0,0,0,0,0,0,0,0,0,0,0,0,0,0,0,0,0,0,0,0,8,37,37,45,65476,396,65476,1,0,4,21553,0.0,0.0,0.0,0.0,0.0,0.0,0.0,0.0,0.0,0.0,0.0,0.0,0.0,0.0,0.0,0.0,0.0,0.0,0.0,0.0,0.0,2.004,3.697062548517736e+19,3.697081020313082e+19,-2.004,-0.0,0.0,0.0,0.0,0.0,6505.0,0.0,0.0,0.0,-0.0,0.0,2.7184505572823923e+23,-0.0,0.0,2.004,2.004,224,5.8480544947369536e+35,0.0,0.0,0.0,0.0,0.0,0.0,0.0,0.0,0,0,0,-0.0,0.0,4544536772608.0,-0.0,154416896.0,1.229,-0.0,381032419295232.0,3.2101874242486205e+33,-5.41358039483035e+23,-0.001,1940067456.0,0.0,0.0,0.0,6.5023675107417e+21,0,1.3516416376850534e+27,224,0.0,448,-2.637553503966331e+17,-0.0,2112,0,17110,13107,17112,0,17096,0,0,0,101,100,100,-107615232.0,64.4,-107615240.0,64.8,-0.0,64.5,1,49,50,180,52429,0,0,0,0.0,0.0,0.0,60.0,-0.0,71.0,0.0,2.697802591277418e+31,0.0,1069,0,1070,0,0,0,1070,0,1081,0,1000,0,648,0,649,0,644,0,676,0.032,1.0625324586456702e+22,0.0,0.0,38928,16814,-0.0,-1.9735211633666629e+34,0.0,206595.625,4.746285383892887e+34,0.0,50.0,60.0,35,0.0,0.0,10.0,2.0,0.0,0.0,0.0,0.0,0.0,0.0,0.0,0.0,0.0,0.0,0.0,0.0,59.2,50,13,65511,25,65476,0,300,0,0,8,20529,65476,0,0,30147,60.0,0.0,10.0,10.0,2.0,0.0
2026-02-16T12:20:14,ERR,ERR,ERR,ERR,ERR,ERR,ERR,ERR,ERR,ERR,ERR,ERR,ERR,ERR,ERR,ERR,ERR,ERR,ERR,ERR,ERR,ERR,ERR,ERR,ERR,ERR,ERR,ERR,ERR,ERR,ERR,ERR,ERR,ERR,ERR,ERR,ERR,ERR,ERR,ERR,ERR,ERR,ERR,ERR,ERR,ERR,ERR,ERR,ERR,ERR,ERR,ERR,ERR,ERR,ERR,ERR,ERR,ERR,ERR,ERR,ERR,ERR,ERR,ERR,ERR,ERR,ERR,ERR,ERR,ERR,ERR,ERR,ERR,ERR,ERR,ERR,ERR,ERR,ERR,ERR,ERR,ERR,ERR,ERR,ERR,ERR,ERR,ERR,ERR,ERR,ERR,ERR,ERR,ERR,ERR,ERR,ERR,ERR,ERR,ERR,ERR,ERR,ERR,ERR,ERR,ERR,ERR,ERR,ERR,ERR,ERR,ERR,ERR,ERR,ERR,ERR,ERR,ERR,ERR,ERR,ERR,ERR,ERR,ERR,ERR,0.0,-0.0,2.7184055212861186e+23,-0.0,0.0,3.1916293324400846e+28,5055355.5,0.0,4300,0,8,17168,4300,0.0,40,0.0,0.0,-0.0,0.0,0.0,0,0,0,0,0.0,0,0,0,0,0,0,0,0,0,0,0,0,0,0,0,0,0,0,0,0,0,0,0,0,0,0,0,0,0,0,0,0,0,8,37,37,45,65476,396,65476,1,0,4,21553,0.0,0.0,0.0,0.0,0.0,0.0,0.0,0.0,0.0,0.0,0.0,0.0,0.0,0.0,0.0,0.0,0.0,0.0,0.0,0.0,0.0,2.004,3.697062548517736e+19,3.697081020313082e+19,-2.004,-0.0,0.0,0.0,0.0,0.0,6505.0,0.0,0.0,0.0,-0.0,0.0,2.7184505572823923e+23,-0.0,0.0,2.004,2.004,224,5.8480544947369536e+35,0.0,0.0,0.0,0.0,0.0,0.0,0.0,0.0,0,0,0,-0.0,0.0,4544536772608.0,-0.0,154416896.0,1.229,-0.0,381032419295232.0,3.2101874242486205e+33,-5.41358039483035e+23,-0.001,1940067456.0,0.0,0.0,0.0,6.5023675107417e+21,0,1.3516416376850534e+27,224,0.0,448,-2.637553503966331e+17,-0.0,2112,0,17110,13107,17112,0,17096,0,0,0,101,100,100,-107615232.0,64.4,-107615240.0,64.8,-0.0,64.5,1,49,50,180,52429,0,0,0,0.0,0.0,0.0,60.0,-0.0,71.0,0.0,2.697802591277418e+31,0.0,1069,0,1070,0,0,0,1070,0,1081,0,1000,0,648,0,649,0,644,0,676,0.032,1.0625324586456702e+22,0.0,0.0,38928,16814,-0.0,-1.9735211633666629e+34,0.0,206595.625,4.746285383892887e+34,0.0,50.0,60.0,35,0.0,0.0,10.0,2.0,0.0,0.0,0.0,0.0,0.0,0.0,0.0,0.0,0.0,0.0,0.0,0.0,58.8,50,13,65511,25,65476,0,300,0,0,8,20529,65476,0,0,30147,60.0,0.0,10.0,10.0,2.0,0.0
2026-02-16T12:20:15,ERR,ERR,ERR,ERR,ERR,ERR,ERR,ERR,ERR,ERR,ERR,ERR,ERR,ERR,ERR,ERR,ERR,ERR,ERR,ERR,ERR,ERR,ERR,ERR,ERR,ERR,ERR,ERR,ERR,ERR,ERR,ERR,ERR,ERR,ERR,ERR,ERR,ERR,ERR,ERR,ERR,ERR,ERR,ERR,ERR,ERR,ERR,ERR,ERR,ERR,ERR,ERR,ERR,ERR,ERR,ERR,ERR,ERR,ERR,ERR,ERR,ERR,ERR,ERR,ERR,ERR,ERR,ERR,ERR,ERR,ERR,ERR,ERR,ERR,ERR,ERR,ERR,ERR,ERR,ERR,ERR,ERR,ERR,ERR,ERR,ERR,ERR,ERR,ERR,ERR,ERR,ERR,ERR,ERR,ERR,ERR,ERR,ERR,ERR,ERR,ERR,ERR,ERR,ERR,ERR,ERR,ERR,ERR,ERR,ERR,ERR,ERR,ERR,ERR,ERR,ERR,ERR,ERR,ERR,ERR,ERR,ERR,ERR,ERR,ERR,0.0,-0.0,2.7184055212861186e+23,-0.0,0.0,3.1916293324400846e+28,5055355.5,0.0,4300,0,8,17168,4300,0.0,40,0.0,0.0,-0.0,0.0,0.0,0,0,0,0,0.0,0,0,0,0,0,0,0,0,0,0,0,0,0,0,0,0,0,0,0,0,0,0,0,0,0,0,0,0,0,0,0,0,0,8,37,37,45,65476,396,65476,1,0,4,21553,0.0,0.0,0.0,0.0,0.0,0.0,0.0,0.0,0.0,0.0,0.0,0.0,0.0,0.0,0.0,0.0,0.0,0.0,0.0,0.0,0.0,2.004,3.697062548517736e+19,3.697081020313082e+19,-2.004,-0.0,0.0,0.0,0.0,0.0,6505.0,0.0,0.0,0.0,-0.0,0.0,2.7184505572823923e+23,-0.0,0.0,2.004,2.004,224,5.8480544947369536e+35,0.0,0.0,0.0,0.0,0.0,0.0,0.0,0.0,0,0,0,-0.0,0.0,4544536772608.0,-0.0,154416896.0,1.229,-0.0,381032419295232.0,3.2101874242486205e+33,-5.41358039483035e+23,-0.001,1940067456.0,0.0,0.0,0.0,6.5023675107417e+21,0,1.3516416376850534e+27,224,0.0,448,-2.637553503966331e+17,-0.0,2112,0,17110,13107,17112,0,17096,0,0,0,101,100,100,-107615232.0,64.4,-107615240.0,64.8,-0.0,64.5,1,49,50,180,52429,0,0,0,0.0,0.0,0.0,60.0,-0.0,71.0,0.0,2.697802591277418e+31,0.0,1069,0,1070,0,0,0,1070,0,1081,0,1000,0,648,0,649,0,644,0,676,0.032,1.0625324586456702e+22,0.0,0.0,38928,16814,-0.0,-1.9735211633666629e+34,0.0,206595.625,4.746285383892887e+34,0.0,50.0,60.0,35,0.0,0.0,10.0,2.0,0.0,0.0,0.0,0.0,0.0,0.0,0.0,0.0,0.0,0.0,0.0,0.0,58.8,50,13,65511,25,65476,0,300,0,0,8,20529,65476,0,0,30147,60.0,0.0,10.0,10.0,2.0,0.0
2026-02-16T12:20:16,ERR,ERR,ERR,ERR,ERR,ERR,ERR,ERR,ERR,ERR,ERR,ERR,ERR,ERR,ERR,ERR,ERR,ERR,ERR,ERR,ERR,ERR,ERR,ERR,ERR,ERR,ERR,ERR,ERR,ERR,ERR,ERR,ERR,ERR,ERR,ERR,ERR,ERR,ERR,ERR,ERR,ERR,ERR,ERR,ERR,ERR,ERR,ERR,ERR,ERR,ERR,ERR,ERR,ERR,ERR,ERR,ERR,ERR,ERR,ERR,ERR,ERR,ERR,ERR,ERR,ERR,ERR,ERR,ERR,ERR,ERR,ERR,ERR,ERR,ERR,ERR,ERR,ERR,ERR,ERR,ERR,ERR,ERR,ERR,ERR,ERR,ERR,ERR,ERR,ERR,ERR,ERR,ERR,ERR,ERR,ERR,ERR,ERR,ERR,ERR,ERR,ERR,ERR,ERR,ERR,ERR,ERR,ERR,ERR,ERR,ERR,ERR,ERR,ERR,ERR,ERR,ERR,ERR,ERR,ERR,ERR,ERR,ERR,ERR,ERR,0.0,-0.0,2.7184055212861186e+23,-0.0,0.0,3.1916293324400846e+28,5055355.5,0.0,4300,0,8,17168,4300,0.0,40,0.0,0.0,-0.0,0.0,0.0,0,0,0,0,0.0,0,0,0,0,0,0,0,0,0,0,0,0,0,0,0,0,0,0,0,0,0,0,0,0,0,0,0,0,0,0,0,0,0,8,37,37,45,65476,396,65476,1,0,4,21553,0.0,0.0,0.0,0.0,0.0,0.0,0.0,0.0,0.0,0.0,0.0,0.0,0.0,0.0,0.0,0.0,0.0,0.0,0.0,0.0,0.0,2.004,3.697062548517736e+19,3.697081020313082e+19,-2.004,-0.0,0.0,0.0,0.0,0.0,6505.0,0.0,0.0,0.0,-0.0,0.0,2.7184505572823923e+23,-0.0,0.0,2.004,2.004,224,5.8480544947369536e+35,0.0,0.0,0.0,0.0,0.0,0.0,0.0,0.0,0,0,0,-0.0,0.0,4544536772608.0,-0.0,154416896.0,1.229,-0.0,381032419295232.0,3.2101874242486205e+33,-5.41358039483035e+23,-0.001,1940067456.0,0.0,0.0,0.0,6.5023675107417e+21,0,1.3516416376850534e+27,224,0.0,448,-2.637553503966331e+17,-0.0,2112,0,17110,0,17112,0,17096,0,0,0,101,100,100,-107615232.0,64.4,-107615240.0,64.7,2.7302335952034594e+23,64.5,1,49,50,180,52429,0,0,0,0.0,0.0,0.0,60.0,2.7790830873863496e+37,71.0,0.0,0.0,0.0,1069,0,1070,0,0,0,1070,0,1081,0,1000,0,648,0,649,0,644,0,676,0.032,1.0625324586456702e+22,-2.004,0.0,38416,16814,-0.0,0.0,0.0,0.0,-0.0,0.0,50.0,60.0,35,0.0,0.0,10.0,2.0,0.0,0.0,0.0,0.0,0.0,0.0,0.0,0.0,0.0,0.0,0.0,0.0,59.2,50,13,65511,25,65476,0,300,0,0,8,20529,65476,0,0,30147,60.0,0.0,10.0,10.0,2.0,0.0
2026-02-16T12:20:17,ERR,ERR,ERR,ERR,ERR,ERR,ERR,ERR,ERR,ERR,ERR,ERR,ERR,ERR,ERR,ERR,ERR,ERR,ERR,ERR,ERR,ERR,ERR,ERR,ERR,ERR,ERR,ERR,ERR,ERR,ERR,ERR,ERR,ERR,ERR,ERR,ERR,ERR,ERR,ERR,ERR,ERR,ERR,ERR,ERR,ERR,ERR,ERR,ERR,ERR,ERR,ERR,ERR,ERR,ERR,ERR,ERR,ERR,ERR,ERR,ERR,ERR,ERR,ERR,ERR,ERR,ERR,ERR,ERR,ERR,ERR,ERR,ERR,ERR,ERR,ERR,ERR,ERR,ERR,ERR,ERR,ERR,ERR,ERR,ERR,ERR,ERR,ERR,ERR,ERR,ERR,ERR,ERR,ERR,ERR,ERR,ERR,ERR,ERR,ERR,ERR,ERR,ERR,ERR,ERR,ERR,ERR,ERR,ERR,ERR,ERR,ERR,ERR,ERR,ERR,ERR,ERR,ERR,ERR,ERR,ERR,ERR,ERR,ERR,ERR,0.0,-0.0,2.7184055212861186e+23,-0.0,0.0,0.0,-8.781467369848212e+25,424448.562,4300,0,8,17168,4300,0.0,40,0.0,0.0,-0.0,0.0,0.0,0,0,0,0,0.0,0,0,0,0,0,0,0,0,0,0,0,0,0,0,0,0,0,0,0,0,0,0,0,0,0,0,0,0,0,0,0,0,0,8,37,37,44,65476,392,65476,1,0,4,21553,0.0,2.7183305813883192e+23,-0.002,0.0,0.0,0.0,0.0,0.0,0.0,0.0,0.0,0.0,0.0,0.0,0.0,0.0,0.0,0.0,0.0,0.0,0.0,2.004,3.697062548517736e+19,3.697081020313082e+19,-2.004,2.004,0.0,0.0,0.0,0.0,6503.0,-8608230400.0,0.0,0.0,-0.0,0.0,0.0,0.0,0.0,2.004,2.004,223,2.7184168703571796e+23,4.0668755697950344e+29,0.0,0.0,0.0,0.0,0.0,0.0,0.0,0,0,0,-0.0,0.0,3668.215,-3.8348395886716305e+32,0.0,-0.0,-0.001,-2.380230434406829e+29,-1.2990143842475835e+19,-5.6969223838025284e+23,-0.001,2023953536.0,0.0,0.0,0.0,36927.238,0,1.3516416376850534e+27,223,0.0,446,-2.637553503966331e+17,-0.0,2112,0,17110,0,17112,0,17096,0,0,0,101,100,100,-107615232.0,64.4,-107615240.0,64.7,2.7302335952034594e+23,64.5,1,49,50,180,52429,0,0,0,0.0,0.0,0.0,60.0,2.7790830873863496e+37,71.0,0.0,0.0,0.0,1069,0,1070,0,0,0,1070,0,1081,0,1000,0,648,0,649,0,644,0,676,0.032,1.0625324586456702e+22,-2.004,0.0,38416,16814,-0.0,0.0,0.0,0.0,-0.0,0.0,50.0,60.0,35,0.0,0.0,10.0,2.0,0.0,0.0,0.0,0.0,0.0,0.0,0.0,0.0,0.0,0.0,0.0,0.0,59.2,50,13,65511,25,65476,0,300,0,0,8,20529,65476,0,0,30147,60.0,0.0,10.0,10.0,2.0,0.0
2026-02-16T12:20:18,ERR,ERR,ERR,ERR,ERR,ERR,ERR,ERR,ERR,ERR,ERR,ERR,ERR,ERR,ERR,ERR,ERR,ERR,ERR,ERR,ERR,ERR,ERR,ERR,ERR,ERR,ERR,ERR,ERR,ERR,ERR,ERR,ERR,ERR,ERR,ERR,ERR,ERR,ERR,ERR,ERR,ERR,ERR,ERR,ERR,ERR,ERR,ERR,ERR,ERR,ERR,ERR,ERR,ERR,ERR,ERR,ERR,ERR,ERR,ERR,ERR,ERR,ERR,ERR,ERR,ERR,ERR,ERR,ERR,ERR,ERR,ERR,ERR,ERR,ERR,ERR,ERR,ERR,ERR,ERR,ERR,ERR,ERR,ERR,ERR,ERR,ERR,ERR,ERR,ERR,ERR,ERR,ERR,ERR,ERR,ERR,ERR,ERR,ERR,ERR,ERR,ERR,ERR,ERR,ERR,ERR,ERR,ERR,ERR,ERR,ERR,ERR,ERR,ERR,ERR,ERR,ERR,ERR,ERR,ERR,ERR,ERR,ERR,ERR,ERR,0.0,-0.0,2.7184055212861186e+23,-0.0,0.0,0.0,-8.781467369848212e+25,424448.562,4300,0,8,17168,4300,0.0,40,0.0,0.0,-0.0,0.0,0.0,0,0,0,0,0.0,0,0,0,0,0,0,0,0,0,0,0,0,0,0,0,0,0,0,0,0,0,0,0,0,0,0,0,0,0,0,0,0,0,8,37,37,44,65476,392,65476,1,0,4,21553,0.0,2.7183305813883192e+23,-0.002,0.0,0.0,0.0,0.0,0.0,0.0,0.0,0.0,0.0,0.0,0.0,0.0,0.0,0.0,0.0,0.0,0.0,0.0,2.004,3.697062548517736e+19,3.697081020313082e+19,-2.004,2.004,0.0,0.0,0.0,0.0,6503.0,-8608230400.0,0.0,0.0,-0.0,0.0,0.0,0.0,0.0,2.004,2.004,223,2.7184168703571796e+23,4.0668755697950344e+29,0.0,0.0,0.0,0.0,0.0,0.0,0.0,0,0,0,-0.0,0.0,3668.215,-3.8348395886716305e+32,0.0,-0.0,-0.001,-2.380230434406829e+29,-1.2990143842475835e+19,-5.6969223838025284e+23,-0.001,2023953536.0,0.0,0.0,0.0,36927.238,0,1.3516416376850534e+27,223,0.0,446,-2.637553503966331e+17,-0.0,2112,0,17110,0,17112,0,17096,0,0,0,101,100,100,-107615232.0,64.4,-107615240.0,64.7,2.7302335952034594e+23,64.5,1,49,50,180,52429,0,0,0,0.0,0.0,0.0,60.0,2.7790830873863496e+37,71.0,0.0,0.0,0.0,1069,0,1070,0,0,0,1070,0,1081,0,1000,0,648,0,649,0,644,0,676,0.032,1.0625324586456702e+22,-2.004,0.0,38416,16814,-0.0,0.0,0.0,0.0,-0.0,0.0,50.0,60.0,35,0.0,0.0,10.0,2.0,0.0,0.0,0.0,0.0,0.0,0.0,0.0,0.0,0.0,0.0,0.0,0.0,58.8,50,13,65511,25,65476,0,300,0,0,8,20529,65476,0,0,30147,60.0,0.0,10.0,10.0,2.0,0.0
2026-02-16T12:20:19,ERR,ERR,ERR,ERR,ERR,ERR,ERR,ERR,ERR,ERR,ERR,ERR,ERR,ERR,ERR,ERR,ERR,ERR,ERR,ERR,ERR,ERR,ERR,ERR,ERR,ERR,ERR,ERR,ERR,ERR,ERR,ERR,ERR,ERR,ERR,ERR,ERR,ERR,ERR,ERR,ERR,ERR,ERR,ERR,ERR,ERR,ERR,ERR,ERR,ERR,ERR,ERR,ERR,ERR,ERR,ERR,ERR,ERR,ERR,ERR,ERR,ERR,ERR,ERR,ERR,ERR,ERR,ERR,ERR,ERR,ERR,ERR,ERR,ERR,ERR,ERR,ERR,ERR,ERR,ERR,ERR,ERR,ERR,ERR,ERR,ERR,ERR,ERR,ERR,ERR,ERR,ERR,ERR,ERR,ERR,ERR,ERR,ERR,ERR,ERR,ERR,ERR,ERR,ERR,ERR,ERR,ERR,ERR,ERR,ERR,ERR,ERR,ERR,ERR,ERR,ERR,ERR,ERR,ERR,ERR,ERR,ERR,ERR,ERR,ERR,0.0,-0.0,2.7184055212861186e+23,-0.0,0.0,0.0,-8.781467369848212e+25,424448.562,4300,0,8,17168,4300,0.0,40,0.0,0.0,-0.0,0.0,0.0,0,0,0,0,0.0,0,0,0,0,0,0,0,0,0,0,0,0,0,0,0,0,0,0,0,0,0,0,0,0,0,0,0,0,0,0,0,0,0,8,37,37,44,65476,392,65476,1,0,4,21553,0.0,2.7183305813883192e+23,-0.002,0.0,0.0,0.0,0.0,0.0,0.0,0.0,0.0,0.0,0.0,0.0,0.0,0.0,0.0,0.0,0.0,0.0,0.0,2.004,3.697062548517736e+19,3.697081020313082e+19,-2.004,2.004,0.0,0.0,0.0,0.0,6503.0,-8608230400.0,0.0,0.0,-0.0,0.0,0.0,0.0,0.0,2.004,2.004,223,2.7184168703571796e+23,4.0668755697950344e+29,0.0,0.0,0.0,0.0,0.0,0.0,0.0,0,0,0,-0.0,0.0,3668.215,-3.8348395886716305e+32,0.0,-0.0,-0.001,-2.380230434406829e+29,-1.2990143842475835e+19,-5.6969223838025284e+23,-0.001,2023953536.0,0.0,0.0,0.0,36927.238,0,1.3516416376850534e+27,223,0.0,446,-2.637553503966331e+17,-0.0,2112,0,17110,13107,17112,0,17096,0,0,0,101,100,100,-107615232.0,64.4,-107615240.0,64.8,-0.0,64.5,1,49,50,180,0,0,0,0,0.0,0.0,0.0,60.0,1.4975413183506992e+37,71.0,0.0,0.0,0.0,1069,0,1070,0,0,0,1070,0,1081,0,1000,0,648,0,649,0,644,0,676,0.032,1.0551537610161864e+22,0.0,0.0,20496,16814,1.4975413183506992e+37,0.0,0.0,1.2850168196269935e+30,3.1700351388301165e+23,0.0,50.0,60.0,35,0.0,0.0,10.0,2.0,0.0,0.0,0.0,0.0,0.0,0.0,0.0,0.0,0.0,0.0,0.0,0.0,59.2,50,13,65511,25,65476,0,300,0,0,8,20529,65476,0,0,30147,60.0,0.0,10.0,10.0,2.0,0.0
2026-02-16T12:20:20,ERR,ERR,ERR,ERR,ERR,ERR,ERR,ERR,ERR,ERR,ERR,ERR,ERR,ERR,ERR,ERR,ERR,ERR,ERR,ERR,ERR,ERR,ERR,ERR,ERR,ERR,ERR,ERR,ERR,ERR,ERR,ERR,ERR,ERR,ERR,ERR,ERR,ERR,ERR,ERR,ERR,ERR,ERR,ERR,ERR,ERR,ERR,ERR,ERR,ERR,ERR,ERR,ERR,ERR,ERR,ERR,ERR,ERR,ERR,ERR,ERR,ERR,ERR,ERR,ERR,ERR,ERR,ERR,ERR,ERR,ERR,ERR,ERR,ERR,ERR,ERR,ERR,ERR,ERR,ERR,ERR,ERR,ERR,ERR,ERR,ERR,ERR,ERR,ERR,ERR,ERR,ERR,ERR,ERR,ERR,ERR,ERR,ERR,ERR,ERR,ERR,ERR,ERR,ERR,ERR,ERR,ERR,ERR,ERR,ERR,ERR,ERR,ERR,ERR,ERR,ERR,ERR,ERR,ERR,ERR,ERR,ERR,ERR,ERR,ERR,0.0,-0.0,2.7184055212861186e+23,-0.0,0.0,0.0,-8.781467369848212e+25,424448.562,4300,0,8,17168,4300,0.0,40,0.0,0.0,-0.0,0.0,0.0,0,0,0,0,0.0,0,0,0,0,0,0,0,0,0,0,0,0,0,0,0,0,0,0,0,0,0,0,0,0,0,0,0,0,0,0,0,0,0,8,37,37,44,65476,392,65476,1,0,4,21553,0.0,2.7183305813883192e+23,-0.002,0.0,0.0,0.0,0.0,0.0,0.0,0.0,0.0,0.0,0.0,0.0,0.0,0.0,0.0,0.0,0.0,0.0,0.0,2.004,3.697062548517736e+19,3.697081020313082e+19,-2.004,2.004,0.0,0.0,0.0,0.0,6503.0,-8608230400.0,0.0,0.0,-0.0,0.0,0.0,0.0,0.0,2.004,2.004,223,2.7184168703571796e+23,4.0668755697950344e+29,0.0,0.0,0.0,0.0,0.0,0.0,0.0,0,0,0,-0.0,0.0,3668.215,-3.8348395886716305e+32,0.0,-0.0,-0.001,-2.380230434406829e+29,-1.2990143842475835e+19,-5.6969223838025284e+23,-0.001,2023953536.0,0.0,0.0,0.0,36927.238,0,1.3516416376850534e+27,223,0.0,446,-2.637553503966331e+17,-0.0,2112,0,17110,13107,17112,0,17096,0,0,0,101,100,100,-107615232.0,64.4,-107615240.0,64.8,-0.0,64.5,1,49,50,180,0,0,0,0,0.0,0.0,0.0,60.0,1.4975413183506992e+37,71.0,0.0,0.0,0.0,1069,0,1070,0,0,0,1070,0,1081,0,1000,0,648,0,649,0,644,0,676,0.032,1.0551537610161864e+22,0.0,0.0,20496,16814,1.4975413183506992e+37,0.0,0.0,1.2850168196269935e+30,3.1700351388301165e+23,0.0,50.0,60.0,35,0.0,0.0,10.0,2.0,0.0,0.0,0.0,0.0,0.0,0.0,0.0,0.0,0.0,0.0,0.0,0.0,59.2,50,13,65511,25,65476,0,300,0,0,8,20529,65476,0,0,30147,60.0,0.0,10.0,10.0,2.0,0.0
2026-02-16T12:20:21,ERR,ERR,ERR,ERR,ERR,ERR,ERR,ERR,ERR,ERR,ERR,ERR,ERR,ERR,ERR,ERR,ERR,ERR,ERR,ERR,ERR,ERR,ERR,ERR,ERR,ERR,ERR,ERR,ERR,ERR,ERR,ERR,ERR,ERR,ERR,ERR,ERR,ERR,ERR,ERR,ERR,ERR,ERR,ERR,ERR,ERR,ERR,ERR,ERR,ERR,ERR,ERR,ERR,ERR,ERR,ERR,ERR,ERR,ERR,ERR,ERR,ERR,ERR,ERR,ERR,ERR,ERR,ERR,ERR,ERR,ERR,ERR,ERR,ERR,ERR,ERR,ERR,ERR,ERR,ERR,ERR,ERR,ERR,ERR,ERR,ERR,ERR,ERR,ERR,ERR,ERR,ERR,ERR,ERR,ERR,ERR,ERR,ERR,ERR,ERR,ERR,ERR,ERR,ERR,ERR,ERR,ERR,ERR,ERR,ERR,ERR,ERR,ERR,ERR,ERR,ERR,ERR,ERR,ERR,ERR,ERR,ERR,ERR,ERR,ERR,0.0,-0.0,2.7184055212861186e+23,-0.0,0.0,0.0,-8.781467369848212e+25,424448.562,4300,0,8,17168,4300,0.0,40,0.0,0.0,-0.0,0.0,0.0,0,0,0,0,0.0,0,0,0,0,0,0,0,0,0,0,0,0,0,0,0,0,0,0,0,0,0,0,0,0,0,0,0,0,0,0,0,0,0,8,37,37,44,65476,392,65476,1,0,4,21553,0.0,2.7183305813883192e+23,-0.002,0.0,0.0,0.0,0.0,0.0,0.0,0.0,0.0,0.0,0.0,0.0,0.0,0.0,0.0,0.0,0.0,0.0,0.0,2.004,3.697062548517736e+19,3.697081020313082e+19,-2.004,2.004,0.0,0.0,0.0,0.0,6503.0,-8608230400.0,0.0,0.0,-0.0,0.0,0.0,0.0,0.0,2.004,2.004,223,2.7184168703571796e+23,4.0668755697950344e+29,0.0,0.0,0.0,0.0,0.0,0.0,0.0,0,0,0,-0.0,0.0,3668.215,-3.8348395886716305e+32,0.0,-0.0,-0.001,-2.380230434406829e+29,-1.2990143842475835e+19,-5.6969223838025284e+23,-0.001,2023953536.0,0.0,0.0,0.0,36927.238,0,1.3516416376850534e+27,223,0.0,446,-2.637553503966331e+17,-0.0,2112,0,17110,13107,17112,0,17096,0,0,0,101,100,100,-107615232.0,64.4,-107615240.0,64.8,-0.0,64.5,1,49,50,180,0,0,0,0,0.0,0.0,0.0,60.0,1.4975413183506992e+37,71.0,0.0,0.0,0.0,1069,0,1070,0,0,0,1070,0,1081,0,1000,0,648,0,649,0,644,0,676,0.032,1.0551537610161864e+22,0.0,0.0,20496,16814,1.4975413183506992e+37,0.0,0.0,1.2850168196269935e+30,3.1700351388301165e+23,0.0,50.0,60.0,35,0.0,0.0,10.0,2.0,0.0,0.0,0.0,0.0,0.0,0.0,0.0,0.0,0.0,0.0,0.0,0.0,58.8,50,13,65511,25,65476,0,300,0,0,8,20529,65476,0,0,30147,60.0,0.0,10.0,10.0,2.0,0.0
2026-02-16T12:20:22,ERR,ERR,ERR,ERR,ERR,ERR,ERR,ERR,ERR,ERR,ERR,ERR,ERR,ERR,ERR,ERR,ERR,ERR,ERR,ERR,ERR,ERR,ERR,ERR,ERR,ERR,ERR,ERR,ERR,ERR,ERR,ERR,ERR,ERR,ERR,ERR,ERR,ERR,ERR,ERR,ERR,ERR,ERR,ERR,ERR,ERR,ERR,ERR,ERR,ERR,ERR,ERR,ERR,ERR,ERR,ERR,ERR,ERR,ERR,ERR,ERR,ERR,ERR,ERR,ERR,ERR,ERR,ERR,ERR,ERR,ERR,ERR,ERR,ERR,ERR,ERR,ERR,ERR,ERR,ERR,ERR,ERR,ERR,ERR,ERR,ERR,ERR,ERR,ERR,ERR,ERR,ERR,ERR,ERR,ERR,ERR,ERR,ERR,ERR,ERR,ERR,ERR,ERR,ERR,ERR,ERR,ERR,ERR,ERR,ERR,ERR,ERR,ERR,ERR,ERR,ERR,ERR,ERR,ERR,ERR,ERR,ERR,ERR,ERR,ERR,0.0,-0.0,2.7184055212861186e+23,-0.0,0.0,0.0,-0.0,1.6886297099026313e+28,4300,0,8,17168,4300,0.0,41,0.0,0.0,-0.0,0.0,0.0,0,0,0,0,0.0,0,0,0,0,0,0,0,0,0,0,0,0,0,0,0,0,0,0,0,0,0,0,0,0,0,0,0,0,0,0,0,0,0,8,37,37,44,65476,390,65476,1,0,4,21553,0.0,2.7183305813883192e+23,0.0,0.0,0.0,0.0,0.0,0.0,0.0,0.0,0.0,0.0,0.0,0.0,0.0,0.0,0.0,0.0,0.0,0.0,0.0,2.004,3.697062548517736e+19,3.697081020313082e+19,-2.004,2.004,0.0,0.0,0.0,0.0,6537.0,-564149054603264.0,0.0,0.0,-0.0,0.0,0.0,-0.0,0.0,2.004,2.004,222,4.066852524646598e+29,0.0,0.0,0.0,0.0,0.0,0.0,0.0,0.0,0,0,0,-0.0,-5.063907093710448e+21,1.2183446454827745e+18,-3.0438271635926112e+22,2529966424064.0,0.0,-0.0,-0.0,-0.0,-6.0038762051890554e+23,-0.001,2141394048.0,0.0,0.0,0.0,923782976.0,0,1.3516416376850534e+27,222,0.0,444,-2.637553503966331e+17,-0.0,2112,0,17110,13107,17112,0,17096,0,0,0,101,100,100,-107615232.0,64.4,-107615240.0,64.8,-0.0,64.5,1,49,50,180,0,0,0,0,0.0,0.0,0.0,60.0,1.4975413183506992e+37,71.0,0.0,0.0,0.0,1069,0,1070,0,0,0,1070,0,1081,0,1000,0,648,0,649,0,644,0,676,0.032,1.0551537610161864e+22,0.0,0.0,20496,16814,1.4975413183506992e+37,0.0,0.0,1.2850168196269935e+30,3.1700351388301165e+23,0.0,50.0,60.0,35,0.0,0.0,10.0,2.0,0.0,0.0,0.0,0.0,0.0,0.0,0.0,0.0,0.0,0.0,0.0,0.0,58.8,50,13,65511,25,65476,0,300,0,0,8,20529,65476,0,0,30147,60.0,0.0,10.0,10.0,2.0,0.0
2026-02-16T12:20:23,ERR,ERR,ERR,ERR,ERR,ERR,ERR,ERR,ERR,ERR,ERR,ERR,ERR,ERR,ERR,ERR,ERR,ERR,ERR,ERR,ERR,ERR,ERR,ERR,ERR,ERR,ERR,ERR,ERR,ERR,ERR,ERR,ERR,ERR,ERR,ERR,ERR,ERR,ERR,ERR,ERR,ERR,ERR,ERR,ERR,ERR,ERR,ERR,ERR,ERR,ERR,ERR,ERR,ERR,ERR,ERR,ERR,ERR,ERR,ERR,ERR,ERR,ERR,ERR,ERR,ERR,ERR,ERR,ERR,ERR,ERR,ERR,ERR,ERR,ERR,ERR,ERR,ERR,ERR,ERR,ERR,ERR,ERR,ERR,ERR,ERR,ERR,ERR,ERR,ERR,ERR,ERR,ERR,ERR,ERR,ERR,ERR,ERR,ERR,ERR,ERR,ERR,ERR,ERR,ERR,ERR,ERR,ERR,ERR,ERR,ERR,ERR,ERR,ERR,ERR,ERR,ERR,ERR,ERR,ERR,ERR,ERR,ERR,ERR,ERR,0.0,-0.0,2.7184055212861186e+23,-0.0,0.0,0.0,-0.0,1.6886297099026313e+28,4300,0,8,17168,4300,0.0,41,0.0,0.0,-0.0,0.0,0.0,0,0,0,0,0.0,0,0,0,0,0,0,0,0,0,0,0,0,0,0,0,0,0,0,0,0,0,0,0,0,0,0,0,0,0,0,0,0,0,8,37,37,44,65476,390,65476,1,0,4,21553,0.0,2.7183305813883192e+23,0.0,0.0,0.0,0.0,0.0,0.0,0.0,0.0,0.0,0.0,0.0,0.0,0.0,0.0,0.0,0.0,0.0,0.0,0.0,2.004,3.697062548517736e+19,3.697081020313082e+19,-2.004,2.004,0.0,0.0,0.0,0.0,6537.0,-564149054603264.0,0.0,0.0,-0.0,0.0,0.0,-0.0,0.0,2.004,2.004,222,4.066852524646598e+29,0.0,0.0,0.0,0.0,0.0,0.0,0.0,0.0,0,0,0,-0.0,-5.063907093710448e+21,1.2183446454827745e+18,-3.0438271635926112e+22,2529966424064.0,0.0,-0.0,-0.0,-0.0,-6.0038762051890554e+23,-0.001,2141394048.0,0.0,0.0,0.0,923782976.0,0,1.3516416376850534e+27,222,0.0,444,-2.637553503966331e+17,-0.0,2112,0,17110,13107,17112,0,17096,0,0,0,101,100,100,-107615232.0,64.4,-107615240.0,64.8,-0.0,64.5,1,49,50,180,52429,0,0,0,0.0,0.0,0.0,60.0,7.98616709017284e+36,71.0,0.0,2.294139332240874e+28,0.0,1069,0,1070,0,0,0,1070,0,1081,0,1000,0,648,0,649,0,644,0,676,0.032,1.0551537610161864e+22,0.0,0.0,34960,16814,-0.0,-252974480.0,-4420046944206848.0,-961014136832.0,0.001,-1.719699007543658e+26,50.0,60.0,35,0.0,0.0,10.0,2.0,0.0,0.0,0.0,0.0,0.0,0.0,0.0,0.0,0.0,0.0,0.0,0.0,58.8,50,13,65511,25,65476,0,300,0,0,8,20529,65476,0,0,30147,60.0,0.0,10.0,10.0,2.0,0.0
2026-02-16T12:20:24,ERR,ERR,ERR,ERR,ERR,ERR,ERR,ERR,ERR,ERR,ERR,ERR,ERR,ERR,ERR,ERR,ERR,ERR,ERR,ERR,ERR,ERR,ERR,ERR,ERR,ERR,ERR,ERR,ERR,ERR,ERR,ERR,ERR,ERR,ERR,ERR,ERR,ERR,ERR,ERR,ERR,ERR,ERR,ERR,ERR,ERR,ERR,ERR,ERR,ERR,ERR,ERR,ERR,ERR,ERR,ERR,ERR,ERR,ERR,ERR,ERR,ERR,ERR,ERR,ERR,ERR,ERR,ERR,ERR,ERR,ERR,ERR,ERR,ERR,ERR,ERR,ERR,ERR,ERR,ERR,ERR,ERR,ERR,ERR,ERR,ERR,ERR,ERR,ERR,ERR,ERR,ERR,ERR,ERR,ERR,ERR,ERR,ERR,ERR,ERR,ERR,ERR,ERR,ERR,ERR,ERR,ERR,ERR,ERR,ERR,ERR,ERR,ERR,ERR,ERR,ERR,ERR,ERR,ERR,ERR,ERR,ERR,ERR,ERR,ERR,0.0,-0.0,2.7184055212861186e+23,-0.0,0.0,0.0,-0.0,1.6886297099026313e+28,4300,0,8,17168,4300,0.0,41,0.0,0.0,-0.0,0.0,0.0,0,0,0,0,0.0,0,0,0,0,0,0,0,0,0,0,0,0,0,0,0,0,0,0,0,0,0,0,0,0,0,0,0,0,0,0,0,0,0,8,37,37,44,65476,390,65476,1,0,4,21553,0.0,2.7183305813883192e+23,0.0,0.0,0.0,0.0,0.0,0.0,0.0,0.0,0.0,0.0,0.0,0.0,0.0,0.0,0.0,0.0,0.0,0.0,0.0,2.004,3.697062548517736e+19,3.697081020313082e+19,-2.004,2.004,0.0,0.0,0.0,0.0,6537.0,-564149054603264.0,0.0,0.0,-0.0,0.0,0.0,-0.0,0.0,2.004,2.004,222,4.066852524646598e+29,0.0,0.0,0.0,0.0,0.0,0.0,0.0,0.0,0,0,0,-0.0,-5.063907093710448e+21,1.2183446454827745e+18,-3.0438271635926112e+22,2529966424064.0,0.0,-0.0,-0.0,-0.0,-6.0038762051890554e+23,-0.001,2141394048.0,0.0,0.0,0.0,923782976.0,0,1.3516416376850534e+27,222,0.0,444,-2.637553503966331e+17,-0.0,2112,0,17110,13107,17112,0,17096,0,0,0,101,100,100,-107615232.0,64.4,-107615240.0,64.8,-0.0,64.5,1,49,50,180,52429,0,0,0,0.0,0.0,0.0,60.0,7.98616709017284e+36,71.0,0.0,2.294139332240874e+28,0.0,1069,0,1070,0,0,0,1070,0,1081,0,1000,0,648,0,649,0,644,0,676,0.032,1.0551537610161864e+22,0.0,0.0,34960,16814,-0.0,-252974480.0,-4420046944206848.0,-961014136832.0,0.001,-1.719699007543658e+26,50.0,60.0,35,0.0,0.0,10.0,2.0,0.0,0.0,0.0,0.0,0.0,0.0,0.0,0.0,0.0,0.0,0.0,0.0,58.8,50,13,65511,25,65476,0,300,0,0,8,20529,65476,0,0,30147,60.0,0.0,10.0,10.0,2.0,0.0
2026-02-16T12:20:25,ERR,ERR,ERR,ERR,ERR,ERR,ERR,ERR,ERR,ERR,ERR,ERR,ERR,ERR,ERR,ERR,ERR,ERR,ERR,ERR,ERR,ERR,ERR,ERR,ERR,ERR,ERR,ERR,ERR,ERR,ERR,ERR,ERR,ERR,ERR,ERR,ERR,ERR,ERR,ERR,ERR,ERR,ERR,ERR,ERR,ERR,ERR,ERR,ERR,ERR,ERR,ERR,ERR,ERR,ERR,ERR,ERR,ERR,ERR,ERR,ERR,ERR,ERR,ERR,ERR,ERR,ERR,ERR,ERR,ERR,ERR,ERR,ERR,ERR,ERR,ERR,ERR,ERR,ERR,ERR,ERR,ERR,ERR,ERR,ERR,ERR,ERR,ERR,ERR,ERR,ERR,ERR,ERR,ERR,ERR,ERR,ERR,ERR,ERR,ERR,ERR,ERR,ERR,ERR,ERR,ERR,ERR,ERR,ERR,ERR,ERR,ERR,ERR,ERR,ERR,ERR,ERR,ERR,ERR,ERR,ERR,ERR,ERR,ERR,ERR,0.0,-0.0,2.7184055212861186e+23,-0.0,0.0,0.0,-0.0,1.6886297099026313e+28,4300,0,8,17168,4300,0.0,41,0.0,0.0,-0.0,0.0,0.0,0,0,0,0,0.0,0,0,0,0,0,0,0,0,0,0,0,0,0,0,0,0,0,0,0,0,0,0,0,0,0,0,0,0,0,0,0,0,0,8,37,37,44,65476,390,65476,1,0,4,21553,0.0,2.7183305813883192e+23,0.0,0.0,0.0,0.0,0.0,0.0,0.0,0.0,0.0,0.0,0.0,0.0,0.0,0.0,0.0,0.0,0.0,0.0,0.0,2.004,3.697062548517736e+19,3.697081020313082e+19,-2.004,2.004,0.0,0.0,0.0,0.0,6537.0,-564149054603264.0,0.0,0.0,-0.0,0.0,0.0,-0.0,0.0,2.004,2.004,222,4.066852524646598e+29,0.0,0.0,0.0,0.0,0.0,0.0,0.0,0.0,0,0,0,-0.0,-5.063907093710448e+21,1.2183446454827745e+18,-3.0438271635926112e+22,2529966424064.0,0.0,-0.0,-0.0,-0.0,-6.0038762051890554e+23,-0.001,2141394048.0,0.0,0.0,0.0,923782976.0,0,1.3516416376850534e+27,222,0.0,444,-2.637553503966331e+17,-0.0,2112,0,17110,13107,17112,0,17096,0,0,0,101,100,100,-107615232.0,64.4,-107615240.0,64.8,-0.0,64.5,1,49,50,180,52429,0,0,0,0.0,0.0,0.0,60.0,7.98616709017284e+36,71.0,0.0,2.294139332240874e+28,0.0,1069,0,1070,0,0,0,1070,0,1081,0,1000,0,648,0,649,0,644,0,676,0.032,1.0551537610161864e+22,0.0,0.0,34960,16814,-0.0,-252974480.0,-4420046944206848.0,-961014136832.0,0.001,-1.719699007543658e+26,50.0,60.0,35,0.0,0.0,10.0,2.0,0.0,0.0,0.0,0.0,0.0,0.0,0.0,0.0,0.0,0.0,0.0,0.0,58.8,50,13,65511,25,65476,0,300,0,0,8,20529,65476,0,0,30147,60.0,0.0,10.0,10.0,2.0,0.0
2026-02-16T12:20:26,ERR,ERR,ERR,ERR,ERR,ERR,ERR,ERR,ERR,ERR,ERR,ERR,ERR,ERR,ERR,ERR,ERR,ERR,ERR,ERR,ERR,ERR,ERR,ERR,ERR,ERR,ERR,ERR,ERR,ERR,ERR,ERR,ERR,ERR,ERR,ERR,ERR,ERR,ERR,ERR,ERR,ERR,ERR,ERR,ERR,ERR,ERR,ERR,ERR,ERR,ERR,ERR,ERR,ERR,ERR,ERR,ERR,ERR,ERR,ERR,ERR,ERR,ERR,ERR,ERR,ERR,ERR,ERR,ERR,ERR,ERR,ERR,ERR,ERR,ERR,ERR,ERR,ERR,ERR,ERR,ERR,ERR,ERR,ERR,ERR,ERR,ERR,ERR,ERR,ERR,ERR,ERR,ERR,ERR,ERR,ERR,ERR,ERR,ERR,ERR,ERR,ERR,ERR,ERR,ERR,ERR,ERR,ERR,ERR,ERR,ERR,ERR,ERR,ERR,ERR,ERR,ERR,ERR,ERR,ERR,ERR,ERR,ERR,ERR,ERR,0.0,-0.0,2.7184055212861186e+23,-0.0,0.0,0.0,-0.0,1.6886297099026313e+28,4300,0,8,17168,4300,0.0,41,0.0,0.0,-0.0,0.0,0.0,0,0,0,0,0.0,0,0,0,0,0,0,0,0,0,0,0,0,0,0,0,0,0,0,0,0,0,0,0,0,0,0,0,0,0,0,0,0,0,8,37,37,44,65476,390,65476,1,0,4,21553,0.0,2.7183305813883192e+23,0.0,0.0,0.0,0.0,0.0,0.0,0.0,0.0,0.0,0.0,0.0,0.0,0.0,0.0,0.0,0.0,0.0,0.0,0.0,2.004,3.697062548517736e+19,3.697081020313082e+19,-2.004,2.004,0.0,0.0,0.0,0.0,6537.0,-564149054603264.0,0.0,0.0,-0.0,0.0,0.0,-0.0,0.0,2.004,2.004,222,4.066852524646598e+29,0.0,0.0,0.0,0.0,0.0,0.0,0.0,0.0,0,0,0,-0.0,-5.063907093710448e+21,1.2183446454827745e+18,-3.0438271635926112e+22,2529966424064.0,0.0,-0.0,-0.0,-0.0,-6.0038762051890554e+23,-0.001,2141394048.0,0.0,0.0,0.0,923782976.0,0,1.3516416376850534e+27,222,0.0,444,-2.637553503966331e+17,-0.0,2112,0,17110,13107,17112,0,17096,0,0,0,101,100,100,-107615232.0,64.4,-107615240.0,64.8,-0.0,64.5,1,49,50,180,0,0,0,0,0.0,0.0,0.0,60.0,8.36689876789916e+33,71.0,0.0,-0.0,0.0,1069,0,1070,0,0,0,1070,0,1081,0,1000,0,648,0,649,0,644,0,676,0.032,1.0625324586456702e+22,0.0,0.0,29072,16814,3.298251553768963e+25,1.8984312171976568e+25,0.0,3.905463950780464e+24,1.029135643071143e+26,0.0,50.0,60.0,35,0.0,0.0,10.0,2.0,0.0,0.0,0.0,0.0,0.0,0.0,0.0,0.0,0.0,0.0,0.0,0.0,58.8,50,13,65511,25,65476,0,300,0,0,8,20529,65476,0,0,30147,60.0,0.0,10.0,10.0,2.0,0.0
2026-02-16T12:20:27,ERR,ERR,ERR,ERR,ERR,ERR,ERR,ERR,ERR,ERR,ERR,ERR,ERR,ERR,ERR,ERR,ERR,ERR,ERR,ERR,ERR,ERR,ERR,ERR,ERR,ERR,ERR,ERR,ERR,ERR,ERR,ERR,ERR,ERR,ERR,ERR,ERR,ERR,ERR,ERR,ERR,ERR,ERR,ERR,ERR,ERR,ERR,ERR,ERR,ERR,ERR,ERR,ERR,ERR,ERR,ERR,ERR,ERR,ERR,ERR,ERR,ERR,ERR,ERR,ERR,ERR,ERR,ERR,ERR,ERR,ERR,ERR,ERR,ERR,ERR,ERR,ERR,ERR,ERR,ERR,ERR,ERR,ERR,ERR,ERR,ERR,ERR,ERR,ERR,ERR,ERR,ERR,ERR,ERR,ERR,ERR,ERR,ERR,ERR,ERR,ERR,ERR,ERR,ERR,ERR,ERR,ERR,ERR,ERR,ERR,ERR,ERR,ERR,ERR,ERR,ERR,ERR,ERR,ERR,ERR,ERR,ERR,ERR,ERR,ERR,0.0,-0.0,2.7184055212861186e+23,-0.0,0.0,-2.197507090589948e+21,3.3729223864856504e+20,-0.0,4300,0,8,17168,4300,0.0,41,0.0,0.0,-0.0,0.0,0.0,0,0,0,0,0.0,0,0,0,0,0,0,0,0,0,0,0,0,0,0,0,0,0,0,0,0,0,0,0,0,0,0,0,0,0,0,0,0,0,7,37,37,44,65476,386,65476,1,0,4,21553,0.0,2.7183305813883192e+23,-5.327083035407973e+25,0.0,0.0,0.0,0.0,0.0,0.0,0.0,0.0,0.0,0.0,0.0,0.0,0.0,0.0,0.0,0.0,0.0,0.0,2.004,3.697062548517736e+19,3.697081020313082e+19,-2.004,2.004,0.0,0.0,0.0,0.0,6566.0,0.0,0.0,2.718442270659078e+23,-0.0,0.0,0.0,-0.0,0.0,2.004,2.004,224,1.9056854073711e+17,89221.023,0.0,0.0,0.0,0.0,0.0,0.0,0.0,0,0,0,-1698.107,-0.0,1.0160894815533793e+20,-532730395754496.0,1.2260277960453653e+25,-1.2562782153350744e+22,-0.0,-0.0,-0.0,-6.529807290249322e+23,-0.001,2336631040.0,0.0,0.0,0.0,6791.905,0,1.3516416376850534e+27,224,0.0,448,0.0,0.0,2112,0,17110,13107,17112,0,17096,0,0,0,101,100,100,-107615232.0,64.4,-107615240.0,64.8,-0.0,64.5,1,49,50,180,0,0,0,0,0.0,0.0,0.0,60.0,8.36689876789916e+33,71.0,0.0,-0.0,0.0,1069,0,1070,0,0,0,1070,0,1081,0,1000,0,648,0,649,0,644,0,676,0.032,1.0625324586456702e+22,0.0,0.0,29072,16814,3.298251553768963e+25,1.8984312171976568e+25,0.0,3.905463950780464e+24,1.029135643071143e+26,0.0,50.0,60.0,35,0.0,0.0,10.0,2.0,0.0,0.0,0.0,0.0,0.0,0.0,0.0,0.0,0.0,0.0,0.0,0.0,58.8,50,13,65511,25,65476,0,300,0,0,8,20529,65476,0,0,30147,60.0,0.0,10.0,10.0,2.0,0.0
2026-02-16T12:20:28,ERR,ERR,ERR,ERR,ERR,ERR,ERR,ERR,ERR,ERR,ERR,ERR,ERR,ERR,ERR,ERR,ERR,ERR,ERR,ERR,ERR,ERR,ERR,ERR,ERR,ERR,ERR,ERR,ERR,ERR,ERR,ERR,ERR,ERR,ERR,ERR,ERR,ERR,ERR,ERR,ERR,ERR,ERR,ERR,ERR,ERR,ERR,ERR,ERR,ERR,ERR,ERR,ERR,ERR,ERR,ERR,ERR,ERR,ERR,ERR,ERR,ERR,ERR,ERR,ERR,ERR,ERR,ERR,ERR,ERR,ERR,ERR,ERR,ERR,ERR,ERR,ERR,ERR,ERR,ERR,ERR,ERR,ERR,ERR,ERR,ERR,ERR,ERR,ERR,ERR,ERR,ERR,ERR,ERR,ERR,ERR,ERR,ERR,ERR,ERR,ERR,ERR,ERR,ERR,ERR,ERR,ERR,ERR,ERR,ERR,ERR,ERR,ERR,ERR,ERR,ERR,ERR,ERR,ERR,ERR,ERR,ERR,ERR,ERR,ERR,0.0,-0.0,2.7184055212861186e+23,-0.0,0.0,-2.197507090589948e+21,3.3729223864856504e+20,-0.0,4300,0,8,17168,4300,0.0,41,0.0,0.0,-0.0,0.0,0.0,0,0,0,0,0.0,0,0,0,0,0,0,0,0,0,0,0,0,0,0,0,0,0,0,0,0,0,0,0,0,0,0,0,0,0,0,0,0,0,7,37,37,44,65476,386,65476,1,0,4,21553,0.0,2.7183305813883192e+23,-5.327083035407973e+25,0.0,0.0,0.0,0.0,0.0,0.0,0.0,0.0,0.0,0.0,0.0,0.0,0.0,0.0,0.0,0.0,0.0,0.0,2.004,3.697062548517736e+19,3.697081020313082e+19,-2.004,2.004,0.0,0.0,0.0,0.0,6566.0,0.0,0.0,2.718442270659078e+23,-0.0,0.0,0.0,-0.0,0.0,2.004,2.004,224,1.9056854073711e+17,89221.023,0.0,0.0,0.0,0.0,0.0,0.0,0.0,0,0,0,-1698.107,-0.0,1.0160894815533793e+20,-532730395754496.0,1.2260277960453653e+25,-1.2562782153350744e+22,-0.0,-0.0,-0.0,-6.529807290249322e+23,-0.001,2336631040.0,0.0,0.0,0.0,6791.905,0,1.3516416376850534e+27,224,0.0,448,0.0,0.0,2112,0,17110,13107,17112,0,17096,0,0,0,101,100,100,-107615232.0,64.4,-107615240.0,64.8,-0.0,64.5,1,49,50,180,0,0,0,0,0.0,0.0,0.0,60.0,8.36689876789916e+33,71.0,0.0,-0.0,0.0,1069,0,1070,0,0,0,1070,0,1081,0,1000,0,648,0,649,0,644,0,676,0.032,1.0625324586456702e+22,0.0,0.0,29072,16814,3.298251553768963e+25,1.8984312171976568e+25,0.0,3.905463950780464e+24,1.029135643071143e+26,0.0,50.0,60.0,35,0.0,0.0,10.0,2.0,0.0,0.0,0.0,0.0,0.0,0.0,0.0,0.0,0.0,0.0,0.0,0.0,58.8,50,13,65511,25,65476,0,300,0,0,8,20529,65476,0,0,30147,60.0,0.0,10.0,10.0,2.0,0.0
2026-02-16T12:20:29,ERR,ERR,ERR,ERR,ERR,ERR,ERR,ERR,ERR,ERR,ERR,ERR,ERR,ERR,ERR,ERR,ERR,ERR,ERR,ERR,ERR,ERR,ERR,ERR,ERR,ERR,ERR,ERR,ERR,ERR,ERR,ERR,ERR,ERR,ERR,ERR,ERR,ERR,ERR,ERR,ERR,ERR,ERR,ERR,ERR,ERR,ERR,ERR,ERR,ERR,ERR,ERR,ERR,ERR,ERR,ERR,ERR,ERR,ERR,ERR,ERR,ERR,ERR,ERR,ERR,ERR,ERR,ERR,ERR,ERR,ERR,ERR,ERR,ERR,ERR,ERR,ERR,ERR,ERR,ERR,ERR,ERR,ERR,ERR,ERR,ERR,ERR,ERR,ERR,ERR,ERR,ERR,ERR,ERR,ERR,ERR,ERR,ERR,ERR,ERR,ERR,ERR,ERR,ERR,ERR,ERR,ERR,ERR,ERR,ERR,ERR,ERR,ERR,ERR,ERR,ERR,ERR,ERR,ERR,ERR,ERR,ERR,ERR,ERR,ERR,0.0,-0.0,2.7184055212861186e+23,-0.0,0.0,-2.197507090589948e+21,3.3729223864856504e+20,-0.0,4300,0,8,17168,4300,0.0,41,0.0,0.0,-0.0,0.0,0.0,0,0,0,0,0.0,0,0,0,0,0,0,0,0,0,0,0,0,0,0,0,0,0,0,0,0,0,0,0,0,0,0,0,0,0,0,0,0,0,7,37,37,44,65476,386,65476,1,0,4,21553,0.0,2.7183305813883192e+23,-5.327083035407973e+25,0.0,0.0,0.0,0.0,0.0,0.0,0.0,0.0,0.0,0.0,0.0,0.0,0.0,0.0,0.0,0.0,0.0,0.0,2.004,3.697062548517736e+19,3.697081020313082e+19,-2.004,2.004,0.0,0.0,0.0,0.0,6566.0,0.0,0.0,2.718442270659078e+23,-0.0,0.0,0.0,-0.0,0.0,2.004,2.004,224,1.9056854073711e+17,89221.023,0.0,0.0,0.0,0.0,0.0,0.0,0.0,0,0,0,-1698.107,-0.0,1.0160894815533793e+20,-532730395754496.0,1.2260277960453653e+25,-1.2562782153350744e+22,-0.0,-0.0,-0.0,-6.529807290249322e+23,-0.001,2336631040.0,0.0,0.0,0.0,6791.905,0,1.3516416376850534e+27,224,0.0,448,0.0,0.0,2112,0,17110,13107,17112,0,17096,0,0,0,101,100,100,-107615232.0,64.4,-107615240.0,64.8,-0.0,64.5,1,49,50,180,0,0,0,0,0.0,0.0,0.0,60.0,-0.0,71.0,0.0,7.985971238155104e+36,0.0,1070,0,1070,0,0,0,1070,0,1081,0,1000,0,648,0,649,0,644,0,676,0.032,1.0551537610161864e+22,0.0,0.0,39056,16814,-0.0,7.985971238155104e+36,-0.0,2349408190464.0,0.0,-1.205,50.0,60.0,35,0.0,0.0,10.0,2.0,0.0,0.0,0.0,0.0,0.0,0.0,0.0,0.0,0.0,0.0,0.0,0.0,58.8,50,13,65511,25,65476,0,300,0,0,8,20529,65476,0,0,30147,60.0,0.0,10.0,10.0,2.0,0.0
2026-02-16T12:20:30,ERR,ERR,ERR,ERR,ERR,ERR,ERR,ERR,ERR,ERR,ERR,ERR,ERR,ERR,ERR,ERR,ERR,ERR,ERR,ERR,ERR,ERR,ERR,ERR,ERR,ERR,ERR,ERR,ERR,ERR,ERR,ERR,ERR,ERR,ERR,ERR,ERR,ERR,ERR,ERR,ERR,ERR,ERR,ERR,ERR,ERR,ERR,ERR,ERR,ERR,ERR,ERR,ERR,ERR,ERR,ERR,ERR,ERR,ERR,ERR,ERR,ERR,ERR,ERR,ERR,ERR,ERR,ERR,ERR,ERR,ERR,ERR,ERR,ERR,ERR,ERR,ERR,ERR,ERR,ERR,ERR,ERR,ERR,ERR,ERR,ERR,ERR,ERR,ERR,ERR,ERR,ERR,ERR,ERR,ERR,ERR,ERR,ERR,ERR,ERR,ERR,ERR,ERR,ERR,ERR,ERR,ERR,ERR,ERR,ERR,ERR,ERR,ERR,ERR,ERR,ERR,ERR,ERR,ERR,ERR,ERR,ERR,ERR,ERR,ERR,0.0,-0.0,2.7184055212861186e+23,-0.0,0.0,-2.197507090589948e+21,3.3729223864856504e+20,-0.0,4300,0,8,17168,4300,0.0,41,0.0,0.0,-0.0,0.0,0.0,0,0,0,0,0.0,0,0,0,0,0,0,0,0,0,0,0,0,0,0,0,0,0,0,0,0,0,0,0,0,0,0,0,0,0,0,0,0,0,7,37,37,44,65476,386,65476,1,0,4,21553,0.0,2.7183305813883192e+23,-5.327083035407973e+25,0.0,0.0,0.0,0.0,0.0,0.0,0.0,0.0,0.0,0.0,0.0,0.0,0.0,0.0,0.0,0.0,0.0,0.0,2.004,3.697062548517736e+19,3.697081020313082e+19,-2.004,2.004,0.0,0.0,0.0,0.0,6566.0,0.0,0.0,2.718442270659078e+23,-0.0,0.0,0.0,-0.0,0.0,2.004,2.004,224,1.9056854073711e+17,89221.023,0.0,0.0,0.0,0.0,0.0,0.0,0.0,0,0,0,-1698.107,-0.0,1.0160894815533793e+20,-532730395754496.0,1.2260277960453653e+25,-1.2562782153350744e+22,-0.0,-0.0,-0.0,-6.529807290249322e+23,-0.001,2336631040.0,0.0,0.0,0.0,6791.905,0,1.3516416376850534e+27,224,0.0,448,0.0,0.0,2112,0,17110,13107,17112,0,17096,0,0,0,101,100,100,-107615232.0,64.4,-107615240.0,64.8,-0.0,64.5,1,49,50,180,0,0,0,0,0.0,0.0,0.0,60.0,-0.0,71.0,0.0,7.985971238155104e+36,0.0,1070,0,1070,0,0,0,1070,0,1081,0,1000,0,648,0,649,0,644,0,676,0.032,1.0551537610161864e+22,0.0,0.0,39056,16814,-0.0,7.985971238155104e+36,-0.0,2349408190464.0,0.0,-1.205,50.0,60.0,35,0.0,0.0,10.0,2.0,0.0,0.0,0.0,0.0,0.0,0.0,0.0,0.0,0.0,0.0,0.0,0.0,58.8,50,13,65511,25,65476,0,300,0,0,8,20529,65476,0,0,30147,60.0,0.0,10.0,10.0,2.0,0.0
2026-02-16T12:20:31,ERR,ERR,ERR,ERR,ERR,ERR,ERR,ERR,ERR,ERR,ERR,ERR,ERR,ERR,ERR,ERR,ERR,ERR,ERR,ERR,ERR,ERR,ERR,ERR,ERR,ERR,ERR,ERR,ERR,ERR,ERR,ERR,ERR,ERR,ERR,ERR,ERR,ERR,ERR,ERR,ERR,ERR,ERR,ERR,ERR,ERR,ERR,ERR,ERR,ERR,ERR,ERR,ERR,ERR,ERR,ERR,ERR,ERR,ERR,ERR,ERR,ERR,ERR,ERR,ERR,ERR,ERR,ERR,ERR,ERR,ERR,ERR,ERR,ERR,ERR,ERR,ERR,ERR,ERR,ERR,ERR,ERR,ERR,ERR,ERR,ERR,ERR,ERR,ERR,ERR,ERR,ERR,ERR,ERR,ERR,ERR,ERR,ERR,ERR,ERR,ERR,ERR,ERR,ERR,ERR,ERR,ERR,ERR,ERR,ERR,ERR,ERR,ERR,ERR,ERR,ERR,ERR,ERR,ERR,ERR,ERR,ERR,ERR,ERR,ERR,0.0,-0.0,2.7184055212861186e+23,-0.0,0.0,-9.609769285109322e+28,1.7876630974655543e+33,-0.0,4300,0,8,17168,4300,0.0,41,0.0,0.0,-0.0,0.0,0.0,0,0,0,0,0.0,0,0,0,0,0,0,0,0,0,0,0,0,0,0,0,0,0,0,0,0,0,0,0,0,0,0,0,0,0,0,0,0,0,7,37,37,44,65476,385,65476,1,0,4,21553,0.0,-0.0,-0.0,0.0,0.0,0.0,0.0,0.0,0.0,0.0,0.0,0.0,0.0,0.0,0.0,0.0,0.0,0.0,0.0,0.0,0.0,2.004,3.697062548517736e+19,3.697081020313082e+19,-2.004,0.0,0.0,0.0,0.0,0.0,6571.0,-0.0,0.0,0.0,-0.0,0.0,0.0,-0.0,0.0,2.004,2.004,223,-0.0,-0.0,0.0,0.0,0.0,0.0,0.0,0.0,0.0,0,0,0,-0.0,-2297978.75,2.1421757556169114e+17,-3.61013433115607e+16,4.4002587284990853e+18,0.0,-0.0,-2.086763762601165e+16,-0.0,-7.143714933022376e+23,-0.001,2537957632.0,0.0,0.0,0.0,0.0,0,1.3516416376850534e+27,223,0.0,446,0.0,0.0,2112,0,17110,13107,17112,0,17096,0,0,0,101,100,100,-107615232.0,64.4,-107615240.0,64.8,-0.0,64.5,1,49,50,180,0,0,0,0,0.0,0.0,0.0,60.0,-0.0,71.0,0.0,7.985971238155104e+36,0.0,1070,0,1070,0,0,0,1070,0,1081,0,1000,0,648,0,649,0,644,0,676,0.032,1.0551537610161864e+22,0.0,0.0,39056,16814,-0.0,7.985971238155104e+36,-0.0,2349408190464.0,0.0,-1.205,50.0,60.0,35,0.0,0.0,10.0,2.0,0.0,0.0,0.0,0.0,0.0,0.0,0.0,0.0,0.0,0.0,0.0,0.0,58.8,50,13,65511,25,65476,0,300,0,0,8,20529,65476,0,0,30147,60.0,0.0,10.0,10.0,2.0,0.0
2026-02-16T12:20:32,ERR,ERR,ERR,ERR,ERR,ERR,ERR,ERR,ERR,ERR,ERR,ERR,ERR,ERR,ERR,ERR,ERR,ERR,ERR,ERR,ERR,ERR,ERR,ERR,ERR,ERR,ERR,ERR,ERR,ERR,ERR,ERR,ERR,ERR,ERR,ERR,ERR,ERR,ERR,ERR,ERR,ERR,ERR,ERR,ERR,ERR,ERR,ERR,ERR,ERR,ERR,ERR,ERR,ERR,ERR,ERR,ERR,ERR,ERR,ERR,ERR,ERR,ERR,ERR,ERR,ERR,ERR,ERR,ERR,ERR,ERR,ERR,ERR,ERR,ERR,ERR,ERR,ERR,ERR,ERR,ERR,ERR,ERR,ERR,ERR,ERR,ERR,ERR,ERR,ERR,ERR,ERR,ERR,ERR,ERR,ERR,ERR,ERR,ERR,ERR,ERR,ERR,ERR,ERR,ERR,ERR,ERR,ERR,ERR,ERR,ERR,ERR,ERR,ERR,ERR,ERR,ERR,ERR,ERR,ERR,ERR,ERR,ERR,ERR,ERR,0.0,-0.0,2.7184055212861186e+23,-0.0,0.0,-9.609769285109322e+28,1.7876630974655543e+33,-0.0,4300,0,8,17168,4300,0.0,41,0.0,0.0,-0.0,0.0,0.0,0,0,0,0,0.0,0,0,0,0,0,0,0,0,0,0,0,0,0,0,0,0,0,0,0,0,0,0,0,0,0,0,0,0,0,0,0,0,0,7,37,37,44,65476,385,65476,1,0,4,21553,0.0,-0.0,-0.0,0.0,0.0,0.0,0.0,0.0,0.0,0.0,0.0,0.0,0.0,0.0,0.0,0.0,0.0,0.0,0.0,0.0,0.0,2.004,3.697062548517736e+19,3.697081020313082e+19,-2.004,0.0,0.0,0.0,0.0,0.0,6571.0,-0.0,0.0,0.0,-0.0,0.0,0.0,-0.0,0.0,2.004,2.004,223,-0.0,-0.0,0.0,0.0,0.0,0.0,0.0,0.0,0.0,0,0,0,-0.0,-2297978.75,2.1421757556169114e+17,-3.61013433115607e+16,4.4002587284990853e+18,0.0,-0.0,-2.086763762601165e+16,-0.0,-7.143714933022376e+23,-0.001,2537957632.0,0.0,0.0,0.0,0.0,0,1.3516416376850534e+27,223,0.0,446,0.0,0.0,2112,0,17110,13107,17112,0,17096,0,0,0,101,100,100,-107615232.0,64.4,-107615240.0,64.8,-0.0,64.5,1,49,50,180,0,0,0,0,0.0,0.0,0.0,60.0,-0.0,71.0,0.0,7.985971238155104e+36,0.0,1070,0,1070,0,0,0,1070,0,1081,0,1000,0,648,0,649,0,644,0,676,0.032,1.0551537610161864e+22,0.0,0.0,39056,16814,-0.0,7.985971238155104e+36,-0.0,2349408190464.0,0.0,-1.205,50.0,60.0,35,0.0,0.0,10.0,2.0,0.0,0.0,0.0,0.0,0.0,0.0,0.0,0.0,0.0,0.0,0.0,0.0,58.8,50,13,65511,25,65476,0,300,0,0,8,20529,65476,0,0,30147,60.0,0.0,10.0,10.0,2.0,0.0
2026-02-16T12:20:33,ERR,ERR,ERR,ERR,ERR,ERR,ERR,ERR,ERR,ERR,ERR,ERR,ERR,ERR,ERR,ERR,ERR,ERR,ERR,ERR,ERR,ERR,ERR,ERR,ERR,ERR,ERR,ERR,ERR,ERR,ERR,ERR,ERR,ERR,ERR,ERR,ERR,ERR,ERR,ERR,ERR,ERR,ERR,ERR,ERR,ERR,ERR,ERR,ERR,ERR,ERR,ERR,ERR,ERR,ERR,ERR,ERR,ERR,ERR,ERR,ERR,ERR,ERR,ERR,ERR,ERR,ERR,ERR,ERR,ERR,ERR,ERR,ERR,ERR,ERR,ERR,ERR,ERR,ERR,ERR,ERR,ERR,ERR,ERR,ERR,ERR,ERR,ERR,ERR,ERR,ERR,ERR,ERR,ERR,ERR,ERR,ERR,ERR,ERR,ERR,ERR,ERR,ERR,ERR,ERR,ERR,ERR,ERR,ERR,ERR,ERR,ERR,ERR,ERR,ERR,ERR,ERR,ERR,ERR,ERR,ERR,ERR,ERR,ERR,ERR,0.0,-0.0,2.7184055212861186e+23,-0.0,0.0,-9.609769285109322e+28,1.7876630974655543e+33,-0.0,4300,0,8,17168,4300,0.0,41,0.0,0.0,-0.0,0.0,0.0,0,0,0,0,0.0,0,0,0,0,0,0,0,0,0,0,0,0,0,0,0,0,0,0,0,0,0,0,0,0,0,0,0,0,0,0,0,0,0,7,37,37,44,65476,385,65476,1,0,4,21553,0.0,-0.0,-0.0,0.0,0.0,0.0,0.0,0.0,0.0,0.0,0.0,0.0,0.0,0.0,0.0,0.0,0.0,0.0,0.0,0.0,0.0,2.004,3.697062548517736e+19,3.697081020313082e+19,-2.004,0.0,0.0,0.0,0.0,0.0,6571.0,-0.0,0.0,0.0,-0.0,0.0,0.0,-0.0,0.0,2.004,2.004,223,-0.0,-0.0,0.0,0.0,0.0,0.0,0.0,0.0,0.0,0,0,0,-0.0,-2297978.75,2.1421757556169114e+17,-3.61013433115607e+16,4.4002587284990853e+18,0.0,-0.0,-2.086763762601165e+16,-0.0,-7.143714933022376e+23,-0.001,2537957632.0,0.0,0.0,0.0,0.0,0,1.3516416376850534e+27,223,0.0,446,0.0,0.0,2112,0,17110,13107,17112,0,17096,0,0,0,101,100,100,-107615232.0,64.4,-107615240.0,64.8,-0.0,64.5,1,49,50,180,0,0,0,0,0.0,0.0,0.0,60.0,-0.0,71.0,0.0,-0.0,0.0,1070,0,1070,0,0,0,1070,0,1081,0,1000,0,648,0,649,0,644,0,675,0.032,1.0625324586456702e+22,0.0,0.0,45712,16814,-0.0,-0.0,-184576.594,-1.5313506452846125e+34,0.0,-5.521419190470181e+18,50.0,60.0,35,0.0,0.0,10.0,2.0,0.0,0.0,0.0,0.0,0.0,0.0,0.0,0.0,0.0,0.0,0.0,0.0,58.8,50,13,65511,25,65476,0,300,0,0,8,20529,65476,0,0,30147,60.0,0.0,10.0,10.0,2.0,0.0
2026-02-16T12:20:34,ERR,ERR,ERR,ERR,ERR,ERR,ERR,ERR,ERR,ERR,ERR,ERR,ERR,ERR,ERR,ERR,ERR,ERR,ERR,ERR,ERR,ERR,ERR,ERR,ERR,ERR,ERR,ERR,ERR,ERR,ERR,ERR,ERR,ERR,ERR,ERR,ERR,ERR,ERR,ERR,ERR,ERR,ERR,ERR,ERR,ERR,ERR,ERR,ERR,ERR,ERR,ERR,ERR,ERR,ERR,ERR,ERR,ERR,ERR,ERR,ERR,ERR,ERR,ERR,ERR,ERR,ERR,ERR,ERR,ERR,ERR,ERR,ERR,ERR,ERR,ERR,ERR,ERR,ERR,ERR,ERR,ERR,ERR,ERR,ERR,ERR,ERR,ERR,ERR,ERR,ERR,ERR,ERR,ERR,ERR,ERR,ERR,ERR,ERR,ERR,ERR,ERR,ERR,ERR,ERR,ERR,ERR,ERR,ERR,ERR,ERR,ERR,ERR,ERR,ERR,ERR,ERR,ERR,ERR,ERR,ERR,ERR,ERR,ERR,ERR,0.0,-0.0,2.7184055212861186e+23,-0.0,0.0,-9.609769285109322e+28,1.7876630974655543e+33,-0.0,4300,0,8,17168,4300,0.0,41,0.0,0.0,-0.0,0.0,0.0,0,0,0,0,0.0,0,0,0,0,0,0,0,0,0,0,0,0,0,0,0,0,0,0,0,0,0,0,0,0,0,0,0,0,0,0,0,0,0,7,37,37,44,65476,385,65476,1,0,4,21553,0.0,-0.0,-0.0,0.0,0.0,0.0,0.0,0.0,0.0,0.0,0.0,0.0,0.0,0.0,0.0,0.0,0.0,0.0,0.0,0.0,0.0,2.004,3.697062548517736e+19,3.697081020313082e+19,-2.004,0.0,0.0,0.0,0.0,0.0,6571.0,-0.0,0.0,0.0,-0.0,0.0,0.0,-0.0,0.0,2.004,2.004,223,-0.0,-0.0,0.0,0.0,0.0,0.0,0.0,0.0,0.0,0,0,0,-0.0,-2297978.75,2.1421757556169114e+17,-3.61013433115607e+16,4.4002587284990853e+18,0.0,-0.0,-2.086763762601165e+16,-0.0,-7.143714933022376e+23,-0.001,2537957632.0,0.0,0.0,0.0,0.0,0,1.3516416376850534e+27,223,0.0,446,0.0,0.0,2112,0,17110,13107,17112,0,17096,0,0,0,101,100,100,-107615232.0,64.4,-107615240.0,64.8,-0.0,64.5,1,49,50,180,0,0,0,0,0.0,0.0,0.0,60.0,-0.0,71.0,0.0,-0.0,0.0,1070,0,1070,0,0,0,1070,0,1081,0,1000,0,648,0,649,0,644,0,675,0.032,1.0625324586456702e+22,0.0,0.0,45712,16814,-0.0,-0.0,-184576.594,-1.5313506452846125e+34,0.0,-5.521419190470181e+18,50.0,60.0,35,0.0,0.0,10.0,2.0,0.0,0.0,0.0,0.0,0.0,0.0,0.0,0.0,0.0,0.0,0.0,0.0,58.8,50,13,65511,25,65476,0,300,0,0,8,20529,65476,0,0,30147,60.0,0.0,10.0,10.0,2.0,0.0
2026-02-16T12:20:35,ERR,ERR,ERR,ERR,ERR,ERR,ERR,ERR,ERR,ERR,ERR,ERR,ERR,ERR,ERR,ERR,ERR,ERR,ERR,ERR,ERR,ERR,ERR,ERR,ERR,ERR,ERR,ERR,ERR,ERR,ERR,ERR,ERR,ERR,ERR,ERR,ERR,ERR,ERR,ERR,ERR,ERR,ERR,ERR,ERR,ERR,ERR,ERR,ERR,ERR,ERR,ERR,ERR,ERR,ERR,ERR,ERR,ERR,ERR,ERR,ERR,ERR,ERR,ERR,ERR,ERR,ERR,ERR,ERR,ERR,ERR,ERR,ERR,ERR,ERR,ERR,ERR,ERR,ERR,ERR,ERR,ERR,ERR,ERR,ERR,ERR,ERR,ERR,ERR,ERR,ERR,ERR,ERR,ERR,ERR,ERR,ERR,ERR,ERR,ERR,ERR,ERR,ERR,ERR,ERR,ERR,ERR,ERR,ERR,ERR,ERR,ERR,ERR,ERR,ERR,ERR,ERR,ERR,ERR,ERR,ERR,ERR,ERR,ERR,ERR,0.0,-0.0,2.7184055212861186e+23,-0.0,0.0,-9.609769285109322e+28,1.7876630974655543e+33,-0.0,4300,0,8,17168,4300,0.0,41,0.0,0.0,-0.0,0.0,0.0,0,0,0,0,0.0,0,0,0,0,0,0,0,0,0,0,0,0,0,0,0,0,0,0,0,0,0,0,0,0,0,0,0,0,0,0,0,0,0,7,37,37,44,65476,385,65476,1,0,4,21553,0.0,-0.0,-0.0,0.0,0.0,0.0,0.0,0.0,0.0,0.0,0.0,0.0,0.0,0.0,0.0,0.0,0.0,0.0,0.0,0.0,0.0,2.004,3.697062548517736e+19,3.697081020313082e+19,-2.004,0.0,0.0,0.0,0.0,0.0,6571.0,-0.0,0.0,0.0,-0.0,0.0,0.0,-0.0,0.0,2.004,2.004,223,-0.0,-0.0,0.0,0.0,0.0,0.0,0.0,0.0,0.0,0,0,0,-0.0,-2297978.75,2.1421757556169114e+17,-3.61013433115607e+16,4.4002587284990853e+18,0.0,-0.0,-2.086763762601165e+16,-0.0,-7.143714933022376e+23,-0.001,2537957632.0,0.0,0.0,0.0,0.0,0,1.3516416376850534e+27,223,0.0,446,0.0,0.0,2112,0,17110,13107,17112,0,17096,0,0,0,101,100,100,-107615232.0,64.4,-107615240.0,64.8,-0.0,64.5,1,49,50,180,0,0,0,0,0.0,0.0,0.0,60.0,-0.0,71.0,0.0,-0.0,0.0,1070,0,1070,0,0,0,1070,0,1081,0,1000,0,648,0,649,0,644,0,675,0.032,1.0625324586456702e+22,0.0,0.0,45712,16814,-0.0,-0.0,-184576.594,-1.5313506452846125e+34,0.0,-5.521419190470181e+18,50.0,60.0,35,0.0,0.0,10.0,2.0,0.0,0.0,0.0,0.0,0.0,0.0,0.0,0.0,0.0,0.0,0.0,0.0,58.8,50,13,65511,25,65476,0,300,0,0,8,20529,65476,0,0,30147,60.0,0.0,10.0,10.0,2.0,0.0
2026-02-16T12:20:36,ERR,ERR,ERR,ERR,ERR,ERR,ERR,ERR,ERR,ERR,ERR,ERR,ERR,ERR,ERR,ERR,ERR,ERR,ERR,ERR,ERR,ERR,ERR,ERR,ERR,ERR,ERR,ERR,ERR,ERR,ERR,ERR,ERR,ERR,ERR,ERR,ERR,ERR,ERR,ERR,ERR,ERR,ERR,ERR,ERR,ERR,ERR,ERR,ERR,ERR,ERR,ERR,ERR,ERR,ERR,ERR,ERR,ERR,ERR,ERR,ERR,ERR,ERR,ERR,ERR,ERR,ERR,ERR,ERR,ERR,ERR,ERR,ERR,ERR,ERR,ERR,ERR,ERR,ERR,ERR,ERR,ERR,ERR,ERR,ERR,ERR,ERR,ERR,ERR,ERR,ERR,ERR,ERR,ERR,ERR,ERR,ERR,ERR,ERR,ERR,ERR,ERR,ERR,ERR,ERR,ERR,ERR,ERR,ERR,ERR,ERR,ERR,ERR,ERR,ERR,ERR,ERR,ERR,ERR,ERR,ERR,ERR,ERR,ERR,ERR,0.0,-0.0,2.7184055212861186e+23,-0.0,0.0,9638196019200.0,0.0,0.0,4300,0,8,17168,4300,0.0,41,0.0,0.0,-0.0,0.0,0.0,0,0,0,0,0.0,0,0,0,0,0,0,0,0,0,0,0,0,0,0,0,0,0,0,0,0,0,0,0,0,0,0,0,0,0,0,0,0,0,7,37,37,44,65476,381,65476,1,0,4,21553,0.0,0.0,0.0,0.0,0.0,0.0,0.0,0.0,0.0,0.0,0.0,0.0,0.0,0.0,0.0,0.0,0.0,0.0,0.0,0.0,0.0,2.004,3.697062548517736e+19,3.697081020313082e+19,-2.004,0.0,0.0,0.0,0.0,0.0,6568.0,-2.004,0.0,0.0,-0.0,0.0,0.0,0.0,0.0,2.004,2.004,223,2.7184168703571796e+23,-71.63,0.0,0.0,0.0,0.0,0.0,0.0,0.0,0,0,0,-0.0,2.079057396741576e+37,8.019085573374685e+24,-0.0,1.0296208281087907e+21,-6.692847094527489e+28,-0.0,0.0,-1.0655137291891427e+26,-7.663175246138037e+23,-0.001,2722507008.0,0.0,0.0,0.0,-1.117947006453464e+35,0,1.3516416376850534e+27,223,0.0,446,0.0,0.0,2112,0,17110,13107,17112,0,17096,0,0,0,101,100,100,-107615232.0,64.4,-107615240.0,64.8,-0.0,64.5,1,49,50,180,0,0,0,0,0.0,0.0,0.0,60.0,-0.0,71.0,0.0,-0.0,0.0,1070,0,1070,0,0,0,1070,0,1081,0,1000,0,648,0,649,0,644,0,675,0.032,1.0625324586456702e+22,-2.004,0.0,22672,16814,-0.0,-0.0,-0.0,0.0,0.0,-5041559040.0,50.0,60.0,35,0.0,0.0,10.0,2.0,0.0,0.0,0.0,0.0,0.0,0.0,0.0,0.0,0.0,0.0,0.0,0.0,58.8,50,13,65511,25,65476,0,300,0,0,8,20529,65476,0,0,30147,60.0,0.0,10.0,10.0,2.0,0.0
2026-02-16T12:20:37,ERR,ERR,ERR,ERR,ERR,ERR,ERR,ERR,ERR,ERR,ERR,ERR,ERR,ERR,ERR,ERR,ERR,ERR,ERR,ERR,ERR,ERR,ERR,ERR,ERR,ERR,ERR,ERR,ERR,ERR,ERR,ERR,ERR,ERR,ERR,ERR,ERR,ERR,ERR,ERR,ERR,ERR,ERR,ERR,ERR,ERR,ERR,ERR,ERR,ERR,ERR,ERR,ERR,ERR,ERR,ERR,ERR,ERR,ERR,ERR,ERR,ERR,ERR,ERR,ERR,ERR,ERR,ERR,ERR,ERR,ERR,ERR,ERR,ERR,ERR,ERR,ERR,ERR,ERR,ERR,ERR,ERR,ERR,ERR,ERR,ERR,ERR,ERR,ERR,ERR,ERR,ERR,ERR,ERR,ERR,ERR,ERR,ERR,ERR,ERR,ERR,ERR,ERR,ERR,ERR,ERR,ERR,ERR,ERR,ERR,ERR,ERR,ERR,ERR,ERR,ERR,ERR,ERR,ERR,ERR,ERR,ERR,ERR,ERR,ERR,0.0,-0.0,2.7184055212861186e+23,-0.0,0.0,9638196019200.0,0.0,0.0,4300,0,8,17168,4300,0.0,41,0.0,0.0,-0.0,0.0,0.0,0,0,0,0,0.0,0,0,0,0,0,0,0,0,0,0,0,0,0,0,0,0,0,0,0,0,0,0,0,0,0,0,0,0,0,0,0,0,0,7,37,37,44,65476,381,65476,1,0,4,21553,0.0,0.0,0.0,0.0,0.0,0.0,0.0,0.0,0.0,0.0,0.0,0.0,0.0,0.0,0.0,0.0,0.0,0.0,0.0,0.0,0.0,2.004,3.697062548517736e+19,3.697081020313082e+19,-2.004,0.0,0.0,0.0,0.0,0.0,6568.0,-2.004,0.0,0.0,-0.0,0.0,0.0,0.0,0.0,2.004,2.004,223,2.7184168703571796e+23,-71.63,0.0,0.0,0.0,0.0,0.0,0.0,0.0,0,0,0,-0.0,2.079057396741576e+37,8.019085573374685e+24,-0.0,1.0296208281087907e+21,-6.692847094527489e+28,-0.0,0.0,-1.0655137291891427e+26,-7.663175246138037e+23,-0.001,2722507008.0,0.0,0.0,0.0,-1.117947006453464e+35,0,1.3516416376850534e+27,223,0.0,446,0.0,0.0,2112,0,17110,13107,17112,0,17096,0,0,0,101,100,100,-107615232.0,64.4,-107615240.0,64.8,-0.0,64.5,1,49,50,180,0,0,0,0,0.0,0.0,0.0,60.0,-0.0,71.0,0.0,-0.0,0.0,1070,0,1070,0,0,0,1070,0,1081,0,1000,0,648,0,649,0,644,0,675,0.032,1.0625324586456702e+22,-2.004,0.0,22672,16814,-0.0,-0.0,-0.0,0.0,0.0,-5041559040.0,50.0,60.0,35,0.0,0.0,10.0,2.0,0.0,0.0,0.0,0.0,0.0,0.0,0.0,0.0,0.0,0.0,0.0,0.0,59.2,50,13,65511,25,65476,0,300,0,0,8,20529,65476,0,0,30147,60.0,0.0,10.0,10.0,2.0,0.0
2026-02-16T12:20:38,ERR,ERR,ERR,ERR,ERR,ERR,ERR,ERR,ERR,ERR,ERR,ERR,ERR,ERR,ERR,ERR,ERR,ERR,ERR,ERR,ERR,ERR,ERR,ERR,ERR,ERR,ERR,ERR,ERR,ERR,ERR,ERR,ERR,ERR,ERR,ERR,ERR,ERR,ERR,ERR,ERR,ERR,ERR,ERR,ERR,ERR,ERR,ERR,ERR,ERR,ERR,ERR,ERR,ERR,ERR,ERR,ERR,ERR,ERR,ERR,ERR,ERR,ERR,ERR,ERR,ERR,ERR,ERR,ERR,ERR,ERR,ERR,ERR,ERR,ERR,ERR,ERR,ERR,ERR,ERR,ERR,ERR,ERR,ERR,ERR,ERR,ERR,ERR,ERR,ERR,ERR,ERR,ERR,ERR,ERR,ERR,ERR,ERR,ERR,ERR,ERR,ERR,ERR,ERR,ERR,ERR,ERR,ERR,ERR,ERR,ERR,ERR,ERR,ERR,ERR,ERR,ERR,ERR,ERR,ERR,ERR,ERR,ERR,ERR,ERR,0.0,-0.0,2.7184055212861186e+23,-0.0,0.0,9638196019200.0,0.0,0.0,4300,0,8,17168,4300,0.0,41,0.0,0.0,-0.0,0.0,0.0,0,0,0,0,0.0,0,0,0,0,0,0,0,0,0,0,0,0,0,0,0,0,0,0,0,0,0,0,0,0,0,0,0,0,0,0,0,0,0,7,37,37,44,65476,381,65476,1,0,4,21553,0.0,0.0,0.0,0.0,0.0,0.0,0.0,0.0,0.0,0.0,0.0,0.0,0.0,0.0,0.0,0.0,0.0,0.0,0.0,0.0,0.0,2.004,3.697062548517736e+19,3.697081020313082e+19,-2.004,0.0,0.0,0.0,0.0,0.0,6568.0,-2.004,0.0,0.0,-0.0,0.0,0.0,0.0,0.0,2.004,2.004,223,2.7184168703571796e+23,-71.63,0.0,0.0,0.0,0.0,0.0,0.0,0.0,0,0,0,-0.0,2.079057396741576e+37,8.019085573374685e+24,-0.0,1.0296208281087907e+21,-6.692847094527489e+28,-0.0,0.0,-1.0655137291891427e+26,-7.663175246138037e+23,-0.001,2722507008.0,0.0,0.0,0.0,-1.117947006453464e+35,0,1.3516416376850534e+27,223,0.0,446,0.0,0.0,2112,0,17110,13107,17112,0,17096,0,0,0,101,100,100,-107615232.0,64.4,-107615240.0,64.8,-0.0,64.5,1,49,50,180,0,0,0,0,0.0,0.0,0.0,60.0,-0.0,71.0,0.0,-0.0,0.0,1070,0,1070,0,0,0,1070,0,1081,0,1000,0,648,0,649,0,644,0,675,0.032,1.0625324586456702e+22,-2.004,0.0,22672,16814,-0.0,-0.0,-0.0,0.0,0.0,-5041559040.0,50.0,60.0,35,0.0,0.0,10.0,2.0,0.0,0.0,0.0,0.0,0.0,0.0,0.0,0.0,0.0,0.0,0.0,0.0,59.2,50,13,65511,25,65476,0,300,0,0,8,20529,65476,0,0,30147,60.0,0.0,10.0,10.0,2.0,0.0
2026-02-16T12:20:39,ERR,ERR,ERR,ERR,ERR,ERR,ERR,ERR,ERR,ERR,ERR,ERR,ERR,ERR,ERR,ERR,ERR,ERR,ERR,ERR,ERR,ERR,ERR,ERR,ERR,ERR,ERR,ERR,ERR,ERR,ERR,ERR,ERR,ERR,ERR,ERR,ERR,ERR,ERR,ERR,ERR,ERR,ERR,ERR,ERR,ERR,ERR,ERR,ERR,ERR,ERR,ERR,ERR,ERR,ERR,ERR,ERR,ERR,ERR,ERR,ERR,ERR,ERR,ERR,ERR,ERR,ERR,ERR,ERR,ERR,ERR,ERR,ERR,ERR,ERR,ERR,ERR,ERR,ERR,ERR,ERR,ERR,ERR,ERR,ERR,ERR,ERR,ERR,ERR,ERR,ERR,ERR,ERR,ERR,ERR,ERR,ERR,ERR,ERR,ERR,ERR,ERR,ERR,ERR,ERR,ERR,ERR,ERR,ERR,ERR,ERR,ERR,ERR,ERR,ERR,ERR,ERR,ERR,ERR,ERR,ERR,ERR,ERR,ERR,ERR,0.0,-0.0,2.7184055212861186e+23,-0.0,0.0,9638196019200.0,0.0,0.0,4300,0,8,17168,4300,0.0,41,0.0,0.0,-0.0,0.0,0.0,0,0,0,0,0.0,0,0,0,0,0,0,0,0,0,0,0,0,0,0,0,0,0,0,0,0,0,0,0,0,0,0,0,0,0,0,0,0,0,7,37,37,44,65476,381,65476,1,0,4,21553,0.0,0.0,0.0,0.0,0.0,0.0,0.0,0.0,0.0,0.0,0.0,0.0,0.0,0.0,0.0,0.0,0.0,0.0,0.0,0.0,0.0,2.004,3.697062548517736e+19,3.697081020313082e+19,-2.004,0.0,0.0,0.0,0.0,0.0,6568.0,-2.004,0.0,0.0,-0.0,0.0,0.0,0.0,0.0,2.004,2.004,223,2.7184168703571796e+23,-71.63,0.0,0.0,0.0,0.0,0.0,0.0,0.0,0,0,0,-0.0,2.079057396741576e+37,8.019085573374685e+24,-0.0,1.0296208281087907e+21,-6.692847094527489e+28,-0.0,0.0,-1.0655137291891427e+26,-7.663175246138037e+23,-0.001,2722507008.0,0.0,0.0,0.0,-1.117947006453464e+35,0,1.3516416376850534e+27,223,0.0,446,0.0,0.0,2114,0,17110,13107,17112,0,17096,0,0,0,101,100,100,-107615232.0,64.4,-107615240.0,64.8,-0.0,64.5,1,49,50,180,0,0,0,0,0.0,0.0,0.0,60.0,5.126167076142602e+37,71.0,0.0,-65602916.0,0.0,1070,0,1070,0,0,0,1070,0,1081,0,1000,0,648,0,649,0,644,0,675,0.032,1.0625324586456702e+22,-2.004,0.0,35472,16814,-0.0,-65602916.0,-2705335808.0,-2.1935297865599845e+28,0.0,-5.1477983883505015e+20,50.0,60.0,35,0.0,0.0,10.0,2.0,0.0,0.0,0.0,0.0,0.0,0.0,0.0,0.0,0.0,0.0,0.0,0.0,58.8,49,13,65512,25,65476,0,300,0,0,8,20529,65476,0,0,30147,60.0,0.0,10.0,10.0,2.0,0.0
2026-02-16T12:20:40,ERR,ERR,ERR,ERR,ERR,ERR,ERR,ERR,ERR,ERR,ERR,ERR,ERR,ERR,ERR,ERR,ERR,ERR,ERR,ERR,ERR,ERR,ERR,ERR,ERR,ERR,ERR,ERR,ERR,ERR,ERR,ERR,ERR,ERR,ERR,ERR,ERR,ERR,ERR,ERR,ERR,ERR,ERR,ERR,ERR,ERR,ERR,ERR,ERR,ERR,ERR,ERR,ERR,ERR,ERR,ERR,ERR,ERR,ERR,ERR,ERR,ERR,ERR,ERR,ERR,ERR,ERR,ERR,ERR,ERR,ERR,ERR,ERR,ERR,ERR,ERR,ERR,ERR,ERR,ERR,ERR,ERR,ERR,ERR,ERR,ERR,ERR,ERR,ERR,ERR,ERR,ERR,ERR,ERR,ERR,ERR,ERR,ERR,ERR,ERR,ERR,ERR,ERR,ERR,ERR,ERR,ERR,ERR,ERR,ERR,ERR,ERR,ERR,ERR,ERR,ERR,ERR,ERR,ERR,ERR,ERR,ERR,ERR,ERR,ERR,0.0,-0.0,2.7184055212861186e+23,-0.0,0.0,9638196019200.0,0.0,0.0,4300,0,8,17168,4300,0.0,41,0.0,0.0,-0.0,0.0,0.0,0,0,0,0,0.0,0,0,0,0,0,0,0,0,0,0,0,0,0,0,0,0,0,0,0,0,0,0,0,0,0,0,0,0,0,0,0,0,0,7,37,37,44,65476,381,65476,1,0,4,21553,0.0,0.0,0.0,0.0,0.0,0.0,0.0,0.0,0.0,0.0,0.0,0.0,0.0,0.0,0.0,0.0,0.0,0.0,0.0,0.0,0.0,2.004,3.697062548517736e+19,3.697081020313082e+19,-2.004,0.0,0.0,0.0,0.0,0.0,6568.0,-2.004,0.0,0.0,-0.0,0.0,0.0,0.0,0.0,2.004,2.004,223,2.7184168703571796e+23,-71.63,0.0,0.0,0.0,0.0,0.0,0.0,0.0,0,0,0,-0.0,2.079057396741576e+37,8.019085573374685e+24,-0.0,1.0296208281087907e+21,-6.692847094527489e+28,-0.0,0.0,-1.0655137291891427e+26,-7.663175246138037e+23,-0.001,2722507008.0,0.0,0.0,0.0,-1.117947006453464e+35,0,1.3516416376850534e+27,223,0.0,446,0.0,0.0,2114,0,17110,13107,17112,0,17096,0,0,0,101,100,100,-107615232.0,64.4,-107615240.0,64.8,-0.0,64.5,1,49,50,180,0,0,0,0,0.0,0.0,0.0,60.0,5.126167076142602e+37,71.0,0.0,-65602916.0,0.0,1070,0,1070,0,0,0,1070,0,1081,0,1000,0,648,0,649,0,644,0,675,0.032,1.0625324586456702e+22,-2.004,0.0,35472,16814,-0.0,-65602916.0,-2705335808.0,-2.1935297865599845e+28,0.0,-5.1477983883505015e+20,50.0,60.0,35,0.0,0.0,10.0,2.0,0.0,0.0,0.0,0.0,0.0,0.0,0.0,0.0,0.0,0.0,0.0,0.0,58.8,49,13,65512,25,65476,0,300,0,0,8,20529,65476,0,0,30147,60.0,0.0,10.0,10.0,2.0,0.0
2026-02-16T12:20:41,ERR,ERR,ERR,ERR,ERR,ERR,ERR,ERR,ERR,ERR,ERR,ERR,ERR,ERR,ERR,ERR,ERR,ERR,ERR,ERR,ERR,ERR,ERR,ERR,ERR,ERR,ERR,ERR,ERR,ERR,ERR,ERR,ERR,ERR,ERR,ERR,ERR,ERR,ERR,ERR,ERR,ERR,ERR,ERR,ERR,ERR,ERR,ERR,ERR,ERR,ERR,ERR,ERR,ERR,ERR,ERR,ERR,ERR,ERR,ERR,ERR,ERR,ERR,ERR,ERR,ERR,ERR,ERR,ERR,ERR,ERR,ERR,ERR,ERR,ERR,ERR,ERR,ERR,ERR,ERR,ERR,ERR,ERR,ERR,ERR,ERR,ERR,ERR,ERR,ERR,ERR,ERR,ERR,ERR,ERR,ERR,ERR,ERR,ERR,ERR,ERR,ERR,ERR,ERR,ERR,ERR,ERR,ERR,ERR,ERR,ERR,ERR,ERR,ERR,ERR,ERR,ERR,ERR,ERR,ERR,ERR,ERR,ERR,ERR,ERR,0.0,-0.0,2.7184055212861186e+23,-0.0,0.0,-62719052.0,0.009,-0.0,4300,0,8,17168,4300,0.0,40,0.0,0.0,-0.0,0.0,-107090432.0,0,0,0,0,0.0,0,0,0,0,0,0,0,0,0,0,0,0,0,0,0,0,0,0,0,0,0,0,0,0,0,0,0,0,0,0,0,0,0,7,37,37,44,65476,379,65476,1,0,4,21553,0.0,0.0,-2.51768929197243e+26,0.0,0.0,0.0,0.0,0.0,0.0,0.0,0.0,0.0,0.0,0.0,0.0,0.0,0.0,0.0,0.0,0.0,0.0,2.004,3.697062548517736e+19,3.697081020313082e+19,-2.004,-3.697074863047967e+19,0.0,0.0,0.0,0.0,6601.0,131351.219,0.0,0.0,-0.0,0.0,-107616248.0,-0.0,0.0,2.004,2.004,223,5.8480544947369536e+35,0.0,0.0,0.0,0.0,0.0,0.0,0.0,0.0,0,0,0,-0.0,4.817749062451575e+26,43075.438,0.0,0.0,-2.0042892093340947e+37,68748.125,0.0,-0.0,-8.229859224082395e+23,-0.001,2940610816.0,0.0,0.0,0.0,-0.0,0,1.3516416376850534e+27,223,0.0,446,0.0,0.0,2114,0,17110,13107,17112,0,17096,0,0,0,101,100,100,-107615232.0,64.4,-107615240.0,64.8,-0.0,64.5,1,49,50,180,0,0,0,0,0.0,0.0,0.0,60.0,5.126167076142602e+37,71.0,0.0,-65602916.0,0.0,1070,0,1070,0,0,0,1070,0,1081,0,1000,0,648,0,649,0,644,0,675,0.032,1.0625324586456702e+22,-2.004,0.0,35472,16814,-0.0,-65602916.0,-2705335808.0,-2.1935297865599845e+28,0.0,-5.1477983883505015e+20,50.0,60.0,35,0.0,0.0,10.0,2.0,0.0,0.0,0.0,0.0,0.0,0.0,0.0,0.0,0.0,0.0,0.0,0.0,58.8,49,13,65512,25,65476,0,300,0,0,8,20529,65476,0,0,30147,60.0,0.0,10.0,10.0,2.0,0.0
2026-02-16T12:20:42,ERR,ERR,ERR,ERR,ERR,ERR,ERR,ERR,ERR,ERR,ERR,ERR,ERR,ERR,ERR,ERR,ERR,ERR,ERR,ERR,ERR,ERR,ERR,ERR,ERR,ERR,ERR,ERR,ERR,ERR,ERR,ERR,ERR,ERR,ERR,ERR,ERR,ERR,ERR,ERR,ERR,ERR,ERR,ERR,ERR,ERR,ERR,ERR,ERR,ERR,ERR,ERR,ERR,ERR,ERR,ERR,ERR,ERR,ERR,ERR,ERR,ERR,ERR,ERR,ERR,ERR,ERR,ERR,ERR,ERR,ERR,ERR,ERR,ERR,ERR,ERR,ERR,ERR,ERR,ERR,ERR,ERR,ERR,ERR,ERR,ERR,ERR,ERR,ERR,ERR,ERR,ERR,ERR,ERR,ERR,ERR,ERR,ERR,ERR,ERR,ERR,ERR,ERR,ERR,ERR,ERR,ERR,ERR,ERR,ERR,ERR,ERR,ERR,ERR,ERR,ERR,ERR,ERR,ERR,ERR,ERR,ERR,ERR,ERR,ERR,0.0,-0.0,2.7184055212861186e+23,-0.0,0.0,-62719052.0,0.009,-0.0,4300,0,8,17168,4300,0.0,40,0.0,0.0,-0.0,0.0,-107090432.0,0,0,0,0,0.0,0,0,0,0,0,0,0,0,0,0,0,0,0,0,0,0,0,0,0,0,0,0,0,0,0,0,0,0,0,0,0,0,0,7,37,37,44,65476,379,65476,1,0,4,21553,0.0,0.0,-2.51768929197243e+26,0.0,0.0,0.0,0.0,0.0,0.0,0.0,0.0,0.0,0.0,0.0,0.0,0.0,0.0,0.0,0.0,0.0,0.0,2.004,3.697062548517736e+19,3.697081020313082e+19,-2.004,-3.697074863047967e+19,0.0,0.0,0.0,0.0,6601.0,131351.219,0.0,0.0,-0.0,0.0,-107616248.0,-0.0,0.0,2.004,2.004,223,5.8480544947369536e+35,0.0,0.0,0.0,0.0,0.0,0.0,0.0,0.0,0,0,0,-0.0,4.817749062451575e+26,43075.438,0.0,0.0,-2.0042892093340947e+37,68748.125,0.0,-0.0,-8.229859224082395e+23,-0.001,2940610816.0,0.0,0.0,0.0,-0.0,0,1.3516416376850534e+27,223,0.0,446,0.0,0.0,2114,0,17110,13107,17112,0,17096,0,0,0,101,100,100,-107615232.0,64.4,-107615240.0,64.8,-0.0,64.5,1,49,50,180,0,0,0,0,0.0,0.0,0.0,60.0,5.126167076142602e+37,71.0,0.0,-65602916.0,0.0,1070,0,1070,0,0,0,1070,0,1081,0,1000,0,648,0,649,0,644,0,675,0.032,1.0625324586456702e+22,-2.004,0.0,35472,16814,-0.0,-65602916.0,-2705335808.0,-2.1935297865599845e+28,0.0,-5.1477983883505015e+20,50.0,60.0,35,0.0,0.0,10.0,2.0,0.0,0.0,0.0,0.0,0.0,0.0,0.0,0.0,0.0,0.0,0.0,0.0,58.8,49,13,65512,25,65476,0,300,0,0,8,20529,65476,0,0,30147,60.0,0.0,10.0,10.0,2.0,0.0
2026-02-16T12:20:43,ERR,ERR,ERR,ERR,ERR,ERR,ERR,ERR,ERR,ERR,ERR,ERR,ERR,ERR,ERR,ERR,ERR,ERR,ERR,ERR,ERR,ERR,ERR,ERR,ERR,ERR,ERR,ERR,ERR,ERR,ERR,ERR,ERR,ERR,ERR,ERR,ERR,ERR,ERR,ERR,ERR,ERR,ERR,ERR,ERR,ERR,ERR,ERR,ERR,ERR,ERR,ERR,ERR,ERR,ERR,ERR,ERR,ERR,ERR,ERR,ERR,ERR,ERR,ERR,ERR,ERR,ERR,ERR,ERR,ERR,ERR,ERR,ERR,ERR,ERR,ERR,ERR,ERR,ERR,ERR,ERR,ERR,ERR,ERR,ERR,ERR,ERR,ERR,ERR,ERR,ERR,ERR,ERR,ERR,ERR,ERR,ERR,ERR,ERR,ERR,ERR,ERR,ERR,ERR,ERR,ERR,ERR,ERR,ERR,ERR,ERR,ERR,ERR,ERR,ERR,ERR,ERR,ERR,ERR,ERR,ERR,ERR,ERR,ERR,ERR,0.0,-0.0,2.7184055212861186e+23,-0.0,0.0,-62719052.0,0.009,-0.0,4300,0,8,17168,4300,0.0,40,0.0,0.0,-0.0,0.0,-107090432.0,0,0,0,0,0.0,0,0,0,0,0,0,0,0,0,0,0,0,0,0,0,0,0,0,0,0,0,0,0,0,0,0,0,0,0,0,0,0,0,7,37,37,44,65476,379,65476,1,0,4,21553,0.0,0.0,-2.51768929197243e+26,0.0,0.0,0.0,0.0,0.0,0.0,0.0,0.0,0.0,0.0,0.0,0.0,0.0,0.0,0.0,0.0,0.0,0.0,2.004,3.697062548517736e+19,3.697081020313082e+19,-2.004,-3.697074863047967e+19,0.0,0.0,0.0,0.0,6601.0,131351.219,0.0,0.0,-0.0,0.0,-107616248.0,-0.0,0.0,2.004,2.004,223,5.8480544947369536e+35,0.0,0.0,0.0,0.0,0.0,0.0,0.0,0.0,0,0,0,-0.0,4.817749062451575e+26,43075.438,0.0,0.0,-2.0042892093340947e+37,68748.125,0.0,-0.0,-8.229859224082395e+23,-0.001,2940610816.0,0.0,0.0,0.0,-0.0,0,1.3516416376850534e+27,223,0.0,446,0.0,0.0,2114,0,17110,13107,17112,0,17096,0,0,0,101,100,100,-107615232.0,64.4,-107615240.0,64.8,-0.0,64.5,1,49,50,180,0,0,0,0,0.0,0.0,0.0,60.0,1.846640108362159e+35,71.0,0.0,3.6874274838065844e+34,0.0,1070,0,1070,0,0,0,1070,0,1081,0,1000,0,648,0,649,0,644,0,675,0.032,1.069911156275154e+22,-2.004,0.0,23952,16814,1.846640108362159e+35,3.6874274838065844e+34,2.401443318412709e+36,-6.774,-5343751168.0,-0.0,50.0,60.0,35,0.0,0.0,10.0,2.0,0.0,0.0,0.0,0.0,0.0,0.0,0.0,0.0,0.0,0.0,0.0,0.0,58.8,49,13,65512,25,65476,0,300,0,0,8,20529,65476,0,0,30147,60.0,0.0,10.0,10.0,2.0,0.0
2026-02-16T12:20:44,ERR,ERR,ERR,ERR,ERR,ERR,ERR,ERR,ERR,ERR,ERR,ERR,ERR,ERR,ERR,ERR,ERR,ERR,ERR,ERR,ERR,ERR,ERR,ERR,ERR,ERR,ERR,ERR,ERR,ERR,ERR,ERR,ERR,ERR,ERR,ERR,ERR,ERR,ERR,ERR,ERR,ERR,ERR,ERR,ERR,ERR,ERR,ERR,ERR,ERR,ERR,ERR,ERR,ERR,ERR,ERR,ERR,ERR,ERR,ERR,ERR,ERR,ERR,ERR,ERR,ERR,ERR,ERR,ERR,ERR,ERR,ERR,ERR,ERR,ERR,ERR,ERR,ERR,ERR,ERR,ERR,ERR,ERR,ERR,ERR,ERR,ERR,ERR,ERR,ERR,ERR,ERR,ERR,ERR,ERR,ERR,ERR,ERR,ERR,ERR,ERR,ERR,ERR,ERR,ERR,ERR,ERR,ERR,ERR,ERR,ERR,ERR,ERR,ERR,ERR,ERR,ERR,ERR,ERR,ERR,ERR,ERR,ERR,ERR,ERR,0.0,-0.0,2.7184055212861186e+23,-0.0,0.0,-62719052.0,0.009,-0.0,4300,0,8,17168,4300,0.0,40,0.0,0.0,-0.0,0.0,-107090432.0,0,0,0,0,0.0,0,0,0,0,0,0,0,0,0,0,0,0,0,0,0,0,0,0,0,0,0,0,0,0,0,0,0,0,0,0,0,0,0,7,37,37,44,65476,379,65476,1,0,4,21553,0.0,0.0,-2.51768929197243e+26,0.0,0.0,0.0,0.0,0.0,0.0,0.0,0.0,0.0,0.0,0.0,0.0,0.0,0.0,0.0,0.0,0.0,0.0,2.004,3.697062548517736e+19,3.697081020313082e+19,-2.004,-3.697074863047967e+19,0.0,0.0,0.0,0.0,6601.0,131351.219,0.0,0.0,-0.0,0.0,-107616248.0,-0.0,0.0,2.004,2.004,223,5.8480544947369536e+35,0.0,0.0,0.0,0.0,0.0,0.0,0.0,0.0,0,0,0,-0.0,4.817749062451575e+26,43075.438,0.0,0.0,-2.0042892093340947e+37,68748.125,0.0,-0.0,-8.229859224082395e+23,-0.001,2940610816.0,0.0,0.0,0.0,-0.0,0,1.3516416376850534e+27,223,0.0,446,0.0,0.0,2114,0,17110,13107,17112,0,17096,0,0,0,101,100,100,-107615232.0,64.4,-107615240.0,64.8,-0.0,64.5,1,49,50,180,0,0,0,0,0.0,0.0,0.0,60.0,1.846640108362159e+35,71.0,0.0,3.6874274838065844e+34,0.0,1070,0,1070,0,0,0,1070,0,1081,0,1000,0,648,0,649,0,644,0,675,0.032,1.069911156275154e+22,-2.004,0.0,23952,16814,1.846640108362159e+35,3.6874274838065844e+34,2.401443318412709e+36,-6.774,-5343751168.0,-0.0,50.0,60.0,35,0.0,0.0,10.0,2.0,0.0,0.0,0.0,0.0,0.0,0.0,0.0,0.0,0.0,0.0,0.0,0.0,58.8,49,13,65512,25,65476,0,300,0,0,8,20529,65476,0,0,30147,60.0,0.0,10.0,10.0,2.0,0.0
2026-02-16T12:20:45,ERR,ERR,ERR,ERR,ERR,ERR,ERR,ERR,ERR,ERR,ERR,ERR,ERR,ERR,ERR,ERR,ERR,ERR,ERR,ERR,ERR,ERR,ERR,ERR,ERR,ERR,ERR,ERR,ERR,ERR,ERR,ERR,ERR,ERR,ERR,ERR,ERR,ERR,ERR,ERR,ERR,ERR,ERR,ERR,ERR,ERR,ERR,ERR,ERR,ERR,ERR,ERR,ERR,ERR,ERR,ERR,ERR,ERR,ERR,ERR,ERR,ERR,ERR,ERR,ERR,ERR,ERR,ERR,ERR,ERR,ERR,ERR,ERR,ERR,ERR,ERR,ERR,ERR,ERR,ERR,ERR,ERR,ERR,ERR,ERR,ERR,ERR,ERR,ERR,ERR,ERR,ERR,ERR,ERR,ERR,ERR,ERR,ERR,ERR,ERR,ERR,ERR,ERR,ERR,ERR,ERR,ERR,ERR,ERR,ERR,ERR,ERR,ERR,ERR,ERR,ERR,ERR,ERR,ERR,ERR,ERR,ERR,ERR,ERR,ERR,0.0,-0.0,2.7184055212861186e+23,-0.0,0.0,-512931401826304.0,3058103808.0,-0.0,4300,0,8,17168,4300,0.0,40,0.0,0.0,-0.0,0.0,-107090432.0,0,0,0,0,0.0,0,0,0,0,0,0,0,0,0,0,0,0,0,0,0,0,0,0,0,0,0,0,0,0,0,0,0,0,0,0,0,0,0,7,37,37,44,65476,376,65476,1,0,4,21553,0.0,2.7183305813883192e+23,-38210.145,0.0,0.0,0.0,0.0,0.0,0.0,0.0,0.0,0.0,0.0,0.0,0.0,0.0,0.0,0.0,0.0,0.0,0.0,2.004,3.697062548517736e+19,3.697081020313082e+19,-2.004,-2.004,0.0,0.0,0.0,0.0,6601.0,-0.0,0.0,0.0,-0.0,0.0,-0.0,0.0,0.0,2.004,2.004,224,5.8480544947369536e+35,89221.031,0.0,0.0,0.0,0.0,0.0,0.0,0.0,0,0,0,-31.158,137040281600.0,1.539108342122543e+37,0.0,1.4341148498858854e+32,-3.8476485270234355e+36,0.0,-1.2990073473731658e+19,3.4798092512127315e+25,-8.796543202026752e+23,-0.001,3158714624.0,0.0,0.0,0.0,-47167.234,0,1.3516416376850534e+27,224,0.0,448,-0.0,0.0,2114,0,17110,13107,17112,0,17096,0,0,0,101,100,100,-107615232.0,64.4,-107615240.0,64.8,-0.0,64.5,1,49,50,180,0,0,0,0,0.0,0.0,0.0,60.0,1.846640108362159e+35,71.0,0.0,3.6874274838065844e+34,0.0,1070,0,1070,0,0,0,1070,0,1081,0,1000,0,648,0,649,0,644,0,675,0.032,1.069911156275154e+22,-2.004,0.0,23952,16814,1.846640108362159e+35,3.6874274838065844e+34,2.401443318412709e+36,-6.774,-5343751168.0,-0.0,50.0,60.0,35,0.0,0.0,10.0,2.0,0.0,0.0,0.0,0.0,0.0,0.0,0.0,0.0,0.0,0.0,0.0,0.0,58.8,49,13,65512,25,65476,0,300,0,0,8,20529,65476,0,0,30147,60.0,0.0,10.0,10.0,2.0,0.0
2026-02-16T12:20:46,ERR,ERR,ERR,ERR,ERR,ERR,ERR,ERR,ERR,ERR,ERR,ERR,ERR,ERR,ERR,ERR,ERR,ERR,ERR,ERR,ERR,ERR,ERR,ERR,ERR,ERR,ERR,ERR,ERR,ERR,ERR,ERR,ERR,ERR,ERR,ERR,ERR,ERR,ERR,ERR,ERR,ERR,ERR,ERR,ERR,ERR,ERR,ERR,ERR,ERR,ERR,ERR,ERR,ERR,ERR,ERR,ERR,ERR,ERR,ERR,ERR,ERR,ERR,ERR,ERR,ERR,ERR,ERR,ERR,ERR,ERR,ERR,ERR,ERR,ERR,ERR,ERR,ERR,ERR,ERR,ERR,ERR,ERR,ERR,ERR,ERR,ERR,ERR,ERR,ERR,ERR,ERR,ERR,ERR,ERR,ERR,ERR,ERR,ERR,ERR,ERR,ERR,ERR,ERR,ERR,ERR,ERR,ERR,ERR,ERR,ERR,ERR,ERR,ERR,ERR,ERR,ERR,ERR,ERR,ERR,ERR,ERR,ERR,ERR,ERR,0.0,-0.0,2.7184055212861186e+23,-0.0,0.0,-512931401826304.0,3058103808.0,-0.0,4300,0,8,17168,4300,0.0,40,0.0,0.0,-0.0,0.0,-107090432.0,0,0,0,0,0.0,0,0,0,0,0,0,0,0,0,0,0,0,0,0,0,0,0,0,0,0,0,0,0,0,0,0,0,0,0,0,0,0,0,7,37,37,44,65476,376,65476,1,0,4,21553,0.0,2.7183305813883192e+23,-38210.145,0.0,0.0,0.0,0.0,0.0,0.0,0.0,0.0,0.0,0.0,0.0,0.0,0.0,0.0,0.0,0.0,0.0,0.0,2.004,3.697062548517736e+19,3.697081020313082e+19,-2.004,-2.004,0.0,0.0,0.0,0.0,6601.0,-0.0,0.0,0.0,-0.0,0.0,-0.0,0.0,0.0,2.004,2.004,224,5.8480544947369536e+35,89221.031,0.0,0.0,0.0,0.0,0.0,0.0,0.0,0,0,0,-31.158,137040281600.0,1.539108342122543e+37,0.0,1.4341148498858854e+32,-3.8476485270234355e+36,0.0,-1.2990073473731658e+19,3.4798092512127315e+25,-8.796543202026752e+23,-0.001,3158714624.0,0.0,0.0,0.0,-47167.234,0,1.3516416376850534e+27,224,0.0,448,-0.0,0.0,2114,0,17110,13107,17112,0,17096,0,0,0,101,100,100,-107615232.0,64.4,-107615240.0,64.8,-0.0,64.5,1,49,50,180,0,0,0,0,0.0,0.0,0.0,60.0,9.454797354814254e+37,71.0,0.0,-0.0,0.0,1069,0,1070,0,0,0,1070,0,1081,0,1000,0,648,0,649,0,644,0,675,0.032,1.0551537610161864e+22,-2.004,0.0,29584,16814,5.71266677227287e+31,0.0,-2.819263743027472e+24,-0.0,119939.18,-2.0947947445865916e+32,50.0,60.0,35,0.0,0.0,10.0,2.0,0.0,0.0,0.0,0.0,0.0,0.0,0.0,0.0,0.0,0.0,0.0,0.0,58.8,49,13,65512,25,65476,0,300,0,0,8,20529,65476,0,0,30147,60.0,0.0,10.0,10.0,2.0,0.0
2026-02-16T12:20:47,ERR,ERR,ERR,ERR,ERR,ERR,ERR,ERR,ERR,ERR,ERR,ERR,ERR,ERR,ERR,ERR,ERR,ERR,ERR,ERR,ERR,ERR,ERR,ERR,ERR,ERR,ERR,ERR,ERR,ERR,ERR,ERR,ERR,ERR,ERR,ERR,ERR,ERR,ERR,ERR,ERR,ERR,ERR,ERR,ERR,ERR,ERR,ERR,ERR,ERR,ERR,ERR,ERR,ERR,ERR,ERR,ERR,ERR,ERR,ERR,ERR,ERR,ERR,ERR,ERR,ERR,ERR,ERR,ERR,ERR,ERR,ERR,ERR,ERR,ERR,ERR,ERR,ERR,ERR,ERR,ERR,ERR,ERR,ERR,ERR,ERR,ERR,ERR,ERR,ERR,ERR,ERR,ERR,ERR,ERR,ERR,ERR,ERR,ERR,ERR,ERR,ERR,ERR,ERR,ERR,ERR,ERR,ERR,ERR,ERR,ERR,ERR,ERR,ERR,ERR,ERR,ERR,ERR,ERR,ERR,ERR,ERR,ERR,ERR,ERR,0.0,-0.0,2.7184055212861186e+23,-0.0,0.0,-512931401826304.0,3058103808.0,-0.0,4300,0,8,17168,4300,0.0,40,0.0,0.0,-0.0,0.0,-107090432.0,0,0,0,0,0.0,0,0,0,0,0,0,0,0,0,0,0,0,0,0,0,0,0,0,0,0,0,0,0,0,0,0,0,0,0,0,0,0,0,7,37,37,44,65476,376,65476,1,0,4,21553,0.0,2.7183305813883192e+23,-38210.145,0.0,0.0,0.0,0.0,0.0,0.0,0.0,0.0,0.0,0.0,0.0,0.0,0.0,0.0,0.0,0.0,0.0,0.0,2.004,3.697062548517736e+19,3.697081020313082e+19,-2.004,-2.004,0.0,0.0,0.0,0.0,6601.0,-0.0,0.0,0.0,-0.0,0.0,-0.0,0.0,0.0,2.004,2.004,224,5.8480544947369536e+35,89221.031,0.0,0.0,0.0,0.0,0.0,0.0,0.0,0,0,0,-31.158,137040281600.0,1.539108342122543e+37,0.0,1.4341148498858854e+32,-3.8476485270234355e+36,0.0,-1.2990073473731658e+19,3.4798092512127315e+25,-8.796543202026752e+23,-0.001,3158714624.0,0.0,0.0,0.0,-47167.234,0,1.3516416376850534e+27,224,0.0,448,-0.0,0.0,2114,0,17110,13107,17112,0,17096,0,0,0,101,100,100,-107615232.0,64.4,-107615240.0,64.8,-0.0,64.5,1,49,50,180,0,0,0,0,0.0,0.0,0.0,60.0,9.454797354814254e+37,71.0,0.0,-0.0,0.0,1069,0,1070,0,0,0,1070,0,1081,0,1000,0,648,0,649,0,644,0,675,0.032,1.0551537610161864e+22,-2.004,0.0,29584,16814,5.71266677227287e+31,0.0,-2.819263743027472e+24,-0.0,119939.18,-2.0947947445865916e+32,50.0,60.0,35,0.0,0.0,10.0,2.0,0.0,0.0,0.0,0.0,0.0,0.0,0.0,0.0,0.0,0.0,0.0,0.0,58.8,49,13,65512,25,65476,0,300,0,0,8,20529,65476,0,0,30147,60.0,0.0,10.0,10.0,2.0,0.0
2026-02-16T12:20:48,ERR,ERR,ERR,ERR,ERR,ERR,ERR,ERR,ERR,ERR,ERR,ERR,ERR,ERR,ERR,ERR,ERR,ERR,ERR,ERR,ERR,ERR,ERR,ERR,ERR,ERR,ERR,ERR,ERR,ERR,ERR,ERR,ERR,ERR,ERR,ERR,ERR,ERR,ERR,ERR,ERR,ERR,ERR,ERR,ERR,ERR,ERR,ERR,ERR,ERR,ERR,ERR,ERR,ERR,ERR,ERR,ERR,ERR,ERR,ERR,ERR,ERR,ERR,ERR,ERR,ERR,ERR,ERR,ERR,ERR,ERR,ERR,ERR,ERR,ERR,ERR,ERR,ERR,ERR,ERR,ERR,ERR,ERR,ERR,ERR,ERR,ERR,ERR,ERR,ERR,ERR,ERR,ERR,ERR,ERR,ERR,ERR,ERR,ERR,ERR,ERR,ERR,ERR,ERR,ERR,ERR,ERR,ERR,ERR,ERR,ERR,ERR,ERR,ERR,ERR,ERR,ERR,ERR,ERR,ERR,ERR,ERR,ERR,ERR,ERR,0.0,-0.0,2.7184055212861186e+23,-0.0,0.0,-512931401826304.0,3058103808.0,-0.0,4300,0,8,17168,4300,0.0,40,0.0,0.0,-0.0,0.0,-107090432.0,0,0,0,0,0.0,0,0,0,0,0,0,0,0,0,0,0,0,0,0,0,0,0,0,0,0,0,0,0,0,0,0,0,0,0,0,0,0,0,7,37,37,44,65476,376,65476,1,0,4,21553,0.0,2.7183305813883192e+23,-38210.145,0.0,0.0,0.0,0.0,0.0,0.0,0.0,0.0,0.0,0.0,0.0,0.0,0.0,0.0,0.0,0.0,0.0,0.0,2.004,3.697062548517736e+19,3.697081020313082e+19,-2.004,-2.004,0.0,0.0,0.0,0.0,6601.0,-0.0,0.0,0.0,-0.0,0.0,-0.0,0.0,0.0,2.004,2.004,224,5.8480544947369536e+35,89221.031,0.0,0.0,0.0,0.0,0.0,0.0,0.0,0,0,0,-31.158,137040281600.0,1.539108342122543e+37,0.0,1.4341148498858854e+32,-3.8476485270234355e+36,0.0,-1.2990073473731658e+19,3.4798092512127315e+25,-8.796543202026752e+23,-0.001,3158714624.0,0.0,0.0,0.0,-47167.234,0,1.3516416376850534e+27,224,0.0,448,-0.0,0.0,2114,0,17110,13107,17112,0,17096,0,0,0,101,100,100,-107615232.0,64.4,-107615240.0,64.8,-0.0,64.5,1,49,50,180,0,0,0,0,0.0,0.0,0.0,60.0,9.454797354814254e+37,71.0,0.0,-0.0,0.0,1069,0,1070,0,0,0,1070,0,1081,0,1000,0,648,0,649,0,644,0,675,0.032,1.0551537610161864e+22,-2.004,0.0,29584,16814,5.71266677227287e+31,0.0,-2.819263743027472e+24,-0.0,119939.18,-2.0947947445865916e+32,50.0,60.0,35,0.0,0.0,10.0,2.0,0.0,0.0,0.0,0.0,0.0,0.0,0.0,0.0,0.0,0.0,0.0,0.0,59.2,49,14,65512,25,65476,0,300,0,0,8,20529,65476,0,0,30147,60.0,0.0,10.0,10.0,2.0,0.0
2026-02-16T12:20:49,ERR,ERR,ERR,ERR,ERR,ERR,ERR,ERR,ERR,ERR,ERR,ERR,ERR,ERR,ERR,ERR,ERR,ERR,ERR,ERR,ERR,ERR,ERR,ERR,ERR,ERR,ERR,ERR,ERR,ERR,ERR,ERR,ERR,ERR,ERR,ERR,ERR,ERR,ERR,ERR,ERR,ERR,ERR,ERR,ERR,ERR,ERR,ERR,ERR,ERR,ERR,ERR,ERR,ERR,ERR,ERR,ERR,ERR,ERR,ERR,ERR,ERR,ERR,ERR,ERR,ERR,ERR,ERR,ERR,ERR,ERR,ERR,ERR,ERR,ERR,ERR,ERR,ERR,ERR,ERR,ERR,ERR,ERR,ERR,ERR,ERR,ERR,ERR,ERR,ERR,ERR,ERR,ERR,ERR,ERR,ERR,ERR,ERR,ERR,ERR,ERR,ERR,ERR,ERR,ERR,ERR,ERR,ERR,ERR,ERR,ERR,ERR,ERR,ERR,ERR,ERR,ERR,ERR,ERR,ERR,ERR,ERR,ERR,ERR,ERR,0.0,-0.0,2.7184055212861186e+23,-0.0,0.0,-512931401826304.0,3058103808.0,-0.0,4300,0,8,17168,4300,0.0,40,0.0,0.0,-0.0,0.0,-107090432.0,0,0,0,0,0.0,0,0,0,0,0,0,0,0,0,0,0,0,0,0,0,0,0,0,0,0,0,0,0,0,0,0,0,0,0,0,0,0,0,7,37,37,44,65476,376,65476,1,0,4,21553,0.0,2.7183305813883192e+23,-38210.145,0.0,0.0,0.0,0.0,0.0,0.0,0.0,0.0,0.0,0.0,0.0,0.0,0.0,0.0,0.0,0.0,0.0,0.0,2.004,3.697062548517736e+19,3.697081020313082e+19,-2.004,-2.004,0.0,0.0,0.0,0.0,6601.0,-0.0,0.0,0.0,-0.0,0.0,-0.0,0.0,0.0,2.004,2.004,224,5.8480544947369536e+35,89221.031,0.0,0.0,0.0,0.0,0.0,0.0,0.0,0,0,0,-31.158,137040281600.0,1.539108342122543e+37,0.0,1.4341148498858854e+32,-3.8476485270234355e+36,0.0,-1.2990073473731658e+19,3.4798092512127315e+25,-8.796543202026752e+23,-0.001,3158714624.0,0.0,0.0,0.0,-47167.234,0,1.3516416376850534e+27,224,0.0,448,-0.0,0.0,2114,0,17110,13107,17112,0,17096,0,0,0,101,100,100,-107615232.0,64.4,-107615240.0,64.8,-0.0,64.5,1,49,50,180,52429,0,0,0,0.0,0.0,0.0,60.0,-0.0,71.0,0.0,-4.6327412474052704e+24,0.0,1069,0,1070,0,0,0,1070,0,1081,0,1000,0,648,0,649,0,644,0,675,0.032,1.0625324586456702e+22,-2.004,0.0,37520,16814,3.32981943662688e+35,-4.6327412474052704e+24,-0.0,0.0,0.0,-0.0,50.0,60.0,35,0.0,0.0,10.0,2.0,0.0,0.0,0.0,0.0,0.0,0.0,0.0,0.0,0.0,0.0,0.0,0.0,59.2,49,14,65512,25,65476,0,300,0,0,8,20529,65476,0,0,30147,60.0,0.0,10.0,10.0,2.0,0.0
2026-02-16T12:20:50,ERR,ERR,ERR,ERR,ERR,ERR,ERR,ERR,ERR,ERR,ERR,ERR,ERR,ERR,ERR,ERR,ERR,ERR,ERR,ERR,ERR,ERR,ERR,ERR,ERR,ERR,ERR,ERR,ERR,ERR,ERR,ERR,ERR,ERR,ERR,ERR,ERR,ERR,ERR,ERR,ERR,ERR,ERR,ERR,ERR,ERR,ERR,ERR,ERR,ERR,ERR,ERR,ERR,ERR,ERR,ERR,ERR,ERR,ERR,ERR,ERR,ERR,ERR,ERR,ERR,ERR,ERR,ERR,ERR,ERR,ERR,ERR,ERR,ERR,ERR,ERR,ERR,ERR,ERR,ERR,ERR,ERR,ERR,ERR,ERR,ERR,ERR,ERR,ERR,ERR,ERR,ERR,ERR,ERR,ERR,ERR,ERR,ERR,ERR,ERR,ERR,ERR,ERR,ERR,ERR,ERR,ERR,ERR,ERR,ERR,ERR,ERR,ERR,ERR,ERR,ERR,ERR,ERR,ERR,ERR,ERR,ERR,ERR,ERR,ERR,0.0,-0.0,2.7184055212861186e+23,-0.0,0.0,-40257.074,0.0,-0.0,4300,0,8,17168,4300,0.0,41,0.0,0.0,-0.0,0.0,-107090432.0,0,0,0,0,0.0,0,0,0,0,0,0,0,0,0,0,0,0,0,0,0,0,0,0,0,0,0,0,0,0,0,0,0,0,0,0,0,0,0,7,37,36,44,65476,375,65476,1,0,4,21553,0.0,-0.0,-0.0,0.0,0.0,0.0,0.0,0.0,0.0,0.0,0.0,0.0,0.0,0.0,0.0,0.0,0.0,0.0,0.0,0.0,0.0,2.004,3.697062548517736e+19,3.697081020313082e+19,-2.004,-0.0,0.0,0.0,0.0,0.0,6602.0,-8608233472.0,0.0,0.0,-0.0,0.0,2.7184503771384073e+23,-0.0,0.0,2.004,2.004,224,-0.0,1.905696230688686e+17,0.0,0.0,0.0,0.0,0.0,0.0,0.0,0,0,0,-334363.469,-0.0,2.6948589009943747e+23,0.0,1.861375556229096e+22,-0.0,1017.095,-0.0,216116805632.0,-9.410450844799806e+23,-0.001,3343264000.0,0.0,0.0,0.0,0.0,0,1.3516416376850534e+27,225,0.0,450,-0.0,0.0,2114,0,17110,13107,17112,0,17096,0,0,0,101,100,100,-107615232.0,64.4,-107615240.0,64.8,-0.0,64.5,1,49,50,180,52429,0,0,0,0.0,0.0,0.0,60.0,-0.0,71.0,0.0,-4.6327412474052704e+24,0.0,1069,0,1070,0,0,0,1070,0,1081,0,1000,0,648,0,649,0,644,0,675,0.032,1.0625324586456702e+22,-2.004,0.0,37520,16814,3.32981943662688e+35,-4.6327412474052704e+24,-0.0,0.0,0.0,-0.0,50.0,60.0,35,0.0,0.0,10.0,2.0,0.0,0.0,0.0,0.0,0.0,0.0,0.0,0.0,0.0,0.0,0.0,0.0,58.8,49,14,65512,25,65476,0,300,0,0,8,20529,65476,0,0,30147,60.0,0.0,10.0,10.0,2.0,0.0
2026-02-16T12:20:51,ERR,ERR,ERR,ERR,ERR,ERR,ERR,ERR,ERR,ERR,ERR,ERR,ERR,ERR,ERR,ERR,ERR,ERR,ERR,ERR,ERR,ERR,ERR,ERR,ERR,ERR,ERR,ERR,ERR,ERR,ERR,ERR,ERR,ERR,ERR,ERR,ERR,ERR,ERR,ERR,ERR,ERR,ERR,ERR,ERR,ERR,ERR,ERR,ERR,ERR,ERR,ERR,ERR,ERR,ERR,ERR,ERR,ERR,ERR,ERR,ERR,ERR,ERR,ERR,ERR,ERR,ERR,ERR,ERR,ERR,ERR,ERR,ERR,ERR,ERR,ERR,ERR,ERR,ERR,ERR,ERR,ERR,ERR,ERR,ERR,ERR,ERR,ERR,ERR,ERR,ERR,ERR,ERR,ERR,ERR,ERR,ERR,ERR,ERR,ERR,ERR,ERR,ERR,ERR,ERR,ERR,ERR,ERR,ERR,ERR,ERR,ERR,ERR,ERR,ERR,ERR,ERR,ERR,ERR,ERR,ERR,ERR,ERR,ERR,ERR,0.0,-0.0,2.7184055212861186e+23,-0.0,0.0,-40257.074,0.0,-0.0,4300,0,8,17168,4300,0.0,41,0.0,0.0,-0.0,0.0,-107090432.0,0,0,0,0,0.0,0,0,0,0,0,0,0,0,0,0,0,0,0,0,0,0,0,0,0,0,0,0,0,0,0,0,0,0,0,0,0,0,0,7,37,36,44,65476,375,65476,1,0,4,21553,0.0,-0.0,-0.0,0.0,0.0,0.0,0.0,0.0,0.0,0.0,0.0,0.0,0.0,0.0,0.0,0.0,0.0,0.0,0.0,0.0,0.0,2.004,3.697062548517736e+19,3.697081020313082e+19,-2.004,-0.0,0.0,0.0,0.0,0.0,6602.0,-8608233472.0,0.0,0.0,-0.0,0.0,2.7184503771384073e+23,-0.0,0.0,2.004,2.004,224,-0.0,1.905696230688686e+17,0.0,0.0,0.0,0.0,0.0,0.0,0.0,0,0,0,-334363.469,-0.0,2.6948589009943747e+23,0.0,1.861375556229096e+22,-0.0,1017.095,-0.0,216116805632.0,-9.410450844799806e+23,-0.001,3343264000.0,0.0,0.0,0.0,0.0,0,1.3516416376850534e+27,225,0.0,450,-0.0,0.0,2114,0,17110,13107,17112,0,17096,0,0,0,101,100,100,-107615232.0,64.4,-107615240.0,64.8,-0.0,64.5,1,49,50,180,52429,0,0,0,0.0,0.0,0.0,60.0,-0.0,71.0,0.0,-4.6327412474052704e+24,0.0,1069,0,1070,0,0,0,1070,0,1081,0,1000,0,648,0,649,0,644,0,675,0.032,1.0625324586456702e+22,-2.004,0.0,37520,16814,3.32981943662688e+35,-4.6327412474052704e+24,-0.0,0.0,0.0,-0.0,50.0,60.0,35,0.0,0.0,10.0,2.0,0.0,0.0,0.0,0.0,0.0,0.0,0.0,0.0,0.0,0.0,0.0,0.0,58.8,49,14,65512,25,65476,0,300,0,0,8,20529,65476,0,0,30147,60.0,0.0,10.0,10.0,2.0,0.0
2026-02-16T12:20:52,ERR,ERR,ERR,ERR,ERR,ERR,ERR,ERR,ERR,ERR,ERR,ERR,ERR,ERR,ERR,ERR,ERR,ERR,ERR,ERR,ERR,ERR,ERR,ERR,ERR,ERR,ERR,ERR,ERR,ERR,ERR,ERR,ERR,ERR,ERR,ERR,ERR,ERR,ERR,ERR,ERR,ERR,ERR,ERR,ERR,ERR,ERR,ERR,ERR,ERR,ERR,ERR,ERR,ERR,ERR,ERR,ERR,ERR,ERR,ERR,ERR,ERR,ERR,ERR,ERR,ERR,ERR,ERR,ERR,ERR,ERR,ERR,ERR,ERR,ERR,ERR,ERR,ERR,ERR,ERR,ERR,ERR,ERR,ERR,ERR,ERR,ERR,ERR,ERR,ERR,ERR,ERR,ERR,ERR,ERR,ERR,ERR,ERR,ERR,ERR,ERR,ERR,ERR,ERR,ERR,ERR,ERR,ERR,ERR,ERR,ERR,ERR,ERR,ERR,ERR,ERR,ERR,ERR,ERR,ERR,ERR,ERR,ERR,ERR,ERR,0.0,-0.0,2.7184055212861186e+23,-0.0,0.0,-40257.074,0.0,-0.0,4300,0,8,17168,4300,0.0,41,0.0,0.0,-0.0,0.0,-107090432.0,0,0,0,0,0.0,0,0,0,0,0,0,0,0,0,0,0,0,0,0,0,0,0,0,0,0,0,0,0,0,0,0,0,0,0,0,0,0,0,7,37,36,44,65476,375,65476,1,0,4,21553,0.0,-0.0,-0.0,0.0,0.0,0.0,0.0,0.0,0.0,0.0,0.0,0.0,0.0,0.0,0.0,0.0,0.0,0.0,0.0,0.0,0.0,2.004,3.697062548517736e+19,3.697081020313082e+19,-2.004,-0.0,0.0,0.0,0.0,0.0,6602.0,-8608233472.0,0.0,0.0,-0.0,0.0,2.7184503771384073e+23,-0.0,0.0,2.004,2.004,224,-0.0,1.905696230688686e+17,0.0,0.0,0.0,0.0,0.0,0.0,0.0,0,0,0,-334363.469,-0.0,2.6948589009943747e+23,0.0,1.861375556229096e+22,-0.0,1017.095,-0.0,216116805632.0,-9.410450844799806e+23,-0.001,3343264000.0,0.0,0.0,0.0,0.0,0,1.3516416376850534e+27,225,0.0,450,-0.0,0.0,2114,0,17110,13107,17112,0,17096,0,0,0,101,100,100,-107615232.0,64.4,-107615240.0,64.8,-0.0,64.5,1,49,50,180,52429,0,0,0,0.0,0.0,0.0,60.0,1.3243097142801264e+38,71.0,0.0,0.003,0.0,1069,0,1070,0,0,0,1070,0,1081,0,1000,0,648,0,649,0,644,0,675,0.032,1.0551537610161864e+22,-2.004,0.0,29584,16814,1.3243097142801264e+38,0.003,-2.6315501952176855e+20,13680.225,6.290807399808762e+19,-220416.188,50.0,60.0,35,0.0,0.0,10.0,2.0,0.0,0.0,0.0,0.0,0.0,0.0,0.0,0.0,0.0,0.0,0.0,0.0,59.2,49,14,65512,25,65476,0,300,0,0,8,20529,65476,0,0,30147,60.0,0.0,10.0,10.0,2.0,0.0
2026-02-16T12:20:53,ERR,ERR,ERR,ERR,ERR,ERR,ERR,ERR,ERR,ERR,ERR,ERR,ERR,ERR,ERR,ERR,ERR,ERR,ERR,ERR,ERR,ERR,ERR,ERR,ERR,ERR,ERR,ERR,ERR,ERR,ERR,ERR,ERR,ERR,ERR,ERR,ERR,ERR,ERR,ERR,ERR,ERR,ERR,ERR,ERR,ERR,ERR,ERR,ERR,ERR,ERR,ERR,ERR,ERR,ERR,ERR,ERR,ERR,ERR,ERR,ERR,ERR,ERR,ERR,ERR,ERR,ERR,ERR,ERR,ERR,ERR,ERR,ERR,ERR,ERR,ERR,ERR,ERR,ERR,ERR,ERR,ERR,ERR,ERR,ERR,ERR,ERR,ERR,ERR,ERR,ERR,ERR,ERR,ERR,ERR,ERR,ERR,ERR,ERR,ERR,ERR,ERR,ERR,ERR,ERR,ERR,ERR,ERR,ERR,ERR,ERR,ERR,ERR,ERR,ERR,ERR,ERR,ERR,ERR,ERR,ERR,ERR,ERR,ERR,ERR,0.0,-0.0,2.7184055212861186e+23,-0.0,0.0,-40257.074,0.0,-0.0,4300,0,8,17168,4300,0.0,41,0.0,0.0,-0.0,0.0,-107090432.0,0,0,0,0,0.0,0,0,0,0,0,0,0,0,0,0,0,0,0,0,0,0,0,0,0,0,0,0,0,0,0,0,0,0,0,0,0,0,0,7,37,36,44,65476,375,65476,1,0,4,21553,0.0,-0.0,-0.0,0.0,0.0,0.0,0.0,0.0,0.0,0.0,0.0,0.0,0.0,0.0,0.0,0.0,0.0,0.0,0.0,0.0,0.0,2.004,3.697062548517736e+19,3.697081020313082e+19,-2.004,-0.0,0.0,0.0,0.0,0.0,6602.0,-8608233472.0,0.0,0.0,-0.0,0.0,2.7184503771384073e+23,-0.0,0.0,2.004,2.004,224,-0.0,1.905696230688686e+17,0.0,0.0,0.0,0.0,0.0,0.0,0.0,0,0,0,-334363.469,-0.0,2.6948589009943747e+23,0.0,1.861375556229096e+22,-0.0,1017.095,-0.0,216116805632.0,-9.410450844799806e+23,-0.001,3343264000.0,0.0,0.0,0.0,0.0,0,1.3516416376850534e+27,225,0.0,450,-0.0,0.0,2114,0,17110,13107,17112,0,17096,0,0,0,101,100,100,-107615232.0,64.4,-107615240.0,64.8,-0.0,64.5,1,49,50,180,52429,0,0,0,0.0,0.0,0.0,60.0,1.3243097142801264e+38,71.0,0.0,0.003,0.0,1069,0,1070,0,0,0,1070,0,1081,0,1000,0,648,0,649,0,644,0,675,0.032,1.0551537610161864e+22,-2.004,0.0,29584,16814,1.3243097142801264e+38,0.003,-2.6315501952176855e+20,13680.225,6.290807399808762e+19,-220416.188,50.0,60.0,35,0.0,0.0,10.0,2.0,0.0,0.0,0.0,0.0,0.0,0.0,0.0,0.0,0.0,0.0,0.0,0.0,59.2,49,14,65512,25,65476,0,300,0,0,8,20529,65476,0,0,30147,60.0,0.0,10.0,10.0,2.0,0.0
2026-02-16T12:20:54,ERR,ERR,ERR,ERR,ERR,ERR,ERR,ERR,ERR,ERR,ERR,ERR,ERR,ERR,ERR,ERR,ERR,ERR,ERR,ERR,ERR,ERR,ERR,ERR,ERR,ERR,ERR,ERR,ERR,ERR,ERR,ERR,ERR,ERR,ERR,ERR,ERR,ERR,ERR,ERR,ERR,ERR,ERR,ERR,ERR,ERR,ERR,ERR,ERR,ERR,ERR,ERR,ERR,ERR,ERR,ERR,ERR,ERR,ERR,ERR,ERR,ERR,ERR,ERR,ERR,ERR,ERR,ERR,ERR,ERR,ERR,ERR,ERR,ERR,ERR,ERR,ERR,ERR,ERR,ERR,ERR,ERR,ERR,ERR,ERR,ERR,ERR,ERR,ERR,ERR,ERR,ERR,ERR,ERR,ERR,ERR,ERR,ERR,ERR,ERR,ERR,ERR,ERR,ERR,ERR,ERR,ERR,ERR,ERR,ERR,ERR,ERR,ERR,ERR,ERR,ERR,ERR,ERR,ERR,ERR,ERR,ERR,ERR,ERR,ERR,0.0,-0.0,2.7184055212861186e+23,-0.0,0.0,-40257.074,0.0,-0.0,4300,0,8,17168,4300,0.0,41,0.0,0.0,-0.0,0.0,-107090432.0,0,0,0,0,0.0,0,0,0,0,0,0,0,0,0,0,0,0,0,0,0,0,0,0,0,0,0,0,0,0,0,0,0,0,0,0,0,0,0,7,37,36,44,65476,375,65476,1,0,4,21553,0.0,-0.0,-0.0,0.0,0.0,0.0,0.0,0.0,0.0,0.0,0.0,0.0,0.0,0.0,0.0,0.0,0.0,0.0,0.0,0.0,0.0,2.004,3.697062548517736e+19,3.697081020313082e+19,-2.004,-0.0,0.0,0.0,0.0,0.0,6602.0,-8608233472.0,0.0,0.0,-0.0,0.0,2.7184503771384073e+23,-0.0,0.0,2.004,2.004,224,-0.0,1.905696230688686e+17,0.0,0.0,0.0,0.0,0.0,0.0,0.0,0,0,0,-334363.469,-0.0,2.6948589009943747e+23,0.0,1.861375556229096e+22,-0.0,1017.095,-0.0,216116805632.0,-9.410450844799806e+23,-0.001,3343264000.0,0.0,0.0,0.0,0.0,0,1.3516416376850534e+27,225,0.0,450,-0.0,0.0,2114,0,17110,13107,17112,0,17096,0,0,0,101,100,100,-107615232.0,64.4,-107615240.0,64.8,-0.0,64.5,1,49,50,180,52429,0,0,0,0.0,0.0,0.0,60.0,1.3243097142801264e+38,71.0,0.0,0.003,0.0,1069,0,1070,0,0,0,1070,0,1081,0,1000,0,648,0,649,0,644,0,675,0.032,1.0551537610161864e+22,-2.004,0.0,29584,16814,1.3243097142801264e+38,0.003,-2.6315501952176855e+20,13680.225,6.290807399808762e+19,-220416.188,50.0,60.0,35,0.0,0.0,10.0,2.0,0.0,0.0,0.0,0.0,0.0,0.0,0.0,0.0,0.0,0.0,0.0,0.0,59.2,49,14,65512,25,65476,0,300,0,0,8,20529,65476,0,0,30147,60.0,0.0,10.0,10.0,2.0,0.0
2026-02-16T12:20:55,ERR,ERR,ERR,ERR,ERR,ERR,ERR,ERR,ERR,ERR,ERR,ERR,ERR,ERR,ERR,ERR,ERR,ERR,ERR,ERR,ERR,ERR,ERR,ERR,ERR,ERR,ERR,ERR,ERR,ERR,ERR,ERR,ERR,ERR,ERR,ERR,ERR,ERR,ERR,ERR,ERR,ERR,ERR,ERR,ERR,ERR,ERR,ERR,ERR,ERR,ERR,ERR,ERR,ERR,ERR,ERR,ERR,ERR,ERR,ERR,ERR,ERR,ERR,ERR,ERR,ERR,ERR,ERR,ERR,ERR,ERR,ERR,ERR,ERR,ERR,ERR,ERR,ERR,ERR,ERR,ERR,ERR,ERR,ERR,ERR,ERR,ERR,ERR,ERR,ERR,ERR,ERR,ERR,ERR,ERR,ERR,ERR,ERR,ERR,ERR,ERR,ERR,ERR,ERR,ERR,ERR,ERR,ERR,ERR,ERR,ERR,ERR,ERR,ERR,ERR,ERR,ERR,ERR,ERR,ERR,ERR,ERR,ERR,ERR,ERR,0.0,-0.0,2.7184055212861186e+23,-0.0,0.0,-0.002,0.0,-30.531,4300,0,8,17165,4300,0.0,41,0.0,0.0,-0.0,0.0,-107090432.0,0,0,0,0,0.0,0,0,0,0,0,0,0,0,0,0,0,0,0,0,0,0,0,0,0,0,0,0,0,0,0,0,0,0,0,0,0,0,0,7,37,36,43,65476,373,65476,1,0,4,21553,0.0,0.0,-0.0,0.0,0.0,0.0,0.0,0.0,0.0,0.0,0.0,0.0,0.0,0.0,0.0,0.0,0.0,0.0,0.0,0.0,0.0,2.004,3.697062548517736e+19,3.697081020313082e+19,-2.004,-0.0,0.0,0.0,0.0,0.0,6635.0,0.0,0.0,0.0,-107616336.0,0.0,2.7184503771384073e+23,-0.0,0.0,2.004,2.004,225,-0.0,-0.0,0.0,0.0,0.0,0.0,0.0,0.0,0.0,0,0,0,-0.004,9.121436582891758e+30,4041794912256.0,-13320698.0,4196413734912.0,0.0,0.0,-1.3943753236855023e+29,-0.0,-9.977134822744163e+23,-0.001,3561367808.0,0.0,0.0,0.0,0.0,0,1.3516416376850534e+27,225,0.0,450,0.0,0.0,2114,0,17110,13107,17112,0,17096,0,0,0,101,100,100,-107615232.0,64.4,-107615240.0,64.8,-0.0,64.5,1,49,50,180,52429,0,0,0,0.0,0.0,0.0,60.0,1.3243097142801264e+38,71.0,0.0,0.003,0.0,1069,0,1070,0,0,0,1070,0,1081,0,1000,0,648,0,649,0,644,0,675,0.032,1.0551537610161864e+22,-2.004,0.0,29584,16814,1.3243097142801264e+38,0.003,-2.6315501952176855e+20,13680.225,6.290807399808762e+19,-220416.188,50.0,60.0,35,0.0,0.0,10.0,2.0,0.0,0.0,0.0,0.0,0.0,0.0,0.0,0.0,0.0,0.0,0.0,0.0,58.8,49,14,65512,25,65476,0,300,0,0,8,20529,65476,0,0,30147,60.0,0.0,10.0,10.0,2.0,0.0
2026-02-16T12:20:56,ERR,ERR,ERR,ERR,ERR,ERR,ERR,ERR,ERR,ERR,ERR,ERR,ERR,ERR,ERR,ERR,ERR,ERR,ERR,ERR,ERR,ERR,ERR,ERR,ERR,ERR,ERR,ERR,ERR,ERR,ERR,ERR,ERR,ERR,ERR,ERR,ERR,ERR,ERR,ERR,ERR,ERR,ERR,ERR,ERR,ERR,ERR,ERR,ERR,ERR,ERR,ERR,ERR,ERR,ERR,ERR,ERR,ERR,ERR,ERR,ERR,ERR,ERR,ERR,ERR,ERR,ERR,ERR,ERR,ERR,ERR,ERR,ERR,ERR,ERR,ERR,ERR,ERR,ERR,ERR,ERR,ERR,ERR,ERR,ERR,ERR,ERR,ERR,ERR,ERR,ERR,ERR,ERR,ERR,ERR,ERR,ERR,ERR,ERR,ERR,ERR,ERR,ERR,ERR,ERR,ERR,ERR,ERR,ERR,ERR,ERR,ERR,ERR,ERR,ERR,ERR,ERR,ERR,ERR,ERR,ERR,ERR,ERR,ERR,ERR,0.0,-0.0,2.7184055212861186e+23,-0.0,0.0,-0.002,0.0,-30.531,4300,0,8,17165,4300,0.0,41,0.0,0.0,-0.0,0.0,-107090432.0,0,0,0,0,0.0,0,0,0,0,0,0,0,0,0,0,0,0,0,0,0,0,0,0,0,0,0,0,0,0,0,0,0,0,0,0,0,0,0,7,37,36,43,65476,373,65476,1,0,4,21553,0.0,0.0,-0.0,0.0,0.0,0.0,0.0,0.0,0.0,0.0,0.0,0.0,0.0,0.0,0.0,0.0,0.0,0.0,0.0,0.0,0.0,2.004,3.697062548517736e+19,3.697081020313082e+19,-2.004,-0.0,0.0,0.0,0.0,0.0,6635.0,0.0,0.0,0.0,-107616336.0,0.0,2.7184503771384073e+23,-0.0,0.0,2.004,2.004,225,-0.0,-0.0,0.0,0.0,0.0,0.0,0.0,0.0,0.0,0,0,0,-0.004,9.121436582891758e+30,4041794912256.0,-13320698.0,4196413734912.0,0.0,0.0,-1.3943753236855023e+29,-0.0,-9.977134822744163e+23,-0.001,3561367808.0,0.0,0.0,0.0,0.0,0,1.3516416376850534e+27,225,0.0,450,0.0,0.0,2114,0,17110,13107,17112,0,17096,0,0,0,101,100,100,-107615232.0,64.4,-107615240.0,64.8,-0.0,64.5,1,49,50,180,52429,0,0,0,0.0,0.0,0.0,60.0,3.0464809761706694e+31,71.0,0.0,1.8245593259259095e+20,0.0,1069,0,1070,0,0,0,1070,0,1081,0,1000,0,648,0,649,0,644,0,675,0.032,1.0625324586456702e+22,-2.004,0.0,12816,16814,6.233825361653537e+25,0.0,-0.0,0.0,-1.2182437169190778e+33,1.9734799399633547e+34,50.0,60.0,35,0.0,0.0,10.0,2.0,0.0,0.0,0.0,0.0,0.0,0.0,0.0,0.0,0.0,0.0,0.0,0.0,58.8,49,14,65512,25,65476,0,300,0,0,8,20529,65476,0,0,30147,60.0,0.0,10.0,10.0,2.0,0.0
2026-02-16T12:20:57,ERR,ERR,ERR,ERR,ERR,ERR,ERR,ERR,ERR,ERR,ERR,ERR,ERR,ERR,ERR,ERR,ERR,ERR,ERR,ERR,ERR,ERR,ERR,ERR,ERR,ERR,ERR,ERR,ERR,ERR,ERR,ERR,ERR,ERR,ERR,ERR,ERR,ERR,ERR,ERR,ERR,ERR,ERR,ERR,ERR,ERR,ERR,ERR,ERR,ERR,ERR,ERR,ERR,ERR,ERR,ERR,ERR,ERR,ERR,ERR,ERR,ERR,ERR,ERR,ERR,ERR,ERR,ERR,ERR,ERR,ERR,ERR,ERR,ERR,ERR,ERR,ERR,ERR,ERR,ERR,ERR,ERR,ERR,ERR,ERR,ERR,ERR,ERR,ERR,ERR,ERR,ERR,ERR,ERR,ERR,ERR,ERR,ERR,ERR,ERR,ERR,ERR,ERR,ERR,ERR,ERR,ERR,ERR,ERR,ERR,ERR,ERR,ERR,ERR,ERR,ERR,ERR,ERR,ERR,ERR,ERR,ERR,ERR,ERR,ERR,0.0,-0.0,2.7184055212861186e+23,-0.0,0.0,-0.002,0.0,-30.531,4300,0,8,17165,4300,0.0,41,0.0,0.0,-0.0,0.0,-107090432.0,0,0,0,0,0.0,0,0,0,0,0,0,0,0,0,0,0,0,0,0,0,0,0,0,0,0,0,0,0,0,0,0,0,0,0,0,0,0,0,7,37,36,43,65476,373,65476,1,0,4,21553,0.0,0.0,-0.0,0.0,0.0,0.0,0.0,0.0,0.0,0.0,0.0,0.0,0.0,0.0,0.0,0.0,0.0,0.0,0.0,0.0,0.0,2.004,3.697062548517736e+19,3.697081020313082e+19,-2.004,-0.0,0.0,0.0,0.0,0.0,6635.0,0.0,0.0,0.0,-107616336.0,0.0,2.7184503771384073e+23,-0.0,0.0,2.004,2.004,225,-0.0,-0.0,0.0,0.0,0.0,0.0,0.0,0.0,0.0,0,0,0,-0.004,9.121436582891758e+30,4041794912256.0,-13320698.0,4196413734912.0,0.0,0.0,-1.3943753236855023e+29,-0.0,-9.977134822744163e+23,-0.001,3561367808.0,0.0,0.0,0.0,0.0,0,1.3516416376850534e+27,225,0.0,450,0.0,0.0,2114,0,17110,13107,17112,0,17096,0,0,0,101,100,100,-107615232.0,64.4,-107615240.0,64.8,-0.0,64.5,1,49,50,180,52429,0,0,0,0.0,0.0,0.0,60.0,3.0464809761706694e+31,71.0,0.0,1.8245593259259095e+20,0.0,1069,0,1070,0,0,0,1070,0,1081,0,1000,0,648,0,649,0,644,0,675,0.032,1.0625324586456702e+22,-2.004,0.0,12816,16814,6.233825361653537e+25,0.0,-0.0,0.0,-1.2182437169190778e+33,1.9734799399633547e+34,50.0,60.0,35,0.0,0.0,10.0,2.0,0.0,0.0,0.0,0.0,0.0,0.0,0.0,0.0,0.0,0.0,0.0,0.0,58.8,49,14,65512,25,65476,0,300,0,0,8,20529,65476,0,0,30147,60.0,0.0,10.0,10.0,2.0,0.0
2026-02-16T12:20:58,ERR,ERR,ERR,ERR,ERR,ERR,ERR,ERR,ERR,ERR,ERR,ERR,ERR,ERR,ERR,ERR,ERR,ERR,ERR,ERR,ERR,ERR,ERR,ERR,ERR,ERR,ERR,ERR,ERR,ERR,ERR,ERR,ERR,ERR,ERR,ERR,ERR,ERR,ERR,ERR,ERR,ERR,ERR,ERR,ERR,ERR,ERR,ERR,ERR,ERR,ERR,ERR,ERR,ERR,ERR,ERR,ERR,ERR,ERR,ERR,ERR,ERR,ERR,ERR,ERR,ERR,ERR,ERR,ERR,ERR,ERR,ERR,ERR,ERR,ERR,ERR,ERR,ERR,ERR,ERR,ERR,ERR,ERR,ERR,ERR,ERR,ERR,ERR,ERR,ERR,ERR,ERR,ERR,ERR,ERR,ERR,ERR,ERR,ERR,ERR,ERR,ERR,ERR,ERR,ERR,ERR,ERR,ERR,ERR,ERR,ERR,ERR,ERR,ERR,ERR,ERR,ERR,ERR,ERR,ERR,ERR,ERR,ERR,ERR,ERR,0.0,-0.0,2.7184055212861186e+23,-0.0,0.0,-0.002,0.0,-30.531,4300,0,8,17165,4300,0.0,41,0.0,0.0,-0.0,0.0,-107090432.0,0,0,0,0,0.0,0,0,0,0,0,0,0,0,0,0,0,0,0,0,0,0,0,0,0,0,0,0,0,0,0,0,0,0,0,0,0,0,0,7,37,36,43,65476,373,65476,1,0,4,21553,0.0,0.0,-0.0,0.0,0.0,0.0,0.0,0.0,0.0,0.0,0.0,0.0,0.0,0.0,0.0,0.0,0.0,0.0,0.0,0.0,0.0,2.004,3.697062548517736e+19,3.697081020313082e+19,-2.004,-0.0,0.0,0.0,0.0,0.0,6635.0,0.0,0.0,0.0,-107616336.0,0.0,2.7184503771384073e+23,-0.0,0.0,2.004,2.004,225,-0.0,-0.0,0.0,0.0,0.0,0.0,0.0,0.0,0.0,0,0,0,-0.004,9.121436582891758e+30,4041794912256.0,-13320698.0,4196413734912.0,0.0,0.0,-1.3943753236855023e+29,-0.0,-9.977134822744163e+23,-0.001,3561367808.0,0.0,0.0,0.0,0.0,0,1.3516416376850534e+27,225,0.0,450,0.0,0.0,2114,0,17110,13107,17112,0,17096,0,0,0,101,100,100,-107615232.0,64.4,-107615240.0,64.8,-0.0,64.5,1,49,50,180,52429,0,0,0,0.0,0.0,0.0,60.0,3.0464809761706694e+31,71.0,0.0,1.8245593259259095e+20,0.0,1069,0,1070,0,0,0,1070,0,1081,0,1000,0,648,0,649,0,644,0,675,0.032,1.0625324586456702e+22,-2.004,0.0,12816,16814,6.233825361653537e+25,0.0,-0.0,0.0,-1.2182437169190778e+33,1.9734799399633547e+34,50.0,60.0,35,0.0,0.0,10.0,2.0,0.0,0.0,0.0,0.0,0.0,0.0,0.0,0.0,0.0,0.0,0.0,0.0,58.8,49,14,65512,25,65476,0,300,0,0,8,20529,65476,0,0,30147,60.0,0.0,10.0,10.0,2.0,0.0
2026-02-16T12:20:59,ERR,ERR,ERR,ERR,ERR,ERR,ERR,ERR,ERR,ERR,ERR,ERR,ERR,ERR,ERR,ERR,ERR,ERR,ERR,ERR,ERR,ERR,ERR,ERR,ERR,ERR,ERR,ERR,ERR,ERR,ERR,ERR,ERR,ERR,ERR,ERR,ERR,ERR,ERR,ERR,ERR,ERR,ERR,ERR,ERR,ERR,ERR,ERR,ERR,ERR,ERR,ERR,ERR,ERR,ERR,ERR,ERR,ERR,ERR,ERR,ERR,ERR,ERR,ERR,ERR,ERR,ERR,ERR,ERR,ERR,ERR,ERR,ERR,ERR,ERR,ERR,ERR,ERR,ERR,ERR,ERR,ERR,ERR,ERR,ERR,ERR,ERR,ERR,ERR,ERR,ERR,ERR,ERR,ERR,ERR,ERR,ERR,ERR,ERR,ERR,ERR,ERR,ERR,ERR,ERR,ERR,ERR,ERR,ERR,ERR,ERR,ERR,ERR,ERR,ERR,ERR,ERR,ERR,ERR,ERR,ERR,ERR,ERR,ERR,ERR,0.0,-107616336.0,-108138544.0,2.7183363459958422e+23,0.0,5.825931377233608e+36,-0.0,0.0,4300,0,8,17165,4300,0.0,41,0.0,0.0,-0.0,0.0,-107090432.0,0,0,0,0,0.0,0,0,0,0,0,0,0,0,0,0,0,0,0,0,0,0,0,0,0,0,0,0,0,0,0,0,0,0,0,0,0,0,0,7,37,36,43,65476,369,65476,1,0,4,21553,0.0,0.0,-0.0,0.0,0.0,0.0,0.0,0.0,0.0,0.0,0.0,0.0,0.0,0.0,0.0,0.0,0.0,0.0,0.0,0.0,0.0,2.004,3.697062548517736e+19,-0.0,-2.004,-0.0,0.0,0.0,0.0,0.0,6640.0,2.004,0.0,0.0,-107616336.0,0.0,0.0,-0.0,0.0,2.004,2.004,224,-0.0,-0.0,0.0,0.0,0.0,0.0,0.0,0.0,0.0,0,0,0,-1.088,1066257547264.0,14036875870208.0,0.0,1.339818637342909e+21,-8208.482,-7.905302970962299e+21,-1445134720.0,0.0,-1.0591042465517217e+24,-0.001,3779471616.0,0.0,0.0,0.0,-3.409112962323839e+27,0,1.3516416376850534e+27,224,0.0,448,-74360974999552.0,4.538271724008914e+24,2114,0,17110,13107,17112,0,17096,0,0,0,101,100,100,-107615232.0,64.4,-107615240.0,64.8,-0.0,64.5,1,49,50,180,0,0,0,0,0.0,0.0,0.0,60.0,3.819292095409782e+29,71.0,0.0,-0.0,0.0,1069,0,1070,0,0,0,1070,0,1081,0,1000,0,648,0,649,0,644,0,675,0.032,1.2986507827891524e+22,-2.004,0.0,21392,16814,2.6872150314188313e+24,-0.0,5.977,-1.7631910025138012e+18,-0.0,0.16,50.0,60.0,35,0.0,0.0,10.0,2.0,0.0,0.0,0.0,0.0,0.0,0.0,0.0,0.0,0.0,0.0,0.0,0.0,58.8,49,14,65512,25,65476,0,300,0,0,8,20529,65476,0,0,30147,60.0,0.0,10.0,10.0,2.0,0.0
2026-02-16T12:21:00,ERR,ERR,ERR,ERR,ERR,ERR,ERR,ERR,ERR,ERR,ERR,ERR,ERR,ERR,ERR,ERR,ERR,ERR,ERR,ERR,ERR,ERR,ERR,ERR,ERR,ERR,ERR,ERR,ERR,ERR,ERR,ERR,ERR,ERR,ERR,ERR,ERR,ERR,ERR,ERR,ERR,ERR,ERR,ERR,ERR,ERR,ERR,ERR,ERR,ERR,ERR,ERR,ERR,ERR,ERR,ERR,ERR,ERR,ERR,ERR,ERR,ERR,ERR,ERR,ERR,ERR,ERR,ERR,ERR,ERR,ERR,ERR,ERR,ERR,ERR,ERR,ERR,ERR,ERR,ERR,ERR,ERR,ERR,ERR,ERR,ERR,ERR,ERR,ERR,ERR,ERR,ERR,ERR,ERR,ERR,ERR,ERR,ERR,ERR,ERR,ERR,ERR,ERR,ERR,ERR,ERR,ERR,ERR,ERR,ERR,ERR,ERR,ERR,ERR,ERR,ERR,ERR,ERR,ERR,ERR,ERR,ERR,ERR,ERR,ERR,0.0,-107616336.0,-108138544.0,2.7183363459958422e+23,0.0,5.825931377233608e+36,-0.0,0.0,4300,0,8,17165,4300,0.0,41,0.0,0.0,-0.0,0.0,-107090432.0,0,0,0,0,0.0,0,0,0,0,0,0,0,0,0,0,0,0,0,0,0,0,0,0,0,0,0,0,0,0,0,0,0,0,0,0,0,0,0,7,37,36,43,65476,369,65476,1,0,4,21553,0.0,0.0,-0.0,0.0,0.0,0.0,0.0,0.0,0.0,0.0,0.0,0.0,0.0,0.0,0.0,0.0,0.0,0.0,0.0,0.0,0.0,2.004,3.697062548517736e+19,-0.0,-2.004,-0.0,0.0,0.0,0.0,0.0,6640.0,2.004,0.0,0.0,-107616336.0,0.0,0.0,-0.0,0.0,2.004,2.004,224,-0.0,-0.0,0.0,0.0,0.0,0.0,0.0,0.0,0.0,0,0,0,-1.088,1066257547264.0,14036875870208.0,0.0,1.339818637342909e+21,-8208.482,-7.905302970962299e+21,-1445134720.0,0.0,-1.0591042465517217e+24,-0.001,3779471616.0,0.0,0.0,0.0,-3.409112962323839e+27,0,1.3516416376850534e+27,224,0.0,448,-74360974999552.0,4.538271724008914e+24,2114,0,17110,13107,17112,0,17096,0,0,0,101,100,100,-107615232.0,64.4,-107615240.0,64.8,-0.0,64.5,1,49,50,180,0,0,0,0,0.0,0.0,0.0,60.0,3.819292095409782e+29,71.0,0.0,-0.0,0.0,1069,0,1070,0,0,0,1070,0,1081,0,1000,0,648,0,649,0,644,0,675,0.032,1.2986507827891524e+22,-2.004,0.0,21392,16814,2.6872150314188313e+24,-0.0,5.977,-1.7631910025138012e+18,-0.0,0.16,50.0,60.0,35,0.0,0.0,10.0,2.0,0.0,0.0,0.0,0.0,0.0,0.0,0.0,0.0,0.0,0.0,0.0,0.0,58.8,49,14,65512,25,65476,0,300,0,0,8,20529,65476,0,0,30147,60.0,0.0,10.0,10.0,2.0,0.0
2026-02-16T12:21:01,ERR,ERR,ERR,ERR,ERR,ERR,ERR,ERR,ERR,ERR,ERR,ERR,ERR,ERR,ERR,ERR,ERR,ERR,ERR,ERR,ERR,ERR,ERR,ERR,ERR,ERR,ERR,ERR,ERR,ERR,ERR,ERR,ERR,ERR,ERR,ERR,ERR,ERR,ERR,ERR,ERR,ERR,ERR,ERR,ERR,ERR,ERR,ERR,ERR,ERR,ERR,ERR,ERR,ERR,ERR,ERR,ERR,ERR,ERR,ERR,ERR,ERR,ERR,ERR,ERR,ERR,ERR,ERR,ERR,ERR,ERR,ERR,ERR,ERR,ERR,ERR,ERR,ERR,ERR,ERR,ERR,ERR,ERR,ERR,ERR,ERR,ERR,ERR,ERR,ERR,ERR,ERR,ERR,ERR,ERR,ERR,ERR,ERR,ERR,ERR,ERR,ERR,ERR,ERR,ERR,ERR,ERR,ERR,ERR,ERR,ERR,ERR,ERR,ERR,ERR,ERR,ERR,ERR,ERR,ERR,ERR,ERR,ERR,ERR,ERR,0.0,-107616336.0,-108138544.0,2.7183363459958422e+23,0.0,5.825931377233608e+36,-0.0,0.0,4300,0,8,17165,4300,0.0,41,0.0,0.0,-0.0,0.0,-107090432.0,0,0,0,0,0.0,0,0,0,0,0,0,0,0,0,0,0,0,0,0,0,0,0,0,0,0,0,0,0,0,0,0,0,0,0,0,0,0,0,7,37,36,43,65476,369,65476,1,0,4,21553,0.0,0.0,-0.0,0.0,0.0,0.0,0.0,0.0,0.0,0.0,0.0,0.0,0.0,0.0,0.0,0.0,0.0,0.0,0.0,0.0,0.0,2.004,3.697062548517736e+19,-0.0,-2.004,-0.0,0.0,0.0,0.0,0.0,6640.0,2.004,0.0,0.0,-107616336.0,0.0,0.0,-0.0,0.0,2.004,2.004,224,-0.0,-0.0,0.0,0.0,0.0,0.0,0.0,0.0,0.0,0,0,0,-1.088,1066257547264.0,14036875870208.0,0.0,1.339818637342909e+21,-8208.482,-7.905302970962299e+21,-1445134720.0,0.0,-1.0591042465517217e+24,-0.001,3779471616.0,0.0,0.0,0.0,-3.409112962323839e+27,0,1.3516416376850534e+27,224,0.0,448,-74360974999552.0,4.538271724008914e+24,2114,0,17110,13107,17112,0,17096,0,0,0,101,100,100,-107615232.0,64.4,-107615240.0,64.8,-0.0,64.5,1,49,50,180,0,0,0,0,0.0,0.0,0.0,60.0,3.819292095409782e+29,71.0,0.0,-0.0,0.0,1069,0,1070,0,0,0,1070,0,1081,0,1000,0,648,0,649,0,644,0,675,0.032,1.2986507827891524e+22,-2.004,0.0,21392,16814,2.6872150314188313e+24,-0.0,5.977,-1.7631910025138012e+18,-0.0,0.16,50.0,60.0,35,0.0,0.0,10.0,2.0,0.0,0.0,0.0,0.0,0.0,0.0,0.0,0.0,0.0,0.0,0.0,0.0,58.8,49,14,65512,25,65476,0,300,0,0,8,20529,65476,0,0,30147,60.0,0.0,10.0,10.0,2.0,0.0
2026-02-16T12:21:02,ERR,ERR,ERR,ERR,ERR,ERR,ERR,ERR,ERR,ERR,ERR,ERR,ERR,ERR,ERR,ERR,ERR,ERR,ERR,ERR,ERR,ERR,ERR,ERR,ERR,ERR,ERR,ERR,ERR,ERR,ERR,ERR,ERR,ERR,ERR,ERR,ERR,ERR,ERR,ERR,ERR,ERR,ERR,ERR,ERR,ERR,ERR,ERR,ERR,ERR,ERR,ERR,ERR,ERR,ERR,ERR,ERR,ERR,ERR,ERR,ERR,ERR,ERR,ERR,ERR,ERR,ERR,ERR,ERR,ERR,ERR,ERR,ERR,ERR,ERR,ERR,ERR,ERR,ERR,ERR,ERR,ERR,ERR,ERR,ERR,ERR,ERR,ERR,ERR,ERR,ERR,ERR,ERR,ERR,ERR,ERR,ERR,ERR,ERR,ERR,ERR,ERR,ERR,ERR,ERR,ERR,ERR,ERR,ERR,ERR,ERR,ERR,ERR,ERR,ERR,ERR,ERR,ERR,ERR,ERR,ERR,ERR,ERR,ERR,ERR,0.0,-107616336.0,-108138544.0,2.7183363459958422e+23,0.0,5.825931377233608e+36,-0.0,0.0,4300,0,8,17165,4300,0.0,41,0.0,0.0,-0.0,0.0,-107090432.0,0,0,0,0,0.0,0,0,0,0,0,0,0,0,0,0,0,0,0,0,0,0,0,0,0,0,0,0,0,0,0,0,0,0,0,0,0,0,0,7,37,36,43,65476,369,65476,1,0,4,21553,0.0,0.0,-0.0,0.0,0.0,0.0,0.0,0.0,0.0,0.0,0.0,0.0,0.0,0.0,0.0,0.0,0.0,0.0,0.0,0.0,0.0,2.004,3.697062548517736e+19,-0.0,-2.004,-0.0,0.0,0.0,0.0,0.0,6640.0,2.004,0.0,0.0,-107616336.0,0.0,0.0,-0.0,0.0,2.004,2.004,224,-0.0,-0.0,0.0,0.0,0.0,0.0,0.0,0.0,0.0,0,0,0,-1.088,1066257547264.0,14036875870208.0,0.0,1.339818637342909e+21,-8208.482,-7.905302970962299e+21,-1445134720.0,0.0,-1.0591042465517217e+24,-0.001,3779471616.0,0.0,0.0,0.0,-3.409112962323839e+27,0,1.3516416376850534e+27,224,0.0,448,-74360974999552.0,4.538271724008914e+24,2114,0,17110,13107,17112,0,17096,0,0,0,101,100,100,-107615232.0,64.4,-107615240.0,64.8,-0.0,64.5,1,49,50,180,0,0,0,0,0.0,0.0,0.0,60.0,3.819292095409782e+29,71.0,0.0,-0.0,0.0,1069,0,1070,0,0,0,1070,0,1081,0,1000,0,648,0,649,0,644,0,675,0.032,1.2986507827891524e+22,-2.004,0.0,21392,16814,2.6872150314188313e+24,-0.0,5.977,-1.7631910025138012e+18,-0.0,0.16,50.0,60.0,35,0.0,0.0,10.0,2.0,0.0,0.0,0.0,0.0,0.0,0.0,0.0,0.0,0.0,0.0,0.0,0.0,58.8,49,14,65512,25,65476,0,300,0,0,8,20529,65476,0,0,30147,60.0,0.0,10.0,10.0,2.0,0.0
2026-02-16T12:21:03,ERR,ERR,ERR,ERR,ERR,ERR,ERR,ERR,ERR,ERR,ERR,ERR,ERR,ERR,ERR,ERR,ERR,ERR,ERR,ERR,ERR,ERR,ERR,ERR,ERR,ERR,ERR,ERR,ERR,ERR,ERR,ERR,ERR,ERR,ERR,ERR,ERR,ERR,ERR,ERR,ERR,ERR,ERR,ERR,ERR,ERR,ERR,ERR,ERR,ERR,ERR,ERR,ERR,ERR,ERR,ERR,ERR,ERR,ERR,ERR,ERR,ERR,ERR,ERR,ERR,ERR,ERR,ERR,ERR,ERR,ERR,ERR,ERR,ERR,ERR,ERR,ERR,ERR,ERR,ERR,ERR,ERR,ERR,ERR,ERR,ERR,ERR,ERR,ERR,ERR,ERR,ERR,ERR,ERR,ERR,ERR,ERR,ERR,ERR,ERR,ERR,ERR,ERR,ERR,ERR,ERR,ERR,ERR,ERR,ERR,ERR,ERR,ERR,ERR,ERR,ERR,ERR,ERR,ERR,ERR,ERR,ERR,ERR,ERR,ERR,0.0,-107616336.0,-108138544.0,2.7183363459958422e+23,0.0,5.825931377233608e+36,-0.0,0.0,4300,0,8,17165,4300,0.0,41,0.0,0.0,-0.0,0.0,-107090432.0,0,0,0,0,0.0,0,0,0,0,0,0,0,0,0,0,0,0,0,0,0,0,0,0,0,0,0,0,0,0,0,0,0,0,0,0,0,0,0,7,37,36,43,65476,369,65476,1,0,4,21553,0.0,0.0,-0.0,0.0,0.0,0.0,0.0,0.0,0.0,0.0,0.0,0.0,0.0,0.0,0.0,0.0,0.0,0.0,0.0,0.0,0.0,2.004,3.697062548517736e+19,-0.0,-2.004,-0.0,0.0,0.0,0.0,0.0,6640.0,2.004,0.0,0.0,-107616336.0,0.0,0.0,-0.0,0.0,2.004,2.004,224,-0.0,-0.0,0.0,0.0,0.0,0.0,0.0,0.0,0.0,0,0,0,-1.088,1066257547264.0,14036875870208.0,0.0,1.339818637342909e+21,-8208.482,-7.905302970962299e+21,-1445134720.0,0.0,-1.0591042465517217e+24,-0.001,3779471616.0,0.0,0.0,0.0,-3.409112962323839e+27,0,1.3516416376850534e+27,224,0.0,448,-74360974999552.0,4.538271724008914e+24,2114,0,17110,13107,17112,0,17096,0,0,0,101,100,100,-107615232.0,64.4,-107615240.0,64.8,-0.0,64.5,1,49,50,180,0,0,0,0,0.0,0.0,0.0,60.0,2.7790830873863496e+37,71.0,0.0,0.0,0.0,1070,0,1070,0,0,0,1070,0,1081,0,1000,0,648,0,649,0,644,0,675,0.032,1.3429229685660554e+22,0.0,0.0,26512,16814,2.4190336664493866e+30,0.0,-0.002,-0.0,0.0,-0.0,50.0,60.0,35,0.0,0.0,10.0,2.0,0.0,0.0,0.0,0.0,0.0,0.0,0.0,0.0,0.0,0.0,0.0,0.0,58.8,49,14,65512,25,65476,0,300,0,0,8,20529,65476,0,0,30147,60.0,0.0,10.0,10.0,2.0,0.0
2026-02-16T12:21:04,ERR,ERR,ERR,ERR,ERR,ERR,ERR,ERR,ERR,ERR,ERR,ERR,ERR,ERR,ERR,ERR,ERR,ERR,ERR,ERR,ERR,ERR,ERR,ERR,ERR,ERR,ERR,ERR,ERR,ERR,ERR,ERR,ERR,ERR,ERR,ERR,ERR,ERR,ERR,ERR,ERR,ERR,ERR,ERR,ERR,ERR,ERR,ERR,ERR,ERR,ERR,ERR,ERR,ERR,ERR,ERR,ERR,ERR,ERR,ERR,ERR,ERR,ERR,ERR,ERR,ERR,ERR,ERR,ERR,ERR,ERR,ERR,ERR,ERR,ERR,ERR,ERR,ERR,ERR,ERR,ERR,ERR,ERR,ERR,ERR,ERR,ERR,ERR,ERR,ERR,ERR,ERR,ERR,ERR,ERR,ERR,ERR,ERR,ERR,ERR,ERR,ERR,ERR,ERR,ERR,ERR,ERR,ERR,ERR,ERR,ERR,ERR,ERR,ERR,ERR,ERR,ERR,ERR,ERR,ERR,ERR,ERR,ERR,ERR,ERR,0.0,-107616336.0,-108138544.0,-0.0,-0.0,2.098,182833725440.0,-0.0,4300,0,8,17168,4300,0.0,41,0.0,0.0,-0.0,0.0,-107090432.0,0,0,0,0,0.0,0,0,0,0,0,0,0,0,0,0,0,0,0,0,0,0,0,0,0,0,0,0,0,0,0,0,0,0,0,0,0,0,0,7,37,36,43,65476,365,65476,1,0,4,21553,0.0,0.0,-0.0,0.0,0.0,0.0,0.0,0.0,0.0,0.0,0.0,0.0,0.0,0.0,0.0,0.0,0.0,0.0,0.0,0.0,0.0,2.004,3.697062548517736e+19,-0.0,-2.004,-0.0,0.0,0.0,0.0,0.0,6633.0,2.4230026042814656e+24,0.0,0.0,-107616336.0,0.0,0.0,-0.0,0.0,2.004,2.004,223,-0.0,-71.63,0.0,0.0,0.0,0.0,0.0,0.0,0.0,0,0,0,-8336.858,56690588.0,1.2120861373365433e+20,2.3335144870694093e+17,4.959891455339397e+17,0.0,-2.6350321176454103e+18,-1.8669131947298897e+32,20.409,-1.1204950108290271e+24,-0.001,3980798208.0,0.0,0.0,0.0,-0.0,0,1.3516416376850534e+27,223,0.0,446,-0.0,0.0,2114,0,17110,13107,17112,0,17096,0,0,0,101,100,100,-107615232.0,64.4,-107615240.0,64.8,-0.0,64.5,1,49,50,180,0,0,0,0,0.0,0.0,0.0,60.0,2.7790830873863496e+37,71.0,0.0,0.0,0.0,1070,0,1070,0,0,0,1070,0,1081,0,1000,0,648,0,649,0,644,0,675,0.032,1.3429229685660554e+22,0.0,0.0,26512,16814,2.4190336664493866e+30,0.0,-0.002,-0.0,0.0,-0.0,50.0,60.0,35,0.0,0.0,10.0,2.0,0.0,0.0,0.0,0.0,0.0,0.0,0.0,0.0,0.0,0.0,0.0,0.0,58.8,49,14,65512,25,65476,0,300,0,0,8,20529,65476,0,0,30147,60.0,0.0,10.0,10.0,2.0,0.0
2026-02-16T12:21:05,ERR,ERR,ERR,ERR,ERR,ERR,ERR,ERR,ERR,ERR,ERR,ERR,ERR,ERR,ERR,ERR,ERR,ERR,ERR,ERR,ERR,ERR,ERR,ERR,ERR,ERR,ERR,ERR,ERR,ERR,ERR,ERR,ERR,ERR,ERR,ERR,ERR,ERR,ERR,ERR,ERR,ERR,ERR,ERR,ERR,ERR,ERR,ERR,ERR,ERR,ERR,ERR,ERR,ERR,ERR,ERR,ERR,ERR,ERR,ERR,ERR,ERR,ERR,ERR,ERR,ERR,ERR,ERR,ERR,ERR,ERR,ERR,ERR,ERR,ERR,ERR,ERR,ERR,ERR,ERR,ERR,ERR,ERR,ERR,ERR,ERR,ERR,ERR,ERR,ERR,ERR,ERR,ERR,ERR,ERR,ERR,ERR,ERR,ERR,ERR,ERR,ERR,ERR,ERR,ERR,ERR,ERR,ERR,ERR,ERR,ERR,ERR,ERR,ERR,ERR,ERR,ERR,ERR,ERR,ERR,ERR,ERR,ERR,ERR,ERR,0.0,-107616336.0,-108138544.0,-0.0,-0.0,2.098,182833725440.0,-0.0,4300,0,8,17168,4300,0.0,41,0.0,0.0,-0.0,0.0,-107090432.0,0,0,0,0,0.0,0,0,0,0,0,0,0,0,0,0,0,0,0,0,0,0,0,0,0,0,0,0,0,0,0,0,0,0,0,0,0,0,0,7,37,36,43,65476,365,65476,1,0,4,21553,0.0,0.0,-0.0,0.0,0.0,0.0,0.0,0.0,0.0,0.0,0.0,0.0,0.0,0.0,0.0,0.0,0.0,0.0,0.0,0.0,0.0,2.004,3.697062548517736e+19,-0.0,-2.004,-0.0,0.0,0.0,0.0,0.0,6633.0,2.4230026042814656e+24,0.0,0.0,-107616336.0,0.0,0.0,-0.0,0.0,2.004,2.004,223,-0.0,-71.63,0.0,0.0,0.0,0.0,0.0,0.0,0.0,0,0,0,-8336.858,56690588.0,1.2120861373365433e+20,2.3335144870694093e+17,4.959891455339397e+17,0.0,-2.6350321176454103e+18,-1.8669131947298897e+32,20.409,-1.1204950108290271e+24,-0.001,3980798208.0,0.0,0.0,0.0,-0.0,0,1.3516416376850534e+27,223,0.0,446,-0.0,0.0,2114,0,17110,13107,17112,0,17096,0,0,0,101,100,100,-107615232.0,64.4,-107615240.0,64.8,-0.0,64.5,1,49,50,180,0,0,0,0,0.0,0.0,0.0,60.0,2.7790830873863496e+37,71.0,0.0,0.0,0.0,1070,0,1070,0,0,0,1070,0,1081,0,1000,0,648,0,649,0,644,0,675,0.032,1.3429229685660554e+22,0.0,0.0,26512,16814,2.4190336664493866e+30,0.0,-0.002,-0.0,0.0,-0.0,50.0,60.0,35,0.0,0.0,10.0,2.0,0.0,0.0,0.0,0.0,0.0,0.0,0.0,0.0,0.0,0.0,0.0,0.0,59.2,49,14,65512,25,65476,0,300,0,0,8,20529,65476,0,0,30147,60.0,0.0,10.0,10.0,2.0,0.0
2026-02-16T12:21:06,ERR,ERR,ERR,ERR,ERR,ERR,ERR,ERR,ERR,ERR,ERR,ERR,ERR,ERR,ERR,ERR,ERR,ERR,ERR,ERR,ERR,ERR,ERR,ERR,ERR,ERR,ERR,ERR,ERR,ERR,ERR,ERR,ERR,ERR,ERR,ERR,ERR,ERR,ERR,ERR,ERR,ERR,ERR,ERR,ERR,ERR,ERR,ERR,ERR,ERR,ERR,ERR,ERR,ERR,ERR,ERR,ERR,ERR,ERR,ERR,ERR,ERR,ERR,ERR,ERR,ERR,ERR,ERR,ERR,ERR,ERR,ERR,ERR,ERR,ERR,ERR,ERR,ERR,ERR,ERR,ERR,ERR,ERR,ERR,ERR,ERR,ERR,ERR,ERR,ERR,ERR,ERR,ERR,ERR,ERR,ERR,ERR,ERR,ERR,ERR,ERR,ERR,ERR,ERR,ERR,ERR,ERR,ERR,ERR,ERR,ERR,ERR,ERR,ERR,ERR,ERR,ERR,ERR,ERR,ERR,ERR,ERR,ERR,ERR,ERR,0.0,-107616336.0,-108138544.0,-0.0,-0.0,2.098,182833725440.0,-0.0,4300,0,8,17168,4300,0.0,41,0.0,0.0,-0.0,0.0,-107090432.0,0,0,0,0,0.0,0,0,0,0,0,0,0,0,0,0,0,0,0,0,0,0,0,0,0,0,0,0,0,0,0,0,0,0,0,0,0,0,0,7,37,36,43,65476,365,65476,1,0,4,21553,0.0,0.0,-0.0,0.0,0.0,0.0,0.0,0.0,0.0,0.0,0.0,0.0,0.0,0.0,0.0,0.0,0.0,0.0,0.0,0.0,0.0,2.004,3.697062548517736e+19,-0.0,-2.004,-0.0,0.0,0.0,0.0,0.0,6633.0,2.4230026042814656e+24,0.0,0.0,-107616336.0,0.0,0.0,-0.0,0.0,2.004,2.004,223,-0.0,-71.63,0.0,0.0,0.0,0.0,0.0,0.0,0.0,0,0,0,-8336.858,56690588.0,1.2120861373365433e+20,2.3335144870694093e+17,4.959891455339397e+17,0.0,-2.6350321176454103e+18,-1.8669131947298897e+32,20.409,-1.1204950108290271e+24,-0.001,3980798208.0,0.0,0.0,0.0,-0.0,0,1.3516416376850534e+27,223,0.0,446,-0.0,0.0,2114,0,17110,13107,17112,0,17096,0,0,0,101,100,100,-107615232.0,64.4,-107615240.0,64.8,-0.0,64.5,1,49,50,180,52429,26215,0,0,0.0,0.0,0.0,60.0,2.0705782528119904e+29,71.0,0.0,1.4725227088782144e+27,0.0,1069,0,1070,0,0,0,1070,0,1081,0,1000,0,648,0,649,0,644,0,675,0.032,1.0551537610161864e+22,-2.004,0.0,26640,16814,1.2007704637544632e+36,1.4725227088782144e+27,0.001,-4.4568165947293415e+23,-0.0,0.002,50.0,60.0,35,0.0,0.0,10.0,2.0,0.0,0.0,0.0,0.0,0.0,0.0,0.0,0.0,0.0,0.0,0.0,0.0,59.2,49,14,65512,25,65476,0,300,0,0,8,20529,65476,0,0,30147,60.0,0.0,10.0,10.0,2.0,0.0
2026-02-16T12:21:07,ERR,ERR,ERR,ERR,ERR,ERR,ERR,ERR,ERR,ERR,ERR,ERR,ERR,ERR,ERR,ERR,ERR,ERR,ERR,ERR,ERR,ERR,ERR,ERR,ERR,ERR,ERR,ERR,ERR,ERR,ERR,ERR,ERR,ERR,ERR,ERR,ERR,ERR,ERR,ERR,ERR,ERR,ERR,ERR,ERR,ERR,ERR,ERR,ERR,ERR,ERR,ERR,ERR,ERR,ERR,ERR,ERR,ERR,ERR,ERR,ERR,ERR,ERR,ERR,ERR,ERR,ERR,ERR,ERR,ERR,ERR,ERR,ERR,ERR,ERR,ERR,ERR,ERR,ERR,ERR,ERR,ERR,ERR,ERR,ERR,ERR,ERR,ERR,ERR,ERR,ERR,ERR,ERR,ERR,ERR,ERR,ERR,ERR,ERR,ERR,ERR,ERR,ERR,ERR,ERR,ERR,ERR,ERR,ERR,ERR,ERR,ERR,ERR,ERR,ERR,ERR,ERR,ERR,ERR,ERR,ERR,ERR,ERR,ERR,ERR,0.0,-107616336.0,-108138544.0,-0.0,-0.0,2.098,182833725440.0,-0.0,4300,0,8,17168,4300,0.0,41,0.0,0.0,-0.0,0.0,-107090432.0,0,0,0,0,0.0,0,0,0,0,0,0,0,0,0,0,0,0,0,0,0,0,0,0,0,0,0,0,0,0,0,0,0,0,0,0,0,0,0,7,37,36,43,65476,365,65476,1,0,4,21553,0.0,0.0,-0.0,0.0,0.0,0.0,0.0,0.0,0.0,0.0,0.0,0.0,0.0,0.0,0.0,0.0,0.0,0.0,0.0,0.0,0.0,2.004,3.697062548517736e+19,-0.0,-2.004,-0.0,0.0,0.0,0.0,0.0,6633.0,2.4230026042814656e+24,0.0,0.0,-107616336.0,0.0,0.0,-0.0,0.0,2.004,2.004,223,-0.0,-71.63,0.0,0.0,0.0,0.0,0.0,0.0,0.0,0,0,0,-8336.858,56690588.0,1.2120861373365433e+20,2.3335144870694093e+17,4.959891455339397e+17,0.0,-2.6350321176454103e+18,-1.8669131947298897e+32,20.409,-1.1204950108290271e+24,-0.001,3980798208.0,0.0,0.0,0.0,-0.0,0,1.3516416376850534e+27,223,0.0,446,-0.0,0.0,2114,0,17110,13107,17112,0,17096,0,0,0,101,100,100,-107615232.0,64.4,-107615240.0,64.8,-0.0,64.5,1,49,50,180,52429,26215,0,0,0.0,0.0,0.0,60.0,2.0705782528119904e+29,71.0,0.0,1.4725227088782144e+27,0.0,1069,0,1070,0,0,0,1070,0,1081,0,1000,0,648,0,649,0,644,0,675,0.032,1.0551537610161864e+22,-2.004,0.0,26640,16814,1.2007704637544632e+36,1.4725227088782144e+27,0.001,-4.4568165947293415e+23,-0.0,0.002,50.0,60.0,35,0.0,0.0,10.0,2.0,0.0,0.0,0.0,0.0,0.0,0.0,0.0,0.0,0.0,0.0,0.0,0.0,58.8,49,14,65512,25,65476,0,300,0,0,8,20529,65476,0,0,30147,60.0,0.0,10.0,10.0,2.0,0.0
2026-02-16T12:21:08,ERR,ERR,ERR,ERR,ERR,ERR,ERR,ERR,ERR,ERR,ERR,ERR,ERR,ERR,ERR,ERR,ERR,ERR,ERR,ERR,ERR,ERR,ERR,ERR,ERR,ERR,ERR,ERR,ERR,ERR,ERR,ERR,ERR,ERR,ERR,ERR,ERR,ERR,ERR,ERR,ERR,ERR,ERR,ERR,ERR,ERR,ERR,ERR,ERR,ERR,ERR,ERR,ERR,ERR,ERR,ERR,ERR,ERR,ERR,ERR,ERR,ERR,ERR,ERR,ERR,ERR,ERR,ERR,ERR,ERR,ERR,ERR,ERR,ERR,ERR,ERR,ERR,ERR,ERR,ERR,ERR,ERR,ERR,ERR,ERR,ERR,ERR,ERR,ERR,ERR,ERR,ERR,ERR,ERR,ERR,ERR,ERR,ERR,ERR,ERR,ERR,ERR,ERR,ERR,ERR,ERR,ERR,ERR,ERR,ERR,ERR,ERR,ERR,ERR,ERR,ERR,ERR,ERR,ERR,ERR,ERR,ERR,ERR,ERR,ERR,0.0,-107616336.0,-108138544.0,-0.0,-0.0,2.098,182833725440.0,-0.0,4300,0,8,17168,4300,0.0,41,0.0,0.0,-0.0,0.0,-107090432.0,0,0,0,0,0.0,0,0,0,0,0,0,0,0,0,0,0,0,0,0,0,0,0,0,0,0,0,0,0,0,0,0,0,0,0,0,0,0,0,7,37,36,43,65476,365,65476,1,0,4,21553,0.0,0.0,-0.0,0.0,0.0,0.0,0.0,0.0,0.0,0.0,0.0,0.0,0.0,0.0,0.0,0.0,0.0,0.0,0.0,0.0,0.0,2.004,3.697062548517736e+19,-0.0,-2.004,-0.0,0.0,0.0,0.0,0.0,6633.0,2.4230026042814656e+24,0.0,0.0,-107616336.0,0.0,0.0,-0.0,0.0,2.004,2.004,223,-0.0,-71.63,0.0,0.0,0.0,0.0,0.0,0.0,0.0,0,0,0,-8336.858,56690588.0,1.2120861373365433e+20,2.3335144870694093e+17,4.959891455339397e+17,0.0,-2.6350321176454103e+18,-1.8669131947298897e+32,20.409,-1.1204950108290271e+24,-0.001,3980798208.0,0.0,0.0,0.0,-0.0,0,1.3516416376850534e+27,223,0.0,446,-0.0,0.0,2114,0,17110,13107,17112,0,17096,0,0,0,101,100,100,-107615232.0,64.4,-107615240.0,64.8,-0.0,64.5,1,49,50,180,52429,26215,0,0,0.0,0.0,0.0,60.0,2.0705782528119904e+29,71.0,0.0,1.4725227088782144e+27,0.0,1069,0,1070,0,0,0,1070,0,1081,0,1000,0,648,0,649,0,644,0,675,0.032,1.0551537610161864e+22,-2.004,0.0,26640,16814,1.2007704637544632e+36,1.4725227088782144e+27,0.001,-4.4568165947293415e+23,-0.0,0.002,50.0,60.0,35,0.0,0.0,10.0,2.0,0.0,0.0,0.0,0.0,0.0,0.0,0.0,0.0,0.0,0.0,0.0,0.0,58.8,49,14,65512,25,65476,0,300,0,0,8,20529,65476,0,0,30147,60.0,0.0,10.0,10.0,2.0,0.0
2026-02-16T12:21:09,ERR,ERR,ERR,ERR,ERR,ERR,ERR,ERR,ERR,ERR,ERR,ERR,ERR,ERR,ERR,ERR,ERR,ERR,ERR,ERR,ERR,ERR,ERR,ERR,ERR,ERR,ERR,ERR,ERR,ERR,ERR,ERR,ERR,ERR,ERR,ERR,ERR,ERR,ERR,ERR,ERR,ERR,ERR,ERR,ERR,ERR,ERR,ERR,ERR,ERR,ERR,ERR,ERR,ERR,ERR,ERR,ERR,ERR,ERR,ERR,ERR,ERR,ERR,ERR,ERR,ERR,ERR,ERR,ERR,ERR,ERR,ERR,ERR,ERR,ERR,ERR,ERR,ERR,ERR,ERR,ERR,ERR,ERR,ERR,ERR,ERR,ERR,ERR,ERR,ERR,ERR,ERR,ERR,ERR,ERR,ERR,ERR,ERR,ERR,ERR,ERR,ERR,ERR,ERR,ERR,ERR,ERR,ERR,ERR,ERR,ERR,ERR,ERR,ERR,ERR,ERR,ERR,ERR,ERR,ERR,ERR,ERR,ERR,ERR,ERR,0.0,-107616336.0,-108138544.0,-0.0,-0.0,0.0,0.0,-9948908544.0,4300,0,8,17168,4300,0.0,41,0.0,0.0,-0.0,0.0,-107090432.0,0,0,0,0,0.0,0,0,0,0,0,0,0,0,0,0,0,0,0,0,0,0,0,0,0,0,0,0,0,0,0,0,0,0,0,0,0,0,0,7,37,36,43,65476,364,65476,1,0,4,21553,0.0,-0.0,-0.0,0.0,0.0,0.0,0.0,0.0,0.0,0.0,0.0,0.0,0.0,0.0,0.0,0.0,0.0,0.0,0.0,0.0,0.0,2.004,3.697062548517736e+19,-0.0,-2.004,-2.004,0.0,0.0,0.0,0.0,6638.0,-0.0,0.0,0.0,-107616336.0,0.0,-0.0,0.0,0.0,2.004,2.004,223,-0.0,-2.308838606653337e+20,0.0,0.0,0.0,0.0,0.0,0.0,0.0,0,0,0,-225.263,-0.0,6.895990928020356e+29,-0.0,814797171982336.0,0.0,-28195.029,0.0,0.018,-1.1771634086234628e+24,-0.001,4215679232.0,0.0,0.0,0.0,-0.0,0,1.3516416376850534e+27,223,0.0,446,-0.0,0.0,2114,0,17110,13107,17112,0,17096,0,0,0,101,100,100,-107615232.0,64.4,-107615240.0,64.8,-0.0,64.5,1,49,50,180,52429,26215,0,0,0.0,0.0,0.0,60.0,2.0705782528119904e+29,71.0,0.0,1.4725227088782144e+27,0.0,1069,0,1070,0,0,0,1070,0,1081,0,1000,0,648,0,649,0,644,0,675,0.032,1.0551537610161864e+22,-2.004,0.0,26640,16814,1.2007704637544632e+36,1.4725227088782144e+27,0.001,-4.4568165947293415e+23,-0.0,0.002,50.0,60.0,35,0.0,0.0,10.0,2.0,0.0,0.0,0.0,0.0,0.0,0.0,0.0,0.0,0.0,0.0,0.0,0.0,58.8,49,14,65512,25,65476,0,300,0,0,8,20529,65476,0,0,30147,60.0,0.0,10.0,10.0,2.0,0.0
2026-02-16T12:21:10,ERR,ERR,ERR,ERR,ERR,ERR,ERR,ERR,ERR,ERR,ERR,ERR,ERR,ERR,ERR,ERR,ERR,ERR,ERR,ERR,ERR,ERR,ERR,ERR,ERR,ERR,ERR,ERR,ERR,ERR,ERR,ERR,ERR,ERR,ERR,ERR,ERR,ERR,ERR,ERR,ERR,ERR,ERR,ERR,ERR,ERR,ERR,ERR,ERR,ERR,ERR,ERR,ERR,ERR,ERR,ERR,ERR,ERR,ERR,ERR,ERR,ERR,ERR,ERR,ERR,ERR,ERR,ERR,ERR,ERR,ERR,ERR,ERR,ERR,ERR,ERR,ERR,ERR,ERR,ERR,ERR,ERR,ERR,ERR,ERR,ERR,ERR,ERR,ERR,ERR,ERR,ERR,ERR,ERR,ERR,ERR,ERR,ERR,ERR,ERR,ERR,ERR,ERR,ERR,ERR,ERR,ERR,ERR,ERR,ERR,ERR,ERR,ERR,ERR,ERR,ERR,ERR,ERR,ERR,ERR,ERR,ERR,ERR,ERR,ERR,0.0,-107616336.0,-108138544.0,-0.0,-0.0,0.0,0.0,-9948908544.0,4300,0,8,17168,4300,0.0,41,0.0,0.0,-0.0,0.0,-107090432.0,0,0,0,0,0.0,0,0,0,0,0,0,0,0,0,0,0,0,0,0,0,0,0,0,0,0,0,0,0,0,0,0,0,0,0,0,0,0,0,7,37,36,43,65476,364,65476,1,0,4,21553,0.0,-0.0,-0.0,0.0,0.0,0.0,0.0,0.0,0.0,0.0,0.0,0.0,0.0,0.0,0.0,0.0,0.0,0.0,0.0,0.0,0.0,2.004,3.697062548517736e+19,-0.0,-2.004,-2.004,0.0,0.0,0.0,0.0,6638.0,-0.0,0.0,0.0,-107616336.0,0.0,-0.0,0.0,0.0,2.004,2.004,223,-0.0,-2.308838606653337e+20,0.0,0.0,0.0,0.0,0.0,0.0,0.0,0,0,0,-225.263,-0.0,6.895990928020356e+29,-0.0,814797171982336.0,0.0,-28195.029,0.0,0.018,-1.1771634086234628e+24,-0.001,4215679232.0,0.0,0.0,0.0,-0.0,0,1.3516416376850534e+27,223,0.0,446,-0.0,0.0,2114,0,17110,13107,17112,0,17096,0,0,0,101,100,100,0.0,64.9,-107615240.0,64.8,-0.0,64.5,1,49,50,180,52429,0,0,0,0.0,0.0,0.0,60.0,-0.0,71.0,0.0,0.0,0.0,1069,0,1070,0,0,0,1070,0,1081,0,1000,0,648,0,649,0,644,0,675,0.032,1.0551537610161864e+22,0.0,0.0,28688,16814,-0.0,0.0,0.0,0.0,-0.0,0.0,50.0,60.0,35,0.0,0.0,10.0,2.0,0.0,0.0,0.0,0.0,0.0,0.0,0.0,0.0,0.0,0.0,0.0,0.0,59.2,49,14,65512,25,65476,0,300,0,0,8,20529,65476,0,0,30147,60.0,0.0,10.0,10.0,2.0,0.0
2026-02-16T12:21:11,ERR,ERR,ERR,ERR,ERR,ERR,ERR,ERR,ERR,ERR,ERR,ERR,ERR,ERR,ERR,ERR,ERR,ERR,ERR,ERR,ERR,ERR,ERR,ERR,ERR,ERR,ERR,ERR,ERR,ERR,ERR,ERR,ERR,ERR,ERR,ERR,ERR,ERR,ERR,ERR,ERR,ERR,ERR,ERR,ERR,ERR,ERR,ERR,ERR,ERR,ERR,ERR,ERR,ERR,ERR,ERR,ERR,ERR,ERR,ERR,ERR,ERR,ERR,ERR,ERR,ERR,ERR,ERR,ERR,ERR,ERR,ERR,ERR,ERR,ERR,ERR,ERR,ERR,ERR,ERR,ERR,ERR,ERR,ERR,ERR,ERR,ERR,ERR,ERR,ERR,ERR,ERR,ERR,ERR,ERR,ERR,ERR,ERR,ERR,ERR,ERR,ERR,ERR,ERR,ERR,ERR,ERR,ERR,ERR,ERR,ERR,ERR,ERR,ERR,ERR,ERR,ERR,ERR,ERR,ERR,ERR,ERR,ERR,ERR,ERR,0.0,-107616336.0,-108138544.0,-0.0,-0.0,0.0,0.0,-9948908544.0,4300,0,8,17168,4300,0.0,41,0.0,0.0,-0.0,0.0,-107090432.0,0,0,0,0,0.0,0,0,0,0,0,0,0,0,0,0,0,0,0,0,0,0,0,0,0,0,0,0,0,0,0,0,0,0,0,0,0,0,0,7,37,36,43,65476,364,65476,1,0,4,21553,0.0,-0.0,-0.0,0.0,0.0,0.0,0.0,0.0,0.0,0.0,0.0,0.0,0.0,0.0,0.0,0.0,0.0,0.0,0.0,0.0,0.0,2.004,3.697062548517736e+19,-0.0,-2.004,-2.004,0.0,0.0,0.0,0.0,6638.0,-0.0,0.0,0.0,-107616336.0,0.0,-0.0,0.0,0.0,2.004,2.004,223,-0.0,-2.308838606653337e+20,0.0,0.0,0.0,0.0,0.0,0.0,0.0,0,0,0,-225.263,-0.0,6.895990928020356e+29,-0.0,814797171982336.0,0.0,-28195.029,0.0,0.018,-1.1771634086234628e+24,-0.001,4215679232.0,0.0,0.0,0.0,-0.0,0,1.3516416376850534e+27,223,0.0,446,-0.0,0.0,2114,0,17110,13107,17112,0,17096,0,0,0,101,100,100,0.0,64.9,-107615240.0,64.8,-0.0,64.5,1,49,50,180,52429,0,0,0,0.0,0.0,0.0,60.0,-0.0,71.0,0.0,0.0,0.0,1069,0,1070,0,0,0,1070,0,1081,0,1000,0,648,0,649,0,644,0,675,0.032,1.0551537610161864e+22,0.0,0.0,28688,16814,-0.0,0.0,0.0,0.0,-0.0,0.0,50.0,60.0,35,0.0,0.0,10.0,2.0,0.0,0.0,0.0,0.0,0.0,0.0,0.0,0.0,0.0,0.0,0.0,0.0,59.2,49,14,65512,25,65476,0,300,0,0,8,20529,65476,0,0,30147,60.0,0.0,10.0,10.0,2.0,0.0
2026-02-16T12:21:12,ERR,ERR,ERR,ERR,ERR,ERR,ERR,ERR,ERR,ERR,ERR,ERR,ERR,ERR,ERR,ERR,ERR,ERR,ERR,ERR,ERR,ERR,ERR,ERR,ERR,ERR,ERR,ERR,ERR,ERR,ERR,ERR,ERR,ERR,ERR,ERR,ERR,ERR,ERR,ERR,ERR,ERR,ERR,ERR,ERR,ERR,ERR,ERR,ERR,ERR,ERR,ERR,ERR,ERR,ERR,ERR,ERR,ERR,ERR,ERR,ERR,ERR,ERR,ERR,ERR,ERR,ERR,ERR,ERR,ERR,ERR,ERR,ERR,ERR,ERR,ERR,ERR,ERR,ERR,ERR,ERR,ERR,ERR,ERR,ERR,ERR,ERR,ERR,ERR,ERR,ERR,ERR,ERR,ERR,ERR,ERR,ERR,ERR,ERR,ERR,ERR,ERR,ERR,ERR,ERR,ERR,ERR,ERR,ERR,ERR,ERR,ERR,ERR,ERR,ERR,ERR,ERR,ERR,ERR,ERR,ERR,ERR,ERR,ERR,ERR,0.0,-107616336.0,-108138544.0,-0.0,-0.0,0.0,0.0,-9948908544.0,4300,0,8,17168,4300,0.0,41,0.0,0.0,-0.0,0.0,-107090432.0,0,0,0,0,0.0,0,0,0,0,0,0,0,0,0,0,0,0,0,0,0,0,0,0,0,0,0,0,0,0,0,0,0,0,0,0,0,0,0,7,37,36,43,65476,364,65476,1,0,4,21553,0.0,-0.0,-0.0,0.0,0.0,0.0,0.0,0.0,0.0,0.0,0.0,0.0,0.0,0.0,0.0,0.0,0.0,0.0,0.0,0.0,0.0,2.004,3.697062548517736e+19,-0.0,-2.004,-2.004,0.0,0.0,0.0,0.0,6638.0,-0.0,0.0,0.0,-107616336.0,0.0,-0.0,0.0,0.0,2.004,2.004,223,-0.0,-2.308838606653337e+20,0.0,0.0,0.0,0.0,0.0,0.0,0.0,0,0,0,-225.263,-0.0,6.895990928020356e+29,-0.0,814797171982336.0,0.0,-28195.029,0.0,0.018,-1.1771634086234628e+24,-0.001,4215679232.0,0.0,0.0,0.0,-0.0,0,1.3516416376850534e+27,223,0.0,446,-0.0,0.0,2114,0,17110,13107,17112,0,17096,0,0,0,101,100,100,0.0,64.9,-107615240.0,64.8,-0.0,64.5,1,49,50,180,52429,0,0,0,0.0,0.0,0.0,60.0,-0.0,71.0,0.0,0.0,0.0,1069,0,1070,0,0,0,1070,0,1081,0,1000,0,648,0,649,0,644,0,675,0.032,1.0551537610161864e+22,0.0,0.0,28688,16814,-0.0,0.0,0.0,0.0,-0.0,0.0,50.0,60.0,35,0.0,0.0,10.0,2.0,0.0,0.0,0.0,0.0,0.0,0.0,0.0,0.0,0.0,0.0,0.0,0.0,58.8,49,14,65512,25,65476,0,300,0,0,8,20529,65476,0,0,30147,60.0,0.0,10.0,10.0,2.0,0.0
2026-02-16T12:21:13,ERR,ERR,ERR,ERR,ERR,ERR,ERR,ERR,ERR,ERR,ERR,ERR,ERR,ERR,ERR,ERR,ERR,ERR,ERR,ERR,ERR,ERR,ERR,ERR,ERR,ERR,ERR,ERR,ERR,ERR,ERR,ERR,ERR,ERR,ERR,ERR,ERR,ERR,ERR,ERR,ERR,ERR,ERR,ERR,ERR,ERR,ERR,ERR,ERR,ERR,ERR,ERR,ERR,ERR,ERR,ERR,ERR,ERR,ERR,ERR,ERR,ERR,ERR,ERR,ERR,ERR,ERR,ERR,ERR,ERR,ERR,ERR,ERR,ERR,ERR,ERR,ERR,ERR,ERR,ERR,ERR,ERR,ERR,ERR,ERR,ERR,ERR,ERR,ERR,ERR,ERR,ERR,ERR,ERR,ERR,ERR,ERR,ERR,ERR,ERR,ERR,ERR,ERR,ERR,ERR,ERR,ERR,ERR,ERR,ERR,ERR,ERR,ERR,ERR,ERR,ERR,ERR,ERR,ERR,ERR,ERR,ERR,ERR,ERR,ERR,0.0,-107616336.0,-108138544.0,-0.0,-0.0,0.0,0.0,-9948908544.0,4300,0,8,17168,4300,0.0,41,0.0,0.0,-0.0,0.0,-107090432.0,0,0,0,0,0.0,0,0,0,0,0,0,0,0,0,0,0,0,0,0,0,0,0,0,0,0,0,0,0,0,0,0,0,0,0,0,0,0,0,7,37,36,43,65476,364,65476,1,0,4,21553,0.0,-0.0,-0.0,0.0,0.0,0.0,0.0,0.0,0.0,0.0,0.0,0.0,0.0,0.0,0.0,0.0,0.0,0.0,0.0,0.0,0.0,2.004,3.697062548517736e+19,-0.0,-2.004,-2.004,0.0,0.0,0.0,0.0,6638.0,-0.0,0.0,0.0,-107616336.0,0.0,-0.0,0.0,0.0,2.004,2.004,223,-0.0,-2.308838606653337e+20,0.0,0.0,0.0,0.0,0.0,0.0,0.0,0,0,0,-225.263,-0.0,6.895990928020356e+29,-0.0,814797171982336.0,0.0,-28195.029,0.0,0.018,-1.1771634086234628e+24,-0.001,4215679232.0,0.0,0.0,0.0,-0.0,0,1.3516416376850534e+27,223,0.0,446,-0.0,0.0,2114,0,17110,13107,17112,0,17096,0,0,0,101,100,100,-107615232.0,64.4,-107615240.0,64.8,-0.0,64.5,1,49,50,180,0,0,0,0,0.0,0.0,0.0,60.0,-0.0,71.0,0.0,1.4772631236852933e+36,0.0,1069,0,1070,0,0,0,1070,0,1081,0,1000,0,648,0,649,0,644,0,676,0.032,1.0625324586456702e+22,0.0,0.0,44944,16814,-0.0,1.4772631236852933e+36,-0.0,12304617.0,0.0,-73.625,50.0,60.0,35,0.0,0.0,10.0,2.0,0.0,0.0,0.0,0.0,0.0,0.0,0.0,0.0,0.0,0.0,0.0,0.0,58.8,49,14,65512,25,65476,0,300,0,0,8,20529,65476,0,0,30147,60.0,0.0,10.0,10.0,2.0,0.0
2026-02-16T12:21:14,ERR,ERR,ERR,ERR,ERR,ERR,ERR,ERR,ERR,ERR,ERR,ERR,ERR,ERR,ERR,ERR,ERR,ERR,ERR,ERR,ERR,ERR,ERR,ERR,ERR,ERR,ERR,ERR,ERR,ERR,ERR,ERR,ERR,ERR,ERR,ERR,ERR,ERR,ERR,ERR,ERR,ERR,ERR,ERR,ERR,ERR,ERR,ERR,ERR,ERR,ERR,ERR,ERR,ERR,ERR,ERR,ERR,ERR,ERR,ERR,ERR,ERR,ERR,ERR,ERR,ERR,ERR,ERR,ERR,ERR,ERR,ERR,ERR,ERR,ERR,ERR,ERR,ERR,ERR,ERR,ERR,ERR,ERR,ERR,ERR,ERR,ERR,ERR,ERR,ERR,ERR,ERR,ERR,ERR,ERR,ERR,ERR,ERR,ERR,ERR,ERR,ERR,ERR,ERR,ERR,ERR,ERR,ERR,ERR,ERR,ERR,ERR,ERR,ERR,ERR,ERR,ERR,ERR,ERR,ERR,ERR,ERR,ERR,ERR,ERR,0.0,-107616336.0,-108138544.0,-0.0,-0.0,0.0,0.0,-12176.019,4300,0,8,17168,4300,0.0,41,0.0,0.0,-0.0,0.0,-107090432.0,0,0,0,0,0.0,0,0,0,0,0,0,0,0,0,0,0,0,0,0,0,0,0,0,0,0,0,0,0,0,0,0,0,0,0,0,0,0,0,7,36,36,43,65476,364,65476,1,0,4,21553,0.0,0.0,-0.0,0.0,0.0,0.0,0.0,0.0,0.0,0.0,0.0,0.0,0.0,0.0,0.0,0.0,0.0,0.0,0.0,0.0,0.0,2.004,3.697062548517736e+19,-0.0,-2.004,-0.0,0.0,0.0,0.0,0.0,6638.0,-8608234496.0,0.0,0.0,-107616336.0,0.0,2.7184503771384073e+23,-0.0,0.0,2.004,2.004,225,-0.0,0.0,0.0,0.0,0.0,0.0,0.0,0.0,0.0,0,0,0,-0.002,-0.0,2.677815005686593e+20,0.0,3784096874496.0,-0.0,2.3734259326274318e+34,0.0,0.0,-1.2681825261869073e+24,-0.001,4505489920.0,0.0,0.0,0.0,2.3397399500776247e+35,0,1.3516416376850534e+27,225,0.0,450,-0.0,0.0,2114,0,17110,13107,17112,0,17096,0,0,0,101,100,100,-107615232.0,64.4,-107615240.0,64.8,-0.0,64.5,1,49,50,180,0,0,0,0,0.0,0.0,0.0,60.0,-0.0,71.0,0.0,1.4772631236852933e+36,0.0,1069,0,1070,0,0,0,1070,0,1081,0,1000,0,648,0,649,0,644,0,676,0.032,1.0625324586456702e+22,0.0,0.0,44944,16814,-0.0,1.4772631236852933e+36,-0.0,12304617.0,0.0,-73.625,50.0,60.0,35,0.0,0.0,10.0,2.0,0.0,0.0,0.0,0.0,0.0,0.0,0.0,0.0,0.0,0.0,0.0,0.0,58.8,49,14,65512,25,65476,0,300,0,0,8,20529,65476,0,0,30147,60.0,0.0,10.0,10.0,2.0,0.0
2026-02-16T12:21:15,ERR,ERR,ERR,ERR,ERR,ERR,ERR,ERR,ERR,ERR,ERR,ERR,ERR,ERR,ERR,ERR,ERR,ERR,ERR,ERR,ERR,ERR,ERR,ERR,ERR,ERR,ERR,ERR,ERR,ERR,ERR,ERR,ERR,ERR,ERR,ERR,ERR,ERR,ERR,ERR,ERR,ERR,ERR,ERR,ERR,ERR,ERR,ERR,ERR,ERR,ERR,ERR,ERR,ERR,ERR,ERR,ERR,ERR,ERR,ERR,ERR,ERR,ERR,ERR,ERR,ERR,ERR,ERR,ERR,ERR,ERR,ERR,ERR,ERR,ERR,ERR,ERR,ERR,ERR,ERR,ERR,ERR,ERR,ERR,ERR,ERR,ERR,ERR,ERR,ERR,ERR,ERR,ERR,ERR,ERR,ERR,ERR,ERR,ERR,ERR,ERR,ERR,ERR,ERR,ERR,ERR,ERR,ERR,ERR,ERR,ERR,ERR,ERR,ERR,ERR,ERR,ERR,ERR,ERR,ERR,ERR,ERR,ERR,ERR,ERR,0.0,-107616336.0,-108138544.0,-0.0,-0.0,0.0,0.0,-12176.019,4300,0,8,17168,4300,0.0,41,0.0,0.0,-0.0,0.0,-107090432.0,0,0,0,0,0.0,0,0,0,0,0,0,0,0,0,0,0,0,0,0,0,0,0,0,0,0,0,0,0,0,0,0,0,0,0,0,0,0,0,7,36,36,43,65476,364,65476,1,0,4,21553,0.0,0.0,-0.0,0.0,0.0,0.0,0.0,0.0,0.0,0.0,0.0,0.0,0.0,0.0,0.0,0.0,0.0,0.0,0.0,0.0,0.0,2.004,3.697062548517736e+19,-0.0,-2.004,-0.0,0.0,0.0,0.0,0.0,6638.0,-8608234496.0,0.0,0.0,-107616336.0,0.0,2.7184503771384073e+23,-0.0,0.0,2.004,2.004,225,-0.0,0.0,0.0,0.0,0.0,0.0,0.0,0.0,0.0,0,0,0,-0.002,-0.0,2.677815005686593e+20,0.0,3784096874496.0,-0.0,2.3734259326274318e+34,0.0,0.0,-1.2681825261869073e+24,-0.001,4505489920.0,0.0,0.0,0.0,2.3397399500776247e+35,0,1.3516416376850534e+27,225,0.0,450,-0.0,0.0,2114,0,17110,13107,17112,0,17096,0,0,0,101,100,100,-107615232.0,64.4,-107615240.0,64.8,-0.0,64.5,1,49,50,180,0,0,0,0,0.0,0.0,0.0,60.0,-0.0,71.0,0.0,1.4772631236852933e+36,0.0,1069,0,1070,0,0,0,1070,0,1081,0,1000,0,648,0,649,0,644,0,676,0.032,1.0625324586456702e+22,0.0,0.0,44944,16814,-0.0,1.4772631236852933e+36,-0.0,12304617.0,0.0,-73.625,50.0,60.0,35,0.0,0.0,10.0,2.0,0.0,0.0,0.0,0.0,0.0,0.0,0.0,0.0,0.0,0.0,0.0,0.0,58.8,49,14,65512,25,65476,0,300,0,0,8,20529,65476,0,0,30147,60.0,0.0,10.0,10.0,2.0,0.0
2026-02-16T12:21:16,ERR,ERR,ERR,ERR,ERR,ERR,ERR,ERR,ERR,ERR,ERR,ERR,ERR,ERR,ERR,ERR,ERR,ERR,ERR,ERR,ERR,ERR,ERR,ERR,ERR,ERR,ERR,ERR,ERR,ERR,ERR,ERR,ERR,ERR,ERR,ERR,ERR,ERR,ERR,ERR,ERR,ERR,ERR,ERR,ERR,ERR,ERR,ERR,ERR,ERR,ERR,ERR,ERR,ERR,ERR,ERR,ERR,ERR,ERR,ERR,ERR,ERR,ERR,ERR,ERR,ERR,ERR,ERR,ERR,ERR,ERR,ERR,ERR,ERR,ERR,ERR,ERR,ERR,ERR,ERR,ERR,ERR,ERR,ERR,ERR,ERR,ERR,ERR,ERR,ERR,ERR,ERR,ERR,ERR,ERR,ERR,ERR,ERR,ERR,ERR,ERR,ERR,ERR,ERR,ERR,ERR,ERR,ERR,ERR,ERR,ERR,ERR,ERR,ERR,ERR,ERR,ERR,ERR,ERR,ERR,ERR,ERR,ERR,ERR,ERR,0.0,-107616336.0,-108138544.0,-0.0,-0.0,0.0,0.0,-12176.019,4300,0,8,17168,4300,0.0,41,0.0,0.0,-0.0,0.0,-107090432.0,0,0,0,0,0.0,0,0,0,0,0,0,0,0,0,0,0,0,0,0,0,0,0,0,0,0,0,0,0,0,0,0,0,0,0,0,0,0,0,7,36,36,43,65476,364,65476,1,0,4,21553,0.0,0.0,-0.0,0.0,0.0,0.0,0.0,0.0,0.0,0.0,0.0,0.0,0.0,0.0,0.0,0.0,0.0,0.0,0.0,0.0,0.0,2.004,3.697062548517736e+19,-0.0,-2.004,-0.0,0.0,0.0,0.0,0.0,6638.0,-8608234496.0,0.0,0.0,-107616336.0,0.0,2.7184503771384073e+23,-0.0,0.0,2.004,2.004,225,-0.0,0.0,0.0,0.0,0.0,0.0,0.0,0.0,0.0,0,0,0,-0.002,-0.0,2.677815005686593e+20,0.0,3784096874496.0,-0.0,2.3734259326274318e+34,0.0,0.0,-1.2681825261869073e+24,-0.001,4505489920.0,0.0,0.0,0.0,2.3397399500776247e+35,0,1.3516416376850534e+27,225,0.0,450,-0.0,0.0,2114,0,17110,13107,17112,0,17096,0,0,0,101,100,100,-107615232.0,64.4,-107615240.0,64.8,-0.0,64.5,1,49,50,180,0,0,0,0,0.0,0.0,0.0,60.0,-0.0,71.0,0.0,1.4772631236852933e+36,0.0,1069,0,1070,0,0,0,1070,0,1081,0,1000,0,648,0,649,0,644,0,676,0.032,1.0625324586456702e+22,0.0,0.0,44944,16814,-0.0,1.4772631236852933e+36,-0.0,12304617.0,0.0,-73.625,50.0,60.0,35,0.0,0.0,10.0,2.0,0.0,0.0,0.0,0.0,0.0,0.0,0.0,0.0,0.0,0.0,0.0,0.0,58.8,49,14,65512,25,65476,0,300,0,0,8,20529,65476,0,0,30147,60.0,0.0,10.0,10.0,2.0,0.0
2026-02-16T12:21:17,ERR,ERR,ERR,ERR,ERR,ERR,ERR,ERR,ERR,ERR,ERR,ERR,ERR,ERR,ERR,ERR,ERR,ERR,ERR,ERR,ERR,ERR,ERR,ERR,ERR,ERR,ERR,ERR,ERR,ERR,ERR,ERR,ERR,ERR,ERR,ERR,ERR,ERR,ERR,ERR,ERR,ERR,ERR,ERR,ERR,ERR,ERR,ERR,ERR,ERR,ERR,ERR,ERR,ERR,ERR,ERR,ERR,ERR,ERR,ERR,ERR,ERR,ERR,ERR,ERR,ERR,ERR,ERR,ERR,ERR,ERR,ERR,ERR,ERR,ERR,ERR,ERR,ERR,ERR,ERR,ERR,ERR,ERR,ERR,ERR,ERR,ERR,ERR,ERR,ERR,ERR,ERR,ERR,ERR,ERR,ERR,ERR,ERR,ERR,ERR,ERR,ERR,ERR,ERR,ERR,ERR,ERR,ERR,ERR,ERR,ERR,ERR,ERR,ERR,ERR,ERR,ERR,ERR,ERR,ERR,ERR,ERR,ERR,ERR,ERR,0.0,-107616336.0,-108138544.0,-0.0,-0.0,0.0,0.0,-12176.019,4300,0,8,17168,4300,0.0,41,0.0,0.0,-0.0,0.0,-107090432.0,0,0,0,0,0.0,0,0,0,0,0,0,0,0,0,0,0,0,0,0,0,0,0,0,0,0,0,0,0,0,0,0,0,0,0,0,0,0,0,7,36,36,43,65476,364,65476,1,0,4,21553,0.0,0.0,-0.0,0.0,0.0,0.0,0.0,0.0,0.0,0.0,0.0,0.0,0.0,0.0,0.0,0.0,0.0,0.0,0.0,0.0,0.0,2.004,3.697062548517736e+19,-0.0,-2.004,-0.0,0.0,0.0,0.0,0.0,6638.0,-8608234496.0,0.0,0.0,-107616336.0,0.0,2.7184503771384073e+23,-0.0,0.0,2.004,2.004,225,-0.0,0.0,0.0,0.0,0.0,0.0,0.0,0.0,0.0,0,0,0,-0.002,-0.0,2.677815005686593e+20,0.0,3784096874496.0,-0.0,2.3734259326274318e+34,0.0,0.0,-1.2681825261869073e+24,-0.001,4505489920.0,0.0,0.0,0.0,2.3397399500776247e+35,0,1.3516416376850534e+27,225,0.0,450,-0.0,0.0,2114,0,17110,13107,17112,0,17096,0,0,0,101,100,100,-107615232.0,64.9,-107615240.0,64.8,-0.0,64.5,1,49,50,180,0,0,0,0,0.0,0.0,0.0,60.0,-0.0,71.0,0.0,0.0,0.0,1069,0,1070,0,0,0,1070,0,1081,0,1000,0,648,0,649,0,645,0,676,0.032,1.0551537610161864e+22,0.0,0.0,48016,16814,-0.0,-1.3187398152644198e+17,417149943808.0,0.0,-0.0,3.577496021569647e+36,50.0,60.0,35,0.0,0.0,10.0,2.0,0.0,0.0,0.0,0.0,0.0,0.0,0.0,0.0,0.0,0.0,0.0,0.0,58.8,49,14,65512,25,65476,0,300,0,0,8,20529,65476,0,0,30147,60.0,0.0,10.0,10.0,2.0,0.0
2026-02-16T12:21:18,ERR,ERR,ERR,ERR,ERR,ERR,ERR,ERR,ERR,ERR,ERR,ERR,ERR,ERR,ERR,ERR,ERR,ERR,ERR,ERR,ERR,ERR,ERR,ERR,ERR,ERR,ERR,ERR,ERR,ERR,ERR,ERR,ERR,ERR,ERR,ERR,ERR,ERR,ERR,ERR,ERR,ERR,ERR,ERR,ERR,ERR,ERR,ERR,ERR,ERR,ERR,ERR,ERR,ERR,ERR,ERR,ERR,ERR,ERR,ERR,ERR,ERR,ERR,ERR,ERR,ERR,ERR,ERR,ERR,ERR,ERR,ERR,ERR,ERR,ERR,ERR,ERR,ERR,ERR,ERR,ERR,ERR,ERR,ERR,ERR,ERR,ERR,ERR,ERR,ERR,ERR,ERR,ERR,ERR,ERR,ERR,ERR,ERR,ERR,ERR,ERR,ERR,ERR,ERR,ERR,ERR,ERR,ERR,ERR,ERR,ERR,ERR,ERR,ERR,ERR,ERR,ERR,ERR,ERR,ERR,ERR,ERR,ERR,ERR,ERR,0.0,-107616336.0,-108138544.0,-0.0,-0.0,0.0,0.0,-12176.019,4300,0,8,17168,4300,0.0,41,0.0,0.0,-0.0,0.0,-107090432.0,0,0,0,0,0.0,0,0,0,0,0,0,0,0,0,0,0,0,0,0,0,0,0,0,0,0,0,0,0,0,0,0,0,0,0,0,0,0,0,7,36,36,43,65476,364,65476,1,0,4,21553,0.0,0.0,-0.0,0.0,0.0,0.0,0.0,0.0,0.0,0.0,0.0,0.0,0.0,0.0,0.0,0.0,0.0,0.0,0.0,0.0,0.0,2.004,3.697062548517736e+19,-0.0,-2.004,-0.0,0.0,0.0,0.0,0.0,6638.0,-8608234496.0,0.0,0.0,-107616336.0,0.0,2.7184503771384073e+23,-0.0,0.0,2.004,2.004,225,-0.0,0.0,0.0,0.0,0.0,0.0,0.0,0.0,0.0,0,0,0,-0.002,-0.0,2.677815005686593e+20,0.0,3784096874496.0,-0.0,2.3734259326274318e+34,0.0,0.0,-1.2681825261869073e+24,-0.001,4505489920.0,0.0,0.0,0.0,2.3397399500776247e+35,0,1.3516416376850534e+27,225,0.0,450,-0.0,0.0,2114,0,17110,13107,17112,0,17096,0,0,0,101,100,100,-107615232.0,64.9,-107615240.0,64.8,-0.0,64.5,1,49,50,180,0,0,0,0,0.0,0.0,0.0,60.0,-0.0,71.0,0.0,0.0,0.0,1069,0,1070,0,0,0,1070,0,1081,0,1000,0,648,0,649,0,645,0,676,0.032,1.0551537610161864e+22,0.0,0.0,48016,16814,-0.0,-1.3187398152644198e+17,417149943808.0,0.0,-0.0,3.577496021569647e+36,50.0,60.0,35,0.0,0.0,10.0,2.0,0.0,0.0,0.0,0.0,0.0,0.0,0.0,0.0,0.0,0.0,0.0,0.0,58.8,49,14,65512,25,65476,0,300,0,0,8,20529,65476,0,0,30147,60.0,0.0,10.0,10.0,2.0,0.0
2026-02-16T12:21:19,ERR,ERR,ERR,ERR,ERR,ERR,ERR,ERR,ERR,ERR,ERR,ERR,ERR,ERR,ERR,ERR,ERR,ERR,ERR,ERR,ERR,ERR,ERR,ERR,ERR,ERR,ERR,ERR,ERR,ERR,ERR,ERR,ERR,ERR,ERR,ERR,ERR,ERR,ERR,ERR,ERR,ERR,ERR,ERR,ERR,ERR,ERR,ERR,ERR,ERR,ERR,ERR,ERR,ERR,ERR,ERR,ERR,ERR,ERR,ERR,ERR,ERR,ERR,ERR,ERR,ERR,ERR,ERR,ERR,ERR,ERR,ERR,ERR,ERR,ERR,ERR,ERR,ERR,ERR,ERR,ERR,ERR,ERR,ERR,ERR,ERR,ERR,ERR,ERR,ERR,ERR,ERR,ERR,ERR,ERR,ERR,ERR,ERR,ERR,ERR,ERR,ERR,ERR,ERR,ERR,ERR,ERR,ERR,ERR,ERR,ERR,ERR,ERR,ERR,ERR,ERR,ERR,ERR,ERR,ERR,ERR,ERR,ERR,ERR,ERR,0.0,-107616336.0,-108138544.0,-0.0,-0.0,-5.362804777433807e+34,-1.6694524135656653e+17,-2.9987905450830197e+31,4300,0,8,17169,4300,0.0,41,0.0,0.0,-0.0,0.0,-107090432.0,0,0,0,0,0.0,0,0,0,0,0,0,0,0,0,0,0,0,0,0,0,0,0,0,0,0,0,0,0,0,0,0,0,0,0,0,0,0,0,7,36,36,43,65476,360,65476,1,0,4,21553,0.0,2.7183305813883192e+23,-202646096.0,0.0,0.0,0.0,0.0,0.0,0.0,0.0,0.0,0.0,0.0,0.0,0.0,0.0,0.0,0.0,0.0,0.0,0.0,2.004,3.697062548517736e+19,-0.0,-2.004,-0.0,0.0,0.0,0.0,0.0,6646.0,-1.5879389867419013e+29,0.0,0.0,-2.7184523587222433e+23,0.0,2.7184503771384073e+23,-0.0,0.0,2.004,2.004,224,0.0,0.0,0.0,0.0,0.0,0.0,0.0,0.0,0.0,0,0,0,-0.0,0.0,0.0,-9.874803603700712e+27,2.707,-103.129,2.762848197017544e+34,748498911232.0,-0.0,-1.390964054741518e+24,-0.002,5008806400.0,0.0,0.0,0.0,-6.797514852971099e+21,0,1.3516416376850534e+27,224,0.0,448,-74360974999552.0,0.0,2114,0,17110,13107,17112,0,17096,0,0,0,101,100,100,-107615232.0,64.9,-107615240.0,64.8,-0.0,64.5,1,49,50,180,0,0,0,0,0.0,0.0,0.0,60.0,-0.0,71.0,0.0,0.0,0.0,1069,0,1070,0,0,0,1070,0,1081,0,1000,0,648,0,649,0,645,0,676,0.032,1.0551537610161864e+22,0.0,0.0,48016,16814,-0.0,-1.3187398152644198e+17,417149943808.0,0.0,-0.0,3.577496021569647e+36,50.0,60.0,35,0.0,0.0,10.0,2.0,0.0,0.0,0.0,0.0,0.0,0.0,0.0,0.0,0.0,0.0,0.0,0.0,58.8,49,14,65512,25,65476,0,300,0,0,8,20529,65476,0,0,30147,60.0,0.0,10.0,10.0,2.0,0.0
2026-02-16T12:21:20,ERR,ERR,ERR,ERR,ERR,ERR,ERR,ERR,ERR,ERR,ERR,ERR,ERR,ERR,ERR,ERR,ERR,ERR,ERR,ERR,ERR,ERR,ERR,ERR,ERR,ERR,ERR,ERR,ERR,ERR,ERR,ERR,ERR,ERR,ERR,ERR,ERR,ERR,ERR,ERR,ERR,ERR,ERR,ERR,ERR,ERR,ERR,ERR,ERR,ERR,ERR,ERR,ERR,ERR,ERR,ERR,ERR,ERR,ERR,ERR,ERR,ERR,ERR,ERR,ERR,ERR,ERR,ERR,ERR,ERR,ERR,ERR,ERR,ERR,ERR,ERR,ERR,ERR,ERR,ERR,ERR,ERR,ERR,ERR,ERR,ERR,ERR,ERR,ERR,ERR,ERR,ERR,ERR,ERR,ERR,ERR,ERR,ERR,ERR,ERR,ERR,ERR,ERR,ERR,ERR,ERR,ERR,ERR,ERR,ERR,ERR,ERR,ERR,ERR,ERR,ERR,ERR,ERR,ERR,ERR,ERR,ERR,ERR,ERR,ERR,0.0,-107616336.0,-108138544.0,-0.0,-0.0,-5.362804777433807e+34,-1.6694524135656653e+17,-2.9987905450830197e+31,4300,0,8,17169,4300,0.0,41,0.0,0.0,-0.0,0.0,-107090432.0,0,0,0,0,0.0,0,0,0,0,0,0,0,0,0,0,0,0,0,0,0,0,0,0,0,0,0,0,0,0,0,0,0,0,0,0,0,0,0,7,36,36,43,65476,360,65476,1,0,4,21553,0.0,2.7183305813883192e+23,-202646096.0,0.0,0.0,0.0,0.0,0.0,0.0,0.0,0.0,0.0,0.0,0.0,0.0,0.0,0.0,0.0,0.0,0.0,0.0,2.004,3.697062548517736e+19,-0.0,-2.004,-0.0,0.0,0.0,0.0,0.0,6646.0,-1.5879389867419013e+29,0.0,0.0,-2.7184523587222433e+23,0.0,2.7184503771384073e+23,-0.0,0.0,2.004,2.004,224,0.0,0.0,0.0,0.0,0.0,0.0,0.0,0.0,0.0,0,0,0,-0.0,0.0,0.0,-9.874803603700712e+27,2.707,-103.129,2.762848197017544e+34,748498911232.0,-0.0,-1.390964054741518e+24,-0.002,5008806400.0,0.0,0.0,0.0,-6.797514852971099e+21,0,1.3516416376850534e+27,224,0.0,448,-74360974999552.0,0.0,2114,0,17110,13107,17112,0,17096,0,0,0,101,100,100,-107615232.0,64.9,-107615240.0,64.8,-0.0,64.5,1,49,50,180,0,0,0,0,0.0,0.0,0.0,60.0,-0.0,71.0,0.0,0.0,0.0,1069,0,1070,0,0,0,1070,0,1081,0,1000,0,648,0,649,0,645,0,676,0.032,1.0551537610161864e+22,0.0,0.0,48016,16814,-0.0,-1.3187398152644198e+17,417149943808.0,0.0,-0.0,3.577496021569647e+36,50.0,60.0,35,0.0,0.0,10.0,2.0,0.0,0.0,0.0,0.0,0.0,0.0,0.0,0.0,0.0,0.0,0.0,0.0,58.8,49,14,65512,25,65476,0,300,0,0,8,20529,65476,0,0,30147,60.0,0.0,10.0,10.0,2.0,0.0
2026-02-16T12:21:21,ERR,ERR,ERR,ERR,ERR,ERR,ERR,ERR,ERR,ERR,ERR,ERR,ERR,ERR,ERR,ERR,ERR,ERR,ERR,ERR,ERR,ERR,ERR,ERR,ERR,ERR,ERR,ERR,ERR,ERR,ERR,ERR,ERR,ERR,ERR,ERR,ERR,ERR,ERR,ERR,ERR,ERR,ERR,ERR,ERR,ERR,ERR,ERR,ERR,ERR,ERR,ERR,ERR,ERR,ERR,ERR,ERR,ERR,ERR,ERR,ERR,ERR,ERR,ERR,ERR,ERR,ERR,ERR,ERR,ERR,ERR,ERR,ERR,ERR,ERR,ERR,ERR,ERR,ERR,ERR,ERR,ERR,ERR,ERR,ERR,ERR,ERR,ERR,ERR,ERR,ERR,ERR,ERR,ERR,ERR,ERR,ERR,ERR,ERR,ERR,ERR,ERR,ERR,ERR,ERR,ERR,ERR,ERR,ERR,ERR,ERR,ERR,ERR,ERR,ERR,ERR,ERR,ERR,ERR,ERR,ERR,ERR,ERR,ERR,ERR,0.0,-107616336.0,-108138544.0,-0.0,-0.0,-5.362804777433807e+34,-1.6694524135656653e+17,-2.9987905450830197e+31,4300,0,8,17169,4300,0.0,41,0.0,0.0,-0.0,0.0,-107090432.0,0,0,0,0,0.0,0,0,0,0,0,0,0,0,0,0,0,0,0,0,0,0,0,0,0,0,0,0,0,0,0,0,0,0,0,0,0,0,0,7,36,36,43,65476,360,65476,1,0,4,21553,0.0,2.7183305813883192e+23,-202646096.0,0.0,0.0,0.0,0.0,0.0,0.0,0.0,0.0,0.0,0.0,0.0,0.0,0.0,0.0,0.0,0.0,0.0,0.0,2.004,3.697062548517736e+19,-0.0,-2.004,-0.0,0.0,0.0,0.0,0.0,6646.0,-1.5879389867419013e+29,0.0,0.0,-2.7184523587222433e+23,0.0,2.7184503771384073e+23,-0.0,0.0,2.004,2.004,224,0.0,0.0,0.0,0.0,0.0,0.0,0.0,0.0,0.0,0,0,0,-0.0,0.0,0.0,-9.874803603700712e+27,2.707,-103.129,2.762848197017544e+34,748498911232.0,-0.0,-1.390964054741518e+24,-0.002,5008806400.0,0.0,0.0,0.0,-6.797514852971099e+21,0,1.3516416376850534e+27,224,0.0,448,-74360974999552.0,0.0,2114,0,17110,13107,17112,0,17096,0,0,0,101,100,100,0.0,64.4,-107615240.0,64.8,-0.0,64.5,1,49,50,180,52429,0,0,0,0.0,0.0,0.0,60.0,-0.0,71.0,0.0,-0.0,0.0,1069,0,1070,0,0,0,1070,0,1081,0,1000,0,648,0,649,0,645,0,676,0.032,1.4609821306377965e+22,0.0,0.0,30224,16814,-0.0,-0.0,0.0,-0.0,4.571476614316829e+20,340480.344,50.0,60.0,35,0.0,0.0,10.0,2.0,0.0,0.0,0.0,0.0,0.0,0.0,0.0,0.0,0.0,0.0,0.0,0.0,58.8,49,14,65513,25,65476,0,300,0,0,8,20529,65476,0,0,30147,60.0,0.0,10.0,10.0,2.0,0.0
2026-02-16T12:21:22,ERR,ERR,ERR,ERR,ERR,ERR,ERR,ERR,ERR,ERR,ERR,ERR,ERR,ERR,ERR,ERR,ERR,ERR,ERR,ERR,ERR,ERR,ERR,ERR,ERR,ERR,ERR,ERR,ERR,ERR,ERR,ERR,ERR,ERR,ERR,ERR,ERR,ERR,ERR,ERR,ERR,ERR,ERR,ERR,ERR,ERR,ERR,ERR,ERR,ERR,ERR,ERR,ERR,ERR,ERR,ERR,ERR,ERR,ERR,ERR,ERR,ERR,ERR,ERR,ERR,ERR,ERR,ERR,ERR,ERR,ERR,ERR,ERR,ERR,ERR,ERR,ERR,ERR,ERR,ERR,ERR,ERR,ERR,ERR,ERR,ERR,ERR,ERR,ERR,ERR,ERR,ERR,ERR,ERR,ERR,ERR,ERR,ERR,ERR,ERR,ERR,ERR,ERR,ERR,ERR,ERR,ERR,ERR,ERR,ERR,ERR,ERR,ERR,ERR,ERR,ERR,ERR,ERR,ERR,ERR,ERR,ERR,ERR,ERR,ERR,0.0,-107616336.0,-108138544.0,-0.0,-0.0,-5.362804777433807e+34,-1.6694524135656653e+17,-2.9987905450830197e+31,4300,0,8,17169,4300,0.0,41,0.0,0.0,-0.0,0.0,-107090432.0,0,0,0,0,0.0,0,0,0,0,0,0,0,0,0,0,0,0,0,0,0,0,0,0,0,0,0,0,0,0,0,0,0,0,0,0,0,0,0,7,36,36,43,65476,360,65476,1,0,4,21553,0.0,2.7183305813883192e+23,-202646096.0,0.0,0.0,0.0,0.0,0.0,0.0,0.0,0.0,0.0,0.0,0.0,0.0,0.0,0.0,0.0,0.0,0.0,0.0,2.004,3.697062548517736e+19,-0.0,-2.004,-0.0,0.0,0.0,0.0,0.0,6646.0,-1.5879389867419013e+29,0.0,0.0,-2.7184523587222433e+23,0.0,2.7184503771384073e+23,-0.0,0.0,2.004,2.004,224,0.0,0.0,0.0,0.0,0.0,0.0,0.0,0.0,0.0,0,0,0,-0.0,0.0,0.0,-9.874803603700712e+27,2.707,-103.129,2.762848197017544e+34,748498911232.0,-0.0,-1.390964054741518e+24,-0.002,5008806400.0,0.0,0.0,0.0,-6.797514852971099e+21,0,1.3516416376850534e+27,224,0.0,448,-74360974999552.0,0.0,2114,0,17110,13107,17112,0,17096,0,0,0,101,100,100,0.0,64.4,-107615240.0,64.8,-0.0,64.5,1,49,50,180,52429,0,0,0,0.0,0.0,0.0,60.0,-0.0,71.0,0.0,-0.0,0.0,1069,0,1070,0,0,0,1070,0,1081,0,1000,0,648,0,649,0,645,0,676,0.032,1.4609821306377965e+22,0.0,0.0,30224,16814,-0.0,-0.0,0.0,-0.0,4.571476614316829e+20,340480.344,50.0,60.0,35,0.0,0.0,10.0,2.0,0.0,0.0,0.0,0.0,0.0,0.0,0.0,0.0,0.0,0.0,0.0,0.0,58.8,49,14,65513,25,65476,0,300,0,0,8,20529,65476,0,0,30147,60.0,0.0,10.0,10.0,2.0,0.0
2026-02-16T12:21:23,ERR,ERR,ERR,ERR,ERR,ERR,ERR,ERR,ERR,ERR,ERR,ERR,ERR,ERR,ERR,ERR,ERR,ERR,ERR,ERR,ERR,ERR,ERR,ERR,ERR,ERR,ERR,ERR,ERR,ERR,ERR,ERR,ERR,ERR,ERR,ERR,ERR,ERR,ERR,ERR,ERR,ERR,ERR,ERR,ERR,ERR,ERR,ERR,ERR,ERR,ERR,ERR,ERR,ERR,ERR,ERR,ERR,ERR,ERR,ERR,ERR,ERR,ERR,ERR,ERR,ERR,ERR,ERR,ERR,ERR,ERR,ERR,ERR,ERR,ERR,ERR,ERR,ERR,ERR,ERR,ERR,ERR,ERR,ERR,ERR,ERR,ERR,ERR,ERR,ERR,ERR,ERR,ERR,ERR,ERR,ERR,ERR,ERR,ERR,ERR,ERR,ERR,ERR,ERR,ERR,ERR,ERR,ERR,ERR,ERR,ERR,ERR,ERR,ERR,ERR,ERR,ERR,ERR,ERR,ERR,ERR,ERR,ERR,ERR,ERR,0.0,-107616336.0,-108138544.0,-0.0,-0.0,-5.362804777433807e+34,-1.6694524135656653e+17,-2.9987905450830197e+31,4300,0,8,17169,4300,0.0,41,0.0,0.0,-0.0,0.0,-107090432.0,0,0,0,0,0.0,0,0,0,0,0,0,0,0,0,0,0,0,0,0,0,0,0,0,0,0,0,0,0,0,0,0,0,0,0,0,0,0,0,7,36,36,43,65476,360,65476,1,0,4,21553,0.0,2.7183305813883192e+23,-202646096.0,0.0,0.0,0.0,0.0,0.0,0.0,0.0,0.0,0.0,0.0,0.0,0.0,0.0,0.0,0.0,0.0,0.0,0.0,2.004,3.697062548517736e+19,-0.0,-2.004,-0.0,0.0,0.0,0.0,0.0,6646.0,-1.5879389867419013e+29,0.0,0.0,-2.7184523587222433e+23,0.0,2.7184503771384073e+23,-0.0,0.0,2.004,2.004,224,0.0,0.0,0.0,0.0,0.0,0.0,0.0,0.0,0.0,0,0,0,-0.0,0.0,0.0,-9.874803603700712e+27,2.707,-103.129,2.762848197017544e+34,748498911232.0,-0.0,-1.390964054741518e+24,-0.002,5008806400.0,0.0,0.0,0.0,-6.797514852971099e+21,0,1.3516416376850534e+27,224,0.0,448,-74360974999552.0,0.0,2114,0,17110,13107,17112,0,17096,0,0,0,101,100,100,0.0,64.4,-107615240.0,64.8,-0.0,64.5,1,49,50,180,52429,0,0,0,0.0,0.0,0.0,60.0,-0.0,71.0,0.0,-0.0,0.0,1069,0,1070,0,0,0,1070,0,1081,0,1000,0,648,0,649,0,645,0,676,0.032,1.4609821306377965e+22,0.0,0.0,30224,16814,-0.0,-0.0,0.0,-0.0,4.571476614316829e+20,340480.344,50.0,60.0,35,0.0,0.0,10.0,2.0,0.0,0.0,0.0,0.0,0.0,0.0,0.0,0.0,0.0,0.0,0.0,0.0,58.8,49,14,65513,25,65476,0,300,0,0,8,20529,65476,0,0,30147,60.0,0.0,10.0,10.0,2.0,0.0
2026-02-16T12:21:24,ERR,ERR,ERR,ERR,ERR,ERR,ERR,ERR,ERR,ERR,ERR,ERR,ERR,ERR,ERR,ERR,ERR,ERR,ERR,ERR,ERR,ERR,ERR,ERR,ERR,ERR,ERR,ERR,ERR,ERR,ERR,ERR,ERR,ERR,ERR,ERR,ERR,ERR,ERR,ERR,ERR,ERR,ERR,ERR,ERR,ERR,ERR,ERR,ERR,ERR,ERR,ERR,ERR,ERR,ERR,ERR,ERR,ERR,ERR,ERR,ERR,ERR,ERR,ERR,ERR,ERR,ERR,ERR,ERR,ERR,ERR,ERR,ERR,ERR,ERR,ERR,ERR,ERR,ERR,ERR,ERR,ERR,ERR,ERR,ERR,ERR,ERR,ERR,ERR,ERR,ERR,ERR,ERR,ERR,ERR,ERR,ERR,ERR,ERR,ERR,ERR,ERR,ERR,ERR,ERR,ERR,ERR,ERR,ERR,ERR,ERR,ERR,ERR,ERR,ERR,ERR,ERR,ERR,ERR,ERR,ERR,ERR,ERR,ERR,ERR,0.0,-2.7184523587222433e+23,0.0,-0.0,-3.950258854565486e+28,-9.814485320914593e+19,-0.0,9.065762991507811e+36,4300,0,8,17169,4300,0.0,41,0.0,0.0,-0.0,0.0,-107090432.0,0,0,0,0,0.0,0,0,0,0,0,0,0,0,0,0,0,0,0,0,0,0,0,0,0,0,0,0,0,0,0,0,0,0,0,0,0,0,0,7,36,36,43,65476,358,65476,1,0,4,21553,0.0,0.0,-6.928910207565959e+25,0.0,0.0,0.0,0.0,0.0,0.0,0.0,0.0,0.0,0.0,0.0,0.0,0.0,0.0,0.0,0.0,0.0,0.0,2.004,3.697062548517736e+19,-0.0,-0.0,-0.0,0.0,0.0,0.0,0.0,6675.0,0.0,0.0,0.0,-2.7184523587222433e+23,-107616232.0,0.0,0.0,0.0,2.004,2.004,224,-2.308827523576129e+20,0.0,0.0,0.0,0.0,0.0,0.0,0.0,0.0,0,0,0,-0.007,-8.366053555497068e+27,3.043637164244992e+16,-106975649792.0,1.0573848705499136e+16,-0.0,2.2688180976070566e+29,-1796808426651648.0,0.0,-1.523190316261868e+24,-0.002,5411459584.0,0.0,0.0,0.0,0.0,0,1.3516416376850534e+27,224,0.0,448,0.0,-0.0,2114,0,17110,13107,17112,0,17096,0,0,0,101,100,100,0.0,64.9,-107615240.0,64.8,-0.0,64.5,1,49,50,180,52429,0,0,0,0.0,0.0,0.0,60.0,-0.0,71.0,0.0,-0.0,0.0,1069,0,1070,0,0,0,1070,0,1081,0,1000,0,648,0,649,0,645,0,675,0.032,1.0551537610161864e+22,0.0,0.0,38288,16814,-0.0,-0.0,0.0,-0.0,5.137885015592613e+19,63296.043,50.0,60.0,35,0.0,0.0,10.0,2.0,0.0,0.0,0.0,0.0,0.0,0.0,0.0,0.0,0.0,0.0,0.0,0.0,58.8,49,14,65513,25,65476,0,300,0,0,8,20529,65476,0,0,30147,60.0,0.0,10.0,10.0,2.0,0.0
2026-02-16T12:21:25,ERR,ERR,ERR,ERR,ERR,ERR,ERR,ERR,ERR,ERR,ERR,ERR,ERR,ERR,ERR,ERR,ERR,ERR,ERR,ERR,ERR,ERR,ERR,ERR,ERR,ERR,ERR,ERR,ERR,ERR,ERR,ERR,ERR,ERR,ERR,ERR,ERR,ERR,ERR,ERR,ERR,ERR,ERR,ERR,ERR,ERR,ERR,ERR,ERR,ERR,ERR,ERR,ERR,ERR,ERR,ERR,ERR,ERR,ERR,ERR,ERR,ERR,ERR,ERR,ERR,ERR,ERR,ERR,ERR,ERR,ERR,ERR,ERR,ERR,ERR,ERR,ERR,ERR,ERR,ERR,ERR,ERR,ERR,ERR,ERR,ERR,ERR,ERR,ERR,ERR,ERR,ERR,ERR,ERR,ERR,ERR,ERR,ERR,ERR,ERR,ERR,ERR,ERR,ERR,ERR,ERR,ERR,ERR,ERR,ERR,ERR,ERR,ERR,ERR,ERR,ERR,ERR,ERR,ERR,ERR,ERR,ERR,ERR,ERR,ERR,0.0,-2.7184523587222433e+23,0.0,-0.0,-3.950258854565486e+28,-9.814485320914593e+19,-0.0,9.065762991507811e+36,4300,0,8,17169,4300,0.0,41,0.0,0.0,-0.0,0.0,-107090432.0,0,0,0,0,0.0,0,0,0,0,0,0,0,0,0,0,0,0,0,0,0,0,0,0,0,0,0,0,0,0,0,0,0,0,0,0,0,0,0,7,36,36,43,65476,358,65476,1,0,4,21553,0.0,0.0,-6.928910207565959e+25,0.0,0.0,0.0,0.0,0.0,0.0,0.0,0.0,0.0,0.0,0.0,0.0,0.0,0.0,0.0,0.0,0.0,0.0,2.004,3.697062548517736e+19,-0.0,-0.0,-0.0,0.0,0.0,0.0,0.0,6675.0,0.0,0.0,0.0,-2.7184523587222433e+23,-107616232.0,0.0,0.0,0.0,2.004,2.004,224,-2.308827523576129e+20,0.0,0.0,0.0,0.0,0.0,0.0,0.0,0.0,0,0,0,-0.007,-8.366053555497068e+27,3.043637164244992e+16,-106975649792.0,1.0573848705499136e+16,-0.0,2.2688180976070566e+29,-1796808426651648.0,0.0,-1.523190316261868e+24,-0.002,5411459584.0,0.0,0.0,0.0,0.0,0,1.3516416376850534e+27,224,0.0,448,0.0,-0.0,2114,0,17110,13107,17112,0,17096,0,0,0,101,100,100,0.0,64.9,-107615240.0,64.8,-0.0,64.5,1,49,50,180,52429,0,0,0,0.0,0.0,0.0,60.0,-0.0,71.0,0.0,-0.0,0.0,1069,0,1070,0,0,0,1070,0,1081,0,1000,0,648,0,649,0,645,0,675,0.032,1.0551537610161864e+22,0.0,0.0,38288,16814,-0.0,-0.0,0.0,-0.0,5.137885015592613e+19,63296.043,50.0,60.0,35,0.0,0.0,10.0,2.0,0.0,0.0,0.0,0.0,0.0,0.0,0.0,0.0,0.0,0.0,0.0,0.0,58.8,49,14,65513,25,65476,0,300,0,0,8,20529,65476,0,0,30147,60.0,0.0,10.0,10.0,2.0,0.0
2026-02-16T12:21:26,ERR,ERR,ERR,ERR,ERR,ERR,ERR,ERR,ERR,ERR,ERR,ERR,ERR,ERR,ERR,ERR,ERR,ERR,ERR,ERR,ERR,ERR,ERR,ERR,ERR,ERR,ERR,ERR,ERR,ERR,ERR,ERR,ERR,ERR,ERR,ERR,ERR,ERR,ERR,ERR,ERR,ERR,ERR,ERR,ERR,ERR,ERR,ERR,ERR,ERR,ERR,ERR,ERR,ERR,ERR,ERR,ERR,ERR,ERR,ERR,ERR,ERR,ERR,ERR,ERR,ERR,ERR,ERR,ERR,ERR,ERR,ERR,ERR,ERR,ERR,ERR,ERR,ERR,ERR,ERR,ERR,ERR,ERR,ERR,ERR,ERR,ERR,ERR,ERR,ERR,ERR,ERR,ERR,ERR,ERR,ERR,ERR,ERR,ERR,ERR,ERR,ERR,ERR,ERR,ERR,ERR,ERR,ERR,ERR,ERR,ERR,ERR,ERR,ERR,ERR,ERR,ERR,ERR,ERR,ERR,ERR,ERR,ERR,ERR,ERR,0.0,-2.7184523587222433e+23,0.0,-0.0,-3.950258854565486e+28,-9.814485320914593e+19,-0.0,9.065762991507811e+36,4300,0,8,17169,4300,0.0,41,0.0,0.0,-0.0,0.0,-107090432.0,0,0,0,0,0.0,0,0,0,0,0,0,0,0,0,0,0,0,0,0,0,0,0,0,0,0,0,0,0,0,0,0,0,0,0,0,0,0,0,7,36,36,43,65476,358,65476,1,0,4,21553,0.0,0.0,-6.928910207565959e+25,0.0,0.0,0.0,0.0,0.0,0.0,0.0,0.0,0.0,0.0,0.0,0.0,0.0,0.0,0.0,0.0,0.0,0.0,2.004,3.697062548517736e+19,-0.0,-0.0,-0.0,0.0,0.0,0.0,0.0,6675.0,0.0,0.0,0.0,-2.7184523587222433e+23,-107616232.0,0.0,0.0,0.0,2.004,2.004,224,-2.308827523576129e+20,0.0,0.0,0.0,0.0,0.0,0.0,0.0,0.0,0,0,0,-0.007,-8.366053555497068e+27,3.043637164244992e+16,-106975649792.0,1.0573848705499136e+16,-0.0,2.2688180976070566e+29,-1796808426651648.0,0.0,-1.523190316261868e+24,-0.002,5411459584.0,0.0,0.0,0.0,0.0,0,1.3516416376850534e+27,224,0.0,448,0.0,-0.0,2114,0,17110,13107,17112,0,17096,0,0,0,101,100,100,0.0,64.9,-107615240.0,64.8,-0.0,64.5,1,49,50,180,52429,0,0,0,0.0,0.0,0.0,60.0,-0.0,71.0,0.0,-0.0,0.0,1069,0,1070,0,0,0,1070,0,1081,0,1000,0,648,0,649,0,645,0,675,0.032,1.0551537610161864e+22,0.0,0.0,38288,16814,-0.0,-0.0,0.0,-0.0,5.137885015592613e+19,63296.043,50.0,60.0,35,0.0,0.0,10.0,2.0,0.0,0.0,0.0,0.0,0.0,0.0,0.0,0.0,0.0,0.0,0.0,0.0,59.2,49,14,65513,25,65476,0,300,0,0,8,20529,65476,0,0,30147,60.0,0.0,10.0,10.0,2.0,0.0
2026-02-16T12:21:27,ERR,ERR,ERR,ERR,ERR,ERR,ERR,ERR,ERR,ERR,ERR,ERR,ERR,ERR,ERR,ERR,ERR,ERR,ERR,ERR,ERR,ERR,ERR,ERR,ERR,ERR,ERR,ERR,ERR,ERR,ERR,ERR,ERR,ERR,ERR,ERR,ERR,ERR,ERR,ERR,ERR,ERR,ERR,ERR,ERR,ERR,ERR,ERR,ERR,ERR,ERR,ERR,ERR,ERR,ERR,ERR,ERR,ERR,ERR,ERR,ERR,ERR,ERR,ERR,ERR,ERR,ERR,ERR,ERR,ERR,ERR,ERR,ERR,ERR,ERR,ERR,ERR,ERR,ERR,ERR,ERR,ERR,ERR,ERR,ERR,ERR,ERR,ERR,ERR,ERR,ERR,ERR,ERR,ERR,ERR,ERR,ERR,ERR,ERR,ERR,ERR,ERR,ERR,ERR,ERR,ERR,ERR,ERR,ERR,ERR,ERR,ERR,ERR,ERR,ERR,ERR,ERR,ERR,ERR,ERR,ERR,ERR,ERR,ERR,ERR,0.0,-2.7184523587222433e+23,0.0,-0.0,-3.950258854565486e+28,-9.814485320914593e+19,-0.0,9.065762991507811e+36,4300,0,8,17169,4300,0.0,41,0.0,0.0,-0.0,0.0,-107090432.0,0,0,0,0,0.0,0,0,0,0,0,0,0,0,0,0,0,0,0,0,0,0,0,0,0,0,0,0,0,0,0,0,0,0,0,0,0,0,0,7,36,36,43,65476,358,65476,1,0,4,21553,0.0,0.0,-6.928910207565959e+25,0.0,0.0,0.0,0.0,0.0,0.0,0.0,0.0,0.0,0.0,0.0,0.0,0.0,0.0,0.0,0.0,0.0,0.0,2.004,3.697062548517736e+19,-0.0,-0.0,-0.0,0.0,0.0,0.0,0.0,6675.0,0.0,0.0,0.0,-2.7184523587222433e+23,-107616232.0,0.0,0.0,0.0,2.004,2.004,224,-2.308827523576129e+20,0.0,0.0,0.0,0.0,0.0,0.0,0.0,0.0,0,0,0,-0.007,-8.366053555497068e+27,3.043637164244992e+16,-106975649792.0,1.0573848705499136e+16,-0.0,2.2688180976070566e+29,-1796808426651648.0,0.0,-1.523190316261868e+24,-0.002,5411459584.0,0.0,0.0,0.0,0.0,0,1.3516416376850534e+27,224,0.0,448,0.0,-0.0,2114,0,17110,13107,17112,0,17096,0,0,0,101,100,100,0.0,64.9,-107615240.0,64.8,-0.0,64.5,1,49,50,180,52429,0,0,0,0.0,0.0,0.0,60.0,-0.0,71.0,0.0,-0.0,0.0,1069,0,1070,0,0,0,1070,0,1081,0,1000,0,648,0,649,0,645,0,675,0.032,1.0551537610161864e+22,0.0,0.0,38288,16814,-0.0,-0.0,0.0,-0.0,5.137885015592613e+19,63296.043,50.0,60.0,35,0.0,0.0,10.0,2.0,0.0,0.0,0.0,0.0,0.0,0.0,0.0,0.0,0.0,0.0,0.0,0.0,59.2,49,14,65513,25,65476,0,300,0,0,8,20529,65476,0,0,30147,60.0,0.0,10.0,10.0,2.0,0.0
2026-02-16T12:21:28,ERR,ERR,ERR,ERR,ERR,ERR,ERR,ERR,ERR,ERR,ERR,ERR,ERR,ERR,ERR,ERR,ERR,ERR,ERR,ERR,ERR,ERR,ERR,ERR,ERR,ERR,ERR,ERR,ERR,ERR,ERR,ERR,ERR,ERR,ERR,ERR,ERR,ERR,ERR,ERR,ERR,ERR,ERR,ERR,ERR,ERR,ERR,ERR,ERR,ERR,ERR,ERR,ERR,ERR,ERR,ERR,ERR,ERR,ERR,ERR,ERR,ERR,ERR,ERR,ERR,ERR,ERR,ERR,ERR,ERR,ERR,ERR,ERR,ERR,ERR,ERR,ERR,ERR,ERR,ERR,ERR,ERR,ERR,ERR,ERR,ERR,ERR,ERR,ERR,ERR,ERR,ERR,ERR,ERR,ERR,ERR,ERR,ERR,ERR,ERR,ERR,ERR,ERR,ERR,ERR,ERR,ERR,ERR,ERR,ERR,ERR,ERR,ERR,ERR,ERR,ERR,ERR,ERR,ERR,ERR,ERR,ERR,ERR,ERR,ERR,0.0,-2.7184523587222433e+23,0.0,-0.0,-3.950258854565486e+28,-9.814485320914593e+19,-0.0,9.065762991507811e+36,4300,0,8,17169,4300,0.0,41,0.0,0.0,-0.0,0.0,-107090432.0,0,0,0,0,0.0,0,0,0,0,0,0,0,0,0,0,0,0,0,0,0,0,0,0,0,0,0,0,0,0,0,0,0,0,0,0,0,0,0,7,36,36,43,65476,358,65476,1,0,4,21553,0.0,0.0,-6.928910207565959e+25,0.0,0.0,0.0,0.0,0.0,0.0,0.0,0.0,0.0,0.0,0.0,0.0,0.0,0.0,0.0,0.0,0.0,0.0,2.004,3.697062548517736e+19,-0.0,-0.0,-0.0,0.0,0.0,0.0,0.0,6675.0,0.0,0.0,0.0,-2.7184523587222433e+23,-107616232.0,0.0,0.0,0.0,2.004,2.004,224,-2.308827523576129e+20,0.0,0.0,0.0,0.0,0.0,0.0,0.0,0.0,0,0,0,-0.007,-8.366053555497068e+27,3.043637164244992e+16,-106975649792.0,1.0573848705499136e+16,-0.0,2.2688180976070566e+29,-1796808426651648.0,0.0,-1.523190316261868e+24,-0.002,5411459584.0,0.0,0.0,0.0,0.0,0,1.3516416376850534e+27,224,0.0,448,0.0,-0.0,2114,0,17110,13107,17112,0,17096,0,0,0,101,100,100,0.0,64.9,-107615240.0,64.8,-0.0,64.5,1,49,50,180,52429,0,0,0,0.0,0.0,0.0,60.0,-0.0,71.0,0.0,4.963448111572462e+20,0.0,1069,0,1070,0,0,0,1070,0,1081,0,1000,0,648,0,649,0,645,0,675,0.032,1.4462247353788288e+22,-2.004,0.0,26768,16814,-0.0,-389788414771200.0,0.0,-0.0,7.440326401031863e+29,2649997705216.0,50.0,60.0,35,0.0,0.0,10.0,2.0,0.0,0.0,0.0,0.0,0.0,0.0,0.0,0.0,0.0,0.0,0.0,0.0,58.8,49,14,65513,25,65476,0,300,0,0,8,20529,65476,0,0,30147,60.0,0.0,10.0,10.0,2.0,0.0
2026-02-16T12:21:29,ERR,ERR,ERR,ERR,ERR,ERR,ERR,ERR,ERR,ERR,ERR,ERR,ERR,ERR,ERR,ERR,ERR,ERR,ERR,ERR,ERR,ERR,ERR,ERR,ERR,ERR,ERR,ERR,ERR,ERR,ERR,ERR,ERR,ERR,ERR,ERR,ERR,ERR,ERR,ERR,ERR,ERR,ERR,ERR,ERR,ERR,ERR,ERR,ERR,ERR,ERR,ERR,ERR,ERR,ERR,ERR,ERR,ERR,ERR,ERR,ERR,ERR,ERR,ERR,ERR,ERR,ERR,ERR,ERR,ERR,ERR,ERR,ERR,ERR,ERR,ERR,ERR,ERR,ERR,ERR,ERR,ERR,ERR,ERR,ERR,ERR,ERR,ERR,ERR,ERR,ERR,ERR,ERR,ERR,ERR,ERR,ERR,ERR,ERR,ERR,ERR,ERR,ERR,ERR,ERR,ERR,ERR,ERR,ERR,ERR,ERR,ERR,ERR,ERR,ERR,ERR,ERR,ERR,ERR,ERR,ERR,ERR,ERR,ERR,ERR,0.0,-2.7184523587222433e+23,0.0,-0.0,-3.950258854565486e+28,-0.0,8.475883403676599e+26,-0.0,4300,0,8,17169,4300,0.0,42,0.0,0.0,2.7183363459958422e+23,0.0,-0.0,0,0,0,0,0.0,0,0,0,0,0,0,0,0,0,0,0,0,0,0,0,0,0,0,0,0,0,0,0,0,0,0,0,0,0,0,0,0,0,7,36,36,43,65476,358,65476,1,0,4,21553,0.0,2.7183305813883192e+23,0.0,0.0,0.0,0.0,0.0,0.0,0.0,0.0,0.0,0.0,0.0,0.0,0.0,0.0,0.0,0.0,0.0,0.0,0.0,2.004,3.697062548517736e+19,-0.0,-0.0,-0.0,0.0,0.0,0.0,0.0,6671.0,0.0,0.0,0.0,-2.7184523587222433e+23,-107616232.0,2.7184503771384073e+23,0.0,0.0,2.004,2.004,224,-0.0,0.0,0.0,0.0,0.0,0.0,0.0,0.0,0.0,0,0,0,-213.263,-0.0,1.2120501648345197e+22,-3.794476248436961e+29,8.568703022467645e+17,-0.0,0.0,-1.5990881073642007e+26,0.0,-1.6365271118507396e+24,-0.002,5847667200.0,0.0,0.0,0.0,-1.6895004563594142e+34,0,1.3516416376850534e+27,224,0.0,448,-74360974999552.0,-0.0,2114,0,17110,13107,17112,0,17096,0,0,0,101,100,100,0.0,64.9,-107615240.0,64.8,-0.0,64.5,1,49,50,180,52429,0,0,0,0.0,0.0,0.0,60.0,-0.0,71.0,0.0,4.963448111572462e+20,0.0,1069,0,1070,0,0,0,1070,0,1081,0,1000,0,648,0,649,0,645,0,675,0.032,1.4462247353788288e+22,-2.004,0.0,26768,16814,-0.0,-389788414771200.0,0.0,-0.0,7.440326401031863e+29,2649997705216.0,50.0,60.0,35,0.0,0.0,10.0,2.0,0.0,0.0,0.0,0.0,0.0,0.0,0.0,0.0,0.0,0.0,0.0,0.0,58.8,49,14,65513,25,65476,0,300,0,0,8,20529,65476,0,0,30147,60.0,0.0,10.0,10.0,2.0,0.0
2026-02-16T12:21:30,ERR,ERR,ERR,ERR,ERR,ERR,ERR,ERR,ERR,ERR,ERR,ERR,ERR,ERR,ERR,ERR,ERR,ERR,ERR,ERR,ERR,ERR,ERR,ERR,ERR,ERR,ERR,ERR,ERR,ERR,ERR,ERR,ERR,ERR,ERR,ERR,ERR,ERR,ERR,ERR,ERR,ERR,ERR,ERR,ERR,ERR,ERR,ERR,ERR,ERR,ERR,ERR,ERR,ERR,ERR,ERR,ERR,ERR,ERR,ERR,ERR,ERR,ERR,ERR,ERR,ERR,ERR,ERR,ERR,ERR,ERR,ERR,ERR,ERR,ERR,ERR,ERR,ERR,ERR,ERR,ERR,ERR,ERR,ERR,ERR,ERR,ERR,ERR,ERR,ERR,ERR,ERR,ERR,ERR,ERR,ERR,ERR,ERR,ERR,ERR,ERR,ERR,ERR,ERR,ERR,ERR,ERR,ERR,ERR,ERR,ERR,ERR,ERR,ERR,ERR,ERR,ERR,ERR,ERR,ERR,ERR,ERR,ERR,ERR,ERR,0.0,-2.7184523587222433e+23,0.0,-0.0,-3.950258854565486e+28,-0.0,8.475883403676599e+26,-0.0,4300,0,8,17169,4300,0.0,42,0.0,0.0,2.7183363459958422e+23,0.0,-0.0,0,0,0,0,0.0,0,0,0,0,0,0,0,0,0,0,0,0,0,0,0,0,0,0,0,0,0,0,0,0,0,0,0,0,0,0,0,0,0,7,36,36,43,65476,358,65476,1,0,4,21553,0.0,2.7183305813883192e+23,0.0,0.0,0.0,0.0,0.0,0.0,0.0,0.0,0.0,0.0,0.0,0.0,0.0,0.0,0.0,0.0,0.0,0.0,0.0,2.004,3.697062548517736e+19,-0.0,-0.0,-0.0,0.0,0.0,0.0,0.0,6671.0,0.0,0.0,0.0,-2.7184523587222433e+23,-107616232.0,2.7184503771384073e+23,0.0,0.0,2.004,2.004,224,-0.0,0.0,0.0,0.0,0.0,0.0,0.0,0.0,0.0,0,0,0,-213.263,-0.0,1.2120501648345197e+22,-3.794476248436961e+29,8.568703022467645e+17,-0.0,0.0,-1.5990881073642007e+26,0.0,-1.6365271118507396e+24,-0.002,5847667200.0,0.0,0.0,0.0,-1.6895004563594142e+34,0,1.3516416376850534e+27,224,0.0,448,-74360974999552.0,-0.0,2114,0,17110,13107,17112,0,17096,0,0,0,101,100,100,0.0,64.9,-107615240.0,64.8,-0.0,64.5,1,49,50,180,52429,0,0,0,0.0,0.0,0.0,60.0,-0.0,71.0,0.0,4.963448111572462e+20,0.0,1069,0,1070,0,0,0,1070,0,1081,0,1000,0,648,0,649,0,645,0,675,0.032,1.4462247353788288e+22,-2.004,0.0,26768,16814,-0.0,-389788414771200.0,0.0,-0.0,7.440326401031863e+29,2649997705216.0,50.0,60.0,35,0.0,0.0,10.0,2.0,0.0,0.0,0.0,0.0,0.0,0.0,0.0,0.0,0.0,0.0,0.0,0.0,59.2,49,14,65513,25,65476,0,300,0,0,8,20529,65476,0,0,30147,60.0,0.0,10.0,10.0,2.0,0.0
2026-02-16T12:21:31,ERR,ERR,ERR,ERR,ERR,ERR,ERR,ERR,ERR,ERR,ERR,ERR,ERR,ERR,ERR,ERR,ERR,ERR,ERR,ERR,ERR,ERR,ERR,ERR,ERR,ERR,ERR,ERR,ERR,ERR,ERR,ERR,ERR,ERR,ERR,ERR,ERR,ERR,ERR,ERR,ERR,ERR,ERR,ERR,ERR,ERR,ERR,ERR,ERR,ERR,ERR,ERR,ERR,ERR,ERR,ERR,ERR,ERR,ERR,ERR,ERR,ERR,ERR,ERR,ERR,ERR,ERR,ERR,ERR,ERR,ERR,ERR,ERR,ERR,ERR,ERR,ERR,ERR,ERR,ERR,ERR,ERR,ERR,ERR,ERR,ERR,ERR,ERR,ERR,ERR,ERR,ERR,ERR,ERR,ERR,ERR,ERR,ERR,ERR,ERR,ERR,ERR,ERR,ERR,ERR,ERR,ERR,ERR,ERR,ERR,ERR,ERR,ERR,ERR,ERR,ERR,ERR,ERR,ERR,ERR,ERR,ERR,ERR,ERR,ERR,0.0,-2.7184523587222433e+23,0.0,-0.0,-3.950258854565486e+28,-0.0,8.475883403676599e+26,-0.0,4300,0,8,17169,4300,0.0,42,0.0,0.0,2.7183363459958422e+23,0.0,-0.0,0,0,0,0,0.0,0,0,0,0,0,0,0,0,0,0,0,0,0,0,0,0,0,0,0,0,0,0,0,0,0,0,0,0,0,0,0,0,0,7,36,36,43,65476,358,65476,1,0,4,21553,0.0,2.7183305813883192e+23,0.0,0.0,0.0,0.0,0.0,0.0,0.0,0.0,0.0,0.0,0.0,0.0,0.0,0.0,0.0,0.0,0.0,0.0,0.0,2.004,3.697062548517736e+19,-0.0,-0.0,-0.0,0.0,0.0,0.0,0.0,6671.0,0.0,0.0,0.0,-2.7184523587222433e+23,-107616232.0,2.7184503771384073e+23,0.0,0.0,2.004,2.004,224,-0.0,0.0,0.0,0.0,0.0,0.0,0.0,0.0,0.0,0,0,0,-213.263,-0.0,1.2120501648345197e+22,-3.794476248436961e+29,8.568703022467645e+17,-0.0,0.0,-1.5990881073642007e+26,0.0,-1.6365271118507396e+24,-0.002,5847667200.0,0.0,0.0,0.0,-1.6895004563594142e+34,0,1.3516416376850534e+27,224,0.0,448,-74360974999552.0,-0.0,2114,0,17110,13107,17112,0,17096,0,0,0,101,100,100,0.0,64.9,-107615240.0,64.8,-0.0,64.5,1,49,50,180,52429,0,0,0,0.0,0.0,0.0,60.0,-0.0,71.0,0.0,-0.0,0.0,1069,0,1070,0,0,0,1070,0,1081,0,1000,0,648,0,649,0,645,0,675,0.032,1.0625324586456702e+22,-2.004,0.0,46096,16814,-0.0,-0.0,-6.156005916707775e+37,-3.798070762687994e+30,11280.396,0.0,50.0,60.0,35,0.0,0.0,10.0,2.0,0.0,0.0,0.0,0.0,0.0,0.0,0.0,0.0,0.0,0.0,0.0,0.0,58.8,49,14,65513,25,65476,0,300,0,0,8,20529,65476,0,0,30147,60.0,0.0,10.0,10.0,2.0,0.0
2026-02-16T12:21:32,ERR,ERR,ERR,ERR,ERR,ERR,ERR,ERR,ERR,ERR,ERR,ERR,ERR,ERR,ERR,ERR,ERR,ERR,ERR,ERR,ERR,ERR,ERR,ERR,ERR,ERR,ERR,ERR,ERR,ERR,ERR,ERR,ERR,ERR,ERR,ERR,ERR,ERR,ERR,ERR,ERR,ERR,ERR,ERR,ERR,ERR,ERR,ERR,ERR,ERR,ERR,ERR,ERR,ERR,ERR,ERR,ERR,ERR,ERR,ERR,ERR,ERR,ERR,ERR,ERR,ERR,ERR,ERR,ERR,ERR,ERR,ERR,ERR,ERR,ERR,ERR,ERR,ERR,ERR,ERR,ERR,ERR,ERR,ERR,ERR,ERR,ERR,ERR,ERR,ERR,ERR,ERR,ERR,ERR,ERR,ERR,ERR,ERR,ERR,ERR,ERR,ERR,ERR,ERR,ERR,ERR,ERR,ERR,ERR,ERR,ERR,ERR,ERR,ERR,ERR,ERR,ERR,ERR,ERR,ERR,ERR,ERR,ERR,ERR,ERR,0.0,-2.7184523587222433e+23,0.0,-0.0,-3.950258854565486e+28,-0.0,8.475883403676599e+26,-0.0,4300,0,8,17169,4300,0.0,42,0.0,0.0,2.7183363459958422e+23,0.0,-0.0,0,0,0,0,0.0,0,0,0,0,0,0,0,0,0,0,0,0,0,0,0,0,0,0,0,0,0,0,0,0,0,0,0,0,0,0,0,0,0,7,36,36,43,65476,358,65476,1,0,4,21553,0.0,2.7183305813883192e+23,0.0,0.0,0.0,0.0,0.0,0.0,0.0,0.0,0.0,0.0,0.0,0.0,0.0,0.0,0.0,0.0,0.0,0.0,0.0,2.004,3.697062548517736e+19,-0.0,-0.0,-0.0,0.0,0.0,0.0,0.0,6671.0,0.0,0.0,0.0,-2.7184523587222433e+23,-107616232.0,2.7184503771384073e+23,0.0,0.0,2.004,2.004,224,-0.0,0.0,0.0,0.0,0.0,0.0,0.0,0.0,0.0,0,0,0,-213.263,-0.0,1.2120501648345197e+22,-3.794476248436961e+29,8.568703022467645e+17,-0.0,0.0,-1.5990881073642007e+26,0.0,-1.6365271118507396e+24,-0.002,5847667200.0,0.0,0.0,0.0,-1.6895004563594142e+34,0,1.3516416376850534e+27,224,0.0,448,-74360974999552.0,-0.0,2114,0,17110,13107,17112,0,17096,0,0,0,101,100,100,0.0,64.9,-107615240.0,64.8,-0.0,64.5,1,49,50,180,52429,0,0,0,0.0,0.0,0.0,60.0,-0.0,71.0,0.0,-0.0,0.0,1069,0,1070,0,0,0,1070,0,1081,0,1000,0,648,0,649,0,645,0,675,0.032,1.0625324586456702e+22,-2.004,0.0,46096,16814,-0.0,-0.0,-6.156005916707775e+37,-3.798070762687994e+30,11280.396,0.0,50.0,60.0,35,0.0,0.0,10.0,2.0,0.0,0.0,0.0,0.0,0.0,0.0,0.0,0.0,0.0,0.0,0.0,0.0,58.8,49,14,65513,25,65476,0,300,0,0,8,20529,65476,0,0,30147,60.0,0.0,10.0,10.0,2.0,0.0
2026-02-16T12:21:33,ERR,ERR,ERR,ERR,ERR,ERR,ERR,ERR,ERR,ERR,ERR,ERR,ERR,ERR,ERR,ERR,ERR,ERR,ERR,ERR,ERR,ERR,ERR,ERR,ERR,ERR,ERR,ERR,ERR,ERR,ERR,ERR,ERR,ERR,ERR,ERR,ERR,ERR,ERR,ERR,ERR,ERR,ERR,ERR,ERR,ERR,ERR,ERR,ERR,ERR,ERR,ERR,ERR,ERR,ERR,ERR,ERR,ERR,ERR,ERR,ERR,ERR,ERR,ERR,ERR,ERR,ERR,ERR,ERR,ERR,ERR,ERR,ERR,ERR,ERR,ERR,ERR,ERR,ERR,ERR,ERR,ERR,ERR,ERR,ERR,ERR,ERR,ERR,ERR,ERR,ERR,ERR,ERR,ERR,ERR,ERR,ERR,ERR,ERR,ERR,ERR,ERR,ERR,ERR,ERR,ERR,ERR,ERR,ERR,ERR,ERR,ERR,ERR,ERR,ERR,ERR,ERR,ERR,ERR,ERR,ERR,ERR,ERR,ERR,ERR,0.0,-2.7184523587222433e+23,0.0,-0.0,-3.950258854565486e+28,-0.0,8.475883403676599e+26,-0.0,4300,0,8,17169,4300,0.0,42,0.0,0.0,2.7183363459958422e+23,0.0,-0.0,0,0,0,0,0.0,0,0,0,0,0,0,0,0,0,0,0,0,0,0,0,0,0,0,0,0,0,0,0,0,0,0,0,0,0,0,0,0,0,7,36,36,43,65476,358,65476,1,0,4,21553,0.0,2.7183305813883192e+23,0.0,0.0,0.0,0.0,0.0,0.0,0.0,0.0,0.0,0.0,0.0,0.0,0.0,0.0,0.0,0.0,0.0,0.0,0.0,2.004,3.697062548517736e+19,-0.0,-0.0,-0.0,0.0,0.0,0.0,0.0,6671.0,0.0,0.0,0.0,-2.7184523587222433e+23,-107616232.0,2.7184503771384073e+23,0.0,0.0,2.004,2.004,224,-0.0,0.0,0.0,0.0,0.0,0.0,0.0,0.0,0.0,0,0,0,-213.263,-0.0,1.2120501648345197e+22,-3.794476248436961e+29,8.568703022467645e+17,-0.0,0.0,-1.5990881073642007e+26,0.0,-1.6365271118507396e+24,-0.002,5847667200.0,0.0,0.0,0.0,-1.6895004563594142e+34,0,1.3516416376850534e+27,224,0.0,448,-74360974999552.0,-0.0,2114,0,17110,13107,17112,0,17096,0,0,0,101,100,100,0.0,64.9,-107615240.0,64.8,-0.0,64.5,1,49,50,180,52429,0,0,0,0.0,0.0,0.0,60.0,-0.0,71.0,0.0,-0.0,0.0,1069,0,1070,0,0,0,1070,0,1081,0,1000,0,648,0,649,0,645,0,675,0.032,1.0625324586456702e+22,-2.004,0.0,46096,16814,-0.0,-0.0,-6.156005916707775e+37,-3.798070762687994e+30,11280.396,0.0,50.0,60.0,35,0.0,0.0,10.0,2.0,0.0,0.0,0.0,0.0,0.0,0.0,0.0,0.0,0.0,0.0,0.0,0.0,58.8,49,14,65513,25,65476,0,300,0,0,8,20529,65476,0,0,30147,60.0,0.0,10.0,10.0,2.0,0.0
2026-02-16T12:21:34,ERR,ERR,ERR,ERR,ERR,ERR,ERR,ERR,ERR,ERR,ERR,ERR,ERR,ERR,ERR,ERR,ERR,ERR,ERR,ERR,ERR,ERR,ERR,ERR,ERR,ERR,ERR,ERR,ERR,ERR,ERR,ERR,ERR,ERR,ERR,ERR,ERR,ERR,ERR,ERR,ERR,ERR,ERR,ERR,ERR,ERR,ERR,ERR,ERR,ERR,ERR,ERR,ERR,ERR,ERR,ERR,ERR,ERR,ERR,ERR,ERR,ERR,ERR,ERR,ERR,ERR,ERR,ERR,ERR,ERR,ERR,ERR,ERR,ERR,ERR,ERR,ERR,ERR,ERR,ERR,ERR,ERR,ERR,ERR,ERR,ERR,ERR,ERR,ERR,ERR,ERR,ERR,ERR,ERR,ERR,ERR,ERR,ERR,ERR,ERR,ERR,ERR,ERR,ERR,ERR,ERR,ERR,ERR,ERR,ERR,ERR,ERR,ERR,ERR,ERR,ERR,ERR,ERR,ERR,ERR,ERR,ERR,ERR,ERR,ERR,0.0,-2.7184523587222433e+23,0.0,-0.0,-3.950258854565486e+28,3.5901089253462464e+30,-1.0243215022471076e+36,-2.1107874325261943e+27,4300,0,8,17169,4300,0.0,41,0.0,0.0,-0.0,0.0,-0.0,0,0,0,0,0.0,0,0,0,0,0,0,0,0,0,0,0,0,0,0,0,0,0,0,0,0,0,0,0,0,0,0,0,0,0,0,0,0,0,7,36,36,43,65476,355,65476,1,0,4,21553,0.0,0.0,0.005,0.0,0.0,0.0,0.0,0.0,0.0,0.0,0.0,0.0,0.0,0.0,0.0,0.0,0.0,0.0,0.0,0.0,0.0,2.004,3.697062548517736e+19,-0.0,-0.0,-0.0,0.0,0.0,0.0,0.0,6676.0,0.0,0.0,0.0,-2.7184523587222433e+23,-0.0,2.7184503771384073e+23,0.0,0.0,2.004,2.004,224,-3.222001660439123e+26,0.0,0.0,0.0,0.0,0.0,0.0,0.0,0.0,0,0,0,-220399910912.0,0.0,4.263731458979165e+30,-1.3781569013614117e+19,8.497650733901226e+20,-0.0,0.0,-845627655192576.0,-3.2176889874952194e+23,-1.7593086404053504e+24,-0.002,6283874816.0,0.0,0.0,0.0,-3.1322130084395336e+22,0,1.3516416376850534e+27,224,0.0,448,-0.0,4.5382711475481616e+24,2114,0,17110,13107,17112,0,17096,0,0,0,101,100,100,0.0,64.9,-107615240.0,64.8,-0.0,64.5,1,49,50,180,52429,0,0,0,0.0,0.0,0.0,60.0,-0.0,71.0,0.0,-0.0,0.0,1069,0,1070,0,0,0,1070,0,1081,0,1000,0,648,0,649,0,645,0,675,0.032,1.0625324586456702e+22,-2.004,0.0,46096,16814,-0.0,-0.0,-6.156005916707775e+37,-3.798070762687994e+30,11280.396,0.0,50.0,60.0,35,0.0,0.0,10.0,2.0,0.0,0.0,0.0,0.0,0.0,0.0,0.0,0.0,0.0,0.0,0.0,0.0,58.8,49,14,65513,25,65476,0,300,0,0,8,20529,65476,0,0,30147,60.0,0.0,10.0,10.0,2.0,0.0
2026-02-16T12:21:35,ERR,ERR,ERR,ERR,ERR,ERR,ERR,ERR,ERR,ERR,ERR,ERR,ERR,ERR,ERR,ERR,ERR,ERR,ERR,ERR,ERR,ERR,ERR,ERR,ERR,ERR,ERR,ERR,ERR,ERR,ERR,ERR,ERR,ERR,ERR,ERR,ERR,ERR,ERR,ERR,ERR,ERR,ERR,ERR,ERR,ERR,ERR,ERR,ERR,ERR,ERR,ERR,ERR,ERR,ERR,ERR,ERR,ERR,ERR,ERR,ERR,ERR,ERR,ERR,ERR,ERR,ERR,ERR,ERR,ERR,ERR,ERR,ERR,ERR,ERR,ERR,ERR,ERR,ERR,ERR,ERR,ERR,ERR,ERR,ERR,ERR,ERR,ERR,ERR,ERR,ERR,ERR,ERR,ERR,ERR,ERR,ERR,ERR,ERR,ERR,ERR,ERR,ERR,ERR,ERR,ERR,ERR,ERR,ERR,ERR,ERR,ERR,ERR,ERR,ERR,ERR,ERR,ERR,ERR,ERR,ERR,ERR,ERR,ERR,ERR,0.0,-2.7184523587222433e+23,0.0,-0.0,-3.950258854565486e+28,3.5901089253462464e+30,-1.0243215022471076e+36,-2.1107874325261943e+27,4300,0,8,17169,4300,0.0,41,0.0,0.0,-0.0,0.0,-0.0,0,0,0,0,0.0,0,0,0,0,0,0,0,0,0,0,0,0,0,0,0,0,0,0,0,0,0,0,0,0,0,0,0,0,0,0,0,0,0,7,36,36,43,65476,355,65476,1,0,4,21553,0.0,0.0,0.005,0.0,0.0,0.0,0.0,0.0,0.0,0.0,0.0,0.0,0.0,0.0,0.0,0.0,0.0,0.0,0.0,0.0,0.0,2.004,3.697062548517736e+19,-0.0,-0.0,-0.0,0.0,0.0,0.0,0.0,6676.0,0.0,0.0,0.0,-2.7184523587222433e+23,-0.0,2.7184503771384073e+23,0.0,0.0,2.004,2.004,224,-3.222001660439123e+26,0.0,0.0,0.0,0.0,0.0,0.0,0.0,0.0,0,0,0,-220399910912.0,0.0,4.263731458979165e+30,-1.3781569013614117e+19,8.497650733901226e+20,-0.0,0.0,-845627655192576.0,-3.2176889874952194e+23,-1.7593086404053504e+24,-0.002,6283874816.0,0.0,0.0,0.0,-3.1322130084395336e+22,0,1.3516416376850534e+27,224,0.0,448,-0.0,4.5382711475481616e+24,2114,0,17110,13107,17112,0,17096,0,0,0,101,100,100,0.0,64.9,-107615240.0,64.8,-0.0,64.5,1,49,50,180,52429,0,0,0,0.0,0.0,0.0,60.0,-0.0,71.0,0.0,0.004,0.0,1069,0,1070,0,0,0,1070,0,1081,0,1000,0,648,0,649,0,645,0,675,0.032,1.0625324586456702e+22,-2.004,0.0,38928,16814,-0.0,0.004,-7.26524039466017e+31,0.0,0.219,0.0,50.0,60.0,35,0.0,0.0,10.0,2.0,0.0,0.0,0.0,0.0,0.0,0.0,0.0,0.0,0.0,0.0,0.0,0.0,58.8,49,14,65513,25,65476,0,300,0,0,8,20529,65476,0,0,30147,60.0,0.0,10.0,10.0,2.0,0.0
2026-02-16T12:21:36,ERR,ERR,ERR,ERR,ERR,ERR,ERR,ERR,ERR,ERR,ERR,ERR,ERR,ERR,ERR,ERR,ERR,ERR,ERR,ERR,ERR,ERR,ERR,ERR,ERR,ERR,ERR,ERR,ERR,ERR,ERR,ERR,ERR,ERR,ERR,ERR,ERR,ERR,ERR,ERR,ERR,ERR,ERR,ERR,ERR,ERR,ERR,ERR,ERR,ERR,ERR,ERR,ERR,ERR,ERR,ERR,ERR,ERR,ERR,ERR,ERR,ERR,ERR,ERR,ERR,ERR,ERR,ERR,ERR,ERR,ERR,ERR,ERR,ERR,ERR,ERR,ERR,ERR,ERR,ERR,ERR,ERR,ERR,ERR,ERR,ERR,ERR,ERR,ERR,ERR,ERR,ERR,ERR,ERR,ERR,ERR,ERR,ERR,ERR,ERR,ERR,ERR,ERR,ERR,ERR,ERR,ERR,ERR,ERR,ERR,ERR,ERR,ERR,ERR,ERR,ERR,ERR,ERR,ERR,ERR,ERR,ERR,ERR,ERR,ERR,0.0,-2.7184523587222433e+23,0.0,-0.0,-3.950258854565486e+28,3.5901089253462464e+30,-1.0243215022471076e+36,-2.1107874325261943e+27,4300,0,8,17169,4300,0.0,41,0.0,0.0,-0.0,0.0,-0.0,0,0,0,0,0.0,0,0,0,0,0,0,0,0,0,0,0,0,0,0,0,0,0,0,0,0,0,0,0,0,0,0,0,0,0,0,0,0,0,7,36,36,43,65476,355,65476,1,0,4,21553,0.0,0.0,0.005,0.0,0.0,0.0,0.0,0.0,0.0,0.0,0.0,0.0,0.0,0.0,0.0,0.0,0.0,0.0,0.0,0.0,0.0,2.004,3.697062548517736e+19,-0.0,-0.0,-0.0,0.0,0.0,0.0,0.0,6676.0,0.0,0.0,0.0,-2.7184523587222433e+23,-0.0,2.7184503771384073e+23,0.0,0.0,2.004,2.004,224,-3.222001660439123e+26,0.0,0.0,0.0,0.0,0.0,0.0,0.0,0.0,0,0,0,-220399910912.0,0.0,4.263731458979165e+30,-1.3781569013614117e+19,8.497650733901226e+20,-0.0,0.0,-845627655192576.0,-3.2176889874952194e+23,-1.7593086404053504e+24,-0.002,6283874816.0,0.0,0.0,0.0,-3.1322130084395336e+22,0,1.3516416376850534e+27,224,0.0,448,-0.0,4.5382711475481616e+24,2114,0,17110,13107,17112,0,17096,0,0,0,101,100,100,0.0,64.9,-107615240.0,64.8,-0.0,64.5,1,49,50,180,52429,0,0,0,0.0,0.0,0.0,60.0,-0.0,71.0,0.0,0.004,0.0,1069,0,1070,0,0,0,1070,0,1081,0,1000,0,648,0,649,0,645,0,675,0.032,1.0625324586456702e+22,-2.004,0.0,38928,16814,-0.0,0.004,-7.26524039466017e+31,0.0,0.219,0.0,50.0,60.0,35,0.0,0.0,10.0,2.0,0.0,0.0,0.0,0.0,0.0,0.0,0.0,0.0,0.0,0.0,0.0,0.0,59.2,49,14,65513,25,65476,0,300,0,0,8,20529,65476,0,0,30147,60.0,0.0,10.0,10.0,2.0,0.0
2026-02-16T12:21:37,ERR,ERR,ERR,ERR,ERR,ERR,ERR,ERR,ERR,ERR,ERR,ERR,ERR,ERR,ERR,ERR,ERR,ERR,ERR,ERR,ERR,ERR,ERR,ERR,ERR,ERR,ERR,ERR,ERR,ERR,ERR,ERR,ERR,ERR,ERR,ERR,ERR,ERR,ERR,ERR,ERR,ERR,ERR,ERR,ERR,ERR,ERR,ERR,ERR,ERR,ERR,ERR,ERR,ERR,ERR,ERR,ERR,ERR,ERR,ERR,ERR,ERR,ERR,ERR,ERR,ERR,ERR,ERR,ERR,ERR,ERR,ERR,ERR,ERR,ERR,ERR,ERR,ERR,ERR,ERR,ERR,ERR,ERR,ERR,ERR,ERR,ERR,ERR,ERR,ERR,ERR,ERR,ERR,ERR,ERR,ERR,ERR,ERR,ERR,ERR,ERR,ERR,ERR,ERR,ERR,ERR,ERR,ERR,ERR,ERR,ERR,ERR,ERR,ERR,ERR,ERR,ERR,ERR,ERR,ERR,ERR,ERR,ERR,ERR,ERR,0.0,-2.7184523587222433e+23,0.0,-0.0,-3.950258854565486e+28,3.5901089253462464e+30,-1.0243215022471076e+36,-2.1107874325261943e+27,4300,0,8,17169,4300,0.0,41,0.0,0.0,-0.0,0.0,-0.0,0,0,0,0,0.0,0,0,0,0,0,0,0,0,0,0,0,0,0,0,0,0,0,0,0,0,0,0,0,0,0,0,0,0,0,0,0,0,0,7,36,36,43,65476,355,65476,1,0,4,21553,0.0,0.0,0.005,0.0,0.0,0.0,0.0,0.0,0.0,0.0,0.0,0.0,0.0,0.0,0.0,0.0,0.0,0.0,0.0,0.0,0.0,2.004,3.697062548517736e+19,-0.0,-0.0,-0.0,0.0,0.0,0.0,0.0,6676.0,0.0,0.0,0.0,-2.7184523587222433e+23,-0.0,2.7184503771384073e+23,0.0,0.0,2.004,2.004,224,-3.222001660439123e+26,0.0,0.0,0.0,0.0,0.0,0.0,0.0,0.0,0,0,0,-220399910912.0,0.0,4.263731458979165e+30,-1.3781569013614117e+19,8.497650733901226e+20,-0.0,0.0,-845627655192576.0,-3.2176889874952194e+23,-1.7593086404053504e+24,-0.002,6283874816.0,0.0,0.0,0.0,-3.1322130084395336e+22,0,1.3516416376850534e+27,224,0.0,448,-0.0,4.5382711475481616e+24,2114,0,17110,13107,17112,0,17096,0,0,0,101,100,100,0.0,64.9,-107615240.0,64.8,-0.0,64.5,1,49,50,180,52429,0,0,0,0.0,0.0,0.0,60.0,-0.0,71.0,0.0,0.004,0.0,1069,0,1070,0,0,0,1070,0,1081,0,1000,0,648,0,649,0,645,0,675,0.032,1.0625324586456702e+22,-2.004,0.0,38928,16814,-0.0,0.004,-7.26524039466017e+31,0.0,0.219,0.0,50.0,60.0,35,0.0,0.0,10.0,2.0,0.0,0.0,0.0,0.0,0.0,0.0,0.0,0.0,0.0,0.0,0.0,0.0,59.2,49,14,65513,25,65476,0,300,0,0,8,20529,65476,0,0,30147,60.0,0.0,10.0,10.0,2.0,0.0
2026-02-16T12:21:38,ERR,ERR,ERR,ERR,ERR,ERR,ERR,ERR,ERR,ERR,ERR,ERR,ERR,ERR,ERR,ERR,ERR,ERR,ERR,ERR,ERR,ERR,ERR,ERR,ERR,ERR,ERR,ERR,ERR,ERR,ERR,ERR,ERR,ERR,ERR,ERR,ERR,ERR,ERR,ERR,ERR,ERR,ERR,ERR,ERR,ERR,ERR,ERR,ERR,ERR,ERR,ERR,ERR,ERR,ERR,ERR,ERR,ERR,ERR,ERR,ERR,ERR,ERR,ERR,ERR,ERR,ERR,ERR,ERR,ERR,ERR,ERR,ERR,ERR,ERR,ERR,ERR,ERR,ERR,ERR,ERR,ERR,ERR,ERR,ERR,ERR,ERR,ERR,ERR,ERR,ERR,ERR,ERR,ERR,ERR,ERR,ERR,ERR,ERR,ERR,ERR,ERR,ERR,ERR,ERR,ERR,ERR,ERR,ERR,ERR,ERR,ERR,ERR,ERR,ERR,ERR,ERR,ERR,ERR,ERR,ERR,ERR,ERR,ERR,ERR,0.0,-2.7184523587222433e+23,0.0,-0.0,-3.950258854565486e+28,3.5901089253462464e+30,-1.0243215022471076e+36,-2.1107874325261943e+27,4300,0,8,17169,4300,0.0,41,0.0,0.0,-0.0,0.0,-0.0,0,0,0,0,0.0,0,0,0,0,0,0,0,0,0,0,0,0,0,0,0,0,0,0,0,0,0,0,0,0,0,0,0,0,0,0,0,0,0,7,36,36,43,65476,355,65476,1,0,4,21553,0.0,0.0,0.005,0.0,0.0,0.0,0.0,0.0,0.0,0.0,0.0,0.0,0.0,0.0,0.0,0.0,0.0,0.0,0.0,0.0,0.0,2.004,3.697062548517736e+19,-0.0,-0.0,-0.0,0.0,0.0,0.0,0.0,6676.0,0.0,0.0,0.0,-2.7184523587222433e+23,-0.0,2.7184503771384073e+23,0.0,0.0,2.004,2.004,224,-3.222001660439123e+26,0.0,0.0,0.0,0.0,0.0,0.0,0.0,0.0,0,0,0,-220399910912.0,0.0,4.263731458979165e+30,-1.3781569013614117e+19,8.497650733901226e+20,-0.0,0.0,-845627655192576.0,-3.2176889874952194e+23,-1.7593086404053504e+24,-0.002,6283874816.0,0.0,0.0,0.0,-3.1322130084395336e+22,0,1.3516416376850534e+27,224,0.0,448,-0.0,4.5382711475481616e+24,2114,0,17110,13107,17112,0,17096,0,0,0,101,100,100,0.0,64.9,-107615240.0,64.8,-0.0,64.5,1,49,50,180,0,0,0,0,0.0,0.0,0.0,60.0,6.34135161457708e+35,71.0,0.0,-0.0,0.0,1069,0,1070,0,0,0,1070,0,1081,0,1000,0,648,0,649,0,645,0,675,0.032,1.2617572946417333e+22,-2.004,0.0,18064,16814,3.9655276613361357e+31,-0.0,-136577616.0,1.904547353373815e+34,0.0,0.0,50.0,60.0,35,0.0,0.0,10.0,2.0,0.0,0.0,0.0,0.0,0.0,0.0,0.0,0.0,0.0,0.0,0.0,0.0,58.8,49,14,65513,25,65476,0,300,0,0,8,20529,65476,0,0,30147,60.0,0.0,10.0,10.0,2.0,0.0
2026-02-16T12:21:39,ERR,ERR,ERR,ERR,ERR,ERR,ERR,ERR,ERR,ERR,ERR,ERR,ERR,ERR,ERR,ERR,ERR,ERR,ERR,ERR,ERR,ERR,ERR,ERR,ERR,ERR,ERR,ERR,ERR,ERR,ERR,ERR,ERR,ERR,ERR,ERR,ERR,ERR,ERR,ERR,ERR,ERR,ERR,ERR,ERR,ERR,ERR,ERR,ERR,ERR,ERR,ERR,ERR,ERR,ERR,ERR,ERR,ERR,ERR,ERR,ERR,ERR,ERR,ERR,ERR,ERR,ERR,ERR,ERR,ERR,ERR,ERR,ERR,ERR,ERR,ERR,ERR,ERR,ERR,ERR,ERR,ERR,ERR,ERR,ERR,ERR,ERR,ERR,ERR,ERR,ERR,ERR,ERR,ERR,ERR,ERR,ERR,ERR,ERR,ERR,ERR,ERR,ERR,ERR,ERR,ERR,ERR,ERR,ERR,ERR,ERR,ERR,ERR,ERR,ERR,ERR,ERR,ERR,ERR,ERR,ERR,ERR,ERR,ERR,ERR,0.0,-2.7184523587222433e+23,0.0,-0.0,-3.950258854565486e+28,-0.0,0.0,-5638306364653568.0,4300,0,8,17169,4300,0.0,41,0.0,0.0,-0.0,0.0,-0.0,0,0,0,0,0.0,0,0,0,0,0,0,0,0,0,0,0,0,0,0,0,0,0,0,0,0,0,0,0,0,0,0,0,0,0,0,0,0,0,7,36,36,43,65476,354,65476,1,0,4,21553,0.0,-0.0,158.258,0.0,0.0,0.0,0.0,0.0,0.0,0.0,0.0,0.0,0.0,0.0,0.0,0.0,0.0,0.0,0.0,0.0,0.0,2.004,3.697062548517736e+19,-0.0,3.697074423243316e+19,-2.004,0.0,0.0,0.0,0.0,6675.0,0.0,0.0,0.0,-2.7184523587222433e+23,2.718450016850437e+23,-0.0,-0.0,0.0,2.004,2.004,224,-2.308827523576129e+20,0.0,0.0,0.0,0.0,0.0,0.0,0.0,0.0,0,0,0,-6.762813843098829e+16,-1.7539930251067392e+16,1.1271269972375363e+31,0.0,2.4300707625036836e+27,-10109420.0,-3.003905877268213e+20,-3.7688524947145645e+34,-3.969347271031521e+17,-1.872645435994222e+24,-0.002,6686528000.0,0.0,0.0,0.0,-0.0,0,1.3516416376850534e+27,225,0.0,450,-0.0,0.0,2114,0,17110,13107,17112,0,17096,0,0,0,101,100,100,0.0,64.9,-107615240.0,64.8,-0.0,64.5,1,49,50,180,0,0,0,0,0.0,0.0,0.0,60.0,6.34135161457708e+35,71.0,0.0,-0.0,0.0,1069,0,1070,0,0,0,1070,0,1081,0,1000,0,648,0,649,0,645,0,675,0.032,1.2617572946417333e+22,-2.004,0.0,18064,16814,3.9655276613361357e+31,-0.0,-136577616.0,1.904547353373815e+34,0.0,0.0,50.0,60.0,35,0.0,0.0,10.0,2.0,0.0,0.0,0.0,0.0,0.0,0.0,0.0,0.0,0.0,0.0,0.0,0.0,58.8,49,14,65513,25,65476,0,300,0,0,8,20529,65476,0,0,30147,60.0,0.0,10.0,10.0,2.0,0.0
2026-02-16T12:21:40,ERR,ERR,ERR,ERR,ERR,ERR,ERR,ERR,ERR,ERR,ERR,ERR,ERR,ERR,ERR,ERR,ERR,ERR,ERR,ERR,ERR,ERR,ERR,ERR,ERR,ERR,ERR,ERR,ERR,ERR,ERR,ERR,ERR,ERR,ERR,ERR,ERR,ERR,ERR,ERR,ERR,ERR,ERR,ERR,ERR,ERR,ERR,ERR,ERR,ERR,ERR,ERR,ERR,ERR,ERR,ERR,ERR,ERR,ERR,ERR,ERR,ERR,ERR,ERR,ERR,ERR,ERR,ERR,ERR,ERR,ERR,ERR,ERR,ERR,ERR,ERR,ERR,ERR,ERR,ERR,ERR,ERR,ERR,ERR,ERR,ERR,ERR,ERR,ERR,ERR,ERR,ERR,ERR,ERR,ERR,ERR,ERR,ERR,ERR,ERR,ERR,ERR,ERR,ERR,ERR,ERR,ERR,ERR,ERR,ERR,ERR,ERR,ERR,ERR,ERR,ERR,ERR,ERR,ERR,ERR,ERR,ERR,ERR,ERR,ERR,0.0,-2.7184523587222433e+23,0.0,-0.0,-3.950258854565486e+28,-0.0,0.0,-5638306364653568.0,4300,0,8,17169,4300,0.0,41,0.0,0.0,-0.0,0.0,-0.0,0,0,0,0,0.0,0,0,0,0,0,0,0,0,0,0,0,0,0,0,0,0,0,0,0,0,0,0,0,0,0,0,0,0,0,0,0,0,0,7,36,36,43,65476,354,65476,1,0,4,21553,0.0,-0.0,158.258,0.0,0.0,0.0,0.0,0.0,0.0,0.0,0.0,0.0,0.0,0.0,0.0,0.0,0.0,0.0,0.0,0.0,0.0,2.004,3.697062548517736e+19,-0.0,3.697074423243316e+19,-2.004,0.0,0.0,0.0,0.0,6675.0,0.0,0.0,0.0,-2.7184523587222433e+23,2.718450016850437e+23,-0.0,-0.0,0.0,2.004,2.004,224,-2.308827523576129e+20,0.0,0.0,0.0,0.0,0.0,0.0,0.0,0.0,0,0,0,-6.762813843098829e+16,-1.7539930251067392e+16,1.1271269972375363e+31,0.0,2.4300707625036836e+27,-10109420.0,-3.003905877268213e+20,-3.7688524947145645e+34,-3.969347271031521e+17,-1.872645435994222e+24,-0.002,6686528000.0,0.0,0.0,0.0,-0.0,0,1.3516416376850534e+27,225,0.0,450,-0.0,0.0,2114,0,17110,13107,17112,0,17096,0,0,0,101,100,100,0.0,64.9,-107615240.0,64.8,-0.0,64.5,1,49,50,180,0,0,0,0,0.0,0.0,0.0,60.0,6.34135161457708e+35,71.0,0.0,-0.0,0.0,1069,0,1070,0,0,0,1070,0,1081,0,1000,0,648,0,649,0,645,0,675,0.032,1.2617572946417333e+22,-2.004,0.0,18064,16814,3.9655276613361357e+31,-0.0,-136577616.0,1.904547353373815e+34,0.0,0.0,50.0,60.0,35,0.0,0.0,10.0,2.0,0.0,0.0,0.0,0.0,0.0,0.0,0.0,0.0,0.0,0.0,0.0,0.0,58.8,49,14,65513,26,65476,0,300,0,0,8,20529,65476,0,0,30147,60.0,0.0,10.0,10.0,2.0,0.0
2026-02-16T12:21:41,ERR,ERR,ERR,ERR,ERR,ERR,ERR,ERR,ERR,ERR,ERR,ERR,ERR,ERR,ERR,ERR,ERR,ERR,ERR,ERR,ERR,ERR,ERR,ERR,ERR,ERR,ERR,ERR,ERR,ERR,ERR,ERR,ERR,ERR,ERR,ERR,ERR,ERR,ERR,ERR,ERR,ERR,ERR,ERR,ERR,ERR,ERR,ERR,ERR,ERR,ERR,ERR,ERR,ERR,ERR,ERR,ERR,ERR,ERR,ERR,ERR,ERR,ERR,ERR,ERR,ERR,ERR,ERR,ERR,ERR,ERR,ERR,ERR,ERR,ERR,ERR,ERR,ERR,ERR,ERR,ERR,ERR,ERR,ERR,ERR,ERR,ERR,ERR,ERR,ERR,ERR,ERR,ERR,ERR,ERR,ERR,ERR,ERR,ERR,ERR,ERR,ERR,ERR,ERR,ERR,ERR,ERR,ERR,ERR,ERR,ERR,ERR,ERR,ERR,ERR,ERR,ERR,ERR,ERR,ERR,ERR,ERR,ERR,ERR,ERR,0.0,-2.7184523587222433e+23,0.0,-0.0,-3.950258854565486e+28,-0.0,0.0,-5638306364653568.0,4300,0,8,17169,4300,0.0,41,0.0,0.0,-0.0,0.0,-0.0,0,0,0,0,0.0,0,0,0,0,0,0,0,0,0,0,0,0,0,0,0,0,0,0,0,0,0,0,0,0,0,0,0,0,0,0,0,0,0,7,36,36,43,65476,354,65476,1,0,4,21553,0.0,-0.0,158.258,0.0,0.0,0.0,0.0,0.0,0.0,0.0,0.0,0.0,0.0,0.0,0.0,0.0,0.0,0.0,0.0,0.0,0.0,2.004,3.697062548517736e+19,-0.0,3.697074423243316e+19,-2.004,0.0,0.0,0.0,0.0,6675.0,0.0,0.0,0.0,-2.7184523587222433e+23,2.718450016850437e+23,-0.0,-0.0,0.0,2.004,2.004,224,-2.308827523576129e+20,0.0,0.0,0.0,0.0,0.0,0.0,0.0,0.0,0,0,0,-6.762813843098829e+16,-1.7539930251067392e+16,1.1271269972375363e+31,0.0,2.4300707625036836e+27,-10109420.0,-3.003905877268213e+20,-3.7688524947145645e+34,-3.969347271031521e+17,-1.872645435994222e+24,-0.002,6686528000.0,0.0,0.0,0.0,-0.0,0,1.3516416376850534e+27,225,0.0,450,-0.0,0.0,2114,0,17110,13107,17112,0,17096,0,0,0,101,100,100,0.0,64.9,-107615240.0,64.8,-0.0,64.5,1,49,50,180,0,0,0,0,0.0,0.0,0.0,60.0,6.34135161457708e+35,71.0,0.0,-0.0,0.0,1069,0,1070,0,0,0,1070,0,1081,0,1000,0,648,0,649,0,645,0,675,0.032,1.2617572946417333e+22,-2.004,0.0,18064,16814,3.9655276613361357e+31,-0.0,-136577616.0,1.904547353373815e+34,0.0,0.0,50.0,60.0,35,0.0,0.0,10.0,2.0,0.0,0.0,0.0,0.0,0.0,0.0,0.0,0.0,0.0,0.0,0.0,0.0,58.8,49,14,65513,26,65476,0,300,0,0,8,20529,65476,0,0,30147,60.0,0.0,10.0,10.0,2.0,0.0
2026-02-16T12:21:42,ERR,ERR,ERR,ERR,ERR,ERR,ERR,ERR,ERR,ERR,ERR,ERR,ERR,ERR,ERR,ERR,ERR,ERR,ERR,ERR,ERR,ERR,ERR,ERR,ERR,ERR,ERR,ERR,ERR,ERR,ERR,ERR,ERR,ERR,ERR,ERR,ERR,ERR,ERR,ERR,ERR,ERR,ERR,ERR,ERR,ERR,ERR,ERR,ERR,ERR,ERR,ERR,ERR,ERR,ERR,ERR,ERR,ERR,ERR,ERR,ERR,ERR,ERR,ERR,ERR,ERR,ERR,ERR,ERR,ERR,ERR,ERR,ERR,ERR,ERR,ERR,ERR,ERR,ERR,ERR,ERR,ERR,ERR,ERR,ERR,ERR,ERR,ERR,ERR,ERR,ERR,ERR,ERR,ERR,ERR,ERR,ERR,ERR,ERR,ERR,ERR,ERR,ERR,ERR,ERR,ERR,ERR,ERR,ERR,ERR,ERR,ERR,ERR,ERR,ERR,ERR,ERR,ERR,ERR,ERR,ERR,ERR,ERR,ERR,ERR,0.0,-2.7184523587222433e+23,0.0,-0.0,-3.950258854565486e+28,-0.0,0.0,-5638306364653568.0,4300,0,8,17169,4300,0.0,41,0.0,0.0,-0.0,0.0,-0.0,0,0,0,0,0.0,0,0,0,0,0,0,0,0,0,0,0,0,0,0,0,0,0,0,0,0,0,0,0,0,0,0,0,0,0,0,0,0,0,7,36,36,43,65476,354,65476,1,0,4,21553,0.0,-0.0,158.258,0.0,0.0,0.0,0.0,0.0,0.0,0.0,0.0,0.0,0.0,0.0,0.0,0.0,0.0,0.0,0.0,0.0,0.0,2.004,3.697062548517736e+19,-0.0,3.697074423243316e+19,-2.004,0.0,0.0,0.0,0.0,6675.0,0.0,0.0,0.0,-2.7184523587222433e+23,2.718450016850437e+23,-0.0,-0.0,0.0,2.004,2.004,224,-2.308827523576129e+20,0.0,0.0,0.0,0.0,0.0,0.0,0.0,0.0,0,0,0,-6.762813843098829e+16,-1.7539930251067392e+16,1.1271269972375363e+31,0.0,2.4300707625036836e+27,-10109420.0,-3.003905877268213e+20,-3.7688524947145645e+34,-3.969347271031521e+17,-1.872645435994222e+24,-0.002,6686528000.0,0.0,0.0,0.0,-0.0,0,1.3516416376850534e+27,225,0.0,450,-0.0,0.0,2114,0,17110,13107,17112,0,17096,0,0,0,101,100,100,0.0,64.9,-107615240.0,64.8,-0.0,64.5,1,49,50,180,0,0,0,0,0.0,0.0,0.0,60.0,-0.0,71.0,0.0,-0.0,0.0,1070,0,1070,0,0,0,1070,0,1081,0,1000,0,648,0,649,0,645,0,675,0.032,1.2986507827891524e+22,-2.004,0.0,27280,16814,-0.0,-0.0,-8.834293574594147e+19,3.684,0.0,0.0,50.0,60.0,35,0.0,0.0,10.0,2.0,0.0,0.0,0.0,0.0,0.0,0.0,0.0,0.0,0.0,0.0,0.0,0.0,58.8,49,14,65513,26,65476,0,300,0,0,8,20529,65476,0,0,30147,60.0,0.0,10.0,10.0,2.0,0.0
2026-02-16T12:21:43,ERR,ERR,ERR,ERR,ERR,ERR,ERR,ERR,ERR,ERR,ERR,ERR,ERR,ERR,ERR,ERR,ERR,ERR,ERR,ERR,ERR,ERR,ERR,ERR,ERR,ERR,ERR,ERR,ERR,ERR,ERR,ERR,ERR,ERR,ERR,ERR,ERR,ERR,ERR,ERR,ERR,ERR,ERR,ERR,ERR,ERR,ERR,ERR,ERR,ERR,ERR,ERR,ERR,ERR,ERR,ERR,ERR,ERR,ERR,ERR,ERR,ERR,ERR,ERR,ERR,ERR,ERR,ERR,ERR,ERR,ERR,ERR,ERR,ERR,ERR,ERR,ERR,ERR,ERR,ERR,ERR,ERR,ERR,ERR,ERR,ERR,ERR,ERR,ERR,ERR,ERR,ERR,ERR,ERR,ERR,ERR,ERR,ERR,ERR,ERR,ERR,ERR,ERR,ERR,ERR,ERR,ERR,ERR,ERR,ERR,ERR,ERR,ERR,ERR,ERR,ERR,ERR,ERR,ERR,ERR,ERR,ERR,ERR,ERR,ERR,0.0,-2.7184523587222433e+23,0.0,-0.0,-3.950258854565486e+28,0.0,1.4996228943838774e+29,37.313,4300,0,8,17165,4300,0.0,42,0.0,0.0,-0.0,0.0,-0.0,0,0,0,0,0.0,0,0,0,0,0,0,0,0,0,0,0,0,0,0,0,0,0,0,0,0,0,0,0,0,0,0,0,0,0,0,0,0,0,7,36,36,43,65476,353,65476,1,0,4,21553,0.0,-0.0,19496255488.0,0.0,0.0,0.0,0.0,0.0,0.0,0.0,0.0,0.0,0.0,0.0,0.0,0.0,0.0,0.0,0.0,0.0,0.0,2.004,3.697062548517736e+19,-0.0,3.697074423243316e+19,-3.697074863047967e+19,0.0,0.0,0.0,0.0,6678.0,0.0,0.0,0.0,-2.7184523587222433e+23,2.718450016850437e+23,-107616248.0,0.0,0.0,2.004,2.004,225,-4.9504003573796186e+32,0.0,0.0,0.0,0.0,0.0,0.0,0.0,0.0,0,0,0,-6.146899359723579e+19,82.129,4.9900761641840196e+36,7.341365244595484e+29,6.703881067624163e+33,-0.0,-0.0,-185884704.0,-0.0,-1.9954269645488327e+24,-0.002,7122735616.0,0.0,0.0,0.0,-0.0,0,1.3516416376850534e+27,225,0.0,450,-0.0,0.0,2114,0,17110,13107,17112,0,17096,0,0,0,101,100,100,0.0,64.9,-107615240.0,64.8,-0.0,64.5,1,49,50,180,0,0,0,0,0.0,0.0,0.0,60.0,-0.0,71.0,0.0,-0.0,0.0,1070,0,1070,0,0,0,1070,0,1081,0,1000,0,648,0,649,0,645,0,675,0.032,1.2986507827891524e+22,-2.004,0.0,27280,16814,-0.0,-0.0,-8.834293574594147e+19,3.684,0.0,0.0,50.0,60.0,35,0.0,0.0,10.0,2.0,0.0,0.0,0.0,0.0,0.0,0.0,0.0,0.0,0.0,0.0,0.0,0.0,58.8,49,14,65513,26,65476,0,300,0,0,8,20529,65476,0,0,30147,60.0,0.0,10.0,10.0,2.0,0.0
2026-02-16T12:21:44,ERR,ERR,ERR,ERR,ERR,ERR,ERR,ERR,ERR,ERR,ERR,ERR,ERR,ERR,ERR,ERR,ERR,ERR,ERR,ERR,ERR,ERR,ERR,ERR,ERR,ERR,ERR,ERR,ERR,ERR,ERR,ERR,ERR,ERR,ERR,ERR,ERR,ERR,ERR,ERR,ERR,ERR,ERR,ERR,ERR,ERR,ERR,ERR,ERR,ERR,ERR,ERR,ERR,ERR,ERR,ERR,ERR,ERR,ERR,ERR,ERR,ERR,ERR,ERR,ERR,ERR,ERR,ERR,ERR,ERR,ERR,ERR,ERR,ERR,ERR,ERR,ERR,ERR,ERR,ERR,ERR,ERR,ERR,ERR,ERR,ERR,ERR,ERR,ERR,ERR,ERR,ERR,ERR,ERR,ERR,ERR,ERR,ERR,ERR,ERR,ERR,ERR,ERR,ERR,ERR,ERR,ERR,ERR,ERR,ERR,ERR,ERR,ERR,ERR,ERR,ERR,ERR,ERR,ERR,ERR,ERR,ERR,ERR,ERR,ERR,0.0,-2.7184523587222433e+23,0.0,-0.0,-3.950258854565486e+28,0.0,1.4996228943838774e+29,37.313,4300,0,8,17165,4300,0.0,42,0.0,0.0,-0.0,0.0,-0.0,0,0,0,0,0.0,0,0,0,0,0,0,0,0,0,0,0,0,0,0,0,0,0,0,0,0,0,0,0,0,0,0,0,0,0,0,0,0,0,7,36,36,43,65476,353,65476,1,0,4,21553,0.0,-0.0,19496255488.0,0.0,0.0,0.0,0.0,0.0,0.0,0.0,0.0,0.0,0.0,0.0,0.0,0.0,0.0,0.0,0.0,0.0,0.0,2.004,3.697062548517736e+19,-0.0,3.697074423243316e+19,-3.697074863047967e+19,0.0,0.0,0.0,0.0,6678.0,0.0,0.0,0.0,-2.7184523587222433e+23,2.718450016850437e+23,-107616248.0,0.0,0.0,2.004,2.004,225,-4.9504003573796186e+32,0.0,0.0,0.0,0.0,0.0,0.0,0.0,0.0,0,0,0,-6.146899359723579e+19,82.129,4.9900761641840196e+36,7.341365244595484e+29,6.703881067624163e+33,-0.0,-0.0,-185884704.0,-0.0,-1.9954269645488327e+24,-0.002,7122735616.0,0.0,0.0,0.0,-0.0,0,1.3516416376850534e+27,225,0.0,450,-0.0,0.0,2114,0,17110,13107,17112,0,17096,0,0,0,101,100,100,0.0,64.9,-107615240.0,64.8,-0.0,64.5,1,49,50,180,0,0,0,0,0.0,0.0,0.0,60.0,-0.0,71.0,0.0,-0.0,0.0,1070,0,1070,0,0,0,1070,0,1081,0,1000,0,648,0,649,0,645,0,675,0.032,1.2986507827891524e+22,-2.004,0.0,27280,16814,-0.0,-0.0,-8.834293574594147e+19,3.684,0.0,0.0,50.0,60.0,35,0.0,0.0,10.0,2.0,0.0,0.0,0.0,0.0,0.0,0.0,0.0,0.0,0.0,0.0,0.0,0.0,58.8,49,14,65513,26,65476,0,300,0,0,8,20529,65476,0,0,30147,60.0,0.0,10.0,10.0,2.0,0.0
2026-02-16T12:21:45,ERR,ERR,ERR,ERR,ERR,ERR,ERR,ERR,ERR,ERR,ERR,ERR,ERR,ERR,ERR,ERR,ERR,ERR,ERR,ERR,ERR,ERR,ERR,ERR,ERR,ERR,ERR,ERR,ERR,ERR,ERR,ERR,ERR,ERR,ERR,ERR,ERR,ERR,ERR,ERR,ERR,ERR,ERR,ERR,ERR,ERR,ERR,ERR,ERR,ERR,ERR,ERR,ERR,ERR,ERR,ERR,ERR,ERR,ERR,ERR,ERR,ERR,ERR,ERR,ERR,ERR,ERR,ERR,ERR,ERR,ERR,ERR,ERR,ERR,ERR,ERR,ERR,ERR,ERR,ERR,ERR,ERR,ERR,ERR,ERR,ERR,ERR,ERR,ERR,ERR,ERR,ERR,ERR,ERR,ERR,ERR,ERR,ERR,ERR,ERR,ERR,ERR,ERR,ERR,ERR,ERR,ERR,ERR,ERR,ERR,ERR,ERR,ERR,ERR,ERR,ERR,ERR,ERR,ERR,ERR,ERR,ERR,ERR,ERR,ERR,0.0,-2.7184523587222433e+23,0.0,-0.0,-3.950258854565486e+28,0.0,1.4996228943838774e+29,37.313,4300,0,8,17165,4300,0.0,42,0.0,0.0,-0.0,0.0,-0.0,0,0,0,0,0.0,0,0,0,0,0,0,0,0,0,0,0,0,0,0,0,0,0,0,0,0,0,0,0,0,0,0,0,0,0,0,0,0,0,7,36,36,43,65476,353,65476,1,0,4,21553,0.0,-0.0,19496255488.0,0.0,0.0,0.0,0.0,0.0,0.0,0.0,0.0,0.0,0.0,0.0,0.0,0.0,0.0,0.0,0.0,0.0,0.0,2.004,3.697062548517736e+19,-0.0,3.697074423243316e+19,-3.697074863047967e+19,0.0,0.0,0.0,0.0,6678.0,0.0,0.0,0.0,-2.7184523587222433e+23,2.718450016850437e+23,-107616248.0,0.0,0.0,2.004,2.004,225,-4.9504003573796186e+32,0.0,0.0,0.0,0.0,0.0,0.0,0.0,0.0,0,0,0,-6.146899359723579e+19,82.129,4.9900761641840196e+36,7.341365244595484e+29,6.703881067624163e+33,-0.0,-0.0,-185884704.0,-0.0,-1.9954269645488327e+24,-0.002,7122735616.0,0.0,0.0,0.0,-0.0,0,1.3516416376850534e+27,225,0.0,450,-0.0,0.0,2114,0,17110,13107,17112,0,17096,0,0,0,101,100,100,0.0,64.9,-107615240.0,64.8,-0.0,64.5,1,49,50,180,0,0,0,0,0.0,0.0,0.0,60.0,-0.0,71.0,0.0,0.0,0.0,1070,0,1070,0,0,0,1070,0,1081,0,1000,0,649,0,649,0,645,0,675,0.032,1.0625324586456702e+22,-2.004,0.0,29328,16814,-0.0,1.1619665270615835e+19,-2.4347649050987725e+17,57792.918,0.0,0.0,50.0,60.0,35,0.0,0.0,10.0,2.0,0.0,0.0,0.0,0.0,0.0,0.0,0.0,0.0,0.0,0.0,0.0,0.0,58.8,49,14,65513,26,65476,0,300,0,0,8,20529,65476,0,0,30147,60.0,0.0,10.0,10.0,2.0,0.0
2026-02-16T12:21:46,ERR,ERR,ERR,ERR,ERR,ERR,ERR,ERR,ERR,ERR,ERR,ERR,ERR,ERR,ERR,ERR,ERR,ERR,ERR,ERR,ERR,ERR,ERR,ERR,ERR,ERR,ERR,ERR,ERR,ERR,ERR,ERR,ERR,ERR,ERR,ERR,ERR,ERR,ERR,ERR,ERR,ERR,ERR,ERR,ERR,ERR,ERR,ERR,ERR,ERR,ERR,ERR,ERR,ERR,ERR,ERR,ERR,ERR,ERR,ERR,ERR,ERR,ERR,ERR,ERR,ERR,ERR,ERR,ERR,ERR,ERR,ERR,ERR,ERR,ERR,ERR,ERR,ERR,ERR,ERR,ERR,ERR,ERR,ERR,ERR,ERR,ERR,ERR,ERR,ERR,ERR,ERR,ERR,ERR,ERR,ERR,ERR,ERR,ERR,ERR,ERR,ERR,ERR,ERR,ERR,ERR,ERR,ERR,ERR,ERR,ERR,ERR,ERR,ERR,ERR,ERR,ERR,ERR,ERR,ERR,ERR,ERR,ERR,ERR,ERR,0.0,-2.7184523587222433e+23,0.0,-0.0,-3.950258854565486e+28,0.0,1.4996228943838774e+29,37.313,4300,0,8,17165,4300,0.0,42,0.0,0.0,-0.0,0.0,-0.0,0,0,0,0,0.0,0,0,0,0,0,0,0,0,0,0,0,0,0,0,0,0,0,0,0,0,0,0,0,0,0,0,0,0,0,0,0,0,0,7,36,36,43,65476,353,65476,1,0,4,21553,0.0,-0.0,19496255488.0,0.0,0.0,0.0,0.0,0.0,0.0,0.0,0.0,0.0,0.0,0.0,0.0,0.0,0.0,0.0,0.0,0.0,0.0,2.004,3.697062548517736e+19,-0.0,3.697074423243316e+19,-3.697074863047967e+19,0.0,0.0,0.0,0.0,6678.0,0.0,0.0,0.0,-2.7184523587222433e+23,2.718450016850437e+23,-107616248.0,0.0,0.0,2.004,2.004,225,-4.9504003573796186e+32,0.0,0.0,0.0,0.0,0.0,0.0,0.0,0.0,0,0,0,-6.146899359723579e+19,82.129,4.9900761641840196e+36,7.341365244595484e+29,6.703881067624163e+33,-0.0,-0.0,-185884704.0,-0.0,-1.9954269645488327e+24,-0.002,7122735616.0,0.0,0.0,0.0,-0.0,0,1.3516416376850534e+27,225,0.0,450,-0.0,0.0,2114,0,17110,13107,17112,0,17096,0,0,0,101,100,100,0.0,64.9,-107615240.0,64.8,-0.0,64.5,1,49,50,180,0,0,0,0,0.0,0.0,0.0,60.0,-0.0,71.0,0.0,0.0,0.0,1070,0,1070,0,0,0,1070,0,1081,0,1000,0,649,0,649,0,645,0,675,0.032,1.0625324586456702e+22,-2.004,0.0,29328,16814,-0.0,1.1619665270615835e+19,-2.4347649050987725e+17,57792.918,0.0,0.0,50.0,60.0,35,0.0,0.0,10.0,2.0,0.0,0.0,0.0,0.0,0.0,0.0,0.0,0.0,0.0,0.0,0.0,0.0,58.8,49,14,65513,26,65476,0,300,0,0,8,20529,65476,0,0,30147,60.0,0.0,10.0,10.0,2.0,0.0
2026-02-16T12:21:47,ERR,ERR,ERR,ERR,ERR,ERR,ERR,ERR,ERR,ERR,ERR,ERR,ERR,ERR,ERR,ERR,ERR,ERR,ERR,ERR,ERR,ERR,ERR,ERR,ERR,ERR,ERR,ERR,ERR,ERR,ERR,ERR,ERR,ERR,ERR,ERR,ERR,ERR,ERR,ERR,ERR,ERR,ERR,ERR,ERR,ERR,ERR,ERR,ERR,ERR,ERR,ERR,ERR,ERR,ERR,ERR,ERR,ERR,ERR,ERR,ERR,ERR,ERR,ERR,ERR,ERR,ERR,ERR,ERR,ERR,ERR,ERR,ERR,ERR,ERR,ERR,ERR,ERR,ERR,ERR,ERR,ERR,ERR,ERR,ERR,ERR,ERR,ERR,ERR,ERR,ERR,ERR,ERR,ERR,ERR,ERR,ERR,ERR,ERR,ERR,ERR,ERR,ERR,ERR,ERR,ERR,ERR,ERR,ERR,ERR,ERR,ERR,ERR,ERR,ERR,ERR,ERR,ERR,ERR,ERR,ERR,ERR,ERR,ERR,ERR,0.0,-2.7184523587222433e+23,0.0,-0.0,-3.950258854565486e+28,0.0,1.4996228943838774e+29,37.313,4300,0,8,17165,4300,0.0,42,0.0,0.0,-0.0,0.0,-0.0,0,0,0,0,0.0,0,0,0,0,0,0,0,0,0,0,0,0,0,0,0,0,0,0,0,0,0,0,0,0,0,0,0,0,0,0,0,0,0,7,36,36,43,65476,353,65476,1,0,4,21553,0.0,-0.0,19496255488.0,0.0,0.0,0.0,0.0,0.0,0.0,0.0,0.0,0.0,0.0,0.0,0.0,0.0,0.0,0.0,0.0,0.0,0.0,2.004,3.697062548517736e+19,-0.0,3.697074423243316e+19,-3.697074863047967e+19,0.0,0.0,0.0,0.0,6678.0,0.0,0.0,0.0,-2.7184523587222433e+23,2.718450016850437e+23,-107616248.0,0.0,0.0,2.004,2.004,225,-4.9504003573796186e+32,0.0,0.0,0.0,0.0,0.0,0.0,0.0,0.0,0,0,0,-6.146899359723579e+19,82.129,4.9900761641840196e+36,7.341365244595484e+29,6.703881067624163e+33,-0.0,-0.0,-185884704.0,-0.0,-1.9954269645488327e+24,-0.002,7122735616.0,0.0,0.0,0.0,-0.0,0,1.3516416376850534e+27,225,0.0,450,-0.0,0.0,2114,0,17110,13107,17112,0,17096,0,0,0,101,100,100,0.0,64.9,-107615240.0,64.8,-0.0,64.5,1,49,50,180,0,0,0,0,0.0,0.0,0.0,60.0,-0.0,71.0,0.0,0.0,0.0,1070,0,1070,0,0,0,1070,0,1081,0,1000,0,649,0,649,0,645,0,675,0.032,1.0625324586456702e+22,-2.004,0.0,29328,16814,-0.0,1.1619665270615835e+19,-2.4347649050987725e+17,57792.918,0.0,0.0,50.0,60.0,35,0.0,0.0,10.0,2.0,0.0,0.0,0.0,0.0,0.0,0.0,0.0,0.0,0.0,0.0,0.0,0.0,58.8,49,14,65513,26,65476,0,300,0,0,8,20529,65476,0,0,30147,60.0,0.0,10.0,10.0,2.0,0.0
2026-02-16T12:21:48,ERR,ERR,ERR,ERR,ERR,ERR,ERR,ERR,ERR,ERR,ERR,ERR,ERR,ERR,ERR,ERR,ERR,ERR,ERR,ERR,ERR,ERR,ERR,ERR,ERR,ERR,ERR,ERR,ERR,ERR,ERR,ERR,ERR,ERR,ERR,ERR,ERR,ERR,ERR,ERR,ERR,ERR,ERR,ERR,ERR,ERR,ERR,ERR,ERR,ERR,ERR,ERR,ERR,ERR,ERR,ERR,ERR,ERR,ERR,ERR,ERR,ERR,ERR,ERR,ERR,ERR,ERR,ERR,ERR,ERR,ERR,ERR,ERR,ERR,ERR,ERR,ERR,ERR,ERR,ERR,ERR,ERR,ERR,ERR,ERR,ERR,ERR,ERR,ERR,ERR,ERR,ERR,ERR,ERR,ERR,ERR,ERR,ERR,ERR,ERR,ERR,ERR,ERR,ERR,ERR,ERR,ERR,ERR,ERR,ERR,ERR,ERR,ERR,ERR,ERR,ERR,ERR,ERR,ERR,ERR,ERR,ERR,ERR,ERR,ERR,0.0,-2.7184523587222433e+23,0.0,-0.0,-3.950258854565486e+28,0.0,6.976426962830345e+20,4890634.5,4300,0,8,17169,4300,0.0,42,0.0,0.0,-0.0,0.0,-0.0,0,0,0,0,0.0,0,0,0,0,0,0,0,0,0,0,0,0,0,0,0,0,0,0,0,0,0,0,0,0,0,0,0,0,0,0,0,0,0,8,35,35,43,65476,355,65476,1,0,4,21553,0.0,0.0,7.835931236341058e+31,0.0,0.0,0.0,0.0,0.0,0.0,0.0,0.0,0.0,0.0,0.0,0.0,0.0,0.0,0.0,0.0,0.0,0.0,2.004,3.697062548517736e+19,-2.004,3.697074423243316e+19,-3.697074863047967e+19,0.0,0.0,0.0,0.0,6644.0,-3.697208563661904e+19,0.0,0.0,0.0,2.718450016850437e+23,-107616248.0,0.0,0.0,2.004,2.004,224,-3.222001660439123e+26,0.0,0.0,0.0,0.0,0.0,0.0,0.0,0.0,0,0,0,-0.0,0.0,1.4885606231250043e+18,-1.0847924664306321e+29,2453893120.0,6.648428141266589e+22,-0.0,-3225813504.0,-0.0,-2.0993190271719648e+24,-0.002,7491834368.0,0.0,0.0,0.0,-0.0,0,1.3516416376850534e+27,224,0.0,448,0.0,-1.4035704744295756e+35,2114,0,17110,13107,17112,0,17096,0,0,0,101,100,100,0.0,64.9,-107615240.0,64.8,-107615240.0,64.5,1,49,50,180,0,0,0,0,0.0,0.0,0.0,60.0,1.9554775528498083e+32,71.0,0.0,-0.0,0.0,1070,0,1070,0,0,0,1070,0,1081,0,1000,0,648,0,649,0,645,0,675,0.032,1.1436981325699922e+22,-2.004,0.0,27536,16814,-0.0,0.0,-0.0,-1.977274307392631e+38,-192158032.0,-6236435321454592.0,50.0,60.0,35,0.0,0.0,10.0,2.0,0.0,0.0,0.0,0.0,0.0,0.0,0.0,0.0,0.0,0.0,0.0,0.0,58.8,49,14,65513,26,65476,0,300,0,0,8,20529,65476,0,0,30147,60.0,0.0,10.0,10.0,2.0,0.0
2026-02-16T12:21:49,ERR,ERR,ERR,ERR,ERR,ERR,ERR,ERR,ERR,ERR,ERR,ERR,ERR,ERR,ERR,ERR,ERR,ERR,ERR,ERR,ERR,ERR,ERR,ERR,ERR,ERR,ERR,ERR,ERR,ERR,ERR,ERR,ERR,ERR,ERR,ERR,ERR,ERR,ERR,ERR,ERR,ERR,ERR,ERR,ERR,ERR,ERR,ERR,ERR,ERR,ERR,ERR,ERR,ERR,ERR,ERR,ERR,ERR,ERR,ERR,ERR,ERR,ERR,ERR,ERR,ERR,ERR,ERR,ERR,ERR,ERR,ERR,ERR,ERR,ERR,ERR,ERR,ERR,ERR,ERR,ERR,ERR,ERR,ERR,ERR,ERR,ERR,ERR,ERR,ERR,ERR,ERR,ERR,ERR,ERR,ERR,ERR,ERR,ERR,ERR,ERR,ERR,ERR,ERR,ERR,ERR,ERR,ERR,ERR,ERR,ERR,ERR,ERR,ERR,ERR,ERR,ERR,ERR,ERR,ERR,ERR,ERR,ERR,ERR,ERR,0.0,-2.7184523587222433e+23,0.0,-0.0,-3.950258854565486e+28,0.0,6.976426962830345e+20,4890634.5,4300,0,8,17169,4300,0.0,42,0.0,0.0,-0.0,0.0,-0.0,0,0,0,0,0.0,0,0,0,0,0,0,0,0,0,0,0,0,0,0,0,0,0,0,0,0,0,0,0,0,0,0,0,0,0,0,0,0,0,8,35,35,43,65476,355,65476,1,0,4,21553,0.0,0.0,7.835931236341058e+31,0.0,0.0,0.0,0.0,0.0,0.0,0.0,0.0,0.0,0.0,0.0,0.0,0.0,0.0,0.0,0.0,0.0,0.0,2.004,3.697062548517736e+19,-2.004,3.697074423243316e+19,-3.697074863047967e+19,0.0,0.0,0.0,0.0,6644.0,-3.697208563661904e+19,0.0,0.0,0.0,2.718450016850437e+23,-107616248.0,0.0,0.0,2.004,2.004,224,-3.222001660439123e+26,0.0,0.0,0.0,0.0,0.0,0.0,0.0,0.0,0,0,0,-0.0,0.0,1.4885606231250043e+18,-1.0847924664306321e+29,2453893120.0,6.648428141266589e+22,-0.0,-3225813504.0,-0.0,-2.0993190271719648e+24,-0.002,7491834368.0,0.0,0.0,0.0,-0.0,0,1.3516416376850534e+27,224,0.0,448,0.0,-1.4035704744295756e+35,2114,0,17110,13107,17112,0,17096,0,0,0,101,100,100,0.0,64.9,-107615240.0,64.8,-107615240.0,64.5,1,49,50,180,0,0,0,0,0.0,0.0,0.0,60.0,1.9554775528498083e+32,71.0,0.0,-0.0,0.0,1070,0,1070,0,0,0,1070,0,1081,0,1000,0,648,0,649,0,645,0,675,0.032,1.1436981325699922e+22,-2.004,0.0,27536,16814,-0.0,0.0,-0.0,-1.977274307392631e+38,-192158032.0,-6236435321454592.0,50.0,60.0,35,0.0,0.0,10.0,2.0,0.0,0.0,0.0,0.0,0.0,0.0,0.0,0.0,0.0,0.0,0.0,0.0,58.8,49,14,65513,26,65476,0,300,0,0,8,20529,65476,0,0,30147,60.0,0.0,10.0,10.0,2.0,0.0
2026-02-16T12:21:50,ERR,ERR,ERR,ERR,ERR,ERR,ERR,ERR,ERR,ERR,ERR,ERR,ERR,ERR,ERR,ERR,ERR,ERR,ERR,ERR,ERR,ERR,ERR,ERR,ERR,ERR,ERR,ERR,ERR,ERR,ERR,ERR,ERR,ERR,ERR,ERR,ERR,ERR,ERR,ERR,ERR,ERR,ERR,ERR,ERR,ERR,ERR,ERR,ERR,ERR,ERR,ERR,ERR,ERR,ERR,ERR,ERR,ERR,ERR,ERR,ERR,ERR,ERR,ERR,ERR,ERR,ERR,ERR,ERR,ERR,ERR,ERR,ERR,ERR,ERR,ERR,ERR,ERR,ERR,ERR,ERR,ERR,ERR,ERR,ERR,ERR,ERR,ERR,ERR,ERR,ERR,ERR,ERR,ERR,ERR,ERR,ERR,ERR,ERR,ERR,ERR,ERR,ERR,ERR,ERR,ERR,ERR,ERR,ERR,ERR,ERR,ERR,ERR,ERR,ERR,ERR,ERR,ERR,ERR,ERR,ERR,ERR,ERR,ERR,ERR,0.0,-2.7184523587222433e+23,0.0,-0.0,-3.950258854565486e+28,0.0,6.976426962830345e+20,4890634.5,4300,0,8,17169,4300,0.0,42,0.0,0.0,-0.0,0.0,-0.0,0,0,0,0,0.0,0,0,0,0,0,0,0,0,0,0,0,0,0,0,0,0,0,0,0,0,0,0,0,0,0,0,0,0,0,0,0,0,0,8,35,35,43,65476,355,65476,1,0,4,21553,0.0,0.0,7.835931236341058e+31,0.0,0.0,0.0,0.0,0.0,0.0,0.0,0.0,0.0,0.0,0.0,0.0,0.0,0.0,0.0,0.0,0.0,0.0,2.004,3.697062548517736e+19,-2.004,3.697074423243316e+19,-3.697074863047967e+19,0.0,0.0,0.0,0.0,6644.0,-3.697208563661904e+19,0.0,0.0,0.0,2.718450016850437e+23,-107616248.0,0.0,0.0,2.004,2.004,224,-3.222001660439123e+26,0.0,0.0,0.0,0.0,0.0,0.0,0.0,0.0,0,0,0,-0.0,0.0,1.4885606231250043e+18,-1.0847924664306321e+29,2453893120.0,6.648428141266589e+22,-0.0,-3225813504.0,-0.0,-2.0993190271719648e+24,-0.002,7491834368.0,0.0,0.0,0.0,-0.0,0,1.3516416376850534e+27,224,0.0,448,0.0,-1.4035704744295756e+35,2114,0,17110,13107,17112,0,17096,0,0,0,101,100,100,0.0,64.9,-107615240.0,64.8,-107615240.0,64.5,1,49,50,180,0,0,0,0,0.0,0.0,0.0,60.0,1.9554775528498083e+32,71.0,0.0,-0.0,0.0,1070,0,1070,0,0,0,1070,0,1081,0,1000,0,648,0,649,0,645,0,675,0.032,1.1436981325699922e+22,-2.004,0.0,27536,16814,-0.0,0.0,-0.0,-1.977274307392631e+38,-192158032.0,-6236435321454592.0,50.0,60.0,35,0.0,0.0,10.0,2.0,0.0,0.0,0.0,0.0,0.0,0.0,0.0,0.0,0.0,0.0,0.0,0.0,58.8,49,14,65513,26,65476,0,300,0,0,8,20529,65476,0,0,30147,60.0,0.0,10.0,10.0,2.0,0.0
2026-02-16T12:21:51,ERR,ERR,ERR,ERR,ERR,ERR,ERR,ERR,ERR,ERR,ERR,ERR,ERR,ERR,ERR,ERR,ERR,ERR,ERR,ERR,ERR,ERR,ERR,ERR,ERR,ERR,ERR,ERR,ERR,ERR,ERR,ERR,ERR,ERR,ERR,ERR,ERR,ERR,ERR,ERR,ERR,ERR,ERR,ERR,ERR,ERR,ERR,ERR,ERR,ERR,ERR,ERR,ERR,ERR,ERR,ERR,ERR,ERR,ERR,ERR,ERR,ERR,ERR,ERR,ERR,ERR,ERR,ERR,ERR,ERR,ERR,ERR,ERR,ERR,ERR,ERR,ERR,ERR,ERR,ERR,ERR,ERR,ERR,ERR,ERR,ERR,ERR,ERR,ERR,ERR,ERR,ERR,ERR,ERR,ERR,ERR,ERR,ERR,ERR,ERR,ERR,ERR,ERR,ERR,ERR,ERR,ERR,ERR,ERR,ERR,ERR,ERR,ERR,ERR,ERR,ERR,ERR,ERR,ERR,ERR,ERR,ERR,ERR,ERR,ERR,0.0,-2.7184523587222433e+23,0.0,-0.0,-3.950258854565486e+28,0.0,6.976426962830345e+20,4890634.5,4300,0,8,17169,4300,0.0,42,0.0,0.0,-0.0,0.0,-0.0,0,0,0,0,0.0,0,0,0,0,0,0,0,0,0,0,0,0,0,0,0,0,0,0,0,0,0,0,0,0,0,0,0,0,0,0,0,0,0,8,35,35,43,65476,355,65476,1,0,4,21553,0.0,0.0,7.835931236341058e+31,0.0,0.0,0.0,0.0,0.0,0.0,0.0,0.0,0.0,0.0,0.0,0.0,0.0,0.0,0.0,0.0,0.0,0.0,2.004,3.697062548517736e+19,-2.004,3.697074423243316e+19,-3.697074863047967e+19,0.0,0.0,0.0,0.0,6644.0,-3.697208563661904e+19,0.0,0.0,0.0,2.718450016850437e+23,-107616248.0,0.0,0.0,2.004,2.004,224,-3.222001660439123e+26,0.0,0.0,0.0,0.0,0.0,0.0,0.0,0.0,0,0,0,-0.0,0.0,1.4885606231250043e+18,-1.0847924664306321e+29,2453893120.0,6.648428141266589e+22,-0.0,-3225813504.0,-0.0,-2.0993190271719648e+24,-0.002,7491834368.0,0.0,0.0,0.0,-0.0,0,1.3516416376850534e+27,224,0.0,448,0.0,-1.4035704744295756e+35,2114,0,17110,13107,17112,0,17096,0,0,0,101,100,100,0.0,64.9,-107615240.0,64.8,-107615240.0,64.5,1,49,50,180,0,0,0,0,0.0,0.0,0.0,60.0,1.9554775528498083e+32,71.0,0.0,-0.0,0.0,1070,0,1070,0,0,0,1070,0,1081,0,1000,0,648,0,649,0,645,0,675,0.032,1.1436981325699922e+22,-2.004,0.0,27536,16814,-0.0,0.0,-0.0,-1.977274307392631e+38,-192158032.0,-6236435321454592.0,50.0,60.0,35,0.0,0.0,10.0,2.0,0.0,0.0,0.0,0.0,0.0,0.0,0.0,0.0,0.0,0.0,0.0,0.0,58.8,49,14,65513,26,65476,0,300,0,0,8,20529,65476,0,0,30147,60.0,0.0,10.0,10.0,2.0,0.0
2026-02-16T12:21:52,ERR,ERR,ERR,ERR,ERR,ERR,ERR,ERR,ERR,ERR,ERR,ERR,ERR,ERR,ERR,ERR,ERR,ERR,ERR,ERR,ERR,ERR,ERR,ERR,ERR,ERR,ERR,ERR,ERR,ERR,ERR,ERR,ERR,ERR,ERR,ERR,ERR,ERR,ERR,ERR,ERR,ERR,ERR,ERR,ERR,ERR,ERR,ERR,ERR,ERR,ERR,ERR,ERR,ERR,ERR,ERR,ERR,ERR,ERR,ERR,ERR,ERR,ERR,ERR,ERR,ERR,ERR,ERR,ERR,ERR,ERR,ERR,ERR,ERR,ERR,ERR,ERR,ERR,ERR,ERR,ERR,ERR,ERR,ERR,ERR,ERR,ERR,ERR,ERR,ERR,ERR,ERR,ERR,ERR,ERR,ERR,ERR,ERR,ERR,ERR,ERR,ERR,ERR,ERR,ERR,ERR,ERR,ERR,ERR,ERR,ERR,ERR,ERR,ERR,ERR,ERR,ERR,ERR,ERR,ERR,ERR,ERR,ERR,ERR,ERR,0.0,-2.7184523587222433e+23,0.0,-0.0,-3.950258854565486e+28,0.0,6.976426962830345e+20,4890634.5,4300,0,8,17169,4300,0.0,42,0.0,0.0,-0.0,0.0,-0.0,0,0,0,0,0.0,0,0,0,0,0,0,0,0,0,0,0,0,0,0,0,0,0,0,0,0,0,0,0,0,0,0,0,0,0,0,0,0,0,8,35,35,43,65476,355,65476,1,0,4,21553,0.0,0.0,7.835931236341058e+31,0.0,0.0,0.0,0.0,0.0,0.0,0.0,0.0,0.0,0.0,0.0,0.0,0.0,0.0,0.0,0.0,0.0,0.0,2.004,3.697062548517736e+19,-2.004,3.697074423243316e+19,-3.697074863047967e+19,0.0,0.0,0.0,0.0,6644.0,-3.697208563661904e+19,0.0,0.0,0.0,2.718450016850437e+23,-107616248.0,0.0,0.0,2.004,2.004,224,-3.222001660439123e+26,0.0,0.0,0.0,0.0,0.0,0.0,0.0,0.0,0,0,0,-0.0,0.0,1.4885606231250043e+18,-1.0847924664306321e+29,2453893120.0,6.648428141266589e+22,-0.0,-3225813504.0,-0.0,-2.0993190271719648e+24,-0.002,7491834368.0,0.0,0.0,0.0,-0.0,0,1.3516416376850534e+27,224,0.0,448,0.0,-1.4035704744295756e+35,2114,0,17110,13107,17112,0,17096,0,0,0,101,100,100,0.0,64.9,-107615240.0,64.9,-107615240.0,64.5,1,49,50,180,0,0,0,0,0.0,0.0,0.0,60.0,-0.0,71.0,0.0,0.0,0.0,1070,0,1070,0,0,0,1070,0,1081,0,1000,0,649,0,649,0,645,0,675,0.032,1.2543785970122495e+22,-2.004,0.0,31248,16814,-0.0,0.0,-0.0,-0.0,-4.1249744314267124e+27,-1.6662688040353964e+30,50.0,60.0,35,0.0,0.0,10.0,2.0,0.0,0.0,0.0,0.0,0.0,0.0,0.0,0.0,0.0,0.0,0.0,0.0,58.8,49,14,65513,26,65476,0,300,0,0,8,20529,65476,0,0,30147,60.0,0.0,10.0,10.0,2.0,0.0
2026-02-16T12:21:53,ERR,ERR,ERR,ERR,ERR,ERR,ERR,ERR,ERR,ERR,ERR,ERR,ERR,ERR,ERR,ERR,ERR,ERR,ERR,ERR,ERR,ERR,ERR,ERR,ERR,ERR,ERR,ERR,ERR,ERR,ERR,ERR,ERR,ERR,ERR,ERR,ERR,ERR,ERR,ERR,ERR,ERR,ERR,ERR,ERR,ERR,ERR,ERR,ERR,ERR,ERR,ERR,ERR,ERR,ERR,ERR,ERR,ERR,ERR,ERR,ERR,ERR,ERR,ERR,ERR,ERR,ERR,ERR,ERR,ERR,ERR,ERR,ERR,ERR,ERR,ERR,ERR,ERR,ERR,ERR,ERR,ERR,ERR,ERR,ERR,ERR,ERR,ERR,ERR,ERR,ERR,ERR,ERR,ERR,ERR,ERR,ERR,ERR,ERR,ERR,ERR,ERR,ERR,ERR,ERR,ERR,ERR,ERR,ERR,ERR,ERR,ERR,ERR,ERR,ERR,ERR,ERR,ERR,ERR,ERR,ERR,ERR,ERR,ERR,ERR,0.0,-2.7184523587222433e+23,0.0,-0.0,-3.950258854565486e+28,-3.240822357485156e+23,0.0,1.221489499761731e+36,4300,0,8,17169,4300,0.0,42,0.0,0.0,-0.0,0.0,-0.0,0,0,0,0,0.0,0,0,0,0,0,0,0,0,0,0,0,0,0,0,0,0,0,0,0,0,0,0,0,0,0,0,0,0,0,0,0,0,0,8,35,35,43,65476,353,65476,1,0,4,21553,0.0,0.0,-0.0,0.0,0.0,0.0,0.0,0.0,0.0,0.0,0.0,0.0,0.0,0.0,0.0,0.0,0.0,0.0,0.0,0.0,0.0,2.004,3.697062548517736e+19,-0.0,2.004,0.0,0.0,0.0,0.0,0.0,6649.0,-2.4230026042814656e+24,0.0,0.0,0.0,0.0,0.0,0.0,0.0,2.004,2.004,226,0.0,0.0,0.0,0.0,0.0,0.0,0.0,0.0,0.0,0,0,0,-83.132,9.829439476198277e+17,1.6441323585558787e+23,-127107.922,2.7419849671896465e+19,-3796.12,132.274,0.0,-55051011751936.0,-2.2221005557265756e+24,-0.002,7928041984.0,0.0,0.0,0.0,-60195848192.0,0,1.3516416376850534e+27,226,0.0,452,-0.0,0.0,2114,0,17110,13107,17112,0,17096,0,0,0,101,100,100,0.0,64.9,-107615240.0,64.9,-107615240.0,64.5,1,49,50,180,0,0,0,0,0.0,0.0,0.0,60.0,-0.0,71.0,0.0,0.0,0.0,1070,0,1070,0,0,0,1070,0,1081,0,1000,0,649,0,649,0,645,0,675,0.032,1.2543785970122495e+22,-2.004,0.0,31248,16814,-0.0,0.0,-0.0,-0.0,-4.1249744314267124e+27,-1.6662688040353964e+30,50.0,60.0,35,0.0,0.0,10.0,2.0,0.0,0.0,0.0,0.0,0.0,0.0,0.0,0.0,0.0,0.0,0.0,0.0,59.2,49,14,65513,26,65476,0,300,0,0,8,20529,65476,0,0,30147,60.0,0.0,10.0,10.0,2.0,0.0
2026-02-16T12:21:54,ERR,ERR,ERR,ERR,ERR,ERR,ERR,ERR,ERR,ERR,ERR,ERR,ERR,ERR,ERR,ERR,ERR,ERR,ERR,ERR,ERR,ERR,ERR,ERR,ERR,ERR,ERR,ERR,ERR,ERR,ERR,ERR,ERR,ERR,ERR,ERR,ERR,ERR,ERR,ERR,ERR,ERR,ERR,ERR,ERR,ERR,ERR,ERR,ERR,ERR,ERR,ERR,ERR,ERR,ERR,ERR,ERR,ERR,ERR,ERR,ERR,ERR,ERR,ERR,ERR,ERR,ERR,ERR,ERR,ERR,ERR,ERR,ERR,ERR,ERR,ERR,ERR,ERR,ERR,ERR,ERR,ERR,ERR,ERR,ERR,ERR,ERR,ERR,ERR,ERR,ERR,ERR,ERR,ERR,ERR,ERR,ERR,ERR,ERR,ERR,ERR,ERR,ERR,ERR,ERR,ERR,ERR,ERR,ERR,ERR,ERR,ERR,ERR,ERR,ERR,ERR,ERR,ERR,ERR,ERR,ERR,ERR,ERR,ERR,ERR,0.0,-2.7184523587222433e+23,0.0,-0.0,-3.950258854565486e+28,-3.240822357485156e+23,0.0,1.221489499761731e+36,4300,0,8,17169,4300,0.0,42,0.0,0.0,-0.0,0.0,-0.0,0,0,0,0,0.0,0,0,0,0,0,0,0,0,0,0,0,0,0,0,0,0,0,0,0,0,0,0,0,0,0,0,0,0,0,0,0,0,0,8,35,35,43,65476,353,65476,1,0,4,21553,0.0,0.0,-0.0,0.0,0.0,0.0,0.0,0.0,0.0,0.0,0.0,0.0,0.0,0.0,0.0,0.0,0.0,0.0,0.0,0.0,0.0,2.004,3.697062548517736e+19,-0.0,2.004,0.0,0.0,0.0,0.0,0.0,6649.0,-2.4230026042814656e+24,0.0,0.0,0.0,0.0,0.0,0.0,0.0,2.004,2.004,226,0.0,0.0,0.0,0.0,0.0,0.0,0.0,0.0,0.0,0,0,0,-83.132,9.829439476198277e+17,1.6441323585558787e+23,-127107.922,2.7419849671896465e+19,-3796.12,132.274,0.0,-55051011751936.0,-2.2221005557265756e+24,-0.002,7928041984.0,0.0,0.0,0.0,-60195848192.0,0,1.3516416376850534e+27,226,0.0,452,-0.0,0.0,2114,0,17110,13107,17112,0,17096,0,0,0,101,100,100,0.0,64.9,-107615240.0,64.9,-107615240.0,64.5,1,49,50,180,0,0,0,0,0.0,0.0,0.0,60.0,-0.0,71.0,0.0,0.0,0.0,1070,0,1070,0,0,0,1070,0,1081,0,1000,0,649,0,649,0,645,0,675,0.032,1.2543785970122495e+22,-2.004,0.0,31248,16814,-0.0,0.0,-0.0,-0.0,-4.1249744314267124e+27,-1.6662688040353964e+30,50.0,60.0,35,0.0,0.0,10.0,2.0,0.0,0.0,0.0,0.0,0.0,0.0,0.0,0.0,0.0,0.0,0.0,0.0,58.8,49,14,65513,26,65476,0,300,0,0,8,20529,65476,0,0,30147,60.0,0.0,10.0,10.0,2.0,0.0
2026-02-16T12:21:55,ERR,ERR,ERR,ERR,ERR,ERR,ERR,ERR,ERR,ERR,ERR,ERR,ERR,ERR,ERR,ERR,ERR,ERR,ERR,ERR,ERR,ERR,ERR,ERR,ERR,ERR,ERR,ERR,ERR,ERR,ERR,ERR,ERR,ERR,ERR,ERR,ERR,ERR,ERR,ERR,ERR,ERR,ERR,ERR,ERR,ERR,ERR,ERR,ERR,ERR,ERR,ERR,ERR,ERR,ERR,ERR,ERR,ERR,ERR,ERR,ERR,ERR,ERR,ERR,ERR,ERR,ERR,ERR,ERR,ERR,ERR,ERR,ERR,ERR,ERR,ERR,ERR,ERR,ERR,ERR,ERR,ERR,ERR,ERR,ERR,ERR,ERR,ERR,ERR,ERR,ERR,ERR,ERR,ERR,ERR,ERR,ERR,ERR,ERR,ERR,ERR,ERR,ERR,ERR,ERR,ERR,ERR,ERR,ERR,ERR,ERR,ERR,ERR,ERR,ERR,ERR,ERR,ERR,ERR,ERR,ERR,ERR,ERR,ERR,ERR,0.0,-2.7184523587222433e+23,0.0,-0.0,-3.950258854565486e+28,-3.240822357485156e+23,0.0,1.221489499761731e+36,4300,0,8,17169,4300,0.0,42,0.0,0.0,-0.0,0.0,-0.0,0,0,0,0,0.0,0,0,0,0,0,0,0,0,0,0,0,0,0,0,0,0,0,0,0,0,0,0,0,0,0,0,0,0,0,0,0,0,0,8,35,35,43,65476,353,65476,1,0,4,21553,0.0,0.0,-0.0,0.0,0.0,0.0,0.0,0.0,0.0,0.0,0.0,0.0,0.0,0.0,0.0,0.0,0.0,0.0,0.0,0.0,0.0,2.004,3.697062548517736e+19,-0.0,2.004,0.0,0.0,0.0,0.0,0.0,6649.0,-2.4230026042814656e+24,0.0,0.0,0.0,0.0,0.0,0.0,0.0,2.004,2.004,226,0.0,0.0,0.0,0.0,0.0,0.0,0.0,0.0,0.0,0,0,0,-83.132,9.829439476198277e+17,1.6441323585558787e+23,-127107.922,2.7419849671896465e+19,-3796.12,132.274,0.0,-55051011751936.0,-2.2221005557265756e+24,-0.002,7928041984.0,0.0,0.0,0.0,-60195848192.0,0,1.3516416376850534e+27,226,0.0,452,-0.0,0.0,2114,0,17110,13107,17112,0,17096,0,0,0,101,100,100,0.0,64.9,-107615240.0,64.8,-0.0,64.5,1,49,50,180,0,0,0,0,0.0,0.0,0.0,60.0,-0.0,71.0,0.0,-0.0,0.0,1070,0,1070,0,0,0,1070,0,1081,0,1000,0,649,0,650,0,645,0,675,0.032,1.0477750633867025e+22,-2.004,0.0,31376,16814,1.3243097142801264e+38,-0.0,-5.663831115485152e+26,0.0,0.0,0.0,50.0,60.0,35,0.0,0.0,10.0,2.0,0.0,0.0,0.0,0.0,0.0,0.0,0.0,0.0,0.0,0.0,0.0,0.0,58.8,49,14,65513,26,65476,0,300,0,0,8,20529,65476,0,0,30147,60.0,0.0,10.0,10.0,2.0,0.0
2026-02-16T12:21:56,ERR,ERR,ERR,ERR,ERR,ERR,ERR,ERR,ERR,ERR,ERR,ERR,ERR,ERR,ERR,ERR,ERR,ERR,ERR,ERR,ERR,ERR,ERR,ERR,ERR,ERR,ERR,ERR,ERR,ERR,ERR,ERR,ERR,ERR,ERR,ERR,ERR,ERR,ERR,ERR,ERR,ERR,ERR,ERR,ERR,ERR,ERR,ERR,ERR,ERR,ERR,ERR,ERR,ERR,ERR,ERR,ERR,ERR,ERR,ERR,ERR,ERR,ERR,ERR,ERR,ERR,ERR,ERR,ERR,ERR,ERR,ERR,ERR,ERR,ERR,ERR,ERR,ERR,ERR,ERR,ERR,ERR,ERR,ERR,ERR,ERR,ERR,ERR,ERR,ERR,ERR,ERR,ERR,ERR,ERR,ERR,ERR,ERR,ERR,ERR,ERR,ERR,ERR,ERR,ERR,ERR,ERR,ERR,ERR,ERR,ERR,ERR,ERR,ERR,ERR,ERR,ERR,ERR,ERR,ERR,ERR,ERR,ERR,ERR,ERR,0.0,-2.7184523587222433e+23,0.0,-0.0,-3.950258854565486e+28,-3.240822357485156e+23,0.0,1.221489499761731e+36,4300,0,8,17169,4300,0.0,42,0.0,0.0,-0.0,0.0,-0.0,0,0,0,0,0.0,0,0,0,0,0,0,0,0,0,0,0,0,0,0,0,0,0,0,0,0,0,0,0,0,0,0,0,0,0,0,0,0,0,8,35,35,43,65476,353,65476,1,0,4,21553,0.0,0.0,-0.0,0.0,0.0,0.0,0.0,0.0,0.0,0.0,0.0,0.0,0.0,0.0,0.0,0.0,0.0,0.0,0.0,0.0,0.0,2.004,3.697062548517736e+19,-0.0,2.004,0.0,0.0,0.0,0.0,0.0,6649.0,-2.4230026042814656e+24,0.0,0.0,0.0,0.0,0.0,0.0,0.0,2.004,2.004,226,0.0,0.0,0.0,0.0,0.0,0.0,0.0,0.0,0.0,0,0,0,-83.132,9.829439476198277e+17,1.6441323585558787e+23,-127107.922,2.7419849671896465e+19,-3796.12,132.274,0.0,-55051011751936.0,-2.2221005557265756e+24,-0.002,7928041984.0,0.0,0.0,0.0,-60195848192.0,0,1.3516416376850534e+27,226,0.0,452,-0.0,0.0,2114,0,17110,13107,17112,0,17096,0,0,0,101,100,100,0.0,64.9,-107615240.0,64.8,-0.0,64.5,1,49,50,180,0,0,0,0,0.0,0.0,0.0,60.0,-0.0,71.0,0.0,-0.0,0.0,1070,0,1070,0,0,0,1070,0,1081,0,1000,0,649,0,650,0,645,0,675,0.032,1.0477750633867025e+22,-2.004,0.0,31376,16814,1.3243097142801264e+38,-0.0,-5.663831115485152e+26,0.0,0.0,0.0,50.0,60.0,35,0.0,0.0,10.0,2.0,0.0,0.0,0.0,0.0,0.0,0.0,0.0,0.0,0.0,0.0,0.0,0.0,58.8,49,14,65513,26,65476,0,300,0,0,8,20529,65476,0,0,30147,60.0,0.0,10.0,10.0,2.0,0.0
2026-02-16T12:21:57,ERR,ERR,ERR,ERR,ERR,ERR,ERR,ERR,ERR,ERR,ERR,ERR,ERR,ERR,ERR,ERR,ERR,ERR,ERR,ERR,ERR,ERR,ERR,ERR,ERR,ERR,ERR,ERR,ERR,ERR,ERR,ERR,ERR,ERR,ERR,ERR,ERR,ERR,ERR,ERR,ERR,ERR,ERR,ERR,ERR,ERR,ERR,ERR,ERR,ERR,ERR,ERR,ERR,ERR,ERR,ERR,ERR,ERR,ERR,ERR,ERR,ERR,ERR,ERR,ERR,ERR,ERR,ERR,ERR,ERR,ERR,ERR,ERR,ERR,ERR,ERR,ERR,ERR,ERR,ERR,ERR,ERR,ERR,ERR,ERR,ERR,ERR,ERR,ERR,ERR,ERR,ERR,ERR,ERR,ERR,ERR,ERR,ERR,ERR,ERR,ERR,ERR,ERR,ERR,ERR,ERR,ERR,ERR,ERR,ERR,ERR,ERR,ERR,ERR,ERR,ERR,ERR,ERR,ERR,ERR,ERR,ERR,ERR,ERR,ERR,0.0,-2.7184523587222433e+23,0.0,-0.0,-3.950258854565486e+28,-3.240822357485156e+23,0.0,1.221489499761731e+36,4300,0,8,17169,4300,0.0,42,0.0,0.0,-0.0,0.0,-0.0,0,0,0,0,0.0,0,0,0,0,0,0,0,0,0,0,0,0,0,0,0,0,0,0,0,0,0,0,0,0,0,0,0,0,0,0,0,0,0,8,35,35,43,65476,353,65476,1,0,4,21553,0.0,0.0,-0.0,0.0,0.0,0.0,0.0,0.0,0.0,0.0,0.0,0.0,0.0,0.0,0.0,0.0,0.0,0.0,0.0,0.0,0.0,2.004,3.697062548517736e+19,-0.0,2.004,0.0,0.0,0.0,0.0,0.0,6649.0,-2.4230026042814656e+24,0.0,0.0,0.0,0.0,0.0,0.0,0.0,2.004,2.004,226,0.0,0.0,0.0,0.0,0.0,0.0,0.0,0.0,0.0,0,0,0,-83.132,9.829439476198277e+17,1.6441323585558787e+23,-127107.922,2.7419849671896465e+19,-3796.12,132.274,0.0,-55051011751936.0,-2.2221005557265756e+24,-0.002,7928041984.0,0.0,0.0,0.0,-60195848192.0,0,1.3516416376850534e+27,226,0.0,452,-0.0,0.0,2114,0,17110,13107,17112,0,17096,0,0,0,101,100,100,0.0,64.9,-107615240.0,64.8,-0.0,64.5,1,49,50,180,0,0,0,0,0.0,0.0,0.0,60.0,-0.0,71.0,0.0,-0.0,0.0,1070,0,1070,0,0,0,1070,0,1081,0,1000,0,649,0,650,0,645,0,675,0.032,1.0477750633867025e+22,-2.004,0.0,31376,16814,1.3243097142801264e+38,-0.0,-5.663831115485152e+26,0.0,0.0,0.0,50.0,60.0,35,0.0,0.0,10.0,2.0,0.0,0.0,0.0,0.0,0.0,0.0,0.0,0.0,0.0,0.0,0.0,0.0,58.8,49,14,65513,26,65476,0,300,0,0,8,20529,65476,0,0,30147,60.0,0.0,10.0,10.0,2.0,0.0
2026-02-16T12:21:58,ERR,ERR,ERR,ERR,ERR,ERR,ERR,ERR,ERR,ERR,ERR,ERR,ERR,ERR,ERR,ERR,ERR,ERR,ERR,ERR,ERR,ERR,ERR,ERR,ERR,ERR,ERR,ERR,ERR,ERR,ERR,ERR,ERR,ERR,ERR,ERR,ERR,ERR,ERR,ERR,ERR,ERR,ERR,ERR,ERR,ERR,ERR,ERR,ERR,ERR,ERR,ERR,ERR,ERR,ERR,ERR,ERR,ERR,ERR,ERR,ERR,ERR,ERR,ERR,ERR,ERR,ERR,ERR,ERR,ERR,ERR,ERR,ERR,ERR,ERR,ERR,ERR,ERR,ERR,ERR,ERR,ERR,ERR,ERR,ERR,ERR,ERR,ERR,ERR,ERR,ERR,ERR,ERR,ERR,ERR,ERR,ERR,ERR,ERR,ERR,ERR,ERR,ERR,ERR,ERR,ERR,ERR,ERR,ERR,ERR,ERR,ERR,ERR,ERR,ERR,ERR,ERR,ERR,ERR,ERR,ERR,ERR,ERR,ERR,ERR,0.0,0.0,-0.0,-0.0,1.8194473603301376e+16,-0.0,-0.024,0.0,4300,0,8,17169,4300,0.0,41,0.0,0.0,-0.0,0.0,0.059,0,0,0,0,0.0,0,0,0,0,0,0,0,0,0,0,0,0,0,0,0,0,0,0,0,0,0,0,0,0,0,0,0,0,0,0,0,0,0,9,35,35,43,65476,352,65476,1,0,4,21553,0.0,0.0,-1.2475381921282271e+21,0.0,0.0,0.0,0.0,0.0,0.0,0.0,0.0,0.0,0.0,0.0,0.0,0.0,0.0,0.0,0.0,0.0,0.0,2.004,3.697062548517736e+19,-2.004,0.0,0.0,0.0,0.0,0.0,0.0,6647.0,-0.0,0.0,0.0,0.0,0.0,0.0,-0.0,0.0,2.004,2.004,223,0.0,-4.950424729324142e+32,0.0,0.0,0.0,0.0,0.0,0.0,0.0,0,0,0,-0.212,-2.3595868548900215e+30,2.2713792130652412e+21,-0.0,6.151516450765247e+23,25068504.0,0.0,-0.0,0.0,-2.335437351315447e+24,-0.003,8330695168.0,0.0,0.0,0.0,-0.0,0,1.3516416376850534e+27,223,0.0,446,-74360974999552.0,4.538274029851923e+24,2114,0,17110,13107,17112,0,17096,0,0,0,101,100,100,0.0,64.9,-107615240.0,64.8,-0.0,64.5,1,49,50,180,0,0,0,0,0.0,0.0,0.0,60.0,-0.0,71.0,0.0,-0.0,0.0,1070,0,1070,0,0,0,1070,0,1081,0,1000,0,649,0,650,0,645,0,675,0.032,1.0477750633867025e+22,-2.004,0.0,31376,16814,1.3243097142801264e+38,-0.0,-5.663831115485152e+26,0.0,0.0,0.0,50.0,60.0,35,0.0,0.0,10.0,2.0,0.0,0.0,0.0,0.0,0.0,0.0,0.0,0.0,0.0,0.0,0.0,0.0,58.8,49,14,65513,26,65476,0,300,0,0,8,20529,65476,0,0,30147,60.0,0.0,10.0,10.0,2.0,0.0
2026-02-16T12:21:59,ERR,ERR,ERR,ERR,ERR,ERR,ERR,ERR,ERR,ERR,ERR,ERR,ERR,ERR,ERR,ERR,ERR,ERR,ERR,ERR,ERR,ERR,ERR,ERR,ERR,ERR,ERR,ERR,ERR,ERR,ERR,ERR,ERR,ERR,ERR,ERR,ERR,ERR,ERR,ERR,ERR,ERR,ERR,ERR,ERR,ERR,ERR,ERR,ERR,ERR,ERR,ERR,ERR,ERR,ERR,ERR,ERR,ERR,ERR,ERR,ERR,ERR,ERR,ERR,ERR,ERR,ERR,ERR,ERR,ERR,ERR,ERR,ERR,ERR,ERR,ERR,ERR,ERR,ERR,ERR,ERR,ERR,ERR,ERR,ERR,ERR,ERR,ERR,ERR,ERR,ERR,ERR,ERR,ERR,ERR,ERR,ERR,ERR,ERR,ERR,ERR,ERR,ERR,ERR,ERR,ERR,ERR,ERR,ERR,ERR,ERR,ERR,ERR,ERR,ERR,ERR,ERR,ERR,ERR,ERR,ERR,ERR,ERR,ERR,ERR,0.0,0.0,-0.0,-0.0,1.8194473603301376e+16,-0.0,-0.024,0.0,4300,0,8,17169,4300,0.0,41,0.0,0.0,-0.0,0.0,0.059,0,0,0,0,0.0,0,0,0,0,0,0,0,0,0,0,0,0,0,0,0,0,0,0,0,0,0,0,0,0,0,0,0,0,0,0,0,0,0,9,35,35,43,65476,352,65476,1,0,4,21553,0.0,0.0,-1.2475381921282271e+21,0.0,0.0,0.0,0.0,0.0,0.0,0.0,0.0,0.0,0.0,0.0,0.0,0.0,0.0,0.0,0.0,0.0,0.0,2.004,3.697062548517736e+19,-2.004,0.0,0.0,0.0,0.0,0.0,0.0,6647.0,-0.0,0.0,0.0,0.0,0.0,0.0,-0.0,0.0,2.004,2.004,223,0.0,-4.950424729324142e+32,0.0,0.0,0.0,0.0,0.0,0.0,0.0,0,0,0,-0.212,-2.3595868548900215e+30,2.2713792130652412e+21,-0.0,6.151516450765247e+23,25068504.0,0.0,-0.0,0.0,-2.335437351315447e+24,-0.003,8330695168.0,0.0,0.0,0.0,-0.0,0,1.3516416376850534e+27,223,0.0,446,-74360974999552.0,4.538274029851923e+24,2114,0,17110,13107,17112,0,17096,0,0,0,101,100,100,0.0,64.5,0.0,65.4,-107615240.0,64.5,1,49,50,180,0,0,0,0,0.0,0.0,0.0,60.0,8.36689876789916e+33,71.0,0.0,7.477,0.0,1070,0,1070,0,0,0,1070,0,1081,0,1000,0,649,0,650,0,645,0,674,0.032,1.4536034330083127e+22,-0.0,-107615280.0,30096,16814,-0.0,7.477,-0.0,-171534106624.0,-2.7930235932635667e+20,-7.640794733890609e+24,50.0,60.0,35,0.0,0.0,10.0,2.0,0.0,0.0,0.0,0.0,0.0,0.0,0.0,0.0,0.0,0.0,0.0,0.0,58.8,49,14,65513,26,65476,0,300,0,0,8,20529,65476,0,0,30147,60.0,0.0,10.0,10.0,2.0,0.0
2026-02-16T12:22:00,ERR,ERR,ERR,ERR,ERR,ERR,ERR,ERR,ERR,ERR,ERR,ERR,ERR,ERR,ERR,ERR,ERR,ERR,ERR,ERR,ERR,ERR,ERR,ERR,ERR,ERR,ERR,ERR,ERR,ERR,ERR,ERR,ERR,ERR,ERR,ERR,ERR,ERR,ERR,ERR,ERR,ERR,ERR,ERR,ERR,ERR,ERR,ERR,ERR,ERR,ERR,ERR,ERR,ERR,ERR,ERR,ERR,ERR,ERR,ERR,ERR,ERR,ERR,ERR,ERR,ERR,ERR,ERR,ERR,ERR,ERR,ERR,ERR,ERR,ERR,ERR,ERR,ERR,ERR,ERR,ERR,ERR,ERR,ERR,ERR,ERR,ERR,ERR,ERR,ERR,ERR,ERR,ERR,ERR,ERR,ERR,ERR,ERR,ERR,ERR,ERR,ERR,ERR,ERR,ERR,ERR,ERR,ERR,ERR,ERR,ERR,ERR,ERR,ERR,ERR,ERR,ERR,ERR,ERR,ERR,ERR,ERR,ERR,ERR,ERR,0.0,0.0,-0.0,-0.0,1.8194473603301376e+16,-0.0,-0.024,0.0,4300,0,8,17169,4300,0.0,41,0.0,0.0,-0.0,0.0,0.059,0,0,0,0,0.0,0,0,0,0,0,0,0,0,0,0,0,0,0,0,0,0,0,0,0,0,0,0,0,0,0,0,0,0,0,0,0,0,0,9,35,35,43,65476,352,65476,1,0,4,21553,0.0,0.0,-1.2475381921282271e+21,0.0,0.0,0.0,0.0,0.0,0.0,0.0,0.0,0.0,0.0,0.0,0.0,0.0,0.0,0.0,0.0,0.0,0.0,2.004,3.697062548517736e+19,-2.004,0.0,0.0,0.0,0.0,0.0,0.0,6647.0,-0.0,0.0,0.0,0.0,0.0,0.0,-0.0,0.0,2.004,2.004,223,0.0,-4.950424729324142e+32,0.0,0.0,0.0,0.0,0.0,0.0,0.0,0,0,0,-0.212,-2.3595868548900215e+30,2.2713792130652412e+21,-0.0,6.151516450765247e+23,25068504.0,0.0,-0.0,0.0,-2.335437351315447e+24,-0.003,8330695168.0,0.0,0.0,0.0,-0.0,0,1.3516416376850534e+27,223,0.0,446,-74360974999552.0,4.538274029851923e+24,2114,0,17110,13107,17112,0,17096,0,0,0,101,100,100,0.0,64.5,0.0,65.4,-107615240.0,64.5,1,49,50,180,0,0,0,0,0.0,0.0,0.0,60.0,8.36689876789916e+33,71.0,0.0,7.477,0.0,1070,0,1070,0,0,0,1070,0,1081,0,1000,0,649,0,650,0,645,0,674,0.032,1.4536034330083127e+22,-0.0,-107615280.0,30096,16814,-0.0,7.477,-0.0,-171534106624.0,-2.7930235932635667e+20,-7.640794733890609e+24,50.0,60.0,35,0.0,0.0,10.0,2.0,0.0,0.0,0.0,0.0,0.0,0.0,0.0,0.0,0.0,0.0,0.0,0.0,58.8,49,14,65513,26,65476,0,300,0,0,8,20529,65476,0,0,30147,60.0,0.0,10.0,10.0,2.0,0.0
2026-02-16T12:22:01,ERR,ERR,ERR,ERR,ERR,ERR,ERR,ERR,ERR,ERR,ERR,ERR,ERR,ERR,ERR,ERR,ERR,ERR,ERR,ERR,ERR,ERR,ERR,ERR,ERR,ERR,ERR,ERR,ERR,ERR,ERR,ERR,ERR,ERR,ERR,ERR,ERR,ERR,ERR,ERR,ERR,ERR,ERR,ERR,ERR,ERR,ERR,ERR,ERR,ERR,ERR,ERR,ERR,ERR,ERR,ERR,ERR,ERR,ERR,ERR,ERR,ERR,ERR,ERR,ERR,ERR,ERR,ERR,ERR,ERR,ERR,ERR,ERR,ERR,ERR,ERR,ERR,ERR,ERR,ERR,ERR,ERR,ERR,ERR,ERR,ERR,ERR,ERR,ERR,ERR,ERR,ERR,ERR,ERR,ERR,ERR,ERR,ERR,ERR,ERR,ERR,ERR,ERR,ERR,ERR,ERR,ERR,ERR,ERR,ERR,ERR,ERR,ERR,ERR,ERR,ERR,ERR,ERR,ERR,ERR,ERR,ERR,ERR,ERR,ERR,0.0,0.0,-0.0,-0.0,1.8194473603301376e+16,-0.0,-0.024,0.0,4300,0,8,17169,4300,0.0,41,0.0,0.0,-0.0,0.0,0.059,0,0,0,0,0.0,0,0,0,0,0,0,0,0,0,0,0,0,0,0,0,0,0,0,0,0,0,0,0,0,0,0,0,0,0,0,0,0,0,9,35,35,43,65476,352,65476,1,0,4,21553,0.0,0.0,-1.2475381921282271e+21,0.0,0.0,0.0,0.0,0.0,0.0,0.0,0.0,0.0,0.0,0.0,0.0,0.0,0.0,0.0,0.0,0.0,0.0,2.004,3.697062548517736e+19,-2.004,0.0,0.0,0.0,0.0,0.0,0.0,6647.0,-0.0,0.0,0.0,0.0,0.0,0.0,-0.0,0.0,2.004,2.004,223,0.0,-4.950424729324142e+32,0.0,0.0,0.0,0.0,0.0,0.0,0.0,0,0,0,-0.212,-2.3595868548900215e+30,2.2713792130652412e+21,-0.0,6.151516450765247e+23,25068504.0,0.0,-0.0,0.0,-2.335437351315447e+24,-0.003,8330695168.0,0.0,0.0,0.0,-0.0,0,1.3516416376850534e+27,223,0.0,446,-74360974999552.0,4.538274029851923e+24,2114,0,17110,13107,17112,0,17096,0,0,0,101,100,100,0.0,64.5,0.0,65.4,-107615240.0,64.5,1,49,50,180,0,0,0,0,0.0,0.0,0.0,60.0,8.36689876789916e+33,71.0,0.0,7.477,0.0,1070,0,1070,0,0,0,1070,0,1081,0,1000,0,649,0,650,0,645,0,674,0.032,1.4536034330083127e+22,-0.0,-107615280.0,30096,16814,-0.0,7.477,-0.0,-171534106624.0,-2.7930235932635667e+20,-7.640794733890609e+24,50.0,60.0,35,0.0,0.0,10.0,2.0,0.0,0.0,0.0,0.0,0.0,0.0,0.0,0.0,0.0,0.0,0.0,0.0,58.8,49,14,65513,26,65476,0,300,0,0,8,20529,65476,0,0,30147,60.0,0.0,10.0,10.0,2.0,0.0
2026-02-16T12:22:02,ERR,ERR,ERR,ERR,ERR,ERR,ERR,ERR,ERR,ERR,ERR,ERR,ERR,ERR,ERR,ERR,ERR,ERR,ERR,ERR,ERR,ERR,ERR,ERR,ERR,ERR,ERR,ERR,ERR,ERR,ERR,ERR,ERR,ERR,ERR,ERR,ERR,ERR,ERR,ERR,ERR,ERR,ERR,ERR,ERR,ERR,ERR,ERR,ERR,ERR,ERR,ERR,ERR,ERR,ERR,ERR,ERR,ERR,ERR,ERR,ERR,ERR,ERR,ERR,ERR,ERR,ERR,ERR,ERR,ERR,ERR,ERR,ERR,ERR,ERR,ERR,ERR,ERR,ERR,ERR,ERR,ERR,ERR,ERR,ERR,ERR,ERR,ERR,ERR,ERR,ERR,ERR,ERR,ERR,ERR,ERR,ERR,ERR,ERR,ERR,ERR,ERR,ERR,ERR,ERR,ERR,ERR,ERR,ERR,ERR,ERR,ERR,ERR,ERR,ERR,ERR,ERR,ERR,ERR,ERR,ERR,ERR,ERR,ERR,ERR,0.0,0.0,-0.0,-0.0,1.8194473603301376e+16,-0.0,-0.0,0.001,4300,0,8,17169,4300,0.0,42,0.0,0.0,-0.0,0.0,0.059,0,0,0,0,0.0,0,0,0,0,0,0,0,0,0,0,0,0,0,0,0,0,0,0,0,0,0,0,0,0,0,0,0,0,0,0,0,0,0,9,35,35,44,65476,355,65476,1,0,4,21553,0.0,0.0,-6940412673523712.0,0.0,0.0,0.0,0.0,0.0,0.0,0.0,0.0,0.0,0.0,0.0,0.0,0.0,0.0,0.0,0.0,0.0,0.0,2.004,3.697062548517736e+19,-2.004,0.0,0.0,0.0,0.0,0.0,0.0,6648.0,-2.4230026042814656e+24,0.0,0.0,0.0,0.0,0.0,0.0,0.0,2.004,2.004,225,0.0,0.0,0.0,0.0,0.0,0.0,0.0,0.0,0.0,0,0,0,-16401263.0,-0.0,5.6399636111979424e+26,-0.0,43557257216.0,-1.713757580953062e+22,-0.0,0.0,1889738752.0,-2.4985861205108574e+24,-0.003,8876762112.0,0.0,0.0,0.0,-0.0,0,1.3516416376850534e+27,224,0.0,448,-74360974999552.0,4.538274029851923e+24,2114,0,17110,13107,17112,0,17096,0,0,0,101,100,100,0.0,64.9,-107615240.0,65.4,-107615240.0,64.5,1,49,50,180,0,0,0,0,0.0,0.0,0.0,60.0,5.71266677227287e+31,71.0,0.0,-0.0,0.0,1070,0,1070,0,0,0,1070,0,1081,0,1000,0,649,0,650,0,645,0,674,0.032,1.2617572946417333e+22,-0.0,-107615280.0,18704,16814,5.71266677227287e+31,-0.0,-0.0,-0.0,-1.3805996933067505e+31,-6.756585436341708e+32,50.0,60.0,35,0.0,0.0,10.0,2.0,0.0,0.0,0.0,0.0,0.0,0.0,0.0,0.0,0.0,0.0,0.0,0.0,58.8,49,14,65513,26,65476,0,300,0,0,8,20529,65476,0,0,30147,60.0,0.0,10.0,10.0,2.0,0.0
2026-02-16T12:22:03,ERR,ERR,ERR,ERR,ERR,ERR,ERR,ERR,ERR,ERR,ERR,ERR,ERR,ERR,ERR,ERR,ERR,ERR,ERR,ERR,ERR,ERR,ERR,ERR,ERR,ERR,ERR,ERR,ERR,ERR,ERR,ERR,ERR,ERR,ERR,ERR,ERR,ERR,ERR,ERR,ERR,ERR,ERR,ERR,ERR,ERR,ERR,ERR,ERR,ERR,ERR,ERR,ERR,ERR,ERR,ERR,ERR,ERR,ERR,ERR,ERR,ERR,ERR,ERR,ERR,ERR,ERR,ERR,ERR,ERR,ERR,ERR,ERR,ERR,ERR,ERR,ERR,ERR,ERR,ERR,ERR,ERR,ERR,ERR,ERR,ERR,ERR,ERR,ERR,ERR,ERR,ERR,ERR,ERR,ERR,ERR,ERR,ERR,ERR,ERR,ERR,ERR,ERR,ERR,ERR,ERR,ERR,ERR,ERR,ERR,ERR,ERR,ERR,ERR,ERR,ERR,ERR,ERR,ERR,ERR,ERR,ERR,ERR,ERR,ERR,0.0,0.0,-0.0,-0.0,1.8194473603301376e+16,-0.0,-0.0,0.001,4300,0,8,17169,4300,0.0,42,0.0,0.0,-0.0,0.0,0.059,0,0,0,0,0.0,0,0,0,0,0,0,0,0,0,0,0,0,0,0,0,0,0,0,0,0,0,0,0,0,0,0,0,0,0,0,0,0,0,9,35,35,44,65476,355,65476,1,0,4,21553,0.0,0.0,-6940412673523712.0,0.0,0.0,0.0,0.0,0.0,0.0,0.0,0.0,0.0,0.0,0.0,0.0,0.0,0.0,0.0,0.0,0.0,0.0,2.004,3.697062548517736e+19,-2.004,0.0,0.0,0.0,0.0,0.0,0.0,6648.0,-2.4230026042814656e+24,0.0,0.0,0.0,0.0,0.0,0.0,0.0,2.004,2.004,225,0.0,0.0,0.0,0.0,0.0,0.0,0.0,0.0,0.0,0,0,0,-16401263.0,-0.0,5.6399636111979424e+26,-0.0,43557257216.0,-1.713757580953062e+22,-0.0,0.0,1889738752.0,-2.4985861205108574e+24,-0.003,8876762112.0,0.0,0.0,0.0,-0.0,0,1.3516416376850534e+27,224,0.0,448,-74360974999552.0,4.538274029851923e+24,2114,0,17110,13107,17112,0,17096,0,0,0,101,100,100,0.0,64.9,-107615240.0,65.4,-107615240.0,64.5,1,49,50,180,0,0,0,0,0.0,0.0,0.0,60.0,5.71266677227287e+31,71.0,0.0,-0.0,0.0,1070,0,1070,0,0,0,1070,0,1081,0,1000,0,649,0,650,0,645,0,674,0.032,1.2617572946417333e+22,-0.0,-107615280.0,18704,16814,5.71266677227287e+31,-0.0,-0.0,-0.0,-1.3805996933067505e+31,-6.756585436341708e+32,50.0,60.0,35,0.0,0.0,10.0,2.0,0.0,0.0,0.0,0.0,0.0,0.0,0.0,0.0,0.0,0.0,0.0,0.0,58.8,49,14,65513,26,65476,0,300,0,0,8,20529,65476,0,0,30147,60.0,0.0,10.0,10.0,2.0,0.0
2026-02-16T12:22:04,ERR,ERR,ERR,ERR,ERR,ERR,ERR,ERR,ERR,ERR,ERR,ERR,ERR,ERR,ERR,ERR,ERR,ERR,ERR,ERR,ERR,ERR,ERR,ERR,ERR,ERR,ERR,ERR,ERR,ERR,ERR,ERR,ERR,ERR,ERR,ERR,ERR,ERR,ERR,ERR,ERR,ERR,ERR,ERR,ERR,ERR,ERR,ERR,ERR,ERR,ERR,ERR,ERR,ERR,ERR,ERR,ERR,ERR,ERR,ERR,ERR,ERR,ERR,ERR,ERR,ERR,ERR,ERR,ERR,ERR,ERR,ERR,ERR,ERR,ERR,ERR,ERR,ERR,ERR,ERR,ERR,ERR,ERR,ERR,ERR,ERR,ERR,ERR,ERR,ERR,ERR,ERR,ERR,ERR,ERR,ERR,ERR,ERR,ERR,ERR,ERR,ERR,ERR,ERR,ERR,ERR,ERR,ERR,ERR,ERR,ERR,ERR,ERR,ERR,ERR,ERR,ERR,ERR,ERR,ERR,ERR,ERR,ERR,ERR,ERR,0.0,0.0,-0.0,-0.0,1.8194473603301376e+16,-0.0,-0.0,0.001,4300,0,8,17169,4300,0.0,42,0.0,0.0,-0.0,0.0,0.059,0,0,0,0,0.0,0,0,0,0,0,0,0,0,0,0,0,0,0,0,0,0,0,0,0,0,0,0,0,0,0,0,0,0,0,0,0,0,0,9,35,35,44,65476,355,65476,1,0,4,21553,0.0,0.0,-6940412673523712.0,0.0,0.0,0.0,0.0,0.0,0.0,0.0,0.0,0.0,0.0,0.0,0.0,0.0,0.0,0.0,0.0,0.0,0.0,2.004,3.697062548517736e+19,-2.004,0.0,0.0,0.0,0.0,0.0,0.0,6648.0,-2.4230026042814656e+24,0.0,0.0,0.0,0.0,0.0,0.0,0.0,2.004,2.004,225,0.0,0.0,0.0,0.0,0.0,0.0,0.0,0.0,0.0,0,0,0,-16401263.0,-0.0,5.6399636111979424e+26,-0.0,43557257216.0,-1.713757580953062e+22,-0.0,0.0,1889738752.0,-2.4985861205108574e+24,-0.003,8876762112.0,0.0,0.0,0.0,-0.0,0,1.3516416376850534e+27,224,0.0,448,-74360974999552.0,4.538274029851923e+24,2114,0,17110,13107,17112,0,17096,0,0,0,101,100,100,0.0,64.9,-107615240.0,65.4,-107615240.0,64.5,1,49,50,180,0,0,0,0,0.0,0.0,0.0,60.0,5.71266677227287e+31,71.0,0.0,-0.0,0.0,1070,0,1070,0,0,0,1070,0,1081,0,1000,0,649,0,650,0,645,0,674,0.032,1.2617572946417333e+22,-0.0,-107615280.0,18704,16814,5.71266677227287e+31,-0.0,-0.0,-0.0,-1.3805996933067505e+31,-6.756585436341708e+32,50.0,60.0,35,0.0,0.0,10.0,2.0,0.0,0.0,0.0,0.0,0.0,0.0,0.0,0.0,0.0,0.0,0.0,0.0,58.8,49,14,65513,26,65476,0,300,0,0,8,20529,65476,0,0,30147,60.0,0.0,10.0,10.0,2.0,0.0
2026-02-16T12:22:05,ERR,ERR,ERR,ERR,ERR,ERR,ERR,ERR,ERR,ERR,ERR,ERR,ERR,ERR,ERR,ERR,ERR,ERR,ERR,ERR,ERR,ERR,ERR,ERR,ERR,ERR,ERR,ERR,ERR,ERR,ERR,ERR,ERR,ERR,ERR,ERR,ERR,ERR,ERR,ERR,ERR,ERR,ERR,ERR,ERR,ERR,ERR,ERR,ERR,ERR,ERR,ERR,ERR,ERR,ERR,ERR,ERR,ERR,ERR,ERR,ERR,ERR,ERR,ERR,ERR,ERR,ERR,ERR,ERR,ERR,ERR,ERR,ERR,ERR,ERR,ERR,ERR,ERR,ERR,ERR,ERR,ERR,ERR,ERR,ERR,ERR,ERR,ERR,ERR,ERR,ERR,ERR,ERR,ERR,ERR,ERR,ERR,ERR,ERR,ERR,ERR,ERR,ERR,ERR,ERR,ERR,ERR,ERR,ERR,ERR,ERR,ERR,ERR,ERR,ERR,ERR,ERR,ERR,ERR,ERR,ERR,ERR,ERR,ERR,ERR,0.0,0.0,-0.0,-0.0,1.8194473603301376e+16,-0.0,-0.0,0.001,4300,0,8,17169,4300,0.0,42,0.0,0.0,-0.0,0.0,0.059,0,0,0,0,0.0,0,0,0,0,0,0,0,0,0,0,0,0,0,0,0,0,0,0,0,0,0,0,0,0,0,0,0,0,0,0,0,0,0,9,35,35,44,65476,355,65476,1,0,4,21553,0.0,0.0,-6940412673523712.0,0.0,0.0,0.0,0.0,0.0,0.0,0.0,0.0,0.0,0.0,0.0,0.0,0.0,0.0,0.0,0.0,0.0,0.0,2.004,3.697062548517736e+19,-2.004,0.0,0.0,0.0,0.0,0.0,0.0,6648.0,-2.4230026042814656e+24,0.0,0.0,0.0,0.0,0.0,0.0,0.0,2.004,2.004,225,0.0,0.0,0.0,0.0,0.0,0.0,0.0,0.0,0.0,0,0,0,-16401263.0,-0.0,5.6399636111979424e+26,-0.0,43557257216.0,-1.713757580953062e+22,-0.0,0.0,1889738752.0,-2.4985861205108574e+24,-0.003,8876762112.0,0.0,0.0,0.0,-0.0,0,1.3516416376850534e+27,224,0.0,448,-74360974999552.0,4.538274029851923e+24,2114,0,17110,13107,17112,0,17096,0,0,0,101,100,100,0.0,64.5,0.0,65.3,-0.0,64.5,1,49,50,180,0,0,0,0,0.0,0.0,0.0,60.0,1.9554775528498083e+32,71.0,0.0,-0.0,0.0,1070,0,1070,0,0,0,1070,0,1081,0,1000,0,649,0,650,0,645,0,674,0.032,1.0920472491636055e+22,-0.0,-107615280.0,23312,16814,2.6872150314188313e+24,-0.0,-0.0,-0.0,-2.9450628314828343e+27,-1.2391787349033029e+30,50.0,60.0,35,0.0,0.0,10.0,2.0,0.0,0.0,0.0,0.0,0.0,0.0,0.0,0.0,0.0,0.0,0.0,0.0,58.8,49,14,65513,26,65476,0,300,0,0,8,20529,65476,0,0,30147,60.0,0.0,10.0,10.0,2.0,0.0
2026-02-16T12:22:06,ERR,ERR,ERR,ERR,ERR,ERR,ERR,ERR,ERR,ERR,ERR,ERR,ERR,ERR,ERR,ERR,ERR,ERR,ERR,ERR,ERR,ERR,ERR,ERR,ERR,ERR,ERR,ERR,ERR,ERR,ERR,ERR,ERR,ERR,ERR,ERR,ERR,ERR,ERR,ERR,ERR,ERR,ERR,ERR,ERR,ERR,ERR,ERR,ERR,ERR,ERR,ERR,ERR,ERR,ERR,ERR,ERR,ERR,ERR,ERR,ERR,ERR,ERR,ERR,ERR,ERR,ERR,ERR,ERR,ERR,ERR,ERR,ERR,ERR,ERR,ERR,ERR,ERR,ERR,ERR,ERR,ERR,ERR,ERR,ERR,ERR,ERR,ERR,ERR,ERR,ERR,ERR,ERR,ERR,ERR,ERR,ERR,ERR,ERR,ERR,ERR,ERR,ERR,ERR,ERR,ERR,ERR,ERR,ERR,ERR,ERR,ERR,ERR,ERR,ERR,ERR,ERR,ERR,ERR,ERR,ERR,ERR,ERR,ERR,ERR,0.0,0.0,-0.0,-0.0,1.8194473603301376e+16,-0.0,-0.0,0.001,4300,0,8,17169,4300,0.0,42,0.0,0.0,-0.0,0.0,0.059,0,0,0,0,0.0,0,0,0,0,0,0,0,0,0,0,0,0,0,0,0,0,0,0,0,0,0,0,0,0,0,0,0,0,0,0,0,0,0,9,35,35,44,65476,355,65476,1,0,4,21553,0.0,0.0,-6940412673523712.0,0.0,0.0,0.0,0.0,0.0,0.0,0.0,0.0,0.0,0.0,0.0,0.0,0.0,0.0,0.0,0.0,0.0,0.0,2.004,3.697062548517736e+19,-2.004,0.0,0.0,0.0,0.0,0.0,0.0,6648.0,-2.4230026042814656e+24,0.0,0.0,0.0,0.0,0.0,0.0,0.0,2.004,2.004,225,0.0,0.0,0.0,0.0,0.0,0.0,0.0,0.0,0.0,0,0,0,-16401263.0,-0.0,5.6399636111979424e+26,-0.0,43557257216.0,-1.713757580953062e+22,-0.0,0.0,1889738752.0,-2.4985861205108574e+24,-0.003,8876762112.0,0.0,0.0,0.0,-0.0,0,1.3516416376850534e+27,224,0.0,448,-74360974999552.0,4.538274029851923e+24,2114,0,17110,13107,17112,0,17096,0,0,0,101,100,100,0.0,64.5,0.0,65.3,-0.0,64.5,1,49,50,180,0,0,0,0,0.0,0.0,0.0,60.0,1.9554775528498083e+32,71.0,0.0,-0.0,0.0,1070,0,1070,0,0,0,1070,0,1081,0,1000,0,649,0,650,0,645,0,674,0.032,1.0920472491636055e+22,-0.0,-107615280.0,23312,16814,2.6872150314188313e+24,-0.0,-0.0,-0.0,-2.9450628314828343e+27,-1.2391787349033029e+30,50.0,60.0,35,0.0,0.0,10.0,2.0,0.0,0.0,0.0,0.0,0.0,0.0,0.0,0.0,0.0,0.0,0.0,0.0,58.8,49,14,65513,26,65476,0,300,0,0,8,20529,65476,0,0,30147,60.0,0.0,10.0,10.0,2.0,0.0
2026-02-16T12:22:07,ERR,ERR,ERR,ERR,ERR,ERR,ERR,ERR,ERR,ERR,ERR,ERR,ERR,ERR,ERR,ERR,ERR,ERR,ERR,ERR,ERR,ERR,ERR,ERR,ERR,ERR,ERR,ERR,ERR,ERR,ERR,ERR,ERR,ERR,ERR,ERR,ERR,ERR,ERR,ERR,ERR,ERR,ERR,ERR,ERR,ERR,ERR,ERR,ERR,ERR,ERR,ERR,ERR,ERR,ERR,ERR,ERR,ERR,ERR,ERR,ERR,ERR,ERR,ERR,ERR,ERR,ERR,ERR,ERR,ERR,ERR,ERR,ERR,ERR,ERR,ERR,ERR,ERR,ERR,ERR,ERR,ERR,ERR,ERR,ERR,ERR,ERR,ERR,ERR,ERR,ERR,ERR,ERR,ERR,ERR,ERR,ERR,ERR,ERR,ERR,ERR,ERR,ERR,ERR,ERR,ERR,ERR,ERR,ERR,ERR,ERR,ERR,ERR,ERR,ERR,ERR,ERR,ERR,ERR,ERR,ERR,ERR,ERR,ERR,ERR,0.0,0.0,-0.0,-0.0,1.8194473603301376e+16,4616.133,0.0,-0.0,4300,0,8,17169,4300,0.0,41,0.0,0.0,-0.0,0.0,0.059,0,0,0,0,0.0,0,0,0,0,0,0,0,0,0,0,0,0,0,0,0,0,0,0,0,0,0,0,0,0,0,0,0,0,0,0,0,0,0,9,35,35,44,65476,355,65476,1,0,4,21553,0.0,0.0,-3.8970294968083336e+21,0.0,0.0,0.0,0.0,0.0,0.0,0.0,0.0,0.0,0.0,0.0,0.0,0.0,0.0,0.0,0.0,0.0,0.0,2.004,3.697062548517736e+19,-2.004,0.0,3.697075302852618e+19,0.0,0.0,0.0,0.0,6652.0,-564149255929856.0,0.0,0.0,0.0,-107616224.0,107616256.0,0.0,0.0,2.004,2.004,224,0.059,0.0,0.0,0.0,0.0,0.0,0.0,0.0,0.0,0,0,0,-0.0,0.0,4.671111916230467e+22,-0.0,8117949562880.0,-0.0,-8.84111264589289e+35,2.2034147371692153e+33,-7.953042481610752e+16,-2.706370245757122e+24,-0.003,9749177344.0,0.0,0.0,0.0,5.689094575700444e+33,0,1.3516416376850534e+27,224,0.0,448,0.0,-0.0,2114,0,17110,13107,17112,0,17096,0,0,0,101,100,100,0.0,64.5,0.0,65.3,-0.0,64.5,1,49,50,180,0,0,0,0,0.0,0.0,0.0,60.0,1.9554775528498083e+32,71.0,0.0,-0.0,0.0,1070,0,1070,0,0,0,1070,0,1081,0,1000,0,649,0,650,0,645,0,674,0.032,1.0920472491636055e+22,-0.0,-107615280.0,23312,16814,2.6872150314188313e+24,-0.0,-0.0,-0.0,-2.9450628314828343e+27,-1.2391787349033029e+30,50.0,60.0,35,0.0,0.0,10.0,2.0,0.0,0.0,0.0,0.0,0.0,0.0,0.0,0.0,0.0,0.0,0.0,0.0,58.8,49,14,65513,26,65476,0,300,0,0,8,20529,65476,0,0,30147,60.0,0.0,10.0,10.0,2.0,0.0
2026-02-16T12:22:08,ERR,ERR,ERR,ERR,ERR,ERR,ERR,ERR,ERR,ERR,ERR,ERR,ERR,ERR,ERR,ERR,ERR,ERR,ERR,ERR,ERR,ERR,ERR,ERR,ERR,ERR,ERR,ERR,ERR,ERR,ERR,ERR,ERR,ERR,ERR,ERR,ERR,ERR,ERR,ERR,ERR,ERR,ERR,ERR,ERR,ERR,ERR,ERR,ERR,ERR,ERR,ERR,ERR,ERR,ERR,ERR,ERR,ERR,ERR,ERR,ERR,ERR,ERR,ERR,ERR,ERR,ERR,ERR,ERR,ERR,ERR,ERR,ERR,ERR,ERR,ERR,ERR,ERR,ERR,ERR,ERR,ERR,ERR,ERR,ERR,ERR,ERR,ERR,ERR,ERR,ERR,ERR,ERR,ERR,ERR,ERR,ERR,ERR,ERR,ERR,ERR,ERR,ERR,ERR,ERR,ERR,ERR,ERR,ERR,ERR,ERR,ERR,ERR,ERR,ERR,ERR,ERR,ERR,ERR,ERR,ERR,ERR,ERR,ERR,ERR,0.0,0.0,-0.0,-0.0,1.8194473603301376e+16,4616.133,0.0,-0.0,4300,0,8,17169,4300,0.0,41,0.0,0.0,-0.0,0.0,0.059,0,0,0,0,0.0,0,0,0,0,0,0,0,0,0,0,0,0,0,0,0,0,0,0,0,0,0,0,0,0,0,0,0,0,0,0,0,0,0,9,35,35,44,65476,355,65476,1,0,4,21553,0.0,0.0,-3.8970294968083336e+21,0.0,0.0,0.0,0.0,0.0,0.0,0.0,0.0,0.0,0.0,0.0,0.0,0.0,0.0,0.0,0.0,0.0,0.0,2.004,3.697062548517736e+19,-2.004,0.0,3.697075302852618e+19,0.0,0.0,0.0,0.0,6652.0,-564149255929856.0,0.0,0.0,0.0,-107616224.0,107616256.0,0.0,0.0,2.004,2.004,224,0.059,0.0,0.0,0.0,0.0,0.0,0.0,0.0,0.0,0,0,0,-0.0,0.0,4.671111916230467e+22,-0.0,8117949562880.0,-0.0,-8.84111264589289e+35,2.2034147371692153e+33,-7.953042481610752e+16,-2.706370245757122e+24,-0.003,9749177344.0,0.0,0.0,0.0,5.689094575700444e+33,0,1.3516416376850534e+27,224,0.0,448,0.0,-0.0,2114,0,17110,13107,17112,0,17096,0,0,0,101,100,100,0.0,64.5,0.0,65.3,-0.0,64.5,1,49,50,180,0,0,0,0,0.0,0.0,0.0,60.0,1.9554775528498083e+32,71.0,0.0,-0.0,0.0,1070,0,1070,0,0,0,1070,0,1081,0,1000,0,649,0,650,0,645,0,674,0.032,1.0920472491636055e+22,-0.0,-107615280.0,23312,16814,2.6872150314188313e+24,-0.0,-0.0,-0.0,-2.9450628314828343e+27,-1.2391787349033029e+30,50.0,60.0,35,0.0,0.0,10.0,2.0,0.0,0.0,0.0,0.0,0.0,0.0,0.0,0.0,0.0,0.0,0.0,0.0,58.8,49,14,65513,26,65476,0,300,0,0,8,20529,65476,0,0,30147,60.0,0.0,10.0,10.0,2.0,0.0
2026-02-16T12:22:09,ERR,ERR,ERR,ERR,ERR,ERR,ERR,ERR,ERR,ERR,ERR,ERR,ERR,ERR,ERR,ERR,ERR,ERR,ERR,ERR,ERR,ERR,ERR,ERR,ERR,ERR,ERR,ERR,ERR,ERR,ERR,ERR,ERR,ERR,ERR,ERR,ERR,ERR,ERR,ERR,ERR,ERR,ERR,ERR,ERR,ERR,ERR,ERR,ERR,ERR,ERR,ERR,ERR,ERR,ERR,ERR,ERR,ERR,ERR,ERR,ERR,ERR,ERR,ERR,ERR,ERR,ERR,ERR,ERR,ERR,ERR,ERR,ERR,ERR,ERR,ERR,ERR,ERR,ERR,ERR,ERR,ERR,ERR,ERR,ERR,ERR,ERR,ERR,ERR,ERR,ERR,ERR,ERR,ERR,ERR,ERR,ERR,ERR,ERR,ERR,ERR,ERR,ERR,ERR,ERR,ERR,ERR,ERR,ERR,ERR,ERR,ERR,ERR,ERR,ERR,ERR,ERR,ERR,ERR,ERR,ERR,ERR,ERR,ERR,ERR,0.0,0.0,-0.0,-0.0,1.8194473603301376e+16,4616.133,0.0,-0.0,4300,0,8,17169,4300,0.0,41,0.0,0.0,-0.0,0.0,0.059,0,0,0,0,0.0,0,0,0,0,0,0,0,0,0,0,0,0,0,0,0,0,0,0,0,0,0,0,0,0,0,0,0,0,0,0,0,0,0,9,35,35,44,65476,355,65476,1,0,4,21553,0.0,0.0,-3.8970294968083336e+21,0.0,0.0,0.0,0.0,0.0,0.0,0.0,0.0,0.0,0.0,0.0,0.0,0.0,0.0,0.0,0.0,0.0,0.0,2.004,3.697062548517736e+19,-2.004,0.0,3.697075302852618e+19,0.0,0.0,0.0,0.0,6652.0,-564149255929856.0,0.0,0.0,0.0,-107616224.0,107616256.0,0.0,0.0,2.004,2.004,224,0.059,0.0,0.0,0.0,0.0,0.0,0.0,0.0,0.0,0,0,0,-0.0,0.0,4.671111916230467e+22,-0.0,8117949562880.0,-0.0,-8.84111264589289e+35,2.2034147371692153e+33,-7.953042481610752e+16,-2.706370245757122e+24,-0.003,9749177344.0,0.0,0.0,0.0,5.689094575700444e+33,0,1.3516416376850534e+27,224,0.0,448,0.0,-0.0,2114,0,17110,13107,17112,0,17096,0,0,0,101,100,100,0.0,64.5,0.0,65.4,-107615240.0,64.5,1,49,50,180,0,0,0,0,0.0,0.0,0.0,60.0,4.845525016756262e+24,71.0,0.0,0.0,0.0,1070,0,1070,0,0,0,1070,0,1081,0,1000,0,649,0,650,0,645,0,674,0.032,1.1732129230879275e+22,-0.0,-107615280.0,30352,16814,3.451574488899147e+30,0.0,0.0,-3955288576.0,30409219899392.0,1.471,50.0,60.0,35,0.0,0.0,10.0,2.0,0.0,0.0,0.0,0.0,0.0,0.0,0.0,0.0,0.0,0.0,0.0,0.0,58.8,49,14,65513,26,65476,0,300,0,0,8,20529,65476,0,0,30147,60.0,0.0,10.0,10.0,2.0,0.0
2026-02-16T12:22:10,ERR,ERR,ERR,ERR,ERR,ERR,ERR,ERR,ERR,ERR,ERR,ERR,ERR,ERR,ERR,ERR,ERR,ERR,ERR,ERR,ERR,ERR,ERR,ERR,ERR,ERR,ERR,ERR,ERR,ERR,ERR,ERR,ERR,ERR,ERR,ERR,ERR,ERR,ERR,ERR,ERR,ERR,ERR,ERR,ERR,ERR,ERR,ERR,ERR,ERR,ERR,ERR,ERR,ERR,ERR,ERR,ERR,ERR,ERR,ERR,ERR,ERR,ERR,ERR,ERR,ERR,ERR,ERR,ERR,ERR,ERR,ERR,ERR,ERR,ERR,ERR,ERR,ERR,ERR,ERR,ERR,ERR,ERR,ERR,ERR,ERR,ERR,ERR,ERR,ERR,ERR,ERR,ERR,ERR,ERR,ERR,ERR,ERR,ERR,ERR,ERR,ERR,ERR,ERR,ERR,ERR,ERR,ERR,ERR,ERR,ERR,ERR,ERR,ERR,ERR,ERR,ERR,ERR,ERR,ERR,ERR,ERR,ERR,ERR,ERR,0.0,0.0,-0.0,-0.0,1.8194473603301376e+16,4616.133,0.0,-0.0,4300,0,8,17169,4300,0.0,41,0.0,0.0,-0.0,0.0,0.059,0,0,0,0,0.0,0,0,0,0,0,0,0,0,0,0,0,0,0,0,0,0,0,0,0,0,0,0,0,0,0,0,0,0,0,0,0,0,0,9,35,35,44,65476,355,65476,1,0,4,21553,0.0,0.0,-3.8970294968083336e+21,0.0,0.0,0.0,0.0,0.0,0.0,0.0,0.0,0.0,0.0,0.0,0.0,0.0,0.0,0.0,0.0,0.0,0.0,2.004,3.697062548517736e+19,-2.004,0.0,3.697075302852618e+19,0.0,0.0,0.0,0.0,6652.0,-564149255929856.0,0.0,0.0,0.0,-107616224.0,107616256.0,0.0,0.0,2.004,2.004,224,0.059,0.0,0.0,0.0,0.0,0.0,0.0,0.0,0.0,0,0,0,-0.0,0.0,4.671111916230467e+22,-0.0,8117949562880.0,-0.0,-8.84111264589289e+35,2.2034147371692153e+33,-7.953042481610752e+16,-2.706370245757122e+24,-0.003,9749177344.0,0.0,0.0,0.0,5.689094575700444e+33,0,1.3516416376850534e+27,224,0.0,448,0.0,-0.0,2114,0,17110,13107,17112,0,17096,0,0,0,101,100,100,0.0,64.5,0.0,65.4,-107615240.0,64.5,1,49,50,180,0,0,0,0,0.0,0.0,0.0,60.0,4.845525016756262e+24,71.0,0.0,0.0,0.0,1070,0,1070,0,0,0,1070,0,1081,0,1000,0,649,0,650,0,645,0,674,0.032,1.1732129230879275e+22,-0.0,-107615280.0,30352,16814,3.451574488899147e+30,0.0,0.0,-3955288576.0,30409219899392.0,1.471,50.0,60.0,35,0.0,0.0,10.0,2.0,0.0,0.0,0.0,0.0,0.0,0.0,0.0,0.0,0.0,0.0,0.0,0.0,58.8,49,14,65513,26,65476,0,300,0,0,8,20529,65476,0,0,30147,60.0,0.0,10.0,10.0,2.0,0.0
2026-02-16T12:22:11,ERR,ERR,ERR,ERR,ERR,ERR,ERR,ERR,ERR,ERR,ERR,ERR,ERR,ERR,ERR,ERR,ERR,ERR,ERR,ERR,ERR,ERR,ERR,ERR,ERR,ERR,ERR,ERR,ERR,ERR,ERR,ERR,ERR,ERR,ERR,ERR,ERR,ERR,ERR,ERR,ERR,ERR,ERR,ERR,ERR,ERR,ERR,ERR,ERR,ERR,ERR,ERR,ERR,ERR,ERR,ERR,ERR,ERR,ERR,ERR,ERR,ERR,ERR,ERR,ERR,ERR,ERR,ERR,ERR,ERR,ERR,ERR,ERR,ERR,ERR,ERR,ERR,ERR,ERR,ERR,ERR,ERR,ERR,ERR,ERR,ERR,ERR,ERR,ERR,ERR,ERR,ERR,ERR,ERR,ERR,ERR,ERR,ERR,ERR,ERR,ERR,ERR,ERR,ERR,ERR,ERR,ERR,ERR,ERR,ERR,ERR,ERR,ERR,ERR,ERR,ERR,ERR,ERR,ERR,ERR,ERR,ERR,ERR,ERR,ERR,0.0,0.0,-0.0,-0.0,1.8194473603301376e+16,4616.133,0.0,-0.0,4300,0,8,17169,4300,0.0,41,0.0,0.0,-0.0,0.0,0.059,0,0,0,0,0.0,0,0,0,0,0,0,0,0,0,0,0,0,0,0,0,0,0,0,0,0,0,0,0,0,0,0,0,0,0,0,0,0,0,9,35,35,44,65476,355,65476,1,0,4,21553,0.0,0.0,-3.8970294968083336e+21,0.0,0.0,0.0,0.0,0.0,0.0,0.0,0.0,0.0,0.0,0.0,0.0,0.0,0.0,0.0,0.0,0.0,0.0,2.004,3.697062548517736e+19,-2.004,0.0,3.697075302852618e+19,0.0,0.0,0.0,0.0,6652.0,-564149255929856.0,0.0,0.0,0.0,-107616224.0,107616256.0,0.0,0.0,2.004,2.004,224,0.059,0.0,0.0,0.0,0.0,0.0,0.0,0.0,0.0,0,0,0,-0.0,0.0,4.671111916230467e+22,-0.0,8117949562880.0,-0.0,-8.84111264589289e+35,2.2034147371692153e+33,-7.953042481610752e+16,-2.706370245757122e+24,-0.003,9749177344.0,0.0,0.0,0.0,5.689094575700444e+33,0,1.3516416376850534e+27,224,0.0,448,0.0,-0.0,2114,0,17110,13107,17112,0,17096,0,0,0,101,100,100,0.0,64.5,0.0,65.4,-107615240.0,64.5,1,49,50,180,0,0,0,0,0.0,0.0,0.0,60.0,4.845525016756262e+24,71.0,0.0,0.0,0.0,1070,0,1070,0,0,0,1070,0,1081,0,1000,0,649,0,650,0,645,0,674,0.032,1.1732129230879275e+22,-0.0,-107615280.0,30352,16814,3.451574488899147e+30,0.0,0.0,-3955288576.0,30409219899392.0,1.471,50.0,60.0,35,0.0,0.0,10.0,2.0,0.0,0.0,0.0,0.0,0.0,0.0,0.0,0.0,0.0,0.0,0.0,0.0,59.2,49,14,65513,26,65476,0,300,0,0,8,20529,65476,0,0,30147,60.0,0.0,10.0,10.0,2.0,0.0
2026-02-16T12:22:12,ERR,ERR,ERR,ERR,ERR,ERR,ERR,ERR,ERR,ERR,ERR,ERR,ERR,ERR,ERR,ERR,ERR,ERR,ERR,ERR,ERR,ERR,ERR,ERR,ERR,ERR,ERR,ERR,ERR,ERR,ERR,ERR,ERR,ERR,ERR,ERR,ERR,ERR,ERR,ERR,ERR,ERR,ERR,ERR,ERR,ERR,ERR,ERR,ERR,ERR,ERR,ERR,ERR,ERR,ERR,ERR,ERR,ERR,ERR,ERR,ERR,ERR,ERR,ERR,ERR,ERR,ERR,ERR,ERR,ERR,ERR,ERR,ERR,ERR,ERR,ERR,ERR,ERR,ERR,ERR,ERR,ERR,ERR,ERR,ERR,ERR,ERR,ERR,ERR,ERR,ERR,ERR,ERR,ERR,ERR,ERR,ERR,ERR,ERR,ERR,ERR,ERR,ERR,ERR,ERR,ERR,ERR,ERR,ERR,ERR,ERR,ERR,ERR,ERR,ERR,ERR,ERR,ERR,ERR,ERR,ERR,ERR,ERR,ERR,ERR,0.0,0.0,-0.0,-0.0,1.8194473603301376e+16,0.0,-0.047,-3.301,4300,0,8,17170,4300,0.0,41,0.0,0.0,-0.0,0.0,0.059,0,0,0,0,0.0,0,0,0,0,0,0,0,0,0,0,0,0,0,0,0,0,0,0,0,0,0,0,0,0,0,0,0,0,0,0,0,0,0,9,35,35,44,65476,361,65476,1,0,4,21553,0.0,2.7183305813883192e+23,-3.4702305377001105e+28,0.0,0.0,0.0,0.0,0.0,0.0,0.0,0.0,0.0,0.0,0.0,0.0,0.0,0.0,0.0,0.0,0.0,0.0,2.004,3.697062548517736e+19,-3.697081020313082e+19,0.0,3.697075302852618e+19,0.0,0.0,0.0,0.0,6651.0,-2.004,0.0,0.0,0.0,-107616224.0,107616256.0,-0.0,0.0,2.004,2.004,225,0.0,0.0,0.0,0.0,0.0,0.0,0.0,0.0,0.0,0,0,0,-0.0,4922286276608.0,1.4664216142965316e+24,0.0,1.0755563480393187e+19,-0.0,-0.0,-13329.501,0.0,-2.933043836934865e+24,-0.003,10420265984.0,0.0,0.0,0.0,-0.0,0,1.3516416376850534e+27,225,0.0,450,-0.0,4.538273453391171e+24,2114,0,17110,13107,17112,0,17096,0,0,0,101,100,100,0.0,64.5,0.0,65.4,-107615240.0,64.5,1,49,50,180,0,0,0,0,0.0,0.0,0.0,60.0,-0.0,71.0,0.0,-0.0,0.0,1070,0,1070,0,0,0,1070,0,1081,0,1000,0,649,0,650,0,645,0,674,0.032,1.4536034330083127e+22,-0.0,-107615280.0,27536,16814,1.9554775528498083e+32,-0.0,2.4364303338538435e+33,-2931878144.0,-705561.375,-0.0,50.0,60.0,35,0.0,0.0,10.0,2.0,0.0,0.0,0.0,0.0,0.0,0.0,0.0,0.0,0.0,0.0,0.0,0.0,58.8,49,14,65513,26,65476,0,300,0,0,8,20529,65476,0,0,30147,60.0,0.0,10.0,10.0,2.0,0.0
2026-02-16T12:22:13,ERR,ERR,ERR,ERR,ERR,ERR,ERR,ERR,ERR,ERR,ERR,ERR,ERR,ERR,ERR,ERR,ERR,ERR,ERR,ERR,ERR,ERR,ERR,ERR,ERR,ERR,ERR,ERR,ERR,ERR,ERR,ERR,ERR,ERR,ERR,ERR,ERR,ERR,ERR,ERR,ERR,ERR,ERR,ERR,ERR,ERR,ERR,ERR,ERR,ERR,ERR,ERR,ERR,ERR,ERR,ERR,ERR,ERR,ERR,ERR,ERR,ERR,ERR,ERR,ERR,ERR,ERR,ERR,ERR,ERR,ERR,ERR,ERR,ERR,ERR,ERR,ERR,ERR,ERR,ERR,ERR,ERR,ERR,ERR,ERR,ERR,ERR,ERR,ERR,ERR,ERR,ERR,ERR,ERR,ERR,ERR,ERR,ERR,ERR,ERR,ERR,ERR,ERR,ERR,ERR,ERR,ERR,ERR,ERR,ERR,ERR,ERR,ERR,ERR,ERR,ERR,ERR,ERR,ERR,ERR,ERR,ERR,ERR,ERR,ERR,0.0,0.0,-0.0,-0.0,1.8194473603301376e+16,0.0,-0.047,-3.301,4300,0,8,17170,4300,0.0,41,0.0,0.0,-0.0,0.0,0.059,0,0,0,0,0.0,0,0,0,0,0,0,0,0,0,0,0,0,0,0,0,0,0,0,0,0,0,0,0,0,0,0,0,0,0,0,0,0,0,9,35,35,44,65476,361,65476,1,0,4,21553,0.0,2.7183305813883192e+23,-3.4702305377001105e+28,0.0,0.0,0.0,0.0,0.0,0.0,0.0,0.0,0.0,0.0,0.0,0.0,0.0,0.0,0.0,0.0,0.0,0.0,2.004,3.697062548517736e+19,-3.697081020313082e+19,0.0,3.697075302852618e+19,0.0,0.0,0.0,0.0,6651.0,-2.004,0.0,0.0,0.0,-107616224.0,107616256.0,-0.0,0.0,2.004,2.004,225,0.0,0.0,0.0,0.0,0.0,0.0,0.0,0.0,0.0,0,0,0,-0.0,4922286276608.0,1.4664216142965316e+24,0.0,1.0755563480393187e+19,-0.0,-0.0,-13329.501,0.0,-2.933043836934865e+24,-0.003,10420265984.0,0.0,0.0,0.0,-0.0,0,1.3516416376850534e+27,225,0.0,450,-0.0,4.538273453391171e+24,2114,0,17110,13107,17112,0,17096,0,0,0,101,100,100,0.0,64.5,0.0,65.4,-107615240.0,64.5,1,49,50,180,0,0,0,0,0.0,0.0,0.0,60.0,-0.0,71.0,0.0,-0.0,0.0,1070,0,1070,0,0,0,1070,0,1081,0,1000,0,649,0,650,0,645,0,674,0.032,1.4536034330083127e+22,-0.0,-107615280.0,27536,16814,1.9554775528498083e+32,-0.0,2.4364303338538435e+33,-2931878144.0,-705561.375,-0.0,50.0,60.0,35,0.0,0.0,10.0,2.0,0.0,0.0,0.0,0.0,0.0,0.0,0.0,0.0,0.0,0.0,0.0,0.0,58.8,49,14,65513,26,65476,0,300,0,0,8,20529,65476,0,0,30147,60.0,0.0,10.0,10.0,2.0,0.0
2026-02-16T12:22:14,ERR,ERR,ERR,ERR,ERR,ERR,ERR,ERR,ERR,ERR,ERR,ERR,ERR,ERR,ERR,ERR,ERR,ERR,ERR,ERR,ERR,ERR,ERR,ERR,ERR,ERR,ERR,ERR,ERR,ERR,ERR,ERR,ERR,ERR,ERR,ERR,ERR,ERR,ERR,ERR,ERR,ERR,ERR,ERR,ERR,ERR,ERR,ERR,ERR,ERR,ERR,ERR,ERR,ERR,ERR,ERR,ERR,ERR,ERR,ERR,ERR,ERR,ERR,ERR,ERR,ERR,ERR,ERR,ERR,ERR,ERR,ERR,ERR,ERR,ERR,ERR,ERR,ERR,ERR,ERR,ERR,ERR,ERR,ERR,ERR,ERR,ERR,ERR,ERR,ERR,ERR,ERR,ERR,ERR,ERR,ERR,ERR,ERR,ERR,ERR,ERR,ERR,ERR,ERR,ERR,ERR,ERR,ERR,ERR,ERR,ERR,ERR,ERR,ERR,ERR,ERR,ERR,ERR,ERR,ERR,ERR,ERR,ERR,ERR,ERR,0.0,0.0,-0.0,-0.0,1.8194473603301376e+16,0.0,-0.047,-3.301,4300,0,8,17170,4300,0.0,41,0.0,0.0,-0.0,0.0,0.059,0,0,0,0,0.0,0,0,0,0,0,0,0,0,0,0,0,0,0,0,0,0,0,0,0,0,0,0,0,0,0,0,0,0,0,0,0,0,0,9,35,35,44,65476,361,65476,1,0,4,21553,0.0,2.7183305813883192e+23,-3.4702305377001105e+28,0.0,0.0,0.0,0.0,0.0,0.0,0.0,0.0,0.0,0.0,0.0,0.0,0.0,0.0,0.0,0.0,0.0,0.0,2.004,3.697062548517736e+19,-3.697081020313082e+19,0.0,3.697075302852618e+19,0.0,0.0,0.0,0.0,6651.0,-2.004,0.0,0.0,0.0,-107616224.0,107616256.0,-0.0,0.0,2.004,2.004,225,0.0,0.0,0.0,0.0,0.0,0.0,0.0,0.0,0.0,0,0,0,-0.0,4922286276608.0,1.4664216142965316e+24,0.0,1.0755563480393187e+19,-0.0,-0.0,-13329.501,0.0,-2.933043836934865e+24,-0.003,10420265984.0,0.0,0.0,0.0,-0.0,0,1.3516416376850534e+27,225,0.0,450,-0.0,4.538273453391171e+24,2114,0,17110,13107,17112,0,17096,0,0,0,101,100,100,0.0,64.5,0.0,65.4,-107615240.0,64.5,1,49,50,180,0,0,0,0,0.0,0.0,0.0,60.0,-0.0,71.0,0.0,-0.0,0.0,1070,0,1070,0,0,0,1070,0,1081,0,1000,0,649,0,650,0,645,0,674,0.032,1.4536034330083127e+22,-0.0,-107615280.0,27536,16814,1.9554775528498083e+32,-0.0,2.4364303338538435e+33,-2931878144.0,-705561.375,-0.0,50.0,60.0,35,0.0,0.0,10.0,2.0,0.0,0.0,0.0,0.0,0.0,0.0,0.0,0.0,0.0,0.0,0.0,0.0,58.8,49,14,65513,26,65476,0,300,0,0,8,20529,65476,0,0,30147,60.0,0.0,10.0,10.0,2.0,0.0
2026-02-16T12:22:15,ERR,ERR,ERR,ERR,ERR,ERR,ERR,ERR,ERR,ERR,ERR,ERR,ERR,ERR,ERR,ERR,ERR,ERR,ERR,ERR,ERR,ERR,ERR,ERR,ERR,ERR,ERR,ERR,ERR,ERR,ERR,ERR,ERR,ERR,ERR,ERR,ERR,ERR,ERR,ERR,ERR,ERR,ERR,ERR,ERR,ERR,ERR,ERR,ERR,ERR,ERR,ERR,ERR,ERR,ERR,ERR,ERR,ERR,ERR,ERR,ERR,ERR,ERR,ERR,ERR,ERR,ERR,ERR,ERR,ERR,ERR,ERR,ERR,ERR,ERR,ERR,ERR,ERR,ERR,ERR,ERR,ERR,ERR,ERR,ERR,ERR,ERR,ERR,ERR,ERR,ERR,ERR,ERR,ERR,ERR,ERR,ERR,ERR,ERR,ERR,ERR,ERR,ERR,ERR,ERR,ERR,ERR,ERR,ERR,ERR,ERR,ERR,ERR,ERR,ERR,ERR,ERR,ERR,ERR,ERR,ERR,ERR,ERR,ERR,ERR,0.0,0.0,-0.0,-0.0,1.8194473603301376e+16,0.0,-0.047,-3.301,4300,0,8,17170,4300,0.0,41,0.0,0.0,-0.0,0.0,0.059,0,0,0,0,0.0,0,0,0,0,0,0,0,0,0,0,0,0,0,0,0,0,0,0,0,0,0,0,0,0,0,0,0,0,0,0,0,0,0,9,35,35,44,65476,361,65476,1,0,4,21553,0.0,2.7183305813883192e+23,-3.4702305377001105e+28,0.0,0.0,0.0,0.0,0.0,0.0,0.0,0.0,0.0,0.0,0.0,0.0,0.0,0.0,0.0,0.0,0.0,0.0,2.004,3.697062548517736e+19,-3.697081020313082e+19,0.0,3.697075302852618e+19,0.0,0.0,0.0,0.0,6651.0,-2.004,0.0,0.0,0.0,-107616224.0,107616256.0,-0.0,0.0,2.004,2.004,225,0.0,0.0,0.0,0.0,0.0,0.0,0.0,0.0,0.0,0,0,0,-0.0,4922286276608.0,1.4664216142965316e+24,0.0,1.0755563480393187e+19,-0.0,-0.0,-13329.501,0.0,-2.933043836934865e+24,-0.003,10420265984.0,0.0,0.0,0.0,-0.0,0,1.3516416376850534e+27,225,0.0,450,-0.0,4.538273453391171e+24,2114,0,17110,13107,17112,0,17096,0,0,0,101,100,100,0.0,64.5,0.0,65.4,-107615240.0,64.5,1,49,50,180,0,0,0,0,0.0,0.0,0.0,60.0,-0.0,71.0,0.0,6.314236343329227e+18,0.0,1070,0,1070,0,0,0,1070,0,1081,0,1000,0,649,0,650,0,645,0,674,0.032,1.4536034330083127e+22,-0.0,-107615280.0,13456,16814,1.1157552289595449e+29,-0.0,1.1345512856980057e+24,-1.017177263624589e+34,-0.0,-0.0,50.0,60.0,35,0.0,0.0,10.0,2.0,0.0,0.0,0.0,0.0,0.0,0.0,0.0,0.0,0.0,0.0,0.0,0.0,58.8,49,14,65513,26,65476,0,300,0,0,8,20529,65476,0,0,30147,60.0,0.0,10.0,10.0,2.0,0.0
2026-02-16T12:22:16,ERR,ERR,ERR,ERR,ERR,ERR,ERR,ERR,ERR,ERR,ERR,ERR,ERR,ERR,ERR,ERR,ERR,ERR,ERR,ERR,ERR,ERR,ERR,ERR,ERR,ERR,ERR,ERR,ERR,ERR,ERR,ERR,ERR,ERR,ERR,ERR,ERR,ERR,ERR,ERR,ERR,ERR,ERR,ERR,ERR,ERR,ERR,ERR,ERR,ERR,ERR,ERR,ERR,ERR,ERR,ERR,ERR,ERR,ERR,ERR,ERR,ERR,ERR,ERR,ERR,ERR,ERR,ERR,ERR,ERR,ERR,ERR,ERR,ERR,ERR,ERR,ERR,ERR,ERR,ERR,ERR,ERR,ERR,ERR,ERR,ERR,ERR,ERR,ERR,ERR,ERR,ERR,ERR,ERR,ERR,ERR,ERR,ERR,ERR,ERR,ERR,ERR,ERR,ERR,ERR,ERR,ERR,ERR,ERR,ERR,ERR,ERR,ERR,ERR,ERR,ERR,ERR,ERR,ERR,ERR,ERR,ERR,ERR,ERR,ERR,0.0,0.0,0.0,-0.0,-8401.889,0.0,-0.0,0.001,4300,0,8,17170,4300,0.0,41,0.0,0.0,-0.0,0.0,0.059,0,0,0,0,0.0,0,0,0,0,0,0,0,0,0,0,0,0,0,0,0,0,0,0,0,0,0,0,0,0,0,0,0,0,0,0,0,0,0,10,35,34,44,65476,361,65476,1,0,4,21553,0.0,2.7183305813883192e+23,0.0,0.0,0.0,0.0,0.0,0.0,0.0,0.0,0.0,0.0,0.0,0.0,0.0,0.0,0.0,0.0,0.0,0.0,0.0,2.004,3.697062548517736e+19,-3.697081020313082e+19,-3.6970739834386645e+19,3.697075302852618e+19,0.0,0.0,0.0,0.0,6654.0,-564149255929856.0,0.0,0.0,0.0,-0.0,0.0,-0.0,0.0,2.004,2.004,224,126840520704.0,0.0,0.0,0.0,0.0,0.0,0.0,0.0,0.0,0,0,0,-0.0,696890163200.0,3.18437465260032e+16,0.0,169229.75,-2.5676681232320862e+36,3.5416922306217523e+34,-2.729781822413356e+31,0.0,-3.159717428112608e+24,-0.003,11359790080.0,0.0,0.0,0.0,-0.0,0,1.3516416376850534e+27,224,0.0,448,0.0,0.0,2114,0,17110,13107,17112,0,17096,0,0,0,101,100,100,0.0,64.5,0.0,65.4,-107615240.0,64.5,1,49,50,180,0,0,0,0,0.0,0.0,0.0,60.0,-0.0,71.0,0.0,6.314236343329227e+18,0.0,1070,0,1070,0,0,0,1070,0,1081,0,1000,0,649,0,650,0,645,0,674,0.032,1.4536034330083127e+22,-0.0,-107615280.0,13456,16814,1.1157552289595449e+29,-0.0,1.1345512856980057e+24,-1.017177263624589e+34,-0.0,-0.0,50.0,60.0,35,0.0,0.0,10.0,2.0,0.0,0.0,0.0,0.0,0.0,0.0,0.0,0.0,0.0,0.0,0.0,0.0,58.8,49,14,65513,26,65476,0,300,0,0,8,20529,65476,0,0,30147,60.0,0.0,10.0,10.0,2.0,0.0
2026-02-16T12:22:17,ERR,ERR,ERR,ERR,ERR,ERR,ERR,ERR,ERR,ERR,ERR,ERR,ERR,ERR,ERR,ERR,ERR,ERR,ERR,ERR,ERR,ERR,ERR,ERR,ERR,ERR,ERR,ERR,ERR,ERR,ERR,ERR,ERR,ERR,ERR,ERR,ERR,ERR,ERR,ERR,ERR,ERR,ERR,ERR,ERR,ERR,ERR,ERR,ERR,ERR,ERR,ERR,ERR,ERR,ERR,ERR,ERR,ERR,ERR,ERR,ERR,ERR,ERR,ERR,ERR,ERR,ERR,ERR,ERR,ERR,ERR,ERR,ERR,ERR,ERR,ERR,ERR,ERR,ERR,ERR,ERR,ERR,ERR,ERR,ERR,ERR,ERR,ERR,ERR,ERR,ERR,ERR,ERR,ERR,ERR,ERR,ERR,ERR,ERR,ERR,ERR,ERR,ERR,ERR,ERR,ERR,ERR,ERR,ERR,ERR,ERR,ERR,ERR,ERR,ERR,ERR,ERR,ERR,ERR,ERR,ERR,ERR,ERR,ERR,ERR,0.0,0.0,0.0,-0.0,-8401.889,0.0,-0.0,0.001,4300,0,8,17170,4300,0.0,41,0.0,0.0,-0.0,0.0,0.059,0,0,0,0,0.0,0,0,0,0,0,0,0,0,0,0,0,0,0,0,0,0,0,0,0,0,0,0,0,0,0,0,0,0,0,0,0,0,0,10,35,34,44,65476,361,65476,1,0,4,21553,0.0,2.7183305813883192e+23,0.0,0.0,0.0,0.0,0.0,0.0,0.0,0.0,0.0,0.0,0.0,0.0,0.0,0.0,0.0,0.0,0.0,0.0,0.0,2.004,3.697062548517736e+19,-3.697081020313082e+19,-3.6970739834386645e+19,3.697075302852618e+19,0.0,0.0,0.0,0.0,6654.0,-564149255929856.0,0.0,0.0,0.0,-0.0,0.0,-0.0,0.0,2.004,2.004,224,126840520704.0,0.0,0.0,0.0,0.0,0.0,0.0,0.0,0.0,0,0,0,-0.0,696890163200.0,3.18437465260032e+16,0.0,169229.75,-2.5676681232320862e+36,3.5416922306217523e+34,-2.729781822413356e+31,0.0,-3.159717428112608e+24,-0.003,11359790080.0,0.0,0.0,0.0,-0.0,0,1.3516416376850534e+27,224,0.0,448,0.0,0.0,2114,0,17110,13107,17112,0,17096,0,0,0,101,100,100,0.0,64.5,0.0,65.4,-107615240.0,64.5,1,49,50,180,0,0,0,0,0.0,0.0,0.0,60.0,-0.0,71.0,0.0,6.314236343329227e+18,0.0,1070,0,1070,0,0,0,1070,0,1081,0,1000,0,649,0,650,0,645,0,674,0.032,1.4536034330083127e+22,-0.0,-107615280.0,13456,16814,1.1157552289595449e+29,-0.0,1.1345512856980057e+24,-1.017177263624589e+34,-0.0,-0.0,50.0,60.0,35,0.0,0.0,10.0,2.0,0.0,0.0,0.0,0.0,0.0,0.0,0.0,0.0,0.0,0.0,0.0,0.0,58.8,49,14,65513,26,65476,0,300,0,0,8,20529,65476,0,0,30147,60.0,0.0,10.0,10.0,2.0,0.0
2026-02-16T12:22:18,ERR,ERR,ERR,ERR,ERR,ERR,ERR,ERR,ERR,ERR,ERR,ERR,ERR,ERR,ERR,ERR,ERR,ERR,ERR,ERR,ERR,ERR,ERR,ERR,ERR,ERR,ERR,ERR,ERR,ERR,ERR,ERR,ERR,ERR,ERR,ERR,ERR,ERR,ERR,ERR,ERR,ERR,ERR,ERR,ERR,ERR,ERR,ERR,ERR,ERR,ERR,ERR,ERR,ERR,ERR,ERR,ERR,ERR,ERR,ERR,ERR,ERR,ERR,ERR,ERR,ERR,ERR,ERR,ERR,ERR,ERR,ERR,ERR,ERR,ERR,ERR,ERR,ERR,ERR,ERR,ERR,ERR,ERR,ERR,ERR,ERR,ERR,ERR,ERR,ERR,ERR,ERR,ERR,ERR,ERR,ERR,ERR,ERR,ERR,ERR,ERR,ERR,ERR,ERR,ERR,ERR,ERR,ERR,ERR,ERR,ERR,ERR,ERR,ERR,ERR,ERR,ERR,ERR,ERR,ERR,ERR,ERR,ERR,ERR,ERR,0.0,0.0,0.0,-0.0,-8401.889,0.0,-0.0,0.001,4300,0,8,17170,4300,0.0,41,0.0,0.0,-0.0,0.0,0.059,0,0,0,0,0.0,0,0,0,0,0,0,0,0,0,0,0,0,0,0,0,0,0,0,0,0,0,0,0,0,0,0,0,0,0,0,0,0,0,10,35,34,44,65476,361,65476,1,0,4,21553,0.0,2.7183305813883192e+23,0.0,0.0,0.0,0.0,0.0,0.0,0.0,0.0,0.0,0.0,0.0,0.0,0.0,0.0,0.0,0.0,0.0,0.0,0.0,2.004,3.697062548517736e+19,-3.697081020313082e+19,-3.6970739834386645e+19,3.697075302852618e+19,0.0,0.0,0.0,0.0,6654.0,-564149255929856.0,0.0,0.0,0.0,-0.0,0.0,-0.0,0.0,2.004,2.004,224,126840520704.0,0.0,0.0,0.0,0.0,0.0,0.0,0.0,0.0,0,0,0,-0.0,696890163200.0,3.18437465260032e+16,0.0,169229.75,-2.5676681232320862e+36,3.5416922306217523e+34,-2.729781822413356e+31,0.0,-3.159717428112608e+24,-0.003,11359790080.0,0.0,0.0,0.0,-0.0,0,1.3516416376850534e+27,224,0.0,448,0.0,0.0,2114,0,17110,13107,17112,0,17096,0,0,0,101,100,100,0.0,64.5,0.0,65.4,-107615240.0,64.5,1,49,50,180,0,0,0,0,0.0,0.0,0.0,60.0,-0.0,71.0,0.0,6.314236343329227e+18,0.0,1070,0,1070,0,0,0,1070,0,1081,0,1000,0,649,0,650,0,645,0,674,0.032,1.4536034330083127e+22,-0.0,-107615280.0,13456,16814,1.1157552289595449e+29,-0.0,1.1345512856980057e+24,-1.017177263624589e+34,-0.0,-0.0,50.0,60.0,35,0.0,0.0,10.0,2.0,0.0,0.0,0.0,0.0,0.0,0.0,0.0,0.0,0.0,0.0,0.0,0.0,58.8,49,14,65513,26,65476,0,300,0,0,8,20529,65476,0,0,30147,60.0,0.0,10.0,10.0,2.0,0.0
2026-02-16T12:22:19,ERR,ERR,ERR,ERR,ERR,ERR,ERR,ERR,ERR,ERR,ERR,ERR,ERR,ERR,ERR,ERR,ERR,ERR,ERR,ERR,ERR,ERR,ERR,ERR,ERR,ERR,ERR,ERR,ERR,ERR,ERR,ERR,ERR,ERR,ERR,ERR,ERR,ERR,ERR,ERR,ERR,ERR,ERR,ERR,ERR,ERR,ERR,ERR,ERR,ERR,ERR,ERR,ERR,ERR,ERR,ERR,ERR,ERR,ERR,ERR,ERR,ERR,ERR,ERR,ERR,ERR,ERR,ERR,ERR,ERR,ERR,ERR,ERR,ERR,ERR,ERR,ERR,ERR,ERR,ERR,ERR,ERR,ERR,ERR,ERR,ERR,ERR,ERR,ERR,ERR,ERR,ERR,ERR,ERR,ERR,ERR,ERR,ERR,ERR,ERR,ERR,ERR,ERR,ERR,ERR,ERR,ERR,ERR,ERR,ERR,ERR,ERR,ERR,ERR,ERR,ERR,ERR,ERR,ERR,ERR,ERR,ERR,ERR,ERR,ERR,0.0,0.0,0.0,-0.0,-8401.889,0.0,-0.0,0.001,4300,0,8,17170,4300,0.0,41,0.0,0.0,-0.0,0.0,0.059,0,0,0,0,0.0,0,0,0,0,0,0,0,0,0,0,0,0,0,0,0,0,0,0,0,0,0,0,0,0,0,0,0,0,0,0,0,0,0,10,35,34,44,65476,361,65476,1,0,4,21553,0.0,2.7183305813883192e+23,0.0,0.0,0.0,0.0,0.0,0.0,0.0,0.0,0.0,0.0,0.0,0.0,0.0,0.0,0.0,0.0,0.0,0.0,0.0,2.004,3.697062548517736e+19,-3.697081020313082e+19,-3.6970739834386645e+19,3.697075302852618e+19,0.0,0.0,0.0,0.0,6654.0,-564149255929856.0,0.0,0.0,0.0,-0.0,0.0,-0.0,0.0,2.004,2.004,224,126840520704.0,0.0,0.0,0.0,0.0,0.0,0.0,0.0,0.0,0,0,0,-0.0,696890163200.0,3.18437465260032e+16,0.0,169229.75,-2.5676681232320862e+36,3.5416922306217523e+34,-2.729781822413356e+31,0.0,-3.159717428112608e+24,-0.003,11359790080.0,0.0,0.0,0.0,-0.0,0,1.3516416376850534e+27,224,0.0,448,0.0,0.0,2114,0,17110,13107,17112,0,17096,0,0,0,101,100,100,0.0,64.5,0.0,65.4,-107615240.0,64.5,1,49,50,180,0,0,0,0,0.0,0.0,0.0,60.0,652054284468224.0,71.0,0.0,-0.0,0.0,1070,0,1070,0,0,0,1070,0,1081,0,1000,0,649,0,650,0,645,0,674,0.032,1.4536034330083127e+22,-0.0,-107615280.0,19600,16814,2.2698052049954752e+23,0.0,0.0,-6.77661056654377e+16,16391755776.0,0.006,50.0,60.0,35,0.0,0.0,10.0,2.0,0.0,0.0,0.0,0.0,0.0,0.0,0.0,0.0,0.0,0.0,0.0,0.0,58.8,49,14,65513,26,65476,0,300,0,0,8,20529,65476,0,0,30147,60.0,0.0,10.0,10.0,2.0,0.0
2026-02-16T12:22:20,ERR,ERR,ERR,ERR,ERR,ERR,ERR,ERR,ERR,ERR,ERR,ERR,ERR,ERR,ERR,ERR,ERR,ERR,ERR,ERR,ERR,ERR,ERR,ERR,ERR,ERR,ERR,ERR,ERR,ERR,ERR,ERR,ERR,ERR,ERR,ERR,ERR,ERR,ERR,ERR,ERR,ERR,ERR,ERR,ERR,ERR,ERR,ERR,ERR,ERR,ERR,ERR,ERR,ERR,ERR,ERR,ERR,ERR,ERR,ERR,ERR,ERR,ERR,ERR,ERR,ERR,ERR,ERR,ERR,ERR,ERR,ERR,ERR,ERR,ERR,ERR,ERR,ERR,ERR,ERR,ERR,ERR,ERR,ERR,ERR,ERR,ERR,ERR,ERR,ERR,ERR,ERR,ERR,ERR,ERR,ERR,ERR,ERR,ERR,ERR,ERR,ERR,ERR,ERR,ERR,ERR,ERR,ERR,ERR,ERR,ERR,ERR,ERR,ERR,ERR,ERR,ERR,ERR,ERR,ERR,ERR,ERR,ERR,ERR,ERR,0.0,0.0,0.0,-0.0,-8401.889,0.0,-0.0,0.001,4300,0,8,17170,4300,0.0,41,0.0,0.0,-0.0,0.0,0.059,0,0,0,0,0.0,0,0,0,0,0,0,0,0,0,0,0,0,0,0,0,0,0,0,0,0,0,0,0,0,0,0,0,0,0,0,0,0,0,10,35,34,44,65476,361,65476,1,0,4,21553,0.0,2.7183305813883192e+23,0.0,0.0,0.0,0.0,0.0,0.0,0.0,0.0,0.0,0.0,0.0,0.0,0.0,0.0,0.0,0.0,0.0,0.0,0.0,2.004,3.697062548517736e+19,-3.697081020313082e+19,-3.6970739834386645e+19,3.697075302852618e+19,0.0,0.0,0.0,0.0,6654.0,-564149255929856.0,0.0,0.0,0.0,-0.0,0.0,-0.0,0.0,2.004,2.004,224,126840520704.0,0.0,0.0,0.0,0.0,0.0,0.0,0.0,0.0,0,0,0,-0.0,696890163200.0,3.18437465260032e+16,0.0,169229.75,-2.5676681232320862e+36,3.5416922306217523e+34,-2.729781822413356e+31,0.0,-3.159717428112608e+24,-0.003,11359790080.0,0.0,0.0,0.0,-0.0,0,1.3516416376850534e+27,224,0.0,448,0.0,0.0,2114,0,17110,13107,17112,0,17096,0,0,0,101,100,100,0.0,64.5,0.0,65.4,-107615240.0,64.5,1,49,50,180,0,0,0,0,0.0,0.0,0.0,60.0,652054284468224.0,71.0,0.0,-0.0,0.0,1070,0,1070,0,0,0,1070,0,1081,0,1000,0,649,0,650,0,645,0,674,0.032,1.4536034330083127e+22,-0.0,-107615280.0,19600,16814,2.2698052049954752e+23,0.0,0.0,-6.77661056654377e+16,16391755776.0,0.006,50.0,60.0,35,0.0,0.0,10.0,2.0,0.0,0.0,0.0,0.0,0.0,0.0,0.0,0.0,0.0,0.0,0.0,0.0,58.8,49,14,65513,26,65476,0,300,0,0,8,20529,65476,0,0,30147,60.0,0.0,10.0,10.0,2.0,0.0
2026-02-16T12:22:21,ERR,ERR,ERR,ERR,ERR,ERR,ERR,ERR,ERR,ERR,ERR,ERR,ERR,ERR,ERR,ERR,ERR,ERR,ERR,ERR,ERR,ERR,ERR,ERR,ERR,ERR,ERR,ERR,ERR,ERR,ERR,ERR,ERR,ERR,ERR,ERR,ERR,ERR,ERR,ERR,ERR,ERR,ERR,ERR,ERR,ERR,ERR,ERR,ERR,ERR,ERR,ERR,ERR,ERR,ERR,ERR,ERR,ERR,ERR,ERR,ERR,ERR,ERR,ERR,ERR,ERR,ERR,ERR,ERR,ERR,ERR,ERR,ERR,ERR,ERR,ERR,ERR,ERR,ERR,ERR,ERR,ERR,ERR,ERR,ERR,ERR,ERR,ERR,ERR,ERR,ERR,ERR,ERR,ERR,ERR,ERR,ERR,ERR,ERR,ERR,ERR,ERR,ERR,ERR,ERR,ERR,ERR,ERR,ERR,ERR,ERR,ERR,ERR,ERR,ERR,ERR,ERR,ERR,ERR,ERR,ERR,ERR,ERR,ERR,ERR,0.0,0.0,0.0,-0.0,-8401.889,-1.095614111597698e+26,4.186623922357698e+28,3.1405646524735155e+21,4300,0,8,17170,4300,0.0,41,0.0,0.0,-0.0,0.0,0.059,0,0,0,0,0.0,0,0,0,0,0,0,0,0,0,0,0,0,0,0,0,0,0,0,0,0,0,0,0,0,0,0,0,0,0,0,0,0,0,10,35,34,44,65476,360,65476,1,0,4,21553,0.0,2.7183305813883192e+23,0.0,0.0,0.0,0.0,0.0,0.0,0.0,0.0,0.0,0.0,0.0,0.0,0.0,0.0,0.0,0.0,0.0,0.0,0.0,2.004,3.697062548517736e+19,-3.697081020313082e+19,-2.004,3.697075302852618e+19,0.0,0.0,0.0,0.0,6631.0,-0.0,0.0,0.0,0.0,2.718449836706452e+23,107616256.0,-0.0,0.0,2.004,2.004,224,-0.0,-152018287067136.0,0.0,0.0,0.0,0.0,0.0,0.0,0.0,0,0,0,-0.0,0.0,12634144768.0,-1.307494388292649e+17,705591.0,-894466624.0,2.0804707400098518e+35,0.0,0.003,-3.4052804852218293e+24,-0.003,12165096448.0,0.0,0.0,0.0,-0.0,0,1.3516416376850534e+27,224,0.0,448,-74360974999552.0,0.0,2114,0,17110,13107,17112,0,17096,0,0,0,101,100,100,0.0,64.5,0.0,65.4,-107615240.0,64.5,1,49,50,180,0,0,0,0,0.0,0.0,0.0,60.0,652054284468224.0,71.0,0.0,-0.0,0.0,1070,0,1070,0,0,0,1070,0,1081,0,1000,0,649,0,650,0,645,0,674,0.032,1.4536034330083127e+22,-0.0,-107615280.0,19600,16814,2.2698052049954752e+23,0.0,0.0,-6.77661056654377e+16,16391755776.0,0.006,50.0,60.0,35,0.0,0.0,10.0,2.0,0.0,0.0,0.0,0.0,0.0,0.0,0.0,0.0,0.0,0.0,0.0,0.0,58.8,49,14,65513,26,65476,0,300,0,0,8,20529,65476,0,0,30147,60.0,0.0,10.0,10.0,2.0,0.0
2026-02-16T12:22:22,ERR,ERR,ERR,ERR,ERR,ERR,ERR,ERR,ERR,ERR,ERR,ERR,ERR,ERR,ERR,ERR,ERR,ERR,ERR,ERR,ERR,ERR,ERR,ERR,ERR,ERR,ERR,ERR,ERR,ERR,ERR,ERR,ERR,ERR,ERR,ERR,ERR,ERR,ERR,ERR,ERR,ERR,ERR,ERR,ERR,ERR,ERR,ERR,ERR,ERR,ERR,ERR,ERR,ERR,ERR,ERR,ERR,ERR,ERR,ERR,ERR,ERR,ERR,ERR,ERR,ERR,ERR,ERR,ERR,ERR,ERR,ERR,ERR,ERR,ERR,ERR,ERR,ERR,ERR,ERR,ERR,ERR,ERR,ERR,ERR,ERR,ERR,ERR,ERR,ERR,ERR,ERR,ERR,ERR,ERR,ERR,ERR,ERR,ERR,ERR,ERR,ERR,ERR,ERR,ERR,ERR,ERR,ERR,ERR,ERR,ERR,ERR,ERR,ERR,ERR,ERR,ERR,ERR,ERR,ERR,ERR,ERR,ERR,ERR,ERR,0.0,0.0,0.0,-0.0,-8401.889,-1.095614111597698e+26,4.186623922357698e+28,3.1405646524735155e+21,4300,0,8,17170,4300,0.0,41,0.0,0.0,-0.0,0.0,0.059,0,0,0,0,0.0,0,0,0,0,0,0,0,0,0,0,0,0,0,0,0,0,0,0,0,0,0,0,0,0,0,0,0,0,0,0,0,0,0,10,35,34,44,65476,360,65476,1,0,4,21553,0.0,2.7183305813883192e+23,0.0,0.0,0.0,0.0,0.0,0.0,0.0,0.0,0.0,0.0,0.0,0.0,0.0,0.0,0.0,0.0,0.0,0.0,0.0,2.004,3.697062548517736e+19,-3.697081020313082e+19,-2.004,3.697075302852618e+19,0.0,0.0,0.0,0.0,6631.0,-0.0,0.0,0.0,0.0,2.718449836706452e+23,107616256.0,-0.0,0.0,2.004,2.004,224,-0.0,-152018287067136.0,0.0,0.0,0.0,0.0,0.0,0.0,0.0,0,0,0,-0.0,0.0,12634144768.0,-1.307494388292649e+17,705591.0,-894466624.0,2.0804707400098518e+35,0.0,0.003,-3.4052804852218293e+24,-0.003,12165096448.0,0.0,0.0,0.0,-0.0,0,1.3516416376850534e+27,224,0.0,448,-74360974999552.0,0.0,2114,0,17110,13107,17112,0,17096,0,0,0,101,100,100,0.0,64.5,0.0,65.4,-107615240.0,64.5,1,49,50,180,52429,0,0,0,0.0,0.0,0.0,60.0,1.6341599156053048e+31,71.0,0.0,-7155596394496.0,0.0,1069,0,1070,0,0,0,1070,0,1081,0,1000,0,649,0,650,0,645,0,675,0.032,1.4609821306377965e+22,-2.004,0.0,18192,16814,1.5427010154813456e+21,-0.0,2.06661848203847e+20,0.0,-0.0,-0.0,50.0,60.0,35,0.0,0.0,10.0,2.0,0.0,0.0,0.0,0.0,0.0,0.0,0.0,0.0,0.0,0.0,0.0,0.0,58.8,49,14,65513,26,65476,0,300,0,0,8,20529,65476,0,0,30147,60.0,0.0,10.0,10.0,2.0,0.0
2026-02-16T12:22:23,ERR,ERR,ERR,ERR,ERR,ERR,ERR,ERR,ERR,ERR,ERR,ERR,ERR,ERR,ERR,ERR,ERR,ERR,ERR,ERR,ERR,ERR,ERR,ERR,ERR,ERR,ERR,ERR,ERR,ERR,ERR,ERR,ERR,ERR,ERR,ERR,ERR,ERR,ERR,ERR,ERR,ERR,ERR,ERR,ERR,ERR,ERR,ERR,ERR,ERR,ERR,ERR,ERR,ERR,ERR,ERR,ERR,ERR,ERR,ERR,ERR,ERR,ERR,ERR,ERR,ERR,ERR,ERR,ERR,ERR,ERR,ERR,ERR,ERR,ERR,ERR,ERR,ERR,ERR,ERR,ERR,ERR,ERR,ERR,ERR,ERR,ERR,ERR,ERR,ERR,ERR,ERR,ERR,ERR,ERR,ERR,ERR,ERR,ERR,ERR,ERR,ERR,ERR,ERR,ERR,ERR,ERR,ERR,ERR,ERR,ERR,ERR,ERR,ERR,ERR,ERR,ERR,ERR,ERR,ERR,ERR,ERR,ERR,ERR,ERR,0.0,0.0,0.0,-0.0,-8401.889,-1.095614111597698e+26,4.186623922357698e+28,3.1405646524735155e+21,4300,0,8,17170,4300,0.0,41,0.0,0.0,-0.0,0.0,0.059,0,0,0,0,0.0,0,0,0,0,0,0,0,0,0,0,0,0,0,0,0,0,0,0,0,0,0,0,0,0,0,0,0,0,0,0,0,0,0,10,35,34,44,65476,360,65476,1,0,4,21553,0.0,2.7183305813883192e+23,0.0,0.0,0.0,0.0,0.0,0.0,0.0,0.0,0.0,0.0,0.0,0.0,0.0,0.0,0.0,0.0,0.0,0.0,0.0,2.004,3.697062548517736e+19,-3.697081020313082e+19,-2.004,3.697075302852618e+19,0.0,0.0,0.0,0.0,6631.0,-0.0,0.0,0.0,0.0,2.718449836706452e+23,107616256.0,-0.0,0.0,2.004,2.004,224,-0.0,-152018287067136.0,0.0,0.0,0.0,0.0,0.0,0.0,0.0,0,0,0,-0.0,0.0,12634144768.0,-1.307494388292649e+17,705591.0,-894466624.0,2.0804707400098518e+35,0.0,0.003,-3.4052804852218293e+24,-0.003,12165096448.0,0.0,0.0,0.0,-0.0,0,1.3516416376850534e+27,224,0.0,448,-74360974999552.0,0.0,2114,0,17110,13107,17112,0,17096,0,0,0,101,100,100,0.0,64.5,0.0,65.4,-107615240.0,64.5,1,49,50,180,52429,0,0,0,0.0,0.0,0.0,60.0,1.6341599156053048e+31,71.0,0.0,-7155596394496.0,0.0,1069,0,1070,0,0,0,1070,0,1081,0,1000,0,649,0,650,0,645,0,675,0.032,1.4609821306377965e+22,-2.004,0.0,18192,16814,1.5427010154813456e+21,-0.0,2.06661848203847e+20,0.0,-0.0,-0.0,50.0,60.0,35,0.0,0.0,10.0,2.0,0.0,0.0,0.0,0.0,0.0,0.0,0.0,0.0,0.0,0.0,0.0,0.0,58.8,49,14,65513,26,65476,0,300,0,0,8,20529,65476,0,0,30147,60.0,0.0,10.0,10.0,2.0,0.0
2026-02-16T12:22:24,ERR,ERR,ERR,ERR,ERR,ERR,ERR,ERR,ERR,ERR,ERR,ERR,ERR,ERR,ERR,ERR,ERR,ERR,ERR,ERR,ERR,ERR,ERR,ERR,ERR,ERR,ERR,ERR,ERR,ERR,ERR,ERR,ERR,ERR,ERR,ERR,ERR,ERR,ERR,ERR,ERR,ERR,ERR,ERR,ERR,ERR,ERR,ERR,ERR,ERR,ERR,ERR,ERR,ERR,ERR,ERR,ERR,ERR,ERR,ERR,ERR,ERR,ERR,ERR,ERR,ERR,ERR,ERR,ERR,ERR,ERR,ERR,ERR,ERR,ERR,ERR,ERR,ERR,ERR,ERR,ERR,ERR,ERR,ERR,ERR,ERR,ERR,ERR,ERR,ERR,ERR,ERR,ERR,ERR,ERR,ERR,ERR,ERR,ERR,ERR,ERR,ERR,ERR,ERR,ERR,ERR,ERR,ERR,ERR,ERR,ERR,ERR,ERR,ERR,ERR,ERR,ERR,ERR,ERR,ERR,ERR,ERR,ERR,ERR,ERR,0.0,0.0,0.0,-0.0,-8401.889,-1.095614111597698e+26,4.186623922357698e+28,3.1405646524735155e+21,4300,0,8,17170,4300,0.0,41,0.0,0.0,-0.0,0.0,0.059,0,0,0,0,0.0,0,0,0,0,0,0,0,0,0,0,0,0,0,0,0,0,0,0,0,0,0,0,0,0,0,0,0,0,0,0,0,0,0,10,35,34,44,65476,360,65476,1,0,4,21553,0.0,2.7183305813883192e+23,0.0,0.0,0.0,0.0,0.0,0.0,0.0,0.0,0.0,0.0,0.0,0.0,0.0,0.0,0.0,0.0,0.0,0.0,0.0,2.004,3.697062548517736e+19,-3.697081020313082e+19,-2.004,3.697075302852618e+19,0.0,0.0,0.0,0.0,6631.0,-0.0,0.0,0.0,0.0,2.718449836706452e+23,107616256.0,-0.0,0.0,2.004,2.004,224,-0.0,-152018287067136.0,0.0,0.0,0.0,0.0,0.0,0.0,0.0,0,0,0,-0.0,0.0,12634144768.0,-1.307494388292649e+17,705591.0,-894466624.0,2.0804707400098518e+35,0.0,0.003,-3.4052804852218293e+24,-0.003,12165096448.0,0.0,0.0,0.0,-0.0,0,1.3516416376850534e+27,224,0.0,448,-74360974999552.0,0.0,2114,0,17110,13107,17112,0,17096,0,0,0,101,100,100,0.0,64.5,0.0,65.4,-107615240.0,64.5,1,49,50,180,52429,0,0,0,0.0,0.0,0.0,60.0,1.6341599156053048e+31,71.0,0.0,-7155596394496.0,0.0,1069,0,1070,0,0,0,1070,0,1081,0,1000,0,649,0,650,0,645,0,675,0.032,1.4609821306377965e+22,-2.004,0.0,18192,16814,1.5427010154813456e+21,-0.0,2.06661848203847e+20,0.0,-0.0,-0.0,50.0,60.0,35,0.0,0.0,10.0,2.0,0.0,0.0,0.0,0.0,0.0,0.0,0.0,0.0,0.0,0.0,0.0,0.0,59.2,49,14,65513,26,65476,0,300,0,0,8,20529,65476,0,0,30147,60.0,0.0,10.0,10.0,2.0,0.0
2026-02-16T12:22:25,ERR,ERR,ERR,ERR,ERR,ERR,ERR,ERR,ERR,ERR,ERR,ERR,ERR,ERR,ERR,ERR,ERR,ERR,ERR,ERR,ERR,ERR,ERR,ERR,ERR,ERR,ERR,ERR,ERR,ERR,ERR,ERR,ERR,ERR,ERR,ERR,ERR,ERR,ERR,ERR,ERR,ERR,ERR,ERR,ERR,ERR,ERR,ERR,ERR,ERR,ERR,ERR,ERR,ERR,ERR,ERR,ERR,ERR,ERR,ERR,ERR,ERR,ERR,ERR,ERR,ERR,ERR,ERR,ERR,ERR,ERR,ERR,ERR,ERR,ERR,ERR,ERR,ERR,ERR,ERR,ERR,ERR,ERR,ERR,ERR,ERR,ERR,ERR,ERR,ERR,ERR,ERR,ERR,ERR,ERR,ERR,ERR,ERR,ERR,ERR,ERR,ERR,ERR,ERR,ERR,ERR,ERR,ERR,ERR,ERR,ERR,ERR,ERR,ERR,ERR,ERR,ERR,ERR,ERR,ERR,ERR,ERR,ERR,ERR,ERR,0.0,0.0,0.0,-0.0,-8401.889,-1.095614111597698e+26,4.186623922357698e+28,3.1405646524735155e+21,4300,0,8,17170,4300,0.0,41,0.0,0.0,-0.0,0.0,0.059,0,0,0,0,0.0,0,0,0,0,0,0,0,0,0,0,0,0,0,0,0,0,0,0,0,0,0,0,0,0,0,0,0,0,0,0,0,0,0,10,35,34,44,65476,360,65476,1,0,4,21553,0.0,2.7183305813883192e+23,0.0,0.0,0.0,0.0,0.0,0.0,0.0,0.0,0.0,0.0,0.0,0.0,0.0,0.0,0.0,0.0,0.0,0.0,0.0,2.004,3.697062548517736e+19,-3.697081020313082e+19,-2.004,3.697075302852618e+19,0.0,0.0,0.0,0.0,6631.0,-0.0,0.0,0.0,0.0,2.718449836706452e+23,107616256.0,-0.0,0.0,2.004,2.004,224,-0.0,-152018287067136.0,0.0,0.0,0.0,0.0,0.0,0.0,0.0,0,0,0,-0.0,0.0,12634144768.0,-1.307494388292649e+17,705591.0,-894466624.0,2.0804707400098518e+35,0.0,0.003,-3.4052804852218293e+24,-0.003,12165096448.0,0.0,0.0,0.0,-0.0,0,1.3516416376850534e+27,224,0.0,448,-74360974999552.0,0.0,2114,0,17110,13107,17112,0,17096,0,0,0,101,100,100,0.0,64.5,0.0,65.4,-107615240.0,64.5,1,49,50,180,52429,0,0,0,0.0,0.0,0.0,60.0,1.6341599156053048e+31,71.0,0.0,-7155596394496.0,0.0,1069,0,1070,0,0,0,1070,0,1081,0,1000,0,649,0,650,0,645,0,675,0.032,1.4609821306377965e+22,-2.004,0.0,18192,16814,1.5427010154813456e+21,-0.0,2.06661848203847e+20,0.0,-0.0,-0.0,50.0,60.0,35,0.0,0.0,10.0,2.0,0.0,0.0,0.0,0.0,0.0,0.0,0.0,0.0,0.0,0.0,0.0,0.0,59.2,49,14,65513,26,65476,0,300,0,0,8,20529,65476,0,0,30147,60.0,0.0,10.0,10.0,2.0,0.0
2026-02-16T12:22:26,ERR,ERR,ERR,ERR,ERR,ERR,ERR,ERR,ERR,ERR,ERR,ERR,ERR,ERR,ERR,ERR,ERR,ERR,ERR,ERR,ERR,ERR,ERR,ERR,ERR,ERR,ERR,ERR,ERR,ERR,ERR,ERR,ERR,ERR,ERR,ERR,ERR,ERR,ERR,ERR,ERR,ERR,ERR,ERR,ERR,ERR,ERR,ERR,ERR,ERR,ERR,ERR,ERR,ERR,ERR,ERR,ERR,ERR,ERR,ERR,ERR,ERR,ERR,ERR,ERR,ERR,ERR,ERR,ERR,ERR,ERR,ERR,ERR,ERR,ERR,ERR,ERR,ERR,ERR,ERR,ERR,ERR,ERR,ERR,ERR,ERR,ERR,ERR,ERR,ERR,ERR,ERR,ERR,ERR,ERR,ERR,ERR,ERR,ERR,ERR,ERR,ERR,ERR,ERR,ERR,ERR,ERR,ERR,ERR,ERR,ERR,ERR,ERR,ERR,ERR,ERR,ERR,ERR,ERR,ERR,ERR,ERR,ERR,ERR,ERR,0.0,0.0,0.0,-0.0,-8401.889,-3.9949687149548064e+20,3.6212848668383904e+19,1.491817855605362e+27,4300,0,8,17170,4300,0.0,41,0.0,0.0,-0.0,0.0,0.059,0,0,0,0,0.0,0,0,0,0,0,0,0,0,0,0,0,0,0,0,0,0,0,0,0,0,0,0,0,0,0,0,0,0,0,0,0,0,0,10,35,34,44,65476,360,65476,1,0,4,21553,0.0,-0.0,0.0,0.0,0.0,0.0,0.0,0.0,0.0,0.0,0.0,0.0,0.0,0.0,0.0,0.0,0.0,0.0,0.0,0.0,0.0,2.004,3.697062548517736e+19,-3.697081020313082e+19,-2.004,-0.0,0.0,0.0,0.0,0.0,6626.0,1.5879389867419013e+29,0.0,0.0,0.0,2.718449836706452e+23,-0.0,0.0,0.0,2.004,2.004,223,5.848054890877766e+35,-71.63,0.0,0.0,0.0,0.0,0.0,0.0,0.0,0,0,0,-0.0,-3188713643311104.0,584113152.0,0.0,0.0,0.0,0.0,-0.0,-0.004,-3.631954076399572e+24,-0.004,12970402816.0,0.0,0.0,0.0,1.3649819027009874e+34,0,1.3516416376850534e+27,223,0.0,446,-74360974999552.0,0.0,2114,0,17110,13107,17112,0,17096,0,0,0,101,100,100,0.0,64.5,0.0,65.4,-107615240.0,64.5,1,49,50,180,0,0,0,0,0.0,0.0,0.0,60.0,2.4190336664493866e+30,71.0,0.0,-0.0,0.0,1070,0,1072,0,0,0,1070,0,1081,0,1000,0,649,0,650,0,645,0,675,0.032,1.0551537610161864e+22,-2.004,0.0,15504,16814,1.5597982597993827e+34,-0.0,-6.908326484752504e+21,0.108,0.0,0.0,50.0,60.0,35,0.0,0.0,10.0,2.0,0.0,0.0,0.0,0.0,0.0,0.0,0.0,0.0,0.0,0.0,0.0,0.0,58.8,49,14,65513,26,65476,0,300,0,0,8,20529,65476,0,0,30147,60.0,0.0,10.0,10.0,2.0,0.0
2026-02-16T12:22:27,ERR,ERR,ERR,ERR,ERR,ERR,ERR,ERR,ERR,ERR,ERR,ERR,ERR,ERR,ERR,ERR,ERR,ERR,ERR,ERR,ERR,ERR,ERR,ERR,ERR,ERR,ERR,ERR,ERR,ERR,ERR,ERR,ERR,ERR,ERR,ERR,ERR,ERR,ERR,ERR,ERR,ERR,ERR,ERR,ERR,ERR,ERR,ERR,ERR,ERR,ERR,ERR,ERR,ERR,ERR,ERR,ERR,ERR,ERR,ERR,ERR,ERR,ERR,ERR,ERR,ERR,ERR,ERR,ERR,ERR,ERR,ERR,ERR,ERR,ERR,ERR,ERR,ERR,ERR,ERR,ERR,ERR,ERR,ERR,ERR,ERR,ERR,ERR,ERR,ERR,ERR,ERR,ERR,ERR,ERR,ERR,ERR,ERR,ERR,ERR,ERR,ERR,ERR,ERR,ERR,ERR,ERR,ERR,ERR,ERR,ERR,ERR,ERR,ERR,ERR,ERR,ERR,ERR,ERR,ERR,ERR,ERR,ERR,ERR,ERR,0.0,0.0,0.0,-0.0,-8401.889,-3.9949687149548064e+20,3.6212848668383904e+19,1.491817855605362e+27,4300,0,8,17170,4300,0.0,41,0.0,0.0,-0.0,0.0,0.059,0,0,0,0,0.0,0,0,0,0,0,0,0,0,0,0,0,0,0,0,0,0,0,0,0,0,0,0,0,0,0,0,0,0,0,0,0,0,0,10,35,34,44,65476,360,65476,1,0,4,21553,0.0,-0.0,0.0,0.0,0.0,0.0,0.0,0.0,0.0,0.0,0.0,0.0,0.0,0.0,0.0,0.0,0.0,0.0,0.0,0.0,0.0,2.004,3.697062548517736e+19,-3.697081020313082e+19,-2.004,-0.0,0.0,0.0,0.0,0.0,6626.0,1.5879389867419013e+29,0.0,0.0,0.0,2.718449836706452e+23,-0.0,0.0,0.0,2.004,2.004,223,5.848054890877766e+35,-71.63,0.0,0.0,0.0,0.0,0.0,0.0,0.0,0,0,0,-0.0,-3188713643311104.0,584113152.0,0.0,0.0,0.0,0.0,-0.0,-0.004,-3.631954076399572e+24,-0.004,12970402816.0,0.0,0.0,0.0,1.3649819027009874e+34,0,1.3516416376850534e+27,223,0.0,446,-74360974999552.0,0.0,2114,0,17110,13107,17112,0,17096,0,0,0,101,100,100,0.0,64.5,0.0,65.4,-107615240.0,64.5,1,49,50,180,0,0,0,0,0.0,0.0,0.0,60.0,2.4190336664493866e+30,71.0,0.0,-0.0,0.0,1070,0,1072,0,0,0,1070,0,1081,0,1000,0,649,0,650,0,645,0,675,0.032,1.0551537610161864e+22,-2.004,0.0,15504,16814,1.5597982597993827e+34,-0.0,-6.908326484752504e+21,0.108,0.0,0.0,50.0,60.0,35,0.0,0.0,10.0,2.0,0.0,0.0,0.0,0.0,0.0,0.0,0.0,0.0,0.0,0.0,0.0,0.0,59.2,49,14,65513,26,65476,0,300,0,0,8,20529,65476,0,0,30147,60.0,0.0,10.0,10.0,2.0,0.0
2026-02-16T12:22:28,ERR,ERR,ERR,ERR,ERR,ERR,ERR,ERR,ERR,ERR,ERR,ERR,ERR,ERR,ERR,ERR,ERR,ERR,ERR,ERR,ERR,ERR,ERR,ERR,ERR,ERR,ERR,ERR,ERR,ERR,ERR,ERR,ERR,ERR,ERR,ERR,ERR,ERR,ERR,ERR,ERR,ERR,ERR,ERR,ERR,ERR,ERR,ERR,ERR,ERR,ERR,ERR,ERR,ERR,ERR,ERR,ERR,ERR,ERR,ERR,ERR,ERR,ERR,ERR,ERR,ERR,ERR,ERR,ERR,ERR,ERR,ERR,ERR,ERR,ERR,ERR,ERR,ERR,ERR,ERR,ERR,ERR,ERR,ERR,ERR,ERR,ERR,ERR,ERR,ERR,ERR,ERR,ERR,ERR,ERR,ERR,ERR,ERR,ERR,ERR,ERR,ERR,ERR,ERR,ERR,ERR,ERR,ERR,ERR,ERR,ERR,ERR,ERR,ERR,ERR,ERR,ERR,ERR,ERR,ERR,ERR,ERR,ERR,ERR,ERR,0.0,0.0,0.0,-0.0,-8401.889,-3.9949687149548064e+20,3.6212848668383904e+19,1.491817855605362e+27,4300,0,8,17170,4300,0.0,41,0.0,0.0,-0.0,0.0,0.059,0,0,0,0,0.0,0,0,0,0,0,0,0,0,0,0,0,0,0,0,0,0,0,0,0,0,0,0,0,0,0,0,0,0,0,0,0,0,0,10,35,34,44,65476,360,65476,1,0,4,21553,0.0,-0.0,0.0,0.0,0.0,0.0,0.0,0.0,0.0,0.0,0.0,0.0,0.0,0.0,0.0,0.0,0.0,0.0,0.0,0.0,0.0,2.004,3.697062548517736e+19,-3.697081020313082e+19,-2.004,-0.0,0.0,0.0,0.0,0.0,6626.0,1.5879389867419013e+29,0.0,0.0,0.0,2.718449836706452e+23,-0.0,0.0,0.0,2.004,2.004,223,5.848054890877766e+35,-71.63,0.0,0.0,0.0,0.0,0.0,0.0,0.0,0,0,0,-0.0,-3188713643311104.0,584113152.0,0.0,0.0,0.0,0.0,-0.0,-0.004,-3.631954076399572e+24,-0.004,12970402816.0,0.0,0.0,0.0,1.3649819027009874e+34,0,1.3516416376850534e+27,223,0.0,446,-74360974999552.0,0.0,2114,0,17110,13107,17112,0,17096,0,0,0,101,100,100,0.0,64.5,0.0,65.4,-107615240.0,64.5,1,49,50,180,0,0,0,0,0.0,0.0,0.0,60.0,2.4190336664493866e+30,71.0,0.0,-0.0,0.0,1070,0,1072,0,0,0,1070,0,1081,0,1000,0,649,0,650,0,645,0,675,0.032,1.0551537610161864e+22,-2.004,0.0,15504,16814,1.5597982597993827e+34,-0.0,-6.908326484752504e+21,0.108,0.0,0.0,50.0,60.0,35,0.0,0.0,10.0,2.0,0.0,0.0,0.0,0.0,0.0,0.0,0.0,0.0,0.0,0.0,0.0,0.0,59.2,49,14,65513,26,65476,0,300,0,0,8,20529,65476,0,0,30147,60.0,0.0,10.0,10.0,2.0,0.0
2026-02-16T12:22:29,ERR,ERR,ERR,ERR,ERR,ERR,ERR,ERR,ERR,ERR,ERR,ERR,ERR,ERR,ERR,ERR,ERR,ERR,ERR,ERR,ERR,ERR,ERR,ERR,ERR,ERR,ERR,ERR,ERR,ERR,ERR,ERR,ERR,ERR,ERR,ERR,ERR,ERR,ERR,ERR,ERR,ERR,ERR,ERR,ERR,ERR,ERR,ERR,ERR,ERR,ERR,ERR,ERR,ERR,ERR,ERR,ERR,ERR,ERR,ERR,ERR,ERR,ERR,ERR,ERR,ERR,ERR,ERR,ERR,ERR,ERR,ERR,ERR,ERR,ERR,ERR,ERR,ERR,ERR,ERR,ERR,ERR,ERR,ERR,ERR,ERR,ERR,ERR,ERR,ERR,ERR,ERR,ERR,ERR,ERR,ERR,ERR,ERR,ERR,ERR,ERR,ERR,ERR,ERR,ERR,ERR,ERR,ERR,ERR,ERR,ERR,ERR,ERR,ERR,ERR,ERR,ERR,ERR,ERR,ERR,ERR,ERR,ERR,ERR,ERR,0.0,0.0,0.0,-0.0,-8401.889,-3.9949687149548064e+20,3.6212848668383904e+19,1.491817855605362e+27,4300,0,8,17170,4300,0.0,41,0.0,0.0,-0.0,0.0,0.059,0,0,0,0,0.0,0,0,0,0,0,0,0,0,0,0,0,0,0,0,0,0,0,0,0,0,0,0,0,0,0,0,0,0,0,0,0,0,0,10,35,34,44,65476,360,65476,1,0,4,21553,0.0,-0.0,0.0,0.0,0.0,0.0,0.0,0.0,0.0,0.0,0.0,0.0,0.0,0.0,0.0,0.0,0.0,0.0,0.0,0.0,0.0,2.004,3.697062548517736e+19,-3.697081020313082e+19,-2.004,-0.0,0.0,0.0,0.0,0.0,6626.0,1.5879389867419013e+29,0.0,0.0,0.0,2.718449836706452e+23,-0.0,0.0,0.0,2.004,2.004,223,5.848054890877766e+35,-71.63,0.0,0.0,0.0,0.0,0.0,0.0,0.0,0,0,0,-0.0,-3188713643311104.0,584113152.0,0.0,0.0,0.0,0.0,-0.0,-0.004,-3.631954076399572e+24,-0.004,12970402816.0,0.0,0.0,0.0,1.3649819027009874e+34,0,1.3516416376850534e+27,223,0.0,446,-74360974999552.0,0.0,2114,0,17110,13107,17112,0,17096,0,0,0,101,100,100,0.0,64.5,0.0,65.4,-107615240.0,64.5,1,49,50,180,52429,0,0,0,0.0,0.0,0.0,60.0,4.724675129783958e+27,71.0,0.0,1708687374680064.0,0.0,1069,0,1070,0,0,0,1070,0,1081,0,1000,0,649,0,650,0,645,0,676,0.032,1.069911156275154e+22,-2.004,0.0,21136,16814,4.724675129783958e+27,1708687374680064.0,24.031,136203965825024.0,-0.0,3.8203976551756806e+24,50.0,60.0,35,0.0,0.0,10.0,2.0,0.0,0.0,0.0,0.0,0.0,0.0,0.0,0.0,0.0,0.0,0.0,0.0,58.8,49,14,65513,26,65476,0,300,0,0,8,20529,65476,0,0,30147,60.0,0.0,10.0,10.0,2.0,0.0
2026-02-16T12:22:30,ERR,ERR,ERR,ERR,ERR,ERR,ERR,ERR,ERR,ERR,ERR,ERR,ERR,ERR,ERR,ERR,ERR,ERR,ERR,ERR,ERR,ERR,ERR,ERR,ERR,ERR,ERR,ERR,ERR,ERR,ERR,ERR,ERR,ERR,ERR,ERR,ERR,ERR,ERR,ERR,ERR,ERR,ERR,ERR,ERR,ERR,ERR,ERR,ERR,ERR,ERR,ERR,ERR,ERR,ERR,ERR,ERR,ERR,ERR,ERR,ERR,ERR,ERR,ERR,ERR,ERR,ERR,ERR,ERR,ERR,ERR,ERR,ERR,ERR,ERR,ERR,ERR,ERR,ERR,ERR,ERR,ERR,ERR,ERR,ERR,ERR,ERR,ERR,ERR,ERR,ERR,ERR,ERR,ERR,ERR,ERR,ERR,ERR,ERR,ERR,ERR,ERR,ERR,ERR,ERR,ERR,ERR,ERR,ERR,ERR,ERR,ERR,ERR,ERR,ERR,ERR,ERR,ERR,ERR,ERR,ERR,ERR,ERR,ERR,ERR,0.0,0.0,0.0,-0.0,-8401.889,-3.9949687149548064e+20,3.6212848668383904e+19,1.491817855605362e+27,4300,0,8,17170,4300,0.0,41,0.0,0.0,-0.0,0.0,0.059,0,0,0,0,0.0,0,0,0,0,0,0,0,0,0,0,0,0,0,0,0,0,0,0,0,0,0,0,0,0,0,0,0,0,0,0,0,0,0,10,35,34,44,65476,360,65476,1,0,4,21553,0.0,-0.0,0.0,0.0,0.0,0.0,0.0,0.0,0.0,0.0,0.0,0.0,0.0,0.0,0.0,0.0,0.0,0.0,0.0,0.0,0.0,2.004,3.697062548517736e+19,-3.697081020313082e+19,-2.004,-0.0,0.0,0.0,0.0,0.0,6626.0,1.5879389867419013e+29,0.0,0.0,0.0,2.718449836706452e+23,-0.0,0.0,0.0,2.004,2.004,223,5.848054890877766e+35,-71.63,0.0,0.0,0.0,0.0,0.0,0.0,0.0,0,0,0,-0.0,-3188713643311104.0,584113152.0,0.0,0.0,0.0,0.0,-0.0,-0.004,-3.631954076399572e+24,-0.004,12970402816.0,0.0,0.0,0.0,1.3649819027009874e+34,0,1.3516416376850534e+27,223,0.0,446,-74360974999552.0,0.0,2114,0,17110,13107,17112,0,17096,0,0,0,101,100,100,0.0,64.5,0.0,65.4,-107615240.0,64.5,1,49,50,180,52429,0,0,0,0.0,0.0,0.0,60.0,4.724675129783958e+27,71.0,0.0,1708687374680064.0,0.0,1069,0,1070,0,0,0,1070,0,1081,0,1000,0,649,0,650,0,645,0,676,0.032,1.069911156275154e+22,-2.004,0.0,21136,16814,4.724675129783958e+27,1708687374680064.0,24.031,136203965825024.0,-0.0,3.8203976551756806e+24,50.0,60.0,35,0.0,0.0,10.0,2.0,0.0,0.0,0.0,0.0,0.0,0.0,0.0,0.0,0.0,0.0,0.0,0.0,58.8,49,14,65513,26,65476,0,300,0,0,8,20529,65476,0,0,30147,60.0,0.0,10.0,10.0,2.0,0.0
2026-02-16T12:22:31,ERR,ERR,ERR,ERR,ERR,ERR,ERR,ERR,ERR,ERR,ERR,ERR,ERR,ERR,ERR,ERR,ERR,ERR,ERR,ERR,ERR,ERR,ERR,ERR,ERR,ERR,ERR,ERR,ERR,ERR,ERR,ERR,ERR,ERR,ERR,ERR,ERR,ERR,ERR,ERR,ERR,ERR,ERR,ERR,ERR,ERR,ERR,ERR,ERR,ERR,ERR,ERR,ERR,ERR,ERR,ERR,ERR,ERR,ERR,ERR,ERR,ERR,ERR,ERR,ERR,ERR,ERR,ERR,ERR,ERR,ERR,ERR,ERR,ERR,ERR,ERR,ERR,ERR,ERR,ERR,ERR,ERR,ERR,ERR,ERR,ERR,ERR,ERR,ERR,ERR,ERR,ERR,ERR,ERR,ERR,ERR,ERR,ERR,ERR,ERR,ERR,ERR,ERR,ERR,ERR,ERR,ERR,ERR,ERR,ERR,ERR,ERR,ERR,ERR,ERR,ERR,ERR,ERR,ERR,ERR,ERR,ERR,ERR,ERR,ERR,0.0,0.0,0.0,-0.0,-8401.889,-6234248.0,0.0,-0.0,4300,0,8,17170,4300,0.0,41,0.0,0.0,-0.0,0.0,0.059,0,0,0,0,0.0,0,0,0,0,0,0,0,0,0,0,0,0,0,0,0,0,0,0,0,0,0,0,0,0,0,0,0,0,0,0,0,0,0,10,35,34,45,65476,360,65476,1,0,4,21553,0.0,0.0,0.0,0.0,0.0,0.0,0.0,0.0,0.0,0.0,0.0,0.0,0.0,0.0,0.0,0.0,0.0,0.0,0.0,0.0,0.0,2.004,3.697062548517736e+19,-3.697081020313082e+19,-0.0,-0.0,0.0,0.0,0.0,0.0,6632.0,2.4230026042814656e+24,0.0,0.0,0.0,0.0,-0.0,-0.0,0.0,2.004,2.004,224,-0.0,-0.059,0.0,0.0,0.0,0.0,0.0,0.0,0.0,0,0,0,-182.263,-4.822890789720227e+23,3.9270117682935415e+30,6.298873930813218e+26,3.348960260867348e+29,-0.0,989017735168.0,1.7064955471372445e+33,-0.0,-3.858627667577315e+24,-0.004,13775709184.0,0.0,0.0,0.0,-0.0,0,1.3516416376850534e+27,223,0.0,446,-0.0,-0.0,2114,0,17110,13107,17112,0,17096,0,0,0,101,100,100,0.0,64.5,0.0,65.4,-107615240.0,64.5,1,49,50,180,52429,0,0,0,0.0,0.0,0.0,60.0,4.724675129783958e+27,71.0,0.0,1708687374680064.0,0.0,1069,0,1070,0,0,0,1070,0,1081,0,1000,0,649,0,650,0,645,0,676,0.032,1.069911156275154e+22,-2.004,0.0,21136,16814,4.724675129783958e+27,1708687374680064.0,24.031,136203965825024.0,-0.0,3.8203976551756806e+24,50.0,60.0,35,0.0,0.0,10.0,2.0,0.0,0.0,0.0,0.0,0.0,0.0,0.0,0.0,0.0,0.0,0.0,0.0,59.2,49,14,65513,26,65476,0,300,0,0,8,20529,65476,0,0,30147,60.0,0.0,10.0,10.0,2.0,0.0
2026-02-16T12:22:32,ERR,ERR,ERR,ERR,ERR,ERR,ERR,ERR,ERR,ERR,ERR,ERR,ERR,ERR,ERR,ERR,ERR,ERR,ERR,ERR,ERR,ERR,ERR,ERR,ERR,ERR,ERR,ERR,ERR,ERR,ERR,ERR,ERR,ERR,ERR,ERR,ERR,ERR,ERR,ERR,ERR,ERR,ERR,ERR,ERR,ERR,ERR,ERR,ERR,ERR,ERR,ERR,ERR,ERR,ERR,ERR,ERR,ERR,ERR,ERR,ERR,ERR,ERR,ERR,ERR,ERR,ERR,ERR,ERR,ERR,ERR,ERR,ERR,ERR,ERR,ERR,ERR,ERR,ERR,ERR,ERR,ERR,ERR,ERR,ERR,ERR,ERR,ERR,ERR,ERR,ERR,ERR,ERR,ERR,ERR,ERR,ERR,ERR,ERR,ERR,ERR,ERR,ERR,ERR,ERR,ERR,ERR,ERR,ERR,ERR,ERR,ERR,ERR,ERR,ERR,ERR,ERR,ERR,ERR,ERR,ERR,ERR,ERR,ERR,ERR,0.0,0.0,0.0,-0.0,-8401.889,-6234248.0,0.0,-0.0,4300,0,8,17170,4300,0.0,41,0.0,0.0,-0.0,0.0,0.059,0,0,0,0,0.0,0,0,0,0,0,0,0,0,0,0,0,0,0,0,0,0,0,0,0,0,0,0,0,0,0,0,0,0,0,0,0,0,0,10,35,34,45,65476,360,65476,1,0,4,21553,0.0,0.0,0.0,0.0,0.0,0.0,0.0,0.0,0.0,0.0,0.0,0.0,0.0,0.0,0.0,0.0,0.0,0.0,0.0,0.0,0.0,2.004,3.697062548517736e+19,-3.697081020313082e+19,-0.0,-0.0,0.0,0.0,0.0,0.0,6632.0,2.4230026042814656e+24,0.0,0.0,0.0,0.0,-0.0,-0.0,0.0,2.004,2.004,224,-0.0,-0.059,0.0,0.0,0.0,0.0,0.0,0.0,0.0,0,0,0,-182.263,-4.822890789720227e+23,3.9270117682935415e+30,6.298873930813218e+26,3.348960260867348e+29,-0.0,989017735168.0,1.7064955471372445e+33,-0.0,-3.858627667577315e+24,-0.004,13775709184.0,0.0,0.0,0.0,-0.0,0,1.3516416376850534e+27,223,0.0,446,-0.0,-0.0,2114,0,17110,13107,17112,0,17096,0,0,0,101,100,100,0.0,64.5,0.0,65.4,-107615240.0,64.5,1,49,50,180,52429,0,0,0,0.0,0.0,0.0,60.0,1.6341599156053048e+31,71.0,0.0,1.5006505136816128e+16,0.0,1069,0,1070,0,0,0,1070,0,1081,0,1000,0,649,0,650,0,645,0,675,0.032,1.0551537610161864e+22,-2.004,0.0,12176,16814,6.503553587161875e+32,-0.0,8.778264509837637e+34,-226051.641,-49612376.0,-0.0,50.0,60.0,35,0.0,0.0,10.0,2.0,0.0,0.0,0.0,0.0,0.0,0.0,0.0,0.0,0.0,0.0,0.0,0.0,58.8,49,14,65513,26,65476,0,300,0,0,8,20529,65476,0,0,30147,60.0,0.0,10.0,10.0,2.0,0.0
2026-02-16T12:22:33,ERR,ERR,ERR,ERR,ERR,ERR,ERR,ERR,ERR,ERR,ERR,ERR,ERR,ERR,ERR,ERR,ERR,ERR,ERR,ERR,ERR,ERR,ERR,ERR,ERR,ERR,ERR,ERR,ERR,ERR,ERR,ERR,ERR,ERR,ERR,ERR,ERR,ERR,ERR,ERR,ERR,ERR,ERR,ERR,ERR,ERR,ERR,ERR,ERR,ERR,ERR,ERR,ERR,ERR,ERR,ERR,ERR,ERR,ERR,ERR,ERR,ERR,ERR,ERR,ERR,ERR,ERR,ERR,ERR,ERR,ERR,ERR,ERR,ERR,ERR,ERR,ERR,ERR,ERR,ERR,ERR,ERR,ERR,ERR,ERR,ERR,ERR,ERR,ERR,ERR,ERR,ERR,ERR,ERR,ERR,ERR,ERR,ERR,ERR,ERR,ERR,ERR,ERR,ERR,ERR,ERR,ERR,ERR,ERR,ERR,ERR,ERR,ERR,ERR,ERR,ERR,ERR,ERR,ERR,ERR,ERR,ERR,ERR,ERR,ERR,0.0,0.0,0.0,-0.0,-8401.889,-6234248.0,0.0,-0.0,4300,0,8,17170,4300,0.0,41,0.0,0.0,-0.0,0.0,0.059,0,0,0,0,0.0,0,0,0,0,0,0,0,0,0,0,0,0,0,0,0,0,0,0,0,0,0,0,0,0,0,0,0,0,0,0,0,0,0,10,35,34,45,65476,360,65476,1,0,4,21553,0.0,0.0,0.0,0.0,0.0,0.0,0.0,0.0,0.0,0.0,0.0,0.0,0.0,0.0,0.0,0.0,0.0,0.0,0.0,0.0,0.0,2.004,3.697062548517736e+19,-3.697081020313082e+19,-0.0,-0.0,0.0,0.0,0.0,0.0,6632.0,2.4230026042814656e+24,0.0,0.0,0.0,0.0,-0.0,-0.0,0.0,2.004,2.004,224,-0.0,-0.059,0.0,0.0,0.0,0.0,0.0,0.0,0.0,0,0,0,-182.263,-4.822890789720227e+23,3.9270117682935415e+30,6.298873930813218e+26,3.348960260867348e+29,-0.0,989017735168.0,1.7064955471372445e+33,-0.0,-3.858627667577315e+24,-0.004,13775709184.0,0.0,0.0,0.0,-0.0,0,1.3516416376850534e+27,223,0.0,446,-0.0,-0.0,2114,0,17110,13107,17112,0,17096,0,0,0,101,100,100,0.0,64.5,0.0,65.4,-107615240.0,64.5,1,49,50,180,52429,0,0,0,0.0,0.0,0.0,60.0,1.6341599156053048e+31,71.0,0.0,1.5006505136816128e+16,0.0,1069,0,1070,0,0,0,1070,0,1081,0,1000,0,649,0,650,0,645,0,675,0.032,1.0551537610161864e+22,-2.004,0.0,12176,16814,6.503553587161875e+32,-0.0,8.778264509837637e+34,-226051.641,-49612376.0,-0.0,50.0,60.0,35,0.0,0.0,10.0,2.0,0.0,0.0,0.0,0.0,0.0,0.0,0.0,0.0,0.0,0.0,0.0,0.0,58.8,49,14,65513,26,65476,0,300,0,0,8,20529,65476,0,0,30147,60.0,0.0,10.0,10.0,2.0,0.0
2026-02-16T12:22:34,ERR,ERR,ERR,ERR,ERR,ERR,ERR,ERR,ERR,ERR,ERR,ERR,ERR,ERR,ERR,ERR,ERR,ERR,ERR,ERR,ERR,ERR,ERR,ERR,ERR,ERR,ERR,ERR,ERR,ERR,ERR,ERR,ERR,ERR,ERR,ERR,ERR,ERR,ERR,ERR,ERR,ERR,ERR,ERR,ERR,ERR,ERR,ERR,ERR,ERR,ERR,ERR,ERR,ERR,ERR,ERR,ERR,ERR,ERR,ERR,ERR,ERR,ERR,ERR,ERR,ERR,ERR,ERR,ERR,ERR,ERR,ERR,ERR,ERR,ERR,ERR,ERR,ERR,ERR,ERR,ERR,ERR,ERR,ERR,ERR,ERR,ERR,ERR,ERR,ERR,ERR,ERR,ERR,ERR,ERR,ERR,ERR,ERR,ERR,ERR,ERR,ERR,ERR,ERR,ERR,ERR,ERR,ERR,ERR,ERR,ERR,ERR,ERR,ERR,ERR,ERR,ERR,ERR,ERR,ERR,ERR,ERR,ERR,ERR,ERR,0.0,0.0,0.0,-0.0,-8401.889,-6234248.0,0.0,-0.0,4300,0,8,17170,4300,0.0,41,0.0,0.0,-0.0,0.0,0.059,0,0,0,0,0.0,0,0,0,0,0,0,0,0,0,0,0,0,0,0,0,0,0,0,0,0,0,0,0,0,0,0,0,0,0,0,0,0,0,10,35,34,45,65476,360,65476,1,0,4,21553,0.0,0.0,0.0,0.0,0.0,0.0,0.0,0.0,0.0,0.0,0.0,0.0,0.0,0.0,0.0,0.0,0.0,0.0,0.0,0.0,0.0,2.004,3.697062548517736e+19,-3.697081020313082e+19,-0.0,-0.0,0.0,0.0,0.0,0.0,6632.0,2.4230026042814656e+24,0.0,0.0,0.0,0.0,-0.0,-0.0,0.0,2.004,2.004,224,-0.0,-0.059,0.0,0.0,0.0,0.0,0.0,0.0,0.0,0,0,0,-182.263,-4.822890789720227e+23,3.9270117682935415e+30,6.298873930813218e+26,3.348960260867348e+29,-0.0,989017735168.0,1.7064955471372445e+33,-0.0,-3.858627667577315e+24,-0.004,13775709184.0,0.0,0.0,0.0,-0.0,0,1.3516416376850534e+27,223,0.0,446,-0.0,-0.0,2114,0,17110,13107,17112,0,17096,0,0,0,101,100,100,0.0,64.5,0.0,65.4,-107615240.0,64.5,1,49,50,180,52429,0,0,0,0.0,0.0,0.0,60.0,1.6341599156053048e+31,71.0,0.0,1.5006505136816128e+16,0.0,1069,0,1070,0,0,0,1070,0,1081,0,1000,0,649,0,650,0,645,0,675,0.032,1.0551537610161864e+22,-2.004,0.0,12176,16814,6.503553587161875e+32,-0.0,8.778264509837637e+34,-226051.641,-49612376.0,-0.0,50.0,60.0,35,0.0,0.0,10.0,2.0,0.0,0.0,0.0,0.0,0.0,0.0,0.0,0.0,0.0,0.0,0.0,0.0,58.8,49,14,65513,26,65476,0,300,0,0,8,20529,65476,0,0,30147,60.0,0.0,10.0,10.0,2.0,0.0
2026-02-16T12:22:35,ERR,ERR,ERR,ERR,ERR,ERR,ERR,ERR,ERR,ERR,ERR,ERR,ERR,ERR,ERR,ERR,ERR,ERR,ERR,ERR,ERR,ERR,ERR,ERR,ERR,ERR,ERR,ERR,ERR,ERR,ERR,ERR,ERR,ERR,ERR,ERR,ERR,ERR,ERR,ERR,ERR,ERR,ERR,ERR,ERR,ERR,ERR,ERR,ERR,ERR,ERR,ERR,ERR,ERR,ERR,ERR,ERR,ERR,ERR,ERR,ERR,ERR,ERR,ERR,ERR,ERR,ERR,ERR,ERR,ERR,ERR,ERR,ERR,ERR,ERR,ERR,ERR,ERR,ERR,ERR,ERR,ERR,ERR,ERR,ERR,ERR,ERR,ERR,ERR,ERR,ERR,ERR,ERR,ERR,ERR,ERR,ERR,ERR,ERR,ERR,ERR,ERR,ERR,ERR,ERR,ERR,ERR,ERR,ERR,ERR,ERR,ERR,ERR,ERR,ERR,ERR,ERR,ERR,ERR,ERR,ERR,ERR,ERR,ERR,ERR,0.0,0.0,0.0,-0.0,-8401.889,-3.072631511269329e+20,2.655713106730156e+19,1.8980169309958774e+27,4300,0,8,17170,4300,0.0,41,0.0,0.0,-0.0,0.0,-4.925046184806267e+32,0,0,0,0,0.0,0,0,0,0,0,0,0,0,0,0,0,0,0,0,0,0,0,0,0,0,0,0,0,0,0,0,0,0,0,0,0,0,0,10,35,34,45,65476,360,65476,1,0,4,21553,0.0,0.0,0.0,0.0,0.0,0.0,0.0,0.0,0.0,0.0,0.0,0.0,0.0,0.0,0.0,0.0,0.0,0.0,0.0,0.0,0.0,2.004,3.697062548517736e+19,-3.697081020313082e+19,-0.0,-0.0,0.0,0.0,0.0,0.0,6631.0,0.0,0.0,0.0,0.0,0.0,-0.0,0.0,0.0,2.004,2.004,224,-0.0,-0.0,0.0,0.0,0.0,0.0,0.0,0.0,0.0,0,0,0,-0.0,1.9,113394518589440.0,0.0,1.236,0.0,5.14620486989902e+25,-0.077,-6.18849272131827e+31,-4.085301258755058e+24,-0.004,14581015552.0,0.0,0.0,0.0,-0.0,0,1.3516416376850534e+27,224,0.0,448,-0.0,-0.0,2114,0,17110,13107,17112,0,17096,0,0,0,101,100,100,0.0,64.5,0.0,65.4,-107615240.0,64.5,1,49,50,180,52429,0,0,0,0.0,0.0,0.0,60.0,1.6341599156053048e+31,71.0,0.0,1.5006505136816128e+16,0.0,1069,0,1070,0,0,0,1070,0,1081,0,1000,0,649,0,650,0,645,0,675,0.032,1.0551537610161864e+22,-2.004,0.0,12176,16814,6.503553587161875e+32,-0.0,8.778264509837637e+34,-226051.641,-49612376.0,-0.0,50.0,60.0,35,0.0,0.0,10.0,2.0,0.0,0.0,0.0,0.0,0.0,0.0,0.0,0.0,0.0,0.0,0.0,0.0,58.8,49,14,65513,26,65476,0,300,0,0,8,20529,65476,0,0,30147,60.0,0.0,10.0,10.0,2.0,0.0
2026-02-16T12:22:36,ERR,ERR,ERR,ERR,ERR,ERR,ERR,ERR,ERR,ERR,ERR,ERR,ERR,ERR,ERR,ERR,ERR,ERR,ERR,ERR,ERR,ERR,ERR,ERR,ERR,ERR,ERR,ERR,ERR,ERR,ERR,ERR,ERR,ERR,ERR,ERR,ERR,ERR,ERR,ERR,ERR,ERR,ERR,ERR,ERR,ERR,ERR,ERR,ERR,ERR,ERR,ERR,ERR,ERR,ERR,ERR,ERR,ERR,ERR,ERR,ERR,ERR,ERR,ERR,ERR,ERR,ERR,ERR,ERR,ERR,ERR,ERR,ERR,ERR,ERR,ERR,ERR,ERR,ERR,ERR,ERR,ERR,ERR,ERR,ERR,ERR,ERR,ERR,ERR,ERR,ERR,ERR,ERR,ERR,ERR,ERR,ERR,ERR,ERR,ERR,ERR,ERR,ERR,ERR,ERR,ERR,ERR,ERR,ERR,ERR,ERR,ERR,ERR,ERR,ERR,ERR,ERR,ERR,ERR,ERR,ERR,ERR,ERR,ERR,ERR,0.0,0.0,0.0,-0.0,-8401.889,-3.072631511269329e+20,2.655713106730156e+19,1.8980169309958774e+27,4300,0,8,17170,4300,0.0,41,0.0,0.0,-0.0,0.0,-4.925046184806267e+32,0,0,0,0,0.0,0,0,0,0,0,0,0,0,0,0,0,0,0,0,0,0,0,0,0,0,0,0,0,0,0,0,0,0,0,0,0,0,0,10,35,34,45,65476,360,65476,1,0,4,21553,0.0,0.0,0.0,0.0,0.0,0.0,0.0,0.0,0.0,0.0,0.0,0.0,0.0,0.0,0.0,0.0,0.0,0.0,0.0,0.0,0.0,2.004,3.697062548517736e+19,-3.697081020313082e+19,-0.0,-0.0,0.0,0.0,0.0,0.0,6631.0,0.0,0.0,0.0,0.0,0.0,-0.0,0.0,0.0,2.004,2.004,224,-0.0,-0.0,0.0,0.0,0.0,0.0,0.0,0.0,0.0,0,0,0,-0.0,1.9,113394518589440.0,0.0,1.236,0.0,5.14620486989902e+25,-0.077,-6.18849272131827e+31,-4.085301258755058e+24,-0.004,14581015552.0,0.0,0.0,0.0,-0.0,0,1.3516416376850534e+27,224,0.0,448,-0.0,-0.0,2114,0,17110,13107,17112,0,17096,0,0,0,101,100,100,0.0,64.5,0.0,65.4,-107615240.0,64.5,1,49,50,180,52429,0,0,0,0.0,0.0,0.0,60.0,4.4332132910067876e+20,71.0,0.0,-3.7847830499041124e+34,0.0,1069,0,1070,0,0,0,1070,0,1081,0,1000,0,649,0,650,0,645,0,676,0.032,1.4609821306377965e+22,0.0,0.0,8080,16814,4.4332132910067876e+20,-3.7847830499041124e+34,-0.0,7.737883483807689e+33,-3.2745047863731944e+29,-0.0,50.0,60.0,35,0.0,0.0,10.0,2.0,0.0,0.0,0.0,0.0,0.0,0.0,0.0,0.0,0.0,0.0,0.0,0.0,58.8,49,14,65513,26,65476,0,300,0,0,8,20529,65476,0,0,30147,60.0,0.0,10.0,10.0,2.0,0.0
2026-02-16T12:22:37,ERR,ERR,ERR,ERR,ERR,ERR,ERR,ERR,ERR,ERR,ERR,ERR,ERR,ERR,ERR,ERR,ERR,ERR,ERR,ERR,ERR,ERR,ERR,ERR,ERR,ERR,ERR,ERR,ERR,ERR,ERR,ERR,ERR,ERR,ERR,ERR,ERR,ERR,ERR,ERR,ERR,ERR,ERR,ERR,ERR,ERR,ERR,ERR,ERR,ERR,ERR,ERR,ERR,ERR,ERR,ERR,ERR,ERR,ERR,ERR,ERR,ERR,ERR,ERR,ERR,ERR,ERR,ERR,ERR,ERR,ERR,ERR,ERR,ERR,ERR,ERR,ERR,ERR,ERR,ERR,ERR,ERR,ERR,ERR,ERR,ERR,ERR,ERR,ERR,ERR,ERR,ERR,ERR,ERR,ERR,ERR,ERR,ERR,ERR,ERR,ERR,ERR,ERR,ERR,ERR,ERR,ERR,ERR,ERR,ERR,ERR,ERR,ERR,ERR,ERR,ERR,ERR,ERR,ERR,ERR,ERR,ERR,ERR,ERR,ERR,0.0,0.0,0.0,-0.0,-8401.889,-3.072631511269329e+20,2.655713106730156e+19,1.8980169309958774e+27,4300,0,8,17170,4300,0.0,41,0.0,0.0,-0.0,0.0,-4.925046184806267e+32,0,0,0,0,0.0,0,0,0,0,0,0,0,0,0,0,0,0,0,0,0,0,0,0,0,0,0,0,0,0,0,0,0,0,0,0,0,0,0,10,35,34,45,65476,360,65476,1,0,4,21553,0.0,0.0,0.0,0.0,0.0,0.0,0.0,0.0,0.0,0.0,0.0,0.0,0.0,0.0,0.0,0.0,0.0,0.0,0.0,0.0,0.0,2.004,3.697062548517736e+19,-3.697081020313082e+19,-0.0,-0.0,0.0,0.0,0.0,0.0,6631.0,0.0,0.0,0.0,0.0,0.0,-0.0,0.0,0.0,2.004,2.004,224,-0.0,-0.0,0.0,0.0,0.0,0.0,0.0,0.0,0.0,0,0,0,-0.0,1.9,113394518589440.0,0.0,1.236,0.0,5.14620486989902e+25,-0.077,-6.18849272131827e+31,-4.085301258755058e+24,-0.004,14581015552.0,0.0,0.0,0.0,-0.0,0,1.3516416376850534e+27,224,0.0,448,-0.0,-0.0,2114,0,17110,13107,17112,0,17096,0,0,0,101,100,100,0.0,64.5,0.0,65.4,-107615240.0,64.5,1,49,50,180,52429,0,0,0,0.0,0.0,0.0,60.0,4.4332132910067876e+20,71.0,0.0,-3.7847830499041124e+34,0.0,1069,0,1070,0,0,0,1070,0,1081,0,1000,0,649,0,650,0,645,0,676,0.032,1.4609821306377965e+22,0.0,0.0,8080,16814,4.4332132910067876e+20,-3.7847830499041124e+34,-0.0,7.737883483807689e+33,-3.2745047863731944e+29,-0.0,50.0,60.0,35,0.0,0.0,10.0,2.0,0.0,0.0,0.0,0.0,0.0,0.0,0.0,0.0,0.0,0.0,0.0,0.0,58.8,49,14,65513,26,65476,0,300,0,0,8,20529,65476,0,0,30147,60.0,0.0,10.0,10.0,2.0,0.0
2026-02-16T12:22:38,ERR,ERR,ERR,ERR,ERR,ERR,ERR,ERR,ERR,ERR,ERR,ERR,ERR,ERR,ERR,ERR,ERR,ERR,ERR,ERR,ERR,ERR,ERR,ERR,ERR,ERR,ERR,ERR,ERR,ERR,ERR,ERR,ERR,ERR,ERR,ERR,ERR,ERR,ERR,ERR,ERR,ERR,ERR,ERR,ERR,ERR,ERR,ERR,ERR,ERR,ERR,ERR,ERR,ERR,ERR,ERR,ERR,ERR,ERR,ERR,ERR,ERR,ERR,ERR,ERR,ERR,ERR,ERR,ERR,ERR,ERR,ERR,ERR,ERR,ERR,ERR,ERR,ERR,ERR,ERR,ERR,ERR,ERR,ERR,ERR,ERR,ERR,ERR,ERR,ERR,ERR,ERR,ERR,ERR,ERR,ERR,ERR,ERR,ERR,ERR,ERR,ERR,ERR,ERR,ERR,ERR,ERR,ERR,ERR,ERR,ERR,ERR,ERR,ERR,ERR,ERR,ERR,ERR,ERR,ERR,ERR,ERR,ERR,ERR,ERR,0.0,0.0,0.0,-0.0,-8401.889,-3.072631511269329e+20,2.655713106730156e+19,1.8980169309958774e+27,4300,0,8,17170,4300,0.0,41,0.0,0.0,-0.0,0.0,-4.925046184806267e+32,0,0,0,0,0.0,0,0,0,0,0,0,0,0,0,0,0,0,0,0,0,0,0,0,0,0,0,0,0,0,0,0,0,0,0,0,0,0,0,10,35,34,45,65476,360,65476,1,0,4,21553,0.0,0.0,0.0,0.0,0.0,0.0,0.0,0.0,0.0,0.0,0.0,0.0,0.0,0.0,0.0,0.0,0.0,0.0,0.0,0.0,0.0,2.004,3.697062548517736e+19,-3.697081020313082e+19,-0.0,-0.0,0.0,0.0,0.0,0.0,6631.0,0.0,0.0,0.0,0.0,0.0,-0.0,0.0,0.0,2.004,2.004,224,-0.0,-0.0,0.0,0.0,0.0,0.0,0.0,0.0,0.0,0,0,0,-0.0,1.9,113394518589440.0,0.0,1.236,0.0,5.14620486989902e+25,-0.077,-6.18849272131827e+31,-4.085301258755058e+24,-0.004,14581015552.0,0.0,0.0,0.0,-0.0,0,1.3516416376850534e+27,224,0.0,448,-0.0,-0.0,2114,0,17110,13107,17112,0,17096,0,0,0,101,100,100,0.0,64.5,0.0,65.4,-107615240.0,64.5,1,49,50,180,52429,0,0,0,0.0,0.0,0.0,60.0,4.4332132910067876e+20,71.0,0.0,-3.7847830499041124e+34,0.0,1069,0,1070,0,0,0,1070,0,1081,0,1000,0,649,0,650,0,645,0,676,0.032,1.4609821306377965e+22,0.0,0.0,8080,16814,4.4332132910067876e+20,-3.7847830499041124e+34,-0.0,7.737883483807689e+33,-3.2745047863731944e+29,-0.0,50.0,60.0,35,0.0,0.0,10.0,2.0,0.0,0.0,0.0,0.0,0.0,0.0,0.0,0.0,0.0,0.0,0.0,0.0,58.8,49,14,65513,26,65476,0,300,0,0,8,20529,65476,0,0,30147,60.0,0.0,10.0,10.0,2.0,0.0
2026-02-16T12:22:39,ERR,ERR,ERR,ERR,ERR,ERR,ERR,ERR,ERR,ERR,ERR,ERR,ERR,ERR,ERR,ERR,ERR,ERR,ERR,ERR,ERR,ERR,ERR,ERR,ERR,ERR,ERR,ERR,ERR,ERR,ERR,ERR,ERR,ERR,ERR,ERR,ERR,ERR,ERR,ERR,ERR,ERR,ERR,ERR,ERR,ERR,ERR,ERR,ERR,ERR,ERR,ERR,ERR,ERR,ERR,ERR,ERR,ERR,ERR,ERR,ERR,ERR,ERR,ERR,ERR,ERR,ERR,ERR,ERR,ERR,ERR,ERR,ERR,ERR,ERR,ERR,ERR,ERR,ERR,ERR,ERR,ERR,ERR,ERR,ERR,ERR,ERR,ERR,ERR,ERR,ERR,ERR,ERR,ERR,ERR,ERR,ERR,ERR,ERR,ERR,ERR,ERR,ERR,ERR,ERR,ERR,ERR,ERR,ERR,ERR,ERR,ERR,ERR,ERR,ERR,ERR,ERR,ERR,ERR,ERR,ERR,ERR,ERR,ERR,ERR,0.0,0.0,0.0,-0.0,-8401.889,-3.072631511269329e+20,2.655713106730156e+19,1.8980169309958774e+27,4300,0,8,17170,4300,0.0,41,0.0,0.0,-0.0,0.0,-4.925046184806267e+32,0,0,0,0,0.0,0,0,0,0,0,0,0,0,0,0,0,0,0,0,0,0,0,0,0,0,0,0,0,0,0,0,0,0,0,0,0,0,0,10,35,34,45,65476,360,65476,1,0,4,21553,0.0,0.0,0.0,0.0,0.0,0.0,0.0,0.0,0.0,0.0,0.0,0.0,0.0,0.0,0.0,0.0,0.0,0.0,0.0,0.0,0.0,2.004,3.697062548517736e+19,-3.697081020313082e+19,-0.0,-0.0,0.0,0.0,0.0,0.0,6631.0,0.0,0.0,0.0,0.0,0.0,-0.0,0.0,0.0,2.004,2.004,224,-0.0,-0.0,0.0,0.0,0.0,0.0,0.0,0.0,0.0,0,0,0,-0.0,1.9,113394518589440.0,0.0,1.236,0.0,5.14620486989902e+25,-0.077,-6.18849272131827e+31,-4.085301258755058e+24,-0.004,14581015552.0,0.0,0.0,0.0,-0.0,0,1.3516416376850534e+27,224,0.0,448,-0.0,-0.0,2114,0,17110,13107,17112,0,17096,0,0,0,101,100,100,0.0,64.5,0.0,65.4,-107615240.0,64.5,1,49,50,180,52429,0,0,0,0.0,0.0,0.0,60.0,3.915505514279621e+21,71.0,0.0,-17616783360.0,0.0,1069,0,1070,0,0,0,1070,0,1081,0,1000,0,649,0,650,0,645,0,676,0.032,1.0994259467930893e+22,0.0,0.0,8080,16814,76375244800.0,1.924463357484639e+35,0.0,-1.1976961263507866e+17,13371856896.0,0.004,50.0,60.0,35,0.0,0.0,10.0,2.0,0.0,0.0,0.0,0.0,0.0,0.0,0.0,0.0,0.0,0.0,0.0,0.0,58.8,49,14,65513,26,65476,0,300,0,0,8,20529,65476,0,0,30147,60.0,0.0,10.0,10.0,2.0,0.0
2026-02-16T12:22:40,ERR,ERR,ERR,ERR,ERR,ERR,ERR,ERR,ERR,ERR,ERR,ERR,ERR,ERR,ERR,ERR,ERR,ERR,ERR,ERR,ERR,ERR,ERR,ERR,ERR,ERR,ERR,ERR,ERR,ERR,ERR,ERR,ERR,ERR,ERR,ERR,ERR,ERR,ERR,ERR,ERR,ERR,ERR,ERR,ERR,ERR,ERR,ERR,ERR,ERR,ERR,ERR,ERR,ERR,ERR,ERR,ERR,ERR,ERR,ERR,ERR,ERR,ERR,ERR,ERR,ERR,ERR,ERR,ERR,ERR,ERR,ERR,ERR,ERR,ERR,ERR,ERR,ERR,ERR,ERR,ERR,ERR,ERR,ERR,ERR,ERR,ERR,ERR,ERR,ERR,ERR,ERR,ERR,ERR,ERR,ERR,ERR,ERR,ERR,ERR,ERR,ERR,ERR,ERR,ERR,ERR,ERR,ERR,ERR,ERR,ERR,ERR,ERR,ERR,ERR,ERR,ERR,ERR,ERR,ERR,ERR,ERR,ERR,ERR,ERR,0.0,0.0,0.0,-0.0,-8401.889,-2.629,0.0,-0.0,4300,0,8,17170,4300,0.0,41,0.0,0.0,-0.0,0.0,-4.925046184806267e+32,0,0,0,0,0.0,0,0,0,0,0,0,0,0,0,0,0,0,0,0,0,0,0,0,0,0,0,0,0,0,0,0,0,0,0,0,0,0,0,11,34,34,45,65476,360,65476,1,0,4,21553,0.0,0.0,0.0,0.0,0.0,0.0,0.0,0.0,0.0,0.0,0.0,0.0,0.0,0.0,0.0,0.0,0.0,0.0,0.0,0.0,0.0,2.004,3.697062548517736e+19,-3.697081020313082e+19,-0.0,-2.004,0.0,0.0,0.0,0.0,6638.0,0.0,0.0,0.0,0.0,0.0,-0.0,0.0,0.0,2.004,2.004,224,-4.950400744235881e+32,-0.0,0.0,0.0,0.0,0.0,0.0,0.0,0.0,0,0,0,-0.0,-0.0,6585507840.0,649.031,222547410944.0,-21777825792.0,0.0,-0.0,-4.134,-4.311974849932801e+24,-0.005,15386321920.0,0.0,0.0,0.0,-0.0,0,1.3516416376850534e+27,224,0.0,448,0.0,4.689388604382247e+24,2114,0,17110,13107,17112,0,17096,0,0,0,101,100,100,0.0,64.5,0.0,65.4,-107615240.0,64.5,1,49,50,180,52429,0,0,0,0.0,0.0,0.0,60.0,3.915505514279621e+21,71.0,0.0,-17616783360.0,0.0,1069,0,1070,0,0,0,1070,0,1081,0,1000,0,649,0,650,0,645,0,676,0.032,1.0994259467930893e+22,0.0,0.0,8080,16814,76375244800.0,1.924463357484639e+35,0.0,-1.1976961263507866e+17,13371856896.0,0.004,50.0,60.0,35,0.0,0.0,10.0,2.0,0.0,0.0,0.0,0.0,0.0,0.0,0.0,0.0,0.0,0.0,0.0,0.0,58.8,49,14,65513,26,65476,0,300,0,0,8,20529,65476,0,0,30147,60.0,0.0,10.0,10.0,2.0,0.0
2026-02-16T12:22:41,ERR,ERR,ERR,ERR,ERR,ERR,ERR,ERR,ERR,ERR,ERR,ERR,ERR,ERR,ERR,ERR,ERR,ERR,ERR,ERR,ERR,ERR,ERR,ERR,ERR,ERR,ERR,ERR,ERR,ERR,ERR,ERR,ERR,ERR,ERR,ERR,ERR,ERR,ERR,ERR,ERR,ERR,ERR,ERR,ERR,ERR,ERR,ERR,ERR,ERR,ERR,ERR,ERR,ERR,ERR,ERR,ERR,ERR,ERR,ERR,ERR,ERR,ERR,ERR,ERR,ERR,ERR,ERR,ERR,ERR,ERR,ERR,ERR,ERR,ERR,ERR,ERR,ERR,ERR,ERR,ERR,ERR,ERR,ERR,ERR,ERR,ERR,ERR,ERR,ERR,ERR,ERR,ERR,ERR,ERR,ERR,ERR,ERR,ERR,ERR,ERR,ERR,ERR,ERR,ERR,ERR,ERR,ERR,ERR,ERR,ERR,ERR,ERR,ERR,ERR,ERR,ERR,ERR,ERR,ERR,ERR,ERR,ERR,ERR,ERR,0.0,0.0,0.0,-0.0,-8401.889,-2.629,0.0,-0.0,4300,0,8,17170,4300,0.0,41,0.0,0.0,-0.0,0.0,-4.925046184806267e+32,0,0,0,0,0.0,0,0,0,0,0,0,0,0,0,0,0,0,0,0,0,0,0,0,0,0,0,0,0,0,0,0,0,0,0,0,0,0,0,11,34,34,45,65476,360,65476,1,0,4,21553,0.0,0.0,0.0,0.0,0.0,0.0,0.0,0.0,0.0,0.0,0.0,0.0,0.0,0.0,0.0,0.0,0.0,0.0,0.0,0.0,0.0,2.004,3.697062548517736e+19,-3.697081020313082e+19,-0.0,-2.004,0.0,0.0,0.0,0.0,6638.0,0.0,0.0,0.0,0.0,0.0,-0.0,0.0,0.0,2.004,2.004,224,-4.950400744235881e+32,-0.0,0.0,0.0,0.0,0.0,0.0,0.0,0.0,0,0,0,-0.0,-0.0,6585507840.0,649.031,222547410944.0,-21777825792.0,0.0,-0.0,-4.134,-4.311974849932801e+24,-0.005,15386321920.0,0.0,0.0,0.0,-0.0,0,1.3516416376850534e+27,224,0.0,448,0.0,4.689388604382247e+24,2114,0,17110,13107,17112,0,17096,0,0,0,101,100,100,0.0,64.5,0.0,65.4,-107615240.0,64.5,1,49,50,180,52429,0,0,0,0.0,0.0,0.0,60.0,3.915505514279621e+21,71.0,0.0,-17616783360.0,0.0,1069,0,1070,0,0,0,1070,0,1081,0,1000,0,649,0,650,0,645,0,676,0.032,1.0994259467930893e+22,0.0,0.0,8080,16814,76375244800.0,1.924463357484639e+35,0.0,-1.1976961263507866e+17,13371856896.0,0.004,50.0,60.0,35,0.0,0.0,10.0,2.0,0.0,0.0,0.0,0.0,0.0,0.0,0.0,0.0,0.0,0.0,0.0,0.0,58.8,49,14,65513,26,65476,0,300,0,0,8,20529,65476,0,0,30147,60.0,0.0,10.0,10.0,2.0,0.0
2026-02-16T12:22:42,ERR,ERR,ERR,ERR,ERR,ERR,ERR,ERR,ERR,ERR,ERR,ERR,ERR,ERR,ERR,ERR,ERR,ERR,ERR,ERR,ERR,ERR,ERR,ERR,ERR,ERR,ERR,ERR,ERR,ERR,ERR,ERR,ERR,ERR,ERR,ERR,ERR,ERR,ERR,ERR,ERR,ERR,ERR,ERR,ERR,ERR,ERR,ERR,ERR,ERR,ERR,ERR,ERR,ERR,ERR,ERR,ERR,ERR,ERR,ERR,ERR,ERR,ERR,ERR,ERR,ERR,ERR,ERR,ERR,ERR,ERR,ERR,ERR,ERR,ERR,ERR,ERR,ERR,ERR,ERR,ERR,ERR,ERR,ERR,ERR,ERR,ERR,ERR,ERR,ERR,ERR,ERR,ERR,ERR,ERR,ERR,ERR,ERR,ERR,ERR,ERR,ERR,ERR,ERR,ERR,ERR,ERR,ERR,ERR,ERR,ERR,ERR,ERR,ERR,ERR,ERR,ERR,ERR,ERR,ERR,ERR,ERR,ERR,ERR,ERR,0.0,0.0,0.0,-0.0,-8401.889,-2.629,0.0,-0.0,4300,0,8,17170,4300,0.0,41,0.0,0.0,-0.0,0.0,-4.925046184806267e+32,0,0,0,0,0.0,0,0,0,0,0,0,0,0,0,0,0,0,0,0,0,0,0,0,0,0,0,0,0,0,0,0,0,0,0,0,0,0,0,11,34,34,45,65476,360,65476,1,0,4,21553,0.0,0.0,0.0,0.0,0.0,0.0,0.0,0.0,0.0,0.0,0.0,0.0,0.0,0.0,0.0,0.0,0.0,0.0,0.0,0.0,0.0,2.004,3.697062548517736e+19,-3.697081020313082e+19,-0.0,-2.004,0.0,0.0,0.0,0.0,6638.0,0.0,0.0,0.0,0.0,0.0,-0.0,0.0,0.0,2.004,2.004,224,-4.950400744235881e+32,-0.0,0.0,0.0,0.0,0.0,0.0,0.0,0.0,0,0,0,-0.0,-0.0,6585507840.0,649.031,222547410944.0,-21777825792.0,0.0,-0.0,-4.134,-4.311974849932801e+24,-0.005,15386321920.0,0.0,0.0,0.0,-0.0,0,1.3516416376850534e+27,224,0.0,448,0.0,4.689388604382247e+24,2114,0,17110,13107,17112,0,17096,0,0,0,101,100,100,0.0,64.5,0.0,65.4,-107615240.0,64.5,1,49,50,180,52429,0,0,0,0.0,0.0,0.0,60.0,4858183.0,71.0,0.0,-1787947.125,0.0,1069,0,1070,0,0,0,1070,0,1081,0,1000,0,649,0,650,0,645,0,675,0.032,1.4536034330083127e+22,0.0,0.0,63120,16813,0.027,8.509438317558203e+31,-24498571051008.0,1.4988991613007817e+34,0.0,0.0,50.0,60.0,35,0.0,0.0,10.0,2.0,0.0,0.0,0.0,0.0,0.0,0.0,0.0,0.0,0.0,0.0,0.0,0.0,58.8,49,14,65513,26,65476,0,300,0,0,8,20529,65476,0,0,30147,60.0,0.0,10.0,10.0,2.0,0.0
2026-02-16T12:22:43,ERR,ERR,ERR,ERR,ERR,ERR,ERR,ERR,ERR,ERR,ERR,ERR,ERR,ERR,ERR,ERR,ERR,ERR,ERR,ERR,ERR,ERR,ERR,ERR,ERR,ERR,ERR,ERR,ERR,ERR,ERR,ERR,ERR,ERR,ERR,ERR,ERR,ERR,ERR,ERR,ERR,ERR,ERR,ERR,ERR,ERR,ERR,ERR,ERR,ERR,ERR,ERR,ERR,ERR,ERR,ERR,ERR,ERR,ERR,ERR,ERR,ERR,ERR,ERR,ERR,ERR,ERR,ERR,ERR,ERR,ERR,ERR,ERR,ERR,ERR,ERR,ERR,ERR,ERR,ERR,ERR,ERR,ERR,ERR,ERR,ERR,ERR,ERR,ERR,ERR,ERR,ERR,ERR,ERR,ERR,ERR,ERR,ERR,ERR,ERR,ERR,ERR,ERR,ERR,ERR,ERR,ERR,ERR,ERR,ERR,ERR,ERR,ERR,ERR,ERR,ERR,ERR,ERR,ERR,ERR,ERR,ERR,ERR,ERR,ERR,0.0,0.0,0.0,-0.0,-8401.889,-2.629,0.0,-0.0,4300,0,8,17170,4300,0.0,41,0.0,0.0,-0.0,0.0,-4.925046184806267e+32,0,0,0,0,0.0,0,0,0,0,0,0,0,0,0,0,0,0,0,0,0,0,0,0,0,0,0,0,0,0,0,0,0,0,0,0,0,0,0,11,34,34,45,65476,360,65476,1,0,4,21553,0.0,0.0,0.0,0.0,0.0,0.0,0.0,0.0,0.0,0.0,0.0,0.0,0.0,0.0,0.0,0.0,0.0,0.0,0.0,0.0,0.0,2.004,3.697062548517736e+19,-3.697081020313082e+19,-0.0,-2.004,0.0,0.0,0.0,0.0,6638.0,0.0,0.0,0.0,0.0,0.0,-0.0,0.0,0.0,2.004,2.004,224,-4.950400744235881e+32,-0.0,0.0,0.0,0.0,0.0,0.0,0.0,0.0,0,0,0,-0.0,-0.0,6585507840.0,649.031,222547410944.0,-21777825792.0,0.0,-0.0,-4.134,-4.311974849932801e+24,-0.005,15386321920.0,0.0,0.0,0.0,-0.0,0,1.3516416376850534e+27,224,0.0,448,0.0,4.689388604382247e+24,2114,0,17110,13107,17112,0,17096,0,0,0,101,100,100,0.0,64.5,0.0,65.4,-107615240.0,64.5,1,49,50,180,52429,0,0,0,0.0,0.0,0.0,60.0,4858183.0,71.0,0.0,-1787947.125,0.0,1069,0,1070,0,0,0,1070,0,1081,0,1000,0,649,0,650,0,645,0,675,0.032,1.4536034330083127e+22,0.0,0.0,63120,16813,0.027,8.509438317558203e+31,-24498571051008.0,1.4988991613007817e+34,0.0,0.0,50.0,60.0,35,0.0,0.0,10.0,2.0,0.0,0.0,0.0,0.0,0.0,0.0,0.0,0.0,0.0,0.0,0.0,0.0,58.8,49,14,65513,26,65476,0,300,0,0,8,20529,65476,0,0,30147,60.0,0.0,10.0,10.0,2.0,0.0
2026-02-16T12:22:44,ERR,ERR,ERR,ERR,ERR,ERR,ERR,ERR,ERR,ERR,ERR,ERR,ERR,ERR,ERR,ERR,ERR,ERR,ERR,ERR,ERR,ERR,ERR,ERR,ERR,ERR,ERR,ERR,ERR,ERR,ERR,ERR,ERR,ERR,ERR,ERR,ERR,ERR,ERR,ERR,ERR,ERR,ERR,ERR,ERR,ERR,ERR,ERR,ERR,ERR,ERR,ERR,ERR,ERR,ERR,ERR,ERR,ERR,ERR,ERR,ERR,ERR,ERR,ERR,ERR,ERR,ERR,ERR,ERR,ERR,ERR,ERR,ERR,ERR,ERR,ERR,ERR,ERR,ERR,ERR,ERR,ERR,ERR,ERR,ERR,ERR,ERR,ERR,ERR,ERR,ERR,ERR,ERR,ERR,ERR,ERR,ERR,ERR,ERR,ERR,ERR,ERR,ERR,ERR,ERR,ERR,ERR,ERR,ERR,ERR,ERR,ERR,ERR,ERR,ERR,ERR,ERR,ERR,ERR,ERR,ERR,ERR,ERR,ERR,ERR,0.0,0.0,0.0,-0.0,-8401.889,-2.629,0.0,-0.0,4300,0,8,17170,4300,0.0,41,0.0,0.0,-0.0,0.0,-4.925046184806267e+32,0,0,0,0,0.0,0,0,0,0,0,0,0,0,0,0,0,0,0,0,0,0,0,0,0,0,0,0,0,0,0,0,0,0,0,0,0,0,0,11,34,34,45,65476,360,65476,1,0,4,21553,0.0,0.0,0.0,0.0,0.0,0.0,0.0,0.0,0.0,0.0,0.0,0.0,0.0,0.0,0.0,0.0,0.0,0.0,0.0,0.0,0.0,2.004,3.697062548517736e+19,-3.697081020313082e+19,-0.0,-2.004,0.0,0.0,0.0,0.0,6638.0,0.0,0.0,0.0,0.0,0.0,-0.0,0.0,0.0,2.004,2.004,224,-4.950400744235881e+32,-0.0,0.0,0.0,0.0,0.0,0.0,0.0,0.0,0,0,0,-0.0,-0.0,6585507840.0,649.031,222547410944.0,-21777825792.0,0.0,-0.0,-4.134,-4.311974849932801e+24,-0.005,15386321920.0,0.0,0.0,0.0,-0.0,0,1.3516416376850534e+27,224,0.0,448,0.0,4.689388604382247e+24,2114,0,17110,13107,17112,0,17096,0,0,0,101,100,100,0.0,64.5,0.0,65.4,-107615240.0,64.5,1,49,50,180,52429,0,0,0,0.0,0.0,0.0,60.0,4858183.0,71.0,0.0,-1787947.125,0.0,1069,0,1070,0,0,0,1070,0,1081,0,1000,0,649,0,650,0,645,0,675,0.032,1.4536034330083127e+22,0.0,0.0,63120,16813,0.027,8.509438317558203e+31,-24498571051008.0,1.4988991613007817e+34,0.0,0.0,50.0,60.0,35,0.0,0.0,10.0,2.0,0.0,0.0,0.0,0.0,0.0,0.0,0.0,0.0,0.0,0.0,0.0,0.0,59.2,49,14,65513,26,65476,0,300,0,0,8,20529,65476,0,0,30147,60.0,0.0,10.0,10.0,2.0,0.0
2026-02-16T12:22:45,ERR,ERR,ERR,ERR,ERR,ERR,ERR,ERR,ERR,ERR,ERR,ERR,ERR,ERR,ERR,ERR,ERR,ERR,ERR,ERR,ERR,ERR,ERR,ERR,ERR,ERR,ERR,ERR,ERR,ERR,ERR,ERR,ERR,ERR,ERR,ERR,ERR,ERR,ERR,ERR,ERR,ERR,ERR,ERR,ERR,ERR,ERR,ERR,ERR,ERR,ERR,ERR,ERR,ERR,ERR,ERR,ERR,ERR,ERR,ERR,ERR,ERR,ERR,ERR,ERR,ERR,ERR,ERR,ERR,ERR,ERR,ERR,ERR,ERR,ERR,ERR,ERR,ERR,ERR,ERR,ERR,ERR,ERR,ERR,ERR,ERR,ERR,ERR,ERR,ERR,ERR,ERR,ERR,ERR,ERR,ERR,ERR,ERR,ERR,ERR,ERR,ERR,ERR,ERR,ERR,ERR,ERR,ERR,ERR,ERR,ERR,ERR,ERR,ERR,ERR,ERR,ERR,ERR,ERR,ERR,ERR,ERR,ERR,ERR,ERR,0.0,0.0,0.0,-0.0,-8401.889,-0.0,-18.285,-12633267200.0,4300,0,8,17170,4300,0.0,41,0.0,0.0,-0.0,0.0,-4.925046184806267e+32,0,0,0,0,0.0,0,0,0,0,0,0,0,0,0,0,0,0,0,0,0,0,0,0,0,0,0,0,0,0,0,0,0,0,0,0,0,0,0,11,34,34,45,65476,361,65476,1,0,4,21553,0.0,-107610976.0,0.0,0.0,0.0,0.0,0.0,0.0,0.0,0.0,0.0,0.0,0.0,0.0,0.0,0.0,0.0,0.0,0.0,0.0,0.0,2.004,3.697062548517736e+19,-3.697081020313082e+19,-0.0,0.0,0.0,0.0,0.0,0.0,6641.0,0.0,0.0,0.0,0.0,0.0,-107616256.0,0.0,0.0,2.004,2.004,223,0.0,-0.0,0.0,0.0,0.0,0.0,0.0,0.0,0.0,0,0,0,-0.102,-0.0,2.762838035209756e+24,-0.0,226789037178880.0,-0.0,0.0,-0.0,-3.92007021295138e+33,-4.5575379070420227e+24,-0.005,16191628288.0,0.0,0.0,0.0,0.0,0,1.3516416376850534e+27,223,0.0,446,-2.637553503966331e+17,0.0,2114,0,17110,13107,17112,0,17096,0,0,0,101,100,100,0.0,64.5,0.0,65.4,-107615240.0,64.5,1,49,50,180,52429,0,0,0,0.0,0.0,0.0,60.0,4858183.0,71.0,0.0,-1787947.125,0.0,1069,0,1070,0,0,0,1070,0,1081,0,1000,0,649,0,650,0,645,0,675,0.032,1.4536034330083127e+22,0.0,0.0,63120,16813,0.027,8.509438317558203e+31,-24498571051008.0,1.4988991613007817e+34,0.0,0.0,50.0,60.0,35,0.0,0.0,10.0,2.0,0.0,0.0,0.0,0.0,0.0,0.0,0.0,0.0,0.0,0.0,0.0,0.0,58.8,49,14,65513,26,65476,0,300,0,0,8,20529,65476,0,0,30147,60.0,0.0,10.0,10.0,2.0,0.0
2026-02-16T12:22:46,ERR,ERR,ERR,ERR,ERR,ERR,ERR,ERR,ERR,ERR,ERR,ERR,ERR,ERR,ERR,ERR,ERR,ERR,ERR,ERR,ERR,ERR,ERR,ERR,ERR,ERR,ERR,ERR,ERR,ERR,ERR,ERR,ERR,ERR,ERR,ERR,ERR,ERR,ERR,ERR,ERR,ERR,ERR,ERR,ERR,ERR,ERR,ERR,ERR,ERR,ERR,ERR,ERR,ERR,ERR,ERR,ERR,ERR,ERR,ERR,ERR,ERR,ERR,ERR,ERR,ERR,ERR,ERR,ERR,ERR,ERR,ERR,ERR,ERR,ERR,ERR,ERR,ERR,ERR,ERR,ERR,ERR,ERR,ERR,ERR,ERR,ERR,ERR,ERR,ERR,ERR,ERR,ERR,ERR,ERR,ERR,ERR,ERR,ERR,ERR,ERR,ERR,ERR,ERR,ERR,ERR,ERR,ERR,ERR,ERR,ERR,ERR,ERR,ERR,ERR,ERR,ERR,ERR,ERR,ERR,ERR,ERR,ERR,ERR,ERR,0.0,0.0,0.0,-0.0,-8401.889,-0.0,-18.285,-12633267200.0,4300,0,8,17170,4300,0.0,41,0.0,0.0,-0.0,0.0,-4.925046184806267e+32,0,0,0,0,0.0,0,0,0,0,0,0,0,0,0,0,0,0,0,0,0,0,0,0,0,0,0,0,0,0,0,0,0,0,0,0,0,0,0,11,34,34,45,65476,361,65476,1,0,4,21553,0.0,-107610976.0,0.0,0.0,0.0,0.0,0.0,0.0,0.0,0.0,0.0,0.0,0.0,0.0,0.0,0.0,0.0,0.0,0.0,0.0,0.0,2.004,3.697062548517736e+19,-3.697081020313082e+19,-0.0,0.0,0.0,0.0,0.0,0.0,6641.0,0.0,0.0,0.0,0.0,0.0,-107616256.0,0.0,0.0,2.004,2.004,223,0.0,-0.0,0.0,0.0,0.0,0.0,0.0,0.0,0.0,0,0,0,-0.102,-0.0,2.762838035209756e+24,-0.0,226789037178880.0,-0.0,0.0,-0.0,-3.92007021295138e+33,-4.5575379070420227e+24,-0.005,16191628288.0,0.0,0.0,0.0,0.0,0,1.3516416376850534e+27,223,0.0,446,-2.637553503966331e+17,0.0,2114,0,17110,13107,17112,0,17096,0,0,0,101,100,100,0.0,64.5,0.0,65.4,-107615240.0,64.5,1,49,50,180,52429,0,0,0,0.0,0.0,0.0,60.0,4299433705472.0,71.0,0.0,4.601809759456828e+35,0.0,1069,0,1070,0,0,0,1070,0,1081,0,1000,0,649,0,650,0,645,0,676,0.032,1.4609821306377965e+22,-2.004,0.0,65168,16813,1771759730688.0,4.601809759456828e+35,0.0,-6807669.0,528328960245760.0,12.641,50.0,60.0,35,0.0,0.0,10.0,2.0,0.0,0.0,0.0,0.0,0.0,0.0,0.0,0.0,0.0,0.0,0.0,0.0,58.8,49,14,65513,26,65476,0,300,0,0,8,20529,65476,0,0,30147,60.0,0.0,10.0,10.0,2.0,0.0
2026-02-16T12:22:47,ERR,ERR,ERR,ERR,ERR,ERR,ERR,ERR,ERR,ERR,ERR,ERR,ERR,ERR,ERR,ERR,ERR,ERR,ERR,ERR,ERR,ERR,ERR,ERR,ERR,ERR,ERR,ERR,ERR,ERR,ERR,ERR,ERR,ERR,ERR,ERR,ERR,ERR,ERR,ERR,ERR,ERR,ERR,ERR,ERR,ERR,ERR,ERR,ERR,ERR,ERR,ERR,ERR,ERR,ERR,ERR,ERR,ERR,ERR,ERR,ERR,ERR,ERR,ERR,ERR,ERR,ERR,ERR,ERR,ERR,ERR,ERR,ERR,ERR,ERR,ERR,ERR,ERR,ERR,ERR,ERR,ERR,ERR,ERR,ERR,ERR,ERR,ERR,ERR,ERR,ERR,ERR,ERR,ERR,ERR,ERR,ERR,ERR,ERR,ERR,ERR,ERR,ERR,ERR,ERR,ERR,ERR,ERR,ERR,ERR,ERR,ERR,ERR,ERR,ERR,ERR,ERR,ERR,ERR,ERR,ERR,ERR,ERR,ERR,ERR,0.0,0.0,0.0,-0.0,-8401.889,-0.0,-18.285,-12633267200.0,4300,0,8,17170,4300,0.0,41,0.0,0.0,-0.0,0.0,-4.925046184806267e+32,0,0,0,0,0.0,0,0,0,0,0,0,0,0,0,0,0,0,0,0,0,0,0,0,0,0,0,0,0,0,0,0,0,0,0,0,0,0,0,11,34,34,45,65476,361,65476,1,0,4,21553,0.0,-107610976.0,0.0,0.0,0.0,0.0,0.0,0.0,0.0,0.0,0.0,0.0,0.0,0.0,0.0,0.0,0.0,0.0,0.0,0.0,0.0,2.004,3.697062548517736e+19,-3.697081020313082e+19,-0.0,0.0,0.0,0.0,0.0,0.0,6641.0,0.0,0.0,0.0,0.0,0.0,-107616256.0,0.0,0.0,2.004,2.004,223,0.0,-0.0,0.0,0.0,0.0,0.0,0.0,0.0,0.0,0,0,0,-0.102,-0.0,2.762838035209756e+24,-0.0,226789037178880.0,-0.0,0.0,-0.0,-3.92007021295138e+33,-4.5575379070420227e+24,-0.005,16191628288.0,0.0,0.0,0.0,0.0,0,1.3516416376850534e+27,223,0.0,446,-2.637553503966331e+17,0.0,2114,0,17110,13107,17112,0,17096,0,0,0,101,100,100,0.0,64.5,0.0,65.4,-107615240.0,64.5,1,49,50,180,52429,0,0,0,0.0,0.0,0.0,60.0,4299433705472.0,71.0,0.0,4.601809759456828e+35,0.0,1069,0,1070,0,0,0,1070,0,1081,0,1000,0,649,0,650,0,645,0,676,0.032,1.4609821306377965e+22,-2.004,0.0,65168,16813,1771759730688.0,4.601809759456828e+35,0.0,-6807669.0,528328960245760.0,12.641,50.0,60.0,35,0.0,0.0,10.0,2.0,0.0,0.0,0.0,0.0,0.0,0.0,0.0,0.0,0.0,0.0,0.0,0.0,58.8,49,14,65513,26,65476,0,300,0,0,8,20529,65476,0,0,30147,60.0,0.0,10.0,10.0,2.0,0.0
2026-02-16T12:22:48,ERR,ERR,ERR,ERR,ERR,ERR,ERR,ERR,ERR,ERR,ERR,ERR,ERR,ERR,ERR,ERR,ERR,ERR,ERR,ERR,ERR,ERR,ERR,ERR,ERR,ERR,ERR,ERR,ERR,ERR,ERR,ERR,ERR,ERR,ERR,ERR,ERR,ERR,ERR,ERR,ERR,ERR,ERR,ERR,ERR,ERR,ERR,ERR,ERR,ERR,ERR,ERR,ERR,ERR,ERR,ERR,ERR,ERR,ERR,ERR,ERR,ERR,ERR,ERR,ERR,ERR,ERR,ERR,ERR,ERR,ERR,ERR,ERR,ERR,ERR,ERR,ERR,ERR,ERR,ERR,ERR,ERR,ERR,ERR,ERR,ERR,ERR,ERR,ERR,ERR,ERR,ERR,ERR,ERR,ERR,ERR,ERR,ERR,ERR,ERR,ERR,ERR,ERR,ERR,ERR,ERR,ERR,ERR,ERR,ERR,ERR,ERR,ERR,ERR,ERR,ERR,ERR,ERR,ERR,ERR,ERR,ERR,ERR,ERR,ERR,0.0,0.0,0.0,-0.0,-8401.889,-0.0,-18.285,-12633267200.0,4300,0,8,17170,4300,0.0,41,0.0,0.0,-0.0,0.0,-4.925046184806267e+32,0,0,0,0,0.0,0,0,0,0,0,0,0,0,0,0,0,0,0,0,0,0,0,0,0,0,0,0,0,0,0,0,0,0,0,0,0,0,0,11,34,34,45,65476,361,65476,1,0,4,21553,0.0,-107610976.0,0.0,0.0,0.0,0.0,0.0,0.0,0.0,0.0,0.0,0.0,0.0,0.0,0.0,0.0,0.0,0.0,0.0,0.0,0.0,2.004,3.697062548517736e+19,-3.697081020313082e+19,-0.0,0.0,0.0,0.0,0.0,0.0,6641.0,0.0,0.0,0.0,0.0,0.0,-107616256.0,0.0,0.0,2.004,2.004,223,0.0,-0.0,0.0,0.0,0.0,0.0,0.0,0.0,0.0,0,0,0,-0.102,-0.0,2.762838035209756e+24,-0.0,226789037178880.0,-0.0,0.0,-0.0,-3.92007021295138e+33,-4.5575379070420227e+24,-0.005,16191628288.0,0.0,0.0,0.0,0.0,0,1.3516416376850534e+27,223,0.0,446,-2.637553503966331e+17,0.0,2114,0,17110,13107,17112,0,17096,0,0,0,101,100,100,0.0,64.5,0.0,65.4,-107615240.0,64.5,1,49,50,180,52429,0,0,0,0.0,0.0,0.0,60.0,4299433705472.0,71.0,0.0,4.601809759456828e+35,0.0,1069,0,1070,0,0,0,1070,0,1081,0,1000,0,649,0,650,0,645,0,676,0.032,1.4609821306377965e+22,-2.004,0.0,65168,16813,1771759730688.0,4.601809759456828e+35,0.0,-6807669.0,528328960245760.0,12.641,50.0,60.0,35,0.0,0.0,10.0,2.0,0.0,0.0,0.0,0.0,0.0,0.0,0.0,0.0,0.0,0.0,0.0,0.0,59.2,49,14,65513,26,65476,0,300,0,0,8,20529,65476,0,0,30147,60.0,0.0,10.0,10.0,2.0,0.0
2026-02-16T12:22:49,ERR,ERR,ERR,ERR,ERR,ERR,ERR,ERR,ERR,ERR,ERR,ERR,ERR,ERR,ERR,ERR,ERR,ERR,ERR,ERR,ERR,ERR,ERR,ERR,ERR,ERR,ERR,ERR,ERR,ERR,ERR,ERR,ERR,ERR,ERR,ERR,ERR,ERR,ERR,ERR,ERR,ERR,ERR,ERR,ERR,ERR,ERR,ERR,ERR,ERR,ERR,ERR,ERR,ERR,ERR,ERR,ERR,ERR,ERR,ERR,ERR,ERR,ERR,ERR,ERR,ERR,ERR,ERR,ERR,ERR,ERR,ERR,ERR,ERR,ERR,ERR,ERR,ERR,ERR,ERR,ERR,ERR,ERR,ERR,ERR,ERR,ERR,ERR,ERR,ERR,ERR,ERR,ERR,ERR,ERR,ERR,ERR,ERR,ERR,ERR,ERR,ERR,ERR,ERR,ERR,ERR,ERR,ERR,ERR,ERR,ERR,ERR,ERR,ERR,ERR,ERR,ERR,ERR,ERR,ERR,ERR,ERR,ERR,ERR,ERR,0.0,0.0,0.0,-0.0,-8401.889,5.224295194614877e+19,-0.0,-7.26523362467558e+31,4300,0,8,17170,4300,0.0,41,0.0,0.0,-0.0,0.0,-4.925046184806267e+32,0,0,0,0,0.0,0,0,0,0,0,0,0,0,0,0,0,0,0,0,0,0,0,0,0,0,0,0,0,0,0,0,0,0,0,0,0,0,0,11,34,34,45,65476,368,65476,1,0,4,21553,0.0,0.0,0.0,0.0,0.0,0.0,0.0,0.0,0.0,0.0,0.0,0.0,0.0,0.0,0.0,0.0,0.0,0.0,0.0,0.0,0.0,2.004,3.697062548517736e+19,-3.697081020313082e+19,-0.0,0.0,0.0,0.0,0.0,0.0,6611.0,-1.0406715705571685e+34,0.0,0.0,0.0,0.0,-0.0,0.0,0.0,2.004,2.004,222,0.0,4.950424729324142e+32,0.0,0.0,0.0,0.0,0.0,0.0,0.0,0,0,0,-0.0,-5.939129526787672e+32,1.1066429914742784e+16,-15614454.0,13968.859,7.807101643317514e+22,-19966254383104.0,5288.75,0.0,-4.765322032288287e+24,-0.005,17064043520.0,0.0,0.0,0.0,-0.0,0,1.3516416376850534e+27,222,0.0,444,-2.637553503966331e+17,0.0,2114,0,17110,13107,17112,0,17096,0,0,0,101,100,100,0.0,64.5,0.0,65.4,-107615240.0,64.5,1,49,50,180,52429,0,0,0,0.0,0.0,0.0,60.0,0.003,71.0,0.0,-0.0,0.0,1069,0,1070,0,0,0,1070,0,1081,0,1000,0,649,0,650,0,645,0,676,0.032,1.2912720851596686e+22,0.0,0.0,54160,16813,0.003,-0.0,-2.590396521307053e+29,0.0,0.0,0.0,50.0,60.0,35,0.0,0.0,10.0,2.0,0.0,0.0,0.0,0.0,0.0,0.0,0.0,0.0,0.0,0.0,0.0,0.0,59.2,49,14,65513,26,65476,0,300,0,0,8,20529,65476,0,0,30147,60.0,0.0,10.0,10.0,2.0,0.0
2026-02-16T12:22:50,ERR,ERR,ERR,ERR,ERR,ERR,ERR,ERR,ERR,ERR,ERR,ERR,ERR,ERR,ERR,ERR,ERR,ERR,ERR,ERR,ERR,ERR,ERR,ERR,ERR,ERR,ERR,ERR,ERR,ERR,ERR,ERR,ERR,ERR,ERR,ERR,ERR,ERR,ERR,ERR,ERR,ERR,ERR,ERR,ERR,ERR,ERR,ERR,ERR,ERR,ERR,ERR,ERR,ERR,ERR,ERR,ERR,ERR,ERR,ERR,ERR,ERR,ERR,ERR,ERR,ERR,ERR,ERR,ERR,ERR,ERR,ERR,ERR,ERR,ERR,ERR,ERR,ERR,ERR,ERR,ERR,ERR,ERR,ERR,ERR,ERR,ERR,ERR,ERR,ERR,ERR,ERR,ERR,ERR,ERR,ERR,ERR,ERR,ERR,ERR,ERR,ERR,ERR,ERR,ERR,ERR,ERR,ERR,ERR,ERR,ERR,ERR,ERR,ERR,ERR,ERR,ERR,ERR,ERR,ERR,ERR,ERR,ERR,ERR,ERR,0.0,0.0,0.0,-0.0,-8401.889,5.224295194614877e+19,-0.0,-7.26523362467558e+31,4300,0,8,17170,4300,0.0,41,0.0,0.0,-0.0,0.0,-4.925046184806267e+32,0,0,0,0,0.0,0,0,0,0,0,0,0,0,0,0,0,0,0,0,0,0,0,0,0,0,0,0,0,0,0,0,0,0,0,0,0,0,0,11,34,34,45,65476,368,65476,1,0,4,21553,0.0,0.0,0.0,0.0,0.0,0.0,0.0,0.0,0.0,0.0,0.0,0.0,0.0,0.0,0.0,0.0,0.0,0.0,0.0,0.0,0.0,2.004,3.697062548517736e+19,-3.697081020313082e+19,-0.0,0.0,0.0,0.0,0.0,0.0,6611.0,-1.0406715705571685e+34,0.0,0.0,0.0,0.0,-0.0,0.0,0.0,2.004,2.004,222,0.0,4.950424729324142e+32,0.0,0.0,0.0,0.0,0.0,0.0,0.0,0,0,0,-0.0,-5.939129526787672e+32,1.1066429914742784e+16,-15614454.0,13968.859,7.807101643317514e+22,-19966254383104.0,5288.75,0.0,-4.765322032288287e+24,-0.005,17064043520.0,0.0,0.0,0.0,-0.0,0,1.3516416376850534e+27,222,0.0,444,-2.637553503966331e+17,0.0,2114,0,17110,13107,17112,0,17096,0,0,0,101,100,100,0.0,64.5,0.0,65.4,-107615240.0,64.5,1,49,50,180,52429,0,0,0,0.0,0.0,0.0,60.0,0.003,71.0,0.0,-0.0,0.0,1069,0,1070,0,0,0,1070,0,1081,0,1000,0,649,0,650,0,645,0,676,0.032,1.2912720851596686e+22,0.0,0.0,54160,16813,0.003,-0.0,-2.590396521307053e+29,0.0,0.0,0.0,50.0,60.0,35,0.0,0.0,10.0,2.0,0.0,0.0,0.0,0.0,0.0,0.0,0.0,0.0,0.0,0.0,0.0,0.0,58.8,49,14,65513,26,65476,0,300,0,0,8,20529,65476,0,0,30147,60.0,0.0,10.0,10.0,2.0,0.0
2026-02-16T12:22:51,ERR,ERR,ERR,ERR,ERR,ERR,ERR,ERR,ERR,ERR,ERR,ERR,ERR,ERR,ERR,ERR,ERR,ERR,ERR,ERR,ERR,ERR,ERR,ERR,ERR,ERR,ERR,ERR,ERR,ERR,ERR,ERR,ERR,ERR,ERR,ERR,ERR,ERR,ERR,ERR,ERR,ERR,ERR,ERR,ERR,ERR,ERR,ERR,ERR,ERR,ERR,ERR,ERR,ERR,ERR,ERR,ERR,ERR,ERR,ERR,ERR,ERR,ERR,ERR,ERR,ERR,ERR,ERR,ERR,ERR,ERR,ERR,ERR,ERR,ERR,ERR,ERR,ERR,ERR,ERR,ERR,ERR,ERR,ERR,ERR,ERR,ERR,ERR,ERR,ERR,ERR,ERR,ERR,ERR,ERR,ERR,ERR,ERR,ERR,ERR,ERR,ERR,ERR,ERR,ERR,ERR,ERR,ERR,ERR,ERR,ERR,ERR,ERR,ERR,ERR,ERR,ERR,ERR,ERR,ERR,ERR,ERR,ERR,ERR,ERR,0.0,0.0,0.0,-0.0,-8401.889,5.224295194614877e+19,-0.0,-7.26523362467558e+31,4300,0,8,17170,4300,0.0,41,0.0,0.0,-0.0,0.0,-4.925046184806267e+32,0,0,0,0,0.0,0,0,0,0,0,0,0,0,0,0,0,0,0,0,0,0,0,0,0,0,0,0,0,0,0,0,0,0,0,0,0,0,0,11,34,34,45,65476,368,65476,1,0,4,21553,0.0,0.0,0.0,0.0,0.0,0.0,0.0,0.0,0.0,0.0,0.0,0.0,0.0,0.0,0.0,0.0,0.0,0.0,0.0,0.0,0.0,2.004,3.697062548517736e+19,-3.697081020313082e+19,-0.0,0.0,0.0,0.0,0.0,0.0,6611.0,-1.0406715705571685e+34,0.0,0.0,0.0,0.0,-0.0,0.0,0.0,2.004,2.004,222,0.0,4.950424729324142e+32,0.0,0.0,0.0,0.0,0.0,0.0,0.0,0,0,0,-0.0,-5.939129526787672e+32,1.1066429914742784e+16,-15614454.0,13968.859,7.807101643317514e+22,-19966254383104.0,5288.75,0.0,-4.765322032288287e+24,-0.005,17064043520.0,0.0,0.0,0.0,-0.0,0,1.3516416376850534e+27,222,0.0,444,-2.637553503966331e+17,0.0,2114,0,17110,13107,17112,0,17096,0,0,0,101,100,100,0.0,64.5,0.0,65.4,-107615240.0,64.5,1,49,50,180,52429,0,0,0,0.0,0.0,0.0,60.0,0.003,71.0,0.0,-0.0,0.0,1069,0,1070,0,0,0,1070,0,1081,0,1000,0,649,0,650,0,645,0,676,0.032,1.2912720851596686e+22,0.0,0.0,54160,16813,0.003,-0.0,-2.590396521307053e+29,0.0,0.0,0.0,50.0,60.0,35,0.0,0.0,10.0,2.0,0.0,0.0,0.0,0.0,0.0,0.0,0.0,0.0,0.0,0.0,0.0,0.0,58.8,49,14,65513,26,65476,0,300,0,0,8,20529,65476,0,0,30147,60.0,0.0,10.0,10.0,2.0,0.0
2026-02-16T12:22:52,ERR,ERR,ERR,ERR,ERR,ERR,ERR,ERR,ERR,ERR,ERR,ERR,ERR,ERR,ERR,ERR,ERR,ERR,ERR,ERR,ERR,ERR,ERR,ERR,ERR,ERR,ERR,ERR,ERR,ERR,ERR,ERR,ERR,ERR,ERR,ERR,ERR,ERR,ERR,ERR,ERR,ERR,ERR,ERR,ERR,ERR,ERR,ERR,ERR,ERR,ERR,ERR,ERR,ERR,ERR,ERR,ERR,ERR,ERR,ERR,ERR,ERR,ERR,ERR,ERR,ERR,ERR,ERR,ERR,ERR,ERR,ERR,ERR,ERR,ERR,ERR,ERR,ERR,ERR,ERR,ERR,ERR,ERR,ERR,ERR,ERR,ERR,ERR,ERR,ERR,ERR,ERR,ERR,ERR,ERR,ERR,ERR,ERR,ERR,ERR,ERR,ERR,ERR,ERR,ERR,ERR,ERR,ERR,ERR,ERR,ERR,ERR,ERR,ERR,ERR,ERR,ERR,ERR,ERR,ERR,ERR,ERR,ERR,ERR,ERR,0.0,0.0,0.0,-0.0,-8401.889,5.224295194614877e+19,-0.0,-7.26523362467558e+31,4300,0,8,17170,4300,0.0,41,0.0,0.0,-0.0,0.0,-4.925046184806267e+32,0,0,0,0,0.0,0,0,0,0,0,0,0,0,0,0,0,0,0,0,0,0,0,0,0,0,0,0,0,0,0,0,0,0,0,0,0,0,0,11,34,34,45,65476,368,65476,1,0,4,21553,0.0,0.0,0.0,0.0,0.0,0.0,0.0,0.0,0.0,0.0,0.0,0.0,0.0,0.0,0.0,0.0,0.0,0.0,0.0,0.0,0.0,2.004,3.697062548517736e+19,-3.697081020313082e+19,-0.0,0.0,0.0,0.0,0.0,0.0,6611.0,-1.0406715705571685e+34,0.0,0.0,0.0,0.0,-0.0,0.0,0.0,2.004,2.004,222,0.0,4.950424729324142e+32,0.0,0.0,0.0,0.0,0.0,0.0,0.0,0,0,0,-0.0,-5.939129526787672e+32,1.1066429914742784e+16,-15614454.0,13968.859,7.807101643317514e+22,-19966254383104.0,5288.75,0.0,-4.765322032288287e+24,-0.005,17064043520.0,0.0,0.0,0.0,-0.0,0,1.3516416376850534e+27,222,0.0,444,-2.637553503966331e+17,0.0,2114,0,17110,13107,17112,0,17096,0,0,0,101,100,100,0.0,64.5,0.0,65.4,-107615240.0,64.5,1,49,50,180,52429,0,0,0,0.0,0.0,0.0,60.0,7.227,71.0,0.0,-49217.348,0.0,1070,0,1070,0,0,0,1070,0,1081,0,1000,0,649,0,650,0,645,0,676,0.032,1.2617572946417333e+22,0.0,0.0,2320,16814,1894481.75,-1402923.125,0.0,1.4003207332736467e+35,4.6576189486416635e+36,3.158153018264781e+17,50.0,60.0,35,0.0,0.0,10.0,2.0,0.0,0.0,0.0,0.0,0.0,0.0,0.0,0.0,0.0,0.0,0.0,0.0,58.8,49,14,65513,26,65476,0,300,0,0,8,20529,65476,0,0,30147,60.0,0.0,10.0,10.0,2.0,0.0
2026-02-16T12:22:53,ERR,ERR,ERR,ERR,ERR,ERR,ERR,ERR,ERR,ERR,ERR,ERR,ERR,ERR,ERR,ERR,ERR,ERR,ERR,ERR,ERR,ERR,ERR,ERR,ERR,ERR,ERR,ERR,ERR,ERR,ERR,ERR,ERR,ERR,ERR,ERR,ERR,ERR,ERR,ERR,ERR,ERR,ERR,ERR,ERR,ERR,ERR,ERR,ERR,ERR,ERR,ERR,ERR,ERR,ERR,ERR,ERR,ERR,ERR,ERR,ERR,ERR,ERR,ERR,ERR,ERR,ERR,ERR,ERR,ERR,ERR,ERR,ERR,ERR,ERR,ERR,ERR,ERR,ERR,ERR,ERR,ERR,ERR,ERR,ERR,ERR,ERR,ERR,ERR,ERR,ERR,ERR,ERR,ERR,ERR,ERR,ERR,ERR,ERR,ERR,ERR,ERR,ERR,ERR,ERR,ERR,ERR,ERR,ERR,ERR,ERR,ERR,ERR,ERR,ERR,ERR,ERR,ERR,ERR,ERR,ERR,ERR,ERR,ERR,ERR,0.0,0.0,0.0,-0.0,-8401.889,5.224295194614877e+19,-0.0,-7.26523362467558e+31,4300,0,8,17170,4300,0.0,41,0.0,0.0,-0.0,0.0,-4.925046184806267e+32,0,0,0,0,0.0,0,0,0,0,0,0,0,0,0,0,0,0,0,0,0,0,0,0,0,0,0,0,0,0,0,0,0,0,0,0,0,0,0,11,34,34,45,65476,368,65476,1,0,4,21553,0.0,0.0,0.0,0.0,0.0,0.0,0.0,0.0,0.0,0.0,0.0,0.0,0.0,0.0,0.0,0.0,0.0,0.0,0.0,0.0,0.0,2.004,3.697062548517736e+19,-3.697081020313082e+19,-0.0,0.0,0.0,0.0,0.0,0.0,6611.0,-1.0406715705571685e+34,0.0,0.0,0.0,0.0,-0.0,0.0,0.0,2.004,2.004,222,0.0,4.950424729324142e+32,0.0,0.0,0.0,0.0,0.0,0.0,0.0,0,0,0,-0.0,-5.939129526787672e+32,1.1066429914742784e+16,-15614454.0,13968.859,7.807101643317514e+22,-19966254383104.0,5288.75,0.0,-4.765322032288287e+24,-0.005,17064043520.0,0.0,0.0,0.0,-0.0,0,1.3516416376850534e+27,222,0.0,444,-2.637553503966331e+17,0.0,2114,0,17110,13107,17112,0,17096,0,0,0,101,100,100,0.0,64.5,0.0,65.4,-107615240.0,64.5,1,49,50,180,52429,0,0,0,0.0,0.0,0.0,60.0,7.227,71.0,0.0,-49217.348,0.0,1070,0,1070,0,0,0,1070,0,1081,0,1000,0,649,0,650,0,645,0,676,0.032,1.2617572946417333e+22,0.0,0.0,2320,16814,1894481.75,-1402923.125,0.0,1.4003207332736467e+35,4.6576189486416635e+36,3.158153018264781e+17,50.0,60.0,35,0.0,0.0,10.0,2.0,0.0,0.0,0.0,0.0,0.0,0.0,0.0,0.0,0.0,0.0,0.0,0.0,59.2,48,14,65514,26,65476,0,300,0,0,8,20529,65476,0,0,30147,60.0,0.0,10.0,10.0,2.0,0.0
2026-02-16T12:22:54,ERR,ERR,ERR,ERR,ERR,ERR,ERR,ERR,ERR,ERR,ERR,ERR,ERR,ERR,ERR,ERR,ERR,ERR,ERR,ERR,ERR,ERR,ERR,ERR,ERR,ERR,ERR,ERR,ERR,ERR,ERR,ERR,ERR,ERR,ERR,ERR,ERR,ERR,ERR,ERR,ERR,ERR,ERR,ERR,ERR,ERR,ERR,ERR,ERR,ERR,ERR,ERR,ERR,ERR,ERR,ERR,ERR,ERR,ERR,ERR,ERR,ERR,ERR,ERR,ERR,ERR,ERR,ERR,ERR,ERR,ERR,ERR,ERR,ERR,ERR,ERR,ERR,ERR,ERR,ERR,ERR,ERR,ERR,ERR,ERR,ERR,ERR,ERR,ERR,ERR,ERR,ERR,ERR,ERR,ERR,ERR,ERR,ERR,ERR,ERR,ERR,ERR,ERR,ERR,ERR,ERR,ERR,ERR,ERR,ERR,ERR,ERR,ERR,ERR,ERR,ERR,ERR,ERR,ERR,ERR,ERR,ERR,ERR,ERR,ERR,0.0,0.0,-0.0,0.0,-0.004,45970685952.0,5.7649970002099096e+28,-0.0,4300,0,8,17163,4300,0.0,41,0.0,0.0,-107610976.0,0.0,-4.925046184806267e+32,0,0,0,0,0.0,0,0,0,0,0,0,0,0,0,0,0,0,0,0,0,0,0,0,0,0,0,0,0,0,0,0,0,0,0,0,0,0,0,12,34,34,46,65476,371,65476,1,0,4,21553,0.0,-107610976.0,0.0,0.0,0.0,0.0,0.0,0.0,0.0,0.0,0.0,0.0,0.0,0.0,0.0,0.0,0.0,0.0,0.0,0.0,0.0,2.004,3.697062548517736e+19,-3.697081020313082e+19,-0.0,-3.697075302852618e+19,0.0,0.0,0.0,0.0,6642.0,0.0,0.0,0.0,0.0,0.0,-107616256.0,0.0,0.0,2.004,2.004,223,0.0,-0.0,0.0,0.0,0.0,0.0,0.0,0.0,0.0,0,0,0,-0.0,-0.0,1.6484823216422912e+16,-6.566523684368941e+18,365456896.0,0.0,-4196588847104.0,0.0,0.0,-5.186066900336501e+24,-0.006,18558830592.0,0.0,0.0,0.0,-272.494,0,1.3516416376850534e+27,223,0.0,446,0.0,0.0,2114,0,17110,13107,17112,0,17096,0,0,0,101,100,100,0.0,64.5,0.0,65.4,-107615240.0,64.5,1,49,50,180,52429,0,0,0,0.0,0.0,0.0,60.0,7.227,71.0,0.0,-49217.348,0.0,1070,0,1070,0,0,0,1070,0,1081,0,1000,0,649,0,650,0,645,0,676,0.032,1.2617572946417333e+22,0.0,0.0,2320,16814,1894481.75,-1402923.125,0.0,1.4003207332736467e+35,4.6576189486416635e+36,3.158153018264781e+17,50.0,60.0,35,0.0,0.0,10.0,2.0,0.0,0.0,0.0,0.0,0.0,0.0,0.0,0.0,0.0,0.0,0.0,0.0,59.2,48,14,65514,26,65476,0,300,0,0,8,20529,65476,0,0,30147,60.0,0.0,10.0,10.0,2.0,0.0
2026-02-16T12:22:55,ERR,ERR,ERR,ERR,ERR,ERR,ERR,ERR,ERR,ERR,ERR,ERR,ERR,ERR,ERR,ERR,ERR,ERR,ERR,ERR,ERR,ERR,ERR,ERR,ERR,ERR,ERR,ERR,ERR,ERR,ERR,ERR,ERR,ERR,ERR,ERR,ERR,ERR,ERR,ERR,ERR,ERR,ERR,ERR,ERR,ERR,ERR,ERR,ERR,ERR,ERR,ERR,ERR,ERR,ERR,ERR,ERR,ERR,ERR,ERR,ERR,ERR,ERR,ERR,ERR,ERR,ERR,ERR,ERR,ERR,ERR,ERR,ERR,ERR,ERR,ERR,ERR,ERR,ERR,ERR,ERR,ERR,ERR,ERR,ERR,ERR,ERR,ERR,ERR,ERR,ERR,ERR,ERR,ERR,ERR,ERR,ERR,ERR,ERR,ERR,ERR,ERR,ERR,ERR,ERR,ERR,ERR,ERR,ERR,ERR,ERR,ERR,ERR,ERR,ERR,ERR,ERR,ERR,ERR,ERR,ERR,ERR,ERR,ERR,ERR,0.0,0.0,-0.0,0.0,-0.004,45970685952.0,5.7649970002099096e+28,-0.0,4300,0,8,17163,4300,0.0,41,0.0,0.0,-107610976.0,0.0,-4.925046184806267e+32,0,0,0,0,0.0,0,0,0,0,0,0,0,0,0,0,0,0,0,0,0,0,0,0,0,0,0,0,0,0,0,0,0,0,0,0,0,0,0,12,34,34,46,65476,371,65476,1,0,4,21553,0.0,-107610976.0,0.0,0.0,0.0,0.0,0.0,0.0,0.0,0.0,0.0,0.0,0.0,0.0,0.0,0.0,0.0,0.0,0.0,0.0,0.0,2.004,3.697062548517736e+19,-3.697081020313082e+19,-0.0,-3.697075302852618e+19,0.0,0.0,0.0,0.0,6642.0,0.0,0.0,0.0,0.0,0.0,-107616256.0,0.0,0.0,2.004,2.004,223,0.0,-0.0,0.0,0.0,0.0,0.0,0.0,0.0,0.0,0,0,0,-0.0,-0.0,1.6484823216422912e+16,-6.566523684368941e+18,365456896.0,0.0,-4196588847104.0,0.0,0.0,-5.186066900336501e+24,-0.006,18558830592.0,0.0,0.0,0.0,-272.494,0,1.3516416376850534e+27,223,0.0,446,0.0,0.0,2114,0,17110,13107,17112,0,17096,0,0,0,101,100,100,0.0,64.5,0.0,65.4,-107615240.0,64.5,1,49,50,180,52429,0,0,0,0.0,0.0,0.0,60.0,0.176,71.0,0.0,-17184.674,0.0,1070,0,1070,0,0,0,1070,0,1081,0,1000,0,649,0,650,0,645,0,676,0.032,1.4536034330083127e+22,0.0,0.0,59536,16813,0.0,-114.128,-8.133294014514527e+29,0.0,0.0,0.0,50.0,60.0,35,0.0,0.0,10.0,2.0,0.0,0.0,0.0,0.0,0.0,0.0,0.0,0.0,0.0,0.0,0.0,0.0,59.2,48,14,65514,26,65476,0,300,0,0,8,20529,65476,0,0,30147,60.0,0.0,10.0,10.0,2.0,0.0
2026-02-16T12:22:56,ERR,ERR,ERR,ERR,ERR,ERR,ERR,ERR,ERR,ERR,ERR,ERR,ERR,ERR,ERR,ERR,ERR,ERR,ERR,ERR,ERR,ERR,ERR,ERR,ERR,ERR,ERR,ERR,ERR,ERR,ERR,ERR,ERR,ERR,ERR,ERR,ERR,ERR,ERR,ERR,ERR,ERR,ERR,ERR,ERR,ERR,ERR,ERR,ERR,ERR,ERR,ERR,ERR,ERR,ERR,ERR,ERR,ERR,ERR,ERR,ERR,ERR,ERR,ERR,ERR,ERR,ERR,ERR,ERR,ERR,ERR,ERR,ERR,ERR,ERR,ERR,ERR,ERR,ERR,ERR,ERR,ERR,ERR,ERR,ERR,ERR,ERR,ERR,ERR,ERR,ERR,ERR,ERR,ERR,ERR,ERR,ERR,ERR,ERR,ERR,ERR,ERR,ERR,ERR,ERR,ERR,ERR,ERR,ERR,ERR,ERR,ERR,ERR,ERR,ERR,ERR,ERR,ERR,ERR,ERR,ERR,ERR,ERR,ERR,ERR,0.0,0.0,-0.0,0.0,-0.004,45970685952.0,5.7649970002099096e+28,-0.0,4300,0,8,17163,4300,0.0,41,0.0,0.0,-107610976.0,0.0,-4.925046184806267e+32,0,0,0,0,0.0,0,0,0,0,0,0,0,0,0,0,0,0,0,0,0,0,0,0,0,0,0,0,0,0,0,0,0,0,0,0,0,0,0,12,34,34,46,65476,371,65476,1,0,4,21553,0.0,-107610976.0,0.0,0.0,0.0,0.0,0.0,0.0,0.0,0.0,0.0,0.0,0.0,0.0,0.0,0.0,0.0,0.0,0.0,0.0,0.0,2.004,3.697062548517736e+19,-3.697081020313082e+19,-0.0,-3.697075302852618e+19,0.0,0.0,0.0,0.0,6642.0,0.0,0.0,0.0,0.0,0.0,-107616256.0,0.0,0.0,2.004,2.004,223,0.0,-0.0,0.0,0.0,0.0,0.0,0.0,0.0,0.0,0,0,0,-0.0,-0.0,1.6484823216422912e+16,-6.566523684368941e+18,365456896.0,0.0,-4196588847104.0,0.0,0.0,-5.186066900336501e+24,-0.006,18558830592.0,0.0,0.0,0.0,-272.494,0,1.3516416376850534e+27,223,0.0,446,0.0,0.0,2114,0,17110,13107,17112,0,17096,0,0,0,101,100,100,0.0,64.5,0.0,65.4,-107615240.0,64.5,1,49,50,180,52429,0,0,0,0.0,0.0,0.0,60.0,0.176,71.0,0.0,-17184.674,0.0,1070,0,1070,0,0,0,1070,0,1081,0,1000,0,649,0,650,0,645,0,676,0.032,1.4536034330083127e+22,0.0,0.0,59536,16813,0.0,-114.128,-8.133294014514527e+29,0.0,0.0,0.0,50.0,60.0,35,0.0,0.0,10.0,2.0,0.0,0.0,0.0,0.0,0.0,0.0,0.0,0.0,0.0,0.0,0.0,0.0,59.2,48,14,65514,26,65476,0,300,0,0,8,20529,65476,0,0,30147,60.0,0.0,10.0,10.0,2.0,0.0
2026-02-16T12:22:57,ERR,ERR,ERR,ERR,ERR,ERR,ERR,ERR,ERR,ERR,ERR,ERR,ERR,ERR,ERR,ERR,ERR,ERR,ERR,ERR,ERR,ERR,ERR,ERR,ERR,ERR,ERR,ERR,ERR,ERR,ERR,ERR,ERR,ERR,ERR,ERR,ERR,ERR,ERR,ERR,ERR,ERR,ERR,ERR,ERR,ERR,ERR,ERR,ERR,ERR,ERR,ERR,ERR,ERR,ERR,ERR,ERR,ERR,ERR,ERR,ERR,ERR,ERR,ERR,ERR,ERR,ERR,ERR,ERR,ERR,ERR,ERR,ERR,ERR,ERR,ERR,ERR,ERR,ERR,ERR,ERR,ERR,ERR,ERR,ERR,ERR,ERR,ERR,ERR,ERR,ERR,ERR,ERR,ERR,ERR,ERR,ERR,ERR,ERR,ERR,ERR,ERR,ERR,ERR,ERR,ERR,ERR,ERR,ERR,ERR,ERR,ERR,ERR,ERR,ERR,ERR,ERR,ERR,ERR,ERR,ERR,ERR,ERR,ERR,ERR,0.0,0.0,-0.0,0.0,-0.004,45970685952.0,5.7649970002099096e+28,-0.0,4300,0,8,17163,4300,0.0,41,0.0,0.0,-107610976.0,0.0,-4.925046184806267e+32,0,0,0,0,0.0,0,0,0,0,0,0,0,0,0,0,0,0,0,0,0,0,0,0,0,0,0,0,0,0,0,0,0,0,0,0,0,0,0,12,34,34,46,65476,371,65476,1,0,4,21553,0.0,-107610976.0,0.0,0.0,0.0,0.0,0.0,0.0,0.0,0.0,0.0,0.0,0.0,0.0,0.0,0.0,0.0,0.0,0.0,0.0,0.0,2.004,3.697062548517736e+19,-3.697081020313082e+19,-0.0,-3.697075302852618e+19,0.0,0.0,0.0,0.0,6642.0,0.0,0.0,0.0,0.0,0.0,-107616256.0,0.0,0.0,2.004,2.004,223,0.0,-0.0,0.0,0.0,0.0,0.0,0.0,0.0,0.0,0,0,0,-0.0,-0.0,1.6484823216422912e+16,-6.566523684368941e+18,365456896.0,0.0,-4196588847104.0,0.0,0.0,-5.186066900336501e+24,-0.006,18558830592.0,0.0,0.0,0.0,-272.494,0,1.3516416376850534e+27,223,0.0,446,0.0,0.0,2114,0,17110,13107,17112,0,17096,0,0,0,101,100,100,0.0,64.5,0.0,65.4,-107615240.0,64.5,1,49,50,180,52429,0,0,0,0.0,0.0,0.0,60.0,0.176,71.0,0.0,-17184.674,0.0,1070,0,1070,0,0,0,1070,0,1081,0,1000,0,649,0,650,0,645,0,676,0.032,1.4536034330083127e+22,0.0,0.0,59536,16813,0.0,-114.128,-8.133294014514527e+29,0.0,0.0,0.0,50.0,60.0,35,0.0,0.0,10.0,2.0,0.0,0.0,0.0,0.0,0.0,0.0,0.0,0.0,0.0,0.0,0.0,0.0,58.8,48,14,65514,26,65476,0,300,0,0,8,20529,65476,0,0,30147,60.0,0.0,10.0,10.0,2.0,0.0
2026-02-16T12:22:58,ERR,ERR,ERR,ERR,ERR,ERR,ERR,ERR,ERR,ERR,ERR,ERR,ERR,ERR,ERR,ERR,ERR,ERR,ERR,ERR,ERR,ERR,ERR,ERR,ERR,ERR,ERR,ERR,ERR,ERR,ERR,ERR,ERR,ERR,ERR,ERR,ERR,ERR,ERR,ERR,ERR,ERR,ERR,ERR,ERR,ERR,ERR,ERR,ERR,ERR,ERR,ERR,ERR,ERR,ERR,ERR,ERR,ERR,ERR,ERR,ERR,ERR,ERR,ERR,ERR,ERR,ERR,ERR,ERR,ERR,ERR,ERR,ERR,ERR,ERR,ERR,ERR,ERR,ERR,ERR,ERR,ERR,ERR,ERR,ERR,ERR,ERR,ERR,ERR,ERR,ERR,ERR,ERR,ERR,ERR,ERR,ERR,ERR,ERR,ERR,ERR,ERR,ERR,ERR,ERR,ERR,ERR,ERR,ERR,ERR,ERR,ERR,ERR,ERR,ERR,ERR,ERR,ERR,ERR,ERR,ERR,ERR,ERR,ERR,ERR,0.0,0.0,-0.0,0.0,-0.004,45970685952.0,5.7649970002099096e+28,-0.0,4300,0,8,17163,4300,0.0,41,0.0,0.0,-107610976.0,0.0,-4.925046184806267e+32,0,0,0,0,0.0,0,0,0,0,0,0,0,0,0,0,0,0,0,0,0,0,0,0,0,0,0,0,0,0,0,0,0,0,0,0,0,0,0,12,34,34,46,65476,371,65476,1,0,4,21553,0.0,-107610976.0,0.0,0.0,0.0,0.0,0.0,0.0,0.0,0.0,0.0,0.0,0.0,0.0,0.0,0.0,0.0,0.0,0.0,0.0,0.0,2.004,3.697062548517736e+19,-3.697081020313082e+19,-0.0,-3.697075302852618e+19,0.0,0.0,0.0,0.0,6642.0,0.0,0.0,0.0,0.0,0.0,-107616256.0,0.0,0.0,2.004,2.004,223,0.0,-0.0,0.0,0.0,0.0,0.0,0.0,0.0,0.0,0,0,0,-0.0,-0.0,1.6484823216422912e+16,-6.566523684368941e+18,365456896.0,0.0,-4196588847104.0,0.0,0.0,-5.186066900336501e+24,-0.006,18558830592.0,0.0,0.0,0.0,-272.494,0,1.3516416376850534e+27,223,0.0,446,0.0,0.0,2114,0,17110,13107,17112,0,17096,0,0,0,101,100,100,0.0,64.5,0.0,65.4,-107615240.0,64.5,1,49,50,180,52429,0,0,0,0.0,0.0,0.0,60.0,0.176,71.0,0.0,-17184.674,0.0,1070,0,1070,0,0,0,1070,0,1081,0,1000,0,649,0,650,0,645,0,676,0.032,1.4536034330083127e+22,0.0,0.0,59536,16813,0.0,-114.128,-8.133294014514527e+29,0.0,0.0,0.0,50.0,60.0,35,0.0,0.0,10.0,2.0,0.0,0.0,0.0,0.0,0.0,0.0,0.0,0.0,0.0,0.0,0.0,0.0,59.2,48,14,65514,26,65476,0,300,0,0,8,20529,65476,0,0,30147,60.0,0.0,10.0,10.0,2.0,0.0
2026-02-16T12:22:59,ERR,ERR,ERR,ERR,ERR,ERR,ERR,ERR,ERR,ERR,ERR,ERR,ERR,ERR,ERR,ERR,ERR,ERR,ERR,ERR,ERR,ERR,ERR,ERR,ERR,ERR,ERR,ERR,ERR,ERR,ERR,ERR,ERR,ERR,ERR,ERR,ERR,ERR,ERR,ERR,ERR,ERR,ERR,ERR,ERR,ERR,ERR,ERR,ERR,ERR,ERR,ERR,ERR,ERR,ERR,ERR,ERR,ERR,ERR,ERR,ERR,ERR,ERR,ERR,ERR,ERR,ERR,ERR,ERR,ERR,ERR,ERR,ERR,ERR,ERR,ERR,ERR,ERR,ERR,ERR,ERR,ERR,ERR,ERR,ERR,ERR,ERR,ERR,ERR,ERR,ERR,ERR,ERR,ERR,ERR,ERR,ERR,ERR,ERR,ERR,ERR,ERR,ERR,ERR,ERR,ERR,ERR,ERR,ERR,ERR,ERR,ERR,ERR,ERR,ERR,ERR,ERR,ERR,ERR,ERR,ERR,ERR,ERR,ERR,ERR,0.0,0.0,-0.0,0.0,-0.004,0.007,26119648.0,-0.0,4300,0,8,17162,4300,0.0,41,0.0,0.0,0.0,0.0,-4.925046184806267e+32,0,0,0,0,0.0,0,0,0,0,0,0,0,0,0,0,0,0,0,0,0,0,0,0,0,0,0,0,0,0,0,0,0,0,0,0,0,0,0,12,34,34,46,65476,373,65476,1,0,4,21553,0.0,0.0,0.0,0.0,0.0,0.0,0.0,0.0,0.0,0.0,0.0,0.0,0.0,0.0,0.0,0.0,0.0,0.0,0.0,0.0,0.0,2.004,3.697062548517736e+19,-2.004,-0.0,0.0,0.0,0.0,0.0,0.0,6615.0,-1.0406715705571685e+34,0.0,0.0,0.0,0.0,-0.0,0.0,0.0,2.004,2.004,223,2.7184172306451498e+23,4.950424729324142e+32,0.0,0.0,0.0,0.0,0.0,0.0,0.0,0,0,0,-0.0,-4.619104643282318e+19,3.8726389695148264e+28,-2.5581962825130223e+33,403000539480064.0,28347805466624.0,-575767296.0,0.0,0.0,-5.601635150829029e+24,-0.006,20035225600.0,0.0,0.0,0.0,-3.566,0,1.3516416376850534e+27,223,0.0,446,0.0,0.0,2114,0,17110,13107,17112,0,17096,0,0,0,101,100,100,0.0,64.5,0.0,65.4,-107615240.0,64.5,1,49,50,180,52429,0,0,0,0.0,0.0,0.0,60.0,48.065,71.0,0.0,0.0,0.0,1070,0,1070,0,0,0,1070,0,1080,0,1000,0,649,0,650,0,646,0,676,0.032,1.0625324586456702e+22,0.0,0.0,49168,16813,0.0,0.0,0.0,-0.0,4.0471850973520035e+24,298320224.0,50.0,60.0,35,0.0,0.0,10.0,2.0,0.0,0.0,0.0,0.0,0.0,0.0,0.0,0.0,0.0,0.0,0.0,0.0,59.2,48,14,65514,26,65476,0,300,0,0,8,20529,65476,0,0,30147,60.0,0.0,10.0,10.0,2.0,0.0
2026-02-16T12:23:00,ERR,ERR,ERR,ERR,ERR,ERR,ERR,ERR,ERR,ERR,ERR,ERR,ERR,ERR,ERR,ERR,ERR,ERR,ERR,ERR,ERR,ERR,ERR,ERR,ERR,ERR,ERR,ERR,ERR,ERR,ERR,ERR,ERR,ERR,ERR,ERR,ERR,ERR,ERR,ERR,ERR,ERR,ERR,ERR,ERR,ERR,ERR,ERR,ERR,ERR,ERR,ERR,ERR,ERR,ERR,ERR,ERR,ERR,ERR,ERR,ERR,ERR,ERR,ERR,ERR,ERR,ERR,ERR,ERR,ERR,ERR,ERR,ERR,ERR,ERR,ERR,ERR,ERR,ERR,ERR,ERR,ERR,ERR,ERR,ERR,ERR,ERR,ERR,ERR,ERR,ERR,ERR,ERR,ERR,ERR,ERR,ERR,ERR,ERR,ERR,ERR,ERR,ERR,ERR,ERR,ERR,ERR,ERR,ERR,ERR,ERR,ERR,ERR,ERR,ERR,ERR,ERR,ERR,ERR,ERR,ERR,ERR,ERR,ERR,ERR,0.0,0.0,-0.0,0.0,-0.004,0.007,26119648.0,-0.0,4300,0,8,17162,4300,0.0,41,0.0,0.0,0.0,0.0,-4.925046184806267e+32,0,0,0,0,0.0,0,0,0,0,0,0,0,0,0,0,0,0,0,0,0,0,0,0,0,0,0,0,0,0,0,0,0,0,0,0,0,0,0,12,34,34,46,65476,373,65476,1,0,4,21553,0.0,0.0,0.0,0.0,0.0,0.0,0.0,0.0,0.0,0.0,0.0,0.0,0.0,0.0,0.0,0.0,0.0,0.0,0.0,0.0,0.0,2.004,3.697062548517736e+19,-2.004,-0.0,0.0,0.0,0.0,0.0,0.0,6615.0,-1.0406715705571685e+34,0.0,0.0,0.0,0.0,-0.0,0.0,0.0,2.004,2.004,223,2.7184172306451498e+23,4.950424729324142e+32,0.0,0.0,0.0,0.0,0.0,0.0,0.0,0,0,0,-0.0,-4.619104643282318e+19,3.8726389695148264e+28,-2.5581962825130223e+33,403000539480064.0,28347805466624.0,-575767296.0,0.0,0.0,-5.601635150829029e+24,-0.006,20035225600.0,0.0,0.0,0.0,-3.566,0,1.3516416376850534e+27,223,0.0,446,0.0,0.0,2114,0,17110,13107,17112,0,17096,0,0,0,101,100,100,0.0,64.5,0.0,65.4,-107615240.0,64.5,1,49,50,180,52429,0,0,0,0.0,0.0,0.0,60.0,48.065,71.0,0.0,0.0,0.0,1070,0,1070,0,0,0,1070,0,1080,0,1000,0,649,0,650,0,646,0,676,0.032,1.0625324586456702e+22,0.0,0.0,49168,16813,0.0,0.0,0.0,-0.0,4.0471850973520035e+24,298320224.0,50.0,60.0,35,0.0,0.0,10.0,2.0,0.0,0.0,0.0,0.0,0.0,0.0,0.0,0.0,0.0,0.0,0.0,0.0,58.8,48,14,65514,26,65476,0,300,0,0,8,20529,65476,0,0,30147,60.0,0.0,10.0,10.0,2.0,0.0
2026-02-16T12:23:01,ERR,ERR,ERR,ERR,ERR,ERR,ERR,ERR,ERR,ERR,ERR,ERR,ERR,ERR,ERR,ERR,ERR,ERR,ERR,ERR,ERR,ERR,ERR,ERR,ERR,ERR,ERR,ERR,ERR,ERR,ERR,ERR,ERR,ERR,ERR,ERR,ERR,ERR,ERR,ERR,ERR,ERR,ERR,ERR,ERR,ERR,ERR,ERR,ERR,ERR,ERR,ERR,ERR,ERR,ERR,ERR,ERR,ERR,ERR,ERR,ERR,ERR,ERR,ERR,ERR,ERR,ERR,ERR,ERR,ERR,ERR,ERR,ERR,ERR,ERR,ERR,ERR,ERR,ERR,ERR,ERR,ERR,ERR,ERR,ERR,ERR,ERR,ERR,ERR,ERR,ERR,ERR,ERR,ERR,ERR,ERR,ERR,ERR,ERR,ERR,ERR,ERR,ERR,ERR,ERR,ERR,ERR,ERR,ERR,ERR,ERR,ERR,ERR,ERR,ERR,ERR,ERR,ERR,ERR,ERR,ERR,ERR,ERR,ERR,ERR,0.0,0.0,-0.0,0.0,-0.004,0.007,26119648.0,-0.0,4300,0,8,17162,4300,0.0,41,0.0,0.0,0.0,0.0,-4.925046184806267e+32,0,0,0,0,0.0,0,0,0,0,0,0,0,0,0,0,0,0,0,0,0,0,0,0,0,0,0,0,0,0,0,0,0,0,0,0,0,0,0,12,34,34,46,65476,373,65476,1,0,4,21553,0.0,0.0,0.0,0.0,0.0,0.0,0.0,0.0,0.0,0.0,0.0,0.0,0.0,0.0,0.0,0.0,0.0,0.0,0.0,0.0,0.0,2.004,3.697062548517736e+19,-2.004,-0.0,0.0,0.0,0.0,0.0,0.0,6615.0,-1.0406715705571685e+34,0.0,0.0,0.0,0.0,-0.0,0.0,0.0,2.004,2.004,223,2.7184172306451498e+23,4.950424729324142e+32,0.0,0.0,0.0,0.0,0.0,0.0,0.0,0,0,0,-0.0,-4.619104643282318e+19,3.8726389695148264e+28,-2.5581962825130223e+33,403000539480064.0,28347805466624.0,-575767296.0,0.0,0.0,-5.601635150829029e+24,-0.006,20035225600.0,0.0,0.0,0.0,-3.566,0,1.3516416376850534e+27,223,0.0,446,0.0,0.0,2114,0,17110,13107,17112,0,17096,0,0,0,101,100,100,0.0,64.5,0.0,65.4,-107615240.0,64.5,1,49,50,180,52429,0,0,0,0.0,0.0,0.0,60.0,48.065,71.0,0.0,0.0,0.0,1070,0,1070,0,0,0,1070,0,1080,0,1000,0,649,0,650,0,646,0,676,0.032,1.0625324586456702e+22,0.0,0.0,49168,16813,0.0,0.0,0.0,-0.0,4.0471850973520035e+24,298320224.0,50.0,60.0,35,0.0,0.0,10.0,2.0,0.0,0.0,0.0,0.0,0.0,0.0,0.0,0.0,0.0,0.0,0.0,0.0,58.8,49,14,65514,26,65476,0,300,0,0,8,20529,65476,0,0,30147,60.0,0.0,10.0,10.0,2.0,0.0
2026-02-16T12:23:02,ERR,ERR,ERR,ERR,ERR,ERR,ERR,ERR,ERR,ERR,ERR,ERR,ERR,ERR,ERR,ERR,ERR,ERR,ERR,ERR,ERR,ERR,ERR,ERR,ERR,ERR,ERR,ERR,ERR,ERR,ERR,ERR,ERR,ERR,ERR,ERR,ERR,ERR,ERR,ERR,ERR,ERR,ERR,ERR,ERR,ERR,ERR,ERR,ERR,ERR,ERR,ERR,ERR,ERR,ERR,ERR,ERR,ERR,ERR,ERR,ERR,ERR,ERR,ERR,ERR,ERR,ERR,ERR,ERR,ERR,ERR,ERR,ERR,ERR,ERR,ERR,ERR,ERR,ERR,ERR,ERR,ERR,ERR,ERR,ERR,ERR,ERR,ERR,ERR,ERR,ERR,ERR,ERR,ERR,ERR,ERR,ERR,ERR,ERR,ERR,ERR,ERR,ERR,ERR,ERR,ERR,ERR,ERR,ERR,ERR,ERR,ERR,ERR,ERR,ERR,ERR,ERR,ERR,ERR,ERR,ERR,ERR,ERR,ERR,ERR,0.0,0.0,-0.0,0.0,-0.004,0.007,26119648.0,-0.0,4300,0,8,17162,4300,0.0,41,0.0,0.0,0.0,0.0,-4.925046184806267e+32,0,0,0,0,0.0,0,0,0,0,0,0,0,0,0,0,0,0,0,0,0,0,0,0,0,0,0,0,0,0,0,0,0,0,0,0,0,0,0,12,34,34,46,65476,373,65476,1,0,4,21553,0.0,0.0,0.0,0.0,0.0,0.0,0.0,0.0,0.0,0.0,0.0,0.0,0.0,0.0,0.0,0.0,0.0,0.0,0.0,0.0,0.0,2.004,3.697062548517736e+19,-2.004,-0.0,0.0,0.0,0.0,0.0,0.0,6615.0,-1.0406715705571685e+34,0.0,0.0,0.0,0.0,-0.0,0.0,0.0,2.004,2.004,223,2.7184172306451498e+23,4.950424729324142e+32,0.0,0.0,0.0,0.0,0.0,0.0,0.0,0,0,0,-0.0,-4.619104643282318e+19,3.8726389695148264e+28,-2.5581962825130223e+33,403000539480064.0,28347805466624.0,-575767296.0,0.0,0.0,-5.601635150829029e+24,-0.006,20035225600.0,0.0,0.0,0.0,-3.566,0,1.3516416376850534e+27,223,0.0,446,0.0,0.0,2114,0,17110,13107,17112,0,17096,0,0,0,101,100,100,0.0,64.5,0.0,65.4,-107615240.0,64.5,1,49,50,180,52429,0,0,0,0.0,0.0,0.0,60.0,0.0,71.0,0.0,0.0,0.0,1070,0,1070,0,0,0,1070,0,1080,0,1000,0,649,0,650,0,645,0,676,0.032,1.0625324586456702e+22,0.0,0.0,51088,16813,0.0,0.0,0.0,6.7625357945849595e+25,2.8448474170911493e+25,0.0,50.0,60.0,35,0.0,0.0,10.0,2.0,0.0,0.0,0.0,0.0,0.0,0.0,0.0,0.0,0.0,0.0,0.0,0.0,58.8,49,14,65514,26,65476,0,300,0,0,8,20529,65476,0,0,30147,60.0,0.0,10.0,10.0,2.0,0.0
2026-02-16T12:23:03,ERR,ERR,ERR,ERR,ERR,ERR,ERR,ERR,ERR,ERR,ERR,ERR,ERR,ERR,ERR,ERR,ERR,ERR,ERR,ERR,ERR,ERR,ERR,ERR,ERR,ERR,ERR,ERR,ERR,ERR,ERR,ERR,ERR,ERR,ERR,ERR,ERR,ERR,ERR,ERR,ERR,ERR,ERR,ERR,ERR,ERR,ERR,ERR,ERR,ERR,ERR,ERR,ERR,ERR,ERR,ERR,ERR,ERR,ERR,ERR,ERR,ERR,ERR,ERR,ERR,ERR,ERR,ERR,ERR,ERR,ERR,ERR,ERR,ERR,ERR,ERR,ERR,ERR,ERR,ERR,ERR,ERR,ERR,ERR,ERR,ERR,ERR,ERR,ERR,ERR,ERR,ERR,ERR,ERR,ERR,ERR,ERR,ERR,ERR,ERR,ERR,ERR,ERR,ERR,ERR,ERR,ERR,ERR,ERR,ERR,ERR,ERR,ERR,ERR,ERR,ERR,ERR,ERR,ERR,ERR,ERR,ERR,ERR,ERR,ERR,0.0,0.0,0.0,0.0,0.0,827343872.0,6.959698284593582e+25,-1.8539420976838837e+32,4300,0,8,17163,4300,0.0,41,0.0,0.0,0.0,0.0,-4.925046184806267e+32,0,0,0,0,0.0,0,0,0,0,0,0,0,0,0,0,0,0,0,0,0,0,0,0,0,0,0,0,0,0,0,0,0,0,0,0,0,0,0,12,34,34,46,65476,375,65476,1,0,4,21553,0.0,0.0,0.0,0.0,0.0,0.0,0.0,0.0,0.0,0.0,0.0,0.0,0.0,0.0,0.0,0.0,0.0,0.0,0.0,0.0,0.0,2.004,2.004,-2.004,-0.0,0.0,0.0,0.0,0.0,0.0,6648.0,0.0,0.0,0.0,0.0,0.0,-107616256.0,0.0,0.0,2.004,2.004,223,1.905685750968484e+17,-0.0,0.0,0.0,0.0,0.0,0.0,0.0,0.0,0,0,0,-0.0,0.0,8.682118174638321e+20,-0.0,1.885,-43845536.0,0.001,-0.0,-0.0,-6.054982333184515e+24,-0.006,21645838336.0,0.0,0.0,0.0,-0.0,0,1.3516416376850534e+27,223,0.0,446,0.0,0.0,2114,0,17110,13107,17112,0,17096,0,0,0,101,100,100,0.0,64.5,0.0,65.4,-107615240.0,64.5,1,49,50,180,52429,0,0,0,0.0,0.0,0.0,60.0,0.0,71.0,0.0,0.0,0.0,1070,0,1070,0,0,0,1070,0,1080,0,1000,0,649,0,650,0,645,0,676,0.032,1.0625324586456702e+22,0.0,0.0,51088,16813,0.0,0.0,0.0,6.7625357945849595e+25,2.8448474170911493e+25,0.0,50.0,60.0,35,0.0,0.0,10.0,2.0,0.0,0.0,0.0,0.0,0.0,0.0,0.0,0.0,0.0,0.0,0.0,0.0,58.8,49,14,65514,26,65476,0,300,0,0,8,20529,65476,0,0,30147,60.0,0.0,10.0,10.0,2.0,0.0
2026-02-16T12:23:04,ERR,ERR,ERR,ERR,ERR,ERR,ERR,ERR,ERR,ERR,ERR,ERR,ERR,ERR,ERR,ERR,ERR,ERR,ERR,ERR,ERR,ERR,ERR,ERR,ERR,ERR,ERR,ERR,ERR,ERR,ERR,ERR,ERR,ERR,ERR,ERR,ERR,ERR,ERR,ERR,ERR,ERR,ERR,ERR,ERR,ERR,ERR,ERR,ERR,ERR,ERR,ERR,ERR,ERR,ERR,ERR,ERR,ERR,ERR,ERR,ERR,ERR,ERR,ERR,ERR,ERR,ERR,ERR,ERR,ERR,ERR,ERR,ERR,ERR,ERR,ERR,ERR,ERR,ERR,ERR,ERR,ERR,ERR,ERR,ERR,ERR,ERR,ERR,ERR,ERR,ERR,ERR,ERR,ERR,ERR,ERR,ERR,ERR,ERR,ERR,ERR,ERR,ERR,ERR,ERR,ERR,ERR,ERR,ERR,ERR,ERR,ERR,ERR,ERR,ERR,ERR,ERR,ERR,ERR,ERR,ERR,ERR,ERR,ERR,ERR,0.0,0.0,0.0,0.0,0.0,827343872.0,6.959698284593582e+25,-1.8539420976838837e+32,4300,0,8,17163,4300,0.0,41,0.0,0.0,0.0,0.0,-4.925046184806267e+32,0,0,0,0,0.0,0,0,0,0,0,0,0,0,0,0,0,0,0,0,0,0,0,0,0,0,0,0,0,0,0,0,0,0,0,0,0,0,0,12,34,34,46,65476,375,65476,1,0,4,21553,0.0,0.0,0.0,0.0,0.0,0.0,0.0,0.0,0.0,0.0,0.0,0.0,0.0,0.0,0.0,0.0,0.0,0.0,0.0,0.0,0.0,2.004,2.004,-2.004,-0.0,0.0,0.0,0.0,0.0,0.0,6648.0,0.0,0.0,0.0,0.0,0.0,-107616256.0,0.0,0.0,2.004,2.004,223,1.905685750968484e+17,-0.0,0.0,0.0,0.0,0.0,0.0,0.0,0.0,0,0,0,-0.0,0.0,8.682118174638321e+20,-0.0,1.885,-43845536.0,0.001,-0.0,-0.0,-6.054982333184515e+24,-0.006,21645838336.0,0.0,0.0,0.0,-0.0,0,1.3516416376850534e+27,223,0.0,446,0.0,0.0,2114,0,17110,13107,17112,0,17096,0,0,0,101,100,100,0.0,64.5,0.0,65.4,-107615240.0,64.5,1,49,50,180,52429,0,0,0,0.0,0.0,0.0,60.0,0.0,71.0,0.0,0.0,0.0,1070,0,1070,0,0,0,1070,0,1080,0,1000,0,649,0,650,0,645,0,676,0.032,1.0625324586456702e+22,0.0,0.0,51088,16813,0.0,0.0,0.0,6.7625357945849595e+25,2.8448474170911493e+25,0.0,50.0,60.0,35,0.0,0.0,10.0,2.0,0.0,0.0,0.0,0.0,0.0,0.0,0.0,0.0,0.0,0.0,0.0,0.0,58.8,49,14,65514,26,65476,0,300,0,0,8,20529,65476,0,0,30147,60.0,0.0,10.0,10.0,2.0,0.0
2026-02-16T12:23:05,ERR,ERR,ERR,ERR,ERR,ERR,ERR,ERR,ERR,ERR,ERR,ERR,ERR,ERR,ERR,ERR,ERR,ERR,ERR,ERR,ERR,ERR,ERR,ERR,ERR,ERR,ERR,ERR,ERR,ERR,ERR,ERR,ERR,ERR,ERR,ERR,ERR,ERR,ERR,ERR,ERR,ERR,ERR,ERR,ERR,ERR,ERR,ERR,ERR,ERR,ERR,ERR,ERR,ERR,ERR,ERR,ERR,ERR,ERR,ERR,ERR,ERR,ERR,ERR,ERR,ERR,ERR,ERR,ERR,ERR,ERR,ERR,ERR,ERR,ERR,ERR,ERR,ERR,ERR,ERR,ERR,ERR,ERR,ERR,ERR,ERR,ERR,ERR,ERR,ERR,ERR,ERR,ERR,ERR,ERR,ERR,ERR,ERR,ERR,ERR,ERR,ERR,ERR,ERR,ERR,ERR,ERR,ERR,ERR,ERR,ERR,ERR,ERR,ERR,ERR,ERR,ERR,ERR,ERR,ERR,ERR,ERR,ERR,ERR,ERR,0.0,0.0,0.0,0.0,0.0,827343872.0,6.959698284593582e+25,-1.8539420976838837e+32,4300,0,8,17163,4300,0.0,41,0.0,0.0,0.0,0.0,-4.925046184806267e+32,0,0,0,0,0.0,0,0,0,0,0,0,0,0,0,0,0,0,0,0,0,0,0,0,0,0,0,0,0,0,0,0,0,0,0,0,0,0,0,12,34,34,46,65476,375,65476,1,0,4,21553,0.0,0.0,0.0,0.0,0.0,0.0,0.0,0.0,0.0,0.0,0.0,0.0,0.0,0.0,0.0,0.0,0.0,0.0,0.0,0.0,0.0,2.004,2.004,-2.004,-0.0,0.0,0.0,0.0,0.0,0.0,6648.0,0.0,0.0,0.0,0.0,0.0,-107616256.0,0.0,0.0,2.004,2.004,223,1.905685750968484e+17,-0.0,0.0,0.0,0.0,0.0,0.0,0.0,0.0,0,0,0,-0.0,0.0,8.682118174638321e+20,-0.0,1.885,-43845536.0,0.001,-0.0,-0.0,-6.054982333184515e+24,-0.006,21645838336.0,0.0,0.0,0.0,-0.0,0,1.3516416376850534e+27,223,0.0,446,0.0,0.0,2114,0,17110,13107,17112,0,17096,0,0,0,101,100,100,0.0,64.5,0.0,65.4,-107615240.0,64.5,1,49,50,180,0,0,0,0,0.0,0.0,0.0,60.0,3.817,71.0,0.0,-7.796729582545139e+34,0.0,1070,0,1070,0,0,0,1070,0,1081,0,1000,0,649,0,650,0,646,0,675,0.032,1.0846685515341216e+22,-2.004,0.0,44304,16813,0.0,0.0,0.0,-0.0,242174264344576.0,0.0,50.0,60.0,35,0.0,0.0,10.0,2.0,0.0,0.0,0.0,0.0,0.0,0.0,0.0,0.0,0.0,0.0,0.0,0.0,58.8,49,14,65514,26,65476,0,300,0,0,8,20529,65476,0,0,30147,60.0,0.0,10.0,10.0,2.0,0.0
2026-02-16T12:23:06,ERR,ERR,ERR,ERR,ERR,ERR,ERR,ERR,ERR,ERR,ERR,ERR,ERR,ERR,ERR,ERR,ERR,ERR,ERR,ERR,ERR,ERR,ERR,ERR,ERR,ERR,ERR,ERR,ERR,ERR,ERR,ERR,ERR,ERR,ERR,ERR,ERR,ERR,ERR,ERR,ERR,ERR,ERR,ERR,ERR,ERR,ERR,ERR,ERR,ERR,ERR,ERR,ERR,ERR,ERR,ERR,ERR,ERR,ERR,ERR,ERR,ERR,ERR,ERR,ERR,ERR,ERR,ERR,ERR,ERR,ERR,ERR,ERR,ERR,ERR,ERR,ERR,ERR,ERR,ERR,ERR,ERR,ERR,ERR,ERR,ERR,ERR,ERR,ERR,ERR,ERR,ERR,ERR,ERR,ERR,ERR,ERR,ERR,ERR,ERR,ERR,ERR,ERR,ERR,ERR,ERR,ERR,ERR,ERR,ERR,ERR,ERR,ERR,ERR,ERR,ERR,ERR,ERR,ERR,ERR,ERR,ERR,ERR,ERR,ERR,0.0,0.0,0.0,0.0,0.0,827343872.0,6.959698284593582e+25,-1.8539420976838837e+32,4300,0,8,17163,4300,0.0,41,0.0,0.0,0.0,0.0,-4.925046184806267e+32,0,0,0,0,0.0,0,0,0,0,0,0,0,0,0,0,0,0,0,0,0,0,0,0,0,0,0,0,0,0,0,0,0,0,0,0,0,0,0,12,34,34,46,65476,375,65476,1,0,4,21553,0.0,0.0,0.0,0.0,0.0,0.0,0.0,0.0,0.0,0.0,0.0,0.0,0.0,0.0,0.0,0.0,0.0,0.0,0.0,0.0,0.0,2.004,2.004,-2.004,-0.0,0.0,0.0,0.0,0.0,0.0,6648.0,0.0,0.0,0.0,0.0,0.0,-107616256.0,0.0,0.0,2.004,2.004,223,1.905685750968484e+17,-0.0,0.0,0.0,0.0,0.0,0.0,0.0,0.0,0,0,0,-0.0,0.0,8.682118174638321e+20,-0.0,1.885,-43845536.0,0.001,-0.0,-0.0,-6.054982333184515e+24,-0.006,21645838336.0,0.0,0.0,0.0,-0.0,0,1.3516416376850534e+27,223,0.0,446,0.0,0.0,2114,0,17110,13107,17112,0,17096,0,0,0,101,100,100,0.0,64.5,0.0,65.4,-107615240.0,64.5,1,49,50,180,0,0,0,0,0.0,0.0,0.0,60.0,3.817,71.0,0.0,-7.796729582545139e+34,0.0,1070,0,1070,0,0,0,1070,0,1081,0,1000,0,649,0,650,0,646,0,675,0.032,1.0846685515341216e+22,-2.004,0.0,44304,16813,0.0,0.0,0.0,-0.0,242174264344576.0,0.0,50.0,60.0,35,0.0,0.0,10.0,2.0,0.0,0.0,0.0,0.0,0.0,0.0,0.0,0.0,0.0,0.0,0.0,0.0,58.8,49,14,65514,26,65476,0,300,0,0,8,20529,65476,0,0,30147,60.0,0.0,10.0,10.0,2.0,0.0
2026-02-16T12:23:07,ERR,ERR,ERR,ERR,ERR,ERR,ERR,ERR,ERR,ERR,ERR,ERR,ERR,ERR,ERR,ERR,ERR,ERR,ERR,ERR,ERR,ERR,ERR,ERR,ERR,ERR,ERR,ERR,ERR,ERR,ERR,ERR,ERR,ERR,ERR,ERR,ERR,ERR,ERR,ERR,ERR,ERR,ERR,ERR,ERR,ERR,ERR,ERR,ERR,ERR,ERR,ERR,ERR,ERR,ERR,ERR,ERR,ERR,ERR,ERR,ERR,ERR,ERR,ERR,ERR,ERR,ERR,ERR,ERR,ERR,ERR,ERR,ERR,ERR,ERR,ERR,ERR,ERR,ERR,ERR,ERR,ERR,ERR,ERR,ERR,ERR,ERR,ERR,ERR,ERR,ERR,ERR,ERR,ERR,ERR,ERR,ERR,ERR,ERR,ERR,ERR,ERR,ERR,ERR,ERR,ERR,ERR,ERR,ERR,ERR,ERR,ERR,ERR,ERR,ERR,ERR,ERR,ERR,ERR,ERR,ERR,ERR,ERR,ERR,ERR,0.0,0.0,0.0,0.0,0.0,827343872.0,6.959698284593582e+25,-1.8539420976838837e+32,4300,0,8,17163,4300,0.0,41,0.0,0.0,0.0,0.0,-4.925046184806267e+32,0,0,0,0,0.0,0,0,0,0,0,0,0,0,0,0,0,0,0,0,0,0,0,0,0,0,0,0,0,0,0,0,0,0,0,0,0,0,0,12,34,34,46,65476,375,65476,1,0,4,21553,0.0,0.0,0.0,0.0,0.0,0.0,0.0,0.0,0.0,0.0,0.0,0.0,0.0,0.0,0.0,0.0,0.0,0.0,0.0,0.0,0.0,2.004,2.004,-2.004,-0.0,0.0,0.0,0.0,0.0,0.0,6648.0,0.0,0.0,0.0,0.0,0.0,-107616256.0,0.0,0.0,2.004,2.004,223,1.905685750968484e+17,-0.0,0.0,0.0,0.0,0.0,0.0,0.0,0.0,0,0,0,-0.0,0.0,8.682118174638321e+20,-0.0,1.885,-43845536.0,0.001,-0.0,-0.0,-6.054982333184515e+24,-0.006,21645838336.0,0.0,0.0,0.0,-0.0,0,1.3516416376850534e+27,223,0.0,446,0.0,0.0,2114,0,17110,13107,17112,0,17096,0,0,0,101,100,100,0.0,64.5,0.0,65.4,-107615240.0,64.5,1,49,50,180,0,0,0,0,0.0,0.0,0.0,60.0,3.817,71.0,0.0,-7.796729582545139e+34,0.0,1070,0,1070,0,0,0,1070,0,1081,0,1000,0,649,0,650,0,646,0,675,0.032,1.0846685515341216e+22,-2.004,0.0,44304,16813,0.0,0.0,0.0,-0.0,242174264344576.0,0.0,50.0,60.0,35,0.0,0.0,10.0,2.0,0.0,0.0,0.0,0.0,0.0,0.0,0.0,0.0,0.0,0.0,0.0,0.0,58.8,49,14,65514,26,65476,0,300,0,0,8,20529,65476,0,0,30147,60.0,0.0,10.0,10.0,2.0,0.0
2026-02-16T12:23:08,ERR,ERR,ERR,ERR,ERR,ERR,ERR,ERR,ERR,ERR,ERR,ERR,ERR,ERR,ERR,ERR,ERR,ERR,ERR,ERR,ERR,ERR,ERR,ERR,ERR,ERR,ERR,ERR,ERR,ERR,ERR,ERR,ERR,ERR,ERR,ERR,ERR,ERR,ERR,ERR,ERR,ERR,ERR,ERR,ERR,ERR,ERR,ERR,ERR,ERR,ERR,ERR,ERR,ERR,ERR,ERR,ERR,ERR,ERR,ERR,ERR,ERR,ERR,ERR,ERR,ERR,ERR,ERR,ERR,ERR,ERR,ERR,ERR,ERR,ERR,ERR,ERR,ERR,ERR,ERR,ERR,ERR,ERR,ERR,ERR,ERR,ERR,ERR,ERR,ERR,ERR,ERR,ERR,ERR,ERR,ERR,ERR,ERR,ERR,ERR,ERR,ERR,ERR,ERR,ERR,ERR,ERR,ERR,ERR,ERR,ERR,ERR,ERR,ERR,ERR,ERR,ERR,ERR,ERR,ERR,ERR,ERR,ERR,ERR,ERR,-107615880.0,0.0,2.718405881574089e+23,0.0,-0.0,-0.0,-5.381221165739842e+35,0.0,4300,0,8,17163,4300,0.0,41,0.0,0.0,0.0,0.0,-4.925046184806267e+32,0,0,0,0,0.0,0,0,0,0,0,0,0,0,0,0,0,0,0,0,0,0,0,0,0,0,0,0,0,0,0,0,0,0,0,0,0,0,0,12,34,34,46,65476,378,65476,1,0,4,21553,0.0,0.0,0.0,0.0,0.0,0.0,0.0,0.0,0.0,0.0,0.0,0.0,0.0,0.0,0.0,0.0,0.0,0.0,0.0,0.0,0.0,2.004,0.0,-2.004,-0.0,0.0,0.0,0.0,0.0,0.0,6649.0,0.0,0.0,-107615880.0,0.0,0.0,-107616256.0,0.0,0.0,2.004,2.004,222,2.7184172306451498e+23,-0.0,0.0,0.0,0.0,0.0,0.0,0.0,0.0,0,0,0,-4.595456522426778e+16,-5.137690129355613e+21,1.122903916441169e+36,-0.0,1.985822990064877e+26,-0.0,0.0,0.0,0.0,-6.508329515540001e+24,-0.007,23256451072.0,0.0,0.0,0.0,-1.6169379295264558e+20,0,1.3516416376850534e+27,222,0.0,444,-0.0,0.0,2114,0,17110,13107,17112,0,17096,0,0,0,101,100,100,0.0,64.5,0.0,65.4,-107615240.0,64.5,1,49,50,180,0,0,0,0,0.0,0.0,0.0,60.0,3.817,71.0,0.0,-7.796729582545139e+34,0.0,1070,0,1070,0,0,0,1070,0,1081,0,1000,0,649,0,650,0,646,0,675,0.032,1.0846685515341216e+22,-2.004,0.0,44304,16813,0.0,0.0,0.0,-0.0,242174264344576.0,0.0,50.0,60.0,35,0.0,0.0,10.0,2.0,0.0,0.0,0.0,0.0,0.0,0.0,0.0,0.0,0.0,0.0,0.0,0.0,59.2,49,14,65514,26,65476,0,300,0,0,8,20529,65476,0,0,30147,60.0,0.0,10.0,10.0,2.0,0.0
2026-02-16T12:23:09,ERR,ERR,ERR,ERR,ERR,ERR,ERR,ERR,ERR,ERR,ERR,ERR,ERR,ERR,ERR,ERR,ERR,ERR,ERR,ERR,ERR,ERR,ERR,ERR,ERR,ERR,ERR,ERR,ERR,ERR,ERR,ERR,ERR,ERR,ERR,ERR,ERR,ERR,ERR,ERR,ERR,ERR,ERR,ERR,ERR,ERR,ERR,ERR,ERR,ERR,ERR,ERR,ERR,ERR,ERR,ERR,ERR,ERR,ERR,ERR,ERR,ERR,ERR,ERR,ERR,ERR,ERR,ERR,ERR,ERR,ERR,ERR,ERR,ERR,ERR,ERR,ERR,ERR,ERR,ERR,ERR,ERR,ERR,ERR,ERR,ERR,ERR,ERR,ERR,ERR,ERR,ERR,ERR,ERR,ERR,ERR,ERR,ERR,ERR,ERR,ERR,ERR,ERR,ERR,ERR,ERR,ERR,ERR,ERR,ERR,ERR,ERR,ERR,ERR,ERR,ERR,ERR,ERR,ERR,ERR,ERR,ERR,ERR,ERR,ERR,-107615880.0,0.0,2.718405881574089e+23,0.0,-0.0,-0.0,-5.381221165739842e+35,0.0,4300,0,8,17163,4300,0.0,41,0.0,0.0,0.0,0.0,-4.925046184806267e+32,0,0,0,0,0.0,0,0,0,0,0,0,0,0,0,0,0,0,0,0,0,0,0,0,0,0,0,0,0,0,0,0,0,0,0,0,0,0,0,12,34,34,46,65476,378,65476,1,0,4,21553,0.0,0.0,0.0,0.0,0.0,0.0,0.0,0.0,0.0,0.0,0.0,0.0,0.0,0.0,0.0,0.0,0.0,0.0,0.0,0.0,0.0,2.004,0.0,-2.004,-0.0,0.0,0.0,0.0,0.0,0.0,6649.0,0.0,0.0,-107615880.0,0.0,0.0,-107616256.0,0.0,0.0,2.004,2.004,222,2.7184172306451498e+23,-0.0,0.0,0.0,0.0,0.0,0.0,0.0,0.0,0,0,0,-4.595456522426778e+16,-5.137690129355613e+21,1.122903916441169e+36,-0.0,1.985822990064877e+26,-0.0,0.0,0.0,0.0,-6.508329515540001e+24,-0.007,23256451072.0,0.0,0.0,0.0,-1.6169379295264558e+20,0,1.3516416376850534e+27,222,0.0,444,-0.0,0.0,2114,0,17110,13107,17112,0,17096,0,0,0,101,100,100,0.0,64.5,0.0,65.4,-107615240.0,64.5,1,49,50,180,52429,0,0,0,0.0,0.0,0.0,60.0,0.0,71.0,0.0,0.0,0.0,1069,0,1070,0,0,0,1070,0,1080,0,1000,0,649,0,650,0,646,0,675,0.032,1.0625324586456702e+22,-2.004,0.0,53008,16813,0.0,0.0,-0.0,1.7870611239753996e+21,-1.5982940850602276e+35,-0.001,50.0,60.0,35,0.0,0.0,10.0,2.0,0.0,0.0,0.0,0.0,0.0,0.0,0.0,0.0,0.0,0.0,0.0,0.0,59.2,49,14,65514,26,65476,0,300,0,0,8,20529,65476,0,0,30147,60.0,0.0,10.0,10.0,2.0,0.0
2026-02-16T12:23:10,ERR,ERR,ERR,ERR,ERR,ERR,ERR,ERR,ERR,ERR,ERR,ERR,ERR,ERR,ERR,ERR,ERR,ERR,ERR,ERR,ERR,ERR,ERR,ERR,ERR,ERR,ERR,ERR,ERR,ERR,ERR,ERR,ERR,ERR,ERR,ERR,ERR,ERR,ERR,ERR,ERR,ERR,ERR,ERR,ERR,ERR,ERR,ERR,ERR,ERR,ERR,ERR,ERR,ERR,ERR,ERR,ERR,ERR,ERR,ERR,ERR,ERR,ERR,ERR,ERR,ERR,ERR,ERR,ERR,ERR,ERR,ERR,ERR,ERR,ERR,ERR,ERR,ERR,ERR,ERR,ERR,ERR,ERR,ERR,ERR,ERR,ERR,ERR,ERR,ERR,ERR,ERR,ERR,ERR,ERR,ERR,ERR,ERR,ERR,ERR,ERR,ERR,ERR,ERR,ERR,ERR,ERR,ERR,ERR,ERR,ERR,ERR,ERR,ERR,ERR,ERR,ERR,ERR,ERR,ERR,ERR,ERR,ERR,ERR,ERR,-107615880.0,0.0,2.718405881574089e+23,0.0,-0.0,-0.0,-5.381221165739842e+35,0.0,4300,0,8,17163,4300,0.0,41,0.0,0.0,0.0,0.0,-4.925046184806267e+32,0,0,0,0,0.0,0,0,0,0,0,0,0,0,0,0,0,0,0,0,0,0,0,0,0,0,0,0,0,0,0,0,0,0,0,0,0,0,0,12,34,34,46,65476,378,65476,1,0,4,21553,0.0,0.0,0.0,0.0,0.0,0.0,0.0,0.0,0.0,0.0,0.0,0.0,0.0,0.0,0.0,0.0,0.0,0.0,0.0,0.0,0.0,2.004,0.0,-2.004,-0.0,0.0,0.0,0.0,0.0,0.0,6649.0,0.0,0.0,-107615880.0,0.0,0.0,-107616256.0,0.0,0.0,2.004,2.004,222,2.7184172306451498e+23,-0.0,0.0,0.0,0.0,0.0,0.0,0.0,0.0,0,0,0,-4.595456522426778e+16,-5.137690129355613e+21,1.122903916441169e+36,-0.0,1.985822990064877e+26,-0.0,0.0,0.0,0.0,-6.508329515540001e+24,-0.007,23256451072.0,0.0,0.0,0.0,-1.6169379295264558e+20,0,1.3516416376850534e+27,222,0.0,444,-0.0,0.0,2114,0,17110,13107,17112,0,17096,0,0,0,101,100,100,0.0,64.5,0.0,65.4,-107615240.0,64.5,1,49,50,180,52429,0,0,0,0.0,0.0,0.0,60.0,0.0,71.0,0.0,0.0,0.0,1069,0,1070,0,0,0,1070,0,1080,0,1000,0,649,0,650,0,646,0,675,0.032,1.0625324586456702e+22,-2.004,0.0,53008,16813,0.0,0.0,-0.0,1.7870611239753996e+21,-1.5982940850602276e+35,-0.001,50.0,60.0,35,0.0,0.0,10.0,2.0,0.0,0.0,0.0,0.0,0.0,0.0,0.0,0.0,0.0,0.0,0.0,0.0,58.8,49,14,65514,26,65476,0,300,0,0,8,20529,65476,0,0,30147,60.0,0.0,10.0,10.0,2.0,0.0
2026-02-16T12:23:11,ERR,ERR,ERR,ERR,ERR,ERR,ERR,ERR,ERR,ERR,ERR,ERR,ERR,ERR,ERR,ERR,ERR,ERR,ERR,ERR,ERR,ERR,ERR,ERR,ERR,ERR,ERR,ERR,ERR,ERR,ERR,ERR,ERR,ERR,ERR,ERR,ERR,ERR,ERR,ERR,ERR,ERR,ERR,ERR,ERR,ERR,ERR,ERR,ERR,ERR,ERR,ERR,ERR,ERR,ERR,ERR,ERR,ERR,ERR,ERR,ERR,ERR,ERR,ERR,ERR,ERR,ERR,ERR,ERR,ERR,ERR,ERR,ERR,ERR,ERR,ERR,ERR,ERR,ERR,ERR,ERR,ERR,ERR,ERR,ERR,ERR,ERR,ERR,ERR,ERR,ERR,ERR,ERR,ERR,ERR,ERR,ERR,ERR,ERR,ERR,ERR,ERR,ERR,ERR,ERR,ERR,ERR,ERR,ERR,ERR,ERR,ERR,ERR,ERR,ERR,ERR,ERR,ERR,ERR,ERR,ERR,ERR,ERR,ERR,ERR,-107615880.0,0.0,2.718405881574089e+23,0.0,-0.0,-0.0,-5.381221165739842e+35,0.0,4300,0,8,17163,4300,0.0,41,0.0,0.0,0.0,0.0,-4.925046184806267e+32,0,0,0,0,0.0,0,0,0,0,0,0,0,0,0,0,0,0,0,0,0,0,0,0,0,0,0,0,0,0,0,0,0,0,0,0,0,0,0,12,34,34,46,65476,378,65476,1,0,4,21553,0.0,0.0,0.0,0.0,0.0,0.0,0.0,0.0,0.0,0.0,0.0,0.0,0.0,0.0,0.0,0.0,0.0,0.0,0.0,0.0,0.0,2.004,0.0,-2.004,-0.0,0.0,0.0,0.0,0.0,0.0,6649.0,0.0,0.0,-107615880.0,0.0,0.0,-107616256.0,0.0,0.0,2.004,2.004,222,2.7184172306451498e+23,-0.0,0.0,0.0,0.0,0.0,0.0,0.0,0.0,0,0,0,-4.595456522426778e+16,-5.137690129355613e+21,1.122903916441169e+36,-0.0,1.985822990064877e+26,-0.0,0.0,0.0,0.0,-6.508329515540001e+24,-0.007,23256451072.0,0.0,0.0,0.0,-1.6169379295264558e+20,0,1.3516416376850534e+27,222,0.0,444,-0.0,0.0,2114,0,17110,13107,17112,0,17096,0,0,0,101,100,100,0.0,64.5,0.0,65.4,-107615240.0,64.5,1,49,50,180,52429,0,0,0,0.0,0.0,0.0,60.0,0.0,71.0,0.0,0.0,0.0,1069,0,1070,0,0,0,1070,0,1080,0,1000,0,649,0,650,0,646,0,675,0.032,1.0625324586456702e+22,-2.004,0.0,53008,16813,0.0,0.0,-0.0,1.7870611239753996e+21,-1.5982940850602276e+35,-0.001,50.0,60.0,35,0.0,0.0,10.0,2.0,0.0,0.0,0.0,0.0,0.0,0.0,0.0,0.0,0.0,0.0,0.0,0.0,58.8,49,14,65514,26,65476,0,300,0,0,8,20529,65476,0,0,30147,60.0,0.0,10.0,10.0,2.0,0.0
2026-02-16T12:23:12,ERR,ERR,ERR,ERR,ERR,ERR,ERR,ERR,ERR,ERR,ERR,ERR,ERR,ERR,ERR,ERR,ERR,ERR,ERR,ERR,ERR,ERR,ERR,ERR,ERR,ERR,ERR,ERR,ERR,ERR,ERR,ERR,ERR,ERR,ERR,ERR,ERR,ERR,ERR,ERR,ERR,ERR,ERR,ERR,ERR,ERR,ERR,ERR,ERR,ERR,ERR,ERR,ERR,ERR,ERR,ERR,ERR,ERR,ERR,ERR,ERR,ERR,ERR,ERR,ERR,ERR,ERR,ERR,ERR,ERR,ERR,ERR,ERR,ERR,ERR,ERR,ERR,ERR,ERR,ERR,ERR,ERR,ERR,ERR,ERR,ERR,ERR,ERR,ERR,ERR,ERR,ERR,ERR,ERR,ERR,ERR,ERR,ERR,ERR,ERR,ERR,ERR,ERR,ERR,ERR,ERR,ERR,ERR,ERR,ERR,ERR,ERR,ERR,ERR,ERR,ERR,ERR,ERR,ERR,ERR,ERR,ERR,ERR,ERR,ERR,-107615880.0,0.0,2.718405881574089e+23,0.0,-0.0,1.6112884444744613e+28,-0.0,30.781,4300,0,8,17163,4300,0.0,41,0.0,0.0,0.0,0.0,-4.925046184806267e+32,0,0,0,0,0.0,0,0,0,0,0,0,0,0,0,0,0,0,0,0,0,0,0,0,0,0,0,0,0,0,0,0,0,0,0,0,0,0,0,12,34,34,46,65476,378,65476,1,0,4,21553,0.0,2.7183305813883192e+23,0.0,0.0,0.0,0.0,0.0,0.0,0.0,0.0,0.0,0.0,0.0,0.0,0.0,0.0,0.0,0.0,0.0,0.0,0.0,2.004,0.0,-2.004,-0.0,0.0,0.0,0.0,0.0,0.0,6650.0,0.0,0.0,-107615880.0,0.0,0.0,-107616256.0,0.0,0.0,2.004,2.004,224,4.066853280225235e+29,-0.0,0.0,0.0,0.0,0.0,0.0,0.0,0.0,0,0,0,-11092847.0,6.858364224096605e+32,9.106105508317452e+22,-0.0,47852224512.0,0.0,19.409,0.0,1.0610354306916686e+30,-6.961676697895487e+24,-0.007,24867063808.0,0.0,0.0,0.0,-554697039544320.0,0,1.3516416376850534e+27,224,0.0,448,-0.0,0.0,2114,0,17110,13107,17112,0,17096,0,0,0,101,100,100,0.0,64.5,0.0,65.4,-107615240.0,64.5,1,49,50,180,52429,0,0,0,0.0,0.0,0.0,60.0,0.0,71.0,0.0,-7184557.0,0.0,1069,0,1070,0,0,0,1070,0,1080,0,1000,0,649,0,650,0,646,0,674,0.032,1.4609821306377965e+22,-2.004,0.0,59024,16813,0.0,-7184557.0,-0.0,2.444350617675443e+25,-2.2539455926627856e+33,-0.0,50.0,60.0,35,0.0,0.0,10.0,2.0,0.0,0.0,0.0,0.0,0.0,0.0,0.0,0.0,0.0,0.0,0.0,0.0,58.8,49,14,65514,26,65476,0,300,0,0,8,20529,65476,0,0,30147,60.0,0.0,10.0,10.0,2.0,0.0
2026-02-16T12:23:13,ERR,ERR,ERR,ERR,ERR,ERR,ERR,ERR,ERR,ERR,ERR,ERR,ERR,ERR,ERR,ERR,ERR,ERR,ERR,ERR,ERR,ERR,ERR,ERR,ERR,ERR,ERR,ERR,ERR,ERR,ERR,ERR,ERR,ERR,ERR,ERR,ERR,ERR,ERR,ERR,ERR,ERR,ERR,ERR,ERR,ERR,ERR,ERR,ERR,ERR,ERR,ERR,ERR,ERR,ERR,ERR,ERR,ERR,ERR,ERR,ERR,ERR,ERR,ERR,ERR,ERR,ERR,ERR,ERR,ERR,ERR,ERR,ERR,ERR,ERR,ERR,ERR,ERR,ERR,ERR,ERR,ERR,ERR,ERR,ERR,ERR,ERR,ERR,ERR,ERR,ERR,ERR,ERR,ERR,ERR,ERR,ERR,ERR,ERR,ERR,ERR,ERR,ERR,ERR,ERR,ERR,ERR,ERR,ERR,ERR,ERR,ERR,ERR,ERR,ERR,ERR,ERR,ERR,ERR,ERR,ERR,ERR,ERR,ERR,ERR,-107615880.0,0.0,2.718405881574089e+23,0.0,-0.0,1.6112884444744613e+28,-0.0,30.781,4300,0,8,17163,4300,0.0,41,0.0,0.0,0.0,0.0,-4.925046184806267e+32,0,0,0,0,0.0,0,0,0,0,0,0,0,0,0,0,0,0,0,0,0,0,0,0,0,0,0,0,0,0,0,0,0,0,0,0,0,0,0,12,34,34,46,65476,378,65476,1,0,4,21553,0.0,2.7183305813883192e+23,0.0,0.0,0.0,0.0,0.0,0.0,0.0,0.0,0.0,0.0,0.0,0.0,0.0,0.0,0.0,0.0,0.0,0.0,0.0,2.004,0.0,-2.004,-0.0,0.0,0.0,0.0,0.0,0.0,6650.0,0.0,0.0,-107615880.0,0.0,0.0,-107616256.0,0.0,0.0,2.004,2.004,224,4.066853280225235e+29,-0.0,0.0,0.0,0.0,0.0,0.0,0.0,0.0,0,0,0,-11092847.0,6.858364224096605e+32,9.106105508317452e+22,-0.0,47852224512.0,0.0,19.409,0.0,1.0610354306916686e+30,-6.961676697895487e+24,-0.007,24867063808.0,0.0,0.0,0.0,-554697039544320.0,0,1.3516416376850534e+27,224,0.0,448,-0.0,0.0,2114,0,17110,13107,17112,0,17096,0,0,0,101,100,100,0.0,64.5,0.0,65.4,-107615240.0,64.5,1,49,50,180,52429,0,0,0,0.0,0.0,0.0,60.0,0.0,71.0,0.0,-7184557.0,0.0,1069,0,1070,0,0,0,1070,0,1080,0,1000,0,649,0,650,0,646,0,674,0.032,1.4609821306377965e+22,-2.004,0.0,59024,16813,0.0,-7184557.0,-0.0,2.444350617675443e+25,-2.2539455926627856e+33,-0.0,50.0,60.0,35,0.0,0.0,10.0,2.0,0.0,0.0,0.0,0.0,0.0,0.0,0.0,0.0,0.0,0.0,0.0,0.0,59.2,49,14,65514,26,65476,0,300,0,0,8,20529,65476,0,0,30147,60.0,0.0,10.0,10.0,2.0,0.0
2026-02-16T12:23:14,ERR,ERR,ERR,ERR,ERR,ERR,ERR,ERR,ERR,ERR,ERR,ERR,ERR,ERR,ERR,ERR,ERR,ERR,ERR,ERR,ERR,ERR,ERR,ERR,ERR,ERR,ERR,ERR,ERR,ERR,ERR,ERR,ERR,ERR,ERR,ERR,ERR,ERR,ERR,ERR,ERR,ERR,ERR,ERR,ERR,ERR,ERR,ERR,ERR,ERR,ERR,ERR,ERR,ERR,ERR,ERR,ERR,ERR,ERR,ERR,ERR,ERR,ERR,ERR,ERR,ERR,ERR,ERR,ERR,ERR,ERR,ERR,ERR,ERR,ERR,ERR,ERR,ERR,ERR,ERR,ERR,ERR,ERR,ERR,ERR,ERR,ERR,ERR,ERR,ERR,ERR,ERR,ERR,ERR,ERR,ERR,ERR,ERR,ERR,ERR,ERR,ERR,ERR,ERR,ERR,ERR,ERR,ERR,ERR,ERR,ERR,ERR,ERR,ERR,ERR,ERR,ERR,ERR,ERR,ERR,ERR,ERR,ERR,ERR,ERR,-107615880.0,0.0,2.718405881574089e+23,0.0,-0.0,1.6112884444744613e+28,-0.0,30.781,4300,0,8,17163,4300,0.0,41,0.0,0.0,0.0,0.0,-4.925046184806267e+32,0,0,0,0,0.0,0,0,0,0,0,0,0,0,0,0,0,0,0,0,0,0,0,0,0,0,0,0,0,0,0,0,0,0,0,0,0,0,0,12,34,34,46,65476,378,65476,1,0,4,21553,0.0,2.7183305813883192e+23,0.0,0.0,0.0,0.0,0.0,0.0,0.0,0.0,0.0,0.0,0.0,0.0,0.0,0.0,0.0,0.0,0.0,0.0,0.0,2.004,0.0,-2.004,-0.0,0.0,0.0,0.0,0.0,0.0,6650.0,0.0,0.0,-107615880.0,0.0,0.0,-107616256.0,0.0,0.0,2.004,2.004,224,4.066853280225235e+29,-0.0,0.0,0.0,0.0,0.0,0.0,0.0,0.0,0,0,0,-11092847.0,6.858364224096605e+32,9.106105508317452e+22,-0.0,47852224512.0,0.0,19.409,0.0,1.0610354306916686e+30,-6.961676697895487e+24,-0.007,24867063808.0,0.0,0.0,0.0,-554697039544320.0,0,1.3516416376850534e+27,224,0.0,448,-0.0,0.0,2114,0,17110,13107,17112,0,17096,0,0,0,101,100,100,0.0,64.5,0.0,65.4,-107615240.0,64.5,1,49,50,180,52429,0,0,0,0.0,0.0,0.0,60.0,0.0,71.0,0.0,-7184557.0,0.0,1069,0,1070,0,0,0,1070,0,1080,0,1000,0,649,0,650,0,646,0,674,0.032,1.4609821306377965e+22,-2.004,0.0,59024,16813,0.0,-7184557.0,-0.0,2.444350617675443e+25,-2.2539455926627856e+33,-0.0,50.0,60.0,35,0.0,0.0,10.0,2.0,0.0,0.0,0.0,0.0,0.0,0.0,0.0,0.0,0.0,0.0,0.0,0.0,59.2,49,14,65514,26,65476,0,300,0,0,8,20529,65476,0,0,30147,60.0,0.0,10.0,10.0,2.0,0.0
2026-02-16T12:23:15,ERR,ERR,ERR,ERR,ERR,ERR,ERR,ERR,ERR,ERR,ERR,ERR,ERR,ERR,ERR,ERR,ERR,ERR,ERR,ERR,ERR,ERR,ERR,ERR,ERR,ERR,ERR,ERR,ERR,ERR,ERR,ERR,ERR,ERR,ERR,ERR,ERR,ERR,ERR,ERR,ERR,ERR,ERR,ERR,ERR,ERR,ERR,ERR,ERR,ERR,ERR,ERR,ERR,ERR,ERR,ERR,ERR,ERR,ERR,ERR,ERR,ERR,ERR,ERR,ERR,ERR,ERR,ERR,ERR,ERR,ERR,ERR,ERR,ERR,ERR,ERR,ERR,ERR,ERR,ERR,ERR,ERR,ERR,ERR,ERR,ERR,ERR,ERR,ERR,ERR,ERR,ERR,ERR,ERR,ERR,ERR,ERR,ERR,ERR,ERR,ERR,ERR,ERR,ERR,ERR,ERR,ERR,ERR,ERR,ERR,ERR,ERR,ERR,ERR,ERR,ERR,ERR,ERR,ERR,ERR,ERR,ERR,ERR,ERR,ERR,-107615880.0,0.0,2.718405881574089e+23,0.0,-0.0,1.6112884444744613e+28,-0.0,30.781,4300,0,8,17163,4300,0.0,41,0.0,0.0,0.0,0.0,-4.925046184806267e+32,0,0,0,0,0.0,0,0,0,0,0,0,0,0,0,0,0,0,0,0,0,0,0,0,0,0,0,0,0,0,0,0,0,0,0,0,0,0,0,12,34,34,46,65476,378,65476,1,0,4,21553,0.0,2.7183305813883192e+23,0.0,0.0,0.0,0.0,0.0,0.0,0.0,0.0,0.0,0.0,0.0,0.0,0.0,0.0,0.0,0.0,0.0,0.0,0.0,2.004,0.0,-2.004,-0.0,0.0,0.0,0.0,0.0,0.0,6650.0,0.0,0.0,-107615880.0,0.0,0.0,-107616256.0,0.0,0.0,2.004,2.004,224,4.066853280225235e+29,-0.0,0.0,0.0,0.0,0.0,0.0,0.0,0.0,0,0,0,-11092847.0,6.858364224096605e+32,9.106105508317452e+22,-0.0,47852224512.0,0.0,19.409,0.0,1.0610354306916686e+30,-6.961676697895487e+24,-0.007,24867063808.0,0.0,0.0,0.0,-554697039544320.0,0,1.3516416376850534e+27,224,0.0,448,-0.0,0.0,2114,0,17110,13107,17112,0,17096,0,0,0,101,100,100,0.0,64.5,0.0,65.4,-107615240.0,64.5,1,49,50,180,52429,0,0,0,0.0,0.0,0.0,60.0,0.0,71.0,0.0,-0.0,0.0,1070,0,1070,0,0,0,1070,0,1081,0,1000,0,649,0,650,0,646,0,674,0.032,1.4609821306377965e+22,-0.0,-107615280.0,62352,16813,0.327,-0.0,-989.002,0.0,0.0,-10150226944.0,50.0,60.0,35,0.0,0.0,10.0,2.0,0.0,0.0,0.0,0.0,0.0,0.0,0.0,0.0,0.0,0.0,0.0,0.0,58.8,49,14,65514,26,65476,0,300,0,0,8,20529,65476,0,0,30147,60.0,0.0,10.0,10.0,2.0,0.0
2026-02-16T12:23:16,ERR,ERR,ERR,ERR,ERR,ERR,ERR,ERR,ERR,ERR,ERR,ERR,ERR,ERR,ERR,ERR,ERR,ERR,ERR,ERR,ERR,ERR,ERR,ERR,ERR,ERR,ERR,ERR,ERR,ERR,ERR,ERR,ERR,ERR,ERR,ERR,ERR,ERR,ERR,ERR,ERR,ERR,ERR,ERR,ERR,ERR,ERR,ERR,ERR,ERR,ERR,ERR,ERR,ERR,ERR,ERR,ERR,ERR,ERR,ERR,ERR,ERR,ERR,ERR,ERR,ERR,ERR,ERR,ERR,ERR,ERR,ERR,ERR,ERR,ERR,ERR,ERR,ERR,ERR,ERR,ERR,ERR,ERR,ERR,ERR,ERR,ERR,ERR,ERR,ERR,ERR,ERR,ERR,ERR,ERR,ERR,ERR,ERR,ERR,ERR,ERR,ERR,ERR,ERR,ERR,ERR,ERR,ERR,ERR,ERR,ERR,ERR,ERR,ERR,ERR,ERR,ERR,ERR,ERR,ERR,ERR,ERR,ERR,ERR,ERR,-107615880.0,0.0,2.718405881574089e+23,0.0,-0.0,1.6112884444744613e+28,-0.0,30.781,4300,0,8,17163,4300,0.0,41,0.0,0.0,0.0,0.0,-4.925046184806267e+32,0,0,0,0,0.0,0,0,0,0,0,0,0,0,0,0,0,0,0,0,0,0,0,0,0,0,0,0,0,0,0,0,0,0,0,0,0,0,0,12,34,34,46,65476,378,65476,1,0,4,21553,0.0,2.7183305813883192e+23,0.0,0.0,0.0,0.0,0.0,0.0,0.0,0.0,0.0,0.0,0.0,0.0,0.0,0.0,0.0,0.0,0.0,0.0,0.0,2.004,0.0,-2.004,-0.0,0.0,0.0,0.0,0.0,0.0,6650.0,0.0,0.0,-107615880.0,0.0,0.0,-107616256.0,0.0,0.0,2.004,2.004,224,4.066853280225235e+29,-0.0,0.0,0.0,0.0,0.0,0.0,0.0,0.0,0,0,0,-11092847.0,6.858364224096605e+32,9.106105508317452e+22,-0.0,47852224512.0,0.0,19.409,0.0,1.0610354306916686e+30,-6.961676697895487e+24,-0.007,24867063808.0,0.0,0.0,0.0,-554697039544320.0,0,1.3516416376850534e+27,224,0.0,448,-0.0,0.0,2114,0,17110,13107,17112,0,17096,0,0,0,101,100,100,0.0,64.5,0.0,65.4,-107615240.0,64.5,1,49,50,180,52429,0,0,0,0.0,0.0,0.0,60.0,0.0,71.0,0.0,-0.0,0.0,1070,0,1070,0,0,0,1070,0,1081,0,1000,0,649,0,650,0,646,0,674,0.032,1.4609821306377965e+22,-0.0,-107615280.0,62352,16813,0.327,-0.0,-989.002,0.0,0.0,-10150226944.0,50.0,60.0,35,0.0,0.0,10.0,2.0,0.0,0.0,0.0,0.0,0.0,0.0,0.0,0.0,0.0,0.0,0.0,0.0,59.2,49,14,65514,26,65476,0,300,0,0,8,20529,65476,0,0,30147,60.0,0.0,10.0,10.0,2.0,0.0
2026-02-16T12:23:17,ERR,ERR,ERR,ERR,ERR,ERR,ERR,ERR,ERR,ERR,ERR,ERR,ERR,ERR,ERR,ERR,ERR,ERR,ERR,ERR,ERR,ERR,ERR,ERR,ERR,ERR,ERR,ERR,ERR,ERR,ERR,ERR,ERR,ERR,ERR,ERR,ERR,ERR,ERR,ERR,ERR,ERR,ERR,ERR,ERR,ERR,ERR,ERR,ERR,ERR,ERR,ERR,ERR,ERR,ERR,ERR,ERR,ERR,ERR,ERR,ERR,ERR,ERR,ERR,ERR,ERR,ERR,ERR,ERR,ERR,ERR,ERR,ERR,ERR,ERR,ERR,ERR,ERR,ERR,ERR,ERR,ERR,ERR,ERR,ERR,ERR,ERR,ERR,ERR,ERR,ERR,ERR,ERR,ERR,ERR,ERR,ERR,ERR,ERR,ERR,ERR,ERR,ERR,ERR,ERR,ERR,ERR,ERR,ERR,ERR,ERR,ERR,ERR,ERR,ERR,ERR,ERR,ERR,ERR,ERR,ERR,ERR,ERR,ERR,ERR,0.0,-2.7184523587222433e+23,-0.0,2.7183363459958422e+23,0.0,-0.0,-893.108,-148709266423808.0,4300,0,8,17162,4300,0.0,41,0.0,0.0,2.7183363459958422e+23,0.0,-0.0,0,0,0,0,0.0,0,0,0,0,0,0,0,0,0,0,0,0,0,0,0,0,0,0,0,0,0,0,0,0,0,0,0,0,0,0,0,0,0,12,34,34,46,65476,381,65476,1,0,4,21553,0.0,-0.0,0.0,0.0,0.0,0.0,0.0,0.0,0.0,0.0,0.0,0.0,0.0,0.0,0.0,0.0,0.0,0.0,0.0,0.0,0.0,2.004,0.0,-0.0,-0.0,0.0,0.0,0.0,0.0,0.0,6654.0,0.0,0.0,0.0,-2.7184523587222433e+23,0.0,-2.7184505572823923e+23,0.0,0.0,2.004,2.004,224,-0.0,-0.0,0.0,0.0,0.0,0.0,0.0,0.0,0.0,0,0,0,-242957.734,7.684457485360177e+25,1.0050578804891381e+23,-1.041106412470218e+32,5197371801600.0,5.724236009306199e+37,0.0,-4.125150046684457e+37,483889.969,-7.415023880250973e+24,-0.007,26477676544.0,0.0,0.0,0.0,0.0,0,1.3516416376850534e+27,224,0.0,448,0.0,0.0,2114,0,17110,13107,17112,0,17096,0,0,0,101,100,100,0.0,64.5,0.0,65.4,-107615240.0,64.5,1,49,50,180,52429,0,0,0,0.0,0.0,0.0,60.0,0.0,71.0,0.0,-0.0,0.0,1070,0,1070,0,0,0,1070,0,1081,0,1000,0,649,0,650,0,646,0,674,0.032,1.4609821306377965e+22,-0.0,-107615280.0,62352,16813,0.327,-0.0,-989.002,0.0,0.0,-10150226944.0,50.0,60.0,35,0.0,0.0,10.0,2.0,0.0,0.0,0.0,0.0,0.0,0.0,0.0,0.0,0.0,0.0,0.0,0.0,59.2,49,14,65514,26,65476,0,300,0,0,8,20529,65476,0,0,30147,60.0,0.0,10.0,10.0,2.0,0.0
2026-02-16T12:23:18,ERR,ERR,ERR,ERR,ERR,ERR,ERR,ERR,ERR,ERR,ERR,ERR,ERR,ERR,ERR,ERR,ERR,ERR,ERR,ERR,ERR,ERR,ERR,ERR,ERR,ERR,ERR,ERR,ERR,ERR,ERR,ERR,ERR,ERR,ERR,ERR,ERR,ERR,ERR,ERR,ERR,ERR,ERR,ERR,ERR,ERR,ERR,ERR,ERR,ERR,ERR,ERR,ERR,ERR,ERR,ERR,ERR,ERR,ERR,ERR,ERR,ERR,ERR,ERR,ERR,ERR,ERR,ERR,ERR,ERR,ERR,ERR,ERR,ERR,ERR,ERR,ERR,ERR,ERR,ERR,ERR,ERR,ERR,ERR,ERR,ERR,ERR,ERR,ERR,ERR,ERR,ERR,ERR,ERR,ERR,ERR,ERR,ERR,ERR,ERR,ERR,ERR,ERR,ERR,ERR,ERR,ERR,ERR,ERR,ERR,ERR,ERR,ERR,ERR,ERR,ERR,ERR,ERR,ERR,ERR,ERR,ERR,ERR,ERR,ERR,0.0,-2.7184523587222433e+23,-0.0,2.7183363459958422e+23,0.0,-0.0,-893.108,-148709266423808.0,4300,0,8,17162,4300,0.0,41,0.0,0.0,2.7183363459958422e+23,0.0,-0.0,0,0,0,0,0.0,0,0,0,0,0,0,0,0,0,0,0,0,0,0,0,0,0,0,0,0,0,0,0,0,0,0,0,0,0,0,0,0,0,12,34,34,46,65476,381,65476,1,0,4,21553,0.0,-0.0,0.0,0.0,0.0,0.0,0.0,0.0,0.0,0.0,0.0,0.0,0.0,0.0,0.0,0.0,0.0,0.0,0.0,0.0,0.0,2.004,0.0,-0.0,-0.0,0.0,0.0,0.0,0.0,0.0,6654.0,0.0,0.0,0.0,-2.7184523587222433e+23,0.0,-2.7184505572823923e+23,0.0,0.0,2.004,2.004,224,-0.0,-0.0,0.0,0.0,0.0,0.0,0.0,0.0,0.0,0,0,0,-242957.734,7.684457485360177e+25,1.0050578804891381e+23,-1.041106412470218e+32,5197371801600.0,5.724236009306199e+37,0.0,-4.125150046684457e+37,483889.969,-7.415023880250973e+24,-0.007,26477676544.0,0.0,0.0,0.0,0.0,0,1.3516416376850534e+27,224,0.0,448,0.0,0.0,2114,0,17110,13107,17112,0,17096,0,0,0,101,100,100,0.0,64.5,0.0,65.4,-107615240.0,64.5,1,49,50,180,52429,0,0,0,0.0,0.0,0.0,60.0,0.0,71.0,0.0,-0.0,0.0,1070,0,1070,0,0,0,1070,0,1081,0,1000,0,649,0,650,0,646,0,674,0.032,1.4609821306377965e+22,-0.0,-107615280.0,62352,16813,0.327,-0.0,-989.002,0.0,0.0,-10150226944.0,50.0,60.0,35,0.0,0.0,10.0,2.0,0.0,0.0,0.0,0.0,0.0,0.0,0.0,0.0,0.0,0.0,0.0,0.0,58.8,49,14,65514,26,65476,0,300,0,0,8,20529,65476,0,0,30147,60.0,0.0,10.0,10.0,2.0,0.0
2026-02-16T12:23:19,ERR,ERR,ERR,ERR,ERR,ERR,ERR,ERR,ERR,ERR,ERR,ERR,ERR,ERR,ERR,ERR,ERR,ERR,ERR,ERR,ERR,ERR,ERR,ERR,ERR,ERR,ERR,ERR,ERR,ERR,ERR,ERR,ERR,ERR,ERR,ERR,ERR,ERR,ERR,ERR,ERR,ERR,ERR,ERR,ERR,ERR,ERR,ERR,ERR,ERR,ERR,ERR,ERR,ERR,ERR,ERR,ERR,ERR,ERR,ERR,ERR,ERR,ERR,ERR,ERR,ERR,ERR,ERR,ERR,ERR,ERR,ERR,ERR,ERR,ERR,ERR,ERR,ERR,ERR,ERR,ERR,ERR,ERR,ERR,ERR,ERR,ERR,ERR,ERR,ERR,ERR,ERR,ERR,ERR,ERR,ERR,ERR,ERR,ERR,ERR,ERR,ERR,ERR,ERR,ERR,ERR,ERR,ERR,ERR,ERR,ERR,ERR,ERR,ERR,ERR,ERR,ERR,ERR,ERR,ERR,ERR,ERR,ERR,ERR,ERR,0.0,-2.7184523587222433e+23,-0.0,2.7183363459958422e+23,0.0,-0.0,-893.108,-148709266423808.0,4300,0,8,17162,4300,0.0,41,0.0,0.0,2.7183363459958422e+23,0.0,-0.0,0,0,0,0,0.0,0,0,0,0,0,0,0,0,0,0,0,0,0,0,0,0,0,0,0,0,0,0,0,0,0,0,0,0,0,0,0,0,0,12,34,34,46,65476,381,65476,1,0,4,21553,0.0,-0.0,0.0,0.0,0.0,0.0,0.0,0.0,0.0,0.0,0.0,0.0,0.0,0.0,0.0,0.0,0.0,0.0,0.0,0.0,0.0,2.004,0.0,-0.0,-0.0,0.0,0.0,0.0,0.0,0.0,6654.0,0.0,0.0,0.0,-2.7184523587222433e+23,0.0,-2.7184505572823923e+23,0.0,0.0,2.004,2.004,224,-0.0,-0.0,0.0,0.0,0.0,0.0,0.0,0.0,0.0,0,0,0,-242957.734,7.684457485360177e+25,1.0050578804891381e+23,-1.041106412470218e+32,5197371801600.0,5.724236009306199e+37,0.0,-4.125150046684457e+37,483889.969,-7.415023880250973e+24,-0.007,26477676544.0,0.0,0.0,0.0,0.0,0,1.3516416376850534e+27,224,0.0,448,0.0,0.0,2114,0,17110,13107,17112,0,17096,0,0,0,101,100,100,0.0,64.5,0.0,65.4,-107615240.0,64.5,1,49,50,180,0,0,0,0,0.0,0.0,0.0,60.0,730899328.0,71.0,0.0,-7.751236193263862e+37,0.0,1070,0,1070,0,0,0,1070,0,1081,0,1000,0,649,0,650,0,646,0,674,0.032,1.3281655733070877e+22,-0.0,-107615280.0,5264,16814,496627023872.0,-7.751236193263862e+37,0.038,-4.44895610284759e+28,-0.0,0.0,50.0,60.0,35,0.0,0.0,10.0,2.0,0.0,0.0,0.0,0.0,0.0,0.0,0.0,0.0,0.0,0.0,0.0,0.0,58.8,49,14,65514,26,65476,0,300,0,0,8,20529,65476,0,0,30147,60.0,0.0,10.0,10.0,2.0,0.0
2026-02-16T12:23:20,ERR,ERR,ERR,ERR,ERR,ERR,ERR,ERR,ERR,ERR,ERR,ERR,ERR,ERR,ERR,ERR,ERR,ERR,ERR,ERR,ERR,ERR,ERR,ERR,ERR,ERR,ERR,ERR,ERR,ERR,ERR,ERR,ERR,ERR,ERR,ERR,ERR,ERR,ERR,ERR,ERR,ERR,ERR,ERR,ERR,ERR,ERR,ERR,ERR,ERR,ERR,ERR,ERR,ERR,ERR,ERR,ERR,ERR,ERR,ERR,ERR,ERR,ERR,ERR,ERR,ERR,ERR,ERR,ERR,ERR,ERR,ERR,ERR,ERR,ERR,ERR,ERR,ERR,ERR,ERR,ERR,ERR,ERR,ERR,ERR,ERR,ERR,ERR,ERR,ERR,ERR,ERR,ERR,ERR,ERR,ERR,ERR,ERR,ERR,ERR,ERR,ERR,ERR,ERR,ERR,ERR,ERR,ERR,ERR,ERR,ERR,ERR,ERR,ERR,ERR,ERR,ERR,ERR,ERR,ERR,ERR,ERR,ERR,ERR,ERR,0.0,-2.7184523587222433e+23,-0.0,2.7183363459958422e+23,0.0,-0.0,-893.108,-148709266423808.0,4300,0,8,17162,4300,0.0,41,0.0,0.0,2.7183363459958422e+23,0.0,-0.0,0,0,0,0,0.0,0,0,0,0,0,0,0,0,0,0,0,0,0,0,0,0,0,0,0,0,0,0,0,0,0,0,0,0,0,0,0,0,0,12,34,34,46,65476,381,65476,1,0,4,21553,0.0,-0.0,0.0,0.0,0.0,0.0,0.0,0.0,0.0,0.0,0.0,0.0,0.0,0.0,0.0,0.0,0.0,0.0,0.0,0.0,0.0,2.004,0.0,-0.0,-0.0,0.0,0.0,0.0,0.0,0.0,6654.0,0.0,0.0,0.0,-2.7184523587222433e+23,0.0,-2.7184505572823923e+23,0.0,0.0,2.004,2.004,224,-0.0,-0.0,0.0,0.0,0.0,0.0,0.0,0.0,0.0,0,0,0,-242957.734,7.684457485360177e+25,1.0050578804891381e+23,-1.041106412470218e+32,5197371801600.0,5.724236009306199e+37,0.0,-4.125150046684457e+37,483889.969,-7.415023880250973e+24,-0.007,26477676544.0,0.0,0.0,0.0,0.0,0,1.3516416376850534e+27,224,0.0,448,0.0,0.0,2114,0,17110,13107,17112,0,17096,0,0,0,101,100,100,0.0,64.5,0.0,65.4,-107615240.0,64.5,1,49,50,180,0,0,0,0,0.0,0.0,0.0,60.0,730899328.0,71.0,0.0,-7.751236193263862e+37,0.0,1070,0,1070,0,0,0,1070,0,1081,0,1000,0,649,0,650,0,646,0,674,0.032,1.3281655733070877e+22,-0.0,-107615280.0,5264,16814,496627023872.0,-7.751236193263862e+37,0.038,-4.44895610284759e+28,-0.0,0.0,50.0,60.0,35,0.0,0.0,10.0,2.0,0.0,0.0,0.0,0.0,0.0,0.0,0.0,0.0,0.0,0.0,0.0,0.0,58.8,49,14,65514,26,65476,0,300,0,0,8,20529,65476,0,0,30147,60.0,0.0,10.0,10.0,2.0,0.0
2026-02-16T12:23:21,ERR,ERR,ERR,ERR,ERR,ERR,ERR,ERR,ERR,ERR,ERR,ERR,ERR,ERR,ERR,ERR,ERR,ERR,ERR,ERR,ERR,ERR,ERR,ERR,ERR,ERR,ERR,ERR,ERR,ERR,ERR,ERR,ERR,ERR,ERR,ERR,ERR,ERR,ERR,ERR,ERR,ERR,ERR,ERR,ERR,ERR,ERR,ERR,ERR,ERR,ERR,ERR,ERR,ERR,ERR,ERR,ERR,ERR,ERR,ERR,ERR,ERR,ERR,ERR,ERR,ERR,ERR,ERR,ERR,ERR,ERR,ERR,ERR,ERR,ERR,ERR,ERR,ERR,ERR,ERR,ERR,ERR,ERR,ERR,ERR,ERR,ERR,ERR,ERR,ERR,ERR,ERR,ERR,ERR,ERR,ERR,ERR,ERR,ERR,ERR,ERR,ERR,ERR,ERR,ERR,ERR,ERR,ERR,ERR,ERR,ERR,ERR,ERR,ERR,ERR,ERR,ERR,ERR,ERR,ERR,ERR,ERR,ERR,ERR,ERR,0.0,-2.7184523587222433e+23,-0.0,2.7183363459958422e+23,0.0,-0.0,-893.108,-148709266423808.0,4300,0,8,17162,4300,0.0,41,0.0,0.0,2.7183363459958422e+23,0.0,-0.0,0,0,0,0,0.0,0,0,0,0,0,0,0,0,0,0,0,0,0,0,0,0,0,0,0,0,0,0,0,0,0,0,0,0,0,0,0,0,0,12,34,34,46,65476,381,65476,1,0,4,21553,0.0,-0.0,0.0,0.0,0.0,0.0,0.0,0.0,0.0,0.0,0.0,0.0,0.0,0.0,0.0,0.0,0.0,0.0,0.0,0.0,0.0,2.004,0.0,-0.0,-0.0,0.0,0.0,0.0,0.0,0.0,6654.0,0.0,0.0,0.0,-2.7184523587222433e+23,0.0,-2.7184505572823923e+23,0.0,0.0,2.004,2.004,224,-0.0,-0.0,0.0,0.0,0.0,0.0,0.0,0.0,0.0,0,0,0,-242957.734,7.684457485360177e+25,1.0050578804891381e+23,-1.041106412470218e+32,5197371801600.0,5.724236009306199e+37,0.0,-4.125150046684457e+37,483889.969,-7.415023880250973e+24,-0.007,26477676544.0,0.0,0.0,0.0,0.0,0,1.3516416376850534e+27,224,0.0,448,0.0,0.0,2114,0,17110,13107,17112,0,17096,0,0,0,101,100,100,0.0,64.5,0.0,65.4,-107615240.0,64.5,1,49,50,180,0,0,0,0,0.0,0.0,0.0,60.0,730899328.0,71.0,0.0,-7.751236193263862e+37,0.0,1070,0,1070,0,0,0,1070,0,1081,0,1000,0,649,0,650,0,646,0,674,0.032,1.3281655733070877e+22,-0.0,-107615280.0,5264,16814,496627023872.0,-7.751236193263862e+37,0.038,-4.44895610284759e+28,-0.0,0.0,50.0,60.0,35,0.0,0.0,10.0,2.0,0.0,0.0,0.0,0.0,0.0,0.0,0.0,0.0,0.0,0.0,0.0,0.0,59.2,49,14,65514,26,65476,0,300,0,0,8,20529,65476,0,0,30147,60.0,0.0,10.0,10.0,2.0,0.0
2026-02-16T12:23:22,ERR,ERR,ERR,ERR,ERR,ERR,ERR,ERR,ERR,ERR,ERR,ERR,ERR,ERR,ERR,ERR,ERR,ERR,ERR,ERR,ERR,ERR,ERR,ERR,ERR,ERR,ERR,ERR,ERR,ERR,ERR,ERR,ERR,ERR,ERR,ERR,ERR,ERR,ERR,ERR,ERR,ERR,ERR,ERR,ERR,ERR,ERR,ERR,ERR,ERR,ERR,ERR,ERR,ERR,ERR,ERR,ERR,ERR,ERR,ERR,ERR,ERR,ERR,ERR,ERR,ERR,ERR,ERR,ERR,ERR,ERR,ERR,ERR,ERR,ERR,ERR,ERR,ERR,ERR,ERR,ERR,ERR,ERR,ERR,ERR,ERR,ERR,ERR,ERR,ERR,ERR,ERR,ERR,ERR,ERR,ERR,ERR,ERR,ERR,ERR,ERR,ERR,ERR,ERR,ERR,ERR,ERR,ERR,ERR,ERR,ERR,ERR,ERR,ERR,ERR,ERR,ERR,ERR,ERR,ERR,ERR,ERR,ERR,ERR,ERR,0.0,-2.7184523587222433e+23,-0.0,0.0,-0.004,-1.0448590389229755e+20,4.0041885267730104e+18,-5.381182600812768e+32,4300,0,8,17162,4300,0.0,41,0.0,0.0,0.0,0.0,-0.0,0,0,0,0,0.0,0,0,0,0,0,0,0,0,0,0,0,0,0,0,0,0,0,0,0,0,0,0,0,0,0,0,0,0,0,0,0,0,0,13,34,34,47,65476,386,65476,1,0,4,21553,0.0,2.7183305813883192e+23,0.0,0.0,0.0,0.0,0.0,0.0,0.0,0.0,0.0,0.0,0.0,0.0,0.0,0.0,0.0,0.0,0.0,0.0,0.0,2.004,2.004,-0.0,-0.0,0.0,0.0,0.0,0.0,0.0,6619.0,-1.0406715705571685e+34,0.0,0.0,-2.7184523587222433e+23,0.0,-2.7184505572823923e+23,0.0,0.0,2.004,2.004,224,-0.0,4.950424729324142e+32,0.0,0.0,0.0,0.0,0.0,0.0,0.0,0,0,0,-629.054,-53020560.0,1.5693155789380676e+27,-0.0,5.678448032663103e+20,1938.06,-0.0,-0.0,0.0,-7.868371062606459e+24,-0.008,28088289280.0,0.0,0.0,0.0,-8813067370496.0,0,1.3516416376850534e+27,224,0.0,448,0.0,4.689388604382247e+24,2114,0,17110,0,17112,0,17096,0,0,0,101,100,100,0.0,64.5,0.0,65.4,-107615240.0,64.5,1,49,50,180,0,0,0,0,0.0,0.0,0.0,60.0,70511669280768.0,71.0,0.0,1.7142420505152717e+17,0.0,1070,0,1070,0,0,0,1070,0,1080,0,1000,0,649,0,650,0,646,0,674,0.032,1.4536034330083127e+22,-0.0,-107615280.0,59024,16813,70511669280768.0,1.7142420505152717e+17,-6496275.0,0.0,0.0,-1251245708804096.0,50.0,60.0,35,0.0,0.0,10.0,2.0,0.0,0.0,0.0,0.0,0.0,0.0,0.0,0.0,0.0,0.0,0.0,0.0,59.2,49,14,65514,26,65476,0,300,0,0,8,20529,65476,0,0,30147,60.0,0.0,10.0,10.0,2.0,0.0
2026-02-16T12:23:23,ERR,ERR,ERR,ERR,ERR,ERR,ERR,ERR,ERR,ERR,ERR,ERR,ERR,ERR,ERR,ERR,ERR,ERR,ERR,ERR,ERR,ERR,ERR,ERR,ERR,ERR,ERR,ERR,ERR,ERR,ERR,ERR,ERR,ERR,ERR,ERR,ERR,ERR,ERR,ERR,ERR,ERR,ERR,ERR,ERR,ERR,ERR,ERR,ERR,ERR,ERR,ERR,ERR,ERR,ERR,ERR,ERR,ERR,ERR,ERR,ERR,ERR,ERR,ERR,ERR,ERR,ERR,ERR,ERR,ERR,ERR,ERR,ERR,ERR,ERR,ERR,ERR,ERR,ERR,ERR,ERR,ERR,ERR,ERR,ERR,ERR,ERR,ERR,ERR,ERR,ERR,ERR,ERR,ERR,ERR,ERR,ERR,ERR,ERR,ERR,ERR,ERR,ERR,ERR,ERR,ERR,ERR,ERR,ERR,ERR,ERR,ERR,ERR,ERR,ERR,ERR,ERR,ERR,ERR,ERR,ERR,ERR,ERR,ERR,ERR,0.0,-2.7184523587222433e+23,-0.0,0.0,-0.004,-1.0448590389229755e+20,4.0041885267730104e+18,-5.381182600812768e+32,4300,0,8,17162,4300,0.0,41,0.0,0.0,0.0,0.0,-0.0,0,0,0,0,0.0,0,0,0,0,0,0,0,0,0,0,0,0,0,0,0,0,0,0,0,0,0,0,0,0,0,0,0,0,0,0,0,0,0,13,34,34,47,65476,386,65476,1,0,4,21553,0.0,2.7183305813883192e+23,0.0,0.0,0.0,0.0,0.0,0.0,0.0,0.0,0.0,0.0,0.0,0.0,0.0,0.0,0.0,0.0,0.0,0.0,0.0,2.004,2.004,-0.0,-0.0,0.0,0.0,0.0,0.0,0.0,6619.0,-1.0406715705571685e+34,0.0,0.0,-2.7184523587222433e+23,0.0,-2.7184505572823923e+23,0.0,0.0,2.004,2.004,224,-0.0,4.950424729324142e+32,0.0,0.0,0.0,0.0,0.0,0.0,0.0,0,0,0,-629.054,-53020560.0,1.5693155789380676e+27,-0.0,5.678448032663103e+20,1938.06,-0.0,-0.0,0.0,-7.868371062606459e+24,-0.008,28088289280.0,0.0,0.0,0.0,-8813067370496.0,0,1.3516416376850534e+27,224,0.0,448,0.0,4.689388604382247e+24,2114,0,17110,0,17112,0,17096,0,0,0,101,100,100,0.0,64.5,0.0,65.4,-107615240.0,64.5,1,49,50,180,0,0,0,0,0.0,0.0,0.0,60.0,70511669280768.0,71.0,0.0,1.7142420505152717e+17,0.0,1070,0,1070,0,0,0,1070,0,1080,0,1000,0,649,0,650,0,646,0,674,0.032,1.4536034330083127e+22,-0.0,-107615280.0,59024,16813,70511669280768.0,1.7142420505152717e+17,-6496275.0,0.0,0.0,-1251245708804096.0,50.0,60.0,35,0.0,0.0,10.0,2.0,0.0,0.0,0.0,0.0,0.0,0.0,0.0,0.0,0.0,0.0,0.0,0.0,58.8,49,14,65514,26,65476,0,300,0,0,8,20529,65476,0,0,30147,60.0,0.0,10.0,10.0,2.0,0.0
2026-02-16T12:23:24,ERR,ERR,ERR,ERR,ERR,ERR,ERR,ERR,ERR,ERR,ERR,ERR,ERR,ERR,ERR,ERR,ERR,ERR,ERR,ERR,ERR,ERR,ERR,ERR,ERR,ERR,ERR,ERR,ERR,ERR,ERR,ERR,ERR,ERR,ERR,ERR,ERR,ERR,ERR,ERR,ERR,ERR,ERR,ERR,ERR,ERR,ERR,ERR,ERR,ERR,ERR,ERR,ERR,ERR,ERR,ERR,ERR,ERR,ERR,ERR,ERR,ERR,ERR,ERR,ERR,ERR,ERR,ERR,ERR,ERR,ERR,ERR,ERR,ERR,ERR,ERR,ERR,ERR,ERR,ERR,ERR,ERR,ERR,ERR,ERR,ERR,ERR,ERR,ERR,ERR,ERR,ERR,ERR,ERR,ERR,ERR,ERR,ERR,ERR,ERR,ERR,ERR,ERR,ERR,ERR,ERR,ERR,ERR,ERR,ERR,ERR,ERR,ERR,ERR,ERR,ERR,ERR,ERR,ERR,ERR,ERR,ERR,ERR,ERR,ERR,0.0,-2.7184523587222433e+23,-0.0,0.0,-0.004,-1.0448590389229755e+20,4.0041885267730104e+18,-5.381182600812768e+32,4300,0,8,17162,4300,0.0,41,0.0,0.0,0.0,0.0,-0.0,0,0,0,0,0.0,0,0,0,0,0,0,0,0,0,0,0,0,0,0,0,0,0,0,0,0,0,0,0,0,0,0,0,0,0,0,0,0,0,13,34,34,47,65476,386,65476,1,0,4,21553,0.0,2.7183305813883192e+23,0.0,0.0,0.0,0.0,0.0,0.0,0.0,0.0,0.0,0.0,0.0,0.0,0.0,0.0,0.0,0.0,0.0,0.0,0.0,2.004,2.004,-0.0,-0.0,0.0,0.0,0.0,0.0,0.0,6619.0,-1.0406715705571685e+34,0.0,0.0,-2.7184523587222433e+23,0.0,-2.7184505572823923e+23,0.0,0.0,2.004,2.004,224,-0.0,4.950424729324142e+32,0.0,0.0,0.0,0.0,0.0,0.0,0.0,0,0,0,-629.054,-53020560.0,1.5693155789380676e+27,-0.0,5.678448032663103e+20,1938.06,-0.0,-0.0,0.0,-7.868371062606459e+24,-0.008,28088289280.0,0.0,0.0,0.0,-8813067370496.0,0,1.3516416376850534e+27,224,0.0,448,0.0,4.689388604382247e+24,2114,0,17110,0,17112,0,17096,0,0,0,101,100,100,0.0,64.5,0.0,65.4,-107615240.0,64.5,1,49,50,180,0,0,0,0,0.0,0.0,0.0,60.0,70511669280768.0,71.0,0.0,1.7142420505152717e+17,0.0,1070,0,1070,0,0,0,1070,0,1080,0,1000,0,649,0,650,0,646,0,674,0.032,1.4536034330083127e+22,-0.0,-107615280.0,59024,16813,70511669280768.0,1.7142420505152717e+17,-6496275.0,0.0,0.0,-1251245708804096.0,50.0,60.0,35,0.0,0.0,10.0,2.0,0.0,0.0,0.0,0.0,0.0,0.0,0.0,0.0,0.0,0.0,0.0,0.0,58.8,49,14,65514,26,65476,0,300,0,0,8,20529,65476,0,0,30147,60.0,0.0,10.0,10.0,2.0,0.0
2026-02-16T12:23:25,ERR,ERR,ERR,ERR,ERR,ERR,ERR,ERR,ERR,ERR,ERR,ERR,ERR,ERR,ERR,ERR,ERR,ERR,ERR,ERR,ERR,ERR,ERR,ERR,ERR,ERR,ERR,ERR,ERR,ERR,ERR,ERR,ERR,ERR,ERR,ERR,ERR,ERR,ERR,ERR,ERR,ERR,ERR,ERR,ERR,ERR,ERR,ERR,ERR,ERR,ERR,ERR,ERR,ERR,ERR,ERR,ERR,ERR,ERR,ERR,ERR,ERR,ERR,ERR,ERR,ERR,ERR,ERR,ERR,ERR,ERR,ERR,ERR,ERR,ERR,ERR,ERR,ERR,ERR,ERR,ERR,ERR,ERR,ERR,ERR,ERR,ERR,ERR,ERR,ERR,ERR,ERR,ERR,ERR,ERR,ERR,ERR,ERR,ERR,ERR,ERR,ERR,ERR,ERR,ERR,ERR,ERR,ERR,ERR,ERR,ERR,ERR,ERR,ERR,ERR,ERR,ERR,ERR,ERR,ERR,ERR,ERR,ERR,ERR,ERR,0.0,-2.7184523587222433e+23,-0.0,0.0,-0.004,-1.0448590389229755e+20,4.0041885267730104e+18,-5.381182600812768e+32,4300,0,8,17162,4300,0.0,41,0.0,0.0,0.0,0.0,-0.0,0,0,0,0,0.0,0,0,0,0,0,0,0,0,0,0,0,0,0,0,0,0,0,0,0,0,0,0,0,0,0,0,0,0,0,0,0,0,0,13,34,34,47,65476,386,65476,1,0,4,21553,0.0,2.7183305813883192e+23,0.0,0.0,0.0,0.0,0.0,0.0,0.0,0.0,0.0,0.0,0.0,0.0,0.0,0.0,0.0,0.0,0.0,0.0,0.0,2.004,2.004,-0.0,-0.0,0.0,0.0,0.0,0.0,0.0,6619.0,-1.0406715705571685e+34,0.0,0.0,-2.7184523587222433e+23,0.0,-2.7184505572823923e+23,0.0,0.0,2.004,2.004,224,-0.0,4.950424729324142e+32,0.0,0.0,0.0,0.0,0.0,0.0,0.0,0,0,0,-629.054,-53020560.0,1.5693155789380676e+27,-0.0,5.678448032663103e+20,1938.06,-0.0,-0.0,0.0,-7.868371062606459e+24,-0.008,28088289280.0,0.0,0.0,0.0,-8813067370496.0,0,1.3516416376850534e+27,224,0.0,448,0.0,4.689388604382247e+24,2114,0,17110,0,17112,0,17096,0,0,0,101,100,100,0.0,64.5,0.0,65.4,-107615240.0,64.5,1,49,50,180,0,0,0,0,0.0,0.0,0.0,60.0,70511669280768.0,71.0,0.0,1.7142420505152717e+17,0.0,1070,0,1070,0,0,0,1070,0,1080,0,1000,0,649,0,650,0,646,0,674,0.032,1.4536034330083127e+22,-0.0,-107615280.0,59024,16813,70511669280768.0,1.7142420505152717e+17,-6496275.0,0.0,0.0,-1251245708804096.0,50.0,60.0,35,0.0,0.0,10.0,2.0,0.0,0.0,0.0,0.0,0.0,0.0,0.0,0.0,0.0,0.0,0.0,0.0,58.8,49,14,65514,26,65476,0,300,0,0,8,20529,65476,0,0,30147,60.0,0.0,10.0,10.0,2.0,0.0
2026-02-16T12:23:26,ERR,ERR,ERR,ERR,ERR,ERR,ERR,ERR,ERR,ERR,ERR,ERR,ERR,ERR,ERR,ERR,ERR,ERR,ERR,ERR,ERR,ERR,ERR,ERR,ERR,ERR,ERR,ERR,ERR,ERR,ERR,ERR,ERR,ERR,ERR,ERR,ERR,ERR,ERR,ERR,ERR,ERR,ERR,ERR,ERR,ERR,ERR,ERR,ERR,ERR,ERR,ERR,ERR,ERR,ERR,ERR,ERR,ERR,ERR,ERR,ERR,ERR,ERR,ERR,ERR,ERR,ERR,ERR,ERR,ERR,ERR,ERR,ERR,ERR,ERR,ERR,ERR,ERR,ERR,ERR,ERR,ERR,ERR,ERR,ERR,ERR,ERR,ERR,ERR,ERR,ERR,ERR,ERR,ERR,ERR,ERR,ERR,ERR,ERR,ERR,ERR,ERR,ERR,ERR,ERR,ERR,ERR,ERR,ERR,ERR,ERR,ERR,ERR,ERR,ERR,ERR,ERR,ERR,ERR,ERR,ERR,ERR,ERR,ERR,ERR,0.0,-2.7184523587222433e+23,-0.0,0.0,-0.004,-1.0448590389229755e+20,4.0041885267730104e+18,-5.381182600812768e+32,4300,0,8,17162,4300,0.0,41,0.0,0.0,0.0,0.0,-0.0,0,0,0,0,0.0,0,0,0,0,0,0,0,0,0,0,0,0,0,0,0,0,0,0,0,0,0,0,0,0,0,0,0,0,0,0,0,0,0,13,34,34,47,65476,386,65476,1,0,4,21553,0.0,2.7183305813883192e+23,0.0,0.0,0.0,0.0,0.0,0.0,0.0,0.0,0.0,0.0,0.0,0.0,0.0,0.0,0.0,0.0,0.0,0.0,0.0,2.004,2.004,-0.0,-0.0,0.0,0.0,0.0,0.0,0.0,6619.0,-1.0406715705571685e+34,0.0,0.0,-2.7184523587222433e+23,0.0,-2.7184505572823923e+23,0.0,0.0,2.004,2.004,224,-0.0,4.950424729324142e+32,0.0,0.0,0.0,0.0,0.0,0.0,0.0,0,0,0,-629.054,-53020560.0,1.5693155789380676e+27,-0.0,5.678448032663103e+20,1938.06,-0.0,-0.0,0.0,-7.868371062606459e+24,-0.008,28088289280.0,0.0,0.0,0.0,-8813067370496.0,0,1.3516416376850534e+27,224,0.0,448,0.0,4.689388604382247e+24,2114,0,17110,0,17112,0,17096,0,0,0,101,100,100,0.0,64.5,0.0,65.4,-107615240.0,64.5,1,49,50,180,0,0,0,0,0.0,0.0,0.0,60.0,1894481.75,71.0,0.0,-731240857600.0,0.0,1070,0,1070,0,0,0,1070,0,1081,0,1000,0,649,0,650,0,646,0,674,0.032,1.2617572946417333e+22,-0.0,-107615280.0,52368,16813,0.0,6.449052001854095e+36,-0.0,-0.0,-1.3356336396265062e+17,-0.0,50.0,60.0,35,0.0,0.0,10.0,2.0,0.0,0.0,0.0,0.0,0.0,0.0,0.0,0.0,0.0,0.0,0.0,0.0,58.8,49,14,65514,26,65476,0,300,0,0,8,20529,65476,0,0,30147,60.0,0.0,10.0,10.0,2.0,0.0
2026-02-16T12:23:27,ERR,ERR,ERR,ERR,ERR,ERR,ERR,ERR,ERR,ERR,ERR,ERR,ERR,ERR,ERR,ERR,ERR,ERR,ERR,ERR,ERR,ERR,ERR,ERR,ERR,ERR,ERR,ERR,ERR,ERR,ERR,ERR,ERR,ERR,ERR,ERR,ERR,ERR,ERR,ERR,ERR,ERR,ERR,ERR,ERR,ERR,ERR,ERR,ERR,ERR,ERR,ERR,ERR,ERR,ERR,ERR,ERR,ERR,ERR,ERR,ERR,ERR,ERR,ERR,ERR,ERR,ERR,ERR,ERR,ERR,ERR,ERR,ERR,ERR,ERR,ERR,ERR,ERR,ERR,ERR,ERR,ERR,ERR,ERR,ERR,ERR,ERR,ERR,ERR,ERR,ERR,ERR,ERR,ERR,ERR,ERR,ERR,ERR,ERR,ERR,ERR,ERR,ERR,ERR,ERR,ERR,ERR,ERR,ERR,ERR,ERR,ERR,ERR,ERR,ERR,ERR,ERR,ERR,ERR,ERR,ERR,ERR,ERR,ERR,ERR,0.0,-2.7184523587222433e+23,-0.0,0.0,-0.004,0.0,-0.0,-26972426076160.0,4300,0,8,17162,4300,0.0,41,0.0,0.0,0.0,0.0,-0.0,0,0,0,0,0.0,0,0,0,0,0,0,0,0,0,0,0,0,0,0,0,0,0,0,0,0,0,0,0,0,0,0,0,0,0,0,0,0,0,13,34,34,47,65476,387,65476,1,0,4,21553,0.0,-107610976.0,0.0,0.0,0.0,0.0,0.0,0.0,0.0,0.0,0.0,0.0,0.0,0.0,0.0,0.0,0.0,0.0,0.0,0.0,0.0,2.004,2.004,-0.0,-0.0,2.004,0.0,0.0,0.0,0.0,6622.0,-131351.219,0.0,0.0,-2.7184523587222433e+23,0.0,0.0,-0.0,0.0,2.004,2.004,224,-0.0,89221.031,0.0,0.0,0.0,0.0,0.0,0.0,0.0,0,0,0,-6.593928857072435e+16,0.01,1.7473473344629946e+36,0.0,9.796031697346556e+28,-8701860642816.0,-1.3886608106719408e+31,-0.0,-7.156022775408021e+19,-8.359497176824902e+24,-0.009,29833119744.0,0.0,0.0,0.0,-0.0,0,1.3516416376850534e+27,224,0.0,448,-0.0,-0.0,2114,0,17110,0,17112,0,17096,0,0,0,101,100,100,0.0,64.5,0.0,65.4,-107615240.0,64.5,1,49,50,180,0,0,0,0,0.0,0.0,0.0,60.0,1894481.75,71.0,0.0,-731240857600.0,0.0,1070,0,1070,0,0,0,1070,0,1081,0,1000,0,649,0,650,0,646,0,674,0.032,1.2617572946417333e+22,-0.0,-107615280.0,52368,16813,0.0,6.449052001854095e+36,-0.0,-0.0,-1.3356336396265062e+17,-0.0,50.0,60.0,35,0.0,0.0,10.0,2.0,0.0,0.0,0.0,0.0,0.0,0.0,0.0,0.0,0.0,0.0,0.0,0.0,58.8,49,14,65514,26,65476,0,300,0,0,8,20529,65476,0,0,30147,60.0,0.0,10.0,10.0,2.0,0.0
2026-02-16T12:23:28,ERR,ERR,ERR,ERR,ERR,ERR,ERR,ERR,ERR,ERR,ERR,ERR,ERR,ERR,ERR,ERR,ERR,ERR,ERR,ERR,ERR,ERR,ERR,ERR,ERR,ERR,ERR,ERR,ERR,ERR,ERR,ERR,ERR,ERR,ERR,ERR,ERR,ERR,ERR,ERR,ERR,ERR,ERR,ERR,ERR,ERR,ERR,ERR,ERR,ERR,ERR,ERR,ERR,ERR,ERR,ERR,ERR,ERR,ERR,ERR,ERR,ERR,ERR,ERR,ERR,ERR,ERR,ERR,ERR,ERR,ERR,ERR,ERR,ERR,ERR,ERR,ERR,ERR,ERR,ERR,ERR,ERR,ERR,ERR,ERR,ERR,ERR,ERR,ERR,ERR,ERR,ERR,ERR,ERR,ERR,ERR,ERR,ERR,ERR,ERR,ERR,ERR,ERR,ERR,ERR,ERR,ERR,ERR,ERR,ERR,ERR,ERR,ERR,ERR,ERR,ERR,ERR,ERR,ERR,ERR,ERR,ERR,ERR,ERR,ERR,0.0,-2.7184523587222433e+23,-0.0,0.0,-0.004,0.0,-0.0,-26972426076160.0,4300,0,8,17162,4300,0.0,41,0.0,0.0,0.0,0.0,-0.0,0,0,0,0,0.0,0,0,0,0,0,0,0,0,0,0,0,0,0,0,0,0,0,0,0,0,0,0,0,0,0,0,0,0,0,0,0,0,0,13,34,34,47,65476,387,65476,1,0,4,21553,0.0,-107610976.0,0.0,0.0,0.0,0.0,0.0,0.0,0.0,0.0,0.0,0.0,0.0,0.0,0.0,0.0,0.0,0.0,0.0,0.0,0.0,2.004,2.004,-0.0,-0.0,2.004,0.0,0.0,0.0,0.0,6622.0,-131351.219,0.0,0.0,-2.7184523587222433e+23,0.0,0.0,-0.0,0.0,2.004,2.004,224,-0.0,89221.031,0.0,0.0,0.0,0.0,0.0,0.0,0.0,0,0,0,-6.593928857072435e+16,0.01,1.7473473344629946e+36,0.0,9.796031697346556e+28,-8701860642816.0,-1.3886608106719408e+31,-0.0,-7.156022775408021e+19,-8.359497176824902e+24,-0.009,29833119744.0,0.0,0.0,0.0,-0.0,0,1.3516416376850534e+27,224,0.0,448,-0.0,-0.0,2114,0,17110,0,17112,0,17096,0,0,0,101,100,100,0.0,64.5,0.0,65.4,-107615240.0,64.5,1,49,50,180,0,0,0,0,0.0,0.0,0.0,60.0,1894481.75,71.0,0.0,-731240857600.0,0.0,1070,0,1070,0,0,0,1070,0,1081,0,1000,0,649,0,650,0,646,0,674,0.032,1.2617572946417333e+22,-0.0,-107615280.0,52368,16813,0.0,6.449052001854095e+36,-0.0,-0.0,-1.3356336396265062e+17,-0.0,50.0,60.0,35,0.0,0.0,10.0,2.0,0.0,0.0,0.0,0.0,0.0,0.0,0.0,0.0,0.0,0.0,0.0,0.0,58.8,49,14,65514,26,65476,0,300,0,0,8,20529,65476,0,0,30147,60.0,0.0,10.0,10.0,2.0,0.0
2026-02-16T12:23:29,ERR,ERR,ERR,ERR,ERR,ERR,ERR,ERR,ERR,ERR,ERR,ERR,ERR,ERR,ERR,ERR,ERR,ERR,ERR,ERR,ERR,ERR,ERR,ERR,ERR,ERR,ERR,ERR,ERR,ERR,ERR,ERR,ERR,ERR,ERR,ERR,ERR,ERR,ERR,ERR,ERR,ERR,ERR,ERR,ERR,ERR,ERR,ERR,ERR,ERR,ERR,ERR,ERR,ERR,ERR,ERR,ERR,ERR,ERR,ERR,ERR,ERR,ERR,ERR,ERR,ERR,ERR,ERR,ERR,ERR,ERR,ERR,ERR,ERR,ERR,ERR,ERR,ERR,ERR,ERR,ERR,ERR,ERR,ERR,ERR,ERR,ERR,ERR,ERR,ERR,ERR,ERR,ERR,ERR,ERR,ERR,ERR,ERR,ERR,ERR,ERR,ERR,ERR,ERR,ERR,ERR,ERR,ERR,ERR,ERR,ERR,ERR,ERR,ERR,ERR,ERR,ERR,ERR,ERR,ERR,ERR,ERR,ERR,ERR,ERR,0.0,-2.7184523587222433e+23,-0.0,0.0,-0.004,0.0,-0.0,-26972426076160.0,4300,0,8,17162,4300,0.0,41,0.0,0.0,0.0,0.0,-0.0,0,0,0,0,0.0,0,0,0,0,0,0,0,0,0,0,0,0,0,0,0,0,0,0,0,0,0,0,0,0,0,0,0,0,0,0,0,0,0,13,34,34,47,65476,387,65476,1,0,4,21553,0.0,-107610976.0,0.0,0.0,0.0,0.0,0.0,0.0,0.0,0.0,0.0,0.0,0.0,0.0,0.0,0.0,0.0,0.0,0.0,0.0,0.0,2.004,2.004,-0.0,-0.0,2.004,0.0,0.0,0.0,0.0,6622.0,-131351.219,0.0,0.0,-2.7184523587222433e+23,0.0,0.0,-0.0,0.0,2.004,2.004,224,-0.0,89221.031,0.0,0.0,0.0,0.0,0.0,0.0,0.0,0,0,0,-6.593928857072435e+16,0.01,1.7473473344629946e+36,0.0,9.796031697346556e+28,-8701860642816.0,-1.3886608106719408e+31,-0.0,-7.156022775408021e+19,-8.359497176824902e+24,-0.009,29833119744.0,0.0,0.0,0.0,-0.0,0,1.3516416376850534e+27,224,0.0,448,-0.0,-0.0,2114,0,17110,13107,17112,0,17096,0,0,0,101,100,100,0.0,64.5,0.0,65.4,-107615240.0,64.5,1,49,50,180,0,0,0,0,0.0,0.0,0.0,60.0,0.0,71.0,0.0,1.0384944602755798e+38,0.0,1070,0,1070,0,0,0,1070,0,1080,0,1000,0,649,0,651,0,646,0,674,0.032,1.1436981325699922e+22,-0.0,-107615280.0,63376,16813,0.603,1.0384944602755798e+38,-0.0,4.4440800823652836e+27,-2.1836066907143673e+32,-0.0,50.0,60.0,35,0.0,0.0,10.0,2.0,0.0,0.0,0.0,0.0,0.0,0.0,0.0,0.0,0.0,0.0,0.0,0.0,58.8,49,14,65514,26,65476,0,300,0,0,8,20529,65476,0,0,30147,60.0,0.0,10.0,10.0,2.0,0.0
2026-02-16T12:23:30,ERR,ERR,ERR,ERR,ERR,ERR,ERR,ERR,ERR,ERR,ERR,ERR,ERR,ERR,ERR,ERR,ERR,ERR,ERR,ERR,ERR,ERR,ERR,ERR,ERR,ERR,ERR,ERR,ERR,ERR,ERR,ERR,ERR,ERR,ERR,ERR,ERR,ERR,ERR,ERR,ERR,ERR,ERR,ERR,ERR,ERR,ERR,ERR,ERR,ERR,ERR,ERR,ERR,ERR,ERR,ERR,ERR,ERR,ERR,ERR,ERR,ERR,ERR,ERR,ERR,ERR,ERR,ERR,ERR,ERR,ERR,ERR,ERR,ERR,ERR,ERR,ERR,ERR,ERR,ERR,ERR,ERR,ERR,ERR,ERR,ERR,ERR,ERR,ERR,ERR,ERR,ERR,ERR,ERR,ERR,ERR,ERR,ERR,ERR,ERR,ERR,ERR,ERR,ERR,ERR,ERR,ERR,ERR,ERR,ERR,ERR,ERR,ERR,ERR,ERR,ERR,ERR,ERR,ERR,ERR,ERR,ERR,ERR,ERR,ERR,0.0,-2.7184523587222433e+23,-0.0,0.0,-0.004,0.0,-0.0,-26972426076160.0,4300,0,8,17162,4300,0.0,41,0.0,0.0,0.0,0.0,-0.0,0,0,0,0,0.0,0,0,0,0,0,0,0,0,0,0,0,0,0,0,0,0,0,0,0,0,0,0,0,0,0,0,0,0,0,0,0,0,0,13,34,34,47,65476,387,65476,1,0,4,21553,0.0,-107610976.0,0.0,0.0,0.0,0.0,0.0,0.0,0.0,0.0,0.0,0.0,0.0,0.0,0.0,0.0,0.0,0.0,0.0,0.0,0.0,2.004,2.004,-0.0,-0.0,2.004,0.0,0.0,0.0,0.0,6622.0,-131351.219,0.0,0.0,-2.7184523587222433e+23,0.0,0.0,-0.0,0.0,2.004,2.004,224,-0.0,89221.031,0.0,0.0,0.0,0.0,0.0,0.0,0.0,0,0,0,-6.593928857072435e+16,0.01,1.7473473344629946e+36,0.0,9.796031697346556e+28,-8701860642816.0,-1.3886608106719408e+31,-0.0,-7.156022775408021e+19,-8.359497176824902e+24,-0.009,29833119744.0,0.0,0.0,0.0,-0.0,0,1.3516416376850534e+27,224,0.0,448,-0.0,-0.0,2114,0,17110,13107,17112,0,17096,0,0,0,101,100,100,0.0,64.5,0.0,65.4,-107615240.0,64.5,1,49,50,180,0,0,0,0,0.0,0.0,0.0,60.0,0.0,71.0,0.0,1.0384944602755798e+38,0.0,1070,0,1070,0,0,0,1070,0,1080,0,1000,0,649,0,651,0,646,0,674,0.032,1.1436981325699922e+22,-0.0,-107615280.0,63376,16813,0.603,1.0384944602755798e+38,-0.0,4.4440800823652836e+27,-2.1836066907143673e+32,-0.0,50.0,60.0,35,0.0,0.0,10.0,2.0,0.0,0.0,0.0,0.0,0.0,0.0,0.0,0.0,0.0,0.0,0.0,0.0,58.8,49,14,65514,26,65476,0,300,0,0,8,20529,65476,0,0,30147,60.0,0.0,10.0,10.0,2.0,0.0
2026-02-16T12:23:31,ERR,ERR,ERR,ERR,ERR,ERR,ERR,ERR,ERR,ERR,ERR,ERR,ERR,ERR,ERR,ERR,ERR,ERR,ERR,ERR,ERR,ERR,ERR,ERR,ERR,ERR,ERR,ERR,ERR,ERR,ERR,ERR,ERR,ERR,ERR,ERR,ERR,ERR,ERR,ERR,ERR,ERR,ERR,ERR,ERR,ERR,ERR,ERR,ERR,ERR,ERR,ERR,ERR,ERR,ERR,ERR,ERR,ERR,ERR,ERR,ERR,ERR,ERR,ERR,ERR,ERR,ERR,ERR,ERR,ERR,ERR,ERR,ERR,ERR,ERR,ERR,ERR,ERR,ERR,ERR,ERR,ERR,ERR,ERR,ERR,ERR,ERR,ERR,ERR,ERR,ERR,ERR,ERR,ERR,ERR,ERR,ERR,ERR,ERR,ERR,ERR,ERR,ERR,ERR,ERR,ERR,ERR,ERR,ERR,ERR,ERR,ERR,ERR,ERR,ERR,ERR,ERR,ERR,ERR,ERR,ERR,ERR,ERR,ERR,ERR,0.0,-2.7184523587222433e+23,0.0,0.0,8736973783040.0,442.508,0.0,0.0,4300,0,8,17162,4300,0.0,41,0.0,0.0,0.0,0.0,-0.0,0,0,0,0,0.0,0,0,0,0,0,0,0,0,0,0,0,0,0,0,0,0,0,0,0,0,0,0,0,0,0,0,0,0,0,0,0,0,0,13,35,34,47,65476,391,65476,1,0,4,21553,0.0,0.0,0.0,0.0,0.0,0.0,0.0,0.0,0.0,0.0,0.0,0.0,0.0,0.0,0.0,0.0,0.0,0.0,0.0,0.0,0.0,2.004,2.004,-0.0,-0.0,2.004,0.0,0.0,0.0,0.0,6623.0,-2.004,0.0,0.0,-2.7184523587222433e+23,0.0,0.0,0.0,0.0,2.004,2.004,224,-0.0,126841028608.0,0.0,0.0,0.0,0.0,0.0,0.0,0.0,0,0,0,-212237.734,-5.664892212215808e+16,2.666240439549247e+31,-0.0,7.036833344937798e+24,0.0,-3663988550270976.0,0.0,-0.0,-8.775065427317431e+24,-0.009,31443732480.0,0.0,0.0,0.0,-0.0,0,1.3516416376850534e+27,224,0.0,448,-0.0,-0.0,2114,0,17110,13107,17112,0,17096,0,0,0,101,100,100,0.0,64.5,0.0,65.4,-107615240.0,64.5,1,49,50,180,0,0,0,0,0.0,0.0,0.0,60.0,0.0,71.0,0.0,1.0384944602755798e+38,0.0,1070,0,1070,0,0,0,1070,0,1080,0,1000,0,649,0,651,0,646,0,674,0.032,1.1436981325699922e+22,-0.0,-107615280.0,63376,16813,0.603,1.0384944602755798e+38,-0.0,4.4440800823652836e+27,-2.1836066907143673e+32,-0.0,50.0,60.0,35,0.0,0.0,10.0,2.0,0.0,0.0,0.0,0.0,0.0,0.0,0.0,0.0,0.0,0.0,0.0,0.0,58.8,49,14,65514,26,65476,0,300,0,0,8,20529,65476,0,0,30147,60.0,0.0,10.0,10.0,2.0,0.0
2026-02-16T12:23:32,ERR,ERR,ERR,ERR,ERR,ERR,ERR,ERR,ERR,ERR,ERR,ERR,ERR,ERR,ERR,ERR,ERR,ERR,ERR,ERR,ERR,ERR,ERR,ERR,ERR,ERR,ERR,ERR,ERR,ERR,ERR,ERR,ERR,ERR,ERR,ERR,ERR,ERR,ERR,ERR,ERR,ERR,ERR,ERR,ERR,ERR,ERR,ERR,ERR,ERR,ERR,ERR,ERR,ERR,ERR,ERR,ERR,ERR,ERR,ERR,ERR,ERR,ERR,ERR,ERR,ERR,ERR,ERR,ERR,ERR,ERR,ERR,ERR,ERR,ERR,ERR,ERR,ERR,ERR,ERR,ERR,ERR,ERR,ERR,ERR,ERR,ERR,ERR,ERR,ERR,ERR,ERR,ERR,ERR,ERR,ERR,ERR,ERR,ERR,ERR,ERR,ERR,ERR,ERR,ERR,ERR,ERR,ERR,ERR,ERR,ERR,ERR,ERR,ERR,ERR,ERR,ERR,ERR,ERR,ERR,ERR,ERR,ERR,ERR,ERR,0.0,-2.7184523587222433e+23,0.0,0.0,8736973783040.0,442.508,0.0,0.0,4300,0,8,17162,4300,0.0,41,0.0,0.0,0.0,0.0,-0.0,0,0,0,0,0.0,0,0,0,0,0,0,0,0,0,0,0,0,0,0,0,0,0,0,0,0,0,0,0,0,0,0,0,0,0,0,0,0,0,13,35,34,47,65476,391,65476,1,0,4,21553,0.0,0.0,0.0,0.0,0.0,0.0,0.0,0.0,0.0,0.0,0.0,0.0,0.0,0.0,0.0,0.0,0.0,0.0,0.0,0.0,0.0,2.004,2.004,-0.0,-0.0,2.004,0.0,0.0,0.0,0.0,6623.0,-2.004,0.0,0.0,-2.7184523587222433e+23,0.0,0.0,0.0,0.0,2.004,2.004,224,-0.0,126841028608.0,0.0,0.0,0.0,0.0,0.0,0.0,0.0,0,0,0,-212237.734,-5.664892212215808e+16,2.666240439549247e+31,-0.0,7.036833344937798e+24,0.0,-3663988550270976.0,0.0,-0.0,-8.775065427317431e+24,-0.009,31443732480.0,0.0,0.0,0.0,-0.0,0,1.3516416376850534e+27,224,0.0,448,-0.0,-0.0,2114,0,17110,0,17112,0,17096,0,0,0,101,100,100,0.0,64.5,0.0,65.4,-107615240.0,64.5,1,49,50,180,0,0,0,0,0.0,0.0,0.0,60.0,291348.438,71.0,0.0,937906638159872.0,0.0,1070,0,1070,0,0,0,1070,0,1080,0,1000,0,649,0,650,0,646,0,675,0.032,1.0625324586456702e+22,-0.0,-107615280.0,62096,16813,291348.438,937906638159872.0,-0.0,2.388785435748264e+31,-4.5012726888123336e+30,-0.0,50.0,60.0,35,0.0,0.0,10.0,2.0,0.0,0.0,0.0,0.0,0.0,0.0,0.0,0.0,0.0,0.0,0.0,0.0,58.8,49,14,65514,26,65476,0,300,0,0,8,20529,65476,0,0,30147,60.0,0.0,10.0,10.0,2.0,0.0
2026-02-16T12:23:33,ERR,ERR,ERR,ERR,ERR,ERR,ERR,ERR,ERR,ERR,ERR,ERR,ERR,ERR,ERR,ERR,ERR,ERR,ERR,ERR,ERR,ERR,ERR,ERR,ERR,ERR,ERR,ERR,ERR,ERR,ERR,ERR,ERR,ERR,ERR,ERR,ERR,ERR,ERR,ERR,ERR,ERR,ERR,ERR,ERR,ERR,ERR,ERR,ERR,ERR,ERR,ERR,ERR,ERR,ERR,ERR,ERR,ERR,ERR,ERR,ERR,ERR,ERR,ERR,ERR,ERR,ERR,ERR,ERR,ERR,ERR,ERR,ERR,ERR,ERR,ERR,ERR,ERR,ERR,ERR,ERR,ERR,ERR,ERR,ERR,ERR,ERR,ERR,ERR,ERR,ERR,ERR,ERR,ERR,ERR,ERR,ERR,ERR,ERR,ERR,ERR,ERR,ERR,ERR,ERR,ERR,ERR,ERR,ERR,ERR,ERR,ERR,ERR,ERR,ERR,ERR,ERR,ERR,ERR,ERR,ERR,ERR,ERR,ERR,ERR,0.0,-2.7184523587222433e+23,0.0,0.0,8736973783040.0,442.508,0.0,0.0,4300,0,8,17162,4300,0.0,41,0.0,0.0,0.0,0.0,-0.0,0,0,0,0,0.0,0,0,0,0,0,0,0,0,0,0,0,0,0,0,0,0,0,0,0,0,0,0,0,0,0,0,0,0,0,0,0,0,0,13,35,34,47,65476,391,65476,1,0,4,21553,0.0,0.0,0.0,0.0,0.0,0.0,0.0,0.0,0.0,0.0,0.0,0.0,0.0,0.0,0.0,0.0,0.0,0.0,0.0,0.0,0.0,2.004,2.004,-0.0,-0.0,2.004,0.0,0.0,0.0,0.0,6623.0,-2.004,0.0,0.0,-2.7184523587222433e+23,0.0,0.0,0.0,0.0,2.004,2.004,224,-0.0,126841028608.0,0.0,0.0,0.0,0.0,0.0,0.0,0.0,0,0,0,-212237.734,-5.664892212215808e+16,2.666240439549247e+31,-0.0,7.036833344937798e+24,0.0,-3663988550270976.0,0.0,-0.0,-8.775065427317431e+24,-0.009,31443732480.0,0.0,0.0,0.0,-0.0,0,1.3516416376850534e+27,224,0.0,448,-0.0,-0.0,2114,0,17110,0,17112,0,17096,0,0,0,101,100,100,0.0,64.5,0.0,65.4,-107615240.0,64.5,1,49,50,180,0,0,0,0,0.0,0.0,0.0,60.0,291348.438,71.0,0.0,937906638159872.0,0.0,1070,0,1070,0,0,0,1070,0,1080,0,1000,0,649,0,650,0,646,0,675,0.032,1.0625324586456702e+22,-0.0,-107615280.0,62096,16813,291348.438,937906638159872.0,-0.0,2.388785435748264e+31,-4.5012726888123336e+30,-0.0,50.0,60.0,35,0.0,0.0,10.0,2.0,0.0,0.0,0.0,0.0,0.0,0.0,0.0,0.0,0.0,0.0,0.0,0.0,58.8,49,14,65514,26,65476,0,300,0,0,8,20529,65476,0,0,30147,60.0,0.0,10.0,10.0,2.0,0.0
2026-02-16T12:23:34,ERR,ERR,ERR,ERR,ERR,ERR,ERR,ERR,ERR,ERR,ERR,ERR,ERR,ERR,ERR,ERR,ERR,ERR,ERR,ERR,ERR,ERR,ERR,ERR,ERR,ERR,ERR,ERR,ERR,ERR,ERR,ERR,ERR,ERR,ERR,ERR,ERR,ERR,ERR,ERR,ERR,ERR,ERR,ERR,ERR,ERR,ERR,ERR,ERR,ERR,ERR,ERR,ERR,ERR,ERR,ERR,ERR,ERR,ERR,ERR,ERR,ERR,ERR,ERR,ERR,ERR,ERR,ERR,ERR,ERR,ERR,ERR,ERR,ERR,ERR,ERR,ERR,ERR,ERR,ERR,ERR,ERR,ERR,ERR,ERR,ERR,ERR,ERR,ERR,ERR,ERR,ERR,ERR,ERR,ERR,ERR,ERR,ERR,ERR,ERR,ERR,ERR,ERR,ERR,ERR,ERR,ERR,ERR,ERR,ERR,ERR,ERR,ERR,ERR,ERR,ERR,ERR,ERR,ERR,ERR,ERR,ERR,ERR,ERR,ERR,0.0,-2.7184523587222433e+23,0.0,0.0,8736973783040.0,442.508,0.0,0.0,4300,0,8,17162,4300,0.0,41,0.0,0.0,0.0,0.0,-0.0,0,0,0,0,0.0,0,0,0,0,0,0,0,0,0,0,0,0,0,0,0,0,0,0,0,0,0,0,0,0,0,0,0,0,0,0,0,0,0,13,35,34,47,65476,391,65476,1,0,4,21553,0.0,0.0,0.0,0.0,0.0,0.0,0.0,0.0,0.0,0.0,0.0,0.0,0.0,0.0,0.0,0.0,0.0,0.0,0.0,0.0,0.0,2.004,2.004,-0.0,-0.0,2.004,0.0,0.0,0.0,0.0,6623.0,-2.004,0.0,0.0,-2.7184523587222433e+23,0.0,0.0,0.0,0.0,2.004,2.004,224,-0.0,126841028608.0,0.0,0.0,0.0,0.0,0.0,0.0,0.0,0,0,0,-212237.734,-5.664892212215808e+16,2.666240439549247e+31,-0.0,7.036833344937798e+24,0.0,-3663988550270976.0,0.0,-0.0,-8.775065427317431e+24,-0.009,31443732480.0,0.0,0.0,0.0,-0.0,0,1.3516416376850534e+27,224,0.0,448,-0.0,-0.0,2114,0,17110,0,17112,0,17096,0,0,0,101,100,100,0.0,64.5,0.0,65.4,-107615240.0,64.5,1,49,50,180,0,0,0,0,0.0,0.0,0.0,60.0,291348.438,71.0,0.0,937906638159872.0,0.0,1070,0,1070,0,0,0,1070,0,1080,0,1000,0,649,0,650,0,646,0,675,0.032,1.0625324586456702e+22,-0.0,-107615280.0,62096,16813,291348.438,937906638159872.0,-0.0,2.388785435748264e+31,-4.5012726888123336e+30,-0.0,50.0,60.0,35,0.0,0.0,10.0,2.0,0.0,0.0,0.0,0.0,0.0,0.0,0.0,0.0,0.0,0.0,0.0,0.0,58.8,49,14,65514,26,65476,0,300,0,0,8,20529,65476,0,0,30147,60.0,0.0,10.0,10.0,2.0,0.0
2026-02-16T12:23:35,ERR,ERR,ERR,ERR,ERR,ERR,ERR,ERR,ERR,ERR,ERR,ERR,ERR,ERR,ERR,ERR,ERR,ERR,ERR,ERR,ERR,ERR,ERR,ERR,ERR,ERR,ERR,ERR,ERR,ERR,ERR,ERR,ERR,ERR,ERR,ERR,ERR,ERR,ERR,ERR,ERR,ERR,ERR,ERR,ERR,ERR,ERR,ERR,ERR,ERR,ERR,ERR,ERR,ERR,ERR,ERR,ERR,ERR,ERR,ERR,ERR,ERR,ERR,ERR,ERR,ERR,ERR,ERR,ERR,ERR,ERR,ERR,ERR,ERR,ERR,ERR,ERR,ERR,ERR,ERR,ERR,ERR,ERR,ERR,ERR,ERR,ERR,ERR,ERR,ERR,ERR,ERR,ERR,ERR,ERR,ERR,ERR,ERR,ERR,ERR,ERR,ERR,ERR,ERR,ERR,ERR,ERR,ERR,ERR,ERR,ERR,ERR,ERR,ERR,ERR,ERR,ERR,ERR,ERR,ERR,ERR,ERR,ERR,ERR,ERR,0.0,-2.7184523587222433e+23,0.0,0.0,8736973783040.0,442.508,0.0,0.0,4300,0,8,17162,4300,0.0,41,0.0,0.0,0.0,0.0,-0.0,0,0,0,0,0.0,0,0,0,0,0,0,0,0,0,0,0,0,0,0,0,0,0,0,0,0,0,0,0,0,0,0,0,0,0,0,0,0,0,13,35,34,47,65476,391,65476,1,0,4,21553,0.0,0.0,0.0,0.0,0.0,0.0,0.0,0.0,0.0,0.0,0.0,0.0,0.0,0.0,0.0,0.0,0.0,0.0,0.0,0.0,0.0,2.004,2.004,-0.0,-0.0,2.004,0.0,0.0,0.0,0.0,6623.0,-2.004,0.0,0.0,-2.7184523587222433e+23,0.0,0.0,0.0,0.0,2.004,2.004,224,-0.0,126841028608.0,0.0,0.0,0.0,0.0,0.0,0.0,0.0,0,0,0,-212237.734,-5.664892212215808e+16,2.666240439549247e+31,-0.0,7.036833344937798e+24,0.0,-3663988550270976.0,0.0,-0.0,-8.775065427317431e+24,-0.009,31443732480.0,0.0,0.0,0.0,-0.0,0,1.3516416376850534e+27,224,0.0,448,-0.0,-0.0,2114,0,17110,13107,17112,0,17096,0,0,0,101,100,100,0.0,64.5,0.0,65.4,-107615240.0,64.5,1,49,50,180,0,0,0,0,0.0,0.0,0.0,60.0,0.0,71.0,0.0,4.4001116688188703e+18,0.0,1070,0,1070,0,0,0,1070,0,1080,0,1000,0,649,0,650,0,646,0,675,0.032,1.4609821306377965e+22,-2.004,0.0,45712,16813,0.002,0.0,-0.0,3239995.0,-0.0,-3.863,50.0,60.0,35,0.0,0.0,10.0,2.0,0.0,0.0,0.0,0.0,0.0,0.0,0.0,0.0,0.0,0.0,0.0,0.0,58.8,49,14,65514,26,65476,0,300,0,0,8,20529,65476,0,0,30147,60.0,0.0,10.0,10.0,2.0,0.0
2026-02-16T12:23:36,ERR,ERR,ERR,ERR,ERR,ERR,ERR,ERR,ERR,ERR,ERR,ERR,ERR,ERR,ERR,ERR,ERR,ERR,ERR,ERR,ERR,ERR,ERR,ERR,ERR,ERR,ERR,ERR,ERR,ERR,ERR,ERR,ERR,ERR,ERR,ERR,ERR,ERR,ERR,ERR,ERR,ERR,ERR,ERR,ERR,ERR,ERR,ERR,ERR,ERR,ERR,ERR,ERR,ERR,ERR,ERR,ERR,ERR,ERR,ERR,ERR,ERR,ERR,ERR,ERR,ERR,ERR,ERR,ERR,ERR,ERR,ERR,ERR,ERR,ERR,ERR,ERR,ERR,ERR,ERR,ERR,ERR,ERR,ERR,ERR,ERR,ERR,ERR,ERR,ERR,ERR,ERR,ERR,ERR,ERR,ERR,ERR,ERR,ERR,ERR,ERR,ERR,ERR,ERR,ERR,ERR,ERR,ERR,ERR,ERR,ERR,ERR,ERR,ERR,ERR,ERR,ERR,ERR,ERR,ERR,ERR,ERR,ERR,ERR,ERR,0.0,-2.7184523587222433e+23,-0.0,0.0,-0.004,-0.0,1.5991323795499776e+26,55868997500928.0,4300,0,8,17162,4300,0.0,41,0.0,0.0,0.0,0.0,-0.0,0,0,0,0,0.0,0,0,0,0,0,0,0,0,0,0,0,0,0,0,0,0,0,0,0,0,0,0,0,0,0,0,0,0,0,0,0,0,0,13,35,34,47,65476,392,65476,1,0,4,21553,0.0,0.0,0.0,0.0,0.0,0.0,0.0,0.0,0.0,0.0,0.0,0.0,0.0,0.0,0.0,0.0,0.0,0.0,0.0,0.0,0.0,2.004,2.004,-0.0,-0.0,3.697075742657269e+19,0.0,0.0,0.0,0.0,6597.0,-8608233472.0,0.0,0.0,-2.7184523587222433e+23,0.0,0.0,0.0,0.0,2.004,2.004,225,0.0,2.7184282194282406e+23,0.0,0.0,0.0,0.0,0.0,0.0,0.0,0,0,0,-2397171303317504.0,0.0,-0.0,7.588951741295285e+29,3.0158878993795016e+30,2.9759323896172593e+35,445170112.0,-0.0,0.0,-9.266191541535874e+24,-0.01,32920127488.0,0.0,0.0,0.0,-0.0,0,1.3516416376850534e+27,225,0.0,448,0.0,4.689388604382247e+24,2114,0,17110,13107,17112,0,17096,0,0,0,101,100,100,0.0,64.5,0.0,65.4,-107615240.0,64.5,1,49,50,180,0,0,0,0,0.0,0.0,0.0,60.0,0.0,71.0,0.0,4.4001116688188703e+18,0.0,1070,0,1070,0,0,0,1070,0,1080,0,1000,0,649,0,650,0,646,0,675,0.032,1.4609821306377965e+22,-2.004,0.0,45712,16813,0.002,0.0,-0.0,3239995.0,-0.0,-3.863,50.0,60.0,35,0.0,0.0,10.0,2.0,0.0,0.0,0.0,0.0,0.0,0.0,0.0,0.0,0.0,0.0,0.0,0.0,58.8,49,14,65514,26,65476,0,300,0,0,8,20529,65476,0,0,30147,60.0,0.0,10.0,10.0,2.0,0.0
2026-02-16T12:23:37,ERR,ERR,ERR,ERR,ERR,ERR,ERR,ERR,ERR,ERR,ERR,ERR,ERR,ERR,ERR,ERR,ERR,ERR,ERR,ERR,ERR,ERR,ERR,ERR,ERR,ERR,ERR,ERR,ERR,ERR,ERR,ERR,ERR,ERR,ERR,ERR,ERR,ERR,ERR,ERR,ERR,ERR,ERR,ERR,ERR,ERR,ERR,ERR,ERR,ERR,ERR,ERR,ERR,ERR,ERR,ERR,ERR,ERR,ERR,ERR,ERR,ERR,ERR,ERR,ERR,ERR,ERR,ERR,ERR,ERR,ERR,ERR,ERR,ERR,ERR,ERR,ERR,ERR,ERR,ERR,ERR,ERR,ERR,ERR,ERR,ERR,ERR,ERR,ERR,ERR,ERR,ERR,ERR,ERR,ERR,ERR,ERR,ERR,ERR,ERR,ERR,ERR,ERR,ERR,ERR,ERR,ERR,ERR,ERR,ERR,ERR,ERR,ERR,ERR,ERR,ERR,ERR,ERR,ERR,ERR,ERR,ERR,ERR,ERR,ERR,0.0,-2.7184523587222433e+23,-0.0,0.0,-0.004,-0.0,1.5991323795499776e+26,55868997500928.0,4300,0,8,17162,4300,0.0,41,0.0,0.0,0.0,0.0,-0.0,0,0,0,0,0.0,0,0,0,0,0,0,0,0,0,0,0,0,0,0,0,0,0,0,0,0,0,0,0,0,0,0,0,0,0,0,0,0,0,13,35,34,47,65476,392,65476,1,0,4,21553,0.0,0.0,0.0,0.0,0.0,0.0,0.0,0.0,0.0,0.0,0.0,0.0,0.0,0.0,0.0,0.0,0.0,0.0,0.0,0.0,0.0,2.004,2.004,-0.0,-0.0,3.697075742657269e+19,0.0,0.0,0.0,0.0,6597.0,-8608233472.0,0.0,0.0,-2.7184523587222433e+23,0.0,0.0,0.0,0.0,2.004,2.004,225,0.0,2.7184282194282406e+23,0.0,0.0,0.0,0.0,0.0,0.0,0.0,0,0,0,-2397171303317504.0,0.0,-0.0,7.588951741295285e+29,3.0158878993795016e+30,2.9759323896172593e+35,445170112.0,-0.0,0.0,-9.266191541535874e+24,-0.01,32920127488.0,0.0,0.0,0.0,-0.0,0,1.3516416376850534e+27,225,0.0,448,0.0,4.689388604382247e+24,2114,0,17110,13107,17112,0,17096,0,0,0,101,100,100,0.0,64.5,0.0,65.4,-107615240.0,64.5,1,49,50,180,0,0,0,0,0.0,0.0,0.0,60.0,0.0,71.0,0.0,4.4001116688188703e+18,0.0,1070,0,1070,0,0,0,1070,0,1080,0,1000,0,649,0,650,0,646,0,675,0.032,1.4609821306377965e+22,-2.004,0.0,45712,16813,0.002,0.0,-0.0,3239995.0,-0.0,-3.863,50.0,60.0,35,0.0,0.0,10.0,2.0,0.0,0.0,0.0,0.0,0.0,0.0,0.0,0.0,0.0,0.0,0.0,0.0,58.8,49,14,65514,26,65476,0,300,0,0,8,20529,65476,0,0,30147,60.0,0.0,10.0,10.0,2.0,0.0
2026-02-16T12:23:38,ERR,ERR,ERR,ERR,ERR,ERR,ERR,ERR,ERR,ERR,ERR,ERR,ERR,ERR,ERR,ERR,ERR,ERR,ERR,ERR,ERR,ERR,ERR,ERR,ERR,ERR,ERR,ERR,ERR,ERR,ERR,ERR,ERR,ERR,ERR,ERR,ERR,ERR,ERR,ERR,ERR,ERR,ERR,ERR,ERR,ERR,ERR,ERR,ERR,ERR,ERR,ERR,ERR,ERR,ERR,ERR,ERR,ERR,ERR,ERR,ERR,ERR,ERR,ERR,ERR,ERR,ERR,ERR,ERR,ERR,ERR,ERR,ERR,ERR,ERR,ERR,ERR,ERR,ERR,ERR,ERR,ERR,ERR,ERR,ERR,ERR,ERR,ERR,ERR,ERR,ERR,ERR,ERR,ERR,ERR,ERR,ERR,ERR,ERR,ERR,ERR,ERR,ERR,ERR,ERR,ERR,ERR,ERR,ERR,ERR,ERR,ERR,ERR,ERR,ERR,ERR,ERR,ERR,ERR,ERR,ERR,ERR,ERR,ERR,ERR,0.0,-2.7184523587222433e+23,-0.0,0.0,-0.004,-0.0,1.5991323795499776e+26,55868997500928.0,4300,0,8,17162,4300,0.0,41,0.0,0.0,0.0,0.0,-0.0,0,0,0,0,0.0,0,0,0,0,0,0,0,0,0,0,0,0,0,0,0,0,0,0,0,0,0,0,0,0,0,0,0,0,0,0,0,0,0,13,35,34,47,65476,392,65476,1,0,4,21553,0.0,0.0,0.0,0.0,0.0,0.0,0.0,0.0,0.0,0.0,0.0,0.0,0.0,0.0,0.0,0.0,0.0,0.0,0.0,0.0,0.0,2.004,2.004,-0.0,-0.0,3.697075742657269e+19,0.0,0.0,0.0,0.0,6597.0,-8608233472.0,0.0,0.0,-2.7184523587222433e+23,0.0,0.0,0.0,0.0,2.004,2.004,225,0.0,2.7184282194282406e+23,0.0,0.0,0.0,0.0,0.0,0.0,0.0,0,0,0,-2397171303317504.0,0.0,-0.0,7.588951741295285e+29,3.0158878993795016e+30,2.9759323896172593e+35,445170112.0,-0.0,0.0,-9.266191541535874e+24,-0.01,32920127488.0,0.0,0.0,0.0,-0.0,0,1.3516416376850534e+27,225,0.0,448,0.0,4.689388604382247e+24,2114,0,17110,13107,17112,0,17096,0,0,0,101,100,100,0.0,64.5,0.0,65.4,-107615240.0,64.5,1,49,50,180,0,0,0,0,0.0,0.0,0.0,60.0,0.0,71.0,0.0,4.4001116688188703e+18,0.0,1070,0,1070,0,0,0,1070,0,1080,0,1000,0,649,0,650,0,646,0,675,0.032,1.4609821306377965e+22,-2.004,0.0,45712,16813,0.002,0.0,-0.0,3239995.0,-0.0,-3.863,50.0,60.0,35,0.0,0.0,10.0,2.0,0.0,0.0,0.0,0.0,0.0,0.0,0.0,0.0,0.0,0.0,0.0,0.0,58.8,49,14,65514,26,65476,0,300,0,0,8,20529,65476,0,0,30147,60.0,0.0,10.0,10.0,2.0,0.0
2026-02-16T12:23:39,ERR,ERR,ERR,ERR,ERR,ERR,ERR,ERR,ERR,ERR,ERR,ERR,ERR,ERR,ERR,ERR,ERR,ERR,ERR,ERR,ERR,ERR,ERR,ERR,ERR,ERR,ERR,ERR,ERR,ERR,ERR,ERR,ERR,ERR,ERR,ERR,ERR,ERR,ERR,ERR,ERR,ERR,ERR,ERR,ERR,ERR,ERR,ERR,ERR,ERR,ERR,ERR,ERR,ERR,ERR,ERR,ERR,ERR,ERR,ERR,ERR,ERR,ERR,ERR,ERR,ERR,ERR,ERR,ERR,ERR,ERR,ERR,ERR,ERR,ERR,ERR,ERR,ERR,ERR,ERR,ERR,ERR,ERR,ERR,ERR,ERR,ERR,ERR,ERR,ERR,ERR,ERR,ERR,ERR,ERR,ERR,ERR,ERR,ERR,ERR,ERR,ERR,ERR,ERR,ERR,ERR,ERR,ERR,ERR,ERR,ERR,ERR,ERR,ERR,ERR,ERR,ERR,ERR,ERR,ERR,ERR,ERR,ERR,ERR,ERR,0.0,-2.7184523587222433e+23,-0.0,0.0,-0.004,-0.0,1.5991323795499776e+26,55868997500928.0,4300,0,8,17162,4300,0.0,41,0.0,0.0,0.0,0.0,-0.0,0,0,0,0,0.0,0,0,0,0,0,0,0,0,0,0,0,0,0,0,0,0,0,0,0,0,0,0,0,0,0,0,0,0,0,0,0,0,0,13,35,34,47,65476,392,65476,1,0,4,21553,0.0,0.0,0.0,0.0,0.0,0.0,0.0,0.0,0.0,0.0,0.0,0.0,0.0,0.0,0.0,0.0,0.0,0.0,0.0,0.0,0.0,2.004,2.004,-0.0,-0.0,3.697075742657269e+19,0.0,0.0,0.0,0.0,6597.0,-8608233472.0,0.0,0.0,-2.7184523587222433e+23,0.0,0.0,0.0,0.0,2.004,2.004,225,0.0,2.7184282194282406e+23,0.0,0.0,0.0,0.0,0.0,0.0,0.0,0,0,0,-2397171303317504.0,0.0,-0.0,7.588951741295285e+29,3.0158878993795016e+30,2.9759323896172593e+35,445170112.0,-0.0,0.0,-9.266191541535874e+24,-0.01,32920127488.0,0.0,0.0,0.0,-0.0,0,1.3516416376850534e+27,225,0.0,448,0.0,4.689388604382247e+24,2114,0,17110,13107,17112,0,17096,0,0,0,101,100,100,0.0,64.5,0.0,65.4,-107615240.0,64.5,1,49,50,180,0,0,0,0,0.0,0.0,0.0,60.0,0.0,71.0,0.0,6.926725892651614e+18,0.0,1070,0,1070,0,0,0,1070,0,1081,0,1000,0,649,0,651,0,646,0,675,0.032,1.4240886424903774e+22,-2.004,0.0,58256,16813,0.0,6.926725892651614e+18,-0.0,-961550.688,-6.559844588396025e+22,-4.358181269059553e+26,50.0,60.0,35,0.0,0.0,10.0,2.0,0.0,0.0,0.0,0.0,0.0,0.0,0.0,0.0,0.0,0.0,0.0,0.0,58.8,49,14,65514,26,65476,0,300,0,0,8,20529,65476,0,0,30147,60.0,0.0,10.0,10.0,2.0,0.0
2026-02-16T12:23:40,ERR,ERR,ERR,ERR,ERR,ERR,ERR,ERR,ERR,ERR,ERR,ERR,ERR,ERR,ERR,ERR,ERR,ERR,ERR,ERR,ERR,ERR,ERR,ERR,ERR,ERR,ERR,ERR,ERR,ERR,ERR,ERR,ERR,ERR,ERR,ERR,ERR,ERR,ERR,ERR,ERR,ERR,ERR,ERR,ERR,ERR,ERR,ERR,ERR,ERR,ERR,ERR,ERR,ERR,ERR,ERR,ERR,ERR,ERR,ERR,ERR,ERR,ERR,ERR,ERR,ERR,ERR,ERR,ERR,ERR,ERR,ERR,ERR,ERR,ERR,ERR,ERR,ERR,ERR,ERR,ERR,ERR,ERR,ERR,ERR,ERR,ERR,ERR,ERR,ERR,ERR,ERR,ERR,ERR,ERR,ERR,ERR,ERR,ERR,ERR,ERR,ERR,ERR,ERR,ERR,ERR,ERR,ERR,ERR,ERR,ERR,ERR,ERR,ERR,ERR,ERR,ERR,ERR,ERR,ERR,ERR,ERR,ERR,ERR,ERR,0.0,-2.7184523587222433e+23,-0.0,0.0,-0.004,-0.0,1.5991323795499776e+26,55868997500928.0,4300,0,8,17162,4300,0.0,41,0.0,0.0,0.0,0.0,-0.0,0,0,0,0,0.0,0,0,0,0,0,0,0,0,0,0,0,0,0,0,0,0,0,0,0,0,0,0,0,0,0,0,0,0,0,0,0,0,0,13,35,34,47,65476,392,65476,1,0,4,21553,0.0,0.0,0.0,0.0,0.0,0.0,0.0,0.0,0.0,0.0,0.0,0.0,0.0,0.0,0.0,0.0,0.0,0.0,0.0,0.0,0.0,2.004,2.004,-0.0,-0.0,3.697075742657269e+19,0.0,0.0,0.0,0.0,6597.0,-8608233472.0,0.0,0.0,-2.7184523587222433e+23,0.0,0.0,0.0,0.0,2.004,2.004,225,0.0,2.7184282194282406e+23,0.0,0.0,0.0,0.0,0.0,0.0,0.0,0,0,0,-2397171303317504.0,0.0,-0.0,7.588951741295285e+29,3.0158878993795016e+30,2.9759323896172593e+35,445170112.0,-0.0,0.0,-9.266191541535874e+24,-0.01,32920127488.0,0.0,0.0,0.0,-0.0,0,1.3516416376850534e+27,225,0.0,448,0.0,4.689388604382247e+24,2114,0,17110,13107,17112,0,17096,0,0,0,101,100,100,0.0,64.5,0.0,65.4,-107615240.0,64.5,1,49,50,180,0,0,0,0,0.0,0.0,0.0,60.0,0.0,71.0,0.0,6.926725892651614e+18,0.0,1070,0,1070,0,0,0,1070,0,1081,0,1000,0,649,0,651,0,646,0,675,0.032,1.4240886424903774e+22,-2.004,0.0,58256,16813,0.0,6.926725892651614e+18,-0.0,-961550.688,-6.559844588396025e+22,-4.358181269059553e+26,50.0,60.0,35,0.0,0.0,10.0,2.0,0.0,0.0,0.0,0.0,0.0,0.0,0.0,0.0,0.0,0.0,0.0,0.0,58.8,49,14,65514,26,65476,0,300,0,0,8,20529,65476,0,0,30147,60.0,0.0,10.0,10.0,2.0,0.0
2026-02-16T12:23:41,ERR,ERR,ERR,ERR,ERR,ERR,ERR,ERR,ERR,ERR,ERR,ERR,ERR,ERR,ERR,ERR,ERR,ERR,ERR,ERR,ERR,ERR,ERR,ERR,ERR,ERR,ERR,ERR,ERR,ERR,ERR,ERR,ERR,ERR,ERR,ERR,ERR,ERR,ERR,ERR,ERR,ERR,ERR,ERR,ERR,ERR,ERR,ERR,ERR,ERR,ERR,ERR,ERR,ERR,ERR,ERR,ERR,ERR,ERR,ERR,ERR,ERR,ERR,ERR,ERR,ERR,ERR,ERR,ERR,ERR,ERR,ERR,ERR,ERR,ERR,ERR,ERR,ERR,ERR,ERR,ERR,ERR,ERR,ERR,ERR,ERR,ERR,ERR,ERR,ERR,ERR,ERR,ERR,ERR,ERR,ERR,ERR,ERR,ERR,ERR,ERR,ERR,ERR,ERR,ERR,ERR,ERR,ERR,ERR,ERR,ERR,ERR,ERR,ERR,ERR,ERR,ERR,ERR,ERR,ERR,ERR,ERR,ERR,ERR,ERR,0.0,-2.7184523587222433e+23,-0.0,0.0,-0.004,-6330924924928.0,-1.45321645812019e+32,0.0,4300,0,8,17162,4300,0.0,41,0.0,0.0,0.0,0.0,-0.0,0,0,0,0,0.0,0,0,0,0,0,0,0,0,0,0,0,0,0,0,0,0,0,0,0,0,0,0,0,0,0,0,0,0,0,0,0,0,0,13,35,34,47,65476,394,65476,1,0,4,21553,0.0,0.0,0.0,0.0,0.0,0.0,0.0,0.0,0.0,0.0,0.0,0.0,0.0,0.0,0.0,0.0,0.0,0.0,0.0,0.0,0.0,2.004,2.004,-0.0,-0.0,2.004,0.0,0.0,0.0,0.0,6604.0,-2.4230023160510894e+24,0.0,0.0,-2.7184523587222433e+23,0.0,0.0,-0.0,0.0,2.004,2.004,223,0.0,3.222024903336656e+26,0.0,0.0,0.0,0.0,0.0,0.0,0.0,0,0,0,-903074480128.0,0.0,4.8975567590932796e+30,1.9925030860184617e+19,6463928.0,-7.169291666498596e+26,1.322,4.6330848180136433e+24,0.0,-9.692113027139772e+24,-0.011,34970177536.0,0.0,0.0,0.0,-0.0,0,1.3516416376850534e+27,223,0.0,446,-0.0,-0.0,2114,0,17110,13107,17112,0,17096,0,0,0,101,100,100,0.0,64.5,0.0,65.4,-107615240.0,64.5,1,49,50,180,0,0,0,0,0.0,0.0,0.0,60.0,0.0,71.0,0.0,6.926725892651614e+18,0.0,1070,0,1070,0,0,0,1070,0,1081,0,1000,0,649,0,651,0,646,0,675,0.032,1.4240886424903774e+22,-2.004,0.0,58256,16813,0.0,6.926725892651614e+18,-0.0,-961550.688,-6.559844588396025e+22,-4.358181269059553e+26,50.0,60.0,35,0.0,0.0,10.0,2.0,0.0,0.0,0.0,0.0,0.0,0.0,0.0,0.0,0.0,0.0,0.0,0.0,59.2,49,14,65514,26,65476,0,300,0,0,8,20529,65476,0,0,30147,60.0,0.0,10.0,10.0,2.0,0.0
2026-02-16T12:23:42,ERR,ERR,ERR,ERR,ERR,ERR,ERR,ERR,ERR,ERR,ERR,ERR,ERR,ERR,ERR,ERR,ERR,ERR,ERR,ERR,ERR,ERR,ERR,ERR,ERR,ERR,ERR,ERR,ERR,ERR,ERR,ERR,ERR,ERR,ERR,ERR,ERR,ERR,ERR,ERR,ERR,ERR,ERR,ERR,ERR,ERR,ERR,ERR,ERR,ERR,ERR,ERR,ERR,ERR,ERR,ERR,ERR,ERR,ERR,ERR,ERR,ERR,ERR,ERR,ERR,ERR,ERR,ERR,ERR,ERR,ERR,ERR,ERR,ERR,ERR,ERR,ERR,ERR,ERR,ERR,ERR,ERR,ERR,ERR,ERR,ERR,ERR,ERR,ERR,ERR,ERR,ERR,ERR,ERR,ERR,ERR,ERR,ERR,ERR,ERR,ERR,ERR,ERR,ERR,ERR,ERR,ERR,ERR,ERR,ERR,ERR,ERR,ERR,ERR,ERR,ERR,ERR,ERR,ERR,ERR,ERR,ERR,ERR,ERR,ERR,0.0,-2.7184523587222433e+23,-0.0,0.0,-0.004,-6330924924928.0,-1.45321645812019e+32,0.0,4300,0,8,17162,4300,0.0,41,0.0,0.0,0.0,0.0,-0.0,0,0,0,0,0.0,0,0,0,0,0,0,0,0,0,0,0,0,0,0,0,0,0,0,0,0,0,0,0,0,0,0,0,0,0,0,0,0,0,13,35,34,47,65476,394,65476,1,0,4,21553,0.0,0.0,0.0,0.0,0.0,0.0,0.0,0.0,0.0,0.0,0.0,0.0,0.0,0.0,0.0,0.0,0.0,0.0,0.0,0.0,0.0,2.004,2.004,-0.0,-0.0,2.004,0.0,0.0,0.0,0.0,6604.0,-2.4230023160510894e+24,0.0,0.0,-2.7184523587222433e+23,0.0,0.0,-0.0,0.0,2.004,2.004,223,0.0,3.222024903336656e+26,0.0,0.0,0.0,0.0,0.0,0.0,0.0,0,0,0,-903074480128.0,0.0,4.8975567590932796e+30,1.9925030860184617e+19,6463928.0,-7.169291666498596e+26,1.322,4.6330848180136433e+24,0.0,-9.692113027139772e+24,-0.011,34970177536.0,0.0,0.0,0.0,-0.0,0,1.3516416376850534e+27,223,0.0,446,-0.0,-0.0,2114,0,17110,13107,17112,0,17096,0,0,0,101,100,100,0.0,64.6,0.0,65.4,-107615240.0,64.5,1,49,50,180,0,0,0,0,0.0,0.0,0.0,60.0,0.603,71.0,0.0,1.0384944602755798e+38,0.0,1070,0,1070,0,0,0,1070,0,1081,0,1000,0,649,0,650,0,646,0,676,0.032,1.4683608282672803e+22,0.0,0.0,62096,16813,0.603,1.0384944602755798e+38,-0.0,4.4440800823652836e+27,-2.1836066907143673e+32,-0.0,50.0,60.0,35,0.0,0.0,10.0,2.0,0.0,0.0,0.0,0.0,0.0,0.0,0.0,0.0,0.0,0.0,0.0,0.0,59.2,49,14,65514,26,65476,0,300,0,0,8,20529,65476,0,0,30147,60.0,0.0,10.0,10.0,2.0,0.0
2026-02-16T12:23:43,ERR,ERR,ERR,ERR,ERR,ERR,ERR,ERR,ERR,ERR,ERR,ERR,ERR,ERR,ERR,ERR,ERR,ERR,ERR,ERR,ERR,ERR,ERR,ERR,ERR,ERR,ERR,ERR,ERR,ERR,ERR,ERR,ERR,ERR,ERR,ERR,ERR,ERR,ERR,ERR,ERR,ERR,ERR,ERR,ERR,ERR,ERR,ERR,ERR,ERR,ERR,ERR,ERR,ERR,ERR,ERR,ERR,ERR,ERR,ERR,ERR,ERR,ERR,ERR,ERR,ERR,ERR,ERR,ERR,ERR,ERR,ERR,ERR,ERR,ERR,ERR,ERR,ERR,ERR,ERR,ERR,ERR,ERR,ERR,ERR,ERR,ERR,ERR,ERR,ERR,ERR,ERR,ERR,ERR,ERR,ERR,ERR,ERR,ERR,ERR,ERR,ERR,ERR,ERR,ERR,ERR,ERR,ERR,ERR,ERR,ERR,ERR,ERR,ERR,ERR,ERR,ERR,ERR,ERR,ERR,ERR,ERR,ERR,ERR,ERR,0.0,-2.7184523587222433e+23,-0.0,0.0,-0.004,-6330924924928.0,-1.45321645812019e+32,0.0,4300,0,8,17162,4300,0.0,41,0.0,0.0,0.0,0.0,-0.0,0,0,0,0,0.0,0,0,0,0,0,0,0,0,0,0,0,0,0,0,0,0,0,0,0,0,0,0,0,0,0,0,0,0,0,0,0,0,0,13,35,34,47,65476,394,65476,1,0,4,21553,0.0,0.0,0.0,0.0,0.0,0.0,0.0,0.0,0.0,0.0,0.0,0.0,0.0,0.0,0.0,0.0,0.0,0.0,0.0,0.0,0.0,2.004,2.004,-0.0,-0.0,2.004,0.0,0.0,0.0,0.0,6604.0,-2.4230023160510894e+24,0.0,0.0,-2.7184523587222433e+23,0.0,0.0,-0.0,0.0,2.004,2.004,223,0.0,3.222024903336656e+26,0.0,0.0,0.0,0.0,0.0,0.0,0.0,0,0,0,-903074480128.0,0.0,4.8975567590932796e+30,1.9925030860184617e+19,6463928.0,-7.169291666498596e+26,1.322,4.6330848180136433e+24,0.0,-9.692113027139772e+24,-0.011,34970177536.0,0.0,0.0,0.0,-0.0,0,1.3516416376850534e+27,223,0.0,446,-0.0,-0.0,2114,0,17110,13107,17112,0,17096,0,0,0,101,100,100,0.0,64.6,0.0,65.4,-107615240.0,64.5,1,49,50,180,0,0,0,0,0.0,0.0,0.0,60.0,0.603,71.0,0.0,1.0384944602755798e+38,0.0,1070,0,1070,0,0,0,1070,0,1081,0,1000,0,649,0,650,0,646,0,676,0.032,1.4683608282672803e+22,0.0,0.0,62096,16813,0.603,1.0384944602755798e+38,-0.0,4.4440800823652836e+27,-2.1836066907143673e+32,-0.0,50.0,60.0,35,0.0,0.0,10.0,2.0,0.0,0.0,0.0,0.0,0.0,0.0,0.0,0.0,0.0,0.0,0.0,0.0,59.2,49,14,65514,26,65476,0,300,0,0,8,20529,65476,0,0,30147,60.0,0.0,10.0,10.0,2.0,0.0
2026-02-16T12:23:44,ERR,ERR,ERR,ERR,ERR,ERR,ERR,ERR,ERR,ERR,ERR,ERR,ERR,ERR,ERR,ERR,ERR,ERR,ERR,ERR,ERR,ERR,ERR,ERR,ERR,ERR,ERR,ERR,ERR,ERR,ERR,ERR,ERR,ERR,ERR,ERR,ERR,ERR,ERR,ERR,ERR,ERR,ERR,ERR,ERR,ERR,ERR,ERR,ERR,ERR,ERR,ERR,ERR,ERR,ERR,ERR,ERR,ERR,ERR,ERR,ERR,ERR,ERR,ERR,ERR,ERR,ERR,ERR,ERR,ERR,ERR,ERR,ERR,ERR,ERR,ERR,ERR,ERR,ERR,ERR,ERR,ERR,ERR,ERR,ERR,ERR,ERR,ERR,ERR,ERR,ERR,ERR,ERR,ERR,ERR,ERR,ERR,ERR,ERR,ERR,ERR,ERR,ERR,ERR,ERR,ERR,ERR,ERR,ERR,ERR,ERR,ERR,ERR,ERR,ERR,ERR,ERR,ERR,ERR,ERR,ERR,ERR,ERR,ERR,ERR,0.0,-2.7184523587222433e+23,-0.0,0.0,-0.004,-6330924924928.0,-1.45321645812019e+32,0.0,4300,0,8,17162,4300,0.0,41,0.0,0.0,0.0,0.0,-0.0,0,0,0,0,0.0,0,0,0,0,0,0,0,0,0,0,0,0,0,0,0,0,0,0,0,0,0,0,0,0,0,0,0,0,0,0,0,0,0,13,35,34,47,65476,394,65476,1,0,4,21553,0.0,0.0,0.0,0.0,0.0,0.0,0.0,0.0,0.0,0.0,0.0,0.0,0.0,0.0,0.0,0.0,0.0,0.0,0.0,0.0,0.0,2.004,2.004,-0.0,-0.0,2.004,0.0,0.0,0.0,0.0,6604.0,-2.4230023160510894e+24,0.0,0.0,-2.7184523587222433e+23,0.0,0.0,-0.0,0.0,2.004,2.004,223,0.0,3.222024903336656e+26,0.0,0.0,0.0,0.0,0.0,0.0,0.0,0,0,0,-903074480128.0,0.0,4.8975567590932796e+30,1.9925030860184617e+19,6463928.0,-7.169291666498596e+26,1.322,4.6330848180136433e+24,0.0,-9.692113027139772e+24,-0.011,34970177536.0,0.0,0.0,0.0,-0.0,0,1.3516416376850534e+27,223,0.0,446,-0.0,-0.0,2114,0,17110,13107,17112,0,17096,0,0,0,101,100,100,0.0,64.6,0.0,65.4,-107615240.0,64.5,1,49,50,180,0,0,0,0,0.0,0.0,0.0,60.0,0.603,71.0,0.0,1.0384944602755798e+38,0.0,1070,0,1070,0,0,0,1070,0,1081,0,1000,0,649,0,650,0,646,0,676,0.032,1.4683608282672803e+22,0.0,0.0,62096,16813,0.603,1.0384944602755798e+38,-0.0,4.4440800823652836e+27,-2.1836066907143673e+32,-0.0,50.0,60.0,35,0.0,0.0,10.0,2.0,0.0,0.0,0.0,0.0,0.0,0.0,0.0,0.0,0.0,0.0,0.0,0.0,59.2,49,14,65514,26,65476,0,300,0,0,8,20529,65476,0,0,30147,60.0,0.0,10.0,10.0,2.0,0.0
2026-02-16T12:23:45,ERR,ERR,ERR,ERR,ERR,ERR,ERR,ERR,ERR,ERR,ERR,ERR,ERR,ERR,ERR,ERR,ERR,ERR,ERR,ERR,ERR,ERR,ERR,ERR,ERR,ERR,ERR,ERR,ERR,ERR,ERR,ERR,ERR,ERR,ERR,ERR,ERR,ERR,ERR,ERR,ERR,ERR,ERR,ERR,ERR,ERR,ERR,ERR,ERR,ERR,ERR,ERR,ERR,ERR,ERR,ERR,ERR,ERR,ERR,ERR,ERR,ERR,ERR,ERR,ERR,ERR,ERR,ERR,ERR,ERR,ERR,ERR,ERR,ERR,ERR,ERR,ERR,ERR,ERR,ERR,ERR,ERR,ERR,ERR,ERR,ERR,ERR,ERR,ERR,ERR,ERR,ERR,ERR,ERR,ERR,ERR,ERR,ERR,ERR,ERR,ERR,ERR,ERR,ERR,ERR,ERR,ERR,ERR,ERR,ERR,ERR,ERR,ERR,ERR,ERR,ERR,ERR,ERR,ERR,ERR,ERR,ERR,ERR,ERR,ERR,0.0,-2.7184523587222433e+23,0.0,0.0,8736973783040.0,-6.001234107642675e+17,0.0,-0.0,4300,0,8,17162,4300,0.0,41,0.0,0.0,0.0,0.0,-0.0,0,0,0,0,0.0,0,0,0,0,0,0,0,0,0,0,0,0,0,0,0,0,0,0,0,0,0,0,0,0,0,0,0,0,0,0,0,0,0,13,35,35,47,65476,397,65476,1,0,4,21553,0.0,-107610720.0,0.0,0.0,0.0,0.0,0.0,0.0,0.0,0.0,0.0,0.0,0.0,0.0,0.0,0.0,0.0,0.0,0.0,0.0,0.0,2.004,2.004,-0.0,-2.004,-0.0,0.0,0.0,0.0,0.0,6603.0,-3.697208123857253e+19,0.0,0.0,-2.7184523587222433e+23,0.0,107616264.0,0.0,0.0,2.004,2.004,225,0.0,2.7184282194282406e+23,0.0,0.0,0.0,0.0,0.0,0.0,0.0,0,0,0,-111811448.0,0.0,3.5552004024890797e+25,-3.771104852339642e+35,2.5690467414986195e+19,-2.66827858393604e+24,-0.0,-0.0,-0.0,-1.0674365255576659e+25,-0.012,37922967552.0,0.0,0.0,0.0,-205779904.0,0,1.3516416376850534e+27,225,0.0,450,-0.0,0.0,2114,0,17110,0,17112,0,17096,0,0,0,101,100,100,0.0,64.6,0.0,65.4,-107615240.0,64.5,1,49,50,180,52429,0,0,0,0.0,0.0,0.0,60.0,1954.08,71.0,0.0,-5.229923608381358e+17,0.0,1070,0,1070,0,0,0,1070,0,1081,0,1000,0,649,0,651,0,646,0,676,0.032,1.2543785970122495e+22,0.0,0.0,50960,16813,0.0,-250969317179392.0,0.0,0.0,0.0,0.0,50.0,60.0,35,0.0,0.0,10.0,2.0,0.0,0.0,0.0,0.0,0.0,0.0,0.0,0.0,0.0,0.0,0.0,0.0,58.8,49,14,65514,26,65476,0,300,0,0,8,20529,65476,0,0,30147,60.0,0.0,10.0,10.0,2.0,0.0
2026-02-16T12:23:46,ERR,ERR,ERR,ERR,ERR,ERR,ERR,ERR,ERR,ERR,ERR,ERR,ERR,ERR,ERR,ERR,ERR,ERR,ERR,ERR,ERR,ERR,ERR,ERR,ERR,ERR,ERR,ERR,ERR,ERR,ERR,ERR,ERR,ERR,ERR,ERR,ERR,ERR,ERR,ERR,ERR,ERR,ERR,ERR,ERR,ERR,ERR,ERR,ERR,ERR,ERR,ERR,ERR,ERR,ERR,ERR,ERR,ERR,ERR,ERR,ERR,ERR,ERR,ERR,ERR,ERR,ERR,ERR,ERR,ERR,ERR,ERR,ERR,ERR,ERR,ERR,ERR,ERR,ERR,ERR,ERR,ERR,ERR,ERR,ERR,ERR,ERR,ERR,ERR,ERR,ERR,ERR,ERR,ERR,ERR,ERR,ERR,ERR,ERR,ERR,ERR,ERR,ERR,ERR,ERR,ERR,ERR,ERR,ERR,ERR,ERR,ERR,ERR,ERR,ERR,ERR,ERR,ERR,ERR,ERR,ERR,ERR,ERR,ERR,ERR,0.0,-2.7184523587222433e+23,0.0,0.0,8736973783040.0,-6.001234107642675e+17,0.0,-0.0,4300,0,8,17162,4300,0.0,41,0.0,0.0,0.0,0.0,-0.0,0,0,0,0,0.0,0,0,0,0,0,0,0,0,0,0,0,0,0,0,0,0,0,0,0,0,0,0,0,0,0,0,0,0,0,0,0,0,0,13,35,35,47,65476,397,65476,1,0,4,21553,0.0,-107610720.0,0.0,0.0,0.0,0.0,0.0,0.0,0.0,0.0,0.0,0.0,0.0,0.0,0.0,0.0,0.0,0.0,0.0,0.0,0.0,2.004,2.004,-0.0,-2.004,-0.0,0.0,0.0,0.0,0.0,6603.0,-3.697208123857253e+19,0.0,0.0,-2.7184523587222433e+23,0.0,107616264.0,0.0,0.0,2.004,2.004,225,0.0,2.7184282194282406e+23,0.0,0.0,0.0,0.0,0.0,0.0,0.0,0,0,0,-111811448.0,0.0,3.5552004024890797e+25,-3.771104852339642e+35,2.5690467414986195e+19,-2.66827858393604e+24,-0.0,-0.0,-0.0,-1.0674365255576659e+25,-0.012,37922967552.0,0.0,0.0,0.0,-205779904.0,0,1.3516416376850534e+27,225,0.0,450,-0.0,0.0,2114,0,17110,0,17112,0,17096,0,0,0,101,100,100,0.0,64.6,0.0,65.4,-107615240.0,64.5,1,49,50,180,52429,0,0,0,0.0,0.0,0.0,60.0,1954.08,71.0,0.0,-5.229923608381358e+17,0.0,1070,0,1070,0,0,0,1070,0,1081,0,1000,0,649,0,651,0,646,0,676,0.032,1.2543785970122495e+22,0.0,0.0,50960,16813,0.0,-250969317179392.0,0.0,0.0,0.0,0.0,50.0,60.0,35,0.0,0.0,10.0,2.0,0.0,0.0,0.0,0.0,0.0,0.0,0.0,0.0,0.0,0.0,0.0,0.0,58.8,49,14,65514,26,65476,0,300,0,0,8,20529,65476,0,0,30147,60.0,0.0,10.0,10.0,2.0,0.0
2026-02-16T12:23:47,ERR,ERR,ERR,ERR,ERR,ERR,ERR,ERR,ERR,ERR,ERR,ERR,ERR,ERR,ERR,ERR,ERR,ERR,ERR,ERR,ERR,ERR,ERR,ERR,ERR,ERR,ERR,ERR,ERR,ERR,ERR,ERR,ERR,ERR,ERR,ERR,ERR,ERR,ERR,ERR,ERR,ERR,ERR,ERR,ERR,ERR,ERR,ERR,ERR,ERR,ERR,ERR,ERR,ERR,ERR,ERR,ERR,ERR,ERR,ERR,ERR,ERR,ERR,ERR,ERR,ERR,ERR,ERR,ERR,ERR,ERR,ERR,ERR,ERR,ERR,ERR,ERR,ERR,ERR,ERR,ERR,ERR,ERR,ERR,ERR,ERR,ERR,ERR,ERR,ERR,ERR,ERR,ERR,ERR,ERR,ERR,ERR,ERR,ERR,ERR,ERR,ERR,ERR,ERR,ERR,ERR,ERR,ERR,ERR,ERR,ERR,ERR,ERR,ERR,ERR,ERR,ERR,ERR,ERR,ERR,ERR,ERR,ERR,ERR,ERR,0.0,-2.7184523587222433e+23,0.0,0.0,8736973783040.0,-6.001234107642675e+17,0.0,-0.0,4300,0,8,17162,4300,0.0,41,0.0,0.0,0.0,0.0,-0.0,0,0,0,0,0.0,0,0,0,0,0,0,0,0,0,0,0,0,0,0,0,0,0,0,0,0,0,0,0,0,0,0,0,0,0,0,0,0,0,13,35,35,47,65476,397,65476,1,0,4,21553,0.0,-107610720.0,0.0,0.0,0.0,0.0,0.0,0.0,0.0,0.0,0.0,0.0,0.0,0.0,0.0,0.0,0.0,0.0,0.0,0.0,0.0,2.004,2.004,-0.0,-2.004,-0.0,0.0,0.0,0.0,0.0,6603.0,-3.697208123857253e+19,0.0,0.0,-2.7184523587222433e+23,0.0,107616264.0,0.0,0.0,2.004,2.004,225,0.0,2.7184282194282406e+23,0.0,0.0,0.0,0.0,0.0,0.0,0.0,0,0,0,-111811448.0,0.0,3.5552004024890797e+25,-3.771104852339642e+35,2.5690467414986195e+19,-2.66827858393604e+24,-0.0,-0.0,-0.0,-1.0674365255576659e+25,-0.012,37922967552.0,0.0,0.0,0.0,-205779904.0,0,1.3516416376850534e+27,225,0.0,450,-0.0,0.0,2114,0,17110,0,17112,0,17096,0,0,0,101,100,100,0.0,64.6,0.0,65.4,-107615240.0,64.5,1,49,50,180,52429,0,0,0,0.0,0.0,0.0,60.0,1954.08,71.0,0.0,-5.229923608381358e+17,0.0,1070,0,1070,0,0,0,1070,0,1081,0,1000,0,649,0,651,0,646,0,676,0.032,1.2543785970122495e+22,0.0,0.0,50960,16813,0.0,-250969317179392.0,0.0,0.0,0.0,0.0,50.0,60.0,35,0.0,0.0,10.0,2.0,0.0,0.0,0.0,0.0,0.0,0.0,0.0,0.0,0.0,0.0,0.0,0.0,59.2,49,14,65514,26,65476,0,300,0,0,8,20529,65476,0,0,30147,60.0,0.0,10.0,10.0,2.0,0.0
2026-02-16T12:23:48,ERR,ERR,ERR,ERR,ERR,ERR,ERR,ERR,ERR,ERR,ERR,ERR,ERR,ERR,ERR,ERR,ERR,ERR,ERR,ERR,ERR,ERR,ERR,ERR,ERR,ERR,ERR,ERR,ERR,ERR,ERR,ERR,ERR,ERR,ERR,ERR,ERR,ERR,ERR,ERR,ERR,ERR,ERR,ERR,ERR,ERR,ERR,ERR,ERR,ERR,ERR,ERR,ERR,ERR,ERR,ERR,ERR,ERR,ERR,ERR,ERR,ERR,ERR,ERR,ERR,ERR,ERR,ERR,ERR,ERR,ERR,ERR,ERR,ERR,ERR,ERR,ERR,ERR,ERR,ERR,ERR,ERR,ERR,ERR,ERR,ERR,ERR,ERR,ERR,ERR,ERR,ERR,ERR,ERR,ERR,ERR,ERR,ERR,ERR,ERR,ERR,ERR,ERR,ERR,ERR,ERR,ERR,ERR,ERR,ERR,ERR,ERR,ERR,ERR,ERR,ERR,ERR,ERR,ERR,ERR,ERR,ERR,ERR,ERR,ERR,0.0,-2.7184523587222433e+23,0.0,0.0,8736973783040.0,-6.001234107642675e+17,0.0,-0.0,4300,0,8,17162,4300,0.0,41,0.0,0.0,0.0,0.0,-0.0,0,0,0,0,0.0,0,0,0,0,0,0,0,0,0,0,0,0,0,0,0,0,0,0,0,0,0,0,0,0,0,0,0,0,0,0,0,0,0,13,35,35,47,65476,397,65476,1,0,4,21553,0.0,-107610720.0,0.0,0.0,0.0,0.0,0.0,0.0,0.0,0.0,0.0,0.0,0.0,0.0,0.0,0.0,0.0,0.0,0.0,0.0,0.0,2.004,2.004,-0.0,-2.004,-0.0,0.0,0.0,0.0,0.0,6603.0,-3.697208123857253e+19,0.0,0.0,-2.7184523587222433e+23,0.0,107616264.0,0.0,0.0,2.004,2.004,225,0.0,2.7184282194282406e+23,0.0,0.0,0.0,0.0,0.0,0.0,0.0,0,0,0,-111811448.0,0.0,3.5552004024890797e+25,-3.771104852339642e+35,2.5690467414986195e+19,-2.66827858393604e+24,-0.0,-0.0,-0.0,-1.0674365255576659e+25,-0.012,37922967552.0,0.0,0.0,0.0,-205779904.0,0,1.3516416376850534e+27,225,0.0,450,-0.0,0.0,2114,0,17110,0,17112,0,17096,0,0,0,101,100,100,0.0,64.6,0.0,65.4,-107615240.0,64.5,1,49,50,180,52429,0,0,0,0.0,0.0,0.0,60.0,1954.08,71.0,0.0,-5.229923608381358e+17,0.0,1070,0,1070,0,0,0,1070,0,1081,0,1000,0,649,0,651,0,646,0,676,0.032,1.2543785970122495e+22,0.0,0.0,50960,16813,0.0,-250969317179392.0,0.0,0.0,0.0,0.0,50.0,60.0,35,0.0,0.0,10.0,2.0,0.0,0.0,0.0,0.0,0.0,0.0,0.0,0.0,0.0,0.0,0.0,0.0,59.2,49,14,65514,26,65476,0,300,0,0,8,20529,65476,0,0,30147,60.0,0.0,10.0,10.0,2.0,0.0
2026-02-16T12:23:49,ERR,ERR,ERR,ERR,ERR,ERR,ERR,ERR,ERR,ERR,ERR,ERR,ERR,ERR,ERR,ERR,ERR,ERR,ERR,ERR,ERR,ERR,ERR,ERR,ERR,ERR,ERR,ERR,ERR,ERR,ERR,ERR,ERR,ERR,ERR,ERR,ERR,ERR,ERR,ERR,ERR,ERR,ERR,ERR,ERR,ERR,ERR,ERR,ERR,ERR,ERR,ERR,ERR,ERR,ERR,ERR,ERR,ERR,ERR,ERR,ERR,ERR,ERR,ERR,ERR,ERR,ERR,ERR,ERR,ERR,ERR,ERR,ERR,ERR,ERR,ERR,ERR,ERR,ERR,ERR,ERR,ERR,ERR,ERR,ERR,ERR,ERR,ERR,ERR,ERR,ERR,ERR,ERR,ERR,ERR,ERR,ERR,ERR,ERR,ERR,ERR,ERR,ERR,ERR,ERR,ERR,ERR,ERR,ERR,ERR,ERR,ERR,ERR,ERR,ERR,ERR,ERR,ERR,ERR,ERR,ERR,ERR,ERR,ERR,ERR,0.0,-2.7184523587222433e+23,0.0,0.0,8736973783040.0,-6.001234107642675e+17,0.0,-0.0,4300,0,8,17162,4300,0.0,41,0.0,0.0,0.0,0.0,-0.0,0,0,0,0,0.0,0,0,0,0,0,0,0,0,0,0,0,0,0,0,0,0,0,0,0,0,0,0,0,0,0,0,0,0,0,0,0,0,0,13,35,35,47,65476,397,65476,1,0,4,21553,0.0,-107610720.0,0.0,0.0,0.0,0.0,0.0,0.0,0.0,0.0,0.0,0.0,0.0,0.0,0.0,0.0,0.0,0.0,0.0,0.0,0.0,2.004,2.004,-0.0,-2.004,-0.0,0.0,0.0,0.0,0.0,6603.0,-3.697208123857253e+19,0.0,0.0,-2.7184523587222433e+23,0.0,107616264.0,0.0,0.0,2.004,2.004,225,0.0,2.7184282194282406e+23,0.0,0.0,0.0,0.0,0.0,0.0,0.0,0,0,0,-111811448.0,0.0,3.5552004024890797e+25,-3.771104852339642e+35,2.5690467414986195e+19,-2.66827858393604e+24,-0.0,-0.0,-0.0,-1.0674365255576659e+25,-0.012,37922967552.0,0.0,0.0,0.0,-205779904.0,0,1.3516416376850534e+27,225,0.0,450,-0.0,0.0,2114,0,17110,0,17112,0,17096,0,0,0,101,100,100,0.0,64.6,0.0,65.4,-107615240.0,64.5,1,49,50,180,52429,0,0,0,0.0,0.0,0.0,60.0,0.0,71.0,0.0,0.0,0.0,1069,0,1070,0,0,0,1070,0,1081,0,1000,0,649,0,651,0,646,0,676,0.032,1.4609821306377965e+22,0.0,0.0,47504,16813,0.094,16372778139648.0,-0.0,-2988.057,-348664512.0,-0.0,50.0,60.0,35,0.0,0.0,10.0,2.0,0.0,0.0,0.0,0.0,0.0,0.0,0.0,0.0,0.0,0.0,0.0,0.0,58.8,49,14,65514,26,65476,0,300,0,0,8,20529,65476,0,0,30147,60.0,0.0,10.0,10.0,2.0,0.0
2026-02-16T12:23:50,ERR,ERR,ERR,ERR,ERR,ERR,ERR,ERR,ERR,ERR,ERR,ERR,ERR,ERR,ERR,ERR,ERR,ERR,ERR,ERR,ERR,ERR,ERR,ERR,ERR,ERR,ERR,ERR,ERR,ERR,ERR,ERR,ERR,ERR,ERR,ERR,ERR,ERR,ERR,ERR,ERR,ERR,ERR,ERR,ERR,ERR,ERR,ERR,ERR,ERR,ERR,ERR,ERR,ERR,ERR,ERR,ERR,ERR,ERR,ERR,ERR,ERR,ERR,ERR,ERR,ERR,ERR,ERR,ERR,ERR,ERR,ERR,ERR,ERR,ERR,ERR,ERR,ERR,ERR,ERR,ERR,ERR,ERR,ERR,ERR,ERR,ERR,ERR,ERR,ERR,ERR,ERR,ERR,ERR,ERR,ERR,ERR,ERR,ERR,ERR,ERR,ERR,ERR,ERR,ERR,ERR,ERR,ERR,ERR,ERR,ERR,ERR,ERR,ERR,ERR,ERR,ERR,ERR,ERR,ERR,ERR,ERR,ERR,ERR,ERR,0.0,-2.7184523587222433e+23,0.0,0.0,8736973783040.0,0.0,157534887346176.0,1.7023621984623264e+19,4300,0,8,17162,4300,0.0,41,0.0,0.0,0.0,0.0,-0.0,0,0,0,0,0.0,0,0,0,0,0,0,0,0,0,0,0,0,0,0,0,0,0,0,0,0,0,0,0,0,0,0,0,0,0,0,0,0,0,13,35,35,48,65476,397,65476,1,0,4,21553,0.0,-0.0,0.0,0.0,0.0,0.0,0.0,0.0,0.0,0.0,0.0,0.0,0.0,0.0,0.0,0.0,0.0,0.0,0.0,0.0,0.0,2.004,3.697062548517736e+19,-0.0,-2.004,0.0,0.0,0.0,0.0,0.0,6604.0,-8608233472.0,0.0,0.0,-2.7184523587222433e+23,2.718449836706452e+23,-0.0,0.0,0.0,2.004,2.004,224,0.0,107615264.0,0.0,0.0,0.0,0.0,0.0,0.0,0.0,0,0,0,-23538264178688.0,-19.032,2.9495583708976155e+29,-0.0,7.559586933136846e+28,-0.0,-2.2398227015824887e+20,-526720761856.0,-126.637,-1.1505501756561716e+25,-0.012,41412628480.0,0.0,0.0,0.0,-17213022208.0,0,1.3516416376850534e+27,224,0.0,448,-0.0,0.0,2114,0,17110,0,17112,0,17096,0,0,0,101,100,100,0.0,64.6,0.0,65.4,-107615240.0,64.5,1,49,50,180,52429,0,0,0,0.0,0.0,0.0,60.0,0.0,71.0,0.0,0.0,0.0,1069,0,1070,0,0,0,1070,0,1081,0,1000,0,649,0,651,0,646,0,676,0.032,1.4609821306377965e+22,0.0,0.0,47504,16813,0.094,16372778139648.0,-0.0,-2988.057,-348664512.0,-0.0,50.0,60.0,35,0.0,0.0,10.0,2.0,0.0,0.0,0.0,0.0,0.0,0.0,0.0,0.0,0.0,0.0,0.0,0.0,58.8,49,14,65514,26,65476,0,300,0,0,8,20529,65476,0,0,30147,60.0,0.0,10.0,10.0,2.0,0.0
2026-02-16T12:23:51,ERR,ERR,ERR,ERR,ERR,ERR,ERR,ERR,ERR,ERR,ERR,ERR,ERR,ERR,ERR,ERR,ERR,ERR,ERR,ERR,ERR,ERR,ERR,ERR,ERR,ERR,ERR,ERR,ERR,ERR,ERR,ERR,ERR,ERR,ERR,ERR,ERR,ERR,ERR,ERR,ERR,ERR,ERR,ERR,ERR,ERR,ERR,ERR,ERR,ERR,ERR,ERR,ERR,ERR,ERR,ERR,ERR,ERR,ERR,ERR,ERR,ERR,ERR,ERR,ERR,ERR,ERR,ERR,ERR,ERR,ERR,ERR,ERR,ERR,ERR,ERR,ERR,ERR,ERR,ERR,ERR,ERR,ERR,ERR,ERR,ERR,ERR,ERR,ERR,ERR,ERR,ERR,ERR,ERR,ERR,ERR,ERR,ERR,ERR,ERR,ERR,ERR,ERR,ERR,ERR,ERR,ERR,ERR,ERR,ERR,ERR,ERR,ERR,ERR,ERR,ERR,ERR,ERR,ERR,ERR,ERR,ERR,ERR,ERR,ERR,0.0,-2.7184523587222433e+23,0.0,0.0,8736973783040.0,0.0,157534887346176.0,1.7023621984623264e+19,4300,0,8,17162,4300,0.0,41,0.0,0.0,0.0,0.0,-0.0,0,0,0,0,0.0,0,0,0,0,0,0,0,0,0,0,0,0,0,0,0,0,0,0,0,0,0,0,0,0,0,0,0,0,0,0,0,0,0,13,35,35,48,65476,397,65476,1,0,4,21553,0.0,-0.0,0.0,0.0,0.0,0.0,0.0,0.0,0.0,0.0,0.0,0.0,0.0,0.0,0.0,0.0,0.0,0.0,0.0,0.0,0.0,2.004,3.697062548517736e+19,-0.0,-2.004,0.0,0.0,0.0,0.0,0.0,6604.0,-8608233472.0,0.0,0.0,-2.7184523587222433e+23,2.718449836706452e+23,-0.0,0.0,0.0,2.004,2.004,224,0.0,107615264.0,0.0,0.0,0.0,0.0,0.0,0.0,0.0,0,0,0,-23538264178688.0,-19.032,2.9495583708976155e+29,-0.0,7.559586933136846e+28,-0.0,-2.2398227015824887e+20,-526720761856.0,-126.637,-1.1505501756561716e+25,-0.012,41412628480.0,0.0,0.0,0.0,-17213022208.0,0,1.3516416376850534e+27,224,0.0,448,-0.0,0.0,2114,0,17110,0,17112,0,17096,0,0,0,101,100,100,0.0,64.6,0.0,65.4,-107615240.0,64.5,1,49,50,180,52429,0,0,0,0.0,0.0,0.0,60.0,0.0,71.0,0.0,0.0,0.0,1069,0,1070,0,0,0,1070,0,1081,0,1000,0,649,0,651,0,646,0,676,0.032,1.4609821306377965e+22,0.0,0.0,47504,16813,0.094,16372778139648.0,-0.0,-2988.057,-348664512.0,-0.0,50.0,60.0,35,0.0,0.0,10.0,2.0,0.0,0.0,0.0,0.0,0.0,0.0,0.0,0.0,0.0,0.0,0.0,0.0,58.8,49,14,65514,26,65476,0,300,0,0,8,20529,65476,0,0,30147,60.0,0.0,10.0,10.0,2.0,0.0
2026-02-16T12:23:52,ERR,ERR,ERR,ERR,ERR,ERR,ERR,ERR,ERR,ERR,ERR,ERR,ERR,ERR,ERR,ERR,ERR,ERR,ERR,ERR,ERR,ERR,ERR,ERR,ERR,ERR,ERR,ERR,ERR,ERR,ERR,ERR,ERR,ERR,ERR,ERR,ERR,ERR,ERR,ERR,ERR,ERR,ERR,ERR,ERR,ERR,ERR,ERR,ERR,ERR,ERR,ERR,ERR,ERR,ERR,ERR,ERR,ERR,ERR,ERR,ERR,ERR,ERR,ERR,ERR,ERR,ERR,ERR,ERR,ERR,ERR,ERR,ERR,ERR,ERR,ERR,ERR,ERR,ERR,ERR,ERR,ERR,ERR,ERR,ERR,ERR,ERR,ERR,ERR,ERR,ERR,ERR,ERR,ERR,ERR,ERR,ERR,ERR,ERR,ERR,ERR,ERR,ERR,ERR,ERR,ERR,ERR,ERR,ERR,ERR,ERR,ERR,ERR,ERR,ERR,ERR,ERR,ERR,ERR,ERR,ERR,ERR,ERR,ERR,ERR,0.0,-2.7184523587222433e+23,0.0,0.0,8736973783040.0,0.0,157534887346176.0,1.7023621984623264e+19,4300,0,8,17162,4300,0.0,41,0.0,0.0,0.0,0.0,-0.0,0,0,0,0,0.0,0,0,0,0,0,0,0,0,0,0,0,0,0,0,0,0,0,0,0,0,0,0,0,0,0,0,0,0,0,0,0,0,0,13,35,35,48,65476,397,65476,1,0,4,21553,0.0,-0.0,0.0,0.0,0.0,0.0,0.0,0.0,0.0,0.0,0.0,0.0,0.0,0.0,0.0,0.0,0.0,0.0,0.0,0.0,0.0,2.004,3.697062548517736e+19,-0.0,-2.004,0.0,0.0,0.0,0.0,0.0,6604.0,-8608233472.0,0.0,0.0,-2.7184523587222433e+23,2.718449836706452e+23,-0.0,0.0,0.0,2.004,2.004,224,0.0,107615264.0,0.0,0.0,0.0,0.0,0.0,0.0,0.0,0,0,0,-23538264178688.0,-19.032,2.9495583708976155e+29,-0.0,7.559586933136846e+28,-0.0,-2.2398227015824887e+20,-526720761856.0,-126.637,-1.1505501756561716e+25,-0.012,41412628480.0,0.0,0.0,0.0,-17213022208.0,0,1.3516416376850534e+27,224,0.0,448,-0.0,0.0,2114,0,17110,0,17112,0,17096,0,0,0,101,100,100,0.0,64.6,0.0,65.4,-107615240.0,64.5,1,49,50,180,52429,0,0,0,0.0,0.0,0.0,60.0,0.0,71.0,0.0,0.0,0.0,1069,0,1070,0,0,0,1070,0,1081,0,1000,0,649,0,651,0,646,0,676,0.032,1.2543785970122495e+22,0.0,0.0,48144,16813,0.0,5.973383791902213e+33,9.190190631354368e+16,0.0,-0.0,8.445732762567791e+31,50.0,60.0,35,0.0,0.0,10.0,2.0,0.0,0.0,0.0,0.0,0.0,0.0,0.0,0.0,0.0,0.0,0.0,0.0,59.2,49,14,65514,27,65476,0,300,0,0,8,20529,65476,0,0,30147,60.0,0.0,10.0,10.0,2.0,0.0
2026-02-16T12:23:53,ERR,ERR,ERR,ERR,ERR,ERR,ERR,ERR,ERR,ERR,ERR,ERR,ERR,ERR,ERR,ERR,ERR,ERR,ERR,ERR,ERR,ERR,ERR,ERR,ERR,ERR,ERR,ERR,ERR,ERR,ERR,ERR,ERR,ERR,ERR,ERR,ERR,ERR,ERR,ERR,ERR,ERR,ERR,ERR,ERR,ERR,ERR,ERR,ERR,ERR,ERR,ERR,ERR,ERR,ERR,ERR,ERR,ERR,ERR,ERR,ERR,ERR,ERR,ERR,ERR,ERR,ERR,ERR,ERR,ERR,ERR,ERR,ERR,ERR,ERR,ERR,ERR,ERR,ERR,ERR,ERR,ERR,ERR,ERR,ERR,ERR,ERR,ERR,ERR,ERR,ERR,ERR,ERR,ERR,ERR,ERR,ERR,ERR,ERR,ERR,ERR,ERR,ERR,ERR,ERR,ERR,ERR,ERR,ERR,ERR,ERR,ERR,ERR,ERR,ERR,ERR,ERR,ERR,ERR,ERR,ERR,ERR,ERR,ERR,ERR,0.0,-2.7184523587222433e+23,0.0,0.0,8736973783040.0,0.0,157534887346176.0,1.7023621984623264e+19,4300,0,8,17162,4300,0.0,41,0.0,0.0,0.0,0.0,-0.0,0,0,0,0,0.0,0,0,0,0,0,0,0,0,0,0,0,0,0,0,0,0,0,0,0,0,0,0,0,0,0,0,0,0,0,0,0,0,0,13,35,35,48,65476,397,65476,1,0,4,21553,0.0,-0.0,0.0,0.0,0.0,0.0,0.0,0.0,0.0,0.0,0.0,0.0,0.0,0.0,0.0,0.0,0.0,0.0,0.0,0.0,0.0,2.004,3.697062548517736e+19,-0.0,-2.004,0.0,0.0,0.0,0.0,0.0,6604.0,-8608233472.0,0.0,0.0,-2.7184523587222433e+23,2.718449836706452e+23,-0.0,0.0,0.0,2.004,2.004,224,0.0,107615264.0,0.0,0.0,0.0,0.0,0.0,0.0,0.0,0,0,0,-23538264178688.0,-19.032,2.9495583708976155e+29,-0.0,7.559586933136846e+28,-0.0,-2.2398227015824887e+20,-526720761856.0,-126.637,-1.1505501756561716e+25,-0.012,41412628480.0,0.0,0.0,0.0,-17213022208.0,0,1.3516416376850534e+27,224,0.0,448,-0.0,0.0,2114,0,17110,0,17112,0,17096,0,0,0,101,100,100,0.0,64.6,0.0,65.4,-107615240.0,64.5,1,49,50,180,52429,0,0,0,0.0,0.0,0.0,60.0,0.0,71.0,0.0,0.0,0.0,1069,0,1070,0,0,0,1070,0,1081,0,1000,0,649,0,651,0,646,0,676,0.032,1.2543785970122495e+22,0.0,0.0,48144,16813,0.0,5.973383791902213e+33,9.190190631354368e+16,0.0,-0.0,8.445732762567791e+31,50.0,60.0,35,0.0,0.0,10.0,2.0,0.0,0.0,0.0,0.0,0.0,0.0,0.0,0.0,0.0,0.0,0.0,0.0,59.2,49,14,65514,27,65476,0,300,0,0,8,20529,65476,0,0,30147,60.0,0.0,10.0,10.0,2.0,0.0
2026-02-16T12:23:54,ERR,ERR,ERR,ERR,ERR,ERR,ERR,ERR,ERR,ERR,ERR,ERR,ERR,ERR,ERR,ERR,ERR,ERR,ERR,ERR,ERR,ERR,ERR,ERR,ERR,ERR,ERR,ERR,ERR,ERR,ERR,ERR,ERR,ERR,ERR,ERR,ERR,ERR,ERR,ERR,ERR,ERR,ERR,ERR,ERR,ERR,ERR,ERR,ERR,ERR,ERR,ERR,ERR,ERR,ERR,ERR,ERR,ERR,ERR,ERR,ERR,ERR,ERR,ERR,ERR,ERR,ERR,ERR,ERR,ERR,ERR,ERR,ERR,ERR,ERR,ERR,ERR,ERR,ERR,ERR,ERR,ERR,ERR,ERR,ERR,ERR,ERR,ERR,ERR,ERR,ERR,ERR,ERR,ERR,ERR,ERR,ERR,ERR,ERR,ERR,ERR,ERR,ERR,ERR,ERR,ERR,ERR,ERR,ERR,ERR,ERR,ERR,ERR,ERR,ERR,ERR,ERR,ERR,ERR,ERR,ERR,ERR,ERR,ERR,ERR,0.0,-2.7184523587222433e+23,0.0,0.0,8736973783040.0,0.0,157534887346176.0,1.7023621984623264e+19,4300,0,8,17162,4300,0.0,41,0.0,0.0,0.0,0.0,-0.0,0,0,0,0,0.0,0,0,0,0,0,0,0,0,0,0,0,0,0,0,0,0,0,0,0,0,0,0,0,0,0,0,0,0,0,0,0,0,0,13,35,35,48,65476,397,65476,1,0,4,21553,0.0,-0.0,0.0,0.0,0.0,0.0,0.0,0.0,0.0,0.0,0.0,0.0,0.0,0.0,0.0,0.0,0.0,0.0,0.0,0.0,0.0,2.004,3.697062548517736e+19,-0.0,-2.004,0.0,0.0,0.0,0.0,0.0,6604.0,-8608233472.0,0.0,0.0,-2.7184523587222433e+23,2.718449836706452e+23,-0.0,0.0,0.0,2.004,2.004,224,0.0,107615264.0,0.0,0.0,0.0,0.0,0.0,0.0,0.0,0,0,0,-23538264178688.0,-19.032,2.9495583708976155e+29,-0.0,7.559586933136846e+28,-0.0,-2.2398227015824887e+20,-526720761856.0,-126.637,-1.1505501756561716e+25,-0.012,41412628480.0,0.0,0.0,0.0,-17213022208.0,0,1.3516416376850534e+27,224,0.0,448,-0.0,0.0,2114,0,17110,0,17112,0,17096,0,0,0,101,100,100,0.0,64.6,0.0,65.4,-107615240.0,64.5,1,49,50,180,52429,0,0,0,0.0,0.0,0.0,60.0,0.0,71.0,0.0,0.0,0.0,1069,0,1070,0,0,0,1070,0,1081,0,1000,0,649,0,651,0,646,0,676,0.032,1.2543785970122495e+22,0.0,0.0,48144,16813,0.0,5.973383791902213e+33,9.190190631354368e+16,0.0,-0.0,8.445732762567791e+31,50.0,60.0,35,0.0,0.0,10.0,2.0,0.0,0.0,0.0,0.0,0.0,0.0,0.0,0.0,0.0,0.0,0.0,0.0,58.8,49,14,65514,27,65476,0,300,0,0,8,20529,65476,0,0,30147,60.0,0.0,10.0,10.0,2.0,0.0
2026-02-16T12:23:55,ERR,ERR,ERR,ERR,ERR,ERR,ERR,ERR,ERR,ERR,ERR,ERR,ERR,ERR,ERR,ERR,ERR,ERR,ERR,ERR,ERR,ERR,ERR,ERR,ERR,ERR,ERR,ERR,ERR,ERR,ERR,ERR,ERR,ERR,ERR,ERR,ERR,ERR,ERR,ERR,ERR,ERR,ERR,ERR,ERR,ERR,ERR,ERR,ERR,ERR,ERR,ERR,ERR,ERR,ERR,ERR,ERR,ERR,ERR,ERR,ERR,ERR,ERR,ERR,ERR,ERR,ERR,ERR,ERR,ERR,ERR,ERR,ERR,ERR,ERR,ERR,ERR,ERR,ERR,ERR,ERR,ERR,ERR,ERR,ERR,ERR,ERR,ERR,ERR,ERR,ERR,ERR,ERR,ERR,ERR,ERR,ERR,ERR,ERR,ERR,ERR,ERR,ERR,ERR,ERR,ERR,ERR,ERR,ERR,ERR,ERR,ERR,ERR,ERR,ERR,ERR,ERR,ERR,ERR,ERR,ERR,ERR,ERR,ERR,ERR,0.0,-2.7184523587222433e+23,0.0,0.0,8736973783040.0,1.292737338335308e+20,-4.130289866095198e+18,0.0,4300,0,8,17163,4300,0.0,41,0.0,0.0,0.0,0.0,2.7184166902131945e+23,0,0,0,0,0.0,0,0,0,0,0,0,0,0,0,0,0,0,0,0,0,0,0,0,0,0,0,0,0,0,0,0,0,0,0,0,0,0,0,13,35,35,48,65476,402,65476,1,0,4,21553,0.0,-107610720.0,0.0,0.0,0.0,0.0,0.0,0.0,0.0,0.0,0.0,0.0,0.0,0.0,0.0,0.0,0.0,0.0,0.0,0.0,0.0,2.004,2.004,-2.004,-3.6970739834386645e+19,0.0,0.0,0.0,0.0,0.0,6605.0,-0.0,0.0,0.0,-2.7184523587222433e+23,-0.0,-0.0,0.0,0.0,2.004,2.004,226,0.0,0.059,0.0,0.0,0.0,0.0,0.0,0.0,0.0,0,0,0,-0.004,-971806.375,1.0423401193563918e+22,-2.19630195924537e+32,9.58443406323037e+19,2.4307414175415087e+35,0.0,-2.2634722843011185e+28,0.0,-1.2563311848724517e+25,-0.013,44633853952.0,0.0,0.0,0.0,-2.2552761602146304e+16,0,1.3516416376850534e+27,226,0.0,452,0.0,0.0,2114,0,17110,0,17112,0,17096,0,0,0,101,100,100,0.0,64.6,0.0,65.4,-107615240.0,64.5,1,49,50,180,52429,0,0,0,0.0,0.0,0.0,60.0,0.0,71.0,0.0,0.0,0.0,1069,0,1070,0,0,0,1070,0,1081,0,1000,0,649,0,651,0,646,0,676,0.032,1.2543785970122495e+22,0.0,0.0,48144,16813,0.0,5.973383791902213e+33,9.190190631354368e+16,0.0,-0.0,8.445732762567791e+31,50.0,60.0,35,0.0,0.0,10.0,2.0,0.0,0.0,0.0,0.0,0.0,0.0,0.0,0.0,0.0,0.0,0.0,0.0,58.8,49,14,65514,27,65476,0,300,0,0,8,20529,65476,0,0,30147,60.0,0.0,10.0,10.0,2.0,0.0
2026-02-16T12:23:56,ERR,ERR,ERR,ERR,ERR,ERR,ERR,ERR,ERR,ERR,ERR,ERR,ERR,ERR,ERR,ERR,ERR,ERR,ERR,ERR,ERR,ERR,ERR,ERR,ERR,ERR,ERR,ERR,ERR,ERR,ERR,ERR,ERR,ERR,ERR,ERR,ERR,ERR,ERR,ERR,ERR,ERR,ERR,ERR,ERR,ERR,ERR,ERR,ERR,ERR,ERR,ERR,ERR,ERR,ERR,ERR,ERR,ERR,ERR,ERR,ERR,ERR,ERR,ERR,ERR,ERR,ERR,ERR,ERR,ERR,ERR,ERR,ERR,ERR,ERR,ERR,ERR,ERR,ERR,ERR,ERR,ERR,ERR,ERR,ERR,ERR,ERR,ERR,ERR,ERR,ERR,ERR,ERR,ERR,ERR,ERR,ERR,ERR,ERR,ERR,ERR,ERR,ERR,ERR,ERR,ERR,ERR,ERR,ERR,ERR,ERR,ERR,ERR,ERR,ERR,ERR,ERR,ERR,ERR,ERR,ERR,ERR,ERR,ERR,ERR,0.0,-2.7184523587222433e+23,0.0,0.0,8736973783040.0,1.292737338335308e+20,-4.130289866095198e+18,0.0,4300,0,8,17163,4300,0.0,41,0.0,0.0,0.0,0.0,2.7184166902131945e+23,0,0,0,0,0.0,0,0,0,0,0,0,0,0,0,0,0,0,0,0,0,0,0,0,0,0,0,0,0,0,0,0,0,0,0,0,0,0,0,13,35,35,48,65476,402,65476,1,0,4,21553,0.0,-107610720.0,0.0,0.0,0.0,0.0,0.0,0.0,0.0,0.0,0.0,0.0,0.0,0.0,0.0,0.0,0.0,0.0,0.0,0.0,0.0,2.004,2.004,-2.004,-3.6970739834386645e+19,0.0,0.0,0.0,0.0,0.0,6605.0,-0.0,0.0,0.0,-2.7184523587222433e+23,-0.0,-0.0,0.0,0.0,2.004,2.004,226,0.0,0.059,0.0,0.0,0.0,0.0,0.0,0.0,0.0,0,0,0,-0.004,-971806.375,1.0423401193563918e+22,-2.19630195924537e+32,9.58443406323037e+19,2.4307414175415087e+35,0.0,-2.2634722843011185e+28,0.0,-1.2563311848724517e+25,-0.013,44633853952.0,0.0,0.0,0.0,-2.2552761602146304e+16,0,1.3516416376850534e+27,226,0.0,452,0.0,0.0,2114,0,17110,13107,17112,0,17096,0,0,0,101,100,100,0.0,64.6,0.0,65.4,-107615240.0,64.5,1,49,50,180,52429,0,0,0,0.0,0.0,0.0,60.0,0.0,71.0,0.0,0.0,0.0,1069,0,1070,0,0,0,1070,0,1081,0,1000,0,649,0,651,0,646,0,676,0.032,1.2986507827891524e+22,0.0,0.0,45712,16813,0.0,0.0,0.0,-0.0,1.38135070700573e+24,131727448.0,50.0,60.0,35,0.0,0.0,10.0,2.0,0.0,0.0,0.0,0.0,0.0,0.0,0.0,0.0,0.0,0.0,0.0,0.0,58.8,49,15,65514,27,65476,0,300,0,0,8,20529,65476,0,0,30147,60.0,0.0,10.0,10.0,2.0,0.0
2026-02-16T12:23:57,ERR,ERR,ERR,ERR,ERR,ERR,ERR,ERR,ERR,ERR,ERR,ERR,ERR,ERR,ERR,ERR,ERR,ERR,ERR,ERR,ERR,ERR,ERR,ERR,ERR,ERR,ERR,ERR,ERR,ERR,ERR,ERR,ERR,ERR,ERR,ERR,ERR,ERR,ERR,ERR,ERR,ERR,ERR,ERR,ERR,ERR,ERR,ERR,ERR,ERR,ERR,ERR,ERR,ERR,ERR,ERR,ERR,ERR,ERR,ERR,ERR,ERR,ERR,ERR,ERR,ERR,ERR,ERR,ERR,ERR,ERR,ERR,ERR,ERR,ERR,ERR,ERR,ERR,ERR,ERR,ERR,ERR,ERR,ERR,ERR,ERR,ERR,ERR,ERR,ERR,ERR,ERR,ERR,ERR,ERR,ERR,ERR,ERR,ERR,ERR,ERR,ERR,ERR,ERR,ERR,ERR,ERR,ERR,ERR,ERR,ERR,ERR,ERR,ERR,ERR,ERR,ERR,ERR,ERR,ERR,ERR,ERR,ERR,ERR,ERR,0.0,-2.7184523587222433e+23,0.0,0.0,8736973783040.0,1.292737338335308e+20,-4.130289866095198e+18,0.0,4300,0,8,17163,4300,0.0,41,0.0,0.0,0.0,0.0,2.7184166902131945e+23,0,0,0,0,0.0,0,0,0,0,0,0,0,0,0,0,0,0,0,0,0,0,0,0,0,0,0,0,0,0,0,0,0,0,0,0,0,0,0,13,35,35,48,65476,402,65476,1,0,4,21553,0.0,-107610720.0,0.0,0.0,0.0,0.0,0.0,0.0,0.0,0.0,0.0,0.0,0.0,0.0,0.0,0.0,0.0,0.0,0.0,0.0,0.0,2.004,2.004,-2.004,-3.6970739834386645e+19,0.0,0.0,0.0,0.0,0.0,6605.0,-0.0,0.0,0.0,-2.7184523587222433e+23,-0.0,-0.0,0.0,0.0,2.004,2.004,226,0.0,0.059,0.0,0.0,0.0,0.0,0.0,0.0,0.0,0,0,0,-0.004,-971806.375,1.0423401193563918e+22,-2.19630195924537e+32,9.58443406323037e+19,2.4307414175415087e+35,0.0,-2.2634722843011185e+28,0.0,-1.2563311848724517e+25,-0.013,44633853952.0,0.0,0.0,0.0,-2.2552761602146304e+16,0,1.3516416376850534e+27,226,0.0,452,0.0,0.0,2114,0,17110,13107,17112,0,17096,0,0,0,101,100,100,0.0,64.6,0.0,65.4,-107615240.0,64.5,1,49,50,180,52429,0,0,0,0.0,0.0,0.0,60.0,0.0,71.0,0.0,0.0,0.0,1069,0,1070,0,0,0,1070,0,1081,0,1000,0,649,0,651,0,646,0,676,0.032,1.2986507827891524e+22,0.0,0.0,45712,16813,0.0,0.0,0.0,-0.0,1.38135070700573e+24,131727448.0,50.0,60.0,35,0.0,0.0,10.0,2.0,0.0,0.0,0.0,0.0,0.0,0.0,0.0,0.0,0.0,0.0,0.0,0.0,58.8,49,15,65514,27,65476,0,300,0,0,8,20529,65476,0,0,30147,60.0,0.0,10.0,10.0,2.0,0.0
2026-02-16T12:23:58,ERR,ERR,ERR,ERR,ERR,ERR,ERR,ERR,ERR,ERR,ERR,ERR,ERR,ERR,ERR,ERR,ERR,ERR,ERR,ERR,ERR,ERR,ERR,ERR,ERR,ERR,ERR,ERR,ERR,ERR,ERR,ERR,ERR,ERR,ERR,ERR,ERR,ERR,ERR,ERR,ERR,ERR,ERR,ERR,ERR,ERR,ERR,ERR,ERR,ERR,ERR,ERR,ERR,ERR,ERR,ERR,ERR,ERR,ERR,ERR,ERR,ERR,ERR,ERR,ERR,ERR,ERR,ERR,ERR,ERR,ERR,ERR,ERR,ERR,ERR,ERR,ERR,ERR,ERR,ERR,ERR,ERR,ERR,ERR,ERR,ERR,ERR,ERR,ERR,ERR,ERR,ERR,ERR,ERR,ERR,ERR,ERR,ERR,ERR,ERR,ERR,ERR,ERR,ERR,ERR,ERR,ERR,ERR,ERR,ERR,ERR,ERR,ERR,ERR,ERR,ERR,ERR,ERR,ERR,ERR,ERR,ERR,ERR,ERR,ERR,0.0,-2.7184523587222433e+23,0.0,0.0,8736973783040.0,1.292737338335308e+20,-4.130289866095198e+18,0.0,4300,0,8,17163,4300,0.0,41,0.0,0.0,0.0,0.0,2.7184166902131945e+23,0,0,0,0,0.0,0,0,0,0,0,0,0,0,0,0,0,0,0,0,0,0,0,0,0,0,0,0,0,0,0,0,0,0,0,0,0,0,0,13,35,35,48,65476,402,65476,1,0,4,21553,0.0,-107610720.0,0.0,0.0,0.0,0.0,0.0,0.0,0.0,0.0,0.0,0.0,0.0,0.0,0.0,0.0,0.0,0.0,0.0,0.0,0.0,2.004,2.004,-2.004,-3.6970739834386645e+19,0.0,0.0,0.0,0.0,0.0,6605.0,-0.0,0.0,0.0,-2.7184523587222433e+23,-0.0,-0.0,0.0,0.0,2.004,2.004,226,0.0,0.059,0.0,0.0,0.0,0.0,0.0,0.0,0.0,0,0,0,-0.004,-971806.375,1.0423401193563918e+22,-2.19630195924537e+32,9.58443406323037e+19,2.4307414175415087e+35,0.0,-2.2634722843011185e+28,0.0,-1.2563311848724517e+25,-0.013,44633853952.0,0.0,0.0,0.0,-2.2552761602146304e+16,0,1.3516416376850534e+27,226,0.0,452,0.0,0.0,2114,0,17110,13107,17112,0,17096,0,0,0,101,100,100,0.0,64.6,0.0,65.4,-107615240.0,64.5,1,49,50,180,52429,0,0,0,0.0,0.0,0.0,60.0,0.0,71.0,0.0,0.0,0.0,1069,0,1070,0,0,0,1070,0,1081,0,1000,0,649,0,651,0,646,0,676,0.032,1.2986507827891524e+22,0.0,0.0,45712,16813,0.0,0.0,0.0,-0.0,1.38135070700573e+24,131727448.0,50.0,60.0,35,0.0,0.0,10.0,2.0,0.0,0.0,0.0,0.0,0.0,0.0,0.0,0.0,0.0,0.0,0.0,0.0,58.8,49,15,65514,27,65476,0,300,0,0,8,20529,65476,0,0,30147,60.0,0.0,10.0,10.0,2.0,0.0
2026-02-16T12:23:59,ERR,ERR,ERR,ERR,ERR,ERR,ERR,ERR,ERR,ERR,ERR,ERR,ERR,ERR,ERR,ERR,ERR,ERR,ERR,ERR,ERR,ERR,ERR,ERR,ERR,ERR,ERR,ERR,ERR,ERR,ERR,ERR,ERR,ERR,ERR,ERR,ERR,ERR,ERR,ERR,ERR,ERR,ERR,ERR,ERR,ERR,ERR,ERR,ERR,ERR,ERR,ERR,ERR,ERR,ERR,ERR,ERR,ERR,ERR,ERR,ERR,ERR,ERR,ERR,ERR,ERR,ERR,ERR,ERR,ERR,ERR,ERR,ERR,ERR,ERR,ERR,ERR,ERR,ERR,ERR,ERR,ERR,ERR,ERR,ERR,ERR,ERR,ERR,ERR,ERR,ERR,ERR,ERR,ERR,ERR,ERR,ERR,ERR,ERR,ERR,ERR,ERR,ERR,ERR,ERR,ERR,ERR,ERR,ERR,ERR,ERR,ERR,ERR,ERR,ERR,ERR,ERR,ERR,ERR,ERR,ERR,ERR,ERR,ERR,ERR,0.0,-2.7184523587222433e+23,0.0,0.0,8736973783040.0,1.292737338335308e+20,-4.130289866095198e+18,0.0,4300,0,8,17163,4300,0.0,41,0.0,0.0,0.0,0.0,2.7184166902131945e+23,0,0,0,0,0.0,0,0,0,0,0,0,0,0,0,0,0,0,0,0,0,0,0,0,0,0,0,0,0,0,0,0,0,0,0,0,0,0,0,13,35,35,48,65476,402,65476,1,0,4,21553,0.0,-107610720.0,0.0,0.0,0.0,0.0,0.0,0.0,0.0,0.0,0.0,0.0,0.0,0.0,0.0,0.0,0.0,0.0,0.0,0.0,0.0,2.004,2.004,-2.004,-3.6970739834386645e+19,0.0,0.0,0.0,0.0,0.0,6605.0,-0.0,0.0,0.0,-2.7184523587222433e+23,-0.0,-0.0,0.0,0.0,2.004,2.004,226,0.0,0.059,0.0,0.0,0.0,0.0,0.0,0.0,0.0,0,0,0,-0.004,-971806.375,1.0423401193563918e+22,-2.19630195924537e+32,9.58443406323037e+19,2.4307414175415087e+35,0.0,-2.2634722843011185e+28,0.0,-1.2563311848724517e+25,-0.013,44633853952.0,0.0,0.0,0.0,-2.2552761602146304e+16,0,1.3516416376850534e+27,226,0.0,452,0.0,0.0,2114,0,17110,0,17112,0,17096,0,0,0,101,100,100,0.0,64.6,0.0,65.4,-107615240.0,64.5,1,49,50,180,52429,0,0,0,0.0,0.0,0.0,60.0,0.0,71.0,0.0,0.0,0.0,1069,0,1070,0,0,0,1070,0,1081,0,1000,0,649,0,651,0,646,0,676,0.032,1.2543785970122495e+22,0.0,0.0,52368,16813,0.0,0.0,0.0,-0.0,9.103510996821915e+26,16659786752.0,50.0,60.0,35,0.0,0.0,10.0,2.0,0.0,0.0,0.0,0.0,0.0,0.0,0.0,0.0,0.0,0.0,0.0,0.0,59.2,49,15,65514,27,65476,0,300,0,0,8,20529,65476,0,0,30147,60.0,0.0,10.0,10.0,2.0,0.0
2026-02-16T12:24:00,ERR,ERR,ERR,ERR,ERR,ERR,ERR,ERR,ERR,ERR,ERR,ERR,ERR,ERR,ERR,ERR,ERR,ERR,ERR,ERR,ERR,ERR,ERR,ERR,ERR,ERR,ERR,ERR,ERR,ERR,ERR,ERR,ERR,ERR,ERR,ERR,ERR,ERR,ERR,ERR,ERR,ERR,ERR,ERR,ERR,ERR,ERR,ERR,ERR,ERR,ERR,ERR,ERR,ERR,ERR,ERR,ERR,ERR,ERR,ERR,ERR,ERR,ERR,ERR,ERR,ERR,ERR,ERR,ERR,ERR,ERR,ERR,ERR,ERR,ERR,ERR,ERR,ERR,ERR,ERR,ERR,ERR,ERR,ERR,ERR,ERR,ERR,ERR,ERR,ERR,ERR,ERR,ERR,ERR,ERR,ERR,ERR,ERR,ERR,ERR,ERR,ERR,ERR,ERR,ERR,ERR,ERR,ERR,ERR,ERR,ERR,ERR,ERR,ERR,ERR,ERR,ERR,ERR,ERR,ERR,ERR,ERR,ERR,ERR,ERR,0.0,0.0,0.0,0.0,0.0,-0.0,589.109,-0.0,4300,0,8,17162,4300,0.0,41,0.0,0.0,0.0,0.0,2.7184166902131945e+23,0,0,0,0,0.0,0,0,0,0,0,0,0,0,0,0,0,0,0,0,0,0,0,0,0,0,0,0,0,0,0,0,0,0,0,0,0,0,0,13,35,35,48,65476,401,65476,1,0,4,21553,0.0,-0.0,0.0,0.0,0.0,0.0,0.0,0.0,0.0,0.0,0.0,0.0,0.0,0.0,0.0,0.0,0.0,0.0,0.0,0.0,0.0,2.004,3.697062548517736e+19,-2.004,0.0,0.0,0.0,0.0,0.0,0.0,6605.0,-0.0,0.0,0.0,0.0,-107616224.0,-0.0,0.0,0.0,2.004,2.004,226,1.9056859227671757e+17,89221.031,0.0,0.0,0.0,0.0,0.0,0.0,0.0,0,0,0,-1.7497634591535222e+24,-343613724688384.0,-0.0,202645408.0,-0.0,0.0,-0.0,-2.183825844786947e+32,0.0,-1.3545564077161403e+25,-0.014,48391950336.0,0.0,0.0,0.0,-0.0,0,1.3516416376850534e+27,226,0.0,452,-0.0,-1814071424.0,2114,0,17110,0,17112,0,17096,0,0,0,101,100,100,0.0,64.6,0.0,65.4,-107615240.0,64.5,1,49,50,180,52429,0,0,0,0.0,0.0,0.0,60.0,0.0,71.0,0.0,0.0,0.0,1069,0,1070,0,0,0,1070,0,1081,0,1000,0,649,0,651,0,646,0,676,0.032,1.2543785970122495e+22,0.0,0.0,52368,16813,0.0,0.0,0.0,-0.0,9.103510996821915e+26,16659786752.0,50.0,60.0,35,0.0,0.0,10.0,2.0,0.0,0.0,0.0,0.0,0.0,0.0,0.0,0.0,0.0,0.0,0.0,0.0,59.2,49,15,65514,27,65476,0,300,0,0,8,20529,65476,0,0,30147,60.0,0.0,10.0,10.0,2.0,0.0
2026-02-16T12:24:01,ERR,ERR,ERR,ERR,ERR,ERR,ERR,ERR,ERR,ERR,ERR,ERR,ERR,ERR,ERR,ERR,ERR,ERR,ERR,ERR,ERR,ERR,ERR,ERR,ERR,ERR,ERR,ERR,ERR,ERR,ERR,ERR,ERR,ERR,ERR,ERR,ERR,ERR,ERR,ERR,ERR,ERR,ERR,ERR,ERR,ERR,ERR,ERR,ERR,ERR,ERR,ERR,ERR,ERR,ERR,ERR,ERR,ERR,ERR,ERR,ERR,ERR,ERR,ERR,ERR,ERR,ERR,ERR,ERR,ERR,ERR,ERR,ERR,ERR,ERR,ERR,ERR,ERR,ERR,ERR,ERR,ERR,ERR,ERR,ERR,ERR,ERR,ERR,ERR,ERR,ERR,ERR,ERR,ERR,ERR,ERR,ERR,ERR,ERR,ERR,ERR,ERR,ERR,ERR,ERR,ERR,ERR,ERR,ERR,ERR,ERR,ERR,ERR,ERR,ERR,ERR,ERR,ERR,ERR,ERR,ERR,ERR,ERR,ERR,ERR,0.0,0.0,0.0,0.0,0.0,-0.0,589.109,-0.0,4300,0,8,17162,4300,0.0,41,0.0,0.0,0.0,0.0,2.7184166902131945e+23,0,0,0,0,0.0,0,0,0,0,0,0,0,0,0,0,0,0,0,0,0,0,0,0,0,0,0,0,0,0,0,0,0,0,0,0,0,0,0,13,35,35,48,65476,401,65476,1,0,4,21553,0.0,-0.0,0.0,0.0,0.0,0.0,0.0,0.0,0.0,0.0,0.0,0.0,0.0,0.0,0.0,0.0,0.0,0.0,0.0,0.0,0.0,2.004,3.697062548517736e+19,-2.004,0.0,0.0,0.0,0.0,0.0,0.0,6605.0,-0.0,0.0,0.0,0.0,-107616224.0,-0.0,0.0,0.0,2.004,2.004,226,1.9056859227671757e+17,89221.031,0.0,0.0,0.0,0.0,0.0,0.0,0.0,0,0,0,-1.7497634591535222e+24,-343613724688384.0,-0.0,202645408.0,-0.0,0.0,-0.0,-2.183825844786947e+32,0.0,-1.3545564077161403e+25,-0.014,48391950336.0,0.0,0.0,0.0,-0.0,0,1.3516416376850534e+27,226,0.0,452,-0.0,-1814071424.0,2114,0,17110,0,17112,0,17096,0,0,0,101,100,100,0.0,64.6,0.0,65.4,-107615240.0,64.5,1,49,50,180,52429,0,0,0,0.0,0.0,0.0,60.0,0.0,71.0,0.0,0.0,0.0,1069,0,1070,0,0,0,1070,0,1081,0,1000,0,649,0,651,0,646,0,676,0.032,1.2543785970122495e+22,0.0,0.0,52368,16813,0.0,0.0,0.0,-0.0,9.103510996821915e+26,16659786752.0,50.0,60.0,35,0.0,0.0,10.0,2.0,0.0,0.0,0.0,0.0,0.0,0.0,0.0,0.0,0.0,0.0,0.0,0.0,58.8,49,15,65514,27,65476,0,300,0,0,8,20529,65476,0,0,30147,60.0,0.0,10.0,10.0,2.0,0.0
2026-02-16T12:24:02,ERR,ERR,ERR,ERR,ERR,ERR,ERR,ERR,ERR,ERR,ERR,ERR,ERR,ERR,ERR,ERR,ERR,ERR,ERR,ERR,ERR,ERR,ERR,ERR,ERR,ERR,ERR,ERR,ERR,ERR,ERR,ERR,ERR,ERR,ERR,ERR,ERR,ERR,ERR,ERR,ERR,ERR,ERR,ERR,ERR,ERR,ERR,ERR,ERR,ERR,ERR,ERR,ERR,ERR,ERR,ERR,ERR,ERR,ERR,ERR,ERR,ERR,ERR,ERR,ERR,ERR,ERR,ERR,ERR,ERR,ERR,ERR,ERR,ERR,ERR,ERR,ERR,ERR,ERR,ERR,ERR,ERR,ERR,ERR,ERR,ERR,ERR,ERR,ERR,ERR,ERR,ERR,ERR,ERR,ERR,ERR,ERR,ERR,ERR,ERR,ERR,ERR,ERR,ERR,ERR,ERR,ERR,ERR,ERR,ERR,ERR,ERR,ERR,ERR,ERR,ERR,ERR,ERR,ERR,ERR,ERR,ERR,ERR,ERR,ERR,0.0,0.0,0.0,0.0,0.0,-0.0,589.109,-0.0,4300,0,8,17162,4300,0.0,41,0.0,0.0,0.0,0.0,2.7184166902131945e+23,0,0,0,0,0.0,0,0,0,0,0,0,0,0,0,0,0,0,0,0,0,0,0,0,0,0,0,0,0,0,0,0,0,0,0,0,0,0,0,13,35,35,48,65476,401,65476,1,0,4,21553,0.0,-0.0,0.0,0.0,0.0,0.0,0.0,0.0,0.0,0.0,0.0,0.0,0.0,0.0,0.0,0.0,0.0,0.0,0.0,0.0,0.0,2.004,3.697062548517736e+19,-2.004,0.0,0.0,0.0,0.0,0.0,0.0,6605.0,-0.0,0.0,0.0,0.0,-107616224.0,-0.0,0.0,0.0,2.004,2.004,226,1.9056859227671757e+17,89221.031,0.0,0.0,0.0,0.0,0.0,0.0,0.0,0,0,0,-1.7497634591535222e+24,-343613724688384.0,-0.0,202645408.0,-0.0,0.0,-0.0,-2.183825844786947e+32,0.0,-1.3545564077161403e+25,-0.014,48391950336.0,0.0,0.0,0.0,-0.0,0,1.3516416376850534e+27,226,0.0,452,-0.0,-1814071424.0,2114,0,17110,0,17112,0,17096,0,0,0,101,100,100,0.0,64.6,0.0,65.4,-107615240.0,64.5,1,49,50,180,52429,0,0,0,0.0,0.0,0.0,60.0,0.0,71.0,0.0,0.0,0.0,1069,0,1070,0,0,0,1070,0,1081,0,1000,0,649,0,651,0,646,0,676,0.032,1.2543785970122495e+22,0.0,0.0,52368,16813,0.0,0.0,0.0,-0.0,9.103510996821915e+26,16659786752.0,50.0,60.0,35,0.0,0.0,10.0,2.0,0.0,0.0,0.0,0.0,0.0,0.0,0.0,0.0,0.0,0.0,0.0,0.0,58.8,49,15,65514,27,65476,0,300,0,0,8,20529,65476,0,0,30147,60.0,0.0,10.0,10.0,2.0,0.0
2026-02-16T12:24:03,ERR,ERR,ERR,ERR,ERR,ERR,ERR,ERR,ERR,ERR,ERR,ERR,ERR,ERR,ERR,ERR,ERR,ERR,ERR,ERR,ERR,ERR,ERR,ERR,ERR,ERR,ERR,ERR,ERR,ERR,ERR,ERR,ERR,ERR,ERR,ERR,ERR,ERR,ERR,ERR,ERR,ERR,ERR,ERR,ERR,ERR,ERR,ERR,ERR,ERR,ERR,ERR,ERR,ERR,ERR,ERR,ERR,ERR,ERR,ERR,ERR,ERR,ERR,ERR,ERR,ERR,ERR,ERR,ERR,ERR,ERR,ERR,ERR,ERR,ERR,ERR,ERR,ERR,ERR,ERR,ERR,ERR,ERR,ERR,ERR,ERR,ERR,ERR,ERR,ERR,ERR,ERR,ERR,ERR,ERR,ERR,ERR,ERR,ERR,ERR,ERR,ERR,ERR,ERR,ERR,ERR,ERR,ERR,ERR,ERR,ERR,ERR,ERR,ERR,ERR,ERR,ERR,ERR,ERR,ERR,ERR,ERR,ERR,ERR,ERR,0.0,0.0,0.0,0.0,0.0,-0.0,589.109,-0.0,4300,0,8,17162,4300,0.0,41,0.0,0.0,0.0,0.0,2.7184166902131945e+23,0,0,0,0,0.0,0,0,0,0,0,0,0,0,0,0,0,0,0,0,0,0,0,0,0,0,0,0,0,0,0,0,0,0,0,0,0,0,0,13,35,35,48,65476,401,65476,1,0,4,21553,0.0,-0.0,0.0,0.0,0.0,0.0,0.0,0.0,0.0,0.0,0.0,0.0,0.0,0.0,0.0,0.0,0.0,0.0,0.0,0.0,0.0,2.004,3.697062548517736e+19,-2.004,0.0,0.0,0.0,0.0,0.0,0.0,6605.0,-0.0,0.0,0.0,0.0,-107616224.0,-0.0,0.0,0.0,2.004,2.004,226,1.9056859227671757e+17,89221.031,0.0,0.0,0.0,0.0,0.0,0.0,0.0,0,0,0,-1.7497634591535222e+24,-343613724688384.0,-0.0,202645408.0,-0.0,0.0,-0.0,-2.183825844786947e+32,0.0,-1.3545564077161403e+25,-0.014,48391950336.0,0.0,0.0,0.0,-0.0,0,1.3516416376850534e+27,226,0.0,452,-0.0,-1814071424.0,2114,0,17110,13107,17112,0,17096,0,0,0,101,100,100,0.0,64.6,0.0,65.4,-107615240.0,64.5,1,49,50,180,52429,0,0,0,0.0,0.0,0.0,60.0,0.0,71.0,0.0,13707339776.0,0.0,1069,0,1070,0,0,0,1070,0,1081,0,1000,0,649,0,651,0,646,0,676,0.032,1.4609821306377965e+22,0.0,0.0,53008,16813,0.0,13707339776.0,40960152.0,235024536305664.0,-0.0,3.2348242112998446e+24,50.0,60.0,35,0.0,0.0,10.0,2.0,0.0,0.0,0.0,0.0,0.0,0.0,0.0,0.0,0.0,0.0,0.0,0.0,58.8,49,15,65514,27,65476,0,300,0,0,8,20529,65476,0,0,30147,60.0,0.0,10.0,10.0,2.0,0.0
2026-02-16T12:24:04,ERR,ERR,ERR,ERR,ERR,ERR,ERR,ERR,ERR,ERR,ERR,ERR,ERR,ERR,ERR,ERR,ERR,ERR,ERR,ERR,ERR,ERR,ERR,ERR,ERR,ERR,ERR,ERR,ERR,ERR,ERR,ERR,ERR,ERR,ERR,ERR,ERR,ERR,ERR,ERR,ERR,ERR,ERR,ERR,ERR,ERR,ERR,ERR,ERR,ERR,ERR,ERR,ERR,ERR,ERR,ERR,ERR,ERR,ERR,ERR,ERR,ERR,ERR,ERR,ERR,ERR,ERR,ERR,ERR,ERR,ERR,ERR,ERR,ERR,ERR,ERR,ERR,ERR,ERR,ERR,ERR,ERR,ERR,ERR,ERR,ERR,ERR,ERR,ERR,ERR,ERR,ERR,ERR,ERR,ERR,ERR,ERR,ERR,ERR,ERR,ERR,ERR,ERR,ERR,ERR,ERR,ERR,ERR,ERR,ERR,ERR,ERR,ERR,ERR,ERR,ERR,ERR,ERR,ERR,ERR,ERR,ERR,ERR,ERR,ERR,0.0,0.0,0.0,0.0,0.0,-0.0,589.109,-0.0,4300,0,8,17162,4300,0.0,41,0.0,0.0,0.0,0.0,2.7184166902131945e+23,0,0,0,0,0.0,0,0,0,0,0,0,0,0,0,0,0,0,0,0,0,0,0,0,0,0,0,0,0,0,0,0,0,0,0,0,0,0,0,13,35,35,48,65476,401,65476,1,0,4,21553,0.0,-0.0,0.0,0.0,0.0,0.0,0.0,0.0,0.0,0.0,0.0,0.0,0.0,0.0,0.0,0.0,0.0,0.0,0.0,0.0,0.0,2.004,3.697062548517736e+19,-2.004,0.0,0.0,0.0,0.0,0.0,0.0,6605.0,-0.0,0.0,0.0,0.0,-107616224.0,-0.0,0.0,0.0,2.004,2.004,226,1.9056859227671757e+17,89221.031,0.0,0.0,0.0,0.0,0.0,0.0,0.0,0,0,0,-1.7497634591535222e+24,-343613724688384.0,-0.0,202645408.0,-0.0,0.0,-0.0,-2.183825844786947e+32,0.0,-1.3545564077161403e+25,-0.014,48391950336.0,0.0,0.0,0.0,-0.0,0,1.3516416376850534e+27,226,0.0,452,-0.0,-1814071424.0,2114,0,17110,13107,17112,0,17096,0,0,0,101,100,100,0.0,64.6,0.0,65.4,-107615240.0,64.5,1,49,50,180,52429,0,0,0,0.0,0.0,0.0,60.0,0.0,71.0,0.0,13707339776.0,0.0,1069,0,1070,0,0,0,1070,0,1081,0,1000,0,649,0,651,0,646,0,676,0.032,1.4609821306377965e+22,0.0,0.0,53008,16813,0.0,13707339776.0,40960152.0,235024536305664.0,-0.0,3.2348242112998446e+24,50.0,60.0,35,0.0,0.0,10.0,2.0,0.0,0.0,0.0,0.0,0.0,0.0,0.0,0.0,0.0,0.0,0.0,0.0,58.8,49,15,65514,27,65476,0,300,0,0,8,20529,65476,0,0,30147,60.0,0.0,10.0,10.0,2.0,0.0
2026-02-16T12:24:05,ERR,ERR,ERR,ERR,ERR,ERR,ERR,ERR,ERR,ERR,ERR,ERR,ERR,ERR,ERR,ERR,ERR,ERR,ERR,ERR,ERR,ERR,ERR,ERR,ERR,ERR,ERR,ERR,ERR,ERR,ERR,ERR,ERR,ERR,ERR,ERR,ERR,ERR,ERR,ERR,ERR,ERR,ERR,ERR,ERR,ERR,ERR,ERR,ERR,ERR,ERR,ERR,ERR,ERR,ERR,ERR,ERR,ERR,ERR,ERR,ERR,ERR,ERR,ERR,ERR,ERR,ERR,ERR,ERR,ERR,ERR,ERR,ERR,ERR,ERR,ERR,ERR,ERR,ERR,ERR,ERR,ERR,ERR,ERR,ERR,ERR,ERR,ERR,ERR,ERR,ERR,ERR,ERR,ERR,ERR,ERR,ERR,ERR,ERR,ERR,ERR,ERR,ERR,ERR,ERR,ERR,ERR,ERR,ERR,ERR,ERR,ERR,ERR,ERR,ERR,ERR,ERR,ERR,ERR,ERR,ERR,ERR,ERR,ERR,ERR,0.0,0.0,2.742017713988437e+23,0.0,-0.0,-1.301845303707566e+17,-0.0,-4.735822496111002e+16,4300,0,8,17163,4300,0.0,41,0.0,0.0,0.0,0.0,2.7184166902131945e+23,0,0,0,0,0.0,0,0,0,0,0,0,0,0,0,0,0,0,0,0,0,0,0,0,0,0,0,0,0,0,0,0,0,0,0,0,0,0,0,13,35,35,48,65476,405,65476,1,0,4,21553,0.0,0.0,0.0,0.0,0.0,0.0,0.0,0.0,0.0,0.0,0.0,0.0,0.0,0.0,0.0,0.0,0.0,0.0,0.0,0.0,0.0,2.004,3.697062548517736e+19,-3.697081020313082e+19,0.0,0.0,0.0,0.0,0.0,0.0,6609.0,-0.0,0.0,0.0,0.0,0.0,-0.0,0.0,0.0,2.004,2.004,225,1.9056859227671757e+17,107615264.0,0.0,0.0,0.0,0.0,0.0,0.0,0.0,0,0,0,-10807059415040.0,-0.364,-0.0,0.002,-0.0,164.258,-135390379900928.0,0.0,6.023764348841503e+21,-1.4452258441872375e+25,-0.015,51613175808.0,0.0,0.0,0.0,-0.0,0,1.3516416376850534e+27,225,0.0,450,-0.0,0.0,2114,0,17110,13107,17112,0,17096,0,0,0,101,100,100,0.0,64.6,0.0,65.4,-107615240.0,64.5,1,49,50,180,52429,0,0,0,0.0,0.0,0.0,60.0,0.0,71.0,0.0,13707339776.0,0.0,1069,0,1070,0,0,0,1070,0,1081,0,1000,0,649,0,651,0,646,0,676,0.032,1.4609821306377965e+22,0.0,0.0,53008,16813,0.0,13707339776.0,40960152.0,235024536305664.0,-0.0,3.2348242112998446e+24,50.0,60.0,35,0.0,0.0,10.0,2.0,0.0,0.0,0.0,0.0,0.0,0.0,0.0,0.0,0.0,0.0,0.0,0.0,58.8,49,15,65514,27,65476,0,300,0,0,8,20529,65476,0,0,30147,60.0,0.0,10.0,10.0,2.0,0.0
2026-02-16T12:24:06,ERR,ERR,ERR,ERR,ERR,ERR,ERR,ERR,ERR,ERR,ERR,ERR,ERR,ERR,ERR,ERR,ERR,ERR,ERR,ERR,ERR,ERR,ERR,ERR,ERR,ERR,ERR,ERR,ERR,ERR,ERR,ERR,ERR,ERR,ERR,ERR,ERR,ERR,ERR,ERR,ERR,ERR,ERR,ERR,ERR,ERR,ERR,ERR,ERR,ERR,ERR,ERR,ERR,ERR,ERR,ERR,ERR,ERR,ERR,ERR,ERR,ERR,ERR,ERR,ERR,ERR,ERR,ERR,ERR,ERR,ERR,ERR,ERR,ERR,ERR,ERR,ERR,ERR,ERR,ERR,ERR,ERR,ERR,ERR,ERR,ERR,ERR,ERR,ERR,ERR,ERR,ERR,ERR,ERR,ERR,ERR,ERR,ERR,ERR,ERR,ERR,ERR,ERR,ERR,ERR,ERR,ERR,ERR,ERR,ERR,ERR,ERR,ERR,ERR,ERR,ERR,ERR,ERR,ERR,ERR,ERR,ERR,ERR,ERR,ERR,0.0,0.0,2.742017713988437e+23,0.0,-0.0,-1.301845303707566e+17,-0.0,-4.735822496111002e+16,4300,0,8,17163,4300,0.0,41,0.0,0.0,0.0,0.0,2.7184166902131945e+23,0,0,0,0,0.0,0,0,0,0,0,0,0,0,0,0,0,0,0,0,0,0,0,0,0,0,0,0,0,0,0,0,0,0,0,0,0,0,0,13,35,35,48,65476,405,65476,1,0,4,21553,0.0,0.0,0.0,0.0,0.0,0.0,0.0,0.0,0.0,0.0,0.0,0.0,0.0,0.0,0.0,0.0,0.0,0.0,0.0,0.0,0.0,2.004,3.697062548517736e+19,-3.697081020313082e+19,0.0,0.0,0.0,0.0,0.0,0.0,6609.0,-0.0,0.0,0.0,0.0,0.0,-0.0,0.0,0.0,2.004,2.004,225,1.9056859227671757e+17,107615264.0,0.0,0.0,0.0,0.0,0.0,0.0,0.0,0,0,0,-10807059415040.0,-0.364,-0.0,0.002,-0.0,164.258,-135390379900928.0,0.0,6.023764348841503e+21,-1.4452258441872375e+25,-0.015,51613175808.0,0.0,0.0,0.0,-0.0,0,1.3516416376850534e+27,225,0.0,450,-0.0,0.0,2114,0,17110,0,17112,0,17096,0,0,0,101,100,100,0.0,64.6,0.0,65.4,-107615240.0,64.5,1,49,50,180,52429,0,0,0,0.0,0.0,0.0,60.0,0.0,71.0,0.0,-4.242215868287224e+36,0.0,1069,0,1070,0,0,0,1070,0,1080,0,1000,0,649,0,651,0,646,0,676,0.032,1.106804644422573e+22,0.0,0.0,45712,16813,0.0,-4.242215868287224e+36,-1.2755769949000819e+32,0.0,0.0,0.0,50.0,60.0,35,0.0,0.0,10.0,2.0,0.0,0.0,0.0,0.0,0.0,0.0,0.0,0.0,0.0,0.0,0.0,0.0,59.2,49,15,65514,27,65476,0,300,0,0,8,20529,65476,0,0,30147,60.0,0.0,10.0,10.0,2.0,0.0
2026-02-16T12:24:07,ERR,ERR,ERR,ERR,ERR,ERR,ERR,ERR,ERR,ERR,ERR,ERR,ERR,ERR,ERR,ERR,ERR,ERR,ERR,ERR,ERR,ERR,ERR,ERR,ERR,ERR,ERR,ERR,ERR,ERR,ERR,ERR,ERR,ERR,ERR,ERR,ERR,ERR,ERR,ERR,ERR,ERR,ERR,ERR,ERR,ERR,ERR,ERR,ERR,ERR,ERR,ERR,ERR,ERR,ERR,ERR,ERR,ERR,ERR,ERR,ERR,ERR,ERR,ERR,ERR,ERR,ERR,ERR,ERR,ERR,ERR,ERR,ERR,ERR,ERR,ERR,ERR,ERR,ERR,ERR,ERR,ERR,ERR,ERR,ERR,ERR,ERR,ERR,ERR,ERR,ERR,ERR,ERR,ERR,ERR,ERR,ERR,ERR,ERR,ERR,ERR,ERR,ERR,ERR,ERR,ERR,ERR,ERR,ERR,ERR,ERR,ERR,ERR,ERR,ERR,ERR,ERR,ERR,ERR,ERR,ERR,ERR,ERR,ERR,ERR,0.0,0.0,2.742017713988437e+23,0.0,-0.0,-1.301845303707566e+17,-0.0,-4.735822496111002e+16,4300,0,8,17163,4300,0.0,41,0.0,0.0,0.0,0.0,2.7184166902131945e+23,0,0,0,0,0.0,0,0,0,0,0,0,0,0,0,0,0,0,0,0,0,0,0,0,0,0,0,0,0,0,0,0,0,0,0,0,0,0,0,13,35,35,48,65476,405,65476,1,0,4,21553,0.0,0.0,0.0,0.0,0.0,0.0,0.0,0.0,0.0,0.0,0.0,0.0,0.0,0.0,0.0,0.0,0.0,0.0,0.0,0.0,0.0,2.004,3.697062548517736e+19,-3.697081020313082e+19,0.0,0.0,0.0,0.0,0.0,0.0,6609.0,-0.0,0.0,0.0,0.0,0.0,-0.0,0.0,0.0,2.004,2.004,225,1.9056859227671757e+17,107615264.0,0.0,0.0,0.0,0.0,0.0,0.0,0.0,0,0,0,-10807059415040.0,-0.364,-0.0,0.002,-0.0,164.258,-135390379900928.0,0.0,6.023764348841503e+21,-1.4452258441872375e+25,-0.015,51613175808.0,0.0,0.0,0.0,-0.0,0,1.3516416376850534e+27,225,0.0,450,-0.0,0.0,2114,0,17110,0,17112,0,17096,0,0,0,101,100,100,0.0,64.6,0.0,65.4,-107615240.0,64.5,1,49,50,180,52429,0,0,0,0.0,0.0,0.0,60.0,0.0,71.0,0.0,-4.242215868287224e+36,0.0,1069,0,1070,0,0,0,1070,0,1080,0,1000,0,649,0,651,0,646,0,676,0.032,1.106804644422573e+22,0.0,0.0,45712,16813,0.0,-4.242215868287224e+36,-1.2755769949000819e+32,0.0,0.0,0.0,50.0,60.0,35,0.0,0.0,10.0,2.0,0.0,0.0,0.0,0.0,0.0,0.0,0.0,0.0,0.0,0.0,0.0,0.0,59.2,49,15,65514,27,65476,0,300,0,0,8,20529,65476,0,0,30147,60.0,0.0,10.0,10.0,2.0,0.0
2026-02-16T12:24:08,ERR,ERR,ERR,ERR,ERR,ERR,ERR,ERR,ERR,ERR,ERR,ERR,ERR,ERR,ERR,ERR,ERR,ERR,ERR,ERR,ERR,ERR,ERR,ERR,ERR,ERR,ERR,ERR,ERR,ERR,ERR,ERR,ERR,ERR,ERR,ERR,ERR,ERR,ERR,ERR,ERR,ERR,ERR,ERR,ERR,ERR,ERR,ERR,ERR,ERR,ERR,ERR,ERR,ERR,ERR,ERR,ERR,ERR,ERR,ERR,ERR,ERR,ERR,ERR,ERR,ERR,ERR,ERR,ERR,ERR,ERR,ERR,ERR,ERR,ERR,ERR,ERR,ERR,ERR,ERR,ERR,ERR,ERR,ERR,ERR,ERR,ERR,ERR,ERR,ERR,ERR,ERR,ERR,ERR,ERR,ERR,ERR,ERR,ERR,ERR,ERR,ERR,ERR,ERR,ERR,ERR,ERR,ERR,ERR,ERR,ERR,ERR,ERR,ERR,ERR,ERR,ERR,ERR,ERR,ERR,ERR,ERR,ERR,ERR,ERR,0.0,0.0,2.742017713988437e+23,0.0,-0.0,-1.301845303707566e+17,-0.0,-4.735822496111002e+16,4300,0,8,17163,4300,0.0,41,0.0,0.0,0.0,0.0,2.7184166902131945e+23,0,0,0,0,0.0,0,0,0,0,0,0,0,0,0,0,0,0,0,0,0,0,0,0,0,0,0,0,0,0,0,0,0,0,0,0,0,0,0,13,35,35,48,65476,405,65476,1,0,4,21553,0.0,0.0,0.0,0.0,0.0,0.0,0.0,0.0,0.0,0.0,0.0,0.0,0.0,0.0,0.0,0.0,0.0,0.0,0.0,0.0,0.0,2.004,3.697062548517736e+19,-3.697081020313082e+19,0.0,0.0,0.0,0.0,0.0,0.0,6609.0,-0.0,0.0,0.0,0.0,0.0,-0.0,0.0,0.0,2.004,2.004,225,1.9056859227671757e+17,107615264.0,0.0,0.0,0.0,0.0,0.0,0.0,0.0,0,0,0,-10807059415040.0,-0.364,-0.0,0.002,-0.0,164.258,-135390379900928.0,0.0,6.023764348841503e+21,-1.4452258441872375e+25,-0.015,51613175808.0,0.0,0.0,0.0,-0.0,0,1.3516416376850534e+27,225,0.0,450,-0.0,0.0,2114,0,17110,0,17112,0,17096,0,0,0,101,100,100,0.0,64.6,0.0,65.4,-107615240.0,64.5,1,49,50,180,52429,0,0,0,0.0,0.0,0.0,60.0,0.0,71.0,0.0,-4.242215868287224e+36,0.0,1069,0,1070,0,0,0,1070,0,1080,0,1000,0,649,0,651,0,646,0,676,0.032,1.106804644422573e+22,0.0,0.0,45712,16813,0.0,-4.242215868287224e+36,-1.2755769949000819e+32,0.0,0.0,0.0,50.0,60.0,35,0.0,0.0,10.0,2.0,0.0,0.0,0.0,0.0,0.0,0.0,0.0,0.0,0.0,0.0,0.0,0.0,58.8,49,15,65514,27,65476,0,300,0,0,8,20529,65476,0,0,30147,60.0,0.0,10.0,10.0,2.0,0.0
2026-02-16T12:24:09,ERR,ERR,ERR,ERR,ERR,ERR,ERR,ERR,ERR,ERR,ERR,ERR,ERR,ERR,ERR,ERR,ERR,ERR,ERR,ERR,ERR,ERR,ERR,ERR,ERR,ERR,ERR,ERR,ERR,ERR,ERR,ERR,ERR,ERR,ERR,ERR,ERR,ERR,ERR,ERR,ERR,ERR,ERR,ERR,ERR,ERR,ERR,ERR,ERR,ERR,ERR,ERR,ERR,ERR,ERR,ERR,ERR,ERR,ERR,ERR,ERR,ERR,ERR,ERR,ERR,ERR,ERR,ERR,ERR,ERR,ERR,ERR,ERR,ERR,ERR,ERR,ERR,ERR,ERR,ERR,ERR,ERR,ERR,ERR,ERR,ERR,ERR,ERR,ERR,ERR,ERR,ERR,ERR,ERR,ERR,ERR,ERR,ERR,ERR,ERR,ERR,ERR,ERR,ERR,ERR,ERR,ERR,ERR,ERR,ERR,ERR,ERR,ERR,ERR,ERR,ERR,ERR,ERR,ERR,ERR,ERR,ERR,ERR,ERR,ERR,0.0,0.0,0.0,0.0,0.0,0.0,0.0,0.0,4300,0,8,17163,4300,0.0,41,0.0,0.0,0.0,0.0,2.7184166902131945e+23,0,0,0,0,0.0,0,0,0,0,0,0,0,0,0,0,0,0,0,0,0,0,0,0,0,0,0,0,0,0,0,0,0,0,0,0,0,0,0,12,36,36,48,65476,404,65476,1,0,4,21553,0.0,-0.0,0.0,0.0,0.0,0.0,0.0,0.0,0.0,0.0,0.0,0.0,0.0,0.0,0.0,0.0,0.0,0.0,0.0,0.0,0.0,2.004,2.004,-3.697081020313082e+19,0.0,3.69707618246192e+19,0.0,0.0,0.0,0.0,6614.0,1.0406715705571685e+34,0.0,0.0,0.0,0.0,-2.7184507374263774e+23,0.0,0.0,2.004,2.004,226,-0.0,0.0,0.0,0.0,0.0,0.0,0.0,0.0,0.0,0,0,0,-2.6276937717887573e+29,-0.002,-0.0,8.417982867140975e+23,-0.0,1.0072178764303299e+31,-3.9899129791292095e+27,1.3807369063872767e+31,-0.0,-1.5358952806583347e+25,-0.015,54834401280.0,0.0,0.0,0.0,1.4947893241643581e+34,0,1.3516416376850534e+27,226,0.0,452,0.0,-0.0,2114,0,17110,0,17112,0,17096,0,0,0,101,100,100,0.0,64.6,0.0,65.4,-107615240.0,64.5,1,49,50,180,52429,0,0,0,0.0,0.0,0.0,60.0,0.0,71.0,0.0,-4.242215868287224e+36,0.0,1069,0,1070,0,0,0,1070,0,1080,0,1000,0,649,0,651,0,646,0,676,0.032,1.106804644422573e+22,0.0,0.0,45712,16813,0.0,-4.242215868287224e+36,-1.2755769949000819e+32,0.0,0.0,0.0,50.0,60.0,35,0.0,0.0,10.0,2.0,0.0,0.0,0.0,0.0,0.0,0.0,0.0,0.0,0.0,0.0,0.0,0.0,58.8,49,15,65514,27,65476,0,300,0,0,8,20529,65476,0,0,30147,60.0,0.0,10.0,10.0,2.0,0.0
2026-02-16T12:24:10,ERR,ERR,ERR,ERR,ERR,ERR,ERR,ERR,ERR,ERR,ERR,ERR,ERR,ERR,ERR,ERR,ERR,ERR,ERR,ERR,ERR,ERR,ERR,ERR,ERR,ERR,ERR,ERR,ERR,ERR,ERR,ERR,ERR,ERR,ERR,ERR,ERR,ERR,ERR,ERR,ERR,ERR,ERR,ERR,ERR,ERR,ERR,ERR,ERR,ERR,ERR,ERR,ERR,ERR,ERR,ERR,ERR,ERR,ERR,ERR,ERR,ERR,ERR,ERR,ERR,ERR,ERR,ERR,ERR,ERR,ERR,ERR,ERR,ERR,ERR,ERR,ERR,ERR,ERR,ERR,ERR,ERR,ERR,ERR,ERR,ERR,ERR,ERR,ERR,ERR,ERR,ERR,ERR,ERR,ERR,ERR,ERR,ERR,ERR,ERR,ERR,ERR,ERR,ERR,ERR,ERR,ERR,ERR,ERR,ERR,ERR,ERR,ERR,ERR,ERR,ERR,ERR,ERR,ERR,ERR,ERR,ERR,ERR,ERR,ERR,0.0,0.0,0.0,0.0,0.0,0.0,0.0,0.0,4300,0,8,17163,4300,0.0,41,0.0,0.0,0.0,0.0,2.7184166902131945e+23,0,0,0,0,0.0,0,0,0,0,0,0,0,0,0,0,0,0,0,0,0,0,0,0,0,0,0,0,0,0,0,0,0,0,0,0,0,0,0,12,36,36,48,65476,404,65476,1,0,4,21553,0.0,-0.0,0.0,0.0,0.0,0.0,0.0,0.0,0.0,0.0,0.0,0.0,0.0,0.0,0.0,0.0,0.0,0.0,0.0,0.0,0.0,2.004,2.004,-3.697081020313082e+19,0.0,3.69707618246192e+19,0.0,0.0,0.0,0.0,6614.0,1.0406715705571685e+34,0.0,0.0,0.0,0.0,-2.7184507374263774e+23,0.0,0.0,2.004,2.004,226,-0.0,0.0,0.0,0.0,0.0,0.0,0.0,0.0,0.0,0,0,0,-2.6276937717887573e+29,-0.002,-0.0,8.417982867140975e+23,-0.0,1.0072178764303299e+31,-3.9899129791292095e+27,1.3807369063872767e+31,-0.0,-1.5358952806583347e+25,-0.015,54834401280.0,0.0,0.0,0.0,1.4947893241643581e+34,0,1.3516416376850534e+27,226,0.0,452,0.0,-0.0,2114,0,17110,0,17112,0,17096,0,0,0,101,100,100,0.0,64.6,0.0,65.4,-107615240.0,64.5,1,49,50,180,52429,0,0,0,0.0,0.0,0.0,60.0,0.0,71.0,0.0,-0.0,0.0,1069,0,1070,0,0,0,1070,0,1080,0,1000,0,649,0,651,0,646,0,676,0.032,1.4536034330083127e+22,0.0,0.0,54672,16813,0.0,-0.0,-1.4932686669391873e+29,0.0,0.0,0.0,50.0,60.0,35,0.0,0.0,10.0,2.0,0.0,0.0,0.0,0.0,0.0,0.0,0.0,0.0,0.0,0.0,0.0,0.0,58.8,49,15,65514,27,65476,0,300,0,0,8,20529,65476,0,0,30147,60.0,0.0,10.0,10.0,2.0,0.0
2026-02-16T12:24:11,ERR,ERR,ERR,ERR,ERR,ERR,ERR,ERR,ERR,ERR,ERR,ERR,ERR,ERR,ERR,ERR,ERR,ERR,ERR,ERR,ERR,ERR,ERR,ERR,ERR,ERR,ERR,ERR,ERR,ERR,ERR,ERR,ERR,ERR,ERR,ERR,ERR,ERR,ERR,ERR,ERR,ERR,ERR,ERR,ERR,ERR,ERR,ERR,ERR,ERR,ERR,ERR,ERR,ERR,ERR,ERR,ERR,ERR,ERR,ERR,ERR,ERR,ERR,ERR,ERR,ERR,ERR,ERR,ERR,ERR,ERR,ERR,ERR,ERR,ERR,ERR,ERR,ERR,ERR,ERR,ERR,ERR,ERR,ERR,ERR,ERR,ERR,ERR,ERR,ERR,ERR,ERR,ERR,ERR,ERR,ERR,ERR,ERR,ERR,ERR,ERR,ERR,ERR,ERR,ERR,ERR,ERR,ERR,ERR,ERR,ERR,ERR,ERR,ERR,ERR,ERR,ERR,ERR,ERR,ERR,ERR,ERR,ERR,ERR,ERR,0.0,0.0,0.0,0.0,0.0,0.0,0.0,0.0,4300,0,8,17163,4300,0.0,41,0.0,0.0,0.0,0.0,2.7184166902131945e+23,0,0,0,0,0.0,0,0,0,0,0,0,0,0,0,0,0,0,0,0,0,0,0,0,0,0,0,0,0,0,0,0,0,0,0,0,0,0,0,12,36,36,48,65476,404,65476,1,0,4,21553,0.0,-0.0,0.0,0.0,0.0,0.0,0.0,0.0,0.0,0.0,0.0,0.0,0.0,0.0,0.0,0.0,0.0,0.0,0.0,0.0,0.0,2.004,2.004,-3.697081020313082e+19,0.0,3.69707618246192e+19,0.0,0.0,0.0,0.0,6614.0,1.0406715705571685e+34,0.0,0.0,0.0,0.0,-2.7184507374263774e+23,0.0,0.0,2.004,2.004,226,-0.0,0.0,0.0,0.0,0.0,0.0,0.0,0.0,0.0,0,0,0,-2.6276937717887573e+29,-0.002,-0.0,8.417982867140975e+23,-0.0,1.0072178764303299e+31,-3.9899129791292095e+27,1.3807369063872767e+31,-0.0,-1.5358952806583347e+25,-0.015,54834401280.0,0.0,0.0,0.0,1.4947893241643581e+34,0,1.3516416376850534e+27,226,0.0,452,0.0,-0.0,2114,0,17110,0,17112,0,17096,0,0,0,101,100,100,0.0,64.6,0.0,65.4,-107615240.0,64.5,1,49,50,180,52429,0,0,0,0.0,0.0,0.0,60.0,0.0,71.0,0.0,-0.0,0.0,1069,0,1070,0,0,0,1070,0,1080,0,1000,0,649,0,651,0,646,0,676,0.032,1.4536034330083127e+22,0.0,0.0,54672,16813,0.0,-0.0,-1.4932686669391873e+29,0.0,0.0,0.0,50.0,60.0,35,0.0,0.0,10.0,2.0,0.0,0.0,0.0,0.0,0.0,0.0,0.0,0.0,0.0,0.0,0.0,0.0,59.2,49,15,65514,27,65476,0,300,0,0,8,20529,65476,0,0,30147,60.0,0.0,10.0,10.0,2.0,0.0
2026-02-16T12:24:12,ERR,ERR,ERR,ERR,ERR,ERR,ERR,ERR,ERR,ERR,ERR,ERR,ERR,ERR,ERR,ERR,ERR,ERR,ERR,ERR,ERR,ERR,ERR,ERR,ERR,ERR,ERR,ERR,ERR,ERR,ERR,ERR,ERR,ERR,ERR,ERR,ERR,ERR,ERR,ERR,ERR,ERR,ERR,ERR,ERR,ERR,ERR,ERR,ERR,ERR,ERR,ERR,ERR,ERR,ERR,ERR,ERR,ERR,ERR,ERR,ERR,ERR,ERR,ERR,ERR,ERR,ERR,ERR,ERR,ERR,ERR,ERR,ERR,ERR,ERR,ERR,ERR,ERR,ERR,ERR,ERR,ERR,ERR,ERR,ERR,ERR,ERR,ERR,ERR,ERR,ERR,ERR,ERR,ERR,ERR,ERR,ERR,ERR,ERR,ERR,ERR,ERR,ERR,ERR,ERR,ERR,ERR,ERR,ERR,ERR,ERR,ERR,ERR,ERR,ERR,ERR,ERR,ERR,ERR,ERR,ERR,ERR,ERR,ERR,ERR,0.0,0.0,0.0,0.0,0.0,0.0,0.0,0.0,4300,0,8,17163,4300,0.0,41,0.0,0.0,0.0,0.0,2.7184166902131945e+23,0,0,0,0,0.0,0,0,0,0,0,0,0,0,0,0,0,0,0,0,0,0,0,0,0,0,0,0,0,0,0,0,0,0,0,0,0,0,0,12,36,36,48,65476,404,65476,1,0,4,21553,0.0,-0.0,0.0,0.0,0.0,0.0,0.0,0.0,0.0,0.0,0.0,0.0,0.0,0.0,0.0,0.0,0.0,0.0,0.0,0.0,0.0,2.004,2.004,-3.697081020313082e+19,0.0,3.69707618246192e+19,0.0,0.0,0.0,0.0,6614.0,1.0406715705571685e+34,0.0,0.0,0.0,0.0,-2.7184507374263774e+23,0.0,0.0,2.004,2.004,226,-0.0,0.0,0.0,0.0,0.0,0.0,0.0,0.0,0.0,0,0,0,-2.6276937717887573e+29,-0.002,-0.0,8.417982867140975e+23,-0.0,1.0072178764303299e+31,-3.9899129791292095e+27,1.3807369063872767e+31,-0.0,-1.5358952806583347e+25,-0.015,54834401280.0,0.0,0.0,0.0,1.4947893241643581e+34,0,1.3516416376850534e+27,226,0.0,452,0.0,-0.0,2114,0,17110,0,17112,0,17096,0,0,0,101,100,100,0.0,64.6,0.0,65.4,-107615240.0,64.5,1,49,50,180,52429,0,0,0,0.0,0.0,0.0,60.0,0.0,71.0,0.0,-0.0,0.0,1069,0,1070,0,0,0,1070,0,1080,0,1000,0,649,0,651,0,646,0,676,0.032,1.4536034330083127e+22,0.0,0.0,54672,16813,0.0,-0.0,-1.4932686669391873e+29,0.0,0.0,0.0,50.0,60.0,35,0.0,0.0,10.0,2.0,0.0,0.0,0.0,0.0,0.0,0.0,0.0,0.0,0.0,0.0,0.0,0.0,59.2,49,15,65514,27,65476,0,300,0,0,8,20529,65476,0,0,30147,60.0,0.0,10.0,10.0,2.0,0.0
2026-02-16T12:24:13,ERR,ERR,ERR,ERR,ERR,ERR,ERR,ERR,ERR,ERR,ERR,ERR,ERR,ERR,ERR,ERR,ERR,ERR,ERR,ERR,ERR,ERR,ERR,ERR,ERR,ERR,ERR,ERR,ERR,ERR,ERR,ERR,ERR,ERR,ERR,ERR,ERR,ERR,ERR,ERR,ERR,ERR,ERR,ERR,ERR,ERR,ERR,ERR,ERR,ERR,ERR,ERR,ERR,ERR,ERR,ERR,ERR,ERR,ERR,ERR,ERR,ERR,ERR,ERR,ERR,ERR,ERR,ERR,ERR,ERR,ERR,ERR,ERR,ERR,ERR,ERR,ERR,ERR,ERR,ERR,ERR,ERR,ERR,ERR,ERR,ERR,ERR,ERR,ERR,ERR,ERR,ERR,ERR,ERR,ERR,ERR,ERR,ERR,ERR,ERR,ERR,ERR,ERR,ERR,ERR,ERR,ERR,ERR,ERR,ERR,ERR,ERR,ERR,ERR,ERR,ERR,ERR,ERR,ERR,ERR,ERR,ERR,ERR,ERR,ERR,0.0,0.0,0.0,0.0,0.0,0.0,0.0,0.0,4300,0,8,17163,4300,0.0,41,0.0,0.0,0.0,0.0,2.7184166902131945e+23,0,0,0,0,0.0,0,0,0,0,0,0,0,0,0,0,0,0,0,0,0,0,0,0,0,0,0,0,0,0,0,0,0,0,0,0,0,0,0,12,36,36,48,65476,404,65476,1,0,4,21553,0.0,-0.0,0.0,0.0,0.0,0.0,0.0,0.0,0.0,0.0,0.0,0.0,0.0,0.0,0.0,0.0,0.0,0.0,0.0,0.0,0.0,2.004,2.004,-3.697081020313082e+19,0.0,3.69707618246192e+19,0.0,0.0,0.0,0.0,6614.0,1.0406715705571685e+34,0.0,0.0,0.0,0.0,-2.7184507374263774e+23,0.0,0.0,2.004,2.004,226,-0.0,0.0,0.0,0.0,0.0,0.0,0.0,0.0,0.0,0,0,0,-2.6276937717887573e+29,-0.002,-0.0,8.417982867140975e+23,-0.0,1.0072178764303299e+31,-3.9899129791292095e+27,1.3807369063872767e+31,-0.0,-1.5358952806583347e+25,-0.015,54834401280.0,0.0,0.0,0.0,1.4947893241643581e+34,0,1.3516416376850534e+27,226,0.0,452,0.0,-0.0,2114,0,17110,0,17112,0,17096,0,0,0,101,100,100,0.0,64.6,0.0,65.4,-107615240.0,64.5,1,49,50,180,52429,0,0,0,0.0,0.0,0.0,60.0,0.004,71.0,0.0,-0.0,0.0,1069,0,1070,0,0,0,1070,0,1080,0,1000,0,649,0,651,0,646,0,676,0.032,1.4536034330083127e+22,0.0,0.0,47248,16813,0.004,-0.0,0.0,0.0,0.001,0.0,50.0,60.0,35,0.0,0.0,10.0,2.0,0.0,0.0,0.0,0.0,0.0,0.0,0.0,0.0,0.0,0.0,0.0,0.0,58.8,49,15,65514,27,65476,0,300,0,0,8,20529,65476,0,0,30147,60.0,0.0,10.0,10.0,2.0,0.0
2026-02-16T12:24:14,ERR,ERR,ERR,ERR,ERR,ERR,ERR,ERR,ERR,ERR,ERR,ERR,ERR,ERR,ERR,ERR,ERR,ERR,ERR,ERR,ERR,ERR,ERR,ERR,ERR,ERR,ERR,ERR,ERR,ERR,ERR,ERR,ERR,ERR,ERR,ERR,ERR,ERR,ERR,ERR,ERR,ERR,ERR,ERR,ERR,ERR,ERR,ERR,ERR,ERR,ERR,ERR,ERR,ERR,ERR,ERR,ERR,ERR,ERR,ERR,ERR,ERR,ERR,ERR,ERR,ERR,ERR,ERR,ERR,ERR,ERR,ERR,ERR,ERR,ERR,ERR,ERR,ERR,ERR,ERR,ERR,ERR,ERR,ERR,ERR,ERR,ERR,ERR,ERR,ERR,ERR,ERR,ERR,ERR,ERR,ERR,ERR,ERR,ERR,ERR,ERR,ERR,ERR,ERR,ERR,ERR,ERR,ERR,ERR,ERR,ERR,ERR,ERR,ERR,ERR,ERR,ERR,ERR,ERR,ERR,ERR,ERR,ERR,ERR,ERR,0.0,0.0,2.718405881574089e+23,0.0,-0.0,0.0,-0.0,-0.978,4300,0,8,17163,4300,0.0,41,0.0,0.0,0.0,0.0,2.7184166902131945e+23,0,0,0,0,0.0,0,0,0,0,0,0,0,0,0,0,0,0,0,0,0,0,0,0,0,0,0,0,0,0,0,0,0,0,0,0,0,0,0,13,36,36,48,65476,406,65476,1,0,4,21553,0.0,0.0,0.0,0.0,0.0,0.0,0.0,0.0,0.0,0.0,0.0,0.0,0.0,0.0,0.0,0.0,0.0,0.0,0.0,0.0,0.0,2.004,3.697062548517736e+19,0.0,2.004,-0.0,0.0,0.0,0.0,0.0,6616.0,-0.0,0.0,0.0,0.0,0.0,0.0,0.0,0.0,2.004,2.004,224,-0.0,0.0,0.0,0.0,0.0,0.0,0.0,0.0,0.0,0,0,0,-1.3495445195850338e+26,-0.634,-0.0,-0.0,-0.0,-3.629,1.0055222916827125e+22,0.0,-3880141568.0,-1.6265647171294319e+25,-0.017,58324062208.0,0.0,0.0,0.0,-0.0,0,1.3516416376850534e+27,224,0.0,448,-0.0,0.0,2114,0,17110,0,17112,0,17096,0,0,0,101,100,100,0.0,64.6,0.0,65.4,-107615240.0,64.5,1,49,50,180,52429,0,0,0,0.0,0.0,0.0,60.0,0.004,71.0,0.0,-0.0,0.0,1069,0,1070,0,0,0,1070,0,1080,0,1000,0,649,0,651,0,646,0,676,0.032,1.4536034330083127e+22,0.0,0.0,47248,16813,0.004,-0.0,0.0,0.0,0.001,0.0,50.0,60.0,35,0.0,0.0,10.0,2.0,0.0,0.0,0.0,0.0,0.0,0.0,0.0,0.0,0.0,0.0,0.0,0.0,59.2,49,15,65514,27,65476,0,300,0,0,8,20529,65476,0,0,30147,60.0,0.0,10.0,10.0,2.0,0.0
2026-02-16T12:24:15,ERR,ERR,ERR,ERR,ERR,ERR,ERR,ERR,ERR,ERR,ERR,ERR,ERR,ERR,ERR,ERR,ERR,ERR,ERR,ERR,ERR,ERR,ERR,ERR,ERR,ERR,ERR,ERR,ERR,ERR,ERR,ERR,ERR,ERR,ERR,ERR,ERR,ERR,ERR,ERR,ERR,ERR,ERR,ERR,ERR,ERR,ERR,ERR,ERR,ERR,ERR,ERR,ERR,ERR,ERR,ERR,ERR,ERR,ERR,ERR,ERR,ERR,ERR,ERR,ERR,ERR,ERR,ERR,ERR,ERR,ERR,ERR,ERR,ERR,ERR,ERR,ERR,ERR,ERR,ERR,ERR,ERR,ERR,ERR,ERR,ERR,ERR,ERR,ERR,ERR,ERR,ERR,ERR,ERR,ERR,ERR,ERR,ERR,ERR,ERR,ERR,ERR,ERR,ERR,ERR,ERR,ERR,ERR,ERR,ERR,ERR,ERR,ERR,ERR,ERR,ERR,ERR,ERR,ERR,ERR,ERR,ERR,ERR,ERR,ERR,0.0,0.0,2.718405881574089e+23,0.0,-0.0,0.0,-0.0,-0.978,4300,0,8,17163,4300,0.0,41,0.0,0.0,0.0,0.0,2.7184166902131945e+23,0,0,0,0,0.0,0,0,0,0,0,0,0,0,0,0,0,0,0,0,0,0,0,0,0,0,0,0,0,0,0,0,0,0,0,0,0,0,0,13,36,36,48,65476,406,65476,1,0,4,21553,0.0,0.0,0.0,0.0,0.0,0.0,0.0,0.0,0.0,0.0,0.0,0.0,0.0,0.0,0.0,0.0,0.0,0.0,0.0,0.0,0.0,2.004,3.697062548517736e+19,0.0,2.004,-0.0,0.0,0.0,0.0,0.0,6616.0,-0.0,0.0,0.0,0.0,0.0,0.0,0.0,0.0,2.004,2.004,224,-0.0,0.0,0.0,0.0,0.0,0.0,0.0,0.0,0.0,0,0,0,-1.3495445195850338e+26,-0.634,-0.0,-0.0,-0.0,-3.629,1.0055222916827125e+22,0.0,-3880141568.0,-1.6265647171294319e+25,-0.017,58324062208.0,0.0,0.0,0.0,-0.0,0,1.3516416376850534e+27,224,0.0,448,-0.0,0.0,2114,0,17110,0,17112,0,17096,0,0,0,101,100,100,0.0,64.6,0.0,65.4,-107615240.0,64.5,1,49,50,180,52429,0,0,0,0.0,0.0,0.0,60.0,0.004,71.0,0.0,-0.0,0.0,1069,0,1070,0,0,0,1070,0,1080,0,1000,0,649,0,651,0,646,0,676,0.032,1.4536034330083127e+22,0.0,0.0,47248,16813,0.004,-0.0,0.0,0.0,0.001,0.0,50.0,60.0,35,0.0,0.0,10.0,2.0,0.0,0.0,0.0,0.0,0.0,0.0,0.0,0.0,0.0,0.0,0.0,0.0,59.2,49,15,65514,27,65476,0,300,0,0,8,20529,65476,0,0,30147,60.0,0.0,10.0,10.0,2.0,0.0
2026-02-16T12:24:16,ERR,ERR,ERR,ERR,ERR,ERR,ERR,ERR,ERR,ERR,ERR,ERR,ERR,ERR,ERR,ERR,ERR,ERR,ERR,ERR,ERR,ERR,ERR,ERR,ERR,ERR,ERR,ERR,ERR,ERR,ERR,ERR,ERR,ERR,ERR,ERR,ERR,ERR,ERR,ERR,ERR,ERR,ERR,ERR,ERR,ERR,ERR,ERR,ERR,ERR,ERR,ERR,ERR,ERR,ERR,ERR,ERR,ERR,ERR,ERR,ERR,ERR,ERR,ERR,ERR,ERR,ERR,ERR,ERR,ERR,ERR,ERR,ERR,ERR,ERR,ERR,ERR,ERR,ERR,ERR,ERR,ERR,ERR,ERR,ERR,ERR,ERR,ERR,ERR,ERR,ERR,ERR,ERR,ERR,ERR,ERR,ERR,ERR,ERR,ERR,ERR,ERR,ERR,ERR,ERR,ERR,ERR,ERR,ERR,ERR,ERR,ERR,ERR,ERR,ERR,ERR,ERR,ERR,ERR,ERR,ERR,ERR,ERR,ERR,ERR,0.0,0.0,2.718405881574089e+23,0.0,-0.0,0.0,-0.0,-0.978,4300,0,8,17163,4300,0.0,41,0.0,0.0,0.0,0.0,2.7184166902131945e+23,0,0,0,0,0.0,0,0,0,0,0,0,0,0,0,0,0,0,0,0,0,0,0,0,0,0,0,0,0,0,0,0,0,0,0,0,0,0,0,13,36,36,48,65476,406,65476,1,0,4,21553,0.0,0.0,0.0,0.0,0.0,0.0,0.0,0.0,0.0,0.0,0.0,0.0,0.0,0.0,0.0,0.0,0.0,0.0,0.0,0.0,0.0,2.004,3.697062548517736e+19,0.0,2.004,-0.0,0.0,0.0,0.0,0.0,6616.0,-0.0,0.0,0.0,0.0,0.0,0.0,0.0,0.0,2.004,2.004,224,-0.0,0.0,0.0,0.0,0.0,0.0,0.0,0.0,0.0,0,0,0,-1.3495445195850338e+26,-0.634,-0.0,-0.0,-0.0,-3.629,1.0055222916827125e+22,0.0,-3880141568.0,-1.6265647171294319e+25,-0.017,58324062208.0,0.0,0.0,0.0,-0.0,0,1.3516416376850534e+27,224,0.0,448,-0.0,0.0,2114,0,17110,0,17112,0,17096,0,0,0,101,100,100,0.0,64.6,0.0,65.4,-107615240.0,64.5,1,49,50,180,52429,0,0,0,0.0,0.0,0.0,60.0,0.0,71.0,0.0,0.0,0.0,1069,0,1070,0,0,0,1070,0,1080,0,1000,0,649,0,651,0,647,0,676,0.032,1.31340817804812e+22,0.0,0.0,44432,16813,0.0,0.0,1.455,-8.166564165320238e+37,1.4373250863726592e+16,-0.0,50.0,60.0,35,0.0,0.0,10.0,2.0,0.0,0.0,0.0,0.0,0.0,0.0,0.0,0.0,0.0,0.0,0.0,0.0,58.8,49,15,65514,27,65476,0,300,0,0,8,20529,65476,0,0,30147,60.0,0.0,10.0,10.0,2.0,0.0
2026-02-16T12:24:17,ERR,ERR,ERR,ERR,ERR,ERR,ERR,ERR,ERR,ERR,ERR,ERR,ERR,ERR,ERR,ERR,ERR,ERR,ERR,ERR,ERR,ERR,ERR,ERR,ERR,ERR,ERR,ERR,ERR,ERR,ERR,ERR,ERR,ERR,ERR,ERR,ERR,ERR,ERR,ERR,ERR,ERR,ERR,ERR,ERR,ERR,ERR,ERR,ERR,ERR,ERR,ERR,ERR,ERR,ERR,ERR,ERR,ERR,ERR,ERR,ERR,ERR,ERR,ERR,ERR,ERR,ERR,ERR,ERR,ERR,ERR,ERR,ERR,ERR,ERR,ERR,ERR,ERR,ERR,ERR,ERR,ERR,ERR,ERR,ERR,ERR,ERR,ERR,ERR,ERR,ERR,ERR,ERR,ERR,ERR,ERR,ERR,ERR,ERR,ERR,ERR,ERR,ERR,ERR,ERR,ERR,ERR,ERR,ERR,ERR,ERR,ERR,ERR,ERR,ERR,ERR,ERR,ERR,ERR,ERR,ERR,ERR,ERR,ERR,ERR,0.0,0.0,2.718405881574089e+23,0.0,-0.0,0.0,-0.0,-0.978,4300,0,8,17163,4300,0.0,41,0.0,0.0,0.0,0.0,2.7184166902131945e+23,0,0,0,0,0.0,0,0,0,0,0,0,0,0,0,0,0,0,0,0,0,0,0,0,0,0,0,0,0,0,0,0,0,0,0,0,0,0,0,13,36,36,48,65476,406,65476,1,0,4,21553,0.0,0.0,0.0,0.0,0.0,0.0,0.0,0.0,0.0,0.0,0.0,0.0,0.0,0.0,0.0,0.0,0.0,0.0,0.0,0.0,0.0,2.004,3.697062548517736e+19,0.0,2.004,-0.0,0.0,0.0,0.0,0.0,6616.0,-0.0,0.0,0.0,0.0,0.0,0.0,0.0,0.0,2.004,2.004,224,-0.0,0.0,0.0,0.0,0.0,0.0,0.0,0.0,0.0,0,0,0,-1.3495445195850338e+26,-0.634,-0.0,-0.0,-0.0,-3.629,1.0055222916827125e+22,0.0,-3880141568.0,-1.6265647171294319e+25,-0.017,58324062208.0,0.0,0.0,0.0,-0.0,0,1.3516416376850534e+27,224,0.0,448,-0.0,0.0,2114,0,17110,0,17112,0,17096,0,0,0,101,100,100,0.0,64.6,0.0,65.4,-107615240.0,64.5,1,49,50,180,52429,0,0,0,0.0,0.0,0.0,60.0,0.0,71.0,0.0,0.0,0.0,1069,0,1070,0,0,0,1070,0,1080,0,1000,0,649,0,651,0,647,0,676,0.032,1.31340817804812e+22,0.0,0.0,44432,16813,0.0,0.0,1.455,-8.166564165320238e+37,1.4373250863726592e+16,-0.0,50.0,60.0,35,0.0,0.0,10.0,2.0,0.0,0.0,0.0,0.0,0.0,0.0,0.0,0.0,0.0,0.0,0.0,0.0,58.8,49,15,65514,27,65476,0,300,0,0,8,20529,65476,0,0,30147,60.0,0.0,10.0,10.0,2.0,0.0
2026-02-16T12:24:18,ERR,ERR,ERR,ERR,ERR,ERR,ERR,ERR,ERR,ERR,ERR,ERR,ERR,ERR,ERR,ERR,ERR,ERR,ERR,ERR,ERR,ERR,ERR,ERR,ERR,ERR,ERR,ERR,ERR,ERR,ERR,ERR,ERR,ERR,ERR,ERR,ERR,ERR,ERR,ERR,ERR,ERR,ERR,ERR,ERR,ERR,ERR,ERR,ERR,ERR,ERR,ERR,ERR,ERR,ERR,ERR,ERR,ERR,ERR,ERR,ERR,ERR,ERR,ERR,ERR,ERR,ERR,ERR,ERR,ERR,ERR,ERR,ERR,ERR,ERR,ERR,ERR,ERR,ERR,ERR,ERR,ERR,ERR,ERR,ERR,ERR,ERR,ERR,ERR,ERR,ERR,ERR,ERR,ERR,ERR,ERR,ERR,ERR,ERR,ERR,ERR,ERR,ERR,ERR,ERR,ERR,ERR,ERR,ERR,ERR,ERR,ERR,ERR,ERR,ERR,ERR,ERR,ERR,ERR,ERR,ERR,ERR,ERR,ERR,ERR,0.0,0.0,2.718405881574089e+23,0.0,-0.0,0.0,-0.0,-0.978,4300,0,8,17163,4300,0.0,41,0.0,0.0,0.0,0.0,2.7184166902131945e+23,0,0,0,0,0.0,0,0,0,0,0,0,0,0,0,0,0,0,0,0,0,0,0,0,0,0,0,0,0,0,0,0,0,0,0,0,0,0,0,13,36,36,48,65476,406,65476,1,0,4,21553,0.0,0.0,0.0,0.0,0.0,0.0,0.0,0.0,0.0,0.0,0.0,0.0,0.0,0.0,0.0,0.0,0.0,0.0,0.0,0.0,0.0,2.004,3.697062548517736e+19,0.0,2.004,-0.0,0.0,0.0,0.0,0.0,6616.0,-0.0,0.0,0.0,0.0,0.0,0.0,0.0,0.0,2.004,2.004,224,-0.0,0.0,0.0,0.0,0.0,0.0,0.0,0.0,0.0,0,0,0,-1.3495445195850338e+26,-0.634,-0.0,-0.0,-0.0,-3.629,1.0055222916827125e+22,0.0,-3880141568.0,-1.6265647171294319e+25,-0.017,58324062208.0,0.0,0.0,0.0,-0.0,0,1.3516416376850534e+27,224,0.0,448,-0.0,0.0,2114,0,17110,0,17112,0,17096,0,0,0,101,100,100,0.0,64.6,0.0,65.4,-107615240.0,64.5,1,49,50,180,52429,0,0,0,0.0,0.0,0.0,60.0,0.0,71.0,0.0,0.0,0.0,1069,0,1070,0,0,0,1070,0,1080,0,1000,0,649,0,651,0,647,0,676,0.032,1.31340817804812e+22,0.0,0.0,44432,16813,0.0,0.0,1.455,-8.166564165320238e+37,1.4373250863726592e+16,-0.0,50.0,60.0,35,0.0,0.0,10.0,2.0,0.0,0.0,0.0,0.0,0.0,0.0,0.0,0.0,0.0,0.0,0.0,0.0,58.8,49,15,65514,27,65476,0,300,0,0,8,20529,65476,0,0,30147,60.0,0.0,10.0,10.0,2.0,0.0
2026-02-16T12:24:19,ERR,ERR,ERR,ERR,ERR,ERR,ERR,ERR,ERR,ERR,ERR,ERR,ERR,ERR,ERR,ERR,ERR,ERR,ERR,ERR,ERR,ERR,ERR,ERR,ERR,ERR,ERR,ERR,ERR,ERR,ERR,ERR,ERR,ERR,ERR,ERR,ERR,ERR,ERR,ERR,ERR,ERR,ERR,ERR,ERR,ERR,ERR,ERR,ERR,ERR,ERR,ERR,ERR,ERR,ERR,ERR,ERR,ERR,ERR,ERR,ERR,ERR,ERR,ERR,ERR,ERR,ERR,ERR,ERR,ERR,ERR,ERR,ERR,ERR,ERR,ERR,ERR,ERR,ERR,ERR,ERR,ERR,ERR,ERR,ERR,ERR,ERR,ERR,ERR,ERR,ERR,ERR,ERR,ERR,ERR,ERR,ERR,ERR,ERR,ERR,ERR,ERR,ERR,ERR,ERR,ERR,ERR,ERR,ERR,ERR,ERR,ERR,ERR,ERR,ERR,ERR,ERR,ERR,ERR,ERR,ERR,ERR,ERR,ERR,ERR,0.0,0.0,-107089984.0,0.0,-3.950257673973865e+28,-2.18203181517321e+18,3452944863199232.0,57737272.0,4300,0,8,17163,4300,0.0,41,0.0,0.0,0.0,0.0,2.7184166902131945e+23,0,0,0,0,0.0,0,0,0,0,0,0,0,0,0,0,0,0,0,0,0,0,0,0,0,0,0,0,0,0,0,0,0,0,0,0,0,0,0,12,36,36,48,65476,407,65476,1,0,4,21553,0.0,0.0,0.0,0.0,0.0,0.0,0.0,0.0,0.0,0.0,0.0,0.0,0.0,0.0,0.0,0.0,0.0,0.0,0.0,0.0,0.0,2.004,2.004,0.0,3.697074423243316e+19,-0.0,0.0,0.0,0.0,0.0,6617.0,-0.0,0.0,0.0,0.0,2.718450016850437e+23,0.0,0.0,0.0,2.004,2.004,225,-0.0,0.0,0.0,0.0,0.0,0.0,0.0,0.0,0.0,0,0,0,-2.95458887740822e+23,2.342893893835987e+29,1.8408086779166215e+36,-4.743096727256146e+28,3.3385955894860186e+17,0.0,0.0,842988257280.0,-1058.196,-1.7247899399731205e+25,-0.018,61276852224.0,0.0,0.0,0.0,-0.001,0,1.3516416376850534e+27,225,0.0,450,-0.0,4.5382711475481616e+24,2114,0,17110,0,17112,0,17096,0,0,0,101,100,100,0.0,64.6,0.0,65.4,-107615240.0,64.5,1,49,50,180,52429,0,0,0,0.0,0.0,0.0,60.0,0.0,71.0,0.0,0.0,0.0,1069,0,1070,0,0,0,1070,0,1080,0,1000,0,649,0,651,0,647,0,676,0.032,1.31340817804812e+22,0.0,0.0,44432,16813,0.0,0.0,1.455,-8.166564165320238e+37,1.4373250863726592e+16,-0.0,50.0,60.0,35,0.0,0.0,10.0,2.0,0.0,0.0,0.0,0.0,0.0,0.0,0.0,0.0,0.0,0.0,0.0,0.0,58.8,49,15,65514,27,65476,0,300,0,0,8,20529,65476,0,0,30147,60.0,0.0,10.0,10.0,2.0,0.0
2026-02-16T12:24:20,ERR,ERR,ERR,ERR,ERR,ERR,ERR,ERR,ERR,ERR,ERR,ERR,ERR,ERR,ERR,ERR,ERR,ERR,ERR,ERR,ERR,ERR,ERR,ERR,ERR,ERR,ERR,ERR,ERR,ERR,ERR,ERR,ERR,ERR,ERR,ERR,ERR,ERR,ERR,ERR,ERR,ERR,ERR,ERR,ERR,ERR,ERR,ERR,ERR,ERR,ERR,ERR,ERR,ERR,ERR,ERR,ERR,ERR,ERR,ERR,ERR,ERR,ERR,ERR,ERR,ERR,ERR,ERR,ERR,ERR,ERR,ERR,ERR,ERR,ERR,ERR,ERR,ERR,ERR,ERR,ERR,ERR,ERR,ERR,ERR,ERR,ERR,ERR,ERR,ERR,ERR,ERR,ERR,ERR,ERR,ERR,ERR,ERR,ERR,ERR,ERR,ERR,ERR,ERR,ERR,ERR,ERR,ERR,ERR,ERR,ERR,ERR,ERR,ERR,ERR,ERR,ERR,ERR,ERR,ERR,ERR,ERR,ERR,ERR,ERR,0.0,0.0,-107089984.0,0.0,-3.950257673973865e+28,-2.18203181517321e+18,3452944863199232.0,57737272.0,4300,0,8,17163,4300,0.0,41,0.0,0.0,0.0,0.0,2.7184166902131945e+23,0,0,0,0,0.0,0,0,0,0,0,0,0,0,0,0,0,0,0,0,0,0,0,0,0,0,0,0,0,0,0,0,0,0,0,0,0,0,0,12,36,36,48,65476,407,65476,1,0,4,21553,0.0,0.0,0.0,0.0,0.0,0.0,0.0,0.0,0.0,0.0,0.0,0.0,0.0,0.0,0.0,0.0,0.0,0.0,0.0,0.0,0.0,2.004,2.004,0.0,3.697074423243316e+19,-0.0,0.0,0.0,0.0,0.0,6617.0,-0.0,0.0,0.0,0.0,2.718450016850437e+23,0.0,0.0,0.0,2.004,2.004,225,-0.0,0.0,0.0,0.0,0.0,0.0,0.0,0.0,0.0,0,0,0,-2.95458887740822e+23,2.342893893835987e+29,1.8408086779166215e+36,-4.743096727256146e+28,3.3385955894860186e+17,0.0,0.0,842988257280.0,-1058.196,-1.7247899399731205e+25,-0.018,61276852224.0,0.0,0.0,0.0,-0.001,0,1.3516416376850534e+27,225,0.0,450,-0.0,4.5382711475481616e+24,2114,0,17110,0,17112,0,17096,0,0,0,101,100,100,2.7302335952034594e+23,64.6,0.0,65.4,-107615240.0,64.5,1,49,50,180,52429,52429,0,0,0.0,0.0,0.0,60.0,0.0,71.0,0.0,-0.0,0.0,1069,0,1069,0,0,0,1070,0,1080,0,1000,0,649,0,651,0,646,0,676,0.032,1.4536034330083127e+22,0.0,0.0,24464,16813,0.0,-0.0,-0.0,5.805138738263364e+36,-0.0,0.0,50.0,60.0,35,0.0,0.0,10.0,2.0,0.0,0.0,0.0,0.0,0.0,0.0,0.0,0.0,0.0,0.0,0.0,0.0,58.8,49,15,65514,27,65476,0,300,0,0,8,20529,65476,0,0,30147,60.0,0.0,10.0,10.0,2.0,0.0
2026-02-16T12:24:21,ERR,ERR,ERR,ERR,ERR,ERR,ERR,ERR,ERR,ERR,ERR,ERR,ERR,ERR,ERR,ERR,ERR,ERR,ERR,ERR,ERR,ERR,ERR,ERR,ERR,ERR,ERR,ERR,ERR,ERR,ERR,ERR,ERR,ERR,ERR,ERR,ERR,ERR,ERR,ERR,ERR,ERR,ERR,ERR,ERR,ERR,ERR,ERR,ERR,ERR,ERR,ERR,ERR,ERR,ERR,ERR,ERR,ERR,ERR,ERR,ERR,ERR,ERR,ERR,ERR,ERR,ERR,ERR,ERR,ERR,ERR,ERR,ERR,ERR,ERR,ERR,ERR,ERR,ERR,ERR,ERR,ERR,ERR,ERR,ERR,ERR,ERR,ERR,ERR,ERR,ERR,ERR,ERR,ERR,ERR,ERR,ERR,ERR,ERR,ERR,ERR,ERR,ERR,ERR,ERR,ERR,ERR,ERR,ERR,ERR,ERR,ERR,ERR,ERR,ERR,ERR,ERR,ERR,ERR,ERR,ERR,ERR,ERR,ERR,ERR,0.0,0.0,-107089984.0,0.0,-3.950257673973865e+28,-2.18203181517321e+18,3452944863199232.0,57737272.0,4300,0,8,17163,4300,0.0,41,0.0,0.0,0.0,0.0,2.7184166902131945e+23,0,0,0,0,0.0,0,0,0,0,0,0,0,0,0,0,0,0,0,0,0,0,0,0,0,0,0,0,0,0,0,0,0,0,0,0,0,0,0,12,36,36,48,65476,407,65476,1,0,4,21553,0.0,0.0,0.0,0.0,0.0,0.0,0.0,0.0,0.0,0.0,0.0,0.0,0.0,0.0,0.0,0.0,0.0,0.0,0.0,0.0,0.0,2.004,2.004,0.0,3.697074423243316e+19,-0.0,0.0,0.0,0.0,0.0,6617.0,-0.0,0.0,0.0,0.0,2.718450016850437e+23,0.0,0.0,0.0,2.004,2.004,225,-0.0,0.0,0.0,0.0,0.0,0.0,0.0,0.0,0.0,0,0,0,-2.95458887740822e+23,2.342893893835987e+29,1.8408086779166215e+36,-4.743096727256146e+28,3.3385955894860186e+17,0.0,0.0,842988257280.0,-1058.196,-1.7247899399731205e+25,-0.018,61276852224.0,0.0,0.0,0.0,-0.001,0,1.3516416376850534e+27,225,0.0,450,-0.0,4.5382711475481616e+24,2114,0,17110,0,17112,0,17096,0,0,0,101,100,100,2.7302335952034594e+23,64.6,0.0,65.4,-107615240.0,64.5,1,49,50,180,52429,52429,0,0,0.0,0.0,0.0,60.0,0.0,71.0,0.0,-0.0,0.0,1069,0,1069,0,0,0,1070,0,1080,0,1000,0,649,0,651,0,646,0,676,0.032,1.4536034330083127e+22,0.0,0.0,24464,16813,0.0,-0.0,-0.0,5.805138738263364e+36,-0.0,0.0,50.0,60.0,35,0.0,0.0,10.0,2.0,0.0,0.0,0.0,0.0,0.0,0.0,0.0,0.0,0.0,0.0,0.0,0.0,58.8,49,15,65514,27,65476,0,300,0,0,8,20529,65476,0,0,30147,60.0,0.0,10.0,10.0,2.0,0.0
2026-02-16T12:24:22,ERR,ERR,ERR,ERR,ERR,ERR,ERR,ERR,ERR,ERR,ERR,ERR,ERR,ERR,ERR,ERR,ERR,ERR,ERR,ERR,ERR,ERR,ERR,ERR,ERR,ERR,ERR,ERR,ERR,ERR,ERR,ERR,ERR,ERR,ERR,ERR,ERR,ERR,ERR,ERR,ERR,ERR,ERR,ERR,ERR,ERR,ERR,ERR,ERR,ERR,ERR,ERR,ERR,ERR,ERR,ERR,ERR,ERR,ERR,ERR,ERR,ERR,ERR,ERR,ERR,ERR,ERR,ERR,ERR,ERR,ERR,ERR,ERR,ERR,ERR,ERR,ERR,ERR,ERR,ERR,ERR,ERR,ERR,ERR,ERR,ERR,ERR,ERR,ERR,ERR,ERR,ERR,ERR,ERR,ERR,ERR,ERR,ERR,ERR,ERR,ERR,ERR,ERR,ERR,ERR,ERR,ERR,ERR,ERR,ERR,ERR,ERR,ERR,ERR,ERR,ERR,ERR,ERR,ERR,ERR,ERR,ERR,ERR,ERR,ERR,0.0,0.0,-107089984.0,0.0,-3.950257673973865e+28,-2.18203181517321e+18,3452944863199232.0,57737272.0,4300,0,8,17163,4300,0.0,41,0.0,0.0,0.0,0.0,2.7184166902131945e+23,0,0,0,0,0.0,0,0,0,0,0,0,0,0,0,0,0,0,0,0,0,0,0,0,0,0,0,0,0,0,0,0,0,0,0,0,0,0,0,12,36,36,48,65476,407,65476,1,0,4,21553,0.0,0.0,0.0,0.0,0.0,0.0,0.0,0.0,0.0,0.0,0.0,0.0,0.0,0.0,0.0,0.0,0.0,0.0,0.0,0.0,0.0,2.004,2.004,0.0,3.697074423243316e+19,-0.0,0.0,0.0,0.0,0.0,6617.0,-0.0,0.0,0.0,0.0,2.718450016850437e+23,0.0,0.0,0.0,2.004,2.004,225,-0.0,0.0,0.0,0.0,0.0,0.0,0.0,0.0,0.0,0,0,0,-2.95458887740822e+23,2.342893893835987e+29,1.8408086779166215e+36,-4.743096727256146e+28,3.3385955894860186e+17,0.0,0.0,842988257280.0,-1058.196,-1.7247899399731205e+25,-0.018,61276852224.0,0.0,0.0,0.0,-0.001,0,1.3516416376850534e+27,225,0.0,450,-0.0,4.5382711475481616e+24,2114,0,17110,0,17112,0,17096,0,0,0,101,100,100,2.7302335952034594e+23,64.6,0.0,65.4,-107615240.0,64.5,1,49,50,180,52429,52429,0,0,0.0,0.0,0.0,60.0,0.0,71.0,0.0,-0.0,0.0,1069,0,1069,0,0,0,1070,0,1080,0,1000,0,649,0,651,0,646,0,676,0.032,1.4536034330083127e+22,0.0,0.0,24464,16813,0.0,-0.0,-0.0,5.805138738263364e+36,-0.0,0.0,50.0,60.0,35,0.0,0.0,10.0,2.0,0.0,0.0,0.0,0.0,0.0,0.0,0.0,0.0,0.0,0.0,0.0,0.0,58.8,49,15,65514,27,65476,0,300,0,0,8,20529,65476,0,0,30147,60.0,0.0,10.0,10.0,2.0,0.0
2026-02-16T12:24:23,ERR,ERR,ERR,ERR,ERR,ERR,ERR,ERR,ERR,ERR,ERR,ERR,ERR,ERR,ERR,ERR,ERR,ERR,ERR,ERR,ERR,ERR,ERR,ERR,ERR,ERR,ERR,ERR,ERR,ERR,ERR,ERR,ERR,ERR,ERR,ERR,ERR,ERR,ERR,ERR,ERR,ERR,ERR,ERR,ERR,ERR,ERR,ERR,ERR,ERR,ERR,ERR,ERR,ERR,ERR,ERR,ERR,ERR,ERR,ERR,ERR,ERR,ERR,ERR,ERR,ERR,ERR,ERR,ERR,ERR,ERR,ERR,ERR,ERR,ERR,ERR,ERR,ERR,ERR,ERR,ERR,ERR,ERR,ERR,ERR,ERR,ERR,ERR,ERR,ERR,ERR,ERR,ERR,ERR,ERR,ERR,ERR,ERR,ERR,ERR,ERR,ERR,ERR,ERR,ERR,ERR,ERR,ERR,ERR,ERR,ERR,ERR,ERR,ERR,ERR,ERR,ERR,ERR,ERR,ERR,ERR,ERR,ERR,ERR,ERR,0.0,107616344.0,0.0,0.0,17630591188992.0,-2265156.75,0.0,-2527235.5,4300,0,8,17164,4300,0.0,41,0.0,0.0,0.0,0.0,2.7184166902131945e+23,0,0,0,0,0.0,0,0,0,0,0,0,0,0,0,0,0,0,0,0,0,0,0,0,0,0,0,0,0,0,0,0,0,0,0,0,0,0,0,12,36,36,48,65476,408,65476,1,0,4,21553,0.0,-107610720.0,0.0,0.0,0.0,0.0,0.0,0.0,0.0,0.0,0.0,0.0,0.0,0.0,0.0,0.0,0.0,0.0,0.0,0.0,0.0,2.004,2.004,0.0,-0.0,-0.0,0.0,0.0,0.0,0.0,6617.0,-0.0,0.0,0.0,107616344.0,-0.0,0.0,0.0,0.0,2.004,2.004,225,-0.0,0.0,0.0,0.0,0.0,0.0,0.0,0.0,0.0,0,0,0,-688326115328.0,-949.03,-0.0,-9.834693532577808e+23,1.5608799099087083e+32,0.0,-0.0,389828545871872.0,0.0,-1.8154593764442177e+25,-0.02,64766513152.0,0.0,0.0,0.0,-3896458240.0,0,1.3516416376850534e+27,225,0.0,450,-74360974999552.0,0.0,2114,0,17110,0,17112,0,17096,0,0,0,101,100,100,0.0,64.6,0.0,65.4,-107615240.0,64.5,1,49,50,180,52429,0,0,0,0.0,0.0,0.0,60.0,0.0,71.0,0.0,-0.0,0.0,1069,0,1069,0,0,0,1070,0,1080,0,1000,0,649,0,651,0,646,0,676,0.032,1.4536034330083127e+22,0.0,0.0,36496,16813,0.0,-0.0,-0.0,4.4913183936136267e+30,-0.0,0.0,50.0,60.0,35,0.0,0.0,10.0,2.0,0.0,0.0,0.0,0.0,0.0,0.0,0.0,0.0,0.0,0.0,0.0,0.0,58.8,49,15,65514,27,65476,0,300,0,0,8,20529,65476,0,0,30147,60.0,0.0,10.0,10.0,2.0,0.0
2026-02-16T12:24:24,ERR,ERR,ERR,ERR,ERR,ERR,ERR,ERR,ERR,ERR,ERR,ERR,ERR,ERR,ERR,ERR,ERR,ERR,ERR,ERR,ERR,ERR,ERR,ERR,ERR,ERR,ERR,ERR,ERR,ERR,ERR,ERR,ERR,ERR,ERR,ERR,ERR,ERR,ERR,ERR,ERR,ERR,ERR,ERR,ERR,ERR,ERR,ERR,ERR,ERR,ERR,ERR,ERR,ERR,ERR,ERR,ERR,ERR,ERR,ERR,ERR,ERR,ERR,ERR,ERR,ERR,ERR,ERR,ERR,ERR,ERR,ERR,ERR,ERR,ERR,ERR,ERR,ERR,ERR,ERR,ERR,ERR,ERR,ERR,ERR,ERR,ERR,ERR,ERR,ERR,ERR,ERR,ERR,ERR,ERR,ERR,ERR,ERR,ERR,ERR,ERR,ERR,ERR,ERR,ERR,ERR,ERR,ERR,ERR,ERR,ERR,ERR,ERR,ERR,ERR,ERR,ERR,ERR,ERR,ERR,ERR,ERR,ERR,ERR,ERR,0.0,107616344.0,0.0,0.0,17630591188992.0,-2265156.75,0.0,-2527235.5,4300,0,8,17164,4300,0.0,41,0.0,0.0,0.0,0.0,2.7184166902131945e+23,0,0,0,0,0.0,0,0,0,0,0,0,0,0,0,0,0,0,0,0,0,0,0,0,0,0,0,0,0,0,0,0,0,0,0,0,0,0,0,12,36,36,48,65476,408,65476,1,0,4,21553,0.0,-107610720.0,0.0,0.0,0.0,0.0,0.0,0.0,0.0,0.0,0.0,0.0,0.0,0.0,0.0,0.0,0.0,0.0,0.0,0.0,0.0,2.004,2.004,0.0,-0.0,-0.0,0.0,0.0,0.0,0.0,6617.0,-0.0,0.0,0.0,107616344.0,-0.0,0.0,0.0,0.0,2.004,2.004,225,-0.0,0.0,0.0,0.0,0.0,0.0,0.0,0.0,0.0,0,0,0,-688326115328.0,-949.03,-0.0,-9.834693532577808e+23,1.5608799099087083e+32,0.0,-0.0,389828545871872.0,0.0,-1.8154593764442177e+25,-0.02,64766513152.0,0.0,0.0,0.0,-3896458240.0,0,1.3516416376850534e+27,225,0.0,450,-74360974999552.0,0.0,2114,0,17110,0,17112,0,17096,0,0,0,101,100,100,0.0,64.6,0.0,65.4,-107615240.0,64.5,1,49,50,180,52429,0,0,0,0.0,0.0,0.0,60.0,0.0,71.0,0.0,-0.0,0.0,1069,0,1069,0,0,0,1070,0,1080,0,1000,0,649,0,651,0,646,0,676,0.032,1.4536034330083127e+22,0.0,0.0,36496,16813,0.0,-0.0,-0.0,4.4913183936136267e+30,-0.0,0.0,50.0,60.0,35,0.0,0.0,10.0,2.0,0.0,0.0,0.0,0.0,0.0,0.0,0.0,0.0,0.0,0.0,0.0,0.0,58.8,49,15,65514,27,65476,0,300,0,0,8,20529,65476,0,0,30147,60.0,0.0,10.0,10.0,2.0,0.0
2026-02-16T12:24:25,ERR,ERR,ERR,ERR,ERR,ERR,ERR,ERR,ERR,ERR,ERR,ERR,ERR,ERR,ERR,ERR,ERR,ERR,ERR,ERR,ERR,ERR,ERR,ERR,ERR,ERR,ERR,ERR,ERR,ERR,ERR,ERR,ERR,ERR,ERR,ERR,ERR,ERR,ERR,ERR,ERR,ERR,ERR,ERR,ERR,ERR,ERR,ERR,ERR,ERR,ERR,ERR,ERR,ERR,ERR,ERR,ERR,ERR,ERR,ERR,ERR,ERR,ERR,ERR,ERR,ERR,ERR,ERR,ERR,ERR,ERR,ERR,ERR,ERR,ERR,ERR,ERR,ERR,ERR,ERR,ERR,ERR,ERR,ERR,ERR,ERR,ERR,ERR,ERR,ERR,ERR,ERR,ERR,ERR,ERR,ERR,ERR,ERR,ERR,ERR,ERR,ERR,ERR,ERR,ERR,ERR,ERR,ERR,ERR,ERR,ERR,ERR,ERR,ERR,ERR,ERR,ERR,ERR,ERR,ERR,ERR,ERR,ERR,ERR,ERR,0.0,107616344.0,0.0,0.0,17630591188992.0,-2265156.75,0.0,-2527235.5,4300,0,8,17164,4300,0.0,41,0.0,0.0,0.0,0.0,2.7184166902131945e+23,0,0,0,0,0.0,0,0,0,0,0,0,0,0,0,0,0,0,0,0,0,0,0,0,0,0,0,0,0,0,0,0,0,0,0,0,0,0,0,12,36,36,48,65476,408,65476,1,0,4,21553,0.0,-107610720.0,0.0,0.0,0.0,0.0,0.0,0.0,0.0,0.0,0.0,0.0,0.0,0.0,0.0,0.0,0.0,0.0,0.0,0.0,0.0,2.004,2.004,0.0,-0.0,-0.0,0.0,0.0,0.0,0.0,6617.0,-0.0,0.0,0.0,107616344.0,-0.0,0.0,0.0,0.0,2.004,2.004,225,-0.0,0.0,0.0,0.0,0.0,0.0,0.0,0.0,0.0,0,0,0,-688326115328.0,-949.03,-0.0,-9.834693532577808e+23,1.5608799099087083e+32,0.0,-0.0,389828545871872.0,0.0,-1.8154593764442177e+25,-0.02,64766513152.0,0.0,0.0,0.0,-3896458240.0,0,1.3516416376850534e+27,225,0.0,450,-74360974999552.0,0.0,2114,0,17110,0,17112,0,17096,0,0,0,101,100,100,0.0,64.6,0.0,65.4,-107615240.0,64.5,1,49,50,180,52429,0,0,0,0.0,0.0,0.0,60.0,0.0,71.0,0.0,-0.0,0.0,1069,0,1069,0,0,0,1070,0,1080,0,1000,0,649,0,651,0,646,0,676,0.032,1.4536034330083127e+22,0.0,0.0,36496,16813,0.0,-0.0,-0.0,4.4913183936136267e+30,-0.0,0.0,50.0,60.0,35,0.0,0.0,10.0,2.0,0.0,0.0,0.0,0.0,0.0,0.0,0.0,0.0,0.0,0.0,0.0,0.0,58.8,49,15,65514,27,65476,0,300,0,0,8,20529,65476,0,0,30147,60.0,0.0,10.0,10.0,2.0,0.0
2026-02-16T12:24:26,ERR,ERR,ERR,ERR,ERR,ERR,ERR,ERR,ERR,ERR,ERR,ERR,ERR,ERR,ERR,ERR,ERR,ERR,ERR,ERR,ERR,ERR,ERR,ERR,ERR,ERR,ERR,ERR,ERR,ERR,ERR,ERR,ERR,ERR,ERR,ERR,ERR,ERR,ERR,ERR,ERR,ERR,ERR,ERR,ERR,ERR,ERR,ERR,ERR,ERR,ERR,ERR,ERR,ERR,ERR,ERR,ERR,ERR,ERR,ERR,ERR,ERR,ERR,ERR,ERR,ERR,ERR,ERR,ERR,ERR,ERR,ERR,ERR,ERR,ERR,ERR,ERR,ERR,ERR,ERR,ERR,ERR,ERR,ERR,ERR,ERR,ERR,ERR,ERR,ERR,ERR,ERR,ERR,ERR,ERR,ERR,ERR,ERR,ERR,ERR,ERR,ERR,ERR,ERR,ERR,ERR,ERR,ERR,ERR,ERR,ERR,ERR,ERR,ERR,ERR,ERR,ERR,ERR,ERR,ERR,ERR,ERR,ERR,ERR,ERR,0.0,107616344.0,0.0,0.0,17630591188992.0,-2265156.75,0.0,-2527235.5,4300,0,8,17164,4300,0.0,41,0.0,0.0,0.0,0.0,2.7184166902131945e+23,0,0,0,0,0.0,0,0,0,0,0,0,0,0,0,0,0,0,0,0,0,0,0,0,0,0,0,0,0,0,0,0,0,0,0,0,0,0,0,12,36,36,48,65476,408,65476,1,0,4,21553,0.0,-107610720.0,0.0,0.0,0.0,0.0,0.0,0.0,0.0,0.0,0.0,0.0,0.0,0.0,0.0,0.0,0.0,0.0,0.0,0.0,0.0,2.004,2.004,0.0,-0.0,-0.0,0.0,0.0,0.0,0.0,6617.0,-0.0,0.0,0.0,107616344.0,-0.0,0.0,0.0,0.0,2.004,2.004,225,-0.0,0.0,0.0,0.0,0.0,0.0,0.0,0.0,0.0,0,0,0,-688326115328.0,-949.03,-0.0,-9.834693532577808e+23,1.5608799099087083e+32,0.0,-0.0,389828545871872.0,0.0,-1.8154593764442177e+25,-0.02,64766513152.0,0.0,0.0,0.0,-3896458240.0,0,1.3516416376850534e+27,225,0.0,450,-74360974999552.0,0.0,2114,0,17110,0,17112,0,17096,0,0,0,101,100,100,2.7302335952034594e+23,64.6,0.0,65.4,-107615240.0,64.5,1,49,50,180,52429,52429,0,0,0.0,0.0,0.0,60.0,0.0,71.0,0.0,-0.0,0.0,1069,0,1069,0,0,0,1070,0,1080,0,1000,0,649,0,651,0,647,0,676,0.032,1.1584555278289598e+22,0.0,0.0,32400,16813,0.0,-0.0,-2838982819840.0,0.0,-3.510788126391088e+20,0.0,50.0,60.0,35,0.0,0.0,10.0,2.0,0.0,0.0,0.0,0.0,0.0,0.0,0.0,0.0,0.0,0.0,0.0,0.0,58.8,49,15,65514,27,65476,0,300,0,0,8,20529,65476,0,0,30147,60.0,0.0,10.0,10.0,2.0,0.0
2026-02-16T12:24:27,ERR,ERR,ERR,ERR,ERR,ERR,ERR,ERR,ERR,ERR,ERR,ERR,ERR,ERR,ERR,ERR,ERR,ERR,ERR,ERR,ERR,ERR,ERR,ERR,ERR,ERR,ERR,ERR,ERR,ERR,ERR,ERR,ERR,ERR,ERR,ERR,ERR,ERR,ERR,ERR,ERR,ERR,ERR,ERR,ERR,ERR,ERR,ERR,ERR,ERR,ERR,ERR,ERR,ERR,ERR,ERR,ERR,ERR,ERR,ERR,ERR,ERR,ERR,ERR,ERR,ERR,ERR,ERR,ERR,ERR,ERR,ERR,ERR,ERR,ERR,ERR,ERR,ERR,ERR,ERR,ERR,ERR,ERR,ERR,ERR,ERR,ERR,ERR,ERR,ERR,ERR,ERR,ERR,ERR,ERR,ERR,ERR,ERR,ERR,ERR,ERR,ERR,ERR,ERR,ERR,ERR,ERR,ERR,ERR,ERR,ERR,ERR,ERR,ERR,ERR,ERR,ERR,ERR,ERR,ERR,ERR,ERR,ERR,ERR,ERR,0.0,107616344.0,0.0,0.0,17630591188992.0,-2265156.75,0.0,-2527235.5,4300,0,8,17164,4300,0.0,41,0.0,0.0,0.0,0.0,2.7184166902131945e+23,0,0,0,0,0.0,0,0,0,0,0,0,0,0,0,0,0,0,0,0,0,0,0,0,0,0,0,0,0,0,0,0,0,0,0,0,0,0,0,12,36,36,48,65476,408,65476,1,0,4,21553,0.0,-107610720.0,0.0,0.0,0.0,0.0,0.0,0.0,0.0,0.0,0.0,0.0,0.0,0.0,0.0,0.0,0.0,0.0,0.0,0.0,0.0,2.004,2.004,0.0,-0.0,-0.0,0.0,0.0,0.0,0.0,6617.0,-0.0,0.0,0.0,107616344.0,-0.0,0.0,0.0,0.0,2.004,2.004,225,-0.0,0.0,0.0,0.0,0.0,0.0,0.0,0.0,0.0,0,0,0,-688326115328.0,-949.03,-0.0,-9.834693532577808e+23,1.5608799099087083e+32,0.0,-0.0,389828545871872.0,0.0,-1.8154593764442177e+25,-0.02,64766513152.0,0.0,0.0,0.0,-3896458240.0,0,1.3516416376850534e+27,225,0.0,450,-74360974999552.0,0.0,2114,0,17110,0,17112,0,17096,0,0,0,101,100,100,2.7302335952034594e+23,64.6,0.0,65.4,-107615240.0,64.5,1,49,50,180,52429,52429,0,0,0.0,0.0,0.0,60.0,0.0,71.0,0.0,-0.0,0.0,1069,0,1069,0,0,0,1070,0,1080,0,1000,0,649,0,651,0,647,0,676,0.032,1.1584555278289598e+22,0.0,0.0,32400,16813,0.0,-0.0,-2838982819840.0,0.0,-3.510788126391088e+20,0.0,50.0,60.0,35,0.0,0.0,10.0,2.0,0.0,0.0,0.0,0.0,0.0,0.0,0.0,0.0,0.0,0.0,0.0,0.0,58.8,49,15,65514,27,65476,0,300,0,0,8,20529,65476,0,0,30147,60.0,0.0,10.0,10.0,2.0,0.0
2026-02-16T12:24:28,ERR,ERR,ERR,ERR,ERR,ERR,ERR,ERR,ERR,ERR,ERR,ERR,ERR,ERR,ERR,ERR,ERR,ERR,ERR,ERR,ERR,ERR,ERR,ERR,ERR,ERR,ERR,ERR,ERR,ERR,ERR,ERR,ERR,ERR,ERR,ERR,ERR,ERR,ERR,ERR,ERR,ERR,ERR,ERR,ERR,ERR,ERR,ERR,ERR,ERR,ERR,ERR,ERR,ERR,ERR,ERR,ERR,ERR,ERR,ERR,ERR,ERR,ERR,ERR,ERR,ERR,ERR,ERR,ERR,ERR,ERR,ERR,ERR,ERR,ERR,ERR,ERR,ERR,ERR,ERR,ERR,ERR,ERR,ERR,ERR,ERR,ERR,ERR,ERR,ERR,ERR,ERR,ERR,ERR,ERR,ERR,ERR,ERR,ERR,ERR,ERR,ERR,ERR,ERR,ERR,ERR,ERR,ERR,ERR,ERR,ERR,ERR,ERR,ERR,ERR,ERR,ERR,ERR,ERR,ERR,ERR,ERR,ERR,ERR,ERR,0.0,107616344.0,0.0,0.0,17630591188992.0,0.0,-1911006.75,4.79806293785152e+32,4300,0,8,17164,4300,0.0,41,0.0,0.0,0.0,0.0,0.0,0,0,0,0,0.0,0,0,0,0,0,0,0,0,0,0,0,0,0,0,0,0,0,0,0,0,0,0,0,0,0,0,0,0,0,0,0,0,0,12,37,36,48,65476,412,65476,1,0,4,21553,0.0,-0.0,0.0,0.0,0.0,0.0,0.0,0.0,0.0,0.0,0.0,0.0,0.0,0.0,0.0,0.0,0.0,0.0,0.0,0.0,0.0,2.004,3.697062548517736e+19,2.004,-0.0,-0.0,0.0,0.0,0.0,0.0,6614.0,-0.0,0.0,0.0,2.7184525388662284e+23,-107616232.0,0.0,0.0,0.0,2.004,2.004,225,-0.0,0.0,0.0,0.0,0.0,0.0,0.0,0.0,0.0,0,0,0,-4.936744580531922e+22,0.0,-0.0,0.0,-0.0,-6.171318101550342e+29,-1.6976510071553176e+31,-5.8578137557503486e+26,-0.0,-1.9061288129153148e+25,-0.021,67987738624.0,0.0,0.0,0.0,-0.0,0,1.3516416376850534e+27,225,0.0,450,-74360974999552.0,0.0,2114,0,17110,0,17112,0,17096,0,0,0,101,100,100,2.7302335952034594e+23,64.6,0.0,65.4,-107615240.0,64.5,1,49,50,180,52429,52429,0,0,0.0,0.0,0.0,60.0,0.0,71.0,0.0,-0.0,0.0,1069,0,1069,0,0,0,1070,0,1080,0,1000,0,649,0,651,0,647,0,676,0.032,1.1584555278289598e+22,0.0,0.0,32400,16813,0.0,-0.0,-2838982819840.0,0.0,-3.510788126391088e+20,0.0,50.0,60.0,35,0.0,0.0,10.0,2.0,0.0,0.0,0.0,0.0,0.0,0.0,0.0,0.0,0.0,0.0,0.0,0.0,58.8,49,15,65514,27,65476,0,300,0,0,8,20529,65476,0,0,30147,60.0,0.0,10.0,10.0,2.0,0.0
2026-02-16T12:24:29,ERR,ERR,ERR,ERR,ERR,ERR,ERR,ERR,ERR,ERR,ERR,ERR,ERR,ERR,ERR,ERR,ERR,ERR,ERR,ERR,ERR,ERR,ERR,ERR,ERR,ERR,ERR,ERR,ERR,ERR,ERR,ERR,ERR,ERR,ERR,ERR,ERR,ERR,ERR,ERR,ERR,ERR,ERR,ERR,ERR,ERR,ERR,ERR,ERR,ERR,ERR,ERR,ERR,ERR,ERR,ERR,ERR,ERR,ERR,ERR,ERR,ERR,ERR,ERR,ERR,ERR,ERR,ERR,ERR,ERR,ERR,ERR,ERR,ERR,ERR,ERR,ERR,ERR,ERR,ERR,ERR,ERR,ERR,ERR,ERR,ERR,ERR,ERR,ERR,ERR,ERR,ERR,ERR,ERR,ERR,ERR,ERR,ERR,ERR,ERR,ERR,ERR,ERR,ERR,ERR,ERR,ERR,ERR,ERR,ERR,ERR,ERR,ERR,ERR,ERR,ERR,ERR,ERR,ERR,ERR,ERR,ERR,ERR,ERR,ERR,0.0,107616344.0,0.0,0.0,17630591188992.0,0.0,-1911006.75,4.79806293785152e+32,4300,0,8,17164,4300,0.0,41,0.0,0.0,0.0,0.0,0.0,0,0,0,0,0.0,0,0,0,0,0,0,0,0,0,0,0,0,0,0,0,0,0,0,0,0,0,0,0,0,0,0,0,0,0,0,0,0,0,12,37,36,48,65476,412,65476,1,0,4,21553,0.0,-0.0,0.0,0.0,0.0,0.0,0.0,0.0,0.0,0.0,0.0,0.0,0.0,0.0,0.0,0.0,0.0,0.0,0.0,0.0,0.0,2.004,3.697062548517736e+19,2.004,-0.0,-0.0,0.0,0.0,0.0,0.0,6614.0,-0.0,0.0,0.0,2.7184525388662284e+23,-107616232.0,0.0,0.0,0.0,2.004,2.004,225,-0.0,0.0,0.0,0.0,0.0,0.0,0.0,0.0,0.0,0,0,0,-4.936744580531922e+22,0.0,-0.0,0.0,-0.0,-6.171318101550342e+29,-1.6976510071553176e+31,-5.8578137557503486e+26,-0.0,-1.9061288129153148e+25,-0.021,67987738624.0,0.0,0.0,0.0,-0.0,0,1.3516416376850534e+27,225,0.0,450,-74360974999552.0,0.0,2114,0,17110,0,17112,0,17096,0,0,0,101,100,100,0.0,64.6,0.0,65.4,-107615240.0,64.5,1,49,50,180,52429,52429,0,0,0.0,0.0,0.0,60.0,0.0,71.0,0.0,-0.0,0.0,1069,0,1069,0,0,0,1070,0,1080,0,1000,0,649,0,651,0,647,0,676,0.032,1.1584555278289598e+22,0.0,0.0,31120,16813,0.0,0.0,0.0,-0.0,0.0,350577033216.0,50.0,60.0,35,0.0,0.0,10.0,2.0,0.0,0.0,0.0,0.0,0.0,0.0,0.0,0.0,0.0,0.0,0.0,0.0,58.8,49,15,65514,27,65476,0,65476,0,0,2,20529,65476,0,0,30147,60.0,0.0,10.0,10.0,2.0,0.0
2026-02-16T12:24:30,ERR,ERR,ERR,ERR,ERR,ERR,ERR,ERR,ERR,ERR,ERR,ERR,ERR,ERR,ERR,ERR,ERR,ERR,ERR,ERR,ERR,ERR,ERR,ERR,ERR,ERR,ERR,ERR,ERR,ERR,ERR,ERR,ERR,ERR,ERR,ERR,ERR,ERR,ERR,ERR,ERR,ERR,ERR,ERR,ERR,ERR,ERR,ERR,ERR,ERR,ERR,ERR,ERR,ERR,ERR,ERR,ERR,ERR,ERR,ERR,ERR,ERR,ERR,ERR,ERR,ERR,ERR,ERR,ERR,ERR,ERR,ERR,ERR,ERR,ERR,ERR,ERR,ERR,ERR,ERR,ERR,ERR,ERR,ERR,ERR,ERR,ERR,ERR,ERR,ERR,ERR,ERR,ERR,ERR,ERR,ERR,ERR,ERR,ERR,ERR,ERR,ERR,ERR,ERR,ERR,ERR,ERR,ERR,ERR,ERR,ERR,ERR,ERR,ERR,ERR,ERR,ERR,ERR,ERR,ERR,ERR,ERR,ERR,ERR,ERR,0.0,107616344.0,0.0,0.0,17630591188992.0,0.0,-1911006.75,4.79806293785152e+32,4300,0,8,17164,4300,0.0,41,0.0,0.0,0.0,0.0,0.0,0,0,0,0,0.0,0,0,0,0,0,0,0,0,0,0,0,0,0,0,0,0,0,0,0,0,0,0,0,0,0,0,0,0,0,0,0,0,0,12,37,36,48,65476,412,65476,1,0,4,21553,0.0,-0.0,0.0,0.0,0.0,0.0,0.0,0.0,0.0,0.0,0.0,0.0,0.0,0.0,0.0,0.0,0.0,0.0,0.0,0.0,0.0,2.004,3.697062548517736e+19,2.004,-0.0,-0.0,0.0,0.0,0.0,0.0,6614.0,-0.0,0.0,0.0,2.7184525388662284e+23,-107616232.0,0.0,0.0,0.0,2.004,2.004,225,-0.0,0.0,0.0,0.0,0.0,0.0,0.0,0.0,0.0,0,0,0,-4.936744580531922e+22,0.0,-0.0,0.0,-0.0,-6.171318101550342e+29,-1.6976510071553176e+31,-5.8578137557503486e+26,-0.0,-1.9061288129153148e+25,-0.021,67987738624.0,0.0,0.0,0.0,-0.0,0,1.3516416376850534e+27,225,0.0,450,-74360974999552.0,0.0,2114,0,17110,0,17112,0,17096,0,0,0,101,100,100,0.0,64.6,0.0,65.4,-107615240.0,64.5,1,49,50,180,52429,52429,0,0,0.0,0.0,0.0,60.0,0.0,71.0,0.0,-0.0,0.0,1069,0,1069,0,0,0,1070,0,1080,0,1000,0,649,0,651,0,647,0,676,0.032,1.1584555278289598e+22,0.0,0.0,31120,16813,0.0,0.0,0.0,-0.0,0.0,350577033216.0,50.0,60.0,35,0.0,0.0,10.0,2.0,0.0,0.0,0.0,0.0,0.0,0.0,0.0,0.0,0.0,0.0,0.0,0.0,58.8,49,15,65514,27,65476,0,65476,0,0,4,20529,65476,0,0,30147,60.0,0.0,10.0,10.0,2.0,0.0
2026-02-16T12:24:31,ERR,ERR,ERR,ERR,ERR,ERR,ERR,ERR,ERR,ERR,ERR,ERR,ERR,ERR,ERR,ERR,ERR,ERR,ERR,ERR,ERR,ERR,ERR,ERR,ERR,ERR,ERR,ERR,ERR,ERR,ERR,ERR,ERR,ERR,ERR,ERR,ERR,ERR,ERR,ERR,ERR,ERR,ERR,ERR,ERR,ERR,ERR,ERR,ERR,ERR,ERR,ERR,ERR,ERR,ERR,ERR,ERR,ERR,ERR,ERR,ERR,ERR,ERR,ERR,ERR,ERR,ERR,ERR,ERR,ERR,ERR,ERR,ERR,ERR,ERR,ERR,ERR,ERR,ERR,ERR,ERR,ERR,ERR,ERR,ERR,ERR,ERR,ERR,ERR,ERR,ERR,ERR,ERR,ERR,ERR,ERR,ERR,ERR,ERR,ERR,ERR,ERR,ERR,ERR,ERR,ERR,ERR,ERR,ERR,ERR,ERR,ERR,ERR,ERR,ERR,ERR,ERR,ERR,ERR,ERR,ERR,ERR,ERR,ERR,ERR,0.0,107616344.0,0.0,0.0,17630591188992.0,0.0,-1911006.75,4.79806293785152e+32,4300,0,8,17164,4300,0.0,41,0.0,0.0,0.0,0.0,0.0,0,0,0,0,0.0,0,0,0,0,0,0,0,0,0,0,0,0,0,0,0,0,0,0,0,0,0,0,0,0,0,0,0,0,0,0,0,0,0,12,37,36,48,65476,412,65476,1,0,4,21553,0.0,-0.0,0.0,0.0,0.0,0.0,0.0,0.0,0.0,0.0,0.0,0.0,0.0,0.0,0.0,0.0,0.0,0.0,0.0,0.0,0.0,2.004,3.697062548517736e+19,2.004,-0.0,-0.0,0.0,0.0,0.0,0.0,6614.0,-0.0,0.0,0.0,2.7184525388662284e+23,-107616232.0,0.0,0.0,0.0,2.004,2.004,225,-0.0,0.0,0.0,0.0,0.0,0.0,0.0,0.0,0.0,0,0,0,-4.936744580531922e+22,0.0,-0.0,0.0,-0.0,-6.171318101550342e+29,-1.6976510071553176e+31,-5.8578137557503486e+26,-0.0,-1.9061288129153148e+25,-0.021,67987738624.0,0.0,0.0,0.0,-0.0,0,1.3516416376850534e+27,225,0.0,450,-74360974999552.0,0.0,2114,0,17110,0,17112,0,17096,0,0,0,101,100,100,0.0,64.6,0.0,65.4,-107615240.0,64.5,1,49,50,180,52429,52429,0,0,0.0,0.0,0.0,60.0,0.0,71.0,0.0,-0.0,0.0,1069,0,1069,0,0,0,1070,0,1080,0,1000,0,649,0,651,0,647,0,676,0.032,1.1584555278289598e+22,0.0,0.0,31120,16813,0.0,0.0,0.0,-0.0,0.0,350577033216.0,50.0,60.0,35,0.0,0.0,10.0,2.0,0.0,0.0,0.0,0.0,0.0,0.0,0.0,0.0,0.0,0.0,0.0,0.0,58.8,49,15,65514,27,65476,0,65476,0,0,4,20529,65476,0,0,30147,60.0,0.0,10.0,10.0,2.0,0.0
2026-02-16T12:24:32,ERR,ERR,ERR,ERR,ERR,ERR,ERR,ERR,ERR,ERR,ERR,ERR,ERR,ERR,ERR,ERR,ERR,ERR,ERR,ERR,ERR,ERR,ERR,ERR,ERR,ERR,ERR,ERR,ERR,ERR,ERR,ERR,ERR,ERR,ERR,ERR,ERR,ERR,ERR,ERR,ERR,ERR,ERR,ERR,ERR,ERR,ERR,ERR,ERR,ERR,ERR,ERR,ERR,ERR,ERR,ERR,ERR,ERR,ERR,ERR,ERR,ERR,ERR,ERR,ERR,ERR,ERR,ERR,ERR,ERR,ERR,ERR,ERR,ERR,ERR,ERR,ERR,ERR,ERR,ERR,ERR,ERR,ERR,ERR,ERR,ERR,ERR,ERR,ERR,ERR,ERR,ERR,ERR,ERR,ERR,ERR,ERR,ERR,ERR,ERR,ERR,ERR,ERR,ERR,ERR,ERR,ERR,ERR,ERR,ERR,ERR,ERR,ERR,ERR,ERR,ERR,ERR,ERR,ERR,ERR,ERR,ERR,ERR,ERR,ERR,0.0,2.7184525388662284e+23,0.0,0.0,17473949663232.0,2.7150041608411967e+38,1.7505482744389863e+23,0.0,4300,0,8,17165,4300,0.0,41,0.0,0.0,0.0,0.0,0.0,0,0,0,0,0.0,0,0,0,0,0,0,0,0,0,0,0,0,0,0,0,0,0,0,0,0,0,0,0,0,0,0,0,0,0,0,0,0,0,12,37,36,48,65476,410,65476,1,0,4,21553,0.0,-107610720.0,0.0,0.0,0.0,0.0,0.0,0.0,0.0,0.0,0.0,0.0,0.0,0.0,0.0,0.0,0.0,0.0,0.0,0.0,0.0,2.004,3.697062548517736e+19,2.004,-2.004,-2.004,0.0,0.0,0.0,0.0,6592.0,-0.0,0.0,0.0,2.7184525388662284e+23,0.0,0.0,0.0,0.0,2.004,2.004,225,-4.9504015179484054e+32,0.0,0.0,0.0,0.0,0.0,0.0,0.0,0.0,0,0,0,-172242672.0,-1.2433721201777645e+34,-0.0,2.8869469991212155e+18,-0.0,-8195923968.0,0.0,0.0,0.0,-2.0744267601346003e+25,-0.023,73698451456.0,0.0,0.0,0.0,-0.0,0,1.3516416376850534e+27,225,0.0,450,-74360974999552.0,4.538271724008914e+24,2114,0,17110,0,17112,0,17096,0,0,0,101,100,100,0.0,64.6,0.0,65.4,-107615240.0,64.5,1,49,50,180,52429,52429,0,0,0.0,0.0,0.0,60.0,0.0,71.0,0.0,-0.0,0.0,1069,0,1069,0,0,0,1070,0,1080,0,1000,0,649,0,651,0,647,0,676,0.032,1.1584555278289598e+22,0.0,0.0,31120,16813,0.0,0.0,0.0,-0.0,0.0,350577033216.0,50.0,60.0,35,0.0,0.0,10.0,2.0,0.0,0.0,0.0,0.0,0.0,0.0,0.0,0.0,0.0,0.0,0.0,0.0,58.8,49,15,65514,27,65476,0,65476,1,0,4,20529,65476,0,0,30147,60.0,0.0,10.0,10.0,2.0,0.0
2026-02-16T12:24:33,ERR,ERR,ERR,ERR,ERR,ERR,ERR,ERR,ERR,ERR,ERR,ERR,ERR,ERR,ERR,ERR,ERR,ERR,ERR,ERR,ERR,ERR,ERR,ERR,ERR,ERR,ERR,ERR,ERR,ERR,ERR,ERR,ERR,ERR,ERR,ERR,ERR,ERR,ERR,ERR,ERR,ERR,ERR,ERR,ERR,ERR,ERR,ERR,ERR,ERR,ERR,ERR,ERR,ERR,ERR,ERR,ERR,ERR,ERR,ERR,ERR,ERR,ERR,ERR,ERR,ERR,ERR,ERR,ERR,ERR,ERR,ERR,ERR,ERR,ERR,ERR,ERR,ERR,ERR,ERR,ERR,ERR,ERR,ERR,ERR,ERR,ERR,ERR,ERR,ERR,ERR,ERR,ERR,ERR,ERR,ERR,ERR,ERR,ERR,ERR,ERR,ERR,ERR,ERR,ERR,ERR,ERR,ERR,ERR,ERR,ERR,ERR,ERR,ERR,ERR,ERR,ERR,ERR,ERR,ERR,ERR,ERR,ERR,ERR,ERR,0.0,2.7184525388662284e+23,0.0,0.0,17473949663232.0,2.7150041608411967e+38,1.7505482744389863e+23,0.0,4300,0,8,17165,4300,0.0,41,0.0,0.0,0.0,0.0,0.0,0,0,0,0,0.0,0,0,0,0,0,0,0,0,0,0,0,0,0,0,0,0,0,0,0,0,0,0,0,0,0,0,0,0,0,0,0,0,0,12,37,36,48,65476,410,65476,1,0,4,21553,0.0,-107610720.0,0.0,0.0,0.0,0.0,0.0,0.0,0.0,0.0,0.0,0.0,0.0,0.0,0.0,0.0,0.0,0.0,0.0,0.0,0.0,2.004,3.697062548517736e+19,2.004,-2.004,-2.004,0.0,0.0,0.0,0.0,6592.0,-0.0,0.0,0.0,2.7184525388662284e+23,0.0,0.0,0.0,0.0,2.004,2.004,225,-4.9504015179484054e+32,0.0,0.0,0.0,0.0,0.0,0.0,0.0,0.0,0,0,0,-172242672.0,-1.2433721201777645e+34,-0.0,2.8869469991212155e+18,-0.0,-8195923968.0,0.0,0.0,0.0,-2.0744267601346003e+25,-0.023,73698451456.0,0.0,0.0,0.0,-0.0,0,1.3516416376850534e+27,225,0.0,450,-74360974999552.0,4.538271724008914e+24,2114,0,17110,0,17112,0,17096,0,0,0,101,100,100,2.7302335952034594e+23,64.6,0.0,65.4,-107615240.0,64.5,1,49,50,180,52429,52429,0,0,0.0,0.0,0.0,60.0,0.0,71.0,0.0,0.0,0.0,1069,0,1070,0,0,0,1070,0,1080,0,1000,0,650,0,651,0,647,0,676,0.032,1.4462247353788288e+22,0.0,0.0,39312,16813,0.0,0.0,0.0,4.617,0.017,9.294227604155373e+27,50.0,60.0,35,0.0,0.0,10.0,2.0,0.0,0.0,0.0,0.0,0.0,0.0,0.0,0.0,0.0,0.0,0.0,0.0,58.8,49,15,65514,27,65476,0,65476,1,0,4,20529,65476,0,0,30147,60.0,0.0,10.0,10.0,2.0,0.0
2026-02-16T12:24:34,ERR,ERR,ERR,ERR,ERR,ERR,ERR,ERR,ERR,ERR,ERR,ERR,ERR,ERR,ERR,ERR,ERR,ERR,ERR,ERR,ERR,ERR,ERR,ERR,ERR,ERR,ERR,ERR,ERR,ERR,ERR,ERR,ERR,ERR,ERR,ERR,ERR,ERR,ERR,ERR,ERR,ERR,ERR,ERR,ERR,ERR,ERR,ERR,ERR,ERR,ERR,ERR,ERR,ERR,ERR,ERR,ERR,ERR,ERR,ERR,ERR,ERR,ERR,ERR,ERR,ERR,ERR,ERR,ERR,ERR,ERR,ERR,ERR,ERR,ERR,ERR,ERR,ERR,ERR,ERR,ERR,ERR,ERR,ERR,ERR,ERR,ERR,ERR,ERR,ERR,ERR,ERR,ERR,ERR,ERR,ERR,ERR,ERR,ERR,ERR,ERR,ERR,ERR,ERR,ERR,ERR,ERR,ERR,ERR,ERR,ERR,ERR,ERR,ERR,ERR,ERR,ERR,ERR,ERR,ERR,ERR,ERR,ERR,ERR,ERR,0.0,2.7184525388662284e+23,0.0,0.0,17473949663232.0,2.7150041608411967e+38,1.7505482744389863e+23,0.0,4300,0,8,17165,4300,0.0,41,0.0,0.0,0.0,0.0,0.0,0,0,0,0,0.0,0,0,0,0,0,0,0,0,0,0,0,0,0,0,0,0,0,0,0,0,0,0,0,0,0,0,0,0,0,0,0,0,0,12,37,36,48,65476,410,65476,1,0,4,21553,0.0,-107610720.0,0.0,0.0,0.0,0.0,0.0,0.0,0.0,0.0,0.0,0.0,0.0,0.0,0.0,0.0,0.0,0.0,0.0,0.0,0.0,2.004,3.697062548517736e+19,2.004,-2.004,-2.004,0.0,0.0,0.0,0.0,6592.0,-0.0,0.0,0.0,2.7184525388662284e+23,0.0,0.0,0.0,0.0,2.004,2.004,225,-4.9504015179484054e+32,0.0,0.0,0.0,0.0,0.0,0.0,0.0,0.0,0,0,0,-172242672.0,-1.2433721201777645e+34,-0.0,2.8869469991212155e+18,-0.0,-8195923968.0,0.0,0.0,0.0,-2.0744267601346003e+25,-0.023,73698451456.0,0.0,0.0,0.0,-0.0,0,1.3516416376850534e+27,225,0.0,450,-74360974999552.0,4.538271724008914e+24,2114,0,17110,0,17112,0,17096,0,0,0,101,100,100,2.7302335952034594e+23,64.6,0.0,65.4,-107615240.0,64.5,1,49,50,180,52429,52429,0,0,0.0,0.0,0.0,60.0,0.0,71.0,0.0,0.0,0.0,1069,0,1070,0,0,0,1070,0,1080,0,1000,0,650,0,651,0,647,0,676,0.032,1.4462247353788288e+22,0.0,0.0,39312,16813,0.0,0.0,0.0,4.617,0.017,9.294227604155373e+27,50.0,60.0,35,0.0,0.0,10.0,2.0,0.0,0.0,0.0,0.0,0.0,0.0,0.0,0.0,0.0,0.0,0.0,0.0,58.8,49,15,65514,27,65476,0,300,1,0,8,20529,65476,0,0,30147,60.0,0.0,10.0,10.0,2.0,0.0
2026-02-16T12:24:35,ERR,ERR,ERR,ERR,ERR,ERR,ERR,ERR,ERR,ERR,ERR,ERR,ERR,ERR,ERR,ERR,ERR,ERR,ERR,ERR,ERR,ERR,ERR,ERR,ERR,ERR,ERR,ERR,ERR,ERR,ERR,ERR,ERR,ERR,ERR,ERR,ERR,ERR,ERR,ERR,ERR,ERR,ERR,ERR,ERR,ERR,ERR,ERR,ERR,ERR,ERR,ERR,ERR,ERR,ERR,ERR,ERR,ERR,ERR,ERR,ERR,ERR,ERR,ERR,ERR,ERR,ERR,ERR,ERR,ERR,ERR,ERR,ERR,ERR,ERR,ERR,ERR,ERR,ERR,ERR,ERR,ERR,ERR,ERR,ERR,ERR,ERR,ERR,ERR,ERR,ERR,ERR,ERR,ERR,ERR,ERR,ERR,ERR,ERR,ERR,ERR,ERR,ERR,ERR,ERR,ERR,ERR,ERR,ERR,ERR,ERR,ERR,ERR,ERR,ERR,ERR,ERR,ERR,ERR,ERR,ERR,ERR,ERR,ERR,ERR,0.0,2.7184525388662284e+23,0.0,0.0,17473949663232.0,2.7150041608411967e+38,1.7505482744389863e+23,0.0,4300,0,8,17165,4300,0.0,41,0.0,0.0,0.0,0.0,0.0,0,0,0,0,0.0,0,0,0,0,0,0,0,0,0,0,0,0,0,0,0,0,0,0,0,0,0,0,0,0,0,0,0,0,0,0,0,0,0,12,37,36,48,65476,410,65476,1,0,4,21553,0.0,-107610720.0,0.0,0.0,0.0,0.0,0.0,0.0,0.0,0.0,0.0,0.0,0.0,0.0,0.0,0.0,0.0,0.0,0.0,0.0,0.0,2.004,3.697062548517736e+19,2.004,-2.004,-2.004,0.0,0.0,0.0,0.0,6592.0,-0.0,0.0,0.0,2.7184525388662284e+23,0.0,0.0,0.0,0.0,2.004,2.004,225,-4.9504015179484054e+32,0.0,0.0,0.0,0.0,0.0,0.0,0.0,0.0,0,0,0,-172242672.0,-1.2433721201777645e+34,-0.0,2.8869469991212155e+18,-0.0,-8195923968.0,0.0,0.0,0.0,-2.0744267601346003e+25,-0.023,73698451456.0,0.0,0.0,0.0,-0.0,0,1.3516416376850534e+27,225,0.0,450,-74360974999552.0,4.538271724008914e+24,2114,0,17110,0,17112,0,17096,0,0,0,101,100,100,2.7302335952034594e+23,64.6,0.0,65.4,-107615240.0,64.5,1,49,50,180,52429,52429,0,0,0.0,0.0,0.0,60.0,0.0,71.0,0.0,0.0,0.0,1069,0,1070,0,0,0,1070,0,1080,0,1000,0,650,0,651,0,647,0,676,0.032,1.4462247353788288e+22,0.0,0.0,39312,16813,0.0,0.0,0.0,4.617,0.017,9.294227604155373e+27,50.0,60.0,35,0.0,0.0,10.0,2.0,0.0,0.0,0.0,0.0,0.0,0.0,0.0,0.0,0.0,0.0,0.0,0.0,58.8,49,15,65514,27,65476,0,300,0,0,8,20529,65476,0,0,30147,60.0,0.0,10.0,10.0,2.0,0.0
2026-02-16T12:24:36,ERR,ERR,ERR,ERR,ERR,ERR,ERR,ERR,ERR,ERR,ERR,ERR,ERR,ERR,ERR,ERR,ERR,ERR,ERR,ERR,ERR,ERR,ERR,ERR,ERR,ERR,ERR,ERR,ERR,ERR,ERR,ERR,ERR,ERR,ERR,ERR,ERR,ERR,ERR,ERR,ERR,ERR,ERR,ERR,ERR,ERR,ERR,ERR,ERR,ERR,ERR,ERR,ERR,ERR,ERR,ERR,ERR,ERR,ERR,ERR,ERR,ERR,ERR,ERR,ERR,ERR,ERR,ERR,ERR,ERR,ERR,ERR,ERR,ERR,ERR,ERR,ERR,ERR,ERR,ERR,ERR,ERR,ERR,ERR,ERR,ERR,ERR,ERR,ERR,ERR,ERR,ERR,ERR,ERR,ERR,ERR,ERR,ERR,ERR,ERR,ERR,ERR,ERR,ERR,ERR,ERR,ERR,ERR,ERR,ERR,ERR,ERR,ERR,ERR,ERR,ERR,ERR,ERR,ERR,ERR,ERR,ERR,ERR,ERR,ERR,0.0,2.7184525388662284e+23,0.0,0.0,17473949663232.0,2.7150041608411967e+38,1.7505482744389863e+23,0.0,4300,0,8,17165,4300,0.0,41,0.0,0.0,0.0,0.0,0.0,0,0,0,0,0.0,0,0,0,0,0,0,0,0,0,0,0,0,0,0,0,0,0,0,0,0,0,0,0,0,0,0,0,0,0,0,0,0,0,12,37,36,48,65476,410,65476,1,0,4,21553,0.0,-107610720.0,0.0,0.0,0.0,0.0,0.0,0.0,0.0,0.0,0.0,0.0,0.0,0.0,0.0,0.0,0.0,0.0,0.0,0.0,0.0,2.004,3.697062548517736e+19,2.004,-2.004,-2.004,0.0,0.0,0.0,0.0,6592.0,-0.0,0.0,0.0,2.7184525388662284e+23,0.0,0.0,0.0,0.0,2.004,2.004,225,-4.9504015179484054e+32,0.0,0.0,0.0,0.0,0.0,0.0,0.0,0.0,0,0,0,-172242672.0,-1.2433721201777645e+34,-0.0,2.8869469991212155e+18,-0.0,-8195923968.0,0.0,0.0,0.0,-2.0744267601346003e+25,-0.023,73698451456.0,0.0,0.0,0.0,-0.0,0,1.3516416376850534e+27,225,0.0,450,-74360974999552.0,4.538271724008914e+24,2114,0,17110,0,17112,0,17096,0,0,0,101,100,100,2.7302335952034594e+23,64.6,0.0,65.4,-107615240.0,65.0,1,49,50,180,52429,52429,0,0,0.0,0.0,0.0,60.0,0.0,71.0,0.0,0.0,0.0,1069,0,1069,0,0,0,1070,0,1080,0,999,0,649,0,651,0,647,0,676,0.032,1.4609821306377965e+22,0.0,0.0,36240,16813,0.0,0.0,0.0,61.938,0.005,4.008800969321162e+27,50.0,60.0,35,0.0,0.0,10.0,2.0,0.0,0.0,0.0,0.0,0.0,0.0,0.0,0.0,0.0,0.0,0.0,0.0,58.8,49,15,65514,27,65476,0,300,0,0,8,20529,65476,0,0,30147,60.0,0.0,10.0,10.0,2.0,0.0
2026-02-16T12:24:37,ERR,ERR,ERR,ERR,ERR,ERR,ERR,ERR,ERR,ERR,ERR,ERR,ERR,ERR,ERR,ERR,ERR,ERR,ERR,ERR,ERR,ERR,ERR,ERR,ERR,ERR,ERR,ERR,ERR,ERR,ERR,ERR,ERR,ERR,ERR,ERR,ERR,ERR,ERR,ERR,ERR,ERR,ERR,ERR,ERR,ERR,ERR,ERR,ERR,ERR,ERR,ERR,ERR,ERR,ERR,ERR,ERR,ERR,ERR,ERR,ERR,ERR,ERR,ERR,ERR,ERR,ERR,ERR,ERR,ERR,ERR,ERR,ERR,ERR,ERR,ERR,ERR,ERR,ERR,ERR,ERR,ERR,ERR,ERR,ERR,ERR,ERR,ERR,ERR,ERR,ERR,ERR,ERR,ERR,ERR,ERR,ERR,ERR,ERR,ERR,ERR,ERR,ERR,ERR,ERR,ERR,ERR,ERR,ERR,ERR,ERR,ERR,ERR,ERR,ERR,ERR,ERR,ERR,ERR,ERR,ERR,ERR,ERR,ERR,ERR,0.0,2.7184525388662284e+23,0.0,0.0,17473949663232.0,-0.203,-2420569856.0,-2.222979634800309e+19,4300,0,8,17165,4300,0.0,41,0.0,0.0,0.0,0.0,0.0,0,0,0,0,0.0,0,0,0,0,0,0,0,0,0,0,0,0,0,0,0,0,0,0,0,0,0,0,0,0,0,0,0,0,0,0,0,0,0,12,37,36,49,65476,412,65476,1,0,4,21553,0.0,0.0,0.0,0.0,0.0,0.0,0.0,0.0,0.0,0.0,0.0,0.0,0.0,0.0,0.0,0.0,0.0,0.0,0.0,0.0,0.0,2.004,2.004,3.697081460117733e+19,-2.004,-3.69707618246192e+19,0.0,0.0,0.0,0.0,6621.0,-0.0,0.0,0.0,-0.0,0.0,107616272.0,0.0,0.0,2.004,2.004,226,-4.9504015179484054e+32,0.0,0.0,0.0,0.0,0.0,0.0,0.0,0.0,0,0,0,-0.001,0.0,1.0306680246877112e+33,0.0,4.481608905893392e+30,1714.061,0.028,6280.752,0.0,-2.2557656330767946e+25,-0.024,80677773312.0,0.0,0.0,0.0,-0.0,0,1.3516416376850534e+27,226,0.0,452,-74360974999552.0,4.538271724008914e+24,2114,0,17110,0,17112,0,17096,0,0,0,101,100,100,2.7302335952034594e+23,64.6,0.0,65.4,-107615240.0,65.0,1,49,50,180,52429,52429,0,0,0.0,0.0,0.0,60.0,0.0,71.0,0.0,0.0,0.0,1069,0,1069,0,0,0,1070,0,1080,0,999,0,649,0,651,0,647,0,676,0.032,1.4609821306377965e+22,0.0,0.0,36240,16813,0.0,0.0,0.0,61.938,0.005,4.008800969321162e+27,50.0,60.0,35,0.0,0.0,10.0,2.0,0.0,0.0,0.0,0.0,0.0,0.0,0.0,0.0,0.0,0.0,0.0,0.0,58.8,48,15,65514,27,65476,0,65476,0,0,2,20529,65476,0,0,30147,60.0,0.0,10.0,10.0,2.0,0.0
2026-02-16T12:24:38,ERR,ERR,ERR,ERR,ERR,ERR,ERR,ERR,ERR,ERR,ERR,ERR,ERR,ERR,ERR,ERR,ERR,ERR,ERR,ERR,ERR,ERR,ERR,ERR,ERR,ERR,ERR,ERR,ERR,ERR,ERR,ERR,ERR,ERR,ERR,ERR,ERR,ERR,ERR,ERR,ERR,ERR,ERR,ERR,ERR,ERR,ERR,ERR,ERR,ERR,ERR,ERR,ERR,ERR,ERR,ERR,ERR,ERR,ERR,ERR,ERR,ERR,ERR,ERR,ERR,ERR,ERR,ERR,ERR,ERR,ERR,ERR,ERR,ERR,ERR,ERR,ERR,ERR,ERR,ERR,ERR,ERR,ERR,ERR,ERR,ERR,ERR,ERR,ERR,ERR,ERR,ERR,ERR,ERR,ERR,ERR,ERR,ERR,ERR,ERR,ERR,ERR,ERR,ERR,ERR,ERR,ERR,ERR,ERR,ERR,ERR,ERR,ERR,ERR,ERR,ERR,ERR,ERR,ERR,ERR,ERR,ERR,ERR,ERR,ERR,0.0,2.7184525388662284e+23,0.0,0.0,17473949663232.0,-0.203,-2420569856.0,-2.222979634800309e+19,4300,0,8,17165,4300,0.0,41,0.0,0.0,0.0,0.0,0.0,0,0,0,0,0.0,0,0,0,0,0,0,0,0,0,0,0,0,0,0,0,0,0,0,0,0,0,0,0,0,0,0,0,0,0,0,0,0,0,12,37,36,49,65476,412,65476,1,0,4,21553,0.0,0.0,0.0,0.0,0.0,0.0,0.0,0.0,0.0,0.0,0.0,0.0,0.0,0.0,0.0,0.0,0.0,0.0,0.0,0.0,0.0,2.004,2.004,3.697081460117733e+19,-2.004,-3.69707618246192e+19,0.0,0.0,0.0,0.0,6621.0,-0.0,0.0,0.0,-0.0,0.0,107616272.0,0.0,0.0,2.004,2.004,226,-4.9504015179484054e+32,0.0,0.0,0.0,0.0,0.0,0.0,0.0,0.0,0,0,0,-0.001,0.0,1.0306680246877112e+33,0.0,4.481608905893392e+30,1714.061,0.028,6280.752,0.0,-2.2557656330767946e+25,-0.024,80677773312.0,0.0,0.0,0.0,-0.0,0,1.3516416376850534e+27,226,0.0,452,-74360974999552.0,4.538271724008914e+24,2114,0,17110,0,17112,0,17096,0,0,0,101,100,100,2.7302335952034594e+23,64.6,0.0,65.4,-107615240.0,65.0,1,49,50,180,52429,52429,0,0,0.0,0.0,0.0,60.0,0.0,71.0,0.0,0.0,0.0,1069,0,1069,0,0,0,1070,0,1080,0,999,0,649,0,651,0,647,0,676,0.032,1.4609821306377965e+22,0.0,0.0,36240,16813,0.0,0.0,0.0,61.938,0.005,4.008800969321162e+27,50.0,60.0,35,0.0,0.0,10.0,2.0,0.0,0.0,0.0,0.0,0.0,0.0,0.0,0.0,0.0,0.0,0.0,0.0,58.8,48,15,65514,27,65476,0,65476,0,0,2,20529,65476,0,0,30147,60.0,0.0,10.0,10.0,2.0,0.0
2026-02-16T12:24:39,ERR,ERR,ERR,ERR,ERR,ERR,ERR,ERR,ERR,ERR,ERR,ERR,ERR,ERR,ERR,ERR,ERR,ERR,ERR,ERR,ERR,ERR,ERR,ERR,ERR,ERR,ERR,ERR,ERR,ERR,ERR,ERR,ERR,ERR,ERR,ERR,ERR,ERR,ERR,ERR,ERR,ERR,ERR,ERR,ERR,ERR,ERR,ERR,ERR,ERR,ERR,ERR,ERR,ERR,ERR,ERR,ERR,ERR,ERR,ERR,ERR,ERR,ERR,ERR,ERR,ERR,ERR,ERR,ERR,ERR,ERR,ERR,ERR,ERR,ERR,ERR,ERR,ERR,ERR,ERR,ERR,ERR,ERR,ERR,ERR,ERR,ERR,ERR,ERR,ERR,ERR,ERR,ERR,ERR,ERR,ERR,ERR,ERR,ERR,ERR,ERR,ERR,ERR,ERR,ERR,ERR,ERR,ERR,ERR,ERR,ERR,ERR,ERR,ERR,ERR,ERR,ERR,ERR,ERR,ERR,ERR,ERR,ERR,ERR,ERR,0.0,2.7184525388662284e+23,0.0,0.0,17473949663232.0,-0.203,-2420569856.0,-2.222979634800309e+19,4300,0,8,17165,4300,0.0,41,0.0,0.0,0.0,0.0,0.0,0,0,0,0,0.0,0,0,0,0,0,0,0,0,0,0,0,0,0,0,0,0,0,0,0,0,0,0,0,0,0,0,0,0,0,0,0,0,0,12,37,36,49,65476,412,65476,1,0,4,21553,0.0,0.0,0.0,0.0,0.0,0.0,0.0,0.0,0.0,0.0,0.0,0.0,0.0,0.0,0.0,0.0,0.0,0.0,0.0,0.0,0.0,2.004,2.004,3.697081460117733e+19,-2.004,-3.69707618246192e+19,0.0,0.0,0.0,0.0,6621.0,-0.0,0.0,0.0,-0.0,0.0,107616272.0,0.0,0.0,2.004,2.004,226,-4.9504015179484054e+32,0.0,0.0,0.0,0.0,0.0,0.0,0.0,0.0,0,0,0,-0.001,0.0,1.0306680246877112e+33,0.0,4.481608905893392e+30,1714.061,0.028,6280.752,0.0,-2.2557656330767946e+25,-0.024,80677773312.0,0.0,0.0,0.0,-0.0,0,1.3516416376850534e+27,226,0.0,452,-74360974999552.0,4.538271724008914e+24,2114,0,17110,0,17112,0,17096,0,0,0,101,100,100,2.7302335952034594e+23,64.6,0.0,65.4,-107615240.0,65.0,1,49,50,180,52429,52429,0,0,0.0,0.0,0.0,60.0,0.0,71.0,0.0,0.0,0.0,1069,0,1069,0,0,0,1070,0,1080,0,999,0,649,0,651,0,647,0,676,0.032,1.4609821306377965e+22,0.0,0.0,36240,16813,0.0,0.0,0.0,61.938,0.005,4.008800969321162e+27,50.0,60.0,35,0.0,0.0,10.0,2.0,0.0,0.0,0.0,0.0,0.0,0.0,0.0,0.0,0.0,0.0,0.0,0.0,58.8,48,15,65514,27,65476,0,65476,0,0,4,20529,65476,0,0,30147,60.0,0.0,10.0,10.0,2.0,0.0
2026-02-16T12:24:40,ERR,ERR,ERR,ERR,ERR,ERR,ERR,ERR,ERR,ERR,ERR,ERR,ERR,ERR,ERR,ERR,ERR,ERR,ERR,ERR,ERR,ERR,ERR,ERR,ERR,ERR,ERR,ERR,ERR,ERR,ERR,ERR,ERR,ERR,ERR,ERR,ERR,ERR,ERR,ERR,ERR,ERR,ERR,ERR,ERR,ERR,ERR,ERR,ERR,ERR,ERR,ERR,ERR,ERR,ERR,ERR,ERR,ERR,ERR,ERR,ERR,ERR,ERR,ERR,ERR,ERR,ERR,ERR,ERR,ERR,ERR,ERR,ERR,ERR,ERR,ERR,ERR,ERR,ERR,ERR,ERR,ERR,ERR,ERR,ERR,ERR,ERR,ERR,ERR,ERR,ERR,ERR,ERR,ERR,ERR,ERR,ERR,ERR,ERR,ERR,ERR,ERR,ERR,ERR,ERR,ERR,ERR,ERR,ERR,ERR,ERR,ERR,ERR,ERR,ERR,ERR,ERR,ERR,ERR,ERR,ERR,ERR,ERR,ERR,ERR,0.0,2.7184525388662284e+23,0.0,0.0,17473949663232.0,-0.203,-2420569856.0,-2.222979634800309e+19,4300,0,8,17165,4300,0.0,41,0.0,0.0,0.0,0.0,0.0,0,0,0,0,0.0,0,0,0,0,0,0,0,0,0,0,0,0,0,0,0,0,0,0,0,0,0,0,0,0,0,0,0,0,0,0,0,0,0,12,37,36,49,65476,412,65476,1,0,4,21553,0.0,0.0,0.0,0.0,0.0,0.0,0.0,0.0,0.0,0.0,0.0,0.0,0.0,0.0,0.0,0.0,0.0,0.0,0.0,0.0,0.0,2.004,2.004,3.697081460117733e+19,-2.004,-3.69707618246192e+19,0.0,0.0,0.0,0.0,6621.0,-0.0,0.0,0.0,-0.0,0.0,107616272.0,0.0,0.0,2.004,2.004,226,-4.9504015179484054e+32,0.0,0.0,0.0,0.0,0.0,0.0,0.0,0.0,0,0,0,-0.001,0.0,1.0306680246877112e+33,0.0,4.481608905893392e+30,1714.061,0.028,6280.752,0.0,-2.2557656330767946e+25,-0.024,80677773312.0,0.0,0.0,0.0,-0.0,0,1.3516416376850534e+27,226,0.0,452,-74360974999552.0,4.538271724008914e+24,2114,0,17110,0,17112,52429,17095,0,0,0,101,100,100,2.7302335952034594e+23,64.6,0.0,65.0,0.0,65.0,1,49,50,180,52429,52429,0,0,0.0,0.0,0.0,60.0,0.0,71.0,0.0,0.0,0.0,1070,0,1069,0,0,0,1070,0,1080,0,1000,0,650,0,651,0,647,0,676,0.032,1.0625324586456702e+22,0.0,0.0,25488,16813,-1.601927052838238e+36,0.0,-2.5000692202876396e+27,-6852283702706176.0,-6.338503065029083e+33,0.001,50.0,60.0,35,0.0,0.0,10.0,2.0,0.0,0.0,0.0,0.0,0.0,0.0,0.0,0.0,0.0,0.0,0.0,0.0,58.8,48,15,65515,27,65476,0,65476,1,0,4,20529,65476,0,0,30147,60.0,0.0,10.0,10.0,2.0,0.0
2026-02-16T12:24:41,ERR,ERR,ERR,ERR,ERR,ERR,ERR,ERR,ERR,ERR,ERR,ERR,ERR,ERR,ERR,ERR,ERR,ERR,ERR,ERR,ERR,ERR,ERR,ERR,ERR,ERR,ERR,ERR,ERR,ERR,ERR,ERR,ERR,ERR,ERR,ERR,ERR,ERR,ERR,ERR,ERR,ERR,ERR,ERR,ERR,ERR,ERR,ERR,ERR,ERR,ERR,ERR,ERR,ERR,ERR,ERR,ERR,ERR,ERR,ERR,ERR,ERR,ERR,ERR,ERR,ERR,ERR,ERR,ERR,ERR,ERR,ERR,ERR,ERR,ERR,ERR,ERR,ERR,ERR,ERR,ERR,ERR,ERR,ERR,ERR,ERR,ERR,ERR,ERR,ERR,ERR,ERR,ERR,ERR,ERR,ERR,ERR,ERR,ERR,ERR,ERR,ERR,ERR,ERR,ERR,ERR,ERR,ERR,ERR,ERR,ERR,ERR,ERR,ERR,ERR,ERR,ERR,ERR,ERR,ERR,ERR,ERR,ERR,ERR,ERR,0.0,2.7184525388662284e+23,0.0,0.0,17473949663232.0,-0.203,-2420569856.0,-2.222979634800309e+19,4300,0,8,17165,4300,0.0,41,0.0,0.0,0.0,0.0,0.0,0,0,0,0,0.0,0,0,0,0,0,0,0,0,0,0,0,0,0,0,0,0,0,0,0,0,0,0,0,0,0,0,0,0,0,0,0,0,0,12,37,36,49,65476,412,65476,1,0,4,21553,0.0,0.0,0.0,0.0,0.0,0.0,0.0,0.0,0.0,0.0,0.0,0.0,0.0,0.0,0.0,0.0,0.0,0.0,0.0,0.0,0.0,2.004,2.004,3.697081460117733e+19,-2.004,-3.69707618246192e+19,0.0,0.0,0.0,0.0,6621.0,-0.0,0.0,0.0,-0.0,0.0,107616272.0,0.0,0.0,2.004,2.004,226,-4.9504015179484054e+32,0.0,0.0,0.0,0.0,0.0,0.0,0.0,0.0,0,0,0,-0.001,0.0,1.0306680246877112e+33,0.0,4.481608905893392e+30,1714.061,0.028,6280.752,0.0,-2.2557656330767946e+25,-0.024,80677773312.0,0.0,0.0,0.0,-0.0,0,1.3516416376850534e+27,226,0.0,452,-74360974999552.0,4.538271724008914e+24,2114,0,17110,0,17112,52429,17095,0,0,0,101,100,100,2.7302335952034594e+23,64.6,0.0,65.0,0.0,65.0,1,49,50,180,52429,52429,0,0,0.0,0.0,0.0,60.0,0.0,71.0,0.0,0.0,0.0,1070,0,1069,0,0,0,1070,0,1080,0,1000,0,650,0,651,0,647,0,676,0.032,1.0625324586456702e+22,0.0,0.0,25488,16813,-1.601927052838238e+36,0.0,-2.5000692202876396e+27,-6852283702706176.0,-6.338503065029083e+33,0.001,50.0,60.0,35,0.0,0.0,10.0,2.0,0.0,0.0,0.0,0.0,0.0,0.0,0.0,0.0,0.0,0.0,0.0,0.0,58.8,48,15,65515,27,65476,0,65476,1,0,4,20529,65476,0,0,30147,60.0,0.0,10.0,10.0,2.0,0.0
2026-02-16T12:24:42,ERR,ERR,ERR,ERR,ERR,ERR,ERR,ERR,ERR,ERR,ERR,ERR,ERR,ERR,ERR,ERR,ERR,ERR,ERR,ERR,ERR,ERR,ERR,ERR,ERR,ERR,ERR,ERR,ERR,ERR,ERR,ERR,ERR,ERR,ERR,ERR,ERR,ERR,ERR,ERR,ERR,ERR,ERR,ERR,ERR,ERR,ERR,ERR,ERR,ERR,ERR,ERR,ERR,ERR,ERR,ERR,ERR,ERR,ERR,ERR,ERR,ERR,ERR,ERR,ERR,ERR,ERR,ERR,ERR,ERR,ERR,ERR,ERR,ERR,ERR,ERR,ERR,ERR,ERR,ERR,ERR,ERR,ERR,ERR,ERR,ERR,ERR,ERR,ERR,ERR,ERR,ERR,ERR,ERR,ERR,ERR,ERR,ERR,ERR,ERR,ERR,ERR,ERR,ERR,ERR,ERR,ERR,ERR,ERR,ERR,ERR,ERR,ERR,ERR,ERR,ERR,ERR,ERR,ERR,ERR,ERR,ERR,ERR,ERR,ERR,0.0,-0.0,-0.0,0.0,-0.008,-1.039461140518037e+19,0.0,0.0,4300,0,8,17165,4300,0.0,41,0.0,0.0,0.0,0.0,0.0,0,0,0,0,0.0,0,0,0,0,0,0,0,0,0,0,0,0,0,0,0,0,0,0,0,0,0,0,0,0,0,0,0,0,0,0,0,0,0,12,37,37,49,65476,412,65476,1,0,4,21553,0.0,0.0,0.0,0.0,0.0,0.0,0.0,0.0,0.0,0.0,0.0,0.0,0.0,0.0,0.0,0.0,0.0,0.0,0.0,0.0,0.0,2.004,2.004,-0.0,-3.697074423243316e+19,0.0,0.0,0.0,0.0,0.0,6622.0,-0.0,0.0,0.0,-0.0,0.0,2.7184509175703625e+23,0.0,0.0,2.004,2.004,226,0.0,0.0,0.0,0.0,0.0,0.0,0.0,0.0,0.0,0,0,0,-819195151384576.0,0.0,-0.0,0.001,3.9500102219701627e+28,-0.0,2.292296789388841e+34,5.015887869028143e+31,9.43902502248198e+30,-2.452216078764172e+25,-0.026,87120224256.0,0.0,0.0,0.0,-0.0,0,1.3516416376850534e+27,225,0.0,450,0.0,-1.4035696821479504e+35,2114,0,17110,0,17112,52429,17095,0,0,0,101,100,100,2.7302335952034594e+23,64.6,0.0,65.0,0.0,65.0,1,49,50,180,52429,52429,0,0,0.0,0.0,0.0,60.0,0.0,71.0,0.0,0.0,0.0,1070,0,1069,0,0,0,1070,0,1080,0,1000,0,650,0,651,0,647,0,676,0.032,1.0625324586456702e+22,0.0,0.0,25488,16813,-1.601927052838238e+36,0.0,-2.5000692202876396e+27,-6852283702706176.0,-6.338503065029083e+33,0.001,50.0,60.0,35,0.0,0.0,10.0,2.0,0.0,0.0,0.0,0.0,0.0,0.0,0.0,0.0,0.0,0.0,0.0,0.0,59.2,47,16,65515,27,65476,0,65476,1,0,4,20529,65476,0,0,30147,60.0,0.0,10.0,10.0,2.0,0.0
2026-02-16T12:24:43,ERR,ERR,ERR,ERR,ERR,ERR,ERR,ERR,ERR,ERR,ERR,ERR,ERR,ERR,ERR,ERR,ERR,ERR,ERR,ERR,ERR,ERR,ERR,ERR,ERR,ERR,ERR,ERR,ERR,ERR,ERR,ERR,ERR,ERR,ERR,ERR,ERR,ERR,ERR,ERR,ERR,ERR,ERR,ERR,ERR,ERR,ERR,ERR,ERR,ERR,ERR,ERR,ERR,ERR,ERR,ERR,ERR,ERR,ERR,ERR,ERR,ERR,ERR,ERR,ERR,ERR,ERR,ERR,ERR,ERR,ERR,ERR,ERR,ERR,ERR,ERR,ERR,ERR,ERR,ERR,ERR,ERR,ERR,ERR,ERR,ERR,ERR,ERR,ERR,ERR,ERR,ERR,ERR,ERR,ERR,ERR,ERR,ERR,ERR,ERR,ERR,ERR,ERR,ERR,ERR,ERR,ERR,ERR,ERR,ERR,ERR,ERR,ERR,ERR,ERR,ERR,ERR,ERR,ERR,ERR,ERR,ERR,ERR,ERR,ERR,0.0,-0.0,-0.0,0.0,-0.008,-1.039461140518037e+19,0.0,0.0,4300,0,8,17165,4300,0.0,41,0.0,0.0,0.0,0.0,0.0,0,0,0,0,0.0,0,0,0,0,0,0,0,0,0,0,0,0,0,0,0,0,0,0,0,0,0,0,0,0,0,0,0,0,0,0,0,0,0,12,37,37,49,65476,412,65476,1,0,4,21553,0.0,0.0,0.0,0.0,0.0,0.0,0.0,0.0,0.0,0.0,0.0,0.0,0.0,0.0,0.0,0.0,0.0,0.0,0.0,0.0,0.0,2.004,2.004,-0.0,-3.697074423243316e+19,0.0,0.0,0.0,0.0,0.0,6622.0,-0.0,0.0,0.0,-0.0,0.0,2.7184509175703625e+23,0.0,0.0,2.004,2.004,226,0.0,0.0,0.0,0.0,0.0,0.0,0.0,0.0,0.0,0,0,0,-819195151384576.0,0.0,-0.0,0.001,3.9500102219701627e+28,-0.0,2.292296789388841e+34,5.015887869028143e+31,9.43902502248198e+30,-2.452216078764172e+25,-0.026,87120224256.0,0.0,0.0,0.0,-0.0,0,1.3516416376850534e+27,225,0.0,450,0.0,-1.4035696821479504e+35,2114,0,17110,0,17112,0,17096,0,0,0,101,100,100,2.7302335952034594e+23,64.6,0.0,65.4,0.0,65.0,1,49,50,180,52429,0,0,0,0.0,0.0,0.0,60.0,-7.082940783533425e+34,70.5,0.0,772822592.0,0.0,1070,0,1069,0,0,0,1070,0,1080,0,1000,0,650,0,651,0,647,0,676,0.032,1.0625324586456702e+22,0.0,0.0,18064,16813,0.0,-0.0,-0.0,-0.425,-0.0,-1.3791436375488276e+28,50.0,60.0,35,0.0,0.0,10.0,2.0,0.0,0.0,0.0,0.0,0.0,0.0,0.0,0.0,0.0,0.0,0.0,0.0,58.8,47,16,65515,27,65476,79,65476,1,0,4,20529,65476,0,0,30147,60.0,0.0,10.0,10.0,2.0,0.0
2026-02-16T12:24:44,ERR,ERR,ERR,ERR,ERR,ERR,ERR,ERR,ERR,ERR,ERR,ERR,ERR,ERR,ERR,ERR,ERR,ERR,ERR,ERR,ERR,ERR,ERR,ERR,ERR,ERR,ERR,ERR,ERR,ERR,ERR,ERR,ERR,ERR,ERR,ERR,ERR,ERR,ERR,ERR,ERR,ERR,ERR,ERR,ERR,ERR,ERR,ERR,ERR,ERR,ERR,ERR,ERR,ERR,ERR,ERR,ERR,ERR,ERR,ERR,ERR,ERR,ERR,ERR,ERR,ERR,ERR,ERR,ERR,ERR,ERR,ERR,ERR,ERR,ERR,ERR,ERR,ERR,ERR,ERR,ERR,ERR,ERR,ERR,ERR,ERR,ERR,ERR,ERR,ERR,ERR,ERR,ERR,ERR,ERR,ERR,ERR,ERR,ERR,ERR,ERR,ERR,ERR,ERR,ERR,ERR,ERR,ERR,ERR,ERR,ERR,ERR,ERR,ERR,ERR,ERR,ERR,ERR,ERR,ERR,ERR,ERR,ERR,ERR,ERR,0.0,-0.0,-0.0,0.0,-0.008,-1.039461140518037e+19,0.0,0.0,4300,0,8,17165,4300,0.0,41,0.0,0.0,0.0,0.0,0.0,0,0,0,0,0.0,0,0,0,0,0,0,0,0,0,0,0,0,0,0,0,0,0,0,0,0,0,0,0,0,0,0,0,0,0,0,0,0,0,12,37,37,49,65476,412,65476,1,0,4,21553,0.0,0.0,0.0,0.0,0.0,0.0,0.0,0.0,0.0,0.0,0.0,0.0,0.0,0.0,0.0,0.0,0.0,0.0,0.0,0.0,0.0,2.004,2.004,-0.0,-3.697074423243316e+19,0.0,0.0,0.0,0.0,0.0,6622.0,-0.0,0.0,0.0,-0.0,0.0,2.7184509175703625e+23,0.0,0.0,2.004,2.004,226,0.0,0.0,0.0,0.0,0.0,0.0,0.0,0.0,0.0,0,0,0,-819195151384576.0,0.0,-0.0,0.001,3.9500102219701627e+28,-0.0,2.292296789388841e+34,5.015887869028143e+31,9.43902502248198e+30,-2.452216078764172e+25,-0.026,87120224256.0,0.0,0.0,0.0,-0.0,0,1.3516416376850534e+27,225,0.0,450,0.0,-1.4035696821479504e+35,2114,0,17110,0,17112,0,17096,0,0,0,101,100,100,2.7302335952034594e+23,64.6,0.0,65.4,0.0,65.0,1,49,50,180,52429,0,0,0,0.0,0.0,0.0,60.0,-7.082940783533425e+34,70.5,0.0,772822592.0,0.0,1070,0,1069,0,0,0,1070,0,1080,0,1000,0,650,0,651,0,647,0,676,0.032,1.0625324586456702e+22,0.0,0.0,18064,16813,0.0,-0.0,-0.0,-0.425,-0.0,-1.3791436375488276e+28,50.0,60.0,35,0.0,0.0,10.0,2.0,0.0,0.0,0.0,0.0,0.0,0.0,0.0,0.0,0.0,0.0,0.0,0.0,58.8,47,16,65515,27,65476,79,65476,1,0,4,20529,65476,0,0,30147,60.0,0.0,10.0,10.0,2.0,0.0
2026-02-16T12:24:45,ERR,ERR,ERR,ERR,ERR,ERR,ERR,ERR,ERR,ERR,ERR,ERR,ERR,ERR,ERR,ERR,ERR,ERR,ERR,ERR,ERR,ERR,ERR,ERR,ERR,ERR,ERR,ERR,ERR,ERR,ERR,ERR,ERR,ERR,ERR,ERR,ERR,ERR,ERR,ERR,ERR,ERR,ERR,ERR,ERR,ERR,ERR,ERR,ERR,ERR,ERR,ERR,ERR,ERR,ERR,ERR,ERR,ERR,ERR,ERR,ERR,ERR,ERR,ERR,ERR,ERR,ERR,ERR,ERR,ERR,ERR,ERR,ERR,ERR,ERR,ERR,ERR,ERR,ERR,ERR,ERR,ERR,ERR,ERR,ERR,ERR,ERR,ERR,ERR,ERR,ERR,ERR,ERR,ERR,ERR,ERR,ERR,ERR,ERR,ERR,ERR,ERR,ERR,ERR,ERR,ERR,ERR,ERR,ERR,ERR,ERR,ERR,ERR,ERR,ERR,ERR,ERR,ERR,ERR,ERR,ERR,ERR,ERR,ERR,ERR,0.0,-0.0,-0.0,0.0,-0.008,-1.039461140518037e+19,0.0,0.0,4300,0,8,17165,4300,0.0,41,0.0,0.0,0.0,0.0,0.0,0,0,0,0,0.0,0,0,0,0,0,0,0,0,0,0,0,0,0,0,0,0,0,0,0,0,0,0,0,0,0,0,0,0,0,0,0,0,0,12,37,37,49,65476,412,65476,1,0,4,21553,0.0,0.0,0.0,0.0,0.0,0.0,0.0,0.0,0.0,0.0,0.0,0.0,0.0,0.0,0.0,0.0,0.0,0.0,0.0,0.0,0.0,2.004,2.004,-0.0,-3.697074423243316e+19,0.0,0.0,0.0,0.0,0.0,6622.0,-0.0,0.0,0.0,-0.0,0.0,2.7184509175703625e+23,0.0,0.0,2.004,2.004,226,0.0,0.0,0.0,0.0,0.0,0.0,0.0,0.0,0.0,0,0,0,-819195151384576.0,0.0,-0.0,0.001,3.9500102219701627e+28,-0.0,2.292296789388841e+34,5.015887869028143e+31,9.43902502248198e+30,-2.452216078764172e+25,-0.026,87120224256.0,0.0,0.0,0.0,-0.0,0,1.3516416376850534e+27,225,0.0,450,0.0,-1.4035696821479504e+35,2114,0,17110,0,17112,0,17096,0,0,0,101,100,100,2.7302335952034594e+23,64.6,0.0,65.4,0.0,65.0,1,49,50,180,52429,0,0,0,0.0,0.0,0.0,60.0,-7.082940783533425e+34,70.5,0.0,772822592.0,0.0,1070,0,1069,0,0,0,1070,0,1080,0,1000,0,650,0,651,0,647,0,676,0.032,1.0625324586456702e+22,0.0,0.0,18064,16813,0.0,-0.0,-0.0,-0.425,-0.0,-1.3791436375488276e+28,50.0,60.0,35,0.0,0.0,10.0,2.0,0.0,0.0,0.0,0.0,0.0,0.0,0.0,0.0,0.0,0.0,0.0,0.0,58.8,47,16,65516,27,65476,239,65476,1,0,4,20529,65476,0,0,30147,60.0,0.0,10.0,10.0,2.0,0.0
2026-02-16T12:24:46,ERR,ERR,ERR,ERR,ERR,ERR,ERR,ERR,ERR,ERR,ERR,ERR,ERR,ERR,ERR,ERR,ERR,ERR,ERR,ERR,ERR,ERR,ERR,ERR,ERR,ERR,ERR,ERR,ERR,ERR,ERR,ERR,ERR,ERR,ERR,ERR,ERR,ERR,ERR,ERR,ERR,ERR,ERR,ERR,ERR,ERR,ERR,ERR,ERR,ERR,ERR,ERR,ERR,ERR,ERR,ERR,ERR,ERR,ERR,ERR,ERR,ERR,ERR,ERR,ERR,ERR,ERR,ERR,ERR,ERR,ERR,ERR,ERR,ERR,ERR,ERR,ERR,ERR,ERR,ERR,ERR,ERR,ERR,ERR,ERR,ERR,ERR,ERR,ERR,ERR,ERR,ERR,ERR,ERR,ERR,ERR,ERR,ERR,ERR,ERR,ERR,ERR,ERR,ERR,ERR,ERR,ERR,ERR,ERR,ERR,ERR,ERR,ERR,ERR,ERR,ERR,ERR,ERR,ERR,ERR,ERR,ERR,ERR,ERR,ERR,0.0,-0.0,0.0,0.0,0.0,-1.352510971314176e+17,0.0,-0.0,4300,0,8,17165,4300,0.0,41,0.0,0.0,0.0,0.0,0.0,0,0,0,0,0.0,0,0,0,0,0,0,0,0,0,0,0,0,0,0,0,0,0,0,0,0,0,0,0,0,0,0,0,0,0,0,0,0,0,12,37,37,49,65476,414,65476,1,0,4,21553,0.0,-0.0,0.0,0.0,0.0,0.0,0.0,0.0,0.0,0.0,0.0,0.0,0.0,0.0,0.0,0.0,0.0,0.0,0.0,0.0,0.0,2.004,3.697062548517736e+19,-0.0,-3.697074423243316e+19,0.0,0.0,0.0,0.0,0.0,6620.0,-0.0,0.0,0.0,-0.0,2.718450196994422e+23,2.7184509175703625e+23,0.0,0.0,2.004,2.004,227,-107614784.0,89221.031,0.0,0.0,0.0,0.0,0.0,0.0,0.0,0,0,0,-1.326430899100713e+18,0.0,-0.0,-8.016,-0.0,-0.0,1.051909144575387e+38,-2.4983957174981732e+30,0.0,-2.6184433789611834e+25,-0.027,94099546112.0,0.0,0.0,0.0,-6.50730802708692e+24,0,1.3516416376850534e+27,226,0.0,452,2.40156025918058e+36,-0.0,2114,0,17110,0,17112,52429,17095,0,0,0,101,100,100,2.7302335952034594e+23,64.6,0.0,65.0,0.0,65.0,1,49,50,180,52429,52429,0,0,0.0,0.0,0.0,60.0,-1.9816722557613335e+34,70.5,0.0,0.0,0.0,1069,0,1070,0,0,0,1069,0,1080,0,999,0,650,0,651,0,647,0,676,0.032,1.4240886424903774e+22,0.0,0.0,15888,16813,-1.9816722557613335e+34,0.0,-1.012730302886319e+22,-1.4335703799198764e+30,-2.2269009796069932e+27,0.0,50.0,60.0,35,0.0,0.0,10.0,2.0,0.0,0.0,0.0,0.0,0.0,0.0,0.0,0.0,0.0,0.0,0.0,0.0,58.8,47,16,65516,27,65476,239,65476,1,0,4,20529,65476,0,0,30147,60.0,0.0,10.0,10.0,2.0,0.0
2026-02-16T12:24:47,ERR,ERR,ERR,ERR,ERR,ERR,ERR,ERR,ERR,ERR,ERR,ERR,ERR,ERR,ERR,ERR,ERR,ERR,ERR,ERR,ERR,ERR,ERR,ERR,ERR,ERR,ERR,ERR,ERR,ERR,ERR,ERR,ERR,ERR,ERR,ERR,ERR,ERR,ERR,ERR,ERR,ERR,ERR,ERR,ERR,ERR,ERR,ERR,ERR,ERR,ERR,ERR,ERR,ERR,ERR,ERR,ERR,ERR,ERR,ERR,ERR,ERR,ERR,ERR,ERR,ERR,ERR,ERR,ERR,ERR,ERR,ERR,ERR,ERR,ERR,ERR,ERR,ERR,ERR,ERR,ERR,ERR,ERR,ERR,ERR,ERR,ERR,ERR,ERR,ERR,ERR,ERR,ERR,ERR,ERR,ERR,ERR,ERR,ERR,ERR,ERR,ERR,ERR,ERR,ERR,ERR,ERR,ERR,ERR,ERR,ERR,ERR,ERR,ERR,ERR,ERR,ERR,ERR,ERR,ERR,ERR,ERR,ERR,ERR,ERR,0.0,-0.0,0.0,0.0,0.0,-1.352510971314176e+17,0.0,-0.0,4300,0,8,17165,4300,0.0,41,0.0,0.0,0.0,0.0,0.0,0,0,0,0,0.0,0,0,0,0,0,0,0,0,0,0,0,0,0,0,0,0,0,0,0,0,0,0,0,0,0,0,0,0,0,0,0,0,0,12,37,37,49,65476,414,65476,1,0,4,21553,0.0,-0.0,0.0,0.0,0.0,0.0,0.0,0.0,0.0,0.0,0.0,0.0,0.0,0.0,0.0,0.0,0.0,0.0,0.0,0.0,0.0,2.004,3.697062548517736e+19,-0.0,-3.697074423243316e+19,0.0,0.0,0.0,0.0,0.0,6620.0,-0.0,0.0,0.0,-0.0,2.718450196994422e+23,2.7184509175703625e+23,0.0,0.0,2.004,2.004,227,-107614784.0,89221.031,0.0,0.0,0.0,0.0,0.0,0.0,0.0,0,0,0,-1.326430899100713e+18,0.0,-0.0,-8.016,-0.0,-0.0,1.051909144575387e+38,-2.4983957174981732e+30,0.0,-2.6184433789611834e+25,-0.027,94099546112.0,0.0,0.0,0.0,-6.50730802708692e+24,0,1.3516416376850534e+27,226,0.0,452,2.40156025918058e+36,-0.0,2114,0,17110,0,17112,52429,17095,0,0,0,101,100,100,2.7302335952034594e+23,64.6,0.0,65.0,0.0,65.0,1,49,50,180,52429,52429,0,0,0.0,0.0,0.0,60.0,-1.9816722557613335e+34,70.5,0.0,0.0,0.0,1069,0,1070,0,0,0,1069,0,1080,0,999,0,650,0,651,0,647,0,676,0.032,1.4240886424903774e+22,0.0,0.0,15888,16813,-1.9816722557613335e+34,0.0,-1.012730302886319e+22,-1.4335703799198764e+30,-2.2269009796069932e+27,0.0,50.0,60.0,35,0.0,0.0,10.0,2.0,0.0,0.0,0.0,0.0,0.0,0.0,0.0,0.0,0.0,0.0,0.0,0.0,58.8,46,17,65517,27,65476,400,65476,1,0,4,20529,65476,0,0,30147,60.0,0.0,10.0,10.0,2.0,0.0
2026-02-16T12:24:48,ERR,ERR,ERR,ERR,ERR,ERR,ERR,ERR,ERR,ERR,ERR,ERR,ERR,ERR,ERR,ERR,ERR,ERR,ERR,ERR,ERR,ERR,ERR,ERR,ERR,ERR,ERR,ERR,ERR,ERR,ERR,ERR,ERR,ERR,ERR,ERR,ERR,ERR,ERR,ERR,ERR,ERR,ERR,ERR,ERR,ERR,ERR,ERR,ERR,ERR,ERR,ERR,ERR,ERR,ERR,ERR,ERR,ERR,ERR,ERR,ERR,ERR,ERR,ERR,ERR,ERR,ERR,ERR,ERR,ERR,ERR,ERR,ERR,ERR,ERR,ERR,ERR,ERR,ERR,ERR,ERR,ERR,ERR,ERR,ERR,ERR,ERR,ERR,ERR,ERR,ERR,ERR,ERR,ERR,ERR,ERR,ERR,ERR,ERR,ERR,ERR,ERR,ERR,ERR,ERR,ERR,ERR,ERR,ERR,ERR,ERR,ERR,ERR,ERR,ERR,ERR,ERR,ERR,ERR,ERR,ERR,ERR,ERR,ERR,ERR,0.0,-0.0,0.0,0.0,0.0,-1.352510971314176e+17,0.0,-0.0,4300,0,8,17165,4300,0.0,41,0.0,0.0,0.0,0.0,0.0,0,0,0,0,0.0,0,0,0,0,0,0,0,0,0,0,0,0,0,0,0,0,0,0,0,0,0,0,0,0,0,0,0,0,0,0,0,0,0,12,37,37,49,65476,414,65476,1,0,4,21553,0.0,-0.0,0.0,0.0,0.0,0.0,0.0,0.0,0.0,0.0,0.0,0.0,0.0,0.0,0.0,0.0,0.0,0.0,0.0,0.0,0.0,2.004,3.697062548517736e+19,-0.0,-3.697074423243316e+19,0.0,0.0,0.0,0.0,0.0,6620.0,-0.0,0.0,0.0,-0.0,2.718450196994422e+23,2.7184509175703625e+23,0.0,0.0,2.004,2.004,227,-107614784.0,89221.031,0.0,0.0,0.0,0.0,0.0,0.0,0.0,0,0,0,-1.326430899100713e+18,0.0,-0.0,-8.016,-0.0,-0.0,1.051909144575387e+38,-2.4983957174981732e+30,0.0,-2.6184433789611834e+25,-0.027,94099546112.0,0.0,0.0,0.0,-6.50730802708692e+24,0,1.3516416376850534e+27,226,0.0,452,2.40156025918058e+36,-0.0,2114,0,17110,0,17112,52429,17095,0,0,0,101,100,100,2.7302335952034594e+23,64.6,0.0,65.0,0.0,65.0,1,49,50,180,52429,52429,0,0,0.0,0.0,0.0,60.0,-1.9816722557613335e+34,70.5,0.0,0.0,0.0,1069,0,1070,0,0,0,1069,0,1080,0,999,0,650,0,651,0,647,0,676,0.032,1.4240886424903774e+22,0.0,0.0,15888,16813,-1.9816722557613335e+34,0.0,-1.012730302886319e+22,-1.4335703799198764e+30,-2.2269009796069932e+27,0.0,50.0,60.0,35,0.0,0.0,10.0,2.0,0.0,0.0,0.0,0.0,0.0,0.0,0.0,0.0,0.0,0.0,0.0,0.0,58.8,45,17,65518,27,65476,482,65476,1,0,4,20529,65476,0,0,30147,60.0,0.0,10.0,10.0,2.0,0.0
2026-02-16T12:24:49,ERR,ERR,ERR,ERR,ERR,ERR,ERR,ERR,ERR,ERR,ERR,ERR,ERR,ERR,ERR,ERR,ERR,ERR,ERR,ERR,ERR,ERR,ERR,ERR,ERR,ERR,ERR,ERR,ERR,ERR,ERR,ERR,ERR,ERR,ERR,ERR,ERR,ERR,ERR,ERR,ERR,ERR,ERR,ERR,ERR,ERR,ERR,ERR,ERR,ERR,ERR,ERR,ERR,ERR,ERR,ERR,ERR,ERR,ERR,ERR,ERR,ERR,ERR,ERR,ERR,ERR,ERR,ERR,ERR,ERR,ERR,ERR,ERR,ERR,ERR,ERR,ERR,ERR,ERR,ERR,ERR,ERR,ERR,ERR,ERR,ERR,ERR,ERR,ERR,ERR,ERR,ERR,ERR,ERR,ERR,ERR,ERR,ERR,ERR,ERR,ERR,ERR,ERR,ERR,ERR,ERR,ERR,ERR,ERR,ERR,ERR,ERR,ERR,ERR,ERR,ERR,ERR,ERR,ERR,ERR,ERR,ERR,ERR,ERR,ERR,0.0,-0.0,0.0,0.0,0.0,-1.352510971314176e+17,0.0,-0.0,4300,0,8,17165,4300,0.0,41,0.0,0.0,0.0,0.0,0.0,0,0,0,0,0.0,0,0,0,0,0,0,0,0,0,0,0,0,0,0,0,0,0,0,0,0,0,0,0,0,0,0,0,0,0,0,0,0,0,12,37,37,49,65476,414,65476,1,0,4,21553,0.0,-0.0,0.0,0.0,0.0,0.0,0.0,0.0,0.0,0.0,0.0,0.0,0.0,0.0,0.0,0.0,0.0,0.0,0.0,0.0,0.0,2.004,3.697062548517736e+19,-0.0,-3.697074423243316e+19,0.0,0.0,0.0,0.0,0.0,6620.0,-0.0,0.0,0.0,-0.0,2.718450196994422e+23,2.7184509175703625e+23,0.0,0.0,2.004,2.004,227,-107614784.0,89221.031,0.0,0.0,0.0,0.0,0.0,0.0,0.0,0,0,0,-1.326430899100713e+18,0.0,-0.0,-8.016,-0.0,-0.0,1.051909144575387e+38,-2.4983957174981732e+30,0.0,-2.6184433789611834e+25,-0.027,94099546112.0,0.0,0.0,0.0,-6.50730802708692e+24,0,1.3516416376850534e+27,226,0.0,452,2.40156025918058e+36,-0.0,2114,0,17110,0,17112,52429,17095,0,0,0,101,100,100,2.7302335952034594e+23,64.6,0.0,65.0,0.0,65.0,1,49,50,180,52429,52429,0,0,0.0,0.0,0.0,60.0,-1.9816722557613335e+34,70.5,0.0,0.0,0.0,1069,0,1070,0,0,0,1069,0,1080,0,999,0,650,0,651,0,647,0,676,0.032,1.4240886424903774e+22,0.0,0.0,15888,16813,-1.9816722557613335e+34,0.0,-1.012730302886319e+22,-1.4335703799198764e+30,-2.2269009796069932e+27,0.0,50.0,60.0,35,0.0,0.0,10.0,2.0,0.0,0.0,0.0,0.0,0.0,0.0,0.0,0.0,0.0,0.0,0.0,0.0,58.8,45,17,65518,27,65476,482,65476,1,0,4,20529,65476,0,0,30147,60.0,0.0,10.0,10.0,2.0,0.0
2026-02-16T12:24:50,ERR,ERR,ERR,ERR,ERR,ERR,ERR,ERR,ERR,ERR,ERR,ERR,ERR,ERR,ERR,ERR,ERR,ERR,ERR,ERR,ERR,ERR,ERR,ERR,ERR,ERR,ERR,ERR,ERR,ERR,ERR,ERR,ERR,ERR,ERR,ERR,ERR,ERR,ERR,ERR,ERR,ERR,ERR,ERR,ERR,ERR,ERR,ERR,ERR,ERR,ERR,ERR,ERR,ERR,ERR,ERR,ERR,ERR,ERR,ERR,ERR,ERR,ERR,ERR,ERR,ERR,ERR,ERR,ERR,ERR,ERR,ERR,ERR,ERR,ERR,ERR,ERR,ERR,ERR,ERR,ERR,ERR,ERR,ERR,ERR,ERR,ERR,ERR,ERR,ERR,ERR,ERR,ERR,ERR,ERR,ERR,ERR,ERR,ERR,ERR,ERR,ERR,ERR,ERR,ERR,ERR,ERR,ERR,ERR,ERR,ERR,ERR,ERR,ERR,ERR,ERR,ERR,ERR,ERR,ERR,ERR,ERR,ERR,ERR,ERR,0.0,-0.0,0.0,0.0,0.0,-1.352510971314176e+17,0.0,-0.0,4300,0,8,17165,4300,0.0,41,0.0,0.0,0.0,0.0,0.0,0,0,0,0,0.0,0,0,0,0,0,0,0,0,0,0,0,0,0,0,0,0,0,0,0,0,0,0,0,0,0,0,0,0,0,0,0,0,0,12,37,37,49,65476,414,65476,1,0,4,21553,0.0,-0.0,0.0,0.0,0.0,0.0,0.0,0.0,0.0,0.0,0.0,0.0,0.0,0.0,0.0,0.0,0.0,0.0,0.0,0.0,0.0,2.004,3.697062548517736e+19,-0.0,-3.697074423243316e+19,0.0,0.0,0.0,0.0,0.0,6620.0,-0.0,0.0,0.0,-0.0,2.718450196994422e+23,2.7184509175703625e+23,0.0,0.0,2.004,2.004,227,-107614784.0,89221.031,0.0,0.0,0.0,0.0,0.0,0.0,0.0,0,0,0,-1.326430899100713e+18,0.0,-0.0,-8.016,-0.0,-0.0,1.051909144575387e+38,-2.4983957174981732e+30,0.0,-2.6184433789611834e+25,-0.027,94099546112.0,0.0,0.0,0.0,-6.50730802708692e+24,0,1.3516416376850534e+27,226,0.0,452,2.40156025918058e+36,-0.0,2114,0,17110,0,17112,52429,17095,0,0,0,101,100,100,2.7302335952034594e+23,64.6,0.0,65.0,0.0,65.0,1,49,50,180,52429,0,0,0,0.0,0.0,0.0,60.0,0.0,71.0,0.0,-0.0,0.0,1069,0,1070,0,0,0,1070,0,1080,0,999,0,650,0,651,0,647,0,676,0.032,1.151076830199476e+22,0.0,0.0,22160,16813,-9.140266061924067e+32,-105090.695,5110549910126592.0,-9158892.0,1.1797874583737764e+30,-0.0,50.0,60.0,35,0.0,0.0,10.0,2.0,0.0,0.0,0.0,0.0,0.0,0.0,0.0,0.0,0.0,0.0,0.0,0.0,59.2,43,19,65519,27,65476,638,65476,1,0,4,20529,65476,0,0,30147,60.0,0.0,10.0,10.0,2.0,0.0
2026-02-16T12:24:51,ERR,ERR,ERR,ERR,ERR,ERR,ERR,ERR,ERR,ERR,ERR,ERR,ERR,ERR,ERR,ERR,ERR,ERR,ERR,ERR,ERR,ERR,ERR,ERR,ERR,ERR,ERR,ERR,ERR,ERR,ERR,ERR,ERR,ERR,ERR,ERR,ERR,ERR,ERR,ERR,ERR,ERR,ERR,ERR,ERR,ERR,ERR,ERR,ERR,ERR,ERR,ERR,ERR,ERR,ERR,ERR,ERR,ERR,ERR,ERR,ERR,ERR,ERR,ERR,ERR,ERR,ERR,ERR,ERR,ERR,ERR,ERR,ERR,ERR,ERR,ERR,ERR,ERR,ERR,ERR,ERR,ERR,ERR,ERR,ERR,ERR,ERR,ERR,ERR,ERR,ERR,ERR,ERR,ERR,ERR,ERR,ERR,ERR,ERR,ERR,ERR,ERR,ERR,ERR,ERR,ERR,ERR,ERR,ERR,ERR,ERR,ERR,ERR,ERR,ERR,ERR,ERR,ERR,ERR,ERR,ERR,ERR,ERR,ERR,ERR,0.0,-0.0,0.0,0.0,0.0,-0.0,-0.001,-0.782,4300,0,8,17165,4300,0.0,41,0.0,0.0,0.0,0.0,0.0,0,0,0,0,0.0,0,0,0,0,0,0,0,0,0,0,0,0,0,0,0,0,0,0,0,0,0,0,0,0,0,0,0,0,0,0,0,0,0,12,37,37,49,65476,415,65476,1,0,4,21553,0.0,0.0,0.0,0.0,0.0,0.0,0.0,0.0,0.0,0.0,0.0,0.0,0.0,0.0,0.0,0.0,0.0,0.0,0.0,0.0,0.0,2.004,3.697062548517736e+19,-0.0,0.0,0.0,0.0,0.0,0.0,0.0,6596.0,-0.0,0.0,0.0,-0.0,-0.0,-0.0,0.0,0.0,2.004,2.004,225,0.0,0.0,0.0,0.0,0.0,0.0,0.0,0.0,0.0,0,0,0,-29.658,-0.0,2.3554309886283716e+33,0.0,-0.0,-1.784674686032203e+31,0.045,0.0,0.0,-2.8148938246485606e+25,-0.029,100541997056.0,0.0,0.0,0.0,-0.0,0,1.3516416376850534e+27,226,0.0,452,-74360974999552.0,-0.0,2114,0,17110,0,17112,52429,17095,0,0,0,101,100,100,2.7302335952034594e+23,64.6,0.0,65.0,0.0,65.0,1,49,50,180,52429,0,0,0,0.0,0.0,0.0,60.0,0.0,71.0,0.0,-0.0,0.0,1069,0,1070,0,0,0,1070,0,1080,0,999,0,650,0,651,0,647,0,676,0.032,1.151076830199476e+22,0.0,0.0,22160,16813,-9.140266061924067e+32,-105090.695,5110549910126592.0,-9158892.0,1.1797874583737764e+30,-0.0,50.0,60.0,35,0.0,0.0,10.0,2.0,0.0,0.0,0.0,0.0,0.0,0.0,0.0,0.0,0.0,0.0,0.0,0.0,59.2,43,19,65519,27,65476,638,65476,1,0,4,20529,65476,0,0,30147,60.0,0.0,10.0,10.0,2.0,0.0
2026-02-16T12:24:52,ERR,ERR,ERR,ERR,ERR,ERR,ERR,ERR,ERR,ERR,ERR,ERR,ERR,ERR,ERR,ERR,ERR,ERR,ERR,ERR,ERR,ERR,ERR,ERR,ERR,ERR,ERR,ERR,ERR,ERR,ERR,ERR,ERR,ERR,ERR,ERR,ERR,ERR,ERR,ERR,ERR,ERR,ERR,ERR,ERR,ERR,ERR,ERR,ERR,ERR,ERR,ERR,ERR,ERR,ERR,ERR,ERR,ERR,ERR,ERR,ERR,ERR,ERR,ERR,ERR,ERR,ERR,ERR,ERR,ERR,ERR,ERR,ERR,ERR,ERR,ERR,ERR,ERR,ERR,ERR,ERR,ERR,ERR,ERR,ERR,ERR,ERR,ERR,ERR,ERR,ERR,ERR,ERR,ERR,ERR,ERR,ERR,ERR,ERR,ERR,ERR,ERR,ERR,ERR,ERR,ERR,ERR,ERR,ERR,ERR,ERR,ERR,ERR,ERR,ERR,ERR,ERR,ERR,ERR,ERR,ERR,ERR,ERR,ERR,ERR,0.0,-0.0,0.0,0.0,0.0,-0.0,-0.001,-0.782,4300,0,8,17165,4300,0.0,41,0.0,0.0,0.0,0.0,0.0,0,0,0,0,0.0,0,0,0,0,0,0,0,0,0,0,0,0,0,0,0,0,0,0,0,0,0,0,0,0,0,0,0,0,0,0,0,0,0,12,37,37,49,65476,415,65476,1,0,4,21553,0.0,0.0,0.0,0.0,0.0,0.0,0.0,0.0,0.0,0.0,0.0,0.0,0.0,0.0,0.0,0.0,0.0,0.0,0.0,0.0,0.0,2.004,3.697062548517736e+19,-0.0,0.0,0.0,0.0,0.0,0.0,0.0,6596.0,-0.0,0.0,0.0,-0.0,-0.0,-0.0,0.0,0.0,2.004,2.004,225,0.0,0.0,0.0,0.0,0.0,0.0,0.0,0.0,0.0,0,0,0,-29.658,-0.0,2.3554309886283716e+33,0.0,-0.0,-1.784674686032203e+31,0.045,0.0,0.0,-2.8148938246485606e+25,-0.029,100541997056.0,0.0,0.0,0.0,-0.0,0,1.3516416376850534e+27,226,0.0,452,-74360974999552.0,-0.0,2114,0,17110,0,17112,52429,17095,0,0,0,101,100,100,2.7302335952034594e+23,64.6,0.0,65.0,0.0,65.0,1,49,50,180,52429,0,0,0,0.0,0.0,0.0,60.0,0.0,71.0,0.0,-0.0,0.0,1069,0,1070,0,0,0,1070,0,1080,0,999,0,650,0,651,0,647,0,676,0.032,1.151076830199476e+22,0.0,0.0,22160,16813,-9.140266061924067e+32,-105090.695,5110549910126592.0,-9158892.0,1.1797874583737764e+30,-0.0,50.0,60.0,35,0.0,0.0,10.0,2.0,0.0,0.0,0.0,0.0,0.0,0.0,0.0,0.0,0.0,0.0,0.0,0.0,59.2,43,19,65520,27,65476,720,65476,1,0,4,20529,65476,0,0,30147,60.0,0.0,10.0,10.0,2.0,0.0
2026-02-16T12:24:53,ERR,ERR,ERR,ERR,ERR,ERR,ERR,ERR,ERR,ERR,ERR,ERR,ERR,ERR,ERR,ERR,ERR,ERR,ERR,ERR,ERR,ERR,ERR,ERR,ERR,ERR,ERR,ERR,ERR,ERR,ERR,ERR,ERR,ERR,ERR,ERR,ERR,ERR,ERR,ERR,ERR,ERR,ERR,ERR,ERR,ERR,ERR,ERR,ERR,ERR,ERR,ERR,ERR,ERR,ERR,ERR,ERR,ERR,ERR,ERR,ERR,ERR,ERR,ERR,ERR,ERR,ERR,ERR,ERR,ERR,ERR,ERR,ERR,ERR,ERR,ERR,ERR,ERR,ERR,ERR,ERR,ERR,ERR,ERR,ERR,ERR,ERR,ERR,ERR,ERR,ERR,ERR,ERR,ERR,ERR,ERR,ERR,ERR,ERR,ERR,ERR,ERR,ERR,ERR,ERR,ERR,ERR,ERR,ERR,ERR,ERR,ERR,ERR,ERR,ERR,ERR,ERR,ERR,ERR,ERR,ERR,ERR,ERR,ERR,ERR,0.0,-0.0,0.0,0.0,0.0,-0.0,-0.001,-0.782,4300,0,8,17165,4300,0.0,41,0.0,0.0,0.0,0.0,0.0,0,0,0,0,0.0,0,0,0,0,0,0,0,0,0,0,0,0,0,0,0,0,0,0,0,0,0,0,0,0,0,0,0,0,0,0,0,0,0,12,37,37,49,65476,415,65476,1,0,4,21553,0.0,0.0,0.0,0.0,0.0,0.0,0.0,0.0,0.0,0.0,0.0,0.0,0.0,0.0,0.0,0.0,0.0,0.0,0.0,0.0,0.0,2.004,3.697062548517736e+19,-0.0,0.0,0.0,0.0,0.0,0.0,0.0,6596.0,-0.0,0.0,0.0,-0.0,-0.0,-0.0,0.0,0.0,2.004,2.004,225,0.0,0.0,0.0,0.0,0.0,0.0,0.0,0.0,0.0,0,0,0,-29.658,-0.0,2.3554309886283716e+33,0.0,-0.0,-1.784674686032203e+31,0.045,0.0,0.0,-2.8148938246485606e+25,-0.029,100541997056.0,0.0,0.0,0.0,-0.0,0,1.3516416376850534e+27,226,0.0,452,-74360974999552.0,-0.0,2114,0,17110,0,17112,52429,17095,0,0,0,101,100,100,2.7302335952034594e+23,64.6,0.0,65.0,0.0,65.0,1,49,50,180,52429,0,0,0,0.0,0.0,0.0,60.0,-2.6146556715403565e+32,70.5,0.0,6.091194599507128e+32,0.0,1069,0,1070,0,0,0,1070,0,1080,0,999,0,650,0,651,0,647,0,676,0.032,1.4536034330083127e+22,0.0,0.0,23184,16813,0.0,34259781632.0,0.0,1264612992.0,0.0,1.4526010830522075e+25,50.0,60.0,35,0.0,0.0,10.0,2.0,0.0,0.0,0.0,0.0,0.0,0.0,0.0,0.0,0.0,0.0,0.0,0.0,58.8,40,21,65523,27,65476,770,65476,1,0,4,20529,65476,0,0,30147,60.0,0.0,10.0,10.0,2.0,0.0
2026-02-16T12:24:54,ERR,ERR,ERR,ERR,ERR,ERR,ERR,ERR,ERR,ERR,ERR,ERR,ERR,ERR,ERR,ERR,ERR,ERR,ERR,ERR,ERR,ERR,ERR,ERR,ERR,ERR,ERR,ERR,ERR,ERR,ERR,ERR,ERR,ERR,ERR,ERR,ERR,ERR,ERR,ERR,ERR,ERR,ERR,ERR,ERR,ERR,ERR,ERR,ERR,ERR,ERR,ERR,ERR,ERR,ERR,ERR,ERR,ERR,ERR,ERR,ERR,ERR,ERR,ERR,ERR,ERR,ERR,ERR,ERR,ERR,ERR,ERR,ERR,ERR,ERR,ERR,ERR,ERR,ERR,ERR,ERR,ERR,ERR,ERR,ERR,ERR,ERR,ERR,ERR,ERR,ERR,ERR,ERR,ERR,ERR,ERR,ERR,ERR,ERR,ERR,ERR,ERR,ERR,ERR,ERR,ERR,ERR,ERR,ERR,ERR,ERR,ERR,ERR,ERR,ERR,ERR,ERR,ERR,ERR,ERR,ERR,ERR,ERR,ERR,ERR,0.0,-0.0,0.0,0.0,0.0,-0.0,-0.001,-0.782,4300,0,8,17165,4300,0.0,41,0.0,0.0,0.0,0.0,0.0,0,0,0,0,0.0,0,0,0,0,0,0,0,0,0,0,0,0,0,0,0,0,0,0,0,0,0,0,0,0,0,0,0,0,0,0,0,0,0,12,37,37,49,65476,415,65476,1,0,4,21553,0.0,0.0,0.0,0.0,0.0,0.0,0.0,0.0,0.0,0.0,0.0,0.0,0.0,0.0,0.0,0.0,0.0,0.0,0.0,0.0,0.0,2.004,3.697062548517736e+19,-0.0,0.0,0.0,0.0,0.0,0.0,0.0,6596.0,-0.0,0.0,0.0,-0.0,-0.0,-0.0,0.0,0.0,2.004,2.004,225,0.0,0.0,0.0,0.0,0.0,0.0,0.0,0.0,0.0,0,0,0,-29.658,-0.0,2.3554309886283716e+33,0.0,-0.0,-1.784674686032203e+31,0.045,0.0,0.0,-2.8148938246485606e+25,-0.029,100541997056.0,0.0,0.0,0.0,-0.0,0,1.3516416376850534e+27,226,0.0,452,-74360974999552.0,-0.0,2114,0,17110,0,17112,52429,17095,0,0,0,101,100,100,2.7302335952034594e+23,64.6,0.0,65.0,0.0,65.0,1,49,50,180,52429,0,0,0,0.0,0.0,0.0,60.0,-2.6146556715403565e+32,70.5,0.0,6.091194599507128e+32,0.0,1069,0,1070,0,0,0,1070,0,1080,0,999,0,650,0,651,0,647,0,676,0.032,1.4536034330083127e+22,0.0,0.0,23184,16813,0.0,34259781632.0,0.0,1264612992.0,0.0,1.4526010830522075e+25,50.0,60.0,35,0.0,0.0,10.0,2.0,0.0,0.0,0.0,0.0,0.0,0.0,0.0,0.0,0.0,0.0,0.0,0.0,58.8,40,21,65523,27,65476,770,65476,1,0,4,20529,65476,0,0,30147,60.0,0.0,10.0,10.0,2.0,0.0
2026-02-16T12:24:55,ERR,ERR,ERR,ERR,ERR,ERR,ERR,ERR,ERR,ERR,ERR,ERR,ERR,ERR,ERR,ERR,ERR,ERR,ERR,ERR,ERR,ERR,ERR,ERR,ERR,ERR,ERR,ERR,ERR,ERR,ERR,ERR,ERR,ERR,ERR,ERR,ERR,ERR,ERR,ERR,ERR,ERR,ERR,ERR,ERR,ERR,ERR,ERR,ERR,ERR,ERR,ERR,ERR,ERR,ERR,ERR,ERR,ERR,ERR,ERR,ERR,ERR,ERR,ERR,ERR,ERR,ERR,ERR,ERR,ERR,ERR,ERR,ERR,ERR,ERR,ERR,ERR,ERR,ERR,ERR,ERR,ERR,ERR,ERR,ERR,ERR,ERR,ERR,ERR,ERR,ERR,ERR,ERR,ERR,ERR,ERR,ERR,ERR,ERR,ERR,ERR,ERR,ERR,ERR,ERR,ERR,ERR,ERR,ERR,ERR,ERR,ERR,ERR,ERR,ERR,ERR,ERR,ERR,ERR,ERR,ERR,ERR,ERR,ERR,ERR,0.0,-0.0,0.0,0.0,0.0,-0.0,-0.001,-0.782,4300,0,8,17165,4300,0.0,41,0.0,0.0,0.0,0.0,0.0,0,0,0,0,0.0,0,0,0,0,0,0,0,0,0,0,0,0,0,0,0,0,0,0,0,0,0,0,0,0,0,0,0,0,0,0,0,0,0,12,37,37,49,65476,415,65476,1,0,4,21553,0.0,0.0,0.0,0.0,0.0,0.0,0.0,0.0,0.0,0.0,0.0,0.0,0.0,0.0,0.0,0.0,0.0,0.0,0.0,0.0,0.0,2.004,3.697062548517736e+19,-0.0,0.0,0.0,0.0,0.0,0.0,0.0,6596.0,-0.0,0.0,0.0,-0.0,-0.0,-0.0,0.0,0.0,2.004,2.004,225,0.0,0.0,0.0,0.0,0.0,0.0,0.0,0.0,0.0,0,0,0,-29.658,-0.0,2.3554309886283716e+33,0.0,-0.0,-1.784674686032203e+31,0.045,0.0,0.0,-2.8148938246485606e+25,-0.029,100541997056.0,0.0,0.0,0.0,-0.0,0,1.3516416376850534e+27,226,0.0,452,-74360974999552.0,-0.0,2114,0,17110,0,17112,52429,17095,0,0,0,101,100,100,2.7302335952034594e+23,64.6,0.0,65.0,0.0,65.0,1,49,50,180,52429,0,0,0,0.0,0.0,0.0,60.0,-2.6146556715403565e+32,70.5,0.0,6.091194599507128e+32,0.0,1069,0,1070,0,0,0,1070,0,1080,0,999,0,650,0,651,0,647,0,676,0.032,1.4536034330083127e+22,0.0,0.0,23184,16813,0.0,34259781632.0,0.0,1264612992.0,0.0,1.4526010830522075e+25,50.0,60.0,35,0.0,0.0,10.0,2.0,0.0,0.0,0.0,0.0,0.0,0.0,0.0,0.0,0.0,0.0,0.0,0.0,59.2,38,23,65525,27,65476,729,65476,1,0,4,20529,65476,0,0,30147,60.0,0.0,10.0,10.0,2.0,0.0
2026-02-16T12:24:56,ERR,ERR,ERR,ERR,ERR,ERR,ERR,ERR,ERR,ERR,ERR,ERR,ERR,ERR,ERR,ERR,ERR,ERR,ERR,ERR,ERR,ERR,ERR,ERR,ERR,ERR,ERR,ERR,ERR,ERR,ERR,ERR,ERR,ERR,ERR,ERR,ERR,ERR,ERR,ERR,ERR,ERR,ERR,ERR,ERR,ERR,ERR,ERR,ERR,ERR,ERR,ERR,ERR,ERR,ERR,ERR,ERR,ERR,ERR,ERR,ERR,ERR,ERR,ERR,ERR,ERR,ERR,ERR,ERR,ERR,ERR,ERR,ERR,ERR,ERR,ERR,ERR,ERR,ERR,ERR,ERR,ERR,ERR,ERR,ERR,ERR,ERR,ERR,ERR,ERR,ERR,ERR,ERR,ERR,ERR,ERR,ERR,ERR,ERR,ERR,ERR,ERR,ERR,ERR,ERR,ERR,ERR,ERR,ERR,ERR,ERR,ERR,ERR,ERR,ERR,ERR,ERR,ERR,ERR,ERR,ERR,ERR,ERR,ERR,ERR,0.0,-0.0,0.0,0.0,0.0,2.507638318066873e+31,-1.3232233884217548e+37,0.0,4300,0,8,17165,4300,0.0,41,0.0,0.0,0.0,0.0,0.0,0,0,0,0,0.0,0,0,0,0,0,0,0,0,0,0,0,0,0,0,0,0,0,0,0,0,0,0,0,0,0,0,0,0,0,0,0,0,0,12,37,37,49,65476,416,65476,1,0,4,21553,0.0,2.7183305813883192e+23,0.0,0.0,0.0,0.0,0.0,0.0,0.0,0.0,0.0,0.0,0.0,0.0,0.0,0.0,0.0,0.0,0.0,0.0,0.0,2.004,3.697062548517736e+19,-0.0,2.004,2.004,0.0,0.0,0.0,0.0,6594.0,-0.0,0.0,0.0,-0.0,-0.0,-0.0,0.0,0.0,2.004,2.004,226,0.0,0.0,0.0,0.0,0.0,0.0,0.0,0.0,0.0,0,0,0,-9.891,-12432416768.0,2.0691453420141468e+23,-0.0,1.9963445406478727e+29,-1.3300122146308096e+17,-1.2371877678823073e+36,-91788.039,0.0,-2.996232697590755e+25,-0.03,106984448000.0,0.0,0.0,0.0,-0.039,0,1.3516416376850534e+27,226,0.0,452,0.0,0.0,2114,0,17110,0,17112,52429,17095,0,0,0,101,100,100,2.7302335952034594e+23,64.6,0.0,65.0,0.0,65.0,1,49,50,180,52429,0,0,0,0.0,0.0,0.0,60.0,0.0,70.5,0.0,28.032,0.0,1069,0,1070,0,0,0,1070,0,1080,0,999,0,650,0,651,0,647,0,676,0.032,1.0551537610161864e+22,0.0,0.0,19088,16813,-1.383386871783872e+32,28.032,-0.0,-7.918637517870114e+26,-26011171291136.0,-4.0712584611894395e+19,50.0,60.0,35,0.0,0.0,10.0,2.0,0.0,0.0,0.0,0.0,0.0,0.0,0.0,0.0,0.0,0.0,0.0,0.0,58.8,36,24,65527,27,65476,729,65476,1,0,4,20529,65476,0,0,30147,60.0,0.0,10.0,10.0,2.0,0.0
2026-02-16T12:24:57,ERR,ERR,ERR,ERR,ERR,ERR,ERR,ERR,ERR,ERR,ERR,ERR,ERR,ERR,ERR,ERR,ERR,ERR,ERR,ERR,ERR,ERR,ERR,ERR,ERR,ERR,ERR,ERR,ERR,ERR,ERR,ERR,ERR,ERR,ERR,ERR,ERR,ERR,ERR,ERR,ERR,ERR,ERR,ERR,ERR,ERR,ERR,ERR,ERR,ERR,ERR,ERR,ERR,ERR,ERR,ERR,ERR,ERR,ERR,ERR,ERR,ERR,ERR,ERR,ERR,ERR,ERR,ERR,ERR,ERR,ERR,ERR,ERR,ERR,ERR,ERR,ERR,ERR,ERR,ERR,ERR,ERR,ERR,ERR,ERR,ERR,ERR,ERR,ERR,ERR,ERR,ERR,ERR,ERR,ERR,ERR,ERR,ERR,ERR,ERR,ERR,ERR,ERR,ERR,ERR,ERR,ERR,ERR,ERR,ERR,ERR,ERR,ERR,ERR,ERR,ERR,ERR,ERR,ERR,ERR,ERR,ERR,ERR,ERR,ERR,0.0,-0.0,0.0,0.0,0.0,2.507638318066873e+31,-1.3232233884217548e+37,0.0,4300,0,8,17165,4300,0.0,41,0.0,0.0,0.0,0.0,0.0,0,0,0,0,0.0,0,0,0,0,0,0,0,0,0,0,0,0,0,0,0,0,0,0,0,0,0,0,0,0,0,0,0,0,0,0,0,0,0,12,37,37,49,65476,416,65476,1,0,4,21553,0.0,2.7183305813883192e+23,0.0,0.0,0.0,0.0,0.0,0.0,0.0,0.0,0.0,0.0,0.0,0.0,0.0,0.0,0.0,0.0,0.0,0.0,0.0,2.004,3.697062548517736e+19,-0.0,2.004,2.004,0.0,0.0,0.0,0.0,6594.0,-0.0,0.0,0.0,-0.0,-0.0,-0.0,0.0,0.0,2.004,2.004,226,0.0,0.0,0.0,0.0,0.0,0.0,0.0,0.0,0.0,0,0,0,-9.891,-12432416768.0,2.0691453420141468e+23,-0.0,1.9963445406478727e+29,-1.3300122146308096e+17,-1.2371877678823073e+36,-91788.039,0.0,-2.996232697590755e+25,-0.03,106984448000.0,0.0,0.0,0.0,-0.039,0,1.3516416376850534e+27,226,0.0,452,0.0,0.0,2114,0,17110,0,17112,52429,17095,0,0,0,101,100,100,2.7302335952034594e+23,64.6,0.0,65.0,0.0,65.0,1,49,50,180,52429,0,0,0,0.0,0.0,0.0,60.0,0.0,70.5,0.0,28.032,0.0,1069,0,1070,0,0,0,1070,0,1080,0,999,0,650,0,651,0,647,0,676,0.032,1.0551537610161864e+22,0.0,0.0,19088,16813,-1.383386871783872e+32,28.032,-0.0,-7.918637517870114e+26,-26011171291136.0,-4.0712584611894395e+19,50.0,60.0,35,0.0,0.0,10.0,2.0,0.0,0.0,0.0,0.0,0.0,0.0,0.0,0.0,0.0,0.0,0.0,0.0,58.8,36,24,65527,27,65476,729,65476,1,0,4,20529,65476,0,0,30147,60.0,0.0,10.0,10.0,2.0,0.0
2026-02-16T12:24:58,ERR,ERR,ERR,ERR,ERR,ERR,ERR,ERR,ERR,ERR,ERR,ERR,ERR,ERR,ERR,ERR,ERR,ERR,ERR,ERR,ERR,ERR,ERR,ERR,ERR,ERR,ERR,ERR,ERR,ERR,ERR,ERR,ERR,ERR,ERR,ERR,ERR,ERR,ERR,ERR,ERR,ERR,ERR,ERR,ERR,ERR,ERR,ERR,ERR,ERR,ERR,ERR,ERR,ERR,ERR,ERR,ERR,ERR,ERR,ERR,ERR,ERR,ERR,ERR,ERR,ERR,ERR,ERR,ERR,ERR,ERR,ERR,ERR,ERR,ERR,ERR,ERR,ERR,ERR,ERR,ERR,ERR,ERR,ERR,ERR,ERR,ERR,ERR,ERR,ERR,ERR,ERR,ERR,ERR,ERR,ERR,ERR,ERR,ERR,ERR,ERR,ERR,ERR,ERR,ERR,ERR,ERR,ERR,ERR,ERR,ERR,ERR,ERR,ERR,ERR,ERR,ERR,ERR,ERR,ERR,ERR,ERR,ERR,ERR,ERR,0.0,-0.0,0.0,0.0,0.0,2.507638318066873e+31,-1.3232233884217548e+37,0.0,4300,0,8,17165,4300,0.0,41,0.0,0.0,0.0,0.0,0.0,0,0,0,0,0.0,0,0,0,0,0,0,0,0,0,0,0,0,0,0,0,0,0,0,0,0,0,0,0,0,0,0,0,0,0,0,0,0,0,12,37,37,49,65476,416,65476,1,0,4,21553,0.0,2.7183305813883192e+23,0.0,0.0,0.0,0.0,0.0,0.0,0.0,0.0,0.0,0.0,0.0,0.0,0.0,0.0,0.0,0.0,0.0,0.0,0.0,2.004,3.697062548517736e+19,-0.0,2.004,2.004,0.0,0.0,0.0,0.0,6594.0,-0.0,0.0,0.0,-0.0,-0.0,-0.0,0.0,0.0,2.004,2.004,226,0.0,0.0,0.0,0.0,0.0,0.0,0.0,0.0,0.0,0,0,0,-9.891,-12432416768.0,2.0691453420141468e+23,-0.0,1.9963445406478727e+29,-1.3300122146308096e+17,-1.2371877678823073e+36,-91788.039,0.0,-2.996232697590755e+25,-0.03,106984448000.0,0.0,0.0,0.0,-0.039,0,1.3516416376850534e+27,226,0.0,452,0.0,0.0,2114,0,17110,0,17112,52429,17095,0,0,0,101,100,100,2.7302335952034594e+23,64.6,0.0,65.0,0.0,65.0,1,49,50,180,52429,0,0,0,0.0,0.0,0.0,60.0,0.0,70.5,0.0,28.032,0.0,1069,0,1070,0,0,0,1070,0,1080,0,999,0,650,0,651,0,647,0,676,0.032,1.0551537610161864e+22,0.0,0.0,19088,16813,-1.383386871783872e+32,28.032,-0.0,-7.918637517870114e+26,-26011171291136.0,-4.0712584611894395e+19,50.0,60.0,35,0.0,0.0,10.0,2.0,0.0,0.0,0.0,0.0,0.0,0.0,0.0,0.0,0.0,0.0,0.0,0.0,58.8,32,28,65530,27,65476,665,65476,1,0,4,20529,65476,0,0,30147,60.0,0.0,10.0,10.0,2.0,0.0
2026-02-16T12:24:59,ERR,ERR,ERR,ERR,ERR,ERR,ERR,ERR,ERR,ERR,ERR,ERR,ERR,ERR,ERR,ERR,ERR,ERR,ERR,ERR,ERR,ERR,ERR,ERR,ERR,ERR,ERR,ERR,ERR,ERR,ERR,ERR,ERR,ERR,ERR,ERR,ERR,ERR,ERR,ERR,ERR,ERR,ERR,ERR,ERR,ERR,ERR,ERR,ERR,ERR,ERR,ERR,ERR,ERR,ERR,ERR,ERR,ERR,ERR,ERR,ERR,ERR,ERR,ERR,ERR,ERR,ERR,ERR,ERR,ERR,ERR,ERR,ERR,ERR,ERR,ERR,ERR,ERR,ERR,ERR,ERR,ERR,ERR,ERR,ERR,ERR,ERR,ERR,ERR,ERR,ERR,ERR,ERR,ERR,ERR,ERR,ERR,ERR,ERR,ERR,ERR,ERR,ERR,ERR,ERR,ERR,ERR,ERR,ERR,ERR,ERR,ERR,ERR,ERR,ERR,ERR,ERR,ERR,ERR,ERR,ERR,ERR,ERR,ERR,ERR,0.0,-0.0,0.0,0.0,0.0,2.507638318066873e+31,-1.3232233884217548e+37,0.0,4300,0,8,17165,4300,0.0,41,0.0,0.0,0.0,0.0,0.0,0,0,0,0,0.0,0,0,0,0,0,0,0,0,0,0,0,0,0,0,0,0,0,0,0,0,0,0,0,0,0,0,0,0,0,0,0,0,0,12,37,37,49,65476,416,65476,1,0,4,21553,0.0,2.7183305813883192e+23,0.0,0.0,0.0,0.0,0.0,0.0,0.0,0.0,0.0,0.0,0.0,0.0,0.0,0.0,0.0,0.0,0.0,0.0,0.0,2.004,3.697062548517736e+19,-0.0,2.004,2.004,0.0,0.0,0.0,0.0,6594.0,-0.0,0.0,0.0,-0.0,-0.0,-0.0,0.0,0.0,2.004,2.004,226,0.0,0.0,0.0,0.0,0.0,0.0,0.0,0.0,0.0,0,0,0,-9.891,-12432416768.0,2.0691453420141468e+23,-0.0,1.9963445406478727e+29,-1.3300122146308096e+17,-1.2371877678823073e+36,-91788.039,0.0,-2.996232697590755e+25,-0.03,106984448000.0,0.0,0.0,0.0,-0.039,0,1.3516416376850534e+27,226,0.0,452,0.0,0.0,2114,0,17110,0,17112,0,17096,0,0,0,101,100,100,2.7302335952034594e+23,64.6,0.0,65.0,0.0,65.0,1,49,50,180,52429,0,0,0,0.0,0.0,0.0,60.0,0.0,71.0,0.0,-5.238196712869924e+28,0.0,1069,0,1069,0,0,0,1070,0,1080,0,1000,0,650,0,651,0,647,0,676,0.032,1.0551537610161864e+22,0.0,0.0,10128,16813,0.0,-5.238196712869924e+28,-0.0,0.0,-0.017,-206831776.0,50.0,60.0,35,0.0,0.0,10.0,2.0,0.0,0.0,0.0,0.0,0.0,0.0,0.0,0.0,0.0,0.0,0.0,0.0,58.8,32,28,65530,27,65476,665,65476,1,0,4,20529,65476,0,0,30147,60.0,0.0,10.0,10.0,2.0,0.0
2026-02-16T12:25:00,ERR,ERR,ERR,ERR,ERR,ERR,ERR,ERR,ERR,ERR,ERR,ERR,ERR,ERR,ERR,ERR,ERR,ERR,ERR,ERR,ERR,ERR,ERR,ERR,ERR,ERR,ERR,ERR,ERR,ERR,ERR,ERR,ERR,ERR,ERR,ERR,ERR,ERR,ERR,ERR,ERR,ERR,ERR,ERR,ERR,ERR,ERR,ERR,ERR,ERR,ERR,ERR,ERR,ERR,ERR,ERR,ERR,ERR,ERR,ERR,ERR,ERR,ERR,ERR,ERR,ERR,ERR,ERR,ERR,ERR,ERR,ERR,ERR,ERR,ERR,ERR,ERR,ERR,ERR,ERR,ERR,ERR,ERR,ERR,ERR,ERR,ERR,ERR,ERR,ERR,ERR,ERR,ERR,ERR,ERR,ERR,ERR,ERR,ERR,ERR,ERR,ERR,ERR,ERR,ERR,ERR,ERR,ERR,ERR,ERR,ERR,ERR,ERR,ERR,ERR,ERR,ERR,ERR,ERR,ERR,ERR,ERR,ERR,ERR,ERR,0.0,-0.0,2.718406241862059e+23,0.0,-0.0,-0.0,0.552,2041857.75,4300,0,8,17166,4300,0.0,41,0.0,0.0,0.0,0.0,0.0,0,0,0,0,0.0,0,0,0,0,0,0,0,0,0,0,0,0,0,0,0,0,0,0,0,0,0,0,0,0,0,0,0,0,0,0,0,0,0,12,37,37,49,65476,415,65476,1,0,4,21553,0.0,-0.0,0.0,0.0,0.0,0.0,0.0,0.0,0.0,0.0,0.0,0.0,0.0,0.0,0.0,0.0,0.0,0.0,0.0,0.0,0.0,2.004,3.697062548517736e+19,-0.0,2.004,2.004,0.0,0.0,0.0,0.0,6595.0,2.4230023160510894e+24,0.0,0.0,-0.0,-107616240.0,-0.0,0.0,0.0,2.004,2.004,226,0.0,0.0,0.0,0.0,0.0,0.0,0.0,0.0,0.0,0,0,0,-3.2175648679376454e+19,-0.0,-0.0,0.0,-0.0,-0.017,0.0,-1935084748800.0,0.0,-3.1775715705329494e+25,-0.032,112890028032.0,0.0,0.0,0.0,-1.1896455684119602e+30,0,1.3516416376850534e+27,226,0.0,452,0.0,-0.0,2114,0,17110,0,17112,0,17096,0,0,0,101,100,100,2.7302335952034594e+23,64.6,0.0,65.0,0.0,65.0,1,49,50,180,52429,0,0,0,0.0,0.0,0.0,60.0,0.0,71.0,0.0,-5.238196712869924e+28,0.0,1069,0,1069,0,0,0,1070,0,1080,0,1000,0,650,0,651,0,647,0,676,0.032,1.0551537610161864e+22,0.0,0.0,10128,16813,0.0,-5.238196712869924e+28,-0.0,0.0,-0.017,-206831776.0,50.0,60.0,35,0.0,0.0,10.0,2.0,0.0,0.0,0.0,0.0,0.0,0.0,0.0,0.0,0.0,0.0,0.0,0.0,59.2,29,31,65534,27,65476,665,65476,1,0,4,20529,65476,0,0,30147,60.0,0.0,10.0,10.0,2.0,0.0
2026-02-16T12:25:01,ERR,ERR,ERR,ERR,ERR,ERR,ERR,ERR,ERR,ERR,ERR,ERR,ERR,ERR,ERR,ERR,ERR,ERR,ERR,ERR,ERR,ERR,ERR,ERR,ERR,ERR,ERR,ERR,ERR,ERR,ERR,ERR,ERR,ERR,ERR,ERR,ERR,ERR,ERR,ERR,ERR,ERR,ERR,ERR,ERR,ERR,ERR,ERR,ERR,ERR,ERR,ERR,ERR,ERR,ERR,ERR,ERR,ERR,ERR,ERR,ERR,ERR,ERR,ERR,ERR,ERR,ERR,ERR,ERR,ERR,ERR,ERR,ERR,ERR,ERR,ERR,ERR,ERR,ERR,ERR,ERR,ERR,ERR,ERR,ERR,ERR,ERR,ERR,ERR,ERR,ERR,ERR,ERR,ERR,ERR,ERR,ERR,ERR,ERR,ERR,ERR,ERR,ERR,ERR,ERR,ERR,ERR,ERR,ERR,ERR,ERR,ERR,ERR,ERR,ERR,ERR,ERR,ERR,ERR,ERR,ERR,ERR,ERR,ERR,ERR,0.0,-0.0,2.718406241862059e+23,0.0,-0.0,-0.0,0.552,2041857.75,4300,0,8,17166,4300,0.0,41,0.0,0.0,0.0,0.0,0.0,0,0,0,0,0.0,0,0,0,0,0,0,0,0,0,0,0,0,0,0,0,0,0,0,0,0,0,0,0,0,0,0,0,0,0,0,0,0,0,12,37,37,49,65476,415,65476,1,0,4,21553,0.0,-0.0,0.0,0.0,0.0,0.0,0.0,0.0,0.0,0.0,0.0,0.0,0.0,0.0,0.0,0.0,0.0,0.0,0.0,0.0,0.0,2.004,3.697062548517736e+19,-0.0,2.004,2.004,0.0,0.0,0.0,0.0,6595.0,2.4230023160510894e+24,0.0,0.0,-0.0,-107616240.0,-0.0,0.0,0.0,2.004,2.004,226,0.0,0.0,0.0,0.0,0.0,0.0,0.0,0.0,0.0,0,0,0,-3.2175648679376454e+19,-0.0,-0.0,0.0,-0.0,-0.017,0.0,-1935084748800.0,0.0,-3.1775715705329494e+25,-0.032,112890028032.0,0.0,0.0,0.0,-1.1896455684119602e+30,0,1.3516416376850534e+27,226,0.0,452,0.0,-0.0,2114,0,17110,0,17112,0,17096,0,0,0,101,100,100,2.7302335952034594e+23,64.6,0.0,65.0,0.0,65.0,1,49,50,180,52429,0,0,0,0.0,0.0,0.0,60.0,0.0,71.0,0.0,-5.238196712869924e+28,0.0,1069,0,1069,0,0,0,1070,0,1080,0,1000,0,650,0,651,0,647,0,676,0.032,1.0551537610161864e+22,0.0,0.0,10128,16813,0.0,-5.238196712869924e+28,-0.0,0.0,-0.017,-206831776.0,50.0,60.0,35,0.0,0.0,10.0,2.0,0.0,0.0,0.0,0.0,0.0,0.0,0.0,0.0,0.0,0.0,0.0,0.0,59.2,28,32,65535,27,65476,586,65476,1,0,4,20529,65476,0,0,30147,60.0,0.0,10.0,10.0,2.0,0.0
2026-02-16T12:25:02,ERR,ERR,ERR,ERR,ERR,ERR,ERR,ERR,ERR,ERR,ERR,ERR,ERR,ERR,ERR,ERR,ERR,ERR,ERR,ERR,ERR,ERR,ERR,ERR,ERR,ERR,ERR,ERR,ERR,ERR,ERR,ERR,ERR,ERR,ERR,ERR,ERR,ERR,ERR,ERR,ERR,ERR,ERR,ERR,ERR,ERR,ERR,ERR,ERR,ERR,ERR,ERR,ERR,ERR,ERR,ERR,ERR,ERR,ERR,ERR,ERR,ERR,ERR,ERR,ERR,ERR,ERR,ERR,ERR,ERR,ERR,ERR,ERR,ERR,ERR,ERR,ERR,ERR,ERR,ERR,ERR,ERR,ERR,ERR,ERR,ERR,ERR,ERR,ERR,ERR,ERR,ERR,ERR,ERR,ERR,ERR,ERR,ERR,ERR,ERR,ERR,ERR,ERR,ERR,ERR,ERR,ERR,ERR,ERR,ERR,ERR,ERR,ERR,ERR,ERR,ERR,ERR,ERR,ERR,ERR,ERR,ERR,ERR,ERR,ERR,0.0,-0.0,2.718406241862059e+23,0.0,-0.0,-0.0,0.552,2041857.75,4300,0,8,17166,4300,0.0,41,0.0,0.0,0.0,0.0,0.0,0,0,0,0,0.0,0,0,0,0,0,0,0,0,0,0,0,0,0,0,0,0,0,0,0,0,0,0,0,0,0,0,0,0,0,0,0,0,0,12,37,37,49,65476,415,65476,1,0,4,21553,0.0,-0.0,0.0,0.0,0.0,0.0,0.0,0.0,0.0,0.0,0.0,0.0,0.0,0.0,0.0,0.0,0.0,0.0,0.0,0.0,0.0,2.004,3.697062548517736e+19,-0.0,2.004,2.004,0.0,0.0,0.0,0.0,6595.0,2.4230023160510894e+24,0.0,0.0,-0.0,-107616240.0,-0.0,0.0,0.0,2.004,2.004,226,0.0,0.0,0.0,0.0,0.0,0.0,0.0,0.0,0.0,0,0,0,-3.2175648679376454e+19,-0.0,-0.0,0.0,-0.0,-0.017,0.0,-1935084748800.0,0.0,-3.1775715705329494e+25,-0.032,112890028032.0,0.0,0.0,0.0,-1.1896455684119602e+30,0,1.3516416376850534e+27,226,0.0,452,0.0,-0.0,2114,0,17110,0,17112,0,17096,0,0,0,101,100,100,2.7302335952034594e+23,64.6,0.0,65.0,0.0,65.0,1,49,50,180,52429,0,0,0,0.0,0.0,0.0,60.0,0.0,71.0,0.0,-5.238196712869924e+28,0.0,1069,0,1069,0,0,0,1070,0,1080,0,1000,0,650,0,651,0,647,0,676,0.032,1.0551537610161864e+22,0.0,0.0,10128,16813,0.0,-5.238196712869924e+28,-0.0,0.0,-0.017,-206831776.0,50.0,60.0,35,0.0,0.0,10.0,2.0,0.0,0.0,0.0,0.0,0.0,0.0,0.0,0.0,0.0,0.0,0.0,0.0,59.2,28,32,65535,27,65476,586,65476,1,0,4,20529,65476,0,0,30147,60.0,0.0,10.0,10.0,2.0,0.0
2026-02-16T12:25:03,ERR,ERR,ERR,ERR,ERR,ERR,ERR,ERR,ERR,ERR,ERR,ERR,ERR,ERR,ERR,ERR,ERR,ERR,ERR,ERR,ERR,ERR,ERR,ERR,ERR,ERR,ERR,ERR,ERR,ERR,ERR,ERR,ERR,ERR,ERR,ERR,ERR,ERR,ERR,ERR,ERR,ERR,ERR,ERR,ERR,ERR,ERR,ERR,ERR,ERR,ERR,ERR,ERR,ERR,ERR,ERR,ERR,ERR,ERR,ERR,ERR,ERR,ERR,ERR,ERR,ERR,ERR,ERR,ERR,ERR,ERR,ERR,ERR,ERR,ERR,ERR,ERR,ERR,ERR,ERR,ERR,ERR,ERR,ERR,ERR,ERR,ERR,ERR,ERR,ERR,ERR,ERR,ERR,ERR,ERR,ERR,ERR,ERR,ERR,ERR,ERR,ERR,ERR,ERR,ERR,ERR,ERR,ERR,ERR,ERR,ERR,ERR,ERR,ERR,ERR,ERR,ERR,ERR,ERR,ERR,ERR,ERR,ERR,ERR,ERR,0.0,-0.0,2.718406241862059e+23,0.0,-0.0,-0.0,0.552,2041857.75,4300,0,8,17166,4300,0.0,41,0.0,0.0,0.0,0.0,0.0,0,0,0,0,0.0,0,0,0,0,0,0,0,0,0,0,0,0,0,0,0,0,0,0,0,0,0,0,0,0,0,0,0,0,0,0,0,0,0,12,37,37,49,65476,415,65476,1,0,4,21553,0.0,-0.0,0.0,0.0,0.0,0.0,0.0,0.0,0.0,0.0,0.0,0.0,0.0,0.0,0.0,0.0,0.0,0.0,0.0,0.0,0.0,2.004,3.697062548517736e+19,-0.0,2.004,2.004,0.0,0.0,0.0,0.0,6595.0,2.4230023160510894e+24,0.0,0.0,-0.0,-107616240.0,-0.0,0.0,0.0,2.004,2.004,226,0.0,0.0,0.0,0.0,0.0,0.0,0.0,0.0,0.0,0,0,0,-3.2175648679376454e+19,-0.0,-0.0,0.0,-0.0,-0.017,0.0,-1935084748800.0,0.0,-3.1775715705329494e+25,-0.032,112890028032.0,0.0,0.0,0.0,-1.1896455684119602e+30,0,1.3516416376850534e+27,226,0.0,452,0.0,-0.0,2114,0,17110,0,17112,0,17096,0,0,0,101,100,100,2.7302335952034594e+23,64.6,0.0,65.0,0.0,65.0,1,49,50,180,52429,52429,0,0,0.0,0.0,0.0,60.0,-4.6798162237051225e+35,70.5,0.0,-0.0,0.0,1069,0,1070,0,0,0,1069,0,1080,0,999,0,650,0,651,0,647,0,676,0.032,1.4536034330083127e+22,0.0,0.0,6288,16813,-3.969453621490082e+28,-0.0,0.0,1677886553587712.0,0.0,1.2883215068278006e+23,50.0,60.0,35,0.0,0.0,10.0,2.0,0.0,0.0,0.0,0.0,0.0,0.0,0.0,0.0,0.0,0.0,0.0,0.0,58.8,25,34,2,27,65476,570,65476,1,0,4,20529,65476,0,0,30147,60.0,0.0,10.0,10.0,2.0,0.0
2026-02-16T12:25:04,ERR,ERR,ERR,ERR,ERR,ERR,ERR,ERR,ERR,ERR,ERR,ERR,ERR,ERR,ERR,ERR,ERR,ERR,ERR,ERR,ERR,ERR,ERR,ERR,ERR,ERR,ERR,ERR,ERR,ERR,ERR,ERR,ERR,ERR,ERR,ERR,ERR,ERR,ERR,ERR,ERR,ERR,ERR,ERR,ERR,ERR,ERR,ERR,ERR,ERR,ERR,ERR,ERR,ERR,ERR,ERR,ERR,ERR,ERR,ERR,ERR,ERR,ERR,ERR,ERR,ERR,ERR,ERR,ERR,ERR,ERR,ERR,ERR,ERR,ERR,ERR,ERR,ERR,ERR,ERR,ERR,ERR,ERR,ERR,ERR,ERR,ERR,ERR,ERR,ERR,ERR,ERR,ERR,ERR,ERR,ERR,ERR,ERR,ERR,ERR,ERR,ERR,ERR,ERR,ERR,ERR,ERR,ERR,ERR,ERR,ERR,ERR,ERR,ERR,ERR,ERR,ERR,ERR,ERR,ERR,ERR,ERR,ERR,ERR,ERR,0.0,-0.0,2.718406241862059e+23,0.0,-0.0,-0.0,0.552,2041857.75,4300,0,8,17166,4300,0.0,41,0.0,0.0,0.0,0.0,0.0,0,0,0,0,0.0,0,0,0,0,0,0,0,0,0,0,0,0,0,0,0,0,0,0,0,0,0,0,0,0,0,0,0,0,0,0,0,0,0,12,37,37,49,65476,415,65476,1,0,4,21553,0.0,-0.0,0.0,0.0,0.0,0.0,0.0,0.0,0.0,0.0,0.0,0.0,0.0,0.0,0.0,0.0,0.0,0.0,0.0,0.0,0.0,2.004,3.697062548517736e+19,-0.0,2.004,2.004,0.0,0.0,0.0,0.0,6595.0,2.4230023160510894e+24,0.0,0.0,-0.0,-107616240.0,-0.0,0.0,0.0,2.004,2.004,226,0.0,0.0,0.0,0.0,0.0,0.0,0.0,0.0,0.0,0,0,0,-3.2175648679376454e+19,-0.0,-0.0,0.0,-0.0,-0.017,0.0,-1935084748800.0,0.0,-3.1775715705329494e+25,-0.032,112890028032.0,0.0,0.0,0.0,-1.1896455684119602e+30,0,1.3516416376850534e+27,226,0.0,452,0.0,-0.0,2114,0,17110,0,17112,0,17096,0,0,0,101,100,100,2.7302335952034594e+23,64.6,0.0,65.0,0.0,65.0,1,49,50,180,52429,52429,0,0,0.0,0.0,0.0,60.0,-4.6798162237051225e+35,70.5,0.0,-0.0,0.0,1069,0,1070,0,0,0,1069,0,1080,0,999,0,650,0,651,0,647,0,676,0.032,1.4536034330083127e+22,0.0,0.0,6288,16813,-3.969453621490082e+28,-0.0,0.0,1677886553587712.0,0.0,1.2883215068278006e+23,50.0,60.0,35,0.0,0.0,10.0,2.0,0.0,0.0,0.0,0.0,0.0,0.0,0.0,0.0,0.0,0.0,0.0,0.0,58.8,25,35,2,27,65476,491,65476,1,0,4,20529,65476,0,0,30147,60.0,0.0,10.0,10.0,2.0,0.0
2026-02-16T12:25:05,ERR,ERR,ERR,ERR,ERR,ERR,ERR,ERR,ERR,ERR,ERR,ERR,ERR,ERR,ERR,ERR,ERR,ERR,ERR,ERR,ERR,ERR,ERR,ERR,ERR,ERR,ERR,ERR,ERR,ERR,ERR,ERR,ERR,ERR,ERR,ERR,ERR,ERR,ERR,ERR,ERR,ERR,ERR,ERR,ERR,ERR,ERR,ERR,ERR,ERR,ERR,ERR,ERR,ERR,ERR,ERR,ERR,ERR,ERR,ERR,ERR,ERR,ERR,ERR,ERR,ERR,ERR,ERR,ERR,ERR,ERR,ERR,ERR,ERR,ERR,ERR,ERR,ERR,ERR,ERR,ERR,ERR,ERR,ERR,ERR,ERR,ERR,ERR,ERR,ERR,ERR,ERR,ERR,ERR,ERR,ERR,ERR,ERR,ERR,ERR,ERR,ERR,ERR,ERR,ERR,ERR,ERR,ERR,ERR,ERR,ERR,ERR,ERR,ERR,ERR,ERR,ERR,ERR,ERR,ERR,ERR,ERR,ERR,ERR,ERR,0.0,-107616344.0,-108138576.0,0.0,-8.002010337344158e+28,-173.254,-0.0,-0.0,4300,0,8,17166,4300,0.0,41,0.0,0.0,0.0,0.0,0.0,0,0,0,0,0.0,0,0,0,0,0,0,0,0,0,0,0,0,0,0,0,0,0,0,0,0,0,0,0,0,0,0,0,0,0,0,0,0,0,12,37,37,49,65476,416,65476,1,0,4,21553,0.0,0.0,0.0,0.0,0.0,0.0,0.0,0.0,0.0,0.0,0.0,0.0,0.0,0.0,0.0,0.0,0.0,0.0,0.0,0.0,0.0,2.004,3.697062548517736e+19,-2.004,3.697074863047967e+19,2.004,0.0,0.0,0.0,0.0,6565.0,-2.4230020278207133e+24,0.0,0.0,-107616344.0,0.0,-0.0,0.0,0.0,2.004,2.004,226,0.0,-0.0,0.0,0.0,0.0,0.0,0.0,0.0,0.0,0,0,0,-451099.469,-260.515,1.5745582188877823e+33,-0.0,8.519483543321358e+34,0.0,2521174528.0,0.0,-0.0,-3.3891335889655095e+25,-0.035,120406220800.0,0.0,0.0,0.0,-0.0,0,1.3516416376850534e+27,226,0.0,452,2.40156025918058e+36,-0.235,2114,0,17110,0,17112,0,17096,0,0,0,101,100,100,2.7302335952034594e+23,64.6,0.0,65.0,0.0,65.0,1,49,50,180,52429,52429,0,0,0.0,0.0,0.0,60.0,-4.6798162237051225e+35,70.5,0.0,-0.0,0.0,1069,0,1070,0,0,0,1069,0,1080,0,999,0,650,0,651,0,647,0,676,0.032,1.4536034330083127e+22,0.0,0.0,6288,16813,-3.969453621490082e+28,-0.0,0.0,1677886553587712.0,0.0,1.2883215068278006e+23,50.0,60.0,35,0.0,0.0,10.0,2.0,0.0,0.0,0.0,0.0,0.0,0.0,0.0,0.0,0.0,0.0,0.0,0.0,58.8,25,35,2,27,65476,491,65476,1,0,4,20529,65476,0,0,30147,60.0,0.0,10.0,10.0,2.0,0.0
2026-02-16T12:25:06,ERR,ERR,ERR,ERR,ERR,ERR,ERR,ERR,ERR,ERR,ERR,ERR,ERR,ERR,ERR,ERR,ERR,ERR,ERR,ERR,ERR,ERR,ERR,ERR,ERR,ERR,ERR,ERR,ERR,ERR,ERR,ERR,ERR,ERR,ERR,ERR,ERR,ERR,ERR,ERR,ERR,ERR,ERR,ERR,ERR,ERR,ERR,ERR,ERR,ERR,ERR,ERR,ERR,ERR,ERR,ERR,ERR,ERR,ERR,ERR,ERR,ERR,ERR,ERR,ERR,ERR,ERR,ERR,ERR,ERR,ERR,ERR,ERR,ERR,ERR,ERR,ERR,ERR,ERR,ERR,ERR,ERR,ERR,ERR,ERR,ERR,ERR,ERR,ERR,ERR,ERR,ERR,ERR,ERR,ERR,ERR,ERR,ERR,ERR,ERR,ERR,ERR,ERR,ERR,ERR,ERR,ERR,ERR,ERR,ERR,ERR,ERR,ERR,ERR,ERR,ERR,ERR,ERR,ERR,ERR,ERR,ERR,ERR,ERR,ERR,0.0,-107616344.0,-108138576.0,0.0,-8.002010337344158e+28,-173.254,-0.0,-0.0,4300,0,8,17166,4300,0.0,41,0.0,0.0,0.0,0.0,0.0,0,0,0,0,0.0,0,0,0,0,0,0,0,0,0,0,0,0,0,0,0,0,0,0,0,0,0,0,0,0,0,0,0,0,0,0,0,0,0,12,37,37,49,65476,416,65476,1,0,4,21553,0.0,0.0,0.0,0.0,0.0,0.0,0.0,0.0,0.0,0.0,0.0,0.0,0.0,0.0,0.0,0.0,0.0,0.0,0.0,0.0,0.0,2.004,3.697062548517736e+19,-2.004,3.697074863047967e+19,2.004,0.0,0.0,0.0,0.0,6565.0,-2.4230020278207133e+24,0.0,0.0,-107616344.0,0.0,-0.0,0.0,0.0,2.004,2.004,226,0.0,-0.0,0.0,0.0,0.0,0.0,0.0,0.0,0.0,0,0,0,-451099.469,-260.515,1.5745582188877823e+33,-0.0,8.519483543321358e+34,0.0,2521174528.0,0.0,-0.0,-3.3891335889655095e+25,-0.035,120406220800.0,0.0,0.0,0.0,-0.0,0,1.3516416376850534e+27,226,0.0,452,2.40156025918058e+36,-0.235,2114,52429,17109,0,17112,52429,17095,0,0,0,101,100,100,2.7302335952034594e+23,64.6,0.0,65.0,0.0,65.0,1,49,50,180,52429,52429,0,0,0.0,0.0,0.0,60.0,-1.3853790434884583e+19,70.5,0.0,1.3942625535738913e+29,0.0,1070,0,1069,0,0,0,1069,0,1080,0,1000,0,650,0,651,0,647,0,676,0.032,1.1805916207174113e+22,0.0,0.0,15248,16813,-9.520252294954705e+29,1.3942625535738913e+29,0.0,-0.0,0.0,68853776384.0,50.0,60.0,35,0.0,0.0,10.0,2.0,0.0,0.0,0.0,0.0,0.0,0.0,0.0,0.0,0.0,0.0,0.0,0.0,58.8,24,36,3,27,65476,485,65476,1,0,4,20529,65476,0,0,30147,60.0,0.0,10.0,10.0,2.0,0.0
2026-02-16T12:25:07,ERR,ERR,ERR,ERR,ERR,ERR,ERR,ERR,ERR,ERR,ERR,ERR,ERR,ERR,ERR,ERR,ERR,ERR,ERR,ERR,ERR,ERR,ERR,ERR,ERR,ERR,ERR,ERR,ERR,ERR,ERR,ERR,ERR,ERR,ERR,ERR,ERR,ERR,ERR,ERR,ERR,ERR,ERR,ERR,ERR,ERR,ERR,ERR,ERR,ERR,ERR,ERR,ERR,ERR,ERR,ERR,ERR,ERR,ERR,ERR,ERR,ERR,ERR,ERR,ERR,ERR,ERR,ERR,ERR,ERR,ERR,ERR,ERR,ERR,ERR,ERR,ERR,ERR,ERR,ERR,ERR,ERR,ERR,ERR,ERR,ERR,ERR,ERR,ERR,ERR,ERR,ERR,ERR,ERR,ERR,ERR,ERR,ERR,ERR,ERR,ERR,ERR,ERR,ERR,ERR,ERR,ERR,ERR,ERR,ERR,ERR,ERR,ERR,ERR,ERR,ERR,ERR,ERR,ERR,ERR,ERR,ERR,ERR,ERR,ERR,0.0,-107616344.0,-108138576.0,0.0,-8.002010337344158e+28,-173.254,-0.0,-0.0,4300,0,8,17166,4300,0.0,41,0.0,0.0,0.0,0.0,0.0,0,0,0,0,0.0,0,0,0,0,0,0,0,0,0,0,0,0,0,0,0,0,0,0,0,0,0,0,0,0,0,0,0,0,0,0,0,0,0,12,37,37,49,65476,416,65476,1,0,4,21553,0.0,0.0,0.0,0.0,0.0,0.0,0.0,0.0,0.0,0.0,0.0,0.0,0.0,0.0,0.0,0.0,0.0,0.0,0.0,0.0,0.0,2.004,3.697062548517736e+19,-2.004,3.697074863047967e+19,2.004,0.0,0.0,0.0,0.0,6565.0,-2.4230020278207133e+24,0.0,0.0,-107616344.0,0.0,-0.0,0.0,0.0,2.004,2.004,226,0.0,-0.0,0.0,0.0,0.0,0.0,0.0,0.0,0.0,0,0,0,-451099.469,-260.515,1.5745582188877823e+33,-0.0,8.519483543321358e+34,0.0,2521174528.0,0.0,-0.0,-3.3891335889655095e+25,-0.035,120406220800.0,0.0,0.0,0.0,-0.0,0,1.3516416376850534e+27,226,0.0,452,2.40156025918058e+36,-0.235,2114,52429,17109,0,17112,52429,17095,0,0,0,101,100,100,2.7302335952034594e+23,64.6,0.0,65.0,0.0,65.0,1,49,50,180,52429,52429,0,0,0.0,0.0,0.0,60.0,-1.3853790434884583e+19,70.5,0.0,1.3942625535738913e+29,0.0,1070,0,1069,0,0,0,1069,0,1080,0,1000,0,650,0,651,0,647,0,676,0.032,1.1805916207174113e+22,0.0,0.0,15248,16813,-9.520252294954705e+29,1.3942625535738913e+29,0.0,-0.0,0.0,68853776384.0,50.0,60.0,35,0.0,0.0,10.0,2.0,0.0,0.0,0.0,0.0,0.0,0.0,0.0,0.0,0.0,0.0,0.0,0.0,58.8,24,36,3,27,65476,485,65476,1,0,4,20529,65476,0,0,30147,60.0,0.0,10.0,10.0,2.0,0.0
2026-02-16T12:25:08,ERR,ERR,ERR,ERR,ERR,ERR,ERR,ERR,ERR,ERR,ERR,ERR,ERR,ERR,ERR,ERR,ERR,ERR,ERR,ERR,ERR,ERR,ERR,ERR,ERR,ERR,ERR,ERR,ERR,ERR,ERR,ERR,ERR,ERR,ERR,ERR,ERR,ERR,ERR,ERR,ERR,ERR,ERR,ERR,ERR,ERR,ERR,ERR,ERR,ERR,ERR,ERR,ERR,ERR,ERR,ERR,ERR,ERR,ERR,ERR,ERR,ERR,ERR,ERR,ERR,ERR,ERR,ERR,ERR,ERR,ERR,ERR,ERR,ERR,ERR,ERR,ERR,ERR,ERR,ERR,ERR,ERR,ERR,ERR,ERR,ERR,ERR,ERR,ERR,ERR,ERR,ERR,ERR,ERR,ERR,ERR,ERR,ERR,ERR,ERR,ERR,ERR,ERR,ERR,ERR,ERR,ERR,ERR,ERR,ERR,ERR,ERR,ERR,ERR,ERR,ERR,ERR,ERR,ERR,ERR,ERR,ERR,ERR,ERR,ERR,0.0,-107616344.0,-108138576.0,0.0,-8.002010337344158e+28,-173.254,-0.0,-0.0,4300,0,8,17166,4300,0.0,41,0.0,0.0,0.0,0.0,0.0,0,0,0,0,0.0,0,0,0,0,0,0,0,0,0,0,0,0,0,0,0,0,0,0,0,0,0,0,0,0,0,0,0,0,0,0,0,0,0,12,37,37,49,65476,416,65476,1,0,4,21553,0.0,0.0,0.0,0.0,0.0,0.0,0.0,0.0,0.0,0.0,0.0,0.0,0.0,0.0,0.0,0.0,0.0,0.0,0.0,0.0,0.0,2.004,3.697062548517736e+19,-2.004,3.697074863047967e+19,2.004,0.0,0.0,0.0,0.0,6565.0,-2.4230020278207133e+24,0.0,0.0,-107616344.0,0.0,-0.0,0.0,0.0,2.004,2.004,226,0.0,-0.0,0.0,0.0,0.0,0.0,0.0,0.0,0.0,0,0,0,-451099.469,-260.515,1.5745582188877823e+33,-0.0,8.519483543321358e+34,0.0,2521174528.0,0.0,-0.0,-3.3891335889655095e+25,-0.035,120406220800.0,0.0,0.0,0.0,-0.0,0,1.3516416376850534e+27,226,0.0,452,2.40156025918058e+36,-0.235,2114,52429,17109,0,17112,52429,17095,0,0,0,101,100,100,2.7302335952034594e+23,64.6,0.0,65.0,0.0,65.0,1,49,50,180,52429,52429,0,0,0.0,0.0,0.0,60.0,-1.3853790434884583e+19,70.5,0.0,1.3942625535738913e+29,0.0,1070,0,1069,0,0,0,1069,0,1080,0,1000,0,650,0,651,0,647,0,676,0.032,1.1805916207174113e+22,0.0,0.0,15248,16813,-9.520252294954705e+29,1.3942625535738913e+29,0.0,-0.0,0.0,68853776384.0,50.0,60.0,35,0.0,0.0,10.0,2.0,0.0,0.0,0.0,0.0,0.0,0.0,0.0,0.0,0.0,0.0,0.0,0.0,58.8,24,36,3,27,65476,469,65476,1,0,4,20529,65476,0,0,30147,60.0,0.0,10.0,10.0,2.0,0.0
2026-02-16T12:25:09,ERR,ERR,ERR,ERR,ERR,ERR,ERR,ERR,ERR,ERR,ERR,ERR,ERR,ERR,ERR,ERR,ERR,ERR,ERR,ERR,ERR,ERR,ERR,ERR,ERR,ERR,ERR,ERR,ERR,ERR,ERR,ERR,ERR,ERR,ERR,ERR,ERR,ERR,ERR,ERR,ERR,ERR,ERR,ERR,ERR,ERR,ERR,ERR,ERR,ERR,ERR,ERR,ERR,ERR,ERR,ERR,ERR,ERR,ERR,ERR,ERR,ERR,ERR,ERR,ERR,ERR,ERR,ERR,ERR,ERR,ERR,ERR,ERR,ERR,ERR,ERR,ERR,ERR,ERR,ERR,ERR,ERR,ERR,ERR,ERR,ERR,ERR,ERR,ERR,ERR,ERR,ERR,ERR,ERR,ERR,ERR,ERR,ERR,ERR,ERR,ERR,ERR,ERR,ERR,ERR,ERR,ERR,ERR,ERR,ERR,ERR,ERR,ERR,ERR,ERR,ERR,ERR,ERR,ERR,ERR,ERR,ERR,ERR,ERR,ERR,0.0,-107616344.0,-108138576.0,0.0,-8.002010337344158e+28,-173.254,-0.0,-0.0,4300,0,8,17166,4300,0.0,41,0.0,0.0,0.0,0.0,0.0,0,0,0,0,0.0,0,0,0,0,0,0,0,0,0,0,0,0,0,0,0,0,0,0,0,0,0,0,0,0,0,0,0,0,0,0,0,0,0,12,37,37,49,65476,416,65476,1,0,4,21553,0.0,0.0,0.0,0.0,0.0,0.0,0.0,0.0,0.0,0.0,0.0,0.0,0.0,0.0,0.0,0.0,0.0,0.0,0.0,0.0,0.0,2.004,3.697062548517736e+19,-2.004,3.697074863047967e+19,2.004,0.0,0.0,0.0,0.0,6565.0,-2.4230020278207133e+24,0.0,0.0,-107616344.0,0.0,-0.0,0.0,0.0,2.004,2.004,226,0.0,-0.0,0.0,0.0,0.0,0.0,0.0,0.0,0.0,0,0,0,-451099.469,-260.515,1.5745582188877823e+33,-0.0,8.519483543321358e+34,0.0,2521174528.0,0.0,-0.0,-3.3891335889655095e+25,-0.035,120406220800.0,0.0,0.0,0.0,-0.0,0,1.3516416376850534e+27,226,0.0,452,2.40156025918058e+36,-0.235,2114,52429,17109,0,17112,52429,17095,0,0,0,101,100,100,2.7302335952034594e+23,64.6,0.0,65.0,0.0,65.0,1,49,50,180,52429,52429,0,0,0.0,0.0,0.0,60.0,-1.3853790434884583e+19,70.5,0.0,1.3942625535738913e+29,0.0,1070,0,1069,0,0,0,1069,0,1080,0,1000,0,650,0,651,0,647,0,676,0.032,1.1805916207174113e+22,0.0,0.0,15248,16813,-9.520252294954705e+29,1.3942625535738913e+29,0.0,-0.0,0.0,68853776384.0,50.0,60.0,35,0.0,0.0,10.0,2.0,0.0,0.0,0.0,0.0,0.0,0.0,0.0,0.0,0.0,0.0,0.0,0.0,58.8,24,35,3,27,65476,469,65476,1,0,4,20529,65476,0,0,30147,60.0,0.0,10.0,10.0,2.0,0.0
2026-02-16T12:25:10,ERR,ERR,ERR,ERR,ERR,ERR,ERR,ERR,ERR,ERR,ERR,ERR,ERR,ERR,ERR,ERR,ERR,ERR,ERR,ERR,ERR,ERR,ERR,ERR,ERR,ERR,ERR,ERR,ERR,ERR,ERR,ERR,ERR,ERR,ERR,ERR,ERR,ERR,ERR,ERR,ERR,ERR,ERR,ERR,ERR,ERR,ERR,ERR,ERR,ERR,ERR,ERR,ERR,ERR,ERR,ERR,ERR,ERR,ERR,ERR,ERR,ERR,ERR,ERR,ERR,ERR,ERR,ERR,ERR,ERR,ERR,ERR,ERR,ERR,ERR,ERR,ERR,ERR,ERR,ERR,ERR,ERR,ERR,ERR,ERR,ERR,ERR,ERR,ERR,ERR,ERR,ERR,ERR,ERR,ERR,ERR,ERR,ERR,ERR,ERR,ERR,ERR,ERR,ERR,ERR,ERR,ERR,ERR,ERR,ERR,ERR,ERR,ERR,ERR,ERR,ERR,ERR,ERR,ERR,ERR,ERR,ERR,ERR,ERR,ERR,0.0,-107616344.0,-108138576.0,0.0,-8.002010337344158e+28,-0.0,6483678871945216.0,-0.0,4300,0,8,17166,4300,0.0,41,0.0,0.0,0.0,0.0,0.0,0,0,0,0,0.0,0,0,0,0,0,0,0,0,0,0,0,0,0,0,0,0,0,0,0,0,0,0,0,0,0,0,0,0,0,0,0,0,0,11,38,37,49,65476,415,65476,1,0,4,21553,0.0,0.0,0.0,0.0,0.0,0.0,0.0,0.0,0.0,0.0,0.0,0.0,0.0,0.0,0.0,0.0,0.0,0.0,0.0,0.0,0.0,2.004,3.697062548517736e+19,-2.004,-0.0,3.697076622266571e+19,0.0,0.0,0.0,0.0,6568.0,0.0,0.0,0.0,-107616344.0,0.0,-0.0,0.0,0.0,2.004,2.004,227,89220.57,126841020416.0,0.0,0.0,0.0,0.0,0.0,0.0,0.0,0,0,0,-0.63,-0.044,7.854023536587083e+30,-0.0,1.7869892248051693e+34,1.662108161216554e+22,0.0,-0.0,-8242801376493568.0,-3.555360889162521e+25,-0.038,127385542656.0,0.0,0.0,0.0,-0.0,0,1.3516416376850534e+27,227,0.0,454,-74360974999552.0,-1814069632.0,2114,52429,17109,0,17112,0,17096,0,0,0,101,100,100,2.7302335952034594e+23,64.6,0.0,65.0,0.0,65.0,1,49,50,180,52429,52429,0,0,0.0,0.0,0.0,60.0,-2.7957614150976313e+26,70.5,0.0,1.6035599375477589e+28,0.0,1070,0,1069,0,0,0,1069,0,1080,0,1000,0,650,0,651,0,647,0,676,0.032,1.3429229685660554e+22,0.0,0.0,25232,16813,-2.7957614150976313e+26,1.6035599375477589e+28,-4.486486830664315e+34,-25.969,0.0,90.625,50.0,60.0,35,0.0,0.0,10.0,2.0,0.0,0.0,0.0,0.0,0.0,0.0,0.0,0.0,0.0,0.0,0.0,0.0,58.8,24,35,3,27,65476,469,65476,1,0,4,20529,65476,0,0,30147,60.0,0.0,10.0,10.0,2.0,0.0
2026-02-16T12:25:11,ERR,ERR,ERR,ERR,ERR,ERR,ERR,ERR,ERR,ERR,ERR,ERR,ERR,ERR,ERR,ERR,ERR,ERR,ERR,ERR,ERR,ERR,ERR,ERR,ERR,ERR,ERR,ERR,ERR,ERR,ERR,ERR,ERR,ERR,ERR,ERR,ERR,ERR,ERR,ERR,ERR,ERR,ERR,ERR,ERR,ERR,ERR,ERR,ERR,ERR,ERR,ERR,ERR,ERR,ERR,ERR,ERR,ERR,ERR,ERR,ERR,ERR,ERR,ERR,ERR,ERR,ERR,ERR,ERR,ERR,ERR,ERR,ERR,ERR,ERR,ERR,ERR,ERR,ERR,ERR,ERR,ERR,ERR,ERR,ERR,ERR,ERR,ERR,ERR,ERR,ERR,ERR,ERR,ERR,ERR,ERR,ERR,ERR,ERR,ERR,ERR,ERR,ERR,ERR,ERR,ERR,ERR,ERR,ERR,ERR,ERR,ERR,ERR,ERR,ERR,ERR,ERR,ERR,ERR,ERR,ERR,ERR,ERR,ERR,ERR,0.0,-107616344.0,-108138576.0,0.0,-8.002010337344158e+28,-0.0,6483678871945216.0,-0.0,4300,0,8,17166,4300,0.0,41,0.0,0.0,0.0,0.0,0.0,0,0,0,0,0.0,0,0,0,0,0,0,0,0,0,0,0,0,0,0,0,0,0,0,0,0,0,0,0,0,0,0,0,0,0,0,0,0,0,11,38,37,49,65476,415,65476,1,0,4,21553,0.0,0.0,0.0,0.0,0.0,0.0,0.0,0.0,0.0,0.0,0.0,0.0,0.0,0.0,0.0,0.0,0.0,0.0,0.0,0.0,0.0,2.004,3.697062548517736e+19,-2.004,-0.0,3.697076622266571e+19,0.0,0.0,0.0,0.0,6568.0,0.0,0.0,0.0,-107616344.0,0.0,-0.0,0.0,0.0,2.004,2.004,227,89220.57,126841020416.0,0.0,0.0,0.0,0.0,0.0,0.0,0.0,0,0,0,-0.63,-0.044,7.854023536587083e+30,-0.0,1.7869892248051693e+34,1.662108161216554e+22,0.0,-0.0,-8242801376493568.0,-3.555360889162521e+25,-0.038,127385542656.0,0.0,0.0,0.0,-0.0,0,1.3516416376850534e+27,227,0.0,454,-74360974999552.0,-1814069632.0,2114,52429,17109,0,17112,0,17096,0,0,0,101,100,100,2.7302335952034594e+23,64.6,0.0,65.0,0.0,65.0,1,49,50,180,52429,52429,0,0,0.0,0.0,0.0,60.0,-2.7957614150976313e+26,70.5,0.0,1.6035599375477589e+28,0.0,1070,0,1069,0,0,0,1069,0,1080,0,1000,0,650,0,651,0,647,0,676,0.032,1.3429229685660554e+22,0.0,0.0,25232,16813,-2.7957614150976313e+26,1.6035599375477589e+28,-4.486486830664315e+34,-25.969,0.0,90.625,50.0,60.0,35,0.0,0.0,10.0,2.0,0.0,0.0,0.0,0.0,0.0,0.0,0.0,0.0,0.0,0.0,0.0,0.0,58.8,26,34,2,27,65476,483,65476,1,0,4,20529,65476,0,0,30147,60.0,0.0,10.0,10.0,2.0,0.0
2026-02-16T12:25:12,ERR,ERR,ERR,ERR,ERR,ERR,ERR,ERR,ERR,ERR,ERR,ERR,ERR,ERR,ERR,ERR,ERR,ERR,ERR,ERR,ERR,ERR,ERR,ERR,ERR,ERR,ERR,ERR,ERR,ERR,ERR,ERR,ERR,ERR,ERR,ERR,ERR,ERR,ERR,ERR,ERR,ERR,ERR,ERR,ERR,ERR,ERR,ERR,ERR,ERR,ERR,ERR,ERR,ERR,ERR,ERR,ERR,ERR,ERR,ERR,ERR,ERR,ERR,ERR,ERR,ERR,ERR,ERR,ERR,ERR,ERR,ERR,ERR,ERR,ERR,ERR,ERR,ERR,ERR,ERR,ERR,ERR,ERR,ERR,ERR,ERR,ERR,ERR,ERR,ERR,ERR,ERR,ERR,ERR,ERR,ERR,ERR,ERR,ERR,ERR,ERR,ERR,ERR,ERR,ERR,ERR,ERR,ERR,ERR,ERR,ERR,ERR,ERR,ERR,ERR,ERR,ERR,ERR,ERR,ERR,ERR,ERR,ERR,ERR,ERR,0.0,-107616344.0,-108138576.0,0.0,-8.002010337344158e+28,-0.0,6483678871945216.0,-0.0,4300,0,8,17166,4300,0.0,41,0.0,0.0,0.0,0.0,0.0,0,0,0,0,0.0,0,0,0,0,0,0,0,0,0,0,0,0,0,0,0,0,0,0,0,0,0,0,0,0,0,0,0,0,0,0,0,0,0,11,38,37,49,65476,415,65476,1,0,4,21553,0.0,0.0,0.0,0.0,0.0,0.0,0.0,0.0,0.0,0.0,0.0,0.0,0.0,0.0,0.0,0.0,0.0,0.0,0.0,0.0,0.0,2.004,3.697062548517736e+19,-2.004,-0.0,3.697076622266571e+19,0.0,0.0,0.0,0.0,6568.0,0.0,0.0,0.0,-107616344.0,0.0,-0.0,0.0,0.0,2.004,2.004,227,89220.57,126841020416.0,0.0,0.0,0.0,0.0,0.0,0.0,0.0,0,0,0,-0.63,-0.044,7.854023536587083e+30,-0.0,1.7869892248051693e+34,1.662108161216554e+22,0.0,-0.0,-8242801376493568.0,-3.555360889162521e+25,-0.038,127385542656.0,0.0,0.0,0.0,-0.0,0,1.3516416376850534e+27,227,0.0,454,-74360974999552.0,-1814069632.0,2114,52429,17109,0,17112,0,17096,0,0,0,101,100,100,2.7302335952034594e+23,64.6,0.0,65.0,0.0,65.0,1,49,50,180,52429,52429,0,0,0.0,0.0,0.0,60.0,-2.7957614150976313e+26,70.5,0.0,1.6035599375477589e+28,0.0,1070,0,1069,0,0,0,1069,0,1080,0,1000,0,650,0,651,0,647,0,676,0.032,1.3429229685660554e+22,0.0,0.0,25232,16813,-2.7957614150976313e+26,1.6035599375477589e+28,-4.486486830664315e+34,-25.969,0.0,90.625,50.0,60.0,35,0.0,0.0,10.0,2.0,0.0,0.0,0.0,0.0,0.0,0.0,0.0,0.0,0.0,0.0,0.0,0.0,58.8,26,34,2,27,65476,483,65476,1,0,4,20529,65476,0,0,30147,60.0,0.0,10.0,10.0,2.0,0.0
2026-02-16T12:25:13,ERR,ERR,ERR,ERR,ERR,ERR,ERR,ERR,ERR,ERR,ERR,ERR,ERR,ERR,ERR,ERR,ERR,ERR,ERR,ERR,ERR,ERR,ERR,ERR,ERR,ERR,ERR,ERR,ERR,ERR,ERR,ERR,ERR,ERR,ERR,ERR,ERR,ERR,ERR,ERR,ERR,ERR,ERR,ERR,ERR,ERR,ERR,ERR,ERR,ERR,ERR,ERR,ERR,ERR,ERR,ERR,ERR,ERR,ERR,ERR,ERR,ERR,ERR,ERR,ERR,ERR,ERR,ERR,ERR,ERR,ERR,ERR,ERR,ERR,ERR,ERR,ERR,ERR,ERR,ERR,ERR,ERR,ERR,ERR,ERR,ERR,ERR,ERR,ERR,ERR,ERR,ERR,ERR,ERR,ERR,ERR,ERR,ERR,ERR,ERR,ERR,ERR,ERR,ERR,ERR,ERR,ERR,ERR,ERR,ERR,ERR,ERR,ERR,ERR,ERR,ERR,ERR,ERR,ERR,ERR,ERR,ERR,ERR,ERR,ERR,0.0,-107616344.0,-108138576.0,0.0,-8.002010337344158e+28,-0.0,6483678871945216.0,-0.0,4300,0,8,17166,4300,0.0,41,0.0,0.0,0.0,0.0,0.0,0,0,0,0,0.0,0,0,0,0,0,0,0,0,0,0,0,0,0,0,0,0,0,0,0,0,0,0,0,0,0,0,0,0,0,0,0,0,0,11,38,37,49,65476,415,65476,1,0,4,21553,0.0,0.0,0.0,0.0,0.0,0.0,0.0,0.0,0.0,0.0,0.0,0.0,0.0,0.0,0.0,0.0,0.0,0.0,0.0,0.0,0.0,2.004,3.697062548517736e+19,-2.004,-0.0,3.697076622266571e+19,0.0,0.0,0.0,0.0,6568.0,0.0,0.0,0.0,-107616344.0,0.0,-0.0,0.0,0.0,2.004,2.004,227,89220.57,126841020416.0,0.0,0.0,0.0,0.0,0.0,0.0,0.0,0,0,0,-0.63,-0.044,7.854023536587083e+30,-0.0,1.7869892248051693e+34,1.662108161216554e+22,0.0,-0.0,-8242801376493568.0,-3.555360889162521e+25,-0.038,127385542656.0,0.0,0.0,0.0,-0.0,0,1.3516416376850534e+27,227,0.0,454,-74360974999552.0,-1814069632.0,2114,52429,17109,0,17112,0,17096,0,0,0,101,100,100,2.7302335952034594e+23,64.6,0.0,65.0,0.0,65.0,1,49,50,180,0,0,0,0,0.0,0.0,0.0,60.0,0.0,71.0,0.0,1344318592.0,0.0,1070,0,1069,0,0,0,1069,0,1080,0,1000,0,650,0,651,0,647,0,676,0.032,1.4536034330083127e+22,0.0,0.0,37520,16813,0.0,12969141248.0,49348756.0,-1.7265414707078182e+20,1.249124301370192e+24,-0.0,50.0,60.0,35,0.0,0.0,10.0,2.0,0.0,0.0,0.0,0.0,0.0,0.0,0.0,0.0,0.0,0.0,0.0,0.0,58.8,27,33,0,27,65476,522,65476,1,0,4,20529,65476,0,0,30147,60.0,0.0,10.0,10.0,2.0,0.0
2026-02-16T12:25:14,ERR,ERR,ERR,ERR,ERR,ERR,ERR,ERR,ERR,ERR,ERR,ERR,ERR,ERR,ERR,ERR,ERR,ERR,ERR,ERR,ERR,ERR,ERR,ERR,ERR,ERR,ERR,ERR,ERR,ERR,ERR,ERR,ERR,ERR,ERR,ERR,ERR,ERR,ERR,ERR,ERR,ERR,ERR,ERR,ERR,ERR,ERR,ERR,ERR,ERR,ERR,ERR,ERR,ERR,ERR,ERR,ERR,ERR,ERR,ERR,ERR,ERR,ERR,ERR,ERR,ERR,ERR,ERR,ERR,ERR,ERR,ERR,ERR,ERR,ERR,ERR,ERR,ERR,ERR,ERR,ERR,ERR,ERR,ERR,ERR,ERR,ERR,ERR,ERR,ERR,ERR,ERR,ERR,ERR,ERR,ERR,ERR,ERR,ERR,ERR,ERR,ERR,ERR,ERR,ERR,ERR,ERR,ERR,ERR,ERR,ERR,ERR,ERR,ERR,ERR,ERR,ERR,ERR,ERR,ERR,ERR,ERR,ERR,ERR,ERR,0.0,-107616344.0,-108138576.0,0.0,-8.002010337344158e+28,-0.0,6483678871945216.0,-0.0,4300,0,8,17166,4300,0.0,41,0.0,0.0,0.0,0.0,0.0,0,0,0,0,0.0,0,0,0,0,0,0,0,0,0,0,0,0,0,0,0,0,0,0,0,0,0,0,0,0,0,0,0,0,0,0,0,0,0,11,38,37,49,65476,415,65476,1,0,4,21553,0.0,0.0,0.0,0.0,0.0,0.0,0.0,0.0,0.0,0.0,0.0,0.0,0.0,0.0,0.0,0.0,0.0,0.0,0.0,0.0,0.0,2.004,3.697062548517736e+19,-2.004,-0.0,3.697076622266571e+19,0.0,0.0,0.0,0.0,6568.0,0.0,0.0,0.0,-107616344.0,0.0,-0.0,0.0,0.0,2.004,2.004,227,89220.57,126841020416.0,0.0,0.0,0.0,0.0,0.0,0.0,0.0,0,0,0,-0.63,-0.044,7.854023536587083e+30,-0.0,1.7869892248051693e+34,1.662108161216554e+22,0.0,-0.0,-8242801376493568.0,-3.555360889162521e+25,-0.038,127385542656.0,0.0,0.0,0.0,-0.0,0,1.3516416376850534e+27,227,0.0,454,-74360974999552.0,-1814069632.0,2114,52429,17109,0,17112,0,17096,0,0,0,101,100,100,2.7302335952034594e+23,64.6,0.0,65.0,0.0,65.0,1,49,50,180,0,0,0,0,0.0,0.0,0.0,60.0,0.0,71.0,0.0,1344318592.0,0.0,1070,0,1069,0,0,0,1069,0,1080,0,1000,0,650,0,651,0,647,0,676,0.032,1.4536034330083127e+22,0.0,0.0,37520,16813,0.0,12969141248.0,49348756.0,-1.7265414707078182e+20,1.249124301370192e+24,-0.0,50.0,60.0,35,0.0,0.0,10.0,2.0,0.0,0.0,0.0,0.0,0.0,0.0,0.0,0.0,0.0,0.0,0.0,0.0,59.2,27,32,0,27,65476,522,65476,1,0,4,20529,65476,0,0,30147,60.0,0.0,10.0,10.0,2.0,0.0
2026-02-16T12:25:15,ERR,ERR,ERR,ERR,ERR,ERR,ERR,ERR,ERR,ERR,ERR,ERR,ERR,ERR,ERR,ERR,ERR,ERR,ERR,ERR,ERR,ERR,ERR,ERR,ERR,ERR,ERR,ERR,ERR,ERR,ERR,ERR,ERR,ERR,ERR,ERR,ERR,ERR,ERR,ERR,ERR,ERR,ERR,ERR,ERR,ERR,ERR,ERR,ERR,ERR,ERR,ERR,ERR,ERR,ERR,ERR,ERR,ERR,ERR,ERR,ERR,ERR,ERR,ERR,ERR,ERR,ERR,ERR,ERR,ERR,ERR,ERR,ERR,ERR,ERR,ERR,ERR,ERR,ERR,ERR,ERR,ERR,ERR,ERR,ERR,ERR,ERR,ERR,ERR,ERR,ERR,ERR,ERR,ERR,ERR,ERR,ERR,ERR,ERR,ERR,ERR,ERR,ERR,ERR,ERR,ERR,ERR,ERR,ERR,ERR,ERR,ERR,ERR,ERR,ERR,ERR,ERR,ERR,ERR,ERR,ERR,ERR,ERR,ERR,ERR,0.0,-107616344.0,-108138576.0,0.0,-8.002010337344158e+28,-1.093923110998396e+22,-0.0,8.636574319468256e+27,4300,0,8,17166,4300,0.0,41,0.0,0.0,0.0,0.0,0.0,0,0,0,0,0.0,0,0,0,0,0,0,0,0,0,0,0,0,0,0,0,0,0,0,0,0,0,0,0,0,0,0,0,0,0,0,0,0,0,11,38,37,49,65476,416,65476,1,0,4,21553,0.0,-0.0,0.0,0.0,0.0,0.0,0.0,0.0,0.0,0.0,0.0,0.0,0.0,0.0,-2.600982585120823e+33,0.0,0.0,0.0,0.0,0.0,0.0,2.004,3.697062548517736e+19,-3.697081460117733e+19,-0.0,-0.0,0.0,0.0,0.0,0.0,6530.0,-0.0,0.0,0.0,-2.7184525388662284e+23,2.7184503771384073e+23,-107616272.0,0.0,0.0,2.004,2.004,228,0.0,-2.7184278591402704e+23,0.0,0.0,0.0,0.0,0.0,0.0,0.0,0,0,0,-61507.434,1247751831552.0,1.1649680678876216e+30,-21.032,-0.0,-230956896.0,4.118620229069594e+25,0.0,-0.0,-3.7518113348498982e+25,-0.041,133827993600.0,0.0,0.0,0.0,-0.0,0,1.3516416376850534e+27,228,0.0,456,0.0,5.5413446501399e+19,2114,52429,17109,0,17112,0,17096,0,0,0,101,100,100,2.7302335952034594e+23,64.6,0.0,65.0,0.0,65.0,1,49,50,180,0,0,0,0,0.0,0.0,0.0,60.0,0.0,71.0,0.0,1344318592.0,0.0,1070,0,1069,0,0,0,1069,0,1080,0,1000,0,650,0,651,0,647,0,676,0.032,1.4536034330083127e+22,0.0,0.0,37520,16813,0.0,12969141248.0,49348756.0,-1.7265414707078182e+20,1.249124301370192e+24,-0.0,50.0,60.0,35,0.0,0.0,10.0,2.0,0.0,0.0,0.0,0.0,0.0,0.0,0.0,0.0,0.0,0.0,0.0,0.0,59.2,27,32,0,27,65476,522,65476,1,0,4,20529,65476,0,0,30147,60.0,0.0,10.0,10.0,2.0,0.0
2026-02-16T12:25:16,ERR,ERR,ERR,ERR,ERR,ERR,ERR,ERR,ERR,ERR,ERR,ERR,ERR,ERR,ERR,ERR,ERR,ERR,ERR,ERR,ERR,ERR,ERR,ERR,ERR,ERR,ERR,ERR,ERR,ERR,ERR,ERR,ERR,ERR,ERR,ERR,ERR,ERR,ERR,ERR,ERR,ERR,ERR,ERR,ERR,ERR,ERR,ERR,ERR,ERR,ERR,ERR,ERR,ERR,ERR,ERR,ERR,ERR,ERR,ERR,ERR,ERR,ERR,ERR,ERR,ERR,ERR,ERR,ERR,ERR,ERR,ERR,ERR,ERR,ERR,ERR,ERR,ERR,ERR,ERR,ERR,ERR,ERR,ERR,ERR,ERR,ERR,ERR,ERR,ERR,ERR,ERR,ERR,ERR,ERR,ERR,ERR,ERR,ERR,ERR,ERR,ERR,ERR,ERR,ERR,ERR,ERR,ERR,ERR,ERR,ERR,ERR,ERR,ERR,ERR,ERR,ERR,ERR,ERR,ERR,ERR,ERR,ERR,ERR,ERR,0.0,-107616344.0,-108138576.0,0.0,-8.002010337344158e+28,-1.093923110998396e+22,-0.0,8.636574319468256e+27,4300,0,8,17166,4300,0.0,41,0.0,0.0,0.0,0.0,0.0,0,0,0,0,0.0,0,0,0,0,0,0,0,0,0,0,0,0,0,0,0,0,0,0,0,0,0,0,0,0,0,0,0,0,0,0,0,0,0,11,38,37,49,65476,416,65476,1,0,4,21553,0.0,-0.0,0.0,0.0,0.0,0.0,0.0,0.0,0.0,0.0,0.0,0.0,0.0,0.0,-2.600982585120823e+33,0.0,0.0,0.0,0.0,0.0,0.0,2.004,3.697062548517736e+19,-3.697081460117733e+19,-0.0,-0.0,0.0,0.0,0.0,0.0,6530.0,-0.0,0.0,0.0,-2.7184525388662284e+23,2.7184503771384073e+23,-107616272.0,0.0,0.0,2.004,2.004,228,0.0,-2.7184278591402704e+23,0.0,0.0,0.0,0.0,0.0,0.0,0.0,0,0,0,-61507.434,1247751831552.0,1.1649680678876216e+30,-21.032,-0.0,-230956896.0,4.118620229069594e+25,0.0,-0.0,-3.7518113348498982e+25,-0.041,133827993600.0,0.0,0.0,0.0,-0.0,0,1.3516416376850534e+27,228,0.0,456,0.0,5.5413446501399e+19,2114,52429,17109,0,17112,0,17096,0,0,0,101,100,100,2.7302335952034594e+23,64.7,2.7302337753474445e+23,65.0,0.0,65.0,1,49,50,180,0,0,0,0,0.0,0.0,0.0,60.0,0.0,71.0,0.0,0.0,0.0,1070,0,1070,0,0,0,1069,0,1080,0,1000,0,650,0,652,0,647,0,676,0.032,1.4093312472314097e+22,0.0,0.0,21392,16813,0.0,0.0,1866975710019584.0,-0.004,1.941076735641056e+34,-0.0,50.0,60.0,35,0.0,0.0,10.0,2.0,0.0,0.0,0.0,0.0,0.0,0.0,0.0,0.0,0.0,0.0,0.0,0.0,59.2,29,31,65534,27,65476,574,65476,1,0,4,20529,65476,0,0,30147,60.0,0.0,10.0,10.0,2.0,0.0
2026-02-16T12:25:17,ERR,ERR,ERR,ERR,ERR,ERR,ERR,ERR,ERR,ERR,ERR,ERR,ERR,ERR,ERR,ERR,ERR,ERR,ERR,ERR,ERR,ERR,ERR,ERR,ERR,ERR,ERR,ERR,ERR,ERR,ERR,ERR,ERR,ERR,ERR,ERR,ERR,ERR,ERR,ERR,ERR,ERR,ERR,ERR,ERR,ERR,ERR,ERR,ERR,ERR,ERR,ERR,ERR,ERR,ERR,ERR,ERR,ERR,ERR,ERR,ERR,ERR,ERR,ERR,ERR,ERR,ERR,ERR,ERR,ERR,ERR,ERR,ERR,ERR,ERR,ERR,ERR,ERR,ERR,ERR,ERR,ERR,ERR,ERR,ERR,ERR,ERR,ERR,ERR,ERR,ERR,ERR,ERR,ERR,ERR,ERR,ERR,ERR,ERR,ERR,ERR,ERR,ERR,ERR,ERR,ERR,ERR,ERR,ERR,ERR,ERR,ERR,ERR,ERR,ERR,ERR,ERR,ERR,ERR,ERR,ERR,ERR,ERR,ERR,ERR,0.0,-107616344.0,-108138576.0,0.0,-8.002010337344158e+28,-1.093923110998396e+22,-0.0,8.636574319468256e+27,4300,0,8,17166,4300,0.0,41,0.0,0.0,0.0,0.0,0.0,0,0,0,0,0.0,0,0,0,0,0,0,0,0,0,0,0,0,0,0,0,0,0,0,0,0,0,0,0,0,0,0,0,0,0,0,0,0,0,11,38,37,49,65476,416,65476,1,0,4,21553,0.0,-0.0,0.0,0.0,0.0,0.0,0.0,0.0,0.0,0.0,0.0,0.0,0.0,0.0,-2.600982585120823e+33,0.0,0.0,0.0,0.0,0.0,0.0,2.004,3.697062548517736e+19,-3.697081460117733e+19,-0.0,-0.0,0.0,0.0,0.0,0.0,6530.0,-0.0,0.0,0.0,-2.7184525388662284e+23,2.7184503771384073e+23,-107616272.0,0.0,0.0,2.004,2.004,228,0.0,-2.7184278591402704e+23,0.0,0.0,0.0,0.0,0.0,0.0,0.0,0,0,0,-61507.434,1247751831552.0,1.1649680678876216e+30,-21.032,-0.0,-230956896.0,4.118620229069594e+25,0.0,-0.0,-3.7518113348498982e+25,-0.041,133827993600.0,0.0,0.0,0.0,-0.0,0,1.3516416376850534e+27,228,0.0,456,0.0,5.5413446501399e+19,2114,52429,17109,0,17112,0,17096,0,0,0,101,100,100,2.7302335952034594e+23,64.7,2.7302337753474445e+23,65.0,0.0,65.0,1,49,50,180,0,0,0,0,0.0,0.0,0.0,60.0,0.0,71.0,0.0,0.0,0.0,1070,0,1070,0,0,0,1069,0,1080,0,1000,0,650,0,652,0,647,0,676,0.032,1.4093312472314097e+22,0.0,0.0,21392,16813,0.0,0.0,1866975710019584.0,-0.004,1.941076735641056e+34,-0.0,50.0,60.0,35,0.0,0.0,10.0,2.0,0.0,0.0,0.0,0.0,0.0,0.0,0.0,0.0,0.0,0.0,0.0,0.0,59.2,29,31,65534,27,65476,574,65476,1,0,4,20529,65476,0,0,30147,60.0,0.0,10.0,10.0,2.0,0.0
2026-02-16T12:25:18,ERR,ERR,ERR,ERR,ERR,ERR,ERR,ERR,ERR,ERR,ERR,ERR,ERR,ERR,ERR,ERR,ERR,ERR,ERR,ERR,ERR,ERR,ERR,ERR,ERR,ERR,ERR,ERR,ERR,ERR,ERR,ERR,ERR,ERR,ERR,ERR,ERR,ERR,ERR,ERR,ERR,ERR,ERR,ERR,ERR,ERR,ERR,ERR,ERR,ERR,ERR,ERR,ERR,ERR,ERR,ERR,ERR,ERR,ERR,ERR,ERR,ERR,ERR,ERR,ERR,ERR,ERR,ERR,ERR,ERR,ERR,ERR,ERR,ERR,ERR,ERR,ERR,ERR,ERR,ERR,ERR,ERR,ERR,ERR,ERR,ERR,ERR,ERR,ERR,ERR,ERR,ERR,ERR,ERR,ERR,ERR,ERR,ERR,ERR,ERR,ERR,ERR,ERR,ERR,ERR,ERR,ERR,ERR,ERR,ERR,ERR,ERR,ERR,ERR,ERR,ERR,ERR,ERR,ERR,ERR,ERR,ERR,ERR,ERR,ERR,0.0,-107616344.0,-108138576.0,0.0,-8.002010337344158e+28,-1.093923110998396e+22,-0.0,8.636574319468256e+27,4300,0,8,17166,4300,0.0,41,0.0,0.0,0.0,0.0,0.0,0,0,0,0,0.0,0,0,0,0,0,0,0,0,0,0,0,0,0,0,0,0,0,0,0,0,0,0,0,0,0,0,0,0,0,0,0,0,0,11,38,37,49,65476,416,65476,1,0,4,21553,0.0,-0.0,0.0,0.0,0.0,0.0,0.0,0.0,0.0,0.0,0.0,0.0,0.0,0.0,-2.600982585120823e+33,0.0,0.0,0.0,0.0,0.0,0.0,2.004,3.697062548517736e+19,-3.697081460117733e+19,-0.0,-0.0,0.0,0.0,0.0,0.0,6530.0,-0.0,0.0,0.0,-2.7184525388662284e+23,2.7184503771384073e+23,-107616272.0,0.0,0.0,2.004,2.004,228,0.0,-2.7184278591402704e+23,0.0,0.0,0.0,0.0,0.0,0.0,0.0,0,0,0,-61507.434,1247751831552.0,1.1649680678876216e+30,-21.032,-0.0,-230956896.0,4.118620229069594e+25,0.0,-0.0,-3.7518113348498982e+25,-0.041,133827993600.0,0.0,0.0,0.0,-0.0,0,1.3516416376850534e+27,228,0.0,456,0.0,5.5413446501399e+19,2114,52429,17109,0,17112,0,17096,0,0,0,101,100,100,2.7302335952034594e+23,64.7,2.7302337753474445e+23,65.0,0.0,65.0,1,49,50,180,0,0,0,0,0.0,0.0,0.0,60.0,0.0,71.0,0.0,0.0,0.0,1070,0,1070,0,0,0,1069,0,1080,0,1000,0,650,0,652,0,647,0,676,0.032,1.4093312472314097e+22,0.0,0.0,21392,16813,0.0,0.0,1866975710019584.0,-0.004,1.941076735641056e+34,-0.0,50.0,60.0,35,0.0,0.0,10.0,2.0,0.0,0.0,0.0,0.0,0.0,0.0,0.0,0.0,0.0,0.0,0.0,0.0,58.8,30,30,65533,27,65476,574,65476,1,0,4,20529,65476,0,0,30147,60.0,0.0,10.0,10.0,2.0,0.0
2026-02-16T12:25:19,ERR,ERR,ERR,ERR,ERR,ERR,ERR,ERR,ERR,ERR,ERR,ERR,ERR,ERR,ERR,ERR,ERR,ERR,ERR,ERR,ERR,ERR,ERR,ERR,ERR,ERR,ERR,ERR,ERR,ERR,ERR,ERR,ERR,ERR,ERR,ERR,ERR,ERR,ERR,ERR,ERR,ERR,ERR,ERR,ERR,ERR,ERR,ERR,ERR,ERR,ERR,ERR,ERR,ERR,ERR,ERR,ERR,ERR,ERR,ERR,ERR,ERR,ERR,ERR,ERR,ERR,ERR,ERR,ERR,ERR,ERR,ERR,ERR,ERR,ERR,ERR,ERR,ERR,ERR,ERR,ERR,ERR,ERR,ERR,ERR,ERR,ERR,ERR,ERR,ERR,ERR,ERR,ERR,ERR,ERR,ERR,ERR,ERR,ERR,ERR,ERR,ERR,ERR,ERR,ERR,ERR,ERR,ERR,ERR,ERR,ERR,ERR,ERR,ERR,ERR,ERR,ERR,ERR,ERR,ERR,ERR,ERR,ERR,ERR,ERR,0.0,0.0,-0.0,0.0,-0.016,-2.151390511880651e+21,-0.0,10.203,4300,0,8,17167,4300,0.0,41,0.0,0.0,0.0,0.0,0.0,0,0,0,0,0.0,0,0,0,0,0,0,0,0,0,0,0,0,0,0,0,0,0,0,0,0,0,0,0,0,0,0,0,0,0,0,0,0,0,11,38,37,48,65476,417,65476,1,0,4,21553,0.0,-0.0,0.0,0.0,0.0,0.0,0.0,0.0,0.0,0.0,0.0,0.0,0.0,0.0,0.0,0.0,0.0,0.0,0.0,0.0,0.0,2.004,3.697062548517736e+19,0.0,-0.0,-0.0,0.0,0.0,0.0,0.0,6534.0,0.0,0.0,0.0,0.0,2.7184503771384073e+23,-2.7184509175703625e+23,0.0,0.0,2.004,2.004,227,0.0,-0.0,0.0,0.0,0.0,0.0,0.0,0.0,0.0,0,0,0,-0.0,-1.5127134418483446e+26,1.0622063417376532e+20,3.4270449734640895e+37,2.724063901504022e+25,22176.98,18591877431296.0,0.0,9.455762797511387e+37,-3.997737792817372e+25,-0.045,144175677440.0,0.0,0.0,0.0,-52287.234,0,1.3516416376850534e+27,226,0.0,452,2.40156025918058e+36,-0.0,2114,52429,17109,0,17112,0,17096,0,0,0,101,100,100,2.7302335952034594e+23,64.7,2.7302337753474445e+23,65.0,0.0,65.0,1,49,50,180,0,0,0,0,0.0,0.0,0.0,60.0,0.0,71.0,0.0,0.0,0.0,1070,0,1070,0,0,0,1069,0,1080,0,1000,0,650,0,652,0,647,0,676,0.032,1.4093312472314097e+22,0.0,0.0,21392,16813,0.0,0.0,1866975710019584.0,-0.004,1.941076735641056e+34,-0.0,50.0,60.0,35,0.0,0.0,10.0,2.0,0.0,0.0,0.0,0.0,0.0,0.0,0.0,0.0,0.0,0.0,0.0,0.0,58.8,30,30,65533,27,65476,632,65476,1,0,4,20529,65476,0,0,30147,60.0,0.0,10.0,10.0,2.0,0.0
2026-02-16T12:25:20,ERR,ERR,ERR,ERR,ERR,ERR,ERR,ERR,ERR,ERR,ERR,ERR,ERR,ERR,ERR,ERR,ERR,ERR,ERR,ERR,ERR,ERR,ERR,ERR,ERR,ERR,ERR,ERR,ERR,ERR,ERR,ERR,ERR,ERR,ERR,ERR,ERR,ERR,ERR,ERR,ERR,ERR,ERR,ERR,ERR,ERR,ERR,ERR,ERR,ERR,ERR,ERR,ERR,ERR,ERR,ERR,ERR,ERR,ERR,ERR,ERR,ERR,ERR,ERR,ERR,ERR,ERR,ERR,ERR,ERR,ERR,ERR,ERR,ERR,ERR,ERR,ERR,ERR,ERR,ERR,ERR,ERR,ERR,ERR,ERR,ERR,ERR,ERR,ERR,ERR,ERR,ERR,ERR,ERR,ERR,ERR,ERR,ERR,ERR,ERR,ERR,ERR,ERR,ERR,ERR,ERR,ERR,ERR,ERR,ERR,ERR,ERR,ERR,ERR,ERR,ERR,ERR,ERR,ERR,ERR,ERR,ERR,ERR,ERR,ERR,0.0,0.0,-0.0,0.0,-0.016,-2.151390511880651e+21,-0.0,10.203,4300,0,8,17167,4300,0.0,41,0.0,0.0,0.0,0.0,0.0,0,0,0,0,0.0,0,0,0,0,0,0,0,0,0,0,0,0,0,0,0,0,0,0,0,0,0,0,0,0,0,0,0,0,0,0,0,0,0,11,38,37,48,65476,417,65476,1,0,4,21553,0.0,-0.0,0.0,0.0,0.0,0.0,0.0,0.0,0.0,0.0,0.0,0.0,0.0,0.0,0.0,0.0,0.0,0.0,0.0,0.0,0.0,2.004,3.697062548517736e+19,0.0,-0.0,-0.0,0.0,0.0,0.0,0.0,6534.0,0.0,0.0,0.0,0.0,2.7184503771384073e+23,-2.7184509175703625e+23,0.0,0.0,2.004,2.004,227,0.0,-0.0,0.0,0.0,0.0,0.0,0.0,0.0,0.0,0,0,0,-0.0,-1.5127134418483446e+26,1.0622063417376532e+20,3.4270449734640895e+37,2.724063901504022e+25,22176.98,18591877431296.0,0.0,9.455762797511387e+37,-3.997737792817372e+25,-0.045,144175677440.0,0.0,0.0,0.0,-52287.234,0,1.3516416376850534e+27,226,0.0,452,2.40156025918058e+36,-0.0,2114,52429,17109,0,17112,0,17096,0,0,0,101,100,100,2.7302335952034594e+23,64.6,0.0,65.0,0.0,65.0,1,49,50,180,0,0,0,0,0.0,0.0,0.0,60.0,0.0,71.0,0.0,693130816.0,0.0,1070,0,1070,0,0,0,1069,0,1080,0,1000,0,650,0,652,0,647,0,676,0.032,1.4609821306377965e+22,0.0,0.0,37776,16813,0.0,693130816.0,0.0,0.0,99224744.0,1.6436874646319628e+35,50.0,60.0,35,0.0,0.0,10.0,2.0,0.0,0.0,0.0,0.0,0.0,0.0,0.0,0.0,0.0,0.0,0.0,0.0,58.8,30,30,65533,27,65476,632,65476,1,0,4,20529,65476,0,0,30147,60.0,0.0,10.0,10.0,2.0,0.0
2026-02-16T12:25:21,ERR,ERR,ERR,ERR,ERR,ERR,ERR,ERR,ERR,ERR,ERR,ERR,ERR,ERR,ERR,ERR,ERR,ERR,ERR,ERR,ERR,ERR,ERR,ERR,ERR,ERR,ERR,ERR,ERR,ERR,ERR,ERR,ERR,ERR,ERR,ERR,ERR,ERR,ERR,ERR,ERR,ERR,ERR,ERR,ERR,ERR,ERR,ERR,ERR,ERR,ERR,ERR,ERR,ERR,ERR,ERR,ERR,ERR,ERR,ERR,ERR,ERR,ERR,ERR,ERR,ERR,ERR,ERR,ERR,ERR,ERR,ERR,ERR,ERR,ERR,ERR,ERR,ERR,ERR,ERR,ERR,ERR,ERR,ERR,ERR,ERR,ERR,ERR,ERR,ERR,ERR,ERR,ERR,ERR,ERR,ERR,ERR,ERR,ERR,ERR,ERR,ERR,ERR,ERR,ERR,ERR,ERR,ERR,ERR,ERR,ERR,ERR,ERR,ERR,ERR,ERR,ERR,ERR,ERR,ERR,ERR,ERR,ERR,ERR,ERR,0.0,0.0,-0.0,0.0,-0.016,-2.151390511880651e+21,-0.0,10.203,4300,0,8,17167,4300,0.0,41,0.0,0.0,0.0,0.0,0.0,0,0,0,0,0.0,0,0,0,0,0,0,0,0,0,0,0,0,0,0,0,0,0,0,0,0,0,0,0,0,0,0,0,0,0,0,0,0,0,11,38,37,48,65476,417,65476,1,0,4,21553,0.0,-0.0,0.0,0.0,0.0,0.0,0.0,0.0,0.0,0.0,0.0,0.0,0.0,0.0,0.0,0.0,0.0,0.0,0.0,0.0,0.0,2.004,3.697062548517736e+19,0.0,-0.0,-0.0,0.0,0.0,0.0,0.0,6534.0,0.0,0.0,0.0,0.0,2.7184503771384073e+23,-2.7184509175703625e+23,0.0,0.0,2.004,2.004,227,0.0,-0.0,0.0,0.0,0.0,0.0,0.0,0.0,0.0,0,0,0,-0.0,-1.5127134418483446e+26,1.0622063417376532e+20,3.4270449734640895e+37,2.724063901504022e+25,22176.98,18591877431296.0,0.0,9.455762797511387e+37,-3.997737792817372e+25,-0.045,144175677440.0,0.0,0.0,0.0,-52287.234,0,1.3516416376850534e+27,226,0.0,452,2.40156025918058e+36,-0.0,2114,52429,17109,0,17112,0,17096,0,0,0,101,100,100,2.7302335952034594e+23,64.6,0.0,65.0,0.0,65.0,1,49,50,180,0,0,0,0,0.0,0.0,0.0,60.0,0.0,71.0,0.0,693130816.0,0.0,1070,0,1070,0,0,0,1069,0,1080,0,1000,0,650,0,652,0,647,0,676,0.032,1.4609821306377965e+22,0.0,0.0,37776,16813,0.0,693130816.0,0.0,0.0,99224744.0,1.6436874646319628e+35,50.0,60.0,35,0.0,0.0,10.0,2.0,0.0,0.0,0.0,0.0,0.0,0.0,0.0,0.0,0.0,0.0,0.0,0.0,58.8,30,30,65533,27,65476,632,65476,1,0,4,20529,65476,0,0,30147,60.0,0.0,10.0,10.0,2.0,0.0
2026-02-16T12:25:22,ERR,ERR,ERR,ERR,ERR,ERR,ERR,ERR,ERR,ERR,ERR,ERR,ERR,ERR,ERR,ERR,ERR,ERR,ERR,ERR,ERR,ERR,ERR,ERR,ERR,ERR,ERR,ERR,ERR,ERR,ERR,ERR,ERR,ERR,ERR,ERR,ERR,ERR,ERR,ERR,ERR,ERR,ERR,ERR,ERR,ERR,ERR,ERR,ERR,ERR,ERR,ERR,ERR,ERR,ERR,ERR,ERR,ERR,ERR,ERR,ERR,ERR,ERR,ERR,ERR,ERR,ERR,ERR,ERR,ERR,ERR,ERR,ERR,ERR,ERR,ERR,ERR,ERR,ERR,ERR,ERR,ERR,ERR,ERR,ERR,ERR,ERR,ERR,ERR,ERR,ERR,ERR,ERR,ERR,ERR,ERR,ERR,ERR,ERR,ERR,ERR,ERR,ERR,ERR,ERR,ERR,ERR,ERR,ERR,ERR,ERR,ERR,ERR,ERR,ERR,ERR,ERR,ERR,ERR,ERR,ERR,ERR,ERR,ERR,ERR,0.0,0.0,-0.0,0.0,-0.016,-2.151390511880651e+21,-0.0,10.203,4300,0,8,17167,4300,0.0,41,0.0,0.0,0.0,0.0,0.0,0,0,0,0,0.0,0,0,0,0,0,0,0,0,0,0,0,0,0,0,0,0,0,0,0,0,0,0,0,0,0,0,0,0,0,0,0,0,0,11,38,37,48,65476,417,65476,1,0,4,21553,0.0,-0.0,0.0,0.0,0.0,0.0,0.0,0.0,0.0,0.0,0.0,0.0,0.0,0.0,0.0,0.0,0.0,0.0,0.0,0.0,0.0,2.004,3.697062548517736e+19,0.0,-0.0,-0.0,0.0,0.0,0.0,0.0,6534.0,0.0,0.0,0.0,0.0,2.7184503771384073e+23,-2.7184509175703625e+23,0.0,0.0,2.004,2.004,227,0.0,-0.0,0.0,0.0,0.0,0.0,0.0,0.0,0.0,0,0,0,-0.0,-1.5127134418483446e+26,1.0622063417376532e+20,3.4270449734640895e+37,2.724063901504022e+25,22176.98,18591877431296.0,0.0,9.455762797511387e+37,-3.997737792817372e+25,-0.045,144175677440.0,0.0,0.0,0.0,-52287.234,0,1.3516416376850534e+27,226,0.0,452,2.40156025918058e+36,-0.0,2114,52429,17109,0,17112,0,17096,0,0,0,101,100,100,2.7302335952034594e+23,64.6,0.0,65.0,0.0,65.0,1,49,50,180,0,0,0,0,0.0,0.0,0.0,60.0,0.0,71.0,0.0,693130816.0,0.0,1070,0,1070,0,0,0,1069,0,1080,0,1000,0,650,0,652,0,647,0,676,0.032,1.4609821306377965e+22,0.0,0.0,37776,16813,0.0,693130816.0,0.0,0.0,99224744.0,1.6436874646319628e+35,50.0,60.0,35,0.0,0.0,10.0,2.0,0.0,0.0,0.0,0.0,0.0,0.0,0.0,0.0,0.0,0.0,0.0,0.0,58.8,30,30,65533,27,65476,660,65476,1,0,4,20529,65476,0,0,30147,60.0,0.0,10.0,10.0,2.0,0.0
2026-02-16T12:25:23,ERR,ERR,ERR,ERR,ERR,ERR,ERR,ERR,ERR,ERR,ERR,ERR,ERR,ERR,ERR,ERR,ERR,ERR,ERR,ERR,ERR,ERR,ERR,ERR,ERR,ERR,ERR,ERR,ERR,ERR,ERR,ERR,ERR,ERR,ERR,ERR,ERR,ERR,ERR,ERR,ERR,ERR,ERR,ERR,ERR,ERR,ERR,ERR,ERR,ERR,ERR,ERR,ERR,ERR,ERR,ERR,ERR,ERR,ERR,ERR,ERR,ERR,ERR,ERR,ERR,ERR,ERR,ERR,ERR,ERR,ERR,ERR,ERR,ERR,ERR,ERR,ERR,ERR,ERR,ERR,ERR,ERR,ERR,ERR,ERR,ERR,ERR,ERR,ERR,ERR,ERR,ERR,ERR,ERR,ERR,ERR,ERR,ERR,ERR,ERR,ERR,ERR,ERR,ERR,ERR,ERR,ERR,ERR,ERR,ERR,ERR,ERR,ERR,ERR,ERR,ERR,ERR,ERR,ERR,ERR,ERR,ERR,ERR,ERR,ERR,0.0,0.0,-0.0,0.0,-0.016,-2.151390511880651e+21,-0.0,10.203,4300,0,8,17167,4300,0.0,41,0.0,0.0,0.0,0.0,0.0,0,0,0,0,0.0,0,0,0,0,0,0,0,0,0,0,0,0,0,0,0,0,0,0,0,0,0,0,0,0,0,0,0,0,0,0,0,0,0,11,38,37,48,65476,417,65476,1,0,4,21553,0.0,-0.0,0.0,0.0,0.0,0.0,0.0,0.0,0.0,0.0,0.0,0.0,0.0,0.0,0.0,0.0,0.0,0.0,0.0,0.0,0.0,2.004,3.697062548517736e+19,0.0,-0.0,-0.0,0.0,0.0,0.0,0.0,6534.0,0.0,0.0,0.0,0.0,2.7184503771384073e+23,-2.7184509175703625e+23,0.0,0.0,2.004,2.004,227,0.0,-0.0,0.0,0.0,0.0,0.0,0.0,0.0,0.0,0,0,0,-0.0,-1.5127134418483446e+26,1.0622063417376532e+20,3.4270449734640895e+37,2.724063901504022e+25,22176.98,18591877431296.0,0.0,9.455762797511387e+37,-3.997737792817372e+25,-0.045,144175677440.0,0.0,0.0,0.0,-52287.234,0,1.3516416376850534e+27,226,0.0,452,2.40156025918058e+36,-0.0,2114,52429,17109,0,17112,0,17096,0,0,0,101,100,100,2.7302335952034594e+23,64.7,2.7302337753474445e+23,65.0,0.0,65.0,1,49,50,180,0,0,0,0,0.0,0.0,0.0,60.0,0.0,71.0,0.0,-0.0,0.0,1070,0,1070,0,0,0,1069,0,1080,0,1000,0,650,0,652,0,647,0,676,0.032,1.1436981325699922e+22,0.0,0.0,33680,16813,0.0,-0.0,-0.001,664661786624.0,-8.141,0.0,50.0,60.0,35,0.0,0.0,10.0,2.0,0.0,0.0,0.0,0.0,0.0,0.0,0.0,0.0,0.0,0.0,0.0,0.0,58.8,30,30,65533,27,65476,660,65476,1,0,4,20529,65476,0,0,30147,60.0,0.0,10.0,10.0,2.0,0.0
2026-02-16T12:25:24,ERR,ERR,ERR,ERR,ERR,ERR,ERR,ERR,ERR,ERR,ERR,ERR,ERR,ERR,ERR,ERR,ERR,ERR,ERR,ERR,ERR,ERR,ERR,ERR,ERR,ERR,ERR,ERR,ERR,ERR,ERR,ERR,ERR,ERR,ERR,ERR,ERR,ERR,ERR,ERR,ERR,ERR,ERR,ERR,ERR,ERR,ERR,ERR,ERR,ERR,ERR,ERR,ERR,ERR,ERR,ERR,ERR,ERR,ERR,ERR,ERR,ERR,ERR,ERR,ERR,ERR,ERR,ERR,ERR,ERR,ERR,ERR,ERR,ERR,ERR,ERR,ERR,ERR,ERR,ERR,ERR,ERR,ERR,ERR,ERR,ERR,ERR,ERR,ERR,ERR,ERR,ERR,ERR,ERR,ERR,ERR,ERR,ERR,ERR,ERR,ERR,ERR,ERR,ERR,ERR,ERR,ERR,ERR,ERR,ERR,ERR,ERR,ERR,ERR,ERR,ERR,ERR,ERR,ERR,ERR,ERR,ERR,ERR,ERR,ERR,0.0,0.0,-0.0,0.0,-0.016,-7.0615383811256945e+22,-0.001,0.364,4300,0,8,17167,4300,0.0,41,0.0,0.0,0.0,0.0,0.0,0,0,0,0,0.0,0,0,0,0,0,0,0,0,0,0,0,0,0,0,0,0,0,0,0,0,0,0,0,0,0,0,0,0,0,0,0,0,0,11,38,37,48,65476,410,65476,1,0,4,21553,0.0,-0.0,0.0,0.0,0.0,0.0,0.0,0.0,0.0,0.0,0.0,0.0,0.0,0.0,0.0,0.0,0.0,0.0,0.0,0.0,0.0,2.004,3.697062548517736e+19,0.0,-2.004,-2.004,0.0,0.0,0.0,0.0,6498.0,-0.0,0.0,0.0,0.0,-0.0,0.0,0.0,0.0,2.004,2.004,226,0.0,89221.016,0.0,0.0,0.0,0.0,0.0,0.0,0.0,0,0,0,-3281115.75,3.453406671415851e+23,1.608092608782621e+24,0.0,2.599940046179614e+30,212082528.0,6.515100031313206e+20,7152387.0,-0.0,-4.390638684192126e+25,-0.048,157060579328.0,0.0,0.0,0.0,-60882160.0,0,1.3516416376850534e+27,227,0.0,454,0.0,-20512.51,2114,52429,17109,0,17112,0,17096,0,0,0,101,100,100,2.7302335952034594e+23,64.7,2.7302337753474445e+23,65.0,0.0,65.0,1,49,50,180,0,0,0,0,0.0,0.0,0.0,60.0,0.0,71.0,0.0,-0.0,0.0,1070,0,1070,0,0,0,1069,0,1080,0,1000,0,650,0,652,0,647,0,676,0.032,1.1436981325699922e+22,0.0,0.0,33680,16813,0.0,-0.0,-0.001,664661786624.0,-8.141,0.0,50.0,60.0,35,0.0,0.0,10.0,2.0,0.0,0.0,0.0,0.0,0.0,0.0,0.0,0.0,0.0,0.0,0.0,0.0,58.8,29,31,65534,27,65476,660,65476,1,0,4,20529,65476,0,0,30147,60.0,0.0,10.0,10.0,2.0,0.0
2026-02-16T12:25:25,ERR,ERR,ERR,ERR,ERR,ERR,ERR,ERR,ERR,ERR,ERR,ERR,ERR,ERR,ERR,ERR,ERR,ERR,ERR,ERR,ERR,ERR,ERR,ERR,ERR,ERR,ERR,ERR,ERR,ERR,ERR,ERR,ERR,ERR,ERR,ERR,ERR,ERR,ERR,ERR,ERR,ERR,ERR,ERR,ERR,ERR,ERR,ERR,ERR,ERR,ERR,ERR,ERR,ERR,ERR,ERR,ERR,ERR,ERR,ERR,ERR,ERR,ERR,ERR,ERR,ERR,ERR,ERR,ERR,ERR,ERR,ERR,ERR,ERR,ERR,ERR,ERR,ERR,ERR,ERR,ERR,ERR,ERR,ERR,ERR,ERR,ERR,ERR,ERR,ERR,ERR,ERR,ERR,ERR,ERR,ERR,ERR,ERR,ERR,ERR,ERR,ERR,ERR,ERR,ERR,ERR,ERR,ERR,ERR,ERR,ERR,ERR,ERR,ERR,ERR,ERR,ERR,ERR,ERR,ERR,ERR,ERR,ERR,ERR,ERR,0.0,0.0,-0.0,0.0,-0.016,-7.0615383811256945e+22,-0.001,0.364,4300,0,8,17167,4300,0.0,41,0.0,0.0,0.0,0.0,0.0,0,0,0,0,0.0,0,0,0,0,0,0,0,0,0,0,0,0,0,0,0,0,0,0,0,0,0,0,0,0,0,0,0,0,0,0,0,0,0,11,38,37,48,65476,410,65476,1,0,4,21553,0.0,-0.0,0.0,0.0,0.0,0.0,0.0,0.0,0.0,0.0,0.0,0.0,0.0,0.0,0.0,0.0,0.0,0.0,0.0,0.0,0.0,2.004,3.697062548517736e+19,0.0,-2.004,-2.004,0.0,0.0,0.0,0.0,6498.0,-0.0,0.0,0.0,0.0,-0.0,0.0,0.0,0.0,2.004,2.004,226,0.0,89221.016,0.0,0.0,0.0,0.0,0.0,0.0,0.0,0,0,0,-3281115.75,3.453406671415851e+23,1.608092608782621e+24,0.0,2.599940046179614e+30,212082528.0,6.515100031313206e+20,7152387.0,-0.0,-4.390638684192126e+25,-0.048,157060579328.0,0.0,0.0,0.0,-60882160.0,0,1.3516416376850534e+27,227,0.0,454,0.0,-20512.51,2114,52429,17109,0,17112,0,17096,0,0,0,101,100,100,2.7302335952034594e+23,64.7,2.7302337753474445e+23,65.0,0.0,65.0,1,49,50,180,0,0,0,0,0.0,0.0,0.0,60.0,0.0,71.0,0.0,-0.0,0.0,1070,0,1070,0,0,0,1069,0,1080,0,1000,0,650,0,652,0,647,0,676,0.032,1.1436981325699922e+22,0.0,0.0,33680,16813,0.0,-0.0,-0.001,664661786624.0,-8.141,0.0,50.0,60.0,35,0.0,0.0,10.0,2.0,0.0,0.0,0.0,0.0,0.0,0.0,0.0,0.0,0.0,0.0,0.0,0.0,58.8,29,31,65534,27,65476,660,65476,1,0,4,20529,65476,0,0,30147,60.0,0.0,10.0,10.0,2.0,0.0
2026-02-16T12:25:26,ERR,ERR,ERR,ERR,ERR,ERR,ERR,ERR,ERR,ERR,ERR,ERR,ERR,ERR,ERR,ERR,ERR,ERR,ERR,ERR,ERR,ERR,ERR,ERR,ERR,ERR,ERR,ERR,ERR,ERR,ERR,ERR,ERR,ERR,ERR,ERR,ERR,ERR,ERR,ERR,ERR,ERR,ERR,ERR,ERR,ERR,ERR,ERR,ERR,ERR,ERR,ERR,ERR,ERR,ERR,ERR,ERR,ERR,ERR,ERR,ERR,ERR,ERR,ERR,ERR,ERR,ERR,ERR,ERR,ERR,ERR,ERR,ERR,ERR,ERR,ERR,ERR,ERR,ERR,ERR,ERR,ERR,ERR,ERR,ERR,ERR,ERR,ERR,ERR,ERR,ERR,ERR,ERR,ERR,ERR,ERR,ERR,ERR,ERR,ERR,ERR,ERR,ERR,ERR,ERR,ERR,ERR,ERR,ERR,ERR,ERR,ERR,ERR,ERR,ERR,ERR,ERR,ERR,ERR,ERR,ERR,ERR,ERR,ERR,ERR,0.0,0.0,-0.0,0.0,-0.016,-7.0615383811256945e+22,-0.001,0.364,4300,0,8,17167,4300,0.0,41,0.0,0.0,0.0,0.0,0.0,0,0,0,0,0.0,0,0,0,0,0,0,0,0,0,0,0,0,0,0,0,0,0,0,0,0,0,0,0,0,0,0,0,0,0,0,0,0,0,11,38,37,48,65476,410,65476,1,0,4,21553,0.0,-0.0,0.0,0.0,0.0,0.0,0.0,0.0,0.0,0.0,0.0,0.0,0.0,0.0,0.0,0.0,0.0,0.0,0.0,0.0,0.0,2.004,3.697062548517736e+19,0.0,-2.004,-2.004,0.0,0.0,0.0,0.0,6498.0,-0.0,0.0,0.0,0.0,-0.0,0.0,0.0,0.0,2.004,2.004,226,0.0,89221.016,0.0,0.0,0.0,0.0,0.0,0.0,0.0,0,0,0,-3281115.75,3.453406671415851e+23,1.608092608782621e+24,0.0,2.599940046179614e+30,212082528.0,6.515100031313206e+20,7152387.0,-0.0,-4.390638684192126e+25,-0.048,157060579328.0,0.0,0.0,0.0,-60882160.0,0,1.3516416376850534e+27,227,0.0,454,0.0,-20512.51,2114,52429,17109,0,17112,0,17096,0,0,0,101,100,100,2.7302335952034594e+23,64.7,2.7302337753474445e+23,65.0,0.0,65.0,1,49,50,180,0,0,0,0,0.0,0.0,0.0,60.0,0.0,70.5,0.0,0.0,0.0,1069,0,1070,0,0,0,1069,0,1080,0,1000,0,650,0,651,0,647,0,676,0.032,1.4609821306377965e+22,0.0,0.0,31888,16813,-7.082940783533425e+34,0.0,0.0,0.0,-3.04560851858517e+32,1.1747578772969674e+36,50.0,60.0,35,0.0,0.0,10.0,2.0,0.0,0.0,0.0,0.0,0.0,0.0,0.0,0.0,0.0,0.0,0.0,0.0,58.8,28,32,65535,27,65476,661,65476,1,0,4,20529,65476,0,0,30147,60.0,0.0,10.0,10.0,2.0,0.0
2026-02-16T12:25:27,ERR,ERR,ERR,ERR,ERR,ERR,ERR,ERR,ERR,ERR,ERR,ERR,ERR,ERR,ERR,ERR,ERR,ERR,ERR,ERR,ERR,ERR,ERR,ERR,ERR,ERR,ERR,ERR,ERR,ERR,ERR,ERR,ERR,ERR,ERR,ERR,ERR,ERR,ERR,ERR,ERR,ERR,ERR,ERR,ERR,ERR,ERR,ERR,ERR,ERR,ERR,ERR,ERR,ERR,ERR,ERR,ERR,ERR,ERR,ERR,ERR,ERR,ERR,ERR,ERR,ERR,ERR,ERR,ERR,ERR,ERR,ERR,ERR,ERR,ERR,ERR,ERR,ERR,ERR,ERR,ERR,ERR,ERR,ERR,ERR,ERR,ERR,ERR,ERR,ERR,ERR,ERR,ERR,ERR,ERR,ERR,ERR,ERR,ERR,ERR,ERR,ERR,ERR,ERR,ERR,ERR,ERR,ERR,ERR,ERR,ERR,ERR,ERR,ERR,ERR,ERR,ERR,ERR,ERR,ERR,ERR,ERR,ERR,ERR,ERR,0.0,0.0,-0.0,0.0,-0.016,-7.0615383811256945e+22,-0.001,0.364,4300,0,8,17167,4300,0.0,41,0.0,0.0,0.0,0.0,0.0,0,0,0,0,0.0,0,0,0,0,0,0,0,0,0,0,0,0,0,0,0,0,0,0,0,0,0,0,0,0,0,0,0,0,0,0,0,0,0,11,38,37,48,65476,410,65476,1,0,4,21553,0.0,-0.0,0.0,0.0,0.0,0.0,0.0,0.0,0.0,0.0,0.0,0.0,0.0,0.0,0.0,0.0,0.0,0.0,0.0,0.0,0.0,2.004,3.697062548517736e+19,0.0,-2.004,-2.004,0.0,0.0,0.0,0.0,6498.0,-0.0,0.0,0.0,0.0,-0.0,0.0,0.0,0.0,2.004,2.004,226,0.0,89221.016,0.0,0.0,0.0,0.0,0.0,0.0,0.0,0,0,0,-3281115.75,3.453406671415851e+23,1.608092608782621e+24,0.0,2.599940046179614e+30,212082528.0,6.515100031313206e+20,7152387.0,-0.0,-4.390638684192126e+25,-0.048,157060579328.0,0.0,0.0,0.0,-60882160.0,0,1.3516416376850534e+27,227,0.0,454,0.0,-20512.51,2114,52429,17109,0,17112,0,17096,0,0,0,101,100,100,2.7302335952034594e+23,64.7,2.7302337753474445e+23,65.0,0.0,65.0,1,49,50,180,0,0,0,0,0.0,0.0,0.0,60.0,0.0,70.5,0.0,0.0,0.0,1069,0,1070,0,0,0,1069,0,1080,0,1000,0,650,0,651,0,647,0,676,0.032,1.4609821306377965e+22,0.0,0.0,31888,16813,-7.082940783533425e+34,0.0,0.0,0.0,-3.04560851858517e+32,1.1747578772969674e+36,50.0,60.0,35,0.0,0.0,10.0,2.0,0.0,0.0,0.0,0.0,0.0,0.0,0.0,0.0,0.0,0.0,0.0,0.0,58.8,27,33,0,27,65476,661,65476,1,0,4,20529,65476,0,0,30147,60.0,0.0,10.0,10.0,2.0,0.0
2026-02-16T12:25:28,ERR,ERR,ERR,ERR,ERR,ERR,ERR,ERR,ERR,ERR,ERR,ERR,ERR,ERR,ERR,ERR,ERR,ERR,ERR,ERR,ERR,ERR,ERR,ERR,ERR,ERR,ERR,ERR,ERR,ERR,ERR,ERR,ERR,ERR,ERR,ERR,ERR,ERR,ERR,ERR,ERR,ERR,ERR,ERR,ERR,ERR,ERR,ERR,ERR,ERR,ERR,ERR,ERR,ERR,ERR,ERR,ERR,ERR,ERR,ERR,ERR,ERR,ERR,ERR,ERR,ERR,ERR,ERR,ERR,ERR,ERR,ERR,ERR,ERR,ERR,ERR,ERR,ERR,ERR,ERR,ERR,ERR,ERR,ERR,ERR,ERR,ERR,ERR,ERR,ERR,ERR,ERR,ERR,ERR,ERR,ERR,ERR,ERR,ERR,ERR,ERR,ERR,ERR,ERR,ERR,ERR,ERR,ERR,ERR,ERR,ERR,ERR,ERR,ERR,ERR,ERR,ERR,ERR,ERR,ERR,ERR,ERR,ERR,ERR,ERR,0.0,0.0,2.7420184345643774e+23,0.0,-0.0,-2218851643162624.0,-0.0,0.0,4300,0,8,17167,4300,0.0,41,0.0,0.0,0.0,0.0,0.0,0,0,0,0,0.0,0,0,0,0,0,0,0,0,0,0,0,0,0,0,0,0,0,0,0,0,0,0,0,0,0,0,0,0,0,0,0,0,0,11,38,37,48,65476,411,65476,1,0,4,21553,0.0,0.0,0.0,0.0,0.0,0.0,0.0,0.0,0.0,0.0,0.0,0.0,0.0,0.0,0.0,0.0,0.0,0.0,0.0,0.0,0.0,2.004,3.697062548517736e+19,0.0,-3.697074863047967e+19,-0.0,0.0,0.0,0.0,0.0,6501.0,8608230400.0,0.0,0.0,0.0,-107616248.0,-2.7184509175703625e+23,0.0,0.0,2.004,2.004,227,89220.57,0.0,0.0,0.0,0.0,0.0,0.0,0.0,0.0,0,0,0,-22316766.0,0.0,2.2438777358082874e+33,0.0,-0.0,-16.532,0.759,0.001,-0.0,-4.753316430076515e+25,-0.05,169945481216.0,0.0,0.0,0.0,-0.0,0,1.3516416376850534e+27,228,0.0,456,-621855232.0,5.6142779363101766e+35,2114,52429,17109,0,17112,0,17096,0,0,0,101,100,100,2.7302335952034594e+23,64.7,2.7302337753474445e+23,65.0,0.0,65.0,1,49,50,180,0,0,0,0,0.0,0.0,0.0,60.0,0.0,70.5,0.0,0.0,0.0,1069,0,1070,0,0,0,1069,0,1080,0,1000,0,650,0,651,0,647,0,676,0.032,1.4609821306377965e+22,0.0,0.0,31888,16813,-7.082940783533425e+34,0.0,0.0,0.0,-3.04560851858517e+32,1.1747578772969674e+36,50.0,60.0,35,0.0,0.0,10.0,2.0,0.0,0.0,0.0,0.0,0.0,0.0,0.0,0.0,0.0,0.0,0.0,0.0,58.8,27,33,0,27,65476,661,65476,1,0,4,20529,65476,0,0,30147,60.0,0.0,10.0,10.0,2.0,0.0
2026-02-16T12:25:29,ERR,ERR,ERR,ERR,ERR,ERR,ERR,ERR,ERR,ERR,ERR,ERR,ERR,ERR,ERR,ERR,ERR,ERR,ERR,ERR,ERR,ERR,ERR,ERR,ERR,ERR,ERR,ERR,ERR,ERR,ERR,ERR,ERR,ERR,ERR,ERR,ERR,ERR,ERR,ERR,ERR,ERR,ERR,ERR,ERR,ERR,ERR,ERR,ERR,ERR,ERR,ERR,ERR,ERR,ERR,ERR,ERR,ERR,ERR,ERR,ERR,ERR,ERR,ERR,ERR,ERR,ERR,ERR,ERR,ERR,ERR,ERR,ERR,ERR,ERR,ERR,ERR,ERR,ERR,ERR,ERR,ERR,ERR,ERR,ERR,ERR,ERR,ERR,ERR,ERR,ERR,ERR,ERR,ERR,ERR,ERR,ERR,ERR,ERR,ERR,ERR,ERR,ERR,ERR,ERR,ERR,ERR,ERR,ERR,ERR,ERR,ERR,ERR,ERR,ERR,ERR,ERR,ERR,ERR,ERR,ERR,ERR,ERR,ERR,ERR,0.0,0.0,2.7420184345643774e+23,0.0,-0.0,-2218851643162624.0,-0.0,0.0,4300,0,8,17167,4300,0.0,41,0.0,0.0,0.0,0.0,0.0,0,0,0,0,0.0,0,0,0,0,0,0,0,0,0,0,0,0,0,0,0,0,0,0,0,0,0,0,0,0,0,0,0,0,0,0,0,0,0,11,38,37,48,65476,411,65476,1,0,4,21553,0.0,0.0,0.0,0.0,0.0,0.0,0.0,0.0,0.0,0.0,0.0,0.0,0.0,0.0,0.0,0.0,0.0,0.0,0.0,0.0,0.0,2.004,3.697062548517736e+19,0.0,-3.697074863047967e+19,-0.0,0.0,0.0,0.0,0.0,6501.0,8608230400.0,0.0,0.0,0.0,-107616248.0,-2.7184509175703625e+23,0.0,0.0,2.004,2.004,227,89220.57,0.0,0.0,0.0,0.0,0.0,0.0,0.0,0.0,0,0,0,-22316766.0,0.0,2.2438777358082874e+33,0.0,-0.0,-16.532,0.759,0.001,-0.0,-4.753316430076515e+25,-0.05,169945481216.0,0.0,0.0,0.0,-0.0,0,1.3516416376850534e+27,228,0.0,456,-621855232.0,5.6142779363101766e+35,2114,52429,17109,0,17112,0,17096,0,0,0,101,100,100,2.7302335952034594e+23,64.7,2.7302337753474445e+23,65.0,0.0,65.0,1,49,50,180,0,0,0,0,0.0,0.0,0.0,60.0,0.0,70.5,0.0,0.0,0.0,1069,0,1070,0,0,0,1069,0,1080,0,1000,0,650,0,651,0,647,0,676,0.032,1.4609821306377965e+22,0.0,0.0,31888,16813,-7.082940783533425e+34,0.0,0.0,0.0,-3.04560851858517e+32,1.1747578772969674e+36,50.0,60.0,35,0.0,0.0,10.0,2.0,0.0,0.0,0.0,0.0,0.0,0.0,0.0,0.0,0.0,0.0,0.0,0.0,58.8,26,34,2,27,65476,634,65476,1,0,4,20529,65476,0,0,30147,60.0,0.0,10.0,10.0,2.0,0.0
2026-02-16T12:25:30,ERR,ERR,ERR,ERR,ERR,ERR,ERR,ERR,ERR,ERR,ERR,ERR,ERR,ERR,ERR,ERR,ERR,ERR,ERR,ERR,ERR,ERR,ERR,ERR,ERR,ERR,ERR,ERR,ERR,ERR,ERR,ERR,ERR,ERR,ERR,ERR,ERR,ERR,ERR,ERR,ERR,ERR,ERR,ERR,ERR,ERR,ERR,ERR,ERR,ERR,ERR,ERR,ERR,ERR,ERR,ERR,ERR,ERR,ERR,ERR,ERR,ERR,ERR,ERR,ERR,ERR,ERR,ERR,ERR,ERR,ERR,ERR,ERR,ERR,ERR,ERR,ERR,ERR,ERR,ERR,ERR,ERR,ERR,ERR,ERR,ERR,ERR,ERR,ERR,ERR,ERR,ERR,ERR,ERR,ERR,ERR,ERR,ERR,ERR,ERR,ERR,ERR,ERR,ERR,ERR,ERR,ERR,ERR,ERR,ERR,ERR,ERR,ERR,ERR,ERR,ERR,ERR,ERR,ERR,ERR,ERR,ERR,ERR,ERR,ERR,0.0,0.0,2.7420184345643774e+23,0.0,-0.0,-2218851643162624.0,-0.0,0.0,4300,0,8,17167,4300,0.0,41,0.0,0.0,0.0,0.0,0.0,0,0,0,0,0.0,0,0,0,0,0,0,0,0,0,0,0,0,0,0,0,0,0,0,0,0,0,0,0,0,0,0,0,0,0,0,0,0,0,11,38,37,48,65476,411,65476,1,0,4,21553,0.0,0.0,0.0,0.0,0.0,0.0,0.0,0.0,0.0,0.0,0.0,0.0,0.0,0.0,0.0,0.0,0.0,0.0,0.0,0.0,0.0,2.004,3.697062548517736e+19,0.0,-3.697074863047967e+19,-0.0,0.0,0.0,0.0,0.0,6501.0,8608230400.0,0.0,0.0,0.0,-107616248.0,-2.7184509175703625e+23,0.0,0.0,2.004,2.004,227,89220.57,0.0,0.0,0.0,0.0,0.0,0.0,0.0,0.0,0,0,0,-22316766.0,0.0,2.2438777358082874e+33,0.0,-0.0,-16.532,0.759,0.001,-0.0,-4.753316430076515e+25,-0.05,169945481216.0,0.0,0.0,0.0,-0.0,0,1.3516416376850534e+27,228,0.0,456,-621855232.0,5.6142779363101766e+35,2114,52429,17109,0,17112,0,17096,0,0,0,101,100,100,2.7302335952034594e+23,64.6,0.0,65.0,0.0,65.0,1,49,50,180,52429,0,0,0,0.0,0.0,0.0,60.0,0.0,71.0,0.0,0.0,0.0,1069,0,1070,0,0,0,1069,0,1080,0,1000,0,650,0,652,0,647,0,676,0.032,1.4536034330083127e+22,0.0,0.0,35600,16813,0.0,0.0,11664.035,6.561859832627593e+35,0.007,-0.0,50.0,60.0,35,0.0,0.0,10.0,2.0,0.0,0.0,0.0,0.0,0.0,0.0,0.0,0.0,0.0,0.0,0.0,0.0,58.8,26,34,2,27,65476,634,65476,1,0,4,20529,65476,0,0,30147,60.0,0.0,10.0,10.0,2.0,0.0
2026-02-16T12:25:31,ERR,ERR,ERR,ERR,ERR,ERR,ERR,ERR,ERR,ERR,ERR,ERR,ERR,ERR,ERR,ERR,ERR,ERR,ERR,ERR,ERR,ERR,ERR,ERR,ERR,ERR,ERR,ERR,ERR,ERR,ERR,ERR,ERR,ERR,ERR,ERR,ERR,ERR,ERR,ERR,ERR,ERR,ERR,ERR,ERR,ERR,ERR,ERR,ERR,ERR,ERR,ERR,ERR,ERR,ERR,ERR,ERR,ERR,ERR,ERR,ERR,ERR,ERR,ERR,ERR,ERR,ERR,ERR,ERR,ERR,ERR,ERR,ERR,ERR,ERR,ERR,ERR,ERR,ERR,ERR,ERR,ERR,ERR,ERR,ERR,ERR,ERR,ERR,ERR,ERR,ERR,ERR,ERR,ERR,ERR,ERR,ERR,ERR,ERR,ERR,ERR,ERR,ERR,ERR,ERR,ERR,ERR,ERR,ERR,ERR,ERR,ERR,ERR,ERR,ERR,ERR,ERR,ERR,ERR,ERR,ERR,ERR,ERR,ERR,ERR,0.0,0.0,2.7420184345643774e+23,0.0,-0.0,-2218851643162624.0,-0.0,0.0,4300,0,8,17167,4300,0.0,41,0.0,0.0,0.0,0.0,0.0,0,0,0,0,0.0,0,0,0,0,0,0,0,0,0,0,0,0,0,0,0,0,0,0,0,0,0,0,0,0,0,0,0,0,0,0,0,0,0,11,38,37,48,65476,411,65476,1,0,4,21553,0.0,0.0,0.0,0.0,0.0,0.0,0.0,0.0,0.0,0.0,0.0,0.0,0.0,0.0,0.0,0.0,0.0,0.0,0.0,0.0,0.0,2.004,3.697062548517736e+19,0.0,-3.697074863047967e+19,-0.0,0.0,0.0,0.0,0.0,6501.0,8608230400.0,0.0,0.0,0.0,-107616248.0,-2.7184509175703625e+23,0.0,0.0,2.004,2.004,227,89220.57,0.0,0.0,0.0,0.0,0.0,0.0,0.0,0.0,0,0,0,-22316766.0,0.0,2.2438777358082874e+33,0.0,-0.0,-16.532,0.759,0.001,-0.0,-4.753316430076515e+25,-0.05,169945481216.0,0.0,0.0,0.0,-0.0,0,1.3516416376850534e+27,228,0.0,456,-621855232.0,5.6142779363101766e+35,2114,52429,17109,0,17112,0,17096,0,0,0,101,100,100,2.7302335952034594e+23,64.6,0.0,65.0,0.0,65.0,1,49,50,180,52429,0,0,0,0.0,0.0,0.0,60.0,0.0,71.0,0.0,0.0,0.0,1069,0,1070,0,0,0,1069,0,1080,0,1000,0,650,0,652,0,647,0,676,0.032,1.4536034330083127e+22,0.0,0.0,35600,16813,0.0,0.0,11664.035,6.561859832627593e+35,0.007,-0.0,50.0,60.0,35,0.0,0.0,10.0,2.0,0.0,0.0,0.0,0.0,0.0,0.0,0.0,0.0,0.0,0.0,0.0,0.0,58.8,25,36,3,27,65476,599,65476,1,0,4,20529,65476,0,0,30147,60.0,0.0,10.0,10.0,2.0,0.0
2026-02-16T12:25:32,ERR,ERR,ERR,ERR,ERR,ERR,ERR,ERR,ERR,ERR,ERR,ERR,ERR,ERR,ERR,ERR,ERR,ERR,ERR,ERR,ERR,ERR,ERR,ERR,ERR,ERR,ERR,ERR,ERR,ERR,ERR,ERR,ERR,ERR,ERR,ERR,ERR,ERR,ERR,ERR,ERR,ERR,ERR,ERR,ERR,ERR,ERR,ERR,ERR,ERR,ERR,ERR,ERR,ERR,ERR,ERR,ERR,ERR,ERR,ERR,ERR,ERR,ERR,ERR,ERR,ERR,ERR,ERR,ERR,ERR,ERR,ERR,ERR,ERR,ERR,ERR,ERR,ERR,ERR,ERR,ERR,ERR,ERR,ERR,ERR,ERR,ERR,ERR,ERR,ERR,ERR,ERR,ERR,ERR,ERR,ERR,ERR,ERR,ERR,ERR,ERR,ERR,ERR,ERR,ERR,ERR,ERR,ERR,ERR,ERR,ERR,ERR,ERR,ERR,ERR,ERR,ERR,ERR,ERR,ERR,ERR,ERR,ERR,ERR,ERR,0.0,0.0,2.7420184345643774e+23,0.0,-0.0,-2218851643162624.0,-0.0,0.0,4300,0,8,17167,4300,0.0,41,0.0,0.0,0.0,0.0,0.0,0,0,0,0,0.0,0,0,0,0,0,0,0,0,0,0,0,0,0,0,0,0,0,0,0,0,0,0,0,0,0,0,0,0,0,0,0,0,0,11,38,37,48,65476,411,65476,1,0,4,21553,0.0,0.0,0.0,0.0,0.0,0.0,0.0,0.0,0.0,0.0,0.0,0.0,0.0,0.0,0.0,0.0,0.0,0.0,0.0,0.0,0.0,2.004,3.697062548517736e+19,0.0,-3.697074863047967e+19,-0.0,0.0,0.0,0.0,0.0,6501.0,8608230400.0,0.0,0.0,0.0,-107616248.0,-2.7184509175703625e+23,0.0,0.0,2.004,2.004,227,89220.57,0.0,0.0,0.0,0.0,0.0,0.0,0.0,0.0,0,0,0,-22316766.0,0.0,2.2438777358082874e+33,0.0,-0.0,-16.532,0.759,0.001,-0.0,-4.753316430076515e+25,-0.05,169945481216.0,0.0,0.0,0.0,-0.0,0,1.3516416376850534e+27,228,0.0,456,-621855232.0,5.6142779363101766e+35,2114,52429,17109,0,17112,0,17096,0,0,0,101,100,100,2.7302335952034594e+23,64.6,0.0,65.0,0.0,65.0,1,49,50,180,52429,0,0,0,0.0,0.0,0.0,60.0,0.0,71.0,0.0,0.0,0.0,1069,0,1070,0,0,0,1069,0,1080,0,1000,0,650,0,652,0,647,0,676,0.032,1.4536034330083127e+22,0.0,0.0,35600,16813,0.0,0.0,11664.035,6.561859832627593e+35,0.007,-0.0,50.0,60.0,35,0.0,0.0,10.0,2.0,0.0,0.0,0.0,0.0,0.0,0.0,0.0,0.0,0.0,0.0,0.0,0.0,58.8,24,36,3,27,65476,599,65476,1,0,4,20529,65476,0,0,30147,60.0,0.0,10.0,10.0,2.0,0.0
2026-02-16T12:25:33,ERR,ERR,ERR,ERR,ERR,ERR,ERR,ERR,ERR,ERR,ERR,ERR,ERR,ERR,ERR,ERR,ERR,ERR,ERR,ERR,ERR,ERR,ERR,ERR,ERR,ERR,ERR,ERR,ERR,ERR,ERR,ERR,ERR,ERR,ERR,ERR,ERR,ERR,ERR,ERR,ERR,ERR,ERR,ERR,ERR,ERR,ERR,ERR,ERR,ERR,ERR,ERR,ERR,ERR,ERR,ERR,ERR,ERR,ERR,ERR,ERR,ERR,ERR,ERR,ERR,ERR,ERR,ERR,ERR,ERR,ERR,ERR,ERR,ERR,ERR,ERR,ERR,ERR,ERR,ERR,ERR,ERR,ERR,ERR,ERR,ERR,ERR,ERR,ERR,ERR,ERR,ERR,ERR,ERR,ERR,ERR,ERR,ERR,ERR,ERR,ERR,ERR,ERR,ERR,ERR,ERR,ERR,ERR,ERR,ERR,ERR,ERR,ERR,ERR,ERR,ERR,ERR,ERR,ERR,ERR,ERR,ERR,ERR,ERR,ERR,0.0,0.0,2.7420184345643774e+23,0.0,-0.0,-2.200046488560599e+18,-0.0,0.0,4300,0,8,17168,4300,0.0,41,0.0,0.0,0.0,0.0,0.0,0,0,0,0,0.0,0,0,0,0,0,0,0,0,0,0,0,0,0,0,0,0,0,0,0,0,0,0,0,0,0,0,0,0,0,0,0,0,0,11,38,37,48,65476,411,65476,1,0,4,21553,0.0,0.0,0.0,0.0,0.0,0.0,0.0,0.0,0.0,0.0,0.0,0.0,0.0,0.0,0.0,0.0,0.0,0.0,0.0,0.0,0.0,2.004,3.697062548517736e+19,0.0,-3.697074863047967e+19,-0.0,0.0,0.0,0.0,0.0,6501.0,0.0,0.0,0.0,0.0,-107616248.0,-107616272.0,0.0,0.0,2.004,2.004,228,0.0,-2.3088380788877558e+20,0.0,0.0,0.0,0.0,0.0,0.0,0.0,0,0,0,-0.0,79058239488.0,1954.107,1.1126050696363938e+21,1.160399281428133e+22,-0.0,-5.32828090754781e+36,-8.117379829091623e+37,0.0,-5.14621732145127e+25,-0.054,182830383104.0,0.0,0.0,0.0,-0.0,0,1.3516416376850534e+27,228,0.0,456,2.40156025918058e+36,599251620986880.0,2114,52429,17109,0,17112,52429,17095,0,0,0,101,100,100,-0.0,64.7,2.7302337753474445e+23,65.0,0.0,65.0,1,49,50,180,52429,52429,0,0,0.0,0.0,0.0,60.0,0.0,71.0,0.0,-2.7532730989181623e+21,0.0,1069,0,1069,0,0,0,1069,0,1080,0,1000,0,650,0,652,0,647,0,676,0.032,1.4536034330083127e+22,0.0,0.0,21264,16813,0.0,-0.0,-1.7160596577171365e+36,0.0,-3.4805002547165177e+24,1.5573299294625555e+30,50.0,60.0,35,0.0,0.0,10.0,2.0,0.0,0.0,0.0,0.0,0.0,0.0,0.0,0.0,0.0,0.0,0.0,0.0,58.8,24,36,3,27,65476,599,65476,1,0,4,20529,65476,0,0,30147,60.0,0.0,10.0,10.0,2.0,0.0
2026-02-16T12:25:34,ERR,ERR,ERR,ERR,ERR,ERR,ERR,ERR,ERR,ERR,ERR,ERR,ERR,ERR,ERR,ERR,ERR,ERR,ERR,ERR,ERR,ERR,ERR,ERR,ERR,ERR,ERR,ERR,ERR,ERR,ERR,ERR,ERR,ERR,ERR,ERR,ERR,ERR,ERR,ERR,ERR,ERR,ERR,ERR,ERR,ERR,ERR,ERR,ERR,ERR,ERR,ERR,ERR,ERR,ERR,ERR,ERR,ERR,ERR,ERR,ERR,ERR,ERR,ERR,ERR,ERR,ERR,ERR,ERR,ERR,ERR,ERR,ERR,ERR,ERR,ERR,ERR,ERR,ERR,ERR,ERR,ERR,ERR,ERR,ERR,ERR,ERR,ERR,ERR,ERR,ERR,ERR,ERR,ERR,ERR,ERR,ERR,ERR,ERR,ERR,ERR,ERR,ERR,ERR,ERR,ERR,ERR,ERR,ERR,ERR,ERR,ERR,ERR,ERR,ERR,ERR,ERR,ERR,ERR,ERR,ERR,ERR,ERR,ERR,ERR,0.0,0.0,2.7420184345643774e+23,0.0,-0.0,-2.200046488560599e+18,-0.0,0.0,4300,0,8,17168,4300,0.0,41,0.0,0.0,0.0,0.0,0.0,0,0,0,0,0.0,0,0,0,0,0,0,0,0,0,0,0,0,0,0,0,0,0,0,0,0,0,0,0,0,0,0,0,0,0,0,0,0,0,11,38,37,48,65476,411,65476,1,0,4,21553,0.0,0.0,0.0,0.0,0.0,0.0,0.0,0.0,0.0,0.0,0.0,0.0,0.0,0.0,0.0,0.0,0.0,0.0,0.0,0.0,0.0,2.004,3.697062548517736e+19,0.0,-3.697074863047967e+19,-0.0,0.0,0.0,0.0,0.0,6501.0,0.0,0.0,0.0,0.0,-107616248.0,-107616272.0,0.0,0.0,2.004,2.004,228,0.0,-2.3088380788877558e+20,0.0,0.0,0.0,0.0,0.0,0.0,0.0,0,0,0,-0.0,79058239488.0,1954.107,1.1126050696363938e+21,1.160399281428133e+22,-0.0,-5.32828090754781e+36,-8.117379829091623e+37,0.0,-5.14621732145127e+25,-0.054,182830383104.0,0.0,0.0,0.0,-0.0,0,1.3516416376850534e+27,228,0.0,456,2.40156025918058e+36,599251620986880.0,2114,52429,17109,0,17112,52429,17095,0,0,0,101,100,100,-0.0,64.7,2.7302337753474445e+23,65.0,0.0,65.0,1,49,50,180,52429,52429,0,0,0.0,0.0,0.0,60.0,0.0,71.0,0.0,-2.7532730989181623e+21,0.0,1069,0,1069,0,0,0,1069,0,1080,0,1000,0,650,0,652,0,647,0,676,0.032,1.4536034330083127e+22,0.0,0.0,21264,16813,0.0,-0.0,-1.7160596577171365e+36,0.0,-3.4805002547165177e+24,1.5573299294625555e+30,50.0,60.0,35,0.0,0.0,10.0,2.0,0.0,0.0,0.0,0.0,0.0,0.0,0.0,0.0,0.0,0.0,0.0,0.0,58.8,23,37,4,27,65476,579,65476,1,0,4,20529,65476,0,0,30147,60.0,0.0,10.0,10.0,2.0,0.0
2026-02-16T12:25:35,ERR,ERR,ERR,ERR,ERR,ERR,ERR,ERR,ERR,ERR,ERR,ERR,ERR,ERR,ERR,ERR,ERR,ERR,ERR,ERR,ERR,ERR,ERR,ERR,ERR,ERR,ERR,ERR,ERR,ERR,ERR,ERR,ERR,ERR,ERR,ERR,ERR,ERR,ERR,ERR,ERR,ERR,ERR,ERR,ERR,ERR,ERR,ERR,ERR,ERR,ERR,ERR,ERR,ERR,ERR,ERR,ERR,ERR,ERR,ERR,ERR,ERR,ERR,ERR,ERR,ERR,ERR,ERR,ERR,ERR,ERR,ERR,ERR,ERR,ERR,ERR,ERR,ERR,ERR,ERR,ERR,ERR,ERR,ERR,ERR,ERR,ERR,ERR,ERR,ERR,ERR,ERR,ERR,ERR,ERR,ERR,ERR,ERR,ERR,ERR,ERR,ERR,ERR,ERR,ERR,ERR,ERR,ERR,ERR,ERR,ERR,ERR,ERR,ERR,ERR,ERR,ERR,ERR,ERR,ERR,ERR,ERR,ERR,ERR,ERR,0.0,0.0,2.7420184345643774e+23,0.0,-0.0,-2.200046488560599e+18,-0.0,0.0,4300,0,8,17168,4300,0.0,41,0.0,0.0,0.0,0.0,0.0,0,0,0,0,0.0,0,0,0,0,0,0,0,0,0,0,0,0,0,0,0,0,0,0,0,0,0,0,0,0,0,0,0,0,0,0,0,0,0,11,38,37,48,65476,411,65476,1,0,4,21553,0.0,0.0,0.0,0.0,0.0,0.0,0.0,0.0,0.0,0.0,0.0,0.0,0.0,0.0,0.0,0.0,0.0,0.0,0.0,0.0,0.0,2.004,3.697062548517736e+19,0.0,-3.697074863047967e+19,-0.0,0.0,0.0,0.0,0.0,6501.0,0.0,0.0,0.0,0.0,-107616248.0,-107616272.0,0.0,0.0,2.004,2.004,228,0.0,-2.3088380788877558e+20,0.0,0.0,0.0,0.0,0.0,0.0,0.0,0,0,0,-0.0,79058239488.0,1954.107,1.1126050696363938e+21,1.160399281428133e+22,-0.0,-5.32828090754781e+36,-8.117379829091623e+37,0.0,-5.14621732145127e+25,-0.054,182830383104.0,0.0,0.0,0.0,-0.0,0,1.3516416376850534e+27,228,0.0,456,2.40156025918058e+36,599251620986880.0,2114,52429,17109,0,17112,52429,17095,0,0,0,101,100,100,-0.0,64.7,2.7302337753474445e+23,65.0,0.0,65.0,1,49,50,180,52429,52429,0,0,0.0,0.0,0.0,60.0,0.0,71.0,0.0,-2.7532730989181623e+21,0.0,1069,0,1069,0,0,0,1069,0,1080,0,1000,0,650,0,652,0,647,0,676,0.032,1.4536034330083127e+22,0.0,0.0,21264,16813,0.0,-0.0,-1.7160596577171365e+36,0.0,-3.4805002547165177e+24,1.5573299294625555e+30,50.0,60.0,35,0.0,0.0,10.0,2.0,0.0,0.0,0.0,0.0,0.0,0.0,0.0,0.0,0.0,0.0,0.0,0.0,58.8,23,37,5,27,65476,579,65476,1,0,4,20529,65476,0,0,30147,60.0,0.0,10.0,10.0,2.0,0.0
2026-02-16T12:25:36,ERR,ERR,ERR,ERR,ERR,ERR,ERR,ERR,ERR,ERR,ERR,ERR,ERR,ERR,ERR,ERR,ERR,ERR,ERR,ERR,ERR,ERR,ERR,ERR,ERR,ERR,ERR,ERR,ERR,ERR,ERR,ERR,ERR,ERR,ERR,ERR,ERR,ERR,ERR,ERR,ERR,ERR,ERR,ERR,ERR,ERR,ERR,ERR,ERR,ERR,ERR,ERR,ERR,ERR,ERR,ERR,ERR,ERR,ERR,ERR,ERR,ERR,ERR,ERR,ERR,ERR,ERR,ERR,ERR,ERR,ERR,ERR,ERR,ERR,ERR,ERR,ERR,ERR,ERR,ERR,ERR,ERR,ERR,ERR,ERR,ERR,ERR,ERR,ERR,ERR,ERR,ERR,ERR,ERR,ERR,ERR,ERR,ERR,ERR,ERR,ERR,ERR,ERR,ERR,ERR,ERR,ERR,ERR,ERR,ERR,ERR,ERR,ERR,ERR,ERR,ERR,ERR,ERR,ERR,ERR,ERR,ERR,ERR,ERR,ERR,0.0,0.0,2.7420184345643774e+23,0.0,-0.0,-2.200046488560599e+18,-0.0,0.0,4300,0,8,17168,4300,0.0,41,0.0,0.0,0.0,0.0,0.0,0,0,0,0,0.0,0,0,0,0,0,0,0,0,0,0,0,0,0,0,0,0,0,0,0,0,0,0,0,0,0,0,0,0,0,0,0,0,0,11,38,37,48,65476,411,65476,1,0,4,21553,0.0,0.0,0.0,0.0,0.0,0.0,0.0,0.0,0.0,0.0,0.0,0.0,0.0,0.0,0.0,0.0,0.0,0.0,0.0,0.0,0.0,2.004,3.697062548517736e+19,0.0,-3.697074863047967e+19,-0.0,0.0,0.0,0.0,0.0,6501.0,0.0,0.0,0.0,0.0,-107616248.0,-107616272.0,0.0,0.0,2.004,2.004,228,0.0,-2.3088380788877558e+20,0.0,0.0,0.0,0.0,0.0,0.0,0.0,0,0,0,-0.0,79058239488.0,1954.107,1.1126050696363938e+21,1.160399281428133e+22,-0.0,-5.32828090754781e+36,-8.117379829091623e+37,0.0,-5.14621732145127e+25,-0.054,182830383104.0,0.0,0.0,0.0,-0.0,0,1.3516416376850534e+27,228,0.0,456,2.40156025918058e+36,599251620986880.0,2114,52429,17109,0,17112,0,17096,0,0,0,101,100,100,2.7302335952034594e+23,64.7,2.7302337753474445e+23,65.0,0.0,65.0,1,49,50,180,52429,0,0,0,0.0,0.0,0.0,60.0,0.0,71.0,0.0,-4.848155609268056e+20,0.0,1069,0,1070,0,0,0,1070,0,1080,0,1000,0,650,0,652,0,648,0,676,0.032,1.1879703183468951e+22,0.0,0.0,43152,16813,0.0,-4.848155609268056e+20,0.224,-0.0,0.0,-0.0,50.0,60.0,35,0.0,0.0,10.0,2.0,0.0,0.0,0.0,0.0,0.0,0.0,0.0,0.0,0.0,0.0,0.0,0.0,58.8,23,37,5,27,65476,579,65476,1,0,4,20529,65476,0,0,30147,60.0,0.0,10.0,10.0,2.0,0.0
2026-02-16T12:25:37,ERR,ERR,ERR,ERR,ERR,ERR,ERR,ERR,ERR,ERR,ERR,ERR,ERR,ERR,ERR,ERR,ERR,ERR,ERR,ERR,ERR,ERR,ERR,ERR,ERR,ERR,ERR,ERR,ERR,ERR,ERR,ERR,ERR,ERR,ERR,ERR,ERR,ERR,ERR,ERR,ERR,ERR,ERR,ERR,ERR,ERR,ERR,ERR,ERR,ERR,ERR,ERR,ERR,ERR,ERR,ERR,ERR,ERR,ERR,ERR,ERR,ERR,ERR,ERR,ERR,ERR,ERR,ERR,ERR,ERR,ERR,ERR,ERR,ERR,ERR,ERR,ERR,ERR,ERR,ERR,ERR,ERR,ERR,ERR,ERR,ERR,ERR,ERR,ERR,ERR,ERR,ERR,ERR,ERR,ERR,ERR,ERR,ERR,ERR,ERR,ERR,ERR,ERR,ERR,ERR,ERR,ERR,ERR,ERR,ERR,ERR,ERR,ERR,ERR,ERR,ERR,ERR,ERR,ERR,ERR,ERR,ERR,ERR,ERR,ERR,0.0,0.0,2.7420184345643774e+23,0.0,-0.0,-2.200046488560599e+18,-0.0,0.0,4300,0,8,17168,4300,0.0,41,0.0,0.0,0.0,0.0,0.0,0,0,0,0,0.0,0,0,0,0,0,0,0,0,0,0,0,0,0,0,0,0,0,0,0,0,0,0,0,0,0,0,0,0,0,0,0,0,0,11,38,37,48,65476,411,65476,1,0,4,21553,0.0,0.0,0.0,0.0,0.0,0.0,0.0,0.0,0.0,0.0,0.0,0.0,0.0,0.0,0.0,0.0,0.0,0.0,0.0,0.0,0.0,2.004,3.697062548517736e+19,0.0,-3.697074863047967e+19,-0.0,0.0,0.0,0.0,0.0,6501.0,0.0,0.0,0.0,0.0,-107616248.0,-107616272.0,0.0,0.0,2.004,2.004,228,0.0,-2.3088380788877558e+20,0.0,0.0,0.0,0.0,0.0,0.0,0.0,0,0,0,-0.0,79058239488.0,1954.107,1.1126050696363938e+21,1.160399281428133e+22,-0.0,-5.32828090754781e+36,-8.117379829091623e+37,0.0,-5.14621732145127e+25,-0.054,182830383104.0,0.0,0.0,0.0,-0.0,0,1.3516416376850534e+27,228,0.0,456,2.40156025918058e+36,599251620986880.0,2114,52429,17109,0,17112,0,17096,0,0,0,101,100,100,2.7302335952034594e+23,64.7,2.7302337753474445e+23,65.0,0.0,65.0,1,49,50,180,52429,0,0,0,0.0,0.0,0.0,60.0,0.0,71.0,0.0,-4.848155609268056e+20,0.0,1069,0,1070,0,0,0,1070,0,1080,0,1000,0,650,0,652,0,648,0,676,0.032,1.1879703183468951e+22,0.0,0.0,43152,16813,0.0,-4.848155609268056e+20,0.224,-0.0,0.0,-0.0,50.0,60.0,35,0.0,0.0,10.0,2.0,0.0,0.0,0.0,0.0,0.0,0.0,0.0,0.0,0.0,0.0,0.0,0.0,58.8,23,37,5,27,65476,569,65476,1,0,4,20529,65476,0,0,30147,60.0,0.0,10.0,10.0,2.0,0.0
2026-02-16T12:25:38,ERR,ERR,ERR,ERR,ERR,ERR,ERR,ERR,ERR,ERR,ERR,ERR,ERR,ERR,ERR,ERR,ERR,ERR,ERR,ERR,ERR,ERR,ERR,ERR,ERR,ERR,ERR,ERR,ERR,ERR,ERR,ERR,ERR,ERR,ERR,ERR,ERR,ERR,ERR,ERR,ERR,ERR,ERR,ERR,ERR,ERR,ERR,ERR,ERR,ERR,ERR,ERR,ERR,ERR,ERR,ERR,ERR,ERR,ERR,ERR,ERR,ERR,ERR,ERR,ERR,ERR,ERR,ERR,ERR,ERR,ERR,ERR,ERR,ERR,ERR,ERR,ERR,ERR,ERR,ERR,ERR,ERR,ERR,ERR,ERR,ERR,ERR,ERR,ERR,ERR,ERR,ERR,ERR,ERR,ERR,ERR,ERR,ERR,ERR,ERR,ERR,ERR,ERR,ERR,ERR,ERR,ERR,ERR,ERR,ERR,ERR,ERR,ERR,ERR,ERR,ERR,ERR,ERR,ERR,ERR,ERR,ERR,ERR,ERR,ERR,0.0,0.0,-107090016.0,0.0,-1.5801034473788647e+29,-0.0,0.0,-75904.125,4300,0,8,17168,4300,0.0,41,0.0,0.0,0.0,0.0,0.0,0,0,0,0,0.0,0,0,0,0,0,0,0,0,0,0,0,0,0,0,0,0,0,0,0,0,0,0,0,0,0,0,0,0,0,0,0,0,0,11,38,37,48,65476,412,65476,1,0,4,21553,0.0,0.0,0.0,0.0,0.0,0.0,0.0,0.0,0.0,0.0,0.0,0.0,0.0,0.0,0.0,0.0,0.0,0.0,0.0,0.0,0.0,2.004,3.697062548517736e+19,2.004,-3.697074863047967e+19,3.697076622266571e+19,0.0,0.0,0.0,0.0,6467.0,2.423001163129585e+24,0.0,0.0,0.0,-107616248.0,-0.0,0.0,0.0,2.004,2.004,226,0.0,-0.0,0.0,0.0,0.0,0.0,0.0,0.0,0.0,0,0,0,-0.001,-424.515,2.4767230898750127e+21,0.0,5.5674280620210646e+26,-889887.312,-6915711565824.0,-0.0,-1.2352083391030913e+20,-5.539118212826024e+25,-0.056,196789026816.0,0.0,0.0,0.0,-0.0,0,1.3516416376850534e+27,226,0.0,452,2.40156025918058e+36,599251620986880.0,2114,52429,17109,0,17112,0,17096,0,0,0,101,100,100,2.7302335952034594e+23,64.7,2.7302337753474445e+23,65.0,0.0,65.0,1,49,50,180,52429,0,0,0,0.0,0.0,0.0,60.0,0.0,71.0,0.0,-4.848155609268056e+20,0.0,1069,0,1070,0,0,0,1070,0,1080,0,1000,0,650,0,652,0,648,0,676,0.032,1.1879703183468951e+22,0.0,0.0,43152,16813,0.0,-4.848155609268056e+20,0.224,-0.0,0.0,-0.0,50.0,60.0,35,0.0,0.0,10.0,2.0,0.0,0.0,0.0,0.0,0.0,0.0,0.0,0.0,0.0,0.0,0.0,0.0,58.8,23,37,5,27,65476,569,65476,1,0,4,20529,65476,0,0,30147,60.0,0.0,10.0,10.0,2.0,0.0
2026-02-16T12:25:39,ERR,ERR,ERR,ERR,ERR,ERR,ERR,ERR,ERR,ERR,ERR,ERR,ERR,ERR,ERR,ERR,ERR,ERR,ERR,ERR,ERR,ERR,ERR,ERR,ERR,ERR,ERR,ERR,ERR,ERR,ERR,ERR,ERR,ERR,ERR,ERR,ERR,ERR,ERR,ERR,ERR,ERR,ERR,ERR,ERR,ERR,ERR,ERR,ERR,ERR,ERR,ERR,ERR,ERR,ERR,ERR,ERR,ERR,ERR,ERR,ERR,ERR,ERR,ERR,ERR,ERR,ERR,ERR,ERR,ERR,ERR,ERR,ERR,ERR,ERR,ERR,ERR,ERR,ERR,ERR,ERR,ERR,ERR,ERR,ERR,ERR,ERR,ERR,ERR,ERR,ERR,ERR,ERR,ERR,ERR,ERR,ERR,ERR,ERR,ERR,ERR,ERR,ERR,ERR,ERR,ERR,ERR,ERR,ERR,ERR,ERR,ERR,ERR,ERR,ERR,ERR,ERR,ERR,ERR,ERR,ERR,ERR,ERR,ERR,ERR,0.0,0.0,-107090016.0,0.0,-1.5801034473788647e+29,-0.0,0.0,-75904.125,4300,0,8,17168,4300,0.0,41,0.0,0.0,0.0,0.0,0.0,0,0,0,0,0.0,0,0,0,0,0,0,0,0,0,0,0,0,0,0,0,0,0,0,0,0,0,0,0,0,0,0,0,0,0,0,0,0,0,11,38,37,48,65476,412,65476,1,0,4,21553,0.0,0.0,0.0,0.0,0.0,0.0,0.0,0.0,0.0,0.0,0.0,0.0,0.0,0.0,0.0,0.0,0.0,0.0,0.0,0.0,0.0,2.004,3.697062548517736e+19,2.004,-3.697074863047967e+19,3.697076622266571e+19,0.0,0.0,0.0,0.0,6467.0,2.423001163129585e+24,0.0,0.0,0.0,-107616248.0,-0.0,0.0,0.0,2.004,2.004,226,0.0,-0.0,0.0,0.0,0.0,0.0,0.0,0.0,0.0,0,0,0,-0.001,-424.515,2.4767230898750127e+21,0.0,5.5674280620210646e+26,-889887.312,-6915711565824.0,-0.0,-1.2352083391030913e+20,-5.539118212826024e+25,-0.056,196789026816.0,0.0,0.0,0.0,-0.0,0,1.3516416376850534e+27,226,0.0,452,2.40156025918058e+36,599251620986880.0,2114,52429,17109,0,17112,0,17096,0,0,0,101,100,100,2.7302335952034594e+23,64.7,2.7302337753474445e+23,65.0,0.0,65.0,1,49,50,180,52429,0,0,0,0.0,0.0,0.0,60.0,0.0,71.0,0.0,-4.848155609268056e+20,0.0,1069,0,1070,0,0,0,1070,0,1080,0,1000,0,650,0,652,0,648,0,676,0.032,1.1879703183468951e+22,0.0,0.0,43152,16813,0.0,-4.848155609268056e+20,0.224,-0.0,0.0,-0.0,50.0,60.0,35,0.0,0.0,10.0,2.0,0.0,0.0,0.0,0.0,0.0,0.0,0.0,0.0,0.0,0.0,0.0,0.0,59.2,23,37,4,27,65476,569,65476,0,0,2,20529,65476,0,0,30147,60.0,0.0,10.0,10.0,2.0,0.0
2026-02-16T12:25:40,ERR,ERR,ERR,ERR,ERR,ERR,ERR,ERR,ERR,ERR,ERR,ERR,ERR,ERR,ERR,ERR,ERR,ERR,ERR,ERR,ERR,ERR,ERR,ERR,ERR,ERR,ERR,ERR,ERR,ERR,ERR,ERR,ERR,ERR,ERR,ERR,ERR,ERR,ERR,ERR,ERR,ERR,ERR,ERR,ERR,ERR,ERR,ERR,ERR,ERR,ERR,ERR,ERR,ERR,ERR,ERR,ERR,ERR,ERR,ERR,ERR,ERR,ERR,ERR,ERR,ERR,ERR,ERR,ERR,ERR,ERR,ERR,ERR,ERR,ERR,ERR,ERR,ERR,ERR,ERR,ERR,ERR,ERR,ERR,ERR,ERR,ERR,ERR,ERR,ERR,ERR,ERR,ERR,ERR,ERR,ERR,ERR,ERR,ERR,ERR,ERR,ERR,ERR,ERR,ERR,ERR,ERR,ERR,ERR,ERR,ERR,ERR,ERR,ERR,ERR,ERR,ERR,ERR,ERR,ERR,ERR,ERR,ERR,ERR,ERR,0.0,0.0,-107090016.0,0.0,-1.5801034473788647e+29,-0.0,0.0,-75904.125,4300,0,8,17168,4300,0.0,41,0.0,0.0,0.0,0.0,0.0,0,0,0,0,0.0,0,0,0,0,0,0,0,0,0,0,0,0,0,0,0,0,0,0,0,0,0,0,0,0,0,0,0,0,0,0,0,0,0,11,38,37,48,65476,412,65476,1,0,4,21553,0.0,0.0,0.0,0.0,0.0,0.0,0.0,0.0,0.0,0.0,0.0,0.0,0.0,0.0,0.0,0.0,0.0,0.0,0.0,0.0,0.0,2.004,3.697062548517736e+19,2.004,-3.697074863047967e+19,3.697076622266571e+19,0.0,0.0,0.0,0.0,6467.0,2.423001163129585e+24,0.0,0.0,0.0,-107616248.0,-0.0,0.0,0.0,2.004,2.004,226,0.0,-0.0,0.0,0.0,0.0,0.0,0.0,0.0,0.0,0,0,0,-0.001,-424.515,2.4767230898750127e+21,0.0,5.5674280620210646e+26,-889887.312,-6915711565824.0,-0.0,-1.2352083391030913e+20,-5.539118212826024e+25,-0.056,196789026816.0,0.0,0.0,0.0,-0.0,0,1.3516416376850534e+27,226,0.0,452,2.40156025918058e+36,599251620986880.0,2114,52429,17109,0,17112,0,17096,0,0,0,101,100,100,2.7302335952034594e+23,64.7,2.7302337753474445e+23,65.0,0.0,65.0,1,49,50,180,52429,0,0,0,0.0,0.0,0.0,60.0,0.0,71.0,0.0,-0.185,0.0,1069,0,1070,0,0,0,1069,0,1080,0,1000,0,650,0,652,0,648,0,676,0.032,1.2469998993827657e+22,0.0,0.0,26512,16813,0.0,-0.185,119434752557056.0,27.969,19688977334272.0,-64.625,50.0,60.0,35,0.0,0.0,10.0,2.0,0.0,0.0,0.0,0.0,0.0,0.0,0.0,0.0,0.0,0.0,0.0,0.0,58.8,23,37,4,27,65476,490,300,0,0,4,20529,65476,0,0,30147,60.0,0.0,10.0,10.0,2.0,0.0
2026-02-16T12:25:41,ERR,ERR,ERR,ERR,ERR,ERR,ERR,ERR,ERR,ERR,ERR,ERR,ERR,ERR,ERR,ERR,ERR,ERR,ERR,ERR,ERR,ERR,ERR,ERR,ERR,ERR,ERR,ERR,ERR,ERR,ERR,ERR,ERR,ERR,ERR,ERR,ERR,ERR,ERR,ERR,ERR,ERR,ERR,ERR,ERR,ERR,ERR,ERR,ERR,ERR,ERR,ERR,ERR,ERR,ERR,ERR,ERR,ERR,ERR,ERR,ERR,ERR,ERR,ERR,ERR,ERR,ERR,ERR,ERR,ERR,ERR,ERR,ERR,ERR,ERR,ERR,ERR,ERR,ERR,ERR,ERR,ERR,ERR,ERR,ERR,ERR,ERR,ERR,ERR,ERR,ERR,ERR,ERR,ERR,ERR,ERR,ERR,ERR,ERR,ERR,ERR,ERR,ERR,ERR,ERR,ERR,ERR,ERR,ERR,ERR,ERR,ERR,ERR,ERR,ERR,ERR,ERR,ERR,ERR,ERR,ERR,ERR,ERR,ERR,ERR,0.0,0.0,-107090016.0,0.0,-1.5801034473788647e+29,-0.0,0.0,-75904.125,4300,0,8,17168,4300,0.0,41,0.0,0.0,0.0,0.0,0.0,0,0,0,0,0.0,0,0,0,0,0,0,0,0,0,0,0,0,0,0,0,0,0,0,0,0,0,0,0,0,0,0,0,0,0,0,0,0,0,11,38,37,48,65476,412,65476,1,0,4,21553,0.0,0.0,0.0,0.0,0.0,0.0,0.0,0.0,0.0,0.0,0.0,0.0,0.0,0.0,0.0,0.0,0.0,0.0,0.0,0.0,0.0,2.004,3.697062548517736e+19,2.004,-3.697074863047967e+19,3.697076622266571e+19,0.0,0.0,0.0,0.0,6467.0,2.423001163129585e+24,0.0,0.0,0.0,-107616248.0,-0.0,0.0,0.0,2.004,2.004,226,0.0,-0.0,0.0,0.0,0.0,0.0,0.0,0.0,0.0,0,0,0,-0.001,-424.515,2.4767230898750127e+21,0.0,5.5674280620210646e+26,-889887.312,-6915711565824.0,-0.0,-1.2352083391030913e+20,-5.539118212826024e+25,-0.056,196789026816.0,0.0,0.0,0.0,-0.0,0,1.3516416376850534e+27,226,0.0,452,2.40156025918058e+36,599251620986880.0,2114,52429,17109,0,17112,0,17096,0,0,0,101,100,100,2.7302335952034594e+23,64.7,2.7302337753474445e+23,65.0,0.0,65.0,1,49,50,180,52429,0,0,0,0.0,0.0,0.0,60.0,0.0,71.0,0.0,-0.185,0.0,1069,0,1070,0,0,0,1069,0,1080,0,1000,0,650,0,652,0,648,0,676,0.032,1.2469998993827657e+22,0.0,0.0,26512,16813,0.0,-0.185,119434752557056.0,27.969,19688977334272.0,-64.625,50.0,60.0,35,0.0,0.0,10.0,2.0,0.0,0.0,0.0,0.0,0.0,0.0,0.0,0.0,0.0,0.0,0.0,0.0,58.8,23,37,4,27,65476,490,300,0,0,4,20529,65476,0,0,30147,60.0,0.0,10.0,10.0,2.0,0.0
2026-02-16T12:25:42,ERR,ERR,ERR,ERR,ERR,ERR,ERR,ERR,ERR,ERR,ERR,ERR,ERR,ERR,ERR,ERR,ERR,ERR,ERR,ERR,ERR,ERR,ERR,ERR,ERR,ERR,ERR,ERR,ERR,ERR,ERR,ERR,ERR,ERR,ERR,ERR,ERR,ERR,ERR,ERR,ERR,ERR,ERR,ERR,ERR,ERR,ERR,ERR,ERR,ERR,ERR,ERR,ERR,ERR,ERR,ERR,ERR,ERR,ERR,ERR,ERR,ERR,ERR,ERR,ERR,ERR,ERR,ERR,ERR,ERR,ERR,ERR,ERR,ERR,ERR,ERR,ERR,ERR,ERR,ERR,ERR,ERR,ERR,ERR,ERR,ERR,ERR,ERR,ERR,ERR,ERR,ERR,ERR,ERR,ERR,ERR,ERR,ERR,ERR,ERR,ERR,ERR,ERR,ERR,ERR,ERR,ERR,ERR,ERR,ERR,ERR,ERR,ERR,ERR,ERR,ERR,ERR,ERR,ERR,ERR,ERR,ERR,ERR,ERR,ERR,0.0,107616352.0,0.0,0.0,71072154124288.0,320008.656,-0.0,9.722589336394092e+35,4300,0,8,17168,4300,0.0,41,0.0,0.0,0.0,0.0,0.0,0,0,0,0,0.0,0,0,0,0,0,0,0,0,0,0,0,0,0,0,0,0,0,0,0,0,0,0,0,0,0,0,0,0,0,0,0,0,0,11,37,37,48,65476,412,65476,1,0,4,21553,0.0,0.0,0.0,0.0,0.0,0.0,0.0,0.0,0.0,0.0,0.0,0.0,0.0,0.0,0.0,0.0,0.0,0.0,0.0,0.0,0.0,2.004,2.004,3.6970818999223845e+19,-3.697074863047967e+19,2.004,0.0,0.0,0.0,0.0,6463.0,-0.0,0.0,0.0,107616352.0,-107616248.0,-0.0,0.0,0.0,2.004,2.004,227,-2.3088280513417105e+20,0.0,0.0,0.0,0.0,0.0,0.0,0.0,0.0,0,0,0,-0.002,0.0,4.217148827066319e+28,-1.2120083939479758e+22,2.1169740684919907e+38,0.0,-1.0353740345553572e+29,0.0,43587864.0,-5.871572813220047e+25,-0.06,210747670528.0,0.0,0.0,0.0,-0.0,0,1.3516416376850534e+27,227,0.0,454,0.0,0.0,2114,52429,17109,0,17112,0,17096,0,0,0,101,100,100,2.7302335952034594e+23,64.7,2.7302337753474445e+23,65.0,0.0,65.0,1,49,50,180,52429,0,0,0,0.0,0.0,0.0,60.0,0.0,71.0,0.0,-0.185,0.0,1069,0,1070,0,0,0,1069,0,1080,0,1000,0,650,0,652,0,648,0,676,0.032,1.2469998993827657e+22,0.0,0.0,26512,16813,0.0,-0.185,119434752557056.0,27.969,19688977334272.0,-64.625,50.0,60.0,35,0.0,0.0,10.0,2.0,0.0,0.0,0.0,0.0,0.0,0.0,0.0,0.0,0.0,0.0,0.0,0.0,59.2,25,36,3,27,65476,487,65476,0,0,2,20529,65476,0,0,30147,60.0,0.0,10.0,10.0,2.0,0.0
2026-02-16T12:25:43,ERR,ERR,ERR,ERR,ERR,ERR,ERR,ERR,ERR,ERR,ERR,ERR,ERR,ERR,ERR,ERR,ERR,ERR,ERR,ERR,ERR,ERR,ERR,ERR,ERR,ERR,ERR,ERR,ERR,ERR,ERR,ERR,ERR,ERR,ERR,ERR,ERR,ERR,ERR,ERR,ERR,ERR,ERR,ERR,ERR,ERR,ERR,ERR,ERR,ERR,ERR,ERR,ERR,ERR,ERR,ERR,ERR,ERR,ERR,ERR,ERR,ERR,ERR,ERR,ERR,ERR,ERR,ERR,ERR,ERR,ERR,ERR,ERR,ERR,ERR,ERR,ERR,ERR,ERR,ERR,ERR,ERR,ERR,ERR,ERR,ERR,ERR,ERR,ERR,ERR,ERR,ERR,ERR,ERR,ERR,ERR,ERR,ERR,ERR,ERR,ERR,ERR,ERR,ERR,ERR,ERR,ERR,ERR,ERR,ERR,ERR,ERR,ERR,ERR,ERR,ERR,ERR,ERR,ERR,ERR,ERR,ERR,ERR,ERR,ERR,0.0,107616352.0,0.0,0.0,71072154124288.0,320008.656,-0.0,9.722589336394092e+35,4300,0,8,17168,4300,0.0,41,0.0,0.0,0.0,0.0,0.0,0,0,0,0,0.0,0,0,0,0,0,0,0,0,0,0,0,0,0,0,0,0,0,0,0,0,0,0,0,0,0,0,0,0,0,0,0,0,0,11,37,37,48,65476,412,65476,1,0,4,21553,0.0,0.0,0.0,0.0,0.0,0.0,0.0,0.0,0.0,0.0,0.0,0.0,0.0,0.0,0.0,0.0,0.0,0.0,0.0,0.0,0.0,2.004,2.004,3.6970818999223845e+19,-3.697074863047967e+19,2.004,0.0,0.0,0.0,0.0,6463.0,-0.0,0.0,0.0,107616352.0,-107616248.0,-0.0,0.0,0.0,2.004,2.004,227,-2.3088280513417105e+20,0.0,0.0,0.0,0.0,0.0,0.0,0.0,0.0,0,0,0,-0.002,0.0,4.217148827066319e+28,-1.2120083939479758e+22,2.1169740684919907e+38,0.0,-1.0353740345553572e+29,0.0,43587864.0,-5.871572813220047e+25,-0.06,210747670528.0,0.0,0.0,0.0,-0.0,0,1.3516416376850534e+27,227,0.0,454,0.0,0.0,2114,0,17110,0,17112,0,17096,0,0,0,101,100,100,2.7302335952034594e+23,64.7,2.7302337753474445e+23,65.0,0.0,65.0,1,49,50,180,52429,0,0,0,0.0,0.0,0.0,60.0,0.0,71.0,0.0,-0.0,0.0,1069,0,1070,0,0,0,1070,0,1080,0,1000,0,650,0,652,0,648,0,676,0.032,1.4536034330083127e+22,0.0,0.0,33424,16813,0.0,-0.0,-4.064421661943235e+31,773135.0,-1.0106520667005387e+19,1.2890179852675817e+26,50.0,60.0,35,0.0,0.0,10.0,2.0,0.0,0.0,0.0,0.0,0.0,0.0,0.0,0.0,0.0,0.0,0.0,0.0,58.8,28,32,0,27,65476,329,65476,0,0,4,20529,65476,0,0,30147,60.0,0.0,10.0,10.0,2.0,0.0
2026-02-16T12:25:44,ERR,ERR,ERR,ERR,ERR,ERR,ERR,ERR,ERR,ERR,ERR,ERR,ERR,ERR,ERR,ERR,ERR,ERR,ERR,ERR,ERR,ERR,ERR,ERR,ERR,ERR,ERR,ERR,ERR,ERR,ERR,ERR,ERR,ERR,ERR,ERR,ERR,ERR,ERR,ERR,ERR,ERR,ERR,ERR,ERR,ERR,ERR,ERR,ERR,ERR,ERR,ERR,ERR,ERR,ERR,ERR,ERR,ERR,ERR,ERR,ERR,ERR,ERR,ERR,ERR,ERR,ERR,ERR,ERR,ERR,ERR,ERR,ERR,ERR,ERR,ERR,ERR,ERR,ERR,ERR,ERR,ERR,ERR,ERR,ERR,ERR,ERR,ERR,ERR,ERR,ERR,ERR,ERR,ERR,ERR,ERR,ERR,ERR,ERR,ERR,ERR,ERR,ERR,ERR,ERR,ERR,ERR,ERR,ERR,ERR,ERR,ERR,ERR,ERR,ERR,ERR,ERR,ERR,ERR,ERR,ERR,ERR,ERR,ERR,ERR,0.0,107616352.0,0.0,0.0,71072154124288.0,320008.656,-0.0,9.722589336394092e+35,4300,0,8,17168,4300,0.0,41,0.0,0.0,0.0,0.0,0.0,0,0,0,0,0.0,0,0,0,0,0,0,0,0,0,0,0,0,0,0,0,0,0,0,0,0,0,0,0,0,0,0,0,0,0,0,0,0,0,11,37,37,48,65476,412,65476,1,0,4,21553,0.0,0.0,0.0,0.0,0.0,0.0,0.0,0.0,0.0,0.0,0.0,0.0,0.0,0.0,0.0,0.0,0.0,0.0,0.0,0.0,0.0,2.004,2.004,3.6970818999223845e+19,-3.697074863047967e+19,2.004,0.0,0.0,0.0,0.0,6463.0,-0.0,0.0,0.0,107616352.0,-107616248.0,-0.0,0.0,0.0,2.004,2.004,227,-2.3088280513417105e+20,0.0,0.0,0.0,0.0,0.0,0.0,0.0,0.0,0,0,0,-0.002,0.0,4.217148827066319e+28,-1.2120083939479758e+22,2.1169740684919907e+38,0.0,-1.0353740345553572e+29,0.0,43587864.0,-5.871572813220047e+25,-0.06,210747670528.0,0.0,0.0,0.0,-0.0,0,1.3516416376850534e+27,227,0.0,454,0.0,0.0,2114,0,17110,0,17112,0,17096,0,0,0,101,100,100,2.7302335952034594e+23,64.7,2.7302337753474445e+23,65.0,0.0,65.0,1,49,50,180,52429,0,0,0,0.0,0.0,0.0,60.0,0.0,71.0,0.0,-0.0,0.0,1069,0,1070,0,0,0,1070,0,1080,0,1000,0,650,0,652,0,648,0,676,0.032,1.4536034330083127e+22,0.0,0.0,33424,16813,0.0,-0.0,-4.064421661943235e+31,773135.0,-1.0106520667005387e+19,1.2890179852675817e+26,50.0,60.0,35,0.0,0.0,10.0,2.0,0.0,0.0,0.0,0.0,0.0,0.0,0.0,0.0,0.0,0.0,0.0,0.0,58.8,28,32,0,27,65476,329,65476,0,0,4,20529,65476,0,0,30147,60.0,0.0,10.0,10.0,2.0,0.0
2026-02-16T12:25:45,ERR,ERR,ERR,ERR,ERR,ERR,ERR,ERR,ERR,ERR,ERR,ERR,ERR,ERR,ERR,ERR,ERR,ERR,ERR,ERR,ERR,ERR,ERR,ERR,ERR,ERR,ERR,ERR,ERR,ERR,ERR,ERR,ERR,ERR,ERR,ERR,ERR,ERR,ERR,ERR,ERR,ERR,ERR,ERR,ERR,ERR,ERR,ERR,ERR,ERR,ERR,ERR,ERR,ERR,ERR,ERR,ERR,ERR,ERR,ERR,ERR,ERR,ERR,ERR,ERR,ERR,ERR,ERR,ERR,ERR,ERR,ERR,ERR,ERR,ERR,ERR,ERR,ERR,ERR,ERR,ERR,ERR,ERR,ERR,ERR,ERR,ERR,ERR,ERR,ERR,ERR,ERR,ERR,ERR,ERR,ERR,ERR,ERR,ERR,ERR,ERR,ERR,ERR,ERR,ERR,ERR,ERR,ERR,ERR,ERR,ERR,ERR,ERR,ERR,ERR,ERR,ERR,ERR,ERR,ERR,ERR,ERR,ERR,ERR,ERR,0.0,107616352.0,0.0,0.0,71072154124288.0,320008.656,-0.0,9.722589336394092e+35,4300,0,8,17168,4300,0.0,41,0.0,0.0,0.0,0.0,0.0,0,0,0,0,0.0,0,0,0,0,0,0,0,0,0,0,0,0,0,0,0,0,0,0,0,0,0,0,0,0,0,0,0,0,0,0,0,0,0,11,37,37,48,65476,412,65476,1,0,4,21553,0.0,0.0,0.0,0.0,0.0,0.0,0.0,0.0,0.0,0.0,0.0,0.0,0.0,0.0,0.0,0.0,0.0,0.0,0.0,0.0,0.0,2.004,2.004,3.6970818999223845e+19,-3.697074863047967e+19,2.004,0.0,0.0,0.0,0.0,6463.0,-0.0,0.0,0.0,107616352.0,-107616248.0,-0.0,0.0,0.0,2.004,2.004,227,-2.3088280513417105e+20,0.0,0.0,0.0,0.0,0.0,0.0,0.0,0.0,0,0,0,-0.002,0.0,4.217148827066319e+28,-1.2120083939479758e+22,2.1169740684919907e+38,0.0,-1.0353740345553572e+29,0.0,43587864.0,-5.871572813220047e+25,-0.06,210747670528.0,0.0,0.0,0.0,-0.0,0,1.3516416376850534e+27,227,0.0,454,0.0,0.0,2114,0,17110,0,17112,0,17096,0,0,0,101,100,100,2.7302335952034594e+23,64.7,2.7302337753474445e+23,65.0,0.0,65.0,1,49,50,180,52429,0,0,0,0.0,0.0,0.0,60.0,0.0,71.0,0.0,-0.0,0.0,1069,0,1070,0,0,0,1070,0,1080,0,1000,0,650,0,652,0,648,0,676,0.032,1.4536034330083127e+22,0.0,0.0,33424,16813,0.0,-0.0,-4.064421661943235e+31,773135.0,-1.0106520667005387e+19,1.2890179852675817e+26,50.0,60.0,35,0.0,0.0,10.0,2.0,0.0,0.0,0.0,0.0,0.0,0.0,0.0,0.0,0.0,0.0,0.0,0.0,58.8,30,31,65534,27,65476,249,65476,0,0,4,20529,65476,0,0,30147,60.0,0.0,10.0,10.0,2.0,0.0
2026-02-16T12:25:46,ERR,ERR,ERR,ERR,ERR,ERR,ERR,ERR,ERR,ERR,ERR,ERR,ERR,ERR,ERR,ERR,ERR,ERR,ERR,ERR,ERR,ERR,ERR,ERR,ERR,ERR,ERR,ERR,ERR,ERR,ERR,ERR,ERR,ERR,ERR,ERR,ERR,ERR,ERR,ERR,ERR,ERR,ERR,ERR,ERR,ERR,ERR,ERR,ERR,ERR,ERR,ERR,ERR,ERR,ERR,ERR,ERR,ERR,ERR,ERR,ERR,ERR,ERR,ERR,ERR,ERR,ERR,ERR,ERR,ERR,ERR,ERR,ERR,ERR,ERR,ERR,ERR,ERR,ERR,ERR,ERR,ERR,ERR,ERR,ERR,ERR,ERR,ERR,ERR,ERR,ERR,ERR,ERR,ERR,ERR,ERR,ERR,ERR,ERR,ERR,ERR,ERR,ERR,ERR,ERR,ERR,ERR,ERR,ERR,ERR,ERR,ERR,ERR,ERR,ERR,ERR,ERR,ERR,ERR,ERR,ERR,ERR,ERR,ERR,ERR,0.0,107616352.0,0.0,0.0,71072154124288.0,320008.656,-0.0,9.722589336394092e+35,4300,0,8,17168,4300,0.0,41,0.0,0.0,0.0,0.0,0.0,0,0,0,0,0.0,0,0,0,0,0,0,0,0,0,0,0,0,0,0,0,0,0,0,0,0,0,0,0,0,0,0,0,0,0,0,0,0,0,11,37,37,48,65476,412,65476,1,0,4,21553,0.0,0.0,0.0,0.0,0.0,0.0,0.0,0.0,0.0,0.0,0.0,0.0,0.0,0.0,0.0,0.0,0.0,0.0,0.0,0.0,0.0,2.004,2.004,3.6970818999223845e+19,-3.697074863047967e+19,2.004,0.0,0.0,0.0,0.0,6463.0,-0.0,0.0,0.0,107616352.0,-107616248.0,-0.0,0.0,0.0,2.004,2.004,227,-2.3088280513417105e+20,0.0,0.0,0.0,0.0,0.0,0.0,0.0,0.0,0,0,0,-0.002,0.0,4.217148827066319e+28,-1.2120083939479758e+22,2.1169740684919907e+38,0.0,-1.0353740345553572e+29,0.0,43587864.0,-5.871572813220047e+25,-0.06,210747670528.0,0.0,0.0,0.0,-0.0,0,1.3516416376850534e+27,227,0.0,454,0.0,0.0,2114,0,17110,0,17112,0,17096,0,0,0,101,100,100,-0.0,64.7,2.7302337753474445e+23,65.0,0.0,65.0,1,49,50,180,52429,0,0,0,0.0,0.0,0.0,60.0,0.0,71.0,0.0,-1.1405601764120986e+18,0.0,1069,0,1070,0,0,0,1069,0,1080,0,1000,0,650,0,652,0,648,0,676,0.032,1.195349015976379e+22,0.0,0.0,22544,16813,-5.327710464777708e+36,-2.804268114169037e+16,-3.2364789011884355e+31,607140864.0,-5.049799551934792e+17,1.4148220358970999e+25,50.0,60.0,35,0.0,0.0,10.0,2.0,0.0,0.0,0.0,0.0,0.0,0.0,0.0,0.0,0.0,0.0,0.0,0.0,58.8,30,31,65534,27,65476,249,65476,0,0,4,20529,65476,0,0,30147,60.0,0.0,10.0,10.0,2.0,0.0
2026-02-16T12:25:47,ERR,ERR,ERR,ERR,ERR,ERR,ERR,ERR,ERR,ERR,ERR,ERR,ERR,ERR,ERR,ERR,ERR,ERR,ERR,ERR,ERR,ERR,ERR,ERR,ERR,ERR,ERR,ERR,ERR,ERR,ERR,ERR,ERR,ERR,ERR,ERR,ERR,ERR,ERR,ERR,ERR,ERR,ERR,ERR,ERR,ERR,ERR,ERR,ERR,ERR,ERR,ERR,ERR,ERR,ERR,ERR,ERR,ERR,ERR,ERR,ERR,ERR,ERR,ERR,ERR,ERR,ERR,ERR,ERR,ERR,ERR,ERR,ERR,ERR,ERR,ERR,ERR,ERR,ERR,ERR,ERR,ERR,ERR,ERR,ERR,ERR,ERR,ERR,ERR,ERR,ERR,ERR,ERR,ERR,ERR,ERR,ERR,ERR,ERR,ERR,ERR,ERR,ERR,ERR,ERR,ERR,ERR,ERR,ERR,ERR,ERR,ERR,ERR,ERR,ERR,ERR,ERR,ERR,ERR,ERR,ERR,ERR,ERR,ERR,ERR,0.0,107616352.0,0.0,0.0,71072154124288.0,-0.0,4.959513789455989e+24,0.0,4300,0,8,17169,4300,0.0,41,0.0,0.0,0.0,0.0,2.7184166902131945e+23,0,0,0,0,0.0,0,0,0,0,0,0,0,0,0,0,0,0,0,0,0,0,0,0,0,0,0,0,0,0,0,0,0,0,0,0,0,0,0,11,37,37,48,65476,413,65476,1,0,4,21553,0.0,0.0,0.0,0.0,0.0,0.0,0.0,0.0,0.0,0.0,0.0,0.0,0.0,0.0,0.0,0.0,0.0,0.0,0.0,0.0,0.0,2.004,2.004,3.6970818999223845e+19,-3.697074863047967e+19,2.004,0.0,0.0,0.0,0.0,6460.0,564148853276672.0,0.0,0.0,2.7184527190102135e+23,-107616248.0,-0.0,0.0,0.0,2.004,2.004,226,-107614784.0,-1.9056955434939187e+17,0.0,0.0,0.0,0.0,0.0,0.0,0.0,0,0,0,-0.006,0.0,3.361113587622871e+17,2.254702180785193e+17,3.0136186385880758e+23,-1.5635551360660164e+38,0.009,0.0,-0.0,-6.2644737045948016e+25,-0.063,223632572416.0,0.0,0.0,0.0,-0.0,0,1.3516416376850534e+27,226,0.0,452,0.0,0.0,2114,0,17110,0,17112,0,17096,0,0,0,101,100,100,-0.0,64.7,2.7302337753474445e+23,65.0,0.0,65.0,1,49,50,180,52429,0,0,0,0.0,0.0,0.0,60.0,0.0,71.0,0.0,-1.1405601764120986e+18,0.0,1069,0,1070,0,0,0,1069,0,1080,0,1000,0,650,0,652,0,648,0,676,0.032,1.195349015976379e+22,0.0,0.0,22544,16813,-5.327710464777708e+36,-2.804268114169037e+16,-3.2364789011884355e+31,607140864.0,-5.049799551934792e+17,1.4148220358970999e+25,50.0,60.0,35,0.0,0.0,10.0,2.0,0.0,0.0,0.0,0.0,0.0,0.0,0.0,0.0,0.0,0.0,0.0,0.0,58.8,37,24,65526,27,65476,89,65476,0,0,4,20529,65476,0,0,30147,60.0,0.0,10.0,10.0,2.0,0.0
2026-02-16T12:25:48,ERR,ERR,ERR,ERR,ERR,ERR,ERR,ERR,ERR,ERR,ERR,ERR,ERR,ERR,ERR,ERR,ERR,ERR,ERR,ERR,ERR,ERR,ERR,ERR,ERR,ERR,ERR,ERR,ERR,ERR,ERR,ERR,ERR,ERR,ERR,ERR,ERR,ERR,ERR,ERR,ERR,ERR,ERR,ERR,ERR,ERR,ERR,ERR,ERR,ERR,ERR,ERR,ERR,ERR,ERR,ERR,ERR,ERR,ERR,ERR,ERR,ERR,ERR,ERR,ERR,ERR,ERR,ERR,ERR,ERR,ERR,ERR,ERR,ERR,ERR,ERR,ERR,ERR,ERR,ERR,ERR,ERR,ERR,ERR,ERR,ERR,ERR,ERR,ERR,ERR,ERR,ERR,ERR,ERR,ERR,ERR,ERR,ERR,ERR,ERR,ERR,ERR,ERR,ERR,ERR,ERR,ERR,ERR,ERR,ERR,ERR,ERR,ERR,ERR,ERR,ERR,ERR,ERR,ERR,ERR,ERR,ERR,ERR,ERR,ERR,0.0,107616352.0,0.0,0.0,71072154124288.0,-0.0,4.959513789455989e+24,0.0,4300,0,8,17169,4300,0.0,41,0.0,0.0,0.0,0.0,2.7184166902131945e+23,0,0,0,0,0.0,0,0,0,0,0,0,0,0,0,0,0,0,0,0,0,0,0,0,0,0,0,0,0,0,0,0,0,0,0,0,0,0,0,11,37,37,48,65476,413,65476,1,0,4,21553,0.0,0.0,0.0,0.0,0.0,0.0,0.0,0.0,0.0,0.0,0.0,0.0,0.0,0.0,0.0,0.0,0.0,0.0,0.0,0.0,0.0,2.004,2.004,3.6970818999223845e+19,-3.697074863047967e+19,2.004,0.0,0.0,0.0,0.0,6460.0,564148853276672.0,0.0,0.0,2.7184527190102135e+23,-107616248.0,-0.0,0.0,0.0,2.004,2.004,226,-107614784.0,-1.9056955434939187e+17,0.0,0.0,0.0,0.0,0.0,0.0,0.0,0,0,0,-0.006,0.0,3.361113587622871e+17,2.254702180785193e+17,3.0136186385880758e+23,-1.5635551360660164e+38,0.009,0.0,-0.0,-6.2644737045948016e+25,-0.063,223632572416.0,0.0,0.0,0.0,-0.0,0,1.3516416376850534e+27,226,0.0,452,0.0,0.0,2114,0,17110,0,17112,0,17096,0,0,0,101,100,100,-0.0,64.7,2.7302337753474445e+23,65.0,0.0,65.0,1,49,50,180,52429,0,0,0,0.0,0.0,0.0,60.0,0.0,71.0,0.0,-1.1405601764120986e+18,0.0,1069,0,1070,0,0,0,1069,0,1080,0,1000,0,650,0,652,0,648,0,676,0.032,1.195349015976379e+22,0.0,0.0,22544,16813,-5.327710464777708e+36,-2.804268114169037e+16,-3.2364789011884355e+31,607140864.0,-5.049799551934792e+17,1.4148220358970999e+25,50.0,60.0,35,0.0,0.0,10.0,2.0,0.0,0.0,0.0,0.0,0.0,0.0,0.0,0.0,0.0,0.0,0.0,0.0,58.8,44,19,65519,27,65476,0,65476,1,0,4,20529,65476,0,0,30147,60.0,0.0,10.0,10.0,2.0,0.0
2026-02-16T12:25:49,ERR,ERR,ERR,ERR,ERR,ERR,ERR,ERR,ERR,ERR,ERR,ERR,ERR,ERR,ERR,ERR,ERR,ERR,ERR,ERR,ERR,ERR,ERR,ERR,ERR,ERR,ERR,ERR,ERR,ERR,ERR,ERR,ERR,ERR,ERR,ERR,ERR,ERR,ERR,ERR,ERR,ERR,ERR,ERR,ERR,ERR,ERR,ERR,ERR,ERR,ERR,ERR,ERR,ERR,ERR,ERR,ERR,ERR,ERR,ERR,ERR,ERR,ERR,ERR,ERR,ERR,ERR,ERR,ERR,ERR,ERR,ERR,ERR,ERR,ERR,ERR,ERR,ERR,ERR,ERR,ERR,ERR,ERR,ERR,ERR,ERR,ERR,ERR,ERR,ERR,ERR,ERR,ERR,ERR,ERR,ERR,ERR,ERR,ERR,ERR,ERR,ERR,ERR,ERR,ERR,ERR,ERR,ERR,ERR,ERR,ERR,ERR,ERR,ERR,ERR,ERR,ERR,ERR,ERR,ERR,ERR,ERR,ERR,ERR,ERR,0.0,107616352.0,0.0,0.0,71072154124288.0,-0.0,4.959513789455989e+24,0.0,4300,0,8,17169,4300,0.0,41,0.0,0.0,0.0,0.0,2.7184166902131945e+23,0,0,0,0,0.0,0,0,0,0,0,0,0,0,0,0,0,0,0,0,0,0,0,0,0,0,0,0,0,0,0,0,0,0,0,0,0,0,0,11,37,37,48,65476,413,65476,1,0,4,21553,0.0,0.0,0.0,0.0,0.0,0.0,0.0,0.0,0.0,0.0,0.0,0.0,0.0,0.0,0.0,0.0,0.0,0.0,0.0,0.0,0.0,2.004,2.004,3.6970818999223845e+19,-3.697074863047967e+19,2.004,0.0,0.0,0.0,0.0,6460.0,564148853276672.0,0.0,0.0,2.7184527190102135e+23,-107616248.0,-0.0,0.0,0.0,2.004,2.004,226,-107614784.0,-1.9056955434939187e+17,0.0,0.0,0.0,0.0,0.0,0.0,0.0,0,0,0,-0.006,0.0,3.361113587622871e+17,2.254702180785193e+17,3.0136186385880758e+23,-1.5635551360660164e+38,0.009,0.0,-0.0,-6.2644737045948016e+25,-0.063,223632572416.0,0.0,0.0,0.0,-0.0,0,1.3516416376850534e+27,226,0.0,452,0.0,0.0,2114,0,17110,0,17112,0,17096,0,0,0,101,100,100,-0.0,64.7,2.7302337753474445e+23,65.0,0.0,65.0,1,49,50,180,52429,0,0,0,0.0,0.0,0.0,60.0,0.0,71.0,0.0,-1.1405601764120986e+18,0.0,1069,0,1070,0,0,0,1069,0,1080,0,1000,0,650,0,652,0,648,0,676,0.032,1.195349015976379e+22,0.0,0.0,22544,16813,-5.327710464777708e+36,-2.804268114169037e+16,-3.2364789011884355e+31,607140864.0,-5.049799551934792e+17,1.4148220358970999e+25,50.0,60.0,35,0.0,0.0,10.0,2.0,0.0,0.0,0.0,0.0,0.0,0.0,0.0,0.0,0.0,0.0,0.0,0.0,58.8,44,19,65519,27,65476,0,65476,1,0,4,20529,65476,0,0,30147,60.0,0.0,10.0,10.0,2.0,0.0
2026-02-16T12:25:50,ERR,ERR,ERR,ERR,ERR,ERR,ERR,ERR,ERR,ERR,ERR,ERR,ERR,ERR,ERR,ERR,ERR,ERR,ERR,ERR,ERR,ERR,ERR,ERR,ERR,ERR,ERR,ERR,ERR,ERR,ERR,ERR,ERR,ERR,ERR,ERR,ERR,ERR,ERR,ERR,ERR,ERR,ERR,ERR,ERR,ERR,ERR,ERR,ERR,ERR,ERR,ERR,ERR,ERR,ERR,ERR,ERR,ERR,ERR,ERR,ERR,ERR,ERR,ERR,ERR,ERR,ERR,ERR,ERR,ERR,ERR,ERR,ERR,ERR,ERR,ERR,ERR,ERR,ERR,ERR,ERR,ERR,ERR,ERR,ERR,ERR,ERR,ERR,ERR,ERR,ERR,ERR,ERR,ERR,ERR,ERR,ERR,ERR,ERR,ERR,ERR,ERR,ERR,ERR,ERR,ERR,ERR,ERR,ERR,ERR,ERR,ERR,ERR,ERR,ERR,ERR,ERR,ERR,ERR,ERR,ERR,ERR,ERR,ERR,ERR,0.0,107616352.0,0.0,0.0,71072154124288.0,-0.0,4.959513789455989e+24,0.0,4300,0,8,17169,4300,0.0,41,0.0,0.0,0.0,0.0,2.7184166902131945e+23,0,0,0,0,0.0,0,0,0,0,0,0,0,0,0,0,0,0,0,0,0,0,0,0,0,0,0,0,0,0,0,0,0,0,0,0,0,0,0,11,37,37,48,65476,413,65476,1,0,4,21553,0.0,0.0,0.0,0.0,0.0,0.0,0.0,0.0,0.0,0.0,0.0,0.0,0.0,0.0,0.0,0.0,0.0,0.0,0.0,0.0,0.0,2.004,2.004,3.6970818999223845e+19,-3.697074863047967e+19,2.004,0.0,0.0,0.0,0.0,6460.0,564148853276672.0,0.0,0.0,2.7184527190102135e+23,-107616248.0,-0.0,0.0,0.0,2.004,2.004,226,-107614784.0,-1.9056955434939187e+17,0.0,0.0,0.0,0.0,0.0,0.0,0.0,0,0,0,-0.006,0.0,3.361113587622871e+17,2.254702180785193e+17,3.0136186385880758e+23,-1.5635551360660164e+38,0.009,0.0,-0.0,-6.2644737045948016e+25,-0.063,223632572416.0,0.0,0.0,0.0,-0.0,0,1.3516416376850534e+27,226,0.0,452,0.0,0.0,2114,0,17110,0,17112,0,17096,0,0,0,101,100,100,-0.0,64.7,2.7302337753474445e+23,65.0,0.0,65.0,1,49,50,180,52429,0,0,0,0.0,0.0,0.0,60.0,0.0,71.0,0.0,2572949550792704.0,0.0,1069,0,1070,0,0,0,1070,0,1080,0,1000,0,650,0,652,0,648,0,676,0.032,1.276514689900701e+22,0.0,0.0,28304,16813,0.0,2572949550792704.0,1.1179699826205932e+35,-1.0382242559450042e+33,5.892290053748746e+33,-1.003459065067602e+17,50.0,60.0,35,0.0,0.0,10.0,2.0,0.0,0.0,0.0,0.0,0.0,0.0,0.0,0.0,0.0,0.0,0.0,0.0,59.2,47,16,65516,27,65476,0,65476,1,0,4,20529,65476,0,0,30147,60.0,0.0,10.0,10.0,2.0,0.0
2026-02-16T12:25:51,ERR,ERR,ERR,ERR,ERR,ERR,ERR,ERR,ERR,ERR,ERR,ERR,ERR,ERR,ERR,ERR,ERR,ERR,ERR,ERR,ERR,ERR,ERR,ERR,ERR,ERR,ERR,ERR,ERR,ERR,ERR,ERR,ERR,ERR,ERR,ERR,ERR,ERR,ERR,ERR,ERR,ERR,ERR,ERR,ERR,ERR,ERR,ERR,ERR,ERR,ERR,ERR,ERR,ERR,ERR,ERR,ERR,ERR,ERR,ERR,ERR,ERR,ERR,ERR,ERR,ERR,ERR,ERR,ERR,ERR,ERR,ERR,ERR,ERR,ERR,ERR,ERR,ERR,ERR,ERR,ERR,ERR,ERR,ERR,ERR,ERR,ERR,ERR,ERR,ERR,ERR,ERR,ERR,ERR,ERR,ERR,ERR,ERR,ERR,ERR,ERR,ERR,ERR,ERR,ERR,ERR,ERR,ERR,ERR,ERR,ERR,ERR,ERR,ERR,ERR,ERR,ERR,ERR,ERR,ERR,ERR,ERR,ERR,ERR,ERR,0.0,107616352.0,0.0,0.0,71072154124288.0,-0.0,4.959513789455989e+24,0.0,4300,0,8,17169,4300,0.0,41,0.0,0.0,0.0,0.0,2.7184166902131945e+23,0,0,0,0,0.0,0,0,0,0,0,0,0,0,0,0,0,0,0,0,0,0,0,0,0,0,0,0,0,0,0,0,0,0,0,0,0,0,0,11,37,37,48,65476,413,65476,1,0,4,21553,0.0,0.0,0.0,0.0,0.0,0.0,0.0,0.0,0.0,0.0,0.0,0.0,0.0,0.0,0.0,0.0,0.0,0.0,0.0,0.0,0.0,2.004,2.004,3.6970818999223845e+19,-3.697074863047967e+19,2.004,0.0,0.0,0.0,0.0,6460.0,564148853276672.0,0.0,0.0,2.7184527190102135e+23,-107616248.0,-0.0,0.0,0.0,2.004,2.004,226,-107614784.0,-1.9056955434939187e+17,0.0,0.0,0.0,0.0,0.0,0.0,0.0,0,0,0,-0.006,0.0,3.361113587622871e+17,2.254702180785193e+17,3.0136186385880758e+23,-1.5635551360660164e+38,0.009,0.0,-0.0,-6.2644737045948016e+25,-0.063,223632572416.0,0.0,0.0,0.0,-0.0,0,1.3516416376850534e+27,226,0.0,452,0.0,0.0,2114,0,17110,0,17112,0,17096,0,0,0,101,100,100,-0.0,64.7,2.7302337753474445e+23,65.0,0.0,65.0,1,49,50,180,52429,0,0,0,0.0,0.0,0.0,60.0,0.0,71.0,0.0,2572949550792704.0,0.0,1069,0,1070,0,0,0,1070,0,1080,0,1000,0,650,0,652,0,648,0,676,0.032,1.276514689900701e+22,0.0,0.0,28304,16813,0.0,2572949550792704.0,1.1179699826205932e+35,-1.0382242559450042e+33,5.892290053748746e+33,-1.003459065067602e+17,50.0,60.0,35,0.0,0.0,10.0,2.0,0.0,0.0,0.0,0.0,0.0,0.0,0.0,0.0,0.0,0.0,0.0,0.0,59.2,47,16,65516,27,65476,0,65476,1,0,4,20529,65476,0,0,30147,60.0,0.0,10.0,10.0,2.0,0.0
2026-02-16T12:25:52,ERR,ERR,ERR,ERR,ERR,ERR,ERR,ERR,ERR,ERR,ERR,ERR,ERR,ERR,ERR,ERR,ERR,ERR,ERR,ERR,ERR,ERR,ERR,ERR,ERR,ERR,ERR,ERR,ERR,ERR,ERR,ERR,ERR,ERR,ERR,ERR,ERR,ERR,ERR,ERR,ERR,ERR,ERR,ERR,ERR,ERR,ERR,ERR,ERR,ERR,ERR,ERR,ERR,ERR,ERR,ERR,ERR,ERR,ERR,ERR,ERR,ERR,ERR,ERR,ERR,ERR,ERR,ERR,ERR,ERR,ERR,ERR,ERR,ERR,ERR,ERR,ERR,ERR,ERR,ERR,ERR,ERR,ERR,ERR,ERR,ERR,ERR,ERR,ERR,ERR,ERR,ERR,ERR,ERR,ERR,ERR,ERR,ERR,ERR,ERR,ERR,ERR,ERR,ERR,ERR,ERR,ERR,ERR,ERR,ERR,ERR,ERR,ERR,ERR,ERR,ERR,ERR,ERR,ERR,ERR,ERR,ERR,ERR,ERR,ERR,0.0,2.7184527190102135e+23,-0.0,0.0,-0.031,-0.0,226783120.0,-0.0,4300,0,8,17168,4300,0.0,41,0.0,0.0,0.0,0.0,2.7184166902131945e+23,0,0,0,0,0.0,0,0,0,0,0,0,0,0,0,0,0,0,0,0,0,0,0,0,0,0,0,0,0,0,0,0,0,0,0,0,0,0,0,10,37,37,47,65476,413,65476,1,0,4,21553,0.0,-0.0,0.0,0.0,0.0,0.0,0.0,0.0,0.0,0.0,0.0,0.0,0.0,0.0,0.0,0.0,0.0,0.0,0.0,0.0,0.0,2.004,2.004,-0.0,-3.697074863047967e+19,2.004,0.0,0.0,0.0,0.0,6423.0,-2.4230005866688325e+24,0.0,0.0,2.7184527190102135e+23,-107616248.0,-0.0,0.0,0.0,2.004,2.004,226,-0.0,-0.0,0.0,0.0,0.0,0.0,0.0,0.0,0.0,0,0,0,-0.0,4.5761143547850006e+24,1.0654470442093163e+26,-0.0,39799160832.0,-8.584135217919295e+18,20.534,0.001,-0.0,-6.62715145047919e+25,-0.069,237591216128.0,0.0,0.0,0.0,-0.0,0,1.3516416376850534e+27,226,0.0,452,2.40156025918058e+36,599251620986880.0,2114,0,17110,0,17112,0,17096,0,0,0,101,100,100,-0.0,64.7,2.7302337753474445e+23,65.0,0.0,65.0,1,49,50,180,52429,0,0,0,0.0,0.0,0.0,60.0,0.0,71.0,0.0,2572949550792704.0,0.0,1069,0,1070,0,0,0,1070,0,1080,0,1000,0,650,0,652,0,648,0,676,0.032,1.276514689900701e+22,0.0,0.0,28304,16813,0.0,2572949550792704.0,1.1179699826205932e+35,-1.0382242559450042e+33,5.892290053748746e+33,-1.003459065067602e+17,50.0,60.0,35,0.0,0.0,10.0,2.0,0.0,0.0,0.0,0.0,0.0,0.0,0.0,0.0,0.0,0.0,0.0,0.0,58.8,54,12,65509,27,65476,76,65476,1,0,4,20529,65476,0,0,30147,60.0,0.0,10.0,10.0,2.0,0.0
2026-02-16T12:25:53,ERR,ERR,ERR,ERR,ERR,ERR,ERR,ERR,ERR,ERR,ERR,ERR,ERR,ERR,ERR,ERR,ERR,ERR,ERR,ERR,ERR,ERR,ERR,ERR,ERR,ERR,ERR,ERR,ERR,ERR,ERR,ERR,ERR,ERR,ERR,ERR,ERR,ERR,ERR,ERR,ERR,ERR,ERR,ERR,ERR,ERR,ERR,ERR,ERR,ERR,ERR,ERR,ERR,ERR,ERR,ERR,ERR,ERR,ERR,ERR,ERR,ERR,ERR,ERR,ERR,ERR,ERR,ERR,ERR,ERR,ERR,ERR,ERR,ERR,ERR,ERR,ERR,ERR,ERR,ERR,ERR,ERR,ERR,ERR,ERR,ERR,ERR,ERR,ERR,ERR,ERR,ERR,ERR,ERR,ERR,ERR,ERR,ERR,ERR,ERR,ERR,ERR,ERR,ERR,ERR,ERR,ERR,ERR,ERR,ERR,ERR,ERR,ERR,ERR,ERR,ERR,ERR,ERR,ERR,ERR,ERR,ERR,ERR,ERR,ERR,0.0,2.7184527190102135e+23,-0.0,0.0,-0.031,-0.0,226783120.0,-0.0,4300,0,8,17168,4300,0.0,41,0.0,0.0,0.0,0.0,2.7184166902131945e+23,0,0,0,0,0.0,0,0,0,0,0,0,0,0,0,0,0,0,0,0,0,0,0,0,0,0,0,0,0,0,0,0,0,0,0,0,0,0,0,10,37,37,47,65476,413,65476,1,0,4,21553,0.0,-0.0,0.0,0.0,0.0,0.0,0.0,0.0,0.0,0.0,0.0,0.0,0.0,0.0,0.0,0.0,0.0,0.0,0.0,0.0,0.0,2.004,2.004,-0.0,-3.697074863047967e+19,2.004,0.0,0.0,0.0,0.0,6423.0,-2.4230005866688325e+24,0.0,0.0,2.7184527190102135e+23,-107616248.0,-0.0,0.0,0.0,2.004,2.004,226,-0.0,-0.0,0.0,0.0,0.0,0.0,0.0,0.0,0.0,0,0,0,-0.0,4.5761143547850006e+24,1.0654470442093163e+26,-0.0,39799160832.0,-8.584135217919295e+18,20.534,0.001,-0.0,-6.62715145047919e+25,-0.069,237591216128.0,0.0,0.0,0.0,-0.0,0,1.3516416376850534e+27,226,0.0,452,2.40156025918058e+36,599251620986880.0,2114,52429,17109,0,17112,0,17096,0,0,0,101,100,100,-0.0,64.7,2.7302337753474445e+23,65.0,0.0,65.0,1,49,50,180,52429,52429,0,0,0.0,0.0,0.0,60.0,0.0,71.0,0.0,0.0,0.0,1069,0,1070,0,0,0,1070,0,1080,0,1000,0,650,0,652,0,648,0,676,0.032,1.4536034330083127e+22,0.0,0.0,14224,16813,-1.6962175499610776e+33,0.0,0.0,-1.2768033422694154e+18,0.0,-0.0,50.0,60.0,35,0.0,0.0,10.0,2.0,0.0,0.0,0.0,0.0,0.0,0.0,0.0,0.0,0.0,0.0,0.0,0.0,59.2,58,10,65506,27,65476,237,65476,1,0,4,20529,65476,0,0,30147,60.0,0.0,10.0,10.0,2.0,0.0
2026-02-16T12:25:54,ERR,ERR,ERR,ERR,ERR,ERR,ERR,ERR,ERR,ERR,ERR,ERR,ERR,ERR,ERR,ERR,ERR,ERR,ERR,ERR,ERR,ERR,ERR,ERR,ERR,ERR,ERR,ERR,ERR,ERR,ERR,ERR,ERR,ERR,ERR,ERR,ERR,ERR,ERR,ERR,ERR,ERR,ERR,ERR,ERR,ERR,ERR,ERR,ERR,ERR,ERR,ERR,ERR,ERR,ERR,ERR,ERR,ERR,ERR,ERR,ERR,ERR,ERR,ERR,ERR,ERR,ERR,ERR,ERR,ERR,ERR,ERR,ERR,ERR,ERR,ERR,ERR,ERR,ERR,ERR,ERR,ERR,ERR,ERR,ERR,ERR,ERR,ERR,ERR,ERR,ERR,ERR,ERR,ERR,ERR,ERR,ERR,ERR,ERR,ERR,ERR,ERR,ERR,ERR,ERR,ERR,ERR,ERR,ERR,ERR,ERR,ERR,ERR,ERR,ERR,ERR,ERR,ERR,ERR,ERR,ERR,ERR,ERR,ERR,ERR,0.0,2.7184527190102135e+23,-0.0,0.0,-0.031,-0.0,226783120.0,-0.0,4300,0,8,17168,4300,0.0,41,0.0,0.0,0.0,0.0,2.7184166902131945e+23,0,0,0,0,0.0,0,0,0,0,0,0,0,0,0,0,0,0,0,0,0,0,0,0,0,0,0,0,0,0,0,0,0,0,0,0,0,0,0,10,37,37,47,65476,413,65476,1,0,4,21553,0.0,-0.0,0.0,0.0,0.0,0.0,0.0,0.0,0.0,0.0,0.0,0.0,0.0,0.0,0.0,0.0,0.0,0.0,0.0,0.0,0.0,2.004,2.004,-0.0,-3.697074863047967e+19,2.004,0.0,0.0,0.0,0.0,6423.0,-2.4230005866688325e+24,0.0,0.0,2.7184527190102135e+23,-107616248.0,-0.0,0.0,0.0,2.004,2.004,226,-0.0,-0.0,0.0,0.0,0.0,0.0,0.0,0.0,0.0,0,0,0,-0.0,4.5761143547850006e+24,1.0654470442093163e+26,-0.0,39799160832.0,-8.584135217919295e+18,20.534,0.001,-0.0,-6.62715145047919e+25,-0.069,237591216128.0,0.0,0.0,0.0,-0.0,0,1.3516416376850534e+27,226,0.0,452,2.40156025918058e+36,599251620986880.0,2114,52429,17109,0,17112,0,17096,0,0,0,101,100,100,-0.0,64.7,2.7302337753474445e+23,65.0,0.0,65.0,1,49,50,180,52429,52429,0,0,0.0,0.0,0.0,60.0,0.0,71.0,0.0,0.0,0.0,1069,0,1070,0,0,0,1070,0,1080,0,1000,0,650,0,652,0,648,0,676,0.032,1.4536034330083127e+22,0.0,0.0,14224,16813,-1.6962175499610776e+33,0.0,0.0,-1.2768033422694154e+18,0.0,-0.0,50.0,60.0,35,0.0,0.0,10.0,2.0,0.0,0.0,0.0,0.0,0.0,0.0,0.0,0.0,0.0,0.0,0.0,0.0,59.2,58,10,65506,27,65476,237,65476,1,0,4,20529,65476,0,0,30147,60.0,0.0,10.0,10.0,2.0,0.0
2026-02-16T12:25:55,ERR,ERR,ERR,ERR,ERR,ERR,ERR,ERR,ERR,ERR,ERR,ERR,ERR,ERR,ERR,ERR,ERR,ERR,ERR,ERR,ERR,ERR,ERR,ERR,ERR,ERR,ERR,ERR,ERR,ERR,ERR,ERR,ERR,ERR,ERR,ERR,ERR,ERR,ERR,ERR,ERR,ERR,ERR,ERR,ERR,ERR,ERR,ERR,ERR,ERR,ERR,ERR,ERR,ERR,ERR,ERR,ERR,ERR,ERR,ERR,ERR,ERR,ERR,ERR,ERR,ERR,ERR,ERR,ERR,ERR,ERR,ERR,ERR,ERR,ERR,ERR,ERR,ERR,ERR,ERR,ERR,ERR,ERR,ERR,ERR,ERR,ERR,ERR,ERR,ERR,ERR,ERR,ERR,ERR,ERR,ERR,ERR,ERR,ERR,ERR,ERR,ERR,ERR,ERR,ERR,ERR,ERR,ERR,ERR,ERR,ERR,ERR,ERR,ERR,ERR,ERR,ERR,ERR,ERR,ERR,ERR,ERR,ERR,ERR,ERR,0.0,2.7184527190102135e+23,-0.0,0.0,-0.031,-0.0,226783120.0,-0.0,4300,0,8,17168,4300,0.0,41,0.0,0.0,0.0,0.0,2.7184166902131945e+23,0,0,0,0,0.0,0,0,0,0,0,0,0,0,0,0,0,0,0,0,0,0,0,0,0,0,0,0,0,0,0,0,0,0,0,0,0,0,0,10,37,37,47,65476,413,65476,1,0,4,21553,0.0,-0.0,0.0,0.0,0.0,0.0,0.0,0.0,0.0,0.0,0.0,0.0,0.0,0.0,0.0,0.0,0.0,0.0,0.0,0.0,0.0,2.004,2.004,-0.0,-3.697074863047967e+19,2.004,0.0,0.0,0.0,0.0,6423.0,-2.4230005866688325e+24,0.0,0.0,2.7184527190102135e+23,-107616248.0,-0.0,0.0,0.0,2.004,2.004,226,-0.0,-0.0,0.0,0.0,0.0,0.0,0.0,0.0,0.0,0,0,0,-0.0,4.5761143547850006e+24,1.0654470442093163e+26,-0.0,39799160832.0,-8.584135217919295e+18,20.534,0.001,-0.0,-6.62715145047919e+25,-0.069,237591216128.0,0.0,0.0,0.0,-0.0,0,1.3516416376850534e+27,226,0.0,452,2.40156025918058e+36,599251620986880.0,2114,52429,17109,0,17112,0,17096,0,0,0,101,100,100,-0.0,64.7,2.7302337753474445e+23,65.0,0.0,65.0,1,49,50,180,52429,52429,0,0,0.0,0.0,0.0,60.0,0.0,71.0,0.0,0.0,0.0,1069,0,1070,0,0,0,1070,0,1080,0,1000,0,650,0,652,0,648,0,676,0.032,1.4536034330083127e+22,0.0,0.0,14224,16813,-1.6962175499610776e+33,0.0,0.0,-1.2768033422694154e+18,0.0,-0.0,50.0,60.0,35,0.0,0.0,10.0,2.0,0.0,0.0,0.0,0.0,0.0,0.0,0.0,0.0,0.0,0.0,0.0,0.0,58.8,59,9,65504,27,65476,316,65476,1,0,4,20529,65476,0,0,30147,60.0,0.0,10.0,10.0,2.0,0.0
2026-02-16T12:25:56,ERR,ERR,ERR,ERR,ERR,ERR,ERR,ERR,ERR,ERR,ERR,ERR,ERR,ERR,ERR,ERR,ERR,ERR,ERR,ERR,ERR,ERR,ERR,ERR,ERR,ERR,ERR,ERR,ERR,ERR,ERR,ERR,ERR,ERR,ERR,ERR,ERR,ERR,ERR,ERR,ERR,ERR,ERR,ERR,ERR,ERR,ERR,ERR,ERR,ERR,ERR,ERR,ERR,ERR,ERR,ERR,ERR,ERR,ERR,ERR,ERR,ERR,ERR,ERR,ERR,ERR,ERR,ERR,ERR,ERR,ERR,ERR,ERR,ERR,ERR,ERR,ERR,ERR,ERR,ERR,ERR,ERR,ERR,ERR,ERR,ERR,ERR,ERR,ERR,ERR,ERR,ERR,ERR,ERR,ERR,ERR,ERR,ERR,ERR,ERR,ERR,ERR,ERR,ERR,ERR,ERR,ERR,ERR,ERR,ERR,ERR,ERR,ERR,ERR,ERR,ERR,ERR,ERR,ERR,ERR,ERR,ERR,ERR,ERR,ERR,0.0,2.7184527190102135e+23,-0.0,0.0,-0.031,-0.0,226783120.0,-0.0,4300,0,8,17168,4300,0.0,41,0.0,0.0,0.0,0.0,2.7184166902131945e+23,0,0,0,0,0.0,0,0,0,0,0,0,0,0,0,0,0,0,0,0,0,0,0,0,0,0,0,0,0,0,0,0,0,0,0,0,0,0,0,10,37,37,47,65476,413,65476,1,0,4,21553,0.0,-0.0,0.0,0.0,0.0,0.0,0.0,0.0,0.0,0.0,0.0,0.0,0.0,0.0,0.0,0.0,0.0,0.0,0.0,0.0,0.0,2.004,2.004,-0.0,-3.697074863047967e+19,2.004,0.0,0.0,0.0,0.0,6423.0,-2.4230005866688325e+24,0.0,0.0,2.7184527190102135e+23,-107616248.0,-0.0,0.0,0.0,2.004,2.004,226,-0.0,-0.0,0.0,0.0,0.0,0.0,0.0,0.0,0.0,0,0,0,-0.0,4.5761143547850006e+24,1.0654470442093163e+26,-0.0,39799160832.0,-8.584135217919295e+18,20.534,0.001,-0.0,-6.62715145047919e+25,-0.069,237591216128.0,0.0,0.0,0.0,-0.0,0,1.3516416376850534e+27,226,0.0,452,2.40156025918058e+36,599251620986880.0,2114,0,17110,0,17112,0,17096,0,0,0,101,100,100,-0.0,64.7,2.7302337753474445e+23,65.0,0.0,65.0,1,49,50,180,52429,0,0,0,0.0,0.0,0.0,60.0,-7.559479735417685e+28,71.0,0.0,-0.0,0.0,1069,0,1069,0,0,0,1070,0,1080,0,1000,0,650,0,652,0,648,0,676,0.032,1.4609821306377965e+22,0.0,0.0,25232,16813,0.0,-0.0,-0.0,-0.0,-0.0,-1.4837516630033445e+38,50.0,60.0,35,0.0,0.0,10.0,2.0,0.0,0.0,0.0,0.0,0.0,0.0,0.0,0.0,0.0,0.0,0.0,0.0,58.8,59,9,65504,27,65476,316,65476,1,0,4,20529,65476,0,0,30147,60.0,0.0,10.0,10.0,2.0,0.0
2026-02-16T12:25:57,ERR,ERR,ERR,ERR,ERR,ERR,ERR,ERR,ERR,ERR,ERR,ERR,ERR,ERR,ERR,ERR,ERR,ERR,ERR,ERR,ERR,ERR,ERR,ERR,ERR,ERR,ERR,ERR,ERR,ERR,ERR,ERR,ERR,ERR,ERR,ERR,ERR,ERR,ERR,ERR,ERR,ERR,ERR,ERR,ERR,ERR,ERR,ERR,ERR,ERR,ERR,ERR,ERR,ERR,ERR,ERR,ERR,ERR,ERR,ERR,ERR,ERR,ERR,ERR,ERR,ERR,ERR,ERR,ERR,ERR,ERR,ERR,ERR,ERR,ERR,ERR,ERR,ERR,ERR,ERR,ERR,ERR,ERR,ERR,ERR,ERR,ERR,ERR,ERR,ERR,ERR,ERR,ERR,ERR,ERR,ERR,ERR,ERR,ERR,ERR,ERR,ERR,ERR,ERR,ERR,ERR,ERR,ERR,ERR,ERR,ERR,ERR,ERR,ERR,ERR,ERR,ERR,ERR,ERR,ERR,ERR,ERR,ERR,ERR,ERR,0.0,2.7184527190102135e+23,-0.0,0.0,-0.031,-0.0,0.0,-0.0,4300,0,8,17169,4300,0.0,41,0.0,0.0,0.0,0.0,2.7184166902131945e+23,0,0,0,0,0.0,0,0,0,0,0,0,0,0,0,0,0,0,0,0,0,0,0,0,0,0,0,0,0,0,0,0,0,0,0,0,0,0,0,10,37,37,47,65476,413,65476,1,0,4,21553,0.0,0.0,0.0,0.0,0.0,0.0,0.0,0.0,0.0,0.0,0.0,0.0,0.0,0.0,0.0,0.0,0.0,0.0,0.0,0.0,0.0,2.004,2.004,-0.0,-3.697074863047967e+19,2.004,0.0,0.0,0.0,0.0,6458.0,0.0,0.0,0.0,2.7184527190102135e+23,-107616248.0,-0.0,0.0,0.0,2.004,2.004,226,-0.0,-0.059,0.0,0.0,0.0,0.0,0.0,0.0,0.0,0,0,0,-0.299,1.7965969546975216e+37,1.0128253288384565e+22,0.0,134896025600.0,-1.0823138915280486e+17,0.0,-0.0,-4.957196998783783e+30,-7.0502754873443105e+25,-0.075,250476118016.0,0.0,0.0,0.0,-130152928.0,0,1.3516416376850534e+27,226,0.0,452,0.0,-0.0,2114,0,17110,0,17112,0,17096,0,0,0,101,100,100,-0.0,64.7,2.7302337753474445e+23,65.0,0.0,65.0,1,49,50,180,52429,0,0,0,0.0,0.0,0.0,60.0,-7.559479735417685e+28,71.0,0.0,-0.0,0.0,1069,0,1069,0,0,0,1070,0,1080,0,1000,0,650,0,652,0,648,0,676,0.032,1.4609821306377965e+22,0.0,0.0,25232,16813,0.0,-0.0,-0.0,-0.0,-0.0,-1.4837516630033445e+38,50.0,60.0,35,0.0,0.0,10.0,2.0,0.0,0.0,0.0,0.0,0.0,0.0,0.0,0.0,0.0,0.0,0.0,0.0,59.2,58,10,65506,27,65476,476,65476,1,0,4,20529,65476,0,0,30147,60.0,0.0,10.0,10.0,2.0,0.0
2026-02-16T12:25:58,ERR,ERR,ERR,ERR,ERR,ERR,ERR,ERR,ERR,ERR,ERR,ERR,ERR,ERR,ERR,ERR,ERR,ERR,ERR,ERR,ERR,ERR,ERR,ERR,ERR,ERR,ERR,ERR,ERR,ERR,ERR,ERR,ERR,ERR,ERR,ERR,ERR,ERR,ERR,ERR,ERR,ERR,ERR,ERR,ERR,ERR,ERR,ERR,ERR,ERR,ERR,ERR,ERR,ERR,ERR,ERR,ERR,ERR,ERR,ERR,ERR,ERR,ERR,ERR,ERR,ERR,ERR,ERR,ERR,ERR,ERR,ERR,ERR,ERR,ERR,ERR,ERR,ERR,ERR,ERR,ERR,ERR,ERR,ERR,ERR,ERR,ERR,ERR,ERR,ERR,ERR,ERR,ERR,ERR,ERR,ERR,ERR,ERR,ERR,ERR,ERR,ERR,ERR,ERR,ERR,ERR,ERR,ERR,ERR,ERR,ERR,ERR,ERR,ERR,ERR,ERR,ERR,ERR,ERR,ERR,ERR,ERR,ERR,ERR,ERR,0.0,2.7184527190102135e+23,-0.0,0.0,-0.031,-0.0,0.0,-0.0,4300,0,8,17169,4300,0.0,41,0.0,0.0,0.0,0.0,2.7184166902131945e+23,0,0,0,0,0.0,0,0,0,0,0,0,0,0,0,0,0,0,0,0,0,0,0,0,0,0,0,0,0,0,0,0,0,0,0,0,0,0,0,10,37,37,47,65476,413,65476,1,0,4,21553,0.0,0.0,0.0,0.0,0.0,0.0,0.0,0.0,0.0,0.0,0.0,0.0,0.0,0.0,0.0,0.0,0.0,0.0,0.0,0.0,0.0,2.004,2.004,-0.0,-3.697074863047967e+19,2.004,0.0,0.0,0.0,0.0,6458.0,0.0,0.0,0.0,2.7184527190102135e+23,-107616248.0,-0.0,0.0,0.0,2.004,2.004,226,-0.0,-0.059,0.0,0.0,0.0,0.0,0.0,0.0,0.0,0,0,0,-0.299,1.7965969546975216e+37,1.0128253288384565e+22,0.0,134896025600.0,-1.0823138915280486e+17,0.0,-0.0,-4.957196998783783e+30,-7.0502754873443105e+25,-0.075,250476118016.0,0.0,0.0,0.0,-130152928.0,0,1.3516416376850534e+27,226,0.0,452,0.0,-0.0,2114,0,17110,0,17112,0,17096,0,0,0,101,100,100,-0.0,64.7,2.7302337753474445e+23,65.0,0.0,65.0,1,49,50,180,52429,0,0,0,0.0,0.0,0.0,60.0,-7.559479735417685e+28,71.0,0.0,-0.0,0.0,1069,0,1069,0,0,0,1070,0,1080,0,1000,0,650,0,652,0,648,0,676,0.032,1.4609821306377965e+22,0.0,0.0,25232,16813,0.0,-0.0,-0.0,-0.0,-0.0,-1.4837516630033445e+38,50.0,60.0,35,0.0,0.0,10.0,2.0,0.0,0.0,0.0,0.0,0.0,0.0,0.0,0.0,0.0,0.0,0.0,0.0,58.8,57,10,65506,27,65476,635,65476,1,0,4,20529,65476,0,0,30147,60.0,0.0,10.0,10.0,2.0,0.0
2026-02-16T12:25:59,ERR,ERR,ERR,ERR,ERR,ERR,ERR,ERR,ERR,ERR,ERR,ERR,ERR,ERR,ERR,ERR,ERR,ERR,ERR,ERR,ERR,ERR,ERR,ERR,ERR,ERR,ERR,ERR,ERR,ERR,ERR,ERR,ERR,ERR,ERR,ERR,ERR,ERR,ERR,ERR,ERR,ERR,ERR,ERR,ERR,ERR,ERR,ERR,ERR,ERR,ERR,ERR,ERR,ERR,ERR,ERR,ERR,ERR,ERR,ERR,ERR,ERR,ERR,ERR,ERR,ERR,ERR,ERR,ERR,ERR,ERR,ERR,ERR,ERR,ERR,ERR,ERR,ERR,ERR,ERR,ERR,ERR,ERR,ERR,ERR,ERR,ERR,ERR,ERR,ERR,ERR,ERR,ERR,ERR,ERR,ERR,ERR,ERR,ERR,ERR,ERR,ERR,ERR,ERR,ERR,ERR,ERR,ERR,ERR,ERR,ERR,ERR,ERR,ERR,ERR,ERR,ERR,ERR,ERR,ERR,ERR,ERR,ERR,ERR,ERR,0.0,2.7184527190102135e+23,-0.0,0.0,-0.031,-0.0,0.0,-0.0,4300,0,8,17169,4300,0.0,41,0.0,0.0,0.0,0.0,2.7184166902131945e+23,0,0,0,0,0.0,0,0,0,0,0,0,0,0,0,0,0,0,0,0,0,0,0,0,0,0,0,0,0,0,0,0,0,0,0,0,0,0,0,10,37,37,47,65476,413,65476,1,0,4,21553,0.0,0.0,0.0,0.0,0.0,0.0,0.0,0.0,0.0,0.0,0.0,0.0,0.0,0.0,0.0,0.0,0.0,0.0,0.0,0.0,0.0,2.004,2.004,-0.0,-3.697074863047967e+19,2.004,0.0,0.0,0.0,0.0,6458.0,0.0,0.0,0.0,2.7184527190102135e+23,-107616248.0,-0.0,0.0,0.0,2.004,2.004,226,-0.0,-0.059,0.0,0.0,0.0,0.0,0.0,0.0,0.0,0,0,0,-0.299,1.7965969546975216e+37,1.0128253288384565e+22,0.0,134896025600.0,-1.0823138915280486e+17,0.0,-0.0,-4.957196998783783e+30,-7.0502754873443105e+25,-0.075,250476118016.0,0.0,0.0,0.0,-130152928.0,0,1.3516416376850534e+27,226,0.0,452,0.0,-0.0,2114,0,17110,0,17112,0,17096,0,0,0,101,100,100,-0.0,64.7,2.7302337753474445e+23,65.0,0.0,65.0,1,49,50,180,52429,0,0,0,0.0,0.0,0.0,60.0,-7.559479735417685e+28,71.0,0.0,-0.0,0.0,1069,0,1069,0,0,0,1070,0,1080,0,1000,0,650,0,652,0,648,0,676,0.032,1.4609821306377965e+22,0.0,0.0,25232,16813,0.0,-0.0,-0.0,-0.0,-0.0,-1.4837516630033445e+38,50.0,60.0,35,0.0,0.0,10.0,2.0,0.0,0.0,0.0,0.0,0.0,0.0,0.0,0.0,0.0,0.0,0.0,0.0,58.8,57,10,65506,27,65476,635,65476,1,0,4,20529,65476,0,0,30147,60.0,0.0,10.0,10.0,2.0,0.0
2026-02-16T12:26:00,ERR,ERR,ERR,ERR,ERR,ERR,ERR,ERR,ERR,ERR,ERR,ERR,ERR,ERR,ERR,ERR,ERR,ERR,ERR,ERR,ERR,ERR,ERR,ERR,ERR,ERR,ERR,ERR,ERR,ERR,ERR,ERR,ERR,ERR,ERR,ERR,ERR,ERR,ERR,ERR,ERR,ERR,ERR,ERR,ERR,ERR,ERR,ERR,ERR,ERR,ERR,ERR,ERR,ERR,ERR,ERR,ERR,ERR,ERR,ERR,ERR,ERR,ERR,ERR,ERR,ERR,ERR,ERR,ERR,ERR,ERR,ERR,ERR,ERR,ERR,ERR,ERR,ERR,ERR,ERR,ERR,ERR,ERR,ERR,ERR,ERR,ERR,ERR,ERR,ERR,ERR,ERR,ERR,ERR,ERR,ERR,ERR,ERR,ERR,ERR,ERR,ERR,ERR,ERR,ERR,ERR,ERR,ERR,ERR,ERR,ERR,ERR,ERR,ERR,ERR,ERR,ERR,ERR,ERR,ERR,ERR,ERR,ERR,ERR,ERR,0.0,2.7184527190102135e+23,-0.0,0.0,-0.031,-0.0,0.0,-0.0,4300,0,8,17169,4300,0.0,41,0.0,0.0,0.0,0.0,2.7184166902131945e+23,0,0,0,0,0.0,0,0,0,0,0,0,0,0,0,0,0,0,0,0,0,0,0,0,0,0,0,0,0,0,0,0,0,0,0,0,0,0,0,10,37,37,47,65476,413,65476,1,0,4,21553,0.0,0.0,0.0,0.0,0.0,0.0,0.0,0.0,0.0,0.0,0.0,0.0,0.0,0.0,0.0,0.0,0.0,0.0,0.0,0.0,0.0,2.004,2.004,-0.0,-3.697074863047967e+19,2.004,0.0,0.0,0.0,0.0,6458.0,0.0,0.0,0.0,2.7184527190102135e+23,-107616248.0,-0.0,0.0,0.0,2.004,2.004,226,-0.0,-0.059,0.0,0.0,0.0,0.0,0.0,0.0,0.0,0,0,0,-0.299,1.7965969546975216e+37,1.0128253288384565e+22,0.0,134896025600.0,-1.0823138915280486e+17,0.0,-0.0,-4.957196998783783e+30,-7.0502754873443105e+25,-0.075,250476118016.0,0.0,0.0,0.0,-130152928.0,0,1.3516416376850534e+27,226,0.0,452,0.0,-0.0,2114,0,17110,0,17112,0,17096,0,0,0,101,100,100,-0.0,64.7,2.7302337753474445e+23,65.0,0.0,65.0,1,49,50,180,52429,52429,0,0,0.0,0.0,0.0,60.0,0.0,71.0,0.0,63767904.0,0.0,1069,0,1070,0,0,0,1070,0,1080,0,1000,0,650,0,652,0,648,0,676,0.032,1.3429229685660554e+22,0.0,0.0,32400,16813,0.0,63767904.0,-0.0,-33391068.0,-0.0,-3.116763953952674e+25,50.0,60.0,35,0.0,0.0,10.0,2.0,0.0,0.0,0.0,0.0,0.0,0.0,0.0,0.0,0.0,0.0,0.0,0.0,58.8,57,10,65506,27,65476,715,65476,1,0,4,20529,65476,0,0,30147,60.0,0.0,10.0,10.0,2.0,0.0
2026-02-16T12:26:01,ERR,ERR,ERR,ERR,ERR,ERR,ERR,ERR,ERR,ERR,ERR,ERR,ERR,ERR,ERR,ERR,ERR,ERR,ERR,ERR,ERR,ERR,ERR,ERR,ERR,ERR,ERR,ERR,ERR,ERR,ERR,ERR,ERR,ERR,ERR,ERR,ERR,ERR,ERR,ERR,ERR,ERR,ERR,ERR,ERR,ERR,ERR,ERR,ERR,ERR,ERR,ERR,ERR,ERR,ERR,ERR,ERR,ERR,ERR,ERR,ERR,ERR,ERR,ERR,ERR,ERR,ERR,ERR,ERR,ERR,ERR,ERR,ERR,ERR,ERR,ERR,ERR,ERR,ERR,ERR,ERR,ERR,ERR,ERR,ERR,ERR,ERR,ERR,ERR,ERR,ERR,ERR,ERR,ERR,ERR,ERR,ERR,ERR,ERR,ERR,ERR,ERR,ERR,ERR,ERR,ERR,ERR,ERR,ERR,ERR,ERR,ERR,ERR,ERR,ERR,ERR,ERR,ERR,ERR,ERR,ERR,ERR,ERR,ERR,ERR,0.0,2.7184527190102135e+23,-0.0,0.0,-0.031,877.017,-0.0,-8.50971420196389e+24,4300,0,8,17169,4300,0.0,41,0.0,0.0,0.0,0.0,2.7184166902131945e+23,0,0,0,0,0.0,0,0,0,0,0,0,0,0,0,0,0,0,0,0,0,0,0,0,0,0,0,0,0,0,0,0,0,0,0,0,0,0,0,10,37,37,47,65476,413,65476,1,0,4,21553,0.0,0.0,0.0,0.0,0.0,0.0,0.0,0.0,0.0,0.0,0.0,0.0,0.0,0.0,0.0,0.0,0.0,0.0,0.0,0.0,0.0,2.004,2.004,-0.0,0.0,2.004,0.0,0.0,0.0,0.0,6455.0,-0.0,0.0,0.0,-0.0,0.0,-0.0,0.0,0.0,2.004,2.004,227,-0.0,0.0,0.0,0.0,0.0,0.0,0.0,0.0,0.0,0,0,0,-29985.717,5.5414449256003535e+19,-0.0,-27680.994,1.0385486143092216e+38,-296905900032.0,0.0,-54086.02,0.0,-7.443176378719065e+25,-0.081,264434761728.0,0.0,0.0,0.0,-5497452912181248.0,0,1.3516416376850534e+27,227,0.0,454,2.40156025918058e+36,-0.235,2114,0,17110,0,17112,0,17096,0,0,0,101,100,100,-0.0,64.7,2.7302337753474445e+23,65.0,0.0,65.0,1,49,50,180,52429,52429,0,0,0.0,0.0,0.0,60.0,0.0,71.0,0.0,63767904.0,0.0,1069,0,1070,0,0,0,1070,0,1080,0,1000,0,650,0,652,0,648,0,676,0.032,1.3429229685660554e+22,0.0,0.0,32400,16813,0.0,63767904.0,-0.0,-33391068.0,-0.0,-3.116763953952674e+25,50.0,60.0,35,0.0,0.0,10.0,2.0,0.0,0.0,0.0,0.0,0.0,0.0,0.0,0.0,0.0,0.0,0.0,0.0,58.8,57,10,65506,27,65476,875,65476,1,0,4,20529,65476,0,0,30147,60.0,0.0,10.0,10.0,2.0,0.0
2026-02-16T12:26:02,ERR,ERR,ERR,ERR,ERR,ERR,ERR,ERR,ERR,ERR,ERR,ERR,ERR,ERR,ERR,ERR,ERR,ERR,ERR,ERR,ERR,ERR,ERR,ERR,ERR,ERR,ERR,ERR,ERR,ERR,ERR,ERR,ERR,ERR,ERR,ERR,ERR,ERR,ERR,ERR,ERR,ERR,ERR,ERR,ERR,ERR,ERR,ERR,ERR,ERR,ERR,ERR,ERR,ERR,ERR,ERR,ERR,ERR,ERR,ERR,ERR,ERR,ERR,ERR,ERR,ERR,ERR,ERR,ERR,ERR,ERR,ERR,ERR,ERR,ERR,ERR,ERR,ERR,ERR,ERR,ERR,ERR,ERR,ERR,ERR,ERR,ERR,ERR,ERR,ERR,ERR,ERR,ERR,ERR,ERR,ERR,ERR,ERR,ERR,ERR,ERR,ERR,ERR,ERR,ERR,ERR,ERR,ERR,ERR,ERR,ERR,ERR,ERR,ERR,ERR,ERR,ERR,ERR,ERR,ERR,ERR,ERR,ERR,ERR,ERR,0.0,2.7184527190102135e+23,-0.0,0.0,-0.031,877.017,-0.0,-8.50971420196389e+24,4300,0,8,17169,4300,0.0,41,0.0,0.0,0.0,0.0,2.7184166902131945e+23,0,0,0,0,0.0,0,0,0,0,0,0,0,0,0,0,0,0,0,0,0,0,0,0,0,0,0,0,0,0,0,0,0,0,0,0,0,0,0,10,37,37,47,65476,413,65476,1,0,4,21553,0.0,0.0,0.0,0.0,0.0,0.0,0.0,0.0,0.0,0.0,0.0,0.0,0.0,0.0,0.0,0.0,0.0,0.0,0.0,0.0,0.0,2.004,2.004,-0.0,0.0,2.004,0.0,0.0,0.0,0.0,6455.0,-0.0,0.0,0.0,-0.0,0.0,-0.0,0.0,0.0,2.004,2.004,227,-0.0,0.0,0.0,0.0,0.0,0.0,0.0,0.0,0.0,0,0,0,-29985.717,5.5414449256003535e+19,-0.0,-27680.994,1.0385486143092216e+38,-296905900032.0,0.0,-54086.02,0.0,-7.443176378719065e+25,-0.081,264434761728.0,0.0,0.0,0.0,-5497452912181248.0,0,1.3516416376850534e+27,227,0.0,454,2.40156025918058e+36,-0.235,2114,0,17110,0,17112,0,17096,0,0,0,101,100,100,-0.0,64.7,2.7302337753474445e+23,65.0,0.0,65.0,1,49,50,180,52429,52429,0,0,0.0,0.0,0.0,60.0,0.0,71.0,0.0,63767904.0,0.0,1069,0,1070,0,0,0,1070,0,1080,0,1000,0,650,0,652,0,648,0,676,0.032,1.3429229685660554e+22,0.0,0.0,32400,16813,0.0,63767904.0,-0.0,-33391068.0,-0.0,-3.116763953952674e+25,50.0,60.0,35,0.0,0.0,10.0,2.0,0.0,0.0,0.0,0.0,0.0,0.0,0.0,0.0,0.0,0.0,0.0,0.0,58.8,57,10,65506,27,65476,875,65476,1,0,4,20529,65476,0,0,30147,60.0,0.0,10.0,10.0,2.0,0.0
2026-02-16T12:26:03,ERR,ERR,ERR,ERR,ERR,ERR,ERR,ERR,ERR,ERR,ERR,ERR,ERR,ERR,ERR,ERR,ERR,ERR,ERR,ERR,ERR,ERR,ERR,ERR,ERR,ERR,ERR,ERR,ERR,ERR,ERR,ERR,ERR,ERR,ERR,ERR,ERR,ERR,ERR,ERR,ERR,ERR,ERR,ERR,ERR,ERR,ERR,ERR,ERR,ERR,ERR,ERR,ERR,ERR,ERR,ERR,ERR,ERR,ERR,ERR,ERR,ERR,ERR,ERR,ERR,ERR,ERR,ERR,ERR,ERR,ERR,ERR,ERR,ERR,ERR,ERR,ERR,ERR,ERR,ERR,ERR,ERR,ERR,ERR,ERR,ERR,ERR,ERR,ERR,ERR,ERR,ERR,ERR,ERR,ERR,ERR,ERR,ERR,ERR,ERR,ERR,ERR,ERR,ERR,ERR,ERR,ERR,ERR,ERR,ERR,ERR,ERR,ERR,ERR,ERR,ERR,ERR,ERR,ERR,ERR,ERR,ERR,ERR,ERR,ERR,0.0,2.7184527190102135e+23,-0.0,0.0,-0.031,877.017,-0.0,-8.50971420196389e+24,4300,0,8,17169,4300,0.0,41,0.0,0.0,0.0,0.0,2.7184166902131945e+23,0,0,0,0,0.0,0,0,0,0,0,0,0,0,0,0,0,0,0,0,0,0,0,0,0,0,0,0,0,0,0,0,0,0,0,0,0,0,0,10,37,37,47,65476,413,65476,1,0,4,21553,0.0,0.0,0.0,0.0,0.0,0.0,0.0,0.0,0.0,0.0,0.0,0.0,0.0,0.0,0.0,0.0,0.0,0.0,0.0,0.0,0.0,2.004,2.004,-0.0,0.0,2.004,0.0,0.0,0.0,0.0,6455.0,-0.0,0.0,0.0,-0.0,0.0,-0.0,0.0,0.0,2.004,2.004,227,-0.0,0.0,0.0,0.0,0.0,0.0,0.0,0.0,0.0,0,0,0,-29985.717,5.5414449256003535e+19,-0.0,-27680.994,1.0385486143092216e+38,-296905900032.0,0.0,-54086.02,0.0,-7.443176378719065e+25,-0.081,264434761728.0,0.0,0.0,0.0,-5497452912181248.0,0,1.3516416376850534e+27,227,0.0,454,2.40156025918058e+36,-0.235,2114,0,17110,0,17112,0,17096,0,0,0,101,100,100,-0.0,64.7,2.7302337753474445e+23,65.0,0.0,65.0,1,49,50,180,13107,52429,0,0,0.0,0.0,0.0,60.0,0.0,71.0,0.0,-0.0,0.0,1069,0,1069,0,0,0,1070,0,1080,0,1000,0,650,0,652,0,648,0,676,0.032,1.4536034330083127e+22,0.0,0.0,34704,16813,0.0,-7.518918970796465e+31,0.0,0.0,550856097792.0,1.098275645637767e+38,50.0,60.0,35,0.0,0.0,10.0,2.0,0.0,0.0,0.0,0.0,0.0,0.0,0.0,0.0,0.0,0.0,0.0,0.0,58.8,57,10,65507,27,65476,956,65476,1,0,4,20529,65476,0,0,30147,60.0,0.0,10.0,10.0,2.0,0.0
2026-02-16T12:26:04,ERR,ERR,ERR,ERR,ERR,ERR,ERR,ERR,ERR,ERR,ERR,ERR,ERR,ERR,ERR,ERR,ERR,ERR,ERR,ERR,ERR,ERR,ERR,ERR,ERR,ERR,ERR,ERR,ERR,ERR,ERR,ERR,ERR,ERR,ERR,ERR,ERR,ERR,ERR,ERR,ERR,ERR,ERR,ERR,ERR,ERR,ERR,ERR,ERR,ERR,ERR,ERR,ERR,ERR,ERR,ERR,ERR,ERR,ERR,ERR,ERR,ERR,ERR,ERR,ERR,ERR,ERR,ERR,ERR,ERR,ERR,ERR,ERR,ERR,ERR,ERR,ERR,ERR,ERR,ERR,ERR,ERR,ERR,ERR,ERR,ERR,ERR,ERR,ERR,ERR,ERR,ERR,ERR,ERR,ERR,ERR,ERR,ERR,ERR,ERR,ERR,ERR,ERR,ERR,ERR,ERR,ERR,ERR,ERR,ERR,ERR,ERR,ERR,ERR,ERR,ERR,ERR,ERR,ERR,ERR,ERR,ERR,ERR,ERR,ERR,0.0,2.7184527190102135e+23,-0.0,0.0,-0.031,877.017,-0.0,-8.50971420196389e+24,4300,0,8,17169,4300,0.0,41,0.0,0.0,0.0,0.0,2.7184166902131945e+23,0,0,0,0,0.0,0,0,0,0,0,0,0,0,0,0,0,0,0,0,0,0,0,0,0,0,0,0,0,0,0,0,0,0,0,0,0,0,0,10,37,37,47,65476,413,65476,1,0,4,21553,0.0,0.0,0.0,0.0,0.0,0.0,0.0,0.0,0.0,0.0,0.0,0.0,0.0,0.0,0.0,0.0,0.0,0.0,0.0,0.0,0.0,2.004,2.004,-0.0,0.0,2.004,0.0,0.0,0.0,0.0,6455.0,-0.0,0.0,0.0,-0.0,0.0,-0.0,0.0,0.0,2.004,2.004,227,-0.0,0.0,0.0,0.0,0.0,0.0,0.0,0.0,0.0,0,0,0,-29985.717,5.5414449256003535e+19,-0.0,-27680.994,1.0385486143092216e+38,-296905900032.0,0.0,-54086.02,0.0,-7.443176378719065e+25,-0.081,264434761728.0,0.0,0.0,0.0,-5497452912181248.0,0,1.3516416376850534e+27,227,0.0,454,2.40156025918058e+36,-0.235,2114,0,17110,0,17112,0,17096,0,0,0,101,100,100,-0.0,64.7,2.7302337753474445e+23,65.0,0.0,65.0,1,49,50,180,13107,52429,0,0,0.0,0.0,0.0,60.0,0.0,71.0,0.0,-0.0,0.0,1069,0,1069,0,0,0,1070,0,1080,0,1000,0,650,0,652,0,648,0,676,0.032,1.4536034330083127e+22,0.0,0.0,34704,16813,0.0,-7.518918970796465e+31,0.0,0.0,550856097792.0,1.098275645637767e+38,50.0,60.0,35,0.0,0.0,10.0,2.0,0.0,0.0,0.0,0.0,0.0,0.0,0.0,0.0,0.0,0.0,0.0,0.0,58.8,57,10,65507,27,65476,956,65476,1,0,4,20529,65476,0,0,30147,60.0,0.0,10.0,10.0,2.0,0.0
2026-02-16T12:26:05,ERR,ERR,ERR,ERR,ERR,ERR,ERR,ERR,ERR,ERR,ERR,ERR,ERR,ERR,ERR,ERR,ERR,ERR,ERR,ERR,ERR,ERR,ERR,ERR,ERR,ERR,ERR,ERR,ERR,ERR,ERR,ERR,ERR,ERR,ERR,ERR,ERR,ERR,ERR,ERR,ERR,ERR,ERR,ERR,ERR,ERR,ERR,ERR,ERR,ERR,ERR,ERR,ERR,ERR,ERR,ERR,ERR,ERR,ERR,ERR,ERR,ERR,ERR,ERR,ERR,ERR,ERR,ERR,ERR,ERR,ERR,ERR,ERR,ERR,ERR,ERR,ERR,ERR,ERR,ERR,ERR,ERR,ERR,ERR,ERR,ERR,ERR,ERR,ERR,ERR,ERR,ERR,ERR,ERR,ERR,ERR,ERR,ERR,ERR,ERR,ERR,ERR,ERR,ERR,ERR,ERR,ERR,ERR,ERR,ERR,ERR,ERR,ERR,ERR,ERR,ERR,ERR,ERR,ERR,ERR,ERR,ERR,ERR,ERR,ERR,0.0,2.7184527190102135e+23,-0.0,0.0,-0.031,877.017,-0.0,-8.50971420196389e+24,4300,0,8,17169,4300,0.0,41,0.0,0.0,0.0,0.0,2.7184166902131945e+23,0,0,0,0,0.0,0,0,0,0,0,0,0,0,0,0,0,0,0,0,0,0,0,0,0,0,0,0,0,0,0,0,0,0,0,0,0,0,0,10,37,37,47,65476,413,65476,1,0,4,21553,0.0,0.0,0.0,0.0,0.0,0.0,0.0,0.0,0.0,0.0,0.0,0.0,0.0,0.0,0.0,0.0,0.0,0.0,0.0,0.0,0.0,2.004,2.004,-0.0,0.0,2.004,0.0,0.0,0.0,0.0,6455.0,-0.0,0.0,0.0,-0.0,0.0,-0.0,0.0,0.0,2.004,2.004,227,-0.0,0.0,0.0,0.0,0.0,0.0,0.0,0.0,0.0,0,0,0,-29985.717,5.5414449256003535e+19,-0.0,-27680.994,1.0385486143092216e+38,-296905900032.0,0.0,-54086.02,0.0,-7.443176378719065e+25,-0.081,264434761728.0,0.0,0.0,0.0,-5497452912181248.0,0,1.3516416376850534e+27,227,0.0,454,2.40156025918058e+36,-0.235,2114,0,17110,0,17112,0,17096,0,0,0,101,100,100,-0.0,64.7,2.7302337753474445e+23,65.0,0.0,65.0,1,49,50,180,13107,52429,0,0,0.0,0.0,0.0,60.0,0.0,71.0,0.0,-0.0,0.0,1069,0,1069,0,0,0,1070,0,1080,0,1000,0,650,0,652,0,648,0,676,0.032,1.4536034330083127e+22,0.0,0.0,34704,16813,0.0,-7.518918970796465e+31,0.0,0.0,550856097792.0,1.098275645637767e+38,50.0,60.0,35,0.0,0.0,10.0,2.0,0.0,0.0,0.0,0.0,0.0,0.0,0.0,0.0,0.0,0.0,0.0,0.0,58.8,57,10,65507,27,65476,1000,65476,1,0,4,20529,65476,0,0,30147,60.0,0.0,10.0,10.0,2.0,0.0
2026-02-16T12:26:06,ERR,ERR,ERR,ERR,ERR,ERR,ERR,ERR,ERR,ERR,ERR,ERR,ERR,ERR,ERR,ERR,ERR,ERR,ERR,ERR,ERR,ERR,ERR,ERR,ERR,ERR,ERR,ERR,ERR,ERR,ERR,ERR,ERR,ERR,ERR,ERR,ERR,ERR,ERR,ERR,ERR,ERR,ERR,ERR,ERR,ERR,ERR,ERR,ERR,ERR,ERR,ERR,ERR,ERR,ERR,ERR,ERR,ERR,ERR,ERR,ERR,ERR,ERR,ERR,ERR,ERR,ERR,ERR,ERR,ERR,ERR,ERR,ERR,ERR,ERR,ERR,ERR,ERR,ERR,ERR,ERR,ERR,ERR,ERR,ERR,ERR,ERR,ERR,ERR,ERR,ERR,ERR,ERR,ERR,ERR,ERR,ERR,ERR,ERR,ERR,ERR,ERR,ERR,ERR,ERR,ERR,ERR,ERR,ERR,ERR,ERR,ERR,ERR,ERR,ERR,ERR,ERR,ERR,ERR,ERR,ERR,ERR,ERR,ERR,ERR,0.0,-0.0,0.0,0.0,0.0,1.455955153054792e+37,0.0,0.0,4300,0,8,17169,4300,0.0,41,0.0,0.0,0.0,0.0,2.7184166902131945e+23,0,0,0,0,0.0,0,0,0,0,0,0,0,0,0,0,0,0,0,0,0,0,0,0,0,0,0,0,0,0,0,0,0,0,0,0,0,0,0,10,37,37,47,65476,413,65476,1,0,4,21553,0.0,0.0,0.0,0.0,0.0,0.0,0.0,0.0,0.0,0.0,0.0,0.0,0.0,0.0,0.0,0.0,0.0,0.0,0.0,0.0,0.0,2.004,2.004,-0.0,0.0,2.004,0.0,0.0,0.0,0.0,6483.0,0.0,0.0,0.0,-0.0,0.0,-0.0,0.0,0.0,2.004,2.004,227,4.066853658014554e+29,126841004032.0,0.0,0.0,0.0,0.0,0.0,0.0,0.0,0,0,0,-2.2698457373921216e+23,1.4771544036315647e+38,-0.0,-0.0,-0.0,1.983903943016579e+18,0.0,-3.901772660777943e+17,0.0,-7.81413671269255e+25,-0.088,281908903936.0,0.0,0.0,0.0,-193538752512.0,0,1.3516416376850534e+27,227,0.0,454,-74360974999552.0,-30098837504.0,2114,0,17110,0,17112,0,17096,0,0,0,101,100,100,-0.0,64.7,2.7302337753474445e+23,65.0,0.0,65.0,1,49,50,180,52429,52429,0,0,0.0,0.0,0.0,60.0,0.0,71.0,0.0,-7.683127818221902e+28,0.0,1069,0,1069,0,0,0,1070,0,1080,0,1000,0,650,0,652,0,648,0,676,0.032,1.4609821306377965e+22,0.0,0.0,32400,16813,0.0,-7.683127818221902e+28,0.0,-0.0,0.0,8564773888.0,50.0,60.0,35,0.0,0.0,10.0,2.0,0.0,0.0,0.0,0.0,0.0,0.0,0.0,0.0,0.0,0.0,0.0,0.0,58.8,56,10,65507,27,65476,1000,65476,1,0,4,20529,65476,0,0,30147,60.0,0.0,10.0,10.0,2.0,0.0
2026-02-16T12:26:07,ERR,ERR,ERR,ERR,ERR,ERR,ERR,ERR,ERR,ERR,ERR,ERR,ERR,ERR,ERR,ERR,ERR,ERR,ERR,ERR,ERR,ERR,ERR,ERR,ERR,ERR,ERR,ERR,ERR,ERR,ERR,ERR,ERR,ERR,ERR,ERR,ERR,ERR,ERR,ERR,ERR,ERR,ERR,ERR,ERR,ERR,ERR,ERR,ERR,ERR,ERR,ERR,ERR,ERR,ERR,ERR,ERR,ERR,ERR,ERR,ERR,ERR,ERR,ERR,ERR,ERR,ERR,ERR,ERR,ERR,ERR,ERR,ERR,ERR,ERR,ERR,ERR,ERR,ERR,ERR,ERR,ERR,ERR,ERR,ERR,ERR,ERR,ERR,ERR,ERR,ERR,ERR,ERR,ERR,ERR,ERR,ERR,ERR,ERR,ERR,ERR,ERR,ERR,ERR,ERR,ERR,ERR,ERR,ERR,ERR,ERR,ERR,ERR,ERR,ERR,ERR,ERR,ERR,ERR,ERR,ERR,ERR,ERR,ERR,ERR,0.0,-0.0,0.0,0.0,0.0,1.455955153054792e+37,0.0,0.0,4300,0,8,17169,4300,0.0,41,0.0,0.0,0.0,0.0,2.7184166902131945e+23,0,0,0,0,0.0,0,0,0,0,0,0,0,0,0,0,0,0,0,0,0,0,0,0,0,0,0,0,0,0,0,0,0,0,0,0,0,0,0,10,37,37,47,65476,413,65476,1,0,4,21553,0.0,0.0,0.0,0.0,0.0,0.0,0.0,0.0,0.0,0.0,0.0,0.0,0.0,0.0,0.0,0.0,0.0,0.0,0.0,0.0,0.0,2.004,2.004,-0.0,0.0,2.004,0.0,0.0,0.0,0.0,6483.0,0.0,0.0,0.0,-0.0,0.0,-0.0,0.0,0.0,2.004,2.004,227,4.066853658014554e+29,126841004032.0,0.0,0.0,0.0,0.0,0.0,0.0,0.0,0,0,0,-2.2698457373921216e+23,1.4771544036315647e+38,-0.0,-0.0,-0.0,1.983903943016579e+18,0.0,-3.901772660777943e+17,0.0,-7.81413671269255e+25,-0.088,281908903936.0,0.0,0.0,0.0,-193538752512.0,0,1.3516416376850534e+27,227,0.0,454,-74360974999552.0,-30098837504.0,2114,0,17110,0,17112,0,17096,0,0,0,101,100,100,-0.0,64.7,2.7302337753474445e+23,65.0,0.0,65.0,1,49,50,180,52429,52429,0,0,0.0,0.0,0.0,60.0,0.0,71.0,0.0,-7.683127818221902e+28,0.0,1069,0,1069,0,0,0,1070,0,1080,0,1000,0,650,0,652,0,648,0,676,0.032,1.4609821306377965e+22,0.0,0.0,32400,16813,0.0,-7.683127818221902e+28,0.0,-0.0,0.0,8564773888.0,50.0,60.0,35,0.0,0.0,10.0,2.0,0.0,0.0,0.0,0.0,0.0,0.0,0.0,0.0,0.0,0.0,0.0,0.0,58.8,56,10,65507,27,65476,1000,65476,1,0,4,20529,65476,0,0,30147,60.0,0.0,10.0,10.0,2.0,0.0
2026-02-16T12:26:08,ERR,ERR,ERR,ERR,ERR,ERR,ERR,ERR,ERR,ERR,ERR,ERR,ERR,ERR,ERR,ERR,ERR,ERR,ERR,ERR,ERR,ERR,ERR,ERR,ERR,ERR,ERR,ERR,ERR,ERR,ERR,ERR,ERR,ERR,ERR,ERR,ERR,ERR,ERR,ERR,ERR,ERR,ERR,ERR,ERR,ERR,ERR,ERR,ERR,ERR,ERR,ERR,ERR,ERR,ERR,ERR,ERR,ERR,ERR,ERR,ERR,ERR,ERR,ERR,ERR,ERR,ERR,ERR,ERR,ERR,ERR,ERR,ERR,ERR,ERR,ERR,ERR,ERR,ERR,ERR,ERR,ERR,ERR,ERR,ERR,ERR,ERR,ERR,ERR,ERR,ERR,ERR,ERR,ERR,ERR,ERR,ERR,ERR,ERR,ERR,ERR,ERR,ERR,ERR,ERR,ERR,ERR,ERR,ERR,ERR,ERR,ERR,ERR,ERR,ERR,ERR,ERR,ERR,ERR,ERR,ERR,ERR,ERR,ERR,ERR,0.0,-0.0,0.0,0.0,0.0,1.455955153054792e+37,0.0,0.0,4300,0,8,17169,4300,0.0,41,0.0,0.0,0.0,0.0,2.7184166902131945e+23,0,0,0,0,0.0,0,0,0,0,0,0,0,0,0,0,0,0,0,0,0,0,0,0,0,0,0,0,0,0,0,0,0,0,0,0,0,0,0,10,37,37,47,65476,413,65476,1,0,4,21553,0.0,0.0,0.0,0.0,0.0,0.0,0.0,0.0,0.0,0.0,0.0,0.0,0.0,0.0,0.0,0.0,0.0,0.0,0.0,0.0,0.0,2.004,2.004,-0.0,0.0,2.004,0.0,0.0,0.0,0.0,6483.0,0.0,0.0,0.0,-0.0,0.0,-0.0,0.0,0.0,2.004,2.004,227,4.066853658014554e+29,126841004032.0,0.0,0.0,0.0,0.0,0.0,0.0,0.0,0,0,0,-2.2698457373921216e+23,1.4771544036315647e+38,-0.0,-0.0,-0.0,1.983903943016579e+18,0.0,-3.901772660777943e+17,0.0,-7.81413671269255e+25,-0.088,281908903936.0,0.0,0.0,0.0,-193538752512.0,0,1.3516416376850534e+27,227,0.0,454,-74360974999552.0,-30098837504.0,2114,0,17110,0,17112,0,17096,0,0,0,101,100,100,-0.0,64.7,2.7302337753474445e+23,65.0,0.0,65.0,1,49,50,180,52429,52429,0,0,0.0,0.0,0.0,60.0,0.0,71.0,0.0,-7.683127818221902e+28,0.0,1069,0,1069,0,0,0,1070,0,1080,0,1000,0,650,0,652,0,648,0,676,0.032,1.4609821306377965e+22,0.0,0.0,32400,16813,0.0,-7.683127818221902e+28,0.0,-0.0,0.0,8564773888.0,50.0,60.0,35,0.0,0.0,10.0,2.0,0.0,0.0,0.0,0.0,0.0,0.0,0.0,0.0,0.0,0.0,0.0,0.0,58.8,56,10,65507,27,65476,1000,65476,1,0,4,20529,65476,0,0,30147,60.0,0.0,10.0,10.0,2.0,0.0
2026-02-16T12:26:09,ERR,ERR,ERR,ERR,ERR,ERR,ERR,ERR,ERR,ERR,ERR,ERR,ERR,ERR,ERR,ERR,ERR,ERR,ERR,ERR,ERR,ERR,ERR,ERR,ERR,ERR,ERR,ERR,ERR,ERR,ERR,ERR,ERR,ERR,ERR,ERR,ERR,ERR,ERR,ERR,ERR,ERR,ERR,ERR,ERR,ERR,ERR,ERR,ERR,ERR,ERR,ERR,ERR,ERR,ERR,ERR,ERR,ERR,ERR,ERR,ERR,ERR,ERR,ERR,ERR,ERR,ERR,ERR,ERR,ERR,ERR,ERR,ERR,ERR,ERR,ERR,ERR,ERR,ERR,ERR,ERR,ERR,ERR,ERR,ERR,ERR,ERR,ERR,ERR,ERR,ERR,ERR,ERR,ERR,ERR,ERR,ERR,ERR,ERR,ERR,ERR,ERR,ERR,ERR,ERR,ERR,ERR,ERR,ERR,ERR,ERR,ERR,ERR,ERR,ERR,ERR,ERR,ERR,ERR,ERR,ERR,ERR,ERR,ERR,ERR,0.0,-0.0,0.0,0.0,0.0,1.455955153054792e+37,0.0,0.0,4300,0,8,17169,4300,0.0,41,0.0,0.0,0.0,0.0,2.7184166902131945e+23,0,0,0,0,0.0,0,0,0,0,0,0,0,0,0,0,0,0,0,0,0,0,0,0,0,0,0,0,0,0,0,0,0,0,0,0,0,0,0,10,37,37,47,65476,413,65476,1,0,4,21553,0.0,0.0,0.0,0.0,0.0,0.0,0.0,0.0,0.0,0.0,0.0,0.0,0.0,0.0,0.0,0.0,0.0,0.0,0.0,0.0,0.0,2.004,2.004,-0.0,0.0,2.004,0.0,0.0,0.0,0.0,6483.0,0.0,0.0,0.0,-0.0,0.0,-0.0,0.0,0.0,2.004,2.004,227,4.066853658014554e+29,126841004032.0,0.0,0.0,0.0,0.0,0.0,0.0,0.0,0,0,0,-2.2698457373921216e+23,1.4771544036315647e+38,-0.0,-0.0,-0.0,1.983903943016579e+18,0.0,-3.901772660777943e+17,0.0,-7.81413671269255e+25,-0.088,281908903936.0,0.0,0.0,0.0,-193538752512.0,0,1.3516416376850534e+27,227,0.0,454,-74360974999552.0,-30098837504.0,2114,0,17110,0,17112,0,17096,0,0,0,101,100,100,-0.0,64.7,2.7302337753474445e+23,65.0,0.0,65.0,1,49,50,180,52429,52429,0,0,0.0,0.0,0.0,60.0,0.0,71.0,0.0,-7.683127818221902e+28,0.0,1069,0,1069,0,0,0,1070,0,1080,0,1000,0,650,0,652,0,648,0,676,0.032,1.4609821306377965e+22,0.0,0.0,32400,16813,0.0,-7.683127818221902e+28,0.0,-0.0,0.0,8564773888.0,50.0,60.0,35,0.0,0.0,10.0,2.0,0.0,0.0,0.0,0.0,0.0,0.0,0.0,0.0,0.0,0.0,0.0,0.0,58.8,56,10,65507,27,65476,1000,65476,1,0,4,20529,65476,0,0,30147,60.0,0.0,10.0,10.0,2.0,0.0
2026-02-16T12:26:10,ERR,ERR,ERR,ERR,ERR,ERR,ERR,ERR,ERR,ERR,ERR,ERR,ERR,ERR,ERR,ERR,ERR,ERR,ERR,ERR,ERR,ERR,ERR,ERR,ERR,ERR,ERR,ERR,ERR,ERR,ERR,ERR,ERR,ERR,ERR,ERR,ERR,ERR,ERR,ERR,ERR,ERR,ERR,ERR,ERR,ERR,ERR,ERR,ERR,ERR,ERR,ERR,ERR,ERR,ERR,ERR,ERR,ERR,ERR,ERR,ERR,ERR,ERR,ERR,ERR,ERR,ERR,ERR,ERR,ERR,ERR,ERR,ERR,ERR,ERR,ERR,ERR,ERR,ERR,ERR,ERR,ERR,ERR,ERR,ERR,ERR,ERR,ERR,ERR,ERR,ERR,ERR,ERR,ERR,ERR,ERR,ERR,ERR,ERR,ERR,ERR,ERR,ERR,ERR,ERR,ERR,ERR,ERR,ERR,ERR,ERR,ERR,ERR,ERR,ERR,ERR,ERR,ERR,ERR,ERR,ERR,ERR,ERR,ERR,ERR,0.0,-0.0,0.0,0.0,0.0,-0.284,1.6438632521175413e+35,-3.5501067944853504e+16,4300,0,8,17169,4300,0.0,41,0.0,0.0,0.0,0.0,2.7184166902131945e+23,0,0,0,0,0.0,0,0,0,0,0,0,0,0,0,0,0,0,0,0,0,0,0,0,0,0,0,0,0,0,0,0,0,0,0,0,0,0,0,9,38,37,46,65476,405,65476,1,0,4,21553,0.0,-107610720.0,0.0,0.0,0.0,0.0,0.0,0.0,0.0,0.0,0.0,0.0,0.0,0.0,0.0,0.0,0.0,0.0,0.0,0.0,0.0,2.004,3.697062548517736e+19,-0.0,0.0,2.004,0.0,0.0,0.0,0.0,6483.0,-0.0,0.0,0.0,-0.0,0.0,-0.0,0.0,0.0,2.004,2.004,228,5.848055683159391e+35,-0.0,0.0,0.0,0.0,0.0,0.0,0.0,0.0,0,0,0,-132086207873024.0,-4.705575955151087e+19,-0.0,-1.9118479982460928e+18,6.2942256636439625e+32,2.9499722918174292e+35,0.0,-0.0,0.0,-8.539492204461327e+25,-0.093,305531224064.0,0.0,0.0,0.0,-2.955124265331922e+22,0,1.3516416376850534e+27,228,0.0,456,2.40156025918058e+36,-0.235,2114,0,17110,0,17112,0,17096,0,0,0,101,100,100,-0.0,64.7,2.7302337753474445e+23,65.0,0.0,65.0,1,49,50,180,52429,52429,0,0,0.0,0.0,0.0,60.0,0.0,71.0,0.0,734229.5,0.0,1069,0,1069,0,0,0,1070,0,1080,0,1000,0,650,0,652,0,648,0,676,0.032,1.4609821306377965e+22,0.0,0.0,43152,16813,0.0,734229.5,2.9898547646503075e+23,0.0,2.4010301057753783e+20,-11878409.0,50.0,60.0,35,0.0,0.0,10.0,2.0,0.0,0.0,0.0,0.0,0.0,0.0,0.0,0.0,0.0,0.0,0.0,0.0,59.2,56,10,65507,27,65476,1000,65476,1,0,4,20529,65476,0,0,30147,60.0,0.0,10.0,10.0,2.0,0.0
2026-02-16T12:26:11,ERR,ERR,ERR,ERR,ERR,ERR,ERR,ERR,ERR,ERR,ERR,ERR,ERR,ERR,ERR,ERR,ERR,ERR,ERR,ERR,ERR,ERR,ERR,ERR,ERR,ERR,ERR,ERR,ERR,ERR,ERR,ERR,ERR,ERR,ERR,ERR,ERR,ERR,ERR,ERR,ERR,ERR,ERR,ERR,ERR,ERR,ERR,ERR,ERR,ERR,ERR,ERR,ERR,ERR,ERR,ERR,ERR,ERR,ERR,ERR,ERR,ERR,ERR,ERR,ERR,ERR,ERR,ERR,ERR,ERR,ERR,ERR,ERR,ERR,ERR,ERR,ERR,ERR,ERR,ERR,ERR,ERR,ERR,ERR,ERR,ERR,ERR,ERR,ERR,ERR,ERR,ERR,ERR,ERR,ERR,ERR,ERR,ERR,ERR,ERR,ERR,ERR,ERR,ERR,ERR,ERR,ERR,ERR,ERR,ERR,ERR,ERR,ERR,ERR,ERR,ERR,ERR,ERR,ERR,ERR,ERR,ERR,ERR,ERR,ERR,0.0,-0.0,0.0,0.0,0.0,-0.284,1.6438632521175413e+35,-3.5501067944853504e+16,4300,0,8,17169,4300,0.0,41,0.0,0.0,0.0,0.0,2.7184166902131945e+23,0,0,0,0,0.0,0,0,0,0,0,0,0,0,0,0,0,0,0,0,0,0,0,0,0,0,0,0,0,0,0,0,0,0,0,0,0,0,0,9,38,37,46,65476,405,65476,1,0,4,21553,0.0,-107610720.0,0.0,0.0,0.0,0.0,0.0,0.0,0.0,0.0,0.0,0.0,0.0,0.0,0.0,0.0,0.0,0.0,0.0,0.0,0.0,2.004,3.697062548517736e+19,-0.0,0.0,2.004,0.0,0.0,0.0,0.0,6483.0,-0.0,0.0,0.0,-0.0,0.0,-0.0,0.0,0.0,2.004,2.004,228,5.848055683159391e+35,-0.0,0.0,0.0,0.0,0.0,0.0,0.0,0.0,0,0,0,-132086207873024.0,-4.705575955151087e+19,-0.0,-1.9118479982460928e+18,6.2942256636439625e+32,2.9499722918174292e+35,0.0,-0.0,0.0,-8.539492204461327e+25,-0.093,305531224064.0,0.0,0.0,0.0,-2.955124265331922e+22,0,1.3516416376850534e+27,228,0.0,456,2.40156025918058e+36,-0.235,2114,0,17110,0,17112,0,17096,0,0,0,101,100,100,-0.0,64.7,2.7302337753474445e+23,65.0,0.0,65.0,1,49,50,180,52429,52429,0,0,0.0,0.0,0.0,60.0,0.0,71.0,0.0,734229.5,0.0,1069,0,1069,0,0,0,1070,0,1080,0,1000,0,650,0,652,0,648,0,676,0.032,1.4609821306377965e+22,0.0,0.0,43152,16813,0.0,734229.5,2.9898547646503075e+23,0.0,2.4010301057753783e+20,-11878409.0,50.0,60.0,35,0.0,0.0,10.0,2.0,0.0,0.0,0.0,0.0,0.0,0.0,0.0,0.0,0.0,0.0,0.0,0.0,58.8,56,10,65507,27,65476,1000,65476,1,0,4,20529,65476,0,0,30147,60.0,0.0,10.0,10.0,2.0,0.0
2026-02-16T12:26:12,ERR,ERR,ERR,ERR,ERR,ERR,ERR,ERR,ERR,ERR,ERR,ERR,ERR,ERR,ERR,ERR,ERR,ERR,ERR,ERR,ERR,ERR,ERR,ERR,ERR,ERR,ERR,ERR,ERR,ERR,ERR,ERR,ERR,ERR,ERR,ERR,ERR,ERR,ERR,ERR,ERR,ERR,ERR,ERR,ERR,ERR,ERR,ERR,ERR,ERR,ERR,ERR,ERR,ERR,ERR,ERR,ERR,ERR,ERR,ERR,ERR,ERR,ERR,ERR,ERR,ERR,ERR,ERR,ERR,ERR,ERR,ERR,ERR,ERR,ERR,ERR,ERR,ERR,ERR,ERR,ERR,ERR,ERR,ERR,ERR,ERR,ERR,ERR,ERR,ERR,ERR,ERR,ERR,ERR,ERR,ERR,ERR,ERR,ERR,ERR,ERR,ERR,ERR,ERR,ERR,ERR,ERR,ERR,ERR,ERR,ERR,ERR,ERR,ERR,ERR,ERR,ERR,ERR,ERR,ERR,ERR,ERR,ERR,ERR,ERR,0.0,-0.0,0.0,0.0,0.0,-0.284,1.6438632521175413e+35,-3.5501067944853504e+16,4300,0,8,17169,4300,0.0,41,0.0,0.0,0.0,0.0,2.7184166902131945e+23,0,0,0,0,0.0,0,0,0,0,0,0,0,0,0,0,0,0,0,0,0,0,0,0,0,0,0,0,0,0,0,0,0,0,0,0,0,0,0,9,38,37,46,65476,405,65476,1,0,4,21553,0.0,-107610720.0,0.0,0.0,0.0,0.0,0.0,0.0,0.0,0.0,0.0,0.0,0.0,0.0,0.0,0.0,0.0,0.0,0.0,0.0,0.0,2.004,3.697062548517736e+19,-0.0,0.0,2.004,0.0,0.0,0.0,0.0,6483.0,-0.0,0.0,0.0,-0.0,0.0,-0.0,0.0,0.0,2.004,2.004,228,5.848055683159391e+35,-0.0,0.0,0.0,0.0,0.0,0.0,0.0,0.0,0,0,0,-132086207873024.0,-4.705575955151087e+19,-0.0,-1.9118479982460928e+18,6.2942256636439625e+32,2.9499722918174292e+35,0.0,-0.0,0.0,-8.539492204461327e+25,-0.093,305531224064.0,0.0,0.0,0.0,-2.955124265331922e+22,0,1.3516416376850534e+27,228,0.0,456,2.40156025918058e+36,-0.235,2114,0,17110,0,17112,0,17096,0,0,0,101,100,100,-0.0,64.7,2.7302337753474445e+23,65.0,0.0,65.0,1,49,50,180,52429,52429,0,0,0.0,0.0,0.0,60.0,0.0,71.0,0.0,734229.5,0.0,1069,0,1069,0,0,0,1070,0,1080,0,1000,0,650,0,652,0,648,0,676,0.032,1.4609821306377965e+22,0.0,0.0,43152,16813,0.0,734229.5,2.9898547646503075e+23,0.0,2.4010301057753783e+20,-11878409.0,50.0,60.0,35,0.0,0.0,10.0,2.0,0.0,0.0,0.0,0.0,0.0,0.0,0.0,0.0,0.0,0.0,0.0,0.0,58.8,56,10,65507,27,65476,1000,65476,1,0,4,20529,65476,0,0,30147,60.0,0.0,10.0,10.0,2.0,0.0
2026-02-16T12:26:13,ERR,ERR,ERR,ERR,ERR,ERR,ERR,ERR,ERR,ERR,ERR,ERR,ERR,ERR,ERR,ERR,ERR,ERR,ERR,ERR,ERR,ERR,ERR,ERR,ERR,ERR,ERR,ERR,ERR,ERR,ERR,ERR,ERR,ERR,ERR,ERR,ERR,ERR,ERR,ERR,ERR,ERR,ERR,ERR,ERR,ERR,ERR,ERR,ERR,ERR,ERR,ERR,ERR,ERR,ERR,ERR,ERR,ERR,ERR,ERR,ERR,ERR,ERR,ERR,ERR,ERR,ERR,ERR,ERR,ERR,ERR,ERR,ERR,ERR,ERR,ERR,ERR,ERR,ERR,ERR,ERR,ERR,ERR,ERR,ERR,ERR,ERR,ERR,ERR,ERR,ERR,ERR,ERR,ERR,ERR,ERR,ERR,ERR,ERR,ERR,ERR,ERR,ERR,ERR,ERR,ERR,ERR,ERR,ERR,ERR,ERR,ERR,ERR,ERR,ERR,ERR,ERR,ERR,ERR,ERR,ERR,ERR,ERR,ERR,ERR,0.0,-0.0,0.0,0.0,0.0,-0.284,1.6438632521175413e+35,-3.5501067944853504e+16,4300,0,8,17169,4300,0.0,41,0.0,0.0,0.0,0.0,2.7184166902131945e+23,0,0,0,0,0.0,0,0,0,0,0,0,0,0,0,0,0,0,0,0,0,0,0,0,0,0,0,0,0,0,0,0,0,0,0,0,0,0,0,9,38,37,46,65476,405,65476,1,0,4,21553,0.0,-107610720.0,0.0,0.0,0.0,0.0,0.0,0.0,0.0,0.0,0.0,0.0,0.0,0.0,0.0,0.0,0.0,0.0,0.0,0.0,0.0,2.004,3.697062548517736e+19,-0.0,0.0,2.004,0.0,0.0,0.0,0.0,6483.0,-0.0,0.0,0.0,-0.0,0.0,-0.0,0.0,0.0,2.004,2.004,228,5.848055683159391e+35,-0.0,0.0,0.0,0.0,0.0,0.0,0.0,0.0,0,0,0,-132086207873024.0,-4.705575955151087e+19,-0.0,-1.9118479982460928e+18,6.2942256636439625e+32,2.9499722918174292e+35,0.0,-0.0,0.0,-8.539492204461327e+25,-0.093,305531224064.0,0.0,0.0,0.0,-2.955124265331922e+22,0,1.3516416376850534e+27,228,0.0,456,2.40156025918058e+36,-0.235,2114,0,17110,0,17112,0,17096,0,0,0,101,100,100,-0.0,64.8,-0.0,65.0,0.0,65.0,1,49,50,180,52429,52429,0,0,0.0,0.0,0.0,60.0,0.0,71.0,0.0,1.5440516624996727e+33,0.0,1069,0,1069,0,0,0,1070,0,1080,0,1000,0,651,0,653,0,648,0,676,0.032,1.4536034330083127e+22,0.0,0.0,38544,16813,0.0,-0.0,0.0,-0.0,0.0,477278568448.0,50.0,60.0,35,0.0,0.0,10.0,2.0,0.0,0.0,0.0,0.0,0.0,0.0,0.0,0.0,0.0,0.0,0.0,0.0,58.8,56,10,65507,27,65476,1000,65476,1,0,4,20529,65476,0,0,30147,60.0,0.0,10.0,10.0,2.0,0.0
2026-02-16T12:26:14,ERR,ERR,ERR,ERR,ERR,ERR,ERR,ERR,ERR,ERR,ERR,ERR,ERR,ERR,ERR,ERR,ERR,ERR,ERR,ERR,ERR,ERR,ERR,ERR,ERR,ERR,ERR,ERR,ERR,ERR,ERR,ERR,ERR,ERR,ERR,ERR,ERR,ERR,ERR,ERR,ERR,ERR,ERR,ERR,ERR,ERR,ERR,ERR,ERR,ERR,ERR,ERR,ERR,ERR,ERR,ERR,ERR,ERR,ERR,ERR,ERR,ERR,ERR,ERR,ERR,ERR,ERR,ERR,ERR,ERR,ERR,ERR,ERR,ERR,ERR,ERR,ERR,ERR,ERR,ERR,ERR,ERR,ERR,ERR,ERR,ERR,ERR,ERR,ERR,ERR,ERR,ERR,ERR,ERR,ERR,ERR,ERR,ERR,ERR,ERR,ERR,ERR,ERR,ERR,ERR,ERR,ERR,ERR,ERR,ERR,ERR,ERR,ERR,ERR,ERR,ERR,ERR,ERR,ERR,ERR,ERR,ERR,ERR,ERR,ERR,0.0,-0.0,0.0,0.0,0.0,-0.284,1.6438632521175413e+35,-3.5501067944853504e+16,4300,0,8,17169,4300,0.0,41,0.0,0.0,0.0,0.0,2.7184166902131945e+23,0,0,0,0,0.0,0,0,0,0,0,0,0,0,0,0,0,0,0,0,0,0,0,0,0,0,0,0,0,0,0,0,0,0,0,0,0,0,0,9,38,37,46,65476,405,65476,1,0,4,21553,0.0,-107610720.0,0.0,0.0,0.0,0.0,0.0,0.0,0.0,0.0,0.0,0.0,0.0,0.0,0.0,0.0,0.0,0.0,0.0,0.0,0.0,2.004,3.697062548517736e+19,-0.0,0.0,2.004,0.0,0.0,0.0,0.0,6483.0,-0.0,0.0,0.0,-0.0,0.0,-0.0,0.0,0.0,2.004,2.004,228,5.848055683159391e+35,-0.0,0.0,0.0,0.0,0.0,0.0,0.0,0.0,0,0,0,-132086207873024.0,-4.705575955151087e+19,-0.0,-1.9118479982460928e+18,6.2942256636439625e+32,2.9499722918174292e+35,0.0,-0.0,0.0,-8.539492204461327e+25,-0.093,305531224064.0,0.0,0.0,0.0,-2.955124265331922e+22,0,1.3516416376850534e+27,228,0.0,456,2.40156025918058e+36,-0.235,2114,0,17110,0,17112,0,17096,0,0,0,101,100,100,-0.0,64.8,-0.0,65.0,0.0,65.0,1,49,50,180,52429,52429,0,0,0.0,0.0,0.0,60.0,0.0,71.0,0.0,1.5440516624996727e+33,0.0,1069,0,1069,0,0,0,1070,0,1080,0,1000,0,651,0,653,0,648,0,676,0.032,1.4536034330083127e+22,0.0,0.0,38544,16813,0.0,-0.0,0.0,-0.0,0.0,477278568448.0,50.0,60.0,35,0.0,0.0,10.0,2.0,0.0,0.0,0.0,0.0,0.0,0.0,0.0,0.0,0.0,0.0,0.0,0.0,58.8,56,10,65507,27,65476,1000,65476,1,0,4,20529,65476,0,0,30147,60.0,0.0,10.0,10.0,2.0,0.0
2026-02-16T12:26:15,ERR,ERR,ERR,ERR,ERR,ERR,ERR,ERR,ERR,ERR,ERR,ERR,ERR,ERR,ERR,ERR,ERR,ERR,ERR,ERR,ERR,ERR,ERR,ERR,ERR,ERR,ERR,ERR,ERR,ERR,ERR,ERR,ERR,ERR,ERR,ERR,ERR,ERR,ERR,ERR,ERR,ERR,ERR,ERR,ERR,ERR,ERR,ERR,ERR,ERR,ERR,ERR,ERR,ERR,ERR,ERR,ERR,ERR,ERR,ERR,ERR,ERR,ERR,ERR,ERR,ERR,ERR,ERR,ERR,ERR,ERR,ERR,ERR,ERR,ERR,ERR,ERR,ERR,ERR,ERR,ERR,ERR,ERR,ERR,ERR,ERR,ERR,ERR,ERR,ERR,ERR,ERR,ERR,ERR,ERR,ERR,ERR,ERR,ERR,ERR,ERR,ERR,ERR,ERR,ERR,ERR,ERR,ERR,ERR,ERR,ERR,ERR,ERR,ERR,ERR,ERR,ERR,ERR,ERR,ERR,ERR,ERR,ERR,ERR,ERR,0.0,-0.0,0.0,0.0,0.0,-0.013,1.045949852873922e+33,-7.397174070267085e+17,4300,0,8,17169,4300,0.0,41,0.0,0.0,0.0,0.0,2.7184166902131945e+23,0,0,0,0,0.0,0,0,0,0,0,0,0,0,0,0,0,0,0,0,0,0,0,0,0,0,0,0,0,0,0,0,0,0,0,0,0,0,0,9,38,37,46,65476,403,65476,1,0,4,21553,0.0,0.0,0.0,0.0,0.0,0.0,0.0,0.0,0.0,0.0,0.0,0.0,0.0,0.0,0.0,0.0,0.0,0.0,0.0,0.0,0.0,2.004,2.004,-0.0,0.0,0.0,0.0,0.0,0.0,0.0,6483.0,-1.5879380422686047e+29,0.0,0.0,-0.0,0.0,-0.0,0.0,0.0,2.004,2.004,228,-0.0,-4.950423568755355e+32,0.0,0.0,0.0,0.0,0.0,0.0,0.0,0,0,0,-7.575312826528306e+20,8.20058608968359e+19,-0.0,-2.635608812191533e+27,-0.0,6236696777588736.0,0.0,0.0,6.824496263974167e+30,-9.264847696230104e+25,-0.099,333448511488.0,0.0,0.0,0.0,-0.0,0,1.3516416376850534e+27,228,0.0,456,0.0,-1.3516451289993519e+35,2114,0,17110,0,17112,0,17096,0,0,0,101,100,100,-0.0,64.8,-0.0,65.0,0.0,65.0,1,49,50,180,52429,52429,0,0,0.0,0.0,0.0,60.0,0.0,71.0,0.0,1.5440516624996727e+33,0.0,1069,0,1069,0,0,0,1070,0,1080,0,1000,0,651,0,653,0,648,0,676,0.032,1.4536034330083127e+22,0.0,0.0,38544,16813,0.0,-0.0,0.0,-0.0,0.0,477278568448.0,50.0,60.0,35,0.0,0.0,10.0,2.0,0.0,0.0,0.0,0.0,0.0,0.0,0.0,0.0,0.0,0.0,0.0,0.0,59.2,56,11,65507,27,65476,1000,65476,1,0,4,20529,65476,0,0,30147,60.0,0.0,10.0,10.0,2.0,0.0
2026-02-16T12:26:16,ERR,ERR,ERR,ERR,ERR,ERR,ERR,ERR,ERR,ERR,ERR,ERR,ERR,ERR,ERR,ERR,ERR,ERR,ERR,ERR,ERR,ERR,ERR,ERR,ERR,ERR,ERR,ERR,ERR,ERR,ERR,ERR,ERR,ERR,ERR,ERR,ERR,ERR,ERR,ERR,ERR,ERR,ERR,ERR,ERR,ERR,ERR,ERR,ERR,ERR,ERR,ERR,ERR,ERR,ERR,ERR,ERR,ERR,ERR,ERR,ERR,ERR,ERR,ERR,ERR,ERR,ERR,ERR,ERR,ERR,ERR,ERR,ERR,ERR,ERR,ERR,ERR,ERR,ERR,ERR,ERR,ERR,ERR,ERR,ERR,ERR,ERR,ERR,ERR,ERR,ERR,ERR,ERR,ERR,ERR,ERR,ERR,ERR,ERR,ERR,ERR,ERR,ERR,ERR,ERR,ERR,ERR,ERR,ERR,ERR,ERR,ERR,ERR,ERR,ERR,ERR,ERR,ERR,ERR,ERR,ERR,ERR,ERR,ERR,ERR,0.0,-0.0,0.0,0.0,0.0,-0.013,1.045949852873922e+33,-7.397174070267085e+17,4300,0,8,17169,4300,0.0,41,0.0,0.0,0.0,0.0,2.7184166902131945e+23,0,0,0,0,0.0,0,0,0,0,0,0,0,0,0,0,0,0,0,0,0,0,0,0,0,0,0,0,0,0,0,0,0,0,0,0,0,0,0,9,38,37,46,65476,403,65476,1,0,4,21553,0.0,0.0,0.0,0.0,0.0,0.0,0.0,0.0,0.0,0.0,0.0,0.0,0.0,0.0,0.0,0.0,0.0,0.0,0.0,0.0,0.0,2.004,2.004,-0.0,0.0,0.0,0.0,0.0,0.0,0.0,6483.0,-1.5879380422686047e+29,0.0,0.0,-0.0,0.0,-0.0,0.0,0.0,2.004,2.004,228,-0.0,-4.950423568755355e+32,0.0,0.0,0.0,0.0,0.0,0.0,0.0,0,0,0,-7.575312826528306e+20,8.20058608968359e+19,-0.0,-2.635608812191533e+27,-0.0,6236696777588736.0,0.0,0.0,6.824496263974167e+30,-9.264847696230104e+25,-0.099,333448511488.0,0.0,0.0,0.0,-0.0,0,1.3516416376850534e+27,228,0.0,456,0.0,-1.3516451289993519e+35,2114,0,17110,0,17112,0,17096,0,0,0,101,100,100,-0.0,64.8,-0.0,65.0,0.0,65.0,1,49,50,180,52429,52429,0,0,0.0,0.0,0.0,60.0,0.0,71.0,0.0,-0.0,0.0,1069,0,1069,0,0,0,1070,0,1080,0,1000,0,651,0,652,0,648,0,676,0.032,1.4609821306377965e+22,0.0,0.0,37392,16813,0.0,-0.0,-1.0217798500513061e+20,-3.379035103389798e+26,-9.60989112216458e+28,0.0,50.0,60.0,35,0.0,0.0,10.0,2.0,0.0,0.0,0.0,0.0,0.0,0.0,0.0,0.0,0.0,0.0,0.0,0.0,58.8,56,11,65507,27,65476,1000,65476,1,0,4,20529,65476,0,0,30147,60.0,0.0,10.0,10.0,2.0,0.0
2026-02-16T12:26:17,ERR,ERR,ERR,ERR,ERR,ERR,ERR,ERR,ERR,ERR,ERR,ERR,ERR,ERR,ERR,ERR,ERR,ERR,ERR,ERR,ERR,ERR,ERR,ERR,ERR,ERR,ERR,ERR,ERR,ERR,ERR,ERR,ERR,ERR,ERR,ERR,ERR,ERR,ERR,ERR,ERR,ERR,ERR,ERR,ERR,ERR,ERR,ERR,ERR,ERR,ERR,ERR,ERR,ERR,ERR,ERR,ERR,ERR,ERR,ERR,ERR,ERR,ERR,ERR,ERR,ERR,ERR,ERR,ERR,ERR,ERR,ERR,ERR,ERR,ERR,ERR,ERR,ERR,ERR,ERR,ERR,ERR,ERR,ERR,ERR,ERR,ERR,ERR,ERR,ERR,ERR,ERR,ERR,ERR,ERR,ERR,ERR,ERR,ERR,ERR,ERR,ERR,ERR,ERR,ERR,ERR,ERR,ERR,ERR,ERR,ERR,ERR,ERR,ERR,ERR,ERR,ERR,ERR,ERR,ERR,ERR,ERR,ERR,ERR,ERR,0.0,-0.0,0.0,0.0,0.0,-0.013,1.045949852873922e+33,-7.397174070267085e+17,4300,0,8,17169,4300,0.0,41,0.0,0.0,0.0,0.0,2.7184166902131945e+23,0,0,0,0,0.0,0,0,0,0,0,0,0,0,0,0,0,0,0,0,0,0,0,0,0,0,0,0,0,0,0,0,0,0,0,0,0,0,0,9,38,37,46,65476,403,65476,1,0,4,21553,0.0,0.0,0.0,0.0,0.0,0.0,0.0,0.0,0.0,0.0,0.0,0.0,0.0,0.0,0.0,0.0,0.0,0.0,0.0,0.0,0.0,2.004,2.004,-0.0,0.0,0.0,0.0,0.0,0.0,0.0,6483.0,-1.5879380422686047e+29,0.0,0.0,-0.0,0.0,-0.0,0.0,0.0,2.004,2.004,228,-0.0,-4.950423568755355e+32,0.0,0.0,0.0,0.0,0.0,0.0,0.0,0,0,0,-7.575312826528306e+20,8.20058608968359e+19,-0.0,-2.635608812191533e+27,-0.0,6236696777588736.0,0.0,0.0,6.824496263974167e+30,-9.264847696230104e+25,-0.099,333448511488.0,0.0,0.0,0.0,-0.0,0,1.3516416376850534e+27,228,0.0,456,0.0,-1.3516451289993519e+35,2114,0,17110,0,17112,0,17096,0,0,0,101,100,100,-0.0,64.8,-0.0,65.0,0.0,65.0,1,49,50,180,52429,52429,0,0,0.0,0.0,0.0,60.0,0.0,71.0,0.0,-0.0,0.0,1069,0,1069,0,0,0,1070,0,1080,0,1000,0,651,0,652,0,648,0,676,0.032,1.4609821306377965e+22,0.0,0.0,37392,16813,0.0,-0.0,-1.0217798500513061e+20,-3.379035103389798e+26,-9.60989112216458e+28,0.0,50.0,60.0,35,0.0,0.0,10.0,2.0,0.0,0.0,0.0,0.0,0.0,0.0,0.0,0.0,0.0,0.0,0.0,0.0,58.8,56,11,65507,27,65476,1000,65476,1,0,4,20529,65476,0,0,30147,60.0,0.0,10.0,10.0,2.0,0.0
2026-02-16T12:26:18,ERR,ERR,ERR,ERR,ERR,ERR,ERR,ERR,ERR,ERR,ERR,ERR,ERR,ERR,ERR,ERR,ERR,ERR,ERR,ERR,ERR,ERR,ERR,ERR,ERR,ERR,ERR,ERR,ERR,ERR,ERR,ERR,ERR,ERR,ERR,ERR,ERR,ERR,ERR,ERR,ERR,ERR,ERR,ERR,ERR,ERR,ERR,ERR,ERR,ERR,ERR,ERR,ERR,ERR,ERR,ERR,ERR,ERR,ERR,ERR,ERR,ERR,ERR,ERR,ERR,ERR,ERR,ERR,ERR,ERR,ERR,ERR,ERR,ERR,ERR,ERR,ERR,ERR,ERR,ERR,ERR,ERR,ERR,ERR,ERR,ERR,ERR,ERR,ERR,ERR,ERR,ERR,ERR,ERR,ERR,ERR,ERR,ERR,ERR,ERR,ERR,ERR,ERR,ERR,ERR,ERR,ERR,ERR,ERR,ERR,ERR,ERR,ERR,ERR,ERR,ERR,ERR,ERR,ERR,ERR,ERR,ERR,ERR,ERR,ERR,0.0,-0.0,0.0,0.0,0.0,-0.013,1.045949852873922e+33,-7.397174070267085e+17,4300,0,8,17169,4300,0.0,41,0.0,0.0,0.0,0.0,2.7184166902131945e+23,0,0,0,0,0.0,0,0,0,0,0,0,0,0,0,0,0,0,0,0,0,0,0,0,0,0,0,0,0,0,0,0,0,0,0,0,0,0,0,9,38,37,46,65476,403,65476,1,0,4,21553,0.0,0.0,0.0,0.0,0.0,0.0,0.0,0.0,0.0,0.0,0.0,0.0,0.0,0.0,0.0,0.0,0.0,0.0,0.0,0.0,0.0,2.004,2.004,-0.0,0.0,0.0,0.0,0.0,0.0,0.0,6483.0,-1.5879380422686047e+29,0.0,0.0,-0.0,0.0,-0.0,0.0,0.0,2.004,2.004,228,-0.0,-4.950423568755355e+32,0.0,0.0,0.0,0.0,0.0,0.0,0.0,0,0,0,-7.575312826528306e+20,8.20058608968359e+19,-0.0,-2.635608812191533e+27,-0.0,6236696777588736.0,0.0,0.0,6.824496263974167e+30,-9.264847696230104e+25,-0.099,333448511488.0,0.0,0.0,0.0,-0.0,0,1.3516416376850534e+27,228,0.0,456,0.0,-1.3516451289993519e+35,2114,0,17110,0,17112,0,17096,0,0,0,101,100,100,-0.0,64.8,-0.0,65.0,0.0,65.0,1,49,50,180,52429,52429,0,0,0.0,0.0,0.0,60.0,0.0,71.0,0.0,-0.0,0.0,1069,0,1069,0,0,0,1070,0,1080,0,1000,0,651,0,652,0,648,0,676,0.032,1.4609821306377965e+22,0.0,0.0,37392,16813,0.0,-0.0,-1.0217798500513061e+20,-3.379035103389798e+26,-9.60989112216458e+28,0.0,50.0,60.0,35,0.0,0.0,10.0,2.0,0.0,0.0,0.0,0.0,0.0,0.0,0.0,0.0,0.0,0.0,0.0,0.0,58.8,56,11,65507,27,65476,1000,65476,1,0,4,20529,65476,0,0,30147,60.0,0.0,10.0,10.0,2.0,0.0
2026-02-16T12:26:19,ERR,ERR,ERR,ERR,ERR,ERR,ERR,ERR,ERR,ERR,ERR,ERR,ERR,ERR,ERR,ERR,ERR,ERR,ERR,ERR,ERR,ERR,ERR,ERR,ERR,ERR,ERR,ERR,ERR,ERR,ERR,ERR,ERR,ERR,ERR,ERR,ERR,ERR,ERR,ERR,ERR,ERR,ERR,ERR,ERR,ERR,ERR,ERR,ERR,ERR,ERR,ERR,ERR,ERR,ERR,ERR,ERR,ERR,ERR,ERR,ERR,ERR,ERR,ERR,ERR,ERR,ERR,ERR,ERR,ERR,ERR,ERR,ERR,ERR,ERR,ERR,ERR,ERR,ERR,ERR,ERR,ERR,ERR,ERR,ERR,ERR,ERR,ERR,ERR,ERR,ERR,ERR,ERR,ERR,ERR,ERR,ERR,ERR,ERR,ERR,ERR,ERR,ERR,ERR,ERR,ERR,ERR,ERR,ERR,ERR,ERR,ERR,ERR,ERR,ERR,ERR,ERR,ERR,ERR,ERR,ERR,ERR,ERR,ERR,ERR,0.0,-0.0,0.0,0.0,0.0,-0.013,1.045949852873922e+33,-7.397174070267085e+17,4300,0,8,17169,4300,0.0,41,0.0,0.0,0.0,0.0,2.7184166902131945e+23,0,0,0,0,0.0,0,0,0,0,0,0,0,0,0,0,0,0,0,0,0,0,0,0,0,0,0,0,0,0,0,0,0,0,0,0,0,0,0,9,38,37,46,65476,403,65476,1,0,4,21553,0.0,0.0,0.0,0.0,0.0,0.0,0.0,0.0,0.0,0.0,0.0,0.0,0.0,0.0,0.0,0.0,0.0,0.0,0.0,0.0,0.0,2.004,2.004,-0.0,0.0,0.0,0.0,0.0,0.0,0.0,6483.0,-1.5879380422686047e+29,0.0,0.0,-0.0,0.0,-0.0,0.0,0.0,2.004,2.004,228,-0.0,-4.950423568755355e+32,0.0,0.0,0.0,0.0,0.0,0.0,0.0,0,0,0,-7.575312826528306e+20,8.20058608968359e+19,-0.0,-2.635608812191533e+27,-0.0,6236696777588736.0,0.0,0.0,6.824496263974167e+30,-9.264847696230104e+25,-0.099,333448511488.0,0.0,0.0,0.0,-0.0,0,1.3516416376850534e+27,228,0.0,456,0.0,-1.3516451289993519e+35,2114,0,17110,0,17112,0,17096,0,0,0,101,100,100,-0.0,64.8,-0.0,65.0,0.0,65.0,1,49,50,180,52429,52429,0,0,0.0,0.0,0.0,60.0,0.0,71.0,0.0,-0.0,0.0,1069,0,1069,0,0,0,1070,0,1080,0,1000,0,651,0,652,0,648,0,676,0.032,1.4609821306377965e+22,0.0,0.0,37392,16813,0.0,-0.0,-1.0217798500513061e+20,-3.379035103389798e+26,-9.60989112216458e+28,0.0,50.0,60.0,35,0.0,0.0,10.0,2.0,0.0,0.0,0.0,0.0,0.0,0.0,0.0,0.0,0.0,0.0,0.0,0.0,58.8,56,11,65507,27,65476,1000,65476,1,0,4,20529,65476,0,0,30147,60.0,0.0,10.0,10.0,2.0,0.0
2026-02-16T12:26:20,ERR,ERR,ERR,ERR,ERR,ERR,ERR,ERR,ERR,ERR,ERR,ERR,ERR,ERR,ERR,ERR,ERR,ERR,ERR,ERR,ERR,ERR,ERR,ERR,ERR,ERR,ERR,ERR,ERR,ERR,ERR,ERR,ERR,ERR,ERR,ERR,ERR,ERR,ERR,ERR,ERR,ERR,ERR,ERR,ERR,ERR,ERR,ERR,ERR,ERR,ERR,ERR,ERR,ERR,ERR,ERR,ERR,ERR,ERR,ERR,ERR,ERR,ERR,ERR,ERR,ERR,ERR,ERR,ERR,ERR,ERR,ERR,ERR,ERR,ERR,ERR,ERR,ERR,ERR,ERR,ERR,ERR,ERR,ERR,ERR,ERR,ERR,ERR,ERR,ERR,ERR,ERR,ERR,ERR,ERR,ERR,ERR,ERR,ERR,ERR,ERR,ERR,ERR,ERR,ERR,ERR,ERR,ERR,ERR,ERR,ERR,ERR,ERR,ERR,ERR,ERR,ERR,ERR,ERR,ERR,ERR,ERR,ERR,ERR,ERR,0.0,-0.0,-0.0,0.0,-0.031,-0.0,100.639,-0.0,4300,0,8,17169,4300,0.0,41,0.0,0.0,0.0,0.0,2.7184166902131945e+23,0,0,0,0,0.0,0,0,0,0,0,0,0,0,0,0,0,0,0,0,0,0,0,0,0,0,0,0,0,0,0,0,0,0,0,0,0,0,0,9,38,37,46,65476,401,65476,1,0,4,21553,0.0,-0.0,0.0,0.0,0.0,0.0,0.0,0.0,0.0,0.0,0.0,0.0,0.0,0.0,0.0,0.0,0.0,0.0,0.0,0.0,0.0,2.004,3.697062548517736e+19,-0.0,0.0,0.0,0.0,0.0,0.0,0.0,6514.0,-0.0,0.0,0.0,-0.0,0.0,2.7184509175703625e+23,0.0,0.0,2.004,2.004,226,2.718417410789135e+23,1.9056958870913024e+17,0.0,0.0,0.0,0.0,0.0,0.0,0.0,0,0,0,-4279535210070016.0,0.0,3.444171028146968e+34,-25804402688.0,5.55828077038696e+37,-4.958771308007022e+24,0.0,-0.0,-0.0,-1.0111095769960345e+26,-0.105,359218315264.0,0.0,0.0,0.0,3.1934305063504372e+38,0,1.3516416376850534e+27,228,0.0,456,0.0,-1.3516451289993519e+35,2114,0,17110,0,17112,0,17096,0,0,0,101,100,100,-0.0,64.7,2.7302337753474445e+23,65.1,0.0,65.0,1,49,50,180,52429,52429,0,0,0.0,0.0,0.0,60.0,0.0,71.0,0.0,-0.0,0.0,1069,0,1069,0,0,0,1070,0,1080,0,1000,0,651,0,653,0,648,0,676,0.032,1.4536034330083127e+22,0.0,0.0,34448,16813,0.0,-0.0,0.0,-0.0,0.0,1044751450112.0,50.0,60.0,35,0.0,0.0,10.0,2.0,0.0,0.0,0.0,0.0,0.0,0.0,0.0,0.0,0.0,0.0,0.0,0.0,58.8,56,11,65507,27,65476,1000,65476,1,0,4,20529,65476,0,0,30147,60.0,0.0,10.0,10.0,2.0,0.0
2026-02-16T12:26:21,ERR,ERR,ERR,ERR,ERR,ERR,ERR,ERR,ERR,ERR,ERR,ERR,ERR,ERR,ERR,ERR,ERR,ERR,ERR,ERR,ERR,ERR,ERR,ERR,ERR,ERR,ERR,ERR,ERR,ERR,ERR,ERR,ERR,ERR,ERR,ERR,ERR,ERR,ERR,ERR,ERR,ERR,ERR,ERR,ERR,ERR,ERR,ERR,ERR,ERR,ERR,ERR,ERR,ERR,ERR,ERR,ERR,ERR,ERR,ERR,ERR,ERR,ERR,ERR,ERR,ERR,ERR,ERR,ERR,ERR,ERR,ERR,ERR,ERR,ERR,ERR,ERR,ERR,ERR,ERR,ERR,ERR,ERR,ERR,ERR,ERR,ERR,ERR,ERR,ERR,ERR,ERR,ERR,ERR,ERR,ERR,ERR,ERR,ERR,ERR,ERR,ERR,ERR,ERR,ERR,ERR,ERR,ERR,ERR,ERR,ERR,ERR,ERR,ERR,ERR,ERR,ERR,ERR,ERR,ERR,ERR,ERR,ERR,ERR,ERR,0.0,-0.0,-0.0,0.0,-0.031,-0.0,100.639,-0.0,4300,0,8,17169,4300,0.0,41,0.0,0.0,0.0,0.0,2.7184166902131945e+23,0,0,0,0,0.0,0,0,0,0,0,0,0,0,0,0,0,0,0,0,0,0,0,0,0,0,0,0,0,0,0,0,0,0,0,0,0,0,0,9,38,37,46,65476,401,65476,1,0,4,21553,0.0,-0.0,0.0,0.0,0.0,0.0,0.0,0.0,0.0,0.0,0.0,0.0,0.0,0.0,0.0,0.0,0.0,0.0,0.0,0.0,0.0,2.004,3.697062548517736e+19,-0.0,0.0,0.0,0.0,0.0,0.0,0.0,6514.0,-0.0,0.0,0.0,-0.0,0.0,2.7184509175703625e+23,0.0,0.0,2.004,2.004,226,2.718417410789135e+23,1.9056958870913024e+17,0.0,0.0,0.0,0.0,0.0,0.0,0.0,0,0,0,-4279535210070016.0,0.0,3.444171028146968e+34,-25804402688.0,5.55828077038696e+37,-4.958771308007022e+24,0.0,-0.0,-0.0,-1.0111095769960345e+26,-0.105,359218315264.0,0.0,0.0,0.0,3.1934305063504372e+38,0,1.3516416376850534e+27,228,0.0,456,0.0,-1.3516451289993519e+35,2114,0,17110,0,17112,0,17096,0,0,0,101,100,100,-0.0,64.7,2.7302337753474445e+23,65.1,0.0,65.0,1,49,50,180,52429,52429,0,0,0.0,0.0,0.0,60.0,0.0,71.0,0.0,-0.0,0.0,1069,0,1069,0,0,0,1070,0,1080,0,1000,0,651,0,653,0,648,0,676,0.032,1.4536034330083127e+22,0.0,0.0,34448,16813,0.0,-0.0,0.0,-0.0,0.0,1044751450112.0,50.0,60.0,35,0.0,0.0,10.0,2.0,0.0,0.0,0.0,0.0,0.0,0.0,0.0,0.0,0.0,0.0,0.0,0.0,58.8,56,11,65507,27,65476,1000,65476,1,0,4,20529,65476,0,0,30147,60.0,0.0,10.0,10.0,2.0,0.0
2026-02-16T12:26:22,ERR,ERR,ERR,ERR,ERR,ERR,ERR,ERR,ERR,ERR,ERR,ERR,ERR,ERR,ERR,ERR,ERR,ERR,ERR,ERR,ERR,ERR,ERR,ERR,ERR,ERR,ERR,ERR,ERR,ERR,ERR,ERR,ERR,ERR,ERR,ERR,ERR,ERR,ERR,ERR,ERR,ERR,ERR,ERR,ERR,ERR,ERR,ERR,ERR,ERR,ERR,ERR,ERR,ERR,ERR,ERR,ERR,ERR,ERR,ERR,ERR,ERR,ERR,ERR,ERR,ERR,ERR,ERR,ERR,ERR,ERR,ERR,ERR,ERR,ERR,ERR,ERR,ERR,ERR,ERR,ERR,ERR,ERR,ERR,ERR,ERR,ERR,ERR,ERR,ERR,ERR,ERR,ERR,ERR,ERR,ERR,ERR,ERR,ERR,ERR,ERR,ERR,ERR,ERR,ERR,ERR,ERR,ERR,ERR,ERR,ERR,ERR,ERR,ERR,ERR,ERR,ERR,ERR,ERR,ERR,ERR,ERR,ERR,ERR,ERR,0.0,-0.0,-0.0,0.0,-0.031,-0.0,100.639,-0.0,4300,0,8,17169,4300,0.0,41,0.0,0.0,0.0,0.0,2.7184166902131945e+23,0,0,0,0,0.0,0,0,0,0,0,0,0,0,0,0,0,0,0,0,0,0,0,0,0,0,0,0,0,0,0,0,0,0,0,0,0,0,0,9,38,37,46,65476,401,65476,1,0,4,21553,0.0,-0.0,0.0,0.0,0.0,0.0,0.0,0.0,0.0,0.0,0.0,0.0,0.0,0.0,0.0,0.0,0.0,0.0,0.0,0.0,0.0,2.004,3.697062548517736e+19,-0.0,0.0,0.0,0.0,0.0,0.0,0.0,6514.0,-0.0,0.0,0.0,-0.0,0.0,2.7184509175703625e+23,0.0,0.0,2.004,2.004,226,2.718417410789135e+23,1.9056958870913024e+17,0.0,0.0,0.0,0.0,0.0,0.0,0.0,0,0,0,-4279535210070016.0,0.0,3.444171028146968e+34,-25804402688.0,5.55828077038696e+37,-4.958771308007022e+24,0.0,-0.0,-0.0,-1.0111095769960345e+26,-0.105,359218315264.0,0.0,0.0,0.0,3.1934305063504372e+38,0,1.3516416376850534e+27,228,0.0,456,0.0,-1.3516451289993519e+35,2114,0,17110,0,17112,0,17096,0,0,0,101,100,100,-0.0,64.7,2.7302337753474445e+23,65.1,0.0,65.0,1,49,50,180,52429,52429,0,0,0.0,0.0,0.0,60.0,0.0,71.0,0.0,-0.0,0.0,1069,0,1069,0,0,0,1070,0,1080,0,1000,0,651,0,653,0,648,0,676,0.032,1.4536034330083127e+22,0.0,0.0,34448,16813,0.0,-0.0,0.0,-0.0,0.0,1044751450112.0,50.0,60.0,35,0.0,0.0,10.0,2.0,0.0,0.0,0.0,0.0,0.0,0.0,0.0,0.0,0.0,0.0,0.0,0.0,58.8,56,11,65507,27,65476,1000,65476,1,0,4,20529,65476,0,0,30147,60.0,0.0,10.0,10.0,2.0,0.0
2026-02-16T12:26:23,ERR,ERR,ERR,ERR,ERR,ERR,ERR,ERR,ERR,ERR,ERR,ERR,ERR,ERR,ERR,ERR,ERR,ERR,ERR,ERR,ERR,ERR,ERR,ERR,ERR,ERR,ERR,ERR,ERR,ERR,ERR,ERR,ERR,ERR,ERR,ERR,ERR,ERR,ERR,ERR,ERR,ERR,ERR,ERR,ERR,ERR,ERR,ERR,ERR,ERR,ERR,ERR,ERR,ERR,ERR,ERR,ERR,ERR,ERR,ERR,ERR,ERR,ERR,ERR,ERR,ERR,ERR,ERR,ERR,ERR,ERR,ERR,ERR,ERR,ERR,ERR,ERR,ERR,ERR,ERR,ERR,ERR,ERR,ERR,ERR,ERR,ERR,ERR,ERR,ERR,ERR,ERR,ERR,ERR,ERR,ERR,ERR,ERR,ERR,ERR,ERR,ERR,ERR,ERR,ERR,ERR,ERR,ERR,ERR,ERR,ERR,ERR,ERR,ERR,ERR,ERR,ERR,ERR,ERR,ERR,ERR,ERR,ERR,ERR,ERR,0.0,-0.0,-0.0,0.0,-0.031,-0.0,100.639,-0.0,4300,0,8,17169,4300,0.0,41,0.0,0.0,0.0,0.0,2.7184166902131945e+23,0,0,0,0,0.0,0,0,0,0,0,0,0,0,0,0,0,0,0,0,0,0,0,0,0,0,0,0,0,0,0,0,0,0,0,0,0,0,0,9,38,37,46,65476,401,65476,1,0,4,21553,0.0,-0.0,0.0,0.0,0.0,0.0,0.0,0.0,0.0,0.0,0.0,0.0,0.0,0.0,0.0,0.0,0.0,0.0,0.0,0.0,0.0,2.004,3.697062548517736e+19,-0.0,0.0,0.0,0.0,0.0,0.0,0.0,6514.0,-0.0,0.0,0.0,-0.0,0.0,2.7184509175703625e+23,0.0,0.0,2.004,2.004,226,2.718417410789135e+23,1.9056958870913024e+17,0.0,0.0,0.0,0.0,0.0,0.0,0.0,0,0,0,-4279535210070016.0,0.0,3.444171028146968e+34,-25804402688.0,5.55828077038696e+37,-4.958771308007022e+24,0.0,-0.0,-0.0,-1.0111095769960345e+26,-0.105,359218315264.0,0.0,0.0,0.0,3.1934305063504372e+38,0,1.3516416376850534e+27,228,0.0,456,0.0,-1.3516451289993519e+35,2114,0,17110,0,17112,0,17096,0,0,0,101,100,100,-0.0,64.8,-0.0,65.1,0.0,65.0,1,49,50,180,52429,52429,0,0,0.0,0.0,0.0,60.0,0.0,71.0,0.0,0.0,0.0,1069,0,1069,0,0,0,1070,0,1080,0,1000,0,651,0,653,0,648,0,676,0.032,1.4609821306377965e+22,0.0,0.0,42384,16813,0.0,0.0,88211752.0,-1.1171291541274624e+16,1.0049569422114098e+26,-0.0,50.0,60.0,35,0.0,0.0,10.0,2.0,0.0,0.0,0.0,0.0,0.0,0.0,0.0,0.0,0.0,0.0,0.0,0.0,59.2,56,11,65507,27,65476,1000,65476,1,0,4,20529,65476,0,0,30147,60.0,0.0,10.0,10.0,2.0,0.0
2026-02-16T12:26:24,ERR,ERR,ERR,ERR,ERR,ERR,ERR,ERR,ERR,ERR,ERR,ERR,ERR,ERR,ERR,ERR,ERR,ERR,ERR,ERR,ERR,ERR,ERR,ERR,ERR,ERR,ERR,ERR,ERR,ERR,ERR,ERR,ERR,ERR,ERR,ERR,ERR,ERR,ERR,ERR,ERR,ERR,ERR,ERR,ERR,ERR,ERR,ERR,ERR,ERR,ERR,ERR,ERR,ERR,ERR,ERR,ERR,ERR,ERR,ERR,ERR,ERR,ERR,ERR,ERR,ERR,ERR,ERR,ERR,ERR,ERR,ERR,ERR,ERR,ERR,ERR,ERR,ERR,ERR,ERR,ERR,ERR,ERR,ERR,ERR,ERR,ERR,ERR,ERR,ERR,ERR,ERR,ERR,ERR,ERR,ERR,ERR,ERR,ERR,ERR,ERR,ERR,ERR,ERR,ERR,ERR,ERR,ERR,ERR,ERR,ERR,ERR,ERR,ERR,ERR,ERR,ERR,ERR,ERR,ERR,ERR,ERR,ERR,ERR,ERR,0.0,-0.0,-0.0,0.0,-0.031,-0.008,4.874807096305706e+32,6.314492773082441e+31,4300,0,8,17169,4300,0.0,41,0.0,0.0,0.0,0.0,2.7184166902131945e+23,0,0,0,0,0.0,0,0,0,0,0,0,0,0,0,0,0,0,0,0,0,0,0,0,0,0,0,0,0,0,0,0,0,0,0,0,0,0,0,8,38,37,46,65476,398,65476,1,0,4,21553,0.0,0.0,0.0,0.0,0.0,0.0,0.0,0.0,0.0,0.0,0.0,0.0,0.0,0.0,0.0,0.0,0.0,0.0,0.0,0.0,0.0,2.004,2.004,-0.0,0.0,0.0,0.0,0.0,0.0,0.0,6549.0,0.0,0.0,0.0,-0.0,0.0,2.7184509175703625e+23,0.0,0.0,2.004,2.004,227,-0.0,-0.0,0.0,0.0,0.0,0.0,0.0,0.0,0.0,0,0,0,-4.327184983055109e+23,3.160731596897641e+28,-0.0,9.829455968872694e+17,-0.0,-0.0,0.0,0.0,1.3735590076168431e+20,-1.077600497074839e+26,-0.111,384988119040.0,0.0,0.0,0.0,-0.003,0,1.3516416376850534e+27,227,0.0,454,0.0,-1.3516451289993519e+35,2114,0,17110,0,17112,0,17096,0,0,0,101,100,100,-0.0,64.8,-0.0,65.1,0.0,65.0,1,49,50,180,52429,52429,0,0,0.0,0.0,0.0,60.0,0.0,71.0,0.0,0.0,0.0,1069,0,1069,0,0,0,1070,0,1080,0,1000,0,651,0,653,0,648,0,676,0.032,1.4609821306377965e+22,0.0,0.0,42384,16813,0.0,0.0,88211752.0,-1.1171291541274624e+16,1.0049569422114098e+26,-0.0,50.0,60.0,35,0.0,0.0,10.0,2.0,0.0,0.0,0.0,0.0,0.0,0.0,0.0,0.0,0.0,0.0,0.0,0.0,58.8,55,11,65508,27,65476,1000,65476,1,0,4,20529,65476,0,0,30147,60.0,0.0,10.0,10.0,2.0,0.0
2026-02-16T12:26:25,ERR,ERR,ERR,ERR,ERR,ERR,ERR,ERR,ERR,ERR,ERR,ERR,ERR,ERR,ERR,ERR,ERR,ERR,ERR,ERR,ERR,ERR,ERR,ERR,ERR,ERR,ERR,ERR,ERR,ERR,ERR,ERR,ERR,ERR,ERR,ERR,ERR,ERR,ERR,ERR,ERR,ERR,ERR,ERR,ERR,ERR,ERR,ERR,ERR,ERR,ERR,ERR,ERR,ERR,ERR,ERR,ERR,ERR,ERR,ERR,ERR,ERR,ERR,ERR,ERR,ERR,ERR,ERR,ERR,ERR,ERR,ERR,ERR,ERR,ERR,ERR,ERR,ERR,ERR,ERR,ERR,ERR,ERR,ERR,ERR,ERR,ERR,ERR,ERR,ERR,ERR,ERR,ERR,ERR,ERR,ERR,ERR,ERR,ERR,ERR,ERR,ERR,ERR,ERR,ERR,ERR,ERR,ERR,ERR,ERR,ERR,ERR,ERR,ERR,ERR,ERR,ERR,ERR,ERR,ERR,ERR,ERR,ERR,ERR,ERR,0.0,-0.0,-0.0,0.0,-0.031,-0.008,4.874807096305706e+32,6.314492773082441e+31,4300,0,8,17169,4300,0.0,41,0.0,0.0,0.0,0.0,2.7184166902131945e+23,0,0,0,0,0.0,0,0,0,0,0,0,0,0,0,0,0,0,0,0,0,0,0,0,0,0,0,0,0,0,0,0,0,0,0,0,0,0,0,8,38,37,46,65476,398,65476,1,0,4,21553,0.0,0.0,0.0,0.0,0.0,0.0,0.0,0.0,0.0,0.0,0.0,0.0,0.0,0.0,0.0,0.0,0.0,0.0,0.0,0.0,0.0,2.004,2.004,-0.0,0.0,0.0,0.0,0.0,0.0,0.0,6549.0,0.0,0.0,0.0,-0.0,0.0,2.7184509175703625e+23,0.0,0.0,2.004,2.004,227,-0.0,-0.0,0.0,0.0,0.0,0.0,0.0,0.0,0.0,0,0,0,-4.327184983055109e+23,3.160731596897641e+28,-0.0,9.829455968872694e+17,-0.0,-0.0,0.0,0.0,1.3735590076168431e+20,-1.077600497074839e+26,-0.111,384988119040.0,0.0,0.0,0.0,-0.003,0,1.3516416376850534e+27,227,0.0,454,0.0,-1.3516451289993519e+35,2114,0,17110,0,17112,0,17096,0,0,0,101,100,100,-0.0,64.8,-0.0,65.1,0.0,65.0,1,49,50,180,52429,52429,0,0,0.0,0.0,0.0,60.0,0.0,71.0,0.0,0.0,0.0,1069,0,1069,0,0,0,1070,0,1080,0,1000,0,651,0,653,0,648,0,676,0.032,1.4609821306377965e+22,0.0,0.0,42384,16813,0.0,0.0,88211752.0,-1.1171291541274624e+16,1.0049569422114098e+26,-0.0,50.0,60.0,35,0.0,0.0,10.0,2.0,0.0,0.0,0.0,0.0,0.0,0.0,0.0,0.0,0.0,0.0,0.0,0.0,58.8,55,11,65508,27,65476,1000,65476,1,0,4,20529,65476,0,0,30147,60.0,0.0,10.0,10.0,2.0,0.0
2026-02-16T12:26:26,ERR,ERR,ERR,ERR,ERR,ERR,ERR,ERR,ERR,ERR,ERR,ERR,ERR,ERR,ERR,ERR,ERR,ERR,ERR,ERR,ERR,ERR,ERR,ERR,ERR,ERR,ERR,ERR,ERR,ERR,ERR,ERR,ERR,ERR,ERR,ERR,ERR,ERR,ERR,ERR,ERR,ERR,ERR,ERR,ERR,ERR,ERR,ERR,ERR,ERR,ERR,ERR,ERR,ERR,ERR,ERR,ERR,ERR,ERR,ERR,ERR,ERR,ERR,ERR,ERR,ERR,ERR,ERR,ERR,ERR,ERR,ERR,ERR,ERR,ERR,ERR,ERR,ERR,ERR,ERR,ERR,ERR,ERR,ERR,ERR,ERR,ERR,ERR,ERR,ERR,ERR,ERR,ERR,ERR,ERR,ERR,ERR,ERR,ERR,ERR,ERR,ERR,ERR,ERR,ERR,ERR,ERR,ERR,ERR,ERR,ERR,ERR,ERR,ERR,ERR,ERR,ERR,ERR,ERR,ERR,ERR,ERR,ERR,ERR,ERR,0.0,-0.0,-0.0,0.0,-0.031,-0.008,4.874807096305706e+32,6.314492773082441e+31,4300,0,8,17169,4300,0.0,41,0.0,0.0,0.0,0.0,2.7184166902131945e+23,0,0,0,0,0.0,0,0,0,0,0,0,0,0,0,0,0,0,0,0,0,0,0,0,0,0,0,0,0,0,0,0,0,0,0,0,0,0,0,8,38,37,46,65476,398,65476,1,0,4,21553,0.0,0.0,0.0,0.0,0.0,0.0,0.0,0.0,0.0,0.0,0.0,0.0,0.0,0.0,0.0,0.0,0.0,0.0,0.0,0.0,0.0,2.004,2.004,-0.0,0.0,0.0,0.0,0.0,0.0,0.0,6549.0,0.0,0.0,0.0,-0.0,0.0,2.7184509175703625e+23,0.0,0.0,2.004,2.004,227,-0.0,-0.0,0.0,0.0,0.0,0.0,0.0,0.0,0.0,0,0,0,-4.327184983055109e+23,3.160731596897641e+28,-0.0,9.829455968872694e+17,-0.0,-0.0,0.0,0.0,1.3735590076168431e+20,-1.077600497074839e+26,-0.111,384988119040.0,0.0,0.0,0.0,-0.003,0,1.3516416376850534e+27,227,0.0,454,0.0,-1.3516451289993519e+35,2114,0,17110,0,17112,0,17096,0,0,0,101,100,100,-0.0,64.8,-0.0,65.1,0.0,65.0,1,49,50,180,52429,52429,0,0,0.0,0.0,0.0,60.0,0.0,71.0,0.0,-4.893237779724344e+33,0.0,1069,0,1069,0,0,0,1070,0,1080,0,1000,0,651,0,653,0,648,0,676,0.032,1.4536034330083127e+22,0.0,0.0,49552,16813,0.001,-1.6242494291703069e+35,3.946564027805624e+30,3.9565276921794326e+30,-0.0,-0.0,50.0,60.0,35,0.0,0.0,10.0,2.0,0.0,0.0,0.0,0.0,0.0,0.0,0.0,0.0,0.0,0.0,0.0,0.0,58.8,55,11,65508,27,65476,1000,65476,1,0,4,20529,65476,0,0,30147,60.0,0.0,10.0,10.0,2.0,0.0
2026-02-16T12:26:27,ERR,ERR,ERR,ERR,ERR,ERR,ERR,ERR,ERR,ERR,ERR,ERR,ERR,ERR,ERR,ERR,ERR,ERR,ERR,ERR,ERR,ERR,ERR,ERR,ERR,ERR,ERR,ERR,ERR,ERR,ERR,ERR,ERR,ERR,ERR,ERR,ERR,ERR,ERR,ERR,ERR,ERR,ERR,ERR,ERR,ERR,ERR,ERR,ERR,ERR,ERR,ERR,ERR,ERR,ERR,ERR,ERR,ERR,ERR,ERR,ERR,ERR,ERR,ERR,ERR,ERR,ERR,ERR,ERR,ERR,ERR,ERR,ERR,ERR,ERR,ERR,ERR,ERR,ERR,ERR,ERR,ERR,ERR,ERR,ERR,ERR,ERR,ERR,ERR,ERR,ERR,ERR,ERR,ERR,ERR,ERR,ERR,ERR,ERR,ERR,ERR,ERR,ERR,ERR,ERR,ERR,ERR,ERR,ERR,ERR,ERR,ERR,ERR,ERR,ERR,ERR,ERR,ERR,ERR,ERR,ERR,ERR,ERR,ERR,ERR,0.0,-0.0,-0.0,0.0,-0.031,-0.008,4.874807096305706e+32,6.314492773082441e+31,4300,0,8,17169,4300,0.0,41,0.0,0.0,0.0,0.0,2.7184166902131945e+23,0,0,0,0,0.0,0,0,0,0,0,0,0,0,0,0,0,0,0,0,0,0,0,0,0,0,0,0,0,0,0,0,0,0,0,0,0,0,0,8,38,37,46,65476,398,65476,1,0,4,21553,0.0,0.0,0.0,0.0,0.0,0.0,0.0,0.0,0.0,0.0,0.0,0.0,0.0,0.0,0.0,0.0,0.0,0.0,0.0,0.0,0.0,2.004,2.004,-0.0,0.0,0.0,0.0,0.0,0.0,0.0,6549.0,0.0,0.0,0.0,-0.0,0.0,2.7184509175703625e+23,0.0,0.0,2.004,2.004,227,-0.0,-0.0,0.0,0.0,0.0,0.0,0.0,0.0,0.0,0,0,0,-4.327184983055109e+23,3.160731596897641e+28,-0.0,9.829455968872694e+17,-0.0,-0.0,0.0,0.0,1.3735590076168431e+20,-1.077600497074839e+26,-0.111,384988119040.0,0.0,0.0,0.0,-0.003,0,1.3516416376850534e+27,227,0.0,454,0.0,-1.3516451289993519e+35,2114,0,17110,0,17112,0,17096,0,0,0,101,100,100,-0.0,64.8,-0.0,65.1,0.0,65.0,1,49,50,180,52429,52429,0,0,0.0,0.0,0.0,60.0,0.0,71.0,0.0,-4.893237779724344e+33,0.0,1069,0,1069,0,0,0,1070,0,1080,0,1000,0,651,0,653,0,648,0,676,0.032,1.4536034330083127e+22,0.0,0.0,49552,16813,0.001,-1.6242494291703069e+35,3.946564027805624e+30,3.9565276921794326e+30,-0.0,-0.0,50.0,60.0,35,0.0,0.0,10.0,2.0,0.0,0.0,0.0,0.0,0.0,0.0,0.0,0.0,0.0,0.0,0.0,0.0,58.8,55,11,65508,27,65476,1000,65476,1,0,4,20529,65476,0,0,30147,60.0,0.0,10.0,10.0,2.0,0.0
2026-02-16T12:26:28,ERR,ERR,ERR,ERR,ERR,ERR,ERR,ERR,ERR,ERR,ERR,ERR,ERR,ERR,ERR,ERR,ERR,ERR,ERR,ERR,ERR,ERR,ERR,ERR,ERR,ERR,ERR,ERR,ERR,ERR,ERR,ERR,ERR,ERR,ERR,ERR,ERR,ERR,ERR,ERR,ERR,ERR,ERR,ERR,ERR,ERR,ERR,ERR,ERR,ERR,ERR,ERR,ERR,ERR,ERR,ERR,ERR,ERR,ERR,ERR,ERR,ERR,ERR,ERR,ERR,ERR,ERR,ERR,ERR,ERR,ERR,ERR,ERR,ERR,ERR,ERR,ERR,ERR,ERR,ERR,ERR,ERR,ERR,ERR,ERR,ERR,ERR,ERR,ERR,ERR,ERR,ERR,ERR,ERR,ERR,ERR,ERR,ERR,ERR,ERR,ERR,ERR,ERR,ERR,ERR,ERR,ERR,ERR,ERR,ERR,ERR,ERR,ERR,ERR,ERR,ERR,ERR,ERR,ERR,ERR,ERR,ERR,ERR,ERR,ERR,0.0,-0.0,-0.0,0.0,-0.031,-0.008,4.874807096305706e+32,6.314492773082441e+31,4300,0,8,17169,4300,0.0,41,0.0,0.0,0.0,0.0,2.7184166902131945e+23,0,0,0,0,0.0,0,0,0,0,0,0,0,0,0,0,0,0,0,0,0,0,0,0,0,0,0,0,0,0,0,0,0,0,0,0,0,0,0,8,38,37,46,65476,398,65476,1,0,4,21553,0.0,0.0,0.0,0.0,0.0,0.0,0.0,0.0,0.0,0.0,0.0,0.0,0.0,0.0,0.0,0.0,0.0,0.0,0.0,0.0,0.0,2.004,2.004,-0.0,0.0,0.0,0.0,0.0,0.0,0.0,6549.0,0.0,0.0,0.0,-0.0,0.0,2.7184509175703625e+23,0.0,0.0,2.004,2.004,227,-0.0,-0.0,0.0,0.0,0.0,0.0,0.0,0.0,0.0,0,0,0,-4.327184983055109e+23,3.160731596897641e+28,-0.0,9.829455968872694e+17,-0.0,-0.0,0.0,0.0,1.3735590076168431e+20,-1.077600497074839e+26,-0.111,384988119040.0,0.0,0.0,0.0,-0.003,0,1.3516416376850534e+27,227,0.0,454,0.0,-1.3516451289993519e+35,2114,0,17110,0,17112,0,17096,0,0,0,101,100,100,-0.0,64.8,-0.0,65.1,0.0,65.0,1,49,50,180,52429,52429,0,0,0.0,0.0,0.0,60.0,0.0,71.0,0.0,-4.893237779724344e+33,0.0,1069,0,1069,0,0,0,1070,0,1080,0,1000,0,651,0,653,0,648,0,676,0.032,1.4536034330083127e+22,0.0,0.0,49552,16813,0.001,-1.6242494291703069e+35,3.946564027805624e+30,3.9565276921794326e+30,-0.0,-0.0,50.0,60.0,35,0.0,0.0,10.0,2.0,0.0,0.0,0.0,0.0,0.0,0.0,0.0,0.0,0.0,0.0,0.0,0.0,58.8,55,11,65508,27,65476,998,65476,1,0,4,20529,65476,0,0,30147,60.0,0.0,10.0,10.0,2.0,0.0
2026-02-16T12:26:29,ERR,ERR,ERR,ERR,ERR,ERR,ERR,ERR,ERR,ERR,ERR,ERR,ERR,ERR,ERR,ERR,ERR,ERR,ERR,ERR,ERR,ERR,ERR,ERR,ERR,ERR,ERR,ERR,ERR,ERR,ERR,ERR,ERR,ERR,ERR,ERR,ERR,ERR,ERR,ERR,ERR,ERR,ERR,ERR,ERR,ERR,ERR,ERR,ERR,ERR,ERR,ERR,ERR,ERR,ERR,ERR,ERR,ERR,ERR,ERR,ERR,ERR,ERR,ERR,ERR,ERR,ERR,ERR,ERR,ERR,ERR,ERR,ERR,ERR,ERR,ERR,ERR,ERR,ERR,ERR,ERR,ERR,ERR,ERR,ERR,ERR,ERR,ERR,ERR,ERR,ERR,ERR,ERR,ERR,ERR,ERR,ERR,ERR,ERR,ERR,ERR,ERR,ERR,ERR,ERR,ERR,ERR,ERR,ERR,ERR,ERR,ERR,ERR,ERR,ERR,ERR,ERR,ERR,ERR,ERR,ERR,ERR,ERR,ERR,ERR,0.0,-0.0,-0.0,0.0,-0.031,5.502748122264776e+29,-2.243676199169892e+34,-0.058,4300,0,8,17169,4300,0.0,41,0.0,0.0,0.0,0.0,2.7184166902131945e+23,0,0,0,0,0.0,0,0,0,0,0,0,0,0,0,0,0,0,0,0,0,0,0,0,0,0,0,0,0,0,0,0,0,0,0,0,0,0,0,8,38,37,46,65476,398,65476,1,0,4,21553,0.0,0.0,0.0,0.0,0.0,0.0,0.0,0.0,0.0,0.0,0.0,0.0,0.0,0.0,0.0,0.0,0.0,0.0,0.0,0.0,0.0,2.004,3.697062548517736e+19,-0.0,0.0,-3.69707618246192e+19,0.0,0.0,0.0,0.0,6547.0,1.5879384200579233e+29,0.0,0.0,-0.0,0.0,2.7184509175703625e+23,0.0,0.0,2.004,2.004,228,2.718417410789135e+23,-4.0668755697950344e+29,0.0,0.0,0.0,0.0,0.0,0.0,0.0,0,0,0,-9.88246047833472e+34,-3.8075848782070146e+23,-0.0,-0.0,-0.0,4303611392.0,96396.141,0.0,-0.0,-1.1622253044478631e+26,-0.118,412905406464.0,0.0,0.0,0.0,-0.0,0,1.3516416376850534e+27,228,0.0,456,2.40156025918058e+36,0.0,2114,0,17110,0,17112,0,17096,0,0,0,101,100,100,-0.0,64.8,-0.0,65.1,0.0,65.0,1,49,50,180,52429,52429,0,0,0.0,0.0,0.0,60.0,0.0,71.0,0.0,-4.893237779724344e+33,0.0,1069,0,1069,0,0,0,1070,0,1080,0,1000,0,651,0,653,0,648,0,676,0.032,1.4536034330083127e+22,0.0,0.0,49552,16813,0.001,-1.6242494291703069e+35,3.946564027805624e+30,3.9565276921794326e+30,-0.0,-0.0,50.0,60.0,35,0.0,0.0,10.0,2.0,0.0,0.0,0.0,0.0,0.0,0.0,0.0,0.0,0.0,0.0,0.0,0.0,58.8,55,11,65508,27,65476,998,65476,1,0,4,20529,65476,0,0,30147,60.0,0.0,10.0,10.0,2.0,0.0
2026-02-16T12:26:30,ERR,ERR,ERR,ERR,ERR,ERR,ERR,ERR,ERR,ERR,ERR,ERR,ERR,ERR,ERR,ERR,ERR,ERR,ERR,ERR,ERR,ERR,ERR,ERR,ERR,ERR,ERR,ERR,ERR,ERR,ERR,ERR,ERR,ERR,ERR,ERR,ERR,ERR,ERR,ERR,ERR,ERR,ERR,ERR,ERR,ERR,ERR,ERR,ERR,ERR,ERR,ERR,ERR,ERR,ERR,ERR,ERR,ERR,ERR,ERR,ERR,ERR,ERR,ERR,ERR,ERR,ERR,ERR,ERR,ERR,ERR,ERR,ERR,ERR,ERR,ERR,ERR,ERR,ERR,ERR,ERR,ERR,ERR,ERR,ERR,ERR,ERR,ERR,ERR,ERR,ERR,ERR,ERR,ERR,ERR,ERR,ERR,ERR,ERR,ERR,ERR,ERR,ERR,ERR,ERR,ERR,ERR,ERR,ERR,ERR,ERR,ERR,ERR,ERR,ERR,ERR,ERR,ERR,ERR,ERR,ERR,ERR,ERR,ERR,ERR,0.0,-0.0,-0.0,0.0,-0.031,5.502748122264776e+29,-2.243676199169892e+34,-0.058,4300,0,8,17169,4300,0.0,41,0.0,0.0,0.0,0.0,2.7184166902131945e+23,0,0,0,0,0.0,0,0,0,0,0,0,0,0,0,0,0,0,0,0,0,0,0,0,0,0,0,0,0,0,0,0,0,0,0,0,0,0,0,8,38,37,46,65476,398,65476,1,0,4,21553,0.0,0.0,0.0,0.0,0.0,0.0,0.0,0.0,0.0,0.0,0.0,0.0,0.0,0.0,0.0,0.0,0.0,0.0,0.0,0.0,0.0,2.004,3.697062548517736e+19,-0.0,0.0,-3.69707618246192e+19,0.0,0.0,0.0,0.0,6547.0,1.5879384200579233e+29,0.0,0.0,-0.0,0.0,2.7184509175703625e+23,0.0,0.0,2.004,2.004,228,2.718417410789135e+23,-4.0668755697950344e+29,0.0,0.0,0.0,0.0,0.0,0.0,0.0,0,0,0,-9.88246047833472e+34,-3.8075848782070146e+23,-0.0,-0.0,-0.0,4303611392.0,96396.141,0.0,-0.0,-1.1622253044478631e+26,-0.118,412905406464.0,0.0,0.0,0.0,-0.0,0,1.3516416376850534e+27,228,0.0,456,2.40156025918058e+36,0.0,2114,0,17110,0,17112,0,17096,0,0,0,101,100,100,-0.0,64.8,-0.0,65.1,0.0,65.0,1,49,50,180,52429,52429,0,0,0.0,0.0,0.0,60.0,0.0,71.0,0.0,14696793.0,0.0,1069,0,1069,0,0,0,1070,0,1080,0,1000,0,651,0,653,0,648,0,676,0.032,1.4167099448608936e+22,0.0,0.0,49168,16813,0.0,14696793.0,-0.0,-5.736540770748334e+17,-3.203324391907656e+17,-4.788779265134627e+22,50.0,60.0,35,0.0,0.0,10.0,2.0,0.0,0.0,0.0,0.0,0.0,0.0,0.0,0.0,0.0,0.0,0.0,0.0,58.8,55,11,65508,27,65476,998,65476,1,0,4,20529,65476,0,0,30147,60.0,0.0,10.0,10.0,2.0,0.0
2026-02-16T12:26:31,ERR,ERR,ERR,ERR,ERR,ERR,ERR,ERR,ERR,ERR,ERR,ERR,ERR,ERR,ERR,ERR,ERR,ERR,ERR,ERR,ERR,ERR,ERR,ERR,ERR,ERR,ERR,ERR,ERR,ERR,ERR,ERR,ERR,ERR,ERR,ERR,ERR,ERR,ERR,ERR,ERR,ERR,ERR,ERR,ERR,ERR,ERR,ERR,ERR,ERR,ERR,ERR,ERR,ERR,ERR,ERR,ERR,ERR,ERR,ERR,ERR,ERR,ERR,ERR,ERR,ERR,ERR,ERR,ERR,ERR,ERR,ERR,ERR,ERR,ERR,ERR,ERR,ERR,ERR,ERR,ERR,ERR,ERR,ERR,ERR,ERR,ERR,ERR,ERR,ERR,ERR,ERR,ERR,ERR,ERR,ERR,ERR,ERR,ERR,ERR,ERR,ERR,ERR,ERR,ERR,ERR,ERR,ERR,ERR,ERR,ERR,ERR,ERR,ERR,ERR,ERR,ERR,ERR,ERR,ERR,ERR,ERR,ERR,ERR,ERR,0.0,-0.0,-0.0,0.0,-0.031,5.502748122264776e+29,-2.243676199169892e+34,-0.058,4300,0,8,17169,4300,0.0,41,0.0,0.0,0.0,0.0,2.7184166902131945e+23,0,0,0,0,0.0,0,0,0,0,0,0,0,0,0,0,0,0,0,0,0,0,0,0,0,0,0,0,0,0,0,0,0,0,0,0,0,0,0,8,38,37,46,65476,398,65476,1,0,4,21553,0.0,0.0,0.0,0.0,0.0,0.0,0.0,0.0,0.0,0.0,0.0,0.0,0.0,0.0,0.0,0.0,0.0,0.0,0.0,0.0,0.0,2.004,3.697062548517736e+19,-0.0,0.0,-3.69707618246192e+19,0.0,0.0,0.0,0.0,6547.0,1.5879384200579233e+29,0.0,0.0,-0.0,0.0,2.7184509175703625e+23,0.0,0.0,2.004,2.004,228,2.718417410789135e+23,-4.0668755697950344e+29,0.0,0.0,0.0,0.0,0.0,0.0,0.0,0,0,0,-9.88246047833472e+34,-3.8075848782070146e+23,-0.0,-0.0,-0.0,4303611392.0,96396.141,0.0,-0.0,-1.1622253044478631e+26,-0.118,412905406464.0,0.0,0.0,0.0,-0.0,0,1.3516416376850534e+27,228,0.0,456,2.40156025918058e+36,0.0,2114,0,17110,0,17112,0,17096,0,0,0,101,100,100,-0.0,64.8,-0.0,65.1,0.0,65.0,1,49,50,180,52429,52429,0,0,0.0,0.0,0.0,60.0,0.0,71.0,0.0,14696793.0,0.0,1069,0,1069,0,0,0,1070,0,1080,0,1000,0,651,0,653,0,648,0,676,0.032,1.4167099448608936e+22,0.0,0.0,49168,16813,0.0,14696793.0,-0.0,-5.736540770748334e+17,-3.203324391907656e+17,-4.788779265134627e+22,50.0,60.0,35,0.0,0.0,10.0,2.0,0.0,0.0,0.0,0.0,0.0,0.0,0.0,0.0,0.0,0.0,0.0,0.0,58.8,55,11,65508,27,65476,1000,65476,1,0,4,20529,65476,0,0,30147,60.0,0.0,10.0,10.0,2.0,0.0
2026-02-16T12:26:32,ERR,ERR,ERR,ERR,ERR,ERR,ERR,ERR,ERR,ERR,ERR,ERR,ERR,ERR,ERR,ERR,ERR,ERR,ERR,ERR,ERR,ERR,ERR,ERR,ERR,ERR,ERR,ERR,ERR,ERR,ERR,ERR,ERR,ERR,ERR,ERR,ERR,ERR,ERR,ERR,ERR,ERR,ERR,ERR,ERR,ERR,ERR,ERR,ERR,ERR,ERR,ERR,ERR,ERR,ERR,ERR,ERR,ERR,ERR,ERR,ERR,ERR,ERR,ERR,ERR,ERR,ERR,ERR,ERR,ERR,ERR,ERR,ERR,ERR,ERR,ERR,ERR,ERR,ERR,ERR,ERR,ERR,ERR,ERR,ERR,ERR,ERR,ERR,ERR,ERR,ERR,ERR,ERR,ERR,ERR,ERR,ERR,ERR,ERR,ERR,ERR,ERR,ERR,ERR,ERR,ERR,ERR,ERR,ERR,ERR,ERR,ERR,ERR,ERR,ERR,ERR,ERR,ERR,ERR,ERR,ERR,ERR,ERR,ERR,ERR,0.0,-0.0,-0.0,0.0,-0.031,5.502748122264776e+29,-2.243676199169892e+34,-0.058,4300,0,8,17169,4300,0.0,41,0.0,0.0,0.0,0.0,2.7184166902131945e+23,0,0,0,0,0.0,0,0,0,0,0,0,0,0,0,0,0,0,0,0,0,0,0,0,0,0,0,0,0,0,0,0,0,0,0,0,0,0,0,8,38,37,46,65476,398,65476,1,0,4,21553,0.0,0.0,0.0,0.0,0.0,0.0,0.0,0.0,0.0,0.0,0.0,0.0,0.0,0.0,0.0,0.0,0.0,0.0,0.0,0.0,0.0,2.004,3.697062548517736e+19,-0.0,0.0,-3.69707618246192e+19,0.0,0.0,0.0,0.0,6547.0,1.5879384200579233e+29,0.0,0.0,-0.0,0.0,2.7184509175703625e+23,0.0,0.0,2.004,2.004,228,2.718417410789135e+23,-4.0668755697950344e+29,0.0,0.0,0.0,0.0,0.0,0.0,0.0,0,0,0,-9.88246047833472e+34,-3.8075848782070146e+23,-0.0,-0.0,-0.0,4303611392.0,96396.141,0.0,-0.0,-1.1622253044478631e+26,-0.118,412905406464.0,0.0,0.0,0.0,-0.0,0,1.3516416376850534e+27,228,0.0,456,2.40156025918058e+36,0.0,2114,0,17110,0,17112,0,17096,0,0,0,101,100,100,-0.0,64.8,-0.0,65.1,0.0,65.0,1,49,50,180,52429,52429,0,0,0.0,0.0,0.0,60.0,0.0,71.0,0.0,14696793.0,0.0,1069,0,1069,0,0,0,1070,0,1080,0,1000,0,651,0,653,0,648,0,676,0.032,1.4167099448608936e+22,0.0,0.0,49168,16813,0.0,14696793.0,-0.0,-5.736540770748334e+17,-3.203324391907656e+17,-4.788779265134627e+22,50.0,60.0,35,0.0,0.0,10.0,2.0,0.0,0.0,0.0,0.0,0.0,0.0,0.0,0.0,0.0,0.0,0.0,0.0,58.8,55,11,65508,27,65476,1000,65476,1,0,4,20529,65476,0,0,30147,60.0,0.0,10.0,10.0,2.0,0.0
2026-02-16T12:26:33,ERR,ERR,ERR,ERR,ERR,ERR,ERR,ERR,ERR,ERR,ERR,ERR,ERR,ERR,ERR,ERR,ERR,ERR,ERR,ERR,ERR,ERR,ERR,ERR,ERR,ERR,ERR,ERR,ERR,ERR,ERR,ERR,ERR,ERR,ERR,ERR,ERR,ERR,ERR,ERR,ERR,ERR,ERR,ERR,ERR,ERR,ERR,ERR,ERR,ERR,ERR,ERR,ERR,ERR,ERR,ERR,ERR,ERR,ERR,ERR,ERR,ERR,ERR,ERR,ERR,ERR,ERR,ERR,ERR,ERR,ERR,ERR,ERR,ERR,ERR,ERR,ERR,ERR,ERR,ERR,ERR,ERR,ERR,ERR,ERR,ERR,ERR,ERR,ERR,ERR,ERR,ERR,ERR,ERR,ERR,ERR,ERR,ERR,ERR,ERR,ERR,ERR,ERR,ERR,ERR,ERR,ERR,ERR,ERR,ERR,ERR,ERR,ERR,ERR,ERR,ERR,ERR,ERR,ERR,ERR,ERR,ERR,ERR,ERR,ERR,0.0,-0.0,-0.0,0.0,-0.031,5.502748122264776e+29,-2.243676199169892e+34,-0.058,4300,0,8,17169,4300,0.0,41,0.0,0.0,0.0,0.0,2.7184166902131945e+23,0,0,0,0,0.0,0,0,0,0,0,0,0,0,0,0,0,0,0,0,0,0,0,0,0,0,0,0,0,0,0,0,0,0,0,0,0,0,0,8,38,37,46,65476,398,65476,1,0,4,21553,0.0,0.0,0.0,0.0,0.0,0.0,0.0,0.0,0.0,0.0,0.0,0.0,0.0,0.0,0.0,0.0,0.0,0.0,0.0,0.0,0.0,2.004,3.697062548517736e+19,-0.0,0.0,-3.69707618246192e+19,0.0,0.0,0.0,0.0,6547.0,1.5879384200579233e+29,0.0,0.0,-0.0,0.0,2.7184509175703625e+23,0.0,0.0,2.004,2.004,228,2.718417410789135e+23,-4.0668755697950344e+29,0.0,0.0,0.0,0.0,0.0,0.0,0.0,0,0,0,-9.88246047833472e+34,-3.8075848782070146e+23,-0.0,-0.0,-0.0,4303611392.0,96396.141,0.0,-0.0,-1.1622253044478631e+26,-0.118,412905406464.0,0.0,0.0,0.0,-0.0,0,1.3516416376850534e+27,228,0.0,456,2.40156025918058e+36,0.0,2114,0,17110,0,17112,0,17096,0,0,0,101,100,100,-0.0,64.8,-0.0,65.1,0.0,65.0,1,49,50,180,52429,52429,0,0,0.0,0.0,0.0,60.0,0.0,71.0,0.0,-0.0,0.0,1069,0,1069,0,0,0,1070,0,1080,0,1000,0,651,0,653,0,648,0,676,0.032,1.4536034330083127e+22,0.0,0.0,48912,16813,0.327,0.0,-0.0,0.0,-3264613.25,-282025068068864.0,50.0,60.0,35,0.0,0.0,10.0,2.0,0.0,0.0,0.0,0.0,0.0,0.0,0.0,0.0,0.0,0.0,0.0,0.0,59.2,55,11,65508,27,65476,1000,65476,1,0,4,20529,65476,0,0,30147,60.0,0.0,10.0,10.0,2.0,0.0
2026-02-16T12:26:34,ERR,ERR,ERR,ERR,ERR,ERR,ERR,ERR,ERR,ERR,ERR,ERR,ERR,ERR,ERR,ERR,ERR,ERR,ERR,ERR,ERR,ERR,ERR,ERR,ERR,ERR,ERR,ERR,ERR,ERR,ERR,ERR,ERR,ERR,ERR,ERR,ERR,ERR,ERR,ERR,ERR,ERR,ERR,ERR,ERR,ERR,ERR,ERR,ERR,ERR,ERR,ERR,ERR,ERR,ERR,ERR,ERR,ERR,ERR,ERR,ERR,ERR,ERR,ERR,ERR,ERR,ERR,ERR,ERR,ERR,ERR,ERR,ERR,ERR,ERR,ERR,ERR,ERR,ERR,ERR,ERR,ERR,ERR,ERR,ERR,ERR,ERR,ERR,ERR,ERR,ERR,ERR,ERR,ERR,ERR,ERR,ERR,ERR,ERR,ERR,ERR,ERR,ERR,ERR,ERR,ERR,ERR,ERR,ERR,ERR,ERR,ERR,ERR,ERR,ERR,ERR,ERR,ERR,ERR,ERR,ERR,ERR,ERR,ERR,ERR,0.0,-0.0,-0.0,0.0,-0.031,-0.0,0.0,-0.0,4300,0,8,17169,4300,0.0,41,0.0,0.0,0.0,0.0,2.7184166902131945e+23,0,0,0,0,0.0,0,0,0,0,0,0,0,0,0,0,0,0,0,0,0,0,0,0,0,0,0,0,0,0,0,0,0,0,0,0,0,0,0,8,38,37,45,65476,395,65476,1,0,4,21553,0.0,2.7183305813883192e+23,0.0,0.0,0.0,0.0,0.0,0.0,0.0,0.0,0.0,0.0,0.0,0.0,0.0,0.0,0.0,0.0,0.0,0.0,0.0,2.004,3.697062548517736e+19,-0.0,2.004,0.0,0.0,0.0,0.0,0.0,6579.0,0.0,0.0,0.0,-0.0,0.0,2.7184509175703625e+23,0.0,0.0,2.004,2.004,227,4.066853658014554e+29,0.0,0.0,0.0,0.0,0.0,0.0,0.0,0.0,0,0,0,-1.4784825241798078e+32,-0.0,-0.0,-189.258,-0.0,0.0,144.274,0.0,-0.0,-1.2347608536247409e+26,-0.124,440822693888.0,0.0,0.0,0.0,-0.0,0,1.3516416376850534e+27,227,0.0,454,2.40156025918058e+36,-0.0,2114,0,17110,0,17112,0,17096,0,0,0,101,100,100,-0.0,64.8,-0.0,65.1,0.0,65.0,1,49,50,180,52429,52429,0,0,0.0,0.0,0.0,60.0,0.0,71.0,0.0,-0.0,0.0,1069,0,1069,0,0,0,1070,0,1080,0,1000,0,651,0,653,0,648,0,676,0.032,1.4536034330083127e+22,0.0,0.0,48912,16813,0.327,0.0,-0.0,0.0,-3264613.25,-282025068068864.0,50.0,60.0,35,0.0,0.0,10.0,2.0,0.0,0.0,0.0,0.0,0.0,0.0,0.0,0.0,0.0,0.0,0.0,0.0,59.2,55,11,65508,27,65476,1000,65476,1,0,4,20529,65476,0,0,30147,60.0,0.0,10.0,10.0,2.0,0.0
2026-02-16T12:26:35,ERR,ERR,ERR,ERR,ERR,ERR,ERR,ERR,ERR,ERR,ERR,ERR,ERR,ERR,ERR,ERR,ERR,ERR,ERR,ERR,ERR,ERR,ERR,ERR,ERR,ERR,ERR,ERR,ERR,ERR,ERR,ERR,ERR,ERR,ERR,ERR,ERR,ERR,ERR,ERR,ERR,ERR,ERR,ERR,ERR,ERR,ERR,ERR,ERR,ERR,ERR,ERR,ERR,ERR,ERR,ERR,ERR,ERR,ERR,ERR,ERR,ERR,ERR,ERR,ERR,ERR,ERR,ERR,ERR,ERR,ERR,ERR,ERR,ERR,ERR,ERR,ERR,ERR,ERR,ERR,ERR,ERR,ERR,ERR,ERR,ERR,ERR,ERR,ERR,ERR,ERR,ERR,ERR,ERR,ERR,ERR,ERR,ERR,ERR,ERR,ERR,ERR,ERR,ERR,ERR,ERR,ERR,ERR,ERR,ERR,ERR,ERR,ERR,ERR,ERR,ERR,ERR,ERR,ERR,ERR,ERR,ERR,ERR,ERR,ERR,0.0,-0.0,-0.0,0.0,-0.031,-0.0,0.0,-0.0,4300,0,8,17169,4300,0.0,41,0.0,0.0,0.0,0.0,2.7184166902131945e+23,0,0,0,0,0.0,0,0,0,0,0,0,0,0,0,0,0,0,0,0,0,0,0,0,0,0,0,0,0,0,0,0,0,0,0,0,0,0,0,8,38,37,45,65476,395,65476,1,0,4,21553,0.0,2.7183305813883192e+23,0.0,0.0,0.0,0.0,0.0,0.0,0.0,0.0,0.0,0.0,0.0,0.0,0.0,0.0,0.0,0.0,0.0,0.0,0.0,2.004,3.697062548517736e+19,-0.0,2.004,0.0,0.0,0.0,0.0,0.0,6579.0,0.0,0.0,0.0,-0.0,0.0,2.7184509175703625e+23,0.0,0.0,2.004,2.004,227,4.066853658014554e+29,0.0,0.0,0.0,0.0,0.0,0.0,0.0,0.0,0,0,0,-1.4784825241798078e+32,-0.0,-0.0,-189.258,-0.0,0.0,144.274,0.0,-0.0,-1.2347608536247409e+26,-0.124,440822693888.0,0.0,0.0,0.0,-0.0,0,1.3516416376850534e+27,227,0.0,454,2.40156025918058e+36,-0.0,2114,0,17110,0,17112,0,17096,0,0,0,101,100,100,-0.0,64.8,-0.0,65.1,0.0,65.0,1,49,50,180,52429,52429,0,0,0.0,0.0,0.0,60.0,0.0,71.0,0.0,-0.0,0.0,1069,0,1069,0,0,0,1070,0,1080,0,1000,0,651,0,653,0,648,0,676,0.032,1.4536034330083127e+22,0.0,0.0,48912,16813,0.327,0.0,-0.0,0.0,-3264613.25,-282025068068864.0,50.0,60.0,35,0.0,0.0,10.0,2.0,0.0,0.0,0.0,0.0,0.0,0.0,0.0,0.0,0.0,0.0,0.0,0.0,59.2,55,11,65508,27,65476,1000,65476,1,0,4,20529,65476,0,0,30147,60.0,0.0,10.0,10.0,2.0,0.0
2026-02-16T12:26:36,ERR,ERR,ERR,ERR,ERR,ERR,ERR,ERR,ERR,ERR,ERR,ERR,ERR,ERR,ERR,ERR,ERR,ERR,ERR,ERR,ERR,ERR,ERR,ERR,ERR,ERR,ERR,ERR,ERR,ERR,ERR,ERR,ERR,ERR,ERR,ERR,ERR,ERR,ERR,ERR,ERR,ERR,ERR,ERR,ERR,ERR,ERR,ERR,ERR,ERR,ERR,ERR,ERR,ERR,ERR,ERR,ERR,ERR,ERR,ERR,ERR,ERR,ERR,ERR,ERR,ERR,ERR,ERR,ERR,ERR,ERR,ERR,ERR,ERR,ERR,ERR,ERR,ERR,ERR,ERR,ERR,ERR,ERR,ERR,ERR,ERR,ERR,ERR,ERR,ERR,ERR,ERR,ERR,ERR,ERR,ERR,ERR,ERR,ERR,ERR,ERR,ERR,ERR,ERR,ERR,ERR,ERR,ERR,ERR,ERR,ERR,ERR,ERR,ERR,ERR,ERR,ERR,ERR,ERR,ERR,ERR,ERR,ERR,ERR,ERR,0.0,-0.0,-0.0,0.0,-0.031,-0.0,0.0,-0.0,4300,0,8,17169,4300,0.0,41,0.0,0.0,0.0,0.0,2.7184166902131945e+23,0,0,0,0,0.0,0,0,0,0,0,0,0,0,0,0,0,0,0,0,0,0,0,0,0,0,0,0,0,0,0,0,0,0,0,0,0,0,0,8,38,37,45,65476,395,65476,1,0,4,21553,0.0,2.7183305813883192e+23,0.0,0.0,0.0,0.0,0.0,0.0,0.0,0.0,0.0,0.0,0.0,0.0,0.0,0.0,0.0,0.0,0.0,0.0,0.0,2.004,3.697062548517736e+19,-0.0,2.004,0.0,0.0,0.0,0.0,0.0,6579.0,0.0,0.0,0.0,-0.0,0.0,2.7184509175703625e+23,0.0,0.0,2.004,2.004,227,4.066853658014554e+29,0.0,0.0,0.0,0.0,0.0,0.0,0.0,0.0,0,0,0,-1.4784825241798078e+32,-0.0,-0.0,-189.258,-0.0,0.0,144.274,0.0,-0.0,-1.2347608536247409e+26,-0.124,440822693888.0,0.0,0.0,0.0,-0.0,0,1.3516416376850534e+27,227,0.0,454,2.40156025918058e+36,-0.0,2114,0,17110,0,17112,0,17096,0,0,0,101,100,100,-0.0,64.8,-0.0,65.1,0.0,65.0,1,49,50,180,52429,52429,0,0,0.0,0.0,0.0,60.0,0.0,71.0,0.0,-0.0,0.0,1069,0,1069,0,0,0,1070,0,1080,0,1000,0,651,0,653,0,648,0,676,0.032,1.4462247353788288e+22,0.0,0.0,51344,16813,0.0,-0.0,0.0,1974.029,0.001,1.2004640767470897e+27,50.0,60.0,35,0.0,0.0,10.0,2.0,0.0,0.0,0.0,0.0,0.0,0.0,0.0,0.0,0.0,0.0,0.0,0.0,59.2,55,11,65508,27,65476,1000,65476,1,0,4,20529,65476,0,0,30147,60.0,0.0,10.0,10.0,2.0,0.0
2026-02-16T12:26:37,ERR,ERR,ERR,ERR,ERR,ERR,ERR,ERR,ERR,ERR,ERR,ERR,ERR,ERR,ERR,ERR,ERR,ERR,ERR,ERR,ERR,ERR,ERR,ERR,ERR,ERR,ERR,ERR,ERR,ERR,ERR,ERR,ERR,ERR,ERR,ERR,ERR,ERR,ERR,ERR,ERR,ERR,ERR,ERR,ERR,ERR,ERR,ERR,ERR,ERR,ERR,ERR,ERR,ERR,ERR,ERR,ERR,ERR,ERR,ERR,ERR,ERR,ERR,ERR,ERR,ERR,ERR,ERR,ERR,ERR,ERR,ERR,ERR,ERR,ERR,ERR,ERR,ERR,ERR,ERR,ERR,ERR,ERR,ERR,ERR,ERR,ERR,ERR,ERR,ERR,ERR,ERR,ERR,ERR,ERR,ERR,ERR,ERR,ERR,ERR,ERR,ERR,ERR,ERR,ERR,ERR,ERR,ERR,ERR,ERR,ERR,ERR,ERR,ERR,ERR,ERR,ERR,ERR,ERR,ERR,ERR,ERR,ERR,ERR,ERR,0.0,-0.0,-0.0,0.0,-0.031,-0.0,0.0,-0.0,4300,0,8,17169,4300,0.0,41,0.0,0.0,0.0,0.0,2.7184166902131945e+23,0,0,0,0,0.0,0,0,0,0,0,0,0,0,0,0,0,0,0,0,0,0,0,0,0,0,0,0,0,0,0,0,0,0,0,0,0,0,0,8,38,37,45,65476,395,65476,1,0,4,21553,0.0,2.7183305813883192e+23,0.0,0.0,0.0,0.0,0.0,0.0,0.0,0.0,0.0,0.0,0.0,0.0,0.0,0.0,0.0,0.0,0.0,0.0,0.0,2.004,3.697062548517736e+19,-0.0,2.004,0.0,0.0,0.0,0.0,0.0,6579.0,0.0,0.0,0.0,-0.0,0.0,2.7184509175703625e+23,0.0,0.0,2.004,2.004,227,4.066853658014554e+29,0.0,0.0,0.0,0.0,0.0,0.0,0.0,0.0,0,0,0,-1.4784825241798078e+32,-0.0,-0.0,-189.258,-0.0,0.0,144.274,0.0,-0.0,-1.2347608536247409e+26,-0.124,440822693888.0,0.0,0.0,0.0,-0.0,0,1.3516416376850534e+27,227,0.0,454,2.40156025918058e+36,-0.0,2114,0,17110,0,17112,0,17096,0,0,0,101,100,100,-0.0,64.8,-0.0,65.1,0.0,65.0,1,49,50,180,52429,52429,0,0,0.0,0.0,0.0,60.0,0.0,71.0,0.0,-0.0,0.0,1069,0,1069,0,0,0,1070,0,1080,0,1000,0,651,0,653,0,648,0,676,0.032,1.4462247353788288e+22,0.0,0.0,51344,16813,0.0,-0.0,0.0,1974.029,0.001,1.2004640767470897e+27,50.0,60.0,35,0.0,0.0,10.0,2.0,0.0,0.0,0.0,0.0,0.0,0.0,0.0,0.0,0.0,0.0,0.0,0.0,59.2,55,11,65508,27,65476,1000,65476,1,0,4,20529,65476,0,0,30147,60.0,0.0,10.0,10.0,2.0,0.0
2026-02-16T12:26:38,ERR,ERR,ERR,ERR,ERR,ERR,ERR,ERR,ERR,ERR,ERR,ERR,ERR,ERR,ERR,ERR,ERR,ERR,ERR,ERR,ERR,ERR,ERR,ERR,ERR,ERR,ERR,ERR,ERR,ERR,ERR,ERR,ERR,ERR,ERR,ERR,ERR,ERR,ERR,ERR,ERR,ERR,ERR,ERR,ERR,ERR,ERR,ERR,ERR,ERR,ERR,ERR,ERR,ERR,ERR,ERR,ERR,ERR,ERR,ERR,ERR,ERR,ERR,ERR,ERR,ERR,ERR,ERR,ERR,ERR,ERR,ERR,ERR,ERR,ERR,ERR,ERR,ERR,ERR,ERR,ERR,ERR,ERR,ERR,ERR,ERR,ERR,ERR,ERR,ERR,ERR,ERR,ERR,ERR,ERR,ERR,ERR,ERR,ERR,ERR,ERR,ERR,ERR,ERR,ERR,ERR,ERR,ERR,ERR,ERR,ERR,ERR,ERR,ERR,ERR,ERR,ERR,ERR,ERR,ERR,ERR,ERR,ERR,ERR,ERR,0.0,-0.0,-0.0,0.0,-0.031,-0.0,0.0,-0.0,4300,0,8,17169,4300,0.0,41,0.0,0.0,0.0,0.0,2.7184166902131945e+23,0,0,0,0,0.0,0,0,0,0,0,0,0,0,0,0,0,0,0,0,0,0,0,0,0,0,0,0,0,0,0,0,0,0,0,0,0,0,0,8,38,37,45,65476,395,65476,1,0,4,21553,0.0,2.7183305813883192e+23,0.0,0.0,0.0,0.0,0.0,0.0,0.0,0.0,0.0,0.0,0.0,0.0,0.0,0.0,0.0,0.0,0.0,0.0,0.0,2.004,3.697062548517736e+19,-0.0,2.004,0.0,0.0,0.0,0.0,0.0,6579.0,0.0,0.0,0.0,-0.0,0.0,2.7184509175703625e+23,0.0,0.0,2.004,2.004,227,4.066853658014554e+29,0.0,0.0,0.0,0.0,0.0,0.0,0.0,0.0,0,0,0,-1.4784825241798078e+32,-0.0,-0.0,-189.258,-0.0,0.0,144.274,0.0,-0.0,-1.2347608536247409e+26,-0.124,440822693888.0,0.0,0.0,0.0,-0.0,0,1.3516416376850534e+27,227,0.0,454,2.40156025918058e+36,-0.0,2114,0,17110,0,17112,0,17096,0,0,0,101,100,100,-0.0,64.8,-0.0,65.1,0.0,65.0,1,49,50,180,52429,52429,0,0,0.0,0.0,0.0,60.0,0.0,71.0,0.0,-0.0,0.0,1069,0,1069,0,0,0,1070,0,1080,0,1000,0,651,0,653,0,648,0,676,0.032,1.4462247353788288e+22,0.0,0.0,51344,16813,0.0,-0.0,0.0,1974.029,0.001,1.2004640767470897e+27,50.0,60.0,35,0.0,0.0,10.0,2.0,0.0,0.0,0.0,0.0,0.0,0.0,0.0,0.0,0.0,0.0,0.0,0.0,58.8,55,11,65508,27,65476,1000,65476,1,0,4,20529,65476,0,0,30147,60.0,0.0,10.0,10.0,2.0,0.0
2026-02-16T12:26:39,ERR,ERR,ERR,ERR,ERR,ERR,ERR,ERR,ERR,ERR,ERR,ERR,ERR,ERR,ERR,ERR,ERR,ERR,ERR,ERR,ERR,ERR,ERR,ERR,ERR,ERR,ERR,ERR,ERR,ERR,ERR,ERR,ERR,ERR,ERR,ERR,ERR,ERR,ERR,ERR,ERR,ERR,ERR,ERR,ERR,ERR,ERR,ERR,ERR,ERR,ERR,ERR,ERR,ERR,ERR,ERR,ERR,ERR,ERR,ERR,ERR,ERR,ERR,ERR,ERR,ERR,ERR,ERR,ERR,ERR,ERR,ERR,ERR,ERR,ERR,ERR,ERR,ERR,ERR,ERR,ERR,ERR,ERR,ERR,ERR,ERR,ERR,ERR,ERR,ERR,ERR,ERR,ERR,ERR,ERR,ERR,ERR,ERR,ERR,ERR,ERR,ERR,ERR,ERR,ERR,ERR,ERR,ERR,ERR,ERR,ERR,ERR,ERR,ERR,ERR,ERR,ERR,ERR,ERR,ERR,ERR,ERR,ERR,ERR,ERR,0.0,-0.0,-0.0,0.0,-0.031,-0.0,1.471,-0.0,4300,0,8,17169,4300,0.0,41,0.0,0.0,0.0,0.0,2.7184166902131945e+23,0,0,0,0,0.0,0,0,0,0,0,0,0,0,0,0,0,0,0,0,0,0,0,0,0,0,0,0,0,0,0,0,0,0,0,0,0,0,0,8,38,37,45,65476,392,65476,1,0,4,21553,0.0,2.7183305813883192e+23,0.0,0.0,0.0,0.0,0.0,0.0,0.0,0.0,0.0,0.0,0.0,0.0,0.0,0.0,0.0,0.0,0.0,0.0,0.0,2.004,2.004,-2.004,2.004,-2.004,0.0,0.0,0.0,0.0,6584.0,2.4230020278207133e+24,0.0,0.0,-0.0,0.0,0.0,-0.0,0.0,2.004,2.004,227,-0.0,-0.0,0.0,0.0,0.0,0.0,0.0,0.0,0.0,0,0,0,0.0,-0.0,-0.0,1.5112323896601546e+27,-0.0,-3.1464560926210556e+23,0.0,14417.506,8.651384489751006e+36,-1.3012517737035455e+26,-0.134,464445014016.0,0.0,0.0,0.0,-0.0,0,1.3516416376850534e+27,227,0.0,454,-621855232.0,-0.0,2114,0,17110,0,17112,0,17096,0,0,0,101,100,100,-0.0,64.8,-0.0,65.1,0.0,65.0,1,49,50,180,52429,52429,0,0,0.0,0.0,0.0,60.0,0.0,71.0,0.0,-0.0,0.0,1069,0,1069,0,0,0,1070,0,1080,0,1000,0,651,0,653,0,648,0,676,0.032,1.4462247353788288e+22,0.0,0.0,51344,16813,0.0,-0.0,0.0,1974.029,0.001,1.2004640767470897e+27,50.0,60.0,35,0.0,0.0,10.0,2.0,0.0,0.0,0.0,0.0,0.0,0.0,0.0,0.0,0.0,0.0,0.0,0.0,58.8,55,11,65508,27,65476,1000,65476,1,0,4,20529,65476,0,0,30147,60.0,0.0,10.0,10.0,2.0,0.0
2026-02-16T12:26:40,ERR,ERR,ERR,ERR,ERR,ERR,ERR,ERR,ERR,ERR,ERR,ERR,ERR,ERR,ERR,ERR,ERR,ERR,ERR,ERR,ERR,ERR,ERR,ERR,ERR,ERR,ERR,ERR,ERR,ERR,ERR,ERR,ERR,ERR,ERR,ERR,ERR,ERR,ERR,ERR,ERR,ERR,ERR,ERR,ERR,ERR,ERR,ERR,ERR,ERR,ERR,ERR,ERR,ERR,ERR,ERR,ERR,ERR,ERR,ERR,ERR,ERR,ERR,ERR,ERR,ERR,ERR,ERR,ERR,ERR,ERR,ERR,ERR,ERR,ERR,ERR,ERR,ERR,ERR,ERR,ERR,ERR,ERR,ERR,ERR,ERR,ERR,ERR,ERR,ERR,ERR,ERR,ERR,ERR,ERR,ERR,ERR,ERR,ERR,ERR,ERR,ERR,ERR,ERR,ERR,ERR,ERR,ERR,ERR,ERR,ERR,ERR,ERR,ERR,ERR,ERR,ERR,ERR,ERR,ERR,ERR,ERR,ERR,ERR,ERR,0.0,-0.0,-0.0,0.0,-0.031,-0.0,1.471,-0.0,4300,0,8,17169,4300,0.0,41,0.0,0.0,0.0,0.0,2.7184166902131945e+23,0,0,0,0,0.0,0,0,0,0,0,0,0,0,0,0,0,0,0,0,0,0,0,0,0,0,0,0,0,0,0,0,0,0,0,0,0,0,0,8,38,37,45,65476,392,65476,1,0,4,21553,0.0,2.7183305813883192e+23,0.0,0.0,0.0,0.0,0.0,0.0,0.0,0.0,0.0,0.0,0.0,0.0,0.0,0.0,0.0,0.0,0.0,0.0,0.0,2.004,2.004,-2.004,2.004,-2.004,0.0,0.0,0.0,0.0,6584.0,2.4230020278207133e+24,0.0,0.0,-0.0,0.0,0.0,-0.0,0.0,2.004,2.004,227,-0.0,-0.0,0.0,0.0,0.0,0.0,0.0,0.0,0.0,0,0,0,0.0,-0.0,-0.0,1.5112323896601546e+27,-0.0,-3.1464560926210556e+23,0.0,14417.506,8.651384489751006e+36,-1.3012517737035455e+26,-0.134,464445014016.0,0.0,0.0,0.0,-0.0,0,1.3516416376850534e+27,227,0.0,454,-621855232.0,-0.0,2114,0,17110,0,17112,0,17096,0,0,0,101,100,100,-0.0,64.8,-0.0,65.1,0.0,65.0,1,49,50,180,52429,52429,0,0,0.0,0.0,0.0,60.0,0.094,71.0,0.0,308424554315776.0,0.0,1069,0,1069,0,0,0,1070,0,1080,0,1000,0,651,0,653,0,648,0,676,0.032,1.4609821306377965e+22,0.0,0.0,63248,16813,0.094,308424554315776.0,-1.2710779218030545e+38,-0.0,0.0,211795738624.0,50.0,60.0,35,0.0,0.0,10.0,2.0,0.0,0.0,0.0,0.0,0.0,0.0,0.0,0.0,0.0,0.0,0.0,0.0,58.8,55,11,65508,27,65476,1000,65476,1,0,4,20529,65476,0,0,30147,60.0,0.0,10.0,10.0,2.0,0.0
2026-02-16T12:26:41,ERR,ERR,ERR,ERR,ERR,ERR,ERR,ERR,ERR,ERR,ERR,ERR,ERR,ERR,ERR,ERR,ERR,ERR,ERR,ERR,ERR,ERR,ERR,ERR,ERR,ERR,ERR,ERR,ERR,ERR,ERR,ERR,ERR,ERR,ERR,ERR,ERR,ERR,ERR,ERR,ERR,ERR,ERR,ERR,ERR,ERR,ERR,ERR,ERR,ERR,ERR,ERR,ERR,ERR,ERR,ERR,ERR,ERR,ERR,ERR,ERR,ERR,ERR,ERR,ERR,ERR,ERR,ERR,ERR,ERR,ERR,ERR,ERR,ERR,ERR,ERR,ERR,ERR,ERR,ERR,ERR,ERR,ERR,ERR,ERR,ERR,ERR,ERR,ERR,ERR,ERR,ERR,ERR,ERR,ERR,ERR,ERR,ERR,ERR,ERR,ERR,ERR,ERR,ERR,ERR,ERR,ERR,ERR,ERR,ERR,ERR,ERR,ERR,ERR,ERR,ERR,ERR,ERR,ERR,ERR,ERR,ERR,ERR,ERR,ERR,0.0,-0.0,-0.0,0.0,-0.031,-0.0,1.471,-0.0,4300,0,8,17169,4300,0.0,41,0.0,0.0,0.0,0.0,2.7184166902131945e+23,0,0,0,0,0.0,0,0,0,0,0,0,0,0,0,0,0,0,0,0,0,0,0,0,0,0,0,0,0,0,0,0,0,0,0,0,0,0,0,8,38,37,45,65476,392,65476,1,0,4,21553,0.0,2.7183305813883192e+23,0.0,0.0,0.0,0.0,0.0,0.0,0.0,0.0,0.0,0.0,0.0,0.0,0.0,0.0,0.0,0.0,0.0,0.0,0.0,2.004,2.004,-2.004,2.004,-2.004,0.0,0.0,0.0,0.0,6584.0,2.4230020278207133e+24,0.0,0.0,-0.0,0.0,0.0,-0.0,0.0,2.004,2.004,227,-0.0,-0.0,0.0,0.0,0.0,0.0,0.0,0.0,0.0,0,0,0,0.0,-0.0,-0.0,1.5112323896601546e+27,-0.0,-3.1464560926210556e+23,0.0,14417.506,8.651384489751006e+36,-1.3012517737035455e+26,-0.134,464445014016.0,0.0,0.0,0.0,-0.0,0,1.3516416376850534e+27,227,0.0,454,-621855232.0,-0.0,2114,0,17110,0,17112,0,17096,0,0,0,101,100,100,-0.0,64.8,-0.0,65.1,0.0,65.0,1,49,50,180,52429,52429,0,0,0.0,0.0,0.0,60.0,0.094,71.0,0.0,308424554315776.0,0.0,1069,0,1069,0,0,0,1070,0,1080,0,1000,0,651,0,653,0,648,0,676,0.032,1.4609821306377965e+22,0.0,0.0,63248,16813,0.094,308424554315776.0,-1.2710779218030545e+38,-0.0,0.0,211795738624.0,50.0,60.0,35,0.0,0.0,10.0,2.0,0.0,0.0,0.0,0.0,0.0,0.0,0.0,0.0,0.0,0.0,0.0,0.0,59.2,55,11,65508,27,65476,1000,65476,1,0,4,20529,65476,0,0,30147,60.0,0.0,10.0,10.0,2.0,0.0
2026-02-16T12:26:42,ERR,ERR,ERR,ERR,ERR,ERR,ERR,ERR,ERR,ERR,ERR,ERR,ERR,ERR,ERR,ERR,ERR,ERR,ERR,ERR,ERR,ERR,ERR,ERR,ERR,ERR,ERR,ERR,ERR,ERR,ERR,ERR,ERR,ERR,ERR,ERR,ERR,ERR,ERR,ERR,ERR,ERR,ERR,ERR,ERR,ERR,ERR,ERR,ERR,ERR,ERR,ERR,ERR,ERR,ERR,ERR,ERR,ERR,ERR,ERR,ERR,ERR,ERR,ERR,ERR,ERR,ERR,ERR,ERR,ERR,ERR,ERR,ERR,ERR,ERR,ERR,ERR,ERR,ERR,ERR,ERR,ERR,ERR,ERR,ERR,ERR,ERR,ERR,ERR,ERR,ERR,ERR,ERR,ERR,ERR,ERR,ERR,ERR,ERR,ERR,ERR,ERR,ERR,ERR,ERR,ERR,ERR,ERR,ERR,ERR,ERR,ERR,ERR,ERR,ERR,ERR,ERR,ERR,ERR,ERR,ERR,ERR,ERR,ERR,ERR,0.0,-0.0,-0.0,0.0,-0.031,-0.0,1.471,-0.0,4300,0,8,17169,4300,0.0,41,0.0,0.0,0.0,0.0,2.7184166902131945e+23,0,0,0,0,0.0,0,0,0,0,0,0,0,0,0,0,0,0,0,0,0,0,0,0,0,0,0,0,0,0,0,0,0,0,0,0,0,0,0,8,38,37,45,65476,392,65476,1,0,4,21553,0.0,2.7183305813883192e+23,0.0,0.0,0.0,0.0,0.0,0.0,0.0,0.0,0.0,0.0,0.0,0.0,0.0,0.0,0.0,0.0,0.0,0.0,0.0,2.004,2.004,-2.004,2.004,-2.004,0.0,0.0,0.0,0.0,6584.0,2.4230020278207133e+24,0.0,0.0,-0.0,0.0,0.0,-0.0,0.0,2.004,2.004,227,-0.0,-0.0,0.0,0.0,0.0,0.0,0.0,0.0,0.0,0,0,0,0.0,-0.0,-0.0,1.5112323896601546e+27,-0.0,-3.1464560926210556e+23,0.0,14417.506,8.651384489751006e+36,-1.3012517737035455e+26,-0.134,464445014016.0,0.0,0.0,0.0,-0.0,0,1.3516416376850534e+27,227,0.0,454,-621855232.0,-0.0,2114,0,17110,0,17112,0,17096,0,0,0,101,100,100,-0.0,64.8,-0.0,65.1,0.0,65.0,1,49,50,180,52429,52429,0,0,0.0,0.0,0.0,60.0,0.094,71.0,0.0,308424554315776.0,0.0,1069,0,1069,0,0,0,1070,0,1080,0,1000,0,651,0,653,0,648,0,676,0.032,1.4609821306377965e+22,0.0,0.0,63248,16813,0.094,308424554315776.0,-1.2710779218030545e+38,-0.0,0.0,211795738624.0,50.0,60.0,35,0.0,0.0,10.0,2.0,0.0,0.0,0.0,0.0,0.0,0.0,0.0,0.0,0.0,0.0,0.0,0.0,59.2,55,11,65508,27,65476,1000,65476,1,0,4,20529,65476,0,0,30147,60.0,0.0,10.0,10.0,2.0,0.0
2026-02-16T12:26:43,ERR,ERR,ERR,ERR,ERR,ERR,ERR,ERR,ERR,ERR,ERR,ERR,ERR,ERR,ERR,ERR,ERR,ERR,ERR,ERR,ERR,ERR,ERR,ERR,ERR,ERR,ERR,ERR,ERR,ERR,ERR,ERR,ERR,ERR,ERR,ERR,ERR,ERR,ERR,ERR,ERR,ERR,ERR,ERR,ERR,ERR,ERR,ERR,ERR,ERR,ERR,ERR,ERR,ERR,ERR,ERR,ERR,ERR,ERR,ERR,ERR,ERR,ERR,ERR,ERR,ERR,ERR,ERR,ERR,ERR,ERR,ERR,ERR,ERR,ERR,ERR,ERR,ERR,ERR,ERR,ERR,ERR,ERR,ERR,ERR,ERR,ERR,ERR,ERR,ERR,ERR,ERR,ERR,ERR,ERR,ERR,ERR,ERR,ERR,ERR,ERR,ERR,ERR,ERR,ERR,ERR,ERR,ERR,ERR,ERR,ERR,ERR,ERR,ERR,ERR,ERR,ERR,ERR,ERR,ERR,ERR,ERR,ERR,ERR,ERR,0.0,-0.0,0.0,0.0,0.0,-0.0,6.711344758909829e+18,-1.4401344505891733e+26,4300,0,8,17171,4300,0.0,41,0.0,0.0,0.0,0.0,2.7184166902131945e+23,0,0,0,0,0.0,0,0,0,0,0,0,0,0,0,0,0,0,0,0,0,0,0,0,0,0,0,0,0,0,0,0,0,0,0,0,0,0,0,8,38,37,45,65476,390,65476,1,0,4,21553,0.0,-0.0,0.0,0.0,0.0,0.0,0.0,0.0,0.0,0.0,0.0,0.0,0.0,0.0,0.0,0.0,0.0,0.0,0.0,0.0,0.0,2.004,3.697062548517736e+19,-0.0,2.004,-0.0,0.0,0.0,0.0,0.0,6581.0,-0.0,0.0,0.0,-0.0,0.0,0.0,0.0,0.0,2.004,2.004,229,-0.0,-0.0,0.0,0.0,0.0,0.0,0.0,0.0,0.0,0,0,0,0.0,23626710.0,-0.0,48724239712256.0,-0.0,-0.0,0.0,0.0,-0.0,-1.3798319519784964e+26,-0.146,492362301440.0,0.0,0.0,0.0,0.0,0,1.3516416376850534e+27,229,0.0,458,-621855232.0,-0.0,2114,0,17110,0,17112,0,17096,0,0,0,101,100,100,-0.0,64.8,-0.0,65.1,0.0,65.0,1,49,50,180,52429,52429,0,0,0.0,0.0,0.0,60.0,3575971.5,71.0,0.0,-0.0,0.0,1069,0,1069,0,0,0,1070,0,1080,0,1000,0,651,0,653,0,648,0,676,0.032,1.4536034330083127e+22,0.0,0.0,5264,16814,6451174400.0,-0.0,2.77608752719986e+29,3.1219857604973162e+28,-0.0,-0.0,50.0,60.0,35,0.0,0.0,10.0,2.0,0.0,0.0,0.0,0.0,0.0,0.0,0.0,0.0,0.0,0.0,0.0,0.0,58.8,55,11,65508,27,65476,1000,65476,1,0,4,20529,65476,0,0,30147,60.0,0.0,10.0,10.0,2.0,0.0
2026-02-16T12:26:44,ERR,ERR,ERR,ERR,ERR,ERR,ERR,ERR,ERR,ERR,ERR,ERR,ERR,ERR,ERR,ERR,ERR,ERR,ERR,ERR,ERR,ERR,ERR,ERR,ERR,ERR,ERR,ERR,ERR,ERR,ERR,ERR,ERR,ERR,ERR,ERR,ERR,ERR,ERR,ERR,ERR,ERR,ERR,ERR,ERR,ERR,ERR,ERR,ERR,ERR,ERR,ERR,ERR,ERR,ERR,ERR,ERR,ERR,ERR,ERR,ERR,ERR,ERR,ERR,ERR,ERR,ERR,ERR,ERR,ERR,ERR,ERR,ERR,ERR,ERR,ERR,ERR,ERR,ERR,ERR,ERR,ERR,ERR,ERR,ERR,ERR,ERR,ERR,ERR,ERR,ERR,ERR,ERR,ERR,ERR,ERR,ERR,ERR,ERR,ERR,ERR,ERR,ERR,ERR,ERR,ERR,ERR,ERR,ERR,ERR,ERR,ERR,ERR,ERR,ERR,ERR,ERR,ERR,ERR,ERR,ERR,ERR,ERR,ERR,ERR,0.0,-0.0,0.0,0.0,0.0,-0.0,6.711344758909829e+18,-1.4401344505891733e+26,4300,0,8,17171,4300,0.0,41,0.0,0.0,0.0,0.0,2.7184166902131945e+23,0,0,0,0,0.0,0,0,0,0,0,0,0,0,0,0,0,0,0,0,0,0,0,0,0,0,0,0,0,0,0,0,0,0,0,0,0,0,0,8,38,37,45,65476,390,65476,1,0,4,21553,0.0,-0.0,0.0,0.0,0.0,0.0,0.0,0.0,0.0,0.0,0.0,0.0,0.0,0.0,0.0,0.0,0.0,0.0,0.0,0.0,0.0,2.004,3.697062548517736e+19,-0.0,2.004,-0.0,0.0,0.0,0.0,0.0,6581.0,-0.0,0.0,0.0,-0.0,0.0,0.0,0.0,0.0,2.004,2.004,229,-0.0,-0.0,0.0,0.0,0.0,0.0,0.0,0.0,0.0,0,0,0,0.0,23626710.0,-0.0,48724239712256.0,-0.0,-0.0,0.0,0.0,-0.0,-1.3798319519784964e+26,-0.146,492362301440.0,0.0,0.0,0.0,0.0,0,1.3516416376850534e+27,229,0.0,458,-621855232.0,-0.0,2114,0,17110,0,17112,0,17096,0,0,0,101,100,100,-0.0,64.8,-0.0,65.1,0.0,65.0,1,49,50,180,52429,52429,0,0,0.0,0.0,0.0,60.0,3575971.5,71.0,0.0,-0.0,0.0,1069,0,1069,0,0,0,1070,0,1080,0,1000,0,651,0,653,0,648,0,676,0.032,1.4536034330083127e+22,0.0,0.0,5264,16814,6451174400.0,-0.0,2.77608752719986e+29,3.1219857604973162e+28,-0.0,-0.0,50.0,60.0,35,0.0,0.0,10.0,2.0,0.0,0.0,0.0,0.0,0.0,0.0,0.0,0.0,0.0,0.0,0.0,0.0,59.2,55,11,65508,27,65476,1000,65476,1,0,4,20529,65476,0,0,30147,60.0,0.0,10.0,10.0,2.0,0.0
2026-02-16T12:26:45,ERR,ERR,ERR,ERR,ERR,ERR,ERR,ERR,ERR,ERR,ERR,ERR,ERR,ERR,ERR,ERR,ERR,ERR,ERR,ERR,ERR,ERR,ERR,ERR,ERR,ERR,ERR,ERR,ERR,ERR,ERR,ERR,ERR,ERR,ERR,ERR,ERR,ERR,ERR,ERR,ERR,ERR,ERR,ERR,ERR,ERR,ERR,ERR,ERR,ERR,ERR,ERR,ERR,ERR,ERR,ERR,ERR,ERR,ERR,ERR,ERR,ERR,ERR,ERR,ERR,ERR,ERR,ERR,ERR,ERR,ERR,ERR,ERR,ERR,ERR,ERR,ERR,ERR,ERR,ERR,ERR,ERR,ERR,ERR,ERR,ERR,ERR,ERR,ERR,ERR,ERR,ERR,ERR,ERR,ERR,ERR,ERR,ERR,ERR,ERR,ERR,ERR,ERR,ERR,ERR,ERR,ERR,ERR,ERR,ERR,ERR,ERR,ERR,ERR,ERR,ERR,ERR,ERR,ERR,ERR,ERR,ERR,ERR,ERR,ERR,0.0,-0.0,0.0,0.0,0.0,-0.0,6.711344758909829e+18,-1.4401344505891733e+26,4300,0,8,17171,4300,0.0,41,0.0,0.0,0.0,0.0,2.7184166902131945e+23,0,0,0,0,0.0,0,0,0,0,0,0,0,0,0,0,0,0,0,0,0,0,0,0,0,0,0,0,0,0,0,0,0,0,0,0,0,0,0,8,38,37,45,65476,390,65476,1,0,4,21553,0.0,-0.0,0.0,0.0,0.0,0.0,0.0,0.0,0.0,0.0,0.0,0.0,0.0,0.0,0.0,0.0,0.0,0.0,0.0,0.0,0.0,2.004,3.697062548517736e+19,-0.0,2.004,-0.0,0.0,0.0,0.0,0.0,6581.0,-0.0,0.0,0.0,-0.0,0.0,0.0,0.0,0.0,2.004,2.004,229,-0.0,-0.0,0.0,0.0,0.0,0.0,0.0,0.0,0.0,0,0,0,0.0,23626710.0,-0.0,48724239712256.0,-0.0,-0.0,0.0,0.0,-0.0,-1.3798319519784964e+26,-0.146,492362301440.0,0.0,0.0,0.0,0.0,0,1.3516416376850534e+27,229,0.0,458,-621855232.0,-0.0,2114,0,17110,0,17112,0,17096,0,0,0,101,100,100,-0.0,64.8,-0.0,65.1,0.0,65.0,1,49,50,180,52429,52429,0,0,0.0,0.0,0.0,60.0,3575971.5,71.0,0.0,-0.0,0.0,1069,0,1069,0,0,0,1070,0,1080,0,1000,0,651,0,653,0,648,0,676,0.032,1.4536034330083127e+22,0.0,0.0,5264,16814,6451174400.0,-0.0,2.77608752719986e+29,3.1219857604973162e+28,-0.0,-0.0,50.0,60.0,35,0.0,0.0,10.0,2.0,0.0,0.0,0.0,0.0,0.0,0.0,0.0,0.0,0.0,0.0,0.0,0.0,59.2,55,11,65508,27,65476,1000,65476,1,0,4,20529,65476,0,0,30147,60.0,0.0,10.0,10.0,2.0,0.0
2026-02-16T12:26:46,ERR,ERR,ERR,ERR,ERR,ERR,ERR,ERR,ERR,ERR,ERR,ERR,ERR,ERR,ERR,ERR,ERR,ERR,ERR,ERR,ERR,ERR,ERR,ERR,ERR,ERR,ERR,ERR,ERR,ERR,ERR,ERR,ERR,ERR,ERR,ERR,ERR,ERR,ERR,ERR,ERR,ERR,ERR,ERR,ERR,ERR,ERR,ERR,ERR,ERR,ERR,ERR,ERR,ERR,ERR,ERR,ERR,ERR,ERR,ERR,ERR,ERR,ERR,ERR,ERR,ERR,ERR,ERR,ERR,ERR,ERR,ERR,ERR,ERR,ERR,ERR,ERR,ERR,ERR,ERR,ERR,ERR,ERR,ERR,ERR,ERR,ERR,ERR,ERR,ERR,ERR,ERR,ERR,ERR,ERR,ERR,ERR,ERR,ERR,ERR,ERR,ERR,ERR,ERR,ERR,ERR,ERR,ERR,ERR,ERR,ERR,ERR,ERR,ERR,ERR,ERR,ERR,ERR,ERR,ERR,ERR,ERR,ERR,ERR,ERR,0.0,-0.0,0.0,0.0,0.0,-0.0,6.711344758909829e+18,-1.4401344505891733e+26,4300,0,8,17171,4300,0.0,41,0.0,0.0,0.0,0.0,2.7184166902131945e+23,0,0,0,0,0.0,0,0,0,0,0,0,0,0,0,0,0,0,0,0,0,0,0,0,0,0,0,0,0,0,0,0,0,0,0,0,0,0,0,8,38,37,45,65476,390,65476,1,0,4,21553,0.0,-0.0,0.0,0.0,0.0,0.0,0.0,0.0,0.0,0.0,0.0,0.0,0.0,0.0,0.0,0.0,0.0,0.0,0.0,0.0,0.0,2.004,3.697062548517736e+19,-0.0,2.004,-0.0,0.0,0.0,0.0,0.0,6581.0,-0.0,0.0,0.0,-0.0,0.0,0.0,0.0,0.0,2.004,2.004,229,-0.0,-0.0,0.0,0.0,0.0,0.0,0.0,0.0,0.0,0,0,0,0.0,23626710.0,-0.0,48724239712256.0,-0.0,-0.0,0.0,0.0,-0.0,-1.3798319519784964e+26,-0.146,492362301440.0,0.0,0.0,0.0,0.0,0,1.3516416376850534e+27,229,0.0,458,-621855232.0,-0.0,2114,0,17110,0,17112,0,17096,0,0,0,101,100,100,-0.0,64.8,-0.0,65.1,0.0,65.0,1,49,50,180,52429,52429,0,0,0.0,0.0,0.0,60.0,3171167091294208.0,71.0,0.0,0.0,0.0,1069,0,1069,0,0,0,1070,0,1080,0,1000,0,651,0,653,0,648,0,676,0.032,1.4609821306377965e+22,0.0,0.0,9360,16814,1.3018779454590157e+17,-4.936503187591895e+22,-3.108290413219972e+33,-0.0,0.0,6719280128.0,50.0,60.0,35,0.0,0.0,10.0,2.0,0.0,0.0,0.0,0.0,0.0,0.0,0.0,0.0,0.0,0.0,0.0,0.0,58.8,55,11,65508,27,65476,1000,65476,1,0,4,20529,65476,0,0,30147,60.0,0.0,10.0,10.0,2.0,0.0
2026-02-16T12:26:47,ERR,ERR,ERR,ERR,ERR,ERR,ERR,ERR,ERR,ERR,ERR,ERR,ERR,ERR,ERR,ERR,ERR,ERR,ERR,ERR,ERR,ERR,ERR,ERR,ERR,ERR,ERR,ERR,ERR,ERR,ERR,ERR,ERR,ERR,ERR,ERR,ERR,ERR,ERR,ERR,ERR,ERR,ERR,ERR,ERR,ERR,ERR,ERR,ERR,ERR,ERR,ERR,ERR,ERR,ERR,ERR,ERR,ERR,ERR,ERR,ERR,ERR,ERR,ERR,ERR,ERR,ERR,ERR,ERR,ERR,ERR,ERR,ERR,ERR,ERR,ERR,ERR,ERR,ERR,ERR,ERR,ERR,ERR,ERR,ERR,ERR,ERR,ERR,ERR,ERR,ERR,ERR,ERR,ERR,ERR,ERR,ERR,ERR,ERR,ERR,ERR,ERR,ERR,ERR,ERR,ERR,ERR,ERR,ERR,ERR,ERR,ERR,ERR,ERR,ERR,ERR,ERR,ERR,ERR,ERR,ERR,ERR,ERR,ERR,ERR,0.0,-0.0,0.0,0.0,0.0,-0.0,6.711344758909829e+18,-1.4401344505891733e+26,4300,0,8,17171,4300,0.0,41,0.0,0.0,0.0,0.0,2.7184166902131945e+23,0,0,0,0,0.0,0,0,0,0,0,0,0,0,0,0,0,0,0,0,0,0,0,0,0,0,0,0,0,0,0,0,0,0,0,0,0,0,0,8,38,37,45,65476,390,65476,1,0,4,21553,0.0,-0.0,0.0,0.0,0.0,0.0,0.0,0.0,0.0,0.0,0.0,0.0,0.0,0.0,0.0,0.0,0.0,0.0,0.0,0.0,0.0,2.004,3.697062548517736e+19,-0.0,2.004,-0.0,0.0,0.0,0.0,0.0,6581.0,-0.0,0.0,0.0,-0.0,0.0,0.0,0.0,0.0,2.004,2.004,229,-0.0,-0.0,0.0,0.0,0.0,0.0,0.0,0.0,0.0,0,0,0,0.0,23626710.0,-0.0,48724239712256.0,-0.0,-0.0,0.0,0.0,-0.0,-1.3798319519784964e+26,-0.146,492362301440.0,0.0,0.0,0.0,0.0,0,1.3516416376850534e+27,229,0.0,458,-621855232.0,-0.0,2114,0,17110,0,17112,0,17096,0,0,0,101,100,100,-0.0,64.8,-0.0,65.1,0.0,65.0,1,49,50,180,52429,52429,0,0,0.0,0.0,0.0,60.0,3171167091294208.0,71.0,0.0,0.0,0.0,1069,0,1069,0,0,0,1070,0,1080,0,1000,0,651,0,653,0,648,0,676,0.032,1.4609821306377965e+22,0.0,0.0,9360,16814,1.3018779454590157e+17,-4.936503187591895e+22,-3.108290413219972e+33,-0.0,0.0,6719280128.0,50.0,60.0,35,0.0,0.0,10.0,2.0,0.0,0.0,0.0,0.0,0.0,0.0,0.0,0.0,0.0,0.0,0.0,0.0,59.2,54,11,65509,27,65476,1000,65476,1,0,4,20529,65476,0,0,30147,60.0,0.0,10.0,10.0,2.0,0.0
2026-02-16T12:26:48,ERR,ERR,ERR,ERR,ERR,ERR,ERR,ERR,ERR,ERR,ERR,ERR,ERR,ERR,ERR,ERR,ERR,ERR,ERR,ERR,ERR,ERR,ERR,ERR,ERR,ERR,ERR,ERR,ERR,ERR,ERR,ERR,ERR,ERR,ERR,ERR,ERR,ERR,ERR,ERR,ERR,ERR,ERR,ERR,ERR,ERR,ERR,ERR,ERR,ERR,ERR,ERR,ERR,ERR,ERR,ERR,ERR,ERR,ERR,ERR,ERR,ERR,ERR,ERR,ERR,ERR,ERR,ERR,ERR,ERR,ERR,ERR,ERR,ERR,ERR,ERR,ERR,ERR,ERR,ERR,ERR,ERR,ERR,ERR,ERR,ERR,ERR,ERR,ERR,ERR,ERR,ERR,ERR,ERR,ERR,ERR,ERR,ERR,ERR,ERR,ERR,ERR,ERR,ERR,ERR,ERR,ERR,ERR,ERR,ERR,ERR,ERR,ERR,ERR,ERR,ERR,ERR,ERR,ERR,ERR,ERR,ERR,ERR,ERR,ERR,0.0,-0.0,2.7420187948523476e+23,0.0,-0.0,-0.0,1.979,2.1398255551420397e+23,4300,0,8,17169,4300,0.0,41,0.0,0.0,0.0,0.0,2.7184166902131945e+23,0,0,0,0,0.0,0,0,0,0,0,0,0,0,0,0,0,0,0,0,0,0,0,0,0,0,0,0,0,0,0,0,0,0,0,0,0,0,0,8,38,37,45,65476,386,65476,1,0,4,21553,0.0,0.0,0.0,0.0,0.0,0.0,0.0,0.0,0.0,0.0,0.0,0.0,0.0,0.0,0.0,0.0,0.0,0.0,0.0,0.0,0.0,2.004,2.004,-0.0,2.004,0.0,0.0,0.0,0.0,0.0,6613.0,8608233472.0,0.0,0.0,-0.0,0.0,-0.0,0.0,0.0,2.004,2.004,229,-0.0,0.0,0.0,0.0,0.0,0.0,0.0,0.0,0.0,0,0,0,0.0,-0.0,-0.0,2.002380095838886e+35,-0.0,0.0,-5.7939769739479456e+20,-0.0,-946071732224.0,-1.4523675011553741e+26,-0.158,520279588864.0,0.0,0.0,0.0,-3852534284288.0,0,1.3516416376850534e+27,229,0.0,458,-621855232.0,-0.0,2114,0,17110,0,17112,0,17096,0,0,0,101,100,100,-0.0,64.8,-0.0,65.1,0.0,65.0,1,49,50,180,52429,52429,0,0,0.0,0.0,0.0,60.0,3171167091294208.0,71.0,0.0,0.0,0.0,1069,0,1069,0,0,0,1070,0,1080,0,1000,0,651,0,653,0,648,0,676,0.032,1.4609821306377965e+22,0.0,0.0,9360,16814,1.3018779454590157e+17,-4.936503187591895e+22,-3.108290413219972e+33,-0.0,0.0,6719280128.0,50.0,60.0,35,0.0,0.0,10.0,2.0,0.0,0.0,0.0,0.0,0.0,0.0,0.0,0.0,0.0,0.0,0.0,0.0,59.2,54,11,65509,27,65476,1000,65476,1,0,4,20529,65476,0,0,30147,60.0,0.0,10.0,10.0,2.0,0.0
2026-02-16T12:26:49,ERR,ERR,ERR,ERR,ERR,ERR,ERR,ERR,ERR,ERR,ERR,ERR,ERR,ERR,ERR,ERR,ERR,ERR,ERR,ERR,ERR,ERR,ERR,ERR,ERR,ERR,ERR,ERR,ERR,ERR,ERR,ERR,ERR,ERR,ERR,ERR,ERR,ERR,ERR,ERR,ERR,ERR,ERR,ERR,ERR,ERR,ERR,ERR,ERR,ERR,ERR,ERR,ERR,ERR,ERR,ERR,ERR,ERR,ERR,ERR,ERR,ERR,ERR,ERR,ERR,ERR,ERR,ERR,ERR,ERR,ERR,ERR,ERR,ERR,ERR,ERR,ERR,ERR,ERR,ERR,ERR,ERR,ERR,ERR,ERR,ERR,ERR,ERR,ERR,ERR,ERR,ERR,ERR,ERR,ERR,ERR,ERR,ERR,ERR,ERR,ERR,ERR,ERR,ERR,ERR,ERR,ERR,ERR,ERR,ERR,ERR,ERR,ERR,ERR,ERR,ERR,ERR,ERR,ERR,ERR,ERR,ERR,ERR,ERR,ERR,0.0,-0.0,2.7420187948523476e+23,0.0,-0.0,-0.0,1.979,2.1398255551420397e+23,4300,0,8,17169,4300,0.0,41,0.0,0.0,0.0,0.0,2.7184166902131945e+23,0,0,0,0,0.0,0,0,0,0,0,0,0,0,0,0,0,0,0,0,0,0,0,0,0,0,0,0,0,0,0,0,0,0,0,0,0,0,0,8,38,37,45,65476,386,65476,1,0,4,21553,0.0,0.0,0.0,0.0,0.0,0.0,0.0,0.0,0.0,0.0,0.0,0.0,0.0,0.0,0.0,0.0,0.0,0.0,0.0,0.0,0.0,2.004,2.004,-0.0,2.004,0.0,0.0,0.0,0.0,0.0,6613.0,8608233472.0,0.0,0.0,-0.0,0.0,-0.0,0.0,0.0,2.004,2.004,229,-0.0,0.0,0.0,0.0,0.0,0.0,0.0,0.0,0.0,0,0,0,0.0,-0.0,-0.0,2.002380095838886e+35,-0.0,0.0,-5.7939769739479456e+20,-0.0,-946071732224.0,-1.4523675011553741e+26,-0.158,520279588864.0,0.0,0.0,0.0,-3852534284288.0,0,1.3516416376850534e+27,229,0.0,458,-621855232.0,-0.0,2114,0,17110,0,17112,0,17096,0,0,0,101,100,100,-0.0,64.8,-0.0,65.1,0.0,65.0,1,49,50,180,52429,52429,0,0,0.0,0.0,0.0,60.0,3171167091294208.0,71.0,0.0,0.0,0.0,1069,0,1069,0,0,0,1070,0,1080,0,1000,0,651,0,653,0,648,0,676,0.032,1.4609821306377965e+22,0.0,0.0,9360,16814,1.3018779454590157e+17,-4.936503187591895e+22,-3.108290413219972e+33,-0.0,0.0,6719280128.0,50.0,60.0,35,0.0,0.0,10.0,2.0,0.0,0.0,0.0,0.0,0.0,0.0,0.0,0.0,0.0,0.0,0.0,0.0,58.8,54,11,65509,27,65476,1000,65476,1,0,4,20529,65476,0,0,30147,60.0,0.0,10.0,10.0,2.0,0.0
2026-02-16T12:26:50,ERR,ERR,ERR,ERR,ERR,ERR,ERR,ERR,ERR,ERR,ERR,ERR,ERR,ERR,ERR,ERR,ERR,ERR,ERR,ERR,ERR,ERR,ERR,ERR,ERR,ERR,ERR,ERR,ERR,ERR,ERR,ERR,ERR,ERR,ERR,ERR,ERR,ERR,ERR,ERR,ERR,ERR,ERR,ERR,ERR,ERR,ERR,ERR,ERR,ERR,ERR,ERR,ERR,ERR,ERR,ERR,ERR,ERR,ERR,ERR,ERR,ERR,ERR,ERR,ERR,ERR,ERR,ERR,ERR,ERR,ERR,ERR,ERR,ERR,ERR,ERR,ERR,ERR,ERR,ERR,ERR,ERR,ERR,ERR,ERR,ERR,ERR,ERR,ERR,ERR,ERR,ERR,ERR,ERR,ERR,ERR,ERR,ERR,ERR,ERR,ERR,ERR,ERR,ERR,ERR,ERR,ERR,ERR,ERR,ERR,ERR,ERR,ERR,ERR,ERR,ERR,ERR,ERR,ERR,ERR,ERR,ERR,ERR,ERR,ERR,0.0,-0.0,2.7420187948523476e+23,0.0,-0.0,-0.0,1.979,2.1398255551420397e+23,4300,0,8,17169,4300,0.0,41,0.0,0.0,0.0,0.0,2.7184166902131945e+23,0,0,0,0,0.0,0,0,0,0,0,0,0,0,0,0,0,0,0,0,0,0,0,0,0,0,0,0,0,0,0,0,0,0,0,0,0,0,0,8,38,37,45,65476,386,65476,1,0,4,21553,0.0,0.0,0.0,0.0,0.0,0.0,0.0,0.0,0.0,0.0,0.0,0.0,0.0,0.0,0.0,0.0,0.0,0.0,0.0,0.0,0.0,2.004,2.004,-0.0,2.004,0.0,0.0,0.0,0.0,0.0,6613.0,8608233472.0,0.0,0.0,-0.0,0.0,-0.0,0.0,0.0,2.004,2.004,229,-0.0,0.0,0.0,0.0,0.0,0.0,0.0,0.0,0.0,0,0,0,0.0,-0.0,-0.0,2.002380095838886e+35,-0.0,0.0,-5.7939769739479456e+20,-0.0,-946071732224.0,-1.4523675011553741e+26,-0.158,520279588864.0,0.0,0.0,0.0,-3852534284288.0,0,1.3516416376850534e+27,229,0.0,458,-621855232.0,-0.0,2114,0,17110,0,17112,0,17096,0,0,0,101,100,100,-0.0,64.8,-0.0,65.1,0.0,65.0,1,49,50,180,52429,52429,0,0,0.0,0.0,0.0,60.0,1.6236375507426345e+18,71.0,0.0,-9.353377412113708e+19,0.0,1069,0,1069,0,0,0,1070,0,1080,0,1000,0,651,0,653,0,648,0,676,0.032,1.4536034330083127e+22,0.0,0.0,55696,16813,8864398.0,-9.353377412113708e+19,-38464.141,0.0,-2.283552506904576e+16,0.0,50.0,60.0,35,0.0,0.0,10.0,2.0,0.0,0.0,0.0,0.0,0.0,0.0,0.0,0.0,0.0,0.0,0.0,0.0,58.8,54,11,65509,27,65476,1000,65476,1,0,4,20529,65476,0,0,30147,60.0,0.0,10.0,10.0,2.0,0.0
2026-02-16T12:26:51,ERR,ERR,ERR,ERR,ERR,ERR,ERR,ERR,ERR,ERR,ERR,ERR,ERR,ERR,ERR,ERR,ERR,ERR,ERR,ERR,ERR,ERR,ERR,ERR,ERR,ERR,ERR,ERR,ERR,ERR,ERR,ERR,ERR,ERR,ERR,ERR,ERR,ERR,ERR,ERR,ERR,ERR,ERR,ERR,ERR,ERR,ERR,ERR,ERR,ERR,ERR,ERR,ERR,ERR,ERR,ERR,ERR,ERR,ERR,ERR,ERR,ERR,ERR,ERR,ERR,ERR,ERR,ERR,ERR,ERR,ERR,ERR,ERR,ERR,ERR,ERR,ERR,ERR,ERR,ERR,ERR,ERR,ERR,ERR,ERR,ERR,ERR,ERR,ERR,ERR,ERR,ERR,ERR,ERR,ERR,ERR,ERR,ERR,ERR,ERR,ERR,ERR,ERR,ERR,ERR,ERR,ERR,ERR,ERR,ERR,ERR,ERR,ERR,ERR,ERR,ERR,ERR,ERR,ERR,ERR,ERR,ERR,ERR,ERR,ERR,0.0,-0.0,2.7420187948523476e+23,0.0,-0.0,-0.0,1.979,2.1398255551420397e+23,4300,0,8,17169,4300,0.0,41,0.0,0.0,0.0,0.0,2.7184166902131945e+23,0,0,0,0,0.0,0,0,0,0,0,0,0,0,0,0,0,0,0,0,0,0,0,0,0,0,0,0,0,0,0,0,0,0,0,0,0,0,0,8,38,37,45,65476,386,65476,1,0,4,21553,0.0,0.0,0.0,0.0,0.0,0.0,0.0,0.0,0.0,0.0,0.0,0.0,0.0,0.0,0.0,0.0,0.0,0.0,0.0,0.0,0.0,2.004,2.004,-0.0,2.004,0.0,0.0,0.0,0.0,0.0,6613.0,8608233472.0,0.0,0.0,-0.0,0.0,-0.0,0.0,0.0,2.004,2.004,229,-0.0,0.0,0.0,0.0,0.0,0.0,0.0,0.0,0.0,0,0,0,0.0,-0.0,-0.0,2.002380095838886e+35,-0.0,0.0,-5.7939769739479456e+20,-0.0,-946071732224.0,-1.4523675011553741e+26,-0.158,520279588864.0,0.0,0.0,0.0,-3852534284288.0,0,1.3516416376850534e+27,229,0.0,458,-621855232.0,-0.0,2114,0,17110,0,17112,0,17096,0,0,0,101,100,100,-0.0,64.8,-0.0,65.1,0.0,65.0,1,49,50,180,52429,52429,0,0,0.0,0.0,0.0,60.0,1.6236375507426345e+18,71.0,0.0,-9.353377412113708e+19,0.0,1069,0,1069,0,0,0,1070,0,1080,0,1000,0,651,0,653,0,648,0,676,0.032,1.4536034330083127e+22,0.0,0.0,55696,16813,8864398.0,-9.353377412113708e+19,-38464.141,0.0,-2.283552506904576e+16,0.0,50.0,60.0,35,0.0,0.0,10.0,2.0,0.0,0.0,0.0,0.0,0.0,0.0,0.0,0.0,0.0,0.0,0.0,0.0,58.8,54,11,65509,27,65476,1000,65476,1,0,4,20529,65476,0,0,30147,60.0,0.0,10.0,10.0,2.0,0.0
2026-02-16T12:26:52,ERR,ERR,ERR,ERR,ERR,ERR,ERR,ERR,ERR,ERR,ERR,ERR,ERR,ERR,ERR,ERR,ERR,ERR,ERR,ERR,ERR,ERR,ERR,ERR,ERR,ERR,ERR,ERR,ERR,ERR,ERR,ERR,ERR,ERR,ERR,ERR,ERR,ERR,ERR,ERR,ERR,ERR,ERR,ERR,ERR,ERR,ERR,ERR,ERR,ERR,ERR,ERR,ERR,ERR,ERR,ERR,ERR,ERR,ERR,ERR,ERR,ERR,ERR,ERR,ERR,ERR,ERR,ERR,ERR,ERR,ERR,ERR,ERR,ERR,ERR,ERR,ERR,ERR,ERR,ERR,ERR,ERR,ERR,ERR,ERR,ERR,ERR,ERR,ERR,ERR,ERR,ERR,ERR,ERR,ERR,ERR,ERR,ERR,ERR,ERR,ERR,ERR,ERR,ERR,ERR,ERR,ERR,ERR,ERR,ERR,ERR,ERR,ERR,ERR,ERR,ERR,ERR,ERR,ERR,ERR,ERR,ERR,ERR,ERR,ERR,0.0,-0.0,2.7420187948523476e+23,0.0,-0.0,-0.0,1.979,2.1398255551420397e+23,4300,0,8,17169,4300,0.0,41,0.0,0.0,0.0,0.0,2.7184166902131945e+23,0,0,0,0,0.0,0,0,0,0,0,0,0,0,0,0,0,0,0,0,0,0,0,0,0,0,0,0,0,0,0,0,0,0,0,0,0,0,0,8,38,37,45,65476,386,65476,1,0,4,21553,0.0,0.0,0.0,0.0,0.0,0.0,0.0,0.0,0.0,0.0,0.0,0.0,0.0,0.0,0.0,0.0,0.0,0.0,0.0,0.0,0.0,2.004,2.004,-0.0,2.004,0.0,0.0,0.0,0.0,0.0,6613.0,8608233472.0,0.0,0.0,-0.0,0.0,-0.0,0.0,0.0,2.004,2.004,229,-0.0,0.0,0.0,0.0,0.0,0.0,0.0,0.0,0.0,0,0,0,0.0,-0.0,-0.0,2.002380095838886e+35,-0.0,0.0,-5.7939769739479456e+20,-0.0,-946071732224.0,-1.4523675011553741e+26,-0.158,520279588864.0,0.0,0.0,0.0,-3852534284288.0,0,1.3516416376850534e+27,229,0.0,458,-621855232.0,-0.0,2114,0,17110,0,17112,0,17096,0,0,0,101,100,100,-0.0,64.8,-0.0,65.1,0.0,65.0,1,49,50,180,52429,52429,0,0,0.0,0.0,0.0,60.0,1.6236375507426345e+18,71.0,0.0,-9.353377412113708e+19,0.0,1069,0,1069,0,0,0,1070,0,1080,0,1000,0,651,0,653,0,648,0,676,0.032,1.4536034330083127e+22,0.0,0.0,55696,16813,8864398.0,-9.353377412113708e+19,-38464.141,0.0,-2.283552506904576e+16,0.0,50.0,60.0,35,0.0,0.0,10.0,2.0,0.0,0.0,0.0,0.0,0.0,0.0,0.0,0.0,0.0,0.0,0.0,0.0,58.8,54,11,65509,27,65476,1000,65476,1,0,4,20529,65476,0,0,30147,60.0,0.0,10.0,10.0,2.0,0.0
2026-02-16T12:26:53,ERR,ERR,ERR,ERR,ERR,ERR,ERR,ERR,ERR,ERR,ERR,ERR,ERR,ERR,ERR,ERR,ERR,ERR,ERR,ERR,ERR,ERR,ERR,ERR,ERR,ERR,ERR,ERR,ERR,ERR,ERR,ERR,ERR,ERR,ERR,ERR,ERR,ERR,ERR,ERR,ERR,ERR,ERR,ERR,ERR,ERR,ERR,ERR,ERR,ERR,ERR,ERR,ERR,ERR,ERR,ERR,ERR,ERR,ERR,ERR,ERR,ERR,ERR,ERR,ERR,ERR,ERR,ERR,ERR,ERR,ERR,ERR,ERR,ERR,ERR,ERR,ERR,ERR,ERR,ERR,ERR,ERR,ERR,ERR,ERR,ERR,ERR,ERR,ERR,ERR,ERR,ERR,ERR,ERR,ERR,ERR,ERR,ERR,ERR,ERR,ERR,ERR,ERR,ERR,ERR,ERR,ERR,ERR,ERR,ERR,ERR,ERR,ERR,ERR,ERR,ERR,ERR,ERR,ERR,ERR,ERR,ERR,ERR,ERR,ERR,0.0,-0.0,0.0,0.0,0.0,3.797966925631496e+33,0.0,0.0,4300,0,8,17169,4300,0.0,41,0.0,0.0,0.0,0.0,2.7184166902131945e+23,0,0,0,0,0.0,0,0,0,0,0,0,0,0,0,0,0,0,0,0,0,0,0,0,0,0,0,0,0,0,0,0,0,0,0,0,0,0,0,7,38,37,45,65476,385,65476,1,0,4,21553,0.0,0.0,0.0,0.0,0.0,0.0,0.0,0.0,0.0,0.0,0.0,0.0,0.0,0.0,0.0,0.0,0.0,0.0,0.0,0.0,0.0,2.004,2.004,-0.0,3.697075302852618e+19,0.0,0.0,0.0,0.0,0.0,6616.0,-0.0,0.0,0.0,-0.0,0.0,-0.0,0.0,0.0,2.004,2.004,227,-0.0,0.0,0.0,0.0,0.0,0.0,0.0,0.0,0.0,0,0,0,0.0,-0.0,-0.0,0.0,-0.0,0.0,-8.850610032446042e+24,0.0,-0.0,-1.5369923085283982e+26,-0.17,546049392640.0,0.0,0.0,0.0,-7.636205897651004e+33,0,1.3516416376850534e+27,227,0.0,454,0.0,-109185136.0,2114,0,17110,0,17112,0,17096,0,0,0,101,100,100,-0.0,64.8,-0.0,65.1,0.0,65.0,1,49,50,180,52429,52429,0,0,0.0,0.0,0.0,60.0,6984.319,71.0,0.0,-0.0,0.0,1069,0,1069,0,0,0,1070,0,1080,0,1000,0,651,0,653,0,648,0,676,0.032,1.4609821306377965e+22,0.0,0.0,3216,16814,6984.319,-0.0,2735903866880.0,-0.0,6.62849200475973e+34,-0.0,50.0,60.0,35,0.0,0.0,10.0,2.0,0.0,0.0,0.0,0.0,0.0,0.0,0.0,0.0,0.0,0.0,0.0,0.0,58.8,54,11,65509,27,65476,1000,65476,1,0,4,20529,65476,0,0,30147,60.0,0.0,10.0,10.0,2.0,0.0
2026-02-16T12:26:54,ERR,ERR,ERR,ERR,ERR,ERR,ERR,ERR,ERR,ERR,ERR,ERR,ERR,ERR,ERR,ERR,ERR,ERR,ERR,ERR,ERR,ERR,ERR,ERR,ERR,ERR,ERR,ERR,ERR,ERR,ERR,ERR,ERR,ERR,ERR,ERR,ERR,ERR,ERR,ERR,ERR,ERR,ERR,ERR,ERR,ERR,ERR,ERR,ERR,ERR,ERR,ERR,ERR,ERR,ERR,ERR,ERR,ERR,ERR,ERR,ERR,ERR,ERR,ERR,ERR,ERR,ERR,ERR,ERR,ERR,ERR,ERR,ERR,ERR,ERR,ERR,ERR,ERR,ERR,ERR,ERR,ERR,ERR,ERR,ERR,ERR,ERR,ERR,ERR,ERR,ERR,ERR,ERR,ERR,ERR,ERR,ERR,ERR,ERR,ERR,ERR,ERR,ERR,ERR,ERR,ERR,ERR,ERR,ERR,ERR,ERR,ERR,ERR,ERR,ERR,ERR,ERR,ERR,ERR,ERR,ERR,ERR,ERR,ERR,ERR,0.0,-0.0,0.0,0.0,0.0,3.797966925631496e+33,0.0,0.0,4300,0,8,17169,4300,0.0,41,0.0,0.0,0.0,0.0,2.7184166902131945e+23,0,0,0,0,0.0,0,0,0,0,0,0,0,0,0,0,0,0,0,0,0,0,0,0,0,0,0,0,0,0,0,0,0,0,0,0,0,0,0,7,38,37,45,65476,385,65476,1,0,4,21553,0.0,0.0,0.0,0.0,0.0,0.0,0.0,0.0,0.0,0.0,0.0,0.0,0.0,0.0,0.0,0.0,0.0,0.0,0.0,0.0,0.0,2.004,2.004,-0.0,3.697075302852618e+19,0.0,0.0,0.0,0.0,0.0,6616.0,-0.0,0.0,0.0,-0.0,0.0,-0.0,0.0,0.0,2.004,2.004,227,-0.0,0.0,0.0,0.0,0.0,0.0,0.0,0.0,0.0,0,0,0,0.0,-0.0,-0.0,0.0,-0.0,0.0,-8.850610032446042e+24,0.0,-0.0,-1.5369923085283982e+26,-0.17,546049392640.0,0.0,0.0,0.0,-7.636205897651004e+33,0,1.3516416376850534e+27,227,0.0,454,0.0,-109185136.0,2114,0,17110,0,17112,0,17096,0,0,0,101,100,100,-0.0,64.8,-0.0,65.1,0.0,65.0,1,49,50,180,52429,52429,0,0,0.0,0.0,0.0,60.0,6984.319,71.0,0.0,-0.0,0.0,1069,0,1069,0,0,0,1070,0,1080,0,1000,0,651,0,653,0,648,0,676,0.032,1.4609821306377965e+22,0.0,0.0,3216,16814,6984.319,-0.0,2735903866880.0,-0.0,6.62849200475973e+34,-0.0,50.0,60.0,35,0.0,0.0,10.0,2.0,0.0,0.0,0.0,0.0,0.0,0.0,0.0,0.0,0.0,0.0,0.0,0.0,59.2,54,11,65509,27,65476,1000,65476,1,0,4,20529,65476,0,0,30147,60.0,0.0,10.0,10.0,2.0,0.0
2026-02-16T12:26:55,ERR,ERR,ERR,ERR,ERR,ERR,ERR,ERR,ERR,ERR,ERR,ERR,ERR,ERR,ERR,ERR,ERR,ERR,ERR,ERR,ERR,ERR,ERR,ERR,ERR,ERR,ERR,ERR,ERR,ERR,ERR,ERR,ERR,ERR,ERR,ERR,ERR,ERR,ERR,ERR,ERR,ERR,ERR,ERR,ERR,ERR,ERR,ERR,ERR,ERR,ERR,ERR,ERR,ERR,ERR,ERR,ERR,ERR,ERR,ERR,ERR,ERR,ERR,ERR,ERR,ERR,ERR,ERR,ERR,ERR,ERR,ERR,ERR,ERR,ERR,ERR,ERR,ERR,ERR,ERR,ERR,ERR,ERR,ERR,ERR,ERR,ERR,ERR,ERR,ERR,ERR,ERR,ERR,ERR,ERR,ERR,ERR,ERR,ERR,ERR,ERR,ERR,ERR,ERR,ERR,ERR,ERR,ERR,ERR,ERR,ERR,ERR,ERR,ERR,ERR,ERR,ERR,ERR,ERR,ERR,ERR,ERR,ERR,ERR,ERR,0.0,-0.0,0.0,0.0,0.0,3.797966925631496e+33,0.0,0.0,4300,0,8,17169,4300,0.0,41,0.0,0.0,0.0,0.0,2.7184166902131945e+23,0,0,0,0,0.0,0,0,0,0,0,0,0,0,0,0,0,0,0,0,0,0,0,0,0,0,0,0,0,0,0,0,0,0,0,0,0,0,0,7,38,37,45,65476,385,65476,1,0,4,21553,0.0,0.0,0.0,0.0,0.0,0.0,0.0,0.0,0.0,0.0,0.0,0.0,0.0,0.0,0.0,0.0,0.0,0.0,0.0,0.0,0.0,2.004,2.004,-0.0,3.697075302852618e+19,0.0,0.0,0.0,0.0,0.0,6616.0,-0.0,0.0,0.0,-0.0,0.0,-0.0,0.0,0.0,2.004,2.004,227,-0.0,0.0,0.0,0.0,0.0,0.0,0.0,0.0,0.0,0,0,0,0.0,-0.0,-0.0,0.0,-0.0,0.0,-8.850610032446042e+24,0.0,-0.0,-1.5369923085283982e+26,-0.17,546049392640.0,0.0,0.0,0.0,-7.636205897651004e+33,0,1.3516416376850534e+27,227,0.0,454,0.0,-109185136.0,2114,0,17110,0,17112,0,17096,0,0,0,101,100,100,-0.0,64.8,-0.0,65.1,0.0,65.0,1,49,50,180,52429,52429,0,0,0.0,0.0,0.0,60.0,6984.319,71.0,0.0,-0.0,0.0,1069,0,1069,0,0,0,1070,0,1080,0,1000,0,651,0,653,0,648,0,676,0.032,1.4609821306377965e+22,0.0,0.0,3216,16814,6984.319,-0.0,2735903866880.0,-0.0,6.62849200475973e+34,-0.0,50.0,60.0,35,0.0,0.0,10.0,2.0,0.0,0.0,0.0,0.0,0.0,0.0,0.0,0.0,0.0,0.0,0.0,0.0,59.2,54,11,65509,27,65476,1000,65476,1,0,4,20529,65476,0,0,30147,60.0,0.0,10.0,10.0,2.0,0.0
2026-02-16T12:26:56,ERR,ERR,ERR,ERR,ERR,ERR,ERR,ERR,ERR,ERR,ERR,ERR,ERR,ERR,ERR,ERR,ERR,ERR,ERR,ERR,ERR,ERR,ERR,ERR,ERR,ERR,ERR,ERR,ERR,ERR,ERR,ERR,ERR,ERR,ERR,ERR,ERR,ERR,ERR,ERR,ERR,ERR,ERR,ERR,ERR,ERR,ERR,ERR,ERR,ERR,ERR,ERR,ERR,ERR,ERR,ERR,ERR,ERR,ERR,ERR,ERR,ERR,ERR,ERR,ERR,ERR,ERR,ERR,ERR,ERR,ERR,ERR,ERR,ERR,ERR,ERR,ERR,ERR,ERR,ERR,ERR,ERR,ERR,ERR,ERR,ERR,ERR,ERR,ERR,ERR,ERR,ERR,ERR,ERR,ERR,ERR,ERR,ERR,ERR,ERR,ERR,ERR,ERR,ERR,ERR,ERR,ERR,ERR,ERR,ERR,ERR,ERR,ERR,ERR,ERR,ERR,ERR,ERR,ERR,ERR,ERR,ERR,ERR,ERR,ERR,0.0,-0.0,0.0,0.0,0.0,3.797966925631496e+33,0.0,0.0,4300,0,8,17169,4300,0.0,41,0.0,0.0,0.0,0.0,2.7184166902131945e+23,0,0,0,0,0.0,0,0,0,0,0,0,0,0,0,0,0,0,0,0,0,0,0,0,0,0,0,0,0,0,0,0,0,0,0,0,0,0,0,7,38,37,45,65476,385,65476,1,0,4,21553,0.0,0.0,0.0,0.0,0.0,0.0,0.0,0.0,0.0,0.0,0.0,0.0,0.0,0.0,0.0,0.0,0.0,0.0,0.0,0.0,0.0,2.004,2.004,-0.0,3.697075302852618e+19,0.0,0.0,0.0,0.0,0.0,6616.0,-0.0,0.0,0.0,-0.0,0.0,-0.0,0.0,0.0,2.004,2.004,227,-0.0,0.0,0.0,0.0,0.0,0.0,0.0,0.0,0.0,0,0,0,0.0,-0.0,-0.0,0.0,-0.0,0.0,-8.850610032446042e+24,0.0,-0.0,-1.5369923085283982e+26,-0.17,546049392640.0,0.0,0.0,0.0,-7.636205897651004e+33,0,1.3516416376850534e+27,227,0.0,454,0.0,-109185136.0,2114,0,17110,0,17112,0,17096,0,0,0,101,100,100,-0.0,64.8,-0.0,65.1,0.0,65.0,1,49,50,180,52429,52429,0,0,0.0,0.0,0.0,60.0,134283343691776.0,71.0,0.0,0.0,0.0,1069,0,1069,0,0,0,1070,0,1080,0,1000,0,651,0,653,0,648,0,676,0.032,1.4536034330083127e+22,0.0,0.0,400,16814,1.0855081016557568e+16,0.0,-53805204.0,-0.0,0.0,0.0,50.0,60.0,35,0.0,0.0,10.0,2.0,0.0,0.0,0.0,0.0,0.0,0.0,0.0,0.0,0.0,0.0,0.0,0.0,59.2,54,12,65509,27,65476,1000,65476,1,0,4,20529,65476,0,0,30147,60.0,0.0,10.0,10.0,2.0,0.0
2026-02-16T12:26:57,ERR,ERR,ERR,ERR,ERR,ERR,ERR,ERR,ERR,ERR,ERR,ERR,ERR,ERR,ERR,ERR,ERR,ERR,ERR,ERR,ERR,ERR,ERR,ERR,ERR,ERR,ERR,ERR,ERR,ERR,ERR,ERR,ERR,ERR,ERR,ERR,ERR,ERR,ERR,ERR,ERR,ERR,ERR,ERR,ERR,ERR,ERR,ERR,ERR,ERR,ERR,ERR,ERR,ERR,ERR,ERR,ERR,ERR,ERR,ERR,ERR,ERR,ERR,ERR,ERR,ERR,ERR,ERR,ERR,ERR,ERR,ERR,ERR,ERR,ERR,ERR,ERR,ERR,ERR,ERR,ERR,ERR,ERR,ERR,ERR,ERR,ERR,ERR,ERR,ERR,ERR,ERR,ERR,ERR,ERR,ERR,ERR,ERR,ERR,ERR,ERR,ERR,ERR,ERR,ERR,ERR,ERR,ERR,ERR,ERR,ERR,ERR,ERR,ERR,ERR,ERR,ERR,ERR,ERR,ERR,ERR,ERR,ERR,ERR,ERR,0.0,-0.0,0.0,0.0,0.0,0.0,-0.0,2.3158526737166906e+25,4300,0,8,17169,4300,0.0,41,0.0,0.0,0.0,0.0,2.7184166902131945e+23,0,0,0,0,0.0,0,0,0,0,0,0,0,0,0,0,0,0,0,0,0,0,0,0,0,0,0,0,0,0,0,0,0,0,0,0,0,0,0,7,38,37,45,65476,382,65476,1,0,4,21553,0.0,0.0,0.0,0.0,0.0,0.0,0.0,0.0,0.0,0.0,0.0,0.0,0.0,0.0,0.0,0.0,0.0,0.0,0.0,0.0,0.0,2.004,2.004,-2.004,2.004,0.0,0.0,0.0,0.0,0.0,6615.0,-0.0,0.0,0.0,-0.0,0.0,-0.0,0.0,0.0,2.004,2.004,228,-0.0,107615264.0,0.0,0.0,0.0,0.0,0.0,0.0,0.0,0,0,0,-5.591606209478476e+26,0.0,-0.0,1.9544448074379407e+37,-0.0,0.0,-0.0,5.358735967371139e+30,-0.0,-1.6716306663038265e+26,-0.183,598177546240.0,0.0,0.0,0.0,-2.504,0,1.3516416376850534e+27,228,0.0,456,-621855232.0,-0.0,2114,0,17110,0,17112,0,17096,0,0,0,101,100,100,-0.0,64.8,-0.0,65.1,0.0,65.0,1,49,50,180,52429,52429,0,0,0.0,0.0,0.0,60.0,134283343691776.0,71.0,0.0,0.0,0.0,1069,0,1069,0,0,0,1070,0,1080,0,1000,0,651,0,653,0,648,0,676,0.032,1.4536034330083127e+22,0.0,0.0,400,16814,1.0855081016557568e+16,0.0,-53805204.0,-0.0,0.0,0.0,50.0,60.0,35,0.0,0.0,10.0,2.0,0.0,0.0,0.0,0.0,0.0,0.0,0.0,0.0,0.0,0.0,0.0,0.0,58.8,54,12,65509,27,65476,1000,65476,1,0,4,20529,65476,0,0,30147,60.0,0.0,10.0,10.0,2.0,0.0
2026-02-16T12:26:58,ERR,ERR,ERR,ERR,ERR,ERR,ERR,ERR,ERR,ERR,ERR,ERR,ERR,ERR,ERR,ERR,ERR,ERR,ERR,ERR,ERR,ERR,ERR,ERR,ERR,ERR,ERR,ERR,ERR,ERR,ERR,ERR,ERR,ERR,ERR,ERR,ERR,ERR,ERR,ERR,ERR,ERR,ERR,ERR,ERR,ERR,ERR,ERR,ERR,ERR,ERR,ERR,ERR,ERR,ERR,ERR,ERR,ERR,ERR,ERR,ERR,ERR,ERR,ERR,ERR,ERR,ERR,ERR,ERR,ERR,ERR,ERR,ERR,ERR,ERR,ERR,ERR,ERR,ERR,ERR,ERR,ERR,ERR,ERR,ERR,ERR,ERR,ERR,ERR,ERR,ERR,ERR,ERR,ERR,ERR,ERR,ERR,ERR,ERR,ERR,ERR,ERR,ERR,ERR,ERR,ERR,ERR,ERR,ERR,ERR,ERR,ERR,ERR,ERR,ERR,ERR,ERR,ERR,ERR,ERR,ERR,ERR,ERR,ERR,ERR,0.0,-0.0,0.0,0.0,0.0,0.0,-0.0,2.3158526737166906e+25,4300,0,8,17169,4300,0.0,41,0.0,0.0,0.0,0.0,2.7184166902131945e+23,0,0,0,0,0.0,0,0,0,0,0,0,0,0,0,0,0,0,0,0,0,0,0,0,0,0,0,0,0,0,0,0,0,0,0,0,0,0,0,7,38,37,45,65476,382,65476,1,0,4,21553,0.0,0.0,0.0,0.0,0.0,0.0,0.0,0.0,0.0,0.0,0.0,0.0,0.0,0.0,0.0,0.0,0.0,0.0,0.0,0.0,0.0,2.004,2.004,-2.004,2.004,0.0,0.0,0.0,0.0,0.0,6615.0,-0.0,0.0,0.0,-0.0,0.0,-0.0,0.0,0.0,2.004,2.004,228,-0.0,107615264.0,0.0,0.0,0.0,0.0,0.0,0.0,0.0,0,0,0,-5.591606209478476e+26,0.0,-0.0,1.9544448074379407e+37,-0.0,0.0,-0.0,5.358735967371139e+30,-0.0,-1.6716306663038265e+26,-0.183,598177546240.0,0.0,0.0,0.0,-2.504,0,1.3516416376850534e+27,228,0.0,456,-621855232.0,-0.0,2114,0,17110,0,17112,0,17096,0,0,0,101,100,100,-0.0,64.8,-0.0,65.1,0.0,65.0,1,49,50,180,52429,52429,0,0,0.0,0.0,0.0,60.0,134283343691776.0,71.0,0.0,0.0,0.0,1069,0,1069,0,0,0,1070,0,1080,0,1000,0,651,0,653,0,648,0,676,0.032,1.4536034330083127e+22,0.0,0.0,400,16814,1.0855081016557568e+16,0.0,-53805204.0,-0.0,0.0,0.0,50.0,60.0,35,0.0,0.0,10.0,2.0,0.0,0.0,0.0,0.0,0.0,0.0,0.0,0.0,0.0,0.0,0.0,0.0,58.8,54,12,65509,27,65476,1000,65476,1,0,4,20529,65476,0,0,30147,60.0,0.0,10.0,10.0,2.0,0.0
2026-02-16T12:26:59,ERR,ERR,ERR,ERR,ERR,ERR,ERR,ERR,ERR,ERR,ERR,ERR,ERR,ERR,ERR,ERR,ERR,ERR,ERR,ERR,ERR,ERR,ERR,ERR,ERR,ERR,ERR,ERR,ERR,ERR,ERR,ERR,ERR,ERR,ERR,ERR,ERR,ERR,ERR,ERR,ERR,ERR,ERR,ERR,ERR,ERR,ERR,ERR,ERR,ERR,ERR,ERR,ERR,ERR,ERR,ERR,ERR,ERR,ERR,ERR,ERR,ERR,ERR,ERR,ERR,ERR,ERR,ERR,ERR,ERR,ERR,ERR,ERR,ERR,ERR,ERR,ERR,ERR,ERR,ERR,ERR,ERR,ERR,ERR,ERR,ERR,ERR,ERR,ERR,ERR,ERR,ERR,ERR,ERR,ERR,ERR,ERR,ERR,ERR,ERR,ERR,ERR,ERR,ERR,ERR,ERR,ERR,ERR,ERR,ERR,ERR,ERR,ERR,ERR,ERR,ERR,ERR,ERR,ERR,ERR,ERR,ERR,ERR,ERR,ERR,0.0,-0.0,0.0,0.0,0.0,0.0,-0.0,2.3158526737166906e+25,4300,0,8,17169,4300,0.0,41,0.0,0.0,0.0,0.0,2.7184166902131945e+23,0,0,0,0,0.0,0,0,0,0,0,0,0,0,0,0,0,0,0,0,0,0,0,0,0,0,0,0,0,0,0,0,0,0,0,0,0,0,0,7,38,37,45,65476,382,65476,1,0,4,21553,0.0,0.0,0.0,0.0,0.0,0.0,0.0,0.0,0.0,0.0,0.0,0.0,0.0,0.0,0.0,0.0,0.0,0.0,0.0,0.0,0.0,2.004,2.004,-2.004,2.004,0.0,0.0,0.0,0.0,0.0,6615.0,-0.0,0.0,0.0,-0.0,0.0,-0.0,0.0,0.0,2.004,2.004,228,-0.0,107615264.0,0.0,0.0,0.0,0.0,0.0,0.0,0.0,0,0,0,-5.591606209478476e+26,0.0,-0.0,1.9544448074379407e+37,-0.0,0.0,-0.0,5.358735967371139e+30,-0.0,-1.6716306663038265e+26,-0.183,598177546240.0,0.0,0.0,0.0,-2.504,0,1.3516416376850534e+27,228,0.0,456,-621855232.0,-0.0,2114,0,17110,0,17112,0,17096,0,0,0,101,100,100,-0.0,64.8,-0.0,65.1,0.0,65.0,1,49,50,180,52429,52429,0,0,0.0,0.0,0.0,60.0,134283343691776.0,71.0,0.0,0.0,0.0,1069,0,1069,0,0,0,1070,0,1080,0,1000,0,651,0,653,0,648,0,676,0.032,1.4536034330083127e+22,0.0,0.0,400,16814,1.0855081016557568e+16,0.0,-53805204.0,-0.0,0.0,0.0,50.0,60.0,35,0.0,0.0,10.0,2.0,0.0,0.0,0.0,0.0,0.0,0.0,0.0,0.0,0.0,0.0,0.0,0.0,58.8,54,12,65509,27,65476,1000,65476,1,0,4,20529,65476,0,0,30147,60.0,0.0,10.0,10.0,2.0,0.0
2026-02-16T12:27:00,ERR,ERR,ERR,ERR,ERR,ERR,ERR,ERR,ERR,ERR,ERR,ERR,ERR,ERR,ERR,ERR,ERR,ERR,ERR,ERR,ERR,ERR,ERR,ERR,ERR,ERR,ERR,ERR,ERR,ERR,ERR,ERR,ERR,ERR,ERR,ERR,ERR,ERR,ERR,ERR,ERR,ERR,ERR,ERR,ERR,ERR,ERR,ERR,ERR,ERR,ERR,ERR,ERR,ERR,ERR,ERR,ERR,ERR,ERR,ERR,ERR,ERR,ERR,ERR,ERR,ERR,ERR,ERR,ERR,ERR,ERR,ERR,ERR,ERR,ERR,ERR,ERR,ERR,ERR,ERR,ERR,ERR,ERR,ERR,ERR,ERR,ERR,ERR,ERR,ERR,ERR,ERR,ERR,ERR,ERR,ERR,ERR,ERR,ERR,ERR,ERR,ERR,ERR,ERR,ERR,ERR,ERR,ERR,ERR,ERR,ERR,ERR,ERR,ERR,ERR,ERR,ERR,ERR,ERR,ERR,ERR,ERR,ERR,ERR,ERR,0.0,-0.0,0.0,0.0,0.0,0.0,-0.0,2.3158526737166906e+25,4300,0,8,17169,4300,0.0,41,0.0,0.0,0.0,0.0,2.7184166902131945e+23,0,0,0,0,0.0,0,0,0,0,0,0,0,0,0,0,0,0,0,0,0,0,0,0,0,0,0,0,0,0,0,0,0,0,0,0,0,0,0,7,38,37,45,65476,382,65476,1,0,4,21553,0.0,0.0,0.0,0.0,0.0,0.0,0.0,0.0,0.0,0.0,0.0,0.0,0.0,0.0,0.0,0.0,0.0,0.0,0.0,0.0,0.0,2.004,2.004,-2.004,2.004,0.0,0.0,0.0,0.0,0.0,6615.0,-0.0,0.0,0.0,-0.0,0.0,-0.0,0.0,0.0,2.004,2.004,228,-0.0,107615264.0,0.0,0.0,0.0,0.0,0.0,0.0,0.0,0,0,0,-5.591606209478476e+26,0.0,-0.0,1.9544448074379407e+37,-0.0,0.0,-0.0,5.358735967371139e+30,-0.0,-1.6716306663038265e+26,-0.183,598177546240.0,0.0,0.0,0.0,-2.504,0,1.3516416376850534e+27,228,0.0,456,-621855232.0,-0.0,2114,0,17110,0,17112,0,17096,0,0,0,101,100,100,-0.0,64.8,-0.0,65.1,0.0,65.0,1,49,50,180,52429,52429,0,0,0.0,0.0,0.0,60.0,0.027,71.0,0.0,1717483333484544.0,0.0,1069,0,1069,0,0,0,1070,0,1080,0,1000,0,651,0,653,0,648,0,676,0.032,1.4609821306377965e+22,0.0,0.0,1936,16814,0.027,1717483333484544.0,-1.680231826964031e+37,-0.0,0.0,31977394176.0,50.0,60.0,35,0.0,0.0,10.0,2.0,0.0,0.0,0.0,0.0,0.0,0.0,0.0,0.0,0.0,0.0,0.0,0.0,58.8,54,12,65509,27,65476,1000,65476,1,0,4,20529,65476,0,0,30147,60.0,0.0,10.0,10.0,2.0,0.0
2026-02-16T12:27:01,ERR,ERR,ERR,ERR,ERR,ERR,ERR,ERR,ERR,ERR,ERR,ERR,ERR,ERR,ERR,ERR,ERR,ERR,ERR,ERR,ERR,ERR,ERR,ERR,ERR,ERR,ERR,ERR,ERR,ERR,ERR,ERR,ERR,ERR,ERR,ERR,ERR,ERR,ERR,ERR,ERR,ERR,ERR,ERR,ERR,ERR,ERR,ERR,ERR,ERR,ERR,ERR,ERR,ERR,ERR,ERR,ERR,ERR,ERR,ERR,ERR,ERR,ERR,ERR,ERR,ERR,ERR,ERR,ERR,ERR,ERR,ERR,ERR,ERR,ERR,ERR,ERR,ERR,ERR,ERR,ERR,ERR,ERR,ERR,ERR,ERR,ERR,ERR,ERR,ERR,ERR,ERR,ERR,ERR,ERR,ERR,ERR,ERR,ERR,ERR,ERR,ERR,ERR,ERR,ERR,ERR,ERR,ERR,ERR,ERR,ERR,ERR,ERR,ERR,ERR,ERR,ERR,ERR,ERR,ERR,ERR,ERR,ERR,ERR,ERR,0.0,-0.0,0.0,0.0,0.0,0.0,-0.0,2.3158526737166906e+25,4300,0,8,17169,4300,0.0,41,0.0,0.0,0.0,0.0,2.7184166902131945e+23,0,0,0,0,0.0,0,0,0,0,0,0,0,0,0,0,0,0,0,0,0,0,0,0,0,0,0,0,0,0,0,0,0,0,0,0,0,0,0,7,38,37,45,65476,382,65476,1,0,4,21553,0.0,0.0,0.0,0.0,0.0,0.0,0.0,0.0,0.0,0.0,0.0,0.0,0.0,0.0,0.0,0.0,0.0,0.0,0.0,0.0,0.0,2.004,2.004,-2.004,2.004,0.0,0.0,0.0,0.0,0.0,6615.0,-0.0,0.0,0.0,-0.0,0.0,-0.0,0.0,0.0,2.004,2.004,228,-0.0,107615264.0,0.0,0.0,0.0,0.0,0.0,0.0,0.0,0,0,0,-5.591606209478476e+26,0.0,-0.0,1.9544448074379407e+37,-0.0,0.0,-0.0,5.358735967371139e+30,-0.0,-1.6716306663038265e+26,-0.183,598177546240.0,0.0,0.0,0.0,-2.504,0,1.3516416376850534e+27,228,0.0,456,-621855232.0,-0.0,2114,0,17110,0,17112,0,17096,0,0,0,101,100,100,-0.0,64.8,-0.0,65.1,0.0,65.0,1,49,50,180,52429,52429,0,0,0.0,0.0,0.0,60.0,0.027,71.0,0.0,1717483333484544.0,0.0,1069,0,1069,0,0,0,1070,0,1080,0,1000,0,651,0,653,0,648,0,676,0.032,1.4609821306377965e+22,0.0,0.0,1936,16814,0.027,1717483333484544.0,-1.680231826964031e+37,-0.0,0.0,31977394176.0,50.0,60.0,35,0.0,0.0,10.0,2.0,0.0,0.0,0.0,0.0,0.0,0.0,0.0,0.0,0.0,0.0,0.0,0.0,59.2,54,12,65509,27,65476,1000,65476,1,0,4,20529,65476,0,0,30147,60.0,0.0,10.0,10.0,2.0,0.0
2026-02-16T12:27:02,ERR,ERR,ERR,ERR,ERR,ERR,ERR,ERR,ERR,ERR,ERR,ERR,ERR,ERR,ERR,ERR,ERR,ERR,ERR,ERR,ERR,ERR,ERR,ERR,ERR,ERR,ERR,ERR,ERR,ERR,ERR,ERR,ERR,ERR,ERR,ERR,ERR,ERR,ERR,ERR,ERR,ERR,ERR,ERR,ERR,ERR,ERR,ERR,ERR,ERR,ERR,ERR,ERR,ERR,ERR,ERR,ERR,ERR,ERR,ERR,ERR,ERR,ERR,ERR,ERR,ERR,ERR,ERR,ERR,ERR,ERR,ERR,ERR,ERR,ERR,ERR,ERR,ERR,ERR,ERR,ERR,ERR,ERR,ERR,ERR,ERR,ERR,ERR,ERR,ERR,ERR,ERR,ERR,ERR,ERR,ERR,ERR,ERR,ERR,ERR,ERR,ERR,ERR,ERR,ERR,ERR,ERR,ERR,ERR,ERR,ERR,ERR,ERR,ERR,ERR,ERR,ERR,ERR,ERR,ERR,ERR,ERR,ERR,ERR,ERR,0.0,-0.0,0.0,0.0,0.0,0.0,0.019,-0.0,4300,0,8,17169,4300,0.0,41,0.0,0.0,0.0,0.0,2.7184166902131945e+23,0,0,0,0,0.0,0,0,0,0,0,0,0,0,0,0,0,0,0,0,0,0,0,0,0,0,0,0,0,0,0,0,0,0,0,0,0,0,0,7,38,37,45,65476,381,65476,1,0,4,21553,0.0,0.0,0.0,0.0,0.0,0.0,0.0,0.0,0.0,0.0,0.0,0.0,0.0,0.0,0.0,0.0,0.0,0.0,0.0,0.0,0.0,2.004,2.004,-0.0,2.004,0.0,0.0,0.0,0.0,0.0,6617.0,-2.4230023160510894e+24,0.0,0.0,-0.0,0.0,-0.0,0.0,0.0,2.004,2.004,229,-0.0,3.222024903336656e+26,0.0,0.0,0.0,0.0,0.0,0.0,0.0,0,0,0,0.0,-0.0,-0.0,7.941608176408393e+21,-0.0,0.0,2.3486231308104528e+32,1.824414737359739e+31,4.403182204529134e+28,-1.816701764657582e+26,-0.196,649717153792.0,0.0,0.0,0.0,-0.0,0,1.3516416376850534e+27,229,0.0,458,-621855232.0,-0.0,2114,0,17110,0,17112,0,17096,0,0,0,101,100,100,-0.0,64.8,-0.0,65.1,0.0,65.0,1,49,50,180,52429,52429,0,0,0.0,0.0,0.0,60.0,0.027,71.0,0.0,1717483333484544.0,0.0,1069,0,1069,0,0,0,1070,0,1080,0,1000,0,651,0,653,0,648,0,676,0.032,1.4609821306377965e+22,0.0,0.0,1936,16814,0.027,1717483333484544.0,-1.680231826964031e+37,-0.0,0.0,31977394176.0,50.0,60.0,35,0.0,0.0,10.0,2.0,0.0,0.0,0.0,0.0,0.0,0.0,0.0,0.0,0.0,0.0,0.0,0.0,58.8,54,12,65509,27,65476,1000,65476,1,0,4,20529,65476,0,0,30147,60.0,0.0,10.0,10.0,2.0,0.0
2026-02-16T12:27:03,ERR,ERR,ERR,ERR,ERR,ERR,ERR,ERR,ERR,ERR,ERR,ERR,ERR,ERR,ERR,ERR,ERR,ERR,ERR,ERR,ERR,ERR,ERR,ERR,ERR,ERR,ERR,ERR,ERR,ERR,ERR,ERR,ERR,ERR,ERR,ERR,ERR,ERR,ERR,ERR,ERR,ERR,ERR,ERR,ERR,ERR,ERR,ERR,ERR,ERR,ERR,ERR,ERR,ERR,ERR,ERR,ERR,ERR,ERR,ERR,ERR,ERR,ERR,ERR,ERR,ERR,ERR,ERR,ERR,ERR,ERR,ERR,ERR,ERR,ERR,ERR,ERR,ERR,ERR,ERR,ERR,ERR,ERR,ERR,ERR,ERR,ERR,ERR,ERR,ERR,ERR,ERR,ERR,ERR,ERR,ERR,ERR,ERR,ERR,ERR,ERR,ERR,ERR,ERR,ERR,ERR,ERR,ERR,ERR,ERR,ERR,ERR,ERR,ERR,ERR,ERR,ERR,ERR,ERR,ERR,ERR,ERR,ERR,ERR,ERR,0.0,-0.0,0.0,0.0,0.0,0.0,0.019,-0.0,4300,0,8,17169,4300,0.0,41,0.0,0.0,0.0,0.0,2.7184166902131945e+23,0,0,0,0,0.0,0,0,0,0,0,0,0,0,0,0,0,0,0,0,0,0,0,0,0,0,0,0,0,0,0,0,0,0,0,0,0,0,0,7,38,37,45,65476,381,65476,1,0,4,21553,0.0,0.0,0.0,0.0,0.0,0.0,0.0,0.0,0.0,0.0,0.0,0.0,0.0,0.0,0.0,0.0,0.0,0.0,0.0,0.0,0.0,2.004,2.004,-0.0,2.004,0.0,0.0,0.0,0.0,0.0,6617.0,-2.4230023160510894e+24,0.0,0.0,-0.0,0.0,-0.0,0.0,0.0,2.004,2.004,229,-0.0,3.222024903336656e+26,0.0,0.0,0.0,0.0,0.0,0.0,0.0,0,0,0,0.0,-0.0,-0.0,7.941608176408393e+21,-0.0,0.0,2.3486231308104528e+32,1.824414737359739e+31,4.403182204529134e+28,-1.816701764657582e+26,-0.196,649717153792.0,0.0,0.0,0.0,-0.0,0,1.3516416376850534e+27,229,0.0,458,-621855232.0,-0.0,2114,0,17110,0,17112,0,17096,0,0,0,101,100,100,-0.0,64.8,-0.0,65.1,0.0,65.0,1,49,50,180,52429,52429,0,0,0.0,0.0,0.0,60.0,1.557,71.0,0.0,0.0,0.0,1069,0,1069,0,0,0,1070,0,1080,0,1000,0,651,0,653,0,648,0,676,0.032,1.4609821306377965e+22,0.0,0.0,53904,16813,525352.875,1.477802726480937e+17,0.0,0.004,0.411,1.0042798013435613e+29,50.0,60.0,35,0.0,0.0,10.0,2.0,0.0,0.0,0.0,0.0,0.0,0.0,0.0,0.0,0.0,0.0,0.0,0.0,58.8,54,12,65509,27,65476,1000,65476,1,0,4,20529,65476,0,0,30147,60.0,0.0,10.0,10.0,2.0,0.0
2026-02-16T12:27:04,ERR,ERR,ERR,ERR,ERR,ERR,ERR,ERR,ERR,ERR,ERR,ERR,ERR,ERR,ERR,ERR,ERR,ERR,ERR,ERR,ERR,ERR,ERR,ERR,ERR,ERR,ERR,ERR,ERR,ERR,ERR,ERR,ERR,ERR,ERR,ERR,ERR,ERR,ERR,ERR,ERR,ERR,ERR,ERR,ERR,ERR,ERR,ERR,ERR,ERR,ERR,ERR,ERR,ERR,ERR,ERR,ERR,ERR,ERR,ERR,ERR,ERR,ERR,ERR,ERR,ERR,ERR,ERR,ERR,ERR,ERR,ERR,ERR,ERR,ERR,ERR,ERR,ERR,ERR,ERR,ERR,ERR,ERR,ERR,ERR,ERR,ERR,ERR,ERR,ERR,ERR,ERR,ERR,ERR,ERR,ERR,ERR,ERR,ERR,ERR,ERR,ERR,ERR,ERR,ERR,ERR,ERR,ERR,ERR,ERR,ERR,ERR,ERR,ERR,ERR,ERR,ERR,ERR,ERR,ERR,ERR,ERR,ERR,ERR,ERR,0.0,-0.0,0.0,0.0,0.0,0.0,0.019,-0.0,4300,0,8,17169,4300,0.0,41,0.0,0.0,0.0,0.0,2.7184166902131945e+23,0,0,0,0,0.0,0,0,0,0,0,0,0,0,0,0,0,0,0,0,0,0,0,0,0,0,0,0,0,0,0,0,0,0,0,0,0,0,0,7,38,37,45,65476,381,65476,1,0,4,21553,0.0,0.0,0.0,0.0,0.0,0.0,0.0,0.0,0.0,0.0,0.0,0.0,0.0,0.0,0.0,0.0,0.0,0.0,0.0,0.0,0.0,2.004,2.004,-0.0,2.004,0.0,0.0,0.0,0.0,0.0,6617.0,-2.4230023160510894e+24,0.0,0.0,-0.0,0.0,-0.0,0.0,0.0,2.004,2.004,229,-0.0,3.222024903336656e+26,0.0,0.0,0.0,0.0,0.0,0.0,0.0,0,0,0,0.0,-0.0,-0.0,7.941608176408393e+21,-0.0,0.0,2.3486231308104528e+32,1.824414737359739e+31,4.403182204529134e+28,-1.816701764657582e+26,-0.196,649717153792.0,0.0,0.0,0.0,-0.0,0,1.3516416376850534e+27,229,0.0,458,-621855232.0,-0.0,2114,0,17110,0,17112,0,17096,0,0,0,101,100,100,-0.0,64.8,-0.0,65.1,0.0,65.0,1,49,50,180,52429,52429,0,0,0.0,0.0,0.0,60.0,1.557,71.0,0.0,0.0,0.0,1069,0,1069,0,0,0,1070,0,1080,0,1000,0,651,0,653,0,648,0,676,0.032,1.4609821306377965e+22,0.0,0.0,53904,16813,525352.875,1.477802726480937e+17,0.0,0.004,0.411,1.0042798013435613e+29,50.0,60.0,35,0.0,0.0,10.0,2.0,0.0,0.0,0.0,0.0,0.0,0.0,0.0,0.0,0.0,0.0,0.0,0.0,58.8,54,12,65509,27,65476,1000,65476,1,0,4,20529,65476,0,0,30147,60.0,0.0,10.0,10.0,2.0,0.0
2026-02-16T12:27:05,ERR,ERR,ERR,ERR,ERR,ERR,ERR,ERR,ERR,ERR,ERR,ERR,ERR,ERR,ERR,ERR,ERR,ERR,ERR,ERR,ERR,ERR,ERR,ERR,ERR,ERR,ERR,ERR,ERR,ERR,ERR,ERR,ERR,ERR,ERR,ERR,ERR,ERR,ERR,ERR,ERR,ERR,ERR,ERR,ERR,ERR,ERR,ERR,ERR,ERR,ERR,ERR,ERR,ERR,ERR,ERR,ERR,ERR,ERR,ERR,ERR,ERR,ERR,ERR,ERR,ERR,ERR,ERR,ERR,ERR,ERR,ERR,ERR,ERR,ERR,ERR,ERR,ERR,ERR,ERR,ERR,ERR,ERR,ERR,ERR,ERR,ERR,ERR,ERR,ERR,ERR,ERR,ERR,ERR,ERR,ERR,ERR,ERR,ERR,ERR,ERR,ERR,ERR,ERR,ERR,ERR,ERR,ERR,ERR,ERR,ERR,ERR,ERR,ERR,ERR,ERR,ERR,ERR,ERR,ERR,ERR,ERR,ERR,ERR,ERR,0.0,-0.0,0.0,0.0,0.0,0.0,0.019,-0.0,4300,0,8,17169,4300,0.0,41,0.0,0.0,0.0,0.0,2.7184166902131945e+23,0,0,0,0,0.0,0,0,0,0,0,0,0,0,0,0,0,0,0,0,0,0,0,0,0,0,0,0,0,0,0,0,0,0,0,0,0,0,0,7,38,37,45,65476,381,65476,1,0,4,21553,0.0,0.0,0.0,0.0,0.0,0.0,0.0,0.0,0.0,0.0,0.0,0.0,0.0,0.0,0.0,0.0,0.0,0.0,0.0,0.0,0.0,2.004,2.004,-0.0,2.004,0.0,0.0,0.0,0.0,0.0,6617.0,-2.4230023160510894e+24,0.0,0.0,-0.0,0.0,-0.0,0.0,0.0,2.004,2.004,229,-0.0,3.222024903336656e+26,0.0,0.0,0.0,0.0,0.0,0.0,0.0,0,0,0,0.0,-0.0,-0.0,7.941608176408393e+21,-0.0,0.0,2.3486231308104528e+32,1.824414737359739e+31,4.403182204529134e+28,-1.816701764657582e+26,-0.196,649717153792.0,0.0,0.0,0.0,-0.0,0,1.3516416376850534e+27,229,0.0,458,-621855232.0,-0.0,2114,0,17110,0,17112,0,17096,0,0,0,101,100,100,-0.0,64.8,-0.0,65.1,0.0,65.0,1,49,50,180,52429,52429,0,0,0.0,0.0,0.0,60.0,1.557,71.0,0.0,0.0,0.0,1069,0,1069,0,0,0,1070,0,1080,0,1000,0,651,0,653,0,648,0,676,0.032,1.4609821306377965e+22,0.0,0.0,53904,16813,525352.875,1.477802726480937e+17,0.0,0.004,0.411,1.0042798013435613e+29,50.0,60.0,35,0.0,0.0,10.0,2.0,0.0,0.0,0.0,0.0,0.0,0.0,0.0,0.0,0.0,0.0,0.0,0.0,58.8,54,12,65509,27,65476,1000,65476,1,0,4,20529,65476,0,0,30147,60.0,0.0,10.0,10.0,2.0,0.0
2026-02-16T12:27:06,ERR,ERR,ERR,ERR,ERR,ERR,ERR,ERR,ERR,ERR,ERR,ERR,ERR,ERR,ERR,ERR,ERR,ERR,ERR,ERR,ERR,ERR,ERR,ERR,ERR,ERR,ERR,ERR,ERR,ERR,ERR,ERR,ERR,ERR,ERR,ERR,ERR,ERR,ERR,ERR,ERR,ERR,ERR,ERR,ERR,ERR,ERR,ERR,ERR,ERR,ERR,ERR,ERR,ERR,ERR,ERR,ERR,ERR,ERR,ERR,ERR,ERR,ERR,ERR,ERR,ERR,ERR,ERR,ERR,ERR,ERR,ERR,ERR,ERR,ERR,ERR,ERR,ERR,ERR,ERR,ERR,ERR,ERR,ERR,ERR,ERR,ERR,ERR,ERR,ERR,ERR,ERR,ERR,ERR,ERR,ERR,ERR,ERR,ERR,ERR,ERR,ERR,ERR,ERR,ERR,ERR,ERR,ERR,ERR,ERR,ERR,ERR,ERR,ERR,ERR,ERR,ERR,ERR,ERR,ERR,ERR,ERR,ERR,ERR,ERR,0.0,-0.0,0.0,0.0,0.0,0.0,0.019,-0.0,4300,0,8,17169,4300,0.0,41,0.0,0.0,0.0,0.0,2.7184166902131945e+23,0,0,0,0,0.0,0,0,0,0,0,0,0,0,0,0,0,0,0,0,0,0,0,0,0,0,0,0,0,0,0,0,0,0,0,0,0,0,0,7,38,37,45,65476,381,65476,1,0,4,21553,0.0,0.0,0.0,0.0,0.0,0.0,0.0,0.0,0.0,0.0,0.0,0.0,0.0,0.0,0.0,0.0,0.0,0.0,0.0,0.0,0.0,2.004,2.004,-0.0,2.004,0.0,0.0,0.0,0.0,0.0,6617.0,-2.4230023160510894e+24,0.0,0.0,-0.0,0.0,-0.0,0.0,0.0,2.004,2.004,229,-0.0,3.222024903336656e+26,0.0,0.0,0.0,0.0,0.0,0.0,0.0,0,0,0,0.0,-0.0,-0.0,7.941608176408393e+21,-0.0,0.0,2.3486231308104528e+32,1.824414737359739e+31,4.403182204529134e+28,-1.816701764657582e+26,-0.196,649717153792.0,0.0,0.0,0.0,-0.0,0,1.3516416376850534e+27,229,0.0,458,-621855232.0,-0.0,2114,0,17110,0,17112,0,17096,0,0,0,101,100,100,-0.0,64.8,-0.0,65.1,0.0,65.0,1,49,50,180,52429,52429,0,0,0.0,0.0,0.0,60.0,0.603,71.0,0.0,3874771318079488.0,0.0,1069,0,1069,0,0,0,1070,0,1080,0,1000,0,651,0,653,0,648,0,676,0.032,1.4536034330083127e+22,0.0,0.0,56208,16813,0.0,0.0,-0.065,0.012,-12992916.0,0.0,50.0,60.0,35,0.0,0.0,10.0,2.0,0.0,0.0,0.0,0.0,0.0,0.0,0.0,0.0,0.0,0.0,0.0,0.0,58.8,54,12,65509,27,65476,1000,65476,1,0,4,20529,65476,0,0,30147,60.0,0.0,10.0,10.0,2.0,0.0
2026-02-16T12:27:07,ERR,ERR,ERR,ERR,ERR,ERR,ERR,ERR,ERR,ERR,ERR,ERR,ERR,ERR,ERR,ERR,ERR,ERR,ERR,ERR,ERR,ERR,ERR,ERR,ERR,ERR,ERR,ERR,ERR,ERR,ERR,ERR,ERR,ERR,ERR,ERR,ERR,ERR,ERR,ERR,ERR,ERR,ERR,ERR,ERR,ERR,ERR,ERR,ERR,ERR,ERR,ERR,ERR,ERR,ERR,ERR,ERR,ERR,ERR,ERR,ERR,ERR,ERR,ERR,ERR,ERR,ERR,ERR,ERR,ERR,ERR,ERR,ERR,ERR,ERR,ERR,ERR,ERR,ERR,ERR,ERR,ERR,ERR,ERR,ERR,ERR,ERR,ERR,ERR,ERR,ERR,ERR,ERR,ERR,ERR,ERR,ERR,ERR,ERR,ERR,ERR,ERR,ERR,ERR,ERR,ERR,ERR,ERR,ERR,ERR,ERR,ERR,ERR,ERR,ERR,ERR,ERR,ERR,ERR,ERR,ERR,ERR,ERR,ERR,ERR,0.0,-0.0,0.0,0.0,0.0,0.0,54336480.0,-0.0,4300,0,8,17169,4300,0.0,41,0.0,0.0,0.0,0.0,2.7184166902131945e+23,0,0,0,0,0.0,0,0,0,0,0,0,0,0,0,0,0,0,0,0,0,0,0,0,0,0,0,0,0,0,0,0,0,0,0,0,0,0,0,8,37,37,45,65476,378,65476,1,0,4,21553,0.0,0.0,0.0,0.0,0.0,0.0,0.0,0.0,0.0,0.0,0.0,0.0,0.0,0.0,0.0,0.0,0.0,0.0,0.0,0.0,0.0,2.004,2.004,-0.0,2.004,-2.004,0.0,0.0,0.0,0.0,6614.0,-2.4230023160510894e+24,0.0,0.0,-0.0,0.0,2.7184507374263774e+23,0.0,0.0,2.004,2.004,228,-0.0,-0.0,0.0,0.0,0.0,0.0,0.0,0.0,0.0,0,0,0,0.0,-0.0,-0.0,-9.587097037397765e+31,-0.0,-1096323039232.0,6.239638202435658e+34,-0.0,-0.0,-1.9738621212074838e+26,-0.207,705551728640.0,0.0,0.0,0.0,-0.0,0,1.3516416376850534e+27,228,0.0,456,-621855232.0,-0.0,2114,0,17110,0,17112,0,17096,0,0,0,101,100,100,-0.0,64.8,-0.0,65.1,0.0,65.0,1,49,50,180,52429,52429,0,0,0.0,0.0,0.0,60.0,0.603,71.0,0.0,3874771318079488.0,0.0,1069,0,1069,0,0,0,1070,0,1080,0,1000,0,651,0,653,0,648,0,676,0.032,1.4536034330083127e+22,0.0,0.0,56208,16813,0.0,0.0,-0.065,0.012,-12992916.0,0.0,50.0,60.0,35,0.0,0.0,10.0,2.0,0.0,0.0,0.0,0.0,0.0,0.0,0.0,0.0,0.0,0.0,0.0,0.0,58.8,54,12,65509,27,65476,1000,65476,1,0,4,20529,65476,0,0,30147,60.0,0.0,10.0,10.0,2.0,0.0
2026-02-16T12:27:08,ERR,ERR,ERR,ERR,ERR,ERR,ERR,ERR,ERR,ERR,ERR,ERR,ERR,ERR,ERR,ERR,ERR,ERR,ERR,ERR,ERR,ERR,ERR,ERR,ERR,ERR,ERR,ERR,ERR,ERR,ERR,ERR,ERR,ERR,ERR,ERR,ERR,ERR,ERR,ERR,ERR,ERR,ERR,ERR,ERR,ERR,ERR,ERR,ERR,ERR,ERR,ERR,ERR,ERR,ERR,ERR,ERR,ERR,ERR,ERR,ERR,ERR,ERR,ERR,ERR,ERR,ERR,ERR,ERR,ERR,ERR,ERR,ERR,ERR,ERR,ERR,ERR,ERR,ERR,ERR,ERR,ERR,ERR,ERR,ERR,ERR,ERR,ERR,ERR,ERR,ERR,ERR,ERR,ERR,ERR,ERR,ERR,ERR,ERR,ERR,ERR,ERR,ERR,ERR,ERR,ERR,ERR,ERR,ERR,ERR,ERR,ERR,ERR,ERR,ERR,ERR,ERR,ERR,ERR,ERR,ERR,ERR,ERR,ERR,ERR,0.0,-0.0,0.0,0.0,0.0,0.0,54336480.0,-0.0,4300,0,8,17169,4300,0.0,41,0.0,0.0,0.0,0.0,2.7184166902131945e+23,0,0,0,0,0.0,0,0,0,0,0,0,0,0,0,0,0,0,0,0,0,0,0,0,0,0,0,0,0,0,0,0,0,0,0,0,0,0,0,8,37,37,45,65476,378,65476,1,0,4,21553,0.0,0.0,0.0,0.0,0.0,0.0,0.0,0.0,0.0,0.0,0.0,0.0,0.0,0.0,0.0,0.0,0.0,0.0,0.0,0.0,0.0,2.004,2.004,-0.0,2.004,-2.004,0.0,0.0,0.0,0.0,6614.0,-2.4230023160510894e+24,0.0,0.0,-0.0,0.0,2.7184507374263774e+23,0.0,0.0,2.004,2.004,228,-0.0,-0.0,0.0,0.0,0.0,0.0,0.0,0.0,0.0,0,0,0,0.0,-0.0,-0.0,-9.587097037397765e+31,-0.0,-1096323039232.0,6.239638202435658e+34,-0.0,-0.0,-1.9738621212074838e+26,-0.207,705551728640.0,0.0,0.0,0.0,-0.0,0,1.3516416376850534e+27,228,0.0,456,-621855232.0,-0.0,2114,0,17110,0,17112,0,17096,0,0,0,101,100,100,-0.0,64.8,-0.0,65.1,0.0,65.0,1,49,50,180,52429,52429,0,0,0.0,0.0,0.0,60.0,0.603,71.0,0.0,3874771318079488.0,0.0,1069,0,1069,0,0,0,1070,0,1080,0,1000,0,651,0,653,0,648,0,676,0.032,1.4536034330083127e+22,0.0,0.0,56208,16813,0.0,0.0,-0.065,0.012,-12992916.0,0.0,50.0,60.0,35,0.0,0.0,10.0,2.0,0.0,0.0,0.0,0.0,0.0,0.0,0.0,0.0,0.0,0.0,0.0,0.0,58.8,54,12,65509,27,65476,1000,65476,1,0,4,20529,65476,0,0,30147,60.0,0.0,10.0,10.0,2.0,0.0
2026-02-16T12:27:09,ERR,ERR,ERR,ERR,ERR,ERR,ERR,ERR,ERR,ERR,ERR,ERR,ERR,ERR,ERR,ERR,ERR,ERR,ERR,ERR,ERR,ERR,ERR,ERR,ERR,ERR,ERR,ERR,ERR,ERR,ERR,ERR,ERR,ERR,ERR,ERR,ERR,ERR,ERR,ERR,ERR,ERR,ERR,ERR,ERR,ERR,ERR,ERR,ERR,ERR,ERR,ERR,ERR,ERR,ERR,ERR,ERR,ERR,ERR,ERR,ERR,ERR,ERR,ERR,ERR,ERR,ERR,ERR,ERR,ERR,ERR,ERR,ERR,ERR,ERR,ERR,ERR,ERR,ERR,ERR,ERR,ERR,ERR,ERR,ERR,ERR,ERR,ERR,ERR,ERR,ERR,ERR,ERR,ERR,ERR,ERR,ERR,ERR,ERR,ERR,ERR,ERR,ERR,ERR,ERR,ERR,ERR,ERR,ERR,ERR,ERR,ERR,ERR,ERR,ERR,ERR,ERR,ERR,ERR,ERR,ERR,ERR,ERR,ERR,ERR,0.0,-0.0,0.0,0.0,0.0,0.0,54336480.0,-0.0,4300,0,8,17169,4300,0.0,41,0.0,0.0,0.0,0.0,2.7184166902131945e+23,0,0,0,0,0.0,0,0,0,0,0,0,0,0,0,0,0,0,0,0,0,0,0,0,0,0,0,0,0,0,0,0,0,0,0,0,0,0,0,8,37,37,45,65476,378,65476,1,0,4,21553,0.0,0.0,0.0,0.0,0.0,0.0,0.0,0.0,0.0,0.0,0.0,0.0,0.0,0.0,0.0,0.0,0.0,0.0,0.0,0.0,0.0,2.004,2.004,-0.0,2.004,-2.004,0.0,0.0,0.0,0.0,6614.0,-2.4230023160510894e+24,0.0,0.0,-0.0,0.0,2.7184507374263774e+23,0.0,0.0,2.004,2.004,228,-0.0,-0.0,0.0,0.0,0.0,0.0,0.0,0.0,0.0,0,0,0,0.0,-0.0,-0.0,-9.587097037397765e+31,-0.0,-1096323039232.0,6.239638202435658e+34,-0.0,-0.0,-1.9738621212074838e+26,-0.207,705551728640.0,0.0,0.0,0.0,-0.0,0,1.3516416376850534e+27,228,0.0,456,-621855232.0,-0.0,2114,0,17110,0,17112,0,17096,0,0,0,101,100,100,-0.0,64.8,-0.0,65.1,0.0,65.0,1,49,50,180,52429,52429,0,0,0.0,0.0,0.0,60.0,0.603,71.0,0.0,3874771318079488.0,0.0,1069,0,1069,0,0,0,1070,0,1080,0,1000,0,651,0,653,0,648,0,676,0.032,1.4536034330083127e+22,0.0,0.0,56208,16813,0.0,0.0,-0.065,0.012,-12992916.0,0.0,50.0,60.0,35,0.0,0.0,10.0,2.0,0.0,0.0,0.0,0.0,0.0,0.0,0.0,0.0,0.0,0.0,0.0,0.0,58.8,54,12,65509,27,65476,1000,65476,1,0,4,20529,65476,0,0,30147,60.0,0.0,10.0,10.0,2.0,0.0
2026-02-16T12:27:10,ERR,ERR,ERR,ERR,ERR,ERR,ERR,ERR,ERR,ERR,ERR,ERR,ERR,ERR,ERR,ERR,ERR,ERR,ERR,ERR,ERR,ERR,ERR,ERR,ERR,ERR,ERR,ERR,ERR,ERR,ERR,ERR,ERR,ERR,ERR,ERR,ERR,ERR,ERR,ERR,ERR,ERR,ERR,ERR,ERR,ERR,ERR,ERR,ERR,ERR,ERR,ERR,ERR,ERR,ERR,ERR,ERR,ERR,ERR,ERR,ERR,ERR,ERR,ERR,ERR,ERR,ERR,ERR,ERR,ERR,ERR,ERR,ERR,ERR,ERR,ERR,ERR,ERR,ERR,ERR,ERR,ERR,ERR,ERR,ERR,ERR,ERR,ERR,ERR,ERR,ERR,ERR,ERR,ERR,ERR,ERR,ERR,ERR,ERR,ERR,ERR,ERR,ERR,ERR,ERR,ERR,ERR,ERR,ERR,ERR,ERR,ERR,ERR,ERR,ERR,ERR,ERR,ERR,ERR,ERR,ERR,ERR,ERR,ERR,ERR,0.0,-0.0,0.0,0.0,0.0,0.0,54336480.0,-0.0,4300,0,8,17169,4300,0.0,41,0.0,0.0,0.0,0.0,2.7184166902131945e+23,0,0,0,0,0.0,0,0,0,0,0,0,0,0,0,0,0,0,0,0,0,0,0,0,0,0,0,0,0,0,0,0,0,0,0,0,0,0,0,8,37,37,45,65476,378,65476,1,0,4,21553,0.0,0.0,0.0,0.0,0.0,0.0,0.0,0.0,0.0,0.0,0.0,0.0,0.0,0.0,0.0,0.0,0.0,0.0,0.0,0.0,0.0,2.004,2.004,-0.0,2.004,-2.004,0.0,0.0,0.0,0.0,6614.0,-2.4230023160510894e+24,0.0,0.0,-0.0,0.0,2.7184507374263774e+23,0.0,0.0,2.004,2.004,228,-0.0,-0.0,0.0,0.0,0.0,0.0,0.0,0.0,0.0,0,0,0,0.0,-0.0,-0.0,-9.587097037397765e+31,-0.0,-1096323039232.0,6.239638202435658e+34,-0.0,-0.0,-1.9738621212074838e+26,-0.207,705551728640.0,0.0,0.0,0.0,-0.0,0,1.3516416376850534e+27,228,0.0,456,-621855232.0,-0.0,2114,0,17110,0,17112,0,17096,0,0,0,101,100,100,-0.0,64.8,-0.0,65.1,0.0,65.0,1,49,50,180,52429,52429,0,0,0.0,0.0,0.0,60.0,13200.639,71.0,0.0,133730987409408.0,0.0,1069,0,1069,0,0,0,1070,0,1080,0,1000,0,651,0,653,0,648,0,676,0.032,1.4536034330083127e+22,0.0,0.0,63376,16813,0.0,133730987409408.0,-4.420151630035654e+25,-3256379.25,-9.853312223429683e+37,1.752,50.0,60.0,35,0.0,0.0,10.0,2.0,0.0,0.0,0.0,0.0,0.0,0.0,0.0,0.0,0.0,0.0,0.0,0.0,58.8,54,12,65509,27,65476,1000,65476,1,0,4,20529,65476,0,0,30147,60.0,0.0,10.0,10.0,2.0,0.0
2026-02-16T12:27:11,ERR,ERR,ERR,ERR,ERR,ERR,ERR,ERR,ERR,ERR,ERR,ERR,ERR,ERR,ERR,ERR,ERR,ERR,ERR,ERR,ERR,ERR,ERR,ERR,ERR,ERR,ERR,ERR,ERR,ERR,ERR,ERR,ERR,ERR,ERR,ERR,ERR,ERR,ERR,ERR,ERR,ERR,ERR,ERR,ERR,ERR,ERR,ERR,ERR,ERR,ERR,ERR,ERR,ERR,ERR,ERR,ERR,ERR,ERR,ERR,ERR,ERR,ERR,ERR,ERR,ERR,ERR,ERR,ERR,ERR,ERR,ERR,ERR,ERR,ERR,ERR,ERR,ERR,ERR,ERR,ERR,ERR,ERR,ERR,ERR,ERR,ERR,ERR,ERR,ERR,ERR,ERR,ERR,ERR,ERR,ERR,ERR,ERR,ERR,ERR,ERR,ERR,ERR,ERR,ERR,ERR,ERR,ERR,ERR,ERR,ERR,ERR,ERR,ERR,ERR,ERR,ERR,ERR,ERR,ERR,ERR,ERR,ERR,ERR,ERR,0.0,-0.0,0.0,0.0,0.0,-2.538825682012551e+27,0.0,-0.0,4300,0,8,17169,4300,0.0,41,0.0,0.0,0.0,0.0,2.7184166902131945e+23,0,0,0,0,0.0,0,0,0,0,0,0,0,0,0,0,0,0,0,0,0,0,0,0,0,0,0,0,0,0,0,0,0,0,0,0,0,0,0,7,37,37,44,65476,376,65476,1,0,4,21553,0.0,2.7183305813883192e+23,0.0,0.0,0.0,0.0,0.0,0.0,0.0,0.0,0.0,0.0,0.0,0.0,0.0,0.0,0.0,0.0,0.0,0.0,0.0,2.004,2.004,-0.0,2.004,-0.0,0.0,0.0,0.0,0.0,6652.0,0.0,0.0,0.0,-0.0,0.0,0.0,0.0,0.0,2.004,2.004,228,-107614784.0,-0.0,0.0,0.0,0.0,0.0,0.0,0.0,0.0,0,0,0,0.0,0.0,-0.0,7.846301193529232e+26,-0.0,0.0,1.6548477956672794e+22,-15411957465088.0,-3.413011829770147e+33,-2.106843961365093e+26,-0.219,757091336192.0,0.0,0.0,0.0,-1.1698699750388124e+35,0,1.3516416376850534e+27,228,0.0,456,-621855232.0,82050.086,2114,0,17110,0,17112,0,17096,0,0,0,101,100,100,-0.0,64.8,-0.0,65.1,0.0,65.0,1,49,50,180,52429,52429,0,0,0.0,0.0,0.0,60.0,13200.639,71.0,0.0,133730987409408.0,0.0,1069,0,1069,0,0,0,1070,0,1080,0,1000,0,651,0,653,0,648,0,676,0.032,1.4536034330083127e+22,0.0,0.0,63376,16813,0.0,133730987409408.0,-4.420151630035654e+25,-3256379.25,-9.853312223429683e+37,1.752,50.0,60.0,35,0.0,0.0,10.0,2.0,0.0,0.0,0.0,0.0,0.0,0.0,0.0,0.0,0.0,0.0,0.0,0.0,58.8,54,12,65509,27,65476,1000,65476,1,0,4,20529,65476,0,0,30147,60.0,0.0,10.0,10.0,2.0,0.0
2026-02-16T12:27:12,ERR,ERR,ERR,ERR,ERR,ERR,ERR,ERR,ERR,ERR,ERR,ERR,ERR,ERR,ERR,ERR,ERR,ERR,ERR,ERR,ERR,ERR,ERR,ERR,ERR,ERR,ERR,ERR,ERR,ERR,ERR,ERR,ERR,ERR,ERR,ERR,ERR,ERR,ERR,ERR,ERR,ERR,ERR,ERR,ERR,ERR,ERR,ERR,ERR,ERR,ERR,ERR,ERR,ERR,ERR,ERR,ERR,ERR,ERR,ERR,ERR,ERR,ERR,ERR,ERR,ERR,ERR,ERR,ERR,ERR,ERR,ERR,ERR,ERR,ERR,ERR,ERR,ERR,ERR,ERR,ERR,ERR,ERR,ERR,ERR,ERR,ERR,ERR,ERR,ERR,ERR,ERR,ERR,ERR,ERR,ERR,ERR,ERR,ERR,ERR,ERR,ERR,ERR,ERR,ERR,ERR,ERR,ERR,ERR,ERR,ERR,ERR,ERR,ERR,ERR,ERR,ERR,ERR,ERR,ERR,ERR,ERR,ERR,ERR,ERR,0.0,-0.0,0.0,0.0,0.0,-2.538825682012551e+27,0.0,-0.0,4300,0,8,17169,4300,0.0,41,0.0,0.0,0.0,0.0,2.7184166902131945e+23,0,0,0,0,0.0,0,0,0,0,0,0,0,0,0,0,0,0,0,0,0,0,0,0,0,0,0,0,0,0,0,0,0,0,0,0,0,0,0,7,37,37,44,65476,376,65476,1,0,4,21553,0.0,2.7183305813883192e+23,0.0,0.0,0.0,0.0,0.0,0.0,0.0,0.0,0.0,0.0,0.0,0.0,0.0,0.0,0.0,0.0,0.0,0.0,0.0,2.004,2.004,-0.0,2.004,-0.0,0.0,0.0,0.0,0.0,6652.0,0.0,0.0,0.0,-0.0,0.0,0.0,0.0,0.0,2.004,2.004,228,-107614784.0,-0.0,0.0,0.0,0.0,0.0,0.0,0.0,0.0,0,0,0,0.0,0.0,-0.0,7.846301193529232e+26,-0.0,0.0,1.6548477956672794e+22,-15411957465088.0,-3.413011829770147e+33,-2.106843961365093e+26,-0.219,757091336192.0,0.0,0.0,0.0,-1.1698699750388124e+35,0,1.3516416376850534e+27,228,0.0,456,-621855232.0,82050.086,2114,0,17110,0,17112,0,17096,0,0,0,101,100,100,-0.0,64.8,-0.0,65.1,0.0,65.0,1,49,50,180,52429,52429,0,0,0.0,0.0,0.0,60.0,13200.639,71.0,0.0,133730987409408.0,0.0,1069,0,1069,0,0,0,1070,0,1080,0,1000,0,651,0,653,0,648,0,676,0.032,1.4536034330083127e+22,0.0,0.0,63376,16813,0.0,133730987409408.0,-4.420151630035654e+25,-3256379.25,-9.853312223429683e+37,1.752,50.0,60.0,35,0.0,0.0,10.0,2.0,0.0,0.0,0.0,0.0,0.0,0.0,0.0,0.0,0.0,0.0,0.0,0.0,58.8,54,12,65509,27,65476,998,65476,1,0,4,20529,65476,0,0,30147,60.0,0.0,10.0,10.0,2.0,0.0
2026-02-16T12:27:13,ERR,ERR,ERR,ERR,ERR,ERR,ERR,ERR,ERR,ERR,ERR,ERR,ERR,ERR,ERR,ERR,ERR,ERR,ERR,ERR,ERR,ERR,ERR,ERR,ERR,ERR,ERR,ERR,ERR,ERR,ERR,ERR,ERR,ERR,ERR,ERR,ERR,ERR,ERR,ERR,ERR,ERR,ERR,ERR,ERR,ERR,ERR,ERR,ERR,ERR,ERR,ERR,ERR,ERR,ERR,ERR,ERR,ERR,ERR,ERR,ERR,ERR,ERR,ERR,ERR,ERR,ERR,ERR,ERR,ERR,ERR,ERR,ERR,ERR,ERR,ERR,ERR,ERR,ERR,ERR,ERR,ERR,ERR,ERR,ERR,ERR,ERR,ERR,ERR,ERR,ERR,ERR,ERR,ERR,ERR,ERR,ERR,ERR,ERR,ERR,ERR,ERR,ERR,ERR,ERR,ERR,ERR,ERR,ERR,ERR,ERR,ERR,ERR,ERR,ERR,ERR,ERR,ERR,ERR,ERR,ERR,ERR,ERR,ERR,ERR,0.0,-0.0,0.0,0.0,0.0,-2.538825682012551e+27,0.0,-0.0,4300,0,8,17169,4300,0.0,41,0.0,0.0,0.0,0.0,2.7184166902131945e+23,0,0,0,0,0.0,0,0,0,0,0,0,0,0,0,0,0,0,0,0,0,0,0,0,0,0,0,0,0,0,0,0,0,0,0,0,0,0,0,7,37,37,44,65476,376,65476,1,0,4,21553,0.0,2.7183305813883192e+23,0.0,0.0,0.0,0.0,0.0,0.0,0.0,0.0,0.0,0.0,0.0,0.0,0.0,0.0,0.0,0.0,0.0,0.0,0.0,2.004,2.004,-0.0,2.004,-0.0,0.0,0.0,0.0,0.0,6652.0,0.0,0.0,0.0,-0.0,0.0,0.0,0.0,0.0,2.004,2.004,228,-107614784.0,-0.0,0.0,0.0,0.0,0.0,0.0,0.0,0.0,0,0,0,0.0,0.0,-0.0,7.846301193529232e+26,-0.0,0.0,1.6548477956672794e+22,-15411957465088.0,-3.413011829770147e+33,-2.106843961365093e+26,-0.219,757091336192.0,0.0,0.0,0.0,-1.1698699750388124e+35,0,1.3516416376850534e+27,228,0.0,456,-621855232.0,82050.086,2114,0,17110,0,17112,0,17096,0,0,0,101,100,100,-0.0,64.8,-0.0,65.1,0.0,65.0,1,49,50,180,52429,52429,0,0,0.0,0.0,0.0,60.0,22449254400.0,71.0,0.0,-0.0,0.0,1069,0,1069,0,0,0,1070,0,1080,0,1000,0,651,0,653,0,649,0,676,0.032,1.4609821306377965e+22,0.0,0.0,58768,16813,22449254400.0,-0.0,7773910204416.0,-0.0,2.95454526212959e+36,-0.0,50.0,60.0,35,0.0,0.0,10.0,2.0,0.0,0.0,0.0,0.0,0.0,0.0,0.0,0.0,0.0,0.0,0.0,0.0,58.8,54,12,65509,27,65476,998,65476,1,0,4,20529,65476,0,0,30147,60.0,0.0,10.0,10.0,2.0,0.0
2026-02-16T12:27:14,ERR,ERR,ERR,ERR,ERR,ERR,ERR,ERR,ERR,ERR,ERR,ERR,ERR,ERR,ERR,ERR,ERR,ERR,ERR,ERR,ERR,ERR,ERR,ERR,ERR,ERR,ERR,ERR,ERR,ERR,ERR,ERR,ERR,ERR,ERR,ERR,ERR,ERR,ERR,ERR,ERR,ERR,ERR,ERR,ERR,ERR,ERR,ERR,ERR,ERR,ERR,ERR,ERR,ERR,ERR,ERR,ERR,ERR,ERR,ERR,ERR,ERR,ERR,ERR,ERR,ERR,ERR,ERR,ERR,ERR,ERR,ERR,ERR,ERR,ERR,ERR,ERR,ERR,ERR,ERR,ERR,ERR,ERR,ERR,ERR,ERR,ERR,ERR,ERR,ERR,ERR,ERR,ERR,ERR,ERR,ERR,ERR,ERR,ERR,ERR,ERR,ERR,ERR,ERR,ERR,ERR,ERR,ERR,ERR,ERR,ERR,ERR,ERR,ERR,ERR,ERR,ERR,ERR,ERR,ERR,ERR,ERR,ERR,ERR,ERR,0.0,-0.0,0.0,0.0,0.0,-2.538825682012551e+27,0.0,-0.0,4300,0,8,17169,4300,0.0,41,0.0,0.0,0.0,0.0,2.7184166902131945e+23,0,0,0,0,0.0,0,0,0,0,0,0,0,0,0,0,0,0,0,0,0,0,0,0,0,0,0,0,0,0,0,0,0,0,0,0,0,0,0,7,37,37,44,65476,376,65476,1,0,4,21553,0.0,2.7183305813883192e+23,0.0,0.0,0.0,0.0,0.0,0.0,0.0,0.0,0.0,0.0,0.0,0.0,0.0,0.0,0.0,0.0,0.0,0.0,0.0,2.004,2.004,-0.0,2.004,-0.0,0.0,0.0,0.0,0.0,6652.0,0.0,0.0,0.0,-0.0,0.0,0.0,0.0,0.0,2.004,2.004,228,-107614784.0,-0.0,0.0,0.0,0.0,0.0,0.0,0.0,0.0,0,0,0,0.0,0.0,-0.0,7.846301193529232e+26,-0.0,0.0,1.6548477956672794e+22,-15411957465088.0,-3.413011829770147e+33,-2.106843961365093e+26,-0.219,757091336192.0,0.0,0.0,0.0,-1.1698699750388124e+35,0,1.3516416376850534e+27,228,0.0,456,-621855232.0,82050.086,2114,0,17110,0,17112,0,17096,0,0,0,101,100,100,-0.0,64.8,-0.0,65.1,0.0,65.0,1,49,50,180,52429,52429,0,0,0.0,0.0,0.0,60.0,22449254400.0,71.0,0.0,-0.0,0.0,1069,0,1069,0,0,0,1070,0,1080,0,1000,0,651,0,653,0,649,0,676,0.032,1.4609821306377965e+22,0.0,0.0,58768,16813,22449254400.0,-0.0,7773910204416.0,-0.0,2.95454526212959e+36,-0.0,50.0,60.0,35,0.0,0.0,10.0,2.0,0.0,0.0,0.0,0.0,0.0,0.0,0.0,0.0,0.0,0.0,0.0,0.0,58.8,54,12,65509,27,65476,998,65476,1,0,4,20529,65476,0,0,30147,60.0,0.0,10.0,10.0,2.0,0.0
2026-02-16T12:27:15,ERR,ERR,ERR,ERR,ERR,ERR,ERR,ERR,ERR,ERR,ERR,ERR,ERR,ERR,ERR,ERR,ERR,ERR,ERR,ERR,ERR,ERR,ERR,ERR,ERR,ERR,ERR,ERR,ERR,ERR,ERR,ERR,ERR,ERR,ERR,ERR,ERR,ERR,ERR,ERR,ERR,ERR,ERR,ERR,ERR,ERR,ERR,ERR,ERR,ERR,ERR,ERR,ERR,ERR,ERR,ERR,ERR,ERR,ERR,ERR,ERR,ERR,ERR,ERR,ERR,ERR,ERR,ERR,ERR,ERR,ERR,ERR,ERR,ERR,ERR,ERR,ERR,ERR,ERR,ERR,ERR,ERR,ERR,ERR,ERR,ERR,ERR,ERR,ERR,ERR,ERR,ERR,ERR,ERR,ERR,ERR,ERR,ERR,ERR,ERR,ERR,ERR,ERR,ERR,ERR,ERR,ERR,ERR,ERR,ERR,ERR,ERR,ERR,ERR,ERR,ERR,ERR,ERR,ERR,ERR,ERR,ERR,ERR,ERR,ERR,0.0,-0.0,0.0,0.0,0.0,-2.538825682012551e+27,0.0,-0.0,4300,0,8,17169,4300,0.0,41,0.0,0.0,0.0,0.0,2.7184166902131945e+23,0,0,0,0,0.0,0,0,0,0,0,0,0,0,0,0,0,0,0,0,0,0,0,0,0,0,0,0,0,0,0,0,0,0,0,0,0,0,0,7,37,37,44,65476,376,65476,1,0,4,21553,0.0,2.7183305813883192e+23,0.0,0.0,0.0,0.0,0.0,0.0,0.0,0.0,0.0,0.0,0.0,0.0,0.0,0.0,0.0,0.0,0.0,0.0,0.0,2.004,2.004,-0.0,2.004,-0.0,0.0,0.0,0.0,0.0,6652.0,0.0,0.0,0.0,-0.0,0.0,0.0,0.0,0.0,2.004,2.004,228,-107614784.0,-0.0,0.0,0.0,0.0,0.0,0.0,0.0,0.0,0,0,0,0.0,0.0,-0.0,7.846301193529232e+26,-0.0,0.0,1.6548477956672794e+22,-15411957465088.0,-3.413011829770147e+33,-2.106843961365093e+26,-0.219,757091336192.0,0.0,0.0,0.0,-1.1698699750388124e+35,0,1.3516416376850534e+27,228,0.0,456,-621855232.0,82050.086,2114,0,17110,0,17112,0,17096,0,0,0,101,100,100,-0.0,64.8,-0.0,65.1,0.0,65.0,1,49,50,180,52429,52429,0,0,0.0,0.0,0.0,60.0,22449254400.0,71.0,0.0,-0.0,0.0,1069,0,1069,0,0,0,1070,0,1080,0,1000,0,651,0,653,0,649,0,676,0.032,1.4609821306377965e+22,0.0,0.0,58768,16813,22449254400.0,-0.0,7773910204416.0,-0.0,2.95454526212959e+36,-0.0,50.0,60.0,35,0.0,0.0,10.0,2.0,0.0,0.0,0.0,0.0,0.0,0.0,0.0,0.0,0.0,0.0,0.0,0.0,58.8,53,12,65510,27,65476,1000,65476,1,0,4,20529,65476,0,0,30147,60.0,0.0,10.0,10.0,2.0,0.0
2026-02-16T12:27:16,ERR,ERR,ERR,ERR,ERR,ERR,ERR,ERR,ERR,ERR,ERR,ERR,ERR,ERR,ERR,ERR,ERR,ERR,ERR,ERR,ERR,ERR,ERR,ERR,ERR,ERR,ERR,ERR,ERR,ERR,ERR,ERR,ERR,ERR,ERR,ERR,ERR,ERR,ERR,ERR,ERR,ERR,ERR,ERR,ERR,ERR,ERR,ERR,ERR,ERR,ERR,ERR,ERR,ERR,ERR,ERR,ERR,ERR,ERR,ERR,ERR,ERR,ERR,ERR,ERR,ERR,ERR,ERR,ERR,ERR,ERR,ERR,ERR,ERR,ERR,ERR,ERR,ERR,ERR,ERR,ERR,ERR,ERR,ERR,ERR,ERR,ERR,ERR,ERR,ERR,ERR,ERR,ERR,ERR,ERR,ERR,ERR,ERR,ERR,ERR,ERR,ERR,ERR,ERR,ERR,ERR,ERR,ERR,ERR,ERR,ERR,ERR,ERR,ERR,ERR,ERR,ERR,ERR,ERR,ERR,ERR,ERR,ERR,ERR,ERR,0.0,-0.0,0.0,0.0,0.0,-30501543936.0,-1.0079710627167288e+28,-480.501,4300,0,8,17169,4300,0.0,41,0.0,0.0,0.0,0.0,2.7184166902131945e+23,0,0,0,0,0.0,0,0,0,0,0,0,0,0,0,0,0,0,0,0,0,0,0,0,0,0,0,0,0,0,0,0,0,0,0,0,0,0,0,7,37,37,44,65476,374,65476,1,0,4,21553,0.0,0.0,0.0,0.0,0.0,0.0,0.0,0.0,0.0,0.0,0.0,0.0,0.0,0.0,0.0,0.0,0.0,0.0,0.0,0.0,0.0,2.004,2.004,-0.0,0.0,-0.0,0.0,0.0,0.0,0.0,6655.0,131351.234,0.0,0.0,-0.0,0.0,0.0,0.0,0.0,2.004,2.004,228,-3.222002767243768e+26,-0.0,0.0,0.0,0.0,0.0,0.0,0.0,0.0,0,0,0,0.0,-3.198364649573581e+16,-0.0,0.0,-0.0,181738946560.0,262286884864.0,-0.0,-0.0,-2.276093576111141e+26,-0.231,808630943744.0,0.0,0.0,0.0,0.0,0,1.3516416376850534e+27,228,0.0,456,-621855232.0,82050.086,2114,0,17110,0,17112,0,17096,0,0,0,101,100,100,-107615240.0,64.8,-0.0,65.1,0.0,65.0,1,49,50,180,52429,52429,0,0,0.0,0.0,0.0,60.0,0.0,71.0,0.0,-0.0,0.0,1069,0,1069,0,0,0,1069,0,1080,0,1000,0,651,0,653,0,649,0,676,0.032,1.4609821306377965e+22,0.0,0.0,50320,16813,2.004,0.0,-7.614841894361157e+23,-435690912.0,-1.0478311125944528e+37,0.348,50.0,60.0,35,0.0,0.0,10.0,2.0,0.0,0.0,0.0,0.0,0.0,0.0,0.0,0.0,0.0,0.0,0.0,0.0,58.8,53,12,65510,27,65476,1000,65476,1,0,4,20529,65476,0,0,30147,60.0,0.0,10.0,10.0,2.0,0.0
2026-02-16T12:27:17,ERR,ERR,ERR,ERR,ERR,ERR,ERR,ERR,ERR,ERR,ERR,ERR,ERR,ERR,ERR,ERR,ERR,ERR,ERR,ERR,ERR,ERR,ERR,ERR,ERR,ERR,ERR,ERR,ERR,ERR,ERR,ERR,ERR,ERR,ERR,ERR,ERR,ERR,ERR,ERR,ERR,ERR,ERR,ERR,ERR,ERR,ERR,ERR,ERR,ERR,ERR,ERR,ERR,ERR,ERR,ERR,ERR,ERR,ERR,ERR,ERR,ERR,ERR,ERR,ERR,ERR,ERR,ERR,ERR,ERR,ERR,ERR,ERR,ERR,ERR,ERR,ERR,ERR,ERR,ERR,ERR,ERR,ERR,ERR,ERR,ERR,ERR,ERR,ERR,ERR,ERR,ERR,ERR,ERR,ERR,ERR,ERR,ERR,ERR,ERR,ERR,ERR,ERR,ERR,ERR,ERR,ERR,ERR,ERR,ERR,ERR,ERR,ERR,ERR,ERR,ERR,ERR,ERR,ERR,ERR,ERR,ERR,ERR,ERR,ERR,0.0,-0.0,0.0,0.0,0.0,-30501543936.0,-1.0079710627167288e+28,-480.501,4300,0,8,17169,4300,0.0,41,0.0,0.0,0.0,0.0,2.7184166902131945e+23,0,0,0,0,0.0,0,0,0,0,0,0,0,0,0,0,0,0,0,0,0,0,0,0,0,0,0,0,0,0,0,0,0,0,0,0,0,0,0,7,37,37,44,65476,374,65476,1,0,4,21553,0.0,0.0,0.0,0.0,0.0,0.0,0.0,0.0,0.0,0.0,0.0,0.0,0.0,0.0,0.0,0.0,0.0,0.0,0.0,0.0,0.0,2.004,2.004,-0.0,0.0,-0.0,0.0,0.0,0.0,0.0,6655.0,131351.234,0.0,0.0,-0.0,0.0,0.0,0.0,0.0,2.004,2.004,228,-3.222002767243768e+26,-0.0,0.0,0.0,0.0,0.0,0.0,0.0,0.0,0,0,0,0.0,-3.198364649573581e+16,-0.0,0.0,-0.0,181738946560.0,262286884864.0,-0.0,-0.0,-2.276093576111141e+26,-0.231,808630943744.0,0.0,0.0,0.0,0.0,0,1.3516416376850534e+27,228,0.0,456,-621855232.0,82050.086,2114,0,17110,0,17112,0,17096,0,0,0,101,100,100,-107615240.0,64.8,-0.0,65.1,0.0,65.0,1,49,50,180,52429,52429,0,0,0.0,0.0,0.0,60.0,0.0,71.0,0.0,-0.0,0.0,1069,0,1069,0,0,0,1069,0,1080,0,1000,0,651,0,653,0,649,0,676,0.032,1.4609821306377965e+22,0.0,0.0,50320,16813,2.004,0.0,-7.614841894361157e+23,-435690912.0,-1.0478311125944528e+37,0.348,50.0,60.0,35,0.0,0.0,10.0,2.0,0.0,0.0,0.0,0.0,0.0,0.0,0.0,0.0,0.0,0.0,0.0,0.0,58.8,47,16,65516,27,65476,1000,65476,1,0,4,20529,65476,0,0,30147,60.0,0.0,10.0,10.0,2.0,0.0
2026-02-16T12:27:18,ERR,ERR,ERR,ERR,ERR,ERR,ERR,ERR,ERR,ERR,ERR,ERR,ERR,ERR,ERR,ERR,ERR,ERR,ERR,ERR,ERR,ERR,ERR,ERR,ERR,ERR,ERR,ERR,ERR,ERR,ERR,ERR,ERR,ERR,ERR,ERR,ERR,ERR,ERR,ERR,ERR,ERR,ERR,ERR,ERR,ERR,ERR,ERR,ERR,ERR,ERR,ERR,ERR,ERR,ERR,ERR,ERR,ERR,ERR,ERR,ERR,ERR,ERR,ERR,ERR,ERR,ERR,ERR,ERR,ERR,ERR,ERR,ERR,ERR,ERR,ERR,ERR,ERR,ERR,ERR,ERR,ERR,ERR,ERR,ERR,ERR,ERR,ERR,ERR,ERR,ERR,ERR,ERR,ERR,ERR,ERR,ERR,ERR,ERR,ERR,ERR,ERR,ERR,ERR,ERR,ERR,ERR,ERR,ERR,ERR,ERR,ERR,ERR,ERR,ERR,ERR,ERR,ERR,ERR,ERR,ERR,ERR,ERR,ERR,ERR,0.0,-0.0,0.0,0.0,0.0,-30501543936.0,-1.0079710627167288e+28,-480.501,4300,0,8,17169,4300,0.0,41,0.0,0.0,0.0,0.0,2.7184166902131945e+23,0,0,0,0,0.0,0,0,0,0,0,0,0,0,0,0,0,0,0,0,0,0,0,0,0,0,0,0,0,0,0,0,0,0,0,0,0,0,0,7,37,37,44,65476,374,65476,1,0,4,21553,0.0,0.0,0.0,0.0,0.0,0.0,0.0,0.0,0.0,0.0,0.0,0.0,0.0,0.0,0.0,0.0,0.0,0.0,0.0,0.0,0.0,2.004,2.004,-0.0,0.0,-0.0,0.0,0.0,0.0,0.0,6655.0,131351.234,0.0,0.0,-0.0,0.0,0.0,0.0,0.0,2.004,2.004,228,-3.222002767243768e+26,-0.0,0.0,0.0,0.0,0.0,0.0,0.0,0.0,0,0,0,0.0,-3.198364649573581e+16,-0.0,0.0,-0.0,181738946560.0,262286884864.0,-0.0,-0.0,-2.276093576111141e+26,-0.231,808630943744.0,0.0,0.0,0.0,0.0,0,1.3516416376850534e+27,228,0.0,456,-621855232.0,82050.086,2114,0,17110,0,17112,0,17096,0,0,0,101,100,100,-107615240.0,64.8,-0.0,65.1,0.0,65.0,1,49,50,180,52429,52429,0,0,0.0,0.0,0.0,60.0,0.0,71.0,0.0,-0.0,0.0,1069,0,1069,0,0,0,1069,0,1080,0,1000,0,651,0,653,0,649,0,676,0.032,1.4609821306377965e+22,0.0,0.0,50320,16813,2.004,0.0,-7.614841894361157e+23,-435690912.0,-1.0478311125944528e+37,0.348,50.0,60.0,35,0.0,0.0,10.0,2.0,0.0,0.0,0.0,0.0,0.0,0.0,0.0,0.0,0.0,0.0,0.0,0.0,58.8,47,16,65516,27,65476,1000,65476,1,0,4,20529,65476,0,0,30147,60.0,0.0,10.0,10.0,2.0,0.0
2026-02-16T12:27:19,ERR,ERR,ERR,ERR,ERR,ERR,ERR,ERR,ERR,ERR,ERR,ERR,ERR,ERR,ERR,ERR,ERR,ERR,ERR,ERR,ERR,ERR,ERR,ERR,ERR,ERR,ERR,ERR,ERR,ERR,ERR,ERR,ERR,ERR,ERR,ERR,ERR,ERR,ERR,ERR,ERR,ERR,ERR,ERR,ERR,ERR,ERR,ERR,ERR,ERR,ERR,ERR,ERR,ERR,ERR,ERR,ERR,ERR,ERR,ERR,ERR,ERR,ERR,ERR,ERR,ERR,ERR,ERR,ERR,ERR,ERR,ERR,ERR,ERR,ERR,ERR,ERR,ERR,ERR,ERR,ERR,ERR,ERR,ERR,ERR,ERR,ERR,ERR,ERR,ERR,ERR,ERR,ERR,ERR,ERR,ERR,ERR,ERR,ERR,ERR,ERR,ERR,ERR,ERR,ERR,ERR,ERR,ERR,ERR,ERR,ERR,ERR,ERR,ERR,ERR,ERR,ERR,ERR,ERR,ERR,ERR,ERR,ERR,ERR,ERR,0.0,-0.0,0.0,0.0,0.0,-30501543936.0,-1.0079710627167288e+28,-480.501,4300,0,8,17169,4300,0.0,41,0.0,0.0,0.0,0.0,2.7184166902131945e+23,0,0,0,0,0.0,0,0,0,0,0,0,0,0,0,0,0,0,0,0,0,0,0,0,0,0,0,0,0,0,0,0,0,0,0,0,0,0,0,7,37,37,44,65476,374,65476,1,0,4,21553,0.0,0.0,0.0,0.0,0.0,0.0,0.0,0.0,0.0,0.0,0.0,0.0,0.0,0.0,0.0,0.0,0.0,0.0,0.0,0.0,0.0,2.004,2.004,-0.0,0.0,-0.0,0.0,0.0,0.0,0.0,6655.0,131351.234,0.0,0.0,-0.0,0.0,0.0,0.0,0.0,2.004,2.004,228,-3.222002767243768e+26,-0.0,0.0,0.0,0.0,0.0,0.0,0.0,0.0,0,0,0,0.0,-3.198364649573581e+16,-0.0,0.0,-0.0,181738946560.0,262286884864.0,-0.0,-0.0,-2.276093576111141e+26,-0.231,808630943744.0,0.0,0.0,0.0,0.0,0,1.3516416376850534e+27,228,0.0,456,-621855232.0,82050.086,2114,0,17110,0,17112,0,17096,0,0,0,101,100,100,-107615240.0,64.8,-0.0,65.1,0.0,65.0,1,49,50,180,52429,52429,0,0,0.0,0.0,0.0,60.0,0.0,71.0,0.0,-0.0,0.0,1069,0,1069,0,0,0,1069,0,1080,0,1000,0,651,0,653,0,649,0,676,0.032,1.4609821306377965e+22,0.0,0.0,50320,16813,2.004,0.0,-7.614841894361157e+23,-435690912.0,-1.0478311125944528e+37,0.348,50.0,60.0,35,0.0,0.0,10.0,2.0,0.0,0.0,0.0,0.0,0.0,0.0,0.0,0.0,0.0,0.0,0.0,0.0,59.2,45,18,65518,27,65476,944,65476,1,0,4,20529,65476,0,0,30147,60.0,0.0,10.0,10.0,2.0,0.0
2026-02-16T12:27:20,ERR,ERR,ERR,ERR,ERR,ERR,ERR,ERR,ERR,ERR,ERR,ERR,ERR,ERR,ERR,ERR,ERR,ERR,ERR,ERR,ERR,ERR,ERR,ERR,ERR,ERR,ERR,ERR,ERR,ERR,ERR,ERR,ERR,ERR,ERR,ERR,ERR,ERR,ERR,ERR,ERR,ERR,ERR,ERR,ERR,ERR,ERR,ERR,ERR,ERR,ERR,ERR,ERR,ERR,ERR,ERR,ERR,ERR,ERR,ERR,ERR,ERR,ERR,ERR,ERR,ERR,ERR,ERR,ERR,ERR,ERR,ERR,ERR,ERR,ERR,ERR,ERR,ERR,ERR,ERR,ERR,ERR,ERR,ERR,ERR,ERR,ERR,ERR,ERR,ERR,ERR,ERR,ERR,ERR,ERR,ERR,ERR,ERR,ERR,ERR,ERR,ERR,ERR,ERR,ERR,ERR,ERR,ERR,ERR,ERR,ERR,ERR,ERR,ERR,ERR,ERR,ERR,ERR,ERR,ERR,ERR,ERR,ERR,ERR,ERR,0.0,-0.0,0.0,0.0,0.0,-30501543936.0,-1.0079710627167288e+28,-480.501,4300,0,8,17169,4300,0.0,41,0.0,0.0,0.0,0.0,2.7184166902131945e+23,0,0,0,0,0.0,0,0,0,0,0,0,0,0,0,0,0,0,0,0,0,0,0,0,0,0,0,0,0,0,0,0,0,0,0,0,0,0,0,7,37,37,44,65476,374,65476,1,0,4,21553,0.0,0.0,0.0,0.0,0.0,0.0,0.0,0.0,0.0,0.0,0.0,0.0,0.0,0.0,0.0,0.0,0.0,0.0,0.0,0.0,0.0,2.004,2.004,-0.0,0.0,-0.0,0.0,0.0,0.0,0.0,6655.0,131351.234,0.0,0.0,-0.0,0.0,0.0,0.0,0.0,2.004,2.004,228,-3.222002767243768e+26,-0.0,0.0,0.0,0.0,0.0,0.0,0.0,0.0,0,0,0,0.0,-3.198364649573581e+16,-0.0,0.0,-0.0,181738946560.0,262286884864.0,-0.0,-0.0,-2.276093576111141e+26,-0.231,808630943744.0,0.0,0.0,0.0,0.0,0,1.3516416376850534e+27,228,0.0,456,-621855232.0,82050.086,2114,0,17110,0,17112,0,17096,0,0,0,101,100,100,-107615240.0,64.8,-0.0,65.1,0.0,65.0,1,49,50,180,52429,52429,0,0,0.0,0.0,0.0,60.0,0.0,71.0,0.0,nan,0.0,1069,0,1069,0,0,0,1070,0,1080,0,1000,0,651,0,653,0,648,0,676,0.032,1.4536034330083127e+22,0.0,0.0,40976,16813,0.0,nan,0.0,2.511020987289939e+34,0.0,4.989148257163674e+16,50.0,60.0,35,0.0,0.0,10.0,2.0,0.0,0.0,0.0,0.0,0.0,0.0,0.0,0.0,0.0,0.0,0.0,0.0,58.8,39,22,65524,27,65476,944,65476,1,0,4,20529,65476,0,0,30147,60.0,0.0,10.0,10.0,2.0,0.0
2026-02-16T12:27:21,ERR,ERR,ERR,ERR,ERR,ERR,ERR,ERR,ERR,ERR,ERR,ERR,ERR,ERR,ERR,ERR,ERR,ERR,ERR,ERR,ERR,ERR,ERR,ERR,ERR,ERR,ERR,ERR,ERR,ERR,ERR,ERR,ERR,ERR,ERR,ERR,ERR,ERR,ERR,ERR,ERR,ERR,ERR,ERR,ERR,ERR,ERR,ERR,ERR,ERR,ERR,ERR,ERR,ERR,ERR,ERR,ERR,ERR,ERR,ERR,ERR,ERR,ERR,ERR,ERR,ERR,ERR,ERR,ERR,ERR,ERR,ERR,ERR,ERR,ERR,ERR,ERR,ERR,ERR,ERR,ERR,ERR,ERR,ERR,ERR,ERR,ERR,ERR,ERR,ERR,ERR,ERR,ERR,ERR,ERR,ERR,ERR,ERR,ERR,ERR,ERR,ERR,ERR,ERR,ERR,ERR,ERR,ERR,ERR,ERR,ERR,ERR,ERR,ERR,ERR,ERR,ERR,ERR,ERR,ERR,ERR,ERR,ERR,ERR,ERR,0.0,-0.0,0.0,0.0,0.0,0.0,-5.6557069656072074e+20,3.7308593369323143e+21,4300,0,8,17169,4300,0.0,41,0.0,0.0,0.0,0.0,2.7184166902131945e+23,0,0,0,0,0.0,0,0,0,0,0,0,0,0,0,0,0,0,0,0,0,0,0,0,0,0,0,0,0,0,0,0,0,0,0,0,0,0,0,7,37,37,44,65476,370,65476,1,0,4,21553,0.0,0.0,0.0,0.0,0.0,0.0,0.0,0.0,0.0,0.0,0.0,0.0,0.0,0.0,0.0,0.0,0.0,0.0,0.0,0.0,0.0,2.004,2.004,-0.0,0.0,2.004,0.0,0.0,0.0,0.0,6629.0,-0.0,0.0,0.0,-0.0,0.0,0.0,0.0,0.0,2.004,2.004,229,0.0,-107615264.0,0.0,0.0,0.0,0.0,0.0,0.0,0.0,0,0,0,-2.2606113424595345e+30,0.0,4.428436973969781e+37,-3354501578752.0,-0.0,14.454,0.0,1.2738878373221649e+35,-0.0,-2.4090754162687503e+26,-0.242,860170551296.0,0.0,0.0,0.0,0.0,0,1.3516416376850534e+27,229,0.0,458,-621855232.0,82050.086,2114,0,17110,0,17112,0,17096,0,0,0,101,100,100,-107615240.0,64.8,-0.0,65.1,0.0,65.0,1,49,50,180,52429,52429,0,0,0.0,0.0,0.0,60.0,0.0,71.0,0.0,nan,0.0,1069,0,1069,0,0,0,1070,0,1080,0,1000,0,651,0,653,0,648,0,676,0.032,1.4536034330083127e+22,0.0,0.0,40976,16813,0.0,nan,0.0,2.511020987289939e+34,0.0,4.989148257163674e+16,50.0,60.0,35,0.0,0.0,10.0,2.0,0.0,0.0,0.0,0.0,0.0,0.0,0.0,0.0,0.0,0.0,0.0,0.0,58.8,39,22,65524,27,65476,944,65476,1,0,4,20529,65476,0,0,30147,60.0,0.0,10.0,10.0,2.0,0.0
2026-02-16T12:27:22,ERR,ERR,ERR,ERR,ERR,ERR,ERR,ERR,ERR,ERR,ERR,ERR,ERR,ERR,ERR,ERR,ERR,ERR,ERR,ERR,ERR,ERR,ERR,ERR,ERR,ERR,ERR,ERR,ERR,ERR,ERR,ERR,ERR,ERR,ERR,ERR,ERR,ERR,ERR,ERR,ERR,ERR,ERR,ERR,ERR,ERR,ERR,ERR,ERR,ERR,ERR,ERR,ERR,ERR,ERR,ERR,ERR,ERR,ERR,ERR,ERR,ERR,ERR,ERR,ERR,ERR,ERR,ERR,ERR,ERR,ERR,ERR,ERR,ERR,ERR,ERR,ERR,ERR,ERR,ERR,ERR,ERR,ERR,ERR,ERR,ERR,ERR,ERR,ERR,ERR,ERR,ERR,ERR,ERR,ERR,ERR,ERR,ERR,ERR,ERR,ERR,ERR,ERR,ERR,ERR,ERR,ERR,ERR,ERR,ERR,ERR,ERR,ERR,ERR,ERR,ERR,ERR,ERR,ERR,ERR,ERR,ERR,ERR,ERR,ERR,0.0,-0.0,0.0,0.0,0.0,0.0,-5.6557069656072074e+20,3.7308593369323143e+21,4300,0,8,17169,4300,0.0,41,0.0,0.0,0.0,0.0,2.7184166902131945e+23,0,0,0,0,0.0,0,0,0,0,0,0,0,0,0,0,0,0,0,0,0,0,0,0,0,0,0,0,0,0,0,0,0,0,0,0,0,0,0,7,37,37,44,65476,370,65476,1,0,4,21553,0.0,0.0,0.0,0.0,0.0,0.0,0.0,0.0,0.0,0.0,0.0,0.0,0.0,0.0,0.0,0.0,0.0,0.0,0.0,0.0,0.0,2.004,2.004,-0.0,0.0,2.004,0.0,0.0,0.0,0.0,6629.0,-0.0,0.0,0.0,-0.0,0.0,0.0,0.0,0.0,2.004,2.004,229,0.0,-107615264.0,0.0,0.0,0.0,0.0,0.0,0.0,0.0,0,0,0,-2.2606113424595345e+30,0.0,4.428436973969781e+37,-3354501578752.0,-0.0,14.454,0.0,1.2738878373221649e+35,-0.0,-2.4090754162687503e+26,-0.242,860170551296.0,0.0,0.0,0.0,0.0,0,1.3516416376850534e+27,229,0.0,458,-621855232.0,82050.086,2114,0,17110,0,17112,0,17096,0,0,0,101,100,100,-107615240.0,64.8,-0.0,65.1,0.0,65.0,1,49,50,180,52429,52429,0,0,0.0,0.0,0.0,60.0,0.0,71.0,0.0,nan,0.0,1069,0,1069,0,0,0,1070,0,1080,0,1000,0,651,0,653,0,648,0,676,0.032,1.4536034330083127e+22,0.0,0.0,40976,16813,0.0,nan,0.0,2.511020987289939e+34,0.0,4.989148257163674e+16,50.0,60.0,35,0.0,0.0,10.0,2.0,0.0,0.0,0.0,0.0,0.0,0.0,0.0,0.0,0.0,0.0,0.0,0.0,58.8,32,28,65530,27,65476,805,65476,0,0,2,20529,65476,0,0,30147,60.0,0.0,10.0,10.0,2.0,0.0
2026-02-16T12:27:23,ERR,ERR,ERR,ERR,ERR,ERR,ERR,ERR,ERR,ERR,ERR,ERR,ERR,ERR,ERR,ERR,ERR,ERR,ERR,ERR,ERR,ERR,ERR,ERR,ERR,ERR,ERR,ERR,ERR,ERR,ERR,ERR,ERR,ERR,ERR,ERR,ERR,ERR,ERR,ERR,ERR,ERR,ERR,ERR,ERR,ERR,ERR,ERR,ERR,ERR,ERR,ERR,ERR,ERR,ERR,ERR,ERR,ERR,ERR,ERR,ERR,ERR,ERR,ERR,ERR,ERR,ERR,ERR,ERR,ERR,ERR,ERR,ERR,ERR,ERR,ERR,ERR,ERR,ERR,ERR,ERR,ERR,ERR,ERR,ERR,ERR,ERR,ERR,ERR,ERR,ERR,ERR,ERR,ERR,ERR,ERR,ERR,ERR,ERR,ERR,ERR,ERR,ERR,ERR,ERR,ERR,ERR,ERR,ERR,ERR,ERR,ERR,ERR,ERR,ERR,ERR,ERR,ERR,ERR,ERR,ERR,ERR,ERR,ERR,ERR,0.0,-0.0,0.0,0.0,0.0,0.0,-5.6557069656072074e+20,3.7308593369323143e+21,4300,0,8,17169,4300,0.0,41,0.0,0.0,0.0,0.0,2.7184166902131945e+23,0,0,0,0,0.0,0,0,0,0,0,0,0,0,0,0,0,0,0,0,0,0,0,0,0,0,0,0,0,0,0,0,0,0,0,0,0,0,0,7,37,37,44,65476,370,65476,1,0,4,21553,0.0,0.0,0.0,0.0,0.0,0.0,0.0,0.0,0.0,0.0,0.0,0.0,0.0,0.0,0.0,0.0,0.0,0.0,0.0,0.0,0.0,2.004,2.004,-0.0,0.0,2.004,0.0,0.0,0.0,0.0,6629.0,-0.0,0.0,0.0,-0.0,0.0,0.0,0.0,0.0,2.004,2.004,229,0.0,-107615264.0,0.0,0.0,0.0,0.0,0.0,0.0,0.0,0,0,0,-2.2606113424595345e+30,0.0,4.428436973969781e+37,-3354501578752.0,-0.0,14.454,0.0,1.2738878373221649e+35,-0.0,-2.4090754162687503e+26,-0.242,860170551296.0,0.0,0.0,0.0,0.0,0,1.3516416376850534e+27,229,0.0,458,-621855232.0,82050.086,2114,0,17110,0,17112,0,17096,0,0,0,101,100,100,-0.0,64.8,-0.0,65.1,0.0,65.0,1,49,50,180,52429,52429,0,0,0.0,0.0,0.0,60.0,0.0,71.0,0.0,1.8215013451546654e+37,0.0,1069,0,1069,0,0,0,1070,0,1080,0,1000,0,651,0,653,0,649,0,676,0.032,1.4462247353788288e+22,0.0,0.0,60304,16813,0.0,1.8215013451546654e+37,-8.804882530455944e+28,-1.982,0.0,209.25,50.0,60.0,35,0.0,0.0,10.0,2.0,0.0,0.0,0.0,0.0,0.0,0.0,0.0,0.0,0.0,0.0,0.0,0.0,58.8,32,28,65530,27,65476,805,65476,0,0,2,20529,65476,0,0,30147,60.0,0.0,10.0,10.0,2.0,0.0
2026-02-16T12:27:24,ERR,ERR,ERR,ERR,ERR,ERR,ERR,ERR,ERR,ERR,ERR,ERR,ERR,ERR,ERR,ERR,ERR,ERR,ERR,ERR,ERR,ERR,ERR,ERR,ERR,ERR,ERR,ERR,ERR,ERR,ERR,ERR,ERR,ERR,ERR,ERR,ERR,ERR,ERR,ERR,ERR,ERR,ERR,ERR,ERR,ERR,ERR,ERR,ERR,ERR,ERR,ERR,ERR,ERR,ERR,ERR,ERR,ERR,ERR,ERR,ERR,ERR,ERR,ERR,ERR,ERR,ERR,ERR,ERR,ERR,ERR,ERR,ERR,ERR,ERR,ERR,ERR,ERR,ERR,ERR,ERR,ERR,ERR,ERR,ERR,ERR,ERR,ERR,ERR,ERR,ERR,ERR,ERR,ERR,ERR,ERR,ERR,ERR,ERR,ERR,ERR,ERR,ERR,ERR,ERR,ERR,ERR,ERR,ERR,ERR,ERR,ERR,ERR,ERR,ERR,ERR,ERR,ERR,ERR,ERR,ERR,ERR,ERR,ERR,ERR,0.0,-0.0,0.0,0.0,0.0,0.0,-5.6557069656072074e+20,3.7308593369323143e+21,4300,0,8,17169,4300,0.0,41,0.0,0.0,0.0,0.0,2.7184166902131945e+23,0,0,0,0,0.0,0,0,0,0,0,0,0,0,0,0,0,0,0,0,0,0,0,0,0,0,0,0,0,0,0,0,0,0,0,0,0,0,0,7,37,37,44,65476,370,65476,1,0,4,21553,0.0,0.0,0.0,0.0,0.0,0.0,0.0,0.0,0.0,0.0,0.0,0.0,0.0,0.0,0.0,0.0,0.0,0.0,0.0,0.0,0.0,2.004,2.004,-0.0,0.0,2.004,0.0,0.0,0.0,0.0,6629.0,-0.0,0.0,0.0,-0.0,0.0,0.0,0.0,0.0,2.004,2.004,229,0.0,-107615264.0,0.0,0.0,0.0,0.0,0.0,0.0,0.0,0,0,0,-2.2606113424595345e+30,0.0,4.428436973969781e+37,-3354501578752.0,-0.0,14.454,0.0,1.2738878373221649e+35,-0.0,-2.4090754162687503e+26,-0.242,860170551296.0,0.0,0.0,0.0,0.0,0,1.3516416376850534e+27,229,0.0,458,-621855232.0,82050.086,2114,0,17110,0,17112,0,17096,0,0,0,101,100,100,-0.0,64.8,-0.0,65.1,0.0,65.0,1,49,50,180,52429,52429,0,0,0.0,0.0,0.0,60.0,0.0,71.0,0.0,1.8215013451546654e+37,0.0,1069,0,1069,0,0,0,1070,0,1080,0,1000,0,651,0,653,0,649,0,676,0.032,1.4462247353788288e+22,0.0,0.0,60304,16813,0.0,1.8215013451546654e+37,-8.804882530455944e+28,-1.982,0.0,209.25,50.0,60.0,35,0.0,0.0,10.0,2.0,0.0,0.0,0.0,0.0,0.0,0.0,0.0,0.0,0.0,0.0,0.0,0.0,59.2,30,30,65533,27,65476,723,300,0,0,4,20529,65476,0,0,30147,60.0,0.0,10.0,10.0,2.0,0.0
2026-02-16T12:27:25,ERR,ERR,ERR,ERR,ERR,ERR,ERR,ERR,ERR,ERR,ERR,ERR,ERR,ERR,ERR,ERR,ERR,ERR,ERR,ERR,ERR,ERR,ERR,ERR,ERR,ERR,ERR,ERR,ERR,ERR,ERR,ERR,ERR,ERR,ERR,ERR,ERR,ERR,ERR,ERR,ERR,ERR,ERR,ERR,ERR,ERR,ERR,ERR,ERR,ERR,ERR,ERR,ERR,ERR,ERR,ERR,ERR,ERR,ERR,ERR,ERR,ERR,ERR,ERR,ERR,ERR,ERR,ERR,ERR,ERR,ERR,ERR,ERR,ERR,ERR,ERR,ERR,ERR,ERR,ERR,ERR,ERR,ERR,ERR,ERR,ERR,ERR,ERR,ERR,ERR,ERR,ERR,ERR,ERR,ERR,ERR,ERR,ERR,ERR,ERR,ERR,ERR,ERR,ERR,ERR,ERR,ERR,ERR,ERR,ERR,ERR,ERR,ERR,ERR,ERR,ERR,ERR,ERR,ERR,ERR,ERR,ERR,ERR,ERR,ERR,0.0,-0.0,0.0,0.0,0.0,-0.0,-0.192,-5.33947563469418e+19,4300,0,8,17169,4300,0.0,41,0.0,0.0,0.0,0.0,2.7184166902131945e+23,0,0,0,0,0.0,0,0,0,0,0,0,0,0,0,0,0,0,0,0,0,0,0,0,0,0,0,0,0,0,0,0,0,0,0,0,0,0,0,7,37,37,44,65476,369,65476,1,0,4,21553,0.0,-0.0,0.0,0.0,0.0,0.0,0.0,0.0,0.0,0.0,0.0,0.0,0.0,0.0,0.0,0.0,0.0,0.0,0.0,0.0,0.0,2.004,2.004,-0.0,0.0,0.0,0.0,0.0,0.0,0.0,6626.0,131351.234,0.0,0.0,-0.0,0.0,-2.7184505572823923e+23,0.0,0.0,2.004,2.004,228,0.0,-0.0,0.0,0.0,0.0,0.0,0.0,0.0,0.0,0,0,0,-7.776225967775139e+28,-0.0,5.078007902694558e+27,-0.0,-0.0,-34532583538688.0,0.0,-29987.008,-0.0,-2.5541465146225058e+26,-0.258,911710158848.0,0.0,0.0,0.0,0.0,0,1.3516416376850534e+27,228,0.0,456,0.0,2.6475257086227406e+23,2114,0,17110,0,17112,0,17096,0,0,0,101,100,100,-0.0,64.8,-0.0,65.1,0.0,65.0,1,49,50,180,52429,52429,0,0,0.0,0.0,0.0,60.0,0.0,71.0,0.0,1.8215013451546654e+37,0.0,1069,0,1069,0,0,0,1070,0,1080,0,1000,0,651,0,653,0,649,0,676,0.032,1.4462247353788288e+22,0.0,0.0,60304,16813,0.0,1.8215013451546654e+37,-8.804882530455944e+28,-1.982,0.0,209.25,50.0,60.0,35,0.0,0.0,10.0,2.0,0.0,0.0,0.0,0.0,0.0,0.0,0.0,0.0,0.0,0.0,0.0,0.0,58.8,27,32,65535,27,65476,567,300,0,0,8,20529,65476,0,0,30147,60.0,0.0,10.0,10.0,2.0,0.0
2026-02-16T12:27:26,ERR,ERR,ERR,ERR,ERR,ERR,ERR,ERR,ERR,ERR,ERR,ERR,ERR,ERR,ERR,ERR,ERR,ERR,ERR,ERR,ERR,ERR,ERR,ERR,ERR,ERR,ERR,ERR,ERR,ERR,ERR,ERR,ERR,ERR,ERR,ERR,ERR,ERR,ERR,ERR,ERR,ERR,ERR,ERR,ERR,ERR,ERR,ERR,ERR,ERR,ERR,ERR,ERR,ERR,ERR,ERR,ERR,ERR,ERR,ERR,ERR,ERR,ERR,ERR,ERR,ERR,ERR,ERR,ERR,ERR,ERR,ERR,ERR,ERR,ERR,ERR,ERR,ERR,ERR,ERR,ERR,ERR,ERR,ERR,ERR,ERR,ERR,ERR,ERR,ERR,ERR,ERR,ERR,ERR,ERR,ERR,ERR,ERR,ERR,ERR,ERR,ERR,ERR,ERR,ERR,ERR,ERR,ERR,ERR,ERR,ERR,ERR,ERR,ERR,ERR,ERR,ERR,ERR,ERR,ERR,ERR,ERR,ERR,ERR,ERR,0.0,-0.0,0.0,0.0,0.0,-0.0,-0.192,-5.33947563469418e+19,4300,0,8,17169,4300,0.0,41,0.0,0.0,0.0,0.0,2.7184166902131945e+23,0,0,0,0,0.0,0,0,0,0,0,0,0,0,0,0,0,0,0,0,0,0,0,0,0,0,0,0,0,0,0,0,0,0,0,0,0,0,0,7,37,37,44,65476,369,65476,1,0,4,21553,0.0,-0.0,0.0,0.0,0.0,0.0,0.0,0.0,0.0,0.0,0.0,0.0,0.0,0.0,0.0,0.0,0.0,0.0,0.0,0.0,0.0,2.004,2.004,-0.0,0.0,0.0,0.0,0.0,0.0,0.0,6626.0,131351.234,0.0,0.0,-0.0,0.0,-2.7184505572823923e+23,0.0,0.0,2.004,2.004,228,0.0,-0.0,0.0,0.0,0.0,0.0,0.0,0.0,0.0,0,0,0,-7.776225967775139e+28,-0.0,5.078007902694558e+27,-0.0,-0.0,-34532583538688.0,0.0,-29987.008,-0.0,-2.5541465146225058e+26,-0.258,911710158848.0,0.0,0.0,0.0,0.0,0,1.3516416376850534e+27,228,0.0,456,0.0,2.6475257086227406e+23,2114,0,17110,0,17112,0,17096,0,0,0,101,100,100,-0.0,64.8,-0.0,65.1,0.0,65.0,1,49,50,180,52429,52429,0,0,0.0,0.0,0.0,60.0,0.0,71.0,0.0,0.0,0.0,1069,0,1069,0,0,0,1070,0,1080,0,1000,0,651,0,653,0,649,0,676,0.032,1.4536034330083127e+22,0.0,0.0,61072,16813,0.0,0.0,-0.0,3918723329032192.0,-0.172,0.0,50.0,60.0,35,0.0,0.0,10.0,2.0,0.0,0.0,0.0,0.0,0.0,0.0,0.0,0.0,0.0,0.0,0.0,0.0,58.8,27,32,65535,27,65476,567,300,0,0,8,20529,65476,0,0,30147,60.0,0.0,10.0,10.0,2.0,0.0
2026-02-16T12:27:27,ERR,ERR,ERR,ERR,ERR,ERR,ERR,ERR,ERR,ERR,ERR,ERR,ERR,ERR,ERR,ERR,ERR,ERR,ERR,ERR,ERR,ERR,ERR,ERR,ERR,ERR,ERR,ERR,ERR,ERR,ERR,ERR,ERR,ERR,ERR,ERR,ERR,ERR,ERR,ERR,ERR,ERR,ERR,ERR,ERR,ERR,ERR,ERR,ERR,ERR,ERR,ERR,ERR,ERR,ERR,ERR,ERR,ERR,ERR,ERR,ERR,ERR,ERR,ERR,ERR,ERR,ERR,ERR,ERR,ERR,ERR,ERR,ERR,ERR,ERR,ERR,ERR,ERR,ERR,ERR,ERR,ERR,ERR,ERR,ERR,ERR,ERR,ERR,ERR,ERR,ERR,ERR,ERR,ERR,ERR,ERR,ERR,ERR,ERR,ERR,ERR,ERR,ERR,ERR,ERR,ERR,ERR,ERR,ERR,ERR,ERR,ERR,ERR,ERR,ERR,ERR,ERR,ERR,ERR,ERR,ERR,ERR,ERR,ERR,ERR,0.0,-0.0,0.0,0.0,0.0,-0.0,-0.192,-5.33947563469418e+19,4300,0,8,17169,4300,0.0,41,0.0,0.0,0.0,0.0,2.7184166902131945e+23,0,0,0,0,0.0,0,0,0,0,0,0,0,0,0,0,0,0,0,0,0,0,0,0,0,0,0,0,0,0,0,0,0,0,0,0,0,0,0,7,37,37,44,65476,369,65476,1,0,4,21553,0.0,-0.0,0.0,0.0,0.0,0.0,0.0,0.0,0.0,0.0,0.0,0.0,0.0,0.0,0.0,0.0,0.0,0.0,0.0,0.0,0.0,2.004,2.004,-0.0,0.0,0.0,0.0,0.0,0.0,0.0,6626.0,131351.234,0.0,0.0,-0.0,0.0,-2.7184505572823923e+23,0.0,0.0,2.004,2.004,228,0.0,-0.0,0.0,0.0,0.0,0.0,0.0,0.0,0.0,0,0,0,-7.776225967775139e+28,-0.0,5.078007902694558e+27,-0.0,-0.0,-34532583538688.0,0.0,-29987.008,-0.0,-2.5541465146225058e+26,-0.258,911710158848.0,0.0,0.0,0.0,0.0,0,1.3516416376850534e+27,228,0.0,456,0.0,2.6475257086227406e+23,2114,0,17110,0,17112,0,17096,0,0,0,101,100,100,-0.0,64.8,-0.0,65.1,0.0,65.0,1,49,50,180,52429,52429,0,0,0.0,0.0,0.0,60.0,0.0,71.0,0.0,0.0,0.0,1069,0,1069,0,0,0,1070,0,1080,0,1000,0,651,0,653,0,649,0,676,0.032,1.4536034330083127e+22,0.0,0.0,61072,16813,0.0,0.0,-0.0,3918723329032192.0,-0.172,0.0,50.0,60.0,35,0.0,0.0,10.0,2.0,0.0,0.0,0.0,0.0,0.0,0.0,0.0,0.0,0.0,0.0,0.0,0.0,58.8,28,32,65535,27,65476,485,300,0,0,8,20529,65476,0,0,30147,60.0,0.0,10.0,10.0,2.0,0.0
2026-02-16T12:27:28,ERR,ERR,ERR,ERR,ERR,ERR,ERR,ERR,ERR,ERR,ERR,ERR,ERR,ERR,ERR,ERR,ERR,ERR,ERR,ERR,ERR,ERR,ERR,ERR,ERR,ERR,ERR,ERR,ERR,ERR,ERR,ERR,ERR,ERR,ERR,ERR,ERR,ERR,ERR,ERR,ERR,ERR,ERR,ERR,ERR,ERR,ERR,ERR,ERR,ERR,ERR,ERR,ERR,ERR,ERR,ERR,ERR,ERR,ERR,ERR,ERR,ERR,ERR,ERR,ERR,ERR,ERR,ERR,ERR,ERR,ERR,ERR,ERR,ERR,ERR,ERR,ERR,ERR,ERR,ERR,ERR,ERR,ERR,ERR,ERR,ERR,ERR,ERR,ERR,ERR,ERR,ERR,ERR,ERR,ERR,ERR,ERR,ERR,ERR,ERR,ERR,ERR,ERR,ERR,ERR,ERR,ERR,ERR,ERR,ERR,ERR,ERR,ERR,ERR,ERR,ERR,ERR,ERR,ERR,ERR,ERR,ERR,ERR,ERR,ERR,0.0,-0.0,0.0,0.0,0.0,-0.0,-0.192,-5.33947563469418e+19,4300,0,8,17169,4300,0.0,41,0.0,0.0,0.0,0.0,2.7184166902131945e+23,0,0,0,0,0.0,0,0,0,0,0,0,0,0,0,0,0,0,0,0,0,0,0,0,0,0,0,0,0,0,0,0,0,0,0,0,0,0,0,7,37,37,44,65476,369,65476,1,0,4,21553,0.0,-0.0,0.0,0.0,0.0,0.0,0.0,0.0,0.0,0.0,0.0,0.0,0.0,0.0,0.0,0.0,0.0,0.0,0.0,0.0,0.0,2.004,2.004,-0.0,0.0,0.0,0.0,0.0,0.0,0.0,6626.0,131351.234,0.0,0.0,-0.0,0.0,-2.7184505572823923e+23,0.0,0.0,2.004,2.004,228,0.0,-0.0,0.0,0.0,0.0,0.0,0.0,0.0,0.0,0,0,0,-7.776225967775139e+28,-0.0,5.078007902694558e+27,-0.0,-0.0,-34532583538688.0,0.0,-29987.008,-0.0,-2.5541465146225058e+26,-0.258,911710158848.0,0.0,0.0,0.0,0.0,0,1.3516416376850534e+27,228,0.0,456,0.0,2.6475257086227406e+23,2114,0,17110,0,17112,0,17096,0,0,0,101,100,100,-0.0,64.8,-0.0,65.1,0.0,65.0,1,49,50,180,52429,52429,0,0,0.0,0.0,0.0,60.0,0.0,71.0,0.0,0.0,0.0,1069,0,1069,0,0,0,1070,0,1080,0,1000,0,651,0,653,0,649,0,676,0.032,1.4536034330083127e+22,0.0,0.0,61072,16813,0.0,0.0,-0.0,3918723329032192.0,-0.172,0.0,50.0,60.0,35,0.0,0.0,10.0,2.0,0.0,0.0,0.0,0.0,0.0,0.0,0.0,0.0,0.0,0.0,0.0,0.0,58.8,30,30,65532,27,65476,325,300,0,0,8,20529,65476,0,0,30147,60.0,0.0,10.0,10.0,2.0,0.0
2026-02-16T12:27:29,ERR,ERR,ERR,ERR,ERR,ERR,ERR,ERR,ERR,ERR,ERR,ERR,ERR,ERR,ERR,ERR,ERR,ERR,ERR,ERR,ERR,ERR,ERR,ERR,ERR,ERR,ERR,ERR,ERR,ERR,ERR,ERR,ERR,ERR,ERR,ERR,ERR,ERR,ERR,ERR,ERR,ERR,ERR,ERR,ERR,ERR,ERR,ERR,ERR,ERR,ERR,ERR,ERR,ERR,ERR,ERR,ERR,ERR,ERR,ERR,ERR,ERR,ERR,ERR,ERR,ERR,ERR,ERR,ERR,ERR,ERR,ERR,ERR,ERR,ERR,ERR,ERR,ERR,ERR,ERR,ERR,ERR,ERR,ERR,ERR,ERR,ERR,ERR,ERR,ERR,ERR,ERR,ERR,ERR,ERR,ERR,ERR,ERR,ERR,ERR,ERR,ERR,ERR,ERR,ERR,ERR,ERR,ERR,ERR,ERR,ERR,ERR,ERR,ERR,ERR,ERR,ERR,ERR,ERR,ERR,ERR,ERR,ERR,ERR,ERR,0.0,-0.0,0.0,0.0,0.0,-0.0,-0.192,-5.33947563469418e+19,4300,0,8,17169,4300,0.0,41,0.0,0.0,0.0,0.0,2.7184166902131945e+23,0,0,0,0,0.0,0,0,0,0,0,0,0,0,0,0,0,0,0,0,0,0,0,0,0,0,0,0,0,0,0,0,0,0,0,0,0,0,0,7,37,37,44,65476,369,65476,1,0,4,21553,0.0,-0.0,0.0,0.0,0.0,0.0,0.0,0.0,0.0,0.0,0.0,0.0,0.0,0.0,0.0,0.0,0.0,0.0,0.0,0.0,0.0,2.004,2.004,-0.0,0.0,0.0,0.0,0.0,0.0,0.0,6626.0,131351.234,0.0,0.0,-0.0,0.0,-2.7184505572823923e+23,0.0,0.0,2.004,2.004,228,0.0,-0.0,0.0,0.0,0.0,0.0,0.0,0.0,0.0,0,0,0,-7.776225967775139e+28,-0.0,5.078007902694558e+27,-0.0,-0.0,-34532583538688.0,0.0,-29987.008,-0.0,-2.5541465146225058e+26,-0.258,911710158848.0,0.0,0.0,0.0,0.0,0,1.3516416376850534e+27,228,0.0,456,0.0,2.6475257086227406e+23,2114,0,17110,0,17112,0,17096,0,0,0,101,100,100,-107615240.0,64.8,-0.0,65.1,0.0,65.0,1,49,50,180,52429,52429,0,0,0.0,0.0,0.0,60.0,0.0,71.0,0.0,-0.0,0.0,1069,0,1069,0,0,0,1070,0,1080,0,1000,0,651,0,653,0,649,0,676,0.032,1.4536034330083127e+22,0.0,0.0,48912,16813,0.027,-0.0,3.787359809007444e+20,0.0,4.2872052681550456e+22,-531104032.0,50.0,60.0,35,0.0,0.0,10.0,2.0,0.0,0.0,0.0,0.0,0.0,0.0,0.0,0.0,0.0,0.0,0.0,0.0,58.8,30,30,65532,27,65476,325,300,0,0,8,20529,65476,0,0,30147,60.0,0.0,10.0,10.0,2.0,0.0
2026-02-16T12:27:30,ERR,ERR,ERR,ERR,ERR,ERR,ERR,ERR,ERR,ERR,ERR,ERR,ERR,ERR,ERR,ERR,ERR,ERR,ERR,ERR,ERR,ERR,ERR,ERR,ERR,ERR,ERR,ERR,ERR,ERR,ERR,ERR,ERR,ERR,ERR,ERR,ERR,ERR,ERR,ERR,ERR,ERR,ERR,ERR,ERR,ERR,ERR,ERR,ERR,ERR,ERR,ERR,ERR,ERR,ERR,ERR,ERR,ERR,ERR,ERR,ERR,ERR,ERR,ERR,ERR,ERR,ERR,ERR,ERR,ERR,ERR,ERR,ERR,ERR,ERR,ERR,ERR,ERR,ERR,ERR,ERR,ERR,ERR,ERR,ERR,ERR,ERR,ERR,ERR,ERR,ERR,ERR,ERR,ERR,ERR,ERR,ERR,ERR,ERR,ERR,ERR,ERR,ERR,ERR,ERR,ERR,ERR,ERR,ERR,ERR,ERR,ERR,ERR,ERR,ERR,ERR,ERR,ERR,ERR,ERR,ERR,ERR,ERR,ERR,ERR,0.0,-0.0,0.0,0.0,0.0,-0.0,-0.0,-4.5381993781845e+24,4300,0,8,17169,4300,0.0,41,0.0,0.0,0.0,0.0,2.7184166902131945e+23,0,0,0,0,0.0,0,0,0,0,0,0,0,0,0,0,0,0,0,0,0,0,0,0,0,0,0,0,0,0,0,0,0,0,0,0,0,0,0,7,37,37,44,65476,367,65476,1,0,4,21553,0.0,-107610720.0,0.0,0.0,0.0,0.0,0.0,0.0,0.0,0.0,0.0,0.0,0.0,0.0,0.0,0.0,0.0,0.0,0.0,0.0,0.0,2.004,2.004,-0.0,0.0,0.0,0.0,0.0,0.0,0.0,6654.0,0.0,0.0,0.0,-0.0,0.0,-2.7184505572823923e+23,0.0,0.0,2.004,2.004,228,-152017280434176.0,-0.0,0.0,0.0,0.0,0.0,0.0,0.0,0.0,0,0,0,-4.3959137151274443e+27,-645350686720.0,6.355817567857909e+37,-183886561280.0,-0.0,-0.0,0.0,-0.0,-0.0,-2.6992176129762613e+26,-0.284,967544733696.0,0.0,0.0,0.0,-1.1584378737184205e+23,0,1.3516416376850534e+27,228,0.0,456,-621855232.0,82050.086,2114,0,17110,0,17112,0,17096,0,0,0,101,100,100,-107615240.0,64.8,-0.0,65.1,0.0,65.0,1,49,50,180,52429,52429,0,0,0.0,0.0,0.0,60.0,0.0,71.0,0.0,-0.0,0.0,1069,0,1069,0,0,0,1070,0,1080,0,1000,0,651,0,653,0,649,0,676,0.032,1.4536034330083127e+22,0.0,0.0,48912,16813,0.027,-0.0,3.787359809007444e+20,0.0,4.2872052681550456e+22,-531104032.0,50.0,60.0,35,0.0,0.0,10.0,2.0,0.0,0.0,0.0,0.0,0.0,0.0,0.0,0.0,0.0,0.0,0.0,0.0,59.2,38,23,65525,27,65476,168,300,0,0,8,20529,65476,0,0,30147,60.0,0.0,10.0,10.0,2.0,0.0
2026-02-16T12:27:31,ERR,ERR,ERR,ERR,ERR,ERR,ERR,ERR,ERR,ERR,ERR,ERR,ERR,ERR,ERR,ERR,ERR,ERR,ERR,ERR,ERR,ERR,ERR,ERR,ERR,ERR,ERR,ERR,ERR,ERR,ERR,ERR,ERR,ERR,ERR,ERR,ERR,ERR,ERR,ERR,ERR,ERR,ERR,ERR,ERR,ERR,ERR,ERR,ERR,ERR,ERR,ERR,ERR,ERR,ERR,ERR,ERR,ERR,ERR,ERR,ERR,ERR,ERR,ERR,ERR,ERR,ERR,ERR,ERR,ERR,ERR,ERR,ERR,ERR,ERR,ERR,ERR,ERR,ERR,ERR,ERR,ERR,ERR,ERR,ERR,ERR,ERR,ERR,ERR,ERR,ERR,ERR,ERR,ERR,ERR,ERR,ERR,ERR,ERR,ERR,ERR,ERR,ERR,ERR,ERR,ERR,ERR,ERR,ERR,ERR,ERR,ERR,ERR,ERR,ERR,ERR,ERR,ERR,ERR,ERR,ERR,ERR,ERR,ERR,ERR,0.0,-0.0,0.0,0.0,0.0,-0.0,-0.0,-4.5381993781845e+24,4300,0,8,17169,4300,0.0,41,0.0,0.0,0.0,0.0,2.7184166902131945e+23,0,0,0,0,0.0,0,0,0,0,0,0,0,0,0,0,0,0,0,0,0,0,0,0,0,0,0,0,0,0,0,0,0,0,0,0,0,0,0,7,37,37,44,65476,367,65476,1,0,4,21553,0.0,-107610720.0,0.0,0.0,0.0,0.0,0.0,0.0,0.0,0.0,0.0,0.0,0.0,0.0,0.0,0.0,0.0,0.0,0.0,0.0,0.0,2.004,2.004,-0.0,0.0,0.0,0.0,0.0,0.0,0.0,6654.0,0.0,0.0,0.0,-0.0,0.0,-2.7184505572823923e+23,0.0,0.0,2.004,2.004,228,-152017280434176.0,-0.0,0.0,0.0,0.0,0.0,0.0,0.0,0.0,0,0,0,-4.3959137151274443e+27,-645350686720.0,6.355817567857909e+37,-183886561280.0,-0.0,-0.0,0.0,-0.0,-0.0,-2.6992176129762613e+26,-0.284,967544733696.0,0.0,0.0,0.0,-1.1584378737184205e+23,0,1.3516416376850534e+27,228,0.0,456,-621855232.0,82050.086,2114,0,17110,0,17112,0,17096,0,0,0,101,100,100,-107615240.0,64.8,-0.0,65.1,0.0,65.0,1,49,50,180,52429,52429,0,0,0.0,0.0,0.0,60.0,0.0,71.0,0.0,-0.0,0.0,1069,0,1069,0,0,0,1070,0,1080,0,1000,0,651,0,653,0,649,0,676,0.032,1.4536034330083127e+22,0.0,0.0,48912,16813,0.027,-0.0,3.787359809007444e+20,0.0,4.2872052681550456e+22,-531104032.0,50.0,60.0,35,0.0,0.0,10.0,2.0,0.0,0.0,0.0,0.0,0.0,0.0,0.0,0.0,0.0,0.0,0.0,0.0,59.2,38,23,65525,27,65476,168,300,0,0,8,20529,65476,0,0,30147,60.0,0.0,10.0,10.0,2.0,0.0
2026-02-16T12:27:32,ERR,ERR,ERR,ERR,ERR,ERR,ERR,ERR,ERR,ERR,ERR,ERR,ERR,ERR,ERR,ERR,ERR,ERR,ERR,ERR,ERR,ERR,ERR,ERR,ERR,ERR,ERR,ERR,ERR,ERR,ERR,ERR,ERR,ERR,ERR,ERR,ERR,ERR,ERR,ERR,ERR,ERR,ERR,ERR,ERR,ERR,ERR,ERR,ERR,ERR,ERR,ERR,ERR,ERR,ERR,ERR,ERR,ERR,ERR,ERR,ERR,ERR,ERR,ERR,ERR,ERR,ERR,ERR,ERR,ERR,ERR,ERR,ERR,ERR,ERR,ERR,ERR,ERR,ERR,ERR,ERR,ERR,ERR,ERR,ERR,ERR,ERR,ERR,ERR,ERR,ERR,ERR,ERR,ERR,ERR,ERR,ERR,ERR,ERR,ERR,ERR,ERR,ERR,ERR,ERR,ERR,ERR,ERR,ERR,ERR,ERR,ERR,ERR,ERR,ERR,ERR,ERR,ERR,ERR,ERR,ERR,ERR,ERR,ERR,ERR,0.0,-0.0,0.0,0.0,0.0,-0.0,-0.0,-4.5381993781845e+24,4300,0,8,17169,4300,0.0,41,0.0,0.0,0.0,0.0,2.7184166902131945e+23,0,0,0,0,0.0,0,0,0,0,0,0,0,0,0,0,0,0,0,0,0,0,0,0,0,0,0,0,0,0,0,0,0,0,0,0,0,0,0,7,37,37,44,65476,367,65476,1,0,4,21553,0.0,-107610720.0,0.0,0.0,0.0,0.0,0.0,0.0,0.0,0.0,0.0,0.0,0.0,0.0,0.0,0.0,0.0,0.0,0.0,0.0,0.0,2.004,2.004,-0.0,0.0,0.0,0.0,0.0,0.0,0.0,6654.0,0.0,0.0,0.0,-0.0,0.0,-2.7184505572823923e+23,0.0,0.0,2.004,2.004,228,-152017280434176.0,-0.0,0.0,0.0,0.0,0.0,0.0,0.0,0.0,0,0,0,-4.3959137151274443e+27,-645350686720.0,6.355817567857909e+37,-183886561280.0,-0.0,-0.0,0.0,-0.0,-0.0,-2.6992176129762613e+26,-0.284,967544733696.0,0.0,0.0,0.0,-1.1584378737184205e+23,0,1.3516416376850534e+27,228,0.0,456,-621855232.0,82050.086,2114,0,17110,0,17112,0,17096,0,0,0,101,100,100,-107615240.0,64.8,-0.0,65.1,0.0,65.0,1,49,50,180,52429,52429,0,0,0.0,0.0,0.0,60.0,0.0,71.0,0.0,-0.0,0.0,1069,0,1069,0,0,0,1070,0,1080,0,1000,0,651,0,653,0,649,0,676,0.032,1.4536034330083127e+22,0.0,0.0,48912,16813,0.027,-0.0,3.787359809007444e+20,0.0,4.2872052681550456e+22,-531104032.0,50.0,60.0,35,0.0,0.0,10.0,2.0,0.0,0.0,0.0,0.0,0.0,0.0,0.0,0.0,0.0,0.0,0.0,0.0,58.8,44,18,65519,27,65476,7,300,0,0,8,20529,65476,0,0,30147,60.0,0.0,10.0,10.0,2.0,0.0
2026-02-16T12:27:33,ERR,ERR,ERR,ERR,ERR,ERR,ERR,ERR,ERR,ERR,ERR,ERR,ERR,ERR,ERR,ERR,ERR,ERR,ERR,ERR,ERR,ERR,ERR,ERR,ERR,ERR,ERR,ERR,ERR,ERR,ERR,ERR,ERR,ERR,ERR,ERR,ERR,ERR,ERR,ERR,ERR,ERR,ERR,ERR,ERR,ERR,ERR,ERR,ERR,ERR,ERR,ERR,ERR,ERR,ERR,ERR,ERR,ERR,ERR,ERR,ERR,ERR,ERR,ERR,ERR,ERR,ERR,ERR,ERR,ERR,ERR,ERR,ERR,ERR,ERR,ERR,ERR,ERR,ERR,ERR,ERR,ERR,ERR,ERR,ERR,ERR,ERR,ERR,ERR,ERR,ERR,ERR,ERR,ERR,ERR,ERR,ERR,ERR,ERR,ERR,ERR,ERR,ERR,ERR,ERR,ERR,ERR,ERR,ERR,ERR,ERR,ERR,ERR,ERR,ERR,ERR,ERR,ERR,ERR,ERR,ERR,ERR,ERR,ERR,ERR,0.0,-0.0,0.0,0.0,0.0,-0.0,-0.0,-4.5381993781845e+24,4300,0,8,17169,4300,0.0,41,0.0,0.0,0.0,0.0,2.7184166902131945e+23,0,0,0,0,0.0,0,0,0,0,0,0,0,0,0,0,0,0,0,0,0,0,0,0,0,0,0,0,0,0,0,0,0,0,0,0,0,0,0,7,37,37,44,65476,367,65476,1,0,4,21553,0.0,-107610720.0,0.0,0.0,0.0,0.0,0.0,0.0,0.0,0.0,0.0,0.0,0.0,0.0,0.0,0.0,0.0,0.0,0.0,0.0,0.0,2.004,2.004,-0.0,0.0,0.0,0.0,0.0,0.0,0.0,6654.0,0.0,0.0,0.0,-0.0,0.0,-2.7184505572823923e+23,0.0,0.0,2.004,2.004,228,-152017280434176.0,-0.0,0.0,0.0,0.0,0.0,0.0,0.0,0.0,0,0,0,-4.3959137151274443e+27,-645350686720.0,6.355817567857909e+37,-183886561280.0,-0.0,-0.0,0.0,-0.0,-0.0,-2.6992176129762613e+26,-0.284,967544733696.0,0.0,0.0,0.0,-1.1584378737184205e+23,0,1.3516416376850534e+27,228,0.0,456,-621855232.0,82050.086,2114,0,17110,0,17112,0,17096,0,0,0,101,100,100,-107615240.0,64.8,-0.0,65.1,0.0,65.0,1,49,50,180,52429,52429,0,0,0.0,0.0,0.0,60.0,0.0,71.0,0.0,-0.0,0.0,1069,0,1069,0,0,0,1070,0,1080,0,1000,0,651,0,653,0,649,0,676,0.032,1.4609821306377965e+22,0.0,0.0,59152,16813,0.0,-0.0,0.0,-0.0,0.0,-0.0,50.0,60.0,35,0.0,0.0,10.0,2.0,0.0,0.0,0.0,0.0,0.0,0.0,0.0,0.0,0.0,0.0,0.0,0.0,58.8,44,18,65519,27,65476,7,300,0,0,8,20529,65476,0,0,30147,60.0,0.0,10.0,10.0,2.0,0.0
2026-02-16T12:27:34,ERR,ERR,ERR,ERR,ERR,ERR,ERR,ERR,ERR,ERR,ERR,ERR,ERR,ERR,ERR,ERR,ERR,ERR,ERR,ERR,ERR,ERR,ERR,ERR,ERR,ERR,ERR,ERR,ERR,ERR,ERR,ERR,ERR,ERR,ERR,ERR,ERR,ERR,ERR,ERR,ERR,ERR,ERR,ERR,ERR,ERR,ERR,ERR,ERR,ERR,ERR,ERR,ERR,ERR,ERR,ERR,ERR,ERR,ERR,ERR,ERR,ERR,ERR,ERR,ERR,ERR,ERR,ERR,ERR,ERR,ERR,ERR,ERR,ERR,ERR,ERR,ERR,ERR,ERR,ERR,ERR,ERR,ERR,ERR,ERR,ERR,ERR,ERR,ERR,ERR,ERR,ERR,ERR,ERR,ERR,ERR,ERR,ERR,ERR,ERR,ERR,ERR,ERR,ERR,ERR,ERR,ERR,ERR,ERR,ERR,ERR,ERR,ERR,ERR,ERR,ERR,ERR,ERR,ERR,ERR,ERR,ERR,ERR,ERR,ERR,0.0,-0.0,0.0,0.0,0.0,-0.0,-0.0,-4.5381993781845e+24,4300,0,8,17169,4300,0.0,41,0.0,0.0,0.0,0.0,2.7184166902131945e+23,0,0,0,0,0.0,0,0,0,0,0,0,0,0,0,0,0,0,0,0,0,0,0,0,0,0,0,0,0,0,0,0,0,0,0,0,0,0,0,7,37,37,44,65476,367,65476,1,0,4,21553,0.0,-107610720.0,0.0,0.0,0.0,0.0,0.0,0.0,0.0,0.0,0.0,0.0,0.0,0.0,0.0,0.0,0.0,0.0,0.0,0.0,0.0,2.004,2.004,-0.0,0.0,0.0,0.0,0.0,0.0,0.0,6654.0,0.0,0.0,0.0,-0.0,0.0,-2.7184505572823923e+23,0.0,0.0,2.004,2.004,228,-152017280434176.0,-0.0,0.0,0.0,0.0,0.0,0.0,0.0,0.0,0,0,0,-4.3959137151274443e+27,-645350686720.0,6.355817567857909e+37,-183886561280.0,-0.0,-0.0,0.0,-0.0,-0.0,-2.6992176129762613e+26,-0.284,967544733696.0,0.0,0.0,0.0,-1.1584378737184205e+23,0,1.3516416376850534e+27,228,0.0,456,-621855232.0,82050.086,2114,0,17110,0,17112,0,17096,0,0,0,101,100,100,-107615240.0,64.8,-0.0,65.1,0.0,65.0,1,49,50,180,52429,52429,0,0,0.0,0.0,0.0,60.0,0.0,71.0,0.0,-0.0,0.0,1069,0,1069,0,0,0,1070,0,1080,0,1000,0,651,0,653,0,649,0,676,0.032,1.4609821306377965e+22,0.0,0.0,59152,16813,0.0,-0.0,0.0,-0.0,0.0,-0.0,50.0,60.0,35,0.0,0.0,10.0,2.0,0.0,0.0,0.0,0.0,0.0,0.0,0.0,0.0,0.0,0.0,0.0,0.0,59.2,47,16,65515,27,65476,0,300,0,0,8,20529,65476,0,0,30147,60.0,0.0,10.0,10.0,2.0,0.0
2026-02-16T12:27:35,ERR,ERR,ERR,ERR,ERR,ERR,ERR,ERR,ERR,ERR,ERR,ERR,ERR,ERR,ERR,ERR,ERR,ERR,ERR,ERR,ERR,ERR,ERR,ERR,ERR,ERR,ERR,ERR,ERR,ERR,ERR,ERR,ERR,ERR,ERR,ERR,ERR,ERR,ERR,ERR,ERR,ERR,ERR,ERR,ERR,ERR,ERR,ERR,ERR,ERR,ERR,ERR,ERR,ERR,ERR,ERR,ERR,ERR,ERR,ERR,ERR,ERR,ERR,ERR,ERR,ERR,ERR,ERR,ERR,ERR,ERR,ERR,ERR,ERR,ERR,ERR,ERR,ERR,ERR,ERR,ERR,ERR,ERR,ERR,ERR,ERR,ERR,ERR,ERR,ERR,ERR,ERR,ERR,ERR,ERR,ERR,ERR,ERR,ERR,ERR,ERR,ERR,ERR,ERR,ERR,ERR,ERR,ERR,ERR,ERR,ERR,ERR,ERR,ERR,ERR,ERR,ERR,ERR,ERR,ERR,ERR,ERR,ERR,ERR,ERR,0.0,-0.0,0.0,0.0,0.0,24.407,nan,86033719296.0,4300,0,8,17169,4300,0.0,41,0.0,0.0,0.0,0.0,2.7184166902131945e+23,0,0,0,0,0.0,0,0,0,0,0,0,0,0,0,0,0,0,0,0,0,0,0,0,0,0,0,0,0,0,0,0,0,0,0,0,0,0,0,8,37,36,44,65476,365,65476,1,0,4,21553,0.0,0.0,0.0,0.0,0.0,0.0,0.0,0.0,0.0,0.0,0.0,0.0,0.0,0.0,0.0,0.0,0.0,0.0,0.0,0.0,0.0,2.004,2.004,-0.0,0.0,0.0,0.0,0.0,0.0,0.0,6619.0,3.697208123857253e+19,0.0,0.0,-0.0,0.0,-2.7184505572823923e+23,-0.0,0.0,2.004,2.004,228,-0.0,0.0,0.0,0.0,0.0,0.0,0.0,0.0,0.0,0,0,0,0.0,-21664.953,-0.0,-0.0,-0.0,0.0,-0.0,-1.2475712524051018e+36,-7.040731944361289e+19,-2.8684672277223094e+26,-0.309,1019084341248.0,0.0,0.0,0.0,0.0,0,1.3516416376850534e+27,229,0.0,458,0.0,2.6475257086227406e+23,2114,0,17110,0,17112,0,17096,0,0,0,101,100,100,-107615240.0,64.8,-0.0,65.1,0.0,65.0,1,49,50,180,52429,52429,0,0,0.0,0.0,0.0,60.0,0.0,71.0,0.0,-0.0,0.0,1069,0,1069,0,0,0,1070,0,1080,0,1000,0,651,0,653,0,649,0,676,0.032,1.4609821306377965e+22,0.0,0.0,59152,16813,0.0,-0.0,0.0,-0.0,0.0,-0.0,50.0,60.0,35,0.0,0.0,10.0,2.0,0.0,0.0,0.0,0.0,0.0,0.0,0.0,0.0,0.0,0.0,0.0,0.0,58.8,55,11,65508,27,65476,0,300,0,0,8,20529,65476,0,0,30147,60.0,0.0,10.0,10.0,2.0,0.0
2026-02-16T12:27:36,ERR,ERR,ERR,ERR,ERR,ERR,ERR,ERR,ERR,ERR,ERR,ERR,ERR,ERR,ERR,ERR,ERR,ERR,ERR,ERR,ERR,ERR,ERR,ERR,ERR,ERR,ERR,ERR,ERR,ERR,ERR,ERR,ERR,ERR,ERR,ERR,ERR,ERR,ERR,ERR,ERR,ERR,ERR,ERR,ERR,ERR,ERR,ERR,ERR,ERR,ERR,ERR,ERR,ERR,ERR,ERR,ERR,ERR,ERR,ERR,ERR,ERR,ERR,ERR,ERR,ERR,ERR,ERR,ERR,ERR,ERR,ERR,ERR,ERR,ERR,ERR,ERR,ERR,ERR,ERR,ERR,ERR,ERR,ERR,ERR,ERR,ERR,ERR,ERR,ERR,ERR,ERR,ERR,ERR,ERR,ERR,ERR,ERR,ERR,ERR,ERR,ERR,ERR,ERR,ERR,ERR,ERR,ERR,ERR,ERR,ERR,ERR,ERR,ERR,ERR,ERR,ERR,ERR,ERR,ERR,ERR,ERR,ERR,ERR,ERR,0.0,-0.0,0.0,0.0,0.0,24.407,nan,86033719296.0,4300,0,8,17169,4300,0.0,41,0.0,0.0,0.0,0.0,2.7184166902131945e+23,0,0,0,0,0.0,0,0,0,0,0,0,0,0,0,0,0,0,0,0,0,0,0,0,0,0,0,0,0,0,0,0,0,0,0,0,0,0,0,8,37,36,44,65476,365,65476,1,0,4,21553,0.0,0.0,0.0,0.0,0.0,0.0,0.0,0.0,0.0,0.0,0.0,0.0,0.0,0.0,0.0,0.0,0.0,0.0,0.0,0.0,0.0,2.004,2.004,-0.0,0.0,0.0,0.0,0.0,0.0,0.0,6619.0,3.697208123857253e+19,0.0,0.0,-0.0,0.0,-2.7184505572823923e+23,-0.0,0.0,2.004,2.004,228,-0.0,0.0,0.0,0.0,0.0,0.0,0.0,0.0,0.0,0,0,0,0.0,-21664.953,-0.0,-0.0,-0.0,0.0,-0.0,-1.2475712524051018e+36,-7.040731944361289e+19,-2.8684672277223094e+26,-0.309,1019084341248.0,0.0,0.0,0.0,0.0,0,1.3516416376850534e+27,229,0.0,458,0.0,2.6475257086227406e+23,2114,0,17110,0,17112,0,17096,0,0,0,101,100,100,-107615240.0,64.8,-0.0,65.1,0.0,65.0,1,49,50,180,52429,52429,0,0,0.0,0.0,0.0,60.0,3575971.5,71.0,0.0,-5.378499501387206e+20,0.0,1069,0,1069,0,0,0,1070,0,1080,0,1000,0,651,0,653,0,649,0,676,0.032,1.4462247353788288e+22,0.0,0.0,59024,16813,0.0,-0.0,8.569340340463538e+33,-6.564226608847855e+24,2.961788554276764e+37,-5.454763826913005e+19,50.0,60.0,35,0.0,0.0,10.0,2.0,0.0,0.0,0.0,0.0,0.0,0.0,0.0,0.0,0.0,0.0,0.0,0.0,58.8,55,11,65508,27,65476,0,300,0,0,8,20529,65476,0,0,30147,60.0,0.0,10.0,10.0,2.0,0.0
2026-02-16T12:27:37,ERR,ERR,ERR,ERR,ERR,ERR,ERR,ERR,ERR,ERR,ERR,ERR,ERR,ERR,ERR,ERR,ERR,ERR,ERR,ERR,ERR,ERR,ERR,ERR,ERR,ERR,ERR,ERR,ERR,ERR,ERR,ERR,ERR,ERR,ERR,ERR,ERR,ERR,ERR,ERR,ERR,ERR,ERR,ERR,ERR,ERR,ERR,ERR,ERR,ERR,ERR,ERR,ERR,ERR,ERR,ERR,ERR,ERR,ERR,ERR,ERR,ERR,ERR,ERR,ERR,ERR,ERR,ERR,ERR,ERR,ERR,ERR,ERR,ERR,ERR,ERR,ERR,ERR,ERR,ERR,ERR,ERR,ERR,ERR,ERR,ERR,ERR,ERR,ERR,ERR,ERR,ERR,ERR,ERR,ERR,ERR,ERR,ERR,ERR,ERR,ERR,ERR,ERR,ERR,ERR,ERR,ERR,ERR,ERR,ERR,ERR,ERR,ERR,ERR,ERR,ERR,ERR,ERR,ERR,ERR,ERR,ERR,ERR,ERR,ERR,0.0,-0.0,0.0,0.0,0.0,24.407,nan,86033719296.0,4300,0,8,17169,4300,0.0,41,0.0,0.0,0.0,0.0,2.7184166902131945e+23,0,0,0,0,0.0,0,0,0,0,0,0,0,0,0,0,0,0,0,0,0,0,0,0,0,0,0,0,0,0,0,0,0,0,0,0,0,0,0,8,37,36,44,65476,365,65476,1,0,4,21553,0.0,0.0,0.0,0.0,0.0,0.0,0.0,0.0,0.0,0.0,0.0,0.0,0.0,0.0,0.0,0.0,0.0,0.0,0.0,0.0,0.0,2.004,2.004,-0.0,0.0,0.0,0.0,0.0,0.0,0.0,6619.0,3.697208123857253e+19,0.0,0.0,-0.0,0.0,-2.7184505572823923e+23,-0.0,0.0,2.004,2.004,228,-0.0,0.0,0.0,0.0,0.0,0.0,0.0,0.0,0.0,0,0,0,0.0,-21664.953,-0.0,-0.0,-0.0,0.0,-0.0,-1.2475712524051018e+36,-7.040731944361289e+19,-2.8684672277223094e+26,-0.309,1019084341248.0,0.0,0.0,0.0,0.0,0,1.3516416376850534e+27,229,0.0,458,0.0,2.6475257086227406e+23,2114,0,17110,0,17112,0,17096,0,0,0,101,100,100,-107615240.0,64.8,-0.0,65.1,0.0,65.0,1,49,50,180,52429,52429,0,0,0.0,0.0,0.0,60.0,3575971.5,71.0,0.0,-5.378499501387206e+20,0.0,1069,0,1069,0,0,0,1070,0,1080,0,1000,0,651,0,653,0,649,0,676,0.032,1.4462247353788288e+22,0.0,0.0,59024,16813,0.0,-0.0,8.569340340463538e+33,-6.564226608847855e+24,2.961788554276764e+37,-5.454763826913005e+19,50.0,60.0,35,0.0,0.0,10.0,2.0,0.0,0.0,0.0,0.0,0.0,0.0,0.0,0.0,0.0,0.0,0.0,0.0,59.2,57,10,65506,27,65476,0,300,0,0,8,20529,65476,0,0,30147,60.0,0.0,10.0,10.0,2.0,0.0
2026-02-16T12:27:38,ERR,ERR,ERR,ERR,ERR,ERR,ERR,ERR,ERR,ERR,ERR,ERR,ERR,ERR,ERR,ERR,ERR,ERR,ERR,ERR,ERR,ERR,ERR,ERR,ERR,ERR,ERR,ERR,ERR,ERR,ERR,ERR,ERR,ERR,ERR,ERR,ERR,ERR,ERR,ERR,ERR,ERR,ERR,ERR,ERR,ERR,ERR,ERR,ERR,ERR,ERR,ERR,ERR,ERR,ERR,ERR,ERR,ERR,ERR,ERR,ERR,ERR,ERR,ERR,ERR,ERR,ERR,ERR,ERR,ERR,ERR,ERR,ERR,ERR,ERR,ERR,ERR,ERR,ERR,ERR,ERR,ERR,ERR,ERR,ERR,ERR,ERR,ERR,ERR,ERR,ERR,ERR,ERR,ERR,ERR,ERR,ERR,ERR,ERR,ERR,ERR,ERR,ERR,ERR,ERR,ERR,ERR,ERR,ERR,ERR,ERR,ERR,ERR,ERR,ERR,ERR,ERR,ERR,ERR,ERR,ERR,ERR,ERR,ERR,ERR,0.0,-0.0,0.0,0.0,0.0,24.407,nan,86033719296.0,4300,0,8,17169,4300,0.0,41,0.0,0.0,0.0,0.0,2.7184166902131945e+23,0,0,0,0,0.0,0,0,0,0,0,0,0,0,0,0,0,0,0,0,0,0,0,0,0,0,0,0,0,0,0,0,0,0,0,0,0,0,0,8,37,36,44,65476,365,65476,1,0,4,21553,0.0,0.0,0.0,0.0,0.0,0.0,0.0,0.0,0.0,0.0,0.0,0.0,0.0,0.0,0.0,0.0,0.0,0.0,0.0,0.0,0.0,2.004,2.004,-0.0,0.0,0.0,0.0,0.0,0.0,0.0,6619.0,3.697208123857253e+19,0.0,0.0,-0.0,0.0,-2.7184505572823923e+23,-0.0,0.0,2.004,2.004,228,-0.0,0.0,0.0,0.0,0.0,0.0,0.0,0.0,0.0,0,0,0,0.0,-21664.953,-0.0,-0.0,-0.0,0.0,-0.0,-1.2475712524051018e+36,-7.040731944361289e+19,-2.8684672277223094e+26,-0.309,1019084341248.0,0.0,0.0,0.0,0.0,0,1.3516416376850534e+27,229,0.0,458,0.0,2.6475257086227406e+23,2114,0,17110,0,17112,0,17096,0,0,0,101,100,100,-107615240.0,64.8,-0.0,65.1,0.0,65.0,1,49,50,180,52429,52429,0,0,0.0,0.0,0.0,60.0,3575971.5,71.0,0.0,-5.378499501387206e+20,0.0,1069,0,1069,0,0,0,1070,0,1080,0,1000,0,651,0,653,0,649,0,676,0.032,1.4462247353788288e+22,0.0,0.0,59024,16813,0.0,-0.0,8.569340340463538e+33,-6.564226608847855e+24,2.961788554276764e+37,-5.454763826913005e+19,50.0,60.0,35,0.0,0.0,10.0,2.0,0.0,0.0,0.0,0.0,0.0,0.0,0.0,0.0,0.0,0.0,0.0,0.0,58.8,59,9,65504,27,65476,0,300,0,0,4,20529,65476,0,0,30147,60.0,0.0,10.0,10.0,2.0,0.0
2026-02-16T12:27:39,ERR,ERR,ERR,ERR,ERR,ERR,ERR,ERR,ERR,ERR,ERR,ERR,ERR,ERR,ERR,ERR,ERR,ERR,ERR,ERR,ERR,ERR,ERR,ERR,ERR,ERR,ERR,ERR,ERR,ERR,ERR,ERR,ERR,ERR,ERR,ERR,ERR,ERR,ERR,ERR,ERR,ERR,ERR,ERR,ERR,ERR,ERR,ERR,ERR,ERR,ERR,ERR,ERR,ERR,ERR,ERR,ERR,ERR,ERR,ERR,ERR,ERR,ERR,ERR,ERR,ERR,ERR,ERR,ERR,ERR,ERR,ERR,ERR,ERR,ERR,ERR,ERR,ERR,ERR,ERR,ERR,ERR,ERR,ERR,ERR,ERR,ERR,ERR,ERR,ERR,ERR,ERR,ERR,ERR,ERR,ERR,ERR,ERR,ERR,ERR,ERR,ERR,ERR,ERR,ERR,ERR,ERR,ERR,ERR,ERR,ERR,ERR,ERR,ERR,ERR,ERR,ERR,ERR,ERR,ERR,ERR,ERR,ERR,ERR,ERR,0.0,-0.0,0.0,0.0,0.0,0.0,-1.8568013401595682e+23,1.1889519728834852e+20,4300,0,8,17169,4300,0.0,41,0.0,0.0,0.0,0.0,2.7184166902131945e+23,0,0,0,0,0.0,0,0,0,0,0,0,0,0,0,0,0,0,0,0,0,0,0,0,0,0,0,0,0,0,0,0,0,0,0,0,0,0,0,8,37,36,44,65476,366,65476,1,0,4,21553,0.0,0.0,0.0,0.0,0.0,0.0,0.0,0.0,0.0,0.0,0.0,0.0,0.0,0.0,0.0,0.0,0.0,0.0,0.0,0.0,0.0,2.004,2.004,-0.0,0.0,0.0,0.0,0.0,0.0,0.0,6561.0,-1.0406714467631646e+34,0.0,0.0,-0.0,0.0,-2.7184505572823923e+23,0.0,0.0,2.004,2.004,228,0.0,-126841020416.0,0.0,0.0,0.0,0.0,0.0,0.0,0.0,0,0,0,0.0,0.0,-0.0,-0.0,-0.0,2.004716197226638e+24,-0.0,-0.0,4858658.0,-3.013538326076065e+26,-0.333,1074918916096.0,0.0,0.0,0.0,-401913.875,0,1.3516416376850534e+27,228,0.0,458,-621855232.0,-2.2165387396652623e+20,2114,0,17110,0,17112,0,17096,0,0,0,101,100,100,-107615240.0,64.8,-0.0,65.1,0.0,65.0,1,49,50,180,52429,52429,0,0,0.0,0.0,0.0,60.0,1894481.75,71.0,0.0,-4.663688168530961e+20,0.0,1069,0,1069,0,0,0,1070,0,1080,0,1000,0,651,0,653,0,649,0,677,0.032,1.4609821306377965e+22,2.004,2.73023467606737e+23,60688,16813,0.0,0.0,-0.0,319445991424.0,-11.891,0.0,50.0,60.0,35,0.0,0.0,10.0,2.0,0.0,0.0,0.0,0.0,0.0,0.0,0.0,0.0,0.0,0.0,0.0,0.0,58.8,59,9,65504,27,65476,0,300,0,0,4,20529,65476,0,0,30147,60.0,0.0,10.0,10.0,2.0,0.0
2026-02-16T12:27:40,ERR,ERR,ERR,ERR,ERR,ERR,ERR,ERR,ERR,ERR,ERR,ERR,ERR,ERR,ERR,ERR,ERR,ERR,ERR,ERR,ERR,ERR,ERR,ERR,ERR,ERR,ERR,ERR,ERR,ERR,ERR,ERR,ERR,ERR,ERR,ERR,ERR,ERR,ERR,ERR,ERR,ERR,ERR,ERR,ERR,ERR,ERR,ERR,ERR,ERR,ERR,ERR,ERR,ERR,ERR,ERR,ERR,ERR,ERR,ERR,ERR,ERR,ERR,ERR,ERR,ERR,ERR,ERR,ERR,ERR,ERR,ERR,ERR,ERR,ERR,ERR,ERR,ERR,ERR,ERR,ERR,ERR,ERR,ERR,ERR,ERR,ERR,ERR,ERR,ERR,ERR,ERR,ERR,ERR,ERR,ERR,ERR,ERR,ERR,ERR,ERR,ERR,ERR,ERR,ERR,ERR,ERR,ERR,ERR,ERR,ERR,ERR,ERR,ERR,ERR,ERR,ERR,ERR,ERR,ERR,ERR,ERR,ERR,ERR,ERR,0.0,-0.0,0.0,0.0,0.0,0.0,-1.8568013401595682e+23,1.1889519728834852e+20,4300,0,8,17169,4300,0.0,41,0.0,0.0,0.0,0.0,2.7184166902131945e+23,0,0,0,0,0.0,0,0,0,0,0,0,0,0,0,0,0,0,0,0,0,0,0,0,0,0,0,0,0,0,0,0,0,0,0,0,0,0,0,8,37,36,44,65476,366,65476,1,0,4,21553,0.0,0.0,0.0,0.0,0.0,0.0,0.0,0.0,0.0,0.0,0.0,0.0,0.0,0.0,0.0,0.0,0.0,0.0,0.0,0.0,0.0,2.004,2.004,-0.0,0.0,0.0,0.0,0.0,0.0,0.0,6561.0,-1.0406714467631646e+34,0.0,0.0,-0.0,0.0,-2.7184505572823923e+23,0.0,0.0,2.004,2.004,228,0.0,-126841020416.0,0.0,0.0,0.0,0.0,0.0,0.0,0.0,0,0,0,0.0,0.0,-0.0,-0.0,-0.0,2.004716197226638e+24,-0.0,-0.0,4858658.0,-3.013538326076065e+26,-0.333,1074918916096.0,0.0,0.0,0.0,-401913.875,0,1.3516416376850534e+27,228,0.0,458,-621855232.0,-2.2165387396652623e+20,2114,0,17110,0,17112,0,17096,0,0,0,101,100,100,-107615240.0,64.8,-0.0,65.1,0.0,65.0,1,49,50,180,52429,52429,0,0,0.0,0.0,0.0,60.0,1894481.75,71.0,0.0,-4.663688168530961e+20,0.0,1069,0,1069,0,0,0,1070,0,1080,0,1000,0,651,0,653,0,649,0,677,0.032,1.4609821306377965e+22,2.004,2.73023467606737e+23,60688,16813,0.0,0.0,-0.0,319445991424.0,-11.891,0.0,50.0,60.0,35,0.0,0.0,10.0,2.0,0.0,0.0,0.0,0.0,0.0,0.0,0.0,0.0,0.0,0.0,0.0,0.0,59.2,57,10,65506,27,65476,0,300,0,0,8,20529,65476,0,0,30147,60.0,0.0,10.0,10.0,2.0,0.0
2026-02-16T12:27:41,ERR,ERR,ERR,ERR,ERR,ERR,ERR,ERR,ERR,ERR,ERR,ERR,ERR,ERR,ERR,ERR,ERR,ERR,ERR,ERR,ERR,ERR,ERR,ERR,ERR,ERR,ERR,ERR,ERR,ERR,ERR,ERR,ERR,ERR,ERR,ERR,ERR,ERR,ERR,ERR,ERR,ERR,ERR,ERR,ERR,ERR,ERR,ERR,ERR,ERR,ERR,ERR,ERR,ERR,ERR,ERR,ERR,ERR,ERR,ERR,ERR,ERR,ERR,ERR,ERR,ERR,ERR,ERR,ERR,ERR,ERR,ERR,ERR,ERR,ERR,ERR,ERR,ERR,ERR,ERR,ERR,ERR,ERR,ERR,ERR,ERR,ERR,ERR,ERR,ERR,ERR,ERR,ERR,ERR,ERR,ERR,ERR,ERR,ERR,ERR,ERR,ERR,ERR,ERR,ERR,ERR,ERR,ERR,ERR,ERR,ERR,ERR,ERR,ERR,ERR,ERR,ERR,ERR,ERR,ERR,ERR,ERR,ERR,ERR,ERR,0.0,-0.0,0.0,0.0,0.0,0.0,-1.8568013401595682e+23,1.1889519728834852e+20,4300,0,8,17169,4300,0.0,41,0.0,0.0,0.0,0.0,2.7184166902131945e+23,0,0,0,0,0.0,0,0,0,0,0,0,0,0,0,0,0,0,0,0,0,0,0,0,0,0,0,0,0,0,0,0,0,0,0,0,0,0,0,8,37,36,44,65476,366,65476,1,0,4,21553,0.0,0.0,0.0,0.0,0.0,0.0,0.0,0.0,0.0,0.0,0.0,0.0,0.0,0.0,0.0,0.0,0.0,0.0,0.0,0.0,0.0,2.004,2.004,-0.0,0.0,0.0,0.0,0.0,0.0,0.0,6561.0,-1.0406714467631646e+34,0.0,0.0,-0.0,0.0,-2.7184505572823923e+23,0.0,0.0,2.004,2.004,228,0.0,-126841020416.0,0.0,0.0,0.0,0.0,0.0,0.0,0.0,0,0,0,0.0,0.0,-0.0,-0.0,-0.0,2.004716197226638e+24,-0.0,-0.0,4858658.0,-3.013538326076065e+26,-0.333,1074918916096.0,0.0,0.0,0.0,-401913.875,0,1.3516416376850534e+27,228,0.0,458,-621855232.0,-2.2165387396652623e+20,2114,0,17110,0,17112,0,17096,0,0,0,101,100,100,-107615240.0,64.8,-0.0,65.1,0.0,65.0,1,49,50,180,52429,52429,0,0,0.0,0.0,0.0,60.0,1894481.75,71.0,0.0,-4.663688168530961e+20,0.0,1069,0,1069,0,0,0,1070,0,1080,0,1000,0,651,0,653,0,649,0,677,0.032,1.4609821306377965e+22,2.004,2.73023467606737e+23,60688,16813,0.0,0.0,-0.0,319445991424.0,-11.891,0.0,50.0,60.0,35,0.0,0.0,10.0,2.0,0.0,0.0,0.0,0.0,0.0,0.0,0.0,0.0,0.0,0.0,0.0,0.0,59.2,57,10,65506,27,65476,0,300,0,0,8,20529,65476,0,0,30147,60.0,0.0,10.0,10.0,2.0,0.0
2026-02-16T12:27:42,ERR,ERR,ERR,ERR,ERR,ERR,ERR,ERR,ERR,ERR,ERR,ERR,ERR,ERR,ERR,ERR,ERR,ERR,ERR,ERR,ERR,ERR,ERR,ERR,ERR,ERR,ERR,ERR,ERR,ERR,ERR,ERR,ERR,ERR,ERR,ERR,ERR,ERR,ERR,ERR,ERR,ERR,ERR,ERR,ERR,ERR,ERR,ERR,ERR,ERR,ERR,ERR,ERR,ERR,ERR,ERR,ERR,ERR,ERR,ERR,ERR,ERR,ERR,ERR,ERR,ERR,ERR,ERR,ERR,ERR,ERR,ERR,ERR,ERR,ERR,ERR,ERR,ERR,ERR,ERR,ERR,ERR,ERR,ERR,ERR,ERR,ERR,ERR,ERR,ERR,ERR,ERR,ERR,ERR,ERR,ERR,ERR,ERR,ERR,ERR,ERR,ERR,ERR,ERR,ERR,ERR,ERR,ERR,ERR,ERR,ERR,ERR,ERR,ERR,ERR,ERR,ERR,ERR,ERR,ERR,ERR,ERR,ERR,ERR,ERR,0.0,-0.0,0.0,0.0,0.0,0.0,-1.8568013401595682e+23,1.1889519728834852e+20,4300,0,8,17169,4300,0.0,41,0.0,0.0,0.0,0.0,2.7184166902131945e+23,0,0,0,0,0.0,0,0,0,0,0,0,0,0,0,0,0,0,0,0,0,0,0,0,0,0,0,0,0,0,0,0,0,0,0,0,0,0,0,8,37,36,44,65476,366,65476,1,0,4,21553,0.0,0.0,0.0,0.0,0.0,0.0,0.0,0.0,0.0,0.0,0.0,0.0,0.0,0.0,0.0,0.0,0.0,0.0,0.0,0.0,0.0,2.004,2.004,-0.0,0.0,0.0,0.0,0.0,0.0,0.0,6561.0,-1.0406714467631646e+34,0.0,0.0,-0.0,0.0,-2.7184505572823923e+23,0.0,0.0,2.004,2.004,228,0.0,-126841020416.0,0.0,0.0,0.0,0.0,0.0,0.0,0.0,0,0,0,0.0,0.0,-0.0,-0.0,-0.0,2.004716197226638e+24,-0.0,-0.0,4858658.0,-3.013538326076065e+26,-0.333,1074918916096.0,0.0,0.0,0.0,-401913.875,0,1.3516416376850534e+27,228,0.0,458,-621855232.0,-2.2165387396652623e+20,2114,0,17110,0,17112,0,17096,0,0,0,101,100,100,-107615240.0,64.8,-0.0,65.1,0.0,65.0,1,49,50,180,52429,52429,0,0,0.0,0.0,0.0,60.0,1894481.75,71.0,0.0,-4.663688168530961e+20,0.0,1069,0,1069,0,0,0,1070,0,1080,0,1000,0,651,0,653,0,649,0,677,0.032,1.4609821306377965e+22,2.004,2.73023467606737e+23,60688,16813,0.0,0.0,-0.0,319445991424.0,-11.891,0.0,50.0,60.0,35,0.0,0.0,10.0,2.0,0.0,0.0,0.0,0.0,0.0,0.0,0.0,0.0,0.0,0.0,0.0,0.0,58.8,57,10,65506,27,65476,0,300,0,0,8,20529,65476,0,0,30147,60.0,0.0,10.0,10.0,2.0,0.0
2026-02-16T12:27:43,ERR,ERR,ERR,ERR,ERR,ERR,ERR,ERR,ERR,ERR,ERR,ERR,ERR,ERR,ERR,ERR,ERR,ERR,ERR,ERR,ERR,ERR,ERR,ERR,ERR,ERR,ERR,ERR,ERR,ERR,ERR,ERR,ERR,ERR,ERR,ERR,ERR,ERR,ERR,ERR,ERR,ERR,ERR,ERR,ERR,ERR,ERR,ERR,ERR,ERR,ERR,ERR,ERR,ERR,ERR,ERR,ERR,ERR,ERR,ERR,ERR,ERR,ERR,ERR,ERR,ERR,ERR,ERR,ERR,ERR,ERR,ERR,ERR,ERR,ERR,ERR,ERR,ERR,ERR,ERR,ERR,ERR,ERR,ERR,ERR,ERR,ERR,ERR,ERR,ERR,ERR,ERR,ERR,ERR,ERR,ERR,ERR,ERR,ERR,ERR,ERR,ERR,ERR,ERR,ERR,ERR,ERR,ERR,ERR,ERR,ERR,ERR,ERR,ERR,ERR,ERR,ERR,ERR,ERR,ERR,ERR,ERR,ERR,ERR,ERR,0.0,-0.0,0.0,0.0,0.0,0.0,-1.8568013401595682e+23,1.1889519728834852e+20,4300,0,8,17169,4300,0.0,41,0.0,0.0,0.0,0.0,2.7184166902131945e+23,0,0,0,0,0.0,0,0,0,0,0,0,0,0,0,0,0,0,0,0,0,0,0,0,0,0,0,0,0,0,0,0,0,0,0,0,0,0,0,8,37,36,44,65476,366,65476,1,0,4,21553,0.0,0.0,0.0,0.0,0.0,0.0,0.0,0.0,0.0,0.0,0.0,0.0,0.0,0.0,0.0,0.0,0.0,0.0,0.0,0.0,0.0,2.004,2.004,-0.0,0.0,0.0,0.0,0.0,0.0,0.0,6561.0,-1.0406714467631646e+34,0.0,0.0,-0.0,0.0,-2.7184505572823923e+23,0.0,0.0,2.004,2.004,228,0.0,-126841020416.0,0.0,0.0,0.0,0.0,0.0,0.0,0.0,0,0,0,0.0,0.0,-0.0,-0.0,-0.0,2.004716197226638e+24,-0.0,-0.0,4858658.0,-3.013538326076065e+26,-0.333,1074918916096.0,0.0,0.0,0.0,-401913.875,0,1.3516416376850534e+27,228,0.0,458,-621855232.0,-2.2165387396652623e+20,2114,0,17110,0,17112,0,17096,0,0,0,101,100,100,-107615240.0,64.8,-0.0,65.1,0.0,65.0,1,49,50,180,52429,52429,0,0,0.0,0.0,0.0,60.0,0.0,71.0,0.0,-0.0,0.0,1069,0,1069,0,0,0,1070,0,1080,0,1000,0,651,0,653,0,649,0,677,0.032,1.4609821306377965e+22,2.004,2.73023467606737e+23,58256,16813,0.0,-0.0,52544.141,3.1243727747144775e+25,300.512,-0.0,50.0,60.0,35,0.0,0.0,10.0,2.0,0.0,0.0,0.0,0.0,0.0,0.0,0.0,0.0,0.0,0.0,0.0,0.0,58.8,57,10,65506,27,65476,0,300,0,0,8,20529,65476,0,0,30147,60.0,0.0,10.0,10.0,2.0,0.0
2026-02-16T12:27:44,ERR,ERR,ERR,ERR,ERR,ERR,ERR,ERR,ERR,ERR,ERR,ERR,ERR,ERR,ERR,ERR,ERR,ERR,ERR,ERR,ERR,ERR,ERR,ERR,ERR,ERR,ERR,ERR,ERR,ERR,ERR,ERR,ERR,ERR,ERR,ERR,ERR,ERR,ERR,ERR,ERR,ERR,ERR,ERR,ERR,ERR,ERR,ERR,ERR,ERR,ERR,ERR,ERR,ERR,ERR,ERR,ERR,ERR,ERR,ERR,ERR,ERR,ERR,ERR,ERR,ERR,ERR,ERR,ERR,ERR,ERR,ERR,ERR,ERR,ERR,ERR,ERR,ERR,ERR,ERR,ERR,ERR,ERR,ERR,ERR,ERR,ERR,ERR,ERR,ERR,ERR,ERR,ERR,ERR,ERR,ERR,ERR,ERR,ERR,ERR,ERR,ERR,ERR,ERR,ERR,ERR,ERR,ERR,ERR,ERR,ERR,ERR,ERR,ERR,ERR,ERR,ERR,ERR,ERR,ERR,ERR,ERR,ERR,ERR,ERR,0.0,-0.0,0.0,0.0,0.0,-5.348450157322968e+27,1.5075312224149343e+31,-0.0,4300,0,8,17169,4300,0.0,41,0.0,0.0,0.0,0.0,2.7184166902131945e+23,0,0,0,0,0.0,0,0,0,0,0,0,0,0,0,0,0,0,0,0,0,0,0,0,0,0,0,0,0,0,0,0,0,0,0,0,0,0,0,8,37,36,44,65476,365,65476,1,0,4,21553,0.0,-0.0,0.0,0.0,0.0,0.0,0.0,0.0,0.0,0.0,0.0,0.0,0.0,0.0,0.0,0.0,0.0,0.0,0.0,0.0,0.0,2.004,2.004,-0.0,0.0,2.004,0.0,0.0,0.0,0.0,6620.0,0.0,0.0,0.0,-0.0,0.0,0.0,0.0,0.0,2.004,2.004,229,-107614784.0,-4.066875947584353e+29,0.0,0.0,0.0,0.0,0.0,0.0,0.0,0,0,0,0.0,0.0,-0.0,179.258,-0.0,-46204864.0,-0.0,-2.5007384948440044e+32,-0.03,-3.22236875064619e+26,-0.358,1161995354112.0,0.0,0.0,0.0,0.0,0,1.3516416376850534e+27,229,0.0,458,-621855232.0,-2.2165387396652623e+20,2114,0,17110,0,17112,0,17096,0,0,0,101,100,100,-107615240.0,64.8,-0.0,65.1,0.0,65.0,1,49,50,180,52429,52429,0,0,0.0,0.0,0.0,60.0,0.0,71.0,0.0,-0.0,0.0,1069,0,1069,0,0,0,1070,0,1080,0,1000,0,651,0,653,0,649,0,677,0.032,1.4609821306377965e+22,2.004,2.73023467606737e+23,58256,16813,0.0,-0.0,52544.141,3.1243727747144775e+25,300.512,-0.0,50.0,60.0,35,0.0,0.0,10.0,2.0,0.0,0.0,0.0,0.0,0.0,0.0,0.0,0.0,0.0,0.0,0.0,0.0,58.8,57,10,65506,27,65476,0,300,0,0,8,20529,65476,0,0,30147,60.0,0.0,10.0,10.0,2.0,0.0
2026-02-16T12:27:45,ERR,ERR,ERR,ERR,ERR,ERR,ERR,ERR,ERR,ERR,ERR,ERR,ERR,ERR,ERR,ERR,ERR,ERR,ERR,ERR,ERR,ERR,ERR,ERR,ERR,ERR,ERR,ERR,ERR,ERR,ERR,ERR,ERR,ERR,ERR,ERR,ERR,ERR,ERR,ERR,ERR,ERR,ERR,ERR,ERR,ERR,ERR,ERR,ERR,ERR,ERR,ERR,ERR,ERR,ERR,ERR,ERR,ERR,ERR,ERR,ERR,ERR,ERR,ERR,ERR,ERR,ERR,ERR,ERR,ERR,ERR,ERR,ERR,ERR,ERR,ERR,ERR,ERR,ERR,ERR,ERR,ERR,ERR,ERR,ERR,ERR,ERR,ERR,ERR,ERR,ERR,ERR,ERR,ERR,ERR,ERR,ERR,ERR,ERR,ERR,ERR,ERR,ERR,ERR,ERR,ERR,ERR,ERR,ERR,ERR,ERR,ERR,ERR,ERR,ERR,ERR,ERR,ERR,ERR,ERR,ERR,ERR,ERR,ERR,ERR,0.0,-0.0,0.0,0.0,0.0,-5.348450157322968e+27,1.5075312224149343e+31,-0.0,4300,0,8,17169,4300,0.0,41,0.0,0.0,0.0,0.0,2.7184166902131945e+23,0,0,0,0,0.0,0,0,0,0,0,0,0,0,0,0,0,0,0,0,0,0,0,0,0,0,0,0,0,0,0,0,0,0,0,0,0,0,0,8,37,36,44,65476,365,65476,1,0,4,21553,0.0,-0.0,0.0,0.0,0.0,0.0,0.0,0.0,0.0,0.0,0.0,0.0,0.0,0.0,0.0,0.0,0.0,0.0,0.0,0.0,0.0,2.004,2.004,-0.0,0.0,2.004,0.0,0.0,0.0,0.0,6620.0,0.0,0.0,0.0,-0.0,0.0,0.0,0.0,0.0,2.004,2.004,229,-107614784.0,-4.066875947584353e+29,0.0,0.0,0.0,0.0,0.0,0.0,0.0,0,0,0,0.0,0.0,-0.0,179.258,-0.0,-46204864.0,-0.0,-2.5007384948440044e+32,-0.03,-3.22236875064619e+26,-0.358,1161995354112.0,0.0,0.0,0.0,0.0,0,1.3516416376850534e+27,229,0.0,458,-621855232.0,-2.2165387396652623e+20,2114,0,17110,0,17112,0,17096,0,0,0,101,100,100,-107615240.0,64.8,-0.0,65.1,0.0,65.0,1,49,50,180,52429,52429,0,0,0.0,0.0,0.0,60.0,0.0,71.0,0.0,-0.0,0.0,1069,0,1069,0,0,0,1070,0,1080,0,1000,0,651,0,653,0,649,0,677,0.032,1.4609821306377965e+22,2.004,2.73023467606737e+23,58256,16813,0.0,-0.0,52544.141,3.1243727747144775e+25,300.512,-0.0,50.0,60.0,35,0.0,0.0,10.0,2.0,0.0,0.0,0.0,0.0,0.0,0.0,0.0,0.0,0.0,0.0,0.0,0.0,58.8,57,10,65506,27,65476,0,300,0,0,8,20529,65476,0,0,30147,60.0,0.0,10.0,10.0,2.0,0.0
2026-02-16T12:27:46,ERR,ERR,ERR,ERR,ERR,ERR,ERR,ERR,ERR,ERR,ERR,ERR,ERR,ERR,ERR,ERR,ERR,ERR,ERR,ERR,ERR,ERR,ERR,ERR,ERR,ERR,ERR,ERR,ERR,ERR,ERR,ERR,ERR,ERR,ERR,ERR,ERR,ERR,ERR,ERR,ERR,ERR,ERR,ERR,ERR,ERR,ERR,ERR,ERR,ERR,ERR,ERR,ERR,ERR,ERR,ERR,ERR,ERR,ERR,ERR,ERR,ERR,ERR,ERR,ERR,ERR,ERR,ERR,ERR,ERR,ERR,ERR,ERR,ERR,ERR,ERR,ERR,ERR,ERR,ERR,ERR,ERR,ERR,ERR,ERR,ERR,ERR,ERR,ERR,ERR,ERR,ERR,ERR,ERR,ERR,ERR,ERR,ERR,ERR,ERR,ERR,ERR,ERR,ERR,ERR,ERR,ERR,ERR,ERR,ERR,ERR,ERR,ERR,ERR,ERR,ERR,ERR,ERR,ERR,ERR,ERR,ERR,ERR,ERR,ERR,0.0,-0.0,0.0,0.0,0.0,-5.348450157322968e+27,1.5075312224149343e+31,-0.0,4300,0,8,17169,4300,0.0,41,0.0,0.0,0.0,0.0,2.7184166902131945e+23,0,0,0,0,0.0,0,0,0,0,0,0,0,0,0,0,0,0,0,0,0,0,0,0,0,0,0,0,0,0,0,0,0,0,0,0,0,0,0,8,37,36,44,65476,365,65476,1,0,4,21553,0.0,-0.0,0.0,0.0,0.0,0.0,0.0,0.0,0.0,0.0,0.0,0.0,0.0,0.0,0.0,0.0,0.0,0.0,0.0,0.0,0.0,2.004,2.004,-0.0,0.0,2.004,0.0,0.0,0.0,0.0,6620.0,0.0,0.0,0.0,-0.0,0.0,0.0,0.0,0.0,2.004,2.004,229,-107614784.0,-4.066875947584353e+29,0.0,0.0,0.0,0.0,0.0,0.0,0.0,0,0,0,0.0,0.0,-0.0,179.258,-0.0,-46204864.0,-0.0,-2.5007384948440044e+32,-0.03,-3.22236875064619e+26,-0.358,1161995354112.0,0.0,0.0,0.0,0.0,0,1.3516416376850534e+27,229,0.0,458,-621855232.0,-2.2165387396652623e+20,2114,0,17110,0,17112,0,17096,0,0,0,101,100,100,-107615240.0,64.8,-0.0,65.1,0.0,65.0,1,49,50,180,52429,52429,0,0,0.0,0.0,0.0,60.0,0.0,71.0,0.0,-3.947833865745203e+16,0.0,1069,0,1069,0,0,0,1070,0,1080,0,1000,0,651,0,653,0,649,0,677,0.032,1.4536034330083127e+22,2.004,2.73023467606737e+23,61840,16813,0.0,-3.947833865745203e+16,1.8879237013054241e+37,-3.0940383649453834e+18,-0.0,-7.018991186596065e+21,50.0,60.0,35,0.0,0.0,10.0,2.0,0.0,0.0,0.0,0.0,0.0,0.0,0.0,0.0,0.0,0.0,0.0,0.0,58.8,57,10,65506,27,65476,0,300,0,0,8,20529,65476,0,0,30147,60.0,0.0,10.0,10.0,2.0,0.0
2026-02-16T12:27:47,ERR,ERR,ERR,ERR,ERR,ERR,ERR,ERR,ERR,ERR,ERR,ERR,ERR,ERR,ERR,ERR,ERR,ERR,ERR,ERR,ERR,ERR,ERR,ERR,ERR,ERR,ERR,ERR,ERR,ERR,ERR,ERR,ERR,ERR,ERR,ERR,ERR,ERR,ERR,ERR,ERR,ERR,ERR,ERR,ERR,ERR,ERR,ERR,ERR,ERR,ERR,ERR,ERR,ERR,ERR,ERR,ERR,ERR,ERR,ERR,ERR,ERR,ERR,ERR,ERR,ERR,ERR,ERR,ERR,ERR,ERR,ERR,ERR,ERR,ERR,ERR,ERR,ERR,ERR,ERR,ERR,ERR,ERR,ERR,ERR,ERR,ERR,ERR,ERR,ERR,ERR,ERR,ERR,ERR,ERR,ERR,ERR,ERR,ERR,ERR,ERR,ERR,ERR,ERR,ERR,ERR,ERR,ERR,ERR,ERR,ERR,ERR,ERR,ERR,ERR,ERR,ERR,ERR,ERR,ERR,ERR,ERR,ERR,ERR,ERR,0.0,-0.0,0.0,0.0,0.0,-5.348450157322968e+27,1.5075312224149343e+31,-0.0,4300,0,8,17169,4300,0.0,41,0.0,0.0,0.0,0.0,2.7184166902131945e+23,0,0,0,0,0.0,0,0,0,0,0,0,0,0,0,0,0,0,0,0,0,0,0,0,0,0,0,0,0,0,0,0,0,0,0,0,0,0,0,8,37,36,44,65476,365,65476,1,0,4,21553,0.0,-0.0,0.0,0.0,0.0,0.0,0.0,0.0,0.0,0.0,0.0,0.0,0.0,0.0,0.0,0.0,0.0,0.0,0.0,0.0,0.0,2.004,2.004,-0.0,0.0,2.004,0.0,0.0,0.0,0.0,6620.0,0.0,0.0,0.0,-0.0,0.0,0.0,0.0,0.0,2.004,2.004,229,-107614784.0,-4.066875947584353e+29,0.0,0.0,0.0,0.0,0.0,0.0,0.0,0,0,0,0.0,0.0,-0.0,179.258,-0.0,-46204864.0,-0.0,-2.5007384948440044e+32,-0.03,-3.22236875064619e+26,-0.358,1161995354112.0,0.0,0.0,0.0,0.0,0,1.3516416376850534e+27,229,0.0,458,-621855232.0,-2.2165387396652623e+20,2114,0,17110,0,17112,0,17096,0,0,0,101,100,100,-107615240.0,64.8,-0.0,65.1,0.0,65.0,1,49,50,180,52429,52429,0,0,0.0,0.0,0.0,60.0,0.0,71.0,0.0,-3.947833865745203e+16,0.0,1069,0,1069,0,0,0,1070,0,1080,0,1000,0,651,0,653,0,649,0,677,0.032,1.4536034330083127e+22,2.004,2.73023467606737e+23,61840,16813,0.0,-3.947833865745203e+16,1.8879237013054241e+37,-3.0940383649453834e+18,-0.0,-7.018991186596065e+21,50.0,60.0,35,0.0,0.0,10.0,2.0,0.0,0.0,0.0,0.0,0.0,0.0,0.0,0.0,0.0,0.0,0.0,0.0,58.8,57,10,65506,27,65476,0,300,0,0,8,20529,65476,0,0,30147,60.0,0.0,10.0,10.0,2.0,0.0
2026-02-16T12:27:48,ERR,ERR,ERR,ERR,ERR,ERR,ERR,ERR,ERR,ERR,ERR,ERR,ERR,ERR,ERR,ERR,ERR,ERR,ERR,ERR,ERR,ERR,ERR,ERR,ERR,ERR,ERR,ERR,ERR,ERR,ERR,ERR,ERR,ERR,ERR,ERR,ERR,ERR,ERR,ERR,ERR,ERR,ERR,ERR,ERR,ERR,ERR,ERR,ERR,ERR,ERR,ERR,ERR,ERR,ERR,ERR,ERR,ERR,ERR,ERR,ERR,ERR,ERR,ERR,ERR,ERR,ERR,ERR,ERR,ERR,ERR,ERR,ERR,ERR,ERR,ERR,ERR,ERR,ERR,ERR,ERR,ERR,ERR,ERR,ERR,ERR,ERR,ERR,ERR,ERR,ERR,ERR,ERR,ERR,ERR,ERR,ERR,ERR,ERR,ERR,ERR,ERR,ERR,ERR,ERR,ERR,ERR,ERR,ERR,ERR,ERR,ERR,ERR,ERR,ERR,ERR,ERR,ERR,ERR,ERR,ERR,ERR,ERR,ERR,ERR,0.0,-0.0,0.0,0.0,0.0,-5.348450157322968e+27,1.5075312224149343e+31,-0.0,4300,0,8,17169,4300,0.0,41,0.0,0.0,0.0,0.0,2.7184166902131945e+23,0,0,0,0,0.0,0,0,0,0,0,0,0,0,0,0,0,0,0,0,0,0,0,0,0,0,0,0,0,0,0,0,0,0,0,0,0,0,0,8,37,36,44,65476,365,65476,1,0,4,21553,0.0,-0.0,0.0,0.0,0.0,0.0,0.0,0.0,0.0,0.0,0.0,0.0,0.0,0.0,0.0,0.0,0.0,0.0,0.0,0.0,0.0,2.004,2.004,-0.0,0.0,2.004,0.0,0.0,0.0,0.0,6620.0,0.0,0.0,0.0,-0.0,0.0,0.0,0.0,0.0,2.004,2.004,229,-107614784.0,-4.066875947584353e+29,0.0,0.0,0.0,0.0,0.0,0.0,0.0,0,0,0,0.0,0.0,-0.0,179.258,-0.0,-46204864.0,-0.0,-2.5007384948440044e+32,-0.03,-3.22236875064619e+26,-0.358,1161995354112.0,0.0,0.0,0.0,0.0,0,1.3516416376850534e+27,229,0.0,458,-621855232.0,-2.2165387396652623e+20,2114,0,17110,0,17112,0,17096,0,0,0,101,100,100,-107615240.0,64.8,-0.0,65.1,0.0,65.0,1,49,50,180,52429,52429,0,0,0.0,0.0,0.0,60.0,0.0,71.0,0.0,-3.947833865745203e+16,0.0,1069,0,1069,0,0,0,1070,0,1080,0,1000,0,651,0,653,0,649,0,677,0.032,1.4536034330083127e+22,2.004,2.73023467606737e+23,61840,16813,0.0,-3.947833865745203e+16,1.8879237013054241e+37,-3.0940383649453834e+18,-0.0,-7.018991186596065e+21,50.0,60.0,35,0.0,0.0,10.0,2.0,0.0,0.0,0.0,0.0,0.0,0.0,0.0,0.0,0.0,0.0,0.0,0.0,58.8,56,10,65507,27,65476,0,300,0,0,8,20529,65476,0,0,30147,60.0,0.0,10.0,10.0,2.0,0.0
2026-02-16T12:27:49,ERR,ERR,ERR,ERR,ERR,ERR,ERR,ERR,ERR,ERR,ERR,ERR,ERR,ERR,ERR,ERR,ERR,ERR,ERR,ERR,ERR,ERR,ERR,ERR,ERR,ERR,ERR,ERR,ERR,ERR,ERR,ERR,ERR,ERR,ERR,ERR,ERR,ERR,ERR,ERR,ERR,ERR,ERR,ERR,ERR,ERR,ERR,ERR,ERR,ERR,ERR,ERR,ERR,ERR,ERR,ERR,ERR,ERR,ERR,ERR,ERR,ERR,ERR,ERR,ERR,ERR,ERR,ERR,ERR,ERR,ERR,ERR,ERR,ERR,ERR,ERR,ERR,ERR,ERR,ERR,ERR,ERR,ERR,ERR,ERR,ERR,ERR,ERR,ERR,ERR,ERR,ERR,ERR,ERR,ERR,ERR,ERR,ERR,ERR,ERR,ERR,ERR,ERR,ERR,ERR,ERR,ERR,ERR,ERR,ERR,ERR,ERR,ERR,ERR,ERR,ERR,ERR,ERR,ERR,ERR,ERR,ERR,ERR,ERR,ERR,0.0,-0.0,0.0,0.0,0.0,-7643952475799552.0,257995669504.0,-0.0,4300,0,8,17169,4300,0.0,41,0.0,0.0,0.0,0.0,2.7184166902131945e+23,0,0,0,0,0.0,0,0,0,0,0,0,0,0,0,0,0,0,0,0,0,0,0,0,0,0,0,0,0,0,0,0,0,0,0,0,0,0,0,8,37,36,44,65476,363,65476,1,0,4,21553,0.0,0.0,0.0,0.0,0.0,0.0,0.0,0.0,0.0,0.0,0.0,0.0,0.0,0.0,0.0,0.0,0.0,0.0,0.0,0.0,0.0,2.004,2.004,-0.0,0.0,3.697075742657269e+19,0.0,0.0,0.0,0.0,6617.0,3.697208123857253e+19,0.0,0.0,-0.0,0.0,0.0,0.0,0.0,2.004,2.004,228,-0.0,0.0,0.0,0.0,0.0,0.0,0.0,0.0,0.0,0,0,0,-1.1161840906716867e+28,-4.487307855718483e+21,-0.0,0.0,-0.0,-26772444.0,526721220608.0,-0.001,4.0936962502344925e+28,-3.536689463745994e+26,-0.379,1256484634624.0,0.0,0.0,0.0,-7.584807867140618e+37,0,1.3516416376850534e+27,228,0.0,456,2.40156025918058e+36,599251620986880.0,2114,0,17110,0,17112,52429,17095,0,0,0,101,100,100,-107615240.0,64.8,-0.0,65.2,2.7302337753474445e+23,65.0,1,49,50,180,52429,52429,0,0,0.0,0.0,0.0,60.0,43846200.0,71.0,0.0,-1.0526414701853042e+21,0.0,1069,0,1069,0,0,0,1070,0,1080,0,1000,0,652,0,653,0,649,0,677,0.032,1.4609821306377965e+22,2.004,2.73023467606737e+23,64912,16813,16401038.0,-0.0,-0.0,-0.0,-0.0,-8.368480105735359e+30,50.0,60.0,35,0.0,0.0,10.0,2.0,0.0,0.0,0.0,0.0,0.0,0.0,0.0,0.0,0.0,0.0,0.0,0.0,58.8,56,10,65507,27,65476,0,300,0,0,8,20529,65476,0,0,30147,60.0,0.0,10.0,10.0,2.0,0.0
2026-02-16T12:27:50,ERR,ERR,ERR,ERR,ERR,ERR,ERR,ERR,ERR,ERR,ERR,ERR,ERR,ERR,ERR,ERR,ERR,ERR,ERR,ERR,ERR,ERR,ERR,ERR,ERR,ERR,ERR,ERR,ERR,ERR,ERR,ERR,ERR,ERR,ERR,ERR,ERR,ERR,ERR,ERR,ERR,ERR,ERR,ERR,ERR,ERR,ERR,ERR,ERR,ERR,ERR,ERR,ERR,ERR,ERR,ERR,ERR,ERR,ERR,ERR,ERR,ERR,ERR,ERR,ERR,ERR,ERR,ERR,ERR,ERR,ERR,ERR,ERR,ERR,ERR,ERR,ERR,ERR,ERR,ERR,ERR,ERR,ERR,ERR,ERR,ERR,ERR,ERR,ERR,ERR,ERR,ERR,ERR,ERR,ERR,ERR,ERR,ERR,ERR,ERR,ERR,ERR,ERR,ERR,ERR,ERR,ERR,ERR,ERR,ERR,ERR,ERR,ERR,ERR,ERR,ERR,ERR,ERR,ERR,ERR,ERR,ERR,ERR,ERR,ERR,0.0,-0.0,0.0,0.0,0.0,-7643952475799552.0,257995669504.0,-0.0,4300,0,8,17169,4300,0.0,41,0.0,0.0,0.0,0.0,2.7184166902131945e+23,0,0,0,0,0.0,0,0,0,0,0,0,0,0,0,0,0,0,0,0,0,0,0,0,0,0,0,0,0,0,0,0,0,0,0,0,0,0,0,8,37,36,44,65476,363,65476,1,0,4,21553,0.0,0.0,0.0,0.0,0.0,0.0,0.0,0.0,0.0,0.0,0.0,0.0,0.0,0.0,0.0,0.0,0.0,0.0,0.0,0.0,0.0,2.004,2.004,-0.0,0.0,3.697075742657269e+19,0.0,0.0,0.0,0.0,6617.0,3.697208123857253e+19,0.0,0.0,-0.0,0.0,0.0,0.0,0.0,2.004,2.004,228,-0.0,0.0,0.0,0.0,0.0,0.0,0.0,0.0,0.0,0,0,0,-1.1161840906716867e+28,-4.487307855718483e+21,-0.0,0.0,-0.0,-26772444.0,526721220608.0,-0.001,4.0936962502344925e+28,-3.536689463745994e+26,-0.379,1256484634624.0,0.0,0.0,0.0,-7.584807867140618e+37,0,1.3516416376850534e+27,228,0.0,456,2.40156025918058e+36,599251620986880.0,2114,0,17110,0,17112,52429,17095,0,0,0,101,100,100,-107615240.0,64.8,-0.0,65.2,2.7302337753474445e+23,65.0,1,49,50,180,52429,52429,0,0,0.0,0.0,0.0,60.0,43846200.0,71.0,0.0,-1.0526414701853042e+21,0.0,1069,0,1069,0,0,0,1070,0,1080,0,1000,0,652,0,653,0,649,0,677,0.032,1.4609821306377965e+22,2.004,2.73023467606737e+23,64912,16813,16401038.0,-0.0,-0.0,-0.0,-0.0,-8.368480105735359e+30,50.0,60.0,35,0.0,0.0,10.0,2.0,0.0,0.0,0.0,0.0,0.0,0.0,0.0,0.0,0.0,0.0,0.0,0.0,58.8,56,10,65507,27,65476,0,300,0,0,8,20529,65476,0,0,30147,60.0,0.0,10.0,10.0,2.0,0.0
2026-02-16T12:27:51,ERR,ERR,ERR,ERR,ERR,ERR,ERR,ERR,ERR,ERR,ERR,ERR,ERR,ERR,ERR,ERR,ERR,ERR,ERR,ERR,ERR,ERR,ERR,ERR,ERR,ERR,ERR,ERR,ERR,ERR,ERR,ERR,ERR,ERR,ERR,ERR,ERR,ERR,ERR,ERR,ERR,ERR,ERR,ERR,ERR,ERR,ERR,ERR,ERR,ERR,ERR,ERR,ERR,ERR,ERR,ERR,ERR,ERR,ERR,ERR,ERR,ERR,ERR,ERR,ERR,ERR,ERR,ERR,ERR,ERR,ERR,ERR,ERR,ERR,ERR,ERR,ERR,ERR,ERR,ERR,ERR,ERR,ERR,ERR,ERR,ERR,ERR,ERR,ERR,ERR,ERR,ERR,ERR,ERR,ERR,ERR,ERR,ERR,ERR,ERR,ERR,ERR,ERR,ERR,ERR,ERR,ERR,ERR,ERR,ERR,ERR,ERR,ERR,ERR,ERR,ERR,ERR,ERR,ERR,ERR,ERR,ERR,ERR,ERR,ERR,0.0,-0.0,0.0,0.0,0.0,-7643952475799552.0,257995669504.0,-0.0,4300,0,8,17169,4300,0.0,41,0.0,0.0,0.0,0.0,2.7184166902131945e+23,0,0,0,0,0.0,0,0,0,0,0,0,0,0,0,0,0,0,0,0,0,0,0,0,0,0,0,0,0,0,0,0,0,0,0,0,0,0,0,8,37,36,44,65476,363,65476,1,0,4,21553,0.0,0.0,0.0,0.0,0.0,0.0,0.0,0.0,0.0,0.0,0.0,0.0,0.0,0.0,0.0,0.0,0.0,0.0,0.0,0.0,0.0,2.004,2.004,-0.0,0.0,3.697075742657269e+19,0.0,0.0,0.0,0.0,6617.0,3.697208123857253e+19,0.0,0.0,-0.0,0.0,0.0,0.0,0.0,2.004,2.004,228,-0.0,0.0,0.0,0.0,0.0,0.0,0.0,0.0,0.0,0,0,0,-1.1161840906716867e+28,-4.487307855718483e+21,-0.0,0.0,-0.0,-26772444.0,526721220608.0,-0.001,4.0936962502344925e+28,-3.536689463745994e+26,-0.379,1256484634624.0,0.0,0.0,0.0,-7.584807867140618e+37,0,1.3516416376850534e+27,228,0.0,456,2.40156025918058e+36,599251620986880.0,2114,0,17110,0,17112,52429,17095,0,0,0,101,100,100,-107615240.0,64.8,-0.0,65.2,2.7302337753474445e+23,65.0,1,49,50,180,52429,52429,0,0,0.0,0.0,0.0,60.0,43846200.0,71.0,0.0,-1.0526414701853042e+21,0.0,1069,0,1069,0,0,0,1070,0,1080,0,1000,0,652,0,653,0,649,0,677,0.032,1.4609821306377965e+22,2.004,2.73023467606737e+23,64912,16813,16401038.0,-0.0,-0.0,-0.0,-0.0,-8.368480105735359e+30,50.0,60.0,35,0.0,0.0,10.0,2.0,0.0,0.0,0.0,0.0,0.0,0.0,0.0,0.0,0.0,0.0,0.0,0.0,58.8,56,10,65507,27,65476,0,300,0,0,8,20529,65476,0,0,30147,60.0,0.0,10.0,10.0,2.0,0.0
2026-02-16T12:27:52,ERR,ERR,ERR,ERR,ERR,ERR,ERR,ERR,ERR,ERR,ERR,ERR,ERR,ERR,ERR,ERR,ERR,ERR,ERR,ERR,ERR,ERR,ERR,ERR,ERR,ERR,ERR,ERR,ERR,ERR,ERR,ERR,ERR,ERR,ERR,ERR,ERR,ERR,ERR,ERR,ERR,ERR,ERR,ERR,ERR,ERR,ERR,ERR,ERR,ERR,ERR,ERR,ERR,ERR,ERR,ERR,ERR,ERR,ERR,ERR,ERR,ERR,ERR,ERR,ERR,ERR,ERR,ERR,ERR,ERR,ERR,ERR,ERR,ERR,ERR,ERR,ERR,ERR,ERR,ERR,ERR,ERR,ERR,ERR,ERR,ERR,ERR,ERR,ERR,ERR,ERR,ERR,ERR,ERR,ERR,ERR,ERR,ERR,ERR,ERR,ERR,ERR,ERR,ERR,ERR,ERR,ERR,ERR,ERR,ERR,ERR,ERR,ERR,ERR,ERR,ERR,ERR,ERR,ERR,ERR,ERR,ERR,ERR,ERR,ERR,0.0,-0.0,0.0,0.0,0.0,-7643952475799552.0,257995669504.0,-0.0,4300,0,8,17169,4300,0.0,41,0.0,0.0,0.0,0.0,2.7184166902131945e+23,0,0,0,0,0.0,0,0,0,0,0,0,0,0,0,0,0,0,0,0,0,0,0,0,0,0,0,0,0,0,0,0,0,0,0,0,0,0,0,8,37,36,44,65476,363,65476,1,0,4,21553,0.0,0.0,0.0,0.0,0.0,0.0,0.0,0.0,0.0,0.0,0.0,0.0,0.0,0.0,0.0,0.0,0.0,0.0,0.0,0.0,0.0,2.004,2.004,-0.0,0.0,3.697075742657269e+19,0.0,0.0,0.0,0.0,6617.0,3.697208123857253e+19,0.0,0.0,-0.0,0.0,0.0,0.0,0.0,2.004,2.004,228,-0.0,0.0,0.0,0.0,0.0,0.0,0.0,0.0,0.0,0,0,0,-1.1161840906716867e+28,-4.487307855718483e+21,-0.0,0.0,-0.0,-26772444.0,526721220608.0,-0.001,4.0936962502344925e+28,-3.536689463745994e+26,-0.379,1256484634624.0,0.0,0.0,0.0,-7.584807867140618e+37,0,1.3516416376850534e+27,228,0.0,456,2.40156025918058e+36,599251620986880.0,2114,0,17110,0,17112,52429,17095,0,0,0,101,100,100,-107615240.0,64.8,-0.0,65.2,2.7302337753474445e+23,65.0,1,49,50,180,52429,52429,0,0,0.0,0.0,0.0,60.0,43846200.0,71.0,0.0,-1.0526414701853042e+21,0.0,1069,0,1069,0,0,0,1070,0,1080,0,1000,0,652,0,653,0,649,0,677,0.032,1.4609821306377965e+22,2.004,2.73023467606737e+23,64912,16813,16401038.0,-0.0,-0.0,-0.0,-0.0,-8.368480105735359e+30,50.0,60.0,35,0.0,0.0,10.0,2.0,0.0,0.0,0.0,0.0,0.0,0.0,0.0,0.0,0.0,0.0,0.0,0.0,58.8,56,10,65507,27,65476,0,300,0,0,8,20529,65476,0,0,30147,60.0,0.0,10.0,10.0,2.0,0.0
2026-02-16T12:27:53,ERR,ERR,ERR,ERR,ERR,ERR,ERR,ERR,ERR,ERR,ERR,ERR,ERR,ERR,ERR,ERR,ERR,ERR,ERR,ERR,ERR,ERR,ERR,ERR,ERR,ERR,ERR,ERR,ERR,ERR,ERR,ERR,ERR,ERR,ERR,ERR,ERR,ERR,ERR,ERR,ERR,ERR,ERR,ERR,ERR,ERR,ERR,ERR,ERR,ERR,ERR,ERR,ERR,ERR,ERR,ERR,ERR,ERR,ERR,ERR,ERR,ERR,ERR,ERR,ERR,ERR,ERR,ERR,ERR,ERR,ERR,ERR,ERR,ERR,ERR,ERR,ERR,ERR,ERR,ERR,ERR,ERR,ERR,ERR,ERR,ERR,ERR,ERR,ERR,ERR,ERR,ERR,ERR,ERR,ERR,ERR,ERR,ERR,ERR,ERR,ERR,ERR,ERR,ERR,ERR,ERR,ERR,ERR,ERR,ERR,ERR,ERR,ERR,ERR,ERR,ERR,ERR,ERR,ERR,ERR,ERR,ERR,ERR,ERR,ERR,0.0,-0.0,0.0,0.0,0.0,-0.0,-4.849452536876092e+32,-5.279821445549201e+29,4300,0,8,17169,4300,0.0,41,0.0,0.0,0.0,0.0,2.7184166902131945e+23,0,0,0,0,0.0,0,0,0,0,0,0,0,0,0,0,0,0,0,0,0,0,0,0,0,0,0,0,0,0,0,0,0,0,0,0,0,0,0,8,37,36,44,65476,361,65476,1,0,4,21553,0.0,0.0,0.0,0.0,0.0,0.0,0.0,0.0,0.0,0.0,0.0,0.0,0.0,0.0,0.0,0.0,0.0,0.0,0.0,0.0,0.0,2.004,2.004,-0.0,-3.697074863047967e+19,2.004,0.0,0.0,0.0,0.0,6622.0,-0.0,0.0,0.0,-0.0,-107616248.0,0.0,0.0,0.0,2.004,2.004,229,-2.3088280513417105e+20,0.0,0.0,0.0,0.0,0.0,0.0,0.0,0.0,0,0,0,0.0,-4432116.0,-0.0,-1.80376078255548e+18,-0.0,-8.10225495281642e+22,0.0,-4.1269519549517005e+17,3.197504142195721e+24,-3.802653144061212e+26,-0.405,1368153784320.0,0.0,0.0,0.0,-4.265568445940586e+32,0,1.3516416376850534e+27,229,0.0,458,-621855232.0,5.6142779363101766e+35,2114,0,17110,0,17112,0,17096,0,0,0,101,100,100,-107615240.0,64.8,-0.0,65.1,0.0,65.0,1,49,50,180,52429,52429,0,0,0.0,0.0,0.0,60.0,22449254400.0,71.0,0.0,7.250984516066476e+18,0.0,1069,0,1069,0,0,0,1070,0,1080,0,1000,0,651,0,653,0,649,0,677,0.032,1.4609821306377965e+22,2.004,2.73023467606737e+23,59024,16813,937419472896.0,7.250984516066476e+18,0.057,-4.11525314487382e+27,5.960889172231318e+20,-0.0,50.0,60.0,35,0.0,0.0,10.0,2.0,0.0,0.0,0.0,0.0,0.0,0.0,0.0,0.0,0.0,0.0,0.0,0.0,58.8,56,10,65507,27,65476,0,300,0,0,8,20529,65476,0,0,30147,60.0,0.0,10.0,10.0,2.0,0.0
2026-02-16T12:27:54,ERR,ERR,ERR,ERR,ERR,ERR,ERR,ERR,ERR,ERR,ERR,ERR,ERR,ERR,ERR,ERR,ERR,ERR,ERR,ERR,ERR,ERR,ERR,ERR,ERR,ERR,ERR,ERR,ERR,ERR,ERR,ERR,ERR,ERR,ERR,ERR,ERR,ERR,ERR,ERR,ERR,ERR,ERR,ERR,ERR,ERR,ERR,ERR,ERR,ERR,ERR,ERR,ERR,ERR,ERR,ERR,ERR,ERR,ERR,ERR,ERR,ERR,ERR,ERR,ERR,ERR,ERR,ERR,ERR,ERR,ERR,ERR,ERR,ERR,ERR,ERR,ERR,ERR,ERR,ERR,ERR,ERR,ERR,ERR,ERR,ERR,ERR,ERR,ERR,ERR,ERR,ERR,ERR,ERR,ERR,ERR,ERR,ERR,ERR,ERR,ERR,ERR,ERR,ERR,ERR,ERR,ERR,ERR,ERR,ERR,ERR,ERR,ERR,ERR,ERR,ERR,ERR,ERR,ERR,ERR,ERR,ERR,ERR,ERR,ERR,0.0,-0.0,0.0,0.0,0.0,-0.0,-4.849452536876092e+32,-5.279821445549201e+29,4300,0,8,17169,4300,0.0,41,0.0,0.0,0.0,0.0,2.7184166902131945e+23,0,0,0,0,0.0,0,0,0,0,0,0,0,0,0,0,0,0,0,0,0,0,0,0,0,0,0,0,0,0,0,0,0,0,0,0,0,0,0,8,37,36,44,65476,361,65476,1,0,4,21553,0.0,0.0,0.0,0.0,0.0,0.0,0.0,0.0,0.0,0.0,0.0,0.0,0.0,0.0,0.0,0.0,0.0,0.0,0.0,0.0,0.0,2.004,2.004,-0.0,-3.697074863047967e+19,2.004,0.0,0.0,0.0,0.0,6622.0,-0.0,0.0,0.0,-0.0,-107616248.0,0.0,0.0,0.0,2.004,2.004,229,-2.3088280513417105e+20,0.0,0.0,0.0,0.0,0.0,0.0,0.0,0.0,0,0,0,0.0,-4432116.0,-0.0,-1.80376078255548e+18,-0.0,-8.10225495281642e+22,0.0,-4.1269519549517005e+17,3.197504142195721e+24,-3.802653144061212e+26,-0.405,1368153784320.0,0.0,0.0,0.0,-4.265568445940586e+32,0,1.3516416376850534e+27,229,0.0,458,-621855232.0,5.6142779363101766e+35,2114,0,17110,0,17112,0,17096,0,0,0,101,100,100,-107615240.0,64.8,-0.0,65.1,0.0,65.0,1,49,50,180,52429,52429,0,0,0.0,0.0,0.0,60.0,22449254400.0,71.0,0.0,7.250984516066476e+18,0.0,1069,0,1069,0,0,0,1070,0,1080,0,1000,0,651,0,653,0,649,0,677,0.032,1.4609821306377965e+22,2.004,2.73023467606737e+23,59024,16813,937419472896.0,7.250984516066476e+18,0.057,-4.11525314487382e+27,5.960889172231318e+20,-0.0,50.0,60.0,35,0.0,0.0,10.0,2.0,0.0,0.0,0.0,0.0,0.0,0.0,0.0,0.0,0.0,0.0,0.0,0.0,58.8,56,10,65507,27,65476,0,300,0,0,8,20529,65476,0,0,30147,60.0,0.0,10.0,10.0,2.0,0.0
2026-02-16T12:27:55,ERR,ERR,ERR,ERR,ERR,ERR,ERR,ERR,ERR,ERR,ERR,ERR,ERR,ERR,ERR,ERR,ERR,ERR,ERR,ERR,ERR,ERR,ERR,ERR,ERR,ERR,ERR,ERR,ERR,ERR,ERR,ERR,ERR,ERR,ERR,ERR,ERR,ERR,ERR,ERR,ERR,ERR,ERR,ERR,ERR,ERR,ERR,ERR,ERR,ERR,ERR,ERR,ERR,ERR,ERR,ERR,ERR,ERR,ERR,ERR,ERR,ERR,ERR,ERR,ERR,ERR,ERR,ERR,ERR,ERR,ERR,ERR,ERR,ERR,ERR,ERR,ERR,ERR,ERR,ERR,ERR,ERR,ERR,ERR,ERR,ERR,ERR,ERR,ERR,ERR,ERR,ERR,ERR,ERR,ERR,ERR,ERR,ERR,ERR,ERR,ERR,ERR,ERR,ERR,ERR,ERR,ERR,ERR,ERR,ERR,ERR,ERR,ERR,ERR,ERR,ERR,ERR,ERR,ERR,ERR,ERR,ERR,ERR,ERR,ERR,0.0,-0.0,0.0,0.0,0.0,-0.0,-4.849452536876092e+32,-5.279821445549201e+29,4300,0,8,17169,4300,0.0,41,0.0,0.0,0.0,0.0,2.7184166902131945e+23,0,0,0,0,0.0,0,0,0,0,0,0,0,0,0,0,0,0,0,0,0,0,0,0,0,0,0,0,0,0,0,0,0,0,0,0,0,0,0,8,37,36,44,65476,361,65476,1,0,4,21553,0.0,0.0,0.0,0.0,0.0,0.0,0.0,0.0,0.0,0.0,0.0,0.0,0.0,0.0,0.0,0.0,0.0,0.0,0.0,0.0,0.0,2.004,2.004,-0.0,-3.697074863047967e+19,2.004,0.0,0.0,0.0,0.0,6622.0,-0.0,0.0,0.0,-0.0,-107616248.0,0.0,0.0,0.0,2.004,2.004,229,-2.3088280513417105e+20,0.0,0.0,0.0,0.0,0.0,0.0,0.0,0.0,0,0,0,0.0,-4432116.0,-0.0,-1.80376078255548e+18,-0.0,-8.10225495281642e+22,0.0,-4.1269519549517005e+17,3.197504142195721e+24,-3.802653144061212e+26,-0.405,1368153784320.0,0.0,0.0,0.0,-4.265568445940586e+32,0,1.3516416376850534e+27,229,0.0,458,-621855232.0,5.6142779363101766e+35,2114,0,17110,0,17112,0,17096,0,0,0,101,100,100,-107615240.0,64.8,-0.0,65.1,0.0,65.0,1,49,50,180,52429,52429,0,0,0.0,0.0,0.0,60.0,22449254400.0,71.0,0.0,7.250984516066476e+18,0.0,1069,0,1069,0,0,0,1070,0,1080,0,1000,0,651,0,653,0,649,0,677,0.032,1.4609821306377965e+22,2.004,2.73023467606737e+23,59024,16813,937419472896.0,7.250984516066476e+18,0.057,-4.11525314487382e+27,5.960889172231318e+20,-0.0,50.0,60.0,35,0.0,0.0,10.0,2.0,0.0,0.0,0.0,0.0,0.0,0.0,0.0,0.0,0.0,0.0,0.0,0.0,58.8,56,10,65507,27,65476,0,300,0,0,8,20529,65476,0,0,30147,60.0,0.0,10.0,10.0,2.0,0.0
2026-02-16T12:27:56,ERR,ERR,ERR,ERR,ERR,ERR,ERR,ERR,ERR,ERR,ERR,ERR,ERR,ERR,ERR,ERR,ERR,ERR,ERR,ERR,ERR,ERR,ERR,ERR,ERR,ERR,ERR,ERR,ERR,ERR,ERR,ERR,ERR,ERR,ERR,ERR,ERR,ERR,ERR,ERR,ERR,ERR,ERR,ERR,ERR,ERR,ERR,ERR,ERR,ERR,ERR,ERR,ERR,ERR,ERR,ERR,ERR,ERR,ERR,ERR,ERR,ERR,ERR,ERR,ERR,ERR,ERR,ERR,ERR,ERR,ERR,ERR,ERR,ERR,ERR,ERR,ERR,ERR,ERR,ERR,ERR,ERR,ERR,ERR,ERR,ERR,ERR,ERR,ERR,ERR,ERR,ERR,ERR,ERR,ERR,ERR,ERR,ERR,ERR,ERR,ERR,ERR,ERR,ERR,ERR,ERR,ERR,ERR,ERR,ERR,ERR,ERR,ERR,ERR,ERR,ERR,ERR,ERR,ERR,ERR,ERR,ERR,ERR,ERR,ERR,0.0,-0.0,0.0,0.0,0.0,-0.0,-4.849452536876092e+32,-5.279821445549201e+29,4300,0,8,17169,4300,0.0,41,0.0,0.0,0.0,0.0,2.7184166902131945e+23,0,0,0,0,0.0,0,0,0,0,0,0,0,0,0,0,0,0,0,0,0,0,0,0,0,0,0,0,0,0,0,0,0,0,0,0,0,0,0,8,37,36,44,65476,361,65476,1,0,4,21553,0.0,0.0,0.0,0.0,0.0,0.0,0.0,0.0,0.0,0.0,0.0,0.0,0.0,0.0,0.0,0.0,0.0,0.0,0.0,0.0,0.0,2.004,2.004,-0.0,-3.697074863047967e+19,2.004,0.0,0.0,0.0,0.0,6622.0,-0.0,0.0,0.0,-0.0,-107616248.0,0.0,0.0,0.0,2.004,2.004,229,-2.3088280513417105e+20,0.0,0.0,0.0,0.0,0.0,0.0,0.0,0.0,0,0,0,0.0,-4432116.0,-0.0,-1.80376078255548e+18,-0.0,-8.10225495281642e+22,0.0,-4.1269519549517005e+17,3.197504142195721e+24,-3.802653144061212e+26,-0.405,1368153784320.0,0.0,0.0,0.0,-4.265568445940586e+32,0,1.3516416376850534e+27,229,0.0,458,-621855232.0,5.6142779363101766e+35,2114,0,17110,0,17112,0,17096,0,0,0,101,100,100,-107615240.0,64.8,-0.0,65.2,2.7302337753474445e+23,65.0,1,49,50,180,52429,52429,0,0,0.0,0.0,0.0,60.0,3700.16,71.0,0.0,0.0,0.0,1069,0,1069,0,0,0,1070,0,1080,0,1000,0,651,0,653,0,649,0,677,0.032,1.4536034330083127e+22,2.004,2.73023467606737e+23,656,16814,3700.16,0.0,-0.0,-7138825728.0,-1.1541029254528458e+21,-2.1496235288452717e+25,50.0,60.0,35,0.0,0.0,10.0,2.0,0.0,0.0,0.0,0.0,0.0,0.0,0.0,0.0,0.0,0.0,0.0,0.0,58.8,56,10,65507,27,65476,0,300,0,0,8,20529,65476,0,0,30147,60.0,0.0,10.0,10.0,2.0,0.0
2026-02-16T12:27:57,ERR,ERR,ERR,ERR,ERR,ERR,ERR,ERR,ERR,ERR,ERR,ERR,ERR,ERR,ERR,ERR,ERR,ERR,ERR,ERR,ERR,ERR,ERR,ERR,ERR,ERR,ERR,ERR,ERR,ERR,ERR,ERR,ERR,ERR,ERR,ERR,ERR,ERR,ERR,ERR,ERR,ERR,ERR,ERR,ERR,ERR,ERR,ERR,ERR,ERR,ERR,ERR,ERR,ERR,ERR,ERR,ERR,ERR,ERR,ERR,ERR,ERR,ERR,ERR,ERR,ERR,ERR,ERR,ERR,ERR,ERR,ERR,ERR,ERR,ERR,ERR,ERR,ERR,ERR,ERR,ERR,ERR,ERR,ERR,ERR,ERR,ERR,ERR,ERR,ERR,ERR,ERR,ERR,ERR,ERR,ERR,ERR,ERR,ERR,ERR,ERR,ERR,ERR,ERR,ERR,ERR,ERR,ERR,ERR,ERR,ERR,ERR,ERR,ERR,ERR,ERR,ERR,ERR,ERR,ERR,ERR,ERR,ERR,ERR,ERR,0.0,-0.0,0.0,0.0,0.0,-0.0,-4.849452536876092e+32,-5.279821445549201e+29,4300,0,8,17169,4300,0.0,41,0.0,0.0,0.0,0.0,2.7184166902131945e+23,0,0,0,0,0.0,0,0,0,0,0,0,0,0,0,0,0,0,0,0,0,0,0,0,0,0,0,0,0,0,0,0,0,0,0,0,0,0,0,8,37,36,44,65476,361,65476,1,0,4,21553,0.0,0.0,0.0,0.0,0.0,0.0,0.0,0.0,0.0,0.0,0.0,0.0,0.0,0.0,0.0,0.0,0.0,0.0,0.0,0.0,0.0,2.004,2.004,-0.0,-3.697074863047967e+19,2.004,0.0,0.0,0.0,0.0,6622.0,-0.0,0.0,0.0,-0.0,-107616248.0,0.0,0.0,0.0,2.004,2.004,229,-2.3088280513417105e+20,0.0,0.0,0.0,0.0,0.0,0.0,0.0,0.0,0,0,0,0.0,-4432116.0,-0.0,-1.80376078255548e+18,-0.0,-8.10225495281642e+22,0.0,-4.1269519549517005e+17,3.197504142195721e+24,-3.802653144061212e+26,-0.405,1368153784320.0,0.0,0.0,0.0,-4.265568445940586e+32,0,1.3516416376850534e+27,229,0.0,458,-621855232.0,5.6142779363101766e+35,2114,0,17110,0,17112,0,17096,0,0,0,101,100,100,-107615240.0,64.8,-0.0,65.2,2.7302337753474445e+23,65.0,1,49,50,180,52429,52429,0,0,0.0,0.0,0.0,60.0,3700.16,71.0,0.0,0.0,0.0,1069,0,1069,0,0,0,1070,0,1080,0,1000,0,651,0,653,0,649,0,677,0.032,1.4536034330083127e+22,2.004,2.73023467606737e+23,656,16814,3700.16,0.0,-0.0,-7138825728.0,-1.1541029254528458e+21,-2.1496235288452717e+25,50.0,60.0,35,0.0,0.0,10.0,2.0,0.0,0.0,0.0,0.0,0.0,0.0,0.0,0.0,0.0,0.0,0.0,0.0,58.8,56,10,65507,27,65476,0,300,0,0,8,20529,65476,0,0,30147,60.0,0.0,10.0,10.0,2.0,0.0
2026-02-16T12:27:58,ERR,ERR,ERR,ERR,ERR,ERR,ERR,ERR,ERR,ERR,ERR,ERR,ERR,ERR,ERR,ERR,ERR,ERR,ERR,ERR,ERR,ERR,ERR,ERR,ERR,ERR,ERR,ERR,ERR,ERR,ERR,ERR,ERR,ERR,ERR,ERR,ERR,ERR,ERR,ERR,ERR,ERR,ERR,ERR,ERR,ERR,ERR,ERR,ERR,ERR,ERR,ERR,ERR,ERR,ERR,ERR,ERR,ERR,ERR,ERR,ERR,ERR,ERR,ERR,ERR,ERR,ERR,ERR,ERR,ERR,ERR,ERR,ERR,ERR,ERR,ERR,ERR,ERR,ERR,ERR,ERR,ERR,ERR,ERR,ERR,ERR,ERR,ERR,ERR,ERR,ERR,ERR,ERR,ERR,ERR,ERR,ERR,ERR,ERR,ERR,ERR,ERR,ERR,ERR,ERR,ERR,ERR,ERR,ERR,ERR,ERR,ERR,ERR,ERR,ERR,ERR,ERR,ERR,ERR,ERR,ERR,ERR,ERR,ERR,ERR,0.0,-0.0,0.0,0.0,0.0,-0.065,0.0,-17403227406336.0,4300,0,8,17169,4300,0.0,41,0.0,0.0,0.0,0.0,2.7184166902131945e+23,0,0,0,0,0.0,0,0,0,0,0,0,0,0,0,0,0,0,0,0,0,0,0,0,0,0,0,0,0,0,0,0,0,0,0,0,0,0,0,8,36,36,44,65476,363,65476,1,0,4,21553,0.0,2.7183305813883192e+23,0.0,0.0,0.0,0.0,0.0,0.0,0.0,0.0,0.0,0.0,0.0,0.0,0.0,0.0,0.0,0.0,0.0,0.0,0.0,2.004,2.004,-0.0,-3.697074863047967e+19,0.0,0.0,0.0,0.0,0.0,6617.0,-0.0,0.0,0.0,-0.0,-107616248.0,-2.7184505572823923e+23,0.0,0.0,2.004,2.004,228,-0.0,0.059,0.0,0.0,0.0,0.0,0.0,0.0,0.0,0,0,0,0.0,-4.82086722600247e+19,-0.0,2.562686726438912e+18,-0.0,-0.0,0.0,0.0,-0.0,-4.116973857161016e+26,-0.428,1471232999424.0,0.0,0.0,0.0,-56974622720.0,0,1.3516416376850534e+27,229,0.0,458,-621855232.0,5.6142779363101766e+35,2114,0,17110,0,17112,0,17096,0,0,0,101,100,100,-107615240.0,64.8,-0.0,65.2,2.7302337753474445e+23,65.0,1,49,50,180,52429,52429,0,0,0.0,0.0,0.0,60.0,3700.16,71.0,0.0,0.0,0.0,1069,0,1069,0,0,0,1070,0,1080,0,1000,0,651,0,653,0,649,0,677,0.032,1.4536034330083127e+22,2.004,2.73023467606737e+23,656,16814,3700.16,0.0,-0.0,-7138825728.0,-1.1541029254528458e+21,-2.1496235288452717e+25,50.0,60.0,35,0.0,0.0,10.0,2.0,0.0,0.0,0.0,0.0,0.0,0.0,0.0,0.0,0.0,0.0,0.0,0.0,58.8,56,10,65507,27,65476,0,300,0,0,8,20529,65476,0,0,30147,60.0,0.0,10.0,10.0,2.0,0.0
2026-02-16T12:27:59,ERR,ERR,ERR,ERR,ERR,ERR,ERR,ERR,ERR,ERR,ERR,ERR,ERR,ERR,ERR,ERR,ERR,ERR,ERR,ERR,ERR,ERR,ERR,ERR,ERR,ERR,ERR,ERR,ERR,ERR,ERR,ERR,ERR,ERR,ERR,ERR,ERR,ERR,ERR,ERR,ERR,ERR,ERR,ERR,ERR,ERR,ERR,ERR,ERR,ERR,ERR,ERR,ERR,ERR,ERR,ERR,ERR,ERR,ERR,ERR,ERR,ERR,ERR,ERR,ERR,ERR,ERR,ERR,ERR,ERR,ERR,ERR,ERR,ERR,ERR,ERR,ERR,ERR,ERR,ERR,ERR,ERR,ERR,ERR,ERR,ERR,ERR,ERR,ERR,ERR,ERR,ERR,ERR,ERR,ERR,ERR,ERR,ERR,ERR,ERR,ERR,ERR,ERR,ERR,ERR,ERR,ERR,ERR,ERR,ERR,ERR,ERR,ERR,ERR,ERR,ERR,ERR,ERR,ERR,ERR,ERR,ERR,ERR,ERR,ERR,0.0,-0.0,0.0,0.0,0.0,-0.065,0.0,-17403227406336.0,4300,0,8,17169,4300,0.0,41,0.0,0.0,0.0,0.0,2.7184166902131945e+23,0,0,0,0,0.0,0,0,0,0,0,0,0,0,0,0,0,0,0,0,0,0,0,0,0,0,0,0,0,0,0,0,0,0,0,0,0,0,0,8,36,36,44,65476,363,65476,1,0,4,21553,0.0,2.7183305813883192e+23,0.0,0.0,0.0,0.0,0.0,0.0,0.0,0.0,0.0,0.0,0.0,0.0,0.0,0.0,0.0,0.0,0.0,0.0,0.0,2.004,2.004,-0.0,-3.697074863047967e+19,0.0,0.0,0.0,0.0,0.0,6617.0,-0.0,0.0,0.0,-0.0,-107616248.0,-2.7184505572823923e+23,0.0,0.0,2.004,2.004,228,-0.0,0.059,0.0,0.0,0.0,0.0,0.0,0.0,0.0,0,0,0,0.0,-4.82086722600247e+19,-0.0,2.562686726438912e+18,-0.0,-0.0,0.0,0.0,-0.0,-4.116973857161016e+26,-0.428,1471232999424.0,0.0,0.0,0.0,-56974622720.0,0,1.3516416376850534e+27,229,0.0,458,-621855232.0,5.6142779363101766e+35,2114,0,17110,0,17112,0,17096,0,0,0,101,100,100,-107615240.0,64.8,-0.0,65.2,2.7302337753474445e+23,65.0,1,49,50,180,52429,52429,0,0,0.0,0.0,0.0,60.0,0.0,71.0,0.0,0.0,0.0,1069,0,1069,0,0,0,1070,0,1080,0,1000,0,652,0,653,0,649,0,678,0.032,1.4609821306377965e+22,-0.0,-0.0,39440,16813,0.0,0.0,1.732168291726153e+25,-0.0,-0.0,-0.0,50.0,60.0,35,0.0,0.0,10.0,2.0,0.0,0.0,0.0,0.0,0.0,0.0,0.0,0.0,0.0,0.0,0.0,0.0,58.8,56,10,65507,27,65476,0,300,0,0,8,20529,65476,0,0,30147,60.0,0.0,10.0,10.0,2.0,0.0
2026-02-16T12:28:00,ERR,ERR,ERR,ERR,ERR,ERR,ERR,ERR,ERR,ERR,ERR,ERR,ERR,ERR,ERR,ERR,ERR,ERR,ERR,ERR,ERR,ERR,ERR,ERR,ERR,ERR,ERR,ERR,ERR,ERR,ERR,ERR,ERR,ERR,ERR,ERR,ERR,ERR,ERR,ERR,ERR,ERR,ERR,ERR,ERR,ERR,ERR,ERR,ERR,ERR,ERR,ERR,ERR,ERR,ERR,ERR,ERR,ERR,ERR,ERR,ERR,ERR,ERR,ERR,ERR,ERR,ERR,ERR,ERR,ERR,ERR,ERR,ERR,ERR,ERR,ERR,ERR,ERR,ERR,ERR,ERR,ERR,ERR,ERR,ERR,ERR,ERR,ERR,ERR,ERR,ERR,ERR,ERR,ERR,ERR,ERR,ERR,ERR,ERR,ERR,ERR,ERR,ERR,ERR,ERR,ERR,ERR,ERR,ERR,ERR,ERR,ERR,ERR,ERR,ERR,ERR,ERR,ERR,ERR,ERR,ERR,ERR,ERR,ERR,ERR,0.0,-0.0,0.0,0.0,0.0,-0.065,0.0,-17403227406336.0,4300,0,8,17169,4300,0.0,41,0.0,0.0,0.0,0.0,2.7184166902131945e+23,0,0,0,0,0.0,0,0,0,0,0,0,0,0,0,0,0,0,0,0,0,0,0,0,0,0,0,0,0,0,0,0,0,0,0,0,0,0,0,8,36,36,44,65476,363,65476,1,0,4,21553,0.0,2.7183305813883192e+23,0.0,0.0,0.0,0.0,0.0,0.0,0.0,0.0,0.0,0.0,0.0,0.0,0.0,0.0,0.0,0.0,0.0,0.0,0.0,2.004,2.004,-0.0,-3.697074863047967e+19,0.0,0.0,0.0,0.0,0.0,6617.0,-0.0,0.0,0.0,-0.0,-107616248.0,-2.7184505572823923e+23,0.0,0.0,2.004,2.004,228,-0.0,0.059,0.0,0.0,0.0,0.0,0.0,0.0,0.0,0,0,0,0.0,-4.82086722600247e+19,-0.0,2.562686726438912e+18,-0.0,-0.0,0.0,0.0,-0.0,-4.116973857161016e+26,-0.428,1471232999424.0,0.0,0.0,0.0,-56974622720.0,0,1.3516416376850534e+27,229,0.0,458,-621855232.0,5.6142779363101766e+35,2114,0,17110,0,17112,0,17096,0,0,0,101,100,100,-107615240.0,64.8,-0.0,65.2,2.7302337753474445e+23,65.0,1,49,50,180,52429,52429,0,0,0.0,0.0,0.0,60.0,0.0,71.0,0.0,0.0,0.0,1069,0,1069,0,0,0,1070,0,1080,0,1000,0,652,0,653,0,649,0,678,0.032,1.4609821306377965e+22,-0.0,-0.0,39440,16813,0.0,0.0,1.732168291726153e+25,-0.0,-0.0,-0.0,50.0,60.0,35,0.0,0.0,10.0,2.0,0.0,0.0,0.0,0.0,0.0,0.0,0.0,0.0,0.0,0.0,0.0,0.0,58.8,56,10,65507,27,65476,0,300,0,0,8,20529,65476,0,0,30147,60.0,0.0,10.0,10.0,2.0,0.0
2026-02-16T12:28:01,ERR,ERR,ERR,ERR,ERR,ERR,ERR,ERR,ERR,ERR,ERR,ERR,ERR,ERR,ERR,ERR,ERR,ERR,ERR,ERR,ERR,ERR,ERR,ERR,ERR,ERR,ERR,ERR,ERR,ERR,ERR,ERR,ERR,ERR,ERR,ERR,ERR,ERR,ERR,ERR,ERR,ERR,ERR,ERR,ERR,ERR,ERR,ERR,ERR,ERR,ERR,ERR,ERR,ERR,ERR,ERR,ERR,ERR,ERR,ERR,ERR,ERR,ERR,ERR,ERR,ERR,ERR,ERR,ERR,ERR,ERR,ERR,ERR,ERR,ERR,ERR,ERR,ERR,ERR,ERR,ERR,ERR,ERR,ERR,ERR,ERR,ERR,ERR,ERR,ERR,ERR,ERR,ERR,ERR,ERR,ERR,ERR,ERR,ERR,ERR,ERR,ERR,ERR,ERR,ERR,ERR,ERR,ERR,ERR,ERR,ERR,ERR,ERR,ERR,ERR,ERR,ERR,ERR,ERR,ERR,ERR,ERR,ERR,ERR,ERR,0.0,-0.0,0.0,0.0,0.0,-0.065,0.0,-17403227406336.0,4300,0,8,17169,4300,0.0,41,0.0,0.0,0.0,0.0,2.7184166902131945e+23,0,0,0,0,0.0,0,0,0,0,0,0,0,0,0,0,0,0,0,0,0,0,0,0,0,0,0,0,0,0,0,0,0,0,0,0,0,0,0,8,36,36,44,65476,363,65476,1,0,4,21553,0.0,2.7183305813883192e+23,0.0,0.0,0.0,0.0,0.0,0.0,0.0,0.0,0.0,0.0,0.0,0.0,0.0,0.0,0.0,0.0,0.0,0.0,0.0,2.004,2.004,-0.0,-3.697074863047967e+19,0.0,0.0,0.0,0.0,0.0,6617.0,-0.0,0.0,0.0,-0.0,-107616248.0,-2.7184505572823923e+23,0.0,0.0,2.004,2.004,228,-0.0,0.059,0.0,0.0,0.0,0.0,0.0,0.0,0.0,0,0,0,0.0,-4.82086722600247e+19,-0.0,2.562686726438912e+18,-0.0,-0.0,0.0,0.0,-0.0,-4.116973857161016e+26,-0.428,1471232999424.0,0.0,0.0,0.0,-56974622720.0,0,1.3516416376850534e+27,229,0.0,458,-621855232.0,5.6142779363101766e+35,2114,0,17110,0,17112,0,17096,0,0,0,101,100,100,-107615240.0,64.8,-0.0,65.2,2.7302337753474445e+23,65.0,1,49,50,180,52429,52429,0,0,0.0,0.0,0.0,60.0,0.0,71.0,0.0,0.0,0.0,1069,0,1069,0,0,0,1070,0,1080,0,1000,0,652,0,653,0,649,0,678,0.032,1.4609821306377965e+22,-0.0,-0.0,39440,16813,0.0,0.0,1.732168291726153e+25,-0.0,-0.0,-0.0,50.0,60.0,35,0.0,0.0,10.0,2.0,0.0,0.0,0.0,0.0,0.0,0.0,0.0,0.0,0.0,0.0,0.0,0.0,58.8,56,10,65507,27,65476,0,300,0,0,8,20529,65476,0,0,30147,60.0,0.0,10.0,10.0,2.0,0.0
2026-02-16T12:28:02,ERR,ERR,ERR,ERR,ERR,ERR,ERR,ERR,ERR,ERR,ERR,ERR,ERR,ERR,ERR,ERR,ERR,ERR,ERR,ERR,ERR,ERR,ERR,ERR,ERR,ERR,ERR,ERR,ERR,ERR,ERR,ERR,ERR,ERR,ERR,ERR,ERR,ERR,ERR,ERR,ERR,ERR,ERR,ERR,ERR,ERR,ERR,ERR,ERR,ERR,ERR,ERR,ERR,ERR,ERR,ERR,ERR,ERR,ERR,ERR,ERR,ERR,ERR,ERR,ERR,ERR,ERR,ERR,ERR,ERR,ERR,ERR,ERR,ERR,ERR,ERR,ERR,ERR,ERR,ERR,ERR,ERR,ERR,ERR,ERR,ERR,ERR,ERR,ERR,ERR,ERR,ERR,ERR,ERR,ERR,ERR,ERR,ERR,ERR,ERR,ERR,ERR,ERR,ERR,ERR,ERR,ERR,ERR,ERR,ERR,ERR,ERR,ERR,ERR,ERR,ERR,ERR,ERR,ERR,ERR,ERR,ERR,ERR,ERR,ERR,0.0,-0.0,0.0,0.0,0.0,-0.065,0.0,-17403227406336.0,4300,0,8,17169,4300,0.0,41,0.0,0.0,0.0,0.0,2.7184166902131945e+23,0,0,0,0,0.0,0,0,0,0,0,0,0,0,0,0,0,0,0,0,0,0,0,0,0,0,0,0,0,0,0,0,0,0,0,0,0,0,0,8,36,36,44,65476,363,65476,1,0,4,21553,0.0,2.7183305813883192e+23,0.0,0.0,0.0,0.0,0.0,0.0,0.0,0.0,0.0,0.0,0.0,0.0,0.0,0.0,0.0,0.0,0.0,0.0,0.0,2.004,2.004,-0.0,-3.697074863047967e+19,0.0,0.0,0.0,0.0,0.0,6617.0,-0.0,0.0,0.0,-0.0,-107616248.0,-2.7184505572823923e+23,0.0,0.0,2.004,2.004,228,-0.0,0.059,0.0,0.0,0.0,0.0,0.0,0.0,0.0,0,0,0,0.0,-4.82086722600247e+19,-0.0,2.562686726438912e+18,-0.0,-0.0,0.0,0.0,-0.0,-4.116973857161016e+26,-0.428,1471232999424.0,0.0,0.0,0.0,-56974622720.0,0,1.3516416376850534e+27,229,0.0,458,-621855232.0,5.6142779363101766e+35,2114,0,17110,0,17112,0,17096,0,0,0,101,100,100,-107615240.0,64.8,-0.0,65.2,2.7302337753474445e+23,65.0,1,49,50,180,52429,52429,0,0,0.0,0.0,0.0,60.0,0.0,71.0,0.0,0.0,0.0,1069,0,1069,0,0,0,1070,0,1080,0,1000,0,652,0,653,0,649,0,678,0.032,1.4609821306377965e+22,-0.0,-0.0,39440,16813,0.0,0.0,1.732168291726153e+25,-0.0,-0.0,-0.0,50.0,60.0,35,0.0,0.0,10.0,2.0,0.0,0.0,0.0,0.0,0.0,0.0,0.0,0.0,0.0,0.0,0.0,0.0,58.8,56,10,65507,27,65476,0,300,0,0,8,20529,65476,0,0,30147,60.0,0.0,10.0,10.0,2.0,0.0
2026-02-16T12:28:03,ERR,ERR,ERR,ERR,ERR,ERR,ERR,ERR,ERR,ERR,ERR,ERR,ERR,ERR,ERR,ERR,ERR,ERR,ERR,ERR,ERR,ERR,ERR,ERR,ERR,ERR,ERR,ERR,ERR,ERR,ERR,ERR,ERR,ERR,ERR,ERR,ERR,ERR,ERR,ERR,ERR,ERR,ERR,ERR,ERR,ERR,ERR,ERR,ERR,ERR,ERR,ERR,ERR,ERR,ERR,ERR,ERR,ERR,ERR,ERR,ERR,ERR,ERR,ERR,ERR,ERR,ERR,ERR,ERR,ERR,ERR,ERR,ERR,ERR,ERR,ERR,ERR,ERR,ERR,ERR,ERR,ERR,ERR,ERR,ERR,ERR,ERR,ERR,ERR,ERR,ERR,ERR,ERR,ERR,ERR,ERR,ERR,ERR,ERR,ERR,ERR,ERR,ERR,ERR,ERR,ERR,ERR,ERR,ERR,ERR,ERR,ERR,ERR,ERR,ERR,ERR,ERR,ERR,ERR,ERR,ERR,ERR,ERR,ERR,ERR,0.0,-0.0,2.7420187948523476e+23,0.0,-0.0,-1952098680832.0,266807.688,0.0,4300,0,8,17169,4300,0.0,41,0.0,0.0,0.0,0.0,2.7184166902131945e+23,0,0,0,0,0.0,0,0,0,0,0,0,0,0,0,0,0,0,0,0,0,0,0,0,0,0,0,0,0,0,0,0,0,0,0,0,0,0,0,8,36,36,44,65476,360,65476,1,0,4,21553,0.0,0.0,0.0,0.0,0.0,0.0,0.0,0.0,0.0,0.0,0.0,0.0,0.0,0.0,0.0,0.0,0.0,0.0,0.0,0.0,0.0,2.004,2.004,-2.004,-3.697074863047967e+19,0.0,0.0,0.0,0.0,0.0,6621.0,-0.0,0.0,0.0,-0.0,-107616248.0,-2.7184505572823923e+23,0.0,0.0,2.004,2.004,228,-4.9504015179484054e+32,89221.031,0.0,0.0,0.0,0.0,0.0,0.0,0.0,0,0,0,0.0,-3.820534852834729e+24,-0.0,-1.1910451117948928e+16,-0.0,-418380783812608.0,0.0,0.0,-0.0,-4.407116053868527e+26,-0.452,1574312214528.0,0.0,0.0,0.0,-0.0,0,1.3516416376850534e+27,228,0.0,456,-621855232.0,5.6142779363101766e+35,2114,0,17110,0,17112,0,17096,0,0,0,101,100,100,-107615240.0,64.9,-107615248.0,65.2,2.7302337753474445e+23,65.0,1,49,50,180,52429,52429,0,0,0.0,0.0,0.0,60.0,0.0,71.0,0.0,46776291328.0,0.0,1069,0,1069,0,0,0,1070,0,1080,0,1000,0,652,0,654,0,649,0,678,0.032,1.4609821306377965e+22,-0.0,-0.0,38288,16813,0.0,46776291328.0,-0.0,-3.4495940590793078e+22,-2236461009076224.0,-1.1494634437804682e+21,50.0,60.0,35,0.0,0.0,10.0,2.0,0.0,0.0,0.0,0.0,0.0,0.0,0.0,0.0,0.0,0.0,0.0,0.0,58.8,56,10,65507,27,65476,0,300,0,0,8,20529,65476,0,0,30147,60.0,0.0,10.0,10.0,2.0,0.0
2026-02-16T12:28:04,ERR,ERR,ERR,ERR,ERR,ERR,ERR,ERR,ERR,ERR,ERR,ERR,ERR,ERR,ERR,ERR,ERR,ERR,ERR,ERR,ERR,ERR,ERR,ERR,ERR,ERR,ERR,ERR,ERR,ERR,ERR,ERR,ERR,ERR,ERR,ERR,ERR,ERR,ERR,ERR,ERR,ERR,ERR,ERR,ERR,ERR,ERR,ERR,ERR,ERR,ERR,ERR,ERR,ERR,ERR,ERR,ERR,ERR,ERR,ERR,ERR,ERR,ERR,ERR,ERR,ERR,ERR,ERR,ERR,ERR,ERR,ERR,ERR,ERR,ERR,ERR,ERR,ERR,ERR,ERR,ERR,ERR,ERR,ERR,ERR,ERR,ERR,ERR,ERR,ERR,ERR,ERR,ERR,ERR,ERR,ERR,ERR,ERR,ERR,ERR,ERR,ERR,ERR,ERR,ERR,ERR,ERR,ERR,ERR,ERR,ERR,ERR,ERR,ERR,ERR,ERR,ERR,ERR,ERR,ERR,ERR,ERR,ERR,ERR,ERR,0.0,-0.0,2.7420187948523476e+23,0.0,-0.0,-1952098680832.0,266807.688,0.0,4300,0,8,17169,4300,0.0,41,0.0,0.0,0.0,0.0,2.7184166902131945e+23,0,0,0,0,0.0,0,0,0,0,0,0,0,0,0,0,0,0,0,0,0,0,0,0,0,0,0,0,0,0,0,0,0,0,0,0,0,0,0,8,36,36,44,65476,360,65476,1,0,4,21553,0.0,0.0,0.0,0.0,0.0,0.0,0.0,0.0,0.0,0.0,0.0,0.0,0.0,0.0,0.0,0.0,0.0,0.0,0.0,0.0,0.0,2.004,2.004,-2.004,-3.697074863047967e+19,0.0,0.0,0.0,0.0,0.0,6621.0,-0.0,0.0,0.0,-0.0,-107616248.0,-2.7184505572823923e+23,0.0,0.0,2.004,2.004,228,-4.9504015179484054e+32,89221.031,0.0,0.0,0.0,0.0,0.0,0.0,0.0,0,0,0,0.0,-3.820534852834729e+24,-0.0,-1.1910451117948928e+16,-0.0,-418380783812608.0,0.0,0.0,-0.0,-4.407116053868527e+26,-0.452,1574312214528.0,0.0,0.0,0.0,-0.0,0,1.3516416376850534e+27,228,0.0,456,-621855232.0,5.6142779363101766e+35,2114,0,17110,0,17112,0,17096,0,0,0,101,100,100,-107615240.0,64.9,-107615248.0,65.2,2.7302337753474445e+23,65.0,1,49,50,180,52429,52429,0,0,0.0,0.0,0.0,60.0,0.0,71.0,0.0,46776291328.0,0.0,1069,0,1069,0,0,0,1070,0,1080,0,1000,0,652,0,654,0,649,0,678,0.032,1.4609821306377965e+22,-0.0,-0.0,38288,16813,0.0,46776291328.0,-0.0,-3.4495940590793078e+22,-2236461009076224.0,-1.1494634437804682e+21,50.0,60.0,35,0.0,0.0,10.0,2.0,0.0,0.0,0.0,0.0,0.0,0.0,0.0,0.0,0.0,0.0,0.0,0.0,58.8,56,10,65507,27,65476,0,300,0,0,8,20529,65476,0,0,30147,60.0,0.0,10.0,10.0,2.0,0.0
2026-02-16T12:28:05,ERR,ERR,ERR,ERR,ERR,ERR,ERR,ERR,ERR,ERR,ERR,ERR,ERR,ERR,ERR,ERR,ERR,ERR,ERR,ERR,ERR,ERR,ERR,ERR,ERR,ERR,ERR,ERR,ERR,ERR,ERR,ERR,ERR,ERR,ERR,ERR,ERR,ERR,ERR,ERR,ERR,ERR,ERR,ERR,ERR,ERR,ERR,ERR,ERR,ERR,ERR,ERR,ERR,ERR,ERR,ERR,ERR,ERR,ERR,ERR,ERR,ERR,ERR,ERR,ERR,ERR,ERR,ERR,ERR,ERR,ERR,ERR,ERR,ERR,ERR,ERR,ERR,ERR,ERR,ERR,ERR,ERR,ERR,ERR,ERR,ERR,ERR,ERR,ERR,ERR,ERR,ERR,ERR,ERR,ERR,ERR,ERR,ERR,ERR,ERR,ERR,ERR,ERR,ERR,ERR,ERR,ERR,ERR,ERR,ERR,ERR,ERR,ERR,ERR,ERR,ERR,ERR,ERR,ERR,ERR,ERR,ERR,ERR,ERR,ERR,0.0,-0.0,2.7420187948523476e+23,0.0,-0.0,-1952098680832.0,266807.688,0.0,4300,0,8,17169,4300,0.0,41,0.0,0.0,0.0,0.0,2.7184166902131945e+23,0,0,0,0,0.0,0,0,0,0,0,0,0,0,0,0,0,0,0,0,0,0,0,0,0,0,0,0,0,0,0,0,0,0,0,0,0,0,0,8,36,36,44,65476,360,65476,1,0,4,21553,0.0,0.0,0.0,0.0,0.0,0.0,0.0,0.0,0.0,0.0,0.0,0.0,0.0,0.0,0.0,0.0,0.0,0.0,0.0,0.0,0.0,2.004,2.004,-2.004,-3.697074863047967e+19,0.0,0.0,0.0,0.0,0.0,6621.0,-0.0,0.0,0.0,-0.0,-107616248.0,-2.7184505572823923e+23,0.0,0.0,2.004,2.004,228,-4.9504015179484054e+32,89221.031,0.0,0.0,0.0,0.0,0.0,0.0,0.0,0,0,0,0.0,-3.820534852834729e+24,-0.0,-1.1910451117948928e+16,-0.0,-418380783812608.0,0.0,0.0,-0.0,-4.407116053868527e+26,-0.452,1574312214528.0,0.0,0.0,0.0,-0.0,0,1.3516416376850534e+27,228,0.0,456,-621855232.0,5.6142779363101766e+35,2114,0,17110,0,17112,0,17096,0,0,0,101,100,100,-107615240.0,64.9,-107615248.0,65.2,2.7302337753474445e+23,65.0,1,49,50,180,52429,52429,0,0,0.0,0.0,0.0,60.0,0.0,71.0,0.0,46776291328.0,0.0,1069,0,1069,0,0,0,1070,0,1080,0,1000,0,652,0,654,0,649,0,678,0.032,1.4609821306377965e+22,-0.0,-0.0,38288,16813,0.0,46776291328.0,-0.0,-3.4495940590793078e+22,-2236461009076224.0,-1.1494634437804682e+21,50.0,60.0,35,0.0,0.0,10.0,2.0,0.0,0.0,0.0,0.0,0.0,0.0,0.0,0.0,0.0,0.0,0.0,0.0,58.8,56,10,65507,27,65476,0,300,0,0,8,20529,65476,0,0,30147,60.0,0.0,10.0,10.0,2.0,0.0
2026-02-16T12:28:06,ERR,ERR,ERR,ERR,ERR,ERR,ERR,ERR,ERR,ERR,ERR,ERR,ERR,ERR,ERR,ERR,ERR,ERR,ERR,ERR,ERR,ERR,ERR,ERR,ERR,ERR,ERR,ERR,ERR,ERR,ERR,ERR,ERR,ERR,ERR,ERR,ERR,ERR,ERR,ERR,ERR,ERR,ERR,ERR,ERR,ERR,ERR,ERR,ERR,ERR,ERR,ERR,ERR,ERR,ERR,ERR,ERR,ERR,ERR,ERR,ERR,ERR,ERR,ERR,ERR,ERR,ERR,ERR,ERR,ERR,ERR,ERR,ERR,ERR,ERR,ERR,ERR,ERR,ERR,ERR,ERR,ERR,ERR,ERR,ERR,ERR,ERR,ERR,ERR,ERR,ERR,ERR,ERR,ERR,ERR,ERR,ERR,ERR,ERR,ERR,ERR,ERR,ERR,ERR,ERR,ERR,ERR,ERR,ERR,ERR,ERR,ERR,ERR,ERR,ERR,ERR,ERR,ERR,ERR,ERR,ERR,ERR,ERR,ERR,ERR,0.0,-0.0,2.7420187948523476e+23,0.0,-0.0,-1952098680832.0,266807.688,0.0,4300,0,8,17169,4300,0.0,41,0.0,0.0,0.0,0.0,2.7184166902131945e+23,0,0,0,0,0.0,0,0,0,0,0,0,0,0,0,0,0,0,0,0,0,0,0,0,0,0,0,0,0,0,0,0,0,0,0,0,0,0,0,8,36,36,44,65476,360,65476,1,0,4,21553,0.0,0.0,0.0,0.0,0.0,0.0,0.0,0.0,0.0,0.0,0.0,0.0,0.0,0.0,0.0,0.0,0.0,0.0,0.0,0.0,0.0,2.004,2.004,-2.004,-3.697074863047967e+19,0.0,0.0,0.0,0.0,0.0,6621.0,-0.0,0.0,0.0,-0.0,-107616248.0,-2.7184505572823923e+23,0.0,0.0,2.004,2.004,228,-4.9504015179484054e+32,89221.031,0.0,0.0,0.0,0.0,0.0,0.0,0.0,0,0,0,0.0,-3.820534852834729e+24,-0.0,-1.1910451117948928e+16,-0.0,-418380783812608.0,0.0,0.0,-0.0,-4.407116053868527e+26,-0.452,1574312214528.0,0.0,0.0,0.0,-0.0,0,1.3516416376850534e+27,228,0.0,456,-621855232.0,5.6142779363101766e+35,2114,0,17110,0,17112,0,17096,0,0,0,101,100,100,-107615240.0,64.9,-107615248.0,65.2,2.7302337753474445e+23,65.0,1,49,50,180,52429,52429,0,0,0.0,0.0,0.0,60.0,0.0,71.0,0.0,-5.493668112233087e+36,0.0,1069,0,1069,0,0,0,1069,0,1080,0,1000,0,652,0,654,0,649,0,678,0.032,1.4536034330083127e+22,-0.0,-0.0,44176,16813,0.0,-5.493668112233087e+36,115999016.0,-35941276188672.0,1.2404176583754084e+27,-0.0,50.0,60.0,35,0.0,0.0,10.0,2.0,0.0,0.0,0.0,0.0,0.0,0.0,0.0,0.0,0.0,0.0,0.0,0.0,58.8,56,10,65507,27,65476,0,300,0,0,8,20529,65476,0,0,30147,60.0,0.0,10.0,10.0,2.0,0.0
2026-02-16T12:28:07,ERR,ERR,ERR,ERR,ERR,ERR,ERR,ERR,ERR,ERR,ERR,ERR,ERR,ERR,ERR,ERR,ERR,ERR,ERR,ERR,ERR,ERR,ERR,ERR,ERR,ERR,ERR,ERR,ERR,ERR,ERR,ERR,ERR,ERR,ERR,ERR,ERR,ERR,ERR,ERR,ERR,ERR,ERR,ERR,ERR,ERR,ERR,ERR,ERR,ERR,ERR,ERR,ERR,ERR,ERR,ERR,ERR,ERR,ERR,ERR,ERR,ERR,ERR,ERR,ERR,ERR,ERR,ERR,ERR,ERR,ERR,ERR,ERR,ERR,ERR,ERR,ERR,ERR,ERR,ERR,ERR,ERR,ERR,ERR,ERR,ERR,ERR,ERR,ERR,ERR,ERR,ERR,ERR,ERR,ERR,ERR,ERR,ERR,ERR,ERR,ERR,ERR,ERR,ERR,ERR,ERR,ERR,ERR,ERR,ERR,ERR,ERR,ERR,ERR,ERR,ERR,ERR,ERR,ERR,ERR,ERR,ERR,ERR,ERR,ERR,0.0,-0.0,2.7420187948523476e+23,0.0,-0.0,0.0,0.0,-2546920849408.0,4300,0,8,17169,4300,0.0,41,0.0,0.0,0.0,0.0,2.7184166902131945e+23,0,0,0,0,0.0,0,0,0,0,0,0,0,0,0,0,0,0,0,0,0,0,0,0,0,0,0,0,0,0,0,0,0,0,0,0,0,0,0,8,36,36,44,65476,360,65476,1,0,4,21553,0.0,0.0,0.0,0.0,0.0,0.0,0.0,0.0,0.0,0.0,0.0,0.0,0.0,0.0,0.0,0.0,0.0,0.0,0.0,0.0,0.0,2.004,2.004,-2.004,-2.004,0.0,0.0,0.0,0.0,0.0,6620.0,-0.0,0.0,0.0,-0.0,-0.0,-2.7184505572823923e+23,0.0,0.0,2.004,2.004,228,-107614784.0,107615264.0,0.0,0.0,0.0,0.0,0.0,0.0,0.0,0,0,0,0.0,3612195422208.0,-0.0,0.0,-0.0,-2.206761424874241e+21,-4093510418432.0,-1.3107831091757056e+16,0.0,-4.697258250576038e+26,-0.475,1668801495040.0,0.0,0.0,0.0,-1.177403846237419e+20,0,1.3516416376850534e+27,228,0.0,456,2.3398240911695988e+30,128985546752.0,2114,0,17110,0,17112,0,17096,0,0,0,101,100,100,-107615240.0,64.9,-107615248.0,65.2,2.7302337753474445e+23,65.0,1,49,50,180,52429,52429,0,0,0.0,0.0,0.0,60.0,0.0,71.0,0.0,-5.493668112233087e+36,0.0,1069,0,1069,0,0,0,1069,0,1080,0,1000,0,652,0,654,0,649,0,678,0.032,1.4536034330083127e+22,-0.0,-0.0,44176,16813,0.0,-5.493668112233087e+36,115999016.0,-35941276188672.0,1.2404176583754084e+27,-0.0,50.0,60.0,35,0.0,0.0,10.0,2.0,0.0,0.0,0.0,0.0,0.0,0.0,0.0,0.0,0.0,0.0,0.0,0.0,58.8,56,10,65507,27,65476,0,300,0,0,8,20529,65476,0,0,30147,60.0,0.0,10.0,10.0,2.0,0.0
2026-02-16T12:28:08,ERR,ERR,ERR,ERR,ERR,ERR,ERR,ERR,ERR,ERR,ERR,ERR,ERR,ERR,ERR,ERR,ERR,ERR,ERR,ERR,ERR,ERR,ERR,ERR,ERR,ERR,ERR,ERR,ERR,ERR,ERR,ERR,ERR,ERR,ERR,ERR,ERR,ERR,ERR,ERR,ERR,ERR,ERR,ERR,ERR,ERR,ERR,ERR,ERR,ERR,ERR,ERR,ERR,ERR,ERR,ERR,ERR,ERR,ERR,ERR,ERR,ERR,ERR,ERR,ERR,ERR,ERR,ERR,ERR,ERR,ERR,ERR,ERR,ERR,ERR,ERR,ERR,ERR,ERR,ERR,ERR,ERR,ERR,ERR,ERR,ERR,ERR,ERR,ERR,ERR,ERR,ERR,ERR,ERR,ERR,ERR,ERR,ERR,ERR,ERR,ERR,ERR,ERR,ERR,ERR,ERR,ERR,ERR,ERR,ERR,ERR,ERR,ERR,ERR,ERR,ERR,ERR,ERR,ERR,ERR,ERR,ERR,ERR,ERR,ERR,0.0,-0.0,2.7420187948523476e+23,0.0,-0.0,0.0,0.0,-2546920849408.0,4300,0,8,17169,4300,0.0,41,0.0,0.0,0.0,0.0,2.7184166902131945e+23,0,0,0,0,0.0,0,0,0,0,0,0,0,0,0,0,0,0,0,0,0,0,0,0,0,0,0,0,0,0,0,0,0,0,0,0,0,0,0,8,36,36,44,65476,360,65476,1,0,4,21553,0.0,0.0,0.0,0.0,0.0,0.0,0.0,0.0,0.0,0.0,0.0,0.0,0.0,0.0,0.0,0.0,0.0,0.0,0.0,0.0,0.0,2.004,2.004,-2.004,-2.004,0.0,0.0,0.0,0.0,0.0,6620.0,-0.0,0.0,0.0,-0.0,-0.0,-2.7184505572823923e+23,0.0,0.0,2.004,2.004,228,-107614784.0,107615264.0,0.0,0.0,0.0,0.0,0.0,0.0,0.0,0,0,0,0.0,3612195422208.0,-0.0,0.0,-0.0,-2.206761424874241e+21,-4093510418432.0,-1.3107831091757056e+16,0.0,-4.697258250576038e+26,-0.475,1668801495040.0,0.0,0.0,0.0,-1.177403846237419e+20,0,1.3516416376850534e+27,228,0.0,456,2.3398240911695988e+30,128985546752.0,2114,0,17110,0,17112,0,17096,0,0,0,101,100,100,-107615240.0,64.9,-107615248.0,65.2,2.7302337753474445e+23,65.0,1,49,50,180,52429,52429,0,0,0.0,0.0,0.0,60.0,0.0,71.0,0.0,-5.493668112233087e+36,0.0,1069,0,1069,0,0,0,1069,0,1080,0,1000,0,652,0,654,0,649,0,678,0.032,1.4536034330083127e+22,-0.0,-0.0,44176,16813,0.0,-5.493668112233087e+36,115999016.0,-35941276188672.0,1.2404176583754084e+27,-0.0,50.0,60.0,35,0.0,0.0,10.0,2.0,0.0,0.0,0.0,0.0,0.0,0.0,0.0,0.0,0.0,0.0,0.0,0.0,59.2,56,10,65507,27,65476,0,300,0,0,8,20529,65476,0,0,30147,60.0,0.0,10.0,10.0,2.0,0.0
2026-02-16T12:28:09,ERR,ERR,ERR,ERR,ERR,ERR,ERR,ERR,ERR,ERR,ERR,ERR,ERR,ERR,ERR,ERR,ERR,ERR,ERR,ERR,ERR,ERR,ERR,ERR,ERR,ERR,ERR,ERR,ERR,ERR,ERR,ERR,ERR,ERR,ERR,ERR,ERR,ERR,ERR,ERR,ERR,ERR,ERR,ERR,ERR,ERR,ERR,ERR,ERR,ERR,ERR,ERR,ERR,ERR,ERR,ERR,ERR,ERR,ERR,ERR,ERR,ERR,ERR,ERR,ERR,ERR,ERR,ERR,ERR,ERR,ERR,ERR,ERR,ERR,ERR,ERR,ERR,ERR,ERR,ERR,ERR,ERR,ERR,ERR,ERR,ERR,ERR,ERR,ERR,ERR,ERR,ERR,ERR,ERR,ERR,ERR,ERR,ERR,ERR,ERR,ERR,ERR,ERR,ERR,ERR,ERR,ERR,ERR,ERR,ERR,ERR,ERR,ERR,ERR,ERR,ERR,ERR,ERR,ERR,ERR,ERR,ERR,ERR,ERR,ERR,0.0,-0.0,2.7420187948523476e+23,0.0,-0.0,0.0,0.0,-2546920849408.0,4300,0,8,17169,4300,0.0,41,0.0,0.0,0.0,0.0,2.7184166902131945e+23,0,0,0,0,0.0,0,0,0,0,0,0,0,0,0,0,0,0,0,0,0,0,0,0,0,0,0,0,0,0,0,0,0,0,0,0,0,0,0,8,36,36,44,65476,360,65476,1,0,4,21553,0.0,0.0,0.0,0.0,0.0,0.0,0.0,0.0,0.0,0.0,0.0,0.0,0.0,0.0,0.0,0.0,0.0,0.0,0.0,0.0,0.0,2.004,2.004,-2.004,-2.004,0.0,0.0,0.0,0.0,0.0,6620.0,-0.0,0.0,0.0,-0.0,-0.0,-2.7184505572823923e+23,0.0,0.0,2.004,2.004,228,-107614784.0,107615264.0,0.0,0.0,0.0,0.0,0.0,0.0,0.0,0,0,0,0.0,3612195422208.0,-0.0,0.0,-0.0,-2.206761424874241e+21,-4093510418432.0,-1.3107831091757056e+16,0.0,-4.697258250576038e+26,-0.475,1668801495040.0,0.0,0.0,0.0,-1.177403846237419e+20,0,1.3516416376850534e+27,228,0.0,456,2.3398240911695988e+30,128985546752.0,2114,0,17110,0,17112,0,17096,0,0,0,101,100,100,-107615240.0,64.9,-107615248.0,65.2,2.7302337753474445e+23,65.0,1,49,50,180,52429,52429,0,0,0.0,0.0,0.0,60.0,0.0,71.0,0.0,0.0,0.0,1069,0,1069,0,0,0,1070,0,1080,0,1000,0,652,0,654,0,649,0,679,0.032,1.4536034330083127e+22,-0.0,-0.0,36368,16813,0.0,2.9441852517353055e+32,-0.0,0.0,-29.282,-52680499200.0,50.0,60.0,35,0.0,0.0,10.0,2.0,0.0,0.0,0.0,0.0,0.0,0.0,0.0,0.0,0.0,0.0,0.0,0.0,58.8,56,10,65507,27,65476,0,300,0,0,8,20529,65476,0,0,30147,60.0,0.0,10.0,10.0,2.0,0.0
2026-02-16T12:28:10,ERR,ERR,ERR,ERR,ERR,ERR,ERR,ERR,ERR,ERR,ERR,ERR,ERR,ERR,ERR,ERR,ERR,ERR,ERR,ERR,ERR,ERR,ERR,ERR,ERR,ERR,ERR,ERR,ERR,ERR,ERR,ERR,ERR,ERR,ERR,ERR,ERR,ERR,ERR,ERR,ERR,ERR,ERR,ERR,ERR,ERR,ERR,ERR,ERR,ERR,ERR,ERR,ERR,ERR,ERR,ERR,ERR,ERR,ERR,ERR,ERR,ERR,ERR,ERR,ERR,ERR,ERR,ERR,ERR,ERR,ERR,ERR,ERR,ERR,ERR,ERR,ERR,ERR,ERR,ERR,ERR,ERR,ERR,ERR,ERR,ERR,ERR,ERR,ERR,ERR,ERR,ERR,ERR,ERR,ERR,ERR,ERR,ERR,ERR,ERR,ERR,ERR,ERR,ERR,ERR,ERR,ERR,ERR,ERR,ERR,ERR,ERR,ERR,ERR,ERR,ERR,ERR,ERR,ERR,ERR,ERR,ERR,ERR,ERR,ERR,0.0,-0.0,2.7420187948523476e+23,0.0,-0.0,0.0,0.0,-2546920849408.0,4300,0,8,17169,4300,0.0,41,0.0,0.0,0.0,0.0,2.7184166902131945e+23,0,0,0,0,0.0,0,0,0,0,0,0,0,0,0,0,0,0,0,0,0,0,0,0,0,0,0,0,0,0,0,0,0,0,0,0,0,0,0,8,36,36,44,65476,360,65476,1,0,4,21553,0.0,0.0,0.0,0.0,0.0,0.0,0.0,0.0,0.0,0.0,0.0,0.0,0.0,0.0,0.0,0.0,0.0,0.0,0.0,0.0,0.0,2.004,2.004,-2.004,-2.004,0.0,0.0,0.0,0.0,0.0,6620.0,-0.0,0.0,0.0,-0.0,-0.0,-2.7184505572823923e+23,0.0,0.0,2.004,2.004,228,-107614784.0,107615264.0,0.0,0.0,0.0,0.0,0.0,0.0,0.0,0,0,0,0.0,3612195422208.0,-0.0,0.0,-0.0,-2.206761424874241e+21,-4093510418432.0,-1.3107831091757056e+16,0.0,-4.697258250576038e+26,-0.475,1668801495040.0,0.0,0.0,0.0,-1.177403846237419e+20,0,1.3516416376850534e+27,228,0.0,456,2.3398240911695988e+30,128985546752.0,2114,0,17110,0,17112,0,17096,0,0,0,101,100,100,-107615240.0,64.9,-107615248.0,65.2,2.7302337753474445e+23,65.0,1,49,50,180,52429,52429,0,0,0.0,0.0,0.0,60.0,0.0,71.0,0.0,0.0,0.0,1069,0,1069,0,0,0,1070,0,1080,0,1000,0,652,0,654,0,649,0,679,0.032,1.4536034330083127e+22,-0.0,-0.0,36368,16813,0.0,2.9441852517353055e+32,-0.0,0.0,-29.282,-52680499200.0,50.0,60.0,35,0.0,0.0,10.0,2.0,0.0,0.0,0.0,0.0,0.0,0.0,0.0,0.0,0.0,0.0,0.0,0.0,58.8,56,10,65507,27,65476,0,300,0,0,8,20529,65476,0,0,30147,60.0,0.0,10.0,10.0,2.0,0.0
2026-02-16T12:28:11,ERR,ERR,ERR,ERR,ERR,ERR,ERR,ERR,ERR,ERR,ERR,ERR,ERR,ERR,ERR,ERR,ERR,ERR,ERR,ERR,ERR,ERR,ERR,ERR,ERR,ERR,ERR,ERR,ERR,ERR,ERR,ERR,ERR,ERR,ERR,ERR,ERR,ERR,ERR,ERR,ERR,ERR,ERR,ERR,ERR,ERR,ERR,ERR,ERR,ERR,ERR,ERR,ERR,ERR,ERR,ERR,ERR,ERR,ERR,ERR,ERR,ERR,ERR,ERR,ERR,ERR,ERR,ERR,ERR,ERR,ERR,ERR,ERR,ERR,ERR,ERR,ERR,ERR,ERR,ERR,ERR,ERR,ERR,ERR,ERR,ERR,ERR,ERR,ERR,ERR,ERR,ERR,ERR,ERR,ERR,ERR,ERR,ERR,ERR,ERR,ERR,ERR,ERR,ERR,ERR,ERR,ERR,ERR,ERR,ERR,ERR,ERR,ERR,ERR,ERR,ERR,ERR,ERR,ERR,ERR,ERR,ERR,ERR,ERR,ERR,0.0,-0.0,2.7420187948523476e+23,0.0,-0.0,0.0,0.0,-2546920849408.0,4300,0,8,17169,4300,0.0,41,0.0,0.0,0.0,0.0,2.7184166902131945e+23,0,0,0,0,0.0,0,0,0,0,0,0,0,0,0,0,0,0,0,0,0,0,0,0,0,0,0,0,0,0,0,0,0,0,0,0,0,0,0,8,36,36,44,65476,360,65476,1,0,4,21553,0.0,0.0,0.0,0.0,0.0,0.0,0.0,0.0,0.0,0.0,0.0,0.0,0.0,0.0,0.0,0.0,0.0,0.0,0.0,0.0,0.0,2.004,2.004,-2.004,-2.004,0.0,0.0,0.0,0.0,0.0,6620.0,-0.0,0.0,0.0,-0.0,-0.0,-2.7184505572823923e+23,0.0,0.0,2.004,2.004,228,-107614784.0,107615264.0,0.0,0.0,0.0,0.0,0.0,0.0,0.0,0,0,0,0.0,3612195422208.0,-0.0,0.0,-0.0,-2.206761424874241e+21,-4093510418432.0,-1.3107831091757056e+16,0.0,-4.697258250576038e+26,-0.475,1668801495040.0,0.0,0.0,0.0,-1.177403846237419e+20,0,1.3516416376850534e+27,228,0.0,456,2.3398240911695988e+30,128985546752.0,2114,0,17110,0,17112,0,17096,0,0,0,101,100,100,-107615240.0,64.9,-107615248.0,65.2,2.7302337753474445e+23,65.0,1,49,50,180,52429,52429,0,0,0.0,0.0,0.0,60.0,0.0,71.0,0.0,0.0,0.0,1069,0,1069,0,0,0,1070,0,1080,0,1000,0,652,0,654,0,649,0,679,0.032,1.4536034330083127e+22,-0.0,-0.0,36368,16813,0.0,2.9441852517353055e+32,-0.0,0.0,-29.282,-52680499200.0,50.0,60.0,35,0.0,0.0,10.0,2.0,0.0,0.0,0.0,0.0,0.0,0.0,0.0,0.0,0.0,0.0,0.0,0.0,58.8,56,10,65507,27,65476,0,300,0,0,8,20529,65476,0,0,30147,60.0,0.0,10.0,10.0,2.0,0.0
2026-02-16T12:28:12,ERR,ERR,ERR,ERR,ERR,ERR,ERR,ERR,ERR,ERR,ERR,ERR,ERR,ERR,ERR,ERR,ERR,ERR,ERR,ERR,ERR,ERR,ERR,ERR,ERR,ERR,ERR,ERR,ERR,ERR,ERR,ERR,ERR,ERR,ERR,ERR,ERR,ERR,ERR,ERR,ERR,ERR,ERR,ERR,ERR,ERR,ERR,ERR,ERR,ERR,ERR,ERR,ERR,ERR,ERR,ERR,ERR,ERR,ERR,ERR,ERR,ERR,ERR,ERR,ERR,ERR,ERR,ERR,ERR,ERR,ERR,ERR,ERR,ERR,ERR,ERR,ERR,ERR,ERR,ERR,ERR,ERR,ERR,ERR,ERR,ERR,ERR,ERR,ERR,ERR,ERR,ERR,ERR,ERR,ERR,ERR,ERR,ERR,ERR,ERR,ERR,ERR,ERR,ERR,ERR,ERR,ERR,ERR,ERR,ERR,ERR,ERR,ERR,ERR,ERR,ERR,ERR,ERR,ERR,ERR,ERR,ERR,ERR,ERR,ERR,0.0,-0.0,2.7420187948523476e+23,0.0,-0.0,0.002,1083614.625,-354.501,4300,0,8,17169,4300,0.0,41,0.0,0.0,0.0,0.0,2.7184166902131945e+23,0,0,0,0,0.0,0,0,0,0,0,0,0,0,0,0,0,0,0,0,0,0,0,0,0,0,0,0,0,0,0,0,0,0,0,0,0,0,0,9,36,36,44,65476,359,65476,1,0,4,21553,0.0,0.0,0.0,0.0,0.0,0.0,0.0,0.0,0.0,0.0,0.0,0.0,0.0,0.0,0.0,0.0,0.0,0.0,0.0,0.0,0.0,2.004,2.004,-2.004,-0.0,0.0,0.0,0.0,0.0,0.0,6622.0,-2.004,0.0,0.0,-0.0,2.7184503771384073e+23,-2.7184505572823923e+23,0.0,0.0,2.004,2.004,228,-2.3088280513417105e+20,89221.031,0.0,0.0,0.0,0.0,0.0,0.0,0.0,0,0,0,-257575345979392.0,0.0,-0.0,-0.0,8.623548483181999e+24,-0.0,-0.0,1.0685463133864816e+24,-94.137,-5.011578963675841e+26,-0.501,1789060579328.0,0.0,0.0,0.0,-2.8561278687471005e+31,0,1.3516416376850534e+27,228,0.0,456,-621855232.0,-0.0,2114,0,17110,0,17112,0,17096,0,0,0,101,100,100,-107615240.0,64.9,-107615248.0,65.2,2.7302337753474445e+23,65.0,1,49,50,180,52429,52429,0,0,0.0,0.0,0.0,60.0,0.0,71.0,0.0,0.0,0.0,1069,0,1069,0,0,0,1070,0,1080,0,1000,0,652,0,654,0,649,0,679,0.032,1.4536034330083127e+22,-0.0,-0.0,36368,16813,0.0,2.9441852517353055e+32,-0.0,0.0,-29.282,-52680499200.0,50.0,60.0,35,0.0,0.0,10.0,2.0,0.0,0.0,0.0,0.0,0.0,0.0,0.0,0.0,0.0,0.0,0.0,0.0,59.2,56,10,65507,27,65476,0,300,0,0,8,20529,65476,0,0,30147,60.0,0.0,10.0,10.0,2.0,0.0
2026-02-16T12:28:13,ERR,ERR,ERR,ERR,ERR,ERR,ERR,ERR,ERR,ERR,ERR,ERR,ERR,ERR,ERR,ERR,ERR,ERR,ERR,ERR,ERR,ERR,ERR,ERR,ERR,ERR,ERR,ERR,ERR,ERR,ERR,ERR,ERR,ERR,ERR,ERR,ERR,ERR,ERR,ERR,ERR,ERR,ERR,ERR,ERR,ERR,ERR,ERR,ERR,ERR,ERR,ERR,ERR,ERR,ERR,ERR,ERR,ERR,ERR,ERR,ERR,ERR,ERR,ERR,ERR,ERR,ERR,ERR,ERR,ERR,ERR,ERR,ERR,ERR,ERR,ERR,ERR,ERR,ERR,ERR,ERR,ERR,ERR,ERR,ERR,ERR,ERR,ERR,ERR,ERR,ERR,ERR,ERR,ERR,ERR,ERR,ERR,ERR,ERR,ERR,ERR,ERR,ERR,ERR,ERR,ERR,ERR,ERR,ERR,ERR,ERR,ERR,ERR,ERR,ERR,ERR,ERR,ERR,ERR,ERR,ERR,ERR,ERR,ERR,ERR,0.0,-0.0,2.7420187948523476e+23,0.0,-0.0,0.002,1083614.625,-354.501,4300,0,8,17169,4300,0.0,41,0.0,0.0,0.0,0.0,2.7184166902131945e+23,0,0,0,0,0.0,0,0,0,0,0,0,0,0,0,0,0,0,0,0,0,0,0,0,0,0,0,0,0,0,0,0,0,0,0,0,0,0,0,9,36,36,44,65476,359,65476,1,0,4,21553,0.0,0.0,0.0,0.0,0.0,0.0,0.0,0.0,0.0,0.0,0.0,0.0,0.0,0.0,0.0,0.0,0.0,0.0,0.0,0.0,0.0,2.004,2.004,-2.004,-0.0,0.0,0.0,0.0,0.0,0.0,6622.0,-2.004,0.0,0.0,-0.0,2.7184503771384073e+23,-2.7184505572823923e+23,0.0,0.0,2.004,2.004,228,-2.3088280513417105e+20,89221.031,0.0,0.0,0.0,0.0,0.0,0.0,0.0,0,0,0,-257575345979392.0,0.0,-0.0,-0.0,8.623548483181999e+24,-0.0,-0.0,1.0685463133864816e+24,-94.137,-5.011578963675841e+26,-0.501,1789060579328.0,0.0,0.0,0.0,-2.8561278687471005e+31,0,1.3516416376850534e+27,228,0.0,456,-621855232.0,-0.0,2114,0,17110,0,17112,0,17096,0,0,0,101,100,100,-107615240.0,64.9,-0.0,65.2,2.7302337753474445e+23,65.0,1,49,50,180,52429,52429,0,0,0.0,0.0,0.0,60.0,0.0,71.0,0.0,218371472.0,0.0,1069,0,1069,0,0,0,1070,0,1080,0,1000,0,652,0,654,0,649,0,678,0.032,1.4536034330083127e+22,-2.004,-107615288.0,51600,16813,0.0,218371472.0,-0.0,101873188864.0,-0.0,-0.12,50.0,60.0,35,0.0,0.0,10.0,2.0,0.0,0.0,0.0,0.0,0.0,0.0,0.0,0.0,0.0,0.0,0.0,0.0,59.2,56,10,65507,27,65476,0,300,0,0,8,20529,65476,0,0,30147,60.0,0.0,10.0,10.0,2.0,0.0
2026-02-16T12:28:14,ERR,ERR,ERR,ERR,ERR,ERR,ERR,ERR,ERR,ERR,ERR,ERR,ERR,ERR,ERR,ERR,ERR,ERR,ERR,ERR,ERR,ERR,ERR,ERR,ERR,ERR,ERR,ERR,ERR,ERR,ERR,ERR,ERR,ERR,ERR,ERR,ERR,ERR,ERR,ERR,ERR,ERR,ERR,ERR,ERR,ERR,ERR,ERR,ERR,ERR,ERR,ERR,ERR,ERR,ERR,ERR,ERR,ERR,ERR,ERR,ERR,ERR,ERR,ERR,ERR,ERR,ERR,ERR,ERR,ERR,ERR,ERR,ERR,ERR,ERR,ERR,ERR,ERR,ERR,ERR,ERR,ERR,ERR,ERR,ERR,ERR,ERR,ERR,ERR,ERR,ERR,ERR,ERR,ERR,ERR,ERR,ERR,ERR,ERR,ERR,ERR,ERR,ERR,ERR,ERR,ERR,ERR,ERR,ERR,ERR,ERR,ERR,ERR,ERR,ERR,ERR,ERR,ERR,ERR,ERR,ERR,ERR,ERR,ERR,ERR,0.0,-0.0,2.7420187948523476e+23,0.0,-0.0,0.002,1083614.625,-354.501,4300,0,8,17169,4300,0.0,41,0.0,0.0,0.0,0.0,2.7184166902131945e+23,0,0,0,0,0.0,0,0,0,0,0,0,0,0,0,0,0,0,0,0,0,0,0,0,0,0,0,0,0,0,0,0,0,0,0,0,0,0,0,9,36,36,44,65476,359,65476,1,0,4,21553,0.0,0.0,0.0,0.0,0.0,0.0,0.0,0.0,0.0,0.0,0.0,0.0,0.0,0.0,0.0,0.0,0.0,0.0,0.0,0.0,0.0,2.004,2.004,-2.004,-0.0,0.0,0.0,0.0,0.0,0.0,6622.0,-2.004,0.0,0.0,-0.0,2.7184503771384073e+23,-2.7184505572823923e+23,0.0,0.0,2.004,2.004,228,-2.3088280513417105e+20,89221.031,0.0,0.0,0.0,0.0,0.0,0.0,0.0,0,0,0,-257575345979392.0,0.0,-0.0,-0.0,8.623548483181999e+24,-0.0,-0.0,1.0685463133864816e+24,-94.137,-5.011578963675841e+26,-0.501,1789060579328.0,0.0,0.0,0.0,-2.8561278687471005e+31,0,1.3516416376850534e+27,228,0.0,456,-621855232.0,-0.0,2114,0,17110,0,17112,0,17096,0,0,0,101,100,100,-107615240.0,64.9,-0.0,65.2,2.7302337753474445e+23,65.0,1,49,50,180,52429,52429,0,0,0.0,0.0,0.0,60.0,0.0,71.0,0.0,218371472.0,0.0,1069,0,1069,0,0,0,1070,0,1080,0,1000,0,652,0,654,0,649,0,678,0.032,1.4536034330083127e+22,-2.004,-107615288.0,51600,16813,0.0,218371472.0,-0.0,101873188864.0,-0.0,-0.12,50.0,60.0,35,0.0,0.0,10.0,2.0,0.0,0.0,0.0,0.0,0.0,0.0,0.0,0.0,0.0,0.0,0.0,0.0,58.8,56,11,65507,27,65476,0,300,0,0,8,20529,65476,0,0,30147,60.0,0.0,10.0,10.0,2.0,0.0
2026-02-16T12:28:15,ERR,ERR,ERR,ERR,ERR,ERR,ERR,ERR,ERR,ERR,ERR,ERR,ERR,ERR,ERR,ERR,ERR,ERR,ERR,ERR,ERR,ERR,ERR,ERR,ERR,ERR,ERR,ERR,ERR,ERR,ERR,ERR,ERR,ERR,ERR,ERR,ERR,ERR,ERR,ERR,ERR,ERR,ERR,ERR,ERR,ERR,ERR,ERR,ERR,ERR,ERR,ERR,ERR,ERR,ERR,ERR,ERR,ERR,ERR,ERR,ERR,ERR,ERR,ERR,ERR,ERR,ERR,ERR,ERR,ERR,ERR,ERR,ERR,ERR,ERR,ERR,ERR,ERR,ERR,ERR,ERR,ERR,ERR,ERR,ERR,ERR,ERR,ERR,ERR,ERR,ERR,ERR,ERR,ERR,ERR,ERR,ERR,ERR,ERR,ERR,ERR,ERR,ERR,ERR,ERR,ERR,ERR,ERR,ERR,ERR,ERR,ERR,ERR,ERR,ERR,ERR,ERR,ERR,ERR,ERR,ERR,ERR,ERR,ERR,ERR,0.0,-0.0,2.7420187948523476e+23,0.0,-0.0,0.002,1083614.625,-354.501,4300,0,8,17169,4300,0.0,41,0.0,0.0,0.0,0.0,2.7184166902131945e+23,0,0,0,0,0.0,0,0,0,0,0,0,0,0,0,0,0,0,0,0,0,0,0,0,0,0,0,0,0,0,0,0,0,0,0,0,0,0,0,9,36,36,44,65476,359,65476,1,0,4,21553,0.0,0.0,0.0,0.0,0.0,0.0,0.0,0.0,0.0,0.0,0.0,0.0,0.0,0.0,0.0,0.0,0.0,0.0,0.0,0.0,0.0,2.004,2.004,-2.004,-0.0,0.0,0.0,0.0,0.0,0.0,6622.0,-2.004,0.0,0.0,-0.0,2.7184503771384073e+23,-2.7184505572823923e+23,0.0,0.0,2.004,2.004,228,-2.3088280513417105e+20,89221.031,0.0,0.0,0.0,0.0,0.0,0.0,0.0,0,0,0,-257575345979392.0,0.0,-0.0,-0.0,8.623548483181999e+24,-0.0,-0.0,1.0685463133864816e+24,-94.137,-5.011578963675841e+26,-0.501,1789060579328.0,0.0,0.0,0.0,-2.8561278687471005e+31,0,1.3516416376850534e+27,228,0.0,456,-621855232.0,-0.0,2114,0,17110,0,17112,0,17096,0,0,0,101,100,100,-107615240.0,64.9,-0.0,65.2,2.7302337753474445e+23,65.0,1,49,50,180,52429,52429,0,0,0.0,0.0,0.0,60.0,0.0,71.0,0.0,218371472.0,0.0,1069,0,1069,0,0,0,1070,0,1080,0,1000,0,652,0,654,0,649,0,678,0.032,1.4536034330083127e+22,-2.004,-107615288.0,51600,16813,0.0,218371472.0,-0.0,101873188864.0,-0.0,-0.12,50.0,60.0,35,0.0,0.0,10.0,2.0,0.0,0.0,0.0,0.0,0.0,0.0,0.0,0.0,0.0,0.0,0.0,0.0,58.8,56,11,65507,27,65476,0,300,0,0,8,20529,65476,0,0,30147,60.0,0.0,10.0,10.0,2.0,0.0
2026-02-16T12:28:16,ERR,ERR,ERR,ERR,ERR,ERR,ERR,ERR,ERR,ERR,ERR,ERR,ERR,ERR,ERR,ERR,ERR,ERR,ERR,ERR,ERR,ERR,ERR,ERR,ERR,ERR,ERR,ERR,ERR,ERR,ERR,ERR,ERR,ERR,ERR,ERR,ERR,ERR,ERR,ERR,ERR,ERR,ERR,ERR,ERR,ERR,ERR,ERR,ERR,ERR,ERR,ERR,ERR,ERR,ERR,ERR,ERR,ERR,ERR,ERR,ERR,ERR,ERR,ERR,ERR,ERR,ERR,ERR,ERR,ERR,ERR,ERR,ERR,ERR,ERR,ERR,ERR,ERR,ERR,ERR,ERR,ERR,ERR,ERR,ERR,ERR,ERR,ERR,ERR,ERR,ERR,ERR,ERR,ERR,ERR,ERR,ERR,ERR,ERR,ERR,ERR,ERR,ERR,ERR,ERR,ERR,ERR,ERR,ERR,ERR,ERR,ERR,ERR,ERR,ERR,ERR,ERR,ERR,ERR,ERR,ERR,ERR,ERR,ERR,ERR,0.0,-0.0,2.7420187948523476e+23,0.0,-0.0,0.002,1083614.625,-354.501,4300,0,8,17169,4300,0.0,41,0.0,0.0,0.0,0.0,2.7184166902131945e+23,0,0,0,0,0.0,0,0,0,0,0,0,0,0,0,0,0,0,0,0,0,0,0,0,0,0,0,0,0,0,0,0,0,0,0,0,0,0,0,9,36,36,44,65476,359,65476,1,0,4,21553,0.0,0.0,0.0,0.0,0.0,0.0,0.0,0.0,0.0,0.0,0.0,0.0,0.0,0.0,0.0,0.0,0.0,0.0,0.0,0.0,0.0,2.004,2.004,-2.004,-0.0,0.0,0.0,0.0,0.0,0.0,6622.0,-2.004,0.0,0.0,-0.0,2.7184503771384073e+23,-2.7184505572823923e+23,0.0,0.0,2.004,2.004,228,-2.3088280513417105e+20,89221.031,0.0,0.0,0.0,0.0,0.0,0.0,0.0,0,0,0,-257575345979392.0,0.0,-0.0,-0.0,8.623548483181999e+24,-0.0,-0.0,1.0685463133864816e+24,-94.137,-5.011578963675841e+26,-0.501,1789060579328.0,0.0,0.0,0.0,-2.8561278687471005e+31,0,1.3516416376850534e+27,228,0.0,456,-621855232.0,-0.0,2114,0,17110,0,17112,0,17096,0,0,0,101,100,100,-107615240.0,64.9,-0.0,65.2,2.7302337753474445e+23,65.0,1,49,50,180,52429,52429,0,0,0.0,0.0,0.0,60.0,0.001,71.0,0.0,7.712650756871946e+17,0.0,1069,0,1069,0,0,0,1069,0,1080,0,1000,0,652,0,654,0,649,0,678,0.032,1.4609821306377965e+22,-0.0,-0.0,58768,16813,0.001,7.712650756871946e+17,-2.0412288330461304e+35,-0.0,0.0,501743936.0,50.0,60.0,35,0.0,0.0,10.0,2.0,0.0,0.0,0.0,0.0,0.0,0.0,0.0,0.0,0.0,0.0,0.0,0.0,59.2,56,11,65507,27,65476,0,65476,0,0,2,20529,65476,0,0,30147,60.0,0.0,10.0,10.0,2.0,0.0
2026-02-16T12:28:17,ERR,ERR,ERR,ERR,ERR,ERR,ERR,ERR,ERR,ERR,ERR,ERR,ERR,ERR,ERR,ERR,ERR,ERR,ERR,ERR,ERR,ERR,ERR,ERR,ERR,ERR,ERR,ERR,ERR,ERR,ERR,ERR,ERR,ERR,ERR,ERR,ERR,ERR,ERR,ERR,ERR,ERR,ERR,ERR,ERR,ERR,ERR,ERR,ERR,ERR,ERR,ERR,ERR,ERR,ERR,ERR,ERR,ERR,ERR,ERR,ERR,ERR,ERR,ERR,ERR,ERR,ERR,ERR,ERR,ERR,ERR,ERR,ERR,ERR,ERR,ERR,ERR,ERR,ERR,ERR,ERR,ERR,ERR,ERR,ERR,ERR,ERR,ERR,ERR,ERR,ERR,ERR,ERR,ERR,ERR,ERR,ERR,ERR,ERR,ERR,ERR,ERR,ERR,ERR,ERR,ERR,ERR,ERR,ERR,ERR,ERR,ERR,ERR,ERR,ERR,ERR,ERR,ERR,ERR,ERR,ERR,ERR,ERR,ERR,ERR,0.0,-0.0,0.0,0.0,0.0,0.0,0.0,3.952626510769416e+24,4300,0,8,17169,4300,0.0,41,0.0,0.0,0.0,0.0,2.7184166902131945e+23,0,0,0,0,0.0,0,0,0,0,0,0,0,0,0,0,0,0,0,0,0,0,0,0,0,0,0,0,0,0,0,0,0,0,0,0,0,0,0,9,36,36,44,65476,360,65476,1,0,4,21553,0.0,-107610720.0,0.0,0.0,0.0,0.0,0.0,0.0,0.0,0.0,0.0,0.0,0.0,0.0,0.0,0.0,0.0,0.0,0.0,0.0,0.0,2.004,2.004,-2.004,-0.0,0.0,0.0,0.0,0.0,0.0,6622.0,-0.0,0.0,0.0,-0.0,2.7184503771384073e+23,0.0,0.0,0.0,2.004,2.004,228,-2.3088280513417105e+20,89221.031,0.0,0.0,0.0,0.0,0.0,0.0,0.0,0,0,0,-5.784978478679269e+34,-6760.237,-0.0,-0.058,-0.0,6.058133681987772e+22,-0.0,0.0,-0.0,-5.27754264399106e+26,-0.548,1874959925248.0,0.0,0.0,0.0,0.0,0,1.3516416376850534e+27,228,0.0,456,-621855232.0,-0.0,2114,0,17110,0,17112,0,17096,0,0,0,101,100,100,-107615240.0,64.9,-0.0,65.2,2.7302337753474445e+23,65.0,1,49,50,180,52429,52429,0,0,0.0,0.0,0.0,60.0,0.001,71.0,0.0,7.712650756871946e+17,0.0,1069,0,1069,0,0,0,1069,0,1080,0,1000,0,652,0,654,0,649,0,678,0.032,1.4609821306377965e+22,-0.0,-0.0,58768,16813,0.001,7.712650756871946e+17,-2.0412288330461304e+35,-0.0,0.0,501743936.0,50.0,60.0,35,0.0,0.0,10.0,2.0,0.0,0.0,0.0,0.0,0.0,0.0,0.0,0.0,0.0,0.0,0.0,0.0,58.8,56,11,65507,27,65476,0,65476,1,0,4,20529,65476,0,0,30147,60.0,0.0,10.0,10.0,2.0,0.0
2026-02-16T12:28:18,ERR,ERR,ERR,ERR,ERR,ERR,ERR,ERR,ERR,ERR,ERR,ERR,ERR,ERR,ERR,ERR,ERR,ERR,ERR,ERR,ERR,ERR,ERR,ERR,ERR,ERR,ERR,ERR,ERR,ERR,ERR,ERR,ERR,ERR,ERR,ERR,ERR,ERR,ERR,ERR,ERR,ERR,ERR,ERR,ERR,ERR,ERR,ERR,ERR,ERR,ERR,ERR,ERR,ERR,ERR,ERR,ERR,ERR,ERR,ERR,ERR,ERR,ERR,ERR,ERR,ERR,ERR,ERR,ERR,ERR,ERR,ERR,ERR,ERR,ERR,ERR,ERR,ERR,ERR,ERR,ERR,ERR,ERR,ERR,ERR,ERR,ERR,ERR,ERR,ERR,ERR,ERR,ERR,ERR,ERR,ERR,ERR,ERR,ERR,ERR,ERR,ERR,ERR,ERR,ERR,ERR,ERR,ERR,ERR,ERR,ERR,ERR,ERR,ERR,ERR,ERR,ERR,ERR,ERR,ERR,ERR,ERR,ERR,ERR,ERR,0.0,-0.0,0.0,0.0,0.0,0.0,0.0,3.952626510769416e+24,4300,0,8,17169,4300,0.0,41,0.0,0.0,0.0,0.0,2.7184166902131945e+23,0,0,0,0,0.0,0,0,0,0,0,0,0,0,0,0,0,0,0,0,0,0,0,0,0,0,0,0,0,0,0,0,0,0,0,0,0,0,0,9,36,36,44,65476,360,65476,1,0,4,21553,0.0,-107610720.0,0.0,0.0,0.0,0.0,0.0,0.0,0.0,0.0,0.0,0.0,0.0,0.0,0.0,0.0,0.0,0.0,0.0,0.0,0.0,2.004,2.004,-2.004,-0.0,0.0,0.0,0.0,0.0,0.0,6622.0,-0.0,0.0,0.0,-0.0,2.7184503771384073e+23,0.0,0.0,0.0,2.004,2.004,228,-2.3088280513417105e+20,89221.031,0.0,0.0,0.0,0.0,0.0,0.0,0.0,0,0,0,-5.784978478679269e+34,-6760.237,-0.0,-0.058,-0.0,6.058133681987772e+22,-0.0,0.0,-0.0,-5.27754264399106e+26,-0.548,1874959925248.0,0.0,0.0,0.0,0.0,0,1.3516416376850534e+27,228,0.0,456,-621855232.0,-0.0,2114,0,17110,0,17112,0,17096,0,0,0,101,100,100,-107615240.0,64.9,-0.0,65.2,2.7302337753474445e+23,65.0,1,49,50,180,52429,52429,0,0,0.0,0.0,0.0,60.0,0.001,71.0,0.0,7.712650756871946e+17,0.0,1069,0,1069,0,0,0,1069,0,1080,0,1000,0,652,0,654,0,649,0,678,0.032,1.4609821306377965e+22,-0.0,-0.0,58768,16813,0.001,7.712650756871946e+17,-2.0412288330461304e+35,-0.0,0.0,501743936.0,50.0,60.0,35,0.0,0.0,10.0,2.0,0.0,0.0,0.0,0.0,0.0,0.0,0.0,0.0,0.0,0.0,0.0,0.0,58.8,56,11,65507,27,65476,0,65476,1,0,4,20529,65476,0,0,30147,60.0,0.0,10.0,10.0,2.0,0.0
2026-02-16T12:28:19,ERR,ERR,ERR,ERR,ERR,ERR,ERR,ERR,ERR,ERR,ERR,ERR,ERR,ERR,ERR,ERR,ERR,ERR,ERR,ERR,ERR,ERR,ERR,ERR,ERR,ERR,ERR,ERR,ERR,ERR,ERR,ERR,ERR,ERR,ERR,ERR,ERR,ERR,ERR,ERR,ERR,ERR,ERR,ERR,ERR,ERR,ERR,ERR,ERR,ERR,ERR,ERR,ERR,ERR,ERR,ERR,ERR,ERR,ERR,ERR,ERR,ERR,ERR,ERR,ERR,ERR,ERR,ERR,ERR,ERR,ERR,ERR,ERR,ERR,ERR,ERR,ERR,ERR,ERR,ERR,ERR,ERR,ERR,ERR,ERR,ERR,ERR,ERR,ERR,ERR,ERR,ERR,ERR,ERR,ERR,ERR,ERR,ERR,ERR,ERR,ERR,ERR,ERR,ERR,ERR,ERR,ERR,ERR,ERR,ERR,ERR,ERR,ERR,ERR,ERR,ERR,ERR,ERR,ERR,ERR,ERR,ERR,ERR,ERR,ERR,0.0,-0.0,0.0,0.0,0.0,0.0,0.0,3.952626510769416e+24,4300,0,8,17169,4300,0.0,41,0.0,0.0,0.0,0.0,2.7184166902131945e+23,0,0,0,0,0.0,0,0,0,0,0,0,0,0,0,0,0,0,0,0,0,0,0,0,0,0,0,0,0,0,0,0,0,0,0,0,0,0,0,9,36,36,44,65476,360,65476,1,0,4,21553,0.0,-107610720.0,0.0,0.0,0.0,0.0,0.0,0.0,0.0,0.0,0.0,0.0,0.0,0.0,0.0,0.0,0.0,0.0,0.0,0.0,0.0,2.004,2.004,-2.004,-0.0,0.0,0.0,0.0,0.0,0.0,6622.0,-0.0,0.0,0.0,-0.0,2.7184503771384073e+23,0.0,0.0,0.0,2.004,2.004,228,-2.3088280513417105e+20,89221.031,0.0,0.0,0.0,0.0,0.0,0.0,0.0,0,0,0,-5.784978478679269e+34,-6760.237,-0.0,-0.058,-0.0,6.058133681987772e+22,-0.0,0.0,-0.0,-5.27754264399106e+26,-0.548,1874959925248.0,0.0,0.0,0.0,0.0,0,1.3516416376850534e+27,228,0.0,456,-621855232.0,-0.0,2114,52429,17109,0,17112,0,17096,0,0,0,101,100,100,-107615240.0,64.9,-107615248.0,65.2,2.7302337753474445e+23,65.0,1,49,50,180,52429,52429,0,0,0.0,0.0,0.0,60.0,0.0,71.0,0.0,-0.0,0.0,1069,0,1069,0,0,0,1069,0,1080,0,1000,0,652,0,654,0,649,0,678,0.032,1.4609821306377965e+22,-0.0,-0.0,56464,16813,0.0,-0.0,0.0,4.379824508722692e+32,0.0,1.9393643075233382e+17,50.0,60.0,35,0.0,0.0,10.0,2.0,0.0,0.0,0.0,0.0,0.0,0.0,0.0,0.0,0.0,0.0,0.0,0.0,58.8,56,11,65507,27,65476,0,65476,1,0,4,20529,65476,0,0,30147,60.0,0.0,10.0,10.0,2.0,0.0
2026-02-16T12:28:20,ERR,ERR,ERR,ERR,ERR,ERR,ERR,ERR,ERR,ERR,ERR,ERR,ERR,ERR,ERR,ERR,ERR,ERR,ERR,ERR,ERR,ERR,ERR,ERR,ERR,ERR,ERR,ERR,ERR,ERR,ERR,ERR,ERR,ERR,ERR,ERR,ERR,ERR,ERR,ERR,ERR,ERR,ERR,ERR,ERR,ERR,ERR,ERR,ERR,ERR,ERR,ERR,ERR,ERR,ERR,ERR,ERR,ERR,ERR,ERR,ERR,ERR,ERR,ERR,ERR,ERR,ERR,ERR,ERR,ERR,ERR,ERR,ERR,ERR,ERR,ERR,ERR,ERR,ERR,ERR,ERR,ERR,ERR,ERR,ERR,ERR,ERR,ERR,ERR,ERR,ERR,ERR,ERR,ERR,ERR,ERR,ERR,ERR,ERR,ERR,ERR,ERR,ERR,ERR,ERR,ERR,ERR,ERR,ERR,ERR,ERR,ERR,ERR,ERR,ERR,ERR,ERR,ERR,ERR,ERR,ERR,ERR,ERR,ERR,ERR,0.0,-0.0,0.0,0.0,0.0,0.0,0.0,3.952626510769416e+24,4300,0,8,17169,4300,0.0,41,0.0,0.0,0.0,0.0,2.7184166902131945e+23,0,0,0,0,0.0,0,0,0,0,0,0,0,0,0,0,0,0,0,0,0,0,0,0,0,0,0,0,0,0,0,0,0,0,0,0,0,0,0,9,36,36,44,65476,360,65476,1,0,4,21553,0.0,-107610720.0,0.0,0.0,0.0,0.0,0.0,0.0,0.0,0.0,0.0,0.0,0.0,0.0,0.0,0.0,0.0,0.0,0.0,0.0,0.0,2.004,2.004,-2.004,-0.0,0.0,0.0,0.0,0.0,0.0,6622.0,-0.0,0.0,0.0,-0.0,2.7184503771384073e+23,0.0,0.0,0.0,2.004,2.004,228,-2.3088280513417105e+20,89221.031,0.0,0.0,0.0,0.0,0.0,0.0,0.0,0,0,0,-5.784978478679269e+34,-6760.237,-0.0,-0.058,-0.0,6.058133681987772e+22,-0.0,0.0,-0.0,-5.27754264399106e+26,-0.548,1874959925248.0,0.0,0.0,0.0,0.0,0,1.3516416376850534e+27,228,0.0,456,-621855232.0,-0.0,2114,52429,17109,0,17112,0,17096,0,0,0,101,100,100,-107615240.0,64.9,-107615248.0,65.2,2.7302337753474445e+23,65.0,1,49,50,180,52429,52429,0,0,0.0,0.0,0.0,60.0,0.0,71.0,0.0,-0.0,0.0,1069,0,1069,0,0,0,1069,0,1080,0,1000,0,652,0,654,0,649,0,678,0.032,1.4609821306377965e+22,-0.0,-0.0,56464,16813,0.0,-0.0,0.0,4.379824508722692e+32,0.0,1.9393643075233382e+17,50.0,60.0,35,0.0,0.0,10.0,2.0,0.0,0.0,0.0,0.0,0.0,0.0,0.0,0.0,0.0,0.0,0.0,0.0,58.8,56,11,65507,27,65476,0,65476,1,0,4,20529,65476,0,0,30147,60.0,0.0,10.0,10.0,2.0,0.0
2026-02-16T12:28:21,ERR,ERR,ERR,ERR,ERR,ERR,ERR,ERR,ERR,ERR,ERR,ERR,ERR,ERR,ERR,ERR,ERR,ERR,ERR,ERR,ERR,ERR,ERR,ERR,ERR,ERR,ERR,ERR,ERR,ERR,ERR,ERR,ERR,ERR,ERR,ERR,ERR,ERR,ERR,ERR,ERR,ERR,ERR,ERR,ERR,ERR,ERR,ERR,ERR,ERR,ERR,ERR,ERR,ERR,ERR,ERR,ERR,ERR,ERR,ERR,ERR,ERR,ERR,ERR,ERR,ERR,ERR,ERR,ERR,ERR,ERR,ERR,ERR,ERR,ERR,ERR,ERR,ERR,ERR,ERR,ERR,ERR,ERR,ERR,ERR,ERR,ERR,ERR,ERR,ERR,ERR,ERR,ERR,ERR,ERR,ERR,ERR,ERR,ERR,ERR,ERR,ERR,ERR,ERR,ERR,ERR,ERR,ERR,ERR,ERR,ERR,ERR,ERR,ERR,ERR,ERR,ERR,ERR,ERR,ERR,ERR,ERR,ERR,ERR,ERR,0.0,-0.0,2.7420187948523476e+23,0.0,-0.0,0.0,0.0,-3.43915689400618e+28,4300,0,8,17169,4300,0.0,41,0.0,0.0,0.0,0.0,2.7184166902131945e+23,0,0,0,0,0.0,0,0,0,0,0,0,0,0,0,0,0,0,0,0,0,0,0,0,0,0,0,0,0,0,0,0,0,0,0,0,0,0,0,9,36,36,45,65476,360,65476,1,0,4,21553,0.0,-0.0,0.0,0.0,0.0,0.0,0.0,0.0,0.0,0.0,0.0,0.0,0.0,0.0,0.0,0.0,0.0,0.0,0.0,0.0,0.0,2.004,2.004,-2.004,-0.0,2.004,0.0,0.0,0.0,0.0,6592.0,-0.0,0.0,0.0,-0.0,0.0,0.0,-0.0,0.0,2.004,2.004,230,-4.9504015179484054e+32,0.0,0.0,0.0,0.0,0.0,0.0,0.0,0.0,0,0,0,0.0,1.608035827398519e+24,-0.0,3.6018680808300987e+21,-0.0,0.0,9.796665438928558e+28,-1.5482670417615705e+32,12.705,-5.591863357090863e+26,-0.595,1995219009536.0,0.0,0.0,0.0,0.0,0,1.3516416376850534e+27,230,0.0,460,-621855232.0,86146.148,2114,52429,17109,0,17112,0,17096,0,0,0,101,100,100,-107615240.0,64.9,-107615248.0,65.2,2.7302337753474445e+23,65.0,1,49,50,180,52429,52429,0,0,0.0,0.0,0.0,60.0,0.0,71.0,0.0,-0.0,0.0,1069,0,1069,0,0,0,1069,0,1080,0,1000,0,652,0,654,0,649,0,678,0.032,1.4609821306377965e+22,-0.0,-0.0,56464,16813,0.0,-0.0,0.0,4.379824508722692e+32,0.0,1.9393643075233382e+17,50.0,60.0,35,0.0,0.0,10.0,2.0,0.0,0.0,0.0,0.0,0.0,0.0,0.0,0.0,0.0,0.0,0.0,0.0,58.8,56,11,65507,27,65476,82,65476,1,0,4,20529,65476,0,0,30147,60.0,0.0,10.0,10.0,2.0,0.0
2026-02-16T12:28:22,ERR,ERR,ERR,ERR,ERR,ERR,ERR,ERR,ERR,ERR,ERR,ERR,ERR,ERR,ERR,ERR,ERR,ERR,ERR,ERR,ERR,ERR,ERR,ERR,ERR,ERR,ERR,ERR,ERR,ERR,ERR,ERR,ERR,ERR,ERR,ERR,ERR,ERR,ERR,ERR,ERR,ERR,ERR,ERR,ERR,ERR,ERR,ERR,ERR,ERR,ERR,ERR,ERR,ERR,ERR,ERR,ERR,ERR,ERR,ERR,ERR,ERR,ERR,ERR,ERR,ERR,ERR,ERR,ERR,ERR,ERR,ERR,ERR,ERR,ERR,ERR,ERR,ERR,ERR,ERR,ERR,ERR,ERR,ERR,ERR,ERR,ERR,ERR,ERR,ERR,ERR,ERR,ERR,ERR,ERR,ERR,ERR,ERR,ERR,ERR,ERR,ERR,ERR,ERR,ERR,ERR,ERR,ERR,ERR,ERR,ERR,ERR,ERR,ERR,ERR,ERR,ERR,ERR,ERR,ERR,ERR,ERR,ERR,ERR,ERR,0.0,-0.0,2.7420187948523476e+23,0.0,-0.0,0.0,0.0,-3.43915689400618e+28,4300,0,8,17169,4300,0.0,41,0.0,0.0,0.0,0.0,2.7184166902131945e+23,0,0,0,0,0.0,0,0,0,0,0,0,0,0,0,0,0,0,0,0,0,0,0,0,0,0,0,0,0,0,0,0,0,0,0,0,0,0,0,9,36,36,45,65476,360,65476,1,0,4,21553,0.0,-0.0,0.0,0.0,0.0,0.0,0.0,0.0,0.0,0.0,0.0,0.0,0.0,0.0,0.0,0.0,0.0,0.0,0.0,0.0,0.0,2.004,2.004,-2.004,-0.0,2.004,0.0,0.0,0.0,0.0,6592.0,-0.0,0.0,0.0,-0.0,0.0,0.0,-0.0,0.0,2.004,2.004,230,-4.9504015179484054e+32,0.0,0.0,0.0,0.0,0.0,0.0,0.0,0.0,0,0,0,0.0,1.608035827398519e+24,-0.0,3.6018680808300987e+21,-0.0,0.0,9.796665438928558e+28,-1.5482670417615705e+32,12.705,-5.591863357090863e+26,-0.595,1995219009536.0,0.0,0.0,0.0,0.0,0,1.3516416376850534e+27,230,0.0,460,-621855232.0,86146.148,2114,52429,17109,0,17112,0,17096,0,0,0,101,100,100,-107615240.0,64.9,-107615248.0,65.2,2.7302337753474445e+23,65.0,1,49,50,180,52429,52429,0,0,0.0,0.0,0.0,60.0,0.0,71.0,0.0,-0.0,0.0,1069,0,1069,0,0,0,1069,0,1080,0,1000,0,652,0,654,0,649,0,678,0.032,1.4609821306377965e+22,-0.0,-0.0,56464,16813,0.0,-0.0,0.0,4.379824508722692e+32,0.0,1.9393643075233382e+17,50.0,60.0,35,0.0,0.0,10.0,2.0,0.0,0.0,0.0,0.0,0.0,0.0,0.0,0.0,0.0,0.0,0.0,0.0,58.8,55,11,65508,27,65476,160,65476,1,0,4,20529,65476,0,0,30147,60.0,0.0,10.0,10.0,2.0,0.0
2026-02-16T12:28:23,ERR,ERR,ERR,ERR,ERR,ERR,ERR,ERR,ERR,ERR,ERR,ERR,ERR,ERR,ERR,ERR,ERR,ERR,ERR,ERR,ERR,ERR,ERR,ERR,ERR,ERR,ERR,ERR,ERR,ERR,ERR,ERR,ERR,ERR,ERR,ERR,ERR,ERR,ERR,ERR,ERR,ERR,ERR,ERR,ERR,ERR,ERR,ERR,ERR,ERR,ERR,ERR,ERR,ERR,ERR,ERR,ERR,ERR,ERR,ERR,ERR,ERR,ERR,ERR,ERR,ERR,ERR,ERR,ERR,ERR,ERR,ERR,ERR,ERR,ERR,ERR,ERR,ERR,ERR,ERR,ERR,ERR,ERR,ERR,ERR,ERR,ERR,ERR,ERR,ERR,ERR,ERR,ERR,ERR,ERR,ERR,ERR,ERR,ERR,ERR,ERR,ERR,ERR,ERR,ERR,ERR,ERR,ERR,ERR,ERR,ERR,ERR,ERR,ERR,ERR,ERR,ERR,ERR,ERR,ERR,ERR,ERR,ERR,ERR,ERR,0.0,-0.0,2.7420187948523476e+23,0.0,-0.0,0.0,0.0,-3.43915689400618e+28,4300,0,8,17169,4300,0.0,41,0.0,0.0,0.0,0.0,2.7184166902131945e+23,0,0,0,0,0.0,0,0,0,0,0,0,0,0,0,0,0,0,0,0,0,0,0,0,0,0,0,0,0,0,0,0,0,0,0,0,0,0,0,9,36,36,45,65476,360,65476,1,0,4,21553,0.0,-0.0,0.0,0.0,0.0,0.0,0.0,0.0,0.0,0.0,0.0,0.0,0.0,0.0,0.0,0.0,0.0,0.0,0.0,0.0,0.0,2.004,2.004,-2.004,-0.0,2.004,0.0,0.0,0.0,0.0,6592.0,-0.0,0.0,0.0,-0.0,0.0,0.0,-0.0,0.0,2.004,2.004,230,-4.9504015179484054e+32,0.0,0.0,0.0,0.0,0.0,0.0,0.0,0.0,0,0,0,0.0,1.608035827398519e+24,-0.0,3.6018680808300987e+21,-0.0,0.0,9.796665438928558e+28,-1.5482670417615705e+32,12.705,-5.591863357090863e+26,-0.595,1995219009536.0,0.0,0.0,0.0,0.0,0,1.3516416376850534e+27,230,0.0,460,-621855232.0,86146.148,2114,0,17110,0,17112,0,17096,0,0,0,101,100,100,-107615240.0,64.9,-107615248.0,65.2,2.7302337753474445e+23,65.0,1,49,50,180,52429,52429,0,0,0.0,0.0,0.0,60.0,0.0,71.0,0.0,0.0,0.0,1069,0,1069,0,0,0,1070,0,1080,0,1000,0,652,0,654,0,649,0,678,0.032,1.4609821306377965e+22,-0.0,-0.0,46608,16813,0.0,0.0,-0.411,0.0,-79826080.0,0.0,50.0,60.0,35,0.0,0.0,10.0,2.0,0.0,0.0,0.0,0.0,0.0,0.0,0.0,0.0,0.0,0.0,0.0,0.0,58.8,55,11,65508,27,65476,160,65476,1,0,4,20529,65476,0,0,30147,60.0,0.0,10.0,10.0,2.0,0.0
2026-02-16T12:28:24,ERR,ERR,ERR,ERR,ERR,ERR,ERR,ERR,ERR,ERR,ERR,ERR,ERR,ERR,ERR,ERR,ERR,ERR,ERR,ERR,ERR,ERR,ERR,ERR,ERR,ERR,ERR,ERR,ERR,ERR,ERR,ERR,ERR,ERR,ERR,ERR,ERR,ERR,ERR,ERR,ERR,ERR,ERR,ERR,ERR,ERR,ERR,ERR,ERR,ERR,ERR,ERR,ERR,ERR,ERR,ERR,ERR,ERR,ERR,ERR,ERR,ERR,ERR,ERR,ERR,ERR,ERR,ERR,ERR,ERR,ERR,ERR,ERR,ERR,ERR,ERR,ERR,ERR,ERR,ERR,ERR,ERR,ERR,ERR,ERR,ERR,ERR,ERR,ERR,ERR,ERR,ERR,ERR,ERR,ERR,ERR,ERR,ERR,ERR,ERR,ERR,ERR,ERR,ERR,ERR,ERR,ERR,ERR,ERR,ERR,ERR,ERR,ERR,ERR,ERR,ERR,ERR,ERR,ERR,ERR,ERR,ERR,ERR,ERR,ERR,0.0,-0.0,2.7420187948523476e+23,0.0,-0.0,0.0,0.0,-3.43915689400618e+28,4300,0,8,17169,4300,0.0,41,0.0,0.0,0.0,0.0,2.7184166902131945e+23,0,0,0,0,0.0,0,0,0,0,0,0,0,0,0,0,0,0,0,0,0,0,0,0,0,0,0,0,0,0,0,0,0,0,0,0,0,0,0,9,36,36,45,65476,360,65476,1,0,4,21553,0.0,-0.0,0.0,0.0,0.0,0.0,0.0,0.0,0.0,0.0,0.0,0.0,0.0,0.0,0.0,0.0,0.0,0.0,0.0,0.0,0.0,2.004,2.004,-2.004,-0.0,2.004,0.0,0.0,0.0,0.0,6592.0,-0.0,0.0,0.0,-0.0,0.0,0.0,-0.0,0.0,2.004,2.004,230,-4.9504015179484054e+32,0.0,0.0,0.0,0.0,0.0,0.0,0.0,0.0,0,0,0,0.0,1.608035827398519e+24,-0.0,3.6018680808300987e+21,-0.0,0.0,9.796665438928558e+28,-1.5482670417615705e+32,12.705,-5.591863357090863e+26,-0.595,1995219009536.0,0.0,0.0,0.0,0.0,0,1.3516416376850534e+27,230,0.0,460,-621855232.0,86146.148,2114,0,17110,0,17112,0,17096,0,0,0,101,100,100,-107615240.0,64.9,-107615248.0,65.2,2.7302337753474445e+23,65.0,1,49,50,180,52429,52429,0,0,0.0,0.0,0.0,60.0,0.0,71.0,0.0,0.0,0.0,1069,0,1069,0,0,0,1070,0,1080,0,1000,0,652,0,654,0,649,0,678,0.032,1.4609821306377965e+22,-0.0,-0.0,46608,16813,0.0,0.0,-0.411,0.0,-79826080.0,0.0,50.0,60.0,35,0.0,0.0,10.0,2.0,0.0,0.0,0.0,0.0,0.0,0.0,0.0,0.0,0.0,0.0,0.0,0.0,58.8,53,12,65510,27,65476,319,300,0,0,8,20529,65476,0,0,30147,60.0,0.0,10.0,10.0,2.0,0.0
2026-02-16T12:28:25,ERR,ERR,ERR,ERR,ERR,ERR,ERR,ERR,ERR,ERR,ERR,ERR,ERR,ERR,ERR,ERR,ERR,ERR,ERR,ERR,ERR,ERR,ERR,ERR,ERR,ERR,ERR,ERR,ERR,ERR,ERR,ERR,ERR,ERR,ERR,ERR,ERR,ERR,ERR,ERR,ERR,ERR,ERR,ERR,ERR,ERR,ERR,ERR,ERR,ERR,ERR,ERR,ERR,ERR,ERR,ERR,ERR,ERR,ERR,ERR,ERR,ERR,ERR,ERR,ERR,ERR,ERR,ERR,ERR,ERR,ERR,ERR,ERR,ERR,ERR,ERR,ERR,ERR,ERR,ERR,ERR,ERR,ERR,ERR,ERR,ERR,ERR,ERR,ERR,ERR,ERR,ERR,ERR,ERR,ERR,ERR,ERR,ERR,ERR,ERR,ERR,ERR,ERR,ERR,ERR,ERR,ERR,ERR,ERR,ERR,ERR,ERR,ERR,ERR,ERR,ERR,ERR,ERR,ERR,ERR,ERR,ERR,ERR,ERR,ERR,0.0,-0.0,2.7420187948523476e+23,0.0,-0.0,0.0,0.0,-3.43915689400618e+28,4300,0,8,17169,4300,0.0,41,0.0,0.0,0.0,0.0,2.7184166902131945e+23,0,0,0,0,0.0,0,0,0,0,0,0,0,0,0,0,0,0,0,0,0,0,0,0,0,0,0,0,0,0,0,0,0,0,0,0,0,0,0,9,36,36,45,65476,360,65476,1,0,4,21553,0.0,-0.0,0.0,0.0,0.0,0.0,0.0,0.0,0.0,0.0,0.0,0.0,0.0,0.0,0.0,0.0,0.0,0.0,0.0,0.0,0.0,2.004,2.004,-2.004,-0.0,2.004,0.0,0.0,0.0,0.0,6592.0,-0.0,0.0,0.0,-0.0,0.0,0.0,-0.0,0.0,2.004,2.004,230,-4.9504015179484054e+32,0.0,0.0,0.0,0.0,0.0,0.0,0.0,0.0,0,0,0,0.0,1.608035827398519e+24,-0.0,3.6018680808300987e+21,-0.0,0.0,9.796665438928558e+28,-1.5482670417615705e+32,12.705,-5.591863357090863e+26,-0.595,1995219009536.0,0.0,0.0,0.0,0.0,0,1.3516416376850534e+27,230,0.0,460,-621855232.0,86146.148,2114,0,17110,0,17112,0,17096,0,0,0,101,100,100,-107615240.0,64.9,-107615248.0,65.2,2.7302337753474445e+23,65.0,1,49,50,180,52429,52429,0,0,0.0,0.0,0.0,60.0,0.0,71.0,0.0,0.0,0.0,1069,0,1069,0,0,0,1070,0,1080,0,1000,0,652,0,654,0,649,0,678,0.032,1.4609821306377965e+22,-0.0,-0.0,46608,16813,0.0,0.0,-0.411,0.0,-79826080.0,0.0,50.0,60.0,35,0.0,0.0,10.0,2.0,0.0,0.0,0.0,0.0,0.0,0.0,0.0,0.0,0.0,0.0,0.0,0.0,58.8,53,12,65510,27,65476,319,300,0,0,8,20529,65476,0,0,30147,60.0,0.0,10.0,10.0,2.0,0.0
2026-02-16T12:28:26,ERR,ERR,ERR,ERR,ERR,ERR,ERR,ERR,ERR,ERR,ERR,ERR,ERR,ERR,ERR,ERR,ERR,ERR,ERR,ERR,ERR,ERR,ERR,ERR,ERR,ERR,ERR,ERR,ERR,ERR,ERR,ERR,ERR,ERR,ERR,ERR,ERR,ERR,ERR,ERR,ERR,ERR,ERR,ERR,ERR,ERR,ERR,ERR,ERR,ERR,ERR,ERR,ERR,ERR,ERR,ERR,ERR,ERR,ERR,ERR,ERR,ERR,ERR,ERR,ERR,ERR,ERR,ERR,ERR,ERR,ERR,ERR,ERR,ERR,ERR,ERR,ERR,ERR,ERR,ERR,ERR,ERR,ERR,ERR,ERR,ERR,ERR,ERR,ERR,ERR,ERR,ERR,ERR,ERR,ERR,ERR,ERR,ERR,ERR,ERR,ERR,ERR,ERR,ERR,ERR,ERR,ERR,ERR,ERR,ERR,ERR,ERR,ERR,ERR,ERR,ERR,ERR,ERR,ERR,ERR,ERR,ERR,ERR,ERR,ERR,0.0,-0.0,2.7420187948523476e+23,0.0,-0.0,-855790190592.0,-0.0,0.0,4300,0,8,17169,4300,0.0,41,0.0,0.0,0.0,0.0,0.0,0,0,0,0,0.0,0,0,0,0,0,0,0,0,0,0,0,0,0,0,0,0,0,0,0,0,0,0,0,0,0,0,0,0,0,0,0,0,0,9,36,36,45,65476,361,65476,1,0,4,21553,0.0,-0.0,0.0,0.0,0.0,0.0,0.0,0.0,0.0,0.0,0.0,0.0,0.0,0.0,0.0,0.0,0.0,0.0,0.0,0.0,0.0,2.004,2.004,-2.004,-0.0,-0.0,0.0,0.0,0.0,0.0,6592.0,-0.0,0.0,0.0,-0.0,0.0,0.0,0.0,0.0,2.004,2.004,227,-4.9504015179484054e+32,0.0,0.0,0.0,0.0,0.0,0.0,0.0,0.0,0,0,0,0.0,5.204604955793375e+26,-0.0,0.0,-0.0,-0.0,4093510418432.0,0.0,0.008,-5.882005553798374e+26,-0.646,2106888159232.0,0.0,0.0,0.0,nan,0,1.3516416376850534e+27,227,0.0,454,0.0,2.7419744794320143e+23,2114,0,17110,0,17112,0,17096,0,0,0,101,100,100,-107615240.0,64.9,-107615248.0,65.2,2.7302337753474445e+23,65.0,1,49,50,180,52429,52429,0,0,0.0,0.0,0.0,60.0,0.0,71.0,0.0,15616861798400.0,0.0,1069,0,1069,0,0,0,1070,0,1080,0,1000,0,652,0,654,0,649,0,678,0.032,1.4536034330083127e+22,-0.0,-0.0,40336,16813,0.0,15616861798400.0,-0.0,1.3279487778729606e+36,-0.0,0.0,50.0,60.0,35,0.0,0.0,10.0,2.0,0.0,0.0,0.0,0.0,0.0,0.0,0.0,0.0,0.0,0.0,0.0,0.0,58.8,52,13,65511,27,65476,240,65476,0,0,2,20529,65476,0,0,30147,60.0,0.0,10.0,10.0,2.0,0.0
2026-02-16T12:28:27,ERR,ERR,ERR,ERR,ERR,ERR,ERR,ERR,ERR,ERR,ERR,ERR,ERR,ERR,ERR,ERR,ERR,ERR,ERR,ERR,ERR,ERR,ERR,ERR,ERR,ERR,ERR,ERR,ERR,ERR,ERR,ERR,ERR,ERR,ERR,ERR,ERR,ERR,ERR,ERR,ERR,ERR,ERR,ERR,ERR,ERR,ERR,ERR,ERR,ERR,ERR,ERR,ERR,ERR,ERR,ERR,ERR,ERR,ERR,ERR,ERR,ERR,ERR,ERR,ERR,ERR,ERR,ERR,ERR,ERR,ERR,ERR,ERR,ERR,ERR,ERR,ERR,ERR,ERR,ERR,ERR,ERR,ERR,ERR,ERR,ERR,ERR,ERR,ERR,ERR,ERR,ERR,ERR,ERR,ERR,ERR,ERR,ERR,ERR,ERR,ERR,ERR,ERR,ERR,ERR,ERR,ERR,ERR,ERR,ERR,ERR,ERR,ERR,ERR,ERR,ERR,ERR,ERR,ERR,ERR,ERR,ERR,ERR,ERR,ERR,0.0,-0.0,2.7420187948523476e+23,0.0,-0.0,-855790190592.0,-0.0,0.0,4300,0,8,17169,4300,0.0,41,0.0,0.0,0.0,0.0,0.0,0,0,0,0,0.0,0,0,0,0,0,0,0,0,0,0,0,0,0,0,0,0,0,0,0,0,0,0,0,0,0,0,0,0,0,0,0,0,0,9,36,36,45,65476,361,65476,1,0,4,21553,0.0,-0.0,0.0,0.0,0.0,0.0,0.0,0.0,0.0,0.0,0.0,0.0,0.0,0.0,0.0,0.0,0.0,0.0,0.0,0.0,0.0,2.004,2.004,-2.004,-0.0,-0.0,0.0,0.0,0.0,0.0,6592.0,-0.0,0.0,0.0,-0.0,0.0,0.0,0.0,0.0,2.004,2.004,227,-4.9504015179484054e+32,0.0,0.0,0.0,0.0,0.0,0.0,0.0,0.0,0,0,0,0.0,5.204604955793375e+26,-0.0,0.0,-0.0,-0.0,4093510418432.0,0.0,0.008,-5.882005553798374e+26,-0.646,2106888159232.0,0.0,0.0,0.0,nan,0,1.3516416376850534e+27,227,0.0,454,0.0,2.7419744794320143e+23,2114,0,17110,0,17112,0,17096,0,0,0,101,100,100,-107615240.0,64.9,-107615248.0,65.2,2.7302337753474445e+23,65.0,1,49,50,180,52429,52429,0,0,0.0,0.0,0.0,60.0,0.0,71.0,0.0,15616861798400.0,0.0,1069,0,1069,0,0,0,1070,0,1080,0,1000,0,652,0,654,0,649,0,678,0.032,1.4536034330083127e+22,-0.0,-0.0,40336,16813,0.0,15616861798400.0,-0.0,1.3279487778729606e+36,-0.0,0.0,50.0,60.0,35,0.0,0.0,10.0,2.0,0.0,0.0,0.0,0.0,0.0,0.0,0.0,0.0,0.0,0.0,0.0,0.0,58.8,49,15,65514,27,65476,79,65476,0,0,4,20529,65476,0,0,30147,60.0,0.0,10.0,10.0,2.0,0.0
2026-02-16T12:28:28,ERR,ERR,ERR,ERR,ERR,ERR,ERR,ERR,ERR,ERR,ERR,ERR,ERR,ERR,ERR,ERR,ERR,ERR,ERR,ERR,ERR,ERR,ERR,ERR,ERR,ERR,ERR,ERR,ERR,ERR,ERR,ERR,ERR,ERR,ERR,ERR,ERR,ERR,ERR,ERR,ERR,ERR,ERR,ERR,ERR,ERR,ERR,ERR,ERR,ERR,ERR,ERR,ERR,ERR,ERR,ERR,ERR,ERR,ERR,ERR,ERR,ERR,ERR,ERR,ERR,ERR,ERR,ERR,ERR,ERR,ERR,ERR,ERR,ERR,ERR,ERR,ERR,ERR,ERR,ERR,ERR,ERR,ERR,ERR,ERR,ERR,ERR,ERR,ERR,ERR,ERR,ERR,ERR,ERR,ERR,ERR,ERR,ERR,ERR,ERR,ERR,ERR,ERR,ERR,ERR,ERR,ERR,ERR,ERR,ERR,ERR,ERR,ERR,ERR,ERR,ERR,ERR,ERR,ERR,ERR,ERR,ERR,ERR,ERR,ERR,0.0,-0.0,2.7420187948523476e+23,0.0,-0.0,-855790190592.0,-0.0,0.0,4300,0,8,17169,4300,0.0,41,0.0,0.0,0.0,0.0,0.0,0,0,0,0,0.0,0,0,0,0,0,0,0,0,0,0,0,0,0,0,0,0,0,0,0,0,0,0,0,0,0,0,0,0,0,0,0,0,0,9,36,36,45,65476,361,65476,1,0,4,21553,0.0,-0.0,0.0,0.0,0.0,0.0,0.0,0.0,0.0,0.0,0.0,0.0,0.0,0.0,0.0,0.0,0.0,0.0,0.0,0.0,0.0,2.004,2.004,-2.004,-0.0,-0.0,0.0,0.0,0.0,0.0,6592.0,-0.0,0.0,0.0,-0.0,0.0,0.0,0.0,0.0,2.004,2.004,227,-4.9504015179484054e+32,0.0,0.0,0.0,0.0,0.0,0.0,0.0,0.0,0,0,0,0.0,5.204604955793375e+26,-0.0,0.0,-0.0,-0.0,4093510418432.0,0.0,0.008,-5.882005553798374e+26,-0.646,2106888159232.0,0.0,0.0,0.0,nan,0,1.3516416376850534e+27,227,0.0,454,0.0,2.7419744794320143e+23,2114,0,17110,0,17112,0,17096,0,0,0,101,100,100,-107615240.0,64.9,-107615248.0,65.2,2.7302337753474445e+23,65.0,1,49,50,180,52429,52429,0,0,0.0,0.0,0.0,60.0,0.0,71.0,0.0,15616861798400.0,0.0,1069,0,1069,0,0,0,1070,0,1080,0,1000,0,652,0,654,0,649,0,678,0.032,1.4536034330083127e+22,-0.0,-0.0,40336,16813,0.0,15616861798400.0,-0.0,1.3279487778729606e+36,-0.0,0.0,50.0,60.0,35,0.0,0.0,10.0,2.0,0.0,0.0,0.0,0.0,0.0,0.0,0.0,0.0,0.0,0.0,0.0,0.0,58.8,49,15,65514,27,65476,79,65476,0,0,4,20529,65476,0,0,30147,60.0,0.0,10.0,10.0,2.0,0.0
2026-02-16T12:28:29,ERR,ERR,ERR,ERR,ERR,ERR,ERR,ERR,ERR,ERR,ERR,ERR,ERR,ERR,ERR,ERR,ERR,ERR,ERR,ERR,ERR,ERR,ERR,ERR,ERR,ERR,ERR,ERR,ERR,ERR,ERR,ERR,ERR,ERR,ERR,ERR,ERR,ERR,ERR,ERR,ERR,ERR,ERR,ERR,ERR,ERR,ERR,ERR,ERR,ERR,ERR,ERR,ERR,ERR,ERR,ERR,ERR,ERR,ERR,ERR,ERR,ERR,ERR,ERR,ERR,ERR,ERR,ERR,ERR,ERR,ERR,ERR,ERR,ERR,ERR,ERR,ERR,ERR,ERR,ERR,ERR,ERR,ERR,ERR,ERR,ERR,ERR,ERR,ERR,ERR,ERR,ERR,ERR,ERR,ERR,ERR,ERR,ERR,ERR,ERR,ERR,ERR,ERR,ERR,ERR,ERR,ERR,ERR,ERR,ERR,ERR,ERR,ERR,ERR,ERR,ERR,ERR,ERR,ERR,ERR,ERR,ERR,ERR,ERR,ERR,0.0,-0.0,2.7420187948523476e+23,0.0,-0.0,-855790190592.0,-0.0,0.0,4300,0,8,17169,4300,0.0,41,0.0,0.0,0.0,0.0,0.0,0,0,0,0,0.0,0,0,0,0,0,0,0,0,0,0,0,0,0,0,0,0,0,0,0,0,0,0,0,0,0,0,0,0,0,0,0,0,0,9,36,36,45,65476,361,65476,1,0,4,21553,0.0,-0.0,0.0,0.0,0.0,0.0,0.0,0.0,0.0,0.0,0.0,0.0,0.0,0.0,0.0,0.0,0.0,0.0,0.0,0.0,0.0,2.004,2.004,-2.004,-0.0,-0.0,0.0,0.0,0.0,0.0,6592.0,-0.0,0.0,0.0,-0.0,0.0,0.0,0.0,0.0,2.004,2.004,227,-4.9504015179484054e+32,0.0,0.0,0.0,0.0,0.0,0.0,0.0,0.0,0,0,0,0.0,5.204604955793375e+26,-0.0,0.0,-0.0,-0.0,4093510418432.0,0.0,0.008,-5.882005553798374e+26,-0.646,2106888159232.0,0.0,0.0,0.0,nan,0,1.3516416376850534e+27,227,0.0,454,0.0,2.7419744794320143e+23,2114,0,17110,0,17112,0,17096,0,0,0,101,100,100,-107615240.0,64.9,-107615248.0,65.2,2.7302337753474445e+23,65.0,1,49,50,180,52429,52429,0,0,0.0,0.0,0.0,60.0,0.0,71.0,0.0,0.0,0.0,1069,0,1069,0,0,0,1070,0,1080,0,1000,0,652,0,654,0,649,0,678,0.032,1.4609821306377965e+22,-0.0,-0.0,44560,16813,0.0,-1.3975006068289515e+34,0.0,15284286464.0,0.0,6.242974254961194e+24,50.0,60.0,35,0.0,0.0,10.0,2.0,0.0,0.0,0.0,0.0,0.0,0.0,0.0,0.0,0.0,0.0,0.0,0.0,59.2,49,15,65514,27,65476,0,65476,1,0,4,20529,65476,0,0,30147,60.0,0.0,10.0,10.0,2.0,0.0
2026-02-16T12:28:30,ERR,ERR,ERR,ERR,ERR,ERR,ERR,ERR,ERR,ERR,ERR,ERR,ERR,ERR,ERR,ERR,ERR,ERR,ERR,ERR,ERR,ERR,ERR,ERR,ERR,ERR,ERR,ERR,ERR,ERR,ERR,ERR,ERR,ERR,ERR,ERR,ERR,ERR,ERR,ERR,ERR,ERR,ERR,ERR,ERR,ERR,ERR,ERR,ERR,ERR,ERR,ERR,ERR,ERR,ERR,ERR,ERR,ERR,ERR,ERR,ERR,ERR,ERR,ERR,ERR,ERR,ERR,ERR,ERR,ERR,ERR,ERR,ERR,ERR,ERR,ERR,ERR,ERR,ERR,ERR,ERR,ERR,ERR,ERR,ERR,ERR,ERR,ERR,ERR,ERR,ERR,ERR,ERR,ERR,ERR,ERR,ERR,ERR,ERR,ERR,ERR,ERR,ERR,ERR,ERR,ERR,ERR,ERR,ERR,ERR,ERR,ERR,ERR,ERR,ERR,ERR,ERR,ERR,ERR,ERR,ERR,ERR,ERR,ERR,ERR,0.0,-0.0,2.7420187948523476e+23,0.0,-0.0,-855790190592.0,-0.0,0.0,4300,0,8,17169,4300,0.0,41,0.0,0.0,0.0,0.0,0.0,0,0,0,0,0.0,0,0,0,0,0,0,0,0,0,0,0,0,0,0,0,0,0,0,0,0,0,0,0,0,0,0,0,0,0,0,0,0,0,9,36,36,45,65476,361,65476,1,0,4,21553,0.0,-0.0,0.0,0.0,0.0,0.0,0.0,0.0,0.0,0.0,0.0,0.0,0.0,0.0,0.0,0.0,0.0,0.0,0.0,0.0,0.0,2.004,2.004,-2.004,-0.0,-0.0,0.0,0.0,0.0,0.0,6592.0,-0.0,0.0,0.0,-0.0,0.0,0.0,0.0,0.0,2.004,2.004,227,-4.9504015179484054e+32,0.0,0.0,0.0,0.0,0.0,0.0,0.0,0.0,0,0,0,0.0,5.204604955793375e+26,-0.0,0.0,-0.0,-0.0,4093510418432.0,0.0,0.008,-5.882005553798374e+26,-0.646,2106888159232.0,0.0,0.0,0.0,nan,0,1.3516416376850534e+27,227,0.0,454,0.0,2.7419744794320143e+23,2114,0,17110,0,17112,0,17096,0,0,0,101,100,100,-107615240.0,64.9,-107615248.0,65.2,2.7302337753474445e+23,65.0,1,49,50,180,52429,52429,0,0,0.0,0.0,0.0,60.0,0.0,71.0,0.0,0.0,0.0,1069,0,1069,0,0,0,1070,0,1080,0,1000,0,652,0,654,0,649,0,678,0.032,1.4609821306377965e+22,-0.0,-0.0,44560,16813,0.0,-1.3975006068289515e+34,0.0,15284286464.0,0.0,6.242974254961194e+24,50.0,60.0,35,0.0,0.0,10.0,2.0,0.0,0.0,0.0,0.0,0.0,0.0,0.0,0.0,0.0,0.0,0.0,0.0,58.8,49,14,65514,27,65476,80,65476,1,0,4,20529,65476,0,0,30147,60.0,0.0,10.0,10.0,2.0,0.0
2026-02-16T12:28:31,ERR,ERR,ERR,ERR,ERR,ERR,ERR,ERR,ERR,ERR,ERR,ERR,ERR,ERR,ERR,ERR,ERR,ERR,ERR,ERR,ERR,ERR,ERR,ERR,ERR,ERR,ERR,ERR,ERR,ERR,ERR,ERR,ERR,ERR,ERR,ERR,ERR,ERR,ERR,ERR,ERR,ERR,ERR,ERR,ERR,ERR,ERR,ERR,ERR,ERR,ERR,ERR,ERR,ERR,ERR,ERR,ERR,ERR,ERR,ERR,ERR,ERR,ERR,ERR,ERR,ERR,ERR,ERR,ERR,ERR,ERR,ERR,ERR,ERR,ERR,ERR,ERR,ERR,ERR,ERR,ERR,ERR,ERR,ERR,ERR,ERR,ERR,ERR,ERR,ERR,ERR,ERR,ERR,ERR,ERR,ERR,ERR,ERR,ERR,ERR,ERR,ERR,ERR,ERR,ERR,ERR,ERR,ERR,ERR,ERR,ERR,ERR,ERR,ERR,ERR,ERR,ERR,ERR,ERR,ERR,ERR,ERR,ERR,ERR,ERR,0.0,-0.0,2.7420187948523476e+23,0.0,-0.0,0.0,0.0,-2.481667057103447e+20,4300,0,8,17169,4300,0.0,41,0.0,0.0,0.0,0.0,0.0,0,0,0,0,0.0,0,0,0,0,0,0,0,0,0,0,0,0,0,0,0,0,0,0,0,0,0,0,0,0,0,0,0,0,0,0,0,0,0,9,36,36,45,65476,360,65476,1,0,4,21553,0.0,-0.0,0.0,0.0,0.0,0.0,0.0,0.0,0.0,0.0,0.0,0.0,0.0,0.0,0.0,0.0,0.0,0.0,0.0,0.0,0.0,2.004,2.004,-2.004,3.697074863047967e+19,-0.0,0.0,0.0,0.0,0.0,6594.0,1.587938797847242e+29,0.0,0.0,-0.0,0.0,107616264.0,-0.0,0.0,2.004,2.004,228,0.0,0.0,0.0,0.0,0.0,0.0,0.0,0.0,0.0,0,0,0,-2.151672619002421e+30,-9546731520.0,-0.0,-0.0,-0.0,-1.4149796467442797e+36,447264292864.0,-9749138432.0,-5.165,-6.202952337369454e+26,-0.689,2203731623936.0,0.0,0.0,0.0,-0.0,0,1.3516416376850534e+27,228,0.0,456,2.3398240911695988e+30,0.0,2114,0,17110,0,17112,0,17096,0,0,0,101,100,100,-107615240.0,64.9,-107615248.0,65.2,2.7302337753474445e+23,65.0,1,49,50,180,52429,52429,0,0,0.0,0.0,0.0,60.0,0.0,71.0,0.0,0.0,0.0,1069,0,1069,0,0,0,1070,0,1080,0,1000,0,652,0,654,0,649,0,678,0.032,1.4609821306377965e+22,-0.0,-0.0,44560,16813,0.0,-1.3975006068289515e+34,0.0,15284286464.0,0.0,6.242974254961194e+24,50.0,60.0,35,0.0,0.0,10.0,2.0,0.0,0.0,0.0,0.0,0.0,0.0,0.0,0.0,0.0,0.0,0.0,0.0,58.8,49,14,65514,27,65476,80,65476,1,0,4,20529,65476,0,0,30147,60.0,0.0,10.0,10.0,2.0,0.0
2026-02-16T12:28:32,ERR,ERR,ERR,ERR,ERR,ERR,ERR,ERR,ERR,ERR,ERR,ERR,ERR,ERR,ERR,ERR,ERR,ERR,ERR,ERR,ERR,ERR,ERR,ERR,ERR,ERR,ERR,ERR,ERR,ERR,ERR,ERR,ERR,ERR,ERR,ERR,ERR,ERR,ERR,ERR,ERR,ERR,ERR,ERR,ERR,ERR,ERR,ERR,ERR,ERR,ERR,ERR,ERR,ERR,ERR,ERR,ERR,ERR,ERR,ERR,ERR,ERR,ERR,ERR,ERR,ERR,ERR,ERR,ERR,ERR,ERR,ERR,ERR,ERR,ERR,ERR,ERR,ERR,ERR,ERR,ERR,ERR,ERR,ERR,ERR,ERR,ERR,ERR,ERR,ERR,ERR,ERR,ERR,ERR,ERR,ERR,ERR,ERR,ERR,ERR,ERR,ERR,ERR,ERR,ERR,ERR,ERR,ERR,ERR,ERR,ERR,ERR,ERR,ERR,ERR,ERR,ERR,ERR,ERR,ERR,ERR,ERR,ERR,ERR,ERR,0.0,-0.0,2.7420187948523476e+23,0.0,-0.0,0.0,0.0,-2.481667057103447e+20,4300,0,8,17169,4300,0.0,41,0.0,0.0,0.0,0.0,0.0,0,0,0,0,0.0,0,0,0,0,0,0,0,0,0,0,0,0,0,0,0,0,0,0,0,0,0,0,0,0,0,0,0,0,0,0,0,0,0,9,36,36,45,65476,360,65476,1,0,4,21553,0.0,-0.0,0.0,0.0,0.0,0.0,0.0,0.0,0.0,0.0,0.0,0.0,0.0,0.0,0.0,0.0,0.0,0.0,0.0,0.0,0.0,2.004,2.004,-2.004,3.697074863047967e+19,-0.0,0.0,0.0,0.0,0.0,6594.0,1.587938797847242e+29,0.0,0.0,-0.0,0.0,107616264.0,-0.0,0.0,2.004,2.004,228,0.0,0.0,0.0,0.0,0.0,0.0,0.0,0.0,0.0,0,0,0,-2.151672619002421e+30,-9546731520.0,-0.0,-0.0,-0.0,-1.4149796467442797e+36,447264292864.0,-9749138432.0,-5.165,-6.202952337369454e+26,-0.689,2203731623936.0,0.0,0.0,0.0,-0.0,0,1.3516416376850534e+27,228,0.0,456,2.3398240911695988e+30,0.0,2114,0,17110,0,17112,0,17096,0,0,0,101,100,100,-107615240.0,64.9,-107615248.0,65.2,2.7302337753474445e+23,65.0,1,49,50,180,52429,52429,0,0,0.0,0.0,0.0,60.0,0.0,71.0,0.0,0.0,0.0,1069,0,1069,0,0,0,1070,0,1080,0,1000,0,652,0,654,0,649,0,678,0.032,1.4609821306377965e+22,-0.0,-0.0,44560,16813,0.0,-1.3975006068289515e+34,0.0,15284286464.0,0.0,6.242974254961194e+24,50.0,60.0,35,0.0,0.0,10.0,2.0,0.0,0.0,0.0,0.0,0.0,0.0,0.0,0.0,0.0,0.0,0.0,0.0,58.8,50,14,65513,27,65476,239,65476,1,0,4,20529,65476,0,0,30147,60.0,0.0,10.0,10.0,2.0,0.0
2026-02-16T12:28:33,ERR,ERR,ERR,ERR,ERR,ERR,ERR,ERR,ERR,ERR,ERR,ERR,ERR,ERR,ERR,ERR,ERR,ERR,ERR,ERR,ERR,ERR,ERR,ERR,ERR,ERR,ERR,ERR,ERR,ERR,ERR,ERR,ERR,ERR,ERR,ERR,ERR,ERR,ERR,ERR,ERR,ERR,ERR,ERR,ERR,ERR,ERR,ERR,ERR,ERR,ERR,ERR,ERR,ERR,ERR,ERR,ERR,ERR,ERR,ERR,ERR,ERR,ERR,ERR,ERR,ERR,ERR,ERR,ERR,ERR,ERR,ERR,ERR,ERR,ERR,ERR,ERR,ERR,ERR,ERR,ERR,ERR,ERR,ERR,ERR,ERR,ERR,ERR,ERR,ERR,ERR,ERR,ERR,ERR,ERR,ERR,ERR,ERR,ERR,ERR,ERR,ERR,ERR,ERR,ERR,ERR,ERR,ERR,ERR,ERR,ERR,ERR,ERR,ERR,ERR,ERR,ERR,ERR,ERR,ERR,ERR,ERR,ERR,ERR,ERR,0.0,-0.0,2.7420187948523476e+23,0.0,-0.0,0.0,0.0,-2.481667057103447e+20,4300,0,8,17169,4300,0.0,41,0.0,0.0,0.0,0.0,0.0,0,0,0,0,0.0,0,0,0,0,0,0,0,0,0,0,0,0,0,0,0,0,0,0,0,0,0,0,0,0,0,0,0,0,0,0,0,0,0,9,36,36,45,65476,360,65476,1,0,4,21553,0.0,-0.0,0.0,0.0,0.0,0.0,0.0,0.0,0.0,0.0,0.0,0.0,0.0,0.0,0.0,0.0,0.0,0.0,0.0,0.0,0.0,2.004,2.004,-2.004,3.697074863047967e+19,-0.0,0.0,0.0,0.0,0.0,6594.0,1.587938797847242e+29,0.0,0.0,-0.0,0.0,107616264.0,-0.0,0.0,2.004,2.004,228,0.0,0.0,0.0,0.0,0.0,0.0,0.0,0.0,0.0,0,0,0,-2.151672619002421e+30,-9546731520.0,-0.0,-0.0,-0.0,-1.4149796467442797e+36,447264292864.0,-9749138432.0,-5.165,-6.202952337369454e+26,-0.689,2203731623936.0,0.0,0.0,0.0,-0.0,0,1.3516416376850534e+27,228,0.0,456,2.3398240911695988e+30,0.0,2114,0,17110,0,17112,0,17096,0,0,0,101,100,100,-107615240.0,64.9,-107615248.0,65.2,2.7302337753474445e+23,65.0,1,49,50,180,52429,52429,0,0,0.0,0.0,0.0,60.0,0.0,71.0,0.0,0.0,0.0,1069,0,1069,0,0,0,1070,0,1080,0,999,0,652,0,654,0,649,0,678,0.032,1.4536034330083127e+22,-0.0,-0.0,51088,16813,0.0,-1.0401160325851388e+35,0.0,0.0,103555.164,1.0407419164999009e+33,50.0,60.0,35,0.0,0.0,10.0,2.0,0.0,0.0,0.0,0.0,0.0,0.0,0.0,0.0,0.0,0.0,0.0,0.0,58.8,50,14,65513,27,65476,239,65476,1,0,4,20529,65476,0,0,30147,60.0,0.0,10.0,10.0,2.0,0.0
2026-02-16T12:28:34,ERR,ERR,ERR,ERR,ERR,ERR,ERR,ERR,ERR,ERR,ERR,ERR,ERR,ERR,ERR,ERR,ERR,ERR,ERR,ERR,ERR,ERR,ERR,ERR,ERR,ERR,ERR,ERR,ERR,ERR,ERR,ERR,ERR,ERR,ERR,ERR,ERR,ERR,ERR,ERR,ERR,ERR,ERR,ERR,ERR,ERR,ERR,ERR,ERR,ERR,ERR,ERR,ERR,ERR,ERR,ERR,ERR,ERR,ERR,ERR,ERR,ERR,ERR,ERR,ERR,ERR,ERR,ERR,ERR,ERR,ERR,ERR,ERR,ERR,ERR,ERR,ERR,ERR,ERR,ERR,ERR,ERR,ERR,ERR,ERR,ERR,ERR,ERR,ERR,ERR,ERR,ERR,ERR,ERR,ERR,ERR,ERR,ERR,ERR,ERR,ERR,ERR,ERR,ERR,ERR,ERR,ERR,ERR,ERR,ERR,ERR,ERR,ERR,ERR,ERR,ERR,ERR,ERR,ERR,ERR,ERR,ERR,ERR,ERR,ERR,0.0,-0.0,2.7420187948523476e+23,0.0,-0.0,0.0,0.0,-2.481667057103447e+20,4300,0,8,17169,4300,0.0,41,0.0,0.0,0.0,0.0,0.0,0,0,0,0,0.0,0,0,0,0,0,0,0,0,0,0,0,0,0,0,0,0,0,0,0,0,0,0,0,0,0,0,0,0,0,0,0,0,0,9,36,36,45,65476,360,65476,1,0,4,21553,0.0,-0.0,0.0,0.0,0.0,0.0,0.0,0.0,0.0,0.0,0.0,0.0,0.0,0.0,0.0,0.0,0.0,0.0,0.0,0.0,0.0,2.004,2.004,-2.004,3.697074863047967e+19,-0.0,0.0,0.0,0.0,0.0,6594.0,1.587938797847242e+29,0.0,0.0,-0.0,0.0,107616264.0,-0.0,0.0,2.004,2.004,228,0.0,0.0,0.0,0.0,0.0,0.0,0.0,0.0,0.0,0,0,0,-2.151672619002421e+30,-9546731520.0,-0.0,-0.0,-0.0,-1.4149796467442797e+36,447264292864.0,-9749138432.0,-5.165,-6.202952337369454e+26,-0.689,2203731623936.0,0.0,0.0,0.0,-0.0,0,1.3516416376850534e+27,228,0.0,456,2.3398240911695988e+30,0.0,2114,0,17110,0,17112,0,17096,0,0,0,101,100,100,-107615240.0,64.9,-107615248.0,65.2,2.7302337753474445e+23,65.0,1,49,50,180,52429,52429,0,0,0.0,0.0,0.0,60.0,0.0,71.0,0.0,0.0,0.0,1069,0,1069,0,0,0,1070,0,1080,0,999,0,652,0,654,0,649,0,678,0.032,1.4536034330083127e+22,-0.0,-0.0,51088,16813,0.0,-1.0401160325851388e+35,0.0,0.0,103555.164,1.0407419164999009e+33,50.0,60.0,35,0.0,0.0,10.0,2.0,0.0,0.0,0.0,0.0,0.0,0.0,0.0,0.0,0.0,0.0,0.0,0.0,58.8,51,13,65512,27,65476,401,65476,1,0,4,20529,65476,0,0,30147,60.0,0.0,10.0,10.0,2.0,0.0
2026-02-16T12:28:35,ERR,ERR,ERR,ERR,ERR,ERR,ERR,ERR,ERR,ERR,ERR,ERR,ERR,ERR,ERR,ERR,ERR,ERR,ERR,ERR,ERR,ERR,ERR,ERR,ERR,ERR,ERR,ERR,ERR,ERR,ERR,ERR,ERR,ERR,ERR,ERR,ERR,ERR,ERR,ERR,ERR,ERR,ERR,ERR,ERR,ERR,ERR,ERR,ERR,ERR,ERR,ERR,ERR,ERR,ERR,ERR,ERR,ERR,ERR,ERR,ERR,ERR,ERR,ERR,ERR,ERR,ERR,ERR,ERR,ERR,ERR,ERR,ERR,ERR,ERR,ERR,ERR,ERR,ERR,ERR,ERR,ERR,ERR,ERR,ERR,ERR,ERR,ERR,ERR,ERR,ERR,ERR,ERR,ERR,ERR,ERR,ERR,ERR,ERR,ERR,ERR,ERR,ERR,ERR,ERR,ERR,ERR,ERR,ERR,ERR,ERR,ERR,ERR,ERR,ERR,ERR,ERR,ERR,ERR,ERR,ERR,ERR,ERR,ERR,ERR,0.0,-0.0,2.7420187948523476e+23,0.0,-0.0,-5.700817395182481e+29,-902937856.0,0.0,4300,0,8,17169,4300,0.0,41,0.0,0.0,0.0,0.0,0.0,0,0,0,0,0.0,0,0,0,0,0,0,0,0,0,0,0,0,0,0,0,0,0,0,0,0,0,0,0,0,0,0,0,0,0,0,0,0,0,10,35,35,45,65476,366,65476,1,0,4,21553,0.0,-107610720.0,0.0,0.0,0.0,0.0,0.0,0.0,0.0,0.0,0.0,0.0,0.0,0.0,0.0,0.0,0.0,0.0,0.0,0.0,0.0,2.004,2.004,-2.004,2.004,-0.0,0.0,0.0,0.0,0.0,6596.0,2.4230023160510894e+24,0.0,0.0,-0.0,-107616240.0,107616264.0,0.0,0.0,2.004,2.004,229,0.0,0.0,0.0,0.0,0.0,0.0,0.0,0.0,0.0,0,0,0,0.0,0.0,-0.0,2.324948881556038e+33,-0.0,-0.0,2.004,3.791439683674826e+31,6.854010737149074e+31,-6.734879697999891e+26,-0.739,2427069923328.0,0.0,0.0,0.0,-0.0,0,1.3516416376850534e+27,229,0.0,458,-621855232.0,5.614281105436677e+35,2114,0,17110,0,17112,0,17096,0,0,0,101,100,100,-107615240.0,64.9,-107615248.0,65.2,2.7302337753474445e+23,65.0,1,49,50,180,52429,52429,0,0,0.0,0.0,0.0,60.0,0.0,71.0,0.0,0.0,0.0,1069,0,1069,0,0,0,1070,0,1080,0,999,0,652,0,654,0,649,0,678,0.032,1.4536034330083127e+22,-0.0,-0.0,51088,16813,0.0,-1.0401160325851388e+35,0.0,0.0,103555.164,1.0407419164999009e+33,50.0,60.0,35,0.0,0.0,10.0,2.0,0.0,0.0,0.0,0.0,0.0,0.0,0.0,0.0,0.0,0.0,0.0,0.0,58.8,51,14,65512,27,65476,479,65476,1,0,4,20529,65476,0,0,30147,60.0,0.0,10.0,10.0,2.0,0.0
2026-02-16T12:28:36,ERR,ERR,ERR,ERR,ERR,ERR,ERR,ERR,ERR,ERR,ERR,ERR,ERR,ERR,ERR,ERR,ERR,ERR,ERR,ERR,ERR,ERR,ERR,ERR,ERR,ERR,ERR,ERR,ERR,ERR,ERR,ERR,ERR,ERR,ERR,ERR,ERR,ERR,ERR,ERR,ERR,ERR,ERR,ERR,ERR,ERR,ERR,ERR,ERR,ERR,ERR,ERR,ERR,ERR,ERR,ERR,ERR,ERR,ERR,ERR,ERR,ERR,ERR,ERR,ERR,ERR,ERR,ERR,ERR,ERR,ERR,ERR,ERR,ERR,ERR,ERR,ERR,ERR,ERR,ERR,ERR,ERR,ERR,ERR,ERR,ERR,ERR,ERR,ERR,ERR,ERR,ERR,ERR,ERR,ERR,ERR,ERR,ERR,ERR,ERR,ERR,ERR,ERR,ERR,ERR,ERR,ERR,ERR,ERR,ERR,ERR,ERR,ERR,ERR,ERR,ERR,ERR,ERR,ERR,ERR,ERR,ERR,ERR,ERR,ERR,0.0,-0.0,2.7420187948523476e+23,0.0,-0.0,-5.700817395182481e+29,-902937856.0,0.0,4300,0,8,17169,4300,0.0,41,0.0,0.0,0.0,0.0,0.0,0,0,0,0,0.0,0,0,0,0,0,0,0,0,0,0,0,0,0,0,0,0,0,0,0,0,0,0,0,0,0,0,0,0,0,0,0,0,0,10,35,35,45,65476,366,65476,1,0,4,21553,0.0,-107610720.0,0.0,0.0,0.0,0.0,0.0,0.0,0.0,0.0,0.0,0.0,0.0,0.0,0.0,0.0,0.0,0.0,0.0,0.0,0.0,2.004,2.004,-2.004,2.004,-0.0,0.0,0.0,0.0,0.0,6596.0,2.4230023160510894e+24,0.0,0.0,-0.0,-107616240.0,107616264.0,0.0,0.0,2.004,2.004,229,0.0,0.0,0.0,0.0,0.0,0.0,0.0,0.0,0.0,0,0,0,0.0,0.0,-0.0,2.324948881556038e+33,-0.0,-0.0,2.004,3.791439683674826e+31,6.854010737149074e+31,-6.734879697999891e+26,-0.739,2427069923328.0,0.0,0.0,0.0,-0.0,0,1.3516416376850534e+27,229,0.0,458,-621855232.0,5.614281105436677e+35,2114,0,17110,0,17112,0,17096,0,0,0,101,100,100,-107615240.0,64.9,-107615248.0,65.2,2.7302337753474445e+23,65.0,1,49,50,180,52429,52429,0,0,0.0,0.0,0.0,60.0,0.001,71.0,0.0,-0.0,0.0,1069,0,1069,0,0,0,1070,0,1080,0,999,0,652,0,654,0,649,0,678,0.032,1.4609821306377965e+22,-0.0,-0.0,60304,16813,0.001,-0.0,-4.8576878967196636e+30,0.0,0.0,0.0,50.0,60.0,35,0.0,0.0,10.0,2.0,0.0,0.0,0.0,0.0,0.0,0.0,0.0,0.0,0.0,0.0,0.0,0.0,58.8,51,14,65512,27,65476,479,65476,1,0,4,20529,65476,0,0,30147,60.0,0.0,10.0,10.0,2.0,0.0
2026-02-16T12:28:37,ERR,ERR,ERR,ERR,ERR,ERR,ERR,ERR,ERR,ERR,ERR,ERR,ERR,ERR,ERR,ERR,ERR,ERR,ERR,ERR,ERR,ERR,ERR,ERR,ERR,ERR,ERR,ERR,ERR,ERR,ERR,ERR,ERR,ERR,ERR,ERR,ERR,ERR,ERR,ERR,ERR,ERR,ERR,ERR,ERR,ERR,ERR,ERR,ERR,ERR,ERR,ERR,ERR,ERR,ERR,ERR,ERR,ERR,ERR,ERR,ERR,ERR,ERR,ERR,ERR,ERR,ERR,ERR,ERR,ERR,ERR,ERR,ERR,ERR,ERR,ERR,ERR,ERR,ERR,ERR,ERR,ERR,ERR,ERR,ERR,ERR,ERR,ERR,ERR,ERR,ERR,ERR,ERR,ERR,ERR,ERR,ERR,ERR,ERR,ERR,ERR,ERR,ERR,ERR,ERR,ERR,ERR,ERR,ERR,ERR,ERR,ERR,ERR,ERR,ERR,ERR,ERR,ERR,ERR,ERR,ERR,ERR,ERR,ERR,ERR,0.0,-0.0,2.7420187948523476e+23,0.0,-0.0,-5.700817395182481e+29,-902937856.0,0.0,4300,0,8,17169,4300,0.0,41,0.0,0.0,0.0,0.0,0.0,0,0,0,0,0.0,0,0,0,0,0,0,0,0,0,0,0,0,0,0,0,0,0,0,0,0,0,0,0,0,0,0,0,0,0,0,0,0,0,10,35,35,45,65476,366,65476,1,0,4,21553,0.0,-107610720.0,0.0,0.0,0.0,0.0,0.0,0.0,0.0,0.0,0.0,0.0,0.0,0.0,0.0,0.0,0.0,0.0,0.0,0.0,0.0,2.004,2.004,-2.004,2.004,-0.0,0.0,0.0,0.0,0.0,6596.0,2.4230023160510894e+24,0.0,0.0,-0.0,-107616240.0,107616264.0,0.0,0.0,2.004,2.004,229,0.0,0.0,0.0,0.0,0.0,0.0,0.0,0.0,0.0,0,0,0,0.0,0.0,-0.0,2.324948881556038e+33,-0.0,-0.0,2.004,3.791439683674826e+31,6.854010737149074e+31,-6.734879697999891e+26,-0.739,2427069923328.0,0.0,0.0,0.0,-0.0,0,1.3516416376850534e+27,229,0.0,458,-621855232.0,5.614281105436677e+35,2114,0,17110,0,17112,0,17096,0,0,0,101,100,100,-107615240.0,64.9,-107615248.0,65.2,2.7302337753474445e+23,65.0,1,49,50,180,52429,52429,0,0,0.0,0.0,0.0,60.0,0.001,71.0,0.0,-0.0,0.0,1069,0,1069,0,0,0,1070,0,1080,0,999,0,652,0,654,0,649,0,678,0.032,1.4609821306377965e+22,-0.0,-0.0,60304,16813,0.001,-0.0,-4.8576878967196636e+30,0.0,0.0,0.0,50.0,60.0,35,0.0,0.0,10.0,2.0,0.0,0.0,0.0,0.0,0.0,0.0,0.0,0.0,0.0,0.0,0.0,0.0,58.8,48,15,65515,27,65476,640,65476,1,0,4,20529,65476,0,0,30147,60.0,0.0,10.0,10.0,2.0,0.0
2026-02-16T12:28:38,ERR,ERR,ERR,ERR,ERR,ERR,ERR,ERR,ERR,ERR,ERR,ERR,ERR,ERR,ERR,ERR,ERR,ERR,ERR,ERR,ERR,ERR,ERR,ERR,ERR,ERR,ERR,ERR,ERR,ERR,ERR,ERR,ERR,ERR,ERR,ERR,ERR,ERR,ERR,ERR,ERR,ERR,ERR,ERR,ERR,ERR,ERR,ERR,ERR,ERR,ERR,ERR,ERR,ERR,ERR,ERR,ERR,ERR,ERR,ERR,ERR,ERR,ERR,ERR,ERR,ERR,ERR,ERR,ERR,ERR,ERR,ERR,ERR,ERR,ERR,ERR,ERR,ERR,ERR,ERR,ERR,ERR,ERR,ERR,ERR,ERR,ERR,ERR,ERR,ERR,ERR,ERR,ERR,ERR,ERR,ERR,ERR,ERR,ERR,ERR,ERR,ERR,ERR,ERR,ERR,ERR,ERR,ERR,ERR,ERR,ERR,ERR,ERR,ERR,ERR,ERR,ERR,ERR,ERR,ERR,ERR,ERR,ERR,ERR,ERR,0.0,-0.0,2.7420187948523476e+23,0.0,-0.0,-5.700817395182481e+29,-902937856.0,0.0,4300,0,8,17169,4300,0.0,41,0.0,0.0,0.0,0.0,0.0,0,0,0,0,0.0,0,0,0,0,0,0,0,0,0,0,0,0,0,0,0,0,0,0,0,0,0,0,0,0,0,0,0,0,0,0,0,0,0,10,35,35,45,65476,366,65476,1,0,4,21553,0.0,-107610720.0,0.0,0.0,0.0,0.0,0.0,0.0,0.0,0.0,0.0,0.0,0.0,0.0,0.0,0.0,0.0,0.0,0.0,0.0,0.0,2.004,2.004,-2.004,2.004,-0.0,0.0,0.0,0.0,0.0,6596.0,2.4230023160510894e+24,0.0,0.0,-0.0,-107616240.0,107616264.0,0.0,0.0,2.004,2.004,229,0.0,0.0,0.0,0.0,0.0,0.0,0.0,0.0,0.0,0,0,0,0.0,0.0,-0.0,2.324948881556038e+33,-0.0,-0.0,2.004,3.791439683674826e+31,6.854010737149074e+31,-6.734879697999891e+26,-0.739,2427069923328.0,0.0,0.0,0.0,-0.0,0,1.3516416376850534e+27,229,0.0,458,-621855232.0,5.614281105436677e+35,2114,0,17110,0,17112,0,17096,0,0,0,101,100,100,-107615240.0,64.9,-107615248.0,65.2,2.7302337753474445e+23,65.0,1,49,50,180,52429,52429,0,0,0.0,0.0,0.0,60.0,0.001,71.0,0.0,-0.0,0.0,1069,0,1069,0,0,0,1070,0,1080,0,999,0,652,0,654,0,649,0,678,0.032,1.4609821306377965e+22,-0.0,-0.0,60304,16813,0.001,-0.0,-4.8576878967196636e+30,0.0,0.0,0.0,50.0,60.0,35,0.0,0.0,10.0,2.0,0.0,0.0,0.0,0.0,0.0,0.0,0.0,0.0,0.0,0.0,0.0,0.0,58.8,46,17,65517,27,65476,722,65476,1,0,4,20529,65476,0,0,30147,60.0,0.0,10.0,10.0,2.0,0.0
2026-02-16T12:28:39,ERR,ERR,ERR,ERR,ERR,ERR,ERR,ERR,ERR,ERR,ERR,ERR,ERR,ERR,ERR,ERR,ERR,ERR,ERR,ERR,ERR,ERR,ERR,ERR,ERR,ERR,ERR,ERR,ERR,ERR,ERR,ERR,ERR,ERR,ERR,ERR,ERR,ERR,ERR,ERR,ERR,ERR,ERR,ERR,ERR,ERR,ERR,ERR,ERR,ERR,ERR,ERR,ERR,ERR,ERR,ERR,ERR,ERR,ERR,ERR,ERR,ERR,ERR,ERR,ERR,ERR,ERR,ERR,ERR,ERR,ERR,ERR,ERR,ERR,ERR,ERR,ERR,ERR,ERR,ERR,ERR,ERR,ERR,ERR,ERR,ERR,ERR,ERR,ERR,ERR,ERR,ERR,ERR,ERR,ERR,ERR,ERR,ERR,ERR,ERR,ERR,ERR,ERR,ERR,ERR,ERR,ERR,ERR,ERR,ERR,ERR,ERR,ERR,ERR,ERR,ERR,ERR,ERR,ERR,ERR,ERR,ERR,ERR,ERR,ERR,0.0,-0.0,2.7420187948523476e+23,0.0,-0.0,-5.700817395182481e+29,-902937856.0,0.0,4300,0,8,17169,4300,0.0,41,0.0,0.0,0.0,0.0,0.0,0,0,0,0,0.0,0,0,0,0,0,0,0,0,0,0,0,0,0,0,0,0,0,0,0,0,0,0,0,0,0,0,0,0,0,0,0,0,0,10,35,35,45,65476,366,65476,1,0,4,21553,0.0,-107610720.0,0.0,0.0,0.0,0.0,0.0,0.0,0.0,0.0,0.0,0.0,0.0,0.0,0.0,0.0,0.0,0.0,0.0,0.0,0.0,2.004,2.004,-2.004,2.004,-0.0,0.0,0.0,0.0,0.0,6596.0,2.4230023160510894e+24,0.0,0.0,-0.0,-107616240.0,107616264.0,0.0,0.0,2.004,2.004,229,0.0,0.0,0.0,0.0,0.0,0.0,0.0,0.0,0.0,0,0,0,0.0,0.0,-0.0,2.324948881556038e+33,-0.0,-0.0,2.004,3.791439683674826e+31,6.854010737149074e+31,-6.734879697999891e+26,-0.739,2427069923328.0,0.0,0.0,0.0,-0.0,0,1.3516416376850534e+27,229,0.0,458,-621855232.0,5.614281105436677e+35,2114,52429,17109,0,17112,52429,17095,0,0,0,101,100,100,-107615240.0,64.9,-107615248.0,65.2,2.7302337753474445e+23,65.0,1,49,50,180,52429,52429,0,0,0.0,0.0,0.0,60.0,157962.219,71.0,0.0,1.005263658968909e+38,0.0,1069,0,1069,0,0,0,1070,0,1080,0,1000,0,652,0,654,0,649,0,678,0.032,1.4536034330083127e+22,-0.0,-0.0,41232,16813,0.0,4.0281719651479324e+34,-0.892,-0.0,-4.464512522515459e+28,-9.596517229169366e+30,50.0,60.0,35,0.0,0.0,10.0,2.0,0.0,0.0,0.0,0.0,0.0,0.0,0.0,0.0,0.0,0.0,0.0,0.0,58.8,46,17,65517,27,65476,722,65476,1,0,4,20529,65476,0,0,30147,60.0,0.0,10.0,10.0,2.0,0.0
2026-02-16T12:28:40,ERR,ERR,ERR,ERR,ERR,ERR,ERR,ERR,ERR,ERR,ERR,ERR,ERR,ERR,ERR,ERR,ERR,ERR,ERR,ERR,ERR,ERR,ERR,ERR,ERR,ERR,ERR,ERR,ERR,ERR,ERR,ERR,ERR,ERR,ERR,ERR,ERR,ERR,ERR,ERR,ERR,ERR,ERR,ERR,ERR,ERR,ERR,ERR,ERR,ERR,ERR,ERR,ERR,ERR,ERR,ERR,ERR,ERR,ERR,ERR,ERR,ERR,ERR,ERR,ERR,ERR,ERR,ERR,ERR,ERR,ERR,ERR,ERR,ERR,ERR,ERR,ERR,ERR,ERR,ERR,ERR,ERR,ERR,ERR,ERR,ERR,ERR,ERR,ERR,ERR,ERR,ERR,ERR,ERR,ERR,ERR,ERR,ERR,ERR,ERR,ERR,ERR,ERR,ERR,ERR,ERR,ERR,ERR,ERR,ERR,ERR,ERR,ERR,ERR,ERR,ERR,ERR,ERR,ERR,ERR,ERR,ERR,ERR,ERR,ERR,0.0,-0.0,2.7420187948523476e+23,0.0,-0.0,-0.0,0.0,5054474.0,4300,0,8,17169,4300,0.0,41,0.0,0.0,0.0,0.0,0.0,0,0,0,0,0.0,0,0,0,0,0,0,0,0,0,0,0,0,0,0,0,0,0,0,0,0,0,0,0,0,0,0,0,0,0,0,0,0,0,10,35,35,45,65476,366,65476,1,0,4,21553,0.0,-0.0,0.0,0.0,0.0,0.0,0.0,0.0,0.0,0.0,0.0,0.0,0.0,0.0,0.0,0.0,0.0,0.0,0.0,0.0,0.0,2.004,2.004,-2.004,2.004,-3.697075742657269e+19,0.0,0.0,0.0,0.0,6595.0,131351.219,0.0,0.0,-0.0,-107616240.0,2.7184507374263774e+23,0.0,0.0,2.004,2.004,228,0.059,0.0,0.0,0.0,0.0,0.0,0.0,0.0,0.0,0,0,0,-5.339854306498786e+19,-0.0,5.714863148701946e+30,2.2132048080666624e+16,-0.0,4.734402951008118e+19,0.0,-0.0,4.537655462469363e+29,-7.363521124199498e+26,-0.782,2616048484352.0,0.0,0.0,0.0,-0.0,0,1.3516416376850534e+27,228,0.0,456,-621855232.0,5.614281105436677e+35,2114,52429,17109,0,17112,52429,17095,0,0,0,101,100,100,-107615240.0,64.9,-107615248.0,65.2,2.7302337753474445e+23,65.0,1,49,50,180,52429,52429,0,0,0.0,0.0,0.0,60.0,157962.219,71.0,0.0,1.005263658968909e+38,0.0,1069,0,1069,0,0,0,1070,0,1080,0,1000,0,652,0,654,0,649,0,678,0.032,1.4536034330083127e+22,-0.0,-0.0,41232,16813,0.0,4.0281719651479324e+34,-0.892,-0.0,-4.464512522515459e+28,-9.596517229169366e+30,50.0,60.0,35,0.0,0.0,10.0,2.0,0.0,0.0,0.0,0.0,0.0,0.0,0.0,0.0,0.0,0.0,0.0,0.0,59.2,41,21,65522,27,65476,877,65476,1,0,4,20529,65476,0,0,30147,60.0,0.0,10.0,10.0,2.0,0.0
2026-02-16T12:28:41,ERR,ERR,ERR,ERR,ERR,ERR,ERR,ERR,ERR,ERR,ERR,ERR,ERR,ERR,ERR,ERR,ERR,ERR,ERR,ERR,ERR,ERR,ERR,ERR,ERR,ERR,ERR,ERR,ERR,ERR,ERR,ERR,ERR,ERR,ERR,ERR,ERR,ERR,ERR,ERR,ERR,ERR,ERR,ERR,ERR,ERR,ERR,ERR,ERR,ERR,ERR,ERR,ERR,ERR,ERR,ERR,ERR,ERR,ERR,ERR,ERR,ERR,ERR,ERR,ERR,ERR,ERR,ERR,ERR,ERR,ERR,ERR,ERR,ERR,ERR,ERR,ERR,ERR,ERR,ERR,ERR,ERR,ERR,ERR,ERR,ERR,ERR,ERR,ERR,ERR,ERR,ERR,ERR,ERR,ERR,ERR,ERR,ERR,ERR,ERR,ERR,ERR,ERR,ERR,ERR,ERR,ERR,ERR,ERR,ERR,ERR,ERR,ERR,ERR,ERR,ERR,ERR,ERR,ERR,ERR,ERR,ERR,ERR,ERR,ERR,0.0,-0.0,2.7420187948523476e+23,0.0,-0.0,-0.0,0.0,5054474.0,4300,0,8,17169,4300,0.0,41,0.0,0.0,0.0,0.0,0.0,0,0,0,0,0.0,0,0,0,0,0,0,0,0,0,0,0,0,0,0,0,0,0,0,0,0,0,0,0,0,0,0,0,0,0,0,0,0,0,10,35,35,45,65476,366,65476,1,0,4,21553,0.0,-0.0,0.0,0.0,0.0,0.0,0.0,0.0,0.0,0.0,0.0,0.0,0.0,0.0,0.0,0.0,0.0,0.0,0.0,0.0,0.0,2.004,2.004,-2.004,2.004,-3.697075742657269e+19,0.0,0.0,0.0,0.0,6595.0,131351.219,0.0,0.0,-0.0,-107616240.0,2.7184507374263774e+23,0.0,0.0,2.004,2.004,228,0.059,0.0,0.0,0.0,0.0,0.0,0.0,0.0,0.0,0,0,0,-5.339854306498786e+19,-0.0,5.714863148701946e+30,2.2132048080666624e+16,-0.0,4.734402951008118e+19,0.0,-0.0,4.537655462469363e+29,-7.363521124199498e+26,-0.782,2616048484352.0,0.0,0.0,0.0,-0.0,0,1.3516416376850534e+27,228,0.0,456,-621855232.0,5.614281105436677e+35,2114,52429,17109,0,17112,52429,17095,0,0,0,101,100,100,-107615240.0,64.9,-107615248.0,65.2,2.7302337753474445e+23,65.0,1,49,50,180,52429,52429,0,0,0.0,0.0,0.0,60.0,157962.219,71.0,0.0,1.005263658968909e+38,0.0,1069,0,1069,0,0,0,1070,0,1080,0,1000,0,652,0,654,0,649,0,678,0.032,1.4536034330083127e+22,-0.0,-0.0,41232,16813,0.0,4.0281719651479324e+34,-0.892,-0.0,-4.464512522515459e+28,-9.596517229169366e+30,50.0,60.0,35,0.0,0.0,10.0,2.0,0.0,0.0,0.0,0.0,0.0,0.0,0.0,0.0,0.0,0.0,0.0,0.0,59.2,41,21,65522,27,65476,877,65476,1,0,4,20529,65476,0,0,30147,60.0,0.0,10.0,10.0,2.0,0.0
2026-02-16T12:28:42,ERR,ERR,ERR,ERR,ERR,ERR,ERR,ERR,ERR,ERR,ERR,ERR,ERR,ERR,ERR,ERR,ERR,ERR,ERR,ERR,ERR,ERR,ERR,ERR,ERR,ERR,ERR,ERR,ERR,ERR,ERR,ERR,ERR,ERR,ERR,ERR,ERR,ERR,ERR,ERR,ERR,ERR,ERR,ERR,ERR,ERR,ERR,ERR,ERR,ERR,ERR,ERR,ERR,ERR,ERR,ERR,ERR,ERR,ERR,ERR,ERR,ERR,ERR,ERR,ERR,ERR,ERR,ERR,ERR,ERR,ERR,ERR,ERR,ERR,ERR,ERR,ERR,ERR,ERR,ERR,ERR,ERR,ERR,ERR,ERR,ERR,ERR,ERR,ERR,ERR,ERR,ERR,ERR,ERR,ERR,ERR,ERR,ERR,ERR,ERR,ERR,ERR,ERR,ERR,ERR,ERR,ERR,ERR,ERR,ERR,ERR,ERR,ERR,ERR,ERR,ERR,ERR,ERR,ERR,ERR,ERR,ERR,ERR,ERR,ERR,0.0,-0.0,2.7420187948523476e+23,0.0,-0.0,-0.0,0.0,5054474.0,4300,0,8,17169,4300,0.0,41,0.0,0.0,0.0,0.0,0.0,0,0,0,0,0.0,0,0,0,0,0,0,0,0,0,0,0,0,0,0,0,0,0,0,0,0,0,0,0,0,0,0,0,0,0,0,0,0,0,10,35,35,45,65476,366,65476,1,0,4,21553,0.0,-0.0,0.0,0.0,0.0,0.0,0.0,0.0,0.0,0.0,0.0,0.0,0.0,0.0,0.0,0.0,0.0,0.0,0.0,0.0,0.0,2.004,2.004,-2.004,2.004,-3.697075742657269e+19,0.0,0.0,0.0,0.0,6595.0,131351.219,0.0,0.0,-0.0,-107616240.0,2.7184507374263774e+23,0.0,0.0,2.004,2.004,228,0.059,0.0,0.0,0.0,0.0,0.0,0.0,0.0,0.0,0,0,0,-5.339854306498786e+19,-0.0,5.714863148701946e+30,2.2132048080666624e+16,-0.0,4.734402951008118e+19,0.0,-0.0,4.537655462469363e+29,-7.363521124199498e+26,-0.782,2616048484352.0,0.0,0.0,0.0,-0.0,0,1.3516416376850534e+27,228,0.0,456,-621855232.0,5.614281105436677e+35,2114,52429,17109,0,17112,52429,17095,0,0,0,101,100,100,-107615240.0,64.9,-107615248.0,65.2,2.7302337753474445e+23,65.0,1,49,50,180,52429,52429,0,0,0.0,0.0,0.0,60.0,157962.219,71.0,0.0,1.005263658968909e+38,0.0,1069,0,1069,0,0,0,1070,0,1080,0,1000,0,652,0,654,0,649,0,678,0.032,1.4536034330083127e+22,-0.0,-0.0,41232,16813,0.0,4.0281719651479324e+34,-0.892,-0.0,-4.464512522515459e+28,-9.596517229169366e+30,50.0,60.0,35,0.0,0.0,10.0,2.0,0.0,0.0,0.0,0.0,0.0,0.0,0.0,0.0,0.0,0.0,0.0,0.0,58.8,35,25,65528,27,65476,800,65476,1,0,4,20529,65476,0,0,30147,60.0,0.0,10.0,10.0,2.0,0.0
2026-02-16T12:28:43,ERR,ERR,ERR,ERR,ERR,ERR,ERR,ERR,ERR,ERR,ERR,ERR,ERR,ERR,ERR,ERR,ERR,ERR,ERR,ERR,ERR,ERR,ERR,ERR,ERR,ERR,ERR,ERR,ERR,ERR,ERR,ERR,ERR,ERR,ERR,ERR,ERR,ERR,ERR,ERR,ERR,ERR,ERR,ERR,ERR,ERR,ERR,ERR,ERR,ERR,ERR,ERR,ERR,ERR,ERR,ERR,ERR,ERR,ERR,ERR,ERR,ERR,ERR,ERR,ERR,ERR,ERR,ERR,ERR,ERR,ERR,ERR,ERR,ERR,ERR,ERR,ERR,ERR,ERR,ERR,ERR,ERR,ERR,ERR,ERR,ERR,ERR,ERR,ERR,ERR,ERR,ERR,ERR,ERR,ERR,ERR,ERR,ERR,ERR,ERR,ERR,ERR,ERR,ERR,ERR,ERR,ERR,ERR,ERR,ERR,ERR,ERR,ERR,ERR,ERR,ERR,ERR,ERR,ERR,ERR,ERR,ERR,ERR,ERR,ERR,0.0,-0.0,2.7420187948523476e+23,0.0,-0.0,-0.0,0.0,5054474.0,4300,0,8,17169,4300,0.0,41,0.0,0.0,0.0,0.0,0.0,0,0,0,0,0.0,0,0,0,0,0,0,0,0,0,0,0,0,0,0,0,0,0,0,0,0,0,0,0,0,0,0,0,0,0,0,0,0,0,10,35,35,45,65476,366,65476,1,0,4,21553,0.0,-0.0,0.0,0.0,0.0,0.0,0.0,0.0,0.0,0.0,0.0,0.0,0.0,0.0,0.0,0.0,0.0,0.0,0.0,0.0,0.0,2.004,2.004,-2.004,2.004,-3.697075742657269e+19,0.0,0.0,0.0,0.0,6595.0,131351.219,0.0,0.0,-0.0,-107616240.0,2.7184507374263774e+23,0.0,0.0,2.004,2.004,228,0.059,0.0,0.0,0.0,0.0,0.0,0.0,0.0,0.0,0,0,0,-5.339854306498786e+19,-0.0,5.714863148701946e+30,2.2132048080666624e+16,-0.0,4.734402951008118e+19,0.0,-0.0,4.537655462469363e+29,-7.363521124199498e+26,-0.782,2616048484352.0,0.0,0.0,0.0,-0.0,0,1.3516416376850534e+27,228,0.0,456,-621855232.0,5.614281105436677e+35,2114,0,17110,0,17112,0,17096,0,0,0,101,100,100,-107615240.0,64.9,-107615248.0,65.2,2.7302337753474445e+23,65.0,1,49,50,180,52429,52429,0,0,0.0,0.0,0.0,60.0,0.0,71.0,0.0,-0.0,0.0,1069,0,1069,0,0,0,1070,0,1080,0,1000,0,652,0,654,0,649,0,677,0.032,1.4536034330083127e+22,-0.0,-0.0,36496,16813,0.0,0.0,1.920790326314795e+18,-0.0,1.3575151625747927e+38,-0.0,50.0,60.0,35,0.0,0.0,10.0,2.0,0.0,0.0,0.0,0.0,0.0,0.0,0.0,0.0,0.0,0.0,0.0,0.0,58.8,33,27,65530,27,65476,745,65476,1,0,4,20529,65476,0,0,30147,60.0,0.0,10.0,10.0,2.0,0.0
2026-02-16T12:28:44,ERR,ERR,ERR,ERR,ERR,ERR,ERR,ERR,ERR,ERR,ERR,ERR,ERR,ERR,ERR,ERR,ERR,ERR,ERR,ERR,ERR,ERR,ERR,ERR,ERR,ERR,ERR,ERR,ERR,ERR,ERR,ERR,ERR,ERR,ERR,ERR,ERR,ERR,ERR,ERR,ERR,ERR,ERR,ERR,ERR,ERR,ERR,ERR,ERR,ERR,ERR,ERR,ERR,ERR,ERR,ERR,ERR,ERR,ERR,ERR,ERR,ERR,ERR,ERR,ERR,ERR,ERR,ERR,ERR,ERR,ERR,ERR,ERR,ERR,ERR,ERR,ERR,ERR,ERR,ERR,ERR,ERR,ERR,ERR,ERR,ERR,ERR,ERR,ERR,ERR,ERR,ERR,ERR,ERR,ERR,ERR,ERR,ERR,ERR,ERR,ERR,ERR,ERR,ERR,ERR,ERR,ERR,ERR,ERR,ERR,ERR,ERR,ERR,ERR,ERR,ERR,ERR,ERR,ERR,ERR,ERR,ERR,ERR,ERR,ERR,0.0,-0.0,2.7420187948523476e+23,0.0,-0.0,-0.0,0.0,5054474.0,4300,0,8,17169,4300,0.0,41,0.0,0.0,0.0,0.0,0.0,0,0,0,0,0.0,0,0,0,0,0,0,0,0,0,0,0,0,0,0,0,0,0,0,0,0,0,0,0,0,0,0,0,0,0,0,0,0,0,10,35,35,45,65476,366,65476,1,0,4,21553,0.0,-0.0,0.0,0.0,0.0,0.0,0.0,0.0,0.0,0.0,0.0,0.0,0.0,0.0,0.0,0.0,0.0,0.0,0.0,0.0,0.0,2.004,2.004,-2.004,2.004,-3.697075742657269e+19,0.0,0.0,0.0,0.0,6595.0,131351.219,0.0,0.0,-0.0,-107616240.0,2.7184507374263774e+23,0.0,0.0,2.004,2.004,228,0.059,0.0,0.0,0.0,0.0,0.0,0.0,0.0,0.0,0,0,0,-5.339854306498786e+19,-0.0,5.714863148701946e+30,2.2132048080666624e+16,-0.0,4.734402951008118e+19,0.0,-0.0,4.537655462469363e+29,-7.363521124199498e+26,-0.782,2616048484352.0,0.0,0.0,0.0,-0.0,0,1.3516416376850534e+27,228,0.0,456,-621855232.0,5.614281105436677e+35,2114,0,17110,0,17112,0,17096,0,0,0,101,100,100,-107615240.0,64.9,-107615248.0,65.2,2.7302337753474445e+23,65.0,1,49,50,180,52429,52429,0,0,0.0,0.0,0.0,60.0,0.0,71.0,0.0,-0.0,0.0,1069,0,1069,0,0,0,1070,0,1080,0,1000,0,652,0,654,0,649,0,677,0.032,1.4536034330083127e+22,-0.0,-0.0,36496,16813,0.0,0.0,1.920790326314795e+18,-0.0,1.3575151625747927e+38,-0.0,50.0,60.0,35,0.0,0.0,10.0,2.0,0.0,0.0,0.0,0.0,0.0,0.0,0.0,0.0,0.0,0.0,0.0,0.0,58.8,33,27,65530,27,65476,745,65476,1,0,4,20529,65476,0,0,30147,60.0,0.0,10.0,10.0,2.0,0.0
2026-02-16T12:28:45,ERR,ERR,ERR,ERR,ERR,ERR,ERR,ERR,ERR,ERR,ERR,ERR,ERR,ERR,ERR,ERR,ERR,ERR,ERR,ERR,ERR,ERR,ERR,ERR,ERR,ERR,ERR,ERR,ERR,ERR,ERR,ERR,ERR,ERR,ERR,ERR,ERR,ERR,ERR,ERR,ERR,ERR,ERR,ERR,ERR,ERR,ERR,ERR,ERR,ERR,ERR,ERR,ERR,ERR,ERR,ERR,ERR,ERR,ERR,ERR,ERR,ERR,ERR,ERR,ERR,ERR,ERR,ERR,ERR,ERR,ERR,ERR,ERR,ERR,ERR,ERR,ERR,ERR,ERR,ERR,ERR,ERR,ERR,ERR,ERR,ERR,ERR,ERR,ERR,ERR,ERR,ERR,ERR,ERR,ERR,ERR,ERR,ERR,ERR,ERR,ERR,ERR,ERR,ERR,ERR,ERR,ERR,ERR,ERR,ERR,ERR,ERR,ERR,ERR,ERR,ERR,ERR,ERR,ERR,ERR,ERR,ERR,ERR,ERR,ERR,0.0,-0.0,2.7420187948523476e+23,0.0,-0.0,-0.0,0.052,6.623134124319425e+23,4300,0,8,17169,4300,0.0,41,0.0,0.0,0.0,0.0,0.0,0,0,0,0,0.0,0,0,0,0,0,0,0,0,0,0,0,0,0,0,0,0,0,0,0,0,0,0,0,0,0,0,0,0,0,0,0,0,0,10,35,35,45,65476,366,65476,1,0,4,21553,0.0,-107610720.0,0.0,0.0,0.0,0.0,0.0,0.0,0.0,0.0,0.0,0.0,0.0,0.0,0.0,0.0,0.0,0.0,0.0,0.0,0.0,2.004,2.004,-2.004,0.0,-0.0,0.0,0.0,0.0,0.0,6593.0,0.0,0.0,0.0,-0.0,-0.0,2.7184507374263774e+23,0.0,0.0,2.004,2.004,228,0.0,-2.7184280392842555e+23,0.0,0.0,0.0,0.0,0.0,0.0,0.0,0,0,0,-1.2838650398275862e+36,-1.2769723536211697e+26,-0.0,-0.0,-0.0,-1.2334624875345375e+33,-9.488564790841666e+27,-8.283531807384017e+37,-1.8607969769835278e+25,-7.895448484829935e+26,-0.833,2839386783744.0,0.0,0.0,0.0,-0.01,0,1.3516416376850534e+27,228,0.0,456,2.40156025918058e+36,-1.5870805360731793e+30,2114,0,17110,0,17112,0,17096,0,0,0,101,100,100,-107615240.0,64.9,-107615248.0,65.2,2.7302337753474445e+23,65.0,1,49,50,180,52429,52429,0,0,0.0,0.0,0.0,60.0,0.0,71.0,0.0,-0.0,0.0,1069,0,1069,0,0,0,1070,0,1080,0,1000,0,652,0,654,0,649,0,677,0.032,1.4536034330083127e+22,-0.0,-0.0,36496,16813,0.0,0.0,1.920790326314795e+18,-0.0,1.3575151625747927e+38,-0.0,50.0,60.0,35,0.0,0.0,10.0,2.0,0.0,0.0,0.0,0.0,0.0,0.0,0.0,0.0,0.0,0.0,0.0,0.0,59.2,30,30,65533,27,65476,669,65476,1,0,4,20529,65476,0,0,30147,60.0,0.0,10.0,10.0,2.0,0.0
2026-02-16T12:28:46,ERR,ERR,ERR,ERR,ERR,ERR,ERR,ERR,ERR,ERR,ERR,ERR,ERR,ERR,ERR,ERR,ERR,ERR,ERR,ERR,ERR,ERR,ERR,ERR,ERR,ERR,ERR,ERR,ERR,ERR,ERR,ERR,ERR,ERR,ERR,ERR,ERR,ERR,ERR,ERR,ERR,ERR,ERR,ERR,ERR,ERR,ERR,ERR,ERR,ERR,ERR,ERR,ERR,ERR,ERR,ERR,ERR,ERR,ERR,ERR,ERR,ERR,ERR,ERR,ERR,ERR,ERR,ERR,ERR,ERR,ERR,ERR,ERR,ERR,ERR,ERR,ERR,ERR,ERR,ERR,ERR,ERR,ERR,ERR,ERR,ERR,ERR,ERR,ERR,ERR,ERR,ERR,ERR,ERR,ERR,ERR,ERR,ERR,ERR,ERR,ERR,ERR,ERR,ERR,ERR,ERR,ERR,ERR,ERR,ERR,ERR,ERR,ERR,ERR,ERR,ERR,ERR,ERR,ERR,ERR,ERR,ERR,ERR,ERR,ERR,0.0,-0.0,2.7420187948523476e+23,0.0,-0.0,-0.0,0.052,6.623134124319425e+23,4300,0,8,17169,4300,0.0,41,0.0,0.0,0.0,0.0,0.0,0,0,0,0,0.0,0,0,0,0,0,0,0,0,0,0,0,0,0,0,0,0,0,0,0,0,0,0,0,0,0,0,0,0,0,0,0,0,0,10,35,35,45,65476,366,65476,1,0,4,21553,0.0,-107610720.0,0.0,0.0,0.0,0.0,0.0,0.0,0.0,0.0,0.0,0.0,0.0,0.0,0.0,0.0,0.0,0.0,0.0,0.0,0.0,2.004,2.004,-2.004,0.0,-0.0,0.0,0.0,0.0,0.0,6593.0,0.0,0.0,0.0,-0.0,-0.0,2.7184507374263774e+23,0.0,0.0,2.004,2.004,228,0.0,-2.7184280392842555e+23,0.0,0.0,0.0,0.0,0.0,0.0,0.0,0,0,0,-1.2838650398275862e+36,-1.2769723536211697e+26,-0.0,-0.0,-0.0,-1.2334624875345375e+33,-9.488564790841666e+27,-8.283531807384017e+37,-1.8607969769835278e+25,-7.895448484829935e+26,-0.833,2839386783744.0,0.0,0.0,0.0,-0.01,0,1.3516416376850534e+27,228,0.0,456,2.40156025918058e+36,-1.5870805360731793e+30,2114,0,17110,0,17112,52429,17095,0,0,0,101,100,100,-107615240.0,64.9,-107615248.0,65.2,2.7302337753474445e+23,65.0,1,49,50,180,52429,52429,0,0,0.0,0.0,0.0,60.0,0.0,71.0,0.0,5.576744861969644e+36,0.0,1069,0,1069,0,0,0,1070,0,1080,0,1000,0,652,0,654,0,649,0,677,0.032,1.4683608282672803e+22,2.004,2.73023467606737e+23,38288,16813,0.0,5.576744861969644e+36,-0.0,4.835821876066386e+17,-0.02,0.0,50.0,60.0,35,0.0,0.0,10.0,2.0,0.0,0.0,0.0,0.0,0.0,0.0,0.0,0.0,0.0,0.0,0.0,0.0,59.2,30,30,65533,27,65476,669,65476,1,0,4,20529,65476,0,0,30147,60.0,0.0,10.0,10.0,2.0,0.0
2026-02-16T12:28:47,ERR,ERR,ERR,ERR,ERR,ERR,ERR,ERR,ERR,ERR,ERR,ERR,ERR,ERR,ERR,ERR,ERR,ERR,ERR,ERR,ERR,ERR,ERR,ERR,ERR,ERR,ERR,ERR,ERR,ERR,ERR,ERR,ERR,ERR,ERR,ERR,ERR,ERR,ERR,ERR,ERR,ERR,ERR,ERR,ERR,ERR,ERR,ERR,ERR,ERR,ERR,ERR,ERR,ERR,ERR,ERR,ERR,ERR,ERR,ERR,ERR,ERR,ERR,ERR,ERR,ERR,ERR,ERR,ERR,ERR,ERR,ERR,ERR,ERR,ERR,ERR,ERR,ERR,ERR,ERR,ERR,ERR,ERR,ERR,ERR,ERR,ERR,ERR,ERR,ERR,ERR,ERR,ERR,ERR,ERR,ERR,ERR,ERR,ERR,ERR,ERR,ERR,ERR,ERR,ERR,ERR,ERR,ERR,ERR,ERR,ERR,ERR,ERR,ERR,ERR,ERR,ERR,ERR,ERR,ERR,ERR,ERR,ERR,ERR,ERR,0.0,-0.0,2.7420187948523476e+23,0.0,-0.0,-0.0,0.052,6.623134124319425e+23,4300,0,8,17169,4300,0.0,41,0.0,0.0,0.0,0.0,0.0,0,0,0,0,0.0,0,0,0,0,0,0,0,0,0,0,0,0,0,0,0,0,0,0,0,0,0,0,0,0,0,0,0,0,0,0,0,0,0,10,35,35,45,65476,366,65476,1,0,4,21553,0.0,-107610720.0,0.0,0.0,0.0,0.0,0.0,0.0,0.0,0.0,0.0,0.0,0.0,0.0,0.0,0.0,0.0,0.0,0.0,0.0,0.0,2.004,2.004,-2.004,0.0,-0.0,0.0,0.0,0.0,0.0,6593.0,0.0,0.0,0.0,-0.0,-0.0,2.7184507374263774e+23,0.0,0.0,2.004,2.004,228,0.0,-2.7184280392842555e+23,0.0,0.0,0.0,0.0,0.0,0.0,0.0,0,0,0,-1.2838650398275862e+36,-1.2769723536211697e+26,-0.0,-0.0,-0.0,-1.2334624875345375e+33,-9.488564790841666e+27,-8.283531807384017e+37,-1.8607969769835278e+25,-7.895448484829935e+26,-0.833,2839386783744.0,0.0,0.0,0.0,-0.01,0,1.3516416376850534e+27,228,0.0,456,2.40156025918058e+36,-1.5870805360731793e+30,2114,0,17110,0,17112,52429,17095,0,0,0,101,100,100,-107615240.0,64.9,-107615248.0,65.2,2.7302337753474445e+23,65.0,1,49,50,180,52429,52429,0,0,0.0,0.0,0.0,60.0,0.0,71.0,0.0,5.576744861969644e+36,0.0,1069,0,1069,0,0,0,1070,0,1080,0,1000,0,652,0,654,0,649,0,677,0.032,1.4683608282672803e+22,2.004,2.73023467606737e+23,38288,16813,0.0,5.576744861969644e+36,-0.0,4.835821876066386e+17,-0.02,0.0,50.0,60.0,35,0.0,0.0,10.0,2.0,0.0,0.0,0.0,0.0,0.0,0.0,0.0,0.0,0.0,0.0,0.0,0.0,59.2,27,33,0,27,65476,604,65476,1,0,4,20529,65476,0,0,30147,60.0,0.0,10.0,10.0,2.0,0.0
2026-02-16T12:28:48,ERR,ERR,ERR,ERR,ERR,ERR,ERR,ERR,ERR,ERR,ERR,ERR,ERR,ERR,ERR,ERR,ERR,ERR,ERR,ERR,ERR,ERR,ERR,ERR,ERR,ERR,ERR,ERR,ERR,ERR,ERR,ERR,ERR,ERR,ERR,ERR,ERR,ERR,ERR,ERR,ERR,ERR,ERR,ERR,ERR,ERR,ERR,ERR,ERR,ERR,ERR,ERR,ERR,ERR,ERR,ERR,ERR,ERR,ERR,ERR,ERR,ERR,ERR,ERR,ERR,ERR,ERR,ERR,ERR,ERR,ERR,ERR,ERR,ERR,ERR,ERR,ERR,ERR,ERR,ERR,ERR,ERR,ERR,ERR,ERR,ERR,ERR,ERR,ERR,ERR,ERR,ERR,ERR,ERR,ERR,ERR,ERR,ERR,ERR,ERR,ERR,ERR,ERR,ERR,ERR,ERR,ERR,ERR,ERR,ERR,ERR,ERR,ERR,ERR,ERR,ERR,ERR,ERR,ERR,ERR,ERR,ERR,ERR,ERR,ERR,0.0,-0.0,2.7420187948523476e+23,0.0,-0.0,-0.0,0.052,6.623134124319425e+23,4300,0,8,17169,4300,0.0,41,0.0,0.0,0.0,0.0,0.0,0,0,0,0,0.0,0,0,0,0,0,0,0,0,0,0,0,0,0,0,0,0,0,0,0,0,0,0,0,0,0,0,0,0,0,0,0,0,0,10,35,35,45,65476,366,65476,1,0,4,21553,0.0,-107610720.0,0.0,0.0,0.0,0.0,0.0,0.0,0.0,0.0,0.0,0.0,0.0,0.0,0.0,0.0,0.0,0.0,0.0,0.0,0.0,2.004,2.004,-2.004,0.0,-0.0,0.0,0.0,0.0,0.0,6593.0,0.0,0.0,0.0,-0.0,-0.0,2.7184507374263774e+23,0.0,0.0,2.004,2.004,228,0.0,-2.7184280392842555e+23,0.0,0.0,0.0,0.0,0.0,0.0,0.0,0,0,0,-1.2838650398275862e+36,-1.2769723536211697e+26,-0.0,-0.0,-0.0,-1.2334624875345375e+33,-9.488564790841666e+27,-8.283531807384017e+37,-1.8607969769835278e+25,-7.895448484829935e+26,-0.833,2839386783744.0,0.0,0.0,0.0,-0.01,0,1.3516416376850534e+27,228,0.0,456,2.40156025918058e+36,-1.5870805360731793e+30,2114,0,17110,0,17112,52429,17095,0,0,0,101,100,100,-107615240.0,64.9,-107615248.0,65.2,2.7302337753474445e+23,65.0,1,49,50,180,52429,52429,0,0,0.0,0.0,0.0,60.0,0.0,71.0,0.0,5.576744861969644e+36,0.0,1069,0,1069,0,0,0,1070,0,1080,0,1000,0,652,0,654,0,649,0,677,0.032,1.4683608282672803e+22,2.004,2.73023467606737e+23,38288,16813,0.0,5.576744861969644e+36,-0.0,4.835821876066386e+17,-0.02,0.0,50.0,60.0,35,0.0,0.0,10.0,2.0,0.0,0.0,0.0,0.0,0.0,0.0,0.0,0.0,0.0,0.0,0.0,0.0,58.8,27,33,0,27,65476,538,65476,1,0,4,20529,65476,0,0,30147,60.0,0.0,10.0,10.0,2.0,0.0
2026-02-16T12:28:49,ERR,ERR,ERR,ERR,ERR,ERR,ERR,ERR,ERR,ERR,ERR,ERR,ERR,ERR,ERR,ERR,ERR,ERR,ERR,ERR,ERR,ERR,ERR,ERR,ERR,ERR,ERR,ERR,ERR,ERR,ERR,ERR,ERR,ERR,ERR,ERR,ERR,ERR,ERR,ERR,ERR,ERR,ERR,ERR,ERR,ERR,ERR,ERR,ERR,ERR,ERR,ERR,ERR,ERR,ERR,ERR,ERR,ERR,ERR,ERR,ERR,ERR,ERR,ERR,ERR,ERR,ERR,ERR,ERR,ERR,ERR,ERR,ERR,ERR,ERR,ERR,ERR,ERR,ERR,ERR,ERR,ERR,ERR,ERR,ERR,ERR,ERR,ERR,ERR,ERR,ERR,ERR,ERR,ERR,ERR,ERR,ERR,ERR,ERR,ERR,ERR,ERR,ERR,ERR,ERR,ERR,ERR,ERR,ERR,ERR,ERR,ERR,ERR,ERR,ERR,ERR,ERR,ERR,ERR,ERR,ERR,ERR,ERR,ERR,ERR,0.0,-0.0,2.7420187948523476e+23,0.0,-0.0,24412708.0,-0.003,-0.0,4300,0,8,17169,4300,0.0,41,0.0,0.0,0.0,0.0,0.0,0,0,0,0,0.0,0,0,0,0,0,0,0,0,0,0,0,0,0,0,0,0,0,0,0,0,0,0,0,0,0,0,0,0,0,0,0,0,0,10,35,35,45,65476,366,65476,1,0,4,21553,0.0,-107610720.0,0.0,0.0,0.0,0.0,0.0,0.0,0.0,0.0,0.0,0.0,0.0,0.0,0.0,0.0,0.0,0.0,0.0,0.0,0.0,2.004,2.004,-2.004,0.0,-0.0,0.0,0.0,0.0,0.0,6563.0,-0.0,0.0,0.0,-0.0,-0.0,107616264.0,0.0,0.0,2.004,2.004,227,0.0,-0.0,0.0,0.0,0.0,0.0,0.0,0.0,0.0,0,0,0,-3.19252242602039e+25,-1.0260177794944205e+17,2.2067943473263874e+29,-1.7246660009113752e+25,-0.0,-0.0,-0.0,0.0,-36934.254,-8.524089911029542e+26,-0.884,3045545213952.0,0.0,0.0,0.0,-0.003,0,1.3516416376850534e+27,227,0.0,454,0.0,0.0,2114,0,17110,0,17112,52429,17095,0,0,0,101,100,100,-107615240.0,64.9,-107615248.0,65.2,2.7302337753474445e+23,65.0,1,49,50,180,52429,52429,0,0,0.0,0.0,0.0,60.0,0.0,71.0,0.0,5.576744861969644e+36,0.0,1069,0,1069,0,0,0,1070,0,1080,0,1000,0,652,0,654,0,649,0,677,0.032,1.4683608282672803e+22,2.004,2.73023467606737e+23,38288,16813,0.0,5.576744861969644e+36,-0.0,4.835821876066386e+17,-0.02,0.0,50.0,60.0,35,0.0,0.0,10.0,2.0,0.0,0.0,0.0,0.0,0.0,0.0,0.0,0.0,0.0,0.0,0.0,0.0,58.8,27,33,0,27,65476,538,65476,1,0,4,20529,65476,0,0,30147,60.0,0.0,10.0,10.0,2.0,0.0
2026-02-16T12:28:50,ERR,ERR,ERR,ERR,ERR,ERR,ERR,ERR,ERR,ERR,ERR,ERR,ERR,ERR,ERR,ERR,ERR,ERR,ERR,ERR,ERR,ERR,ERR,ERR,ERR,ERR,ERR,ERR,ERR,ERR,ERR,ERR,ERR,ERR,ERR,ERR,ERR,ERR,ERR,ERR,ERR,ERR,ERR,ERR,ERR,ERR,ERR,ERR,ERR,ERR,ERR,ERR,ERR,ERR,ERR,ERR,ERR,ERR,ERR,ERR,ERR,ERR,ERR,ERR,ERR,ERR,ERR,ERR,ERR,ERR,ERR,ERR,ERR,ERR,ERR,ERR,ERR,ERR,ERR,ERR,ERR,ERR,ERR,ERR,ERR,ERR,ERR,ERR,ERR,ERR,ERR,ERR,ERR,ERR,ERR,ERR,ERR,ERR,ERR,ERR,ERR,ERR,ERR,ERR,ERR,ERR,ERR,ERR,ERR,ERR,ERR,ERR,ERR,ERR,ERR,ERR,ERR,ERR,ERR,ERR,ERR,ERR,ERR,ERR,ERR,0.0,-0.0,2.7420187948523476e+23,0.0,-0.0,24412708.0,-0.003,-0.0,4300,0,8,17169,4300,0.0,41,0.0,0.0,0.0,0.0,0.0,0,0,0,0,0.0,0,0,0,0,0,0,0,0,0,0,0,0,0,0,0,0,0,0,0,0,0,0,0,0,0,0,0,0,0,0,0,0,0,10,35,35,45,65476,366,65476,1,0,4,21553,0.0,-107610720.0,0.0,0.0,0.0,0.0,0.0,0.0,0.0,0.0,0.0,0.0,0.0,0.0,0.0,0.0,0.0,0.0,0.0,0.0,0.0,2.004,2.004,-2.004,0.0,-0.0,0.0,0.0,0.0,0.0,6563.0,-0.0,0.0,0.0,-0.0,-0.0,107616264.0,0.0,0.0,2.004,2.004,227,0.0,-0.0,0.0,0.0,0.0,0.0,0.0,0.0,0.0,0,0,0,-3.19252242602039e+25,-1.0260177794944205e+17,2.2067943473263874e+29,-1.7246660009113752e+25,-0.0,-0.0,-0.0,0.0,-36934.254,-8.524089911029542e+26,-0.884,3045545213952.0,0.0,0.0,0.0,-0.003,0,1.3516416376850534e+27,227,0.0,454,0.0,0.0,2114,0,17110,0,17112,0,17096,0,0,0,101,100,100,-107615240.0,64.9,-107615248.0,65.2,2.7302337753474445e+23,65.0,1,49,50,180,52429,52429,0,0,0.0,0.0,0.0,60.0,0.0,71.0,0.0,-6.471489392719334e+32,0.0,1069,0,1069,0,0,0,1069,0,1080,0,999,0,652,0,654,0,649,0,676,0.032,1.4609821306377965e+22,2.004,2.73023467606737e+23,49168,16813,0.0,230078579474432.0,-0.008,2540.058,-52289.578,0.0,50.0,60.0,35,0.0,0.0,10.0,2.0,0.0,0.0,0.0,0.0,0.0,0.0,0.0,0.0,0.0,0.0,0.0,0.0,59.2,27,33,0,27,65476,538,65476,1,0,4,20529,65476,0,0,30147,60.0,0.0,10.0,10.0,2.0,0.0
2026-02-16T12:28:51,ERR,ERR,ERR,ERR,ERR,ERR,ERR,ERR,ERR,ERR,ERR,ERR,ERR,ERR,ERR,ERR,ERR,ERR,ERR,ERR,ERR,ERR,ERR,ERR,ERR,ERR,ERR,ERR,ERR,ERR,ERR,ERR,ERR,ERR,ERR,ERR,ERR,ERR,ERR,ERR,ERR,ERR,ERR,ERR,ERR,ERR,ERR,ERR,ERR,ERR,ERR,ERR,ERR,ERR,ERR,ERR,ERR,ERR,ERR,ERR,ERR,ERR,ERR,ERR,ERR,ERR,ERR,ERR,ERR,ERR,ERR,ERR,ERR,ERR,ERR,ERR,ERR,ERR,ERR,ERR,ERR,ERR,ERR,ERR,ERR,ERR,ERR,ERR,ERR,ERR,ERR,ERR,ERR,ERR,ERR,ERR,ERR,ERR,ERR,ERR,ERR,ERR,ERR,ERR,ERR,ERR,ERR,ERR,ERR,ERR,ERR,ERR,ERR,ERR,ERR,ERR,ERR,ERR,ERR,ERR,ERR,ERR,ERR,ERR,ERR,0.0,-0.0,2.7420187948523476e+23,0.0,-0.0,24412708.0,-0.003,-0.0,4300,0,8,17169,4300,0.0,41,0.0,0.0,0.0,0.0,0.0,0,0,0,0,0.0,0,0,0,0,0,0,0,0,0,0,0,0,0,0,0,0,0,0,0,0,0,0,0,0,0,0,0,0,0,0,0,0,0,10,35,35,45,65476,366,65476,1,0,4,21553,0.0,-107610720.0,0.0,0.0,0.0,0.0,0.0,0.0,0.0,0.0,0.0,0.0,0.0,0.0,0.0,0.0,0.0,0.0,0.0,0.0,0.0,2.004,2.004,-2.004,0.0,-0.0,0.0,0.0,0.0,0.0,6563.0,-0.0,0.0,0.0,-0.0,-0.0,107616264.0,0.0,0.0,2.004,2.004,227,0.0,-0.0,0.0,0.0,0.0,0.0,0.0,0.0,0.0,0,0,0,-3.19252242602039e+25,-1.0260177794944205e+17,2.2067943473263874e+29,-1.7246660009113752e+25,-0.0,-0.0,-0.0,0.0,-36934.254,-8.524089911029542e+26,-0.884,3045545213952.0,0.0,0.0,0.0,-0.003,0,1.3516416376850534e+27,227,0.0,454,0.0,0.0,2114,0,17110,0,17112,0,17096,0,0,0,101,100,100,-107615240.0,64.9,-107615248.0,65.2,2.7302337753474445e+23,65.0,1,49,50,180,52429,52429,0,0,0.0,0.0,0.0,60.0,0.0,71.0,0.0,-6.471489392719334e+32,0.0,1069,0,1069,0,0,0,1069,0,1080,0,999,0,652,0,654,0,649,0,676,0.032,1.4609821306377965e+22,2.004,2.73023467606737e+23,49168,16813,0.0,230078579474432.0,-0.008,2540.058,-52289.578,0.0,50.0,60.0,35,0.0,0.0,10.0,2.0,0.0,0.0,0.0,0.0,0.0,0.0,0.0,0.0,0.0,0.0,0.0,0.0,58.8,29,31,65534,27,65476,520,65476,0,0,2,20529,65476,0,0,30147,60.0,0.0,10.0,10.0,2.0,0.0
2026-02-16T12:28:52,ERR,ERR,ERR,ERR,ERR,ERR,ERR,ERR,ERR,ERR,ERR,ERR,ERR,ERR,ERR,ERR,ERR,ERR,ERR,ERR,ERR,ERR,ERR,ERR,ERR,ERR,ERR,ERR,ERR,ERR,ERR,ERR,ERR,ERR,ERR,ERR,ERR,ERR,ERR,ERR,ERR,ERR,ERR,ERR,ERR,ERR,ERR,ERR,ERR,ERR,ERR,ERR,ERR,ERR,ERR,ERR,ERR,ERR,ERR,ERR,ERR,ERR,ERR,ERR,ERR,ERR,ERR,ERR,ERR,ERR,ERR,ERR,ERR,ERR,ERR,ERR,ERR,ERR,ERR,ERR,ERR,ERR,ERR,ERR,ERR,ERR,ERR,ERR,ERR,ERR,ERR,ERR,ERR,ERR,ERR,ERR,ERR,ERR,ERR,ERR,ERR,ERR,ERR,ERR,ERR,ERR,ERR,ERR,ERR,ERR,ERR,ERR,ERR,ERR,ERR,ERR,ERR,ERR,ERR,ERR,ERR,ERR,ERR,ERR,ERR,0.0,-0.0,2.7420187948523476e+23,0.0,-0.0,24412708.0,-0.003,-0.0,4300,0,8,17169,4300,0.0,41,0.0,0.0,0.0,0.0,0.0,0,0,0,0,0.0,0,0,0,0,0,0,0,0,0,0,0,0,0,0,0,0,0,0,0,0,0,0,0,0,0,0,0,0,0,0,0,0,0,10,35,35,45,65476,366,65476,1,0,4,21553,0.0,-107610720.0,0.0,0.0,0.0,0.0,0.0,0.0,0.0,0.0,0.0,0.0,0.0,0.0,0.0,0.0,0.0,0.0,0.0,0.0,0.0,2.004,2.004,-2.004,0.0,-0.0,0.0,0.0,0.0,0.0,6563.0,-0.0,0.0,0.0,-0.0,-0.0,107616264.0,0.0,0.0,2.004,2.004,227,0.0,-0.0,0.0,0.0,0.0,0.0,0.0,0.0,0.0,0,0,0,-3.19252242602039e+25,-1.0260177794944205e+17,2.2067943473263874e+29,-1.7246660009113752e+25,-0.0,-0.0,-0.0,0.0,-36934.254,-8.524089911029542e+26,-0.884,3045545213952.0,0.0,0.0,0.0,-0.003,0,1.3516416376850534e+27,227,0.0,454,0.0,0.0,2114,0,17110,0,17112,0,17096,0,0,0,101,100,100,-107615240.0,64.9,-107615248.0,65.2,2.7302337753474445e+23,65.0,1,49,50,180,52429,52429,0,0,0.0,0.0,0.0,60.0,0.0,71.0,0.0,-6.471489392719334e+32,0.0,1069,0,1069,0,0,0,1069,0,1080,0,999,0,652,0,654,0,649,0,676,0.032,1.4609821306377965e+22,2.004,2.73023467606737e+23,49168,16813,0.0,230078579474432.0,-0.008,2540.058,-52289.578,0.0,50.0,60.0,35,0.0,0.0,10.0,2.0,0.0,0.0,0.0,0.0,0.0,0.0,0.0,0.0,0.0,0.0,0.0,0.0,58.8,29,31,65534,27,65476,520,65476,0,0,2,20529,65476,0,0,30147,60.0,0.0,10.0,10.0,2.0,0.0
2026-02-16T12:28:53,ERR,ERR,ERR,ERR,ERR,ERR,ERR,ERR,ERR,ERR,ERR,ERR,ERR,ERR,ERR,ERR,ERR,ERR,ERR,ERR,ERR,ERR,ERR,ERR,ERR,ERR,ERR,ERR,ERR,ERR,ERR,ERR,ERR,ERR,ERR,ERR,ERR,ERR,ERR,ERR,ERR,ERR,ERR,ERR,ERR,ERR,ERR,ERR,ERR,ERR,ERR,ERR,ERR,ERR,ERR,ERR,ERR,ERR,ERR,ERR,ERR,ERR,ERR,ERR,ERR,ERR,ERR,ERR,ERR,ERR,ERR,ERR,ERR,ERR,ERR,ERR,ERR,ERR,ERR,ERR,ERR,ERR,ERR,ERR,ERR,ERR,ERR,ERR,ERR,ERR,ERR,ERR,ERR,ERR,ERR,ERR,ERR,ERR,ERR,ERR,ERR,ERR,ERR,ERR,ERR,ERR,ERR,ERR,ERR,ERR,ERR,ERR,ERR,ERR,ERR,ERR,ERR,ERR,ERR,ERR,ERR,ERR,ERR,ERR,ERR,0.0,-0.0,2.7420187948523476e+23,0.0,-0.0,24412708.0,-0.003,-0.0,4300,0,8,17169,4300,0.0,41,0.0,0.0,0.0,0.0,0.0,0,0,0,0,0.0,0,0,0,0,0,0,0,0,0,0,0,0,0,0,0,0,0,0,0,0,0,0,0,0,0,0,0,0,0,0,0,0,0,10,35,35,45,65476,366,65476,1,0,4,21553,0.0,-107610720.0,0.0,0.0,0.0,0.0,0.0,0.0,0.0,0.0,0.0,0.0,0.0,0.0,0.0,0.0,0.0,0.0,0.0,0.0,0.0,2.004,2.004,-2.004,0.0,-0.0,0.0,0.0,0.0,0.0,6563.0,-0.0,0.0,0.0,-0.0,-0.0,107616264.0,0.0,0.0,2.004,2.004,227,0.0,-0.0,0.0,0.0,0.0,0.0,0.0,0.0,0.0,0,0,0,-3.19252242602039e+25,-1.0260177794944205e+17,2.2067943473263874e+29,-1.7246660009113752e+25,-0.0,-0.0,-0.0,0.0,-36934.254,-8.524089911029542e+26,-0.884,3045545213952.0,0.0,0.0,0.0,-0.003,0,1.3516416376850534e+27,227,0.0,454,0.0,0.0,2114,0,17110,0,17112,0,17096,0,0,0,101,100,100,-107615240.0,64.9,-107615248.0,65.2,2.7302337753474445e+23,65.0,1,49,50,180,52429,52429,0,0,0.0,0.0,0.0,60.0,0.007,71.0,0.0,-0.0,0.0,1069,0,1069,0,0,0,1070,0,1080,0,1000,0,652,0,654,0,649,0,676,0.032,1.4536034330083127e+22,0.0,0.0,52752,16813,308.52,-0.0,0.0,0.0,2512662036480.0,3.1934722881142207e+38,50.0,60.0,35,0.0,0.0,10.0,2.0,0.0,0.0,0.0,0.0,0.0,0.0,0.0,0.0,0.0,0.0,0.0,0.0,58.8,30,30,65533,27,65476,439,65476,0,0,4,20529,65476,0,0,30147,60.0,0.0,10.0,10.0,2.0,0.0
2026-02-16T12:28:54,ERR,ERR,ERR,ERR,ERR,ERR,ERR,ERR,ERR,ERR,ERR,ERR,ERR,ERR,ERR,ERR,ERR,ERR,ERR,ERR,ERR,ERR,ERR,ERR,ERR,ERR,ERR,ERR,ERR,ERR,ERR,ERR,ERR,ERR,ERR,ERR,ERR,ERR,ERR,ERR,ERR,ERR,ERR,ERR,ERR,ERR,ERR,ERR,ERR,ERR,ERR,ERR,ERR,ERR,ERR,ERR,ERR,ERR,ERR,ERR,ERR,ERR,ERR,ERR,ERR,ERR,ERR,ERR,ERR,ERR,ERR,ERR,ERR,ERR,ERR,ERR,ERR,ERR,ERR,ERR,ERR,ERR,ERR,ERR,ERR,ERR,ERR,ERR,ERR,ERR,ERR,ERR,ERR,ERR,ERR,ERR,ERR,ERR,ERR,ERR,ERR,ERR,ERR,ERR,ERR,ERR,ERR,ERR,ERR,ERR,ERR,ERR,ERR,ERR,ERR,ERR,ERR,ERR,ERR,ERR,ERR,ERR,ERR,ERR,ERR,0.0,-0.0,2.7420187948523476e+23,0.0,-0.0,0.0,3.103107541084531e+24,-3.479444466848674e+25,4300,0,8,17169,4300,0.0,41,0.0,0.0,0.0,0.0,0.0,0,0,0,0,0.0,0,0,0,0,0,0,0,0,0,0,0,0,0,0,0,0,0,0,0,0,0,0,0,0,0,0,0,0,0,0,0,0,0,11,35,35,46,65476,366,65476,1,0,4,21553,0.0,0.0,0.0,0.0,0.0,0.0,0.0,0.0,0.0,0.0,0.0,0.0,0.0,0.0,0.0,0.0,0.0,0.0,0.0,0.0,0.0,2.004,2.004,-2.004,0.0,-0.0,0.0,0.0,0.0,0.0,6560.0,0.0,0.0,0.0,-0.0,-0.0,107616264.0,0.0,0.0,2.004,2.004,228,0.0,0.0,0.0,0.0,0.0,0.0,0.0,0.0,0.0,0,0,0,-304.527,3561087744.0,567335936.0,41852262678528.0,2.0790551020407095e+19,-19361923072.0,-0.0,-0.0,5.749814023579238e+16,-9.15273133722915e+26,-0.927,3251703644160.0,0.0,0.0,0.0,-8813067370496.0,0,1.3516416376850534e+27,228,0.0,456,2.40156025918058e+36,-1.5870805360731793e+30,2114,0,17110,0,17112,0,17096,0,0,0,101,100,100,-107615240.0,64.9,-107615248.0,65.2,2.7302337753474445e+23,65.0,1,49,50,180,52429,52429,0,0,0.0,0.0,0.0,60.0,0.007,71.0,0.0,-0.0,0.0,1069,0,1069,0,0,0,1070,0,1080,0,1000,0,652,0,654,0,649,0,676,0.032,1.4536034330083127e+22,0.0,0.0,52752,16813,308.52,-0.0,0.0,0.0,2512662036480.0,3.1934722881142207e+38,50.0,60.0,35,0.0,0.0,10.0,2.0,0.0,0.0,0.0,0.0,0.0,0.0,0.0,0.0,0.0,0.0,0.0,0.0,58.8,30,30,65533,27,65476,439,65476,0,0,4,20529,65476,0,0,30147,60.0,0.0,10.0,10.0,2.0,0.0
2026-02-16T12:28:55,ERR,ERR,ERR,ERR,ERR,ERR,ERR,ERR,ERR,ERR,ERR,ERR,ERR,ERR,ERR,ERR,ERR,ERR,ERR,ERR,ERR,ERR,ERR,ERR,ERR,ERR,ERR,ERR,ERR,ERR,ERR,ERR,ERR,ERR,ERR,ERR,ERR,ERR,ERR,ERR,ERR,ERR,ERR,ERR,ERR,ERR,ERR,ERR,ERR,ERR,ERR,ERR,ERR,ERR,ERR,ERR,ERR,ERR,ERR,ERR,ERR,ERR,ERR,ERR,ERR,ERR,ERR,ERR,ERR,ERR,ERR,ERR,ERR,ERR,ERR,ERR,ERR,ERR,ERR,ERR,ERR,ERR,ERR,ERR,ERR,ERR,ERR,ERR,ERR,ERR,ERR,ERR,ERR,ERR,ERR,ERR,ERR,ERR,ERR,ERR,ERR,ERR,ERR,ERR,ERR,ERR,ERR,ERR,ERR,ERR,ERR,ERR,ERR,ERR,ERR,ERR,ERR,ERR,ERR,ERR,ERR,ERR,ERR,ERR,ERR,0.0,-0.0,2.7420187948523476e+23,0.0,-0.0,0.0,3.103107541084531e+24,-3.479444466848674e+25,4300,0,8,17169,4300,0.0,41,0.0,0.0,0.0,0.0,0.0,0,0,0,0,0.0,0,0,0,0,0,0,0,0,0,0,0,0,0,0,0,0,0,0,0,0,0,0,0,0,0,0,0,0,0,0,0,0,0,11,35,35,46,65476,366,65476,1,0,4,21553,0.0,0.0,0.0,0.0,0.0,0.0,0.0,0.0,0.0,0.0,0.0,0.0,0.0,0.0,0.0,0.0,0.0,0.0,0.0,0.0,0.0,2.004,2.004,-2.004,0.0,-0.0,0.0,0.0,0.0,0.0,6560.0,0.0,0.0,0.0,-0.0,-0.0,107616264.0,0.0,0.0,2.004,2.004,228,0.0,0.0,0.0,0.0,0.0,0.0,0.0,0.0,0.0,0,0,0,-304.527,3561087744.0,567335936.0,41852262678528.0,2.0790551020407095e+19,-19361923072.0,-0.0,-0.0,5.749814023579238e+16,-9.15273133722915e+26,-0.927,3251703644160.0,0.0,0.0,0.0,-8813067370496.0,0,1.3516416376850534e+27,228,0.0,456,2.40156025918058e+36,-1.5870805360731793e+30,2114,0,17110,0,17112,0,17096,0,0,0,101,100,100,-107615240.0,64.9,-107615248.0,65.2,2.7302337753474445e+23,65.0,1,49,50,180,52429,52429,0,0,0.0,0.0,0.0,60.0,0.007,71.0,0.0,-0.0,0.0,1069,0,1069,0,0,0,1070,0,1080,0,1000,0,652,0,654,0,649,0,676,0.032,1.4536034330083127e+22,0.0,0.0,52752,16813,308.52,-0.0,0.0,0.0,2512662036480.0,3.1934722881142207e+38,50.0,60.0,35,0.0,0.0,10.0,2.0,0.0,0.0,0.0,0.0,0.0,0.0,0.0,0.0,0.0,0.0,0.0,0.0,58.8,33,28,65530,27,65476,281,65476,0,0,4,20529,65476,0,0,30147,60.0,0.0,10.0,10.0,2.0,0.0
2026-02-16T12:28:56,ERR,ERR,ERR,ERR,ERR,ERR,ERR,ERR,ERR,ERR,ERR,ERR,ERR,ERR,ERR,ERR,ERR,ERR,ERR,ERR,ERR,ERR,ERR,ERR,ERR,ERR,ERR,ERR,ERR,ERR,ERR,ERR,ERR,ERR,ERR,ERR,ERR,ERR,ERR,ERR,ERR,ERR,ERR,ERR,ERR,ERR,ERR,ERR,ERR,ERR,ERR,ERR,ERR,ERR,ERR,ERR,ERR,ERR,ERR,ERR,ERR,ERR,ERR,ERR,ERR,ERR,ERR,ERR,ERR,ERR,ERR,ERR,ERR,ERR,ERR,ERR,ERR,ERR,ERR,ERR,ERR,ERR,ERR,ERR,ERR,ERR,ERR,ERR,ERR,ERR,ERR,ERR,ERR,ERR,ERR,ERR,ERR,ERR,ERR,ERR,ERR,ERR,ERR,ERR,ERR,ERR,ERR,ERR,ERR,ERR,ERR,ERR,ERR,ERR,ERR,ERR,ERR,ERR,ERR,ERR,ERR,ERR,ERR,ERR,ERR,0.0,-0.0,2.7420187948523476e+23,0.0,-0.0,0.0,3.103107541084531e+24,-3.479444466848674e+25,4300,0,8,17169,4300,0.0,41,0.0,0.0,0.0,0.0,0.0,0,0,0,0,0.0,0,0,0,0,0,0,0,0,0,0,0,0,0,0,0,0,0,0,0,0,0,0,0,0,0,0,0,0,0,0,0,0,0,11,35,35,46,65476,366,65476,1,0,4,21553,0.0,0.0,0.0,0.0,0.0,0.0,0.0,0.0,0.0,0.0,0.0,0.0,0.0,0.0,0.0,0.0,0.0,0.0,0.0,0.0,0.0,2.004,2.004,-2.004,0.0,-0.0,0.0,0.0,0.0,0.0,6560.0,0.0,0.0,0.0,-0.0,-0.0,107616264.0,0.0,0.0,2.004,2.004,228,0.0,0.0,0.0,0.0,0.0,0.0,0.0,0.0,0.0,0,0,0,-304.527,3561087744.0,567335936.0,41852262678528.0,2.0790551020407095e+19,-19361923072.0,-0.0,-0.0,5.749814023579238e+16,-9.15273133722915e+26,-0.927,3251703644160.0,0.0,0.0,0.0,-8813067370496.0,0,1.3516416376850534e+27,228,0.0,456,2.40156025918058e+36,-1.5870805360731793e+30,2114,0,17110,0,17112,0,17096,0,0,0,101,100,100,-107615240.0,64.9,-107615248.0,65.2,2.7302337753474445e+23,65.0,1,49,50,180,52429,52429,0,0,0.0,0.0,0.0,60.0,0.0,71.0,0.0,-0.0,0.0,1069,0,1069,0,0,0,1069,0,1080,0,999,0,652,0,654,0,649,0,676,0.032,1.4609821306377965e+22,0.0,0.0,57744,16813,0.0,-0.0,0.0,-0.0,0.0,69337993969664.0,50.0,60.0,35,0.0,0.0,10.0,2.0,0.0,0.0,0.0,0.0,0.0,0.0,0.0,0.0,0.0,0.0,0.0,0.0,58.8,33,28,65530,27,65476,281,65476,0,0,4,20529,65476,0,0,30147,60.0,0.0,10.0,10.0,2.0,0.0
2026-02-16T12:28:57,ERR,ERR,ERR,ERR,ERR,ERR,ERR,ERR,ERR,ERR,ERR,ERR,ERR,ERR,ERR,ERR,ERR,ERR,ERR,ERR,ERR,ERR,ERR,ERR,ERR,ERR,ERR,ERR,ERR,ERR,ERR,ERR,ERR,ERR,ERR,ERR,ERR,ERR,ERR,ERR,ERR,ERR,ERR,ERR,ERR,ERR,ERR,ERR,ERR,ERR,ERR,ERR,ERR,ERR,ERR,ERR,ERR,ERR,ERR,ERR,ERR,ERR,ERR,ERR,ERR,ERR,ERR,ERR,ERR,ERR,ERR,ERR,ERR,ERR,ERR,ERR,ERR,ERR,ERR,ERR,ERR,ERR,ERR,ERR,ERR,ERR,ERR,ERR,ERR,ERR,ERR,ERR,ERR,ERR,ERR,ERR,ERR,ERR,ERR,ERR,ERR,ERR,ERR,ERR,ERR,ERR,ERR,ERR,ERR,ERR,ERR,ERR,ERR,ERR,ERR,ERR,ERR,ERR,ERR,ERR,ERR,ERR,ERR,ERR,ERR,0.0,-0.0,2.7420187948523476e+23,0.0,-0.0,0.0,3.103107541084531e+24,-3.479444466848674e+25,4300,0,8,17169,4300,0.0,41,0.0,0.0,0.0,0.0,0.0,0,0,0,0,0.0,0,0,0,0,0,0,0,0,0,0,0,0,0,0,0,0,0,0,0,0,0,0,0,0,0,0,0,0,0,0,0,0,0,11,35,35,46,65476,366,65476,1,0,4,21553,0.0,0.0,0.0,0.0,0.0,0.0,0.0,0.0,0.0,0.0,0.0,0.0,0.0,0.0,0.0,0.0,0.0,0.0,0.0,0.0,0.0,2.004,2.004,-2.004,0.0,-0.0,0.0,0.0,0.0,0.0,6560.0,0.0,0.0,0.0,-0.0,-0.0,107616264.0,0.0,0.0,2.004,2.004,228,0.0,0.0,0.0,0.0,0.0,0.0,0.0,0.0,0.0,0,0,0,-304.527,3561087744.0,567335936.0,41852262678528.0,2.0790551020407095e+19,-19361923072.0,-0.0,-0.0,5.749814023579238e+16,-9.15273133722915e+26,-0.927,3251703644160.0,0.0,0.0,0.0,-8813067370496.0,0,1.3516416376850534e+27,228,0.0,456,2.40156025918058e+36,-1.5870805360731793e+30,2114,0,17110,0,17112,0,17096,0,0,0,101,100,100,-107615240.0,64.9,-107615248.0,65.2,2.7302337753474445e+23,65.0,1,49,50,180,52429,52429,0,0,0.0,0.0,0.0,60.0,0.0,71.0,0.0,-0.0,0.0,1069,0,1069,0,0,0,1069,0,1080,0,999,0,652,0,654,0,649,0,676,0.032,1.4609821306377965e+22,0.0,0.0,57744,16813,0.0,-0.0,0.0,-0.0,0.0,69337993969664.0,50.0,60.0,35,0.0,0.0,10.0,2.0,0.0,0.0,0.0,0.0,0.0,0.0,0.0,0.0,0.0,0.0,0.0,0.0,58.8,35,26,65528,27,65476,121,65476,0,0,4,20529,65476,0,0,30147,60.0,0.0,10.0,10.0,2.0,0.0
2026-02-16T12:28:58,ERR,ERR,ERR,ERR,ERR,ERR,ERR,ERR,ERR,ERR,ERR,ERR,ERR,ERR,ERR,ERR,ERR,ERR,ERR,ERR,ERR,ERR,ERR,ERR,ERR,ERR,ERR,ERR,ERR,ERR,ERR,ERR,ERR,ERR,ERR,ERR,ERR,ERR,ERR,ERR,ERR,ERR,ERR,ERR,ERR,ERR,ERR,ERR,ERR,ERR,ERR,ERR,ERR,ERR,ERR,ERR,ERR,ERR,ERR,ERR,ERR,ERR,ERR,ERR,ERR,ERR,ERR,ERR,ERR,ERR,ERR,ERR,ERR,ERR,ERR,ERR,ERR,ERR,ERR,ERR,ERR,ERR,ERR,ERR,ERR,ERR,ERR,ERR,ERR,ERR,ERR,ERR,ERR,ERR,ERR,ERR,ERR,ERR,ERR,ERR,ERR,ERR,ERR,ERR,ERR,ERR,ERR,ERR,ERR,ERR,ERR,ERR,ERR,ERR,ERR,ERR,ERR,ERR,ERR,ERR,ERR,ERR,ERR,ERR,ERR,0.0,-0.0,2.7420187948523476e+23,0.0,-0.0,0.0,3.103107541084531e+24,-3.479444466848674e+25,4300,0,8,17169,4300,0.0,41,0.0,0.0,0.0,0.0,0.0,0,0,0,0,0.0,0,0,0,0,0,0,0,0,0,0,0,0,0,0,0,0,0,0,0,0,0,0,0,0,0,0,0,0,0,0,0,0,0,11,35,35,46,65476,366,65476,1,0,4,21553,0.0,0.0,0.0,0.0,0.0,0.0,0.0,0.0,0.0,0.0,0.0,0.0,0.0,0.0,0.0,0.0,0.0,0.0,0.0,0.0,0.0,2.004,2.004,-2.004,0.0,-0.0,0.0,0.0,0.0,0.0,6560.0,0.0,0.0,0.0,-0.0,-0.0,107616264.0,0.0,0.0,2.004,2.004,228,0.0,0.0,0.0,0.0,0.0,0.0,0.0,0.0,0.0,0,0,0,-304.527,3561087744.0,567335936.0,41852262678528.0,2.0790551020407095e+19,-19361923072.0,-0.0,-0.0,5.749814023579238e+16,-9.15273133722915e+26,-0.927,3251703644160.0,0.0,0.0,0.0,-8813067370496.0,0,1.3516416376850534e+27,228,0.0,456,2.40156025918058e+36,-1.5870805360731793e+30,2114,0,17110,0,17112,0,17096,0,0,0,101,100,100,-107615240.0,64.9,-107615248.0,65.2,2.7302337753474445e+23,65.0,1,49,50,180,52429,52429,0,0,0.0,0.0,0.0,60.0,0.0,71.0,0.0,-0.0,0.0,1069,0,1069,0,0,0,1069,0,1080,0,999,0,652,0,654,0,649,0,676,0.032,1.4609821306377965e+22,0.0,0.0,57744,16813,0.0,-0.0,0.0,-0.0,0.0,69337993969664.0,50.0,60.0,35,0.0,0.0,10.0,2.0,0.0,0.0,0.0,0.0,0.0,0.0,0.0,0.0,0.0,0.0,0.0,0.0,58.8,36,25,65527,27,65476,41,65476,0,0,4,20529,65476,0,0,30147,60.0,0.0,10.0,10.0,2.0,0.0
2026-02-16T12:28:59,ERR,ERR,ERR,ERR,ERR,ERR,ERR,ERR,ERR,ERR,ERR,ERR,ERR,ERR,ERR,ERR,ERR,ERR,ERR,ERR,ERR,ERR,ERR,ERR,ERR,ERR,ERR,ERR,ERR,ERR,ERR,ERR,ERR,ERR,ERR,ERR,ERR,ERR,ERR,ERR,ERR,ERR,ERR,ERR,ERR,ERR,ERR,ERR,ERR,ERR,ERR,ERR,ERR,ERR,ERR,ERR,ERR,ERR,ERR,ERR,ERR,ERR,ERR,ERR,ERR,ERR,ERR,ERR,ERR,ERR,ERR,ERR,ERR,ERR,ERR,ERR,ERR,ERR,ERR,ERR,ERR,ERR,ERR,ERR,ERR,ERR,ERR,ERR,ERR,ERR,ERR,ERR,ERR,ERR,ERR,ERR,ERR,ERR,ERR,ERR,ERR,ERR,ERR,ERR,ERR,ERR,ERR,ERR,ERR,ERR,ERR,ERR,ERR,ERR,ERR,ERR,ERR,ERR,ERR,ERR,ERR,ERR,ERR,ERR,ERR,0.0,-0.0,2.7420187948523476e+23,0.0,-0.0,-0.0,1.6102077205158558e+38,1.8724764121580605e+35,4300,0,8,17169,4300,0.0,41,0.0,0.0,0.0,0.0,0.0,0,0,0,0,0.0,0,0,0,0,0,0,0,0,0,0,0,0,0,0,0,0,0,0,0,0,0,0,0,0,0,0,0,0,0,0,0,0,0,11,35,35,46,65476,367,65476,1,0,4,21553,0.0,-0.0,0.0,0.0,0.0,0.0,0.0,0.0,0.0,0.0,0.0,0.0,0.0,0.0,0.0,0.0,0.0,0.0,0.0,0.0,0.0,2.004,2.004,-2.004,0.0,-0.0,0.0,0.0,0.0,0.0,6539.0,131351.188,0.0,0.0,-0.0,2.718450196994422e+23,107616264.0,0.0,0.0,2.004,2.004,228,2.71841759093312e+23,-0.059,0.0,0.0,0.0,0.0,0.0,0.0,0.0,0,0,0,-4.732084687915557e+21,31646329864192.0,-0.0,-5.809073399623912e+26,-0.0,-0.0,504.547,-0.0,0.0,-9.684658697859586e+26,-0.978,3475041943552.0,0.0,0.0,0.0,-0.0,0,1.3516416376850534e+27,228,0.0,456,2.40156025918058e+36,-0.0,2112,0,17110,0,17112,0,17096,0,0,0,101,100,100,-107615240.0,64.9,-107615248.0,65.3,-0.0,65.0,1,49,50,180,52429,52429,0,0,0.0,0.0,0.0,60.0,13200.639,71.0,0.0,-1.182242043745796e+18,0.0,1069,0,1069,0,0,0,1070,0,1080,0,1000,0,652,0,654,0,649,0,676,0.032,1.4536034330083127e+22,0.0,0.0,3600,16814,390615488.0,0.0,-1.279048829814571e+27,-0.002,0.0,2132.002,50.0,60.0,35,0.0,0.0,10.0,2.0,0.0,0.0,0.0,0.0,0.0,0.0,0.0,0.0,0.0,0.0,0.0,0.0,58.8,36,25,65527,27,65476,41,65476,0,0,4,20529,65476,0,0,30147,60.0,0.0,10.0,10.0,2.0,0.0
2026-02-16T12:29:00,ERR,ERR,ERR,ERR,ERR,ERR,ERR,ERR,ERR,ERR,ERR,ERR,ERR,ERR,ERR,ERR,ERR,ERR,ERR,ERR,ERR,ERR,ERR,ERR,ERR,ERR,ERR,ERR,ERR,ERR,ERR,ERR,ERR,ERR,ERR,ERR,ERR,ERR,ERR,ERR,ERR,ERR,ERR,ERR,ERR,ERR,ERR,ERR,ERR,ERR,ERR,ERR,ERR,ERR,ERR,ERR,ERR,ERR,ERR,ERR,ERR,ERR,ERR,ERR,ERR,ERR,ERR,ERR,ERR,ERR,ERR,ERR,ERR,ERR,ERR,ERR,ERR,ERR,ERR,ERR,ERR,ERR,ERR,ERR,ERR,ERR,ERR,ERR,ERR,ERR,ERR,ERR,ERR,ERR,ERR,ERR,ERR,ERR,ERR,ERR,ERR,ERR,ERR,ERR,ERR,ERR,ERR,ERR,ERR,ERR,ERR,ERR,ERR,ERR,ERR,ERR,ERR,ERR,ERR,ERR,ERR,ERR,ERR,ERR,ERR,0.0,-0.0,2.7420187948523476e+23,0.0,-0.0,-0.0,1.6102077205158558e+38,1.8724764121580605e+35,4300,0,8,17169,4300,0.0,41,0.0,0.0,0.0,0.0,0.0,0,0,0,0,0.0,0,0,0,0,0,0,0,0,0,0,0,0,0,0,0,0,0,0,0,0,0,0,0,0,0,0,0,0,0,0,0,0,0,11,35,35,46,65476,367,65476,1,0,4,21553,0.0,-0.0,0.0,0.0,0.0,0.0,0.0,0.0,0.0,0.0,0.0,0.0,0.0,0.0,0.0,0.0,0.0,0.0,0.0,0.0,0.0,2.004,2.004,-2.004,0.0,-0.0,0.0,0.0,0.0,0.0,6539.0,131351.188,0.0,0.0,-0.0,2.718450196994422e+23,107616264.0,0.0,0.0,2.004,2.004,228,2.71841759093312e+23,-0.059,0.0,0.0,0.0,0.0,0.0,0.0,0.0,0,0,0,-4.732084687915557e+21,31646329864192.0,-0.0,-5.809073399623912e+26,-0.0,-0.0,504.547,-0.0,0.0,-9.684658697859586e+26,-0.978,3475041943552.0,0.0,0.0,0.0,-0.0,0,1.3516416376850534e+27,228,0.0,456,2.40156025918058e+36,-0.0,2112,0,17110,0,17112,0,17096,0,0,0,101,100,100,-107615240.0,64.9,-107615248.0,65.3,-0.0,65.0,1,49,50,180,52429,52429,0,0,0.0,0.0,0.0,60.0,13200.639,71.0,0.0,-1.182242043745796e+18,0.0,1069,0,1069,0,0,0,1070,0,1080,0,1000,0,652,0,654,0,649,0,676,0.032,1.4536034330083127e+22,0.0,0.0,3600,16814,390615488.0,0.0,-1.279048829814571e+27,-0.002,0.0,2132.002,50.0,60.0,35,0.0,0.0,10.0,2.0,0.0,0.0,0.0,0.0,0.0,0.0,0.0,0.0,0.0,0.0,0.0,0.0,59.2,41,21,65522,27,65476,0,65476,1,0,4,20529,65476,0,0,30147,60.0,0.0,10.0,10.0,2.0,0.0
2026-02-16T12:29:01,ERR,ERR,ERR,ERR,ERR,ERR,ERR,ERR,ERR,ERR,ERR,ERR,ERR,ERR,ERR,ERR,ERR,ERR,ERR,ERR,ERR,ERR,ERR,ERR,ERR,ERR,ERR,ERR,ERR,ERR,ERR,ERR,ERR,ERR,ERR,ERR,ERR,ERR,ERR,ERR,ERR,ERR,ERR,ERR,ERR,ERR,ERR,ERR,ERR,ERR,ERR,ERR,ERR,ERR,ERR,ERR,ERR,ERR,ERR,ERR,ERR,ERR,ERR,ERR,ERR,ERR,ERR,ERR,ERR,ERR,ERR,ERR,ERR,ERR,ERR,ERR,ERR,ERR,ERR,ERR,ERR,ERR,ERR,ERR,ERR,ERR,ERR,ERR,ERR,ERR,ERR,ERR,ERR,ERR,ERR,ERR,ERR,ERR,ERR,ERR,ERR,ERR,ERR,ERR,ERR,ERR,ERR,ERR,ERR,ERR,ERR,ERR,ERR,ERR,ERR,ERR,ERR,ERR,ERR,ERR,ERR,ERR,ERR,ERR,ERR,0.0,-0.0,2.7420187948523476e+23,0.0,-0.0,-0.0,1.6102077205158558e+38,1.8724764121580605e+35,4300,0,8,17169,4300,0.0,41,0.0,0.0,0.0,0.0,0.0,0,0,0,0,0.0,0,0,0,0,0,0,0,0,0,0,0,0,0,0,0,0,0,0,0,0,0,0,0,0,0,0,0,0,0,0,0,0,0,11,35,35,46,65476,367,65476,1,0,4,21553,0.0,-0.0,0.0,0.0,0.0,0.0,0.0,0.0,0.0,0.0,0.0,0.0,0.0,0.0,0.0,0.0,0.0,0.0,0.0,0.0,0.0,2.004,2.004,-2.004,0.0,-0.0,0.0,0.0,0.0,0.0,6539.0,131351.188,0.0,0.0,-0.0,2.718450196994422e+23,107616264.0,0.0,0.0,2.004,2.004,228,2.71841759093312e+23,-0.059,0.0,0.0,0.0,0.0,0.0,0.0,0.0,0,0,0,-4.732084687915557e+21,31646329864192.0,-0.0,-5.809073399623912e+26,-0.0,-0.0,504.547,-0.0,0.0,-9.684658697859586e+26,-0.978,3475041943552.0,0.0,0.0,0.0,-0.0,0,1.3516416376850534e+27,228,0.0,456,2.40156025918058e+36,-0.0,2112,0,17110,0,17112,0,17096,0,0,0,101,100,100,-107615240.0,64.9,-107615248.0,65.3,-0.0,65.0,1,49,50,180,52429,52429,0,0,0.0,0.0,0.0,60.0,13200.639,71.0,0.0,-1.182242043745796e+18,0.0,1069,0,1069,0,0,0,1070,0,1080,0,1000,0,652,0,654,0,649,0,676,0.032,1.4536034330083127e+22,0.0,0.0,3600,16814,390615488.0,0.0,-1.279048829814571e+27,-0.002,0.0,2132.002,50.0,60.0,35,0.0,0.0,10.0,2.0,0.0,0.0,0.0,0.0,0.0,0.0,0.0,0.0,0.0,0.0,0.0,0.0,59.2,46,17,65517,27,65476,0,65476,1,0,4,20529,65476,0,0,30147,60.0,0.0,10.0,10.0,2.0,0.0
2026-02-16T12:29:02,ERR,ERR,ERR,ERR,ERR,ERR,ERR,ERR,ERR,ERR,ERR,ERR,ERR,ERR,ERR,ERR,ERR,ERR,ERR,ERR,ERR,ERR,ERR,ERR,ERR,ERR,ERR,ERR,ERR,ERR,ERR,ERR,ERR,ERR,ERR,ERR,ERR,ERR,ERR,ERR,ERR,ERR,ERR,ERR,ERR,ERR,ERR,ERR,ERR,ERR,ERR,ERR,ERR,ERR,ERR,ERR,ERR,ERR,ERR,ERR,ERR,ERR,ERR,ERR,ERR,ERR,ERR,ERR,ERR,ERR,ERR,ERR,ERR,ERR,ERR,ERR,ERR,ERR,ERR,ERR,ERR,ERR,ERR,ERR,ERR,ERR,ERR,ERR,ERR,ERR,ERR,ERR,ERR,ERR,ERR,ERR,ERR,ERR,ERR,ERR,ERR,ERR,ERR,ERR,ERR,ERR,ERR,ERR,ERR,ERR,ERR,ERR,ERR,ERR,ERR,ERR,ERR,ERR,ERR,ERR,ERR,ERR,ERR,ERR,ERR,0.0,-0.0,2.7420187948523476e+23,0.0,-0.0,-0.0,1.6102077205158558e+38,1.8724764121580605e+35,4300,0,8,17169,4300,0.0,41,0.0,0.0,0.0,0.0,0.0,0,0,0,0,0.0,0,0,0,0,0,0,0,0,0,0,0,0,0,0,0,0,0,0,0,0,0,0,0,0,0,0,0,0,0,0,0,0,0,11,35,35,46,65476,367,65476,1,0,4,21553,0.0,-0.0,0.0,0.0,0.0,0.0,0.0,0.0,0.0,0.0,0.0,0.0,0.0,0.0,0.0,0.0,0.0,0.0,0.0,0.0,0.0,2.004,2.004,-2.004,0.0,-0.0,0.0,0.0,0.0,0.0,6539.0,131351.188,0.0,0.0,-0.0,2.718450196994422e+23,107616264.0,0.0,0.0,2.004,2.004,228,2.71841759093312e+23,-0.059,0.0,0.0,0.0,0.0,0.0,0.0,0.0,0,0,0,-4.732084687915557e+21,31646329864192.0,-0.0,-5.809073399623912e+26,-0.0,-0.0,504.547,-0.0,0.0,-9.684658697859586e+26,-0.978,3475041943552.0,0.0,0.0,0.0,-0.0,0,1.3516416376850534e+27,228,0.0,456,2.40156025918058e+36,-0.0,2112,0,17110,0,17112,0,17096,0,0,0,101,100,100,-107615240.0,64.9,-107615248.0,65.3,-0.0,65.0,1,49,50,180,52429,52429,0,0,0.0,0.0,0.0,60.0,13200.639,71.0,0.0,-1.182242043745796e+18,0.0,1069,0,1069,0,0,0,1070,0,1080,0,1000,0,652,0,654,0,649,0,676,0.032,1.4536034330083127e+22,0.0,0.0,3600,16814,390615488.0,0.0,-1.279048829814571e+27,-0.002,0.0,2132.002,50.0,60.0,35,0.0,0.0,10.0,2.0,0.0,0.0,0.0,0.0,0.0,0.0,0.0,0.0,0.0,0.0,0.0,0.0,59.2,46,17,65517,27,65476,0,65476,1,0,4,20529,65476,0,0,30147,60.0,0.0,10.0,10.0,2.0,0.0
2026-02-16T12:29:03,ERR,ERR,ERR,ERR,ERR,ERR,ERR,ERR,ERR,ERR,ERR,ERR,ERR,ERR,ERR,ERR,ERR,ERR,ERR,ERR,ERR,ERR,ERR,ERR,ERR,ERR,ERR,ERR,ERR,ERR,ERR,ERR,ERR,ERR,ERR,ERR,ERR,ERR,ERR,ERR,ERR,ERR,ERR,ERR,ERR,ERR,ERR,ERR,ERR,ERR,ERR,ERR,ERR,ERR,ERR,ERR,ERR,ERR,ERR,ERR,ERR,ERR,ERR,ERR,ERR,ERR,ERR,ERR,ERR,ERR,ERR,ERR,ERR,ERR,ERR,ERR,ERR,ERR,ERR,ERR,ERR,ERR,ERR,ERR,ERR,ERR,ERR,ERR,ERR,ERR,ERR,ERR,ERR,ERR,ERR,ERR,ERR,ERR,ERR,ERR,ERR,ERR,ERR,ERR,ERR,ERR,ERR,ERR,ERR,ERR,ERR,ERR,ERR,ERR,ERR,ERR,ERR,ERR,ERR,ERR,ERR,ERR,ERR,ERR,ERR,0.0,-0.0,2.7420187948523476e+23,0.0,-0.0,-0.001,-1099998.25,28213292.0,4300,0,8,17169,4300,0.0,41,0.0,0.0,0.0,0.0,0.0,0,0,0,0,0.0,0,0,0,0,0,0,0,0,0,0,0,0,0,0,0,0,0,0,0,0,0,0,0,0,0,0,0,0,0,0,0,0,0,11,35,35,46,65476,368,65476,1,0,4,21553,0.0,0.0,0.0,0.0,0.0,0.0,0.0,0.0,0.0,0.0,0.0,0.0,0.0,0.0,-2.600982585120823e+33,0.0,0.0,0.0,0.0,0.0,0.0,2.004,2.004,-2.004,0.0,-0.0,0.0,0.0,0.0,0.0,6499.0,-564148987494400.0,0.0,0.0,-0.0,0.0,0.0,0.0,0.0,2.004,2.004,228,0.0,4.9504239556116174e+32,0.0,0.0,0.0,0.0,0.0,0.0,0.0,0,0,0,-1.3533323185287819e+23,7636705607680.0,-0.0,3.6297919153750966e+30,-0.0,-0.0,0.0,-7.434455095628548e+33,2091065472.0,-1.0313300124059194e+27,-1.041,3664020504576.0,0.0,0.0,0.0,1.853500597949473e+24,0,1.3516416376850534e+27,228,0.0,456,2.40156025918058e+36,0.0,2112,0,17110,0,17112,0,17096,0,0,0,101,100,100,-107615240.0,64.9,-107615248.0,65.2,-0.0,65.0,1,49,50,180,52429,26215,0,0,0.0,0.0,0.0,60.0,134283343691776.0,71.0,0.0,-5.701317522677123e+20,0.0,1069,0,1069,0,0,0,1069,0,1080,0,1000,0,653,0,654,0,649,0,677,0.032,1.4609821306377965e+22,0.0,0.0,65168,16813,224.26,0.0,-2403345408.0,0.0,-9.696354143470061e+20,0.0,50.0,60.0,35,0.0,0.0,10.0,2.0,0.0,0.0,0.0,0.0,0.0,0.0,0.0,0.0,0.0,0.0,0.0,0.0,58.8,48,15,65515,27,65476,77,65476,1,0,4,20529,65476,0,0,30147,60.0,0.0,10.0,10.0,2.0,0.0
2026-02-16T12:29:04,ERR,ERR,ERR,ERR,ERR,ERR,ERR,ERR,ERR,ERR,ERR,ERR,ERR,ERR,ERR,ERR,ERR,ERR,ERR,ERR,ERR,ERR,ERR,ERR,ERR,ERR,ERR,ERR,ERR,ERR,ERR,ERR,ERR,ERR,ERR,ERR,ERR,ERR,ERR,ERR,ERR,ERR,ERR,ERR,ERR,ERR,ERR,ERR,ERR,ERR,ERR,ERR,ERR,ERR,ERR,ERR,ERR,ERR,ERR,ERR,ERR,ERR,ERR,ERR,ERR,ERR,ERR,ERR,ERR,ERR,ERR,ERR,ERR,ERR,ERR,ERR,ERR,ERR,ERR,ERR,ERR,ERR,ERR,ERR,ERR,ERR,ERR,ERR,ERR,ERR,ERR,ERR,ERR,ERR,ERR,ERR,ERR,ERR,ERR,ERR,ERR,ERR,ERR,ERR,ERR,ERR,ERR,ERR,ERR,ERR,ERR,ERR,ERR,ERR,ERR,ERR,ERR,ERR,ERR,ERR,ERR,ERR,ERR,ERR,ERR,0.0,-0.0,2.7420187948523476e+23,0.0,-0.0,-0.001,-1099998.25,28213292.0,4300,0,8,17169,4300,0.0,41,0.0,0.0,0.0,0.0,0.0,0,0,0,0,0.0,0,0,0,0,0,0,0,0,0,0,0,0,0,0,0,0,0,0,0,0,0,0,0,0,0,0,0,0,0,0,0,0,0,11,35,35,46,65476,368,65476,1,0,4,21553,0.0,0.0,0.0,0.0,0.0,0.0,0.0,0.0,0.0,0.0,0.0,0.0,0.0,0.0,-2.600982585120823e+33,0.0,0.0,0.0,0.0,0.0,0.0,2.004,2.004,-2.004,0.0,-0.0,0.0,0.0,0.0,0.0,6499.0,-564148987494400.0,0.0,0.0,-0.0,0.0,0.0,0.0,0.0,2.004,2.004,228,0.0,4.9504239556116174e+32,0.0,0.0,0.0,0.0,0.0,0.0,0.0,0,0,0,-1.3533323185287819e+23,7636705607680.0,-0.0,3.6297919153750966e+30,-0.0,-0.0,0.0,-7.434455095628548e+33,2091065472.0,-1.0313300124059194e+27,-1.041,3664020504576.0,0.0,0.0,0.0,1.853500597949473e+24,0,1.3516416376850534e+27,228,0.0,456,2.40156025918058e+36,0.0,2112,0,17110,0,17112,0,17096,0,0,0,101,100,100,-107615240.0,64.9,-107615248.0,65.2,-0.0,65.0,1,49,50,180,52429,26215,0,0,0.0,0.0,0.0,60.0,134283343691776.0,71.0,0.0,-5.701317522677123e+20,0.0,1069,0,1069,0,0,0,1069,0,1080,0,1000,0,653,0,654,0,649,0,677,0.032,1.4609821306377965e+22,0.0,0.0,65168,16813,224.26,0.0,-2403345408.0,0.0,-9.696354143470061e+20,0.0,50.0,60.0,35,0.0,0.0,10.0,2.0,0.0,0.0,0.0,0.0,0.0,0.0,0.0,0.0,0.0,0.0,0.0,0.0,58.8,48,15,65515,27,65476,77,65476,1,0,4,20529,65476,0,0,30147,60.0,0.0,10.0,10.0,2.0,0.0
2026-02-16T12:29:05,ERR,ERR,ERR,ERR,ERR,ERR,ERR,ERR,ERR,ERR,ERR,ERR,ERR,ERR,ERR,ERR,ERR,ERR,ERR,ERR,ERR,ERR,ERR,ERR,ERR,ERR,ERR,ERR,ERR,ERR,ERR,ERR,ERR,ERR,ERR,ERR,ERR,ERR,ERR,ERR,ERR,ERR,ERR,ERR,ERR,ERR,ERR,ERR,ERR,ERR,ERR,ERR,ERR,ERR,ERR,ERR,ERR,ERR,ERR,ERR,ERR,ERR,ERR,ERR,ERR,ERR,ERR,ERR,ERR,ERR,ERR,ERR,ERR,ERR,ERR,ERR,ERR,ERR,ERR,ERR,ERR,ERR,ERR,ERR,ERR,ERR,ERR,ERR,ERR,ERR,ERR,ERR,ERR,ERR,ERR,ERR,ERR,ERR,ERR,ERR,ERR,ERR,ERR,ERR,ERR,ERR,ERR,ERR,ERR,ERR,ERR,ERR,ERR,ERR,ERR,ERR,ERR,ERR,ERR,ERR,ERR,ERR,ERR,ERR,ERR,0.0,-0.0,2.7420187948523476e+23,0.0,-0.0,-0.001,-1099998.25,28213292.0,4300,0,8,17169,4300,0.0,41,0.0,0.0,0.0,0.0,0.0,0,0,0,0,0.0,0,0,0,0,0,0,0,0,0,0,0,0,0,0,0,0,0,0,0,0,0,0,0,0,0,0,0,0,0,0,0,0,0,11,35,35,46,65476,368,65476,1,0,4,21553,0.0,0.0,0.0,0.0,0.0,0.0,0.0,0.0,0.0,0.0,0.0,0.0,0.0,0.0,-2.600982585120823e+33,0.0,0.0,0.0,0.0,0.0,0.0,2.004,2.004,-2.004,0.0,-0.0,0.0,0.0,0.0,0.0,6499.0,-564148987494400.0,0.0,0.0,-0.0,0.0,0.0,0.0,0.0,2.004,2.004,228,0.0,4.9504239556116174e+32,0.0,0.0,0.0,0.0,0.0,0.0,0.0,0,0,0,-1.3533323185287819e+23,7636705607680.0,-0.0,3.6297919153750966e+30,-0.0,-0.0,0.0,-7.434455095628548e+33,2091065472.0,-1.0313300124059194e+27,-1.041,3664020504576.0,0.0,0.0,0.0,1.853500597949473e+24,0,1.3516416376850534e+27,228,0.0,456,2.40156025918058e+36,0.0,2112,0,17110,0,17112,0,17096,0,0,0,101,100,100,-107615240.0,64.9,-107615248.0,65.2,-0.0,65.0,1,49,50,180,52429,26215,0,0,0.0,0.0,0.0,60.0,134283343691776.0,71.0,0.0,-5.701317522677123e+20,0.0,1069,0,1069,0,0,0,1069,0,1080,0,1000,0,653,0,654,0,649,0,677,0.032,1.4609821306377965e+22,0.0,0.0,65168,16813,224.26,0.0,-2403345408.0,0.0,-9.696354143470061e+20,0.0,50.0,60.0,35,0.0,0.0,10.0,2.0,0.0,0.0,0.0,0.0,0.0,0.0,0.0,0.0,0.0,0.0,0.0,0.0,58.8,53,12,65510,27,65476,238,65476,0,0,2,20529,65476,0,0,30147,60.0,0.0,10.0,10.0,2.0,0.0
2026-02-16T12:29:06,ERR,ERR,ERR,ERR,ERR,ERR,ERR,ERR,ERR,ERR,ERR,ERR,ERR,ERR,ERR,ERR,ERR,ERR,ERR,ERR,ERR,ERR,ERR,ERR,ERR,ERR,ERR,ERR,ERR,ERR,ERR,ERR,ERR,ERR,ERR,ERR,ERR,ERR,ERR,ERR,ERR,ERR,ERR,ERR,ERR,ERR,ERR,ERR,ERR,ERR,ERR,ERR,ERR,ERR,ERR,ERR,ERR,ERR,ERR,ERR,ERR,ERR,ERR,ERR,ERR,ERR,ERR,ERR,ERR,ERR,ERR,ERR,ERR,ERR,ERR,ERR,ERR,ERR,ERR,ERR,ERR,ERR,ERR,ERR,ERR,ERR,ERR,ERR,ERR,ERR,ERR,ERR,ERR,ERR,ERR,ERR,ERR,ERR,ERR,ERR,ERR,ERR,ERR,ERR,ERR,ERR,ERR,ERR,ERR,ERR,ERR,ERR,ERR,ERR,ERR,ERR,ERR,ERR,ERR,ERR,ERR,ERR,ERR,ERR,ERR,0.0,-0.0,2.7420187948523476e+23,0.0,-0.0,-0.001,-1099998.25,28213292.0,4300,0,8,17169,4300,0.0,41,0.0,0.0,0.0,0.0,0.0,0,0,0,0,0.0,0,0,0,0,0,0,0,0,0,0,0,0,0,0,0,0,0,0,0,0,0,0,0,0,0,0,0,0,0,0,0,0,0,11,35,35,46,65476,368,65476,1,0,4,21553,0.0,0.0,0.0,0.0,0.0,0.0,0.0,0.0,0.0,0.0,0.0,0.0,0.0,0.0,-2.600982585120823e+33,0.0,0.0,0.0,0.0,0.0,0.0,2.004,2.004,-2.004,0.0,-0.0,0.0,0.0,0.0,0.0,6499.0,-564148987494400.0,0.0,0.0,-0.0,0.0,0.0,0.0,0.0,2.004,2.004,228,0.0,4.9504239556116174e+32,0.0,0.0,0.0,0.0,0.0,0.0,0.0,0,0,0,-1.3533323185287819e+23,7636705607680.0,-0.0,3.6297919153750966e+30,-0.0,-0.0,0.0,-7.434455095628548e+33,2091065472.0,-1.0313300124059194e+27,-1.041,3664020504576.0,0.0,0.0,0.0,1.853500597949473e+24,0,1.3516416376850534e+27,228,0.0,456,2.40156025918058e+36,0.0,2112,0,17110,0,17112,0,17096,0,0,0,101,100,100,-107615240.0,64.9,-107615248.0,65.2,-0.0,65.0,1,49,50,180,52429,52429,0,0,0.0,0.0,0.0,60.0,0.011,71.0,0.0,-0.0,0.0,1069,0,1069,0,0,0,1070,0,1080,0,1000,0,653,0,654,0,649,0,677,0.032,1.4536034330083127e+22,2.004,2.73023467606737e+23,49552,16813,0.0,-0.0,92496717676544.0,4.774,44600634900480.0,-119.125,50.0,60.0,35,0.0,0.0,10.0,2.0,0.0,0.0,0.0,0.0,0.0,0.0,0.0,0.0,0.0,0.0,0.0,0.0,58.8,55,11,65508,27,65476,77,65476,0,0,4,20529,65476,0,0,30147,60.0,0.0,10.0,10.0,2.0,0.0
2026-02-16T12:29:07,ERR,ERR,ERR,ERR,ERR,ERR,ERR,ERR,ERR,ERR,ERR,ERR,ERR,ERR,ERR,ERR,ERR,ERR,ERR,ERR,ERR,ERR,ERR,ERR,ERR,ERR,ERR,ERR,ERR,ERR,ERR,ERR,ERR,ERR,ERR,ERR,ERR,ERR,ERR,ERR,ERR,ERR,ERR,ERR,ERR,ERR,ERR,ERR,ERR,ERR,ERR,ERR,ERR,ERR,ERR,ERR,ERR,ERR,ERR,ERR,ERR,ERR,ERR,ERR,ERR,ERR,ERR,ERR,ERR,ERR,ERR,ERR,ERR,ERR,ERR,ERR,ERR,ERR,ERR,ERR,ERR,ERR,ERR,ERR,ERR,ERR,ERR,ERR,ERR,ERR,ERR,ERR,ERR,ERR,ERR,ERR,ERR,ERR,ERR,ERR,ERR,ERR,ERR,ERR,ERR,ERR,ERR,ERR,ERR,ERR,ERR,ERR,ERR,ERR,ERR,ERR,ERR,ERR,ERR,ERR,ERR,ERR,ERR,ERR,ERR,0.0,-0.0,2.7420187948523476e+23,0.0,-0.0,-0.001,-1099998.25,28213292.0,4300,0,8,17169,4300,0.0,41,0.0,0.0,0.0,0.0,0.0,0,0,0,0,0.0,0,0,0,0,0,0,0,0,0,0,0,0,0,0,0,0,0,0,0,0,0,0,0,0,0,0,0,0,0,0,0,0,0,11,35,35,46,65476,368,65476,1,0,4,21553,0.0,0.0,0.0,0.0,0.0,0.0,0.0,0.0,0.0,0.0,0.0,0.0,0.0,0.0,-2.600982585120823e+33,0.0,0.0,0.0,0.0,0.0,0.0,2.004,2.004,-2.004,0.0,-0.0,0.0,0.0,0.0,0.0,6499.0,-564148987494400.0,0.0,0.0,-0.0,0.0,0.0,0.0,0.0,2.004,2.004,228,0.0,4.9504239556116174e+32,0.0,0.0,0.0,0.0,0.0,0.0,0.0,0,0,0,-1.3533323185287819e+23,7636705607680.0,-0.0,3.6297919153750966e+30,-0.0,-0.0,0.0,-7.434455095628548e+33,2091065472.0,-1.0313300124059194e+27,-1.041,3664020504576.0,0.0,0.0,0.0,1.853500597949473e+24,0,1.3516416376850534e+27,228,0.0,456,2.40156025918058e+36,0.0,2112,0,17110,0,17112,0,17096,0,0,0,101,100,100,-107615240.0,64.9,-107615248.0,65.2,-0.0,65.0,1,49,50,180,52429,52429,0,0,0.0,0.0,0.0,60.0,0.011,71.0,0.0,-0.0,0.0,1069,0,1069,0,0,0,1070,0,1080,0,1000,0,653,0,654,0,649,0,677,0.032,1.4536034330083127e+22,2.004,2.73023467606737e+23,49552,16813,0.0,-0.0,92496717676544.0,4.774,44600634900480.0,-119.125,50.0,60.0,35,0.0,0.0,10.0,2.0,0.0,0.0,0.0,0.0,0.0,0.0,0.0,0.0,0.0,0.0,0.0,0.0,58.8,55,11,65508,27,65476,77,65476,0,0,4,20529,65476,0,0,30147,60.0,0.0,10.0,10.0,2.0,0.0
2026-02-16T12:29:08,ERR,ERR,ERR,ERR,ERR,ERR,ERR,ERR,ERR,ERR,ERR,ERR,ERR,ERR,ERR,ERR,ERR,ERR,ERR,ERR,ERR,ERR,ERR,ERR,ERR,ERR,ERR,ERR,ERR,ERR,ERR,ERR,ERR,ERR,ERR,ERR,ERR,ERR,ERR,ERR,ERR,ERR,ERR,ERR,ERR,ERR,ERR,ERR,ERR,ERR,ERR,ERR,ERR,ERR,ERR,ERR,ERR,ERR,ERR,ERR,ERR,ERR,ERR,ERR,ERR,ERR,ERR,ERR,ERR,ERR,ERR,ERR,ERR,ERR,ERR,ERR,ERR,ERR,ERR,ERR,ERR,ERR,ERR,ERR,ERR,ERR,ERR,ERR,ERR,ERR,ERR,ERR,ERR,ERR,ERR,ERR,ERR,ERR,ERR,ERR,ERR,ERR,ERR,ERR,ERR,ERR,ERR,ERR,ERR,ERR,ERR,ERR,ERR,ERR,ERR,ERR,ERR,ERR,ERR,ERR,ERR,ERR,ERR,ERR,ERR,0.0,-0.0,2.7420187948523476e+23,0.0,-0.0,-0.0,-0.0,2.043557237196566e+20,4300,0,8,17169,4300,0.0,41,0.0,0.0,0.0,0.0,2.7184166902131945e+23,0,0,0,0,0.0,0,0,0,0,0,0,0,0,0,0,0,0,0,0,0,0,0,0,0,0,0,0,0,0,0,0,0,0,0,0,0,0,0,12,35,34,46,65476,376,65476,1,0,4,21553,0.0,-0.0,0.0,0.0,0.0,0.0,0.0,0.0,0.0,0.0,0.0,0.0,0.0,0.0,0.0,0.0,0.0,0.0,0.0,0.0,0.0,2.004,2.004,-2.004,-3.697074423243316e+19,-0.0,0.0,0.0,0.0,0.0,6501.0,-0.0,0.0,0.0,-0.0,0.0,107616264.0,0.0,0.0,2.004,2.004,226,0.0,126841012224.0,0.0,0.0,0.0,0.0,0.0,0.0,0.0,0,0,0,-1.7038965105938654e+35,0.0,-0.0,0.0,-0.0,-3.8570728689956674e+28,1.4719467825269834e+19,0.0,-0.0,-1.084522748468963e+27,-1.143,3887358803968.0,0.0,0.0,0.0,268953472.0,0,1.3516416376850534e+27,228,0.0,456,0.0,-1.4035696821479504e+35,2112,0,17110,0,17112,0,17096,0,0,0,101,100,100,-107615240.0,64.9,-107615248.0,65.2,-0.0,65.0,1,49,50,180,52429,52429,0,0,0.0,0.0,0.0,60.0,0.011,71.0,0.0,-0.0,0.0,1069,0,1069,0,0,0,1070,0,1080,0,1000,0,653,0,654,0,649,0,677,0.032,1.4536034330083127e+22,2.004,2.73023467606737e+23,49552,16813,0.0,-0.0,92496717676544.0,4.774,44600634900480.0,-119.125,50.0,60.0,35,0.0,0.0,10.0,2.0,0.0,0.0,0.0,0.0,0.0,0.0,0.0,0.0,0.0,0.0,0.0,0.0,58.8,55,11,65509,27,65476,153,65476,0,0,4,20529,65476,0,0,30147,60.0,0.0,10.0,10.0,2.0,0.0
2026-02-16T12:29:09,ERR,ERR,ERR,ERR,ERR,ERR,ERR,ERR,ERR,ERR,ERR,ERR,ERR,ERR,ERR,ERR,ERR,ERR,ERR,ERR,ERR,ERR,ERR,ERR,ERR,ERR,ERR,ERR,ERR,ERR,ERR,ERR,ERR,ERR,ERR,ERR,ERR,ERR,ERR,ERR,ERR,ERR,ERR,ERR,ERR,ERR,ERR,ERR,ERR,ERR,ERR,ERR,ERR,ERR,ERR,ERR,ERR,ERR,ERR,ERR,ERR,ERR,ERR,ERR,ERR,ERR,ERR,ERR,ERR,ERR,ERR,ERR,ERR,ERR,ERR,ERR,ERR,ERR,ERR,ERR,ERR,ERR,ERR,ERR,ERR,ERR,ERR,ERR,ERR,ERR,ERR,ERR,ERR,ERR,ERR,ERR,ERR,ERR,ERR,ERR,ERR,ERR,ERR,ERR,ERR,ERR,ERR,ERR,ERR,ERR,ERR,ERR,ERR,ERR,ERR,ERR,ERR,ERR,ERR,ERR,ERR,ERR,ERR,ERR,ERR,0.0,-0.0,2.7420187948523476e+23,0.0,-0.0,-0.0,-0.0,2.043557237196566e+20,4300,0,8,17169,4300,0.0,41,0.0,0.0,0.0,0.0,2.7184166902131945e+23,0,0,0,0,0.0,0,0,0,0,0,0,0,0,0,0,0,0,0,0,0,0,0,0,0,0,0,0,0,0,0,0,0,0,0,0,0,0,0,12,35,34,46,65476,376,65476,1,0,4,21553,0.0,-0.0,0.0,0.0,0.0,0.0,0.0,0.0,0.0,0.0,0.0,0.0,0.0,0.0,0.0,0.0,0.0,0.0,0.0,0.0,0.0,2.004,2.004,-2.004,-3.697074423243316e+19,-0.0,0.0,0.0,0.0,0.0,6501.0,-0.0,0.0,0.0,-0.0,0.0,107616264.0,0.0,0.0,2.004,2.004,226,0.0,126841012224.0,0.0,0.0,0.0,0.0,0.0,0.0,0.0,0,0,0,-1.7038965105938654e+35,0.0,-0.0,0.0,-0.0,-3.8570728689956674e+28,1.4719467825269834e+19,0.0,-0.0,-1.084522748468963e+27,-1.143,3887358803968.0,0.0,0.0,0.0,268953472.0,0,1.3516416376850534e+27,228,0.0,456,0.0,-1.4035696821479504e+35,2112,0,17110,0,17112,0,17096,0,0,0,101,100,100,-107615240.0,64.9,-107615248.0,65.3,-0.0,65.0,1,49,50,180,52429,52429,0,0,0.0,0.0,0.0,60.0,0.0,71.0,0.0,-0.0,0.0,1069,0,1069,0,0,0,1069,0,1080,0,999,0,653,0,654,0,649,0,677,0.032,1.4462247353788288e+22,2.004,2.73023467606737e+23,64912,16813,0.0,-0.0,228976033792.0,105345.867,490176380928.0,-4.195,50.0,60.0,35,0.0,0.0,10.0,2.0,0.0,0.0,0.0,0.0,0.0,0.0,0.0,0.0,0.0,0.0,0.0,0.0,58.8,55,11,65509,27,65476,153,65476,0,0,4,20529,65476,0,0,30147,60.0,0.0,10.0,10.0,2.0,0.0
2026-02-16T12:29:10,ERR,ERR,ERR,ERR,ERR,ERR,ERR,ERR,ERR,ERR,ERR,ERR,ERR,ERR,ERR,ERR,ERR,ERR,ERR,ERR,ERR,ERR,ERR,ERR,ERR,ERR,ERR,ERR,ERR,ERR,ERR,ERR,ERR,ERR,ERR,ERR,ERR,ERR,ERR,ERR,ERR,ERR,ERR,ERR,ERR,ERR,ERR,ERR,ERR,ERR,ERR,ERR,ERR,ERR,ERR,ERR,ERR,ERR,ERR,ERR,ERR,ERR,ERR,ERR,ERR,ERR,ERR,ERR,ERR,ERR,ERR,ERR,ERR,ERR,ERR,ERR,ERR,ERR,ERR,ERR,ERR,ERR,ERR,ERR,ERR,ERR,ERR,ERR,ERR,ERR,ERR,ERR,ERR,ERR,ERR,ERR,ERR,ERR,ERR,ERR,ERR,ERR,ERR,ERR,ERR,ERR,ERR,ERR,ERR,ERR,ERR,ERR,ERR,ERR,ERR,ERR,ERR,ERR,ERR,ERR,ERR,ERR,ERR,ERR,ERR,0.0,-0.0,2.7420187948523476e+23,0.0,-0.0,-0.0,-0.0,2.043557237196566e+20,4300,0,8,17169,4300,0.0,41,0.0,0.0,0.0,0.0,2.7184166902131945e+23,0,0,0,0,0.0,0,0,0,0,0,0,0,0,0,0,0,0,0,0,0,0,0,0,0,0,0,0,0,0,0,0,0,0,0,0,0,0,0,12,35,34,46,65476,376,65476,1,0,4,21553,0.0,-0.0,0.0,0.0,0.0,0.0,0.0,0.0,0.0,0.0,0.0,0.0,0.0,0.0,0.0,0.0,0.0,0.0,0.0,0.0,0.0,2.004,2.004,-2.004,-3.697074423243316e+19,-0.0,0.0,0.0,0.0,0.0,6501.0,-0.0,0.0,0.0,-0.0,0.0,107616264.0,0.0,0.0,2.004,2.004,226,0.0,126841012224.0,0.0,0.0,0.0,0.0,0.0,0.0,0.0,0,0,0,-1.7038965105938654e+35,0.0,-0.0,0.0,-0.0,-3.8570728689956674e+28,1.4719467825269834e+19,0.0,-0.0,-1.084522748468963e+27,-1.143,3887358803968.0,0.0,0.0,0.0,268953472.0,0,1.3516416376850534e+27,228,0.0,456,0.0,-1.4035696821479504e+35,2112,0,17110,0,17112,0,17096,0,0,0,101,100,100,-107615240.0,64.9,-107615248.0,65.3,-0.0,65.0,1,49,50,180,52429,52429,0,0,0.0,0.0,0.0,60.0,0.0,71.0,0.0,-0.0,0.0,1069,0,1069,0,0,0,1069,0,1080,0,999,0,653,0,654,0,649,0,677,0.032,1.4462247353788288e+22,2.004,2.73023467606737e+23,64912,16813,0.0,-0.0,228976033792.0,105345.867,490176380928.0,-4.195,50.0,60.0,35,0.0,0.0,10.0,2.0,0.0,0.0,0.0,0.0,0.0,0.0,0.0,0.0,0.0,0.0,0.0,0.0,58.8,50,14,65513,27,65476,0,65476,1,0,4,20529,65476,0,0,30147,60.0,0.0,10.0,10.0,2.0,0.0
2026-02-16T12:29:11,ERR,ERR,ERR,ERR,ERR,ERR,ERR,ERR,ERR,ERR,ERR,ERR,ERR,ERR,ERR,ERR,ERR,ERR,ERR,ERR,ERR,ERR,ERR,ERR,ERR,ERR,ERR,ERR,ERR,ERR,ERR,ERR,ERR,ERR,ERR,ERR,ERR,ERR,ERR,ERR,ERR,ERR,ERR,ERR,ERR,ERR,ERR,ERR,ERR,ERR,ERR,ERR,ERR,ERR,ERR,ERR,ERR,ERR,ERR,ERR,ERR,ERR,ERR,ERR,ERR,ERR,ERR,ERR,ERR,ERR,ERR,ERR,ERR,ERR,ERR,ERR,ERR,ERR,ERR,ERR,ERR,ERR,ERR,ERR,ERR,ERR,ERR,ERR,ERR,ERR,ERR,ERR,ERR,ERR,ERR,ERR,ERR,ERR,ERR,ERR,ERR,ERR,ERR,ERR,ERR,ERR,ERR,ERR,ERR,ERR,ERR,ERR,ERR,ERR,ERR,ERR,ERR,ERR,ERR,ERR,ERR,ERR,ERR,ERR,ERR,0.0,-0.0,2.7420187948523476e+23,0.0,-0.0,-0.0,-0.0,2.043557237196566e+20,4300,0,8,17169,4300,0.0,41,0.0,0.0,0.0,0.0,2.7184166902131945e+23,0,0,0,0,0.0,0,0,0,0,0,0,0,0,0,0,0,0,0,0,0,0,0,0,0,0,0,0,0,0,0,0,0,0,0,0,0,0,0,12,35,34,46,65476,376,65476,1,0,4,21553,0.0,-0.0,0.0,0.0,0.0,0.0,0.0,0.0,0.0,0.0,0.0,0.0,0.0,0.0,0.0,0.0,0.0,0.0,0.0,0.0,0.0,2.004,2.004,-2.004,-3.697074423243316e+19,-0.0,0.0,0.0,0.0,0.0,6501.0,-0.0,0.0,0.0,-0.0,0.0,107616264.0,0.0,0.0,2.004,2.004,226,0.0,126841012224.0,0.0,0.0,0.0,0.0,0.0,0.0,0.0,0,0,0,-1.7038965105938654e+35,0.0,-0.0,0.0,-0.0,-3.8570728689956674e+28,1.4719467825269834e+19,0.0,-0.0,-1.084522748468963e+27,-1.143,3887358803968.0,0.0,0.0,0.0,268953472.0,0,1.3516416376850534e+27,228,0.0,456,0.0,-1.4035696821479504e+35,2112,0,17110,0,17112,0,17096,0,0,0,101,100,100,-107615240.0,64.9,-107615248.0,65.3,-0.0,65.0,1,49,50,180,52429,52429,0,0,0.0,0.0,0.0,60.0,0.0,71.0,0.0,-0.0,0.0,1069,0,1069,0,0,0,1069,0,1080,0,999,0,653,0,654,0,649,0,677,0.032,1.4462247353788288e+22,2.004,2.73023467606737e+23,64912,16813,0.0,-0.0,228976033792.0,105345.867,490176380928.0,-4.195,50.0,60.0,35,0.0,0.0,10.0,2.0,0.0,0.0,0.0,0.0,0.0,0.0,0.0,0.0,0.0,0.0,0.0,0.0,58.8,49,15,65514,27,65476,0,65476,1,0,4,20529,65476,0,0,30147,60.0,0.0,10.0,10.0,2.0,0.0
2026-02-16T12:29:12,ERR,ERR,ERR,ERR,ERR,ERR,ERR,ERR,ERR,ERR,ERR,ERR,ERR,ERR,ERR,ERR,ERR,ERR,ERR,ERR,ERR,ERR,ERR,ERR,ERR,ERR,ERR,ERR,ERR,ERR,ERR,ERR,ERR,ERR,ERR,ERR,ERR,ERR,ERR,ERR,ERR,ERR,ERR,ERR,ERR,ERR,ERR,ERR,ERR,ERR,ERR,ERR,ERR,ERR,ERR,ERR,ERR,ERR,ERR,ERR,ERR,ERR,ERR,ERR,ERR,ERR,ERR,ERR,ERR,ERR,ERR,ERR,ERR,ERR,ERR,ERR,ERR,ERR,ERR,ERR,ERR,ERR,ERR,ERR,ERR,ERR,ERR,ERR,ERR,ERR,ERR,ERR,ERR,ERR,ERR,ERR,ERR,ERR,ERR,ERR,ERR,ERR,ERR,ERR,ERR,ERR,ERR,ERR,ERR,ERR,ERR,ERR,ERR,ERR,ERR,ERR,ERR,ERR,ERR,ERR,ERR,ERR,ERR,ERR,ERR,0.0,-0.0,2.7420187948523476e+23,0.0,-0.0,-0.0,-0.0,2.043557237196566e+20,4300,0,8,17169,4300,0.0,41,0.0,0.0,0.0,0.0,2.7184166902131945e+23,0,0,0,0,0.0,0,0,0,0,0,0,0,0,0,0,0,0,0,0,0,0,0,0,0,0,0,0,0,0,0,0,0,0,0,0,0,0,0,12,35,34,46,65476,376,65476,1,0,4,21553,0.0,-0.0,0.0,0.0,0.0,0.0,0.0,0.0,0.0,0.0,0.0,0.0,0.0,0.0,0.0,0.0,0.0,0.0,0.0,0.0,0.0,2.004,2.004,-2.004,-3.697074423243316e+19,-0.0,0.0,0.0,0.0,0.0,6501.0,-0.0,0.0,0.0,-0.0,0.0,107616264.0,0.0,0.0,2.004,2.004,226,0.0,126841012224.0,0.0,0.0,0.0,0.0,0.0,0.0,0.0,0,0,0,-1.7038965105938654e+35,0.0,-0.0,0.0,-0.0,-3.8570728689956674e+28,1.4719467825269834e+19,0.0,-0.0,-1.084522748468963e+27,-1.143,3887358803968.0,0.0,0.0,0.0,268953472.0,0,1.3516416376850534e+27,228,0.0,456,0.0,-1.4035696821479504e+35,2112,0,17110,0,17112,0,17096,0,0,0,101,100,100,-107615240.0,64.9,-107615248.0,65.3,-0.0,65.0,1,49,50,180,52429,52429,0,0,0.0,0.0,0.0,60.0,0.0,71.0,0.0,-0.0,0.0,1069,0,1069,0,0,0,1069,0,1080,0,999,0,653,0,654,0,649,0,677,0.032,1.4462247353788288e+22,2.004,2.73023467606737e+23,64912,16813,0.0,-0.0,228976033792.0,105345.867,490176380928.0,-4.195,50.0,60.0,35,0.0,0.0,10.0,2.0,0.0,0.0,0.0,0.0,0.0,0.0,0.0,0.0,0.0,0.0,0.0,0.0,58.8,49,15,65514,27,65476,0,65476,1,0,4,20529,65476,0,0,30147,60.0,0.0,10.0,10.0,2.0,0.0
2026-02-16T12:29:13,ERR,ERR,ERR,ERR,ERR,ERR,ERR,ERR,ERR,ERR,ERR,ERR,ERR,ERR,ERR,ERR,ERR,ERR,ERR,ERR,ERR,ERR,ERR,ERR,ERR,ERR,ERR,ERR,ERR,ERR,ERR,ERR,ERR,ERR,ERR,ERR,ERR,ERR,ERR,ERR,ERR,ERR,ERR,ERR,ERR,ERR,ERR,ERR,ERR,ERR,ERR,ERR,ERR,ERR,ERR,ERR,ERR,ERR,ERR,ERR,ERR,ERR,ERR,ERR,ERR,ERR,ERR,ERR,ERR,ERR,ERR,ERR,ERR,ERR,ERR,ERR,ERR,ERR,ERR,ERR,ERR,ERR,ERR,ERR,ERR,ERR,ERR,ERR,ERR,ERR,ERR,ERR,ERR,ERR,ERR,ERR,ERR,ERR,ERR,ERR,ERR,ERR,ERR,ERR,ERR,ERR,ERR,ERR,ERR,ERR,ERR,ERR,ERR,ERR,ERR,ERR,ERR,ERR,ERR,ERR,ERR,ERR,ERR,ERR,ERR,0.0,-0.0,2.7420187948523476e+23,0.0,-0.0,0.0,-0.0,-1.80310893723272e+34,4300,0,8,17169,4300,0.0,41,0.0,0.0,0.0,0.0,2.7184166902131945e+23,0,0,0,0,0.0,0,0,0,0,0,0,0,0,0,0,0,0,0,0,0,0,0,0,0,0,0,0,0,0,0,0,0,0,0,0,0,0,0,12,35,34,46,65476,380,65476,1,0,4,21553,0.0,0.0,0.0,0.0,0.0,0.0,0.0,0.0,0.0,0.0,0.0,0.0,0.0,0.0,0.0,0.0,0.0,0.0,0.0,0.0,0.0,2.004,2.004,-2.004,-3.697074423243316e+19,-0.0,0.0,0.0,0.0,0.0,6502.0,-0.0,0.0,0.0,-0.0,0.0,0.0,0.0,0.0,2.004,2.004,227,0.0,0.059,0.0,0.0,0.0,0.0,0.0,0.0,0.0,0,0,0,-6.674817883123483e+18,-0.0,10437488.0,-0.0,4.594590473442896e+37,0.016,0.0,-0.0,0.0,-1.1473868910889238e+27,-1.229,4076337364992.0,0.0,0.0,0.0,1.2528852033758135e+23,0,1.3516416376850534e+27,227,0.0,456,0.0,-1.4035696821479504e+35,2112,52429,17109,0,17112,0,17096,0,0,0,101,100,100,-107615240.0,64.9,-107615248.0,65.3,-0.0,65.0,1,49,50,180,52429,52429,0,0,0.0,0.0,0.0,60.0,1771759730688.0,71.0,0.0,-0.0,0.0,1069,0,1069,0,0,0,1070,0,1080,0,1000,0,653,0,654,0,649,0,677,0.032,1.4536034330083127e+22,2.004,2.73023467606737e+23,64144,16813,119.13,-0.0,2.6770521351623702e+29,-9.684997900608348e+33,2.1626744399613433e+33,-4.679525353285222e+16,50.0,60.0,35,0.0,0.0,10.0,2.0,0.0,0.0,0.0,0.0,0.0,0.0,0.0,0.0,0.0,0.0,0.0,0.0,58.8,50,14,65514,27,65476,158,65476,1,0,4,20529,65476,0,0,30147,60.0,0.0,10.0,10.0,2.0,0.0
2026-02-16T12:29:14,ERR,ERR,ERR,ERR,ERR,ERR,ERR,ERR,ERR,ERR,ERR,ERR,ERR,ERR,ERR,ERR,ERR,ERR,ERR,ERR,ERR,ERR,ERR,ERR,ERR,ERR,ERR,ERR,ERR,ERR,ERR,ERR,ERR,ERR,ERR,ERR,ERR,ERR,ERR,ERR,ERR,ERR,ERR,ERR,ERR,ERR,ERR,ERR,ERR,ERR,ERR,ERR,ERR,ERR,ERR,ERR,ERR,ERR,ERR,ERR,ERR,ERR,ERR,ERR,ERR,ERR,ERR,ERR,ERR,ERR,ERR,ERR,ERR,ERR,ERR,ERR,ERR,ERR,ERR,ERR,ERR,ERR,ERR,ERR,ERR,ERR,ERR,ERR,ERR,ERR,ERR,ERR,ERR,ERR,ERR,ERR,ERR,ERR,ERR,ERR,ERR,ERR,ERR,ERR,ERR,ERR,ERR,ERR,ERR,ERR,ERR,ERR,ERR,ERR,ERR,ERR,ERR,ERR,ERR,ERR,ERR,ERR,ERR,ERR,ERR,0.0,-0.0,2.7420187948523476e+23,0.0,-0.0,0.0,-0.0,-1.80310893723272e+34,4300,0,8,17169,4300,0.0,41,0.0,0.0,0.0,0.0,2.7184166902131945e+23,0,0,0,0,0.0,0,0,0,0,0,0,0,0,0,0,0,0,0,0,0,0,0,0,0,0,0,0,0,0,0,0,0,0,0,0,0,0,0,12,35,34,46,65476,380,65476,1,0,4,21553,0.0,0.0,0.0,0.0,0.0,0.0,0.0,0.0,0.0,0.0,0.0,0.0,0.0,0.0,0.0,0.0,0.0,0.0,0.0,0.0,0.0,2.004,2.004,-2.004,-3.697074423243316e+19,-0.0,0.0,0.0,0.0,0.0,6502.0,-0.0,0.0,0.0,-0.0,0.0,0.0,0.0,0.0,2.004,2.004,227,0.0,0.059,0.0,0.0,0.0,0.0,0.0,0.0,0.0,0,0,0,-6.674817883123483e+18,-0.0,10437488.0,-0.0,4.594590473442896e+37,0.016,0.0,-0.0,0.0,-1.1473868910889238e+27,-1.229,4076337364992.0,0.0,0.0,0.0,1.2528852033758135e+23,0,1.3516416376850534e+27,227,0.0,456,0.0,-1.4035696821479504e+35,2112,52429,17109,0,17112,0,17096,0,0,0,101,100,100,-107615240.0,64.9,-107615248.0,65.3,-0.0,65.0,1,49,50,180,52429,52429,0,0,0.0,0.0,0.0,60.0,1771759730688.0,71.0,0.0,-0.0,0.0,1069,0,1069,0,0,0,1070,0,1080,0,1000,0,653,0,654,0,649,0,677,0.032,1.4536034330083127e+22,2.004,2.73023467606737e+23,64144,16813,119.13,-0.0,2.6770521351623702e+29,-9.684997900608348e+33,2.1626744399613433e+33,-4.679525353285222e+16,50.0,60.0,35,0.0,0.0,10.0,2.0,0.0,0.0,0.0,0.0,0.0,0.0,0.0,0.0,0.0,0.0,0.0,0.0,58.8,50,14,65513,27,65476,320,65476,1,0,4,20529,65476,0,0,30147,60.0,0.0,10.0,10.0,2.0,0.0
2026-02-16T12:29:15,ERR,ERR,ERR,ERR,ERR,ERR,ERR,ERR,ERR,ERR,ERR,ERR,ERR,ERR,ERR,ERR,ERR,ERR,ERR,ERR,ERR,ERR,ERR,ERR,ERR,ERR,ERR,ERR,ERR,ERR,ERR,ERR,ERR,ERR,ERR,ERR,ERR,ERR,ERR,ERR,ERR,ERR,ERR,ERR,ERR,ERR,ERR,ERR,ERR,ERR,ERR,ERR,ERR,ERR,ERR,ERR,ERR,ERR,ERR,ERR,ERR,ERR,ERR,ERR,ERR,ERR,ERR,ERR,ERR,ERR,ERR,ERR,ERR,ERR,ERR,ERR,ERR,ERR,ERR,ERR,ERR,ERR,ERR,ERR,ERR,ERR,ERR,ERR,ERR,ERR,ERR,ERR,ERR,ERR,ERR,ERR,ERR,ERR,ERR,ERR,ERR,ERR,ERR,ERR,ERR,ERR,ERR,ERR,ERR,ERR,ERR,ERR,ERR,ERR,ERR,ERR,ERR,ERR,ERR,ERR,ERR,ERR,ERR,ERR,ERR,0.0,-0.0,2.7420187948523476e+23,0.0,-0.0,0.0,-0.0,-1.80310893723272e+34,4300,0,8,17169,4300,0.0,41,0.0,0.0,0.0,0.0,2.7184166902131945e+23,0,0,0,0,0.0,0,0,0,0,0,0,0,0,0,0,0,0,0,0,0,0,0,0,0,0,0,0,0,0,0,0,0,0,0,0,0,0,0,12,35,34,46,65476,380,65476,1,0,4,21553,0.0,0.0,0.0,0.0,0.0,0.0,0.0,0.0,0.0,0.0,0.0,0.0,0.0,0.0,0.0,0.0,0.0,0.0,0.0,0.0,0.0,2.004,2.004,-2.004,-3.697074423243316e+19,-0.0,0.0,0.0,0.0,0.0,6502.0,-0.0,0.0,0.0,-0.0,0.0,0.0,0.0,0.0,2.004,2.004,227,0.0,0.059,0.0,0.0,0.0,0.0,0.0,0.0,0.0,0,0,0,-6.674817883123483e+18,-0.0,10437488.0,-0.0,4.594590473442896e+37,0.016,0.0,-0.0,0.0,-1.1473868910889238e+27,-1.229,4076337364992.0,0.0,0.0,0.0,1.2528852033758135e+23,0,1.3516416376850534e+27,227,0.0,456,0.0,-1.4035696821479504e+35,2112,52429,17109,0,17112,0,17096,0,0,0,101,100,100,-107615240.0,64.9,-107615248.0,65.3,-0.0,65.0,1,49,50,180,52429,52429,0,0,0.0,0.0,0.0,60.0,1771759730688.0,71.0,0.0,-0.0,0.0,1069,0,1069,0,0,0,1070,0,1080,0,1000,0,653,0,654,0,649,0,677,0.032,1.4536034330083127e+22,2.004,2.73023467606737e+23,64144,16813,119.13,-0.0,2.6770521351623702e+29,-9.684997900608348e+33,2.1626744399613433e+33,-4.679525353285222e+16,50.0,60.0,35,0.0,0.0,10.0,2.0,0.0,0.0,0.0,0.0,0.0,0.0,0.0,0.0,0.0,0.0,0.0,0.0,58.8,50,14,65513,27,65476,320,65476,1,0,4,20529,65476,0,0,30147,60.0,0.0,10.0,10.0,2.0,0.0
2026-02-16T12:29:16,ERR,ERR,ERR,ERR,ERR,ERR,ERR,ERR,ERR,ERR,ERR,ERR,ERR,ERR,ERR,ERR,ERR,ERR,ERR,ERR,ERR,ERR,ERR,ERR,ERR,ERR,ERR,ERR,ERR,ERR,ERR,ERR,ERR,ERR,ERR,ERR,ERR,ERR,ERR,ERR,ERR,ERR,ERR,ERR,ERR,ERR,ERR,ERR,ERR,ERR,ERR,ERR,ERR,ERR,ERR,ERR,ERR,ERR,ERR,ERR,ERR,ERR,ERR,ERR,ERR,ERR,ERR,ERR,ERR,ERR,ERR,ERR,ERR,ERR,ERR,ERR,ERR,ERR,ERR,ERR,ERR,ERR,ERR,ERR,ERR,ERR,ERR,ERR,ERR,ERR,ERR,ERR,ERR,ERR,ERR,ERR,ERR,ERR,ERR,ERR,ERR,ERR,ERR,ERR,ERR,ERR,ERR,ERR,ERR,ERR,ERR,ERR,ERR,ERR,ERR,ERR,ERR,ERR,ERR,ERR,ERR,ERR,ERR,ERR,ERR,0.0,-0.0,2.7420187948523476e+23,0.0,-0.0,0.0,-0.0,-1.80310893723272e+34,4300,0,8,17169,4300,0.0,41,0.0,0.0,0.0,0.0,2.7184166902131945e+23,0,0,0,0,0.0,0,0,0,0,0,0,0,0,0,0,0,0,0,0,0,0,0,0,0,0,0,0,0,0,0,0,0,0,0,0,0,0,0,12,35,34,46,65476,380,65476,1,0,4,21553,0.0,0.0,0.0,0.0,0.0,0.0,0.0,0.0,0.0,0.0,0.0,0.0,0.0,0.0,0.0,0.0,0.0,0.0,0.0,0.0,0.0,2.004,2.004,-2.004,-3.697074423243316e+19,-0.0,0.0,0.0,0.0,0.0,6502.0,-0.0,0.0,0.0,-0.0,0.0,0.0,0.0,0.0,2.004,2.004,227,0.0,0.059,0.0,0.0,0.0,0.0,0.0,0.0,0.0,0,0,0,-6.674817883123483e+18,-0.0,10437488.0,-0.0,4.594590473442896e+37,0.016,0.0,-0.0,0.0,-1.1473868910889238e+27,-1.229,4076337364992.0,0.0,0.0,0.0,1.2528852033758135e+23,0,1.3516416376850534e+27,227,0.0,456,0.0,-1.4035696821479504e+35,2112,52429,17109,0,17112,0,17096,0,0,0,101,100,100,-107615240.0,64.9,-107615248.0,65.3,-0.0,65.0,1,49,50,180,52429,52429,0,0,0.0,0.0,0.0,60.0,688311369728.0,71.0,0.0,0.0,0.0,1069,0,1069,0,0,0,1070,0,1080,0,999,0,653,0,654,0,649,0,676,0.032,1.4683608282672803e+22,2.004,2.73023467606737e+23,61712,16813,569.04,0.0,0.0,-6.241810258277171e+16,0.0,-0.0,50.0,60.0,35,0.0,0.0,10.0,2.0,0.0,0.0,0.0,0.0,0.0,0.0,0.0,0.0,0.0,0.0,0.0,0.0,58.8,50,14,65513,27,65476,398,65476,1,0,4,20529,65476,0,0,30147,60.0,0.0,10.0,10.0,2.0,0.0
2026-02-16T12:29:17,ERR,ERR,ERR,ERR,ERR,ERR,ERR,ERR,ERR,ERR,ERR,ERR,ERR,ERR,ERR,ERR,ERR,ERR,ERR,ERR,ERR,ERR,ERR,ERR,ERR,ERR,ERR,ERR,ERR,ERR,ERR,ERR,ERR,ERR,ERR,ERR,ERR,ERR,ERR,ERR,ERR,ERR,ERR,ERR,ERR,ERR,ERR,ERR,ERR,ERR,ERR,ERR,ERR,ERR,ERR,ERR,ERR,ERR,ERR,ERR,ERR,ERR,ERR,ERR,ERR,ERR,ERR,ERR,ERR,ERR,ERR,ERR,ERR,ERR,ERR,ERR,ERR,ERR,ERR,ERR,ERR,ERR,ERR,ERR,ERR,ERR,ERR,ERR,ERR,ERR,ERR,ERR,ERR,ERR,ERR,ERR,ERR,ERR,ERR,ERR,ERR,ERR,ERR,ERR,ERR,ERR,ERR,ERR,ERR,ERR,ERR,ERR,ERR,ERR,ERR,ERR,ERR,ERR,ERR,ERR,ERR,ERR,ERR,ERR,ERR,0.0,-0.0,2.7420187948523476e+23,0.0,-0.0,-0.0,3.9590579015003937e+37,4.6016818059743676e+35,4300,0,8,17169,4300,0.0,41,0.0,0.0,0.0,0.0,2.7184166902131945e+23,0,0,0,0,0.0,0,0,0,0,0,0,0,0,0,0,0,0,0,0,0,0,0,0,0,0,0,0,0,0,0,0,0,0,0,0,0,0,0,12,35,34,46,65476,382,65476,1,0,4,21553,0.0,0.0,0.0,0.0,0.0,0.0,0.0,0.0,0.0,0.0,0.0,0.0,0.0,0.0,0.0,0.0,0.0,0.0,0.0,0.0,0.0,2.004,2.004,-2.004,-2.004,-0.0,0.0,0.0,0.0,0.0,6506.0,-0.0,0.0,0.0,-0.0,0.0,0.0,0.0,0.0,2.004,2.004,226,1.9056860945658675e+17,152018253512704.0,0.0,0.0,0.0,0.0,0.0,0.0,0.0,0,0,0,-1.4044254451448795e+31,1.9,-0.0,4.96456862967775e+23,1.0850715941616936e+38,-8.567601024804822e+36,0.0,-0.0,0.0,-1.2005796271519674e+27,-1.33,4299675664384.0,0.0,0.0,0.0,-0.0,0,1.3516416376850534e+27,226,0.0,452,-74360974999552.0,4.538271724008914e+24,2112,52429,17109,0,17112,0,17096,0,0,0,101,100,100,-107615240.0,64.9,-107615248.0,65.3,-0.0,65.0,1,49,50,180,52429,52429,0,0,0.0,0.0,0.0,60.0,688311369728.0,71.0,0.0,0.0,0.0,1069,0,1069,0,0,0,1070,0,1080,0,999,0,653,0,654,0,649,0,676,0.032,1.4683608282672803e+22,2.004,2.73023467606737e+23,61712,16813,569.04,0.0,0.0,-6.241810258277171e+16,0.0,-0.0,50.0,60.0,35,0.0,0.0,10.0,2.0,0.0,0.0,0.0,0.0,0.0,0.0,0.0,0.0,0.0,0.0,0.0,0.0,58.8,50,14,65513,27,65476,398,65476,1,0,4,20529,65476,0,0,30147,60.0,0.0,10.0,10.0,2.0,0.0
2026-02-16T12:29:18,ERR,ERR,ERR,ERR,ERR,ERR,ERR,ERR,ERR,ERR,ERR,ERR,ERR,ERR,ERR,ERR,ERR,ERR,ERR,ERR,ERR,ERR,ERR,ERR,ERR,ERR,ERR,ERR,ERR,ERR,ERR,ERR,ERR,ERR,ERR,ERR,ERR,ERR,ERR,ERR,ERR,ERR,ERR,ERR,ERR,ERR,ERR,ERR,ERR,ERR,ERR,ERR,ERR,ERR,ERR,ERR,ERR,ERR,ERR,ERR,ERR,ERR,ERR,ERR,ERR,ERR,ERR,ERR,ERR,ERR,ERR,ERR,ERR,ERR,ERR,ERR,ERR,ERR,ERR,ERR,ERR,ERR,ERR,ERR,ERR,ERR,ERR,ERR,ERR,ERR,ERR,ERR,ERR,ERR,ERR,ERR,ERR,ERR,ERR,ERR,ERR,ERR,ERR,ERR,ERR,ERR,ERR,ERR,ERR,ERR,ERR,ERR,ERR,ERR,ERR,ERR,ERR,ERR,ERR,ERR,ERR,ERR,ERR,ERR,ERR,0.0,-0.0,2.7420187948523476e+23,0.0,-0.0,-0.0,3.9590579015003937e+37,4.6016818059743676e+35,4300,0,8,17169,4300,0.0,41,0.0,0.0,0.0,0.0,2.7184166902131945e+23,0,0,0,0,0.0,0,0,0,0,0,0,0,0,0,0,0,0,0,0,0,0,0,0,0,0,0,0,0,0,0,0,0,0,0,0,0,0,0,12,35,34,46,65476,382,65476,1,0,4,21553,0.0,0.0,0.0,0.0,0.0,0.0,0.0,0.0,0.0,0.0,0.0,0.0,0.0,0.0,0.0,0.0,0.0,0.0,0.0,0.0,0.0,2.004,2.004,-2.004,-2.004,-0.0,0.0,0.0,0.0,0.0,6506.0,-0.0,0.0,0.0,-0.0,0.0,0.0,0.0,0.0,2.004,2.004,226,1.9056860945658675e+17,152018253512704.0,0.0,0.0,0.0,0.0,0.0,0.0,0.0,0,0,0,-1.4044254451448795e+31,1.9,-0.0,4.96456862967775e+23,1.0850715941616936e+38,-8.567601024804822e+36,0.0,-0.0,0.0,-1.2005796271519674e+27,-1.33,4299675664384.0,0.0,0.0,0.0,-0.0,0,1.3516416376850534e+27,226,0.0,452,-74360974999552.0,4.538271724008914e+24,2112,52429,17109,0,17112,0,17096,0,0,0,101,100,100,-107615240.0,64.9,-107615248.0,65.3,-0.0,65.0,1,49,50,180,52429,52429,0,0,0.0,0.0,0.0,60.0,688311369728.0,71.0,0.0,0.0,0.0,1069,0,1069,0,0,0,1070,0,1080,0,999,0,653,0,654,0,649,0,676,0.032,1.4683608282672803e+22,2.004,2.73023467606737e+23,61712,16813,569.04,0.0,0.0,-6.241810258277171e+16,0.0,-0.0,50.0,60.0,35,0.0,0.0,10.0,2.0,0.0,0.0,0.0,0.0,0.0,0.0,0.0,0.0,0.0,0.0,0.0,0.0,58.8,49,15,65514,27,65476,557,65476,1,0,4,20529,65476,0,0,30147,60.0,0.0,10.0,10.0,2.0,0.0
2026-02-16T12:29:19,ERR,ERR,ERR,ERR,ERR,ERR,ERR,ERR,ERR,ERR,ERR,ERR,ERR,ERR,ERR,ERR,ERR,ERR,ERR,ERR,ERR,ERR,ERR,ERR,ERR,ERR,ERR,ERR,ERR,ERR,ERR,ERR,ERR,ERR,ERR,ERR,ERR,ERR,ERR,ERR,ERR,ERR,ERR,ERR,ERR,ERR,ERR,ERR,ERR,ERR,ERR,ERR,ERR,ERR,ERR,ERR,ERR,ERR,ERR,ERR,ERR,ERR,ERR,ERR,ERR,ERR,ERR,ERR,ERR,ERR,ERR,ERR,ERR,ERR,ERR,ERR,ERR,ERR,ERR,ERR,ERR,ERR,ERR,ERR,ERR,ERR,ERR,ERR,ERR,ERR,ERR,ERR,ERR,ERR,ERR,ERR,ERR,ERR,ERR,ERR,ERR,ERR,ERR,ERR,ERR,ERR,ERR,ERR,ERR,ERR,ERR,ERR,ERR,ERR,ERR,ERR,ERR,ERR,ERR,ERR,ERR,ERR,ERR,ERR,ERR,0.0,-0.0,2.7420187948523476e+23,0.0,-0.0,-0.0,3.9590579015003937e+37,4.6016818059743676e+35,4300,0,8,17169,4300,0.0,41,0.0,0.0,0.0,0.0,2.7184166902131945e+23,0,0,0,0,0.0,0,0,0,0,0,0,0,0,0,0,0,0,0,0,0,0,0,0,0,0,0,0,0,0,0,0,0,0,0,0,0,0,0,12,35,34,46,65476,382,65476,1,0,4,21553,0.0,0.0,0.0,0.0,0.0,0.0,0.0,0.0,0.0,0.0,0.0,0.0,0.0,0.0,0.0,0.0,0.0,0.0,0.0,0.0,0.0,2.004,2.004,-2.004,-2.004,-0.0,0.0,0.0,0.0,0.0,6506.0,-0.0,0.0,0.0,-0.0,0.0,0.0,0.0,0.0,2.004,2.004,226,1.9056860945658675e+17,152018253512704.0,0.0,0.0,0.0,0.0,0.0,0.0,0.0,0,0,0,-1.4044254451448795e+31,1.9,-0.0,4.96456862967775e+23,1.0850715941616936e+38,-8.567601024804822e+36,0.0,-0.0,0.0,-1.2005796271519674e+27,-1.33,4299675664384.0,0.0,0.0,0.0,-0.0,0,1.3516416376850534e+27,226,0.0,452,-74360974999552.0,4.538271724008914e+24,2112,0,17110,0,17112,0,17096,0,0,0,101,100,100,-107615240.0,64.9,-107615248.0,65.3,-0.0,65.0,1,49,50,180,52429,52429,0,0,0.0,0.0,0.0,60.0,12097042432.0,71.0,0.0,0.0,0.0,1069,0,1069,0,0,0,1070,0,1080,0,1000,0,653,0,654,0,649,0,676,0.032,1.4536034330083127e+22,2.004,2.73023467606737e+23,9232,16814,12097042432.0,0.0,-2.2540499277967216e+31,-0.0,0.0,12861450.0,50.0,60.0,35,0.0,0.0,10.0,2.0,0.0,0.0,0.0,0.0,0.0,0.0,0.0,0.0,0.0,0.0,0.0,0.0,58.8,47,16,65516,27,65476,718,65476,1,0,8,20529,65476,0,0,30147,60.0,0.0,10.0,10.0,2.0,0.0
2026-02-16T12:29:20,ERR,ERR,ERR,ERR,ERR,ERR,ERR,ERR,ERR,ERR,ERR,ERR,ERR,ERR,ERR,ERR,ERR,ERR,ERR,ERR,ERR,ERR,ERR,ERR,ERR,ERR,ERR,ERR,ERR,ERR,ERR,ERR,ERR,ERR,ERR,ERR,ERR,ERR,ERR,ERR,ERR,ERR,ERR,ERR,ERR,ERR,ERR,ERR,ERR,ERR,ERR,ERR,ERR,ERR,ERR,ERR,ERR,ERR,ERR,ERR,ERR,ERR,ERR,ERR,ERR,ERR,ERR,ERR,ERR,ERR,ERR,ERR,ERR,ERR,ERR,ERR,ERR,ERR,ERR,ERR,ERR,ERR,ERR,ERR,ERR,ERR,ERR,ERR,ERR,ERR,ERR,ERR,ERR,ERR,ERR,ERR,ERR,ERR,ERR,ERR,ERR,ERR,ERR,ERR,ERR,ERR,ERR,ERR,ERR,ERR,ERR,ERR,ERR,ERR,ERR,ERR,ERR,ERR,ERR,ERR,ERR,ERR,ERR,ERR,ERR,0.0,-0.0,2.7420187948523476e+23,0.0,-0.0,-0.0,3.9590579015003937e+37,4.6016818059743676e+35,4300,0,8,17169,4300,0.0,41,0.0,0.0,0.0,0.0,2.7184166902131945e+23,0,0,0,0,0.0,0,0,0,0,0,0,0,0,0,0,0,0,0,0,0,0,0,0,0,0,0,0,0,0,0,0,0,0,0,0,0,0,0,12,35,34,46,65476,382,65476,1,0,4,21553,0.0,0.0,0.0,0.0,0.0,0.0,0.0,0.0,0.0,0.0,0.0,0.0,0.0,0.0,0.0,0.0,0.0,0.0,0.0,0.0,0.0,2.004,2.004,-2.004,-2.004,-0.0,0.0,0.0,0.0,0.0,6506.0,-0.0,0.0,0.0,-0.0,0.0,0.0,0.0,0.0,2.004,2.004,226,1.9056860945658675e+17,152018253512704.0,0.0,0.0,0.0,0.0,0.0,0.0,0.0,0,0,0,-1.4044254451448795e+31,1.9,-0.0,4.96456862967775e+23,1.0850715941616936e+38,-8.567601024804822e+36,0.0,-0.0,0.0,-1.2005796271519674e+27,-1.33,4299675664384.0,0.0,0.0,0.0,-0.0,0,1.3516416376850534e+27,226,0.0,452,-74360974999552.0,4.538271724008914e+24,2112,0,17110,0,17112,0,17096,0,0,0,101,100,100,-107615240.0,64.9,-107615248.0,65.3,-0.0,65.0,1,49,50,180,52429,52429,0,0,0.0,0.0,0.0,60.0,12097042432.0,71.0,0.0,0.0,0.0,1069,0,1069,0,0,0,1070,0,1080,0,1000,0,653,0,654,0,649,0,676,0.032,1.4536034330083127e+22,2.004,2.73023467606737e+23,9232,16814,12097042432.0,0.0,-2.2540499277967216e+31,-0.0,0.0,12861450.0,50.0,60.0,35,0.0,0.0,10.0,2.0,0.0,0.0,0.0,0.0,0.0,0.0,0.0,0.0,0.0,0.0,0.0,0.0,58.8,47,16,65516,27,65476,718,65476,1,0,8,20529,65476,0,0,30147,60.0,0.0,10.0,10.0,2.0,0.0
2026-02-16T12:29:21,ERR,ERR,ERR,ERR,ERR,ERR,ERR,ERR,ERR,ERR,ERR,ERR,ERR,ERR,ERR,ERR,ERR,ERR,ERR,ERR,ERR,ERR,ERR,ERR,ERR,ERR,ERR,ERR,ERR,ERR,ERR,ERR,ERR,ERR,ERR,ERR,ERR,ERR,ERR,ERR,ERR,ERR,ERR,ERR,ERR,ERR,ERR,ERR,ERR,ERR,ERR,ERR,ERR,ERR,ERR,ERR,ERR,ERR,ERR,ERR,ERR,ERR,ERR,ERR,ERR,ERR,ERR,ERR,ERR,ERR,ERR,ERR,ERR,ERR,ERR,ERR,ERR,ERR,ERR,ERR,ERR,ERR,ERR,ERR,ERR,ERR,ERR,ERR,ERR,ERR,ERR,ERR,ERR,ERR,ERR,ERR,ERR,ERR,ERR,ERR,ERR,ERR,ERR,ERR,ERR,ERR,ERR,ERR,ERR,ERR,ERR,ERR,ERR,ERR,ERR,ERR,ERR,ERR,ERR,ERR,ERR,ERR,ERR,ERR,ERR,0.0,-0.0,2.7420187948523476e+23,0.0,-0.0,-0.0,3.9590579015003937e+37,4.6016818059743676e+35,4300,0,8,17169,4300,0.0,41,0.0,0.0,0.0,0.0,2.7184166902131945e+23,0,0,0,0,0.0,0,0,0,0,0,0,0,0,0,0,0,0,0,0,0,0,0,0,0,0,0,0,0,0,0,0,0,0,0,0,0,0,0,12,35,34,46,65476,382,65476,1,0,4,21553,0.0,0.0,0.0,0.0,0.0,0.0,0.0,0.0,0.0,0.0,0.0,0.0,0.0,0.0,0.0,0.0,0.0,0.0,0.0,0.0,0.0,2.004,2.004,-2.004,-2.004,-0.0,0.0,0.0,0.0,0.0,6506.0,-0.0,0.0,0.0,-0.0,0.0,0.0,0.0,0.0,2.004,2.004,226,1.9056860945658675e+17,152018253512704.0,0.0,0.0,0.0,0.0,0.0,0.0,0.0,0,0,0,-1.4044254451448795e+31,1.9,-0.0,4.96456862967775e+23,1.0850715941616936e+38,-8.567601024804822e+36,0.0,-0.0,0.0,-1.2005796271519674e+27,-1.33,4299675664384.0,0.0,0.0,0.0,-0.0,0,1.3516416376850534e+27,226,0.0,452,-74360974999552.0,4.538271724008914e+24,2112,0,17110,0,17112,0,17096,0,0,0,101,100,100,-107615240.0,64.9,-107615248.0,65.3,-0.0,65.0,1,49,50,180,52429,52429,0,0,0.0,0.0,0.0,60.0,12097042432.0,71.0,0.0,0.0,0.0,1069,0,1069,0,0,0,1070,0,1080,0,1000,0,653,0,654,0,649,0,676,0.032,1.4536034330083127e+22,2.004,2.73023467606737e+23,9232,16814,12097042432.0,0.0,-2.2540499277967216e+31,-0.0,0.0,12861450.0,50.0,60.0,35,0.0,0.0,10.0,2.0,0.0,0.0,0.0,0.0,0.0,0.0,0.0,0.0,0.0,0.0,0.0,0.0,58.8,45,18,65518,27,65476,797,300,0,0,8,20529,65476,0,0,30147,60.0,0.0,10.0,10.0,2.0,0.0
2026-02-16T12:29:22,ERR,ERR,ERR,ERR,ERR,ERR,ERR,ERR,ERR,ERR,ERR,ERR,ERR,ERR,ERR,ERR,ERR,ERR,ERR,ERR,ERR,ERR,ERR,ERR,ERR,ERR,ERR,ERR,ERR,ERR,ERR,ERR,ERR,ERR,ERR,ERR,ERR,ERR,ERR,ERR,ERR,ERR,ERR,ERR,ERR,ERR,ERR,ERR,ERR,ERR,ERR,ERR,ERR,ERR,ERR,ERR,ERR,ERR,ERR,ERR,ERR,ERR,ERR,ERR,ERR,ERR,ERR,ERR,ERR,ERR,ERR,ERR,ERR,ERR,ERR,ERR,ERR,ERR,ERR,ERR,ERR,ERR,ERR,ERR,ERR,ERR,ERR,ERR,ERR,ERR,ERR,ERR,ERR,ERR,ERR,ERR,ERR,ERR,ERR,ERR,ERR,ERR,ERR,ERR,ERR,ERR,ERR,ERR,ERR,ERR,ERR,ERR,ERR,ERR,ERR,ERR,ERR,ERR,ERR,ERR,ERR,ERR,ERR,ERR,ERR,0.0,-0.0,0.0,0.0,0.0,1.0034321235967476e+19,-6.087660446049894e+16,0.0,4300,0,8,17169,4300,0.0,41,0.0,0.0,0.0,0.0,2.7184166902131945e+23,0,0,0,0,0.0,0,0,0,0,0,0,0,0,0,0,0,0,0,0,0,0,0,0,0,0,0,0,0,0,0,0,0,0,0,0,0,0,0,12,35,35,47,65476,385,65476,1,0,4,21553,0.0,0.0,0.0,0.0,0.0,0.0,0.0,0.0,0.0,0.0,0.0,0.0,0.0,0.0,0.0,0.0,0.0,0.0,0.0,0.0,0.0,2.004,2.004,-2.004,-2.004,-2.004,0.0,0.0,0.0,0.0,6497.0,1.587938231163264e+29,0.0,0.0,-0.0,0.0,2.7184507374263774e+23,0.0,0.0,2.004,2.004,225,-4.9504015179484054e+32,0.0,0.0,0.0,0.0,0.0,0.0,0.0,0.0,0,0,0,-1087758073856.0,-0.0,2.1078781396558807e+19,757020884992.0,1.3193214663283884e+26,-0.0,5.396545213987847e+21,-46733320.0,3.326741842587896e+20,-1.288947500258476e+27,-1.424,4579261939712.0,0.0,0.0,0.0,-0.0,0,1.3516416376850534e+27,225,0.0,450,0.0,-0.0,2112,0,17110,0,17112,0,17096,0,0,0,101,100,100,-107615240.0,64.9,-107615248.0,65.3,-0.0,65.0,1,49,50,180,52429,52429,0,0,0.0,0.0,0.0,60.0,12097042432.0,71.0,0.0,0.0,0.0,1069,0,1069,0,0,0,1070,0,1080,0,1000,0,653,0,654,0,649,0,676,0.032,1.4536034330083127e+22,2.004,2.73023467606737e+23,9232,16814,12097042432.0,0.0,-2.2540499277967216e+31,-0.0,0.0,12861450.0,50.0,60.0,35,0.0,0.0,10.0,2.0,0.0,0.0,0.0,0.0,0.0,0.0,0.0,0.0,0.0,0.0,0.0,0.0,58.8,45,18,65518,27,65476,797,300,0,0,8,20529,65476,0,0,30147,60.0,0.0,10.0,10.0,2.0,0.0
2026-02-16T12:29:23,ERR,ERR,ERR,ERR,ERR,ERR,ERR,ERR,ERR,ERR,ERR,ERR,ERR,ERR,ERR,ERR,ERR,ERR,ERR,ERR,ERR,ERR,ERR,ERR,ERR,ERR,ERR,ERR,ERR,ERR,ERR,ERR,ERR,ERR,ERR,ERR,ERR,ERR,ERR,ERR,ERR,ERR,ERR,ERR,ERR,ERR,ERR,ERR,ERR,ERR,ERR,ERR,ERR,ERR,ERR,ERR,ERR,ERR,ERR,ERR,ERR,ERR,ERR,ERR,ERR,ERR,ERR,ERR,ERR,ERR,ERR,ERR,ERR,ERR,ERR,ERR,ERR,ERR,ERR,ERR,ERR,ERR,ERR,ERR,ERR,ERR,ERR,ERR,ERR,ERR,ERR,ERR,ERR,ERR,ERR,ERR,ERR,ERR,ERR,ERR,ERR,ERR,ERR,ERR,ERR,ERR,ERR,ERR,ERR,ERR,ERR,ERR,ERR,ERR,ERR,ERR,ERR,ERR,ERR,ERR,ERR,ERR,ERR,ERR,ERR,0.0,-0.0,0.0,0.0,0.0,1.0034321235967476e+19,-6.087660446049894e+16,0.0,4300,0,8,17169,4300,0.0,41,0.0,0.0,0.0,0.0,2.7184166902131945e+23,0,0,0,0,0.0,0,0,0,0,0,0,0,0,0,0,0,0,0,0,0,0,0,0,0,0,0,0,0,0,0,0,0,0,0,0,0,0,0,12,35,35,47,65476,385,65476,1,0,4,21553,0.0,0.0,0.0,0.0,0.0,0.0,0.0,0.0,0.0,0.0,0.0,0.0,0.0,0.0,0.0,0.0,0.0,0.0,0.0,0.0,0.0,2.004,2.004,-2.004,-2.004,-2.004,0.0,0.0,0.0,0.0,6497.0,1.587938231163264e+29,0.0,0.0,-0.0,0.0,2.7184507374263774e+23,0.0,0.0,2.004,2.004,225,-4.9504015179484054e+32,0.0,0.0,0.0,0.0,0.0,0.0,0.0,0.0,0,0,0,-1087758073856.0,-0.0,2.1078781396558807e+19,757020884992.0,1.3193214663283884e+26,-0.0,5.396545213987847e+21,-46733320.0,3.326741842587896e+20,-1.288947500258476e+27,-1.424,4579261939712.0,0.0,0.0,0.0,-0.0,0,1.3516416376850534e+27,225,0.0,450,0.0,-0.0,2112,52429,17109,0,17112,0,17096,0,0,0,101,100,100,-107615240.0,64.9,-107615248.0,65.3,-0.0,65.0,1,49,50,180,52429,52429,0,0,0.0,0.0,0.0,60.0,3.915505514279621e+21,71.0,0.0,31.282,0.0,1069,0,1069,0,0,0,1070,0,1080,0,1000,0,653,0,654,0,649,0,677,0.032,1.4609821306377965e+22,2.004,2.73023467606737e+23,7952,16814,30099664896.0,-0.0,-0.0,2.106,-1239090.5,0.0,50.0,60.0,35,0.0,0.0,10.0,2.0,0.0,0.0,0.0,0.0,0.0,0.0,0.0,0.0,0.0,0.0,0.0,0.0,58.8,40,21,65523,27,65476,636,300,0,0,8,20529,65476,0,0,30147,60.0,0.0,10.0,10.0,2.0,0.0
2026-02-16T12:29:24,ERR,ERR,ERR,ERR,ERR,ERR,ERR,ERR,ERR,ERR,ERR,ERR,ERR,ERR,ERR,ERR,ERR,ERR,ERR,ERR,ERR,ERR,ERR,ERR,ERR,ERR,ERR,ERR,ERR,ERR,ERR,ERR,ERR,ERR,ERR,ERR,ERR,ERR,ERR,ERR,ERR,ERR,ERR,ERR,ERR,ERR,ERR,ERR,ERR,ERR,ERR,ERR,ERR,ERR,ERR,ERR,ERR,ERR,ERR,ERR,ERR,ERR,ERR,ERR,ERR,ERR,ERR,ERR,ERR,ERR,ERR,ERR,ERR,ERR,ERR,ERR,ERR,ERR,ERR,ERR,ERR,ERR,ERR,ERR,ERR,ERR,ERR,ERR,ERR,ERR,ERR,ERR,ERR,ERR,ERR,ERR,ERR,ERR,ERR,ERR,ERR,ERR,ERR,ERR,ERR,ERR,ERR,ERR,ERR,ERR,ERR,ERR,ERR,ERR,ERR,ERR,ERR,ERR,ERR,ERR,ERR,ERR,ERR,ERR,ERR,0.0,-0.0,0.0,0.0,0.0,1.0034321235967476e+19,-6.087660446049894e+16,0.0,4300,0,8,17169,4300,0.0,41,0.0,0.0,0.0,0.0,2.7184166902131945e+23,0,0,0,0,0.0,0,0,0,0,0,0,0,0,0,0,0,0,0,0,0,0,0,0,0,0,0,0,0,0,0,0,0,0,0,0,0,0,0,12,35,35,47,65476,385,65476,1,0,4,21553,0.0,0.0,0.0,0.0,0.0,0.0,0.0,0.0,0.0,0.0,0.0,0.0,0.0,0.0,0.0,0.0,0.0,0.0,0.0,0.0,0.0,2.004,2.004,-2.004,-2.004,-2.004,0.0,0.0,0.0,0.0,6497.0,1.587938231163264e+29,0.0,0.0,-0.0,0.0,2.7184507374263774e+23,0.0,0.0,2.004,2.004,225,-4.9504015179484054e+32,0.0,0.0,0.0,0.0,0.0,0.0,0.0,0.0,0,0,0,-1087758073856.0,-0.0,2.1078781396558807e+19,757020884992.0,1.3193214663283884e+26,-0.0,5.396545213987847e+21,-46733320.0,3.326741842587896e+20,-1.288947500258476e+27,-1.424,4579261939712.0,0.0,0.0,0.0,-0.0,0,1.3516416376850534e+27,225,0.0,450,0.0,-0.0,2112,52429,17109,0,17112,0,17096,0,0,0,101,100,100,-107615240.0,64.9,-107615248.0,65.3,-0.0,65.0,1,49,50,180,52429,52429,0,0,0.0,0.0,0.0,60.0,3.915505514279621e+21,71.0,0.0,31.282,0.0,1069,0,1069,0,0,0,1070,0,1080,0,1000,0,653,0,654,0,649,0,677,0.032,1.4609821306377965e+22,2.004,2.73023467606737e+23,7952,16814,30099664896.0,-0.0,-0.0,2.106,-1239090.5,0.0,50.0,60.0,35,0.0,0.0,10.0,2.0,0.0,0.0,0.0,0.0,0.0,0.0,0.0,0.0,0.0,0.0,0.0,0.0,58.8,40,22,65524,27,65476,555,300,0,0,8,20529,65476,0,0,30147,60.0,0.0,10.0,10.0,2.0,0.0
2026-02-16T12:29:25,ERR,ERR,ERR,ERR,ERR,ERR,ERR,ERR,ERR,ERR,ERR,ERR,ERR,ERR,ERR,ERR,ERR,ERR,ERR,ERR,ERR,ERR,ERR,ERR,ERR,ERR,ERR,ERR,ERR,ERR,ERR,ERR,ERR,ERR,ERR,ERR,ERR,ERR,ERR,ERR,ERR,ERR,ERR,ERR,ERR,ERR,ERR,ERR,ERR,ERR,ERR,ERR,ERR,ERR,ERR,ERR,ERR,ERR,ERR,ERR,ERR,ERR,ERR,ERR,ERR,ERR,ERR,ERR,ERR,ERR,ERR,ERR,ERR,ERR,ERR,ERR,ERR,ERR,ERR,ERR,ERR,ERR,ERR,ERR,ERR,ERR,ERR,ERR,ERR,ERR,ERR,ERR,ERR,ERR,ERR,ERR,ERR,ERR,ERR,ERR,ERR,ERR,ERR,ERR,ERR,ERR,ERR,ERR,ERR,ERR,ERR,ERR,ERR,ERR,ERR,ERR,ERR,ERR,ERR,ERR,ERR,ERR,ERR,ERR,ERR,0.0,-0.0,0.0,0.0,0.0,1.0034321235967476e+19,-6.087660446049894e+16,0.0,4300,0,8,17169,4300,0.0,41,0.0,0.0,0.0,0.0,2.7184166902131945e+23,0,0,0,0,0.0,0,0,0,0,0,0,0,0,0,0,0,0,0,0,0,0,0,0,0,0,0,0,0,0,0,0,0,0,0,0,0,0,0,12,35,35,47,65476,385,65476,1,0,4,21553,0.0,0.0,0.0,0.0,0.0,0.0,0.0,0.0,0.0,0.0,0.0,0.0,0.0,0.0,0.0,0.0,0.0,0.0,0.0,0.0,0.0,2.004,2.004,-2.004,-2.004,-2.004,0.0,0.0,0.0,0.0,6497.0,1.587938231163264e+29,0.0,0.0,-0.0,0.0,2.7184507374263774e+23,0.0,0.0,2.004,2.004,225,-4.9504015179484054e+32,0.0,0.0,0.0,0.0,0.0,0.0,0.0,0.0,0,0,0,-1087758073856.0,-0.0,2.1078781396558807e+19,757020884992.0,1.3193214663283884e+26,-0.0,5.396545213987847e+21,-46733320.0,3.326741842587896e+20,-1.288947500258476e+27,-1.424,4579261939712.0,0.0,0.0,0.0,-0.0,0,1.3516416376850534e+27,225,0.0,450,0.0,-0.0,2112,52429,17109,0,17112,0,17096,0,0,0,101,100,100,-107615240.0,64.9,-107615248.0,65.3,-0.0,65.0,1,49,50,180,52429,52429,0,0,0.0,0.0,0.0,60.0,3.915505514279621e+21,71.0,0.0,31.282,0.0,1069,0,1069,0,0,0,1070,0,1080,0,1000,0,653,0,654,0,649,0,677,0.032,1.4609821306377965e+22,2.004,2.73023467606737e+23,7952,16814,30099664896.0,-0.0,-0.0,2.106,-1239090.5,0.0,50.0,60.0,35,0.0,0.0,10.0,2.0,0.0,0.0,0.0,0.0,0.0,0.0,0.0,0.0,0.0,0.0,0.0,0.0,58.8,40,22,65524,27,65476,555,300,0,0,8,20529,65476,0,0,30147,60.0,0.0,10.0,10.0,2.0,0.0
2026-02-16T12:29:26,ERR,ERR,ERR,ERR,ERR,ERR,ERR,ERR,ERR,ERR,ERR,ERR,ERR,ERR,ERR,ERR,ERR,ERR,ERR,ERR,ERR,ERR,ERR,ERR,ERR,ERR,ERR,ERR,ERR,ERR,ERR,ERR,ERR,ERR,ERR,ERR,ERR,ERR,ERR,ERR,ERR,ERR,ERR,ERR,ERR,ERR,ERR,ERR,ERR,ERR,ERR,ERR,ERR,ERR,ERR,ERR,ERR,ERR,ERR,ERR,ERR,ERR,ERR,ERR,ERR,ERR,ERR,ERR,ERR,ERR,ERR,ERR,ERR,ERR,ERR,ERR,ERR,ERR,ERR,ERR,ERR,ERR,ERR,ERR,ERR,ERR,ERR,ERR,ERR,ERR,ERR,ERR,ERR,ERR,ERR,ERR,ERR,ERR,ERR,ERR,ERR,ERR,ERR,ERR,ERR,ERR,ERR,ERR,ERR,ERR,ERR,ERR,ERR,ERR,ERR,ERR,ERR,ERR,ERR,ERR,ERR,ERR,ERR,ERR,ERR,0.0,-0.0,0.0,0.0,0.0,1.0034321235967476e+19,-6.087660446049894e+16,0.0,4300,0,8,17169,4300,0.0,41,0.0,0.0,0.0,0.0,2.7184166902131945e+23,0,0,0,0,0.0,0,0,0,0,0,0,0,0,0,0,0,0,0,0,0,0,0,0,0,0,0,0,0,0,0,0,0,0,0,0,0,0,0,12,35,35,47,65476,385,65476,1,0,4,21553,0.0,0.0,0.0,0.0,0.0,0.0,0.0,0.0,0.0,0.0,0.0,0.0,0.0,0.0,0.0,0.0,0.0,0.0,0.0,0.0,0.0,2.004,2.004,-2.004,-2.004,-2.004,0.0,0.0,0.0,0.0,6497.0,1.587938231163264e+29,0.0,0.0,-0.0,0.0,2.7184507374263774e+23,0.0,0.0,2.004,2.004,225,-4.9504015179484054e+32,0.0,0.0,0.0,0.0,0.0,0.0,0.0,0.0,0,0,0,-1087758073856.0,-0.0,2.1078781396558807e+19,757020884992.0,1.3193214663283884e+26,-0.0,5.396545213987847e+21,-46733320.0,3.326741842587896e+20,-1.288947500258476e+27,-1.424,4579261939712.0,0.0,0.0,0.0,-0.0,0,1.3516416376850534e+27,225,0.0,450,0.0,-0.0,2112,0,17110,0,17112,0,17096,0,0,0,101,100,100,-107615240.0,64.9,-107615248.0,65.3,-0.0,65.0,1,49,50,180,52429,0,0,0,0.0,0.0,0.0,60.0,4.4332132910067876e+20,71.0,0.0,-0.0,0.0,1069,0,1069,0,0,0,1070,0,1080,0,999,0,653,0,654,0,649,0,678,0.032,1.4462247353788288e+22,2.004,2.73023467606737e+23,7568,16814,199995129856.0,-0.0,-0.0,-0.0,-0.0,0.0,50.0,60.0,35,0.0,0.0,10.0,2.0,0.0,0.0,0.0,0.0,0.0,0.0,0.0,0.0,0.0,0.0,0.0,0.0,58.8,42,20,65521,27,65476,394,300,0,0,2,20529,65476,0,0,30147,60.0,0.0,10.0,10.0,2.0,0.0
2026-02-16T12:29:27,ERR,ERR,ERR,ERR,ERR,ERR,ERR,ERR,ERR,ERR,ERR,ERR,ERR,ERR,ERR,ERR,ERR,ERR,ERR,ERR,ERR,ERR,ERR,ERR,ERR,ERR,ERR,ERR,ERR,ERR,ERR,ERR,ERR,ERR,ERR,ERR,ERR,ERR,ERR,ERR,ERR,ERR,ERR,ERR,ERR,ERR,ERR,ERR,ERR,ERR,ERR,ERR,ERR,ERR,ERR,ERR,ERR,ERR,ERR,ERR,ERR,ERR,ERR,ERR,ERR,ERR,ERR,ERR,ERR,ERR,ERR,ERR,ERR,ERR,ERR,ERR,ERR,ERR,ERR,ERR,ERR,ERR,ERR,ERR,ERR,ERR,ERR,ERR,ERR,ERR,ERR,ERR,ERR,ERR,ERR,ERR,ERR,ERR,ERR,ERR,ERR,ERR,ERR,ERR,ERR,ERR,ERR,ERR,ERR,ERR,ERR,ERR,ERR,ERR,ERR,ERR,ERR,ERR,ERR,ERR,ERR,ERR,ERR,ERR,ERR,0.0,-0.0,2.7420187948523476e+23,0.0,-0.0,-1.0275143819730788e+22,0.0,0.0,4300,0,8,17169,4300,0.0,41,0.0,0.0,0.0,0.0,2.7184166902131945e+23,0,0,0,0,0.0,0,0,0,0,0,0,0,0,0,0,0,0,0,0,0,0,0,0,0,0,0,0,0,0,0,0,0,0,0,0,0,0,0,12,35,35,47,65476,386,65476,1,0,4,21553,0.0,0.0,0.0,0.0,0.0,0.0,0.0,0.0,0.0,0.0,0.0,0.0,0.0,0.0,0.0,0.0,0.0,0.0,0.0,0.0,0.0,2.004,2.004,-2.004,-2.004,-3.697075742657269e+19,0.0,0.0,0.0,0.0,6527.0,131351.172,0.0,0.0,-0.0,0.0,-0.0,0.0,0.0,2.004,2.004,225,-3.222002767243768e+26,0.0,0.0,0.0,0.0,0.0,0.0,0.0,0.0,0,0,0,-0.0,-0.213,318.527,-0.008,0.0,-194896723968000.0,-0.0,-0.002,2.107778801317384e+32,-1.4050043789414804e+27,-1.518,5025938538496.0,0.0,0.0,0.0,-0.0,0,1.3516416376850534e+27,225,0.0,450,2.40156025918058e+36,-0.235,2112,0,17110,0,17112,0,17096,0,0,0,101,100,100,-107615240.0,64.9,-107615248.0,65.3,-0.0,65.0,1,49,50,180,52429,0,0,0,0.0,0.0,0.0,60.0,4.4332132910067876e+20,71.0,0.0,-0.0,0.0,1069,0,1069,0,0,0,1070,0,1080,0,999,0,653,0,654,0,649,0,678,0.032,1.4462247353788288e+22,2.004,2.73023467606737e+23,7568,16814,199995129856.0,-0.0,-0.0,-0.0,-0.0,0.0,50.0,60.0,35,0.0,0.0,10.0,2.0,0.0,0.0,0.0,0.0,0.0,0.0,0.0,0.0,0.0,0.0,0.0,0.0,58.8,42,20,65521,27,65476,394,300,0,0,2,20529,65476,0,0,30147,60.0,0.0,10.0,10.0,2.0,0.0
2026-02-16T12:29:28,ERR,ERR,ERR,ERR,ERR,ERR,ERR,ERR,ERR,ERR,ERR,ERR,ERR,ERR,ERR,ERR,ERR,ERR,ERR,ERR,ERR,ERR,ERR,ERR,ERR,ERR,ERR,ERR,ERR,ERR,ERR,ERR,ERR,ERR,ERR,ERR,ERR,ERR,ERR,ERR,ERR,ERR,ERR,ERR,ERR,ERR,ERR,ERR,ERR,ERR,ERR,ERR,ERR,ERR,ERR,ERR,ERR,ERR,ERR,ERR,ERR,ERR,ERR,ERR,ERR,ERR,ERR,ERR,ERR,ERR,ERR,ERR,ERR,ERR,ERR,ERR,ERR,ERR,ERR,ERR,ERR,ERR,ERR,ERR,ERR,ERR,ERR,ERR,ERR,ERR,ERR,ERR,ERR,ERR,ERR,ERR,ERR,ERR,ERR,ERR,ERR,ERR,ERR,ERR,ERR,ERR,ERR,ERR,ERR,ERR,ERR,ERR,ERR,ERR,ERR,ERR,ERR,ERR,ERR,ERR,ERR,ERR,ERR,ERR,ERR,0.0,-0.0,2.7420187948523476e+23,0.0,-0.0,-1.0275143819730788e+22,0.0,0.0,4300,0,8,17169,4300,0.0,41,0.0,0.0,0.0,0.0,2.7184166902131945e+23,0,0,0,0,0.0,0,0,0,0,0,0,0,0,0,0,0,0,0,0,0,0,0,0,0,0,0,0,0,0,0,0,0,0,0,0,0,0,0,12,35,35,47,65476,386,65476,1,0,4,21553,0.0,0.0,0.0,0.0,0.0,0.0,0.0,0.0,0.0,0.0,0.0,0.0,0.0,0.0,0.0,0.0,0.0,0.0,0.0,0.0,0.0,2.004,2.004,-2.004,-2.004,-3.697075742657269e+19,0.0,0.0,0.0,0.0,6527.0,131351.172,0.0,0.0,-0.0,0.0,-0.0,0.0,0.0,2.004,2.004,225,-3.222002767243768e+26,0.0,0.0,0.0,0.0,0.0,0.0,0.0,0.0,0,0,0,-0.0,-0.213,318.527,-0.008,0.0,-194896723968000.0,-0.0,-0.002,2.107778801317384e+32,-1.4050043789414804e+27,-1.518,5025938538496.0,0.0,0.0,0.0,-0.0,0,1.3516416376850534e+27,225,0.0,450,2.40156025918058e+36,-0.235,2112,0,17110,0,17112,0,17096,0,0,0,101,100,100,-107615240.0,64.9,-107615248.0,65.3,-0.0,65.0,1,49,50,180,52429,0,0,0,0.0,0.0,0.0,60.0,4.4332132910067876e+20,71.0,0.0,-0.0,0.0,1069,0,1069,0,0,0,1070,0,1080,0,999,0,653,0,654,0,649,0,678,0.032,1.4462247353788288e+22,2.004,2.73023467606737e+23,7568,16814,199995129856.0,-0.0,-0.0,-0.0,-0.0,0.0,50.0,60.0,35,0.0,0.0,10.0,2.0,0.0,0.0,0.0,0.0,0.0,0.0,0.0,0.0,0.0,0.0,0.0,0.0,58.8,46,17,65517,27,65476,238,65476,0,0,4,20529,65476,0,0,30147,60.0,0.0,10.0,10.0,2.0,0.0
2026-02-16T12:29:29,ERR,ERR,ERR,ERR,ERR,ERR,ERR,ERR,ERR,ERR,ERR,ERR,ERR,ERR,ERR,ERR,ERR,ERR,ERR,ERR,ERR,ERR,ERR,ERR,ERR,ERR,ERR,ERR,ERR,ERR,ERR,ERR,ERR,ERR,ERR,ERR,ERR,ERR,ERR,ERR,ERR,ERR,ERR,ERR,ERR,ERR,ERR,ERR,ERR,ERR,ERR,ERR,ERR,ERR,ERR,ERR,ERR,ERR,ERR,ERR,ERR,ERR,ERR,ERR,ERR,ERR,ERR,ERR,ERR,ERR,ERR,ERR,ERR,ERR,ERR,ERR,ERR,ERR,ERR,ERR,ERR,ERR,ERR,ERR,ERR,ERR,ERR,ERR,ERR,ERR,ERR,ERR,ERR,ERR,ERR,ERR,ERR,ERR,ERR,ERR,ERR,ERR,ERR,ERR,ERR,ERR,ERR,ERR,ERR,ERR,ERR,ERR,ERR,ERR,ERR,ERR,ERR,ERR,ERR,ERR,ERR,ERR,ERR,ERR,ERR,0.0,-0.0,2.7420187948523476e+23,0.0,-0.0,-1.0275143819730788e+22,0.0,0.0,4300,0,8,17169,4300,0.0,41,0.0,0.0,0.0,0.0,2.7184166902131945e+23,0,0,0,0,0.0,0,0,0,0,0,0,0,0,0,0,0,0,0,0,0,0,0,0,0,0,0,0,0,0,0,0,0,0,0,0,0,0,0,12,35,35,47,65476,386,65476,1,0,4,21553,0.0,0.0,0.0,0.0,0.0,0.0,0.0,0.0,0.0,0.0,0.0,0.0,0.0,0.0,0.0,0.0,0.0,0.0,0.0,0.0,0.0,2.004,2.004,-2.004,-2.004,-3.697075742657269e+19,0.0,0.0,0.0,0.0,6527.0,131351.172,0.0,0.0,-0.0,0.0,-0.0,0.0,0.0,2.004,2.004,225,-3.222002767243768e+26,0.0,0.0,0.0,0.0,0.0,0.0,0.0,0.0,0,0,0,-0.0,-0.213,318.527,-0.008,0.0,-194896723968000.0,-0.0,-0.002,2.107778801317384e+32,-1.4050043789414804e+27,-1.518,5025938538496.0,0.0,0.0,0.0,-0.0,0,1.3516416376850534e+27,225,0.0,450,2.40156025918058e+36,-0.235,2112,0,17110,0,17112,0,17096,0,0,0,101,100,100,-107615240.0,64.9,-107615248.0,65.3,-0.0,65.0,1,49,50,180,52429,0,0,0,0.0,0.0,0.0,60.0,4.4332132910067876e+20,71.0,0.0,-0.0,0.0,1069,0,1069,0,0,0,1070,0,1080,0,999,0,653,0,654,0,649,0,678,0.032,1.4462247353788288e+22,2.004,2.73023467606737e+23,7568,16814,199995129856.0,-0.0,-0.0,-0.0,-0.0,0.0,50.0,60.0,35,0.0,0.0,10.0,2.0,0.0,0.0,0.0,0.0,0.0,0.0,0.0,0.0,0.0,0.0,0.0,0.0,58.8,46,17,65517,27,65476,238,65476,0,0,4,20529,65476,0,0,30147,60.0,0.0,10.0,10.0,2.0,0.0
2026-02-16T12:29:30,ERR,ERR,ERR,ERR,ERR,ERR,ERR,ERR,ERR,ERR,ERR,ERR,ERR,ERR,ERR,ERR,ERR,ERR,ERR,ERR,ERR,ERR,ERR,ERR,ERR,ERR,ERR,ERR,ERR,ERR,ERR,ERR,ERR,ERR,ERR,ERR,ERR,ERR,ERR,ERR,ERR,ERR,ERR,ERR,ERR,ERR,ERR,ERR,ERR,ERR,ERR,ERR,ERR,ERR,ERR,ERR,ERR,ERR,ERR,ERR,ERR,ERR,ERR,ERR,ERR,ERR,ERR,ERR,ERR,ERR,ERR,ERR,ERR,ERR,ERR,ERR,ERR,ERR,ERR,ERR,ERR,ERR,ERR,ERR,ERR,ERR,ERR,ERR,ERR,ERR,ERR,ERR,ERR,ERR,ERR,ERR,ERR,ERR,ERR,ERR,ERR,ERR,ERR,ERR,ERR,ERR,ERR,ERR,ERR,ERR,ERR,ERR,ERR,ERR,ERR,ERR,ERR,ERR,ERR,ERR,ERR,ERR,ERR,ERR,ERR,0.0,-0.0,2.7420187948523476e+23,0.0,-0.0,-1.0275143819730788e+22,0.0,0.0,4300,0,8,17169,4300,0.0,41,0.0,0.0,0.0,0.0,2.7184166902131945e+23,0,0,0,0,0.0,0,0,0,0,0,0,0,0,0,0,0,0,0,0,0,0,0,0,0,0,0,0,0,0,0,0,0,0,0,0,0,0,0,12,35,35,47,65476,386,65476,1,0,4,21553,0.0,0.0,0.0,0.0,0.0,0.0,0.0,0.0,0.0,0.0,0.0,0.0,0.0,0.0,0.0,0.0,0.0,0.0,0.0,0.0,0.0,2.004,2.004,-2.004,-2.004,-3.697075742657269e+19,0.0,0.0,0.0,0.0,6527.0,131351.172,0.0,0.0,-0.0,0.0,-0.0,0.0,0.0,2.004,2.004,225,-3.222002767243768e+26,0.0,0.0,0.0,0.0,0.0,0.0,0.0,0.0,0,0,0,-0.0,-0.213,318.527,-0.008,0.0,-194896723968000.0,-0.0,-0.002,2.107778801317384e+32,-1.4050043789414804e+27,-1.518,5025938538496.0,0.0,0.0,0.0,-0.0,0,1.3516416376850534e+27,225,0.0,450,2.40156025918058e+36,-0.235,2112,52429,17109,0,17112,0,17096,0,0,0,101,100,100,-107615240.0,64.9,-107615248.0,65.3,-0.0,65.0,1,49,50,180,52429,52429,0,0,0.0,0.0,0.0,60.0,8.313024259802289e+20,71.0,0.0,21.657,0.0,1069,0,1069,0,0,0,1070,0,1080,0,999,0,653,0,654,0,649,0,679,0.032,1.4462247353788288e+22,-0.0,-0.0,6928,16814,1.4569443112982872e+24,-2.7774035771245976e+23,0.0,7736.116,0.001,7.991007046350328e+26,50.0,60.0,35,0.0,0.0,10.0,2.0,0.0,0.0,0.0,0.0,0.0,0.0,0.0,0.0,0.0,0.0,0.0,0.0,59.2,48,15,65515,27,65476,78,65476,0,0,4,20529,65476,0,0,30147,60.0,0.0,10.0,10.0,2.0,0.0
2026-02-16T12:29:31,ERR,ERR,ERR,ERR,ERR,ERR,ERR,ERR,ERR,ERR,ERR,ERR,ERR,ERR,ERR,ERR,ERR,ERR,ERR,ERR,ERR,ERR,ERR,ERR,ERR,ERR,ERR,ERR,ERR,ERR,ERR,ERR,ERR,ERR,ERR,ERR,ERR,ERR,ERR,ERR,ERR,ERR,ERR,ERR,ERR,ERR,ERR,ERR,ERR,ERR,ERR,ERR,ERR,ERR,ERR,ERR,ERR,ERR,ERR,ERR,ERR,ERR,ERR,ERR,ERR,ERR,ERR,ERR,ERR,ERR,ERR,ERR,ERR,ERR,ERR,ERR,ERR,ERR,ERR,ERR,ERR,ERR,ERR,ERR,ERR,ERR,ERR,ERR,ERR,ERR,ERR,ERR,ERR,ERR,ERR,ERR,ERR,ERR,ERR,ERR,ERR,ERR,ERR,ERR,ERR,ERR,ERR,ERR,ERR,ERR,ERR,ERR,ERR,ERR,ERR,ERR,ERR,ERR,ERR,ERR,ERR,ERR,ERR,ERR,ERR,0.0,-0.0,2.7420187948523476e+23,0.0,-0.0,-1.0275143819730788e+22,0.0,0.0,4300,0,8,17169,4300,0.0,41,0.0,0.0,0.0,0.0,2.7184166902131945e+23,0,0,0,0,0.0,0,0,0,0,0,0,0,0,0,0,0,0,0,0,0,0,0,0,0,0,0,0,0,0,0,0,0,0,0,0,0,0,0,12,35,35,47,65476,386,65476,1,0,4,21553,0.0,0.0,0.0,0.0,0.0,0.0,0.0,0.0,0.0,0.0,0.0,0.0,0.0,0.0,0.0,0.0,0.0,0.0,0.0,0.0,0.0,2.004,2.004,-2.004,-2.004,-3.697075742657269e+19,0.0,0.0,0.0,0.0,6527.0,131351.172,0.0,0.0,-0.0,0.0,-0.0,0.0,0.0,2.004,2.004,225,-3.222002767243768e+26,0.0,0.0,0.0,0.0,0.0,0.0,0.0,0.0,0,0,0,-0.0,-0.213,318.527,-0.008,0.0,-194896723968000.0,-0.0,-0.002,2.107778801317384e+32,-1.4050043789414804e+27,-1.518,5025938538496.0,0.0,0.0,0.0,-0.0,0,1.3516416376850534e+27,225,0.0,450,2.40156025918058e+36,-0.235,2112,52429,17109,0,17112,0,17096,0,0,0,101,100,100,-107615240.0,64.9,-107615248.0,65.3,-0.0,65.0,1,49,50,180,52429,52429,0,0,0.0,0.0,0.0,60.0,8.313024259802289e+20,71.0,0.0,21.657,0.0,1069,0,1069,0,0,0,1070,0,1080,0,999,0,653,0,654,0,649,0,679,0.032,1.4462247353788288e+22,-0.0,-0.0,6928,16814,1.4569443112982872e+24,-2.7774035771245976e+23,0.0,7736.116,0.001,7.991007046350328e+26,50.0,60.0,35,0.0,0.0,10.0,2.0,0.0,0.0,0.0,0.0,0.0,0.0,0.0,0.0,0.0,0.0,0.0,0.0,58.8,50,14,65513,27,65476,0,65476,1,0,4,20529,65476,0,0,30147,60.0,0.0,10.0,10.0,2.0,0.0
2026-02-16T12:29:32,ERR,ERR,ERR,ERR,ERR,ERR,ERR,ERR,ERR,ERR,ERR,ERR,ERR,ERR,ERR,ERR,ERR,ERR,ERR,ERR,ERR,ERR,ERR,ERR,ERR,ERR,ERR,ERR,ERR,ERR,ERR,ERR,ERR,ERR,ERR,ERR,ERR,ERR,ERR,ERR,ERR,ERR,ERR,ERR,ERR,ERR,ERR,ERR,ERR,ERR,ERR,ERR,ERR,ERR,ERR,ERR,ERR,ERR,ERR,ERR,ERR,ERR,ERR,ERR,ERR,ERR,ERR,ERR,ERR,ERR,ERR,ERR,ERR,ERR,ERR,ERR,ERR,ERR,ERR,ERR,ERR,ERR,ERR,ERR,ERR,ERR,ERR,ERR,ERR,ERR,ERR,ERR,ERR,ERR,ERR,ERR,ERR,ERR,ERR,ERR,ERR,ERR,ERR,ERR,ERR,ERR,ERR,ERR,ERR,ERR,ERR,ERR,ERR,ERR,ERR,ERR,ERR,ERR,ERR,ERR,ERR,ERR,ERR,ERR,ERR,0.0,-0.0,0.0,0.0,0.0,0.0,1.0112569580399533e+31,4.7917257680479134e+33,4300,0,8,17169,4300,0.0,41,0.0,0.0,0.0,0.0,2.7184166902131945e+23,0,0,0,0,0.0,0,0,0,0,0,0,0,0,0,0,0,0,0,0,0,0,0,0,0,0,0,0,0,0,0,0,0,0,0,0,0,0,0,12,35,35,47,65476,389,65476,1,0,4,21553,0.0,0.0,0.0,0.0,0.0,0.0,0.0,0.0,0.0,0.0,0.0,0.0,0.0,0.0,0.0,0.0,0.0,0.0,0.0,0.0,0.0,2.004,2.004,-0.0,-0.0,0.0,0.0,0.0,0.0,0.0,6526.0,0.0,0.0,0.0,-0.0,-107616232.0,-0.0,0.0,0.0,2.004,2.004,226,-2.3088280513417105e+20,-4.066875192005716e+29,0.0,0.0,0.0,0.0,0.0,0.0,0.0,0,0,0,-2.1201383556817514e+29,0.0,-0.0,-0.0,-0.0,-0.0,-0.0,0.0,-0.0,-1.540404070738319e+27,-1.627,5506974875648.0,0.0,0.0,0.0,-0.0,0,1.3516416376850534e+27,226,0.0,452,2.40156025918058e+36,599252694728704.0,2112,52429,17109,0,17112,0,17096,0,0,0,101,100,100,-107615240.0,64.9,-107615248.0,65.3,-0.0,65.0,1,49,50,180,52429,52429,0,0,0.0,0.0,0.0,60.0,8.313024259802289e+20,71.0,0.0,21.657,0.0,1069,0,1069,0,0,0,1070,0,1080,0,999,0,653,0,654,0,649,0,679,0.032,1.4462247353788288e+22,-0.0,-0.0,6928,16814,1.4569443112982872e+24,-2.7774035771245976e+23,0.0,7736.116,0.001,7.991007046350328e+26,50.0,60.0,35,0.0,0.0,10.0,2.0,0.0,0.0,0.0,0.0,0.0,0.0,0.0,0.0,0.0,0.0,0.0,0.0,58.8,50,14,65513,27,65476,0,65476,1,0,4,20529,65476,0,0,30147,60.0,0.0,10.0,10.0,2.0,0.0
2026-02-16T12:29:33,ERR,ERR,ERR,ERR,ERR,ERR,ERR,ERR,ERR,ERR,ERR,ERR,ERR,ERR,ERR,ERR,ERR,ERR,ERR,ERR,ERR,ERR,ERR,ERR,ERR,ERR,ERR,ERR,ERR,ERR,ERR,ERR,ERR,ERR,ERR,ERR,ERR,ERR,ERR,ERR,ERR,ERR,ERR,ERR,ERR,ERR,ERR,ERR,ERR,ERR,ERR,ERR,ERR,ERR,ERR,ERR,ERR,ERR,ERR,ERR,ERR,ERR,ERR,ERR,ERR,ERR,ERR,ERR,ERR,ERR,ERR,ERR,ERR,ERR,ERR,ERR,ERR,ERR,ERR,ERR,ERR,ERR,ERR,ERR,ERR,ERR,ERR,ERR,ERR,ERR,ERR,ERR,ERR,ERR,ERR,ERR,ERR,ERR,ERR,ERR,ERR,ERR,ERR,ERR,ERR,ERR,ERR,ERR,ERR,ERR,ERR,ERR,ERR,ERR,ERR,ERR,ERR,ERR,ERR,ERR,ERR,ERR,ERR,ERR,ERR,0.0,-0.0,0.0,0.0,0.0,0.0,1.0112569580399533e+31,4.7917257680479134e+33,4300,0,8,17169,4300,0.0,41,0.0,0.0,0.0,0.0,2.7184166902131945e+23,0,0,0,0,0.0,0,0,0,0,0,0,0,0,0,0,0,0,0,0,0,0,0,0,0,0,0,0,0,0,0,0,0,0,0,0,0,0,0,12,35,35,47,65476,389,65476,1,0,4,21553,0.0,0.0,0.0,0.0,0.0,0.0,0.0,0.0,0.0,0.0,0.0,0.0,0.0,0.0,0.0,0.0,0.0,0.0,0.0,0.0,0.0,2.004,2.004,-0.0,-0.0,0.0,0.0,0.0,0.0,0.0,6526.0,0.0,0.0,0.0,-0.0,-107616232.0,-0.0,0.0,0.0,2.004,2.004,226,-2.3088280513417105e+20,-4.066875192005716e+29,0.0,0.0,0.0,0.0,0.0,0.0,0.0,0,0,0,-2.1201383556817514e+29,0.0,-0.0,-0.0,-0.0,-0.0,-0.0,0.0,-0.0,-1.540404070738319e+27,-1.627,5506974875648.0,0.0,0.0,0.0,-0.0,0,1.3516416376850534e+27,226,0.0,452,2.40156025918058e+36,599252694728704.0,2112,52429,17109,0,17112,52429,17095,0,0,0,101,100,100,-107615240.0,64.9,-107615248.0,65.3,-0.0,65.0,1,49,50,180,52429,52429,0,0,0.0,0.0,0.0,60.0,4.4332132910067876e+20,71.0,0.0,-3.220878752003297e+22,0.0,1069,0,1070,0,0,0,1069,0,1080,0,999,0,653,0,655,0,649,0,680,0.032,1.4609821306377965e+22,0.0,0.0,5904,16814,4.4332132910067876e+20,-3.220878752003297e+22,0.0,3.144439328639678e+30,0.0,9.919185051231191e+17,50.0,60.0,35,0.0,0.0,10.0,2.0,0.0,0.0,0.0,0.0,0.0,0.0,0.0,0.0,0.0,0.0,0.0,0.0,58.8,51,14,65512,27,65476,79,300,0,0,8,20529,65476,0,0,30147,60.0,0.0,10.0,10.0,2.0,0.0
2026-02-16T12:29:34,ERR,ERR,ERR,ERR,ERR,ERR,ERR,ERR,ERR,ERR,ERR,ERR,ERR,ERR,ERR,ERR,ERR,ERR,ERR,ERR,ERR,ERR,ERR,ERR,ERR,ERR,ERR,ERR,ERR,ERR,ERR,ERR,ERR,ERR,ERR,ERR,ERR,ERR,ERR,ERR,ERR,ERR,ERR,ERR,ERR,ERR,ERR,ERR,ERR,ERR,ERR,ERR,ERR,ERR,ERR,ERR,ERR,ERR,ERR,ERR,ERR,ERR,ERR,ERR,ERR,ERR,ERR,ERR,ERR,ERR,ERR,ERR,ERR,ERR,ERR,ERR,ERR,ERR,ERR,ERR,ERR,ERR,ERR,ERR,ERR,ERR,ERR,ERR,ERR,ERR,ERR,ERR,ERR,ERR,ERR,ERR,ERR,ERR,ERR,ERR,ERR,ERR,ERR,ERR,ERR,ERR,ERR,ERR,ERR,ERR,ERR,ERR,ERR,ERR,ERR,ERR,ERR,ERR,ERR,ERR,ERR,ERR,ERR,ERR,ERR,0.0,-0.0,0.0,0.0,0.0,0.0,1.0112569580399533e+31,4.7917257680479134e+33,4300,0,8,17169,4300,0.0,41,0.0,0.0,0.0,0.0,2.7184166902131945e+23,0,0,0,0,0.0,0,0,0,0,0,0,0,0,0,0,0,0,0,0,0,0,0,0,0,0,0,0,0,0,0,0,0,0,0,0,0,0,0,12,35,35,47,65476,389,65476,1,0,4,21553,0.0,0.0,0.0,0.0,0.0,0.0,0.0,0.0,0.0,0.0,0.0,0.0,0.0,0.0,0.0,0.0,0.0,0.0,0.0,0.0,0.0,2.004,2.004,-0.0,-0.0,0.0,0.0,0.0,0.0,0.0,6526.0,0.0,0.0,0.0,-0.0,-107616232.0,-0.0,0.0,0.0,2.004,2.004,226,-2.3088280513417105e+20,-4.066875192005716e+29,0.0,0.0,0.0,0.0,0.0,0.0,0.0,0,0,0,-2.1201383556817514e+29,0.0,-0.0,-0.0,-0.0,-0.0,-0.0,0.0,-0.0,-1.540404070738319e+27,-1.627,5506974875648.0,0.0,0.0,0.0,-0.0,0,1.3516416376850534e+27,226,0.0,452,2.40156025918058e+36,599252694728704.0,2112,52429,17109,0,17112,52429,17095,0,0,0,101,100,100,-107615240.0,64.9,-107615248.0,65.3,-0.0,65.0,1,49,50,180,52429,52429,0,0,0.0,0.0,0.0,60.0,4.4332132910067876e+20,71.0,0.0,-3.220878752003297e+22,0.0,1069,0,1070,0,0,0,1069,0,1080,0,999,0,653,0,655,0,649,0,680,0.032,1.4609821306377965e+22,0.0,0.0,5904,16814,4.4332132910067876e+20,-3.220878752003297e+22,0.0,3.144439328639678e+30,0.0,9.919185051231191e+17,50.0,60.0,35,0.0,0.0,10.0,2.0,0.0,0.0,0.0,0.0,0.0,0.0,0.0,0.0,0.0,0.0,0.0,0.0,58.8,48,15,65515,27,65476,0,300,0,0,8,20529,65476,0,0,30147,60.0,0.0,10.0,10.0,2.0,0.0
2026-02-16T12:29:35,ERR,ERR,ERR,ERR,ERR,ERR,ERR,ERR,ERR,ERR,ERR,ERR,ERR,ERR,ERR,ERR,ERR,ERR,ERR,ERR,ERR,ERR,ERR,ERR,ERR,ERR,ERR,ERR,ERR,ERR,ERR,ERR,ERR,ERR,ERR,ERR,ERR,ERR,ERR,ERR,ERR,ERR,ERR,ERR,ERR,ERR,ERR,ERR,ERR,ERR,ERR,ERR,ERR,ERR,ERR,ERR,ERR,ERR,ERR,ERR,ERR,ERR,ERR,ERR,ERR,ERR,ERR,ERR,ERR,ERR,ERR,ERR,ERR,ERR,ERR,ERR,ERR,ERR,ERR,ERR,ERR,ERR,ERR,ERR,ERR,ERR,ERR,ERR,ERR,ERR,ERR,ERR,ERR,ERR,ERR,ERR,ERR,ERR,ERR,ERR,ERR,ERR,ERR,ERR,ERR,ERR,ERR,ERR,ERR,ERR,ERR,ERR,ERR,ERR,ERR,ERR,ERR,ERR,ERR,ERR,ERR,ERR,ERR,ERR,ERR,0.0,-0.0,0.0,0.0,0.0,0.0,1.0112569580399533e+31,4.7917257680479134e+33,4300,0,8,17169,4300,0.0,41,0.0,0.0,0.0,0.0,2.7184166902131945e+23,0,0,0,0,0.0,0,0,0,0,0,0,0,0,0,0,0,0,0,0,0,0,0,0,0,0,0,0,0,0,0,0,0,0,0,0,0,0,0,12,35,35,47,65476,389,65476,1,0,4,21553,0.0,0.0,0.0,0.0,0.0,0.0,0.0,0.0,0.0,0.0,0.0,0.0,0.0,0.0,0.0,0.0,0.0,0.0,0.0,0.0,0.0,2.004,2.004,-0.0,-0.0,0.0,0.0,0.0,0.0,0.0,6526.0,0.0,0.0,0.0,-0.0,-107616232.0,-0.0,0.0,0.0,2.004,2.004,226,-2.3088280513417105e+20,-4.066875192005716e+29,0.0,0.0,0.0,0.0,0.0,0.0,0.0,0,0,0,-2.1201383556817514e+29,0.0,-0.0,-0.0,-0.0,-0.0,-0.0,0.0,-0.0,-1.540404070738319e+27,-1.627,5506974875648.0,0.0,0.0,0.0,-0.0,0,1.3516416376850534e+27,226,0.0,452,2.40156025918058e+36,599252694728704.0,2112,52429,17109,0,17112,52429,17095,0,0,0,101,100,100,-107615240.0,64.9,-107615248.0,65.3,-0.0,65.0,1,49,50,180,52429,52429,0,0,0.0,0.0,0.0,60.0,4.4332132910067876e+20,71.0,0.0,-3.220878752003297e+22,0.0,1069,0,1070,0,0,0,1069,0,1080,0,999,0,653,0,655,0,649,0,680,0.032,1.4609821306377965e+22,0.0,0.0,5904,16814,4.4332132910067876e+20,-3.220878752003297e+22,0.0,3.144439328639678e+30,0.0,9.919185051231191e+17,50.0,60.0,35,0.0,0.0,10.0,2.0,0.0,0.0,0.0,0.0,0.0,0.0,0.0,0.0,0.0,0.0,0.0,0.0,58.8,48,15,65515,27,65476,0,300,0,0,8,20529,65476,0,0,30147,60.0,0.0,10.0,10.0,2.0,0.0
2026-02-16T12:29:36,ERR,ERR,ERR,ERR,ERR,ERR,ERR,ERR,ERR,ERR,ERR,ERR,ERR,ERR,ERR,ERR,ERR,ERR,ERR,ERR,ERR,ERR,ERR,ERR,ERR,ERR,ERR,ERR,ERR,ERR,ERR,ERR,ERR,ERR,ERR,ERR,ERR,ERR,ERR,ERR,ERR,ERR,ERR,ERR,ERR,ERR,ERR,ERR,ERR,ERR,ERR,ERR,ERR,ERR,ERR,ERR,ERR,ERR,ERR,ERR,ERR,ERR,ERR,ERR,ERR,ERR,ERR,ERR,ERR,ERR,ERR,ERR,ERR,ERR,ERR,ERR,ERR,ERR,ERR,ERR,ERR,ERR,ERR,ERR,ERR,ERR,ERR,ERR,ERR,ERR,ERR,ERR,ERR,ERR,ERR,ERR,ERR,ERR,ERR,ERR,ERR,ERR,ERR,ERR,ERR,ERR,ERR,ERR,ERR,ERR,ERR,ERR,ERR,ERR,ERR,ERR,ERR,ERR,ERR,ERR,ERR,ERR,ERR,ERR,ERR,0.0,-0.0,0.0,0.0,0.0,0.0,8.035575029357802e+29,2.356821195292489e+34,4300,0,8,17169,4300,0.0,41,0.0,0.0,0.0,0.0,2.7184166902131945e+23,0,0,0,0,0.0,0,0,0,0,0,0,0,0,0,0,0,0,0,0,0,0,0,0,0,0,0,0,0,0,0,0,0,0,0,0,0,0,0,12,35,35,47,65476,390,65476,1,0,4,21553,0.0,2.7183305813883192e+23,0.0,0.0,0.0,0.0,0.0,0.0,0.0,0.0,0.0,0.0,0.0,0.0,0.0,0.0,0.0,0.0,0.0,0.0,0.0,2.004,2.004,-0.0,-0.0,0.0,0.0,0.0,0.0,0.0,6491.0,-3.697206364638649e+19,0.0,0.0,-0.0,-107616232.0,-0.0,0.0,0.0,2.004,2.004,226,-71.629,-152018236735488.0,0.0,0.0,0.0,0.0,0.0,0.0,0.0,0,0,0,-1.1548195915298767e+19,-8.63258016074722e+35,-0.0,-2.9781327955401876e+23,2.0154345201763614e+35,0.0,-27427.027,-0.231,772903040.0,-1.6467895428644063e+27,-1.713,5884931997696.0,0.0,0.0,0.0,0.0,0,1.3516416376850534e+27,226,0.0,452,0.0,0.0,2112,52429,17109,0,17112,52429,17095,0,0,0,101,100,100,-107615240.0,64.9,-107615248.0,65.3,-0.0,65.0,1,49,50,180,52429,52429,0,0,0.0,0.0,0.0,60.0,4.4332132910067876e+20,71.0,0.0,-3.220878752003297e+22,0.0,1069,0,1070,0,0,0,1069,0,1080,0,999,0,653,0,655,0,649,0,680,0.032,1.4609821306377965e+22,0.0,0.0,5904,16814,4.4332132910067876e+20,-3.220878752003297e+22,0.0,3.144439328639678e+30,0.0,9.919185051231191e+17,50.0,60.0,35,0.0,0.0,10.0,2.0,0.0,0.0,0.0,0.0,0.0,0.0,0.0,0.0,0.0,0.0,0.0,0.0,58.8,46,17,65517,27,65476,0,300,0,0,8,20529,65476,0,0,30147,60.0,0.0,10.0,10.0,2.0,0.0
2026-02-16T12:29:37,ERR,ERR,ERR,ERR,ERR,ERR,ERR,ERR,ERR,ERR,ERR,ERR,ERR,ERR,ERR,ERR,ERR,ERR,ERR,ERR,ERR,ERR,ERR,ERR,ERR,ERR,ERR,ERR,ERR,ERR,ERR,ERR,ERR,ERR,ERR,ERR,ERR,ERR,ERR,ERR,ERR,ERR,ERR,ERR,ERR,ERR,ERR,ERR,ERR,ERR,ERR,ERR,ERR,ERR,ERR,ERR,ERR,ERR,ERR,ERR,ERR,ERR,ERR,ERR,ERR,ERR,ERR,ERR,ERR,ERR,ERR,ERR,ERR,ERR,ERR,ERR,ERR,ERR,ERR,ERR,ERR,ERR,ERR,ERR,ERR,ERR,ERR,ERR,ERR,ERR,ERR,ERR,ERR,ERR,ERR,ERR,ERR,ERR,ERR,ERR,ERR,ERR,ERR,ERR,ERR,ERR,ERR,ERR,ERR,ERR,ERR,ERR,ERR,ERR,ERR,ERR,ERR,ERR,ERR,ERR,ERR,ERR,ERR,ERR,ERR,0.0,-0.0,0.0,0.0,0.0,0.0,8.035575029357802e+29,2.356821195292489e+34,4300,0,8,17169,4300,0.0,41,0.0,0.0,0.0,0.0,2.7184166902131945e+23,0,0,0,0,0.0,0,0,0,0,0,0,0,0,0,0,0,0,0,0,0,0,0,0,0,0,0,0,0,0,0,0,0,0,0,0,0,0,0,12,35,35,47,65476,390,65476,1,0,4,21553,0.0,2.7183305813883192e+23,0.0,0.0,0.0,0.0,0.0,0.0,0.0,0.0,0.0,0.0,0.0,0.0,0.0,0.0,0.0,0.0,0.0,0.0,0.0,2.004,2.004,-0.0,-0.0,0.0,0.0,0.0,0.0,0.0,6491.0,-3.697206364638649e+19,0.0,0.0,-0.0,-107616232.0,-0.0,0.0,0.0,2.004,2.004,226,-71.629,-152018236735488.0,0.0,0.0,0.0,0.0,0.0,0.0,0.0,0,0,0,-1.1548195915298767e+19,-8.63258016074722e+35,-0.0,-2.9781327955401876e+23,2.0154345201763614e+35,0.0,-27427.027,-0.231,772903040.0,-1.6467895428644063e+27,-1.713,5884931997696.0,0.0,0.0,0.0,0.0,0,1.3516416376850534e+27,226,0.0,452,0.0,0.0,2112,52429,17109,0,17112,52429,17095,0,0,0,101,100,100,-107615240.0,64.9,-107615248.0,65.3,-0.0,65.0,1,49,50,180,52429,52429,0,0,0.0,0.0,0.0,60.0,6.875307197018931e+16,71.0,0.0,1.4794797565912023e+18,0.0,1069,0,1069,0,0,0,1069,0,1080,0,999,0,653,0,655,0,649,0,680,0.032,1.4536034330083127e+22,0.0,0.0,60560,16813,268980672.0,8136570729136128.0,0.0,0.0,12730773.0,3.6873445418239523e+34,50.0,60.0,35,0.0,0.0,10.0,2.0,0.0,0.0,0.0,0.0,0.0,0.0,0.0,0.0,0.0,0.0,0.0,0.0,58.8,46,17,65517,27,65476,0,300,0,0,8,20529,65476,0,0,30147,60.0,0.0,10.0,10.0,2.0,0.0
2026-02-16T12:29:38,ERR,ERR,ERR,ERR,ERR,ERR,ERR,ERR,ERR,ERR,ERR,ERR,ERR,ERR,ERR,ERR,ERR,ERR,ERR,ERR,ERR,ERR,ERR,ERR,ERR,ERR,ERR,ERR,ERR,ERR,ERR,ERR,ERR,ERR,ERR,ERR,ERR,ERR,ERR,ERR,ERR,ERR,ERR,ERR,ERR,ERR,ERR,ERR,ERR,ERR,ERR,ERR,ERR,ERR,ERR,ERR,ERR,ERR,ERR,ERR,ERR,ERR,ERR,ERR,ERR,ERR,ERR,ERR,ERR,ERR,ERR,ERR,ERR,ERR,ERR,ERR,ERR,ERR,ERR,ERR,ERR,ERR,ERR,ERR,ERR,ERR,ERR,ERR,ERR,ERR,ERR,ERR,ERR,ERR,ERR,ERR,ERR,ERR,ERR,ERR,ERR,ERR,ERR,ERR,ERR,ERR,ERR,ERR,ERR,ERR,ERR,ERR,ERR,ERR,ERR,ERR,ERR,ERR,ERR,ERR,ERR,ERR,ERR,ERR,ERR,0.0,-0.0,0.0,0.0,0.0,0.0,8.035575029357802e+29,2.356821195292489e+34,4300,0,8,17169,4300,0.0,41,0.0,0.0,0.0,0.0,2.7184166902131945e+23,0,0,0,0,0.0,0,0,0,0,0,0,0,0,0,0,0,0,0,0,0,0,0,0,0,0,0,0,0,0,0,0,0,0,0,0,0,0,0,12,35,35,47,65476,390,65476,1,0,4,21553,0.0,2.7183305813883192e+23,0.0,0.0,0.0,0.0,0.0,0.0,0.0,0.0,0.0,0.0,0.0,0.0,0.0,0.0,0.0,0.0,0.0,0.0,0.0,2.004,2.004,-0.0,-0.0,0.0,0.0,0.0,0.0,0.0,6491.0,-3.697206364638649e+19,0.0,0.0,-0.0,-107616232.0,-0.0,0.0,0.0,2.004,2.004,226,-71.629,-152018236735488.0,0.0,0.0,0.0,0.0,0.0,0.0,0.0,0,0,0,-1.1548195915298767e+19,-8.63258016074722e+35,-0.0,-2.9781327955401876e+23,2.0154345201763614e+35,0.0,-27427.027,-0.231,772903040.0,-1.6467895428644063e+27,-1.713,5884931997696.0,0.0,0.0,0.0,0.0,0,1.3516416376850534e+27,226,0.0,452,0.0,0.0,2112,52429,17109,0,17112,52429,17095,0,0,0,101,100,100,-107615240.0,64.9,-107615248.0,65.3,-0.0,65.0,1,49,50,180,52429,52429,0,0,0.0,0.0,0.0,60.0,6.875307197018931e+16,71.0,0.0,1.4794797565912023e+18,0.0,1069,0,1069,0,0,0,1069,0,1080,0,999,0,653,0,655,0,649,0,680,0.032,1.4536034330083127e+22,0.0,0.0,60560,16813,268980672.0,8136570729136128.0,0.0,0.0,12730773.0,3.6873445418239523e+34,50.0,60.0,35,0.0,0.0,10.0,2.0,0.0,0.0,0.0,0.0,0.0,0.0,0.0,0.0,0.0,0.0,0.0,0.0,59.2,45,18,65518,27,65476,0,300,0,0,8,20529,65476,0,0,30147,60.0,0.0,10.0,10.0,2.0,0.0
2026-02-16T12:29:39,ERR,ERR,ERR,ERR,ERR,ERR,ERR,ERR,ERR,ERR,ERR,ERR,ERR,ERR,ERR,ERR,ERR,ERR,ERR,ERR,ERR,ERR,ERR,ERR,ERR,ERR,ERR,ERR,ERR,ERR,ERR,ERR,ERR,ERR,ERR,ERR,ERR,ERR,ERR,ERR,ERR,ERR,ERR,ERR,ERR,ERR,ERR,ERR,ERR,ERR,ERR,ERR,ERR,ERR,ERR,ERR,ERR,ERR,ERR,ERR,ERR,ERR,ERR,ERR,ERR,ERR,ERR,ERR,ERR,ERR,ERR,ERR,ERR,ERR,ERR,ERR,ERR,ERR,ERR,ERR,ERR,ERR,ERR,ERR,ERR,ERR,ERR,ERR,ERR,ERR,ERR,ERR,ERR,ERR,ERR,ERR,ERR,ERR,ERR,ERR,ERR,ERR,ERR,ERR,ERR,ERR,ERR,ERR,ERR,ERR,ERR,ERR,ERR,ERR,ERR,ERR,ERR,ERR,ERR,ERR,ERR,ERR,ERR,ERR,ERR,0.0,-0.0,0.0,0.0,0.0,0.0,8.035575029357802e+29,2.356821195292489e+34,4300,0,8,17169,4300,0.0,41,0.0,0.0,0.0,0.0,2.7184166902131945e+23,0,0,0,0,0.0,0,0,0,0,0,0,0,0,0,0,0,0,0,0,0,0,0,0,0,0,0,0,0,0,0,0,0,0,0,0,0,0,0,12,35,35,47,65476,390,65476,1,0,4,21553,0.0,2.7183305813883192e+23,0.0,0.0,0.0,0.0,0.0,0.0,0.0,0.0,0.0,0.0,0.0,0.0,0.0,0.0,0.0,0.0,0.0,0.0,0.0,2.004,2.004,-0.0,-0.0,0.0,0.0,0.0,0.0,0.0,6491.0,-3.697206364638649e+19,0.0,0.0,-0.0,-107616232.0,-0.0,0.0,0.0,2.004,2.004,226,-71.629,-152018236735488.0,0.0,0.0,0.0,0.0,0.0,0.0,0.0,0,0,0,-1.1548195915298767e+19,-8.63258016074722e+35,-0.0,-2.9781327955401876e+23,2.0154345201763614e+35,0.0,-27427.027,-0.231,772903040.0,-1.6467895428644063e+27,-1.713,5884931997696.0,0.0,0.0,0.0,0.0,0,1.3516416376850534e+27,226,0.0,452,0.0,0.0,2112,52429,17109,0,17112,52429,17095,0,0,0,101,100,100,-107615240.0,64.9,-107615248.0,65.3,-0.0,65.0,1,49,50,180,52429,52429,0,0,0.0,0.0,0.0,60.0,6.875307197018931e+16,71.0,0.0,1.4794797565912023e+18,0.0,1069,0,1069,0,0,0,1069,0,1080,0,999,0,653,0,655,0,649,0,680,0.032,1.4536034330083127e+22,0.0,0.0,60560,16813,268980672.0,8136570729136128.0,0.0,0.0,12730773.0,3.6873445418239523e+34,50.0,60.0,35,0.0,0.0,10.0,2.0,0.0,0.0,0.0,0.0,0.0,0.0,0.0,0.0,0.0,0.0,0.0,0.0,59.2,44,18,65519,27,65476,0,300,0,0,8,20529,65476,0,0,30147,60.0,0.0,10.0,10.0,2.0,0.0
2026-02-16T12:29:40,ERR,ERR,ERR,ERR,ERR,ERR,ERR,ERR,ERR,ERR,ERR,ERR,ERR,ERR,ERR,ERR,ERR,ERR,ERR,ERR,ERR,ERR,ERR,ERR,ERR,ERR,ERR,ERR,ERR,ERR,ERR,ERR,ERR,ERR,ERR,ERR,ERR,ERR,ERR,ERR,ERR,ERR,ERR,ERR,ERR,ERR,ERR,ERR,ERR,ERR,ERR,ERR,ERR,ERR,ERR,ERR,ERR,ERR,ERR,ERR,ERR,ERR,ERR,ERR,ERR,ERR,ERR,ERR,ERR,ERR,ERR,ERR,ERR,ERR,ERR,ERR,ERR,ERR,ERR,ERR,ERR,ERR,ERR,ERR,ERR,ERR,ERR,ERR,ERR,ERR,ERR,ERR,ERR,ERR,ERR,ERR,ERR,ERR,ERR,ERR,ERR,ERR,ERR,ERR,ERR,ERR,ERR,ERR,ERR,ERR,ERR,ERR,ERR,ERR,ERR,ERR,ERR,ERR,ERR,ERR,ERR,ERR,ERR,ERR,ERR,0.0,-0.0,0.0,0.0,0.0,0.0,8.035575029357802e+29,2.356821195292489e+34,4300,0,8,17169,4300,0.0,41,0.0,0.0,0.0,0.0,2.7184166902131945e+23,0,0,0,0,0.0,0,0,0,0,0,0,0,0,0,0,0,0,0,0,0,0,0,0,0,0,0,0,0,0,0,0,0,0,0,0,0,0,0,12,35,35,47,65476,390,65476,1,0,4,21553,0.0,2.7183305813883192e+23,0.0,0.0,0.0,0.0,0.0,0.0,0.0,0.0,0.0,0.0,0.0,0.0,0.0,0.0,0.0,0.0,0.0,0.0,0.0,2.004,2.004,-0.0,-0.0,0.0,0.0,0.0,0.0,0.0,6491.0,-3.697206364638649e+19,0.0,0.0,-0.0,-107616232.0,-0.0,0.0,0.0,2.004,2.004,226,-71.629,-152018236735488.0,0.0,0.0,0.0,0.0,0.0,0.0,0.0,0,0,0,-1.1548195915298767e+19,-8.63258016074722e+35,-0.0,-2.9781327955401876e+23,2.0154345201763614e+35,0.0,-27427.027,-0.231,772903040.0,-1.6467895428644063e+27,-1.713,5884931997696.0,0.0,0.0,0.0,0.0,0,1.3516416376850534e+27,226,0.0,452,0.0,0.0,2112,52429,17109,0,17112,52429,17095,0,0,0,101,100,100,-107615240.0,64.5,0.0,65.8,-0.0,65.0,1,49,50,180,52429,52429,0,0,0.0,0.0,0.0,60.0,0.001,71.0,0.0,-0.0,0.0,1069,0,1069,0,0,0,1069,0,1080,0,999,0,653,0,654,0,649,0,680,0.032,1.4536034330083127e+22,0.0,0.0,63888,16813,291348.438,0.0,-9.855002255209907e+36,-0.0,0.0,179583483904.0,50.0,60.0,35,0.0,0.0,10.0,2.0,0.0,0.0,0.0,0.0,0.0,0.0,0.0,0.0,0.0,0.0,0.0,0.0,59.2,44,18,65519,27,65476,0,300,0,0,8,20529,65476,0,0,30147,60.0,0.0,10.0,10.0,2.0,0.0
2026-02-16T12:29:41,ERR,ERR,ERR,ERR,ERR,ERR,ERR,ERR,ERR,ERR,ERR,ERR,ERR,ERR,ERR,ERR,ERR,ERR,ERR,ERR,ERR,ERR,ERR,ERR,ERR,ERR,ERR,ERR,ERR,ERR,ERR,ERR,ERR,ERR,ERR,ERR,ERR,ERR,ERR,ERR,ERR,ERR,ERR,ERR,ERR,ERR,ERR,ERR,ERR,ERR,ERR,ERR,ERR,ERR,ERR,ERR,ERR,ERR,ERR,ERR,ERR,ERR,ERR,ERR,ERR,ERR,ERR,ERR,ERR,ERR,ERR,ERR,ERR,ERR,ERR,ERR,ERR,ERR,ERR,ERR,ERR,ERR,ERR,ERR,ERR,ERR,ERR,ERR,ERR,ERR,ERR,ERR,ERR,ERR,ERR,ERR,ERR,ERR,ERR,ERR,ERR,ERR,ERR,ERR,ERR,ERR,ERR,ERR,ERR,ERR,ERR,ERR,ERR,ERR,ERR,ERR,ERR,ERR,ERR,ERR,ERR,ERR,ERR,ERR,ERR,0.0,-0.0,0.0,0.0,0.0,0.0,8.116555402048555e+25,6.656537882972951e+36,4300,0,8,17169,4300,0.0,41,0.0,0.0,0.0,0.0,2.7184166902131945e+23,0,0,0,0,0.0,0,0,0,0,0,0,0,0,0,0,0,0,0,0,0,0,0,0,0,0,0,0,0,0,0,0,0,0,0,0,0,0,0,13,35,35,47,65476,393,65476,1,0,4,21553,0.0,-107610976.0,0.0,0.0,0.0,0.0,0.0,0.0,0.0,0.0,0.0,0.0,0.0,0.0,0.0,0.0,0.0,0.0,0.0,0.0,0.0,2.004,2.004,-0.0,-0.0,0.0,0.0,0.0,0.0,0.0,6527.0,0.0,0.0,0.0,-0.0,-107616232.0,-0.0,-0.0,0.0,2.004,2.004,226,-2.3088280513417105e+20,-4.066875192005716e+29,0.0,0.0,0.0,0.0,0.0,0.0,0.0,0,0,0,-2.634698694111122e+28,-1.501766109618315e+20,3.274566508371057e+35,-3.806112370543707e+36,241874763776.0,0.0,-9.142,-170724983570432.0,-0.0,-1.7628464215474107e+27,-1.807,6297248858112.0,0.0,0.0,0.0,-0.023,0,1.3516416376850534e+27,226,0.0,452,0.0,0.0,2112,52429,17109,0,17112,52429,17095,0,0,0,101,100,100,-107615240.0,64.5,0.0,65.8,-0.0,65.0,1,49,50,180,52429,52429,0,0,0.0,0.0,0.0,60.0,0.001,71.0,0.0,-0.0,0.0,1069,0,1069,0,0,0,1069,0,1080,0,999,0,653,0,654,0,649,0,680,0.032,1.4536034330083127e+22,0.0,0.0,63888,16813,291348.438,0.0,-9.855002255209907e+36,-0.0,0.0,179583483904.0,50.0,60.0,35,0.0,0.0,10.0,2.0,0.0,0.0,0.0,0.0,0.0,0.0,0.0,0.0,0.0,0.0,0.0,0.0,58.8,44,19,65519,27,65476,0,300,0,0,8,20529,65476,0,0,30147,60.0,0.0,10.0,10.0,2.0,0.0
2026-02-16T12:29:42,ERR,ERR,ERR,ERR,ERR,ERR,ERR,ERR,ERR,ERR,ERR,ERR,ERR,ERR,ERR,ERR,ERR,ERR,ERR,ERR,ERR,ERR,ERR,ERR,ERR,ERR,ERR,ERR,ERR,ERR,ERR,ERR,ERR,ERR,ERR,ERR,ERR,ERR,ERR,ERR,ERR,ERR,ERR,ERR,ERR,ERR,ERR,ERR,ERR,ERR,ERR,ERR,ERR,ERR,ERR,ERR,ERR,ERR,ERR,ERR,ERR,ERR,ERR,ERR,ERR,ERR,ERR,ERR,ERR,ERR,ERR,ERR,ERR,ERR,ERR,ERR,ERR,ERR,ERR,ERR,ERR,ERR,ERR,ERR,ERR,ERR,ERR,ERR,ERR,ERR,ERR,ERR,ERR,ERR,ERR,ERR,ERR,ERR,ERR,ERR,ERR,ERR,ERR,ERR,ERR,ERR,ERR,ERR,ERR,ERR,ERR,ERR,ERR,ERR,ERR,ERR,ERR,ERR,ERR,ERR,ERR,ERR,ERR,ERR,ERR,0.0,-0.0,0.0,0.0,0.0,0.0,8.116555402048555e+25,6.656537882972951e+36,4300,0,8,17169,4300,0.0,41,0.0,0.0,0.0,0.0,2.7184166902131945e+23,0,0,0,0,0.0,0,0,0,0,0,0,0,0,0,0,0,0,0,0,0,0,0,0,0,0,0,0,0,0,0,0,0,0,0,0,0,0,0,13,35,35,47,65476,393,65476,1,0,4,21553,0.0,-107610976.0,0.0,0.0,0.0,0.0,0.0,0.0,0.0,0.0,0.0,0.0,0.0,0.0,0.0,0.0,0.0,0.0,0.0,0.0,0.0,2.004,2.004,-0.0,-0.0,0.0,0.0,0.0,0.0,0.0,6527.0,0.0,0.0,0.0,-0.0,-107616232.0,-0.0,-0.0,0.0,2.004,2.004,226,-2.3088280513417105e+20,-4.066875192005716e+29,0.0,0.0,0.0,0.0,0.0,0.0,0.0,0,0,0,-2.634698694111122e+28,-1.501766109618315e+20,3.274566508371057e+35,-3.806112370543707e+36,241874763776.0,0.0,-9.142,-170724983570432.0,-0.0,-1.7628464215474107e+27,-1.807,6297248858112.0,0.0,0.0,0.0,-0.023,0,1.3516416376850534e+27,226,0.0,452,0.0,0.0,2112,52429,17109,0,17112,52429,17095,0,0,0,101,100,100,-107615240.0,64.5,0.0,65.8,-0.0,65.0,1,49,50,180,52429,52429,0,0,0.0,0.0,0.0,60.0,0.001,71.0,0.0,-0.0,0.0,1069,0,1069,0,0,0,1069,0,1080,0,999,0,653,0,654,0,649,0,680,0.032,1.4536034330083127e+22,0.0,0.0,63888,16813,291348.438,0.0,-9.855002255209907e+36,-0.0,0.0,179583483904.0,50.0,60.0,35,0.0,0.0,10.0,2.0,0.0,0.0,0.0,0.0,0.0,0.0,0.0,0.0,0.0,0.0,0.0,0.0,58.8,44,19,65519,27,65476,0,300,0,0,8,20529,65476,0,0,30147,60.0,0.0,10.0,10.0,2.0,0.0
2026-02-16T12:29:43,ERR,ERR,ERR,ERR,ERR,ERR,ERR,ERR,ERR,ERR,ERR,ERR,ERR,ERR,ERR,ERR,ERR,ERR,ERR,ERR,ERR,ERR,ERR,ERR,ERR,ERR,ERR,ERR,ERR,ERR,ERR,ERR,ERR,ERR,ERR,ERR,ERR,ERR,ERR,ERR,ERR,ERR,ERR,ERR,ERR,ERR,ERR,ERR,ERR,ERR,ERR,ERR,ERR,ERR,ERR,ERR,ERR,ERR,ERR,ERR,ERR,ERR,ERR,ERR,ERR,ERR,ERR,ERR,ERR,ERR,ERR,ERR,ERR,ERR,ERR,ERR,ERR,ERR,ERR,ERR,ERR,ERR,ERR,ERR,ERR,ERR,ERR,ERR,ERR,ERR,ERR,ERR,ERR,ERR,ERR,ERR,ERR,ERR,ERR,ERR,ERR,ERR,ERR,ERR,ERR,ERR,ERR,ERR,ERR,ERR,ERR,ERR,ERR,ERR,ERR,ERR,ERR,ERR,ERR,ERR,ERR,ERR,ERR,ERR,ERR,0.0,-0.0,0.0,0.0,0.0,0.0,8.116555402048555e+25,6.656537882972951e+36,4300,0,8,17169,4300,0.0,41,0.0,0.0,0.0,0.0,2.7184166902131945e+23,0,0,0,0,0.0,0,0,0,0,0,0,0,0,0,0,0,0,0,0,0,0,0,0,0,0,0,0,0,0,0,0,0,0,0,0,0,0,0,13,35,35,47,65476,393,65476,1,0,4,21553,0.0,-107610976.0,0.0,0.0,0.0,0.0,0.0,0.0,0.0,0.0,0.0,0.0,0.0,0.0,0.0,0.0,0.0,0.0,0.0,0.0,0.0,2.004,2.004,-0.0,-0.0,0.0,0.0,0.0,0.0,0.0,6527.0,0.0,0.0,0.0,-0.0,-107616232.0,-0.0,-0.0,0.0,2.004,2.004,226,-2.3088280513417105e+20,-4.066875192005716e+29,0.0,0.0,0.0,0.0,0.0,0.0,0.0,0,0,0,-2.634698694111122e+28,-1.501766109618315e+20,3.274566508371057e+35,-3.806112370543707e+36,241874763776.0,0.0,-9.142,-170724983570432.0,-0.0,-1.7628464215474107e+27,-1.807,6297248858112.0,0.0,0.0,0.0,-0.023,0,1.3516416376850534e+27,226,0.0,452,0.0,0.0,2112,52429,17109,0,17112,52429,17095,0,0,0,101,100,100,-107615240.0,64.9,-107615248.0,65.3,-0.0,65.0,1,49,50,180,52429,52429,0,0,0.0,0.0,0.0,60.0,1894481.75,71.0,0.0,4.599419316952105e+17,0.0,1069,0,1069,0,0,0,1069,0,1080,0,999,0,653,0,654,0,649,0,680,0.032,1.4536034330083127e+22,0.0,0.0,3600,16814,907140982112256.0,4.599419316952105e+17,522753.156,-846215936.0,1.5428210251279164e+29,-0.0,50.0,60.0,35,0.0,0.0,10.0,2.0,0.0,0.0,0.0,0.0,0.0,0.0,0.0,0.0,0.0,0.0,0.0,0.0,58.8,44,19,65520,27,65476,0,65476,0,0,2,20529,65476,0,0,30147,60.0,0.0,10.0,10.0,2.0,0.0
2026-02-16T12:29:44,ERR,ERR,ERR,ERR,ERR,ERR,ERR,ERR,ERR,ERR,ERR,ERR,ERR,ERR,ERR,ERR,ERR,ERR,ERR,ERR,ERR,ERR,ERR,ERR,ERR,ERR,ERR,ERR,ERR,ERR,ERR,ERR,ERR,ERR,ERR,ERR,ERR,ERR,ERR,ERR,ERR,ERR,ERR,ERR,ERR,ERR,ERR,ERR,ERR,ERR,ERR,ERR,ERR,ERR,ERR,ERR,ERR,ERR,ERR,ERR,ERR,ERR,ERR,ERR,ERR,ERR,ERR,ERR,ERR,ERR,ERR,ERR,ERR,ERR,ERR,ERR,ERR,ERR,ERR,ERR,ERR,ERR,ERR,ERR,ERR,ERR,ERR,ERR,ERR,ERR,ERR,ERR,ERR,ERR,ERR,ERR,ERR,ERR,ERR,ERR,ERR,ERR,ERR,ERR,ERR,ERR,ERR,ERR,ERR,ERR,ERR,ERR,ERR,ERR,ERR,ERR,ERR,ERR,ERR,ERR,ERR,ERR,ERR,ERR,ERR,0.0,-0.0,0.0,0.0,0.0,0.0,8.116555402048555e+25,6.656537882972951e+36,4300,0,8,17169,4300,0.0,41,0.0,0.0,0.0,0.0,2.7184166902131945e+23,0,0,0,0,0.0,0,0,0,0,0,0,0,0,0,0,0,0,0,0,0,0,0,0,0,0,0,0,0,0,0,0,0,0,0,0,0,0,0,13,35,35,47,65476,393,65476,1,0,4,21553,0.0,-107610976.0,0.0,0.0,0.0,0.0,0.0,0.0,0.0,0.0,0.0,0.0,0.0,0.0,0.0,0.0,0.0,0.0,0.0,0.0,0.0,2.004,2.004,-0.0,-0.0,0.0,0.0,0.0,0.0,0.0,6527.0,0.0,0.0,0.0,-0.0,-107616232.0,-0.0,-0.0,0.0,2.004,2.004,226,-2.3088280513417105e+20,-4.066875192005716e+29,0.0,0.0,0.0,0.0,0.0,0.0,0.0,0,0,0,-2.634698694111122e+28,-1.501766109618315e+20,3.274566508371057e+35,-3.806112370543707e+36,241874763776.0,0.0,-9.142,-170724983570432.0,-0.0,-1.7628464215474107e+27,-1.807,6297248858112.0,0.0,0.0,0.0,-0.023,0,1.3516416376850534e+27,226,0.0,452,0.0,0.0,2112,52429,17109,0,17112,52429,17095,0,0,0,101,100,100,-107615240.0,64.9,-107615248.0,65.3,-0.0,65.0,1,49,50,180,52429,52429,0,0,0.0,0.0,0.0,60.0,1894481.75,71.0,0.0,4.599419316952105e+17,0.0,1069,0,1069,0,0,0,1069,0,1080,0,999,0,653,0,654,0,649,0,680,0.032,1.4536034330083127e+22,0.0,0.0,3600,16814,907140982112256.0,4.599419316952105e+17,522753.156,-846215936.0,1.5428210251279164e+29,-0.0,50.0,60.0,35,0.0,0.0,10.0,2.0,0.0,0.0,0.0,0.0,0.0,0.0,0.0,0.0,0.0,0.0,0.0,0.0,58.8,44,19,65520,27,65476,0,300,0,0,4,20529,65476,0,0,30147,60.0,0.0,10.0,10.0,2.0,0.0
2026-02-16T12:29:45,ERR,ERR,ERR,ERR,ERR,ERR,ERR,ERR,ERR,ERR,ERR,ERR,ERR,ERR,ERR,ERR,ERR,ERR,ERR,ERR,ERR,ERR,ERR,ERR,ERR,ERR,ERR,ERR,ERR,ERR,ERR,ERR,ERR,ERR,ERR,ERR,ERR,ERR,ERR,ERR,ERR,ERR,ERR,ERR,ERR,ERR,ERR,ERR,ERR,ERR,ERR,ERR,ERR,ERR,ERR,ERR,ERR,ERR,ERR,ERR,ERR,ERR,ERR,ERR,ERR,ERR,ERR,ERR,ERR,ERR,ERR,ERR,ERR,ERR,ERR,ERR,ERR,ERR,ERR,ERR,ERR,ERR,ERR,ERR,ERR,ERR,ERR,ERR,ERR,ERR,ERR,ERR,ERR,ERR,ERR,ERR,ERR,ERR,ERR,ERR,ERR,ERR,ERR,ERR,ERR,ERR,ERR,ERR,ERR,ERR,ERR,ERR,ERR,ERR,ERR,ERR,ERR,ERR,ERR,ERR,ERR,ERR,ERR,ERR,ERR,0.0,-0.0,0.0,0.0,0.0,0.0,8.116555402048555e+25,6.656537882972951e+36,4300,0,8,17169,4300,0.0,41,0.0,0.0,0.0,0.0,2.7184166902131945e+23,0,0,0,0,0.0,0,0,0,0,0,0,0,0,0,0,0,0,0,0,0,0,0,0,0,0,0,0,0,0,0,0,0,0,0,0,0,0,0,13,35,35,47,65476,393,65476,1,0,4,21553,0.0,-107610976.0,0.0,0.0,0.0,0.0,0.0,0.0,0.0,0.0,0.0,0.0,0.0,0.0,0.0,0.0,0.0,0.0,0.0,0.0,0.0,2.004,2.004,-0.0,-0.0,0.0,0.0,0.0,0.0,0.0,6527.0,0.0,0.0,0.0,-0.0,-107616232.0,-0.0,-0.0,0.0,2.004,2.004,226,-2.3088280513417105e+20,-4.066875192005716e+29,0.0,0.0,0.0,0.0,0.0,0.0,0.0,0,0,0,-2.634698694111122e+28,-1.501766109618315e+20,3.274566508371057e+35,-3.806112370543707e+36,241874763776.0,0.0,-9.142,-170724983570432.0,-0.0,-1.7628464215474107e+27,-1.807,6297248858112.0,0.0,0.0,0.0,-0.023,0,1.3516416376850534e+27,226,0.0,452,0.0,0.0,2112,52429,17109,0,17112,52429,17095,0,0,0,101,100,100,-107615240.0,64.9,-107615248.0,65.3,-0.0,65.0,1,49,50,180,52429,52429,0,0,0.0,0.0,0.0,60.0,1894481.75,71.0,0.0,4.599419316952105e+17,0.0,1069,0,1069,0,0,0,1069,0,1080,0,999,0,653,0,654,0,649,0,680,0.032,1.4536034330083127e+22,0.0,0.0,3600,16814,907140982112256.0,4.599419316952105e+17,522753.156,-846215936.0,1.5428210251279164e+29,-0.0,50.0,60.0,35,0.0,0.0,10.0,2.0,0.0,0.0,0.0,0.0,0.0,0.0,0.0,0.0,0.0,0.0,0.0,0.0,58.8,44,19,65520,27,65476,0,300,0,0,4,20529,65476,0,0,30147,60.0,0.0,10.0,10.0,2.0,0.0
2026-02-16T12:29:46,ERR,ERR,ERR,ERR,ERR,ERR,ERR,ERR,ERR,ERR,ERR,ERR,ERR,ERR,ERR,ERR,ERR,ERR,ERR,ERR,ERR,ERR,ERR,ERR,ERR,ERR,ERR,ERR,ERR,ERR,ERR,ERR,ERR,ERR,ERR,ERR,ERR,ERR,ERR,ERR,ERR,ERR,ERR,ERR,ERR,ERR,ERR,ERR,ERR,ERR,ERR,ERR,ERR,ERR,ERR,ERR,ERR,ERR,ERR,ERR,ERR,ERR,ERR,ERR,ERR,ERR,ERR,ERR,ERR,ERR,ERR,ERR,ERR,ERR,ERR,ERR,ERR,ERR,ERR,ERR,ERR,ERR,ERR,ERR,ERR,ERR,ERR,ERR,ERR,ERR,ERR,ERR,ERR,ERR,ERR,ERR,ERR,ERR,ERR,ERR,ERR,ERR,ERR,ERR,ERR,ERR,ERR,ERR,ERR,ERR,ERR,ERR,ERR,ERR,ERR,ERR,ERR,ERR,ERR,ERR,ERR,ERR,ERR,ERR,ERR,0.0,-0.0,0.0,0.0,0.0,5.0757578022065216e+33,0.0,0.0,4300,0,8,17169,4300,0.0,41,0.0,0.0,0.0,0.0,2.7184166902131945e+23,0,0,0,0,0.0,0,0,0,0,0,0,0,0,0,0,0,0,0,0,0,0,0,0,0,0,0,0,0,0,0,0,0,0,0,0,0,0,0,13,35,35,47,65476,396,65476,1,0,4,21553,0.0,0.0,0.0,0.0,0.0,0.0,0.0,0.0,0.0,0.0,0.0,0.0,0.0,0.0,0.0,0.0,0.0,0.0,0.0,0.0,0.0,2.004,2.004,-0.0,-0.0,0.0,0.0,0.0,0.0,0.0,6496.0,3.6972068044433e+19,0.0,0.0,-0.0,-107616232.0,-0.0,0.0,0.0,2.004,2.004,225,-4.9504015179484054e+32,0.0,0.0,0.0,0.0,0.0,0.0,0.0,0.0,0,0,0,-1.6205203459975454e+23,-0.0,-0.0,0.0,9.817529420733854e+29,-0.0,0.0,0.011,0.0,-1.878903300230415e+27,-1.901,6709565718528.0,0.0,0.0,0.0,-0.0,0,1.3516416376850534e+27,225,0.0,450,0.0,0.0,2112,52429,17109,0,17112,52429,17095,0,0,0,101,100,100,-107615240.0,64.9,-107615248.0,65.3,-0.0,65.0,1,49,50,180,52429,52429,0,0,0.0,0.0,0.0,60.0,1894481.75,71.0,0.0,4.599419316952105e+17,0.0,1069,0,1069,0,0,0,1069,0,1080,0,999,0,653,0,654,0,649,0,680,0.032,1.4536034330083127e+22,0.0,0.0,3600,16814,907140982112256.0,4.599419316952105e+17,522753.156,-846215936.0,1.5428210251279164e+29,-0.0,50.0,60.0,35,0.0,0.0,10.0,2.0,0.0,0.0,0.0,0.0,0.0,0.0,0.0,0.0,0.0,0.0,0.0,0.0,58.8,43,19,65520,27,65476,0,65476,1,0,4,20529,65476,0,0,30147,60.0,0.0,10.0,10.0,2.0,0.0
2026-02-16T12:29:47,ERR,ERR,ERR,ERR,ERR,ERR,ERR,ERR,ERR,ERR,ERR,ERR,ERR,ERR,ERR,ERR,ERR,ERR,ERR,ERR,ERR,ERR,ERR,ERR,ERR,ERR,ERR,ERR,ERR,ERR,ERR,ERR,ERR,ERR,ERR,ERR,ERR,ERR,ERR,ERR,ERR,ERR,ERR,ERR,ERR,ERR,ERR,ERR,ERR,ERR,ERR,ERR,ERR,ERR,ERR,ERR,ERR,ERR,ERR,ERR,ERR,ERR,ERR,ERR,ERR,ERR,ERR,ERR,ERR,ERR,ERR,ERR,ERR,ERR,ERR,ERR,ERR,ERR,ERR,ERR,ERR,ERR,ERR,ERR,ERR,ERR,ERR,ERR,ERR,ERR,ERR,ERR,ERR,ERR,ERR,ERR,ERR,ERR,ERR,ERR,ERR,ERR,ERR,ERR,ERR,ERR,ERR,ERR,ERR,ERR,ERR,ERR,ERR,ERR,ERR,ERR,ERR,ERR,ERR,ERR,ERR,ERR,ERR,ERR,ERR,0.0,-0.0,0.0,0.0,0.0,5.0757578022065216e+33,0.0,0.0,4300,0,8,17169,4300,0.0,41,0.0,0.0,0.0,0.0,2.7184166902131945e+23,0,0,0,0,0.0,0,0,0,0,0,0,0,0,0,0,0,0,0,0,0,0,0,0,0,0,0,0,0,0,0,0,0,0,0,0,0,0,0,13,35,35,47,65476,396,65476,1,0,4,21553,0.0,0.0,0.0,0.0,0.0,0.0,0.0,0.0,0.0,0.0,0.0,0.0,0.0,0.0,0.0,0.0,0.0,0.0,0.0,0.0,0.0,2.004,2.004,-0.0,-0.0,0.0,0.0,0.0,0.0,0.0,6496.0,3.6972068044433e+19,0.0,0.0,-0.0,-107616232.0,-0.0,0.0,0.0,2.004,2.004,225,-4.9504015179484054e+32,0.0,0.0,0.0,0.0,0.0,0.0,0.0,0.0,0,0,0,-1.6205203459975454e+23,-0.0,-0.0,0.0,9.817529420733854e+29,-0.0,0.0,0.011,0.0,-1.878903300230415e+27,-1.901,6709565718528.0,0.0,0.0,0.0,-0.0,0,1.3516416376850534e+27,225,0.0,450,0.0,0.0,2112,52429,17109,0,17112,52429,17095,0,0,0,101,100,100,-107615240.0,64.9,-107615248.0,65.3,-0.0,65.0,1,49,50,180,52429,52429,0,0,0.0,0.0,0.0,60.0,217354.219,71.0,0.0,1172125566107648.0,0.0,1069,0,1069,0,0,0,1069,0,1080,0,999,0,653,0,655,0,649,0,680,0.032,1.4536034330083127e+22,0.0,0.0,12176,16814,217354.219,1172125566107648.0,0.0,31840.463,0.0,4.938465662474575e+26,50.0,60.0,35,0.0,0.0,10.0,2.0,0.0,0.0,0.0,0.0,0.0,0.0,0.0,0.0,0.0,0.0,0.0,0.0,58.8,43,19,65520,27,65476,81,300,0,0,8,20529,65476,0,0,30147,60.0,0.0,10.0,10.0,2.0,0.0
2026-02-16T12:29:48,ERR,ERR,ERR,ERR,ERR,ERR,ERR,ERR,ERR,ERR,ERR,ERR,ERR,ERR,ERR,ERR,ERR,ERR,ERR,ERR,ERR,ERR,ERR,ERR,ERR,ERR,ERR,ERR,ERR,ERR,ERR,ERR,ERR,ERR,ERR,ERR,ERR,ERR,ERR,ERR,ERR,ERR,ERR,ERR,ERR,ERR,ERR,ERR,ERR,ERR,ERR,ERR,ERR,ERR,ERR,ERR,ERR,ERR,ERR,ERR,ERR,ERR,ERR,ERR,ERR,ERR,ERR,ERR,ERR,ERR,ERR,ERR,ERR,ERR,ERR,ERR,ERR,ERR,ERR,ERR,ERR,ERR,ERR,ERR,ERR,ERR,ERR,ERR,ERR,ERR,ERR,ERR,ERR,ERR,ERR,ERR,ERR,ERR,ERR,ERR,ERR,ERR,ERR,ERR,ERR,ERR,ERR,ERR,ERR,ERR,ERR,ERR,ERR,ERR,ERR,ERR,ERR,ERR,ERR,ERR,ERR,ERR,ERR,ERR,ERR,0.0,-0.0,0.0,0.0,0.0,5.0757578022065216e+33,0.0,0.0,4300,0,8,17169,4300,0.0,41,0.0,0.0,0.0,0.0,2.7184166902131945e+23,0,0,0,0,0.0,0,0,0,0,0,0,0,0,0,0,0,0,0,0,0,0,0,0,0,0,0,0,0,0,0,0,0,0,0,0,0,0,0,13,35,35,47,65476,396,65476,1,0,4,21553,0.0,0.0,0.0,0.0,0.0,0.0,0.0,0.0,0.0,0.0,0.0,0.0,0.0,0.0,0.0,0.0,0.0,0.0,0.0,0.0,0.0,2.004,2.004,-0.0,-0.0,0.0,0.0,0.0,0.0,0.0,6496.0,3.6972068044433e+19,0.0,0.0,-0.0,-107616232.0,-0.0,0.0,0.0,2.004,2.004,225,-4.9504015179484054e+32,0.0,0.0,0.0,0.0,0.0,0.0,0.0,0.0,0,0,0,-1.6205203459975454e+23,-0.0,-0.0,0.0,9.817529420733854e+29,-0.0,0.0,0.011,0.0,-1.878903300230415e+27,-1.901,6709565718528.0,0.0,0.0,0.0,-0.0,0,1.3516416376850534e+27,225,0.0,450,0.0,0.0,2112,52429,17109,0,17112,52429,17095,0,0,0,101,100,100,-107615240.0,64.9,-107615248.0,65.3,-0.0,65.0,1,49,50,180,52429,52429,0,0,0.0,0.0,0.0,60.0,217354.219,71.0,0.0,1172125566107648.0,0.0,1069,0,1069,0,0,0,1069,0,1080,0,999,0,653,0,655,0,649,0,680,0.032,1.4536034330083127e+22,0.0,0.0,12176,16814,217354.219,1172125566107648.0,0.0,31840.463,0.0,4.938465662474575e+26,50.0,60.0,35,0.0,0.0,10.0,2.0,0.0,0.0,0.0,0.0,0.0,0.0,0.0,0.0,0.0,0.0,0.0,0.0,58.8,43,19,65520,27,65476,81,300,0,0,8,20529,65476,0,0,30147,60.0,0.0,10.0,10.0,2.0,0.0
2026-02-16T12:29:49,ERR,ERR,ERR,ERR,ERR,ERR,ERR,ERR,ERR,ERR,ERR,ERR,ERR,ERR,ERR,ERR,ERR,ERR,ERR,ERR,ERR,ERR,ERR,ERR,ERR,ERR,ERR,ERR,ERR,ERR,ERR,ERR,ERR,ERR,ERR,ERR,ERR,ERR,ERR,ERR,ERR,ERR,ERR,ERR,ERR,ERR,ERR,ERR,ERR,ERR,ERR,ERR,ERR,ERR,ERR,ERR,ERR,ERR,ERR,ERR,ERR,ERR,ERR,ERR,ERR,ERR,ERR,ERR,ERR,ERR,ERR,ERR,ERR,ERR,ERR,ERR,ERR,ERR,ERR,ERR,ERR,ERR,ERR,ERR,ERR,ERR,ERR,ERR,ERR,ERR,ERR,ERR,ERR,ERR,ERR,ERR,ERR,ERR,ERR,ERR,ERR,ERR,ERR,ERR,ERR,ERR,ERR,ERR,ERR,ERR,ERR,ERR,ERR,ERR,ERR,ERR,ERR,ERR,ERR,ERR,ERR,ERR,ERR,ERR,ERR,0.0,-0.0,0.0,0.0,0.0,5.0757578022065216e+33,0.0,0.0,4300,0,8,17169,4300,0.0,41,0.0,0.0,0.0,0.0,2.7184166902131945e+23,0,0,0,0,0.0,0,0,0,0,0,0,0,0,0,0,0,0,0,0,0,0,0,0,0,0,0,0,0,0,0,0,0,0,0,0,0,0,0,13,35,35,47,65476,396,65476,1,0,4,21553,0.0,0.0,0.0,0.0,0.0,0.0,0.0,0.0,0.0,0.0,0.0,0.0,0.0,0.0,0.0,0.0,0.0,0.0,0.0,0.0,0.0,2.004,2.004,-0.0,-0.0,0.0,0.0,0.0,0.0,0.0,6496.0,3.6972068044433e+19,0.0,0.0,-0.0,-107616232.0,-0.0,0.0,0.0,2.004,2.004,225,-4.9504015179484054e+32,0.0,0.0,0.0,0.0,0.0,0.0,0.0,0.0,0,0,0,-1.6205203459975454e+23,-0.0,-0.0,0.0,9.817529420733854e+29,-0.0,0.0,0.011,0.0,-1.878903300230415e+27,-1.901,6709565718528.0,0.0,0.0,0.0,-0.0,0,1.3516416376850534e+27,225,0.0,450,0.0,0.0,2112,52429,17109,0,17112,52429,17095,0,0,0,101,100,100,-107615240.0,64.9,-107615248.0,65.3,-0.0,65.0,1,49,50,180,52429,52429,0,0,0.0,0.0,0.0,60.0,217354.219,71.0,0.0,1172125566107648.0,0.0,1069,0,1069,0,0,0,1069,0,1080,0,999,0,653,0,655,0,649,0,680,0.032,1.4536034330083127e+22,0.0,0.0,12176,16814,217354.219,1172125566107648.0,0.0,31840.463,0.0,4.938465662474575e+26,50.0,60.0,35,0.0,0.0,10.0,2.0,0.0,0.0,0.0,0.0,0.0,0.0,0.0,0.0,0.0,0.0,0.0,0.0,58.8,43,19,65521,27,65476,2,300,0,0,8,20529,65476,0,0,30147,60.0,0.0,10.0,10.0,2.0,0.0
2026-02-16T12:29:50,ERR,ERR,ERR,ERR,ERR,ERR,ERR,ERR,ERR,ERR,ERR,ERR,ERR,ERR,ERR,ERR,ERR,ERR,ERR,ERR,ERR,ERR,ERR,ERR,ERR,ERR,ERR,ERR,ERR,ERR,ERR,ERR,ERR,ERR,ERR,ERR,ERR,ERR,ERR,ERR,ERR,ERR,ERR,ERR,ERR,ERR,ERR,ERR,ERR,ERR,ERR,ERR,ERR,ERR,ERR,ERR,ERR,ERR,ERR,ERR,ERR,ERR,ERR,ERR,ERR,ERR,ERR,ERR,ERR,ERR,ERR,ERR,ERR,ERR,ERR,ERR,ERR,ERR,ERR,ERR,ERR,ERR,ERR,ERR,ERR,ERR,ERR,ERR,ERR,ERR,ERR,ERR,ERR,ERR,ERR,ERR,ERR,ERR,ERR,ERR,ERR,ERR,ERR,ERR,ERR,ERR,ERR,ERR,ERR,ERR,ERR,ERR,ERR,ERR,ERR,ERR,ERR,ERR,ERR,ERR,ERR,ERR,ERR,ERR,ERR,0.0,-0.0,0.0,0.0,0.0,-0.0,4.805595358710333e+28,-8.838328012609946e+17,4300,0,8,17169,4300,0.0,41,0.0,0.0,0.0,0.0,2.7184166902131945e+23,0,0,0,0,0.0,0,0,0,0,0,0,0,0,0,0,0,0,0,0,0,0,0,0,0,0,0,0,0,0,0,0,0,0,0,0,0,0,0,12,35,35,48,65476,399,65476,1,0,4,21553,0.0,0.0,0.0,0.0,0.0,0.0,0.0,0.0,0.0,0.0,0.0,0.0,0.0,0.0,0.0,0.0,0.0,0.0,0.0,0.0,0.0,2.004,2.004,-0.0,-0.0,2.004,0.0,0.0,0.0,0.0,6526.0,2.423001451359961e+24,0.0,0.0,-0.0,-107616232.0,-107616264.0,0.0,0.0,2.004,2.004,226,-152017280434176.0,0.0,0.0,0.0,0.0,0.0,0.0,0.0,0.0,0,0,0,-4.904110723012859e+25,-4.914463496955627e+26,-0.0,-0.0,2.3452897838265458e+33,-174222753792.0,2.959338767384576e+16,-119997116448768.0,-38607112.0,-1.9949601789134195e+27,-2.004,7121882578944.0,0.0,0.0,0.0,-0.0,0,1.3516416376850534e+27,226,0.0,452,0.0,0.0,2112,52429,17109,0,17112,52429,17095,0,0,0,101,100,100,-107615240.0,64.9,-107615248.0,65.3,-0.0,65.0,1,49,50,180,52429,0,0,0,0.0,0.0,0.0,60.0,9.227881112859293e+24,71.0,0.0,0.0,0.0,1069,0,1069,0,0,0,1069,0,1080,0,999,0,653,0,655,0,649,0,680,0.032,1.4536034330083127e+22,0.0,0.0,11280,16814,1.3018779454590157e+17,-3.749397278898478e+21,-4.4177762686208214e+32,-0.0,0.0,1243612416.0,50.0,60.0,35,0.0,0.0,10.0,2.0,0.0,0.0,0.0,0.0,0.0,0.0,0.0,0.0,0.0,0.0,0.0,0.0,58.8,43,19,65521,27,65476,2,300,0,0,8,20529,65476,0,0,30147,60.0,0.0,10.0,10.0,2.0,0.0
2026-02-16T12:29:51,ERR,ERR,ERR,ERR,ERR,ERR,ERR,ERR,ERR,ERR,ERR,ERR,ERR,ERR,ERR,ERR,ERR,ERR,ERR,ERR,ERR,ERR,ERR,ERR,ERR,ERR,ERR,ERR,ERR,ERR,ERR,ERR,ERR,ERR,ERR,ERR,ERR,ERR,ERR,ERR,ERR,ERR,ERR,ERR,ERR,ERR,ERR,ERR,ERR,ERR,ERR,ERR,ERR,ERR,ERR,ERR,ERR,ERR,ERR,ERR,ERR,ERR,ERR,ERR,ERR,ERR,ERR,ERR,ERR,ERR,ERR,ERR,ERR,ERR,ERR,ERR,ERR,ERR,ERR,ERR,ERR,ERR,ERR,ERR,ERR,ERR,ERR,ERR,ERR,ERR,ERR,ERR,ERR,ERR,ERR,ERR,ERR,ERR,ERR,ERR,ERR,ERR,ERR,ERR,ERR,ERR,ERR,ERR,ERR,ERR,ERR,ERR,ERR,ERR,ERR,ERR,ERR,ERR,ERR,ERR,ERR,ERR,ERR,ERR,ERR,0.0,-0.0,0.0,0.0,0.0,-0.0,4.805595358710333e+28,-8.838328012609946e+17,4300,0,8,17169,4300,0.0,41,0.0,0.0,0.0,0.0,2.7184166902131945e+23,0,0,0,0,0.0,0,0,0,0,0,0,0,0,0,0,0,0,0,0,0,0,0,0,0,0,0,0,0,0,0,0,0,0,0,0,0,0,0,12,35,35,48,65476,399,65476,1,0,4,21553,0.0,0.0,0.0,0.0,0.0,0.0,0.0,0.0,0.0,0.0,0.0,0.0,0.0,0.0,0.0,0.0,0.0,0.0,0.0,0.0,0.0,2.004,2.004,-0.0,-0.0,2.004,0.0,0.0,0.0,0.0,6526.0,2.423001451359961e+24,0.0,0.0,-0.0,-107616232.0,-107616264.0,0.0,0.0,2.004,2.004,226,-152017280434176.0,0.0,0.0,0.0,0.0,0.0,0.0,0.0,0.0,0,0,0,-4.904110723012859e+25,-4.914463496955627e+26,-0.0,-0.0,2.3452897838265458e+33,-174222753792.0,2.959338767384576e+16,-119997116448768.0,-38607112.0,-1.9949601789134195e+27,-2.004,7121882578944.0,0.0,0.0,0.0,-0.0,0,1.3516416376850534e+27,226,0.0,452,0.0,0.0,2112,52429,17109,0,17112,52429,17095,0,0,0,101,100,100,-107615240.0,64.9,-107615248.0,65.3,-0.0,65.0,1,49,50,180,52429,0,0,0,0.0,0.0,0.0,60.0,9.227881112859293e+24,71.0,0.0,0.0,0.0,1069,0,1069,0,0,0,1069,0,1080,0,999,0,653,0,655,0,649,0,680,0.032,1.4536034330083127e+22,0.0,0.0,11280,16814,1.3018779454590157e+17,-3.749397278898478e+21,-4.4177762686208214e+32,-0.0,0.0,1243612416.0,50.0,60.0,35,0.0,0.0,10.0,2.0,0.0,0.0,0.0,0.0,0.0,0.0,0.0,0.0,0.0,0.0,0.0,0.0,59.2,45,18,65518,27,65476,0,300,0,0,8,20529,65476,0,0,30147,60.0,0.0,10.0,10.0,2.0,0.0
2026-02-16T12:29:52,ERR,ERR,ERR,ERR,ERR,ERR,ERR,ERR,ERR,ERR,ERR,ERR,ERR,ERR,ERR,ERR,ERR,ERR,ERR,ERR,ERR,ERR,ERR,ERR,ERR,ERR,ERR,ERR,ERR,ERR,ERR,ERR,ERR,ERR,ERR,ERR,ERR,ERR,ERR,ERR,ERR,ERR,ERR,ERR,ERR,ERR,ERR,ERR,ERR,ERR,ERR,ERR,ERR,ERR,ERR,ERR,ERR,ERR,ERR,ERR,ERR,ERR,ERR,ERR,ERR,ERR,ERR,ERR,ERR,ERR,ERR,ERR,ERR,ERR,ERR,ERR,ERR,ERR,ERR,ERR,ERR,ERR,ERR,ERR,ERR,ERR,ERR,ERR,ERR,ERR,ERR,ERR,ERR,ERR,ERR,ERR,ERR,ERR,ERR,ERR,ERR,ERR,ERR,ERR,ERR,ERR,ERR,ERR,ERR,ERR,ERR,ERR,ERR,ERR,ERR,ERR,ERR,ERR,ERR,ERR,ERR,ERR,ERR,ERR,ERR,0.0,-0.0,0.0,0.0,0.0,-0.0,4.805595358710333e+28,-8.838328012609946e+17,4300,0,8,17169,4300,0.0,41,0.0,0.0,0.0,0.0,2.7184166902131945e+23,0,0,0,0,0.0,0,0,0,0,0,0,0,0,0,0,0,0,0,0,0,0,0,0,0,0,0,0,0,0,0,0,0,0,0,0,0,0,0,12,35,35,48,65476,399,65476,1,0,4,21553,0.0,0.0,0.0,0.0,0.0,0.0,0.0,0.0,0.0,0.0,0.0,0.0,0.0,0.0,0.0,0.0,0.0,0.0,0.0,0.0,0.0,2.004,2.004,-0.0,-0.0,2.004,0.0,0.0,0.0,0.0,6526.0,2.423001451359961e+24,0.0,0.0,-0.0,-107616232.0,-107616264.0,0.0,0.0,2.004,2.004,226,-152017280434176.0,0.0,0.0,0.0,0.0,0.0,0.0,0.0,0.0,0,0,0,-4.904110723012859e+25,-4.914463496955627e+26,-0.0,-0.0,2.3452897838265458e+33,-174222753792.0,2.959338767384576e+16,-119997116448768.0,-38607112.0,-1.9949601789134195e+27,-2.004,7121882578944.0,0.0,0.0,0.0,-0.0,0,1.3516416376850534e+27,226,0.0,452,0.0,0.0,2112,52429,17109,0,17112,52429,17095,0,0,0,101,100,100,-107615240.0,64.9,-107615248.0,65.3,-0.0,65.0,1,49,50,180,52429,0,0,0,0.0,0.0,0.0,60.0,9.227881112859293e+24,71.0,0.0,0.0,0.0,1069,0,1069,0,0,0,1069,0,1080,0,999,0,653,0,655,0,649,0,680,0.032,1.4536034330083127e+22,0.0,0.0,11280,16814,1.3018779454590157e+17,-3.749397278898478e+21,-4.4177762686208214e+32,-0.0,0.0,1243612416.0,50.0,60.0,35,0.0,0.0,10.0,2.0,0.0,0.0,0.0,0.0,0.0,0.0,0.0,0.0,0.0,0.0,0.0,0.0,58.8,48,16,65515,27,65476,0,300,0,0,8,20529,65476,0,0,30147,60.0,0.0,10.0,10.0,2.0,0.0
2026-02-16T12:29:53,ERR,ERR,ERR,ERR,ERR,ERR,ERR,ERR,ERR,ERR,ERR,ERR,ERR,ERR,ERR,ERR,ERR,ERR,ERR,ERR,ERR,ERR,ERR,ERR,ERR,ERR,ERR,ERR,ERR,ERR,ERR,ERR,ERR,ERR,ERR,ERR,ERR,ERR,ERR,ERR,ERR,ERR,ERR,ERR,ERR,ERR,ERR,ERR,ERR,ERR,ERR,ERR,ERR,ERR,ERR,ERR,ERR,ERR,ERR,ERR,ERR,ERR,ERR,ERR,ERR,ERR,ERR,ERR,ERR,ERR,ERR,ERR,ERR,ERR,ERR,ERR,ERR,ERR,ERR,ERR,ERR,ERR,ERR,ERR,ERR,ERR,ERR,ERR,ERR,ERR,ERR,ERR,ERR,ERR,ERR,ERR,ERR,ERR,ERR,ERR,ERR,ERR,ERR,ERR,ERR,ERR,ERR,ERR,ERR,ERR,ERR,ERR,ERR,ERR,ERR,ERR,ERR,ERR,ERR,ERR,ERR,ERR,ERR,ERR,ERR,0.0,-0.0,0.0,0.0,0.0,-0.0,4.805595358710333e+28,-8.838328012609946e+17,4300,0,8,17169,4300,0.0,41,0.0,0.0,0.0,0.0,2.7184166902131945e+23,0,0,0,0,0.0,0,0,0,0,0,0,0,0,0,0,0,0,0,0,0,0,0,0,0,0,0,0,0,0,0,0,0,0,0,0,0,0,0,12,35,35,48,65476,399,65476,1,0,4,21553,0.0,0.0,0.0,0.0,0.0,0.0,0.0,0.0,0.0,0.0,0.0,0.0,0.0,0.0,0.0,0.0,0.0,0.0,0.0,0.0,0.0,2.004,2.004,-0.0,-0.0,2.004,0.0,0.0,0.0,0.0,6526.0,2.423001451359961e+24,0.0,0.0,-0.0,-107616232.0,-107616264.0,0.0,0.0,2.004,2.004,226,-152017280434176.0,0.0,0.0,0.0,0.0,0.0,0.0,0.0,0.0,0,0,0,-4.904110723012859e+25,-4.914463496955627e+26,-0.0,-0.0,2.3452897838265458e+33,-174222753792.0,2.959338767384576e+16,-119997116448768.0,-38607112.0,-1.9949601789134195e+27,-2.004,7121882578944.0,0.0,0.0,0.0,-0.0,0,1.3516416376850534e+27,226,0.0,452,0.0,0.0,2112,52429,17109,0,17112,52429,17095,0,0,0,101,100,100,-107615240.0,64.5,0.0,65.8,-0.0,65.0,1,49,50,180,52429,52429,0,0,0.0,0.0,0.0,60.0,6193685725184.0,71.0,0.0,-0.0,0.0,1069,0,1069,0,0,0,1070,0,1080,0,999,0,653,0,655,0,649,0,680,0.032,1.4536034330083127e+22,0.0,0.0,20112,16814,1.6236375507426345e+18,-0.0,6.216581445409964e+33,199840197771264.0,-0.0,-0.01,50.0,60.0,35,0.0,0.0,10.0,2.0,0.0,0.0,0.0,0.0,0.0,0.0,0.0,0.0,0.0,0.0,0.0,0.0,58.8,48,16,65515,27,65476,0,300,0,0,8,20529,65476,0,0,30147,60.0,0.0,10.0,10.0,2.0,0.0
2026-02-16T12:29:54,ERR,ERR,ERR,ERR,ERR,ERR,ERR,ERR,ERR,ERR,ERR,ERR,ERR,ERR,ERR,ERR,ERR,ERR,ERR,ERR,ERR,ERR,ERR,ERR,ERR,ERR,ERR,ERR,ERR,ERR,ERR,ERR,ERR,ERR,ERR,ERR,ERR,ERR,ERR,ERR,ERR,ERR,ERR,ERR,ERR,ERR,ERR,ERR,ERR,ERR,ERR,ERR,ERR,ERR,ERR,ERR,ERR,ERR,ERR,ERR,ERR,ERR,ERR,ERR,ERR,ERR,ERR,ERR,ERR,ERR,ERR,ERR,ERR,ERR,ERR,ERR,ERR,ERR,ERR,ERR,ERR,ERR,ERR,ERR,ERR,ERR,ERR,ERR,ERR,ERR,ERR,ERR,ERR,ERR,ERR,ERR,ERR,ERR,ERR,ERR,ERR,ERR,ERR,ERR,ERR,ERR,ERR,ERR,ERR,ERR,ERR,ERR,ERR,ERR,ERR,ERR,ERR,ERR,ERR,ERR,ERR,ERR,ERR,ERR,ERR,0.0,-0.0,0.0,0.0,0.0,-0.0,4.805595358710333e+28,-8.838328012609946e+17,4300,0,8,17169,4300,0.0,41,0.0,0.0,0.0,0.0,2.7184166902131945e+23,0,0,0,0,0.0,0,0,0,0,0,0,0,0,0,0,0,0,0,0,0,0,0,0,0,0,0,0,0,0,0,0,0,0,0,0,0,0,0,12,35,35,48,65476,399,65476,1,0,4,21553,0.0,0.0,0.0,0.0,0.0,0.0,0.0,0.0,0.0,0.0,0.0,0.0,0.0,0.0,0.0,0.0,0.0,0.0,0.0,0.0,0.0,2.004,2.004,-0.0,-0.0,2.004,0.0,0.0,0.0,0.0,6526.0,2.423001451359961e+24,0.0,0.0,-0.0,-107616232.0,-107616264.0,0.0,0.0,2.004,2.004,226,-152017280434176.0,0.0,0.0,0.0,0.0,0.0,0.0,0.0,0.0,0,0,0,-4.904110723012859e+25,-4.914463496955627e+26,-0.0,-0.0,2.3452897838265458e+33,-174222753792.0,2.959338767384576e+16,-119997116448768.0,-38607112.0,-1.9949601789134195e+27,-2.004,7121882578944.0,0.0,0.0,0.0,-0.0,0,1.3516416376850534e+27,226,0.0,452,0.0,0.0,2112,52429,17109,0,17112,52429,17095,0,0,0,101,100,100,-107615240.0,64.5,0.0,65.8,-0.0,65.0,1,49,50,180,52429,52429,0,0,0.0,0.0,0.0,60.0,6193685725184.0,71.0,0.0,-0.0,0.0,1069,0,1069,0,0,0,1070,0,1080,0,999,0,653,0,655,0,649,0,680,0.032,1.4536034330083127e+22,0.0,0.0,20112,16814,1.6236375507426345e+18,-0.0,6.216581445409964e+33,199840197771264.0,-0.0,-0.01,50.0,60.0,35,0.0,0.0,10.0,2.0,0.0,0.0,0.0,0.0,0.0,0.0,0.0,0.0,0.0,0.0,0.0,0.0,58.8,50,14,65513,27,65476,0,300,0,0,8,20529,65476,0,0,30147,60.0,0.0,10.0,10.0,2.0,0.0
2026-02-16T12:29:55,ERR,ERR,ERR,ERR,ERR,ERR,ERR,ERR,ERR,ERR,ERR,ERR,ERR,ERR,ERR,ERR,ERR,ERR,ERR,ERR,ERR,ERR,ERR,ERR,ERR,ERR,ERR,ERR,ERR,ERR,ERR,ERR,ERR,ERR,ERR,ERR,ERR,ERR,ERR,ERR,ERR,ERR,ERR,ERR,ERR,ERR,ERR,ERR,ERR,ERR,ERR,ERR,ERR,ERR,ERR,ERR,ERR,ERR,ERR,ERR,ERR,ERR,ERR,ERR,ERR,ERR,ERR,ERR,ERR,ERR,ERR,ERR,ERR,ERR,ERR,ERR,ERR,ERR,ERR,ERR,ERR,ERR,ERR,ERR,ERR,ERR,ERR,ERR,ERR,ERR,ERR,ERR,ERR,ERR,ERR,ERR,ERR,ERR,ERR,ERR,ERR,ERR,ERR,ERR,ERR,ERR,ERR,ERR,ERR,ERR,ERR,ERR,ERR,ERR,ERR,ERR,ERR,ERR,ERR,ERR,ERR,ERR,ERR,ERR,ERR,0.0,-0.0,0.0,0.0,0.0,-2.6115476401499794e+24,-1.166,-0.0,4300,0,8,17169,4300,0.0,41,0.0,0.0,0.0,0.0,2.7184166902131945e+23,0,0,0,0,0.0,0,0,0,0,0,0,0,0,0,0,0,0,0,0,0,0,0,0,0,0,0,0,0,0,0,0,0,0,0,0,0,0,0,13,35,35,48,65476,399,65476,1,0,4,21553,0.0,0.0,0.0,0.0,0.0,0.0,0.0,0.0,0.0,0.0,0.0,0.0,0.0,0.0,0.0,0.0,0.0,0.0,0.0,0.0,0.0,2.004,2.004,-0.0,-0.0,3.69707618246192e+19,0.0,0.0,0.0,0.0,6524.0,-0.0,0.0,0.0,-0.0,-107616232.0,-2.7184507374263774e+23,0.0,0.0,2.004,2.004,227,-2.3088280513417105e+20,152018253512704.0,0.0,0.0,0.0,0.0,0.0,0.0,0.0,0,0,0,0.0,0.0,-0.0,0.0,-0.0,0.0,-0.0,0.0,0.0,-2.120688464153341e+27,-2.192,7534199439360.0,0.0,0.0,0.0,2.529637337574639e+37,0,1.3516416376850534e+27,227,0.0,454,-74360974999552.0,0.0,2112,52429,17109,0,17112,52429,17095,0,0,0,101,100,100,-107615240.0,64.5,0.0,65.8,-0.0,65.0,1,49,50,180,52429,52429,0,0,0.0,0.0,0.0,60.0,6193685725184.0,71.0,0.0,-0.0,0.0,1069,0,1069,0,0,0,1070,0,1080,0,999,0,653,0,655,0,649,0,680,0.032,1.4536034330083127e+22,0.0,0.0,20112,16814,1.6236375507426345e+18,-0.0,6.216581445409964e+33,199840197771264.0,-0.0,-0.01,50.0,60.0,35,0.0,0.0,10.0,2.0,0.0,0.0,0.0,0.0,0.0,0.0,0.0,0.0,0.0,0.0,0.0,0.0,58.8,53,12,65510,27,65476,0,300,0,0,8,20529,65476,0,0,30147,60.0,0.0,10.0,10.0,2.0,0.0
2026-02-16T12:29:56,ERR,ERR,ERR,ERR,ERR,ERR,ERR,ERR,ERR,ERR,ERR,ERR,ERR,ERR,ERR,ERR,ERR,ERR,ERR,ERR,ERR,ERR,ERR,ERR,ERR,ERR,ERR,ERR,ERR,ERR,ERR,ERR,ERR,ERR,ERR,ERR,ERR,ERR,ERR,ERR,ERR,ERR,ERR,ERR,ERR,ERR,ERR,ERR,ERR,ERR,ERR,ERR,ERR,ERR,ERR,ERR,ERR,ERR,ERR,ERR,ERR,ERR,ERR,ERR,ERR,ERR,ERR,ERR,ERR,ERR,ERR,ERR,ERR,ERR,ERR,ERR,ERR,ERR,ERR,ERR,ERR,ERR,ERR,ERR,ERR,ERR,ERR,ERR,ERR,ERR,ERR,ERR,ERR,ERR,ERR,ERR,ERR,ERR,ERR,ERR,ERR,ERR,ERR,ERR,ERR,ERR,ERR,ERR,ERR,ERR,ERR,ERR,ERR,ERR,ERR,ERR,ERR,ERR,ERR,ERR,ERR,ERR,ERR,ERR,ERR,0.0,-0.0,0.0,0.0,0.0,-2.6115476401499794e+24,-1.166,-0.0,4300,0,8,17169,4300,0.0,41,0.0,0.0,0.0,0.0,2.7184166902131945e+23,0,0,0,0,0.0,0,0,0,0,0,0,0,0,0,0,0,0,0,0,0,0,0,0,0,0,0,0,0,0,0,0,0,0,0,0,0,0,0,13,35,35,48,65476,399,65476,1,0,4,21553,0.0,0.0,0.0,0.0,0.0,0.0,0.0,0.0,0.0,0.0,0.0,0.0,0.0,0.0,0.0,0.0,0.0,0.0,0.0,0.0,0.0,2.004,2.004,-0.0,-0.0,3.69707618246192e+19,0.0,0.0,0.0,0.0,6524.0,-0.0,0.0,0.0,-0.0,-107616232.0,-2.7184507374263774e+23,0.0,0.0,2.004,2.004,227,-2.3088280513417105e+20,152018253512704.0,0.0,0.0,0.0,0.0,0.0,0.0,0.0,0,0,0,0.0,0.0,-0.0,0.0,-0.0,0.0,-0.0,0.0,0.0,-2.120688464153341e+27,-2.192,7534199439360.0,0.0,0.0,0.0,2.529637337574639e+37,0,1.3516416376850534e+27,227,0.0,454,-74360974999552.0,0.0,2112,52429,17109,0,17112,52429,17095,0,0,0,101,100,100,-107615240.0,64.5,0.0,65.8,-0.0,65.0,1,49,50,180,52429,52429,0,0,0.0,0.0,0.0,60.0,6193685725184.0,71.0,0.0,-0.0,0.0,1069,0,1069,0,0,0,1070,0,1080,0,999,0,653,0,655,0,649,0,680,0.032,1.4536034330083127e+22,0.0,0.0,20112,16814,1.6236375507426345e+18,-0.0,6.216581445409964e+33,199840197771264.0,-0.0,-0.01,50.0,60.0,35,0.0,0.0,10.0,2.0,0.0,0.0,0.0,0.0,0.0,0.0,0.0,0.0,0.0,0.0,0.0,0.0,58.8,53,12,65510,27,65476,0,300,0,0,8,20529,65476,0,0,30147,60.0,0.0,10.0,10.0,2.0,0.0
2026-02-16T12:29:57,ERR,ERR,ERR,ERR,ERR,ERR,ERR,ERR,ERR,ERR,ERR,ERR,ERR,ERR,ERR,ERR,ERR,ERR,ERR,ERR,ERR,ERR,ERR,ERR,ERR,ERR,ERR,ERR,ERR,ERR,ERR,ERR,ERR,ERR,ERR,ERR,ERR,ERR,ERR,ERR,ERR,ERR,ERR,ERR,ERR,ERR,ERR,ERR,ERR,ERR,ERR,ERR,ERR,ERR,ERR,ERR,ERR,ERR,ERR,ERR,ERR,ERR,ERR,ERR,ERR,ERR,ERR,ERR,ERR,ERR,ERR,ERR,ERR,ERR,ERR,ERR,ERR,ERR,ERR,ERR,ERR,ERR,ERR,ERR,ERR,ERR,ERR,ERR,ERR,ERR,ERR,ERR,ERR,ERR,ERR,ERR,ERR,ERR,ERR,ERR,ERR,ERR,ERR,ERR,ERR,ERR,ERR,ERR,ERR,ERR,ERR,ERR,ERR,ERR,ERR,ERR,ERR,ERR,ERR,ERR,ERR,ERR,ERR,ERR,ERR,0.0,-0.0,0.0,0.0,0.0,-2.6115476401499794e+24,-1.166,-0.0,4300,0,8,17169,4300,0.0,41,0.0,0.0,0.0,0.0,2.7184166902131945e+23,0,0,0,0,0.0,0,0,0,0,0,0,0,0,0,0,0,0,0,0,0,0,0,0,0,0,0,0,0,0,0,0,0,0,0,0,0,0,0,13,35,35,48,65476,399,65476,1,0,4,21553,0.0,0.0,0.0,0.0,0.0,0.0,0.0,0.0,0.0,0.0,0.0,0.0,0.0,0.0,0.0,0.0,0.0,0.0,0.0,0.0,0.0,2.004,2.004,-0.0,-0.0,3.69707618246192e+19,0.0,0.0,0.0,0.0,6524.0,-0.0,0.0,0.0,-0.0,-107616232.0,-2.7184507374263774e+23,0.0,0.0,2.004,2.004,227,-2.3088280513417105e+20,152018253512704.0,0.0,0.0,0.0,0.0,0.0,0.0,0.0,0,0,0,0.0,0.0,-0.0,0.0,-0.0,0.0,-0.0,0.0,0.0,-2.120688464153341e+27,-2.192,7534199439360.0,0.0,0.0,0.0,2.529637337574639e+37,0,1.3516416376850534e+27,227,0.0,454,-74360974999552.0,0.0,2112,52429,17109,0,17112,52429,17095,0,0,0,101,100,100,-107615240.0,64.5,0.0,65.8,-0.0,65.0,1,49,50,180,52429,52429,0,0,0.0,0.0,0.0,60.0,5.022701936685403e+19,71.0,0.0,0.0,0.0,1069,0,1069,0,0,0,1069,0,1080,0,999,0,653,0,655,0,649,0,680,0.032,1.4462247353788288e+22,0.0,0.0,12688,16814,5.022701936685403e+19,0.0,0.0,0.0,709.025,2.570956291439517e+31,50.0,60.0,35,0.0,0.0,10.0,2.0,0.0,0.0,0.0,0.0,0.0,0.0,0.0,0.0,0.0,0.0,0.0,0.0,58.8,55,11,65508,27,65476,0,300,0,0,8,20529,65476,0,0,30147,60.0,0.0,10.0,10.0,2.0,0.0
2026-02-16T12:29:58,ERR,ERR,ERR,ERR,ERR,ERR,ERR,ERR,ERR,ERR,ERR,ERR,ERR,ERR,ERR,ERR,ERR,ERR,ERR,ERR,ERR,ERR,ERR,ERR,ERR,ERR,ERR,ERR,ERR,ERR,ERR,ERR,ERR,ERR,ERR,ERR,ERR,ERR,ERR,ERR,ERR,ERR,ERR,ERR,ERR,ERR,ERR,ERR,ERR,ERR,ERR,ERR,ERR,ERR,ERR,ERR,ERR,ERR,ERR,ERR,ERR,ERR,ERR,ERR,ERR,ERR,ERR,ERR,ERR,ERR,ERR,ERR,ERR,ERR,ERR,ERR,ERR,ERR,ERR,ERR,ERR,ERR,ERR,ERR,ERR,ERR,ERR,ERR,ERR,ERR,ERR,ERR,ERR,ERR,ERR,ERR,ERR,ERR,ERR,ERR,ERR,ERR,ERR,ERR,ERR,ERR,ERR,ERR,ERR,ERR,ERR,ERR,ERR,ERR,ERR,ERR,ERR,ERR,ERR,ERR,ERR,ERR,ERR,ERR,ERR,0.0,-0.0,0.0,0.0,0.0,-2.6115476401499794e+24,-1.166,-0.0,4300,0,8,17169,4300,0.0,41,0.0,0.0,0.0,0.0,2.7184166902131945e+23,0,0,0,0,0.0,0,0,0,0,0,0,0,0,0,0,0,0,0,0,0,0,0,0,0,0,0,0,0,0,0,0,0,0,0,0,0,0,0,13,35,35,48,65476,399,65476,1,0,4,21553,0.0,0.0,0.0,0.0,0.0,0.0,0.0,0.0,0.0,0.0,0.0,0.0,0.0,0.0,0.0,0.0,0.0,0.0,0.0,0.0,0.0,2.004,2.004,-0.0,-0.0,3.69707618246192e+19,0.0,0.0,0.0,0.0,6524.0,-0.0,0.0,0.0,-0.0,-107616232.0,-2.7184507374263774e+23,0.0,0.0,2.004,2.004,227,-2.3088280513417105e+20,152018253512704.0,0.0,0.0,0.0,0.0,0.0,0.0,0.0,0,0,0,0.0,0.0,-0.0,0.0,-0.0,0.0,-0.0,0.0,0.0,-2.120688464153341e+27,-2.192,7534199439360.0,0.0,0.0,0.0,2.529637337574639e+37,0,1.3516416376850534e+27,227,0.0,454,-74360974999552.0,0.0,2112,52429,17109,0,17112,52429,17095,0,0,0,101,100,100,-107615240.0,64.5,0.0,65.8,-0.0,65.0,1,49,50,180,52429,52429,0,0,0.0,0.0,0.0,60.0,5.022701936685403e+19,71.0,0.0,0.0,0.0,1069,0,1069,0,0,0,1069,0,1080,0,999,0,653,0,655,0,649,0,680,0.032,1.4462247353788288e+22,0.0,0.0,12688,16814,5.022701936685403e+19,0.0,0.0,0.0,709.025,2.570956291439517e+31,50.0,60.0,35,0.0,0.0,10.0,2.0,0.0,0.0,0.0,0.0,0.0,0.0,0.0,0.0,0.0,0.0,0.0,0.0,58.8,55,11,65508,27,65476,0,300,0,0,8,20529,65476,0,0,30147,60.0,0.0,10.0,10.0,2.0,0.0
2026-02-16T12:29:59,ERR,ERR,ERR,ERR,ERR,ERR,ERR,ERR,ERR,ERR,ERR,ERR,ERR,ERR,ERR,ERR,ERR,ERR,ERR,ERR,ERR,ERR,ERR,ERR,ERR,ERR,ERR,ERR,ERR,ERR,ERR,ERR,ERR,ERR,ERR,ERR,ERR,ERR,ERR,ERR,ERR,ERR,ERR,ERR,ERR,ERR,ERR,ERR,ERR,ERR,ERR,ERR,ERR,ERR,ERR,ERR,ERR,ERR,ERR,ERR,ERR,ERR,ERR,ERR,ERR,ERR,ERR,ERR,ERR,ERR,ERR,ERR,ERR,ERR,ERR,ERR,ERR,ERR,ERR,ERR,ERR,ERR,ERR,ERR,ERR,ERR,ERR,ERR,ERR,ERR,ERR,ERR,ERR,ERR,ERR,ERR,ERR,ERR,ERR,ERR,ERR,ERR,ERR,ERR,ERR,ERR,ERR,ERR,ERR,ERR,ERR,ERR,ERR,ERR,ERR,ERR,ERR,ERR,ERR,ERR,ERR,ERR,ERR,ERR,ERR,0.0,-0.0,0.0,0.0,0.0,-2.6115476401499794e+24,-1.166,-0.0,4300,0,8,17169,4300,0.0,41,0.0,0.0,0.0,0.0,2.7184166902131945e+23,0,0,0,0,0.0,0,0,0,0,0,0,0,0,0,0,0,0,0,0,0,0,0,0,0,0,0,0,0,0,0,0,0,0,0,0,0,0,0,13,35,35,48,65476,399,65476,1,0,4,21553,0.0,0.0,0.0,0.0,0.0,0.0,0.0,0.0,0.0,0.0,0.0,0.0,0.0,0.0,0.0,0.0,0.0,0.0,0.0,0.0,0.0,2.004,2.004,-0.0,-0.0,3.69707618246192e+19,0.0,0.0,0.0,0.0,6524.0,-0.0,0.0,0.0,-0.0,-107616232.0,-2.7184507374263774e+23,0.0,0.0,2.004,2.004,227,-2.3088280513417105e+20,152018253512704.0,0.0,0.0,0.0,0.0,0.0,0.0,0.0,0,0,0,0.0,0.0,-0.0,0.0,-0.0,0.0,-0.0,0.0,0.0,-2.120688464153341e+27,-2.192,7534199439360.0,0.0,0.0,0.0,2.529637337574639e+37,0,1.3516416376850534e+27,227,0.0,454,-74360974999552.0,0.0,2112,52429,17109,0,17112,52429,17095,0,0,0,101,100,100,-107615240.0,64.5,0.0,65.8,-0.0,65.0,1,49,50,180,52429,52429,0,0,0.0,0.0,0.0,60.0,5.022701936685403e+19,71.0,0.0,0.0,0.0,1069,0,1069,0,0,0,1069,0,1080,0,999,0,653,0,655,0,649,0,680,0.032,1.4462247353788288e+22,0.0,0.0,12688,16814,5.022701936685403e+19,0.0,0.0,0.0,709.025,2.570956291439517e+31,50.0,60.0,35,0.0,0.0,10.0,2.0,0.0,0.0,0.0,0.0,0.0,0.0,0.0,0.0,0.0,0.0,0.0,0.0,58.8,59,9,65504,27,65476,0,300,0,0,8,20529,65476,0,0,30147,60.0,0.0,10.0,10.0,2.0,0.0
2026-02-16T12:30:00,ERR,ERR,ERR,ERR,ERR,ERR,ERR,ERR,ERR,ERR,ERR,ERR,ERR,ERR,ERR,ERR,ERR,ERR,ERR,ERR,ERR,ERR,ERR,ERR,ERR,ERR,ERR,ERR,ERR,ERR,ERR,ERR,ERR,ERR,ERR,ERR,ERR,ERR,ERR,ERR,ERR,ERR,ERR,ERR,ERR,ERR,ERR,ERR,ERR,ERR,ERR,ERR,ERR,ERR,ERR,ERR,ERR,ERR,ERR,ERR,ERR,ERR,ERR,ERR,ERR,ERR,ERR,ERR,ERR,ERR,ERR,ERR,ERR,ERR,ERR,ERR,ERR,ERR,ERR,ERR,ERR,ERR,ERR,ERR,ERR,ERR,ERR,ERR,ERR,ERR,ERR,ERR,ERR,ERR,ERR,ERR,ERR,ERR,ERR,ERR,ERR,ERR,ERR,ERR,ERR,ERR,ERR,ERR,ERR,ERR,ERR,ERR,ERR,ERR,ERR,ERR,ERR,ERR,ERR,ERR,ERR,ERR,ERR,ERR,ERR,0.0,-0.0,0.0,0.0,0.0,0.0,0.0,6.916628258901834e+31,4300,0,8,17169,4300,0.0,41,0.0,0.0,0.0,0.0,2.7184166902131945e+23,0,0,0,0,0.0,0,0,0,0,0,0,0,0,0,0,0,0,0,0,0,0,0,0,0,0,0,0,0,0,0,0,0,0,0,0,0,0,0,13,35,35,48,65476,401,65476,1,0,4,21553,0.0,-0.0,0.0,0.0,0.0,0.0,0.0,0.0,0.0,0.0,0.0,0.0,0.0,0.0,0.0,0.0,0.0,0.0,0.0,0.0,0.0,2.004,2.004,-0.0,-0.0,3.69707618246192e+19,0.0,0.0,0.0,0.0,6525.0,-2.004,0.0,0.0,-0.0,-107616232.0,-2.7184507374263774e+23,0.0,0.0,2.004,2.004,226,-152017280434176.0,2.7184278591402704e+23,0.0,0.0,0.0,0.0,0.0,0.0,0.0,0,0,0,-7.796993511361515e+34,-0.0,-0.0,0.0,-0.0,-2.1243446017153145e+20,-0.201,-0.0,-1.2199243587271852e+27,-2.2270739362794283e+27,-2.379,7980876038144.0,0.0,0.0,0.0,-0.0,0,1.3516416376850534e+27,226,0.0,452,0.0,0.0,2112,52429,17109,0,17112,52429,17095,0,0,0,101,100,100,-107615240.0,64.5,0.0,65.8,-0.0,65.0,1,49,50,180,52429,52429,0,0,0.0,0.0,0.0,60.0,1.688704795529709e+28,71.0,0.0,-0.0,0.0,1069,0,1069,0,0,0,1069,0,1080,0,999,0,653,0,655,0,650,0,680,0.032,1.4609821306377965e+22,0.0,0.0,3472,16814,2.146055107517612e+18,0.0,0.0,-4.253633301607924e+30,2.770703551200179e+19,-0.0,50.0,60.0,35,0.0,0.0,10.0,2.0,0.0,0.0,0.0,0.0,0.0,0.0,0.0,0.0,0.0,0.0,0.0,0.0,58.8,58,9,65505,27,65476,0,65476,0,0,2,20529,65476,0,0,30147,60.0,0.0,10.0,10.0,2.0,0.0
2026-02-16T12:30:01,ERR,ERR,ERR,ERR,ERR,ERR,ERR,ERR,ERR,ERR,ERR,ERR,ERR,ERR,ERR,ERR,ERR,ERR,ERR,ERR,ERR,ERR,ERR,ERR,ERR,ERR,ERR,ERR,ERR,ERR,ERR,ERR,ERR,ERR,ERR,ERR,ERR,ERR,ERR,ERR,ERR,ERR,ERR,ERR,ERR,ERR,ERR,ERR,ERR,ERR,ERR,ERR,ERR,ERR,ERR,ERR,ERR,ERR,ERR,ERR,ERR,ERR,ERR,ERR,ERR,ERR,ERR,ERR,ERR,ERR,ERR,ERR,ERR,ERR,ERR,ERR,ERR,ERR,ERR,ERR,ERR,ERR,ERR,ERR,ERR,ERR,ERR,ERR,ERR,ERR,ERR,ERR,ERR,ERR,ERR,ERR,ERR,ERR,ERR,ERR,ERR,ERR,ERR,ERR,ERR,ERR,ERR,ERR,ERR,ERR,ERR,ERR,ERR,ERR,ERR,ERR,ERR,ERR,ERR,ERR,ERR,ERR,ERR,ERR,ERR,0.0,-0.0,0.0,0.0,0.0,0.0,0.0,6.916628258901834e+31,4300,0,8,17169,4300,0.0,41,0.0,0.0,0.0,0.0,2.7184166902131945e+23,0,0,0,0,0.0,0,0,0,0,0,0,0,0,0,0,0,0,0,0,0,0,0,0,0,0,0,0,0,0,0,0,0,0,0,0,0,0,0,13,35,35,48,65476,401,65476,1,0,4,21553,0.0,-0.0,0.0,0.0,0.0,0.0,0.0,0.0,0.0,0.0,0.0,0.0,0.0,0.0,0.0,0.0,0.0,0.0,0.0,0.0,0.0,2.004,2.004,-0.0,-0.0,3.69707618246192e+19,0.0,0.0,0.0,0.0,6525.0,-2.004,0.0,0.0,-0.0,-107616232.0,-2.7184507374263774e+23,0.0,0.0,2.004,2.004,226,-152017280434176.0,2.7184278591402704e+23,0.0,0.0,0.0,0.0,0.0,0.0,0.0,0,0,0,-7.796993511361515e+34,-0.0,-0.0,0.0,-0.0,-2.1243446017153145e+20,-0.201,-0.0,-1.2199243587271852e+27,-2.2270739362794283e+27,-2.379,7980876038144.0,0.0,0.0,0.0,-0.0,0,1.3516416376850534e+27,226,0.0,452,0.0,0.0,2112,52429,17109,0,17112,52429,17095,0,0,0,101,100,100,-107615240.0,64.5,0.0,65.8,-0.0,65.0,1,49,50,180,52429,52429,0,0,0.0,0.0,0.0,60.0,1.688704795529709e+28,71.0,0.0,-0.0,0.0,1069,0,1069,0,0,0,1069,0,1080,0,999,0,653,0,655,0,650,0,680,0.032,1.4609821306377965e+22,0.0,0.0,3472,16814,2.146055107517612e+18,0.0,0.0,-4.253633301607924e+30,2.770703551200179e+19,-0.0,50.0,60.0,35,0.0,0.0,10.0,2.0,0.0,0.0,0.0,0.0,0.0,0.0,0.0,0.0,0.0,0.0,0.0,0.0,58.8,58,9,65505,27,65476,0,65476,0,0,2,20529,65476,0,0,30147,60.0,0.0,10.0,10.0,2.0,0.0
2026-02-16T12:30:02,ERR,ERR,ERR,ERR,ERR,ERR,ERR,ERR,ERR,ERR,ERR,ERR,ERR,ERR,ERR,ERR,ERR,ERR,ERR,ERR,ERR,ERR,ERR,ERR,ERR,ERR,ERR,ERR,ERR,ERR,ERR,ERR,ERR,ERR,ERR,ERR,ERR,ERR,ERR,ERR,ERR,ERR,ERR,ERR,ERR,ERR,ERR,ERR,ERR,ERR,ERR,ERR,ERR,ERR,ERR,ERR,ERR,ERR,ERR,ERR,ERR,ERR,ERR,ERR,ERR,ERR,ERR,ERR,ERR,ERR,ERR,ERR,ERR,ERR,ERR,ERR,ERR,ERR,ERR,ERR,ERR,ERR,ERR,ERR,ERR,ERR,ERR,ERR,ERR,ERR,ERR,ERR,ERR,ERR,ERR,ERR,ERR,ERR,ERR,ERR,ERR,ERR,ERR,ERR,ERR,ERR,ERR,ERR,ERR,ERR,ERR,ERR,ERR,ERR,ERR,ERR,ERR,ERR,ERR,ERR,ERR,ERR,ERR,ERR,ERR,0.0,-0.0,0.0,0.0,0.0,0.0,0.0,6.916628258901834e+31,4300,0,8,17169,4300,0.0,41,0.0,0.0,0.0,0.0,2.7184166902131945e+23,0,0,0,0,0.0,0,0,0,0,0,0,0,0,0,0,0,0,0,0,0,0,0,0,0,0,0,0,0,0,0,0,0,0,0,0,0,0,0,13,35,35,48,65476,401,65476,1,0,4,21553,0.0,-0.0,0.0,0.0,0.0,0.0,0.0,0.0,0.0,0.0,0.0,0.0,0.0,0.0,0.0,0.0,0.0,0.0,0.0,0.0,0.0,2.004,2.004,-0.0,-0.0,3.69707618246192e+19,0.0,0.0,0.0,0.0,6525.0,-2.004,0.0,0.0,-0.0,-107616232.0,-2.7184507374263774e+23,0.0,0.0,2.004,2.004,226,-152017280434176.0,2.7184278591402704e+23,0.0,0.0,0.0,0.0,0.0,0.0,0.0,0,0,0,-7.796993511361515e+34,-0.0,-0.0,0.0,-0.0,-2.1243446017153145e+20,-0.201,-0.0,-1.2199243587271852e+27,-2.2270739362794283e+27,-2.379,7980876038144.0,0.0,0.0,0.0,-0.0,0,1.3516416376850534e+27,226,0.0,452,0.0,0.0,2112,52429,17109,0,17112,52429,17095,0,0,0,101,100,100,-107615240.0,64.5,0.0,65.8,-0.0,65.0,1,49,50,180,52429,52429,0,0,0.0,0.0,0.0,60.0,1.688704795529709e+28,71.0,0.0,-0.0,0.0,1069,0,1069,0,0,0,1069,0,1080,0,999,0,653,0,655,0,650,0,680,0.032,1.4609821306377965e+22,0.0,0.0,3472,16814,2.146055107517612e+18,0.0,0.0,-4.253633301607924e+30,2.770703551200179e+19,-0.0,50.0,60.0,35,0.0,0.0,10.0,2.0,0.0,0.0,0.0,0.0,0.0,0.0,0.0,0.0,0.0,0.0,0.0,0.0,58.8,58,9,65505,27,65476,0,300,0,0,4,20529,65476,0,0,30147,60.0,0.0,10.0,10.0,2.0,0.0
2026-02-16T12:30:03,ERR,ERR,ERR,ERR,ERR,ERR,ERR,ERR,ERR,ERR,ERR,ERR,ERR,ERR,ERR,ERR,ERR,ERR,ERR,ERR,ERR,ERR,ERR,ERR,ERR,ERR,ERR,ERR,ERR,ERR,ERR,ERR,ERR,ERR,ERR,ERR,ERR,ERR,ERR,ERR,ERR,ERR,ERR,ERR,ERR,ERR,ERR,ERR,ERR,ERR,ERR,ERR,ERR,ERR,ERR,ERR,ERR,ERR,ERR,ERR,ERR,ERR,ERR,ERR,ERR,ERR,ERR,ERR,ERR,ERR,ERR,ERR,ERR,ERR,ERR,ERR,ERR,ERR,ERR,ERR,ERR,ERR,ERR,ERR,ERR,ERR,ERR,ERR,ERR,ERR,ERR,ERR,ERR,ERR,ERR,ERR,ERR,ERR,ERR,ERR,ERR,ERR,ERR,ERR,ERR,ERR,ERR,ERR,ERR,ERR,ERR,ERR,ERR,ERR,ERR,ERR,ERR,ERR,ERR,ERR,ERR,ERR,ERR,ERR,ERR,0.0,-0.0,0.0,0.0,0.0,0.0,0.0,6.916628258901834e+31,4300,0,8,17169,4300,0.0,41,0.0,0.0,0.0,0.0,2.7184166902131945e+23,0,0,0,0,0.0,0,0,0,0,0,0,0,0,0,0,0,0,0,0,0,0,0,0,0,0,0,0,0,0,0,0,0,0,0,0,0,0,0,13,35,35,48,65476,401,65476,1,0,4,21553,0.0,-0.0,0.0,0.0,0.0,0.0,0.0,0.0,0.0,0.0,0.0,0.0,0.0,0.0,0.0,0.0,0.0,0.0,0.0,0.0,0.0,2.004,2.004,-0.0,-0.0,3.69707618246192e+19,0.0,0.0,0.0,0.0,6525.0,-2.004,0.0,0.0,-0.0,-107616232.0,-2.7184507374263774e+23,0.0,0.0,2.004,2.004,226,-152017280434176.0,2.7184278591402704e+23,0.0,0.0,0.0,0.0,0.0,0.0,0.0,0,0,0,-7.796993511361515e+34,-0.0,-0.0,0.0,-0.0,-2.1243446017153145e+20,-0.201,-0.0,-1.2199243587271852e+27,-2.2270739362794283e+27,-2.379,7980876038144.0,0.0,0.0,0.0,-0.0,0,1.3516416376850534e+27,226,0.0,452,0.0,0.0,2114,52429,17109,0,17112,52429,17095,0,0,0,101,100,100,-107615240.0,64.5,0.0,65.8,-0.0,65.0,1,49,50,180,52429,52429,0,0,0.0,0.0,0.0,60.0,2.3780156561483524e+20,71.0,0.0,0.0,0.0,1069,0,1069,0,0,0,1070,0,1080,0,999,0,653,0,655,0,650,0,680,0.032,1.4536034330083127e+22,0.0,0.0,16016,16814,70511669280768.0,0.0,0.0,3.3709951544847698e+34,0.0,4.454345801413427e+16,50.0,60.0,35,0.0,0.0,10.0,2.0,0.0,0.0,0.0,0.0,0.0,0.0,0.0,0.0,0.0,0.0,0.0,0.0,58.8,57,10,65506,27,65476,0,300,0,0,8,20529,65476,0,0,30147,60.0,0.0,10.0,10.0,2.0,0.0
2026-02-16T12:30:04,ERR,ERR,ERR,ERR,ERR,ERR,ERR,ERR,ERR,ERR,ERR,ERR,ERR,ERR,ERR,ERR,ERR,ERR,ERR,ERR,ERR,ERR,ERR,ERR,ERR,ERR,ERR,ERR,ERR,ERR,ERR,ERR,ERR,ERR,ERR,ERR,ERR,ERR,ERR,ERR,ERR,ERR,ERR,ERR,ERR,ERR,ERR,ERR,ERR,ERR,ERR,ERR,ERR,ERR,ERR,ERR,ERR,ERR,ERR,ERR,ERR,ERR,ERR,ERR,ERR,ERR,ERR,ERR,ERR,ERR,ERR,ERR,ERR,ERR,ERR,ERR,ERR,ERR,ERR,ERR,ERR,ERR,ERR,ERR,ERR,ERR,ERR,ERR,ERR,ERR,ERR,ERR,ERR,ERR,ERR,ERR,ERR,ERR,ERR,ERR,ERR,ERR,ERR,ERR,ERR,ERR,ERR,ERR,ERR,ERR,ERR,ERR,ERR,ERR,ERR,ERR,ERR,ERR,ERR,ERR,ERR,ERR,ERR,ERR,ERR,0.0,-0.0,0.0,0.0,0.0,0.013,34937812.0,195988283195392.0,4300,0,8,17169,4300,0.0,41,0.0,0.0,0.0,0.0,2.7184166902131945e+23,0,0,0,0,0.0,0,0,0,0,0,0,0,0,0,0,0,0,0,0,0,0,0,0,0,0,0,0,0,0,0,0,0,0,0,0,0,0,0,12,36,36,48,65476,402,65476,1,0,4,21553,0.0,0.0,0.0,0.0,0.0,0.0,0.0,0.0,0.0,0.0,0.0,0.0,0.0,0.0,0.0,0.0,0.0,0.0,0.0,0.0,0.0,2.004,2.004,-0.0,-0.0,2.004,0.0,0.0,0.0,0.0,6559.0,0.0,0.0,0.0,-0.0,-107616232.0,-107616264.0,0.0,0.0,2.004,2.004,226,-152017280434176.0,-0.0,0.0,0.0,0.0,0.0,0.0,0.0,0.0,0,0,0,-1.6166168603404913e+34,-0.0,-0.0,0.0,2.191340379399364e+26,9.748615329742213e+32,0.0,-0.0,-9.104394226928164e+26,-2.3431308149624327e+27,-2.567,8358833160192.0,0.0,0.0,0.0,-0.0,0,1.3516416376850534e+27,225,0.0,450,0.0,0.0,2114,52429,17109,0,17112,52429,17095,0,0,0,101,100,100,-107615240.0,64.5,0.0,65.8,-0.0,65.0,1,49,50,180,52429,52429,0,0,0.0,0.0,0.0,60.0,2.3780156561483524e+20,71.0,0.0,0.0,0.0,1069,0,1069,0,0,0,1070,0,1080,0,999,0,653,0,655,0,650,0,680,0.032,1.4536034330083127e+22,0.0,0.0,16016,16814,70511669280768.0,0.0,0.0,3.3709951544847698e+34,0.0,4.454345801413427e+16,50.0,60.0,35,0.0,0.0,10.0,2.0,0.0,0.0,0.0,0.0,0.0,0.0,0.0,0.0,0.0,0.0,0.0,0.0,58.8,57,10,65506,27,65476,0,300,0,0,8,20529,65476,0,0,30147,60.0,0.0,10.0,10.0,2.0,0.0
2026-02-16T12:30:05,ERR,ERR,ERR,ERR,ERR,ERR,ERR,ERR,ERR,ERR,ERR,ERR,ERR,ERR,ERR,ERR,ERR,ERR,ERR,ERR,ERR,ERR,ERR,ERR,ERR,ERR,ERR,ERR,ERR,ERR,ERR,ERR,ERR,ERR,ERR,ERR,ERR,ERR,ERR,ERR,ERR,ERR,ERR,ERR,ERR,ERR,ERR,ERR,ERR,ERR,ERR,ERR,ERR,ERR,ERR,ERR,ERR,ERR,ERR,ERR,ERR,ERR,ERR,ERR,ERR,ERR,ERR,ERR,ERR,ERR,ERR,ERR,ERR,ERR,ERR,ERR,ERR,ERR,ERR,ERR,ERR,ERR,ERR,ERR,ERR,ERR,ERR,ERR,ERR,ERR,ERR,ERR,ERR,ERR,ERR,ERR,ERR,ERR,ERR,ERR,ERR,ERR,ERR,ERR,ERR,ERR,ERR,ERR,ERR,ERR,ERR,ERR,ERR,ERR,ERR,ERR,ERR,ERR,ERR,ERR,ERR,ERR,ERR,ERR,ERR,0.0,-0.0,0.0,0.0,0.0,0.013,34937812.0,195988283195392.0,4300,0,8,17169,4300,0.0,41,0.0,0.0,0.0,0.0,2.7184166902131945e+23,0,0,0,0,0.0,0,0,0,0,0,0,0,0,0,0,0,0,0,0,0,0,0,0,0,0,0,0,0,0,0,0,0,0,0,0,0,0,0,12,36,36,48,65476,402,65476,1,0,4,21553,0.0,0.0,0.0,0.0,0.0,0.0,0.0,0.0,0.0,0.0,0.0,0.0,0.0,0.0,0.0,0.0,0.0,0.0,0.0,0.0,0.0,2.004,2.004,-0.0,-0.0,2.004,0.0,0.0,0.0,0.0,6559.0,0.0,0.0,0.0,-0.0,-107616232.0,-107616264.0,0.0,0.0,2.004,2.004,226,-152017280434176.0,-0.0,0.0,0.0,0.0,0.0,0.0,0.0,0.0,0,0,0,-1.6166168603404913e+34,-0.0,-0.0,0.0,2.191340379399364e+26,9.748615329742213e+32,0.0,-0.0,-9.104394226928164e+26,-2.3431308149624327e+27,-2.567,8358833160192.0,0.0,0.0,0.0,-0.0,0,1.3516416376850534e+27,225,0.0,450,0.0,0.0,2114,52429,17109,0,17112,52429,17095,0,0,0,101,100,100,-107615240.0,64.5,0.0,65.8,-0.0,65.0,1,49,50,180,52429,52429,0,0,0.0,0.0,0.0,60.0,2.3780156561483524e+20,71.0,0.0,0.0,0.0,1069,0,1069,0,0,0,1070,0,1080,0,999,0,653,0,655,0,650,0,680,0.032,1.4536034330083127e+22,0.0,0.0,16016,16814,70511669280768.0,0.0,0.0,3.3709951544847698e+34,0.0,4.454345801413427e+16,50.0,60.0,35,0.0,0.0,10.0,2.0,0.0,0.0,0.0,0.0,0.0,0.0,0.0,0.0,0.0,0.0,0.0,0.0,58.8,57,10,65506,27,65476,0,300,0,0,8,20529,65476,0,0,30147,60.0,0.0,10.0,10.0,2.0,0.0
2026-02-16T12:30:06,ERR,ERR,ERR,ERR,ERR,ERR,ERR,ERR,ERR,ERR,ERR,ERR,ERR,ERR,ERR,ERR,ERR,ERR,ERR,ERR,ERR,ERR,ERR,ERR,ERR,ERR,ERR,ERR,ERR,ERR,ERR,ERR,ERR,ERR,ERR,ERR,ERR,ERR,ERR,ERR,ERR,ERR,ERR,ERR,ERR,ERR,ERR,ERR,ERR,ERR,ERR,ERR,ERR,ERR,ERR,ERR,ERR,ERR,ERR,ERR,ERR,ERR,ERR,ERR,ERR,ERR,ERR,ERR,ERR,ERR,ERR,ERR,ERR,ERR,ERR,ERR,ERR,ERR,ERR,ERR,ERR,ERR,ERR,ERR,ERR,ERR,ERR,ERR,ERR,ERR,ERR,ERR,ERR,ERR,ERR,ERR,ERR,ERR,ERR,ERR,ERR,ERR,ERR,ERR,ERR,ERR,ERR,ERR,ERR,ERR,ERR,ERR,ERR,ERR,ERR,ERR,ERR,ERR,ERR,ERR,ERR,ERR,ERR,ERR,ERR,0.0,-0.0,0.0,0.0,0.0,0.013,34937812.0,195988283195392.0,4300,0,8,17169,4300,0.0,41,0.0,0.0,0.0,0.0,2.7184166902131945e+23,0,0,0,0,0.0,0,0,0,0,0,0,0,0,0,0,0,0,0,0,0,0,0,0,0,0,0,0,0,0,0,0,0,0,0,0,0,0,0,12,36,36,48,65476,402,65476,1,0,4,21553,0.0,0.0,0.0,0.0,0.0,0.0,0.0,0.0,0.0,0.0,0.0,0.0,0.0,0.0,0.0,0.0,0.0,0.0,0.0,0.0,0.0,2.004,2.004,-0.0,-0.0,2.004,0.0,0.0,0.0,0.0,6559.0,0.0,0.0,0.0,-0.0,-107616232.0,-107616264.0,0.0,0.0,2.004,2.004,226,-152017280434176.0,-0.0,0.0,0.0,0.0,0.0,0.0,0.0,0.0,0,0,0,-1.6166168603404913e+34,-0.0,-0.0,0.0,2.191340379399364e+26,9.748615329742213e+32,0.0,-0.0,-9.104394226928164e+26,-2.3431308149624327e+27,-2.567,8358833160192.0,0.0,0.0,0.0,-0.0,0,1.3516416376850534e+27,225,0.0,450,0.0,0.0,2114,52429,17109,0,17112,52429,17095,0,0,0,101,100,100,-107615240.0,64.5,0.0,65.8,-0.0,65.0,1,49,50,180,52429,52429,0,0,0.0,0.0,0.0,60.0,2.3780156561483524e+20,71.0,0.0,0.0,0.0,1069,0,1069,0,0,0,1070,0,1080,0,999,0,653,0,655,0,650,0,680,0.032,1.4536034330083127e+22,0.0,0.0,16016,16814,70511669280768.0,0.0,0.0,3.3709951544847698e+34,0.0,4.454345801413427e+16,50.0,60.0,35,0.0,0.0,10.0,2.0,0.0,0.0,0.0,0.0,0.0,0.0,0.0,0.0,0.0,0.0,0.0,0.0,58.8,57,10,65506,27,65476,0,300,0,0,8,20529,65476,0,0,30147,60.0,0.0,10.0,10.0,2.0,0.0
2026-02-16T12:30:07,ERR,ERR,ERR,ERR,ERR,ERR,ERR,ERR,ERR,ERR,ERR,ERR,ERR,ERR,ERR,ERR,ERR,ERR,ERR,ERR,ERR,ERR,ERR,ERR,ERR,ERR,ERR,ERR,ERR,ERR,ERR,ERR,ERR,ERR,ERR,ERR,ERR,ERR,ERR,ERR,ERR,ERR,ERR,ERR,ERR,ERR,ERR,ERR,ERR,ERR,ERR,ERR,ERR,ERR,ERR,ERR,ERR,ERR,ERR,ERR,ERR,ERR,ERR,ERR,ERR,ERR,ERR,ERR,ERR,ERR,ERR,ERR,ERR,ERR,ERR,ERR,ERR,ERR,ERR,ERR,ERR,ERR,ERR,ERR,ERR,ERR,ERR,ERR,ERR,ERR,ERR,ERR,ERR,ERR,ERR,ERR,ERR,ERR,ERR,ERR,ERR,ERR,ERR,ERR,ERR,ERR,ERR,ERR,ERR,ERR,ERR,ERR,ERR,ERR,ERR,ERR,ERR,ERR,ERR,ERR,ERR,ERR,ERR,ERR,ERR,0.0,-0.0,0.0,0.0,0.0,0.013,34937812.0,195988283195392.0,4300,0,8,17169,4300,0.0,41,0.0,0.0,0.0,0.0,2.7184166902131945e+23,0,0,0,0,0.0,0,0,0,0,0,0,0,0,0,0,0,0,0,0,0,0,0,0,0,0,0,0,0,0,0,0,0,0,0,0,0,0,0,12,36,36,48,65476,402,65476,1,0,4,21553,0.0,0.0,0.0,0.0,0.0,0.0,0.0,0.0,0.0,0.0,0.0,0.0,0.0,0.0,0.0,0.0,0.0,0.0,0.0,0.0,0.0,2.004,2.004,-0.0,-0.0,2.004,0.0,0.0,0.0,0.0,6559.0,0.0,0.0,0.0,-0.0,-107616232.0,-107616264.0,0.0,0.0,2.004,2.004,226,-152017280434176.0,-0.0,0.0,0.0,0.0,0.0,0.0,0.0,0.0,0,0,0,-1.6166168603404913e+34,-0.0,-0.0,0.0,2.191340379399364e+26,9.748615329742213e+32,0.0,-0.0,-9.104394226928164e+26,-2.3431308149624327e+27,-2.567,8358833160192.0,0.0,0.0,0.0,-0.0,0,1.3516416376850534e+27,225,0.0,450,0.0,0.0,2114,0,17110,0,17112,52429,17095,0,0,0,101,100,100,0.0,65.0,0.0,65.8,-0.0,65.0,1,49,50,180,52429,52429,0,0,0.0,0.0,0.0,60.0,6.348551840198444e+30,71.0,0.0,0.0,0.0,1069,0,1069,0,0,0,1070,0,1080,0,999,0,653,0,655,0,649,0,681,0.032,1.4609821306377965e+22,2.004,0.0,26768,16814,6.348551840198444e+30,0.0,20650280353792.0,-0.0,-0.0,-0.0,50.0,60.0,35,0.0,0.0,10.0,2.0,0.0,0.0,0.0,0.0,0.0,0.0,0.0,0.0,0.0,0.0,0.0,0.0,58.8,57,10,65506,27,65476,0,300,0,0,8,20529,65476,0,0,30147,60.0,0.0,10.0,10.0,2.0,0.0
2026-02-16T12:30:08,ERR,ERR,ERR,ERR,ERR,ERR,ERR,ERR,ERR,ERR,ERR,ERR,ERR,ERR,ERR,ERR,ERR,ERR,ERR,ERR,ERR,ERR,ERR,ERR,ERR,ERR,ERR,ERR,ERR,ERR,ERR,ERR,ERR,ERR,ERR,ERR,ERR,ERR,ERR,ERR,ERR,ERR,ERR,ERR,ERR,ERR,ERR,ERR,ERR,ERR,ERR,ERR,ERR,ERR,ERR,ERR,ERR,ERR,ERR,ERR,ERR,ERR,ERR,ERR,ERR,ERR,ERR,ERR,ERR,ERR,ERR,ERR,ERR,ERR,ERR,ERR,ERR,ERR,ERR,ERR,ERR,ERR,ERR,ERR,ERR,ERR,ERR,ERR,ERR,ERR,ERR,ERR,ERR,ERR,ERR,ERR,ERR,ERR,ERR,ERR,ERR,ERR,ERR,ERR,ERR,ERR,ERR,ERR,ERR,ERR,ERR,ERR,ERR,ERR,ERR,ERR,ERR,ERR,ERR,ERR,ERR,ERR,ERR,ERR,ERR,0.0,-0.0,0.0,0.0,0.0,0.013,34937812.0,195988283195392.0,4300,0,8,17169,4300,0.0,41,0.0,0.0,0.0,0.0,2.7184166902131945e+23,0,0,0,0,0.0,0,0,0,0,0,0,0,0,0,0,0,0,0,0,0,0,0,0,0,0,0,0,0,0,0,0,0,0,0,0,0,0,0,12,36,36,48,65476,402,65476,1,0,4,21553,0.0,0.0,0.0,0.0,0.0,0.0,0.0,0.0,0.0,0.0,0.0,0.0,0.0,0.0,0.0,0.0,0.0,0.0,0.0,0.0,0.0,2.004,2.004,-0.0,-0.0,2.004,0.0,0.0,0.0,0.0,6559.0,0.0,0.0,0.0,-0.0,-107616232.0,-107616264.0,0.0,0.0,2.004,2.004,226,-152017280434176.0,-0.0,0.0,0.0,0.0,0.0,0.0,0.0,0.0,0,0,0,-1.6166168603404913e+34,-0.0,-0.0,0.0,2.191340379399364e+26,9.748615329742213e+32,0.0,-0.0,-9.104394226928164e+26,-2.3431308149624327e+27,-2.567,8358833160192.0,0.0,0.0,0.0,-0.0,0,1.3516416376850534e+27,225,0.0,450,0.0,0.0,2114,0,17110,0,17112,52429,17095,0,0,0,101,100,100,0.0,65.0,0.0,65.8,-0.0,65.0,1,49,50,180,52429,52429,0,0,0.0,0.0,0.0,60.0,6.348551840198444e+30,71.0,0.0,0.0,0.0,1069,0,1069,0,0,0,1070,0,1080,0,999,0,653,0,655,0,649,0,681,0.032,1.4609821306377965e+22,2.004,0.0,26768,16814,6.348551840198444e+30,0.0,20650280353792.0,-0.0,-0.0,-0.0,50.0,60.0,35,0.0,0.0,10.0,2.0,0.0,0.0,0.0,0.0,0.0,0.0,0.0,0.0,0.0,0.0,0.0,0.0,59.2,57,10,65506,27,65476,0,300,0,0,8,20529,65476,0,0,30147,60.0,0.0,10.0,10.0,2.0,0.0
2026-02-16T12:30:09,ERR,ERR,ERR,ERR,ERR,ERR,ERR,ERR,ERR,ERR,ERR,ERR,ERR,ERR,ERR,ERR,ERR,ERR,ERR,ERR,ERR,ERR,ERR,ERR,ERR,ERR,ERR,ERR,ERR,ERR,ERR,ERR,ERR,ERR,ERR,ERR,ERR,ERR,ERR,ERR,ERR,ERR,ERR,ERR,ERR,ERR,ERR,ERR,ERR,ERR,ERR,ERR,ERR,ERR,ERR,ERR,ERR,ERR,ERR,ERR,ERR,ERR,ERR,ERR,ERR,ERR,ERR,ERR,ERR,ERR,ERR,ERR,ERR,ERR,ERR,ERR,ERR,ERR,ERR,ERR,ERR,ERR,ERR,ERR,ERR,ERR,ERR,ERR,ERR,ERR,ERR,ERR,ERR,ERR,ERR,ERR,ERR,ERR,ERR,ERR,ERR,ERR,ERR,ERR,ERR,ERR,ERR,ERR,ERR,ERR,ERR,ERR,ERR,ERR,ERR,ERR,ERR,ERR,ERR,ERR,ERR,ERR,ERR,ERR,ERR,0.0,2.7184527190102135e+23,-0.0,0.0,-0.031,-0.0,-2.1700489251368468e+21,-0.0,4300,0,8,17169,4300,0.0,41,0.0,0.0,0.0,0.0,2.7184166902131945e+23,0,0,0,0,0.0,0,0,0,0,0,0,0,0,0,0,0,0,0,0,0,0,0,0,0,0,0,0,0,0,0,0,0,0,0,0,0,0,0,12,36,36,48,65476,403,65476,1,0,4,21553,0.0,-0.0,0.0,0.0,0.0,0.0,0.0,0.0,0.0,0.0,0.0,0.0,0.0,0.0,0.0,0.0,0.0,0.0,0.0,0.0,0.0,2.004,2.004,-0.0,-2.004,2.004,0.0,0.0,0.0,0.0,6554.0,0.0,0.0,0.0,2.7184527190102135e+23,0.0,-107616264.0,0.0,0.0,2.004,2.004,225,-0.0,-0.0,0.0,0.0,0.0,0.0,0.0,0.0,0.0,0,0,0,-5.458588163642851e+37,0.0,-0.0,1.9561166485564804e+27,-0.0,0.0,0.0,-1.8017107706132824e+20,0.0,-2.481180934947782e+27,-2.754,8814926495744.0,0.0,0.0,0.0,3.388724993584277e+25,0,1.3516416376850534e+27,225,0.0,450,0.0,-0.0,2114,0,17110,0,17112,52429,17095,0,0,0,101,100,100,0.0,65.0,0.0,65.8,-0.0,65.0,1,49,50,180,52429,52429,0,0,0.0,0.0,0.0,60.0,6.348551840198444e+30,71.0,0.0,0.0,0.0,1069,0,1069,0,0,0,1070,0,1080,0,999,0,653,0,655,0,649,0,681,0.032,1.4609821306377965e+22,2.004,0.0,26768,16814,6.348551840198444e+30,0.0,20650280353792.0,-0.0,-0.0,-0.0,50.0,60.0,35,0.0,0.0,10.0,2.0,0.0,0.0,0.0,0.0,0.0,0.0,0.0,0.0,0.0,0.0,0.0,0.0,59.2,57,10,65506,27,65476,0,300,0,0,8,20529,65476,0,0,30147,60.0,0.0,10.0,10.0,2.0,0.0
2026-02-16T12:30:10,ERR,ERR,ERR,ERR,ERR,ERR,ERR,ERR,ERR,ERR,ERR,ERR,ERR,ERR,ERR,ERR,ERR,ERR,ERR,ERR,ERR,ERR,ERR,ERR,ERR,ERR,ERR,ERR,ERR,ERR,ERR,ERR,ERR,ERR,ERR,ERR,ERR,ERR,ERR,ERR,ERR,ERR,ERR,ERR,ERR,ERR,ERR,ERR,ERR,ERR,ERR,ERR,ERR,ERR,ERR,ERR,ERR,ERR,ERR,ERR,ERR,ERR,ERR,ERR,ERR,ERR,ERR,ERR,ERR,ERR,ERR,ERR,ERR,ERR,ERR,ERR,ERR,ERR,ERR,ERR,ERR,ERR,ERR,ERR,ERR,ERR,ERR,ERR,ERR,ERR,ERR,ERR,ERR,ERR,ERR,ERR,ERR,ERR,ERR,ERR,ERR,ERR,ERR,ERR,ERR,ERR,ERR,ERR,ERR,ERR,ERR,ERR,ERR,ERR,ERR,ERR,ERR,ERR,ERR,ERR,ERR,ERR,ERR,ERR,ERR,0.0,2.7184527190102135e+23,-0.0,0.0,-0.031,-0.0,-2.1700489251368468e+21,-0.0,4300,0,8,17169,4300,0.0,41,0.0,0.0,0.0,0.0,2.7184166902131945e+23,0,0,0,0,0.0,0,0,0,0,0,0,0,0,0,0,0,0,0,0,0,0,0,0,0,0,0,0,0,0,0,0,0,0,0,0,0,0,0,12,36,36,48,65476,403,65476,1,0,4,21553,0.0,-0.0,0.0,0.0,0.0,0.0,0.0,0.0,0.0,0.0,0.0,0.0,0.0,0.0,0.0,0.0,0.0,0.0,0.0,0.0,0.0,2.004,2.004,-0.0,-2.004,2.004,0.0,0.0,0.0,0.0,6554.0,0.0,0.0,0.0,2.7184527190102135e+23,0.0,-107616264.0,0.0,0.0,2.004,2.004,225,-0.0,-0.0,0.0,0.0,0.0,0.0,0.0,0.0,0.0,0,0,0,-5.458588163642851e+37,0.0,-0.0,1.9561166485564804e+27,-0.0,0.0,0.0,-1.8017107706132824e+20,0.0,-2.481180934947782e+27,-2.754,8814926495744.0,0.0,0.0,0.0,3.388724993584277e+25,0,1.3516416376850534e+27,225,0.0,450,0.0,-0.0,2114,0,17110,0,17112,52429,17095,0,0,0,101,100,100,0.0,65.0,0.0,65.8,-0.0,65.0,1,49,50,180,52429,52429,0,0,0.0,0.0,0.0,60.0,nan,71.0,0.0,0.0,0.0,1069,0,1069,0,0,0,1069,0,1080,0,999,0,653,0,655,0,650,0,681,0.032,1.4536034330083127e+22,2.004,0.0,22928,16814,8.94643711860823e+27,1.1633220049963057e+21,-0.0,0.0,-0.0,-7053317.0,50.0,60.0,35,0.0,0.0,10.0,2.0,0.0,0.0,0.0,0.0,0.0,0.0,0.0,0.0,0.0,0.0,0.0,0.0,58.8,57,10,65506,27,65476,0,300,0,0,8,20529,65476,0,0,30147,60.0,0.0,10.0,10.0,2.0,0.0
2026-02-16T12:30:11,ERR,ERR,ERR,ERR,ERR,ERR,ERR,ERR,ERR,ERR,ERR,ERR,ERR,ERR,ERR,ERR,ERR,ERR,ERR,ERR,ERR,ERR,ERR,ERR,ERR,ERR,ERR,ERR,ERR,ERR,ERR,ERR,ERR,ERR,ERR,ERR,ERR,ERR,ERR,ERR,ERR,ERR,ERR,ERR,ERR,ERR,ERR,ERR,ERR,ERR,ERR,ERR,ERR,ERR,ERR,ERR,ERR,ERR,ERR,ERR,ERR,ERR,ERR,ERR,ERR,ERR,ERR,ERR,ERR,ERR,ERR,ERR,ERR,ERR,ERR,ERR,ERR,ERR,ERR,ERR,ERR,ERR,ERR,ERR,ERR,ERR,ERR,ERR,ERR,ERR,ERR,ERR,ERR,ERR,ERR,ERR,ERR,ERR,ERR,ERR,ERR,ERR,ERR,ERR,ERR,ERR,ERR,ERR,ERR,ERR,ERR,ERR,ERR,ERR,ERR,ERR,ERR,ERR,ERR,ERR,ERR,ERR,ERR,ERR,ERR,0.0,2.7184527190102135e+23,-0.0,0.0,-0.031,-0.0,-2.1700489251368468e+21,-0.0,4300,0,8,17169,4300,0.0,41,0.0,0.0,0.0,0.0,2.7184166902131945e+23,0,0,0,0,0.0,0,0,0,0,0,0,0,0,0,0,0,0,0,0,0,0,0,0,0,0,0,0,0,0,0,0,0,0,0,0,0,0,0,12,36,36,48,65476,403,65476,1,0,4,21553,0.0,-0.0,0.0,0.0,0.0,0.0,0.0,0.0,0.0,0.0,0.0,0.0,0.0,0.0,0.0,0.0,0.0,0.0,0.0,0.0,0.0,2.004,2.004,-0.0,-2.004,2.004,0.0,0.0,0.0,0.0,6554.0,0.0,0.0,0.0,2.7184527190102135e+23,0.0,-107616264.0,0.0,0.0,2.004,2.004,225,-0.0,-0.0,0.0,0.0,0.0,0.0,0.0,0.0,0.0,0,0,0,-5.458588163642851e+37,0.0,-0.0,1.9561166485564804e+27,-0.0,0.0,0.0,-1.8017107706132824e+20,0.0,-2.481180934947782e+27,-2.754,8814926495744.0,0.0,0.0,0.0,3.388724993584277e+25,0,1.3516416376850534e+27,225,0.0,450,0.0,-0.0,2114,0,17110,0,17112,52429,17095,0,0,0,101,100,100,0.0,65.0,0.0,65.8,-0.0,65.0,1,49,50,180,52429,52429,0,0,0.0,0.0,0.0,60.0,nan,71.0,0.0,0.0,0.0,1069,0,1069,0,0,0,1069,0,1080,0,999,0,653,0,655,0,650,0,681,0.032,1.4536034330083127e+22,2.004,0.0,22928,16814,8.94643711860823e+27,1.1633220049963057e+21,-0.0,0.0,-0.0,-7053317.0,50.0,60.0,35,0.0,0.0,10.0,2.0,0.0,0.0,0.0,0.0,0.0,0.0,0.0,0.0,0.0,0.0,0.0,0.0,58.8,57,10,65506,27,65476,0,300,0,0,8,20529,65476,0,0,30147,60.0,0.0,10.0,10.0,2.0,0.0
2026-02-16T12:30:12,ERR,ERR,ERR,ERR,ERR,ERR,ERR,ERR,ERR,ERR,ERR,ERR,ERR,ERR,ERR,ERR,ERR,ERR,ERR,ERR,ERR,ERR,ERR,ERR,ERR,ERR,ERR,ERR,ERR,ERR,ERR,ERR,ERR,ERR,ERR,ERR,ERR,ERR,ERR,ERR,ERR,ERR,ERR,ERR,ERR,ERR,ERR,ERR,ERR,ERR,ERR,ERR,ERR,ERR,ERR,ERR,ERR,ERR,ERR,ERR,ERR,ERR,ERR,ERR,ERR,ERR,ERR,ERR,ERR,ERR,ERR,ERR,ERR,ERR,ERR,ERR,ERR,ERR,ERR,ERR,ERR,ERR,ERR,ERR,ERR,ERR,ERR,ERR,ERR,ERR,ERR,ERR,ERR,ERR,ERR,ERR,ERR,ERR,ERR,ERR,ERR,ERR,ERR,ERR,ERR,ERR,ERR,ERR,ERR,ERR,ERR,ERR,ERR,ERR,ERR,ERR,ERR,ERR,ERR,ERR,ERR,ERR,ERR,ERR,ERR,0.0,2.7184527190102135e+23,-0.0,0.0,-0.031,-0.0,-2.1700489251368468e+21,-0.0,4300,0,8,17169,4300,0.0,41,0.0,0.0,0.0,0.0,2.7184166902131945e+23,0,0,0,0,0.0,0,0,0,0,0,0,0,0,0,0,0,0,0,0,0,0,0,0,0,0,0,0,0,0,0,0,0,0,0,0,0,0,0,12,36,36,48,65476,403,65476,1,0,4,21553,0.0,-0.0,0.0,0.0,0.0,0.0,0.0,0.0,0.0,0.0,0.0,0.0,0.0,0.0,0.0,0.0,0.0,0.0,0.0,0.0,0.0,2.004,2.004,-0.0,-2.004,2.004,0.0,0.0,0.0,0.0,6554.0,0.0,0.0,0.0,2.7184527190102135e+23,0.0,-107616264.0,0.0,0.0,2.004,2.004,225,-0.0,-0.0,0.0,0.0,0.0,0.0,0.0,0.0,0.0,0,0,0,-5.458588163642851e+37,0.0,-0.0,1.9561166485564804e+27,-0.0,0.0,0.0,-1.8017107706132824e+20,0.0,-2.481180934947782e+27,-2.754,8814926495744.0,0.0,0.0,0.0,3.388724993584277e+25,0,1.3516416376850534e+27,225,0.0,450,0.0,-0.0,2114,0,17110,0,17112,52429,17095,0,0,0,101,100,100,0.0,65.0,0.0,65.8,-0.0,65.0,1,49,50,180,52429,52429,0,0,0.0,0.0,0.0,60.0,nan,71.0,0.0,0.0,0.0,1069,0,1069,0,0,0,1069,0,1080,0,999,0,653,0,655,0,650,0,681,0.032,1.4536034330083127e+22,2.004,0.0,22928,16814,8.94643711860823e+27,1.1633220049963057e+21,-0.0,0.0,-0.0,-7053317.0,50.0,60.0,35,0.0,0.0,10.0,2.0,0.0,0.0,0.0,0.0,0.0,0.0,0.0,0.0,0.0,0.0,0.0,0.0,58.8,57,10,65506,27,65476,0,300,0,0,8,20529,65476,0,0,30147,60.0,0.0,10.0,10.0,2.0,0.0
2026-02-16T12:30:13,ERR,ERR,ERR,ERR,ERR,ERR,ERR,ERR,ERR,ERR,ERR,ERR,ERR,ERR,ERR,ERR,ERR,ERR,ERR,ERR,ERR,ERR,ERR,ERR,ERR,ERR,ERR,ERR,ERR,ERR,ERR,ERR,ERR,ERR,ERR,ERR,ERR,ERR,ERR,ERR,ERR,ERR,ERR,ERR,ERR,ERR,ERR,ERR,ERR,ERR,ERR,ERR,ERR,ERR,ERR,ERR,ERR,ERR,ERR,ERR,ERR,ERR,ERR,ERR,ERR,ERR,ERR,ERR,ERR,ERR,ERR,ERR,ERR,ERR,ERR,ERR,ERR,ERR,ERR,ERR,ERR,ERR,ERR,ERR,ERR,ERR,ERR,ERR,ERR,ERR,ERR,ERR,ERR,ERR,ERR,ERR,ERR,ERR,ERR,ERR,ERR,ERR,ERR,ERR,ERR,ERR,ERR,ERR,ERR,ERR,ERR,ERR,ERR,ERR,ERR,ERR,ERR,ERR,ERR,ERR,ERR,ERR,ERR,ERR,ERR,0.0,2.7184527190102135e+23,-0.0,0.0,-0.031,5.483703852565371e+19,-0.0,-177408.297,4300,0,8,17169,4300,0.0,41,0.0,0.0,0.0,0.0,2.7184166902131945e+23,0,0,0,0,0.0,0,0,0,0,0,0,0,0,0,0,0,0,0,0,0,0,0,0,0,0,0,0,0,0,0,0,0,0,0,0,0,0,0,12,36,36,48,65476,404,65476,1,0,4,21553,0.0,0.0,0.0,0.0,0.0,0.0,0.0,0.0,0.0,0.0,0.0,0.0,0.0,0.0,0.0,0.0,0.0,0.0,0.0,0.0,0.0,2.004,2.004,-0.0,-2.004,2.004,0.0,0.0,0.0,0.0,6552.0,8608231424.0,0.0,0.0,2.7184527190102135e+23,0.0,-107616264.0,-0.0,0.0,2.004,2.004,227,-152017280434176.0,-71.63,0.0,0.0,0.0,0.0,0.0,0.0,0.0,0,0,0,-2.2344279887705992e+23,0.0,nan,-0.0,-0.0,-1264932749312.0,3225817088.0,-0.0,-4.6972656044340195e+32,-2.6939518791999565e+27,-2.957,9708279693312.0,0.0,0.0,0.0,-0.0,0,1.3516416376850534e+27,227,0.0,454,0.0,-0.0,2114,0,17110,0,17112,52429,17095,0,0,0,101,100,100,0.0,65.0,0.0,65.8,-0.0,65.0,1,49,50,180,52429,52429,0,0,0.0,0.0,0.0,60.0,3.412794921344082e+22,71.0,0.0,2.0038259887026943e+21,0.0,1069,0,1069,0,0,0,1070,0,1080,0,999,0,653,0,655,0,650,0,682,0.032,1.4609821306377965e+22,-0.0,2.730234856211355e+23,29584,16814,5.950158156583339e+28,2.0038259887026943e+21,-0.0,0.0,-0.111,-823132800.0,50.0,60.0,35,0.0,0.0,10.0,2.0,0.0,0.0,0.0,0.0,0.0,0.0,0.0,0.0,0.0,0.0,0.0,0.0,58.8,57,10,65506,27,65476,0,300,0,0,8,20529,65476,0,0,30147,60.0,0.0,10.0,10.0,2.0,0.0
2026-02-16T12:30:14,ERR,ERR,ERR,ERR,ERR,ERR,ERR,ERR,ERR,ERR,ERR,ERR,ERR,ERR,ERR,ERR,ERR,ERR,ERR,ERR,ERR,ERR,ERR,ERR,ERR,ERR,ERR,ERR,ERR,ERR,ERR,ERR,ERR,ERR,ERR,ERR,ERR,ERR,ERR,ERR,ERR,ERR,ERR,ERR,ERR,ERR,ERR,ERR,ERR,ERR,ERR,ERR,ERR,ERR,ERR,ERR,ERR,ERR,ERR,ERR,ERR,ERR,ERR,ERR,ERR,ERR,ERR,ERR,ERR,ERR,ERR,ERR,ERR,ERR,ERR,ERR,ERR,ERR,ERR,ERR,ERR,ERR,ERR,ERR,ERR,ERR,ERR,ERR,ERR,ERR,ERR,ERR,ERR,ERR,ERR,ERR,ERR,ERR,ERR,ERR,ERR,ERR,ERR,ERR,ERR,ERR,ERR,ERR,ERR,ERR,ERR,ERR,ERR,ERR,ERR,ERR,ERR,ERR,ERR,ERR,ERR,ERR,ERR,ERR,ERR,0.0,2.7184527190102135e+23,-0.0,0.0,-0.031,5.483703852565371e+19,-0.0,-177408.297,4300,0,8,17169,4300,0.0,41,0.0,0.0,0.0,0.0,2.7184166902131945e+23,0,0,0,0,0.0,0,0,0,0,0,0,0,0,0,0,0,0,0,0,0,0,0,0,0,0,0,0,0,0,0,0,0,0,0,0,0,0,0,12,36,36,48,65476,404,65476,1,0,4,21553,0.0,0.0,0.0,0.0,0.0,0.0,0.0,0.0,0.0,0.0,0.0,0.0,0.0,0.0,0.0,0.0,0.0,0.0,0.0,0.0,0.0,2.004,2.004,-0.0,-2.004,2.004,0.0,0.0,0.0,0.0,6552.0,8608231424.0,0.0,0.0,2.7184527190102135e+23,0.0,-107616264.0,-0.0,0.0,2.004,2.004,227,-152017280434176.0,-71.63,0.0,0.0,0.0,0.0,0.0,0.0,0.0,0,0,0,-2.2344279887705992e+23,0.0,nan,-0.0,-0.0,-1264932749312.0,3225817088.0,-0.0,-4.6972656044340195e+32,-2.6939518791999565e+27,-2.957,9708279693312.0,0.0,0.0,0.0,-0.0,0,1.3516416376850534e+27,227,0.0,454,0.0,-0.0,2114,0,17110,0,17112,52429,17095,0,0,0,101,100,100,0.0,65.0,0.0,65.8,-0.0,65.0,1,49,50,180,52429,52429,0,0,0.0,0.0,0.0,60.0,3.412794921344082e+22,71.0,0.0,2.0038259887026943e+21,0.0,1069,0,1069,0,0,0,1070,0,1080,0,999,0,653,0,655,0,650,0,682,0.032,1.4609821306377965e+22,-0.0,2.730234856211355e+23,29584,16814,5.950158156583339e+28,2.0038259887026943e+21,-0.0,0.0,-0.111,-823132800.0,50.0,60.0,35,0.0,0.0,10.0,2.0,0.0,0.0,0.0,0.0,0.0,0.0,0.0,0.0,0.0,0.0,0.0,0.0,58.8,57,10,65506,27,65476,0,300,0,0,8,20529,65476,0,0,30147,60.0,0.0,10.0,10.0,2.0,0.0
2026-02-16T12:30:15,ERR,ERR,ERR,ERR,ERR,ERR,ERR,ERR,ERR,ERR,ERR,ERR,ERR,ERR,ERR,ERR,ERR,ERR,ERR,ERR,ERR,ERR,ERR,ERR,ERR,ERR,ERR,ERR,ERR,ERR,ERR,ERR,ERR,ERR,ERR,ERR,ERR,ERR,ERR,ERR,ERR,ERR,ERR,ERR,ERR,ERR,ERR,ERR,ERR,ERR,ERR,ERR,ERR,ERR,ERR,ERR,ERR,ERR,ERR,ERR,ERR,ERR,ERR,ERR,ERR,ERR,ERR,ERR,ERR,ERR,ERR,ERR,ERR,ERR,ERR,ERR,ERR,ERR,ERR,ERR,ERR,ERR,ERR,ERR,ERR,ERR,ERR,ERR,ERR,ERR,ERR,ERR,ERR,ERR,ERR,ERR,ERR,ERR,ERR,ERR,ERR,ERR,ERR,ERR,ERR,ERR,ERR,ERR,ERR,ERR,ERR,ERR,ERR,ERR,ERR,ERR,ERR,ERR,ERR,ERR,ERR,ERR,ERR,ERR,ERR,0.0,2.7184527190102135e+23,-0.0,0.0,-0.031,5.483703852565371e+19,-0.0,-177408.297,4300,0,8,17169,4300,0.0,41,0.0,0.0,0.0,0.0,2.7184166902131945e+23,0,0,0,0,0.0,0,0,0,0,0,0,0,0,0,0,0,0,0,0,0,0,0,0,0,0,0,0,0,0,0,0,0,0,0,0,0,0,0,12,36,36,48,65476,404,65476,1,0,4,21553,0.0,0.0,0.0,0.0,0.0,0.0,0.0,0.0,0.0,0.0,0.0,0.0,0.0,0.0,0.0,0.0,0.0,0.0,0.0,0.0,0.0,2.004,2.004,-0.0,-2.004,2.004,0.0,0.0,0.0,0.0,6552.0,8608231424.0,0.0,0.0,2.7184527190102135e+23,0.0,-107616264.0,-0.0,0.0,2.004,2.004,227,-152017280434176.0,-71.63,0.0,0.0,0.0,0.0,0.0,0.0,0.0,0,0,0,-2.2344279887705992e+23,0.0,nan,-0.0,-0.0,-1264932749312.0,3225817088.0,-0.0,-4.6972656044340195e+32,-2.6939518791999565e+27,-2.957,9708279693312.0,0.0,0.0,0.0,-0.0,0,1.3516416376850534e+27,227,0.0,454,0.0,-0.0,2114,0,17110,0,17112,52429,17095,0,0,0,101,100,100,0.0,65.0,0.0,65.8,-0.0,65.0,1,49,50,180,52429,52429,0,0,0.0,0.0,0.0,60.0,3.412794921344082e+22,71.0,0.0,2.0038259887026943e+21,0.0,1069,0,1069,0,0,0,1070,0,1080,0,999,0,653,0,655,0,650,0,682,0.032,1.4609821306377965e+22,-0.0,2.730234856211355e+23,29584,16814,5.950158156583339e+28,2.0038259887026943e+21,-0.0,0.0,-0.111,-823132800.0,50.0,60.0,35,0.0,0.0,10.0,2.0,0.0,0.0,0.0,0.0,0.0,0.0,0.0,0.0,0.0,0.0,0.0,0.0,58.8,57,10,65506,27,65476,0,300,0,0,8,20529,65476,0,0,30147,60.0,0.0,10.0,10.0,2.0,0.0
2026-02-16T12:30:16,ERR,ERR,ERR,ERR,ERR,ERR,ERR,ERR,ERR,ERR,ERR,ERR,ERR,ERR,ERR,ERR,ERR,ERR,ERR,ERR,ERR,ERR,ERR,ERR,ERR,ERR,ERR,ERR,ERR,ERR,ERR,ERR,ERR,ERR,ERR,ERR,ERR,ERR,ERR,ERR,ERR,ERR,ERR,ERR,ERR,ERR,ERR,ERR,ERR,ERR,ERR,ERR,ERR,ERR,ERR,ERR,ERR,ERR,ERR,ERR,ERR,ERR,ERR,ERR,ERR,ERR,ERR,ERR,ERR,ERR,ERR,ERR,ERR,ERR,ERR,ERR,ERR,ERR,ERR,ERR,ERR,ERR,ERR,ERR,ERR,ERR,ERR,ERR,ERR,ERR,ERR,ERR,ERR,ERR,ERR,ERR,ERR,ERR,ERR,ERR,ERR,ERR,ERR,ERR,ERR,ERR,ERR,ERR,ERR,ERR,ERR,ERR,ERR,ERR,ERR,ERR,ERR,ERR,ERR,ERR,ERR,ERR,ERR,ERR,ERR,0.0,2.7184527190102135e+23,-0.0,0.0,-0.031,5.483703852565371e+19,-0.0,-177408.297,4300,0,8,17169,4300,0.0,41,0.0,0.0,0.0,0.0,2.7184166902131945e+23,0,0,0,0,0.0,0,0,0,0,0,0,0,0,0,0,0,0,0,0,0,0,0,0,0,0,0,0,0,0,0,0,0,0,0,0,0,0,0,12,36,36,48,65476,404,65476,1,0,4,21553,0.0,0.0,0.0,0.0,0.0,0.0,0.0,0.0,0.0,0.0,0.0,0.0,0.0,0.0,0.0,0.0,0.0,0.0,0.0,0.0,0.0,2.004,2.004,-0.0,-2.004,2.004,0.0,0.0,0.0,0.0,6552.0,8608231424.0,0.0,0.0,2.7184527190102135e+23,0.0,-107616264.0,-0.0,0.0,2.004,2.004,227,-152017280434176.0,-71.63,0.0,0.0,0.0,0.0,0.0,0.0,0.0,0,0,0,-2.2344279887705992e+23,0.0,nan,-0.0,-0.0,-1264932749312.0,3225817088.0,-0.0,-4.6972656044340195e+32,-2.6939518791999565e+27,-2.957,9708279693312.0,0.0,0.0,0.0,-0.0,0,1.3516416376850534e+27,227,0.0,454,0.0,-0.0,2114,0,17110,0,17112,52429,17095,0,0,0,101,100,100,0.0,65.0,0.0,65.8,-0.0,65.0,1,49,50,180,52429,52429,0,0,0.0,0.0,0.0,60.0,3.412794921344082e+22,71.0,0.0,2.0038259887026943e+21,0.0,1069,0,1069,0,0,0,1070,0,1080,0,999,0,653,0,655,0,650,0,682,0.032,1.4609821306377965e+22,-0.0,2.730234856211355e+23,29584,16814,5.950158156583339e+28,2.0038259887026943e+21,-0.0,0.0,-0.111,-823132800.0,50.0,60.0,35,0.0,0.0,10.0,2.0,0.0,0.0,0.0,0.0,0.0,0.0,0.0,0.0,0.0,0.0,0.0,0.0,58.8,57,10,65506,27,65476,0,300,0,0,8,20529,65476,0,0,30147,60.0,0.0,10.0,10.0,2.0,0.0
2026-02-16T12:30:17,ERR,ERR,ERR,ERR,ERR,ERR,ERR,ERR,ERR,ERR,ERR,ERR,ERR,ERR,ERR,ERR,ERR,ERR,ERR,ERR,ERR,ERR,ERR,ERR,ERR,ERR,ERR,ERR,ERR,ERR,ERR,ERR,ERR,ERR,ERR,ERR,ERR,ERR,ERR,ERR,ERR,ERR,ERR,ERR,ERR,ERR,ERR,ERR,ERR,ERR,ERR,ERR,ERR,ERR,ERR,ERR,ERR,ERR,ERR,ERR,ERR,ERR,ERR,ERR,ERR,ERR,ERR,ERR,ERR,ERR,ERR,ERR,ERR,ERR,ERR,ERR,ERR,ERR,ERR,ERR,ERR,ERR,ERR,ERR,ERR,ERR,ERR,ERR,ERR,ERR,ERR,ERR,ERR,ERR,ERR,ERR,ERR,ERR,ERR,ERR,ERR,ERR,ERR,ERR,ERR,ERR,ERR,ERR,ERR,ERR,ERR,ERR,ERR,ERR,ERR,ERR,ERR,ERR,ERR,ERR,ERR,ERR,ERR,ERR,ERR,0.0,2.7184527190102135e+23,-0.0,0.0,-0.031,5.483703852565371e+19,-0.0,-177408.297,4300,0,8,17169,4300,0.0,41,0.0,0.0,0.0,0.0,2.7184166902131945e+23,0,0,0,0,0.0,0,0,0,0,0,0,0,0,0,0,0,0,0,0,0,0,0,0,0,0,0,0,0,0,0,0,0,0,0,0,0,0,0,12,36,36,48,65476,404,65476,1,0,4,21553,0.0,0.0,0.0,0.0,0.0,0.0,0.0,0.0,0.0,0.0,0.0,0.0,0.0,0.0,0.0,0.0,0.0,0.0,0.0,0.0,0.0,2.004,2.004,-0.0,-2.004,2.004,0.0,0.0,0.0,0.0,6552.0,8608231424.0,0.0,0.0,2.7184527190102135e+23,0.0,-107616264.0,-0.0,0.0,2.004,2.004,227,-152017280434176.0,-71.63,0.0,0.0,0.0,0.0,0.0,0.0,0.0,0,0,0,-2.2344279887705992e+23,0.0,nan,-0.0,-0.0,-1264932749312.0,3225817088.0,-0.0,-4.6972656044340195e+32,-2.6939518791999565e+27,-2.957,9708279693312.0,0.0,0.0,0.0,-0.0,0,1.3516416376850534e+27,227,0.0,454,0.0,-0.0,2114,52429,17109,0,17112,52429,17095,0,0,0,101,100,100,0.0,65.0,0.0,65.8,-0.0,65.0,1,49,50,180,52429,52429,0,0,0.0,0.0,0.0,60.0,1.688704795529709e+28,71.0,0.0,-0.0,0.0,1069,0,1069,0,0,0,1070,0,1080,0,999,0,653,0,655,0,650,0,682,0.032,1.4609821306377965e+22,-0.0,2.730234856211355e+23,14224,16814,1.688704795529709e+28,-0.0,-0.0,-5726382722121728.0,-2.6167027090545705e+18,-2.3169128570977706e+23,50.0,60.0,35,0.0,0.0,10.0,2.0,0.0,0.0,0.0,0.0,0.0,0.0,0.0,0.0,0.0,0.0,0.0,0.0,58.8,57,10,65506,27,65476,0,300,0,0,8,20529,65476,0,0,30147,60.0,0.0,10.0,10.0,2.0,0.0
2026-02-16T12:30:18,ERR,ERR,ERR,ERR,ERR,ERR,ERR,ERR,ERR,ERR,ERR,ERR,ERR,ERR,ERR,ERR,ERR,ERR,ERR,ERR,ERR,ERR,ERR,ERR,ERR,ERR,ERR,ERR,ERR,ERR,ERR,ERR,ERR,ERR,ERR,ERR,ERR,ERR,ERR,ERR,ERR,ERR,ERR,ERR,ERR,ERR,ERR,ERR,ERR,ERR,ERR,ERR,ERR,ERR,ERR,ERR,ERR,ERR,ERR,ERR,ERR,ERR,ERR,ERR,ERR,ERR,ERR,ERR,ERR,ERR,ERR,ERR,ERR,ERR,ERR,ERR,ERR,ERR,ERR,ERR,ERR,ERR,ERR,ERR,ERR,ERR,ERR,ERR,ERR,ERR,ERR,ERR,ERR,ERR,ERR,ERR,ERR,ERR,ERR,ERR,ERR,ERR,ERR,ERR,ERR,ERR,ERR,ERR,ERR,ERR,ERR,ERR,ERR,ERR,ERR,ERR,ERR,ERR,ERR,ERR,ERR,ERR,ERR,ERR,ERR,0.0,2.7184527190102135e+23,-0.0,0.0,-0.031,5.483703852565371e+19,-0.0,-177408.297,4300,0,8,17169,4300,0.0,41,0.0,0.0,0.0,0.0,2.7184166902131945e+23,0,0,0,0,0.0,0,0,0,0,0,0,0,0,0,0,0,0,0,0,0,0,0,0,0,0,0,0,0,0,0,0,0,0,0,0,0,0,0,12,36,36,48,65476,404,65476,1,0,4,21553,0.0,0.0,0.0,0.0,0.0,0.0,0.0,0.0,0.0,0.0,0.0,0.0,0.0,0.0,0.0,0.0,0.0,0.0,0.0,0.0,0.0,2.004,2.004,-0.0,-2.004,2.004,0.0,0.0,0.0,0.0,6552.0,8608231424.0,0.0,0.0,2.7184527190102135e+23,0.0,-107616264.0,-0.0,0.0,2.004,2.004,227,-152017280434176.0,-71.63,0.0,0.0,0.0,0.0,0.0,0.0,0.0,0,0,0,-2.2344279887705992e+23,0.0,nan,-0.0,-0.0,-1264932749312.0,3225817088.0,-0.0,-4.6972656044340195e+32,-2.6939518791999565e+27,-2.957,9708279693312.0,0.0,0.0,0.0,-0.0,0,1.3516416376850534e+27,227,0.0,454,0.0,-0.0,2114,52429,17109,0,17112,52429,17095,0,0,0,101,100,100,0.0,65.0,0.0,65.8,-0.0,65.0,1,49,50,180,52429,52429,0,0,0.0,0.0,0.0,60.0,1.688704795529709e+28,71.0,0.0,-0.0,0.0,1069,0,1069,0,0,0,1070,0,1080,0,999,0,653,0,655,0,650,0,682,0.032,1.4609821306377965e+22,-0.0,2.730234856211355e+23,14224,16814,1.688704795529709e+28,-0.0,-0.0,-5726382722121728.0,-2.6167027090545705e+18,-2.3169128570977706e+23,50.0,60.0,35,0.0,0.0,10.0,2.0,0.0,0.0,0.0,0.0,0.0,0.0,0.0,0.0,0.0,0.0,0.0,0.0,58.8,57,10,65506,27,65476,0,300,0,0,8,20529,65476,0,0,30147,60.0,0.0,10.0,10.0,2.0,0.0
2026-02-16T12:30:19,ERR,ERR,ERR,ERR,ERR,ERR,ERR,ERR,ERR,ERR,ERR,ERR,ERR,ERR,ERR,ERR,ERR,ERR,ERR,ERR,ERR,ERR,ERR,ERR,ERR,ERR,ERR,ERR,ERR,ERR,ERR,ERR,ERR,ERR,ERR,ERR,ERR,ERR,ERR,ERR,ERR,ERR,ERR,ERR,ERR,ERR,ERR,ERR,ERR,ERR,ERR,ERR,ERR,ERR,ERR,ERR,ERR,ERR,ERR,ERR,ERR,ERR,ERR,ERR,ERR,ERR,ERR,ERR,ERR,ERR,ERR,ERR,ERR,ERR,ERR,ERR,ERR,ERR,ERR,ERR,ERR,ERR,ERR,ERR,ERR,ERR,ERR,ERR,ERR,ERR,ERR,ERR,ERR,ERR,ERR,ERR,ERR,ERR,ERR,ERR,ERR,ERR,ERR,ERR,ERR,ERR,ERR,ERR,ERR,ERR,ERR,ERR,ERR,ERR,ERR,ERR,ERR,ERR,ERR,ERR,ERR,ERR,ERR,ERR,ERR,0.0,2.7184527190102135e+23,-0.0,0.0,-0.031,-0.0,-1.1747728189624422e+31,-0.0,4300,0,8,17169,4300,0.0,41,0.0,0.0,0.0,0.0,2.7184166902131945e+23,0,0,0,0,0.0,0,0,0,0,0,0,0,0,0,0,0,0,0,0,0,0,0,0,0,0,0,0,0,0,0,0,0,0,0,0,0,0,0,12,36,36,48,65476,404,65476,1,0,4,21553,0.0,0.0,0.0,0.0,0.0,0.0,0.0,0.0,0.0,0.0,0.0,0.0,0.0,0.0,0.0,0.0,0.0,0.0,0.0,0.0,0.0,2.004,2.004,-0.0,-2.004,3.69707618246192e+19,0.0,0.0,0.0,0.0,6555.0,-0.0,0.0,0.0,2.7184527190102135e+23,0.0,0.0,0.0,0.0,2.004,2.004,227,-0.0,-152018253512704.0,0.0,0.0,0.0,0.0,0.0,0.0,0.0,0,0,0,-2.0949626402044197e+32,-0.0,-0.0,-1.5242333015218711e+21,-0.0,-1271869.875,-93.137,-0.005,9.672921492084738e+28,-2.926065636565965e+27,-3.129,10464193937408.0,0.0,0.0,0.0,-0.0,0,1.3516416376850534e+27,227,0.0,454,-74360974999552.0,4.538271724008914e+24,2114,52429,17109,0,17112,52429,17095,0,0,0,101,100,100,0.0,65.0,0.0,65.8,-0.0,65.0,1,49,50,180,52429,52429,0,0,0.0,0.0,0.0,60.0,1.688704795529709e+28,71.0,0.0,-0.0,0.0,1069,0,1069,0,0,0,1070,0,1080,0,999,0,653,0,655,0,650,0,682,0.032,1.4609821306377965e+22,-0.0,2.730234856211355e+23,14224,16814,1.688704795529709e+28,-0.0,-0.0,-5726382722121728.0,-2.6167027090545705e+18,-2.3169128570977706e+23,50.0,60.0,35,0.0,0.0,10.0,2.0,0.0,0.0,0.0,0.0,0.0,0.0,0.0,0.0,0.0,0.0,0.0,0.0,58.8,57,10,65506,27,65476,0,300,0,0,8,20529,65476,0,0,30147,60.0,0.0,10.0,10.0,2.0,0.0
2026-02-16T12:30:20,ERR,ERR,ERR,ERR,ERR,ERR,ERR,ERR,ERR,ERR,ERR,ERR,ERR,ERR,ERR,ERR,ERR,ERR,ERR,ERR,ERR,ERR,ERR,ERR,ERR,ERR,ERR,ERR,ERR,ERR,ERR,ERR,ERR,ERR,ERR,ERR,ERR,ERR,ERR,ERR,ERR,ERR,ERR,ERR,ERR,ERR,ERR,ERR,ERR,ERR,ERR,ERR,ERR,ERR,ERR,ERR,ERR,ERR,ERR,ERR,ERR,ERR,ERR,ERR,ERR,ERR,ERR,ERR,ERR,ERR,ERR,ERR,ERR,ERR,ERR,ERR,ERR,ERR,ERR,ERR,ERR,ERR,ERR,ERR,ERR,ERR,ERR,ERR,ERR,ERR,ERR,ERR,ERR,ERR,ERR,ERR,ERR,ERR,ERR,ERR,ERR,ERR,ERR,ERR,ERR,ERR,ERR,ERR,ERR,ERR,ERR,ERR,ERR,ERR,ERR,ERR,ERR,ERR,ERR,ERR,ERR,ERR,ERR,ERR,ERR,0.0,2.7184527190102135e+23,-0.0,0.0,-0.031,-0.0,-1.1747728189624422e+31,-0.0,4300,0,8,17169,4300,0.0,41,0.0,0.0,0.0,0.0,2.7184166902131945e+23,0,0,0,0,0.0,0,0,0,0,0,0,0,0,0,0,0,0,0,0,0,0,0,0,0,0,0,0,0,0,0,0,0,0,0,0,0,0,0,12,36,36,48,65476,404,65476,1,0,4,21553,0.0,0.0,0.0,0.0,0.0,0.0,0.0,0.0,0.0,0.0,0.0,0.0,0.0,0.0,0.0,0.0,0.0,0.0,0.0,0.0,0.0,2.004,2.004,-0.0,-2.004,3.69707618246192e+19,0.0,0.0,0.0,0.0,6555.0,-0.0,0.0,0.0,2.7184527190102135e+23,0.0,0.0,0.0,0.0,2.004,2.004,227,-0.0,-152018253512704.0,0.0,0.0,0.0,0.0,0.0,0.0,0.0,0,0,0,-2.0949626402044197e+32,-0.0,-0.0,-1.5242333015218711e+21,-0.0,-1271869.875,-93.137,-0.005,9.672921492084738e+28,-2.926065636565965e+27,-3.129,10464193937408.0,0.0,0.0,0.0,-0.0,0,1.3516416376850534e+27,227,0.0,454,-74360974999552.0,4.538271724008914e+24,2114,52429,17109,0,17112,52429,17095,0,0,0,101,100,100,0.0,65.0,0.0,65.8,-0.0,65.0,1,49,50,180,52429,52429,0,0,0.0,0.0,0.0,60.0,4.186093600601672e+28,71.0,0.0,6.618846697474169e+22,0.0,1069,0,1069,0,0,0,1070,0,1080,0,999,0,653,0,655,0,650,0,682,0.032,1.4609821306377965e+22,-0.0,2.730234856211355e+23,30096,16814,2.9248853874037094e+34,6.618846697474169e+22,-0.0,-7028204489408512.0,-2.310457934393377e+18,-2.163435946404507e+23,50.0,60.0,35,0.0,0.0,10.0,2.0,0.0,0.0,0.0,0.0,0.0,0.0,0.0,0.0,0.0,0.0,0.0,0.0,59.2,57,10,65506,27,65476,0,65476,0,0,4,20529,65476,0,0,30147,60.0,0.0,10.0,10.0,2.0,0.0
2026-02-16T12:30:21,ERR,ERR,ERR,ERR,ERR,ERR,ERR,ERR,ERR,ERR,ERR,ERR,ERR,ERR,ERR,ERR,ERR,ERR,ERR,ERR,ERR,ERR,ERR,ERR,ERR,ERR,ERR,ERR,ERR,ERR,ERR,ERR,ERR,ERR,ERR,ERR,ERR,ERR,ERR,ERR,ERR,ERR,ERR,ERR,ERR,ERR,ERR,ERR,ERR,ERR,ERR,ERR,ERR,ERR,ERR,ERR,ERR,ERR,ERR,ERR,ERR,ERR,ERR,ERR,ERR,ERR,ERR,ERR,ERR,ERR,ERR,ERR,ERR,ERR,ERR,ERR,ERR,ERR,ERR,ERR,ERR,ERR,ERR,ERR,ERR,ERR,ERR,ERR,ERR,ERR,ERR,ERR,ERR,ERR,ERR,ERR,ERR,ERR,ERR,ERR,ERR,ERR,ERR,ERR,ERR,ERR,ERR,ERR,ERR,ERR,ERR,ERR,ERR,ERR,ERR,ERR,ERR,ERR,ERR,ERR,ERR,ERR,ERR,ERR,ERR,0.0,2.7184527190102135e+23,-0.0,0.0,-0.031,-0.0,-1.1747728189624422e+31,-0.0,4300,0,8,17169,4300,0.0,41,0.0,0.0,0.0,0.0,2.7184166902131945e+23,0,0,0,0,0.0,0,0,0,0,0,0,0,0,0,0,0,0,0,0,0,0,0,0,0,0,0,0,0,0,0,0,0,0,0,0,0,0,0,12,36,36,48,65476,404,65476,1,0,4,21553,0.0,0.0,0.0,0.0,0.0,0.0,0.0,0.0,0.0,0.0,0.0,0.0,0.0,0.0,0.0,0.0,0.0,0.0,0.0,0.0,0.0,2.004,2.004,-0.0,-2.004,3.69707618246192e+19,0.0,0.0,0.0,0.0,6555.0,-0.0,0.0,0.0,2.7184527190102135e+23,0.0,0.0,0.0,0.0,2.004,2.004,227,-0.0,-152018253512704.0,0.0,0.0,0.0,0.0,0.0,0.0,0.0,0,0,0,-2.0949626402044197e+32,-0.0,-0.0,-1.5242333015218711e+21,-0.0,-1271869.875,-93.137,-0.005,9.672921492084738e+28,-2.926065636565965e+27,-3.129,10464193937408.0,0.0,0.0,0.0,-0.0,0,1.3516416376850534e+27,227,0.0,454,-74360974999552.0,4.538271724008914e+24,2114,52429,17109,0,17112,52429,17095,0,0,0,101,100,100,0.0,65.0,0.0,65.8,-0.0,65.0,1,49,50,180,52429,52429,0,0,0.0,0.0,0.0,60.0,4.186093600601672e+28,71.0,0.0,6.618846697474169e+22,0.0,1069,0,1069,0,0,0,1070,0,1080,0,999,0,653,0,655,0,650,0,682,0.032,1.4609821306377965e+22,-0.0,2.730234856211355e+23,30096,16814,2.9248853874037094e+34,6.618846697474169e+22,-0.0,-7028204489408512.0,-2.310457934393377e+18,-2.163435946404507e+23,50.0,60.0,35,0.0,0.0,10.0,2.0,0.0,0.0,0.0,0.0,0.0,0.0,0.0,0.0,0.0,0.0,0.0,0.0,59.2,57,10,65506,27,65476,0,65476,0,0,4,20529,65476,0,0,30147,60.0,0.0,10.0,10.0,2.0,0.0
2026-02-16T12:30:22,ERR,ERR,ERR,ERR,ERR,ERR,ERR,ERR,ERR,ERR,ERR,ERR,ERR,ERR,ERR,ERR,ERR,ERR,ERR,ERR,ERR,ERR,ERR,ERR,ERR,ERR,ERR,ERR,ERR,ERR,ERR,ERR,ERR,ERR,ERR,ERR,ERR,ERR,ERR,ERR,ERR,ERR,ERR,ERR,ERR,ERR,ERR,ERR,ERR,ERR,ERR,ERR,ERR,ERR,ERR,ERR,ERR,ERR,ERR,ERR,ERR,ERR,ERR,ERR,ERR,ERR,ERR,ERR,ERR,ERR,ERR,ERR,ERR,ERR,ERR,ERR,ERR,ERR,ERR,ERR,ERR,ERR,ERR,ERR,ERR,ERR,ERR,ERR,ERR,ERR,ERR,ERR,ERR,ERR,ERR,ERR,ERR,ERR,ERR,ERR,ERR,ERR,ERR,ERR,ERR,ERR,ERR,ERR,ERR,ERR,ERR,ERR,ERR,ERR,ERR,ERR,ERR,ERR,ERR,ERR,ERR,ERR,ERR,ERR,ERR,0.0,2.7184527190102135e+23,-0.0,0.0,-0.031,-0.0,-1.1747728189624422e+31,-0.0,4300,0,8,17169,4300,0.0,41,0.0,0.0,0.0,0.0,2.7184166902131945e+23,0,0,0,0,0.0,0,0,0,0,0,0,0,0,0,0,0,0,0,0,0,0,0,0,0,0,0,0,0,0,0,0,0,0,0,0,0,0,0,12,36,36,48,65476,404,65476,1,0,4,21553,0.0,0.0,0.0,0.0,0.0,0.0,0.0,0.0,0.0,0.0,0.0,0.0,0.0,0.0,0.0,0.0,0.0,0.0,0.0,0.0,0.0,2.004,2.004,-0.0,-2.004,3.69707618246192e+19,0.0,0.0,0.0,0.0,6555.0,-0.0,0.0,0.0,2.7184527190102135e+23,0.0,0.0,0.0,0.0,2.004,2.004,227,-0.0,-152018253512704.0,0.0,0.0,0.0,0.0,0.0,0.0,0.0,0,0,0,-2.0949626402044197e+32,-0.0,-0.0,-1.5242333015218711e+21,-0.0,-1271869.875,-93.137,-0.005,9.672921492084738e+28,-2.926065636565965e+27,-3.129,10464193937408.0,0.0,0.0,0.0,-0.0,0,1.3516416376850534e+27,227,0.0,454,-74360974999552.0,4.538271724008914e+24,2114,52429,17109,0,17112,52429,17095,0,0,0,101,100,100,0.0,65.0,0.0,65.8,-0.0,65.0,1,49,50,180,52429,52429,0,0,0.0,0.0,0.0,60.0,4.186093600601672e+28,71.0,0.0,6.618846697474169e+22,0.0,1069,0,1069,0,0,0,1070,0,1080,0,999,0,653,0,655,0,650,0,682,0.032,1.4609821306377965e+22,-0.0,2.730234856211355e+23,30096,16814,2.9248853874037094e+34,6.618846697474169e+22,-0.0,-7028204489408512.0,-2.310457934393377e+18,-2.163435946404507e+23,50.0,60.0,35,0.0,0.0,10.0,2.0,0.0,0.0,0.0,0.0,0.0,0.0,0.0,0.0,0.0,0.0,0.0,0.0,58.8,57,10,65506,27,65476,0,300,1,0,8,20529,65476,0,0,30147,60.0,0.0,10.0,10.0,2.0,0.0
2026-02-16T12:30:23,ERR,ERR,ERR,ERR,ERR,ERR,ERR,ERR,ERR,ERR,ERR,ERR,ERR,ERR,ERR,ERR,ERR,ERR,ERR,ERR,ERR,ERR,ERR,ERR,ERR,ERR,ERR,ERR,ERR,ERR,ERR,ERR,ERR,ERR,ERR,ERR,ERR,ERR,ERR,ERR,ERR,ERR,ERR,ERR,ERR,ERR,ERR,ERR,ERR,ERR,ERR,ERR,ERR,ERR,ERR,ERR,ERR,ERR,ERR,ERR,ERR,ERR,ERR,ERR,ERR,ERR,ERR,ERR,ERR,ERR,ERR,ERR,ERR,ERR,ERR,ERR,ERR,ERR,ERR,ERR,ERR,ERR,ERR,ERR,ERR,ERR,ERR,ERR,ERR,ERR,ERR,ERR,ERR,ERR,ERR,ERR,ERR,ERR,ERR,ERR,ERR,ERR,ERR,ERR,ERR,ERR,ERR,ERR,ERR,ERR,ERR,ERR,ERR,ERR,ERR,ERR,ERR,ERR,ERR,ERR,ERR,ERR,ERR,ERR,ERR,0.0,2.7184527190102135e+23,-0.0,0.0,-0.031,0.0,-0.0,0.0,4300,0,8,17168,4300,0.0,41,0.0,0.0,0.0,0.0,2.7184166902131945e+23,0,0,0,0,0.0,0,0,0,0,0,0,0,0,0,0,0,0,0,0,0,0,0,0,0,0,0,0,0,0,0,0,0,0,0,0,0,0,0,12,36,36,48,65476,408,65476,1,0,4,21553,0.0,0.0,0.0,0.0,0.0,0.0,0.0,0.0,0.0,0.0,0.0,0.0,0.0,0.0,0.0,0.0,0.0,0.0,0.0,0.0,0.0,2.004,2.004,-0.0,-2.004,-2.004,0.0,0.0,0.0,0.0,6531.0,-0.0,0.0,0.0,2.7184527190102135e+23,0.0,0.0,0.0,0.0,2.004,2.004,225,-4.9504015179484054e+32,-4.9504239556116174e+32,0.0,0.0,0.0,0.0,0.0,0.0,0.0,0,0,0,0.0,37816232.0,-0.0,81027.945,-0.0,65.629,-0.0,0.0,0.0,-3.196865020159642e+27,-3.348,11426266611712.0,0.0,0.0,0.0,-2.2360102769545708e+18,0,1.3516416376850534e+27,225,0.0,450,0.0,-0.0,2114,52429,17109,0,17112,52429,17095,0,0,0,101,100,100,0.0,65.0,0.0,65.8,-0.0,65.0,1,49,50,180,52429,52429,0,0,0.0,0.0,0.0,60.0,4.186093600601672e+28,71.0,0.0,6.618846697474169e+22,0.0,1069,0,1069,0,0,0,1070,0,1080,0,999,0,653,0,655,0,650,0,682,0.032,1.4609821306377965e+22,-0.0,2.730234856211355e+23,30096,16814,2.9248853874037094e+34,6.618846697474169e+22,-0.0,-7028204489408512.0,-2.310457934393377e+18,-2.163435946404507e+23,50.0,60.0,35,0.0,0.0,10.0,2.0,0.0,0.0,0.0,0.0,0.0,0.0,0.0,0.0,0.0,0.0,0.0,0.0,59.2,57,10,65506,27,65476,0,65476,0,0,2,20529,65476,0,0,30147,60.0,0.0,10.0,10.0,2.0,0.0
2026-02-16T12:30:24,ERR,ERR,ERR,ERR,ERR,ERR,ERR,ERR,ERR,ERR,ERR,ERR,ERR,ERR,ERR,ERR,ERR,ERR,ERR,ERR,ERR,ERR,ERR,ERR,ERR,ERR,ERR,ERR,ERR,ERR,ERR,ERR,ERR,ERR,ERR,ERR,ERR,ERR,ERR,ERR,ERR,ERR,ERR,ERR,ERR,ERR,ERR,ERR,ERR,ERR,ERR,ERR,ERR,ERR,ERR,ERR,ERR,ERR,ERR,ERR,ERR,ERR,ERR,ERR,ERR,ERR,ERR,ERR,ERR,ERR,ERR,ERR,ERR,ERR,ERR,ERR,ERR,ERR,ERR,ERR,ERR,ERR,ERR,ERR,ERR,ERR,ERR,ERR,ERR,ERR,ERR,ERR,ERR,ERR,ERR,ERR,ERR,ERR,ERR,ERR,ERR,ERR,ERR,ERR,ERR,ERR,ERR,ERR,ERR,ERR,ERR,ERR,ERR,ERR,ERR,ERR,ERR,ERR,ERR,ERR,ERR,ERR,ERR,ERR,ERR,0.0,2.7184527190102135e+23,-0.0,0.0,-0.031,0.0,-0.0,0.0,4300,0,8,17168,4300,0.0,41,0.0,0.0,0.0,0.0,2.7184166902131945e+23,0,0,0,0,0.0,0,0,0,0,0,0,0,0,0,0,0,0,0,0,0,0,0,0,0,0,0,0,0,0,0,0,0,0,0,0,0,0,0,12,36,36,48,65476,408,65476,1,0,4,21553,0.0,0.0,0.0,0.0,0.0,0.0,0.0,0.0,0.0,0.0,0.0,0.0,0.0,0.0,0.0,0.0,0.0,0.0,0.0,0.0,0.0,2.004,2.004,-0.0,-2.004,-2.004,0.0,0.0,0.0,0.0,6531.0,-0.0,0.0,0.0,2.7184527190102135e+23,0.0,0.0,0.0,0.0,2.004,2.004,225,-4.9504015179484054e+32,-4.9504239556116174e+32,0.0,0.0,0.0,0.0,0.0,0.0,0.0,0,0,0,0.0,37816232.0,-0.0,81027.945,-0.0,65.629,-0.0,0.0,0.0,-3.196865020159642e+27,-3.348,11426266611712.0,0.0,0.0,0.0,-2.2360102769545708e+18,0,1.3516416376850534e+27,225,0.0,450,0.0,-0.0,2114,52429,17109,0,17112,52429,17095,0,0,0,101,100,100,0.0,65.0,0.0,65.8,-0.0,65.0,1,49,50,180,52429,52429,0,0,0.0,0.0,0.0,60.0,-0.0,71.0,0.0,-2372.084,0.0,1069,0,1069,0,0,0,1069,0,1080,0,999,0,653,0,655,0,650,0,682,0.032,1.4536034330083127e+22,-0.0,2.730234856211355e+23,25744,16814,-0.0,-2372.084,257280.578,-0.265,2.925862926755731e+33,-0.0,50.0,60.0,35,0.0,0.0,10.0,2.0,0.0,0.0,0.0,0.0,0.0,0.0,0.0,0.0,0.0,0.0,0.0,0.0,59.2,57,10,65506,27,65476,0,65476,0,0,2,20529,65476,0,0,30147,60.0,0.0,10.0,10.0,2.0,0.0
2026-02-16T12:30:25,ERR,ERR,ERR,ERR,ERR,ERR,ERR,ERR,ERR,ERR,ERR,ERR,ERR,ERR,ERR,ERR,ERR,ERR,ERR,ERR,ERR,ERR,ERR,ERR,ERR,ERR,ERR,ERR,ERR,ERR,ERR,ERR,ERR,ERR,ERR,ERR,ERR,ERR,ERR,ERR,ERR,ERR,ERR,ERR,ERR,ERR,ERR,ERR,ERR,ERR,ERR,ERR,ERR,ERR,ERR,ERR,ERR,ERR,ERR,ERR,ERR,ERR,ERR,ERR,ERR,ERR,ERR,ERR,ERR,ERR,ERR,ERR,ERR,ERR,ERR,ERR,ERR,ERR,ERR,ERR,ERR,ERR,ERR,ERR,ERR,ERR,ERR,ERR,ERR,ERR,ERR,ERR,ERR,ERR,ERR,ERR,ERR,ERR,ERR,ERR,ERR,ERR,ERR,ERR,ERR,ERR,ERR,ERR,ERR,ERR,ERR,ERR,ERR,ERR,ERR,ERR,ERR,ERR,ERR,ERR,ERR,ERR,ERR,ERR,ERR,0.0,2.7184527190102135e+23,-0.0,0.0,-0.031,0.0,-0.0,0.0,4300,0,8,17168,4300,0.0,41,0.0,0.0,0.0,0.0,2.7184166902131945e+23,0,0,0,0,0.0,0,0,0,0,0,0,0,0,0,0,0,0,0,0,0,0,0,0,0,0,0,0,0,0,0,0,0,0,0,0,0,0,0,12,36,36,48,65476,408,65476,1,0,4,21553,0.0,0.0,0.0,0.0,0.0,0.0,0.0,0.0,0.0,0.0,0.0,0.0,0.0,0.0,0.0,0.0,0.0,0.0,0.0,0.0,0.0,2.004,2.004,-0.0,-2.004,-2.004,0.0,0.0,0.0,0.0,6531.0,-0.0,0.0,0.0,2.7184527190102135e+23,0.0,0.0,0.0,0.0,2.004,2.004,225,-4.9504015179484054e+32,-4.9504239556116174e+32,0.0,0.0,0.0,0.0,0.0,0.0,0.0,0,0,0,0.0,37816232.0,-0.0,81027.945,-0.0,65.629,-0.0,0.0,0.0,-3.196865020159642e+27,-3.348,11426266611712.0,0.0,0.0,0.0,-2.2360102769545708e+18,0,1.3516416376850534e+27,225,0.0,450,0.0,-0.0,2114,52429,17109,0,17112,52429,17095,0,0,0,101,100,100,0.0,65.0,0.0,65.8,-0.0,65.0,1,49,50,180,52429,52429,0,0,0.0,0.0,0.0,60.0,-0.0,71.0,0.0,-2372.084,0.0,1069,0,1069,0,0,0,1069,0,1080,0,999,0,653,0,655,0,650,0,682,0.032,1.4536034330083127e+22,-0.0,2.730234856211355e+23,25744,16814,-0.0,-2372.084,257280.578,-0.265,2.925862926755731e+33,-0.0,50.0,60.0,35,0.0,0.0,10.0,2.0,0.0,0.0,0.0,0.0,0.0,0.0,0.0,0.0,0.0,0.0,0.0,0.0,58.8,56,10,65507,27,65476,0,300,1,0,8,20529,65476,0,0,30147,60.0,0.0,10.0,10.0,2.0,0.0
2026-02-16T12:30:26,ERR,ERR,ERR,ERR,ERR,ERR,ERR,ERR,ERR,ERR,ERR,ERR,ERR,ERR,ERR,ERR,ERR,ERR,ERR,ERR,ERR,ERR,ERR,ERR,ERR,ERR,ERR,ERR,ERR,ERR,ERR,ERR,ERR,ERR,ERR,ERR,ERR,ERR,ERR,ERR,ERR,ERR,ERR,ERR,ERR,ERR,ERR,ERR,ERR,ERR,ERR,ERR,ERR,ERR,ERR,ERR,ERR,ERR,ERR,ERR,ERR,ERR,ERR,ERR,ERR,ERR,ERR,ERR,ERR,ERR,ERR,ERR,ERR,ERR,ERR,ERR,ERR,ERR,ERR,ERR,ERR,ERR,ERR,ERR,ERR,ERR,ERR,ERR,ERR,ERR,ERR,ERR,ERR,ERR,ERR,ERR,ERR,ERR,ERR,ERR,ERR,ERR,ERR,ERR,ERR,ERR,ERR,ERR,ERR,ERR,ERR,ERR,ERR,ERR,ERR,ERR,ERR,ERR,ERR,ERR,ERR,ERR,ERR,ERR,ERR,0.0,2.7184527190102135e+23,-0.0,0.0,-0.031,0.0,-0.0,0.0,4300,0,8,17168,4300,0.0,41,0.0,0.0,0.0,0.0,2.7184166902131945e+23,0,0,0,0,0.0,0,0,0,0,0,0,0,0,0,0,0,0,0,0,0,0,0,0,0,0,0,0,0,0,0,0,0,0,0,0,0,0,0,12,36,36,48,65476,408,65476,1,0,4,21553,0.0,0.0,0.0,0.0,0.0,0.0,0.0,0.0,0.0,0.0,0.0,0.0,0.0,0.0,0.0,0.0,0.0,0.0,0.0,0.0,0.0,2.004,2.004,-0.0,-2.004,-2.004,0.0,0.0,0.0,0.0,6531.0,-0.0,0.0,0.0,2.7184527190102135e+23,0.0,0.0,0.0,0.0,2.004,2.004,225,-4.9504015179484054e+32,-4.9504239556116174e+32,0.0,0.0,0.0,0.0,0.0,0.0,0.0,0,0,0,0.0,37816232.0,-0.0,81027.945,-0.0,65.629,-0.0,0.0,0.0,-3.196865020159642e+27,-3.348,11426266611712.0,0.0,0.0,0.0,-2.2360102769545708e+18,0,1.3516416376850534e+27,225,0.0,450,0.0,-0.0,2114,52429,17109,0,17112,52429,17095,0,0,0,101,100,100,0.0,65.0,0.0,65.8,-0.0,65.0,1,49,50,180,52429,52429,0,0,0.0,0.0,0.0,60.0,-0.0,71.0,0.0,-2372.084,0.0,1069,0,1069,0,0,0,1069,0,1080,0,999,0,653,0,655,0,650,0,682,0.032,1.4536034330083127e+22,-0.0,2.730234856211355e+23,25744,16814,-0.0,-2372.084,257280.578,-0.265,2.925862926755731e+33,-0.0,50.0,60.0,35,0.0,0.0,10.0,2.0,0.0,0.0,0.0,0.0,0.0,0.0,0.0,0.0,0.0,0.0,0.0,0.0,58.8,56,10,65507,27,65476,0,300,1,0,8,20529,65476,0,0,30147,60.0,0.0,10.0,10.0,2.0,0.0
2026-02-16T12:30:27,ERR,ERR,ERR,ERR,ERR,ERR,ERR,ERR,ERR,ERR,ERR,ERR,ERR,ERR,ERR,ERR,ERR,ERR,ERR,ERR,ERR,ERR,ERR,ERR,ERR,ERR,ERR,ERR,ERR,ERR,ERR,ERR,ERR,ERR,ERR,ERR,ERR,ERR,ERR,ERR,ERR,ERR,ERR,ERR,ERR,ERR,ERR,ERR,ERR,ERR,ERR,ERR,ERR,ERR,ERR,ERR,ERR,ERR,ERR,ERR,ERR,ERR,ERR,ERR,ERR,ERR,ERR,ERR,ERR,ERR,ERR,ERR,ERR,ERR,ERR,ERR,ERR,ERR,ERR,ERR,ERR,ERR,ERR,ERR,ERR,ERR,ERR,ERR,ERR,ERR,ERR,ERR,ERR,ERR,ERR,ERR,ERR,ERR,ERR,ERR,ERR,ERR,ERR,ERR,ERR,ERR,ERR,ERR,ERR,ERR,ERR,ERR,ERR,ERR,ERR,ERR,ERR,ERR,ERR,ERR,ERR,ERR,ERR,ERR,ERR,0.0,2.7184527190102135e+23,-0.0,0.0,-0.031,0.0,-0.0,0.0,4300,0,8,17168,4300,0.0,41,0.0,0.0,0.0,0.0,2.7184166902131945e+23,0,0,0,0,0.0,0,0,0,0,0,0,0,0,0,0,0,0,0,0,0,0,0,0,0,0,0,0,0,0,0,0,0,0,0,0,0,0,0,12,36,36,48,65476,408,65476,1,0,4,21553,0.0,0.0,0.0,0.0,0.0,0.0,0.0,0.0,0.0,0.0,0.0,0.0,0.0,0.0,0.0,0.0,0.0,0.0,0.0,0.0,0.0,2.004,2.004,-0.0,-2.004,-2.004,0.0,0.0,0.0,0.0,6531.0,-0.0,0.0,0.0,2.7184527190102135e+23,0.0,0.0,0.0,0.0,2.004,2.004,225,-4.9504015179484054e+32,-4.9504239556116174e+32,0.0,0.0,0.0,0.0,0.0,0.0,0.0,0,0,0,0.0,37816232.0,-0.0,81027.945,-0.0,65.629,-0.0,0.0,0.0,-3.196865020159642e+27,-3.348,11426266611712.0,0.0,0.0,0.0,-2.2360102769545708e+18,0,1.3516416376850534e+27,225,0.0,450,0.0,-0.0,2114,52429,17109,0,17112,52429,17095,0,0,0,101,100,100,0.0,65.0,0.0,65.8,-0.0,65.0,1,49,50,180,52429,52429,0,0,0.0,0.0,0.0,60.0,-0.0,71.0,0.0,-3.428614860158565e+27,0.0,1069,0,1069,0,0,0,1069,0,1080,0,999,0,653,0,655,0,650,0,681,0.032,1.4683608282672803e+22,-0.0,2.730234856211355e+23,22544,16814,9.866876261533248e+29,-2.348,0.0,19366362.0,0.0,5.870850623189561e+25,50.0,60.0,35,0.0,0.0,10.0,2.0,0.0,0.0,0.0,0.0,0.0,0.0,0.0,0.0,0.0,0.0,0.0,0.0,59.2,56,10,65507,27,65476,0,300,0,0,8,20529,65476,0,0,30147,60.0,0.0,10.0,10.0,2.0,0.0
2026-02-16T12:30:28,ERR,ERR,ERR,ERR,ERR,ERR,ERR,ERR,ERR,ERR,ERR,ERR,ERR,ERR,ERR,ERR,ERR,ERR,ERR,ERR,ERR,ERR,ERR,ERR,ERR,ERR,ERR,ERR,ERR,ERR,ERR,ERR,ERR,ERR,ERR,ERR,ERR,ERR,ERR,ERR,ERR,ERR,ERR,ERR,ERR,ERR,ERR,ERR,ERR,ERR,ERR,ERR,ERR,ERR,ERR,ERR,ERR,ERR,ERR,ERR,ERR,ERR,ERR,ERR,ERR,ERR,ERR,ERR,ERR,ERR,ERR,ERR,ERR,ERR,ERR,ERR,ERR,ERR,ERR,ERR,ERR,ERR,ERR,ERR,ERR,ERR,ERR,ERR,ERR,ERR,ERR,ERR,ERR,ERR,ERR,ERR,ERR,ERR,ERR,ERR,ERR,ERR,ERR,ERR,ERR,ERR,ERR,ERR,ERR,ERR,ERR,ERR,ERR,ERR,ERR,ERR,ERR,ERR,ERR,ERR,ERR,ERR,ERR,ERR,ERR,0.0,107616352.0,0.0,0.0,71072154124288.0,1.1838062300296303e+29,45161436.0,6652175360.0,4300,0,8,17168,4300,0.0,41,0.0,0.0,0.0,0.0,2.7184166902131945e+23,0,0,0,0,0.0,0,0,0,0,0,0,0,0,0,0,0,0,0,0,0,0,0,0,0,0,0,0,0,0,0,0,0,0,0,0,0,0,0,12,37,36,48,65476,409,65476,1,0,4,21553,0.0,0.0,0.0,0.0,0.0,0.0,0.0,0.0,0.0,0.0,0.0,0.0,0.0,0.0,0.0,0.0,0.0,0.0,0.0,0.0,0.0,2.004,2.004,-0.0,-3.697074423243316e+19,-0.0,0.0,0.0,0.0,0.0,6528.0,-131351.188,0.0,0.0,107616352.0,0.0,0.0,0.0,0.0,2.004,2.004,225,-4.9504015179484054e+32,0.0,0.0,0.0,0.0,0.0,0.0,0.0,0.0,0,0,0,0.0,-1.3674337250955263e+21,-0.0,1.109551456110999e+29,-0.0,-1.0823138915280486e+17,-0.0,0.0,-0.0,-3.428978777525651e+27,-3.551,12250900332544.0,0.0,0.0,0.0,-0.0,0,1.3516416376850534e+27,225,0.0,450,0.0,-1.4035696821479504e+35,2114,52429,17109,0,17112,52429,17095,0,0,0,101,100,100,0.0,65.0,0.0,65.8,-0.0,65.0,1,49,50,180,52429,52429,0,0,0.0,0.0,0.0,60.0,-0.0,71.0,0.0,-3.428614860158565e+27,0.0,1069,0,1069,0,0,0,1069,0,1080,0,999,0,653,0,655,0,650,0,681,0.032,1.4683608282672803e+22,-0.0,2.730234856211355e+23,22544,16814,9.866876261533248e+29,-2.348,0.0,19366362.0,0.0,5.870850623189561e+25,50.0,60.0,35,0.0,0.0,10.0,2.0,0.0,0.0,0.0,0.0,0.0,0.0,0.0,0.0,0.0,0.0,0.0,0.0,58.8,56,10,65507,27,65476,0,300,0,0,8,20529,65476,0,0,30147,60.0,0.0,10.0,10.0,2.0,0.0
2026-02-16T12:30:29,ERR,ERR,ERR,ERR,ERR,ERR,ERR,ERR,ERR,ERR,ERR,ERR,ERR,ERR,ERR,ERR,ERR,ERR,ERR,ERR,ERR,ERR,ERR,ERR,ERR,ERR,ERR,ERR,ERR,ERR,ERR,ERR,ERR,ERR,ERR,ERR,ERR,ERR,ERR,ERR,ERR,ERR,ERR,ERR,ERR,ERR,ERR,ERR,ERR,ERR,ERR,ERR,ERR,ERR,ERR,ERR,ERR,ERR,ERR,ERR,ERR,ERR,ERR,ERR,ERR,ERR,ERR,ERR,ERR,ERR,ERR,ERR,ERR,ERR,ERR,ERR,ERR,ERR,ERR,ERR,ERR,ERR,ERR,ERR,ERR,ERR,ERR,ERR,ERR,ERR,ERR,ERR,ERR,ERR,ERR,ERR,ERR,ERR,ERR,ERR,ERR,ERR,ERR,ERR,ERR,ERR,ERR,ERR,ERR,ERR,ERR,ERR,ERR,ERR,ERR,ERR,ERR,ERR,ERR,ERR,ERR,ERR,ERR,ERR,ERR,0.0,107616352.0,0.0,0.0,71072154124288.0,1.1838062300296303e+29,45161436.0,6652175360.0,4300,0,8,17168,4300,0.0,41,0.0,0.0,0.0,0.0,2.7184166902131945e+23,0,0,0,0,0.0,0,0,0,0,0,0,0,0,0,0,0,0,0,0,0,0,0,0,0,0,0,0,0,0,0,0,0,0,0,0,0,0,0,12,37,36,48,65476,409,65476,1,0,4,21553,0.0,0.0,0.0,0.0,0.0,0.0,0.0,0.0,0.0,0.0,0.0,0.0,0.0,0.0,0.0,0.0,0.0,0.0,0.0,0.0,0.0,2.004,2.004,-0.0,-3.697074423243316e+19,-0.0,0.0,0.0,0.0,0.0,6528.0,-131351.188,0.0,0.0,107616352.0,0.0,0.0,0.0,0.0,2.004,2.004,225,-4.9504015179484054e+32,0.0,0.0,0.0,0.0,0.0,0.0,0.0,0.0,0,0,0,0.0,-1.3674337250955263e+21,-0.0,1.109551456110999e+29,-0.0,-1.0823138915280486e+17,-0.0,0.0,-0.0,-3.428978777525651e+27,-3.551,12250900332544.0,0.0,0.0,0.0,-0.0,0,1.3516416376850534e+27,225,0.0,450,0.0,-1.4035696821479504e+35,2114,52429,17109,0,17112,52429,17095,0,0,0,101,100,100,0.0,65.0,0.0,65.8,-0.0,65.0,1,49,50,180,52429,52429,0,0,0.0,0.0,0.0,60.0,-0.0,71.0,0.0,-3.428614860158565e+27,0.0,1069,0,1069,0,0,0,1069,0,1080,0,999,0,653,0,655,0,650,0,681,0.032,1.4683608282672803e+22,-0.0,2.730234856211355e+23,22544,16814,9.866876261533248e+29,-2.348,0.0,19366362.0,0.0,5.870850623189561e+25,50.0,60.0,35,0.0,0.0,10.0,2.0,0.0,0.0,0.0,0.0,0.0,0.0,0.0,0.0,0.0,0.0,0.0,0.0,58.8,56,10,65507,27,65476,0,300,0,0,8,20529,65476,0,0,30147,60.0,0.0,10.0,10.0,2.0,0.0
2026-02-16T12:30:30,ERR,ERR,ERR,ERR,ERR,ERR,ERR,ERR,ERR,ERR,ERR,ERR,ERR,ERR,ERR,ERR,ERR,ERR,ERR,ERR,ERR,ERR,ERR,ERR,ERR,ERR,ERR,ERR,ERR,ERR,ERR,ERR,ERR,ERR,ERR,ERR,ERR,ERR,ERR,ERR,ERR,ERR,ERR,ERR,ERR,ERR,ERR,ERR,ERR,ERR,ERR,ERR,ERR,ERR,ERR,ERR,ERR,ERR,ERR,ERR,ERR,ERR,ERR,ERR,ERR,ERR,ERR,ERR,ERR,ERR,ERR,ERR,ERR,ERR,ERR,ERR,ERR,ERR,ERR,ERR,ERR,ERR,ERR,ERR,ERR,ERR,ERR,ERR,ERR,ERR,ERR,ERR,ERR,ERR,ERR,ERR,ERR,ERR,ERR,ERR,ERR,ERR,ERR,ERR,ERR,ERR,ERR,ERR,ERR,ERR,ERR,ERR,ERR,ERR,ERR,ERR,ERR,ERR,ERR,ERR,ERR,ERR,ERR,ERR,ERR,0.0,107616352.0,0.0,0.0,71072154124288.0,1.1838062300296303e+29,45161436.0,6652175360.0,4300,0,8,17168,4300,0.0,41,0.0,0.0,0.0,0.0,2.7184166902131945e+23,0,0,0,0,0.0,0,0,0,0,0,0,0,0,0,0,0,0,0,0,0,0,0,0,0,0,0,0,0,0,0,0,0,0,0,0,0,0,0,12,37,36,48,65476,409,65476,1,0,4,21553,0.0,0.0,0.0,0.0,0.0,0.0,0.0,0.0,0.0,0.0,0.0,0.0,0.0,0.0,0.0,0.0,0.0,0.0,0.0,0.0,0.0,2.004,2.004,-0.0,-3.697074423243316e+19,-0.0,0.0,0.0,0.0,0.0,6528.0,-131351.188,0.0,0.0,107616352.0,0.0,0.0,0.0,0.0,2.004,2.004,225,-4.9504015179484054e+32,0.0,0.0,0.0,0.0,0.0,0.0,0.0,0.0,0,0,0,0.0,-1.3674337250955263e+21,-0.0,1.109551456110999e+29,-0.0,-1.0823138915280486e+17,-0.0,0.0,-0.0,-3.428978777525651e+27,-3.551,12250900332544.0,0.0,0.0,0.0,-0.0,0,1.3516416376850534e+27,225,0.0,450,0.0,-1.4035696821479504e+35,2114,0,17110,0,17112,52429,17095,0,0,0,101,100,100,0.0,65.0,0.0,65.8,-0.0,65.0,1,49,50,180,52429,52429,0,0,0.0,0.0,0.0,60.0,2.7790830873863496e+37,71.0,0.0,-7.459325396350953e+26,0.0,1069,0,1069,0,0,0,1069,0,1080,0,999,0,653,0,655,0,650,0,681,0.032,1.4536034330083127e+22,2.004,0.0,11920,16814,1.4975413183506992e+37,-7.459325396350953e+26,4385171308544.0,-0.0,-0.0,-0.0,50.0,60.0,35,0.0,0.0,10.0,2.0,0.0,0.0,0.0,0.0,0.0,0.0,0.0,0.0,0.0,0.0,0.0,0.0,58.8,56,10,65507,27,65476,0,65476,0,0,4,20529,65476,0,0,30147,60.0,0.0,10.0,10.0,2.0,0.0
2026-02-16T12:30:31,ERR,ERR,ERR,ERR,ERR,ERR,ERR,ERR,ERR,ERR,ERR,ERR,ERR,ERR,ERR,ERR,ERR,ERR,ERR,ERR,ERR,ERR,ERR,ERR,ERR,ERR,ERR,ERR,ERR,ERR,ERR,ERR,ERR,ERR,ERR,ERR,ERR,ERR,ERR,ERR,ERR,ERR,ERR,ERR,ERR,ERR,ERR,ERR,ERR,ERR,ERR,ERR,ERR,ERR,ERR,ERR,ERR,ERR,ERR,ERR,ERR,ERR,ERR,ERR,ERR,ERR,ERR,ERR,ERR,ERR,ERR,ERR,ERR,ERR,ERR,ERR,ERR,ERR,ERR,ERR,ERR,ERR,ERR,ERR,ERR,ERR,ERR,ERR,ERR,ERR,ERR,ERR,ERR,ERR,ERR,ERR,ERR,ERR,ERR,ERR,ERR,ERR,ERR,ERR,ERR,ERR,ERR,ERR,ERR,ERR,ERR,ERR,ERR,ERR,ERR,ERR,ERR,ERR,ERR,ERR,ERR,ERR,ERR,ERR,ERR,0.0,107616352.0,0.0,0.0,71072154124288.0,1.1838062300296303e+29,45161436.0,6652175360.0,4300,0,8,17168,4300,0.0,41,0.0,0.0,0.0,0.0,2.7184166902131945e+23,0,0,0,0,0.0,0,0,0,0,0,0,0,0,0,0,0,0,0,0,0,0,0,0,0,0,0,0,0,0,0,0,0,0,0,0,0,0,0,12,37,36,48,65476,409,65476,1,0,4,21553,0.0,0.0,0.0,0.0,0.0,0.0,0.0,0.0,0.0,0.0,0.0,0.0,0.0,0.0,0.0,0.0,0.0,0.0,0.0,0.0,0.0,2.004,2.004,-0.0,-3.697074423243316e+19,-0.0,0.0,0.0,0.0,0.0,6528.0,-131351.188,0.0,0.0,107616352.0,0.0,0.0,0.0,0.0,2.004,2.004,225,-4.9504015179484054e+32,0.0,0.0,0.0,0.0,0.0,0.0,0.0,0.0,0,0,0,0.0,-1.3674337250955263e+21,-0.0,1.109551456110999e+29,-0.0,-1.0823138915280486e+17,-0.0,0.0,-0.0,-3.428978777525651e+27,-3.551,12250900332544.0,0.0,0.0,0.0,-0.0,0,1.3516416376850534e+27,225,0.0,450,0.0,-1.4035696821479504e+35,2114,0,17110,0,17112,52429,17095,0,0,0,101,100,100,0.0,65.0,0.0,65.8,-0.0,65.0,1,49,50,180,52429,52429,0,0,0.0,0.0,0.0,60.0,2.7790830873863496e+37,71.0,0.0,-7.459325396350953e+26,0.0,1069,0,1069,0,0,0,1069,0,1080,0,999,0,653,0,655,0,650,0,681,0.032,1.4536034330083127e+22,2.004,0.0,11920,16814,1.4975413183506992e+37,-7.459325396350953e+26,4385171308544.0,-0.0,-0.0,-0.0,50.0,60.0,35,0.0,0.0,10.0,2.0,0.0,0.0,0.0,0.0,0.0,0.0,0.0,0.0,0.0,0.0,0.0,0.0,58.8,56,10,65507,27,65476,0,65476,0,0,4,20529,65476,0,0,30147,60.0,0.0,10.0,10.0,2.0,0.0
2026-02-16T12:30:32,ERR,ERR,ERR,ERR,ERR,ERR,ERR,ERR,ERR,ERR,ERR,ERR,ERR,ERR,ERR,ERR,ERR,ERR,ERR,ERR,ERR,ERR,ERR,ERR,ERR,ERR,ERR,ERR,ERR,ERR,ERR,ERR,ERR,ERR,ERR,ERR,ERR,ERR,ERR,ERR,ERR,ERR,ERR,ERR,ERR,ERR,ERR,ERR,ERR,ERR,ERR,ERR,ERR,ERR,ERR,ERR,ERR,ERR,ERR,ERR,ERR,ERR,ERR,ERR,ERR,ERR,ERR,ERR,ERR,ERR,ERR,ERR,ERR,ERR,ERR,ERR,ERR,ERR,ERR,ERR,ERR,ERR,ERR,ERR,ERR,ERR,ERR,ERR,ERR,ERR,ERR,ERR,ERR,ERR,ERR,ERR,ERR,ERR,ERR,ERR,ERR,ERR,ERR,ERR,ERR,ERR,ERR,ERR,ERR,ERR,ERR,ERR,ERR,ERR,ERR,ERR,ERR,ERR,ERR,ERR,ERR,ERR,ERR,ERR,ERR,0.0,107616352.0,0.0,0.0,71072154124288.0,1.1838062300296303e+29,45161436.0,6652175360.0,4300,0,8,17168,4300,0.0,41,0.0,0.0,0.0,0.0,2.7184166902131945e+23,0,0,0,0,0.0,0,0,0,0,0,0,0,0,0,0,0,0,0,0,0,0,0,0,0,0,0,0,0,0,0,0,0,0,0,0,0,0,0,12,37,36,48,65476,409,65476,1,0,4,21553,0.0,0.0,0.0,0.0,0.0,0.0,0.0,0.0,0.0,0.0,0.0,0.0,0.0,0.0,0.0,0.0,0.0,0.0,0.0,0.0,0.0,2.004,2.004,-0.0,-3.697074423243316e+19,-0.0,0.0,0.0,0.0,0.0,6528.0,-131351.188,0.0,0.0,107616352.0,0.0,0.0,0.0,0.0,2.004,2.004,225,-4.9504015179484054e+32,0.0,0.0,0.0,0.0,0.0,0.0,0.0,0.0,0,0,0,0.0,-1.3674337250955263e+21,-0.0,1.109551456110999e+29,-0.0,-1.0823138915280486e+17,-0.0,0.0,-0.0,-3.428978777525651e+27,-3.551,12250900332544.0,0.0,0.0,0.0,-0.0,0,1.3516416376850534e+27,225,0.0,450,0.0,-1.4035696821479504e+35,2114,0,17110,0,17112,52429,17095,0,0,0,101,100,100,0.0,65.0,0.0,65.8,-0.0,65.0,1,49,50,180,52429,52429,0,0,0.0,0.0,0.0,60.0,2.7790830873863496e+37,71.0,0.0,-7.459325396350953e+26,0.0,1069,0,1069,0,0,0,1069,0,1080,0,999,0,653,0,655,0,650,0,681,0.032,1.4536034330083127e+22,2.004,0.0,11920,16814,1.4975413183506992e+37,-7.459325396350953e+26,4385171308544.0,-0.0,-0.0,-0.0,50.0,60.0,35,0.0,0.0,10.0,2.0,0.0,0.0,0.0,0.0,0.0,0.0,0.0,0.0,0.0,0.0,0.0,0.0,59.2,56,10,65507,27,65476,0,65476,1,0,4,20529,65476,0,0,30147,60.0,0.0,10.0,10.0,2.0,0.0
2026-02-16T12:30:33,ERR,ERR,ERR,ERR,ERR,ERR,ERR,ERR,ERR,ERR,ERR,ERR,ERR,ERR,ERR,ERR,ERR,ERR,ERR,ERR,ERR,ERR,ERR,ERR,ERR,ERR,ERR,ERR,ERR,ERR,ERR,ERR,ERR,ERR,ERR,ERR,ERR,ERR,ERR,ERR,ERR,ERR,ERR,ERR,ERR,ERR,ERR,ERR,ERR,ERR,ERR,ERR,ERR,ERR,ERR,ERR,ERR,ERR,ERR,ERR,ERR,ERR,ERR,ERR,ERR,ERR,ERR,ERR,ERR,ERR,ERR,ERR,ERR,ERR,ERR,ERR,ERR,ERR,ERR,ERR,ERR,ERR,ERR,ERR,ERR,ERR,ERR,ERR,ERR,ERR,ERR,ERR,ERR,ERR,ERR,ERR,ERR,ERR,ERR,ERR,ERR,ERR,ERR,ERR,ERR,ERR,ERR,ERR,ERR,ERR,ERR,ERR,ERR,ERR,ERR,ERR,ERR,ERR,ERR,ERR,ERR,ERR,ERR,ERR,ERR,0.0,107616352.0,0.0,0.0,71072154124288.0,22437487968256.0,0.0,2.043844364303399e+25,4300,0,8,17168,4300,0.0,41,0.0,0.0,0.0,0.0,2.7184166902131945e+23,0,0,0,0,0.0,0,0,0,0,0,0,0,0,0,0,0,0,0,0,0,0,0,0,0,0,0,0,0,0,0,0,0,0,0,0,0,0,0,12,37,36,48,65476,408,65476,1,0,4,21553,0.0,2.7183305813883192e+23,0.0,0.0,0.0,0.0,0.0,0.0,0.0,0.0,0.0,0.0,0.0,0.0,0.0,0.0,0.0,0.0,0.0,0.0,0.0,2.004,2.004,3.6970818999223845e+19,-3.697074423243316e+19,-0.0,0.0,0.0,0.0,0.0,6532.0,-3.697207244247951e+19,0.0,0.0,107616352.0,0.0,0.0,-0.0,0.0,2.004,2.004,226,0.0,0.0,0.0,0.0,0.0,0.0,0.0,0.0,0.0,0,0,0,-2.223126196447348e+35,0.0,-0.0,-0.0,-0.0,0.0,-1.624813137546596e+34,2.6897156331228334e+29,4.6351959343821687e+21,-3.680435348005494e+27,-3.739,13075534053376.0,0.0,0.0,0.0,-4.3999629598712136e+18,0,1.3516416376850534e+27,226,0.0,452,2.40156025918058e+36,0.0,2114,0,17110,0,17112,52429,17095,0,0,0,101,100,100,0.0,65.0,0.0,65.8,-0.0,65.0,1,49,50,180,52429,52429,0,0,0.0,0.0,0.0,60.0,2.7790830873863496e+37,71.0,0.0,-7.459325396350953e+26,0.0,1069,0,1069,0,0,0,1069,0,1080,0,999,0,653,0,655,0,650,0,681,0.032,1.4536034330083127e+22,2.004,0.0,11920,16814,1.4975413183506992e+37,-7.459325396350953e+26,4385171308544.0,-0.0,-0.0,-0.0,50.0,60.0,35,0.0,0.0,10.0,2.0,0.0,0.0,0.0,0.0,0.0,0.0,0.0,0.0,0.0,0.0,0.0,0.0,58.8,56,10,65507,27,65476,0,300,1,0,8,20529,65476,0,0,30147,60.0,0.0,10.0,10.0,2.0,0.0
2026-02-16T12:30:34,ERR,ERR,ERR,ERR,ERR,ERR,ERR,ERR,ERR,ERR,ERR,ERR,ERR,ERR,ERR,ERR,ERR,ERR,ERR,ERR,ERR,ERR,ERR,ERR,ERR,ERR,ERR,ERR,ERR,ERR,ERR,ERR,ERR,ERR,ERR,ERR,ERR,ERR,ERR,ERR,ERR,ERR,ERR,ERR,ERR,ERR,ERR,ERR,ERR,ERR,ERR,ERR,ERR,ERR,ERR,ERR,ERR,ERR,ERR,ERR,ERR,ERR,ERR,ERR,ERR,ERR,ERR,ERR,ERR,ERR,ERR,ERR,ERR,ERR,ERR,ERR,ERR,ERR,ERR,ERR,ERR,ERR,ERR,ERR,ERR,ERR,ERR,ERR,ERR,ERR,ERR,ERR,ERR,ERR,ERR,ERR,ERR,ERR,ERR,ERR,ERR,ERR,ERR,ERR,ERR,ERR,ERR,ERR,ERR,ERR,ERR,ERR,ERR,ERR,ERR,ERR,ERR,ERR,ERR,ERR,ERR,ERR,ERR,ERR,ERR,0.0,107616352.0,0.0,0.0,71072154124288.0,22437487968256.0,0.0,2.043844364303399e+25,4300,0,8,17168,4300,0.0,41,0.0,0.0,0.0,0.0,2.7184166902131945e+23,0,0,0,0,0.0,0,0,0,0,0,0,0,0,0,0,0,0,0,0,0,0,0,0,0,0,0,0,0,0,0,0,0,0,0,0,0,0,0,12,37,36,48,65476,408,65476,1,0,4,21553,0.0,2.7183305813883192e+23,0.0,0.0,0.0,0.0,0.0,0.0,0.0,0.0,0.0,0.0,0.0,0.0,0.0,0.0,0.0,0.0,0.0,0.0,0.0,2.004,2.004,3.6970818999223845e+19,-3.697074423243316e+19,-0.0,0.0,0.0,0.0,0.0,6532.0,-3.697207244247951e+19,0.0,0.0,107616352.0,0.0,0.0,-0.0,0.0,2.004,2.004,226,0.0,0.0,0.0,0.0,0.0,0.0,0.0,0.0,0.0,0,0,0,-2.223126196447348e+35,0.0,-0.0,-0.0,-0.0,0.0,-1.624813137546596e+34,2.6897156331228334e+29,4.6351959343821687e+21,-3.680435348005494e+27,-3.739,13075534053376.0,0.0,0.0,0.0,-4.3999629598712136e+18,0,1.3516416376850534e+27,226,0.0,452,2.40156025918058e+36,0.0,2114,52429,17109,0,17112,52429,17095,0,0,0,101,100,100,0.0,65.0,0.0,65.8,-0.0,65.0,1,49,50,180,52429,52429,0,0,0.0,0.0,0.0,60.0,2.0705782528119904e+29,71.0,0.0,-2.618573461622498e+31,0.0,1069,0,1069,0,0,0,1069,0,1080,0,999,0,653,0,655,0,650,0,680,0.032,1.4609821306377965e+22,2.004,0.0,19088,16814,2.0705782528119904e+29,-2.618573461622498e+31,3.521700528024951e+31,-1.0122003714869821e+18,-0.0,-9.610763795501838e+21,50.0,60.0,35,0.0,0.0,10.0,2.0,0.0,0.0,0.0,0.0,0.0,0.0,0.0,0.0,0.0,0.0,0.0,0.0,58.8,56,10,65507,27,65476,0,300,1,0,8,20529,65476,0,0,30147,60.0,0.0,10.0,10.0,2.0,0.0
2026-02-16T12:30:35,ERR,ERR,ERR,ERR,ERR,ERR,ERR,ERR,ERR,ERR,ERR,ERR,ERR,ERR,ERR,ERR,ERR,ERR,ERR,ERR,ERR,ERR,ERR,ERR,ERR,ERR,ERR,ERR,ERR,ERR,ERR,ERR,ERR,ERR,ERR,ERR,ERR,ERR,ERR,ERR,ERR,ERR,ERR,ERR,ERR,ERR,ERR,ERR,ERR,ERR,ERR,ERR,ERR,ERR,ERR,ERR,ERR,ERR,ERR,ERR,ERR,ERR,ERR,ERR,ERR,ERR,ERR,ERR,ERR,ERR,ERR,ERR,ERR,ERR,ERR,ERR,ERR,ERR,ERR,ERR,ERR,ERR,ERR,ERR,ERR,ERR,ERR,ERR,ERR,ERR,ERR,ERR,ERR,ERR,ERR,ERR,ERR,ERR,ERR,ERR,ERR,ERR,ERR,ERR,ERR,ERR,ERR,ERR,ERR,ERR,ERR,ERR,ERR,ERR,ERR,ERR,ERR,ERR,ERR,ERR,ERR,ERR,ERR,ERR,ERR,0.0,107616352.0,0.0,0.0,71072154124288.0,22437487968256.0,0.0,2.043844364303399e+25,4300,0,8,17168,4300,0.0,41,0.0,0.0,0.0,0.0,2.7184166902131945e+23,0,0,0,0,0.0,0,0,0,0,0,0,0,0,0,0,0,0,0,0,0,0,0,0,0,0,0,0,0,0,0,0,0,0,0,0,0,0,0,12,37,36,48,65476,408,65476,1,0,4,21553,0.0,2.7183305813883192e+23,0.0,0.0,0.0,0.0,0.0,0.0,0.0,0.0,0.0,0.0,0.0,0.0,0.0,0.0,0.0,0.0,0.0,0.0,0.0,2.004,2.004,3.6970818999223845e+19,-3.697074423243316e+19,-0.0,0.0,0.0,0.0,0.0,6532.0,-3.697207244247951e+19,0.0,0.0,107616352.0,0.0,0.0,-0.0,0.0,2.004,2.004,226,0.0,0.0,0.0,0.0,0.0,0.0,0.0,0.0,0.0,0,0,0,-2.223126196447348e+35,0.0,-0.0,-0.0,-0.0,0.0,-1.624813137546596e+34,2.6897156331228334e+29,4.6351959343821687e+21,-3.680435348005494e+27,-3.739,13075534053376.0,0.0,0.0,0.0,-4.3999629598712136e+18,0,1.3516416376850534e+27,226,0.0,452,2.40156025918058e+36,0.0,2114,52429,17109,0,17112,52429,17095,0,0,0,101,100,100,0.0,65.0,0.0,65.8,-0.0,65.0,1,49,50,180,52429,52429,0,0,0.0,0.0,0.0,60.0,2.0705782528119904e+29,71.0,0.0,-2.618573461622498e+31,0.0,1069,0,1069,0,0,0,1069,0,1080,0,999,0,653,0,655,0,650,0,680,0.032,1.4609821306377965e+22,2.004,0.0,19088,16814,2.0705782528119904e+29,-2.618573461622498e+31,3.521700528024951e+31,-1.0122003714869821e+18,-0.0,-9.610763795501838e+21,50.0,60.0,35,0.0,0.0,10.0,2.0,0.0,0.0,0.0,0.0,0.0,0.0,0.0,0.0,0.0,0.0,0.0,0.0,58.8,56,10,65507,27,65476,0,300,0,0,8,20529,65476,0,0,30147,60.0,0.0,10.0,10.0,2.0,0.0
2026-02-16T12:30:36,ERR,ERR,ERR,ERR,ERR,ERR,ERR,ERR,ERR,ERR,ERR,ERR,ERR,ERR,ERR,ERR,ERR,ERR,ERR,ERR,ERR,ERR,ERR,ERR,ERR,ERR,ERR,ERR,ERR,ERR,ERR,ERR,ERR,ERR,ERR,ERR,ERR,ERR,ERR,ERR,ERR,ERR,ERR,ERR,ERR,ERR,ERR,ERR,ERR,ERR,ERR,ERR,ERR,ERR,ERR,ERR,ERR,ERR,ERR,ERR,ERR,ERR,ERR,ERR,ERR,ERR,ERR,ERR,ERR,ERR,ERR,ERR,ERR,ERR,ERR,ERR,ERR,ERR,ERR,ERR,ERR,ERR,ERR,ERR,ERR,ERR,ERR,ERR,ERR,ERR,ERR,ERR,ERR,ERR,ERR,ERR,ERR,ERR,ERR,ERR,ERR,ERR,ERR,ERR,ERR,ERR,ERR,ERR,ERR,ERR,ERR,ERR,ERR,ERR,ERR,ERR,ERR,ERR,ERR,ERR,ERR,ERR,ERR,ERR,ERR,0.0,107616352.0,0.0,0.0,71072154124288.0,22437487968256.0,0.0,2.043844364303399e+25,4300,0,8,17168,4300,0.0,41,0.0,0.0,0.0,0.0,2.7184166902131945e+23,0,0,0,0,0.0,0,0,0,0,0,0,0,0,0,0,0,0,0,0,0,0,0,0,0,0,0,0,0,0,0,0,0,0,0,0,0,0,0,12,37,36,48,65476,408,65476,1,0,4,21553,0.0,2.7183305813883192e+23,0.0,0.0,0.0,0.0,0.0,0.0,0.0,0.0,0.0,0.0,0.0,0.0,0.0,0.0,0.0,0.0,0.0,0.0,0.0,2.004,2.004,3.6970818999223845e+19,-3.697074423243316e+19,-0.0,0.0,0.0,0.0,0.0,6532.0,-3.697207244247951e+19,0.0,0.0,107616352.0,0.0,0.0,-0.0,0.0,2.004,2.004,226,0.0,0.0,0.0,0.0,0.0,0.0,0.0,0.0,0.0,0,0,0,-2.223126196447348e+35,0.0,-0.0,-0.0,-0.0,0.0,-1.624813137546596e+34,2.6897156331228334e+29,4.6351959343821687e+21,-3.680435348005494e+27,-3.739,13075534053376.0,0.0,0.0,0.0,-4.3999629598712136e+18,0,1.3516416376850534e+27,226,0.0,452,2.40156025918058e+36,0.0,2114,52429,17109,0,17112,52429,17095,0,0,0,101,100,100,0.0,65.0,0.0,65.8,-0.0,65.0,1,49,50,180,52429,52429,0,0,0.0,0.0,0.0,60.0,2.0705782528119904e+29,71.0,0.0,-2.618573461622498e+31,0.0,1069,0,1069,0,0,0,1069,0,1080,0,999,0,653,0,655,0,650,0,680,0.032,1.4609821306377965e+22,2.004,0.0,19088,16814,2.0705782528119904e+29,-2.618573461622498e+31,3.521700528024951e+31,-1.0122003714869821e+18,-0.0,-9.610763795501838e+21,50.0,60.0,35,0.0,0.0,10.0,2.0,0.0,0.0,0.0,0.0,0.0,0.0,0.0,0.0,0.0,0.0,0.0,0.0,58.8,56,10,65507,27,65476,0,300,0,0,8,20529,65476,0,0,30147,60.0,0.0,10.0,10.0,2.0,0.0
2026-02-16T12:30:37,ERR,ERR,ERR,ERR,ERR,ERR,ERR,ERR,ERR,ERR,ERR,ERR,ERR,ERR,ERR,ERR,ERR,ERR,ERR,ERR,ERR,ERR,ERR,ERR,ERR,ERR,ERR,ERR,ERR,ERR,ERR,ERR,ERR,ERR,ERR,ERR,ERR,ERR,ERR,ERR,ERR,ERR,ERR,ERR,ERR,ERR,ERR,ERR,ERR,ERR,ERR,ERR,ERR,ERR,ERR,ERR,ERR,ERR,ERR,ERR,ERR,ERR,ERR,ERR,ERR,ERR,ERR,ERR,ERR,ERR,ERR,ERR,ERR,ERR,ERR,ERR,ERR,ERR,ERR,ERR,ERR,ERR,ERR,ERR,ERR,ERR,ERR,ERR,ERR,ERR,ERR,ERR,ERR,ERR,ERR,ERR,ERR,ERR,ERR,ERR,ERR,ERR,ERR,ERR,ERR,ERR,ERR,ERR,ERR,ERR,ERR,ERR,ERR,ERR,ERR,ERR,ERR,ERR,ERR,ERR,ERR,ERR,ERR,ERR,ERR,0.0,107616352.0,0.0,0.0,71072154124288.0,-0.0,-0.0,0.0,4300,0,8,17168,4300,0.0,41,0.0,0.0,0.0,0.0,2.7184166902131945e+23,0,0,0,0,0.0,0,0,0,0,0,0,0,0,0,0,0,0,0,0,0,0,0,0,0,0,0,0,0,0,0,0,0,0,0,0,0,0,0,12,37,36,48,65476,411,65476,1,0,4,21553,0.0,0.0,0.0,0.0,0.0,0.0,0.0,0.0,0.0,0.0,0.0,0.0,0.0,0.0,0.0,0.0,0.0,0.0,0.0,0.0,0.0,2.004,2.004,3.6970818999223845e+19,-3.697074423243316e+19,-0.0,0.0,0.0,0.0,0.0,6590.0,0.0,0.0,0.0,107616352.0,0.0,0.0,0.0,0.0,2.004,2.004,225,-2.3088280513417105e+20,0.0,0.0,0.0,0.0,0.0,0.0,0.0,0.0,0,0,0,0.0,0.0,-0.0,176431008.0,-0.0,-8.331711986973327e+29,0.0,0.0,0.0,-3.9125491053715027e+27,-3.926,13900167774208.0,0.0,0.0,0.0,-0.0,0,1.3516416376850534e+27,225,0.0,450,0.0,-1.4035696821479504e+35,2114,39322,17109,0,17112,0,17096,0,0,0,101,100,100,0.0,65.0,0.0,65.8,-0.0,65.0,1,49,50,180,52429,52429,0,0,0.0,0.0,0.0,60.0,1.258183118350587e+20,71.0,0.0,-24352.668,0.0,1069,0,1069,0,0,0,1068,0,1080,0,1000,0,653,0,655,0,650,0,680,0.032,1.4536034330083127e+22,0.0,0.0,24208,16814,4.044098150023419e+26,617.021,-0.0,5.090232181644801e+20,-0.001,0.0,50.0,60.0,35,0.0,0.0,10.0,2.0,0.0,0.0,0.0,0.0,0.0,0.0,0.0,0.0,0.0,0.0,0.0,0.0,59.2,56,10,65507,27,65476,0,300,0,0,8,20529,65476,0,0,30147,60.0,0.0,10.0,10.0,2.0,0.0
2026-02-16T12:30:38,ERR,ERR,ERR,ERR,ERR,ERR,ERR,ERR,ERR,ERR,ERR,ERR,ERR,ERR,ERR,ERR,ERR,ERR,ERR,ERR,ERR,ERR,ERR,ERR,ERR,ERR,ERR,ERR,ERR,ERR,ERR,ERR,ERR,ERR,ERR,ERR,ERR,ERR,ERR,ERR,ERR,ERR,ERR,ERR,ERR,ERR,ERR,ERR,ERR,ERR,ERR,ERR,ERR,ERR,ERR,ERR,ERR,ERR,ERR,ERR,ERR,ERR,ERR,ERR,ERR,ERR,ERR,ERR,ERR,ERR,ERR,ERR,ERR,ERR,ERR,ERR,ERR,ERR,ERR,ERR,ERR,ERR,ERR,ERR,ERR,ERR,ERR,ERR,ERR,ERR,ERR,ERR,ERR,ERR,ERR,ERR,ERR,ERR,ERR,ERR,ERR,ERR,ERR,ERR,ERR,ERR,ERR,ERR,ERR,ERR,ERR,ERR,ERR,ERR,ERR,ERR,ERR,ERR,ERR,ERR,ERR,ERR,ERR,ERR,ERR,0.0,107616352.0,0.0,0.0,71072154124288.0,-0.0,-0.0,0.0,4300,0,8,17168,4300,0.0,41,0.0,0.0,0.0,0.0,2.7184166902131945e+23,0,0,0,0,0.0,0,0,0,0,0,0,0,0,0,0,0,0,0,0,0,0,0,0,0,0,0,0,0,0,0,0,0,0,0,0,0,0,0,12,37,36,48,65476,411,65476,1,0,4,21553,0.0,0.0,0.0,0.0,0.0,0.0,0.0,0.0,0.0,0.0,0.0,0.0,0.0,0.0,0.0,0.0,0.0,0.0,0.0,0.0,0.0,2.004,2.004,3.6970818999223845e+19,-3.697074423243316e+19,-0.0,0.0,0.0,0.0,0.0,6590.0,0.0,0.0,0.0,107616352.0,0.0,0.0,0.0,0.0,2.004,2.004,225,-2.3088280513417105e+20,0.0,0.0,0.0,0.0,0.0,0.0,0.0,0.0,0,0,0,0.0,0.0,-0.0,176431008.0,-0.0,-8.331711986973327e+29,0.0,0.0,0.0,-3.9125491053715027e+27,-3.926,13900167774208.0,0.0,0.0,0.0,-0.0,0,1.3516416376850534e+27,225,0.0,450,0.0,-1.4035696821479504e+35,2114,39322,17109,0,17112,0,17096,0,0,0,101,100,100,0.0,65.0,0.0,65.8,-0.0,65.0,1,49,50,180,52429,52429,0,0,0.0,0.0,0.0,60.0,1.258183118350587e+20,71.0,0.0,-24352.668,0.0,1069,0,1069,0,0,0,1068,0,1080,0,1000,0,653,0,655,0,650,0,680,0.032,1.4536034330083127e+22,0.0,0.0,24208,16814,4.044098150023419e+26,617.021,-0.0,5.090232181644801e+20,-0.001,0.0,50.0,60.0,35,0.0,0.0,10.0,2.0,0.0,0.0,0.0,0.0,0.0,0.0,0.0,0.0,0.0,0.0,0.0,0.0,58.8,56,10,65507,27,65476,0,300,0,0,4,20529,65476,0,0,30147,60.0,0.0,10.0,10.0,2.0,0.0
2026-02-16T12:30:39,ERR,ERR,ERR,ERR,ERR,ERR,ERR,ERR,ERR,ERR,ERR,ERR,ERR,ERR,ERR,ERR,ERR,ERR,ERR,ERR,ERR,ERR,ERR,ERR,ERR,ERR,ERR,ERR,ERR,ERR,ERR,ERR,ERR,ERR,ERR,ERR,ERR,ERR,ERR,ERR,ERR,ERR,ERR,ERR,ERR,ERR,ERR,ERR,ERR,ERR,ERR,ERR,ERR,ERR,ERR,ERR,ERR,ERR,ERR,ERR,ERR,ERR,ERR,ERR,ERR,ERR,ERR,ERR,ERR,ERR,ERR,ERR,ERR,ERR,ERR,ERR,ERR,ERR,ERR,ERR,ERR,ERR,ERR,ERR,ERR,ERR,ERR,ERR,ERR,ERR,ERR,ERR,ERR,ERR,ERR,ERR,ERR,ERR,ERR,ERR,ERR,ERR,ERR,ERR,ERR,ERR,ERR,ERR,ERR,ERR,ERR,ERR,ERR,ERR,ERR,ERR,ERR,ERR,ERR,ERR,ERR,ERR,ERR,ERR,ERR,0.0,107616352.0,0.0,0.0,71072154124288.0,-0.0,-0.0,0.0,4300,0,8,17168,4300,0.0,41,0.0,0.0,0.0,0.0,2.7184166902131945e+23,0,0,0,0,0.0,0,0,0,0,0,0,0,0,0,0,0,0,0,0,0,0,0,0,0,0,0,0,0,0,0,0,0,0,0,0,0,0,0,12,37,36,48,65476,411,65476,1,0,4,21553,0.0,0.0,0.0,0.0,0.0,0.0,0.0,0.0,0.0,0.0,0.0,0.0,0.0,0.0,0.0,0.0,0.0,0.0,0.0,0.0,0.0,2.004,2.004,3.6970818999223845e+19,-3.697074423243316e+19,-0.0,0.0,0.0,0.0,0.0,6590.0,0.0,0.0,0.0,107616352.0,0.0,0.0,0.0,0.0,2.004,2.004,225,-2.3088280513417105e+20,0.0,0.0,0.0,0.0,0.0,0.0,0.0,0.0,0,0,0,0.0,0.0,-0.0,176431008.0,-0.0,-8.331711986973327e+29,0.0,0.0,0.0,-3.9125491053715027e+27,-3.926,13900167774208.0,0.0,0.0,0.0,-0.0,0,1.3516416376850534e+27,225,0.0,450,0.0,-1.4035696821479504e+35,2114,39322,17109,0,17112,0,17096,0,0,0,101,100,100,0.0,65.0,0.0,65.8,-0.0,65.0,1,49,50,180,52429,52429,0,0,0.0,0.0,0.0,60.0,1.258183118350587e+20,71.0,0.0,-24352.668,0.0,1069,0,1069,0,0,0,1068,0,1080,0,1000,0,653,0,655,0,650,0,680,0.032,1.4536034330083127e+22,0.0,0.0,24208,16814,4.044098150023419e+26,617.021,-0.0,5.090232181644801e+20,-0.001,0.0,50.0,60.0,35,0.0,0.0,10.0,2.0,0.0,0.0,0.0,0.0,0.0,0.0,0.0,0.0,0.0,0.0,0.0,0.0,58.8,56,10,65507,27,65476,0,300,0,0,4,20529,65476,0,0,30147,60.0,0.0,10.0,10.0,2.0,0.0
2026-02-16T12:30:40,ERR,ERR,ERR,ERR,ERR,ERR,ERR,ERR,ERR,ERR,ERR,ERR,ERR,ERR,ERR,ERR,ERR,ERR,ERR,ERR,ERR,ERR,ERR,ERR,ERR,ERR,ERR,ERR,ERR,ERR,ERR,ERR,ERR,ERR,ERR,ERR,ERR,ERR,ERR,ERR,ERR,ERR,ERR,ERR,ERR,ERR,ERR,ERR,ERR,ERR,ERR,ERR,ERR,ERR,ERR,ERR,ERR,ERR,ERR,ERR,ERR,ERR,ERR,ERR,ERR,ERR,ERR,ERR,ERR,ERR,ERR,ERR,ERR,ERR,ERR,ERR,ERR,ERR,ERR,ERR,ERR,ERR,ERR,ERR,ERR,ERR,ERR,ERR,ERR,ERR,ERR,ERR,ERR,ERR,ERR,ERR,ERR,ERR,ERR,ERR,ERR,ERR,ERR,ERR,ERR,ERR,ERR,ERR,ERR,ERR,ERR,ERR,ERR,ERR,ERR,ERR,ERR,ERR,ERR,ERR,ERR,ERR,ERR,ERR,ERR,0.0,107616352.0,0.0,0.0,71072154124288.0,-0.0,-0.0,0.0,4300,0,8,17168,4300,0.0,41,0.0,0.0,0.0,0.0,2.7184166902131945e+23,0,0,0,0,0.0,0,0,0,0,0,0,0,0,0,0,0,0,0,0,0,0,0,0,0,0,0,0,0,0,0,0,0,0,0,0,0,0,0,12,37,36,48,65476,411,65476,1,0,4,21553,0.0,0.0,0.0,0.0,0.0,0.0,0.0,0.0,0.0,0.0,0.0,0.0,0.0,0.0,0.0,0.0,0.0,0.0,0.0,0.0,0.0,2.004,2.004,3.6970818999223845e+19,-3.697074423243316e+19,-0.0,0.0,0.0,0.0,0.0,6590.0,0.0,0.0,0.0,107616352.0,0.0,0.0,0.0,0.0,2.004,2.004,225,-2.3088280513417105e+20,0.0,0.0,0.0,0.0,0.0,0.0,0.0,0.0,0,0,0,0.0,0.0,-0.0,176431008.0,-0.0,-8.331711986973327e+29,0.0,0.0,0.0,-3.9125491053715027e+27,-3.926,13900167774208.0,0.0,0.0,0.0,-0.0,0,1.3516416376850534e+27,225,0.0,450,0.0,-1.4035696821479504e+35,2114,39322,17109,0,17112,52429,17095,0,0,0,101,100,100,0.0,65.0,0.0,65.8,-0.0,65.0,1,49,50,180,52429,52429,0,0,0.0,0.0,0.0,60.0,2.004738823311166e+24,71.0,0.0,0.0,0.0,1070,0,1069,0,0,0,1068,0,1080,0,1000,0,654,0,655,0,650,0,680,0.032,1.4462247353788288e+22,0.0,0.0,400,16814,4.644561828414751e+17,0.0,1.9731457714946048e+17,0.0,1.868700661023014e+22,-300417312.0,50.0,60.0,35,0.0,0.0,10.0,2.0,0.0,0.0,0.0,0.0,0.0,0.0,0.0,0.0,0.0,0.0,0.0,0.0,59.2,56,10,65507,27,65476,0,65476,1,0,4,20529,65476,0,0,30147,60.0,0.0,10.0,10.0,2.0,0.0
2026-02-16T12:30:41,ERR,ERR,ERR,ERR,ERR,ERR,ERR,ERR,ERR,ERR,ERR,ERR,ERR,ERR,ERR,ERR,ERR,ERR,ERR,ERR,ERR,ERR,ERR,ERR,ERR,ERR,ERR,ERR,ERR,ERR,ERR,ERR,ERR,ERR,ERR,ERR,ERR,ERR,ERR,ERR,ERR,ERR,ERR,ERR,ERR,ERR,ERR,ERR,ERR,ERR,ERR,ERR,ERR,ERR,ERR,ERR,ERR,ERR,ERR,ERR,ERR,ERR,ERR,ERR,ERR,ERR,ERR,ERR,ERR,ERR,ERR,ERR,ERR,ERR,ERR,ERR,ERR,ERR,ERR,ERR,ERR,ERR,ERR,ERR,ERR,ERR,ERR,ERR,ERR,ERR,ERR,ERR,ERR,ERR,ERR,ERR,ERR,ERR,ERR,ERR,ERR,ERR,ERR,ERR,ERR,ERR,ERR,ERR,ERR,ERR,ERR,ERR,ERR,ERR,ERR,ERR,ERR,ERR,ERR,ERR,ERR,ERR,ERR,ERR,ERR,0.0,107616352.0,0.0,0.0,71072154124288.0,-0.0,-0.0,0.0,4300,0,8,17168,4300,0.0,41,0.0,0.0,0.0,0.0,2.7184166902131945e+23,0,0,0,0,0.0,0,0,0,0,0,0,0,0,0,0,0,0,0,0,0,0,0,0,0,0,0,0,0,0,0,0,0,0,0,0,0,0,0,12,37,36,48,65476,411,65476,1,0,4,21553,0.0,0.0,0.0,0.0,0.0,0.0,0.0,0.0,0.0,0.0,0.0,0.0,0.0,0.0,0.0,0.0,0.0,0.0,0.0,0.0,0.0,2.004,2.004,3.6970818999223845e+19,-3.697074423243316e+19,-0.0,0.0,0.0,0.0,0.0,6590.0,0.0,0.0,0.0,107616352.0,0.0,0.0,0.0,0.0,2.004,2.004,225,-2.3088280513417105e+20,0.0,0.0,0.0,0.0,0.0,0.0,0.0,0.0,0,0,0,0.0,0.0,-0.0,176431008.0,-0.0,-8.331711986973327e+29,0.0,0.0,0.0,-3.9125491053715027e+27,-3.926,13900167774208.0,0.0,0.0,0.0,-0.0,0,1.3516416376850534e+27,225,0.0,450,0.0,-1.4035696821479504e+35,2114,39322,17109,0,17112,52429,17095,0,0,0,101,100,100,0.0,65.0,0.0,65.8,-0.0,65.0,1,49,50,180,52429,52429,0,0,0.0,0.0,0.0,60.0,2.004738823311166e+24,71.0,0.0,0.0,0.0,1070,0,1069,0,0,0,1068,0,1080,0,1000,0,654,0,655,0,650,0,680,0.032,1.4462247353788288e+22,0.0,0.0,400,16814,4.644561828414751e+17,0.0,1.9731457714946048e+17,0.0,1.868700661023014e+22,-300417312.0,50.0,60.0,35,0.0,0.0,10.0,2.0,0.0,0.0,0.0,0.0,0.0,0.0,0.0,0.0,0.0,0.0,0.0,0.0,59.2,56,10,65507,27,65476,0,65476,1,0,4,20529,65476,0,0,30147,60.0,0.0,10.0,10.0,2.0,0.0
2026-02-16T12:30:42,ERR,ERR,ERR,ERR,ERR,ERR,ERR,ERR,ERR,ERR,ERR,ERR,ERR,ERR,ERR,ERR,ERR,ERR,ERR,ERR,ERR,ERR,ERR,ERR,ERR,ERR,ERR,ERR,ERR,ERR,ERR,ERR,ERR,ERR,ERR,ERR,ERR,ERR,ERR,ERR,ERR,ERR,ERR,ERR,ERR,ERR,ERR,ERR,ERR,ERR,ERR,ERR,ERR,ERR,ERR,ERR,ERR,ERR,ERR,ERR,ERR,ERR,ERR,ERR,ERR,ERR,ERR,ERR,ERR,ERR,ERR,ERR,ERR,ERR,ERR,ERR,ERR,ERR,ERR,ERR,ERR,ERR,ERR,ERR,ERR,ERR,ERR,ERR,ERR,ERR,ERR,ERR,ERR,ERR,ERR,ERR,ERR,ERR,ERR,ERR,ERR,ERR,ERR,ERR,ERR,ERR,ERR,ERR,ERR,ERR,ERR,ERR,ERR,ERR,ERR,ERR,ERR,ERR,ERR,ERR,ERR,ERR,ERR,ERR,ERR,0.0,107616352.0,0.0,0.0,71072154124288.0,-1761454671790080.0,-8.789375071207825e+35,-5.109610334297745e+24,4300,0,8,17168,4300,0.0,41,0.0,0.0,0.0,0.0,2.7184166902131945e+23,0,0,0,0,0.0,0,0,0,0,0,0,0,0,0,0,0,0,0,0,0,0,0,0,0,0,0,0,0,0,0,0,0,0,0,0,0,0,0,12,37,37,48,65476,412,65476,1,0,4,21553,0.0,0.0,0.0,0.0,0.0,0.0,0.0,0.0,0.0,0.0,0.0,0.0,0.0,0.0,0.0,0.0,0.0,0.0,0.0,0.0,0.0,2.004,2.004,3.6970818999223845e+19,0.0,-2.004,0.0,0.0,0.0,0.0,6530.0,-1.0406713229691606e+34,0.0,0.0,107616352.0,2.718450196994422e+23,0.0,0.0,0.0,2.004,2.004,226,0.0,0.0,0.0,0.0,0.0,0.0,0.0,0.0,0.0,0,0,0,-2.8562493957199693e+26,-0.0,-0.0,0.0,-0.0,2.2396376317853014e+20,4.102597972558803e+33,-967542374400.0,-0.0,-4.1640056758513455e+27,-4.227,14793520971776.0,0.0,0.0,0.0,6.157939844463483e+36,0,1.3516416376850534e+27,226,0.0,452,0.0,-20512.525,2114,39322,17109,0,17112,52429,17095,0,0,0,101,100,100,0.0,65.0,0.0,65.8,-0.0,65.0,1,49,50,180,52429,52429,0,0,0.0,0.0,0.0,60.0,2.004738823311166e+24,71.0,0.0,0.0,0.0,1070,0,1069,0,0,0,1068,0,1080,0,1000,0,654,0,655,0,650,0,680,0.032,1.4462247353788288e+22,0.0,0.0,400,16814,4.644561828414751e+17,0.0,1.9731457714946048e+17,0.0,1.868700661023014e+22,-300417312.0,50.0,60.0,35,0.0,0.0,10.0,2.0,0.0,0.0,0.0,0.0,0.0,0.0,0.0,0.0,0.0,0.0,0.0,0.0,58.8,56,10,65507,27,65476,80,65476,1,0,4,20529,65476,0,0,30147,60.0,0.0,10.0,10.0,2.0,0.0
2026-02-16T12:30:43,ERR,ERR,ERR,ERR,ERR,ERR,ERR,ERR,ERR,ERR,ERR,ERR,ERR,ERR,ERR,ERR,ERR,ERR,ERR,ERR,ERR,ERR,ERR,ERR,ERR,ERR,ERR,ERR,ERR,ERR,ERR,ERR,ERR,ERR,ERR,ERR,ERR,ERR,ERR,ERR,ERR,ERR,ERR,ERR,ERR,ERR,ERR,ERR,ERR,ERR,ERR,ERR,ERR,ERR,ERR,ERR,ERR,ERR,ERR,ERR,ERR,ERR,ERR,ERR,ERR,ERR,ERR,ERR,ERR,ERR,ERR,ERR,ERR,ERR,ERR,ERR,ERR,ERR,ERR,ERR,ERR,ERR,ERR,ERR,ERR,ERR,ERR,ERR,ERR,ERR,ERR,ERR,ERR,ERR,ERR,ERR,ERR,ERR,ERR,ERR,ERR,ERR,ERR,ERR,ERR,ERR,ERR,ERR,ERR,ERR,ERR,ERR,ERR,ERR,ERR,ERR,ERR,ERR,ERR,ERR,ERR,ERR,ERR,ERR,ERR,0.0,107616352.0,0.0,0.0,71072154124288.0,-1761454671790080.0,-8.789375071207825e+35,-5.109610334297745e+24,4300,0,8,17168,4300,0.0,41,0.0,0.0,0.0,0.0,2.7184166902131945e+23,0,0,0,0,0.0,0,0,0,0,0,0,0,0,0,0,0,0,0,0,0,0,0,0,0,0,0,0,0,0,0,0,0,0,0,0,0,0,0,12,37,37,48,65476,412,65476,1,0,4,21553,0.0,0.0,0.0,0.0,0.0,0.0,0.0,0.0,0.0,0.0,0.0,0.0,0.0,0.0,0.0,0.0,0.0,0.0,0.0,0.0,0.0,2.004,2.004,3.6970818999223845e+19,0.0,-2.004,0.0,0.0,0.0,0.0,6530.0,-1.0406713229691606e+34,0.0,0.0,107616352.0,2.718450196994422e+23,0.0,0.0,0.0,2.004,2.004,226,0.0,0.0,0.0,0.0,0.0,0.0,0.0,0.0,0.0,0,0,0,-2.8562493957199693e+26,-0.0,-0.0,0.0,-0.0,2.2396376317853014e+20,4.102597972558803e+33,-967542374400.0,-0.0,-4.1640056758513455e+27,-4.227,14793520971776.0,0.0,0.0,0.0,6.157939844463483e+36,0,1.3516416376850534e+27,226,0.0,452,0.0,-20512.525,2114,39322,17109,0,17112,52429,17095,0,0,0,101,100,100,0.0,65.0,0.0,65.8,-0.0,65.0,1,49,50,180,52429,52429,0,0,0.0,0.0,0.0,60.0,2.004738823311166e+24,71.0,0.0,0.0,0.0,1070,0,1069,0,0,0,1068,0,1080,0,1000,0,654,0,655,0,650,0,680,0.032,1.4462247353788288e+22,0.0,0.0,400,16814,4.644561828414751e+17,0.0,1.9731457714946048e+17,0.0,1.868700661023014e+22,-300417312.0,50.0,60.0,35,0.0,0.0,10.0,2.0,0.0,0.0,0.0,0.0,0.0,0.0,0.0,0.0,0.0,0.0,0.0,0.0,59.2,55,11,65508,27,65476,241,65476,1,0,4,20529,65476,0,0,30147,60.0,0.0,10.0,10.0,2.0,0.0
2026-02-16T12:30:44,ERR,ERR,ERR,ERR,ERR,ERR,ERR,ERR,ERR,ERR,ERR,ERR,ERR,ERR,ERR,ERR,ERR,ERR,ERR,ERR,ERR,ERR,ERR,ERR,ERR,ERR,ERR,ERR,ERR,ERR,ERR,ERR,ERR,ERR,ERR,ERR,ERR,ERR,ERR,ERR,ERR,ERR,ERR,ERR,ERR,ERR,ERR,ERR,ERR,ERR,ERR,ERR,ERR,ERR,ERR,ERR,ERR,ERR,ERR,ERR,ERR,ERR,ERR,ERR,ERR,ERR,ERR,ERR,ERR,ERR,ERR,ERR,ERR,ERR,ERR,ERR,ERR,ERR,ERR,ERR,ERR,ERR,ERR,ERR,ERR,ERR,ERR,ERR,ERR,ERR,ERR,ERR,ERR,ERR,ERR,ERR,ERR,ERR,ERR,ERR,ERR,ERR,ERR,ERR,ERR,ERR,ERR,ERR,ERR,ERR,ERR,ERR,ERR,ERR,ERR,ERR,ERR,ERR,ERR,ERR,ERR,ERR,ERR,ERR,ERR,0.0,107616352.0,0.0,0.0,71072154124288.0,-1761454671790080.0,-8.789375071207825e+35,-5.109610334297745e+24,4300,0,8,17168,4300,0.0,41,0.0,0.0,0.0,0.0,2.7184166902131945e+23,0,0,0,0,0.0,0,0,0,0,0,0,0,0,0,0,0,0,0,0,0,0,0,0,0,0,0,0,0,0,0,0,0,0,0,0,0,0,0,12,37,37,48,65476,412,65476,1,0,4,21553,0.0,0.0,0.0,0.0,0.0,0.0,0.0,0.0,0.0,0.0,0.0,0.0,0.0,0.0,0.0,0.0,0.0,0.0,0.0,0.0,0.0,2.004,2.004,3.6970818999223845e+19,0.0,-2.004,0.0,0.0,0.0,0.0,6530.0,-1.0406713229691606e+34,0.0,0.0,107616352.0,2.718450196994422e+23,0.0,0.0,0.0,2.004,2.004,226,0.0,0.0,0.0,0.0,0.0,0.0,0.0,0.0,0.0,0,0,0,-2.8562493957199693e+26,-0.0,-0.0,0.0,-0.0,2.2396376317853014e+20,4.102597972558803e+33,-967542374400.0,-0.0,-4.1640056758513455e+27,-4.227,14793520971776.0,0.0,0.0,0.0,6.157939844463483e+36,0,1.3516416376850534e+27,226,0.0,452,0.0,-20512.525,2114,39322,17109,0,17112,0,17096,0,0,0,101,100,100,0.0,65.0,0.0,65.9,-107615248.0,65.0,1,49,50,180,0,52429,0,0,0.0,0.0,0.0,60.0,2.3780156561483524e+20,71.0,0.0,-28320.668,0.0,1069,0,1069,0,0,0,1068,0,1080,0,1000,0,654,0,655,0,650,0,680,0.032,1.4462247353788288e+22,0.0,0.0,23184,16814,2.3780156561483524e+20,-28320.668,0.0,-0.0,0.0,-0.0,50.0,60.0,35,0.0,0.0,10.0,2.0,0.0,0.0,0.0,0.0,0.0,0.0,0.0,0.0,0.0,0.0,0.0,0.0,59.2,55,11,65508,27,65476,241,65476,1,0,4,20529,65476,0,0,30147,60.0,0.0,10.0,10.0,2.0,0.0
2026-02-16T12:30:45,ERR,ERR,ERR,ERR,ERR,ERR,ERR,ERR,ERR,ERR,ERR,ERR,ERR,ERR,ERR,ERR,ERR,ERR,ERR,ERR,ERR,ERR,ERR,ERR,ERR,ERR,ERR,ERR,ERR,ERR,ERR,ERR,ERR,ERR,ERR,ERR,ERR,ERR,ERR,ERR,ERR,ERR,ERR,ERR,ERR,ERR,ERR,ERR,ERR,ERR,ERR,ERR,ERR,ERR,ERR,ERR,ERR,ERR,ERR,ERR,ERR,ERR,ERR,ERR,ERR,ERR,ERR,ERR,ERR,ERR,ERR,ERR,ERR,ERR,ERR,ERR,ERR,ERR,ERR,ERR,ERR,ERR,ERR,ERR,ERR,ERR,ERR,ERR,ERR,ERR,ERR,ERR,ERR,ERR,ERR,ERR,ERR,ERR,ERR,ERR,ERR,ERR,ERR,ERR,ERR,ERR,ERR,ERR,ERR,ERR,ERR,ERR,ERR,ERR,ERR,ERR,ERR,ERR,ERR,ERR,ERR,ERR,ERR,ERR,ERR,0.0,107616352.0,0.0,0.0,71072154124288.0,-1761454671790080.0,-8.789375071207825e+35,-5.109610334297745e+24,4300,0,8,17168,4300,0.0,41,0.0,0.0,0.0,0.0,2.7184166902131945e+23,0,0,0,0,0.0,0,0,0,0,0,0,0,0,0,0,0,0,0,0,0,0,0,0,0,0,0,0,0,0,0,0,0,0,0,0,0,0,0,12,37,37,48,65476,412,65476,1,0,4,21553,0.0,0.0,0.0,0.0,0.0,0.0,0.0,0.0,0.0,0.0,0.0,0.0,0.0,0.0,0.0,0.0,0.0,0.0,0.0,0.0,0.0,2.004,2.004,3.6970818999223845e+19,0.0,-2.004,0.0,0.0,0.0,0.0,6530.0,-1.0406713229691606e+34,0.0,0.0,107616352.0,2.718450196994422e+23,0.0,0.0,0.0,2.004,2.004,226,0.0,0.0,0.0,0.0,0.0,0.0,0.0,0.0,0.0,0,0,0,-2.8562493957199693e+26,-0.0,-0.0,0.0,-0.0,2.2396376317853014e+20,4.102597972558803e+33,-967542374400.0,-0.0,-4.1640056758513455e+27,-4.227,14793520971776.0,0.0,0.0,0.0,6.157939844463483e+36,0,1.3516416376850534e+27,226,0.0,452,0.0,-20512.525,2114,39322,17109,0,17112,0,17096,0,0,0,101,100,100,0.0,65.0,0.0,65.9,-107615248.0,65.0,1,49,50,180,0,52429,0,0,0.0,0.0,0.0,60.0,2.3780156561483524e+20,71.0,0.0,-28320.668,0.0,1069,0,1069,0,0,0,1068,0,1080,0,1000,0,654,0,655,0,650,0,680,0.032,1.4462247353788288e+22,0.0,0.0,23184,16814,2.3780156561483524e+20,-28320.668,0.0,-0.0,0.0,-0.0,50.0,60.0,35,0.0,0.0,10.0,2.0,0.0,0.0,0.0,0.0,0.0,0.0,0.0,0.0,0.0,0.0,0.0,0.0,58.8,54,12,65509,27,65476,320,65476,1,0,4,20529,65476,0,0,30147,60.0,0.0,10.0,10.0,2.0,0.0
2026-02-16T12:30:46,ERR,ERR,ERR,ERR,ERR,ERR,ERR,ERR,ERR,ERR,ERR,ERR,ERR,ERR,ERR,ERR,ERR,ERR,ERR,ERR,ERR,ERR,ERR,ERR,ERR,ERR,ERR,ERR,ERR,ERR,ERR,ERR,ERR,ERR,ERR,ERR,ERR,ERR,ERR,ERR,ERR,ERR,ERR,ERR,ERR,ERR,ERR,ERR,ERR,ERR,ERR,ERR,ERR,ERR,ERR,ERR,ERR,ERR,ERR,ERR,ERR,ERR,ERR,ERR,ERR,ERR,ERR,ERR,ERR,ERR,ERR,ERR,ERR,ERR,ERR,ERR,ERR,ERR,ERR,ERR,ERR,ERR,ERR,ERR,ERR,ERR,ERR,ERR,ERR,ERR,ERR,ERR,ERR,ERR,ERR,ERR,ERR,ERR,ERR,ERR,ERR,ERR,ERR,ERR,ERR,ERR,ERR,ERR,ERR,ERR,ERR,ERR,ERR,ERR,ERR,ERR,ERR,ERR,ERR,ERR,ERR,ERR,ERR,ERR,ERR,0.0,107616352.0,0.0,0.0,71072154124288.0,-1761454671790080.0,-8.789375071207825e+35,-5.109610334297745e+24,4300,0,8,17168,4300,0.0,41,0.0,0.0,0.0,0.0,2.7184166902131945e+23,0,0,0,0,0.0,0,0,0,0,0,0,0,0,0,0,0,0,0,0,0,0,0,0,0,0,0,0,0,0,0,0,0,0,0,0,0,0,0,12,37,37,48,65476,412,65476,1,0,4,21553,0.0,0.0,0.0,0.0,0.0,0.0,0.0,0.0,0.0,0.0,0.0,0.0,0.0,0.0,0.0,0.0,0.0,0.0,0.0,0.0,0.0,2.004,2.004,3.6970818999223845e+19,0.0,-2.004,0.0,0.0,0.0,0.0,6530.0,-1.0406713229691606e+34,0.0,0.0,107616352.0,2.718450196994422e+23,0.0,0.0,0.0,2.004,2.004,226,0.0,0.0,0.0,0.0,0.0,0.0,0.0,0.0,0.0,0,0,0,-2.8562493957199693e+26,-0.0,-0.0,0.0,-0.0,2.2396376317853014e+20,4.102597972558803e+33,-967542374400.0,-0.0,-4.1640056758513455e+27,-4.227,14793520971776.0,0.0,0.0,0.0,6.157939844463483e+36,0,1.3516416376850534e+27,226,0.0,452,0.0,-20512.525,2114,39322,17109,0,17112,0,17096,0,0,0,101,100,100,0.0,65.0,0.0,65.9,-107615248.0,65.0,1,49,50,180,0,52429,0,0,0.0,0.0,0.0,60.0,2.3780156561483524e+20,71.0,0.0,-28320.668,0.0,1069,0,1069,0,0,0,1068,0,1080,0,1000,0,654,0,655,0,650,0,680,0.032,1.4462247353788288e+22,0.0,0.0,23184,16814,2.3780156561483524e+20,-28320.668,0.0,-0.0,0.0,-0.0,50.0,60.0,35,0.0,0.0,10.0,2.0,0.0,0.0,0.0,0.0,0.0,0.0,0.0,0.0,0.0,0.0,0.0,0.0,58.8,51,14,65512,27,65476,478,65476,1,0,4,20529,65476,0,0,30147,60.0,0.0,10.0,10.0,2.0,0.0
2026-02-16T12:30:47,ERR,ERR,ERR,ERR,ERR,ERR,ERR,ERR,ERR,ERR,ERR,ERR,ERR,ERR,ERR,ERR,ERR,ERR,ERR,ERR,ERR,ERR,ERR,ERR,ERR,ERR,ERR,ERR,ERR,ERR,ERR,ERR,ERR,ERR,ERR,ERR,ERR,ERR,ERR,ERR,ERR,ERR,ERR,ERR,ERR,ERR,ERR,ERR,ERR,ERR,ERR,ERR,ERR,ERR,ERR,ERR,ERR,ERR,ERR,ERR,ERR,ERR,ERR,ERR,ERR,ERR,ERR,ERR,ERR,ERR,ERR,ERR,ERR,ERR,ERR,ERR,ERR,ERR,ERR,ERR,ERR,ERR,ERR,ERR,ERR,ERR,ERR,ERR,ERR,ERR,ERR,ERR,ERR,ERR,ERR,ERR,ERR,ERR,ERR,ERR,ERR,ERR,ERR,ERR,ERR,ERR,ERR,ERR,ERR,ERR,ERR,ERR,ERR,ERR,ERR,ERR,ERR,ERR,ERR,ERR,ERR,ERR,ERR,ERR,ERR,0.0,107616352.0,0.0,0.0,71072154124288.0,0.0,2.212685798719956e+24,-0.0,4300,0,8,17168,4300,0.0,41,0.0,0.0,0.0,0.0,0.0,0,0,0,0,0.0,0,0,0,0,0,0,0,0,0,0,0,0,0,0,0,0,0,0,0,0,0,0,0,0,0,0,0,0,0,0,0,0,0,12,37,37,48,65476,412,65476,1,0,4,21553,0.0,0.0,0.0,0.0,0.0,0.0,0.0,0.0,0.0,0.0,0.0,0.0,0.0,0.0,0.0,0.0,0.0,0.0,0.0,0.0,0.0,2.004,2.004,3.6970818999223845e+19,0.0,-2.004,0.0,0.0,0.0,0.0,6565.0,0.0,0.0,0.0,107616352.0,-0.0,0.0,0.0,0.0,2.004,2.004,226,0.0,71.63,0.0,0.0,0.0,0.0,0.0,0.0,0.0,0,0,0,0.0,-0.0,-0.0,-0.0,-0.0,-2050110.375,-3371956436992.0,1.4584089943069547e+26,2.0651211561086484e+18,-4.37677662010352e+27,-4.634,15686874169344.0,0.0,0.0,0.0,33856020480.0,0,1.3516416376850534e+27,226,0.0,454,-74360974999552.0,-0.0,2114,39322,17109,0,17112,0,17096,0,0,0,101,100,100,0.0,65.0,0.0,65.9,-107615248.0,65.0,1,49,50,180,0,0,0,0,0.0,0.0,0.0,60.0,7.89862919926449e+23,71.0,0.0,-9.470499708427102e+29,0.0,1070,0,1070,0,0,0,1068,0,1080,0,1000,0,654,0,656,0,650,0,679,0.032,1.4536034330083127e+22,-2.004,-107615288.0,18704,16814,1.6236375507426345e+18,-2.8976341569192003e+28,1.104,6.148658934816079e+24,633.025,-0.0,50.0,60.0,35,0.0,0.0,10.0,2.0,0.0,0.0,0.0,0.0,0.0,0.0,0.0,0.0,0.0,0.0,0.0,0.0,58.8,51,14,65512,27,65476,478,65476,1,0,4,20529,65476,0,0,30147,60.0,0.0,10.0,10.0,2.0,0.0
2026-02-16T12:30:48,ERR,ERR,ERR,ERR,ERR,ERR,ERR,ERR,ERR,ERR,ERR,ERR,ERR,ERR,ERR,ERR,ERR,ERR,ERR,ERR,ERR,ERR,ERR,ERR,ERR,ERR,ERR,ERR,ERR,ERR,ERR,ERR,ERR,ERR,ERR,ERR,ERR,ERR,ERR,ERR,ERR,ERR,ERR,ERR,ERR,ERR,ERR,ERR,ERR,ERR,ERR,ERR,ERR,ERR,ERR,ERR,ERR,ERR,ERR,ERR,ERR,ERR,ERR,ERR,ERR,ERR,ERR,ERR,ERR,ERR,ERR,ERR,ERR,ERR,ERR,ERR,ERR,ERR,ERR,ERR,ERR,ERR,ERR,ERR,ERR,ERR,ERR,ERR,ERR,ERR,ERR,ERR,ERR,ERR,ERR,ERR,ERR,ERR,ERR,ERR,ERR,ERR,ERR,ERR,ERR,ERR,ERR,ERR,ERR,ERR,ERR,ERR,ERR,ERR,ERR,ERR,ERR,ERR,ERR,ERR,ERR,ERR,ERR,ERR,ERR,0.0,107616352.0,0.0,0.0,71072154124288.0,0.0,2.212685798719956e+24,-0.0,4300,0,8,17168,4300,0.0,41,0.0,0.0,0.0,0.0,0.0,0,0,0,0,0.0,0,0,0,0,0,0,0,0,0,0,0,0,0,0,0,0,0,0,0,0,0,0,0,0,0,0,0,0,0,0,0,0,0,12,37,37,48,65476,412,65476,1,0,4,21553,0.0,0.0,0.0,0.0,0.0,0.0,0.0,0.0,0.0,0.0,0.0,0.0,0.0,0.0,0.0,0.0,0.0,0.0,0.0,0.0,0.0,2.004,2.004,3.6970818999223845e+19,0.0,-2.004,0.0,0.0,0.0,0.0,6565.0,0.0,0.0,0.0,107616352.0,-0.0,0.0,0.0,0.0,2.004,2.004,226,0.0,71.63,0.0,0.0,0.0,0.0,0.0,0.0,0.0,0,0,0,0.0,-0.0,-0.0,-0.0,-0.0,-2050110.375,-3371956436992.0,1.4584089943069547e+26,2.0651211561086484e+18,-4.37677662010352e+27,-4.634,15686874169344.0,0.0,0.0,0.0,33856020480.0,0,1.3516416376850534e+27,226,0.0,454,-74360974999552.0,-0.0,2114,39322,17109,0,17112,0,17096,0,0,0,101,100,100,0.0,65.0,0.0,65.9,-107615248.0,65.0,1,49,50,180,0,0,0,0,0.0,0.0,0.0,60.0,7.89862919926449e+23,71.0,0.0,-9.470499708427102e+29,0.0,1070,0,1070,0,0,0,1068,0,1080,0,1000,0,654,0,656,0,650,0,679,0.032,1.4536034330083127e+22,-2.004,-107615288.0,18704,16814,1.6236375507426345e+18,-2.8976341569192003e+28,1.104,6.148658934816079e+24,633.025,-0.0,50.0,60.0,35,0.0,0.0,10.0,2.0,0.0,0.0,0.0,0.0,0.0,0.0,0.0,0.0,0.0,0.0,0.0,0.0,58.8,47,16,65516,27,65476,639,65476,0,0,2,20529,65476,0,0,30147,60.0,0.0,10.0,10.0,2.0,0.0
2026-02-16T12:30:49,ERR,ERR,ERR,ERR,ERR,ERR,ERR,ERR,ERR,ERR,ERR,ERR,ERR,ERR,ERR,ERR,ERR,ERR,ERR,ERR,ERR,ERR,ERR,ERR,ERR,ERR,ERR,ERR,ERR,ERR,ERR,ERR,ERR,ERR,ERR,ERR,ERR,ERR,ERR,ERR,ERR,ERR,ERR,ERR,ERR,ERR,ERR,ERR,ERR,ERR,ERR,ERR,ERR,ERR,ERR,ERR,ERR,ERR,ERR,ERR,ERR,ERR,ERR,ERR,ERR,ERR,ERR,ERR,ERR,ERR,ERR,ERR,ERR,ERR,ERR,ERR,ERR,ERR,ERR,ERR,ERR,ERR,ERR,ERR,ERR,ERR,ERR,ERR,ERR,ERR,ERR,ERR,ERR,ERR,ERR,ERR,ERR,ERR,ERR,ERR,ERR,ERR,ERR,ERR,ERR,ERR,ERR,ERR,ERR,ERR,ERR,ERR,ERR,ERR,ERR,ERR,ERR,ERR,ERR,ERR,ERR,ERR,ERR,ERR,ERR,0.0,107616352.0,0.0,0.0,71072154124288.0,0.0,2.212685798719956e+24,-0.0,4300,0,8,17168,4300,0.0,41,0.0,0.0,0.0,0.0,0.0,0,0,0,0,0.0,0,0,0,0,0,0,0,0,0,0,0,0,0,0,0,0,0,0,0,0,0,0,0,0,0,0,0,0,0,0,0,0,0,12,37,37,48,65476,412,65476,1,0,4,21553,0.0,0.0,0.0,0.0,0.0,0.0,0.0,0.0,0.0,0.0,0.0,0.0,0.0,0.0,0.0,0.0,0.0,0.0,0.0,0.0,0.0,2.004,2.004,3.6970818999223845e+19,0.0,-2.004,0.0,0.0,0.0,0.0,6565.0,0.0,0.0,0.0,107616352.0,-0.0,0.0,0.0,0.0,2.004,2.004,226,0.0,71.63,0.0,0.0,0.0,0.0,0.0,0.0,0.0,0,0,0,0.0,-0.0,-0.0,-0.0,-0.0,-2050110.375,-3371956436992.0,1.4584089943069547e+26,2.0651211561086484e+18,-4.37677662010352e+27,-4.634,15686874169344.0,0.0,0.0,0.0,33856020480.0,0,1.3516416376850534e+27,226,0.0,454,-74360974999552.0,-0.0,2114,39322,17109,0,17112,0,17096,0,0,0,101,100,100,0.0,65.0,0.0,65.9,-107615248.0,65.0,1,49,50,180,0,0,0,0,0.0,0.0,0.0,60.0,7.89862919926449e+23,71.0,0.0,-9.470499708427102e+29,0.0,1070,0,1070,0,0,0,1068,0,1080,0,1000,0,654,0,656,0,650,0,679,0.032,1.4536034330083127e+22,-2.004,-107615288.0,18704,16814,1.6236375507426345e+18,-2.8976341569192003e+28,1.104,6.148658934816079e+24,633.025,-0.0,50.0,60.0,35,0.0,0.0,10.0,2.0,0.0,0.0,0.0,0.0,0.0,0.0,0.0,0.0,0.0,0.0,0.0,0.0,58.8,47,16,65516,27,65476,639,65476,0,0,2,20529,65476,0,0,30147,60.0,0.0,10.0,10.0,2.0,0.0
2026-02-16T12:30:50,ERR,ERR,ERR,ERR,ERR,ERR,ERR,ERR,ERR,ERR,ERR,ERR,ERR,ERR,ERR,ERR,ERR,ERR,ERR,ERR,ERR,ERR,ERR,ERR,ERR,ERR,ERR,ERR,ERR,ERR,ERR,ERR,ERR,ERR,ERR,ERR,ERR,ERR,ERR,ERR,ERR,ERR,ERR,ERR,ERR,ERR,ERR,ERR,ERR,ERR,ERR,ERR,ERR,ERR,ERR,ERR,ERR,ERR,ERR,ERR,ERR,ERR,ERR,ERR,ERR,ERR,ERR,ERR,ERR,ERR,ERR,ERR,ERR,ERR,ERR,ERR,ERR,ERR,ERR,ERR,ERR,ERR,ERR,ERR,ERR,ERR,ERR,ERR,ERR,ERR,ERR,ERR,ERR,ERR,ERR,ERR,ERR,ERR,ERR,ERR,ERR,ERR,ERR,ERR,ERR,ERR,ERR,ERR,ERR,ERR,ERR,ERR,ERR,ERR,ERR,ERR,ERR,ERR,ERR,ERR,ERR,ERR,ERR,ERR,ERR,0.0,107616352.0,0.0,0.0,71072154124288.0,0.0,2.212685798719956e+24,-0.0,4300,0,8,17168,4300,0.0,41,0.0,0.0,0.0,0.0,0.0,0,0,0,0,0.0,0,0,0,0,0,0,0,0,0,0,0,0,0,0,0,0,0,0,0,0,0,0,0,0,0,0,0,0,0,0,0,0,0,12,37,37,48,65476,412,65476,1,0,4,21553,0.0,0.0,0.0,0.0,0.0,0.0,0.0,0.0,0.0,0.0,0.0,0.0,0.0,0.0,0.0,0.0,0.0,0.0,0.0,0.0,0.0,2.004,2.004,3.6970818999223845e+19,0.0,-2.004,0.0,0.0,0.0,0.0,6565.0,0.0,0.0,0.0,107616352.0,-0.0,0.0,0.0,0.0,2.004,2.004,226,0.0,71.63,0.0,0.0,0.0,0.0,0.0,0.0,0.0,0,0,0,0.0,-0.0,-0.0,-0.0,-0.0,-2050110.375,-3371956436992.0,1.4584089943069547e+26,2.0651211561086484e+18,-4.37677662010352e+27,-4.634,15686874169344.0,0.0,0.0,0.0,33856020480.0,0,1.3516416376850534e+27,226,0.0,454,-74360974999552.0,-0.0,2114,39322,17109,0,17112,0,17096,0,0,0,101,100,100,0.0,65.0,0.0,65.9,-107615248.0,65.0,1,49,50,180,0,0,0,0,0.0,0.0,0.0,60.0,1.5427010154813456e+21,71.0,0.0,-1.7362755070712315e+29,0.0,1070,0,1070,0,0,0,1068,0,1080,0,1000,0,654,0,655,0,650,0,679,0.032,1.4609821306377965e+22,-2.004,-107615288.0,13456,16814,4191513881870336.0,-5.81271722187428e+27,0.0,-0.0,0.0,-0.0,50.0,60.0,35,0.0,0.0,10.0,2.0,0.0,0.0,0.0,0.0,0.0,0.0,0.0,0.0,0.0,0.0,0.0,0.0,59.2,46,17,65517,27,65476,560,65476,0,0,4,20529,65476,0,0,30147,60.0,0.0,10.0,10.0,2.0,0.0
2026-02-16T12:30:51,ERR,ERR,ERR,ERR,ERR,ERR,ERR,ERR,ERR,ERR,ERR,ERR,ERR,ERR,ERR,ERR,ERR,ERR,ERR,ERR,ERR,ERR,ERR,ERR,ERR,ERR,ERR,ERR,ERR,ERR,ERR,ERR,ERR,ERR,ERR,ERR,ERR,ERR,ERR,ERR,ERR,ERR,ERR,ERR,ERR,ERR,ERR,ERR,ERR,ERR,ERR,ERR,ERR,ERR,ERR,ERR,ERR,ERR,ERR,ERR,ERR,ERR,ERR,ERR,ERR,ERR,ERR,ERR,ERR,ERR,ERR,ERR,ERR,ERR,ERR,ERR,ERR,ERR,ERR,ERR,ERR,ERR,ERR,ERR,ERR,ERR,ERR,ERR,ERR,ERR,ERR,ERR,ERR,ERR,ERR,ERR,ERR,ERR,ERR,ERR,ERR,ERR,ERR,ERR,ERR,ERR,ERR,ERR,ERR,ERR,ERR,ERR,ERR,ERR,ERR,ERR,ERR,ERR,ERR,ERR,ERR,ERR,ERR,ERR,ERR,0.0,107616352.0,0.0,0.0,71072154124288.0,0.0,18386416.0,-0.0,4300,0,8,17168,4300,0.0,41,0.0,0.0,0.0,0.0,0.0,0,0,0,0,0.0,0,0,0,0,0,0,0,0,0,0,0,0,0,0,0,0,0,0,0,0,0,0,0,0,0,0,0,0,0,0,0,0,0,12,37,37,48,65476,413,65476,1,0,4,21553,0.0,0.0,0.0,0.0,0.0,0.0,0.0,0.0,0.0,0.0,0.0,0.0,0.0,0.0,0.0,0.0,0.0,0.0,0.0,0.0,0.0,2.004,2.004,3.6970818999223845e+19,0.0,-2.004,0.0,0.0,0.0,0.0,6562.0,0.0,0.0,0.0,107616352.0,-0.0,0.0,0.0,0.0,2.004,2.004,226,0.0,107615256.0,0.0,0.0,0.0,0.0,0.0,0.0,0.0,0,0,0,-7.836824602298608e+29,-0.0,-0.0,-206087.922,-0.0,0.0,-0.0,-3.0204756277938407e+32,-9.488597257111235e+27,-4.628233190583363e+27,-5.009,16511507890176.0,0.0,0.0,0.0,8.477411531955665e+25,0,1.3516416376850534e+27,226,0.0,450,-74360974999552.0,0.0,2114,39322,17109,0,17112,0,17096,0,0,0,101,100,100,0.0,65.0,0.0,65.9,-107615248.0,65.0,1,49,50,180,0,0,0,0,0.0,0.0,0.0,60.0,1.5427010154813456e+21,71.0,0.0,-1.7362755070712315e+29,0.0,1070,0,1070,0,0,0,1068,0,1080,0,1000,0,654,0,655,0,650,0,679,0.032,1.4609821306377965e+22,-2.004,-107615288.0,13456,16814,4191513881870336.0,-5.81271722187428e+27,0.0,-0.0,0.0,-0.0,50.0,60.0,35,0.0,0.0,10.0,2.0,0.0,0.0,0.0,0.0,0.0,0.0,0.0,0.0,0.0,0.0,0.0,0.0,58.8,42,19,65521,27,65476,400,65476,0,0,4,20529,65476,0,0,30147,60.0,0.0,10.0,10.0,2.0,0.0
2026-02-16T12:30:52,ERR,ERR,ERR,ERR,ERR,ERR,ERR,ERR,ERR,ERR,ERR,ERR,ERR,ERR,ERR,ERR,ERR,ERR,ERR,ERR,ERR,ERR,ERR,ERR,ERR,ERR,ERR,ERR,ERR,ERR,ERR,ERR,ERR,ERR,ERR,ERR,ERR,ERR,ERR,ERR,ERR,ERR,ERR,ERR,ERR,ERR,ERR,ERR,ERR,ERR,ERR,ERR,ERR,ERR,ERR,ERR,ERR,ERR,ERR,ERR,ERR,ERR,ERR,ERR,ERR,ERR,ERR,ERR,ERR,ERR,ERR,ERR,ERR,ERR,ERR,ERR,ERR,ERR,ERR,ERR,ERR,ERR,ERR,ERR,ERR,ERR,ERR,ERR,ERR,ERR,ERR,ERR,ERR,ERR,ERR,ERR,ERR,ERR,ERR,ERR,ERR,ERR,ERR,ERR,ERR,ERR,ERR,ERR,ERR,ERR,ERR,ERR,ERR,ERR,ERR,ERR,ERR,ERR,ERR,ERR,ERR,ERR,ERR,ERR,ERR,0.0,107616352.0,0.0,0.0,71072154124288.0,0.0,18386416.0,-0.0,4300,0,8,17168,4300,0.0,41,0.0,0.0,0.0,0.0,0.0,0,0,0,0,0.0,0,0,0,0,0,0,0,0,0,0,0,0,0,0,0,0,0,0,0,0,0,0,0,0,0,0,0,0,0,0,0,0,0,12,37,37,48,65476,413,65476,1,0,4,21553,0.0,0.0,0.0,0.0,0.0,0.0,0.0,0.0,0.0,0.0,0.0,0.0,0.0,0.0,0.0,0.0,0.0,0.0,0.0,0.0,0.0,2.004,2.004,3.6970818999223845e+19,0.0,-2.004,0.0,0.0,0.0,0.0,6562.0,0.0,0.0,0.0,107616352.0,-0.0,0.0,0.0,0.0,2.004,2.004,226,0.0,107615256.0,0.0,0.0,0.0,0.0,0.0,0.0,0.0,0,0,0,-7.836824602298608e+29,-0.0,-0.0,-206087.922,-0.0,0.0,-0.0,-3.0204756277938407e+32,-9.488597257111235e+27,-4.628233190583363e+27,-5.009,16511507890176.0,0.0,0.0,0.0,8.477411531955665e+25,0,1.3516416376850534e+27,226,0.0,450,-74360974999552.0,0.0,2114,39322,17109,0,17112,0,17096,0,0,0,101,100,100,0.0,65.0,0.0,65.9,-107615248.0,65.0,1,49,50,180,0,0,0,0,0.0,0.0,0.0,60.0,1.5427010154813456e+21,71.0,0.0,-1.7362755070712315e+29,0.0,1070,0,1070,0,0,0,1068,0,1080,0,1000,0,654,0,655,0,650,0,679,0.032,1.4609821306377965e+22,-2.004,-107615288.0,13456,16814,4191513881870336.0,-5.81271722187428e+27,0.0,-0.0,0.0,-0.0,50.0,60.0,35,0.0,0.0,10.0,2.0,0.0,0.0,0.0,0.0,0.0,0.0,0.0,0.0,0.0,0.0,0.0,0.0,58.8,42,19,65521,27,65476,400,65476,0,0,4,20529,65476,0,0,30147,60.0,0.0,10.0,10.0,2.0,0.0
2026-02-16T12:30:53,ERR,ERR,ERR,ERR,ERR,ERR,ERR,ERR,ERR,ERR,ERR,ERR,ERR,ERR,ERR,ERR,ERR,ERR,ERR,ERR,ERR,ERR,ERR,ERR,ERR,ERR,ERR,ERR,ERR,ERR,ERR,ERR,ERR,ERR,ERR,ERR,ERR,ERR,ERR,ERR,ERR,ERR,ERR,ERR,ERR,ERR,ERR,ERR,ERR,ERR,ERR,ERR,ERR,ERR,ERR,ERR,ERR,ERR,ERR,ERR,ERR,ERR,ERR,ERR,ERR,ERR,ERR,ERR,ERR,ERR,ERR,ERR,ERR,ERR,ERR,ERR,ERR,ERR,ERR,ERR,ERR,ERR,ERR,ERR,ERR,ERR,ERR,ERR,ERR,ERR,ERR,ERR,ERR,ERR,ERR,ERR,ERR,ERR,ERR,ERR,ERR,ERR,ERR,ERR,ERR,ERR,ERR,ERR,ERR,ERR,ERR,ERR,ERR,ERR,ERR,ERR,ERR,ERR,ERR,ERR,ERR,ERR,ERR,ERR,ERR,0.0,107616352.0,0.0,0.0,71072154124288.0,0.0,18386416.0,-0.0,4300,0,8,17168,4300,0.0,41,0.0,0.0,0.0,0.0,0.0,0,0,0,0,0.0,0,0,0,0,0,0,0,0,0,0,0,0,0,0,0,0,0,0,0,0,0,0,0,0,0,0,0,0,0,0,0,0,0,12,37,37,48,65476,413,65476,1,0,4,21553,0.0,0.0,0.0,0.0,0.0,0.0,0.0,0.0,0.0,0.0,0.0,0.0,0.0,0.0,0.0,0.0,0.0,0.0,0.0,0.0,0.0,2.004,2.004,3.6970818999223845e+19,0.0,-2.004,0.0,0.0,0.0,0.0,6562.0,0.0,0.0,0.0,107616352.0,-0.0,0.0,0.0,0.0,2.004,2.004,226,0.0,107615256.0,0.0,0.0,0.0,0.0,0.0,0.0,0.0,0,0,0,-7.836824602298608e+29,-0.0,-0.0,-206087.922,-0.0,0.0,-0.0,-3.0204756277938407e+32,-9.488597257111235e+27,-4.628233190583363e+27,-5.009,16511507890176.0,0.0,0.0,0.0,8.477411531955665e+25,0,1.3516416376850534e+27,226,0.0,450,-74360974999552.0,0.0,2114,39322,17109,0,17112,0,17096,0,0,0,101,100,100,0.0,65.0,0.0,65.9,-107615248.0,65.0,1,49,50,180,0,0,0,0,0.0,0.0,0.0,60.0,1.5427010154813456e+21,71.0,0.0,-1.7362755070712315e+29,0.0,1070,0,1070,0,0,0,1068,0,1080,0,1000,0,654,0,655,0,650,0,679,0.032,1.4609821306377965e+22,-2.004,-107615288.0,13456,16814,4191513881870336.0,-5.81271722187428e+27,0.0,-0.0,0.0,-0.0,50.0,60.0,35,0.0,0.0,10.0,2.0,0.0,0.0,0.0,0.0,0.0,0.0,0.0,0.0,0.0,0.0,0.0,0.0,58.8,41,21,65522,27,65476,242,65476,0,0,4,20529,65476,0,0,30147,60.0,0.0,10.0,10.0,2.0,0.0
2026-02-16T12:30:54,ERR,ERR,ERR,ERR,ERR,ERR,ERR,ERR,ERR,ERR,ERR,ERR,ERR,ERR,ERR,ERR,ERR,ERR,ERR,ERR,ERR,ERR,ERR,ERR,ERR,ERR,ERR,ERR,ERR,ERR,ERR,ERR,ERR,ERR,ERR,ERR,ERR,ERR,ERR,ERR,ERR,ERR,ERR,ERR,ERR,ERR,ERR,ERR,ERR,ERR,ERR,ERR,ERR,ERR,ERR,ERR,ERR,ERR,ERR,ERR,ERR,ERR,ERR,ERR,ERR,ERR,ERR,ERR,ERR,ERR,ERR,ERR,ERR,ERR,ERR,ERR,ERR,ERR,ERR,ERR,ERR,ERR,ERR,ERR,ERR,ERR,ERR,ERR,ERR,ERR,ERR,ERR,ERR,ERR,ERR,ERR,ERR,ERR,ERR,ERR,ERR,ERR,ERR,ERR,ERR,ERR,ERR,ERR,ERR,ERR,ERR,ERR,ERR,ERR,ERR,ERR,ERR,ERR,ERR,ERR,ERR,ERR,ERR,ERR,ERR,0.0,107616352.0,0.0,0.0,71072154124288.0,0.0,18386416.0,-0.0,4300,0,8,17168,4300,0.0,41,0.0,0.0,0.0,0.0,0.0,0,0,0,0,0.0,0,0,0,0,0,0,0,0,0,0,0,0,0,0,0,0,0,0,0,0,0,0,0,0,0,0,0,0,0,0,0,0,0,12,37,37,48,65476,413,65476,1,0,4,21553,0.0,0.0,0.0,0.0,0.0,0.0,0.0,0.0,0.0,0.0,0.0,0.0,0.0,0.0,0.0,0.0,0.0,0.0,0.0,0.0,0.0,2.004,2.004,3.6970818999223845e+19,0.0,-2.004,0.0,0.0,0.0,0.0,6562.0,0.0,0.0,0.0,107616352.0,-0.0,0.0,0.0,0.0,2.004,2.004,226,0.0,107615256.0,0.0,0.0,0.0,0.0,0.0,0.0,0.0,0,0,0,-7.836824602298608e+29,-0.0,-0.0,-206087.922,-0.0,0.0,-0.0,-3.0204756277938407e+32,-9.488597257111235e+27,-4.628233190583363e+27,-5.009,16511507890176.0,0.0,0.0,0.0,8.477411531955665e+25,0,1.3516416376850534e+27,226,0.0,450,-74360974999552.0,0.0,2114,39322,17109,0,17112,0,17096,0,0,0,101,100,100,0.0,65.1,0.0,65.9,-107615248.0,65.0,1,49,50,180,52429,0,0,0,0.0,0.0,0.0,60.0,4.724675129783958e+27,71.0,0.0,5377272832.0,0.0,1069,0,1070,0,0,0,1069,0,1080,0,1000,0,654,0,655,0,650,0,679,0.032,1.4609821306377965e+22,-2.004,-107615288.0,30096,16814,4.724675129783958e+27,5377272832.0,-6.259350851919394e+28,0.0,-3.68132780148378e+26,4.951764509274472e+31,50.0,60.0,35,0.0,0.0,10.0,2.0,0.0,0.0,0.0,0.0,0.0,0.0,0.0,0.0,0.0,0.0,0.0,0.0,58.8,41,21,65522,27,65476,162,65476,0,0,4,20529,65476,0,0,30147,60.0,0.0,10.0,10.0,2.0,0.0
2026-02-16T12:30:55,ERR,ERR,ERR,ERR,ERR,ERR,ERR,ERR,ERR,ERR,ERR,ERR,ERR,ERR,ERR,ERR,ERR,ERR,ERR,ERR,ERR,ERR,ERR,ERR,ERR,ERR,ERR,ERR,ERR,ERR,ERR,ERR,ERR,ERR,ERR,ERR,ERR,ERR,ERR,ERR,ERR,ERR,ERR,ERR,ERR,ERR,ERR,ERR,ERR,ERR,ERR,ERR,ERR,ERR,ERR,ERR,ERR,ERR,ERR,ERR,ERR,ERR,ERR,ERR,ERR,ERR,ERR,ERR,ERR,ERR,ERR,ERR,ERR,ERR,ERR,ERR,ERR,ERR,ERR,ERR,ERR,ERR,ERR,ERR,ERR,ERR,ERR,ERR,ERR,ERR,ERR,ERR,ERR,ERR,ERR,ERR,ERR,ERR,ERR,ERR,ERR,ERR,ERR,ERR,ERR,ERR,ERR,ERR,ERR,ERR,ERR,ERR,ERR,ERR,ERR,ERR,ERR,ERR,ERR,ERR,ERR,ERR,ERR,ERR,ERR,0.0,107616352.0,0.0,0.0,71072154124288.0,0.0,18386416.0,-0.0,4300,0,8,17168,4300,0.0,41,0.0,0.0,0.0,0.0,0.0,0,0,0,0,0.0,0,0,0,0,0,0,0,0,0,0,0,0,0,0,0,0,0,0,0,0,0,0,0,0,0,0,0,0,0,0,0,0,0,12,37,37,48,65476,413,65476,1,0,4,21553,0.0,0.0,0.0,0.0,0.0,0.0,0.0,0.0,0.0,0.0,0.0,0.0,0.0,0.0,0.0,0.0,0.0,0.0,0.0,0.0,0.0,2.004,2.004,3.6970818999223845e+19,0.0,-2.004,0.0,0.0,0.0,0.0,6562.0,0.0,0.0,0.0,107616352.0,-0.0,0.0,0.0,0.0,2.004,2.004,226,0.0,107615256.0,0.0,0.0,0.0,0.0,0.0,0.0,0.0,0,0,0,-7.836824602298608e+29,-0.0,-0.0,-206087.922,-0.0,0.0,-0.0,-3.0204756277938407e+32,-9.488597257111235e+27,-4.628233190583363e+27,-5.009,16511507890176.0,0.0,0.0,0.0,8.477411531955665e+25,0,1.3516416376850534e+27,226,0.0,450,-74360974999552.0,0.0,2114,39322,17109,0,17112,0,17096,0,0,0,101,100,100,0.0,65.1,0.0,65.9,-107615248.0,65.0,1,49,50,180,52429,0,0,0,0.0,0.0,0.0,60.0,4.724675129783958e+27,71.0,0.0,5377272832.0,0.0,1069,0,1070,0,0,0,1069,0,1080,0,1000,0,654,0,655,0,650,0,679,0.032,1.4609821306377965e+22,-2.004,-107615288.0,30096,16814,4.724675129783958e+27,5377272832.0,-6.259350851919394e+28,0.0,-3.68132780148378e+26,4.951764509274472e+31,50.0,60.0,35,0.0,0.0,10.0,2.0,0.0,0.0,0.0,0.0,0.0,0.0,0.0,0.0,0.0,0.0,0.0,0.0,58.8,41,21,65522,27,65476,162,65476,0,0,4,20529,65476,0,0,30147,60.0,0.0,10.0,10.0,2.0,0.0
2026-02-16T12:30:56,ERR,ERR,ERR,ERR,ERR,ERR,ERR,ERR,ERR,ERR,ERR,ERR,ERR,ERR,ERR,ERR,ERR,ERR,ERR,ERR,ERR,ERR,ERR,ERR,ERR,ERR,ERR,ERR,ERR,ERR,ERR,ERR,ERR,ERR,ERR,ERR,ERR,ERR,ERR,ERR,ERR,ERR,ERR,ERR,ERR,ERR,ERR,ERR,ERR,ERR,ERR,ERR,ERR,ERR,ERR,ERR,ERR,ERR,ERR,ERR,ERR,ERR,ERR,ERR,ERR,ERR,ERR,ERR,ERR,ERR,ERR,ERR,ERR,ERR,ERR,ERR,ERR,ERR,ERR,ERR,ERR,ERR,ERR,ERR,ERR,ERR,ERR,ERR,ERR,ERR,ERR,ERR,ERR,ERR,ERR,ERR,ERR,ERR,ERR,ERR,ERR,ERR,ERR,ERR,ERR,ERR,ERR,ERR,ERR,ERR,ERR,ERR,ERR,ERR,ERR,ERR,ERR,ERR,ERR,ERR,ERR,ERR,ERR,ERR,ERR,0.0,107616352.0,0.0,0.0,71072154124288.0,0.0,-0.0,-0.0,4300,0,8,17169,4300,0.0,41,0.0,0.0,0.0,0.0,0.0,0,0,0,0,0.0,0,0,0,0,0,0,0,0,0,0,0,0,0,0,0,0,0,0,0,0,0,0,0,0,0,0,0,0,0,0,0,0,0,11,37,37,48,65476,414,65476,1,0,4,21553,0.0,0.0,0.0,0.0,0.0,0.0,0.0,0.0,0.0,0.0,0.0,0.0,0.0,0.0,0.0,0.0,0.0,0.0,0.0,0.0,0.0,2.004,2.004,3.6970818999223845e+19,2.004,-2.004,0.0,0.0,0.0,0.0,6563.0,131351.203,0.0,0.0,107616352.0,-107616240.0,0.0,0.0,0.0,2.004,2.004,226,0.0,2.3088384307314767e+20,0.0,0.0,0.0,0.0,0.0,0.0,0.0,0,0,0,-2.916852394005216e+30,0.0,-0.0,-0.0,-0.0,0.0,9.297785464578357e+26,-1.865643870923434e+21,-0.0,-4.860346947949372e+27,-5.384,17336141611008.0,0.0,0.0,0.0,2.2335700280711777e+33,0,1.3516416376850534e+27,226,0.0,452,0.0,0.0,2114,39322,17109,0,17112,0,17096,0,0,0,101,100,100,0.0,65.1,0.0,65.9,-107615248.0,65.0,1,49,50,180,52429,0,0,0,0.0,0.0,0.0,60.0,4.724675129783958e+27,71.0,0.0,5377272832.0,0.0,1069,0,1070,0,0,0,1069,0,1080,0,1000,0,654,0,655,0,650,0,679,0.032,1.4609821306377965e+22,-2.004,-107615288.0,30096,16814,4.724675129783958e+27,5377272832.0,-6.259350851919394e+28,0.0,-3.68132780148378e+26,4.951764509274472e+31,50.0,60.0,35,0.0,0.0,10.0,2.0,0.0,0.0,0.0,0.0,0.0,0.0,0.0,0.0,0.0,0.0,0.0,0.0,58.8,42,20,65521,27,65476,2,300,0,0,8,20529,65476,0,0,30147,60.0,0.0,10.0,10.0,2.0,0.0
2026-02-16T12:30:57,ERR,ERR,ERR,ERR,ERR,ERR,ERR,ERR,ERR,ERR,ERR,ERR,ERR,ERR,ERR,ERR,ERR,ERR,ERR,ERR,ERR,ERR,ERR,ERR,ERR,ERR,ERR,ERR,ERR,ERR,ERR,ERR,ERR,ERR,ERR,ERR,ERR,ERR,ERR,ERR,ERR,ERR,ERR,ERR,ERR,ERR,ERR,ERR,ERR,ERR,ERR,ERR,ERR,ERR,ERR,ERR,ERR,ERR,ERR,ERR,ERR,ERR,ERR,ERR,ERR,ERR,ERR,ERR,ERR,ERR,ERR,ERR,ERR,ERR,ERR,ERR,ERR,ERR,ERR,ERR,ERR,ERR,ERR,ERR,ERR,ERR,ERR,ERR,ERR,ERR,ERR,ERR,ERR,ERR,ERR,ERR,ERR,ERR,ERR,ERR,ERR,ERR,ERR,ERR,ERR,ERR,ERR,ERR,ERR,ERR,ERR,ERR,ERR,ERR,ERR,ERR,ERR,ERR,ERR,ERR,ERR,ERR,ERR,ERR,ERR,0.0,107616352.0,0.0,0.0,71072154124288.0,0.0,-0.0,-0.0,4300,0,8,17169,4300,0.0,41,0.0,0.0,0.0,0.0,0.0,0,0,0,0,0.0,0,0,0,0,0,0,0,0,0,0,0,0,0,0,0,0,0,0,0,0,0,0,0,0,0,0,0,0,0,0,0,0,0,11,37,37,48,65476,414,65476,1,0,4,21553,0.0,0.0,0.0,0.0,0.0,0.0,0.0,0.0,0.0,0.0,0.0,0.0,0.0,0.0,0.0,0.0,0.0,0.0,0.0,0.0,0.0,2.004,2.004,3.6970818999223845e+19,2.004,-2.004,0.0,0.0,0.0,0.0,6563.0,131351.203,0.0,0.0,107616352.0,-107616240.0,0.0,0.0,0.0,2.004,2.004,226,0.0,2.3088384307314767e+20,0.0,0.0,0.0,0.0,0.0,0.0,0.0,0,0,0,-2.916852394005216e+30,0.0,-0.0,-0.0,-0.0,0.0,9.297785464578357e+26,-1.865643870923434e+21,-0.0,-4.860346947949372e+27,-5.384,17336141611008.0,0.0,0.0,0.0,2.2335700280711777e+33,0,1.3516416376850534e+27,226,0.0,452,0.0,0.0,2114,52429,17109,0,17112,0,17096,0,0,0,101,100,100,0.0,65.1,0.0,65.9,-107615248.0,65.0,1,49,50,180,52429,0,0,0,0.0,0.0,0.0,60.0,-0.0,71.0,0.0,-0.0,0.0,1069,0,1070,0,0,0,1069,0,1080,0,1000,0,654,0,656,0,650,0,679,0.032,1.4609821306377965e+22,-2.004,-107615288.0,26512,16814,-0.0,-0.0,2.2976236763263868e+32,-49594425344.0,-0.0,-2.743697520620649e+24,50.0,60.0,35,0.0,0.0,10.0,2.0,0.0,0.0,0.0,0.0,0.0,0.0,0.0,0.0,0.0,0.0,0.0,0.0,58.8,42,20,65521,27,65476,2,300,0,0,8,20529,65476,0,0,30147,60.0,0.0,10.0,10.0,2.0,0.0
2026-02-16T12:30:58,ERR,ERR,ERR,ERR,ERR,ERR,ERR,ERR,ERR,ERR,ERR,ERR,ERR,ERR,ERR,ERR,ERR,ERR,ERR,ERR,ERR,ERR,ERR,ERR,ERR,ERR,ERR,ERR,ERR,ERR,ERR,ERR,ERR,ERR,ERR,ERR,ERR,ERR,ERR,ERR,ERR,ERR,ERR,ERR,ERR,ERR,ERR,ERR,ERR,ERR,ERR,ERR,ERR,ERR,ERR,ERR,ERR,ERR,ERR,ERR,ERR,ERR,ERR,ERR,ERR,ERR,ERR,ERR,ERR,ERR,ERR,ERR,ERR,ERR,ERR,ERR,ERR,ERR,ERR,ERR,ERR,ERR,ERR,ERR,ERR,ERR,ERR,ERR,ERR,ERR,ERR,ERR,ERR,ERR,ERR,ERR,ERR,ERR,ERR,ERR,ERR,ERR,ERR,ERR,ERR,ERR,ERR,ERR,ERR,ERR,ERR,ERR,ERR,ERR,ERR,ERR,ERR,ERR,ERR,ERR,ERR,ERR,ERR,ERR,ERR,0.0,107616352.0,0.0,0.0,71072154124288.0,0.0,-0.0,-0.0,4300,0,8,17169,4300,0.0,41,0.0,0.0,0.0,0.0,0.0,0,0,0,0,0.0,0,0,0,0,0,0,0,0,0,0,0,0,0,0,0,0,0,0,0,0,0,0,0,0,0,0,0,0,0,0,0,0,0,11,37,37,48,65476,414,65476,1,0,4,21553,0.0,0.0,0.0,0.0,0.0,0.0,0.0,0.0,0.0,0.0,0.0,0.0,0.0,0.0,0.0,0.0,0.0,0.0,0.0,0.0,0.0,2.004,2.004,3.6970818999223845e+19,2.004,-2.004,0.0,0.0,0.0,0.0,6563.0,131351.203,0.0,0.0,107616352.0,-107616240.0,0.0,0.0,0.0,2.004,2.004,226,0.0,2.3088384307314767e+20,0.0,0.0,0.0,0.0,0.0,0.0,0.0,0,0,0,-2.916852394005216e+30,0.0,-0.0,-0.0,-0.0,0.0,9.297785464578357e+26,-1.865643870923434e+21,-0.0,-4.860346947949372e+27,-5.384,17336141611008.0,0.0,0.0,0.0,2.2335700280711777e+33,0,1.3516416376850534e+27,226,0.0,452,0.0,0.0,2114,52429,17109,0,17112,0,17096,0,0,0,101,100,100,0.0,65.1,0.0,65.9,-107615248.0,65.0,1,49,50,180,52429,0,0,0,0.0,0.0,0.0,60.0,-0.0,71.0,0.0,-0.0,0.0,1069,0,1070,0,0,0,1069,0,1080,0,1000,0,654,0,656,0,650,0,679,0.032,1.4609821306377965e+22,-2.004,-107615288.0,26512,16814,-0.0,-0.0,2.2976236763263868e+32,-49594425344.0,-0.0,-2.743697520620649e+24,50.0,60.0,35,0.0,0.0,10.0,2.0,0.0,0.0,0.0,0.0,0.0,0.0,0.0,0.0,0.0,0.0,0.0,0.0,59.2,44,19,65519,27,65476,0,300,0,0,8,20529,65476,0,0,30147,60.0,0.0,10.0,10.0,2.0,0.0
2026-02-16T12:30:59,ERR,ERR,ERR,ERR,ERR,ERR,ERR,ERR,ERR,ERR,ERR,ERR,ERR,ERR,ERR,ERR,ERR,ERR,ERR,ERR,ERR,ERR,ERR,ERR,ERR,ERR,ERR,ERR,ERR,ERR,ERR,ERR,ERR,ERR,ERR,ERR,ERR,ERR,ERR,ERR,ERR,ERR,ERR,ERR,ERR,ERR,ERR,ERR,ERR,ERR,ERR,ERR,ERR,ERR,ERR,ERR,ERR,ERR,ERR,ERR,ERR,ERR,ERR,ERR,ERR,ERR,ERR,ERR,ERR,ERR,ERR,ERR,ERR,ERR,ERR,ERR,ERR,ERR,ERR,ERR,ERR,ERR,ERR,ERR,ERR,ERR,ERR,ERR,ERR,ERR,ERR,ERR,ERR,ERR,ERR,ERR,ERR,ERR,ERR,ERR,ERR,ERR,ERR,ERR,ERR,ERR,ERR,ERR,ERR,ERR,ERR,ERR,ERR,ERR,ERR,ERR,ERR,ERR,ERR,ERR,ERR,ERR,ERR,ERR,ERR,0.0,107616352.0,0.0,0.0,71072154124288.0,0.0,-0.0,-0.0,4300,0,8,17169,4300,0.0,41,0.0,0.0,0.0,0.0,0.0,0,0,0,0,0.0,0,0,0,0,0,0,0,0,0,0,0,0,0,0,0,0,0,0,0,0,0,0,0,0,0,0,0,0,0,0,0,0,0,11,37,37,48,65476,414,65476,1,0,4,21553,0.0,0.0,0.0,0.0,0.0,0.0,0.0,0.0,0.0,0.0,0.0,0.0,0.0,0.0,0.0,0.0,0.0,0.0,0.0,0.0,0.0,2.004,2.004,3.6970818999223845e+19,2.004,-2.004,0.0,0.0,0.0,0.0,6563.0,131351.203,0.0,0.0,107616352.0,-107616240.0,0.0,0.0,0.0,2.004,2.004,226,0.0,2.3088384307314767e+20,0.0,0.0,0.0,0.0,0.0,0.0,0.0,0,0,0,-2.916852394005216e+30,0.0,-0.0,-0.0,-0.0,0.0,9.297785464578357e+26,-1.865643870923434e+21,-0.0,-4.860346947949372e+27,-5.384,17336141611008.0,0.0,0.0,0.0,2.2335700280711777e+33,0,1.3516416376850534e+27,226,0.0,452,0.0,0.0,2114,52429,17109,0,17112,0,17096,0,0,0,101,100,100,0.0,65.1,0.0,65.9,-107615248.0,65.0,1,49,50,180,52429,0,0,0,0.0,0.0,0.0,60.0,-0.0,71.0,0.0,-0.0,0.0,1069,0,1070,0,0,0,1069,0,1080,0,1000,0,654,0,656,0,650,0,679,0.032,1.4609821306377965e+22,-2.004,-107615288.0,26512,16814,-0.0,-0.0,2.2976236763263868e+32,-49594425344.0,-0.0,-2.743697520620649e+24,50.0,60.0,35,0.0,0.0,10.0,2.0,0.0,0.0,0.0,0.0,0.0,0.0,0.0,0.0,0.0,0.0,0.0,0.0,58.8,47,16,65516,27,65476,0,65476,0,0,4,20529,65476,0,0,30147,60.0,0.0,10.0,10.0,2.0,0.0
2026-02-16T12:31:00,ERR,ERR,ERR,ERR,ERR,ERR,ERR,ERR,ERR,ERR,ERR,ERR,ERR,ERR,ERR,ERR,ERR,ERR,ERR,ERR,ERR,ERR,ERR,ERR,ERR,ERR,ERR,ERR,ERR,ERR,ERR,ERR,ERR,ERR,ERR,ERR,ERR,ERR,ERR,ERR,ERR,ERR,ERR,ERR,ERR,ERR,ERR,ERR,ERR,ERR,ERR,ERR,ERR,ERR,ERR,ERR,ERR,ERR,ERR,ERR,ERR,ERR,ERR,ERR,ERR,ERR,ERR,ERR,ERR,ERR,ERR,ERR,ERR,ERR,ERR,ERR,ERR,ERR,ERR,ERR,ERR,ERR,ERR,ERR,ERR,ERR,ERR,ERR,ERR,ERR,ERR,ERR,ERR,ERR,ERR,ERR,ERR,ERR,ERR,ERR,ERR,ERR,ERR,ERR,ERR,ERR,ERR,ERR,ERR,ERR,ERR,ERR,ERR,ERR,ERR,ERR,ERR,ERR,ERR,ERR,ERR,ERR,ERR,ERR,ERR,0.0,107616352.0,0.0,0.0,71072154124288.0,0.0,-0.0,-0.0,4300,0,8,17169,4300,0.0,41,0.0,0.0,0.0,0.0,0.0,0,0,0,0,0.0,0,0,0,0,0,0,0,0,0,0,0,0,0,0,0,0,0,0,0,0,0,0,0,0,0,0,0,0,0,0,0,0,0,11,37,37,48,65476,414,65476,1,0,4,21553,0.0,0.0,0.0,0.0,0.0,0.0,0.0,0.0,0.0,0.0,0.0,0.0,0.0,0.0,0.0,0.0,0.0,0.0,0.0,0.0,0.0,2.004,2.004,3.6970818999223845e+19,2.004,-2.004,0.0,0.0,0.0,0.0,6563.0,131351.203,0.0,0.0,107616352.0,-107616240.0,0.0,0.0,0.0,2.004,2.004,226,0.0,2.3088384307314767e+20,0.0,0.0,0.0,0.0,0.0,0.0,0.0,0,0,0,-2.916852394005216e+30,0.0,-0.0,-0.0,-0.0,0.0,9.297785464578357e+26,-1.865643870923434e+21,-0.0,-4.860346947949372e+27,-5.384,17336141611008.0,0.0,0.0,0.0,2.2335700280711777e+33,0,1.3516416376850534e+27,226,0.0,452,0.0,0.0,2114,52429,17109,0,17112,0,17096,0,0,0,101,100,100,0.0,65.1,0.0,65.9,-107615248.0,65.0,1,49,50,180,52429,0,0,0,0.0,0.0,0.0,60.0,nan,71.0,0.0,0.0,0.0,1069,0,1070,0,0,0,1069,0,1080,0,1000,0,654,0,655,0,650,0,679,0.032,1.4536034330083127e+22,-2.004,-107615288.0,34832,16814,-0.0,3.504,0.0,-0.0,0.0,-0.0,50.0,60.0,35,0.0,0.0,10.0,2.0,0.0,0.0,0.0,0.0,0.0,0.0,0.0,0.0,0.0,0.0,0.0,0.0,58.8,47,16,65516,27,65476,0,65476,0,0,4,20529,65476,0,0,30147,60.0,0.0,10.0,10.0,2.0,0.0
2026-02-16T12:31:01,ERR,ERR,ERR,ERR,ERR,ERR,ERR,ERR,ERR,ERR,ERR,ERR,ERR,ERR,ERR,ERR,ERR,ERR,ERR,ERR,ERR,ERR,ERR,ERR,ERR,ERR,ERR,ERR,ERR,ERR,ERR,ERR,ERR,ERR,ERR,ERR,ERR,ERR,ERR,ERR,ERR,ERR,ERR,ERR,ERR,ERR,ERR,ERR,ERR,ERR,ERR,ERR,ERR,ERR,ERR,ERR,ERR,ERR,ERR,ERR,ERR,ERR,ERR,ERR,ERR,ERR,ERR,ERR,ERR,ERR,ERR,ERR,ERR,ERR,ERR,ERR,ERR,ERR,ERR,ERR,ERR,ERR,ERR,ERR,ERR,ERR,ERR,ERR,ERR,ERR,ERR,ERR,ERR,ERR,ERR,ERR,ERR,ERR,ERR,ERR,ERR,ERR,ERR,ERR,ERR,ERR,ERR,ERR,ERR,ERR,ERR,ERR,ERR,ERR,ERR,ERR,ERR,ERR,ERR,ERR,ERR,ERR,ERR,ERR,ERR,0.0,2.7184527190102135e+23,-0.0,0.0,-0.031,0.0,1.108553808967828e+28,0.0,4300,0,8,17169,4300,0.0,41,0.0,0.0,0.0,0.0,0.0,0,0,0,0,0.0,0,0,0,0,0,0,0,0,0,0,0,0,0,0,0,0,0,0,0,0,0,0,0,0,0,0,0,0,0,0,0,0,0,11,37,37,48,65476,412,65476,1,0,4,21553,0.0,-0.0,0.0,0.0,0.0,0.0,0.0,0.0,0.0,0.0,0.0,0.0,0.0,0.0,0.0,0.0,0.0,0.0,0.0,0.0,0.0,2.004,2.004,-0.0,3.697074863047967e+19,-0.0,0.0,0.0,0.0,0.0,6560.0,0.0,0.0,0.0,2.7184527190102135e+23,0.0,0.0,0.0,0.0,2.004,2.004,227,0.0,0.059,0.0,0.0,0.0,0.0,0.0,0.0,0.0,0,0,0,-9.16851966028618e+34,0.0,-0.0,-0.0,-0.0,0.0,0.0,0.0,3158722048.0,-5.271846879716909e+27,-5.79,18729364619264.0,0.0,0.0,0.0,-0.0,0,1.3516416376850534e+27,227,0.0,454,0.0,-0.0,2114,52429,17109,0,17112,0,17096,0,0,0,101,100,100,0.0,65.1,0.0,65.9,-107615248.0,65.0,1,49,50,180,52429,0,0,0,0.0,0.0,0.0,60.0,nan,71.0,0.0,0.0,0.0,1069,0,1070,0,0,0,1069,0,1080,0,1000,0,654,0,655,0,650,0,679,0.032,1.4536034330083127e+22,-2.004,-107615288.0,34832,16814,-0.0,3.504,0.0,-0.0,0.0,-0.0,50.0,60.0,35,0.0,0.0,10.0,2.0,0.0,0.0,0.0,0.0,0.0,0.0,0.0,0.0,0.0,0.0,0.0,0.0,58.8,52,13,65511,27,65476,0,65476,1,0,4,20529,65476,0,0,30147,60.0,0.0,10.0,10.0,2.0,0.0
2026-02-16T12:31:02,ERR,ERR,ERR,ERR,ERR,ERR,ERR,ERR,ERR,ERR,ERR,ERR,ERR,ERR,ERR,ERR,ERR,ERR,ERR,ERR,ERR,ERR,ERR,ERR,ERR,ERR,ERR,ERR,ERR,ERR,ERR,ERR,ERR,ERR,ERR,ERR,ERR,ERR,ERR,ERR,ERR,ERR,ERR,ERR,ERR,ERR,ERR,ERR,ERR,ERR,ERR,ERR,ERR,ERR,ERR,ERR,ERR,ERR,ERR,ERR,ERR,ERR,ERR,ERR,ERR,ERR,ERR,ERR,ERR,ERR,ERR,ERR,ERR,ERR,ERR,ERR,ERR,ERR,ERR,ERR,ERR,ERR,ERR,ERR,ERR,ERR,ERR,ERR,ERR,ERR,ERR,ERR,ERR,ERR,ERR,ERR,ERR,ERR,ERR,ERR,ERR,ERR,ERR,ERR,ERR,ERR,ERR,ERR,ERR,ERR,ERR,ERR,ERR,ERR,ERR,ERR,ERR,ERR,ERR,ERR,ERR,ERR,ERR,ERR,ERR,0.0,2.7184527190102135e+23,-0.0,0.0,-0.031,0.0,1.108553808967828e+28,0.0,4300,0,8,17169,4300,0.0,41,0.0,0.0,0.0,0.0,0.0,0,0,0,0,0.0,0,0,0,0,0,0,0,0,0,0,0,0,0,0,0,0,0,0,0,0,0,0,0,0,0,0,0,0,0,0,0,0,0,11,37,37,48,65476,412,65476,1,0,4,21553,0.0,-0.0,0.0,0.0,0.0,0.0,0.0,0.0,0.0,0.0,0.0,0.0,0.0,0.0,0.0,0.0,0.0,0.0,0.0,0.0,0.0,2.004,2.004,-0.0,3.697074863047967e+19,-0.0,0.0,0.0,0.0,0.0,6560.0,0.0,0.0,0.0,2.7184527190102135e+23,0.0,0.0,0.0,0.0,2.004,2.004,227,0.0,0.059,0.0,0.0,0.0,0.0,0.0,0.0,0.0,0,0,0,-9.16851966028618e+34,0.0,-0.0,-0.0,-0.0,0.0,0.0,0.0,3158722048.0,-5.271846879716909e+27,-5.79,18729364619264.0,0.0,0.0,0.0,-0.0,0,1.3516416376850534e+27,227,0.0,454,0.0,-0.0,2114,52429,17109,0,17112,0,17096,0,0,0,101,100,100,0.0,65.1,0.0,65.9,-107615248.0,65.0,1,49,50,180,52429,0,0,0,0.0,0.0,0.0,60.0,nan,71.0,0.0,0.0,0.0,1069,0,1070,0,0,0,1069,0,1080,0,1000,0,654,0,655,0,650,0,679,0.032,1.4536034330083127e+22,-2.004,-107615288.0,34832,16814,-0.0,3.504,0.0,-0.0,0.0,-0.0,50.0,60.0,35,0.0,0.0,10.0,2.0,0.0,0.0,0.0,0.0,0.0,0.0,0.0,0.0,0.0,0.0,0.0,0.0,58.8,52,13,65511,27,65476,0,65476,1,0,4,20529,65476,0,0,30147,60.0,0.0,10.0,10.0,2.0,0.0
2026-02-16T12:31:03,ERR,ERR,ERR,ERR,ERR,ERR,ERR,ERR,ERR,ERR,ERR,ERR,ERR,ERR,ERR,ERR,ERR,ERR,ERR,ERR,ERR,ERR,ERR,ERR,ERR,ERR,ERR,ERR,ERR,ERR,ERR,ERR,ERR,ERR,ERR,ERR,ERR,ERR,ERR,ERR,ERR,ERR,ERR,ERR,ERR,ERR,ERR,ERR,ERR,ERR,ERR,ERR,ERR,ERR,ERR,ERR,ERR,ERR,ERR,ERR,ERR,ERR,ERR,ERR,ERR,ERR,ERR,ERR,ERR,ERR,ERR,ERR,ERR,ERR,ERR,ERR,ERR,ERR,ERR,ERR,ERR,ERR,ERR,ERR,ERR,ERR,ERR,ERR,ERR,ERR,ERR,ERR,ERR,ERR,ERR,ERR,ERR,ERR,ERR,ERR,ERR,ERR,ERR,ERR,ERR,ERR,ERR,ERR,ERR,ERR,ERR,ERR,ERR,ERR,ERR,ERR,ERR,ERR,ERR,ERR,ERR,ERR,ERR,ERR,ERR,0.0,2.7184527190102135e+23,-0.0,0.0,-0.031,0.0,1.108553808967828e+28,0.0,4300,0,8,17169,4300,0.0,41,0.0,0.0,0.0,0.0,0.0,0,0,0,0,0.0,0,0,0,0,0,0,0,0,0,0,0,0,0,0,0,0,0,0,0,0,0,0,0,0,0,0,0,0,0,0,0,0,0,11,37,37,48,65476,412,65476,1,0,4,21553,0.0,-0.0,0.0,0.0,0.0,0.0,0.0,0.0,0.0,0.0,0.0,0.0,0.0,0.0,0.0,0.0,0.0,0.0,0.0,0.0,0.0,2.004,2.004,-0.0,3.697074863047967e+19,-0.0,0.0,0.0,0.0,0.0,6560.0,0.0,0.0,0.0,2.7184527190102135e+23,0.0,0.0,0.0,0.0,2.004,2.004,227,0.0,0.059,0.0,0.0,0.0,0.0,0.0,0.0,0.0,0,0,0,-9.16851966028618e+34,0.0,-0.0,-0.0,-0.0,0.0,0.0,0.0,3158722048.0,-5.271846879716909e+27,-5.79,18729364619264.0,0.0,0.0,0.0,-0.0,0,1.3516416376850534e+27,227,0.0,454,0.0,-0.0,2114,52429,17109,0,17112,0,17096,0,0,0,101,100,100,0.0,65.1,0.0,65.9,-107615248.0,65.0,1,49,50,180,52429,0,0,0,0.0,0.0,0.0,60.0,nan,71.0,0.0,0.0,0.0,1069,0,1070,0,0,0,1069,0,1080,0,1000,0,654,0,655,0,650,0,679,0.032,1.4536034330083127e+22,-2.004,-107615288.0,34832,16814,-0.0,3.504,0.0,-0.0,0.0,-0.0,50.0,60.0,35,0.0,0.0,10.0,2.0,0.0,0.0,0.0,0.0,0.0,0.0,0.0,0.0,0.0,0.0,0.0,0.0,59.2,53,12,65510,27,65476,79,65476,1,0,4,20529,65476,0,0,30147,60.0,0.0,10.0,10.0,2.0,0.0
2026-02-16T12:31:04,ERR,ERR,ERR,ERR,ERR,ERR,ERR,ERR,ERR,ERR,ERR,ERR,ERR,ERR,ERR,ERR,ERR,ERR,ERR,ERR,ERR,ERR,ERR,ERR,ERR,ERR,ERR,ERR,ERR,ERR,ERR,ERR,ERR,ERR,ERR,ERR,ERR,ERR,ERR,ERR,ERR,ERR,ERR,ERR,ERR,ERR,ERR,ERR,ERR,ERR,ERR,ERR,ERR,ERR,ERR,ERR,ERR,ERR,ERR,ERR,ERR,ERR,ERR,ERR,ERR,ERR,ERR,ERR,ERR,ERR,ERR,ERR,ERR,ERR,ERR,ERR,ERR,ERR,ERR,ERR,ERR,ERR,ERR,ERR,ERR,ERR,ERR,ERR,ERR,ERR,ERR,ERR,ERR,ERR,ERR,ERR,ERR,ERR,ERR,ERR,ERR,ERR,ERR,ERR,ERR,ERR,ERR,ERR,ERR,ERR,ERR,ERR,ERR,ERR,ERR,ERR,ERR,ERR,ERR,ERR,ERR,ERR,ERR,ERR,ERR,0.0,2.7184527190102135e+23,-0.0,0.0,-0.031,0.0,1.108553808967828e+28,0.0,4300,0,8,17169,4300,0.0,41,0.0,0.0,0.0,0.0,0.0,0,0,0,0,0.0,0,0,0,0,0,0,0,0,0,0,0,0,0,0,0,0,0,0,0,0,0,0,0,0,0,0,0,0,0,0,0,0,0,11,37,37,48,65476,412,65476,1,0,4,21553,0.0,-0.0,0.0,0.0,0.0,0.0,0.0,0.0,0.0,0.0,0.0,0.0,0.0,0.0,0.0,0.0,0.0,0.0,0.0,0.0,0.0,2.004,2.004,-0.0,3.697074863047967e+19,-0.0,0.0,0.0,0.0,0.0,6560.0,0.0,0.0,0.0,2.7184527190102135e+23,0.0,0.0,0.0,0.0,2.004,2.004,227,0.0,0.059,0.0,0.0,0.0,0.0,0.0,0.0,0.0,0,0,0,-9.16851966028618e+34,0.0,-0.0,-0.0,-0.0,0.0,0.0,0.0,3158722048.0,-5.271846879716909e+27,-5.79,18729364619264.0,0.0,0.0,0.0,-0.0,0,1.3516416376850534e+27,227,0.0,454,0.0,-0.0,2114,52429,17109,0,17112,0,17096,0,0,0,101,100,100,0.0,65.1,0.0,65.9,-107615248.0,65.0,1,49,50,180,52429,0,0,0,0.0,0.0,0.0,60.0,2.7790830873863496e+37,71.0,0.0,4.492274335315555e+23,0.0,1069,0,1070,0,0,0,1069,0,1080,0,1000,0,654,0,656,0,650,0,678,0.032,1.4609821306377965e+22,-0.0,-0.0,37264,16814,2.7790830873863496e+37,4.492274335315555e+23,0.0,-0.0,0.0,-0.0,50.0,60.0,35,0.0,0.0,10.0,2.0,0.0,0.0,0.0,0.0,0.0,0.0,0.0,0.0,0.0,0.0,0.0,0.0,59.2,56,10,65507,27,65476,240,300,1,0,8,20529,65476,0,0,30147,60.0,0.0,10.0,10.0,2.0,0.0
2026-02-16T12:31:05,ERR,ERR,ERR,ERR,ERR,ERR,ERR,ERR,ERR,ERR,ERR,ERR,ERR,ERR,ERR,ERR,ERR,ERR,ERR,ERR,ERR,ERR,ERR,ERR,ERR,ERR,ERR,ERR,ERR,ERR,ERR,ERR,ERR,ERR,ERR,ERR,ERR,ERR,ERR,ERR,ERR,ERR,ERR,ERR,ERR,ERR,ERR,ERR,ERR,ERR,ERR,ERR,ERR,ERR,ERR,ERR,ERR,ERR,ERR,ERR,ERR,ERR,ERR,ERR,ERR,ERR,ERR,ERR,ERR,ERR,ERR,ERR,ERR,ERR,ERR,ERR,ERR,ERR,ERR,ERR,ERR,ERR,ERR,ERR,ERR,ERR,ERR,ERR,ERR,ERR,ERR,ERR,ERR,ERR,ERR,ERR,ERR,ERR,ERR,ERR,ERR,ERR,ERR,ERR,ERR,ERR,ERR,ERR,ERR,ERR,ERR,ERR,ERR,ERR,ERR,ERR,ERR,ERR,ERR,ERR,ERR,ERR,ERR,ERR,ERR,0.0,2.7184527190102135e+23,-0.0,0.0,-0.031,9.015702523518609e+33,0.0,-0.0,4300,0,8,17169,4300,0.0,41,0.0,0.0,0.0,0.0,0.0,0,0,0,0,0.0,0,0,0,0,0,0,0,0,0,0,0,0,0,0,0,0,0,0,0,0,0,0,0,0,0,0,0,0,0,0,0,0,0,11,37,37,48,65476,414,65476,1,0,4,21553,0.0,0.0,0.0,0.0,0.0,0.0,0.0,0.0,0.0,0.0,0.0,0.0,0.0,0.0,0.0,0.0,0.0,0.0,0.0,0.0,0.0,2.004,2.004,-0.0,-0.0,-0.0,0.0,0.0,0.0,0.0,6529.0,-0.0,0.0,0.0,2.7184527190102135e+23,0.0,0.0,0.0,0.0,2.004,2.004,226,0.0,-5.8480786593265204e+35,0.0,0.0,0.0,0.0,0.0,0.0,0.0,0,0,0,-8.571932648589352e+26,-0.0,-0.0,0.0,-0.0,8.61962881569945e+28,-1.8097615378721567e+36,-6.813124059063588e+23,0.0,-5.774760020676594e+27,-6.165,20516071014400.0,0.0,0.0,0.0,-0.0,0,1.3516416376850534e+27,226,0.0,452,0.0,-1.4035688898663253e+35,2114,52429,17109,0,17112,0,17096,0,0,0,101,100,100,0.0,65.1,0.0,65.9,-107615248.0,65.0,1,49,50,180,52429,0,0,0,0.0,0.0,0.0,60.0,2.7790830873863496e+37,71.0,0.0,4.492274335315555e+23,0.0,1069,0,1070,0,0,0,1069,0,1080,0,1000,0,654,0,656,0,650,0,678,0.032,1.4609821306377965e+22,-0.0,-0.0,37264,16814,2.7790830873863496e+37,4.492274335315555e+23,0.0,-0.0,0.0,-0.0,50.0,60.0,35,0.0,0.0,10.0,2.0,0.0,0.0,0.0,0.0,0.0,0.0,0.0,0.0,0.0,0.0,0.0,0.0,59.2,56,10,65507,27,65476,240,300,1,0,8,20529,65476,0,0,30147,60.0,0.0,10.0,10.0,2.0,0.0
2026-02-16T12:31:06,ERR,ERR,ERR,ERR,ERR,ERR,ERR,ERR,ERR,ERR,ERR,ERR,ERR,ERR,ERR,ERR,ERR,ERR,ERR,ERR,ERR,ERR,ERR,ERR,ERR,ERR,ERR,ERR,ERR,ERR,ERR,ERR,ERR,ERR,ERR,ERR,ERR,ERR,ERR,ERR,ERR,ERR,ERR,ERR,ERR,ERR,ERR,ERR,ERR,ERR,ERR,ERR,ERR,ERR,ERR,ERR,ERR,ERR,ERR,ERR,ERR,ERR,ERR,ERR,ERR,ERR,ERR,ERR,ERR,ERR,ERR,ERR,ERR,ERR,ERR,ERR,ERR,ERR,ERR,ERR,ERR,ERR,ERR,ERR,ERR,ERR,ERR,ERR,ERR,ERR,ERR,ERR,ERR,ERR,ERR,ERR,ERR,ERR,ERR,ERR,ERR,ERR,ERR,ERR,ERR,ERR,ERR,ERR,ERR,ERR,ERR,ERR,ERR,ERR,ERR,ERR,ERR,ERR,ERR,ERR,ERR,ERR,ERR,ERR,ERR,0.0,2.7184527190102135e+23,-0.0,0.0,-0.031,9.015702523518609e+33,0.0,-0.0,4300,0,8,17169,4300,0.0,41,0.0,0.0,0.0,0.0,0.0,0,0,0,0,0.0,0,0,0,0,0,0,0,0,0,0,0,0,0,0,0,0,0,0,0,0,0,0,0,0,0,0,0,0,0,0,0,0,0,11,37,37,48,65476,414,65476,1,0,4,21553,0.0,0.0,0.0,0.0,0.0,0.0,0.0,0.0,0.0,0.0,0.0,0.0,0.0,0.0,0.0,0.0,0.0,0.0,0.0,0.0,0.0,2.004,2.004,-0.0,-0.0,-0.0,0.0,0.0,0.0,0.0,6529.0,-0.0,0.0,0.0,2.7184527190102135e+23,0.0,0.0,0.0,0.0,2.004,2.004,226,0.0,-5.8480786593265204e+35,0.0,0.0,0.0,0.0,0.0,0.0,0.0,0,0,0,-8.571932648589352e+26,-0.0,-0.0,0.0,-0.0,8.61962881569945e+28,-1.8097615378721567e+36,-6.813124059063588e+23,0.0,-5.774760020676594e+27,-6.165,20516071014400.0,0.0,0.0,0.0,-0.0,0,1.3516416376850534e+27,226,0.0,452,0.0,-1.4035688898663253e+35,2114,52429,17109,0,17112,0,17096,0,0,0,101,100,100,0.0,65.1,0.0,65.9,-107615248.0,65.0,1,49,50,180,52429,0,0,0,0.0,0.0,0.0,60.0,2.7790830873863496e+37,71.0,0.0,4.492274335315555e+23,0.0,1069,0,1070,0,0,0,1069,0,1080,0,1000,0,654,0,656,0,650,0,678,0.032,1.4609821306377965e+22,-0.0,-0.0,37264,16814,2.7790830873863496e+37,4.492274335315555e+23,0.0,-0.0,0.0,-0.0,50.0,60.0,35,0.0,0.0,10.0,2.0,0.0,0.0,0.0,0.0,0.0,0.0,0.0,0.0,0.0,0.0,0.0,0.0,58.8,56,11,65507,27,65476,247,300,0,0,8,20529,65476,0,0,30147,60.0,0.0,10.0,10.0,2.0,0.0
2026-02-16T12:31:07,ERR,ERR,ERR,ERR,ERR,ERR,ERR,ERR,ERR,ERR,ERR,ERR,ERR,ERR,ERR,ERR,ERR,ERR,ERR,ERR,ERR,ERR,ERR,ERR,ERR,ERR,ERR,ERR,ERR,ERR,ERR,ERR,ERR,ERR,ERR,ERR,ERR,ERR,ERR,ERR,ERR,ERR,ERR,ERR,ERR,ERR,ERR,ERR,ERR,ERR,ERR,ERR,ERR,ERR,ERR,ERR,ERR,ERR,ERR,ERR,ERR,ERR,ERR,ERR,ERR,ERR,ERR,ERR,ERR,ERR,ERR,ERR,ERR,ERR,ERR,ERR,ERR,ERR,ERR,ERR,ERR,ERR,ERR,ERR,ERR,ERR,ERR,ERR,ERR,ERR,ERR,ERR,ERR,ERR,ERR,ERR,ERR,ERR,ERR,ERR,ERR,ERR,ERR,ERR,ERR,ERR,ERR,ERR,ERR,ERR,ERR,ERR,ERR,ERR,ERR,ERR,ERR,ERR,ERR,ERR,ERR,ERR,ERR,ERR,ERR,0.0,2.7184527190102135e+23,-0.0,0.0,-0.031,9.015702523518609e+33,0.0,-0.0,4300,0,8,17169,4300,0.0,41,0.0,0.0,0.0,0.0,0.0,0,0,0,0,0.0,0,0,0,0,0,0,0,0,0,0,0,0,0,0,0,0,0,0,0,0,0,0,0,0,0,0,0,0,0,0,0,0,0,11,37,37,48,65476,414,65476,1,0,4,21553,0.0,0.0,0.0,0.0,0.0,0.0,0.0,0.0,0.0,0.0,0.0,0.0,0.0,0.0,0.0,0.0,0.0,0.0,0.0,0.0,0.0,2.004,2.004,-0.0,-0.0,-0.0,0.0,0.0,0.0,0.0,6529.0,-0.0,0.0,0.0,2.7184527190102135e+23,0.0,0.0,0.0,0.0,2.004,2.004,226,0.0,-5.8480786593265204e+35,0.0,0.0,0.0,0.0,0.0,0.0,0.0,0,0,0,-8.571932648589352e+26,-0.0,-0.0,0.0,-0.0,8.61962881569945e+28,-1.8097615378721567e+36,-6.813124059063588e+23,0.0,-5.774760020676594e+27,-6.165,20516071014400.0,0.0,0.0,0.0,-0.0,0,1.3516416376850534e+27,226,0.0,452,0.0,-1.4035688898663253e+35,2114,52429,17109,0,17112,0,17096,0,0,0,101,100,100,0.0,65.1,0.0,65.9,-107615248.0,65.0,1,49,50,180,52429,0,0,0,0.0,0.0,0.0,60.0,-0.0,71.0,0.0,541.021,0.0,1069,0,1070,0,0,0,1069,0,1080,0,1000,0,654,0,656,0,650,0,678,0.032,1.4609821306377965e+22,-0.0,-0.0,44688,16814,-0.0,541.021,211026496.0,0.0,1.0099599791064351e+18,-208128.141,50.0,60.0,35,0.0,0.0,10.0,2.0,0.0,0.0,0.0,0.0,0.0,0.0,0.0,0.0,0.0,0.0,0.0,0.0,58.8,56,11,65507,27,65476,247,300,0,0,8,20529,65476,0,0,30147,60.0,0.0,10.0,10.0,2.0,0.0
2026-02-16T12:31:08,ERR,ERR,ERR,ERR,ERR,ERR,ERR,ERR,ERR,ERR,ERR,ERR,ERR,ERR,ERR,ERR,ERR,ERR,ERR,ERR,ERR,ERR,ERR,ERR,ERR,ERR,ERR,ERR,ERR,ERR,ERR,ERR,ERR,ERR,ERR,ERR,ERR,ERR,ERR,ERR,ERR,ERR,ERR,ERR,ERR,ERR,ERR,ERR,ERR,ERR,ERR,ERR,ERR,ERR,ERR,ERR,ERR,ERR,ERR,ERR,ERR,ERR,ERR,ERR,ERR,ERR,ERR,ERR,ERR,ERR,ERR,ERR,ERR,ERR,ERR,ERR,ERR,ERR,ERR,ERR,ERR,ERR,ERR,ERR,ERR,ERR,ERR,ERR,ERR,ERR,ERR,ERR,ERR,ERR,ERR,ERR,ERR,ERR,ERR,ERR,ERR,ERR,ERR,ERR,ERR,ERR,ERR,ERR,ERR,ERR,ERR,ERR,ERR,ERR,ERR,ERR,ERR,ERR,ERR,ERR,ERR,ERR,ERR,ERR,ERR,0.0,2.7184527190102135e+23,-0.0,0.0,-0.031,9.015702523518609e+33,0.0,-0.0,4300,0,8,17169,4300,0.0,41,0.0,0.0,0.0,0.0,0.0,0,0,0,0,0.0,0,0,0,0,0,0,0,0,0,0,0,0,0,0,0,0,0,0,0,0,0,0,0,0,0,0,0,0,0,0,0,0,0,11,37,37,48,65476,414,65476,1,0,4,21553,0.0,0.0,0.0,0.0,0.0,0.0,0.0,0.0,0.0,0.0,0.0,0.0,0.0,0.0,0.0,0.0,0.0,0.0,0.0,0.0,0.0,2.004,2.004,-0.0,-0.0,-0.0,0.0,0.0,0.0,0.0,6529.0,-0.0,0.0,0.0,2.7184527190102135e+23,0.0,0.0,0.0,0.0,2.004,2.004,226,0.0,-5.8480786593265204e+35,0.0,0.0,0.0,0.0,0.0,0.0,0.0,0,0,0,-8.571932648589352e+26,-0.0,-0.0,0.0,-0.0,8.61962881569945e+28,-1.8097615378721567e+36,-6.813124059063588e+23,0.0,-5.774760020676594e+27,-6.165,20516071014400.0,0.0,0.0,0.0,-0.0,0,1.3516416376850534e+27,226,0.0,452,0.0,-1.4035688898663253e+35,2114,52429,17109,0,17112,0,17096,0,0,0,101,100,100,0.0,65.1,0.0,65.9,-107615248.0,65.0,1,49,50,180,52429,0,0,0,0.0,0.0,0.0,60.0,-0.0,71.0,0.0,541.021,0.0,1069,0,1070,0,0,0,1069,0,1080,0,1000,0,654,0,656,0,650,0,678,0.032,1.4609821306377965e+22,-0.0,-0.0,44688,16814,-0.0,541.021,211026496.0,0.0,1.0099599791064351e+18,-208128.141,50.0,60.0,35,0.0,0.0,10.0,2.0,0.0,0.0,0.0,0.0,0.0,0.0,0.0,0.0,0.0,0.0,0.0,0.0,59.2,54,12,65509,27,65476,167,300,0,0,8,20529,65476,0,0,30147,60.0,0.0,10.0,10.0,2.0,0.0
2026-02-16T12:31:09,ERR,ERR,ERR,ERR,ERR,ERR,ERR,ERR,ERR,ERR,ERR,ERR,ERR,ERR,ERR,ERR,ERR,ERR,ERR,ERR,ERR,ERR,ERR,ERR,ERR,ERR,ERR,ERR,ERR,ERR,ERR,ERR,ERR,ERR,ERR,ERR,ERR,ERR,ERR,ERR,ERR,ERR,ERR,ERR,ERR,ERR,ERR,ERR,ERR,ERR,ERR,ERR,ERR,ERR,ERR,ERR,ERR,ERR,ERR,ERR,ERR,ERR,ERR,ERR,ERR,ERR,ERR,ERR,ERR,ERR,ERR,ERR,ERR,ERR,ERR,ERR,ERR,ERR,ERR,ERR,ERR,ERR,ERR,ERR,ERR,ERR,ERR,ERR,ERR,ERR,ERR,ERR,ERR,ERR,ERR,ERR,ERR,ERR,ERR,ERR,ERR,ERR,ERR,ERR,ERR,ERR,ERR,ERR,ERR,ERR,ERR,ERR,ERR,ERR,ERR,ERR,ERR,ERR,ERR,ERR,ERR,ERR,ERR,ERR,ERR,0.0,2.7184527190102135e+23,-0.0,0.0,-0.031,9.015702523518609e+33,0.0,-0.0,4300,0,8,17169,4300,0.0,41,0.0,0.0,0.0,0.0,0.0,0,0,0,0,0.0,0,0,0,0,0,0,0,0,0,0,0,0,0,0,0,0,0,0,0,0,0,0,0,0,0,0,0,0,0,0,0,0,0,11,37,37,48,65476,414,65476,1,0,4,21553,0.0,0.0,0.0,0.0,0.0,0.0,0.0,0.0,0.0,0.0,0.0,0.0,0.0,0.0,0.0,0.0,0.0,0.0,0.0,0.0,0.0,2.004,2.004,-0.0,-0.0,-0.0,0.0,0.0,0.0,0.0,6529.0,-0.0,0.0,0.0,2.7184527190102135e+23,0.0,0.0,0.0,0.0,2.004,2.004,226,0.0,-5.8480786593265204e+35,0.0,0.0,0.0,0.0,0.0,0.0,0.0,0,0,0,-8.571932648589352e+26,-0.0,-0.0,0.0,-0.0,8.61962881569945e+28,-1.8097615378721567e+36,-6.813124059063588e+23,0.0,-5.774760020676594e+27,-6.165,20516071014400.0,0.0,0.0,0.0,-0.0,0,1.3516416376850534e+27,226,0.0,452,0.0,-1.4035688898663253e+35,2114,52429,17109,0,17112,0,17096,0,0,0,101,100,100,0.0,65.1,0.0,65.9,-107615248.0,65.0,1,49,50,180,52429,0,0,0,0.0,0.0,0.0,60.0,-0.0,71.0,0.0,541.021,0.0,1069,0,1070,0,0,0,1069,0,1080,0,1000,0,654,0,656,0,650,0,678,0.032,1.4609821306377965e+22,-0.0,-0.0,44688,16814,-0.0,541.021,211026496.0,0.0,1.0099599791064351e+18,-208128.141,50.0,60.0,35,0.0,0.0,10.0,2.0,0.0,0.0,0.0,0.0,0.0,0.0,0.0,0.0,0.0,0.0,0.0,0.0,58.8,50,14,65513,27,65476,7,300,0,0,8,20529,65476,0,0,30147,60.0,0.0,10.0,10.0,2.0,0.0
2026-02-16T12:31:10,ERR,ERR,ERR,ERR,ERR,ERR,ERR,ERR,ERR,ERR,ERR,ERR,ERR,ERR,ERR,ERR,ERR,ERR,ERR,ERR,ERR,ERR,ERR,ERR,ERR,ERR,ERR,ERR,ERR,ERR,ERR,ERR,ERR,ERR,ERR,ERR,ERR,ERR,ERR,ERR,ERR,ERR,ERR,ERR,ERR,ERR,ERR,ERR,ERR,ERR,ERR,ERR,ERR,ERR,ERR,ERR,ERR,ERR,ERR,ERR,ERR,ERR,ERR,ERR,ERR,ERR,ERR,ERR,ERR,ERR,ERR,ERR,ERR,ERR,ERR,ERR,ERR,ERR,ERR,ERR,ERR,ERR,ERR,ERR,ERR,ERR,ERR,ERR,ERR,ERR,ERR,ERR,ERR,ERR,ERR,ERR,ERR,ERR,ERR,ERR,ERR,ERR,ERR,ERR,ERR,ERR,ERR,ERR,ERR,ERR,ERR,ERR,ERR,ERR,ERR,ERR,ERR,ERR,ERR,ERR,ERR,ERR,ERR,ERR,ERR,0.0,2.7184527190102135e+23,-0.0,0.0,-0.031,4368054353920.0,-803951.5,-2766375818887168.0,4300,0,8,17169,4300,0.0,41,0.0,0.0,0.0,0.0,0.0,0,0,0,0,0.0,0,0,0,0,0,0,0,0,0,0,0,0,0,0,0,0,0,0,0,0,0,0,0,0,0,0,0,0,0,0,0,0,0,11,37,37,48,65476,415,65476,1,0,4,21553,0.0,-0.0,0.0,0.0,0.0,0.0,0.0,0.0,0.0,0.0,0.0,0.0,0.0,0.0,0.0,0.0,0.0,0.0,0.0,0.0,0.0,2.004,2.004,-0.0,-0.0,-0.0,0.0,0.0,0.0,0.0,6559.0,-0.0,0.0,0.0,2.7184527190102135e+23,0.0,0.0,0.0,0.0,2.004,2.004,226,-3.222002767243768e+26,-5.8480786593265204e+35,0.0,0.0,0.0,0.0,0.0,0.0,0.0,0,0,0,0.0,-0.0,-0.0,-117239680335872.0,-0.0,-0.0,0.0,0.0,0.197,-6.200301909180944e+27,-6.571,22302777409536.0,0.0,0.0,0.0,-0.0,0,1.3516416376850534e+27,227,0.0,454,0.0,-1.4035688898663253e+35,2114,52429,17109,0,17112,0,17096,0,0,0,101,100,100,0.0,65.1,0.0,65.9,-107615248.0,65.0,1,49,50,180,52429,0,0,0,0.0,0.0,0.0,60.0,-0.0,71.0,0.0,6.432060299245745e+24,0.0,1069,0,1070,0,0,0,1069,0,1080,0,1000,0,654,0,656,0,650,0,678,0.032,1.4609821306377965e+22,-0.0,-0.0,43792,16814,-0.0,31.657,0.0,5.614059494131275e+25,230.256,-0.0,50.0,60.0,35,0.0,0.0,10.0,2.0,0.0,0.0,0.0,0.0,0.0,0.0,0.0,0.0,0.0,0.0,0.0,0.0,58.8,50,14,65513,27,65476,7,300,0,0,8,20529,65476,0,0,30147,60.0,0.0,10.0,10.0,2.0,0.0
2026-02-16T12:31:11,ERR,ERR,ERR,ERR,ERR,ERR,ERR,ERR,ERR,ERR,ERR,ERR,ERR,ERR,ERR,ERR,ERR,ERR,ERR,ERR,ERR,ERR,ERR,ERR,ERR,ERR,ERR,ERR,ERR,ERR,ERR,ERR,ERR,ERR,ERR,ERR,ERR,ERR,ERR,ERR,ERR,ERR,ERR,ERR,ERR,ERR,ERR,ERR,ERR,ERR,ERR,ERR,ERR,ERR,ERR,ERR,ERR,ERR,ERR,ERR,ERR,ERR,ERR,ERR,ERR,ERR,ERR,ERR,ERR,ERR,ERR,ERR,ERR,ERR,ERR,ERR,ERR,ERR,ERR,ERR,ERR,ERR,ERR,ERR,ERR,ERR,ERR,ERR,ERR,ERR,ERR,ERR,ERR,ERR,ERR,ERR,ERR,ERR,ERR,ERR,ERR,ERR,ERR,ERR,ERR,ERR,ERR,ERR,ERR,ERR,ERR,ERR,ERR,ERR,ERR,ERR,ERR,ERR,ERR,ERR,ERR,ERR,ERR,ERR,ERR,0.0,2.7184527190102135e+23,-0.0,0.0,-0.031,4368054353920.0,-803951.5,-2766375818887168.0,4300,0,8,17169,4300,0.0,41,0.0,0.0,0.0,0.0,0.0,0,0,0,0,0.0,0,0,0,0,0,0,0,0,0,0,0,0,0,0,0,0,0,0,0,0,0,0,0,0,0,0,0,0,0,0,0,0,0,11,37,37,48,65476,415,65476,1,0,4,21553,0.0,-0.0,0.0,0.0,0.0,0.0,0.0,0.0,0.0,0.0,0.0,0.0,0.0,0.0,0.0,0.0,0.0,0.0,0.0,0.0,0.0,2.004,2.004,-0.0,-0.0,-0.0,0.0,0.0,0.0,0.0,6559.0,-0.0,0.0,0.0,2.7184527190102135e+23,0.0,0.0,0.0,0.0,2.004,2.004,226,-3.222002767243768e+26,-5.8480786593265204e+35,0.0,0.0,0.0,0.0,0.0,0.0,0.0,0,0,0,0.0,-0.0,-0.0,-117239680335872.0,-0.0,-0.0,0.0,0.0,0.197,-6.200301909180944e+27,-6.571,22302777409536.0,0.0,0.0,0.0,-0.0,0,1.3516416376850534e+27,227,0.0,454,0.0,-1.4035688898663253e+35,2114,52429,17109,0,17112,0,17096,0,0,0,101,100,100,0.0,65.1,0.0,65.9,-107615248.0,65.0,1,49,50,180,52429,0,0,0,0.0,0.0,0.0,60.0,-0.0,71.0,0.0,6.432060299245745e+24,0.0,1069,0,1070,0,0,0,1069,0,1080,0,1000,0,654,0,656,0,650,0,678,0.032,1.4609821306377965e+22,-0.0,-0.0,43792,16814,-0.0,31.657,0.0,5.614059494131275e+25,230.256,-0.0,50.0,60.0,35,0.0,0.0,10.0,2.0,0.0,0.0,0.0,0.0,0.0,0.0,0.0,0.0,0.0,0.0,0.0,0.0,58.8,48,16,65515,27,65476,0,65476,0,0,4,20529,65476,0,0,30147,60.0,0.0,10.0,10.0,2.0,0.0
2026-02-16T12:31:12,ERR,ERR,ERR,ERR,ERR,ERR,ERR,ERR,ERR,ERR,ERR,ERR,ERR,ERR,ERR,ERR,ERR,ERR,ERR,ERR,ERR,ERR,ERR,ERR,ERR,ERR,ERR,ERR,ERR,ERR,ERR,ERR,ERR,ERR,ERR,ERR,ERR,ERR,ERR,ERR,ERR,ERR,ERR,ERR,ERR,ERR,ERR,ERR,ERR,ERR,ERR,ERR,ERR,ERR,ERR,ERR,ERR,ERR,ERR,ERR,ERR,ERR,ERR,ERR,ERR,ERR,ERR,ERR,ERR,ERR,ERR,ERR,ERR,ERR,ERR,ERR,ERR,ERR,ERR,ERR,ERR,ERR,ERR,ERR,ERR,ERR,ERR,ERR,ERR,ERR,ERR,ERR,ERR,ERR,ERR,ERR,ERR,ERR,ERR,ERR,ERR,ERR,ERR,ERR,ERR,ERR,ERR,ERR,ERR,ERR,ERR,ERR,ERR,ERR,ERR,ERR,ERR,ERR,ERR,ERR,ERR,ERR,ERR,ERR,ERR,0.0,2.7184527190102135e+23,-0.0,0.0,-0.031,4368054353920.0,-803951.5,-2766375818887168.0,4300,0,8,17169,4300,0.0,41,0.0,0.0,0.0,0.0,0.0,0,0,0,0,0.0,0,0,0,0,0,0,0,0,0,0,0,0,0,0,0,0,0,0,0,0,0,0,0,0,0,0,0,0,0,0,0,0,0,11,37,37,48,65476,415,65476,1,0,4,21553,0.0,-0.0,0.0,0.0,0.0,0.0,0.0,0.0,0.0,0.0,0.0,0.0,0.0,0.0,0.0,0.0,0.0,0.0,0.0,0.0,0.0,2.004,2.004,-0.0,-0.0,-0.0,0.0,0.0,0.0,0.0,6559.0,-0.0,0.0,0.0,2.7184527190102135e+23,0.0,0.0,0.0,0.0,2.004,2.004,226,-3.222002767243768e+26,-5.8480786593265204e+35,0.0,0.0,0.0,0.0,0.0,0.0,0.0,0,0,0,0.0,-0.0,-0.0,-117239680335872.0,-0.0,-0.0,0.0,0.0,0.197,-6.200301909180944e+27,-6.571,22302777409536.0,0.0,0.0,0.0,-0.0,0,1.3516416376850534e+27,227,0.0,454,0.0,-1.4035688898663253e+35,2114,52429,17109,0,17112,0,17096,0,0,0,101,100,100,0.0,65.1,0.0,65.9,-107615248.0,65.0,1,49,50,180,52429,0,0,0,0.0,0.0,0.0,60.0,-0.0,71.0,0.0,6.432060299245745e+24,0.0,1069,0,1070,0,0,0,1069,0,1080,0,1000,0,654,0,656,0,650,0,678,0.032,1.4609821306377965e+22,-0.0,-0.0,43792,16814,-0.0,31.657,0.0,5.614059494131275e+25,230.256,-0.0,50.0,60.0,35,0.0,0.0,10.0,2.0,0.0,0.0,0.0,0.0,0.0,0.0,0.0,0.0,0.0,0.0,0.0,0.0,58.8,48,16,65515,27,65476,0,65476,0,0,4,20529,65476,0,0,30147,60.0,0.0,10.0,10.0,2.0,0.0
2026-02-16T12:31:13,ERR,ERR,ERR,ERR,ERR,ERR,ERR,ERR,ERR,ERR,ERR,ERR,ERR,ERR,ERR,ERR,ERR,ERR,ERR,ERR,ERR,ERR,ERR,ERR,ERR,ERR,ERR,ERR,ERR,ERR,ERR,ERR,ERR,ERR,ERR,ERR,ERR,ERR,ERR,ERR,ERR,ERR,ERR,ERR,ERR,ERR,ERR,ERR,ERR,ERR,ERR,ERR,ERR,ERR,ERR,ERR,ERR,ERR,ERR,ERR,ERR,ERR,ERR,ERR,ERR,ERR,ERR,ERR,ERR,ERR,ERR,ERR,ERR,ERR,ERR,ERR,ERR,ERR,ERR,ERR,ERR,ERR,ERR,ERR,ERR,ERR,ERR,ERR,ERR,ERR,ERR,ERR,ERR,ERR,ERR,ERR,ERR,ERR,ERR,ERR,ERR,ERR,ERR,ERR,ERR,ERR,ERR,ERR,ERR,ERR,ERR,ERR,ERR,ERR,ERR,ERR,ERR,ERR,ERR,ERR,ERR,ERR,ERR,ERR,ERR,0.0,2.7184527190102135e+23,-0.0,0.0,-0.031,4368054353920.0,-803951.5,-2766375818887168.0,4300,0,8,17169,4300,0.0,41,0.0,0.0,0.0,0.0,0.0,0,0,0,0,0.0,0,0,0,0,0,0,0,0,0,0,0,0,0,0,0,0,0,0,0,0,0,0,0,0,0,0,0,0,0,0,0,0,0,11,37,37,48,65476,415,65476,1,0,4,21553,0.0,-0.0,0.0,0.0,0.0,0.0,0.0,0.0,0.0,0.0,0.0,0.0,0.0,0.0,0.0,0.0,0.0,0.0,0.0,0.0,0.0,2.004,2.004,-0.0,-0.0,-0.0,0.0,0.0,0.0,0.0,6559.0,-0.0,0.0,0.0,2.7184527190102135e+23,0.0,0.0,0.0,0.0,2.004,2.004,226,-3.222002767243768e+26,-5.8480786593265204e+35,0.0,0.0,0.0,0.0,0.0,0.0,0.0,0,0,0,0.0,-0.0,-0.0,-117239680335872.0,-0.0,-0.0,0.0,0.0,0.197,-6.200301909180944e+27,-6.571,22302777409536.0,0.0,0.0,0.0,-0.0,0,1.3516416376850534e+27,227,0.0,454,0.0,-1.4035688898663253e+35,2114,52429,17109,0,17112,0,17096,0,0,0,101,100,100,0.0,65.1,0.0,65.9,-107615248.0,65.0,1,49,50,180,52429,0,0,0,0.0,0.0,0.0,60.0,-0.0,71.0,0.0,6.432060299245745e+24,0.0,1069,0,1070,0,0,0,1069,0,1080,0,1000,0,654,0,656,0,650,0,678,0.032,1.4609821306377965e+22,-0.0,-0.0,43792,16814,-0.0,31.657,0.0,5.614059494131275e+25,230.256,-0.0,50.0,60.0,35,0.0,0.0,10.0,2.0,0.0,0.0,0.0,0.0,0.0,0.0,0.0,0.0,0.0,0.0,0.0,0.0,58.8,47,16,65516,27,65476,0,65476,1,0,4,20529,65476,0,0,30147,60.0,0.0,10.0,10.0,2.0,0.0
2026-02-16T12:31:14,ERR,ERR,ERR,ERR,ERR,ERR,ERR,ERR,ERR,ERR,ERR,ERR,ERR,ERR,ERR,ERR,ERR,ERR,ERR,ERR,ERR,ERR,ERR,ERR,ERR,ERR,ERR,ERR,ERR,ERR,ERR,ERR,ERR,ERR,ERR,ERR,ERR,ERR,ERR,ERR,ERR,ERR,ERR,ERR,ERR,ERR,ERR,ERR,ERR,ERR,ERR,ERR,ERR,ERR,ERR,ERR,ERR,ERR,ERR,ERR,ERR,ERR,ERR,ERR,ERR,ERR,ERR,ERR,ERR,ERR,ERR,ERR,ERR,ERR,ERR,ERR,ERR,ERR,ERR,ERR,ERR,ERR,ERR,ERR,ERR,ERR,ERR,ERR,ERR,ERR,ERR,ERR,ERR,ERR,ERR,ERR,ERR,ERR,ERR,ERR,ERR,ERR,ERR,ERR,ERR,ERR,ERR,ERR,ERR,ERR,ERR,ERR,ERR,ERR,ERR,ERR,ERR,ERR,ERR,ERR,ERR,ERR,ERR,ERR,ERR,0.0,2.7184527190102135e+23,-0.0,0.0,-0.031,4368054353920.0,-803951.5,-2766375818887168.0,4300,0,8,17169,4300,0.0,41,0.0,0.0,0.0,0.0,0.0,0,0,0,0,0.0,0,0,0,0,0,0,0,0,0,0,0,0,0,0,0,0,0,0,0,0,0,0,0,0,0,0,0,0,0,0,0,0,0,11,37,37,48,65476,415,65476,1,0,4,21553,0.0,-0.0,0.0,0.0,0.0,0.0,0.0,0.0,0.0,0.0,0.0,0.0,0.0,0.0,0.0,0.0,0.0,0.0,0.0,0.0,0.0,2.004,2.004,-0.0,-0.0,-0.0,0.0,0.0,0.0,0.0,6559.0,-0.0,0.0,0.0,2.7184527190102135e+23,0.0,0.0,0.0,0.0,2.004,2.004,226,-3.222002767243768e+26,-5.8480786593265204e+35,0.0,0.0,0.0,0.0,0.0,0.0,0.0,0,0,0,0.0,-0.0,-0.0,-117239680335872.0,-0.0,-0.0,0.0,0.0,0.197,-6.200301909180944e+27,-6.571,22302777409536.0,0.0,0.0,0.0,-0.0,0,1.3516416376850534e+27,227,0.0,454,0.0,-1.4035688898663253e+35,2114,52429,17109,0,17112,0,17096,0,0,0,101,100,100,0.0,65.1,0.0,65.9,-107615248.0,65.0,1,49,50,180,52429,0,0,0,0.0,0.0,0.0,60.0,-0.0,71.0,0.0,3.0833251628120073e+28,0.0,1069,0,1070,0,0,0,1069,0,1080,0,1000,0,654,0,656,0,650,0,678,0.032,1.4536034330083127e+22,-0.0,-0.0,38672,16814,-0.0,3.0833251628120073e+28,-0.0,-0.0,-0.0,-1.2628977809039637e+32,50.0,60.0,35,0.0,0.0,10.0,2.0,0.0,0.0,0.0,0.0,0.0,0.0,0.0,0.0,0.0,0.0,0.0,0.0,58.8,45,18,65518,27,65476,76,65476,1,0,4,20529,65476,0,0,30147,60.0,0.0,10.0,10.0,2.0,0.0
2026-02-16T12:31:15,ERR,ERR,ERR,ERR,ERR,ERR,ERR,ERR,ERR,ERR,ERR,ERR,ERR,ERR,ERR,ERR,ERR,ERR,ERR,ERR,ERR,ERR,ERR,ERR,ERR,ERR,ERR,ERR,ERR,ERR,ERR,ERR,ERR,ERR,ERR,ERR,ERR,ERR,ERR,ERR,ERR,ERR,ERR,ERR,ERR,ERR,ERR,ERR,ERR,ERR,ERR,ERR,ERR,ERR,ERR,ERR,ERR,ERR,ERR,ERR,ERR,ERR,ERR,ERR,ERR,ERR,ERR,ERR,ERR,ERR,ERR,ERR,ERR,ERR,ERR,ERR,ERR,ERR,ERR,ERR,ERR,ERR,ERR,ERR,ERR,ERR,ERR,ERR,ERR,ERR,ERR,ERR,ERR,ERR,ERR,ERR,ERR,ERR,ERR,ERR,ERR,ERR,ERR,ERR,ERR,ERR,ERR,ERR,ERR,ERR,ERR,ERR,ERR,ERR,ERR,ERR,ERR,ERR,ERR,ERR,ERR,ERR,ERR,ERR,ERR,0.0,2.7184527190102135e+23,-0.0,0.0,-0.031,-0.192,8.186864405221864e+34,2.9958200330053536e+30,4300,0,8,17169,4300,0.0,41,0.0,0.0,0.0,0.0,0.0,0,0,0,0,0.0,0,0,0,0,0,0,0,0,0,0,0,0,0,0,0,0,0,0,0,0,0,0,0,0,0,0,0,0,0,0,0,0,0,11,37,37,48,65476,416,65476,1,0,4,21553,0.0,2.7183305813883192e+23,0.0,0.0,0.0,0.0,0.0,0.0,0.0,0.0,0.0,0.0,0.0,0.0,0.0,0.0,0.0,0.0,0.0,0.0,0.0,2.004,2.004,-0.0,-0.0,-0.0,0.0,0.0,0.0,0.0,6529.0,-2.004,0.0,0.0,2.7184527190102135e+23,2.7184503771384073e+23,0.0,0.0,0.0,2.004,2.004,226,0.0,0.0,0.0,0.0,0.0,0.0,0.0,0.0,0.0,0,0,0,-2.89704535337665e+30,-3577867008.0,-0.0,-0.0,-0.0,-1.2825238349807616e+16,0.0,-0.0,-1.3709291369902638e+38,-6.741900676368298e+27,-6.977,24089483804672.0,0.0,0.0,0.0,-100.124,0,1.3516416376850534e+27,227,0.0,454,0.0,5.5413446501399e+19,2114,52429,17109,0,17112,0,17096,0,0,0,101,100,100,0.0,65.1,0.0,65.9,-107615248.0,65.0,1,49,50,180,52429,0,0,0,0.0,0.0,0.0,60.0,-0.0,71.0,0.0,3.0833251628120073e+28,0.0,1069,0,1070,0,0,0,1069,0,1080,0,1000,0,654,0,656,0,650,0,678,0.032,1.4536034330083127e+22,-0.0,-0.0,38672,16814,-0.0,3.0833251628120073e+28,-0.0,-0.0,-0.0,-1.2628977809039637e+32,50.0,60.0,35,0.0,0.0,10.0,2.0,0.0,0.0,0.0,0.0,0.0,0.0,0.0,0.0,0.0,0.0,0.0,0.0,58.8,45,18,65518,27,65476,76,65476,1,0,4,20529,65476,0,0,30147,60.0,0.0,10.0,10.0,2.0,0.0
2026-02-16T12:31:16,ERR,ERR,ERR,ERR,ERR,ERR,ERR,ERR,ERR,ERR,ERR,ERR,ERR,ERR,ERR,ERR,ERR,ERR,ERR,ERR,ERR,ERR,ERR,ERR,ERR,ERR,ERR,ERR,ERR,ERR,ERR,ERR,ERR,ERR,ERR,ERR,ERR,ERR,ERR,ERR,ERR,ERR,ERR,ERR,ERR,ERR,ERR,ERR,ERR,ERR,ERR,ERR,ERR,ERR,ERR,ERR,ERR,ERR,ERR,ERR,ERR,ERR,ERR,ERR,ERR,ERR,ERR,ERR,ERR,ERR,ERR,ERR,ERR,ERR,ERR,ERR,ERR,ERR,ERR,ERR,ERR,ERR,ERR,ERR,ERR,ERR,ERR,ERR,ERR,ERR,ERR,ERR,ERR,ERR,ERR,ERR,ERR,ERR,ERR,ERR,ERR,ERR,ERR,ERR,ERR,ERR,ERR,ERR,ERR,ERR,ERR,ERR,ERR,ERR,ERR,ERR,ERR,ERR,ERR,ERR,ERR,ERR,ERR,ERR,ERR,0.0,2.7184527190102135e+23,-0.0,0.0,-0.031,-0.192,8.186864405221864e+34,2.9958200330053536e+30,4300,0,8,17169,4300,0.0,41,0.0,0.0,0.0,0.0,0.0,0,0,0,0,0.0,0,0,0,0,0,0,0,0,0,0,0,0,0,0,0,0,0,0,0,0,0,0,0,0,0,0,0,0,0,0,0,0,0,11,37,37,48,65476,416,65476,1,0,4,21553,0.0,2.7183305813883192e+23,0.0,0.0,0.0,0.0,0.0,0.0,0.0,0.0,0.0,0.0,0.0,0.0,0.0,0.0,0.0,0.0,0.0,0.0,0.0,2.004,2.004,-0.0,-0.0,-0.0,0.0,0.0,0.0,0.0,6529.0,-2.004,0.0,0.0,2.7184527190102135e+23,2.7184503771384073e+23,0.0,0.0,0.0,2.004,2.004,226,0.0,0.0,0.0,0.0,0.0,0.0,0.0,0.0,0.0,0,0,0,-2.89704535337665e+30,-3577867008.0,-0.0,-0.0,-0.0,-1.2825238349807616e+16,0.0,-0.0,-1.3709291369902638e+38,-6.741900676368298e+27,-6.977,24089483804672.0,0.0,0.0,0.0,-100.124,0,1.3516416376850534e+27,227,0.0,454,0.0,5.5413446501399e+19,2114,52429,17109,0,17112,0,17096,0,0,0,101,100,100,0.0,65.1,0.0,65.9,-107615248.0,65.0,1,49,50,180,52429,0,0,0,0.0,0.0,0.0,60.0,-0.0,71.0,0.0,3.0833251628120073e+28,0.0,1069,0,1070,0,0,0,1069,0,1080,0,1000,0,654,0,656,0,650,0,678,0.032,1.4536034330083127e+22,-0.0,-0.0,38672,16814,-0.0,3.0833251628120073e+28,-0.0,-0.0,-0.0,-1.2628977809039637e+32,50.0,60.0,35,0.0,0.0,10.0,2.0,0.0,0.0,0.0,0.0,0.0,0.0,0.0,0.0,0.0,0.0,0.0,0.0,59.2,44,18,65519,27,65476,237,65476,1,0,4,20529,65476,0,0,30147,60.0,0.0,10.0,10.0,2.0,0.0
2026-02-16T12:31:17,ERR,ERR,ERR,ERR,ERR,ERR,ERR,ERR,ERR,ERR,ERR,ERR,ERR,ERR,ERR,ERR,ERR,ERR,ERR,ERR,ERR,ERR,ERR,ERR,ERR,ERR,ERR,ERR,ERR,ERR,ERR,ERR,ERR,ERR,ERR,ERR,ERR,ERR,ERR,ERR,ERR,ERR,ERR,ERR,ERR,ERR,ERR,ERR,ERR,ERR,ERR,ERR,ERR,ERR,ERR,ERR,ERR,ERR,ERR,ERR,ERR,ERR,ERR,ERR,ERR,ERR,ERR,ERR,ERR,ERR,ERR,ERR,ERR,ERR,ERR,ERR,ERR,ERR,ERR,ERR,ERR,ERR,ERR,ERR,ERR,ERR,ERR,ERR,ERR,ERR,ERR,ERR,ERR,ERR,ERR,ERR,ERR,ERR,ERR,ERR,ERR,ERR,ERR,ERR,ERR,ERR,ERR,ERR,ERR,ERR,ERR,ERR,ERR,ERR,ERR,ERR,ERR,ERR,ERR,ERR,ERR,ERR,ERR,ERR,ERR,0.0,2.7184527190102135e+23,-0.0,0.0,-0.031,-0.192,8.186864405221864e+34,2.9958200330053536e+30,4300,0,8,17169,4300,0.0,41,0.0,0.0,0.0,0.0,0.0,0,0,0,0,0.0,0,0,0,0,0,0,0,0,0,0,0,0,0,0,0,0,0,0,0,0,0,0,0,0,0,0,0,0,0,0,0,0,0,11,37,37,48,65476,416,65476,1,0,4,21553,0.0,2.7183305813883192e+23,0.0,0.0,0.0,0.0,0.0,0.0,0.0,0.0,0.0,0.0,0.0,0.0,0.0,0.0,0.0,0.0,0.0,0.0,0.0,2.004,2.004,-0.0,-0.0,-0.0,0.0,0.0,0.0,0.0,6529.0,-2.004,0.0,0.0,2.7184527190102135e+23,2.7184503771384073e+23,0.0,0.0,0.0,2.004,2.004,226,0.0,0.0,0.0,0.0,0.0,0.0,0.0,0.0,0.0,0,0,0,-2.89704535337665e+30,-3577867008.0,-0.0,-0.0,-0.0,-1.2825238349807616e+16,0.0,-0.0,-1.3709291369902638e+38,-6.741900676368298e+27,-6.977,24089483804672.0,0.0,0.0,0.0,-100.124,0,1.3516416376850534e+27,227,0.0,454,0.0,5.5413446501399e+19,2114,52429,17109,0,17112,0,17096,0,0,0,101,100,100,0.0,65.1,0.0,65.9,-107615248.0,65.0,1,49,50,180,52429,0,0,0,0.0,0.0,0.0,60.0,9.454797354814254e+37,71.0,0.0,0.0,0.0,1069,0,1070,0,0,0,1069,0,1080,0,1000,0,654,0,656,0,650,0,678,0.032,1.4609821306377965e+22,-0.0,-0.0,23952,16814,-0.0,1.666,0.0,-0.0,0.0,-0.0,50.0,60.0,35,0.0,0.0,10.0,2.0,0.0,0.0,0.0,0.0,0.0,0.0,0.0,0.0,0.0,0.0,0.0,0.0,58.8,44,18,65519,27,65476,316,65476,1,0,4,20529,65476,0,0,30147,60.0,0.0,10.0,10.0,2.0,0.0
2026-02-16T12:31:18,ERR,ERR,ERR,ERR,ERR,ERR,ERR,ERR,ERR,ERR,ERR,ERR,ERR,ERR,ERR,ERR,ERR,ERR,ERR,ERR,ERR,ERR,ERR,ERR,ERR,ERR,ERR,ERR,ERR,ERR,ERR,ERR,ERR,ERR,ERR,ERR,ERR,ERR,ERR,ERR,ERR,ERR,ERR,ERR,ERR,ERR,ERR,ERR,ERR,ERR,ERR,ERR,ERR,ERR,ERR,ERR,ERR,ERR,ERR,ERR,ERR,ERR,ERR,ERR,ERR,ERR,ERR,ERR,ERR,ERR,ERR,ERR,ERR,ERR,ERR,ERR,ERR,ERR,ERR,ERR,ERR,ERR,ERR,ERR,ERR,ERR,ERR,ERR,ERR,ERR,ERR,ERR,ERR,ERR,ERR,ERR,ERR,ERR,ERR,ERR,ERR,ERR,ERR,ERR,ERR,ERR,ERR,ERR,ERR,ERR,ERR,ERR,ERR,ERR,ERR,ERR,ERR,ERR,ERR,ERR,ERR,ERR,ERR,ERR,ERR,0.0,2.7184527190102135e+23,-0.0,0.0,-0.031,-0.192,8.186864405221864e+34,2.9958200330053536e+30,4300,0,8,17169,4300,0.0,41,0.0,0.0,0.0,0.0,0.0,0,0,0,0,0.0,0,0,0,0,0,0,0,0,0,0,0,0,0,0,0,0,0,0,0,0,0,0,0,0,0,0,0,0,0,0,0,0,0,11,37,37,48,65476,416,65476,1,0,4,21553,0.0,2.7183305813883192e+23,0.0,0.0,0.0,0.0,0.0,0.0,0.0,0.0,0.0,0.0,0.0,0.0,0.0,0.0,0.0,0.0,0.0,0.0,0.0,2.004,2.004,-0.0,-0.0,-0.0,0.0,0.0,0.0,0.0,6529.0,-2.004,0.0,0.0,2.7184527190102135e+23,2.7184503771384073e+23,0.0,0.0,0.0,2.004,2.004,226,0.0,0.0,0.0,0.0,0.0,0.0,0.0,0.0,0.0,0,0,0,-2.89704535337665e+30,-3577867008.0,-0.0,-0.0,-0.0,-1.2825238349807616e+16,0.0,-0.0,-1.3709291369902638e+38,-6.741900676368298e+27,-6.977,24089483804672.0,0.0,0.0,0.0,-100.124,0,1.3516416376850534e+27,227,0.0,454,0.0,5.5413446501399e+19,2114,52429,17109,0,17112,0,17096,0,0,0,101,100,100,0.0,65.1,0.0,65.9,-107615248.0,65.0,1,49,50,180,52429,0,0,0,0.0,0.0,0.0,60.0,9.454797354814254e+37,71.0,0.0,0.0,0.0,1069,0,1070,0,0,0,1069,0,1080,0,1000,0,654,0,656,0,650,0,678,0.032,1.4609821306377965e+22,-0.0,-0.0,23952,16814,-0.0,1.666,0.0,-0.0,0.0,-0.0,50.0,60.0,35,0.0,0.0,10.0,2.0,0.0,0.0,0.0,0.0,0.0,0.0,0.0,0.0,0.0,0.0,0.0,0.0,58.8,44,18,65519,27,65476,316,65476,1,0,4,20529,65476,0,0,30147,60.0,0.0,10.0,10.0,2.0,0.0
2026-02-16T12:31:19,ERR,ERR,ERR,ERR,ERR,ERR,ERR,ERR,ERR,ERR,ERR,ERR,ERR,ERR,ERR,ERR,ERR,ERR,ERR,ERR,ERR,ERR,ERR,ERR,ERR,ERR,ERR,ERR,ERR,ERR,ERR,ERR,ERR,ERR,ERR,ERR,ERR,ERR,ERR,ERR,ERR,ERR,ERR,ERR,ERR,ERR,ERR,ERR,ERR,ERR,ERR,ERR,ERR,ERR,ERR,ERR,ERR,ERR,ERR,ERR,ERR,ERR,ERR,ERR,ERR,ERR,ERR,ERR,ERR,ERR,ERR,ERR,ERR,ERR,ERR,ERR,ERR,ERR,ERR,ERR,ERR,ERR,ERR,ERR,ERR,ERR,ERR,ERR,ERR,ERR,ERR,ERR,ERR,ERR,ERR,ERR,ERR,ERR,ERR,ERR,ERR,ERR,ERR,ERR,ERR,ERR,ERR,ERR,ERR,ERR,ERR,ERR,ERR,ERR,ERR,ERR,ERR,ERR,ERR,ERR,ERR,ERR,ERR,ERR,ERR,0.0,2.7184527190102135e+23,-0.0,0.0,-0.031,-0.192,8.186864405221864e+34,2.9958200330053536e+30,4300,0,8,17169,4300,0.0,41,0.0,0.0,0.0,0.0,0.0,0,0,0,0,0.0,0,0,0,0,0,0,0,0,0,0,0,0,0,0,0,0,0,0,0,0,0,0,0,0,0,0,0,0,0,0,0,0,0,11,37,37,48,65476,416,65476,1,0,4,21553,0.0,2.7183305813883192e+23,0.0,0.0,0.0,0.0,0.0,0.0,0.0,0.0,0.0,0.0,0.0,0.0,0.0,0.0,0.0,0.0,0.0,0.0,0.0,2.004,2.004,-0.0,-0.0,-0.0,0.0,0.0,0.0,0.0,6529.0,-2.004,0.0,0.0,2.7184527190102135e+23,2.7184503771384073e+23,0.0,0.0,0.0,2.004,2.004,226,0.0,0.0,0.0,0.0,0.0,0.0,0.0,0.0,0.0,0,0,0,-2.89704535337665e+30,-3577867008.0,-0.0,-0.0,-0.0,-1.2825238349807616e+16,0.0,-0.0,-1.3709291369902638e+38,-6.741900676368298e+27,-6.977,24089483804672.0,0.0,0.0,0.0,-100.124,0,1.3516416376850534e+27,227,0.0,454,0.0,5.5413446501399e+19,2114,52429,17109,0,17112,0,17096,0,0,0,101,100,100,0.0,65.1,0.0,65.9,-107615248.0,65.0,1,49,50,180,52429,0,0,0,0.0,0.0,0.0,60.0,9.454797354814254e+37,71.0,0.0,0.0,0.0,1069,0,1070,0,0,0,1069,0,1080,0,1000,0,654,0,656,0,650,0,678,0.032,1.4609821306377965e+22,-0.0,-0.0,23952,16814,-0.0,1.666,0.0,-0.0,0.0,-0.0,50.0,60.0,35,0.0,0.0,10.0,2.0,0.0,0.0,0.0,0.0,0.0,0.0,0.0,0.0,0.0,0.0,0.0,0.0,58.8,45,17,65518,27,65476,475,65476,1,0,4,20529,65476,0,0,30147,60.0,0.0,10.0,10.0,2.0,0.0
2026-02-16T12:31:20,ERR,ERR,ERR,ERR,ERR,ERR,ERR,ERR,ERR,ERR,ERR,ERR,ERR,ERR,ERR,ERR,ERR,ERR,ERR,ERR,ERR,ERR,ERR,ERR,ERR,ERR,ERR,ERR,ERR,ERR,ERR,ERR,ERR,ERR,ERR,ERR,ERR,ERR,ERR,ERR,ERR,ERR,ERR,ERR,ERR,ERR,ERR,ERR,ERR,ERR,ERR,ERR,ERR,ERR,ERR,ERR,ERR,ERR,ERR,ERR,ERR,ERR,ERR,ERR,ERR,ERR,ERR,ERR,ERR,ERR,ERR,ERR,ERR,ERR,ERR,ERR,ERR,ERR,ERR,ERR,ERR,ERR,ERR,ERR,ERR,ERR,ERR,ERR,ERR,ERR,ERR,ERR,ERR,ERR,ERR,ERR,ERR,ERR,ERR,ERR,ERR,ERR,ERR,ERR,ERR,ERR,ERR,ERR,ERR,ERR,ERR,ERR,ERR,ERR,ERR,ERR,ERR,ERR,ERR,ERR,ERR,ERR,ERR,ERR,ERR,0.0,2.7184527190102135e+23,-0.0,0.0,-0.031,0.0,0.0,0.0,4300,0,8,17169,4300,0.0,41,0.0,0.0,0.0,0.0,0.0,0,0,0,0,0.0,0,0,0,0,0,0,0,0,0,0,0,0,0,0,0,0,0,0,0,0,0,0,0,0,0,0,0,0,0,0,0,0,0,11,38,37,48,65476,416,65476,1,0,4,21553,0.0,-107610720.0,0.0,0.0,0.0,0.0,0.0,0.0,0.0,0.0,0.0,0.0,0.0,0.0,0.0,0.0,0.0,0.0,0.0,0.0,0.0,2.004,2.004,-0.0,-0.0,-0.0,0.0,0.0,0.0,0.0,6529.0,-0.0,0.0,0.0,2.7184527190102135e+23,2.7184503771384073e+23,0.0,-0.0,0.0,2.004,2.004,226,0.0,0.0,0.0,0.0,0.0,0.0,0.0,0.0,0.0,0,0,0,-0.007,0.0,28211190693888.0,0.0,32671456.0,-0.0,0.0,0.0,2.231010642650543e+30,-7.206128191100315e+27,-7.352,25738751246336.0,0.0,0.0,0.0,-0.0,0,1.3516416376850534e+27,226,0.0,454,0.0,5.5413446501399e+19,2114,52429,17109,0,17112,0,17096,0,0,0,101,100,100,0.0,65.1,0.0,65.9,-107615248.0,65.0,1,49,50,180,52429,0,0,0,0.0,0.0,0.0,60.0,9.454797354814254e+37,71.0,0.0,0.0,0.0,1069,0,1070,0,0,0,1069,0,1080,0,1000,0,654,0,656,0,650,0,678,0.032,1.4609821306377965e+22,-0.0,-0.0,23952,16814,-0.0,1.666,0.0,-0.0,0.0,-0.0,50.0,60.0,35,0.0,0.0,10.0,2.0,0.0,0.0,0.0,0.0,0.0,0.0,0.0,0.0,0.0,0.0,0.0,0.0,58.8,45,17,65518,27,65476,475,65476,1,0,4,20529,65476,0,0,30147,60.0,0.0,10.0,10.0,2.0,0.0
2026-02-16T12:31:21,ERR,ERR,ERR,ERR,ERR,ERR,ERR,ERR,ERR,ERR,ERR,ERR,ERR,ERR,ERR,ERR,ERR,ERR,ERR,ERR,ERR,ERR,ERR,ERR,ERR,ERR,ERR,ERR,ERR,ERR,ERR,ERR,ERR,ERR,ERR,ERR,ERR,ERR,ERR,ERR,ERR,ERR,ERR,ERR,ERR,ERR,ERR,ERR,ERR,ERR,ERR,ERR,ERR,ERR,ERR,ERR,ERR,ERR,ERR,ERR,ERR,ERR,ERR,ERR,ERR,ERR,ERR,ERR,ERR,ERR,ERR,ERR,ERR,ERR,ERR,ERR,ERR,ERR,ERR,ERR,ERR,ERR,ERR,ERR,ERR,ERR,ERR,ERR,ERR,ERR,ERR,ERR,ERR,ERR,ERR,ERR,ERR,ERR,ERR,ERR,ERR,ERR,ERR,ERR,ERR,ERR,ERR,ERR,ERR,ERR,ERR,ERR,ERR,ERR,ERR,ERR,ERR,ERR,ERR,ERR,ERR,ERR,ERR,ERR,ERR,0.0,2.7184527190102135e+23,-0.0,0.0,-0.031,0.0,0.0,0.0,4300,0,8,17169,4300,0.0,41,0.0,0.0,0.0,0.0,0.0,0,0,0,0,0.0,0,0,0,0,0,0,0,0,0,0,0,0,0,0,0,0,0,0,0,0,0,0,0,0,0,0,0,0,0,0,0,0,0,11,38,37,48,65476,416,65476,1,0,4,21553,0.0,-107610720.0,0.0,0.0,0.0,0.0,0.0,0.0,0.0,0.0,0.0,0.0,0.0,0.0,0.0,0.0,0.0,0.0,0.0,0.0,0.0,2.004,2.004,-0.0,-0.0,-0.0,0.0,0.0,0.0,0.0,6529.0,-0.0,0.0,0.0,2.7184527190102135e+23,2.7184503771384073e+23,0.0,-0.0,0.0,2.004,2.004,226,0.0,0.0,0.0,0.0,0.0,0.0,0.0,0.0,0.0,0,0,0,-0.007,0.0,28211190693888.0,0.0,32671456.0,-0.0,0.0,0.0,2.231010642650543e+30,-7.206128191100315e+27,-7.352,25738751246336.0,0.0,0.0,0.0,-0.0,0,1.3516416376850534e+27,226,0.0,454,0.0,5.5413446501399e+19,2114,52429,17109,0,17112,0,17096,0,0,0,101,100,100,0.0,65.1,0.0,65.9,-107615248.0,65.0,1,49,50,180,52429,0,0,0,0.0,0.0,0.0,60.0,-0.0,71.0,0.0,0.0,0.0,1069,0,1070,0,0,0,1069,0,1080,0,1000,0,654,0,656,0,650,0,678,0.032,1.4462247353788288e+22,-0.0,-0.0,20368,16814,-0.0,0.0,-12767498240.0,-3.3359343319784357e+25,-2.739018650361267e+29,0.0,50.0,60.0,35,0.0,0.0,10.0,2.0,0.0,0.0,0.0,0.0,0.0,0.0,0.0,0.0,0.0,0.0,0.0,0.0,58.8,46,17,65517,27,65476,636,65476,1,0,4,20529,65476,0,0,30147,60.0,0.0,10.0,10.0,2.0,0.0
2026-02-16T12:31:22,ERR,ERR,ERR,ERR,ERR,ERR,ERR,ERR,ERR,ERR,ERR,ERR,ERR,ERR,ERR,ERR,ERR,ERR,ERR,ERR,ERR,ERR,ERR,ERR,ERR,ERR,ERR,ERR,ERR,ERR,ERR,ERR,ERR,ERR,ERR,ERR,ERR,ERR,ERR,ERR,ERR,ERR,ERR,ERR,ERR,ERR,ERR,ERR,ERR,ERR,ERR,ERR,ERR,ERR,ERR,ERR,ERR,ERR,ERR,ERR,ERR,ERR,ERR,ERR,ERR,ERR,ERR,ERR,ERR,ERR,ERR,ERR,ERR,ERR,ERR,ERR,ERR,ERR,ERR,ERR,ERR,ERR,ERR,ERR,ERR,ERR,ERR,ERR,ERR,ERR,ERR,ERR,ERR,ERR,ERR,ERR,ERR,ERR,ERR,ERR,ERR,ERR,ERR,ERR,ERR,ERR,ERR,ERR,ERR,ERR,ERR,ERR,ERR,ERR,ERR,ERR,ERR,ERR,ERR,ERR,ERR,ERR,ERR,ERR,ERR,0.0,2.7184527190102135e+23,-0.0,0.0,-0.031,0.0,0.0,0.0,4300,0,8,17169,4300,0.0,41,0.0,0.0,0.0,0.0,0.0,0,0,0,0,0.0,0,0,0,0,0,0,0,0,0,0,0,0,0,0,0,0,0,0,0,0,0,0,0,0,0,0,0,0,0,0,0,0,0,11,38,37,48,65476,416,65476,1,0,4,21553,0.0,-107610720.0,0.0,0.0,0.0,0.0,0.0,0.0,0.0,0.0,0.0,0.0,0.0,0.0,0.0,0.0,0.0,0.0,0.0,0.0,0.0,2.004,2.004,-0.0,-0.0,-0.0,0.0,0.0,0.0,0.0,6529.0,-0.0,0.0,0.0,2.7184527190102135e+23,2.7184503771384073e+23,0.0,-0.0,0.0,2.004,2.004,226,0.0,0.0,0.0,0.0,0.0,0.0,0.0,0.0,0.0,0,0,0,-0.007,0.0,28211190693888.0,0.0,32671456.0,-0.0,0.0,0.0,2.231010642650543e+30,-7.206128191100315e+27,-7.352,25738751246336.0,0.0,0.0,0.0,-0.0,0,1.3516416376850534e+27,226,0.0,454,0.0,5.5413446501399e+19,2114,52429,17109,0,17112,0,17096,0,0,0,101,100,100,0.0,65.1,0.0,65.9,-107615248.0,65.0,1,49,50,180,52429,0,0,0,0.0,0.0,0.0,60.0,-0.0,71.0,0.0,0.0,0.0,1069,0,1070,0,0,0,1069,0,1080,0,1000,0,654,0,656,0,650,0,678,0.032,1.4462247353788288e+22,-0.0,-0.0,20368,16814,-0.0,0.0,-12767498240.0,-3.3359343319784357e+25,-2.739018650361267e+29,0.0,50.0,60.0,35,0.0,0.0,10.0,2.0,0.0,0.0,0.0,0.0,0.0,0.0,0.0,0.0,0.0,0.0,0.0,0.0,58.8,46,17,65517,27,65476,636,65476,1,0,4,20529,65476,0,0,30147,60.0,0.0,10.0,10.0,2.0,0.0
2026-02-16T12:31:23,ERR,ERR,ERR,ERR,ERR,ERR,ERR,ERR,ERR,ERR,ERR,ERR,ERR,ERR,ERR,ERR,ERR,ERR,ERR,ERR,ERR,ERR,ERR,ERR,ERR,ERR,ERR,ERR,ERR,ERR,ERR,ERR,ERR,ERR,ERR,ERR,ERR,ERR,ERR,ERR,ERR,ERR,ERR,ERR,ERR,ERR,ERR,ERR,ERR,ERR,ERR,ERR,ERR,ERR,ERR,ERR,ERR,ERR,ERR,ERR,ERR,ERR,ERR,ERR,ERR,ERR,ERR,ERR,ERR,ERR,ERR,ERR,ERR,ERR,ERR,ERR,ERR,ERR,ERR,ERR,ERR,ERR,ERR,ERR,ERR,ERR,ERR,ERR,ERR,ERR,ERR,ERR,ERR,ERR,ERR,ERR,ERR,ERR,ERR,ERR,ERR,ERR,ERR,ERR,ERR,ERR,ERR,ERR,ERR,ERR,ERR,ERR,ERR,ERR,ERR,ERR,ERR,ERR,ERR,ERR,ERR,ERR,ERR,ERR,ERR,0.0,2.7184527190102135e+23,-0.0,0.0,-0.031,0.0,0.0,0.0,4300,0,8,17169,4300,0.0,41,0.0,0.0,0.0,0.0,0.0,0,0,0,0,0.0,0,0,0,0,0,0,0,0,0,0,0,0,0,0,0,0,0,0,0,0,0,0,0,0,0,0,0,0,0,0,0,0,0,11,38,37,48,65476,416,65476,1,0,4,21553,0.0,-107610720.0,0.0,0.0,0.0,0.0,0.0,0.0,0.0,0.0,0.0,0.0,0.0,0.0,0.0,0.0,0.0,0.0,0.0,0.0,0.0,2.004,2.004,-0.0,-0.0,-0.0,0.0,0.0,0.0,0.0,6529.0,-0.0,0.0,0.0,2.7184527190102135e+23,2.7184503771384073e+23,0.0,-0.0,0.0,2.004,2.004,226,0.0,0.0,0.0,0.0,0.0,0.0,0.0,0.0,0.0,0,0,0,-0.007,0.0,28211190693888.0,0.0,32671456.0,-0.0,0.0,0.0,2.231010642650543e+30,-7.206128191100315e+27,-7.352,25738751246336.0,0.0,0.0,0.0,-0.0,0,1.3516416376850534e+27,226,0.0,454,0.0,5.5413446501399e+19,2114,52429,17109,0,17112,0,17096,0,0,0,101,100,100,0.0,65.1,0.0,65.9,-107615248.0,65.0,1,49,50,180,52429,0,0,0,0.0,0.0,0.0,60.0,-0.0,71.0,0.0,0.0,0.0,1069,0,1070,0,0,0,1069,0,1080,0,1000,0,654,0,656,0,650,0,678,0.032,1.4462247353788288e+22,-0.0,-0.0,20368,16814,-0.0,0.0,-12767498240.0,-3.3359343319784357e+25,-2.739018650361267e+29,0.0,50.0,60.0,35,0.0,0.0,10.0,2.0,0.0,0.0,0.0,0.0,0.0,0.0,0.0,0.0,0.0,0.0,0.0,0.0,58.8,46,17,65517,27,65476,714,65476,1,0,4,20529,65476,0,0,30147,60.0,0.0,10.0,10.0,2.0,0.0
2026-02-16T12:31:24,ERR,ERR,ERR,ERR,ERR,ERR,ERR,ERR,ERR,ERR,ERR,ERR,ERR,ERR,ERR,ERR,ERR,ERR,ERR,ERR,ERR,ERR,ERR,ERR,ERR,ERR,ERR,ERR,ERR,ERR,ERR,ERR,ERR,ERR,ERR,ERR,ERR,ERR,ERR,ERR,ERR,ERR,ERR,ERR,ERR,ERR,ERR,ERR,ERR,ERR,ERR,ERR,ERR,ERR,ERR,ERR,ERR,ERR,ERR,ERR,ERR,ERR,ERR,ERR,ERR,ERR,ERR,ERR,ERR,ERR,ERR,ERR,ERR,ERR,ERR,ERR,ERR,ERR,ERR,ERR,ERR,ERR,ERR,ERR,ERR,ERR,ERR,ERR,ERR,ERR,ERR,ERR,ERR,ERR,ERR,ERR,ERR,ERR,ERR,ERR,ERR,ERR,ERR,ERR,ERR,ERR,ERR,ERR,ERR,ERR,ERR,ERR,ERR,ERR,ERR,ERR,ERR,ERR,ERR,ERR,ERR,ERR,ERR,ERR,ERR,0.0,-0.0,0.0,0.0,0.0,-0.0,2212.436,-1.6112363025125421e+35,4300,0,8,17169,4300,0.0,41,0.0,0.0,0.0,0.0,0.0,0,0,0,0,0.0,0,0,0,0,0,0,0,0,0,0,0,0,0,0,0,0,0,0,0,0,0,0,0,0,0,0,0,0,0,0,0,0,0,11,38,37,48,65476,408,65476,1,0,4,21553,0.0,-107610720.0,0.0,0.0,0.0,0.0,0.0,0.0,0.0,0.0,0.0,0.0,0.0,0.0,0.0,0.0,0.0,0.0,0.0,0.0,0.0,2.004,2.004,-0.0,-2.004,-0.0,0.0,0.0,0.0,0.0,6537.0,-0.0,0.0,0.0,-0.0,-0.0,0.0,0.0,0.0,2.004,2.004,226,1.9056860945658675e+17,0.0,0.0,0.0,0.0,0.0,0.0,0.0,0.0,0,0,0,-19302110.0,0.003,3.7451010734386694e+29,-0.0,6.987834802075286e+33,0.442,2.3083675582798118e+21,138698848.0,-0.0,-7.747726958287669e+27,-7.79,27525457641472.0,0.0,0.0,0.0,-2755.952,0,1.3516416376850534e+27,226,0.0,452,0.0,-20512.51,2112,52429,17109,0,17112,0,17096,0,0,0,101,100,100,0.0,65.1,0.0,65.9,-107615248.0,65.0,1,49,50,180,52429,0,0,0,0.0,0.0,0.0,60.0,5.126167076142602e+37,71.0,0.0,-0.0,0.0,1069,0,1070,0,0,0,1069,0,1080,0,1000,0,654,0,656,0,650,0,678,0.032,1.4462247353788288e+22,-0.0,-0.0,27152,16814,5.126167076142602e+37,-0.0,2.614308725744502e+26,-4.63750968924315e+27,1.47727247260847e+36,-6.061850046243013e+18,50.0,60.0,35,0.0,0.0,10.0,2.0,0.0,0.0,0.0,0.0,0.0,0.0,0.0,0.0,0.0,0.0,0.0,0.0,58.8,44,18,65519,27,65476,824,65476,1,0,4,20529,65476,0,0,30147,60.0,0.0,10.0,10.0,2.0,0.0
2026-02-16T12:31:25,ERR,ERR,ERR,ERR,ERR,ERR,ERR,ERR,ERR,ERR,ERR,ERR,ERR,ERR,ERR,ERR,ERR,ERR,ERR,ERR,ERR,ERR,ERR,ERR,ERR,ERR,ERR,ERR,ERR,ERR,ERR,ERR,ERR,ERR,ERR,ERR,ERR,ERR,ERR,ERR,ERR,ERR,ERR,ERR,ERR,ERR,ERR,ERR,ERR,ERR,ERR,ERR,ERR,ERR,ERR,ERR,ERR,ERR,ERR,ERR,ERR,ERR,ERR,ERR,ERR,ERR,ERR,ERR,ERR,ERR,ERR,ERR,ERR,ERR,ERR,ERR,ERR,ERR,ERR,ERR,ERR,ERR,ERR,ERR,ERR,ERR,ERR,ERR,ERR,ERR,ERR,ERR,ERR,ERR,ERR,ERR,ERR,ERR,ERR,ERR,ERR,ERR,ERR,ERR,ERR,ERR,ERR,ERR,ERR,ERR,ERR,ERR,ERR,ERR,ERR,ERR,ERR,ERR,ERR,ERR,ERR,ERR,ERR,ERR,ERR,0.0,-0.0,0.0,0.0,0.0,-0.0,2212.436,-1.6112363025125421e+35,4300,0,8,17169,4300,0.0,41,0.0,0.0,0.0,0.0,0.0,0,0,0,0,0.0,0,0,0,0,0,0,0,0,0,0,0,0,0,0,0,0,0,0,0,0,0,0,0,0,0,0,0,0,0,0,0,0,0,11,38,37,48,65476,408,65476,1,0,4,21553,0.0,-107610720.0,0.0,0.0,0.0,0.0,0.0,0.0,0.0,0.0,0.0,0.0,0.0,0.0,0.0,0.0,0.0,0.0,0.0,0.0,0.0,2.004,2.004,-0.0,-2.004,-0.0,0.0,0.0,0.0,0.0,6537.0,-0.0,0.0,0.0,-0.0,-0.0,0.0,0.0,0.0,2.004,2.004,226,1.9056860945658675e+17,0.0,0.0,0.0,0.0,0.0,0.0,0.0,0.0,0,0,0,-19302110.0,0.003,3.7451010734386694e+29,-0.0,6.987834802075286e+33,0.442,2.3083675582798118e+21,138698848.0,-0.0,-7.747726958287669e+27,-7.79,27525457641472.0,0.0,0.0,0.0,-2755.952,0,1.3516416376850534e+27,226,0.0,452,0.0,-20512.51,2112,52429,17109,0,17112,0,17096,0,0,0,101,100,100,0.0,65.1,0.0,65.9,-107615248.0,65.0,1,49,50,180,52429,0,0,0,0.0,0.0,0.0,60.0,5.126167076142602e+37,71.0,0.0,-0.0,0.0,1069,0,1070,0,0,0,1069,0,1080,0,1000,0,654,0,656,0,650,0,678,0.032,1.4462247353788288e+22,-0.0,-0.0,27152,16814,5.126167076142602e+37,-0.0,2.614308725744502e+26,-4.63750968924315e+27,1.47727247260847e+36,-6.061850046243013e+18,50.0,60.0,35,0.0,0.0,10.0,2.0,0.0,0.0,0.0,0.0,0.0,0.0,0.0,0.0,0.0,0.0,0.0,0.0,58.8,44,18,65519,27,65476,824,65476,1,0,4,20529,65476,0,0,30147,60.0,0.0,10.0,10.0,2.0,0.0
2026-02-16T12:31:26,ERR,ERR,ERR,ERR,ERR,ERR,ERR,ERR,ERR,ERR,ERR,ERR,ERR,ERR,ERR,ERR,ERR,ERR,ERR,ERR,ERR,ERR,ERR,ERR,ERR,ERR,ERR,ERR,ERR,ERR,ERR,ERR,ERR,ERR,ERR,ERR,ERR,ERR,ERR,ERR,ERR,ERR,ERR,ERR,ERR,ERR,ERR,ERR,ERR,ERR,ERR,ERR,ERR,ERR,ERR,ERR,ERR,ERR,ERR,ERR,ERR,ERR,ERR,ERR,ERR,ERR,ERR,ERR,ERR,ERR,ERR,ERR,ERR,ERR,ERR,ERR,ERR,ERR,ERR,ERR,ERR,ERR,ERR,ERR,ERR,ERR,ERR,ERR,ERR,ERR,ERR,ERR,ERR,ERR,ERR,ERR,ERR,ERR,ERR,ERR,ERR,ERR,ERR,ERR,ERR,ERR,ERR,ERR,ERR,ERR,ERR,ERR,ERR,ERR,ERR,ERR,ERR,ERR,ERR,ERR,ERR,ERR,ERR,ERR,ERR,0.0,-0.0,0.0,0.0,0.0,-0.0,2212.436,-1.6112363025125421e+35,4300,0,8,17169,4300,0.0,41,0.0,0.0,0.0,0.0,0.0,0,0,0,0,0.0,0,0,0,0,0,0,0,0,0,0,0,0,0,0,0,0,0,0,0,0,0,0,0,0,0,0,0,0,0,0,0,0,0,11,38,37,48,65476,408,65476,1,0,4,21553,0.0,-107610720.0,0.0,0.0,0.0,0.0,0.0,0.0,0.0,0.0,0.0,0.0,0.0,0.0,0.0,0.0,0.0,0.0,0.0,0.0,0.0,2.004,2.004,-0.0,-2.004,-0.0,0.0,0.0,0.0,0.0,6537.0,-0.0,0.0,0.0,-0.0,-0.0,0.0,0.0,0.0,2.004,2.004,226,1.9056860945658675e+17,0.0,0.0,0.0,0.0,0.0,0.0,0.0,0.0,0,0,0,-19302110.0,0.003,3.7451010734386694e+29,-0.0,6.987834802075286e+33,0.442,2.3083675582798118e+21,138698848.0,-0.0,-7.747726958287669e+27,-7.79,27525457641472.0,0.0,0.0,0.0,-2755.952,0,1.3516416376850534e+27,226,0.0,452,0.0,-20512.51,2112,52429,17109,0,17112,0,17096,0,0,0,101,100,100,0.0,65.1,0.0,65.9,-107615248.0,65.0,1,49,50,180,52429,0,0,0,0.0,0.0,0.0,60.0,5.126167076142602e+37,71.0,0.0,-0.0,0.0,1069,0,1070,0,0,0,1069,0,1080,0,1000,0,654,0,656,0,650,0,678,0.032,1.4462247353788288e+22,-0.0,-0.0,27152,16814,5.126167076142602e+37,-0.0,2.614308725744502e+26,-4.63750968924315e+27,1.47727247260847e+36,-6.061850046243013e+18,50.0,60.0,35,0.0,0.0,10.0,2.0,0.0,0.0,0.0,0.0,0.0,0.0,0.0,0.0,0.0,0.0,0.0,0.0,58.8,41,21,65522,27,65476,808,65476,1,0,4,20529,65476,0,0,30147,60.0,0.0,10.0,10.0,2.0,0.0
2026-02-16T12:31:27,ERR,ERR,ERR,ERR,ERR,ERR,ERR,ERR,ERR,ERR,ERR,ERR,ERR,ERR,ERR,ERR,ERR,ERR,ERR,ERR,ERR,ERR,ERR,ERR,ERR,ERR,ERR,ERR,ERR,ERR,ERR,ERR,ERR,ERR,ERR,ERR,ERR,ERR,ERR,ERR,ERR,ERR,ERR,ERR,ERR,ERR,ERR,ERR,ERR,ERR,ERR,ERR,ERR,ERR,ERR,ERR,ERR,ERR,ERR,ERR,ERR,ERR,ERR,ERR,ERR,ERR,ERR,ERR,ERR,ERR,ERR,ERR,ERR,ERR,ERR,ERR,ERR,ERR,ERR,ERR,ERR,ERR,ERR,ERR,ERR,ERR,ERR,ERR,ERR,ERR,ERR,ERR,ERR,ERR,ERR,ERR,ERR,ERR,ERR,ERR,ERR,ERR,ERR,ERR,ERR,ERR,ERR,ERR,ERR,ERR,ERR,ERR,ERR,ERR,ERR,ERR,ERR,ERR,ERR,ERR,ERR,ERR,ERR,ERR,ERR,0.0,-0.0,0.0,0.0,0.0,-0.0,2212.436,-1.6112363025125421e+35,4300,0,8,17169,4300,0.0,41,0.0,0.0,0.0,0.0,0.0,0,0,0,0,0.0,0,0,0,0,0,0,0,0,0,0,0,0,0,0,0,0,0,0,0,0,0,0,0,0,0,0,0,0,0,0,0,0,0,11,38,37,48,65476,408,65476,1,0,4,21553,0.0,-107610720.0,0.0,0.0,0.0,0.0,0.0,0.0,0.0,0.0,0.0,0.0,0.0,0.0,0.0,0.0,0.0,0.0,0.0,0.0,0.0,2.004,2.004,-0.0,-2.004,-0.0,0.0,0.0,0.0,0.0,6537.0,-0.0,0.0,0.0,-0.0,-0.0,0.0,0.0,0.0,2.004,2.004,226,1.9056860945658675e+17,0.0,0.0,0.0,0.0,0.0,0.0,0.0,0.0,0,0,0,-19302110.0,0.003,3.7451010734386694e+29,-0.0,6.987834802075286e+33,0.442,2.3083675582798118e+21,138698848.0,-0.0,-7.747726958287669e+27,-7.79,27525457641472.0,0.0,0.0,0.0,-2755.952,0,1.3516416376850534e+27,226,0.0,452,0.0,-20512.51,2112,52429,17109,0,17112,0,17096,0,0,0,101,100,100,0.0,65.1,0.0,65.9,-107615248.0,65.0,1,49,50,180,52429,0,0,0,0.0,0.0,0.0,60.0,1.2702253099925537e+30,71.0,0.0,-0.0,0.0,1069,0,1070,0,0,0,1069,0,1080,0,1000,0,654,0,656,0,650,0,677,0.032,1.4536034330083127e+22,-0.0,-0.0,23696,16814,-0.0,-0.0,3869774970880.0,0.0,5.839689565696919e+20,-23887890.0,50.0,60.0,35,0.0,0.0,10.0,2.0,0.0,0.0,0.0,0.0,0.0,0.0,0.0,0.0,0.0,0.0,0.0,0.0,59.2,37,23,65526,27,65476,808,65476,1,0,4,20529,65476,0,0,30147,60.0,0.0,10.0,10.0,2.0,0.0
2026-02-16T12:31:28,ERR,ERR,ERR,ERR,ERR,ERR,ERR,ERR,ERR,ERR,ERR,ERR,ERR,ERR,ERR,ERR,ERR,ERR,ERR,ERR,ERR,ERR,ERR,ERR,ERR,ERR,ERR,ERR,ERR,ERR,ERR,ERR,ERR,ERR,ERR,ERR,ERR,ERR,ERR,ERR,ERR,ERR,ERR,ERR,ERR,ERR,ERR,ERR,ERR,ERR,ERR,ERR,ERR,ERR,ERR,ERR,ERR,ERR,ERR,ERR,ERR,ERR,ERR,ERR,ERR,ERR,ERR,ERR,ERR,ERR,ERR,ERR,ERR,ERR,ERR,ERR,ERR,ERR,ERR,ERR,ERR,ERR,ERR,ERR,ERR,ERR,ERR,ERR,ERR,ERR,ERR,ERR,ERR,ERR,ERR,ERR,ERR,ERR,ERR,ERR,ERR,ERR,ERR,ERR,ERR,ERR,ERR,ERR,ERR,ERR,ERR,ERR,ERR,ERR,ERR,ERR,ERR,ERR,ERR,ERR,ERR,ERR,ERR,ERR,ERR,0.0,-0.0,0.0,0.0,0.0,-0.0,2212.436,-1.6112363025125421e+35,4300,0,8,17169,4300,0.0,41,0.0,0.0,0.0,0.0,0.0,0,0,0,0,0.0,0,0,0,0,0,0,0,0,0,0,0,0,0,0,0,0,0,0,0,0,0,0,0,0,0,0,0,0,0,0,0,0,0,11,38,37,48,65476,408,65476,1,0,4,21553,0.0,-107610720.0,0.0,0.0,0.0,0.0,0.0,0.0,0.0,0.0,0.0,0.0,0.0,0.0,0.0,0.0,0.0,0.0,0.0,0.0,0.0,2.004,2.004,-0.0,-2.004,-0.0,0.0,0.0,0.0,0.0,6537.0,-0.0,0.0,0.0,-0.0,-0.0,0.0,0.0,0.0,2.004,2.004,226,1.9056860945658675e+17,0.0,0.0,0.0,0.0,0.0,0.0,0.0,0.0,0,0,0,-19302110.0,0.003,3.7451010734386694e+29,-0.0,6.987834802075286e+33,0.442,2.3083675582798118e+21,138698848.0,-0.0,-7.747726958287669e+27,-7.79,27525457641472.0,0.0,0.0,0.0,-2755.952,0,1.3516416376850534e+27,226,0.0,452,0.0,-20512.51,2112,52429,17109,0,17112,0,17096,0,0,0,101,100,100,0.0,65.1,0.0,65.9,-107615248.0,65.0,1,49,50,180,52429,0,0,0,0.0,0.0,0.0,60.0,1.2702253099925537e+30,71.0,0.0,-0.0,0.0,1069,0,1070,0,0,0,1069,0,1080,0,1000,0,654,0,656,0,650,0,677,0.032,1.4536034330083127e+22,-0.0,-0.0,23696,16814,-0.0,-0.0,3869774970880.0,0.0,5.839689565696919e+20,-23887890.0,50.0,60.0,35,0.0,0.0,10.0,2.0,0.0,0.0,0.0,0.0,0.0,0.0,0.0,0.0,0.0,0.0,0.0,0.0,59.2,37,23,65526,27,65476,808,65476,1,0,4,20529,65476,0,0,30147,60.0,0.0,10.0,10.0,2.0,0.0
2026-02-16T12:31:29,ERR,ERR,ERR,ERR,ERR,ERR,ERR,ERR,ERR,ERR,ERR,ERR,ERR,ERR,ERR,ERR,ERR,ERR,ERR,ERR,ERR,ERR,ERR,ERR,ERR,ERR,ERR,ERR,ERR,ERR,ERR,ERR,ERR,ERR,ERR,ERR,ERR,ERR,ERR,ERR,ERR,ERR,ERR,ERR,ERR,ERR,ERR,ERR,ERR,ERR,ERR,ERR,ERR,ERR,ERR,ERR,ERR,ERR,ERR,ERR,ERR,ERR,ERR,ERR,ERR,ERR,ERR,ERR,ERR,ERR,ERR,ERR,ERR,ERR,ERR,ERR,ERR,ERR,ERR,ERR,ERR,ERR,ERR,ERR,ERR,ERR,ERR,ERR,ERR,ERR,ERR,ERR,ERR,ERR,ERR,ERR,ERR,ERR,ERR,ERR,ERR,ERR,ERR,ERR,ERR,ERR,ERR,ERR,ERR,ERR,ERR,ERR,ERR,ERR,ERR,ERR,ERR,ERR,ERR,ERR,ERR,ERR,ERR,ERR,ERR,0.0,-0.0,0.0,0.0,0.0,0.0,-2.851136664415972e+36,-0.0,4300,0,8,17169,4300,0.0,41,0.0,0.0,0.0,0.0,0.0,0,0,0,0,0.0,0,0,0,0,0,0,0,0,0,0,0,0,0,0,0,0,0,0,0,0,0,0,0,0,0,0,0,0,0,0,0,0,0,11,38,37,48,65476,409,65476,1,0,4,21553,0.0,-0.0,0.0,0.0,0.0,0.0,0.0,0.0,0.0,0.0,0.0,0.0,0.0,0.0,0.0,0.0,0.0,0.0,0.0,0.0,0.0,2.004,2.004,-0.0,-2.004,-0.0,0.0,0.0,0.0,0.0,6535.0,-0.0,0.0,0.0,-0.0,-0.0,0.0,0.0,0.0,2.004,2.004,226,0.059,-2.7184278591402704e+23,0.0,0.0,0.0,0.0,0.0,0.0,0.0,0,0,0,-116105535488.0,823567025438720.0,1.760952297351651e+31,-0.0,1.9492485016343826e+34,-0.0,20.659,11561080832.0,-0.0,-8.173268846792019e+27,-8.267,29174725083136.0,0.0,0.0,0.0,-0.0,0,1.3516416376850534e+27,226,0.0,452,0.0,-20512.51,2112,52429,17109,0,17112,0,17096,0,0,0,101,100,100,0.0,65.1,0.0,65.9,-107615248.0,65.0,1,49,50,180,52429,0,0,0,0.0,0.0,0.0,60.0,1.2702253099925537e+30,71.0,0.0,-0.0,0.0,1069,0,1070,0,0,0,1069,0,1080,0,1000,0,654,0,656,0,650,0,677,0.032,1.4536034330083127e+22,-0.0,-0.0,23696,16814,-0.0,-0.0,3869774970880.0,0.0,5.839689565696919e+20,-23887890.0,50.0,60.0,35,0.0,0.0,10.0,2.0,0.0,0.0,0.0,0.0,0.0,0.0,0.0,0.0,0.0,0.0,0.0,0.0,58.8,32,28,65531,27,65476,727,65476,1,0,4,20529,65476,0,0,30147,60.0,0.0,10.0,10.0,2.0,0.0
2026-02-16T12:31:30,ERR,ERR,ERR,ERR,ERR,ERR,ERR,ERR,ERR,ERR,ERR,ERR,ERR,ERR,ERR,ERR,ERR,ERR,ERR,ERR,ERR,ERR,ERR,ERR,ERR,ERR,ERR,ERR,ERR,ERR,ERR,ERR,ERR,ERR,ERR,ERR,ERR,ERR,ERR,ERR,ERR,ERR,ERR,ERR,ERR,ERR,ERR,ERR,ERR,ERR,ERR,ERR,ERR,ERR,ERR,ERR,ERR,ERR,ERR,ERR,ERR,ERR,ERR,ERR,ERR,ERR,ERR,ERR,ERR,ERR,ERR,ERR,ERR,ERR,ERR,ERR,ERR,ERR,ERR,ERR,ERR,ERR,ERR,ERR,ERR,ERR,ERR,ERR,ERR,ERR,ERR,ERR,ERR,ERR,ERR,ERR,ERR,ERR,ERR,ERR,ERR,ERR,ERR,ERR,ERR,ERR,ERR,ERR,ERR,ERR,ERR,ERR,ERR,ERR,ERR,ERR,ERR,ERR,ERR,ERR,ERR,ERR,ERR,ERR,ERR,0.0,-0.0,0.0,0.0,0.0,0.0,-2.851136664415972e+36,-0.0,4300,0,8,17169,4300,0.0,41,0.0,0.0,0.0,0.0,0.0,0,0,0,0,0.0,0,0,0,0,0,0,0,0,0,0,0,0,0,0,0,0,0,0,0,0,0,0,0,0,0,0,0,0,0,0,0,0,0,11,38,37,48,65476,409,65476,1,0,4,21553,0.0,-0.0,0.0,0.0,0.0,0.0,0.0,0.0,0.0,0.0,0.0,0.0,0.0,0.0,0.0,0.0,0.0,0.0,0.0,0.0,0.0,2.004,2.004,-0.0,-2.004,-0.0,0.0,0.0,0.0,0.0,6535.0,-0.0,0.0,0.0,-0.0,-0.0,0.0,0.0,0.0,2.004,2.004,226,0.059,-2.7184278591402704e+23,0.0,0.0,0.0,0.0,0.0,0.0,0.0,0,0,0,-116105535488.0,823567025438720.0,1.760952297351651e+31,-0.0,1.9492485016343826e+34,-0.0,20.659,11561080832.0,-0.0,-8.173268846792019e+27,-8.267,29174725083136.0,0.0,0.0,0.0,-0.0,0,1.3516416376850534e+27,226,0.0,452,0.0,-20512.51,2112,52429,17109,0,17112,0,17096,0,0,0,101,100,100,0.0,65.1,0.0,65.9,-107615248.0,65.0,1,49,50,180,52429,0,0,0,0.0,0.0,0.0,60.0,8.94643711860823e+27,71.0,0.0,-0.0,0.0,1069,0,1069,0,0,0,1069,0,1080,0,1000,0,654,0,656,0,650,0,677,0.032,1.4609821306377965e+22,2.004,2.73023467606737e+23,41488,16814,nan,-0.0,47311896576.0,0.0,3.085076795423195e+18,-461312.281,50.0,60.0,35,0.0,0.0,10.0,2.0,0.0,0.0,0.0,0.0,0.0,0.0,0.0,0.0,0.0,0.0,0.0,0.0,58.8,32,28,65531,27,65476,727,65476,1,0,4,20529,65476,0,0,30147,60.0,0.0,10.0,10.0,2.0,0.0
2026-02-16T12:31:31,ERR,ERR,ERR,ERR,ERR,ERR,ERR,ERR,ERR,ERR,ERR,ERR,ERR,ERR,ERR,ERR,ERR,ERR,ERR,ERR,ERR,ERR,ERR,ERR,ERR,ERR,ERR,ERR,ERR,ERR,ERR,ERR,ERR,ERR,ERR,ERR,ERR,ERR,ERR,ERR,ERR,ERR,ERR,ERR,ERR,ERR,ERR,ERR,ERR,ERR,ERR,ERR,ERR,ERR,ERR,ERR,ERR,ERR,ERR,ERR,ERR,ERR,ERR,ERR,ERR,ERR,ERR,ERR,ERR,ERR,ERR,ERR,ERR,ERR,ERR,ERR,ERR,ERR,ERR,ERR,ERR,ERR,ERR,ERR,ERR,ERR,ERR,ERR,ERR,ERR,ERR,ERR,ERR,ERR,ERR,ERR,ERR,ERR,ERR,ERR,ERR,ERR,ERR,ERR,ERR,ERR,ERR,ERR,ERR,ERR,ERR,ERR,ERR,ERR,ERR,ERR,ERR,ERR,ERR,ERR,ERR,ERR,ERR,ERR,ERR,0.0,-0.0,0.0,0.0,0.0,0.0,-2.851136664415972e+36,-0.0,4300,0,8,17169,4300,0.0,41,0.0,0.0,0.0,0.0,0.0,0,0,0,0,0.0,0,0,0,0,0,0,0,0,0,0,0,0,0,0,0,0,0,0,0,0,0,0,0,0,0,0,0,0,0,0,0,0,0,11,38,37,48,65476,409,65476,1,0,4,21553,0.0,-0.0,0.0,0.0,0.0,0.0,0.0,0.0,0.0,0.0,0.0,0.0,0.0,0.0,0.0,0.0,0.0,0.0,0.0,0.0,0.0,2.004,2.004,-0.0,-2.004,-0.0,0.0,0.0,0.0,0.0,6535.0,-0.0,0.0,0.0,-0.0,-0.0,0.0,0.0,0.0,2.004,2.004,226,0.059,-2.7184278591402704e+23,0.0,0.0,0.0,0.0,0.0,0.0,0.0,0,0,0,-116105535488.0,823567025438720.0,1.760952297351651e+31,-0.0,1.9492485016343826e+34,-0.0,20.659,11561080832.0,-0.0,-8.173268846792019e+27,-8.267,29174725083136.0,0.0,0.0,0.0,-0.0,0,1.3516416376850534e+27,226,0.0,452,0.0,-20512.51,2112,52429,17109,0,17112,0,17096,0,0,0,101,100,100,0.0,65.1,0.0,65.9,-107615248.0,65.0,1,49,50,180,52429,0,0,0,0.0,0.0,0.0,60.0,8.94643711860823e+27,71.0,0.0,-0.0,0.0,1069,0,1069,0,0,0,1069,0,1080,0,1000,0,654,0,656,0,650,0,677,0.032,1.4609821306377965e+22,2.004,2.73023467606737e+23,41488,16814,nan,-0.0,47311896576.0,0.0,3.085076795423195e+18,-461312.281,50.0,60.0,35,0.0,0.0,10.0,2.0,0.0,0.0,0.0,0.0,0.0,0.0,0.0,0.0,0.0,0.0,0.0,0.0,58.8,30,30,65533,27,65476,689,65476,1,0,4,20529,65476,0,0,30147,60.0,0.0,10.0,10.0,2.0,0.0
2026-02-16T12:31:32,ERR,ERR,ERR,ERR,ERR,ERR,ERR,ERR,ERR,ERR,ERR,ERR,ERR,ERR,ERR,ERR,ERR,ERR,ERR,ERR,ERR,ERR,ERR,ERR,ERR,ERR,ERR,ERR,ERR,ERR,ERR,ERR,ERR,ERR,ERR,ERR,ERR,ERR,ERR,ERR,ERR,ERR,ERR,ERR,ERR,ERR,ERR,ERR,ERR,ERR,ERR,ERR,ERR,ERR,ERR,ERR,ERR,ERR,ERR,ERR,ERR,ERR,ERR,ERR,ERR,ERR,ERR,ERR,ERR,ERR,ERR,ERR,ERR,ERR,ERR,ERR,ERR,ERR,ERR,ERR,ERR,ERR,ERR,ERR,ERR,ERR,ERR,ERR,ERR,ERR,ERR,ERR,ERR,ERR,ERR,ERR,ERR,ERR,ERR,ERR,ERR,ERR,ERR,ERR,ERR,ERR,ERR,ERR,ERR,ERR,ERR,ERR,ERR,ERR,ERR,ERR,ERR,ERR,ERR,ERR,ERR,ERR,ERR,ERR,ERR,0.0,-0.0,0.0,0.0,0.0,0.0,-2.851136664415972e+36,-0.0,4300,0,8,17169,4300,0.0,41,0.0,0.0,0.0,0.0,0.0,0,0,0,0,0.0,0,0,0,0,0,0,0,0,0,0,0,0,0,0,0,0,0,0,0,0,0,0,0,0,0,0,0,0,0,0,0,0,0,11,38,37,48,65476,409,65476,1,0,4,21553,0.0,-0.0,0.0,0.0,0.0,0.0,0.0,0.0,0.0,0.0,0.0,0.0,0.0,0.0,0.0,0.0,0.0,0.0,0.0,0.0,0.0,2.004,2.004,-0.0,-2.004,-0.0,0.0,0.0,0.0,0.0,6535.0,-0.0,0.0,0.0,-0.0,-0.0,0.0,0.0,0.0,2.004,2.004,226,0.059,-2.7184278591402704e+23,0.0,0.0,0.0,0.0,0.0,0.0,0.0,0,0,0,-116105535488.0,823567025438720.0,1.760952297351651e+31,-0.0,1.9492485016343826e+34,-0.0,20.659,11561080832.0,-0.0,-8.173268846792019e+27,-8.267,29174725083136.0,0.0,0.0,0.0,-0.0,0,1.3516416376850534e+27,226,0.0,452,0.0,-20512.51,2112,52429,17109,0,17112,0,17096,0,0,0,101,100,100,0.0,65.1,0.0,65.9,-107615248.0,65.0,1,49,50,180,52429,0,0,0,0.0,0.0,0.0,60.0,8.94643711860823e+27,71.0,0.0,-0.0,0.0,1069,0,1069,0,0,0,1069,0,1080,0,1000,0,654,0,656,0,650,0,677,0.032,1.4609821306377965e+22,2.004,2.73023467606737e+23,41488,16814,nan,-0.0,47311896576.0,0.0,3.085076795423195e+18,-461312.281,50.0,60.0,35,0.0,0.0,10.0,2.0,0.0,0.0,0.0,0.0,0.0,0.0,0.0,0.0,0.0,0.0,0.0,0.0,58.8,25,35,2,27,65476,608,65476,1,0,4,20529,65476,0,0,30147,60.0,0.0,10.0,10.0,2.0,0.0
2026-02-16T12:31:33,ERR,ERR,ERR,ERR,ERR,ERR,ERR,ERR,ERR,ERR,ERR,ERR,ERR,ERR,ERR,ERR,ERR,ERR,ERR,ERR,ERR,ERR,ERR,ERR,ERR,ERR,ERR,ERR,ERR,ERR,ERR,ERR,ERR,ERR,ERR,ERR,ERR,ERR,ERR,ERR,ERR,ERR,ERR,ERR,ERR,ERR,ERR,ERR,ERR,ERR,ERR,ERR,ERR,ERR,ERR,ERR,ERR,ERR,ERR,ERR,ERR,ERR,ERR,ERR,ERR,ERR,ERR,ERR,ERR,ERR,ERR,ERR,ERR,ERR,ERR,ERR,ERR,ERR,ERR,ERR,ERR,ERR,ERR,ERR,ERR,ERR,ERR,ERR,ERR,ERR,ERR,ERR,ERR,ERR,ERR,ERR,ERR,ERR,ERR,ERR,ERR,ERR,ERR,ERR,ERR,ERR,ERR,ERR,ERR,ERR,ERR,ERR,ERR,ERR,ERR,ERR,ERR,ERR,ERR,ERR,ERR,ERR,ERR,ERR,ERR,0.0,-0.0,0.0,0.0,0.0,0.0,-2.851136664415972e+36,-0.0,4300,0,8,17169,4300,0.0,41,0.0,0.0,0.0,0.0,0.0,0,0,0,0,0.0,0,0,0,0,0,0,0,0,0,0,0,0,0,0,0,0,0,0,0,0,0,0,0,0,0,0,0,0,0,0,0,0,0,11,38,37,48,65476,409,65476,1,0,4,21553,0.0,-0.0,0.0,0.0,0.0,0.0,0.0,0.0,0.0,0.0,0.0,0.0,0.0,0.0,0.0,0.0,0.0,0.0,0.0,0.0,0.0,2.004,2.004,-0.0,-2.004,-0.0,0.0,0.0,0.0,0.0,6535.0,-0.0,0.0,0.0,-0.0,-0.0,0.0,0.0,0.0,2.004,2.004,226,0.059,-2.7184278591402704e+23,0.0,0.0,0.0,0.0,0.0,0.0,0.0,0,0,0,-116105535488.0,823567025438720.0,1.760952297351651e+31,-0.0,1.9492485016343826e+34,-0.0,20.659,11561080832.0,-0.0,-8.173268846792019e+27,-8.267,29174725083136.0,0.0,0.0,0.0,-0.0,0,1.3516416376850534e+27,226,0.0,452,0.0,-20512.51,2112,52429,17109,0,17112,0,17096,0,0,0,101,100,100,0.0,65.1,0.0,65.9,-107615248.0,65.0,1,49,50,180,52429,0,0,0,0.0,0.0,0.0,60.0,8.94643711860823e+27,71.0,0.0,-0.0,0.0,1069,0,1069,0,0,0,1069,0,1080,0,1000,0,654,0,656,0,650,0,677,0.032,1.4609821306377965e+22,2.004,2.73023467606737e+23,41488,16814,nan,-0.0,47311896576.0,0.0,3.085076795423195e+18,-461312.281,50.0,60.0,35,0.0,0.0,10.0,2.0,0.0,0.0,0.0,0.0,0.0,0.0,0.0,0.0,0.0,0.0,0.0,0.0,58.8,25,35,2,27,65476,608,65476,1,0,4,20529,65476,0,0,30147,60.0,0.0,10.0,10.0,2.0,0.0
2026-02-16T12:31:34,ERR,ERR,ERR,ERR,ERR,ERR,ERR,ERR,ERR,ERR,ERR,ERR,ERR,ERR,ERR,ERR,ERR,ERR,ERR,ERR,ERR,ERR,ERR,ERR,ERR,ERR,ERR,ERR,ERR,ERR,ERR,ERR,ERR,ERR,ERR,ERR,ERR,ERR,ERR,ERR,ERR,ERR,ERR,ERR,ERR,ERR,ERR,ERR,ERR,ERR,ERR,ERR,ERR,ERR,ERR,ERR,ERR,ERR,ERR,ERR,ERR,ERR,ERR,ERR,ERR,ERR,ERR,ERR,ERR,ERR,ERR,ERR,ERR,ERR,ERR,ERR,ERR,ERR,ERR,ERR,ERR,ERR,ERR,ERR,ERR,ERR,ERR,ERR,ERR,ERR,ERR,ERR,ERR,ERR,ERR,ERR,ERR,ERR,ERR,ERR,ERR,ERR,ERR,ERR,ERR,ERR,ERR,ERR,ERR,ERR,ERR,ERR,ERR,ERR,ERR,ERR,ERR,ERR,ERR,ERR,ERR,ERR,ERR,ERR,ERR,0.0,-0.0,0.0,0.0,0.0,-0.0,1.617667765993569e+24,-1.0581067712918532e+23,4300,0,8,17169,4300,0.0,41,0.0,0.0,0.0,0.0,0.0,0,0,0,0,0.0,0,0,0,0,0,0,0,0,0,0,0,0,0,0,0,0,0,0,0,0,0,0,0,0,0,0,0,0,0,0,0,0,0,11,38,37,48,65476,410,65476,1,0,4,21553,0.0,-0.0,0.0,0.0,0.0,0.0,0.0,0.0,0.0,0.0,0.0,0.0,0.0,0.0,0.0,0.0,0.0,0.0,0.0,0.0,0.0,2.004,2.004,-0.0,-3.697074863047967e+19,-2.004,0.0,0.0,0.0,0.0,6531.0,0.0,0.0,0.0,-0.0,-107616248.0,0.0,0.0,0.0,2.004,2.004,228,0.0,-0.0,0.0,0.0,0.0,0.0,0.0,0.0,0.0,0,0,0,-6280.429,-0.0,3.6066760956447818e+19,1.5692605338537516e+27,1.2770090626418764e+26,8.728251505506779e+18,-1.8542393967214433e+32,3041264896.0,-0.0,-8.676181987751704e+27,-9.142,30961431478272.0,0.0,0.0,0.0,-1.3563858451129064e+27,0,1.3516416376850534e+27,228,0.0,456,2.40156025918058e+36,599251620986880.0,2112,52429,17109,0,17112,0,17096,0,0,0,101,100,100,0.0,65.1,0.0,65.9,-107615248.0,65.0,1,49,50,180,52429,0,0,0,0.0,0.0,0.0,60.0,-0.0,71.0,0.0,2.754,0.0,1069,0,1069,0,0,0,1069,0,1080,0,1000,0,654,0,656,0,650,0,677,0.032,1.4536034330083127e+22,2.004,2.73023467606737e+23,29840,16814,-0.0,2.754,0.0,-0.0,0.0,-0.0,50.0,60.0,35,0.0,0.0,10.0,2.0,0.0,0.0,0.0,0.0,0.0,0.0,0.0,0.0,0.0,0.0,0.0,0.0,59.2,22,38,5,27,65476,548,65476,1,0,4,20529,65476,0,0,30147,60.0,0.0,10.0,10.0,2.0,0.0
2026-02-16T12:31:35,ERR,ERR,ERR,ERR,ERR,ERR,ERR,ERR,ERR,ERR,ERR,ERR,ERR,ERR,ERR,ERR,ERR,ERR,ERR,ERR,ERR,ERR,ERR,ERR,ERR,ERR,ERR,ERR,ERR,ERR,ERR,ERR,ERR,ERR,ERR,ERR,ERR,ERR,ERR,ERR,ERR,ERR,ERR,ERR,ERR,ERR,ERR,ERR,ERR,ERR,ERR,ERR,ERR,ERR,ERR,ERR,ERR,ERR,ERR,ERR,ERR,ERR,ERR,ERR,ERR,ERR,ERR,ERR,ERR,ERR,ERR,ERR,ERR,ERR,ERR,ERR,ERR,ERR,ERR,ERR,ERR,ERR,ERR,ERR,ERR,ERR,ERR,ERR,ERR,ERR,ERR,ERR,ERR,ERR,ERR,ERR,ERR,ERR,ERR,ERR,ERR,ERR,ERR,ERR,ERR,ERR,ERR,ERR,ERR,ERR,ERR,ERR,ERR,ERR,ERR,ERR,ERR,ERR,ERR,ERR,ERR,ERR,ERR,ERR,ERR,0.0,-0.0,0.0,0.0,0.0,-0.0,1.617667765993569e+24,-1.0581067712918532e+23,4300,0,8,17169,4300,0.0,41,0.0,0.0,0.0,0.0,0.0,0,0,0,0,0.0,0,0,0,0,0,0,0,0,0,0,0,0,0,0,0,0,0,0,0,0,0,0,0,0,0,0,0,0,0,0,0,0,0,11,38,37,48,65476,410,65476,1,0,4,21553,0.0,-0.0,0.0,0.0,0.0,0.0,0.0,0.0,0.0,0.0,0.0,0.0,0.0,0.0,0.0,0.0,0.0,0.0,0.0,0.0,0.0,2.004,2.004,-0.0,-3.697074863047967e+19,-2.004,0.0,0.0,0.0,0.0,6531.0,0.0,0.0,0.0,-0.0,-107616248.0,0.0,0.0,0.0,2.004,2.004,228,0.0,-0.0,0.0,0.0,0.0,0.0,0.0,0.0,0.0,0,0,0,-6280.429,-0.0,3.6066760956447818e+19,1.5692605338537516e+27,1.2770090626418764e+26,8.728251505506779e+18,-1.8542393967214433e+32,3041264896.0,-0.0,-8.676181987751704e+27,-9.142,30961431478272.0,0.0,0.0,0.0,-1.3563858451129064e+27,0,1.3516416376850534e+27,228,0.0,456,2.40156025918058e+36,599251620986880.0,2112,52429,17109,0,17112,0,17096,0,0,0,101,100,100,0.0,65.1,0.0,65.9,-107615248.0,65.0,1,49,50,180,52429,0,0,0,0.0,0.0,0.0,60.0,-0.0,71.0,0.0,2.754,0.0,1069,0,1069,0,0,0,1069,0,1080,0,1000,0,654,0,656,0,650,0,677,0.032,1.4536034330083127e+22,2.004,2.73023467606737e+23,29840,16814,-0.0,2.754,0.0,-0.0,0.0,-0.0,50.0,60.0,35,0.0,0.0,10.0,2.0,0.0,0.0,0.0,0.0,0.0,0.0,0.0,0.0,0.0,0.0,0.0,0.0,58.8,21,39,6,27,65476,472,65476,1,0,4,20529,65476,0,0,30147,60.0,0.0,10.0,10.0,2.0,0.0
2026-02-16T12:31:36,ERR,ERR,ERR,ERR,ERR,ERR,ERR,ERR,ERR,ERR,ERR,ERR,ERR,ERR,ERR,ERR,ERR,ERR,ERR,ERR,ERR,ERR,ERR,ERR,ERR,ERR,ERR,ERR,ERR,ERR,ERR,ERR,ERR,ERR,ERR,ERR,ERR,ERR,ERR,ERR,ERR,ERR,ERR,ERR,ERR,ERR,ERR,ERR,ERR,ERR,ERR,ERR,ERR,ERR,ERR,ERR,ERR,ERR,ERR,ERR,ERR,ERR,ERR,ERR,ERR,ERR,ERR,ERR,ERR,ERR,ERR,ERR,ERR,ERR,ERR,ERR,ERR,ERR,ERR,ERR,ERR,ERR,ERR,ERR,ERR,ERR,ERR,ERR,ERR,ERR,ERR,ERR,ERR,ERR,ERR,ERR,ERR,ERR,ERR,ERR,ERR,ERR,ERR,ERR,ERR,ERR,ERR,ERR,ERR,ERR,ERR,ERR,ERR,ERR,ERR,ERR,ERR,ERR,ERR,ERR,ERR,ERR,ERR,ERR,ERR,0.0,-0.0,0.0,0.0,0.0,-0.0,1.617667765993569e+24,-1.0581067712918532e+23,4300,0,8,17169,4300,0.0,41,0.0,0.0,0.0,0.0,0.0,0,0,0,0,0.0,0,0,0,0,0,0,0,0,0,0,0,0,0,0,0,0,0,0,0,0,0,0,0,0,0,0,0,0,0,0,0,0,0,11,38,37,48,65476,410,65476,1,0,4,21553,0.0,-0.0,0.0,0.0,0.0,0.0,0.0,0.0,0.0,0.0,0.0,0.0,0.0,0.0,0.0,0.0,0.0,0.0,0.0,0.0,0.0,2.004,2.004,-0.0,-3.697074863047967e+19,-2.004,0.0,0.0,0.0,0.0,6531.0,0.0,0.0,0.0,-0.0,-107616248.0,0.0,0.0,0.0,2.004,2.004,228,0.0,-0.0,0.0,0.0,0.0,0.0,0.0,0.0,0.0,0,0,0,-6280.429,-0.0,3.6066760956447818e+19,1.5692605338537516e+27,1.2770090626418764e+26,8.728251505506779e+18,-1.8542393967214433e+32,3041264896.0,-0.0,-8.676181987751704e+27,-9.142,30961431478272.0,0.0,0.0,0.0,-1.3563858451129064e+27,0,1.3516416376850534e+27,228,0.0,456,2.40156025918058e+36,599251620986880.0,2112,52429,17109,0,17112,0,17096,0,0,0,101,100,100,0.0,65.1,0.0,65.9,-107615248.0,65.0,1,49,50,180,52429,0,0,0,0.0,0.0,0.0,60.0,-0.0,71.0,0.0,2.754,0.0,1069,0,1069,0,0,0,1069,0,1080,0,1000,0,654,0,656,0,650,0,677,0.032,1.4536034330083127e+22,2.004,2.73023467606737e+23,29840,16814,-0.0,2.754,0.0,-0.0,0.0,-0.0,50.0,60.0,35,0.0,0.0,10.0,2.0,0.0,0.0,0.0,0.0,0.0,0.0,0.0,0.0,0.0,0.0,0.0,0.0,58.8,21,39,6,27,65476,472,65476,1,0,4,20529,65476,0,0,30147,60.0,0.0,10.0,10.0,2.0,0.0
2026-02-16T12:31:37,ERR,ERR,ERR,ERR,ERR,ERR,ERR,ERR,ERR,ERR,ERR,ERR,ERR,ERR,ERR,ERR,ERR,ERR,ERR,ERR,ERR,ERR,ERR,ERR,ERR,ERR,ERR,ERR,ERR,ERR,ERR,ERR,ERR,ERR,ERR,ERR,ERR,ERR,ERR,ERR,ERR,ERR,ERR,ERR,ERR,ERR,ERR,ERR,ERR,ERR,ERR,ERR,ERR,ERR,ERR,ERR,ERR,ERR,ERR,ERR,ERR,ERR,ERR,ERR,ERR,ERR,ERR,ERR,ERR,ERR,ERR,ERR,ERR,ERR,ERR,ERR,ERR,ERR,ERR,ERR,ERR,ERR,ERR,ERR,ERR,ERR,ERR,ERR,ERR,ERR,ERR,ERR,ERR,ERR,ERR,ERR,ERR,ERR,ERR,ERR,ERR,ERR,ERR,ERR,ERR,ERR,ERR,ERR,ERR,ERR,ERR,ERR,ERR,ERR,ERR,ERR,ERR,ERR,ERR,ERR,ERR,ERR,ERR,ERR,ERR,0.0,-0.0,0.0,0.0,0.0,-0.0,1.617667765993569e+24,-1.0581067712918532e+23,4300,0,8,17169,4300,0.0,41,0.0,0.0,0.0,0.0,0.0,0,0,0,0,0.0,0,0,0,0,0,0,0,0,0,0,0,0,0,0,0,0,0,0,0,0,0,0,0,0,0,0,0,0,0,0,0,0,0,11,38,37,48,65476,410,65476,1,0,4,21553,0.0,-0.0,0.0,0.0,0.0,0.0,0.0,0.0,0.0,0.0,0.0,0.0,0.0,0.0,0.0,0.0,0.0,0.0,0.0,0.0,0.0,2.004,2.004,-0.0,-3.697074863047967e+19,-2.004,0.0,0.0,0.0,0.0,6531.0,0.0,0.0,0.0,-0.0,-107616248.0,0.0,0.0,0.0,2.004,2.004,228,0.0,-0.0,0.0,0.0,0.0,0.0,0.0,0.0,0.0,0,0,0,-6280.429,-0.0,3.6066760956447818e+19,1.5692605338537516e+27,1.2770090626418764e+26,8.728251505506779e+18,-1.8542393967214433e+32,3041264896.0,-0.0,-8.676181987751704e+27,-9.142,30961431478272.0,0.0,0.0,0.0,-1.3563858451129064e+27,0,1.3516416376850534e+27,228,0.0,456,2.40156025918058e+36,599251620986880.0,2112,52429,17109,0,17112,0,17096,0,0,0,101,100,100,0.0,65.1,0.0,65.9,-107615248.0,65.0,1,49,50,180,52429,0,0,0,0.0,0.0,0.0,60.0,1.2385452372220859e+33,71.0,0.0,0.0,0.0,1069,0,1069,0,0,0,1069,0,1080,0,1000,0,654,0,656,0,650,0,677,0.032,1.4536034330083127e+22,2.004,2.73023467606737e+23,15888,16814,1.1157552289595449e+29,0.0,-4744.017,-0.0,-0.015,55364849664.0,50.0,60.0,35,0.0,0.0,10.0,2.0,0.0,0.0,0.0,0.0,0.0,0.0,0.0,0.0,0.0,0.0,0.0,0.0,58.8,20,40,7,27,65476,430,65476,1,0,4,20529,65476,0,0,30147,60.0,0.0,10.0,10.0,2.0,0.0
2026-02-16T12:31:38,ERR,ERR,ERR,ERR,ERR,ERR,ERR,ERR,ERR,ERR,ERR,ERR,ERR,ERR,ERR,ERR,ERR,ERR,ERR,ERR,ERR,ERR,ERR,ERR,ERR,ERR,ERR,ERR,ERR,ERR,ERR,ERR,ERR,ERR,ERR,ERR,ERR,ERR,ERR,ERR,ERR,ERR,ERR,ERR,ERR,ERR,ERR,ERR,ERR,ERR,ERR,ERR,ERR,ERR,ERR,ERR,ERR,ERR,ERR,ERR,ERR,ERR,ERR,ERR,ERR,ERR,ERR,ERR,ERR,ERR,ERR,ERR,ERR,ERR,ERR,ERR,ERR,ERR,ERR,ERR,ERR,ERR,ERR,ERR,ERR,ERR,ERR,ERR,ERR,ERR,ERR,ERR,ERR,ERR,ERR,ERR,ERR,ERR,ERR,ERR,ERR,ERR,ERR,ERR,ERR,ERR,ERR,ERR,ERR,ERR,ERR,ERR,ERR,ERR,ERR,ERR,ERR,ERR,ERR,ERR,ERR,ERR,ERR,ERR,ERR,0.0,-0.0,0.0,0.0,0.0,-0.0,1.617667765993569e+24,-1.0581067712918532e+23,4300,0,8,17169,4300,0.0,41,0.0,0.0,0.0,0.0,0.0,0,0,0,0,0.0,0,0,0,0,0,0,0,0,0,0,0,0,0,0,0,0,0,0,0,0,0,0,0,0,0,0,0,0,0,0,0,0,0,11,38,37,48,65476,410,65476,1,0,4,21553,0.0,-0.0,0.0,0.0,0.0,0.0,0.0,0.0,0.0,0.0,0.0,0.0,0.0,0.0,0.0,0.0,0.0,0.0,0.0,0.0,0.0,2.004,2.004,-0.0,-3.697074863047967e+19,-2.004,0.0,0.0,0.0,0.0,6531.0,0.0,0.0,0.0,-0.0,-107616248.0,0.0,0.0,0.0,2.004,2.004,228,0.0,-0.0,0.0,0.0,0.0,0.0,0.0,0.0,0.0,0,0,0,-6280.429,-0.0,3.6066760956447818e+19,1.5692605338537516e+27,1.2770090626418764e+26,8.728251505506779e+18,-1.8542393967214433e+32,3041264896.0,-0.0,-8.676181987751704e+27,-9.142,30961431478272.0,0.0,0.0,0.0,-1.3563858451129064e+27,0,1.3516416376850534e+27,228,0.0,456,2.40156025918058e+36,599251620986880.0,2112,52429,17109,0,17112,0,17096,0,0,0,101,100,100,0.0,65.1,0.0,65.9,-107615248.0,65.0,1,49,50,180,52429,0,0,0,0.0,0.0,0.0,60.0,1.2385452372220859e+33,71.0,0.0,0.0,0.0,1069,0,1069,0,0,0,1069,0,1080,0,1000,0,654,0,656,0,650,0,677,0.032,1.4536034330083127e+22,2.004,2.73023467606737e+23,15888,16814,1.1157552289595449e+29,0.0,-4744.017,-0.0,-0.015,55364849664.0,50.0,60.0,35,0.0,0.0,10.0,2.0,0.0,0.0,0.0,0.0,0.0,0.0,0.0,0.0,0.0,0.0,0.0,0.0,58.8,20,40,7,27,65476,430,65476,1,0,4,20529,65476,0,0,30147,60.0,0.0,10.0,10.0,2.0,0.0
2026-02-16T12:31:39,ERR,ERR,ERR,ERR,ERR,ERR,ERR,ERR,ERR,ERR,ERR,ERR,ERR,ERR,ERR,ERR,ERR,ERR,ERR,ERR,ERR,ERR,ERR,ERR,ERR,ERR,ERR,ERR,ERR,ERR,ERR,ERR,ERR,ERR,ERR,ERR,ERR,ERR,ERR,ERR,ERR,ERR,ERR,ERR,ERR,ERR,ERR,ERR,ERR,ERR,ERR,ERR,ERR,ERR,ERR,ERR,ERR,ERR,ERR,ERR,ERR,ERR,ERR,ERR,ERR,ERR,ERR,ERR,ERR,ERR,ERR,ERR,ERR,ERR,ERR,ERR,ERR,ERR,ERR,ERR,ERR,ERR,ERR,ERR,ERR,ERR,ERR,ERR,ERR,ERR,ERR,ERR,ERR,ERR,ERR,ERR,ERR,ERR,ERR,ERR,ERR,ERR,ERR,ERR,ERR,ERR,ERR,ERR,ERR,ERR,ERR,ERR,ERR,ERR,ERR,ERR,ERR,ERR,ERR,ERR,ERR,ERR,ERR,ERR,ERR,0.0,-0.0,0.0,0.0,0.0,0.0,-2.406929552647516e+25,-0.0,4300,0,8,17169,4300,0.0,41,0.0,0.0,0.0,0.0,0.0,0,0,0,0,0.0,0,0,0,0,0,0,0,0,0,0,0,0,0,0,0,0,0,0,0,0,0,0,0,0,0,0,0,0,0,0,0,0,0,10,38,37,48,65476,410,65476,1,0,4,21553,0.0,-0.0,0.0,0.0,0.0,0.0,0.0,0.0,0.0,0.0,0.0,0.0,0.0,0.0,0.0,0.0,0.0,0.0,0.0,0.0,0.0,2.004,2.004,-0.0,-3.697074863047967e+19,-3.69707618246192e+19,0.0,0.0,0.0,0.0,6501.0,-564148987494400.0,0.0,0.0,-0.0,-107616248.0,107616272.0,0.0,0.0,2.004,2.004,228,0.0,2.3088382548096162e+20,0.0,0.0,0.0,0.0,0.0,0.0,0.0,0,0,0,-2873323264.0,7.439829983691117e+34,3.7643192160773557e+28,-9.27376353877036e+36,6.846473326448941e+29,-3.2545761755030766e+27,1.6627315156999775e+21,-1.055901560971375e+31,7.424455441533089e+31,-9.17909512871139e+27,-9.892,32748137873408.0,0.0,0.0,0.0,0.0,0,1.3516416376850534e+27,228,0.0,456,-621855232.0,5.6142779363101766e+35,2112,52429,17109,0,17112,0,17096,0,0,0,101,100,100,0.0,65.1,0.0,65.9,-107615248.0,65.0,1,49,50,180,52429,0,0,0,0.0,0.0,0.0,60.0,1.2385452372220859e+33,71.0,0.0,0.0,0.0,1069,0,1069,0,0,0,1069,0,1080,0,1000,0,654,0,656,0,650,0,677,0.032,1.4536034330083127e+22,2.004,2.73023467606737e+23,15888,16814,1.1157552289595449e+29,0.0,-4744.017,-0.0,-0.015,55364849664.0,50.0,60.0,35,0.0,0.0,10.0,2.0,0.0,0.0,0.0,0.0,0.0,0.0,0.0,0.0,0.0,0.0,0.0,0.0,59.2,20,40,7,27,65476,379,65476,1,0,4,20529,65476,0,0,30147,60.0,0.0,10.0,10.0,2.0,0.0
2026-02-16T12:31:40,ERR,ERR,ERR,ERR,ERR,ERR,ERR,ERR,ERR,ERR,ERR,ERR,ERR,ERR,ERR,ERR,ERR,ERR,ERR,ERR,ERR,ERR,ERR,ERR,ERR,ERR,ERR,ERR,ERR,ERR,ERR,ERR,ERR,ERR,ERR,ERR,ERR,ERR,ERR,ERR,ERR,ERR,ERR,ERR,ERR,ERR,ERR,ERR,ERR,ERR,ERR,ERR,ERR,ERR,ERR,ERR,ERR,ERR,ERR,ERR,ERR,ERR,ERR,ERR,ERR,ERR,ERR,ERR,ERR,ERR,ERR,ERR,ERR,ERR,ERR,ERR,ERR,ERR,ERR,ERR,ERR,ERR,ERR,ERR,ERR,ERR,ERR,ERR,ERR,ERR,ERR,ERR,ERR,ERR,ERR,ERR,ERR,ERR,ERR,ERR,ERR,ERR,ERR,ERR,ERR,ERR,ERR,ERR,ERR,ERR,ERR,ERR,ERR,ERR,ERR,ERR,ERR,ERR,ERR,ERR,ERR,ERR,ERR,ERR,ERR,0.0,-0.0,0.0,0.0,0.0,0.0,-2.406929552647516e+25,-0.0,4300,0,8,17169,4300,0.0,41,0.0,0.0,0.0,0.0,0.0,0,0,0,0,0.0,0,0,0,0,0,0,0,0,0,0,0,0,0,0,0,0,0,0,0,0,0,0,0,0,0,0,0,0,0,0,0,0,0,10,38,37,48,65476,410,65476,1,0,4,21553,0.0,-0.0,0.0,0.0,0.0,0.0,0.0,0.0,0.0,0.0,0.0,0.0,0.0,0.0,0.0,0.0,0.0,0.0,0.0,0.0,0.0,2.004,2.004,-0.0,-3.697074863047967e+19,-3.69707618246192e+19,0.0,0.0,0.0,0.0,6501.0,-564148987494400.0,0.0,0.0,-0.0,-107616248.0,107616272.0,0.0,0.0,2.004,2.004,228,0.0,2.3088382548096162e+20,0.0,0.0,0.0,0.0,0.0,0.0,0.0,0,0,0,-2873323264.0,7.439829983691117e+34,3.7643192160773557e+28,-9.27376353877036e+36,6.846473326448941e+29,-3.2545761755030766e+27,1.6627315156999775e+21,-1.055901560971375e+31,7.424455441533089e+31,-9.17909512871139e+27,-9.892,32748137873408.0,0.0,0.0,0.0,0.0,0,1.3516416376850534e+27,228,0.0,456,-621855232.0,5.6142779363101766e+35,2112,52429,17109,0,17112,0,17096,0,0,0,101,100,100,0.0,65.1,0.0,65.9,-107615248.0,65.0,1,49,50,180,52429,0,0,0,0.0,0.0,0.0,60.0,1.2385452372220859e+33,71.0,0.0,0.0,0.0,1069,0,1069,0,0,0,1069,0,1080,0,1000,0,654,0,656,0,650,0,677,0.032,1.4536034330083127e+22,2.004,2.73023467606737e+23,15888,16814,1.1157552289595449e+29,0.0,-4744.017,-0.0,-0.015,55364849664.0,50.0,60.0,35,0.0,0.0,10.0,2.0,0.0,0.0,0.0,0.0,0.0,0.0,0.0,0.0,0.0,0.0,0.0,0.0,59.2,20,40,7,27,65476,379,65476,1,0,4,20529,65476,0,0,30147,60.0,0.0,10.0,10.0,2.0,0.0
2026-02-16T12:31:41,ERR,ERR,ERR,ERR,ERR,ERR,ERR,ERR,ERR,ERR,ERR,ERR,ERR,ERR,ERR,ERR,ERR,ERR,ERR,ERR,ERR,ERR,ERR,ERR,ERR,ERR,ERR,ERR,ERR,ERR,ERR,ERR,ERR,ERR,ERR,ERR,ERR,ERR,ERR,ERR,ERR,ERR,ERR,ERR,ERR,ERR,ERR,ERR,ERR,ERR,ERR,ERR,ERR,ERR,ERR,ERR,ERR,ERR,ERR,ERR,ERR,ERR,ERR,ERR,ERR,ERR,ERR,ERR,ERR,ERR,ERR,ERR,ERR,ERR,ERR,ERR,ERR,ERR,ERR,ERR,ERR,ERR,ERR,ERR,ERR,ERR,ERR,ERR,ERR,ERR,ERR,ERR,ERR,ERR,ERR,ERR,ERR,ERR,ERR,ERR,ERR,ERR,ERR,ERR,ERR,ERR,ERR,ERR,ERR,ERR,ERR,ERR,ERR,ERR,ERR,ERR,ERR,ERR,ERR,ERR,ERR,ERR,ERR,ERR,ERR,0.0,-0.0,0.0,0.0,0.0,0.0,-2.406929552647516e+25,-0.0,4300,0,8,17169,4300,0.0,41,0.0,0.0,0.0,0.0,0.0,0,0,0,0,0.0,0,0,0,0,0,0,0,0,0,0,0,0,0,0,0,0,0,0,0,0,0,0,0,0,0,0,0,0,0,0,0,0,0,10,38,37,48,65476,410,65476,1,0,4,21553,0.0,-0.0,0.0,0.0,0.0,0.0,0.0,0.0,0.0,0.0,0.0,0.0,0.0,0.0,0.0,0.0,0.0,0.0,0.0,0.0,0.0,2.004,2.004,-0.0,-3.697074863047967e+19,-3.69707618246192e+19,0.0,0.0,0.0,0.0,6501.0,-564148987494400.0,0.0,0.0,-0.0,-107616248.0,107616272.0,0.0,0.0,2.004,2.004,228,0.0,2.3088382548096162e+20,0.0,0.0,0.0,0.0,0.0,0.0,0.0,0,0,0,-2873323264.0,7.439829983691117e+34,3.7643192160773557e+28,-9.27376353877036e+36,6.846473326448941e+29,-3.2545761755030766e+27,1.6627315156999775e+21,-1.055901560971375e+31,7.424455441533089e+31,-9.17909512871139e+27,-9.892,32748137873408.0,0.0,0.0,0.0,0.0,0,1.3516416376850534e+27,228,0.0,456,-621855232.0,5.6142779363101766e+35,2112,0,17110,0,17112,0,17096,0,0,0,101,100,100,0.0,65.1,0.0,65.9,-107615248.0,65.0,1,49,50,180,52429,52429,0,0,0.0,0.0,0.0,60.0,1.2007704637544632e+36,71.0,0.0,-0.001,0.0,1069,0,1069,0,0,0,1069,0,1080,0,1000,0,654,0,656,0,651,0,677,0.032,1.4609821306377965e+22,2.004,2.73023467606737e+23,44688,16814,-0.0,-0.001,-0.0,-0.0,-0.0,-2.3298045139766327e+30,50.0,60.0,35,0.0,0.0,10.0,2.0,0.0,0.0,0.0,0.0,0.0,0.0,0.0,0.0,0.0,0.0,0.0,0.0,58.8,20,40,7,27,65476,379,65476,1,0,4,20529,65476,0,0,30147,60.0,0.0,10.0,10.0,2.0,0.0
2026-02-16T12:31:42,ERR,ERR,ERR,ERR,ERR,ERR,ERR,ERR,ERR,ERR,ERR,ERR,ERR,ERR,ERR,ERR,ERR,ERR,ERR,ERR,ERR,ERR,ERR,ERR,ERR,ERR,ERR,ERR,ERR,ERR,ERR,ERR,ERR,ERR,ERR,ERR,ERR,ERR,ERR,ERR,ERR,ERR,ERR,ERR,ERR,ERR,ERR,ERR,ERR,ERR,ERR,ERR,ERR,ERR,ERR,ERR,ERR,ERR,ERR,ERR,ERR,ERR,ERR,ERR,ERR,ERR,ERR,ERR,ERR,ERR,ERR,ERR,ERR,ERR,ERR,ERR,ERR,ERR,ERR,ERR,ERR,ERR,ERR,ERR,ERR,ERR,ERR,ERR,ERR,ERR,ERR,ERR,ERR,ERR,ERR,ERR,ERR,ERR,ERR,ERR,ERR,ERR,ERR,ERR,ERR,ERR,ERR,ERR,ERR,ERR,ERR,ERR,ERR,ERR,ERR,ERR,ERR,ERR,ERR,ERR,ERR,ERR,ERR,ERR,ERR,0.0,-0.0,0.0,0.0,0.0,0.0,-2.406929552647516e+25,-0.0,4300,0,8,17169,4300,0.0,41,0.0,0.0,0.0,0.0,0.0,0,0,0,0,0.0,0,0,0,0,0,0,0,0,0,0,0,0,0,0,0,0,0,0,0,0,0,0,0,0,0,0,0,0,0,0,0,0,0,10,38,37,48,65476,410,65476,1,0,4,21553,0.0,-0.0,0.0,0.0,0.0,0.0,0.0,0.0,0.0,0.0,0.0,0.0,0.0,0.0,0.0,0.0,0.0,0.0,0.0,0.0,0.0,2.004,2.004,-0.0,-3.697074863047967e+19,-3.69707618246192e+19,0.0,0.0,0.0,0.0,6501.0,-564148987494400.0,0.0,0.0,-0.0,-107616248.0,107616272.0,0.0,0.0,2.004,2.004,228,0.0,2.3088382548096162e+20,0.0,0.0,0.0,0.0,0.0,0.0,0.0,0,0,0,-2873323264.0,7.439829983691117e+34,3.7643192160773557e+28,-9.27376353877036e+36,6.846473326448941e+29,-3.2545761755030766e+27,1.6627315156999775e+21,-1.055901560971375e+31,7.424455441533089e+31,-9.17909512871139e+27,-9.892,32748137873408.0,0.0,0.0,0.0,0.0,0,1.3516416376850534e+27,228,0.0,456,-621855232.0,5.6142779363101766e+35,2112,0,17110,0,17112,0,17096,0,0,0,101,100,100,0.0,65.1,0.0,65.9,-107615248.0,65.0,1,49,50,180,52429,52429,0,0,0.0,0.0,0.0,60.0,1.2007704637544632e+36,71.0,0.0,-0.001,0.0,1069,0,1069,0,0,0,1069,0,1080,0,1000,0,654,0,656,0,651,0,677,0.032,1.4609821306377965e+22,2.004,2.73023467606737e+23,44688,16814,-0.0,-0.001,-0.0,-0.0,-0.0,-2.3298045139766327e+30,50.0,60.0,35,0.0,0.0,10.0,2.0,0.0,0.0,0.0,0.0,0.0,0.0,0.0,0.0,0.0,0.0,0.0,0.0,58.8,22,38,5,27,65476,394,65476,1,0,4,20529,65476,0,0,30147,60.0,0.0,10.0,10.0,2.0,0.0
2026-02-16T12:31:43,ERR,ERR,ERR,ERR,ERR,ERR,ERR,ERR,ERR,ERR,ERR,ERR,ERR,ERR,ERR,ERR,ERR,ERR,ERR,ERR,ERR,ERR,ERR,ERR,ERR,ERR,ERR,ERR,ERR,ERR,ERR,ERR,ERR,ERR,ERR,ERR,ERR,ERR,ERR,ERR,ERR,ERR,ERR,ERR,ERR,ERR,ERR,ERR,ERR,ERR,ERR,ERR,ERR,ERR,ERR,ERR,ERR,ERR,ERR,ERR,ERR,ERR,ERR,ERR,ERR,ERR,ERR,ERR,ERR,ERR,ERR,ERR,ERR,ERR,ERR,ERR,ERR,ERR,ERR,ERR,ERR,ERR,ERR,ERR,ERR,ERR,ERR,ERR,ERR,ERR,ERR,ERR,ERR,ERR,ERR,ERR,ERR,ERR,ERR,ERR,ERR,ERR,ERR,ERR,ERR,ERR,ERR,ERR,ERR,ERR,ERR,ERR,ERR,ERR,ERR,ERR,ERR,ERR,ERR,ERR,ERR,ERR,ERR,ERR,ERR,0.0,-0.0,0.0,0.0,0.0,-0.0,116.639,-9.514897462052699e+35,4300,0,8,17169,4300,0.0,41,0.0,0.0,0.0,0.0,0.0,0,0,0,0,0.0,0,0,0,0,0,0,0,0,0,0,0,0,0,0,0,0,0,0,0,0,0,0,0,0,0,0,0,0,0,0,0,0,0,10,38,37,47,65476,410,65476,1,0,4,21553,0.0,0.0,0.0,0.0,0.0,0.0,0.0,0.0,0.0,0.0,0.0,0.0,0.0,0.0,0.0,0.0,0.0,0.0,0.0,0.0,0.0,2.004,2.004,-0.0,-3.697074863047967e+19,-3.69707618246192e+19,0.0,0.0,0.0,0.0,6500.0,2.004,0.0,0.0,-0.0,-107616248.0,107616272.0,0.0,0.0,2.004,2.004,228,0.0,-4.950423568755355e+32,0.0,0.0,0.0,0.0,0.0,0.0,0.0,0,0,0,-275443580928.0,0.0,6.895990928020356e+29,-0.0,4.952185699030025e+31,0.0,0.0,-0.0,-9.827820899850761e+33,-9.682008269671076e+27,-10.705,34534844268544.0,0.0,0.0,0.0,0.0,0,1.3516416376850534e+27,226,0.0,452,-621855232.0,5.6142779363101766e+35,2112,0,17110,0,17112,0,17096,0,0,0,101,100,100,0.0,65.1,0.0,65.9,-107615248.0,65.0,1,49,50,180,52429,52429,0,0,0.0,0.0,0.0,60.0,1.2007704637544632e+36,71.0,0.0,-0.001,0.0,1069,0,1069,0,0,0,1069,0,1080,0,1000,0,654,0,656,0,651,0,677,0.032,1.4609821306377965e+22,2.004,2.73023467606737e+23,44688,16814,-0.0,-0.001,-0.0,-0.0,-0.0,-2.3298045139766327e+30,50.0,60.0,35,0.0,0.0,10.0,2.0,0.0,0.0,0.0,0.0,0.0,0.0,0.0,0.0,0.0,0.0,0.0,0.0,58.8,22,38,5,27,65476,394,65476,1,0,4,20529,65476,0,0,30147,60.0,0.0,10.0,10.0,2.0,0.0
2026-02-16T12:31:44,ERR,ERR,ERR,ERR,ERR,ERR,ERR,ERR,ERR,ERR,ERR,ERR,ERR,ERR,ERR,ERR,ERR,ERR,ERR,ERR,ERR,ERR,ERR,ERR,ERR,ERR,ERR,ERR,ERR,ERR,ERR,ERR,ERR,ERR,ERR,ERR,ERR,ERR,ERR,ERR,ERR,ERR,ERR,ERR,ERR,ERR,ERR,ERR,ERR,ERR,ERR,ERR,ERR,ERR,ERR,ERR,ERR,ERR,ERR,ERR,ERR,ERR,ERR,ERR,ERR,ERR,ERR,ERR,ERR,ERR,ERR,ERR,ERR,ERR,ERR,ERR,ERR,ERR,ERR,ERR,ERR,ERR,ERR,ERR,ERR,ERR,ERR,ERR,ERR,ERR,ERR,ERR,ERR,ERR,ERR,ERR,ERR,ERR,ERR,ERR,ERR,ERR,ERR,ERR,ERR,ERR,ERR,ERR,ERR,ERR,ERR,ERR,ERR,ERR,ERR,ERR,ERR,ERR,ERR,ERR,ERR,ERR,ERR,ERR,ERR,0.0,-0.0,0.0,0.0,0.0,-0.0,116.639,-9.514897462052699e+35,4300,0,8,17169,4300,0.0,41,0.0,0.0,0.0,0.0,0.0,0,0,0,0,0.0,0,0,0,0,0,0,0,0,0,0,0,0,0,0,0,0,0,0,0,0,0,0,0,0,0,0,0,0,0,0,0,0,0,10,38,37,47,65476,410,65476,1,0,4,21553,0.0,0.0,0.0,0.0,0.0,0.0,0.0,0.0,0.0,0.0,0.0,0.0,0.0,0.0,0.0,0.0,0.0,0.0,0.0,0.0,0.0,2.004,2.004,-0.0,-3.697074863047967e+19,-3.69707618246192e+19,0.0,0.0,0.0,0.0,6500.0,2.004,0.0,0.0,-0.0,-107616248.0,107616272.0,0.0,0.0,2.004,2.004,228,0.0,-4.950423568755355e+32,0.0,0.0,0.0,0.0,0.0,0.0,0.0,0,0,0,-275443580928.0,0.0,6.895990928020356e+29,-0.0,4.952185699030025e+31,0.0,0.0,-0.0,-9.827820899850761e+33,-9.682008269671076e+27,-10.705,34534844268544.0,0.0,0.0,0.0,0.0,0,1.3516416376850534e+27,226,0.0,452,-621855232.0,5.6142779363101766e+35,2112,52429,17109,0,17112,0,17096,0,0,0,101,100,100,0.0,65.1,0.0,65.9,-107615248.0,65.0,1,49,50,180,52429,52429,0,0,0.0,0.0,0.0,60.0,-0.0,71.0,0.0,-0.0,0.0,1069,0,1069,0,0,0,1069,0,1080,0,1000,0,654,0,656,0,651,0,677,0.032,1.4536034330083127e+22,2.004,2.73023467606737e+23,40720,16814,-0.0,2.8440610785081472e+26,9.153590981642158e+17,0.0,2.4179470310322123e+28,-9844074479616.0,50.0,60.0,35,0.0,0.0,10.0,2.0,0.0,0.0,0.0,0.0,0.0,0.0,0.0,0.0,0.0,0.0,0.0,0.0,58.8,24,36,3,27,65476,446,65476,1,0,4,20529,65476,0,0,30147,60.0,0.0,10.0,10.0,2.0,0.0
2026-02-16T12:31:45,ERR,ERR,ERR,ERR,ERR,ERR,ERR,ERR,ERR,ERR,ERR,ERR,ERR,ERR,ERR,ERR,ERR,ERR,ERR,ERR,ERR,ERR,ERR,ERR,ERR,ERR,ERR,ERR,ERR,ERR,ERR,ERR,ERR,ERR,ERR,ERR,ERR,ERR,ERR,ERR,ERR,ERR,ERR,ERR,ERR,ERR,ERR,ERR,ERR,ERR,ERR,ERR,ERR,ERR,ERR,ERR,ERR,ERR,ERR,ERR,ERR,ERR,ERR,ERR,ERR,ERR,ERR,ERR,ERR,ERR,ERR,ERR,ERR,ERR,ERR,ERR,ERR,ERR,ERR,ERR,ERR,ERR,ERR,ERR,ERR,ERR,ERR,ERR,ERR,ERR,ERR,ERR,ERR,ERR,ERR,ERR,ERR,ERR,ERR,ERR,ERR,ERR,ERR,ERR,ERR,ERR,ERR,ERR,ERR,ERR,ERR,ERR,ERR,ERR,ERR,ERR,ERR,ERR,ERR,ERR,ERR,ERR,ERR,ERR,ERR,0.0,-0.0,0.0,0.0,0.0,-0.0,116.639,-9.514897462052699e+35,4300,0,8,17169,4300,0.0,41,0.0,0.0,0.0,0.0,0.0,0,0,0,0,0.0,0,0,0,0,0,0,0,0,0,0,0,0,0,0,0,0,0,0,0,0,0,0,0,0,0,0,0,0,0,0,0,0,0,10,38,37,47,65476,410,65476,1,0,4,21553,0.0,0.0,0.0,0.0,0.0,0.0,0.0,0.0,0.0,0.0,0.0,0.0,0.0,0.0,0.0,0.0,0.0,0.0,0.0,0.0,0.0,2.004,2.004,-0.0,-3.697074863047967e+19,-3.69707618246192e+19,0.0,0.0,0.0,0.0,6500.0,2.004,0.0,0.0,-0.0,-107616248.0,107616272.0,0.0,0.0,2.004,2.004,228,0.0,-4.950423568755355e+32,0.0,0.0,0.0,0.0,0.0,0.0,0.0,0,0,0,-275443580928.0,0.0,6.895990928020356e+29,-0.0,4.952185699030025e+31,0.0,0.0,-0.0,-9.827820899850761e+33,-9.682008269671076e+27,-10.705,34534844268544.0,0.0,0.0,0.0,0.0,0,1.3516416376850534e+27,226,0.0,452,-621855232.0,5.6142779363101766e+35,2112,52429,17109,0,17112,0,17096,0,0,0,101,100,100,0.0,65.1,0.0,65.9,-107615248.0,65.0,1,49,50,180,52429,52429,0,0,0.0,0.0,0.0,60.0,-0.0,71.0,0.0,-0.0,0.0,1069,0,1069,0,0,0,1069,0,1080,0,1000,0,654,0,656,0,651,0,677,0.032,1.4536034330083127e+22,2.004,2.73023467606737e+23,40720,16814,-0.0,2.8440610785081472e+26,9.153590981642158e+17,0.0,2.4179470310322123e+28,-9844074479616.0,50.0,60.0,35,0.0,0.0,10.0,2.0,0.0,0.0,0.0,0.0,0.0,0.0,0.0,0.0,0.0,0.0,0.0,0.0,58.8,26,34,1,27,65476,446,65476,1,0,4,20529,65476,0,0,30147,60.0,0.0,10.0,10.0,2.0,0.0
2026-02-16T12:31:46,ERR,ERR,ERR,ERR,ERR,ERR,ERR,ERR,ERR,ERR,ERR,ERR,ERR,ERR,ERR,ERR,ERR,ERR,ERR,ERR,ERR,ERR,ERR,ERR,ERR,ERR,ERR,ERR,ERR,ERR,ERR,ERR,ERR,ERR,ERR,ERR,ERR,ERR,ERR,ERR,ERR,ERR,ERR,ERR,ERR,ERR,ERR,ERR,ERR,ERR,ERR,ERR,ERR,ERR,ERR,ERR,ERR,ERR,ERR,ERR,ERR,ERR,ERR,ERR,ERR,ERR,ERR,ERR,ERR,ERR,ERR,ERR,ERR,ERR,ERR,ERR,ERR,ERR,ERR,ERR,ERR,ERR,ERR,ERR,ERR,ERR,ERR,ERR,ERR,ERR,ERR,ERR,ERR,ERR,ERR,ERR,ERR,ERR,ERR,ERR,ERR,ERR,ERR,ERR,ERR,ERR,ERR,ERR,ERR,ERR,ERR,ERR,ERR,ERR,ERR,ERR,ERR,ERR,ERR,ERR,ERR,ERR,ERR,ERR,ERR,0.0,-0.0,0.0,0.0,0.0,-0.0,116.639,-9.514897462052699e+35,4300,0,8,17169,4300,0.0,41,0.0,0.0,0.0,0.0,0.0,0,0,0,0,0.0,0,0,0,0,0,0,0,0,0,0,0,0,0,0,0,0,0,0,0,0,0,0,0,0,0,0,0,0,0,0,0,0,0,10,38,37,47,65476,410,65476,1,0,4,21553,0.0,0.0,0.0,0.0,0.0,0.0,0.0,0.0,0.0,0.0,0.0,0.0,0.0,0.0,0.0,0.0,0.0,0.0,0.0,0.0,0.0,2.004,2.004,-0.0,-3.697074863047967e+19,-3.69707618246192e+19,0.0,0.0,0.0,0.0,6500.0,2.004,0.0,0.0,-0.0,-107616248.0,107616272.0,0.0,0.0,2.004,2.004,228,0.0,-4.950423568755355e+32,0.0,0.0,0.0,0.0,0.0,0.0,0.0,0,0,0,-275443580928.0,0.0,6.895990928020356e+29,-0.0,4.952185699030025e+31,0.0,0.0,-0.0,-9.827820899850761e+33,-9.682008269671076e+27,-10.705,34534844268544.0,0.0,0.0,0.0,0.0,0,1.3516416376850534e+27,226,0.0,452,-621855232.0,5.6142779363101766e+35,2112,52429,17109,0,17112,0,17096,0,0,0,101,100,100,0.0,65.1,0.0,65.9,-107615248.0,65.0,1,49,50,180,52429,52429,0,0,0.0,0.0,0.0,60.0,-0.0,71.0,0.0,-0.0,0.0,1069,0,1069,0,0,0,1069,0,1080,0,1000,0,654,0,656,0,651,0,677,0.032,1.4536034330083127e+22,2.004,2.73023467606737e+23,40720,16814,-0.0,2.8440610785081472e+26,9.153590981642158e+17,0.0,2.4179470310322123e+28,-9844074479616.0,50.0,60.0,35,0.0,0.0,10.0,2.0,0.0,0.0,0.0,0.0,0.0,0.0,0.0,0.0,0.0,0.0,0.0,0.0,58.8,26,34,1,27,65476,446,65476,1,0,4,20529,65476,0,0,30147,60.0,0.0,10.0,10.0,2.0,0.0
2026-02-16T12:31:47,ERR,ERR,ERR,ERR,ERR,ERR,ERR,ERR,ERR,ERR,ERR,ERR,ERR,ERR,ERR,ERR,ERR,ERR,ERR,ERR,ERR,ERR,ERR,ERR,ERR,ERR,ERR,ERR,ERR,ERR,ERR,ERR,ERR,ERR,ERR,ERR,ERR,ERR,ERR,ERR,ERR,ERR,ERR,ERR,ERR,ERR,ERR,ERR,ERR,ERR,ERR,ERR,ERR,ERR,ERR,ERR,ERR,ERR,ERR,ERR,ERR,ERR,ERR,ERR,ERR,ERR,ERR,ERR,ERR,ERR,ERR,ERR,ERR,ERR,ERR,ERR,ERR,ERR,ERR,ERR,ERR,ERR,ERR,ERR,ERR,ERR,ERR,ERR,ERR,ERR,ERR,ERR,ERR,ERR,ERR,ERR,ERR,ERR,ERR,ERR,ERR,ERR,ERR,ERR,ERR,ERR,ERR,ERR,ERR,ERR,ERR,ERR,ERR,ERR,ERR,ERR,ERR,ERR,ERR,ERR,ERR,ERR,ERR,ERR,ERR,0.0,-0.0,0.0,0.0,0.0,-0.0,116.639,-9.514897462052699e+35,4300,0,8,17169,4300,0.0,41,0.0,0.0,0.0,0.0,0.0,0,0,0,0,0.0,0,0,0,0,0,0,0,0,0,0,0,0,0,0,0,0,0,0,0,0,0,0,0,0,0,0,0,0,0,0,0,0,0,10,38,37,47,65476,410,65476,1,0,4,21553,0.0,0.0,0.0,0.0,0.0,0.0,0.0,0.0,0.0,0.0,0.0,0.0,0.0,0.0,0.0,0.0,0.0,0.0,0.0,0.0,0.0,2.004,2.004,-0.0,-3.697074863047967e+19,-3.69707618246192e+19,0.0,0.0,0.0,0.0,6500.0,2.004,0.0,0.0,-0.0,-107616248.0,107616272.0,0.0,0.0,2.004,2.004,228,0.0,-4.950423568755355e+32,0.0,0.0,0.0,0.0,0.0,0.0,0.0,0,0,0,-275443580928.0,0.0,6.895990928020356e+29,-0.0,4.952185699030025e+31,0.0,0.0,-0.0,-9.827820899850761e+33,-9.682008269671076e+27,-10.705,34534844268544.0,0.0,0.0,0.0,0.0,0,1.3516416376850534e+27,226,0.0,452,-621855232.0,5.6142779363101766e+35,2112,52429,17109,0,17112,0,17096,0,0,0,101,100,100,0.0,65.1,0.0,65.9,-107615248.0,65.0,1,49,50,180,52429,52429,0,0,0.0,0.0,0.0,60.0,-0.0,71.0,0.0,-0.0,0.0,1069,0,1069,0,0,0,1069,0,1080,0,1000,0,654,0,656,0,651,0,677,0.032,1.4536034330083127e+22,2.004,2.73023467606737e+23,40720,16814,-0.0,2.8440610785081472e+26,9.153590981642158e+17,0.0,2.4179470310322123e+28,-9844074479616.0,50.0,60.0,35,0.0,0.0,10.0,2.0,0.0,0.0,0.0,0.0,0.0,0.0,0.0,0.0,0.0,0.0,0.0,0.0,58.8,29,31,65534,27,65476,522,65476,1,0,4,20529,65476,0,0,30147,60.0,0.0,10.0,10.0,2.0,0.0
2026-02-16T12:31:48,ERR,ERR,ERR,ERR,ERR,ERR,ERR,ERR,ERR,ERR,ERR,ERR,ERR,ERR,ERR,ERR,ERR,ERR,ERR,ERR,ERR,ERR,ERR,ERR,ERR,ERR,ERR,ERR,ERR,ERR,ERR,ERR,ERR,ERR,ERR,ERR,ERR,ERR,ERR,ERR,ERR,ERR,ERR,ERR,ERR,ERR,ERR,ERR,ERR,ERR,ERR,ERR,ERR,ERR,ERR,ERR,ERR,ERR,ERR,ERR,ERR,ERR,ERR,ERR,ERR,ERR,ERR,ERR,ERR,ERR,ERR,ERR,ERR,ERR,ERR,ERR,ERR,ERR,ERR,ERR,ERR,ERR,ERR,ERR,ERR,ERR,ERR,ERR,ERR,ERR,ERR,ERR,ERR,ERR,ERR,ERR,ERR,ERR,ERR,ERR,ERR,ERR,ERR,ERR,ERR,ERR,ERR,ERR,ERR,ERR,ERR,ERR,ERR,ERR,ERR,ERR,ERR,ERR,ERR,ERR,ERR,ERR,ERR,ERR,ERR,0.0,-0.0,0.0,0.0,0.0,-0.0,0.0,0.0,4300,0,8,17169,4300,0.0,41,0.0,0.0,0.0,0.0,0.0,0,0,0,0,0.0,0,0,0,0,0,0,0,0,0,0,0,0,0,0,0,0,0,0,0,0,0,0,0,0,0,0,0,0,0,0,0,0,0,10,38,37,47,65476,410,65476,1,0,4,21553,0.0,-107610720.0,0.0,0.0,0.0,0.0,0.0,0.0,0.0,0.0,0.0,0.0,0.0,0.0,0.0,0.0,0.0,0.0,0.0,0.0,0.0,2.004,2.004,-0.0,-3.697074863047967e+19,-2.004,0.0,0.0,0.0,0.0,6469.0,-0.0,0.0,0.0,-0.0,-107616248.0,107616272.0,0.0,0.0,2.004,2.004,226,0.0,-0.0,0.0,0.0,0.0,0.0,0.0,0.0,0.0,0,0,0,-2960121256738816.0,2.3363393509837913e+26,3.395139534680479e+31,-9.393682446228604e+32,9.333928627957348e+31,0.0,0.0,-4.272116365742257e+20,0.0,-1.046632250697848e+28,-11.455,37183851331584.0,0.0,0.0,0.0,-934899.75,0,1.3516416376850534e+27,226,0.0,452,0.0,0.0,2112,52429,17109,0,17112,0,17096,0,0,0,101,100,100,0.0,65.1,0.0,65.9,-107615248.0,65.0,1,49,50,180,52429,52429,0,0,0.0,0.0,0.0,60.0,-0.0,71.0,0.0,0.0,0.0,1069,0,1069,0,0,0,1069,0,1080,0,1000,0,654,0,656,0,651,0,677,0.032,1.4609821306377965e+22,2.004,2.73023467606737e+23,33424,16814,-0.0,-0.014,-0.0,1.8709366762021258e+38,-0.0,0.0,50.0,60.0,35,0.0,0.0,10.0,2.0,0.0,0.0,0.0,0.0,0.0,0.0,0.0,0.0,0.0,0.0,0.0,0.0,58.8,29,31,65534,27,65476,522,65476,1,0,4,20529,65476,0,0,30147,60.0,0.0,10.0,10.0,2.0,0.0
2026-02-16T12:31:49,ERR,ERR,ERR,ERR,ERR,ERR,ERR,ERR,ERR,ERR,ERR,ERR,ERR,ERR,ERR,ERR,ERR,ERR,ERR,ERR,ERR,ERR,ERR,ERR,ERR,ERR,ERR,ERR,ERR,ERR,ERR,ERR,ERR,ERR,ERR,ERR,ERR,ERR,ERR,ERR,ERR,ERR,ERR,ERR,ERR,ERR,ERR,ERR,ERR,ERR,ERR,ERR,ERR,ERR,ERR,ERR,ERR,ERR,ERR,ERR,ERR,ERR,ERR,ERR,ERR,ERR,ERR,ERR,ERR,ERR,ERR,ERR,ERR,ERR,ERR,ERR,ERR,ERR,ERR,ERR,ERR,ERR,ERR,ERR,ERR,ERR,ERR,ERR,ERR,ERR,ERR,ERR,ERR,ERR,ERR,ERR,ERR,ERR,ERR,ERR,ERR,ERR,ERR,ERR,ERR,ERR,ERR,ERR,ERR,ERR,ERR,ERR,ERR,ERR,ERR,ERR,ERR,ERR,ERR,ERR,ERR,ERR,ERR,ERR,ERR,0.0,-0.0,0.0,0.0,0.0,-0.0,0.0,0.0,4300,0,8,17169,4300,0.0,41,0.0,0.0,0.0,0.0,0.0,0,0,0,0,0.0,0,0,0,0,0,0,0,0,0,0,0,0,0,0,0,0,0,0,0,0,0,0,0,0,0,0,0,0,0,0,0,0,0,10,38,37,47,65476,410,65476,1,0,4,21553,0.0,-107610720.0,0.0,0.0,0.0,0.0,0.0,0.0,0.0,0.0,0.0,0.0,0.0,0.0,0.0,0.0,0.0,0.0,0.0,0.0,0.0,2.004,2.004,-0.0,-3.697074863047967e+19,-2.004,0.0,0.0,0.0,0.0,6469.0,-0.0,0.0,0.0,-0.0,-107616248.0,107616272.0,0.0,0.0,2.004,2.004,226,0.0,-0.0,0.0,0.0,0.0,0.0,0.0,0.0,0.0,0,0,0,-2960121256738816.0,2.3363393509837913e+26,3.395139534680479e+31,-9.393682446228604e+32,9.333928627957348e+31,0.0,0.0,-4.272116365742257e+20,0.0,-1.046632250697848e+28,-11.455,37183851331584.0,0.0,0.0,0.0,-934899.75,0,1.3516416376850534e+27,226,0.0,452,0.0,0.0,2112,52429,17109,0,17112,0,17096,0,0,0,101,100,100,0.0,65.1,0.0,65.9,-107615248.0,65.0,1,49,50,180,52429,52429,0,0,0.0,0.0,0.0,60.0,-0.0,71.0,0.0,0.0,0.0,1069,0,1069,0,0,0,1069,0,1080,0,1000,0,654,0,656,0,651,0,677,0.032,1.4609821306377965e+22,2.004,2.73023467606737e+23,33424,16814,-0.0,-0.014,-0.0,1.8709366762021258e+38,-0.0,0.0,50.0,60.0,35,0.0,0.0,10.0,2.0,0.0,0.0,0.0,0.0,0.0,0.0,0.0,0.0,0.0,0.0,0.0,0.0,58.8,31,29,65532,27,65476,544,65476,1,0,4,20529,65476,0,0,30147,60.0,0.0,10.0,10.0,2.0,0.0
2026-02-16T12:31:50,ERR,ERR,ERR,ERR,ERR,ERR,ERR,ERR,ERR,ERR,ERR,ERR,ERR,ERR,ERR,ERR,ERR,ERR,ERR,ERR,ERR,ERR,ERR,ERR,ERR,ERR,ERR,ERR,ERR,ERR,ERR,ERR,ERR,ERR,ERR,ERR,ERR,ERR,ERR,ERR,ERR,ERR,ERR,ERR,ERR,ERR,ERR,ERR,ERR,ERR,ERR,ERR,ERR,ERR,ERR,ERR,ERR,ERR,ERR,ERR,ERR,ERR,ERR,ERR,ERR,ERR,ERR,ERR,ERR,ERR,ERR,ERR,ERR,ERR,ERR,ERR,ERR,ERR,ERR,ERR,ERR,ERR,ERR,ERR,ERR,ERR,ERR,ERR,ERR,ERR,ERR,ERR,ERR,ERR,ERR,ERR,ERR,ERR,ERR,ERR,ERR,ERR,ERR,ERR,ERR,ERR,ERR,ERR,ERR,ERR,ERR,ERR,ERR,ERR,ERR,ERR,ERR,ERR,ERR,ERR,ERR,ERR,ERR,ERR,ERR,0.0,-0.0,0.0,0.0,0.0,-0.0,0.0,0.0,4300,0,8,17169,4300,0.0,41,0.0,0.0,0.0,0.0,0.0,0,0,0,0,0.0,0,0,0,0,0,0,0,0,0,0,0,0,0,0,0,0,0,0,0,0,0,0,0,0,0,0,0,0,0,0,0,0,0,10,38,37,47,65476,410,65476,1,0,4,21553,0.0,-107610720.0,0.0,0.0,0.0,0.0,0.0,0.0,0.0,0.0,0.0,0.0,0.0,0.0,0.0,0.0,0.0,0.0,0.0,0.0,0.0,2.004,2.004,-0.0,-3.697074863047967e+19,-2.004,0.0,0.0,0.0,0.0,6469.0,-0.0,0.0,0.0,-0.0,-107616248.0,107616272.0,0.0,0.0,2.004,2.004,226,0.0,-0.0,0.0,0.0,0.0,0.0,0.0,0.0,0.0,0,0,0,-2960121256738816.0,2.3363393509837913e+26,3.395139534680479e+31,-9.393682446228604e+32,9.333928627957348e+31,0.0,0.0,-4.272116365742257e+20,0.0,-1.046632250697848e+28,-11.455,37183851331584.0,0.0,0.0,0.0,-934899.75,0,1.3516416376850534e+27,226,0.0,452,0.0,0.0,2112,52429,17109,0,17112,0,17096,0,0,0,101,100,100,0.0,65.1,0.0,65.9,-107615248.0,65.0,1,49,50,180,52429,52429,0,0,0.0,0.0,0.0,60.0,-0.0,71.0,0.0,0.0,0.0,1069,0,1069,0,0,0,1069,0,1080,0,1000,0,654,0,656,0,651,0,677,0.032,1.4609821306377965e+22,2.004,2.73023467606737e+23,33424,16814,-0.0,-0.014,-0.0,1.8709366762021258e+38,-0.0,0.0,50.0,60.0,35,0.0,0.0,10.0,2.0,0.0,0.0,0.0,0.0,0.0,0.0,0.0,0.0,0.0,0.0,0.0,0.0,58.8,32,28,65531,27,65476,622,65476,1,0,4,20529,65476,0,0,30147,60.0,0.0,10.0,10.0,2.0,0.0
2026-02-16T12:31:51,ERR,ERR,ERR,ERR,ERR,ERR,ERR,ERR,ERR,ERR,ERR,ERR,ERR,ERR,ERR,ERR,ERR,ERR,ERR,ERR,ERR,ERR,ERR,ERR,ERR,ERR,ERR,ERR,ERR,ERR,ERR,ERR,ERR,ERR,ERR,ERR,ERR,ERR,ERR,ERR,ERR,ERR,ERR,ERR,ERR,ERR,ERR,ERR,ERR,ERR,ERR,ERR,ERR,ERR,ERR,ERR,ERR,ERR,ERR,ERR,ERR,ERR,ERR,ERR,ERR,ERR,ERR,ERR,ERR,ERR,ERR,ERR,ERR,ERR,ERR,ERR,ERR,ERR,ERR,ERR,ERR,ERR,ERR,ERR,ERR,ERR,ERR,ERR,ERR,ERR,ERR,ERR,ERR,ERR,ERR,ERR,ERR,ERR,ERR,ERR,ERR,ERR,ERR,ERR,ERR,ERR,ERR,ERR,ERR,ERR,ERR,ERR,ERR,ERR,ERR,ERR,ERR,ERR,ERR,ERR,ERR,ERR,ERR,ERR,ERR,0.0,-0.0,0.0,0.0,0.0,-0.0,0.0,0.0,4300,0,8,17169,4300,0.0,41,0.0,0.0,0.0,0.0,0.0,0,0,0,0,0.0,0,0,0,0,0,0,0,0,0,0,0,0,0,0,0,0,0,0,0,0,0,0,0,0,0,0,0,0,0,0,0,0,0,10,38,37,47,65476,410,65476,1,0,4,21553,0.0,-107610720.0,0.0,0.0,0.0,0.0,0.0,0.0,0.0,0.0,0.0,0.0,0.0,0.0,0.0,0.0,0.0,0.0,0.0,0.0,0.0,2.004,2.004,-0.0,-3.697074863047967e+19,-2.004,0.0,0.0,0.0,0.0,6469.0,-0.0,0.0,0.0,-0.0,-107616248.0,107616272.0,0.0,0.0,2.004,2.004,226,0.0,-0.0,0.0,0.0,0.0,0.0,0.0,0.0,0.0,0,0,0,-2960121256738816.0,2.3363393509837913e+26,3.395139534680479e+31,-9.393682446228604e+32,9.333928627957348e+31,0.0,0.0,-4.272116365742257e+20,0.0,-1.046632250697848e+28,-11.455,37183851331584.0,0.0,0.0,0.0,-934899.75,0,1.3516416376850534e+27,226,0.0,452,0.0,0.0,2114,52429,17109,0,17112,0,17096,0,0,0,101,100,100,0.0,65.1,0.0,65.9,-107615248.0,65.0,1,49,50,180,52429,52429,0,0,0.0,0.0,0.0,60.0,2.266541209187021e+36,71.0,0.0,-0.0,0.0,1069,0,1069,0,0,0,1069,0,1080,0,1000,0,654,0,656,0,651,0,677,0.032,1.4536034330083127e+22,0.0,0.0,40720,16814,2.266541209187021e+36,-0.0,3.6635314795180462e+22,-7.701335380915998e+37,3.743628360005215e+31,-2245203951878144.0,50.0,60.0,35,0.0,0.0,10.0,2.0,0.0,0.0,0.0,0.0,0.0,0.0,0.0,0.0,0.0,0.0,0.0,0.0,58.8,32,28,65531,27,65476,622,65476,1,0,4,20529,65476,0,0,30147,60.0,0.0,10.0,10.0,2.0,0.0
2026-02-16T12:31:52,ERR,ERR,ERR,ERR,ERR,ERR,ERR,ERR,ERR,ERR,ERR,ERR,ERR,ERR,ERR,ERR,ERR,ERR,ERR,ERR,ERR,ERR,ERR,ERR,ERR,ERR,ERR,ERR,ERR,ERR,ERR,ERR,ERR,ERR,ERR,ERR,ERR,ERR,ERR,ERR,ERR,ERR,ERR,ERR,ERR,ERR,ERR,ERR,ERR,ERR,ERR,ERR,ERR,ERR,ERR,ERR,ERR,ERR,ERR,ERR,ERR,ERR,ERR,ERR,ERR,ERR,ERR,ERR,ERR,ERR,ERR,ERR,ERR,ERR,ERR,ERR,ERR,ERR,ERR,ERR,ERR,ERR,ERR,ERR,ERR,ERR,ERR,ERR,ERR,ERR,ERR,ERR,ERR,ERR,ERR,ERR,ERR,ERR,ERR,ERR,ERR,ERR,ERR,ERR,ERR,ERR,ERR,ERR,ERR,ERR,ERR,ERR,ERR,ERR,ERR,ERR,ERR,ERR,ERR,ERR,ERR,ERR,ERR,ERR,ERR,0.0,-0.0,0.0,0.0,0.0,-0.0,0.0,0.0,4300,0,8,17169,4300,0.0,41,0.0,0.0,0.0,0.0,0.0,0,0,0,0,0.0,0,0,0,0,0,0,0,0,0,0,0,0,0,0,0,0,0,0,0,0,0,0,0,0,0,0,0,0,0,0,0,0,0,10,38,37,47,65476,410,65476,1,0,4,21553,0.0,-107610720.0,0.0,0.0,0.0,0.0,0.0,0.0,0.0,0.0,0.0,0.0,0.0,0.0,0.0,0.0,0.0,0.0,0.0,0.0,0.0,2.004,2.004,-0.0,-3.697074863047967e+19,-2.004,0.0,0.0,0.0,0.0,6469.0,-0.0,0.0,0.0,-0.0,-107616248.0,107616272.0,0.0,0.0,2.004,2.004,226,0.0,-0.0,0.0,0.0,0.0,0.0,0.0,0.0,0.0,0,0,0,-2960121256738816.0,2.3363393509837913e+26,3.395139534680479e+31,-9.393682446228604e+32,9.333928627957348e+31,0.0,0.0,-4.272116365742257e+20,0.0,-1.046632250697848e+28,-11.455,37183851331584.0,0.0,0.0,0.0,-934899.75,0,1.3516416376850534e+27,226,0.0,452,0.0,0.0,2114,52429,17109,0,17112,0,17096,0,0,0,101,100,100,0.0,65.1,0.0,65.9,-107615248.0,65.0,1,49,50,180,52429,52429,0,0,0.0,0.0,0.0,60.0,2.266541209187021e+36,71.0,0.0,-0.0,0.0,1069,0,1069,0,0,0,1069,0,1080,0,1000,0,654,0,656,0,651,0,677,0.032,1.4536034330083127e+22,0.0,0.0,40720,16814,2.266541209187021e+36,-0.0,3.6635314795180462e+22,-7.701335380915998e+37,3.743628360005215e+31,-2245203951878144.0,50.0,60.0,35,0.0,0.0,10.0,2.0,0.0,0.0,0.0,0.0,0.0,0.0,0.0,0.0,0.0,0.0,0.0,0.0,58.8,33,27,65530,27,65476,632,65476,1,0,4,20529,65476,0,0,30147,60.0,0.0,10.0,10.0,2.0,0.0
2026-02-16T12:31:53,ERR,ERR,ERR,ERR,ERR,ERR,ERR,ERR,ERR,ERR,ERR,ERR,ERR,ERR,ERR,ERR,ERR,ERR,ERR,ERR,ERR,ERR,ERR,ERR,ERR,ERR,ERR,ERR,ERR,ERR,ERR,ERR,ERR,ERR,ERR,ERR,ERR,ERR,ERR,ERR,ERR,ERR,ERR,ERR,ERR,ERR,ERR,ERR,ERR,ERR,ERR,ERR,ERR,ERR,ERR,ERR,ERR,ERR,ERR,ERR,ERR,ERR,ERR,ERR,ERR,ERR,ERR,ERR,ERR,ERR,ERR,ERR,ERR,ERR,ERR,ERR,ERR,ERR,ERR,ERR,ERR,ERR,ERR,ERR,ERR,ERR,ERR,ERR,ERR,ERR,ERR,ERR,ERR,ERR,ERR,ERR,ERR,ERR,ERR,ERR,ERR,ERR,ERR,ERR,ERR,ERR,ERR,ERR,ERR,ERR,ERR,ERR,ERR,ERR,ERR,ERR,ERR,ERR,ERR,ERR,ERR,ERR,ERR,ERR,ERR,0.0,-0.0,0.0,0.0,0.0,-0.0,2.990820378607343e+28,-3.280067661949735e+20,4300,0,8,17169,4300,0.0,41,0.0,0.0,0.0,0.0,2.7184166902131945e+23,0,0,0,0,0.0,0,0,0,0,0,0,0,0,0,0,0,0,0,0,0,0,0,0,0,0,0,0,0,0,0,0,0,0,0,0,0,0,0,10,38,37,47,65476,410,65476,1,0,4,21553,0.0,0.0,0.0,0.0,0.0,0.0,0.0,0.0,0.0,0.0,0.0,0.0,0.0,0.0,0.0,0.0,0.0,0.0,0.0,0.0,0.0,2.004,2.004,-0.0,-3.697074863047967e+19,-3.69707618246192e+19,0.0,0.0,0.0,0.0,6471.0,0.0,0.0,0.0,-0.0,-107616248.0,107616272.0,0.0,0.0,2.004,2.004,227,0.059,3.222023796532012e+26,0.0,0.0,0.0,0.0,0.0,0.0,0.0,0,0,0,-4.431037422648432e+26,2.865041694685601e+33,-0.0,-0.0,-0.0,-0.0,0.0,-0.0,0.0,-1.131740628398718e+28,-12.267,40757264121856.0,0.0,0.0,0.0,-2559951.0,0,1.3516416376850534e+27,227,0.0,454,2.40156025918058e+36,599251620986880.0,2114,52429,17109,0,17112,0,17096,0,0,0,101,100,100,0.0,65.1,0.0,65.9,-107615248.0,65.0,1,49,50,180,52429,52429,0,0,0.0,0.0,0.0,60.0,2.266541209187021e+36,71.0,0.0,-0.0,0.0,1069,0,1069,0,0,0,1069,0,1080,0,1000,0,654,0,656,0,651,0,677,0.032,1.4536034330083127e+22,0.0,0.0,40720,16814,2.266541209187021e+36,-0.0,3.6635314795180462e+22,-7.701335380915998e+37,3.743628360005215e+31,-2245203951878144.0,50.0,60.0,35,0.0,0.0,10.0,2.0,0.0,0.0,0.0,0.0,0.0,0.0,0.0,0.0,0.0,0.0,0.0,0.0,59.2,33,27,65530,27,65476,706,65476,1,0,4,20529,65476,0,0,30147,60.0,0.0,10.0,10.0,2.0,0.0
2026-02-16T12:31:54,ERR,ERR,ERR,ERR,ERR,ERR,ERR,ERR,ERR,ERR,ERR,ERR,ERR,ERR,ERR,ERR,ERR,ERR,ERR,ERR,ERR,ERR,ERR,ERR,ERR,ERR,ERR,ERR,ERR,ERR,ERR,ERR,ERR,ERR,ERR,ERR,ERR,ERR,ERR,ERR,ERR,ERR,ERR,ERR,ERR,ERR,ERR,ERR,ERR,ERR,ERR,ERR,ERR,ERR,ERR,ERR,ERR,ERR,ERR,ERR,ERR,ERR,ERR,ERR,ERR,ERR,ERR,ERR,ERR,ERR,ERR,ERR,ERR,ERR,ERR,ERR,ERR,ERR,ERR,ERR,ERR,ERR,ERR,ERR,ERR,ERR,ERR,ERR,ERR,ERR,ERR,ERR,ERR,ERR,ERR,ERR,ERR,ERR,ERR,ERR,ERR,ERR,ERR,ERR,ERR,ERR,ERR,ERR,ERR,ERR,ERR,ERR,ERR,ERR,ERR,ERR,ERR,ERR,ERR,ERR,ERR,ERR,ERR,ERR,ERR,0.0,-0.0,0.0,0.0,0.0,-0.0,2.990820378607343e+28,-3.280067661949735e+20,4300,0,8,17169,4300,0.0,41,0.0,0.0,0.0,0.0,2.7184166902131945e+23,0,0,0,0,0.0,0,0,0,0,0,0,0,0,0,0,0,0,0,0,0,0,0,0,0,0,0,0,0,0,0,0,0,0,0,0,0,0,0,10,38,37,47,65476,410,65476,1,0,4,21553,0.0,0.0,0.0,0.0,0.0,0.0,0.0,0.0,0.0,0.0,0.0,0.0,0.0,0.0,0.0,0.0,0.0,0.0,0.0,0.0,0.0,2.004,2.004,-0.0,-3.697074863047967e+19,-3.69707618246192e+19,0.0,0.0,0.0,0.0,6471.0,0.0,0.0,0.0,-0.0,-107616248.0,107616272.0,0.0,0.0,2.004,2.004,227,0.059,3.222023796532012e+26,0.0,0.0,0.0,0.0,0.0,0.0,0.0,0,0,0,-4.431037422648432e+26,2.865041694685601e+33,-0.0,-0.0,-0.0,-0.0,0.0,-0.0,0.0,-1.131740628398718e+28,-12.267,40757264121856.0,0.0,0.0,0.0,-2559951.0,0,1.3516416376850534e+27,227,0.0,454,2.40156025918058e+36,599251620986880.0,2114,52429,17109,0,17112,0,17096,0,0,0,101,100,100,0.0,65.1,0.0,65.9,-107615248.0,65.0,1,49,50,180,52429,52429,0,0,0.0,0.0,0.0,60.0,-0.0,71.0,0.0,3700.083,0.0,1069,0,1069,0,0,0,1069,0,1080,0,1000,0,654,0,656,0,651,0,677,0.032,1.4609821306377965e+22,2.004,2.73023467606737e+23,50320,16814,-0.0,-71436968.0,0.0,-503303.469,0.0,-0.0,50.0,60.0,35,0.0,0.0,10.0,2.0,0.0,0.0,0.0,0.0,0.0,0.0,0.0,0.0,0.0,0.0,0.0,0.0,59.2,33,27,65530,27,65476,706,65476,1,0,4,20529,65476,0,0,30147,60.0,0.0,10.0,10.0,2.0,0.0
2026-02-16T12:31:55,ERR,ERR,ERR,ERR,ERR,ERR,ERR,ERR,ERR,ERR,ERR,ERR,ERR,ERR,ERR,ERR,ERR,ERR,ERR,ERR,ERR,ERR,ERR,ERR,ERR,ERR,ERR,ERR,ERR,ERR,ERR,ERR,ERR,ERR,ERR,ERR,ERR,ERR,ERR,ERR,ERR,ERR,ERR,ERR,ERR,ERR,ERR,ERR,ERR,ERR,ERR,ERR,ERR,ERR,ERR,ERR,ERR,ERR,ERR,ERR,ERR,ERR,ERR,ERR,ERR,ERR,ERR,ERR,ERR,ERR,ERR,ERR,ERR,ERR,ERR,ERR,ERR,ERR,ERR,ERR,ERR,ERR,ERR,ERR,ERR,ERR,ERR,ERR,ERR,ERR,ERR,ERR,ERR,ERR,ERR,ERR,ERR,ERR,ERR,ERR,ERR,ERR,ERR,ERR,ERR,ERR,ERR,ERR,ERR,ERR,ERR,ERR,ERR,ERR,ERR,ERR,ERR,ERR,ERR,ERR,ERR,ERR,ERR,ERR,ERR,0.0,-0.0,0.0,0.0,0.0,-0.0,2.990820378607343e+28,-3.280067661949735e+20,4300,0,8,17169,4300,0.0,41,0.0,0.0,0.0,0.0,2.7184166902131945e+23,0,0,0,0,0.0,0,0,0,0,0,0,0,0,0,0,0,0,0,0,0,0,0,0,0,0,0,0,0,0,0,0,0,0,0,0,0,0,0,10,38,37,47,65476,410,65476,1,0,4,21553,0.0,0.0,0.0,0.0,0.0,0.0,0.0,0.0,0.0,0.0,0.0,0.0,0.0,0.0,0.0,0.0,0.0,0.0,0.0,0.0,0.0,2.004,2.004,-0.0,-3.697074863047967e+19,-3.69707618246192e+19,0.0,0.0,0.0,0.0,6471.0,0.0,0.0,0.0,-0.0,-107616248.0,107616272.0,0.0,0.0,2.004,2.004,227,0.059,3.222023796532012e+26,0.0,0.0,0.0,0.0,0.0,0.0,0.0,0,0,0,-4.431037422648432e+26,2.865041694685601e+33,-0.0,-0.0,-0.0,-0.0,0.0,-0.0,0.0,-1.131740628398718e+28,-12.267,40757264121856.0,0.0,0.0,0.0,-2559951.0,0,1.3516416376850534e+27,227,0.0,454,2.40156025918058e+36,599251620986880.0,2114,52429,17109,0,17112,0,17096,0,0,0,101,100,100,0.0,65.1,0.0,65.9,-107615248.0,65.0,1,49,50,180,52429,52429,0,0,0.0,0.0,0.0,60.0,-0.0,71.0,0.0,3700.083,0.0,1069,0,1069,0,0,0,1069,0,1080,0,1000,0,654,0,656,0,651,0,677,0.032,1.4609821306377965e+22,2.004,2.73023467606737e+23,50320,16814,-0.0,-71436968.0,0.0,-503303.469,0.0,-0.0,50.0,60.0,35,0.0,0.0,10.0,2.0,0.0,0.0,0.0,0.0,0.0,0.0,0.0,0.0,0.0,0.0,0.0,0.0,58.8,32,28,65531,27,65476,706,65476,1,0,4,20529,65476,0,0,30147,60.0,0.0,10.0,10.0,2.0,0.0
2026-02-16T12:31:56,ERR,ERR,ERR,ERR,ERR,ERR,ERR,ERR,ERR,ERR,ERR,ERR,ERR,ERR,ERR,ERR,ERR,ERR,ERR,ERR,ERR,ERR,ERR,ERR,ERR,ERR,ERR,ERR,ERR,ERR,ERR,ERR,ERR,ERR,ERR,ERR,ERR,ERR,ERR,ERR,ERR,ERR,ERR,ERR,ERR,ERR,ERR,ERR,ERR,ERR,ERR,ERR,ERR,ERR,ERR,ERR,ERR,ERR,ERR,ERR,ERR,ERR,ERR,ERR,ERR,ERR,ERR,ERR,ERR,ERR,ERR,ERR,ERR,ERR,ERR,ERR,ERR,ERR,ERR,ERR,ERR,ERR,ERR,ERR,ERR,ERR,ERR,ERR,ERR,ERR,ERR,ERR,ERR,ERR,ERR,ERR,ERR,ERR,ERR,ERR,ERR,ERR,ERR,ERR,ERR,ERR,ERR,ERR,ERR,ERR,ERR,ERR,ERR,ERR,ERR,ERR,ERR,ERR,ERR,ERR,ERR,ERR,ERR,ERR,ERR,0.0,-0.0,0.0,0.0,0.0,-0.0,2.990820378607343e+28,-3.280067661949735e+20,4300,0,8,17169,4300,0.0,41,0.0,0.0,0.0,0.0,2.7184166902131945e+23,0,0,0,0,0.0,0,0,0,0,0,0,0,0,0,0,0,0,0,0,0,0,0,0,0,0,0,0,0,0,0,0,0,0,0,0,0,0,0,10,38,37,47,65476,410,65476,1,0,4,21553,0.0,0.0,0.0,0.0,0.0,0.0,0.0,0.0,0.0,0.0,0.0,0.0,0.0,0.0,0.0,0.0,0.0,0.0,0.0,0.0,0.0,2.004,2.004,-0.0,-3.697074863047967e+19,-3.69707618246192e+19,0.0,0.0,0.0,0.0,6471.0,0.0,0.0,0.0,-0.0,-107616248.0,107616272.0,0.0,0.0,2.004,2.004,227,0.059,3.222023796532012e+26,0.0,0.0,0.0,0.0,0.0,0.0,0.0,0,0,0,-4.431037422648432e+26,2.865041694685601e+33,-0.0,-0.0,-0.0,-0.0,0.0,-0.0,0.0,-1.131740628398718e+28,-12.267,40757264121856.0,0.0,0.0,0.0,-2559951.0,0,1.3516416376850534e+27,227,0.0,454,2.40156025918058e+36,599251620986880.0,2114,52429,17109,0,17112,0,17096,0,0,0,101,100,100,0.0,65.1,0.0,65.9,-107615248.0,65.0,1,49,50,180,52429,52429,0,0,0.0,0.0,0.0,60.0,-0.0,71.0,0.0,3700.083,0.0,1069,0,1069,0,0,0,1069,0,1080,0,1000,0,654,0,656,0,651,0,677,0.032,1.4609821306377965e+22,2.004,2.73023467606737e+23,50320,16814,-0.0,-71436968.0,0.0,-503303.469,0.0,-0.0,50.0,60.0,35,0.0,0.0,10.0,2.0,0.0,0.0,0.0,0.0,0.0,0.0,0.0,0.0,0.0,0.0,0.0,0.0,58.8,32,28,65531,27,65476,706,65476,1,0,4,20529,65476,0,0,30147,60.0,0.0,10.0,10.0,2.0,0.0
2026-02-16T12:31:57,ERR,ERR,ERR,ERR,ERR,ERR,ERR,ERR,ERR,ERR,ERR,ERR,ERR,ERR,ERR,ERR,ERR,ERR,ERR,ERR,ERR,ERR,ERR,ERR,ERR,ERR,ERR,ERR,ERR,ERR,ERR,ERR,ERR,ERR,ERR,ERR,ERR,ERR,ERR,ERR,ERR,ERR,ERR,ERR,ERR,ERR,ERR,ERR,ERR,ERR,ERR,ERR,ERR,ERR,ERR,ERR,ERR,ERR,ERR,ERR,ERR,ERR,ERR,ERR,ERR,ERR,ERR,ERR,ERR,ERR,ERR,ERR,ERR,ERR,ERR,ERR,ERR,ERR,ERR,ERR,ERR,ERR,ERR,ERR,ERR,ERR,ERR,ERR,ERR,ERR,ERR,ERR,ERR,ERR,ERR,ERR,ERR,ERR,ERR,ERR,ERR,ERR,ERR,ERR,ERR,ERR,ERR,ERR,ERR,ERR,ERR,ERR,ERR,ERR,ERR,ERR,ERR,ERR,ERR,ERR,ERR,ERR,ERR,ERR,ERR,0.0,-0.0,2.7420187948523476e+23,0.0,-0.0,8.236062633530082e+25,-9.759502303654967e+27,-0.0,4300,0,8,17169,4300,0.0,41,0.0,0.0,0.0,0.0,2.7184166902131945e+23,0,0,0,0,0.0,0,0,0,0,0,0,0,0,0,0,0,0,0,0,0,0,0,0,0,0,0,0,0,0,0,0,0,0,0,0,0,0,0,9,38,37,47,65476,410,65476,1,0,4,21553,0.0,-0.0,0.0,0.0,0.0,0.0,0.0,0.0,0.0,0.0,0.0,0.0,0.0,0.0,0.0,0.0,0.0,0.0,0.0,0.0,0.0,2.004,2.004,-2.004,-3.697074863047967e+19,-3.69707618246192e+19,0.0,0.0,0.0,0.0,6435.0,-1.5879378533739454e+29,0.0,0.0,-0.0,-107616248.0,0.0,0.0,0.0,2.004,2.004,227,0.0,71.63,0.0,0.0,0.0,0.0,0.0,0.0,0.0,0,0,0,-7397986141208576.0,3.7374206875244257e+22,7.363007566844486e+26,0.0,4.792217031615185e+19,-0.0,-6267656.5,-1.2891097857297054e+36,0.0,-1.2323232565906551e+28,-13.08,44055799005184.0,0.0,0.0,0.0,-0.0,0,1.3516416376850534e+27,227,0.0,454,-621855232.0,5.6142779363101766e+35,2114,0,17110,0,17112,0,17096,0,0,0,101,100,100,0.0,65.1,0.0,65.9,-107615248.0,65.0,1,49,50,180,52429,52429,0,0,0.0,0.0,0.0,60.0,-0.0,71.0,0.0,2.83804214203522e+29,0.0,1069,0,1069,0,0,0,1070,0,1080,0,1000,0,654,0,656,0,651,0,676,0.032,1.4609821306377965e+22,0.0,0.0,53648,16814,-0.0,-165.255,-2.8063117025581466e+17,-6.367,0.0,139.25,50.0,60.0,35,0.0,0.0,10.0,2.0,0.0,0.0,0.0,0.0,0.0,0.0,0.0,0.0,0.0,0.0,0.0,0.0,58.8,30,30,65533,27,65476,718,300,1,0,8,20529,65476,0,0,30147,60.0,0.0,10.0,10.0,2.0,0.0
2026-02-16T12:31:58,ERR,ERR,ERR,ERR,ERR,ERR,ERR,ERR,ERR,ERR,ERR,ERR,ERR,ERR,ERR,ERR,ERR,ERR,ERR,ERR,ERR,ERR,ERR,ERR,ERR,ERR,ERR,ERR,ERR,ERR,ERR,ERR,ERR,ERR,ERR,ERR,ERR,ERR,ERR,ERR,ERR,ERR,ERR,ERR,ERR,ERR,ERR,ERR,ERR,ERR,ERR,ERR,ERR,ERR,ERR,ERR,ERR,ERR,ERR,ERR,ERR,ERR,ERR,ERR,ERR,ERR,ERR,ERR,ERR,ERR,ERR,ERR,ERR,ERR,ERR,ERR,ERR,ERR,ERR,ERR,ERR,ERR,ERR,ERR,ERR,ERR,ERR,ERR,ERR,ERR,ERR,ERR,ERR,ERR,ERR,ERR,ERR,ERR,ERR,ERR,ERR,ERR,ERR,ERR,ERR,ERR,ERR,ERR,ERR,ERR,ERR,ERR,ERR,ERR,ERR,ERR,ERR,ERR,ERR,ERR,ERR,ERR,ERR,ERR,ERR,0.0,-0.0,2.7420187948523476e+23,0.0,-0.0,8.236062633530082e+25,-9.759502303654967e+27,-0.0,4300,0,8,17169,4300,0.0,41,0.0,0.0,0.0,0.0,2.7184166902131945e+23,0,0,0,0,0.0,0,0,0,0,0,0,0,0,0,0,0,0,0,0,0,0,0,0,0,0,0,0,0,0,0,0,0,0,0,0,0,0,0,9,38,37,47,65476,410,65476,1,0,4,21553,0.0,-0.0,0.0,0.0,0.0,0.0,0.0,0.0,0.0,0.0,0.0,0.0,0.0,0.0,0.0,0.0,0.0,0.0,0.0,0.0,0.0,2.004,2.004,-2.004,-3.697074863047967e+19,-3.69707618246192e+19,0.0,0.0,0.0,0.0,6435.0,-1.5879378533739454e+29,0.0,0.0,-0.0,-107616248.0,0.0,0.0,0.0,2.004,2.004,227,0.0,71.63,0.0,0.0,0.0,0.0,0.0,0.0,0.0,0,0,0,-7397986141208576.0,3.7374206875244257e+22,7.363007566844486e+26,0.0,4.792217031615185e+19,-0.0,-6267656.5,-1.2891097857297054e+36,0.0,-1.2323232565906551e+28,-13.08,44055799005184.0,0.0,0.0,0.0,-0.0,0,1.3516416376850534e+27,227,0.0,454,-621855232.0,5.6142779363101766e+35,2114,0,17110,0,17112,0,17096,0,0,0,101,100,100,0.0,65.1,0.0,65.9,-107615248.0,65.0,1,49,50,180,52429,52429,0,0,0.0,0.0,0.0,60.0,-0.0,71.0,0.0,2.83804214203522e+29,0.0,1069,0,1069,0,0,0,1070,0,1080,0,1000,0,654,0,656,0,651,0,676,0.032,1.4609821306377965e+22,0.0,0.0,53648,16814,-0.0,-165.255,-2.8063117025581466e+17,-6.367,0.0,139.25,50.0,60.0,35,0.0,0.0,10.0,2.0,0.0,0.0,0.0,0.0,0.0,0.0,0.0,0.0,0.0,0.0,0.0,0.0,58.8,30,31,65534,27,65476,718,300,0,0,8,20529,65476,0,0,30147,60.0,0.0,10.0,10.0,2.0,0.0
2026-02-16T12:31:59,ERR,ERR,ERR,ERR,ERR,ERR,ERR,ERR,ERR,ERR,ERR,ERR,ERR,ERR,ERR,ERR,ERR,ERR,ERR,ERR,ERR,ERR,ERR,ERR,ERR,ERR,ERR,ERR,ERR,ERR,ERR,ERR,ERR,ERR,ERR,ERR,ERR,ERR,ERR,ERR,ERR,ERR,ERR,ERR,ERR,ERR,ERR,ERR,ERR,ERR,ERR,ERR,ERR,ERR,ERR,ERR,ERR,ERR,ERR,ERR,ERR,ERR,ERR,ERR,ERR,ERR,ERR,ERR,ERR,ERR,ERR,ERR,ERR,ERR,ERR,ERR,ERR,ERR,ERR,ERR,ERR,ERR,ERR,ERR,ERR,ERR,ERR,ERR,ERR,ERR,ERR,ERR,ERR,ERR,ERR,ERR,ERR,ERR,ERR,ERR,ERR,ERR,ERR,ERR,ERR,ERR,ERR,ERR,ERR,ERR,ERR,ERR,ERR,ERR,ERR,ERR,ERR,ERR,ERR,ERR,ERR,ERR,ERR,ERR,ERR,0.0,-0.0,2.7420187948523476e+23,0.0,-0.0,8.236062633530082e+25,-9.759502303654967e+27,-0.0,4300,0,8,17169,4300,0.0,41,0.0,0.0,0.0,0.0,2.7184166902131945e+23,0,0,0,0,0.0,0,0,0,0,0,0,0,0,0,0,0,0,0,0,0,0,0,0,0,0,0,0,0,0,0,0,0,0,0,0,0,0,0,9,38,37,47,65476,410,65476,1,0,4,21553,0.0,-0.0,0.0,0.0,0.0,0.0,0.0,0.0,0.0,0.0,0.0,0.0,0.0,0.0,0.0,0.0,0.0,0.0,0.0,0.0,0.0,2.004,2.004,-2.004,-3.697074863047967e+19,-3.69707618246192e+19,0.0,0.0,0.0,0.0,6435.0,-1.5879378533739454e+29,0.0,0.0,-0.0,-107616248.0,0.0,0.0,0.0,2.004,2.004,227,0.0,71.63,0.0,0.0,0.0,0.0,0.0,0.0,0.0,0,0,0,-7397986141208576.0,3.7374206875244257e+22,7.363007566844486e+26,0.0,4.792217031615185e+19,-0.0,-6267656.5,-1.2891097857297054e+36,0.0,-1.2323232565906551e+28,-13.08,44055799005184.0,0.0,0.0,0.0,-0.0,0,1.3516416376850534e+27,227,0.0,454,-621855232.0,5.6142779363101766e+35,2114,0,17110,0,17112,0,17096,0,0,0,101,100,100,0.0,65.1,0.0,65.9,-107615248.0,65.0,1,49,50,180,52429,52429,0,0,0.0,0.0,0.0,60.0,-0.0,71.0,0.0,2.83804214203522e+29,0.0,1069,0,1069,0,0,0,1070,0,1080,0,1000,0,654,0,656,0,651,0,676,0.032,1.4609821306377965e+22,0.0,0.0,53648,16814,-0.0,-165.255,-2.8063117025581466e+17,-6.367,0.0,139.25,50.0,60.0,35,0.0,0.0,10.0,2.0,0.0,0.0,0.0,0.0,0.0,0.0,0.0,0.0,0.0,0.0,0.0,0.0,58.8,30,31,65534,27,65476,718,300,0,0,8,20529,65476,0,0,30147,60.0,0.0,10.0,10.0,2.0,0.0
2026-02-16T12:32:00,ERR,ERR,ERR,ERR,ERR,ERR,ERR,ERR,ERR,ERR,ERR,ERR,ERR,ERR,ERR,ERR,ERR,ERR,ERR,ERR,ERR,ERR,ERR,ERR,ERR,ERR,ERR,ERR,ERR,ERR,ERR,ERR,ERR,ERR,ERR,ERR,ERR,ERR,ERR,ERR,ERR,ERR,ERR,ERR,ERR,ERR,ERR,ERR,ERR,ERR,ERR,ERR,ERR,ERR,ERR,ERR,ERR,ERR,ERR,ERR,ERR,ERR,ERR,ERR,ERR,ERR,ERR,ERR,ERR,ERR,ERR,ERR,ERR,ERR,ERR,ERR,ERR,ERR,ERR,ERR,ERR,ERR,ERR,ERR,ERR,ERR,ERR,ERR,ERR,ERR,ERR,ERR,ERR,ERR,ERR,ERR,ERR,ERR,ERR,ERR,ERR,ERR,ERR,ERR,ERR,ERR,ERR,ERR,ERR,ERR,ERR,ERR,ERR,ERR,ERR,ERR,ERR,ERR,ERR,ERR,ERR,ERR,ERR,ERR,ERR,0.0,-0.0,2.7420187948523476e+23,0.0,-0.0,8.236062633530082e+25,-9.759502303654967e+27,-0.0,4300,0,8,17169,4300,0.0,41,0.0,0.0,0.0,0.0,2.7184166902131945e+23,0,0,0,0,0.0,0,0,0,0,0,0,0,0,0,0,0,0,0,0,0,0,0,0,0,0,0,0,0,0,0,0,0,0,0,0,0,0,0,9,38,37,47,65476,410,65476,1,0,4,21553,0.0,-0.0,0.0,0.0,0.0,0.0,0.0,0.0,0.0,0.0,0.0,0.0,0.0,0.0,0.0,0.0,0.0,0.0,0.0,0.0,0.0,2.004,2.004,-2.004,-3.697074863047967e+19,-3.69707618246192e+19,0.0,0.0,0.0,0.0,6435.0,-1.5879378533739454e+29,0.0,0.0,-0.0,-107616248.0,0.0,0.0,0.0,2.004,2.004,227,0.0,71.63,0.0,0.0,0.0,0.0,0.0,0.0,0.0,0,0,0,-7397986141208576.0,3.7374206875244257e+22,7.363007566844486e+26,0.0,4.792217031615185e+19,-0.0,-6267656.5,-1.2891097857297054e+36,0.0,-1.2323232565906551e+28,-13.08,44055799005184.0,0.0,0.0,0.0,-0.0,0,1.3516416376850534e+27,227,0.0,454,-621855232.0,5.6142779363101766e+35,2114,0,17110,0,17112,0,17096,0,0,0,101,100,100,0.0,65.1,0.0,65.9,-107615248.0,65.0,1,49,50,180,52429,52429,0,0,0.0,0.0,0.0,60.0,-0.0,71.0,0.0,2.83804214203522e+29,0.0,1069,0,1069,0,0,0,1070,0,1080,0,1000,0,654,0,656,0,651,0,676,0.032,1.4609821306377965e+22,0.0,0.0,53648,16814,-0.0,-165.255,-2.8063117025581466e+17,-6.367,0.0,139.25,50.0,60.0,35,0.0,0.0,10.0,2.0,0.0,0.0,0.0,0.0,0.0,0.0,0.0,0.0,0.0,0.0,0.0,0.0,58.8,28,32,65535,27,65476,557,300,0,0,8,20529,65476,0,0,30147,60.0,0.0,10.0,10.0,2.0,0.0
2026-02-16T12:32:01,ERR,ERR,ERR,ERR,ERR,ERR,ERR,ERR,ERR,ERR,ERR,ERR,ERR,ERR,ERR,ERR,ERR,ERR,ERR,ERR,ERR,ERR,ERR,ERR,ERR,ERR,ERR,ERR,ERR,ERR,ERR,ERR,ERR,ERR,ERR,ERR,ERR,ERR,ERR,ERR,ERR,ERR,ERR,ERR,ERR,ERR,ERR,ERR,ERR,ERR,ERR,ERR,ERR,ERR,ERR,ERR,ERR,ERR,ERR,ERR,ERR,ERR,ERR,ERR,ERR,ERR,ERR,ERR,ERR,ERR,ERR,ERR,ERR,ERR,ERR,ERR,ERR,ERR,ERR,ERR,ERR,ERR,ERR,ERR,ERR,ERR,ERR,ERR,ERR,ERR,ERR,ERR,ERR,ERR,ERR,ERR,ERR,ERR,ERR,ERR,ERR,ERR,ERR,ERR,ERR,ERR,ERR,ERR,ERR,ERR,ERR,ERR,ERR,ERR,ERR,ERR,ERR,ERR,ERR,ERR,ERR,ERR,ERR,ERR,ERR,0.0,-0.0,2.7420187948523476e+23,0.0,-0.0,8.236062633530082e+25,-9.759502303654967e+27,-0.0,4300,0,8,17169,4300,0.0,41,0.0,0.0,0.0,0.0,2.7184166902131945e+23,0,0,0,0,0.0,0,0,0,0,0,0,0,0,0,0,0,0,0,0,0,0,0,0,0,0,0,0,0,0,0,0,0,0,0,0,0,0,0,9,38,37,47,65476,410,65476,1,0,4,21553,0.0,-0.0,0.0,0.0,0.0,0.0,0.0,0.0,0.0,0.0,0.0,0.0,0.0,0.0,0.0,0.0,0.0,0.0,0.0,0.0,0.0,2.004,2.004,-2.004,-3.697074863047967e+19,-3.69707618246192e+19,0.0,0.0,0.0,0.0,6435.0,-1.5879378533739454e+29,0.0,0.0,-0.0,-107616248.0,0.0,0.0,0.0,2.004,2.004,227,0.0,71.63,0.0,0.0,0.0,0.0,0.0,0.0,0.0,0,0,0,-7397986141208576.0,3.7374206875244257e+22,7.363007566844486e+26,0.0,4.792217031615185e+19,-0.0,-6267656.5,-1.2891097857297054e+36,0.0,-1.2323232565906551e+28,-13.08,44055799005184.0,0.0,0.0,0.0,-0.0,0,1.3516416376850534e+27,227,0.0,454,-621855232.0,5.6142779363101766e+35,2114,52429,17109,0,17112,0,17096,0,0,0,101,100,100,0.0,65.1,0.0,65.9,-107615248.0,65.0,1,49,50,180,52429,52429,0,0,0.0,0.0,0.0,60.0,-0.0,71.0,0.0,5.3546916155219404e+35,0.0,1069,0,1069,0,0,0,1070,0,1080,0,1000,0,654,0,656,0,651,0,676,0.032,1.4536034330083127e+22,0.0,0.0,34448,16814,-0.0,5.3546916155219404e+35,-1.26,0.0,-8.900781447346041e+21,0.0,50.0,60.0,35,0.0,0.0,10.0,2.0,0.0,0.0,0.0,0.0,0.0,0.0,0.0,0.0,0.0,0.0,0.0,0.0,58.8,28,32,65535,27,65476,557,300,0,0,8,20529,65476,0,0,30147,60.0,0.0,10.0,10.0,2.0,0.0
2026-02-16T12:32:02,ERR,ERR,ERR,ERR,ERR,ERR,ERR,ERR,ERR,ERR,ERR,ERR,ERR,ERR,ERR,ERR,ERR,ERR,ERR,ERR,ERR,ERR,ERR,ERR,ERR,ERR,ERR,ERR,ERR,ERR,ERR,ERR,ERR,ERR,ERR,ERR,ERR,ERR,ERR,ERR,ERR,ERR,ERR,ERR,ERR,ERR,ERR,ERR,ERR,ERR,ERR,ERR,ERR,ERR,ERR,ERR,ERR,ERR,ERR,ERR,ERR,ERR,ERR,ERR,ERR,ERR,ERR,ERR,ERR,ERR,ERR,ERR,ERR,ERR,ERR,ERR,ERR,ERR,ERR,ERR,ERR,ERR,ERR,ERR,ERR,ERR,ERR,ERR,ERR,ERR,ERR,ERR,ERR,ERR,ERR,ERR,ERR,ERR,ERR,ERR,ERR,ERR,ERR,ERR,ERR,ERR,ERR,ERR,ERR,ERR,ERR,ERR,ERR,ERR,ERR,ERR,ERR,ERR,ERR,ERR,ERR,ERR,ERR,ERR,ERR,0.0,-0.0,2.7420187948523476e+23,0.0,-0.0,-0.0,0.0,1.695980573904065e+30,4300,0,8,17169,4300,0.0,41,0.0,0.0,0.0,0.0,2.7184166902131945e+23,0,0,0,0,0.0,0,0,0,0,0,0,0,0,0,0,0,0,0,0,0,0,0,0,0,0,0,0,0,0,0,0,0,0,0,0,0,0,0,9,38,37,47,65476,409,65476,1,0,4,21553,0.0,0.0,0.0,0.0,0.0,0.0,0.0,0.0,0.0,0.0,0.0,0.0,0.0,0.0,0.0,0.0,0.0,0.0,0.0,0.0,0.0,2.004,2.004,-2.004,-3.697074863047967e+19,3.69707618246192e+19,0.0,0.0,0.0,0.0,6462.0,-0.0,0.0,0.0,-0.0,0.0,-2.7184507374263774e+23,0.0,0.0,2.004,2.004,226,-2.3088280513417105e+20,0.0,0.0,0.0,0.0,0.0,0.0,0.0,0.0,0,0,0,-6.659043449847474e+24,-0.0,1.0850715941616936e+38,-0.0,5.006134445075061e+34,-9.881912153374922e+23,0.0,332.547,-0.0,-1.3251687595370586e+28,-13.767,47354333888512.0,0.0,0.0,0.0,-8.382150034440651e+31,0,1.3516416376850534e+27,226,0.0,452,2.40156025918058e+36,-0.235,2114,52429,17109,0,17112,0,17096,0,0,0,101,100,100,0.0,65.1,0.0,65.9,-107615248.0,65.0,1,49,50,180,52429,52429,0,0,0.0,0.0,0.0,60.0,-0.0,71.0,0.0,5.3546916155219404e+35,0.0,1069,0,1069,0,0,0,1070,0,1080,0,1000,0,654,0,656,0,651,0,676,0.032,1.4536034330083127e+22,0.0,0.0,34448,16814,-0.0,5.3546916155219404e+35,-1.26,0.0,-8.900781447346041e+21,0.0,50.0,60.0,35,0.0,0.0,10.0,2.0,0.0,0.0,0.0,0.0,0.0,0.0,0.0,0.0,0.0,0.0,0.0,0.0,58.8,29,31,65534,27,65476,397,300,0,0,8,20529,65476,0,0,30147,60.0,0.0,10.0,10.0,2.0,0.0
2026-02-16T12:32:03,ERR,ERR,ERR,ERR,ERR,ERR,ERR,ERR,ERR,ERR,ERR,ERR,ERR,ERR,ERR,ERR,ERR,ERR,ERR,ERR,ERR,ERR,ERR,ERR,ERR,ERR,ERR,ERR,ERR,ERR,ERR,ERR,ERR,ERR,ERR,ERR,ERR,ERR,ERR,ERR,ERR,ERR,ERR,ERR,ERR,ERR,ERR,ERR,ERR,ERR,ERR,ERR,ERR,ERR,ERR,ERR,ERR,ERR,ERR,ERR,ERR,ERR,ERR,ERR,ERR,ERR,ERR,ERR,ERR,ERR,ERR,ERR,ERR,ERR,ERR,ERR,ERR,ERR,ERR,ERR,ERR,ERR,ERR,ERR,ERR,ERR,ERR,ERR,ERR,ERR,ERR,ERR,ERR,ERR,ERR,ERR,ERR,ERR,ERR,ERR,ERR,ERR,ERR,ERR,ERR,ERR,ERR,ERR,ERR,ERR,ERR,ERR,ERR,ERR,ERR,ERR,ERR,ERR,ERR,ERR,ERR,ERR,ERR,ERR,ERR,0.0,-0.0,2.7420187948523476e+23,0.0,-0.0,-0.0,0.0,1.695980573904065e+30,4300,0,8,17169,4300,0.0,41,0.0,0.0,0.0,0.0,2.7184166902131945e+23,0,0,0,0,0.0,0,0,0,0,0,0,0,0,0,0,0,0,0,0,0,0,0,0,0,0,0,0,0,0,0,0,0,0,0,0,0,0,0,9,38,37,47,65476,409,65476,1,0,4,21553,0.0,0.0,0.0,0.0,0.0,0.0,0.0,0.0,0.0,0.0,0.0,0.0,0.0,0.0,0.0,0.0,0.0,0.0,0.0,0.0,0.0,2.004,2.004,-2.004,-3.697074863047967e+19,3.69707618246192e+19,0.0,0.0,0.0,0.0,6462.0,-0.0,0.0,0.0,-0.0,0.0,-2.7184507374263774e+23,0.0,0.0,2.004,2.004,226,-2.3088280513417105e+20,0.0,0.0,0.0,0.0,0.0,0.0,0.0,0.0,0,0,0,-6.659043449847474e+24,-0.0,1.0850715941616936e+38,-0.0,5.006134445075061e+34,-9.881912153374922e+23,0.0,332.547,-0.0,-1.3251687595370586e+28,-13.767,47354333888512.0,0.0,0.0,0.0,-8.382150034440651e+31,0,1.3516416376850534e+27,226,0.0,452,2.40156025918058e+36,-0.235,2114,52429,17109,0,17112,0,17096,0,0,0,101,100,100,0.0,65.1,0.0,65.9,-107615248.0,65.0,1,49,50,180,52429,52429,0,0,0.0,0.0,0.0,60.0,-0.0,71.0,0.0,5.3546916155219404e+35,0.0,1069,0,1069,0,0,0,1070,0,1080,0,1000,0,654,0,656,0,651,0,676,0.032,1.4536034330083127e+22,0.0,0.0,34448,16814,-0.0,5.3546916155219404e+35,-1.26,0.0,-8.900781447346041e+21,0.0,50.0,60.0,35,0.0,0.0,10.0,2.0,0.0,0.0,0.0,0.0,0.0,0.0,0.0,0.0,0.0,0.0,0.0,0.0,58.8,32,28,65531,27,65476,319,300,0,0,8,20529,65476,0,0,30147,60.0,0.0,10.0,10.0,2.0,0.0
2026-02-16T12:32:04,ERR,ERR,ERR,ERR,ERR,ERR,ERR,ERR,ERR,ERR,ERR,ERR,ERR,ERR,ERR,ERR,ERR,ERR,ERR,ERR,ERR,ERR,ERR,ERR,ERR,ERR,ERR,ERR,ERR,ERR,ERR,ERR,ERR,ERR,ERR,ERR,ERR,ERR,ERR,ERR,ERR,ERR,ERR,ERR,ERR,ERR,ERR,ERR,ERR,ERR,ERR,ERR,ERR,ERR,ERR,ERR,ERR,ERR,ERR,ERR,ERR,ERR,ERR,ERR,ERR,ERR,ERR,ERR,ERR,ERR,ERR,ERR,ERR,ERR,ERR,ERR,ERR,ERR,ERR,ERR,ERR,ERR,ERR,ERR,ERR,ERR,ERR,ERR,ERR,ERR,ERR,ERR,ERR,ERR,ERR,ERR,ERR,ERR,ERR,ERR,ERR,ERR,ERR,ERR,ERR,ERR,ERR,ERR,ERR,ERR,ERR,ERR,ERR,ERR,ERR,ERR,ERR,ERR,ERR,ERR,ERR,ERR,ERR,ERR,ERR,0.0,-0.0,2.7420187948523476e+23,0.0,-0.0,-0.0,0.0,1.695980573904065e+30,4300,0,8,17169,4300,0.0,41,0.0,0.0,0.0,0.0,2.7184166902131945e+23,0,0,0,0,0.0,0,0,0,0,0,0,0,0,0,0,0,0,0,0,0,0,0,0,0,0,0,0,0,0,0,0,0,0,0,0,0,0,0,9,38,37,47,65476,409,65476,1,0,4,21553,0.0,0.0,0.0,0.0,0.0,0.0,0.0,0.0,0.0,0.0,0.0,0.0,0.0,0.0,0.0,0.0,0.0,0.0,0.0,0.0,0.0,2.004,2.004,-2.004,-3.697074863047967e+19,3.69707618246192e+19,0.0,0.0,0.0,0.0,6462.0,-0.0,0.0,0.0,-0.0,0.0,-2.7184507374263774e+23,0.0,0.0,2.004,2.004,226,-2.3088280513417105e+20,0.0,0.0,0.0,0.0,0.0,0.0,0.0,0.0,0,0,0,-6.659043449847474e+24,-0.0,1.0850715941616936e+38,-0.0,5.006134445075061e+34,-9.881912153374922e+23,0.0,332.547,-0.0,-1.3251687595370586e+28,-13.767,47354333888512.0,0.0,0.0,0.0,-8.382150034440651e+31,0,1.3516416376850534e+27,226,0.0,452,2.40156025918058e+36,-0.235,2114,52429,17109,0,17112,0,17096,0,0,0,101,100,100,0.0,65.1,0.0,65.9,-107615248.0,65.0,1,49,50,180,52429,52429,0,0,0.0,0.0,0.0,60.0,-0.0,71.0,0.0,-3140.083,0.0,1069,0,1069,0,0,0,1069,0,1080,0,1000,0,654,0,656,0,651,0,676,0.032,1.4609821306377965e+22,0.0,0.0,34960,16814,-0.0,-3140.083,-0.0,0.0,-3326186496.0,0.0,50.0,60.0,35,0.0,0.0,10.0,2.0,0.0,0.0,0.0,0.0,0.0,0.0,0.0,0.0,0.0,0.0,0.0,0.0,58.8,32,28,65531,27,65476,319,300,0,0,8,20529,65476,0,0,30147,60.0,0.0,10.0,10.0,2.0,0.0
2026-02-16T12:32:05,ERR,ERR,ERR,ERR,ERR,ERR,ERR,ERR,ERR,ERR,ERR,ERR,ERR,ERR,ERR,ERR,ERR,ERR,ERR,ERR,ERR,ERR,ERR,ERR,ERR,ERR,ERR,ERR,ERR,ERR,ERR,ERR,ERR,ERR,ERR,ERR,ERR,ERR,ERR,ERR,ERR,ERR,ERR,ERR,ERR,ERR,ERR,ERR,ERR,ERR,ERR,ERR,ERR,ERR,ERR,ERR,ERR,ERR,ERR,ERR,ERR,ERR,ERR,ERR,ERR,ERR,ERR,ERR,ERR,ERR,ERR,ERR,ERR,ERR,ERR,ERR,ERR,ERR,ERR,ERR,ERR,ERR,ERR,ERR,ERR,ERR,ERR,ERR,ERR,ERR,ERR,ERR,ERR,ERR,ERR,ERR,ERR,ERR,ERR,ERR,ERR,ERR,ERR,ERR,ERR,ERR,ERR,ERR,ERR,ERR,ERR,ERR,ERR,ERR,ERR,ERR,ERR,ERR,ERR,ERR,ERR,ERR,ERR,ERR,ERR,0.0,-0.0,2.7420187948523476e+23,0.0,-0.0,-0.0,0.0,1.695980573904065e+30,4300,0,8,17169,4300,0.0,41,0.0,0.0,0.0,0.0,2.7184166902131945e+23,0,0,0,0,0.0,0,0,0,0,0,0,0,0,0,0,0,0,0,0,0,0,0,0,0,0,0,0,0,0,0,0,0,0,0,0,0,0,0,9,38,37,47,65476,409,65476,1,0,4,21553,0.0,0.0,0.0,0.0,0.0,0.0,0.0,0.0,0.0,0.0,0.0,0.0,0.0,0.0,0.0,0.0,0.0,0.0,0.0,0.0,0.0,2.004,2.004,-2.004,-3.697074863047967e+19,3.69707618246192e+19,0.0,0.0,0.0,0.0,6462.0,-0.0,0.0,0.0,-0.0,0.0,-2.7184507374263774e+23,0.0,0.0,2.004,2.004,226,-2.3088280513417105e+20,0.0,0.0,0.0,0.0,0.0,0.0,0.0,0.0,0,0,0,-6.659043449847474e+24,-0.0,1.0850715941616936e+38,-0.0,5.006134445075061e+34,-9.881912153374922e+23,0.0,332.547,-0.0,-1.3251687595370586e+28,-13.767,47354333888512.0,0.0,0.0,0.0,-8.382150034440651e+31,0,1.3516416376850534e+27,226,0.0,452,2.40156025918058e+36,-0.235,2114,52429,17109,0,17112,0,17096,0,0,0,101,100,100,0.0,65.1,0.0,65.9,-107615248.0,65.0,1,49,50,180,52429,52429,0,0,0.0,0.0,0.0,60.0,-0.0,71.0,0.0,-3140.083,0.0,1069,0,1069,0,0,0,1069,0,1080,0,1000,0,654,0,656,0,651,0,676,0.032,1.4609821306377965e+22,0.0,0.0,34960,16814,-0.0,-3140.083,-0.0,0.0,-3326186496.0,0.0,50.0,60.0,35,0.0,0.0,10.0,2.0,0.0,0.0,0.0,0.0,0.0,0.0,0.0,0.0,0.0,0.0,0.0,0.0,58.8,38,23,65525,27,65476,158,300,0,0,8,20529,65476,0,0,30147,60.0,0.0,10.0,10.0,2.0,0.0
2026-02-16T12:32:06,ERR,ERR,ERR,ERR,ERR,ERR,ERR,ERR,ERR,ERR,ERR,ERR,ERR,ERR,ERR,ERR,ERR,ERR,ERR,ERR,ERR,ERR,ERR,ERR,ERR,ERR,ERR,ERR,ERR,ERR,ERR,ERR,ERR,ERR,ERR,ERR,ERR,ERR,ERR,ERR,ERR,ERR,ERR,ERR,ERR,ERR,ERR,ERR,ERR,ERR,ERR,ERR,ERR,ERR,ERR,ERR,ERR,ERR,ERR,ERR,ERR,ERR,ERR,ERR,ERR,ERR,ERR,ERR,ERR,ERR,ERR,ERR,ERR,ERR,ERR,ERR,ERR,ERR,ERR,ERR,ERR,ERR,ERR,ERR,ERR,ERR,ERR,ERR,ERR,ERR,ERR,ERR,ERR,ERR,ERR,ERR,ERR,ERR,ERR,ERR,ERR,ERR,ERR,ERR,ERR,ERR,ERR,ERR,ERR,ERR,ERR,ERR,ERR,ERR,ERR,ERR,ERR,ERR,ERR,ERR,ERR,ERR,ERR,ERR,ERR,0.0,-0.0,2.7420187948523476e+23,0.0,-0.0,-0.0,0.0,1.695980573904065e+30,4300,0,8,17169,4300,0.0,41,0.0,0.0,0.0,0.0,2.7184166902131945e+23,0,0,0,0,0.0,0,0,0,0,0,0,0,0,0,0,0,0,0,0,0,0,0,0,0,0,0,0,0,0,0,0,0,0,0,0,0,0,0,9,38,37,47,65476,409,65476,1,0,4,21553,0.0,0.0,0.0,0.0,0.0,0.0,0.0,0.0,0.0,0.0,0.0,0.0,0.0,0.0,0.0,0.0,0.0,0.0,0.0,0.0,0.0,2.004,2.004,-2.004,-3.697074863047967e+19,3.69707618246192e+19,0.0,0.0,0.0,0.0,6462.0,-0.0,0.0,0.0,-0.0,0.0,-2.7184507374263774e+23,0.0,0.0,2.004,2.004,226,-2.3088280513417105e+20,0.0,0.0,0.0,0.0,0.0,0.0,0.0,0.0,0,0,0,-6.659043449847474e+24,-0.0,1.0850715941616936e+38,-0.0,5.006134445075061e+34,-9.881912153374922e+23,0.0,332.547,-0.0,-1.3251687595370586e+28,-13.767,47354333888512.0,0.0,0.0,0.0,-8.382150034440651e+31,0,1.3516416376850534e+27,226,0.0,452,2.40156025918058e+36,-0.235,2114,52429,17109,0,17112,0,17096,0,0,0,101,100,100,0.0,65.1,0.0,65.9,-107615248.0,65.0,1,49,50,180,52429,52429,0,0,0.0,0.0,0.0,60.0,-0.0,71.0,0.0,-3140.083,0.0,1069,0,1069,0,0,0,1069,0,1080,0,1000,0,654,0,656,0,651,0,676,0.032,1.4609821306377965e+22,0.0,0.0,34960,16814,-0.0,-3140.083,-0.0,0.0,-3326186496.0,0.0,50.0,60.0,35,0.0,0.0,10.0,2.0,0.0,0.0,0.0,0.0,0.0,0.0,0.0,0.0,0.0,0.0,0.0,0.0,58.8,41,21,65522,27,65476,80,300,0,0,8,20529,65476,0,0,30147,60.0,0.0,10.0,10.0,2.0,0.0
2026-02-16T12:32:07,ERR,ERR,ERR,ERR,ERR,ERR,ERR,ERR,ERR,ERR,ERR,ERR,ERR,ERR,ERR,ERR,ERR,ERR,ERR,ERR,ERR,ERR,ERR,ERR,ERR,ERR,ERR,ERR,ERR,ERR,ERR,ERR,ERR,ERR,ERR,ERR,ERR,ERR,ERR,ERR,ERR,ERR,ERR,ERR,ERR,ERR,ERR,ERR,ERR,ERR,ERR,ERR,ERR,ERR,ERR,ERR,ERR,ERR,ERR,ERR,ERR,ERR,ERR,ERR,ERR,ERR,ERR,ERR,ERR,ERR,ERR,ERR,ERR,ERR,ERR,ERR,ERR,ERR,ERR,ERR,ERR,ERR,ERR,ERR,ERR,ERR,ERR,ERR,ERR,ERR,ERR,ERR,ERR,ERR,ERR,ERR,ERR,ERR,ERR,ERR,ERR,ERR,ERR,ERR,ERR,ERR,ERR,ERR,ERR,ERR,ERR,ERR,ERR,ERR,ERR,ERR,ERR,ERR,ERR,ERR,ERR,ERR,ERR,ERR,ERR,0.0,-0.0,2.7420187948523476e+23,0.0,-0.0,2.1463554863713508e+24,-2.2407020218662034e+25,-0.0,4300,0,8,17169,4300,0.0,41,0.0,0.0,0.0,0.0,2.7184166902131945e+23,0,0,0,0,0.0,0,0,0,0,0,0,0,0,0,0,0,0,0,0,0,0,0,0,0,0,0,0,0,0,0,0,0,0,0,0,0,0,0,9,38,37,46,65476,409,65476,1,0,4,21553,0.0,0.0,0.0,0.0,0.0,0.0,0.0,0.0,0.0,0.0,0.0,0.0,0.0,0.0,0.0,0.0,0.0,0.0,0.0,0.0,0.0,2.004,2.004,-2.004,0.0,0.0,0.0,0.0,0.0,0.0,6461.0,2.4230008748992087e+24,0.0,0.0,-0.0,0.0,-0.0,0.0,0.0,2.004,2.004,226,-107614784.0,-1.9056955434939187e+17,0.0,0.0,0.0,0.0,0.0,0.0,0.0,0,0,0,-3.902199532986607e+31,82.629,-0.0,-0.0,-0.0,0.0,0.057,7705979256832.0,-4.341285202564865e+28,-1.4180142624834622e+28,-14.58,50927746678784.0,0.0,0.0,0.0,0.0,0,1.3516416376850534e+27,226,0.0,452,2.40156025918058e+36,-0.235,2114,52429,17109,0,17112,0,17096,0,0,0,101,100,100,0.0,65.1,0.0,65.9,-107615248.0,65.0,1,49,50,180,52429,52429,0,0,0.0,0.0,0.0,60.0,-0.0,71.0,0.0,0.0,0.0,1069,0,1069,0,0,0,1069,0,1080,0,1000,0,654,0,656,0,651,0,676,0.032,1.4536034330083127e+22,0.0,0.0,44944,16814,-0.0,-0.0,-0.0,-0.0,-0.0,0.0,50.0,60.0,35,0.0,0.0,10.0,2.0,0.0,0.0,0.0,0.0,0.0,0.0,0.0,0.0,0.0,0.0,0.0,0.0,58.8,41,21,65522,27,65476,80,300,0,0,8,20529,65476,0,0,30147,60.0,0.0,10.0,10.0,2.0,0.0
2026-02-16T12:32:08,ERR,ERR,ERR,ERR,ERR,ERR,ERR,ERR,ERR,ERR,ERR,ERR,ERR,ERR,ERR,ERR,ERR,ERR,ERR,ERR,ERR,ERR,ERR,ERR,ERR,ERR,ERR,ERR,ERR,ERR,ERR,ERR,ERR,ERR,ERR,ERR,ERR,ERR,ERR,ERR,ERR,ERR,ERR,ERR,ERR,ERR,ERR,ERR,ERR,ERR,ERR,ERR,ERR,ERR,ERR,ERR,ERR,ERR,ERR,ERR,ERR,ERR,ERR,ERR,ERR,ERR,ERR,ERR,ERR,ERR,ERR,ERR,ERR,ERR,ERR,ERR,ERR,ERR,ERR,ERR,ERR,ERR,ERR,ERR,ERR,ERR,ERR,ERR,ERR,ERR,ERR,ERR,ERR,ERR,ERR,ERR,ERR,ERR,ERR,ERR,ERR,ERR,ERR,ERR,ERR,ERR,ERR,ERR,ERR,ERR,ERR,ERR,ERR,ERR,ERR,ERR,ERR,ERR,ERR,ERR,ERR,ERR,ERR,ERR,ERR,0.0,-0.0,2.7420187948523476e+23,0.0,-0.0,2.1463554863713508e+24,-2.2407020218662034e+25,-0.0,4300,0,8,17169,4300,0.0,41,0.0,0.0,0.0,0.0,2.7184166902131945e+23,0,0,0,0,0.0,0,0,0,0,0,0,0,0,0,0,0,0,0,0,0,0,0,0,0,0,0,0,0,0,0,0,0,0,0,0,0,0,0,9,38,37,46,65476,409,65476,1,0,4,21553,0.0,0.0,0.0,0.0,0.0,0.0,0.0,0.0,0.0,0.0,0.0,0.0,0.0,0.0,0.0,0.0,0.0,0.0,0.0,0.0,0.0,2.004,2.004,-2.004,0.0,0.0,0.0,0.0,0.0,0.0,6461.0,2.4230008748992087e+24,0.0,0.0,-0.0,0.0,-0.0,0.0,0.0,2.004,2.004,226,-107614784.0,-1.9056955434939187e+17,0.0,0.0,0.0,0.0,0.0,0.0,0.0,0,0,0,-3.902199532986607e+31,82.629,-0.0,-0.0,-0.0,0.0,0.057,7705979256832.0,-4.341285202564865e+28,-1.4180142624834622e+28,-14.58,50927746678784.0,0.0,0.0,0.0,0.0,0,1.3516416376850534e+27,226,0.0,452,2.40156025918058e+36,-0.235,2114,52429,17109,0,17112,0,17096,0,0,0,101,100,100,0.0,65.1,0.0,65.9,-107615248.0,65.0,1,49,50,180,52429,52429,0,0,0.0,0.0,0.0,60.0,-0.0,71.0,0.0,0.0,0.0,1069,0,1069,0,0,0,1069,0,1080,0,1000,0,654,0,656,0,651,0,676,0.032,1.4536034330083127e+22,0.0,0.0,44944,16814,-0.0,-0.0,-0.0,-0.0,-0.0,0.0,50.0,60.0,35,0.0,0.0,10.0,2.0,0.0,0.0,0.0,0.0,0.0,0.0,0.0,0.0,0.0,0.0,0.0,0.0,58.8,50,14,65513,27,65476,0,300,0,0,8,20529,65476,0,0,30147,60.0,0.0,10.0,10.0,2.0,0.0
2026-02-16T12:32:09,ERR,ERR,ERR,ERR,ERR,ERR,ERR,ERR,ERR,ERR,ERR,ERR,ERR,ERR,ERR,ERR,ERR,ERR,ERR,ERR,ERR,ERR,ERR,ERR,ERR,ERR,ERR,ERR,ERR,ERR,ERR,ERR,ERR,ERR,ERR,ERR,ERR,ERR,ERR,ERR,ERR,ERR,ERR,ERR,ERR,ERR,ERR,ERR,ERR,ERR,ERR,ERR,ERR,ERR,ERR,ERR,ERR,ERR,ERR,ERR,ERR,ERR,ERR,ERR,ERR,ERR,ERR,ERR,ERR,ERR,ERR,ERR,ERR,ERR,ERR,ERR,ERR,ERR,ERR,ERR,ERR,ERR,ERR,ERR,ERR,ERR,ERR,ERR,ERR,ERR,ERR,ERR,ERR,ERR,ERR,ERR,ERR,ERR,ERR,ERR,ERR,ERR,ERR,ERR,ERR,ERR,ERR,ERR,ERR,ERR,ERR,ERR,ERR,ERR,ERR,ERR,ERR,ERR,ERR,ERR,ERR,ERR,ERR,ERR,ERR,0.0,-0.0,2.7420187948523476e+23,0.0,-0.0,2.1463554863713508e+24,-2.2407020218662034e+25,-0.0,4300,0,8,17169,4300,0.0,41,0.0,0.0,0.0,0.0,2.7184166902131945e+23,0,0,0,0,0.0,0,0,0,0,0,0,0,0,0,0,0,0,0,0,0,0,0,0,0,0,0,0,0,0,0,0,0,0,0,0,0,0,0,9,38,37,46,65476,409,65476,1,0,4,21553,0.0,0.0,0.0,0.0,0.0,0.0,0.0,0.0,0.0,0.0,0.0,0.0,0.0,0.0,0.0,0.0,0.0,0.0,0.0,0.0,0.0,2.004,2.004,-2.004,0.0,0.0,0.0,0.0,0.0,0.0,6461.0,2.4230008748992087e+24,0.0,0.0,-0.0,0.0,-0.0,0.0,0.0,2.004,2.004,226,-107614784.0,-1.9056955434939187e+17,0.0,0.0,0.0,0.0,0.0,0.0,0.0,0,0,0,-3.902199532986607e+31,82.629,-0.0,-0.0,-0.0,0.0,0.057,7705979256832.0,-4.341285202564865e+28,-1.4180142624834622e+28,-14.58,50927746678784.0,0.0,0.0,0.0,0.0,0,1.3516416376850534e+27,226,0.0,452,2.40156025918058e+36,-0.235,2114,52429,17109,0,17112,0,17096,0,0,0,101,100,100,0.0,65.1,0.0,65.9,-107615248.0,65.0,1,49,50,180,52429,52429,0,0,0.0,0.0,0.0,60.0,-0.0,71.0,0.0,0.0,0.0,1069,0,1069,0,0,0,1069,0,1080,0,1000,0,654,0,656,0,651,0,676,0.032,1.4536034330083127e+22,0.0,0.0,44944,16814,-0.0,-0.0,-0.0,-0.0,-0.0,0.0,50.0,60.0,35,0.0,0.0,10.0,2.0,0.0,0.0,0.0,0.0,0.0,0.0,0.0,0.0,0.0,0.0,0.0,0.0,58.8,50,14,65513,27,65476,0,300,0,0,8,20529,65476,0,0,30147,60.0,0.0,10.0,10.0,2.0,0.0
2026-02-16T12:32:10,ERR,ERR,ERR,ERR,ERR,ERR,ERR,ERR,ERR,ERR,ERR,ERR,ERR,ERR,ERR,ERR,ERR,ERR,ERR,ERR,ERR,ERR,ERR,ERR,ERR,ERR,ERR,ERR,ERR,ERR,ERR,ERR,ERR,ERR,ERR,ERR,ERR,ERR,ERR,ERR,ERR,ERR,ERR,ERR,ERR,ERR,ERR,ERR,ERR,ERR,ERR,ERR,ERR,ERR,ERR,ERR,ERR,ERR,ERR,ERR,ERR,ERR,ERR,ERR,ERR,ERR,ERR,ERR,ERR,ERR,ERR,ERR,ERR,ERR,ERR,ERR,ERR,ERR,ERR,ERR,ERR,ERR,ERR,ERR,ERR,ERR,ERR,ERR,ERR,ERR,ERR,ERR,ERR,ERR,ERR,ERR,ERR,ERR,ERR,ERR,ERR,ERR,ERR,ERR,ERR,ERR,ERR,ERR,ERR,ERR,ERR,ERR,ERR,ERR,ERR,ERR,ERR,ERR,ERR,ERR,ERR,ERR,ERR,ERR,ERR,0.0,-0.0,2.7420187948523476e+23,0.0,-0.0,2.1463554863713508e+24,-2.2407020218662034e+25,-0.0,4300,0,8,17169,4300,0.0,41,0.0,0.0,0.0,0.0,2.7184166902131945e+23,0,0,0,0,0.0,0,0,0,0,0,0,0,0,0,0,0,0,0,0,0,0,0,0,0,0,0,0,0,0,0,0,0,0,0,0,0,0,0,9,38,37,46,65476,409,65476,1,0,4,21553,0.0,0.0,0.0,0.0,0.0,0.0,0.0,0.0,0.0,0.0,0.0,0.0,0.0,0.0,0.0,0.0,0.0,0.0,0.0,0.0,0.0,2.004,2.004,-2.004,0.0,0.0,0.0,0.0,0.0,0.0,6461.0,2.4230008748992087e+24,0.0,0.0,-0.0,0.0,-0.0,0.0,0.0,2.004,2.004,226,-107614784.0,-1.9056955434939187e+17,0.0,0.0,0.0,0.0,0.0,0.0,0.0,0,0,0,-3.902199532986607e+31,82.629,-0.0,-0.0,-0.0,0.0,0.057,7705979256832.0,-4.341285202564865e+28,-1.4180142624834622e+28,-14.58,50927746678784.0,0.0,0.0,0.0,0.0,0,1.3516416376850534e+27,226,0.0,452,2.40156025918058e+36,-0.235,2114,52429,17109,0,17112,0,17096,0,0,0,101,100,100,0.0,65.1,0.0,65.9,-107615248.0,65.0,1,49,50,180,52429,52429,0,0,0.0,0.0,0.0,60.0,-0.0,71.0,0.0,0.0,0.0,1069,0,1069,0,0,0,1069,0,1080,0,1000,0,654,0,656,0,651,0,676,0.032,1.4536034330083127e+22,0.0,0.0,44944,16814,-0.0,-0.0,-0.0,-0.0,-0.0,0.0,50.0,60.0,35,0.0,0.0,10.0,2.0,0.0,0.0,0.0,0.0,0.0,0.0,0.0,0.0,0.0,0.0,0.0,0.0,58.8,56,10,65507,27,65476,0,300,0,0,8,20529,65476,0,0,30147,60.0,0.0,10.0,10.0,2.0,0.0
2026-02-16T12:32:11,ERR,ERR,ERR,ERR,ERR,ERR,ERR,ERR,ERR,ERR,ERR,ERR,ERR,ERR,ERR,ERR,ERR,ERR,ERR,ERR,ERR,ERR,ERR,ERR,ERR,ERR,ERR,ERR,ERR,ERR,ERR,ERR,ERR,ERR,ERR,ERR,ERR,ERR,ERR,ERR,ERR,ERR,ERR,ERR,ERR,ERR,ERR,ERR,ERR,ERR,ERR,ERR,ERR,ERR,ERR,ERR,ERR,ERR,ERR,ERR,ERR,ERR,ERR,ERR,ERR,ERR,ERR,ERR,ERR,ERR,ERR,ERR,ERR,ERR,ERR,ERR,ERR,ERR,ERR,ERR,ERR,ERR,ERR,ERR,ERR,ERR,ERR,ERR,ERR,ERR,ERR,ERR,ERR,ERR,ERR,ERR,ERR,ERR,ERR,ERR,ERR,ERR,ERR,ERR,ERR,ERR,ERR,ERR,ERR,ERR,ERR,ERR,ERR,ERR,ERR,ERR,ERR,ERR,ERR,ERR,ERR,ERR,ERR,ERR,ERR,0.0,-0.0,2.7420187948523476e+23,0.0,-0.0,3.666330542250394e+16,-2736361832448.0,-0.0,4300,0,8,17169,4300,0.0,41,0.0,0.0,0.0,0.0,2.7184166902131945e+23,0,0,0,0,0.0,0,0,0,0,0,0,0,0,0,0,0,0,0,0,0,0,0,0,0,0,0,0,0,0,0,0,0,0,0,0,0,0,0,9,37,37,46,65476,408,65476,1,0,4,21553,0.0,0.0,0.0,0.0,0.0,0.0,0.0,0.0,0.0,0.0,0.0,0.0,0.0,0.0,0.0,0.0,0.0,0.0,0.0,0.0,0.0,2.004,2.004,-2.004,0.0,0.0,0.0,0.0,0.0,0.0,6458.0,0.0,0.0,0.0,-0.0,0.0,-0.0,0.0,0.0,2.004,2.004,226,-0.0,-0.059,0.0,0.0,0.0,0.0,0.0,0.0,0.0,0,0,0,0.0,-4.621988167501742e+17,-0.0,0.0,-0.0,9.872326669410029e+19,0.0,2.2345322556523385e+32,-1.9670331670106603e+31,-1.526334015920933e+28,-15.33,54226281562112.0,0.0,0.0,0.0,0.0,0,1.3516416376850534e+27,226,0.0,452,-621855232.0,-2.2165387396652623e+20,2114,52429,17109,0,17112,0,17096,0,0,0,101,100,100,0.0,65.1,0.0,65.9,-107615248.0,65.0,1,49,50,180,52429,52429,0,0,0.0,0.0,0.0,60.0,-0.0,71.0,0.0,0.0,0.0,1069,0,1069,0,0,0,1069,0,1080,0,1000,0,654,0,656,0,651,0,677,0.032,1.4536034330083127e+22,0.0,0.0,30608,16814,7.98616709017284e+36,0.0,-8.742984584018378e+28,0.0,-2.3251012919674847e+28,1.0610242487323001e+33,50.0,60.0,35,0.0,0.0,10.0,2.0,0.0,0.0,0.0,0.0,0.0,0.0,0.0,0.0,0.0,0.0,0.0,0.0,58.8,58,9,65505,27,65476,0,300,0,0,8,20529,65476,0,0,30147,60.0,0.0,10.0,10.0,2.0,0.0
2026-02-16T12:32:12,ERR,ERR,ERR,ERR,ERR,ERR,ERR,ERR,ERR,ERR,ERR,ERR,ERR,ERR,ERR,ERR,ERR,ERR,ERR,ERR,ERR,ERR,ERR,ERR,ERR,ERR,ERR,ERR,ERR,ERR,ERR,ERR,ERR,ERR,ERR,ERR,ERR,ERR,ERR,ERR,ERR,ERR,ERR,ERR,ERR,ERR,ERR,ERR,ERR,ERR,ERR,ERR,ERR,ERR,ERR,ERR,ERR,ERR,ERR,ERR,ERR,ERR,ERR,ERR,ERR,ERR,ERR,ERR,ERR,ERR,ERR,ERR,ERR,ERR,ERR,ERR,ERR,ERR,ERR,ERR,ERR,ERR,ERR,ERR,ERR,ERR,ERR,ERR,ERR,ERR,ERR,ERR,ERR,ERR,ERR,ERR,ERR,ERR,ERR,ERR,ERR,ERR,ERR,ERR,ERR,ERR,ERR,ERR,ERR,ERR,ERR,ERR,ERR,ERR,ERR,ERR,ERR,ERR,ERR,ERR,ERR,ERR,ERR,ERR,ERR,0.0,-0.0,2.7420187948523476e+23,0.0,-0.0,3.666330542250394e+16,-2736361832448.0,-0.0,4300,0,8,17169,4300,0.0,41,0.0,0.0,0.0,0.0,2.7184166902131945e+23,0,0,0,0,0.0,0,0,0,0,0,0,0,0,0,0,0,0,0,0,0,0,0,0,0,0,0,0,0,0,0,0,0,0,0,0,0,0,0,9,37,37,46,65476,408,65476,1,0,4,21553,0.0,0.0,0.0,0.0,0.0,0.0,0.0,0.0,0.0,0.0,0.0,0.0,0.0,0.0,0.0,0.0,0.0,0.0,0.0,0.0,0.0,2.004,2.004,-2.004,0.0,0.0,0.0,0.0,0.0,0.0,6458.0,0.0,0.0,0.0,-0.0,0.0,-0.0,0.0,0.0,2.004,2.004,226,-0.0,-0.059,0.0,0.0,0.0,0.0,0.0,0.0,0.0,0,0,0,0.0,-4.621988167501742e+17,-0.0,0.0,-0.0,9.872326669410029e+19,0.0,2.2345322556523385e+32,-1.9670331670106603e+31,-1.526334015920933e+28,-15.33,54226281562112.0,0.0,0.0,0.0,0.0,0,1.3516416376850534e+27,226,0.0,452,-621855232.0,-2.2165387396652623e+20,2114,52429,17109,0,17112,0,17096,0,0,0,101,100,100,0.0,65.1,0.0,65.9,-107615248.0,65.0,1,49,50,180,52429,52429,0,0,0.0,0.0,0.0,60.0,-0.0,71.0,0.0,0.0,0.0,1069,0,1069,0,0,0,1069,0,1080,0,1000,0,654,0,656,0,651,0,677,0.032,1.4536034330083127e+22,0.0,0.0,30608,16814,7.98616709017284e+36,0.0,-8.742984584018378e+28,0.0,-2.3251012919674847e+28,1.0610242487323001e+33,50.0,60.0,35,0.0,0.0,10.0,2.0,0.0,0.0,0.0,0.0,0.0,0.0,0.0,0.0,0.0,0.0,0.0,0.0,58.8,58,9,65505,27,65476,0,300,0,0,8,20529,65476,0,0,30147,60.0,0.0,10.0,10.0,2.0,0.0
2026-02-16T12:32:13,ERR,ERR,ERR,ERR,ERR,ERR,ERR,ERR,ERR,ERR,ERR,ERR,ERR,ERR,ERR,ERR,ERR,ERR,ERR,ERR,ERR,ERR,ERR,ERR,ERR,ERR,ERR,ERR,ERR,ERR,ERR,ERR,ERR,ERR,ERR,ERR,ERR,ERR,ERR,ERR,ERR,ERR,ERR,ERR,ERR,ERR,ERR,ERR,ERR,ERR,ERR,ERR,ERR,ERR,ERR,ERR,ERR,ERR,ERR,ERR,ERR,ERR,ERR,ERR,ERR,ERR,ERR,ERR,ERR,ERR,ERR,ERR,ERR,ERR,ERR,ERR,ERR,ERR,ERR,ERR,ERR,ERR,ERR,ERR,ERR,ERR,ERR,ERR,ERR,ERR,ERR,ERR,ERR,ERR,ERR,ERR,ERR,ERR,ERR,ERR,ERR,ERR,ERR,ERR,ERR,ERR,ERR,ERR,ERR,ERR,ERR,ERR,ERR,ERR,ERR,ERR,ERR,ERR,ERR,ERR,ERR,ERR,ERR,ERR,ERR,0.0,-0.0,2.7420187948523476e+23,0.0,-0.0,3.666330542250394e+16,-2736361832448.0,-0.0,4300,0,8,17169,4300,0.0,41,0.0,0.0,0.0,0.0,2.7184166902131945e+23,0,0,0,0,0.0,0,0,0,0,0,0,0,0,0,0,0,0,0,0,0,0,0,0,0,0,0,0,0,0,0,0,0,0,0,0,0,0,0,9,37,37,46,65476,408,65476,1,0,4,21553,0.0,0.0,0.0,0.0,0.0,0.0,0.0,0.0,0.0,0.0,0.0,0.0,0.0,0.0,0.0,0.0,0.0,0.0,0.0,0.0,0.0,2.004,2.004,-2.004,0.0,0.0,0.0,0.0,0.0,0.0,6458.0,0.0,0.0,0.0,-0.0,0.0,-0.0,0.0,0.0,2.004,2.004,226,-0.0,-0.059,0.0,0.0,0.0,0.0,0.0,0.0,0.0,0,0,0,0.0,-4.621988167501742e+17,-0.0,0.0,-0.0,9.872326669410029e+19,0.0,2.2345322556523385e+32,-1.9670331670106603e+31,-1.526334015920933e+28,-15.33,54226281562112.0,0.0,0.0,0.0,0.0,0,1.3516416376850534e+27,226,0.0,452,-621855232.0,-2.2165387396652623e+20,2114,52429,17109,0,17112,0,17096,0,0,0,101,100,100,0.0,65.1,0.0,65.9,-107615248.0,65.0,1,49,50,180,52429,52429,0,0,0.0,0.0,0.0,60.0,-0.0,71.0,0.0,0.0,0.0,1069,0,1069,0,0,0,1069,0,1080,0,1000,0,654,0,656,0,651,0,677,0.032,1.4536034330083127e+22,0.0,0.0,30608,16814,7.98616709017284e+36,0.0,-8.742984584018378e+28,0.0,-2.3251012919674847e+28,1.0610242487323001e+33,50.0,60.0,35,0.0,0.0,10.0,2.0,0.0,0.0,0.0,0.0,0.0,0.0,0.0,0.0,0.0,0.0,0.0,0.0,58.8,59,9,65504,27,65476,0,300,0,0,8,20529,65476,0,0,30147,60.0,0.0,10.0,10.0,2.0,0.0
2026-02-16T12:32:14,ERR,ERR,ERR,ERR,ERR,ERR,ERR,ERR,ERR,ERR,ERR,ERR,ERR,ERR,ERR,ERR,ERR,ERR,ERR,ERR,ERR,ERR,ERR,ERR,ERR,ERR,ERR,ERR,ERR,ERR,ERR,ERR,ERR,ERR,ERR,ERR,ERR,ERR,ERR,ERR,ERR,ERR,ERR,ERR,ERR,ERR,ERR,ERR,ERR,ERR,ERR,ERR,ERR,ERR,ERR,ERR,ERR,ERR,ERR,ERR,ERR,ERR,ERR,ERR,ERR,ERR,ERR,ERR,ERR,ERR,ERR,ERR,ERR,ERR,ERR,ERR,ERR,ERR,ERR,ERR,ERR,ERR,ERR,ERR,ERR,ERR,ERR,ERR,ERR,ERR,ERR,ERR,ERR,ERR,ERR,ERR,ERR,ERR,ERR,ERR,ERR,ERR,ERR,ERR,ERR,ERR,ERR,ERR,ERR,ERR,ERR,ERR,ERR,ERR,ERR,ERR,ERR,ERR,ERR,ERR,ERR,ERR,ERR,ERR,ERR,0.0,-0.0,2.7420187948523476e+23,0.0,-0.0,3.666330542250394e+16,-2736361832448.0,-0.0,4300,0,8,17169,4300,0.0,41,0.0,0.0,0.0,0.0,2.7184166902131945e+23,0,0,0,0,0.0,0,0,0,0,0,0,0,0,0,0,0,0,0,0,0,0,0,0,0,0,0,0,0,0,0,0,0,0,0,0,0,0,0,9,37,37,46,65476,408,65476,1,0,4,21553,0.0,0.0,0.0,0.0,0.0,0.0,0.0,0.0,0.0,0.0,0.0,0.0,0.0,0.0,0.0,0.0,0.0,0.0,0.0,0.0,0.0,2.004,2.004,-2.004,0.0,0.0,0.0,0.0,0.0,0.0,6458.0,0.0,0.0,0.0,-0.0,0.0,-0.0,0.0,0.0,2.004,2.004,226,-0.0,-0.059,0.0,0.0,0.0,0.0,0.0,0.0,0.0,0,0,0,0.0,-4.621988167501742e+17,-0.0,0.0,-0.0,9.872326669410029e+19,0.0,2.2345322556523385e+32,-1.9670331670106603e+31,-1.526334015920933e+28,-15.33,54226281562112.0,0.0,0.0,0.0,0.0,0,1.3516416376850534e+27,226,0.0,452,-621855232.0,-2.2165387396652623e+20,2114,52429,17109,0,17112,0,17096,0,0,0,101,100,100,0.0,65.1,0.0,65.9,-107615248.0,65.0,1,49,50,180,52429,52429,0,0,0.0,0.0,0.0,60.0,-0.0,71.0,0.0,3.352444989542387e+30,0.0,1069,0,1069,0,0,0,1069,0,1080,0,1000,0,654,0,657,0,651,0,677,0.032,1.4462247353788288e+22,2.004,2.73023467606737e+23,33680,16814,-0.0,3.352444989542387e+30,6.022882206264492e+21,-1.749202144975616e+35,5.786981279971827e+32,-1.7187575429070848e+16,50.0,60.0,35,0.0,0.0,10.0,2.0,0.0,0.0,0.0,0.0,0.0,0.0,0.0,0.0,0.0,0.0,0.0,0.0,58.8,58,9,65505,27,65476,0,300,0,0,8,20529,65476,0,0,30147,60.0,0.0,10.0,10.0,2.0,0.0
2026-02-16T12:32:15,ERR,ERR,ERR,ERR,ERR,ERR,ERR,ERR,ERR,ERR,ERR,ERR,ERR,ERR,ERR,ERR,ERR,ERR,ERR,ERR,ERR,ERR,ERR,ERR,ERR,ERR,ERR,ERR,ERR,ERR,ERR,ERR,ERR,ERR,ERR,ERR,ERR,ERR,ERR,ERR,ERR,ERR,ERR,ERR,ERR,ERR,ERR,ERR,ERR,ERR,ERR,ERR,ERR,ERR,ERR,ERR,ERR,ERR,ERR,ERR,ERR,ERR,ERR,ERR,ERR,ERR,ERR,ERR,ERR,ERR,ERR,ERR,ERR,ERR,ERR,ERR,ERR,ERR,ERR,ERR,ERR,ERR,ERR,ERR,ERR,ERR,ERR,ERR,ERR,ERR,ERR,ERR,ERR,ERR,ERR,ERR,ERR,ERR,ERR,ERR,ERR,ERR,ERR,ERR,ERR,ERR,ERR,ERR,ERR,ERR,ERR,ERR,ERR,ERR,ERR,ERR,ERR,ERR,ERR,ERR,ERR,ERR,ERR,ERR,ERR,0.0,-0.0,2.7420187948523476e+23,0.0,-0.0,3.666330542250394e+16,-2736361832448.0,-0.0,4300,0,8,17169,4300,0.0,41,0.0,0.0,0.0,0.0,2.7184166902131945e+23,0,0,0,0,0.0,0,0,0,0,0,0,0,0,0,0,0,0,0,0,0,0,0,0,0,0,0,0,0,0,0,0,0,0,0,0,0,0,0,9,37,37,46,65476,408,65476,1,0,4,21553,0.0,0.0,0.0,0.0,0.0,0.0,0.0,0.0,0.0,0.0,0.0,0.0,0.0,0.0,0.0,0.0,0.0,0.0,0.0,0.0,0.0,2.004,2.004,-2.004,0.0,0.0,0.0,0.0,0.0,0.0,6458.0,0.0,0.0,0.0,-0.0,0.0,-0.0,0.0,0.0,2.004,2.004,226,-0.0,-0.059,0.0,0.0,0.0,0.0,0.0,0.0,0.0,0,0,0,0.0,-4.621988167501742e+17,-0.0,0.0,-0.0,9.872326669410029e+19,0.0,2.2345322556523385e+32,-1.9670331670106603e+31,-1.526334015920933e+28,-15.33,54226281562112.0,0.0,0.0,0.0,0.0,0,1.3516416376850534e+27,226,0.0,452,-621855232.0,-2.2165387396652623e+20,2114,52429,17109,0,17112,0,17096,0,0,0,101,100,100,0.0,65.1,0.0,65.9,-107615248.0,65.0,1,49,50,180,52429,52429,0,0,0.0,0.0,0.0,60.0,-0.0,71.0,0.0,3.352444989542387e+30,0.0,1069,0,1069,0,0,0,1069,0,1080,0,1000,0,654,0,657,0,651,0,677,0.032,1.4462247353788288e+22,2.004,2.73023467606737e+23,33680,16814,-0.0,3.352444989542387e+30,6.022882206264492e+21,-1.749202144975616e+35,5.786981279971827e+32,-1.7187575429070848e+16,50.0,60.0,35,0.0,0.0,10.0,2.0,0.0,0.0,0.0,0.0,0.0,0.0,0.0,0.0,0.0,0.0,0.0,0.0,58.8,58,9,65505,27,65476,0,300,0,0,8,20529,65476,0,0,30147,60.0,0.0,10.0,10.0,2.0,0.0
2026-02-16T12:32:16,ERR,ERR,ERR,ERR,ERR,ERR,ERR,ERR,ERR,ERR,ERR,ERR,ERR,ERR,ERR,ERR,ERR,ERR,ERR,ERR,ERR,ERR,ERR,ERR,ERR,ERR,ERR,ERR,ERR,ERR,ERR,ERR,ERR,ERR,ERR,ERR,ERR,ERR,ERR,ERR,ERR,ERR,ERR,ERR,ERR,ERR,ERR,ERR,ERR,ERR,ERR,ERR,ERR,ERR,ERR,ERR,ERR,ERR,ERR,ERR,ERR,ERR,ERR,ERR,ERR,ERR,ERR,ERR,ERR,ERR,ERR,ERR,ERR,ERR,ERR,ERR,ERR,ERR,ERR,ERR,ERR,ERR,ERR,ERR,ERR,ERR,ERR,ERR,ERR,ERR,ERR,ERR,ERR,ERR,ERR,ERR,ERR,ERR,ERR,ERR,ERR,ERR,ERR,ERR,ERR,ERR,ERR,ERR,ERR,ERR,ERR,ERR,ERR,ERR,ERR,ERR,ERR,ERR,ERR,ERR,ERR,ERR,ERR,ERR,ERR,0.0,-0.0,2.7420187948523476e+23,0.0,-0.0,3380.068,-0.0,-0.002,4300,0,8,17170,4300,0.0,41,0.0,0.0,0.0,0.0,2.7184166902131945e+23,0,0,0,0,0.0,0,0,0,0,0,0,0,0,0,0,0,0,0,0,0,0,0,0,0,0,0,0,0,0,0,0,0,0,0,0,0,0,0,9,37,37,46,65476,407,65476,1,0,4,21553,0.0,-107610720.0,0.0,0.0,0.0,0.0,0.0,0.0,0.0,0.0,0.0,0.0,0.0,0.0,0.0,0.0,0.0,0.0,0.0,0.0,0.0,2.004,2.004,-2.004,0.0,0.0,0.0,0.0,0.0,0.0,6461.0,-0.0,0.0,0.0,-0.0,0.0,-0.0,0.0,0.0,2.004,2.004,226,-152017280434176.0,0.0,0.0,0.0,0.0,0.0,0.0,0.0,0.0,0,0,0,-1.1472918025374558e+33,-0.0,-0.0,-0.008,-0.0,-599267190243328.0,-123020.133,-2.20341520139673e+33,0.0,-1.6114423936218028e+28,-16.159,57524816445440.0,0.0,0.0,0.0,-0.0,0,1.3516416376850534e+27,226,0.0,452,-621855232.0,-2.2165387396652623e+20,2114,52429,17109,0,17112,0,17096,0,0,0,101,100,100,0.0,65.1,0.0,65.9,-107615248.0,65.0,1,49,50,180,52429,52429,0,0,0.0,0.0,0.0,60.0,-0.0,71.0,0.0,3.352444989542387e+30,0.0,1069,0,1069,0,0,0,1069,0,1080,0,1000,0,654,0,657,0,651,0,677,0.032,1.4462247353788288e+22,2.004,2.73023467606737e+23,33680,16814,-0.0,3.352444989542387e+30,6.022882206264492e+21,-1.749202144975616e+35,5.786981279971827e+32,-1.7187575429070848e+16,50.0,60.0,35,0.0,0.0,10.0,2.0,0.0,0.0,0.0,0.0,0.0,0.0,0.0,0.0,0.0,0.0,0.0,0.0,58.8,57,10,65506,27,65476,0,300,0,0,8,20529,65476,0,0,30147,60.0,0.0,10.0,10.0,2.0,0.0
2026-02-16T12:32:17,ERR,ERR,ERR,ERR,ERR,ERR,ERR,ERR,ERR,ERR,ERR,ERR,ERR,ERR,ERR,ERR,ERR,ERR,ERR,ERR,ERR,ERR,ERR,ERR,ERR,ERR,ERR,ERR,ERR,ERR,ERR,ERR,ERR,ERR,ERR,ERR,ERR,ERR,ERR,ERR,ERR,ERR,ERR,ERR,ERR,ERR,ERR,ERR,ERR,ERR,ERR,ERR,ERR,ERR,ERR,ERR,ERR,ERR,ERR,ERR,ERR,ERR,ERR,ERR,ERR,ERR,ERR,ERR,ERR,ERR,ERR,ERR,ERR,ERR,ERR,ERR,ERR,ERR,ERR,ERR,ERR,ERR,ERR,ERR,ERR,ERR,ERR,ERR,ERR,ERR,ERR,ERR,ERR,ERR,ERR,ERR,ERR,ERR,ERR,ERR,ERR,ERR,ERR,ERR,ERR,ERR,ERR,ERR,ERR,ERR,ERR,ERR,ERR,ERR,ERR,ERR,ERR,ERR,ERR,ERR,ERR,ERR,ERR,ERR,ERR,0.0,-0.0,2.7420187948523476e+23,0.0,-0.0,3380.068,-0.0,-0.002,4300,0,8,17170,4300,0.0,41,0.0,0.0,0.0,0.0,2.7184166902131945e+23,0,0,0,0,0.0,0,0,0,0,0,0,0,0,0,0,0,0,0,0,0,0,0,0,0,0,0,0,0,0,0,0,0,0,0,0,0,0,0,9,37,37,46,65476,407,65476,1,0,4,21553,0.0,-107610720.0,0.0,0.0,0.0,0.0,0.0,0.0,0.0,0.0,0.0,0.0,0.0,0.0,0.0,0.0,0.0,0.0,0.0,0.0,0.0,2.004,2.004,-2.004,0.0,0.0,0.0,0.0,0.0,0.0,6461.0,-0.0,0.0,0.0,-0.0,0.0,-0.0,0.0,0.0,2.004,2.004,226,-152017280434176.0,0.0,0.0,0.0,0.0,0.0,0.0,0.0,0.0,0,0,0,-1.1472918025374558e+33,-0.0,-0.0,-0.008,-0.0,-599267190243328.0,-123020.133,-2.20341520139673e+33,0.0,-1.6114423936218028e+28,-16.159,57524816445440.0,0.0,0.0,0.0,-0.0,0,1.3516416376850534e+27,226,0.0,452,-621855232.0,-2.2165387396652623e+20,2114,52429,17109,0,17112,0,17096,0,0,0,101,100,100,0.0,65.1,0.0,65.9,-107615248.0,65.0,1,49,50,180,52429,52429,0,0,0.0,0.0,0.0,60.0,-0.0,71.0,0.0,0.0,0.0,1069,0,1069,0,0,0,1069,0,1080,0,1000,0,654,0,657,0,651,0,678,0.032,1.4536034330083127e+22,-0.0,-0.0,43664,16814,-0.0,3575893.5,2940216320.0,0.0,1.5438783725323682e+19,-1558529.125,50.0,60.0,35,0.0,0.0,10.0,2.0,0.0,0.0,0.0,0.0,0.0,0.0,0.0,0.0,0.0,0.0,0.0,0.0,58.8,57,10,65506,27,65476,0,300,0,0,8,20529,65476,0,0,30147,60.0,0.0,10.0,10.0,2.0,0.0
2026-02-16T12:32:18,ERR,ERR,ERR,ERR,ERR,ERR,ERR,ERR,ERR,ERR,ERR,ERR,ERR,ERR,ERR,ERR,ERR,ERR,ERR,ERR,ERR,ERR,ERR,ERR,ERR,ERR,ERR,ERR,ERR,ERR,ERR,ERR,ERR,ERR,ERR,ERR,ERR,ERR,ERR,ERR,ERR,ERR,ERR,ERR,ERR,ERR,ERR,ERR,ERR,ERR,ERR,ERR,ERR,ERR,ERR,ERR,ERR,ERR,ERR,ERR,ERR,ERR,ERR,ERR,ERR,ERR,ERR,ERR,ERR,ERR,ERR,ERR,ERR,ERR,ERR,ERR,ERR,ERR,ERR,ERR,ERR,ERR,ERR,ERR,ERR,ERR,ERR,ERR,ERR,ERR,ERR,ERR,ERR,ERR,ERR,ERR,ERR,ERR,ERR,ERR,ERR,ERR,ERR,ERR,ERR,ERR,ERR,ERR,ERR,ERR,ERR,ERR,ERR,ERR,ERR,ERR,ERR,ERR,ERR,ERR,ERR,ERR,ERR,ERR,ERR,0.0,-0.0,2.7420187948523476e+23,0.0,-0.0,3380.068,-0.0,-0.002,4300,0,8,17170,4300,0.0,41,0.0,0.0,0.0,0.0,2.7184166902131945e+23,0,0,0,0,0.0,0,0,0,0,0,0,0,0,0,0,0,0,0,0,0,0,0,0,0,0,0,0,0,0,0,0,0,0,0,0,0,0,0,9,37,37,46,65476,407,65476,1,0,4,21553,0.0,-107610720.0,0.0,0.0,0.0,0.0,0.0,0.0,0.0,0.0,0.0,0.0,0.0,0.0,0.0,0.0,0.0,0.0,0.0,0.0,0.0,2.004,2.004,-2.004,0.0,0.0,0.0,0.0,0.0,0.0,6461.0,-0.0,0.0,0.0,-0.0,0.0,-0.0,0.0,0.0,2.004,2.004,226,-152017280434176.0,0.0,0.0,0.0,0.0,0.0,0.0,0.0,0.0,0,0,0,-1.1472918025374558e+33,-0.0,-0.0,-0.008,-0.0,-599267190243328.0,-123020.133,-2.20341520139673e+33,0.0,-1.6114423936218028e+28,-16.159,57524816445440.0,0.0,0.0,0.0,-0.0,0,1.3516416376850534e+27,226,0.0,452,-621855232.0,-2.2165387396652623e+20,2114,52429,17109,0,17112,0,17096,0,0,0,101,100,100,0.0,65.1,0.0,65.9,-107615248.0,65.0,1,49,50,180,52429,52429,0,0,0.0,0.0,0.0,60.0,-0.0,71.0,0.0,0.0,0.0,1069,0,1069,0,0,0,1069,0,1080,0,1000,0,654,0,657,0,651,0,678,0.032,1.4536034330083127e+22,-0.0,-0.0,43664,16814,-0.0,3575893.5,2940216320.0,0.0,1.5438783725323682e+19,-1558529.125,50.0,60.0,35,0.0,0.0,10.0,2.0,0.0,0.0,0.0,0.0,0.0,0.0,0.0,0.0,0.0,0.0,0.0,0.0,58.8,57,10,65506,27,65476,0,300,0,0,8,20529,65476,0,0,30147,60.0,0.0,10.0,10.0,2.0,0.0
2026-02-16T12:32:19,ERR,ERR,ERR,ERR,ERR,ERR,ERR,ERR,ERR,ERR,ERR,ERR,ERR,ERR,ERR,ERR,ERR,ERR,ERR,ERR,ERR,ERR,ERR,ERR,ERR,ERR,ERR,ERR,ERR,ERR,ERR,ERR,ERR,ERR,ERR,ERR,ERR,ERR,ERR,ERR,ERR,ERR,ERR,ERR,ERR,ERR,ERR,ERR,ERR,ERR,ERR,ERR,ERR,ERR,ERR,ERR,ERR,ERR,ERR,ERR,ERR,ERR,ERR,ERR,ERR,ERR,ERR,ERR,ERR,ERR,ERR,ERR,ERR,ERR,ERR,ERR,ERR,ERR,ERR,ERR,ERR,ERR,ERR,ERR,ERR,ERR,ERR,ERR,ERR,ERR,ERR,ERR,ERR,ERR,ERR,ERR,ERR,ERR,ERR,ERR,ERR,ERR,ERR,ERR,ERR,ERR,ERR,ERR,ERR,ERR,ERR,ERR,ERR,ERR,ERR,ERR,ERR,ERR,ERR,ERR,ERR,ERR,ERR,ERR,ERR,0.0,-0.0,2.7420187948523476e+23,0.0,-0.0,3380.068,-0.0,-0.002,4300,0,8,17170,4300,0.0,41,0.0,0.0,0.0,0.0,2.7184166902131945e+23,0,0,0,0,0.0,0,0,0,0,0,0,0,0,0,0,0,0,0,0,0,0,0,0,0,0,0,0,0,0,0,0,0,0,0,0,0,0,0,9,37,37,46,65476,407,65476,1,0,4,21553,0.0,-107610720.0,0.0,0.0,0.0,0.0,0.0,0.0,0.0,0.0,0.0,0.0,0.0,0.0,0.0,0.0,0.0,0.0,0.0,0.0,0.0,2.004,2.004,-2.004,0.0,0.0,0.0,0.0,0.0,0.0,6461.0,-0.0,0.0,0.0,-0.0,0.0,-0.0,0.0,0.0,2.004,2.004,226,-152017280434176.0,0.0,0.0,0.0,0.0,0.0,0.0,0.0,0.0,0,0,0,-1.1472918025374558e+33,-0.0,-0.0,-0.008,-0.0,-599267190243328.0,-123020.133,-2.20341520139673e+33,0.0,-1.6114423936218028e+28,-16.159,57524816445440.0,0.0,0.0,0.0,-0.0,0,1.3516416376850534e+27,226,0.0,452,-621855232.0,-2.2165387396652623e+20,2114,52429,17109,0,17112,0,17096,0,0,0,101,100,100,0.0,65.1,0.0,65.9,-107615248.0,65.0,1,49,50,180,52429,52429,0,0,0.0,0.0,0.0,60.0,-0.0,71.0,0.0,0.0,0.0,1069,0,1069,0,0,0,1069,0,1080,0,1000,0,654,0,657,0,651,0,678,0.032,1.4536034330083127e+22,-0.0,-0.0,43664,16814,-0.0,3575893.5,2940216320.0,0.0,1.5438783725323682e+19,-1558529.125,50.0,60.0,35,0.0,0.0,10.0,2.0,0.0,0.0,0.0,0.0,0.0,0.0,0.0,0.0,0.0,0.0,0.0,0.0,59.2,57,10,65506,27,65476,0,300,0,0,8,20529,65476,0,0,30147,60.0,0.0,10.0,10.0,2.0,0.0
2026-02-16T12:32:20,ERR,ERR,ERR,ERR,ERR,ERR,ERR,ERR,ERR,ERR,ERR,ERR,ERR,ERR,ERR,ERR,ERR,ERR,ERR,ERR,ERR,ERR,ERR,ERR,ERR,ERR,ERR,ERR,ERR,ERR,ERR,ERR,ERR,ERR,ERR,ERR,ERR,ERR,ERR,ERR,ERR,ERR,ERR,ERR,ERR,ERR,ERR,ERR,ERR,ERR,ERR,ERR,ERR,ERR,ERR,ERR,ERR,ERR,ERR,ERR,ERR,ERR,ERR,ERR,ERR,ERR,ERR,ERR,ERR,ERR,ERR,ERR,ERR,ERR,ERR,ERR,ERR,ERR,ERR,ERR,ERR,ERR,ERR,ERR,ERR,ERR,ERR,ERR,ERR,ERR,ERR,ERR,ERR,ERR,ERR,ERR,ERR,ERR,ERR,ERR,ERR,ERR,ERR,ERR,ERR,ERR,ERR,ERR,ERR,ERR,ERR,ERR,ERR,ERR,ERR,ERR,ERR,ERR,ERR,ERR,ERR,ERR,ERR,ERR,ERR,0.0,-0.0,2.7420187948523476e+23,0.0,-0.0,3380.068,-0.0,-0.002,4300,0,8,17170,4300,0.0,41,0.0,0.0,0.0,0.0,2.7184166902131945e+23,0,0,0,0,0.0,0,0,0,0,0,0,0,0,0,0,0,0,0,0,0,0,0,0,0,0,0,0,0,0,0,0,0,0,0,0,0,0,0,9,37,37,46,65476,407,65476,1,0,4,21553,0.0,-107610720.0,0.0,0.0,0.0,0.0,0.0,0.0,0.0,0.0,0.0,0.0,0.0,0.0,0.0,0.0,0.0,0.0,0.0,0.0,0.0,2.004,2.004,-2.004,0.0,0.0,0.0,0.0,0.0,0.0,6461.0,-0.0,0.0,0.0,-0.0,0.0,-0.0,0.0,0.0,2.004,2.004,226,-152017280434176.0,0.0,0.0,0.0,0.0,0.0,0.0,0.0,0.0,0,0,0,-1.1472918025374558e+33,-0.0,-0.0,-0.008,-0.0,-599267190243328.0,-123020.133,-2.20341520139673e+33,0.0,-1.6114423936218028e+28,-16.159,57524816445440.0,0.0,0.0,0.0,-0.0,0,1.3516416376850534e+27,226,0.0,452,-621855232.0,-2.2165387396652623e+20,2114,52429,17109,0,17112,0,17096,0,0,0,101,100,100,0.0,65.1,0.0,65.9,-107615248.0,65.0,1,49,50,180,52429,52429,0,0,0.0,0.0,0.0,60.0,-0.0,71.0,0.0,0.0,0.0,1069,0,1069,0,0,0,1069,0,1080,0,1000,0,654,0,657,0,651,0,678,0.032,1.4536034330083127e+22,-0.0,-0.0,43664,16814,-0.0,3575893.5,2940216320.0,0.0,1.5438783725323682e+19,-1558529.125,50.0,60.0,35,0.0,0.0,10.0,2.0,0.0,0.0,0.0,0.0,0.0,0.0,0.0,0.0,0.0,0.0,0.0,0.0,59.2,57,10,65506,27,65476,0,300,0,0,8,20529,65476,0,0,30147,60.0,0.0,10.0,10.0,2.0,0.0
2026-02-16T12:32:21,ERR,ERR,ERR,ERR,ERR,ERR,ERR,ERR,ERR,ERR,ERR,ERR,ERR,ERR,ERR,ERR,ERR,ERR,ERR,ERR,ERR,ERR,ERR,ERR,ERR,ERR,ERR,ERR,ERR,ERR,ERR,ERR,ERR,ERR,ERR,ERR,ERR,ERR,ERR,ERR,ERR,ERR,ERR,ERR,ERR,ERR,ERR,ERR,ERR,ERR,ERR,ERR,ERR,ERR,ERR,ERR,ERR,ERR,ERR,ERR,ERR,ERR,ERR,ERR,ERR,ERR,ERR,ERR,ERR,ERR,ERR,ERR,ERR,ERR,ERR,ERR,ERR,ERR,ERR,ERR,ERR,ERR,ERR,ERR,ERR,ERR,ERR,ERR,ERR,ERR,ERR,ERR,ERR,ERR,ERR,ERR,ERR,ERR,ERR,ERR,ERR,ERR,ERR,ERR,ERR,ERR,ERR,ERR,ERR,ERR,ERR,ERR,ERR,ERR,ERR,ERR,ERR,ERR,ERR,ERR,ERR,ERR,ERR,ERR,ERR,0.0,-0.0,-107090032.0,0.0,-3.160207272547048e+29,-0.0,0.0,-4015421296476160.0,4300,0,8,17170,4300,0.0,41,0.0,0.0,0.0,0.0,2.7184166902131945e+23,0,0,0,0,0.0,0,0,0,0,0,0,0,0,0,0,0,0,0,0,0,0,0,0,0,0,0,0,0,0,0,0,0,0,0,0,0,0,0,9,37,37,46,65476,400,65476,1,0,4,21553,0.0,0.0,0.0,0.0,0.0,0.0,0.0,0.0,0.0,0.0,0.0,0.0,0.0,0.0,0.0,0.0,0.0,0.0,0.0,0.0,0.0,2.004,2.004,-3.6970818999223845e+19,0.0,0.0,0.0,0.0,0.0,0.0,6494.0,8608229376.0,0.0,0.0,-0.0,0.0,-0.0,0.0,0.0,2.004,2.004,226,-0.0,4.950423568755355e+32,0.0,0.0,0.0,0.0,0.0,0.0,0.0,0,0,0,-915952174628864.0,3007441920.0,-0.0,2.8148899548391014e+18,5.230629120581126e+29,0.0,0.0,748499107840.0,2.699194669358704e+30,-1.71202502181374e+28,-17.659,60823351328768.0,0.0,0.0,0.0,4.160250214301767e+35,0,1.3516416376850534e+27,226,0.0,452,0.0,-0.0,2112,52429,17109,0,17112,0,17096,0,0,0,101,100,100,0.0,65.1,0.0,65.9,-107615248.0,65.0,1,49,50,180,52429,52429,0,0,0.0,0.0,0.0,60.0,-0.0,71.0,0.0,-71810.672,0.0,1069,0,1069,0,0,0,1069,0,1080,0,1000,0,655,0,656,0,651,0,678,0.032,1.4536034330083127e+22,-0.0,-0.0,41488,16814,-0.0,-330250.688,-15753977790464.0,-3431740997632.0,-1.92447504363861e+35,0.017,50.0,60.0,35,0.0,0.0,10.0,2.0,0.0,0.0,0.0,0.0,0.0,0.0,0.0,0.0,0.0,0.0,0.0,0.0,58.8,57,10,65506,27,65476,0,300,0,0,8,20529,65476,0,0,30147,60.0,0.0,10.0,10.0,2.0,0.0
2026-02-16T12:32:22,ERR,ERR,ERR,ERR,ERR,ERR,ERR,ERR,ERR,ERR,ERR,ERR,ERR,ERR,ERR,ERR,ERR,ERR,ERR,ERR,ERR,ERR,ERR,ERR,ERR,ERR,ERR,ERR,ERR,ERR,ERR,ERR,ERR,ERR,ERR,ERR,ERR,ERR,ERR,ERR,ERR,ERR,ERR,ERR,ERR,ERR,ERR,ERR,ERR,ERR,ERR,ERR,ERR,ERR,ERR,ERR,ERR,ERR,ERR,ERR,ERR,ERR,ERR,ERR,ERR,ERR,ERR,ERR,ERR,ERR,ERR,ERR,ERR,ERR,ERR,ERR,ERR,ERR,ERR,ERR,ERR,ERR,ERR,ERR,ERR,ERR,ERR,ERR,ERR,ERR,ERR,ERR,ERR,ERR,ERR,ERR,ERR,ERR,ERR,ERR,ERR,ERR,ERR,ERR,ERR,ERR,ERR,ERR,ERR,ERR,ERR,ERR,ERR,ERR,ERR,ERR,ERR,ERR,ERR,ERR,ERR,ERR,ERR,ERR,ERR,0.0,-0.0,-107090032.0,0.0,-3.160207272547048e+29,-0.0,0.0,-4015421296476160.0,4300,0,8,17170,4300,0.0,41,0.0,0.0,0.0,0.0,2.7184166902131945e+23,0,0,0,0,0.0,0,0,0,0,0,0,0,0,0,0,0,0,0,0,0,0,0,0,0,0,0,0,0,0,0,0,0,0,0,0,0,0,0,9,37,37,46,65476,400,65476,1,0,4,21553,0.0,0.0,0.0,0.0,0.0,0.0,0.0,0.0,0.0,0.0,0.0,0.0,0.0,0.0,0.0,0.0,0.0,0.0,0.0,0.0,0.0,2.004,2.004,-3.6970818999223845e+19,0.0,0.0,0.0,0.0,0.0,0.0,6494.0,8608229376.0,0.0,0.0,-0.0,0.0,-0.0,0.0,0.0,2.004,2.004,226,-0.0,4.950423568755355e+32,0.0,0.0,0.0,0.0,0.0,0.0,0.0,0,0,0,-915952174628864.0,3007441920.0,-0.0,2.8148899548391014e+18,5.230629120581126e+29,0.0,0.0,748499107840.0,2.699194669358704e+30,-1.71202502181374e+28,-17.659,60823351328768.0,0.0,0.0,0.0,4.160250214301767e+35,0,1.3516416376850534e+27,226,0.0,452,0.0,-0.0,2112,52429,17109,0,17112,0,17096,0,0,0,101,100,100,0.0,65.1,0.0,65.9,-107615248.0,65.0,1,49,50,180,52429,52429,0,0,0.0,0.0,0.0,60.0,-0.0,71.0,0.0,-71810.672,0.0,1069,0,1069,0,0,0,1069,0,1080,0,1000,0,655,0,656,0,651,0,678,0.032,1.4536034330083127e+22,-0.0,-0.0,41488,16814,-0.0,-330250.688,-15753977790464.0,-3431740997632.0,-1.92447504363861e+35,0.017,50.0,60.0,35,0.0,0.0,10.0,2.0,0.0,0.0,0.0,0.0,0.0,0.0,0.0,0.0,0.0,0.0,0.0,0.0,58.8,57,10,65506,27,65476,0,300,0,0,8,20529,65476,0,0,30147,60.0,0.0,10.0,10.0,2.0,0.0
2026-02-16T12:32:23,ERR,ERR,ERR,ERR,ERR,ERR,ERR,ERR,ERR,ERR,ERR,ERR,ERR,ERR,ERR,ERR,ERR,ERR,ERR,ERR,ERR,ERR,ERR,ERR,ERR,ERR,ERR,ERR,ERR,ERR,ERR,ERR,ERR,ERR,ERR,ERR,ERR,ERR,ERR,ERR,ERR,ERR,ERR,ERR,ERR,ERR,ERR,ERR,ERR,ERR,ERR,ERR,ERR,ERR,ERR,ERR,ERR,ERR,ERR,ERR,ERR,ERR,ERR,ERR,ERR,ERR,ERR,ERR,ERR,ERR,ERR,ERR,ERR,ERR,ERR,ERR,ERR,ERR,ERR,ERR,ERR,ERR,ERR,ERR,ERR,ERR,ERR,ERR,ERR,ERR,ERR,ERR,ERR,ERR,ERR,ERR,ERR,ERR,ERR,ERR,ERR,ERR,ERR,ERR,ERR,ERR,ERR,ERR,ERR,ERR,ERR,ERR,ERR,ERR,ERR,ERR,ERR,ERR,ERR,ERR,ERR,ERR,ERR,ERR,ERR,0.0,-0.0,-107090032.0,0.0,-3.160207272547048e+29,-0.0,0.0,-4015421296476160.0,4300,0,8,17170,4300,0.0,41,0.0,0.0,0.0,0.0,2.7184166902131945e+23,0,0,0,0,0.0,0,0,0,0,0,0,0,0,0,0,0,0,0,0,0,0,0,0,0,0,0,0,0,0,0,0,0,0,0,0,0,0,0,9,37,37,46,65476,400,65476,1,0,4,21553,0.0,0.0,0.0,0.0,0.0,0.0,0.0,0.0,0.0,0.0,0.0,0.0,0.0,0.0,0.0,0.0,0.0,0.0,0.0,0.0,0.0,2.004,2.004,-3.6970818999223845e+19,0.0,0.0,0.0,0.0,0.0,0.0,6494.0,8608229376.0,0.0,0.0,-0.0,0.0,-0.0,0.0,0.0,2.004,2.004,226,-0.0,4.950423568755355e+32,0.0,0.0,0.0,0.0,0.0,0.0,0.0,0,0,0,-915952174628864.0,3007441920.0,-0.0,2.8148899548391014e+18,5.230629120581126e+29,0.0,0.0,748499107840.0,2.699194669358704e+30,-1.71202502181374e+28,-17.659,60823351328768.0,0.0,0.0,0.0,4.160250214301767e+35,0,1.3516416376850534e+27,226,0.0,452,0.0,-0.0,2112,52429,17109,0,17112,0,17096,0,0,0,101,100,100,0.0,65.1,0.0,65.9,-107615248.0,65.0,1,49,50,180,52429,52429,0,0,0.0,0.0,0.0,60.0,-0.0,71.0,0.0,-71810.672,0.0,1069,0,1069,0,0,0,1069,0,1080,0,1000,0,655,0,656,0,651,0,678,0.032,1.4536034330083127e+22,-0.0,-0.0,41488,16814,-0.0,-330250.688,-15753977790464.0,-3431740997632.0,-1.92447504363861e+35,0.017,50.0,60.0,35,0.0,0.0,10.0,2.0,0.0,0.0,0.0,0.0,0.0,0.0,0.0,0.0,0.0,0.0,0.0,0.0,58.8,57,10,65506,27,65476,0,300,0,0,8,20529,65476,0,0,30147,60.0,0.0,10.0,10.0,2.0,0.0
2026-02-16T12:32:24,ERR,ERR,ERR,ERR,ERR,ERR,ERR,ERR,ERR,ERR,ERR,ERR,ERR,ERR,ERR,ERR,ERR,ERR,ERR,ERR,ERR,ERR,ERR,ERR,ERR,ERR,ERR,ERR,ERR,ERR,ERR,ERR,ERR,ERR,ERR,ERR,ERR,ERR,ERR,ERR,ERR,ERR,ERR,ERR,ERR,ERR,ERR,ERR,ERR,ERR,ERR,ERR,ERR,ERR,ERR,ERR,ERR,ERR,ERR,ERR,ERR,ERR,ERR,ERR,ERR,ERR,ERR,ERR,ERR,ERR,ERR,ERR,ERR,ERR,ERR,ERR,ERR,ERR,ERR,ERR,ERR,ERR,ERR,ERR,ERR,ERR,ERR,ERR,ERR,ERR,ERR,ERR,ERR,ERR,ERR,ERR,ERR,ERR,ERR,ERR,ERR,ERR,ERR,ERR,ERR,ERR,ERR,ERR,ERR,ERR,ERR,ERR,ERR,ERR,ERR,ERR,ERR,ERR,ERR,ERR,ERR,ERR,ERR,ERR,ERR,0.0,-0.0,-107090032.0,0.0,-3.160207272547048e+29,-0.0,0.0,-4015421296476160.0,4300,0,8,17170,4300,0.0,41,0.0,0.0,0.0,0.0,2.7184166902131945e+23,0,0,0,0,0.0,0,0,0,0,0,0,0,0,0,0,0,0,0,0,0,0,0,0,0,0,0,0,0,0,0,0,0,0,0,0,0,0,0,9,37,37,46,65476,400,65476,1,0,4,21553,0.0,0.0,0.0,0.0,0.0,0.0,0.0,0.0,0.0,0.0,0.0,0.0,0.0,0.0,0.0,0.0,0.0,0.0,0.0,0.0,0.0,2.004,2.004,-3.6970818999223845e+19,0.0,0.0,0.0,0.0,0.0,0.0,6494.0,8608229376.0,0.0,0.0,-0.0,0.0,-0.0,0.0,0.0,2.004,2.004,226,-0.0,4.950423568755355e+32,0.0,0.0,0.0,0.0,0.0,0.0,0.0,0,0,0,-915952174628864.0,3007441920.0,-0.0,2.8148899548391014e+18,5.230629120581126e+29,0.0,0.0,748499107840.0,2.699194669358704e+30,-1.71202502181374e+28,-17.659,60823351328768.0,0.0,0.0,0.0,4.160250214301767e+35,0,1.3516416376850534e+27,226,0.0,452,0.0,-0.0,2112,52429,17109,0,17112,0,17096,0,0,0,101,100,100,0.0,65.1,2.7302339554914296e+23,65.5,0.0,65.5,1,49,50,180,52429,52429,0,0,0.0,0.0,0.0,60.0,-0.0,71.0,0.0,22816.668,0.0,1069,0,1069,0,0,0,1070,0,1080,0,1000,0,655,0,656,0,651,0,678,0.032,1.4683608282672803e+22,-0.0,-0.0,25744,16814,-0.0,22816.668,0.0,-0.0,0.0,-0.0,50.0,60.0,35,0.0,0.0,10.0,2.0,0.0,0.0,0.0,0.0,0.0,0.0,0.0,0.0,0.0,0.0,0.0,0.0,58.8,56,10,65507,27,65476,0,300,0,0,8,20529,65476,0,0,30147,60.0,0.0,10.0,10.0,2.0,0.0
2026-02-16T12:32:25,ERR,ERR,ERR,ERR,ERR,ERR,ERR,ERR,ERR,ERR,ERR,ERR,ERR,ERR,ERR,ERR,ERR,ERR,ERR,ERR,ERR,ERR,ERR,ERR,ERR,ERR,ERR,ERR,ERR,ERR,ERR,ERR,ERR,ERR,ERR,ERR,ERR,ERR,ERR,ERR,ERR,ERR,ERR,ERR,ERR,ERR,ERR,ERR,ERR,ERR,ERR,ERR,ERR,ERR,ERR,ERR,ERR,ERR,ERR,ERR,ERR,ERR,ERR,ERR,ERR,ERR,ERR,ERR,ERR,ERR,ERR,ERR,ERR,ERR,ERR,ERR,ERR,ERR,ERR,ERR,ERR,ERR,ERR,ERR,ERR,ERR,ERR,ERR,ERR,ERR,ERR,ERR,ERR,ERR,ERR,ERR,ERR,ERR,ERR,ERR,ERR,ERR,ERR,ERR,ERR,ERR,ERR,ERR,ERR,ERR,ERR,ERR,ERR,ERR,ERR,ERR,ERR,ERR,ERR,ERR,ERR,ERR,ERR,ERR,ERR,0.0,-0.0,-107090032.0,0.0,-3.160207272547048e+29,9.47045059581568e+29,-5.558263625412592e+34,-6.109070685788166e+34,4300,0,8,17170,4300,0.0,41,0.0,0.0,0.0,0.0,-0.0,0,0,0,0,0.0,0,0,0,0,0,0,0,0,0,0,0,0,0,0,0,0,0,0,0,0,0,0,0,0,0,0,0,0,0,0,0,0,0,9,37,37,46,65476,395,65476,1,0,4,21553,0.0,2.7183305813883192e+23,0.0,0.0,0.0,0.0,0.0,0.0,0.0,0.0,0.0,0.0,0.0,0.0,0.0,0.0,0.0,0.0,0.0,0.0,0.0,2.004,2.004,-3.6970818999223845e+19,0.0,0.0,0.0,0.0,0.0,0.0,6490.0,-131351.156,0.0,0.0,-0.0,0.0,-0.0,0.0,0.0,2.004,2.004,227,-0.0,-89221.008,0.0,0.0,0.0,0.0,0.0,0.0,0.0,0,0,0,-3.328526580727036e+25,-0.0,-0.0,2.57271432836692e+28,-0.0,-1.409955485050864e+26,-39.568,0.45,0.0,-1.7971333995146099e+28,-19.284,64396764119040.0,0.0,0.0,0.0,3.058801766054232e+19,0,1.3516416376850534e+27,227,0.0,454,2.40156025918058e+36,0.0,2112,52429,17109,0,17112,0,17096,0,0,0,101,100,100,0.0,65.1,2.7302339554914296e+23,65.5,0.0,65.5,1,49,50,180,52429,52429,0,0,0.0,0.0,0.0,60.0,-0.0,71.0,0.0,22816.668,0.0,1069,0,1069,0,0,0,1070,0,1080,0,1000,0,655,0,656,0,651,0,678,0.032,1.4683608282672803e+22,-0.0,-0.0,25744,16814,-0.0,22816.668,0.0,-0.0,0.0,-0.0,50.0,60.0,35,0.0,0.0,10.0,2.0,0.0,0.0,0.0,0.0,0.0,0.0,0.0,0.0,0.0,0.0,0.0,0.0,58.8,56,10,65507,27,65476,0,300,0,0,8,20529,65476,0,0,30147,60.0,0.0,10.0,10.0,2.0,0.0
2026-02-16T12:32:26,ERR,ERR,ERR,ERR,ERR,ERR,ERR,ERR,ERR,ERR,ERR,ERR,ERR,ERR,ERR,ERR,ERR,ERR,ERR,ERR,ERR,ERR,ERR,ERR,ERR,ERR,ERR,ERR,ERR,ERR,ERR,ERR,ERR,ERR,ERR,ERR,ERR,ERR,ERR,ERR,ERR,ERR,ERR,ERR,ERR,ERR,ERR,ERR,ERR,ERR,ERR,ERR,ERR,ERR,ERR,ERR,ERR,ERR,ERR,ERR,ERR,ERR,ERR,ERR,ERR,ERR,ERR,ERR,ERR,ERR,ERR,ERR,ERR,ERR,ERR,ERR,ERR,ERR,ERR,ERR,ERR,ERR,ERR,ERR,ERR,ERR,ERR,ERR,ERR,ERR,ERR,ERR,ERR,ERR,ERR,ERR,ERR,ERR,ERR,ERR,ERR,ERR,ERR,ERR,ERR,ERR,ERR,ERR,ERR,ERR,ERR,ERR,ERR,ERR,ERR,ERR,ERR,ERR,ERR,ERR,ERR,ERR,ERR,ERR,ERR,0.0,-0.0,-107090032.0,0.0,-3.160207272547048e+29,9.47045059581568e+29,-5.558263625412592e+34,-6.109070685788166e+34,4300,0,8,17170,4300,0.0,41,0.0,0.0,0.0,0.0,-0.0,0,0,0,0,0.0,0,0,0,0,0,0,0,0,0,0,0,0,0,0,0,0,0,0,0,0,0,0,0,0,0,0,0,0,0,0,0,0,0,9,37,37,46,65476,395,65476,1,0,4,21553,0.0,2.7183305813883192e+23,0.0,0.0,0.0,0.0,0.0,0.0,0.0,0.0,0.0,0.0,0.0,0.0,0.0,0.0,0.0,0.0,0.0,0.0,0.0,2.004,2.004,-3.6970818999223845e+19,0.0,0.0,0.0,0.0,0.0,0.0,6490.0,-131351.156,0.0,0.0,-0.0,0.0,-0.0,0.0,0.0,2.004,2.004,227,-0.0,-89221.008,0.0,0.0,0.0,0.0,0.0,0.0,0.0,0,0,0,-3.328526580727036e+25,-0.0,-0.0,2.57271432836692e+28,-0.0,-1.409955485050864e+26,-39.568,0.45,0.0,-1.7971333995146099e+28,-19.284,64396764119040.0,0.0,0.0,0.0,3.058801766054232e+19,0,1.3516416376850534e+27,227,0.0,454,2.40156025918058e+36,0.0,2112,52429,17109,0,17112,0,17096,0,0,0,101,100,100,0.0,65.1,2.7302339554914296e+23,65.5,0.0,65.5,1,49,50,180,52429,52429,0,0,0.0,0.0,0.0,60.0,-0.0,71.0,0.0,22816.668,0.0,1069,0,1069,0,0,0,1070,0,1080,0,1000,0,655,0,656,0,651,0,678,0.032,1.4683608282672803e+22,-0.0,-0.0,25744,16814,-0.0,22816.668,0.0,-0.0,0.0,-0.0,50.0,60.0,35,0.0,0.0,10.0,2.0,0.0,0.0,0.0,0.0,0.0,0.0,0.0,0.0,0.0,0.0,0.0,0.0,58.8,56,10,65507,27,65476,0,300,0,0,8,20529,65476,0,0,30147,60.0,0.0,10.0,10.0,2.0,0.0
2026-02-16T12:32:27,ERR,ERR,ERR,ERR,ERR,ERR,ERR,ERR,ERR,ERR,ERR,ERR,ERR,ERR,ERR,ERR,ERR,ERR,ERR,ERR,ERR,ERR,ERR,ERR,ERR,ERR,ERR,ERR,ERR,ERR,ERR,ERR,ERR,ERR,ERR,ERR,ERR,ERR,ERR,ERR,ERR,ERR,ERR,ERR,ERR,ERR,ERR,ERR,ERR,ERR,ERR,ERR,ERR,ERR,ERR,ERR,ERR,ERR,ERR,ERR,ERR,ERR,ERR,ERR,ERR,ERR,ERR,ERR,ERR,ERR,ERR,ERR,ERR,ERR,ERR,ERR,ERR,ERR,ERR,ERR,ERR,ERR,ERR,ERR,ERR,ERR,ERR,ERR,ERR,ERR,ERR,ERR,ERR,ERR,ERR,ERR,ERR,ERR,ERR,ERR,ERR,ERR,ERR,ERR,ERR,ERR,ERR,ERR,ERR,ERR,ERR,ERR,ERR,ERR,ERR,ERR,ERR,ERR,ERR,ERR,ERR,ERR,ERR,ERR,ERR,0.0,-0.0,-107090032.0,0.0,-3.160207272547048e+29,9.47045059581568e+29,-5.558263625412592e+34,-6.109070685788166e+34,4300,0,8,17170,4300,0.0,41,0.0,0.0,0.0,0.0,-0.0,0,0,0,0,0.0,0,0,0,0,0,0,0,0,0,0,0,0,0,0,0,0,0,0,0,0,0,0,0,0,0,0,0,0,0,0,0,0,0,9,37,37,46,65476,395,65476,1,0,4,21553,0.0,2.7183305813883192e+23,0.0,0.0,0.0,0.0,0.0,0.0,0.0,0.0,0.0,0.0,0.0,0.0,0.0,0.0,0.0,0.0,0.0,0.0,0.0,2.004,2.004,-3.6970818999223845e+19,0.0,0.0,0.0,0.0,0.0,0.0,6490.0,-131351.156,0.0,0.0,-0.0,0.0,-0.0,0.0,0.0,2.004,2.004,227,-0.0,-89221.008,0.0,0.0,0.0,0.0,0.0,0.0,0.0,0,0,0,-3.328526580727036e+25,-0.0,-0.0,2.57271432836692e+28,-0.0,-1.409955485050864e+26,-39.568,0.45,0.0,-1.7971333995146099e+28,-19.284,64396764119040.0,0.0,0.0,0.0,3.058801766054232e+19,0,1.3516416376850534e+27,227,0.0,454,2.40156025918058e+36,0.0,2112,52429,17109,0,17112,0,17096,0,0,0,101,100,100,0.0,65.1,0.0,65.5,0.0,65.5,1,49,50,180,52429,52429,0,0,0.0,0.0,0.0,60.0,-0.0,71.0,0.0,6.596008458128882e+34,0.0,1069,0,1069,0,0,0,1069,0,1080,0,1000,0,655,0,657,0,651,0,678,0.032,1.4536034330083127e+22,-0.0,-0.0,38288,16814,-0.0,6.596008458128882e+34,9.587092413815512e+37,179.754,2.232255789021081e+28,0.0,50.0,60.0,35,0.0,0.0,10.0,2.0,0.0,0.0,0.0,0.0,0.0,0.0,0.0,0.0,0.0,0.0,0.0,0.0,59.2,56,10,65507,27,65476,0,300,0,0,8,20529,65476,0,0,30147,60.0,0.0,10.0,10.0,2.0,0.0
2026-02-16T12:32:28,ERR,ERR,ERR,ERR,ERR,ERR,ERR,ERR,ERR,ERR,ERR,ERR,ERR,ERR,ERR,ERR,ERR,ERR,ERR,ERR,ERR,ERR,ERR,ERR,ERR,ERR,ERR,ERR,ERR,ERR,ERR,ERR,ERR,ERR,ERR,ERR,ERR,ERR,ERR,ERR,ERR,ERR,ERR,ERR,ERR,ERR,ERR,ERR,ERR,ERR,ERR,ERR,ERR,ERR,ERR,ERR,ERR,ERR,ERR,ERR,ERR,ERR,ERR,ERR,ERR,ERR,ERR,ERR,ERR,ERR,ERR,ERR,ERR,ERR,ERR,ERR,ERR,ERR,ERR,ERR,ERR,ERR,ERR,ERR,ERR,ERR,ERR,ERR,ERR,ERR,ERR,ERR,ERR,ERR,ERR,ERR,ERR,ERR,ERR,ERR,ERR,ERR,ERR,ERR,ERR,ERR,ERR,ERR,ERR,ERR,ERR,ERR,ERR,ERR,ERR,ERR,ERR,ERR,ERR,ERR,ERR,ERR,ERR,ERR,ERR,0.0,-0.0,-107090032.0,0.0,-3.160207272547048e+29,9.47045059581568e+29,-5.558263625412592e+34,-6.109070685788166e+34,4300,0,8,17170,4300,0.0,41,0.0,0.0,0.0,0.0,-0.0,0,0,0,0,0.0,0,0,0,0,0,0,0,0,0,0,0,0,0,0,0,0,0,0,0,0,0,0,0,0,0,0,0,0,0,0,0,0,0,9,37,37,46,65476,395,65476,1,0,4,21553,0.0,2.7183305813883192e+23,0.0,0.0,0.0,0.0,0.0,0.0,0.0,0.0,0.0,0.0,0.0,0.0,0.0,0.0,0.0,0.0,0.0,0.0,0.0,2.004,2.004,-3.6970818999223845e+19,0.0,0.0,0.0,0.0,0.0,0.0,6490.0,-131351.156,0.0,0.0,-0.0,0.0,-0.0,0.0,0.0,2.004,2.004,227,-0.0,-89221.008,0.0,0.0,0.0,0.0,0.0,0.0,0.0,0,0,0,-3.328526580727036e+25,-0.0,-0.0,2.57271432836692e+28,-0.0,-1.409955485050864e+26,-39.568,0.45,0.0,-1.7971333995146099e+28,-19.284,64396764119040.0,0.0,0.0,0.0,3.058801766054232e+19,0,1.3516416376850534e+27,227,0.0,454,2.40156025918058e+36,0.0,2112,52429,17109,0,17112,0,17096,0,0,0,101,100,100,0.0,65.1,0.0,65.5,0.0,65.5,1,49,50,180,52429,52429,0,0,0.0,0.0,0.0,60.0,-0.0,71.0,0.0,6.596008458128882e+34,0.0,1069,0,1069,0,0,0,1069,0,1080,0,1000,0,655,0,657,0,651,0,678,0.032,1.4536034330083127e+22,-0.0,-0.0,38288,16814,-0.0,6.596008458128882e+34,9.587092413815512e+37,179.754,2.232255789021081e+28,0.0,50.0,60.0,35,0.0,0.0,10.0,2.0,0.0,0.0,0.0,0.0,0.0,0.0,0.0,0.0,0.0,0.0,0.0,0.0,59.2,56,10,65507,27,65476,0,300,0,0,8,20529,65476,0,0,30147,60.0,0.0,10.0,10.0,2.0,0.0
2026-02-16T12:32:29,ERR,ERR,ERR,ERR,ERR,ERR,ERR,ERR,ERR,ERR,ERR,ERR,ERR,ERR,ERR,ERR,ERR,ERR,ERR,ERR,ERR,ERR,ERR,ERR,ERR,ERR,ERR,ERR,ERR,ERR,ERR,ERR,ERR,ERR,ERR,ERR,ERR,ERR,ERR,ERR,ERR,ERR,ERR,ERR,ERR,ERR,ERR,ERR,ERR,ERR,ERR,ERR,ERR,ERR,ERR,ERR,ERR,ERR,ERR,ERR,ERR,ERR,ERR,ERR,ERR,ERR,ERR,ERR,ERR,ERR,ERR,ERR,ERR,ERR,ERR,ERR,ERR,ERR,ERR,ERR,ERR,ERR,ERR,ERR,ERR,ERR,ERR,ERR,ERR,ERR,ERR,ERR,ERR,ERR,ERR,ERR,ERR,ERR,ERR,ERR,ERR,ERR,ERR,ERR,ERR,ERR,ERR,ERR,ERR,ERR,ERR,ERR,ERR,ERR,ERR,ERR,ERR,ERR,ERR,ERR,ERR,ERR,ERR,ERR,ERR,0.0,-0.0,-107090032.0,0.0,-3.160207272547048e+29,9.47045059581568e+29,-5.558263625412592e+34,-6.109070685788166e+34,4300,0,8,17170,4300,0.0,41,0.0,0.0,0.0,0.0,-0.0,0,0,0,0,0.0,0,0,0,0,0,0,0,0,0,0,0,0,0,0,0,0,0,0,0,0,0,0,0,0,0,0,0,0,0,0,0,0,0,9,37,37,46,65476,395,65476,1,0,4,21553,0.0,2.7183305813883192e+23,0.0,0.0,0.0,0.0,0.0,0.0,0.0,0.0,0.0,0.0,0.0,0.0,0.0,0.0,0.0,0.0,0.0,0.0,0.0,2.004,2.004,-3.6970818999223845e+19,0.0,0.0,0.0,0.0,0.0,0.0,6490.0,-131351.156,0.0,0.0,-0.0,0.0,-0.0,0.0,0.0,2.004,2.004,227,-0.0,-89221.008,0.0,0.0,0.0,0.0,0.0,0.0,0.0,0,0,0,-3.328526580727036e+25,-0.0,-0.0,2.57271432836692e+28,-0.0,-1.409955485050864e+26,-39.568,0.45,0.0,-1.7971333995146099e+28,-19.284,64396764119040.0,0.0,0.0,0.0,3.058801766054232e+19,0,1.3516416376850534e+27,227,0.0,454,2.40156025918058e+36,0.0,2112,52429,17109,0,17112,0,17096,0,0,0,101,100,100,0.0,65.1,0.0,65.5,0.0,65.5,1,49,50,180,52429,52429,0,0,0.0,0.0,0.0,60.0,-0.0,71.0,0.0,6.596008458128882e+34,0.0,1069,0,1069,0,0,0,1069,0,1080,0,1000,0,655,0,657,0,651,0,678,0.032,1.4536034330083127e+22,-0.0,-0.0,38288,16814,-0.0,6.596008458128882e+34,9.587092413815512e+37,179.754,2.232255789021081e+28,0.0,50.0,60.0,35,0.0,0.0,10.0,2.0,0.0,0.0,0.0,0.0,0.0,0.0,0.0,0.0,0.0,0.0,0.0,0.0,58.8,56,10,65507,27,65476,0,300,0,0,8,20529,65476,0,0,30147,60.0,0.0,10.0,10.0,2.0,0.0
2026-02-16T12:32:30,ERR,ERR,ERR,ERR,ERR,ERR,ERR,ERR,ERR,ERR,ERR,ERR,ERR,ERR,ERR,ERR,ERR,ERR,ERR,ERR,ERR,ERR,ERR,ERR,ERR,ERR,ERR,ERR,ERR,ERR,ERR,ERR,ERR,ERR,ERR,ERR,ERR,ERR,ERR,ERR,ERR,ERR,ERR,ERR,ERR,ERR,ERR,ERR,ERR,ERR,ERR,ERR,ERR,ERR,ERR,ERR,ERR,ERR,ERR,ERR,ERR,ERR,ERR,ERR,ERR,ERR,ERR,ERR,ERR,ERR,ERR,ERR,ERR,ERR,ERR,ERR,ERR,ERR,ERR,ERR,ERR,ERR,ERR,ERR,ERR,ERR,ERR,ERR,ERR,ERR,ERR,ERR,ERR,ERR,ERR,ERR,ERR,ERR,ERR,ERR,ERR,ERR,ERR,ERR,ERR,ERR,ERR,ERR,ERR,ERR,ERR,ERR,ERR,ERR,ERR,ERR,ERR,ERR,ERR,ERR,ERR,ERR,ERR,ERR,ERR,0.0,-0.0,-107090032.0,0.0,-3.160207272547048e+29,0.0,7.76041710440021e+20,324807524352.0,4300,0,8,17170,4300,0.0,41,0.0,0.0,0.0,0.0,-0.0,0,0,0,0,0.0,0,0,0,0,0,0,0,0,0,0,0,0,0,0,0,0,0,0,0,0,0,0,0,0,0,0,0,0,0,0,0,0,0,9,37,37,46,65476,396,65476,1,0,4,21553,0.0,-0.0,0.0,0.0,0.0,0.0,0.0,0.0,0.0,0.0,0.0,0.0,0.0,0.0,0.0,0.0,0.0,0.0,0.0,0.0,0.0,2.004,2.004,-3.6970818999223845e+19,0.0,0.0,0.0,0.0,0.0,0.0,6516.0,2.423001451359961e+24,0.0,0.0,-0.0,0.0,-0.0,0.0,0.0,2.004,2.004,227,5.848055683159391e+35,0.0,0.0,0.0,0.0,0.0,0.0,0.0,0.0,0,0,0,-1.3468730805550232e+27,0.0,-0.0,5.240206975048331e+20,-0.0,4.1176489144051967e+36,-6890248.5,-0.0,-2.072704187157709e+16,-1.897716027706547e+28,-20.909,67695299002368.0,0.0,0.0,0.0,-0.0,0,1.3516416376850534e+27,227,0.0,454,0.0,-1.3516451289993519e+35,2112,52429,17109,0,17112,0,17096,0,0,0,101,100,100,0.0,65.1,0.0,65.5,0.0,65.5,1,49,50,180,52429,52429,0,0,0.0,0.0,0.0,60.0,-0.0,71.0,0.0,6.596008458128882e+34,0.0,1069,0,1069,0,0,0,1069,0,1080,0,1000,0,655,0,657,0,651,0,678,0.032,1.4536034330083127e+22,-0.0,-0.0,38288,16814,-0.0,6.596008458128882e+34,9.587092413815512e+37,179.754,2.232255789021081e+28,0.0,50.0,60.0,35,0.0,0.0,10.0,2.0,0.0,0.0,0.0,0.0,0.0,0.0,0.0,0.0,0.0,0.0,0.0,0.0,58.8,56,10,65507,27,65476,0,300,0,0,8,20529,65476,0,0,30147,60.0,0.0,10.0,10.0,2.0,0.0
2026-02-16T12:32:31,ERR,ERR,ERR,ERR,ERR,ERR,ERR,ERR,ERR,ERR,ERR,ERR,ERR,ERR,ERR,ERR,ERR,ERR,ERR,ERR,ERR,ERR,ERR,ERR,ERR,ERR,ERR,ERR,ERR,ERR,ERR,ERR,ERR,ERR,ERR,ERR,ERR,ERR,ERR,ERR,ERR,ERR,ERR,ERR,ERR,ERR,ERR,ERR,ERR,ERR,ERR,ERR,ERR,ERR,ERR,ERR,ERR,ERR,ERR,ERR,ERR,ERR,ERR,ERR,ERR,ERR,ERR,ERR,ERR,ERR,ERR,ERR,ERR,ERR,ERR,ERR,ERR,ERR,ERR,ERR,ERR,ERR,ERR,ERR,ERR,ERR,ERR,ERR,ERR,ERR,ERR,ERR,ERR,ERR,ERR,ERR,ERR,ERR,ERR,ERR,ERR,ERR,ERR,ERR,ERR,ERR,ERR,ERR,ERR,ERR,ERR,ERR,ERR,ERR,ERR,ERR,ERR,ERR,ERR,ERR,ERR,ERR,ERR,ERR,ERR,0.0,-0.0,-107090032.0,0.0,-3.160207272547048e+29,0.0,7.76041710440021e+20,324807524352.0,4300,0,8,17170,4300,0.0,41,0.0,0.0,0.0,0.0,-0.0,0,0,0,0,0.0,0,0,0,0,0,0,0,0,0,0,0,0,0,0,0,0,0,0,0,0,0,0,0,0,0,0,0,0,0,0,0,0,0,9,37,37,46,65476,396,65476,1,0,4,21553,0.0,-0.0,0.0,0.0,0.0,0.0,0.0,0.0,0.0,0.0,0.0,0.0,0.0,0.0,0.0,0.0,0.0,0.0,0.0,0.0,0.0,2.004,2.004,-3.6970818999223845e+19,0.0,0.0,0.0,0.0,0.0,0.0,6516.0,2.423001451359961e+24,0.0,0.0,-0.0,0.0,-0.0,0.0,0.0,2.004,2.004,227,5.848055683159391e+35,0.0,0.0,0.0,0.0,0.0,0.0,0.0,0.0,0,0,0,-1.3468730805550232e+27,0.0,-0.0,5.240206975048331e+20,-0.0,4.1176489144051967e+36,-6890248.5,-0.0,-2.072704187157709e+16,-1.897716027706547e+28,-20.909,67695299002368.0,0.0,0.0,0.0,-0.0,0,1.3516416376850534e+27,227,0.0,454,0.0,-1.3516451289993519e+35,2112,0,17110,0,17112,0,17096,0,0,0,101,100,100,0.0,65.2,2.7302339554914296e+23,65.9,-107615248.0,65.0,1,49,50,180,52429,52429,0,0,0.0,0.0,0.0,60.0,3.246772026663465e+38,71.0,0.0,-0.0,0.0,1069,0,1069,0,0,0,1069,0,1080,0,1000,0,655,0,657,0,651,0,677,0.032,1.4609821306377965e+22,-0.0,-0.0,39056,16814,-0.0,26656.668,0.0,-0.0,0.0,-0.0,50.0,60.0,35,0.0,0.0,10.0,2.0,0.0,0.0,0.0,0.0,0.0,0.0,0.0,0.0,0.0,0.0,0.0,0.0,58.8,56,10,65507,27,65476,0,300,0,0,8,20529,65476,0,0,30147,60.0,0.0,10.0,10.0,2.0,0.0
2026-02-16T12:32:32,ERR,ERR,ERR,ERR,ERR,ERR,ERR,ERR,ERR,ERR,ERR,ERR,ERR,ERR,ERR,ERR,ERR,ERR,ERR,ERR,ERR,ERR,ERR,ERR,ERR,ERR,ERR,ERR,ERR,ERR,ERR,ERR,ERR,ERR,ERR,ERR,ERR,ERR,ERR,ERR,ERR,ERR,ERR,ERR,ERR,ERR,ERR,ERR,ERR,ERR,ERR,ERR,ERR,ERR,ERR,ERR,ERR,ERR,ERR,ERR,ERR,ERR,ERR,ERR,ERR,ERR,ERR,ERR,ERR,ERR,ERR,ERR,ERR,ERR,ERR,ERR,ERR,ERR,ERR,ERR,ERR,ERR,ERR,ERR,ERR,ERR,ERR,ERR,ERR,ERR,ERR,ERR,ERR,ERR,ERR,ERR,ERR,ERR,ERR,ERR,ERR,ERR,ERR,ERR,ERR,ERR,ERR,ERR,ERR,ERR,ERR,ERR,ERR,ERR,ERR,ERR,ERR,ERR,ERR,ERR,ERR,ERR,ERR,ERR,ERR,0.0,-0.0,-107090032.0,0.0,-3.160207272547048e+29,0.0,7.76041710440021e+20,324807524352.0,4300,0,8,17170,4300,0.0,41,0.0,0.0,0.0,0.0,-0.0,0,0,0,0,0.0,0,0,0,0,0,0,0,0,0,0,0,0,0,0,0,0,0,0,0,0,0,0,0,0,0,0,0,0,0,0,0,0,0,9,37,37,46,65476,396,65476,1,0,4,21553,0.0,-0.0,0.0,0.0,0.0,0.0,0.0,0.0,0.0,0.0,0.0,0.0,0.0,0.0,0.0,0.0,0.0,0.0,0.0,0.0,0.0,2.004,2.004,-3.6970818999223845e+19,0.0,0.0,0.0,0.0,0.0,0.0,6516.0,2.423001451359961e+24,0.0,0.0,-0.0,0.0,-0.0,0.0,0.0,2.004,2.004,227,5.848055683159391e+35,0.0,0.0,0.0,0.0,0.0,0.0,0.0,0.0,0,0,0,-1.3468730805550232e+27,0.0,-0.0,5.240206975048331e+20,-0.0,4.1176489144051967e+36,-6890248.5,-0.0,-2.072704187157709e+16,-1.897716027706547e+28,-20.909,67695299002368.0,0.0,0.0,0.0,-0.0,0,1.3516416376850534e+27,227,0.0,454,0.0,-1.3516451289993519e+35,2112,0,17110,0,17112,0,17096,0,0,0,101,100,100,0.0,65.2,2.7302339554914296e+23,65.9,-107615248.0,65.0,1,49,50,180,52429,52429,0,0,0.0,0.0,0.0,60.0,3.246772026663465e+38,71.0,0.0,-0.0,0.0,1069,0,1069,0,0,0,1069,0,1080,0,1000,0,655,0,657,0,651,0,677,0.032,1.4609821306377965e+22,-0.0,-0.0,39056,16814,-0.0,26656.668,0.0,-0.0,0.0,-0.0,50.0,60.0,35,0.0,0.0,10.0,2.0,0.0,0.0,0.0,0.0,0.0,0.0,0.0,0.0,0.0,0.0,0.0,0.0,58.8,56,10,65507,27,65476,0,300,0,0,8,20529,65476,0,0,30147,60.0,0.0,10.0,10.0,2.0,0.0
2026-02-16T12:32:33,ERR,ERR,ERR,ERR,ERR,ERR,ERR,ERR,ERR,ERR,ERR,ERR,ERR,ERR,ERR,ERR,ERR,ERR,ERR,ERR,ERR,ERR,ERR,ERR,ERR,ERR,ERR,ERR,ERR,ERR,ERR,ERR,ERR,ERR,ERR,ERR,ERR,ERR,ERR,ERR,ERR,ERR,ERR,ERR,ERR,ERR,ERR,ERR,ERR,ERR,ERR,ERR,ERR,ERR,ERR,ERR,ERR,ERR,ERR,ERR,ERR,ERR,ERR,ERR,ERR,ERR,ERR,ERR,ERR,ERR,ERR,ERR,ERR,ERR,ERR,ERR,ERR,ERR,ERR,ERR,ERR,ERR,ERR,ERR,ERR,ERR,ERR,ERR,ERR,ERR,ERR,ERR,ERR,ERR,ERR,ERR,ERR,ERR,ERR,ERR,ERR,ERR,ERR,ERR,ERR,ERR,ERR,ERR,ERR,ERR,ERR,ERR,ERR,ERR,ERR,ERR,ERR,ERR,ERR,ERR,ERR,ERR,ERR,ERR,ERR,0.0,-0.0,-107090032.0,0.0,-3.160207272547048e+29,0.0,7.76041710440021e+20,324807524352.0,4300,0,8,17170,4300,0.0,41,0.0,0.0,0.0,0.0,-0.0,0,0,0,0,0.0,0,0,0,0,0,0,0,0,0,0,0,0,0,0,0,0,0,0,0,0,0,0,0,0,0,0,0,0,0,0,0,0,0,9,37,37,46,65476,396,65476,1,0,4,21553,0.0,-0.0,0.0,0.0,0.0,0.0,0.0,0.0,0.0,0.0,0.0,0.0,0.0,0.0,0.0,0.0,0.0,0.0,0.0,0.0,0.0,2.004,2.004,-3.6970818999223845e+19,0.0,0.0,0.0,0.0,0.0,0.0,6516.0,2.423001451359961e+24,0.0,0.0,-0.0,0.0,-0.0,0.0,0.0,2.004,2.004,227,5.848055683159391e+35,0.0,0.0,0.0,0.0,0.0,0.0,0.0,0.0,0,0,0,-1.3468730805550232e+27,0.0,-0.0,5.240206975048331e+20,-0.0,4.1176489144051967e+36,-6890248.5,-0.0,-2.072704187157709e+16,-1.897716027706547e+28,-20.909,67695299002368.0,0.0,0.0,0.0,-0.0,0,1.3516416376850534e+27,227,0.0,454,0.0,-1.3516451289993519e+35,2112,0,17110,0,17112,0,17096,0,0,0,101,100,100,0.0,65.2,2.7302339554914296e+23,65.9,-107615248.0,65.0,1,49,50,180,52429,52429,0,0,0.0,0.0,0.0,60.0,3.246772026663465e+38,71.0,0.0,-0.0,0.0,1069,0,1069,0,0,0,1069,0,1080,0,1000,0,655,0,657,0,651,0,677,0.032,1.4609821306377965e+22,-0.0,-0.0,39056,16814,-0.0,26656.668,0.0,-0.0,0.0,-0.0,50.0,60.0,35,0.0,0.0,10.0,2.0,0.0,0.0,0.0,0.0,0.0,0.0,0.0,0.0,0.0,0.0,0.0,0.0,58.8,56,10,65507,27,65476,0,300,0,0,8,20529,65476,0,0,30147,60.0,0.0,10.0,10.0,2.0,0.0
2026-02-16T12:32:34,ERR,ERR,ERR,ERR,ERR,ERR,ERR,ERR,ERR,ERR,ERR,ERR,ERR,ERR,ERR,ERR,ERR,ERR,ERR,ERR,ERR,ERR,ERR,ERR,ERR,ERR,ERR,ERR,ERR,ERR,ERR,ERR,ERR,ERR,ERR,ERR,ERR,ERR,ERR,ERR,ERR,ERR,ERR,ERR,ERR,ERR,ERR,ERR,ERR,ERR,ERR,ERR,ERR,ERR,ERR,ERR,ERR,ERR,ERR,ERR,ERR,ERR,ERR,ERR,ERR,ERR,ERR,ERR,ERR,ERR,ERR,ERR,ERR,ERR,ERR,ERR,ERR,ERR,ERR,ERR,ERR,ERR,ERR,ERR,ERR,ERR,ERR,ERR,ERR,ERR,ERR,ERR,ERR,ERR,ERR,ERR,ERR,ERR,ERR,ERR,ERR,ERR,ERR,ERR,ERR,ERR,ERR,ERR,ERR,ERR,ERR,ERR,ERR,ERR,ERR,ERR,ERR,ERR,ERR,ERR,ERR,ERR,ERR,ERR,ERR,0.0,-0.0,-107090032.0,0.0,-3.160207272547048e+29,0.0,7.76041710440021e+20,324807524352.0,4300,0,8,17170,4300,0.0,41,0.0,0.0,0.0,0.0,-0.0,0,0,0,0,0.0,0,0,0,0,0,0,0,0,0,0,0,0,0,0,0,0,0,0,0,0,0,0,0,0,0,0,0,0,0,0,0,0,0,9,37,37,46,65476,396,65476,1,0,4,21553,0.0,-0.0,0.0,0.0,0.0,0.0,0.0,0.0,0.0,0.0,0.0,0.0,0.0,0.0,0.0,0.0,0.0,0.0,0.0,0.0,0.0,2.004,2.004,-3.6970818999223845e+19,0.0,0.0,0.0,0.0,0.0,0.0,6516.0,2.423001451359961e+24,0.0,0.0,-0.0,0.0,-0.0,0.0,0.0,2.004,2.004,227,5.848055683159391e+35,0.0,0.0,0.0,0.0,0.0,0.0,0.0,0.0,0,0,0,-1.3468730805550232e+27,0.0,-0.0,5.240206975048331e+20,-0.0,4.1176489144051967e+36,-6890248.5,-0.0,-2.072704187157709e+16,-1.897716027706547e+28,-20.909,67695299002368.0,0.0,0.0,0.0,-0.0,0,1.3516416376850534e+27,227,0.0,454,0.0,-1.3516451289993519e+35,2112,52429,17109,0,17112,0,17096,0,0,0,101,100,100,0.0,65.2,2.7302339554914296e+23,65.5,0.0,65.5,1,49,50,180,52429,52429,0,0,0.0,0.0,0.0,60.0,-0.0,71.0,0.0,-13438899200.0,0.0,1069,0,1069,0,0,0,1069,0,1080,0,1000,0,655,0,657,0,651,0,677,0.032,1.4609821306377965e+22,2.004,2.73023467606737e+23,30096,16814,-0.0,-13438899200.0,-4.671306001810205e+32,0.0,-1.4555056243449104e+35,1.1315062441203418e+38,50.0,60.0,35,0.0,0.0,10.0,2.0,0.0,0.0,0.0,0.0,0.0,0.0,0.0,0.0,0.0,0.0,0.0,0.0,58.8,56,10,65507,27,65476,0,300,0,0,8,20529,65476,0,0,30147,60.0,0.0,10.0,10.0,2.0,0.0
2026-02-16T12:32:35,ERR,ERR,ERR,ERR,ERR,ERR,ERR,ERR,ERR,ERR,ERR,ERR,ERR,ERR,ERR,ERR,ERR,ERR,ERR,ERR,ERR,ERR,ERR,ERR,ERR,ERR,ERR,ERR,ERR,ERR,ERR,ERR,ERR,ERR,ERR,ERR,ERR,ERR,ERR,ERR,ERR,ERR,ERR,ERR,ERR,ERR,ERR,ERR,ERR,ERR,ERR,ERR,ERR,ERR,ERR,ERR,ERR,ERR,ERR,ERR,ERR,ERR,ERR,ERR,ERR,ERR,ERR,ERR,ERR,ERR,ERR,ERR,ERR,ERR,ERR,ERR,ERR,ERR,ERR,ERR,ERR,ERR,ERR,ERR,ERR,ERR,ERR,ERR,ERR,ERR,ERR,ERR,ERR,ERR,ERR,ERR,ERR,ERR,ERR,ERR,ERR,ERR,ERR,ERR,ERR,ERR,ERR,ERR,ERR,ERR,ERR,ERR,ERR,ERR,ERR,ERR,ERR,ERR,ERR,ERR,ERR,ERR,ERR,ERR,ERR,0.0,-0.0,-107090032.0,0.0,-3.160207272547048e+29,2.572809131718738e+25,-1.3373352284251998e+27,0.0,4300,0,8,17170,4300,0.0,41,0.0,0.0,0.0,0.0,-0.0,0,0,0,0,0.0,0,0,0,0,0,0,0,0,0,0,0,0,0,0,0,0,0,0,0,0,0,0,0,0,0,0,0,0,0,0,0,0,0,8,37,37,45,65476,393,65476,1,0,4,21553,0.0,0.0,0.0,0.0,0.0,0.0,0.0,0.0,0.0,0.0,0.0,0.0,0.0,0.0,0.0,0.0,0.0,0.0,0.0,0.0,0.0,2.004,2.004,-3.6970818999223845e+19,0.0,0.0,0.0,0.0,0.0,0.0,6516.0,-1.0406711991751567e+34,0.0,0.0,-0.0,0.0,-0.0,0.0,0.0,2.004,2.004,227,4.066853658014554e+29,-0.0,0.0,0.0,0.0,0.0,0.0,0.0,0.0,0,0,0,-2.978307275698995e+17,0.0,-0.0,0.003,4.569999328299856e+27,324.515,-1.567466772460024e+30,0.0,0.0,-2.031367499431427e+28,-22.409,72168679407616.0,0.0,0.0,0.0,-0.0,0,1.3516416376850534e+27,227,0.0,454,-621855232.0,82050.086,2112,52429,17109,0,17112,0,17096,0,0,0,101,100,100,0.0,65.2,2.7302339554914296e+23,65.5,0.0,65.5,1,49,50,180,52429,52429,0,0,0.0,0.0,0.0,60.0,-0.0,71.0,0.0,-13438899200.0,0.0,1069,0,1069,0,0,0,1069,0,1080,0,1000,0,655,0,657,0,651,0,677,0.032,1.4609821306377965e+22,2.004,2.73023467606737e+23,30096,16814,-0.0,-13438899200.0,-4.671306001810205e+32,0.0,-1.4555056243449104e+35,1.1315062441203418e+38,50.0,60.0,35,0.0,0.0,10.0,2.0,0.0,0.0,0.0,0.0,0.0,0.0,0.0,0.0,0.0,0.0,0.0,0.0,58.8,56,10,65507,27,65476,0,300,0,0,8,20529,65476,0,0,30147,60.0,0.0,10.0,10.0,2.0,0.0
2026-02-16T12:32:36,ERR,ERR,ERR,ERR,ERR,ERR,ERR,ERR,ERR,ERR,ERR,ERR,ERR,ERR,ERR,ERR,ERR,ERR,ERR,ERR,ERR,ERR,ERR,ERR,ERR,ERR,ERR,ERR,ERR,ERR,ERR,ERR,ERR,ERR,ERR,ERR,ERR,ERR,ERR,ERR,ERR,ERR,ERR,ERR,ERR,ERR,ERR,ERR,ERR,ERR,ERR,ERR,ERR,ERR,ERR,ERR,ERR,ERR,ERR,ERR,ERR,ERR,ERR,ERR,ERR,ERR,ERR,ERR,ERR,ERR,ERR,ERR,ERR,ERR,ERR,ERR,ERR,ERR,ERR,ERR,ERR,ERR,ERR,ERR,ERR,ERR,ERR,ERR,ERR,ERR,ERR,ERR,ERR,ERR,ERR,ERR,ERR,ERR,ERR,ERR,ERR,ERR,ERR,ERR,ERR,ERR,ERR,ERR,ERR,ERR,ERR,ERR,ERR,ERR,ERR,ERR,ERR,ERR,ERR,ERR,ERR,ERR,ERR,ERR,ERR,0.0,-0.0,-107090032.0,0.0,-3.160207272547048e+29,2.572809131718738e+25,-1.3373352284251998e+27,0.0,4300,0,8,17170,4300,0.0,41,0.0,0.0,0.0,0.0,-0.0,0,0,0,0,0.0,0,0,0,0,0,0,0,0,0,0,0,0,0,0,0,0,0,0,0,0,0,0,0,0,0,0,0,0,0,0,0,0,0,8,37,37,45,65476,393,65476,1,0,4,21553,0.0,0.0,0.0,0.0,0.0,0.0,0.0,0.0,0.0,0.0,0.0,0.0,0.0,0.0,0.0,0.0,0.0,0.0,0.0,0.0,0.0,2.004,2.004,-3.6970818999223845e+19,0.0,0.0,0.0,0.0,0.0,0.0,6516.0,-1.0406711991751567e+34,0.0,0.0,-0.0,0.0,-0.0,0.0,0.0,2.004,2.004,227,4.066853658014554e+29,-0.0,0.0,0.0,0.0,0.0,0.0,0.0,0.0,0,0,0,-2.978307275698995e+17,0.0,-0.0,0.003,4.569999328299856e+27,324.515,-1.567466772460024e+30,0.0,0.0,-2.031367499431427e+28,-22.409,72168679407616.0,0.0,0.0,0.0,-0.0,0,1.3516416376850534e+27,227,0.0,454,-621855232.0,82050.086,2112,52429,17109,0,17112,0,17096,0,0,0,101,100,100,0.0,65.2,2.7302339554914296e+23,65.5,0.0,65.5,1,49,50,180,52429,52429,0,0,0.0,0.0,0.0,60.0,-0.0,71.0,0.0,-13438899200.0,0.0,1069,0,1069,0,0,0,1069,0,1080,0,1000,0,655,0,657,0,651,0,677,0.032,1.4609821306377965e+22,2.004,2.73023467606737e+23,30096,16814,-0.0,-13438899200.0,-4.671306001810205e+32,0.0,-1.4555056243449104e+35,1.1315062441203418e+38,50.0,60.0,35,0.0,0.0,10.0,2.0,0.0,0.0,0.0,0.0,0.0,0.0,0.0,0.0,0.0,0.0,0.0,0.0,58.8,56,10,65507,27,65476,0,300,0,0,8,20529,65476,0,0,30147,60.0,0.0,10.0,10.0,2.0,0.0
2026-02-16T12:32:37,ERR,ERR,ERR,ERR,ERR,ERR,ERR,ERR,ERR,ERR,ERR,ERR,ERR,ERR,ERR,ERR,ERR,ERR,ERR,ERR,ERR,ERR,ERR,ERR,ERR,ERR,ERR,ERR,ERR,ERR,ERR,ERR,ERR,ERR,ERR,ERR,ERR,ERR,ERR,ERR,ERR,ERR,ERR,ERR,ERR,ERR,ERR,ERR,ERR,ERR,ERR,ERR,ERR,ERR,ERR,ERR,ERR,ERR,ERR,ERR,ERR,ERR,ERR,ERR,ERR,ERR,ERR,ERR,ERR,ERR,ERR,ERR,ERR,ERR,ERR,ERR,ERR,ERR,ERR,ERR,ERR,ERR,ERR,ERR,ERR,ERR,ERR,ERR,ERR,ERR,ERR,ERR,ERR,ERR,ERR,ERR,ERR,ERR,ERR,ERR,ERR,ERR,ERR,ERR,ERR,ERR,ERR,ERR,ERR,ERR,ERR,ERR,ERR,ERR,ERR,ERR,ERR,ERR,ERR,ERR,ERR,ERR,ERR,ERR,ERR,0.0,-0.0,-107090032.0,0.0,-3.160207272547048e+29,2.572809131718738e+25,-1.3373352284251998e+27,0.0,4300,0,8,17170,4300,0.0,41,0.0,0.0,0.0,0.0,-0.0,0,0,0,0,0.0,0,0,0,0,0,0,0,0,0,0,0,0,0,0,0,0,0,0,0,0,0,0,0,0,0,0,0,0,0,0,0,0,0,8,37,37,45,65476,393,65476,1,0,4,21553,0.0,0.0,0.0,0.0,0.0,0.0,0.0,0.0,0.0,0.0,0.0,0.0,0.0,0.0,0.0,0.0,0.0,0.0,0.0,0.0,0.0,2.004,2.004,-3.6970818999223845e+19,0.0,0.0,0.0,0.0,0.0,0.0,6516.0,-1.0406711991751567e+34,0.0,0.0,-0.0,0.0,-0.0,0.0,0.0,2.004,2.004,227,4.066853658014554e+29,-0.0,0.0,0.0,0.0,0.0,0.0,0.0,0.0,0,0,0,-2.978307275698995e+17,0.0,-0.0,0.003,4.569999328299856e+27,324.515,-1.567466772460024e+30,0.0,0.0,-2.031367499431427e+28,-22.409,72168679407616.0,0.0,0.0,0.0,-0.0,0,1.3516416376850534e+27,227,0.0,454,-621855232.0,82050.086,2112,52429,17109,0,17112,0,17096,0,0,0,101,100,100,0.0,65.2,2.7302339554914296e+23,65.5,0.0,65.5,1,49,50,180,52429,52429,0,0,0.0,0.0,0.0,60.0,-0.0,71.0,0.0,86658.672,0.0,1069,0,1069,0,0,0,1069,0,1080,0,1000,0,655,0,657,0,651,0,677,0.032,1.4609821306377965e+22,2.004,2.73023467606737e+23,29072,16814,-0.0,86658.672,0.0,2.33253627795382e+34,0.03,-0.0,50.0,60.0,35,0.0,0.0,10.0,2.0,0.0,0.0,0.0,0.0,0.0,0.0,0.0,0.0,0.0,0.0,0.0,0.0,58.8,56,10,65507,27,65476,0,300,0,0,8,20529,65476,0,0,30147,60.0,0.0,10.0,10.0,2.0,0.0
2026-02-16T12:32:38,ERR,ERR,ERR,ERR,ERR,ERR,ERR,ERR,ERR,ERR,ERR,ERR,ERR,ERR,ERR,ERR,ERR,ERR,ERR,ERR,ERR,ERR,ERR,ERR,ERR,ERR,ERR,ERR,ERR,ERR,ERR,ERR,ERR,ERR,ERR,ERR,ERR,ERR,ERR,ERR,ERR,ERR,ERR,ERR,ERR,ERR,ERR,ERR,ERR,ERR,ERR,ERR,ERR,ERR,ERR,ERR,ERR,ERR,ERR,ERR,ERR,ERR,ERR,ERR,ERR,ERR,ERR,ERR,ERR,ERR,ERR,ERR,ERR,ERR,ERR,ERR,ERR,ERR,ERR,ERR,ERR,ERR,ERR,ERR,ERR,ERR,ERR,ERR,ERR,ERR,ERR,ERR,ERR,ERR,ERR,ERR,ERR,ERR,ERR,ERR,ERR,ERR,ERR,ERR,ERR,ERR,ERR,ERR,ERR,ERR,ERR,ERR,ERR,ERR,ERR,ERR,ERR,ERR,ERR,ERR,ERR,ERR,ERR,ERR,ERR,0.0,-0.0,-107090032.0,0.0,-3.160207272547048e+29,2.572809131718738e+25,-1.3373352284251998e+27,0.0,4300,0,8,17170,4300,0.0,41,0.0,0.0,0.0,0.0,-0.0,0,0,0,0,0.0,0,0,0,0,0,0,0,0,0,0,0,0,0,0,0,0,0,0,0,0,0,0,0,0,0,0,0,0,0,0,0,0,0,8,37,37,45,65476,393,65476,1,0,4,21553,0.0,0.0,0.0,0.0,0.0,0.0,0.0,0.0,0.0,0.0,0.0,0.0,0.0,0.0,0.0,0.0,0.0,0.0,0.0,0.0,0.0,2.004,2.004,-3.6970818999223845e+19,0.0,0.0,0.0,0.0,0.0,0.0,6516.0,-1.0406711991751567e+34,0.0,0.0,-0.0,0.0,-0.0,0.0,0.0,2.004,2.004,227,4.066853658014554e+29,-0.0,0.0,0.0,0.0,0.0,0.0,0.0,0.0,0,0,0,-2.978307275698995e+17,0.0,-0.0,0.003,4.569999328299856e+27,324.515,-1.567466772460024e+30,0.0,0.0,-2.031367499431427e+28,-22.409,72168679407616.0,0.0,0.0,0.0,-0.0,0,1.3516416376850534e+27,227,0.0,454,-621855232.0,82050.086,2112,52429,17109,0,17112,0,17096,0,0,0,101,100,100,0.0,65.2,2.7302339554914296e+23,65.5,0.0,65.5,1,49,50,180,52429,52429,0,0,0.0,0.0,0.0,60.0,-0.0,71.0,0.0,86658.672,0.0,1069,0,1069,0,0,0,1069,0,1080,0,1000,0,655,0,657,0,651,0,677,0.032,1.4609821306377965e+22,2.004,2.73023467606737e+23,29072,16814,-0.0,86658.672,0.0,2.33253627795382e+34,0.03,-0.0,50.0,60.0,35,0.0,0.0,10.0,2.0,0.0,0.0,0.0,0.0,0.0,0.0,0.0,0.0,0.0,0.0,0.0,0.0,58.8,56,10,65507,27,65476,0,300,0,0,8,20529,65476,0,0,30147,60.0,0.0,10.0,10.0,2.0,0.0
2026-02-16T12:32:39,ERR,ERR,ERR,ERR,ERR,ERR,ERR,ERR,ERR,ERR,ERR,ERR,ERR,ERR,ERR,ERR,ERR,ERR,ERR,ERR,ERR,ERR,ERR,ERR,ERR,ERR,ERR,ERR,ERR,ERR,ERR,ERR,ERR,ERR,ERR,ERR,ERR,ERR,ERR,ERR,ERR,ERR,ERR,ERR,ERR,ERR,ERR,ERR,ERR,ERR,ERR,ERR,ERR,ERR,ERR,ERR,ERR,ERR,ERR,ERR,ERR,ERR,ERR,ERR,ERR,ERR,ERR,ERR,ERR,ERR,ERR,ERR,ERR,ERR,ERR,ERR,ERR,ERR,ERR,ERR,ERR,ERR,ERR,ERR,ERR,ERR,ERR,ERR,ERR,ERR,ERR,ERR,ERR,ERR,ERR,ERR,ERR,ERR,ERR,ERR,ERR,ERR,ERR,ERR,ERR,ERR,ERR,ERR,ERR,ERR,ERR,ERR,ERR,ERR,ERR,ERR,ERR,ERR,ERR,ERR,ERR,ERR,ERR,ERR,ERR,0.0,-0.0,-107090032.0,0.0,-3.160207272547048e+29,109658152960.0,-1586.218,0.0,4300,0,8,17170,4300,0.0,41,0.0,0.0,0.0,0.0,-0.0,0,0,0,0,0.0,0,0,0,0,0,0,0,0,0,0,0,0,0,0,0,0,0,0,0,0,0,0,0,0,0,0,0,0,0,0,0,0,0,8,37,37,45,65476,392,65476,1,0,4,21553,0.0,0.0,0.0,0.0,0.0,0.0,0.0,0.0,0.0,0.0,0.0,0.0,0.0,0.0,0.0,0.0,0.0,0.0,0.0,0.0,0.0,2.004,2.004,-3.6970818999223845e+19,0.0,0.0,0.0,0.0,0.0,0.0,6547.0,2.423001739590337e+24,0.0,0.0,-0.0,0.0,-0.0,0.0,0.0,2.004,2.004,228,4.066853658014554e+29,-126841012224.0,0.0,0.0,0.0,0.0,0.0,0.0,0.0,0,0,0,-1.363821767688192e+17,0.008,-0.0,3972978180096.0,-0.0,4.426407468649677e+16,-44.568,-0.0,-0.008,-2.201584254833167e+28,-23.909,78765749174272.0,0.0,0.0,0.0,-0.001,0,1.3516416376850534e+27,228,0.0,456,2.40156025918058e+36,-0.235,2112,52429,17109,0,17112,0,17096,0,0,0,101,100,100,0.0,65.2,2.7302339554914296e+23,65.5,0.0,65.5,1,49,50,180,52429,52429,0,0,0.0,0.0,0.0,60.0,-0.0,71.0,0.0,86658.672,0.0,1069,0,1069,0,0,0,1069,0,1080,0,1000,0,655,0,657,0,651,0,677,0.032,1.4609821306377965e+22,2.004,2.73023467606737e+23,29072,16814,-0.0,86658.672,0.0,2.33253627795382e+34,0.03,-0.0,50.0,60.0,35,0.0,0.0,10.0,2.0,0.0,0.0,0.0,0.0,0.0,0.0,0.0,0.0,0.0,0.0,0.0,0.0,58.8,56,10,65507,27,65476,0,300,0,0,8,20529,65476,0,0,30147,60.0,0.0,10.0,10.0,2.0,0.0
2026-02-16T12:32:40,ERR,ERR,ERR,ERR,ERR,ERR,ERR,ERR,ERR,ERR,ERR,ERR,ERR,ERR,ERR,ERR,ERR,ERR,ERR,ERR,ERR,ERR,ERR,ERR,ERR,ERR,ERR,ERR,ERR,ERR,ERR,ERR,ERR,ERR,ERR,ERR,ERR,ERR,ERR,ERR,ERR,ERR,ERR,ERR,ERR,ERR,ERR,ERR,ERR,ERR,ERR,ERR,ERR,ERR,ERR,ERR,ERR,ERR,ERR,ERR,ERR,ERR,ERR,ERR,ERR,ERR,ERR,ERR,ERR,ERR,ERR,ERR,ERR,ERR,ERR,ERR,ERR,ERR,ERR,ERR,ERR,ERR,ERR,ERR,ERR,ERR,ERR,ERR,ERR,ERR,ERR,ERR,ERR,ERR,ERR,ERR,ERR,ERR,ERR,ERR,ERR,ERR,ERR,ERR,ERR,ERR,ERR,ERR,ERR,ERR,ERR,ERR,ERR,ERR,ERR,ERR,ERR,ERR,ERR,ERR,ERR,ERR,ERR,ERR,ERR,0.0,-0.0,-107090032.0,0.0,-3.160207272547048e+29,109658152960.0,-1586.218,0.0,4300,0,8,17170,4300,0.0,41,0.0,0.0,0.0,0.0,-0.0,0,0,0,0,0.0,0,0,0,0,0,0,0,0,0,0,0,0,0,0,0,0,0,0,0,0,0,0,0,0,0,0,0,0,0,0,0,0,0,8,37,37,45,65476,392,65476,1,0,4,21553,0.0,0.0,0.0,0.0,0.0,0.0,0.0,0.0,0.0,0.0,0.0,0.0,0.0,0.0,0.0,0.0,0.0,0.0,0.0,0.0,0.0,2.004,2.004,-3.6970818999223845e+19,0.0,0.0,0.0,0.0,0.0,0.0,6547.0,2.423001739590337e+24,0.0,0.0,-0.0,0.0,-0.0,0.0,0.0,2.004,2.004,228,4.066853658014554e+29,-126841012224.0,0.0,0.0,0.0,0.0,0.0,0.0,0.0,0,0,0,-1.363821767688192e+17,0.008,-0.0,3972978180096.0,-0.0,4.426407468649677e+16,-44.568,-0.0,-0.008,-2.201584254833167e+28,-23.909,78765749174272.0,0.0,0.0,0.0,-0.001,0,1.3516416376850534e+27,228,0.0,456,2.40156025918058e+36,-0.235,2112,52429,17109,0,17112,0,17096,0,0,0,101,100,100,0.0,65.2,2.7302339554914296e+23,65.5,0.0,65.5,1,49,50,180,52429,52429,0,0,0.0,0.0,0.0,60.0,-0.0,71.0,0.0,0.0,0.0,1069,0,1069,0,0,0,1069,0,1080,0,1000,0,655,0,657,0,651,0,677,0.032,1.4609821306377965e+22,2.004,2.73023467606737e+23,39056,16814,-0.0,1.0460851739855406e+30,2.53680095854592e+16,0.0,2.1308062819168417e+26,-290447458304.0,50.0,60.0,35,0.0,0.0,10.0,2.0,0.0,0.0,0.0,0.0,0.0,0.0,0.0,0.0,0.0,0.0,0.0,0.0,58.8,56,10,65507,27,65476,0,300,0,0,8,20529,65476,0,0,30147,60.0,0.0,10.0,10.0,2.0,0.0
2026-02-16T12:32:41,ERR,ERR,ERR,ERR,ERR,ERR,ERR,ERR,ERR,ERR,ERR,ERR,ERR,ERR,ERR,ERR,ERR,ERR,ERR,ERR,ERR,ERR,ERR,ERR,ERR,ERR,ERR,ERR,ERR,ERR,ERR,ERR,ERR,ERR,ERR,ERR,ERR,ERR,ERR,ERR,ERR,ERR,ERR,ERR,ERR,ERR,ERR,ERR,ERR,ERR,ERR,ERR,ERR,ERR,ERR,ERR,ERR,ERR,ERR,ERR,ERR,ERR,ERR,ERR,ERR,ERR,ERR,ERR,ERR,ERR,ERR,ERR,ERR,ERR,ERR,ERR,ERR,ERR,ERR,ERR,ERR,ERR,ERR,ERR,ERR,ERR,ERR,ERR,ERR,ERR,ERR,ERR,ERR,ERR,ERR,ERR,ERR,ERR,ERR,ERR,ERR,ERR,ERR,ERR,ERR,ERR,ERR,ERR,ERR,ERR,ERR,ERR,ERR,ERR,ERR,ERR,ERR,ERR,ERR,ERR,ERR,ERR,ERR,ERR,ERR,0.0,-0.0,-107090032.0,0.0,-3.160207272547048e+29,109658152960.0,-1586.218,0.0,4300,0,8,17170,4300,0.0,41,0.0,0.0,0.0,0.0,-0.0,0,0,0,0,0.0,0,0,0,0,0,0,0,0,0,0,0,0,0,0,0,0,0,0,0,0,0,0,0,0,0,0,0,0,0,0,0,0,0,8,37,37,45,65476,392,65476,1,0,4,21553,0.0,0.0,0.0,0.0,0.0,0.0,0.0,0.0,0.0,0.0,0.0,0.0,0.0,0.0,0.0,0.0,0.0,0.0,0.0,0.0,0.0,2.004,2.004,-3.6970818999223845e+19,0.0,0.0,0.0,0.0,0.0,0.0,6547.0,2.423001739590337e+24,0.0,0.0,-0.0,0.0,-0.0,0.0,0.0,2.004,2.004,228,4.066853658014554e+29,-126841012224.0,0.0,0.0,0.0,0.0,0.0,0.0,0.0,0,0,0,-1.363821767688192e+17,0.008,-0.0,3972978180096.0,-0.0,4.426407468649677e+16,-44.568,-0.0,-0.008,-2.201584254833167e+28,-23.909,78765749174272.0,0.0,0.0,0.0,-0.001,0,1.3516416376850534e+27,228,0.0,456,2.40156025918058e+36,-0.235,2112,52429,17109,0,17112,0,17096,0,0,0,101,100,100,0.0,65.2,2.7302339554914296e+23,65.5,0.0,65.5,1,49,50,180,52429,52429,0,0,0.0,0.0,0.0,60.0,-0.0,71.0,0.0,0.0,0.0,1069,0,1069,0,0,0,1069,0,1080,0,1000,0,655,0,657,0,651,0,677,0.032,1.4609821306377965e+22,2.004,2.73023467606737e+23,39056,16814,-0.0,1.0460851739855406e+30,2.53680095854592e+16,0.0,2.1308062819168417e+26,-290447458304.0,50.0,60.0,35,0.0,0.0,10.0,2.0,0.0,0.0,0.0,0.0,0.0,0.0,0.0,0.0,0.0,0.0,0.0,0.0,58.8,56,10,65507,27,65476,0,300,0,0,8,20529,65476,0,0,30147,60.0,0.0,10.0,10.0,2.0,0.0
2026-02-16T12:32:42,ERR,ERR,ERR,ERR,ERR,ERR,ERR,ERR,ERR,ERR,ERR,ERR,ERR,ERR,ERR,ERR,ERR,ERR,ERR,ERR,ERR,ERR,ERR,ERR,ERR,ERR,ERR,ERR,ERR,ERR,ERR,ERR,ERR,ERR,ERR,ERR,ERR,ERR,ERR,ERR,ERR,ERR,ERR,ERR,ERR,ERR,ERR,ERR,ERR,ERR,ERR,ERR,ERR,ERR,ERR,ERR,ERR,ERR,ERR,ERR,ERR,ERR,ERR,ERR,ERR,ERR,ERR,ERR,ERR,ERR,ERR,ERR,ERR,ERR,ERR,ERR,ERR,ERR,ERR,ERR,ERR,ERR,ERR,ERR,ERR,ERR,ERR,ERR,ERR,ERR,ERR,ERR,ERR,ERR,ERR,ERR,ERR,ERR,ERR,ERR,ERR,ERR,ERR,ERR,ERR,ERR,ERR,ERR,ERR,ERR,ERR,ERR,ERR,ERR,ERR,ERR,ERR,ERR,ERR,ERR,ERR,ERR,ERR,ERR,ERR,0.0,-0.0,-107090032.0,0.0,-3.160207272547048e+29,109658152960.0,-1586.218,0.0,4300,0,8,17170,4300,0.0,41,0.0,0.0,0.0,0.0,-0.0,0,0,0,0,0.0,0,0,0,0,0,0,0,0,0,0,0,0,0,0,0,0,0,0,0,0,0,0,0,0,0,0,0,0,0,0,0,0,0,8,37,37,45,65476,392,65476,1,0,4,21553,0.0,0.0,0.0,0.0,0.0,0.0,0.0,0.0,0.0,0.0,0.0,0.0,0.0,0.0,0.0,0.0,0.0,0.0,0.0,0.0,0.0,2.004,2.004,-3.6970818999223845e+19,0.0,0.0,0.0,0.0,0.0,0.0,6547.0,2.423001739590337e+24,0.0,0.0,-0.0,0.0,-0.0,0.0,0.0,2.004,2.004,228,4.066853658014554e+29,-126841012224.0,0.0,0.0,0.0,0.0,0.0,0.0,0.0,0,0,0,-1.363821767688192e+17,0.008,-0.0,3972978180096.0,-0.0,4.426407468649677e+16,-44.568,-0.0,-0.008,-2.201584254833167e+28,-23.909,78765749174272.0,0.0,0.0,0.0,-0.001,0,1.3516416376850534e+27,228,0.0,456,2.40156025918058e+36,-0.235,2112,52429,17109,0,17112,0,17096,0,0,0,101,100,100,0.0,65.2,2.7302339554914296e+23,65.5,0.0,65.5,1,49,50,180,52429,52429,0,0,0.0,0.0,0.0,60.0,-0.0,71.0,0.0,0.0,0.0,1069,0,1069,0,0,0,1069,0,1080,0,1000,0,655,0,657,0,651,0,677,0.032,1.4609821306377965e+22,2.004,2.73023467606737e+23,39056,16814,-0.0,1.0460851739855406e+30,2.53680095854592e+16,0.0,2.1308062819168417e+26,-290447458304.0,50.0,60.0,35,0.0,0.0,10.0,2.0,0.0,0.0,0.0,0.0,0.0,0.0,0.0,0.0,0.0,0.0,0.0,0.0,58.8,56,10,65507,27,65476,0,300,0,0,8,20529,65476,0,0,30147,60.0,0.0,10.0,10.0,2.0,0.0
2026-02-16T12:32:43,ERR,ERR,ERR,ERR,ERR,ERR,ERR,ERR,ERR,ERR,ERR,ERR,ERR,ERR,ERR,ERR,ERR,ERR,ERR,ERR,ERR,ERR,ERR,ERR,ERR,ERR,ERR,ERR,ERR,ERR,ERR,ERR,ERR,ERR,ERR,ERR,ERR,ERR,ERR,ERR,ERR,ERR,ERR,ERR,ERR,ERR,ERR,ERR,ERR,ERR,ERR,ERR,ERR,ERR,ERR,ERR,ERR,ERR,ERR,ERR,ERR,ERR,ERR,ERR,ERR,ERR,ERR,ERR,ERR,ERR,ERR,ERR,ERR,ERR,ERR,ERR,ERR,ERR,ERR,ERR,ERR,ERR,ERR,ERR,ERR,ERR,ERR,ERR,ERR,ERR,ERR,ERR,ERR,ERR,ERR,ERR,ERR,ERR,ERR,ERR,ERR,ERR,ERR,ERR,ERR,ERR,ERR,ERR,ERR,ERR,ERR,ERR,ERR,ERR,ERR,ERR,ERR,ERR,ERR,ERR,ERR,ERR,ERR,ERR,ERR,0.0,-0.0,-107090032.0,0.0,-3.160207272547048e+29,109658152960.0,-1586.218,0.0,4300,0,8,17170,4300,0.0,41,0.0,0.0,0.0,0.0,-0.0,0,0,0,0,0.0,0,0,0,0,0,0,0,0,0,0,0,0,0,0,0,0,0,0,0,0,0,0,0,0,0,0,0,0,0,0,0,0,0,8,37,37,45,65476,392,65476,1,0,4,21553,0.0,0.0,0.0,0.0,0.0,0.0,0.0,0.0,0.0,0.0,0.0,0.0,0.0,0.0,0.0,0.0,0.0,0.0,0.0,0.0,0.0,2.004,2.004,-3.6970818999223845e+19,0.0,0.0,0.0,0.0,0.0,0.0,6547.0,2.423001739590337e+24,0.0,0.0,-0.0,0.0,-0.0,0.0,0.0,2.004,2.004,228,4.066853658014554e+29,-126841012224.0,0.0,0.0,0.0,0.0,0.0,0.0,0.0,0,0,0,-1.363821767688192e+17,0.008,-0.0,3972978180096.0,-0.0,4.426407468649677e+16,-44.568,-0.0,-0.008,-2.201584254833167e+28,-23.909,78765749174272.0,0.0,0.0,0.0,-0.001,0,1.3516416376850534e+27,228,0.0,456,2.40156025918058e+36,-0.235,2112,52429,17109,0,17112,0,17096,0,0,0,101,100,100,0.0,65.2,2.7302339554914296e+23,65.5,0.0,65.5,1,49,50,180,52429,52429,0,0,0.0,0.0,0.0,60.0,-0.0,71.0,0.0,0.0,0.0,1069,0,1069,0,0,0,1069,0,1080,0,1000,0,655,0,657,0,651,0,677,0.032,1.4609821306377965e+22,2.004,2.73023467606737e+23,39056,16814,-0.0,1.0460851739855406e+30,2.53680095854592e+16,0.0,2.1308062819168417e+26,-290447458304.0,50.0,60.0,35,0.0,0.0,10.0,2.0,0.0,0.0,0.0,0.0,0.0,0.0,0.0,0.0,0.0,0.0,0.0,0.0,58.8,56,10,65507,27,65476,0,300,0,0,8,20529,65476,0,0,30147,60.0,0.0,10.0,10.0,2.0,0.0
2026-02-16T12:32:44,ERR,ERR,ERR,ERR,ERR,ERR,ERR,ERR,ERR,ERR,ERR,ERR,ERR,ERR,ERR,ERR,ERR,ERR,ERR,ERR,ERR,ERR,ERR,ERR,ERR,ERR,ERR,ERR,ERR,ERR,ERR,ERR,ERR,ERR,ERR,ERR,ERR,ERR,ERR,ERR,ERR,ERR,ERR,ERR,ERR,ERR,ERR,ERR,ERR,ERR,ERR,ERR,ERR,ERR,ERR,ERR,ERR,ERR,ERR,ERR,ERR,ERR,ERR,ERR,ERR,ERR,ERR,ERR,ERR,ERR,ERR,ERR,ERR,ERR,ERR,ERR,ERR,ERR,ERR,ERR,ERR,ERR,ERR,ERR,ERR,ERR,ERR,ERR,ERR,ERR,ERR,ERR,ERR,ERR,ERR,ERR,ERR,ERR,ERR,ERR,ERR,ERR,ERR,ERR,ERR,ERR,ERR,ERR,ERR,ERR,ERR,ERR,ERR,ERR,ERR,ERR,ERR,ERR,ERR,ERR,ERR,ERR,ERR,ERR,ERR,0.0,-0.0,-107090032.0,0.0,-3.160207272547048e+29,4.486606168084102e+34,0.0,-1.448392566046989e+30,4300,0,8,17170,4300,0.0,41,0.0,0.0,0.0,0.0,-0.0,0,0,0,0,0.0,0,0,0,0,0,0,0,0,0,0,0,0,0,0,0,0,0,0,0,0,0,0,0,0,0,0,0,0,0,0,0,0,0,8,37,37,45,65476,390,65476,1,0,4,21553,0.0,-107610720.0,0.0,0.0,0.0,0.0,0.0,0.0,0.0,0.0,0.0,0.0,0.0,0.0,0.0,0.0,0.0,0.0,0.0,0.0,0.0,2.004,2.004,-3.6970818999223845e+19,0.0,-3.697075742657269e+19,0.0,0.0,0.0,0.0,6577.0,0.0,0.0,0.0,-0.0,0.0,-0.0,0.0,0.0,2.004,2.004,226,89220.562,0.0,0.0,0.0,0.0,0.0,0.0,0.0,0.0,0,0,0,-1.9208909349272714e+21,-1772156288.0,-0.0,0.0,-0.0,0.0,-20378581729280.0,-0.0,-2.159127871962334e+20,-2.4027495112170412e+28,-25.409,85362818940928.0,0.0,0.0,0.0,-0.0,0,1.3516416376850534e+27,228,0.0,456,0.0,-0.0,2112,52429,17109,0,17112,0,17096,0,0,0,101,100,100,0.0,65.1,2.7302339554914296e+23,65.5,0.0,65.5,1,49,50,180,52429,52429,0,0,0.0,0.0,0.0,60.0,-0.0,71.0,0.0,3.6994139486043366e+27,0.0,1069,0,1069,0,0,0,1069,0,1080,0,1000,0,655,0,657,0,651,0,677,0.032,1.4536034330083127e+22,2.004,2.73023467606737e+23,22416,16814,1.4975413183506992e+37,3.6994139486043366e+27,0.0,-0.0,0.0,-0.0,50.0,60.0,35,0.0,0.0,10.0,2.0,0.0,0.0,0.0,0.0,0.0,0.0,0.0,0.0,0.0,0.0,0.0,0.0,58.8,55,11,65507,27,65476,0,300,0,0,8,20529,65476,0,0,30147,60.0,0.0,10.0,10.0,2.0,0.0
2026-02-16T12:32:45,ERR,ERR,ERR,ERR,ERR,ERR,ERR,ERR,ERR,ERR,ERR,ERR,ERR,ERR,ERR,ERR,ERR,ERR,ERR,ERR,ERR,ERR,ERR,ERR,ERR,ERR,ERR,ERR,ERR,ERR,ERR,ERR,ERR,ERR,ERR,ERR,ERR,ERR,ERR,ERR,ERR,ERR,ERR,ERR,ERR,ERR,ERR,ERR,ERR,ERR,ERR,ERR,ERR,ERR,ERR,ERR,ERR,ERR,ERR,ERR,ERR,ERR,ERR,ERR,ERR,ERR,ERR,ERR,ERR,ERR,ERR,ERR,ERR,ERR,ERR,ERR,ERR,ERR,ERR,ERR,ERR,ERR,ERR,ERR,ERR,ERR,ERR,ERR,ERR,ERR,ERR,ERR,ERR,ERR,ERR,ERR,ERR,ERR,ERR,ERR,ERR,ERR,ERR,ERR,ERR,ERR,ERR,ERR,ERR,ERR,ERR,ERR,ERR,ERR,ERR,ERR,ERR,ERR,ERR,ERR,ERR,ERR,ERR,ERR,ERR,0.0,-0.0,-107090032.0,0.0,-3.160207272547048e+29,4.486606168084102e+34,0.0,-1.448392566046989e+30,4300,0,8,17170,4300,0.0,41,0.0,0.0,0.0,0.0,-0.0,0,0,0,0,0.0,0,0,0,0,0,0,0,0,0,0,0,0,0,0,0,0,0,0,0,0,0,0,0,0,0,0,0,0,0,0,0,0,0,8,37,37,45,65476,390,65476,1,0,4,21553,0.0,-107610720.0,0.0,0.0,0.0,0.0,0.0,0.0,0.0,0.0,0.0,0.0,0.0,0.0,0.0,0.0,0.0,0.0,0.0,0.0,0.0,2.004,2.004,-3.6970818999223845e+19,0.0,-3.697075742657269e+19,0.0,0.0,0.0,0.0,6577.0,0.0,0.0,0.0,-0.0,0.0,-0.0,0.0,0.0,2.004,2.004,226,89220.562,0.0,0.0,0.0,0.0,0.0,0.0,0.0,0.0,0,0,0,-1.9208909349272714e+21,-1772156288.0,-0.0,0.0,-0.0,0.0,-20378581729280.0,-0.0,-2.159127871962334e+20,-2.4027495112170412e+28,-25.409,85362818940928.0,0.0,0.0,0.0,-0.0,0,1.3516416376850534e+27,228,0.0,456,0.0,-0.0,2112,52429,17109,0,17112,0,17096,0,0,0,101,100,100,0.0,65.1,2.7302339554914296e+23,65.5,0.0,65.5,1,49,50,180,52429,52429,0,0,0.0,0.0,0.0,60.0,-0.0,71.0,0.0,3.6994139486043366e+27,0.0,1069,0,1069,0,0,0,1069,0,1080,0,1000,0,655,0,657,0,651,0,677,0.032,1.4536034330083127e+22,2.004,2.73023467606737e+23,22416,16814,1.4975413183506992e+37,3.6994139486043366e+27,0.0,-0.0,0.0,-0.0,50.0,60.0,35,0.0,0.0,10.0,2.0,0.0,0.0,0.0,0.0,0.0,0.0,0.0,0.0,0.0,0.0,0.0,0.0,58.8,55,11,65507,27,65476,0,300,0,0,8,20529,65476,0,0,30147,60.0,0.0,10.0,10.0,2.0,0.0
2026-02-16T12:32:46,ERR,ERR,ERR,ERR,ERR,ERR,ERR,ERR,ERR,ERR,ERR,ERR,ERR,ERR,ERR,ERR,ERR,ERR,ERR,ERR,ERR,ERR,ERR,ERR,ERR,ERR,ERR,ERR,ERR,ERR,ERR,ERR,ERR,ERR,ERR,ERR,ERR,ERR,ERR,ERR,ERR,ERR,ERR,ERR,ERR,ERR,ERR,ERR,ERR,ERR,ERR,ERR,ERR,ERR,ERR,ERR,ERR,ERR,ERR,ERR,ERR,ERR,ERR,ERR,ERR,ERR,ERR,ERR,ERR,ERR,ERR,ERR,ERR,ERR,ERR,ERR,ERR,ERR,ERR,ERR,ERR,ERR,ERR,ERR,ERR,ERR,ERR,ERR,ERR,ERR,ERR,ERR,ERR,ERR,ERR,ERR,ERR,ERR,ERR,ERR,ERR,ERR,ERR,ERR,ERR,ERR,ERR,ERR,ERR,ERR,ERR,ERR,ERR,ERR,ERR,ERR,ERR,ERR,ERR,ERR,ERR,ERR,ERR,ERR,ERR,0.0,-0.0,-107090032.0,0.0,-3.160207272547048e+29,4.486606168084102e+34,0.0,-1.448392566046989e+30,4300,0,8,17170,4300,0.0,41,0.0,0.0,0.0,0.0,-0.0,0,0,0,0,0.0,0,0,0,0,0,0,0,0,0,0,0,0,0,0,0,0,0,0,0,0,0,0,0,0,0,0,0,0,0,0,0,0,0,8,37,37,45,65476,390,65476,1,0,4,21553,0.0,-107610720.0,0.0,0.0,0.0,0.0,0.0,0.0,0.0,0.0,0.0,0.0,0.0,0.0,0.0,0.0,0.0,0.0,0.0,0.0,0.0,2.004,2.004,-3.6970818999223845e+19,0.0,-3.697075742657269e+19,0.0,0.0,0.0,0.0,6577.0,0.0,0.0,0.0,-0.0,0.0,-0.0,0.0,0.0,2.004,2.004,226,89220.562,0.0,0.0,0.0,0.0,0.0,0.0,0.0,0.0,0,0,0,-1.9208909349272714e+21,-1772156288.0,-0.0,0.0,-0.0,0.0,-20378581729280.0,-0.0,-2.159127871962334e+20,-2.4027495112170412e+28,-25.409,85362818940928.0,0.0,0.0,0.0,-0.0,0,1.3516416376850534e+27,228,0.0,456,0.0,-0.0,2112,52429,17109,0,17112,0,17096,0,0,0,101,100,100,0.0,65.1,2.7302339554914296e+23,65.5,0.0,65.5,1,49,50,180,52429,52429,0,0,0.0,0.0,0.0,60.0,-0.0,71.0,0.0,3.6994139486043366e+27,0.0,1069,0,1069,0,0,0,1069,0,1080,0,1000,0,655,0,657,0,651,0,677,0.032,1.4536034330083127e+22,2.004,2.73023467606737e+23,22416,16814,1.4975413183506992e+37,3.6994139486043366e+27,0.0,-0.0,0.0,-0.0,50.0,60.0,35,0.0,0.0,10.0,2.0,0.0,0.0,0.0,0.0,0.0,0.0,0.0,0.0,0.0,0.0,0.0,0.0,58.8,55,11,65507,27,65476,0,300,0,0,8,20529,65476,0,0,30147,60.0,0.0,10.0,10.0,2.0,0.0
2026-02-16T12:32:47,ERR,ERR,ERR,ERR,ERR,ERR,ERR,ERR,ERR,ERR,ERR,ERR,ERR,ERR,ERR,ERR,ERR,ERR,ERR,ERR,ERR,ERR,ERR,ERR,ERR,ERR,ERR,ERR,ERR,ERR,ERR,ERR,ERR,ERR,ERR,ERR,ERR,ERR,ERR,ERR,ERR,ERR,ERR,ERR,ERR,ERR,ERR,ERR,ERR,ERR,ERR,ERR,ERR,ERR,ERR,ERR,ERR,ERR,ERR,ERR,ERR,ERR,ERR,ERR,ERR,ERR,ERR,ERR,ERR,ERR,ERR,ERR,ERR,ERR,ERR,ERR,ERR,ERR,ERR,ERR,ERR,ERR,ERR,ERR,ERR,ERR,ERR,ERR,ERR,ERR,ERR,ERR,ERR,ERR,ERR,ERR,ERR,ERR,ERR,ERR,ERR,ERR,ERR,ERR,ERR,ERR,ERR,ERR,ERR,ERR,ERR,ERR,ERR,ERR,ERR,ERR,ERR,ERR,ERR,ERR,ERR,ERR,ERR,ERR,ERR,0.0,-0.0,-107090032.0,0.0,-3.160207272547048e+29,4.486606168084102e+34,0.0,-1.448392566046989e+30,4300,0,8,17170,4300,0.0,41,0.0,0.0,0.0,0.0,-0.0,0,0,0,0,0.0,0,0,0,0,0,0,0,0,0,0,0,0,0,0,0,0,0,0,0,0,0,0,0,0,0,0,0,0,0,0,0,0,0,8,37,37,45,65476,390,65476,1,0,4,21553,0.0,-107610720.0,0.0,0.0,0.0,0.0,0.0,0.0,0.0,0.0,0.0,0.0,0.0,0.0,0.0,0.0,0.0,0.0,0.0,0.0,0.0,2.004,2.004,-3.6970818999223845e+19,0.0,-3.697075742657269e+19,0.0,0.0,0.0,0.0,6577.0,0.0,0.0,0.0,-0.0,0.0,-0.0,0.0,0.0,2.004,2.004,226,89220.562,0.0,0.0,0.0,0.0,0.0,0.0,0.0,0.0,0,0,0,-1.9208909349272714e+21,-1772156288.0,-0.0,0.0,-0.0,0.0,-20378581729280.0,-0.0,-2.159127871962334e+20,-2.4027495112170412e+28,-25.409,85362818940928.0,0.0,0.0,0.0,-0.0,0,1.3516416376850534e+27,228,0.0,456,0.0,-0.0,2112,52429,17109,0,17112,0,17096,0,0,0,101,100,100,0.0,65.2,2.7302339554914296e+23,65.5,0.0,65.5,1,49,50,180,52429,52429,0,0,0.0,0.0,0.0,60.0,2.9248853874037094e+34,71.0,0.0,0.0,0.0,1069,0,1069,0,0,0,1069,0,1080,0,1000,0,655,0,657,0,651,0,677,0.032,1.4609821306377965e+22,2.004,2.73023467606737e+23,8592,16814,2.9248853874037094e+34,0.0,-1.1160319571091018e+22,3180.059,-1.2235733950188959e+20,7.991006308480565e+26,50.0,60.0,35,0.0,0.0,10.0,2.0,0.0,0.0,0.0,0.0,0.0,0.0,0.0,0.0,0.0,0.0,0.0,0.0,59.2,55,11,65507,27,65476,0,300,0,0,8,20529,65476,0,0,30147,60.0,0.0,10.0,10.0,2.0,0.0
2026-02-16T12:32:48,ERR,ERR,ERR,ERR,ERR,ERR,ERR,ERR,ERR,ERR,ERR,ERR,ERR,ERR,ERR,ERR,ERR,ERR,ERR,ERR,ERR,ERR,ERR,ERR,ERR,ERR,ERR,ERR,ERR,ERR,ERR,ERR,ERR,ERR,ERR,ERR,ERR,ERR,ERR,ERR,ERR,ERR,ERR,ERR,ERR,ERR,ERR,ERR,ERR,ERR,ERR,ERR,ERR,ERR,ERR,ERR,ERR,ERR,ERR,ERR,ERR,ERR,ERR,ERR,ERR,ERR,ERR,ERR,ERR,ERR,ERR,ERR,ERR,ERR,ERR,ERR,ERR,ERR,ERR,ERR,ERR,ERR,ERR,ERR,ERR,ERR,ERR,ERR,ERR,ERR,ERR,ERR,ERR,ERR,ERR,ERR,ERR,ERR,ERR,ERR,ERR,ERR,ERR,ERR,ERR,ERR,ERR,ERR,ERR,ERR,ERR,ERR,ERR,ERR,ERR,ERR,ERR,ERR,ERR,ERR,ERR,ERR,ERR,ERR,ERR,0.0,-0.0,-107090032.0,0.0,-3.160207272547048e+29,4.486606168084102e+34,0.0,-1.448392566046989e+30,4300,0,8,17170,4300,0.0,41,0.0,0.0,0.0,0.0,-0.0,0,0,0,0,0.0,0,0,0,0,0,0,0,0,0,0,0,0,0,0,0,0,0,0,0,0,0,0,0,0,0,0,0,0,0,0,0,0,0,8,37,37,45,65476,390,65476,1,0,4,21553,0.0,-107610720.0,0.0,0.0,0.0,0.0,0.0,0.0,0.0,0.0,0.0,0.0,0.0,0.0,0.0,0.0,0.0,0.0,0.0,0.0,0.0,2.004,2.004,-3.6970818999223845e+19,0.0,-3.697075742657269e+19,0.0,0.0,0.0,0.0,6577.0,0.0,0.0,0.0,-0.0,0.0,-0.0,0.0,0.0,2.004,2.004,226,89220.562,0.0,0.0,0.0,0.0,0.0,0.0,0.0,0.0,0,0,0,-1.9208909349272714e+21,-1772156288.0,-0.0,0.0,-0.0,0.0,-20378581729280.0,-0.0,-2.159127871962334e+20,-2.4027495112170412e+28,-25.409,85362818940928.0,0.0,0.0,0.0,-0.0,0,1.3516416376850534e+27,228,0.0,456,0.0,-0.0,2112,52429,17109,0,17112,0,17096,0,0,0,101,100,100,0.0,65.2,2.7302339554914296e+23,65.5,0.0,65.5,1,49,50,180,52429,52429,0,0,0.0,0.0,0.0,60.0,2.9248853874037094e+34,71.0,0.0,0.0,0.0,1069,0,1069,0,0,0,1069,0,1080,0,1000,0,655,0,657,0,651,0,677,0.032,1.4609821306377965e+22,2.004,2.73023467606737e+23,8592,16814,2.9248853874037094e+34,0.0,-1.1160319571091018e+22,3180.059,-1.2235733950188959e+20,7.991006308480565e+26,50.0,60.0,35,0.0,0.0,10.0,2.0,0.0,0.0,0.0,0.0,0.0,0.0,0.0,0.0,0.0,0.0,0.0,0.0,59.2,55,11,65507,27,65476,0,300,0,0,8,20529,65476,0,0,30147,60.0,0.0,10.0,10.0,2.0,0.0
2026-02-16T12:32:49,ERR,ERR,ERR,ERR,ERR,ERR,ERR,ERR,ERR,ERR,ERR,ERR,ERR,ERR,ERR,ERR,ERR,ERR,ERR,ERR,ERR,ERR,ERR,ERR,ERR,ERR,ERR,ERR,ERR,ERR,ERR,ERR,ERR,ERR,ERR,ERR,ERR,ERR,ERR,ERR,ERR,ERR,ERR,ERR,ERR,ERR,ERR,ERR,ERR,ERR,ERR,ERR,ERR,ERR,ERR,ERR,ERR,ERR,ERR,ERR,ERR,ERR,ERR,ERR,ERR,ERR,ERR,ERR,ERR,ERR,ERR,ERR,ERR,ERR,ERR,ERR,ERR,ERR,ERR,ERR,ERR,ERR,ERR,ERR,ERR,ERR,ERR,ERR,ERR,ERR,ERR,ERR,ERR,ERR,ERR,ERR,ERR,ERR,ERR,ERR,ERR,ERR,ERR,ERR,ERR,ERR,ERR,ERR,ERR,ERR,ERR,ERR,ERR,ERR,ERR,ERR,ERR,ERR,ERR,ERR,ERR,ERR,ERR,ERR,ERR,0.0,-0.0,-107090032.0,0.0,-3.160207272547048e+29,0.0,-0.0,0.0,4300,0,8,17170,4300,0.0,41,0.0,0.0,0.0,0.0,-0.0,0,0,0,0,0.0,0,0,0,0,0,0,0,0,0,0,0,0,0,0,0,0,0,0,0,0,0,0,0,0,0,0,0,0,0,0,0,0,0,8,37,37,45,65476,386,65476,1,0,4,21553,0.0,0.0,0.0,0.0,0.0,0.0,0.0,0.0,0.0,0.0,0.0,0.0,0.0,0.0,0.0,0.0,0.0,0.0,0.0,0.0,0.0,2.004,2.004,-3.6970818999223845e+19,0.0,-3.697075742657269e+19,0.0,0.0,0.0,0.0,6572.0,1.0406714467631646e+34,0.0,0.0,-0.0,0.0,2.7184507374263774e+23,-0.0,0.0,2.004,2.004,228,0.0,-0.0,0.0,0.0,0.0,0.0,0.0,0.0,0.0,0,0,0,-3.2652716342502136e+22,-0.0,-0.0,-6.982289493190637e+30,6.3245990222286505e+25,1.2934595948734362e+31,-0.0,-0.0,-0.0,-2.5884405171098483e+28,-27.159,93059400335360.0,0.0,0.0,0.0,-1.721,0,1.3516416376850534e+27,228,0.0,456,0.0,2.6475257086227406e+23,2112,52429,17109,0,17112,0,17096,0,0,0,101,100,100,0.0,65.2,2.7302339554914296e+23,65.5,0.0,65.5,1,49,50,180,52429,52429,0,0,0.0,0.0,0.0,60.0,2.9248853874037094e+34,71.0,0.0,0.0,0.0,1069,0,1069,0,0,0,1069,0,1080,0,1000,0,655,0,657,0,651,0,677,0.032,1.4609821306377965e+22,2.004,2.73023467606737e+23,8592,16814,2.9248853874037094e+34,0.0,-1.1160319571091018e+22,3180.059,-1.2235733950188959e+20,7.991006308480565e+26,50.0,60.0,35,0.0,0.0,10.0,2.0,0.0,0.0,0.0,0.0,0.0,0.0,0.0,0.0,0.0,0.0,0.0,0.0,58.8,55,11,65507,27,65476,0,300,0,0,8,20529,65476,0,0,30147,60.0,0.0,10.0,10.0,2.0,0.0
2026-02-16T12:32:50,ERR,ERR,ERR,ERR,ERR,ERR,ERR,ERR,ERR,ERR,ERR,ERR,ERR,ERR,ERR,ERR,ERR,ERR,ERR,ERR,ERR,ERR,ERR,ERR,ERR,ERR,ERR,ERR,ERR,ERR,ERR,ERR,ERR,ERR,ERR,ERR,ERR,ERR,ERR,ERR,ERR,ERR,ERR,ERR,ERR,ERR,ERR,ERR,ERR,ERR,ERR,ERR,ERR,ERR,ERR,ERR,ERR,ERR,ERR,ERR,ERR,ERR,ERR,ERR,ERR,ERR,ERR,ERR,ERR,ERR,ERR,ERR,ERR,ERR,ERR,ERR,ERR,ERR,ERR,ERR,ERR,ERR,ERR,ERR,ERR,ERR,ERR,ERR,ERR,ERR,ERR,ERR,ERR,ERR,ERR,ERR,ERR,ERR,ERR,ERR,ERR,ERR,ERR,ERR,ERR,ERR,ERR,ERR,ERR,ERR,ERR,ERR,ERR,ERR,ERR,ERR,ERR,ERR,ERR,ERR,ERR,ERR,ERR,ERR,ERR,0.0,-0.0,-107090032.0,0.0,-3.160207272547048e+29,0.0,-0.0,0.0,4300,0,8,17170,4300,0.0,41,0.0,0.0,0.0,0.0,-0.0,0,0,0,0,0.0,0,0,0,0,0,0,0,0,0,0,0,0,0,0,0,0,0,0,0,0,0,0,0,0,0,0,0,0,0,0,0,0,0,8,37,37,45,65476,386,65476,1,0,4,21553,0.0,0.0,0.0,0.0,0.0,0.0,0.0,0.0,0.0,0.0,0.0,0.0,0.0,0.0,0.0,0.0,0.0,0.0,0.0,0.0,0.0,2.004,2.004,-3.6970818999223845e+19,0.0,-3.697075742657269e+19,0.0,0.0,0.0,0.0,6572.0,1.0406714467631646e+34,0.0,0.0,-0.0,0.0,2.7184507374263774e+23,-0.0,0.0,2.004,2.004,228,0.0,-0.0,0.0,0.0,0.0,0.0,0.0,0.0,0.0,0,0,0,-3.2652716342502136e+22,-0.0,-0.0,-6.982289493190637e+30,6.3245990222286505e+25,1.2934595948734362e+31,-0.0,-0.0,-0.0,-2.5884405171098483e+28,-27.159,93059400335360.0,0.0,0.0,0.0,-1.721,0,1.3516416376850534e+27,228,0.0,456,0.0,2.6475257086227406e+23,2112,52429,17109,0,17112,0,17096,0,0,0,101,100,100,0.0,65.2,2.7302339554914296e+23,65.5,0.0,65.5,1,49,50,180,52429,52429,0,0,0.0,0.0,0.0,60.0,2.9248853874037094e+34,71.0,0.0,0.0,0.0,1069,0,1069,0,0,0,1069,0,1080,0,1000,0,655,0,657,0,651,0,677,0.032,1.4609821306377965e+22,2.004,2.73023467606737e+23,8592,16814,2.9248853874037094e+34,0.0,-1.1160319571091018e+22,3180.059,-1.2235733950188959e+20,7.991006308480565e+26,50.0,60.0,35,0.0,0.0,10.0,2.0,0.0,0.0,0.0,0.0,0.0,0.0,0.0,0.0,0.0,0.0,0.0,0.0,58.8,55,11,65507,27,65476,0,300,0,0,8,20529,65476,0,0,30147,60.0,0.0,10.0,10.0,2.0,0.0
2026-02-16T12:32:51,ERR,ERR,ERR,ERR,ERR,ERR,ERR,ERR,ERR,ERR,ERR,ERR,ERR,ERR,ERR,ERR,ERR,ERR,ERR,ERR,ERR,ERR,ERR,ERR,ERR,ERR,ERR,ERR,ERR,ERR,ERR,ERR,ERR,ERR,ERR,ERR,ERR,ERR,ERR,ERR,ERR,ERR,ERR,ERR,ERR,ERR,ERR,ERR,ERR,ERR,ERR,ERR,ERR,ERR,ERR,ERR,ERR,ERR,ERR,ERR,ERR,ERR,ERR,ERR,ERR,ERR,ERR,ERR,ERR,ERR,ERR,ERR,ERR,ERR,ERR,ERR,ERR,ERR,ERR,ERR,ERR,ERR,ERR,ERR,ERR,ERR,ERR,ERR,ERR,ERR,ERR,ERR,ERR,ERR,ERR,ERR,ERR,ERR,ERR,ERR,ERR,ERR,ERR,ERR,ERR,ERR,ERR,ERR,ERR,ERR,ERR,ERR,ERR,ERR,ERR,ERR,ERR,ERR,ERR,ERR,ERR,ERR,ERR,ERR,ERR,0.0,-0.0,-107090032.0,0.0,-3.160207272547048e+29,0.0,-0.0,0.0,4300,0,8,17170,4300,0.0,41,0.0,0.0,0.0,0.0,-0.0,0,0,0,0,0.0,0,0,0,0,0,0,0,0,0,0,0,0,0,0,0,0,0,0,0,0,0,0,0,0,0,0,0,0,0,0,0,0,0,8,37,37,45,65476,386,65476,1,0,4,21553,0.0,0.0,0.0,0.0,0.0,0.0,0.0,0.0,0.0,0.0,0.0,0.0,0.0,0.0,0.0,0.0,0.0,0.0,0.0,0.0,0.0,2.004,2.004,-3.6970818999223845e+19,0.0,-3.697075742657269e+19,0.0,0.0,0.0,0.0,6572.0,1.0406714467631646e+34,0.0,0.0,-0.0,0.0,2.7184507374263774e+23,-0.0,0.0,2.004,2.004,228,0.0,-0.0,0.0,0.0,0.0,0.0,0.0,0.0,0.0,0,0,0,-3.2652716342502136e+22,-0.0,-0.0,-6.982289493190637e+30,6.3245990222286505e+25,1.2934595948734362e+31,-0.0,-0.0,-0.0,-2.5884405171098483e+28,-27.159,93059400335360.0,0.0,0.0,0.0,-1.721,0,1.3516416376850534e+27,228,0.0,456,0.0,2.6475257086227406e+23,2112,52429,17109,0,17112,0,17096,0,0,0,101,100,100,0.0,65.2,2.7302339554914296e+23,65.5,0.0,65.5,1,49,50,180,52429,52429,0,0,0.0,0.0,0.0,60.0,3.298251553768963e+25,71.0,0.0,-0.0,0.0,1069,0,1069,0,0,0,1069,0,1080,0,1000,0,655,0,657,0,651,0,677,0.032,1.4536034330083127e+22,2.004,2.73023467606737e+23,16528,16814,3.0464809761706694e+31,-0.0,0.0,2.770670197412875e+37,0.001,-0.0,50.0,60.0,35,0.0,0.0,10.0,2.0,0.0,0.0,0.0,0.0,0.0,0.0,0.0,0.0,0.0,0.0,0.0,0.0,58.8,55,11,65507,27,65476,0,300,0,0,8,20529,65476,0,0,30147,60.0,0.0,10.0,10.0,2.0,0.0
2026-02-16T12:32:52,ERR,ERR,ERR,ERR,ERR,ERR,ERR,ERR,ERR,ERR,ERR,ERR,ERR,ERR,ERR,ERR,ERR,ERR,ERR,ERR,ERR,ERR,ERR,ERR,ERR,ERR,ERR,ERR,ERR,ERR,ERR,ERR,ERR,ERR,ERR,ERR,ERR,ERR,ERR,ERR,ERR,ERR,ERR,ERR,ERR,ERR,ERR,ERR,ERR,ERR,ERR,ERR,ERR,ERR,ERR,ERR,ERR,ERR,ERR,ERR,ERR,ERR,ERR,ERR,ERR,ERR,ERR,ERR,ERR,ERR,ERR,ERR,ERR,ERR,ERR,ERR,ERR,ERR,ERR,ERR,ERR,ERR,ERR,ERR,ERR,ERR,ERR,ERR,ERR,ERR,ERR,ERR,ERR,ERR,ERR,ERR,ERR,ERR,ERR,ERR,ERR,ERR,ERR,ERR,ERR,ERR,ERR,ERR,ERR,ERR,ERR,ERR,ERR,ERR,ERR,ERR,ERR,ERR,ERR,ERR,ERR,ERR,ERR,ERR,ERR,0.0,-0.0,-107090032.0,0.0,-3.160207272547048e+29,0.0,-0.0,0.0,4300,0,8,17170,4300,0.0,41,0.0,0.0,0.0,0.0,-0.0,0,0,0,0,0.0,0,0,0,0,0,0,0,0,0,0,0,0,0,0,0,0,0,0,0,0,0,0,0,0,0,0,0,0,0,0,0,0,0,8,37,37,45,65476,386,65476,1,0,4,21553,0.0,0.0,0.0,0.0,0.0,0.0,0.0,0.0,0.0,0.0,0.0,0.0,0.0,0.0,0.0,0.0,0.0,0.0,0.0,0.0,0.0,2.004,2.004,-3.6970818999223845e+19,0.0,-3.697075742657269e+19,0.0,0.0,0.0,0.0,6572.0,1.0406714467631646e+34,0.0,0.0,-0.0,0.0,2.7184507374263774e+23,-0.0,0.0,2.004,2.004,228,0.0,-0.0,0.0,0.0,0.0,0.0,0.0,0.0,0.0,0,0,0,-3.2652716342502136e+22,-0.0,-0.0,-6.982289493190637e+30,6.3245990222286505e+25,1.2934595948734362e+31,-0.0,-0.0,-0.0,-2.5884405171098483e+28,-27.159,93059400335360.0,0.0,0.0,0.0,-1.721,0,1.3516416376850534e+27,228,0.0,456,0.0,2.6475257086227406e+23,2112,52429,17109,0,17112,0,17096,0,0,0,101,100,100,0.0,65.2,2.7302339554914296e+23,65.5,0.0,65.5,1,49,50,180,52429,52429,0,0,0.0,0.0,0.0,60.0,3.298251553768963e+25,71.0,0.0,-0.0,0.0,1069,0,1069,0,0,0,1069,0,1080,0,1000,0,655,0,657,0,651,0,677,0.032,1.4536034330083127e+22,2.004,2.73023467606737e+23,16528,16814,3.0464809761706694e+31,-0.0,0.0,2.770670197412875e+37,0.001,-0.0,50.0,60.0,35,0.0,0.0,10.0,2.0,0.0,0.0,0.0,0.0,0.0,0.0,0.0,0.0,0.0,0.0,0.0,0.0,59.2,55,11,65507,27,65476,0,300,0,0,8,20529,65476,0,0,30147,60.0,0.0,10.0,10.0,2.0,0.0
2026-02-16T12:32:53,ERR,ERR,ERR,ERR,ERR,ERR,ERR,ERR,ERR,ERR,ERR,ERR,ERR,ERR,ERR,ERR,ERR,ERR,ERR,ERR,ERR,ERR,ERR,ERR,ERR,ERR,ERR,ERR,ERR,ERR,ERR,ERR,ERR,ERR,ERR,ERR,ERR,ERR,ERR,ERR,ERR,ERR,ERR,ERR,ERR,ERR,ERR,ERR,ERR,ERR,ERR,ERR,ERR,ERR,ERR,ERR,ERR,ERR,ERR,ERR,ERR,ERR,ERR,ERR,ERR,ERR,ERR,ERR,ERR,ERR,ERR,ERR,ERR,ERR,ERR,ERR,ERR,ERR,ERR,ERR,ERR,ERR,ERR,ERR,ERR,ERR,ERR,ERR,ERR,ERR,ERR,ERR,ERR,ERR,ERR,ERR,ERR,ERR,ERR,ERR,ERR,ERR,ERR,ERR,ERR,ERR,ERR,ERR,ERR,ERR,ERR,ERR,ERR,ERR,ERR,ERR,ERR,ERR,ERR,ERR,ERR,ERR,ERR,ERR,ERR,0.0,-0.0,-107090032.0,0.0,-3.160207272547048e+29,0.0,-0.0,0.0,4300,0,8,17170,4300,0.0,41,0.0,0.0,0.0,0.0,-0.0,0,0,0,0,0.0,0,0,0,0,0,0,0,0,0,0,0,0,0,0,0,0,0,0,0,0,0,0,0,0,0,0,0,0,0,0,0,0,0,8,37,37,45,65476,386,65476,1,0,4,21553,0.0,0.0,0.0,0.0,0.0,0.0,0.0,0.0,0.0,0.0,0.0,0.0,0.0,0.0,0.0,0.0,0.0,0.0,0.0,0.0,0.0,2.004,2.004,-3.6970818999223845e+19,0.0,-3.697075742657269e+19,0.0,0.0,0.0,0.0,6572.0,1.0406714467631646e+34,0.0,0.0,-0.0,0.0,2.7184507374263774e+23,-0.0,0.0,2.004,2.004,228,0.0,-0.0,0.0,0.0,0.0,0.0,0.0,0.0,0.0,0,0,0,-3.2652716342502136e+22,-0.0,-0.0,-6.982289493190637e+30,6.3245990222286505e+25,1.2934595948734362e+31,-0.0,-0.0,-0.0,-2.5884405171098483e+28,-27.159,93059400335360.0,0.0,0.0,0.0,-1.721,0,1.3516416376850534e+27,228,0.0,456,0.0,2.6475257086227406e+23,2112,52429,17109,0,17112,0,17096,0,0,0,101,100,100,0.0,65.2,2.7302339554914296e+23,65.5,0.0,65.5,1,49,50,180,52429,52429,0,0,0.0,0.0,0.0,60.0,3.298251553768963e+25,71.0,0.0,-0.0,0.0,1069,0,1069,0,0,0,1069,0,1080,0,1000,0,655,0,657,0,651,0,677,0.032,1.4536034330083127e+22,2.004,2.73023467606737e+23,16528,16814,3.0464809761706694e+31,-0.0,0.0,2.770670197412875e+37,0.001,-0.0,50.0,60.0,35,0.0,0.0,10.0,2.0,0.0,0.0,0.0,0.0,0.0,0.0,0.0,0.0,0.0,0.0,0.0,0.0,59.2,55,11,65507,27,65476,0,300,0,0,8,20529,65476,0,0,30147,60.0,0.0,10.0,10.0,2.0,0.0
2026-02-16T12:32:54,ERR,ERR,ERR,ERR,ERR,ERR,ERR,ERR,ERR,ERR,ERR,ERR,ERR,ERR,ERR,ERR,ERR,ERR,ERR,ERR,ERR,ERR,ERR,ERR,ERR,ERR,ERR,ERR,ERR,ERR,ERR,ERR,ERR,ERR,ERR,ERR,ERR,ERR,ERR,ERR,ERR,ERR,ERR,ERR,ERR,ERR,ERR,ERR,ERR,ERR,ERR,ERR,ERR,ERR,ERR,ERR,ERR,ERR,ERR,ERR,ERR,ERR,ERR,ERR,ERR,ERR,ERR,ERR,ERR,ERR,ERR,ERR,ERR,ERR,ERR,ERR,ERR,ERR,ERR,ERR,ERR,ERR,ERR,ERR,ERR,ERR,ERR,ERR,ERR,ERR,ERR,ERR,ERR,ERR,ERR,ERR,ERR,ERR,ERR,ERR,ERR,ERR,ERR,ERR,ERR,ERR,ERR,ERR,ERR,ERR,ERR,ERR,ERR,ERR,ERR,ERR,ERR,ERR,ERR,ERR,ERR,ERR,ERR,ERR,ERR,0.0,-0.0,-107090032.0,0.0,-3.160207272547048e+29,0.0,1.3394688157382532e+25,986711232.0,4300,0,8,17170,4300,0.0,41,0.0,0.0,0.0,0.0,-0.0,0,0,0,0,0.0,0,0,0,0,0,0,0,0,0,0,0,0,0,0,0,0,0,0,0,0,0,0,0,0,0,0,0,0,0,0,0,0,0,8,37,37,45,65476,385,65476,1,0,4,21553,0.0,-0.0,0.0,0.0,0.0,0.0,0.0,0.0,0.0,0.0,0.0,0.0,0.0,0.0,0.0,0.0,0.0,0.0,0.0,0.0,0.0,2.004,2.004,-3.6970818999223845e+19,0.0,-0.0,0.0,0.0,0.0,0.0,6573.0,-3.697207684052602e+19,0.0,0.0,-0.0,0.0,0.0,0.0,0.0,2.004,2.004,228,0.0,-71.63,0.0,0.0,0.0,0.0,0.0,0.0,0.0,0,0,0,-6.494673898028663e+18,0.0,-0.0,-0.0,-0.0,2.132445598314747e+29,-2520497531125760.0,-1.9247002496905567e+35,0.0,-2.7896057734937226e+28,-28.659,99656470102016.0,0.0,0.0,0.0,1.047793083076446e+37,0,1.3516416376850534e+27,228,0.0,454,-621855232.0,82050.086,2112,52429,17109,0,17112,0,17096,0,0,0,101,100,100,0.0,65.2,2.7302339554914296e+23,65.5,0.0,65.5,1,49,50,180,52429,52429,0,0,0.0,0.0,0.0,60.0,8.658619708997632e+17,71.0,0.0,-0.0,0.0,1069,0,1070,0,0,0,1069,0,1080,0,1000,0,655,0,657,0,651,0,676,0.032,1.4609821306377965e+22,0.0,0.0,8336,16814,8.658619708997632e+17,-0.0,0.0,-1326043101134848.0,0.0,-0.0,50.0,60.0,35,0.0,0.0,10.0,2.0,0.0,0.0,0.0,0.0,0.0,0.0,0.0,0.0,0.0,0.0,0.0,0.0,58.8,55,11,65507,27,65476,0,300,0,0,8,20529,65476,0,0,30147,60.0,0.0,10.0,10.0,2.0,0.0
2026-02-16T12:32:55,ERR,ERR,ERR,ERR,ERR,ERR,ERR,ERR,ERR,ERR,ERR,ERR,ERR,ERR,ERR,ERR,ERR,ERR,ERR,ERR,ERR,ERR,ERR,ERR,ERR,ERR,ERR,ERR,ERR,ERR,ERR,ERR,ERR,ERR,ERR,ERR,ERR,ERR,ERR,ERR,ERR,ERR,ERR,ERR,ERR,ERR,ERR,ERR,ERR,ERR,ERR,ERR,ERR,ERR,ERR,ERR,ERR,ERR,ERR,ERR,ERR,ERR,ERR,ERR,ERR,ERR,ERR,ERR,ERR,ERR,ERR,ERR,ERR,ERR,ERR,ERR,ERR,ERR,ERR,ERR,ERR,ERR,ERR,ERR,ERR,ERR,ERR,ERR,ERR,ERR,ERR,ERR,ERR,ERR,ERR,ERR,ERR,ERR,ERR,ERR,ERR,ERR,ERR,ERR,ERR,ERR,ERR,ERR,ERR,ERR,ERR,ERR,ERR,ERR,ERR,ERR,ERR,ERR,ERR,ERR,ERR,ERR,ERR,ERR,ERR,0.0,-0.0,-107090032.0,0.0,-3.160207272547048e+29,0.0,1.3394688157382532e+25,986711232.0,4300,0,8,17170,4300,0.0,41,0.0,0.0,0.0,0.0,-0.0,0,0,0,0,0.0,0,0,0,0,0,0,0,0,0,0,0,0,0,0,0,0,0,0,0,0,0,0,0,0,0,0,0,0,0,0,0,0,0,8,37,37,45,65476,385,65476,1,0,4,21553,0.0,-0.0,0.0,0.0,0.0,0.0,0.0,0.0,0.0,0.0,0.0,0.0,0.0,0.0,0.0,0.0,0.0,0.0,0.0,0.0,0.0,2.004,2.004,-3.6970818999223845e+19,0.0,-0.0,0.0,0.0,0.0,0.0,6573.0,-3.697207684052602e+19,0.0,0.0,-0.0,0.0,0.0,0.0,0.0,2.004,2.004,228,0.0,-71.63,0.0,0.0,0.0,0.0,0.0,0.0,0.0,0,0,0,-6.494673898028663e+18,0.0,-0.0,-0.0,-0.0,2.132445598314747e+29,-2520497531125760.0,-1.9247002496905567e+35,0.0,-2.7896057734937226e+28,-28.659,99656470102016.0,0.0,0.0,0.0,1.047793083076446e+37,0,1.3516416376850534e+27,228,0.0,454,-621855232.0,82050.086,2112,52429,17109,0,17112,0,17096,0,0,0,101,100,100,0.0,65.2,2.7302339554914296e+23,65.5,0.0,65.5,1,49,50,180,52429,52429,0,0,0.0,0.0,0.0,60.0,8.658619708997632e+17,71.0,0.0,-0.0,0.0,1069,0,1070,0,0,0,1069,0,1080,0,1000,0,655,0,657,0,651,0,676,0.032,1.4609821306377965e+22,0.0,0.0,8336,16814,8.658619708997632e+17,-0.0,0.0,-1326043101134848.0,0.0,-0.0,50.0,60.0,35,0.0,0.0,10.0,2.0,0.0,0.0,0.0,0.0,0.0,0.0,0.0,0.0,0.0,0.0,0.0,0.0,58.8,55,11,65507,27,65476,0,300,0,0,8,20529,65476,0,0,30147,60.0,0.0,10.0,10.0,2.0,0.0
2026-02-16T12:32:56,ERR,ERR,ERR,ERR,ERR,ERR,ERR,ERR,ERR,ERR,ERR,ERR,ERR,ERR,ERR,ERR,ERR,ERR,ERR,ERR,ERR,ERR,ERR,ERR,ERR,ERR,ERR,ERR,ERR,ERR,ERR,ERR,ERR,ERR,ERR,ERR,ERR,ERR,ERR,ERR,ERR,ERR,ERR,ERR,ERR,ERR,ERR,ERR,ERR,ERR,ERR,ERR,ERR,ERR,ERR,ERR,ERR,ERR,ERR,ERR,ERR,ERR,ERR,ERR,ERR,ERR,ERR,ERR,ERR,ERR,ERR,ERR,ERR,ERR,ERR,ERR,ERR,ERR,ERR,ERR,ERR,ERR,ERR,ERR,ERR,ERR,ERR,ERR,ERR,ERR,ERR,ERR,ERR,ERR,ERR,ERR,ERR,ERR,ERR,ERR,ERR,ERR,ERR,ERR,ERR,ERR,ERR,ERR,ERR,ERR,ERR,ERR,ERR,ERR,ERR,ERR,ERR,ERR,ERR,ERR,ERR,ERR,ERR,ERR,ERR,0.0,-0.0,-107090032.0,0.0,-3.160207272547048e+29,0.0,1.3394688157382532e+25,986711232.0,4300,0,8,17170,4300,0.0,41,0.0,0.0,0.0,0.0,-0.0,0,0,0,0,0.0,0,0,0,0,0,0,0,0,0,0,0,0,0,0,0,0,0,0,0,0,0,0,0,0,0,0,0,0,0,0,0,0,0,8,37,37,45,65476,385,65476,1,0,4,21553,0.0,-0.0,0.0,0.0,0.0,0.0,0.0,0.0,0.0,0.0,0.0,0.0,0.0,0.0,0.0,0.0,0.0,0.0,0.0,0.0,0.0,2.004,2.004,-3.6970818999223845e+19,0.0,-0.0,0.0,0.0,0.0,0.0,6573.0,-3.697207684052602e+19,0.0,0.0,-0.0,0.0,0.0,0.0,0.0,2.004,2.004,228,0.0,-71.63,0.0,0.0,0.0,0.0,0.0,0.0,0.0,0,0,0,-6.494673898028663e+18,0.0,-0.0,-0.0,-0.0,2.132445598314747e+29,-2520497531125760.0,-1.9247002496905567e+35,0.0,-2.7896057734937226e+28,-28.659,99656470102016.0,0.0,0.0,0.0,1.047793083076446e+37,0,1.3516416376850534e+27,228,0.0,454,-621855232.0,82050.086,2112,52429,17109,0,17112,0,17096,0,0,0,101,100,100,0.0,65.2,2.7302339554914296e+23,65.5,0.0,65.5,1,49,50,180,52429,52429,0,0,0.0,0.0,0.0,60.0,8.658619708997632e+17,71.0,0.0,-0.0,0.0,1069,0,1070,0,0,0,1069,0,1080,0,1000,0,655,0,657,0,651,0,676,0.032,1.4609821306377965e+22,0.0,0.0,8336,16814,8.658619708997632e+17,-0.0,0.0,-1326043101134848.0,0.0,-0.0,50.0,60.0,35,0.0,0.0,10.0,2.0,0.0,0.0,0.0,0.0,0.0,0.0,0.0,0.0,0.0,0.0,0.0,0.0,58.8,55,11,65507,27,65476,0,300,0,0,8,20529,65476,0,0,30147,60.0,0.0,10.0,10.0,2.0,0.0
2026-02-16T12:32:57,ERR,ERR,ERR,ERR,ERR,ERR,ERR,ERR,ERR,ERR,ERR,ERR,ERR,ERR,ERR,ERR,ERR,ERR,ERR,ERR,ERR,ERR,ERR,ERR,ERR,ERR,ERR,ERR,ERR,ERR,ERR,ERR,ERR,ERR,ERR,ERR,ERR,ERR,ERR,ERR,ERR,ERR,ERR,ERR,ERR,ERR,ERR,ERR,ERR,ERR,ERR,ERR,ERR,ERR,ERR,ERR,ERR,ERR,ERR,ERR,ERR,ERR,ERR,ERR,ERR,ERR,ERR,ERR,ERR,ERR,ERR,ERR,ERR,ERR,ERR,ERR,ERR,ERR,ERR,ERR,ERR,ERR,ERR,ERR,ERR,ERR,ERR,ERR,ERR,ERR,ERR,ERR,ERR,ERR,ERR,ERR,ERR,ERR,ERR,ERR,ERR,ERR,ERR,ERR,ERR,ERR,ERR,ERR,ERR,ERR,ERR,ERR,ERR,ERR,ERR,ERR,ERR,ERR,ERR,ERR,ERR,ERR,ERR,ERR,ERR,0.0,-0.0,-107090032.0,0.0,-3.160207272547048e+29,0.0,1.3394688157382532e+25,986711232.0,4300,0,8,17170,4300,0.0,41,0.0,0.0,0.0,0.0,-0.0,0,0,0,0,0.0,0,0,0,0,0,0,0,0,0,0,0,0,0,0,0,0,0,0,0,0,0,0,0,0,0,0,0,0,0,0,0,0,0,8,37,37,45,65476,385,65476,1,0,4,21553,0.0,-0.0,0.0,0.0,0.0,0.0,0.0,0.0,0.0,0.0,0.0,0.0,0.0,0.0,0.0,0.0,0.0,0.0,0.0,0.0,0.0,2.004,2.004,-3.6970818999223845e+19,0.0,-0.0,0.0,0.0,0.0,0.0,6573.0,-3.697207684052602e+19,0.0,0.0,-0.0,0.0,0.0,0.0,0.0,2.004,2.004,228,0.0,-71.63,0.0,0.0,0.0,0.0,0.0,0.0,0.0,0,0,0,-6.494673898028663e+18,0.0,-0.0,-0.0,-0.0,2.132445598314747e+29,-2520497531125760.0,-1.9247002496905567e+35,0.0,-2.7896057734937226e+28,-28.659,99656470102016.0,0.0,0.0,0.0,1.047793083076446e+37,0,1.3516416376850534e+27,228,0.0,454,-621855232.0,82050.086,2112,52429,17109,0,17112,0,17096,0,0,0,101,100,100,0.0,65.2,2.7302339554914296e+23,65.5,0.0,65.5,1,49,50,180,52429,52429,0,0,0.0,0.0,0.0,60.0,22449254400.0,71.0,0.0,-0.0,0.0,1069,0,1070,0,0,0,1069,0,1080,0,1000,0,655,0,657,0,651,0,677,0.032,1.4536034330083127e+22,0.0,0.0,57488,16813,22449254400.0,-0.0,-16592702464.0,-0.0,-240.256,66039454892032.0,50.0,60.0,35,0.0,0.0,10.0,2.0,0.0,0.0,0.0,0.0,0.0,0.0,0.0,0.0,0.0,0.0,0.0,0.0,58.8,55,11,65508,27,65476,0,300,0,0,8,20529,65476,0,0,30147,60.0,0.0,10.0,10.0,2.0,0.0
2026-02-16T12:32:58,ERR,ERR,ERR,ERR,ERR,ERR,ERR,ERR,ERR,ERR,ERR,ERR,ERR,ERR,ERR,ERR,ERR,ERR,ERR,ERR,ERR,ERR,ERR,ERR,ERR,ERR,ERR,ERR,ERR,ERR,ERR,ERR,ERR,ERR,ERR,ERR,ERR,ERR,ERR,ERR,ERR,ERR,ERR,ERR,ERR,ERR,ERR,ERR,ERR,ERR,ERR,ERR,ERR,ERR,ERR,ERR,ERR,ERR,ERR,ERR,ERR,ERR,ERR,ERR,ERR,ERR,ERR,ERR,ERR,ERR,ERR,ERR,ERR,ERR,ERR,ERR,ERR,ERR,ERR,ERR,ERR,ERR,ERR,ERR,ERR,ERR,ERR,ERR,ERR,ERR,ERR,ERR,ERR,ERR,ERR,ERR,ERR,ERR,ERR,ERR,ERR,ERR,ERR,ERR,ERR,ERR,ERR,ERR,ERR,ERR,ERR,ERR,ERR,ERR,ERR,ERR,ERR,ERR,ERR,ERR,ERR,ERR,ERR,ERR,ERR,0.0,-0.0,2.7420187948523476e+23,0.0,-0.0,0.0,-0.0,-885838184448.0,4300,0,8,17169,4300,0.0,41,0.0,0.0,0.0,0.0,-0.0,0,0,0,0,0.0,0,0,0,0,0,0,0,0,0,0,0,0,0,0,0,0,0,0,0,0,0,0,0,0,0,0,0,0,0,0,0,0,0,8,37,37,45,65476,381,65476,1,0,4,21553,0.0,0.0,0.0,0.0,0.0,0.0,0.0,0.0,0.0,0.0,0.0,0.0,0.0,0.0,0.0,0.0,0.0,0.0,0.0,0.0,0.0,2.004,2.004,-2.004,0.0,2.004,0.0,0.0,0.0,0.0,6579.0,-1.0406714467631646e+34,0.0,0.0,-0.0,0.0,0.0,0.0,0.0,2.004,2.004,229,4.066853658014554e+29,-126841020416.0,0.0,0.0,0.0,0.0,0.0,0.0,0.0,0,0,0,-2822363.75,0.0,-0.0,1083438858240.0,-0.0,-30134530736128.0,-0.0,-7018784489472.0,-4031137024.0,-2.9752967793865296e+28,-30.159,106253539868672.0,0.0,0.0,0.0,-0.0,0,1.3516416376850534e+27,229,0.0,458,2.40156025918058e+36,0.0,2112,52429,17109,0,17112,0,17096,0,0,0,101,100,100,0.0,65.2,2.7302339554914296e+23,65.5,0.0,65.5,1,49,50,180,52429,52429,0,0,0.0,0.0,0.0,60.0,22449254400.0,71.0,0.0,-0.0,0.0,1069,0,1070,0,0,0,1069,0,1080,0,1000,0,655,0,657,0,651,0,677,0.032,1.4536034330083127e+22,0.0,0.0,57488,16813,22449254400.0,-0.0,-16592702464.0,-0.0,-240.256,66039454892032.0,50.0,60.0,35,0.0,0.0,10.0,2.0,0.0,0.0,0.0,0.0,0.0,0.0,0.0,0.0,0.0,0.0,0.0,0.0,58.8,55,11,65508,27,65476,0,300,0,0,8,20529,65476,0,0,30147,60.0,0.0,10.0,10.0,2.0,0.0
2026-02-16T12:32:59,ERR,ERR,ERR,ERR,ERR,ERR,ERR,ERR,ERR,ERR,ERR,ERR,ERR,ERR,ERR,ERR,ERR,ERR,ERR,ERR,ERR,ERR,ERR,ERR,ERR,ERR,ERR,ERR,ERR,ERR,ERR,ERR,ERR,ERR,ERR,ERR,ERR,ERR,ERR,ERR,ERR,ERR,ERR,ERR,ERR,ERR,ERR,ERR,ERR,ERR,ERR,ERR,ERR,ERR,ERR,ERR,ERR,ERR,ERR,ERR,ERR,ERR,ERR,ERR,ERR,ERR,ERR,ERR,ERR,ERR,ERR,ERR,ERR,ERR,ERR,ERR,ERR,ERR,ERR,ERR,ERR,ERR,ERR,ERR,ERR,ERR,ERR,ERR,ERR,ERR,ERR,ERR,ERR,ERR,ERR,ERR,ERR,ERR,ERR,ERR,ERR,ERR,ERR,ERR,ERR,ERR,ERR,ERR,ERR,ERR,ERR,ERR,ERR,ERR,ERR,ERR,ERR,ERR,ERR,ERR,ERR,ERR,ERR,ERR,ERR,0.0,-0.0,2.7420187948523476e+23,0.0,-0.0,0.0,-0.0,-885838184448.0,4300,0,8,17169,4300,0.0,41,0.0,0.0,0.0,0.0,-0.0,0,0,0,0,0.0,0,0,0,0,0,0,0,0,0,0,0,0,0,0,0,0,0,0,0,0,0,0,0,0,0,0,0,0,0,0,0,0,0,8,37,37,45,65476,381,65476,1,0,4,21553,0.0,0.0,0.0,0.0,0.0,0.0,0.0,0.0,0.0,0.0,0.0,0.0,0.0,0.0,0.0,0.0,0.0,0.0,0.0,0.0,0.0,2.004,2.004,-2.004,0.0,2.004,0.0,0.0,0.0,0.0,6579.0,-1.0406714467631646e+34,0.0,0.0,-0.0,0.0,0.0,0.0,0.0,2.004,2.004,229,4.066853658014554e+29,-126841020416.0,0.0,0.0,0.0,0.0,0.0,0.0,0.0,0,0,0,-2822363.75,0.0,-0.0,1083438858240.0,-0.0,-30134530736128.0,-0.0,-7018784489472.0,-4031137024.0,-2.9752967793865296e+28,-30.159,106253539868672.0,0.0,0.0,0.0,-0.0,0,1.3516416376850534e+27,229,0.0,458,2.40156025918058e+36,0.0,2112,52429,17109,0,17112,0,17096,0,0,0,101,100,100,0.0,65.2,2.7302339554914296e+23,65.5,0.0,65.5,1,49,50,180,52429,52429,0,0,0.0,0.0,0.0,60.0,22449254400.0,71.0,0.0,-0.0,0.0,1069,0,1070,0,0,0,1069,0,1080,0,1000,0,655,0,657,0,651,0,677,0.032,1.4536034330083127e+22,0.0,0.0,57488,16813,22449254400.0,-0.0,-16592702464.0,-0.0,-240.256,66039454892032.0,50.0,60.0,35,0.0,0.0,10.0,2.0,0.0,0.0,0.0,0.0,0.0,0.0,0.0,0.0,0.0,0.0,0.0,0.0,58.8,55,11,65508,27,65476,0,300,0,0,8,20529,65476,0,0,30147,60.0,0.0,10.0,10.0,2.0,0.0
2026-02-16T12:33:00,ERR,ERR,ERR,ERR,ERR,ERR,ERR,ERR,ERR,ERR,ERR,ERR,ERR,ERR,ERR,ERR,ERR,ERR,ERR,ERR,ERR,ERR,ERR,ERR,ERR,ERR,ERR,ERR,ERR,ERR,ERR,ERR,ERR,ERR,ERR,ERR,ERR,ERR,ERR,ERR,ERR,ERR,ERR,ERR,ERR,ERR,ERR,ERR,ERR,ERR,ERR,ERR,ERR,ERR,ERR,ERR,ERR,ERR,ERR,ERR,ERR,ERR,ERR,ERR,ERR,ERR,ERR,ERR,ERR,ERR,ERR,ERR,ERR,ERR,ERR,ERR,ERR,ERR,ERR,ERR,ERR,ERR,ERR,ERR,ERR,ERR,ERR,ERR,ERR,ERR,ERR,ERR,ERR,ERR,ERR,ERR,ERR,ERR,ERR,ERR,ERR,ERR,ERR,ERR,ERR,ERR,ERR,ERR,ERR,ERR,ERR,ERR,ERR,ERR,ERR,ERR,ERR,ERR,ERR,ERR,ERR,ERR,ERR,ERR,ERR,0.0,-0.0,2.7420187948523476e+23,0.0,-0.0,0.0,-0.0,-885838184448.0,4300,0,8,17169,4300,0.0,41,0.0,0.0,0.0,0.0,-0.0,0,0,0,0,0.0,0,0,0,0,0,0,0,0,0,0,0,0,0,0,0,0,0,0,0,0,0,0,0,0,0,0,0,0,0,0,0,0,0,8,37,37,45,65476,381,65476,1,0,4,21553,0.0,0.0,0.0,0.0,0.0,0.0,0.0,0.0,0.0,0.0,0.0,0.0,0.0,0.0,0.0,0.0,0.0,0.0,0.0,0.0,0.0,2.004,2.004,-2.004,0.0,2.004,0.0,0.0,0.0,0.0,6579.0,-1.0406714467631646e+34,0.0,0.0,-0.0,0.0,0.0,0.0,0.0,2.004,2.004,229,4.066853658014554e+29,-126841020416.0,0.0,0.0,0.0,0.0,0.0,0.0,0.0,0,0,0,-2822363.75,0.0,-0.0,1083438858240.0,-0.0,-30134530736128.0,-0.0,-7018784489472.0,-4031137024.0,-2.9752967793865296e+28,-30.159,106253539868672.0,0.0,0.0,0.0,-0.0,0,1.3516416376850534e+27,229,0.0,458,2.40156025918058e+36,0.0,2112,52429,17109,0,17112,0,17096,0,0,0,101,100,100,0.0,65.2,2.7302339554914296e+23,65.5,0.0,65.5,1,49,50,180,52429,52429,0,0,0.0,0.0,0.0,60.0,22449254400.0,71.0,0.0,-0.0,0.0,1069,0,1070,0,0,0,1069,0,1080,0,1000,0,655,0,657,0,651,0,677,0.032,1.4536034330083127e+22,0.0,0.0,57488,16813,22449254400.0,-0.0,-16592702464.0,-0.0,-240.256,66039454892032.0,50.0,60.0,35,0.0,0.0,10.0,2.0,0.0,0.0,0.0,0.0,0.0,0.0,0.0,0.0,0.0,0.0,0.0,0.0,58.8,55,11,65508,27,65476,0,300,0,0,8,20529,65476,0,0,30147,60.0,0.0,10.0,10.0,2.0,0.0
2026-02-16T12:33:01,ERR,ERR,ERR,ERR,ERR,ERR,ERR,ERR,ERR,ERR,ERR,ERR,ERR,ERR,ERR,ERR,ERR,ERR,ERR,ERR,ERR,ERR,ERR,ERR,ERR,ERR,ERR,ERR,ERR,ERR,ERR,ERR,ERR,ERR,ERR,ERR,ERR,ERR,ERR,ERR,ERR,ERR,ERR,ERR,ERR,ERR,ERR,ERR,ERR,ERR,ERR,ERR,ERR,ERR,ERR,ERR,ERR,ERR,ERR,ERR,ERR,ERR,ERR,ERR,ERR,ERR,ERR,ERR,ERR,ERR,ERR,ERR,ERR,ERR,ERR,ERR,ERR,ERR,ERR,ERR,ERR,ERR,ERR,ERR,ERR,ERR,ERR,ERR,ERR,ERR,ERR,ERR,ERR,ERR,ERR,ERR,ERR,ERR,ERR,ERR,ERR,ERR,ERR,ERR,ERR,ERR,ERR,ERR,ERR,ERR,ERR,ERR,ERR,ERR,ERR,ERR,ERR,ERR,ERR,ERR,ERR,ERR,ERR,ERR,ERR,0.0,-0.0,2.7420187948523476e+23,0.0,-0.0,0.0,-0.0,-885838184448.0,4300,0,8,17169,4300,0.0,41,0.0,0.0,0.0,0.0,-0.0,0,0,0,0,0.0,0,0,0,0,0,0,0,0,0,0,0,0,0,0,0,0,0,0,0,0,0,0,0,0,0,0,0,0,0,0,0,0,0,8,37,37,45,65476,381,65476,1,0,4,21553,0.0,0.0,0.0,0.0,0.0,0.0,0.0,0.0,0.0,0.0,0.0,0.0,0.0,0.0,0.0,0.0,0.0,0.0,0.0,0.0,0.0,2.004,2.004,-2.004,0.0,2.004,0.0,0.0,0.0,0.0,6579.0,-1.0406714467631646e+34,0.0,0.0,-0.0,0.0,0.0,0.0,0.0,2.004,2.004,229,4.066853658014554e+29,-126841020416.0,0.0,0.0,0.0,0.0,0.0,0.0,0.0,0,0,0,-2822363.75,0.0,-0.0,1083438858240.0,-0.0,-30134530736128.0,-0.0,-7018784489472.0,-4031137024.0,-2.9752967793865296e+28,-30.159,106253539868672.0,0.0,0.0,0.0,-0.0,0,1.3516416376850534e+27,229,0.0,458,2.40156025918058e+36,0.0,2112,52429,17109,0,17112,0,17096,0,0,0,101,100,100,0.0,65.2,2.7302339554914296e+23,65.5,0.0,65.5,1,49,50,180,52429,52429,0,0,0.0,0.0,0.0,60.0,22449254400.0,71.0,0.0,-0.0,0.0,1069,0,1069,0,0,0,1069,0,1080,0,1000,0,655,0,657,0,651,0,677,0.032,1.4536034330083127e+22,0.0,0.0,2960,16814,3.013087920862003e+18,-0.001,0.0,-4644983.5,0.0,-0.0,50.0,60.0,35,0.0,0.0,10.0,2.0,0.0,0.0,0.0,0.0,0.0,0.0,0.0,0.0,0.0,0.0,0.0,0.0,58.8,55,11,65508,27,65476,0,300,0,0,8,20529,65476,0,0,30147,60.0,0.0,10.0,10.0,2.0,0.0
2026-02-16T12:33:02,ERR,ERR,ERR,ERR,ERR,ERR,ERR,ERR,ERR,ERR,ERR,ERR,ERR,ERR,ERR,ERR,ERR,ERR,ERR,ERR,ERR,ERR,ERR,ERR,ERR,ERR,ERR,ERR,ERR,ERR,ERR,ERR,ERR,ERR,ERR,ERR,ERR,ERR,ERR,ERR,ERR,ERR,ERR,ERR,ERR,ERR,ERR,ERR,ERR,ERR,ERR,ERR,ERR,ERR,ERR,ERR,ERR,ERR,ERR,ERR,ERR,ERR,ERR,ERR,ERR,ERR,ERR,ERR,ERR,ERR,ERR,ERR,ERR,ERR,ERR,ERR,ERR,ERR,ERR,ERR,ERR,ERR,ERR,ERR,ERR,ERR,ERR,ERR,ERR,ERR,ERR,ERR,ERR,ERR,ERR,ERR,ERR,ERR,ERR,ERR,ERR,ERR,ERR,ERR,ERR,ERR,ERR,ERR,ERR,ERR,ERR,ERR,ERR,ERR,ERR,ERR,ERR,ERR,ERR,ERR,ERR,ERR,ERR,ERR,ERR,0.0,-0.0,2.7420187948523476e+23,0.0,-0.0,0.0,-0.0,-885838184448.0,4300,0,8,17169,4300,0.0,41,0.0,0.0,0.0,0.0,-0.0,0,0,0,0,0.0,0,0,0,0,0,0,0,0,0,0,0,0,0,0,0,0,0,0,0,0,0,0,0,0,0,0,0,0,0,0,0,0,0,8,37,37,45,65476,381,65476,1,0,4,21553,0.0,0.0,0.0,0.0,0.0,0.0,0.0,0.0,0.0,0.0,0.0,0.0,0.0,0.0,0.0,0.0,0.0,0.0,0.0,0.0,0.0,2.004,2.004,-2.004,0.0,2.004,0.0,0.0,0.0,0.0,6579.0,-1.0406714467631646e+34,0.0,0.0,-0.0,0.0,0.0,0.0,0.0,2.004,2.004,229,4.066853658014554e+29,-126841020416.0,0.0,0.0,0.0,0.0,0.0,0.0,0.0,0,0,0,-2822363.75,0.0,-0.0,1083438858240.0,-0.0,-30134530736128.0,-0.0,-7018784489472.0,-4031137024.0,-2.9752967793865296e+28,-30.159,106253539868672.0,0.0,0.0,0.0,-0.0,0,1.3516416376850534e+27,229,0.0,458,2.40156025918058e+36,0.0,2112,52429,17109,0,17112,0,17096,0,0,0,101,100,100,0.0,65.2,2.7302339554914296e+23,65.5,0.0,65.5,1,49,50,180,52429,52429,0,0,0.0,0.0,0.0,60.0,22449254400.0,71.0,0.0,-0.0,0.0,1069,0,1069,0,0,0,1069,0,1080,0,1000,0,655,0,657,0,651,0,677,0.032,1.4536034330083127e+22,0.0,0.0,2960,16814,3.013087920862003e+18,-0.001,0.0,-4644983.5,0.0,-0.0,50.0,60.0,35,0.0,0.0,10.0,2.0,0.0,0.0,0.0,0.0,0.0,0.0,0.0,0.0,0.0,0.0,0.0,0.0,59.2,55,11,65508,27,65476,0,300,0,0,8,20529,65476,0,0,30147,60.0,0.0,10.0,10.0,2.0,0.0
2026-02-16T12:33:03,ERR,ERR,ERR,ERR,ERR,ERR,ERR,ERR,ERR,ERR,ERR,ERR,ERR,ERR,ERR,ERR,ERR,ERR,ERR,ERR,ERR,ERR,ERR,ERR,ERR,ERR,ERR,ERR,ERR,ERR,ERR,ERR,ERR,ERR,ERR,ERR,ERR,ERR,ERR,ERR,ERR,ERR,ERR,ERR,ERR,ERR,ERR,ERR,ERR,ERR,ERR,ERR,ERR,ERR,ERR,ERR,ERR,ERR,ERR,ERR,ERR,ERR,ERR,ERR,ERR,ERR,ERR,ERR,ERR,ERR,ERR,ERR,ERR,ERR,ERR,ERR,ERR,ERR,ERR,ERR,ERR,ERR,ERR,ERR,ERR,ERR,ERR,ERR,ERR,ERR,ERR,ERR,ERR,ERR,ERR,ERR,ERR,ERR,ERR,ERR,ERR,ERR,ERR,ERR,ERR,ERR,ERR,ERR,ERR,ERR,ERR,ERR,ERR,ERR,ERR,ERR,ERR,ERR,ERR,ERR,ERR,ERR,ERR,ERR,ERR,0.0,-0.0,2.7420187948523476e+23,0.0,-0.0,-2.3405455554313857e+28,0.0,0.0,4300,0,8,17169,4300,0.0,41,0.0,0.0,0.0,0.0,-0.0,0,0,0,0,0.0,0,0,0,0,0,0,0,0,0,0,0,0,0,0,0,0,0,0,0,0,0,0,0,0,0,0,0,0,0,0,0,0,0,8,37,37,45,65476,380,65476,1,0,4,21553,0.0,0.0,0.0,0.0,0.0,0.0,0.0,0.0,0.0,0.0,0.0,0.0,0.0,0.0,0.0,0.0,0.0,0.0,0.0,0.0,0.0,2.004,2.004,-2.004,0.0,0.0,0.0,0.0,0.0,0.0,6607.0,0.0,0.0,0.0,-0.0,0.0,-2.7184505572823923e+23,0.0,0.0,2.004,2.004,228,2.718417410789135e+23,-5.848079055467333e+35,0.0,0.0,0.0,0.0,0.0,0.0,0.0,0,0,0,-3.3990600120855136e+21,-0.0,-0.0,-7.075320566250351e+31,1.1332885101582387e+36,-0.0,5.952954439783039e+30,-0.0,nan,-3.176462035770404e+28,-31.784,112850609635328.0,0.0,0.0,0.0,-0.0,0,1.3516416376850534e+27,228,0.0,456,2.40156025918058e+36,-0.235,2112,52429,17109,0,17112,0,17096,0,0,0,101,100,100,0.0,65.2,2.7302339554914296e+23,65.5,0.0,65.5,1,49,50,180,52429,52429,0,0,0.0,0.0,0.0,60.0,22449254400.0,71.0,0.0,-0.0,0.0,1069,0,1069,0,0,0,1069,0,1080,0,1000,0,655,0,657,0,651,0,677,0.032,1.4536034330083127e+22,0.0,0.0,2960,16814,3.013087920862003e+18,-0.001,0.0,-4644983.5,0.0,-0.0,50.0,60.0,35,0.0,0.0,10.0,2.0,0.0,0.0,0.0,0.0,0.0,0.0,0.0,0.0,0.0,0.0,0.0,0.0,59.2,55,11,65508,27,65476,0,300,0,0,8,20529,65476,0,0,30147,60.0,0.0,10.0,10.0,2.0,0.0
2026-02-16T12:33:04,ERR,ERR,ERR,ERR,ERR,ERR,ERR,ERR,ERR,ERR,ERR,ERR,ERR,ERR,ERR,ERR,ERR,ERR,ERR,ERR,ERR,ERR,ERR,ERR,ERR,ERR,ERR,ERR,ERR,ERR,ERR,ERR,ERR,ERR,ERR,ERR,ERR,ERR,ERR,ERR,ERR,ERR,ERR,ERR,ERR,ERR,ERR,ERR,ERR,ERR,ERR,ERR,ERR,ERR,ERR,ERR,ERR,ERR,ERR,ERR,ERR,ERR,ERR,ERR,ERR,ERR,ERR,ERR,ERR,ERR,ERR,ERR,ERR,ERR,ERR,ERR,ERR,ERR,ERR,ERR,ERR,ERR,ERR,ERR,ERR,ERR,ERR,ERR,ERR,ERR,ERR,ERR,ERR,ERR,ERR,ERR,ERR,ERR,ERR,ERR,ERR,ERR,ERR,ERR,ERR,ERR,ERR,ERR,ERR,ERR,ERR,ERR,ERR,ERR,ERR,ERR,ERR,ERR,ERR,ERR,ERR,ERR,ERR,ERR,ERR,0.0,-0.0,2.7420187948523476e+23,0.0,-0.0,-2.3405455554313857e+28,0.0,0.0,4300,0,8,17169,4300,0.0,41,0.0,0.0,0.0,0.0,-0.0,0,0,0,0,0.0,0,0,0,0,0,0,0,0,0,0,0,0,0,0,0,0,0,0,0,0,0,0,0,0,0,0,0,0,0,0,0,0,0,8,37,37,45,65476,380,65476,1,0,4,21553,0.0,0.0,0.0,0.0,0.0,0.0,0.0,0.0,0.0,0.0,0.0,0.0,0.0,0.0,0.0,0.0,0.0,0.0,0.0,0.0,0.0,2.004,2.004,-2.004,0.0,0.0,0.0,0.0,0.0,0.0,6607.0,0.0,0.0,0.0,-0.0,0.0,-2.7184505572823923e+23,0.0,0.0,2.004,2.004,228,2.718417410789135e+23,-5.848079055467333e+35,0.0,0.0,0.0,0.0,0.0,0.0,0.0,0,0,0,-3.3990600120855136e+21,-0.0,-0.0,-7.075320566250351e+31,1.1332885101582387e+36,-0.0,5.952954439783039e+30,-0.0,nan,-3.176462035770404e+28,-31.784,112850609635328.0,0.0,0.0,0.0,-0.0,0,1.3516416376850534e+27,228,0.0,456,2.40156025918058e+36,-0.235,2114,52429,17109,0,17112,0,17096,0,0,0,101,100,100,0.0,65.2,2.7302339554914296e+23,65.5,0.0,65.5,1,49,50,180,52429,52429,0,0,0.0,0.0,0.0,60.0,5884937345433600.0,71.0,0.0,-0.007,0.0,1069,0,1069,0,0,0,1069,0,1080,0,1000,0,655,0,657,0,652,0,677,0.032,1.4462247353788288e+22,2.004,2.73023467606737e+23,10000,16814,7.351395682642794e+21,-0.007,0.0,-0.0,0.0,-0.0,50.0,60.0,35,0.0,0.0,10.0,2.0,0.0,0.0,0.0,0.0,0.0,0.0,0.0,0.0,0.0,0.0,0.0,0.0,59.2,55,11,65508,27,65476,0,300,0,0,8,20529,65476,0,0,30147,60.0,0.0,10.0,10.0,2.0,0.0
2026-02-16T12:33:05,ERR,ERR,ERR,ERR,ERR,ERR,ERR,ERR,ERR,ERR,ERR,ERR,ERR,ERR,ERR,ERR,ERR,ERR,ERR,ERR,ERR,ERR,ERR,ERR,ERR,ERR,ERR,ERR,ERR,ERR,ERR,ERR,ERR,ERR,ERR,ERR,ERR,ERR,ERR,ERR,ERR,ERR,ERR,ERR,ERR,ERR,ERR,ERR,ERR,ERR,ERR,ERR,ERR,ERR,ERR,ERR,ERR,ERR,ERR,ERR,ERR,ERR,ERR,ERR,ERR,ERR,ERR,ERR,ERR,ERR,ERR,ERR,ERR,ERR,ERR,ERR,ERR,ERR,ERR,ERR,ERR,ERR,ERR,ERR,ERR,ERR,ERR,ERR,ERR,ERR,ERR,ERR,ERR,ERR,ERR,ERR,ERR,ERR,ERR,ERR,ERR,ERR,ERR,ERR,ERR,ERR,ERR,ERR,ERR,ERR,ERR,ERR,ERR,ERR,ERR,ERR,ERR,ERR,ERR,ERR,ERR,ERR,ERR,ERR,ERR,0.0,-0.0,2.7420187948523476e+23,0.0,-0.0,-2.3405455554313857e+28,0.0,0.0,4300,0,8,17169,4300,0.0,41,0.0,0.0,0.0,0.0,-0.0,0,0,0,0,0.0,0,0,0,0,0,0,0,0,0,0,0,0,0,0,0,0,0,0,0,0,0,0,0,0,0,0,0,0,0,0,0,0,0,8,37,37,45,65476,380,65476,1,0,4,21553,0.0,0.0,0.0,0.0,0.0,0.0,0.0,0.0,0.0,0.0,0.0,0.0,0.0,0.0,0.0,0.0,0.0,0.0,0.0,0.0,0.0,2.004,2.004,-2.004,0.0,0.0,0.0,0.0,0.0,0.0,6607.0,0.0,0.0,0.0,-0.0,0.0,-2.7184505572823923e+23,0.0,0.0,2.004,2.004,228,2.718417410789135e+23,-5.848079055467333e+35,0.0,0.0,0.0,0.0,0.0,0.0,0.0,0,0,0,-3.3990600120855136e+21,-0.0,-0.0,-7.075320566250351e+31,1.1332885101582387e+36,-0.0,5.952954439783039e+30,-0.0,nan,-3.176462035770404e+28,-31.784,112850609635328.0,0.0,0.0,0.0,-0.0,0,1.3516416376850534e+27,228,0.0,456,2.40156025918058e+36,-0.235,2114,52429,17109,0,17112,0,17096,0,0,0,101,100,100,0.0,65.2,2.7302339554914296e+23,65.5,0.0,65.5,1,49,50,180,52429,52429,0,0,0.0,0.0,0.0,60.0,5884937345433600.0,71.0,0.0,-0.007,0.0,1069,0,1069,0,0,0,1069,0,1080,0,1000,0,655,0,657,0,652,0,677,0.032,1.4462247353788288e+22,2.004,2.73023467606737e+23,10000,16814,7.351395682642794e+21,-0.007,0.0,-0.0,0.0,-0.0,50.0,60.0,35,0.0,0.0,10.0,2.0,0.0,0.0,0.0,0.0,0.0,0.0,0.0,0.0,0.0,0.0,0.0,0.0,58.8,55,11,65508,27,65476,0,300,0,0,8,20529,65476,0,0,30147,60.0,0.0,10.0,10.0,2.0,0.0
2026-02-16T12:33:06,ERR,ERR,ERR,ERR,ERR,ERR,ERR,ERR,ERR,ERR,ERR,ERR,ERR,ERR,ERR,ERR,ERR,ERR,ERR,ERR,ERR,ERR,ERR,ERR,ERR,ERR,ERR,ERR,ERR,ERR,ERR,ERR,ERR,ERR,ERR,ERR,ERR,ERR,ERR,ERR,ERR,ERR,ERR,ERR,ERR,ERR,ERR,ERR,ERR,ERR,ERR,ERR,ERR,ERR,ERR,ERR,ERR,ERR,ERR,ERR,ERR,ERR,ERR,ERR,ERR,ERR,ERR,ERR,ERR,ERR,ERR,ERR,ERR,ERR,ERR,ERR,ERR,ERR,ERR,ERR,ERR,ERR,ERR,ERR,ERR,ERR,ERR,ERR,ERR,ERR,ERR,ERR,ERR,ERR,ERR,ERR,ERR,ERR,ERR,ERR,ERR,ERR,ERR,ERR,ERR,ERR,ERR,ERR,ERR,ERR,ERR,ERR,ERR,ERR,ERR,ERR,ERR,ERR,ERR,ERR,ERR,ERR,ERR,ERR,ERR,0.0,-0.0,2.7420187948523476e+23,0.0,-0.0,-2.3405455554313857e+28,0.0,0.0,4300,0,8,17169,4300,0.0,41,0.0,0.0,0.0,0.0,-0.0,0,0,0,0,0.0,0,0,0,0,0,0,0,0,0,0,0,0,0,0,0,0,0,0,0,0,0,0,0,0,0,0,0,0,0,0,0,0,0,8,37,37,45,65476,380,65476,1,0,4,21553,0.0,0.0,0.0,0.0,0.0,0.0,0.0,0.0,0.0,0.0,0.0,0.0,0.0,0.0,0.0,0.0,0.0,0.0,0.0,0.0,0.0,2.004,2.004,-2.004,0.0,0.0,0.0,0.0,0.0,0.0,6607.0,0.0,0.0,0.0,-0.0,0.0,-2.7184505572823923e+23,0.0,0.0,2.004,2.004,228,2.718417410789135e+23,-5.848079055467333e+35,0.0,0.0,0.0,0.0,0.0,0.0,0.0,0,0,0,-3.3990600120855136e+21,-0.0,-0.0,-7.075320566250351e+31,1.1332885101582387e+36,-0.0,5.952954439783039e+30,-0.0,nan,-3.176462035770404e+28,-31.784,112850609635328.0,0.0,0.0,0.0,-0.0,0,1.3516416376850534e+27,228,0.0,456,2.40156025918058e+36,-0.235,2114,52429,17109,0,17112,0,17096,0,0,0,101,100,100,0.0,65.2,2.7302339554914296e+23,65.5,0.0,65.5,1,49,50,180,52429,52429,0,0,0.0,0.0,0.0,60.0,5884937345433600.0,71.0,0.0,-0.007,0.0,1069,0,1069,0,0,0,1069,0,1080,0,1000,0,655,0,657,0,652,0,677,0.032,1.4462247353788288e+22,2.004,2.73023467606737e+23,10000,16814,7.351395682642794e+21,-0.007,0.0,-0.0,0.0,-0.0,50.0,60.0,35,0.0,0.0,10.0,2.0,0.0,0.0,0.0,0.0,0.0,0.0,0.0,0.0,0.0,0.0,0.0,0.0,58.8,55,11,65508,27,65476,0,300,0,0,8,20529,65476,0,0,30147,60.0,0.0,10.0,10.0,2.0,0.0
2026-02-16T12:33:07,ERR,ERR,ERR,ERR,ERR,ERR,ERR,ERR,ERR,ERR,ERR,ERR,ERR,ERR,ERR,ERR,ERR,ERR,ERR,ERR,ERR,ERR,ERR,ERR,ERR,ERR,ERR,ERR,ERR,ERR,ERR,ERR,ERR,ERR,ERR,ERR,ERR,ERR,ERR,ERR,ERR,ERR,ERR,ERR,ERR,ERR,ERR,ERR,ERR,ERR,ERR,ERR,ERR,ERR,ERR,ERR,ERR,ERR,ERR,ERR,ERR,ERR,ERR,ERR,ERR,ERR,ERR,ERR,ERR,ERR,ERR,ERR,ERR,ERR,ERR,ERR,ERR,ERR,ERR,ERR,ERR,ERR,ERR,ERR,ERR,ERR,ERR,ERR,ERR,ERR,ERR,ERR,ERR,ERR,ERR,ERR,ERR,ERR,ERR,ERR,ERR,ERR,ERR,ERR,ERR,ERR,ERR,ERR,ERR,ERR,ERR,ERR,ERR,ERR,ERR,ERR,ERR,ERR,ERR,ERR,ERR,ERR,ERR,ERR,ERR,0.0,-0.0,2.7420187948523476e+23,0.0,-0.0,0.0,117389.938,-2.0708362488249063e+34,4300,0,8,17169,4300,0.0,41,0.0,0.0,0.0,0.0,-0.0,0,0,0,0,0.0,0,0,0,0,0,0,0,0,0,0,0,0,0,0,0,0,0,0,0,0,0,0,0,0,0,0,0,0,0,0,0,0,0,7,37,37,44,65476,376,65476,1,0,4,21553,0.0,0.0,0.0,0.0,0.0,0.0,0.0,0.0,0.0,0.0,0.0,0.0,0.0,0.0,0.0,0.0,0.0,0.0,0.0,0.0,0.0,2.004,2.004,-2.004,0.0,0.0,0.0,0.0,0.0,0.0,6607.0,3.697208123857253e+19,0.0,0.0,-0.0,0.0,-2.7184505572823923e+23,0.0,0.0,2.004,2.004,229,89220.562,0.0,0.0,0.0,0.0,0.0,0.0,0.0,0.0,0,0,0,-1.3926096518550389e+19,0.0,-0.0,-0.0,1.6455466525005632e+33,0.0,3871108.25,-0.0,8.590394627665061e+20,-3.362153041663211e+28,-34.569,119997435215872.0,0.0,0.0,0.0,-0.0,0,1.3516416376850534e+27,229,0.0,458,-621855232.0,-2.2165387396652623e+20,2114,52429,17109,0,17112,0,17096,0,0,0,101,100,100,0.0,65.2,2.7302339554914296e+23,65.5,0.0,65.5,1,49,50,180,52429,52429,0,0,0.0,0.0,0.0,60.0,9.227881112859293e+24,71.0,0.0,-1.7502886869564647e+23,0.0,1069,0,1069,0,0,0,1070,0,1080,0,1000,0,655,0,657,0,651,0,677,0.032,1.4536034330083127e+22,2.004,2.73023467606737e+23,12176,16814,9.227881112859293e+24,-1.7502886869564647e+23,75454287446016.0,0.0,5.195530211213653e+19,-3739650.25,50.0,60.0,35,0.0,0.0,10.0,2.0,0.0,0.0,0.0,0.0,0.0,0.0,0.0,0.0,0.0,0.0,0.0,0.0,58.8,55,11,65508,27,65476,0,300,0,0,8,20529,65476,0,0,30147,60.0,0.0,10.0,10.0,2.0,0.0
2026-02-16T12:33:08,ERR,ERR,ERR,ERR,ERR,ERR,ERR,ERR,ERR,ERR,ERR,ERR,ERR,ERR,ERR,ERR,ERR,ERR,ERR,ERR,ERR,ERR,ERR,ERR,ERR,ERR,ERR,ERR,ERR,ERR,ERR,ERR,ERR,ERR,ERR,ERR,ERR,ERR,ERR,ERR,ERR,ERR,ERR,ERR,ERR,ERR,ERR,ERR,ERR,ERR,ERR,ERR,ERR,ERR,ERR,ERR,ERR,ERR,ERR,ERR,ERR,ERR,ERR,ERR,ERR,ERR,ERR,ERR,ERR,ERR,ERR,ERR,ERR,ERR,ERR,ERR,ERR,ERR,ERR,ERR,ERR,ERR,ERR,ERR,ERR,ERR,ERR,ERR,ERR,ERR,ERR,ERR,ERR,ERR,ERR,ERR,ERR,ERR,ERR,ERR,ERR,ERR,ERR,ERR,ERR,ERR,ERR,ERR,ERR,ERR,ERR,ERR,ERR,ERR,ERR,ERR,ERR,ERR,ERR,ERR,ERR,ERR,ERR,ERR,ERR,0.0,-0.0,2.7420187948523476e+23,0.0,-0.0,0.0,117389.938,-2.0708362488249063e+34,4300,0,8,17169,4300,0.0,41,0.0,0.0,0.0,0.0,-0.0,0,0,0,0,0.0,0,0,0,0,0,0,0,0,0,0,0,0,0,0,0,0,0,0,0,0,0,0,0,0,0,0,0,0,0,0,0,0,0,7,37,37,44,65476,376,65476,1,0,4,21553,0.0,0.0,0.0,0.0,0.0,0.0,0.0,0.0,0.0,0.0,0.0,0.0,0.0,0.0,0.0,0.0,0.0,0.0,0.0,0.0,0.0,2.004,2.004,-2.004,0.0,0.0,0.0,0.0,0.0,0.0,6607.0,3.697208123857253e+19,0.0,0.0,-0.0,0.0,-2.7184505572823923e+23,0.0,0.0,2.004,2.004,229,89220.562,0.0,0.0,0.0,0.0,0.0,0.0,0.0,0.0,0,0,0,-1.3926096518550389e+19,0.0,-0.0,-0.0,1.6455466525005632e+33,0.0,3871108.25,-0.0,8.590394627665061e+20,-3.362153041663211e+28,-34.569,119997435215872.0,0.0,0.0,0.0,-0.0,0,1.3516416376850534e+27,229,0.0,458,-621855232.0,-2.2165387396652623e+20,2114,52429,17109,0,17112,0,17096,0,0,0,101,100,100,0.0,65.2,2.7302339554914296e+23,65.5,0.0,65.5,1,49,50,180,52429,52429,0,0,0.0,0.0,0.0,60.0,9.227881112859293e+24,71.0,0.0,-1.7502886869564647e+23,0.0,1069,0,1069,0,0,0,1070,0,1080,0,1000,0,655,0,657,0,651,0,677,0.032,1.4536034330083127e+22,2.004,2.73023467606737e+23,12176,16814,9.227881112859293e+24,-1.7502886869564647e+23,75454287446016.0,0.0,5.195530211213653e+19,-3739650.25,50.0,60.0,35,0.0,0.0,10.0,2.0,0.0,0.0,0.0,0.0,0.0,0.0,0.0,0.0,0.0,0.0,0.0,0.0,58.8,55,11,65508,27,65476,0,300,0,0,8,20529,65476,0,0,30147,60.0,0.0,10.0,10.0,2.0,0.0
2026-02-16T12:33:09,ERR,ERR,ERR,ERR,ERR,ERR,ERR,ERR,ERR,ERR,ERR,ERR,ERR,ERR,ERR,ERR,ERR,ERR,ERR,ERR,ERR,ERR,ERR,ERR,ERR,ERR,ERR,ERR,ERR,ERR,ERR,ERR,ERR,ERR,ERR,ERR,ERR,ERR,ERR,ERR,ERR,ERR,ERR,ERR,ERR,ERR,ERR,ERR,ERR,ERR,ERR,ERR,ERR,ERR,ERR,ERR,ERR,ERR,ERR,ERR,ERR,ERR,ERR,ERR,ERR,ERR,ERR,ERR,ERR,ERR,ERR,ERR,ERR,ERR,ERR,ERR,ERR,ERR,ERR,ERR,ERR,ERR,ERR,ERR,ERR,ERR,ERR,ERR,ERR,ERR,ERR,ERR,ERR,ERR,ERR,ERR,ERR,ERR,ERR,ERR,ERR,ERR,ERR,ERR,ERR,ERR,ERR,ERR,ERR,ERR,ERR,ERR,ERR,ERR,ERR,ERR,ERR,ERR,ERR,ERR,ERR,ERR,ERR,ERR,ERR,0.0,-0.0,2.7420187948523476e+23,0.0,-0.0,0.0,117389.938,-2.0708362488249063e+34,4300,0,8,17169,4300,0.0,41,0.0,0.0,0.0,0.0,-0.0,0,0,0,0,0.0,0,0,0,0,0,0,0,0,0,0,0,0,0,0,0,0,0,0,0,0,0,0,0,0,0,0,0,0,0,0,0,0,0,7,37,37,44,65476,376,65476,1,0,4,21553,0.0,0.0,0.0,0.0,0.0,0.0,0.0,0.0,0.0,0.0,0.0,0.0,0.0,0.0,0.0,0.0,0.0,0.0,0.0,0.0,0.0,2.004,2.004,-2.004,0.0,0.0,0.0,0.0,0.0,0.0,6607.0,3.697208123857253e+19,0.0,0.0,-0.0,0.0,-2.7184505572823923e+23,0.0,0.0,2.004,2.004,229,89220.562,0.0,0.0,0.0,0.0,0.0,0.0,0.0,0.0,0,0,0,-1.3926096518550389e+19,0.0,-0.0,-0.0,1.6455466525005632e+33,0.0,3871108.25,-0.0,8.590394627665061e+20,-3.362153041663211e+28,-34.569,119997435215872.0,0.0,0.0,0.0,-0.0,0,1.3516416376850534e+27,229,0.0,458,-621855232.0,-2.2165387396652623e+20,2114,52429,17109,0,17112,0,17096,0,0,0,101,100,100,0.0,65.2,2.7302339554914296e+23,65.5,0.0,65.5,1,49,50,180,52429,52429,0,0,0.0,0.0,0.0,60.0,9.227881112859293e+24,71.0,0.0,-1.7502886869564647e+23,0.0,1069,0,1069,0,0,0,1070,0,1080,0,1000,0,655,0,657,0,651,0,677,0.032,1.4536034330083127e+22,2.004,2.73023467606737e+23,12176,16814,9.227881112859293e+24,-1.7502886869564647e+23,75454287446016.0,0.0,5.195530211213653e+19,-3739650.25,50.0,60.0,35,0.0,0.0,10.0,2.0,0.0,0.0,0.0,0.0,0.0,0.0,0.0,0.0,0.0,0.0,0.0,0.0,58.8,55,11,65508,27,65476,0,300,0,0,8,20529,65476,0,0,30147,60.0,0.0,10.0,10.0,2.0,0.0
2026-02-16T12:33:10,ERR,ERR,ERR,ERR,ERR,ERR,ERR,ERR,ERR,ERR,ERR,ERR,ERR,ERR,ERR,ERR,ERR,ERR,ERR,ERR,ERR,ERR,ERR,ERR,ERR,ERR,ERR,ERR,ERR,ERR,ERR,ERR,ERR,ERR,ERR,ERR,ERR,ERR,ERR,ERR,ERR,ERR,ERR,ERR,ERR,ERR,ERR,ERR,ERR,ERR,ERR,ERR,ERR,ERR,ERR,ERR,ERR,ERR,ERR,ERR,ERR,ERR,ERR,ERR,ERR,ERR,ERR,ERR,ERR,ERR,ERR,ERR,ERR,ERR,ERR,ERR,ERR,ERR,ERR,ERR,ERR,ERR,ERR,ERR,ERR,ERR,ERR,ERR,ERR,ERR,ERR,ERR,ERR,ERR,ERR,ERR,ERR,ERR,ERR,ERR,ERR,ERR,ERR,ERR,ERR,ERR,ERR,ERR,ERR,ERR,ERR,ERR,ERR,ERR,ERR,ERR,ERR,ERR,ERR,ERR,ERR,ERR,ERR,ERR,ERR,0.0,-0.0,2.7420187948523476e+23,0.0,-0.0,0.0,117389.938,-2.0708362488249063e+34,4300,0,8,17169,4300,0.0,41,0.0,0.0,0.0,0.0,-0.0,0,0,0,0,0.0,0,0,0,0,0,0,0,0,0,0,0,0,0,0,0,0,0,0,0,0,0,0,0,0,0,0,0,0,0,0,0,0,0,7,37,37,44,65476,376,65476,1,0,4,21553,0.0,0.0,0.0,0.0,0.0,0.0,0.0,0.0,0.0,0.0,0.0,0.0,0.0,0.0,0.0,0.0,0.0,0.0,0.0,0.0,0.0,2.004,2.004,-2.004,0.0,0.0,0.0,0.0,0.0,0.0,6607.0,3.697208123857253e+19,0.0,0.0,-0.0,0.0,-2.7184505572823923e+23,0.0,0.0,2.004,2.004,229,89220.562,0.0,0.0,0.0,0.0,0.0,0.0,0.0,0.0,0,0,0,-1.3926096518550389e+19,0.0,-0.0,-0.0,1.6455466525005632e+33,0.0,3871108.25,-0.0,8.590394627665061e+20,-3.362153041663211e+28,-34.569,119997435215872.0,0.0,0.0,0.0,-0.0,0,1.3516416376850534e+27,229,0.0,458,-621855232.0,-2.2165387396652623e+20,2114,52429,17109,0,17112,0,17096,0,0,0,101,100,100,0.0,65.2,2.7302339554914296e+23,65.5,0.0,65.5,1,49,50,180,52429,52429,0,0,0.0,0.0,0.0,60.0,9.227881112859293e+24,71.0,0.0,-1.7502886869564647e+23,0.0,1069,0,1069,0,0,0,1070,0,1080,0,1000,0,655,0,657,0,651,0,677,0.032,1.4536034330083127e+22,2.004,2.73023467606737e+23,12176,16814,9.227881112859293e+24,-1.7502886869564647e+23,75454287446016.0,0.0,5.195530211213653e+19,-3739650.25,50.0,60.0,35,0.0,0.0,10.0,2.0,0.0,0.0,0.0,0.0,0.0,0.0,0.0,0.0,0.0,0.0,0.0,0.0,59.2,55,11,65508,27,65476,0,300,0,0,8,20529,65476,0,0,30147,60.0,0.0,10.0,10.0,2.0,0.0
2026-02-16T12:33:11,ERR,ERR,ERR,ERR,ERR,ERR,ERR,ERR,ERR,ERR,ERR,ERR,ERR,ERR,ERR,ERR,ERR,ERR,ERR,ERR,ERR,ERR,ERR,ERR,ERR,ERR,ERR,ERR,ERR,ERR,ERR,ERR,ERR,ERR,ERR,ERR,ERR,ERR,ERR,ERR,ERR,ERR,ERR,ERR,ERR,ERR,ERR,ERR,ERR,ERR,ERR,ERR,ERR,ERR,ERR,ERR,ERR,ERR,ERR,ERR,ERR,ERR,ERR,ERR,ERR,ERR,ERR,ERR,ERR,ERR,ERR,ERR,ERR,ERR,ERR,ERR,ERR,ERR,ERR,ERR,ERR,ERR,ERR,ERR,ERR,ERR,ERR,ERR,ERR,ERR,ERR,ERR,ERR,ERR,ERR,ERR,ERR,ERR,ERR,ERR,ERR,ERR,ERR,ERR,ERR,ERR,ERR,ERR,ERR,ERR,ERR,ERR,ERR,ERR,ERR,ERR,ERR,ERR,ERR,ERR,ERR,ERR,ERR,ERR,ERR,0.0,-0.0,2.7420187948523476e+23,0.0,-0.0,0.0,117389.938,-2.0708362488249063e+34,4300,0,8,17169,4300,0.0,41,0.0,0.0,0.0,0.0,-0.0,0,0,0,0,0.0,0,0,0,0,0,0,0,0,0,0,0,0,0,0,0,0,0,0,0,0,0,0,0,0,0,0,0,0,0,0,0,0,0,7,37,37,44,65476,376,65476,1,0,4,21553,0.0,0.0,0.0,0.0,0.0,0.0,0.0,0.0,0.0,0.0,0.0,0.0,0.0,0.0,0.0,0.0,0.0,0.0,0.0,0.0,0.0,2.004,2.004,-2.004,0.0,0.0,0.0,0.0,0.0,0.0,6607.0,3.697208123857253e+19,0.0,0.0,-0.0,0.0,-2.7184505572823923e+23,0.0,0.0,2.004,2.004,229,89220.562,0.0,0.0,0.0,0.0,0.0,0.0,0.0,0.0,0,0,0,-1.3926096518550389e+19,0.0,-0.0,-0.0,1.6455466525005632e+33,0.0,3871108.25,-0.0,8.590394627665061e+20,-3.362153041663211e+28,-34.569,119997435215872.0,0.0,0.0,0.0,-0.0,0,1.3516416376850534e+27,229,0.0,458,-621855232.0,-2.2165387396652623e+20,2114,52429,17109,0,17112,0,17096,0,0,0,101,100,100,0.0,65.2,2.7302339554914296e+23,65.5,0.0,65.5,1,49,50,180,52429,52429,0,0,0.0,0.0,0.0,60.0,688311369728.0,71.0,0.0,-5.570202432322509e+19,0.0,1069,0,1069,0,0,0,1069,0,1080,0,1000,0,655,0,657,0,651,0,678,0.032,1.4536034330083127e+22,2.004,2.73023467606737e+23,12176,16814,1691136661913600.0,0.0,6.003321361714963e+23,0.0,1.7486666189329628e+29,-44049222336512.0,50.0,60.0,35,0.0,0.0,10.0,2.0,0.0,0.0,0.0,0.0,0.0,0.0,0.0,0.0,0.0,0.0,0.0,0.0,59.2,55,11,65508,27,65476,0,300,0,0,8,20529,65476,0,0,30147,60.0,0.0,10.0,10.0,2.0,0.0
2026-02-16T12:33:12,ERR,ERR,ERR,ERR,ERR,ERR,ERR,ERR,ERR,ERR,ERR,ERR,ERR,ERR,ERR,ERR,ERR,ERR,ERR,ERR,ERR,ERR,ERR,ERR,ERR,ERR,ERR,ERR,ERR,ERR,ERR,ERR,ERR,ERR,ERR,ERR,ERR,ERR,ERR,ERR,ERR,ERR,ERR,ERR,ERR,ERR,ERR,ERR,ERR,ERR,ERR,ERR,ERR,ERR,ERR,ERR,ERR,ERR,ERR,ERR,ERR,ERR,ERR,ERR,ERR,ERR,ERR,ERR,ERR,ERR,ERR,ERR,ERR,ERR,ERR,ERR,ERR,ERR,ERR,ERR,ERR,ERR,ERR,ERR,ERR,ERR,ERR,ERR,ERR,ERR,ERR,ERR,ERR,ERR,ERR,ERR,ERR,ERR,ERR,ERR,ERR,ERR,ERR,ERR,ERR,ERR,ERR,ERR,ERR,ERR,ERR,ERR,ERR,ERR,ERR,ERR,ERR,ERR,ERR,ERR,ERR,ERR,ERR,ERR,ERR,0.0,-0.0,2.7420187948523476e+23,0.0,-0.0,0.0,117389.938,-2.0708362488249063e+34,4300,0,8,17169,4300,0.0,41,0.0,0.0,0.0,0.0,-0.0,0,0,0,0,0.0,0,0,0,0,0,0,0,0,0,0,0,0,0,0,0,0,0,0,0,0,0,0,0,0,0,0,0,0,0,0,0,0,0,7,37,37,44,65476,376,65476,1,0,4,21553,0.0,0.0,0.0,0.0,0.0,0.0,0.0,0.0,0.0,0.0,0.0,0.0,0.0,0.0,0.0,0.0,0.0,0.0,0.0,0.0,0.0,2.004,2.004,-2.004,0.0,0.0,0.0,0.0,0.0,0.0,6607.0,3.697208123857253e+19,0.0,0.0,-0.0,0.0,-2.7184505572823923e+23,0.0,0.0,2.004,2.004,229,89220.562,0.0,0.0,0.0,0.0,0.0,0.0,0.0,0.0,0,0,0,-1.3926096518550389e+19,0.0,-0.0,-0.0,1.6455466525005632e+33,0.0,3871108.25,-0.0,8.590394627665061e+20,-3.362153041663211e+28,-34.569,119997435215872.0,0.0,0.0,0.0,-0.0,0,1.3516416376850534e+27,229,0.0,458,-621855232.0,-2.2165387396652623e+20,2114,52429,17109,0,17112,0,17096,0,0,0,101,100,100,0.0,65.2,2.7302339554914296e+23,65.5,0.0,65.5,1,49,50,180,52429,52429,0,0,0.0,0.0,0.0,60.0,688311369728.0,71.0,0.0,-5.570202432322509e+19,0.0,1069,0,1069,0,0,0,1069,0,1080,0,1000,0,655,0,657,0,651,0,678,0.032,1.4536034330083127e+22,2.004,2.73023467606737e+23,12176,16814,1691136661913600.0,0.0,6.003321361714963e+23,0.0,1.7486666189329628e+29,-44049222336512.0,50.0,60.0,35,0.0,0.0,10.0,2.0,0.0,0.0,0.0,0.0,0.0,0.0,0.0,0.0,0.0,0.0,0.0,0.0,58.8,55,11,65508,27,65476,0,300,0,0,8,20529,65476,0,0,30147,60.0,0.0,10.0,10.0,2.0,0.0
2026-02-16T12:33:13,ERR,ERR,ERR,ERR,ERR,ERR,ERR,ERR,ERR,ERR,ERR,ERR,ERR,ERR,ERR,ERR,ERR,ERR,ERR,ERR,ERR,ERR,ERR,ERR,ERR,ERR,ERR,ERR,ERR,ERR,ERR,ERR,ERR,ERR,ERR,ERR,ERR,ERR,ERR,ERR,ERR,ERR,ERR,ERR,ERR,ERR,ERR,ERR,ERR,ERR,ERR,ERR,ERR,ERR,ERR,ERR,ERR,ERR,ERR,ERR,ERR,ERR,ERR,ERR,ERR,ERR,ERR,ERR,ERR,ERR,ERR,ERR,ERR,ERR,ERR,ERR,ERR,ERR,ERR,ERR,ERR,ERR,ERR,ERR,ERR,ERR,ERR,ERR,ERR,ERR,ERR,ERR,ERR,ERR,ERR,ERR,ERR,ERR,ERR,ERR,ERR,ERR,ERR,ERR,ERR,ERR,ERR,ERR,ERR,ERR,ERR,ERR,ERR,ERR,ERR,ERR,ERR,ERR,ERR,ERR,ERR,ERR,ERR,ERR,ERR,0.0,-0.0,2.7420187948523476e+23,0.0,-0.0,-5.365007888982999e+17,0.0,0.0,4300,0,8,17169,4300,0.0,41,0.0,0.0,0.0,0.0,2.7184166902131945e+23,0,0,0,0,0.0,0,0,0,0,0,0,0,0,0,0,0,0,0,0,0,0,0,0,0,0,0,0,0,0,0,0,0,0,0,0,0,0,0,7,37,37,44,65476,374,65476,1,0,4,21553,0.0,2.7183305813883192e+23,0.0,0.0,0.0,0.0,0.0,0.0,0.0,0.0,0.0,0.0,0.0,0.0,0.0,0.0,0.0,0.0,0.0,0.0,0.0,2.004,2.004,-2.004,0.0,0.0,0.0,0.0,0.0,0.0,6613.0,-0.0,0.0,0.0,-0.0,0.0,-107616256.0,0.0,0.0,2.004,2.004,228,-0.0,0.0,0.0,0.0,0.0,0.0,0.0,0.0,0.0,0,0,0,-20033796096.0,-3.0667973865712125e+35,2.382819667648974e+38,-1.128066661195086e+36,108996472078336.0,0.0,0.0,0.0,0.0,-3.5633182980470852e+28,-38.069,127694016610304.0,0.0,0.0,0.0,-0.0,0,1.3516416376850534e+27,228,0.0,456,-621855232.0,-2.2165387396652623e+20,2114,52429,17109,0,17112,0,17096,0,0,0,101,100,100,0.0,65.2,2.7302339554914296e+23,65.5,0.0,65.5,1,49,50,180,52429,52429,0,0,0.0,0.0,0.0,60.0,688311369728.0,71.0,0.0,-5.570202432322509e+19,0.0,1069,0,1069,0,0,0,1069,0,1080,0,1000,0,655,0,657,0,651,0,678,0.032,1.4536034330083127e+22,2.004,2.73023467606737e+23,12176,16814,1691136661913600.0,0.0,6.003321361714963e+23,0.0,1.7486666189329628e+29,-44049222336512.0,50.0,60.0,35,0.0,0.0,10.0,2.0,0.0,0.0,0.0,0.0,0.0,0.0,0.0,0.0,0.0,0.0,0.0,0.0,58.8,55,11,65508,27,65476,0,300,0,0,8,20529,65476,0,0,30147,60.0,0.0,10.0,10.0,2.0,0.0
2026-02-16T12:33:14,ERR,ERR,ERR,ERR,ERR,ERR,ERR,ERR,ERR,ERR,ERR,ERR,ERR,ERR,ERR,ERR,ERR,ERR,ERR,ERR,ERR,ERR,ERR,ERR,ERR,ERR,ERR,ERR,ERR,ERR,ERR,ERR,ERR,ERR,ERR,ERR,ERR,ERR,ERR,ERR,ERR,ERR,ERR,ERR,ERR,ERR,ERR,ERR,ERR,ERR,ERR,ERR,ERR,ERR,ERR,ERR,ERR,ERR,ERR,ERR,ERR,ERR,ERR,ERR,ERR,ERR,ERR,ERR,ERR,ERR,ERR,ERR,ERR,ERR,ERR,ERR,ERR,ERR,ERR,ERR,ERR,ERR,ERR,ERR,ERR,ERR,ERR,ERR,ERR,ERR,ERR,ERR,ERR,ERR,ERR,ERR,ERR,ERR,ERR,ERR,ERR,ERR,ERR,ERR,ERR,ERR,ERR,ERR,ERR,ERR,ERR,ERR,ERR,ERR,ERR,ERR,ERR,ERR,ERR,ERR,ERR,ERR,ERR,ERR,ERR,0.0,-0.0,2.7420187948523476e+23,0.0,-0.0,-5.365007888982999e+17,0.0,0.0,4300,0,8,17169,4300,0.0,41,0.0,0.0,0.0,0.0,2.7184166902131945e+23,0,0,0,0,0.0,0,0,0,0,0,0,0,0,0,0,0,0,0,0,0,0,0,0,0,0,0,0,0,0,0,0,0,0,0,0,0,0,0,7,37,37,44,65476,374,65476,1,0,4,21553,0.0,2.7183305813883192e+23,0.0,0.0,0.0,0.0,0.0,0.0,0.0,0.0,0.0,0.0,0.0,0.0,0.0,0.0,0.0,0.0,0.0,0.0,0.0,2.004,2.004,-2.004,0.0,0.0,0.0,0.0,0.0,0.0,6613.0,-0.0,0.0,0.0,-0.0,0.0,-107616256.0,0.0,0.0,2.004,2.004,228,-0.0,0.0,0.0,0.0,0.0,0.0,0.0,0.0,0.0,0,0,0,-20033796096.0,-3.0667973865712125e+35,2.382819667648974e+38,-1.128066661195086e+36,108996472078336.0,0.0,0.0,0.0,0.0,-3.5633182980470852e+28,-38.069,127694016610304.0,0.0,0.0,0.0,-0.0,0,1.3516416376850534e+27,228,0.0,456,-621855232.0,-2.2165387396652623e+20,2114,52429,17109,0,17112,0,17096,0,0,0,101,100,100,0.0,65.2,2.7302339554914296e+23,65.5,0.0,65.5,1,49,50,180,52429,52429,0,0,0.0,0.0,0.0,60.0,2.179209431561611e+26,71.0,0.0,-0.0,0.0,1069,0,1069,0,0,0,1069,0,1080,0,1000,0,655,0,657,0,651,0,677,0.032,1.4609821306377965e+22,-0.0,-0.0,8080,16814,1.2702253099925537e+30,0.001,-0.0,45548472.0,-637.025,0.0,50.0,60.0,35,0.0,0.0,10.0,2.0,0.0,0.0,0.0,0.0,0.0,0.0,0.0,0.0,0.0,0.0,0.0,0.0,58.8,55,11,65508,27,65476,0,300,0,0,8,20529,65476,0,0,30147,60.0,0.0,10.0,10.0,2.0,0.0
2026-02-16T12:33:15,ERR,ERR,ERR,ERR,ERR,ERR,ERR,ERR,ERR,ERR,ERR,ERR,ERR,ERR,ERR,ERR,ERR,ERR,ERR,ERR,ERR,ERR,ERR,ERR,ERR,ERR,ERR,ERR,ERR,ERR,ERR,ERR,ERR,ERR,ERR,ERR,ERR,ERR,ERR,ERR,ERR,ERR,ERR,ERR,ERR,ERR,ERR,ERR,ERR,ERR,ERR,ERR,ERR,ERR,ERR,ERR,ERR,ERR,ERR,ERR,ERR,ERR,ERR,ERR,ERR,ERR,ERR,ERR,ERR,ERR,ERR,ERR,ERR,ERR,ERR,ERR,ERR,ERR,ERR,ERR,ERR,ERR,ERR,ERR,ERR,ERR,ERR,ERR,ERR,ERR,ERR,ERR,ERR,ERR,ERR,ERR,ERR,ERR,ERR,ERR,ERR,ERR,ERR,ERR,ERR,ERR,ERR,ERR,ERR,ERR,ERR,ERR,ERR,ERR,ERR,ERR,ERR,ERR,ERR,ERR,ERR,ERR,ERR,ERR,ERR,0.0,-0.0,2.7420187948523476e+23,0.0,-0.0,-5.365007888982999e+17,0.0,0.0,4300,0,8,17169,4300,0.0,41,0.0,0.0,0.0,0.0,2.7184166902131945e+23,0,0,0,0,0.0,0,0,0,0,0,0,0,0,0,0,0,0,0,0,0,0,0,0,0,0,0,0,0,0,0,0,0,0,0,0,0,0,0,7,37,37,44,65476,374,65476,1,0,4,21553,0.0,2.7183305813883192e+23,0.0,0.0,0.0,0.0,0.0,0.0,0.0,0.0,0.0,0.0,0.0,0.0,0.0,0.0,0.0,0.0,0.0,0.0,0.0,2.004,2.004,-2.004,0.0,0.0,0.0,0.0,0.0,0.0,6613.0,-0.0,0.0,0.0,-0.0,0.0,-107616256.0,0.0,0.0,2.004,2.004,228,-0.0,0.0,0.0,0.0,0.0,0.0,0.0,0.0,0.0,0,0,0,-20033796096.0,-3.0667973865712125e+35,2.382819667648974e+38,-1.128066661195086e+36,108996472078336.0,0.0,0.0,0.0,0.0,-3.5633182980470852e+28,-38.069,127694016610304.0,0.0,0.0,0.0,-0.0,0,1.3516416376850534e+27,228,0.0,456,-621855232.0,-2.2165387396652623e+20,2114,52429,17109,0,17112,0,17096,0,0,0,101,100,100,0.0,65.2,2.7302339554914296e+23,65.5,0.0,65.5,1,49,50,180,52429,52429,0,0,0.0,0.0,0.0,60.0,2.179209431561611e+26,71.0,0.0,-0.0,0.0,1069,0,1069,0,0,0,1069,0,1080,0,1000,0,655,0,657,0,651,0,677,0.032,1.4609821306377965e+22,-0.0,-0.0,8080,16814,1.2702253099925537e+30,0.001,-0.0,45548472.0,-637.025,0.0,50.0,60.0,35,0.0,0.0,10.0,2.0,0.0,0.0,0.0,0.0,0.0,0.0,0.0,0.0,0.0,0.0,0.0,0.0,58.8,55,11,65508,27,65476,0,300,0,0,8,20529,65476,0,0,30147,60.0,0.0,10.0,10.0,2.0,0.0
2026-02-16T12:33:16,ERR,ERR,ERR,ERR,ERR,ERR,ERR,ERR,ERR,ERR,ERR,ERR,ERR,ERR,ERR,ERR,ERR,ERR,ERR,ERR,ERR,ERR,ERR,ERR,ERR,ERR,ERR,ERR,ERR,ERR,ERR,ERR,ERR,ERR,ERR,ERR,ERR,ERR,ERR,ERR,ERR,ERR,ERR,ERR,ERR,ERR,ERR,ERR,ERR,ERR,ERR,ERR,ERR,ERR,ERR,ERR,ERR,ERR,ERR,ERR,ERR,ERR,ERR,ERR,ERR,ERR,ERR,ERR,ERR,ERR,ERR,ERR,ERR,ERR,ERR,ERR,ERR,ERR,ERR,ERR,ERR,ERR,ERR,ERR,ERR,ERR,ERR,ERR,ERR,ERR,ERR,ERR,ERR,ERR,ERR,ERR,ERR,ERR,ERR,ERR,ERR,ERR,ERR,ERR,ERR,ERR,ERR,ERR,ERR,ERR,ERR,ERR,ERR,ERR,ERR,ERR,ERR,ERR,ERR,ERR,ERR,ERR,ERR,ERR,ERR,0.0,-0.0,2.7420187948523476e+23,0.0,-0.0,-5.365007888982999e+17,0.0,0.0,4300,0,8,17169,4300,0.0,41,0.0,0.0,0.0,0.0,2.7184166902131945e+23,0,0,0,0,0.0,0,0,0,0,0,0,0,0,0,0,0,0,0,0,0,0,0,0,0,0,0,0,0,0,0,0,0,0,0,0,0,0,0,7,37,37,44,65476,374,65476,1,0,4,21553,0.0,2.7183305813883192e+23,0.0,0.0,0.0,0.0,0.0,0.0,0.0,0.0,0.0,0.0,0.0,0.0,0.0,0.0,0.0,0.0,0.0,0.0,0.0,2.004,2.004,-2.004,0.0,0.0,0.0,0.0,0.0,0.0,6613.0,-0.0,0.0,0.0,-0.0,0.0,-107616256.0,0.0,0.0,2.004,2.004,228,-0.0,0.0,0.0,0.0,0.0,0.0,0.0,0.0,0.0,0,0,0,-20033796096.0,-3.0667973865712125e+35,2.382819667648974e+38,-1.128066661195086e+36,108996472078336.0,0.0,0.0,0.0,0.0,-3.5633182980470852e+28,-38.069,127694016610304.0,0.0,0.0,0.0,-0.0,0,1.3516416376850534e+27,228,0.0,456,-621855232.0,-2.2165387396652623e+20,2114,52429,17109,0,17112,0,17096,0,0,0,101,100,100,0.0,65.2,2.7302339554914296e+23,65.5,0.0,65.5,1,49,50,180,52429,52429,0,0,0.0,0.0,0.0,60.0,2.179209431561611e+26,71.0,0.0,-0.0,0.0,1069,0,1069,0,0,0,1069,0,1080,0,1000,0,655,0,657,0,651,0,677,0.032,1.4609821306377965e+22,-0.0,-0.0,8080,16814,1.2702253099925537e+30,0.001,-0.0,45548472.0,-637.025,0.0,50.0,60.0,35,0.0,0.0,10.0,2.0,0.0,0.0,0.0,0.0,0.0,0.0,0.0,0.0,0.0,0.0,0.0,0.0,58.8,55,11,65508,27,65476,0,300,0,0,8,20529,65476,0,0,30147,60.0,0.0,10.0,10.0,2.0,0.0
2026-02-16T12:33:17,ERR,ERR,ERR,ERR,ERR,ERR,ERR,ERR,ERR,ERR,ERR,ERR,ERR,ERR,ERR,ERR,ERR,ERR,ERR,ERR,ERR,ERR,ERR,ERR,ERR,ERR,ERR,ERR,ERR,ERR,ERR,ERR,ERR,ERR,ERR,ERR,ERR,ERR,ERR,ERR,ERR,ERR,ERR,ERR,ERR,ERR,ERR,ERR,ERR,ERR,ERR,ERR,ERR,ERR,ERR,ERR,ERR,ERR,ERR,ERR,ERR,ERR,ERR,ERR,ERR,ERR,ERR,ERR,ERR,ERR,ERR,ERR,ERR,ERR,ERR,ERR,ERR,ERR,ERR,ERR,ERR,ERR,ERR,ERR,ERR,ERR,ERR,ERR,ERR,ERR,ERR,ERR,ERR,ERR,ERR,ERR,ERR,ERR,ERR,ERR,ERR,ERR,ERR,ERR,ERR,ERR,ERR,ERR,ERR,ERR,ERR,ERR,ERR,ERR,ERR,ERR,ERR,ERR,ERR,ERR,ERR,ERR,ERR,ERR,ERR,0.0,-0.0,2.7420187948523476e+23,0.0,-0.0,-0.0,1.6434389274707188e+38,1.2890068604051657e+29,4300,0,8,17169,4300,0.0,41,0.0,0.0,0.0,0.0,2.7184166902131945e+23,0,0,0,0,0.0,0,0,0,0,0,0,0,0,0,0,0,0,0,0,0,0,0,0,0,0,0,0,0,0,0,0,0,0,0,0,0,0,0,7,37,37,44,65476,371,65476,1,0,4,21553,0.0,2.7183305813883192e+23,0.0,0.0,0.0,0.0,0.0,0.0,0.0,0.0,0.0,0.0,0.0,0.0,0.0,0.0,0.0,0.0,0.0,0.0,0.0,2.004,2.004,-2.004,0.0,0.0,0.0,0.0,0.0,0.0,6614.0,-2.004,0.0,0.0,-0.0,0.0,-2.7184505572823923e+23,0.0,0.0,2.004,2.004,228,-0.0,126841028608.0,0.0,0.0,0.0,0.0,0.0,0.0,0.0,0,0,0,-6537401073664.0,0.0,-0.0,-2166910.75,7.386739489095918e+35,4.849694221859501e+19,230973712.0,3.480297043126658e+32,479478317056.0,-3.7799578049220268e+28,-41.069,134291086376960.0,0.0,0.0,0.0,-0.0,0,1.3516416376850534e+27,228,0.0,456,0.0,-0.0,2114,52429,17109,0,17112,0,17096,0,0,0,101,100,100,0.0,65.2,2.7302339554914296e+23,65.5,0.0,65.5,1,49,50,180,52429,52429,0,0,0.0,0.0,0.0,60.0,2.179209431561611e+26,71.0,0.0,-0.0,0.0,1069,0,1069,0,0,0,1069,0,1080,0,1000,0,655,0,657,0,651,0,677,0.032,1.4609821306377965e+22,-0.0,-0.0,8080,16814,1.2702253099925537e+30,0.001,-0.0,45548472.0,-637.025,0.0,50.0,60.0,35,0.0,0.0,10.0,2.0,0.0,0.0,0.0,0.0,0.0,0.0,0.0,0.0,0.0,0.0,0.0,0.0,58.8,55,11,65508,27,65476,0,300,0,0,8,20529,65476,0,0,30147,60.0,0.0,10.0,10.0,2.0,0.0
2026-02-16T12:33:18,ERR,ERR,ERR,ERR,ERR,ERR,ERR,ERR,ERR,ERR,ERR,ERR,ERR,ERR,ERR,ERR,ERR,ERR,ERR,ERR,ERR,ERR,ERR,ERR,ERR,ERR,ERR,ERR,ERR,ERR,ERR,ERR,ERR,ERR,ERR,ERR,ERR,ERR,ERR,ERR,ERR,ERR,ERR,ERR,ERR,ERR,ERR,ERR,ERR,ERR,ERR,ERR,ERR,ERR,ERR,ERR,ERR,ERR,ERR,ERR,ERR,ERR,ERR,ERR,ERR,ERR,ERR,ERR,ERR,ERR,ERR,ERR,ERR,ERR,ERR,ERR,ERR,ERR,ERR,ERR,ERR,ERR,ERR,ERR,ERR,ERR,ERR,ERR,ERR,ERR,ERR,ERR,ERR,ERR,ERR,ERR,ERR,ERR,ERR,ERR,ERR,ERR,ERR,ERR,ERR,ERR,ERR,ERR,ERR,ERR,ERR,ERR,ERR,ERR,ERR,ERR,ERR,ERR,ERR,ERR,ERR,ERR,ERR,ERR,ERR,0.0,-0.0,2.7420187948523476e+23,0.0,-0.0,-0.0,1.6434389274707188e+38,1.2890068604051657e+29,4300,0,8,17169,4300,0.0,41,0.0,0.0,0.0,0.0,2.7184166902131945e+23,0,0,0,0,0.0,0,0,0,0,0,0,0,0,0,0,0,0,0,0,0,0,0,0,0,0,0,0,0,0,0,0,0,0,0,0,0,0,0,7,37,37,44,65476,371,65476,1,0,4,21553,0.0,2.7183305813883192e+23,0.0,0.0,0.0,0.0,0.0,0.0,0.0,0.0,0.0,0.0,0.0,0.0,0.0,0.0,0.0,0.0,0.0,0.0,0.0,2.004,2.004,-2.004,0.0,0.0,0.0,0.0,0.0,0.0,6614.0,-2.004,0.0,0.0,-0.0,0.0,-2.7184505572823923e+23,0.0,0.0,2.004,2.004,228,-0.0,126841028608.0,0.0,0.0,0.0,0.0,0.0,0.0,0.0,0,0,0,-6537401073664.0,0.0,-0.0,-2166910.75,7.386739489095918e+35,4.849694221859501e+19,230973712.0,3.480297043126658e+32,479478317056.0,-3.7799578049220268e+28,-41.069,134291086376960.0,0.0,0.0,0.0,-0.0,0,1.3516416376850534e+27,228,0.0,456,0.0,-0.0,2114,52429,17109,0,17112,0,17096,0,0,0,101,100,100,0.0,65.2,2.7302339554914296e+23,65.5,0.0,65.5,1,49,50,180,52429,52429,0,0,0.0,0.0,0.0,60.0,2.845594358004467e+21,71.0,0.0,-1.9664999298110662e+22,0.0,1069,0,1069,0,0,0,1069,0,1080,0,1000,0,655,0,657,0,651,0,678,0.032,1.4536034330083127e+22,2.004,2.73023467606737e+23,16272,16814,1.374356067345269e+22,-0.008,0.0,-0.0,0.0,-0.0,50.0,60.0,35,0.0,0.0,10.0,2.0,0.0,0.0,0.0,0.0,0.0,0.0,0.0,0.0,0.0,0.0,0.0,0.0,58.8,55,11,65508,27,65476,0,300,0,0,8,20529,65476,0,0,30147,60.0,0.0,10.0,10.0,2.0,0.0
2026-02-16T12:33:19,ERR,ERR,ERR,ERR,ERR,ERR,ERR,ERR,ERR,ERR,ERR,ERR,ERR,ERR,ERR,ERR,ERR,ERR,ERR,ERR,ERR,ERR,ERR,ERR,ERR,ERR,ERR,ERR,ERR,ERR,ERR,ERR,ERR,ERR,ERR,ERR,ERR,ERR,ERR,ERR,ERR,ERR,ERR,ERR,ERR,ERR,ERR,ERR,ERR,ERR,ERR,ERR,ERR,ERR,ERR,ERR,ERR,ERR,ERR,ERR,ERR,ERR,ERR,ERR,ERR,ERR,ERR,ERR,ERR,ERR,ERR,ERR,ERR,ERR,ERR,ERR,ERR,ERR,ERR,ERR,ERR,ERR,ERR,ERR,ERR,ERR,ERR,ERR,ERR,ERR,ERR,ERR,ERR,ERR,ERR,ERR,ERR,ERR,ERR,ERR,ERR,ERR,ERR,ERR,ERR,ERR,ERR,ERR,ERR,ERR,ERR,ERR,ERR,ERR,ERR,ERR,ERR,ERR,ERR,ERR,ERR,ERR,ERR,ERR,ERR,0.0,-0.0,2.7420187948523476e+23,0.0,-0.0,-0.0,1.6434389274707188e+38,1.2890068604051657e+29,4300,0,8,17169,4300,0.0,41,0.0,0.0,0.0,0.0,2.7184166902131945e+23,0,0,0,0,0.0,0,0,0,0,0,0,0,0,0,0,0,0,0,0,0,0,0,0,0,0,0,0,0,0,0,0,0,0,0,0,0,0,0,7,37,37,44,65476,371,65476,1,0,4,21553,0.0,2.7183305813883192e+23,0.0,0.0,0.0,0.0,0.0,0.0,0.0,0.0,0.0,0.0,0.0,0.0,0.0,0.0,0.0,0.0,0.0,0.0,0.0,2.004,2.004,-2.004,0.0,0.0,0.0,0.0,0.0,0.0,6614.0,-2.004,0.0,0.0,-0.0,0.0,-2.7184505572823923e+23,0.0,0.0,2.004,2.004,228,-0.0,126841028608.0,0.0,0.0,0.0,0.0,0.0,0.0,0.0,0,0,0,-6537401073664.0,0.0,-0.0,-2166910.75,7.386739489095918e+35,4.849694221859501e+19,230973712.0,3.480297043126658e+32,479478317056.0,-3.7799578049220268e+28,-41.069,134291086376960.0,0.0,0.0,0.0,-0.0,0,1.3516416376850534e+27,228,0.0,456,0.0,-0.0,2114,52429,17109,0,17112,0,17096,0,0,0,101,100,100,0.0,65.2,2.7302339554914296e+23,65.5,0.0,65.5,1,49,50,180,52429,52429,0,0,0.0,0.0,0.0,60.0,2.845594358004467e+21,71.0,0.0,-1.9664999298110662e+22,0.0,1069,0,1069,0,0,0,1069,0,1080,0,1000,0,655,0,657,0,651,0,678,0.032,1.4536034330083127e+22,2.004,2.73023467606737e+23,16272,16814,1.374356067345269e+22,-0.008,0.0,-0.0,0.0,-0.0,50.0,60.0,35,0.0,0.0,10.0,2.0,0.0,0.0,0.0,0.0,0.0,0.0,0.0,0.0,0.0,0.0,0.0,0.0,58.8,55,11,65508,27,65476,0,300,0,0,8,20529,65476,0,0,30147,60.0,0.0,10.0,10.0,2.0,0.0
2026-02-16T12:33:20,ERR,ERR,ERR,ERR,ERR,ERR,ERR,ERR,ERR,ERR,ERR,ERR,ERR,ERR,ERR,ERR,ERR,ERR,ERR,ERR,ERR,ERR,ERR,ERR,ERR,ERR,ERR,ERR,ERR,ERR,ERR,ERR,ERR,ERR,ERR,ERR,ERR,ERR,ERR,ERR,ERR,ERR,ERR,ERR,ERR,ERR,ERR,ERR,ERR,ERR,ERR,ERR,ERR,ERR,ERR,ERR,ERR,ERR,ERR,ERR,ERR,ERR,ERR,ERR,ERR,ERR,ERR,ERR,ERR,ERR,ERR,ERR,ERR,ERR,ERR,ERR,ERR,ERR,ERR,ERR,ERR,ERR,ERR,ERR,ERR,ERR,ERR,ERR,ERR,ERR,ERR,ERR,ERR,ERR,ERR,ERR,ERR,ERR,ERR,ERR,ERR,ERR,ERR,ERR,ERR,ERR,ERR,ERR,ERR,ERR,ERR,ERR,ERR,ERR,ERR,ERR,ERR,ERR,ERR,ERR,ERR,ERR,ERR,ERR,ERR,0.0,-0.0,2.7420187948523476e+23,0.0,-0.0,-0.0,1.6434389274707188e+38,1.2890068604051657e+29,4300,0,8,17169,4300,0.0,41,0.0,0.0,0.0,0.0,2.7184166902131945e+23,0,0,0,0,0.0,0,0,0,0,0,0,0,0,0,0,0,0,0,0,0,0,0,0,0,0,0,0,0,0,0,0,0,0,0,0,0,0,0,7,37,37,44,65476,371,65476,1,0,4,21553,0.0,2.7183305813883192e+23,0.0,0.0,0.0,0.0,0.0,0.0,0.0,0.0,0.0,0.0,0.0,0.0,0.0,0.0,0.0,0.0,0.0,0.0,0.0,2.004,2.004,-2.004,0.0,0.0,0.0,0.0,0.0,0.0,6614.0,-2.004,0.0,0.0,-0.0,0.0,-2.7184505572823923e+23,0.0,0.0,2.004,2.004,228,-0.0,126841028608.0,0.0,0.0,0.0,0.0,0.0,0.0,0.0,0,0,0,-6537401073664.0,0.0,-0.0,-2166910.75,7.386739489095918e+35,4.849694221859501e+19,230973712.0,3.480297043126658e+32,479478317056.0,-3.7799578049220268e+28,-41.069,134291086376960.0,0.0,0.0,0.0,-0.0,0,1.3516416376850534e+27,228,0.0,456,0.0,-0.0,2114,52429,17109,0,17112,0,17096,0,0,0,101,100,100,0.0,65.2,2.7302339554914296e+23,65.5,0.0,65.5,1,49,50,180,52429,52429,0,0,0.0,0.0,0.0,60.0,2.845594358004467e+21,71.0,0.0,-1.9664999298110662e+22,0.0,1069,0,1069,0,0,0,1069,0,1080,0,1000,0,655,0,657,0,651,0,678,0.032,1.4536034330083127e+22,2.004,2.73023467606737e+23,16272,16814,1.374356067345269e+22,-0.008,0.0,-0.0,0.0,-0.0,50.0,60.0,35,0.0,0.0,10.0,2.0,0.0,0.0,0.0,0.0,0.0,0.0,0.0,0.0,0.0,0.0,0.0,0.0,58.8,54,11,65508,27,65476,0,300,0,0,8,20529,65476,0,0,30147,60.0,0.0,10.0,10.0,2.0,0.0
2026-02-16T12:33:21,ERR,ERR,ERR,ERR,ERR,ERR,ERR,ERR,ERR,ERR,ERR,ERR,ERR,ERR,ERR,ERR,ERR,ERR,ERR,ERR,ERR,ERR,ERR,ERR,ERR,ERR,ERR,ERR,ERR,ERR,ERR,ERR,ERR,ERR,ERR,ERR,ERR,ERR,ERR,ERR,ERR,ERR,ERR,ERR,ERR,ERR,ERR,ERR,ERR,ERR,ERR,ERR,ERR,ERR,ERR,ERR,ERR,ERR,ERR,ERR,ERR,ERR,ERR,ERR,ERR,ERR,ERR,ERR,ERR,ERR,ERR,ERR,ERR,ERR,ERR,ERR,ERR,ERR,ERR,ERR,ERR,ERR,ERR,ERR,ERR,ERR,ERR,ERR,ERR,ERR,ERR,ERR,ERR,ERR,ERR,ERR,ERR,ERR,ERR,ERR,ERR,ERR,ERR,ERR,ERR,ERR,ERR,ERR,ERR,ERR,ERR,ERR,ERR,ERR,ERR,ERR,ERR,ERR,ERR,ERR,ERR,ERR,ERR,ERR,ERR,0.0,-0.0,2.7420187948523476e+23,0.0,-0.0,-0.0,1.6434389274707188e+38,1.2890068604051657e+29,4300,0,8,17169,4300,0.0,41,0.0,0.0,0.0,0.0,2.7184166902131945e+23,0,0,0,0,0.0,0,0,0,0,0,0,0,0,0,0,0,0,0,0,0,0,0,0,0,0,0,0,0,0,0,0,0,0,0,0,0,0,0,7,37,37,44,65476,371,65476,1,0,4,21553,0.0,2.7183305813883192e+23,0.0,0.0,0.0,0.0,0.0,0.0,0.0,0.0,0.0,0.0,0.0,0.0,0.0,0.0,0.0,0.0,0.0,0.0,0.0,2.004,2.004,-2.004,0.0,0.0,0.0,0.0,0.0,0.0,6614.0,-2.004,0.0,0.0,-0.0,0.0,-2.7184505572823923e+23,0.0,0.0,2.004,2.004,228,-0.0,126841028608.0,0.0,0.0,0.0,0.0,0.0,0.0,0.0,0,0,0,-6537401073664.0,0.0,-0.0,-2166910.75,7.386739489095918e+35,4.849694221859501e+19,230973712.0,3.480297043126658e+32,479478317056.0,-3.7799578049220268e+28,-41.069,134291086376960.0,0.0,0.0,0.0,-0.0,0,1.3516416376850534e+27,228,0.0,456,0.0,-0.0,2114,52429,17109,0,17112,0,17096,0,0,0,101,100,100,0.0,65.2,2.7302339554914296e+23,65.5,0.0,65.5,1,49,50,180,52429,52429,0,0,0.0,0.0,0.0,60.0,2.8043349009104896e+16,71.0,0.0,-0.0,0.0,1069,0,1069,0,0,0,1069,0,1080,0,1000,0,655,0,657,0,652,0,677,0.032,1.4536034330083127e+22,2.004,2.73023467606737e+23,14736,16814,2.8043349009104896e+16,-0.0,0.0,-9.795490193217507e+21,0.0,-0.0,50.0,60.0,35,0.0,0.0,10.0,2.0,0.0,0.0,0.0,0.0,0.0,0.0,0.0,0.0,0.0,0.0,0.0,0.0,58.8,54,11,65508,27,65476,0,300,0,0,8,20529,65476,0,0,30147,60.0,0.0,10.0,10.0,2.0,0.0
2026-02-16T12:33:22,ERR,ERR,ERR,ERR,ERR,ERR,ERR,ERR,ERR,ERR,ERR,ERR,ERR,ERR,ERR,ERR,ERR,ERR,ERR,ERR,ERR,ERR,ERR,ERR,ERR,ERR,ERR,ERR,ERR,ERR,ERR,ERR,ERR,ERR,ERR,ERR,ERR,ERR,ERR,ERR,ERR,ERR,ERR,ERR,ERR,ERR,ERR,ERR,ERR,ERR,ERR,ERR,ERR,ERR,ERR,ERR,ERR,ERR,ERR,ERR,ERR,ERR,ERR,ERR,ERR,ERR,ERR,ERR,ERR,ERR,ERR,ERR,ERR,ERR,ERR,ERR,ERR,ERR,ERR,ERR,ERR,ERR,ERR,ERR,ERR,ERR,ERR,ERR,ERR,ERR,ERR,ERR,ERR,ERR,ERR,ERR,ERR,ERR,ERR,ERR,ERR,ERR,ERR,ERR,ERR,ERR,ERR,ERR,ERR,ERR,ERR,ERR,ERR,ERR,ERR,ERR,ERR,ERR,ERR,ERR,ERR,ERR,ERR,ERR,ERR,0.0,-0.0,0.0,0.0,0.0,-0.0,-0.0,-3.5099972399117043e+37,4300,0,8,17169,4300,0.0,41,0.0,0.0,0.0,0.0,2.7184166902131945e+23,0,0,0,0,0.0,0,0,0,0,0,0,0,0,0,0,0,0,0,0,0,0,0,0,0,0,0,0,0,0,0,0,0,0,0,0,0,0,0,7,37,37,44,65476,371,65476,1,0,4,21553,0.0,-0.0,0.0,0.0,0.0,0.0,0.0,0.0,0.0,0.0,0.0,0.0,0.0,0.0,0.0,0.0,0.0,0.0,0.0,0.0,0.0,2.004,2.004,-0.0,-3.697074863047967e+19,0.0,0.0,0.0,0.0,0.0,6641.0,0.0,0.0,0.0,-0.0,-107616248.0,-2.7184505572823923e+23,0.0,0.0,2.004,2.004,227,1.9056859227671757e+17,5.8480794516081455e+35,0.0,0.0,0.0,0.0,0.0,0.0,0.0,0,0,0,-1.6805566220127437e+17,-2.31048102413756e+18,-0.0,4.1183783222688497e+21,-0.0,-6.57907603896512e+19,0.0,-0.0,-0.0,-3.9501745603237666e+28,-44.319,142138335559680.0,0.0,0.0,0.0,-4.810890503487096e+34,0,1.3516416376850534e+27,227,0.0,454,0.0,0.0,2114,52429,17109,0,17112,0,17096,0,0,0,101,100,100,0.0,65.2,2.7302339554914296e+23,65.5,0.0,65.5,1,49,50,180,52429,52429,0,0,0.0,0.0,0.0,60.0,2.8043349009104896e+16,71.0,0.0,-0.0,0.0,1069,0,1069,0,0,0,1069,0,1080,0,1000,0,655,0,657,0,652,0,677,0.032,1.4536034330083127e+22,2.004,2.73023467606737e+23,14736,16814,2.8043349009104896e+16,-0.0,0.0,-9.795490193217507e+21,0.0,-0.0,50.0,60.0,35,0.0,0.0,10.0,2.0,0.0,0.0,0.0,0.0,0.0,0.0,0.0,0.0,0.0,0.0,0.0,0.0,58.8,54,11,65508,27,65476,0,300,0,0,8,20529,65476,0,0,30147,60.0,0.0,10.0,10.0,2.0,0.0
2026-02-16T12:33:23,ERR,ERR,ERR,ERR,ERR,ERR,ERR,ERR,ERR,ERR,ERR,ERR,ERR,ERR,ERR,ERR,ERR,ERR,ERR,ERR,ERR,ERR,ERR,ERR,ERR,ERR,ERR,ERR,ERR,ERR,ERR,ERR,ERR,ERR,ERR,ERR,ERR,ERR,ERR,ERR,ERR,ERR,ERR,ERR,ERR,ERR,ERR,ERR,ERR,ERR,ERR,ERR,ERR,ERR,ERR,ERR,ERR,ERR,ERR,ERR,ERR,ERR,ERR,ERR,ERR,ERR,ERR,ERR,ERR,ERR,ERR,ERR,ERR,ERR,ERR,ERR,ERR,ERR,ERR,ERR,ERR,ERR,ERR,ERR,ERR,ERR,ERR,ERR,ERR,ERR,ERR,ERR,ERR,ERR,ERR,ERR,ERR,ERR,ERR,ERR,ERR,ERR,ERR,ERR,ERR,ERR,ERR,ERR,ERR,ERR,ERR,ERR,ERR,ERR,ERR,ERR,ERR,ERR,ERR,ERR,ERR,ERR,ERR,ERR,ERR,0.0,-0.0,0.0,0.0,0.0,-0.0,-0.0,-3.5099972399117043e+37,4300,0,8,17169,4300,0.0,41,0.0,0.0,0.0,0.0,2.7184166902131945e+23,0,0,0,0,0.0,0,0,0,0,0,0,0,0,0,0,0,0,0,0,0,0,0,0,0,0,0,0,0,0,0,0,0,0,0,0,0,0,0,7,37,37,44,65476,371,65476,1,0,4,21553,0.0,-0.0,0.0,0.0,0.0,0.0,0.0,0.0,0.0,0.0,0.0,0.0,0.0,0.0,0.0,0.0,0.0,0.0,0.0,0.0,0.0,2.004,2.004,-0.0,-3.697074863047967e+19,0.0,0.0,0.0,0.0,0.0,6641.0,0.0,0.0,0.0,-0.0,-107616248.0,-2.7184505572823923e+23,0.0,0.0,2.004,2.004,227,1.9056859227671757e+17,5.8480794516081455e+35,0.0,0.0,0.0,0.0,0.0,0.0,0.0,0,0,0,-1.6805566220127437e+17,-2.31048102413756e+18,-0.0,4.1183783222688497e+21,-0.0,-6.57907603896512e+19,0.0,-0.0,-0.0,-3.9501745603237666e+28,-44.319,142138335559680.0,0.0,0.0,0.0,-4.810890503487096e+34,0,1.3516416376850534e+27,227,0.0,454,0.0,0.0,2114,52429,17109,0,17112,0,17096,0,0,0,101,100,100,0.0,65.2,2.7302339554914296e+23,65.5,0.0,65.5,1,49,50,180,52429,52429,0,0,0.0,0.0,0.0,60.0,2.8043349009104896e+16,71.0,0.0,-0.0,0.0,1069,0,1069,0,0,0,1069,0,1080,0,1000,0,655,0,657,0,652,0,677,0.032,1.4536034330083127e+22,2.004,2.73023467606737e+23,14736,16814,2.8043349009104896e+16,-0.0,0.0,-9.795490193217507e+21,0.0,-0.0,50.0,60.0,35,0.0,0.0,10.0,2.0,0.0,0.0,0.0,0.0,0.0,0.0,0.0,0.0,0.0,0.0,0.0,0.0,58.8,54,11,65508,27,65476,0,300,0,0,8,20529,65476,0,0,30147,60.0,0.0,10.0,10.0,2.0,0.0
2026-02-16T12:33:24,ERR,ERR,ERR,ERR,ERR,ERR,ERR,ERR,ERR,ERR,ERR,ERR,ERR,ERR,ERR,ERR,ERR,ERR,ERR,ERR,ERR,ERR,ERR,ERR,ERR,ERR,ERR,ERR,ERR,ERR,ERR,ERR,ERR,ERR,ERR,ERR,ERR,ERR,ERR,ERR,ERR,ERR,ERR,ERR,ERR,ERR,ERR,ERR,ERR,ERR,ERR,ERR,ERR,ERR,ERR,ERR,ERR,ERR,ERR,ERR,ERR,ERR,ERR,ERR,ERR,ERR,ERR,ERR,ERR,ERR,ERR,ERR,ERR,ERR,ERR,ERR,ERR,ERR,ERR,ERR,ERR,ERR,ERR,ERR,ERR,ERR,ERR,ERR,ERR,ERR,ERR,ERR,ERR,ERR,ERR,ERR,ERR,ERR,ERR,ERR,ERR,ERR,ERR,ERR,ERR,ERR,ERR,ERR,ERR,ERR,ERR,ERR,ERR,ERR,ERR,ERR,ERR,ERR,ERR,ERR,ERR,ERR,ERR,ERR,ERR,0.0,-0.0,0.0,0.0,0.0,-0.0,-0.0,-3.5099972399117043e+37,4300,0,8,17169,4300,0.0,41,0.0,0.0,0.0,0.0,2.7184166902131945e+23,0,0,0,0,0.0,0,0,0,0,0,0,0,0,0,0,0,0,0,0,0,0,0,0,0,0,0,0,0,0,0,0,0,0,0,0,0,0,0,7,37,37,44,65476,371,65476,1,0,4,21553,0.0,-0.0,0.0,0.0,0.0,0.0,0.0,0.0,0.0,0.0,0.0,0.0,0.0,0.0,0.0,0.0,0.0,0.0,0.0,0.0,0.0,2.004,2.004,-0.0,-3.697074863047967e+19,0.0,0.0,0.0,0.0,0.0,6641.0,0.0,0.0,0.0,-0.0,-107616248.0,-2.7184505572823923e+23,0.0,0.0,2.004,2.004,227,1.9056859227671757e+17,5.8480794516081455e+35,0.0,0.0,0.0,0.0,0.0,0.0,0.0,0,0,0,-1.6805566220127437e+17,-2.31048102413756e+18,-0.0,4.1183783222688497e+21,-0.0,-6.57907603896512e+19,0.0,-0.0,-0.0,-3.9501745603237666e+28,-44.319,142138335559680.0,0.0,0.0,0.0,-4.810890503487096e+34,0,1.3516416376850534e+27,227,0.0,454,0.0,0.0,2114,52429,17109,0,17112,0,17096,0,0,0,101,100,100,0.0,65.2,2.7302339554914296e+23,65.5,0.0,65.5,1,49,50,180,52429,52429,0,0,0.0,0.0,0.0,60.0,2.8043349009104896e+16,71.0,0.0,-0.0,0.0,1069,0,1069,0,0,0,1069,0,1080,0,1000,0,655,0,657,0,652,0,677,0.032,1.4536034330083127e+22,2.004,2.73023467606737e+23,14736,16814,2.8043349009104896e+16,-0.0,0.0,-9.795490193217507e+21,0.0,-0.0,50.0,60.0,35,0.0,0.0,10.0,2.0,0.0,0.0,0.0,0.0,0.0,0.0,0.0,0.0,0.0,0.0,0.0,0.0,58.8,54,11,65508,27,65476,0,300,0,0,8,20529,65476,0,0,30147,60.0,0.0,10.0,10.0,2.0,0.0
2026-02-16T12:33:25,ERR,ERR,ERR,ERR,ERR,ERR,ERR,ERR,ERR,ERR,ERR,ERR,ERR,ERR,ERR,ERR,ERR,ERR,ERR,ERR,ERR,ERR,ERR,ERR,ERR,ERR,ERR,ERR,ERR,ERR,ERR,ERR,ERR,ERR,ERR,ERR,ERR,ERR,ERR,ERR,ERR,ERR,ERR,ERR,ERR,ERR,ERR,ERR,ERR,ERR,ERR,ERR,ERR,ERR,ERR,ERR,ERR,ERR,ERR,ERR,ERR,ERR,ERR,ERR,ERR,ERR,ERR,ERR,ERR,ERR,ERR,ERR,ERR,ERR,ERR,ERR,ERR,ERR,ERR,ERR,ERR,ERR,ERR,ERR,ERR,ERR,ERR,ERR,ERR,ERR,ERR,ERR,ERR,ERR,ERR,ERR,ERR,ERR,ERR,ERR,ERR,ERR,ERR,ERR,ERR,ERR,ERR,ERR,ERR,ERR,ERR,ERR,ERR,ERR,ERR,ERR,ERR,ERR,ERR,ERR,ERR,ERR,ERR,ERR,ERR,0.0,-0.0,0.0,0.0,0.0,-0.0,-0.0,-3.5099972399117043e+37,4300,0,8,17169,4300,0.0,41,0.0,0.0,0.0,0.0,2.7184166902131945e+23,0,0,0,0,0.0,0,0,0,0,0,0,0,0,0,0,0,0,0,0,0,0,0,0,0,0,0,0,0,0,0,0,0,0,0,0,0,0,0,7,37,37,44,65476,371,65476,1,0,4,21553,0.0,-0.0,0.0,0.0,0.0,0.0,0.0,0.0,0.0,0.0,0.0,0.0,0.0,0.0,0.0,0.0,0.0,0.0,0.0,0.0,0.0,2.004,2.004,-0.0,-3.697074863047967e+19,0.0,0.0,0.0,0.0,0.0,6641.0,0.0,0.0,0.0,-0.0,-107616248.0,-2.7184505572823923e+23,0.0,0.0,2.004,2.004,227,1.9056859227671757e+17,5.8480794516081455e+35,0.0,0.0,0.0,0.0,0.0,0.0,0.0,0,0,0,-1.6805566220127437e+17,-2.31048102413756e+18,-0.0,4.1183783222688497e+21,-0.0,-6.57907603896512e+19,0.0,-0.0,-0.0,-3.9501745603237666e+28,-44.319,142138335559680.0,0.0,0.0,0.0,-4.810890503487096e+34,0,1.3516416376850534e+27,227,0.0,454,0.0,0.0,2114,52429,17109,0,17112,0,17096,0,0,0,101,100,100,0.0,65.2,2.7302339554914296e+23,65.5,0.0,65.5,1,49,50,180,52429,52429,0,0,0.0,0.0,0.0,60.0,937419472896.0,71.0,0.0,0.0,0.0,1069,0,1069,0,0,0,1069,0,1080,0,1000,0,656,0,658,0,652,0,677,0.032,1.4462247353788288e+22,2.004,2.73023467606737e+23,10768,16814,3.610197467175322e+16,-1.015747911669141e+21,0.0,-0.0,0.0,-0.0,50.0,60.0,35,0.0,0.0,10.0,2.0,0.0,0.0,0.0,0.0,0.0,0.0,0.0,0.0,0.0,0.0,0.0,0.0,58.8,54,11,65508,27,65476,0,300,0,0,8,20529,65476,0,0,30147,60.0,0.0,10.0,10.0,2.0,0.0
2026-02-16T12:33:26,ERR,ERR,ERR,ERR,ERR,ERR,ERR,ERR,ERR,ERR,ERR,ERR,ERR,ERR,ERR,ERR,ERR,ERR,ERR,ERR,ERR,ERR,ERR,ERR,ERR,ERR,ERR,ERR,ERR,ERR,ERR,ERR,ERR,ERR,ERR,ERR,ERR,ERR,ERR,ERR,ERR,ERR,ERR,ERR,ERR,ERR,ERR,ERR,ERR,ERR,ERR,ERR,ERR,ERR,ERR,ERR,ERR,ERR,ERR,ERR,ERR,ERR,ERR,ERR,ERR,ERR,ERR,ERR,ERR,ERR,ERR,ERR,ERR,ERR,ERR,ERR,ERR,ERR,ERR,ERR,ERR,ERR,ERR,ERR,ERR,ERR,ERR,ERR,ERR,ERR,ERR,ERR,ERR,ERR,ERR,ERR,ERR,ERR,ERR,ERR,ERR,ERR,ERR,ERR,ERR,ERR,ERR,ERR,ERR,ERR,ERR,ERR,ERR,ERR,ERR,ERR,ERR,ERR,ERR,ERR,ERR,ERR,ERR,ERR,ERR,0.0,-0.0,0.0,0.0,0.0,-0.0,-0.0,-3.5099972399117043e+37,4300,0,8,17169,4300,0.0,41,0.0,0.0,0.0,0.0,2.7184166902131945e+23,0,0,0,0,0.0,0,0,0,0,0,0,0,0,0,0,0,0,0,0,0,0,0,0,0,0,0,0,0,0,0,0,0,0,0,0,0,0,0,7,37,37,44,65476,371,65476,1,0,4,21553,0.0,-0.0,0.0,0.0,0.0,0.0,0.0,0.0,0.0,0.0,0.0,0.0,0.0,0.0,0.0,0.0,0.0,0.0,0.0,0.0,0.0,2.004,2.004,-0.0,-3.697074863047967e+19,0.0,0.0,0.0,0.0,0.0,6641.0,0.0,0.0,0.0,-0.0,-107616248.0,-2.7184505572823923e+23,0.0,0.0,2.004,2.004,227,1.9056859227671757e+17,5.8480794516081455e+35,0.0,0.0,0.0,0.0,0.0,0.0,0.0,0,0,0,-1.6805566220127437e+17,-2.31048102413756e+18,-0.0,4.1183783222688497e+21,-0.0,-6.57907603896512e+19,0.0,-0.0,-0.0,-3.9501745603237666e+28,-44.319,142138335559680.0,0.0,0.0,0.0,-4.810890503487096e+34,0,1.3516416376850534e+27,227,0.0,454,0.0,0.0,2114,52429,17109,0,17112,0,17096,0,0,0,101,100,100,0.0,65.2,2.7302339554914296e+23,65.5,0.0,65.5,1,49,50,180,52429,52429,0,0,0.0,0.0,0.0,60.0,937419472896.0,71.0,0.0,0.0,0.0,1069,0,1069,0,0,0,1069,0,1080,0,1000,0,656,0,658,0,652,0,677,0.032,1.4462247353788288e+22,2.004,2.73023467606737e+23,10768,16814,3.610197467175322e+16,-1.015747911669141e+21,0.0,-0.0,0.0,-0.0,50.0,60.0,35,0.0,0.0,10.0,2.0,0.0,0.0,0.0,0.0,0.0,0.0,0.0,0.0,0.0,0.0,0.0,0.0,58.8,54,11,65508,27,65476,0,300,0,0,8,20529,65476,0,0,30147,60.0,0.0,10.0,10.0,2.0,0.0
2026-02-16T12:33:27,ERR,ERR,ERR,ERR,ERR,ERR,ERR,ERR,ERR,ERR,ERR,ERR,ERR,ERR,ERR,ERR,ERR,ERR,ERR,ERR,ERR,ERR,ERR,ERR,ERR,ERR,ERR,ERR,ERR,ERR,ERR,ERR,ERR,ERR,ERR,ERR,ERR,ERR,ERR,ERR,ERR,ERR,ERR,ERR,ERR,ERR,ERR,ERR,ERR,ERR,ERR,ERR,ERR,ERR,ERR,ERR,ERR,ERR,ERR,ERR,ERR,ERR,ERR,ERR,ERR,ERR,ERR,ERR,ERR,ERR,ERR,ERR,ERR,ERR,ERR,ERR,ERR,ERR,ERR,ERR,ERR,ERR,ERR,ERR,ERR,ERR,ERR,ERR,ERR,ERR,ERR,ERR,ERR,ERR,ERR,ERR,ERR,ERR,ERR,ERR,ERR,ERR,ERR,ERR,ERR,ERR,ERR,ERR,ERR,ERR,ERR,ERR,ERR,ERR,ERR,ERR,ERR,ERR,ERR,ERR,ERR,ERR,ERR,ERR,ERR,0.0,-0.0,0.0,0.0,0.0,-0.0,-0.0,-6.628300371641649e+34,4300,0,8,17169,4300,0.0,41,0.0,0.0,0.0,0.0,2.7184166902131945e+23,0,0,0,0,0.0,0,0,0,0,0,0,0,0,0,0,0,0,0,0,0,0,0,0,0,0,0,0,0,0,0,0,0,0,0,0,0,0,0,7,37,37,44,65476,368,65476,1,0,4,21553,0.0,0.0,0.0,0.0,0.0,0.0,0.0,0.0,0.0,0.0,0.0,0.0,0.0,0.0,0.0,0.0,0.0,0.0,0.0,0.0,0.0,2.004,2.004,-0.0,-3.697074863047967e+19,0.0,0.0,0.0,0.0,0.0,6640.0,0.0,0.0,0.0,-0.0,-107616248.0,-2.7184505572823923e+23,0.0,0.0,2.004,2.004,229,126840537088.0,-0.0,0.0,0.0,0.0,0.0,0.0,0.0,0.0,0,0,0,-709243988606976.0,-0.0,3.078216684245086e+37,-0.0,139869290496.0,3406038564864.0,0.0,0.0,-6.207211601046617e+34,-4.341271507702065e+28,-47.569,155332475092992.0,0.0,0.0,0.0,-0.0,0,1.3516416376850534e+27,229,0.0,458,2.40156025918058e+36,599251620986880.0,2114,52429,17109,0,17112,0,17096,0,0,0,101,100,100,0.0,65.2,2.7302339554914296e+23,65.5,0.0,65.5,1,49,50,180,52429,52429,0,0,0.0,0.0,0.0,60.0,937419472896.0,71.0,0.0,0.0,0.0,1069,0,1069,0,0,0,1069,0,1080,0,1000,0,656,0,658,0,652,0,677,0.032,1.4462247353788288e+22,2.004,2.73023467606737e+23,10768,16814,3.610197467175322e+16,-1.015747911669141e+21,0.0,-0.0,0.0,-0.0,50.0,60.0,35,0.0,0.0,10.0,2.0,0.0,0.0,0.0,0.0,0.0,0.0,0.0,0.0,0.0,0.0,0.0,0.0,58.8,54,11,65508,27,65476,0,300,0,0,8,20529,65476,0,0,30147,60.0,0.0,10.0,10.0,2.0,0.0
2026-02-16T12:33:28,ERR,ERR,ERR,ERR,ERR,ERR,ERR,ERR,ERR,ERR,ERR,ERR,ERR,ERR,ERR,ERR,ERR,ERR,ERR,ERR,ERR,ERR,ERR,ERR,ERR,ERR,ERR,ERR,ERR,ERR,ERR,ERR,ERR,ERR,ERR,ERR,ERR,ERR,ERR,ERR,ERR,ERR,ERR,ERR,ERR,ERR,ERR,ERR,ERR,ERR,ERR,ERR,ERR,ERR,ERR,ERR,ERR,ERR,ERR,ERR,ERR,ERR,ERR,ERR,ERR,ERR,ERR,ERR,ERR,ERR,ERR,ERR,ERR,ERR,ERR,ERR,ERR,ERR,ERR,ERR,ERR,ERR,ERR,ERR,ERR,ERR,ERR,ERR,ERR,ERR,ERR,ERR,ERR,ERR,ERR,ERR,ERR,ERR,ERR,ERR,ERR,ERR,ERR,ERR,ERR,ERR,ERR,ERR,ERR,ERR,ERR,ERR,ERR,ERR,ERR,ERR,ERR,ERR,ERR,ERR,ERR,ERR,ERR,ERR,ERR,0.0,-0.0,0.0,0.0,0.0,-0.0,-0.0,-6.628300371641649e+34,4300,0,8,17169,4300,0.0,41,0.0,0.0,0.0,0.0,2.7184166902131945e+23,0,0,0,0,0.0,0,0,0,0,0,0,0,0,0,0,0,0,0,0,0,0,0,0,0,0,0,0,0,0,0,0,0,0,0,0,0,0,0,7,37,37,44,65476,368,65476,1,0,4,21553,0.0,0.0,0.0,0.0,0.0,0.0,0.0,0.0,0.0,0.0,0.0,0.0,0.0,0.0,0.0,0.0,0.0,0.0,0.0,0.0,0.0,2.004,2.004,-0.0,-3.697074863047967e+19,0.0,0.0,0.0,0.0,0.0,6640.0,0.0,0.0,0.0,-0.0,-107616248.0,-2.7184505572823923e+23,0.0,0.0,2.004,2.004,229,126840537088.0,-0.0,0.0,0.0,0.0,0.0,0.0,0.0,0.0,0,0,0,-709243988606976.0,-0.0,3.078216684245086e+37,-0.0,139869290496.0,3406038564864.0,0.0,0.0,-6.207211601046617e+34,-4.341271507702065e+28,-47.569,155332475092992.0,0.0,0.0,0.0,-0.0,0,1.3516416376850534e+27,229,0.0,458,2.40156025918058e+36,599251620986880.0,2114,52429,17109,0,17112,0,17096,0,0,0,101,100,100,2.7302337753474445e+23,65.2,2.7302339554914296e+23,65.6,0.0,65.5,1,49,50,180,52429,52429,0,0,0.0,0.0,0.0,60.0,4538571776.0,71.0,0.0,0.0,0.0,1069,0,1069,0,0,0,1070,0,1080,0,1000,0,655,0,657,0,652,0,677,0.032,1.4683608282672803e+22,2.004,2.73023467606737e+23,12432,16814,70511669280768.0,0.0,9.007230920675872e+19,0.0,4.368305441726387e+24,-16525566976.0,50.0,60.0,35,0.0,0.0,10.0,2.0,0.0,0.0,0.0,0.0,0.0,0.0,0.0,0.0,0.0,0.0,0.0,0.0,58.8,54,11,65508,27,65476,0,300,0,0,8,20529,65476,0,0,30147,60.0,0.0,10.0,10.0,2.0,0.0
2026-02-16T12:33:29,ERR,ERR,ERR,ERR,ERR,ERR,ERR,ERR,ERR,ERR,ERR,ERR,ERR,ERR,ERR,ERR,ERR,ERR,ERR,ERR,ERR,ERR,ERR,ERR,ERR,ERR,ERR,ERR,ERR,ERR,ERR,ERR,ERR,ERR,ERR,ERR,ERR,ERR,ERR,ERR,ERR,ERR,ERR,ERR,ERR,ERR,ERR,ERR,ERR,ERR,ERR,ERR,ERR,ERR,ERR,ERR,ERR,ERR,ERR,ERR,ERR,ERR,ERR,ERR,ERR,ERR,ERR,ERR,ERR,ERR,ERR,ERR,ERR,ERR,ERR,ERR,ERR,ERR,ERR,ERR,ERR,ERR,ERR,ERR,ERR,ERR,ERR,ERR,ERR,ERR,ERR,ERR,ERR,ERR,ERR,ERR,ERR,ERR,ERR,ERR,ERR,ERR,ERR,ERR,ERR,ERR,ERR,ERR,ERR,ERR,ERR,ERR,ERR,ERR,ERR,ERR,ERR,ERR,ERR,ERR,ERR,ERR,ERR,ERR,ERR,0.0,-0.0,0.0,0.0,0.0,-0.0,-0.0,-6.628300371641649e+34,4300,0,8,17169,4300,0.0,41,0.0,0.0,0.0,0.0,2.7184166902131945e+23,0,0,0,0,0.0,0,0,0,0,0,0,0,0,0,0,0,0,0,0,0,0,0,0,0,0,0,0,0,0,0,0,0,0,0,0,0,0,0,7,37,37,44,65476,368,65476,1,0,4,21553,0.0,0.0,0.0,0.0,0.0,0.0,0.0,0.0,0.0,0.0,0.0,0.0,0.0,0.0,0.0,0.0,0.0,0.0,0.0,0.0,0.0,2.004,2.004,-0.0,-3.697074863047967e+19,0.0,0.0,0.0,0.0,0.0,6640.0,0.0,0.0,0.0,-0.0,-107616248.0,-2.7184505572823923e+23,0.0,0.0,2.004,2.004,229,126840537088.0,-0.0,0.0,0.0,0.0,0.0,0.0,0.0,0.0,0,0,0,-709243988606976.0,-0.0,3.078216684245086e+37,-0.0,139869290496.0,3406038564864.0,0.0,0.0,-6.207211601046617e+34,-4.341271507702065e+28,-47.569,155332475092992.0,0.0,0.0,0.0,-0.0,0,1.3516416376850534e+27,229,0.0,458,2.40156025918058e+36,599251620986880.0,2114,52429,17109,0,17112,0,17096,0,0,0,101,100,100,2.7302337753474445e+23,65.2,2.7302339554914296e+23,65.6,0.0,65.5,1,49,50,180,52429,52429,0,0,0.0,0.0,0.0,60.0,4538571776.0,71.0,0.0,0.0,0.0,1069,0,1069,0,0,0,1070,0,1080,0,1000,0,655,0,657,0,652,0,677,0.032,1.4683608282672803e+22,2.004,2.73023467606737e+23,12432,16814,70511669280768.0,0.0,9.007230920675872e+19,0.0,4.368305441726387e+24,-16525566976.0,50.0,60.0,35,0.0,0.0,10.0,2.0,0.0,0.0,0.0,0.0,0.0,0.0,0.0,0.0,0.0,0.0,0.0,0.0,59.2,54,11,65508,27,65476,0,300,0,0,8,20529,65476,0,0,30147,60.0,0.0,10.0,10.0,2.0,0.0
2026-02-16T12:33:30,ERR,ERR,ERR,ERR,ERR,ERR,ERR,ERR,ERR,ERR,ERR,ERR,ERR,ERR,ERR,ERR,ERR,ERR,ERR,ERR,ERR,ERR,ERR,ERR,ERR,ERR,ERR,ERR,ERR,ERR,ERR,ERR,ERR,ERR,ERR,ERR,ERR,ERR,ERR,ERR,ERR,ERR,ERR,ERR,ERR,ERR,ERR,ERR,ERR,ERR,ERR,ERR,ERR,ERR,ERR,ERR,ERR,ERR,ERR,ERR,ERR,ERR,ERR,ERR,ERR,ERR,ERR,ERR,ERR,ERR,ERR,ERR,ERR,ERR,ERR,ERR,ERR,ERR,ERR,ERR,ERR,ERR,ERR,ERR,ERR,ERR,ERR,ERR,ERR,ERR,ERR,ERR,ERR,ERR,ERR,ERR,ERR,ERR,ERR,ERR,ERR,ERR,ERR,ERR,ERR,ERR,ERR,ERR,ERR,ERR,ERR,ERR,ERR,ERR,ERR,ERR,ERR,ERR,ERR,ERR,ERR,ERR,ERR,ERR,ERR,0.0,-0.0,0.0,0.0,0.0,-0.0,-0.0,-6.628300371641649e+34,4300,0,8,17169,4300,0.0,41,0.0,0.0,0.0,0.0,2.7184166902131945e+23,0,0,0,0,0.0,0,0,0,0,0,0,0,0,0,0,0,0,0,0,0,0,0,0,0,0,0,0,0,0,0,0,0,0,0,0,0,0,0,7,37,37,44,65476,368,65476,1,0,4,21553,0.0,0.0,0.0,0.0,0.0,0.0,0.0,0.0,0.0,0.0,0.0,0.0,0.0,0.0,0.0,0.0,0.0,0.0,0.0,0.0,0.0,2.004,2.004,-0.0,-3.697074863047967e+19,0.0,0.0,0.0,0.0,0.0,6640.0,0.0,0.0,0.0,-0.0,-107616248.0,-2.7184505572823923e+23,0.0,0.0,2.004,2.004,229,126840537088.0,-0.0,0.0,0.0,0.0,0.0,0.0,0.0,0.0,0,0,0,-709243988606976.0,-0.0,3.078216684245086e+37,-0.0,139869290496.0,3406038564864.0,0.0,0.0,-6.207211601046617e+34,-4.341271507702065e+28,-47.569,155332475092992.0,0.0,0.0,0.0,-0.0,0,1.3516416376850534e+27,229,0.0,458,2.40156025918058e+36,599251620986880.0,2114,52429,17109,0,17112,0,17096,0,0,0,101,100,100,2.7302337753474445e+23,65.2,2.7302339554914296e+23,65.6,0.0,65.5,1,49,50,180,52429,52429,0,0,0.0,0.0,0.0,60.0,4538571776.0,71.0,0.0,0.0,0.0,1069,0,1069,0,0,0,1070,0,1080,0,1000,0,655,0,657,0,652,0,677,0.032,1.4683608282672803e+22,2.004,2.73023467606737e+23,12432,16814,70511669280768.0,0.0,9.007230920675872e+19,0.0,4.368305441726387e+24,-16525566976.0,50.0,60.0,35,0.0,0.0,10.0,2.0,0.0,0.0,0.0,0.0,0.0,0.0,0.0,0.0,0.0,0.0,0.0,0.0,58.8,54,11,65508,27,65476,0,300,0,0,8,20529,65476,0,0,30147,60.0,0.0,10.0,10.0,2.0,0.0
2026-02-16T12:33:31,ERR,ERR,ERR,ERR,ERR,ERR,ERR,ERR,ERR,ERR,ERR,ERR,ERR,ERR,ERR,ERR,ERR,ERR,ERR,ERR,ERR,ERR,ERR,ERR,ERR,ERR,ERR,ERR,ERR,ERR,ERR,ERR,ERR,ERR,ERR,ERR,ERR,ERR,ERR,ERR,ERR,ERR,ERR,ERR,ERR,ERR,ERR,ERR,ERR,ERR,ERR,ERR,ERR,ERR,ERR,ERR,ERR,ERR,ERR,ERR,ERR,ERR,ERR,ERR,ERR,ERR,ERR,ERR,ERR,ERR,ERR,ERR,ERR,ERR,ERR,ERR,ERR,ERR,ERR,ERR,ERR,ERR,ERR,ERR,ERR,ERR,ERR,ERR,ERR,ERR,ERR,ERR,ERR,ERR,ERR,ERR,ERR,ERR,ERR,ERR,ERR,ERR,ERR,ERR,ERR,ERR,ERR,ERR,ERR,ERR,ERR,ERR,ERR,ERR,ERR,ERR,ERR,ERR,ERR,ERR,ERR,ERR,ERR,ERR,ERR,0.0,-0.0,0.0,0.0,0.0,-0.0,-0.0,-6.628300371641649e+34,4300,0,8,17169,4300,0.0,41,0.0,0.0,0.0,0.0,2.7184166902131945e+23,0,0,0,0,0.0,0,0,0,0,0,0,0,0,0,0,0,0,0,0,0,0,0,0,0,0,0,0,0,0,0,0,0,0,0,0,0,0,0,7,37,37,44,65476,368,65476,1,0,4,21553,0.0,0.0,0.0,0.0,0.0,0.0,0.0,0.0,0.0,0.0,0.0,0.0,0.0,0.0,0.0,0.0,0.0,0.0,0.0,0.0,0.0,2.004,2.004,-0.0,-3.697074863047967e+19,0.0,0.0,0.0,0.0,0.0,6640.0,0.0,0.0,0.0,-0.0,-107616248.0,-2.7184505572823923e+23,0.0,0.0,2.004,2.004,229,126840537088.0,-0.0,0.0,0.0,0.0,0.0,0.0,0.0,0.0,0,0,0,-709243988606976.0,-0.0,3.078216684245086e+37,-0.0,139869290496.0,3406038564864.0,0.0,0.0,-6.207211601046617e+34,-4.341271507702065e+28,-47.569,155332475092992.0,0.0,0.0,0.0,-0.0,0,1.3516416376850534e+27,229,0.0,458,2.40156025918058e+36,599251620986880.0,2114,52429,17109,0,17112,0,17096,0,0,0,101,100,100,2.7302337753474445e+23,65.2,2.7302339554914296e+23,65.6,0.0,65.5,1,49,50,180,52429,52429,0,0,0.0,0.0,0.0,60.0,1.4569443112982872e+24,71.0,0.0,0.0,0.0,1069,0,1069,0,0,0,1070,0,1080,0,1000,0,656,0,657,0,652,0,676,0.032,1.4536034330083127e+22,2.004,2.73023467606737e+23,16528,16814,3.412794921344082e+22,-0.0,-117888.281,0.0,-4.446131233219202e+19,0.0,50.0,60.0,35,0.0,0.0,10.0,2.0,0.0,0.0,0.0,0.0,0.0,0.0,0.0,0.0,0.0,0.0,0.0,0.0,58.8,54,11,65508,27,65476,0,300,0,0,8,20529,65476,0,0,30147,60.0,0.0,10.0,10.0,2.0,0.0
2026-02-16T12:33:32,ERR,ERR,ERR,ERR,ERR,ERR,ERR,ERR,ERR,ERR,ERR,ERR,ERR,ERR,ERR,ERR,ERR,ERR,ERR,ERR,ERR,ERR,ERR,ERR,ERR,ERR,ERR,ERR,ERR,ERR,ERR,ERR,ERR,ERR,ERR,ERR,ERR,ERR,ERR,ERR,ERR,ERR,ERR,ERR,ERR,ERR,ERR,ERR,ERR,ERR,ERR,ERR,ERR,ERR,ERR,ERR,ERR,ERR,ERR,ERR,ERR,ERR,ERR,ERR,ERR,ERR,ERR,ERR,ERR,ERR,ERR,ERR,ERR,ERR,ERR,ERR,ERR,ERR,ERR,ERR,ERR,ERR,ERR,ERR,ERR,ERR,ERR,ERR,ERR,ERR,ERR,ERR,ERR,ERR,ERR,ERR,ERR,ERR,ERR,ERR,ERR,ERR,ERR,ERR,ERR,ERR,ERR,ERR,ERR,ERR,ERR,ERR,ERR,ERR,ERR,ERR,ERR,ERR,ERR,ERR,ERR,ERR,ERR,ERR,ERR,0.0,-0.0,0.0,0.0,0.0,5.969490681602126e+22,0.001,0.0,4300,0,8,17169,4300,0.0,41,0.0,0.0,0.0,0.0,2.7184166902131945e+23,0,0,0,0,0.0,0,0,0,0,0,0,0,0,0,0,0,0,0,0,0,0,0,0,0,0,0,0,0,0,0,0,0,0,0,0,0,0,0,7,37,37,44,65476,366,65476,1,0,4,21553,0.0,-107610720.0,0.0,0.0,0.0,0.0,0.0,0.0,0.0,0.0,0.0,0.0,0.0,0.0,0.0,0.0,0.0,0.0,0.0,0.0,0.0,2.004,2.004,-0.0,-3.697074863047967e+19,0.0,0.0,0.0,0.0,0.0,6640.0,0.0,0.0,0.0,-0.0,-107616248.0,-107616256.0,0.0,0.0,2.004,2.004,228,126840537088.0,-0.0,0.0,0.0,0.0,0.0,0.0,0.0,0.0,0,0,0,-1.3544760490872692e+25,2.323627441388181e+27,-0.0,0.002,-0.0,0.0,-2642308.0,997.094,-159208505344.0,-4.774550521451948e+28,-50.569,169626126254080.0,0.0,0.0,0.0,-0.0,0,1.3516416376850534e+27,228,0.0,456,-621855232.0,5.6142779363101766e+35,2114,52429,17109,0,17112,0,17096,0,0,0,101,100,100,2.7302337753474445e+23,65.2,2.7302339554914296e+23,65.6,0.0,65.5,1,49,50,180,52429,52429,0,0,0.0,0.0,0.0,60.0,1.4569443112982872e+24,71.0,0.0,0.0,0.0,1069,0,1069,0,0,0,1070,0,1080,0,1000,0,656,0,657,0,652,0,676,0.032,1.4536034330083127e+22,2.004,2.73023467606737e+23,16528,16814,3.412794921344082e+22,-0.0,-117888.281,0.0,-4.446131233219202e+19,0.0,50.0,60.0,35,0.0,0.0,10.0,2.0,0.0,0.0,0.0,0.0,0.0,0.0,0.0,0.0,0.0,0.0,0.0,0.0,58.8,54,11,65508,27,65476,0,300,0,0,8,20529,65476,0,0,30147,60.0,0.0,10.0,10.0,2.0,0.0
2026-02-16T12:33:33,ERR,ERR,ERR,ERR,ERR,ERR,ERR,ERR,ERR,ERR,ERR,ERR,ERR,ERR,ERR,ERR,ERR,ERR,ERR,ERR,ERR,ERR,ERR,ERR,ERR,ERR,ERR,ERR,ERR,ERR,ERR,ERR,ERR,ERR,ERR,ERR,ERR,ERR,ERR,ERR,ERR,ERR,ERR,ERR,ERR,ERR,ERR,ERR,ERR,ERR,ERR,ERR,ERR,ERR,ERR,ERR,ERR,ERR,ERR,ERR,ERR,ERR,ERR,ERR,ERR,ERR,ERR,ERR,ERR,ERR,ERR,ERR,ERR,ERR,ERR,ERR,ERR,ERR,ERR,ERR,ERR,ERR,ERR,ERR,ERR,ERR,ERR,ERR,ERR,ERR,ERR,ERR,ERR,ERR,ERR,ERR,ERR,ERR,ERR,ERR,ERR,ERR,ERR,ERR,ERR,ERR,ERR,ERR,ERR,ERR,ERR,ERR,ERR,ERR,ERR,ERR,ERR,ERR,ERR,ERR,ERR,ERR,ERR,ERR,ERR,0.0,-0.0,0.0,0.0,0.0,5.969490681602126e+22,0.001,0.0,4300,0,8,17169,4300,0.0,41,0.0,0.0,0.0,0.0,2.7184166902131945e+23,0,0,0,0,0.0,0,0,0,0,0,0,0,0,0,0,0,0,0,0,0,0,0,0,0,0,0,0,0,0,0,0,0,0,0,0,0,0,0,7,37,37,44,65476,366,65476,1,0,4,21553,0.0,-107610720.0,0.0,0.0,0.0,0.0,0.0,0.0,0.0,0.0,0.0,0.0,0.0,0.0,0.0,0.0,0.0,0.0,0.0,0.0,0.0,2.004,2.004,-0.0,-3.697074863047967e+19,0.0,0.0,0.0,0.0,0.0,6640.0,0.0,0.0,0.0,-0.0,-107616248.0,-107616256.0,0.0,0.0,2.004,2.004,228,126840537088.0,-0.0,0.0,0.0,0.0,0.0,0.0,0.0,0.0,0,0,0,-1.3544760490872692e+25,2.323627441388181e+27,-0.0,0.002,-0.0,0.0,-2642308.0,997.094,-159208505344.0,-4.774550521451948e+28,-50.569,169626126254080.0,0.0,0.0,0.0,-0.0,0,1.3516416376850534e+27,228,0.0,456,-621855232.0,5.6142779363101766e+35,2114,52429,17109,0,17112,0,17096,0,0,0,101,100,100,2.7302337753474445e+23,65.2,2.7302339554914296e+23,65.6,0.0,65.5,1,49,50,180,52429,52429,0,0,0.0,0.0,0.0,60.0,1.4569443112982872e+24,71.0,0.0,0.0,0.0,1069,0,1069,0,0,0,1070,0,1080,0,1000,0,656,0,657,0,652,0,676,0.032,1.4536034330083127e+22,2.004,2.73023467606737e+23,16528,16814,3.412794921344082e+22,-0.0,-117888.281,0.0,-4.446131233219202e+19,0.0,50.0,60.0,35,0.0,0.0,10.0,2.0,0.0,0.0,0.0,0.0,0.0,0.0,0.0,0.0,0.0,0.0,0.0,0.0,58.8,54,11,65508,27,65476,0,300,0,0,8,20529,65476,0,0,30147,60.0,0.0,10.0,10.0,2.0,0.0
2026-02-16T12:33:34,ERR,ERR,ERR,ERR,ERR,ERR,ERR,ERR,ERR,ERR,ERR,ERR,ERR,ERR,ERR,ERR,ERR,ERR,ERR,ERR,ERR,ERR,ERR,ERR,ERR,ERR,ERR,ERR,ERR,ERR,ERR,ERR,ERR,ERR,ERR,ERR,ERR,ERR,ERR,ERR,ERR,ERR,ERR,ERR,ERR,ERR,ERR,ERR,ERR,ERR,ERR,ERR,ERR,ERR,ERR,ERR,ERR,ERR,ERR,ERR,ERR,ERR,ERR,ERR,ERR,ERR,ERR,ERR,ERR,ERR,ERR,ERR,ERR,ERR,ERR,ERR,ERR,ERR,ERR,ERR,ERR,ERR,ERR,ERR,ERR,ERR,ERR,ERR,ERR,ERR,ERR,ERR,ERR,ERR,ERR,ERR,ERR,ERR,ERR,ERR,ERR,ERR,ERR,ERR,ERR,ERR,ERR,ERR,ERR,ERR,ERR,ERR,ERR,ERR,ERR,ERR,ERR,ERR,ERR,ERR,ERR,ERR,ERR,ERR,ERR,0.0,-0.0,0.0,0.0,0.0,5.969490681602126e+22,0.001,0.0,4300,0,8,17169,4300,0.0,41,0.0,0.0,0.0,0.0,2.7184166902131945e+23,0,0,0,0,0.0,0,0,0,0,0,0,0,0,0,0,0,0,0,0,0,0,0,0,0,0,0,0,0,0,0,0,0,0,0,0,0,0,0,7,37,37,44,65476,366,65476,1,0,4,21553,0.0,-107610720.0,0.0,0.0,0.0,0.0,0.0,0.0,0.0,0.0,0.0,0.0,0.0,0.0,0.0,0.0,0.0,0.0,0.0,0.0,0.0,2.004,2.004,-0.0,-3.697074863047967e+19,0.0,0.0,0.0,0.0,0.0,6640.0,0.0,0.0,0.0,-0.0,-107616248.0,-107616256.0,0.0,0.0,2.004,2.004,228,126840537088.0,-0.0,0.0,0.0,0.0,0.0,0.0,0.0,0.0,0,0,0,-1.3544760490872692e+25,2.323627441388181e+27,-0.0,0.002,-0.0,0.0,-2642308.0,997.094,-159208505344.0,-4.774550521451948e+28,-50.569,169626126254080.0,0.0,0.0,0.0,-0.0,0,1.3516416376850534e+27,228,0.0,456,-621855232.0,5.6142779363101766e+35,2114,52429,17109,0,17112,0,17096,0,0,0,101,100,100,2.7302337753474445e+23,65.2,2.7302339554914296e+23,65.6,0.0,65.5,1,49,50,180,52429,52429,0,0,0.0,0.0,0.0,60.0,1.4569443112982872e+24,71.0,0.0,0.0,0.0,1069,0,1069,0,0,0,1070,0,1080,0,1000,0,656,0,657,0,652,0,676,0.032,1.4536034330083127e+22,2.004,2.73023467606737e+23,16528,16814,3.412794921344082e+22,-0.0,-117888.281,0.0,-4.446131233219202e+19,0.0,50.0,60.0,35,0.0,0.0,10.0,2.0,0.0,0.0,0.0,0.0,0.0,0.0,0.0,0.0,0.0,0.0,0.0,0.0,58.8,54,11,65508,27,65476,0,300,0,0,8,20529,65476,0,0,30147,60.0,0.0,10.0,10.0,2.0,0.0
2026-02-16T12:33:35,ERR,ERR,ERR,ERR,ERR,ERR,ERR,ERR,ERR,ERR,ERR,ERR,ERR,ERR,ERR,ERR,ERR,ERR,ERR,ERR,ERR,ERR,ERR,ERR,ERR,ERR,ERR,ERR,ERR,ERR,ERR,ERR,ERR,ERR,ERR,ERR,ERR,ERR,ERR,ERR,ERR,ERR,ERR,ERR,ERR,ERR,ERR,ERR,ERR,ERR,ERR,ERR,ERR,ERR,ERR,ERR,ERR,ERR,ERR,ERR,ERR,ERR,ERR,ERR,ERR,ERR,ERR,ERR,ERR,ERR,ERR,ERR,ERR,ERR,ERR,ERR,ERR,ERR,ERR,ERR,ERR,ERR,ERR,ERR,ERR,ERR,ERR,ERR,ERR,ERR,ERR,ERR,ERR,ERR,ERR,ERR,ERR,ERR,ERR,ERR,ERR,ERR,ERR,ERR,ERR,ERR,ERR,ERR,ERR,ERR,ERR,ERR,ERR,ERR,ERR,ERR,ERR,ERR,ERR,ERR,ERR,ERR,ERR,ERR,ERR,0.0,-0.0,0.0,0.0,0.0,5.969490681602126e+22,0.001,0.0,4300,0,8,17169,4300,0.0,41,0.0,0.0,0.0,0.0,2.7184166902131945e+23,0,0,0,0,0.0,0,0,0,0,0,0,0,0,0,0,0,0,0,0,0,0,0,0,0,0,0,0,0,0,0,0,0,0,0,0,0,0,0,7,37,37,44,65476,366,65476,1,0,4,21553,0.0,-107610720.0,0.0,0.0,0.0,0.0,0.0,0.0,0.0,0.0,0.0,0.0,0.0,0.0,0.0,0.0,0.0,0.0,0.0,0.0,0.0,2.004,2.004,-0.0,-3.697074863047967e+19,0.0,0.0,0.0,0.0,0.0,6640.0,0.0,0.0,0.0,-0.0,-107616248.0,-107616256.0,0.0,0.0,2.004,2.004,228,126840537088.0,-0.0,0.0,0.0,0.0,0.0,0.0,0.0,0.0,0,0,0,-1.3544760490872692e+25,2.323627441388181e+27,-0.0,0.002,-0.0,0.0,-2642308.0,997.094,-159208505344.0,-4.774550521451948e+28,-50.569,169626126254080.0,0.0,0.0,0.0,-0.0,0,1.3516416376850534e+27,228,0.0,456,-621855232.0,5.6142779363101766e+35,2114,52429,17109,0,17112,52429,17095,0,0,0,101,100,100,2.7302337753474445e+23,65.3,-0.0,65.6,0.0,65.5,1,49,50,180,52429,52429,0,0,0.0,0.0,0.0,60.0,54772166033408.0,71.0,0.0,-0.0,0.0,1069,0,1069,0,0,0,1069,0,1080,0,1000,0,656,0,658,0,652,0,676,0.032,1.4536034330083127e+22,0.0,0.0,14224,16814,1.6236375507426345e+18,-0.0,-350577885184.0,-5.0390028208413714e+32,-1.5505218885018197e+26,0.0,50.0,60.0,35,0.0,0.0,10.0,2.0,0.0,0.0,0.0,0.0,0.0,0.0,0.0,0.0,0.0,0.0,0.0,0.0,58.8,54,11,65508,27,65476,0,300,0,0,8,20529,65476,0,0,30147,60.0,0.0,10.0,10.0,2.0,0.0
2026-02-16T12:33:36,ERR,ERR,ERR,ERR,ERR,ERR,ERR,ERR,ERR,ERR,ERR,ERR,ERR,ERR,ERR,ERR,ERR,ERR,ERR,ERR,ERR,ERR,ERR,ERR,ERR,ERR,ERR,ERR,ERR,ERR,ERR,ERR,ERR,ERR,ERR,ERR,ERR,ERR,ERR,ERR,ERR,ERR,ERR,ERR,ERR,ERR,ERR,ERR,ERR,ERR,ERR,ERR,ERR,ERR,ERR,ERR,ERR,ERR,ERR,ERR,ERR,ERR,ERR,ERR,ERR,ERR,ERR,ERR,ERR,ERR,ERR,ERR,ERR,ERR,ERR,ERR,ERR,ERR,ERR,ERR,ERR,ERR,ERR,ERR,ERR,ERR,ERR,ERR,ERR,ERR,ERR,ERR,ERR,ERR,ERR,ERR,ERR,ERR,ERR,ERR,ERR,ERR,ERR,ERR,ERR,ERR,ERR,ERR,ERR,ERR,ERR,ERR,ERR,ERR,ERR,ERR,ERR,ERR,ERR,ERR,ERR,ERR,ERR,ERR,ERR,0.0,-0.0,0.0,0.0,0.0,0.0,-0.0,1.21499987343329e+37,4300,0,8,17169,4300,0.0,41,0.0,0.0,0.0,0.0,2.7184166902131945e+23,0,0,0,0,0.0,0,0,0,0,0,0,0,0,0,0,0,0,0,0,0,0,0,0,0,0,0,0,0,0,0,0,0,0,0,0,0,0,0,8,37,36,44,65476,365,65476,1,0,4,21553,0.0,-107610720.0,0.0,0.0,0.0,0.0,0.0,0.0,0.0,0.0,0.0,0.0,0.0,0.0,0.0,0.0,0.0,0.0,0.0,0.0,0.0,2.004,2.004,-0.0,-3.697074863047967e+19,-3.697075302852618e+19,0.0,0.0,0.0,0.0,6651.0,0.0,0.0,0.0,-0.0,-107616248.0,-0.0,-0.0,0.0,2.004,2.004,229,-71.629,-0.0,0.0,0.0,0.0,0.0,0.0,0.0,0.0,0,0,0,-41946640384.0,1435709.125,-0.0,-0.0,5.556406823673417e+30,0.0,-263360610304.0,0.0,-16929853440.0,-5.145932533237562e+28,-53.819,183919777415168.0,0.0,0.0,0.0,6.652219158842919e+20,0,1.3516416376850534e+27,229,0.0,458,-621855232.0,5.6142779363101766e+35,2114,52429,17109,0,17112,52429,17095,0,0,0,101,100,100,2.7302337753474445e+23,65.3,-0.0,65.6,0.0,65.5,1,49,50,180,52429,52429,0,0,0.0,0.0,0.0,60.0,54772166033408.0,71.0,0.0,-0.0,0.0,1069,0,1069,0,0,0,1069,0,1080,0,1000,0,656,0,658,0,652,0,676,0.032,1.4536034330083127e+22,0.0,0.0,14224,16814,1.6236375507426345e+18,-0.0,-350577885184.0,-5.0390028208413714e+32,-1.5505218885018197e+26,0.0,50.0,60.0,35,0.0,0.0,10.0,2.0,0.0,0.0,0.0,0.0,0.0,0.0,0.0,0.0,0.0,0.0,0.0,0.0,58.8,54,11,65508,27,65476,0,300,0,0,8,20529,65476,0,0,30147,60.0,0.0,10.0,10.0,2.0,0.0
2026-02-16T12:33:37,ERR,ERR,ERR,ERR,ERR,ERR,ERR,ERR,ERR,ERR,ERR,ERR,ERR,ERR,ERR,ERR,ERR,ERR,ERR,ERR,ERR,ERR,ERR,ERR,ERR,ERR,ERR,ERR,ERR,ERR,ERR,ERR,ERR,ERR,ERR,ERR,ERR,ERR,ERR,ERR,ERR,ERR,ERR,ERR,ERR,ERR,ERR,ERR,ERR,ERR,ERR,ERR,ERR,ERR,ERR,ERR,ERR,ERR,ERR,ERR,ERR,ERR,ERR,ERR,ERR,ERR,ERR,ERR,ERR,ERR,ERR,ERR,ERR,ERR,ERR,ERR,ERR,ERR,ERR,ERR,ERR,ERR,ERR,ERR,ERR,ERR,ERR,ERR,ERR,ERR,ERR,ERR,ERR,ERR,ERR,ERR,ERR,ERR,ERR,ERR,ERR,ERR,ERR,ERR,ERR,ERR,ERR,ERR,ERR,ERR,ERR,ERR,ERR,ERR,ERR,ERR,ERR,ERR,ERR,ERR,ERR,ERR,ERR,ERR,ERR,0.0,-0.0,0.0,0.0,0.0,0.0,-0.0,1.21499987343329e+37,4300,0,8,17169,4300,0.0,41,0.0,0.0,0.0,0.0,2.7184166902131945e+23,0,0,0,0,0.0,0,0,0,0,0,0,0,0,0,0,0,0,0,0,0,0,0,0,0,0,0,0,0,0,0,0,0,0,0,0,0,0,0,8,37,36,44,65476,365,65476,1,0,4,21553,0.0,-107610720.0,0.0,0.0,0.0,0.0,0.0,0.0,0.0,0.0,0.0,0.0,0.0,0.0,0.0,0.0,0.0,0.0,0.0,0.0,0.0,2.004,2.004,-0.0,-3.697074863047967e+19,-3.697075302852618e+19,0.0,0.0,0.0,0.0,6651.0,0.0,0.0,0.0,-0.0,-107616248.0,-0.0,-0.0,0.0,2.004,2.004,229,-71.629,-0.0,0.0,0.0,0.0,0.0,0.0,0.0,0.0,0,0,0,-41946640384.0,1435709.125,-0.0,-0.0,5.556406823673417e+30,0.0,-263360610304.0,0.0,-16929853440.0,-5.145932533237562e+28,-53.819,183919777415168.0,0.0,0.0,0.0,6.652219158842919e+20,0,1.3516416376850534e+27,229,0.0,458,-621855232.0,5.6142779363101766e+35,2114,52429,17109,0,17112,52429,17095,0,0,0,101,100,100,2.7302337753474445e+23,65.3,-0.0,65.6,0.0,65.5,1,49,50,180,52429,52429,0,0,0.0,0.0,0.0,60.0,54772166033408.0,71.0,0.0,-0.0,0.0,1069,0,1069,0,0,0,1069,0,1080,0,1000,0,656,0,658,0,652,0,676,0.032,1.4536034330083127e+22,0.0,0.0,14224,16814,1.6236375507426345e+18,-0.0,-350577885184.0,-5.0390028208413714e+32,-1.5505218885018197e+26,0.0,50.0,60.0,35,0.0,0.0,10.0,2.0,0.0,0.0,0.0,0.0,0.0,0.0,0.0,0.0,0.0,0.0,0.0,0.0,58.8,54,11,65508,27,65476,0,300,0,0,8,20529,65476,0,0,30147,60.0,0.0,10.0,10.0,2.0,0.0
2026-02-16T12:33:38,ERR,ERR,ERR,ERR,ERR,ERR,ERR,ERR,ERR,ERR,ERR,ERR,ERR,ERR,ERR,ERR,ERR,ERR,ERR,ERR,ERR,ERR,ERR,ERR,ERR,ERR,ERR,ERR,ERR,ERR,ERR,ERR,ERR,ERR,ERR,ERR,ERR,ERR,ERR,ERR,ERR,ERR,ERR,ERR,ERR,ERR,ERR,ERR,ERR,ERR,ERR,ERR,ERR,ERR,ERR,ERR,ERR,ERR,ERR,ERR,ERR,ERR,ERR,ERR,ERR,ERR,ERR,ERR,ERR,ERR,ERR,ERR,ERR,ERR,ERR,ERR,ERR,ERR,ERR,ERR,ERR,ERR,ERR,ERR,ERR,ERR,ERR,ERR,ERR,ERR,ERR,ERR,ERR,ERR,ERR,ERR,ERR,ERR,ERR,ERR,ERR,ERR,ERR,ERR,ERR,ERR,ERR,ERR,ERR,ERR,ERR,ERR,ERR,ERR,ERR,ERR,ERR,ERR,ERR,ERR,ERR,ERR,ERR,ERR,ERR,0.0,-0.0,0.0,0.0,0.0,0.0,-0.0,1.21499987343329e+37,4300,0,8,17169,4300,0.0,41,0.0,0.0,0.0,0.0,2.7184166902131945e+23,0,0,0,0,0.0,0,0,0,0,0,0,0,0,0,0,0,0,0,0,0,0,0,0,0,0,0,0,0,0,0,0,0,0,0,0,0,0,0,8,37,36,44,65476,365,65476,1,0,4,21553,0.0,-107610720.0,0.0,0.0,0.0,0.0,0.0,0.0,0.0,0.0,0.0,0.0,0.0,0.0,0.0,0.0,0.0,0.0,0.0,0.0,0.0,2.004,2.004,-0.0,-3.697074863047967e+19,-3.697075302852618e+19,0.0,0.0,0.0,0.0,6651.0,0.0,0.0,0.0,-0.0,-107616248.0,-0.0,-0.0,0.0,2.004,2.004,229,-71.629,-0.0,0.0,0.0,0.0,0.0,0.0,0.0,0.0,0,0,0,-41946640384.0,1435709.125,-0.0,-0.0,5.556406823673417e+30,0.0,-263360610304.0,0.0,-16929853440.0,-5.145932533237562e+28,-53.819,183919777415168.0,0.0,0.0,0.0,6.652219158842919e+20,0,1.3516416376850534e+27,229,0.0,458,-621855232.0,5.6142779363101766e+35,2114,0,17110,0,17112,52429,17095,0,0,0,101,100,100,2.7302337753474445e+23,65.2,2.7302339554914296e+23,65.6,0.0,65.5,1,49,50,180,52429,52429,0,0,0.0,0.0,0.0,60.0,4.845525016756262e+24,71.0,0.0,0.0,0.0,1069,0,1069,0,0,0,1069,0,1080,0,999,0,656,0,658,0,652,0,676,0.032,1.4609821306377965e+22,0.0,0.0,8848,16814,7.45955487384723e+26,0.0,1.1913242420559595e+38,-331.507,-0.0,-1.4724729764561916e+27,50.0,60.0,35,0.0,0.0,10.0,2.0,0.0,0.0,0.0,0.0,0.0,0.0,0.0,0.0,0.0,0.0,0.0,0.0,58.8,54,11,65509,27,65476,0,300,0,0,8,20529,65476,0,0,30147,60.0,0.0,10.0,10.0,2.0,0.0
2026-02-16T12:33:39,ERR,ERR,ERR,ERR,ERR,ERR,ERR,ERR,ERR,ERR,ERR,ERR,ERR,ERR,ERR,ERR,ERR,ERR,ERR,ERR,ERR,ERR,ERR,ERR,ERR,ERR,ERR,ERR,ERR,ERR,ERR,ERR,ERR,ERR,ERR,ERR,ERR,ERR,ERR,ERR,ERR,ERR,ERR,ERR,ERR,ERR,ERR,ERR,ERR,ERR,ERR,ERR,ERR,ERR,ERR,ERR,ERR,ERR,ERR,ERR,ERR,ERR,ERR,ERR,ERR,ERR,ERR,ERR,ERR,ERR,ERR,ERR,ERR,ERR,ERR,ERR,ERR,ERR,ERR,ERR,ERR,ERR,ERR,ERR,ERR,ERR,ERR,ERR,ERR,ERR,ERR,ERR,ERR,ERR,ERR,ERR,ERR,ERR,ERR,ERR,ERR,ERR,ERR,ERR,ERR,ERR,ERR,ERR,ERR,ERR,ERR,ERR,ERR,ERR,ERR,ERR,ERR,ERR,ERR,ERR,ERR,ERR,ERR,ERR,ERR,0.0,-0.0,0.0,0.0,0.0,0.0,-0.0,1.21499987343329e+37,4300,0,8,17169,4300,0.0,41,0.0,0.0,0.0,0.0,2.7184166902131945e+23,0,0,0,0,0.0,0,0,0,0,0,0,0,0,0,0,0,0,0,0,0,0,0,0,0,0,0,0,0,0,0,0,0,0,0,0,0,0,0,8,37,36,44,65476,365,65476,1,0,4,21553,0.0,-107610720.0,0.0,0.0,0.0,0.0,0.0,0.0,0.0,0.0,0.0,0.0,0.0,0.0,0.0,0.0,0.0,0.0,0.0,0.0,0.0,2.004,2.004,-0.0,-3.697074863047967e+19,-3.697075302852618e+19,0.0,0.0,0.0,0.0,6651.0,0.0,0.0,0.0,-0.0,-107616248.0,-0.0,-0.0,0.0,2.004,2.004,229,-71.629,-0.0,0.0,0.0,0.0,0.0,0.0,0.0,0.0,0,0,0,-41946640384.0,1435709.125,-0.0,-0.0,5.556406823673417e+30,0.0,-263360610304.0,0.0,-16929853440.0,-5.145932533237562e+28,-53.819,183919777415168.0,0.0,0.0,0.0,6.652219158842919e+20,0,1.3516416376850534e+27,229,0.0,458,-621855232.0,5.6142779363101766e+35,2114,0,17110,0,17112,52429,17095,0,0,0,101,100,100,2.7302337753474445e+23,65.2,2.7302339554914296e+23,65.6,0.0,65.5,1,49,50,180,52429,52429,0,0,0.0,0.0,0.0,60.0,4.845525016756262e+24,71.0,0.0,0.0,0.0,1069,0,1069,0,0,0,1069,0,1080,0,999,0,656,0,658,0,652,0,676,0.032,1.4609821306377965e+22,0.0,0.0,8848,16814,7.45955487384723e+26,0.0,1.1913242420559595e+38,-331.507,-0.0,-1.4724729764561916e+27,50.0,60.0,35,0.0,0.0,10.0,2.0,0.0,0.0,0.0,0.0,0.0,0.0,0.0,0.0,0.0,0.0,0.0,0.0,58.8,54,11,65509,27,65476,0,300,0,0,8,20529,65476,0,0,30147,60.0,0.0,10.0,10.0,2.0,0.0
2026-02-16T12:33:40,ERR,ERR,ERR,ERR,ERR,ERR,ERR,ERR,ERR,ERR,ERR,ERR,ERR,ERR,ERR,ERR,ERR,ERR,ERR,ERR,ERR,ERR,ERR,ERR,ERR,ERR,ERR,ERR,ERR,ERR,ERR,ERR,ERR,ERR,ERR,ERR,ERR,ERR,ERR,ERR,ERR,ERR,ERR,ERR,ERR,ERR,ERR,ERR,ERR,ERR,ERR,ERR,ERR,ERR,ERR,ERR,ERR,ERR,ERR,ERR,ERR,ERR,ERR,ERR,ERR,ERR,ERR,ERR,ERR,ERR,ERR,ERR,ERR,ERR,ERR,ERR,ERR,ERR,ERR,ERR,ERR,ERR,ERR,ERR,ERR,ERR,ERR,ERR,ERR,ERR,ERR,ERR,ERR,ERR,ERR,ERR,ERR,ERR,ERR,ERR,ERR,ERR,ERR,ERR,ERR,ERR,ERR,ERR,ERR,ERR,ERR,ERR,ERR,ERR,ERR,ERR,ERR,ERR,ERR,ERR,ERR,ERR,ERR,ERR,ERR,0.0,-0.0,0.0,0.0,0.0,0.0,-0.0,1.21499987343329e+37,4300,0,8,17169,4300,0.0,41,0.0,0.0,0.0,0.0,2.7184166902131945e+23,0,0,0,0,0.0,0,0,0,0,0,0,0,0,0,0,0,0,0,0,0,0,0,0,0,0,0,0,0,0,0,0,0,0,0,0,0,0,0,8,37,36,44,65476,365,65476,1,0,4,21553,0.0,-107610720.0,0.0,0.0,0.0,0.0,0.0,0.0,0.0,0.0,0.0,0.0,0.0,0.0,0.0,0.0,0.0,0.0,0.0,0.0,0.0,2.004,2.004,-0.0,-3.697074863047967e+19,-3.697075302852618e+19,0.0,0.0,0.0,0.0,6651.0,0.0,0.0,0.0,-0.0,-107616248.0,-0.0,-0.0,0.0,2.004,2.004,229,-71.629,-0.0,0.0,0.0,0.0,0.0,0.0,0.0,0.0,0,0,0,-41946640384.0,1435709.125,-0.0,-0.0,5.556406823673417e+30,0.0,-263360610304.0,0.0,-16929853440.0,-5.145932533237562e+28,-53.819,183919777415168.0,0.0,0.0,0.0,6.652219158842919e+20,0,1.3516416376850534e+27,229,0.0,458,-621855232.0,5.6142779363101766e+35,2114,0,17110,0,17112,52429,17095,0,0,0,101,100,100,2.7302337753474445e+23,65.2,2.7302339554914296e+23,65.6,0.0,65.5,1,49,50,180,52429,52429,0,0,0.0,0.0,0.0,60.0,4.845525016756262e+24,71.0,0.0,0.0,0.0,1069,0,1069,0,0,0,1069,0,1080,0,999,0,656,0,658,0,652,0,676,0.032,1.4609821306377965e+22,0.0,0.0,8848,16814,7.45955487384723e+26,0.0,1.1913242420559595e+38,-331.507,-0.0,-1.4724729764561916e+27,50.0,60.0,35,0.0,0.0,10.0,2.0,0.0,0.0,0.0,0.0,0.0,0.0,0.0,0.0,0.0,0.0,0.0,0.0,58.8,54,11,65509,27,65476,0,300,0,0,8,20529,65476,0,0,30147,60.0,0.0,10.0,10.0,2.0,0.0
2026-02-16T12:33:41,ERR,ERR,ERR,ERR,ERR,ERR,ERR,ERR,ERR,ERR,ERR,ERR,ERR,ERR,ERR,ERR,ERR,ERR,ERR,ERR,ERR,ERR,ERR,ERR,ERR,ERR,ERR,ERR,ERR,ERR,ERR,ERR,ERR,ERR,ERR,ERR,ERR,ERR,ERR,ERR,ERR,ERR,ERR,ERR,ERR,ERR,ERR,ERR,ERR,ERR,ERR,ERR,ERR,ERR,ERR,ERR,ERR,ERR,ERR,ERR,ERR,ERR,ERR,ERR,ERR,ERR,ERR,ERR,ERR,ERR,ERR,ERR,ERR,ERR,ERR,ERR,ERR,ERR,ERR,ERR,ERR,ERR,ERR,ERR,ERR,ERR,ERR,ERR,ERR,ERR,ERR,ERR,ERR,ERR,ERR,ERR,ERR,ERR,ERR,ERR,ERR,ERR,ERR,ERR,ERR,ERR,ERR,ERR,ERR,ERR,ERR,ERR,ERR,ERR,ERR,ERR,ERR,ERR,ERR,ERR,ERR,ERR,ERR,ERR,ERR,0.0,-0.0,0.0,0.0,0.0,0.0,-2.3098377548597297e+19,2.5714804022947575e+22,4300,0,8,17169,4300,0.0,41,0.0,0.0,0.0,0.0,2.7184166902131945e+23,0,0,0,0,0.0,0,0,0,0,0,0,0,0,0,0,0,0,0,0,0,0,0,0,0,0,0,0,0,0,0,0,0,0,0,0,0,0,0,8,37,36,44,65476,365,65476,1,0,4,21553,0.0,-0.0,0.0,0.0,0.0,0.0,0.0,0.0,0.0,0.0,0.0,0.0,0.0,0.0,0.0,0.0,0.0,0.0,0.0,0.0,0.0,2.004,2.004,-0.0,-3.697074863047967e+19,-3.697075302852618e+19,0.0,0.0,0.0,0.0,6615.0,-1.0406715705571685e+34,0.0,0.0,-0.0,-107616248.0,-0.0,0.0,0.0,2.004,2.004,230,-0.0,-0.0,0.0,0.0,0.0,0.0,0.0,0.0,0.0,0,0,0,-6.579244923951147e+19,-0.0,-0.0,9.023721007283634e+27,-0.0,-11.266,-0.0,-0.0,2007923517554688.0,-5.517314545023176e+28,-56.819,197113916948480.0,0.0,0.0,0.0,-0.0,0,1.3516416376850534e+27,230,0.0,460,-621855232.0,5.6142779363101766e+35,2114,52429,17109,0,17112,52429,17095,0,0,0,101,100,100,2.7302337753474445e+23,65.3,-0.0,65.6,0.0,65.5,1,49,50,180,52429,52429,0,0,0.0,0.0,0.0,60.0,2.6842891940337287e+19,71.0,0.0,-0.0,0.0,1069,0,1069,0,0,0,1069,0,1080,0,1000,0,656,0,658,0,652,0,676,0.032,1.4536034330083127e+22,0.0,0.0,15888,16814,2.6842891940337287e+19,-0.0,-999458485567488.0,-3.063720644010617e+23,-2.2209254812318628e+30,0.0,50.0,60.0,35,0.0,0.0,10.0,2.0,0.0,0.0,0.0,0.0,0.0,0.0,0.0,0.0,0.0,0.0,0.0,0.0,58.8,54,11,65509,27,65476,0,300,0,0,8,20529,65476,0,0,30147,60.0,0.0,10.0,10.0,2.0,0.0
2026-02-16T12:33:42,ERR,ERR,ERR,ERR,ERR,ERR,ERR,ERR,ERR,ERR,ERR,ERR,ERR,ERR,ERR,ERR,ERR,ERR,ERR,ERR,ERR,ERR,ERR,ERR,ERR,ERR,ERR,ERR,ERR,ERR,ERR,ERR,ERR,ERR,ERR,ERR,ERR,ERR,ERR,ERR,ERR,ERR,ERR,ERR,ERR,ERR,ERR,ERR,ERR,ERR,ERR,ERR,ERR,ERR,ERR,ERR,ERR,ERR,ERR,ERR,ERR,ERR,ERR,ERR,ERR,ERR,ERR,ERR,ERR,ERR,ERR,ERR,ERR,ERR,ERR,ERR,ERR,ERR,ERR,ERR,ERR,ERR,ERR,ERR,ERR,ERR,ERR,ERR,ERR,ERR,ERR,ERR,ERR,ERR,ERR,ERR,ERR,ERR,ERR,ERR,ERR,ERR,ERR,ERR,ERR,ERR,ERR,ERR,ERR,ERR,ERR,ERR,ERR,ERR,ERR,ERR,ERR,ERR,ERR,ERR,ERR,ERR,ERR,ERR,ERR,0.0,-0.0,0.0,0.0,0.0,0.0,-2.3098377548597297e+19,2.5714804022947575e+22,4300,0,8,17169,4300,0.0,41,0.0,0.0,0.0,0.0,2.7184166902131945e+23,0,0,0,0,0.0,0,0,0,0,0,0,0,0,0,0,0,0,0,0,0,0,0,0,0,0,0,0,0,0,0,0,0,0,0,0,0,0,0,8,37,36,44,65476,365,65476,1,0,4,21553,0.0,-0.0,0.0,0.0,0.0,0.0,0.0,0.0,0.0,0.0,0.0,0.0,0.0,0.0,0.0,0.0,0.0,0.0,0.0,0.0,0.0,2.004,2.004,-0.0,-3.697074863047967e+19,-3.697075302852618e+19,0.0,0.0,0.0,0.0,6615.0,-1.0406715705571685e+34,0.0,0.0,-0.0,-107616248.0,-0.0,0.0,0.0,2.004,2.004,230,-0.0,-0.0,0.0,0.0,0.0,0.0,0.0,0.0,0.0,0,0,0,-6.579244923951147e+19,-0.0,-0.0,9.023721007283634e+27,-0.0,-11.266,-0.0,-0.0,2007923517554688.0,-5.517314545023176e+28,-56.819,197113916948480.0,0.0,0.0,0.0,-0.0,0,1.3516416376850534e+27,230,0.0,460,-621855232.0,5.6142779363101766e+35,2114,52429,17109,0,17112,52429,17095,0,0,0,101,100,100,2.7302337753474445e+23,65.3,-0.0,65.6,0.0,65.5,1,49,50,180,52429,52429,0,0,0.0,0.0,0.0,60.0,2.6842891940337287e+19,71.0,0.0,-0.0,0.0,1069,0,1069,0,0,0,1069,0,1080,0,1000,0,656,0,658,0,652,0,676,0.032,1.4536034330083127e+22,0.0,0.0,15888,16814,2.6842891940337287e+19,-0.0,-999458485567488.0,-3.063720644010617e+23,-2.2209254812318628e+30,0.0,50.0,60.0,35,0.0,0.0,10.0,2.0,0.0,0.0,0.0,0.0,0.0,0.0,0.0,0.0,0.0,0.0,0.0,0.0,58.8,54,11,65509,27,65476,0,300,0,0,8,20529,65476,0,0,30147,60.0,0.0,10.0,10.0,2.0,0.0
2026-02-16T12:33:43,ERR,ERR,ERR,ERR,ERR,ERR,ERR,ERR,ERR,ERR,ERR,ERR,ERR,ERR,ERR,ERR,ERR,ERR,ERR,ERR,ERR,ERR,ERR,ERR,ERR,ERR,ERR,ERR,ERR,ERR,ERR,ERR,ERR,ERR,ERR,ERR,ERR,ERR,ERR,ERR,ERR,ERR,ERR,ERR,ERR,ERR,ERR,ERR,ERR,ERR,ERR,ERR,ERR,ERR,ERR,ERR,ERR,ERR,ERR,ERR,ERR,ERR,ERR,ERR,ERR,ERR,ERR,ERR,ERR,ERR,ERR,ERR,ERR,ERR,ERR,ERR,ERR,ERR,ERR,ERR,ERR,ERR,ERR,ERR,ERR,ERR,ERR,ERR,ERR,ERR,ERR,ERR,ERR,ERR,ERR,ERR,ERR,ERR,ERR,ERR,ERR,ERR,ERR,ERR,ERR,ERR,ERR,ERR,ERR,ERR,ERR,ERR,ERR,ERR,ERR,ERR,ERR,ERR,ERR,ERR,ERR,ERR,ERR,ERR,ERR,0.0,-0.0,0.0,0.0,0.0,0.0,-2.3098377548597297e+19,2.5714804022947575e+22,4300,0,8,17169,4300,0.0,41,0.0,0.0,0.0,0.0,2.7184166902131945e+23,0,0,0,0,0.0,0,0,0,0,0,0,0,0,0,0,0,0,0,0,0,0,0,0,0,0,0,0,0,0,0,0,0,0,0,0,0,0,0,8,37,36,44,65476,365,65476,1,0,4,21553,0.0,-0.0,0.0,0.0,0.0,0.0,0.0,0.0,0.0,0.0,0.0,0.0,0.0,0.0,0.0,0.0,0.0,0.0,0.0,0.0,0.0,2.004,2.004,-0.0,-3.697074863047967e+19,-3.697075302852618e+19,0.0,0.0,0.0,0.0,6615.0,-1.0406715705571685e+34,0.0,0.0,-0.0,-107616248.0,-0.0,0.0,0.0,2.004,2.004,230,-0.0,-0.0,0.0,0.0,0.0,0.0,0.0,0.0,0.0,0,0,0,-6.579244923951147e+19,-0.0,-0.0,9.023721007283634e+27,-0.0,-11.266,-0.0,-0.0,2007923517554688.0,-5.517314545023176e+28,-56.819,197113916948480.0,0.0,0.0,0.0,-0.0,0,1.3516416376850534e+27,230,0.0,460,-621855232.0,5.6142779363101766e+35,2114,52429,17109,0,17112,52429,17095,0,0,0,101,100,100,2.7302337753474445e+23,65.3,-0.0,65.6,0.0,65.5,1,49,50,180,52429,52429,0,0,0.0,0.0,0.0,60.0,2.6842891940337287e+19,71.0,0.0,-0.0,0.0,1069,0,1069,0,0,0,1069,0,1080,0,1000,0,656,0,658,0,652,0,676,0.032,1.4536034330083127e+22,0.0,0.0,15888,16814,2.6842891940337287e+19,-0.0,-999458485567488.0,-3.063720644010617e+23,-2.2209254812318628e+30,0.0,50.0,60.0,35,0.0,0.0,10.0,2.0,0.0,0.0,0.0,0.0,0.0,0.0,0.0,0.0,0.0,0.0,0.0,0.0,58.8,54,11,65509,27,65476,0,300,0,0,8,20529,65476,0,0,30147,60.0,0.0,10.0,10.0,2.0,0.0
2026-02-16T12:33:44,ERR,ERR,ERR,ERR,ERR,ERR,ERR,ERR,ERR,ERR,ERR,ERR,ERR,ERR,ERR,ERR,ERR,ERR,ERR,ERR,ERR,ERR,ERR,ERR,ERR,ERR,ERR,ERR,ERR,ERR,ERR,ERR,ERR,ERR,ERR,ERR,ERR,ERR,ERR,ERR,ERR,ERR,ERR,ERR,ERR,ERR,ERR,ERR,ERR,ERR,ERR,ERR,ERR,ERR,ERR,ERR,ERR,ERR,ERR,ERR,ERR,ERR,ERR,ERR,ERR,ERR,ERR,ERR,ERR,ERR,ERR,ERR,ERR,ERR,ERR,ERR,ERR,ERR,ERR,ERR,ERR,ERR,ERR,ERR,ERR,ERR,ERR,ERR,ERR,ERR,ERR,ERR,ERR,ERR,ERR,ERR,ERR,ERR,ERR,ERR,ERR,ERR,ERR,ERR,ERR,ERR,ERR,ERR,ERR,ERR,ERR,ERR,ERR,ERR,ERR,ERR,ERR,ERR,ERR,ERR,ERR,ERR,ERR,ERR,ERR,0.0,-0.0,0.0,0.0,0.0,0.0,-2.3098377548597297e+19,2.5714804022947575e+22,4300,0,8,17169,4300,0.0,41,0.0,0.0,0.0,0.0,2.7184166902131945e+23,0,0,0,0,0.0,0,0,0,0,0,0,0,0,0,0,0,0,0,0,0,0,0,0,0,0,0,0,0,0,0,0,0,0,0,0,0,0,0,8,37,36,44,65476,365,65476,1,0,4,21553,0.0,-0.0,0.0,0.0,0.0,0.0,0.0,0.0,0.0,0.0,0.0,0.0,0.0,0.0,0.0,0.0,0.0,0.0,0.0,0.0,0.0,2.004,2.004,-0.0,-3.697074863047967e+19,-3.697075302852618e+19,0.0,0.0,0.0,0.0,6615.0,-1.0406715705571685e+34,0.0,0.0,-0.0,-107616248.0,-0.0,0.0,0.0,2.004,2.004,230,-0.0,-0.0,0.0,0.0,0.0,0.0,0.0,0.0,0.0,0,0,0,-6.579244923951147e+19,-0.0,-0.0,9.023721007283634e+27,-0.0,-11.266,-0.0,-0.0,2007923517554688.0,-5.517314545023176e+28,-56.819,197113916948480.0,0.0,0.0,0.0,-0.0,0,1.3516416376850534e+27,230,0.0,460,-621855232.0,5.6142779363101766e+35,2114,52429,17109,0,17112,52429,17095,0,0,0,101,100,100,2.7302337753474445e+23,65.3,-0.0,65.6,0.0,65.5,1,49,50,180,52429,52429,0,0,0.0,0.0,0.0,60.0,2.6842891940337287e+19,71.0,0.0,-0.0,0.0,1069,0,1069,0,0,0,1069,0,1080,0,1000,0,656,0,658,0,652,0,676,0.032,1.4536034330083127e+22,0.0,0.0,15888,16814,2.6842891940337287e+19,-0.0,-999458485567488.0,-3.063720644010617e+23,-2.2209254812318628e+30,0.0,50.0,60.0,35,0.0,0.0,10.0,2.0,0.0,0.0,0.0,0.0,0.0,0.0,0.0,0.0,0.0,0.0,0.0,0.0,58.8,54,11,65509,27,65476,0,300,0,0,8,20529,65476,0,0,30147,60.0,0.0,10.0,10.0,2.0,0.0
2026-02-16T12:33:45,ERR,ERR,ERR,ERR,ERR,ERR,ERR,ERR,ERR,ERR,ERR,ERR,ERR,ERR,ERR,ERR,ERR,ERR,ERR,ERR,ERR,ERR,ERR,ERR,ERR,ERR,ERR,ERR,ERR,ERR,ERR,ERR,ERR,ERR,ERR,ERR,ERR,ERR,ERR,ERR,ERR,ERR,ERR,ERR,ERR,ERR,ERR,ERR,ERR,ERR,ERR,ERR,ERR,ERR,ERR,ERR,ERR,ERR,ERR,ERR,ERR,ERR,ERR,ERR,ERR,ERR,ERR,ERR,ERR,ERR,ERR,ERR,ERR,ERR,ERR,ERR,ERR,ERR,ERR,ERR,ERR,ERR,ERR,ERR,ERR,ERR,ERR,ERR,ERR,ERR,ERR,ERR,ERR,ERR,ERR,ERR,ERR,ERR,ERR,ERR,ERR,ERR,ERR,ERR,ERR,ERR,ERR,ERR,ERR,ERR,ERR,ERR,ERR,ERR,ERR,ERR,ERR,ERR,ERR,ERR,ERR,ERR,ERR,ERR,ERR,0.0,-0.0,0.0,0.0,0.0,0.0,-2.3098377548597297e+19,2.5714804022947575e+22,4300,0,8,17169,4300,0.0,41,0.0,0.0,0.0,0.0,2.7184166902131945e+23,0,0,0,0,0.0,0,0,0,0,0,0,0,0,0,0,0,0,0,0,0,0,0,0,0,0,0,0,0,0,0,0,0,0,0,0,0,0,0,8,37,36,44,65476,365,65476,1,0,4,21553,0.0,-0.0,0.0,0.0,0.0,0.0,0.0,0.0,0.0,0.0,0.0,0.0,0.0,0.0,0.0,0.0,0.0,0.0,0.0,0.0,0.0,2.004,2.004,-0.0,-3.697074863047967e+19,-3.697075302852618e+19,0.0,0.0,0.0,0.0,6615.0,-1.0406715705571685e+34,0.0,0.0,-0.0,-107616248.0,-0.0,0.0,0.0,2.004,2.004,230,-0.0,-0.0,0.0,0.0,0.0,0.0,0.0,0.0,0.0,0,0,0,-6.579244923951147e+19,-0.0,-0.0,9.023721007283634e+27,-0.0,-11.266,-0.0,-0.0,2007923517554688.0,-5.517314545023176e+28,-56.819,197113916948480.0,0.0,0.0,0.0,-0.0,0,1.3516416376850534e+27,230,0.0,460,-621855232.0,5.6142779363101766e+35,2114,52429,17109,0,17112,52429,17095,0,0,0,101,100,100,2.7302337753474445e+23,65.3,-0.0,65.6,0.0,65.5,1,49,50,180,52429,52429,0,0,0.0,0.0,0.0,60.0,1.2399515312887586e+28,71.0,0.0,-0.0,0.0,1069,0,1069,0,0,0,1070,0,1080,0,999,0,656,0,658,0,652,0,676,0.032,1.4536034330083127e+22,0.0,0.0,10896,16814,5.255302540980823e+29,-0.0,0.0,6.574526323181253e+22,0.0,3.6951169407021534e+20,50.0,60.0,35,0.0,0.0,10.0,2.0,0.0,0.0,0.0,0.0,0.0,0.0,0.0,0.0,0.0,0.0,0.0,0.0,59.2,54,11,65509,27,65476,0,300,0,0,8,20529,65476,0,0,30147,60.0,0.0,10.0,10.0,2.0,0.0
2026-02-16T12:33:46,ERR,ERR,ERR,ERR,ERR,ERR,ERR,ERR,ERR,ERR,ERR,ERR,ERR,ERR,ERR,ERR,ERR,ERR,ERR,ERR,ERR,ERR,ERR,ERR,ERR,ERR,ERR,ERR,ERR,ERR,ERR,ERR,ERR,ERR,ERR,ERR,ERR,ERR,ERR,ERR,ERR,ERR,ERR,ERR,ERR,ERR,ERR,ERR,ERR,ERR,ERR,ERR,ERR,ERR,ERR,ERR,ERR,ERR,ERR,ERR,ERR,ERR,ERR,ERR,ERR,ERR,ERR,ERR,ERR,ERR,ERR,ERR,ERR,ERR,ERR,ERR,ERR,ERR,ERR,ERR,ERR,ERR,ERR,ERR,ERR,ERR,ERR,ERR,ERR,ERR,ERR,ERR,ERR,ERR,ERR,ERR,ERR,ERR,ERR,ERR,ERR,ERR,ERR,ERR,ERR,ERR,ERR,ERR,ERR,ERR,ERR,ERR,ERR,ERR,ERR,ERR,ERR,ERR,ERR,ERR,ERR,ERR,ERR,ERR,ERR,0.0,-0.0,0.0,0.0,0.0,0.0,-67778480.0,1.8971466992033723e+29,4300,0,8,17169,4300,0.0,41,0.0,0.0,0.0,0.0,2.7184166902131945e+23,0,0,0,0,0.0,0,0,0,0,0,0,0,0,0,0,0,0,0,0,0,0,0,0,0,0,0,0,0,0,0,0,0,0,0,0,0,0,0,8,37,36,44,65476,363,65476,1,0,4,21553,0.0,-0.0,0.0,0.0,0.0,0.0,0.0,0.0,0.0,0.0,0.0,0.0,0.0,0.0,0.0,0.0,0.0,0.0,0.0,0.0,0.0,2.004,2.004,-0.0,-3.697074863047967e+19,0.0,0.0,0.0,0.0,0.0,6649.0,0.0,0.0,0.0,-0.0,-107616248.0,-107616256.0,0.0,0.0,2.004,2.004,229,-0.0,-0.0,0.0,0.0,0.0,0.0,0.0,0.0,0.0,0,0,0,-3.085945301446749e+26,0.002,-0.0,-1.5438895875509715e+19,-0.0,-21398494.0,4.5008625917185593e+24,0.0,8.839416529121444e+17,-5.88869655680879e+28,-59.819,210308056481792.0,0.0,0.0,0.0,1.8612544093991196e+22,0,1.3516416376850534e+27,229,0.0,458,0.0,-0.0,2114,52429,17109,0,17112,52429,17095,0,0,0,101,100,100,2.7302337753474445e+23,65.3,-0.0,65.6,0.0,65.5,1,49,50,180,52429,52429,0,0,0.0,0.0,0.0,60.0,1.2399515312887586e+28,71.0,0.0,-0.0,0.0,1069,0,1069,0,0,0,1070,0,1080,0,999,0,656,0,658,0,652,0,676,0.032,1.4536034330083127e+22,0.0,0.0,10896,16814,5.255302540980823e+29,-0.0,0.0,6.574526323181253e+22,0.0,3.6951169407021534e+20,50.0,60.0,35,0.0,0.0,10.0,2.0,0.0,0.0,0.0,0.0,0.0,0.0,0.0,0.0,0.0,0.0,0.0,0.0,59.2,54,11,65509,27,65476,0,300,0,0,8,20529,65476,0,0,30147,60.0,0.0,10.0,10.0,2.0,0.0
2026-02-16T12:33:47,ERR,ERR,ERR,ERR,ERR,ERR,ERR,ERR,ERR,ERR,ERR,ERR,ERR,ERR,ERR,ERR,ERR,ERR,ERR,ERR,ERR,ERR,ERR,ERR,ERR,ERR,ERR,ERR,ERR,ERR,ERR,ERR,ERR,ERR,ERR,ERR,ERR,ERR,ERR,ERR,ERR,ERR,ERR,ERR,ERR,ERR,ERR,ERR,ERR,ERR,ERR,ERR,ERR,ERR,ERR,ERR,ERR,ERR,ERR,ERR,ERR,ERR,ERR,ERR,ERR,ERR,ERR,ERR,ERR,ERR,ERR,ERR,ERR,ERR,ERR,ERR,ERR,ERR,ERR,ERR,ERR,ERR,ERR,ERR,ERR,ERR,ERR,ERR,ERR,ERR,ERR,ERR,ERR,ERR,ERR,ERR,ERR,ERR,ERR,ERR,ERR,ERR,ERR,ERR,ERR,ERR,ERR,ERR,ERR,ERR,ERR,ERR,ERR,ERR,ERR,ERR,ERR,ERR,ERR,ERR,ERR,ERR,ERR,ERR,ERR,0.0,-0.0,0.0,0.0,0.0,0.0,-67778480.0,1.8971466992033723e+29,4300,0,8,17169,4300,0.0,41,0.0,0.0,0.0,0.0,2.7184166902131945e+23,0,0,0,0,0.0,0,0,0,0,0,0,0,0,0,0,0,0,0,0,0,0,0,0,0,0,0,0,0,0,0,0,0,0,0,0,0,0,0,8,37,36,44,65476,363,65476,1,0,4,21553,0.0,-0.0,0.0,0.0,0.0,0.0,0.0,0.0,0.0,0.0,0.0,0.0,0.0,0.0,0.0,0.0,0.0,0.0,0.0,0.0,0.0,2.004,2.004,-0.0,-3.697074863047967e+19,0.0,0.0,0.0,0.0,0.0,6649.0,0.0,0.0,0.0,-0.0,-107616248.0,-107616256.0,0.0,0.0,2.004,2.004,229,-0.0,-0.0,0.0,0.0,0.0,0.0,0.0,0.0,0.0,0,0,0,-3.085945301446749e+26,0.002,-0.0,-1.5438895875509715e+19,-0.0,-21398494.0,4.5008625917185593e+24,0.0,8.839416529121444e+17,-5.88869655680879e+28,-59.819,210308056481792.0,0.0,0.0,0.0,1.8612544093991196e+22,0,1.3516416376850534e+27,229,0.0,458,0.0,-0.0,2114,52429,17109,0,17112,52429,17095,0,0,0,101,100,100,2.7302337753474445e+23,65.3,-0.0,65.6,0.0,65.5,1,49,50,180,52429,52429,0,0,0.0,0.0,0.0,60.0,1.2399515312887586e+28,71.0,0.0,-0.0,0.0,1069,0,1069,0,0,0,1070,0,1080,0,999,0,656,0,658,0,652,0,676,0.032,1.4536034330083127e+22,0.0,0.0,10896,16814,5.255302540980823e+29,-0.0,0.0,6.574526323181253e+22,0.0,3.6951169407021534e+20,50.0,60.0,35,0.0,0.0,10.0,2.0,0.0,0.0,0.0,0.0,0.0,0.0,0.0,0.0,0.0,0.0,0.0,0.0,58.8,54,11,65509,27,65476,0,300,0,0,8,20529,65476,0,0,30147,60.0,0.0,10.0,10.0,2.0,0.0
2026-02-16T12:33:48,ERR,ERR,ERR,ERR,ERR,ERR,ERR,ERR,ERR,ERR,ERR,ERR,ERR,ERR,ERR,ERR,ERR,ERR,ERR,ERR,ERR,ERR,ERR,ERR,ERR,ERR,ERR,ERR,ERR,ERR,ERR,ERR,ERR,ERR,ERR,ERR,ERR,ERR,ERR,ERR,ERR,ERR,ERR,ERR,ERR,ERR,ERR,ERR,ERR,ERR,ERR,ERR,ERR,ERR,ERR,ERR,ERR,ERR,ERR,ERR,ERR,ERR,ERR,ERR,ERR,ERR,ERR,ERR,ERR,ERR,ERR,ERR,ERR,ERR,ERR,ERR,ERR,ERR,ERR,ERR,ERR,ERR,ERR,ERR,ERR,ERR,ERR,ERR,ERR,ERR,ERR,ERR,ERR,ERR,ERR,ERR,ERR,ERR,ERR,ERR,ERR,ERR,ERR,ERR,ERR,ERR,ERR,ERR,ERR,ERR,ERR,ERR,ERR,ERR,ERR,ERR,ERR,ERR,ERR,ERR,ERR,ERR,ERR,ERR,ERR,0.0,-0.0,0.0,0.0,0.0,0.0,-67778480.0,1.8971466992033723e+29,4300,0,8,17169,4300,0.0,41,0.0,0.0,0.0,0.0,2.7184166902131945e+23,0,0,0,0,0.0,0,0,0,0,0,0,0,0,0,0,0,0,0,0,0,0,0,0,0,0,0,0,0,0,0,0,0,0,0,0,0,0,0,8,37,36,44,65476,363,65476,1,0,4,21553,0.0,-0.0,0.0,0.0,0.0,0.0,0.0,0.0,0.0,0.0,0.0,0.0,0.0,0.0,0.0,0.0,0.0,0.0,0.0,0.0,0.0,2.004,2.004,-0.0,-3.697074863047967e+19,0.0,0.0,0.0,0.0,0.0,6649.0,0.0,0.0,0.0,-0.0,-107616248.0,-107616256.0,0.0,0.0,2.004,2.004,229,-0.0,-0.0,0.0,0.0,0.0,0.0,0.0,0.0,0.0,0,0,0,-3.085945301446749e+26,0.002,-0.0,-1.5438895875509715e+19,-0.0,-21398494.0,4.5008625917185593e+24,0.0,8.839416529121444e+17,-5.88869655680879e+28,-59.819,210308056481792.0,0.0,0.0,0.0,1.8612544093991196e+22,0,1.3516416376850534e+27,229,0.0,458,0.0,-0.0,2114,0,17110,0,17112,0,17096,0,0,0,101,100,100,2.7302337753474445e+23,65.3,-0.0,65.6,0.0,65.5,1,49,50,180,52429,52429,0,0,0.0,0.0,0.0,60.0,3.5201572848736928e+19,71.0,0.0,-0.0,0.0,1069,0,1069,0,0,0,1069,0,1080,0,1000,0,656,0,658,0,652,0,676,0.032,1.4536034330083127e+22,0.0,0.0,12432,16814,2487389696.0,-0.0,-0.0,-0.0,-0.0,-3.629642915267829e+30,50.0,60.0,35,0.0,0.0,10.0,2.0,0.0,0.0,0.0,0.0,0.0,0.0,0.0,0.0,0.0,0.0,0.0,0.0,59.2,54,11,65509,27,65476,0,300,0,0,8,20529,65476,0,0,30147,60.0,0.0,10.0,10.0,2.0,0.0
2026-02-16T12:33:49,ERR,ERR,ERR,ERR,ERR,ERR,ERR,ERR,ERR,ERR,ERR,ERR,ERR,ERR,ERR,ERR,ERR,ERR,ERR,ERR,ERR,ERR,ERR,ERR,ERR,ERR,ERR,ERR,ERR,ERR,ERR,ERR,ERR,ERR,ERR,ERR,ERR,ERR,ERR,ERR,ERR,ERR,ERR,ERR,ERR,ERR,ERR,ERR,ERR,ERR,ERR,ERR,ERR,ERR,ERR,ERR,ERR,ERR,ERR,ERR,ERR,ERR,ERR,ERR,ERR,ERR,ERR,ERR,ERR,ERR,ERR,ERR,ERR,ERR,ERR,ERR,ERR,ERR,ERR,ERR,ERR,ERR,ERR,ERR,ERR,ERR,ERR,ERR,ERR,ERR,ERR,ERR,ERR,ERR,ERR,ERR,ERR,ERR,ERR,ERR,ERR,ERR,ERR,ERR,ERR,ERR,ERR,ERR,ERR,ERR,ERR,ERR,ERR,ERR,ERR,ERR,ERR,ERR,ERR,ERR,ERR,ERR,ERR,ERR,ERR,0.0,-0.0,0.0,0.0,0.0,0.0,-67778480.0,1.8971466992033723e+29,4300,0,8,17169,4300,0.0,41,0.0,0.0,0.0,0.0,2.7184166902131945e+23,0,0,0,0,0.0,0,0,0,0,0,0,0,0,0,0,0,0,0,0,0,0,0,0,0,0,0,0,0,0,0,0,0,0,0,0,0,0,0,8,37,36,44,65476,363,65476,1,0,4,21553,0.0,-0.0,0.0,0.0,0.0,0.0,0.0,0.0,0.0,0.0,0.0,0.0,0.0,0.0,0.0,0.0,0.0,0.0,0.0,0.0,0.0,2.004,2.004,-0.0,-3.697074863047967e+19,0.0,0.0,0.0,0.0,0.0,6649.0,0.0,0.0,0.0,-0.0,-107616248.0,-107616256.0,0.0,0.0,2.004,2.004,229,-0.0,-0.0,0.0,0.0,0.0,0.0,0.0,0.0,0.0,0,0,0,-3.085945301446749e+26,0.002,-0.0,-1.5438895875509715e+19,-0.0,-21398494.0,4.5008625917185593e+24,0.0,8.839416529121444e+17,-5.88869655680879e+28,-59.819,210308056481792.0,0.0,0.0,0.0,1.8612544093991196e+22,0,1.3516416376850534e+27,229,0.0,458,0.0,-0.0,2114,0,17110,0,17112,0,17096,0,0,0,101,100,100,2.7302337753474445e+23,65.3,-0.0,65.6,0.0,65.5,1,49,50,180,52429,52429,0,0,0.0,0.0,0.0,60.0,3.5201572848736928e+19,71.0,0.0,-0.0,0.0,1069,0,1069,0,0,0,1069,0,1080,0,1000,0,656,0,658,0,652,0,676,0.032,1.4536034330083127e+22,0.0,0.0,12432,16814,2487389696.0,-0.0,-0.0,-0.0,-0.0,-3.629642915267829e+30,50.0,60.0,35,0.0,0.0,10.0,2.0,0.0,0.0,0.0,0.0,0.0,0.0,0.0,0.0,0.0,0.0,0.0,0.0,59.2,54,11,65509,27,65476,0,300,0,0,8,20529,65476,0,0,30147,60.0,0.0,10.0,10.0,2.0,0.0
2026-02-16T12:33:50,ERR,ERR,ERR,ERR,ERR,ERR,ERR,ERR,ERR,ERR,ERR,ERR,ERR,ERR,ERR,ERR,ERR,ERR,ERR,ERR,ERR,ERR,ERR,ERR,ERR,ERR,ERR,ERR,ERR,ERR,ERR,ERR,ERR,ERR,ERR,ERR,ERR,ERR,ERR,ERR,ERR,ERR,ERR,ERR,ERR,ERR,ERR,ERR,ERR,ERR,ERR,ERR,ERR,ERR,ERR,ERR,ERR,ERR,ERR,ERR,ERR,ERR,ERR,ERR,ERR,ERR,ERR,ERR,ERR,ERR,ERR,ERR,ERR,ERR,ERR,ERR,ERR,ERR,ERR,ERR,ERR,ERR,ERR,ERR,ERR,ERR,ERR,ERR,ERR,ERR,ERR,ERR,ERR,ERR,ERR,ERR,ERR,ERR,ERR,ERR,ERR,ERR,ERR,ERR,ERR,ERR,ERR,ERR,ERR,ERR,ERR,ERR,ERR,ERR,ERR,ERR,ERR,ERR,ERR,ERR,ERR,ERR,ERR,ERR,ERR,0.0,-0.0,0.0,0.0,0.0,0.0,-67778480.0,1.8971466992033723e+29,4300,0,8,17169,4300,0.0,41,0.0,0.0,0.0,0.0,2.7184166902131945e+23,0,0,0,0,0.0,0,0,0,0,0,0,0,0,0,0,0,0,0,0,0,0,0,0,0,0,0,0,0,0,0,0,0,0,0,0,0,0,0,8,37,36,44,65476,363,65476,1,0,4,21553,0.0,-0.0,0.0,0.0,0.0,0.0,0.0,0.0,0.0,0.0,0.0,0.0,0.0,0.0,0.0,0.0,0.0,0.0,0.0,0.0,0.0,2.004,2.004,-0.0,-3.697074863047967e+19,0.0,0.0,0.0,0.0,0.0,6649.0,0.0,0.0,0.0,-0.0,-107616248.0,-107616256.0,0.0,0.0,2.004,2.004,229,-0.0,-0.0,0.0,0.0,0.0,0.0,0.0,0.0,0.0,0,0,0,-3.085945301446749e+26,0.002,-0.0,-1.5438895875509715e+19,-0.0,-21398494.0,4.5008625917185593e+24,0.0,8.839416529121444e+17,-5.88869655680879e+28,-59.819,210308056481792.0,0.0,0.0,0.0,1.8612544093991196e+22,0,1.3516416376850534e+27,229,0.0,458,0.0,-0.0,2114,0,17110,0,17112,0,17096,0,0,0,101,100,100,2.7302337753474445e+23,65.3,-0.0,65.6,0.0,65.5,1,49,50,180,52429,52429,0,0,0.0,0.0,0.0,60.0,3.5201572848736928e+19,71.0,0.0,-0.0,0.0,1069,0,1069,0,0,0,1069,0,1080,0,1000,0,656,0,658,0,652,0,676,0.032,1.4536034330083127e+22,0.0,0.0,12432,16814,2487389696.0,-0.0,-0.0,-0.0,-0.0,-3.629642915267829e+30,50.0,60.0,35,0.0,0.0,10.0,2.0,0.0,0.0,0.0,0.0,0.0,0.0,0.0,0.0,0.0,0.0,0.0,0.0,58.8,54,11,65509,27,65476,0,300,0,0,8,20529,65476,0,0,30147,60.0,0.0,10.0,10.0,2.0,0.0
2026-02-16T12:33:51,ERR,ERR,ERR,ERR,ERR,ERR,ERR,ERR,ERR,ERR,ERR,ERR,ERR,ERR,ERR,ERR,ERR,ERR,ERR,ERR,ERR,ERR,ERR,ERR,ERR,ERR,ERR,ERR,ERR,ERR,ERR,ERR,ERR,ERR,ERR,ERR,ERR,ERR,ERR,ERR,ERR,ERR,ERR,ERR,ERR,ERR,ERR,ERR,ERR,ERR,ERR,ERR,ERR,ERR,ERR,ERR,ERR,ERR,ERR,ERR,ERR,ERR,ERR,ERR,ERR,ERR,ERR,ERR,ERR,ERR,ERR,ERR,ERR,ERR,ERR,ERR,ERR,ERR,ERR,ERR,ERR,ERR,ERR,ERR,ERR,ERR,ERR,ERR,ERR,ERR,ERR,ERR,ERR,ERR,ERR,ERR,ERR,ERR,ERR,ERR,ERR,ERR,ERR,ERR,ERR,ERR,ERR,ERR,ERR,ERR,ERR,ERR,ERR,ERR,ERR,ERR,ERR,ERR,ERR,ERR,ERR,ERR,ERR,ERR,ERR,0.0,-0.0,0.0,0.0,0.0,-4.340846221868023e+20,2.1368995291687027e+19,-0.0,4300,0,8,17169,4300,0.0,41,0.0,0.0,0.0,0.0,2.7184166902131945e+23,0,0,0,0,0.0,0,0,0,0,0,0,0,0,0,0,0,0,0,0,0,0,0,0,0,0,0,0,0,0,0,0,0,0,0,0,0,0,0,8,37,36,44,65476,362,65476,1,0,4,21553,0.0,0.0,0.0,0.0,0.0,0.0,0.0,0.0,0.0,0.0,0.0,0.0,0.0,0.0,0.0,0.0,0.0,0.0,0.0,0.0,0.0,2.004,2.004,-0.0,-3.697074863047967e+19,0.0,0.0,0.0,0.0,0.0,6650.0,0.0,0.0,0.0,-0.0,-107616248.0,-2.7184505572823923e+23,-0.0,0.0,2.004,2.004,229,-0.0,-0.0,0.0,0.0,0.0,0.0,0.0,0.0,0.0,0,0,0,-3.3264878114214144e+20,-0.532,3.8477708553063575e+36,-0.0,1.539108342122543e+37,-5.135338464852723e+36,5640.758,-0.0,-1.2245893189424974e+28,-6.291027069576539e+28,-62.819,223502196015104.0,0.0,0.0,0.0,-0.0,0,1.3516416376850534e+27,229,0.0,458,0.0,-0.0,2114,0,17110,0,17112,0,17096,0,0,0,101,100,100,2.7302337753474445e+23,65.3,-0.0,65.6,0.0,65.5,1,49,50,180,52429,52429,0,0,0.0,0.0,0.0,60.0,3.5201572848736928e+19,71.0,0.0,-0.0,0.0,1069,0,1069,0,0,0,1069,0,1080,0,1000,0,656,0,658,0,652,0,676,0.032,1.4536034330083127e+22,0.0,0.0,12432,16814,2487389696.0,-0.0,-0.0,-0.0,-0.0,-3.629642915267829e+30,50.0,60.0,35,0.0,0.0,10.0,2.0,0.0,0.0,0.0,0.0,0.0,0.0,0.0,0.0,0.0,0.0,0.0,0.0,58.8,54,11,65509,27,65476,0,300,0,0,8,20529,65476,0,0,30147,60.0,0.0,10.0,10.0,2.0,0.0
2026-02-16T12:33:52,ERR,ERR,ERR,ERR,ERR,ERR,ERR,ERR,ERR,ERR,ERR,ERR,ERR,ERR,ERR,ERR,ERR,ERR,ERR,ERR,ERR,ERR,ERR,ERR,ERR,ERR,ERR,ERR,ERR,ERR,ERR,ERR,ERR,ERR,ERR,ERR,ERR,ERR,ERR,ERR,ERR,ERR,ERR,ERR,ERR,ERR,ERR,ERR,ERR,ERR,ERR,ERR,ERR,ERR,ERR,ERR,ERR,ERR,ERR,ERR,ERR,ERR,ERR,ERR,ERR,ERR,ERR,ERR,ERR,ERR,ERR,ERR,ERR,ERR,ERR,ERR,ERR,ERR,ERR,ERR,ERR,ERR,ERR,ERR,ERR,ERR,ERR,ERR,ERR,ERR,ERR,ERR,ERR,ERR,ERR,ERR,ERR,ERR,ERR,ERR,ERR,ERR,ERR,ERR,ERR,ERR,ERR,ERR,ERR,ERR,ERR,ERR,ERR,ERR,ERR,ERR,ERR,ERR,ERR,ERR,ERR,ERR,ERR,ERR,ERR,0.0,-0.0,0.0,0.0,0.0,-4.340846221868023e+20,2.1368995291687027e+19,-0.0,4300,0,8,17169,4300,0.0,41,0.0,0.0,0.0,0.0,2.7184166902131945e+23,0,0,0,0,0.0,0,0,0,0,0,0,0,0,0,0,0,0,0,0,0,0,0,0,0,0,0,0,0,0,0,0,0,0,0,0,0,0,0,8,37,36,44,65476,362,65476,1,0,4,21553,0.0,0.0,0.0,0.0,0.0,0.0,0.0,0.0,0.0,0.0,0.0,0.0,0.0,0.0,0.0,0.0,0.0,0.0,0.0,0.0,0.0,2.004,2.004,-0.0,-3.697074863047967e+19,0.0,0.0,0.0,0.0,0.0,6650.0,0.0,0.0,0.0,-0.0,-107616248.0,-2.7184505572823923e+23,-0.0,0.0,2.004,2.004,229,-0.0,-0.0,0.0,0.0,0.0,0.0,0.0,0.0,0.0,0,0,0,-3.3264878114214144e+20,-0.532,3.8477708553063575e+36,-0.0,1.539108342122543e+37,-5.135338464852723e+36,5640.758,-0.0,-1.2245893189424974e+28,-6.291027069576539e+28,-62.819,223502196015104.0,0.0,0.0,0.0,-0.0,0,1.3516416376850534e+27,229,0.0,458,0.0,-0.0,2114,52429,17109,0,17112,52429,17095,0,0,0,101,100,100,2.7302337753474445e+23,65.3,-0.0,65.6,0.0,65.5,1,49,50,180,52429,52429,0,0,0.0,0.0,0.0,60.0,2.2698052049954752e+23,71.0,0.0,-1.465465926844416e+16,0.0,1069,0,1069,0,0,0,1069,0,1080,0,1000,0,656,0,658,0,652,0,676,0.032,1.4536034330083127e+22,0.0,0.0,22800,16814,1.9271242698307126e+27,-0.0,-2.280465907352818e+37,-0.0,0.0,252063208439808.0,50.0,60.0,35,0.0,0.0,10.0,2.0,0.0,0.0,0.0,0.0,0.0,0.0,0.0,0.0,0.0,0.0,0.0,0.0,58.8,54,11,65509,27,65476,0,300,0,0,8,20529,65476,0,0,30147,60.0,0.0,10.0,10.0,2.0,0.0
2026-02-16T12:33:53,ERR,ERR,ERR,ERR,ERR,ERR,ERR,ERR,ERR,ERR,ERR,ERR,ERR,ERR,ERR,ERR,ERR,ERR,ERR,ERR,ERR,ERR,ERR,ERR,ERR,ERR,ERR,ERR,ERR,ERR,ERR,ERR,ERR,ERR,ERR,ERR,ERR,ERR,ERR,ERR,ERR,ERR,ERR,ERR,ERR,ERR,ERR,ERR,ERR,ERR,ERR,ERR,ERR,ERR,ERR,ERR,ERR,ERR,ERR,ERR,ERR,ERR,ERR,ERR,ERR,ERR,ERR,ERR,ERR,ERR,ERR,ERR,ERR,ERR,ERR,ERR,ERR,ERR,ERR,ERR,ERR,ERR,ERR,ERR,ERR,ERR,ERR,ERR,ERR,ERR,ERR,ERR,ERR,ERR,ERR,ERR,ERR,ERR,ERR,ERR,ERR,ERR,ERR,ERR,ERR,ERR,ERR,ERR,ERR,ERR,ERR,ERR,ERR,ERR,ERR,ERR,ERR,ERR,ERR,ERR,ERR,ERR,ERR,ERR,ERR,0.0,-0.0,0.0,0.0,0.0,-4.340846221868023e+20,2.1368995291687027e+19,-0.0,4300,0,8,17169,4300,0.0,41,0.0,0.0,0.0,0.0,2.7184166902131945e+23,0,0,0,0,0.0,0,0,0,0,0,0,0,0,0,0,0,0,0,0,0,0,0,0,0,0,0,0,0,0,0,0,0,0,0,0,0,0,0,8,37,36,44,65476,362,65476,1,0,4,21553,0.0,0.0,0.0,0.0,0.0,0.0,0.0,0.0,0.0,0.0,0.0,0.0,0.0,0.0,0.0,0.0,0.0,0.0,0.0,0.0,0.0,2.004,2.004,-0.0,-3.697074863047967e+19,0.0,0.0,0.0,0.0,0.0,6650.0,0.0,0.0,0.0,-0.0,-107616248.0,-2.7184505572823923e+23,-0.0,0.0,2.004,2.004,229,-0.0,-0.0,0.0,0.0,0.0,0.0,0.0,0.0,0.0,0,0,0,-3.3264878114214144e+20,-0.532,3.8477708553063575e+36,-0.0,1.539108342122543e+37,-5.135338464852723e+36,5640.758,-0.0,-1.2245893189424974e+28,-6.291027069576539e+28,-62.819,223502196015104.0,0.0,0.0,0.0,-0.0,0,1.3516416376850534e+27,229,0.0,458,0.0,-0.0,2114,52429,17109,0,17112,52429,17095,0,0,0,101,100,100,2.7302337753474445e+23,65.3,-0.0,65.6,0.0,65.5,1,49,50,180,52429,52429,0,0,0.0,0.0,0.0,60.0,2.2698052049954752e+23,71.0,0.0,-1.465465926844416e+16,0.0,1069,0,1069,0,0,0,1069,0,1080,0,1000,0,656,0,658,0,652,0,676,0.032,1.4536034330083127e+22,0.0,0.0,22800,16814,1.9271242698307126e+27,-0.0,-2.280465907352818e+37,-0.0,0.0,252063208439808.0,50.0,60.0,35,0.0,0.0,10.0,2.0,0.0,0.0,0.0,0.0,0.0,0.0,0.0,0.0,0.0,0.0,0.0,0.0,58.8,54,11,65509,27,65476,0,300,0,0,8,20529,65476,0,0,30147,60.0,0.0,10.0,10.0,2.0,0.0
2026-02-16T12:33:54,ERR,ERR,ERR,ERR,ERR,ERR,ERR,ERR,ERR,ERR,ERR,ERR,ERR,ERR,ERR,ERR,ERR,ERR,ERR,ERR,ERR,ERR,ERR,ERR,ERR,ERR,ERR,ERR,ERR,ERR,ERR,ERR,ERR,ERR,ERR,ERR,ERR,ERR,ERR,ERR,ERR,ERR,ERR,ERR,ERR,ERR,ERR,ERR,ERR,ERR,ERR,ERR,ERR,ERR,ERR,ERR,ERR,ERR,ERR,ERR,ERR,ERR,ERR,ERR,ERR,ERR,ERR,ERR,ERR,ERR,ERR,ERR,ERR,ERR,ERR,ERR,ERR,ERR,ERR,ERR,ERR,ERR,ERR,ERR,ERR,ERR,ERR,ERR,ERR,ERR,ERR,ERR,ERR,ERR,ERR,ERR,ERR,ERR,ERR,ERR,ERR,ERR,ERR,ERR,ERR,ERR,ERR,ERR,ERR,ERR,ERR,ERR,ERR,ERR,ERR,ERR,ERR,ERR,ERR,ERR,ERR,ERR,ERR,ERR,ERR,0.0,-0.0,0.0,0.0,0.0,-4.340846221868023e+20,2.1368995291687027e+19,-0.0,4300,0,8,17169,4300,0.0,41,0.0,0.0,0.0,0.0,2.7184166902131945e+23,0,0,0,0,0.0,0,0,0,0,0,0,0,0,0,0,0,0,0,0,0,0,0,0,0,0,0,0,0,0,0,0,0,0,0,0,0,0,0,8,37,36,44,65476,362,65476,1,0,4,21553,0.0,0.0,0.0,0.0,0.0,0.0,0.0,0.0,0.0,0.0,0.0,0.0,0.0,0.0,0.0,0.0,0.0,0.0,0.0,0.0,0.0,2.004,2.004,-0.0,-3.697074863047967e+19,0.0,0.0,0.0,0.0,0.0,6650.0,0.0,0.0,0.0,-0.0,-107616248.0,-2.7184505572823923e+23,-0.0,0.0,2.004,2.004,229,-0.0,-0.0,0.0,0.0,0.0,0.0,0.0,0.0,0.0,0,0,0,-3.3264878114214144e+20,-0.532,3.8477708553063575e+36,-0.0,1.539108342122543e+37,-5.135338464852723e+36,5640.758,-0.0,-1.2245893189424974e+28,-6.291027069576539e+28,-62.819,223502196015104.0,0.0,0.0,0.0,-0.0,0,1.3516416376850534e+27,229,0.0,458,0.0,-0.0,2114,52429,17109,0,17112,52429,17095,0,0,0,101,100,100,2.7302337753474445e+23,65.3,-0.0,65.6,0.0,65.5,1,49,50,180,52429,52429,0,0,0.0,0.0,0.0,60.0,2.2698052049954752e+23,71.0,0.0,-1.465465926844416e+16,0.0,1069,0,1069,0,0,0,1069,0,1080,0,1000,0,656,0,658,0,652,0,676,0.032,1.4536034330083127e+22,0.0,0.0,22800,16814,1.9271242698307126e+27,-0.0,-2.280465907352818e+37,-0.0,0.0,252063208439808.0,50.0,60.0,35,0.0,0.0,10.0,2.0,0.0,0.0,0.0,0.0,0.0,0.0,0.0,0.0,0.0,0.0,0.0,0.0,58.8,54,11,65509,27,65476,0,300,0,0,8,20529,65476,0,0,30147,60.0,0.0,10.0,10.0,2.0,0.0
2026-02-16T12:33:55,ERR,ERR,ERR,ERR,ERR,ERR,ERR,ERR,ERR,ERR,ERR,ERR,ERR,ERR,ERR,ERR,ERR,ERR,ERR,ERR,ERR,ERR,ERR,ERR,ERR,ERR,ERR,ERR,ERR,ERR,ERR,ERR,ERR,ERR,ERR,ERR,ERR,ERR,ERR,ERR,ERR,ERR,ERR,ERR,ERR,ERR,ERR,ERR,ERR,ERR,ERR,ERR,ERR,ERR,ERR,ERR,ERR,ERR,ERR,ERR,ERR,ERR,ERR,ERR,ERR,ERR,ERR,ERR,ERR,ERR,ERR,ERR,ERR,ERR,ERR,ERR,ERR,ERR,ERR,ERR,ERR,ERR,ERR,ERR,ERR,ERR,ERR,ERR,ERR,ERR,ERR,ERR,ERR,ERR,ERR,ERR,ERR,ERR,ERR,ERR,ERR,ERR,ERR,ERR,ERR,ERR,ERR,ERR,ERR,ERR,ERR,ERR,ERR,ERR,ERR,ERR,ERR,ERR,ERR,ERR,ERR,ERR,ERR,ERR,ERR,0.0,-0.0,0.0,0.0,0.0,-4.340846221868023e+20,2.1368995291687027e+19,-0.0,4300,0,8,17169,4300,0.0,41,0.0,0.0,0.0,0.0,2.7184166902131945e+23,0,0,0,0,0.0,0,0,0,0,0,0,0,0,0,0,0,0,0,0,0,0,0,0,0,0,0,0,0,0,0,0,0,0,0,0,0,0,0,8,37,36,44,65476,362,65476,1,0,4,21553,0.0,0.0,0.0,0.0,0.0,0.0,0.0,0.0,0.0,0.0,0.0,0.0,0.0,0.0,0.0,0.0,0.0,0.0,0.0,0.0,0.0,2.004,2.004,-0.0,-3.697074863047967e+19,0.0,0.0,0.0,0.0,0.0,6650.0,0.0,0.0,0.0,-0.0,-107616248.0,-2.7184505572823923e+23,-0.0,0.0,2.004,2.004,229,-0.0,-0.0,0.0,0.0,0.0,0.0,0.0,0.0,0.0,0,0,0,-3.3264878114214144e+20,-0.532,3.8477708553063575e+36,-0.0,1.539108342122543e+37,-5.135338464852723e+36,5640.758,-0.0,-1.2245893189424974e+28,-6.291027069576539e+28,-62.819,223502196015104.0,0.0,0.0,0.0,-0.0,0,1.3516416376850534e+27,229,0.0,458,0.0,-0.0,2114,52429,17109,0,17112,52429,17095,0,0,0,101,100,100,2.7302337753474445e+23,65.3,-0.0,65.6,0.0,65.5,1,49,50,180,52429,52429,0,0,0.0,0.0,0.0,60.0,4.580575804727414e+30,71.0,0.0,-0.0,0.0,1069,0,1069,0,0,0,1069,0,1080,0,999,0,656,0,658,0,652,0,676,0.032,1.4536034330083127e+22,0.0,0.0,13584,16814,4.580575804727414e+30,-0.0,-1.5880492067756115e+28,-0.0,0.0,13713418.0,50.0,60.0,35,0.0,0.0,10.0,2.0,0.0,0.0,0.0,0.0,0.0,0.0,0.0,0.0,0.0,0.0,0.0,0.0,58.8,54,11,65509,27,65476,0,300,0,0,8,20529,65476,0,0,30147,60.0,0.0,10.0,10.0,2.0,0.0
2026-02-16T12:33:56,ERR,ERR,ERR,ERR,ERR,ERR,ERR,ERR,ERR,ERR,ERR,ERR,ERR,ERR,ERR,ERR,ERR,ERR,ERR,ERR,ERR,ERR,ERR,ERR,ERR,ERR,ERR,ERR,ERR,ERR,ERR,ERR,ERR,ERR,ERR,ERR,ERR,ERR,ERR,ERR,ERR,ERR,ERR,ERR,ERR,ERR,ERR,ERR,ERR,ERR,ERR,ERR,ERR,ERR,ERR,ERR,ERR,ERR,ERR,ERR,ERR,ERR,ERR,ERR,ERR,ERR,ERR,ERR,ERR,ERR,ERR,ERR,ERR,ERR,ERR,ERR,ERR,ERR,ERR,ERR,ERR,ERR,ERR,ERR,ERR,ERR,ERR,ERR,ERR,ERR,ERR,ERR,ERR,ERR,ERR,ERR,ERR,ERR,ERR,ERR,ERR,ERR,ERR,ERR,ERR,ERR,ERR,ERR,ERR,ERR,ERR,ERR,ERR,ERR,ERR,ERR,ERR,ERR,ERR,ERR,ERR,ERR,ERR,ERR,ERR,0.0,-0.0,0.0,0.0,0.0,-33621068.0,0.003,-33088.074,4300,0,8,17169,4300,0.0,41,0.0,0.0,0.0,0.0,2.7184166902131945e+23,0,0,0,0,0.0,0,0,0,0,0,0,0,0,0,0,0,0,0,0,0,0,0,0,0,0,0,0,0,0,0,0,0,0,0,0,0,0,0,8,36,36,44,65476,360,65476,1,0,4,21553,0.0,0.0,0.0,0.0,0.0,0.0,0.0,0.0,0.0,0.0,0.0,0.0,0.0,0.0,0.0,0.0,0.0,0.0,0.0,0.0,0.0,2.004,2.004,-0.0,-2.004,0.0,0.0,0.0,0.0,0.0,6618.0,-2.4230023160510894e+24,0.0,0.0,-0.0,-0.0,-2.7184505572823923e+23,-0.0,0.0,2.004,2.004,228,-0.0,3.222024903336656e+26,0.0,0.0,0.0,0.0,0.0,0.0,0.0,0,0,0,-2.0043380138822035e+37,0.0,-0.0,-346.515,-0.0,-6954409472.0,0.0,0.0,-0.0,-6.662409081362153e+28,-68.637,238895358803968.0,0.0,0.0,0.0,-0.0,0,1.3516416376850534e+27,230,0.0,460,-621855232.0,0.0,2114,52429,17109,0,17112,52429,17095,0,0,0,101,100,100,2.7302337753474445e+23,65.3,-0.0,65.6,0.0,65.5,1,49,50,180,52429,52429,0,0,0.0,0.0,0.0,60.0,4.580575804727414e+30,71.0,0.0,-0.0,0.0,1069,0,1069,0,0,0,1069,0,1080,0,999,0,656,0,658,0,652,0,676,0.032,1.4536034330083127e+22,0.0,0.0,13584,16814,4.580575804727414e+30,-0.0,-1.5880492067756115e+28,-0.0,0.0,13713418.0,50.0,60.0,35,0.0,0.0,10.0,2.0,0.0,0.0,0.0,0.0,0.0,0.0,0.0,0.0,0.0,0.0,0.0,0.0,58.8,54,11,65509,27,65476,0,300,0,0,8,20529,65476,0,0,30147,60.0,0.0,10.0,10.0,2.0,0.0
2026-02-16T12:33:57,ERR,ERR,ERR,ERR,ERR,ERR,ERR,ERR,ERR,ERR,ERR,ERR,ERR,ERR,ERR,ERR,ERR,ERR,ERR,ERR,ERR,ERR,ERR,ERR,ERR,ERR,ERR,ERR,ERR,ERR,ERR,ERR,ERR,ERR,ERR,ERR,ERR,ERR,ERR,ERR,ERR,ERR,ERR,ERR,ERR,ERR,ERR,ERR,ERR,ERR,ERR,ERR,ERR,ERR,ERR,ERR,ERR,ERR,ERR,ERR,ERR,ERR,ERR,ERR,ERR,ERR,ERR,ERR,ERR,ERR,ERR,ERR,ERR,ERR,ERR,ERR,ERR,ERR,ERR,ERR,ERR,ERR,ERR,ERR,ERR,ERR,ERR,ERR,ERR,ERR,ERR,ERR,ERR,ERR,ERR,ERR,ERR,ERR,ERR,ERR,ERR,ERR,ERR,ERR,ERR,ERR,ERR,ERR,ERR,ERR,ERR,ERR,ERR,ERR,ERR,ERR,ERR,ERR,ERR,ERR,ERR,ERR,ERR,ERR,ERR,0.0,-0.0,0.0,0.0,0.0,-33621068.0,0.003,-33088.074,4300,0,8,17169,4300,0.0,41,0.0,0.0,0.0,0.0,2.7184166902131945e+23,0,0,0,0,0.0,0,0,0,0,0,0,0,0,0,0,0,0,0,0,0,0,0,0,0,0,0,0,0,0,0,0,0,0,0,0,0,0,0,8,36,36,44,65476,360,65476,1,0,4,21553,0.0,0.0,0.0,0.0,0.0,0.0,0.0,0.0,0.0,0.0,0.0,0.0,0.0,0.0,0.0,0.0,0.0,0.0,0.0,0.0,0.0,2.004,2.004,-0.0,-2.004,0.0,0.0,0.0,0.0,0.0,6618.0,-2.4230023160510894e+24,0.0,0.0,-0.0,-0.0,-2.7184505572823923e+23,-0.0,0.0,2.004,2.004,228,-0.0,3.222024903336656e+26,0.0,0.0,0.0,0.0,0.0,0.0,0.0,0,0,0,-2.0043380138822035e+37,0.0,-0.0,-346.515,-0.0,-6954409472.0,0.0,0.0,-0.0,-6.662409081362153e+28,-68.637,238895358803968.0,0.0,0.0,0.0,-0.0,0,1.3516416376850534e+27,230,0.0,460,-621855232.0,0.0,2114,52429,17109,0,17112,52429,17095,0,0,0,101,100,100,2.7302337753474445e+23,65.3,-0.0,65.6,0.0,65.5,1,49,50,180,52429,52429,0,0,0.0,0.0,0.0,60.0,4.580575804727414e+30,71.0,0.0,-0.0,0.0,1069,0,1069,0,0,0,1069,0,1080,0,999,0,656,0,658,0,652,0,676,0.032,1.4536034330083127e+22,0.0,0.0,13584,16814,4.580575804727414e+30,-0.0,-1.5880492067756115e+28,-0.0,0.0,13713418.0,50.0,60.0,35,0.0,0.0,10.0,2.0,0.0,0.0,0.0,0.0,0.0,0.0,0.0,0.0,0.0,0.0,0.0,0.0,59.2,54,12,65509,27,65476,0,300,0,0,8,20529,65476,0,0,30147,60.0,0.0,10.0,10.0,2.0,0.0
2026-02-16T12:33:58,ERR,ERR,ERR,ERR,ERR,ERR,ERR,ERR,ERR,ERR,ERR,ERR,ERR,ERR,ERR,ERR,ERR,ERR,ERR,ERR,ERR,ERR,ERR,ERR,ERR,ERR,ERR,ERR,ERR,ERR,ERR,ERR,ERR,ERR,ERR,ERR,ERR,ERR,ERR,ERR,ERR,ERR,ERR,ERR,ERR,ERR,ERR,ERR,ERR,ERR,ERR,ERR,ERR,ERR,ERR,ERR,ERR,ERR,ERR,ERR,ERR,ERR,ERR,ERR,ERR,ERR,ERR,ERR,ERR,ERR,ERR,ERR,ERR,ERR,ERR,ERR,ERR,ERR,ERR,ERR,ERR,ERR,ERR,ERR,ERR,ERR,ERR,ERR,ERR,ERR,ERR,ERR,ERR,ERR,ERR,ERR,ERR,ERR,ERR,ERR,ERR,ERR,ERR,ERR,ERR,ERR,ERR,ERR,ERR,ERR,ERR,ERR,ERR,ERR,ERR,ERR,ERR,ERR,ERR,ERR,ERR,ERR,ERR,ERR,ERR,0.0,-0.0,0.0,0.0,0.0,-33621068.0,0.003,-33088.074,4300,0,8,17169,4300,0.0,41,0.0,0.0,0.0,0.0,2.7184166902131945e+23,0,0,0,0,0.0,0,0,0,0,0,0,0,0,0,0,0,0,0,0,0,0,0,0,0,0,0,0,0,0,0,0,0,0,0,0,0,0,0,8,36,36,44,65476,360,65476,1,0,4,21553,0.0,0.0,0.0,0.0,0.0,0.0,0.0,0.0,0.0,0.0,0.0,0.0,0.0,0.0,0.0,0.0,0.0,0.0,0.0,0.0,0.0,2.004,2.004,-0.0,-2.004,0.0,0.0,0.0,0.0,0.0,6618.0,-2.4230023160510894e+24,0.0,0.0,-0.0,-0.0,-2.7184505572823923e+23,-0.0,0.0,2.004,2.004,228,-0.0,3.222024903336656e+26,0.0,0.0,0.0,0.0,0.0,0.0,0.0,0,0,0,-2.0043380138822035e+37,0.0,-0.0,-346.515,-0.0,-6954409472.0,0.0,0.0,-0.0,-6.662409081362153e+28,-68.637,238895358803968.0,0.0,0.0,0.0,-0.0,0,1.3516416376850534e+27,230,0.0,460,-621855232.0,0.0,2114,52429,17109,0,17112,52429,17095,0,0,0,101,100,100,2.7302337753474445e+23,65.3,-0.0,65.6,0.0,65.5,1,49,50,180,52429,52429,0,0,0.0,0.0,0.0,60.0,4.580575804727414e+30,71.0,0.0,-0.0,0.0,1069,0,1069,0,0,0,1069,0,1080,0,999,0,656,0,658,0,652,0,676,0.032,1.4536034330083127e+22,0.0,0.0,13584,16814,4.580575804727414e+30,-0.0,-1.5880492067756115e+28,-0.0,0.0,13713418.0,50.0,60.0,35,0.0,0.0,10.0,2.0,0.0,0.0,0.0,0.0,0.0,0.0,0.0,0.0,0.0,0.0,0.0,0.0,59.2,54,12,65509,27,65476,0,300,0,0,8,20529,65476,0,0,30147,60.0,0.0,10.0,10.0,2.0,0.0
2026-02-16T12:33:59,ERR,ERR,ERR,ERR,ERR,ERR,ERR,ERR,ERR,ERR,ERR,ERR,ERR,ERR,ERR,ERR,ERR,ERR,ERR,ERR,ERR,ERR,ERR,ERR,ERR,ERR,ERR,ERR,ERR,ERR,ERR,ERR,ERR,ERR,ERR,ERR,ERR,ERR,ERR,ERR,ERR,ERR,ERR,ERR,ERR,ERR,ERR,ERR,ERR,ERR,ERR,ERR,ERR,ERR,ERR,ERR,ERR,ERR,ERR,ERR,ERR,ERR,ERR,ERR,ERR,ERR,ERR,ERR,ERR,ERR,ERR,ERR,ERR,ERR,ERR,ERR,ERR,ERR,ERR,ERR,ERR,ERR,ERR,ERR,ERR,ERR,ERR,ERR,ERR,ERR,ERR,ERR,ERR,ERR,ERR,ERR,ERR,ERR,ERR,ERR,ERR,ERR,ERR,ERR,ERR,ERR,ERR,ERR,ERR,ERR,ERR,ERR,ERR,ERR,ERR,ERR,ERR,ERR,ERR,ERR,ERR,ERR,ERR,ERR,ERR,0.0,-0.0,0.0,0.0,0.0,-33621068.0,0.003,-33088.074,4300,0,8,17169,4300,0.0,41,0.0,0.0,0.0,0.0,2.7184166902131945e+23,0,0,0,0,0.0,0,0,0,0,0,0,0,0,0,0,0,0,0,0,0,0,0,0,0,0,0,0,0,0,0,0,0,0,0,0,0,0,0,8,36,36,44,65476,360,65476,1,0,4,21553,0.0,0.0,0.0,0.0,0.0,0.0,0.0,0.0,0.0,0.0,0.0,0.0,0.0,0.0,0.0,0.0,0.0,0.0,0.0,0.0,0.0,2.004,2.004,-0.0,-2.004,0.0,0.0,0.0,0.0,0.0,6618.0,-2.4230023160510894e+24,0.0,0.0,-0.0,-0.0,-2.7184505572823923e+23,-0.0,0.0,2.004,2.004,228,-0.0,3.222024903336656e+26,0.0,0.0,0.0,0.0,0.0,0.0,0.0,0,0,0,-2.0043380138822035e+37,0.0,-0.0,-346.515,-0.0,-6954409472.0,0.0,0.0,-0.0,-6.662409081362153e+28,-68.637,238895358803968.0,0.0,0.0,0.0,-0.0,0,1.3516416376850534e+27,230,0.0,460,-621855232.0,0.0,2114,52429,17109,0,17112,52429,17095,0,0,0,101,100,100,2.7302337753474445e+23,65.3,-0.0,65.6,0.0,65.5,1,49,50,180,52429,52429,0,0,0.0,0.0,0.0,60.0,21201330110464.0,71.0,0.0,0.0,0.0,1069,0,1069,0,0,0,1069,0,1080,0,999,0,656,0,658,0,652,0,676,0.032,1.4536034330083127e+22,0.0,0.0,7184,16814,23627036.0,0.0,-7.533666492661639e+22,-225185488.0,-1.4892019521120378e+37,0.426,50.0,60.0,35,0.0,0.0,10.0,2.0,0.0,0.0,0.0,0.0,0.0,0.0,0.0,0.0,0.0,0.0,0.0,0.0,58.8,54,12,65509,27,65476,0,300,0,0,8,20529,65476,0,0,30147,60.0,0.0,10.0,10.0,2.0,0.0
2026-02-16T12:34:00,ERR,ERR,ERR,ERR,ERR,ERR,ERR,ERR,ERR,ERR,ERR,ERR,ERR,ERR,ERR,ERR,ERR,ERR,ERR,ERR,ERR,ERR,ERR,ERR,ERR,ERR,ERR,ERR,ERR,ERR,ERR,ERR,ERR,ERR,ERR,ERR,ERR,ERR,ERR,ERR,ERR,ERR,ERR,ERR,ERR,ERR,ERR,ERR,ERR,ERR,ERR,ERR,ERR,ERR,ERR,ERR,ERR,ERR,ERR,ERR,ERR,ERR,ERR,ERR,ERR,ERR,ERR,ERR,ERR,ERR,ERR,ERR,ERR,ERR,ERR,ERR,ERR,ERR,ERR,ERR,ERR,ERR,ERR,ERR,ERR,ERR,ERR,ERR,ERR,ERR,ERR,ERR,ERR,ERR,ERR,ERR,ERR,ERR,ERR,ERR,ERR,ERR,ERR,ERR,ERR,ERR,ERR,ERR,ERR,ERR,ERR,ERR,ERR,ERR,ERR,ERR,ERR,ERR,ERR,ERR,ERR,ERR,ERR,ERR,ERR,0.0,-0.0,0.0,0.0,0.0,-10.953,0.0,-112877264896.0,4300,0,8,17169,4300,0.0,41,0.0,0.0,0.0,0.0,2.7184166902131945e+23,0,0,0,0,0.0,0,0,0,0,0,0,0,0,0,0,0,0,0,0,0,0,0,0,0,0,0,0,0,0,0,0,0,0,0,0,0,0,0,8,36,36,44,65476,362,65476,1,0,4,21553,0.0,0.0,0.0,0.0,0.0,0.0,0.0,0.0,0.0,0.0,0.0,0.0,0.0,0.0,0.0,0.0,0.0,0.0,0.0,0.0,0.0,2.004,2.004,-0.0,-2.004,0.0,0.0,0.0,0.0,0.0,6615.0,-1.587938797847242e+29,0.0,0.0,-0.0,-0.0,-107616256.0,0.0,0.0,2.004,2.004,229,-0.0,3.222024903336656e+26,0.0,0.0,0.0,0.0,0.0,0.0,0.0,0,0,0,-4.679679009947598e+30,-12368.477,-0.0,0.0,-0.0,-8864239.0,0.0,0.006,-0.0,-7.0647395941299014e+28,-74.637,250989986709504.0,0.0,0.0,0.0,-2115.952,0,1.3516416376850534e+27,229,0.0,456,0.0,0.0,2114,52429,17109,0,17112,52429,17095,0,0,0,101,100,100,2.7302337753474445e+23,65.3,-0.0,65.6,0.0,65.5,1,49,50,180,52429,52429,0,0,0.0,0.0,0.0,60.0,21201330110464.0,71.0,0.0,0.0,0.0,1069,0,1069,0,0,0,1069,0,1080,0,999,0,656,0,658,0,652,0,676,0.032,1.4536034330083127e+22,0.0,0.0,7184,16814,23627036.0,0.0,-7.533666492661639e+22,-225185488.0,-1.4892019521120378e+37,0.426,50.0,60.0,35,0.0,0.0,10.0,2.0,0.0,0.0,0.0,0.0,0.0,0.0,0.0,0.0,0.0,0.0,0.0,0.0,58.8,54,12,65509,27,65476,0,300,0,0,8,20529,65476,0,0,30147,60.0,0.0,10.0,10.0,2.0,0.0
2026-02-16T12:34:01,ERR,ERR,ERR,ERR,ERR,ERR,ERR,ERR,ERR,ERR,ERR,ERR,ERR,ERR,ERR,ERR,ERR,ERR,ERR,ERR,ERR,ERR,ERR,ERR,ERR,ERR,ERR,ERR,ERR,ERR,ERR,ERR,ERR,ERR,ERR,ERR,ERR,ERR,ERR,ERR,ERR,ERR,ERR,ERR,ERR,ERR,ERR,ERR,ERR,ERR,ERR,ERR,ERR,ERR,ERR,ERR,ERR,ERR,ERR,ERR,ERR,ERR,ERR,ERR,ERR,ERR,ERR,ERR,ERR,ERR,ERR,ERR,ERR,ERR,ERR,ERR,ERR,ERR,ERR,ERR,ERR,ERR,ERR,ERR,ERR,ERR,ERR,ERR,ERR,ERR,ERR,ERR,ERR,ERR,ERR,ERR,ERR,ERR,ERR,ERR,ERR,ERR,ERR,ERR,ERR,ERR,ERR,ERR,ERR,ERR,ERR,ERR,ERR,ERR,ERR,ERR,ERR,ERR,ERR,ERR,ERR,ERR,ERR,ERR,ERR,0.0,-0.0,0.0,0.0,0.0,-10.953,0.0,-112877264896.0,4300,0,8,17169,4300,0.0,41,0.0,0.0,0.0,0.0,2.7184166902131945e+23,0,0,0,0,0.0,0,0,0,0,0,0,0,0,0,0,0,0,0,0,0,0,0,0,0,0,0,0,0,0,0,0,0,0,0,0,0,0,0,8,36,36,44,65476,362,65476,1,0,4,21553,0.0,0.0,0.0,0.0,0.0,0.0,0.0,0.0,0.0,0.0,0.0,0.0,0.0,0.0,0.0,0.0,0.0,0.0,0.0,0.0,0.0,2.004,2.004,-0.0,-2.004,0.0,0.0,0.0,0.0,0.0,6615.0,-1.587938797847242e+29,0.0,0.0,-0.0,-0.0,-107616256.0,0.0,0.0,2.004,2.004,229,-0.0,3.222024903336656e+26,0.0,0.0,0.0,0.0,0.0,0.0,0.0,0,0,0,-4.679679009947598e+30,-12368.477,-0.0,0.0,-0.0,-8864239.0,0.0,0.006,-0.0,-7.0647395941299014e+28,-74.637,250989986709504.0,0.0,0.0,0.0,-2115.952,0,1.3516416376850534e+27,229,0.0,456,0.0,0.0,2114,52429,17109,0,17112,52429,17095,0,0,0,101,100,100,2.7302337753474445e+23,65.3,-0.0,65.6,0.0,65.5,1,49,50,180,52429,52429,0,0,0.0,0.0,0.0,60.0,21201330110464.0,71.0,0.0,0.0,0.0,1069,0,1069,0,0,0,1069,0,1080,0,999,0,656,0,658,0,652,0,676,0.032,1.4536034330083127e+22,0.0,0.0,7184,16814,23627036.0,0.0,-7.533666492661639e+22,-225185488.0,-1.4892019521120378e+37,0.426,50.0,60.0,35,0.0,0.0,10.0,2.0,0.0,0.0,0.0,0.0,0.0,0.0,0.0,0.0,0.0,0.0,0.0,0.0,58.8,54,12,65509,27,65476,0,300,0,0,8,20529,65476,0,0,30147,60.0,0.0,10.0,10.0,2.0,0.0
2026-02-16T12:34:02,ERR,ERR,ERR,ERR,ERR,ERR,ERR,ERR,ERR,ERR,ERR,ERR,ERR,ERR,ERR,ERR,ERR,ERR,ERR,ERR,ERR,ERR,ERR,ERR,ERR,ERR,ERR,ERR,ERR,ERR,ERR,ERR,ERR,ERR,ERR,ERR,ERR,ERR,ERR,ERR,ERR,ERR,ERR,ERR,ERR,ERR,ERR,ERR,ERR,ERR,ERR,ERR,ERR,ERR,ERR,ERR,ERR,ERR,ERR,ERR,ERR,ERR,ERR,ERR,ERR,ERR,ERR,ERR,ERR,ERR,ERR,ERR,ERR,ERR,ERR,ERR,ERR,ERR,ERR,ERR,ERR,ERR,ERR,ERR,ERR,ERR,ERR,ERR,ERR,ERR,ERR,ERR,ERR,ERR,ERR,ERR,ERR,ERR,ERR,ERR,ERR,ERR,ERR,ERR,ERR,ERR,ERR,ERR,ERR,ERR,ERR,ERR,ERR,ERR,ERR,ERR,ERR,ERR,ERR,ERR,ERR,ERR,ERR,ERR,ERR,0.0,-0.0,0.0,0.0,0.0,-10.953,0.0,-112877264896.0,4300,0,8,17169,4300,0.0,41,0.0,0.0,0.0,0.0,2.7184166902131945e+23,0,0,0,0,0.0,0,0,0,0,0,0,0,0,0,0,0,0,0,0,0,0,0,0,0,0,0,0,0,0,0,0,0,0,0,0,0,0,0,8,36,36,44,65476,362,65476,1,0,4,21553,0.0,0.0,0.0,0.0,0.0,0.0,0.0,0.0,0.0,0.0,0.0,0.0,0.0,0.0,0.0,0.0,0.0,0.0,0.0,0.0,0.0,2.004,2.004,-0.0,-2.004,0.0,0.0,0.0,0.0,0.0,6615.0,-1.587938797847242e+29,0.0,0.0,-0.0,-0.0,-107616256.0,0.0,0.0,2.004,2.004,229,-0.0,3.222024903336656e+26,0.0,0.0,0.0,0.0,0.0,0.0,0.0,0,0,0,-4.679679009947598e+30,-12368.477,-0.0,0.0,-0.0,-8864239.0,0.0,0.006,-0.0,-7.0647395941299014e+28,-74.637,250989986709504.0,0.0,0.0,0.0,-2115.952,0,1.3516416376850534e+27,229,0.0,456,0.0,0.0,2114,52429,17109,0,17112,52429,17095,0,0,0,101,100,100,2.7302337753474445e+23,65.3,-0.0,65.6,0.0,65.5,1,49,50,180,52429,52429,0,0,0.0,0.0,0.0,60.0,4.4332132910067876e+20,71.0,0.0,0.0,0.0,1069,0,1069,0,0,0,1069,0,1080,0,1000,0,656,0,658,0,652,0,676,0.032,1.4609821306377965e+22,0.0,0.0,21136,16814,4.4808829232123245e+25,0.0,0.008,-2.1888508759944665e+24,1.7875350996886827e+22,-0.0,50.0,60.0,35,0.0,0.0,10.0,2.0,0.0,0.0,0.0,0.0,0.0,0.0,0.0,0.0,0.0,0.0,0.0,0.0,58.8,54,12,65509,27,65476,0,300,0,0,8,20529,65476,0,0,30147,60.0,0.0,10.0,10.0,2.0,0.0
2026-02-16T12:34:03,ERR,ERR,ERR,ERR,ERR,ERR,ERR,ERR,ERR,ERR,ERR,ERR,ERR,ERR,ERR,ERR,ERR,ERR,ERR,ERR,ERR,ERR,ERR,ERR,ERR,ERR,ERR,ERR,ERR,ERR,ERR,ERR,ERR,ERR,ERR,ERR,ERR,ERR,ERR,ERR,ERR,ERR,ERR,ERR,ERR,ERR,ERR,ERR,ERR,ERR,ERR,ERR,ERR,ERR,ERR,ERR,ERR,ERR,ERR,ERR,ERR,ERR,ERR,ERR,ERR,ERR,ERR,ERR,ERR,ERR,ERR,ERR,ERR,ERR,ERR,ERR,ERR,ERR,ERR,ERR,ERR,ERR,ERR,ERR,ERR,ERR,ERR,ERR,ERR,ERR,ERR,ERR,ERR,ERR,ERR,ERR,ERR,ERR,ERR,ERR,ERR,ERR,ERR,ERR,ERR,ERR,ERR,ERR,ERR,ERR,ERR,ERR,ERR,ERR,ERR,ERR,ERR,ERR,ERR,ERR,ERR,ERR,ERR,ERR,ERR,0.0,-0.0,0.0,0.0,0.0,-10.953,0.0,-112877264896.0,4300,0,8,17169,4300,0.0,41,0.0,0.0,0.0,0.0,2.7184166902131945e+23,0,0,0,0,0.0,0,0,0,0,0,0,0,0,0,0,0,0,0,0,0,0,0,0,0,0,0,0,0,0,0,0,0,0,0,0,0,0,0,8,36,36,44,65476,362,65476,1,0,4,21553,0.0,0.0,0.0,0.0,0.0,0.0,0.0,0.0,0.0,0.0,0.0,0.0,0.0,0.0,0.0,0.0,0.0,0.0,0.0,0.0,0.0,2.004,2.004,-0.0,-2.004,0.0,0.0,0.0,0.0,0.0,6615.0,-1.587938797847242e+29,0.0,0.0,-0.0,-0.0,-107616256.0,0.0,0.0,2.004,2.004,229,-0.0,3.222024903336656e+26,0.0,0.0,0.0,0.0,0.0,0.0,0.0,0,0,0,-4.679679009947598e+30,-12368.477,-0.0,0.0,-0.0,-8864239.0,0.0,0.006,-0.0,-7.0647395941299014e+28,-74.637,250989986709504.0,0.0,0.0,0.0,-2115.952,0,1.3516416376850534e+27,229,0.0,456,0.0,0.0,2114,52429,17109,0,17112,52429,17095,0,0,0,101,100,100,2.7302337753474445e+23,65.3,-0.0,65.6,0.0,65.5,1,49,50,180,52429,52429,0,0,0.0,0.0,0.0,60.0,4.4332132910067876e+20,71.0,0.0,0.0,0.0,1069,0,1069,0,0,0,1069,0,1080,0,1000,0,656,0,658,0,652,0,676,0.032,1.4609821306377965e+22,0.0,0.0,21136,16814,4.4808829232123245e+25,0.0,0.008,-2.1888508759944665e+24,1.7875350996886827e+22,-0.0,50.0,60.0,35,0.0,0.0,10.0,2.0,0.0,0.0,0.0,0.0,0.0,0.0,0.0,0.0,0.0,0.0,0.0,0.0,58.8,54,12,65509,27,65476,0,300,0,0,8,20529,65476,0,0,30147,60.0,0.0,10.0,10.0,2.0,0.0
2026-02-16T12:34:04,ERR,ERR,ERR,ERR,ERR,ERR,ERR,ERR,ERR,ERR,ERR,ERR,ERR,ERR,ERR,ERR,ERR,ERR,ERR,ERR,ERR,ERR,ERR,ERR,ERR,ERR,ERR,ERR,ERR,ERR,ERR,ERR,ERR,ERR,ERR,ERR,ERR,ERR,ERR,ERR,ERR,ERR,ERR,ERR,ERR,ERR,ERR,ERR,ERR,ERR,ERR,ERR,ERR,ERR,ERR,ERR,ERR,ERR,ERR,ERR,ERR,ERR,ERR,ERR,ERR,ERR,ERR,ERR,ERR,ERR,ERR,ERR,ERR,ERR,ERR,ERR,ERR,ERR,ERR,ERR,ERR,ERR,ERR,ERR,ERR,ERR,ERR,ERR,ERR,ERR,ERR,ERR,ERR,ERR,ERR,ERR,ERR,ERR,ERR,ERR,ERR,ERR,ERR,ERR,ERR,ERR,ERR,ERR,ERR,ERR,ERR,ERR,ERR,ERR,ERR,ERR,ERR,ERR,ERR,ERR,ERR,ERR,ERR,ERR,ERR,0.0,-0.0,0.0,0.0,0.0,-10.953,0.0,-112877264896.0,4300,0,8,17169,4300,0.0,41,0.0,0.0,0.0,0.0,2.7184166902131945e+23,0,0,0,0,0.0,0,0,0,0,0,0,0,0,0,0,0,0,0,0,0,0,0,0,0,0,0,0,0,0,0,0,0,0,0,0,0,0,0,8,36,36,44,65476,362,65476,1,0,4,21553,0.0,0.0,0.0,0.0,0.0,0.0,0.0,0.0,0.0,0.0,0.0,0.0,0.0,0.0,0.0,0.0,0.0,0.0,0.0,0.0,0.0,2.004,2.004,-0.0,-2.004,0.0,0.0,0.0,0.0,0.0,6615.0,-1.587938797847242e+29,0.0,0.0,-0.0,-0.0,-107616256.0,0.0,0.0,2.004,2.004,229,-0.0,3.222024903336656e+26,0.0,0.0,0.0,0.0,0.0,0.0,0.0,0,0,0,-4.679679009947598e+30,-12368.477,-0.0,0.0,-0.0,-8864239.0,0.0,0.006,-0.0,-7.0647395941299014e+28,-74.637,250989986709504.0,0.0,0.0,0.0,-2115.952,0,1.3516416376850534e+27,229,0.0,456,0.0,0.0,2114,52429,17109,0,17112,52429,17095,0,0,0,101,100,100,2.7302337753474445e+23,65.3,-0.0,65.6,0.0,65.5,1,49,50,180,52429,52429,0,0,0.0,0.0,0.0,60.0,4.4332132910067876e+20,71.0,0.0,0.0,0.0,1069,0,1069,0,0,0,1069,0,1080,0,1000,0,656,0,658,0,652,0,676,0.032,1.4609821306377965e+22,0.0,0.0,21136,16814,4.4808829232123245e+25,0.0,0.008,-2.1888508759944665e+24,1.7875350996886827e+22,-0.0,50.0,60.0,35,0.0,0.0,10.0,2.0,0.0,0.0,0.0,0.0,0.0,0.0,0.0,0.0,0.0,0.0,0.0,0.0,58.8,54,12,65509,27,65476,0,300,0,0,8,20529,65476,0,0,30147,60.0,0.0,10.0,10.0,2.0,0.0
2026-02-16T12:34:05,ERR,ERR,ERR,ERR,ERR,ERR,ERR,ERR,ERR,ERR,ERR,ERR,ERR,ERR,ERR,ERR,ERR,ERR,ERR,ERR,ERR,ERR,ERR,ERR,ERR,ERR,ERR,ERR,ERR,ERR,ERR,ERR,ERR,ERR,ERR,ERR,ERR,ERR,ERR,ERR,ERR,ERR,ERR,ERR,ERR,ERR,ERR,ERR,ERR,ERR,ERR,ERR,ERR,ERR,ERR,ERR,ERR,ERR,ERR,ERR,ERR,ERR,ERR,ERR,ERR,ERR,ERR,ERR,ERR,ERR,ERR,ERR,ERR,ERR,ERR,ERR,ERR,ERR,ERR,ERR,ERR,ERR,ERR,ERR,ERR,ERR,ERR,ERR,ERR,ERR,ERR,ERR,ERR,ERR,ERR,ERR,ERR,ERR,ERR,ERR,ERR,ERR,ERR,ERR,ERR,ERR,ERR,ERR,ERR,ERR,ERR,ERR,ERR,ERR,ERR,ERR,ERR,ERR,ERR,ERR,ERR,ERR,ERR,ERR,ERR,0.0,-0.0,0.0,0.0,0.0,-0.0,-5.331720347643268e+28,-1.2819135070480428e+32,4300,0,8,17169,4300,0.0,41,0.0,0.0,0.0,0.0,2.7184166902131945e+23,0,0,0,0,0.0,0,0,0,0,0,0,0,0,0,0,0,0,0,0,0,0,0,0,0,0,0,0,0,0,0,0,0,0,0,0,0,0,0,8,36,36,44,65476,361,65476,1,0,4,21553,0.0,-0.0,0.0,0.0,0.0,0.0,0.0,0.0,0.0,0.0,0.0,0.0,0.0,0.0,0.0,0.0,0.0,0.0,0.0,0.0,0.0,2.004,2.004,-0.0,-0.0,0.0,0.0,0.0,0.0,0.0,6615.0,-1.0406715705571685e+34,0.0,0.0,-0.0,2.7184503771384073e+23,-107616256.0,-0.0,0.0,2.004,2.004,229,-0.0,4.950424729324142e+32,0.0,0.0,0.0,0.0,0.0,0.0,0.0,0,0,0,-1.7528976220446786e+19,7.566478382540521e+19,2.954695795638367e+36,-10174968.0,5.365242033783152e+33,0.0,3028.379,0.009,-0.012,-7.46707010689765e+28,-80.637,265283637870592.0,0.0,0.0,0.0,-35.062,0,1.3516416376850534e+27,229,0.0,458,0.0,-109185200.0,2114,52429,17109,0,17112,52429,17095,0,0,0,101,100,100,2.7302337753474445e+23,65.3,-0.0,65.6,0.0,65.5,1,49,50,180,52429,52429,0,0,0.0,0.0,0.0,60.0,1.0012045070591019e+35,71.0,0.0,-0.0,0.0,1069,0,1069,0,0,0,1069,0,1080,0,1000,0,656,0,658,0,652,0,676,0.032,1.4536034330083127e+22,0.0,0.0,15760,16814,1.060136065439739e+32,-0.0,-5.03134706477565e+36,-0.0,0.0,288622137835520.0,50.0,60.0,35,0.0,0.0,10.0,2.0,0.0,0.0,0.0,0.0,0.0,0.0,0.0,0.0,0.0,0.0,0.0,0.0,58.8,54,12,65509,27,65476,0,300,0,0,8,20529,65476,0,0,30147,60.0,0.0,10.0,10.0,2.0,0.0
2026-02-16T12:34:06,ERR,ERR,ERR,ERR,ERR,ERR,ERR,ERR,ERR,ERR,ERR,ERR,ERR,ERR,ERR,ERR,ERR,ERR,ERR,ERR,ERR,ERR,ERR,ERR,ERR,ERR,ERR,ERR,ERR,ERR,ERR,ERR,ERR,ERR,ERR,ERR,ERR,ERR,ERR,ERR,ERR,ERR,ERR,ERR,ERR,ERR,ERR,ERR,ERR,ERR,ERR,ERR,ERR,ERR,ERR,ERR,ERR,ERR,ERR,ERR,ERR,ERR,ERR,ERR,ERR,ERR,ERR,ERR,ERR,ERR,ERR,ERR,ERR,ERR,ERR,ERR,ERR,ERR,ERR,ERR,ERR,ERR,ERR,ERR,ERR,ERR,ERR,ERR,ERR,ERR,ERR,ERR,ERR,ERR,ERR,ERR,ERR,ERR,ERR,ERR,ERR,ERR,ERR,ERR,ERR,ERR,ERR,ERR,ERR,ERR,ERR,ERR,ERR,ERR,ERR,ERR,ERR,ERR,ERR,ERR,ERR,ERR,ERR,ERR,ERR,0.0,-0.0,0.0,0.0,0.0,-0.0,-5.331720347643268e+28,-1.2819135070480428e+32,4300,0,8,17169,4300,0.0,41,0.0,0.0,0.0,0.0,2.7184166902131945e+23,0,0,0,0,0.0,0,0,0,0,0,0,0,0,0,0,0,0,0,0,0,0,0,0,0,0,0,0,0,0,0,0,0,0,0,0,0,0,0,8,36,36,44,65476,361,65476,1,0,4,21553,0.0,-0.0,0.0,0.0,0.0,0.0,0.0,0.0,0.0,0.0,0.0,0.0,0.0,0.0,0.0,0.0,0.0,0.0,0.0,0.0,0.0,2.004,2.004,-0.0,-0.0,0.0,0.0,0.0,0.0,0.0,6615.0,-1.0406715705571685e+34,0.0,0.0,-0.0,2.7184503771384073e+23,-107616256.0,-0.0,0.0,2.004,2.004,229,-0.0,4.950424729324142e+32,0.0,0.0,0.0,0.0,0.0,0.0,0.0,0,0,0,-1.7528976220446786e+19,7.566478382540521e+19,2.954695795638367e+36,-10174968.0,5.365242033783152e+33,0.0,3028.379,0.009,-0.012,-7.46707010689765e+28,-80.637,265283637870592.0,0.0,0.0,0.0,-35.062,0,1.3516416376850534e+27,229,0.0,458,0.0,-109185200.0,2114,52429,17109,0,17112,52429,17095,0,0,0,101,100,100,2.7302337753474445e+23,65.3,-0.0,65.6,0.0,65.5,1,49,50,180,52429,52429,0,0,0.0,0.0,0.0,60.0,1.0012045070591019e+35,71.0,0.0,-0.0,0.0,1069,0,1069,0,0,0,1069,0,1080,0,1000,0,656,0,658,0,652,0,676,0.032,1.4536034330083127e+22,0.0,0.0,15760,16814,1.060136065439739e+32,-0.0,-5.03134706477565e+36,-0.0,0.0,288622137835520.0,50.0,60.0,35,0.0,0.0,10.0,2.0,0.0,0.0,0.0,0.0,0.0,0.0,0.0,0.0,0.0,0.0,0.0,0.0,58.8,54,12,65509,27,65476,0,300,0,0,8,20529,65476,0,0,30147,60.0,0.0,10.0,10.0,2.0,0.0
2026-02-16T12:34:07,ERR,ERR,ERR,ERR,ERR,ERR,ERR,ERR,ERR,ERR,ERR,ERR,ERR,ERR,ERR,ERR,ERR,ERR,ERR,ERR,ERR,ERR,ERR,ERR,ERR,ERR,ERR,ERR,ERR,ERR,ERR,ERR,ERR,ERR,ERR,ERR,ERR,ERR,ERR,ERR,ERR,ERR,ERR,ERR,ERR,ERR,ERR,ERR,ERR,ERR,ERR,ERR,ERR,ERR,ERR,ERR,ERR,ERR,ERR,ERR,ERR,ERR,ERR,ERR,ERR,ERR,ERR,ERR,ERR,ERR,ERR,ERR,ERR,ERR,ERR,ERR,ERR,ERR,ERR,ERR,ERR,ERR,ERR,ERR,ERR,ERR,ERR,ERR,ERR,ERR,ERR,ERR,ERR,ERR,ERR,ERR,ERR,ERR,ERR,ERR,ERR,ERR,ERR,ERR,ERR,ERR,ERR,ERR,ERR,ERR,ERR,ERR,ERR,ERR,ERR,ERR,ERR,ERR,ERR,ERR,ERR,ERR,ERR,ERR,ERR,0.0,-0.0,0.0,0.0,0.0,-0.0,-5.331720347643268e+28,-1.2819135070480428e+32,4300,0,8,17169,4300,0.0,41,0.0,0.0,0.0,0.0,2.7184166902131945e+23,0,0,0,0,0.0,0,0,0,0,0,0,0,0,0,0,0,0,0,0,0,0,0,0,0,0,0,0,0,0,0,0,0,0,0,0,0,0,0,8,36,36,44,65476,361,65476,1,0,4,21553,0.0,-0.0,0.0,0.0,0.0,0.0,0.0,0.0,0.0,0.0,0.0,0.0,0.0,0.0,0.0,0.0,0.0,0.0,0.0,0.0,0.0,2.004,2.004,-0.0,-0.0,0.0,0.0,0.0,0.0,0.0,6615.0,-1.0406715705571685e+34,0.0,0.0,-0.0,2.7184503771384073e+23,-107616256.0,-0.0,0.0,2.004,2.004,229,-0.0,4.950424729324142e+32,0.0,0.0,0.0,0.0,0.0,0.0,0.0,0,0,0,-1.7528976220446786e+19,7.566478382540521e+19,2.954695795638367e+36,-10174968.0,5.365242033783152e+33,0.0,3028.379,0.009,-0.012,-7.46707010689765e+28,-80.637,265283637870592.0,0.0,0.0,0.0,-35.062,0,1.3516416376850534e+27,229,0.0,458,0.0,-109185200.0,2114,52429,17109,0,17112,52429,17095,0,0,0,101,100,100,2.7302337753474445e+23,65.3,-0.0,65.6,0.0,65.5,1,49,50,180,52429,52429,0,0,0.0,0.0,0.0,60.0,1.0012045070591019e+35,71.0,0.0,-0.0,0.0,1069,0,1069,0,0,0,1069,0,1080,0,1000,0,656,0,658,0,652,0,676,0.032,1.4536034330083127e+22,0.0,0.0,15760,16814,1.060136065439739e+32,-0.0,-5.03134706477565e+36,-0.0,0.0,288622137835520.0,50.0,60.0,35,0.0,0.0,10.0,2.0,0.0,0.0,0.0,0.0,0.0,0.0,0.0,0.0,0.0,0.0,0.0,0.0,58.8,54,12,65509,27,65476,0,300,0,0,8,20529,65476,0,0,30147,60.0,0.0,10.0,10.0,2.0,0.0
2026-02-16T12:34:08,ERR,ERR,ERR,ERR,ERR,ERR,ERR,ERR,ERR,ERR,ERR,ERR,ERR,ERR,ERR,ERR,ERR,ERR,ERR,ERR,ERR,ERR,ERR,ERR,ERR,ERR,ERR,ERR,ERR,ERR,ERR,ERR,ERR,ERR,ERR,ERR,ERR,ERR,ERR,ERR,ERR,ERR,ERR,ERR,ERR,ERR,ERR,ERR,ERR,ERR,ERR,ERR,ERR,ERR,ERR,ERR,ERR,ERR,ERR,ERR,ERR,ERR,ERR,ERR,ERR,ERR,ERR,ERR,ERR,ERR,ERR,ERR,ERR,ERR,ERR,ERR,ERR,ERR,ERR,ERR,ERR,ERR,ERR,ERR,ERR,ERR,ERR,ERR,ERR,ERR,ERR,ERR,ERR,ERR,ERR,ERR,ERR,ERR,ERR,ERR,ERR,ERR,ERR,ERR,ERR,ERR,ERR,ERR,ERR,ERR,ERR,ERR,ERR,ERR,ERR,ERR,ERR,ERR,ERR,ERR,ERR,ERR,ERR,ERR,ERR,0.0,-0.0,0.0,0.0,0.0,-0.0,-5.331720347643268e+28,-1.2819135070480428e+32,4300,0,8,17169,4300,0.0,41,0.0,0.0,0.0,0.0,2.7184166902131945e+23,0,0,0,0,0.0,0,0,0,0,0,0,0,0,0,0,0,0,0,0,0,0,0,0,0,0,0,0,0,0,0,0,0,0,0,0,0,0,0,8,36,36,44,65476,361,65476,1,0,4,21553,0.0,-0.0,0.0,0.0,0.0,0.0,0.0,0.0,0.0,0.0,0.0,0.0,0.0,0.0,0.0,0.0,0.0,0.0,0.0,0.0,0.0,2.004,2.004,-0.0,-0.0,0.0,0.0,0.0,0.0,0.0,6615.0,-1.0406715705571685e+34,0.0,0.0,-0.0,2.7184503771384073e+23,-107616256.0,-0.0,0.0,2.004,2.004,229,-0.0,4.950424729324142e+32,0.0,0.0,0.0,0.0,0.0,0.0,0.0,0,0,0,-1.7528976220446786e+19,7.566478382540521e+19,2.954695795638367e+36,-10174968.0,5.365242033783152e+33,0.0,3028.379,0.009,-0.012,-7.46707010689765e+28,-80.637,265283637870592.0,0.0,0.0,0.0,-35.062,0,1.3516416376850534e+27,229,0.0,458,0.0,-109185200.0,2114,52429,17109,0,17112,52429,17095,0,0,0,101,100,100,2.7302337753474445e+23,65.3,-0.0,65.6,0.0,65.5,1,49,50,180,52429,52429,0,0,0.0,0.0,0.0,60.0,1.0012045070591019e+35,71.0,0.0,-0.0,0.0,1069,0,1069,0,0,0,1069,0,1080,0,1000,0,656,0,658,0,652,0,676,0.032,1.4536034330083127e+22,0.0,0.0,15760,16814,1.060136065439739e+32,-0.0,-5.03134706477565e+36,-0.0,0.0,288622137835520.0,50.0,60.0,35,0.0,0.0,10.0,2.0,0.0,0.0,0.0,0.0,0.0,0.0,0.0,0.0,0.0,0.0,0.0,0.0,58.8,54,12,65509,27,65476,0,300,0,0,8,20529,65476,0,0,30147,60.0,0.0,10.0,10.0,2.0,0.0
2026-02-16T12:34:09,ERR,ERR,ERR,ERR,ERR,ERR,ERR,ERR,ERR,ERR,ERR,ERR,ERR,ERR,ERR,ERR,ERR,ERR,ERR,ERR,ERR,ERR,ERR,ERR,ERR,ERR,ERR,ERR,ERR,ERR,ERR,ERR,ERR,ERR,ERR,ERR,ERR,ERR,ERR,ERR,ERR,ERR,ERR,ERR,ERR,ERR,ERR,ERR,ERR,ERR,ERR,ERR,ERR,ERR,ERR,ERR,ERR,ERR,ERR,ERR,ERR,ERR,ERR,ERR,ERR,ERR,ERR,ERR,ERR,ERR,ERR,ERR,ERR,ERR,ERR,ERR,ERR,ERR,ERR,ERR,ERR,ERR,ERR,ERR,ERR,ERR,ERR,ERR,ERR,ERR,ERR,ERR,ERR,ERR,ERR,ERR,ERR,ERR,ERR,ERR,ERR,ERR,ERR,ERR,ERR,ERR,ERR,ERR,ERR,ERR,ERR,ERR,ERR,ERR,ERR,ERR,ERR,ERR,ERR,ERR,ERR,ERR,ERR,ERR,ERR,0.0,-0.0,0.0,0.0,0.0,-0.0,-5.331720347643268e+28,-1.2819135070480428e+32,4300,0,8,17169,4300,0.0,41,0.0,0.0,0.0,0.0,2.7184166902131945e+23,0,0,0,0,0.0,0,0,0,0,0,0,0,0,0,0,0,0,0,0,0,0,0,0,0,0,0,0,0,0,0,0,0,0,0,0,0,0,0,8,36,36,44,65476,361,65476,1,0,4,21553,0.0,-0.0,0.0,0.0,0.0,0.0,0.0,0.0,0.0,0.0,0.0,0.0,0.0,0.0,0.0,0.0,0.0,0.0,0.0,0.0,0.0,2.004,2.004,-0.0,-0.0,0.0,0.0,0.0,0.0,0.0,6615.0,-1.0406715705571685e+34,0.0,0.0,-0.0,2.7184503771384073e+23,-107616256.0,-0.0,0.0,2.004,2.004,229,-0.0,4.950424729324142e+32,0.0,0.0,0.0,0.0,0.0,0.0,0.0,0,0,0,-1.7528976220446786e+19,7.566478382540521e+19,2.954695795638367e+36,-10174968.0,5.365242033783152e+33,0.0,3028.379,0.009,-0.012,-7.46707010689765e+28,-80.637,265283637870592.0,0.0,0.0,0.0,-35.062,0,1.3516416376850534e+27,229,0.0,458,0.0,-109185200.0,2114,52429,17109,0,17112,52429,17095,0,0,0,101,100,100,2.7302337753474445e+23,65.3,-0.0,65.6,0.0,65.5,1,49,50,180,52429,52429,0,0,0.0,0.0,0.0,60.0,1.3018779454590157e+17,71.0,0.0,0.0,0.0,1069,0,1069,0,0,0,1069,0,1080,0,1000,0,656,0,658,0,652,0,676,0.032,1.4609821306377965e+22,0.0,0.0,7824,16814,137718104064.0,-0.0,-0.0,-0.0,-0.0,0.0,50.0,60.0,35,0.0,0.0,10.0,2.0,0.0,0.0,0.0,0.0,0.0,0.0,0.0,0.0,0.0,0.0,0.0,0.0,59.2,54,12,65509,27,65476,0,300,0,0,8,20529,65476,0,0,30147,60.0,0.0,10.0,10.0,2.0,0.0
2026-02-16T12:34:10,ERR,ERR,ERR,ERR,ERR,ERR,ERR,ERR,ERR,ERR,ERR,ERR,ERR,ERR,ERR,ERR,ERR,ERR,ERR,ERR,ERR,ERR,ERR,ERR,ERR,ERR,ERR,ERR,ERR,ERR,ERR,ERR,ERR,ERR,ERR,ERR,ERR,ERR,ERR,ERR,ERR,ERR,ERR,ERR,ERR,ERR,ERR,ERR,ERR,ERR,ERR,ERR,ERR,ERR,ERR,ERR,ERR,ERR,ERR,ERR,ERR,ERR,ERR,ERR,ERR,ERR,ERR,ERR,ERR,ERR,ERR,ERR,ERR,ERR,ERR,ERR,ERR,ERR,ERR,ERR,ERR,ERR,ERR,ERR,ERR,ERR,ERR,ERR,ERR,ERR,ERR,ERR,ERR,ERR,ERR,ERR,ERR,ERR,ERR,ERR,ERR,ERR,ERR,ERR,ERR,ERR,ERR,ERR,ERR,ERR,ERR,ERR,ERR,ERR,ERR,ERR,ERR,ERR,ERR,ERR,ERR,ERR,ERR,ERR,ERR,0.0,-0.0,2.7420187948523476e+23,0.0,-0.0,183767344.0,2.8575450604360616e+24,-0.0,4300,0,8,17169,4300,0.0,41,0.0,0.0,0.0,0.0,2.7184166902131945e+23,0,0,0,0,0.0,0,0,0,0,0,0,0,0,0,0,0,0,0,0,0,0,0,0,0,0,0,0,0,0,0,0,0,0,0,0,0,0,0,8,36,36,44,65476,359,65476,1,0,4,21553,0.0,0.0,0.0,0.0,0.0,0.0,0.0,0.0,0.0,0.0,0.0,0.0,0.0,0.0,0.0,0.0,0.0,0.0,0.0,0.0,0.0,2.004,2.004,-2.004,-0.0,0.0,0.0,0.0,0.0,0.0,6615.0,-3.697208123857253e+19,0.0,0.0,-0.0,2.7184503771384073e+23,-107616256.0,-0.0,0.0,2.004,2.004,229,-0.0,2.7184282194282406e+23,0.0,0.0,0.0,0.0,0.0,0.0,0.0,0,0,0,-6.637651337205946e+26,-0.794,-0.0,-0.0,-0.0,-0.0,-1.1726303121073829e+21,-0.0,-0.0,-7.838452118683264e+28,-87.637,280676800659456.0,0.0,0.0,0.0,5.469349279664011e+21,0,1.3516416376850534e+27,229,0.0,458,-621855232.0,-0.0,2114,52429,17109,0,17112,52429,17095,0,0,0,101,100,100,2.7302337753474445e+23,65.3,-0.0,65.6,0.0,65.5,1,49,50,180,52429,52429,0,0,0.0,0.0,0.0,60.0,1.3018779454590157e+17,71.0,0.0,0.0,0.0,1069,0,1069,0,0,0,1069,0,1080,0,1000,0,656,0,658,0,652,0,676,0.032,1.4609821306377965e+22,0.0,0.0,7824,16814,137718104064.0,-0.0,-0.0,-0.0,-0.0,0.0,50.0,60.0,35,0.0,0.0,10.0,2.0,0.0,0.0,0.0,0.0,0.0,0.0,0.0,0.0,0.0,0.0,0.0,0.0,59.2,54,12,65509,27,65476,0,300,0,0,8,20529,65476,0,0,30147,60.0,0.0,10.0,10.0,2.0,0.0
2026-02-16T12:34:11,ERR,ERR,ERR,ERR,ERR,ERR,ERR,ERR,ERR,ERR,ERR,ERR,ERR,ERR,ERR,ERR,ERR,ERR,ERR,ERR,ERR,ERR,ERR,ERR,ERR,ERR,ERR,ERR,ERR,ERR,ERR,ERR,ERR,ERR,ERR,ERR,ERR,ERR,ERR,ERR,ERR,ERR,ERR,ERR,ERR,ERR,ERR,ERR,ERR,ERR,ERR,ERR,ERR,ERR,ERR,ERR,ERR,ERR,ERR,ERR,ERR,ERR,ERR,ERR,ERR,ERR,ERR,ERR,ERR,ERR,ERR,ERR,ERR,ERR,ERR,ERR,ERR,ERR,ERR,ERR,ERR,ERR,ERR,ERR,ERR,ERR,ERR,ERR,ERR,ERR,ERR,ERR,ERR,ERR,ERR,ERR,ERR,ERR,ERR,ERR,ERR,ERR,ERR,ERR,ERR,ERR,ERR,ERR,ERR,ERR,ERR,ERR,ERR,ERR,ERR,ERR,ERR,ERR,ERR,ERR,ERR,ERR,ERR,ERR,ERR,0.0,-0.0,2.7420187948523476e+23,0.0,-0.0,183767344.0,2.8575450604360616e+24,-0.0,4300,0,8,17169,4300,0.0,41,0.0,0.0,0.0,0.0,2.7184166902131945e+23,0,0,0,0,0.0,0,0,0,0,0,0,0,0,0,0,0,0,0,0,0,0,0,0,0,0,0,0,0,0,0,0,0,0,0,0,0,0,0,8,36,36,44,65476,359,65476,1,0,4,21553,0.0,0.0,0.0,0.0,0.0,0.0,0.0,0.0,0.0,0.0,0.0,0.0,0.0,0.0,0.0,0.0,0.0,0.0,0.0,0.0,0.0,2.004,2.004,-2.004,-0.0,0.0,0.0,0.0,0.0,0.0,6615.0,-3.697208123857253e+19,0.0,0.0,-0.0,2.7184503771384073e+23,-107616256.0,-0.0,0.0,2.004,2.004,229,-0.0,2.7184282194282406e+23,0.0,0.0,0.0,0.0,0.0,0.0,0.0,0,0,0,-6.637651337205946e+26,-0.794,-0.0,-0.0,-0.0,-0.0,-1.1726303121073829e+21,-0.0,-0.0,-7.838452118683264e+28,-87.637,280676800659456.0,0.0,0.0,0.0,5.469349279664011e+21,0,1.3516416376850534e+27,229,0.0,458,-621855232.0,-0.0,2114,52429,17109,0,17112,52429,17095,0,0,0,101,100,100,2.7302337753474445e+23,65.3,-0.0,65.6,0.0,65.5,1,49,50,180,52429,52429,0,0,0.0,0.0,0.0,60.0,1.3018779454590157e+17,71.0,0.0,0.0,0.0,1069,0,1069,0,0,0,1069,0,1080,0,1000,0,656,0,658,0,652,0,676,0.032,1.4609821306377965e+22,0.0,0.0,7824,16814,137718104064.0,-0.0,-0.0,-0.0,-0.0,0.0,50.0,60.0,35,0.0,0.0,10.0,2.0,0.0,0.0,0.0,0.0,0.0,0.0,0.0,0.0,0.0,0.0,0.0,0.0,58.8,54,12,65509,27,65476,0,300,0,0,8,20529,65476,0,0,30147,60.0,0.0,10.0,10.0,2.0,0.0
2026-02-16T12:34:12,ERR,ERR,ERR,ERR,ERR,ERR,ERR,ERR,ERR,ERR,ERR,ERR,ERR,ERR,ERR,ERR,ERR,ERR,ERR,ERR,ERR,ERR,ERR,ERR,ERR,ERR,ERR,ERR,ERR,ERR,ERR,ERR,ERR,ERR,ERR,ERR,ERR,ERR,ERR,ERR,ERR,ERR,ERR,ERR,ERR,ERR,ERR,ERR,ERR,ERR,ERR,ERR,ERR,ERR,ERR,ERR,ERR,ERR,ERR,ERR,ERR,ERR,ERR,ERR,ERR,ERR,ERR,ERR,ERR,ERR,ERR,ERR,ERR,ERR,ERR,ERR,ERR,ERR,ERR,ERR,ERR,ERR,ERR,ERR,ERR,ERR,ERR,ERR,ERR,ERR,ERR,ERR,ERR,ERR,ERR,ERR,ERR,ERR,ERR,ERR,ERR,ERR,ERR,ERR,ERR,ERR,ERR,ERR,ERR,ERR,ERR,ERR,ERR,ERR,ERR,ERR,ERR,ERR,ERR,ERR,ERR,ERR,ERR,ERR,ERR,0.0,-0.0,2.7420187948523476e+23,0.0,-0.0,183767344.0,2.8575450604360616e+24,-0.0,4300,0,8,17169,4300,0.0,41,0.0,0.0,0.0,0.0,2.7184166902131945e+23,0,0,0,0,0.0,0,0,0,0,0,0,0,0,0,0,0,0,0,0,0,0,0,0,0,0,0,0,0,0,0,0,0,0,0,0,0,0,0,8,36,36,44,65476,359,65476,1,0,4,21553,0.0,0.0,0.0,0.0,0.0,0.0,0.0,0.0,0.0,0.0,0.0,0.0,0.0,0.0,0.0,0.0,0.0,0.0,0.0,0.0,0.0,2.004,2.004,-2.004,-0.0,0.0,0.0,0.0,0.0,0.0,6615.0,-3.697208123857253e+19,0.0,0.0,-0.0,2.7184503771384073e+23,-107616256.0,-0.0,0.0,2.004,2.004,229,-0.0,2.7184282194282406e+23,0.0,0.0,0.0,0.0,0.0,0.0,0.0,0,0,0,-6.637651337205946e+26,-0.794,-0.0,-0.0,-0.0,-0.0,-1.1726303121073829e+21,-0.0,-0.0,-7.838452118683264e+28,-87.637,280676800659456.0,0.0,0.0,0.0,5.469349279664011e+21,0,1.3516416376850534e+27,229,0.0,458,-621855232.0,-0.0,2114,52429,17109,0,17112,52429,17095,0,0,0,101,100,100,2.7302337753474445e+23,65.3,-0.0,65.6,0.0,65.5,1,49,50,180,52429,52429,0,0,0.0,0.0,0.0,60.0,1.74735099972817e+25,71.0,0.0,-0.0,0.0,1069,0,1069,0,0,0,1069,0,1080,0,1000,0,656,0,658,0,652,0,676,0.032,1.4536034330083127e+22,0.0,0.0,27664,16814,1.74735099972817e+25,-0.0,-2.7049807109423104e+17,-1211693623410688.0,-1.3731691429448052e+34,0.002,50.0,60.0,35,0.0,0.0,10.0,2.0,0.0,0.0,0.0,0.0,0.0,0.0,0.0,0.0,0.0,0.0,0.0,0.0,58.8,54,12,65509,27,65476,0,300,0,0,8,20529,65476,0,0,30147,60.0,0.0,10.0,10.0,2.0,0.0
2026-02-16T12:34:13,ERR,ERR,ERR,ERR,ERR,ERR,ERR,ERR,ERR,ERR,ERR,ERR,ERR,ERR,ERR,ERR,ERR,ERR,ERR,ERR,ERR,ERR,ERR,ERR,ERR,ERR,ERR,ERR,ERR,ERR,ERR,ERR,ERR,ERR,ERR,ERR,ERR,ERR,ERR,ERR,ERR,ERR,ERR,ERR,ERR,ERR,ERR,ERR,ERR,ERR,ERR,ERR,ERR,ERR,ERR,ERR,ERR,ERR,ERR,ERR,ERR,ERR,ERR,ERR,ERR,ERR,ERR,ERR,ERR,ERR,ERR,ERR,ERR,ERR,ERR,ERR,ERR,ERR,ERR,ERR,ERR,ERR,ERR,ERR,ERR,ERR,ERR,ERR,ERR,ERR,ERR,ERR,ERR,ERR,ERR,ERR,ERR,ERR,ERR,ERR,ERR,ERR,ERR,ERR,ERR,ERR,ERR,ERR,ERR,ERR,ERR,ERR,ERR,ERR,ERR,ERR,ERR,ERR,ERR,ERR,ERR,ERR,ERR,ERR,ERR,0.0,-0.0,2.7420187948523476e+23,0.0,-0.0,183767344.0,2.8575450604360616e+24,-0.0,4300,0,8,17169,4300,0.0,41,0.0,0.0,0.0,0.0,2.7184166902131945e+23,0,0,0,0,0.0,0,0,0,0,0,0,0,0,0,0,0,0,0,0,0,0,0,0,0,0,0,0,0,0,0,0,0,0,0,0,0,0,0,8,36,36,44,65476,359,65476,1,0,4,21553,0.0,0.0,0.0,0.0,0.0,0.0,0.0,0.0,0.0,0.0,0.0,0.0,0.0,0.0,0.0,0.0,0.0,0.0,0.0,0.0,0.0,2.004,2.004,-2.004,-0.0,0.0,0.0,0.0,0.0,0.0,6615.0,-3.697208123857253e+19,0.0,0.0,-0.0,2.7184503771384073e+23,-107616256.0,-0.0,0.0,2.004,2.004,229,-0.0,2.7184282194282406e+23,0.0,0.0,0.0,0.0,0.0,0.0,0.0,0,0,0,-6.637651337205946e+26,-0.794,-0.0,-0.0,-0.0,-0.0,-1.1726303121073829e+21,-0.0,-0.0,-7.838452118683264e+28,-87.637,280676800659456.0,0.0,0.0,0.0,5.469349279664011e+21,0,1.3516416376850534e+27,229,0.0,458,-621855232.0,-0.0,2114,52429,17109,0,17112,52429,17095,0,0,0,101,100,100,2.7302337753474445e+23,65.3,-0.0,65.6,0.0,65.5,1,49,50,180,52429,52429,0,0,0.0,0.0,0.0,60.0,1.74735099972817e+25,71.0,0.0,-0.0,0.0,1069,0,1069,0,0,0,1069,0,1080,0,1000,0,656,0,658,0,652,0,676,0.032,1.4536034330083127e+22,0.0,0.0,27664,16814,1.74735099972817e+25,-0.0,-2.7049807109423104e+17,-1211693623410688.0,-1.3731691429448052e+34,0.002,50.0,60.0,35,0.0,0.0,10.0,2.0,0.0,0.0,0.0,0.0,0.0,0.0,0.0,0.0,0.0,0.0,0.0,0.0,58.8,54,12,65509,27,65476,0,300,0,0,8,20529,65476,0,0,30147,60.0,0.0,10.0,10.0,2.0,0.0
2026-02-16T12:34:14,ERR,ERR,ERR,ERR,ERR,ERR,ERR,ERR,ERR,ERR,ERR,ERR,ERR,ERR,ERR,ERR,ERR,ERR,ERR,ERR,ERR,ERR,ERR,ERR,ERR,ERR,ERR,ERR,ERR,ERR,ERR,ERR,ERR,ERR,ERR,ERR,ERR,ERR,ERR,ERR,ERR,ERR,ERR,ERR,ERR,ERR,ERR,ERR,ERR,ERR,ERR,ERR,ERR,ERR,ERR,ERR,ERR,ERR,ERR,ERR,ERR,ERR,ERR,ERR,ERR,ERR,ERR,ERR,ERR,ERR,ERR,ERR,ERR,ERR,ERR,ERR,ERR,ERR,ERR,ERR,ERR,ERR,ERR,ERR,ERR,ERR,ERR,ERR,ERR,ERR,ERR,ERR,ERR,ERR,ERR,ERR,ERR,ERR,ERR,ERR,ERR,ERR,ERR,ERR,ERR,ERR,ERR,ERR,ERR,ERR,ERR,ERR,ERR,ERR,ERR,ERR,ERR,ERR,ERR,ERR,ERR,ERR,ERR,ERR,ERR,0.0,-0.0,2.7420187948523476e+23,0.0,-0.0,183767344.0,2.8575450604360616e+24,-0.0,4300,0,8,17169,4300,0.0,41,0.0,0.0,0.0,0.0,2.7184166902131945e+23,0,0,0,0,0.0,0,0,0,0,0,0,0,0,0,0,0,0,0,0,0,0,0,0,0,0,0,0,0,0,0,0,0,0,0,0,0,0,0,8,36,36,44,65476,359,65476,1,0,4,21553,0.0,0.0,0.0,0.0,0.0,0.0,0.0,0.0,0.0,0.0,0.0,0.0,0.0,0.0,0.0,0.0,0.0,0.0,0.0,0.0,0.0,2.004,2.004,-2.004,-0.0,0.0,0.0,0.0,0.0,0.0,6615.0,-3.697208123857253e+19,0.0,0.0,-0.0,2.7184503771384073e+23,-107616256.0,-0.0,0.0,2.004,2.004,229,-0.0,2.7184282194282406e+23,0.0,0.0,0.0,0.0,0.0,0.0,0.0,0,0,0,-6.637651337205946e+26,-0.794,-0.0,-0.0,-0.0,-0.0,-1.1726303121073829e+21,-0.0,-0.0,-7.838452118683264e+28,-87.637,280676800659456.0,0.0,0.0,0.0,5.469349279664011e+21,0,1.3516416376850534e+27,229,0.0,458,-621855232.0,-0.0,2114,52429,17109,0,17112,52429,17095,0,0,0,101,100,100,2.7302337753474445e+23,65.3,-0.0,65.6,0.0,65.5,1,49,50,180,52429,52429,0,0,0.0,0.0,0.0,60.0,1.74735099972817e+25,71.0,0.0,-0.0,0.0,1069,0,1069,0,0,0,1069,0,1080,0,1000,0,656,0,658,0,652,0,676,0.032,1.4536034330083127e+22,0.0,0.0,27664,16814,1.74735099972817e+25,-0.0,-2.7049807109423104e+17,-1211693623410688.0,-1.3731691429448052e+34,0.002,50.0,60.0,35,0.0,0.0,10.0,2.0,0.0,0.0,0.0,0.0,0.0,0.0,0.0,0.0,0.0,0.0,0.0,0.0,59.2,54,12,65509,27,65476,0,300,0,0,8,20529,65476,0,0,30147,60.0,0.0,10.0,10.0,2.0,0.0
2026-02-16T12:34:15,ERR,ERR,ERR,ERR,ERR,ERR,ERR,ERR,ERR,ERR,ERR,ERR,ERR,ERR,ERR,ERR,ERR,ERR,ERR,ERR,ERR,ERR,ERR,ERR,ERR,ERR,ERR,ERR,ERR,ERR,ERR,ERR,ERR,ERR,ERR,ERR,ERR,ERR,ERR,ERR,ERR,ERR,ERR,ERR,ERR,ERR,ERR,ERR,ERR,ERR,ERR,ERR,ERR,ERR,ERR,ERR,ERR,ERR,ERR,ERR,ERR,ERR,ERR,ERR,ERR,ERR,ERR,ERR,ERR,ERR,ERR,ERR,ERR,ERR,ERR,ERR,ERR,ERR,ERR,ERR,ERR,ERR,ERR,ERR,ERR,ERR,ERR,ERR,ERR,ERR,ERR,ERR,ERR,ERR,ERR,ERR,ERR,ERR,ERR,ERR,ERR,ERR,ERR,ERR,ERR,ERR,ERR,ERR,ERR,ERR,ERR,ERR,ERR,ERR,ERR,ERR,ERR,ERR,ERR,ERR,ERR,ERR,ERR,ERR,ERR,0.0,-0.0,2.7420187948523476e+23,0.0,-0.0,0.0,0.0,-299617589657600.0,4300,0,8,17169,4300,0.0,41,0.0,0.0,0.0,0.0,0.0,0,0,0,0,0.0,0,0,0,0,0,0,0,0,0,0,0,0,0,0,0,0,0,0,0,0,0,0,0,0,0,0,0,0,0,0,0,0,0,9,36,36,44,65476,360,65476,1,0,4,21553,0.0,0.0,0.0,0.0,0.0,0.0,0.0,0.0,0.0,0.0,0.0,0.0,0.0,0.0,0.0,0.0,0.0,0.0,0.0,0.0,0.0,2.004,2.004,-2.004,-0.0,0.0,0.0,0.0,0.0,0.0,6649.0,0.0,0.0,0.0,-0.0,0.0,-107616256.0,0.0,0.0,2.004,2.004,228,-0.0,5.8480794516081455e+35,0.0,0.0,0.0,0.0,0.0,0.0,0.0,0,0,0,-7.970343077171482e+19,-0.0,-0.0,0.128,-0.0,2.951621437599347e+24,8.150615599588647e+37,-26700744228864.0,-2.763683000571843e+22,-8.558749011475592e+28,-93.637,306266903674880.0,0.0,0.0,0.0,-0.0,0,1.3516416376850534e+27,228,0.0,456,-621855232.0,86146.148,2114,52429,17109,0,17112,52429,17095,0,0,0,101,100,100,2.7302337753474445e+23,65.3,-0.0,65.6,0.0,65.5,1,49,50,180,52429,52429,0,0,0.0,0.0,0.0,60.0,1.74735099972817e+25,71.0,0.0,-0.0,0.0,1069,0,1069,0,0,0,1069,0,1080,0,1000,0,656,0,658,0,652,0,676,0.032,1.4536034330083127e+22,0.0,0.0,27664,16814,1.74735099972817e+25,-0.0,-2.7049807109423104e+17,-1211693623410688.0,-1.3731691429448052e+34,0.002,50.0,60.0,35,0.0,0.0,10.0,2.0,0.0,0.0,0.0,0.0,0.0,0.0,0.0,0.0,0.0,0.0,0.0,0.0,58.8,54,12,65509,27,65476,0,300,0,0,8,20529,65476,0,0,30147,60.0,0.0,10.0,10.0,2.0,0.0
2026-02-16T12:34:16,ERR,ERR,ERR,ERR,ERR,ERR,ERR,ERR,ERR,ERR,ERR,ERR,ERR,ERR,ERR,ERR,ERR,ERR,ERR,ERR,ERR,ERR,ERR,ERR,ERR,ERR,ERR,ERR,ERR,ERR,ERR,ERR,ERR,ERR,ERR,ERR,ERR,ERR,ERR,ERR,ERR,ERR,ERR,ERR,ERR,ERR,ERR,ERR,ERR,ERR,ERR,ERR,ERR,ERR,ERR,ERR,ERR,ERR,ERR,ERR,ERR,ERR,ERR,ERR,ERR,ERR,ERR,ERR,ERR,ERR,ERR,ERR,ERR,ERR,ERR,ERR,ERR,ERR,ERR,ERR,ERR,ERR,ERR,ERR,ERR,ERR,ERR,ERR,ERR,ERR,ERR,ERR,ERR,ERR,ERR,ERR,ERR,ERR,ERR,ERR,ERR,ERR,ERR,ERR,ERR,ERR,ERR,ERR,ERR,ERR,ERR,ERR,ERR,ERR,ERR,ERR,ERR,ERR,ERR,ERR,ERR,ERR,ERR,ERR,ERR,0.0,-0.0,2.7420187948523476e+23,0.0,-0.0,0.0,0.0,-299617589657600.0,4300,0,8,17169,4300,0.0,41,0.0,0.0,0.0,0.0,0.0,0,0,0,0,0.0,0,0,0,0,0,0,0,0,0,0,0,0,0,0,0,0,0,0,0,0,0,0,0,0,0,0,0,0,0,0,0,0,0,9,36,36,44,65476,360,65476,1,0,4,21553,0.0,0.0,0.0,0.0,0.0,0.0,0.0,0.0,0.0,0.0,0.0,0.0,0.0,0.0,0.0,0.0,0.0,0.0,0.0,0.0,0.0,2.004,2.004,-2.004,-0.0,0.0,0.0,0.0,0.0,0.0,6649.0,0.0,0.0,0.0,-0.0,0.0,-107616256.0,0.0,0.0,2.004,2.004,228,-0.0,5.8480794516081455e+35,0.0,0.0,0.0,0.0,0.0,0.0,0.0,0,0,0,-7.970343077171482e+19,-0.0,-0.0,0.128,-0.0,2.951621437599347e+24,8.150615599588647e+37,-26700744228864.0,-2.763683000571843e+22,-8.558749011475592e+28,-93.637,306266903674880.0,0.0,0.0,0.0,-0.0,0,1.3516416376850534e+27,228,0.0,456,-621855232.0,86146.148,2114,52429,17109,0,17112,0,17096,0,0,0,101,100,100,2.7302337753474445e+23,65.3,-0.0,65.6,0.0,65.5,1,49,50,180,52429,52429,0,0,0.0,0.0,0.0,60.0,-0.0,71.0,0.0,494090.719,0.0,1069,0,1069,0,0,0,1069,0,1080,0,1000,0,656,0,658,0,652,0,676,0.032,1.4536034330083127e+22,0.0,0.0,34960,16814,-0.0,5284011.5,-2.0931518016314787e+35,-0.0,0.0,933486043070464.0,50.0,60.0,35,0.0,0.0,10.0,2.0,0.0,0.0,0.0,0.0,0.0,0.0,0.0,0.0,0.0,0.0,0.0,0.0,58.8,54,12,65509,27,65476,0,300,0,0,8,20529,65476,0,0,30147,60.0,0.0,10.0,10.0,2.0,0.0
2026-02-16T12:34:17,ERR,ERR,ERR,ERR,ERR,ERR,ERR,ERR,ERR,ERR,ERR,ERR,ERR,ERR,ERR,ERR,ERR,ERR,ERR,ERR,ERR,ERR,ERR,ERR,ERR,ERR,ERR,ERR,ERR,ERR,ERR,ERR,ERR,ERR,ERR,ERR,ERR,ERR,ERR,ERR,ERR,ERR,ERR,ERR,ERR,ERR,ERR,ERR,ERR,ERR,ERR,ERR,ERR,ERR,ERR,ERR,ERR,ERR,ERR,ERR,ERR,ERR,ERR,ERR,ERR,ERR,ERR,ERR,ERR,ERR,ERR,ERR,ERR,ERR,ERR,ERR,ERR,ERR,ERR,ERR,ERR,ERR,ERR,ERR,ERR,ERR,ERR,ERR,ERR,ERR,ERR,ERR,ERR,ERR,ERR,ERR,ERR,ERR,ERR,ERR,ERR,ERR,ERR,ERR,ERR,ERR,ERR,ERR,ERR,ERR,ERR,ERR,ERR,ERR,ERR,ERR,ERR,ERR,ERR,ERR,ERR,ERR,ERR,ERR,ERR,0.0,-0.0,2.7420187948523476e+23,0.0,-0.0,0.0,0.0,-299617589657600.0,4300,0,8,17169,4300,0.0,41,0.0,0.0,0.0,0.0,0.0,0,0,0,0,0.0,0,0,0,0,0,0,0,0,0,0,0,0,0,0,0,0,0,0,0,0,0,0,0,0,0,0,0,0,0,0,0,0,0,9,36,36,44,65476,360,65476,1,0,4,21553,0.0,0.0,0.0,0.0,0.0,0.0,0.0,0.0,0.0,0.0,0.0,0.0,0.0,0.0,0.0,0.0,0.0,0.0,0.0,0.0,0.0,2.004,2.004,-2.004,-0.0,0.0,0.0,0.0,0.0,0.0,6649.0,0.0,0.0,0.0,-0.0,0.0,-107616256.0,0.0,0.0,2.004,2.004,228,-0.0,5.8480794516081455e+35,0.0,0.0,0.0,0.0,0.0,0.0,0.0,0,0,0,-7.970343077171482e+19,-0.0,-0.0,0.128,-0.0,2.951621437599347e+24,8.150615599588647e+37,-26700744228864.0,-2.763683000571843e+22,-8.558749011475592e+28,-93.637,306266903674880.0,0.0,0.0,0.0,-0.0,0,1.3516416376850534e+27,228,0.0,456,-621855232.0,86146.148,2114,52429,17109,0,17112,0,17096,0,0,0,101,100,100,2.7302337753474445e+23,65.3,-0.0,65.6,0.0,65.5,1,49,50,180,52429,52429,0,0,0.0,0.0,0.0,60.0,-0.0,71.0,0.0,494090.719,0.0,1069,0,1069,0,0,0,1069,0,1080,0,1000,0,656,0,658,0,652,0,676,0.032,1.4536034330083127e+22,0.0,0.0,34960,16814,-0.0,5284011.5,-2.0931518016314787e+35,-0.0,0.0,933486043070464.0,50.0,60.0,35,0.0,0.0,10.0,2.0,0.0,0.0,0.0,0.0,0.0,0.0,0.0,0.0,0.0,0.0,0.0,0.0,59.2,54,12,65509,27,65476,0,300,0,0,8,20529,65476,0,0,30147,60.0,0.0,10.0,10.0,2.0,0.0
2026-02-16T12:34:18,ERR,ERR,ERR,ERR,ERR,ERR,ERR,ERR,ERR,ERR,ERR,ERR,ERR,ERR,ERR,ERR,ERR,ERR,ERR,ERR,ERR,ERR,ERR,ERR,ERR,ERR,ERR,ERR,ERR,ERR,ERR,ERR,ERR,ERR,ERR,ERR,ERR,ERR,ERR,ERR,ERR,ERR,ERR,ERR,ERR,ERR,ERR,ERR,ERR,ERR,ERR,ERR,ERR,ERR,ERR,ERR,ERR,ERR,ERR,ERR,ERR,ERR,ERR,ERR,ERR,ERR,ERR,ERR,ERR,ERR,ERR,ERR,ERR,ERR,ERR,ERR,ERR,ERR,ERR,ERR,ERR,ERR,ERR,ERR,ERR,ERR,ERR,ERR,ERR,ERR,ERR,ERR,ERR,ERR,ERR,ERR,ERR,ERR,ERR,ERR,ERR,ERR,ERR,ERR,ERR,ERR,ERR,ERR,ERR,ERR,ERR,ERR,ERR,ERR,ERR,ERR,ERR,ERR,ERR,ERR,ERR,ERR,ERR,ERR,ERR,0.0,-0.0,2.7420187948523476e+23,0.0,-0.0,0.0,0.0,-299617589657600.0,4300,0,8,17169,4300,0.0,41,0.0,0.0,0.0,0.0,0.0,0,0,0,0,0.0,0,0,0,0,0,0,0,0,0,0,0,0,0,0,0,0,0,0,0,0,0,0,0,0,0,0,0,0,0,0,0,0,0,9,36,36,44,65476,360,65476,1,0,4,21553,0.0,0.0,0.0,0.0,0.0,0.0,0.0,0.0,0.0,0.0,0.0,0.0,0.0,0.0,0.0,0.0,0.0,0.0,0.0,0.0,0.0,2.004,2.004,-2.004,-0.0,0.0,0.0,0.0,0.0,0.0,6649.0,0.0,0.0,0.0,-0.0,0.0,-107616256.0,0.0,0.0,2.004,2.004,228,-0.0,5.8480794516081455e+35,0.0,0.0,0.0,0.0,0.0,0.0,0.0,0,0,0,-7.970343077171482e+19,-0.0,-0.0,0.128,-0.0,2.951621437599347e+24,8.150615599588647e+37,-26700744228864.0,-2.763683000571843e+22,-8.558749011475592e+28,-93.637,306266903674880.0,0.0,0.0,0.0,-0.0,0,1.3516416376850534e+27,228,0.0,456,-621855232.0,86146.148,2114,52429,17109,0,17112,0,17096,0,0,0,101,100,100,2.7302337753474445e+23,65.3,-0.0,65.6,0.0,65.5,1,49,50,180,52429,52429,0,0,0.0,0.0,0.0,60.0,-0.0,71.0,0.0,494090.719,0.0,1069,0,1069,0,0,0,1069,0,1080,0,1000,0,656,0,658,0,652,0,676,0.032,1.4536034330083127e+22,0.0,0.0,34960,16814,-0.0,5284011.5,-2.0931518016314787e+35,-0.0,0.0,933486043070464.0,50.0,60.0,35,0.0,0.0,10.0,2.0,0.0,0.0,0.0,0.0,0.0,0.0,0.0,0.0,0.0,0.0,0.0,0.0,59.2,54,12,65509,27,65476,0,300,0,0,8,20529,65476,0,0,30147,60.0,0.0,10.0,10.0,2.0,0.0
2026-02-16T12:34:19,ERR,ERR,ERR,ERR,ERR,ERR,ERR,ERR,ERR,ERR,ERR,ERR,ERR,ERR,ERR,ERR,ERR,ERR,ERR,ERR,ERR,ERR,ERR,ERR,ERR,ERR,ERR,ERR,ERR,ERR,ERR,ERR,ERR,ERR,ERR,ERR,ERR,ERR,ERR,ERR,ERR,ERR,ERR,ERR,ERR,ERR,ERR,ERR,ERR,ERR,ERR,ERR,ERR,ERR,ERR,ERR,ERR,ERR,ERR,ERR,ERR,ERR,ERR,ERR,ERR,ERR,ERR,ERR,ERR,ERR,ERR,ERR,ERR,ERR,ERR,ERR,ERR,ERR,ERR,ERR,ERR,ERR,ERR,ERR,ERR,ERR,ERR,ERR,ERR,ERR,ERR,ERR,ERR,ERR,ERR,ERR,ERR,ERR,ERR,ERR,ERR,ERR,ERR,ERR,ERR,ERR,ERR,ERR,ERR,ERR,ERR,ERR,ERR,ERR,ERR,ERR,ERR,ERR,ERR,ERR,ERR,ERR,ERR,ERR,ERR,0.0,-0.0,2.7420187948523476e+23,0.0,-0.0,-3.6065719562651765e+32,-42132505100288.0,0.0,4300,0,8,17169,4300,0.0,41,0.0,0.0,0.0,0.0,0.0,0,0,0,0,0.0,0,0,0,0,0,0,0,0,0,0,0,0,0,0,0,0,0,0,0,0,0,0,0,0,0,0,0,0,0,0,0,0,0,9,36,36,45,65476,360,65476,1,0,4,21553,0.0,-0.0,0.0,0.0,0.0,0.0,0.0,0.0,0.0,0.0,0.0,0.0,0.0,0.0,0.0,0.0,0.0,0.0,0.0,0.0,0.0,2.004,2.004,-2.004,3.697074863047967e+19,0.0,0.0,0.0,0.0,0.0,6619.0,-1.587938797847242e+29,0.0,0.0,-0.0,0.0,-107616256.0,0.0,0.0,2.004,2.004,228,-3.222002767243768e+26,4.0668763253736716e+29,0.0,0.0,0.0,0.0,0.0,0.0,0.0,0,0,0,-7749829862096896.0,-0.0,-0.0,-0.0,1.5545416569075672e+32,2.1790911680261883e+21,7.31231579607077e+28,-0.0,-11.892,-9.23961603308255e+28,-99.637,332655182741504.0,0.0,0.0,0.0,-0.0,0,1.3516416376850534e+27,228,0.0,456,-621855232.0,-2.216540147040146e+20,2114,52429,17109,0,17112,0,17096,0,0,0,101,100,100,2.7302337753474445e+23,65.3,-0.0,65.6,0.0,65.5,1,49,50,180,52429,52429,0,0,0.0,0.0,0.0,60.0,-0.0,71.0,0.0,-2.2100390904928357e+35,0.0,1069,0,1069,0,0,0,1069,0,1080,0,1000,0,656,0,658,0,652,0,676,0.032,1.4536034330083127e+22,0.0,0.0,27024,16814,-0.0,-2.2100390904928357e+35,-218368.562,-7.549749848905766e+36,-2.136929056034497e+24,0.0,50.0,60.0,35,0.0,0.0,10.0,2.0,0.0,0.0,0.0,0.0,0.0,0.0,0.0,0.0,0.0,0.0,0.0,0.0,58.8,54,12,65509,27,65476,0,300,0,0,8,20529,65476,0,0,30147,60.0,0.0,10.0,10.0,2.0,0.0
2026-02-16T12:34:20,ERR,ERR,ERR,ERR,ERR,ERR,ERR,ERR,ERR,ERR,ERR,ERR,ERR,ERR,ERR,ERR,ERR,ERR,ERR,ERR,ERR,ERR,ERR,ERR,ERR,ERR,ERR,ERR,ERR,ERR,ERR,ERR,ERR,ERR,ERR,ERR,ERR,ERR,ERR,ERR,ERR,ERR,ERR,ERR,ERR,ERR,ERR,ERR,ERR,ERR,ERR,ERR,ERR,ERR,ERR,ERR,ERR,ERR,ERR,ERR,ERR,ERR,ERR,ERR,ERR,ERR,ERR,ERR,ERR,ERR,ERR,ERR,ERR,ERR,ERR,ERR,ERR,ERR,ERR,ERR,ERR,ERR,ERR,ERR,ERR,ERR,ERR,ERR,ERR,ERR,ERR,ERR,ERR,ERR,ERR,ERR,ERR,ERR,ERR,ERR,ERR,ERR,ERR,ERR,ERR,ERR,ERR,ERR,ERR,ERR,ERR,ERR,ERR,ERR,ERR,ERR,ERR,ERR,ERR,ERR,ERR,ERR,ERR,ERR,ERR,0.0,-0.0,2.7420187948523476e+23,0.0,-0.0,-3.6065719562651765e+32,-42132505100288.0,0.0,4300,0,8,17169,4300,0.0,41,0.0,0.0,0.0,0.0,0.0,0,0,0,0,0.0,0,0,0,0,0,0,0,0,0,0,0,0,0,0,0,0,0,0,0,0,0,0,0,0,0,0,0,0,0,0,0,0,0,9,36,36,45,65476,360,65476,1,0,4,21553,0.0,-0.0,0.0,0.0,0.0,0.0,0.0,0.0,0.0,0.0,0.0,0.0,0.0,0.0,0.0,0.0,0.0,0.0,0.0,0.0,0.0,2.004,2.004,-2.004,3.697074863047967e+19,0.0,0.0,0.0,0.0,0.0,6619.0,-1.587938797847242e+29,0.0,0.0,-0.0,0.0,-107616256.0,0.0,0.0,2.004,2.004,228,-3.222002767243768e+26,4.0668763253736716e+29,0.0,0.0,0.0,0.0,0.0,0.0,0.0,0,0,0,-7749829862096896.0,-0.0,-0.0,-0.0,1.5545416569075672e+32,2.1790911680261883e+21,7.31231579607077e+28,-0.0,-11.892,-9.23961603308255e+28,-99.637,332655182741504.0,0.0,0.0,0.0,-0.0,0,1.3516416376850534e+27,228,0.0,456,-621855232.0,-2.216540147040146e+20,2114,52429,17109,0,17112,0,17096,0,0,0,101,100,100,2.7302337753474445e+23,65.3,-0.0,65.6,0.0,65.5,1,49,50,180,52429,52429,0,0,0.0,0.0,0.0,60.0,-0.0,71.0,0.0,-2.2100390904928357e+35,0.0,1069,0,1069,0,0,0,1069,0,1080,0,1000,0,656,0,658,0,652,0,676,0.032,1.4536034330083127e+22,0.0,0.0,27024,16814,-0.0,-2.2100390904928357e+35,-218368.562,-7.549749848905766e+36,-2.136929056034497e+24,0.0,50.0,60.0,35,0.0,0.0,10.0,2.0,0.0,0.0,0.0,0.0,0.0,0.0,0.0,0.0,0.0,0.0,0.0,0.0,58.8,54,12,65509,27,65476,0,300,0,0,8,20529,65476,0,0,30147,60.0,0.0,10.0,10.0,2.0,0.0
2026-02-16T12:34:21,ERR,ERR,ERR,ERR,ERR,ERR,ERR,ERR,ERR,ERR,ERR,ERR,ERR,ERR,ERR,ERR,ERR,ERR,ERR,ERR,ERR,ERR,ERR,ERR,ERR,ERR,ERR,ERR,ERR,ERR,ERR,ERR,ERR,ERR,ERR,ERR,ERR,ERR,ERR,ERR,ERR,ERR,ERR,ERR,ERR,ERR,ERR,ERR,ERR,ERR,ERR,ERR,ERR,ERR,ERR,ERR,ERR,ERR,ERR,ERR,ERR,ERR,ERR,ERR,ERR,ERR,ERR,ERR,ERR,ERR,ERR,ERR,ERR,ERR,ERR,ERR,ERR,ERR,ERR,ERR,ERR,ERR,ERR,ERR,ERR,ERR,ERR,ERR,ERR,ERR,ERR,ERR,ERR,ERR,ERR,ERR,ERR,ERR,ERR,ERR,ERR,ERR,ERR,ERR,ERR,ERR,ERR,ERR,ERR,ERR,ERR,ERR,ERR,ERR,ERR,ERR,ERR,ERR,ERR,ERR,ERR,ERR,ERR,ERR,ERR,0.0,-0.0,2.7420187948523476e+23,0.0,-0.0,-3.6065719562651765e+32,-42132505100288.0,0.0,4300,0,8,17169,4300,0.0,41,0.0,0.0,0.0,0.0,0.0,0,0,0,0,0.0,0,0,0,0,0,0,0,0,0,0,0,0,0,0,0,0,0,0,0,0,0,0,0,0,0,0,0,0,0,0,0,0,0,9,36,36,45,65476,360,65476,1,0,4,21553,0.0,-0.0,0.0,0.0,0.0,0.0,0.0,0.0,0.0,0.0,0.0,0.0,0.0,0.0,0.0,0.0,0.0,0.0,0.0,0.0,0.0,2.004,2.004,-2.004,3.697074863047967e+19,0.0,0.0,0.0,0.0,0.0,6619.0,-1.587938797847242e+29,0.0,0.0,-0.0,0.0,-107616256.0,0.0,0.0,2.004,2.004,228,-3.222002767243768e+26,4.0668763253736716e+29,0.0,0.0,0.0,0.0,0.0,0.0,0.0,0,0,0,-7749829862096896.0,-0.0,-0.0,-0.0,1.5545416569075672e+32,2.1790911680261883e+21,7.31231579607077e+28,-0.0,-11.892,-9.23961603308255e+28,-99.637,332655182741504.0,0.0,0.0,0.0,-0.0,0,1.3516416376850534e+27,228,0.0,456,-621855232.0,-2.216540147040146e+20,2114,52429,17109,0,17112,0,17096,0,0,0,101,100,100,2.7302337753474445e+23,65.3,-0.0,65.6,0.0,65.5,1,49,50,180,52429,52429,0,0,0.0,0.0,0.0,60.0,-0.0,71.0,0.0,-2.2100390904928357e+35,0.0,1069,0,1069,0,0,0,1069,0,1080,0,1000,0,656,0,658,0,652,0,676,0.032,1.4536034330083127e+22,0.0,0.0,27024,16814,-0.0,-2.2100390904928357e+35,-218368.562,-7.549749848905766e+36,-2.136929056034497e+24,0.0,50.0,60.0,35,0.0,0.0,10.0,2.0,0.0,0.0,0.0,0.0,0.0,0.0,0.0,0.0,0.0,0.0,0.0,0.0,58.8,54,12,65509,27,65476,0,300,0,0,8,20529,65476,0,0,30147,60.0,0.0,10.0,10.0,2.0,0.0
2026-02-16T12:34:22,ERR,ERR,ERR,ERR,ERR,ERR,ERR,ERR,ERR,ERR,ERR,ERR,ERR,ERR,ERR,ERR,ERR,ERR,ERR,ERR,ERR,ERR,ERR,ERR,ERR,ERR,ERR,ERR,ERR,ERR,ERR,ERR,ERR,ERR,ERR,ERR,ERR,ERR,ERR,ERR,ERR,ERR,ERR,ERR,ERR,ERR,ERR,ERR,ERR,ERR,ERR,ERR,ERR,ERR,ERR,ERR,ERR,ERR,ERR,ERR,ERR,ERR,ERR,ERR,ERR,ERR,ERR,ERR,ERR,ERR,ERR,ERR,ERR,ERR,ERR,ERR,ERR,ERR,ERR,ERR,ERR,ERR,ERR,ERR,ERR,ERR,ERR,ERR,ERR,ERR,ERR,ERR,ERR,ERR,ERR,ERR,ERR,ERR,ERR,ERR,ERR,ERR,ERR,ERR,ERR,ERR,ERR,ERR,ERR,ERR,ERR,ERR,ERR,ERR,ERR,ERR,ERR,ERR,ERR,ERR,ERR,ERR,ERR,ERR,ERR,0.0,-0.0,2.7420187948523476e+23,0.0,-0.0,-3.6065719562651765e+32,-42132505100288.0,0.0,4300,0,8,17169,4300,0.0,41,0.0,0.0,0.0,0.0,0.0,0,0,0,0,0.0,0,0,0,0,0,0,0,0,0,0,0,0,0,0,0,0,0,0,0,0,0,0,0,0,0,0,0,0,0,0,0,0,0,9,36,36,45,65476,360,65476,1,0,4,21553,0.0,-0.0,0.0,0.0,0.0,0.0,0.0,0.0,0.0,0.0,0.0,0.0,0.0,0.0,0.0,0.0,0.0,0.0,0.0,0.0,0.0,2.004,2.004,-2.004,3.697074863047967e+19,0.0,0.0,0.0,0.0,0.0,6619.0,-1.587938797847242e+29,0.0,0.0,-0.0,0.0,-107616256.0,0.0,0.0,2.004,2.004,228,-3.222002767243768e+26,4.0668763253736716e+29,0.0,0.0,0.0,0.0,0.0,0.0,0.0,0,0,0,-7749829862096896.0,-0.0,-0.0,-0.0,1.5545416569075672e+32,2.1790911680261883e+21,7.31231579607077e+28,-0.0,-11.892,-9.23961603308255e+28,-99.637,332655182741504.0,0.0,0.0,0.0,-0.0,0,1.3516416376850534e+27,228,0.0,456,-621855232.0,-2.216540147040146e+20,2114,52429,17109,0,17112,0,17096,0,0,0,101,100,100,2.7302337753474445e+23,65.3,-0.0,65.6,0.0,65.5,1,49,50,180,52429,52429,0,0,0.0,0.0,0.0,60.0,-0.0,71.0,0.0,-2.2100390904928357e+35,0.0,1069,0,1069,0,0,0,1069,0,1080,0,1000,0,656,0,658,0,652,0,676,0.032,1.4536034330083127e+22,0.0,0.0,27024,16814,-0.0,-2.2100390904928357e+35,-218368.562,-7.549749848905766e+36,-2.136929056034497e+24,0.0,50.0,60.0,35,0.0,0.0,10.0,2.0,0.0,0.0,0.0,0.0,0.0,0.0,0.0,0.0,0.0,0.0,0.0,0.0,59.2,54,12,65509,27,65476,0,300,0,0,8,20529,65476,0,0,30147,60.0,0.0,10.0,10.0,2.0,0.0
2026-02-16T12:34:23,ERR,ERR,ERR,ERR,ERR,ERR,ERR,ERR,ERR,ERR,ERR,ERR,ERR,ERR,ERR,ERR,ERR,ERR,ERR,ERR,ERR,ERR,ERR,ERR,ERR,ERR,ERR,ERR,ERR,ERR,ERR,ERR,ERR,ERR,ERR,ERR,ERR,ERR,ERR,ERR,ERR,ERR,ERR,ERR,ERR,ERR,ERR,ERR,ERR,ERR,ERR,ERR,ERR,ERR,ERR,ERR,ERR,ERR,ERR,ERR,ERR,ERR,ERR,ERR,ERR,ERR,ERR,ERR,ERR,ERR,ERR,ERR,ERR,ERR,ERR,ERR,ERR,ERR,ERR,ERR,ERR,ERR,ERR,ERR,ERR,ERR,ERR,ERR,ERR,ERR,ERR,ERR,ERR,ERR,ERR,ERR,ERR,ERR,ERR,ERR,ERR,ERR,ERR,ERR,ERR,ERR,ERR,ERR,ERR,ERR,ERR,ERR,ERR,ERR,ERR,ERR,ERR,ERR,ERR,ERR,ERR,ERR,ERR,ERR,ERR,0.0,-0.0,2.7420187948523476e+23,0.0,-0.0,-3.6065719562651765e+32,-42132505100288.0,0.0,4300,0,8,17169,4300,0.0,41,0.0,0.0,0.0,0.0,0.0,0,0,0,0,0.0,0,0,0,0,0,0,0,0,0,0,0,0,0,0,0,0,0,0,0,0,0,0,0,0,0,0,0,0,0,0,0,0,0,9,36,36,45,65476,360,65476,1,0,4,21553,0.0,-0.0,0.0,0.0,0.0,0.0,0.0,0.0,0.0,0.0,0.0,0.0,0.0,0.0,0.0,0.0,0.0,0.0,0.0,0.0,0.0,2.004,2.004,-2.004,3.697074863047967e+19,0.0,0.0,0.0,0.0,0.0,6619.0,-1.587938797847242e+29,0.0,0.0,-0.0,0.0,-107616256.0,0.0,0.0,2.004,2.004,228,-3.222002767243768e+26,4.0668763253736716e+29,0.0,0.0,0.0,0.0,0.0,0.0,0.0,0,0,0,-7749829862096896.0,-0.0,-0.0,-0.0,1.5545416569075672e+32,2.1790911680261883e+21,7.31231579607077e+28,-0.0,-11.892,-9.23961603308255e+28,-99.637,332655182741504.0,0.0,0.0,0.0,-0.0,0,1.3516416376850534e+27,228,0.0,456,-621855232.0,-2.216540147040146e+20,2114,52429,17109,0,17112,0,17096,0,0,0,101,100,100,-0.0,65.3,-0.0,65.6,0.0,65.5,1,49,50,180,52429,52429,0,0,0.0,0.0,0.0,60.0,2.4809088085792064e+27,71.0,0.0,-0.0,0.0,1069,0,1069,0,0,0,1069,0,1080,0,1000,0,656,0,658,0,652,0,676,0.032,1.4609821306377965e+22,0.0,0.0,29584,16814,2.4809088085792064e+27,-0.0,0.0,-0.0,0.0,-0.0,50.0,60.0,35,0.0,0.0,10.0,2.0,0.0,0.0,0.0,0.0,0.0,0.0,0.0,0.0,0.0,0.0,0.0,0.0,59.2,54,12,65509,27,65476,0,300,0,0,8,20529,65476,0,0,30147,60.0,0.0,10.0,10.0,2.0,0.0
2026-02-16T12:34:24,ERR,ERR,ERR,ERR,ERR,ERR,ERR,ERR,ERR,ERR,ERR,ERR,ERR,ERR,ERR,ERR,ERR,ERR,ERR,ERR,ERR,ERR,ERR,ERR,ERR,ERR,ERR,ERR,ERR,ERR,ERR,ERR,ERR,ERR,ERR,ERR,ERR,ERR,ERR,ERR,ERR,ERR,ERR,ERR,ERR,ERR,ERR,ERR,ERR,ERR,ERR,ERR,ERR,ERR,ERR,ERR,ERR,ERR,ERR,ERR,ERR,ERR,ERR,ERR,ERR,ERR,ERR,ERR,ERR,ERR,ERR,ERR,ERR,ERR,ERR,ERR,ERR,ERR,ERR,ERR,ERR,ERR,ERR,ERR,ERR,ERR,ERR,ERR,ERR,ERR,ERR,ERR,ERR,ERR,ERR,ERR,ERR,ERR,ERR,ERR,ERR,ERR,ERR,ERR,ERR,ERR,ERR,ERR,ERR,ERR,ERR,ERR,ERR,ERR,ERR,ERR,ERR,ERR,ERR,ERR,ERR,ERR,ERR,ERR,ERR,0.0,-0.0,2.7420187948523476e+23,0.0,-0.0,-1.0356917401096362e+33,-235600229695488.0,0.0,4300,0,8,17169,4300,0.0,41,0.0,0.0,0.0,0.0,0.0,0,0,0,0,0.0,0,0,0,0,0,0,0,0,0,0,0,0,0,0,0,0,0,0,0,0,0,0,0,0,0,0,0,0,0,0,0,0,0,9,36,36,45,65476,360,65476,1,0,4,21553,0.0,-107610720.0,0.0,0.0,0.0,0.0,0.0,0.0,0.0,0.0,0.0,0.0,0.0,0.0,0.0,0.0,0.0,0.0,0.0,0.0,0.0,2.004,2.004,-2.004,3.697074863047967e+19,0.0,0.0,0.0,0.0,0.0,6620.0,-564149188820992.0,0.0,0.0,-0.0,0.0,-2.7184505572823923e+23,0.0,0.0,2.004,2.004,229,-71.629,1.905696230688686e+17,0.0,0.0,0.0,0.0,0.0,0.0,0.0,0,0,0,-33433868828672.0,1.2786415270730207e+36,7.219815765118105e+37,4739822080.0,-0.0,-0.0,2.480114860714274e+28,1.89873836925707e+35,-0.0,-1.0106174060582317e+29,-106.137,359043461808128.0,0.0,0.0,0.0,-0.0,0,1.3516416376850534e+27,229,0.0,458,0.0,0.0,2114,52429,17109,0,17112,0,17096,0,0,0,101,100,100,-0.0,65.3,-0.0,65.6,0.0,65.5,1,49,50,180,52429,52429,0,0,0.0,0.0,0.0,60.0,2.4809088085792064e+27,71.0,0.0,-0.0,0.0,1069,0,1069,0,0,0,1069,0,1080,0,1000,0,656,0,658,0,652,0,676,0.032,1.4609821306377965e+22,0.0,0.0,29584,16814,2.4809088085792064e+27,-0.0,0.0,-0.0,0.0,-0.0,50.0,60.0,35,0.0,0.0,10.0,2.0,0.0,0.0,0.0,0.0,0.0,0.0,0.0,0.0,0.0,0.0,0.0,0.0,58.8,54,12,65509,27,65476,0,300,0,0,8,20529,65476,0,0,30147,60.0,0.0,10.0,10.0,2.0,0.0
2026-02-16T12:34:25,ERR,ERR,ERR,ERR,ERR,ERR,ERR,ERR,ERR,ERR,ERR,ERR,ERR,ERR,ERR,ERR,ERR,ERR,ERR,ERR,ERR,ERR,ERR,ERR,ERR,ERR,ERR,ERR,ERR,ERR,ERR,ERR,ERR,ERR,ERR,ERR,ERR,ERR,ERR,ERR,ERR,ERR,ERR,ERR,ERR,ERR,ERR,ERR,ERR,ERR,ERR,ERR,ERR,ERR,ERR,ERR,ERR,ERR,ERR,ERR,ERR,ERR,ERR,ERR,ERR,ERR,ERR,ERR,ERR,ERR,ERR,ERR,ERR,ERR,ERR,ERR,ERR,ERR,ERR,ERR,ERR,ERR,ERR,ERR,ERR,ERR,ERR,ERR,ERR,ERR,ERR,ERR,ERR,ERR,ERR,ERR,ERR,ERR,ERR,ERR,ERR,ERR,ERR,ERR,ERR,ERR,ERR,ERR,ERR,ERR,ERR,ERR,ERR,ERR,ERR,ERR,ERR,ERR,ERR,ERR,ERR,ERR,ERR,ERR,ERR,0.0,-0.0,2.7420187948523476e+23,0.0,-0.0,-1.0356917401096362e+33,-235600229695488.0,0.0,4300,0,8,17169,4300,0.0,41,0.0,0.0,0.0,0.0,0.0,0,0,0,0,0.0,0,0,0,0,0,0,0,0,0,0,0,0,0,0,0,0,0,0,0,0,0,0,0,0,0,0,0,0,0,0,0,0,0,9,36,36,45,65476,360,65476,1,0,4,21553,0.0,-107610720.0,0.0,0.0,0.0,0.0,0.0,0.0,0.0,0.0,0.0,0.0,0.0,0.0,0.0,0.0,0.0,0.0,0.0,0.0,0.0,2.004,2.004,-2.004,3.697074863047967e+19,0.0,0.0,0.0,0.0,0.0,6620.0,-564149188820992.0,0.0,0.0,-0.0,0.0,-2.7184505572823923e+23,0.0,0.0,2.004,2.004,229,-71.629,1.905696230688686e+17,0.0,0.0,0.0,0.0,0.0,0.0,0.0,0,0,0,-33433868828672.0,1.2786415270730207e+36,7.219815765118105e+37,4739822080.0,-0.0,-0.0,2.480114860714274e+28,1.89873836925707e+35,-0.0,-1.0106174060582317e+29,-106.137,359043461808128.0,0.0,0.0,0.0,-0.0,0,1.3516416376850534e+27,229,0.0,458,0.0,0.0,2114,52429,17109,0,17112,0,17096,0,0,0,101,100,100,-0.0,65.3,-0.0,65.6,0.0,65.5,1,49,50,180,52429,52429,0,0,0.0,0.0,0.0,60.0,2.4809088085792064e+27,71.0,0.0,-0.0,0.0,1069,0,1069,0,0,0,1069,0,1080,0,1000,0,656,0,658,0,652,0,676,0.032,1.4609821306377965e+22,0.0,0.0,29584,16814,2.4809088085792064e+27,-0.0,0.0,-0.0,0.0,-0.0,50.0,60.0,35,0.0,0.0,10.0,2.0,0.0,0.0,0.0,0.0,0.0,0.0,0.0,0.0,0.0,0.0,0.0,0.0,58.8,54,12,65509,27,65476,0,300,0,0,8,20529,65476,0,0,30147,60.0,0.0,10.0,10.0,2.0,0.0
2026-02-16T12:34:26,ERR,ERR,ERR,ERR,ERR,ERR,ERR,ERR,ERR,ERR,ERR,ERR,ERR,ERR,ERR,ERR,ERR,ERR,ERR,ERR,ERR,ERR,ERR,ERR,ERR,ERR,ERR,ERR,ERR,ERR,ERR,ERR,ERR,ERR,ERR,ERR,ERR,ERR,ERR,ERR,ERR,ERR,ERR,ERR,ERR,ERR,ERR,ERR,ERR,ERR,ERR,ERR,ERR,ERR,ERR,ERR,ERR,ERR,ERR,ERR,ERR,ERR,ERR,ERR,ERR,ERR,ERR,ERR,ERR,ERR,ERR,ERR,ERR,ERR,ERR,ERR,ERR,ERR,ERR,ERR,ERR,ERR,ERR,ERR,ERR,ERR,ERR,ERR,ERR,ERR,ERR,ERR,ERR,ERR,ERR,ERR,ERR,ERR,ERR,ERR,ERR,ERR,ERR,ERR,ERR,ERR,ERR,ERR,ERR,ERR,ERR,ERR,ERR,ERR,ERR,ERR,ERR,ERR,ERR,ERR,ERR,ERR,ERR,ERR,ERR,0.0,-0.0,2.7420187948523476e+23,0.0,-0.0,-1.0356917401096362e+33,-235600229695488.0,0.0,4300,0,8,17169,4300,0.0,41,0.0,0.0,0.0,0.0,0.0,0,0,0,0,0.0,0,0,0,0,0,0,0,0,0,0,0,0,0,0,0,0,0,0,0,0,0,0,0,0,0,0,0,0,0,0,0,0,0,9,36,36,45,65476,360,65476,1,0,4,21553,0.0,-107610720.0,0.0,0.0,0.0,0.0,0.0,0.0,0.0,0.0,0.0,0.0,0.0,0.0,0.0,0.0,0.0,0.0,0.0,0.0,0.0,2.004,2.004,-2.004,3.697074863047967e+19,0.0,0.0,0.0,0.0,0.0,6620.0,-564149188820992.0,0.0,0.0,-0.0,0.0,-2.7184505572823923e+23,0.0,0.0,2.004,2.004,229,-71.629,1.905696230688686e+17,0.0,0.0,0.0,0.0,0.0,0.0,0.0,0,0,0,-33433868828672.0,1.2786415270730207e+36,7.219815765118105e+37,4739822080.0,-0.0,-0.0,2.480114860714274e+28,1.89873836925707e+35,-0.0,-1.0106174060582317e+29,-106.137,359043461808128.0,0.0,0.0,0.0,-0.0,0,1.3516416376850534e+27,229,0.0,458,0.0,0.0,2114,52429,17109,0,17112,0,17096,0,0,0,101,100,100,2.7302337753474445e+23,65.3,-0.0,65.6,0.0,65.5,1,49,50,180,52429,52429,0,0,0.0,0.0,0.0,60.0,-0.0,71.0,0.0,-0.0,0.0,1069,0,1069,0,0,0,1069,0,1080,0,1000,0,656,0,658,0,653,0,676,0.032,1.4536034330083127e+22,0.0,0.0,25488,16814,9.444502979691367e+32,3700.084,-60.313,0.0,-5.54519585454293e+17,0.0,50.0,60.0,35,0.0,0.0,10.0,2.0,0.0,0.0,0.0,0.0,0.0,0.0,0.0,0.0,0.0,0.0,0.0,0.0,58.8,54,12,65509,27,65476,0,300,0,0,8,20529,65476,0,0,30147,60.0,0.0,10.0,10.0,2.0,0.0
2026-02-16T12:34:27,ERR,ERR,ERR,ERR,ERR,ERR,ERR,ERR,ERR,ERR,ERR,ERR,ERR,ERR,ERR,ERR,ERR,ERR,ERR,ERR,ERR,ERR,ERR,ERR,ERR,ERR,ERR,ERR,ERR,ERR,ERR,ERR,ERR,ERR,ERR,ERR,ERR,ERR,ERR,ERR,ERR,ERR,ERR,ERR,ERR,ERR,ERR,ERR,ERR,ERR,ERR,ERR,ERR,ERR,ERR,ERR,ERR,ERR,ERR,ERR,ERR,ERR,ERR,ERR,ERR,ERR,ERR,ERR,ERR,ERR,ERR,ERR,ERR,ERR,ERR,ERR,ERR,ERR,ERR,ERR,ERR,ERR,ERR,ERR,ERR,ERR,ERR,ERR,ERR,ERR,ERR,ERR,ERR,ERR,ERR,ERR,ERR,ERR,ERR,ERR,ERR,ERR,ERR,ERR,ERR,ERR,ERR,ERR,ERR,ERR,ERR,ERR,ERR,ERR,ERR,ERR,ERR,ERR,ERR,ERR,ERR,ERR,ERR,ERR,ERR,0.0,-0.0,2.7420187948523476e+23,0.0,-0.0,-1.0356917401096362e+33,-235600229695488.0,0.0,4300,0,8,17169,4300,0.0,41,0.0,0.0,0.0,0.0,0.0,0,0,0,0,0.0,0,0,0,0,0,0,0,0,0,0,0,0,0,0,0,0,0,0,0,0,0,0,0,0,0,0,0,0,0,0,0,0,0,9,36,36,45,65476,360,65476,1,0,4,21553,0.0,-107610720.0,0.0,0.0,0.0,0.0,0.0,0.0,0.0,0.0,0.0,0.0,0.0,0.0,0.0,0.0,0.0,0.0,0.0,0.0,0.0,2.004,2.004,-2.004,3.697074863047967e+19,0.0,0.0,0.0,0.0,0.0,6620.0,-564149188820992.0,0.0,0.0,-0.0,0.0,-2.7184505572823923e+23,0.0,0.0,2.004,2.004,229,-71.629,1.905696230688686e+17,0.0,0.0,0.0,0.0,0.0,0.0,0.0,0,0,0,-33433868828672.0,1.2786415270730207e+36,7.219815765118105e+37,4739822080.0,-0.0,-0.0,2.480114860714274e+28,1.89873836925707e+35,-0.0,-1.0106174060582317e+29,-106.137,359043461808128.0,0.0,0.0,0.0,-0.0,0,1.3516416376850534e+27,229,0.0,458,0.0,0.0,2114,52429,17109,0,17112,0,17096,0,0,0,101,100,100,2.7302337753474445e+23,65.3,-0.0,65.6,0.0,65.5,1,49,50,180,52429,52429,0,0,0.0,0.0,0.0,60.0,-0.0,71.0,0.0,-0.0,0.0,1069,0,1069,0,0,0,1069,0,1080,0,1000,0,656,0,658,0,653,0,676,0.032,1.4536034330083127e+22,0.0,0.0,25488,16814,9.444502979691367e+32,3700.084,-60.313,0.0,-5.54519585454293e+17,0.0,50.0,60.0,35,0.0,0.0,10.0,2.0,0.0,0.0,0.0,0.0,0.0,0.0,0.0,0.0,0.0,0.0,0.0,0.0,58.8,54,12,65509,27,65476,0,65476,0,0,4,20529,65476,0,0,30147,60.0,0.0,10.0,10.0,2.0,0.0
2026-02-16T12:34:28,ERR,ERR,ERR,ERR,ERR,ERR,ERR,ERR,ERR,ERR,ERR,ERR,ERR,ERR,ERR,ERR,ERR,ERR,ERR,ERR,ERR,ERR,ERR,ERR,ERR,ERR,ERR,ERR,ERR,ERR,ERR,ERR,ERR,ERR,ERR,ERR,ERR,ERR,ERR,ERR,ERR,ERR,ERR,ERR,ERR,ERR,ERR,ERR,ERR,ERR,ERR,ERR,ERR,ERR,ERR,ERR,ERR,ERR,ERR,ERR,ERR,ERR,ERR,ERR,ERR,ERR,ERR,ERR,ERR,ERR,ERR,ERR,ERR,ERR,ERR,ERR,ERR,ERR,ERR,ERR,ERR,ERR,ERR,ERR,ERR,ERR,ERR,ERR,ERR,ERR,ERR,ERR,ERR,ERR,ERR,ERR,ERR,ERR,ERR,ERR,ERR,ERR,ERR,ERR,ERR,ERR,ERR,ERR,ERR,ERR,ERR,ERR,ERR,ERR,ERR,ERR,ERR,ERR,ERR,ERR,ERR,ERR,ERR,ERR,ERR,0.0,-0.0,2.7420187948523476e+23,0.0,-0.0,-1.0356917401096362e+33,-235600229695488.0,0.0,4300,0,8,17169,4300,0.0,41,0.0,0.0,0.0,0.0,0.0,0,0,0,0,0.0,0,0,0,0,0,0,0,0,0,0,0,0,0,0,0,0,0,0,0,0,0,0,0,0,0,0,0,0,0,0,0,0,0,9,36,36,45,65476,360,65476,1,0,4,21553,0.0,-107610720.0,0.0,0.0,0.0,0.0,0.0,0.0,0.0,0.0,0.0,0.0,0.0,0.0,0.0,0.0,0.0,0.0,0.0,0.0,0.0,2.004,2.004,-2.004,3.697074863047967e+19,0.0,0.0,0.0,0.0,0.0,6620.0,-564149188820992.0,0.0,0.0,-0.0,0.0,-2.7184505572823923e+23,0.0,0.0,2.004,2.004,229,-71.629,1.905696230688686e+17,0.0,0.0,0.0,0.0,0.0,0.0,0.0,0,0,0,-33433868828672.0,1.2786415270730207e+36,7.219815765118105e+37,4739822080.0,-0.0,-0.0,2.480114860714274e+28,1.89873836925707e+35,-0.0,-1.0106174060582317e+29,-106.137,359043461808128.0,0.0,0.0,0.0,-0.0,0,1.3516416376850534e+27,229,0.0,458,0.0,0.0,2114,52429,17109,0,17112,0,17096,0,0,0,101,100,100,2.7302337753474445e+23,65.3,-0.0,65.6,0.0,65.5,1,49,50,180,52429,52429,0,0,0.0,0.0,0.0,60.0,-0.0,71.0,0.0,-0.0,0.0,1069,0,1069,0,0,0,1069,0,1080,0,1000,0,656,0,658,0,653,0,676,0.032,1.4536034330083127e+22,0.0,0.0,25488,16814,9.444502979691367e+32,3700.084,-60.313,0.0,-5.54519585454293e+17,0.0,50.0,60.0,35,0.0,0.0,10.0,2.0,0.0,0.0,0.0,0.0,0.0,0.0,0.0,0.0,0.0,0.0,0.0,0.0,58.8,54,12,65509,27,65476,0,65476,1,0,4,20529,65476,0,0,30147,60.0,0.0,10.0,10.0,2.0,0.0
2026-02-16T12:34:29,ERR,ERR,ERR,ERR,ERR,ERR,ERR,ERR,ERR,ERR,ERR,ERR,ERR,ERR,ERR,ERR,ERR,ERR,ERR,ERR,ERR,ERR,ERR,ERR,ERR,ERR,ERR,ERR,ERR,ERR,ERR,ERR,ERR,ERR,ERR,ERR,ERR,ERR,ERR,ERR,ERR,ERR,ERR,ERR,ERR,ERR,ERR,ERR,ERR,ERR,ERR,ERR,ERR,ERR,ERR,ERR,ERR,ERR,ERR,ERR,ERR,ERR,ERR,ERR,ERR,ERR,ERR,ERR,ERR,ERR,ERR,ERR,ERR,ERR,ERR,ERR,ERR,ERR,ERR,ERR,ERR,ERR,ERR,ERR,ERR,ERR,ERR,ERR,ERR,ERR,ERR,ERR,ERR,ERR,ERR,ERR,ERR,ERR,ERR,ERR,ERR,ERR,ERR,ERR,ERR,ERR,ERR,ERR,ERR,ERR,ERR,ERR,ERR,ERR,ERR,ERR,ERR,ERR,ERR,ERR,ERR,ERR,ERR,ERR,ERR,0.0,-0.0,2.7420187948523476e+23,0.0,-0.0,0.0,-6.272202462757068e+34,-7.582144824021654e+31,4300,0,8,17169,4300,0.0,41,0.0,0.0,0.0,0.0,0.0,0,0,0,0,0.0,0,0,0,0,0,0,0,0,0,0,0,0,0,0,0,0,0,0,0,0,0,0,0,0,0,0,0,0,0,0,0,0,0,9,36,36,45,65476,367,65476,1,0,4,21553,0.0,-0.0,0.0,0.0,0.0,0.0,0.0,0.0,0.0,0.0,0.0,0.0,0.0,0.0,0.0,0.0,0.0,0.0,0.0,0.0,0.0,2.004,2.004,-2.004,2.004,0.0,0.0,0.0,0.0,0.0,6594.0,-0.0,0.0,0.0,-0.0,-107616240.0,-2.7184505572823923e+23,0.0,0.0,2.004,2.004,229,0.0,107615264.0,0.0,0.0,0.0,0.0,0.0,0.0,0.0,0,0,0,-5.484164771358172e+23,4.004190279119667e+16,-0.0,-400.515,-0.0,0.303,1482.189,-0.0,-0.0,-1.0787041082189276e+29,-112.137,387630764130304.0,0.0,0.0,0.0,-0.0,0,1.3516416376850534e+27,228,0.0,456,0.0,-0.0,2114,52429,17109,0,17112,0,17096,0,0,0,101,100,100,2.7302337753474445e+23,65.3,-0.0,65.6,0.0,65.5,1,49,50,180,52429,52429,0,0,0.0,0.0,0.0,60.0,2.4809088085792064e+27,71.0,0.0,0.0,0.0,1069,0,1069,0,0,0,1069,0,1080,0,1000,0,656,0,658,0,652,0,676,0.032,1.4609821306377965e+22,0.0,0.0,29712,16814,2.9248853874037094e+34,0.0,-0.0,35904217088.0,-30.157,0.0,50.0,60.0,35,0.0,0.0,10.0,2.0,0.0,0.0,0.0,0.0,0.0,0.0,0.0,0.0,0.0,0.0,0.0,0.0,58.8,54,12,65509,27,65476,0,65476,1,0,4,20529,65476,0,0,30147,60.0,0.0,10.0,10.0,2.0,0.0
2026-02-16T12:34:30,ERR,ERR,ERR,ERR,ERR,ERR,ERR,ERR,ERR,ERR,ERR,ERR,ERR,ERR,ERR,ERR,ERR,ERR,ERR,ERR,ERR,ERR,ERR,ERR,ERR,ERR,ERR,ERR,ERR,ERR,ERR,ERR,ERR,ERR,ERR,ERR,ERR,ERR,ERR,ERR,ERR,ERR,ERR,ERR,ERR,ERR,ERR,ERR,ERR,ERR,ERR,ERR,ERR,ERR,ERR,ERR,ERR,ERR,ERR,ERR,ERR,ERR,ERR,ERR,ERR,ERR,ERR,ERR,ERR,ERR,ERR,ERR,ERR,ERR,ERR,ERR,ERR,ERR,ERR,ERR,ERR,ERR,ERR,ERR,ERR,ERR,ERR,ERR,ERR,ERR,ERR,ERR,ERR,ERR,ERR,ERR,ERR,ERR,ERR,ERR,ERR,ERR,ERR,ERR,ERR,ERR,ERR,ERR,ERR,ERR,ERR,ERR,ERR,ERR,ERR,ERR,ERR,ERR,ERR,ERR,ERR,ERR,ERR,ERR,ERR,0.0,-0.0,2.7420187948523476e+23,0.0,-0.0,0.0,-6.272202462757068e+34,-7.582144824021654e+31,4300,0,8,17169,4300,0.0,41,0.0,0.0,0.0,0.0,0.0,0,0,0,0,0.0,0,0,0,0,0,0,0,0,0,0,0,0,0,0,0,0,0,0,0,0,0,0,0,0,0,0,0,0,0,0,0,0,0,9,36,36,45,65476,367,65476,1,0,4,21553,0.0,-0.0,0.0,0.0,0.0,0.0,0.0,0.0,0.0,0.0,0.0,0.0,0.0,0.0,0.0,0.0,0.0,0.0,0.0,0.0,0.0,2.004,2.004,-2.004,2.004,0.0,0.0,0.0,0.0,0.0,6594.0,-0.0,0.0,0.0,-0.0,-107616240.0,-2.7184505572823923e+23,0.0,0.0,2.004,2.004,229,0.0,107615264.0,0.0,0.0,0.0,0.0,0.0,0.0,0.0,0,0,0,-5.484164771358172e+23,4.004190279119667e+16,-0.0,-400.515,-0.0,0.303,1482.189,-0.0,-0.0,-1.0787041082189276e+29,-112.137,387630764130304.0,0.0,0.0,0.0,-0.0,0,1.3516416376850534e+27,228,0.0,456,0.0,-0.0,2114,52429,17109,0,17112,0,17096,0,0,0,101,100,100,2.7302337753474445e+23,65.3,-0.0,65.6,0.0,65.5,1,49,50,180,52429,52429,0,0,0.0,0.0,0.0,60.0,2.4809088085792064e+27,71.0,0.0,0.0,0.0,1069,0,1069,0,0,0,1069,0,1080,0,1000,0,656,0,658,0,652,0,676,0.032,1.4609821306377965e+22,0.0,0.0,29712,16814,2.9248853874037094e+34,0.0,-0.0,35904217088.0,-30.157,0.0,50.0,60.0,35,0.0,0.0,10.0,2.0,0.0,0.0,0.0,0.0,0.0,0.0,0.0,0.0,0.0,0.0,0.0,0.0,59.2,54,12,65509,27,65476,0,65476,0,0,2,20529,65476,0,0,30147,60.0,0.0,10.0,10.0,2.0,0.0
2026-02-16T12:34:31,ERR,ERR,ERR,ERR,ERR,ERR,ERR,ERR,ERR,ERR,ERR,ERR,ERR,ERR,ERR,ERR,ERR,ERR,ERR,ERR,ERR,ERR,ERR,ERR,ERR,ERR,ERR,ERR,ERR,ERR,ERR,ERR,ERR,ERR,ERR,ERR,ERR,ERR,ERR,ERR,ERR,ERR,ERR,ERR,ERR,ERR,ERR,ERR,ERR,ERR,ERR,ERR,ERR,ERR,ERR,ERR,ERR,ERR,ERR,ERR,ERR,ERR,ERR,ERR,ERR,ERR,ERR,ERR,ERR,ERR,ERR,ERR,ERR,ERR,ERR,ERR,ERR,ERR,ERR,ERR,ERR,ERR,ERR,ERR,ERR,ERR,ERR,ERR,ERR,ERR,ERR,ERR,ERR,ERR,ERR,ERR,ERR,ERR,ERR,ERR,ERR,ERR,ERR,ERR,ERR,ERR,ERR,ERR,ERR,ERR,ERR,ERR,ERR,ERR,ERR,ERR,ERR,ERR,ERR,ERR,ERR,ERR,ERR,ERR,ERR,0.0,-0.0,2.7420187948523476e+23,0.0,-0.0,0.0,-6.272202462757068e+34,-7.582144824021654e+31,4300,0,8,17169,4300,0.0,41,0.0,0.0,0.0,0.0,0.0,0,0,0,0,0.0,0,0,0,0,0,0,0,0,0,0,0,0,0,0,0,0,0,0,0,0,0,0,0,0,0,0,0,0,0,0,0,0,0,9,36,36,45,65476,367,65476,1,0,4,21553,0.0,-0.0,0.0,0.0,0.0,0.0,0.0,0.0,0.0,0.0,0.0,0.0,0.0,0.0,0.0,0.0,0.0,0.0,0.0,0.0,0.0,2.004,2.004,-2.004,2.004,0.0,0.0,0.0,0.0,0.0,6594.0,-0.0,0.0,0.0,-0.0,-107616240.0,-2.7184505572823923e+23,0.0,0.0,2.004,2.004,229,0.0,107615264.0,0.0,0.0,0.0,0.0,0.0,0.0,0.0,0,0,0,-5.484164771358172e+23,4.004190279119667e+16,-0.0,-400.515,-0.0,0.303,1482.189,-0.0,-0.0,-1.0787041082189276e+29,-112.137,387630764130304.0,0.0,0.0,0.0,-0.0,0,1.3516416376850534e+27,228,0.0,456,0.0,-0.0,2114,52429,17109,0,17112,0,17096,0,0,0,101,100,100,2.7302337753474445e+23,65.3,-0.0,65.6,0.0,65.5,1,49,50,180,52429,52429,0,0,0.0,0.0,0.0,60.0,2.4809088085792064e+27,71.0,0.0,0.0,0.0,1069,0,1069,0,0,0,1069,0,1080,0,1000,0,656,0,658,0,652,0,676,0.032,1.4609821306377965e+22,0.0,0.0,29712,16814,2.9248853874037094e+34,0.0,-0.0,35904217088.0,-30.157,0.0,50.0,60.0,35,0.0,0.0,10.0,2.0,0.0,0.0,0.0,0.0,0.0,0.0,0.0,0.0,0.0,0.0,0.0,0.0,59.2,54,12,65509,27,65476,0,65476,0,0,2,20529,65476,0,0,30147,60.0,0.0,10.0,10.0,2.0,0.0
2026-02-16T12:34:32,ERR,ERR,ERR,ERR,ERR,ERR,ERR,ERR,ERR,ERR,ERR,ERR,ERR,ERR,ERR,ERR,ERR,ERR,ERR,ERR,ERR,ERR,ERR,ERR,ERR,ERR,ERR,ERR,ERR,ERR,ERR,ERR,ERR,ERR,ERR,ERR,ERR,ERR,ERR,ERR,ERR,ERR,ERR,ERR,ERR,ERR,ERR,ERR,ERR,ERR,ERR,ERR,ERR,ERR,ERR,ERR,ERR,ERR,ERR,ERR,ERR,ERR,ERR,ERR,ERR,ERR,ERR,ERR,ERR,ERR,ERR,ERR,ERR,ERR,ERR,ERR,ERR,ERR,ERR,ERR,ERR,ERR,ERR,ERR,ERR,ERR,ERR,ERR,ERR,ERR,ERR,ERR,ERR,ERR,ERR,ERR,ERR,ERR,ERR,ERR,ERR,ERR,ERR,ERR,ERR,ERR,ERR,ERR,ERR,ERR,ERR,ERR,ERR,ERR,ERR,ERR,ERR,ERR,ERR,ERR,ERR,ERR,ERR,ERR,ERR,0.0,-0.0,2.7420187948523476e+23,0.0,-0.0,0.0,-6.272202462757068e+34,-7.582144824021654e+31,4300,0,8,17169,4300,0.0,41,0.0,0.0,0.0,0.0,0.0,0,0,0,0,0.0,0,0,0,0,0,0,0,0,0,0,0,0,0,0,0,0,0,0,0,0,0,0,0,0,0,0,0,0,0,0,0,0,0,9,36,36,45,65476,367,65476,1,0,4,21553,0.0,-0.0,0.0,0.0,0.0,0.0,0.0,0.0,0.0,0.0,0.0,0.0,0.0,0.0,0.0,0.0,0.0,0.0,0.0,0.0,0.0,2.004,2.004,-2.004,2.004,0.0,0.0,0.0,0.0,0.0,6594.0,-0.0,0.0,0.0,-0.0,-107616240.0,-2.7184505572823923e+23,0.0,0.0,2.004,2.004,229,0.0,107615264.0,0.0,0.0,0.0,0.0,0.0,0.0,0.0,0,0,0,-5.484164771358172e+23,4.004190279119667e+16,-0.0,-400.515,-0.0,0.303,1482.189,-0.0,-0.0,-1.0787041082189276e+29,-112.137,387630764130304.0,0.0,0.0,0.0,-0.0,0,1.3516416376850534e+27,228,0.0,456,0.0,-0.0,2114,52429,17109,0,17112,0,17096,0,0,0,101,100,100,2.7302337753474445e+23,65.3,-0.0,65.6,0.0,65.5,1,49,50,180,52429,52429,0,0,0.0,0.0,0.0,60.0,2.4809088085792064e+27,71.0,0.0,0.0,0.0,1069,0,1069,0,0,0,1069,0,1080,0,1000,0,656,0,658,0,652,0,676,0.032,1.4609821306377965e+22,0.0,0.0,29712,16814,2.9248853874037094e+34,0.0,-0.0,35904217088.0,-30.157,0.0,50.0,60.0,35,0.0,0.0,10.0,2.0,0.0,0.0,0.0,0.0,0.0,0.0,0.0,0.0,0.0,0.0,0.0,0.0,59.2,54,12,65509,27,65476,0,300,0,0,4,20529,65476,0,0,30147,60.0,0.0,10.0,10.0,2.0,0.0
2026-02-16T12:34:33,ERR,ERR,ERR,ERR,ERR,ERR,ERR,ERR,ERR,ERR,ERR,ERR,ERR,ERR,ERR,ERR,ERR,ERR,ERR,ERR,ERR,ERR,ERR,ERR,ERR,ERR,ERR,ERR,ERR,ERR,ERR,ERR,ERR,ERR,ERR,ERR,ERR,ERR,ERR,ERR,ERR,ERR,ERR,ERR,ERR,ERR,ERR,ERR,ERR,ERR,ERR,ERR,ERR,ERR,ERR,ERR,ERR,ERR,ERR,ERR,ERR,ERR,ERR,ERR,ERR,ERR,ERR,ERR,ERR,ERR,ERR,ERR,ERR,ERR,ERR,ERR,ERR,ERR,ERR,ERR,ERR,ERR,ERR,ERR,ERR,ERR,ERR,ERR,ERR,ERR,ERR,ERR,ERR,ERR,ERR,ERR,ERR,ERR,ERR,ERR,ERR,ERR,ERR,ERR,ERR,ERR,ERR,ERR,ERR,ERR,ERR,ERR,ERR,ERR,ERR,ERR,ERR,ERR,ERR,ERR,ERR,ERR,ERR,ERR,ERR,0.0,-0.0,2.7420187948523476e+23,0.0,-0.0,0.0,-6.272202462757068e+34,-7.582144824021654e+31,4300,0,8,17169,4300,0.0,41,0.0,0.0,0.0,0.0,0.0,0,0,0,0,0.0,0,0,0,0,0,0,0,0,0,0,0,0,0,0,0,0,0,0,0,0,0,0,0,0,0,0,0,0,0,0,0,0,0,9,36,36,45,65476,367,65476,1,0,4,21553,0.0,-0.0,0.0,0.0,0.0,0.0,0.0,0.0,0.0,0.0,0.0,0.0,0.0,0.0,0.0,0.0,0.0,0.0,0.0,0.0,0.0,2.004,2.004,-2.004,2.004,0.0,0.0,0.0,0.0,0.0,6594.0,-0.0,0.0,0.0,-0.0,-107616240.0,-2.7184505572823923e+23,0.0,0.0,2.004,2.004,229,0.0,107615264.0,0.0,0.0,0.0,0.0,0.0,0.0,0.0,0,0,0,-5.484164771358172e+23,4.004190279119667e+16,-0.0,-400.515,-0.0,0.303,1482.189,-0.0,-0.0,-1.0787041082189276e+29,-112.137,387630764130304.0,0.0,0.0,0.0,-0.0,0,1.3516416376850534e+27,228,0.0,456,0.0,-0.0,2114,52429,17109,0,17112,0,17096,0,0,0,101,100,100,2.7302337753474445e+23,65.3,-0.0,65.6,0.0,65.5,1,49,50,180,52429,52429,0,0,0.0,0.0,0.0,60.0,-0.0,71.0,0.0,2.1974667378329947e+37,0.0,1069,0,1069,0,0,0,1069,0,1080,0,1000,0,656,0,658,0,653,0,676,0.032,1.4609821306377965e+22,0.0,0.0,31504,16814,-0.0,2.1974667378329947e+37,1070522957824.0,0.0,5.1709950930249476e+20,-20873234.0,50.0,60.0,35,0.0,0.0,10.0,2.0,0.0,0.0,0.0,0.0,0.0,0.0,0.0,0.0,0.0,0.0,0.0,0.0,58.8,54,12,65509,27,65476,76,300,0,0,8,20529,65476,0,0,30147,60.0,0.0,10.0,10.0,2.0,0.0
2026-02-16T12:34:34,ERR,ERR,ERR,ERR,ERR,ERR,ERR,ERR,ERR,ERR,ERR,ERR,ERR,ERR,ERR,ERR,ERR,ERR,ERR,ERR,ERR,ERR,ERR,ERR,ERR,ERR,ERR,ERR,ERR,ERR,ERR,ERR,ERR,ERR,ERR,ERR,ERR,ERR,ERR,ERR,ERR,ERR,ERR,ERR,ERR,ERR,ERR,ERR,ERR,ERR,ERR,ERR,ERR,ERR,ERR,ERR,ERR,ERR,ERR,ERR,ERR,ERR,ERR,ERR,ERR,ERR,ERR,ERR,ERR,ERR,ERR,ERR,ERR,ERR,ERR,ERR,ERR,ERR,ERR,ERR,ERR,ERR,ERR,ERR,ERR,ERR,ERR,ERR,ERR,ERR,ERR,ERR,ERR,ERR,ERR,ERR,ERR,ERR,ERR,ERR,ERR,ERR,ERR,ERR,ERR,ERR,ERR,ERR,ERR,ERR,ERR,ERR,ERR,ERR,ERR,ERR,ERR,ERR,ERR,ERR,ERR,ERR,ERR,ERR,ERR,0.0,-0.0,2.7420187948523476e+23,0.0,-0.0,-5.833339087949999e+30,-43560943616.0,0.0,4300,0,8,17169,4300,0.0,41,0.0,0.0,0.0,0.0,0.0,0,0,0,0,0.0,0,0,0,0,0,0,0,0,0,0,0,0,0,0,0,0,0,0,0,0,0,0,0,0,0,0,0,0,0,0,0,0,0,10,35,35,45,65476,366,65476,1,0,4,21553,0.0,2.7183305813883192e+23,0.0,0.0,0.0,0.0,0.0,0.0,0.0,0.0,0.0,0.0,0.0,0.0,0.0,0.0,0.0,0.0,0.0,0.0,0.0,2.004,2.004,-2.004,2.004,2.004,0.0,0.0,0.0,0.0,6592.0,-0.0,0.0,0.0,-0.0,-107616240.0,0.0,0.0,0.0,2.004,2.004,228,-4.9504015179484054e+32,71.63,0.0,0.0,0.0,0.0,0.0,0.0,0.0,0,0,0,-2.1120419186420467e+33,-8.382808657227177e+31,-0.0,623877029888.0,-0.0,1.1644029814968653e+23,12634831872.0,0.015,1.4201788682574234e+17,-1.1591702107724773e+29,-118.137,411820019941376.0,0.0,0.0,0.0,-3971.952,0,1.3516416376850534e+27,227,0.0,454,-621855232.0,5.614281105436677e+35,2114,52429,17109,0,17112,0,17096,0,0,0,101,100,100,2.7302337753474445e+23,65.3,-0.0,65.6,0.0,65.5,1,49,50,180,52429,52429,0,0,0.0,0.0,0.0,60.0,-0.0,71.0,0.0,2.1974667378329947e+37,0.0,1069,0,1069,0,0,0,1069,0,1080,0,1000,0,656,0,658,0,653,0,676,0.032,1.4609821306377965e+22,0.0,0.0,31504,16814,-0.0,2.1974667378329947e+37,1070522957824.0,0.0,5.1709950930249476e+20,-20873234.0,50.0,60.0,35,0.0,0.0,10.0,2.0,0.0,0.0,0.0,0.0,0.0,0.0,0.0,0.0,0.0,0.0,0.0,0.0,58.8,54,12,65509,27,65476,76,300,0,0,8,20529,65476,0,0,30147,60.0,0.0,10.0,10.0,2.0,0.0
2026-02-16T12:34:35,ERR,ERR,ERR,ERR,ERR,ERR,ERR,ERR,ERR,ERR,ERR,ERR,ERR,ERR,ERR,ERR,ERR,ERR,ERR,ERR,ERR,ERR,ERR,ERR,ERR,ERR,ERR,ERR,ERR,ERR,ERR,ERR,ERR,ERR,ERR,ERR,ERR,ERR,ERR,ERR,ERR,ERR,ERR,ERR,ERR,ERR,ERR,ERR,ERR,ERR,ERR,ERR,ERR,ERR,ERR,ERR,ERR,ERR,ERR,ERR,ERR,ERR,ERR,ERR,ERR,ERR,ERR,ERR,ERR,ERR,ERR,ERR,ERR,ERR,ERR,ERR,ERR,ERR,ERR,ERR,ERR,ERR,ERR,ERR,ERR,ERR,ERR,ERR,ERR,ERR,ERR,ERR,ERR,ERR,ERR,ERR,ERR,ERR,ERR,ERR,ERR,ERR,ERR,ERR,ERR,ERR,ERR,ERR,ERR,ERR,ERR,ERR,ERR,ERR,ERR,ERR,ERR,ERR,ERR,ERR,ERR,ERR,ERR,ERR,ERR,0.0,-0.0,2.7420187948523476e+23,0.0,-0.0,-5.833339087949999e+30,-43560943616.0,0.0,4300,0,8,17169,4300,0.0,41,0.0,0.0,0.0,0.0,0.0,0,0,0,0,0.0,0,0,0,0,0,0,0,0,0,0,0,0,0,0,0,0,0,0,0,0,0,0,0,0,0,0,0,0,0,0,0,0,0,10,35,35,45,65476,366,65476,1,0,4,21553,0.0,2.7183305813883192e+23,0.0,0.0,0.0,0.0,0.0,0.0,0.0,0.0,0.0,0.0,0.0,0.0,0.0,0.0,0.0,0.0,0.0,0.0,0.0,2.004,2.004,-2.004,2.004,2.004,0.0,0.0,0.0,0.0,6592.0,-0.0,0.0,0.0,-0.0,-107616240.0,0.0,0.0,0.0,2.004,2.004,228,-4.9504015179484054e+32,71.63,0.0,0.0,0.0,0.0,0.0,0.0,0.0,0,0,0,-2.1120419186420467e+33,-8.382808657227177e+31,-0.0,623877029888.0,-0.0,1.1644029814968653e+23,12634831872.0,0.015,1.4201788682574234e+17,-1.1591702107724773e+29,-118.137,411820019941376.0,0.0,0.0,0.0,-3971.952,0,1.3516416376850534e+27,227,0.0,454,-621855232.0,5.614281105436677e+35,2114,52429,17109,0,17112,0,17096,0,0,0,101,100,100,2.7302337753474445e+23,65.3,-0.0,65.6,0.0,65.5,1,49,50,180,52429,52429,0,0,0.0,0.0,0.0,60.0,-0.0,71.0,0.0,2.1974667378329947e+37,0.0,1069,0,1069,0,0,0,1069,0,1080,0,1000,0,656,0,658,0,653,0,676,0.032,1.4609821306377965e+22,0.0,0.0,31504,16814,-0.0,2.1974667378329947e+37,1070522957824.0,0.0,5.1709950930249476e+20,-20873234.0,50.0,60.0,35,0.0,0.0,10.0,2.0,0.0,0.0,0.0,0.0,0.0,0.0,0.0,0.0,0.0,0.0,0.0,0.0,58.8,53,12,65510,27,65476,0,300,0,0,8,20529,65476,0,0,30147,60.0,0.0,10.0,10.0,2.0,0.0
2026-02-16T12:34:36,ERR,ERR,ERR,ERR,ERR,ERR,ERR,ERR,ERR,ERR,ERR,ERR,ERR,ERR,ERR,ERR,ERR,ERR,ERR,ERR,ERR,ERR,ERR,ERR,ERR,ERR,ERR,ERR,ERR,ERR,ERR,ERR,ERR,ERR,ERR,ERR,ERR,ERR,ERR,ERR,ERR,ERR,ERR,ERR,ERR,ERR,ERR,ERR,ERR,ERR,ERR,ERR,ERR,ERR,ERR,ERR,ERR,ERR,ERR,ERR,ERR,ERR,ERR,ERR,ERR,ERR,ERR,ERR,ERR,ERR,ERR,ERR,ERR,ERR,ERR,ERR,ERR,ERR,ERR,ERR,ERR,ERR,ERR,ERR,ERR,ERR,ERR,ERR,ERR,ERR,ERR,ERR,ERR,ERR,ERR,ERR,ERR,ERR,ERR,ERR,ERR,ERR,ERR,ERR,ERR,ERR,ERR,ERR,ERR,ERR,ERR,ERR,ERR,ERR,ERR,ERR,ERR,ERR,ERR,ERR,ERR,ERR,ERR,ERR,ERR,0.0,-0.0,2.7420187948523476e+23,0.0,-0.0,-5.833339087949999e+30,-43560943616.0,0.0,4300,0,8,17169,4300,0.0,41,0.0,0.0,0.0,0.0,0.0,0,0,0,0,0.0,0,0,0,0,0,0,0,0,0,0,0,0,0,0,0,0,0,0,0,0,0,0,0,0,0,0,0,0,0,0,0,0,0,10,35,35,45,65476,366,65476,1,0,4,21553,0.0,2.7183305813883192e+23,0.0,0.0,0.0,0.0,0.0,0.0,0.0,0.0,0.0,0.0,0.0,0.0,0.0,0.0,0.0,0.0,0.0,0.0,0.0,2.004,2.004,-2.004,2.004,2.004,0.0,0.0,0.0,0.0,6592.0,-0.0,0.0,0.0,-0.0,-107616240.0,0.0,0.0,0.0,2.004,2.004,228,-4.9504015179484054e+32,71.63,0.0,0.0,0.0,0.0,0.0,0.0,0.0,0,0,0,-2.1120419186420467e+33,-8.382808657227177e+31,-0.0,623877029888.0,-0.0,1.1644029814968653e+23,12634831872.0,0.015,1.4201788682574234e+17,-1.1591702107724773e+29,-118.137,411820019941376.0,0.0,0.0,0.0,-3971.952,0,1.3516416376850534e+27,227,0.0,454,-621855232.0,5.614281105436677e+35,2114,52429,17109,0,17112,0,17096,0,0,0,101,100,100,-0.0,65.3,-0.0,65.6,0.0,65.5,1,49,50,180,52429,52429,0,0,0.0,0.0,0.0,60.0,-0.0,71.0,0.0,-29562155008.0,0.0,1069,0,1069,0,0,0,1069,0,1080,0,1000,0,656,0,658,0,653,0,676,0.032,1.4536034330083127e+22,0.0,0.0,34704,16814,5.126167076142602e+37,-138679648.0,7.178378929062904e+35,-7000.116,-0.0,-5.325321555816375e+26,50.0,60.0,35,0.0,0.0,10.0,2.0,0.0,0.0,0.0,0.0,0.0,0.0,0.0,0.0,0.0,0.0,0.0,0.0,58.8,53,12,65510,27,65476,0,300,0,0,8,20529,65476,0,0,30147,60.0,0.0,10.0,10.0,2.0,0.0
2026-02-16T12:34:37,ERR,ERR,ERR,ERR,ERR,ERR,ERR,ERR,ERR,ERR,ERR,ERR,ERR,ERR,ERR,ERR,ERR,ERR,ERR,ERR,ERR,ERR,ERR,ERR,ERR,ERR,ERR,ERR,ERR,ERR,ERR,ERR,ERR,ERR,ERR,ERR,ERR,ERR,ERR,ERR,ERR,ERR,ERR,ERR,ERR,ERR,ERR,ERR,ERR,ERR,ERR,ERR,ERR,ERR,ERR,ERR,ERR,ERR,ERR,ERR,ERR,ERR,ERR,ERR,ERR,ERR,ERR,ERR,ERR,ERR,ERR,ERR,ERR,ERR,ERR,ERR,ERR,ERR,ERR,ERR,ERR,ERR,ERR,ERR,ERR,ERR,ERR,ERR,ERR,ERR,ERR,ERR,ERR,ERR,ERR,ERR,ERR,ERR,ERR,ERR,ERR,ERR,ERR,ERR,ERR,ERR,ERR,ERR,ERR,ERR,ERR,ERR,ERR,ERR,ERR,ERR,ERR,ERR,ERR,ERR,ERR,ERR,ERR,ERR,ERR,0.0,-0.0,2.7420187948523476e+23,0.0,-0.0,-5.833339087949999e+30,-43560943616.0,0.0,4300,0,8,17169,4300,0.0,41,0.0,0.0,0.0,0.0,0.0,0,0,0,0,0.0,0,0,0,0,0,0,0,0,0,0,0,0,0,0,0,0,0,0,0,0,0,0,0,0,0,0,0,0,0,0,0,0,0,10,35,35,45,65476,366,65476,1,0,4,21553,0.0,2.7183305813883192e+23,0.0,0.0,0.0,0.0,0.0,0.0,0.0,0.0,0.0,0.0,0.0,0.0,0.0,0.0,0.0,0.0,0.0,0.0,0.0,2.004,2.004,-2.004,2.004,2.004,0.0,0.0,0.0,0.0,6592.0,-0.0,0.0,0.0,-0.0,-107616240.0,0.0,0.0,0.0,2.004,2.004,228,-4.9504015179484054e+32,71.63,0.0,0.0,0.0,0.0,0.0,0.0,0.0,0,0,0,-2.1120419186420467e+33,-8.382808657227177e+31,-0.0,623877029888.0,-0.0,1.1644029814968653e+23,12634831872.0,0.015,1.4201788682574234e+17,-1.1591702107724773e+29,-118.137,411820019941376.0,0.0,0.0,0.0,-3971.952,0,1.3516416376850534e+27,227,0.0,454,-621855232.0,5.614281105436677e+35,2114,52429,17109,0,17112,0,17096,0,0,0,101,100,100,-0.0,65.3,-0.0,65.6,0.0,65.5,1,49,50,180,52429,52429,0,0,0.0,0.0,0.0,60.0,-0.0,71.0,0.0,-29562155008.0,0.0,1069,0,1069,0,0,0,1069,0,1080,0,1000,0,656,0,658,0,653,0,676,0.032,1.4536034330083127e+22,0.0,0.0,34704,16814,5.126167076142602e+37,-138679648.0,7.178378929062904e+35,-7000.116,-0.0,-5.325321555816375e+26,50.0,60.0,35,0.0,0.0,10.0,2.0,0.0,0.0,0.0,0.0,0.0,0.0,0.0,0.0,0.0,0.0,0.0,0.0,58.8,53,12,65510,27,65476,0,300,0,0,8,20529,65476,0,0,30147,60.0,0.0,10.0,10.0,2.0,0.0
2026-02-16T12:34:38,ERR,ERR,ERR,ERR,ERR,ERR,ERR,ERR,ERR,ERR,ERR,ERR,ERR,ERR,ERR,ERR,ERR,ERR,ERR,ERR,ERR,ERR,ERR,ERR,ERR,ERR,ERR,ERR,ERR,ERR,ERR,ERR,ERR,ERR,ERR,ERR,ERR,ERR,ERR,ERR,ERR,ERR,ERR,ERR,ERR,ERR,ERR,ERR,ERR,ERR,ERR,ERR,ERR,ERR,ERR,ERR,ERR,ERR,ERR,ERR,ERR,ERR,ERR,ERR,ERR,ERR,ERR,ERR,ERR,ERR,ERR,ERR,ERR,ERR,ERR,ERR,ERR,ERR,ERR,ERR,ERR,ERR,ERR,ERR,ERR,ERR,ERR,ERR,ERR,ERR,ERR,ERR,ERR,ERR,ERR,ERR,ERR,ERR,ERR,ERR,ERR,ERR,ERR,ERR,ERR,ERR,ERR,ERR,ERR,ERR,ERR,ERR,ERR,ERR,ERR,ERR,ERR,ERR,ERR,ERR,ERR,ERR,ERR,ERR,ERR,0.0,-0.0,2.7420187948523476e+23,0.0,-0.0,-0.0,0.0,3.947150548674275e+26,4300,0,8,17169,4300,0.0,41,0.0,0.0,0.0,0.0,0.0,0,0,0,0,0.0,0,0,0,0,0,0,0,0,0,0,0,0,0,0,0,0,0,0,0,0,0,0,0,0,0,0,0,0,0,0,0,0,0,10,35,35,45,65476,366,65476,1,0,4,21553,0.0,2.7183305813883192e+23,0.0,0.0,0.0,0.0,0.0,0.0,0.0,0.0,0.0,0.0,0.0,0.0,0.0,0.0,0.0,0.0,0.0,0.0,0.0,2.004,2.004,-2.004,0.0,2.004,0.0,0.0,0.0,0.0,6592.0,-0.0,0.0,0.0,-0.0,-107616240.0,0.0,0.0,0.0,2.004,2.004,228,-3.222002767243768e+26,0.0,0.0,0.0,0.0,0.0,0.0,0.0,0.0,0,0,0,-3.9524623342968e+21,-2.1978987134264018e+27,-0.0,7.898521833449373e+23,-0.0,1.0045263135882451e+20,0.227,-7742209.5,-0.0,-1.239636313326027e+29,-124.137,440407322263552.0,0.0,0.0,0.0,2.5529940715803234e+23,0,1.3516416376850534e+27,228,0.0,456,-621855232.0,0.0,2114,52429,17109,0,17112,0,17096,0,0,0,101,100,100,-0.0,65.3,-0.0,65.6,0.0,65.5,1,49,50,180,52429,52429,0,0,0.0,0.0,0.0,60.0,-0.0,71.0,0.0,-29562155008.0,0.0,1069,0,1069,0,0,0,1069,0,1080,0,1000,0,656,0,658,0,653,0,676,0.032,1.4536034330083127e+22,0.0,0.0,34704,16814,5.126167076142602e+37,-138679648.0,7.178378929062904e+35,-7000.116,-0.0,-5.325321555816375e+26,50.0,60.0,35,0.0,0.0,10.0,2.0,0.0,0.0,0.0,0.0,0.0,0.0,0.0,0.0,0.0,0.0,0.0,0.0,58.8,53,12,65510,27,65476,0,65476,0,0,4,20529,65476,0,0,30147,60.0,0.0,10.0,10.0,2.0,0.0
2026-02-16T12:34:39,ERR,ERR,ERR,ERR,ERR,ERR,ERR,ERR,ERR,ERR,ERR,ERR,ERR,ERR,ERR,ERR,ERR,ERR,ERR,ERR,ERR,ERR,ERR,ERR,ERR,ERR,ERR,ERR,ERR,ERR,ERR,ERR,ERR,ERR,ERR,ERR,ERR,ERR,ERR,ERR,ERR,ERR,ERR,ERR,ERR,ERR,ERR,ERR,ERR,ERR,ERR,ERR,ERR,ERR,ERR,ERR,ERR,ERR,ERR,ERR,ERR,ERR,ERR,ERR,ERR,ERR,ERR,ERR,ERR,ERR,ERR,ERR,ERR,ERR,ERR,ERR,ERR,ERR,ERR,ERR,ERR,ERR,ERR,ERR,ERR,ERR,ERR,ERR,ERR,ERR,ERR,ERR,ERR,ERR,ERR,ERR,ERR,ERR,ERR,ERR,ERR,ERR,ERR,ERR,ERR,ERR,ERR,ERR,ERR,ERR,ERR,ERR,ERR,ERR,ERR,ERR,ERR,ERR,ERR,ERR,ERR,ERR,ERR,ERR,ERR,0.0,-0.0,2.7420187948523476e+23,0.0,-0.0,-0.0,0.0,3.947150548674275e+26,4300,0,8,17169,4300,0.0,41,0.0,0.0,0.0,0.0,0.0,0,0,0,0,0.0,0,0,0,0,0,0,0,0,0,0,0,0,0,0,0,0,0,0,0,0,0,0,0,0,0,0,0,0,0,0,0,0,0,10,35,35,45,65476,366,65476,1,0,4,21553,0.0,2.7183305813883192e+23,0.0,0.0,0.0,0.0,0.0,0.0,0.0,0.0,0.0,0.0,0.0,0.0,0.0,0.0,0.0,0.0,0.0,0.0,0.0,2.004,2.004,-2.004,0.0,2.004,0.0,0.0,0.0,0.0,6592.0,-0.0,0.0,0.0,-0.0,-107616240.0,0.0,0.0,0.0,2.004,2.004,228,-3.222002767243768e+26,0.0,0.0,0.0,0.0,0.0,0.0,0.0,0.0,0,0,0,-3.9524623342968e+21,-2.1978987134264018e+27,-0.0,7.898521833449373e+23,-0.0,1.0045263135882451e+20,0.227,-7742209.5,-0.0,-1.239636313326027e+29,-124.137,440407322263552.0,0.0,0.0,0.0,2.5529940715803234e+23,0,1.3516416376850534e+27,228,0.0,456,-621855232.0,0.0,2114,52429,17109,0,17112,0,17096,0,0,0,101,100,100,-0.0,65.3,-0.0,65.6,0.0,65.5,1,49,50,180,52429,52429,0,0,0.0,0.0,0.0,60.0,-0.0,71.0,0.0,-0.0,0.0,1069,0,1069,0,0,0,1069,0,1080,0,1000,0,656,0,658,0,653,0,677,0.032,1.4536034330083127e+22,2.004,2.73023467606737e+23,40080,16814,-0.0,-0.0,2.719058182944117e+22,-9.875899475354669e+36,9.523615859039473e+31,-4455223531667456.0,50.0,60.0,35,0.0,0.0,10.0,2.0,0.0,0.0,0.0,0.0,0.0,0.0,0.0,0.0,0.0,0.0,0.0,0.0,58.8,53,12,65510,27,65476,0,65476,0,0,4,20529,65476,0,0,30147,60.0,0.0,10.0,10.0,2.0,0.0
2026-02-16T12:34:40,ERR,ERR,ERR,ERR,ERR,ERR,ERR,ERR,ERR,ERR,ERR,ERR,ERR,ERR,ERR,ERR,ERR,ERR,ERR,ERR,ERR,ERR,ERR,ERR,ERR,ERR,ERR,ERR,ERR,ERR,ERR,ERR,ERR,ERR,ERR,ERR,ERR,ERR,ERR,ERR,ERR,ERR,ERR,ERR,ERR,ERR,ERR,ERR,ERR,ERR,ERR,ERR,ERR,ERR,ERR,ERR,ERR,ERR,ERR,ERR,ERR,ERR,ERR,ERR,ERR,ERR,ERR,ERR,ERR,ERR,ERR,ERR,ERR,ERR,ERR,ERR,ERR,ERR,ERR,ERR,ERR,ERR,ERR,ERR,ERR,ERR,ERR,ERR,ERR,ERR,ERR,ERR,ERR,ERR,ERR,ERR,ERR,ERR,ERR,ERR,ERR,ERR,ERR,ERR,ERR,ERR,ERR,ERR,ERR,ERR,ERR,ERR,ERR,ERR,ERR,ERR,ERR,ERR,ERR,ERR,ERR,ERR,ERR,ERR,ERR,0.0,-0.0,2.7420187948523476e+23,0.0,-0.0,-0.0,0.0,3.947150548674275e+26,4300,0,8,17169,4300,0.0,41,0.0,0.0,0.0,0.0,0.0,0,0,0,0,0.0,0,0,0,0,0,0,0,0,0,0,0,0,0,0,0,0,0,0,0,0,0,0,0,0,0,0,0,0,0,0,0,0,0,10,35,35,45,65476,366,65476,1,0,4,21553,0.0,2.7183305813883192e+23,0.0,0.0,0.0,0.0,0.0,0.0,0.0,0.0,0.0,0.0,0.0,0.0,0.0,0.0,0.0,0.0,0.0,0.0,0.0,2.004,2.004,-2.004,0.0,2.004,0.0,0.0,0.0,0.0,6592.0,-0.0,0.0,0.0,-0.0,-107616240.0,0.0,0.0,0.0,2.004,2.004,228,-3.222002767243768e+26,0.0,0.0,0.0,0.0,0.0,0.0,0.0,0.0,0,0,0,-3.9524623342968e+21,-2.1978987134264018e+27,-0.0,7.898521833449373e+23,-0.0,1.0045263135882451e+20,0.227,-7742209.5,-0.0,-1.239636313326027e+29,-124.137,440407322263552.0,0.0,0.0,0.0,2.5529940715803234e+23,0,1.3516416376850534e+27,228,0.0,456,-621855232.0,0.0,2114,52429,17109,0,17112,0,17096,0,0,0,101,100,100,-0.0,65.3,-0.0,65.6,0.0,65.5,1,49,50,180,52429,52429,0,0,0.0,0.0,0.0,60.0,-0.0,71.0,0.0,-0.0,0.0,1069,0,1069,0,0,0,1069,0,1080,0,1000,0,656,0,658,0,653,0,677,0.032,1.4536034330083127e+22,2.004,2.73023467606737e+23,40080,16814,-0.0,-0.0,2.719058182944117e+22,-9.875899475354669e+36,9.523615859039473e+31,-4455223531667456.0,50.0,60.0,35,0.0,0.0,10.0,2.0,0.0,0.0,0.0,0.0,0.0,0.0,0.0,0.0,0.0,0.0,0.0,0.0,58.8,53,12,65510,27,65476,0,300,1,0,8,20529,65476,0,0,30147,60.0,0.0,10.0,10.0,2.0,0.0
2026-02-16T12:34:41,ERR,ERR,ERR,ERR,ERR,ERR,ERR,ERR,ERR,ERR,ERR,ERR,ERR,ERR,ERR,ERR,ERR,ERR,ERR,ERR,ERR,ERR,ERR,ERR,ERR,ERR,ERR,ERR,ERR,ERR,ERR,ERR,ERR,ERR,ERR,ERR,ERR,ERR,ERR,ERR,ERR,ERR,ERR,ERR,ERR,ERR,ERR,ERR,ERR,ERR,ERR,ERR,ERR,ERR,ERR,ERR,ERR,ERR,ERR,ERR,ERR,ERR,ERR,ERR,ERR,ERR,ERR,ERR,ERR,ERR,ERR,ERR,ERR,ERR,ERR,ERR,ERR,ERR,ERR,ERR,ERR,ERR,ERR,ERR,ERR,ERR,ERR,ERR,ERR,ERR,ERR,ERR,ERR,ERR,ERR,ERR,ERR,ERR,ERR,ERR,ERR,ERR,ERR,ERR,ERR,ERR,ERR,ERR,ERR,ERR,ERR,ERR,ERR,ERR,ERR,ERR,ERR,ERR,ERR,ERR,ERR,ERR,ERR,ERR,ERR,0.0,-0.0,2.7420187948523476e+23,0.0,-0.0,-0.0,0.0,3.947150548674275e+26,4300,0,8,17169,4300,0.0,41,0.0,0.0,0.0,0.0,0.0,0,0,0,0,0.0,0,0,0,0,0,0,0,0,0,0,0,0,0,0,0,0,0,0,0,0,0,0,0,0,0,0,0,0,0,0,0,0,0,10,35,35,45,65476,366,65476,1,0,4,21553,0.0,2.7183305813883192e+23,0.0,0.0,0.0,0.0,0.0,0.0,0.0,0.0,0.0,0.0,0.0,0.0,0.0,0.0,0.0,0.0,0.0,0.0,0.0,2.004,2.004,-2.004,0.0,2.004,0.0,0.0,0.0,0.0,6592.0,-0.0,0.0,0.0,-0.0,-107616240.0,0.0,0.0,0.0,2.004,2.004,228,-3.222002767243768e+26,0.0,0.0,0.0,0.0,0.0,0.0,0.0,0.0,0,0,0,-3.9524623342968e+21,-2.1978987134264018e+27,-0.0,7.898521833449373e+23,-0.0,1.0045263135882451e+20,0.227,-7742209.5,-0.0,-1.239636313326027e+29,-124.137,440407322263552.0,0.0,0.0,0.0,2.5529940715803234e+23,0,1.3516416376850534e+27,228,0.0,456,-621855232.0,0.0,2114,52429,17109,0,17112,0,17096,0,0,0,101,100,100,-0.0,65.3,-0.0,65.6,0.0,65.5,1,49,50,180,52429,52429,0,0,0.0,0.0,0.0,60.0,-0.0,71.0,0.0,-0.0,0.0,1069,0,1069,0,0,0,1069,0,1080,0,1000,0,656,0,658,0,653,0,677,0.032,1.4536034330083127e+22,2.004,2.73023467606737e+23,40080,16814,-0.0,-0.0,2.719058182944117e+22,-9.875899475354669e+36,9.523615859039473e+31,-4455223531667456.0,50.0,60.0,35,0.0,0.0,10.0,2.0,0.0,0.0,0.0,0.0,0.0,0.0,0.0,0.0,0.0,0.0,0.0,0.0,58.8,52,13,65511,27,65476,0,65476,0,0,2,20529,65476,0,0,30147,60.0,0.0,10.0,10.0,2.0,0.0
2026-02-16T12:34:42,ERR,ERR,ERR,ERR,ERR,ERR,ERR,ERR,ERR,ERR,ERR,ERR,ERR,ERR,ERR,ERR,ERR,ERR,ERR,ERR,ERR,ERR,ERR,ERR,ERR,ERR,ERR,ERR,ERR,ERR,ERR,ERR,ERR,ERR,ERR,ERR,ERR,ERR,ERR,ERR,ERR,ERR,ERR,ERR,ERR,ERR,ERR,ERR,ERR,ERR,ERR,ERR,ERR,ERR,ERR,ERR,ERR,ERR,ERR,ERR,ERR,ERR,ERR,ERR,ERR,ERR,ERR,ERR,ERR,ERR,ERR,ERR,ERR,ERR,ERR,ERR,ERR,ERR,ERR,ERR,ERR,ERR,ERR,ERR,ERR,ERR,ERR,ERR,ERR,ERR,ERR,ERR,ERR,ERR,ERR,ERR,ERR,ERR,ERR,ERR,ERR,ERR,ERR,ERR,ERR,ERR,ERR,ERR,ERR,ERR,ERR,ERR,ERR,ERR,ERR,ERR,ERR,ERR,ERR,ERR,ERR,ERR,ERR,ERR,ERR,0.0,-0.0,2.7420187948523476e+23,0.0,-0.0,-0.0,0.0,3.947150548674275e+26,4300,0,8,17169,4300,0.0,41,0.0,0.0,0.0,0.0,0.0,0,0,0,0,0.0,0,0,0,0,0,0,0,0,0,0,0,0,0,0,0,0,0,0,0,0,0,0,0,0,0,0,0,0,0,0,0,0,0,10,35,35,45,65476,366,65476,1,0,4,21553,0.0,2.7183305813883192e+23,0.0,0.0,0.0,0.0,0.0,0.0,0.0,0.0,0.0,0.0,0.0,0.0,0.0,0.0,0.0,0.0,0.0,0.0,0.0,2.004,2.004,-2.004,0.0,2.004,0.0,0.0,0.0,0.0,6592.0,-0.0,0.0,0.0,-0.0,-107616240.0,0.0,0.0,0.0,2.004,2.004,228,-3.222002767243768e+26,0.0,0.0,0.0,0.0,0.0,0.0,0.0,0.0,0,0,0,-3.9524623342968e+21,-2.1978987134264018e+27,-0.0,7.898521833449373e+23,-0.0,1.0045263135882451e+20,0.227,-7742209.5,-0.0,-1.239636313326027e+29,-124.137,440407322263552.0,0.0,0.0,0.0,2.5529940715803234e+23,0,1.3516416376850534e+27,228,0.0,456,-621855232.0,0.0,2114,52429,17109,0,17112,0,17096,0,0,0,101,100,100,-0.0,65.3,-0.0,65.6,0.0,65.5,1,49,50,180,52429,52429,0,0,0.0,0.0,0.0,60.0,-0.0,71.0,0.0,-0.0,0.0,1069,0,1069,0,0,0,1069,0,1080,0,1000,0,656,0,658,0,653,0,677,0.032,1.4536034330083127e+22,2.004,2.73023467606737e+23,40080,16814,-0.0,-0.0,2.719058182944117e+22,-9.875899475354669e+36,9.523615859039473e+31,-4455223531667456.0,50.0,60.0,35,0.0,0.0,10.0,2.0,0.0,0.0,0.0,0.0,0.0,0.0,0.0,0.0,0.0,0.0,0.0,0.0,58.8,52,13,65511,27,65476,0,65476,0,0,2,20529,65476,0,0,30147,60.0,0.0,10.0,10.0,2.0,0.0
2026-02-16T12:34:43,ERR,ERR,ERR,ERR,ERR,ERR,ERR,ERR,ERR,ERR,ERR,ERR,ERR,ERR,ERR,ERR,ERR,ERR,ERR,ERR,ERR,ERR,ERR,ERR,ERR,ERR,ERR,ERR,ERR,ERR,ERR,ERR,ERR,ERR,ERR,ERR,ERR,ERR,ERR,ERR,ERR,ERR,ERR,ERR,ERR,ERR,ERR,ERR,ERR,ERR,ERR,ERR,ERR,ERR,ERR,ERR,ERR,ERR,ERR,ERR,ERR,ERR,ERR,ERR,ERR,ERR,ERR,ERR,ERR,ERR,ERR,ERR,ERR,ERR,ERR,ERR,ERR,ERR,ERR,ERR,ERR,ERR,ERR,ERR,ERR,ERR,ERR,ERR,ERR,ERR,ERR,ERR,ERR,ERR,ERR,ERR,ERR,ERR,ERR,ERR,ERR,ERR,ERR,ERR,ERR,ERR,ERR,ERR,ERR,ERR,ERR,ERR,ERR,ERR,ERR,ERR,ERR,ERR,ERR,ERR,ERR,ERR,ERR,ERR,ERR,0.0,-0.0,2.7420187948523476e+23,0.0,-0.0,2.1447828751985736e+29,-9.219456312524629e+33,-0.0,4300,0,8,17169,4300,0.0,41,0.0,0.0,0.0,0.0,0.0,0,0,0,0,0.0,0,0,0,0,0,0,0,0,0,0,0,0,0,0,0,0,0,0,0,0,0,0,0,0,0,0,0,0,0,0,0,0,0,10,35,35,45,65476,366,65476,1,0,4,21553,0.0,2.7183305813883192e+23,0.0,0.0,0.0,0.0,0.0,0.0,0.0,0.0,0.0,0.0,0.0,0.0,0.0,0.0,0.0,0.0,0.0,0.0,0.0,2.004,2.004,-2.004,0.0,-0.0,0.0,0.0,0.0,0.0,6623.0,1.587938797847242e+29,0.0,0.0,-0.0,-0.0,0.0,-0.0,0.0,2.004,2.004,229,-3.222002767243768e+26,0.0,0.0,0.0,0.0,0.0,0.0,0.0,0.0,0,0,0,-164.263,1.759302270404526e+17,1.3711780401856186e+35,0.0,1.0077172600881807e+35,-0.0,138520.234,-0.0,-0.0,-1.307723015486723e+29,-133.274,468994624585728.0,0.0,0.0,0.0,3.026980422365717e+24,0,1.3516416376850534e+27,229,0.0,458,2.40156025918058e+36,-1.5870805360731793e+30,2114,52429,17109,0,17112,0,17096,0,0,0,101,100,100,-0.0,65.3,-0.0,65.6,0.0,65.5,1,49,50,180,52429,52429,0,0,0.0,0.0,0.0,60.0,-0.0,71.0,0.0,-4544254705664.0,0.0,1069,0,1069,0,0,0,1069,0,1080,0,1000,0,656,0,658,0,653,0,677,0.032,1.4536034330083127e+22,2.004,2.73023467606737e+23,38544,16814,-0.0,-4544254705664.0,-7839762.0,-1.2949210955199139e+30,-2.2849294189484954e+27,0.0,50.0,60.0,35,0.0,0.0,10.0,2.0,0.0,0.0,0.0,0.0,0.0,0.0,0.0,0.0,0.0,0.0,0.0,0.0,58.8,52,13,65511,27,65476,0,65476,1,0,4,20529,65476,0,0,30147,60.0,0.0,10.0,10.0,2.0,0.0
2026-02-16T12:34:44,ERR,ERR,ERR,ERR,ERR,ERR,ERR,ERR,ERR,ERR,ERR,ERR,ERR,ERR,ERR,ERR,ERR,ERR,ERR,ERR,ERR,ERR,ERR,ERR,ERR,ERR,ERR,ERR,ERR,ERR,ERR,ERR,ERR,ERR,ERR,ERR,ERR,ERR,ERR,ERR,ERR,ERR,ERR,ERR,ERR,ERR,ERR,ERR,ERR,ERR,ERR,ERR,ERR,ERR,ERR,ERR,ERR,ERR,ERR,ERR,ERR,ERR,ERR,ERR,ERR,ERR,ERR,ERR,ERR,ERR,ERR,ERR,ERR,ERR,ERR,ERR,ERR,ERR,ERR,ERR,ERR,ERR,ERR,ERR,ERR,ERR,ERR,ERR,ERR,ERR,ERR,ERR,ERR,ERR,ERR,ERR,ERR,ERR,ERR,ERR,ERR,ERR,ERR,ERR,ERR,ERR,ERR,ERR,ERR,ERR,ERR,ERR,ERR,ERR,ERR,ERR,ERR,ERR,ERR,ERR,ERR,ERR,ERR,ERR,ERR,0.0,-0.0,2.7420187948523476e+23,0.0,-0.0,2.1447828751985736e+29,-9.219456312524629e+33,-0.0,4300,0,8,17169,4300,0.0,41,0.0,0.0,0.0,0.0,0.0,0,0,0,0,0.0,0,0,0,0,0,0,0,0,0,0,0,0,0,0,0,0,0,0,0,0,0,0,0,0,0,0,0,0,0,0,0,0,0,10,35,35,45,65476,366,65476,1,0,4,21553,0.0,2.7183305813883192e+23,0.0,0.0,0.0,0.0,0.0,0.0,0.0,0.0,0.0,0.0,0.0,0.0,0.0,0.0,0.0,0.0,0.0,0.0,0.0,2.004,2.004,-2.004,0.0,-0.0,0.0,0.0,0.0,0.0,6623.0,1.587938797847242e+29,0.0,0.0,-0.0,-0.0,0.0,-0.0,0.0,2.004,2.004,229,-3.222002767243768e+26,0.0,0.0,0.0,0.0,0.0,0.0,0.0,0.0,0,0,0,-164.263,1.759302270404526e+17,1.3711780401856186e+35,0.0,1.0077172600881807e+35,-0.0,138520.234,-0.0,-0.0,-1.307723015486723e+29,-133.274,468994624585728.0,0.0,0.0,0.0,3.026980422365717e+24,0,1.3516416376850534e+27,229,0.0,458,2.40156025918058e+36,-1.5870805360731793e+30,2114,52429,17109,0,17112,0,17096,0,0,0,101,100,100,-0.0,65.3,-0.0,65.6,0.0,65.5,1,49,50,180,52429,52429,0,0,0.0,0.0,0.0,60.0,-0.0,71.0,0.0,-4544254705664.0,0.0,1069,0,1069,0,0,0,1069,0,1080,0,1000,0,656,0,658,0,653,0,677,0.032,1.4536034330083127e+22,2.004,2.73023467606737e+23,38544,16814,-0.0,-4544254705664.0,-7839762.0,-1.2949210955199139e+30,-2.2849294189484954e+27,0.0,50.0,60.0,35,0.0,0.0,10.0,2.0,0.0,0.0,0.0,0.0,0.0,0.0,0.0,0.0,0.0,0.0,0.0,0.0,59.2,52,13,65511,27,65476,0,65476,1,0,4,20529,65476,0,0,30147,60.0,0.0,10.0,10.0,2.0,0.0
2026-02-16T12:34:45,ERR,ERR,ERR,ERR,ERR,ERR,ERR,ERR,ERR,ERR,ERR,ERR,ERR,ERR,ERR,ERR,ERR,ERR,ERR,ERR,ERR,ERR,ERR,ERR,ERR,ERR,ERR,ERR,ERR,ERR,ERR,ERR,ERR,ERR,ERR,ERR,ERR,ERR,ERR,ERR,ERR,ERR,ERR,ERR,ERR,ERR,ERR,ERR,ERR,ERR,ERR,ERR,ERR,ERR,ERR,ERR,ERR,ERR,ERR,ERR,ERR,ERR,ERR,ERR,ERR,ERR,ERR,ERR,ERR,ERR,ERR,ERR,ERR,ERR,ERR,ERR,ERR,ERR,ERR,ERR,ERR,ERR,ERR,ERR,ERR,ERR,ERR,ERR,ERR,ERR,ERR,ERR,ERR,ERR,ERR,ERR,ERR,ERR,ERR,ERR,ERR,ERR,ERR,ERR,ERR,ERR,ERR,ERR,ERR,ERR,ERR,ERR,ERR,ERR,ERR,ERR,ERR,ERR,ERR,ERR,ERR,ERR,ERR,ERR,ERR,0.0,-0.0,2.7420187948523476e+23,0.0,-0.0,2.1447828751985736e+29,-9.219456312524629e+33,-0.0,4300,0,8,17169,4300,0.0,41,0.0,0.0,0.0,0.0,0.0,0,0,0,0,0.0,0,0,0,0,0,0,0,0,0,0,0,0,0,0,0,0,0,0,0,0,0,0,0,0,0,0,0,0,0,0,0,0,0,10,35,35,45,65476,366,65476,1,0,4,21553,0.0,2.7183305813883192e+23,0.0,0.0,0.0,0.0,0.0,0.0,0.0,0.0,0.0,0.0,0.0,0.0,0.0,0.0,0.0,0.0,0.0,0.0,0.0,2.004,2.004,-2.004,0.0,-0.0,0.0,0.0,0.0,0.0,6623.0,1.587938797847242e+29,0.0,0.0,-0.0,-0.0,0.0,-0.0,0.0,2.004,2.004,229,-3.222002767243768e+26,0.0,0.0,0.0,0.0,0.0,0.0,0.0,0.0,0,0,0,-164.263,1.759302270404526e+17,1.3711780401856186e+35,0.0,1.0077172600881807e+35,-0.0,138520.234,-0.0,-0.0,-1.307723015486723e+29,-133.274,468994624585728.0,0.0,0.0,0.0,3.026980422365717e+24,0,1.3516416376850534e+27,229,0.0,458,2.40156025918058e+36,-1.5870805360731793e+30,2114,52429,17109,0,17112,0,17096,0,0,0,101,100,100,-0.0,65.3,-0.0,65.6,0.0,65.5,1,49,50,180,52429,52429,0,0,0.0,0.0,0.0,60.0,-0.0,71.0,0.0,-4544254705664.0,0.0,1069,0,1069,0,0,0,1069,0,1080,0,1000,0,656,0,658,0,653,0,677,0.032,1.4536034330083127e+22,2.004,2.73023467606737e+23,38544,16814,-0.0,-4544254705664.0,-7839762.0,-1.2949210955199139e+30,-2.2849294189484954e+27,0.0,50.0,60.0,35,0.0,0.0,10.0,2.0,0.0,0.0,0.0,0.0,0.0,0.0,0.0,0.0,0.0,0.0,0.0,0.0,59.2,52,13,65511,27,65476,0,65476,1,0,4,20529,65476,0,0,30147,60.0,0.0,10.0,10.0,2.0,0.0
2026-02-16T12:34:46,ERR,ERR,ERR,ERR,ERR,ERR,ERR,ERR,ERR,ERR,ERR,ERR,ERR,ERR,ERR,ERR,ERR,ERR,ERR,ERR,ERR,ERR,ERR,ERR,ERR,ERR,ERR,ERR,ERR,ERR,ERR,ERR,ERR,ERR,ERR,ERR,ERR,ERR,ERR,ERR,ERR,ERR,ERR,ERR,ERR,ERR,ERR,ERR,ERR,ERR,ERR,ERR,ERR,ERR,ERR,ERR,ERR,ERR,ERR,ERR,ERR,ERR,ERR,ERR,ERR,ERR,ERR,ERR,ERR,ERR,ERR,ERR,ERR,ERR,ERR,ERR,ERR,ERR,ERR,ERR,ERR,ERR,ERR,ERR,ERR,ERR,ERR,ERR,ERR,ERR,ERR,ERR,ERR,ERR,ERR,ERR,ERR,ERR,ERR,ERR,ERR,ERR,ERR,ERR,ERR,ERR,ERR,ERR,ERR,ERR,ERR,ERR,ERR,ERR,ERR,ERR,ERR,ERR,ERR,ERR,ERR,ERR,ERR,ERR,ERR,0.0,-0.0,2.7420187948523476e+23,0.0,-0.0,2.1447828751985736e+29,-9.219456312524629e+33,-0.0,4300,0,8,17169,4300,0.0,41,0.0,0.0,0.0,0.0,0.0,0,0,0,0,0.0,0,0,0,0,0,0,0,0,0,0,0,0,0,0,0,0,0,0,0,0,0,0,0,0,0,0,0,0,0,0,0,0,0,10,35,35,45,65476,366,65476,1,0,4,21553,0.0,2.7183305813883192e+23,0.0,0.0,0.0,0.0,0.0,0.0,0.0,0.0,0.0,0.0,0.0,0.0,0.0,0.0,0.0,0.0,0.0,0.0,0.0,2.004,2.004,-2.004,0.0,-0.0,0.0,0.0,0.0,0.0,6623.0,1.587938797847242e+29,0.0,0.0,-0.0,-0.0,0.0,-0.0,0.0,2.004,2.004,229,-3.222002767243768e+26,0.0,0.0,0.0,0.0,0.0,0.0,0.0,0.0,0,0,0,-164.263,1.759302270404526e+17,1.3711780401856186e+35,0.0,1.0077172600881807e+35,-0.0,138520.234,-0.0,-0.0,-1.307723015486723e+29,-133.274,468994624585728.0,0.0,0.0,0.0,3.026980422365717e+24,0,1.3516416376850534e+27,229,0.0,458,2.40156025918058e+36,-1.5870805360731793e+30,2114,52429,17109,0,17112,0,17096,0,0,0,101,100,100,-0.0,65.3,-0.0,65.6,0.0,65.5,1,49,50,180,52429,52429,0,0,0.0,0.0,0.0,60.0,-0.0,71.0,0.0,-280.51,0.0,1069,0,1069,0,0,0,1069,0,1080,0,1000,0,656,0,658,0,653,0,677,0.032,1.4609821306377965e+22,2.004,2.73023467606737e+23,43408,16814,-0.0,-0.0,4328.018,-28.719,3.5559166104264055e+32,-0.0,50.0,60.0,35,0.0,0.0,10.0,2.0,0.0,0.0,0.0,0.0,0.0,0.0,0.0,0.0,0.0,0.0,0.0,0.0,58.8,52,13,65511,27,65476,79,65476,1,0,4,20529,65476,0,0,30147,60.0,0.0,10.0,10.0,2.0,0.0
2026-02-16T12:34:47,ERR,ERR,ERR,ERR,ERR,ERR,ERR,ERR,ERR,ERR,ERR,ERR,ERR,ERR,ERR,ERR,ERR,ERR,ERR,ERR,ERR,ERR,ERR,ERR,ERR,ERR,ERR,ERR,ERR,ERR,ERR,ERR,ERR,ERR,ERR,ERR,ERR,ERR,ERR,ERR,ERR,ERR,ERR,ERR,ERR,ERR,ERR,ERR,ERR,ERR,ERR,ERR,ERR,ERR,ERR,ERR,ERR,ERR,ERR,ERR,ERR,ERR,ERR,ERR,ERR,ERR,ERR,ERR,ERR,ERR,ERR,ERR,ERR,ERR,ERR,ERR,ERR,ERR,ERR,ERR,ERR,ERR,ERR,ERR,ERR,ERR,ERR,ERR,ERR,ERR,ERR,ERR,ERR,ERR,ERR,ERR,ERR,ERR,ERR,ERR,ERR,ERR,ERR,ERR,ERR,ERR,ERR,ERR,ERR,ERR,ERR,ERR,ERR,ERR,ERR,ERR,ERR,ERR,ERR,ERR,ERR,ERR,ERR,ERR,ERR,0.0,-0.0,2.7420187948523476e+23,0.0,-0.0,-0.0,108454266011648.0,278451672055808.0,4300,0,8,17169,4300,0.0,41,0.0,0.0,0.0,0.0,0.0,0,0,0,0,0.0,0,0,0,0,0,0,0,0,0,0,0,0,0,0,0,0,0,0,0,0,0,0,0,0,0,0,0,0,0,0,0,0,0,10,35,35,46,65476,366,65476,1,0,4,21553,0.0,0.0,0.0,0.0,0.0,0.0,0.0,0.0,0.0,0.0,0.0,0.0,0.0,0.0,-2.600982585120823e+33,0.0,0.0,0.0,0.0,0.0,0.0,2.004,2.004,-2.004,0.0,-2.004,0.0,0.0,0.0,0.0,6594.0,-0.0,0.0,0.0,-0.0,-0.0,2.7184507374263774e+23,0.0,0.0,2.004,2.004,228,0.0,0.0,0.0,0.0,0.0,0.0,0.0,0.0,0.0,0,0,0,-4015652419403776.0,-1.6591795389884006e+19,-0.0,-0.0,2.3358164476759144e+32,-1428223488.0,-8.850608303063785e+24,-0.0,2291812265885696.0,-1.3881891180402727e+29,-144.274,493183880396800.0,0.0,0.0,0.0,3.2502721705112748e+22,0,1.3516416376850534e+27,228,0.0,456,-621855232.0,-0.0,2114,52429,17109,0,17112,0,17096,0,0,0,101,100,100,-0.0,65.3,-0.0,65.6,0.0,65.5,1,49,50,180,52429,52429,0,0,0.0,0.0,0.0,60.0,-0.0,71.0,0.0,-280.51,0.0,1069,0,1069,0,0,0,1069,0,1080,0,1000,0,656,0,658,0,653,0,677,0.032,1.4609821306377965e+22,2.004,2.73023467606737e+23,43408,16814,-0.0,-0.0,4328.018,-28.719,3.5559166104264055e+32,-0.0,50.0,60.0,35,0.0,0.0,10.0,2.0,0.0,0.0,0.0,0.0,0.0,0.0,0.0,0.0,0.0,0.0,0.0,0.0,58.8,52,13,65511,27,65476,79,65476,1,0,4,20529,65476,0,0,30147,60.0,0.0,10.0,10.0,2.0,0.0
2026-02-16T12:34:48,ERR,ERR,ERR,ERR,ERR,ERR,ERR,ERR,ERR,ERR,ERR,ERR,ERR,ERR,ERR,ERR,ERR,ERR,ERR,ERR,ERR,ERR,ERR,ERR,ERR,ERR,ERR,ERR,ERR,ERR,ERR,ERR,ERR,ERR,ERR,ERR,ERR,ERR,ERR,ERR,ERR,ERR,ERR,ERR,ERR,ERR,ERR,ERR,ERR,ERR,ERR,ERR,ERR,ERR,ERR,ERR,ERR,ERR,ERR,ERR,ERR,ERR,ERR,ERR,ERR,ERR,ERR,ERR,ERR,ERR,ERR,ERR,ERR,ERR,ERR,ERR,ERR,ERR,ERR,ERR,ERR,ERR,ERR,ERR,ERR,ERR,ERR,ERR,ERR,ERR,ERR,ERR,ERR,ERR,ERR,ERR,ERR,ERR,ERR,ERR,ERR,ERR,ERR,ERR,ERR,ERR,ERR,ERR,ERR,ERR,ERR,ERR,ERR,ERR,ERR,ERR,ERR,ERR,ERR,ERR,ERR,ERR,ERR,ERR,ERR,0.0,-0.0,2.7420187948523476e+23,0.0,-0.0,-0.0,108454266011648.0,278451672055808.0,4300,0,8,17169,4300,0.0,41,0.0,0.0,0.0,0.0,0.0,0,0,0,0,0.0,0,0,0,0,0,0,0,0,0,0,0,0,0,0,0,0,0,0,0,0,0,0,0,0,0,0,0,0,0,0,0,0,0,10,35,35,46,65476,366,65476,1,0,4,21553,0.0,0.0,0.0,0.0,0.0,0.0,0.0,0.0,0.0,0.0,0.0,0.0,0.0,0.0,-2.600982585120823e+33,0.0,0.0,0.0,0.0,0.0,0.0,2.004,2.004,-2.004,0.0,-2.004,0.0,0.0,0.0,0.0,6594.0,-0.0,0.0,0.0,-0.0,-0.0,2.7184507374263774e+23,0.0,0.0,2.004,2.004,228,0.0,0.0,0.0,0.0,0.0,0.0,0.0,0.0,0.0,0,0,0,-4015652419403776.0,-1.6591795389884006e+19,-0.0,-0.0,2.3358164476759144e+32,-1428223488.0,-8.850608303063785e+24,-0.0,2291812265885696.0,-1.3881891180402727e+29,-144.274,493183880396800.0,0.0,0.0,0.0,3.2502721705112748e+22,0,1.3516416376850534e+27,228,0.0,456,-621855232.0,-0.0,2114,52429,17109,0,17112,0,17096,0,0,0,101,100,100,-0.0,65.3,-0.0,65.6,0.0,65.5,1,49,50,180,52429,52429,0,0,0.0,0.0,0.0,60.0,-0.0,71.0,0.0,-280.51,0.0,1069,0,1069,0,0,0,1069,0,1080,0,1000,0,656,0,658,0,653,0,677,0.032,1.4609821306377965e+22,2.004,2.73023467606737e+23,43408,16814,-0.0,-0.0,4328.018,-28.719,3.5559166104264055e+32,-0.0,50.0,60.0,35,0.0,0.0,10.0,2.0,0.0,0.0,0.0,0.0,0.0,0.0,0.0,0.0,0.0,0.0,0.0,0.0,58.8,52,13,65511,27,65476,160,65476,1,0,4,20529,65476,0,0,30147,60.0,0.0,10.0,10.0,2.0,0.0
2026-02-16T12:34:49,ERR,ERR,ERR,ERR,ERR,ERR,ERR,ERR,ERR,ERR,ERR,ERR,ERR,ERR,ERR,ERR,ERR,ERR,ERR,ERR,ERR,ERR,ERR,ERR,ERR,ERR,ERR,ERR,ERR,ERR,ERR,ERR,ERR,ERR,ERR,ERR,ERR,ERR,ERR,ERR,ERR,ERR,ERR,ERR,ERR,ERR,ERR,ERR,ERR,ERR,ERR,ERR,ERR,ERR,ERR,ERR,ERR,ERR,ERR,ERR,ERR,ERR,ERR,ERR,ERR,ERR,ERR,ERR,ERR,ERR,ERR,ERR,ERR,ERR,ERR,ERR,ERR,ERR,ERR,ERR,ERR,ERR,ERR,ERR,ERR,ERR,ERR,ERR,ERR,ERR,ERR,ERR,ERR,ERR,ERR,ERR,ERR,ERR,ERR,ERR,ERR,ERR,ERR,ERR,ERR,ERR,ERR,ERR,ERR,ERR,ERR,ERR,ERR,ERR,ERR,ERR,ERR,ERR,ERR,ERR,ERR,ERR,ERR,ERR,ERR,0.0,-0.0,2.7420187948523476e+23,0.0,-0.0,-0.0,108454266011648.0,278451672055808.0,4300,0,8,17169,4300,0.0,41,0.0,0.0,0.0,0.0,0.0,0,0,0,0,0.0,0,0,0,0,0,0,0,0,0,0,0,0,0,0,0,0,0,0,0,0,0,0,0,0,0,0,0,0,0,0,0,0,0,10,35,35,46,65476,366,65476,1,0,4,21553,0.0,0.0,0.0,0.0,0.0,0.0,0.0,0.0,0.0,0.0,0.0,0.0,0.0,0.0,-2.600982585120823e+33,0.0,0.0,0.0,0.0,0.0,0.0,2.004,2.004,-2.004,0.0,-2.004,0.0,0.0,0.0,0.0,6594.0,-0.0,0.0,0.0,-0.0,-0.0,2.7184507374263774e+23,0.0,0.0,2.004,2.004,228,0.0,0.0,0.0,0.0,0.0,0.0,0.0,0.0,0.0,0,0,0,-4015652419403776.0,-1.6591795389884006e+19,-0.0,-0.0,2.3358164476759144e+32,-1428223488.0,-8.850608303063785e+24,-0.0,2291812265885696.0,-1.3881891180402727e+29,-144.274,493183880396800.0,0.0,0.0,0.0,3.2502721705112748e+22,0,1.3516416376850534e+27,228,0.0,456,-621855232.0,-0.0,2114,52429,17109,0,17112,0,17096,0,0,0,101,100,100,-0.0,65.3,-0.0,65.6,0.0,65.5,1,49,50,180,52429,52429,0,0,0.0,0.0,0.0,60.0,-0.0,71.0,0.0,0.0,0.0,1069,0,1069,0,0,0,1069,0,1080,0,1000,0,656,0,658,0,653,0,677,0.032,1.4683608282672803e+22,2.004,2.73023467606737e+23,35856,16814,-0.0,-4.215070937456824e+32,-1140740.625,3.9798531579290764e+27,0.0,0.0,50.0,60.0,35,0.0,0.0,10.0,2.0,0.0,0.0,0.0,0.0,0.0,0.0,0.0,0.0,0.0,0.0,0.0,0.0,59.2,49,14,65514,27,65476,321,65476,1,0,4,20529,65476,0,0,30147,60.0,0.0,10.0,10.0,2.0,0.0
2026-02-16T12:34:50,ERR,ERR,ERR,ERR,ERR,ERR,ERR,ERR,ERR,ERR,ERR,ERR,ERR,ERR,ERR,ERR,ERR,ERR,ERR,ERR,ERR,ERR,ERR,ERR,ERR,ERR,ERR,ERR,ERR,ERR,ERR,ERR,ERR,ERR,ERR,ERR,ERR,ERR,ERR,ERR,ERR,ERR,ERR,ERR,ERR,ERR,ERR,ERR,ERR,ERR,ERR,ERR,ERR,ERR,ERR,ERR,ERR,ERR,ERR,ERR,ERR,ERR,ERR,ERR,ERR,ERR,ERR,ERR,ERR,ERR,ERR,ERR,ERR,ERR,ERR,ERR,ERR,ERR,ERR,ERR,ERR,ERR,ERR,ERR,ERR,ERR,ERR,ERR,ERR,ERR,ERR,ERR,ERR,ERR,ERR,ERR,ERR,ERR,ERR,ERR,ERR,ERR,ERR,ERR,ERR,ERR,ERR,ERR,ERR,ERR,ERR,ERR,ERR,ERR,ERR,ERR,ERR,ERR,ERR,ERR,ERR,ERR,ERR,ERR,ERR,0.0,-0.0,2.7420187948523476e+23,0.0,-0.0,-0.0,108454266011648.0,278451672055808.0,4300,0,8,17169,4300,0.0,41,0.0,0.0,0.0,0.0,0.0,0,0,0,0,0.0,0,0,0,0,0,0,0,0,0,0,0,0,0,0,0,0,0,0,0,0,0,0,0,0,0,0,0,0,0,0,0,0,0,10,35,35,46,65476,366,65476,1,0,4,21553,0.0,0.0,0.0,0.0,0.0,0.0,0.0,0.0,0.0,0.0,0.0,0.0,0.0,0.0,-2.600982585120823e+33,0.0,0.0,0.0,0.0,0.0,0.0,2.004,2.004,-2.004,0.0,-2.004,0.0,0.0,0.0,0.0,6594.0,-0.0,0.0,0.0,-0.0,-0.0,2.7184507374263774e+23,0.0,0.0,2.004,2.004,228,0.0,0.0,0.0,0.0,0.0,0.0,0.0,0.0,0.0,0,0,0,-4015652419403776.0,-1.6591795389884006e+19,-0.0,-0.0,2.3358164476759144e+32,-1428223488.0,-8.850608303063785e+24,-0.0,2291812265885696.0,-1.3881891180402727e+29,-144.274,493183880396800.0,0.0,0.0,0.0,3.2502721705112748e+22,0,1.3516416376850534e+27,228,0.0,456,-621855232.0,-0.0,2114,52429,17109,0,17112,0,17096,0,0,0,101,100,100,-0.0,65.3,-0.0,65.6,0.0,65.5,1,49,50,180,52429,52429,0,0,0.0,0.0,0.0,60.0,-0.0,71.0,0.0,0.0,0.0,1069,0,1069,0,0,0,1069,0,1080,0,1000,0,656,0,658,0,653,0,677,0.032,1.4683608282672803e+22,2.004,2.73023467606737e+23,35856,16814,-0.0,-4.215070937456824e+32,-1140740.625,3.9798531579290764e+27,0.0,0.0,50.0,60.0,35,0.0,0.0,10.0,2.0,0.0,0.0,0.0,0.0,0.0,0.0,0.0,0.0,0.0,0.0,0.0,0.0,59.2,49,14,65514,27,65476,321,65476,1,0,4,20529,65476,0,0,30147,60.0,0.0,10.0,10.0,2.0,0.0
2026-02-16T12:34:51,ERR,ERR,ERR,ERR,ERR,ERR,ERR,ERR,ERR,ERR,ERR,ERR,ERR,ERR,ERR,ERR,ERR,ERR,ERR,ERR,ERR,ERR,ERR,ERR,ERR,ERR,ERR,ERR,ERR,ERR,ERR,ERR,ERR,ERR,ERR,ERR,ERR,ERR,ERR,ERR,ERR,ERR,ERR,ERR,ERR,ERR,ERR,ERR,ERR,ERR,ERR,ERR,ERR,ERR,ERR,ERR,ERR,ERR,ERR,ERR,ERR,ERR,ERR,ERR,ERR,ERR,ERR,ERR,ERR,ERR,ERR,ERR,ERR,ERR,ERR,ERR,ERR,ERR,ERR,ERR,ERR,ERR,ERR,ERR,ERR,ERR,ERR,ERR,ERR,ERR,ERR,ERR,ERR,ERR,ERR,ERR,ERR,ERR,ERR,ERR,ERR,ERR,ERR,ERR,ERR,ERR,ERR,ERR,ERR,ERR,ERR,ERR,ERR,ERR,ERR,ERR,ERR,ERR,ERR,ERR,ERR,ERR,ERR,ERR,ERR,0.0,-0.0,2.7420187948523476e+23,0.0,-0.0,-0.0,108454266011648.0,278451672055808.0,4300,0,8,17169,4300,0.0,41,0.0,0.0,0.0,0.0,0.0,0,0,0,0,0.0,0,0,0,0,0,0,0,0,0,0,0,0,0,0,0,0,0,0,0,0,0,0,0,0,0,0,0,0,0,0,0,0,0,10,35,35,46,65476,366,65476,1,0,4,21553,0.0,0.0,0.0,0.0,0.0,0.0,0.0,0.0,0.0,0.0,0.0,0.0,0.0,0.0,-2.600982585120823e+33,0.0,0.0,0.0,0.0,0.0,0.0,2.004,2.004,-2.004,0.0,-2.004,0.0,0.0,0.0,0.0,6594.0,-0.0,0.0,0.0,-0.0,-0.0,2.7184507374263774e+23,0.0,0.0,2.004,2.004,228,0.0,0.0,0.0,0.0,0.0,0.0,0.0,0.0,0.0,0,0,0,-4015652419403776.0,-1.6591795389884006e+19,-0.0,-0.0,2.3358164476759144e+32,-1428223488.0,-8.850608303063785e+24,-0.0,2291812265885696.0,-1.3881891180402727e+29,-144.274,493183880396800.0,0.0,0.0,0.0,3.2502721705112748e+22,0,1.3516416376850534e+27,228,0.0,456,-621855232.0,-0.0,2114,52429,17109,0,17112,0,17096,0,0,0,101,100,100,-0.0,65.3,-0.0,65.6,0.0,65.5,1,49,50,180,52429,52429,0,0,0.0,0.0,0.0,60.0,-0.0,71.0,0.0,0.0,0.0,1069,0,1069,0,0,0,1069,0,1080,0,1000,0,656,0,658,0,653,0,677,0.032,1.4683608282672803e+22,2.004,2.73023467606737e+23,35856,16814,-0.0,-4.215070937456824e+32,-1140740.625,3.9798531579290764e+27,0.0,0.0,50.0,60.0,35,0.0,0.0,10.0,2.0,0.0,0.0,0.0,0.0,0.0,0.0,0.0,0.0,0.0,0.0,0.0,0.0,58.8,47,16,65515,27,65476,478,65476,1,0,4,20529,65476,0,0,30147,60.0,0.0,10.0,10.0,2.0,0.0
2026-02-16T12:34:52,ERR,ERR,ERR,ERR,ERR,ERR,ERR,ERR,ERR,ERR,ERR,ERR,ERR,ERR,ERR,ERR,ERR,ERR,ERR,ERR,ERR,ERR,ERR,ERR,ERR,ERR,ERR,ERR,ERR,ERR,ERR,ERR,ERR,ERR,ERR,ERR,ERR,ERR,ERR,ERR,ERR,ERR,ERR,ERR,ERR,ERR,ERR,ERR,ERR,ERR,ERR,ERR,ERR,ERR,ERR,ERR,ERR,ERR,ERR,ERR,ERR,ERR,ERR,ERR,ERR,ERR,ERR,ERR,ERR,ERR,ERR,ERR,ERR,ERR,ERR,ERR,ERR,ERR,ERR,ERR,ERR,ERR,ERR,ERR,ERR,ERR,ERR,ERR,ERR,ERR,ERR,ERR,ERR,ERR,ERR,ERR,ERR,ERR,ERR,ERR,ERR,ERR,ERR,ERR,ERR,ERR,ERR,ERR,ERR,ERR,ERR,ERR,ERR,ERR,ERR,ERR,ERR,ERR,ERR,ERR,ERR,ERR,ERR,ERR,ERR,0.0,-0.0,2.7420187948523476e+23,0.0,-0.0,3.180761382513541e+17,-194918282690560.0,-0.0,4300,0,8,17169,4300,0.0,41,0.0,0.0,0.0,0.0,0.0,0,0,0,0,0.0,0,0,0,0,0,0,0,0,0,0,0,0,0,0,0,0,0,0,0,0,0,0,0,0,0,0,0,0,0,0,0,0,0,11,35,35,46,65476,366,65476,1,0,4,21553,0.0,0.0,0.0,0.0,0.0,0.0,0.0,0.0,0.0,0.0,0.0,0.0,0.0,0.0,0.0,0.0,0.0,0.0,0.0,0.0,0.0,2.004,2.004,-2.004,0.0,-3.697075742657269e+19,0.0,0.0,0.0,0.0,6598.0,-0.0,0.0,0.0,-0.0,2.718450196994422e+23,-0.0,0.0,0.0,2.004,2.004,228,89220.57,0.0,0.0,0.0,0.0,0.0,0.0,0.0,0.0,0,0,0,-0.0,3.815001045785398e+22,0.198,0.0,2.21345412140281e+33,5.160034501807639e+30,7.785077393687555e+37,2175040560824320.0,-11976047591424.0,-1.4562758202009686e+29,-157.274,521771182718976.0,0.0,0.0,0.0,71806.469,0,1.3516416376850534e+27,228,0.0,456,-621855232.0,86146.211,2114,52429,17109,0,17112,0,17096,0,0,0,101,100,100,-0.0,65.3,-0.0,65.6,0.0,65.5,1,49,50,180,52429,52429,0,0,0.0,0.0,0.0,60.0,-0.0,71.0,0.0,0.0,0.0,1069,0,1069,0,0,0,1069,0,1080,0,1000,0,656,0,658,0,653,0,677,0.032,1.4536034330083127e+22,2.004,2.73023467606737e+23,42128,16814,-0.0,0.0,-3.379,-0.0,0.0,0.0,50.0,60.0,35,0.0,0.0,10.0,2.0,0.0,0.0,0.0,0.0,0.0,0.0,0.0,0.0,0.0,0.0,0.0,0.0,58.8,46,16,65516,27,65476,560,65476,1,0,4,20529,65476,0,0,30147,60.0,0.0,10.0,10.0,2.0,0.0
2026-02-16T12:34:53,ERR,ERR,ERR,ERR,ERR,ERR,ERR,ERR,ERR,ERR,ERR,ERR,ERR,ERR,ERR,ERR,ERR,ERR,ERR,ERR,ERR,ERR,ERR,ERR,ERR,ERR,ERR,ERR,ERR,ERR,ERR,ERR,ERR,ERR,ERR,ERR,ERR,ERR,ERR,ERR,ERR,ERR,ERR,ERR,ERR,ERR,ERR,ERR,ERR,ERR,ERR,ERR,ERR,ERR,ERR,ERR,ERR,ERR,ERR,ERR,ERR,ERR,ERR,ERR,ERR,ERR,ERR,ERR,ERR,ERR,ERR,ERR,ERR,ERR,ERR,ERR,ERR,ERR,ERR,ERR,ERR,ERR,ERR,ERR,ERR,ERR,ERR,ERR,ERR,ERR,ERR,ERR,ERR,ERR,ERR,ERR,ERR,ERR,ERR,ERR,ERR,ERR,ERR,ERR,ERR,ERR,ERR,ERR,ERR,ERR,ERR,ERR,ERR,ERR,ERR,ERR,ERR,ERR,ERR,ERR,ERR,ERR,ERR,ERR,ERR,0.0,-0.0,2.7420187948523476e+23,0.0,-0.0,3.180761382513541e+17,-194918282690560.0,-0.0,4300,0,8,17169,4300,0.0,41,0.0,0.0,0.0,0.0,0.0,0,0,0,0,0.0,0,0,0,0,0,0,0,0,0,0,0,0,0,0,0,0,0,0,0,0,0,0,0,0,0,0,0,0,0,0,0,0,0,11,35,35,46,65476,366,65476,1,0,4,21553,0.0,0.0,0.0,0.0,0.0,0.0,0.0,0.0,0.0,0.0,0.0,0.0,0.0,0.0,0.0,0.0,0.0,0.0,0.0,0.0,0.0,2.004,2.004,-2.004,0.0,-3.697075742657269e+19,0.0,0.0,0.0,0.0,6598.0,-0.0,0.0,0.0,-0.0,2.718450196994422e+23,-0.0,0.0,0.0,2.004,2.004,228,89220.57,0.0,0.0,0.0,0.0,0.0,0.0,0.0,0.0,0,0,0,-0.0,3.815001045785398e+22,0.198,0.0,2.21345412140281e+33,5.160034501807639e+30,7.785077393687555e+37,2175040560824320.0,-11976047591424.0,-1.4562758202009686e+29,-157.274,521771182718976.0,0.0,0.0,0.0,71806.469,0,1.3516416376850534e+27,228,0.0,456,-621855232.0,86146.211,2114,52429,17109,0,17112,0,17096,0,0,0,101,100,100,-0.0,65.3,-0.0,65.6,0.0,65.5,1,49,50,180,52429,52429,0,0,0.0,0.0,0.0,60.0,-0.0,71.0,0.0,0.0,0.0,1069,0,1069,0,0,0,1069,0,1080,0,1000,0,656,0,658,0,653,0,677,0.032,1.4536034330083127e+22,2.004,2.73023467606737e+23,42128,16814,-0.0,0.0,-3.379,-0.0,0.0,0.0,50.0,60.0,35,0.0,0.0,10.0,2.0,0.0,0.0,0.0,0.0,0.0,0.0,0.0,0.0,0.0,0.0,0.0,0.0,58.8,46,16,65516,27,65476,560,65476,1,0,4,20529,65476,0,0,30147,60.0,0.0,10.0,10.0,2.0,0.0
2026-02-16T12:34:54,ERR,ERR,ERR,ERR,ERR,ERR,ERR,ERR,ERR,ERR,ERR,ERR,ERR,ERR,ERR,ERR,ERR,ERR,ERR,ERR,ERR,ERR,ERR,ERR,ERR,ERR,ERR,ERR,ERR,ERR,ERR,ERR,ERR,ERR,ERR,ERR,ERR,ERR,ERR,ERR,ERR,ERR,ERR,ERR,ERR,ERR,ERR,ERR,ERR,ERR,ERR,ERR,ERR,ERR,ERR,ERR,ERR,ERR,ERR,ERR,ERR,ERR,ERR,ERR,ERR,ERR,ERR,ERR,ERR,ERR,ERR,ERR,ERR,ERR,ERR,ERR,ERR,ERR,ERR,ERR,ERR,ERR,ERR,ERR,ERR,ERR,ERR,ERR,ERR,ERR,ERR,ERR,ERR,ERR,ERR,ERR,ERR,ERR,ERR,ERR,ERR,ERR,ERR,ERR,ERR,ERR,ERR,ERR,ERR,ERR,ERR,ERR,ERR,ERR,ERR,ERR,ERR,ERR,ERR,ERR,ERR,ERR,ERR,ERR,ERR,0.0,-0.0,2.7420187948523476e+23,0.0,-0.0,3.180761382513541e+17,-194918282690560.0,-0.0,4300,0,8,17169,4300,0.0,41,0.0,0.0,0.0,0.0,0.0,0,0,0,0,0.0,0,0,0,0,0,0,0,0,0,0,0,0,0,0,0,0,0,0,0,0,0,0,0,0,0,0,0,0,0,0,0,0,0,11,35,35,46,65476,366,65476,1,0,4,21553,0.0,0.0,0.0,0.0,0.0,0.0,0.0,0.0,0.0,0.0,0.0,0.0,0.0,0.0,0.0,0.0,0.0,0.0,0.0,0.0,0.0,2.004,2.004,-2.004,0.0,-3.697075742657269e+19,0.0,0.0,0.0,0.0,6598.0,-0.0,0.0,0.0,-0.0,2.718450196994422e+23,-0.0,0.0,0.0,2.004,2.004,228,89220.57,0.0,0.0,0.0,0.0,0.0,0.0,0.0,0.0,0,0,0,-0.0,3.815001045785398e+22,0.198,0.0,2.21345412140281e+33,5.160034501807639e+30,7.785077393687555e+37,2175040560824320.0,-11976047591424.0,-1.4562758202009686e+29,-157.274,521771182718976.0,0.0,0.0,0.0,71806.469,0,1.3516416376850534e+27,228,0.0,456,-621855232.0,86146.211,2114,52429,17109,0,17112,0,17096,0,0,0,101,100,100,-0.0,65.3,-0.0,65.6,0.0,65.5,1,49,50,180,52429,52429,0,0,0.0,0.0,0.0,60.0,-0.0,71.0,0.0,0.0,0.0,1069,0,1069,0,0,0,1069,0,1080,0,1000,0,656,0,658,0,653,0,677,0.032,1.4536034330083127e+22,2.004,2.73023467606737e+23,42128,16814,-0.0,0.0,-3.379,-0.0,0.0,0.0,50.0,60.0,35,0.0,0.0,10.0,2.0,0.0,0.0,0.0,0.0,0.0,0.0,0.0,0.0,0.0,0.0,0.0,0.0,58.8,44,18,65519,27,65476,720,65476,1,0,4,20529,65476,0,0,30147,60.0,0.0,10.0,10.0,2.0,0.0
2026-02-16T12:34:55,ERR,ERR,ERR,ERR,ERR,ERR,ERR,ERR,ERR,ERR,ERR,ERR,ERR,ERR,ERR,ERR,ERR,ERR,ERR,ERR,ERR,ERR,ERR,ERR,ERR,ERR,ERR,ERR,ERR,ERR,ERR,ERR,ERR,ERR,ERR,ERR,ERR,ERR,ERR,ERR,ERR,ERR,ERR,ERR,ERR,ERR,ERR,ERR,ERR,ERR,ERR,ERR,ERR,ERR,ERR,ERR,ERR,ERR,ERR,ERR,ERR,ERR,ERR,ERR,ERR,ERR,ERR,ERR,ERR,ERR,ERR,ERR,ERR,ERR,ERR,ERR,ERR,ERR,ERR,ERR,ERR,ERR,ERR,ERR,ERR,ERR,ERR,ERR,ERR,ERR,ERR,ERR,ERR,ERR,ERR,ERR,ERR,ERR,ERR,ERR,ERR,ERR,ERR,ERR,ERR,ERR,ERR,ERR,ERR,ERR,ERR,ERR,ERR,ERR,ERR,ERR,ERR,ERR,ERR,ERR,ERR,ERR,ERR,ERR,ERR,0.0,-0.0,2.7420187948523476e+23,0.0,-0.0,3.180761382513541e+17,-194918282690560.0,-0.0,4300,0,8,17169,4300,0.0,41,0.0,0.0,0.0,0.0,0.0,0,0,0,0,0.0,0,0,0,0,0,0,0,0,0,0,0,0,0,0,0,0,0,0,0,0,0,0,0,0,0,0,0,0,0,0,0,0,0,11,35,35,46,65476,366,65476,1,0,4,21553,0.0,0.0,0.0,0.0,0.0,0.0,0.0,0.0,0.0,0.0,0.0,0.0,0.0,0.0,0.0,0.0,0.0,0.0,0.0,0.0,0.0,2.004,2.004,-2.004,0.0,-3.697075742657269e+19,0.0,0.0,0.0,0.0,6598.0,-0.0,0.0,0.0,-0.0,2.718450196994422e+23,-0.0,0.0,0.0,2.004,2.004,228,89220.57,0.0,0.0,0.0,0.0,0.0,0.0,0.0,0.0,0,0,0,-0.0,3.815001045785398e+22,0.198,0.0,2.21345412140281e+33,5.160034501807639e+30,7.785077393687555e+37,2175040560824320.0,-11976047591424.0,-1.4562758202009686e+29,-157.274,521771182718976.0,0.0,0.0,0.0,71806.469,0,1.3516416376850534e+27,228,0.0,456,-621855232.0,86146.211,2114,52429,17109,0,17112,0,17096,0,0,0,101,100,100,-0.0,65.3,-0.0,65.6,0.0,65.5,1,49,50,180,52429,52429,0,0,0.0,0.0,0.0,60.0,-0.0,71.0,0.0,0.0,0.0,1069,0,1069,0,0,0,1069,0,1080,0,1000,0,656,0,658,0,653,0,677,0.032,1.4536034330083127e+22,2.004,2.73023467606737e+23,42128,16814,-0.0,0.0,-3.379,-0.0,0.0,0.0,50.0,60.0,35,0.0,0.0,10.0,2.0,0.0,0.0,0.0,0.0,0.0,0.0,0.0,0.0,0.0,0.0,0.0,0.0,58.8,44,18,65519,27,65476,720,65476,1,0,4,20529,65476,0,0,30147,60.0,0.0,10.0,10.0,2.0,0.0
2026-02-16T12:34:56,ERR,ERR,ERR,ERR,ERR,ERR,ERR,ERR,ERR,ERR,ERR,ERR,ERR,ERR,ERR,ERR,ERR,ERR,ERR,ERR,ERR,ERR,ERR,ERR,ERR,ERR,ERR,ERR,ERR,ERR,ERR,ERR,ERR,ERR,ERR,ERR,ERR,ERR,ERR,ERR,ERR,ERR,ERR,ERR,ERR,ERR,ERR,ERR,ERR,ERR,ERR,ERR,ERR,ERR,ERR,ERR,ERR,ERR,ERR,ERR,ERR,ERR,ERR,ERR,ERR,ERR,ERR,ERR,ERR,ERR,ERR,ERR,ERR,ERR,ERR,ERR,ERR,ERR,ERR,ERR,ERR,ERR,ERR,ERR,ERR,ERR,ERR,ERR,ERR,ERR,ERR,ERR,ERR,ERR,ERR,ERR,ERR,ERR,ERR,ERR,ERR,ERR,ERR,ERR,ERR,ERR,ERR,ERR,ERR,ERR,ERR,ERR,ERR,ERR,ERR,ERR,ERR,ERR,ERR,ERR,ERR,ERR,ERR,ERR,ERR,0.0,-0.0,2.7420187948523476e+23,0.0,-0.0,3.180761382513541e+17,-194918282690560.0,-0.0,4300,0,8,17169,4300,0.0,41,0.0,0.0,0.0,0.0,0.0,0,0,0,0,0.0,0,0,0,0,0,0,0,0,0,0,0,0,0,0,0,0,0,0,0,0,0,0,0,0,0,0,0,0,0,0,0,0,0,11,35,35,46,65476,366,65476,1,0,4,21553,0.0,0.0,0.0,0.0,0.0,0.0,0.0,0.0,0.0,0.0,0.0,0.0,0.0,0.0,0.0,0.0,0.0,0.0,0.0,0.0,0.0,2.004,2.004,-2.004,0.0,-3.697075742657269e+19,0.0,0.0,0.0,0.0,6598.0,-0.0,0.0,0.0,-0.0,2.718450196994422e+23,-0.0,0.0,0.0,2.004,2.004,228,89220.57,0.0,0.0,0.0,0.0,0.0,0.0,0.0,0.0,0,0,0,-0.0,3.815001045785398e+22,0.198,0.0,2.21345412140281e+33,5.160034501807639e+30,7.785077393687555e+37,2175040560824320.0,-11976047591424.0,-1.4562758202009686e+29,-157.274,521771182718976.0,0.0,0.0,0.0,71806.469,0,1.3516416376850534e+27,228,0.0,456,-621855232.0,86146.211,2114,52429,17109,0,17112,0,17096,0,0,0,101,100,100,-0.0,65.3,-0.0,65.6,0.0,65.5,1,49,50,180,52429,0,0,0,0.0,0.0,0.0,60.0,-0.0,71.0,0.0,42481315840.0,0.0,1069,0,1069,0,0,0,1069,0,1080,0,1000,0,656,0,658,0,653,0,677,0.032,1.4536034330083127e+22,2.004,2.73023467606737e+23,56208,16814,-0.0,309785755648.0,1562382976.0,-0.0,-0.0,-0.0,50.0,60.0,35,0.0,0.0,10.0,2.0,0.0,0.0,0.0,0.0,0.0,0.0,0.0,0.0,0.0,0.0,0.0,0.0,59.2,42,19,65521,27,65476,799,65476,1,0,4,20529,65476,0,0,30147,60.0,0.0,10.0,10.0,2.0,0.0
2026-02-16T12:34:57,ERR,ERR,ERR,ERR,ERR,ERR,ERR,ERR,ERR,ERR,ERR,ERR,ERR,ERR,ERR,ERR,ERR,ERR,ERR,ERR,ERR,ERR,ERR,ERR,ERR,ERR,ERR,ERR,ERR,ERR,ERR,ERR,ERR,ERR,ERR,ERR,ERR,ERR,ERR,ERR,ERR,ERR,ERR,ERR,ERR,ERR,ERR,ERR,ERR,ERR,ERR,ERR,ERR,ERR,ERR,ERR,ERR,ERR,ERR,ERR,ERR,ERR,ERR,ERR,ERR,ERR,ERR,ERR,ERR,ERR,ERR,ERR,ERR,ERR,ERR,ERR,ERR,ERR,ERR,ERR,ERR,ERR,ERR,ERR,ERR,ERR,ERR,ERR,ERR,ERR,ERR,ERR,ERR,ERR,ERR,ERR,ERR,ERR,ERR,ERR,ERR,ERR,ERR,ERR,ERR,ERR,ERR,ERR,ERR,ERR,ERR,ERR,ERR,ERR,ERR,ERR,ERR,ERR,ERR,ERR,ERR,ERR,ERR,ERR,ERR,0.0,-0.0,2.7420187948523476e+23,0.0,-0.0,7.727,-0.0,-27.156,4300,0,8,17169,4300,0.0,41,0.0,0.0,0.0,0.0,0.0,0,0,0,0,0.0,0,0,0,0,0,0,0,0,0,0,0,0,0,0,0,0,0,0,0,0,0,0,0,0,0,0,0,0,0,0,0,0,0,11,35,35,46,65476,366,65476,1,0,4,21553,0.0,-107610720.0,0.0,0.0,0.0,0.0,0.0,0.0,0.0,0.0,0.0,0.0,0.0,0.0,0.0,0.0,0.0,0.0,0.0,0.0,0.0,2.004,2.004,-2.004,-3.697074423243316e+19,0.0,0.0,0.0,0.0,0.0,6597.0,564149188820992.0,0.0,0.0,-0.0,0.0,-0.0,0.0,0.0,2.004,2.004,227,0.0,0.0,0.0,0.0,0.0,0.0,0.0,0.0,0.0,0,0,0,-1.51,-0.142,7.803091085814661e+17,-0.0,38211.438,-0.0,-0.0,0.0,-0.0,-1.5367419227545183e+29,-168.274,545960438530048.0,0.0,0.0,0.0,-0.0,0,1.3516416376850534e+27,227,0.0,454,-621855232.0,86146.211,2114,52429,17109,0,17112,0,17096,0,0,0,101,100,100,-0.0,65.3,-0.0,65.6,0.0,65.5,1,49,50,180,52429,0,0,0,0.0,0.0,0.0,60.0,-0.0,71.0,0.0,42481315840.0,0.0,1069,0,1069,0,0,0,1069,0,1080,0,1000,0,656,0,658,0,653,0,677,0.032,1.4536034330083127e+22,2.004,2.73023467606737e+23,56208,16814,-0.0,309785755648.0,1562382976.0,-0.0,-0.0,-0.0,50.0,60.0,35,0.0,0.0,10.0,2.0,0.0,0.0,0.0,0.0,0.0,0.0,0.0,0.0,0.0,0.0,0.0,0.0,58.8,39,22,65524,27,65476,812,65476,1,0,4,20529,65476,0,0,30147,60.0,0.0,10.0,10.0,2.0,0.0
2026-02-16T12:34:58,ERR,ERR,ERR,ERR,ERR,ERR,ERR,ERR,ERR,ERR,ERR,ERR,ERR,ERR,ERR,ERR,ERR,ERR,ERR,ERR,ERR,ERR,ERR,ERR,ERR,ERR,ERR,ERR,ERR,ERR,ERR,ERR,ERR,ERR,ERR,ERR,ERR,ERR,ERR,ERR,ERR,ERR,ERR,ERR,ERR,ERR,ERR,ERR,ERR,ERR,ERR,ERR,ERR,ERR,ERR,ERR,ERR,ERR,ERR,ERR,ERR,ERR,ERR,ERR,ERR,ERR,ERR,ERR,ERR,ERR,ERR,ERR,ERR,ERR,ERR,ERR,ERR,ERR,ERR,ERR,ERR,ERR,ERR,ERR,ERR,ERR,ERR,ERR,ERR,ERR,ERR,ERR,ERR,ERR,ERR,ERR,ERR,ERR,ERR,ERR,ERR,ERR,ERR,ERR,ERR,ERR,ERR,ERR,ERR,ERR,ERR,ERR,ERR,ERR,ERR,ERR,ERR,ERR,ERR,ERR,ERR,ERR,ERR,ERR,ERR,0.0,-0.0,2.7420187948523476e+23,0.0,-0.0,7.727,-0.0,-27.156,4300,0,8,17169,4300,0.0,41,0.0,0.0,0.0,0.0,0.0,0,0,0,0,0.0,0,0,0,0,0,0,0,0,0,0,0,0,0,0,0,0,0,0,0,0,0,0,0,0,0,0,0,0,0,0,0,0,0,11,35,35,46,65476,366,65476,1,0,4,21553,0.0,-107610720.0,0.0,0.0,0.0,0.0,0.0,0.0,0.0,0.0,0.0,0.0,0.0,0.0,0.0,0.0,0.0,0.0,0.0,0.0,0.0,2.004,2.004,-2.004,-3.697074423243316e+19,0.0,0.0,0.0,0.0,0.0,6597.0,564149188820992.0,0.0,0.0,-0.0,0.0,-0.0,0.0,0.0,2.004,2.004,227,0.0,0.0,0.0,0.0,0.0,0.0,0.0,0.0,0.0,0,0,0,-1.51,-0.142,7.803091085814661e+17,-0.0,38211.438,-0.0,-0.0,0.0,-0.0,-1.5367419227545183e+29,-168.274,545960438530048.0,0.0,0.0,0.0,-0.0,0,1.3516416376850534e+27,227,0.0,454,-621855232.0,86146.211,2114,52429,17109,0,17112,0,17096,0,0,0,101,100,100,-0.0,65.3,-0.0,65.6,0.0,65.5,1,49,50,180,52429,0,0,0,0.0,0.0,0.0,60.0,-0.0,71.0,0.0,42481315840.0,0.0,1069,0,1069,0,0,0,1069,0,1080,0,1000,0,656,0,658,0,653,0,677,0.032,1.4536034330083127e+22,2.004,2.73023467606737e+23,56208,16814,-0.0,309785755648.0,1562382976.0,-0.0,-0.0,-0.0,50.0,60.0,35,0.0,0.0,10.0,2.0,0.0,0.0,0.0,0.0,0.0,0.0,0.0,0.0,0.0,0.0,0.0,0.0,58.8,39,22,65524,27,65476,812,65476,1,0,4,20529,65476,0,0,30147,60.0,0.0,10.0,10.0,2.0,0.0
2026-02-16T12:34:59,ERR,ERR,ERR,ERR,ERR,ERR,ERR,ERR,ERR,ERR,ERR,ERR,ERR,ERR,ERR,ERR,ERR,ERR,ERR,ERR,ERR,ERR,ERR,ERR,ERR,ERR,ERR,ERR,ERR,ERR,ERR,ERR,ERR,ERR,ERR,ERR,ERR,ERR,ERR,ERR,ERR,ERR,ERR,ERR,ERR,ERR,ERR,ERR,ERR,ERR,ERR,ERR,ERR,ERR,ERR,ERR,ERR,ERR,ERR,ERR,ERR,ERR,ERR,ERR,ERR,ERR,ERR,ERR,ERR,ERR,ERR,ERR,ERR,ERR,ERR,ERR,ERR,ERR,ERR,ERR,ERR,ERR,ERR,ERR,ERR,ERR,ERR,ERR,ERR,ERR,ERR,ERR,ERR,ERR,ERR,ERR,ERR,ERR,ERR,ERR,ERR,ERR,ERR,ERR,ERR,ERR,ERR,ERR,ERR,ERR,ERR,ERR,ERR,ERR,ERR,ERR,ERR,ERR,ERR,ERR,ERR,ERR,ERR,ERR,ERR,0.0,-0.0,2.7420187948523476e+23,0.0,-0.0,7.727,-0.0,-27.156,4300,0,8,17169,4300,0.0,41,0.0,0.0,0.0,0.0,0.0,0,0,0,0,0.0,0,0,0,0,0,0,0,0,0,0,0,0,0,0,0,0,0,0,0,0,0,0,0,0,0,0,0,0,0,0,0,0,0,11,35,35,46,65476,366,65476,1,0,4,21553,0.0,-107610720.0,0.0,0.0,0.0,0.0,0.0,0.0,0.0,0.0,0.0,0.0,0.0,0.0,0.0,0.0,0.0,0.0,0.0,0.0,0.0,2.004,2.004,-2.004,-3.697074423243316e+19,0.0,0.0,0.0,0.0,0.0,6597.0,564149188820992.0,0.0,0.0,-0.0,0.0,-0.0,0.0,0.0,2.004,2.004,227,0.0,0.0,0.0,0.0,0.0,0.0,0.0,0.0,0.0,0,0,0,-1.51,-0.142,7.803091085814661e+17,-0.0,38211.438,-0.0,-0.0,0.0,-0.0,-1.5367419227545183e+29,-168.274,545960438530048.0,0.0,0.0,0.0,-0.0,0,1.3516416376850534e+27,227,0.0,454,-621855232.0,86146.211,2114,52429,17109,0,17112,0,17096,0,0,0,101,100,100,-0.0,65.3,-0.0,65.6,0.0,65.5,1,49,50,180,52429,0,0,0,0.0,0.0,0.0,60.0,-0.0,71.0,0.0,0.0,0.0,1069,0,1070,0,0,0,1069,0,1080,0,1000,0,656,0,658,0,653,0,677,0.032,1.4536034330083127e+22,2.004,2.73023467606737e+23,62992,16814,-0.0,-140776816.0,-44895981568.0,4595738214400.0,0.0,0.0,50.0,60.0,35,0.0,0.0,10.0,2.0,0.0,0.0,0.0,0.0,0.0,0.0,0.0,0.0,0.0,0.0,0.0,0.0,58.8,35,25,65528,27,65476,745,65476,1,0,4,20529,65476,0,0,30147,60.0,0.0,10.0,10.0,2.0,0.0
2026-02-16T12:35:00,ERR,ERR,ERR,ERR,ERR,ERR,ERR,ERR,ERR,ERR,ERR,ERR,ERR,ERR,ERR,ERR,ERR,ERR,ERR,ERR,ERR,ERR,ERR,ERR,ERR,ERR,ERR,ERR,ERR,ERR,ERR,ERR,ERR,ERR,ERR,ERR,ERR,ERR,ERR,ERR,ERR,ERR,ERR,ERR,ERR,ERR,ERR,ERR,ERR,ERR,ERR,ERR,ERR,ERR,ERR,ERR,ERR,ERR,ERR,ERR,ERR,ERR,ERR,ERR,ERR,ERR,ERR,ERR,ERR,ERR,ERR,ERR,ERR,ERR,ERR,ERR,ERR,ERR,ERR,ERR,ERR,ERR,ERR,ERR,ERR,ERR,ERR,ERR,ERR,ERR,ERR,ERR,ERR,ERR,ERR,ERR,ERR,ERR,ERR,ERR,ERR,ERR,ERR,ERR,ERR,ERR,ERR,ERR,ERR,ERR,ERR,ERR,ERR,ERR,ERR,ERR,ERR,ERR,ERR,ERR,ERR,ERR,ERR,ERR,ERR,0.0,-0.0,2.7420187948523476e+23,0.0,-0.0,7.727,-0.0,-27.156,4300,0,8,17169,4300,0.0,41,0.0,0.0,0.0,0.0,0.0,0,0,0,0,0.0,0,0,0,0,0,0,0,0,0,0,0,0,0,0,0,0,0,0,0,0,0,0,0,0,0,0,0,0,0,0,0,0,0,11,35,35,46,65476,366,65476,1,0,4,21553,0.0,-107610720.0,0.0,0.0,0.0,0.0,0.0,0.0,0.0,0.0,0.0,0.0,0.0,0.0,0.0,0.0,0.0,0.0,0.0,0.0,0.0,2.004,2.004,-2.004,-3.697074423243316e+19,0.0,0.0,0.0,0.0,0.0,6597.0,564149188820992.0,0.0,0.0,-0.0,0.0,-0.0,0.0,0.0,2.004,2.004,227,0.0,0.0,0.0,0.0,0.0,0.0,0.0,0.0,0.0,0,0,0,-1.51,-0.142,7.803091085814661e+17,-0.0,38211.438,-0.0,-0.0,0.0,-0.0,-1.5367419227545183e+29,-168.274,545960438530048.0,0.0,0.0,0.0,-0.0,0,1.3516416376850534e+27,227,0.0,454,-621855232.0,86146.211,2114,52429,17109,0,17112,0,17096,0,0,0,101,100,100,-0.0,65.3,-0.0,65.6,0.0,65.5,1,49,50,180,52429,0,0,0,0.0,0.0,0.0,60.0,-0.0,71.0,0.0,0.0,0.0,1069,0,1070,0,0,0,1069,0,1080,0,1000,0,656,0,658,0,653,0,677,0.032,1.4536034330083127e+22,2.004,2.73023467606737e+23,62992,16814,-0.0,-140776816.0,-44895981568.0,4595738214400.0,0.0,0.0,50.0,60.0,35,0.0,0.0,10.0,2.0,0.0,0.0,0.0,0.0,0.0,0.0,0.0,0.0,0.0,0.0,0.0,0.0,58.8,33,27,65530,27,65476,745,65476,1,0,4,20529,65476,0,0,30147,60.0,0.0,10.0,10.0,2.0,0.0
2026-02-16T12:35:01,ERR,ERR,ERR,ERR,ERR,ERR,ERR,ERR,ERR,ERR,ERR,ERR,ERR,ERR,ERR,ERR,ERR,ERR,ERR,ERR,ERR,ERR,ERR,ERR,ERR,ERR,ERR,ERR,ERR,ERR,ERR,ERR,ERR,ERR,ERR,ERR,ERR,ERR,ERR,ERR,ERR,ERR,ERR,ERR,ERR,ERR,ERR,ERR,ERR,ERR,ERR,ERR,ERR,ERR,ERR,ERR,ERR,ERR,ERR,ERR,ERR,ERR,ERR,ERR,ERR,ERR,ERR,ERR,ERR,ERR,ERR,ERR,ERR,ERR,ERR,ERR,ERR,ERR,ERR,ERR,ERR,ERR,ERR,ERR,ERR,ERR,ERR,ERR,ERR,ERR,ERR,ERR,ERR,ERR,ERR,ERR,ERR,ERR,ERR,ERR,ERR,ERR,ERR,ERR,ERR,ERR,ERR,ERR,ERR,ERR,ERR,ERR,ERR,ERR,ERR,ERR,ERR,ERR,ERR,ERR,ERR,ERR,ERR,ERR,ERR,0.0,-0.0,2.7420187948523476e+23,0.0,-0.0,0.0,748886805184512.0,-2.9987910286533476e+31,4300,0,8,17169,4300,0.0,41,0.0,0.0,0.0,0.0,0.0,0,0,0,0,0.0,0,0,0,0,0,0,0,0,0,0,0,0,0,0,0,0,0,0,0,0,0,0,0,0,0,0,0,0,0,0,0,0,0,11,35,35,46,65476,367,65476,1,0,4,21553,0.0,0.0,0.0,0.0,0.0,0.0,0.0,0.0,0.0,0.0,0.0,0.0,0.0,0.0,0.0,0.0,0.0,0.0,0.0,0.0,0.0,2.004,2.004,-2.004,-3.697074423243316e+19,0.0,0.0,0.0,0.0,0.0,6599.0,0.0,0.0,0.0,-0.0,0.0,-107616264.0,-0.0,0.0,2.004,2.004,228,0.0,-4.066875947584353e+29,0.0,0.0,0.0,0.0,0.0,0.0,0.0,0,0,0,-619606638592.0,-1831866728448.0,9.569941412876778e+29,0.0,1.0717793142038445e+38,-204.258,1.2235016257138408e+37,-2.5659212514049768e+29,-0.0,-1.6250939995451417e+29,-181.274,586145528283136.0,0.0,0.0,0.0,-0.0,0,1.3516416376850534e+27,228,0.0,456,2.40156025918058e+36,0.0,2114,52429,17109,0,17112,0,17096,0,0,0,101,100,100,-0.0,65.3,-0.0,65.6,0.0,65.5,1,49,50,180,52429,0,0,0,0.0,0.0,0.0,60.0,-0.0,71.0,0.0,0.0,0.0,1069,0,1070,0,0,0,1069,0,1080,0,1000,0,656,0,658,0,653,0,677,0.032,1.4536034330083127e+22,2.004,2.73023467606737e+23,62992,16814,-0.0,-140776816.0,-44895981568.0,4595738214400.0,0.0,0.0,50.0,60.0,35,0.0,0.0,10.0,2.0,0.0,0.0,0.0,0.0,0.0,0.0,0.0,0.0,0.0,0.0,0.0,0.0,58.8,33,27,65530,27,65476,745,65476,1,0,4,20529,65476,0,0,30147,60.0,0.0,10.0,10.0,2.0,0.0
2026-02-16T12:35:02,ERR,ERR,ERR,ERR,ERR,ERR,ERR,ERR,ERR,ERR,ERR,ERR,ERR,ERR,ERR,ERR,ERR,ERR,ERR,ERR,ERR,ERR,ERR,ERR,ERR,ERR,ERR,ERR,ERR,ERR,ERR,ERR,ERR,ERR,ERR,ERR,ERR,ERR,ERR,ERR,ERR,ERR,ERR,ERR,ERR,ERR,ERR,ERR,ERR,ERR,ERR,ERR,ERR,ERR,ERR,ERR,ERR,ERR,ERR,ERR,ERR,ERR,ERR,ERR,ERR,ERR,ERR,ERR,ERR,ERR,ERR,ERR,ERR,ERR,ERR,ERR,ERR,ERR,ERR,ERR,ERR,ERR,ERR,ERR,ERR,ERR,ERR,ERR,ERR,ERR,ERR,ERR,ERR,ERR,ERR,ERR,ERR,ERR,ERR,ERR,ERR,ERR,ERR,ERR,ERR,ERR,ERR,ERR,ERR,ERR,ERR,ERR,ERR,ERR,ERR,ERR,ERR,ERR,ERR,ERR,ERR,ERR,ERR,ERR,ERR,0.0,-0.0,2.7420187948523476e+23,0.0,-0.0,0.0,748886805184512.0,-2.9987910286533476e+31,4300,0,8,17169,4300,0.0,41,0.0,0.0,0.0,0.0,0.0,0,0,0,0,0.0,0,0,0,0,0,0,0,0,0,0,0,0,0,0,0,0,0,0,0,0,0,0,0,0,0,0,0,0,0,0,0,0,0,11,35,35,46,65476,367,65476,1,0,4,21553,0.0,0.0,0.0,0.0,0.0,0.0,0.0,0.0,0.0,0.0,0.0,0.0,0.0,0.0,0.0,0.0,0.0,0.0,0.0,0.0,0.0,2.004,2.004,-2.004,-3.697074423243316e+19,0.0,0.0,0.0,0.0,0.0,6599.0,0.0,0.0,0.0,-0.0,0.0,-107616264.0,-0.0,0.0,2.004,2.004,228,0.0,-4.066875947584353e+29,0.0,0.0,0.0,0.0,0.0,0.0,0.0,0,0,0,-619606638592.0,-1831866728448.0,9.569941412876778e+29,0.0,1.0717793142038445e+38,-204.258,1.2235016257138408e+37,-2.5659212514049768e+29,-0.0,-1.6250939995451417e+29,-181.274,586145528283136.0,0.0,0.0,0.0,-0.0,0,1.3516416376850534e+27,228,0.0,456,2.40156025918058e+36,0.0,2114,52429,17109,0,17112,0,17096,0,0,0,101,100,100,-0.0,65.3,-0.0,65.7,2.7302339554914296e+23,65.5,1,49,50,180,52429,0,0,0,0.0,0.0,0.0,60.0,-0.002,71.0,0.0,-0.0,0.0,1069,0,1070,0,0,0,1069,0,1080,0,1000,0,657,0,658,0,653,0,677,0.032,1.4536034330083127e+22,2.004,2.73023467606737e+23,53904,16814,-0.0,-0.0,-0.125,-0.0,0.0,0.0,50.0,60.0,35,0.0,0.0,10.0,2.0,0.0,0.0,0.0,0.0,0.0,0.0,0.0,0.0,0.0,0.0,0.0,0.0,59.2,28,32,65535,27,65476,652,65476,1,0,4,20529,65476,0,0,30147,60.0,0.0,10.0,10.0,2.0,0.0
2026-02-16T12:35:03,ERR,ERR,ERR,ERR,ERR,ERR,ERR,ERR,ERR,ERR,ERR,ERR,ERR,ERR,ERR,ERR,ERR,ERR,ERR,ERR,ERR,ERR,ERR,ERR,ERR,ERR,ERR,ERR,ERR,ERR,ERR,ERR,ERR,ERR,ERR,ERR,ERR,ERR,ERR,ERR,ERR,ERR,ERR,ERR,ERR,ERR,ERR,ERR,ERR,ERR,ERR,ERR,ERR,ERR,ERR,ERR,ERR,ERR,ERR,ERR,ERR,ERR,ERR,ERR,ERR,ERR,ERR,ERR,ERR,ERR,ERR,ERR,ERR,ERR,ERR,ERR,ERR,ERR,ERR,ERR,ERR,ERR,ERR,ERR,ERR,ERR,ERR,ERR,ERR,ERR,ERR,ERR,ERR,ERR,ERR,ERR,ERR,ERR,ERR,ERR,ERR,ERR,ERR,ERR,ERR,ERR,ERR,ERR,ERR,ERR,ERR,ERR,ERR,ERR,ERR,ERR,ERR,ERR,ERR,ERR,ERR,ERR,ERR,ERR,ERR,0.0,-0.0,2.7420187948523476e+23,0.0,-0.0,0.0,748886805184512.0,-2.9987910286533476e+31,4300,0,8,17169,4300,0.0,41,0.0,0.0,0.0,0.0,0.0,0,0,0,0,0.0,0,0,0,0,0,0,0,0,0,0,0,0,0,0,0,0,0,0,0,0,0,0,0,0,0,0,0,0,0,0,0,0,0,11,35,35,46,65476,367,65476,1,0,4,21553,0.0,0.0,0.0,0.0,0.0,0.0,0.0,0.0,0.0,0.0,0.0,0.0,0.0,0.0,0.0,0.0,0.0,0.0,0.0,0.0,0.0,2.004,2.004,-2.004,-3.697074423243316e+19,0.0,0.0,0.0,0.0,0.0,6599.0,0.0,0.0,0.0,-0.0,0.0,-107616264.0,-0.0,0.0,2.004,2.004,228,0.0,-4.066875947584353e+29,0.0,0.0,0.0,0.0,0.0,0.0,0.0,0,0,0,-619606638592.0,-1831866728448.0,9.569941412876778e+29,0.0,1.0717793142038445e+38,-204.258,1.2235016257138408e+37,-2.5659212514049768e+29,-0.0,-1.6250939995451417e+29,-181.274,586145528283136.0,0.0,0.0,0.0,-0.0,0,1.3516416376850534e+27,228,0.0,456,2.40156025918058e+36,0.0,2114,52429,17109,0,17112,0,17096,0,0,0,101,100,100,-0.0,65.3,-0.0,65.7,2.7302339554914296e+23,65.5,1,49,50,180,52429,0,0,0,0.0,0.0,0.0,60.0,-0.002,71.0,0.0,-0.0,0.0,1069,0,1070,0,0,0,1069,0,1080,0,1000,0,657,0,658,0,653,0,677,0.032,1.4536034330083127e+22,2.004,2.73023467606737e+23,53904,16814,-0.0,-0.0,-0.125,-0.0,0.0,0.0,50.0,60.0,35,0.0,0.0,10.0,2.0,0.0,0.0,0.0,0.0,0.0,0.0,0.0,0.0,0.0,0.0,0.0,0.0,59.2,28,32,65535,27,65476,652,65476,1,0,4,20529,65476,0,0,30147,60.0,0.0,10.0,10.0,2.0,0.0
2026-02-16T12:35:04,ERR,ERR,ERR,ERR,ERR,ERR,ERR,ERR,ERR,ERR,ERR,ERR,ERR,ERR,ERR,ERR,ERR,ERR,ERR,ERR,ERR,ERR,ERR,ERR,ERR,ERR,ERR,ERR,ERR,ERR,ERR,ERR,ERR,ERR,ERR,ERR,ERR,ERR,ERR,ERR,ERR,ERR,ERR,ERR,ERR,ERR,ERR,ERR,ERR,ERR,ERR,ERR,ERR,ERR,ERR,ERR,ERR,ERR,ERR,ERR,ERR,ERR,ERR,ERR,ERR,ERR,ERR,ERR,ERR,ERR,ERR,ERR,ERR,ERR,ERR,ERR,ERR,ERR,ERR,ERR,ERR,ERR,ERR,ERR,ERR,ERR,ERR,ERR,ERR,ERR,ERR,ERR,ERR,ERR,ERR,ERR,ERR,ERR,ERR,ERR,ERR,ERR,ERR,ERR,ERR,ERR,ERR,ERR,ERR,ERR,ERR,ERR,ERR,ERR,ERR,ERR,ERR,ERR,ERR,ERR,ERR,ERR,ERR,ERR,ERR,0.0,-0.0,2.7420187948523476e+23,0.0,-0.0,0.0,748886805184512.0,-2.9987910286533476e+31,4300,0,8,17169,4300,0.0,41,0.0,0.0,0.0,0.0,0.0,0,0,0,0,0.0,0,0,0,0,0,0,0,0,0,0,0,0,0,0,0,0,0,0,0,0,0,0,0,0,0,0,0,0,0,0,0,0,0,11,35,35,46,65476,367,65476,1,0,4,21553,0.0,0.0,0.0,0.0,0.0,0.0,0.0,0.0,0.0,0.0,0.0,0.0,0.0,0.0,0.0,0.0,0.0,0.0,0.0,0.0,0.0,2.004,2.004,-2.004,-3.697074423243316e+19,0.0,0.0,0.0,0.0,0.0,6599.0,0.0,0.0,0.0,-0.0,0.0,-107616264.0,-0.0,0.0,2.004,2.004,228,0.0,-4.066875947584353e+29,0.0,0.0,0.0,0.0,0.0,0.0,0.0,0,0,0,-619606638592.0,-1831866728448.0,9.569941412876778e+29,0.0,1.0717793142038445e+38,-204.258,1.2235016257138408e+37,-2.5659212514049768e+29,-0.0,-1.6250939995451417e+29,-181.274,586145528283136.0,0.0,0.0,0.0,-0.0,0,1.3516416376850534e+27,228,0.0,456,2.40156025918058e+36,0.0,2114,52429,17109,0,17112,0,17096,0,0,0,101,100,100,-0.0,65.3,-0.0,65.7,2.7302339554914296e+23,65.5,1,49,50,180,52429,0,0,0,0.0,0.0,0.0,60.0,-0.002,71.0,0.0,-0.0,0.0,1069,0,1070,0,0,0,1069,0,1080,0,1000,0,657,0,658,0,653,0,677,0.032,1.4536034330083127e+22,2.004,2.73023467606737e+23,53904,16814,-0.0,-0.0,-0.125,-0.0,0.0,0.0,50.0,60.0,35,0.0,0.0,10.0,2.0,0.0,0.0,0.0,0.0,0.0,0.0,0.0,0.0,0.0,0.0,0.0,0.0,59.2,25,35,2,27,65476,577,65476,1,0,4,20529,65476,0,0,30147,60.0,0.0,10.0,10.0,2.0,0.0
2026-02-16T12:35:05,ERR,ERR,ERR,ERR,ERR,ERR,ERR,ERR,ERR,ERR,ERR,ERR,ERR,ERR,ERR,ERR,ERR,ERR,ERR,ERR,ERR,ERR,ERR,ERR,ERR,ERR,ERR,ERR,ERR,ERR,ERR,ERR,ERR,ERR,ERR,ERR,ERR,ERR,ERR,ERR,ERR,ERR,ERR,ERR,ERR,ERR,ERR,ERR,ERR,ERR,ERR,ERR,ERR,ERR,ERR,ERR,ERR,ERR,ERR,ERR,ERR,ERR,ERR,ERR,ERR,ERR,ERR,ERR,ERR,ERR,ERR,ERR,ERR,ERR,ERR,ERR,ERR,ERR,ERR,ERR,ERR,ERR,ERR,ERR,ERR,ERR,ERR,ERR,ERR,ERR,ERR,ERR,ERR,ERR,ERR,ERR,ERR,ERR,ERR,ERR,ERR,ERR,ERR,ERR,ERR,ERR,ERR,ERR,ERR,ERR,ERR,ERR,ERR,ERR,ERR,ERR,ERR,ERR,ERR,ERR,ERR,ERR,ERR,ERR,ERR,0.0,-0.0,2.7420187948523476e+23,0.0,-0.0,0.0,748886805184512.0,-2.9987910286533476e+31,4300,0,8,17169,4300,0.0,41,0.0,0.0,0.0,0.0,0.0,0,0,0,0,0.0,0,0,0,0,0,0,0,0,0,0,0,0,0,0,0,0,0,0,0,0,0,0,0,0,0,0,0,0,0,0,0,0,0,11,35,35,46,65476,367,65476,1,0,4,21553,0.0,0.0,0.0,0.0,0.0,0.0,0.0,0.0,0.0,0.0,0.0,0.0,0.0,0.0,0.0,0.0,0.0,0.0,0.0,0.0,0.0,2.004,2.004,-2.004,-3.697074423243316e+19,0.0,0.0,0.0,0.0,0.0,6599.0,0.0,0.0,0.0,-0.0,0.0,-107616264.0,-0.0,0.0,2.004,2.004,228,0.0,-4.066875947584353e+29,0.0,0.0,0.0,0.0,0.0,0.0,0.0,0,0,0,-619606638592.0,-1831866728448.0,9.569941412876778e+29,0.0,1.0717793142038445e+38,-204.258,1.2235016257138408e+37,-2.5659212514049768e+29,-0.0,-1.6250939995451417e+29,-181.274,586145528283136.0,0.0,0.0,0.0,-0.0,0,1.3516416376850534e+27,228,0.0,456,2.40156025918058e+36,0.0,2114,52429,17109,0,17112,0,17096,0,0,0,101,100,100,-0.0,65.3,-0.0,65.7,2.7302339554914296e+23,65.5,1,49,50,180,52429,0,0,0,0.0,0.0,0.0,60.0,-0.002,71.0,0.0,-0.0,0.0,1069,0,1070,0,0,0,1069,0,1080,0,1000,0,657,0,658,0,653,0,677,0.032,1.4536034330083127e+22,2.004,2.73023467606737e+23,53904,16814,-0.0,-0.0,-0.125,-0.0,0.0,0.0,50.0,60.0,35,0.0,0.0,10.0,2.0,0.0,0.0,0.0,0.0,0.0,0.0,0.0,0.0,0.0,0.0,0.0,0.0,59.2,23,36,3,27,65476,523,65476,1,0,4,20529,65476,0,0,30147,60.0,0.0,10.0,10.0,2.0,0.0
2026-02-16T12:35:06,ERR,ERR,ERR,ERR,ERR,ERR,ERR,ERR,ERR,ERR,ERR,ERR,ERR,ERR,ERR,ERR,ERR,ERR,ERR,ERR,ERR,ERR,ERR,ERR,ERR,ERR,ERR,ERR,ERR,ERR,ERR,ERR,ERR,ERR,ERR,ERR,ERR,ERR,ERR,ERR,ERR,ERR,ERR,ERR,ERR,ERR,ERR,ERR,ERR,ERR,ERR,ERR,ERR,ERR,ERR,ERR,ERR,ERR,ERR,ERR,ERR,ERR,ERR,ERR,ERR,ERR,ERR,ERR,ERR,ERR,ERR,ERR,ERR,ERR,ERR,ERR,ERR,ERR,ERR,ERR,ERR,ERR,ERR,ERR,ERR,ERR,ERR,ERR,ERR,ERR,ERR,ERR,ERR,ERR,ERR,ERR,ERR,ERR,ERR,ERR,ERR,ERR,ERR,ERR,ERR,ERR,ERR,ERR,ERR,ERR,ERR,ERR,ERR,ERR,ERR,ERR,ERR,ERR,ERR,ERR,ERR,ERR,ERR,ERR,ERR,0.0,-0.0,2.7420187948523476e+23,0.0,-0.0,0.0,1.7918905987305375e+27,-6.9536997781203e+23,4300,0,8,17169,4300,0.0,41,0.0,0.0,0.0,0.0,-152017230102528.0,0,0,0,0,0.0,0,0,0,0,0,0,0,0,0,0,0,0,0,0,0,0,0,0,0,0,0,0,0,0,0,0,0,0,0,0,0,0,0,11,35,35,46,65476,377,65476,1,0,4,21553,0.0,2.7183305813883192e+23,0.0,0.0,0.0,0.0,0.0,0.0,0.0,0.0,0.0,0.0,0.0,0.0,0.0,0.0,0.0,0.0,0.0,0.0,0.0,2.004,2.004,-2.004,-3.697074423243316e+19,3.69707618246192e+19,0.0,0.0,0.0,0.0,6564.0,-0.0,0.0,0.0,-0.0,0.0,-2.7184507374263774e+23,0.0,0.0,2.004,2.004,227,0.0,-0.0,0.0,0.0,0.0,0.0,0.0,0.0,0.0,0,0,0,-135437.734,-0.0,1.2376290068505098e+32,-0.0,-0.0,0.0,-0.0,-0.002,-0.0,-1.7736468042593873e+29,-193.274,634524039905280.0,0.0,0.0,0.0,-29.531,0,1.3516416376850534e+27,227,0.0,454,2.40156025918058e+36,0.0,2114,52429,17109,0,17112,0,17096,0,0,0,101,100,100,-0.0,65.3,-0.0,65.6,0.0,65.5,1,49,50,180,52429,0,0,0,0.0,0.0,0.0,60.0,-0.0,71.0,0.0,0.0,0.0,1069,0,1069,0,0,0,1069,0,1080,0,1000,0,656,0,658,0,653,0,677,0.032,1.4609821306377965e+22,2.004,2.73023467606737e+23,51344,16814,-0.0,0.0,0.0,-5.1404144820033675e+32,3.211177859867476e+18,-0.0,50.0,60.0,35,0.0,0.0,10.0,2.0,0.0,0.0,0.0,0.0,0.0,0.0,0.0,0.0,0.0,0.0,0.0,0.0,59.2,23,36,3,27,65476,523,65476,1,0,4,20529,65476,0,0,30147,60.0,0.0,10.0,10.0,2.0,0.0
2026-02-16T12:35:07,ERR,ERR,ERR,ERR,ERR,ERR,ERR,ERR,ERR,ERR,ERR,ERR,ERR,ERR,ERR,ERR,ERR,ERR,ERR,ERR,ERR,ERR,ERR,ERR,ERR,ERR,ERR,ERR,ERR,ERR,ERR,ERR,ERR,ERR,ERR,ERR,ERR,ERR,ERR,ERR,ERR,ERR,ERR,ERR,ERR,ERR,ERR,ERR,ERR,ERR,ERR,ERR,ERR,ERR,ERR,ERR,ERR,ERR,ERR,ERR,ERR,ERR,ERR,ERR,ERR,ERR,ERR,ERR,ERR,ERR,ERR,ERR,ERR,ERR,ERR,ERR,ERR,ERR,ERR,ERR,ERR,ERR,ERR,ERR,ERR,ERR,ERR,ERR,ERR,ERR,ERR,ERR,ERR,ERR,ERR,ERR,ERR,ERR,ERR,ERR,ERR,ERR,ERR,ERR,ERR,ERR,ERR,ERR,ERR,ERR,ERR,ERR,ERR,ERR,ERR,ERR,ERR,ERR,ERR,ERR,ERR,ERR,ERR,ERR,ERR,0.0,-0.0,2.7420187948523476e+23,0.0,-0.0,0.0,1.7918905987305375e+27,-6.9536997781203e+23,4300,0,8,17169,4300,0.0,41,0.0,0.0,0.0,0.0,-152017230102528.0,0,0,0,0,0.0,0,0,0,0,0,0,0,0,0,0,0,0,0,0,0,0,0,0,0,0,0,0,0,0,0,0,0,0,0,0,0,0,0,11,35,35,46,65476,377,65476,1,0,4,21553,0.0,2.7183305813883192e+23,0.0,0.0,0.0,0.0,0.0,0.0,0.0,0.0,0.0,0.0,0.0,0.0,0.0,0.0,0.0,0.0,0.0,0.0,0.0,2.004,2.004,-2.004,-3.697074423243316e+19,3.69707618246192e+19,0.0,0.0,0.0,0.0,6564.0,-0.0,0.0,0.0,-0.0,0.0,-2.7184507374263774e+23,0.0,0.0,2.004,2.004,227,0.0,-0.0,0.0,0.0,0.0,0.0,0.0,0.0,0.0,0,0,0,-135437.734,-0.0,1.2376290068505098e+32,-0.0,-0.0,0.0,-0.0,-0.002,-0.0,-1.7736468042593873e+29,-193.274,634524039905280.0,0.0,0.0,0.0,-29.531,0,1.3516416376850534e+27,227,0.0,454,2.40156025918058e+36,0.0,2114,52429,17109,0,17112,0,17096,0,0,0,101,100,100,-0.0,65.3,-0.0,65.6,0.0,65.5,1,49,50,180,52429,0,0,0,0.0,0.0,0.0,60.0,-0.0,71.0,0.0,0.0,0.0,1069,0,1069,0,0,0,1069,0,1080,0,1000,0,656,0,658,0,653,0,677,0.032,1.4609821306377965e+22,2.004,2.73023467606737e+23,51344,16814,-0.0,0.0,0.0,-5.1404144820033675e+32,3.211177859867476e+18,-0.0,50.0,60.0,35,0.0,0.0,10.0,2.0,0.0,0.0,0.0,0.0,0.0,0.0,0.0,0.0,0.0,0.0,0.0,0.0,59.2,22,38,5,27,65476,444,65476,1,0,4,20529,65476,0,0,30147,60.0,0.0,10.0,10.0,2.0,0.0
2026-02-16T12:35:08,ERR,ERR,ERR,ERR,ERR,ERR,ERR,ERR,ERR,ERR,ERR,ERR,ERR,ERR,ERR,ERR,ERR,ERR,ERR,ERR,ERR,ERR,ERR,ERR,ERR,ERR,ERR,ERR,ERR,ERR,ERR,ERR,ERR,ERR,ERR,ERR,ERR,ERR,ERR,ERR,ERR,ERR,ERR,ERR,ERR,ERR,ERR,ERR,ERR,ERR,ERR,ERR,ERR,ERR,ERR,ERR,ERR,ERR,ERR,ERR,ERR,ERR,ERR,ERR,ERR,ERR,ERR,ERR,ERR,ERR,ERR,ERR,ERR,ERR,ERR,ERR,ERR,ERR,ERR,ERR,ERR,ERR,ERR,ERR,ERR,ERR,ERR,ERR,ERR,ERR,ERR,ERR,ERR,ERR,ERR,ERR,ERR,ERR,ERR,ERR,ERR,ERR,ERR,ERR,ERR,ERR,ERR,ERR,ERR,ERR,ERR,ERR,ERR,ERR,ERR,ERR,ERR,ERR,ERR,ERR,ERR,ERR,ERR,ERR,ERR,0.0,-0.0,2.7420187948523476e+23,0.0,-0.0,0.0,1.7918905987305375e+27,-6.9536997781203e+23,4300,0,8,17169,4300,0.0,41,0.0,0.0,0.0,0.0,-152017230102528.0,0,0,0,0,0.0,0,0,0,0,0,0,0,0,0,0,0,0,0,0,0,0,0,0,0,0,0,0,0,0,0,0,0,0,0,0,0,0,0,11,35,35,46,65476,377,65476,1,0,4,21553,0.0,2.7183305813883192e+23,0.0,0.0,0.0,0.0,0.0,0.0,0.0,0.0,0.0,0.0,0.0,0.0,0.0,0.0,0.0,0.0,0.0,0.0,0.0,2.004,2.004,-2.004,-3.697074423243316e+19,3.69707618246192e+19,0.0,0.0,0.0,0.0,6564.0,-0.0,0.0,0.0,-0.0,0.0,-2.7184507374263774e+23,0.0,0.0,2.004,2.004,227,0.0,-0.0,0.0,0.0,0.0,0.0,0.0,0.0,0.0,0,0,0,-135437.734,-0.0,1.2376290068505098e+32,-0.0,-0.0,0.0,-0.0,-0.002,-0.0,-1.7736468042593873e+29,-193.274,634524039905280.0,0.0,0.0,0.0,-29.531,0,1.3516416376850534e+27,227,0.0,454,2.40156025918058e+36,0.0,2114,52429,17109,0,17112,0,17096,0,0,0,101,100,100,-0.0,65.3,-0.0,65.6,0.0,65.5,1,49,50,180,52429,0,0,0,0.0,0.0,0.0,60.0,-0.0,71.0,0.0,0.0,0.0,1069,0,1069,0,0,0,1069,0,1080,0,1000,0,656,0,658,0,653,0,677,0.032,1.4609821306377965e+22,2.004,2.73023467606737e+23,51344,16814,-0.0,0.0,0.0,-5.1404144820033675e+32,3.211177859867476e+18,-0.0,50.0,60.0,35,0.0,0.0,10.0,2.0,0.0,0.0,0.0,0.0,0.0,0.0,0.0,0.0,0.0,0.0,0.0,0.0,58.8,21,38,6,27,65476,443,65476,1,0,4,20529,65476,0,0,30147,60.0,0.0,10.0,10.0,2.0,0.0
2026-02-16T12:35:09,ERR,ERR,ERR,ERR,ERR,ERR,ERR,ERR,ERR,ERR,ERR,ERR,ERR,ERR,ERR,ERR,ERR,ERR,ERR,ERR,ERR,ERR,ERR,ERR,ERR,ERR,ERR,ERR,ERR,ERR,ERR,ERR,ERR,ERR,ERR,ERR,ERR,ERR,ERR,ERR,ERR,ERR,ERR,ERR,ERR,ERR,ERR,ERR,ERR,ERR,ERR,ERR,ERR,ERR,ERR,ERR,ERR,ERR,ERR,ERR,ERR,ERR,ERR,ERR,ERR,ERR,ERR,ERR,ERR,ERR,ERR,ERR,ERR,ERR,ERR,ERR,ERR,ERR,ERR,ERR,ERR,ERR,ERR,ERR,ERR,ERR,ERR,ERR,ERR,ERR,ERR,ERR,ERR,ERR,ERR,ERR,ERR,ERR,ERR,ERR,ERR,ERR,ERR,ERR,ERR,ERR,ERR,ERR,ERR,ERR,ERR,ERR,ERR,ERR,ERR,ERR,ERR,ERR,ERR,ERR,ERR,ERR,ERR,ERR,ERR,0.0,-0.0,2.7420187948523476e+23,0.0,-0.0,0.0,1.7918905987305375e+27,-6.9536997781203e+23,4300,0,8,17169,4300,0.0,41,0.0,0.0,0.0,0.0,-152017230102528.0,0,0,0,0,0.0,0,0,0,0,0,0,0,0,0,0,0,0,0,0,0,0,0,0,0,0,0,0,0,0,0,0,0,0,0,0,0,0,0,11,35,35,46,65476,377,65476,1,0,4,21553,0.0,2.7183305813883192e+23,0.0,0.0,0.0,0.0,0.0,0.0,0.0,0.0,0.0,0.0,0.0,0.0,0.0,0.0,0.0,0.0,0.0,0.0,0.0,2.004,2.004,-2.004,-3.697074423243316e+19,3.69707618246192e+19,0.0,0.0,0.0,0.0,6564.0,-0.0,0.0,0.0,-0.0,0.0,-2.7184507374263774e+23,0.0,0.0,2.004,2.004,227,0.0,-0.0,0.0,0.0,0.0,0.0,0.0,0.0,0.0,0,0,0,-135437.734,-0.0,1.2376290068505098e+32,-0.0,-0.0,0.0,-0.0,-0.002,-0.0,-1.7736468042593873e+29,-193.274,634524039905280.0,0.0,0.0,0.0,-29.531,0,1.3516416376850534e+27,227,0.0,454,2.40156025918058e+36,0.0,2114,52429,17109,0,17112,0,17096,0,0,0,101,100,100,-0.0,65.3,-0.0,65.7,2.7302339554914296e+23,65.5,1,49,50,180,52429,0,0,0,0.0,0.0,0.0,60.0,-0.0,71.0,0.0,-5096.167,0.0,1069,0,1070,0,0,0,1069,0,1080,0,1000,0,657,0,658,0,653,0,677,0.032,1.4536034330083127e+22,2.004,2.73023467606737e+23,43664,16814,-0.0,-828437.438,-0.0,-0.107,-8.780197311518737e+25,-9.361930991828654e+28,50.0,60.0,35,0.0,0.0,10.0,2.0,0.0,0.0,0.0,0.0,0.0,0.0,0.0,0.0,0.0,0.0,0.0,0.0,58.8,21,38,6,27,65476,443,65476,1,0,4,20529,65476,0,0,30147,60.0,0.0,10.0,10.0,2.0,0.0
2026-02-16T12:35:10,ERR,ERR,ERR,ERR,ERR,ERR,ERR,ERR,ERR,ERR,ERR,ERR,ERR,ERR,ERR,ERR,ERR,ERR,ERR,ERR,ERR,ERR,ERR,ERR,ERR,ERR,ERR,ERR,ERR,ERR,ERR,ERR,ERR,ERR,ERR,ERR,ERR,ERR,ERR,ERR,ERR,ERR,ERR,ERR,ERR,ERR,ERR,ERR,ERR,ERR,ERR,ERR,ERR,ERR,ERR,ERR,ERR,ERR,ERR,ERR,ERR,ERR,ERR,ERR,ERR,ERR,ERR,ERR,ERR,ERR,ERR,ERR,ERR,ERR,ERR,ERR,ERR,ERR,ERR,ERR,ERR,ERR,ERR,ERR,ERR,ERR,ERR,ERR,ERR,ERR,ERR,ERR,ERR,ERR,ERR,ERR,ERR,ERR,ERR,ERR,ERR,ERR,ERR,ERR,ERR,ERR,ERR,ERR,ERR,ERR,ERR,ERR,ERR,ERR,ERR,ERR,ERR,ERR,ERR,ERR,ERR,ERR,ERR,ERR,ERR,0.0,-0.0,2.7420187948523476e+23,0.0,-0.0,-8.327242196261794e+27,0.0,0.0,4300,0,8,17169,4300,0.0,41,0.0,0.0,0.0,0.0,-152017230102528.0,0,0,0,0,0.0,0,0,0,0,0,0,0,0,0,0,0,0,0,0,0,0,0,0,0,0,0,0,0,0,0,0,0,0,0,0,0,0,0,12,35,35,46,65476,377,65476,1,0,4,21553,0.0,0.0,0.0,0.0,0.0,0.0,0.0,0.0,0.0,0.0,0.0,0.0,0.0,0.0,0.0,0.0,0.0,0.0,0.0,0.0,0.0,2.004,2.004,-2.004,-2.004,3.69707618246192e+19,0.0,0.0,0.0,0.0,6532.0,-2.004,0.0,0.0,-0.0,0.0,-2.7184507374263774e+23,0.0,0.0,2.004,2.004,227,0.059,0.0,0.0,0.0,0.0,0.0,0.0,0.0,0.0,0,0,0,-9.362751739123377e+28,0.0,-0.0,-0.0,-0.0,-0.0,-0.0,-2.77930720801247e+37,-0.0,-1.9345790093664868e+29,-204.274,687300598038528.0,0.0,0.0,0.0,-0.0,0,1.3516416376850534e+27,226,0.0,452,2.40156025918058e+36,-0.235,2114,52429,17109,0,17112,0,17096,0,0,0,101,100,100,-0.0,65.3,-0.0,65.7,2.7302339554914296e+23,65.5,1,49,50,180,52429,0,0,0,0.0,0.0,0.0,60.0,-0.0,71.0,0.0,-5096.167,0.0,1069,0,1070,0,0,0,1069,0,1080,0,1000,0,657,0,658,0,653,0,677,0.032,1.4536034330083127e+22,2.004,2.73023467606737e+23,43664,16814,-0.0,-828437.438,-0.0,-0.107,-8.780197311518737e+25,-9.361930991828654e+28,50.0,60.0,35,0.0,0.0,10.0,2.0,0.0,0.0,0.0,0.0,0.0,0.0,0.0,0.0,0.0,0.0,0.0,0.0,58.8,21,38,6,27,65476,416,65476,1,0,4,20529,65476,0,0,30147,60.0,0.0,10.0,10.0,2.0,0.0
2026-02-16T12:35:11,ERR,ERR,ERR,ERR,ERR,ERR,ERR,ERR,ERR,ERR,ERR,ERR,ERR,ERR,ERR,ERR,ERR,ERR,ERR,ERR,ERR,ERR,ERR,ERR,ERR,ERR,ERR,ERR,ERR,ERR,ERR,ERR,ERR,ERR,ERR,ERR,ERR,ERR,ERR,ERR,ERR,ERR,ERR,ERR,ERR,ERR,ERR,ERR,ERR,ERR,ERR,ERR,ERR,ERR,ERR,ERR,ERR,ERR,ERR,ERR,ERR,ERR,ERR,ERR,ERR,ERR,ERR,ERR,ERR,ERR,ERR,ERR,ERR,ERR,ERR,ERR,ERR,ERR,ERR,ERR,ERR,ERR,ERR,ERR,ERR,ERR,ERR,ERR,ERR,ERR,ERR,ERR,ERR,ERR,ERR,ERR,ERR,ERR,ERR,ERR,ERR,ERR,ERR,ERR,ERR,ERR,ERR,ERR,ERR,ERR,ERR,ERR,ERR,ERR,ERR,ERR,ERR,ERR,ERR,ERR,ERR,ERR,ERR,ERR,ERR,0.0,-0.0,2.7420187948523476e+23,0.0,-0.0,-8.327242196261794e+27,0.0,0.0,4300,0,8,17169,4300,0.0,41,0.0,0.0,0.0,0.0,-152017230102528.0,0,0,0,0,0.0,0,0,0,0,0,0,0,0,0,0,0,0,0,0,0,0,0,0,0,0,0,0,0,0,0,0,0,0,0,0,0,0,0,12,35,35,46,65476,377,65476,1,0,4,21553,0.0,0.0,0.0,0.0,0.0,0.0,0.0,0.0,0.0,0.0,0.0,0.0,0.0,0.0,0.0,0.0,0.0,0.0,0.0,0.0,0.0,2.004,2.004,-2.004,-2.004,3.69707618246192e+19,0.0,0.0,0.0,0.0,6532.0,-2.004,0.0,0.0,-0.0,0.0,-2.7184507374263774e+23,0.0,0.0,2.004,2.004,227,0.059,0.0,0.0,0.0,0.0,0.0,0.0,0.0,0.0,0,0,0,-9.362751739123377e+28,0.0,-0.0,-0.0,-0.0,-0.0,-0.0,-2.77930720801247e+37,-0.0,-1.9345790093664868e+29,-204.274,687300598038528.0,0.0,0.0,0.0,-0.0,0,1.3516416376850534e+27,226,0.0,452,2.40156025918058e+36,-0.235,2114,52429,17109,0,17112,0,17096,0,0,0,101,100,100,-0.0,65.3,-0.0,65.7,2.7302339554914296e+23,65.5,1,49,50,180,52429,0,0,0,0.0,0.0,0.0,60.0,-0.0,71.0,0.0,-5096.167,0.0,1069,0,1070,0,0,0,1069,0,1080,0,1000,0,657,0,658,0,653,0,677,0.032,1.4536034330083127e+22,2.004,2.73023467606737e+23,43664,16814,-0.0,-828437.438,-0.0,-0.107,-8.780197311518737e+25,-9.361930991828654e+28,50.0,60.0,35,0.0,0.0,10.0,2.0,0.0,0.0,0.0,0.0,0.0,0.0,0.0,0.0,0.0,0.0,0.0,0.0,58.8,21,38,6,27,65476,416,65476,1,0,4,20529,65476,0,0,30147,60.0,0.0,10.0,10.0,2.0,0.0
2026-02-16T12:35:12,ERR,ERR,ERR,ERR,ERR,ERR,ERR,ERR,ERR,ERR,ERR,ERR,ERR,ERR,ERR,ERR,ERR,ERR,ERR,ERR,ERR,ERR,ERR,ERR,ERR,ERR,ERR,ERR,ERR,ERR,ERR,ERR,ERR,ERR,ERR,ERR,ERR,ERR,ERR,ERR,ERR,ERR,ERR,ERR,ERR,ERR,ERR,ERR,ERR,ERR,ERR,ERR,ERR,ERR,ERR,ERR,ERR,ERR,ERR,ERR,ERR,ERR,ERR,ERR,ERR,ERR,ERR,ERR,ERR,ERR,ERR,ERR,ERR,ERR,ERR,ERR,ERR,ERR,ERR,ERR,ERR,ERR,ERR,ERR,ERR,ERR,ERR,ERR,ERR,ERR,ERR,ERR,ERR,ERR,ERR,ERR,ERR,ERR,ERR,ERR,ERR,ERR,ERR,ERR,ERR,ERR,ERR,ERR,ERR,ERR,ERR,ERR,ERR,ERR,ERR,ERR,ERR,ERR,ERR,ERR,ERR,ERR,ERR,ERR,ERR,0.0,-0.0,2.7420187948523476e+23,0.0,-0.0,-8.327242196261794e+27,0.0,0.0,4300,0,8,17169,4300,0.0,41,0.0,0.0,0.0,0.0,-152017230102528.0,0,0,0,0,0.0,0,0,0,0,0,0,0,0,0,0,0,0,0,0,0,0,0,0,0,0,0,0,0,0,0,0,0,0,0,0,0,0,0,12,35,35,46,65476,377,65476,1,0,4,21553,0.0,0.0,0.0,0.0,0.0,0.0,0.0,0.0,0.0,0.0,0.0,0.0,0.0,0.0,0.0,0.0,0.0,0.0,0.0,0.0,0.0,2.004,2.004,-2.004,-2.004,3.69707618246192e+19,0.0,0.0,0.0,0.0,6532.0,-2.004,0.0,0.0,-0.0,0.0,-2.7184507374263774e+23,0.0,0.0,2.004,2.004,227,0.059,0.0,0.0,0.0,0.0,0.0,0.0,0.0,0.0,0,0,0,-9.362751739123377e+28,0.0,-0.0,-0.0,-0.0,-0.0,-0.0,-2.77930720801247e+37,-0.0,-1.9345790093664868e+29,-204.274,687300598038528.0,0.0,0.0,0.0,-0.0,0,1.3516416376850534e+27,226,0.0,452,2.40156025918058e+36,-0.235,2114,52429,17109,0,17112,0,17096,0,0,0,101,100,100,-0.0,65.3,-0.0,65.7,2.7302339554914296e+23,65.5,1,49,50,180,52429,0,0,0,0.0,0.0,0.0,60.0,-0.0,71.0,0.0,-138501.359,0.0,1069,0,1070,0,0,0,1069,0,1080,0,1000,0,657,0,658,0,653,0,677,0.032,1.4683608282672803e+22,2.004,2.73023467606737e+23,37264,16814,-0.0,-1466.042,1.973483034813453e+34,0.498,-0.0,-765.001,50.0,60.0,35,0.0,0.0,10.0,2.0,0.0,0.0,0.0,0.0,0.0,0.0,0.0,0.0,0.0,0.0,0.0,0.0,58.8,23,37,5,27,65476,416,65476,1,0,4,20529,65476,0,0,30147,60.0,0.0,10.0,10.0,2.0,0.0
2026-02-16T12:35:13,ERR,ERR,ERR,ERR,ERR,ERR,ERR,ERR,ERR,ERR,ERR,ERR,ERR,ERR,ERR,ERR,ERR,ERR,ERR,ERR,ERR,ERR,ERR,ERR,ERR,ERR,ERR,ERR,ERR,ERR,ERR,ERR,ERR,ERR,ERR,ERR,ERR,ERR,ERR,ERR,ERR,ERR,ERR,ERR,ERR,ERR,ERR,ERR,ERR,ERR,ERR,ERR,ERR,ERR,ERR,ERR,ERR,ERR,ERR,ERR,ERR,ERR,ERR,ERR,ERR,ERR,ERR,ERR,ERR,ERR,ERR,ERR,ERR,ERR,ERR,ERR,ERR,ERR,ERR,ERR,ERR,ERR,ERR,ERR,ERR,ERR,ERR,ERR,ERR,ERR,ERR,ERR,ERR,ERR,ERR,ERR,ERR,ERR,ERR,ERR,ERR,ERR,ERR,ERR,ERR,ERR,ERR,ERR,ERR,ERR,ERR,ERR,ERR,ERR,ERR,ERR,ERR,ERR,ERR,ERR,ERR,ERR,ERR,ERR,ERR,0.0,-0.0,2.7420187948523476e+23,0.0,-0.0,-8.327242196261794e+27,0.0,0.0,4300,0,8,17169,4300,0.0,41,0.0,0.0,0.0,0.0,-152017230102528.0,0,0,0,0,0.0,0,0,0,0,0,0,0,0,0,0,0,0,0,0,0,0,0,0,0,0,0,0,0,0,0,0,0,0,0,0,0,0,0,12,35,35,46,65476,377,65476,1,0,4,21553,0.0,0.0,0.0,0.0,0.0,0.0,0.0,0.0,0.0,0.0,0.0,0.0,0.0,0.0,0.0,0.0,0.0,0.0,0.0,0.0,0.0,2.004,2.004,-2.004,-2.004,3.69707618246192e+19,0.0,0.0,0.0,0.0,6532.0,-2.004,0.0,0.0,-0.0,0.0,-2.7184507374263774e+23,0.0,0.0,2.004,2.004,227,0.059,0.0,0.0,0.0,0.0,0.0,0.0,0.0,0.0,0,0,0,-9.362751739123377e+28,0.0,-0.0,-0.0,-0.0,-0.0,-0.0,-2.77930720801247e+37,-0.0,-1.9345790093664868e+29,-204.274,687300598038528.0,0.0,0.0,0.0,-0.0,0,1.3516416376850534e+27,226,0.0,452,2.40156025918058e+36,-0.235,2114,52429,17109,0,17112,0,17096,0,0,0,101,100,100,-0.0,65.3,-0.0,65.7,2.7302339554914296e+23,65.5,1,49,50,180,52429,0,0,0,0.0,0.0,0.0,60.0,-0.0,71.0,0.0,-138501.359,0.0,1069,0,1070,0,0,0,1069,0,1080,0,1000,0,657,0,658,0,653,0,677,0.032,1.4683608282672803e+22,2.004,2.73023467606737e+23,37264,16814,-0.0,-1466.042,1.973483034813453e+34,0.498,-0.0,-765.001,50.0,60.0,35,0.0,0.0,10.0,2.0,0.0,0.0,0.0,0.0,0.0,0.0,0.0,0.0,0.0,0.0,0.0,0.0,58.8,23,37,4,27,65476,439,65476,1,0,4,20529,65476,0,0,30147,60.0,0.0,10.0,10.0,2.0,0.0
2026-02-16T12:35:14,ERR,ERR,ERR,ERR,ERR,ERR,ERR,ERR,ERR,ERR,ERR,ERR,ERR,ERR,ERR,ERR,ERR,ERR,ERR,ERR,ERR,ERR,ERR,ERR,ERR,ERR,ERR,ERR,ERR,ERR,ERR,ERR,ERR,ERR,ERR,ERR,ERR,ERR,ERR,ERR,ERR,ERR,ERR,ERR,ERR,ERR,ERR,ERR,ERR,ERR,ERR,ERR,ERR,ERR,ERR,ERR,ERR,ERR,ERR,ERR,ERR,ERR,ERR,ERR,ERR,ERR,ERR,ERR,ERR,ERR,ERR,ERR,ERR,ERR,ERR,ERR,ERR,ERR,ERR,ERR,ERR,ERR,ERR,ERR,ERR,ERR,ERR,ERR,ERR,ERR,ERR,ERR,ERR,ERR,ERR,ERR,ERR,ERR,ERR,ERR,ERR,ERR,ERR,ERR,ERR,ERR,ERR,ERR,ERR,ERR,ERR,ERR,ERR,ERR,ERR,ERR,ERR,ERR,ERR,ERR,ERR,ERR,ERR,ERR,ERR,0.0,-0.0,2.7420187948523476e+23,0.0,-0.0,-8.327242196261794e+27,0.0,0.0,4300,0,8,17169,4300,0.0,41,0.0,0.0,0.0,0.0,-152017230102528.0,0,0,0,0,0.0,0,0,0,0,0,0,0,0,0,0,0,0,0,0,0,0,0,0,0,0,0,0,0,0,0,0,0,0,0,0,0,0,0,12,35,35,46,65476,377,65476,1,0,4,21553,0.0,0.0,0.0,0.0,0.0,0.0,0.0,0.0,0.0,0.0,0.0,0.0,0.0,0.0,0.0,0.0,0.0,0.0,0.0,0.0,0.0,2.004,2.004,-2.004,-2.004,3.69707618246192e+19,0.0,0.0,0.0,0.0,6532.0,-2.004,0.0,0.0,-0.0,0.0,-2.7184507374263774e+23,0.0,0.0,2.004,2.004,227,0.059,0.0,0.0,0.0,0.0,0.0,0.0,0.0,0.0,0,0,0,-9.362751739123377e+28,0.0,-0.0,-0.0,-0.0,-0.0,-0.0,-2.77930720801247e+37,-0.0,-1.9345790093664868e+29,-204.274,687300598038528.0,0.0,0.0,0.0,-0.0,0,1.3516416376850534e+27,226,0.0,452,2.40156025918058e+36,-0.235,2114,52429,17109,0,17112,0,17096,0,0,0,101,100,100,-0.0,65.3,-0.0,65.7,2.7302339554914296e+23,65.5,1,49,50,180,52429,0,0,0,0.0,0.0,0.0,60.0,-0.0,71.0,0.0,-138501.359,0.0,1069,0,1070,0,0,0,1069,0,1080,0,1000,0,657,0,658,0,653,0,677,0.032,1.4683608282672803e+22,2.004,2.73023467606737e+23,37264,16814,-0.0,-1466.042,1.973483034813453e+34,0.498,-0.0,-765.001,50.0,60.0,35,0.0,0.0,10.0,2.0,0.0,0.0,0.0,0.0,0.0,0.0,0.0,0.0,0.0,0.0,0.0,0.0,58.8,23,37,4,27,65476,439,65476,1,0,4,20529,65476,0,0,30147,60.0,0.0,10.0,10.0,2.0,0.0
2026-02-16T12:35:15,ERR,ERR,ERR,ERR,ERR,ERR,ERR,ERR,ERR,ERR,ERR,ERR,ERR,ERR,ERR,ERR,ERR,ERR,ERR,ERR,ERR,ERR,ERR,ERR,ERR,ERR,ERR,ERR,ERR,ERR,ERR,ERR,ERR,ERR,ERR,ERR,ERR,ERR,ERR,ERR,ERR,ERR,ERR,ERR,ERR,ERR,ERR,ERR,ERR,ERR,ERR,ERR,ERR,ERR,ERR,ERR,ERR,ERR,ERR,ERR,ERR,ERR,ERR,ERR,ERR,ERR,ERR,ERR,ERR,ERR,ERR,ERR,ERR,ERR,ERR,ERR,ERR,ERR,ERR,ERR,ERR,ERR,ERR,ERR,ERR,ERR,ERR,ERR,ERR,ERR,ERR,ERR,ERR,ERR,ERR,ERR,ERR,ERR,ERR,ERR,ERR,ERR,ERR,ERR,ERR,ERR,ERR,ERR,ERR,ERR,ERR,ERR,ERR,ERR,ERR,ERR,ERR,ERR,ERR,ERR,ERR,ERR,ERR,ERR,ERR,0.0,-0.0,2.7420187948523476e+23,0.0,-0.0,0.0,133292777472.0,-5.810923349816616e+33,4300,0,8,17169,4300,0.0,41,0.0,0.0,0.0,0.0,0.0,0,0,0,0,0.0,0,0,0,0,0,0,0,0,0,0,0,0,0,0,0,0,0,0,0,0,0,0,0,0,0,0,0,0,0,0,0,0,0,12,35,35,47,65476,379,65476,1,0,4,21553,0.0,0.0,0.0,0.0,0.0,0.0,0.0,0.0,0.0,0.0,0.0,0.0,0.0,0.0,0.0,0.0,0.0,0.0,0.0,0.0,0.0,2.004,2.004,-2.004,-2.004,3.69707618246192e+19,0.0,0.0,0.0,0.0,6536.0,0.0,0.0,0.0,-0.0,0.0,-2.7184507374263774e+23,0.0,0.0,2.004,2.004,227,89220.57,-0.0,0.0,0.0,0.0,0.0,0.0,0.0,0.0,0,0,0,-6.674817883123483e+18,-0.0,4.42690824280562e+33,-92480135168.0,-0.0,-2.4911387560404582e+17,-0.0,10218900480.0,-545961243836416.0,-2.0707524136878786e+29,-217.274,744475202682880.0,0.0,0.0,0.0,5.202316745212803e+33,0,1.3516416376850534e+27,227,0.0,454,0.0,-0.0,2114,52429,17109,0,17112,0,17096,0,0,0,101,100,100,-0.0,65.3,-0.0,65.7,2.7302339554914296e+23,65.5,1,49,50,180,52429,0,0,0,0.0,0.0,0.0,60.0,-0.0,71.0,0.0,-9.732105937226456e+26,0.0,1069,0,1070,0,0,0,1069,0,1080,0,1000,0,657,0,658,0,653,0,677,0.032,1.4536034330083127e+22,2.004,2.73023467606737e+23,53648,16814,-0.0,-9.732105937226456e+26,-0.0,0.0,-380.512,-344134582272.0,50.0,60.0,35,0.0,0.0,10.0,2.0,0.0,0.0,0.0,0.0,0.0,0.0,0.0,0.0,0.0,0.0,0.0,0.0,58.8,25,35,2,27,65476,439,65476,1,0,4,20529,65476,0,0,30147,60.0,0.0,10.0,10.0,2.0,0.0
2026-02-16T12:35:16,ERR,ERR,ERR,ERR,ERR,ERR,ERR,ERR,ERR,ERR,ERR,ERR,ERR,ERR,ERR,ERR,ERR,ERR,ERR,ERR,ERR,ERR,ERR,ERR,ERR,ERR,ERR,ERR,ERR,ERR,ERR,ERR,ERR,ERR,ERR,ERR,ERR,ERR,ERR,ERR,ERR,ERR,ERR,ERR,ERR,ERR,ERR,ERR,ERR,ERR,ERR,ERR,ERR,ERR,ERR,ERR,ERR,ERR,ERR,ERR,ERR,ERR,ERR,ERR,ERR,ERR,ERR,ERR,ERR,ERR,ERR,ERR,ERR,ERR,ERR,ERR,ERR,ERR,ERR,ERR,ERR,ERR,ERR,ERR,ERR,ERR,ERR,ERR,ERR,ERR,ERR,ERR,ERR,ERR,ERR,ERR,ERR,ERR,ERR,ERR,ERR,ERR,ERR,ERR,ERR,ERR,ERR,ERR,ERR,ERR,ERR,ERR,ERR,ERR,ERR,ERR,ERR,ERR,ERR,ERR,ERR,ERR,ERR,ERR,ERR,0.0,-0.0,2.7420187948523476e+23,0.0,-0.0,0.0,133292777472.0,-5.810923349816616e+33,4300,0,8,17169,4300,0.0,41,0.0,0.0,0.0,0.0,0.0,0,0,0,0,0.0,0,0,0,0,0,0,0,0,0,0,0,0,0,0,0,0,0,0,0,0,0,0,0,0,0,0,0,0,0,0,0,0,0,12,35,35,47,65476,379,65476,1,0,4,21553,0.0,0.0,0.0,0.0,0.0,0.0,0.0,0.0,0.0,0.0,0.0,0.0,0.0,0.0,0.0,0.0,0.0,0.0,0.0,0.0,0.0,2.004,2.004,-2.004,-2.004,3.69707618246192e+19,0.0,0.0,0.0,0.0,6536.0,0.0,0.0,0.0,-0.0,0.0,-2.7184507374263774e+23,0.0,0.0,2.004,2.004,227,89220.57,-0.0,0.0,0.0,0.0,0.0,0.0,0.0,0.0,0,0,0,-6.674817883123483e+18,-0.0,4.42690824280562e+33,-92480135168.0,-0.0,-2.4911387560404582e+17,-0.0,10218900480.0,-545961243836416.0,-2.0707524136878786e+29,-217.274,744475202682880.0,0.0,0.0,0.0,5.202316745212803e+33,0,1.3516416376850534e+27,227,0.0,454,0.0,-0.0,2114,52429,17109,0,17112,0,17096,0,0,0,101,100,100,-0.0,65.3,-0.0,65.7,2.7302339554914296e+23,65.5,1,49,50,180,52429,0,0,0,0.0,0.0,0.0,60.0,-0.0,71.0,0.0,-9.732105937226456e+26,0.0,1069,0,1070,0,0,0,1069,0,1080,0,1000,0,657,0,658,0,653,0,677,0.032,1.4536034330083127e+22,2.004,2.73023467606737e+23,53648,16814,-0.0,-9.732105937226456e+26,-0.0,0.0,-380.512,-344134582272.0,50.0,60.0,35,0.0,0.0,10.0,2.0,0.0,0.0,0.0,0.0,0.0,0.0,0.0,0.0,0.0,0.0,0.0,0.0,58.8,26,33,1,27,65476,490,65476,1,0,4,20529,65476,0,0,30147,60.0,0.0,10.0,10.0,2.0,0.0
2026-02-16T12:35:17,ERR,ERR,ERR,ERR,ERR,ERR,ERR,ERR,ERR,ERR,ERR,ERR,ERR,ERR,ERR,ERR,ERR,ERR,ERR,ERR,ERR,ERR,ERR,ERR,ERR,ERR,ERR,ERR,ERR,ERR,ERR,ERR,ERR,ERR,ERR,ERR,ERR,ERR,ERR,ERR,ERR,ERR,ERR,ERR,ERR,ERR,ERR,ERR,ERR,ERR,ERR,ERR,ERR,ERR,ERR,ERR,ERR,ERR,ERR,ERR,ERR,ERR,ERR,ERR,ERR,ERR,ERR,ERR,ERR,ERR,ERR,ERR,ERR,ERR,ERR,ERR,ERR,ERR,ERR,ERR,ERR,ERR,ERR,ERR,ERR,ERR,ERR,ERR,ERR,ERR,ERR,ERR,ERR,ERR,ERR,ERR,ERR,ERR,ERR,ERR,ERR,ERR,ERR,ERR,ERR,ERR,ERR,ERR,ERR,ERR,ERR,ERR,ERR,ERR,ERR,ERR,ERR,ERR,ERR,ERR,ERR,ERR,ERR,ERR,ERR,0.0,-0.0,2.7420187948523476e+23,0.0,-0.0,0.0,133292777472.0,-5.810923349816616e+33,4300,0,8,17169,4300,0.0,41,0.0,0.0,0.0,0.0,0.0,0,0,0,0,0.0,0,0,0,0,0,0,0,0,0,0,0,0,0,0,0,0,0,0,0,0,0,0,0,0,0,0,0,0,0,0,0,0,0,12,35,35,47,65476,379,65476,1,0,4,21553,0.0,0.0,0.0,0.0,0.0,0.0,0.0,0.0,0.0,0.0,0.0,0.0,0.0,0.0,0.0,0.0,0.0,0.0,0.0,0.0,0.0,2.004,2.004,-2.004,-2.004,3.69707618246192e+19,0.0,0.0,0.0,0.0,6536.0,0.0,0.0,0.0,-0.0,0.0,-2.7184507374263774e+23,0.0,0.0,2.004,2.004,227,89220.57,-0.0,0.0,0.0,0.0,0.0,0.0,0.0,0.0,0,0,0,-6.674817883123483e+18,-0.0,4.42690824280562e+33,-92480135168.0,-0.0,-2.4911387560404582e+17,-0.0,10218900480.0,-545961243836416.0,-2.0707524136878786e+29,-217.274,744475202682880.0,0.0,0.0,0.0,5.202316745212803e+33,0,1.3516416376850534e+27,227,0.0,454,0.0,-0.0,2114,52429,17109,0,17112,0,17096,0,0,0,101,100,100,-0.0,65.3,-0.0,65.7,2.7302339554914296e+23,65.5,1,49,50,180,52429,0,0,0,0.0,0.0,0.0,60.0,-0.0,71.0,0.0,-9.732105937226456e+26,0.0,1069,0,1070,0,0,0,1069,0,1080,0,1000,0,657,0,658,0,653,0,677,0.032,1.4536034330083127e+22,2.004,2.73023467606737e+23,53648,16814,-0.0,-9.732105937226456e+26,-0.0,0.0,-380.512,-344134582272.0,50.0,60.0,35,0.0,0.0,10.0,2.0,0.0,0.0,0.0,0.0,0.0,0.0,0.0,0.0,0.0,0.0,0.0,0.0,58.8,26,33,1,27,65476,490,65476,1,0,4,20529,65476,0,0,30147,60.0,0.0,10.0,10.0,2.0,0.0
2026-02-16T12:35:18,ERR,ERR,ERR,ERR,ERR,ERR,ERR,ERR,ERR,ERR,ERR,ERR,ERR,ERR,ERR,ERR,ERR,ERR,ERR,ERR,ERR,ERR,ERR,ERR,ERR,ERR,ERR,ERR,ERR,ERR,ERR,ERR,ERR,ERR,ERR,ERR,ERR,ERR,ERR,ERR,ERR,ERR,ERR,ERR,ERR,ERR,ERR,ERR,ERR,ERR,ERR,ERR,ERR,ERR,ERR,ERR,ERR,ERR,ERR,ERR,ERR,ERR,ERR,ERR,ERR,ERR,ERR,ERR,ERR,ERR,ERR,ERR,ERR,ERR,ERR,ERR,ERR,ERR,ERR,ERR,ERR,ERR,ERR,ERR,ERR,ERR,ERR,ERR,ERR,ERR,ERR,ERR,ERR,ERR,ERR,ERR,ERR,ERR,ERR,ERR,ERR,ERR,ERR,ERR,ERR,ERR,ERR,ERR,ERR,ERR,ERR,ERR,ERR,ERR,ERR,ERR,ERR,ERR,ERR,ERR,ERR,ERR,ERR,ERR,ERR,0.0,-0.0,2.7420187948523476e+23,0.0,-0.0,0.0,133292777472.0,-5.810923349816616e+33,4300,0,8,17169,4300,0.0,41,0.0,0.0,0.0,0.0,0.0,0,0,0,0,0.0,0,0,0,0,0,0,0,0,0,0,0,0,0,0,0,0,0,0,0,0,0,0,0,0,0,0,0,0,0,0,0,0,0,12,35,35,47,65476,379,65476,1,0,4,21553,0.0,0.0,0.0,0.0,0.0,0.0,0.0,0.0,0.0,0.0,0.0,0.0,0.0,0.0,0.0,0.0,0.0,0.0,0.0,0.0,0.0,2.004,2.004,-2.004,-2.004,3.69707618246192e+19,0.0,0.0,0.0,0.0,6536.0,0.0,0.0,0.0,-0.0,0.0,-2.7184507374263774e+23,0.0,0.0,2.004,2.004,227,89220.57,-0.0,0.0,0.0,0.0,0.0,0.0,0.0,0.0,0,0,0,-6.674817883123483e+18,-0.0,4.42690824280562e+33,-92480135168.0,-0.0,-2.4911387560404582e+17,-0.0,10218900480.0,-545961243836416.0,-2.0707524136878786e+29,-217.274,744475202682880.0,0.0,0.0,0.0,5.202316745212803e+33,0,1.3516416376850534e+27,227,0.0,454,0.0,-0.0,2114,52429,17109,0,17112,0,17096,0,0,0,101,100,100,-0.0,65.3,-0.0,65.7,2.7302339554914296e+23,65.5,1,49,50,180,52429,0,0,0,0.0,0.0,0.0,60.0,-0.0,71.0,0.0,-9.732105937226456e+26,0.0,1069,0,1070,0,0,0,1069,0,1080,0,1000,0,657,0,658,0,653,0,677,0.032,1.4536034330083127e+22,2.004,2.73023467606737e+23,53648,16814,-0.0,-9.732105937226456e+26,-0.0,0.0,-380.512,-344134582272.0,50.0,60.0,35,0.0,0.0,10.0,2.0,0.0,0.0,0.0,0.0,0.0,0.0,0.0,0.0,0.0,0.0,0.0,0.0,58.8,28,32,65535,27,65476,490,65476,1,0,4,20529,65476,0,0,30147,60.0,0.0,10.0,10.0,2.0,0.0
2026-02-16T12:35:19,ERR,ERR,ERR,ERR,ERR,ERR,ERR,ERR,ERR,ERR,ERR,ERR,ERR,ERR,ERR,ERR,ERR,ERR,ERR,ERR,ERR,ERR,ERR,ERR,ERR,ERR,ERR,ERR,ERR,ERR,ERR,ERR,ERR,ERR,ERR,ERR,ERR,ERR,ERR,ERR,ERR,ERR,ERR,ERR,ERR,ERR,ERR,ERR,ERR,ERR,ERR,ERR,ERR,ERR,ERR,ERR,ERR,ERR,ERR,ERR,ERR,ERR,ERR,ERR,ERR,ERR,ERR,ERR,ERR,ERR,ERR,ERR,ERR,ERR,ERR,ERR,ERR,ERR,ERR,ERR,ERR,ERR,ERR,ERR,ERR,ERR,ERR,ERR,ERR,ERR,ERR,ERR,ERR,ERR,ERR,ERR,ERR,ERR,ERR,ERR,ERR,ERR,ERR,ERR,ERR,ERR,ERR,ERR,ERR,ERR,ERR,ERR,ERR,ERR,ERR,ERR,ERR,ERR,ERR,ERR,ERR,ERR,ERR,ERR,ERR,0.0,-0.0,2.7420187948523476e+23,0.0,-0.0,0.0,133292777472.0,-5.810923349816616e+33,4300,0,8,17169,4300,0.0,41,0.0,0.0,0.0,0.0,0.0,0,0,0,0,0.0,0,0,0,0,0,0,0,0,0,0,0,0,0,0,0,0,0,0,0,0,0,0,0,0,0,0,0,0,0,0,0,0,0,12,35,35,47,65476,379,65476,1,0,4,21553,0.0,0.0,0.0,0.0,0.0,0.0,0.0,0.0,0.0,0.0,0.0,0.0,0.0,0.0,0.0,0.0,0.0,0.0,0.0,0.0,0.0,2.004,2.004,-2.004,-2.004,3.69707618246192e+19,0.0,0.0,0.0,0.0,6536.0,0.0,0.0,0.0,-0.0,0.0,-2.7184507374263774e+23,0.0,0.0,2.004,2.004,227,89220.57,-0.0,0.0,0.0,0.0,0.0,0.0,0.0,0.0,0,0,0,-6.674817883123483e+18,-0.0,4.42690824280562e+33,-92480135168.0,-0.0,-2.4911387560404582e+17,-0.0,10218900480.0,-545961243836416.0,-2.0707524136878786e+29,-217.274,744475202682880.0,0.0,0.0,0.0,5.202316745212803e+33,0,1.3516416376850534e+27,227,0.0,454,0.0,-0.0,2114,52429,17109,0,17112,52429,17095,0,0,0,101,100,100,-0.0,65.3,-0.0,65.7,2.7302339554914296e+23,65.5,1,49,50,180,52429,52429,0,0,0.0,0.0,0.0,60.0,-0.0,71.0,0.0,-6.959667178648901e+32,0.0,1069,0,1070,0,0,0,1069,0,1080,0,1000,0,657,0,658,0,653,0,677,0.032,1.4609821306377965e+22,2.004,2.73023467606737e+23,51600,16814,-0.0,-6.959667178648901e+32,-4.897301977976796e+30,0.0,1.221,0.0,50.0,60.0,35,0.0,0.0,10.0,2.0,0.0,0.0,0.0,0.0,0.0,0.0,0.0,0.0,0.0,0.0,0.0,0.0,58.8,28,32,65535,27,65476,490,65476,1,0,4,20529,65476,0,0,30147,60.0,0.0,10.0,10.0,2.0,0.0
2026-02-16T12:35:20,ERR,ERR,ERR,ERR,ERR,ERR,ERR,ERR,ERR,ERR,ERR,ERR,ERR,ERR,ERR,ERR,ERR,ERR,ERR,ERR,ERR,ERR,ERR,ERR,ERR,ERR,ERR,ERR,ERR,ERR,ERR,ERR,ERR,ERR,ERR,ERR,ERR,ERR,ERR,ERR,ERR,ERR,ERR,ERR,ERR,ERR,ERR,ERR,ERR,ERR,ERR,ERR,ERR,ERR,ERR,ERR,ERR,ERR,ERR,ERR,ERR,ERR,ERR,ERR,ERR,ERR,ERR,ERR,ERR,ERR,ERR,ERR,ERR,ERR,ERR,ERR,ERR,ERR,ERR,ERR,ERR,ERR,ERR,ERR,ERR,ERR,ERR,ERR,ERR,ERR,ERR,ERR,ERR,ERR,ERR,ERR,ERR,ERR,ERR,ERR,ERR,ERR,ERR,ERR,ERR,ERR,ERR,ERR,ERR,ERR,ERR,ERR,ERR,ERR,ERR,ERR,ERR,ERR,ERR,ERR,ERR,ERR,ERR,ERR,ERR,0.0,-0.0,2.7420187948523476e+23,0.0,-0.0,-2.632724358080132e+34,0.0,0.0,4300,0,8,17169,4300,0.0,41,0.0,0.0,0.0,0.0,0.0,0,0,0,0,0.0,0,0,0,0,0,0,0,0,0,0,0,0,0,0,0,0,0,0,0,0,0,0,0,0,0,0,0,0,0,0,0,0,0,12,35,35,47,65476,382,65476,1,0,4,21553,0.0,0.0,0.0,0.0,0.0,0.0,0.0,0.0,0.0,0.0,0.0,0.0,0.0,0.0,0.0,0.0,0.0,0.0,0.0,0.0,0.0,2.004,2.004,-2.004,-2.004,-0.0,0.0,0.0,0.0,0.0,6503.0,2.423001451359961e+24,0.0,0.0,-0.0,0.0,0.0,0.0,0.0,2.004,2.004,227,0.059,0.0,0.0,0.0,0.0,0.0,0.0,0.0,0.0,0,0,0,-1.2291380321631632e+21,0.0,3.7576011775188253e+27,9.696061747264254e+22,-0.0,-2340.121,2.8722962090068193e+35,3.08385777094899e+32,-6.353779685285912e+22,-2.231684618794978e+29,-228.274,792853714305024.0,0.0,0.0,0.0,722456320.0,0,1.3516416376850534e+27,227,0.0,454,0.0,-0.0,2114,52429,17109,0,17112,52429,17095,0,0,0,101,100,100,-0.0,65.3,-0.0,65.7,2.7302339554914296e+23,65.5,1,49,50,180,52429,52429,0,0,0.0,0.0,0.0,60.0,-0.0,71.0,0.0,-6.959667178648901e+32,0.0,1069,0,1070,0,0,0,1069,0,1080,0,1000,0,657,0,658,0,653,0,677,0.032,1.4609821306377965e+22,2.004,2.73023467606737e+23,51600,16814,-0.0,-6.959667178648901e+32,-4.897301977976796e+30,0.0,1.221,0.0,50.0,60.0,35,0.0,0.0,10.0,2.0,0.0,0.0,0.0,0.0,0.0,0.0,0.0,0.0,0.0,0.0,0.0,0.0,58.8,31,30,65532,27,65476,578,65476,1,0,4,20529,65476,0,0,30147,60.0,0.0,10.0,10.0,2.0,0.0
2026-02-16T12:35:21,ERR,ERR,ERR,ERR,ERR,ERR,ERR,ERR,ERR,ERR,ERR,ERR,ERR,ERR,ERR,ERR,ERR,ERR,ERR,ERR,ERR,ERR,ERR,ERR,ERR,ERR,ERR,ERR,ERR,ERR,ERR,ERR,ERR,ERR,ERR,ERR,ERR,ERR,ERR,ERR,ERR,ERR,ERR,ERR,ERR,ERR,ERR,ERR,ERR,ERR,ERR,ERR,ERR,ERR,ERR,ERR,ERR,ERR,ERR,ERR,ERR,ERR,ERR,ERR,ERR,ERR,ERR,ERR,ERR,ERR,ERR,ERR,ERR,ERR,ERR,ERR,ERR,ERR,ERR,ERR,ERR,ERR,ERR,ERR,ERR,ERR,ERR,ERR,ERR,ERR,ERR,ERR,ERR,ERR,ERR,ERR,ERR,ERR,ERR,ERR,ERR,ERR,ERR,ERR,ERR,ERR,ERR,ERR,ERR,ERR,ERR,ERR,ERR,ERR,ERR,ERR,ERR,ERR,ERR,ERR,ERR,ERR,ERR,ERR,ERR,0.0,-0.0,2.7420187948523476e+23,0.0,-0.0,-2.632724358080132e+34,0.0,0.0,4300,0,8,17169,4300,0.0,41,0.0,0.0,0.0,0.0,0.0,0,0,0,0,0.0,0,0,0,0,0,0,0,0,0,0,0,0,0,0,0,0,0,0,0,0,0,0,0,0,0,0,0,0,0,0,0,0,0,12,35,35,47,65476,382,65476,1,0,4,21553,0.0,0.0,0.0,0.0,0.0,0.0,0.0,0.0,0.0,0.0,0.0,0.0,0.0,0.0,0.0,0.0,0.0,0.0,0.0,0.0,0.0,2.004,2.004,-2.004,-2.004,-0.0,0.0,0.0,0.0,0.0,6503.0,2.423001451359961e+24,0.0,0.0,-0.0,0.0,0.0,0.0,0.0,2.004,2.004,227,0.059,0.0,0.0,0.0,0.0,0.0,0.0,0.0,0.0,0,0,0,-1.2291380321631632e+21,0.0,3.7576011775188253e+27,9.696061747264254e+22,-0.0,-2340.121,2.8722962090068193e+35,3.08385777094899e+32,-6.353779685285912e+22,-2.231684618794978e+29,-228.274,792853714305024.0,0.0,0.0,0.0,722456320.0,0,1.3516416376850534e+27,227,0.0,454,0.0,-0.0,2114,52429,17109,0,17112,52429,17095,0,0,0,101,100,100,-0.0,65.3,-0.0,65.7,2.7302339554914296e+23,65.5,1,49,50,180,52429,52429,0,0,0.0,0.0,0.0,60.0,-0.0,71.0,0.0,-6.959667178648901e+32,0.0,1069,0,1070,0,0,0,1069,0,1080,0,1000,0,657,0,658,0,653,0,677,0.032,1.4609821306377965e+22,2.004,2.73023467606737e+23,51600,16814,-0.0,-6.959667178648901e+32,-4.897301977976796e+30,0.0,1.221,0.0,50.0,60.0,35,0.0,0.0,10.0,2.0,0.0,0.0,0.0,0.0,0.0,0.0,0.0,0.0,0.0,0.0,0.0,0.0,59.2,31,29,65532,27,65476,578,65476,1,0,4,20529,65476,0,0,30147,60.0,0.0,10.0,10.0,2.0,0.0
2026-02-16T12:35:22,ERR,ERR,ERR,ERR,ERR,ERR,ERR,ERR,ERR,ERR,ERR,ERR,ERR,ERR,ERR,ERR,ERR,ERR,ERR,ERR,ERR,ERR,ERR,ERR,ERR,ERR,ERR,ERR,ERR,ERR,ERR,ERR,ERR,ERR,ERR,ERR,ERR,ERR,ERR,ERR,ERR,ERR,ERR,ERR,ERR,ERR,ERR,ERR,ERR,ERR,ERR,ERR,ERR,ERR,ERR,ERR,ERR,ERR,ERR,ERR,ERR,ERR,ERR,ERR,ERR,ERR,ERR,ERR,ERR,ERR,ERR,ERR,ERR,ERR,ERR,ERR,ERR,ERR,ERR,ERR,ERR,ERR,ERR,ERR,ERR,ERR,ERR,ERR,ERR,ERR,ERR,ERR,ERR,ERR,ERR,ERR,ERR,ERR,ERR,ERR,ERR,ERR,ERR,ERR,ERR,ERR,ERR,ERR,ERR,ERR,ERR,ERR,ERR,ERR,ERR,ERR,ERR,ERR,ERR,ERR,ERR,ERR,ERR,ERR,ERR,0.0,-0.0,2.7420187948523476e+23,0.0,-0.0,-2.632724358080132e+34,0.0,0.0,4300,0,8,17169,4300,0.0,41,0.0,0.0,0.0,0.0,0.0,0,0,0,0,0.0,0,0,0,0,0,0,0,0,0,0,0,0,0,0,0,0,0,0,0,0,0,0,0,0,0,0,0,0,0,0,0,0,0,12,35,35,47,65476,382,65476,1,0,4,21553,0.0,0.0,0.0,0.0,0.0,0.0,0.0,0.0,0.0,0.0,0.0,0.0,0.0,0.0,0.0,0.0,0.0,0.0,0.0,0.0,0.0,2.004,2.004,-2.004,-2.004,-0.0,0.0,0.0,0.0,0.0,6503.0,2.423001451359961e+24,0.0,0.0,-0.0,0.0,0.0,0.0,0.0,2.004,2.004,227,0.059,0.0,0.0,0.0,0.0,0.0,0.0,0.0,0.0,0,0,0,-1.2291380321631632e+21,0.0,3.7576011775188253e+27,9.696061747264254e+22,-0.0,-2340.121,2.8722962090068193e+35,3.08385777094899e+32,-6.353779685285912e+22,-2.231684618794978e+29,-228.274,792853714305024.0,0.0,0.0,0.0,722456320.0,0,1.3516416376850534e+27,227,0.0,454,0.0,-0.0,2114,52429,17109,0,17112,0,17096,0,0,0,101,100,100,-0.0,65.3,-0.0,65.7,2.7302339554914296e+23,65.5,1,49,50,180,52429,52429,0,0,0.0,0.0,0.0,60.0,-0.0,71.0,0.0,-10961239.0,0.0,1069,0,1070,0,0,0,1069,0,1080,0,1000,0,657,0,658,0,653,0,677,0.032,1.4536034330083127e+22,2.004,2.73023467606737e+23,47888,16814,-0.0,-7.249848332235371e+28,-0.0,-0.006,-3.101044145938521e+26,-2.491356218008421e+29,50.0,60.0,35,0.0,0.0,10.0,2.0,0.0,0.0,0.0,0.0,0.0,0.0,0.0,0.0,0.0,0.0,0.0,0.0,59.2,31,29,65532,27,65476,578,65476,1,0,4,20529,65476,0,0,30147,60.0,0.0,10.0,10.0,2.0,0.0
2026-02-16T12:35:23,ERR,ERR,ERR,ERR,ERR,ERR,ERR,ERR,ERR,ERR,ERR,ERR,ERR,ERR,ERR,ERR,ERR,ERR,ERR,ERR,ERR,ERR,ERR,ERR,ERR,ERR,ERR,ERR,ERR,ERR,ERR,ERR,ERR,ERR,ERR,ERR,ERR,ERR,ERR,ERR,ERR,ERR,ERR,ERR,ERR,ERR,ERR,ERR,ERR,ERR,ERR,ERR,ERR,ERR,ERR,ERR,ERR,ERR,ERR,ERR,ERR,ERR,ERR,ERR,ERR,ERR,ERR,ERR,ERR,ERR,ERR,ERR,ERR,ERR,ERR,ERR,ERR,ERR,ERR,ERR,ERR,ERR,ERR,ERR,ERR,ERR,ERR,ERR,ERR,ERR,ERR,ERR,ERR,ERR,ERR,ERR,ERR,ERR,ERR,ERR,ERR,ERR,ERR,ERR,ERR,ERR,ERR,ERR,ERR,ERR,ERR,ERR,ERR,ERR,ERR,ERR,ERR,ERR,ERR,ERR,ERR,ERR,ERR,ERR,ERR,0.0,-0.0,2.7420187948523476e+23,0.0,-0.0,-2.632724358080132e+34,0.0,0.0,4300,0,8,17169,4300,0.0,41,0.0,0.0,0.0,0.0,0.0,0,0,0,0,0.0,0,0,0,0,0,0,0,0,0,0,0,0,0,0,0,0,0,0,0,0,0,0,0,0,0,0,0,0,0,0,0,0,0,12,35,35,47,65476,382,65476,1,0,4,21553,0.0,0.0,0.0,0.0,0.0,0.0,0.0,0.0,0.0,0.0,0.0,0.0,0.0,0.0,0.0,0.0,0.0,0.0,0.0,0.0,0.0,2.004,2.004,-2.004,-2.004,-0.0,0.0,0.0,0.0,0.0,6503.0,2.423001451359961e+24,0.0,0.0,-0.0,0.0,0.0,0.0,0.0,2.004,2.004,227,0.059,0.0,0.0,0.0,0.0,0.0,0.0,0.0,0.0,0,0,0,-1.2291380321631632e+21,0.0,3.7576011775188253e+27,9.696061747264254e+22,-0.0,-2340.121,2.8722962090068193e+35,3.08385777094899e+32,-6.353779685285912e+22,-2.231684618794978e+29,-228.274,792853714305024.0,0.0,0.0,0.0,722456320.0,0,1.3516416376850534e+27,227,0.0,454,0.0,-0.0,2114,52429,17109,0,17112,0,17096,0,0,0,101,100,100,-0.0,65.3,-0.0,65.7,2.7302339554914296e+23,65.5,1,49,50,180,52429,52429,0,0,0.0,0.0,0.0,60.0,-0.0,71.0,0.0,-10961239.0,0.0,1069,0,1070,0,0,0,1069,0,1080,0,1000,0,657,0,658,0,653,0,677,0.032,1.4536034330083127e+22,2.004,2.73023467606737e+23,47888,16814,-0.0,-7.249848332235371e+28,-0.0,-0.006,-3.101044145938521e+26,-2.491356218008421e+29,50.0,60.0,35,0.0,0.0,10.0,2.0,0.0,0.0,0.0,0.0,0.0,0.0,0.0,0.0,0.0,0.0,0.0,0.0,58.8,32,28,65531,27,65476,658,65476,1,0,4,20529,65476,0,0,30147,60.0,0.0,10.0,10.0,2.0,0.0
2026-02-16T12:35:24,ERR,ERR,ERR,ERR,ERR,ERR,ERR,ERR,ERR,ERR,ERR,ERR,ERR,ERR,ERR,ERR,ERR,ERR,ERR,ERR,ERR,ERR,ERR,ERR,ERR,ERR,ERR,ERR,ERR,ERR,ERR,ERR,ERR,ERR,ERR,ERR,ERR,ERR,ERR,ERR,ERR,ERR,ERR,ERR,ERR,ERR,ERR,ERR,ERR,ERR,ERR,ERR,ERR,ERR,ERR,ERR,ERR,ERR,ERR,ERR,ERR,ERR,ERR,ERR,ERR,ERR,ERR,ERR,ERR,ERR,ERR,ERR,ERR,ERR,ERR,ERR,ERR,ERR,ERR,ERR,ERR,ERR,ERR,ERR,ERR,ERR,ERR,ERR,ERR,ERR,ERR,ERR,ERR,ERR,ERR,ERR,ERR,ERR,ERR,ERR,ERR,ERR,ERR,ERR,ERR,ERR,ERR,ERR,ERR,ERR,ERR,ERR,ERR,ERR,ERR,ERR,ERR,ERR,ERR,ERR,ERR,ERR,ERR,ERR,ERR,0.0,-0.0,2.7420187948523476e+23,0.0,-0.0,-2.0370972745186015e+38,0.004,0.0,4300,0,8,17169,4300,0.0,41,0.0,0.0,0.0,0.0,0.0,0,0,0,0,0.0,0,0,0,0,0,0,0,0,0,0,0,0,0,0,0,0,0,0,0,0,0,0,0,0,0,0,0,0,0,0,0,0,0,12,35,35,47,65476,385,65476,1,0,4,21553,0.0,-0.0,0.0,0.0,0.0,0.0,0.0,0.0,0.0,0.0,0.0,0.0,0.0,0.0,0.0,0.0,0.0,0.0,0.0,0.0,0.0,2.004,2.004,-2.004,-2.004,-2.004,0.0,0.0,0.0,0.0,6471.0,-0.0,0.0,0.0,-0.0,0.0,0.0,0.0,0.0,2.004,2.004,225,0.059,-0.0,0.0,0.0,0.0,0.0,0.0,0.0,0.0,0,0,0,-6.00264098814745e+26,603664230121472.0,2.6644716274932148e+35,-0.0,-0.0,1743892147863552.0,-0.0,-0.0,0.0,-2.36785802311637e+29,-240.274,845630272438272.0,0.0,0.0,0.0,1041223424.0,0,1.3516416376850534e+27,225,0.0,450,0.0,-0.0,2114,52429,17109,0,17112,0,17096,0,0,0,101,100,100,-0.0,65.3,-0.0,65.7,2.7302339554914296e+23,65.5,1,49,50,180,52429,52429,0,0,0.0,0.0,0.0,60.0,-0.0,71.0,0.0,-10961239.0,0.0,1069,0,1070,0,0,0,1069,0,1080,0,1000,0,657,0,658,0,653,0,677,0.032,1.4536034330083127e+22,2.004,2.73023467606737e+23,47888,16814,-0.0,-7.249848332235371e+28,-0.0,-0.006,-3.101044145938521e+26,-2.491356218008421e+29,50.0,60.0,35,0.0,0.0,10.0,2.0,0.0,0.0,0.0,0.0,0.0,0.0,0.0,0.0,0.0,0.0,0.0,0.0,58.8,32,29,65532,27,65476,696,65476,1,0,4,20529,65476,0,0,30147,60.0,0.0,10.0,10.0,2.0,0.0
2026-02-16T12:35:25,ERR,ERR,ERR,ERR,ERR,ERR,ERR,ERR,ERR,ERR,ERR,ERR,ERR,ERR,ERR,ERR,ERR,ERR,ERR,ERR,ERR,ERR,ERR,ERR,ERR,ERR,ERR,ERR,ERR,ERR,ERR,ERR,ERR,ERR,ERR,ERR,ERR,ERR,ERR,ERR,ERR,ERR,ERR,ERR,ERR,ERR,ERR,ERR,ERR,ERR,ERR,ERR,ERR,ERR,ERR,ERR,ERR,ERR,ERR,ERR,ERR,ERR,ERR,ERR,ERR,ERR,ERR,ERR,ERR,ERR,ERR,ERR,ERR,ERR,ERR,ERR,ERR,ERR,ERR,ERR,ERR,ERR,ERR,ERR,ERR,ERR,ERR,ERR,ERR,ERR,ERR,ERR,ERR,ERR,ERR,ERR,ERR,ERR,ERR,ERR,ERR,ERR,ERR,ERR,ERR,ERR,ERR,ERR,ERR,ERR,ERR,ERR,ERR,ERR,ERR,ERR,ERR,ERR,ERR,ERR,ERR,ERR,ERR,ERR,ERR,0.0,-0.0,2.7420187948523476e+23,0.0,-0.0,-2.0370972745186015e+38,0.004,0.0,4300,0,8,17169,4300,0.0,41,0.0,0.0,0.0,0.0,0.0,0,0,0,0,0.0,0,0,0,0,0,0,0,0,0,0,0,0,0,0,0,0,0,0,0,0,0,0,0,0,0,0,0,0,0,0,0,0,0,12,35,35,47,65476,385,65476,1,0,4,21553,0.0,-0.0,0.0,0.0,0.0,0.0,0.0,0.0,0.0,0.0,0.0,0.0,0.0,0.0,0.0,0.0,0.0,0.0,0.0,0.0,0.0,2.004,2.004,-2.004,-2.004,-2.004,0.0,0.0,0.0,0.0,6471.0,-0.0,0.0,0.0,-0.0,0.0,0.0,0.0,0.0,2.004,2.004,225,0.059,-0.0,0.0,0.0,0.0,0.0,0.0,0.0,0.0,0,0,0,-6.00264098814745e+26,603664230121472.0,2.6644716274932148e+35,-0.0,-0.0,1743892147863552.0,-0.0,-0.0,0.0,-2.36785802311637e+29,-240.274,845630272438272.0,0.0,0.0,0.0,1041223424.0,0,1.3516416376850534e+27,225,0.0,450,0.0,-0.0,2114,52429,17109,0,17112,0,17096,0,0,0,101,100,100,-0.0,65.3,-0.0,65.7,2.7302339554914296e+23,65.5,1,49,50,180,52429,0,0,0,0.0,0.0,0.0,60.0,-0.0,71.0,0.0,-9.732105937226456e+26,0.0,1069,0,1070,0,0,0,1069,0,1080,0,1000,0,657,0,658,0,653,0,676,0.032,1.4536034330083127e+22,0.0,0.0,40208,16814,-0.0,-4.477,44105876.0,-0.0,1.8615025985963723e+36,-0.0,50.0,60.0,35,0.0,0.0,10.0,2.0,0.0,0.0,0.0,0.0,0.0,0.0,0.0,0.0,0.0,0.0,0.0,0.0,58.8,32,29,65532,27,65476,696,65476,1,0,4,20529,65476,0,0,30147,60.0,0.0,10.0,10.0,2.0,0.0
2026-02-16T12:35:26,ERR,ERR,ERR,ERR,ERR,ERR,ERR,ERR,ERR,ERR,ERR,ERR,ERR,ERR,ERR,ERR,ERR,ERR,ERR,ERR,ERR,ERR,ERR,ERR,ERR,ERR,ERR,ERR,ERR,ERR,ERR,ERR,ERR,ERR,ERR,ERR,ERR,ERR,ERR,ERR,ERR,ERR,ERR,ERR,ERR,ERR,ERR,ERR,ERR,ERR,ERR,ERR,ERR,ERR,ERR,ERR,ERR,ERR,ERR,ERR,ERR,ERR,ERR,ERR,ERR,ERR,ERR,ERR,ERR,ERR,ERR,ERR,ERR,ERR,ERR,ERR,ERR,ERR,ERR,ERR,ERR,ERR,ERR,ERR,ERR,ERR,ERR,ERR,ERR,ERR,ERR,ERR,ERR,ERR,ERR,ERR,ERR,ERR,ERR,ERR,ERR,ERR,ERR,ERR,ERR,ERR,ERR,ERR,ERR,ERR,ERR,ERR,ERR,ERR,ERR,ERR,ERR,ERR,ERR,ERR,ERR,ERR,ERR,ERR,ERR,0.0,-0.0,2.7420187948523476e+23,0.0,-0.0,-2.0370972745186015e+38,0.004,0.0,4300,0,8,17169,4300,0.0,41,0.0,0.0,0.0,0.0,0.0,0,0,0,0,0.0,0,0,0,0,0,0,0,0,0,0,0,0,0,0,0,0,0,0,0,0,0,0,0,0,0,0,0,0,0,0,0,0,0,12,35,35,47,65476,385,65476,1,0,4,21553,0.0,-0.0,0.0,0.0,0.0,0.0,0.0,0.0,0.0,0.0,0.0,0.0,0.0,0.0,0.0,0.0,0.0,0.0,0.0,0.0,0.0,2.004,2.004,-2.004,-2.004,-2.004,0.0,0.0,0.0,0.0,6471.0,-0.0,0.0,0.0,-0.0,0.0,0.0,0.0,0.0,2.004,2.004,225,0.059,-0.0,0.0,0.0,0.0,0.0,0.0,0.0,0.0,0,0,0,-6.00264098814745e+26,603664230121472.0,2.6644716274932148e+35,-0.0,-0.0,1743892147863552.0,-0.0,-0.0,0.0,-2.36785802311637e+29,-240.274,845630272438272.0,0.0,0.0,0.0,1041223424.0,0,1.3516416376850534e+27,225,0.0,450,0.0,-0.0,2114,52429,17109,0,17112,0,17096,0,0,0,101,100,100,-0.0,65.3,-0.0,65.7,2.7302339554914296e+23,65.5,1,49,50,180,52429,0,0,0,0.0,0.0,0.0,60.0,-0.0,71.0,0.0,-9.732105937226456e+26,0.0,1069,0,1070,0,0,0,1069,0,1080,0,1000,0,657,0,658,0,653,0,676,0.032,1.4536034330083127e+22,0.0,0.0,40208,16814,-0.0,-4.477,44105876.0,-0.0,1.8615025985963723e+36,-0.0,50.0,60.0,35,0.0,0.0,10.0,2.0,0.0,0.0,0.0,0.0,0.0,0.0,0.0,0.0,0.0,0.0,0.0,0.0,58.8,31,29,65532,27,65476,696,65476,1,0,4,20529,65476,0,0,30147,60.0,0.0,10.0,10.0,2.0,0.0
2026-02-16T12:35:27,ERR,ERR,ERR,ERR,ERR,ERR,ERR,ERR,ERR,ERR,ERR,ERR,ERR,ERR,ERR,ERR,ERR,ERR,ERR,ERR,ERR,ERR,ERR,ERR,ERR,ERR,ERR,ERR,ERR,ERR,ERR,ERR,ERR,ERR,ERR,ERR,ERR,ERR,ERR,ERR,ERR,ERR,ERR,ERR,ERR,ERR,ERR,ERR,ERR,ERR,ERR,ERR,ERR,ERR,ERR,ERR,ERR,ERR,ERR,ERR,ERR,ERR,ERR,ERR,ERR,ERR,ERR,ERR,ERR,ERR,ERR,ERR,ERR,ERR,ERR,ERR,ERR,ERR,ERR,ERR,ERR,ERR,ERR,ERR,ERR,ERR,ERR,ERR,ERR,ERR,ERR,ERR,ERR,ERR,ERR,ERR,ERR,ERR,ERR,ERR,ERR,ERR,ERR,ERR,ERR,ERR,ERR,ERR,ERR,ERR,ERR,ERR,ERR,ERR,ERR,ERR,ERR,ERR,ERR,ERR,ERR,ERR,ERR,ERR,ERR,0.0,-0.0,2.7420187948523476e+23,0.0,-0.0,-2.0370972745186015e+38,0.004,0.0,4300,0,8,17169,4300,0.0,41,0.0,0.0,0.0,0.0,0.0,0,0,0,0,0.0,0,0,0,0,0,0,0,0,0,0,0,0,0,0,0,0,0,0,0,0,0,0,0,0,0,0,0,0,0,0,0,0,0,12,35,35,47,65476,385,65476,1,0,4,21553,0.0,-0.0,0.0,0.0,0.0,0.0,0.0,0.0,0.0,0.0,0.0,0.0,0.0,0.0,0.0,0.0,0.0,0.0,0.0,0.0,0.0,2.004,2.004,-2.004,-2.004,-2.004,0.0,0.0,0.0,0.0,6471.0,-0.0,0.0,0.0,-0.0,0.0,0.0,0.0,0.0,2.004,2.004,225,0.059,-0.0,0.0,0.0,0.0,0.0,0.0,0.0,0.0,0,0,0,-6.00264098814745e+26,603664230121472.0,2.6644716274932148e+35,-0.0,-0.0,1743892147863552.0,-0.0,-0.0,0.0,-2.36785802311637e+29,-240.274,845630272438272.0,0.0,0.0,0.0,1041223424.0,0,1.3516416376850534e+27,225,0.0,450,0.0,-0.0,2114,52429,17109,0,17112,0,17096,0,0,0,101,100,100,-0.0,65.3,-0.0,65.7,2.7302339554914296e+23,65.5,1,49,50,180,52429,0,0,0,0.0,0.0,0.0,60.0,-0.0,71.0,0.0,-9.732105937226456e+26,0.0,1069,0,1070,0,0,0,1069,0,1080,0,1000,0,657,0,658,0,653,0,676,0.032,1.4536034330083127e+22,0.0,0.0,40208,16814,-0.0,-4.477,44105876.0,-0.0,1.8615025985963723e+36,-0.0,50.0,60.0,35,0.0,0.0,10.0,2.0,0.0,0.0,0.0,0.0,0.0,0.0,0.0,0.0,0.0,0.0,0.0,0.0,58.8,31,29,65532,27,65476,696,65476,1,0,4,20529,65476,0,0,30147,60.0,0.0,10.0,10.0,2.0,0.0
2026-02-16T12:35:28,ERR,ERR,ERR,ERR,ERR,ERR,ERR,ERR,ERR,ERR,ERR,ERR,ERR,ERR,ERR,ERR,ERR,ERR,ERR,ERR,ERR,ERR,ERR,ERR,ERR,ERR,ERR,ERR,ERR,ERR,ERR,ERR,ERR,ERR,ERR,ERR,ERR,ERR,ERR,ERR,ERR,ERR,ERR,ERR,ERR,ERR,ERR,ERR,ERR,ERR,ERR,ERR,ERR,ERR,ERR,ERR,ERR,ERR,ERR,ERR,ERR,ERR,ERR,ERR,ERR,ERR,ERR,ERR,ERR,ERR,ERR,ERR,ERR,ERR,ERR,ERR,ERR,ERR,ERR,ERR,ERR,ERR,ERR,ERR,ERR,ERR,ERR,ERR,ERR,ERR,ERR,ERR,ERR,ERR,ERR,ERR,ERR,ERR,ERR,ERR,ERR,ERR,ERR,ERR,ERR,ERR,ERR,ERR,ERR,ERR,ERR,ERR,ERR,ERR,ERR,ERR,ERR,ERR,ERR,ERR,ERR,ERR,ERR,ERR,ERR,0.0,-0.0,2.7420187948523476e+23,0.0,-0.0,-2.0370972745186015e+38,0.004,0.0,4300,0,8,17169,4300,0.0,41,0.0,0.0,0.0,0.0,0.0,0,0,0,0,0.0,0,0,0,0,0,0,0,0,0,0,0,0,0,0,0,0,0,0,0,0,0,0,0,0,0,0,0,0,0,0,0,0,0,12,35,35,47,65476,385,65476,1,0,4,21553,0.0,-0.0,0.0,0.0,0.0,0.0,0.0,0.0,0.0,0.0,0.0,0.0,0.0,0.0,0.0,0.0,0.0,0.0,0.0,0.0,0.0,2.004,2.004,-2.004,-2.004,-2.004,0.0,0.0,0.0,0.0,6471.0,-0.0,0.0,0.0,-0.0,0.0,0.0,0.0,0.0,2.004,2.004,225,0.059,-0.0,0.0,0.0,0.0,0.0,0.0,0.0,0.0,0,0,0,-6.00264098814745e+26,603664230121472.0,2.6644716274932148e+35,-0.0,-0.0,1743892147863552.0,-0.0,-0.0,0.0,-2.36785802311637e+29,-240.274,845630272438272.0,0.0,0.0,0.0,1041223424.0,0,1.3516416376850534e+27,225,0.0,450,0.0,-0.0,2114,52429,17109,0,17112,52429,17095,0,0,0,101,100,100,-0.0,65.3,-0.0,65.7,2.7302339554914296e+23,65.5,1,49,50,180,52429,0,0,0,0.0,0.0,0.0,60.0,-0.0,71.0,0.0,3.464650155583561e+20,0.0,1069,0,1069,0,0,0,1069,0,1080,0,1000,0,657,0,658,0,653,0,676,0.032,1.4609821306377965e+22,0.0,0.0,32144,16814,5.126167076142602e+37,3.464650155583561e+20,-0.0,-0.002,-5.180396555675683e+26,-3.398149185731555e+29,50.0,60.0,35,0.0,0.0,10.0,2.0,0.0,0.0,0.0,0.0,0.0,0.0,0.0,0.0,0.0,0.0,0.0,0.0,58.8,30,31,65534,27,65476,688,65476,1,0,4,20529,65476,0,0,30147,60.0,0.0,10.0,10.0,2.0,0.0
2026-02-16T12:35:29,ERR,ERR,ERR,ERR,ERR,ERR,ERR,ERR,ERR,ERR,ERR,ERR,ERR,ERR,ERR,ERR,ERR,ERR,ERR,ERR,ERR,ERR,ERR,ERR,ERR,ERR,ERR,ERR,ERR,ERR,ERR,ERR,ERR,ERR,ERR,ERR,ERR,ERR,ERR,ERR,ERR,ERR,ERR,ERR,ERR,ERR,ERR,ERR,ERR,ERR,ERR,ERR,ERR,ERR,ERR,ERR,ERR,ERR,ERR,ERR,ERR,ERR,ERR,ERR,ERR,ERR,ERR,ERR,ERR,ERR,ERR,ERR,ERR,ERR,ERR,ERR,ERR,ERR,ERR,ERR,ERR,ERR,ERR,ERR,ERR,ERR,ERR,ERR,ERR,ERR,ERR,ERR,ERR,ERR,ERR,ERR,ERR,ERR,ERR,ERR,ERR,ERR,ERR,ERR,ERR,ERR,ERR,ERR,ERR,ERR,ERR,ERR,ERR,ERR,ERR,ERR,ERR,ERR,ERR,ERR,ERR,ERR,ERR,ERR,ERR,0.0,-0.0,2.7420187948523476e+23,0.0,-0.0,-8598667657216.0,-2.6782558081992986e+32,0.0,4300,0,8,17169,4300,0.0,41,0.0,0.0,0.0,0.0,0.0,0,0,0,0,0.0,0,0,0,0,0,0,0,0,0,0,0,0,0,0,0,0,0,0,0,0,0,0,0,0,0,0,0,0,0,0,0,0,0,12,35,35,47,65476,388,65476,1,0,4,21553,0.0,0.0,0.0,0.0,0.0,0.0,0.0,0.0,0.0,0.0,0.0,0.0,0.0,0.0,0.0,0.0,0.0,0.0,0.0,0.0,0.0,2.004,2.004,-2.004,-2.004,-2.004,0.0,0.0,0.0,0.0,6474.0,0.0,0.0,0.0,-0.0,0.0,0.0,0.0,0.0,2.004,2.004,226,1.9056860945658675e+17,2.3088380788877558e+20,0.0,0.0,0.0,0.0,0.0,0.0,0.0,0,0,0,-718040081629184.0,8667618.0,1.97649229373735e+35,1.2830189196273706e+26,-0.0,2.967214853385669e+31,-0.0,392.547,-6988530176.0,-2.5164108278306155e+29,-252.274,898406830571520.0,0.0,0.0,0.0,4367207572176896.0,0,1.3516416376850534e+27,226,0.0,452,0.0,-0.0,2114,52429,17109,0,17112,52429,17095,0,0,0,101,100,100,-0.0,65.3,-0.0,65.7,2.7302339554914296e+23,65.5,1,49,50,180,52429,0,0,0,0.0,0.0,0.0,60.0,-0.0,71.0,0.0,3.464650155583561e+20,0.0,1069,0,1069,0,0,0,1069,0,1080,0,1000,0,657,0,658,0,653,0,676,0.032,1.4609821306377965e+22,0.0,0.0,32144,16814,5.126167076142602e+37,3.464650155583561e+20,-0.0,-0.002,-5.180396555675683e+26,-3.398149185731555e+29,50.0,60.0,35,0.0,0.0,10.0,2.0,0.0,0.0,0.0,0.0,0.0,0.0,0.0,0.0,0.0,0.0,0.0,0.0,58.8,28,32,65535,27,65476,688,65476,1,0,4,20529,65476,0,0,30147,60.0,0.0,10.0,10.0,2.0,0.0
2026-02-16T12:35:30,ERR,ERR,ERR,ERR,ERR,ERR,ERR,ERR,ERR,ERR,ERR,ERR,ERR,ERR,ERR,ERR,ERR,ERR,ERR,ERR,ERR,ERR,ERR,ERR,ERR,ERR,ERR,ERR,ERR,ERR,ERR,ERR,ERR,ERR,ERR,ERR,ERR,ERR,ERR,ERR,ERR,ERR,ERR,ERR,ERR,ERR,ERR,ERR,ERR,ERR,ERR,ERR,ERR,ERR,ERR,ERR,ERR,ERR,ERR,ERR,ERR,ERR,ERR,ERR,ERR,ERR,ERR,ERR,ERR,ERR,ERR,ERR,ERR,ERR,ERR,ERR,ERR,ERR,ERR,ERR,ERR,ERR,ERR,ERR,ERR,ERR,ERR,ERR,ERR,ERR,ERR,ERR,ERR,ERR,ERR,ERR,ERR,ERR,ERR,ERR,ERR,ERR,ERR,ERR,ERR,ERR,ERR,ERR,ERR,ERR,ERR,ERR,ERR,ERR,ERR,ERR,ERR,ERR,ERR,ERR,ERR,ERR,ERR,ERR,ERR,0.0,-0.0,2.7420187948523476e+23,0.0,-0.0,-8598667657216.0,-2.6782558081992986e+32,0.0,4300,0,8,17169,4300,0.0,41,0.0,0.0,0.0,0.0,0.0,0,0,0,0,0.0,0,0,0,0,0,0,0,0,0,0,0,0,0,0,0,0,0,0,0,0,0,0,0,0,0,0,0,0,0,0,0,0,0,12,35,35,47,65476,388,65476,1,0,4,21553,0.0,0.0,0.0,0.0,0.0,0.0,0.0,0.0,0.0,0.0,0.0,0.0,0.0,0.0,0.0,0.0,0.0,0.0,0.0,0.0,0.0,2.004,2.004,-2.004,-2.004,-2.004,0.0,0.0,0.0,0.0,6474.0,0.0,0.0,0.0,-0.0,0.0,0.0,0.0,0.0,2.004,2.004,226,1.9056860945658675e+17,2.3088380788877558e+20,0.0,0.0,0.0,0.0,0.0,0.0,0.0,0,0,0,-718040081629184.0,8667618.0,1.97649229373735e+35,1.2830189196273706e+26,-0.0,2.967214853385669e+31,-0.0,392.547,-6988530176.0,-2.5164108278306155e+29,-252.274,898406830571520.0,0.0,0.0,0.0,4367207572176896.0,0,1.3516416376850534e+27,226,0.0,452,0.0,-0.0,2114,52429,17109,0,17112,52429,17095,0,0,0,101,100,100,-0.0,65.3,-0.0,65.7,2.7302339554914296e+23,65.5,1,49,50,180,52429,0,0,0,0.0,0.0,0.0,60.0,-0.0,71.0,0.0,3.464650155583561e+20,0.0,1069,0,1069,0,0,0,1069,0,1080,0,1000,0,657,0,658,0,653,0,676,0.032,1.4609821306377965e+22,0.0,0.0,32144,16814,5.126167076142602e+37,3.464650155583561e+20,-0.0,-0.002,-5.180396555675683e+26,-3.398149185731555e+29,50.0,60.0,35,0.0,0.0,10.0,2.0,0.0,0.0,0.0,0.0,0.0,0.0,0.0,0.0,0.0,0.0,0.0,0.0,58.8,28,32,65535,27,65476,688,65476,1,0,4,20529,65476,0,0,30147,60.0,0.0,10.0,10.0,2.0,0.0
2026-02-16T12:35:31,ERR,ERR,ERR,ERR,ERR,ERR,ERR,ERR,ERR,ERR,ERR,ERR,ERR,ERR,ERR,ERR,ERR,ERR,ERR,ERR,ERR,ERR,ERR,ERR,ERR,ERR,ERR,ERR,ERR,ERR,ERR,ERR,ERR,ERR,ERR,ERR,ERR,ERR,ERR,ERR,ERR,ERR,ERR,ERR,ERR,ERR,ERR,ERR,ERR,ERR,ERR,ERR,ERR,ERR,ERR,ERR,ERR,ERR,ERR,ERR,ERR,ERR,ERR,ERR,ERR,ERR,ERR,ERR,ERR,ERR,ERR,ERR,ERR,ERR,ERR,ERR,ERR,ERR,ERR,ERR,ERR,ERR,ERR,ERR,ERR,ERR,ERR,ERR,ERR,ERR,ERR,ERR,ERR,ERR,ERR,ERR,ERR,ERR,ERR,ERR,ERR,ERR,ERR,ERR,ERR,ERR,ERR,ERR,ERR,ERR,ERR,ERR,ERR,ERR,ERR,ERR,ERR,ERR,ERR,ERR,ERR,ERR,ERR,ERR,ERR,0.0,-0.0,2.7420187948523476e+23,0.0,-0.0,-8598667657216.0,-2.6782558081992986e+32,0.0,4300,0,8,17169,4300,0.0,41,0.0,0.0,0.0,0.0,0.0,0,0,0,0,0.0,0,0,0,0,0,0,0,0,0,0,0,0,0,0,0,0,0,0,0,0,0,0,0,0,0,0,0,0,0,0,0,0,0,12,35,35,47,65476,388,65476,1,0,4,21553,0.0,0.0,0.0,0.0,0.0,0.0,0.0,0.0,0.0,0.0,0.0,0.0,0.0,0.0,0.0,0.0,0.0,0.0,0.0,0.0,0.0,2.004,2.004,-2.004,-2.004,-2.004,0.0,0.0,0.0,0.0,6474.0,0.0,0.0,0.0,-0.0,0.0,0.0,0.0,0.0,2.004,2.004,226,1.9056860945658675e+17,2.3088380788877558e+20,0.0,0.0,0.0,0.0,0.0,0.0,0.0,0,0,0,-718040081629184.0,8667618.0,1.97649229373735e+35,1.2830189196273706e+26,-0.0,2.967214853385669e+31,-0.0,392.547,-6988530176.0,-2.5164108278306155e+29,-252.274,898406830571520.0,0.0,0.0,0.0,4367207572176896.0,0,1.3516416376850534e+27,226,0.0,452,0.0,-0.0,2114,52429,17109,0,17112,52429,17095,0,0,0,101,100,100,-0.0,65.3,-0.0,65.7,2.7302339554914296e+23,65.5,1,49,50,180,52429,0,0,0,0.0,0.0,0.0,60.0,-0.0,71.0,0.0,3.464650155583561e+20,0.0,1069,0,1069,0,0,0,1069,0,1080,0,1000,0,657,0,658,0,653,0,676,0.032,1.4609821306377965e+22,0.0,0.0,32144,16814,5.126167076142602e+37,3.464650155583561e+20,-0.0,-0.002,-5.180396555675683e+26,-3.398149185731555e+29,50.0,60.0,35,0.0,0.0,10.0,2.0,0.0,0.0,0.0,0.0,0.0,0.0,0.0,0.0,0.0,0.0,0.0,0.0,58.8,26,34,1,27,65476,644,65476,1,0,4,20529,65476,0,0,30147,60.0,0.0,10.0,10.0,2.0,0.0
2026-02-16T12:35:32,ERR,ERR,ERR,ERR,ERR,ERR,ERR,ERR,ERR,ERR,ERR,ERR,ERR,ERR,ERR,ERR,ERR,ERR,ERR,ERR,ERR,ERR,ERR,ERR,ERR,ERR,ERR,ERR,ERR,ERR,ERR,ERR,ERR,ERR,ERR,ERR,ERR,ERR,ERR,ERR,ERR,ERR,ERR,ERR,ERR,ERR,ERR,ERR,ERR,ERR,ERR,ERR,ERR,ERR,ERR,ERR,ERR,ERR,ERR,ERR,ERR,ERR,ERR,ERR,ERR,ERR,ERR,ERR,ERR,ERR,ERR,ERR,ERR,ERR,ERR,ERR,ERR,ERR,ERR,ERR,ERR,ERR,ERR,ERR,ERR,ERR,ERR,ERR,ERR,ERR,ERR,ERR,ERR,ERR,ERR,ERR,ERR,ERR,ERR,ERR,ERR,ERR,ERR,ERR,ERR,ERR,ERR,ERR,ERR,ERR,ERR,ERR,ERR,ERR,ERR,ERR,ERR,ERR,ERR,ERR,ERR,ERR,ERR,ERR,ERR,0.0,-0.0,2.7420187948523476e+23,0.0,-0.0,-8598667657216.0,-2.6782558081992986e+32,0.0,4300,0,8,17169,4300,0.0,41,0.0,0.0,0.0,0.0,0.0,0,0,0,0,0.0,0,0,0,0,0,0,0,0,0,0,0,0,0,0,0,0,0,0,0,0,0,0,0,0,0,0,0,0,0,0,0,0,0,12,35,35,47,65476,388,65476,1,0,4,21553,0.0,0.0,0.0,0.0,0.0,0.0,0.0,0.0,0.0,0.0,0.0,0.0,0.0,0.0,0.0,0.0,0.0,0.0,0.0,0.0,0.0,2.004,2.004,-2.004,-2.004,-2.004,0.0,0.0,0.0,0.0,6474.0,0.0,0.0,0.0,-0.0,0.0,0.0,0.0,0.0,2.004,2.004,226,1.9056860945658675e+17,2.3088380788877558e+20,0.0,0.0,0.0,0.0,0.0,0.0,0.0,0,0,0,-718040081629184.0,8667618.0,1.97649229373735e+35,1.2830189196273706e+26,-0.0,2.967214853385669e+31,-0.0,392.547,-6988530176.0,-2.5164108278306155e+29,-252.274,898406830571520.0,0.0,0.0,0.0,4367207572176896.0,0,1.3516416376850534e+27,226,0.0,452,0.0,-0.0,2112,52429,17109,0,17112,52429,17095,0,0,0,101,100,100,-0.0,65.3,-0.0,65.7,2.7302339554914296e+23,65.5,1,49,50,180,52429,52429,0,0,0.0,0.0,0.0,60.0,1.4975413183506992e+37,71.0,0.0,0.0,0.0,1069,0,1069,0,0,0,1069,0,1080,0,999,0,657,0,658,0,653,0,676,0.032,1.4609821306377965e+22,0.0,0.0,29072,16814,1.4975413183506992e+37,0.0,0.0,-0.0,3.961565189355701e+32,277351992655872.0,50.0,60.0,35,0.0,0.0,10.0,2.0,0.0,0.0,0.0,0.0,0.0,0.0,0.0,0.0,0.0,0.0,0.0,0.0,58.8,26,34,1,27,65476,644,65476,1,0,4,20529,65476,0,0,30147,60.0,0.0,10.0,10.0,2.0,0.0
2026-02-16T12:35:33,ERR,ERR,ERR,ERR,ERR,ERR,ERR,ERR,ERR,ERR,ERR,ERR,ERR,ERR,ERR,ERR,ERR,ERR,ERR,ERR,ERR,ERR,ERR,ERR,ERR,ERR,ERR,ERR,ERR,ERR,ERR,ERR,ERR,ERR,ERR,ERR,ERR,ERR,ERR,ERR,ERR,ERR,ERR,ERR,ERR,ERR,ERR,ERR,ERR,ERR,ERR,ERR,ERR,ERR,ERR,ERR,ERR,ERR,ERR,ERR,ERR,ERR,ERR,ERR,ERR,ERR,ERR,ERR,ERR,ERR,ERR,ERR,ERR,ERR,ERR,ERR,ERR,ERR,ERR,ERR,ERR,ERR,ERR,ERR,ERR,ERR,ERR,ERR,ERR,ERR,ERR,ERR,ERR,ERR,ERR,ERR,ERR,ERR,ERR,ERR,ERR,ERR,ERR,ERR,ERR,ERR,ERR,ERR,ERR,ERR,ERR,ERR,ERR,ERR,ERR,ERR,ERR,ERR,ERR,ERR,ERR,ERR,ERR,ERR,ERR,0.0,-0.0,2.7420187948523476e+23,0.0,-0.0,-13761361477632.0,-5.381864628403162e+32,0.0,4300,0,8,17169,4300,0.0,41,0.0,0.0,0.0,0.0,0.0,0,0,0,0,0.0,0,0,0,0,0,0,0,0,0,0,0,0,0,0,0,0,0,0,0,0,0,0,0,0,0,0,0,0,0,0,0,0,0,12,35,35,47,65476,390,65476,1,0,4,21553,0.0,0.0,0.0,0.0,0.0,0.0,0.0,0.0,0.0,0.0,0.0,0.0,0.0,0.0,0.0,0.0,0.0,0.0,0.0,0.0,0.0,2.004,2.004,-2.004,-2.004,-3.69707618246192e+19,0.0,0.0,0.0,0.0,6436.0,-564148853276672.0,0.0,0.0,-0.0,0.0,107616272.0,0.0,0.0,2.004,2.004,225,0.0,0.0,0.0,0.0,0.0,0.0,0.0,0.0,0.0,0,0,0,-6025795629744128.0,2.0199308158901944e+18,1.2353076835858438e+34,-0.0,-0.0,1.3989471977932958e+30,-0.0,1.240585007237645e+27,-2.424262684435606e+22,-2.664963632544861e+29,-272.548,951183388704768.0,0.0,0.0,0.0,2048892416.0,0,1.3516416376850534e+27,225,0.0,450,2.40156025918058e+36,-0.235,2112,52429,17109,0,17112,52429,17095,0,0,0,101,100,100,-0.0,65.3,-0.0,65.7,2.7302339554914296e+23,65.5,1,49,50,180,52429,52429,0,0,0.0,0.0,0.0,60.0,1.4975413183506992e+37,71.0,0.0,0.0,0.0,1069,0,1069,0,0,0,1069,0,1080,0,999,0,657,0,658,0,653,0,676,0.032,1.4609821306377965e+22,0.0,0.0,29072,16814,1.4975413183506992e+37,0.0,0.0,-0.0,3.961565189355701e+32,277351992655872.0,50.0,60.0,35,0.0,0.0,10.0,2.0,0.0,0.0,0.0,0.0,0.0,0.0,0.0,0.0,0.0,0.0,0.0,0.0,58.8,25,35,3,27,65476,644,65476,1,0,4,20529,65476,0,0,30147,60.0,0.0,10.0,10.0,2.0,0.0
2026-02-16T12:35:34,ERR,ERR,ERR,ERR,ERR,ERR,ERR,ERR,ERR,ERR,ERR,ERR,ERR,ERR,ERR,ERR,ERR,ERR,ERR,ERR,ERR,ERR,ERR,ERR,ERR,ERR,ERR,ERR,ERR,ERR,ERR,ERR,ERR,ERR,ERR,ERR,ERR,ERR,ERR,ERR,ERR,ERR,ERR,ERR,ERR,ERR,ERR,ERR,ERR,ERR,ERR,ERR,ERR,ERR,ERR,ERR,ERR,ERR,ERR,ERR,ERR,ERR,ERR,ERR,ERR,ERR,ERR,ERR,ERR,ERR,ERR,ERR,ERR,ERR,ERR,ERR,ERR,ERR,ERR,ERR,ERR,ERR,ERR,ERR,ERR,ERR,ERR,ERR,ERR,ERR,ERR,ERR,ERR,ERR,ERR,ERR,ERR,ERR,ERR,ERR,ERR,ERR,ERR,ERR,ERR,ERR,ERR,ERR,ERR,ERR,ERR,ERR,ERR,ERR,ERR,ERR,ERR,ERR,ERR,ERR,ERR,ERR,ERR,ERR,ERR,0.0,-0.0,2.7420187948523476e+23,0.0,-0.0,-13761361477632.0,-5.381864628403162e+32,0.0,4300,0,8,17169,4300,0.0,41,0.0,0.0,0.0,0.0,0.0,0,0,0,0,0.0,0,0,0,0,0,0,0,0,0,0,0,0,0,0,0,0,0,0,0,0,0,0,0,0,0,0,0,0,0,0,0,0,0,12,35,35,47,65476,390,65476,1,0,4,21553,0.0,0.0,0.0,0.0,0.0,0.0,0.0,0.0,0.0,0.0,0.0,0.0,0.0,0.0,0.0,0.0,0.0,0.0,0.0,0.0,0.0,2.004,2.004,-2.004,-2.004,-3.69707618246192e+19,0.0,0.0,0.0,0.0,6436.0,-564148853276672.0,0.0,0.0,-0.0,0.0,107616272.0,0.0,0.0,2.004,2.004,225,0.0,0.0,0.0,0.0,0.0,0.0,0.0,0.0,0.0,0,0,0,-6025795629744128.0,2.0199308158901944e+18,1.2353076835858438e+34,-0.0,-0.0,1.3989471977932958e+30,-0.0,1.240585007237645e+27,-2.424262684435606e+22,-2.664963632544861e+29,-272.548,951183388704768.0,0.0,0.0,0.0,2048892416.0,0,1.3516416376850534e+27,225,0.0,450,2.40156025918058e+36,-0.235,2112,52429,17109,0,17112,52429,17095,0,0,0,101,100,100,-0.0,65.3,-0.0,65.7,2.7302339554914296e+23,65.5,1,49,50,180,52429,52429,0,0,0.0,0.0,0.0,60.0,1.4975413183506992e+37,71.0,0.0,0.0,0.0,1069,0,1069,0,0,0,1069,0,1080,0,999,0,657,0,658,0,653,0,676,0.032,1.4609821306377965e+22,0.0,0.0,29072,16814,1.4975413183506992e+37,0.0,0.0,-0.0,3.961565189355701e+32,277351992655872.0,50.0,60.0,35,0.0,0.0,10.0,2.0,0.0,0.0,0.0,0.0,0.0,0.0,0.0,0.0,0.0,0.0,0.0,0.0,58.8,24,36,4,27,65476,598,300,1,0,8,20529,65476,0,0,30147,60.0,0.0,10.0,10.0,2.0,0.0
2026-02-16T12:35:35,ERR,ERR,ERR,ERR,ERR,ERR,ERR,ERR,ERR,ERR,ERR,ERR,ERR,ERR,ERR,ERR,ERR,ERR,ERR,ERR,ERR,ERR,ERR,ERR,ERR,ERR,ERR,ERR,ERR,ERR,ERR,ERR,ERR,ERR,ERR,ERR,ERR,ERR,ERR,ERR,ERR,ERR,ERR,ERR,ERR,ERR,ERR,ERR,ERR,ERR,ERR,ERR,ERR,ERR,ERR,ERR,ERR,ERR,ERR,ERR,ERR,ERR,ERR,ERR,ERR,ERR,ERR,ERR,ERR,ERR,ERR,ERR,ERR,ERR,ERR,ERR,ERR,ERR,ERR,ERR,ERR,ERR,ERR,ERR,ERR,ERR,ERR,ERR,ERR,ERR,ERR,ERR,ERR,ERR,ERR,ERR,ERR,ERR,ERR,ERR,ERR,ERR,ERR,ERR,ERR,ERR,ERR,ERR,ERR,ERR,ERR,ERR,ERR,ERR,ERR,ERR,ERR,ERR,ERR,ERR,ERR,ERR,ERR,ERR,ERR,0.0,-0.0,2.7420187948523476e+23,0.0,-0.0,-13761361477632.0,-5.381864628403162e+32,0.0,4300,0,8,17169,4300,0.0,41,0.0,0.0,0.0,0.0,0.0,0,0,0,0,0.0,0,0,0,0,0,0,0,0,0,0,0,0,0,0,0,0,0,0,0,0,0,0,0,0,0,0,0,0,0,0,0,0,0,12,35,35,47,65476,390,65476,1,0,4,21553,0.0,0.0,0.0,0.0,0.0,0.0,0.0,0.0,0.0,0.0,0.0,0.0,0.0,0.0,0.0,0.0,0.0,0.0,0.0,0.0,0.0,2.004,2.004,-2.004,-2.004,-3.69707618246192e+19,0.0,0.0,0.0,0.0,6436.0,-564148853276672.0,0.0,0.0,-0.0,0.0,107616272.0,0.0,0.0,2.004,2.004,225,0.0,0.0,0.0,0.0,0.0,0.0,0.0,0.0,0.0,0,0,0,-6025795629744128.0,2.0199308158901944e+18,1.2353076835858438e+34,-0.0,-0.0,1.3989471977932958e+30,-0.0,1.240585007237645e+27,-2.424262684435606e+22,-2.664963632544861e+29,-272.548,951183388704768.0,0.0,0.0,0.0,2048892416.0,0,1.3516416376850534e+27,225,0.0,450,2.40156025918058e+36,-0.235,2112,52429,17109,0,17112,52429,17095,0,0,0,101,100,100,-0.0,65.3,-0.0,65.7,2.7302339554914296e+23,65.5,1,49,50,180,52429,52429,0,0,0.0,0.0,0.0,60.0,-0.0,71.0,0.0,0.0,0.0,1069,0,1069,0,0,0,1069,0,1080,0,999,0,657,0,658,0,653,0,676,0.032,1.4609821306377965e+22,0.0,0.0,26128,16814,-0.0,0.0,1735034448904192.0,0.0,-0.0,7.551682128715694e+37,50.0,60.0,35,0.0,0.0,10.0,2.0,0.0,0.0,0.0,0.0,0.0,0.0,0.0,0.0,0.0,0.0,0.0,0.0,58.8,24,36,4,27,65476,598,300,1,0,8,20529,65476,0,0,30147,60.0,0.0,10.0,10.0,2.0,0.0
2026-02-16T12:35:36,ERR,ERR,ERR,ERR,ERR,ERR,ERR,ERR,ERR,ERR,ERR,ERR,ERR,ERR,ERR,ERR,ERR,ERR,ERR,ERR,ERR,ERR,ERR,ERR,ERR,ERR,ERR,ERR,ERR,ERR,ERR,ERR,ERR,ERR,ERR,ERR,ERR,ERR,ERR,ERR,ERR,ERR,ERR,ERR,ERR,ERR,ERR,ERR,ERR,ERR,ERR,ERR,ERR,ERR,ERR,ERR,ERR,ERR,ERR,ERR,ERR,ERR,ERR,ERR,ERR,ERR,ERR,ERR,ERR,ERR,ERR,ERR,ERR,ERR,ERR,ERR,ERR,ERR,ERR,ERR,ERR,ERR,ERR,ERR,ERR,ERR,ERR,ERR,ERR,ERR,ERR,ERR,ERR,ERR,ERR,ERR,ERR,ERR,ERR,ERR,ERR,ERR,ERR,ERR,ERR,ERR,ERR,ERR,ERR,ERR,ERR,ERR,ERR,ERR,ERR,ERR,ERR,ERR,ERR,ERR,ERR,ERR,ERR,ERR,ERR,0.0,-0.0,2.7420187948523476e+23,0.0,-0.0,-13761361477632.0,-5.381864628403162e+32,0.0,4300,0,8,17169,4300,0.0,41,0.0,0.0,0.0,0.0,0.0,0,0,0,0,0.0,0,0,0,0,0,0,0,0,0,0,0,0,0,0,0,0,0,0,0,0,0,0,0,0,0,0,0,0,0,0,0,0,0,12,35,35,47,65476,390,65476,1,0,4,21553,0.0,0.0,0.0,0.0,0.0,0.0,0.0,0.0,0.0,0.0,0.0,0.0,0.0,0.0,0.0,0.0,0.0,0.0,0.0,0.0,0.0,2.004,2.004,-2.004,-2.004,-3.69707618246192e+19,0.0,0.0,0.0,0.0,6436.0,-564148853276672.0,0.0,0.0,-0.0,0.0,107616272.0,0.0,0.0,2.004,2.004,225,0.0,0.0,0.0,0.0,0.0,0.0,0.0,0.0,0.0,0,0,0,-6025795629744128.0,2.0199308158901944e+18,1.2353076835858438e+34,-0.0,-0.0,1.3989471977932958e+30,-0.0,1.240585007237645e+27,-2.424262684435606e+22,-2.664963632544861e+29,-272.548,951183388704768.0,0.0,0.0,0.0,2048892416.0,0,1.3516416376850534e+27,225,0.0,450,2.40156025918058e+36,-0.235,2112,52429,17109,0,17112,52429,17095,0,0,0,101,100,100,-0.0,65.3,-0.0,65.7,2.7302339554914296e+23,65.5,1,49,50,180,52429,52429,0,0,0.0,0.0,0.0,60.0,-0.0,71.0,0.0,0.0,0.0,1069,0,1069,0,0,0,1069,0,1080,0,999,0,657,0,658,0,653,0,676,0.032,1.4609821306377965e+22,0.0,0.0,26128,16814,-0.0,0.0,1735034448904192.0,0.0,-0.0,7.551682128715694e+37,50.0,60.0,35,0.0,0.0,10.0,2.0,0.0,0.0,0.0,0.0,0.0,0.0,0.0,0.0,0.0,0.0,0.0,0.0,58.8,23,37,4,27,65476,516,300,0,0,8,20529,65476,0,0,30147,60.0,0.0,10.0,10.0,2.0,0.0
2026-02-16T12:35:37,ERR,ERR,ERR,ERR,ERR,ERR,ERR,ERR,ERR,ERR,ERR,ERR,ERR,ERR,ERR,ERR,ERR,ERR,ERR,ERR,ERR,ERR,ERR,ERR,ERR,ERR,ERR,ERR,ERR,ERR,ERR,ERR,ERR,ERR,ERR,ERR,ERR,ERR,ERR,ERR,ERR,ERR,ERR,ERR,ERR,ERR,ERR,ERR,ERR,ERR,ERR,ERR,ERR,ERR,ERR,ERR,ERR,ERR,ERR,ERR,ERR,ERR,ERR,ERR,ERR,ERR,ERR,ERR,ERR,ERR,ERR,ERR,ERR,ERR,ERR,ERR,ERR,ERR,ERR,ERR,ERR,ERR,ERR,ERR,ERR,ERR,ERR,ERR,ERR,ERR,ERR,ERR,ERR,ERR,ERR,ERR,ERR,ERR,ERR,ERR,ERR,ERR,ERR,ERR,ERR,ERR,ERR,ERR,ERR,ERR,ERR,ERR,ERR,ERR,ERR,ERR,ERR,ERR,ERR,ERR,ERR,ERR,ERR,ERR,ERR,0.0,-0.0,2.7420187948523476e+23,0.0,-0.0,-13761361477632.0,-5.381864628403162e+32,0.0,4300,0,8,17169,4300,0.0,41,0.0,0.0,0.0,0.0,0.0,0,0,0,0,0.0,0,0,0,0,0,0,0,0,0,0,0,0,0,0,0,0,0,0,0,0,0,0,0,0,0,0,0,0,0,0,0,0,0,12,35,35,47,65476,390,65476,1,0,4,21553,0.0,0.0,0.0,0.0,0.0,0.0,0.0,0.0,0.0,0.0,0.0,0.0,0.0,0.0,0.0,0.0,0.0,0.0,0.0,0.0,0.0,2.004,2.004,-2.004,-2.004,-3.69707618246192e+19,0.0,0.0,0.0,0.0,6436.0,-564148853276672.0,0.0,0.0,-0.0,0.0,107616272.0,0.0,0.0,2.004,2.004,225,0.0,0.0,0.0,0.0,0.0,0.0,0.0,0.0,0.0,0,0,0,-6025795629744128.0,2.0199308158901944e+18,1.2353076835858438e+34,-0.0,-0.0,1.3989471977932958e+30,-0.0,1.240585007237645e+27,-2.424262684435606e+22,-2.664963632544861e+29,-272.548,951183388704768.0,0.0,0.0,0.0,2048892416.0,0,1.3516416376850534e+27,225,0.0,450,2.40156025918058e+36,-0.235,2112,52429,17109,0,17112,52429,17095,0,0,0,101,100,100,-0.0,65.3,-0.0,65.7,2.7302339554914296e+23,65.5,1,49,50,180,52429,52429,0,0,0.0,0.0,0.0,60.0,-0.0,71.0,0.0,0.0,0.0,1069,0,1069,0,0,0,1069,0,1080,0,999,0,657,0,658,0,653,0,676,0.032,1.4609821306377965e+22,0.0,0.0,26128,16814,-0.0,0.0,1735034448904192.0,0.0,-0.0,7.551682128715694e+37,50.0,60.0,35,0.0,0.0,10.0,2.0,0.0,0.0,0.0,0.0,0.0,0.0,0.0,0.0,0.0,0.0,0.0,0.0,58.8,24,36,3,27,65476,358,65476,0,0,2,20529,65476,0,0,30147,60.0,0.0,10.0,10.0,2.0,0.0
2026-02-16T12:35:38,ERR,ERR,ERR,ERR,ERR,ERR,ERR,ERR,ERR,ERR,ERR,ERR,ERR,ERR,ERR,ERR,ERR,ERR,ERR,ERR,ERR,ERR,ERR,ERR,ERR,ERR,ERR,ERR,ERR,ERR,ERR,ERR,ERR,ERR,ERR,ERR,ERR,ERR,ERR,ERR,ERR,ERR,ERR,ERR,ERR,ERR,ERR,ERR,ERR,ERR,ERR,ERR,ERR,ERR,ERR,ERR,ERR,ERR,ERR,ERR,ERR,ERR,ERR,ERR,ERR,ERR,ERR,ERR,ERR,ERR,ERR,ERR,ERR,ERR,ERR,ERR,ERR,ERR,ERR,ERR,ERR,ERR,ERR,ERR,ERR,ERR,ERR,ERR,ERR,ERR,ERR,ERR,ERR,ERR,ERR,ERR,ERR,ERR,ERR,ERR,ERR,ERR,ERR,ERR,ERR,ERR,ERR,ERR,ERR,ERR,ERR,ERR,ERR,ERR,ERR,ERR,ERR,ERR,ERR,ERR,ERR,ERR,ERR,ERR,ERR,0.0,-0.0,2.7420187948523476e+23,0.0,-0.0,-2.916843072467763e+16,-1.838018325415399e+38,0.0,4300,0,8,17169,4300,0.0,41,0.0,0.0,0.0,0.0,0.0,0,0,0,0,0.0,0,0,0,0,0,0,0,0,0,0,0,0,0,0,0,0,0,0,0,0,0,0,0,0,0,0,0,0,0,0,0,0,0,13,35,35,47,65476,392,65476,1,0,4,21553,0.0,-0.0,0.0,0.0,0.0,0.0,0.0,0.0,0.0,0.0,0.0,0.0,0.0,0.0,0.0,0.0,0.0,0.0,0.0,0.0,0.0,2.004,2.004,-2.004,-2.004,-3.69707618246192e+19,0.0,0.0,0.0,0.0,6462.0,0.0,0.0,0.0,-0.0,0.0,107616272.0,0.0,0.0,2.004,2.004,226,-2.3088280513417105e+20,-0.059,0.0,0.0,0.0,0.0,0.0,0.0,0.0,0,0,0,-246580229701632.0,-1.6267260494016215e+30,1.2024283922832367e+35,0.0,-0.0,-28214238.0,2980.378,-8736769835008.0,27954120704.0,-2.8135164372591068e+29,-296.548,1003959946838016.0,0.0,0.0,0.0,-0.0,0,1.3516416376850534e+27,226,0.0,452,0.0,-0.0,2112,52429,17109,0,17112,52429,17095,0,0,0,101,100,100,-0.0,65.3,-0.0,65.7,2.7302339554914296e+23,65.5,1,49,50,180,52429,52429,0,0,0.0,0.0,0.0,60.0,-0.0,71.0,0.0,1.5369548572828753e+38,0.0,1069,0,1069,0,0,0,1069,0,1080,0,999,0,657,0,658,0,653,0,676,0.032,1.4609821306377965e+22,0.0,0.0,38288,16814,4.28385216916437e+36,1.5369548572828753e+38,-0.0,-0.0,-1.3300041400922931e+17,-0.0,50.0,60.0,35,0.0,0.0,10.0,2.0,0.0,0.0,0.0,0.0,0.0,0.0,0.0,0.0,0.0,0.0,0.0,0.0,58.8,24,36,3,27,65476,358,65476,0,0,2,20529,65476,0,0,30147,60.0,0.0,10.0,10.0,2.0,0.0
2026-02-16T12:35:39,ERR,ERR,ERR,ERR,ERR,ERR,ERR,ERR,ERR,ERR,ERR,ERR,ERR,ERR,ERR,ERR,ERR,ERR,ERR,ERR,ERR,ERR,ERR,ERR,ERR,ERR,ERR,ERR,ERR,ERR,ERR,ERR,ERR,ERR,ERR,ERR,ERR,ERR,ERR,ERR,ERR,ERR,ERR,ERR,ERR,ERR,ERR,ERR,ERR,ERR,ERR,ERR,ERR,ERR,ERR,ERR,ERR,ERR,ERR,ERR,ERR,ERR,ERR,ERR,ERR,ERR,ERR,ERR,ERR,ERR,ERR,ERR,ERR,ERR,ERR,ERR,ERR,ERR,ERR,ERR,ERR,ERR,ERR,ERR,ERR,ERR,ERR,ERR,ERR,ERR,ERR,ERR,ERR,ERR,ERR,ERR,ERR,ERR,ERR,ERR,ERR,ERR,ERR,ERR,ERR,ERR,ERR,ERR,ERR,ERR,ERR,ERR,ERR,ERR,ERR,ERR,ERR,ERR,ERR,ERR,ERR,ERR,ERR,ERR,ERR,0.0,-0.0,2.7420187948523476e+23,0.0,-0.0,-2.916843072467763e+16,-1.838018325415399e+38,0.0,4300,0,8,17169,4300,0.0,41,0.0,0.0,0.0,0.0,0.0,0,0,0,0,0.0,0,0,0,0,0,0,0,0,0,0,0,0,0,0,0,0,0,0,0,0,0,0,0,0,0,0,0,0,0,0,0,0,0,13,35,35,47,65476,392,65476,1,0,4,21553,0.0,-0.0,0.0,0.0,0.0,0.0,0.0,0.0,0.0,0.0,0.0,0.0,0.0,0.0,0.0,0.0,0.0,0.0,0.0,0.0,0.0,2.004,2.004,-2.004,-2.004,-3.69707618246192e+19,0.0,0.0,0.0,0.0,6462.0,0.0,0.0,0.0,-0.0,0.0,107616272.0,0.0,0.0,2.004,2.004,226,-2.3088280513417105e+20,-0.059,0.0,0.0,0.0,0.0,0.0,0.0,0.0,0,0,0,-246580229701632.0,-1.6267260494016215e+30,1.2024283922832367e+35,0.0,-0.0,-28214238.0,2980.378,-8736769835008.0,27954120704.0,-2.8135164372591068e+29,-296.548,1003959946838016.0,0.0,0.0,0.0,-0.0,0,1.3516416376850534e+27,226,0.0,452,0.0,-0.0,2112,52429,17109,0,17112,52429,17095,0,0,0,101,100,100,-0.0,65.3,-0.0,65.7,2.7302339554914296e+23,65.5,1,49,50,180,52429,52429,0,0,0.0,0.0,0.0,60.0,-0.0,71.0,0.0,1.5369548572828753e+38,0.0,1069,0,1069,0,0,0,1069,0,1080,0,999,0,657,0,658,0,653,0,676,0.032,1.4609821306377965e+22,0.0,0.0,38288,16814,4.28385216916437e+36,1.5369548572828753e+38,-0.0,-0.0,-1.3300041400922931e+17,-0.0,50.0,60.0,35,0.0,0.0,10.0,2.0,0.0,0.0,0.0,0.0,0.0,0.0,0.0,0.0,0.0,0.0,0.0,0.0,58.8,25,35,2,27,65476,278,65476,0,0,4,20529,65476,0,0,30147,60.0,0.0,10.0,10.0,2.0,0.0
2026-02-16T12:35:40,ERR,ERR,ERR,ERR,ERR,ERR,ERR,ERR,ERR,ERR,ERR,ERR,ERR,ERR,ERR,ERR,ERR,ERR,ERR,ERR,ERR,ERR,ERR,ERR,ERR,ERR,ERR,ERR,ERR,ERR,ERR,ERR,ERR,ERR,ERR,ERR,ERR,ERR,ERR,ERR,ERR,ERR,ERR,ERR,ERR,ERR,ERR,ERR,ERR,ERR,ERR,ERR,ERR,ERR,ERR,ERR,ERR,ERR,ERR,ERR,ERR,ERR,ERR,ERR,ERR,ERR,ERR,ERR,ERR,ERR,ERR,ERR,ERR,ERR,ERR,ERR,ERR,ERR,ERR,ERR,ERR,ERR,ERR,ERR,ERR,ERR,ERR,ERR,ERR,ERR,ERR,ERR,ERR,ERR,ERR,ERR,ERR,ERR,ERR,ERR,ERR,ERR,ERR,ERR,ERR,ERR,ERR,ERR,ERR,ERR,ERR,ERR,ERR,ERR,ERR,ERR,ERR,ERR,ERR,ERR,ERR,ERR,ERR,ERR,ERR,0.0,-0.0,2.7420187948523476e+23,0.0,-0.0,-2.916843072467763e+16,-1.838018325415399e+38,0.0,4300,0,8,17169,4300,0.0,41,0.0,0.0,0.0,0.0,0.0,0,0,0,0,0.0,0,0,0,0,0,0,0,0,0,0,0,0,0,0,0,0,0,0,0,0,0,0,0,0,0,0,0,0,0,0,0,0,0,13,35,35,47,65476,392,65476,1,0,4,21553,0.0,-0.0,0.0,0.0,0.0,0.0,0.0,0.0,0.0,0.0,0.0,0.0,0.0,0.0,0.0,0.0,0.0,0.0,0.0,0.0,0.0,2.004,2.004,-2.004,-2.004,-3.69707618246192e+19,0.0,0.0,0.0,0.0,6462.0,0.0,0.0,0.0,-0.0,0.0,107616272.0,0.0,0.0,2.004,2.004,226,-2.3088280513417105e+20,-0.059,0.0,0.0,0.0,0.0,0.0,0.0,0.0,0,0,0,-246580229701632.0,-1.6267260494016215e+30,1.2024283922832367e+35,0.0,-0.0,-28214238.0,2980.378,-8736769835008.0,27954120704.0,-2.8135164372591068e+29,-296.548,1003959946838016.0,0.0,0.0,0.0,-0.0,0,1.3516416376850534e+27,226,0.0,452,0.0,-0.0,2112,52429,17109,0,17112,52429,17095,0,0,0,101,100,100,-0.0,65.3,-0.0,65.7,2.7302339554914296e+23,65.5,1,49,50,180,52429,52429,0,0,0.0,0.0,0.0,60.0,-0.0,71.0,0.0,1.5369548572828753e+38,0.0,1069,0,1069,0,0,0,1069,0,1080,0,999,0,657,0,658,0,653,0,676,0.032,1.4609821306377965e+22,0.0,0.0,38288,16814,4.28385216916437e+36,1.5369548572828753e+38,-0.0,-0.0,-1.3300041400922931e+17,-0.0,50.0,60.0,35,0.0,0.0,10.0,2.0,0.0,0.0,0.0,0.0,0.0,0.0,0.0,0.0,0.0,0.0,0.0,0.0,58.8,25,35,2,27,65476,278,65476,0,0,4,20529,65476,0,0,30147,60.0,0.0,10.0,10.0,2.0,0.0
2026-02-16T12:35:41,ERR,ERR,ERR,ERR,ERR,ERR,ERR,ERR,ERR,ERR,ERR,ERR,ERR,ERR,ERR,ERR,ERR,ERR,ERR,ERR,ERR,ERR,ERR,ERR,ERR,ERR,ERR,ERR,ERR,ERR,ERR,ERR,ERR,ERR,ERR,ERR,ERR,ERR,ERR,ERR,ERR,ERR,ERR,ERR,ERR,ERR,ERR,ERR,ERR,ERR,ERR,ERR,ERR,ERR,ERR,ERR,ERR,ERR,ERR,ERR,ERR,ERR,ERR,ERR,ERR,ERR,ERR,ERR,ERR,ERR,ERR,ERR,ERR,ERR,ERR,ERR,ERR,ERR,ERR,ERR,ERR,ERR,ERR,ERR,ERR,ERR,ERR,ERR,ERR,ERR,ERR,ERR,ERR,ERR,ERR,ERR,ERR,ERR,ERR,ERR,ERR,ERR,ERR,ERR,ERR,ERR,ERR,ERR,ERR,ERR,ERR,ERR,ERR,ERR,ERR,ERR,ERR,ERR,ERR,ERR,ERR,ERR,ERR,ERR,ERR,0.0,-0.0,2.7420187948523476e+23,0.0,-0.0,-2.916843072467763e+16,-1.838018325415399e+38,0.0,4300,0,8,17169,4300,0.0,41,0.0,0.0,0.0,0.0,0.0,0,0,0,0,0.0,0,0,0,0,0,0,0,0,0,0,0,0,0,0,0,0,0,0,0,0,0,0,0,0,0,0,0,0,0,0,0,0,0,13,35,35,47,65476,392,65476,1,0,4,21553,0.0,-0.0,0.0,0.0,0.0,0.0,0.0,0.0,0.0,0.0,0.0,0.0,0.0,0.0,0.0,0.0,0.0,0.0,0.0,0.0,0.0,2.004,2.004,-2.004,-2.004,-3.69707618246192e+19,0.0,0.0,0.0,0.0,6462.0,0.0,0.0,0.0,-0.0,0.0,107616272.0,0.0,0.0,2.004,2.004,226,-2.3088280513417105e+20,-0.059,0.0,0.0,0.0,0.0,0.0,0.0,0.0,0,0,0,-246580229701632.0,-1.6267260494016215e+30,1.2024283922832367e+35,0.0,-0.0,-28214238.0,2980.378,-8736769835008.0,27954120704.0,-2.8135164372591068e+29,-296.548,1003959946838016.0,0.0,0.0,0.0,-0.0,0,1.3516416376850534e+27,226,0.0,452,0.0,-0.0,2112,52429,17109,0,17112,52429,17095,0,0,0,101,100,100,-0.0,65.3,-0.0,65.7,2.7302339554914296e+23,65.5,1,49,50,180,52429,52429,0,0,0.0,0.0,0.0,60.0,-0.0,71.0,0.0,1.5369548572828753e+38,0.0,1069,0,1069,0,0,0,1069,0,1080,0,999,0,657,0,658,0,653,0,676,0.032,1.4609821306377965e+22,0.0,0.0,38288,16814,4.28385216916437e+36,1.5369548572828753e+38,-0.0,-0.0,-1.3300041400922931e+17,-0.0,50.0,60.0,35,0.0,0.0,10.0,2.0,0.0,0.0,0.0,0.0,0.0,0.0,0.0,0.0,0.0,0.0,0.0,0.0,59.2,29,31,65534,27,65476,116,65476,0,0,4,20529,65476,0,0,30147,60.0,0.0,10.0,10.0,2.0,0.0
2026-02-16T12:35:42,ERR,ERR,ERR,ERR,ERR,ERR,ERR,ERR,ERR,ERR,ERR,ERR,ERR,ERR,ERR,ERR,ERR,ERR,ERR,ERR,ERR,ERR,ERR,ERR,ERR,ERR,ERR,ERR,ERR,ERR,ERR,ERR,ERR,ERR,ERR,ERR,ERR,ERR,ERR,ERR,ERR,ERR,ERR,ERR,ERR,ERR,ERR,ERR,ERR,ERR,ERR,ERR,ERR,ERR,ERR,ERR,ERR,ERR,ERR,ERR,ERR,ERR,ERR,ERR,ERR,ERR,ERR,ERR,ERR,ERR,ERR,ERR,ERR,ERR,ERR,ERR,ERR,ERR,ERR,ERR,ERR,ERR,ERR,ERR,ERR,ERR,ERR,ERR,ERR,ERR,ERR,ERR,ERR,ERR,ERR,ERR,ERR,ERR,ERR,ERR,ERR,ERR,ERR,ERR,ERR,ERR,ERR,ERR,ERR,ERR,ERR,ERR,ERR,ERR,ERR,ERR,ERR,ERR,ERR,ERR,ERR,ERR,ERR,ERR,ERR,0.0,-0.0,2.7420187948523476e+23,0.0,-0.0,-2.916843072467763e+16,-1.838018325415399e+38,0.0,4300,0,8,17169,4300,0.0,41,0.0,0.0,0.0,0.0,0.0,0,0,0,0,0.0,0,0,0,0,0,0,0,0,0,0,0,0,0,0,0,0,0,0,0,0,0,0,0,0,0,0,0,0,0,0,0,0,0,13,35,35,47,65476,392,65476,1,0,4,21553,0.0,-0.0,0.0,0.0,0.0,0.0,0.0,0.0,0.0,0.0,0.0,0.0,0.0,0.0,0.0,0.0,0.0,0.0,0.0,0.0,0.0,2.004,2.004,-2.004,-2.004,-3.69707618246192e+19,0.0,0.0,0.0,0.0,6462.0,0.0,0.0,0.0,-0.0,0.0,107616272.0,0.0,0.0,2.004,2.004,226,-2.3088280513417105e+20,-0.059,0.0,0.0,0.0,0.0,0.0,0.0,0.0,0,0,0,-246580229701632.0,-1.6267260494016215e+30,1.2024283922832367e+35,0.0,-0.0,-28214238.0,2980.378,-8736769835008.0,27954120704.0,-2.8135164372591068e+29,-296.548,1003959946838016.0,0.0,0.0,0.0,-0.0,0,1.3516416376850534e+27,226,0.0,452,0.0,-0.0,2112,52429,17109,0,17112,52429,17095,0,0,0,101,100,100,-0.0,65.3,-0.0,65.7,2.7302339554914296e+23,65.5,1,49,50,180,39322,52429,0,0,0.0,0.0,0.0,60.0,-0.0,71.0,0.0,-102944670220288.0,0.0,1069,0,1069,0,0,0,1069,0,1080,0,999,0,657,0,658,0,653,0,676,0.032,1.4536034330083127e+22,0.0,0.0,32528,16814,-0.0,-0.0,-73148973056.0,-5.843972911155013e+19,0.0,-4.185201258610895e+23,50.0,60.0,35,0.0,0.0,10.0,2.0,0.0,0.0,0.0,0.0,0.0,0.0,0.0,0.0,0.0,0.0,0.0,0.0,59.2,29,31,65534,27,65476,116,65476,0,0,4,20529,65476,0,0,30147,60.0,0.0,10.0,10.0,2.0,0.0
2026-02-16T12:35:43,ERR,ERR,ERR,ERR,ERR,ERR,ERR,ERR,ERR,ERR,ERR,ERR,ERR,ERR,ERR,ERR,ERR,ERR,ERR,ERR,ERR,ERR,ERR,ERR,ERR,ERR,ERR,ERR,ERR,ERR,ERR,ERR,ERR,ERR,ERR,ERR,ERR,ERR,ERR,ERR,ERR,ERR,ERR,ERR,ERR,ERR,ERR,ERR,ERR,ERR,ERR,ERR,ERR,ERR,ERR,ERR,ERR,ERR,ERR,ERR,ERR,ERR,ERR,ERR,ERR,ERR,ERR,ERR,ERR,ERR,ERR,ERR,ERR,ERR,ERR,ERR,ERR,ERR,ERR,ERR,ERR,ERR,ERR,ERR,ERR,ERR,ERR,ERR,ERR,ERR,ERR,ERR,ERR,ERR,ERR,ERR,ERR,ERR,ERR,ERR,ERR,ERR,ERR,ERR,ERR,ERR,ERR,ERR,ERR,ERR,ERR,ERR,ERR,ERR,ERR,ERR,ERR,ERR,ERR,ERR,ERR,ERR,ERR,ERR,ERR,0.0,-0.0,2.7420187948523476e+23,0.0,-0.0,-475139702784.0,-2.0329662282700038e+30,0.0,4300,0,8,17169,4300,0.0,41,0.0,0.0,0.0,0.0,0.0,0,0,0,0,0.0,0,0,0,0,0,0,0,0,0,0,0,0,0,0,0,0,0,0,0,0,0,0,0,0,0,0,0,0,0,0,0,0,0,13,35,35,48,65476,395,65476,1,0,4,21553,0.0,-0.0,0.0,0.0,0.0,0.0,0.0,0.0,0.0,0.0,0.0,0.0,0.0,0.0,0.0,0.0,0.0,0.0,0.0,0.0,0.0,2.004,2.004,-2.004,-2.004,-3.69707618246192e+19,0.0,0.0,0.0,0.0,6401.0,-0.0,0.0,0.0,-0.0,0.0,107616272.0,0.0,0.0,2.004,2.004,226,0.0,4.066874814216397e+29,0.0,0.0,0.0,0.0,0.0,0.0,0.0,0,0,0,-516451808.0,-0.0,9.624548050550003e+33,-0.0,-0.0,-1.7526227017404406e+32,-0.0,-7.452764310018445e+37,-0.011,-2.9744486423662062e+29,-322.548,1061134551482368.0,0.0,0.0,0.0,-0.0,0,1.3516416376850534e+27,226,0.0,452,0.0,-0.0,2112,52429,17109,0,17112,52429,17095,0,0,0,101,100,100,-0.0,65.3,-0.0,65.7,2.7302339554914296e+23,65.5,1,49,50,180,39322,52429,0,0,0.0,0.0,0.0,60.0,-0.0,71.0,0.0,-102944670220288.0,0.0,1069,0,1069,0,0,0,1069,0,1080,0,999,0,657,0,658,0,653,0,676,0.032,1.4536034330083127e+22,0.0,0.0,32528,16814,-0.0,-0.0,-73148973056.0,-5.843972911155013e+19,0.0,-4.185201258610895e+23,50.0,60.0,35,0.0,0.0,10.0,2.0,0.0,0.0,0.0,0.0,0.0,0.0,0.0,0.0,0.0,0.0,0.0,0.0,58.8,36,25,65528,27,65476,0,300,0,0,8,20529,65476,0,0,30147,60.0,0.0,10.0,10.0,2.0,0.0
2026-02-16T12:35:44,ERR,ERR,ERR,ERR,ERR,ERR,ERR,ERR,ERR,ERR,ERR,ERR,ERR,ERR,ERR,ERR,ERR,ERR,ERR,ERR,ERR,ERR,ERR,ERR,ERR,ERR,ERR,ERR,ERR,ERR,ERR,ERR,ERR,ERR,ERR,ERR,ERR,ERR,ERR,ERR,ERR,ERR,ERR,ERR,ERR,ERR,ERR,ERR,ERR,ERR,ERR,ERR,ERR,ERR,ERR,ERR,ERR,ERR,ERR,ERR,ERR,ERR,ERR,ERR,ERR,ERR,ERR,ERR,ERR,ERR,ERR,ERR,ERR,ERR,ERR,ERR,ERR,ERR,ERR,ERR,ERR,ERR,ERR,ERR,ERR,ERR,ERR,ERR,ERR,ERR,ERR,ERR,ERR,ERR,ERR,ERR,ERR,ERR,ERR,ERR,ERR,ERR,ERR,ERR,ERR,ERR,ERR,ERR,ERR,ERR,ERR,ERR,ERR,ERR,ERR,ERR,ERR,ERR,ERR,ERR,ERR,ERR,ERR,ERR,ERR,0.0,-0.0,2.7420187948523476e+23,0.0,-0.0,-475139702784.0,-2.0329662282700038e+30,0.0,4300,0,8,17169,4300,0.0,41,0.0,0.0,0.0,0.0,0.0,0,0,0,0,0.0,0,0,0,0,0,0,0,0,0,0,0,0,0,0,0,0,0,0,0,0,0,0,0,0,0,0,0,0,0,0,0,0,0,13,35,35,48,65476,395,65476,1,0,4,21553,0.0,-0.0,0.0,0.0,0.0,0.0,0.0,0.0,0.0,0.0,0.0,0.0,0.0,0.0,0.0,0.0,0.0,0.0,0.0,0.0,0.0,2.004,2.004,-2.004,-2.004,-3.69707618246192e+19,0.0,0.0,0.0,0.0,6401.0,-0.0,0.0,0.0,-0.0,0.0,107616272.0,0.0,0.0,2.004,2.004,226,0.0,4.066874814216397e+29,0.0,0.0,0.0,0.0,0.0,0.0,0.0,0,0,0,-516451808.0,-0.0,9.624548050550003e+33,-0.0,-0.0,-1.7526227017404406e+32,-0.0,-7.452764310018445e+37,-0.011,-2.9744486423662062e+29,-322.548,1061134551482368.0,0.0,0.0,0.0,-0.0,0,1.3516416376850534e+27,226,0.0,452,0.0,-0.0,2112,52429,17109,0,17112,52429,17095,0,0,0,101,100,100,-0.0,65.3,-0.0,65.7,2.7302339554914296e+23,65.5,1,49,50,180,39322,52429,0,0,0.0,0.0,0.0,60.0,-0.0,71.0,0.0,-102944670220288.0,0.0,1069,0,1069,0,0,0,1069,0,1080,0,999,0,657,0,658,0,653,0,676,0.032,1.4536034330083127e+22,0.0,0.0,32528,16814,-0.0,-0.0,-73148973056.0,-5.843972911155013e+19,0.0,-4.185201258610895e+23,50.0,60.0,35,0.0,0.0,10.0,2.0,0.0,0.0,0.0,0.0,0.0,0.0,0.0,0.0,0.0,0.0,0.0,0.0,59.2,39,22,65524,27,65476,0,300,0,0,8,20529,65476,0,0,30147,60.0,0.0,10.0,10.0,2.0,0.0
2026-02-16T12:35:45,ERR,ERR,ERR,ERR,ERR,ERR,ERR,ERR,ERR,ERR,ERR,ERR,ERR,ERR,ERR,ERR,ERR,ERR,ERR,ERR,ERR,ERR,ERR,ERR,ERR,ERR,ERR,ERR,ERR,ERR,ERR,ERR,ERR,ERR,ERR,ERR,ERR,ERR,ERR,ERR,ERR,ERR,ERR,ERR,ERR,ERR,ERR,ERR,ERR,ERR,ERR,ERR,ERR,ERR,ERR,ERR,ERR,ERR,ERR,ERR,ERR,ERR,ERR,ERR,ERR,ERR,ERR,ERR,ERR,ERR,ERR,ERR,ERR,ERR,ERR,ERR,ERR,ERR,ERR,ERR,ERR,ERR,ERR,ERR,ERR,ERR,ERR,ERR,ERR,ERR,ERR,ERR,ERR,ERR,ERR,ERR,ERR,ERR,ERR,ERR,ERR,ERR,ERR,ERR,ERR,ERR,ERR,ERR,ERR,ERR,ERR,ERR,ERR,ERR,ERR,ERR,ERR,ERR,ERR,ERR,ERR,ERR,ERR,ERR,ERR,0.0,-0.0,2.7420187948523476e+23,0.0,-0.0,-475139702784.0,-2.0329662282700038e+30,0.0,4300,0,8,17169,4300,0.0,41,0.0,0.0,0.0,0.0,0.0,0,0,0,0,0.0,0,0,0,0,0,0,0,0,0,0,0,0,0,0,0,0,0,0,0,0,0,0,0,0,0,0,0,0,0,0,0,0,0,13,35,35,48,65476,395,65476,1,0,4,21553,0.0,-0.0,0.0,0.0,0.0,0.0,0.0,0.0,0.0,0.0,0.0,0.0,0.0,0.0,0.0,0.0,0.0,0.0,0.0,0.0,0.0,2.004,2.004,-2.004,-2.004,-3.69707618246192e+19,0.0,0.0,0.0,0.0,6401.0,-0.0,0.0,0.0,-0.0,0.0,107616272.0,0.0,0.0,2.004,2.004,226,0.0,4.066874814216397e+29,0.0,0.0,0.0,0.0,0.0,0.0,0.0,0,0,0,-516451808.0,-0.0,9.624548050550003e+33,-0.0,-0.0,-1.7526227017404406e+32,-0.0,-7.452764310018445e+37,-0.011,-2.9744486423662062e+29,-322.548,1061134551482368.0,0.0,0.0,0.0,-0.0,0,1.3516416376850534e+27,226,0.0,452,0.0,-0.0,2112,52429,17109,0,17112,52429,17095,0,0,0,101,100,100,-0.0,65.3,-0.0,65.7,2.7302339554914296e+23,65.5,1,49,50,180,39322,52429,0,0,0.0,0.0,0.0,60.0,2.9248853874037094e+34,71.0,0.0,-0.0,0.0,1069,0,1069,0,0,0,1069,0,1080,0,999,0,657,0,658,0,653,0,676,0.032,1.4536034330083127e+22,0.0,0.0,40080,16814,-0.0,-0.0,-0.0,3.4348362134603774e+22,-4.1255426341139397e+34,-0.0,50.0,60.0,35,0.0,0.0,10.0,2.0,0.0,0.0,0.0,0.0,0.0,0.0,0.0,0.0,0.0,0.0,0.0,0.0,59.2,39,22,65524,27,65476,0,300,0,0,8,20529,65476,0,0,30147,60.0,0.0,10.0,10.0,2.0,0.0
2026-02-16T12:35:46,ERR,ERR,ERR,ERR,ERR,ERR,ERR,ERR,ERR,ERR,ERR,ERR,ERR,ERR,ERR,ERR,ERR,ERR,ERR,ERR,ERR,ERR,ERR,ERR,ERR,ERR,ERR,ERR,ERR,ERR,ERR,ERR,ERR,ERR,ERR,ERR,ERR,ERR,ERR,ERR,ERR,ERR,ERR,ERR,ERR,ERR,ERR,ERR,ERR,ERR,ERR,ERR,ERR,ERR,ERR,ERR,ERR,ERR,ERR,ERR,ERR,ERR,ERR,ERR,ERR,ERR,ERR,ERR,ERR,ERR,ERR,ERR,ERR,ERR,ERR,ERR,ERR,ERR,ERR,ERR,ERR,ERR,ERR,ERR,ERR,ERR,ERR,ERR,ERR,ERR,ERR,ERR,ERR,ERR,ERR,ERR,ERR,ERR,ERR,ERR,ERR,ERR,ERR,ERR,ERR,ERR,ERR,ERR,ERR,ERR,ERR,ERR,ERR,ERR,ERR,ERR,ERR,ERR,ERR,ERR,ERR,ERR,ERR,ERR,ERR,0.0,-0.0,2.7420187948523476e+23,0.0,-0.0,-475139702784.0,-2.0329662282700038e+30,0.0,4300,0,8,17169,4300,0.0,41,0.0,0.0,0.0,0.0,0.0,0,0,0,0,0.0,0,0,0,0,0,0,0,0,0,0,0,0,0,0,0,0,0,0,0,0,0,0,0,0,0,0,0,0,0,0,0,0,0,13,35,35,48,65476,395,65476,1,0,4,21553,0.0,-0.0,0.0,0.0,0.0,0.0,0.0,0.0,0.0,0.0,0.0,0.0,0.0,0.0,0.0,0.0,0.0,0.0,0.0,0.0,0.0,2.004,2.004,-2.004,-2.004,-3.69707618246192e+19,0.0,0.0,0.0,0.0,6401.0,-0.0,0.0,0.0,-0.0,0.0,107616272.0,0.0,0.0,2.004,2.004,226,0.0,4.066874814216397e+29,0.0,0.0,0.0,0.0,0.0,0.0,0.0,0,0,0,-516451808.0,-0.0,9.624548050550003e+33,-0.0,-0.0,-1.7526227017404406e+32,-0.0,-7.452764310018445e+37,-0.011,-2.9744486423662062e+29,-322.548,1061134551482368.0,0.0,0.0,0.0,-0.0,0,1.3516416376850534e+27,226,0.0,452,0.0,-0.0,2112,52429,17109,0,17112,52429,17095,0,0,0,101,100,100,-0.0,65.3,-0.0,65.7,2.7302339554914296e+23,65.5,1,49,50,180,39322,52429,0,0,0.0,0.0,0.0,60.0,2.9248853874037094e+34,71.0,0.0,-0.0,0.0,1069,0,1069,0,0,0,1069,0,1080,0,999,0,657,0,658,0,653,0,676,0.032,1.4536034330083127e+22,0.0,0.0,40080,16814,-0.0,-0.0,-0.0,3.4348362134603774e+22,-4.1255426341139397e+34,-0.0,50.0,60.0,35,0.0,0.0,10.0,2.0,0.0,0.0,0.0,0.0,0.0,0.0,0.0,0.0,0.0,0.0,0.0,0.0,58.8,46,17,65517,27,65476,0,300,0,0,8,20529,65476,0,0,30147,60.0,0.0,10.0,10.0,2.0,0.0
2026-02-16T12:35:47,ERR,ERR,ERR,ERR,ERR,ERR,ERR,ERR,ERR,ERR,ERR,ERR,ERR,ERR,ERR,ERR,ERR,ERR,ERR,ERR,ERR,ERR,ERR,ERR,ERR,ERR,ERR,ERR,ERR,ERR,ERR,ERR,ERR,ERR,ERR,ERR,ERR,ERR,ERR,ERR,ERR,ERR,ERR,ERR,ERR,ERR,ERR,ERR,ERR,ERR,ERR,ERR,ERR,ERR,ERR,ERR,ERR,ERR,ERR,ERR,ERR,ERR,ERR,ERR,ERR,ERR,ERR,ERR,ERR,ERR,ERR,ERR,ERR,ERR,ERR,ERR,ERR,ERR,ERR,ERR,ERR,ERR,ERR,ERR,ERR,ERR,ERR,ERR,ERR,ERR,ERR,ERR,ERR,ERR,ERR,ERR,ERR,ERR,ERR,ERR,ERR,ERR,ERR,ERR,ERR,ERR,ERR,ERR,ERR,ERR,ERR,ERR,ERR,ERR,ERR,ERR,ERR,ERR,ERR,ERR,ERR,ERR,ERR,ERR,ERR,0.0,-0.0,2.7420187948523476e+23,0.0,-0.0,-475139702784.0,-2.0329662282700038e+30,0.0,4300,0,8,17169,4300,0.0,41,0.0,0.0,0.0,0.0,0.0,0,0,0,0,0.0,0,0,0,0,0,0,0,0,0,0,0,0,0,0,0,0,0,0,0,0,0,0,0,0,0,0,0,0,0,0,0,0,0,13,35,35,48,65476,395,65476,1,0,4,21553,0.0,-0.0,0.0,0.0,0.0,0.0,0.0,0.0,0.0,0.0,0.0,0.0,0.0,0.0,0.0,0.0,0.0,0.0,0.0,0.0,0.0,2.004,2.004,-2.004,-2.004,-3.69707618246192e+19,0.0,0.0,0.0,0.0,6401.0,-0.0,0.0,0.0,-0.0,0.0,107616272.0,0.0,0.0,2.004,2.004,226,0.0,4.066874814216397e+29,0.0,0.0,0.0,0.0,0.0,0.0,0.0,0,0,0,-516451808.0,-0.0,9.624548050550003e+33,-0.0,-0.0,-1.7526227017404406e+32,-0.0,-7.452764310018445e+37,-0.011,-2.9744486423662062e+29,-322.548,1061134551482368.0,0.0,0.0,0.0,-0.0,0,1.3516416376850534e+27,226,0.0,452,0.0,-0.0,2112,52429,17109,0,17112,52429,17095,0,0,0,101,100,100,-0.0,65.3,-0.0,65.7,2.7302339554914296e+23,65.5,1,49,50,180,39322,52429,0,0,0.0,0.0,0.0,60.0,2.9248853874037094e+34,71.0,0.0,-0.0,0.0,1069,0,1069,0,0,0,1069,0,1080,0,999,0,657,0,658,0,653,0,676,0.032,1.4536034330083127e+22,0.0,0.0,40080,16814,-0.0,-0.0,-0.0,3.4348362134603774e+22,-4.1255426341139397e+34,-0.0,50.0,60.0,35,0.0,0.0,10.0,2.0,0.0,0.0,0.0,0.0,0.0,0.0,0.0,0.0,0.0,0.0,0.0,0.0,58.8,46,17,65517,27,65476,0,300,0,0,8,20529,65476,0,0,30147,60.0,0.0,10.0,10.0,2.0,0.0
2026-02-16T12:35:48,ERR,ERR,ERR,ERR,ERR,ERR,ERR,ERR,ERR,ERR,ERR,ERR,ERR,ERR,ERR,ERR,ERR,ERR,ERR,ERR,ERR,ERR,ERR,ERR,ERR,ERR,ERR,ERR,ERR,ERR,ERR,ERR,ERR,ERR,ERR,ERR,ERR,ERR,ERR,ERR,ERR,ERR,ERR,ERR,ERR,ERR,ERR,ERR,ERR,ERR,ERR,ERR,ERR,ERR,ERR,ERR,ERR,ERR,ERR,ERR,ERR,ERR,ERR,ERR,ERR,ERR,ERR,ERR,ERR,ERR,ERR,ERR,ERR,ERR,ERR,ERR,ERR,ERR,ERR,ERR,ERR,ERR,ERR,ERR,ERR,ERR,ERR,ERR,ERR,ERR,ERR,ERR,ERR,ERR,ERR,ERR,ERR,ERR,ERR,ERR,ERR,ERR,ERR,ERR,ERR,ERR,ERR,ERR,ERR,ERR,ERR,ERR,ERR,ERR,ERR,ERR,ERR,ERR,ERR,ERR,ERR,ERR,ERR,ERR,ERR,0.0,-0.0,0.0,0.0,0.0,-1.1384327155221274e+36,0.0,-0.0,4300,0,8,17169,4300,0.0,41,0.0,0.0,0.0,0.0,0.0,0,0,0,0,0.0,0,0,0,0,0,0,0,0,0,0,0,0,0,0,0,0,0,0,0,0,0,0,0,0,0,0,0,0,0,0,0,0,0,13,35,35,48,65476,399,65476,1,0,4,21553,0.0,-0.0,0.0,0.0,0.0,0.0,0.0,0.0,0.0,0.0,0.0,0.0,0.0,0.0,0.0,0.0,0.0,0.0,0.0,0.0,0.0,2.004,2.004,-0.0,-2.004,-3.69707618246192e+19,0.0,0.0,0.0,0.0,6426.0,2.004,0.0,0.0,-0.0,0.0,107616272.0,0.0,0.0,2.004,2.004,225,-0.0,0.0,0.0,0.0,0.0,0.0,0.0,0.0,0.0,0,0,0,0.0,9.537513873462564e+21,-0.0,0.0,-0.0,0.0,-0.0,0.0,-1411106603008.0,-3.123001447080452e+29,-348.548,1113911109615616.0,0.0,0.0,0.0,-0.0,0,1.3516416376850534e+27,225,0.0,450,-74360974999552.0,4.538271724008914e+24,2112,52429,17109,0,17112,52429,17095,0,0,0,101,100,100,-0.0,65.3,-0.0,65.7,2.7302339554914296e+23,65.5,1,49,50,180,39322,52429,0,0,0.0,0.0,0.0,60.0,2.9248853874037094e+34,71.0,0.0,-0.0,0.0,1069,0,1069,0,0,0,1069,0,1080,0,999,0,657,0,658,0,653,0,676,0.032,1.4536034330083127e+22,0.0,0.0,40080,16814,-0.0,-0.0,-0.0,3.4348362134603774e+22,-4.1255426341139397e+34,-0.0,50.0,60.0,35,0.0,0.0,10.0,2.0,0.0,0.0,0.0,0.0,0.0,0.0,0.0,0.0,0.0,0.0,0.0,0.0,58.8,53,12,65510,27,65476,0,300,0,0,8,20529,65476,0,0,30147,60.0,0.0,10.0,10.0,2.0,0.0
2026-02-16T12:35:49,ERR,ERR,ERR,ERR,ERR,ERR,ERR,ERR,ERR,ERR,ERR,ERR,ERR,ERR,ERR,ERR,ERR,ERR,ERR,ERR,ERR,ERR,ERR,ERR,ERR,ERR,ERR,ERR,ERR,ERR,ERR,ERR,ERR,ERR,ERR,ERR,ERR,ERR,ERR,ERR,ERR,ERR,ERR,ERR,ERR,ERR,ERR,ERR,ERR,ERR,ERR,ERR,ERR,ERR,ERR,ERR,ERR,ERR,ERR,ERR,ERR,ERR,ERR,ERR,ERR,ERR,ERR,ERR,ERR,ERR,ERR,ERR,ERR,ERR,ERR,ERR,ERR,ERR,ERR,ERR,ERR,ERR,ERR,ERR,ERR,ERR,ERR,ERR,ERR,ERR,ERR,ERR,ERR,ERR,ERR,ERR,ERR,ERR,ERR,ERR,ERR,ERR,ERR,ERR,ERR,ERR,ERR,ERR,ERR,ERR,ERR,ERR,ERR,ERR,ERR,ERR,ERR,ERR,ERR,ERR,ERR,ERR,ERR,ERR,ERR,0.0,-0.0,0.0,0.0,0.0,-1.1384327155221274e+36,0.0,-0.0,4300,0,8,17169,4300,0.0,41,0.0,0.0,0.0,0.0,0.0,0,0,0,0,0.0,0,0,0,0,0,0,0,0,0,0,0,0,0,0,0,0,0,0,0,0,0,0,0,0,0,0,0,0,0,0,0,0,0,13,35,35,48,65476,399,65476,1,0,4,21553,0.0,-0.0,0.0,0.0,0.0,0.0,0.0,0.0,0.0,0.0,0.0,0.0,0.0,0.0,0.0,0.0,0.0,0.0,0.0,0.0,0.0,2.004,2.004,-0.0,-2.004,-3.69707618246192e+19,0.0,0.0,0.0,0.0,6426.0,2.004,0.0,0.0,-0.0,0.0,107616272.0,0.0,0.0,2.004,2.004,225,-0.0,0.0,0.0,0.0,0.0,0.0,0.0,0.0,0.0,0,0,0,0.0,9.537513873462564e+21,-0.0,0.0,-0.0,0.0,-0.0,0.0,-1411106603008.0,-3.123001447080452e+29,-348.548,1113911109615616.0,0.0,0.0,0.0,-0.0,0,1.3516416376850534e+27,225,0.0,450,-74360974999552.0,4.538271724008914e+24,2112,52429,17109,0,17112,52429,17095,0,0,0,101,100,100,-0.0,65.3,-0.0,65.7,2.7302339554914296e+23,65.5,1,49,50,180,52429,52429,0,0,0.0,0.0,0.0,60.0,-0.0,71.0,0.0,-0.0,0.0,1069,0,1069,0,0,0,1069,0,1080,0,999,0,657,0,658,0,653,0,676,0.032,1.4536034330083127e+22,0.0,0.0,37776,16814,-0.0,-0.0,-6.959431196328912e+32,-0.0,2.0379347690392125e+18,0.0,50.0,60.0,35,0.0,0.0,10.0,2.0,0.0,0.0,0.0,0.0,0.0,0.0,0.0,0.0,0.0,0.0,0.0,0.0,58.8,55,11,65508,27,65476,0,300,0,0,8,20529,65476,0,0,30147,60.0,0.0,10.0,10.0,2.0,0.0
2026-02-16T12:35:50,ERR,ERR,ERR,ERR,ERR,ERR,ERR,ERR,ERR,ERR,ERR,ERR,ERR,ERR,ERR,ERR,ERR,ERR,ERR,ERR,ERR,ERR,ERR,ERR,ERR,ERR,ERR,ERR,ERR,ERR,ERR,ERR,ERR,ERR,ERR,ERR,ERR,ERR,ERR,ERR,ERR,ERR,ERR,ERR,ERR,ERR,ERR,ERR,ERR,ERR,ERR,ERR,ERR,ERR,ERR,ERR,ERR,ERR,ERR,ERR,ERR,ERR,ERR,ERR,ERR,ERR,ERR,ERR,ERR,ERR,ERR,ERR,ERR,ERR,ERR,ERR,ERR,ERR,ERR,ERR,ERR,ERR,ERR,ERR,ERR,ERR,ERR,ERR,ERR,ERR,ERR,ERR,ERR,ERR,ERR,ERR,ERR,ERR,ERR,ERR,ERR,ERR,ERR,ERR,ERR,ERR,ERR,ERR,ERR,ERR,ERR,ERR,ERR,ERR,ERR,ERR,ERR,ERR,ERR,ERR,ERR,ERR,ERR,ERR,ERR,0.0,-0.0,0.0,0.0,0.0,-1.1384327155221274e+36,0.0,-0.0,4300,0,8,17169,4300,0.0,41,0.0,0.0,0.0,0.0,0.0,0,0,0,0,0.0,0,0,0,0,0,0,0,0,0,0,0,0,0,0,0,0,0,0,0,0,0,0,0,0,0,0,0,0,0,0,0,0,0,13,35,35,48,65476,399,65476,1,0,4,21553,0.0,-0.0,0.0,0.0,0.0,0.0,0.0,0.0,0.0,0.0,0.0,0.0,0.0,0.0,0.0,0.0,0.0,0.0,0.0,0.0,0.0,2.004,2.004,-0.0,-2.004,-3.69707618246192e+19,0.0,0.0,0.0,0.0,6426.0,2.004,0.0,0.0,-0.0,0.0,107616272.0,0.0,0.0,2.004,2.004,225,-0.0,0.0,0.0,0.0,0.0,0.0,0.0,0.0,0.0,0,0,0,0.0,9.537513873462564e+21,-0.0,0.0,-0.0,0.0,-0.0,0.0,-1411106603008.0,-3.123001447080452e+29,-348.548,1113911109615616.0,0.0,0.0,0.0,-0.0,0,1.3516416376850534e+27,225,0.0,450,-74360974999552.0,4.538271724008914e+24,2112,52429,17109,0,17112,52429,17095,0,0,0,101,100,100,-0.0,65.3,-0.0,65.7,2.7302339554914296e+23,65.5,1,49,50,180,52429,52429,0,0,0.0,0.0,0.0,60.0,-0.0,71.0,0.0,-0.0,0.0,1069,0,1069,0,0,0,1069,0,1080,0,999,0,657,0,658,0,653,0,676,0.032,1.4536034330083127e+22,0.0,0.0,37776,16814,-0.0,-0.0,-6.959431196328912e+32,-0.0,2.0379347690392125e+18,0.0,50.0,60.0,35,0.0,0.0,10.0,2.0,0.0,0.0,0.0,0.0,0.0,0.0,0.0,0.0,0.0,0.0,0.0,0.0,58.8,55,11,65508,27,65476,0,300,0,0,8,20529,65476,0,0,30147,60.0,0.0,10.0,10.0,2.0,0.0
2026-02-16T12:35:51,ERR,ERR,ERR,ERR,ERR,ERR,ERR,ERR,ERR,ERR,ERR,ERR,ERR,ERR,ERR,ERR,ERR,ERR,ERR,ERR,ERR,ERR,ERR,ERR,ERR,ERR,ERR,ERR,ERR,ERR,ERR,ERR,ERR,ERR,ERR,ERR,ERR,ERR,ERR,ERR,ERR,ERR,ERR,ERR,ERR,ERR,ERR,ERR,ERR,ERR,ERR,ERR,ERR,ERR,ERR,ERR,ERR,ERR,ERR,ERR,ERR,ERR,ERR,ERR,ERR,ERR,ERR,ERR,ERR,ERR,ERR,ERR,ERR,ERR,ERR,ERR,ERR,ERR,ERR,ERR,ERR,ERR,ERR,ERR,ERR,ERR,ERR,ERR,ERR,ERR,ERR,ERR,ERR,ERR,ERR,ERR,ERR,ERR,ERR,ERR,ERR,ERR,ERR,ERR,ERR,ERR,ERR,ERR,ERR,ERR,ERR,ERR,ERR,ERR,ERR,ERR,ERR,ERR,ERR,ERR,ERR,ERR,ERR,ERR,ERR,0.0,-0.0,0.0,0.0,0.0,-1.1384327155221274e+36,0.0,-0.0,4300,0,8,17169,4300,0.0,41,0.0,0.0,0.0,0.0,0.0,0,0,0,0,0.0,0,0,0,0,0,0,0,0,0,0,0,0,0,0,0,0,0,0,0,0,0,0,0,0,0,0,0,0,0,0,0,0,0,13,35,35,48,65476,399,65476,1,0,4,21553,0.0,-0.0,0.0,0.0,0.0,0.0,0.0,0.0,0.0,0.0,0.0,0.0,0.0,0.0,0.0,0.0,0.0,0.0,0.0,0.0,0.0,2.004,2.004,-0.0,-2.004,-3.69707618246192e+19,0.0,0.0,0.0,0.0,6426.0,2.004,0.0,0.0,-0.0,0.0,107616272.0,0.0,0.0,2.004,2.004,225,-0.0,0.0,0.0,0.0,0.0,0.0,0.0,0.0,0.0,0,0,0,0.0,9.537513873462564e+21,-0.0,0.0,-0.0,0.0,-0.0,0.0,-1411106603008.0,-3.123001447080452e+29,-348.548,1113911109615616.0,0.0,0.0,0.0,-0.0,0,1.3516416376850534e+27,225,0.0,450,-74360974999552.0,4.538271724008914e+24,2112,52429,17109,0,17112,52429,17095,0,0,0,101,100,100,-0.0,65.3,-0.0,65.7,2.7302339554914296e+23,65.5,1,49,50,180,52429,52429,0,0,0.0,0.0,0.0,60.0,-0.0,71.0,0.0,-0.0,0.0,1069,0,1069,0,0,0,1069,0,1080,0,999,0,657,0,658,0,653,0,676,0.032,1.4536034330083127e+22,0.0,0.0,37776,16814,-0.0,-0.0,-6.959431196328912e+32,-0.0,2.0379347690392125e+18,0.0,50.0,60.0,35,0.0,0.0,10.0,2.0,0.0,0.0,0.0,0.0,0.0,0.0,0.0,0.0,0.0,0.0,0.0,0.0,58.8,58,9,65505,27,65476,0,300,0,0,8,20529,65476,0,0,30147,60.0,0.0,10.0,10.0,2.0,0.0
2026-02-16T12:35:52,ERR,ERR,ERR,ERR,ERR,ERR,ERR,ERR,ERR,ERR,ERR,ERR,ERR,ERR,ERR,ERR,ERR,ERR,ERR,ERR,ERR,ERR,ERR,ERR,ERR,ERR,ERR,ERR,ERR,ERR,ERR,ERR,ERR,ERR,ERR,ERR,ERR,ERR,ERR,ERR,ERR,ERR,ERR,ERR,ERR,ERR,ERR,ERR,ERR,ERR,ERR,ERR,ERR,ERR,ERR,ERR,ERR,ERR,ERR,ERR,ERR,ERR,ERR,ERR,ERR,ERR,ERR,ERR,ERR,ERR,ERR,ERR,ERR,ERR,ERR,ERR,ERR,ERR,ERR,ERR,ERR,ERR,ERR,ERR,ERR,ERR,ERR,ERR,ERR,ERR,ERR,ERR,ERR,ERR,ERR,ERR,ERR,ERR,ERR,ERR,ERR,ERR,ERR,ERR,ERR,ERR,ERR,ERR,ERR,ERR,ERR,ERR,ERR,ERR,ERR,ERR,ERR,ERR,ERR,ERR,ERR,ERR,ERR,ERR,ERR,0.0,-0.0,0.0,0.0,0.0,0.0,1.8443404924801834e+24,6.986765301109506e+37,4300,0,8,17169,4300,0.0,41,0.0,0.0,0.0,0.0,2.7184166902131945e+23,0,0,0,0,0.0,0,0,0,0,0,0,0,0,0,0,0,0,0,0,0,0,0,0,0,0,0,0,0,0,0,0,0,0,0,0,0,0,0,13,35,35,48,65476,401,65476,1,0,4,21553,0.0,-0.0,0.0,0.0,0.0,0.0,0.0,0.0,0.0,0.0,0.0,0.0,0.0,0.0,0.0,0.0,0.0,0.0,0.0,0.0,0.0,2.004,2.004,-0.0,-2.004,-3.69707618246192e+19,0.0,0.0,0.0,0.0,6425.0,-0.0,0.0,0.0,-0.0,0.0,107616272.0,0.0,0.0,2.004,2.004,225,-71.629,4.066874814216397e+29,0.0,0.0,0.0,0.0,0.0,0.0,0.0,0,0,0,-1.9378766140929577e+37,0.002,-0.0,-0.0,-0.0,362.515,-2.5060849381496025e+23,0.0,0.0,-3.398740803804529e+29,-370.548,1207475428655104.0,0.0,0.0,0.0,-0.0,0,1.3516416376850534e+27,225,0.0,450,-74360974999552.0,4.538271724008914e+24,2112,52429,17109,0,17112,52429,17095,0,0,0,101,100,100,-0.0,65.3,-0.0,65.7,2.7302339554914296e+23,65.5,1,49,50,180,52429,52429,0,0,0.0,0.0,0.0,60.0,9.454797354814254e+37,71.0,0.0,-45434114048.0,0.0,1069,0,1069,0,0,0,1070,0,1080,0,999,0,657,0,658,0,653,0,676,0.032,1.4609821306377965e+22,0.0,0.0,36368,16814,-0.0,-0.0,-7.508,0.0,0.0,-73804810289152.0,50.0,60.0,35,0.0,0.0,10.0,2.0,0.0,0.0,0.0,0.0,0.0,0.0,0.0,0.0,0.0,0.0,0.0,0.0,58.8,59,9,65504,27,65476,0,300,0,0,8,20529,65476,0,0,30147,60.0,0.0,10.0,10.0,2.0,0.0
2026-02-16T12:35:53,ERR,ERR,ERR,ERR,ERR,ERR,ERR,ERR,ERR,ERR,ERR,ERR,ERR,ERR,ERR,ERR,ERR,ERR,ERR,ERR,ERR,ERR,ERR,ERR,ERR,ERR,ERR,ERR,ERR,ERR,ERR,ERR,ERR,ERR,ERR,ERR,ERR,ERR,ERR,ERR,ERR,ERR,ERR,ERR,ERR,ERR,ERR,ERR,ERR,ERR,ERR,ERR,ERR,ERR,ERR,ERR,ERR,ERR,ERR,ERR,ERR,ERR,ERR,ERR,ERR,ERR,ERR,ERR,ERR,ERR,ERR,ERR,ERR,ERR,ERR,ERR,ERR,ERR,ERR,ERR,ERR,ERR,ERR,ERR,ERR,ERR,ERR,ERR,ERR,ERR,ERR,ERR,ERR,ERR,ERR,ERR,ERR,ERR,ERR,ERR,ERR,ERR,ERR,ERR,ERR,ERR,ERR,ERR,ERR,ERR,ERR,ERR,ERR,ERR,ERR,ERR,ERR,ERR,ERR,ERR,ERR,ERR,ERR,ERR,ERR,0.0,-0.0,0.0,0.0,0.0,0.0,1.8443404924801834e+24,6.986765301109506e+37,4300,0,8,17169,4300,0.0,41,0.0,0.0,0.0,0.0,2.7184166902131945e+23,0,0,0,0,0.0,0,0,0,0,0,0,0,0,0,0,0,0,0,0,0,0,0,0,0,0,0,0,0,0,0,0,0,0,0,0,0,0,0,13,35,35,48,65476,401,65476,1,0,4,21553,0.0,-0.0,0.0,0.0,0.0,0.0,0.0,0.0,0.0,0.0,0.0,0.0,0.0,0.0,0.0,0.0,0.0,0.0,0.0,0.0,0.0,2.004,2.004,-0.0,-2.004,-3.69707618246192e+19,0.0,0.0,0.0,0.0,6425.0,-0.0,0.0,0.0,-0.0,0.0,107616272.0,0.0,0.0,2.004,2.004,225,-71.629,4.066874814216397e+29,0.0,0.0,0.0,0.0,0.0,0.0,0.0,0,0,0,-1.9378766140929577e+37,0.002,-0.0,-0.0,-0.0,362.515,-2.5060849381496025e+23,0.0,0.0,-3.398740803804529e+29,-370.548,1207475428655104.0,0.0,0.0,0.0,-0.0,0,1.3516416376850534e+27,225,0.0,450,-74360974999552.0,4.538271724008914e+24,2112,52429,17109,0,17112,52429,17095,0,0,0,101,100,100,-0.0,65.3,-0.0,65.7,2.7302339554914296e+23,65.5,1,49,50,180,52429,52429,0,0,0.0,0.0,0.0,60.0,9.454797354814254e+37,71.0,0.0,-45434114048.0,0.0,1069,0,1069,0,0,0,1070,0,1080,0,999,0,657,0,658,0,653,0,676,0.032,1.4609821306377965e+22,0.0,0.0,36368,16814,-0.0,-0.0,-7.508,0.0,0.0,-73804810289152.0,50.0,60.0,35,0.0,0.0,10.0,2.0,0.0,0.0,0.0,0.0,0.0,0.0,0.0,0.0,0.0,0.0,0.0,0.0,58.8,59,9,65504,27,65476,0,300,0,0,8,20529,65476,0,0,30147,60.0,0.0,10.0,10.0,2.0,0.0
2026-02-16T12:35:54,ERR,ERR,ERR,ERR,ERR,ERR,ERR,ERR,ERR,ERR,ERR,ERR,ERR,ERR,ERR,ERR,ERR,ERR,ERR,ERR,ERR,ERR,ERR,ERR,ERR,ERR,ERR,ERR,ERR,ERR,ERR,ERR,ERR,ERR,ERR,ERR,ERR,ERR,ERR,ERR,ERR,ERR,ERR,ERR,ERR,ERR,ERR,ERR,ERR,ERR,ERR,ERR,ERR,ERR,ERR,ERR,ERR,ERR,ERR,ERR,ERR,ERR,ERR,ERR,ERR,ERR,ERR,ERR,ERR,ERR,ERR,ERR,ERR,ERR,ERR,ERR,ERR,ERR,ERR,ERR,ERR,ERR,ERR,ERR,ERR,ERR,ERR,ERR,ERR,ERR,ERR,ERR,ERR,ERR,ERR,ERR,ERR,ERR,ERR,ERR,ERR,ERR,ERR,ERR,ERR,ERR,ERR,ERR,ERR,ERR,ERR,ERR,ERR,ERR,ERR,ERR,ERR,ERR,ERR,ERR,ERR,ERR,ERR,ERR,ERR,0.0,-0.0,0.0,0.0,0.0,0.0,1.8443404924801834e+24,6.986765301109506e+37,4300,0,8,17169,4300,0.0,41,0.0,0.0,0.0,0.0,2.7184166902131945e+23,0,0,0,0,0.0,0,0,0,0,0,0,0,0,0,0,0,0,0,0,0,0,0,0,0,0,0,0,0,0,0,0,0,0,0,0,0,0,0,13,35,35,48,65476,401,65476,1,0,4,21553,0.0,-0.0,0.0,0.0,0.0,0.0,0.0,0.0,0.0,0.0,0.0,0.0,0.0,0.0,0.0,0.0,0.0,0.0,0.0,0.0,0.0,2.004,2.004,-0.0,-2.004,-3.69707618246192e+19,0.0,0.0,0.0,0.0,6425.0,-0.0,0.0,0.0,-0.0,0.0,107616272.0,0.0,0.0,2.004,2.004,225,-71.629,4.066874814216397e+29,0.0,0.0,0.0,0.0,0.0,0.0,0.0,0,0,0,-1.9378766140929577e+37,0.002,-0.0,-0.0,-0.0,362.515,-2.5060849381496025e+23,0.0,0.0,-3.398740803804529e+29,-370.548,1207475428655104.0,0.0,0.0,0.0,-0.0,0,1.3516416376850534e+27,225,0.0,450,-74360974999552.0,4.538271724008914e+24,2112,52429,17109,0,17112,52429,17095,0,0,0,101,100,100,-0.0,65.3,-0.0,65.7,2.7302339554914296e+23,65.5,1,49,50,180,52429,52429,0,0,0.0,0.0,0.0,60.0,9.454797354814254e+37,71.0,0.0,-45434114048.0,0.0,1069,0,1069,0,0,0,1070,0,1080,0,999,0,657,0,658,0,653,0,676,0.032,1.4609821306377965e+22,0.0,0.0,36368,16814,-0.0,-0.0,-7.508,0.0,0.0,-73804810289152.0,50.0,60.0,35,0.0,0.0,10.0,2.0,0.0,0.0,0.0,0.0,0.0,0.0,0.0,0.0,0.0,0.0,0.0,0.0,58.8,57,10,65506,27,65476,0,300,0,0,8,20529,65476,0,0,30147,60.0,0.0,10.0,10.0,2.0,0.0
2026-02-16T12:35:55,ERR,ERR,ERR,ERR,ERR,ERR,ERR,ERR,ERR,ERR,ERR,ERR,ERR,ERR,ERR,ERR,ERR,ERR,ERR,ERR,ERR,ERR,ERR,ERR,ERR,ERR,ERR,ERR,ERR,ERR,ERR,ERR,ERR,ERR,ERR,ERR,ERR,ERR,ERR,ERR,ERR,ERR,ERR,ERR,ERR,ERR,ERR,ERR,ERR,ERR,ERR,ERR,ERR,ERR,ERR,ERR,ERR,ERR,ERR,ERR,ERR,ERR,ERR,ERR,ERR,ERR,ERR,ERR,ERR,ERR,ERR,ERR,ERR,ERR,ERR,ERR,ERR,ERR,ERR,ERR,ERR,ERR,ERR,ERR,ERR,ERR,ERR,ERR,ERR,ERR,ERR,ERR,ERR,ERR,ERR,ERR,ERR,ERR,ERR,ERR,ERR,ERR,ERR,ERR,ERR,ERR,ERR,ERR,ERR,ERR,ERR,ERR,ERR,ERR,ERR,ERR,ERR,ERR,ERR,ERR,ERR,ERR,ERR,ERR,ERR,0.0,-0.0,0.0,0.0,0.0,0.0,1.8443404924801834e+24,6.986765301109506e+37,4300,0,8,17169,4300,0.0,41,0.0,0.0,0.0,0.0,2.7184166902131945e+23,0,0,0,0,0.0,0,0,0,0,0,0,0,0,0,0,0,0,0,0,0,0,0,0,0,0,0,0,0,0,0,0,0,0,0,0,0,0,0,13,35,35,48,65476,401,65476,1,0,4,21553,0.0,-0.0,0.0,0.0,0.0,0.0,0.0,0.0,0.0,0.0,0.0,0.0,0.0,0.0,0.0,0.0,0.0,0.0,0.0,0.0,0.0,2.004,2.004,-0.0,-2.004,-3.69707618246192e+19,0.0,0.0,0.0,0.0,6425.0,-0.0,0.0,0.0,-0.0,0.0,107616272.0,0.0,0.0,2.004,2.004,225,-71.629,4.066874814216397e+29,0.0,0.0,0.0,0.0,0.0,0.0,0.0,0,0,0,-1.9378766140929577e+37,0.002,-0.0,-0.0,-0.0,362.515,-2.5060849381496025e+23,0.0,0.0,-3.398740803804529e+29,-370.548,1207475428655104.0,0.0,0.0,0.0,-0.0,0,1.3516416376850534e+27,225,0.0,450,-74360974999552.0,4.538271724008914e+24,2112,52429,17109,0,17112,52429,17095,0,0,0,101,100,100,-0.0,65.3,-0.0,65.7,2.7302339554914296e+23,65.5,1,49,50,180,52429,52429,0,0,0.0,0.0,0.0,60.0,9.454797354814254e+37,71.0,0.0,-45434114048.0,0.0,1069,0,1069,0,0,0,1070,0,1080,0,999,0,657,0,658,0,653,0,676,0.032,1.4609821306377965e+22,0.0,0.0,36368,16814,-0.0,-0.0,-7.508,0.0,0.0,-73804810289152.0,50.0,60.0,35,0.0,0.0,10.0,2.0,0.0,0.0,0.0,0.0,0.0,0.0,0.0,0.0,0.0,0.0,0.0,0.0,58.8,57,10,65506,27,65476,0,300,0,0,8,20529,65476,0,0,30147,60.0,0.0,10.0,10.0,2.0,0.0
2026-02-16T12:35:56,ERR,ERR,ERR,ERR,ERR,ERR,ERR,ERR,ERR,ERR,ERR,ERR,ERR,ERR,ERR,ERR,ERR,ERR,ERR,ERR,ERR,ERR,ERR,ERR,ERR,ERR,ERR,ERR,ERR,ERR,ERR,ERR,ERR,ERR,ERR,ERR,ERR,ERR,ERR,ERR,ERR,ERR,ERR,ERR,ERR,ERR,ERR,ERR,ERR,ERR,ERR,ERR,ERR,ERR,ERR,ERR,ERR,ERR,ERR,ERR,ERR,ERR,ERR,ERR,ERR,ERR,ERR,ERR,ERR,ERR,ERR,ERR,ERR,ERR,ERR,ERR,ERR,ERR,ERR,ERR,ERR,ERR,ERR,ERR,ERR,ERR,ERR,ERR,ERR,ERR,ERR,ERR,ERR,ERR,ERR,ERR,ERR,ERR,ERR,ERR,ERR,ERR,ERR,ERR,ERR,ERR,ERR,ERR,ERR,ERR,ERR,ERR,ERR,ERR,ERR,ERR,ERR,ERR,ERR,ERR,ERR,ERR,ERR,ERR,ERR,0.0,-0.0,0.0,0.0,0.0,0.0,1.8443404924801834e+24,6.986765301109506e+37,4300,0,8,17169,4300,0.0,41,0.0,0.0,0.0,0.0,2.7184166902131945e+23,0,0,0,0,0.0,0,0,0,0,0,0,0,0,0,0,0,0,0,0,0,0,0,0,0,0,0,0,0,0,0,0,0,0,0,0,0,0,0,13,35,35,48,65476,401,65476,1,0,4,21553,0.0,-0.0,0.0,0.0,0.0,0.0,0.0,0.0,0.0,0.0,0.0,0.0,0.0,0.0,0.0,0.0,0.0,0.0,0.0,0.0,0.0,2.004,2.004,-0.0,-2.004,-3.69707618246192e+19,0.0,0.0,0.0,0.0,6425.0,-0.0,0.0,0.0,-0.0,0.0,107616272.0,0.0,0.0,2.004,2.004,225,-71.629,4.066874814216397e+29,0.0,0.0,0.0,0.0,0.0,0.0,0.0,0,0,0,-1.9378766140929577e+37,0.002,-0.0,-0.0,-0.0,362.515,-2.5060849381496025e+23,0.0,0.0,-3.398740803804529e+29,-370.548,1207475428655104.0,0.0,0.0,0.0,-0.0,0,1.3516416376850534e+27,225,0.0,450,-74360974999552.0,4.538271724008914e+24,2112,52429,17109,0,17112,52429,17095,0,0,0,101,100,100,-0.0,65.3,-0.0,65.7,2.7302339554914296e+23,65.5,1,49,50,180,52429,52429,0,0,0.0,0.0,0.0,60.0,-0.0,71.0,0.0,1.5369548572828753e+38,0.0,1069,0,1069,0,0,0,1069,0,1080,0,999,0,657,0,658,0,653,0,676,0.032,1.4536034330083127e+22,0.0,0.0,33168,16814,4.28385216916437e+36,1.5369548572828753e+38,-0.0,-0.0,-1.3300041400922931e+17,-0.0,50.0,60.0,35,0.0,0.0,10.0,2.0,0.0,0.0,0.0,0.0,0.0,0.0,0.0,0.0,0.0,0.0,0.0,0.0,58.8,57,10,65506,27,65476,0,300,0,0,8,20529,65476,0,0,30147,60.0,0.0,10.0,10.0,2.0,0.0
2026-02-16T12:35:57,ERR,ERR,ERR,ERR,ERR,ERR,ERR,ERR,ERR,ERR,ERR,ERR,ERR,ERR,ERR,ERR,ERR,ERR,ERR,ERR,ERR,ERR,ERR,ERR,ERR,ERR,ERR,ERR,ERR,ERR,ERR,ERR,ERR,ERR,ERR,ERR,ERR,ERR,ERR,ERR,ERR,ERR,ERR,ERR,ERR,ERR,ERR,ERR,ERR,ERR,ERR,ERR,ERR,ERR,ERR,ERR,ERR,ERR,ERR,ERR,ERR,ERR,ERR,ERR,ERR,ERR,ERR,ERR,ERR,ERR,ERR,ERR,ERR,ERR,ERR,ERR,ERR,ERR,ERR,ERR,ERR,ERR,ERR,ERR,ERR,ERR,ERR,ERR,ERR,ERR,ERR,ERR,ERR,ERR,ERR,ERR,ERR,ERR,ERR,ERR,ERR,ERR,ERR,ERR,ERR,ERR,ERR,ERR,ERR,ERR,ERR,ERR,ERR,ERR,ERR,ERR,ERR,ERR,ERR,ERR,ERR,ERR,ERR,ERR,ERR,0.0,-0.0,0.0,0.0,0.0,132743577600.0,-4552.869,1650.003,4300,0,8,17169,4300,0.0,41,0.0,0.0,0.0,0.0,2.7184166902131945e+23,0,0,0,0,0.0,0,0,0,0,0,0,0,0,0,0,0,0,0,0,0,0,0,0,0,0,0,0,0,0,0,0,0,0,0,0,0,0,0,13,35,35,48,65476,404,65476,1,0,4,21553,0.0,-0.0,0.0,0.0,0.0,0.0,0.0,0.0,0.0,0.0,0.0,0.0,0.0,0.0,0.0,0.0,0.0,0.0,0.0,0.0,0.0,2.004,2.004,-0.0,-2.004,-3.69707618246192e+19,0.0,0.0,0.0,0.0,6427.0,-2.4230005866688325e+24,0.0,0.0,-0.0,0.0,0.0,-0.0,0.0,2.004,2.004,224,-71.629,-0.0,0.0,0.0,0.0,0.0,0.0,0.0,0.0,0,0,0,-1.240031916305877e+37,-0.0,-0.0,1.113457868501126e+27,-0.0,-1.7142671331242803e+17,0.0,-0.0,4.680192161336253e+35,-3.69584641323302e+29,-398.548,1330620730966016.0,0.0,0.0,0.0,1.2965230661337088e+16,0,1.3516416376850534e+27,225,0.0,450,-0.0,0.0,2112,52429,17109,0,17112,52429,17095,0,0,0,101,100,100,-0.0,65.3,-0.0,65.7,2.7302339554914296e+23,65.5,1,49,50,180,52429,52429,0,0,0.0,0.0,0.0,60.0,-0.0,71.0,0.0,1.5369548572828753e+38,0.0,1069,0,1069,0,0,0,1069,0,1080,0,999,0,657,0,658,0,653,0,676,0.032,1.4536034330083127e+22,0.0,0.0,33168,16814,4.28385216916437e+36,1.5369548572828753e+38,-0.0,-0.0,-1.3300041400922931e+17,-0.0,50.0,60.0,35,0.0,0.0,10.0,2.0,0.0,0.0,0.0,0.0,0.0,0.0,0.0,0.0,0.0,0.0,0.0,0.0,59.2,57,10,65506,27,65476,0,300,0,0,8,20529,65476,0,0,30147,60.0,0.0,10.0,10.0,2.0,0.0
2026-02-16T12:35:58,ERR,ERR,ERR,ERR,ERR,ERR,ERR,ERR,ERR,ERR,ERR,ERR,ERR,ERR,ERR,ERR,ERR,ERR,ERR,ERR,ERR,ERR,ERR,ERR,ERR,ERR,ERR,ERR,ERR,ERR,ERR,ERR,ERR,ERR,ERR,ERR,ERR,ERR,ERR,ERR,ERR,ERR,ERR,ERR,ERR,ERR,ERR,ERR,ERR,ERR,ERR,ERR,ERR,ERR,ERR,ERR,ERR,ERR,ERR,ERR,ERR,ERR,ERR,ERR,ERR,ERR,ERR,ERR,ERR,ERR,ERR,ERR,ERR,ERR,ERR,ERR,ERR,ERR,ERR,ERR,ERR,ERR,ERR,ERR,ERR,ERR,ERR,ERR,ERR,ERR,ERR,ERR,ERR,ERR,ERR,ERR,ERR,ERR,ERR,ERR,ERR,ERR,ERR,ERR,ERR,ERR,ERR,ERR,ERR,ERR,ERR,ERR,ERR,ERR,ERR,ERR,ERR,ERR,ERR,ERR,ERR,ERR,ERR,ERR,ERR,0.0,-0.0,0.0,0.0,0.0,132743577600.0,-4552.869,1650.003,4300,0,8,17169,4300,0.0,41,0.0,0.0,0.0,0.0,2.7184166902131945e+23,0,0,0,0,0.0,0,0,0,0,0,0,0,0,0,0,0,0,0,0,0,0,0,0,0,0,0,0,0,0,0,0,0,0,0,0,0,0,0,13,35,35,48,65476,404,65476,1,0,4,21553,0.0,-0.0,0.0,0.0,0.0,0.0,0.0,0.0,0.0,0.0,0.0,0.0,0.0,0.0,0.0,0.0,0.0,0.0,0.0,0.0,0.0,2.004,2.004,-0.0,-2.004,-3.69707618246192e+19,0.0,0.0,0.0,0.0,6427.0,-2.4230005866688325e+24,0.0,0.0,-0.0,0.0,0.0,-0.0,0.0,2.004,2.004,224,-71.629,-0.0,0.0,0.0,0.0,0.0,0.0,0.0,0.0,0,0,0,-1.240031916305877e+37,-0.0,-0.0,1.113457868501126e+27,-0.0,-1.7142671331242803e+17,0.0,-0.0,4.680192161336253e+35,-3.69584641323302e+29,-398.548,1330620730966016.0,0.0,0.0,0.0,1.2965230661337088e+16,0,1.3516416376850534e+27,225,0.0,450,-0.0,0.0,2112,52429,17109,0,17112,52429,17095,0,0,0,101,100,100,-0.0,65.3,-0.0,65.7,2.7302339554914296e+23,65.5,1,49,50,180,52429,52429,0,0,0.0,0.0,0.0,60.0,-0.0,71.0,0.0,1.5369548572828753e+38,0.0,1069,0,1069,0,0,0,1069,0,1080,0,999,0,657,0,658,0,653,0,676,0.032,1.4536034330083127e+22,0.0,0.0,33168,16814,4.28385216916437e+36,1.5369548572828753e+38,-0.0,-0.0,-1.3300041400922931e+17,-0.0,50.0,60.0,35,0.0,0.0,10.0,2.0,0.0,0.0,0.0,0.0,0.0,0.0,0.0,0.0,0.0,0.0,0.0,0.0,59.2,57,10,65506,27,65476,0,300,0,0,8,20529,65476,0,0,30147,60.0,0.0,10.0,10.0,2.0,0.0
2026-02-16T12:35:59,ERR,ERR,ERR,ERR,ERR,ERR,ERR,ERR,ERR,ERR,ERR,ERR,ERR,ERR,ERR,ERR,ERR,ERR,ERR,ERR,ERR,ERR,ERR,ERR,ERR,ERR,ERR,ERR,ERR,ERR,ERR,ERR,ERR,ERR,ERR,ERR,ERR,ERR,ERR,ERR,ERR,ERR,ERR,ERR,ERR,ERR,ERR,ERR,ERR,ERR,ERR,ERR,ERR,ERR,ERR,ERR,ERR,ERR,ERR,ERR,ERR,ERR,ERR,ERR,ERR,ERR,ERR,ERR,ERR,ERR,ERR,ERR,ERR,ERR,ERR,ERR,ERR,ERR,ERR,ERR,ERR,ERR,ERR,ERR,ERR,ERR,ERR,ERR,ERR,ERR,ERR,ERR,ERR,ERR,ERR,ERR,ERR,ERR,ERR,ERR,ERR,ERR,ERR,ERR,ERR,ERR,ERR,ERR,ERR,ERR,ERR,ERR,ERR,ERR,ERR,ERR,ERR,ERR,ERR,ERR,ERR,ERR,ERR,ERR,ERR,0.0,-0.0,0.0,0.0,0.0,132743577600.0,-4552.869,1650.003,4300,0,8,17169,4300,0.0,41,0.0,0.0,0.0,0.0,2.7184166902131945e+23,0,0,0,0,0.0,0,0,0,0,0,0,0,0,0,0,0,0,0,0,0,0,0,0,0,0,0,0,0,0,0,0,0,0,0,0,0,0,0,13,35,35,48,65476,404,65476,1,0,4,21553,0.0,-0.0,0.0,0.0,0.0,0.0,0.0,0.0,0.0,0.0,0.0,0.0,0.0,0.0,0.0,0.0,0.0,0.0,0.0,0.0,0.0,2.004,2.004,-0.0,-2.004,-3.69707618246192e+19,0.0,0.0,0.0,0.0,6427.0,-2.4230005866688325e+24,0.0,0.0,-0.0,0.0,0.0,-0.0,0.0,2.004,2.004,224,-71.629,-0.0,0.0,0.0,0.0,0.0,0.0,0.0,0.0,0,0,0,-1.240031916305877e+37,-0.0,-0.0,1.113457868501126e+27,-0.0,-1.7142671331242803e+17,0.0,-0.0,4.680192161336253e+35,-3.69584641323302e+29,-398.548,1330620730966016.0,0.0,0.0,0.0,1.2965230661337088e+16,0,1.3516416376850534e+27,225,0.0,450,-0.0,0.0,2112,52429,17109,52429,17111,52429,17095,0,0,0,101,100,100,-0.0,65.3,-0.0,65.7,2.7302339554914296e+23,65.5,1,49,50,180,52429,52429,0,0,0.0,0.0,0.0,60.0,3.6067189616448416e+32,71.0,0.0,-5.93281835372489e+33,0.0,1069,0,1069,0,0,0,1069,0,1080,0,999,0,657,0,658,0,653,0,676,0.032,1.4536034330083127e+22,0.0,0.0,19344,16814,3.246772026663465e+38,7.66228893773137e+23,5.977,-5179851669504.0,-0.0,11.953,50.0,60.0,35,0.0,0.0,10.0,2.0,0.0,0.0,0.0,0.0,0.0,0.0,0.0,0.0,0.0,0.0,0.0,0.0,58.8,57,10,65506,27,65476,0,300,0,0,8,20529,65476,0,0,30147,60.0,0.0,10.0,10.0,2.0,0.0
2026-02-16T12:36:00,ERR,ERR,ERR,ERR,ERR,ERR,ERR,ERR,ERR,ERR,ERR,ERR,ERR,ERR,ERR,ERR,ERR,ERR,ERR,ERR,ERR,ERR,ERR,ERR,ERR,ERR,ERR,ERR,ERR,ERR,ERR,ERR,ERR,ERR,ERR,ERR,ERR,ERR,ERR,ERR,ERR,ERR,ERR,ERR,ERR,ERR,ERR,ERR,ERR,ERR,ERR,ERR,ERR,ERR,ERR,ERR,ERR,ERR,ERR,ERR,ERR,ERR,ERR,ERR,ERR,ERR,ERR,ERR,ERR,ERR,ERR,ERR,ERR,ERR,ERR,ERR,ERR,ERR,ERR,ERR,ERR,ERR,ERR,ERR,ERR,ERR,ERR,ERR,ERR,ERR,ERR,ERR,ERR,ERR,ERR,ERR,ERR,ERR,ERR,ERR,ERR,ERR,ERR,ERR,ERR,ERR,ERR,ERR,ERR,ERR,ERR,ERR,ERR,ERR,ERR,ERR,ERR,ERR,ERR,ERR,ERR,ERR,ERR,ERR,ERR,0.0,-0.0,0.0,0.0,0.0,132743577600.0,-4552.869,1650.003,4300,0,8,17169,4300,0.0,41,0.0,0.0,0.0,0.0,2.7184166902131945e+23,0,0,0,0,0.0,0,0,0,0,0,0,0,0,0,0,0,0,0,0,0,0,0,0,0,0,0,0,0,0,0,0,0,0,0,0,0,0,0,13,35,35,48,65476,404,65476,1,0,4,21553,0.0,-0.0,0.0,0.0,0.0,0.0,0.0,0.0,0.0,0.0,0.0,0.0,0.0,0.0,0.0,0.0,0.0,0.0,0.0,0.0,0.0,2.004,2.004,-0.0,-2.004,-3.69707618246192e+19,0.0,0.0,0.0,0.0,6427.0,-2.4230005866688325e+24,0.0,0.0,-0.0,0.0,0.0,-0.0,0.0,2.004,2.004,224,-71.629,-0.0,0.0,0.0,0.0,0.0,0.0,0.0,0.0,0,0,0,-1.240031916305877e+37,-0.0,-0.0,1.113457868501126e+27,-0.0,-1.7142671331242803e+17,0.0,-0.0,4.680192161336253e+35,-3.69584641323302e+29,-398.548,1330620730966016.0,0.0,0.0,0.0,1.2965230661337088e+16,0,1.3516416376850534e+27,225,0.0,450,-0.0,0.0,2112,52429,17109,52429,17111,52429,17095,0,0,0,101,100,100,-0.0,65.3,-0.0,65.7,2.7302339554914296e+23,65.5,1,49,50,180,52429,52429,0,0,0.0,0.0,0.0,60.0,3.6067189616448416e+32,71.0,0.0,-5.93281835372489e+33,0.0,1069,0,1069,0,0,0,1069,0,1080,0,999,0,657,0,658,0,653,0,676,0.032,1.4536034330083127e+22,0.0,0.0,19344,16814,3.246772026663465e+38,7.66228893773137e+23,5.977,-5179851669504.0,-0.0,11.953,50.0,60.0,35,0.0,0.0,10.0,2.0,0.0,0.0,0.0,0.0,0.0,0.0,0.0,0.0,0.0,0.0,0.0,0.0,58.8,57,10,65506,27,65476,0,300,0,0,8,20529,65476,0,0,30147,60.0,0.0,10.0,10.0,2.0,0.0
2026-02-16T12:36:01,ERR,ERR,ERR,ERR,ERR,ERR,ERR,ERR,ERR,ERR,ERR,ERR,ERR,ERR,ERR,ERR,ERR,ERR,ERR,ERR,ERR,ERR,ERR,ERR,ERR,ERR,ERR,ERR,ERR,ERR,ERR,ERR,ERR,ERR,ERR,ERR,ERR,ERR,ERR,ERR,ERR,ERR,ERR,ERR,ERR,ERR,ERR,ERR,ERR,ERR,ERR,ERR,ERR,ERR,ERR,ERR,ERR,ERR,ERR,ERR,ERR,ERR,ERR,ERR,ERR,ERR,ERR,ERR,ERR,ERR,ERR,ERR,ERR,ERR,ERR,ERR,ERR,ERR,ERR,ERR,ERR,ERR,ERR,ERR,ERR,ERR,ERR,ERR,ERR,ERR,ERR,ERR,ERR,ERR,ERR,ERR,ERR,ERR,ERR,ERR,ERR,ERR,ERR,ERR,ERR,ERR,ERR,ERR,ERR,ERR,ERR,ERR,ERR,ERR,ERR,ERR,ERR,ERR,ERR,ERR,ERR,ERR,ERR,ERR,ERR,0.0,-0.0,0.0,0.0,0.0,132743577600.0,-4552.869,1650.003,4300,0,8,17169,4300,0.0,41,0.0,0.0,0.0,0.0,2.7184166902131945e+23,0,0,0,0,0.0,0,0,0,0,0,0,0,0,0,0,0,0,0,0,0,0,0,0,0,0,0,0,0,0,0,0,0,0,0,0,0,0,0,13,35,35,48,65476,404,65476,1,0,4,21553,0.0,-0.0,0.0,0.0,0.0,0.0,0.0,0.0,0.0,0.0,0.0,0.0,0.0,0.0,0.0,0.0,0.0,0.0,0.0,0.0,0.0,2.004,2.004,-0.0,-2.004,-3.69707618246192e+19,0.0,0.0,0.0,0.0,6427.0,-2.4230005866688325e+24,0.0,0.0,-0.0,0.0,0.0,-0.0,0.0,2.004,2.004,224,-71.629,-0.0,0.0,0.0,0.0,0.0,0.0,0.0,0.0,0,0,0,-1.240031916305877e+37,-0.0,-0.0,1.113457868501126e+27,-0.0,-1.7142671331242803e+17,0.0,-0.0,4.680192161336253e+35,-3.69584641323302e+29,-398.548,1330620730966016.0,0.0,0.0,0.0,1.2965230661337088e+16,0,1.3516416376850534e+27,225,0.0,450,-0.0,0.0,2112,52429,17109,52429,17111,52429,17095,0,0,0,101,100,100,-0.0,65.3,-0.0,65.7,2.7302339554914296e+23,65.5,1,49,50,180,52429,52429,0,0,0.0,0.0,0.0,60.0,3.6067189616448416e+32,71.0,0.0,-5.93281835372489e+33,0.0,1069,0,1069,0,0,0,1069,0,1080,0,999,0,657,0,658,0,653,0,676,0.032,1.4536034330083127e+22,0.0,0.0,19344,16814,3.246772026663465e+38,7.66228893773137e+23,5.977,-5179851669504.0,-0.0,11.953,50.0,60.0,35,0.0,0.0,10.0,2.0,0.0,0.0,0.0,0.0,0.0,0.0,0.0,0.0,0.0,0.0,0.0,0.0,59.2,56,10,65507,27,65476,0,300,0,0,8,20529,65476,0,0,30147,60.0,0.0,10.0,10.0,2.0,0.0
2026-02-16T12:36:02,ERR,ERR,ERR,ERR,ERR,ERR,ERR,ERR,ERR,ERR,ERR,ERR,ERR,ERR,ERR,ERR,ERR,ERR,ERR,ERR,ERR,ERR,ERR,ERR,ERR,ERR,ERR,ERR,ERR,ERR,ERR,ERR,ERR,ERR,ERR,ERR,ERR,ERR,ERR,ERR,ERR,ERR,ERR,ERR,ERR,ERR,ERR,ERR,ERR,ERR,ERR,ERR,ERR,ERR,ERR,ERR,ERR,ERR,ERR,ERR,ERR,ERR,ERR,ERR,ERR,ERR,ERR,ERR,ERR,ERR,ERR,ERR,ERR,ERR,ERR,ERR,ERR,ERR,ERR,ERR,ERR,ERR,ERR,ERR,ERR,ERR,ERR,ERR,ERR,ERR,ERR,ERR,ERR,ERR,ERR,ERR,ERR,ERR,ERR,ERR,ERR,ERR,ERR,ERR,ERR,ERR,ERR,ERR,ERR,ERR,ERR,ERR,ERR,ERR,ERR,ERR,ERR,ERR,ERR,ERR,ERR,ERR,ERR,ERR,ERR,0.0,-0.0,0.0,0.0,0.0,-0.0,517379947757568.0,-2.759376872619206e+26,4300,0,8,17169,4300,0.0,41,0.0,0.0,0.0,0.0,2.7184166902131945e+23,0,0,0,0,0.0,0,0,0,0,0,0,0,0,0,0,0,0,0,0,0,0,0,0,0,0,0,0,0,0,0,0,0,0,0,0,0,0,0,13,35,35,48,65476,405,65476,1,0,4,21553,0.0,0.0,0.0,0.0,0.0,0.0,0.0,0.0,0.0,0.0,0.0,0.0,0.0,0.0,0.0,0.0,0.0,0.0,0.0,0.0,0.0,2.004,2.004,-0.0,-2.004,-2.004,0.0,0.0,0.0,0.0,6454.0,1.5879378533739454e+29,0.0,0.0,-0.0,0.0,0.0,-0.0,0.0,2.004,2.004,225,-0.0,-3.22202342759713e+26,0.0,0.0,0.0,0.0,0.0,0.0,0.0,0,0,0,-9.70567706999459e+33,8.056413750114081e+34,-0.0,0.0,-0.0,0.0,6.204015884399024e+25,0.0,0.0,-4.017710823447219e+29,-420.548,1427377754210304.0,0.0,0.0,0.0,1.2411705068754043e+19,0,1.3516416376850534e+27,225,0.0,450,-74360974999552.0,4.538271724008914e+24,2112,52429,17109,0,17112,52429,17095,0,0,0,101,100,100,-0.0,65.3,-0.0,65.7,2.7302339554914296e+23,65.5,1,49,50,180,52429,52429,0,0,0.0,0.0,0.0,60.0,5.427896655051464e+34,71.0,0.0,-0.0,0.0,1069,0,1069,0,0,0,1070,0,1080,0,999,0,658,0,658,0,653,0,676,0.032,1.4609821306377965e+22,0.0,0.0,27024,16814,1.74735099972817e+25,-0.0,0.0,0.0,-0.0,0.0,50.0,60.0,35,0.0,0.0,10.0,2.0,0.0,0.0,0.0,0.0,0.0,0.0,0.0,0.0,0.0,0.0,0.0,0.0,59.2,56,10,65507,27,65476,0,300,0,0,8,20529,65476,0,0,30147,60.0,0.0,10.0,10.0,2.0,0.0
2026-02-16T12:36:03,ERR,ERR,ERR,ERR,ERR,ERR,ERR,ERR,ERR,ERR,ERR,ERR,ERR,ERR,ERR,ERR,ERR,ERR,ERR,ERR,ERR,ERR,ERR,ERR,ERR,ERR,ERR,ERR,ERR,ERR,ERR,ERR,ERR,ERR,ERR,ERR,ERR,ERR,ERR,ERR,ERR,ERR,ERR,ERR,ERR,ERR,ERR,ERR,ERR,ERR,ERR,ERR,ERR,ERR,ERR,ERR,ERR,ERR,ERR,ERR,ERR,ERR,ERR,ERR,ERR,ERR,ERR,ERR,ERR,ERR,ERR,ERR,ERR,ERR,ERR,ERR,ERR,ERR,ERR,ERR,ERR,ERR,ERR,ERR,ERR,ERR,ERR,ERR,ERR,ERR,ERR,ERR,ERR,ERR,ERR,ERR,ERR,ERR,ERR,ERR,ERR,ERR,ERR,ERR,ERR,ERR,ERR,ERR,ERR,ERR,ERR,ERR,ERR,ERR,ERR,ERR,ERR,ERR,ERR,ERR,ERR,ERR,ERR,ERR,ERR,0.0,-0.0,0.0,0.0,0.0,-0.0,517379947757568.0,-2.759376872619206e+26,4300,0,8,17169,4300,0.0,41,0.0,0.0,0.0,0.0,2.7184166902131945e+23,0,0,0,0,0.0,0,0,0,0,0,0,0,0,0,0,0,0,0,0,0,0,0,0,0,0,0,0,0,0,0,0,0,0,0,0,0,0,0,13,35,35,48,65476,405,65476,1,0,4,21553,0.0,0.0,0.0,0.0,0.0,0.0,0.0,0.0,0.0,0.0,0.0,0.0,0.0,0.0,0.0,0.0,0.0,0.0,0.0,0.0,0.0,2.004,2.004,-0.0,-2.004,-2.004,0.0,0.0,0.0,0.0,6454.0,1.5879378533739454e+29,0.0,0.0,-0.0,0.0,0.0,-0.0,0.0,2.004,2.004,225,-0.0,-3.22202342759713e+26,0.0,0.0,0.0,0.0,0.0,0.0,0.0,0,0,0,-9.70567706999459e+33,8.056413750114081e+34,-0.0,0.0,-0.0,0.0,6.204015884399024e+25,0.0,0.0,-4.017710823447219e+29,-420.548,1427377754210304.0,0.0,0.0,0.0,1.2411705068754043e+19,0,1.3516416376850534e+27,225,0.0,450,-74360974999552.0,4.538271724008914e+24,2112,52429,17109,0,17112,52429,17095,0,0,0,101,100,100,-0.0,65.3,-0.0,65.7,2.7302339554914296e+23,65.5,1,49,50,180,52429,52429,0,0,0.0,0.0,0.0,60.0,5.427896655051464e+34,71.0,0.0,-0.0,0.0,1069,0,1069,0,0,0,1070,0,1080,0,999,0,658,0,658,0,653,0,676,0.032,1.4609821306377965e+22,0.0,0.0,27024,16814,1.74735099972817e+25,-0.0,0.0,0.0,-0.0,0.0,50.0,60.0,35,0.0,0.0,10.0,2.0,0.0,0.0,0.0,0.0,0.0,0.0,0.0,0.0,0.0,0.0,0.0,0.0,58.8,56,10,65507,27,65476,0,300,0,0,8,20529,65476,0,0,30147,60.0,0.0,10.0,10.0,2.0,0.0
2026-02-16T12:36:04,ERR,ERR,ERR,ERR,ERR,ERR,ERR,ERR,ERR,ERR,ERR,ERR,ERR,ERR,ERR,ERR,ERR,ERR,ERR,ERR,ERR,ERR,ERR,ERR,ERR,ERR,ERR,ERR,ERR,ERR,ERR,ERR,ERR,ERR,ERR,ERR,ERR,ERR,ERR,ERR,ERR,ERR,ERR,ERR,ERR,ERR,ERR,ERR,ERR,ERR,ERR,ERR,ERR,ERR,ERR,ERR,ERR,ERR,ERR,ERR,ERR,ERR,ERR,ERR,ERR,ERR,ERR,ERR,ERR,ERR,ERR,ERR,ERR,ERR,ERR,ERR,ERR,ERR,ERR,ERR,ERR,ERR,ERR,ERR,ERR,ERR,ERR,ERR,ERR,ERR,ERR,ERR,ERR,ERR,ERR,ERR,ERR,ERR,ERR,ERR,ERR,ERR,ERR,ERR,ERR,ERR,ERR,ERR,ERR,ERR,ERR,ERR,ERR,ERR,ERR,ERR,ERR,ERR,ERR,ERR,ERR,ERR,ERR,ERR,ERR,0.0,-0.0,0.0,0.0,0.0,-0.0,517379947757568.0,-2.759376872619206e+26,4300,0,8,17169,4300,0.0,41,0.0,0.0,0.0,0.0,2.7184166902131945e+23,0,0,0,0,0.0,0,0,0,0,0,0,0,0,0,0,0,0,0,0,0,0,0,0,0,0,0,0,0,0,0,0,0,0,0,0,0,0,0,13,35,35,48,65476,405,65476,1,0,4,21553,0.0,0.0,0.0,0.0,0.0,0.0,0.0,0.0,0.0,0.0,0.0,0.0,0.0,0.0,0.0,0.0,0.0,0.0,0.0,0.0,0.0,2.004,2.004,-0.0,-2.004,-2.004,0.0,0.0,0.0,0.0,6454.0,1.5879378533739454e+29,0.0,0.0,-0.0,0.0,0.0,-0.0,0.0,2.004,2.004,225,-0.0,-3.22202342759713e+26,0.0,0.0,0.0,0.0,0.0,0.0,0.0,0,0,0,-9.70567706999459e+33,8.056413750114081e+34,-0.0,0.0,-0.0,0.0,6.204015884399024e+25,0.0,0.0,-4.017710823447219e+29,-420.548,1427377754210304.0,0.0,0.0,0.0,1.2411705068754043e+19,0,1.3516416376850534e+27,225,0.0,450,-74360974999552.0,4.538271724008914e+24,2112,52429,17109,0,17112,52429,17095,0,0,0,101,100,100,-0.0,65.3,-0.0,65.7,2.7302339554914296e+23,65.5,1,49,50,180,52429,52429,0,0,0.0,0.0,0.0,60.0,5.427896655051464e+34,71.0,0.0,-0.0,0.0,1069,0,1069,0,0,0,1070,0,1080,0,999,0,658,0,658,0,653,0,676,0.032,1.4609821306377965e+22,0.0,0.0,27024,16814,1.74735099972817e+25,-0.0,0.0,0.0,-0.0,0.0,50.0,60.0,35,0.0,0.0,10.0,2.0,0.0,0.0,0.0,0.0,0.0,0.0,0.0,0.0,0.0,0.0,0.0,0.0,58.8,56,10,65507,27,65476,0,300,0,0,8,20529,65476,0,0,30147,60.0,0.0,10.0,10.0,2.0,0.0
2026-02-16T12:36:05,ERR,ERR,ERR,ERR,ERR,ERR,ERR,ERR,ERR,ERR,ERR,ERR,ERR,ERR,ERR,ERR,ERR,ERR,ERR,ERR,ERR,ERR,ERR,ERR,ERR,ERR,ERR,ERR,ERR,ERR,ERR,ERR,ERR,ERR,ERR,ERR,ERR,ERR,ERR,ERR,ERR,ERR,ERR,ERR,ERR,ERR,ERR,ERR,ERR,ERR,ERR,ERR,ERR,ERR,ERR,ERR,ERR,ERR,ERR,ERR,ERR,ERR,ERR,ERR,ERR,ERR,ERR,ERR,ERR,ERR,ERR,ERR,ERR,ERR,ERR,ERR,ERR,ERR,ERR,ERR,ERR,ERR,ERR,ERR,ERR,ERR,ERR,ERR,ERR,ERR,ERR,ERR,ERR,ERR,ERR,ERR,ERR,ERR,ERR,ERR,ERR,ERR,ERR,ERR,ERR,ERR,ERR,ERR,ERR,ERR,ERR,ERR,ERR,ERR,ERR,ERR,ERR,ERR,ERR,ERR,ERR,ERR,ERR,ERR,ERR,0.0,-0.0,0.0,0.0,0.0,-0.0,517379947757568.0,-2.759376872619206e+26,4300,0,8,17169,4300,0.0,41,0.0,0.0,0.0,0.0,2.7184166902131945e+23,0,0,0,0,0.0,0,0,0,0,0,0,0,0,0,0,0,0,0,0,0,0,0,0,0,0,0,0,0,0,0,0,0,0,0,0,0,0,0,13,35,35,48,65476,405,65476,1,0,4,21553,0.0,0.0,0.0,0.0,0.0,0.0,0.0,0.0,0.0,0.0,0.0,0.0,0.0,0.0,0.0,0.0,0.0,0.0,0.0,0.0,0.0,2.004,2.004,-0.0,-2.004,-2.004,0.0,0.0,0.0,0.0,6454.0,1.5879378533739454e+29,0.0,0.0,-0.0,0.0,0.0,-0.0,0.0,2.004,2.004,225,-0.0,-3.22202342759713e+26,0.0,0.0,0.0,0.0,0.0,0.0,0.0,0,0,0,-9.70567706999459e+33,8.056413750114081e+34,-0.0,0.0,-0.0,0.0,6.204015884399024e+25,0.0,0.0,-4.017710823447219e+29,-420.548,1427377754210304.0,0.0,0.0,0.0,1.2411705068754043e+19,0,1.3516416376850534e+27,225,0.0,450,-74360974999552.0,4.538271724008914e+24,2112,52429,17109,0,17112,52429,17095,0,0,0,101,100,100,-0.0,65.3,-0.0,65.7,2.7302339554914296e+23,65.5,1,49,50,180,52429,52429,0,0,0.0,0.0,0.0,60.0,5.427896655051464e+34,71.0,0.0,-0.0,0.0,1069,0,1069,0,0,0,1070,0,1080,0,999,0,658,0,658,0,653,0,676,0.032,1.4609821306377965e+22,0.0,0.0,27024,16814,1.74735099972817e+25,-0.0,0.0,0.0,-0.0,0.0,50.0,60.0,35,0.0,0.0,10.0,2.0,0.0,0.0,0.0,0.0,0.0,0.0,0.0,0.0,0.0,0.0,0.0,0.0,58.8,56,10,65507,27,65476,0,300,0,0,8,20529,65476,0,0,30147,60.0,0.0,10.0,10.0,2.0,0.0
2026-02-16T12:36:06,ERR,ERR,ERR,ERR,ERR,ERR,ERR,ERR,ERR,ERR,ERR,ERR,ERR,ERR,ERR,ERR,ERR,ERR,ERR,ERR,ERR,ERR,ERR,ERR,ERR,ERR,ERR,ERR,ERR,ERR,ERR,ERR,ERR,ERR,ERR,ERR,ERR,ERR,ERR,ERR,ERR,ERR,ERR,ERR,ERR,ERR,ERR,ERR,ERR,ERR,ERR,ERR,ERR,ERR,ERR,ERR,ERR,ERR,ERR,ERR,ERR,ERR,ERR,ERR,ERR,ERR,ERR,ERR,ERR,ERR,ERR,ERR,ERR,ERR,ERR,ERR,ERR,ERR,ERR,ERR,ERR,ERR,ERR,ERR,ERR,ERR,ERR,ERR,ERR,ERR,ERR,ERR,ERR,ERR,ERR,ERR,ERR,ERR,ERR,ERR,ERR,ERR,ERR,ERR,ERR,ERR,ERR,ERR,ERR,ERR,ERR,ERR,ERR,ERR,ERR,ERR,ERR,ERR,ERR,ERR,ERR,ERR,ERR,ERR,ERR,0.0,-0.0,0.0,0.0,0.0,-0.0,517379947757568.0,-2.759376872619206e+26,4300,0,8,17169,4300,0.0,41,0.0,0.0,0.0,0.0,2.7184166902131945e+23,0,0,0,0,0.0,0,0,0,0,0,0,0,0,0,0,0,0,0,0,0,0,0,0,0,0,0,0,0,0,0,0,0,0,0,0,0,0,0,13,35,35,48,65476,405,65476,1,0,4,21553,0.0,0.0,0.0,0.0,0.0,0.0,0.0,0.0,0.0,0.0,0.0,0.0,0.0,0.0,0.0,0.0,0.0,0.0,0.0,0.0,0.0,2.004,2.004,-0.0,-2.004,-2.004,0.0,0.0,0.0,0.0,6454.0,1.5879378533739454e+29,0.0,0.0,-0.0,0.0,0.0,-0.0,0.0,2.004,2.004,225,-0.0,-3.22202342759713e+26,0.0,0.0,0.0,0.0,0.0,0.0,0.0,0,0,0,-9.70567706999459e+33,8.056413750114081e+34,-0.0,0.0,-0.0,0.0,6.204015884399024e+25,0.0,0.0,-4.017710823447219e+29,-420.548,1427377754210304.0,0.0,0.0,0.0,1.2411705068754043e+19,0,1.3516416376850534e+27,225,0.0,450,-74360974999552.0,4.538271724008914e+24,2112,52429,17109,0,17112,52429,17095,0,0,0,101,100,100,-0.0,65.3,-0.0,65.7,2.7302339554914296e+23,65.5,1,49,50,180,52429,52429,0,0,0.0,0.0,0.0,60.0,-0.0,71.0,0.0,0.0,0.0,1069,0,1069,0,0,0,1069,0,1080,0,999,0,657,0,658,0,653,0,676,0.032,1.4609821306377965e+22,0.0,0.0,25488,16814,-0.0,0.0,-1.2396268222456168e+24,0.0,2.2408216951183816e+24,-605029120.0,50.0,60.0,35,0.0,0.0,10.0,2.0,0.0,0.0,0.0,0.0,0.0,0.0,0.0,0.0,0.0,0.0,0.0,0.0,58.8,56,10,65507,27,65476,0,300,0,0,8,20529,65476,0,0,30147,60.0,0.0,10.0,10.0,2.0,0.0
2026-02-16T12:36:07,ERR,ERR,ERR,ERR,ERR,ERR,ERR,ERR,ERR,ERR,ERR,ERR,ERR,ERR,ERR,ERR,ERR,ERR,ERR,ERR,ERR,ERR,ERR,ERR,ERR,ERR,ERR,ERR,ERR,ERR,ERR,ERR,ERR,ERR,ERR,ERR,ERR,ERR,ERR,ERR,ERR,ERR,ERR,ERR,ERR,ERR,ERR,ERR,ERR,ERR,ERR,ERR,ERR,ERR,ERR,ERR,ERR,ERR,ERR,ERR,ERR,ERR,ERR,ERR,ERR,ERR,ERR,ERR,ERR,ERR,ERR,ERR,ERR,ERR,ERR,ERR,ERR,ERR,ERR,ERR,ERR,ERR,ERR,ERR,ERR,ERR,ERR,ERR,ERR,ERR,ERR,ERR,ERR,ERR,ERR,ERR,ERR,ERR,ERR,ERR,ERR,ERR,ERR,ERR,ERR,ERR,ERR,ERR,ERR,ERR,ERR,ERR,ERR,ERR,ERR,ERR,ERR,ERR,ERR,ERR,ERR,ERR,ERR,ERR,ERR,0.0,-0.0,0.0,0.0,0.0,-3.2651354003614856e+22,-0.001,-0.0,4300,0,8,17169,4300,0.0,41,0.0,0.0,0.0,0.0,2.7184166902131945e+23,0,0,0,0,0.0,0,0,0,0,0,0,0,0,0,0,0,0,0,0,0,0,0,0,0,0,0,0,0,0,0,0,0,0,0,0,0,0,0,13,35,35,48,65476,407,65476,1,0,4,21553,0.0,0.0,0.0,0.0,0.0,0.0,0.0,0.0,0.0,0.0,0.0,0.0,0.0,0.0,0.0,0.0,0.0,0.0,0.0,0.0,0.0,2.004,2.004,-0.0,-2.004,-2.004,0.0,0.0,0.0,0.0,6452.0,0.0,0.0,0.0,-0.0,0.0,0.0,0.0,0.0,2.004,2.004,225,-0.0,1.9056957152926106e+17,0.0,0.0,0.0,0.0,0.0,0.0,0.0,0,0,0,-3.4479950862208595e+29,0.0,-0.0,3.8989720803723236e+26,-0.0,2.68951804930919e+29,1.7302699258719e+37,0.0,0.0,-4.290057632090003e+29,-446.548,1541726963499008.0,0.0,0.0,0.0,5.600613662375948e+24,0,1.3516416376850534e+27,225,0.0,450,-74360974999552.0,4.538271724008914e+24,2112,52429,17109,0,17112,52429,17095,0,0,0,101,100,100,-0.0,65.3,-0.0,65.7,2.7302339554914296e+23,65.5,1,49,50,180,52429,52429,0,0,0.0,0.0,0.0,60.0,-0.0,71.0,0.0,0.0,0.0,1069,0,1069,0,0,0,1069,0,1080,0,999,0,657,0,658,0,653,0,676,0.032,1.4609821306377965e+22,0.0,0.0,25488,16814,-0.0,0.0,-1.2396268222456168e+24,0.0,2.2408216951183816e+24,-605029120.0,50.0,60.0,35,0.0,0.0,10.0,2.0,0.0,0.0,0.0,0.0,0.0,0.0,0.0,0.0,0.0,0.0,0.0,0.0,58.8,56,10,65507,27,65476,0,300,0,0,8,20529,65476,0,0,30147,60.0,0.0,10.0,10.0,2.0,0.0
2026-02-16T12:36:08,ERR,ERR,ERR,ERR,ERR,ERR,ERR,ERR,ERR,ERR,ERR,ERR,ERR,ERR,ERR,ERR,ERR,ERR,ERR,ERR,ERR,ERR,ERR,ERR,ERR,ERR,ERR,ERR,ERR,ERR,ERR,ERR,ERR,ERR,ERR,ERR,ERR,ERR,ERR,ERR,ERR,ERR,ERR,ERR,ERR,ERR,ERR,ERR,ERR,ERR,ERR,ERR,ERR,ERR,ERR,ERR,ERR,ERR,ERR,ERR,ERR,ERR,ERR,ERR,ERR,ERR,ERR,ERR,ERR,ERR,ERR,ERR,ERR,ERR,ERR,ERR,ERR,ERR,ERR,ERR,ERR,ERR,ERR,ERR,ERR,ERR,ERR,ERR,ERR,ERR,ERR,ERR,ERR,ERR,ERR,ERR,ERR,ERR,ERR,ERR,ERR,ERR,ERR,ERR,ERR,ERR,ERR,ERR,ERR,ERR,ERR,ERR,ERR,ERR,ERR,ERR,ERR,ERR,ERR,ERR,ERR,ERR,ERR,ERR,ERR,0.0,-0.0,0.0,0.0,0.0,-3.2651354003614856e+22,-0.001,-0.0,4300,0,8,17169,4300,0.0,41,0.0,0.0,0.0,0.0,2.7184166902131945e+23,0,0,0,0,0.0,0,0,0,0,0,0,0,0,0,0,0,0,0,0,0,0,0,0,0,0,0,0,0,0,0,0,0,0,0,0,0,0,0,13,35,35,48,65476,407,65476,1,0,4,21553,0.0,0.0,0.0,0.0,0.0,0.0,0.0,0.0,0.0,0.0,0.0,0.0,0.0,0.0,0.0,0.0,0.0,0.0,0.0,0.0,0.0,2.004,2.004,-0.0,-2.004,-2.004,0.0,0.0,0.0,0.0,6452.0,0.0,0.0,0.0,-0.0,0.0,0.0,0.0,0.0,2.004,2.004,225,-0.0,1.9056957152926106e+17,0.0,0.0,0.0,0.0,0.0,0.0,0.0,0,0,0,-3.4479950862208595e+29,0.0,-0.0,3.8989720803723236e+26,-0.0,2.68951804930919e+29,1.7302699258719e+37,0.0,0.0,-4.290057632090003e+29,-446.548,1541726963499008.0,0.0,0.0,0.0,5.600613662375948e+24,0,1.3516416376850534e+27,225,0.0,450,-74360974999552.0,4.538271724008914e+24,2112,52429,17109,0,17112,52429,17095,0,0,0,101,100,100,-0.0,65.3,-0.0,65.7,2.7302339554914296e+23,65.5,1,49,50,180,52429,52429,0,0,0.0,0.0,0.0,60.0,-0.0,71.0,0.0,0.0,0.0,1069,0,1069,0,0,0,1069,0,1080,0,999,0,657,0,658,0,653,0,676,0.032,1.4609821306377965e+22,0.0,0.0,25488,16814,-0.0,0.0,-1.2396268222456168e+24,0.0,2.2408216951183816e+24,-605029120.0,50.0,60.0,35,0.0,0.0,10.0,2.0,0.0,0.0,0.0,0.0,0.0,0.0,0.0,0.0,0.0,0.0,0.0,0.0,58.8,56,10,65507,27,65476,0,300,0,0,8,20529,65476,0,0,30147,60.0,0.0,10.0,10.0,2.0,0.0
2026-02-16T12:36:09,ERR,ERR,ERR,ERR,ERR,ERR,ERR,ERR,ERR,ERR,ERR,ERR,ERR,ERR,ERR,ERR,ERR,ERR,ERR,ERR,ERR,ERR,ERR,ERR,ERR,ERR,ERR,ERR,ERR,ERR,ERR,ERR,ERR,ERR,ERR,ERR,ERR,ERR,ERR,ERR,ERR,ERR,ERR,ERR,ERR,ERR,ERR,ERR,ERR,ERR,ERR,ERR,ERR,ERR,ERR,ERR,ERR,ERR,ERR,ERR,ERR,ERR,ERR,ERR,ERR,ERR,ERR,ERR,ERR,ERR,ERR,ERR,ERR,ERR,ERR,ERR,ERR,ERR,ERR,ERR,ERR,ERR,ERR,ERR,ERR,ERR,ERR,ERR,ERR,ERR,ERR,ERR,ERR,ERR,ERR,ERR,ERR,ERR,ERR,ERR,ERR,ERR,ERR,ERR,ERR,ERR,ERR,ERR,ERR,ERR,ERR,ERR,ERR,ERR,ERR,ERR,ERR,ERR,ERR,ERR,ERR,ERR,ERR,ERR,ERR,0.0,-0.0,0.0,0.0,0.0,-3.2651354003614856e+22,-0.001,-0.0,4300,0,8,17169,4300,0.0,41,0.0,0.0,0.0,0.0,2.7184166902131945e+23,0,0,0,0,0.0,0,0,0,0,0,0,0,0,0,0,0,0,0,0,0,0,0,0,0,0,0,0,0,0,0,0,0,0,0,0,0,0,0,13,35,35,48,65476,407,65476,1,0,4,21553,0.0,0.0,0.0,0.0,0.0,0.0,0.0,0.0,0.0,0.0,0.0,0.0,0.0,0.0,0.0,0.0,0.0,0.0,0.0,0.0,0.0,2.004,2.004,-0.0,-2.004,-2.004,0.0,0.0,0.0,0.0,6452.0,0.0,0.0,0.0,-0.0,0.0,0.0,0.0,0.0,2.004,2.004,225,-0.0,1.9056957152926106e+17,0.0,0.0,0.0,0.0,0.0,0.0,0.0,0,0,0,-3.4479950862208595e+29,0.0,-0.0,3.8989720803723236e+26,-0.0,2.68951804930919e+29,1.7302699258719e+37,0.0,0.0,-4.290057632090003e+29,-446.548,1541726963499008.0,0.0,0.0,0.0,5.600613662375948e+24,0,1.3516416376850534e+27,225,0.0,450,-74360974999552.0,4.538271724008914e+24,2112,52429,17109,0,17112,52429,17095,0,0,0,101,100,100,-107615248.0,65.3,-0.0,65.8,-0.0,65.5,1,49,50,180,52429,52429,0,0,0.0,0.0,0.0,60.0,nan,71.0,0.0,-0.0,0.0,1069,0,1069,0,0,0,1069,0,1080,0,999,0,657,0,658,0,654,0,676,0.032,1.4609821306377965e+22,0.0,0.0,30480,16814,-0.0,0.0,-252969584.0,2.8617657184853897e+32,11420056.0,-0.0,50.0,60.0,35,0.0,0.0,10.0,2.0,0.0,0.0,0.0,0.0,0.0,0.0,0.0,0.0,0.0,0.0,0.0,0.0,58.8,56,10,65507,27,65476,0,300,0,0,8,20529,65476,0,0,30147,60.0,0.0,10.0,10.0,2.0,0.0
2026-02-16T12:36:10,ERR,ERR,ERR,ERR,ERR,ERR,ERR,ERR,ERR,ERR,ERR,ERR,ERR,ERR,ERR,ERR,ERR,ERR,ERR,ERR,ERR,ERR,ERR,ERR,ERR,ERR,ERR,ERR,ERR,ERR,ERR,ERR,ERR,ERR,ERR,ERR,ERR,ERR,ERR,ERR,ERR,ERR,ERR,ERR,ERR,ERR,ERR,ERR,ERR,ERR,ERR,ERR,ERR,ERR,ERR,ERR,ERR,ERR,ERR,ERR,ERR,ERR,ERR,ERR,ERR,ERR,ERR,ERR,ERR,ERR,ERR,ERR,ERR,ERR,ERR,ERR,ERR,ERR,ERR,ERR,ERR,ERR,ERR,ERR,ERR,ERR,ERR,ERR,ERR,ERR,ERR,ERR,ERR,ERR,ERR,ERR,ERR,ERR,ERR,ERR,ERR,ERR,ERR,ERR,ERR,ERR,ERR,ERR,ERR,ERR,ERR,ERR,ERR,ERR,ERR,ERR,ERR,ERR,ERR,ERR,ERR,ERR,ERR,ERR,ERR,0.0,-0.0,0.0,0.0,0.0,-3.2651354003614856e+22,-0.001,-0.0,4300,0,8,17169,4300,0.0,41,0.0,0.0,0.0,0.0,2.7184166902131945e+23,0,0,0,0,0.0,0,0,0,0,0,0,0,0,0,0,0,0,0,0,0,0,0,0,0,0,0,0,0,0,0,0,0,0,0,0,0,0,0,13,35,35,48,65476,407,65476,1,0,4,21553,0.0,0.0,0.0,0.0,0.0,0.0,0.0,0.0,0.0,0.0,0.0,0.0,0.0,0.0,0.0,0.0,0.0,0.0,0.0,0.0,0.0,2.004,2.004,-0.0,-2.004,-2.004,0.0,0.0,0.0,0.0,6452.0,0.0,0.0,0.0,-0.0,0.0,0.0,0.0,0.0,2.004,2.004,225,-0.0,1.9056957152926106e+17,0.0,0.0,0.0,0.0,0.0,0.0,0.0,0,0,0,-3.4479950862208595e+29,0.0,-0.0,3.8989720803723236e+26,-0.0,2.68951804930919e+29,1.7302699258719e+37,0.0,0.0,-4.290057632090003e+29,-446.548,1541726963499008.0,0.0,0.0,0.0,5.600613662375948e+24,0,1.3516416376850534e+27,225,0.0,450,-74360974999552.0,4.538271724008914e+24,2112,52429,17109,0,17112,52429,17095,0,0,0,101,100,100,-107615248.0,65.3,-0.0,65.8,-0.0,65.5,1,49,50,180,52429,52429,0,0,0.0,0.0,0.0,60.0,nan,71.0,0.0,-0.0,0.0,1069,0,1069,0,0,0,1069,0,1080,0,999,0,657,0,658,0,654,0,676,0.032,1.4609821306377965e+22,0.0,0.0,30480,16814,-0.0,0.0,-252969584.0,2.8617657184853897e+32,11420056.0,-0.0,50.0,60.0,35,0.0,0.0,10.0,2.0,0.0,0.0,0.0,0.0,0.0,0.0,0.0,0.0,0.0,0.0,0.0,0.0,58.8,56,10,65507,27,65476,0,300,0,0,8,20529,65476,0,0,30147,60.0,0.0,10.0,10.0,2.0,0.0
2026-02-16T12:36:11,ERR,ERR,ERR,ERR,ERR,ERR,ERR,ERR,ERR,ERR,ERR,ERR,ERR,ERR,ERR,ERR,ERR,ERR,ERR,ERR,ERR,ERR,ERR,ERR,ERR,ERR,ERR,ERR,ERR,ERR,ERR,ERR,ERR,ERR,ERR,ERR,ERR,ERR,ERR,ERR,ERR,ERR,ERR,ERR,ERR,ERR,ERR,ERR,ERR,ERR,ERR,ERR,ERR,ERR,ERR,ERR,ERR,ERR,ERR,ERR,ERR,ERR,ERR,ERR,ERR,ERR,ERR,ERR,ERR,ERR,ERR,ERR,ERR,ERR,ERR,ERR,ERR,ERR,ERR,ERR,ERR,ERR,ERR,ERR,ERR,ERR,ERR,ERR,ERR,ERR,ERR,ERR,ERR,ERR,ERR,ERR,ERR,ERR,ERR,ERR,ERR,ERR,ERR,ERR,ERR,ERR,ERR,ERR,ERR,ERR,ERR,ERR,ERR,ERR,ERR,ERR,ERR,ERR,ERR,ERR,ERR,ERR,ERR,ERR,ERR,0.0,-0.0,0.0,0.0,0.0,0.0,0.0,4.1604106360156805e+24,4300,0,8,17169,4300,0.0,41,0.0,0.0,0.0,0.0,2.7184166902131945e+23,0,0,0,0,0.0,0,0,0,0,0,0,0,0,0,0,0,0,0,0,0,0,0,0,0,0,0,0,0,0,0,0,0,0,0,0,0,0,0,12,36,36,48,65476,410,65476,1,0,4,21553,0.0,-0.0,0.0,0.0,0.0,0.0,0.0,0.0,0.0,0.0,0.0,0.0,0.0,0.0,0.0,0.0,0.0,0.0,0.0,0.0,0.0,2.004,2.004,-0.0,-2.004,-2.004,0.0,0.0,0.0,0.0,6487.0,-0.0,0.0,0.0,-0.0,0.0,0.0,0.0,0.0,2.004,2.004,225,-0.0,-0.0,0.0,0.0,0.0,0.0,0.0,0.0,0.0,0,0,0,-4.059171186267914e+17,6.053180594970092e+20,-0.0,-0.0,-0.0,21024.965,-0.0,0.0,0.0,-4.611922042304202e+29,-468.548,1638483986743296.0,0.0,0.0,0.0,-0.0,0,1.3516416376850534e+27,225,0.0,450,-74360974999552.0,4.538271724008914e+24,2112,52429,17109,0,17112,52429,17095,0,0,0,101,100,100,-107615248.0,65.3,-0.0,65.8,-0.0,65.5,1,49,50,180,52429,52429,0,0,0.0,0.0,0.0,60.0,nan,71.0,0.0,-0.0,0.0,1069,0,1069,0,0,0,1069,0,1080,0,999,0,657,0,658,0,654,0,676,0.032,1.4609821306377965e+22,0.0,0.0,30480,16814,-0.0,0.0,-252969584.0,2.8617657184853897e+32,11420056.0,-0.0,50.0,60.0,35,0.0,0.0,10.0,2.0,0.0,0.0,0.0,0.0,0.0,0.0,0.0,0.0,0.0,0.0,0.0,0.0,58.8,56,10,65507,27,65476,0,300,0,0,8,20529,65476,0,0,30147,60.0,0.0,10.0,10.0,2.0,0.0
2026-02-16T12:36:12,ERR,ERR,ERR,ERR,ERR,ERR,ERR,ERR,ERR,ERR,ERR,ERR,ERR,ERR,ERR,ERR,ERR,ERR,ERR,ERR,ERR,ERR,ERR,ERR,ERR,ERR,ERR,ERR,ERR,ERR,ERR,ERR,ERR,ERR,ERR,ERR,ERR,ERR,ERR,ERR,ERR,ERR,ERR,ERR,ERR,ERR,ERR,ERR,ERR,ERR,ERR,ERR,ERR,ERR,ERR,ERR,ERR,ERR,ERR,ERR,ERR,ERR,ERR,ERR,ERR,ERR,ERR,ERR,ERR,ERR,ERR,ERR,ERR,ERR,ERR,ERR,ERR,ERR,ERR,ERR,ERR,ERR,ERR,ERR,ERR,ERR,ERR,ERR,ERR,ERR,ERR,ERR,ERR,ERR,ERR,ERR,ERR,ERR,ERR,ERR,ERR,ERR,ERR,ERR,ERR,ERR,ERR,ERR,ERR,ERR,ERR,ERR,ERR,ERR,ERR,ERR,ERR,ERR,ERR,ERR,ERR,ERR,ERR,ERR,ERR,0.0,-0.0,0.0,0.0,0.0,0.0,0.0,4.1604106360156805e+24,4300,0,8,17169,4300,0.0,41,0.0,0.0,0.0,0.0,2.7184166902131945e+23,0,0,0,0,0.0,0,0,0,0,0,0,0,0,0,0,0,0,0,0,0,0,0,0,0,0,0,0,0,0,0,0,0,0,0,0,0,0,0,12,36,36,48,65476,410,65476,1,0,4,21553,0.0,-0.0,0.0,0.0,0.0,0.0,0.0,0.0,0.0,0.0,0.0,0.0,0.0,0.0,0.0,0.0,0.0,0.0,0.0,0.0,0.0,2.004,2.004,-0.0,-2.004,-2.004,0.0,0.0,0.0,0.0,6487.0,-0.0,0.0,0.0,-0.0,0.0,0.0,0.0,0.0,2.004,2.004,225,-0.0,-0.0,0.0,0.0,0.0,0.0,0.0,0.0,0.0,0,0,0,-4.059171186267914e+17,6.053180594970092e+20,-0.0,-0.0,-0.0,21024.965,-0.0,0.0,0.0,-4.611922042304202e+29,-468.548,1638483986743296.0,0.0,0.0,0.0,-0.0,0,1.3516416376850534e+27,225,0.0,450,-74360974999552.0,4.538271724008914e+24,2112,0,17110,0,17112,52429,17095,0,0,0,101,100,100,-0.0,65.3,-0.0,65.7,2.7302339554914296e+23,65.5,1,49,50,180,52429,52429,0,0,0.0,0.0,0.0,60.0,1.9271242698307126e+27,71.0,0.0,-0.0,0.0,1069,0,1069,0,0,0,1069,0,1080,0,999,0,658,0,658,0,653,0,676,0.032,1.4536034330083127e+22,0.0,0.0,19856,16814,2.6842891940337287e+19,-2572950087663616.0,119.625,-8.205193998604698e+16,-0.0,0.44,50.0,60.0,35,0.0,0.0,10.0,2.0,0.0,0.0,0.0,0.0,0.0,0.0,0.0,0.0,0.0,0.0,0.0,0.0,58.8,56,10,65507,27,65476,0,300,0,0,8,20529,65476,0,0,30147,60.0,0.0,10.0,10.0,2.0,0.0
2026-02-16T12:36:13,ERR,ERR,ERR,ERR,ERR,ERR,ERR,ERR,ERR,ERR,ERR,ERR,ERR,ERR,ERR,ERR,ERR,ERR,ERR,ERR,ERR,ERR,ERR,ERR,ERR,ERR,ERR,ERR,ERR,ERR,ERR,ERR,ERR,ERR,ERR,ERR,ERR,ERR,ERR,ERR,ERR,ERR,ERR,ERR,ERR,ERR,ERR,ERR,ERR,ERR,ERR,ERR,ERR,ERR,ERR,ERR,ERR,ERR,ERR,ERR,ERR,ERR,ERR,ERR,ERR,ERR,ERR,ERR,ERR,ERR,ERR,ERR,ERR,ERR,ERR,ERR,ERR,ERR,ERR,ERR,ERR,ERR,ERR,ERR,ERR,ERR,ERR,ERR,ERR,ERR,ERR,ERR,ERR,ERR,ERR,ERR,ERR,ERR,ERR,ERR,ERR,ERR,ERR,ERR,ERR,ERR,ERR,ERR,ERR,ERR,ERR,ERR,ERR,ERR,ERR,ERR,ERR,ERR,ERR,ERR,ERR,ERR,ERR,ERR,ERR,0.0,-0.0,0.0,0.0,0.0,0.0,0.0,4.1604106360156805e+24,4300,0,8,17169,4300,0.0,41,0.0,0.0,0.0,0.0,2.7184166902131945e+23,0,0,0,0,0.0,0,0,0,0,0,0,0,0,0,0,0,0,0,0,0,0,0,0,0,0,0,0,0,0,0,0,0,0,0,0,0,0,0,12,36,36,48,65476,410,65476,1,0,4,21553,0.0,-0.0,0.0,0.0,0.0,0.0,0.0,0.0,0.0,0.0,0.0,0.0,0.0,0.0,0.0,0.0,0.0,0.0,0.0,0.0,0.0,2.004,2.004,-0.0,-2.004,-2.004,0.0,0.0,0.0,0.0,6487.0,-0.0,0.0,0.0,-0.0,0.0,0.0,0.0,0.0,2.004,2.004,225,-0.0,-0.0,0.0,0.0,0.0,0.0,0.0,0.0,0.0,0,0,0,-4.059171186267914e+17,6.053180594970092e+20,-0.0,-0.0,-0.0,21024.965,-0.0,0.0,0.0,-4.611922042304202e+29,-468.548,1638483986743296.0,0.0,0.0,0.0,-0.0,0,1.3516416376850534e+27,225,0.0,450,-74360974999552.0,4.538271724008914e+24,2112,0,17110,0,17112,52429,17095,0,0,0,101,100,100,-0.0,65.3,-0.0,65.7,2.7302339554914296e+23,65.5,1,49,50,180,52429,52429,0,0,0.0,0.0,0.0,60.0,1.9271242698307126e+27,71.0,0.0,-0.0,0.0,1069,0,1069,0,0,0,1069,0,1080,0,999,0,658,0,658,0,653,0,676,0.032,1.4536034330083127e+22,0.0,0.0,19856,16814,2.6842891940337287e+19,-2572950087663616.0,119.625,-8.205193998604698e+16,-0.0,0.44,50.0,60.0,35,0.0,0.0,10.0,2.0,0.0,0.0,0.0,0.0,0.0,0.0,0.0,0.0,0.0,0.0,0.0,0.0,58.8,56,10,65507,27,65476,0,300,0,0,8,20529,65476,0,0,30147,60.0,0.0,10.0,10.0,2.0,0.0
2026-02-16T12:36:14,ERR,ERR,ERR,ERR,ERR,ERR,ERR,ERR,ERR,ERR,ERR,ERR,ERR,ERR,ERR,ERR,ERR,ERR,ERR,ERR,ERR,ERR,ERR,ERR,ERR,ERR,ERR,ERR,ERR,ERR,ERR,ERR,ERR,ERR,ERR,ERR,ERR,ERR,ERR,ERR,ERR,ERR,ERR,ERR,ERR,ERR,ERR,ERR,ERR,ERR,ERR,ERR,ERR,ERR,ERR,ERR,ERR,ERR,ERR,ERR,ERR,ERR,ERR,ERR,ERR,ERR,ERR,ERR,ERR,ERR,ERR,ERR,ERR,ERR,ERR,ERR,ERR,ERR,ERR,ERR,ERR,ERR,ERR,ERR,ERR,ERR,ERR,ERR,ERR,ERR,ERR,ERR,ERR,ERR,ERR,ERR,ERR,ERR,ERR,ERR,ERR,ERR,ERR,ERR,ERR,ERR,ERR,ERR,ERR,ERR,ERR,ERR,ERR,ERR,ERR,ERR,ERR,ERR,ERR,ERR,ERR,ERR,ERR,ERR,ERR,0.0,-0.0,0.0,0.0,0.0,0.0,0.0,4.1604106360156805e+24,4300,0,8,17169,4300,0.0,41,0.0,0.0,0.0,0.0,2.7184166902131945e+23,0,0,0,0,0.0,0,0,0,0,0,0,0,0,0,0,0,0,0,0,0,0,0,0,0,0,0,0,0,0,0,0,0,0,0,0,0,0,0,12,36,36,48,65476,410,65476,1,0,4,21553,0.0,-0.0,0.0,0.0,0.0,0.0,0.0,0.0,0.0,0.0,0.0,0.0,0.0,0.0,0.0,0.0,0.0,0.0,0.0,0.0,0.0,2.004,2.004,-0.0,-2.004,-2.004,0.0,0.0,0.0,0.0,6487.0,-0.0,0.0,0.0,-0.0,0.0,0.0,0.0,0.0,2.004,2.004,225,-0.0,-0.0,0.0,0.0,0.0,0.0,0.0,0.0,0.0,0,0,0,-4.059171186267914e+17,6.053180594970092e+20,-0.0,-0.0,-0.0,21024.965,-0.0,0.0,0.0,-4.611922042304202e+29,-468.548,1638483986743296.0,0.0,0.0,0.0,-0.0,0,1.3516416376850534e+27,225,0.0,450,-74360974999552.0,4.538271724008914e+24,2112,0,17110,0,17112,52429,17095,0,0,0,101,100,100,-0.0,65.3,-0.0,65.7,2.7302339554914296e+23,65.5,1,49,50,180,52429,52429,0,0,0.0,0.0,0.0,60.0,1.9271242698307126e+27,71.0,0.0,-0.0,0.0,1069,0,1069,0,0,0,1069,0,1080,0,999,0,658,0,658,0,653,0,676,0.032,1.4536034330083127e+22,0.0,0.0,19856,16814,2.6842891940337287e+19,-2572950087663616.0,119.625,-8.205193998604698e+16,-0.0,0.44,50.0,60.0,35,0.0,0.0,10.0,2.0,0.0,0.0,0.0,0.0,0.0,0.0,0.0,0.0,0.0,0.0,0.0,0.0,58.8,56,10,65507,27,65476,0,300,0,0,8,20529,65476,0,0,30147,60.0,0.0,10.0,10.0,2.0,0.0
2026-02-16T12:36:15,ERR,ERR,ERR,ERR,ERR,ERR,ERR,ERR,ERR,ERR,ERR,ERR,ERR,ERR,ERR,ERR,ERR,ERR,ERR,ERR,ERR,ERR,ERR,ERR,ERR,ERR,ERR,ERR,ERR,ERR,ERR,ERR,ERR,ERR,ERR,ERR,ERR,ERR,ERR,ERR,ERR,ERR,ERR,ERR,ERR,ERR,ERR,ERR,ERR,ERR,ERR,ERR,ERR,ERR,ERR,ERR,ERR,ERR,ERR,ERR,ERR,ERR,ERR,ERR,ERR,ERR,ERR,ERR,ERR,ERR,ERR,ERR,ERR,ERR,ERR,ERR,ERR,ERR,ERR,ERR,ERR,ERR,ERR,ERR,ERR,ERR,ERR,ERR,ERR,ERR,ERR,ERR,ERR,ERR,ERR,ERR,ERR,ERR,ERR,ERR,ERR,ERR,ERR,ERR,ERR,ERR,ERR,ERR,ERR,ERR,ERR,ERR,ERR,ERR,ERR,ERR,ERR,ERR,ERR,ERR,ERR,ERR,ERR,ERR,ERR,0.0,-0.0,0.0,0.0,0.0,0.0,0.0,4.1604106360156805e+24,4300,0,8,17169,4300,0.0,41,0.0,0.0,0.0,0.0,2.7184166902131945e+23,0,0,0,0,0.0,0,0,0,0,0,0,0,0,0,0,0,0,0,0,0,0,0,0,0,0,0,0,0,0,0,0,0,0,0,0,0,0,0,12,36,36,48,65476,410,65476,1,0,4,21553,0.0,-0.0,0.0,0.0,0.0,0.0,0.0,0.0,0.0,0.0,0.0,0.0,0.0,0.0,0.0,0.0,0.0,0.0,0.0,0.0,0.0,2.004,2.004,-0.0,-2.004,-2.004,0.0,0.0,0.0,0.0,6487.0,-0.0,0.0,0.0,-0.0,0.0,0.0,0.0,0.0,2.004,2.004,225,-0.0,-0.0,0.0,0.0,0.0,0.0,0.0,0.0,0.0,0,0,0,-4.059171186267914e+17,6.053180594970092e+20,-0.0,-0.0,-0.0,21024.965,-0.0,0.0,0.0,-4.611922042304202e+29,-468.548,1638483986743296.0,0.0,0.0,0.0,-0.0,0,1.3516416376850534e+27,225,0.0,450,-74360974999552.0,4.538271724008914e+24,2112,0,17110,0,17112,52429,17095,0,0,0,101,100,100,-0.0,65.3,-0.0,65.7,2.7302339554914296e+23,65.5,1,49,50,180,52429,52429,0,0,0.0,0.0,0.0,60.0,1.9271242698307126e+27,71.0,0.0,-0.0,0.0,1069,0,1069,0,0,0,1069,0,1080,0,999,0,658,0,658,0,653,0,676,0.032,1.4536034330083127e+22,0.0,0.0,19856,16814,2.6842891940337287e+19,-2572950087663616.0,119.625,-8.205193998604698e+16,-0.0,0.44,50.0,60.0,35,0.0,0.0,10.0,2.0,0.0,0.0,0.0,0.0,0.0,0.0,0.0,0.0,0.0,0.0,0.0,0.0,58.8,55,11,65507,27,65476,0,300,0,0,8,20529,65476,0,0,30147,60.0,0.0,10.0,10.0,2.0,0.0
2026-02-16T12:36:16,ERR,ERR,ERR,ERR,ERR,ERR,ERR,ERR,ERR,ERR,ERR,ERR,ERR,ERR,ERR,ERR,ERR,ERR,ERR,ERR,ERR,ERR,ERR,ERR,ERR,ERR,ERR,ERR,ERR,ERR,ERR,ERR,ERR,ERR,ERR,ERR,ERR,ERR,ERR,ERR,ERR,ERR,ERR,ERR,ERR,ERR,ERR,ERR,ERR,ERR,ERR,ERR,ERR,ERR,ERR,ERR,ERR,ERR,ERR,ERR,ERR,ERR,ERR,ERR,ERR,ERR,ERR,ERR,ERR,ERR,ERR,ERR,ERR,ERR,ERR,ERR,ERR,ERR,ERR,ERR,ERR,ERR,ERR,ERR,ERR,ERR,ERR,ERR,ERR,ERR,ERR,ERR,ERR,ERR,ERR,ERR,ERR,ERR,ERR,ERR,ERR,ERR,ERR,ERR,ERR,ERR,ERR,ERR,ERR,ERR,ERR,ERR,ERR,ERR,ERR,ERR,ERR,ERR,ERR,ERR,ERR,ERR,ERR,ERR,ERR,0.0,-0.0,0.0,0.0,0.0,0.0,0.638,9.124303840168903e+18,4300,0,8,17169,4300,0.0,41,0.0,0.0,0.0,0.0,2.7184166902131945e+23,0,0,0,0,0.0,0,0,0,0,0,0,0,0,0,0,0,0,0,0,0,0,0,0,0,0,0,0,0,0,0,0,0,0,0,0,0,0,0,13,36,36,48,65476,408,65476,1,0,4,21553,0.0,0.0,0.0,0.0,0.0,0.0,0.0,0.0,0.0,0.0,0.0,0.0,0.0,0.0,0.0,0.0,0.0,0.0,0.0,0.0,0.0,2.004,2.004,-0.0,-2.004,-2.004,0.0,0.0,0.0,0.0,6484.0,-3.697206364638649e+19,0.0,0.0,-0.0,0.0,0.0,0.0,0.0,2.004,2.004,226,5.848055683159391e+35,-152018236735488.0,0.0,0.0,0.0,0.0,0.0,0.0,0.0,0,0,0,-42215075840.0,0.0,-0.0,2.233678657309625e+33,-0.0,-0.0,0.0,0.0,7.32215459249019e+36,-4.909027651732693e+29,-494.548,1752833196032000.0,0.0,0.0,0.0,-0.0,0,1.3516416376850534e+27,226,0.0,452,0.0,-0.0,2112,52429,17109,0,17112,52429,17095,0,0,0,101,100,100,-0.0,65.3,-0.0,65.7,-0.0,65.5,1,49,50,180,52429,52429,0,0,0.0,0.0,0.0,60.0,1.1157552289595449e+29,71.0,0.0,-2139696066985984.0,0.0,1069,0,1069,0,0,0,1069,0,1080,0,999,0,657,0,658,0,654,0,676,0.032,1.4536034330083127e+22,0.0,0.0,18832,16814,1.4358194692661707e+19,-2139696066985984.0,20.531,-8.782146266965475e+18,-0.0,0.092,50.0,60.0,35,0.0,0.0,10.0,2.0,0.0,0.0,0.0,0.0,0.0,0.0,0.0,0.0,0.0,0.0,0.0,0.0,58.8,55,11,65507,27,65476,0,300,0,0,8,20529,65476,0,0,30147,60.0,0.0,10.0,10.0,2.0,0.0
2026-02-16T12:36:17,ERR,ERR,ERR,ERR,ERR,ERR,ERR,ERR,ERR,ERR,ERR,ERR,ERR,ERR,ERR,ERR,ERR,ERR,ERR,ERR,ERR,ERR,ERR,ERR,ERR,ERR,ERR,ERR,ERR,ERR,ERR,ERR,ERR,ERR,ERR,ERR,ERR,ERR,ERR,ERR,ERR,ERR,ERR,ERR,ERR,ERR,ERR,ERR,ERR,ERR,ERR,ERR,ERR,ERR,ERR,ERR,ERR,ERR,ERR,ERR,ERR,ERR,ERR,ERR,ERR,ERR,ERR,ERR,ERR,ERR,ERR,ERR,ERR,ERR,ERR,ERR,ERR,ERR,ERR,ERR,ERR,ERR,ERR,ERR,ERR,ERR,ERR,ERR,ERR,ERR,ERR,ERR,ERR,ERR,ERR,ERR,ERR,ERR,ERR,ERR,ERR,ERR,ERR,ERR,ERR,ERR,ERR,ERR,ERR,ERR,ERR,ERR,ERR,ERR,ERR,ERR,ERR,ERR,ERR,ERR,ERR,ERR,ERR,ERR,ERR,0.0,-0.0,0.0,0.0,0.0,0.0,0.638,9.124303840168903e+18,4300,0,8,17169,4300,0.0,41,0.0,0.0,0.0,0.0,2.7184166902131945e+23,0,0,0,0,0.0,0,0,0,0,0,0,0,0,0,0,0,0,0,0,0,0,0,0,0,0,0,0,0,0,0,0,0,0,0,0,0,0,0,13,36,36,48,65476,408,65476,1,0,4,21553,0.0,0.0,0.0,0.0,0.0,0.0,0.0,0.0,0.0,0.0,0.0,0.0,0.0,0.0,0.0,0.0,0.0,0.0,0.0,0.0,0.0,2.004,2.004,-0.0,-2.004,-2.004,0.0,0.0,0.0,0.0,6484.0,-3.697206364638649e+19,0.0,0.0,-0.0,0.0,0.0,0.0,0.0,2.004,2.004,226,5.848055683159391e+35,-152018236735488.0,0.0,0.0,0.0,0.0,0.0,0.0,0.0,0,0,0,-42215075840.0,0.0,-0.0,2.233678657309625e+33,-0.0,-0.0,0.0,0.0,7.32215459249019e+36,-4.909027651732693e+29,-494.548,1752833196032000.0,0.0,0.0,0.0,-0.0,0,1.3516416376850534e+27,226,0.0,452,0.0,-0.0,2112,52429,17109,0,17112,52429,17095,0,0,0,101,100,100,-0.0,65.3,-0.0,65.7,-0.0,65.5,1,49,50,180,52429,52429,0,0,0.0,0.0,0.0,60.0,1.1157552289595449e+29,71.0,0.0,-2139696066985984.0,0.0,1069,0,1069,0,0,0,1069,0,1080,0,999,0,657,0,658,0,654,0,676,0.032,1.4536034330083127e+22,0.0,0.0,18832,16814,1.4358194692661707e+19,-2139696066985984.0,20.531,-8.782146266965475e+18,-0.0,0.092,50.0,60.0,35,0.0,0.0,10.0,2.0,0.0,0.0,0.0,0.0,0.0,0.0,0.0,0.0,0.0,0.0,0.0,0.0,58.8,55,11,65507,27,65476,0,300,0,0,8,20529,65476,0,0,30147,60.0,0.0,10.0,10.0,2.0,0.0
2026-02-16T12:36:18,ERR,ERR,ERR,ERR,ERR,ERR,ERR,ERR,ERR,ERR,ERR,ERR,ERR,ERR,ERR,ERR,ERR,ERR,ERR,ERR,ERR,ERR,ERR,ERR,ERR,ERR,ERR,ERR,ERR,ERR,ERR,ERR,ERR,ERR,ERR,ERR,ERR,ERR,ERR,ERR,ERR,ERR,ERR,ERR,ERR,ERR,ERR,ERR,ERR,ERR,ERR,ERR,ERR,ERR,ERR,ERR,ERR,ERR,ERR,ERR,ERR,ERR,ERR,ERR,ERR,ERR,ERR,ERR,ERR,ERR,ERR,ERR,ERR,ERR,ERR,ERR,ERR,ERR,ERR,ERR,ERR,ERR,ERR,ERR,ERR,ERR,ERR,ERR,ERR,ERR,ERR,ERR,ERR,ERR,ERR,ERR,ERR,ERR,ERR,ERR,ERR,ERR,ERR,ERR,ERR,ERR,ERR,ERR,ERR,ERR,ERR,ERR,ERR,ERR,ERR,ERR,ERR,ERR,ERR,ERR,ERR,ERR,ERR,ERR,ERR,0.0,-0.0,0.0,0.0,0.0,0.0,0.638,9.124303840168903e+18,4300,0,8,17169,4300,0.0,41,0.0,0.0,0.0,0.0,2.7184166902131945e+23,0,0,0,0,0.0,0,0,0,0,0,0,0,0,0,0,0,0,0,0,0,0,0,0,0,0,0,0,0,0,0,0,0,0,0,0,0,0,0,13,36,36,48,65476,408,65476,1,0,4,21553,0.0,0.0,0.0,0.0,0.0,0.0,0.0,0.0,0.0,0.0,0.0,0.0,0.0,0.0,0.0,0.0,0.0,0.0,0.0,0.0,0.0,2.004,2.004,-0.0,-2.004,-2.004,0.0,0.0,0.0,0.0,6484.0,-3.697206364638649e+19,0.0,0.0,-0.0,0.0,0.0,0.0,0.0,2.004,2.004,226,5.848055683159391e+35,-152018236735488.0,0.0,0.0,0.0,0.0,0.0,0.0,0.0,0,0,0,-42215075840.0,0.0,-0.0,2.233678657309625e+33,-0.0,-0.0,0.0,0.0,7.32215459249019e+36,-4.909027651732693e+29,-494.548,1752833196032000.0,0.0,0.0,0.0,-0.0,0,1.3516416376850534e+27,226,0.0,452,0.0,-0.0,2112,52429,17109,0,17112,52429,17095,0,0,0,101,100,100,-0.0,65.3,-0.0,65.7,-0.0,65.5,1,49,50,180,52429,52429,0,0,0.0,0.0,0.0,60.0,1.1157552289595449e+29,71.0,0.0,-2139696066985984.0,0.0,1069,0,1069,0,0,0,1069,0,1080,0,999,0,657,0,658,0,654,0,676,0.032,1.4536034330083127e+22,0.0,0.0,18832,16814,1.4358194692661707e+19,-2139696066985984.0,20.531,-8.782146266965475e+18,-0.0,0.092,50.0,60.0,35,0.0,0.0,10.0,2.0,0.0,0.0,0.0,0.0,0.0,0.0,0.0,0.0,0.0,0.0,0.0,0.0,58.8,55,11,65507,27,65476,0,300,0,0,8,20529,65476,0,0,30147,60.0,0.0,10.0,10.0,2.0,0.0
2026-02-16T12:36:19,ERR,ERR,ERR,ERR,ERR,ERR,ERR,ERR,ERR,ERR,ERR,ERR,ERR,ERR,ERR,ERR,ERR,ERR,ERR,ERR,ERR,ERR,ERR,ERR,ERR,ERR,ERR,ERR,ERR,ERR,ERR,ERR,ERR,ERR,ERR,ERR,ERR,ERR,ERR,ERR,ERR,ERR,ERR,ERR,ERR,ERR,ERR,ERR,ERR,ERR,ERR,ERR,ERR,ERR,ERR,ERR,ERR,ERR,ERR,ERR,ERR,ERR,ERR,ERR,ERR,ERR,ERR,ERR,ERR,ERR,ERR,ERR,ERR,ERR,ERR,ERR,ERR,ERR,ERR,ERR,ERR,ERR,ERR,ERR,ERR,ERR,ERR,ERR,ERR,ERR,ERR,ERR,ERR,ERR,ERR,ERR,ERR,ERR,ERR,ERR,ERR,ERR,ERR,ERR,ERR,ERR,ERR,ERR,ERR,ERR,ERR,ERR,ERR,ERR,ERR,ERR,ERR,ERR,ERR,ERR,ERR,ERR,ERR,ERR,ERR,0.0,-0.0,0.0,0.0,0.0,0.0,0.638,9.124303840168903e+18,4300,0,8,17169,4300,0.0,41,0.0,0.0,0.0,0.0,2.7184166902131945e+23,0,0,0,0,0.0,0,0,0,0,0,0,0,0,0,0,0,0,0,0,0,0,0,0,0,0,0,0,0,0,0,0,0,0,0,0,0,0,0,13,36,36,48,65476,408,65476,1,0,4,21553,0.0,0.0,0.0,0.0,0.0,0.0,0.0,0.0,0.0,0.0,0.0,0.0,0.0,0.0,0.0,0.0,0.0,0.0,0.0,0.0,0.0,2.004,2.004,-0.0,-2.004,-2.004,0.0,0.0,0.0,0.0,6484.0,-3.697206364638649e+19,0.0,0.0,-0.0,0.0,0.0,0.0,0.0,2.004,2.004,226,5.848055683159391e+35,-152018236735488.0,0.0,0.0,0.0,0.0,0.0,0.0,0.0,0,0,0,-42215075840.0,0.0,-0.0,2.233678657309625e+33,-0.0,-0.0,0.0,0.0,7.32215459249019e+36,-4.909027651732693e+29,-494.548,1752833196032000.0,0.0,0.0,0.0,-0.0,0,1.3516416376850534e+27,226,0.0,452,0.0,-0.0,2114,52429,17109,0,17112,52429,17095,0,0,0,101,100,100,-107615248.0,65.3,-0.0,65.8,-0.0,65.5,1,49,50,180,52429,52429,0,0,0.0,0.0,0.0,60.0,1.2702253099925537e+30,71.0,0.0,0.0,0.0,1069,0,1069,0,0,0,1069,0,1080,0,999,0,658,0,658,0,654,0,676,0.032,1.4609821306377965e+22,0.0,0.0,25232,16814,1.2702253099925537e+30,0.0,-0.0,0.0,0.0,-0.0,50.0,60.0,35,0.0,0.0,10.0,2.0,0.0,0.0,0.0,0.0,0.0,0.0,0.0,0.0,0.0,0.0,0.0,0.0,58.8,55,11,65507,27,65476,0,300,0,0,8,20529,65476,0,0,30147,60.0,0.0,10.0,10.0,2.0,0.0
2026-02-16T12:36:20,ERR,ERR,ERR,ERR,ERR,ERR,ERR,ERR,ERR,ERR,ERR,ERR,ERR,ERR,ERR,ERR,ERR,ERR,ERR,ERR,ERR,ERR,ERR,ERR,ERR,ERR,ERR,ERR,ERR,ERR,ERR,ERR,ERR,ERR,ERR,ERR,ERR,ERR,ERR,ERR,ERR,ERR,ERR,ERR,ERR,ERR,ERR,ERR,ERR,ERR,ERR,ERR,ERR,ERR,ERR,ERR,ERR,ERR,ERR,ERR,ERR,ERR,ERR,ERR,ERR,ERR,ERR,ERR,ERR,ERR,ERR,ERR,ERR,ERR,ERR,ERR,ERR,ERR,ERR,ERR,ERR,ERR,ERR,ERR,ERR,ERR,ERR,ERR,ERR,ERR,ERR,ERR,ERR,ERR,ERR,ERR,ERR,ERR,ERR,ERR,ERR,ERR,ERR,ERR,ERR,ERR,ERR,ERR,ERR,ERR,ERR,ERR,ERR,ERR,ERR,ERR,ERR,ERR,ERR,ERR,ERR,ERR,ERR,ERR,ERR,0.0,-0.0,0.0,0.0,0.0,0.0,0.638,9.124303840168903e+18,4300,0,8,17169,4300,0.0,41,0.0,0.0,0.0,0.0,2.7184166902131945e+23,0,0,0,0,0.0,0,0,0,0,0,0,0,0,0,0,0,0,0,0,0,0,0,0,0,0,0,0,0,0,0,0,0,0,0,0,0,0,0,13,36,36,48,65476,408,65476,1,0,4,21553,0.0,0.0,0.0,0.0,0.0,0.0,0.0,0.0,0.0,0.0,0.0,0.0,0.0,0.0,0.0,0.0,0.0,0.0,0.0,0.0,0.0,2.004,2.004,-0.0,-2.004,-2.004,0.0,0.0,0.0,0.0,6484.0,-3.697206364638649e+19,0.0,0.0,-0.0,0.0,0.0,0.0,0.0,2.004,2.004,226,5.848055683159391e+35,-152018236735488.0,0.0,0.0,0.0,0.0,0.0,0.0,0.0,0,0,0,-42215075840.0,0.0,-0.0,2.233678657309625e+33,-0.0,-0.0,0.0,0.0,7.32215459249019e+36,-4.909027651732693e+29,-494.548,1752833196032000.0,0.0,0.0,0.0,-0.0,0,1.3516416376850534e+27,226,0.0,452,0.0,-0.0,2114,52429,17109,0,17112,52429,17095,0,0,0,101,100,100,-107615248.0,65.3,-0.0,65.8,-0.0,65.5,1,49,50,180,52429,52429,0,0,0.0,0.0,0.0,60.0,1.2702253099925537e+30,71.0,0.0,0.0,0.0,1069,0,1069,0,0,0,1069,0,1080,0,999,0,658,0,658,0,654,0,676,0.032,1.4609821306377965e+22,0.0,0.0,25232,16814,1.2702253099925537e+30,0.0,-0.0,0.0,0.0,-0.0,50.0,60.0,35,0.0,0.0,10.0,2.0,0.0,0.0,0.0,0.0,0.0,0.0,0.0,0.0,0.0,0.0,0.0,0.0,58.8,55,11,65507,27,65476,0,300,0,0,8,20529,65476,0,0,30147,60.0,0.0,10.0,10.0,2.0,0.0
2026-02-16T12:36:21,ERR,ERR,ERR,ERR,ERR,ERR,ERR,ERR,ERR,ERR,ERR,ERR,ERR,ERR,ERR,ERR,ERR,ERR,ERR,ERR,ERR,ERR,ERR,ERR,ERR,ERR,ERR,ERR,ERR,ERR,ERR,ERR,ERR,ERR,ERR,ERR,ERR,ERR,ERR,ERR,ERR,ERR,ERR,ERR,ERR,ERR,ERR,ERR,ERR,ERR,ERR,ERR,ERR,ERR,ERR,ERR,ERR,ERR,ERR,ERR,ERR,ERR,ERR,ERR,ERR,ERR,ERR,ERR,ERR,ERR,ERR,ERR,ERR,ERR,ERR,ERR,ERR,ERR,ERR,ERR,ERR,ERR,ERR,ERR,ERR,ERR,ERR,ERR,ERR,ERR,ERR,ERR,ERR,ERR,ERR,ERR,ERR,ERR,ERR,ERR,ERR,ERR,ERR,ERR,ERR,ERR,ERR,ERR,ERR,ERR,ERR,ERR,ERR,ERR,ERR,ERR,ERR,ERR,ERR,ERR,ERR,ERR,ERR,ERR,ERR,0.0,-0.0,0.0,0.0,0.0,4.804884642554661e+28,-0.0,0.0,4300,0,8,17169,4300,0.0,41,0.0,0.0,0.0,0.0,2.7184166902131945e+23,0,0,0,0,0.0,0,0,0,0,0,0,0,0,0,0,0,0,0,0,0,0,0,0,0,0,0,0,0,0,0,0,0,0,0,0,0,0,0,12,36,36,48,65476,412,65476,1,0,4,21553,0.0,0.0,0.0,0.0,0.0,0.0,0.0,0.0,0.0,0.0,0.0,0.0,0.0,0.0,-2.600982585120823e+33,0.0,0.0,0.0,0.0,0.0,0.0,2.004,2.004,-0.0,-2.004,-2.004,0.0,0.0,0.0,0.0,6513.0,1.587938231163264e+29,0.0,0.0,-0.0,0.0,0.0,0.0,0.0,2.004,2.004,225,1.9056859227671757e+17,0.0,0.0,0.0,0.0,0.0,0.0,0.0,0.0,0,0,0,-0.047,-5251529527263232.0,1.6034705125178108e+38,3.439271883630038e+28,-0.0,41486272.0,-0.0,-1.268,3051921.0,-5.206133261161184e+29,-529.096,1858386312298496.0,0.0,0.0,0.0,-0.0,0,1.3516416376850534e+27,225,0.0,450,-74360974999552.0,4.538271724008914e+24,2114,52429,17109,0,17112,52429,17095,0,0,0,101,100,100,-107615248.0,65.3,-0.0,65.8,-0.0,65.5,1,49,50,180,52429,52429,0,0,0.0,0.0,0.0,60.0,1.2702253099925537e+30,71.0,0.0,0.0,0.0,1069,0,1069,0,0,0,1069,0,1080,0,999,0,658,0,658,0,654,0,676,0.032,1.4609821306377965e+22,0.0,0.0,25232,16814,1.2702253099925537e+30,0.0,-0.0,0.0,0.0,-0.0,50.0,60.0,35,0.0,0.0,10.0,2.0,0.0,0.0,0.0,0.0,0.0,0.0,0.0,0.0,0.0,0.0,0.0,0.0,58.8,55,11,65507,27,65476,0,300,0,0,8,20529,65476,0,0,30147,60.0,0.0,10.0,10.0,2.0,0.0
2026-02-16T12:36:22,ERR,ERR,ERR,ERR,ERR,ERR,ERR,ERR,ERR,ERR,ERR,ERR,ERR,ERR,ERR,ERR,ERR,ERR,ERR,ERR,ERR,ERR,ERR,ERR,ERR,ERR,ERR,ERR,ERR,ERR,ERR,ERR,ERR,ERR,ERR,ERR,ERR,ERR,ERR,ERR,ERR,ERR,ERR,ERR,ERR,ERR,ERR,ERR,ERR,ERR,ERR,ERR,ERR,ERR,ERR,ERR,ERR,ERR,ERR,ERR,ERR,ERR,ERR,ERR,ERR,ERR,ERR,ERR,ERR,ERR,ERR,ERR,ERR,ERR,ERR,ERR,ERR,ERR,ERR,ERR,ERR,ERR,ERR,ERR,ERR,ERR,ERR,ERR,ERR,ERR,ERR,ERR,ERR,ERR,ERR,ERR,ERR,ERR,ERR,ERR,ERR,ERR,ERR,ERR,ERR,ERR,ERR,ERR,ERR,ERR,ERR,ERR,ERR,ERR,ERR,ERR,ERR,ERR,ERR,ERR,ERR,ERR,ERR,ERR,ERR,0.0,-0.0,0.0,0.0,0.0,4.804884642554661e+28,-0.0,0.0,4300,0,8,17169,4300,0.0,41,0.0,0.0,0.0,0.0,2.7184166902131945e+23,0,0,0,0,0.0,0,0,0,0,0,0,0,0,0,0,0,0,0,0,0,0,0,0,0,0,0,0,0,0,0,0,0,0,0,0,0,0,0,12,36,36,48,65476,412,65476,1,0,4,21553,0.0,0.0,0.0,0.0,0.0,0.0,0.0,0.0,0.0,0.0,0.0,0.0,0.0,0.0,-2.600982585120823e+33,0.0,0.0,0.0,0.0,0.0,0.0,2.004,2.004,-0.0,-2.004,-2.004,0.0,0.0,0.0,0.0,6513.0,1.587938231163264e+29,0.0,0.0,-0.0,0.0,0.0,0.0,0.0,2.004,2.004,225,1.9056859227671757e+17,0.0,0.0,0.0,0.0,0.0,0.0,0.0,0.0,0,0,0,-0.047,-5251529527263232.0,1.6034705125178108e+38,3.439271883630038e+28,-0.0,41486272.0,-0.0,-1.268,3051921.0,-5.206133261161184e+29,-529.096,1858386312298496.0,0.0,0.0,0.0,-0.0,0,1.3516416376850534e+27,225,0.0,450,-74360974999552.0,4.538271724008914e+24,2112,52429,17109,0,17112,52429,17095,0,0,0,101,100,100,-107615248.0,65.3,-0.0,65.8,-0.0,65.5,1,49,50,180,52429,52429,0,0,0.0,0.0,0.0,60.0,2.0303501626041015e+34,71.0,0.0,0.0,0.0,1069,0,1069,0,0,0,1069,0,1080,0,999,0,658,0,658,0,654,0,676,0.032,1.4609821306377965e+22,0.0,0.0,13712,16814,1.2007704637544632e+36,0.0,-59391504384.0,6.801041705253164e+28,478688000.0,-0.001,50.0,60.0,35,0.0,0.0,10.0,2.0,0.0,0.0,0.0,0.0,0.0,0.0,0.0,0.0,0.0,0.0,0.0,0.0,58.8,55,11,65507,27,65476,0,300,0,0,8,20529,65476,0,0,30147,60.0,0.0,10.0,10.0,2.0,0.0
2026-02-16T12:36:23,ERR,ERR,ERR,ERR,ERR,ERR,ERR,ERR,ERR,ERR,ERR,ERR,ERR,ERR,ERR,ERR,ERR,ERR,ERR,ERR,ERR,ERR,ERR,ERR,ERR,ERR,ERR,ERR,ERR,ERR,ERR,ERR,ERR,ERR,ERR,ERR,ERR,ERR,ERR,ERR,ERR,ERR,ERR,ERR,ERR,ERR,ERR,ERR,ERR,ERR,ERR,ERR,ERR,ERR,ERR,ERR,ERR,ERR,ERR,ERR,ERR,ERR,ERR,ERR,ERR,ERR,ERR,ERR,ERR,ERR,ERR,ERR,ERR,ERR,ERR,ERR,ERR,ERR,ERR,ERR,ERR,ERR,ERR,ERR,ERR,ERR,ERR,ERR,ERR,ERR,ERR,ERR,ERR,ERR,ERR,ERR,ERR,ERR,ERR,ERR,ERR,ERR,ERR,ERR,ERR,ERR,ERR,ERR,ERR,ERR,ERR,ERR,ERR,ERR,ERR,ERR,ERR,ERR,ERR,ERR,ERR,ERR,ERR,ERR,ERR,0.0,-0.0,0.0,0.0,0.0,4.804884642554661e+28,-0.0,0.0,4300,0,8,17169,4300,0.0,41,0.0,0.0,0.0,0.0,2.7184166902131945e+23,0,0,0,0,0.0,0,0,0,0,0,0,0,0,0,0,0,0,0,0,0,0,0,0,0,0,0,0,0,0,0,0,0,0,0,0,0,0,0,12,36,36,48,65476,412,65476,1,0,4,21553,0.0,0.0,0.0,0.0,0.0,0.0,0.0,0.0,0.0,0.0,0.0,0.0,0.0,0.0,-2.600982585120823e+33,0.0,0.0,0.0,0.0,0.0,0.0,2.004,2.004,-0.0,-2.004,-2.004,0.0,0.0,0.0,0.0,6513.0,1.587938231163264e+29,0.0,0.0,-0.0,0.0,0.0,0.0,0.0,2.004,2.004,225,1.9056859227671757e+17,0.0,0.0,0.0,0.0,0.0,0.0,0.0,0.0,0,0,0,-0.047,-5251529527263232.0,1.6034705125178108e+38,3.439271883630038e+28,-0.0,41486272.0,-0.0,-1.268,3051921.0,-5.206133261161184e+29,-529.096,1858386312298496.0,0.0,0.0,0.0,-0.0,0,1.3516416376850534e+27,225,0.0,450,-74360974999552.0,4.538271724008914e+24,2112,52429,17109,0,17112,52429,17095,0,0,0,101,100,100,-107615248.0,65.3,-0.0,65.8,-0.0,65.5,1,49,50,180,52429,52429,0,0,0.0,0.0,0.0,60.0,2.0303501626041015e+34,71.0,0.0,0.0,0.0,1069,0,1069,0,0,0,1069,0,1080,0,999,0,658,0,658,0,654,0,676,0.032,1.4609821306377965e+22,0.0,0.0,13712,16814,1.2007704637544632e+36,0.0,-59391504384.0,6.801041705253164e+28,478688000.0,-0.001,50.0,60.0,35,0.0,0.0,10.0,2.0,0.0,0.0,0.0,0.0,0.0,0.0,0.0,0.0,0.0,0.0,0.0,0.0,58.8,55,11,65507,27,65476,0,300,0,0,8,20529,65476,0,0,30147,60.0,0.0,10.0,10.0,2.0,0.0
2026-02-16T12:36:24,ERR,ERR,ERR,ERR,ERR,ERR,ERR,ERR,ERR,ERR,ERR,ERR,ERR,ERR,ERR,ERR,ERR,ERR,ERR,ERR,ERR,ERR,ERR,ERR,ERR,ERR,ERR,ERR,ERR,ERR,ERR,ERR,ERR,ERR,ERR,ERR,ERR,ERR,ERR,ERR,ERR,ERR,ERR,ERR,ERR,ERR,ERR,ERR,ERR,ERR,ERR,ERR,ERR,ERR,ERR,ERR,ERR,ERR,ERR,ERR,ERR,ERR,ERR,ERR,ERR,ERR,ERR,ERR,ERR,ERR,ERR,ERR,ERR,ERR,ERR,ERR,ERR,ERR,ERR,ERR,ERR,ERR,ERR,ERR,ERR,ERR,ERR,ERR,ERR,ERR,ERR,ERR,ERR,ERR,ERR,ERR,ERR,ERR,ERR,ERR,ERR,ERR,ERR,ERR,ERR,ERR,ERR,ERR,ERR,ERR,ERR,ERR,ERR,ERR,ERR,ERR,ERR,ERR,ERR,ERR,ERR,ERR,ERR,ERR,ERR,0.0,-0.0,0.0,0.0,0.0,4.804884642554661e+28,-0.0,0.0,4300,0,8,17169,4300,0.0,41,0.0,0.0,0.0,0.0,2.7184166902131945e+23,0,0,0,0,0.0,0,0,0,0,0,0,0,0,0,0,0,0,0,0,0,0,0,0,0,0,0,0,0,0,0,0,0,0,0,0,0,0,0,12,36,36,48,65476,412,65476,1,0,4,21553,0.0,0.0,0.0,0.0,0.0,0.0,0.0,0.0,0.0,0.0,0.0,0.0,0.0,0.0,-2.600982585120823e+33,0.0,0.0,0.0,0.0,0.0,0.0,2.004,2.004,-0.0,-2.004,-2.004,0.0,0.0,0.0,0.0,6513.0,1.587938231163264e+29,0.0,0.0,-0.0,0.0,0.0,0.0,0.0,2.004,2.004,225,1.9056859227671757e+17,0.0,0.0,0.0,0.0,0.0,0.0,0.0,0.0,0,0,0,-0.047,-5251529527263232.0,1.6034705125178108e+38,3.439271883630038e+28,-0.0,41486272.0,-0.0,-1.268,3051921.0,-5.206133261161184e+29,-529.096,1858386312298496.0,0.0,0.0,0.0,-0.0,0,1.3516416376850534e+27,225,0.0,450,-74360974999552.0,4.538271724008914e+24,2112,52429,17109,0,17112,52429,17095,0,0,0,101,100,100,-107615248.0,65.3,-0.0,65.8,-0.0,65.5,1,49,50,180,52429,52429,0,0,0.0,0.0,0.0,60.0,2.0303501626041015e+34,71.0,0.0,0.0,0.0,1069,0,1069,0,0,0,1069,0,1080,0,999,0,658,0,658,0,654,0,676,0.032,1.4609821306377965e+22,0.0,0.0,13712,16814,1.2007704637544632e+36,0.0,-59391504384.0,6.801041705253164e+28,478688000.0,-0.001,50.0,60.0,35,0.0,0.0,10.0,2.0,0.0,0.0,0.0,0.0,0.0,0.0,0.0,0.0,0.0,0.0,0.0,0.0,58.8,55,11,65507,27,65476,0,300,0,0,8,20529,65476,0,0,30147,60.0,0.0,10.0,10.0,2.0,0.0
2026-02-16T12:36:25,ERR,ERR,ERR,ERR,ERR,ERR,ERR,ERR,ERR,ERR,ERR,ERR,ERR,ERR,ERR,ERR,ERR,ERR,ERR,ERR,ERR,ERR,ERR,ERR,ERR,ERR,ERR,ERR,ERR,ERR,ERR,ERR,ERR,ERR,ERR,ERR,ERR,ERR,ERR,ERR,ERR,ERR,ERR,ERR,ERR,ERR,ERR,ERR,ERR,ERR,ERR,ERR,ERR,ERR,ERR,ERR,ERR,ERR,ERR,ERR,ERR,ERR,ERR,ERR,ERR,ERR,ERR,ERR,ERR,ERR,ERR,ERR,ERR,ERR,ERR,ERR,ERR,ERR,ERR,ERR,ERR,ERR,ERR,ERR,ERR,ERR,ERR,ERR,ERR,ERR,ERR,ERR,ERR,ERR,ERR,ERR,ERR,ERR,ERR,ERR,ERR,ERR,ERR,ERR,ERR,ERR,ERR,ERR,ERR,ERR,ERR,ERR,ERR,ERR,ERR,ERR,ERR,ERR,ERR,ERR,ERR,ERR,ERR,ERR,ERR,0.0,-0.0,0.0,0.0,0.0,0.0,-0.0,-0.0,4300,0,8,17169,4300,0.0,41,0.0,0.0,0.0,0.0,2.7184166902131945e+23,0,0,0,0,0.0,0,0,0,0,0,0,0,0,0,0,0,0,0,0,0,0,0,0,0,0,0,0,0,0,0,0,0,0,0,0,0,0,0,12,36,36,48,65476,410,65476,1,0,4,21553,0.0,0.0,0.0,0.0,0.0,0.0,0.0,0.0,0.0,0.0,0.0,0.0,0.0,0.0,-2.600982585120823e+33,0.0,0.0,0.0,0.0,0.0,0.0,2.004,2.004,-0.0,-2.004,-3.69707618246192e+19,0.0,0.0,0.0,0.0,6513.0,-2.004,0.0,0.0,2.7184527190102135e+23,0.0,107616272.0,0.0,0.0,2.004,2.004,225,89220.562,2.3088382548096162e+20,0.0,0.0,0.0,0.0,0.0,0.0,0.0,0,0,0,-15696.858,-3749634113536.0,5.265749288001802e+34,-0.0,-0.0,-2.681457353254648e+34,-0.0,0.0,-0.0,-5.527997671375383e+29,-577.096,1963939428564992.0,0.0,0.0,0.0,7.80648555088849e+22,0,1.3516416376850534e+27,225,0.0,450,0.0,-0.0,2112,52429,17109,0,17112,52429,17095,0,0,0,101,100,100,-107615248.0,65.3,-0.0,65.8,-0.0,65.5,1,49,50,180,52429,52429,0,0,0.0,0.0,0.0,60.0,2.0303501626041015e+34,71.0,0.0,0.0,0.0,1069,0,1069,0,0,0,1069,0,1080,0,999,0,658,0,658,0,654,0,676,0.032,1.4609821306377965e+22,0.0,0.0,13712,16814,1.2007704637544632e+36,0.0,-59391504384.0,6.801041705253164e+28,478688000.0,-0.001,50.0,60.0,35,0.0,0.0,10.0,2.0,0.0,0.0,0.0,0.0,0.0,0.0,0.0,0.0,0.0,0.0,0.0,0.0,59.2,55,11,65508,27,65476,0,300,0,0,8,20529,65476,0,0,30147,60.0,0.0,10.0,10.0,2.0,0.0
2026-02-16T12:36:26,ERR,ERR,ERR,ERR,ERR,ERR,ERR,ERR,ERR,ERR,ERR,ERR,ERR,ERR,ERR,ERR,ERR,ERR,ERR,ERR,ERR,ERR,ERR,ERR,ERR,ERR,ERR,ERR,ERR,ERR,ERR,ERR,ERR,ERR,ERR,ERR,ERR,ERR,ERR,ERR,ERR,ERR,ERR,ERR,ERR,ERR,ERR,ERR,ERR,ERR,ERR,ERR,ERR,ERR,ERR,ERR,ERR,ERR,ERR,ERR,ERR,ERR,ERR,ERR,ERR,ERR,ERR,ERR,ERR,ERR,ERR,ERR,ERR,ERR,ERR,ERR,ERR,ERR,ERR,ERR,ERR,ERR,ERR,ERR,ERR,ERR,ERR,ERR,ERR,ERR,ERR,ERR,ERR,ERR,ERR,ERR,ERR,ERR,ERR,ERR,ERR,ERR,ERR,ERR,ERR,ERR,ERR,ERR,ERR,ERR,ERR,ERR,ERR,ERR,ERR,ERR,ERR,ERR,ERR,ERR,ERR,ERR,ERR,ERR,ERR,0.0,-0.0,0.0,0.0,0.0,0.0,-0.0,-0.0,4300,0,8,17169,4300,0.0,41,0.0,0.0,0.0,0.0,2.7184166902131945e+23,0,0,0,0,0.0,0,0,0,0,0,0,0,0,0,0,0,0,0,0,0,0,0,0,0,0,0,0,0,0,0,0,0,0,0,0,0,0,0,12,36,36,48,65476,410,65476,1,0,4,21553,0.0,0.0,0.0,0.0,0.0,0.0,0.0,0.0,0.0,0.0,0.0,0.0,0.0,0.0,-2.600982585120823e+33,0.0,0.0,0.0,0.0,0.0,0.0,2.004,2.004,-0.0,-2.004,-3.69707618246192e+19,0.0,0.0,0.0,0.0,6513.0,-2.004,0.0,0.0,2.7184527190102135e+23,0.0,107616272.0,0.0,0.0,2.004,2.004,225,89220.562,2.3088382548096162e+20,0.0,0.0,0.0,0.0,0.0,0.0,0.0,0,0,0,-15696.858,-3749634113536.0,5.265749288001802e+34,-0.0,-0.0,-2.681457353254648e+34,-0.0,0.0,-0.0,-5.527997671375383e+29,-577.096,1963939428564992.0,0.0,0.0,0.0,7.80648555088849e+22,0,1.3516416376850534e+27,225,0.0,450,0.0,-0.0,2112,52429,17109,0,17112,52429,17095,0,0,0,101,100,100,-107615248.0,65.3,-0.0,65.8,-0.0,65.5,1,49,50,180,52429,52429,0,0,0.0,0.0,0.0,60.0,8186550550528.0,71.0,0.0,-1.3716516450961482e+33,0.0,1069,0,1069,0,0,0,1069,0,1080,0,999,0,658,0,658,0,654,0,677,0.032,1.4536034330083127e+22,0.0,0.0,5520,16814,5.557801480477475e+18,-1.3716516450961482e+33,0.0,-19552.447,-0.0,-3.141399545112548e+31,50.0,60.0,35,0.0,0.0,10.0,2.0,0.0,0.0,0.0,0.0,0.0,0.0,0.0,0.0,0.0,0.0,0.0,0.0,59.2,55,11,65508,27,65476,0,300,0,0,8,20529,65476,0,0,30147,60.0,0.0,10.0,10.0,2.0,0.0
2026-02-16T12:36:27,ERR,ERR,ERR,ERR,ERR,ERR,ERR,ERR,ERR,ERR,ERR,ERR,ERR,ERR,ERR,ERR,ERR,ERR,ERR,ERR,ERR,ERR,ERR,ERR,ERR,ERR,ERR,ERR,ERR,ERR,ERR,ERR,ERR,ERR,ERR,ERR,ERR,ERR,ERR,ERR,ERR,ERR,ERR,ERR,ERR,ERR,ERR,ERR,ERR,ERR,ERR,ERR,ERR,ERR,ERR,ERR,ERR,ERR,ERR,ERR,ERR,ERR,ERR,ERR,ERR,ERR,ERR,ERR,ERR,ERR,ERR,ERR,ERR,ERR,ERR,ERR,ERR,ERR,ERR,ERR,ERR,ERR,ERR,ERR,ERR,ERR,ERR,ERR,ERR,ERR,ERR,ERR,ERR,ERR,ERR,ERR,ERR,ERR,ERR,ERR,ERR,ERR,ERR,ERR,ERR,ERR,ERR,ERR,ERR,ERR,ERR,ERR,ERR,ERR,ERR,ERR,ERR,ERR,ERR,ERR,ERR,ERR,ERR,ERR,ERR,0.0,-0.0,0.0,0.0,0.0,0.0,-0.0,-0.0,4300,0,8,17169,4300,0.0,41,0.0,0.0,0.0,0.0,2.7184166902131945e+23,0,0,0,0,0.0,0,0,0,0,0,0,0,0,0,0,0,0,0,0,0,0,0,0,0,0,0,0,0,0,0,0,0,0,0,0,0,0,0,12,36,36,48,65476,410,65476,1,0,4,21553,0.0,0.0,0.0,0.0,0.0,0.0,0.0,0.0,0.0,0.0,0.0,0.0,0.0,0.0,-2.600982585120823e+33,0.0,0.0,0.0,0.0,0.0,0.0,2.004,2.004,-0.0,-2.004,-3.69707618246192e+19,0.0,0.0,0.0,0.0,6513.0,-2.004,0.0,0.0,2.7184527190102135e+23,0.0,107616272.0,0.0,0.0,2.004,2.004,225,89220.562,2.3088382548096162e+20,0.0,0.0,0.0,0.0,0.0,0.0,0.0,0,0,0,-15696.858,-3749634113536.0,5.265749288001802e+34,-0.0,-0.0,-2.681457353254648e+34,-0.0,0.0,-0.0,-5.527997671375383e+29,-577.096,1963939428564992.0,0.0,0.0,0.0,7.80648555088849e+22,0,1.3516416376850534e+27,225,0.0,450,0.0,-0.0,2112,52429,17109,0,17112,52429,17095,0,0,0,101,100,100,-107615248.0,65.3,-0.0,65.8,-0.0,65.5,1,49,50,180,52429,52429,0,0,0.0,0.0,0.0,60.0,8186550550528.0,71.0,0.0,-1.3716516450961482e+33,0.0,1069,0,1069,0,0,0,1069,0,1080,0,999,0,658,0,658,0,654,0,677,0.032,1.4536034330083127e+22,0.0,0.0,5520,16814,5.557801480477475e+18,-1.3716516450961482e+33,0.0,-19552.447,-0.0,-3.141399545112548e+31,50.0,60.0,35,0.0,0.0,10.0,2.0,0.0,0.0,0.0,0.0,0.0,0.0,0.0,0.0,0.0,0.0,0.0,0.0,59.2,55,11,65508,27,65476,0,300,0,0,8,20529,65476,0,0,30147,60.0,0.0,10.0,10.0,2.0,0.0
2026-02-16T12:36:28,ERR,ERR,ERR,ERR,ERR,ERR,ERR,ERR,ERR,ERR,ERR,ERR,ERR,ERR,ERR,ERR,ERR,ERR,ERR,ERR,ERR,ERR,ERR,ERR,ERR,ERR,ERR,ERR,ERR,ERR,ERR,ERR,ERR,ERR,ERR,ERR,ERR,ERR,ERR,ERR,ERR,ERR,ERR,ERR,ERR,ERR,ERR,ERR,ERR,ERR,ERR,ERR,ERR,ERR,ERR,ERR,ERR,ERR,ERR,ERR,ERR,ERR,ERR,ERR,ERR,ERR,ERR,ERR,ERR,ERR,ERR,ERR,ERR,ERR,ERR,ERR,ERR,ERR,ERR,ERR,ERR,ERR,ERR,ERR,ERR,ERR,ERR,ERR,ERR,ERR,ERR,ERR,ERR,ERR,ERR,ERR,ERR,ERR,ERR,ERR,ERR,ERR,ERR,ERR,ERR,ERR,ERR,ERR,ERR,ERR,ERR,ERR,ERR,ERR,ERR,ERR,ERR,ERR,ERR,ERR,ERR,ERR,ERR,ERR,ERR,0.0,-0.0,0.0,0.0,0.0,0.0,-0.0,-0.0,4300,0,8,17169,4300,0.0,41,0.0,0.0,0.0,0.0,2.7184166902131945e+23,0,0,0,0,0.0,0,0,0,0,0,0,0,0,0,0,0,0,0,0,0,0,0,0,0,0,0,0,0,0,0,0,0,0,0,0,0,0,0,12,36,36,48,65476,410,65476,1,0,4,21553,0.0,0.0,0.0,0.0,0.0,0.0,0.0,0.0,0.0,0.0,0.0,0.0,0.0,0.0,-2.600982585120823e+33,0.0,0.0,0.0,0.0,0.0,0.0,2.004,2.004,-0.0,-2.004,-3.69707618246192e+19,0.0,0.0,0.0,0.0,6513.0,-2.004,0.0,0.0,2.7184527190102135e+23,0.0,107616272.0,0.0,0.0,2.004,2.004,225,89220.562,2.3088382548096162e+20,0.0,0.0,0.0,0.0,0.0,0.0,0.0,0,0,0,-15696.858,-3749634113536.0,5.265749288001802e+34,-0.0,-0.0,-2.681457353254648e+34,-0.0,0.0,-0.0,-5.527997671375383e+29,-577.096,1963939428564992.0,0.0,0.0,0.0,7.80648555088849e+22,0,1.3516416376850534e+27,225,0.0,450,0.0,-0.0,2112,52429,17109,0,17112,52429,17095,0,0,0,101,100,100,-107615248.0,65.3,-0.0,65.8,-0.0,65.5,1,49,50,180,52429,52429,0,0,0.0,0.0,0.0,60.0,8186550550528.0,71.0,0.0,-1.3716516450961482e+33,0.0,1069,0,1069,0,0,0,1069,0,1080,0,999,0,658,0,658,0,654,0,677,0.032,1.4536034330083127e+22,0.0,0.0,5520,16814,5.557801480477475e+18,-1.3716516450961482e+33,0.0,-19552.447,-0.0,-3.141399545112548e+31,50.0,60.0,35,0.0,0.0,10.0,2.0,0.0,0.0,0.0,0.0,0.0,0.0,0.0,0.0,0.0,0.0,0.0,0.0,58.8,55,11,65508,27,65476,0,300,0,0,8,20529,65476,0,0,30147,60.0,0.0,10.0,10.0,2.0,0.0
2026-02-16T12:36:29,ERR,ERR,ERR,ERR,ERR,ERR,ERR,ERR,ERR,ERR,ERR,ERR,ERR,ERR,ERR,ERR,ERR,ERR,ERR,ERR,ERR,ERR,ERR,ERR,ERR,ERR,ERR,ERR,ERR,ERR,ERR,ERR,ERR,ERR,ERR,ERR,ERR,ERR,ERR,ERR,ERR,ERR,ERR,ERR,ERR,ERR,ERR,ERR,ERR,ERR,ERR,ERR,ERR,ERR,ERR,ERR,ERR,ERR,ERR,ERR,ERR,ERR,ERR,ERR,ERR,ERR,ERR,ERR,ERR,ERR,ERR,ERR,ERR,ERR,ERR,ERR,ERR,ERR,ERR,ERR,ERR,ERR,ERR,ERR,ERR,ERR,ERR,ERR,ERR,ERR,ERR,ERR,ERR,ERR,ERR,ERR,ERR,ERR,ERR,ERR,ERR,ERR,ERR,ERR,ERR,ERR,ERR,ERR,ERR,ERR,ERR,ERR,ERR,ERR,ERR,ERR,ERR,ERR,ERR,ERR,ERR,ERR,ERR,ERR,ERR,0.0,-0.0,0.0,0.0,0.0,0.0,-0.0,-0.0,4300,0,8,17169,4300,0.0,41,0.0,0.0,0.0,0.0,2.7184166902131945e+23,0,0,0,0,0.0,0,0,0,0,0,0,0,0,0,0,0,0,0,0,0,0,0,0,0,0,0,0,0,0,0,0,0,0,0,0,0,0,0,12,36,36,48,65476,410,65476,1,0,4,21553,0.0,0.0,0.0,0.0,0.0,0.0,0.0,0.0,0.0,0.0,0.0,0.0,0.0,0.0,-2.600982585120823e+33,0.0,0.0,0.0,0.0,0.0,0.0,2.004,2.004,-0.0,-2.004,-3.69707618246192e+19,0.0,0.0,0.0,0.0,6513.0,-2.004,0.0,0.0,2.7184527190102135e+23,0.0,107616272.0,0.0,0.0,2.004,2.004,225,89220.562,2.3088382548096162e+20,0.0,0.0,0.0,0.0,0.0,0.0,0.0,0,0,0,-15696.858,-3749634113536.0,5.265749288001802e+34,-0.0,-0.0,-2.681457353254648e+34,-0.0,0.0,-0.0,-5.527997671375383e+29,-577.096,1963939428564992.0,0.0,0.0,0.0,7.80648555088849e+22,0,1.3516416376850534e+27,225,0.0,450,0.0,-0.0,2112,52429,17109,0,17112,52429,17095,0,0,0,101,100,100,-107615248.0,65.3,-0.0,65.8,-0.0,65.5,1,49,50,180,52429,52429,0,0,0.0,0.0,0.0,60.0,6.66561508075016e+19,71.0,0.0,5.784438637786938e+36,0.0,1069,0,1069,0,0,0,1069,0,1080,0,999,0,658,0,658,0,654,0,677,0.032,1.4462247353788288e+22,2.004,2.73023467606737e+23,17808,16814,1.2175440159479564e+23,-2.038425121686356e+34,0.0,-0.0,-0.0,0.0,50.0,60.0,35,0.0,0.0,10.0,2.0,0.0,0.0,0.0,0.0,0.0,0.0,0.0,0.0,0.0,0.0,0.0,0.0,58.8,55,11,65508,27,65476,0,300,0,0,8,20529,65476,0,0,30147,60.0,0.0,10.0,10.0,2.0,0.0
2026-02-16T12:36:30,ERR,ERR,ERR,ERR,ERR,ERR,ERR,ERR,ERR,ERR,ERR,ERR,ERR,ERR,ERR,ERR,ERR,ERR,ERR,ERR,ERR,ERR,ERR,ERR,ERR,ERR,ERR,ERR,ERR,ERR,ERR,ERR,ERR,ERR,ERR,ERR,ERR,ERR,ERR,ERR,ERR,ERR,ERR,ERR,ERR,ERR,ERR,ERR,ERR,ERR,ERR,ERR,ERR,ERR,ERR,ERR,ERR,ERR,ERR,ERR,ERR,ERR,ERR,ERR,ERR,ERR,ERR,ERR,ERR,ERR,ERR,ERR,ERR,ERR,ERR,ERR,ERR,ERR,ERR,ERR,ERR,ERR,ERR,ERR,ERR,ERR,ERR,ERR,ERR,ERR,ERR,ERR,ERR,ERR,ERR,ERR,ERR,ERR,ERR,ERR,ERR,ERR,ERR,ERR,ERR,ERR,ERR,ERR,ERR,ERR,ERR,ERR,ERR,ERR,ERR,ERR,ERR,ERR,ERR,ERR,ERR,ERR,ERR,ERR,ERR,0.0,2.7184527190102135e+23,-0.0,0.0,-0.031,497558144.0,0.0,-6.002461609295872e+16,4300,0,8,17169,4300,0.0,41,0.0,0.0,0.0,0.0,2.7184166902131945e+23,0,0,0,0,0.0,0,0,0,0,0,0,0,0,0,0,0,0,0,0,0,0,0,0,0,0,0,0,0,0,0,0,0,0,0,0,0,0,0,12,36,36,48,65476,413,65476,1,0,4,21553,0.0,0.0,0.0,0.0,0.0,0.0,0.0,0.0,0.0,0.0,0.0,0.0,0.0,0.0,0.0,0.0,0.0,0.0,0.0,0.0,0.0,2.004,2.004,-0.0,-2.004,-3.69707618246192e+19,0.0,0.0,0.0,0.0,6546.0,0.0,0.0,0.0,2.7184527190102135e+23,0.0,107616272.0,-0.0,0.0,2.004,2.004,225,2.718417410789135e+23,-0.0,0.0,0.0,0.0,0.0,0.0,0.0,0.0,0,0,0,-41487804.0,-9.393712960980225e+26,5.8741344251325865e+35,0.002,-0.0,-1.2182920063635948e+18,0.0,-0.0,0.03,-5.849862081589582e+29,-629.096,2087084730875904.0,0.0,0.0,0.0,6.638198098604589e+18,0,1.3516416376850534e+27,225,0.0,450,-74360974999552.0,-1814070656.0,2112,52429,17109,0,17112,52429,17095,0,0,0,101,100,100,-107615248.0,65.3,-0.0,65.8,-0.0,65.5,1,49,50,180,52429,52429,0,0,0.0,0.0,0.0,60.0,6.66561508075016e+19,71.0,0.0,5.784438637786938e+36,0.0,1069,0,1069,0,0,0,1069,0,1080,0,999,0,658,0,658,0,654,0,677,0.032,1.4462247353788288e+22,2.004,2.73023467606737e+23,17808,16814,1.2175440159479564e+23,-2.038425121686356e+34,0.0,-0.0,-0.0,0.0,50.0,60.0,35,0.0,0.0,10.0,2.0,0.0,0.0,0.0,0.0,0.0,0.0,0.0,0.0,0.0,0.0,0.0,0.0,58.8,55,11,65508,27,65476,0,300,0,0,8,20529,65476,0,0,30147,60.0,0.0,10.0,10.0,2.0,0.0
2026-02-16T12:36:31,ERR,ERR,ERR,ERR,ERR,ERR,ERR,ERR,ERR,ERR,ERR,ERR,ERR,ERR,ERR,ERR,ERR,ERR,ERR,ERR,ERR,ERR,ERR,ERR,ERR,ERR,ERR,ERR,ERR,ERR,ERR,ERR,ERR,ERR,ERR,ERR,ERR,ERR,ERR,ERR,ERR,ERR,ERR,ERR,ERR,ERR,ERR,ERR,ERR,ERR,ERR,ERR,ERR,ERR,ERR,ERR,ERR,ERR,ERR,ERR,ERR,ERR,ERR,ERR,ERR,ERR,ERR,ERR,ERR,ERR,ERR,ERR,ERR,ERR,ERR,ERR,ERR,ERR,ERR,ERR,ERR,ERR,ERR,ERR,ERR,ERR,ERR,ERR,ERR,ERR,ERR,ERR,ERR,ERR,ERR,ERR,ERR,ERR,ERR,ERR,ERR,ERR,ERR,ERR,ERR,ERR,ERR,ERR,ERR,ERR,ERR,ERR,ERR,ERR,ERR,ERR,ERR,ERR,ERR,ERR,ERR,ERR,ERR,ERR,ERR,0.0,2.7184527190102135e+23,-0.0,0.0,-0.031,497558144.0,0.0,-6.002461609295872e+16,4300,0,8,17169,4300,0.0,41,0.0,0.0,0.0,0.0,2.7184166902131945e+23,0,0,0,0,0.0,0,0,0,0,0,0,0,0,0,0,0,0,0,0,0,0,0,0,0,0,0,0,0,0,0,0,0,0,0,0,0,0,0,12,36,36,48,65476,413,65476,1,0,4,21553,0.0,0.0,0.0,0.0,0.0,0.0,0.0,0.0,0.0,0.0,0.0,0.0,0.0,0.0,0.0,0.0,0.0,0.0,0.0,0.0,0.0,2.004,2.004,-0.0,-2.004,-3.69707618246192e+19,0.0,0.0,0.0,0.0,6546.0,0.0,0.0,0.0,2.7184527190102135e+23,0.0,107616272.0,-0.0,0.0,2.004,2.004,225,2.718417410789135e+23,-0.0,0.0,0.0,0.0,0.0,0.0,0.0,0.0,0,0,0,-41487804.0,-9.393712960980225e+26,5.8741344251325865e+35,0.002,-0.0,-1.2182920063635948e+18,0.0,-0.0,0.03,-5.849862081589582e+29,-629.096,2087084730875904.0,0.0,0.0,0.0,6.638198098604589e+18,0,1.3516416376850534e+27,225,0.0,450,-74360974999552.0,-1814070656.0,2112,52429,17109,0,17112,52429,17095,0,0,0,101,100,100,-107615248.0,65.3,-0.0,65.8,-0.0,65.5,1,49,50,180,52429,52429,0,0,0.0,0.0,0.0,60.0,6.66561508075016e+19,71.0,0.0,5.784438637786938e+36,0.0,1069,0,1069,0,0,0,1069,0,1080,0,999,0,658,0,658,0,654,0,677,0.032,1.4462247353788288e+22,2.004,2.73023467606737e+23,17808,16814,1.2175440159479564e+23,-2.038425121686356e+34,0.0,-0.0,-0.0,0.0,50.0,60.0,35,0.0,0.0,10.0,2.0,0.0,0.0,0.0,0.0,0.0,0.0,0.0,0.0,0.0,0.0,0.0,0.0,58.8,55,11,65508,27,65476,0,300,0,0,8,20529,65476,0,0,30147,60.0,0.0,10.0,10.0,2.0,0.0
2026-02-16T12:36:32,ERR,ERR,ERR,ERR,ERR,ERR,ERR,ERR,ERR,ERR,ERR,ERR,ERR,ERR,ERR,ERR,ERR,ERR,ERR,ERR,ERR,ERR,ERR,ERR,ERR,ERR,ERR,ERR,ERR,ERR,ERR,ERR,ERR,ERR,ERR,ERR,ERR,ERR,ERR,ERR,ERR,ERR,ERR,ERR,ERR,ERR,ERR,ERR,ERR,ERR,ERR,ERR,ERR,ERR,ERR,ERR,ERR,ERR,ERR,ERR,ERR,ERR,ERR,ERR,ERR,ERR,ERR,ERR,ERR,ERR,ERR,ERR,ERR,ERR,ERR,ERR,ERR,ERR,ERR,ERR,ERR,ERR,ERR,ERR,ERR,ERR,ERR,ERR,ERR,ERR,ERR,ERR,ERR,ERR,ERR,ERR,ERR,ERR,ERR,ERR,ERR,ERR,ERR,ERR,ERR,ERR,ERR,ERR,ERR,ERR,ERR,ERR,ERR,ERR,ERR,ERR,ERR,ERR,ERR,ERR,ERR,ERR,ERR,ERR,ERR,0.0,2.7184527190102135e+23,-0.0,0.0,-0.031,497558144.0,0.0,-6.002461609295872e+16,4300,0,8,17169,4300,0.0,41,0.0,0.0,0.0,0.0,2.7184166902131945e+23,0,0,0,0,0.0,0,0,0,0,0,0,0,0,0,0,0,0,0,0,0,0,0,0,0,0,0,0,0,0,0,0,0,0,0,0,0,0,0,12,36,36,48,65476,413,65476,1,0,4,21553,0.0,0.0,0.0,0.0,0.0,0.0,0.0,0.0,0.0,0.0,0.0,0.0,0.0,0.0,0.0,0.0,0.0,0.0,0.0,0.0,0.0,2.004,2.004,-0.0,-2.004,-3.69707618246192e+19,0.0,0.0,0.0,0.0,6546.0,0.0,0.0,0.0,2.7184527190102135e+23,0.0,107616272.0,-0.0,0.0,2.004,2.004,225,2.718417410789135e+23,-0.0,0.0,0.0,0.0,0.0,0.0,0.0,0.0,0,0,0,-41487804.0,-9.393712960980225e+26,5.8741344251325865e+35,0.002,-0.0,-1.2182920063635948e+18,0.0,-0.0,0.03,-5.849862081589582e+29,-629.096,2087084730875904.0,0.0,0.0,0.0,6.638198098604589e+18,0,1.3516416376850534e+27,225,0.0,450,-74360974999552.0,-1814070656.0,2112,52429,17109,0,17112,52429,17095,0,0,0,101,100,100,-107615248.0,65.3,-0.0,65.8,-0.0,65.5,1,49,50,180,52429,52429,0,0,0.0,0.0,0.0,60.0,5884937345433600.0,71.0,0.0,122543628288.0,0.0,1069,0,1069,0,0,0,1069,0,1080,0,999,0,658,0,658,0,654,0,677,0.032,1.4536034330083127e+22,2.004,2.73023467606737e+23,5904,16814,12599950.0,-4.574523184146103e+36,0.0,0.0,-0.0,0.0,50.0,60.0,35,0.0,0.0,10.0,2.0,0.0,0.0,0.0,0.0,0.0,0.0,0.0,0.0,0.0,0.0,0.0,0.0,58.8,55,11,65508,27,65476,0,300,0,0,8,20529,65476,0,0,30147,60.0,0.0,10.0,10.0,2.0,0.0
2026-02-16T12:36:33,ERR,ERR,ERR,ERR,ERR,ERR,ERR,ERR,ERR,ERR,ERR,ERR,ERR,ERR,ERR,ERR,ERR,ERR,ERR,ERR,ERR,ERR,ERR,ERR,ERR,ERR,ERR,ERR,ERR,ERR,ERR,ERR,ERR,ERR,ERR,ERR,ERR,ERR,ERR,ERR,ERR,ERR,ERR,ERR,ERR,ERR,ERR,ERR,ERR,ERR,ERR,ERR,ERR,ERR,ERR,ERR,ERR,ERR,ERR,ERR,ERR,ERR,ERR,ERR,ERR,ERR,ERR,ERR,ERR,ERR,ERR,ERR,ERR,ERR,ERR,ERR,ERR,ERR,ERR,ERR,ERR,ERR,ERR,ERR,ERR,ERR,ERR,ERR,ERR,ERR,ERR,ERR,ERR,ERR,ERR,ERR,ERR,ERR,ERR,ERR,ERR,ERR,ERR,ERR,ERR,ERR,ERR,ERR,ERR,ERR,ERR,ERR,ERR,ERR,ERR,ERR,ERR,ERR,ERR,ERR,ERR,ERR,ERR,ERR,ERR,0.0,2.7184527190102135e+23,-0.0,0.0,-0.031,497558144.0,0.0,-6.002461609295872e+16,4300,0,8,17169,4300,0.0,41,0.0,0.0,0.0,0.0,2.7184166902131945e+23,0,0,0,0,0.0,0,0,0,0,0,0,0,0,0,0,0,0,0,0,0,0,0,0,0,0,0,0,0,0,0,0,0,0,0,0,0,0,0,12,36,36,48,65476,413,65476,1,0,4,21553,0.0,0.0,0.0,0.0,0.0,0.0,0.0,0.0,0.0,0.0,0.0,0.0,0.0,0.0,0.0,0.0,0.0,0.0,0.0,0.0,0.0,2.004,2.004,-0.0,-2.004,-3.69707618246192e+19,0.0,0.0,0.0,0.0,6546.0,0.0,0.0,0.0,2.7184527190102135e+23,0.0,107616272.0,-0.0,0.0,2.004,2.004,225,2.718417410789135e+23,-0.0,0.0,0.0,0.0,0.0,0.0,0.0,0.0,0,0,0,-41487804.0,-9.393712960980225e+26,5.8741344251325865e+35,0.002,-0.0,-1.2182920063635948e+18,0.0,-0.0,0.03,-5.849862081589582e+29,-629.096,2087084730875904.0,0.0,0.0,0.0,6.638198098604589e+18,0,1.3516416376850534e+27,225,0.0,450,-74360974999552.0,-1814070656.0,2112,52429,17109,0,17112,52429,17095,0,0,0,101,100,100,-107615248.0,65.3,-0.0,65.8,-0.0,65.5,1,49,50,180,52429,52429,0,0,0.0,0.0,0.0,60.0,5884937345433600.0,71.0,0.0,122543628288.0,0.0,1069,0,1069,0,0,0,1069,0,1080,0,999,0,658,0,658,0,654,0,677,0.032,1.4536034330083127e+22,2.004,2.73023467606737e+23,5904,16814,12599950.0,-4.574523184146103e+36,0.0,0.0,-0.0,0.0,50.0,60.0,35,0.0,0.0,10.0,2.0,0.0,0.0,0.0,0.0,0.0,0.0,0.0,0.0,0.0,0.0,0.0,0.0,58.8,55,11,65508,27,65476,0,300,0,0,8,20529,65476,0,0,30147,60.0,0.0,10.0,10.0,2.0,0.0
2026-02-16T12:36:34,ERR,ERR,ERR,ERR,ERR,ERR,ERR,ERR,ERR,ERR,ERR,ERR,ERR,ERR,ERR,ERR,ERR,ERR,ERR,ERR,ERR,ERR,ERR,ERR,ERR,ERR,ERR,ERR,ERR,ERR,ERR,ERR,ERR,ERR,ERR,ERR,ERR,ERR,ERR,ERR,ERR,ERR,ERR,ERR,ERR,ERR,ERR,ERR,ERR,ERR,ERR,ERR,ERR,ERR,ERR,ERR,ERR,ERR,ERR,ERR,ERR,ERR,ERR,ERR,ERR,ERR,ERR,ERR,ERR,ERR,ERR,ERR,ERR,ERR,ERR,ERR,ERR,ERR,ERR,ERR,ERR,ERR,ERR,ERR,ERR,ERR,ERR,ERR,ERR,ERR,ERR,ERR,ERR,ERR,ERR,ERR,ERR,ERR,ERR,ERR,ERR,ERR,ERR,ERR,ERR,ERR,ERR,ERR,ERR,ERR,ERR,ERR,ERR,ERR,ERR,ERR,ERR,ERR,ERR,ERR,ERR,ERR,ERR,ERR,ERR,0.0,2.7184527190102135e+23,-0.0,0.0,-0.031,497558144.0,0.0,-6.002461609295872e+16,4300,0,8,17169,4300,0.0,41,0.0,0.0,0.0,0.0,2.7184166902131945e+23,0,0,0,0,0.0,0,0,0,0,0,0,0,0,0,0,0,0,0,0,0,0,0,0,0,0,0,0,0,0,0,0,0,0,0,0,0,0,0,12,36,36,48,65476,413,65476,1,0,4,21553,0.0,0.0,0.0,0.0,0.0,0.0,0.0,0.0,0.0,0.0,0.0,0.0,0.0,0.0,0.0,0.0,0.0,0.0,0.0,0.0,0.0,2.004,2.004,-0.0,-2.004,-3.69707618246192e+19,0.0,0.0,0.0,0.0,6546.0,0.0,0.0,0.0,2.7184527190102135e+23,0.0,107616272.0,-0.0,0.0,2.004,2.004,225,2.718417410789135e+23,-0.0,0.0,0.0,0.0,0.0,0.0,0.0,0.0,0,0,0,-41487804.0,-9.393712960980225e+26,5.8741344251325865e+35,0.002,-0.0,-1.2182920063635948e+18,0.0,-0.0,0.03,-5.849862081589582e+29,-629.096,2087084730875904.0,0.0,0.0,0.0,6.638198098604589e+18,0,1.3516416376850534e+27,225,0.0,450,-74360974999552.0,-1814070656.0,2112,52429,17109,0,17112,52429,17095,0,0,0,101,100,100,-107615248.0,65.3,-0.0,65.8,-0.0,65.5,1,49,50,180,52429,52429,0,0,0.0,0.0,0.0,60.0,5884937345433600.0,71.0,0.0,122543628288.0,0.0,1069,0,1069,0,0,0,1069,0,1080,0,999,0,658,0,658,0,654,0,677,0.032,1.4536034330083127e+22,2.004,2.73023467606737e+23,5904,16814,12599950.0,-4.574523184146103e+36,0.0,0.0,-0.0,0.0,50.0,60.0,35,0.0,0.0,10.0,2.0,0.0,0.0,0.0,0.0,0.0,0.0,0.0,0.0,0.0,0.0,0.0,0.0,58.8,55,11,65508,27,65476,0,300,0,0,8,20529,65476,0,0,30147,60.0,0.0,10.0,10.0,2.0,0.0
2026-02-16T12:36:35,ERR,ERR,ERR,ERR,ERR,ERR,ERR,ERR,ERR,ERR,ERR,ERR,ERR,ERR,ERR,ERR,ERR,ERR,ERR,ERR,ERR,ERR,ERR,ERR,ERR,ERR,ERR,ERR,ERR,ERR,ERR,ERR,ERR,ERR,ERR,ERR,ERR,ERR,ERR,ERR,ERR,ERR,ERR,ERR,ERR,ERR,ERR,ERR,ERR,ERR,ERR,ERR,ERR,ERR,ERR,ERR,ERR,ERR,ERR,ERR,ERR,ERR,ERR,ERR,ERR,ERR,ERR,ERR,ERR,ERR,ERR,ERR,ERR,ERR,ERR,ERR,ERR,ERR,ERR,ERR,ERR,ERR,ERR,ERR,ERR,ERR,ERR,ERR,ERR,ERR,ERR,ERR,ERR,ERR,ERR,ERR,ERR,ERR,ERR,ERR,ERR,ERR,ERR,ERR,ERR,ERR,ERR,ERR,ERR,ERR,ERR,ERR,ERR,ERR,ERR,ERR,ERR,ERR,ERR,ERR,ERR,ERR,ERR,ERR,ERR,0.0,2.7184527190102135e+23,-0.0,0.0,-0.031,1.352177415440339e+22,0.0,-3156.004,4300,0,8,17169,4300,0.0,41,0.0,0.0,0.0,0.0,2.7184166902131945e+23,0,0,0,0,0.0,0,0,0,0,0,0,0,0,0,0,0,0,0,0,0,0,0,0,0,0,0,0,0,0,0,0,0,0,0,0,0,0,0,12,37,36,48,65476,414,65476,1,0,4,21553,0.0,-0.0,0.0,0.0,0.0,0.0,0.0,0.0,0.0,0.0,0.0,0.0,0.0,0.0,0.0,0.0,0.0,0.0,0.0,0.0,0.0,2.004,2.004,-0.0,-3.697074423243316e+19,0.0,0.0,0.0,0.0,0.0,6543.0,564149054603264.0,0.0,0.0,2.7184527190102135e+23,0.0,2.7184509175703625e+23,-0.0,0.0,2.004,2.004,225,89220.562,-89221.016,0.0,0.0,0.0,0.0,0.0,0.0,0.0,0,0,0,-104582.867,-0.0,4970265003950080.0,0.004,3829624832.0,0.0,-0.0,-0.0,71069394272256.0,-6.122208890232366e+29,-673.096,2183841754120192.0,0.0,0.0,0.0,-0.0,0,1.3516416376850534e+27,225,0.0,450,-74360974999552.0,-1814070656.0,2112,52429,17109,0,17112,52429,17095,0,0,0,101,100,100,-107615248.0,65.3,-0.0,65.8,-0.0,65.5,1,49,50,180,52429,52429,0,0,0.0,0.0,0.0,60.0,5884937345433600.0,71.0,0.0,122543628288.0,0.0,1069,0,1069,0,0,0,1069,0,1080,0,999,0,658,0,658,0,654,0,677,0.032,1.4536034330083127e+22,2.004,2.73023467606737e+23,5904,16814,12599950.0,-4.574523184146103e+36,0.0,0.0,-0.0,0.0,50.0,60.0,35,0.0,0.0,10.0,2.0,0.0,0.0,0.0,0.0,0.0,0.0,0.0,0.0,0.0,0.0,0.0,0.0,58.8,55,11,65508,27,65476,0,300,0,0,8,20529,65476,0,0,30147,60.0,0.0,10.0,10.0,2.0,0.0
2026-02-16T12:36:36,ERR,ERR,ERR,ERR,ERR,ERR,ERR,ERR,ERR,ERR,ERR,ERR,ERR,ERR,ERR,ERR,ERR,ERR,ERR,ERR,ERR,ERR,ERR,ERR,ERR,ERR,ERR,ERR,ERR,ERR,ERR,ERR,ERR,ERR,ERR,ERR,ERR,ERR,ERR,ERR,ERR,ERR,ERR,ERR,ERR,ERR,ERR,ERR,ERR,ERR,ERR,ERR,ERR,ERR,ERR,ERR,ERR,ERR,ERR,ERR,ERR,ERR,ERR,ERR,ERR,ERR,ERR,ERR,ERR,ERR,ERR,ERR,ERR,ERR,ERR,ERR,ERR,ERR,ERR,ERR,ERR,ERR,ERR,ERR,ERR,ERR,ERR,ERR,ERR,ERR,ERR,ERR,ERR,ERR,ERR,ERR,ERR,ERR,ERR,ERR,ERR,ERR,ERR,ERR,ERR,ERR,ERR,ERR,ERR,ERR,ERR,ERR,ERR,ERR,ERR,ERR,ERR,ERR,ERR,ERR,ERR,ERR,ERR,ERR,ERR,0.0,2.7184527190102135e+23,-0.0,0.0,-0.031,1.352177415440339e+22,0.0,-3156.004,4300,0,8,17169,4300,0.0,41,0.0,0.0,0.0,0.0,2.7184166902131945e+23,0,0,0,0,0.0,0,0,0,0,0,0,0,0,0,0,0,0,0,0,0,0,0,0,0,0,0,0,0,0,0,0,0,0,0,0,0,0,0,12,37,36,48,65476,414,65476,1,0,4,21553,0.0,-0.0,0.0,0.0,0.0,0.0,0.0,0.0,0.0,0.0,0.0,0.0,0.0,0.0,0.0,0.0,0.0,0.0,0.0,0.0,0.0,2.004,2.004,-0.0,-3.697074423243316e+19,0.0,0.0,0.0,0.0,0.0,6543.0,564149054603264.0,0.0,0.0,2.7184527190102135e+23,0.0,2.7184509175703625e+23,-0.0,0.0,2.004,2.004,225,89220.562,-89221.016,0.0,0.0,0.0,0.0,0.0,0.0,0.0,0,0,0,-104582.867,-0.0,4970265003950080.0,0.004,3829624832.0,0.0,-0.0,-0.0,71069394272256.0,-6.122208890232366e+29,-673.096,2183841754120192.0,0.0,0.0,0.0,-0.0,0,1.3516416376850534e+27,225,0.0,450,-74360974999552.0,-1814070656.0,2112,52429,17109,0,17112,52429,17095,0,0,0,101,100,100,-107615248.0,65.3,-0.0,65.8,-0.0,65.5,1,49,50,180,52429,52429,0,0,0.0,0.0,0.0,60.0,5.022701936685403e+19,71.0,0.0,-3.666360177524736e+16,0.0,1069,0,1069,0,0,0,1069,0,1080,0,999,0,658,0,658,0,654,0,677,0.032,1.4536034330083127e+22,2.004,2.73023467606737e+23,6032,16814,5.625754701050969e+23,-3.666360177524736e+16,407370366713856.0,-0.0,-63.814,56707039232.0,50.0,60.0,35,0.0,0.0,10.0,2.0,0.0,0.0,0.0,0.0,0.0,0.0,0.0,0.0,0.0,0.0,0.0,0.0,58.8,55,11,65508,27,65476,0,300,0,0,8,20529,65476,0,0,30147,60.0,0.0,10.0,10.0,2.0,0.0
2026-02-16T12:36:37,ERR,ERR,ERR,ERR,ERR,ERR,ERR,ERR,ERR,ERR,ERR,ERR,ERR,ERR,ERR,ERR,ERR,ERR,ERR,ERR,ERR,ERR,ERR,ERR,ERR,ERR,ERR,ERR,ERR,ERR,ERR,ERR,ERR,ERR,ERR,ERR,ERR,ERR,ERR,ERR,ERR,ERR,ERR,ERR,ERR,ERR,ERR,ERR,ERR,ERR,ERR,ERR,ERR,ERR,ERR,ERR,ERR,ERR,ERR,ERR,ERR,ERR,ERR,ERR,ERR,ERR,ERR,ERR,ERR,ERR,ERR,ERR,ERR,ERR,ERR,ERR,ERR,ERR,ERR,ERR,ERR,ERR,ERR,ERR,ERR,ERR,ERR,ERR,ERR,ERR,ERR,ERR,ERR,ERR,ERR,ERR,ERR,ERR,ERR,ERR,ERR,ERR,ERR,ERR,ERR,ERR,ERR,ERR,ERR,ERR,ERR,ERR,ERR,ERR,ERR,ERR,ERR,ERR,ERR,ERR,ERR,ERR,ERR,ERR,ERR,0.0,2.7184527190102135e+23,-0.0,0.0,-0.031,1.352177415440339e+22,0.0,-3156.004,4300,0,8,17169,4300,0.0,41,0.0,0.0,0.0,0.0,2.7184166902131945e+23,0,0,0,0,0.0,0,0,0,0,0,0,0,0,0,0,0,0,0,0,0,0,0,0,0,0,0,0,0,0,0,0,0,0,0,0,0,0,0,12,37,36,48,65476,414,65476,1,0,4,21553,0.0,-0.0,0.0,0.0,0.0,0.0,0.0,0.0,0.0,0.0,0.0,0.0,0.0,0.0,0.0,0.0,0.0,0.0,0.0,0.0,0.0,2.004,2.004,-0.0,-3.697074423243316e+19,0.0,0.0,0.0,0.0,0.0,6543.0,564149054603264.0,0.0,0.0,2.7184527190102135e+23,0.0,2.7184509175703625e+23,-0.0,0.0,2.004,2.004,225,89220.562,-89221.016,0.0,0.0,0.0,0.0,0.0,0.0,0.0,0,0,0,-104582.867,-0.0,4970265003950080.0,0.004,3829624832.0,0.0,-0.0,-0.0,71069394272256.0,-6.122208890232366e+29,-673.096,2183841754120192.0,0.0,0.0,0.0,-0.0,0,1.3516416376850534e+27,225,0.0,450,-74360974999552.0,-1814070656.0,2112,52429,17109,0,17112,52429,17095,0,0,0,101,100,100,-107615248.0,65.3,-0.0,65.8,-0.0,65.5,1,49,50,180,52429,52429,0,0,0.0,0.0,0.0,60.0,5.022701936685403e+19,71.0,0.0,-3.666360177524736e+16,0.0,1069,0,1069,0,0,0,1069,0,1080,0,999,0,658,0,658,0,654,0,677,0.032,1.4536034330083127e+22,2.004,2.73023467606737e+23,6032,16814,5.625754701050969e+23,-3.666360177524736e+16,407370366713856.0,-0.0,-63.814,56707039232.0,50.0,60.0,35,0.0,0.0,10.0,2.0,0.0,0.0,0.0,0.0,0.0,0.0,0.0,0.0,0.0,0.0,0.0,0.0,59.2,55,11,65508,27,65476,0,300,0,0,8,20529,65476,0,0,30147,60.0,0.0,10.0,10.0,2.0,0.0
2026-02-16T12:36:38,ERR,ERR,ERR,ERR,ERR,ERR,ERR,ERR,ERR,ERR,ERR,ERR,ERR,ERR,ERR,ERR,ERR,ERR,ERR,ERR,ERR,ERR,ERR,ERR,ERR,ERR,ERR,ERR,ERR,ERR,ERR,ERR,ERR,ERR,ERR,ERR,ERR,ERR,ERR,ERR,ERR,ERR,ERR,ERR,ERR,ERR,ERR,ERR,ERR,ERR,ERR,ERR,ERR,ERR,ERR,ERR,ERR,ERR,ERR,ERR,ERR,ERR,ERR,ERR,ERR,ERR,ERR,ERR,ERR,ERR,ERR,ERR,ERR,ERR,ERR,ERR,ERR,ERR,ERR,ERR,ERR,ERR,ERR,ERR,ERR,ERR,ERR,ERR,ERR,ERR,ERR,ERR,ERR,ERR,ERR,ERR,ERR,ERR,ERR,ERR,ERR,ERR,ERR,ERR,ERR,ERR,ERR,ERR,ERR,ERR,ERR,ERR,ERR,ERR,ERR,ERR,ERR,ERR,ERR,ERR,ERR,ERR,ERR,ERR,ERR,0.0,2.7184527190102135e+23,-0.0,0.0,-0.031,1.352177415440339e+22,0.0,-3156.004,4300,0,8,17169,4300,0.0,41,0.0,0.0,0.0,0.0,2.7184166902131945e+23,0,0,0,0,0.0,0,0,0,0,0,0,0,0,0,0,0,0,0,0,0,0,0,0,0,0,0,0,0,0,0,0,0,0,0,0,0,0,0,12,37,36,48,65476,414,65476,1,0,4,21553,0.0,-0.0,0.0,0.0,0.0,0.0,0.0,0.0,0.0,0.0,0.0,0.0,0.0,0.0,0.0,0.0,0.0,0.0,0.0,0.0,0.0,2.004,2.004,-0.0,-3.697074423243316e+19,0.0,0.0,0.0,0.0,0.0,6543.0,564149054603264.0,0.0,0.0,2.7184527190102135e+23,0.0,2.7184509175703625e+23,-0.0,0.0,2.004,2.004,225,89220.562,-89221.016,0.0,0.0,0.0,0.0,0.0,0.0,0.0,0,0,0,-104582.867,-0.0,4970265003950080.0,0.004,3829624832.0,0.0,-0.0,-0.0,71069394272256.0,-6.122208890232366e+29,-673.096,2183841754120192.0,0.0,0.0,0.0,-0.0,0,1.3516416376850534e+27,225,0.0,450,-74360974999552.0,-1814070656.0,2112,52429,17109,0,17112,52429,17095,0,0,0,101,100,100,-107615248.0,65.3,-0.0,65.8,-0.0,65.5,1,49,50,180,52429,52429,0,0,0.0,0.0,0.0,60.0,5.022701936685403e+19,71.0,0.0,-3.666360177524736e+16,0.0,1069,0,1069,0,0,0,1069,0,1080,0,999,0,658,0,658,0,654,0,677,0.032,1.4536034330083127e+22,2.004,2.73023467606737e+23,6032,16814,5.625754701050969e+23,-3.666360177524736e+16,407370366713856.0,-0.0,-63.814,56707039232.0,50.0,60.0,35,0.0,0.0,10.0,2.0,0.0,0.0,0.0,0.0,0.0,0.0,0.0,0.0,0.0,0.0,0.0,0.0,59.2,55,11,65508,27,65476,0,300,0,0,8,20529,65476,0,0,30147,60.0,0.0,10.0,10.0,2.0,0.0
2026-02-16T12:36:39,ERR,ERR,ERR,ERR,ERR,ERR,ERR,ERR,ERR,ERR,ERR,ERR,ERR,ERR,ERR,ERR,ERR,ERR,ERR,ERR,ERR,ERR,ERR,ERR,ERR,ERR,ERR,ERR,ERR,ERR,ERR,ERR,ERR,ERR,ERR,ERR,ERR,ERR,ERR,ERR,ERR,ERR,ERR,ERR,ERR,ERR,ERR,ERR,ERR,ERR,ERR,ERR,ERR,ERR,ERR,ERR,ERR,ERR,ERR,ERR,ERR,ERR,ERR,ERR,ERR,ERR,ERR,ERR,ERR,ERR,ERR,ERR,ERR,ERR,ERR,ERR,ERR,ERR,ERR,ERR,ERR,ERR,ERR,ERR,ERR,ERR,ERR,ERR,ERR,ERR,ERR,ERR,ERR,ERR,ERR,ERR,ERR,ERR,ERR,ERR,ERR,ERR,ERR,ERR,ERR,ERR,ERR,ERR,ERR,ERR,ERR,ERR,ERR,ERR,ERR,ERR,ERR,ERR,ERR,ERR,ERR,ERR,ERR,ERR,ERR,0.0,2.7184527190102135e+23,-0.0,0.0,-0.031,1.352177415440339e+22,0.0,-3156.004,4300,0,8,17169,4300,0.0,41,0.0,0.0,0.0,0.0,2.7184166902131945e+23,0,0,0,0,0.0,0,0,0,0,0,0,0,0,0,0,0,0,0,0,0,0,0,0,0,0,0,0,0,0,0,0,0,0,0,0,0,0,0,12,37,36,48,65476,414,65476,1,0,4,21553,0.0,-0.0,0.0,0.0,0.0,0.0,0.0,0.0,0.0,0.0,0.0,0.0,0.0,0.0,0.0,0.0,0.0,0.0,0.0,0.0,0.0,2.004,2.004,-0.0,-3.697074423243316e+19,0.0,0.0,0.0,0.0,0.0,6543.0,564149054603264.0,0.0,0.0,2.7184527190102135e+23,0.0,2.7184509175703625e+23,-0.0,0.0,2.004,2.004,225,89220.562,-89221.016,0.0,0.0,0.0,0.0,0.0,0.0,0.0,0,0,0,-104582.867,-0.0,4970265003950080.0,0.004,3829624832.0,0.0,-0.0,-0.0,71069394272256.0,-6.122208890232366e+29,-673.096,2183841754120192.0,0.0,0.0,0.0,-0.0,0,1.3516416376850534e+27,225,0.0,450,-74360974999552.0,-1814070656.0,2112,52429,17109,0,17112,52429,17095,0,0,0,101,100,100,-107615248.0,65.3,-0.0,65.8,-0.0,65.5,1,49,50,180,52429,52429,0,0,0.0,0.0,0.0,60.0,157962.219,71.0,0.0,0.0,0.0,1069,0,1069,0,0,0,1069,0,1080,0,999,0,658,0,658,0,654,0,677,0.032,1.4536034330083127e+22,2.004,2.73023467606737e+23,6800,16814,22449254400.0,0.0,1.6329833833495544e+36,-107778744320.0,-131334.344,-0.0,50.0,60.0,35,0.0,0.0,10.0,2.0,0.0,0.0,0.0,0.0,0.0,0.0,0.0,0.0,0.0,0.0,0.0,0.0,58.8,55,11,65508,27,65476,0,300,0,0,8,20529,65476,0,0,30147,60.0,0.0,10.0,10.0,2.0,0.0
2026-02-16T12:36:40,ERR,ERR,ERR,ERR,ERR,ERR,ERR,ERR,ERR,ERR,ERR,ERR,ERR,ERR,ERR,ERR,ERR,ERR,ERR,ERR,ERR,ERR,ERR,ERR,ERR,ERR,ERR,ERR,ERR,ERR,ERR,ERR,ERR,ERR,ERR,ERR,ERR,ERR,ERR,ERR,ERR,ERR,ERR,ERR,ERR,ERR,ERR,ERR,ERR,ERR,ERR,ERR,ERR,ERR,ERR,ERR,ERR,ERR,ERR,ERR,ERR,ERR,ERR,ERR,ERR,ERR,ERR,ERR,ERR,ERR,ERR,ERR,ERR,ERR,ERR,ERR,ERR,ERR,ERR,ERR,ERR,ERR,ERR,ERR,ERR,ERR,ERR,ERR,ERR,ERR,ERR,ERR,ERR,ERR,ERR,ERR,ERR,ERR,ERR,ERR,ERR,ERR,ERR,ERR,ERR,ERR,ERR,ERR,ERR,ERR,ERR,ERR,ERR,ERR,ERR,ERR,ERR,ERR,ERR,ERR,ERR,ERR,ERR,ERR,ERR,0.0,2.7184527190102135e+23,-0.0,0.0,-0.031,3.9254463993654623e+37,7.462711717582464e+21,-0.0,4300,0,8,17169,4300,0.0,41,0.0,0.0,0.0,0.0,2.7184166902131945e+23,0,0,0,0,0.0,0,0,0,0,0,0,0,0,0,0,0,0,0,0,0,0,0,0,0,0,0,0,0,0,0,0,0,0,0,0,0,0,0,12,37,36,48,65476,414,65476,1,0,4,21553,0.0,-0.0,0.0,0.0,0.0,0.0,0.0,0.0,0.0,0.0,0.0,0.0,0.0,0.0,0.0,0.0,0.0,0.0,0.0,0.0,0.0,2.004,2.004,-0.0,0.0,2.004,0.0,0.0,0.0,0.0,6546.0,-0.0,0.0,0.0,2.7184527190102135e+23,2.718450196994422e+23,-0.0,0.0,0.0,2.004,2.004,226,2.718417410789135e+23,-4.0668755697950344e+29,0.0,0.0,0.0,0.0,0.0,0.0,0.0,0,0,0,-2.970621872225644e+24,-0.0,-0.0,0.0,-0.0,-0.0,3.0808013530748187e+27,1.9363975218635426e+28,6.027498485954539e+23,-6.549893599751982e+29,-729.096,2362174299176960.0,0.0,0.0,0.0,-0.0,0,1.3516416376850534e+27,225,0.0,450,0.0,5.541348168577109e+19,2112,52429,17109,0,17112,52429,17095,0,0,0,101,100,100,-107615248.0,65.3,-0.0,65.8,-0.0,65.5,1,49,50,180,52429,52429,0,0,0.0,0.0,0.0,60.0,157962.219,71.0,0.0,0.0,0.0,1069,0,1069,0,0,0,1069,0,1080,0,999,0,658,0,658,0,654,0,677,0.032,1.4536034330083127e+22,2.004,2.73023467606737e+23,6800,16814,22449254400.0,0.0,1.6329833833495544e+36,-107778744320.0,-131334.344,-0.0,50.0,60.0,35,0.0,0.0,10.0,2.0,0.0,0.0,0.0,0.0,0.0,0.0,0.0,0.0,0.0,0.0,0.0,0.0,58.8,55,11,65508,27,65476,0,300,0,0,8,20529,65476,0,0,30147,60.0,0.0,10.0,10.0,2.0,0.0
2026-02-16T12:36:41,ERR,ERR,ERR,ERR,ERR,ERR,ERR,ERR,ERR,ERR,ERR,ERR,ERR,ERR,ERR,ERR,ERR,ERR,ERR,ERR,ERR,ERR,ERR,ERR,ERR,ERR,ERR,ERR,ERR,ERR,ERR,ERR,ERR,ERR,ERR,ERR,ERR,ERR,ERR,ERR,ERR,ERR,ERR,ERR,ERR,ERR,ERR,ERR,ERR,ERR,ERR,ERR,ERR,ERR,ERR,ERR,ERR,ERR,ERR,ERR,ERR,ERR,ERR,ERR,ERR,ERR,ERR,ERR,ERR,ERR,ERR,ERR,ERR,ERR,ERR,ERR,ERR,ERR,ERR,ERR,ERR,ERR,ERR,ERR,ERR,ERR,ERR,ERR,ERR,ERR,ERR,ERR,ERR,ERR,ERR,ERR,ERR,ERR,ERR,ERR,ERR,ERR,ERR,ERR,ERR,ERR,ERR,ERR,ERR,ERR,ERR,ERR,ERR,ERR,ERR,ERR,ERR,ERR,ERR,ERR,ERR,ERR,ERR,ERR,ERR,0.0,2.7184527190102135e+23,-0.0,0.0,-0.031,3.9254463993654623e+37,7.462711717582464e+21,-0.0,4300,0,8,17169,4300,0.0,41,0.0,0.0,0.0,0.0,2.7184166902131945e+23,0,0,0,0,0.0,0,0,0,0,0,0,0,0,0,0,0,0,0,0,0,0,0,0,0,0,0,0,0,0,0,0,0,0,0,0,0,0,0,12,37,36,48,65476,414,65476,1,0,4,21553,0.0,-0.0,0.0,0.0,0.0,0.0,0.0,0.0,0.0,0.0,0.0,0.0,0.0,0.0,0.0,0.0,0.0,0.0,0.0,0.0,0.0,2.004,2.004,-0.0,0.0,2.004,0.0,0.0,0.0,0.0,6546.0,-0.0,0.0,0.0,2.7184527190102135e+23,2.718450196994422e+23,-0.0,0.0,0.0,2.004,2.004,226,2.718417410789135e+23,-4.0668755697950344e+29,0.0,0.0,0.0,0.0,0.0,0.0,0.0,0,0,0,-2.970621872225644e+24,-0.0,-0.0,0.0,-0.0,-0.0,3.0808013530748187e+27,1.9363975218635426e+28,6.027498485954539e+23,-6.549893599751982e+29,-729.096,2362174299176960.0,0.0,0.0,0.0,-0.0,0,1.3516416376850534e+27,225,0.0,450,0.0,5.541348168577109e+19,2112,52429,17109,0,17112,52429,17095,0,0,0,101,100,100,-107615248.0,65.3,-0.0,65.8,-0.0,65.5,1,49,50,180,52429,52429,0,0,0.0,0.0,0.0,60.0,157962.219,71.0,0.0,0.0,0.0,1069,0,1069,0,0,0,1069,0,1080,0,999,0,658,0,658,0,654,0,677,0.032,1.4536034330083127e+22,2.004,2.73023467606737e+23,6800,16814,22449254400.0,0.0,1.6329833833495544e+36,-107778744320.0,-131334.344,-0.0,50.0,60.0,35,0.0,0.0,10.0,2.0,0.0,0.0,0.0,0.0,0.0,0.0,0.0,0.0,0.0,0.0,0.0,0.0,58.8,55,11,65508,27,65476,0,300,0,0,8,20529,65476,0,0,30147,60.0,0.0,10.0,10.0,2.0,0.0
2026-02-16T12:36:42,ERR,ERR,ERR,ERR,ERR,ERR,ERR,ERR,ERR,ERR,ERR,ERR,ERR,ERR,ERR,ERR,ERR,ERR,ERR,ERR,ERR,ERR,ERR,ERR,ERR,ERR,ERR,ERR,ERR,ERR,ERR,ERR,ERR,ERR,ERR,ERR,ERR,ERR,ERR,ERR,ERR,ERR,ERR,ERR,ERR,ERR,ERR,ERR,ERR,ERR,ERR,ERR,ERR,ERR,ERR,ERR,ERR,ERR,ERR,ERR,ERR,ERR,ERR,ERR,ERR,ERR,ERR,ERR,ERR,ERR,ERR,ERR,ERR,ERR,ERR,ERR,ERR,ERR,ERR,ERR,ERR,ERR,ERR,ERR,ERR,ERR,ERR,ERR,ERR,ERR,ERR,ERR,ERR,ERR,ERR,ERR,ERR,ERR,ERR,ERR,ERR,ERR,ERR,ERR,ERR,ERR,ERR,ERR,ERR,ERR,ERR,ERR,ERR,ERR,ERR,ERR,ERR,ERR,ERR,ERR,ERR,ERR,ERR,ERR,ERR,0.0,2.7184527190102135e+23,-0.0,0.0,-0.031,3.9254463993654623e+37,7.462711717582464e+21,-0.0,4300,0,8,17169,4300,0.0,41,0.0,0.0,0.0,0.0,2.7184166902131945e+23,0,0,0,0,0.0,0,0,0,0,0,0,0,0,0,0,0,0,0,0,0,0,0,0,0,0,0,0,0,0,0,0,0,0,0,0,0,0,0,12,37,36,48,65476,414,65476,1,0,4,21553,0.0,-0.0,0.0,0.0,0.0,0.0,0.0,0.0,0.0,0.0,0.0,0.0,0.0,0.0,0.0,0.0,0.0,0.0,0.0,0.0,0.0,2.004,2.004,-0.0,0.0,2.004,0.0,0.0,0.0,0.0,6546.0,-0.0,0.0,0.0,2.7184527190102135e+23,2.718450196994422e+23,-0.0,0.0,0.0,2.004,2.004,226,2.718417410789135e+23,-4.0668755697950344e+29,0.0,0.0,0.0,0.0,0.0,0.0,0.0,0,0,0,-2.970621872225644e+24,-0.0,-0.0,0.0,-0.0,-0.0,3.0808013530748187e+27,1.9363975218635426e+28,6.027498485954539e+23,-6.549893599751982e+29,-729.096,2362174299176960.0,0.0,0.0,0.0,-0.0,0,1.3516416376850534e+27,225,0.0,450,0.0,5.541348168577109e+19,2112,52429,17109,0,17112,52429,17095,0,0,0,101,100,100,-107615248.0,65.3,-0.0,65.8,-0.0,65.5,1,49,50,180,52429,52429,0,0,0.0,0.0,0.0,60.0,157962.219,71.0,0.0,0.0,0.0,1069,0,1069,0,0,0,1069,0,1080,0,999,0,658,0,658,0,654,0,677,0.032,1.4536034330083127e+22,2.004,2.73023467606737e+23,6800,16814,22449254400.0,0.0,1.6329833833495544e+36,-107778744320.0,-131334.344,-0.0,50.0,60.0,35,0.0,0.0,10.0,2.0,0.0,0.0,0.0,0.0,0.0,0.0,0.0,0.0,0.0,0.0,0.0,0.0,59.2,55,11,65508,27,65476,0,300,0,0,8,20529,65476,0,0,30147,60.0,0.0,10.0,10.0,2.0,0.0
2026-02-16T12:36:43,ERR,ERR,ERR,ERR,ERR,ERR,ERR,ERR,ERR,ERR,ERR,ERR,ERR,ERR,ERR,ERR,ERR,ERR,ERR,ERR,ERR,ERR,ERR,ERR,ERR,ERR,ERR,ERR,ERR,ERR,ERR,ERR,ERR,ERR,ERR,ERR,ERR,ERR,ERR,ERR,ERR,ERR,ERR,ERR,ERR,ERR,ERR,ERR,ERR,ERR,ERR,ERR,ERR,ERR,ERR,ERR,ERR,ERR,ERR,ERR,ERR,ERR,ERR,ERR,ERR,ERR,ERR,ERR,ERR,ERR,ERR,ERR,ERR,ERR,ERR,ERR,ERR,ERR,ERR,ERR,ERR,ERR,ERR,ERR,ERR,ERR,ERR,ERR,ERR,ERR,ERR,ERR,ERR,ERR,ERR,ERR,ERR,ERR,ERR,ERR,ERR,ERR,ERR,ERR,ERR,ERR,ERR,ERR,ERR,ERR,ERR,ERR,ERR,ERR,ERR,ERR,ERR,ERR,ERR,ERR,ERR,ERR,ERR,ERR,ERR,0.0,2.7184527190102135e+23,-0.0,0.0,-0.031,3.9254463993654623e+37,7.462711717582464e+21,-0.0,4300,0,8,17169,4300,0.0,41,0.0,0.0,0.0,0.0,2.7184166902131945e+23,0,0,0,0,0.0,0,0,0,0,0,0,0,0,0,0,0,0,0,0,0,0,0,0,0,0,0,0,0,0,0,0,0,0,0,0,0,0,0,12,37,36,48,65476,414,65476,1,0,4,21553,0.0,-0.0,0.0,0.0,0.0,0.0,0.0,0.0,0.0,0.0,0.0,0.0,0.0,0.0,0.0,0.0,0.0,0.0,0.0,0.0,0.0,2.004,2.004,-0.0,0.0,2.004,0.0,0.0,0.0,0.0,6546.0,-0.0,0.0,0.0,2.7184527190102135e+23,2.718450196994422e+23,-0.0,0.0,0.0,2.004,2.004,226,2.718417410789135e+23,-4.0668755697950344e+29,0.0,0.0,0.0,0.0,0.0,0.0,0.0,0,0,0,-2.970621872225644e+24,-0.0,-0.0,0.0,-0.0,-0.0,3.0808013530748187e+27,1.9363975218635426e+28,6.027498485954539e+23,-6.549893599751982e+29,-729.096,2362174299176960.0,0.0,0.0,0.0,-0.0,0,1.3516416376850534e+27,225,0.0,450,0.0,5.541348168577109e+19,2112,52429,17109,0,17112,52429,17095,0,0,0,101,100,100,-107615248.0,65.3,-0.0,65.8,-0.0,65.5,1,49,50,180,52429,52429,0,0,0.0,0.0,0.0,60.0,1.6236375507426345e+18,71.0,0.0,2139696066985984.0,0.0,1069,0,1069,0,0,0,1069,0,1080,0,999,0,658,0,658,0,654,0,676,0.032,1.4609821306377965e+22,0.0,0.0,6544,16814,6758727.0,2139696066985984.0,-0.0,1.3443392662063704e+21,-1.820629502608726e+35,-0.001,50.0,60.0,35,0.0,0.0,10.0,2.0,0.0,0.0,0.0,0.0,0.0,0.0,0.0,0.0,0.0,0.0,0.0,0.0,59.2,55,11,65508,27,65476,0,300,0,0,8,20529,65476,0,0,30147,60.0,0.0,10.0,10.0,2.0,0.0
2026-02-16T12:36:44,ERR,ERR,ERR,ERR,ERR,ERR,ERR,ERR,ERR,ERR,ERR,ERR,ERR,ERR,ERR,ERR,ERR,ERR,ERR,ERR,ERR,ERR,ERR,ERR,ERR,ERR,ERR,ERR,ERR,ERR,ERR,ERR,ERR,ERR,ERR,ERR,ERR,ERR,ERR,ERR,ERR,ERR,ERR,ERR,ERR,ERR,ERR,ERR,ERR,ERR,ERR,ERR,ERR,ERR,ERR,ERR,ERR,ERR,ERR,ERR,ERR,ERR,ERR,ERR,ERR,ERR,ERR,ERR,ERR,ERR,ERR,ERR,ERR,ERR,ERR,ERR,ERR,ERR,ERR,ERR,ERR,ERR,ERR,ERR,ERR,ERR,ERR,ERR,ERR,ERR,ERR,ERR,ERR,ERR,ERR,ERR,ERR,ERR,ERR,ERR,ERR,ERR,ERR,ERR,ERR,ERR,ERR,ERR,ERR,ERR,ERR,ERR,ERR,ERR,ERR,ERR,ERR,ERR,ERR,ERR,ERR,ERR,ERR,ERR,ERR,0.0,2.7184527190102135e+23,-0.0,0.0,-0.031,3.9254463993654623e+37,7.462711717582464e+21,-0.0,4300,0,8,17169,4300,0.0,41,0.0,0.0,0.0,0.0,2.7184166902131945e+23,0,0,0,0,0.0,0,0,0,0,0,0,0,0,0,0,0,0,0,0,0,0,0,0,0,0,0,0,0,0,0,0,0,0,0,0,0,0,0,12,37,36,48,65476,414,65476,1,0,4,21553,0.0,-0.0,0.0,0.0,0.0,0.0,0.0,0.0,0.0,0.0,0.0,0.0,0.0,0.0,0.0,0.0,0.0,0.0,0.0,0.0,0.0,2.004,2.004,-0.0,0.0,2.004,0.0,0.0,0.0,0.0,6546.0,-0.0,0.0,0.0,2.7184527190102135e+23,2.718450196994422e+23,-0.0,0.0,0.0,2.004,2.004,226,2.718417410789135e+23,-4.0668755697950344e+29,0.0,0.0,0.0,0.0,0.0,0.0,0.0,0,0,0,-2.970621872225644e+24,-0.0,-0.0,0.0,-0.0,-0.0,3.0808013530748187e+27,1.9363975218635426e+28,6.027498485954539e+23,-6.549893599751982e+29,-729.096,2362174299176960.0,0.0,0.0,0.0,-0.0,0,1.3516416376850534e+27,225,0.0,450,0.0,5.541348168577109e+19,2112,52429,17109,0,17112,52429,17095,0,0,0,101,100,100,-107615248.0,65.3,-0.0,65.8,-0.0,65.5,1,49,50,180,52429,52429,0,0,0.0,0.0,0.0,60.0,1.6236375507426345e+18,71.0,0.0,2139696066985984.0,0.0,1069,0,1069,0,0,0,1069,0,1080,0,999,0,658,0,658,0,654,0,676,0.032,1.4609821306377965e+22,0.0,0.0,6544,16814,6758727.0,2139696066985984.0,-0.0,1.3443392662063704e+21,-1.820629502608726e+35,-0.001,50.0,60.0,35,0.0,0.0,10.0,2.0,0.0,0.0,0.0,0.0,0.0,0.0,0.0,0.0,0.0,0.0,0.0,0.0,58.8,55,11,65508,27,65476,0,300,0,0,8,20529,65476,0,0,30147,60.0,0.0,10.0,10.0,2.0,0.0
2026-02-16T12:36:45,ERR,ERR,ERR,ERR,ERR,ERR,ERR,ERR,ERR,ERR,ERR,ERR,ERR,ERR,ERR,ERR,ERR,ERR,ERR,ERR,ERR,ERR,ERR,ERR,ERR,ERR,ERR,ERR,ERR,ERR,ERR,ERR,ERR,ERR,ERR,ERR,ERR,ERR,ERR,ERR,ERR,ERR,ERR,ERR,ERR,ERR,ERR,ERR,ERR,ERR,ERR,ERR,ERR,ERR,ERR,ERR,ERR,ERR,ERR,ERR,ERR,ERR,ERR,ERR,ERR,ERR,ERR,ERR,ERR,ERR,ERR,ERR,ERR,ERR,ERR,ERR,ERR,ERR,ERR,ERR,ERR,ERR,ERR,ERR,ERR,ERR,ERR,ERR,ERR,ERR,ERR,ERR,ERR,ERR,ERR,ERR,ERR,ERR,ERR,ERR,ERR,ERR,ERR,ERR,ERR,ERR,ERR,ERR,ERR,ERR,ERR,ERR,ERR,ERR,ERR,ERR,ERR,ERR,ERR,ERR,ERR,ERR,ERR,ERR,ERR,0.0,2.7184527190102135e+23,-0.0,0.0,-0.031,-1.890882803454549e+38,0.002,0.0,4300,0,8,17168,4300,0.0,41,0.0,0.0,0.0,0.0,2.7184166902131945e+23,0,0,0,0,0.0,0,0,0,0,0,0,0,0,0,0,0,0,0,0,0,0,0,0,0,0,0,0,0,0,0,0,0,0,0,0,0,0,0,12,37,37,48,65476,414,65476,1,0,4,21553,0.0,-0.0,0.0,0.0,0.0,0.0,0.0,0.0,0.0,0.0,0.0,0.0,0.0,0.0,0.0,0.0,0.0,0.0,0.0,0.0,0.0,2.004,2.004,-0.0,0.0,2.004,0.0,0.0,0.0,0.0,6546.0,-0.0,0.0,0.0,107616352.0,-0.0,-0.0,-0.0,0.0,2.004,2.004,226,2.718417410789135e+23,0.0,0.0,0.0,0.0,0.0,0.0,0.0,0.0,0,0,0,-1.7118140840280064e+16,-0.0,8.194002209032058e+36,0.0,2.9665747513426996e+33,-190328864768.0,1.357238444769556e+29,0.0,0.0,-7.29265762332321e+29,-785.096,2590872717754368.0,0.0,0.0,0.0,-7467777749155840.0,0,1.3516416376850534e+27,226,0.0,452,0.0,-20512.525,2112,52429,17109,0,17112,52429,17095,0,0,0,101,100,100,-107615248.0,65.3,-0.0,65.8,-0.0,65.5,1,49,50,180,52429,52429,0,0,0.0,0.0,0.0,60.0,1.6236375507426345e+18,71.0,0.0,2139696066985984.0,0.0,1069,0,1069,0,0,0,1069,0,1080,0,999,0,658,0,658,0,654,0,676,0.032,1.4609821306377965e+22,0.0,0.0,6544,16814,6758727.0,2139696066985984.0,-0.0,1.3443392662063704e+21,-1.820629502608726e+35,-0.001,50.0,60.0,35,0.0,0.0,10.0,2.0,0.0,0.0,0.0,0.0,0.0,0.0,0.0,0.0,0.0,0.0,0.0,0.0,58.8,55,11,65508,27,65476,0,300,0,0,8,20529,65476,0,0,30147,60.0,0.0,10.0,10.0,2.0,0.0
2026-02-16T12:36:46,ERR,ERR,ERR,ERR,ERR,ERR,ERR,ERR,ERR,ERR,ERR,ERR,ERR,ERR,ERR,ERR,ERR,ERR,ERR,ERR,ERR,ERR,ERR,ERR,ERR,ERR,ERR,ERR,ERR,ERR,ERR,ERR,ERR,ERR,ERR,ERR,ERR,ERR,ERR,ERR,ERR,ERR,ERR,ERR,ERR,ERR,ERR,ERR,ERR,ERR,ERR,ERR,ERR,ERR,ERR,ERR,ERR,ERR,ERR,ERR,ERR,ERR,ERR,ERR,ERR,ERR,ERR,ERR,ERR,ERR,ERR,ERR,ERR,ERR,ERR,ERR,ERR,ERR,ERR,ERR,ERR,ERR,ERR,ERR,ERR,ERR,ERR,ERR,ERR,ERR,ERR,ERR,ERR,ERR,ERR,ERR,ERR,ERR,ERR,ERR,ERR,ERR,ERR,ERR,ERR,ERR,ERR,ERR,ERR,ERR,ERR,ERR,ERR,ERR,ERR,ERR,ERR,ERR,ERR,ERR,ERR,ERR,ERR,ERR,ERR,0.0,2.7184527190102135e+23,-0.0,0.0,-0.031,-1.890882803454549e+38,0.002,0.0,4300,0,8,17168,4300,0.0,41,0.0,0.0,0.0,0.0,2.7184166902131945e+23,0,0,0,0,0.0,0,0,0,0,0,0,0,0,0,0,0,0,0,0,0,0,0,0,0,0,0,0,0,0,0,0,0,0,0,0,0,0,0,12,37,37,48,65476,414,65476,1,0,4,21553,0.0,-0.0,0.0,0.0,0.0,0.0,0.0,0.0,0.0,0.0,0.0,0.0,0.0,0.0,0.0,0.0,0.0,0.0,0.0,0.0,0.0,2.004,2.004,-0.0,0.0,2.004,0.0,0.0,0.0,0.0,6546.0,-0.0,0.0,0.0,107616352.0,-0.0,-0.0,-0.0,0.0,2.004,2.004,226,2.718417410789135e+23,0.0,0.0,0.0,0.0,0.0,0.0,0.0,0.0,0,0,0,-1.7118140840280064e+16,-0.0,8.194002209032058e+36,0.0,2.9665747513426996e+33,-190328864768.0,1.357238444769556e+29,0.0,0.0,-7.29265762332321e+29,-785.096,2590872717754368.0,0.0,0.0,0.0,-7467777749155840.0,0,1.3516416376850534e+27,226,0.0,452,0.0,-20512.525,2112,52429,17109,0,17112,52429,17095,0,0,0,101,100,100,-107615248.0,65.3,-0.0,65.8,-0.0,65.5,1,49,50,180,52429,52429,0,0,0.0,0.0,0.0,60.0,1.6236375507426345e+18,71.0,0.0,2139696066985984.0,0.0,1069,0,1069,0,0,0,1069,0,1080,0,999,0,658,0,658,0,654,0,676,0.032,1.4609821306377965e+22,0.0,0.0,6544,16814,6758727.0,2139696066985984.0,-0.0,1.3443392662063704e+21,-1.820629502608726e+35,-0.001,50.0,60.0,35,0.0,0.0,10.0,2.0,0.0,0.0,0.0,0.0,0.0,0.0,0.0,0.0,0.0,0.0,0.0,0.0,59.2,54,11,65508,27,65476,0,300,0,0,8,20529,65476,0,0,30147,60.0,0.0,10.0,10.0,2.0,0.0
2026-02-16T12:36:47,ERR,ERR,ERR,ERR,ERR,ERR,ERR,ERR,ERR,ERR,ERR,ERR,ERR,ERR,ERR,ERR,ERR,ERR,ERR,ERR,ERR,ERR,ERR,ERR,ERR,ERR,ERR,ERR,ERR,ERR,ERR,ERR,ERR,ERR,ERR,ERR,ERR,ERR,ERR,ERR,ERR,ERR,ERR,ERR,ERR,ERR,ERR,ERR,ERR,ERR,ERR,ERR,ERR,ERR,ERR,ERR,ERR,ERR,ERR,ERR,ERR,ERR,ERR,ERR,ERR,ERR,ERR,ERR,ERR,ERR,ERR,ERR,ERR,ERR,ERR,ERR,ERR,ERR,ERR,ERR,ERR,ERR,ERR,ERR,ERR,ERR,ERR,ERR,ERR,ERR,ERR,ERR,ERR,ERR,ERR,ERR,ERR,ERR,ERR,ERR,ERR,ERR,ERR,ERR,ERR,ERR,ERR,ERR,ERR,ERR,ERR,ERR,ERR,ERR,ERR,ERR,ERR,ERR,ERR,ERR,ERR,ERR,ERR,ERR,ERR,0.0,2.7184527190102135e+23,-0.0,0.0,-0.031,-1.890882803454549e+38,0.002,0.0,4300,0,8,17168,4300,0.0,41,0.0,0.0,0.0,0.0,2.7184166902131945e+23,0,0,0,0,0.0,0,0,0,0,0,0,0,0,0,0,0,0,0,0,0,0,0,0,0,0,0,0,0,0,0,0,0,0,0,0,0,0,0,12,37,37,48,65476,414,65476,1,0,4,21553,0.0,-0.0,0.0,0.0,0.0,0.0,0.0,0.0,0.0,0.0,0.0,0.0,0.0,0.0,0.0,0.0,0.0,0.0,0.0,0.0,0.0,2.004,2.004,-0.0,0.0,2.004,0.0,0.0,0.0,0.0,6546.0,-0.0,0.0,0.0,107616352.0,-0.0,-0.0,-0.0,0.0,2.004,2.004,226,2.718417410789135e+23,0.0,0.0,0.0,0.0,0.0,0.0,0.0,0.0,0,0,0,-1.7118140840280064e+16,-0.0,8.194002209032058e+36,0.0,2.9665747513426996e+33,-190328864768.0,1.357238444769556e+29,0.0,0.0,-7.29265762332321e+29,-785.096,2590872717754368.0,0.0,0.0,0.0,-7467777749155840.0,0,1.3516416376850534e+27,226,0.0,452,0.0,-20512.525,2112,52429,17109,0,17112,52429,17095,0,0,0,101,100,100,-107615248.0,65.3,-0.0,65.8,-0.0,65.5,1,49,50,180,52429,52429,0,0,0.0,0.0,0.0,60.0,5.557801480477475e+18,71.0,0.0,-0.002,0.0,1069,0,1069,0,0,0,1069,0,1080,0,999,0,658,0,659,0,654,0,676,0.032,1.4536034330083127e+22,0.0,0.0,15504,16814,1.8023205298553307e+22,-0.0,124932327473152.0,0.0,-0.0,3.7035707170948814e+34,50.0,60.0,35,0.0,0.0,10.0,2.0,0.0,0.0,0.0,0.0,0.0,0.0,0.0,0.0,0.0,0.0,0.0,0.0,58.8,54,11,65508,27,65476,0,300,0,0,8,20529,65476,0,0,30147,60.0,0.0,10.0,10.0,2.0,0.0
2026-02-16T12:36:48,ERR,ERR,ERR,ERR,ERR,ERR,ERR,ERR,ERR,ERR,ERR,ERR,ERR,ERR,ERR,ERR,ERR,ERR,ERR,ERR,ERR,ERR,ERR,ERR,ERR,ERR,ERR,ERR,ERR,ERR,ERR,ERR,ERR,ERR,ERR,ERR,ERR,ERR,ERR,ERR,ERR,ERR,ERR,ERR,ERR,ERR,ERR,ERR,ERR,ERR,ERR,ERR,ERR,ERR,ERR,ERR,ERR,ERR,ERR,ERR,ERR,ERR,ERR,ERR,ERR,ERR,ERR,ERR,ERR,ERR,ERR,ERR,ERR,ERR,ERR,ERR,ERR,ERR,ERR,ERR,ERR,ERR,ERR,ERR,ERR,ERR,ERR,ERR,ERR,ERR,ERR,ERR,ERR,ERR,ERR,ERR,ERR,ERR,ERR,ERR,ERR,ERR,ERR,ERR,ERR,ERR,ERR,ERR,ERR,ERR,ERR,ERR,ERR,ERR,ERR,ERR,ERR,ERR,ERR,ERR,ERR,ERR,ERR,ERR,ERR,0.0,2.7184527190102135e+23,-0.0,0.0,-0.031,-1.890882803454549e+38,0.002,0.0,4300,0,8,17168,4300,0.0,41,0.0,0.0,0.0,0.0,2.7184166902131945e+23,0,0,0,0,0.0,0,0,0,0,0,0,0,0,0,0,0,0,0,0,0,0,0,0,0,0,0,0,0,0,0,0,0,0,0,0,0,0,0,12,37,37,48,65476,414,65476,1,0,4,21553,0.0,-0.0,0.0,0.0,0.0,0.0,0.0,0.0,0.0,0.0,0.0,0.0,0.0,0.0,0.0,0.0,0.0,0.0,0.0,0.0,0.0,2.004,2.004,-0.0,0.0,2.004,0.0,0.0,0.0,0.0,6546.0,-0.0,0.0,0.0,107616352.0,-0.0,-0.0,-0.0,0.0,2.004,2.004,226,2.718417410789135e+23,0.0,0.0,0.0,0.0,0.0,0.0,0.0,0.0,0,0,0,-1.7118140840280064e+16,-0.0,8.194002209032058e+36,0.0,2.9665747513426996e+33,-190328864768.0,1.357238444769556e+29,0.0,0.0,-7.29265762332321e+29,-785.096,2590872717754368.0,0.0,0.0,0.0,-7467777749155840.0,0,1.3516416376850534e+27,226,0.0,452,0.0,-20512.525,2112,52429,17109,0,17112,52429,17095,0,0,0,101,100,100,-107615248.0,65.3,-0.0,65.8,-0.0,65.5,1,49,50,180,52429,52429,0,0,0.0,0.0,0.0,60.0,5.557801480477475e+18,71.0,0.0,-0.002,0.0,1069,0,1069,0,0,0,1069,0,1080,0,999,0,658,0,659,0,654,0,676,0.032,1.4536034330083127e+22,0.0,0.0,15504,16814,1.8023205298553307e+22,-0.0,124932327473152.0,0.0,-0.0,3.7035707170948814e+34,50.0,60.0,35,0.0,0.0,10.0,2.0,0.0,0.0,0.0,0.0,0.0,0.0,0.0,0.0,0.0,0.0,0.0,0.0,58.8,54,11,65508,27,65476,0,300,0,0,8,20529,65476,0,0,30147,60.0,0.0,10.0,10.0,2.0,0.0
2026-02-16T12:36:49,ERR,ERR,ERR,ERR,ERR,ERR,ERR,ERR,ERR,ERR,ERR,ERR,ERR,ERR,ERR,ERR,ERR,ERR,ERR,ERR,ERR,ERR,ERR,ERR,ERR,ERR,ERR,ERR,ERR,ERR,ERR,ERR,ERR,ERR,ERR,ERR,ERR,ERR,ERR,ERR,ERR,ERR,ERR,ERR,ERR,ERR,ERR,ERR,ERR,ERR,ERR,ERR,ERR,ERR,ERR,ERR,ERR,ERR,ERR,ERR,ERR,ERR,ERR,ERR,ERR,ERR,ERR,ERR,ERR,ERR,ERR,ERR,ERR,ERR,ERR,ERR,ERR,ERR,ERR,ERR,ERR,ERR,ERR,ERR,ERR,ERR,ERR,ERR,ERR,ERR,ERR,ERR,ERR,ERR,ERR,ERR,ERR,ERR,ERR,ERR,ERR,ERR,ERR,ERR,ERR,ERR,ERR,ERR,ERR,ERR,ERR,ERR,ERR,ERR,ERR,ERR,ERR,ERR,ERR,ERR,ERR,ERR,ERR,ERR,ERR,0.0,2.7184527190102135e+23,-0.0,0.0,-0.031,-1.890882803454549e+38,0.002,0.0,4300,0,8,17168,4300,0.0,41,0.0,0.0,0.0,0.0,2.7184166902131945e+23,0,0,0,0,0.0,0,0,0,0,0,0,0,0,0,0,0,0,0,0,0,0,0,0,0,0,0,0,0,0,0,0,0,0,0,0,0,0,0,12,37,37,48,65476,414,65476,1,0,4,21553,0.0,-0.0,0.0,0.0,0.0,0.0,0.0,0.0,0.0,0.0,0.0,0.0,0.0,0.0,0.0,0.0,0.0,0.0,0.0,0.0,0.0,2.004,2.004,-0.0,0.0,2.004,0.0,0.0,0.0,0.0,6546.0,-0.0,0.0,0.0,107616352.0,-0.0,-0.0,-0.0,0.0,2.004,2.004,226,2.718417410789135e+23,0.0,0.0,0.0,0.0,0.0,0.0,0.0,0.0,0,0,0,-1.7118140840280064e+16,-0.0,8.194002209032058e+36,0.0,2.9665747513426996e+33,-190328864768.0,1.357238444769556e+29,0.0,0.0,-7.29265762332321e+29,-785.096,2590872717754368.0,0.0,0.0,0.0,-7467777749155840.0,0,1.3516416376850534e+27,226,0.0,452,0.0,-20512.525,2112,52429,17109,0,17112,52429,17095,0,0,0,101,100,100,-107615248.0,65.3,-0.0,65.8,-0.0,65.5,1,49,50,180,52429,52429,0,0,0.0,0.0,0.0,60.0,5.557801480477475e+18,71.0,0.0,-0.002,0.0,1069,0,1069,0,0,0,1069,0,1080,0,999,0,658,0,659,0,654,0,676,0.032,1.4536034330083127e+22,0.0,0.0,15504,16814,1.8023205298553307e+22,-0.0,124932327473152.0,0.0,-0.0,3.7035707170948814e+34,50.0,60.0,35,0.0,0.0,10.0,2.0,0.0,0.0,0.0,0.0,0.0,0.0,0.0,0.0,0.0,0.0,0.0,0.0,58.8,54,11,65508,27,65476,0,300,0,0,8,20529,65476,0,0,30147,60.0,0.0,10.0,10.0,2.0,0.0
2026-02-16T12:36:50,ERR,ERR,ERR,ERR,ERR,ERR,ERR,ERR,ERR,ERR,ERR,ERR,ERR,ERR,ERR,ERR,ERR,ERR,ERR,ERR,ERR,ERR,ERR,ERR,ERR,ERR,ERR,ERR,ERR,ERR,ERR,ERR,ERR,ERR,ERR,ERR,ERR,ERR,ERR,ERR,ERR,ERR,ERR,ERR,ERR,ERR,ERR,ERR,ERR,ERR,ERR,ERR,ERR,ERR,ERR,ERR,ERR,ERR,ERR,ERR,ERR,ERR,ERR,ERR,ERR,ERR,ERR,ERR,ERR,ERR,ERR,ERR,ERR,ERR,ERR,ERR,ERR,ERR,ERR,ERR,ERR,ERR,ERR,ERR,ERR,ERR,ERR,ERR,ERR,ERR,ERR,ERR,ERR,ERR,ERR,ERR,ERR,ERR,ERR,ERR,ERR,ERR,ERR,ERR,ERR,ERR,ERR,ERR,ERR,ERR,ERR,ERR,ERR,ERR,ERR,ERR,ERR,ERR,ERR,ERR,ERR,ERR,ERR,ERR,ERR,0.0,107616352.0,0.0,0.0,71072154124288.0,-6.135670657023093e+28,0.0,-272999137280.0,4300,0,8,17168,4300,0.0,41,0.0,0.0,0.0,0.0,2.7184166902131945e+23,0,0,0,0,0.0,0,0,0,0,0,0,0,0,0,0,0,0,0,0,0,0,0,0,0,0,0,0,0,0,0,0,0,0,0,0,0,0,0,12,37,37,48,65476,415,65476,1,0,4,21553,0.0,0.0,0.0,0.0,0.0,0.0,0.0,0.0,0.0,0.0,0.0,0.0,0.0,0.0,0.0,0.0,0.0,0.0,0.0,0.0,0.0,2.004,2.004,3.6970818999223845e+19,0.0,2.004,0.0,0.0,0.0,0.0,6578.0,0.0,0.0,0.0,107616352.0,-0.0,-0.0,0.0,0.0,2.004,2.004,225,2.718417410789135e+23,126841020416.0,0.0,0.0,0.0,0.0,0.0,0.0,0.0,0,0,0,-1788983168.0,1532784975806464.0,5.990271289518981e+18,-0.0,1882.107,0.03,1.4625539845113865e+34,-0.0,-0.0,-7.936386443751608e+29,-837.096,2837163322376192.0,0.0,0.0,0.0,-0.0,0,1.3516416376850534e+27,225,0.0,450,0.0,-20512.525,2112,52429,17109,0,17112,52429,17095,0,0,0,101,100,100,-107615248.0,65.4,-0.0,65.8,-0.0,65.5,1,49,50,180,52429,52429,0,0,0.0,0.0,0.0,60.0,2.4217803345483566e+25,71.0,0.0,9.925535544104323e+26,0.0,1069,0,1069,0,0,0,1069,0,1080,0,999,0,658,0,659,0,654,0,676,0.032,1.4609821306377965e+22,0.0,0.0,62096,16813,39104125337600.0,-0.0,0.0,-0.0,9.718136073316962e+29,3216933388288.0,50.0,60.0,35,0.0,0.0,10.0,2.0,0.0,0.0,0.0,0.0,0.0,0.0,0.0,0.0,0.0,0.0,0.0,0.0,58.8,54,11,65508,27,65476,0,300,0,0,8,20529,65476,0,0,30147,60.0,0.0,10.0,10.0,2.0,0.0
2026-02-16T12:36:51,ERR,ERR,ERR,ERR,ERR,ERR,ERR,ERR,ERR,ERR,ERR,ERR,ERR,ERR,ERR,ERR,ERR,ERR,ERR,ERR,ERR,ERR,ERR,ERR,ERR,ERR,ERR,ERR,ERR,ERR,ERR,ERR,ERR,ERR,ERR,ERR,ERR,ERR,ERR,ERR,ERR,ERR,ERR,ERR,ERR,ERR,ERR,ERR,ERR,ERR,ERR,ERR,ERR,ERR,ERR,ERR,ERR,ERR,ERR,ERR,ERR,ERR,ERR,ERR,ERR,ERR,ERR,ERR,ERR,ERR,ERR,ERR,ERR,ERR,ERR,ERR,ERR,ERR,ERR,ERR,ERR,ERR,ERR,ERR,ERR,ERR,ERR,ERR,ERR,ERR,ERR,ERR,ERR,ERR,ERR,ERR,ERR,ERR,ERR,ERR,ERR,ERR,ERR,ERR,ERR,ERR,ERR,ERR,ERR,ERR,ERR,ERR,ERR,ERR,ERR,ERR,ERR,ERR,ERR,ERR,ERR,ERR,ERR,ERR,ERR,0.0,107616352.0,0.0,0.0,71072154124288.0,-6.135670657023093e+28,0.0,-272999137280.0,4300,0,8,17168,4300,0.0,41,0.0,0.0,0.0,0.0,2.7184166902131945e+23,0,0,0,0,0.0,0,0,0,0,0,0,0,0,0,0,0,0,0,0,0,0,0,0,0,0,0,0,0,0,0,0,0,0,0,0,0,0,0,12,37,37,48,65476,415,65476,1,0,4,21553,0.0,0.0,0.0,0.0,0.0,0.0,0.0,0.0,0.0,0.0,0.0,0.0,0.0,0.0,0.0,0.0,0.0,0.0,0.0,0.0,0.0,2.004,2.004,3.6970818999223845e+19,0.0,2.004,0.0,0.0,0.0,0.0,6578.0,0.0,0.0,0.0,107616352.0,-0.0,-0.0,0.0,0.0,2.004,2.004,225,2.718417410789135e+23,126841020416.0,0.0,0.0,0.0,0.0,0.0,0.0,0.0,0,0,0,-1788983168.0,1532784975806464.0,5.990271289518981e+18,-0.0,1882.107,0.03,1.4625539845113865e+34,-0.0,-0.0,-7.936386443751608e+29,-837.096,2837163322376192.0,0.0,0.0,0.0,-0.0,0,1.3516416376850534e+27,225,0.0,450,0.0,-20512.525,2112,52429,17109,0,17112,52429,17095,0,0,0,101,100,100,-107615248.0,65.4,-0.0,65.8,-0.0,65.5,1,49,50,180,52429,52429,0,0,0.0,0.0,0.0,60.0,2.4217803345483566e+25,71.0,0.0,9.925535544104323e+26,0.0,1069,0,1069,0,0,0,1069,0,1080,0,999,0,658,0,659,0,654,0,676,0.032,1.4609821306377965e+22,0.0,0.0,62096,16813,39104125337600.0,-0.0,0.0,-0.0,9.718136073316962e+29,3216933388288.0,50.0,60.0,35,0.0,0.0,10.0,2.0,0.0,0.0,0.0,0.0,0.0,0.0,0.0,0.0,0.0,0.0,0.0,0.0,58.8,54,11,65508,27,65476,0,300,0,0,8,20529,65476,0,0,30147,60.0,0.0,10.0,10.0,2.0,0.0
2026-02-16T12:36:52,ERR,ERR,ERR,ERR,ERR,ERR,ERR,ERR,ERR,ERR,ERR,ERR,ERR,ERR,ERR,ERR,ERR,ERR,ERR,ERR,ERR,ERR,ERR,ERR,ERR,ERR,ERR,ERR,ERR,ERR,ERR,ERR,ERR,ERR,ERR,ERR,ERR,ERR,ERR,ERR,ERR,ERR,ERR,ERR,ERR,ERR,ERR,ERR,ERR,ERR,ERR,ERR,ERR,ERR,ERR,ERR,ERR,ERR,ERR,ERR,ERR,ERR,ERR,ERR,ERR,ERR,ERR,ERR,ERR,ERR,ERR,ERR,ERR,ERR,ERR,ERR,ERR,ERR,ERR,ERR,ERR,ERR,ERR,ERR,ERR,ERR,ERR,ERR,ERR,ERR,ERR,ERR,ERR,ERR,ERR,ERR,ERR,ERR,ERR,ERR,ERR,ERR,ERR,ERR,ERR,ERR,ERR,ERR,ERR,ERR,ERR,ERR,ERR,ERR,ERR,ERR,ERR,ERR,ERR,ERR,ERR,ERR,ERR,ERR,ERR,0.0,107616352.0,0.0,0.0,71072154124288.0,-6.135670657023093e+28,0.0,-272999137280.0,4300,0,8,17168,4300,0.0,41,0.0,0.0,0.0,0.0,2.7184166902131945e+23,0,0,0,0,0.0,0,0,0,0,0,0,0,0,0,0,0,0,0,0,0,0,0,0,0,0,0,0,0,0,0,0,0,0,0,0,0,0,0,12,37,37,48,65476,415,65476,1,0,4,21553,0.0,0.0,0.0,0.0,0.0,0.0,0.0,0.0,0.0,0.0,0.0,0.0,0.0,0.0,0.0,0.0,0.0,0.0,0.0,0.0,0.0,2.004,2.004,3.6970818999223845e+19,0.0,2.004,0.0,0.0,0.0,0.0,6578.0,0.0,0.0,0.0,107616352.0,-0.0,-0.0,0.0,0.0,2.004,2.004,225,2.718417410789135e+23,126841020416.0,0.0,0.0,0.0,0.0,0.0,0.0,0.0,0,0,0,-1788983168.0,1532784975806464.0,5.990271289518981e+18,-0.0,1882.107,0.03,1.4625539845113865e+34,-0.0,-0.0,-7.936386443751608e+29,-837.096,2837163322376192.0,0.0,0.0,0.0,-0.0,0,1.3516416376850534e+27,225,0.0,450,0.0,-20512.525,2112,52429,17109,0,17112,52429,17095,0,0,0,101,100,100,-107615248.0,65.4,-0.0,65.8,-0.0,65.5,1,49,50,180,52429,52429,0,0,0.0,0.0,0.0,60.0,2.4217803345483566e+25,71.0,0.0,9.925535544104323e+26,0.0,1069,0,1069,0,0,0,1069,0,1080,0,999,0,658,0,659,0,654,0,676,0.032,1.4609821306377965e+22,0.0,0.0,62096,16813,39104125337600.0,-0.0,0.0,-0.0,9.718136073316962e+29,3216933388288.0,50.0,60.0,35,0.0,0.0,10.0,2.0,0.0,0.0,0.0,0.0,0.0,0.0,0.0,0.0,0.0,0.0,0.0,0.0,58.8,54,11,65509,27,65476,0,300,0,0,8,20529,65476,0,0,30147,60.0,0.0,10.0,10.0,2.0,0.0
2026-02-16T12:36:53,ERR,ERR,ERR,ERR,ERR,ERR,ERR,ERR,ERR,ERR,ERR,ERR,ERR,ERR,ERR,ERR,ERR,ERR,ERR,ERR,ERR,ERR,ERR,ERR,ERR,ERR,ERR,ERR,ERR,ERR,ERR,ERR,ERR,ERR,ERR,ERR,ERR,ERR,ERR,ERR,ERR,ERR,ERR,ERR,ERR,ERR,ERR,ERR,ERR,ERR,ERR,ERR,ERR,ERR,ERR,ERR,ERR,ERR,ERR,ERR,ERR,ERR,ERR,ERR,ERR,ERR,ERR,ERR,ERR,ERR,ERR,ERR,ERR,ERR,ERR,ERR,ERR,ERR,ERR,ERR,ERR,ERR,ERR,ERR,ERR,ERR,ERR,ERR,ERR,ERR,ERR,ERR,ERR,ERR,ERR,ERR,ERR,ERR,ERR,ERR,ERR,ERR,ERR,ERR,ERR,ERR,ERR,ERR,ERR,ERR,ERR,ERR,ERR,ERR,ERR,ERR,ERR,ERR,ERR,ERR,ERR,ERR,ERR,ERR,ERR,0.0,107616352.0,0.0,0.0,71072154124288.0,-6.135670657023093e+28,0.0,-272999137280.0,4300,0,8,17168,4300,0.0,41,0.0,0.0,0.0,0.0,2.7184166902131945e+23,0,0,0,0,0.0,0,0,0,0,0,0,0,0,0,0,0,0,0,0,0,0,0,0,0,0,0,0,0,0,0,0,0,0,0,0,0,0,0,12,37,37,48,65476,415,65476,1,0,4,21553,0.0,0.0,0.0,0.0,0.0,0.0,0.0,0.0,0.0,0.0,0.0,0.0,0.0,0.0,0.0,0.0,0.0,0.0,0.0,0.0,0.0,2.004,2.004,3.6970818999223845e+19,0.0,2.004,0.0,0.0,0.0,0.0,6578.0,0.0,0.0,0.0,107616352.0,-0.0,-0.0,0.0,0.0,2.004,2.004,225,2.718417410789135e+23,126841020416.0,0.0,0.0,0.0,0.0,0.0,0.0,0.0,0,0,0,-1788983168.0,1532784975806464.0,5.990271289518981e+18,-0.0,1882.107,0.03,1.4625539845113865e+34,-0.0,-0.0,-7.936386443751608e+29,-837.096,2837163322376192.0,0.0,0.0,0.0,-0.0,0,1.3516416376850534e+27,225,0.0,450,0.0,-20512.525,2112,52429,17109,0,17112,52429,17095,0,0,0,101,100,100,-107615248.0,65.3,-0.0,65.8,-0.0,65.5,1,49,50,180,52429,52429,0,0,0.0,0.0,0.0,60.0,262272155648.0,71.0,0.0,-8.027519441034438e+19,0.0,1069,0,1069,0,0,0,1069,0,1080,0,999,0,658,0,658,0,654,0,676,0.032,1.4536034330083127e+22,0.0,0.0,12560,16814,2.146055107517612e+18,-5.949269181505261e+21,-0.0,-0.003,-176368746496.0,-0.0,50.0,60.0,35,0.0,0.0,10.0,2.0,0.0,0.0,0.0,0.0,0.0,0.0,0.0,0.0,0.0,0.0,0.0,0.0,58.8,54,11,65509,27,65476,0,300,0,0,8,20529,65476,0,0,30147,60.0,0.0,10.0,10.0,2.0,0.0
2026-02-16T12:36:54,ERR,ERR,ERR,ERR,ERR,ERR,ERR,ERR,ERR,ERR,ERR,ERR,ERR,ERR,ERR,ERR,ERR,ERR,ERR,ERR,ERR,ERR,ERR,ERR,ERR,ERR,ERR,ERR,ERR,ERR,ERR,ERR,ERR,ERR,ERR,ERR,ERR,ERR,ERR,ERR,ERR,ERR,ERR,ERR,ERR,ERR,ERR,ERR,ERR,ERR,ERR,ERR,ERR,ERR,ERR,ERR,ERR,ERR,ERR,ERR,ERR,ERR,ERR,ERR,ERR,ERR,ERR,ERR,ERR,ERR,ERR,ERR,ERR,ERR,ERR,ERR,ERR,ERR,ERR,ERR,ERR,ERR,ERR,ERR,ERR,ERR,ERR,ERR,ERR,ERR,ERR,ERR,ERR,ERR,ERR,ERR,ERR,ERR,ERR,ERR,ERR,ERR,ERR,ERR,ERR,ERR,ERR,ERR,ERR,ERR,ERR,ERR,ERR,ERR,ERR,ERR,ERR,ERR,ERR,ERR,ERR,ERR,ERR,ERR,ERR,0.0,107616352.0,0.0,0.0,71072154124288.0,-6.135670657023093e+28,0.0,-272999137280.0,4300,0,8,17168,4300,0.0,41,0.0,0.0,0.0,0.0,2.7184166902131945e+23,0,0,0,0,0.0,0,0,0,0,0,0,0,0,0,0,0,0,0,0,0,0,0,0,0,0,0,0,0,0,0,0,0,0,0,0,0,0,0,12,37,37,48,65476,415,65476,1,0,4,21553,0.0,0.0,0.0,0.0,0.0,0.0,0.0,0.0,0.0,0.0,0.0,0.0,0.0,0.0,0.0,0.0,0.0,0.0,0.0,0.0,0.0,2.004,2.004,3.6970818999223845e+19,0.0,2.004,0.0,0.0,0.0,0.0,6578.0,0.0,0.0,0.0,107616352.0,-0.0,-0.0,0.0,0.0,2.004,2.004,225,2.718417410789135e+23,126841020416.0,0.0,0.0,0.0,0.0,0.0,0.0,0.0,0,0,0,-1788983168.0,1532784975806464.0,5.990271289518981e+18,-0.0,1882.107,0.03,1.4625539845113865e+34,-0.0,-0.0,-7.936386443751608e+29,-837.096,2837163322376192.0,0.0,0.0,0.0,-0.0,0,1.3516416376850534e+27,225,0.0,450,0.0,-20512.525,2112,52429,17109,0,17112,52429,17095,0,0,0,101,100,100,-107615248.0,65.3,-0.0,65.8,-0.0,65.5,1,49,50,180,52429,52429,0,0,0.0,0.0,0.0,60.0,262272155648.0,71.0,0.0,-8.027519441034438e+19,0.0,1069,0,1069,0,0,0,1069,0,1080,0,999,0,658,0,658,0,654,0,676,0.032,1.4536034330083127e+22,0.0,0.0,12560,16814,2.146055107517612e+18,-5.949269181505261e+21,-0.0,-0.003,-176368746496.0,-0.0,50.0,60.0,35,0.0,0.0,10.0,2.0,0.0,0.0,0.0,0.0,0.0,0.0,0.0,0.0,0.0,0.0,0.0,0.0,58.8,54,11,65509,27,65476,0,300,0,0,8,20529,65476,0,0,30147,60.0,0.0,10.0,10.0,2.0,0.0
2026-02-16T12:36:55,ERR,ERR,ERR,ERR,ERR,ERR,ERR,ERR,ERR,ERR,ERR,ERR,ERR,ERR,ERR,ERR,ERR,ERR,ERR,ERR,ERR,ERR,ERR,ERR,ERR,ERR,ERR,ERR,ERR,ERR,ERR,ERR,ERR,ERR,ERR,ERR,ERR,ERR,ERR,ERR,ERR,ERR,ERR,ERR,ERR,ERR,ERR,ERR,ERR,ERR,ERR,ERR,ERR,ERR,ERR,ERR,ERR,ERR,ERR,ERR,ERR,ERR,ERR,ERR,ERR,ERR,ERR,ERR,ERR,ERR,ERR,ERR,ERR,ERR,ERR,ERR,ERR,ERR,ERR,ERR,ERR,ERR,ERR,ERR,ERR,ERR,ERR,ERR,ERR,ERR,ERR,ERR,ERR,ERR,ERR,ERR,ERR,ERR,ERR,ERR,ERR,ERR,ERR,ERR,ERR,ERR,ERR,ERR,ERR,ERR,ERR,ERR,ERR,ERR,ERR,ERR,ERR,ERR,ERR,ERR,ERR,ERR,ERR,ERR,ERR,0.0,107616352.0,0.0,0.0,71072154124288.0,1.0168094832848061e+23,-1.3416079174748632e+23,8.583870235617001e+18,4300,0,8,17168,4300,0.0,41,0.0,0.0,0.0,0.0,2.7184166902131945e+23,0,0,0,0,0.0,0,0,0,0,0,0,0,0,0,0,0,0,0,0,0,0,0,0,0,0,0,0,0,0,0,0,0,0,0,0,0,0,0,12,37,37,48,65476,415,65476,1,0,4,21553,0.0,-107610720.0,0.0,0.0,0.0,0.0,0.0,0.0,0.0,0.0,0.0,0.0,0.0,0.0,0.0,0.0,0.0,0.0,0.0,0.0,0.0,2.004,2.004,3.6970818999223845e+19,2.004,-0.0,0.0,0.0,0.0,0.0,6576.0,564149121712128.0,0.0,0.0,107616352.0,-107616240.0,-107616272.0,0.0,0.0,2.004,2.004,226,89220.562,4.95042434246788e+32,0.0,0.0,0.0,0.0,0.0,0.0,0.0,0,0,0,-7808711393280.0,-0.0,1.603817114674937e+25,-2.6906868539031663e+32,1.1922446847532325e+21,0.0,-153880.266,-4.866494952601234e+26,-9.455761783390907e+37,-8.53059766260859e+29,-889.096,3048269554909184.0,0.0,0.0,0.0,-0.0,0,1.3516416376850534e+27,226,0.0,452,0.0,0.0,2112,52429,17109,0,17112,52429,17095,0,0,0,101,100,100,-107615248.0,65.3,-0.0,65.8,-0.0,65.5,1,49,50,180,52429,52429,0,0,0.0,0.0,0.0,60.0,262272155648.0,71.0,0.0,-8.027519441034438e+19,0.0,1069,0,1069,0,0,0,1069,0,1080,0,999,0,658,0,658,0,654,0,676,0.032,1.4536034330083127e+22,0.0,0.0,12560,16814,2.146055107517612e+18,-5.949269181505261e+21,-0.0,-0.003,-176368746496.0,-0.0,50.0,60.0,35,0.0,0.0,10.0,2.0,0.0,0.0,0.0,0.0,0.0,0.0,0.0,0.0,0.0,0.0,0.0,0.0,58.8,54,11,65509,27,65476,0,300,0,0,8,20529,65476,0,0,30147,60.0,0.0,10.0,10.0,2.0,0.0
2026-02-16T12:36:56,ERR,ERR,ERR,ERR,ERR,ERR,ERR,ERR,ERR,ERR,ERR,ERR,ERR,ERR,ERR,ERR,ERR,ERR,ERR,ERR,ERR,ERR,ERR,ERR,ERR,ERR,ERR,ERR,ERR,ERR,ERR,ERR,ERR,ERR,ERR,ERR,ERR,ERR,ERR,ERR,ERR,ERR,ERR,ERR,ERR,ERR,ERR,ERR,ERR,ERR,ERR,ERR,ERR,ERR,ERR,ERR,ERR,ERR,ERR,ERR,ERR,ERR,ERR,ERR,ERR,ERR,ERR,ERR,ERR,ERR,ERR,ERR,ERR,ERR,ERR,ERR,ERR,ERR,ERR,ERR,ERR,ERR,ERR,ERR,ERR,ERR,ERR,ERR,ERR,ERR,ERR,ERR,ERR,ERR,ERR,ERR,ERR,ERR,ERR,ERR,ERR,ERR,ERR,ERR,ERR,ERR,ERR,ERR,ERR,ERR,ERR,ERR,ERR,ERR,ERR,ERR,ERR,ERR,ERR,ERR,ERR,ERR,ERR,ERR,ERR,0.0,107616352.0,0.0,0.0,71072154124288.0,1.0168094832848061e+23,-1.3416079174748632e+23,8.583870235617001e+18,4300,0,8,17168,4300,0.0,41,0.0,0.0,0.0,0.0,2.7184166902131945e+23,0,0,0,0,0.0,0,0,0,0,0,0,0,0,0,0,0,0,0,0,0,0,0,0,0,0,0,0,0,0,0,0,0,0,0,0,0,0,0,12,37,37,48,65476,415,65476,1,0,4,21553,0.0,-107610720.0,0.0,0.0,0.0,0.0,0.0,0.0,0.0,0.0,0.0,0.0,0.0,0.0,0.0,0.0,0.0,0.0,0.0,0.0,0.0,2.004,2.004,3.6970818999223845e+19,2.004,-0.0,0.0,0.0,0.0,0.0,6576.0,564149121712128.0,0.0,0.0,107616352.0,-107616240.0,-107616272.0,0.0,0.0,2.004,2.004,226,89220.562,4.95042434246788e+32,0.0,0.0,0.0,0.0,0.0,0.0,0.0,0,0,0,-7808711393280.0,-0.0,1.603817114674937e+25,-2.6906868539031663e+32,1.1922446847532325e+21,0.0,-153880.266,-4.866494952601234e+26,-9.455761783390907e+37,-8.53059766260859e+29,-889.096,3048269554909184.0,0.0,0.0,0.0,-0.0,0,1.3516416376850534e+27,226,0.0,452,0.0,0.0,2112,52429,17109,0,17112,52429,17095,0,0,0,101,100,100,-107615248.0,65.3,-0.0,65.8,-0.0,65.5,1,49,50,180,52429,52429,0,0,0.0,0.0,0.0,60.0,262272155648.0,71.0,0.0,-8.027519441034438e+19,0.0,1069,0,1069,0,0,0,1069,0,1080,0,999,0,658,0,658,0,654,0,676,0.032,1.4536034330083127e+22,0.0,0.0,12560,16814,2.146055107517612e+18,-5.949269181505261e+21,-0.0,-0.003,-176368746496.0,-0.0,50.0,60.0,35,0.0,0.0,10.0,2.0,0.0,0.0,0.0,0.0,0.0,0.0,0.0,0.0,0.0,0.0,0.0,0.0,58.8,54,11,65509,27,65476,0,300,0,0,8,20529,65476,0,0,30147,60.0,0.0,10.0,10.0,2.0,0.0
2026-02-16T12:36:57,ERR,ERR,ERR,ERR,ERR,ERR,ERR,ERR,ERR,ERR,ERR,ERR,ERR,ERR,ERR,ERR,ERR,ERR,ERR,ERR,ERR,ERR,ERR,ERR,ERR,ERR,ERR,ERR,ERR,ERR,ERR,ERR,ERR,ERR,ERR,ERR,ERR,ERR,ERR,ERR,ERR,ERR,ERR,ERR,ERR,ERR,ERR,ERR,ERR,ERR,ERR,ERR,ERR,ERR,ERR,ERR,ERR,ERR,ERR,ERR,ERR,ERR,ERR,ERR,ERR,ERR,ERR,ERR,ERR,ERR,ERR,ERR,ERR,ERR,ERR,ERR,ERR,ERR,ERR,ERR,ERR,ERR,ERR,ERR,ERR,ERR,ERR,ERR,ERR,ERR,ERR,ERR,ERR,ERR,ERR,ERR,ERR,ERR,ERR,ERR,ERR,ERR,ERR,ERR,ERR,ERR,ERR,ERR,ERR,ERR,ERR,ERR,ERR,ERR,ERR,ERR,ERR,ERR,ERR,ERR,ERR,ERR,ERR,ERR,ERR,0.0,107616352.0,0.0,0.0,71072154124288.0,1.0168094832848061e+23,-1.3416079174748632e+23,8.583870235617001e+18,4300,0,8,17168,4300,0.0,41,0.0,0.0,0.0,0.0,2.7184166902131945e+23,0,0,0,0,0.0,0,0,0,0,0,0,0,0,0,0,0,0,0,0,0,0,0,0,0,0,0,0,0,0,0,0,0,0,0,0,0,0,0,12,37,37,48,65476,415,65476,1,0,4,21553,0.0,-107610720.0,0.0,0.0,0.0,0.0,0.0,0.0,0.0,0.0,0.0,0.0,0.0,0.0,0.0,0.0,0.0,0.0,0.0,0.0,0.0,2.004,2.004,3.6970818999223845e+19,2.004,-0.0,0.0,0.0,0.0,0.0,6576.0,564149121712128.0,0.0,0.0,107616352.0,-107616240.0,-107616272.0,0.0,0.0,2.004,2.004,226,89220.562,4.95042434246788e+32,0.0,0.0,0.0,0.0,0.0,0.0,0.0,0,0,0,-7808711393280.0,-0.0,1.603817114674937e+25,-2.6906868539031663e+32,1.1922446847532325e+21,0.0,-153880.266,-4.866494952601234e+26,-9.455761783390907e+37,-8.53059766260859e+29,-889.096,3048269554909184.0,0.0,0.0,0.0,-0.0,0,1.3516416376850534e+27,226,0.0,452,0.0,0.0,2112,52429,17109,0,17112,52429,17095,0,0,0,101,100,100,-107615248.0,65.4,-0.0,65.8,-0.0,65.5,1,49,50,180,52429,52429,0,0,0.0,0.0,0.0,60.0,6.875307197018931e+16,71.0,0.0,1.346,0.0,1069,0,1070,0,0,0,1069,0,1080,0,999,0,658,0,658,0,654,0,676,0.032,1.4536034330083127e+22,0.0,0.0,3728,16814,6.875307197018931e+16,1.346,-1.15144750359446e+38,0.0,0.059,0.0,50.0,60.0,35,0.0,0.0,10.0,2.0,0.0,0.0,0.0,0.0,0.0,0.0,0.0,0.0,0.0,0.0,0.0,0.0,59.2,54,11,65509,27,65476,0,300,0,0,8,20529,65476,0,0,30147,60.0,0.0,10.0,10.0,2.0,0.0
2026-02-16T12:36:58,ERR,ERR,ERR,ERR,ERR,ERR,ERR,ERR,ERR,ERR,ERR,ERR,ERR,ERR,ERR,ERR,ERR,ERR,ERR,ERR,ERR,ERR,ERR,ERR,ERR,ERR,ERR,ERR,ERR,ERR,ERR,ERR,ERR,ERR,ERR,ERR,ERR,ERR,ERR,ERR,ERR,ERR,ERR,ERR,ERR,ERR,ERR,ERR,ERR,ERR,ERR,ERR,ERR,ERR,ERR,ERR,ERR,ERR,ERR,ERR,ERR,ERR,ERR,ERR,ERR,ERR,ERR,ERR,ERR,ERR,ERR,ERR,ERR,ERR,ERR,ERR,ERR,ERR,ERR,ERR,ERR,ERR,ERR,ERR,ERR,ERR,ERR,ERR,ERR,ERR,ERR,ERR,ERR,ERR,ERR,ERR,ERR,ERR,ERR,ERR,ERR,ERR,ERR,ERR,ERR,ERR,ERR,ERR,ERR,ERR,ERR,ERR,ERR,ERR,ERR,ERR,ERR,ERR,ERR,ERR,ERR,ERR,ERR,ERR,ERR,0.0,107616352.0,0.0,0.0,71072154124288.0,1.0168094832848061e+23,-1.3416079174748632e+23,8.583870235617001e+18,4300,0,8,17168,4300,0.0,41,0.0,0.0,0.0,0.0,2.7184166902131945e+23,0,0,0,0,0.0,0,0,0,0,0,0,0,0,0,0,0,0,0,0,0,0,0,0,0,0,0,0,0,0,0,0,0,0,0,0,0,0,0,12,37,37,48,65476,415,65476,1,0,4,21553,0.0,-107610720.0,0.0,0.0,0.0,0.0,0.0,0.0,0.0,0.0,0.0,0.0,0.0,0.0,0.0,0.0,0.0,0.0,0.0,0.0,0.0,2.004,2.004,3.6970818999223845e+19,2.004,-0.0,0.0,0.0,0.0,0.0,6576.0,564149121712128.0,0.0,0.0,107616352.0,-107616240.0,-107616272.0,0.0,0.0,2.004,2.004,226,89220.562,4.95042434246788e+32,0.0,0.0,0.0,0.0,0.0,0.0,0.0,0,0,0,-7808711393280.0,-0.0,1.603817114674937e+25,-2.6906868539031663e+32,1.1922446847532325e+21,0.0,-153880.266,-4.866494952601234e+26,-9.455761783390907e+37,-8.53059766260859e+29,-889.096,3048269554909184.0,0.0,0.0,0.0,-0.0,0,1.3516416376850534e+27,226,0.0,452,0.0,0.0,2112,52429,17109,0,17112,52429,17095,0,0,0,101,100,100,-107615248.0,65.4,-0.0,65.8,-0.0,65.5,1,49,50,180,52429,52429,0,0,0.0,0.0,0.0,60.0,6.875307197018931e+16,71.0,0.0,1.346,0.0,1069,0,1070,0,0,0,1069,0,1080,0,999,0,658,0,658,0,654,0,676,0.032,1.4536034330083127e+22,0.0,0.0,3728,16814,6.875307197018931e+16,1.346,-1.15144750359446e+38,0.0,0.059,0.0,50.0,60.0,35,0.0,0.0,10.0,2.0,0.0,0.0,0.0,0.0,0.0,0.0,0.0,0.0,0.0,0.0,0.0,0.0,59.2,54,11,65509,27,65476,0,300,0,0,8,20529,65476,0,0,30147,60.0,0.0,10.0,10.0,2.0,0.0
2026-02-16T12:36:59,ERR,ERR,ERR,ERR,ERR,ERR,ERR,ERR,ERR,ERR,ERR,ERR,ERR,ERR,ERR,ERR,ERR,ERR,ERR,ERR,ERR,ERR,ERR,ERR,ERR,ERR,ERR,ERR,ERR,ERR,ERR,ERR,ERR,ERR,ERR,ERR,ERR,ERR,ERR,ERR,ERR,ERR,ERR,ERR,ERR,ERR,ERR,ERR,ERR,ERR,ERR,ERR,ERR,ERR,ERR,ERR,ERR,ERR,ERR,ERR,ERR,ERR,ERR,ERR,ERR,ERR,ERR,ERR,ERR,ERR,ERR,ERR,ERR,ERR,ERR,ERR,ERR,ERR,ERR,ERR,ERR,ERR,ERR,ERR,ERR,ERR,ERR,ERR,ERR,ERR,ERR,ERR,ERR,ERR,ERR,ERR,ERR,ERR,ERR,ERR,ERR,ERR,ERR,ERR,ERR,ERR,ERR,ERR,ERR,ERR,ERR,ERR,ERR,ERR,ERR,ERR,ERR,ERR,ERR,ERR,ERR,ERR,ERR,ERR,ERR,0.0,107616352.0,0.0,0.0,71072154124288.0,6.948443801481796e+31,-7.25350484746977e+37,22179514368.0,4300,0,8,17168,4300,0.0,41,0.0,0.0,0.0,0.0,2.7184166902131945e+23,0,0,0,0,0.0,0,0,0,0,0,0,0,0,0,0,0,0,0,0,0,0,0,0,0,0,0,0,0,0,0,0,0,0,0,0,0,0,0,11,37,37,48,65476,414,65476,1,0,4,21553,0.0,-0.0,0.0,0.0,0.0,0.0,0.0,0.0,0.0,0.0,0.0,0.0,0.0,0.0,0.0,0.0,0.0,0.0,0.0,0.0,0.0,2.004,2.004,3.6970818999223845e+19,3.697074863047967e+19,-0.0,0.0,0.0,0.0,0.0,6574.0,-0.0,0.0,0.0,107616352.0,-107616240.0,-107616272.0,0.0,0.0,2.004,2.004,226,0.059,-0.0,0.0,0.0,0.0,0.0,0.0,0.0,0.0,0,0,0,-246691568.0,1730.06,4.2561435404232294e+18,0.0,8.37240065216837e+28,0.989,-1.0158552403766977e+32,-0.104,nan,-9.174326483036988e+29,-933.096,3259375787442176.0,0.0,0.0,0.0,-0.0,0,1.3516416376850534e+27,226,0.0,452,-74360974999552.0,4.5382694181659046e+24,2112,52429,17109,0,17112,52429,17095,0,0,0,101,100,100,-107615248.0,65.4,-0.0,65.8,-0.0,65.5,1,49,50,180,52429,52429,0,0,0.0,0.0,0.0,60.0,6.875307197018931e+16,71.0,0.0,1.346,0.0,1069,0,1070,0,0,0,1069,0,1080,0,999,0,658,0,658,0,654,0,676,0.032,1.4536034330083127e+22,0.0,0.0,3728,16814,6.875307197018931e+16,1.346,-1.15144750359446e+38,0.0,0.059,0.0,50.0,60.0,35,0.0,0.0,10.0,2.0,0.0,0.0,0.0,0.0,0.0,0.0,0.0,0.0,0.0,0.0,0.0,0.0,58.8,54,11,65509,27,65476,0,300,0,0,8,20529,65476,0,0,30147,60.0,0.0,10.0,10.0,2.0,0.0
2026-02-16T12:37:00,ERR,ERR,ERR,ERR,ERR,ERR,ERR,ERR,ERR,ERR,ERR,ERR,ERR,ERR,ERR,ERR,ERR,ERR,ERR,ERR,ERR,ERR,ERR,ERR,ERR,ERR,ERR,ERR,ERR,ERR,ERR,ERR,ERR,ERR,ERR,ERR,ERR,ERR,ERR,ERR,ERR,ERR,ERR,ERR,ERR,ERR,ERR,ERR,ERR,ERR,ERR,ERR,ERR,ERR,ERR,ERR,ERR,ERR,ERR,ERR,ERR,ERR,ERR,ERR,ERR,ERR,ERR,ERR,ERR,ERR,ERR,ERR,ERR,ERR,ERR,ERR,ERR,ERR,ERR,ERR,ERR,ERR,ERR,ERR,ERR,ERR,ERR,ERR,ERR,ERR,ERR,ERR,ERR,ERR,ERR,ERR,ERR,ERR,ERR,ERR,ERR,ERR,ERR,ERR,ERR,ERR,ERR,ERR,ERR,ERR,ERR,ERR,ERR,ERR,ERR,ERR,ERR,ERR,ERR,ERR,ERR,ERR,ERR,ERR,ERR,0.0,107616352.0,0.0,0.0,71072154124288.0,6.948443801481796e+31,-7.25350484746977e+37,22179514368.0,4300,0,8,17168,4300,0.0,41,0.0,0.0,0.0,0.0,2.7184166902131945e+23,0,0,0,0,0.0,0,0,0,0,0,0,0,0,0,0,0,0,0,0,0,0,0,0,0,0,0,0,0,0,0,0,0,0,0,0,0,0,0,11,37,37,48,65476,414,65476,1,0,4,21553,0.0,-0.0,0.0,0.0,0.0,0.0,0.0,0.0,0.0,0.0,0.0,0.0,0.0,0.0,0.0,0.0,0.0,0.0,0.0,0.0,0.0,2.004,2.004,3.6970818999223845e+19,3.697074863047967e+19,-0.0,0.0,0.0,0.0,0.0,6574.0,-0.0,0.0,0.0,107616352.0,-107616240.0,-107616272.0,0.0,0.0,2.004,2.004,226,0.059,-0.0,0.0,0.0,0.0,0.0,0.0,0.0,0.0,0,0,0,-246691568.0,1730.06,4.2561435404232294e+18,0.0,8.37240065216837e+28,0.989,-1.0158552403766977e+32,-0.104,nan,-9.174326483036988e+29,-933.096,3259375787442176.0,0.0,0.0,0.0,-0.0,0,1.3516416376850534e+27,226,0.0,452,-74360974999552.0,4.5382694181659046e+24,2114,52429,17109,0,17112,52429,17095,0,0,0,101,100,100,-107615248.0,65.4,-107615256.0,65.8,-0.0,65.5,1,49,50,180,52429,52429,0,0,0.0,0.0,0.0,60.0,2.00213121728512e+16,71.0,0.0,-0.0,0.0,1069,0,1069,0,0,0,1069,0,1080,0,999,0,658,0,659,0,654,0,676,0.032,1.4536034330083127e+22,0.0,0.0,15376,16814,8.313024259802289e+20,2.217376099573479e+22,1.278821109370667e+25,1.1147446041246375e+35,-0.0,-0.0,50.0,60.0,35,0.0,0.0,10.0,2.0,0.0,0.0,0.0,0.0,0.0,0.0,0.0,0.0,0.0,0.0,0.0,0.0,58.8,54,11,65509,27,65476,0,300,0,0,8,20529,65476,0,0,30147,60.0,0.0,10.0,10.0,2.0,0.0
2026-02-16T12:37:01,ERR,ERR,ERR,ERR,ERR,ERR,ERR,ERR,ERR,ERR,ERR,ERR,ERR,ERR,ERR,ERR,ERR,ERR,ERR,ERR,ERR,ERR,ERR,ERR,ERR,ERR,ERR,ERR,ERR,ERR,ERR,ERR,ERR,ERR,ERR,ERR,ERR,ERR,ERR,ERR,ERR,ERR,ERR,ERR,ERR,ERR,ERR,ERR,ERR,ERR,ERR,ERR,ERR,ERR,ERR,ERR,ERR,ERR,ERR,ERR,ERR,ERR,ERR,ERR,ERR,ERR,ERR,ERR,ERR,ERR,ERR,ERR,ERR,ERR,ERR,ERR,ERR,ERR,ERR,ERR,ERR,ERR,ERR,ERR,ERR,ERR,ERR,ERR,ERR,ERR,ERR,ERR,ERR,ERR,ERR,ERR,ERR,ERR,ERR,ERR,ERR,ERR,ERR,ERR,ERR,ERR,ERR,ERR,ERR,ERR,ERR,ERR,ERR,ERR,ERR,ERR,ERR,ERR,ERR,ERR,ERR,ERR,ERR,ERR,ERR,0.0,107616352.0,0.0,0.0,71072154124288.0,6.948443801481796e+31,-7.25350484746977e+37,22179514368.0,4300,0,8,17168,4300,0.0,41,0.0,0.0,0.0,0.0,2.7184166902131945e+23,0,0,0,0,0.0,0,0,0,0,0,0,0,0,0,0,0,0,0,0,0,0,0,0,0,0,0,0,0,0,0,0,0,0,0,0,0,0,0,11,37,37,48,65476,414,65476,1,0,4,21553,0.0,-0.0,0.0,0.0,0.0,0.0,0.0,0.0,0.0,0.0,0.0,0.0,0.0,0.0,0.0,0.0,0.0,0.0,0.0,0.0,0.0,2.004,2.004,3.6970818999223845e+19,3.697074863047967e+19,-0.0,0.0,0.0,0.0,0.0,6574.0,-0.0,0.0,0.0,107616352.0,-107616240.0,-107616272.0,0.0,0.0,2.004,2.004,226,0.059,-0.0,0.0,0.0,0.0,0.0,0.0,0.0,0.0,0,0,0,-246691568.0,1730.06,4.2561435404232294e+18,0.0,8.37240065216837e+28,0.989,-1.0158552403766977e+32,-0.104,nan,-9.174326483036988e+29,-933.096,3259375787442176.0,0.0,0.0,0.0,-0.0,0,1.3516416376850534e+27,226,0.0,452,-74360974999552.0,4.5382694181659046e+24,2114,52429,17109,0,17112,52429,17095,0,0,0,101,100,100,-107615248.0,65.4,-107615256.0,65.8,-0.0,65.5,1,49,50,180,52429,52429,0,0,0.0,0.0,0.0,60.0,2.00213121728512e+16,71.0,0.0,-0.0,0.0,1069,0,1069,0,0,0,1069,0,1080,0,999,0,658,0,659,0,654,0,676,0.032,1.4536034330083127e+22,0.0,0.0,15376,16814,8.313024259802289e+20,2.217376099573479e+22,1.278821109370667e+25,1.1147446041246375e+35,-0.0,-0.0,50.0,60.0,35,0.0,0.0,10.0,2.0,0.0,0.0,0.0,0.0,0.0,0.0,0.0,0.0,0.0,0.0,0.0,0.0,58.8,54,11,65509,27,65476,0,300,0,0,8,20529,65476,0,0,30147,60.0,0.0,10.0,10.0,2.0,0.0
2026-02-16T12:37:02,ERR,ERR,ERR,ERR,ERR,ERR,ERR,ERR,ERR,ERR,ERR,ERR,ERR,ERR,ERR,ERR,ERR,ERR,ERR,ERR,ERR,ERR,ERR,ERR,ERR,ERR,ERR,ERR,ERR,ERR,ERR,ERR,ERR,ERR,ERR,ERR,ERR,ERR,ERR,ERR,ERR,ERR,ERR,ERR,ERR,ERR,ERR,ERR,ERR,ERR,ERR,ERR,ERR,ERR,ERR,ERR,ERR,ERR,ERR,ERR,ERR,ERR,ERR,ERR,ERR,ERR,ERR,ERR,ERR,ERR,ERR,ERR,ERR,ERR,ERR,ERR,ERR,ERR,ERR,ERR,ERR,ERR,ERR,ERR,ERR,ERR,ERR,ERR,ERR,ERR,ERR,ERR,ERR,ERR,ERR,ERR,ERR,ERR,ERR,ERR,ERR,ERR,ERR,ERR,ERR,ERR,ERR,ERR,ERR,ERR,ERR,ERR,ERR,ERR,ERR,ERR,ERR,ERR,ERR,ERR,ERR,ERR,ERR,ERR,ERR,0.0,107616352.0,0.0,0.0,71072154124288.0,6.948443801481796e+31,-7.25350484746977e+37,22179514368.0,4300,0,8,17168,4300,0.0,41,0.0,0.0,0.0,0.0,2.7184166902131945e+23,0,0,0,0,0.0,0,0,0,0,0,0,0,0,0,0,0,0,0,0,0,0,0,0,0,0,0,0,0,0,0,0,0,0,0,0,0,0,0,11,37,37,48,65476,414,65476,1,0,4,21553,0.0,-0.0,0.0,0.0,0.0,0.0,0.0,0.0,0.0,0.0,0.0,0.0,0.0,0.0,0.0,0.0,0.0,0.0,0.0,0.0,0.0,2.004,2.004,3.6970818999223845e+19,3.697074863047967e+19,-0.0,0.0,0.0,0.0,0.0,6574.0,-0.0,0.0,0.0,107616352.0,-107616240.0,-107616272.0,0.0,0.0,2.004,2.004,226,0.059,-0.0,0.0,0.0,0.0,0.0,0.0,0.0,0.0,0,0,0,-246691568.0,1730.06,4.2561435404232294e+18,0.0,8.37240065216837e+28,0.989,-1.0158552403766977e+32,-0.104,nan,-9.174326483036988e+29,-933.096,3259375787442176.0,0.0,0.0,0.0,-0.0,0,1.3516416376850534e+27,226,0.0,452,-74360974999552.0,4.5382694181659046e+24,2114,52429,17109,0,17112,52429,17095,0,0,0,101,100,100,-107615248.0,65.4,-107615256.0,65.8,-0.0,65.5,1,49,50,180,52429,52429,0,0,0.0,0.0,0.0,60.0,2.00213121728512e+16,71.0,0.0,-0.0,0.0,1069,0,1069,0,0,0,1069,0,1080,0,999,0,658,0,659,0,654,0,676,0.032,1.4536034330083127e+22,0.0,0.0,15376,16814,8.313024259802289e+20,2.217376099573479e+22,1.278821109370667e+25,1.1147446041246375e+35,-0.0,-0.0,50.0,60.0,35,0.0,0.0,10.0,2.0,0.0,0.0,0.0,0.0,0.0,0.0,0.0,0.0,0.0,0.0,0.0,0.0,59.2,54,11,65509,27,65476,0,300,0,0,8,20529,65476,0,0,30147,60.0,0.0,10.0,10.0,2.0,0.0
2026-02-16T12:37:03,ERR,ERR,ERR,ERR,ERR,ERR,ERR,ERR,ERR,ERR,ERR,ERR,ERR,ERR,ERR,ERR,ERR,ERR,ERR,ERR,ERR,ERR,ERR,ERR,ERR,ERR,ERR,ERR,ERR,ERR,ERR,ERR,ERR,ERR,ERR,ERR,ERR,ERR,ERR,ERR,ERR,ERR,ERR,ERR,ERR,ERR,ERR,ERR,ERR,ERR,ERR,ERR,ERR,ERR,ERR,ERR,ERR,ERR,ERR,ERR,ERR,ERR,ERR,ERR,ERR,ERR,ERR,ERR,ERR,ERR,ERR,ERR,ERR,ERR,ERR,ERR,ERR,ERR,ERR,ERR,ERR,ERR,ERR,ERR,ERR,ERR,ERR,ERR,ERR,ERR,ERR,ERR,ERR,ERR,ERR,ERR,ERR,ERR,ERR,ERR,ERR,ERR,ERR,ERR,ERR,ERR,ERR,ERR,ERR,ERR,ERR,ERR,ERR,ERR,ERR,ERR,ERR,ERR,ERR,ERR,ERR,ERR,ERR,ERR,ERR,0.0,107616352.0,0.0,0.0,71072154124288.0,6.948443801481796e+31,-7.25350484746977e+37,22179514368.0,4300,0,8,17168,4300,0.0,41,0.0,0.0,0.0,0.0,2.7184166902131945e+23,0,0,0,0,0.0,0,0,0,0,0,0,0,0,0,0,0,0,0,0,0,0,0,0,0,0,0,0,0,0,0,0,0,0,0,0,0,0,0,11,37,37,48,65476,414,65476,1,0,4,21553,0.0,-0.0,0.0,0.0,0.0,0.0,0.0,0.0,0.0,0.0,0.0,0.0,0.0,0.0,0.0,0.0,0.0,0.0,0.0,0.0,0.0,2.004,2.004,3.6970818999223845e+19,3.697074863047967e+19,-0.0,0.0,0.0,0.0,0.0,6574.0,-0.0,0.0,0.0,107616352.0,-107616240.0,-107616272.0,0.0,0.0,2.004,2.004,226,0.059,-0.0,0.0,0.0,0.0,0.0,0.0,0.0,0.0,0,0,0,-246691568.0,1730.06,4.2561435404232294e+18,0.0,8.37240065216837e+28,0.989,-1.0158552403766977e+32,-0.104,nan,-9.174326483036988e+29,-933.096,3259375787442176.0,0.0,0.0,0.0,-0.0,0,1.3516416376850534e+27,226,0.0,452,-74360974999552.0,4.5382694181659046e+24,2114,52429,17109,0,17112,52429,17095,0,0,0,101,100,100,-107615248.0,65.3,-0.0,65.8,-0.0,65.5,1,49,50,180,39322,52429,0,0,0.0,0.0,0.0,60.0,7.45955487384723e+26,71.0,0.0,8.98455011178299e+23,0.0,1069,0,1069,0,0,0,1069,0,1080,0,999,0,658,0,659,0,654,0,676,0.032,1.4462247353788288e+22,0.0,0.0,15760,16814,907140982112256.0,5.539908863875885e+20,124911912.0,-927.014,7.4872572035807575e+31,-0.0,50.0,60.0,35,0.0,0.0,10.0,2.0,0.0,0.0,0.0,0.0,0.0,0.0,0.0,0.0,0.0,0.0,0.0,0.0,59.2,54,11,65509,27,65476,0,300,0,0,8,20529,65476,0,0,30147,60.0,0.0,10.0,10.0,2.0,0.0
2026-02-16T12:37:04,ERR,ERR,ERR,ERR,ERR,ERR,ERR,ERR,ERR,ERR,ERR,ERR,ERR,ERR,ERR,ERR,ERR,ERR,ERR,ERR,ERR,ERR,ERR,ERR,ERR,ERR,ERR,ERR,ERR,ERR,ERR,ERR,ERR,ERR,ERR,ERR,ERR,ERR,ERR,ERR,ERR,ERR,ERR,ERR,ERR,ERR,ERR,ERR,ERR,ERR,ERR,ERR,ERR,ERR,ERR,ERR,ERR,ERR,ERR,ERR,ERR,ERR,ERR,ERR,ERR,ERR,ERR,ERR,ERR,ERR,ERR,ERR,ERR,ERR,ERR,ERR,ERR,ERR,ERR,ERR,ERR,ERR,ERR,ERR,ERR,ERR,ERR,ERR,ERR,ERR,ERR,ERR,ERR,ERR,ERR,ERR,ERR,ERR,ERR,ERR,ERR,ERR,ERR,ERR,ERR,ERR,ERR,ERR,ERR,ERR,ERR,ERR,ERR,ERR,ERR,ERR,ERR,ERR,ERR,ERR,ERR,ERR,ERR,ERR,ERR,0.0,107616352.0,0.0,0.0,71072154124288.0,-0.0,0.0,0.0,4300,0,8,17168,4300,0.0,41,0.0,0.0,0.0,0.0,2.7184166902131945e+23,0,0,0,0,0.0,0,0,0,0,0,0,0,0,0,0,0,0,0,0,0,0,0,0,0,0,0,0,0,0,0,0,0,0,0,0,0,0,0,11,37,37,48,65476,415,65476,1,0,4,21553,0.0,0.0,0.0,0.0,0.0,0.0,0.0,0.0,0.0,0.0,0.0,0.0,0.0,0.0,0.0,0.0,0.0,0.0,0.0,0.0,0.0,2.004,2.004,3.6970818999223845e+19,3.697074863047967e+19,-0.0,0.0,0.0,0.0,0.0,6578.0,-0.0,0.0,0.0,107616352.0,0.0,-107616272.0,0.0,0.0,2.004,2.004,225,2.718417410789135e+23,-0.0,0.0,0.0,0.0,0.0,0.0,0.0,0.0,0,0,0,-7.654416962636141e+25,0.0,-0.0,4.105662313695017e+27,-0.0,69.129,0.0,-5.224673125436607e+23,0.0,-9.768537701893971e+29,-985.096,3488074206019584.0,0.0,0.0,0.0,-0.108,0,1.3516416376850534e+27,225,0.0,450,2.40156025918058e+36,0.0,2114,52429,17109,0,17112,52429,17095,0,0,0,101,100,100,-107615248.0,65.3,-0.0,65.8,-0.0,65.5,1,49,50,180,39322,52429,0,0,0.0,0.0,0.0,60.0,7.45955487384723e+26,71.0,0.0,8.98455011178299e+23,0.0,1069,0,1069,0,0,0,1069,0,1080,0,999,0,658,0,659,0,654,0,676,0.032,1.4462247353788288e+22,0.0,0.0,15760,16814,907140982112256.0,5.539908863875885e+20,124911912.0,-927.014,7.4872572035807575e+31,-0.0,50.0,60.0,35,0.0,0.0,10.0,2.0,0.0,0.0,0.0,0.0,0.0,0.0,0.0,0.0,0.0,0.0,0.0,0.0,58.8,54,12,65509,27,65476,0,300,0,0,8,20529,65476,0,0,30147,60.0,0.0,10.0,10.0,2.0,0.0
2026-02-16T12:37:05,ERR,ERR,ERR,ERR,ERR,ERR,ERR,ERR,ERR,ERR,ERR,ERR,ERR,ERR,ERR,ERR,ERR,ERR,ERR,ERR,ERR,ERR,ERR,ERR,ERR,ERR,ERR,ERR,ERR,ERR,ERR,ERR,ERR,ERR,ERR,ERR,ERR,ERR,ERR,ERR,ERR,ERR,ERR,ERR,ERR,ERR,ERR,ERR,ERR,ERR,ERR,ERR,ERR,ERR,ERR,ERR,ERR,ERR,ERR,ERR,ERR,ERR,ERR,ERR,ERR,ERR,ERR,ERR,ERR,ERR,ERR,ERR,ERR,ERR,ERR,ERR,ERR,ERR,ERR,ERR,ERR,ERR,ERR,ERR,ERR,ERR,ERR,ERR,ERR,ERR,ERR,ERR,ERR,ERR,ERR,ERR,ERR,ERR,ERR,ERR,ERR,ERR,ERR,ERR,ERR,ERR,ERR,ERR,ERR,ERR,ERR,ERR,ERR,ERR,ERR,ERR,ERR,ERR,ERR,ERR,ERR,ERR,ERR,ERR,ERR,0.0,107616352.0,0.0,0.0,71072154124288.0,-0.0,0.0,0.0,4300,0,8,17168,4300,0.0,41,0.0,0.0,0.0,0.0,2.7184166902131945e+23,0,0,0,0,0.0,0,0,0,0,0,0,0,0,0,0,0,0,0,0,0,0,0,0,0,0,0,0,0,0,0,0,0,0,0,0,0,0,0,11,37,37,48,65476,415,65476,1,0,4,21553,0.0,0.0,0.0,0.0,0.0,0.0,0.0,0.0,0.0,0.0,0.0,0.0,0.0,0.0,0.0,0.0,0.0,0.0,0.0,0.0,0.0,2.004,2.004,3.6970818999223845e+19,3.697074863047967e+19,-0.0,0.0,0.0,0.0,0.0,6578.0,-0.0,0.0,0.0,107616352.0,0.0,-107616272.0,0.0,0.0,2.004,2.004,225,2.718417410789135e+23,-0.0,0.0,0.0,0.0,0.0,0.0,0.0,0.0,0,0,0,-7.654416962636141e+25,0.0,-0.0,4.105662313695017e+27,-0.0,69.129,0.0,-5.224673125436607e+23,0.0,-9.768537701893971e+29,-985.096,3488074206019584.0,0.0,0.0,0.0,-0.108,0,1.3516416376850534e+27,225,0.0,450,2.40156025918058e+36,0.0,2114,52429,17109,0,17112,52429,17095,0,0,0,101,100,100,-107615248.0,65.3,-0.0,65.8,-0.0,65.5,1,49,50,180,39322,52429,0,0,0.0,0.0,0.0,60.0,7.45955487384723e+26,71.0,0.0,8.98455011178299e+23,0.0,1069,0,1069,0,0,0,1069,0,1080,0,999,0,658,0,659,0,654,0,676,0.032,1.4462247353788288e+22,0.0,0.0,15760,16814,907140982112256.0,5.539908863875885e+20,124911912.0,-927.014,7.4872572035807575e+31,-0.0,50.0,60.0,35,0.0,0.0,10.0,2.0,0.0,0.0,0.0,0.0,0.0,0.0,0.0,0.0,0.0,0.0,0.0,0.0,58.8,54,12,65509,27,65476,0,300,0,0,8,20529,65476,0,0,30147,60.0,0.0,10.0,10.0,2.0,0.0
2026-02-16T12:37:06,ERR,ERR,ERR,ERR,ERR,ERR,ERR,ERR,ERR,ERR,ERR,ERR,ERR,ERR,ERR,ERR,ERR,ERR,ERR,ERR,ERR,ERR,ERR,ERR,ERR,ERR,ERR,ERR,ERR,ERR,ERR,ERR,ERR,ERR,ERR,ERR,ERR,ERR,ERR,ERR,ERR,ERR,ERR,ERR,ERR,ERR,ERR,ERR,ERR,ERR,ERR,ERR,ERR,ERR,ERR,ERR,ERR,ERR,ERR,ERR,ERR,ERR,ERR,ERR,ERR,ERR,ERR,ERR,ERR,ERR,ERR,ERR,ERR,ERR,ERR,ERR,ERR,ERR,ERR,ERR,ERR,ERR,ERR,ERR,ERR,ERR,ERR,ERR,ERR,ERR,ERR,ERR,ERR,ERR,ERR,ERR,ERR,ERR,ERR,ERR,ERR,ERR,ERR,ERR,ERR,ERR,ERR,ERR,ERR,ERR,ERR,ERR,ERR,ERR,ERR,ERR,ERR,ERR,ERR,ERR,ERR,ERR,ERR,ERR,ERR,0.0,107616352.0,0.0,0.0,71072154124288.0,-0.0,0.0,0.0,4300,0,8,17168,4300,0.0,41,0.0,0.0,0.0,0.0,2.7184166902131945e+23,0,0,0,0,0.0,0,0,0,0,0,0,0,0,0,0,0,0,0,0,0,0,0,0,0,0,0,0,0,0,0,0,0,0,0,0,0,0,0,11,37,37,48,65476,415,65476,1,0,4,21553,0.0,0.0,0.0,0.0,0.0,0.0,0.0,0.0,0.0,0.0,0.0,0.0,0.0,0.0,0.0,0.0,0.0,0.0,0.0,0.0,0.0,2.004,2.004,3.6970818999223845e+19,3.697074863047967e+19,-0.0,0.0,0.0,0.0,0.0,6578.0,-0.0,0.0,0.0,107616352.0,0.0,-107616272.0,0.0,0.0,2.004,2.004,225,2.718417410789135e+23,-0.0,0.0,0.0,0.0,0.0,0.0,0.0,0.0,0,0,0,-7.654416962636141e+25,0.0,-0.0,4.105662313695017e+27,-0.0,69.129,0.0,-5.224673125436607e+23,0.0,-9.768537701893971e+29,-985.096,3488074206019584.0,0.0,0.0,0.0,-0.108,0,1.3516416376850534e+27,225,0.0,450,2.40156025918058e+36,0.0,2114,52429,17109,0,17112,52429,17095,0,0,0,101,100,100,-107615248.0,65.3,-0.0,65.8,-0.0,65.5,1,49,50,180,39322,52429,0,0,0.0,0.0,0.0,60.0,7.45955487384723e+26,71.0,0.0,8.98455011178299e+23,0.0,1069,0,1069,0,0,0,1069,0,1080,0,999,0,658,0,659,0,654,0,676,0.032,1.4462247353788288e+22,0.0,0.0,15760,16814,907140982112256.0,5.539908863875885e+20,124911912.0,-927.014,7.4872572035807575e+31,-0.0,50.0,60.0,35,0.0,0.0,10.0,2.0,0.0,0.0,0.0,0.0,0.0,0.0,0.0,0.0,0.0,0.0,0.0,0.0,58.8,54,12,65509,27,65476,0,300,0,0,8,20529,65476,0,0,30147,60.0,0.0,10.0,10.0,2.0,0.0
2026-02-16T12:37:07,ERR,ERR,ERR,ERR,ERR,ERR,ERR,ERR,ERR,ERR,ERR,ERR,ERR,ERR,ERR,ERR,ERR,ERR,ERR,ERR,ERR,ERR,ERR,ERR,ERR,ERR,ERR,ERR,ERR,ERR,ERR,ERR,ERR,ERR,ERR,ERR,ERR,ERR,ERR,ERR,ERR,ERR,ERR,ERR,ERR,ERR,ERR,ERR,ERR,ERR,ERR,ERR,ERR,ERR,ERR,ERR,ERR,ERR,ERR,ERR,ERR,ERR,ERR,ERR,ERR,ERR,ERR,ERR,ERR,ERR,ERR,ERR,ERR,ERR,ERR,ERR,ERR,ERR,ERR,ERR,ERR,ERR,ERR,ERR,ERR,ERR,ERR,ERR,ERR,ERR,ERR,ERR,ERR,ERR,ERR,ERR,ERR,ERR,ERR,ERR,ERR,ERR,ERR,ERR,ERR,ERR,ERR,ERR,ERR,ERR,ERR,ERR,ERR,ERR,ERR,ERR,ERR,ERR,ERR,ERR,ERR,ERR,ERR,ERR,ERR,0.0,107616352.0,0.0,0.0,71072154124288.0,-0.0,0.0,0.0,4300,0,8,17168,4300,0.0,41,0.0,0.0,0.0,0.0,2.7184166902131945e+23,0,0,0,0,0.0,0,0,0,0,0,0,0,0,0,0,0,0,0,0,0,0,0,0,0,0,0,0,0,0,0,0,0,0,0,0,0,0,0,11,37,37,48,65476,415,65476,1,0,4,21553,0.0,0.0,0.0,0.0,0.0,0.0,0.0,0.0,0.0,0.0,0.0,0.0,0.0,0.0,0.0,0.0,0.0,0.0,0.0,0.0,0.0,2.004,2.004,3.6970818999223845e+19,3.697074863047967e+19,-0.0,0.0,0.0,0.0,0.0,6578.0,-0.0,0.0,0.0,107616352.0,0.0,-107616272.0,0.0,0.0,2.004,2.004,225,2.718417410789135e+23,-0.0,0.0,0.0,0.0,0.0,0.0,0.0,0.0,0,0,0,-7.654416962636141e+25,0.0,-0.0,4.105662313695017e+27,-0.0,69.129,0.0,-5.224673125436607e+23,0.0,-9.768537701893971e+29,-985.096,3488074206019584.0,0.0,0.0,0.0,-0.108,0,1.3516416376850534e+27,225,0.0,450,2.40156025918058e+36,0.0,2114,52429,17109,0,17112,52429,17095,0,0,0,101,100,100,-107615248.0,65.4,-107615256.0,65.8,-0.0,65.5,1,49,50,180,52429,52429,0,0,0.0,0.0,0.0,60.0,6.741356423631147e+27,71.0,0.0,0.0,0.0,1069,0,1069,0,0,0,1069,0,1080,0,999,0,658,0,659,0,654,0,676,0.032,1.4609821306377965e+22,0.0,0.0,5264,16814,3171167091294208.0,0.0,-49086612.0,-0.0,0.0,0.0,50.0,60.0,35,0.0,0.0,10.0,2.0,0.0,0.0,0.0,0.0,0.0,0.0,0.0,0.0,0.0,0.0,0.0,0.0,58.8,54,12,65509,27,65476,0,300,0,0,8,20529,65476,0,0,30147,60.0,0.0,10.0,10.0,2.0,0.0
2026-02-16T12:37:08,ERR,ERR,ERR,ERR,ERR,ERR,ERR,ERR,ERR,ERR,ERR,ERR,ERR,ERR,ERR,ERR,ERR,ERR,ERR,ERR,ERR,ERR,ERR,ERR,ERR,ERR,ERR,ERR,ERR,ERR,ERR,ERR,ERR,ERR,ERR,ERR,ERR,ERR,ERR,ERR,ERR,ERR,ERR,ERR,ERR,ERR,ERR,ERR,ERR,ERR,ERR,ERR,ERR,ERR,ERR,ERR,ERR,ERR,ERR,ERR,ERR,ERR,ERR,ERR,ERR,ERR,ERR,ERR,ERR,ERR,ERR,ERR,ERR,ERR,ERR,ERR,ERR,ERR,ERR,ERR,ERR,ERR,ERR,ERR,ERR,ERR,ERR,ERR,ERR,ERR,ERR,ERR,ERR,ERR,ERR,ERR,ERR,ERR,ERR,ERR,ERR,ERR,ERR,ERR,ERR,ERR,ERR,ERR,ERR,ERR,ERR,ERR,ERR,ERR,ERR,ERR,ERR,ERR,ERR,ERR,ERR,ERR,ERR,ERR,ERR,0.0,107616352.0,0.0,0.0,71072154124288.0,-0.0,0.0,0.0,4300,0,8,17168,4300,0.0,41,0.0,0.0,0.0,0.0,2.7184166902131945e+23,0,0,0,0,0.0,0,0,0,0,0,0,0,0,0,0,0,0,0,0,0,0,0,0,0,0,0,0,0,0,0,0,0,0,0,0,0,0,0,11,37,37,48,65476,415,65476,1,0,4,21553,0.0,0.0,0.0,0.0,0.0,0.0,0.0,0.0,0.0,0.0,0.0,0.0,0.0,0.0,0.0,0.0,0.0,0.0,0.0,0.0,0.0,2.004,2.004,3.6970818999223845e+19,3.697074863047967e+19,-0.0,0.0,0.0,0.0,0.0,6578.0,-0.0,0.0,0.0,107616352.0,0.0,-107616272.0,0.0,0.0,2.004,2.004,225,2.718417410789135e+23,-0.0,0.0,0.0,0.0,0.0,0.0,0.0,0.0,0,0,0,-7.654416962636141e+25,0.0,-0.0,4.105662313695017e+27,-0.0,69.129,0.0,-5.224673125436607e+23,0.0,-9.768537701893971e+29,-985.096,3488074206019584.0,0.0,0.0,0.0,-0.108,0,1.3516416376850534e+27,225,0.0,450,2.40156025918058e+36,0.0,2114,52429,17109,0,17112,52429,17095,0,0,0,101,100,100,-107615248.0,65.4,-107615256.0,65.8,-0.0,65.5,1,49,50,180,52429,52429,0,0,0.0,0.0,0.0,60.0,6.741356423631147e+27,71.0,0.0,0.0,0.0,1069,0,1069,0,0,0,1069,0,1080,0,999,0,658,0,659,0,654,0,676,0.032,1.4609821306377965e+22,0.0,0.0,5264,16814,3171167091294208.0,0.0,-49086612.0,-0.0,0.0,0.0,50.0,60.0,35,0.0,0.0,10.0,2.0,0.0,0.0,0.0,0.0,0.0,0.0,0.0,0.0,0.0,0.0,0.0,0.0,58.8,54,12,65509,27,65476,0,300,0,0,8,20529,65476,0,0,30147,60.0,0.0,10.0,10.0,2.0,0.0
2026-02-16T12:37:09,ERR,ERR,ERR,ERR,ERR,ERR,ERR,ERR,ERR,ERR,ERR,ERR,ERR,ERR,ERR,ERR,ERR,ERR,ERR,ERR,ERR,ERR,ERR,ERR,ERR,ERR,ERR,ERR,ERR,ERR,ERR,ERR,ERR,ERR,ERR,ERR,ERR,ERR,ERR,ERR,ERR,ERR,ERR,ERR,ERR,ERR,ERR,ERR,ERR,ERR,ERR,ERR,ERR,ERR,ERR,ERR,ERR,ERR,ERR,ERR,ERR,ERR,ERR,ERR,ERR,ERR,ERR,ERR,ERR,ERR,ERR,ERR,ERR,ERR,ERR,ERR,ERR,ERR,ERR,ERR,ERR,ERR,ERR,ERR,ERR,ERR,ERR,ERR,ERR,ERR,ERR,ERR,ERR,ERR,ERR,ERR,ERR,ERR,ERR,ERR,ERR,ERR,ERR,ERR,ERR,ERR,ERR,ERR,ERR,ERR,ERR,ERR,ERR,ERR,ERR,ERR,ERR,ERR,ERR,ERR,ERR,ERR,ERR,ERR,ERR,0.0,107616352.0,0.0,0.0,71072154124288.0,-0.0,423649640448.0,0.0,4300,0,8,17168,4300,0.0,41,0.0,0.0,0.0,0.0,2.7184166902131945e+23,0,0,0,0,0.0,0,0,0,0,0,0,0,0,0,0,0,0,0,0,0,0,0,0,0,0,0,0,0,0,0,0,0,0,0,0,0,0,0,11,37,37,48,65476,408,65476,1,0,4,21553,0.0,0.0,0.0,0.0,0.0,0.0,0.0,0.0,0.0,0.0,0.0,0.0,0.0,0.0,0.0,0.0,0.0,0.0,0.0,0.0,0.0,2.004,2.004,3.6970818999223845e+19,-0.0,-0.0,0.0,0.0,0.0,0.0,6578.0,-131351.203,0.0,0.0,107616352.0,0.0,-2.7184509175703625e+23,0.0,0.0,2.004,2.004,227,1.9056859227671757e+17,-89221.023,0.0,0.0,0.0,0.0,0.0,0.0,0.0,0,0,0,-2.438465749568717e+16,-0.0,8.883989649272519e+30,3493985536.0,1.0600692722882054e+29,7503334709657600.0,-8.526735772405264e+36,-0.0,-4.861923739807409e+35,-1.0362748920750953e+30,-1042.193,3699180438552576.0,0.0,0.0,0.0,-7927134208.0,0,1.3516416376850534e+27,227,0.0,454,0.0,-1.4035688898663253e+35,2114,52429,17109,0,17112,52429,17095,0,0,0,101,100,100,-107615248.0,65.4,-107615256.0,65.8,-0.0,65.5,1,49,50,180,52429,52429,0,0,0.0,0.0,0.0,60.0,6.741356423631147e+27,71.0,0.0,0.0,0.0,1069,0,1069,0,0,0,1069,0,1080,0,999,0,658,0,659,0,654,0,676,0.032,1.4609821306377965e+22,0.0,0.0,5264,16814,3171167091294208.0,0.0,-49086612.0,-0.0,0.0,0.0,50.0,60.0,35,0.0,0.0,10.0,2.0,0.0,0.0,0.0,0.0,0.0,0.0,0.0,0.0,0.0,0.0,0.0,0.0,58.8,54,12,65509,27,65476,0,300,0,0,8,20529,65476,0,0,30147,60.0,0.0,10.0,10.0,2.0,0.0
2026-02-16T12:37:10,ERR,ERR,ERR,ERR,ERR,ERR,ERR,ERR,ERR,ERR,ERR,ERR,ERR,ERR,ERR,ERR,ERR,ERR,ERR,ERR,ERR,ERR,ERR,ERR,ERR,ERR,ERR,ERR,ERR,ERR,ERR,ERR,ERR,ERR,ERR,ERR,ERR,ERR,ERR,ERR,ERR,ERR,ERR,ERR,ERR,ERR,ERR,ERR,ERR,ERR,ERR,ERR,ERR,ERR,ERR,ERR,ERR,ERR,ERR,ERR,ERR,ERR,ERR,ERR,ERR,ERR,ERR,ERR,ERR,ERR,ERR,ERR,ERR,ERR,ERR,ERR,ERR,ERR,ERR,ERR,ERR,ERR,ERR,ERR,ERR,ERR,ERR,ERR,ERR,ERR,ERR,ERR,ERR,ERR,ERR,ERR,ERR,ERR,ERR,ERR,ERR,ERR,ERR,ERR,ERR,ERR,ERR,ERR,ERR,ERR,ERR,ERR,ERR,ERR,ERR,ERR,ERR,ERR,ERR,ERR,ERR,ERR,ERR,ERR,ERR,0.0,107616352.0,0.0,0.0,71072154124288.0,-0.0,423649640448.0,0.0,4300,0,8,17168,4300,0.0,41,0.0,0.0,0.0,0.0,2.7184166902131945e+23,0,0,0,0,0.0,0,0,0,0,0,0,0,0,0,0,0,0,0,0,0,0,0,0,0,0,0,0,0,0,0,0,0,0,0,0,0,0,0,11,37,37,48,65476,408,65476,1,0,4,21553,0.0,0.0,0.0,0.0,0.0,0.0,0.0,0.0,0.0,0.0,0.0,0.0,0.0,0.0,0.0,0.0,0.0,0.0,0.0,0.0,0.0,2.004,2.004,3.6970818999223845e+19,-0.0,-0.0,0.0,0.0,0.0,0.0,6578.0,-131351.203,0.0,0.0,107616352.0,0.0,-2.7184509175703625e+23,0.0,0.0,2.004,2.004,227,1.9056859227671757e+17,-89221.023,0.0,0.0,0.0,0.0,0.0,0.0,0.0,0,0,0,-2.438465749568717e+16,-0.0,8.883989649272519e+30,3493985536.0,1.0600692722882054e+29,7503334709657600.0,-8.526735772405264e+36,-0.0,-4.861923739807409e+35,-1.0362748920750953e+30,-1042.193,3699180438552576.0,0.0,0.0,0.0,-7927134208.0,0,1.3516416376850534e+27,227,0.0,454,0.0,-1.4035688898663253e+35,2114,52429,17109,0,17112,52429,17095,0,0,0,101,100,100,-107615248.0,65.4,-107615256.0,65.8,-0.0,65.5,1,49,50,180,52429,52429,0,0,0.0,0.0,0.0,60.0,1000488.875,71.0,0.0,0.0,0.0,1069,0,1069,0,0,0,1069,0,1080,0,999,0,658,0,659,0,654,0,677,0.032,1.4609821306377965e+22,2.004,2.73023467606737e+23,8592,16814,1000488.875,0.0,-0.0,-2.209359550542951e+36,-1461766784.0,-2.832344100634624e+16,50.0,60.0,35,0.0,0.0,10.0,2.0,0.0,0.0,0.0,0.0,0.0,0.0,0.0,0.0,0.0,0.0,0.0,0.0,58.8,54,12,65509,27,65476,0,300,0,0,8,20529,65476,0,0,30147,60.0,0.0,10.0,10.0,2.0,0.0
2026-02-16T12:37:11,ERR,ERR,ERR,ERR,ERR,ERR,ERR,ERR,ERR,ERR,ERR,ERR,ERR,ERR,ERR,ERR,ERR,ERR,ERR,ERR,ERR,ERR,ERR,ERR,ERR,ERR,ERR,ERR,ERR,ERR,ERR,ERR,ERR,ERR,ERR,ERR,ERR,ERR,ERR,ERR,ERR,ERR,ERR,ERR,ERR,ERR,ERR,ERR,ERR,ERR,ERR,ERR,ERR,ERR,ERR,ERR,ERR,ERR,ERR,ERR,ERR,ERR,ERR,ERR,ERR,ERR,ERR,ERR,ERR,ERR,ERR,ERR,ERR,ERR,ERR,ERR,ERR,ERR,ERR,ERR,ERR,ERR,ERR,ERR,ERR,ERR,ERR,ERR,ERR,ERR,ERR,ERR,ERR,ERR,ERR,ERR,ERR,ERR,ERR,ERR,ERR,ERR,ERR,ERR,ERR,ERR,ERR,ERR,ERR,ERR,ERR,ERR,ERR,ERR,ERR,ERR,ERR,ERR,ERR,ERR,ERR,ERR,ERR,ERR,ERR,0.0,107616352.0,0.0,0.0,71072154124288.0,-0.0,423649640448.0,0.0,4300,0,8,17168,4300,0.0,41,0.0,0.0,0.0,0.0,2.7184166902131945e+23,0,0,0,0,0.0,0,0,0,0,0,0,0,0,0,0,0,0,0,0,0,0,0,0,0,0,0,0,0,0,0,0,0,0,0,0,0,0,0,11,37,37,48,65476,408,65476,1,0,4,21553,0.0,0.0,0.0,0.0,0.0,0.0,0.0,0.0,0.0,0.0,0.0,0.0,0.0,0.0,0.0,0.0,0.0,0.0,0.0,0.0,0.0,2.004,2.004,3.6970818999223845e+19,-0.0,-0.0,0.0,0.0,0.0,0.0,6578.0,-131351.203,0.0,0.0,107616352.0,0.0,-2.7184509175703625e+23,0.0,0.0,2.004,2.004,227,1.9056859227671757e+17,-89221.023,0.0,0.0,0.0,0.0,0.0,0.0,0.0,0,0,0,-2.438465749568717e+16,-0.0,8.883989649272519e+30,3493985536.0,1.0600692722882054e+29,7503334709657600.0,-8.526735772405264e+36,-0.0,-4.861923739807409e+35,-1.0362748920750953e+30,-1042.193,3699180438552576.0,0.0,0.0,0.0,-7927134208.0,0,1.3516416376850534e+27,227,0.0,454,0.0,-1.4035688898663253e+35,2114,52429,17109,0,17112,52429,17095,0,0,0,101,100,100,-107615248.0,65.4,-107615256.0,65.8,-0.0,65.5,1,49,50,180,52429,52429,0,0,0.0,0.0,0.0,60.0,1000488.875,71.0,0.0,0.0,0.0,1069,0,1069,0,0,0,1069,0,1080,0,999,0,658,0,659,0,654,0,677,0.032,1.4609821306377965e+22,2.004,2.73023467606737e+23,8592,16814,1000488.875,0.0,-0.0,-2.209359550542951e+36,-1461766784.0,-2.832344100634624e+16,50.0,60.0,35,0.0,0.0,10.0,2.0,0.0,0.0,0.0,0.0,0.0,0.0,0.0,0.0,0.0,0.0,0.0,0.0,58.8,54,12,65509,27,65476,0,300,0,0,8,20529,65476,0,0,30147,60.0,0.0,10.0,10.0,2.0,0.0
2026-02-16T12:37:12,ERR,ERR,ERR,ERR,ERR,ERR,ERR,ERR,ERR,ERR,ERR,ERR,ERR,ERR,ERR,ERR,ERR,ERR,ERR,ERR,ERR,ERR,ERR,ERR,ERR,ERR,ERR,ERR,ERR,ERR,ERR,ERR,ERR,ERR,ERR,ERR,ERR,ERR,ERR,ERR,ERR,ERR,ERR,ERR,ERR,ERR,ERR,ERR,ERR,ERR,ERR,ERR,ERR,ERR,ERR,ERR,ERR,ERR,ERR,ERR,ERR,ERR,ERR,ERR,ERR,ERR,ERR,ERR,ERR,ERR,ERR,ERR,ERR,ERR,ERR,ERR,ERR,ERR,ERR,ERR,ERR,ERR,ERR,ERR,ERR,ERR,ERR,ERR,ERR,ERR,ERR,ERR,ERR,ERR,ERR,ERR,ERR,ERR,ERR,ERR,ERR,ERR,ERR,ERR,ERR,ERR,ERR,ERR,ERR,ERR,ERR,ERR,ERR,ERR,ERR,ERR,ERR,ERR,ERR,ERR,ERR,ERR,ERR,ERR,ERR,0.0,107616352.0,0.0,0.0,71072154124288.0,-0.0,423649640448.0,0.0,4300,0,8,17168,4300,0.0,41,0.0,0.0,0.0,0.0,2.7184166902131945e+23,0,0,0,0,0.0,0,0,0,0,0,0,0,0,0,0,0,0,0,0,0,0,0,0,0,0,0,0,0,0,0,0,0,0,0,0,0,0,0,11,37,37,48,65476,408,65476,1,0,4,21553,0.0,0.0,0.0,0.0,0.0,0.0,0.0,0.0,0.0,0.0,0.0,0.0,0.0,0.0,0.0,0.0,0.0,0.0,0.0,0.0,0.0,2.004,2.004,3.6970818999223845e+19,-0.0,-0.0,0.0,0.0,0.0,0.0,6578.0,-131351.203,0.0,0.0,107616352.0,0.0,-2.7184509175703625e+23,0.0,0.0,2.004,2.004,227,1.9056859227671757e+17,-89221.023,0.0,0.0,0.0,0.0,0.0,0.0,0.0,0,0,0,-2.438465749568717e+16,-0.0,8.883989649272519e+30,3493985536.0,1.0600692722882054e+29,7503334709657600.0,-8.526735772405264e+36,-0.0,-4.861923739807409e+35,-1.0362748920750953e+30,-1042.193,3699180438552576.0,0.0,0.0,0.0,-7927134208.0,0,1.3516416376850534e+27,227,0.0,454,0.0,-1.4035688898663253e+35,2114,52429,17109,0,17112,52429,17095,0,0,0,101,100,100,-107615248.0,65.4,-107615256.0,65.8,-0.0,65.5,1,49,50,180,52429,52429,0,0,0.0,0.0,0.0,60.0,1000488.875,71.0,0.0,0.0,0.0,1069,0,1069,0,0,0,1069,0,1080,0,999,0,658,0,659,0,654,0,677,0.032,1.4609821306377965e+22,2.004,2.73023467606737e+23,8592,16814,1000488.875,0.0,-0.0,-2.209359550542951e+36,-1461766784.0,-2.832344100634624e+16,50.0,60.0,35,0.0,0.0,10.0,2.0,0.0,0.0,0.0,0.0,0.0,0.0,0.0,0.0,0.0,0.0,0.0,0.0,58.8,54,12,65509,27,65476,0,300,0,0,8,20529,65476,0,0,30147,60.0,0.0,10.0,10.0,2.0,0.0
2026-02-16T12:37:13,ERR,ERR,ERR,ERR,ERR,ERR,ERR,ERR,ERR,ERR,ERR,ERR,ERR,ERR,ERR,ERR,ERR,ERR,ERR,ERR,ERR,ERR,ERR,ERR,ERR,ERR,ERR,ERR,ERR,ERR,ERR,ERR,ERR,ERR,ERR,ERR,ERR,ERR,ERR,ERR,ERR,ERR,ERR,ERR,ERR,ERR,ERR,ERR,ERR,ERR,ERR,ERR,ERR,ERR,ERR,ERR,ERR,ERR,ERR,ERR,ERR,ERR,ERR,ERR,ERR,ERR,ERR,ERR,ERR,ERR,ERR,ERR,ERR,ERR,ERR,ERR,ERR,ERR,ERR,ERR,ERR,ERR,ERR,ERR,ERR,ERR,ERR,ERR,ERR,ERR,ERR,ERR,ERR,ERR,ERR,ERR,ERR,ERR,ERR,ERR,ERR,ERR,ERR,ERR,ERR,ERR,ERR,ERR,ERR,ERR,ERR,ERR,ERR,ERR,ERR,ERR,ERR,ERR,ERR,ERR,ERR,ERR,ERR,ERR,ERR,0.0,107616352.0,0.0,0.0,71072154124288.0,-0.028,3.575327123386138e+33,0.0,4300,0,8,17168,4300,0.0,41,0.0,0.0,0.0,0.0,2.7184166902131945e+23,0,0,0,0,0.0,0,0,0,0,0,0,0,0,0,0,0,0,0,0,0,0,0,0,0,0,0,0,0,0,0,0,0,0,0,0,0,0,0,11,38,37,48,65476,409,65476,1,0,4,21553,0.0,0.0,0.0,0.0,0.0,0.0,0.0,0.0,0.0,0.0,0.0,0.0,0.0,0.0,-2.600982585120823e+33,0.0,0.0,0.0,0.0,0.0,0.0,2.004,2.004,3.6970818999223845e+19,-0.0,-0.0,0.0,0.0,0.0,0.0,6613.0,0.0,0.0,0.0,107616352.0,0.0,-107616272.0,0.0,0.0,2.004,2.004,227,-0.0,-3.2220245344017747e+26,0.0,0.0,0.0,0.0,0.0,0.0,0.0,0,0,0,-3801276481536.0,-53544868.0,4.640818678516941e+20,0.0,365637926912.0,-0.0,2.0426474588433914e+24,-0.0,0.0,-1.0956960139607936e+30,-1146.193,3927878857129984.0,0.0,0.0,0.0,0.0,0,1.3516416376850534e+27,227,0.0,454,0.0,5.5413446501399e+19,2114,52429,17109,0,17112,52429,17095,0,0,0,101,100,100,-107615248.0,65.4,-107615256.0,65.8,-0.0,65.5,1,49,50,180,52429,52429,0,0,0.0,0.0,0.0,60.0,969974656.0,71.0,0.0,1.4501969032132952e+19,0.0,1069,0,1069,0,0,0,1069,0,1080,0,999,0,658,0,659,0,654,0,677,0.032,1.4609821306377965e+22,2.004,2.73023467606737e+23,3728,16814,3700.16,-0.0,0.0,0.0,248771300556800.0,-0.0,50.0,60.0,35,0.0,0.0,10.0,2.0,0.0,0.0,0.0,0.0,0.0,0.0,0.0,0.0,0.0,0.0,0.0,0.0,58.8,54,12,65509,27,65476,0,300,0,0,8,20529,65476,0,0,30147,60.0,0.0,10.0,10.0,2.0,0.0
2026-02-16T12:37:14,ERR,ERR,ERR,ERR,ERR,ERR,ERR,ERR,ERR,ERR,ERR,ERR,ERR,ERR,ERR,ERR,ERR,ERR,ERR,ERR,ERR,ERR,ERR,ERR,ERR,ERR,ERR,ERR,ERR,ERR,ERR,ERR,ERR,ERR,ERR,ERR,ERR,ERR,ERR,ERR,ERR,ERR,ERR,ERR,ERR,ERR,ERR,ERR,ERR,ERR,ERR,ERR,ERR,ERR,ERR,ERR,ERR,ERR,ERR,ERR,ERR,ERR,ERR,ERR,ERR,ERR,ERR,ERR,ERR,ERR,ERR,ERR,ERR,ERR,ERR,ERR,ERR,ERR,ERR,ERR,ERR,ERR,ERR,ERR,ERR,ERR,ERR,ERR,ERR,ERR,ERR,ERR,ERR,ERR,ERR,ERR,ERR,ERR,ERR,ERR,ERR,ERR,ERR,ERR,ERR,ERR,ERR,ERR,ERR,ERR,ERR,ERR,ERR,ERR,ERR,ERR,ERR,ERR,ERR,ERR,ERR,ERR,ERR,ERR,ERR,0.0,107616352.0,0.0,0.0,71072154124288.0,-0.028,3.575327123386138e+33,0.0,4300,0,8,17168,4300,0.0,41,0.0,0.0,0.0,0.0,2.7184166902131945e+23,0,0,0,0,0.0,0,0,0,0,0,0,0,0,0,0,0,0,0,0,0,0,0,0,0,0,0,0,0,0,0,0,0,0,0,0,0,0,0,11,38,37,48,65476,409,65476,1,0,4,21553,0.0,0.0,0.0,0.0,0.0,0.0,0.0,0.0,0.0,0.0,0.0,0.0,0.0,0.0,-2.600982585120823e+33,0.0,0.0,0.0,0.0,0.0,0.0,2.004,2.004,3.6970818999223845e+19,-0.0,-0.0,0.0,0.0,0.0,0.0,6613.0,0.0,0.0,0.0,107616352.0,0.0,-107616272.0,0.0,0.0,2.004,2.004,227,-0.0,-3.2220245344017747e+26,0.0,0.0,0.0,0.0,0.0,0.0,0.0,0,0,0,-3801276481536.0,-53544868.0,4.640818678516941e+20,0.0,365637926912.0,-0.0,2.0426474588433914e+24,-0.0,0.0,-1.0956960139607936e+30,-1146.193,3927878857129984.0,0.0,0.0,0.0,0.0,0,1.3516416376850534e+27,227,0.0,454,0.0,5.5413446501399e+19,2114,52429,17109,0,17112,52429,17095,0,0,0,101,100,100,-107615248.0,65.4,-107615256.0,65.8,-0.0,65.5,1,49,50,180,52429,52429,0,0,0.0,0.0,0.0,60.0,969974656.0,71.0,0.0,1.4501969032132952e+19,0.0,1069,0,1069,0,0,0,1069,0,1080,0,999,0,658,0,659,0,654,0,677,0.032,1.4609821306377965e+22,2.004,2.73023467606737e+23,3728,16814,3700.16,-0.0,0.0,0.0,248771300556800.0,-0.0,50.0,60.0,35,0.0,0.0,10.0,2.0,0.0,0.0,0.0,0.0,0.0,0.0,0.0,0.0,0.0,0.0,0.0,0.0,58.8,54,12,65509,27,65476,0,300,0,0,8,20529,65476,0,0,30147,60.0,0.0,10.0,10.0,2.0,0.0
2026-02-16T12:37:15,ERR,ERR,ERR,ERR,ERR,ERR,ERR,ERR,ERR,ERR,ERR,ERR,ERR,ERR,ERR,ERR,ERR,ERR,ERR,ERR,ERR,ERR,ERR,ERR,ERR,ERR,ERR,ERR,ERR,ERR,ERR,ERR,ERR,ERR,ERR,ERR,ERR,ERR,ERR,ERR,ERR,ERR,ERR,ERR,ERR,ERR,ERR,ERR,ERR,ERR,ERR,ERR,ERR,ERR,ERR,ERR,ERR,ERR,ERR,ERR,ERR,ERR,ERR,ERR,ERR,ERR,ERR,ERR,ERR,ERR,ERR,ERR,ERR,ERR,ERR,ERR,ERR,ERR,ERR,ERR,ERR,ERR,ERR,ERR,ERR,ERR,ERR,ERR,ERR,ERR,ERR,ERR,ERR,ERR,ERR,ERR,ERR,ERR,ERR,ERR,ERR,ERR,ERR,ERR,ERR,ERR,ERR,ERR,ERR,ERR,ERR,ERR,ERR,ERR,ERR,ERR,ERR,ERR,ERR,ERR,ERR,ERR,ERR,ERR,ERR,0.0,107616352.0,0.0,0.0,71072154124288.0,-0.028,3.575327123386138e+33,0.0,4300,0,8,17168,4300,0.0,41,0.0,0.0,0.0,0.0,2.7184166902131945e+23,0,0,0,0,0.0,0,0,0,0,0,0,0,0,0,0,0,0,0,0,0,0,0,0,0,0,0,0,0,0,0,0,0,0,0,0,0,0,0,11,38,37,48,65476,409,65476,1,0,4,21553,0.0,0.0,0.0,0.0,0.0,0.0,0.0,0.0,0.0,0.0,0.0,0.0,0.0,0.0,-2.600982585120823e+33,0.0,0.0,0.0,0.0,0.0,0.0,2.004,2.004,3.6970818999223845e+19,-0.0,-0.0,0.0,0.0,0.0,0.0,6613.0,0.0,0.0,0.0,107616352.0,0.0,-107616272.0,0.0,0.0,2.004,2.004,227,-0.0,-3.2220245344017747e+26,0.0,0.0,0.0,0.0,0.0,0.0,0.0,0,0,0,-3801276481536.0,-53544868.0,4.640818678516941e+20,0.0,365637926912.0,-0.0,2.0426474588433914e+24,-0.0,0.0,-1.0956960139607936e+30,-1146.193,3927878857129984.0,0.0,0.0,0.0,0.0,0,1.3516416376850534e+27,227,0.0,454,0.0,5.5413446501399e+19,2114,52429,17109,0,17112,52429,17095,0,0,0,101,100,100,-107615248.0,65.4,-107615256.0,65.8,-0.0,65.5,1,49,50,180,52429,52429,0,0,0.0,0.0,0.0,60.0,969974656.0,71.0,0.0,1.4501969032132952e+19,0.0,1069,0,1069,0,0,0,1069,0,1080,0,999,0,658,0,659,0,654,0,677,0.032,1.4609821306377965e+22,2.004,2.73023467606737e+23,3728,16814,3700.16,-0.0,0.0,0.0,248771300556800.0,-0.0,50.0,60.0,35,0.0,0.0,10.0,2.0,0.0,0.0,0.0,0.0,0.0,0.0,0.0,0.0,0.0,0.0,0.0,0.0,58.8,53,12,65509,27,65476,0,300,0,0,8,20529,65476,0,0,30147,60.0,0.0,10.0,10.0,2.0,0.0
2026-02-16T12:37:16,ERR,ERR,ERR,ERR,ERR,ERR,ERR,ERR,ERR,ERR,ERR,ERR,ERR,ERR,ERR,ERR,ERR,ERR,ERR,ERR,ERR,ERR,ERR,ERR,ERR,ERR,ERR,ERR,ERR,ERR,ERR,ERR,ERR,ERR,ERR,ERR,ERR,ERR,ERR,ERR,ERR,ERR,ERR,ERR,ERR,ERR,ERR,ERR,ERR,ERR,ERR,ERR,ERR,ERR,ERR,ERR,ERR,ERR,ERR,ERR,ERR,ERR,ERR,ERR,ERR,ERR,ERR,ERR,ERR,ERR,ERR,ERR,ERR,ERR,ERR,ERR,ERR,ERR,ERR,ERR,ERR,ERR,ERR,ERR,ERR,ERR,ERR,ERR,ERR,ERR,ERR,ERR,ERR,ERR,ERR,ERR,ERR,ERR,ERR,ERR,ERR,ERR,ERR,ERR,ERR,ERR,ERR,ERR,ERR,ERR,ERR,ERR,ERR,ERR,ERR,ERR,ERR,ERR,ERR,ERR,ERR,ERR,ERR,ERR,ERR,0.0,107616352.0,0.0,0.0,71072154124288.0,-0.028,3.575327123386138e+33,0.0,4300,0,8,17168,4300,0.0,41,0.0,0.0,0.0,0.0,2.7184166902131945e+23,0,0,0,0,0.0,0,0,0,0,0,0,0,0,0,0,0,0,0,0,0,0,0,0,0,0,0,0,0,0,0,0,0,0,0,0,0,0,0,11,38,37,48,65476,409,65476,1,0,4,21553,0.0,0.0,0.0,0.0,0.0,0.0,0.0,0.0,0.0,0.0,0.0,0.0,0.0,0.0,-2.600982585120823e+33,0.0,0.0,0.0,0.0,0.0,0.0,2.004,2.004,3.6970818999223845e+19,-0.0,-0.0,0.0,0.0,0.0,0.0,6613.0,0.0,0.0,0.0,107616352.0,0.0,-107616272.0,0.0,0.0,2.004,2.004,227,-0.0,-3.2220245344017747e+26,0.0,0.0,0.0,0.0,0.0,0.0,0.0,0,0,0,-3801276481536.0,-53544868.0,4.640818678516941e+20,0.0,365637926912.0,-0.0,2.0426474588433914e+24,-0.0,0.0,-1.0956960139607936e+30,-1146.193,3927878857129984.0,0.0,0.0,0.0,0.0,0,1.3516416376850534e+27,227,0.0,454,0.0,5.5413446501399e+19,2114,52429,17109,0,17112,52429,17095,0,0,0,101,100,100,-107615248.0,65.4,-107615256.0,65.8,-0.0,65.5,1,49,50,180,52429,52429,0,0,0.0,0.0,0.0,60.0,969974656.0,71.0,0.0,1.4501969032132952e+19,0.0,1069,0,1069,0,0,0,1069,0,1080,0,999,0,658,0,659,0,654,0,677,0.032,1.4609821306377965e+22,2.004,2.73023467606737e+23,3728,16814,3700.16,-0.0,0.0,0.0,248771300556800.0,-0.0,50.0,60.0,35,0.0,0.0,10.0,2.0,0.0,0.0,0.0,0.0,0.0,0.0,0.0,0.0,0.0,0.0,0.0,0.0,58.8,53,12,65509,27,65476,0,300,0,0,8,20529,65476,0,0,30147,60.0,0.0,10.0,10.0,2.0,0.0
2026-02-16T12:37:17,ERR,ERR,ERR,ERR,ERR,ERR,ERR,ERR,ERR,ERR,ERR,ERR,ERR,ERR,ERR,ERR,ERR,ERR,ERR,ERR,ERR,ERR,ERR,ERR,ERR,ERR,ERR,ERR,ERR,ERR,ERR,ERR,ERR,ERR,ERR,ERR,ERR,ERR,ERR,ERR,ERR,ERR,ERR,ERR,ERR,ERR,ERR,ERR,ERR,ERR,ERR,ERR,ERR,ERR,ERR,ERR,ERR,ERR,ERR,ERR,ERR,ERR,ERR,ERR,ERR,ERR,ERR,ERR,ERR,ERR,ERR,ERR,ERR,ERR,ERR,ERR,ERR,ERR,ERR,ERR,ERR,ERR,ERR,ERR,ERR,ERR,ERR,ERR,ERR,ERR,ERR,ERR,ERR,ERR,ERR,ERR,ERR,ERR,ERR,ERR,ERR,ERR,ERR,ERR,ERR,ERR,ERR,ERR,ERR,ERR,ERR,ERR,ERR,ERR,ERR,ERR,ERR,ERR,ERR,ERR,ERR,ERR,ERR,ERR,ERR,0.0,107616352.0,0.0,0.0,71072154124288.0,-0.028,3.575327123386138e+33,0.0,4300,0,8,17168,4300,0.0,41,0.0,0.0,0.0,0.0,2.7184166902131945e+23,0,0,0,0,0.0,0,0,0,0,0,0,0,0,0,0,0,0,0,0,0,0,0,0,0,0,0,0,0,0,0,0,0,0,0,0,0,0,0,11,38,37,48,65476,409,65476,1,0,4,21553,0.0,0.0,0.0,0.0,0.0,0.0,0.0,0.0,0.0,0.0,0.0,0.0,0.0,0.0,-2.600982585120823e+33,0.0,0.0,0.0,0.0,0.0,0.0,2.004,2.004,3.6970818999223845e+19,-0.0,-0.0,0.0,0.0,0.0,0.0,6613.0,0.0,0.0,0.0,107616352.0,0.0,-107616272.0,0.0,0.0,2.004,2.004,227,-0.0,-3.2220245344017747e+26,0.0,0.0,0.0,0.0,0.0,0.0,0.0,0,0,0,-3801276481536.0,-53544868.0,4.640818678516941e+20,0.0,365637926912.0,-0.0,2.0426474588433914e+24,-0.0,0.0,-1.0956960139607936e+30,-1146.193,3927878857129984.0,0.0,0.0,0.0,0.0,0,1.3516416376850534e+27,227,0.0,454,0.0,5.5413446501399e+19,2114,52429,17109,0,17112,52429,17095,0,0,0,101,100,100,-107615248.0,65.4,-107615256.0,65.8,-0.0,65.5,1,49,50,180,52429,52429,0,0,0.0,0.0,0.0,60.0,3.338517936477307e+17,71.0,0.0,0.0,0.0,1069,0,1069,0,0,0,1069,0,1080,0,999,0,658,0,659,0,654,0,677,0.032,1.4536034330083127e+22,2.004,2.73023467606737e+23,3728,16814,9.238358820146014e+19,0.0,0.0,-1.0617445920524378e+38,4.977,0.0,50.0,60.0,35,0.0,0.0,10.0,2.0,0.0,0.0,0.0,0.0,0.0,0.0,0.0,0.0,0.0,0.0,0.0,0.0,59.2,53,12,65509,27,65476,0,300,0,0,8,20529,65476,0,0,30147,60.0,0.0,10.0,10.0,2.0,0.0
2026-02-16T12:37:18,ERR,ERR,ERR,ERR,ERR,ERR,ERR,ERR,ERR,ERR,ERR,ERR,ERR,ERR,ERR,ERR,ERR,ERR,ERR,ERR,ERR,ERR,ERR,ERR,ERR,ERR,ERR,ERR,ERR,ERR,ERR,ERR,ERR,ERR,ERR,ERR,ERR,ERR,ERR,ERR,ERR,ERR,ERR,ERR,ERR,ERR,ERR,ERR,ERR,ERR,ERR,ERR,ERR,ERR,ERR,ERR,ERR,ERR,ERR,ERR,ERR,ERR,ERR,ERR,ERR,ERR,ERR,ERR,ERR,ERR,ERR,ERR,ERR,ERR,ERR,ERR,ERR,ERR,ERR,ERR,ERR,ERR,ERR,ERR,ERR,ERR,ERR,ERR,ERR,ERR,ERR,ERR,ERR,ERR,ERR,ERR,ERR,ERR,ERR,ERR,ERR,ERR,ERR,ERR,ERR,ERR,ERR,ERR,ERR,ERR,ERR,ERR,ERR,ERR,ERR,ERR,ERR,ERR,ERR,ERR,ERR,ERR,ERR,ERR,ERR,0.0,107616352.0,0.0,0.0,71072154124288.0,0.0,-5.1809056858121174e+26,-18464.031,4300,0,8,17168,4300,0.0,41,0.0,0.0,0.0,0.0,2.7184166902131945e+23,0,0,0,0,0.0,0,0,0,0,0,0,0,0,0,0,0,0,0,0,0,0,0,0,0,0,0,0,0,0,0,0,0,0,0,0,0,0,0,10,38,37,48,65476,409,65476,1,0,4,21553,0.0,0.0,0.0,0.0,0.0,0.0,0.0,0.0,0.0,0.0,0.0,0.0,0.0,0.0,0.0,0.0,0.0,0.0,0.0,0.0,0.0,2.004,2.004,3.6970818999223845e+19,-0.0,-0.0,0.0,0.0,0.0,0.0,6615.0,0.0,0.0,0.0,107616352.0,2.7184503771384073e+23,-107616272.0,0.0,0.0,2.004,2.004,226,-0.0,-3.2220245344017747e+26,0.0,0.0,0.0,0.0,0.0,0.0,0.0,0,0,0,-71613068345344.0,5.578699170224054e+28,7.669944859948323e+27,-0.0,1.0071001402781256e+27,-0.0,1.8991810689945188e+33,-26403.01,3.845024743061226e+22,-1.1551171358464918e+30,-1242.193,4121392903618560.0,0.0,0.0,0.0,0.0,0,1.3516416376850534e+27,226,0.0,452,0.0,5.5413446501399e+19,2114,52429,17109,0,17112,52429,17095,0,0,0,101,100,100,-107615248.0,65.4,-107615256.0,65.8,-0.0,65.5,1,49,50,180,52429,52429,0,0,0.0,0.0,0.0,60.0,3.338517936477307e+17,71.0,0.0,0.0,0.0,1069,0,1069,0,0,0,1069,0,1080,0,999,0,658,0,659,0,654,0,677,0.032,1.4536034330083127e+22,2.004,2.73023467606737e+23,3728,16814,9.238358820146014e+19,0.0,0.0,-1.0617445920524378e+38,4.977,0.0,50.0,60.0,35,0.0,0.0,10.0,2.0,0.0,0.0,0.0,0.0,0.0,0.0,0.0,0.0,0.0,0.0,0.0,0.0,59.2,53,12,65509,27,65476,0,300,0,0,8,20529,65476,0,0,30147,60.0,0.0,10.0,10.0,2.0,0.0
2026-02-16T12:37:19,ERR,ERR,ERR,ERR,ERR,ERR,ERR,ERR,ERR,ERR,ERR,ERR,ERR,ERR,ERR,ERR,ERR,ERR,ERR,ERR,ERR,ERR,ERR,ERR,ERR,ERR,ERR,ERR,ERR,ERR,ERR,ERR,ERR,ERR,ERR,ERR,ERR,ERR,ERR,ERR,ERR,ERR,ERR,ERR,ERR,ERR,ERR,ERR,ERR,ERR,ERR,ERR,ERR,ERR,ERR,ERR,ERR,ERR,ERR,ERR,ERR,ERR,ERR,ERR,ERR,ERR,ERR,ERR,ERR,ERR,ERR,ERR,ERR,ERR,ERR,ERR,ERR,ERR,ERR,ERR,ERR,ERR,ERR,ERR,ERR,ERR,ERR,ERR,ERR,ERR,ERR,ERR,ERR,ERR,ERR,ERR,ERR,ERR,ERR,ERR,ERR,ERR,ERR,ERR,ERR,ERR,ERR,ERR,ERR,ERR,ERR,ERR,ERR,ERR,ERR,ERR,ERR,ERR,ERR,ERR,ERR,ERR,ERR,ERR,ERR,0.0,107616352.0,0.0,0.0,71072154124288.0,0.0,-5.1809056858121174e+26,-18464.031,4300,0,8,17168,4300,0.0,41,0.0,0.0,0.0,0.0,2.7184166902131945e+23,0,0,0,0,0.0,0,0,0,0,0,0,0,0,0,0,0,0,0,0,0,0,0,0,0,0,0,0,0,0,0,0,0,0,0,0,0,0,0,10,38,37,48,65476,409,65476,1,0,4,21553,0.0,0.0,0.0,0.0,0.0,0.0,0.0,0.0,0.0,0.0,0.0,0.0,0.0,0.0,0.0,0.0,0.0,0.0,0.0,0.0,0.0,2.004,2.004,3.6970818999223845e+19,-0.0,-0.0,0.0,0.0,0.0,0.0,6615.0,0.0,0.0,0.0,107616352.0,2.7184503771384073e+23,-107616272.0,0.0,0.0,2.004,2.004,226,-0.0,-3.2220245344017747e+26,0.0,0.0,0.0,0.0,0.0,0.0,0.0,0,0,0,-71613068345344.0,5.578699170224054e+28,7.669944859948323e+27,-0.0,1.0071001402781256e+27,-0.0,1.8991810689945188e+33,-26403.01,3.845024743061226e+22,-1.1551171358464918e+30,-1242.193,4121392903618560.0,0.0,0.0,0.0,0.0,0,1.3516416376850534e+27,226,0.0,452,0.0,5.5413446501399e+19,2114,52429,17109,0,17112,52429,17095,0,0,0,101,100,100,-107615248.0,65.4,-107615256.0,65.8,-0.0,65.5,1,49,50,180,52429,52429,0,0,0.0,0.0,0.0,60.0,3.338517936477307e+17,71.0,0.0,0.0,0.0,1069,0,1069,0,0,0,1069,0,1080,0,999,0,658,0,659,0,654,0,677,0.032,1.4536034330083127e+22,2.004,2.73023467606737e+23,3728,16814,9.238358820146014e+19,0.0,0.0,-1.0617445920524378e+38,4.977,0.0,50.0,60.0,35,0.0,0.0,10.0,2.0,0.0,0.0,0.0,0.0,0.0,0.0,0.0,0.0,0.0,0.0,0.0,0.0,58.8,53,12,65509,27,65476,0,300,0,0,8,20529,65476,0,0,30147,60.0,0.0,10.0,10.0,2.0,0.0
2026-02-16T12:37:20,ERR,ERR,ERR,ERR,ERR,ERR,ERR,ERR,ERR,ERR,ERR,ERR,ERR,ERR,ERR,ERR,ERR,ERR,ERR,ERR,ERR,ERR,ERR,ERR,ERR,ERR,ERR,ERR,ERR,ERR,ERR,ERR,ERR,ERR,ERR,ERR,ERR,ERR,ERR,ERR,ERR,ERR,ERR,ERR,ERR,ERR,ERR,ERR,ERR,ERR,ERR,ERR,ERR,ERR,ERR,ERR,ERR,ERR,ERR,ERR,ERR,ERR,ERR,ERR,ERR,ERR,ERR,ERR,ERR,ERR,ERR,ERR,ERR,ERR,ERR,ERR,ERR,ERR,ERR,ERR,ERR,ERR,ERR,ERR,ERR,ERR,ERR,ERR,ERR,ERR,ERR,ERR,ERR,ERR,ERR,ERR,ERR,ERR,ERR,ERR,ERR,ERR,ERR,ERR,ERR,ERR,ERR,ERR,ERR,ERR,ERR,ERR,ERR,ERR,ERR,ERR,ERR,ERR,ERR,ERR,ERR,ERR,ERR,ERR,ERR,0.0,107616352.0,0.0,0.0,71072154124288.0,0.0,-5.1809056858121174e+26,-18464.031,4300,0,8,17168,4300,0.0,41,0.0,0.0,0.0,0.0,2.7184166902131945e+23,0,0,0,0,0.0,0,0,0,0,0,0,0,0,0,0,0,0,0,0,0,0,0,0,0,0,0,0,0,0,0,0,0,0,0,0,0,0,0,10,38,37,48,65476,409,65476,1,0,4,21553,0.0,0.0,0.0,0.0,0.0,0.0,0.0,0.0,0.0,0.0,0.0,0.0,0.0,0.0,0.0,0.0,0.0,0.0,0.0,0.0,0.0,2.004,2.004,3.6970818999223845e+19,-0.0,-0.0,0.0,0.0,0.0,0.0,6615.0,0.0,0.0,0.0,107616352.0,2.7184503771384073e+23,-107616272.0,0.0,0.0,2.004,2.004,226,-0.0,-3.2220245344017747e+26,0.0,0.0,0.0,0.0,0.0,0.0,0.0,0,0,0,-71613068345344.0,5.578699170224054e+28,7.669944859948323e+27,-0.0,1.0071001402781256e+27,-0.0,1.8991810689945188e+33,-26403.01,3.845024743061226e+22,-1.1551171358464918e+30,-1242.193,4121392903618560.0,0.0,0.0,0.0,0.0,0,1.3516416376850534e+27,226,0.0,452,0.0,5.5413446501399e+19,2114,52429,17109,0,17112,52429,17095,0,0,0,101,100,100,-107615248.0,65.4,-107615256.0,65.8,-0.0,65.5,1,49,50,180,52429,52429,0,0,0.0,0.0,0.0,60.0,3.013087920862003e+18,71.0,0.0,-0.0,0.0,1069,0,1069,0,0,0,1069,0,1080,0,999,0,658,0,659,0,654,0,677,0.032,1.4536034330083127e+22,2.004,2.73023467606737e+23,17680,16814,3.013087920862003e+18,-0.0,-0.0,-1.9705138950503488e+36,-1545652864.0,-2.9308603424833536e+16,50.0,60.0,35,0.0,0.0,10.0,2.0,0.0,0.0,0.0,0.0,0.0,0.0,0.0,0.0,0.0,0.0,0.0,0.0,58.8,53,12,65509,27,65476,0,300,0,0,8,20529,65476,0,0,30147,60.0,0.0,10.0,10.0,2.0,0.0
2026-02-16T12:37:21,ERR,ERR,ERR,ERR,ERR,ERR,ERR,ERR,ERR,ERR,ERR,ERR,ERR,ERR,ERR,ERR,ERR,ERR,ERR,ERR,ERR,ERR,ERR,ERR,ERR,ERR,ERR,ERR,ERR,ERR,ERR,ERR,ERR,ERR,ERR,ERR,ERR,ERR,ERR,ERR,ERR,ERR,ERR,ERR,ERR,ERR,ERR,ERR,ERR,ERR,ERR,ERR,ERR,ERR,ERR,ERR,ERR,ERR,ERR,ERR,ERR,ERR,ERR,ERR,ERR,ERR,ERR,ERR,ERR,ERR,ERR,ERR,ERR,ERR,ERR,ERR,ERR,ERR,ERR,ERR,ERR,ERR,ERR,ERR,ERR,ERR,ERR,ERR,ERR,ERR,ERR,ERR,ERR,ERR,ERR,ERR,ERR,ERR,ERR,ERR,ERR,ERR,ERR,ERR,ERR,ERR,ERR,ERR,ERR,ERR,ERR,ERR,ERR,ERR,ERR,ERR,ERR,ERR,ERR,ERR,ERR,ERR,ERR,ERR,ERR,0.0,107616352.0,0.0,0.0,71072154124288.0,0.0,-5.1809056858121174e+26,-18464.031,4300,0,8,17168,4300,0.0,41,0.0,0.0,0.0,0.0,2.7184166902131945e+23,0,0,0,0,0.0,0,0,0,0,0,0,0,0,0,0,0,0,0,0,0,0,0,0,0,0,0,0,0,0,0,0,0,0,0,0,0,0,0,10,38,37,48,65476,409,65476,1,0,4,21553,0.0,0.0,0.0,0.0,0.0,0.0,0.0,0.0,0.0,0.0,0.0,0.0,0.0,0.0,0.0,0.0,0.0,0.0,0.0,0.0,0.0,2.004,2.004,3.6970818999223845e+19,-0.0,-0.0,0.0,0.0,0.0,0.0,6615.0,0.0,0.0,0.0,107616352.0,2.7184503771384073e+23,-107616272.0,0.0,0.0,2.004,2.004,226,-0.0,-3.2220245344017747e+26,0.0,0.0,0.0,0.0,0.0,0.0,0.0,0,0,0,-71613068345344.0,5.578699170224054e+28,7.669944859948323e+27,-0.0,1.0071001402781256e+27,-0.0,1.8991810689945188e+33,-26403.01,3.845024743061226e+22,-1.1551171358464918e+30,-1242.193,4121392903618560.0,0.0,0.0,0.0,0.0,0,1.3516416376850534e+27,226,0.0,452,0.0,5.5413446501399e+19,2114,52429,17109,0,17112,52429,17095,0,0,0,101,100,100,-107615248.0,65.4,-107615256.0,65.8,-0.0,65.5,1,49,50,180,52429,52429,0,0,0.0,0.0,0.0,60.0,3.013087920862003e+18,71.0,0.0,-0.0,0.0,1069,0,1069,0,0,0,1069,0,1080,0,999,0,658,0,659,0,654,0,677,0.032,1.4536034330083127e+22,2.004,2.73023467606737e+23,17680,16814,3.013087920862003e+18,-0.0,-0.0,-1.9705138950503488e+36,-1545652864.0,-2.9308603424833536e+16,50.0,60.0,35,0.0,0.0,10.0,2.0,0.0,0.0,0.0,0.0,0.0,0.0,0.0,0.0,0.0,0.0,0.0,0.0,58.8,53,12,65509,27,65476,0,300,0,0,8,20529,65476,0,0,30147,60.0,0.0,10.0,10.0,2.0,0.0
2026-02-16T12:37:22,ERR,ERR,ERR,ERR,ERR,ERR,ERR,ERR,ERR,ERR,ERR,ERR,ERR,ERR,ERR,ERR,ERR,ERR,ERR,ERR,ERR,ERR,ERR,ERR,ERR,ERR,ERR,ERR,ERR,ERR,ERR,ERR,ERR,ERR,ERR,ERR,ERR,ERR,ERR,ERR,ERR,ERR,ERR,ERR,ERR,ERR,ERR,ERR,ERR,ERR,ERR,ERR,ERR,ERR,ERR,ERR,ERR,ERR,ERR,ERR,ERR,ERR,ERR,ERR,ERR,ERR,ERR,ERR,ERR,ERR,ERR,ERR,ERR,ERR,ERR,ERR,ERR,ERR,ERR,ERR,ERR,ERR,ERR,ERR,ERR,ERR,ERR,ERR,ERR,ERR,ERR,ERR,ERR,ERR,ERR,ERR,ERR,ERR,ERR,ERR,ERR,ERR,ERR,ERR,ERR,ERR,ERR,ERR,ERR,ERR,ERR,ERR,ERR,ERR,ERR,ERR,ERR,ERR,ERR,ERR,ERR,ERR,ERR,ERR,ERR,0.0,107616352.0,0.0,0.0,71072154124288.0,0.0,-5.1809056858121174e+26,-18464.031,4300,0,8,17168,4300,0.0,41,0.0,0.0,0.0,0.0,2.7184166902131945e+23,0,0,0,0,0.0,0,0,0,0,0,0,0,0,0,0,0,0,0,0,0,0,0,0,0,0,0,0,0,0,0,0,0,0,0,0,0,0,0,10,38,37,48,65476,409,65476,1,0,4,21553,0.0,0.0,0.0,0.0,0.0,0.0,0.0,0.0,0.0,0.0,0.0,0.0,0.0,0.0,0.0,0.0,0.0,0.0,0.0,0.0,0.0,2.004,2.004,3.6970818999223845e+19,-0.0,-0.0,0.0,0.0,0.0,0.0,6615.0,0.0,0.0,0.0,107616352.0,2.7184503771384073e+23,-107616272.0,0.0,0.0,2.004,2.004,226,-0.0,-3.2220245344017747e+26,0.0,0.0,0.0,0.0,0.0,0.0,0.0,0,0,0,-71613068345344.0,5.578699170224054e+28,7.669944859948323e+27,-0.0,1.0071001402781256e+27,-0.0,1.8991810689945188e+33,-26403.01,3.845024743061226e+22,-1.1551171358464918e+30,-1242.193,4121392903618560.0,0.0,0.0,0.0,0.0,0,1.3516416376850534e+27,226,0.0,452,0.0,5.5413446501399e+19,2114,52429,17109,0,17112,52429,17095,0,0,0,101,100,100,-107615248.0,65.4,-107615256.0,65.8,-0.0,65.5,1,49,50,180,52429,52429,0,0,0.0,0.0,0.0,60.0,3.013087920862003e+18,71.0,0.0,-0.0,0.0,1069,0,1069,0,0,0,1069,0,1080,0,999,0,658,0,659,0,654,0,677,0.032,1.4536034330083127e+22,2.004,2.73023467606737e+23,17680,16814,3.013087920862003e+18,-0.0,-0.0,-1.9705138950503488e+36,-1545652864.0,-2.9308603424833536e+16,50.0,60.0,35,0.0,0.0,10.0,2.0,0.0,0.0,0.0,0.0,0.0,0.0,0.0,0.0,0.0,0.0,0.0,0.0,59.2,53,12,65509,27,65476,0,300,0,0,8,20529,65476,0,0,30147,60.0,0.0,10.0,10.0,2.0,0.0
2026-02-16T12:37:23,ERR,ERR,ERR,ERR,ERR,ERR,ERR,ERR,ERR,ERR,ERR,ERR,ERR,ERR,ERR,ERR,ERR,ERR,ERR,ERR,ERR,ERR,ERR,ERR,ERR,ERR,ERR,ERR,ERR,ERR,ERR,ERR,ERR,ERR,ERR,ERR,ERR,ERR,ERR,ERR,ERR,ERR,ERR,ERR,ERR,ERR,ERR,ERR,ERR,ERR,ERR,ERR,ERR,ERR,ERR,ERR,ERR,ERR,ERR,ERR,ERR,ERR,ERR,ERR,ERR,ERR,ERR,ERR,ERR,ERR,ERR,ERR,ERR,ERR,ERR,ERR,ERR,ERR,ERR,ERR,ERR,ERR,ERR,ERR,ERR,ERR,ERR,ERR,ERR,ERR,ERR,ERR,ERR,ERR,ERR,ERR,ERR,ERR,ERR,ERR,ERR,ERR,ERR,ERR,ERR,ERR,ERR,ERR,ERR,ERR,ERR,ERR,ERR,ERR,ERR,ERR,ERR,ERR,ERR,ERR,ERR,ERR,ERR,ERR,ERR,0.0,107616352.0,0.0,0.0,71072154124288.0,-2.0314866754015388e+21,-0.0,-7.74764692247682e+22,4300,0,8,17169,4300,0.0,41,0.0,0.0,0.0,0.0,2.7184166902131945e+23,0,0,0,0,0.0,0,0,0,0,0,0,0,0,0,0,0,0,0,0,0,0,0,0,0,0,0,0,0,0,0,0,0,0,0,0,0,0,0,10,38,37,48,65476,410,65476,1,0,4,21553,0.0,0.0,0.0,0.0,0.0,0.0,0.0,0.0,0.0,0.0,0.0,0.0,0.0,0.0,0.0,0.0,0.0,0.0,0.0,0.0,0.0,2.004,2.004,3.6970818999223845e+19,-0.0,-0.0,0.0,0.0,0.0,0.0,6611.0,1.587938797847242e+29,0.0,0.0,2.7184527190102135e+23,2.7184503771384073e+23,-107616272.0,0.0,0.0,2.004,2.004,227,4.066853658014554e+29,0.0,0.0,0.0,0.0,0.0,0.0,0.0,0.0,0,0,0,-4.909406829194248e+18,0.0,3.372222943415733e+33,0.0,4.164572655260537e+32,1.938868221620781e+18,-0.0,-0.0,-8.629655533110539e+29,-1.2244417780464731e+30,-1346.193,4367683508240384.0,0.0,0.0,0.0,-940560128.0,0,1.3516416376850534e+27,227,0.0,454,0.0,5.5413446501399e+19,2114,52429,17109,0,17112,52429,17095,0,0,0,101,100,100,-107615248.0,65.4,-107615256.0,65.8,-0.0,65.5,1,49,50,180,52429,52429,0,0,0.0,0.0,0.0,60.0,3.013087920862003e+18,71.0,0.0,-0.0,0.0,1069,0,1069,0,0,0,1069,0,1080,0,999,0,658,0,659,0,654,0,677,0.032,1.4536034330083127e+22,2.004,2.73023467606737e+23,17680,16814,3.013087920862003e+18,-0.0,-0.0,-1.9705138950503488e+36,-1545652864.0,-2.9308603424833536e+16,50.0,60.0,35,0.0,0.0,10.0,2.0,0.0,0.0,0.0,0.0,0.0,0.0,0.0,0.0,0.0,0.0,0.0,0.0,59.2,53,12,65509,27,65476,0,300,0,0,8,20529,65476,0,0,30147,60.0,0.0,10.0,10.0,2.0,0.0
2026-02-16T12:37:24,ERR,ERR,ERR,ERR,ERR,ERR,ERR,ERR,ERR,ERR,ERR,ERR,ERR,ERR,ERR,ERR,ERR,ERR,ERR,ERR,ERR,ERR,ERR,ERR,ERR,ERR,ERR,ERR,ERR,ERR,ERR,ERR,ERR,ERR,ERR,ERR,ERR,ERR,ERR,ERR,ERR,ERR,ERR,ERR,ERR,ERR,ERR,ERR,ERR,ERR,ERR,ERR,ERR,ERR,ERR,ERR,ERR,ERR,ERR,ERR,ERR,ERR,ERR,ERR,ERR,ERR,ERR,ERR,ERR,ERR,ERR,ERR,ERR,ERR,ERR,ERR,ERR,ERR,ERR,ERR,ERR,ERR,ERR,ERR,ERR,ERR,ERR,ERR,ERR,ERR,ERR,ERR,ERR,ERR,ERR,ERR,ERR,ERR,ERR,ERR,ERR,ERR,ERR,ERR,ERR,ERR,ERR,ERR,ERR,ERR,ERR,ERR,ERR,ERR,ERR,ERR,ERR,ERR,ERR,ERR,ERR,ERR,ERR,ERR,ERR,0.0,107616352.0,0.0,0.0,71072154124288.0,-2.0314866754015388e+21,-0.0,-7.74764692247682e+22,4300,0,8,17169,4300,0.0,41,0.0,0.0,0.0,0.0,2.7184166902131945e+23,0,0,0,0,0.0,0,0,0,0,0,0,0,0,0,0,0,0,0,0,0,0,0,0,0,0,0,0,0,0,0,0,0,0,0,0,0,0,0,10,38,37,48,65476,410,65476,1,0,4,21553,0.0,0.0,0.0,0.0,0.0,0.0,0.0,0.0,0.0,0.0,0.0,0.0,0.0,0.0,0.0,0.0,0.0,0.0,0.0,0.0,0.0,2.004,2.004,3.6970818999223845e+19,-0.0,-0.0,0.0,0.0,0.0,0.0,6611.0,1.587938797847242e+29,0.0,0.0,2.7184527190102135e+23,2.7184503771384073e+23,-107616272.0,0.0,0.0,2.004,2.004,227,4.066853658014554e+29,0.0,0.0,0.0,0.0,0.0,0.0,0.0,0.0,0,0,0,-4.909406829194248e+18,0.0,3.372222943415733e+33,0.0,4.164572655260537e+32,1.938868221620781e+18,-0.0,-0.0,-8.629655533110539e+29,-1.2244417780464731e+30,-1346.193,4367683508240384.0,0.0,0.0,0.0,-940560128.0,0,1.3516416376850534e+27,227,0.0,454,0.0,5.5413446501399e+19,2114,52429,17109,0,17112,52429,17095,0,0,0,101,100,100,-107615248.0,65.4,-107615256.0,65.8,-0.0,65.5,1,49,50,180,52429,52429,0,0,0.0,0.0,0.0,60.0,5884937345433600.0,71.0,0.0,0.0,0.0,1069,0,1069,0,0,0,1069,0,1080,0,999,0,658,0,659,0,654,0,677,0.032,1.4462247353788288e+22,2.004,2.73023467606737e+23,62352,16813,4.4332132910067876e+20,0.0,0.0,-8.455410552253036e+32,957.025,0.0,50.0,60.0,35,0.0,0.0,10.0,2.0,0.0,0.0,0.0,0.0,0.0,0.0,0.0,0.0,0.0,0.0,0.0,0.0,58.8,53,12,65509,27,65476,0,300,0,0,8,20529,65476,0,0,30147,60.0,0.0,10.0,10.0,2.0,0.0
2026-02-16T12:37:25,ERR,ERR,ERR,ERR,ERR,ERR,ERR,ERR,ERR,ERR,ERR,ERR,ERR,ERR,ERR,ERR,ERR,ERR,ERR,ERR,ERR,ERR,ERR,ERR,ERR,ERR,ERR,ERR,ERR,ERR,ERR,ERR,ERR,ERR,ERR,ERR,ERR,ERR,ERR,ERR,ERR,ERR,ERR,ERR,ERR,ERR,ERR,ERR,ERR,ERR,ERR,ERR,ERR,ERR,ERR,ERR,ERR,ERR,ERR,ERR,ERR,ERR,ERR,ERR,ERR,ERR,ERR,ERR,ERR,ERR,ERR,ERR,ERR,ERR,ERR,ERR,ERR,ERR,ERR,ERR,ERR,ERR,ERR,ERR,ERR,ERR,ERR,ERR,ERR,ERR,ERR,ERR,ERR,ERR,ERR,ERR,ERR,ERR,ERR,ERR,ERR,ERR,ERR,ERR,ERR,ERR,ERR,ERR,ERR,ERR,ERR,ERR,ERR,ERR,ERR,ERR,ERR,ERR,ERR,ERR,ERR,ERR,ERR,ERR,ERR,0.0,107616352.0,0.0,0.0,71072154124288.0,-2.0314866754015388e+21,-0.0,-7.74764692247682e+22,4300,0,8,17169,4300,0.0,41,0.0,0.0,0.0,0.0,2.7184166902131945e+23,0,0,0,0,0.0,0,0,0,0,0,0,0,0,0,0,0,0,0,0,0,0,0,0,0,0,0,0,0,0,0,0,0,0,0,0,0,0,0,10,38,37,48,65476,410,65476,1,0,4,21553,0.0,0.0,0.0,0.0,0.0,0.0,0.0,0.0,0.0,0.0,0.0,0.0,0.0,0.0,0.0,0.0,0.0,0.0,0.0,0.0,0.0,2.004,2.004,3.6970818999223845e+19,-0.0,-0.0,0.0,0.0,0.0,0.0,6611.0,1.587938797847242e+29,0.0,0.0,2.7184527190102135e+23,2.7184503771384073e+23,-107616272.0,0.0,0.0,2.004,2.004,227,4.066853658014554e+29,0.0,0.0,0.0,0.0,0.0,0.0,0.0,0.0,0,0,0,-4.909406829194248e+18,0.0,3.372222943415733e+33,0.0,4.164572655260537e+32,1.938868221620781e+18,-0.0,-0.0,-8.629655533110539e+29,-1.2244417780464731e+30,-1346.193,4367683508240384.0,0.0,0.0,0.0,-940560128.0,0,1.3516416376850534e+27,227,0.0,454,0.0,5.5413446501399e+19,2114,52429,17109,0,17112,52429,17095,0,0,0,101,100,100,-107615248.0,65.4,-107615256.0,65.8,-0.0,65.5,1,49,50,180,52429,52429,0,0,0.0,0.0,0.0,60.0,5884937345433600.0,71.0,0.0,0.0,0.0,1069,0,1069,0,0,0,1069,0,1080,0,999,0,658,0,659,0,654,0,677,0.032,1.4462247353788288e+22,2.004,2.73023467606737e+23,62352,16813,4.4332132910067876e+20,0.0,0.0,-8.455410552253036e+32,957.025,0.0,50.0,60.0,35,0.0,0.0,10.0,2.0,0.0,0.0,0.0,0.0,0.0,0.0,0.0,0.0,0.0,0.0,0.0,0.0,58.8,53,12,65509,27,65476,0,300,0,0,8,20529,65476,0,0,30147,60.0,0.0,10.0,10.0,2.0,0.0
2026-02-16T12:37:26,ERR,ERR,ERR,ERR,ERR,ERR,ERR,ERR,ERR,ERR,ERR,ERR,ERR,ERR,ERR,ERR,ERR,ERR,ERR,ERR,ERR,ERR,ERR,ERR,ERR,ERR,ERR,ERR,ERR,ERR,ERR,ERR,ERR,ERR,ERR,ERR,ERR,ERR,ERR,ERR,ERR,ERR,ERR,ERR,ERR,ERR,ERR,ERR,ERR,ERR,ERR,ERR,ERR,ERR,ERR,ERR,ERR,ERR,ERR,ERR,ERR,ERR,ERR,ERR,ERR,ERR,ERR,ERR,ERR,ERR,ERR,ERR,ERR,ERR,ERR,ERR,ERR,ERR,ERR,ERR,ERR,ERR,ERR,ERR,ERR,ERR,ERR,ERR,ERR,ERR,ERR,ERR,ERR,ERR,ERR,ERR,ERR,ERR,ERR,ERR,ERR,ERR,ERR,ERR,ERR,ERR,ERR,ERR,ERR,ERR,ERR,ERR,ERR,ERR,ERR,ERR,ERR,ERR,ERR,ERR,ERR,ERR,ERR,ERR,ERR,0.0,107616352.0,0.0,0.0,71072154124288.0,-2.0314866754015388e+21,-0.0,-7.74764692247682e+22,4300,0,8,17169,4300,0.0,41,0.0,0.0,0.0,0.0,2.7184166902131945e+23,0,0,0,0,0.0,0,0,0,0,0,0,0,0,0,0,0,0,0,0,0,0,0,0,0,0,0,0,0,0,0,0,0,0,0,0,0,0,0,10,38,37,48,65476,410,65476,1,0,4,21553,0.0,0.0,0.0,0.0,0.0,0.0,0.0,0.0,0.0,0.0,0.0,0.0,0.0,0.0,0.0,0.0,0.0,0.0,0.0,0.0,0.0,2.004,2.004,3.6970818999223845e+19,-0.0,-0.0,0.0,0.0,0.0,0.0,6611.0,1.587938797847242e+29,0.0,0.0,2.7184527190102135e+23,2.7184503771384073e+23,-107616272.0,0.0,0.0,2.004,2.004,227,4.066853658014554e+29,0.0,0.0,0.0,0.0,0.0,0.0,0.0,0.0,0,0,0,-4.909406829194248e+18,0.0,3.372222943415733e+33,0.0,4.164572655260537e+32,1.938868221620781e+18,-0.0,-0.0,-8.629655533110539e+29,-1.2244417780464731e+30,-1346.193,4367683508240384.0,0.0,0.0,0.0,-940560128.0,0,1.3516416376850534e+27,227,0.0,454,0.0,5.5413446501399e+19,2114,52429,17109,0,17112,52429,17095,0,0,0,101,100,100,-107615248.0,65.4,-107615256.0,65.8,-0.0,65.5,1,49,50,180,52429,52429,0,0,0.0,0.0,0.0,60.0,5884937345433600.0,71.0,0.0,0.0,0.0,1069,0,1069,0,0,0,1069,0,1080,0,999,0,658,0,659,0,654,0,677,0.032,1.4462247353788288e+22,2.004,2.73023467606737e+23,62352,16813,4.4332132910067876e+20,0.0,0.0,-8.455410552253036e+32,957.025,0.0,50.0,60.0,35,0.0,0.0,10.0,2.0,0.0,0.0,0.0,0.0,0.0,0.0,0.0,0.0,0.0,0.0,0.0,0.0,58.8,53,12,65509,27,65476,0,300,0,0,8,20529,65476,0,0,30147,60.0,0.0,10.0,10.0,2.0,0.0
2026-02-16T12:37:27,ERR,ERR,ERR,ERR,ERR,ERR,ERR,ERR,ERR,ERR,ERR,ERR,ERR,ERR,ERR,ERR,ERR,ERR,ERR,ERR,ERR,ERR,ERR,ERR,ERR,ERR,ERR,ERR,ERR,ERR,ERR,ERR,ERR,ERR,ERR,ERR,ERR,ERR,ERR,ERR,ERR,ERR,ERR,ERR,ERR,ERR,ERR,ERR,ERR,ERR,ERR,ERR,ERR,ERR,ERR,ERR,ERR,ERR,ERR,ERR,ERR,ERR,ERR,ERR,ERR,ERR,ERR,ERR,ERR,ERR,ERR,ERR,ERR,ERR,ERR,ERR,ERR,ERR,ERR,ERR,ERR,ERR,ERR,ERR,ERR,ERR,ERR,ERR,ERR,ERR,ERR,ERR,ERR,ERR,ERR,ERR,ERR,ERR,ERR,ERR,ERR,ERR,ERR,ERR,ERR,ERR,ERR,ERR,ERR,ERR,ERR,ERR,ERR,ERR,ERR,ERR,ERR,ERR,ERR,ERR,ERR,ERR,ERR,ERR,ERR,0.0,107616352.0,0.0,0.0,71072154124288.0,-2.0314866754015388e+21,-0.0,-7.74764692247682e+22,4300,0,8,17169,4300,0.0,41,0.0,0.0,0.0,0.0,2.7184166902131945e+23,0,0,0,0,0.0,0,0,0,0,0,0,0,0,0,0,0,0,0,0,0,0,0,0,0,0,0,0,0,0,0,0,0,0,0,0,0,0,0,10,38,37,48,65476,410,65476,1,0,4,21553,0.0,0.0,0.0,0.0,0.0,0.0,0.0,0.0,0.0,0.0,0.0,0.0,0.0,0.0,0.0,0.0,0.0,0.0,0.0,0.0,0.0,2.004,2.004,3.6970818999223845e+19,-0.0,-0.0,0.0,0.0,0.0,0.0,6611.0,1.587938797847242e+29,0.0,0.0,2.7184527190102135e+23,2.7184503771384073e+23,-107616272.0,0.0,0.0,2.004,2.004,227,4.066853658014554e+29,0.0,0.0,0.0,0.0,0.0,0.0,0.0,0.0,0,0,0,-4.909406829194248e+18,0.0,3.372222943415733e+33,0.0,4.164572655260537e+32,1.938868221620781e+18,-0.0,-0.0,-8.629655533110539e+29,-1.2244417780464731e+30,-1346.193,4367683508240384.0,0.0,0.0,0.0,-940560128.0,0,1.3516416376850534e+27,227,0.0,454,0.0,5.5413446501399e+19,2114,52429,17109,0,17112,52429,17095,0,0,0,101,100,100,-107615248.0,65.4,-107615256.0,65.8,-0.0,65.5,1,49,50,180,52429,52429,0,0,0.0,0.0,0.0,60.0,5884937345433600.0,71.0,0.0,0.0,0.0,1069,0,1069,0,0,0,1069,0,1080,0,999,0,658,0,659,0,654,0,677,0.032,1.4462247353788288e+22,2.004,2.73023467606737e+23,62352,16813,4.4332132910067876e+20,0.0,0.0,-8.455410552253036e+32,957.025,0.0,50.0,60.0,35,0.0,0.0,10.0,2.0,0.0,0.0,0.0,0.0,0.0,0.0,0.0,0.0,0.0,0.0,0.0,0.0,58.8,53,12,65509,27,65476,0,300,0,0,8,20529,65476,0,0,30147,60.0,0.0,10.0,10.0,2.0,0.0
2026-02-16T12:37:28,ERR,ERR,ERR,ERR,ERR,ERR,ERR,ERR,ERR,ERR,ERR,ERR,ERR,ERR,ERR,ERR,ERR,ERR,ERR,ERR,ERR,ERR,ERR,ERR,ERR,ERR,ERR,ERR,ERR,ERR,ERR,ERR,ERR,ERR,ERR,ERR,ERR,ERR,ERR,ERR,ERR,ERR,ERR,ERR,ERR,ERR,ERR,ERR,ERR,ERR,ERR,ERR,ERR,ERR,ERR,ERR,ERR,ERR,ERR,ERR,ERR,ERR,ERR,ERR,ERR,ERR,ERR,ERR,ERR,ERR,ERR,ERR,ERR,ERR,ERR,ERR,ERR,ERR,ERR,ERR,ERR,ERR,ERR,ERR,ERR,ERR,ERR,ERR,ERR,ERR,ERR,ERR,ERR,ERR,ERR,ERR,ERR,ERR,ERR,ERR,ERR,ERR,ERR,ERR,ERR,ERR,ERR,ERR,ERR,ERR,ERR,ERR,ERR,ERR,ERR,ERR,ERR,ERR,ERR,ERR,ERR,ERR,ERR,ERR,ERR,0.0,2.7184527190102135e+23,-0.0,0.0,-0.031,0.195,1621327104.0,-8.683418990963764e+32,4300,0,8,17169,4300,0.0,41,0.0,0.0,0.0,0.0,2.7184166902131945e+23,0,0,0,0,0.0,0,0,0,0,0,0,0,0,0,0,0,0,0,0,0,0,0,0,0,0,0,0,0,0,0,0,0,0,0,0,0,0,0,10,38,37,47,65476,410,65476,1,0,4,21553,0.0,0.0,0.0,0.0,0.0,0.0,0.0,0.0,0.0,0.0,0.0,0.0,0.0,0.0,0.0,0.0,0.0,0.0,0.0,0.0,0.0,2.004,2.004,-0.0,-2.004,2.004,0.0,0.0,0.0,0.0,6613.0,-0.0,0.0,0.0,2.7184527190102135e+23,-0.0,-0.0,0.0,0.0,2.004,2.004,228,5.848055683159391e+35,71.63,0.0,0.0,0.0,0.0,0.0,0.0,0.0,0,0,0,-9.768011063583801e+29,-0.0,1.9734094044610538e+30,396391054573568.0,3611032408817664.0,-2.602765547605217e+31,5.384,9.648264921770486e+36,-0.001,-1.3198822402646795e+30,-1458.193,4724348598353920.0,0.0,0.0,0.0,-0.0,0,1.3516416376850534e+27,228,0.0,454,-621855232.0,5.6142779363101766e+35,2114,52429,17109,0,17112,52429,17095,0,0,0,101,100,100,-107615248.0,65.4,-107615256.0,65.8,-0.0,65.5,1,49,50,180,52429,52429,0,0,0.0,0.0,0.0,60.0,4299433705472.0,71.0,0.0,0.0,0.0,1069,0,1069,0,0,0,1069,0,1080,0,999,0,658,0,659,0,654,0,677,0.032,1.4609821306377965e+22,2.004,2.73023467606737e+23,2192,16814,8.658619708997632e+17,-0.0,-0.0,0.0,-22315818.0,-1198469016453120.0,50.0,60.0,35,0.0,0.0,10.0,2.0,0.0,0.0,0.0,0.0,0.0,0.0,0.0,0.0,0.0,0.0,0.0,0.0,58.8,53,12,65509,27,65476,0,300,0,0,8,20529,65476,0,0,30147,60.0,0.0,10.0,10.0,2.0,0.0
2026-02-16T12:37:29,ERR,ERR,ERR,ERR,ERR,ERR,ERR,ERR,ERR,ERR,ERR,ERR,ERR,ERR,ERR,ERR,ERR,ERR,ERR,ERR,ERR,ERR,ERR,ERR,ERR,ERR,ERR,ERR,ERR,ERR,ERR,ERR,ERR,ERR,ERR,ERR,ERR,ERR,ERR,ERR,ERR,ERR,ERR,ERR,ERR,ERR,ERR,ERR,ERR,ERR,ERR,ERR,ERR,ERR,ERR,ERR,ERR,ERR,ERR,ERR,ERR,ERR,ERR,ERR,ERR,ERR,ERR,ERR,ERR,ERR,ERR,ERR,ERR,ERR,ERR,ERR,ERR,ERR,ERR,ERR,ERR,ERR,ERR,ERR,ERR,ERR,ERR,ERR,ERR,ERR,ERR,ERR,ERR,ERR,ERR,ERR,ERR,ERR,ERR,ERR,ERR,ERR,ERR,ERR,ERR,ERR,ERR,ERR,ERR,ERR,ERR,ERR,ERR,ERR,ERR,ERR,ERR,ERR,ERR,ERR,ERR,ERR,ERR,ERR,ERR,0.0,2.7184527190102135e+23,-0.0,0.0,-0.031,0.195,1621327104.0,-8.683418990963764e+32,4300,0,8,17169,4300,0.0,41,0.0,0.0,0.0,0.0,2.7184166902131945e+23,0,0,0,0,0.0,0,0,0,0,0,0,0,0,0,0,0,0,0,0,0,0,0,0,0,0,0,0,0,0,0,0,0,0,0,0,0,0,0,10,38,37,47,65476,410,65476,1,0,4,21553,0.0,0.0,0.0,0.0,0.0,0.0,0.0,0.0,0.0,0.0,0.0,0.0,0.0,0.0,0.0,0.0,0.0,0.0,0.0,0.0,0.0,2.004,2.004,-0.0,-2.004,2.004,0.0,0.0,0.0,0.0,6613.0,-0.0,0.0,0.0,2.7184527190102135e+23,-0.0,-0.0,0.0,0.0,2.004,2.004,228,5.848055683159391e+35,71.63,0.0,0.0,0.0,0.0,0.0,0.0,0.0,0,0,0,-9.768011063583801e+29,-0.0,1.9734094044610538e+30,396391054573568.0,3611032408817664.0,-2.602765547605217e+31,5.384,9.648264921770486e+36,-0.001,-1.3198822402646795e+30,-1458.193,4724348598353920.0,0.0,0.0,0.0,-0.0,0,1.3516416376850534e+27,228,0.0,454,-621855232.0,5.6142779363101766e+35,2114,52429,17109,0,17112,52429,17095,0,0,0,101,100,100,-107615248.0,65.4,-107615256.0,65.8,-0.0,65.5,1,49,50,180,52429,52429,0,0,0.0,0.0,0.0,60.0,4299433705472.0,71.0,0.0,0.0,0.0,1069,0,1069,0,0,0,1069,0,1080,0,999,0,658,0,659,0,654,0,677,0.032,1.4609821306377965e+22,2.004,2.73023467606737e+23,2192,16814,8.658619708997632e+17,-0.0,-0.0,0.0,-22315818.0,-1198469016453120.0,50.0,60.0,35,0.0,0.0,10.0,2.0,0.0,0.0,0.0,0.0,0.0,0.0,0.0,0.0,0.0,0.0,0.0,0.0,58.8,53,12,65509,27,65476,0,300,0,0,8,20529,65476,0,0,30147,60.0,0.0,10.0,10.0,2.0,0.0
2026-02-16T12:37:30,ERR,ERR,ERR,ERR,ERR,ERR,ERR,ERR,ERR,ERR,ERR,ERR,ERR,ERR,ERR,ERR,ERR,ERR,ERR,ERR,ERR,ERR,ERR,ERR,ERR,ERR,ERR,ERR,ERR,ERR,ERR,ERR,ERR,ERR,ERR,ERR,ERR,ERR,ERR,ERR,ERR,ERR,ERR,ERR,ERR,ERR,ERR,ERR,ERR,ERR,ERR,ERR,ERR,ERR,ERR,ERR,ERR,ERR,ERR,ERR,ERR,ERR,ERR,ERR,ERR,ERR,ERR,ERR,ERR,ERR,ERR,ERR,ERR,ERR,ERR,ERR,ERR,ERR,ERR,ERR,ERR,ERR,ERR,ERR,ERR,ERR,ERR,ERR,ERR,ERR,ERR,ERR,ERR,ERR,ERR,ERR,ERR,ERR,ERR,ERR,ERR,ERR,ERR,ERR,ERR,ERR,ERR,ERR,ERR,ERR,ERR,ERR,ERR,ERR,ERR,ERR,ERR,ERR,ERR,ERR,ERR,ERR,ERR,ERR,ERR,0.0,2.7184527190102135e+23,-0.0,0.0,-0.031,0.195,1621327104.0,-8.683418990963764e+32,4300,0,8,17169,4300,0.0,41,0.0,0.0,0.0,0.0,2.7184166902131945e+23,0,0,0,0,0.0,0,0,0,0,0,0,0,0,0,0,0,0,0,0,0,0,0,0,0,0,0,0,0,0,0,0,0,0,0,0,0,0,0,10,38,37,47,65476,410,65476,1,0,4,21553,0.0,0.0,0.0,0.0,0.0,0.0,0.0,0.0,0.0,0.0,0.0,0.0,0.0,0.0,0.0,0.0,0.0,0.0,0.0,0.0,0.0,2.004,2.004,-0.0,-2.004,2.004,0.0,0.0,0.0,0.0,6613.0,-0.0,0.0,0.0,2.7184527190102135e+23,-0.0,-0.0,0.0,0.0,2.004,2.004,228,5.848055683159391e+35,71.63,0.0,0.0,0.0,0.0,0.0,0.0,0.0,0,0,0,-9.768011063583801e+29,-0.0,1.9734094044610538e+30,396391054573568.0,3611032408817664.0,-2.602765547605217e+31,5.384,9.648264921770486e+36,-0.001,-1.3198822402646795e+30,-1458.193,4724348598353920.0,0.0,0.0,0.0,-0.0,0,1.3516416376850534e+27,228,0.0,454,-621855232.0,5.6142779363101766e+35,2114,52429,17109,0,17112,52429,17095,0,0,0,101,100,100,-107615248.0,65.4,-107615256.0,65.8,-0.0,65.5,1,49,50,180,52429,52429,0,0,0.0,0.0,0.0,60.0,4299433705472.0,71.0,0.0,0.0,0.0,1069,0,1069,0,0,0,1069,0,1080,0,999,0,658,0,659,0,654,0,677,0.032,1.4609821306377965e+22,2.004,2.73023467606737e+23,2192,16814,8.658619708997632e+17,-0.0,-0.0,0.0,-22315818.0,-1198469016453120.0,50.0,60.0,35,0.0,0.0,10.0,2.0,0.0,0.0,0.0,0.0,0.0,0.0,0.0,0.0,0.0,0.0,0.0,0.0,58.8,53,12,65509,27,65476,0,300,0,0,8,20529,65476,0,0,30147,60.0,0.0,10.0,10.0,2.0,0.0
2026-02-16T12:37:31,ERR,ERR,ERR,ERR,ERR,ERR,ERR,ERR,ERR,ERR,ERR,ERR,ERR,ERR,ERR,ERR,ERR,ERR,ERR,ERR,ERR,ERR,ERR,ERR,ERR,ERR,ERR,ERR,ERR,ERR,ERR,ERR,ERR,ERR,ERR,ERR,ERR,ERR,ERR,ERR,ERR,ERR,ERR,ERR,ERR,ERR,ERR,ERR,ERR,ERR,ERR,ERR,ERR,ERR,ERR,ERR,ERR,ERR,ERR,ERR,ERR,ERR,ERR,ERR,ERR,ERR,ERR,ERR,ERR,ERR,ERR,ERR,ERR,ERR,ERR,ERR,ERR,ERR,ERR,ERR,ERR,ERR,ERR,ERR,ERR,ERR,ERR,ERR,ERR,ERR,ERR,ERR,ERR,ERR,ERR,ERR,ERR,ERR,ERR,ERR,ERR,ERR,ERR,ERR,ERR,ERR,ERR,ERR,ERR,ERR,ERR,ERR,ERR,ERR,ERR,ERR,ERR,ERR,ERR,ERR,ERR,ERR,ERR,ERR,ERR,0.0,2.7184527190102135e+23,-0.0,0.0,-0.031,0.195,1621327104.0,-8.683418990963764e+32,4300,0,8,17169,4300,0.0,41,0.0,0.0,0.0,0.0,2.7184166902131945e+23,0,0,0,0,0.0,0,0,0,0,0,0,0,0,0,0,0,0,0,0,0,0,0,0,0,0,0,0,0,0,0,0,0,0,0,0,0,0,0,10,38,37,47,65476,410,65476,1,0,4,21553,0.0,0.0,0.0,0.0,0.0,0.0,0.0,0.0,0.0,0.0,0.0,0.0,0.0,0.0,0.0,0.0,0.0,0.0,0.0,0.0,0.0,2.004,2.004,-0.0,-2.004,2.004,0.0,0.0,0.0,0.0,6613.0,-0.0,0.0,0.0,2.7184527190102135e+23,-0.0,-0.0,0.0,0.0,2.004,2.004,228,5.848055683159391e+35,71.63,0.0,0.0,0.0,0.0,0.0,0.0,0.0,0,0,0,-9.768011063583801e+29,-0.0,1.9734094044610538e+30,396391054573568.0,3611032408817664.0,-2.602765547605217e+31,5.384,9.648264921770486e+36,-0.001,-1.3198822402646795e+30,-1458.193,4724348598353920.0,0.0,0.0,0.0,-0.0,0,1.3516416376850534e+27,228,0.0,454,-621855232.0,5.6142779363101766e+35,2114,52429,17109,0,17112,52429,17095,0,0,0,101,100,100,-107615248.0,65.4,-107615256.0,65.8,-0.0,65.5,1,49,50,180,52429,52429,0,0,0.0,0.0,0.0,60.0,652054284468224.0,71.0,0.0,-0.0,0.0,1069,0,1069,0,0,0,1069,0,1080,0,999,0,658,0,659,0,654,0,676,0.032,1.4609821306377965e+22,2.004,2.73023467606737e+23,14992,16814,652054284468224.0,-0.0,3.0132544306847705e+26,8.711441001693028e+33,-0.0,-0.0,50.0,60.0,35,0.0,0.0,10.0,2.0,0.0,0.0,0.0,0.0,0.0,0.0,0.0,0.0,0.0,0.0,0.0,0.0,58.8,53,12,65509,27,65476,0,300,0,0,8,20529,65476,0,0,30147,60.0,0.0,10.0,10.0,2.0,0.0
2026-02-16T12:37:32,ERR,ERR,ERR,ERR,ERR,ERR,ERR,ERR,ERR,ERR,ERR,ERR,ERR,ERR,ERR,ERR,ERR,ERR,ERR,ERR,ERR,ERR,ERR,ERR,ERR,ERR,ERR,ERR,ERR,ERR,ERR,ERR,ERR,ERR,ERR,ERR,ERR,ERR,ERR,ERR,ERR,ERR,ERR,ERR,ERR,ERR,ERR,ERR,ERR,ERR,ERR,ERR,ERR,ERR,ERR,ERR,ERR,ERR,ERR,ERR,ERR,ERR,ERR,ERR,ERR,ERR,ERR,ERR,ERR,ERR,ERR,ERR,ERR,ERR,ERR,ERR,ERR,ERR,ERR,ERR,ERR,ERR,ERR,ERR,ERR,ERR,ERR,ERR,ERR,ERR,ERR,ERR,ERR,ERR,ERR,ERR,ERR,ERR,ERR,ERR,ERR,ERR,ERR,ERR,ERR,ERR,ERR,ERR,ERR,ERR,ERR,ERR,ERR,ERR,ERR,ERR,ERR,ERR,ERR,ERR,ERR,ERR,ERR,ERR,ERR,0.0,2.7184527190102135e+23,-0.0,0.0,-0.031,0.195,1621327104.0,-8.683418990963764e+32,4300,0,8,17169,4300,0.0,41,0.0,0.0,0.0,0.0,2.7184166902131945e+23,0,0,0,0,0.0,0,0,0,0,0,0,0,0,0,0,0,0,0,0,0,0,0,0,0,0,0,0,0,0,0,0,0,0,0,0,0,0,0,10,38,37,47,65476,410,65476,1,0,4,21553,0.0,0.0,0.0,0.0,0.0,0.0,0.0,0.0,0.0,0.0,0.0,0.0,0.0,0.0,0.0,0.0,0.0,0.0,0.0,0.0,0.0,2.004,2.004,-0.0,-2.004,2.004,0.0,0.0,0.0,0.0,6613.0,-0.0,0.0,0.0,2.7184527190102135e+23,-0.0,-0.0,0.0,0.0,2.004,2.004,228,5.848055683159391e+35,71.63,0.0,0.0,0.0,0.0,0.0,0.0,0.0,0,0,0,-9.768011063583801e+29,-0.0,1.9734094044610538e+30,396391054573568.0,3611032408817664.0,-2.602765547605217e+31,5.384,9.648264921770486e+36,-0.001,-1.3198822402646795e+30,-1458.193,4724348598353920.0,0.0,0.0,0.0,-0.0,0,1.3516416376850534e+27,228,0.0,454,-621855232.0,5.6142779363101766e+35,2114,52429,17109,0,17112,52429,17095,0,0,0,101,100,100,-107615248.0,65.4,-107615256.0,65.8,-0.0,65.5,1,49,50,180,52429,52429,0,0,0.0,0.0,0.0,60.0,652054284468224.0,71.0,0.0,-0.0,0.0,1069,0,1069,0,0,0,1069,0,1080,0,999,0,658,0,659,0,654,0,676,0.032,1.4609821306377965e+22,2.004,2.73023467606737e+23,14992,16814,652054284468224.0,-0.0,3.0132544306847705e+26,8.711441001693028e+33,-0.0,-0.0,50.0,60.0,35,0.0,0.0,10.0,2.0,0.0,0.0,0.0,0.0,0.0,0.0,0.0,0.0,0.0,0.0,0.0,0.0,58.8,53,12,65509,27,65476,0,300,0,0,8,20529,65476,0,0,30147,60.0,0.0,10.0,10.0,2.0,0.0
2026-02-16T12:37:33,ERR,ERR,ERR,ERR,ERR,ERR,ERR,ERR,ERR,ERR,ERR,ERR,ERR,ERR,ERR,ERR,ERR,ERR,ERR,ERR,ERR,ERR,ERR,ERR,ERR,ERR,ERR,ERR,ERR,ERR,ERR,ERR,ERR,ERR,ERR,ERR,ERR,ERR,ERR,ERR,ERR,ERR,ERR,ERR,ERR,ERR,ERR,ERR,ERR,ERR,ERR,ERR,ERR,ERR,ERR,ERR,ERR,ERR,ERR,ERR,ERR,ERR,ERR,ERR,ERR,ERR,ERR,ERR,ERR,ERR,ERR,ERR,ERR,ERR,ERR,ERR,ERR,ERR,ERR,ERR,ERR,ERR,ERR,ERR,ERR,ERR,ERR,ERR,ERR,ERR,ERR,ERR,ERR,ERR,ERR,ERR,ERR,ERR,ERR,ERR,ERR,ERR,ERR,ERR,ERR,ERR,ERR,ERR,ERR,ERR,ERR,ERR,ERR,ERR,ERR,ERR,ERR,ERR,ERR,ERR,ERR,ERR,ERR,ERR,ERR,0.0,2.7184527190102135e+23,-0.0,0.0,-0.031,-8.867007150484687e+28,-20483570.0,49.563,4300,0,8,17169,4300,0.0,41,0.0,0.0,0.0,0.0,2.7184166902131945e+23,0,0,0,0,0.0,0,0,0,0,0,0,0,0,0,0,0,0,0,0,0,0,0,0,0,0,0,0,0,0,0,0,0,0,0,0,0,0,0,9,38,38,47,65476,410,65476,1,0,4,21553,0.0,0.0,0.0,0.0,0.0,0.0,0.0,0.0,0.0,0.0,0.0,0.0,0.0,0.0,0.0,0.0,0.0,0.0,0.0,0.0,0.0,2.004,2.004,-0.0,-3.697074863047967e+19,2.004,0.0,0.0,0.0,0.0,6614.0,-0.0,0.0,0.0,2.7184527190102135e+23,-107616248.0,-0.0,0.0,0.0,2.004,2.004,227,-0.0,71.63,0.0,0.0,0.0,0.0,0.0,0.0,0.0,0,0,0,-1.210916108008032e+25,0.015,1.6019630224240194e+36,-6.509156483076826e+27,nan,-7.4453310881305436e+22,-0.0,-1.433484380903857e+28,-0.0,-1.438724484036076e+30,-1554.193,5146561063419904.0,0.0,0.0,0.0,-1.1979146524501955e+33,0,1.3516416376850534e+27,227,0.0,452,-621855232.0,5.6142779363101766e+35,2114,52429,17109,0,17112,52429,17095,0,0,0,101,100,100,-107615248.0,65.4,-107615256.0,65.8,-0.0,65.5,1,49,50,180,52429,52429,0,0,0.0,0.0,0.0,60.0,652054284468224.0,71.0,0.0,-0.0,0.0,1069,0,1069,0,0,0,1069,0,1080,0,999,0,658,0,659,0,654,0,676,0.032,1.4609821306377965e+22,2.004,2.73023467606737e+23,14992,16814,652054284468224.0,-0.0,3.0132544306847705e+26,8.711441001693028e+33,-0.0,-0.0,50.0,60.0,35,0.0,0.0,10.0,2.0,0.0,0.0,0.0,0.0,0.0,0.0,0.0,0.0,0.0,0.0,0.0,0.0,58.8,53,12,65510,27,65476,0,300,0,0,8,20529,65476,0,0,30147,60.0,0.0,10.0,10.0,2.0,0.0
2026-02-16T12:37:34,ERR,ERR,ERR,ERR,ERR,ERR,ERR,ERR,ERR,ERR,ERR,ERR,ERR,ERR,ERR,ERR,ERR,ERR,ERR,ERR,ERR,ERR,ERR,ERR,ERR,ERR,ERR,ERR,ERR,ERR,ERR,ERR,ERR,ERR,ERR,ERR,ERR,ERR,ERR,ERR,ERR,ERR,ERR,ERR,ERR,ERR,ERR,ERR,ERR,ERR,ERR,ERR,ERR,ERR,ERR,ERR,ERR,ERR,ERR,ERR,ERR,ERR,ERR,ERR,ERR,ERR,ERR,ERR,ERR,ERR,ERR,ERR,ERR,ERR,ERR,ERR,ERR,ERR,ERR,ERR,ERR,ERR,ERR,ERR,ERR,ERR,ERR,ERR,ERR,ERR,ERR,ERR,ERR,ERR,ERR,ERR,ERR,ERR,ERR,ERR,ERR,ERR,ERR,ERR,ERR,ERR,ERR,ERR,ERR,ERR,ERR,ERR,ERR,ERR,ERR,ERR,ERR,ERR,ERR,ERR,ERR,ERR,ERR,ERR,ERR,0.0,2.7184527190102135e+23,-0.0,0.0,-0.031,-8.867007150484687e+28,-20483570.0,49.563,4300,0,8,17169,4300,0.0,41,0.0,0.0,0.0,0.0,2.7184166902131945e+23,0,0,0,0,0.0,0,0,0,0,0,0,0,0,0,0,0,0,0,0,0,0,0,0,0,0,0,0,0,0,0,0,0,0,0,0,0,0,0,9,38,38,47,65476,410,65476,1,0,4,21553,0.0,0.0,0.0,0.0,0.0,0.0,0.0,0.0,0.0,0.0,0.0,0.0,0.0,0.0,0.0,0.0,0.0,0.0,0.0,0.0,0.0,2.004,2.004,-0.0,-3.697074863047967e+19,2.004,0.0,0.0,0.0,0.0,6614.0,-0.0,0.0,0.0,2.7184527190102135e+23,-107616248.0,-0.0,0.0,0.0,2.004,2.004,227,-0.0,71.63,0.0,0.0,0.0,0.0,0.0,0.0,0.0,0,0,0,-1.210916108008032e+25,0.015,1.6019630224240194e+36,-6.509156483076826e+27,nan,-7.4453310881305436e+22,-0.0,-1.433484380903857e+28,-0.0,-1.438724484036076e+30,-1554.193,5146561063419904.0,0.0,0.0,0.0,-1.1979146524501955e+33,0,1.3516416376850534e+27,227,0.0,452,-621855232.0,5.6142779363101766e+35,2114,52429,17109,0,17112,52429,17095,0,0,0,101,100,100,-107615248.0,65.4,-107615256.0,65.8,-0.0,65.5,1,49,50,180,52429,52429,0,0,0.0,0.0,0.0,60.0,652054284468224.0,71.0,0.0,-0.0,0.0,1069,0,1069,0,0,0,1069,0,1080,0,999,0,658,0,659,0,654,0,676,0.032,1.4609821306377965e+22,2.004,2.73023467606737e+23,14992,16814,652054284468224.0,-0.0,3.0132544306847705e+26,8.711441001693028e+33,-0.0,-0.0,50.0,60.0,35,0.0,0.0,10.0,2.0,0.0,0.0,0.0,0.0,0.0,0.0,0.0,0.0,0.0,0.0,0.0,0.0,58.8,53,12,65510,27,65476,0,300,0,0,8,20529,65476,0,0,30147,60.0,0.0,10.0,10.0,2.0,0.0
2026-02-16T12:37:35,ERR,ERR,ERR,ERR,ERR,ERR,ERR,ERR,ERR,ERR,ERR,ERR,ERR,ERR,ERR,ERR,ERR,ERR,ERR,ERR,ERR,ERR,ERR,ERR,ERR,ERR,ERR,ERR,ERR,ERR,ERR,ERR,ERR,ERR,ERR,ERR,ERR,ERR,ERR,ERR,ERR,ERR,ERR,ERR,ERR,ERR,ERR,ERR,ERR,ERR,ERR,ERR,ERR,ERR,ERR,ERR,ERR,ERR,ERR,ERR,ERR,ERR,ERR,ERR,ERR,ERR,ERR,ERR,ERR,ERR,ERR,ERR,ERR,ERR,ERR,ERR,ERR,ERR,ERR,ERR,ERR,ERR,ERR,ERR,ERR,ERR,ERR,ERR,ERR,ERR,ERR,ERR,ERR,ERR,ERR,ERR,ERR,ERR,ERR,ERR,ERR,ERR,ERR,ERR,ERR,ERR,ERR,ERR,ERR,ERR,ERR,ERR,ERR,ERR,ERR,ERR,ERR,ERR,ERR,ERR,ERR,ERR,ERR,ERR,ERR,0.0,2.7184527190102135e+23,-0.0,0.0,-0.031,-8.867007150484687e+28,-20483570.0,49.563,4300,0,8,17169,4300,0.0,41,0.0,0.0,0.0,0.0,2.7184166902131945e+23,0,0,0,0,0.0,0,0,0,0,0,0,0,0,0,0,0,0,0,0,0,0,0,0,0,0,0,0,0,0,0,0,0,0,0,0,0,0,0,9,38,38,47,65476,410,65476,1,0,4,21553,0.0,0.0,0.0,0.0,0.0,0.0,0.0,0.0,0.0,0.0,0.0,0.0,0.0,0.0,0.0,0.0,0.0,0.0,0.0,0.0,0.0,2.004,2.004,-0.0,-3.697074863047967e+19,2.004,0.0,0.0,0.0,0.0,6614.0,-0.0,0.0,0.0,2.7184527190102135e+23,-107616248.0,-0.0,0.0,0.0,2.004,2.004,227,-0.0,71.63,0.0,0.0,0.0,0.0,0.0,0.0,0.0,0,0,0,-1.210916108008032e+25,0.015,1.6019630224240194e+36,-6.509156483076826e+27,nan,-7.4453310881305436e+22,-0.0,-1.433484380903857e+28,-0.0,-1.438724484036076e+30,-1554.193,5146561063419904.0,0.0,0.0,0.0,-1.1979146524501955e+33,0,1.3516416376850534e+27,227,0.0,452,-621855232.0,5.6142779363101766e+35,2114,52429,17109,0,17112,52429,17095,0,0,0,101,100,100,-107615248.0,65.4,-107615256.0,65.8,-0.0,65.5,1,49,50,180,52429,52429,0,0,0.0,0.0,0.0,60.0,937419472896.0,71.0,0.0,-0.0,0.0,1069,0,1069,0,0,0,1069,0,1080,0,999,0,658,0,659,0,654,0,676,0.032,1.4536034330083127e+22,0.0,0.0,59536,16813,8.658619708997632e+17,-0.0,-0.0,0.0,-22315818.0,-1198469016453120.0,50.0,60.0,35,0.0,0.0,10.0,2.0,0.0,0.0,0.0,0.0,0.0,0.0,0.0,0.0,0.0,0.0,0.0,0.0,58.8,53,12,65510,27,65476,0,300,0,0,8,20529,65476,0,0,30147,60.0,0.0,10.0,10.0,2.0,0.0
2026-02-16T12:37:36,ERR,ERR,ERR,ERR,ERR,ERR,ERR,ERR,ERR,ERR,ERR,ERR,ERR,ERR,ERR,ERR,ERR,ERR,ERR,ERR,ERR,ERR,ERR,ERR,ERR,ERR,ERR,ERR,ERR,ERR,ERR,ERR,ERR,ERR,ERR,ERR,ERR,ERR,ERR,ERR,ERR,ERR,ERR,ERR,ERR,ERR,ERR,ERR,ERR,ERR,ERR,ERR,ERR,ERR,ERR,ERR,ERR,ERR,ERR,ERR,ERR,ERR,ERR,ERR,ERR,ERR,ERR,ERR,ERR,ERR,ERR,ERR,ERR,ERR,ERR,ERR,ERR,ERR,ERR,ERR,ERR,ERR,ERR,ERR,ERR,ERR,ERR,ERR,ERR,ERR,ERR,ERR,ERR,ERR,ERR,ERR,ERR,ERR,ERR,ERR,ERR,ERR,ERR,ERR,ERR,ERR,ERR,ERR,ERR,ERR,ERR,ERR,ERR,ERR,ERR,ERR,ERR,ERR,ERR,ERR,ERR,ERR,ERR,ERR,ERR,0.0,2.7184527190102135e+23,-0.0,0.0,-0.031,-8.867007150484687e+28,-20483570.0,49.563,4300,0,8,17169,4300,0.0,41,0.0,0.0,0.0,0.0,2.7184166902131945e+23,0,0,0,0,0.0,0,0,0,0,0,0,0,0,0,0,0,0,0,0,0,0,0,0,0,0,0,0,0,0,0,0,0,0,0,0,0,0,0,9,38,38,47,65476,410,65476,1,0,4,21553,0.0,0.0,0.0,0.0,0.0,0.0,0.0,0.0,0.0,0.0,0.0,0.0,0.0,0.0,0.0,0.0,0.0,0.0,0.0,0.0,0.0,2.004,2.004,-0.0,-3.697074863047967e+19,2.004,0.0,0.0,0.0,0.0,6614.0,-0.0,0.0,0.0,2.7184527190102135e+23,-107616248.0,-0.0,0.0,0.0,2.004,2.004,227,-0.0,71.63,0.0,0.0,0.0,0.0,0.0,0.0,0.0,0,0,0,-1.210916108008032e+25,0.015,1.6019630224240194e+36,-6.509156483076826e+27,nan,-7.4453310881305436e+22,-0.0,-1.433484380903857e+28,-0.0,-1.438724484036076e+30,-1554.193,5146561063419904.0,0.0,0.0,0.0,-1.1979146524501955e+33,0,1.3516416376850534e+27,227,0.0,452,-621855232.0,5.6142779363101766e+35,2114,52429,17109,0,17112,52429,17095,0,0,0,101,100,100,-107615248.0,65.4,-107615256.0,65.8,-0.0,65.5,1,49,50,180,52429,52429,0,0,0.0,0.0,0.0,60.0,937419472896.0,71.0,0.0,-0.0,0.0,1069,0,1069,0,0,0,1069,0,1080,0,999,0,658,0,659,0,654,0,676,0.032,1.4536034330083127e+22,0.0,0.0,59536,16813,8.658619708997632e+17,-0.0,-0.0,0.0,-22315818.0,-1198469016453120.0,50.0,60.0,35,0.0,0.0,10.0,2.0,0.0,0.0,0.0,0.0,0.0,0.0,0.0,0.0,0.0,0.0,0.0,0.0,59.2,53,12,65510,27,65476,0,300,0,0,8,20529,65476,0,0,30147,60.0,0.0,10.0,10.0,2.0,0.0
2026-02-16T12:37:37,ERR,ERR,ERR,ERR,ERR,ERR,ERR,ERR,ERR,ERR,ERR,ERR,ERR,ERR,ERR,ERR,ERR,ERR,ERR,ERR,ERR,ERR,ERR,ERR,ERR,ERR,ERR,ERR,ERR,ERR,ERR,ERR,ERR,ERR,ERR,ERR,ERR,ERR,ERR,ERR,ERR,ERR,ERR,ERR,ERR,ERR,ERR,ERR,ERR,ERR,ERR,ERR,ERR,ERR,ERR,ERR,ERR,ERR,ERR,ERR,ERR,ERR,ERR,ERR,ERR,ERR,ERR,ERR,ERR,ERR,ERR,ERR,ERR,ERR,ERR,ERR,ERR,ERR,ERR,ERR,ERR,ERR,ERR,ERR,ERR,ERR,ERR,ERR,ERR,ERR,ERR,ERR,ERR,ERR,ERR,ERR,ERR,ERR,ERR,ERR,ERR,ERR,ERR,ERR,ERR,ERR,ERR,ERR,ERR,ERR,ERR,ERR,ERR,ERR,ERR,ERR,ERR,ERR,ERR,ERR,ERR,ERR,ERR,ERR,ERR,0.0,2.7184527190102135e+23,-0.0,0.0,-0.031,-8.867007150484687e+28,-20483570.0,49.563,4300,0,8,17169,4300,0.0,41,0.0,0.0,0.0,0.0,2.7184166902131945e+23,0,0,0,0,0.0,0,0,0,0,0,0,0,0,0,0,0,0,0,0,0,0,0,0,0,0,0,0,0,0,0,0,0,0,0,0,0,0,0,9,38,38,47,65476,410,65476,1,0,4,21553,0.0,0.0,0.0,0.0,0.0,0.0,0.0,0.0,0.0,0.0,0.0,0.0,0.0,0.0,0.0,0.0,0.0,0.0,0.0,0.0,0.0,2.004,2.004,-0.0,-3.697074863047967e+19,2.004,0.0,0.0,0.0,0.0,6614.0,-0.0,0.0,0.0,2.7184527190102135e+23,-107616248.0,-0.0,0.0,0.0,2.004,2.004,227,-0.0,71.63,0.0,0.0,0.0,0.0,0.0,0.0,0.0,0,0,0,-1.210916108008032e+25,0.015,1.6019630224240194e+36,-6.509156483076826e+27,nan,-7.4453310881305436e+22,-0.0,-1.433484380903857e+28,-0.0,-1.438724484036076e+30,-1554.193,5146561063419904.0,0.0,0.0,0.0,-1.1979146524501955e+33,0,1.3516416376850534e+27,227,0.0,452,-621855232.0,5.6142779363101766e+35,2114,52429,17109,0,17112,52429,17095,0,0,0,101,100,100,-107615248.0,65.4,-107615256.0,65.8,-0.0,65.5,1,49,50,180,52429,52429,0,0,0.0,0.0,0.0,60.0,937419472896.0,71.0,0.0,-0.0,0.0,1069,0,1069,0,0,0,1069,0,1080,0,999,0,658,0,659,0,654,0,676,0.032,1.4536034330083127e+22,0.0,0.0,59536,16813,8.658619708997632e+17,-0.0,-0.0,0.0,-22315818.0,-1198469016453120.0,50.0,60.0,35,0.0,0.0,10.0,2.0,0.0,0.0,0.0,0.0,0.0,0.0,0.0,0.0,0.0,0.0,0.0,0.0,59.2,53,12,65510,27,65476,0,300,0,0,8,20529,65476,0,0,30147,60.0,0.0,10.0,10.0,2.0,0.0
2026-02-16T12:37:38,ERR,ERR,ERR,ERR,ERR,ERR,ERR,ERR,ERR,ERR,ERR,ERR,ERR,ERR,ERR,ERR,ERR,ERR,ERR,ERR,ERR,ERR,ERR,ERR,ERR,ERR,ERR,ERR,ERR,ERR,ERR,ERR,ERR,ERR,ERR,ERR,ERR,ERR,ERR,ERR,ERR,ERR,ERR,ERR,ERR,ERR,ERR,ERR,ERR,ERR,ERR,ERR,ERR,ERR,ERR,ERR,ERR,ERR,ERR,ERR,ERR,ERR,ERR,ERR,ERR,ERR,ERR,ERR,ERR,ERR,ERR,ERR,ERR,ERR,ERR,ERR,ERR,ERR,ERR,ERR,ERR,ERR,ERR,ERR,ERR,ERR,ERR,ERR,ERR,ERR,ERR,ERR,ERR,ERR,ERR,ERR,ERR,ERR,ERR,ERR,ERR,ERR,ERR,ERR,ERR,ERR,ERR,ERR,ERR,ERR,ERR,ERR,ERR,ERR,ERR,ERR,ERR,ERR,ERR,ERR,ERR,ERR,ERR,ERR,ERR,0.0,2.7184527190102135e+23,-0.0,0.0,-0.031,7544971.0,7.388926430137486e+21,-3.842121059811558e+25,4300,0,8,17169,4300,0.0,41,0.0,0.0,0.0,0.0,2.7184166902131945e+23,0,0,0,0,0.0,0,0,0,0,0,0,0,0,0,0,0,0,0,0,0,0,0,0,0,0,0,0,0,0,0,0,0,0,0,0,0,0,0,9,38,38,47,65476,409,65476,1,0,4,21553,0.0,-0.0,0.0,0.0,0.0,0.0,0.0,0.0,0.0,0.0,0.0,0.0,0.0,0.0,0.0,0.0,0.0,0.0,0.0,0.0,0.0,2.004,2.004,-0.0,-3.697074863047967e+19,0.0,0.0,0.0,0.0,0.0,6619.0,-564149188820992.0,0.0,0.0,2.7184527190102135e+23,-107616248.0,2.7184509175703625e+23,0.0,0.0,2.004,2.004,228,-0.0,152018287067136.0,0.0,0.0,0.0,0.0,0.0,0.0,0.0,0,0,0,-2923654912.0,0.0,3.386190410948549e+24,-47899597602816.0,9.79765430247007e+27,0.0,-0.0,0.0,1.9061321563876782e+25,-1.5674702481217555e+30,-1666.193,5639142272663552.0,0.0,0.0,0.0,-1.6085209551503794e+23,0,1.3516416376850534e+27,228,0.0,456,-621855232.0,5.6142779363101766e+35,2114,52429,17109,0,17112,52429,17095,0,0,0,101,100,100,-107615248.0,65.4,-107615256.0,65.8,-0.0,65.5,1,49,50,180,52429,52429,0,0,0.0,0.0,0.0,60.0,6451174400.0,71.0,0.0,-0.0,0.0,1069,0,1069,0,0,0,1069,0,1080,0,999,0,658,0,659,0,654,0,676,0.032,1.4536034330083127e+22,0.0,0.0,12176,16814,6451174400.0,-0.0,8.923094168296684e+30,4.901952453956235e+24,-0.0,-0.0,50.0,60.0,35,0.0,0.0,10.0,2.0,0.0,0.0,0.0,0.0,0.0,0.0,0.0,0.0,0.0,0.0,0.0,0.0,59.2,53,12,65510,27,65476,0,300,0,0,8,20529,65476,0,0,30147,60.0,0.0,10.0,10.0,2.0,0.0
2026-02-16T12:37:39,ERR,ERR,ERR,ERR,ERR,ERR,ERR,ERR,ERR,ERR,ERR,ERR,ERR,ERR,ERR,ERR,ERR,ERR,ERR,ERR,ERR,ERR,ERR,ERR,ERR,ERR,ERR,ERR,ERR,ERR,ERR,ERR,ERR,ERR,ERR,ERR,ERR,ERR,ERR,ERR,ERR,ERR,ERR,ERR,ERR,ERR,ERR,ERR,ERR,ERR,ERR,ERR,ERR,ERR,ERR,ERR,ERR,ERR,ERR,ERR,ERR,ERR,ERR,ERR,ERR,ERR,ERR,ERR,ERR,ERR,ERR,ERR,ERR,ERR,ERR,ERR,ERR,ERR,ERR,ERR,ERR,ERR,ERR,ERR,ERR,ERR,ERR,ERR,ERR,ERR,ERR,ERR,ERR,ERR,ERR,ERR,ERR,ERR,ERR,ERR,ERR,ERR,ERR,ERR,ERR,ERR,ERR,ERR,ERR,ERR,ERR,ERR,ERR,ERR,ERR,ERR,ERR,ERR,ERR,ERR,ERR,ERR,ERR,ERR,ERR,0.0,2.7184527190102135e+23,-0.0,0.0,-0.031,7544971.0,7.388926430137486e+21,-3.842121059811558e+25,4300,0,8,17169,4300,0.0,41,0.0,0.0,0.0,0.0,2.7184166902131945e+23,0,0,0,0,0.0,0,0,0,0,0,0,0,0,0,0,0,0,0,0,0,0,0,0,0,0,0,0,0,0,0,0,0,0,0,0,0,0,0,9,38,38,47,65476,409,65476,1,0,4,21553,0.0,-0.0,0.0,0.0,0.0,0.0,0.0,0.0,0.0,0.0,0.0,0.0,0.0,0.0,0.0,0.0,0.0,0.0,0.0,0.0,0.0,2.004,2.004,-0.0,-3.697074863047967e+19,0.0,0.0,0.0,0.0,0.0,6619.0,-564149188820992.0,0.0,0.0,2.7184527190102135e+23,-107616248.0,2.7184509175703625e+23,0.0,0.0,2.004,2.004,228,-0.0,152018287067136.0,0.0,0.0,0.0,0.0,0.0,0.0,0.0,0,0,0,-2923654912.0,0.0,3.386190410948549e+24,-47899597602816.0,9.79765430247007e+27,0.0,-0.0,0.0,1.9061321563876782e+25,-1.5674702481217555e+30,-1666.193,5639142272663552.0,0.0,0.0,0.0,-1.6085209551503794e+23,0,1.3516416376850534e+27,228,0.0,456,-621855232.0,5.6142779363101766e+35,2114,52429,17109,0,17112,52429,17095,0,0,0,101,100,100,-107615248.0,65.4,-107615256.0,65.8,-0.0,65.5,1,49,50,180,52429,52429,0,0,0.0,0.0,0.0,60.0,6451174400.0,71.0,0.0,-0.0,0.0,1069,0,1069,0,0,0,1069,0,1080,0,999,0,658,0,659,0,654,0,676,0.032,1.4536034330083127e+22,0.0,0.0,12176,16814,6451174400.0,-0.0,8.923094168296684e+30,4.901952453956235e+24,-0.0,-0.0,50.0,60.0,35,0.0,0.0,10.0,2.0,0.0,0.0,0.0,0.0,0.0,0.0,0.0,0.0,0.0,0.0,0.0,0.0,59.2,53,12,65510,27,65476,0,300,0,0,8,20529,65476,0,0,30147,60.0,0.0,10.0,10.0,2.0,0.0
2026-02-16T12:37:40,ERR,ERR,ERR,ERR,ERR,ERR,ERR,ERR,ERR,ERR,ERR,ERR,ERR,ERR,ERR,ERR,ERR,ERR,ERR,ERR,ERR,ERR,ERR,ERR,ERR,ERR,ERR,ERR,ERR,ERR,ERR,ERR,ERR,ERR,ERR,ERR,ERR,ERR,ERR,ERR,ERR,ERR,ERR,ERR,ERR,ERR,ERR,ERR,ERR,ERR,ERR,ERR,ERR,ERR,ERR,ERR,ERR,ERR,ERR,ERR,ERR,ERR,ERR,ERR,ERR,ERR,ERR,ERR,ERR,ERR,ERR,ERR,ERR,ERR,ERR,ERR,ERR,ERR,ERR,ERR,ERR,ERR,ERR,ERR,ERR,ERR,ERR,ERR,ERR,ERR,ERR,ERR,ERR,ERR,ERR,ERR,ERR,ERR,ERR,ERR,ERR,ERR,ERR,ERR,ERR,ERR,ERR,ERR,ERR,ERR,ERR,ERR,ERR,ERR,ERR,ERR,ERR,ERR,ERR,ERR,ERR,ERR,ERR,ERR,ERR,0.0,2.7184527190102135e+23,-0.0,0.0,-0.031,7544971.0,7.388926430137486e+21,-3.842121059811558e+25,4300,0,8,17169,4300,0.0,41,0.0,0.0,0.0,0.0,2.7184166902131945e+23,0,0,0,0,0.0,0,0,0,0,0,0,0,0,0,0,0,0,0,0,0,0,0,0,0,0,0,0,0,0,0,0,0,0,0,0,0,0,0,9,38,38,47,65476,409,65476,1,0,4,21553,0.0,-0.0,0.0,0.0,0.0,0.0,0.0,0.0,0.0,0.0,0.0,0.0,0.0,0.0,0.0,0.0,0.0,0.0,0.0,0.0,0.0,2.004,2.004,-0.0,-3.697074863047967e+19,0.0,0.0,0.0,0.0,0.0,6619.0,-564149188820992.0,0.0,0.0,2.7184527190102135e+23,-107616248.0,2.7184509175703625e+23,0.0,0.0,2.004,2.004,228,-0.0,152018287067136.0,0.0,0.0,0.0,0.0,0.0,0.0,0.0,0,0,0,-2923654912.0,0.0,3.386190410948549e+24,-47899597602816.0,9.79765430247007e+27,0.0,-0.0,0.0,1.9061321563876782e+25,-1.5674702481217555e+30,-1666.193,5639142272663552.0,0.0,0.0,0.0,-1.6085209551503794e+23,0,1.3516416376850534e+27,228,0.0,456,-621855232.0,5.6142779363101766e+35,2114,52429,17109,0,17112,52429,17095,0,0,0,101,100,100,-107615248.0,65.4,-107615256.0,65.8,-0.0,65.5,1,49,50,180,52429,52429,0,0,0.0,0.0,0.0,60.0,6451174400.0,71.0,0.0,-0.0,0.0,1069,0,1069,0,0,0,1069,0,1080,0,999,0,658,0,659,0,654,0,676,0.032,1.4536034330083127e+22,0.0,0.0,12176,16814,6451174400.0,-0.0,8.923094168296684e+30,4.901952453956235e+24,-0.0,-0.0,50.0,60.0,35,0.0,0.0,10.0,2.0,0.0,0.0,0.0,0.0,0.0,0.0,0.0,0.0,0.0,0.0,0.0,0.0,59.2,53,12,65510,27,65476,0,300,0,0,8,20529,65476,0,0,30147,60.0,0.0,10.0,10.0,2.0,0.0
2026-02-16T12:37:41,ERR,ERR,ERR,ERR,ERR,ERR,ERR,ERR,ERR,ERR,ERR,ERR,ERR,ERR,ERR,ERR,ERR,ERR,ERR,ERR,ERR,ERR,ERR,ERR,ERR,ERR,ERR,ERR,ERR,ERR,ERR,ERR,ERR,ERR,ERR,ERR,ERR,ERR,ERR,ERR,ERR,ERR,ERR,ERR,ERR,ERR,ERR,ERR,ERR,ERR,ERR,ERR,ERR,ERR,ERR,ERR,ERR,ERR,ERR,ERR,ERR,ERR,ERR,ERR,ERR,ERR,ERR,ERR,ERR,ERR,ERR,ERR,ERR,ERR,ERR,ERR,ERR,ERR,ERR,ERR,ERR,ERR,ERR,ERR,ERR,ERR,ERR,ERR,ERR,ERR,ERR,ERR,ERR,ERR,ERR,ERR,ERR,ERR,ERR,ERR,ERR,ERR,ERR,ERR,ERR,ERR,ERR,ERR,ERR,ERR,ERR,ERR,ERR,ERR,ERR,ERR,ERR,ERR,ERR,ERR,ERR,ERR,ERR,ERR,ERR,0.0,2.7184527190102135e+23,-0.0,0.0,-0.031,7544971.0,7.388926430137486e+21,-3.842121059811558e+25,4300,0,8,17169,4300,0.0,41,0.0,0.0,0.0,0.0,2.7184166902131945e+23,0,0,0,0,0.0,0,0,0,0,0,0,0,0,0,0,0,0,0,0,0,0,0,0,0,0,0,0,0,0,0,0,0,0,0,0,0,0,0,9,38,38,47,65476,409,65476,1,0,4,21553,0.0,-0.0,0.0,0.0,0.0,0.0,0.0,0.0,0.0,0.0,0.0,0.0,0.0,0.0,0.0,0.0,0.0,0.0,0.0,0.0,0.0,2.004,2.004,-0.0,-3.697074863047967e+19,0.0,0.0,0.0,0.0,0.0,6619.0,-564149188820992.0,0.0,0.0,2.7184527190102135e+23,-107616248.0,2.7184509175703625e+23,0.0,0.0,2.004,2.004,228,-0.0,152018287067136.0,0.0,0.0,0.0,0.0,0.0,0.0,0.0,0,0,0,-2923654912.0,0.0,3.386190410948549e+24,-47899597602816.0,9.79765430247007e+27,0.0,-0.0,0.0,1.9061321563876782e+25,-1.5674702481217555e+30,-1666.193,5639142272663552.0,0.0,0.0,0.0,-1.6085209551503794e+23,0,1.3516416376850534e+27,228,0.0,456,-621855232.0,5.6142779363101766e+35,2114,52429,17109,0,17112,52429,17095,0,0,0,101,100,100,-107615248.0,65.4,-107615256.0,65.8,-0.0,65.5,1,49,50,180,52429,52429,0,0,0.0,0.0,0.0,60.0,3.412794921344082e+22,71.0,0.0,0.015,0.0,1069,0,1069,0,0,0,1069,0,1080,0,999,0,658,0,659,0,654,0,676,0.032,1.4536034330083127e+22,0.0,0.0,18960,16814,6.233825361653537e+25,-0.0,-0.0,-1.3675646310511554e+28,-7189987590144.0,-1.5870696081969906e+19,50.0,60.0,35,0.0,0.0,10.0,2.0,0.0,0.0,0.0,0.0,0.0,0.0,0.0,0.0,0.0,0.0,0.0,0.0,58.8,53,12,65510,27,65476,0,300,0,0,8,20529,65476,0,0,30147,60.0,0.0,10.0,10.0,2.0,0.0
2026-02-16T12:37:42,ERR,ERR,ERR,ERR,ERR,ERR,ERR,ERR,ERR,ERR,ERR,ERR,ERR,ERR,ERR,ERR,ERR,ERR,ERR,ERR,ERR,ERR,ERR,ERR,ERR,ERR,ERR,ERR,ERR,ERR,ERR,ERR,ERR,ERR,ERR,ERR,ERR,ERR,ERR,ERR,ERR,ERR,ERR,ERR,ERR,ERR,ERR,ERR,ERR,ERR,ERR,ERR,ERR,ERR,ERR,ERR,ERR,ERR,ERR,ERR,ERR,ERR,ERR,ERR,ERR,ERR,ERR,ERR,ERR,ERR,ERR,ERR,ERR,ERR,ERR,ERR,ERR,ERR,ERR,ERR,ERR,ERR,ERR,ERR,ERR,ERR,ERR,ERR,ERR,ERR,ERR,ERR,ERR,ERR,ERR,ERR,ERR,ERR,ERR,ERR,ERR,ERR,ERR,ERR,ERR,ERR,ERR,ERR,ERR,ERR,ERR,ERR,ERR,ERR,ERR,ERR,ERR,ERR,ERR,ERR,ERR,ERR,ERR,ERR,ERR,0.0,-0.0,0.0,0.0,0.0,0.0,-9.952438288647929e+32,-0.0,4300,0,8,17169,4300,0.0,41,0.0,0.0,0.0,0.0,0.0,0,0,0,0,0.0,0,0,0,0,0,0,0,0,0,0,0,0,0,0,0,0,0,0,0,0,0,0,0,0,0,0,0,0,0,0,0,0,0,9,38,38,47,65476,408,65476,1,0,4,21553,0.0,-0.0,0.0,0.0,0.0,0.0,0.0,0.0,0.0,0.0,0.0,0.0,0.0,0.0,0.0,0.0,0.0,0.0,0.0,0.0,0.0,2.004,2.004,-0.0,-3.697074863047967e+19,0.0,0.0,0.0,0.0,0.0,6617.0,-2.4230023160510894e+24,0.0,0.0,-0.0,-107616248.0,107616272.0,-0.0,0.0,2.004,2.004,226,-0.0,3.222024903336656e+26,0.0,0.0,0.0,0.0,0.0,0.0,0.0,0,0,0,-0.0,7567989800960.0,5.396168037519055e+21,0.0,2.6411043355365474e+19,-0.0,-11.517,-285786208.0,918628.312,-1.696216012207435e+30,-1770.193,6061354737729536.0,0.0,0.0,0.0,-0.0,0,1.3516416376850534e+27,226,0.0,452,-621855232.0,5.6142779363101766e+35,2114,52429,17109,0,17112,52429,17095,0,0,0,101,100,100,-107615248.0,65.4,-107615256.0,65.8,-0.0,65.5,1,49,50,180,52429,52429,0,0,0.0,0.0,0.0,60.0,3.412794921344082e+22,71.0,0.0,0.015,0.0,1069,0,1069,0,0,0,1069,0,1080,0,999,0,658,0,659,0,654,0,676,0.032,1.4536034330083127e+22,0.0,0.0,18960,16814,6.233825361653537e+25,-0.0,-0.0,-1.3675646310511554e+28,-7189987590144.0,-1.5870696081969906e+19,50.0,60.0,35,0.0,0.0,10.0,2.0,0.0,0.0,0.0,0.0,0.0,0.0,0.0,0.0,0.0,0.0,0.0,0.0,58.8,53,12,65510,27,65476,0,300,0,0,8,20529,65476,0,0,30147,60.0,0.0,10.0,10.0,2.0,0.0
2026-02-16T12:37:43,ERR,ERR,ERR,ERR,ERR,ERR,ERR,ERR,ERR,ERR,ERR,ERR,ERR,ERR,ERR,ERR,ERR,ERR,ERR,ERR,ERR,ERR,ERR,ERR,ERR,ERR,ERR,ERR,ERR,ERR,ERR,ERR,ERR,ERR,ERR,ERR,ERR,ERR,ERR,ERR,ERR,ERR,ERR,ERR,ERR,ERR,ERR,ERR,ERR,ERR,ERR,ERR,ERR,ERR,ERR,ERR,ERR,ERR,ERR,ERR,ERR,ERR,ERR,ERR,ERR,ERR,ERR,ERR,ERR,ERR,ERR,ERR,ERR,ERR,ERR,ERR,ERR,ERR,ERR,ERR,ERR,ERR,ERR,ERR,ERR,ERR,ERR,ERR,ERR,ERR,ERR,ERR,ERR,ERR,ERR,ERR,ERR,ERR,ERR,ERR,ERR,ERR,ERR,ERR,ERR,ERR,ERR,ERR,ERR,ERR,ERR,ERR,ERR,ERR,ERR,ERR,ERR,ERR,ERR,ERR,ERR,ERR,ERR,ERR,ERR,0.0,-0.0,0.0,0.0,0.0,0.0,-9.952438288647929e+32,-0.0,4300,0,8,17169,4300,0.0,41,0.0,0.0,0.0,0.0,0.0,0,0,0,0,0.0,0,0,0,0,0,0,0,0,0,0,0,0,0,0,0,0,0,0,0,0,0,0,0,0,0,0,0,0,0,0,0,0,0,9,38,38,47,65476,408,65476,1,0,4,21553,0.0,-0.0,0.0,0.0,0.0,0.0,0.0,0.0,0.0,0.0,0.0,0.0,0.0,0.0,0.0,0.0,0.0,0.0,0.0,0.0,0.0,2.004,2.004,-0.0,-3.697074863047967e+19,0.0,0.0,0.0,0.0,0.0,6617.0,-2.4230023160510894e+24,0.0,0.0,-0.0,-107616248.0,107616272.0,-0.0,0.0,2.004,2.004,226,-0.0,3.222024903336656e+26,0.0,0.0,0.0,0.0,0.0,0.0,0.0,0,0,0,-0.0,7567989800960.0,5.396168037519055e+21,0.0,2.6411043355365474e+19,-0.0,-11.517,-285786208.0,918628.312,-1.696216012207435e+30,-1770.193,6061354737729536.0,0.0,0.0,0.0,-0.0,0,1.3516416376850534e+27,226,0.0,452,-621855232.0,5.6142779363101766e+35,2114,52429,17109,0,17112,52429,17095,0,0,0,101,100,100,-107615248.0,65.4,-107615256.0,65.8,-0.0,65.5,1,49,50,180,52429,52429,0,0,0.0,0.0,0.0,60.0,3.412794921344082e+22,71.0,0.0,0.015,0.0,1069,0,1069,0,0,0,1069,0,1080,0,999,0,658,0,659,0,654,0,676,0.032,1.4536034330083127e+22,0.0,0.0,18960,16814,6.233825361653537e+25,-0.0,-0.0,-1.3675646310511554e+28,-7189987590144.0,-1.5870696081969906e+19,50.0,60.0,35,0.0,0.0,10.0,2.0,0.0,0.0,0.0,0.0,0.0,0.0,0.0,0.0,0.0,0.0,0.0,0.0,58.8,53,12,65510,27,65476,0,300,0,0,8,20529,65476,0,0,30147,60.0,0.0,10.0,10.0,2.0,0.0
2026-02-16T12:37:44,ERR,ERR,ERR,ERR,ERR,ERR,ERR,ERR,ERR,ERR,ERR,ERR,ERR,ERR,ERR,ERR,ERR,ERR,ERR,ERR,ERR,ERR,ERR,ERR,ERR,ERR,ERR,ERR,ERR,ERR,ERR,ERR,ERR,ERR,ERR,ERR,ERR,ERR,ERR,ERR,ERR,ERR,ERR,ERR,ERR,ERR,ERR,ERR,ERR,ERR,ERR,ERR,ERR,ERR,ERR,ERR,ERR,ERR,ERR,ERR,ERR,ERR,ERR,ERR,ERR,ERR,ERR,ERR,ERR,ERR,ERR,ERR,ERR,ERR,ERR,ERR,ERR,ERR,ERR,ERR,ERR,ERR,ERR,ERR,ERR,ERR,ERR,ERR,ERR,ERR,ERR,ERR,ERR,ERR,ERR,ERR,ERR,ERR,ERR,ERR,ERR,ERR,ERR,ERR,ERR,ERR,ERR,ERR,ERR,ERR,ERR,ERR,ERR,ERR,ERR,ERR,ERR,ERR,ERR,ERR,ERR,ERR,ERR,ERR,ERR,0.0,-0.0,0.0,0.0,0.0,0.0,-9.952438288647929e+32,-0.0,4300,0,8,17169,4300,0.0,41,0.0,0.0,0.0,0.0,0.0,0,0,0,0,0.0,0,0,0,0,0,0,0,0,0,0,0,0,0,0,0,0,0,0,0,0,0,0,0,0,0,0,0,0,0,0,0,0,0,9,38,38,47,65476,408,65476,1,0,4,21553,0.0,-0.0,0.0,0.0,0.0,0.0,0.0,0.0,0.0,0.0,0.0,0.0,0.0,0.0,0.0,0.0,0.0,0.0,0.0,0.0,0.0,2.004,2.004,-0.0,-3.697074863047967e+19,0.0,0.0,0.0,0.0,0.0,6617.0,-2.4230023160510894e+24,0.0,0.0,-0.0,-107616248.0,107616272.0,-0.0,0.0,2.004,2.004,226,-0.0,3.222024903336656e+26,0.0,0.0,0.0,0.0,0.0,0.0,0.0,0,0,0,-0.0,7567989800960.0,5.396168037519055e+21,0.0,2.6411043355365474e+19,-0.0,-11.517,-285786208.0,918628.312,-1.696216012207435e+30,-1770.193,6061354737729536.0,0.0,0.0,0.0,-0.0,0,1.3516416376850534e+27,226,0.0,452,-621855232.0,5.6142779363101766e+35,2114,52429,17109,0,17112,52429,17095,0,0,0,101,100,100,-107615248.0,65.4,-107615256.0,65.8,-0.0,65.5,1,49,50,180,52429,52429,0,0,0.0,0.0,0.0,60.0,3.412794921344082e+22,71.0,0.0,0.015,0.0,1069,0,1069,0,0,0,1069,0,1080,0,999,0,658,0,659,0,654,0,676,0.032,1.4536034330083127e+22,0.0,0.0,18960,16814,6.233825361653537e+25,-0.0,-0.0,-1.3675646310511554e+28,-7189987590144.0,-1.5870696081969906e+19,50.0,60.0,35,0.0,0.0,10.0,2.0,0.0,0.0,0.0,0.0,0.0,0.0,0.0,0.0,0.0,0.0,0.0,0.0,58.8,53,12,65510,27,65476,0,300,0,0,8,20529,65476,0,0,30147,60.0,0.0,10.0,10.0,2.0,0.0
2026-02-16T12:37:45,ERR,ERR,ERR,ERR,ERR,ERR,ERR,ERR,ERR,ERR,ERR,ERR,ERR,ERR,ERR,ERR,ERR,ERR,ERR,ERR,ERR,ERR,ERR,ERR,ERR,ERR,ERR,ERR,ERR,ERR,ERR,ERR,ERR,ERR,ERR,ERR,ERR,ERR,ERR,ERR,ERR,ERR,ERR,ERR,ERR,ERR,ERR,ERR,ERR,ERR,ERR,ERR,ERR,ERR,ERR,ERR,ERR,ERR,ERR,ERR,ERR,ERR,ERR,ERR,ERR,ERR,ERR,ERR,ERR,ERR,ERR,ERR,ERR,ERR,ERR,ERR,ERR,ERR,ERR,ERR,ERR,ERR,ERR,ERR,ERR,ERR,ERR,ERR,ERR,ERR,ERR,ERR,ERR,ERR,ERR,ERR,ERR,ERR,ERR,ERR,ERR,ERR,ERR,ERR,ERR,ERR,ERR,ERR,ERR,ERR,ERR,ERR,ERR,ERR,ERR,ERR,ERR,ERR,ERR,ERR,ERR,ERR,ERR,ERR,ERR,0.0,-0.0,0.0,0.0,0.0,0.0,-9.952438288647929e+32,-0.0,4300,0,8,17169,4300,0.0,41,0.0,0.0,0.0,0.0,0.0,0,0,0,0,0.0,0,0,0,0,0,0,0,0,0,0,0,0,0,0,0,0,0,0,0,0,0,0,0,0,0,0,0,0,0,0,0,0,0,9,38,38,47,65476,408,65476,1,0,4,21553,0.0,-0.0,0.0,0.0,0.0,0.0,0.0,0.0,0.0,0.0,0.0,0.0,0.0,0.0,0.0,0.0,0.0,0.0,0.0,0.0,0.0,2.004,2.004,-0.0,-3.697074863047967e+19,0.0,0.0,0.0,0.0,0.0,6617.0,-2.4230023160510894e+24,0.0,0.0,-0.0,-107616248.0,107616272.0,-0.0,0.0,2.004,2.004,226,-0.0,3.222024903336656e+26,0.0,0.0,0.0,0.0,0.0,0.0,0.0,0,0,0,-0.0,7567989800960.0,5.396168037519055e+21,0.0,2.6411043355365474e+19,-0.0,-11.517,-285786208.0,918628.312,-1.696216012207435e+30,-1770.193,6061354737729536.0,0.0,0.0,0.0,-0.0,0,1.3516416376850534e+27,226,0.0,452,-621855232.0,5.6142779363101766e+35,2114,52429,17109,0,17112,52429,17095,0,0,0,101,100,100,-107615248.0,65.4,-107615256.0,65.8,-0.0,65.5,1,49,50,180,52429,52429,0,0,0.0,0.0,0.0,60.0,3.412794921344082e+22,71.0,0.0,0.015,0.0,1069,0,1069,0,0,0,1069,0,1080,0,999,0,658,0,659,0,654,0,676,0.032,1.4536034330083127e+22,0.0,0.0,18960,16814,6.233825361653537e+25,-0.0,-0.0,-1.3675646310511554e+28,-7189987590144.0,-1.5870696081969906e+19,50.0,60.0,35,0.0,0.0,10.0,2.0,0.0,0.0,0.0,0.0,0.0,0.0,0.0,0.0,0.0,0.0,0.0,0.0,58.8,53,12,65510,27,65476,0,300,0,0,8,20529,65476,0,0,30147,60.0,0.0,10.0,10.0,2.0,0.0
2026-02-16T12:37:46,ERR,ERR,ERR,ERR,ERR,ERR,ERR,ERR,ERR,ERR,ERR,ERR,ERR,ERR,ERR,ERR,ERR,ERR,ERR,ERR,ERR,ERR,ERR,ERR,ERR,ERR,ERR,ERR,ERR,ERR,ERR,ERR,ERR,ERR,ERR,ERR,ERR,ERR,ERR,ERR,ERR,ERR,ERR,ERR,ERR,ERR,ERR,ERR,ERR,ERR,ERR,ERR,ERR,ERR,ERR,ERR,ERR,ERR,ERR,ERR,ERR,ERR,ERR,ERR,ERR,ERR,ERR,ERR,ERR,ERR,ERR,ERR,ERR,ERR,ERR,ERR,ERR,ERR,ERR,ERR,ERR,ERR,ERR,ERR,ERR,ERR,ERR,ERR,ERR,ERR,ERR,ERR,ERR,ERR,ERR,ERR,ERR,ERR,ERR,ERR,ERR,ERR,ERR,ERR,ERR,ERR,ERR,ERR,ERR,ERR,ERR,ERR,ERR,ERR,ERR,ERR,ERR,ERR,ERR,ERR,ERR,ERR,ERR,ERR,ERR,0.0,-0.0,0.0,0.0,0.0,0.0,-9.952438288647929e+32,-0.0,4300,0,8,17169,4300,0.0,41,0.0,0.0,0.0,0.0,0.0,0,0,0,0,0.0,0,0,0,0,0,0,0,0,0,0,0,0,0,0,0,0,0,0,0,0,0,0,0,0,0,0,0,0,0,0,0,0,0,9,38,38,47,65476,408,65476,1,0,4,21553,0.0,-0.0,0.0,0.0,0.0,0.0,0.0,0.0,0.0,0.0,0.0,0.0,0.0,0.0,0.0,0.0,0.0,0.0,0.0,0.0,0.0,2.004,2.004,-0.0,-3.697074863047967e+19,0.0,0.0,0.0,0.0,0.0,6617.0,-2.4230023160510894e+24,0.0,0.0,-0.0,-107616248.0,107616272.0,-0.0,0.0,2.004,2.004,226,-0.0,3.222024903336656e+26,0.0,0.0,0.0,0.0,0.0,0.0,0.0,0,0,0,-0.0,7567989800960.0,5.396168037519055e+21,0.0,2.6411043355365474e+19,-0.0,-11.517,-285786208.0,918628.312,-1.696216012207435e+30,-1770.193,6061354737729536.0,0.0,0.0,0.0,-0.0,0,1.3516416376850534e+27,226,0.0,452,-621855232.0,5.6142779363101766e+35,2114,52429,17109,0,17112,52429,17095,0,0,0,101,100,100,-107615248.0,65.4,-107615256.0,65.8,-0.0,65.5,1,49,50,180,52429,52429,0,0,0.0,0.0,0.0,60.0,652054284468224.0,71.0,0.0,-0.0,0.0,1069,0,1069,0,0,0,1069,0,1080,0,999,0,658,0,659,0,655,0,676,0.032,1.4536034330083127e+22,0.0,0.0,59792,16813,2.6842891940337287e+19,-0.0,-0.0,-1.3292603123051466e+29,-2529841905664.0,-7.466973679738421e+18,50.0,60.0,35,0.0,0.0,10.0,2.0,0.0,0.0,0.0,0.0,0.0,0.0,0.0,0.0,0.0,0.0,0.0,0.0,58.8,53,12,65510,27,65476,0,300,0,0,8,20529,65476,0,0,30147,60.0,0.0,10.0,10.0,2.0,0.0
2026-02-16T12:37:47,ERR,ERR,ERR,ERR,ERR,ERR,ERR,ERR,ERR,ERR,ERR,ERR,ERR,ERR,ERR,ERR,ERR,ERR,ERR,ERR,ERR,ERR,ERR,ERR,ERR,ERR,ERR,ERR,ERR,ERR,ERR,ERR,ERR,ERR,ERR,ERR,ERR,ERR,ERR,ERR,ERR,ERR,ERR,ERR,ERR,ERR,ERR,ERR,ERR,ERR,ERR,ERR,ERR,ERR,ERR,ERR,ERR,ERR,ERR,ERR,ERR,ERR,ERR,ERR,ERR,ERR,ERR,ERR,ERR,ERR,ERR,ERR,ERR,ERR,ERR,ERR,ERR,ERR,ERR,ERR,ERR,ERR,ERR,ERR,ERR,ERR,ERR,ERR,ERR,ERR,ERR,ERR,ERR,ERR,ERR,ERR,ERR,ERR,ERR,ERR,ERR,ERR,ERR,ERR,ERR,ERR,ERR,ERR,ERR,ERR,ERR,ERR,ERR,ERR,ERR,ERR,ERR,ERR,ERR,ERR,ERR,ERR,ERR,ERR,ERR,0.0,-0.0,0.0,0.0,0.0,0.0,-9.952438288647929e+32,-0.0,4300,0,8,17169,4300,0.0,41,0.0,0.0,0.0,0.0,0.0,0,0,0,0,0.0,0,0,0,0,0,0,0,0,0,0,0,0,0,0,0,0,0,0,0,0,0,0,0,0,0,0,0,0,0,0,0,0,0,9,38,38,47,65476,408,65476,1,0,4,21553,0.0,-0.0,0.0,0.0,0.0,0.0,0.0,0.0,0.0,0.0,0.0,0.0,0.0,0.0,0.0,0.0,0.0,0.0,0.0,0.0,0.0,2.004,2.004,-0.0,-3.697074863047967e+19,0.0,0.0,0.0,0.0,0.0,6617.0,-2.4230023160510894e+24,0.0,0.0,-0.0,-107616248.0,107616272.0,-0.0,0.0,2.004,2.004,226,-0.0,3.222024903336656e+26,0.0,0.0,0.0,0.0,0.0,0.0,0.0,0,0,0,-0.0,7567989800960.0,5.396168037519055e+21,0.0,2.6411043355365474e+19,-0.0,-11.517,-285786208.0,918628.312,-1.696216012207435e+30,-1770.193,6061354737729536.0,0.0,0.0,0.0,-0.0,0,1.3516416376850534e+27,226,0.0,452,-621855232.0,5.6142779363101766e+35,2114,52429,17109,0,17112,52429,17095,0,0,0,101,100,100,-107615248.0,65.4,-107615256.0,65.8,-0.0,65.5,1,49,50,180,52429,52429,0,0,0.0,0.0,0.0,60.0,652054284468224.0,71.0,0.0,-0.0,0.0,1069,0,1069,0,0,0,1069,0,1080,0,999,0,658,0,659,0,655,0,676,0.032,1.4536034330083127e+22,0.0,0.0,59792,16813,2.6842891940337287e+19,-0.0,-0.0,-1.3292603123051466e+29,-2529841905664.0,-7.466973679738421e+18,50.0,60.0,35,0.0,0.0,10.0,2.0,0.0,0.0,0.0,0.0,0.0,0.0,0.0,0.0,0.0,0.0,0.0,0.0,58.8,53,12,65510,27,65476,0,300,0,0,8,20529,65476,0,0,30147,60.0,0.0,10.0,10.0,2.0,0.0
2026-02-16T12:37:48,ERR,ERR,ERR,ERR,ERR,ERR,ERR,ERR,ERR,ERR,ERR,ERR,ERR,ERR,ERR,ERR,ERR,ERR,ERR,ERR,ERR,ERR,ERR,ERR,ERR,ERR,ERR,ERR,ERR,ERR,ERR,ERR,ERR,ERR,ERR,ERR,ERR,ERR,ERR,ERR,ERR,ERR,ERR,ERR,ERR,ERR,ERR,ERR,ERR,ERR,ERR,ERR,ERR,ERR,ERR,ERR,ERR,ERR,ERR,ERR,ERR,ERR,ERR,ERR,ERR,ERR,ERR,ERR,ERR,ERR,ERR,ERR,ERR,ERR,ERR,ERR,ERR,ERR,ERR,ERR,ERR,ERR,ERR,ERR,ERR,ERR,ERR,ERR,ERR,ERR,ERR,ERR,ERR,ERR,ERR,ERR,ERR,ERR,ERR,ERR,ERR,ERR,ERR,ERR,ERR,ERR,ERR,ERR,ERR,ERR,ERR,ERR,ERR,ERR,ERR,ERR,ERR,ERR,ERR,ERR,ERR,ERR,ERR,ERR,ERR,0.0,-0.0,0.0,0.0,0.0,0.049,161771424.0,3.563251763515071e+19,4300,0,8,17169,4300,0.0,41,0.0,0.0,0.0,0.0,0.0,0,0,0,0,0.0,0,0,0,0,0,0,0,0,0,0,0,0,0,0,0,0,0,0,0,0,0,0,0,0,0,0,0,0,0,0,0,0,0,9,38,38,47,65476,401,65476,1,0,4,21553,0.0,0.0,0.0,0.0,0.0,0.0,0.0,0.0,0.0,0.0,0.0,0.0,0.0,0.0,0.0,0.0,0.0,0.0,0.0,0.0,0.0,2.004,2.004,-0.0,0.0,-3.69707618246192e+19,0.0,0.0,0.0,0.0,6614.0,-3.697208123857253e+19,0.0,0.0,-0.0,0.0,0.0,0.0,0.0,2.004,2.004,229,-0.0,2.7184282194282406e+23,0.0,0.0,0.0,0.0,0.0,0.0,0.0,0,0,0,-0.0,2.0125965040125704e+37,2.1006959922642944e+16,0.045,1.0151636240433152e+16,31096603410432.0,-0.0,-0.0,0.0,-1.8447688169216807e+30,-1874.193,6553935946973184.0,0.0,0.0,0.0,-0.0,0,1.3516416376850534e+27,229,0.0,458,2.40156025918058e+36,-0.235,2114,52429,17109,0,17112,52429,17095,0,0,0,101,100,100,-107615248.0,65.4,-107615256.0,65.8,-0.0,65.5,1,49,50,180,52429,52429,0,0,0.0,0.0,0.0,60.0,652054284468224.0,71.0,0.0,-0.0,0.0,1069,0,1069,0,0,0,1069,0,1080,0,999,0,658,0,659,0,655,0,676,0.032,1.4536034330083127e+22,0.0,0.0,59792,16813,2.6842891940337287e+19,-0.0,-0.0,-1.3292603123051466e+29,-2529841905664.0,-7.466973679738421e+18,50.0,60.0,35,0.0,0.0,10.0,2.0,0.0,0.0,0.0,0.0,0.0,0.0,0.0,0.0,0.0,0.0,0.0,0.0,59.2,53,12,65510,27,65476,0,300,0,0,8,20529,65476,0,0,30147,60.0,0.0,10.0,10.0,2.0,0.0
2026-02-16T12:37:49,ERR,ERR,ERR,ERR,ERR,ERR,ERR,ERR,ERR,ERR,ERR,ERR,ERR,ERR,ERR,ERR,ERR,ERR,ERR,ERR,ERR,ERR,ERR,ERR,ERR,ERR,ERR,ERR,ERR,ERR,ERR,ERR,ERR,ERR,ERR,ERR,ERR,ERR,ERR,ERR,ERR,ERR,ERR,ERR,ERR,ERR,ERR,ERR,ERR,ERR,ERR,ERR,ERR,ERR,ERR,ERR,ERR,ERR,ERR,ERR,ERR,ERR,ERR,ERR,ERR,ERR,ERR,ERR,ERR,ERR,ERR,ERR,ERR,ERR,ERR,ERR,ERR,ERR,ERR,ERR,ERR,ERR,ERR,ERR,ERR,ERR,ERR,ERR,ERR,ERR,ERR,ERR,ERR,ERR,ERR,ERR,ERR,ERR,ERR,ERR,ERR,ERR,ERR,ERR,ERR,ERR,ERR,ERR,ERR,ERR,ERR,ERR,ERR,ERR,ERR,ERR,ERR,ERR,ERR,ERR,ERR,ERR,ERR,ERR,ERR,0.0,-0.0,0.0,0.0,0.0,0.049,161771424.0,3.563251763515071e+19,4300,0,8,17169,4300,0.0,41,0.0,0.0,0.0,0.0,0.0,0,0,0,0,0.0,0,0,0,0,0,0,0,0,0,0,0,0,0,0,0,0,0,0,0,0,0,0,0,0,0,0,0,0,0,0,0,0,0,9,38,38,47,65476,401,65476,1,0,4,21553,0.0,0.0,0.0,0.0,0.0,0.0,0.0,0.0,0.0,0.0,0.0,0.0,0.0,0.0,0.0,0.0,0.0,0.0,0.0,0.0,0.0,2.004,2.004,-0.0,0.0,-3.69707618246192e+19,0.0,0.0,0.0,0.0,6614.0,-3.697208123857253e+19,0.0,0.0,-0.0,0.0,0.0,0.0,0.0,2.004,2.004,229,-0.0,2.7184282194282406e+23,0.0,0.0,0.0,0.0,0.0,0.0,0.0,0,0,0,-0.0,2.0125965040125704e+37,2.1006959922642944e+16,0.045,1.0151636240433152e+16,31096603410432.0,-0.0,-0.0,0.0,-1.8447688169216807e+30,-1874.193,6553935946973184.0,0.0,0.0,0.0,-0.0,0,1.3516416376850534e+27,229,0.0,458,2.40156025918058e+36,-0.235,2114,52429,17109,0,17112,52429,17095,0,0,0,101,100,100,0.0,65.9,-107615256.0,65.8,-0.0,65.5,1,49,50,180,52429,52429,0,0,0.0,0.0,0.0,60.0,969974656.0,71.0,0.0,1.2867502324007462e+35,0.0,1068,0,1069,0,0,0,1069,0,1080,0,999,0,658,0,659,0,655,0,676,0.032,1.4609821306377965e+22,0.0,0.0,58768,16813,48.065,1.2867502324007462e+35,-2.687037193276746e+24,170755.672,0.0,0.0,50.0,60.0,35,0.0,0.0,10.0,2.0,0.0,0.0,0.0,0.0,0.0,0.0,0.0,0.0,0.0,0.0,0.0,0.0,59.2,53,12,65510,27,65476,0,300,0,0,8,20529,65476,0,0,30147,60.0,0.0,10.0,10.0,2.0,0.0
2026-02-16T12:37:50,ERR,ERR,ERR,ERR,ERR,ERR,ERR,ERR,ERR,ERR,ERR,ERR,ERR,ERR,ERR,ERR,ERR,ERR,ERR,ERR,ERR,ERR,ERR,ERR,ERR,ERR,ERR,ERR,ERR,ERR,ERR,ERR,ERR,ERR,ERR,ERR,ERR,ERR,ERR,ERR,ERR,ERR,ERR,ERR,ERR,ERR,ERR,ERR,ERR,ERR,ERR,ERR,ERR,ERR,ERR,ERR,ERR,ERR,ERR,ERR,ERR,ERR,ERR,ERR,ERR,ERR,ERR,ERR,ERR,ERR,ERR,ERR,ERR,ERR,ERR,ERR,ERR,ERR,ERR,ERR,ERR,ERR,ERR,ERR,ERR,ERR,ERR,ERR,ERR,ERR,ERR,ERR,ERR,ERR,ERR,ERR,ERR,ERR,ERR,ERR,ERR,ERR,ERR,ERR,ERR,ERR,ERR,ERR,ERR,ERR,ERR,ERR,ERR,ERR,ERR,ERR,ERR,ERR,ERR,ERR,ERR,ERR,ERR,ERR,ERR,0.0,-0.0,0.0,0.0,0.0,0.049,161771424.0,3.563251763515071e+19,4300,0,8,17169,4300,0.0,41,0.0,0.0,0.0,0.0,0.0,0,0,0,0,0.0,0,0,0,0,0,0,0,0,0,0,0,0,0,0,0,0,0,0,0,0,0,0,0,0,0,0,0,0,0,0,0,0,0,9,38,38,47,65476,401,65476,1,0,4,21553,0.0,0.0,0.0,0.0,0.0,0.0,0.0,0.0,0.0,0.0,0.0,0.0,0.0,0.0,0.0,0.0,0.0,0.0,0.0,0.0,0.0,2.004,2.004,-0.0,0.0,-3.69707618246192e+19,0.0,0.0,0.0,0.0,6614.0,-3.697208123857253e+19,0.0,0.0,-0.0,0.0,0.0,0.0,0.0,2.004,2.004,229,-0.0,2.7184282194282406e+23,0.0,0.0,0.0,0.0,0.0,0.0,0.0,0,0,0,-0.0,2.0125965040125704e+37,2.1006959922642944e+16,0.045,1.0151636240433152e+16,31096603410432.0,-0.0,-0.0,0.0,-1.8447688169216807e+30,-1874.193,6553935946973184.0,0.0,0.0,0.0,-0.0,0,1.3516416376850534e+27,229,0.0,458,2.40156025918058e+36,-0.235,2114,52429,17109,0,17112,52429,17095,0,0,0,101,100,100,0.0,65.9,-107615256.0,65.8,-0.0,65.5,1,49,50,180,52429,52429,0,0,0.0,0.0,0.0,60.0,969974656.0,71.0,0.0,1.2867502324007462e+35,0.0,1068,0,1069,0,0,0,1069,0,1080,0,999,0,658,0,659,0,655,0,676,0.032,1.4609821306377965e+22,0.0,0.0,58768,16813,48.065,1.2867502324007462e+35,-2.687037193276746e+24,170755.672,0.0,0.0,50.0,60.0,35,0.0,0.0,10.0,2.0,0.0,0.0,0.0,0.0,0.0,0.0,0.0,0.0,0.0,0.0,0.0,0.0,58.8,53,12,65510,27,65476,0,300,0,0,8,20529,65476,0,0,30147,60.0,0.0,10.0,10.0,2.0,0.0
2026-02-16T12:37:51,ERR,ERR,ERR,ERR,ERR,ERR,ERR,ERR,ERR,ERR,ERR,ERR,ERR,ERR,ERR,ERR,ERR,ERR,ERR,ERR,ERR,ERR,ERR,ERR,ERR,ERR,ERR,ERR,ERR,ERR,ERR,ERR,ERR,ERR,ERR,ERR,ERR,ERR,ERR,ERR,ERR,ERR,ERR,ERR,ERR,ERR,ERR,ERR,ERR,ERR,ERR,ERR,ERR,ERR,ERR,ERR,ERR,ERR,ERR,ERR,ERR,ERR,ERR,ERR,ERR,ERR,ERR,ERR,ERR,ERR,ERR,ERR,ERR,ERR,ERR,ERR,ERR,ERR,ERR,ERR,ERR,ERR,ERR,ERR,ERR,ERR,ERR,ERR,ERR,ERR,ERR,ERR,ERR,ERR,ERR,ERR,ERR,ERR,ERR,ERR,ERR,ERR,ERR,ERR,ERR,ERR,ERR,ERR,ERR,ERR,ERR,ERR,ERR,ERR,ERR,ERR,ERR,ERR,ERR,ERR,ERR,ERR,ERR,ERR,ERR,0.0,-0.0,0.0,0.0,0.0,0.049,161771424.0,3.563251763515071e+19,4300,0,8,17169,4300,0.0,41,0.0,0.0,0.0,0.0,0.0,0,0,0,0,0.0,0,0,0,0,0,0,0,0,0,0,0,0,0,0,0,0,0,0,0,0,0,0,0,0,0,0,0,0,0,0,0,0,0,9,38,38,47,65476,401,65476,1,0,4,21553,0.0,0.0,0.0,0.0,0.0,0.0,0.0,0.0,0.0,0.0,0.0,0.0,0.0,0.0,0.0,0.0,0.0,0.0,0.0,0.0,0.0,2.004,2.004,-0.0,0.0,-3.69707618246192e+19,0.0,0.0,0.0,0.0,6614.0,-3.697208123857253e+19,0.0,0.0,-0.0,0.0,0.0,0.0,0.0,2.004,2.004,229,-0.0,2.7184282194282406e+23,0.0,0.0,0.0,0.0,0.0,0.0,0.0,0,0,0,-0.0,2.0125965040125704e+37,2.1006959922642944e+16,0.045,1.0151636240433152e+16,31096603410432.0,-0.0,-0.0,0.0,-1.8447688169216807e+30,-1874.193,6553935946973184.0,0.0,0.0,0.0,-0.0,0,1.3516416376850534e+27,229,0.0,458,2.40156025918058e+36,-0.235,2114,52429,17109,0,17112,52429,17095,0,0,0,101,100,100,0.0,65.9,-107615256.0,65.8,-0.0,65.5,1,49,50,180,52429,52429,0,0,0.0,0.0,0.0,60.0,969974656.0,71.0,0.0,1.2867502324007462e+35,0.0,1068,0,1069,0,0,0,1069,0,1080,0,999,0,658,0,659,0,655,0,676,0.032,1.4609821306377965e+22,0.0,0.0,58768,16813,48.065,1.2867502324007462e+35,-2.687037193276746e+24,170755.672,0.0,0.0,50.0,60.0,35,0.0,0.0,10.0,2.0,0.0,0.0,0.0,0.0,0.0,0.0,0.0,0.0,0.0,0.0,0.0,0.0,59.2,53,12,65510,27,65476,0,300,0,0,8,20529,65476,0,0,30147,60.0,0.0,10.0,10.0,2.0,0.0
2026-02-16T12:37:52,ERR,ERR,ERR,ERR,ERR,ERR,ERR,ERR,ERR,ERR,ERR,ERR,ERR,ERR,ERR,ERR,ERR,ERR,ERR,ERR,ERR,ERR,ERR,ERR,ERR,ERR,ERR,ERR,ERR,ERR,ERR,ERR,ERR,ERR,ERR,ERR,ERR,ERR,ERR,ERR,ERR,ERR,ERR,ERR,ERR,ERR,ERR,ERR,ERR,ERR,ERR,ERR,ERR,ERR,ERR,ERR,ERR,ERR,ERR,ERR,ERR,ERR,ERR,ERR,ERR,ERR,ERR,ERR,ERR,ERR,ERR,ERR,ERR,ERR,ERR,ERR,ERR,ERR,ERR,ERR,ERR,ERR,ERR,ERR,ERR,ERR,ERR,ERR,ERR,ERR,ERR,ERR,ERR,ERR,ERR,ERR,ERR,ERR,ERR,ERR,ERR,ERR,ERR,ERR,ERR,ERR,ERR,ERR,ERR,ERR,ERR,ERR,ERR,ERR,ERR,ERR,ERR,ERR,ERR,ERR,ERR,ERR,ERR,ERR,ERR,0.0,-0.0,0.0,0.0,0.0,2.0125695030547855e+37,-0.0,0.0,4300,0,8,17169,4300,0.0,41,0.0,0.0,0.0,0.0,0.0,0,0,0,0,0.0,0,0,0,0,0,0,0,0,0,0,0,0,0,0,0,0,0,0,0,0,0,0,0,0,0,0,0,0,0,0,0,0,0,9,38,38,46,65476,399,65476,1,0,4,21553,0.0,0.0,0.0,0.0,0.0,0.0,0.0,0.0,0.0,0.0,0.0,0.0,0.0,0.0,0.0,0.0,0.0,0.0,0.0,0.0,0.0,2.004,2.004,-0.0,0.0,-0.0,0.0,0.0,0.0,0.0,6651.0,0.0,0.0,0.0,-0.0,0.0,0.0,-0.0,0.0,2.004,2.004,228,-71.629,-0.0,0.0,0.0,0.0,0.0,0.0,0.0,0.0,0,0,0,-0.327,0.004,505224364032.0,1.883338206488698e+25,4.5996034851497574e+17,0.0,-2.6751278203789317e+22,-0.0,0.732,-1.9636110606930772e+30,-1978.193,7011332784128000.0,0.0,0.0,0.0,-0.0,0,1.3516416376850534e+27,228,0.0,456,0.0,2.6475257086227406e+23,2114,52429,17109,0,17112,52429,17095,0,0,0,101,100,100,0.0,65.9,-107615256.0,65.8,-0.0,65.5,1,49,50,180,52429,52429,0,0,0.0,0.0,0.0,60.0,149170400.0,71.0,0.0,7.238280490526089e+36,0.0,1069,0,1069,0,0,0,1070,0,1080,0,999,0,658,0,659,0,655,0,676,0.032,1.4609821306377965e+22,0.0,0.0,64144,16813,149170400.0,7.238280490526089e+36,0.0,-1.4172695808013096e+33,777.025,0.0,50.0,60.0,35,0.0,0.0,10.0,2.0,0.0,0.0,0.0,0.0,0.0,0.0,0.0,0.0,0.0,0.0,0.0,0.0,59.2,53,12,65510,27,65476,0,300,0,0,8,20529,65476,0,0,30147,60.0,0.0,10.0,10.0,2.0,0.0
2026-02-16T12:37:53,ERR,ERR,ERR,ERR,ERR,ERR,ERR,ERR,ERR,ERR,ERR,ERR,ERR,ERR,ERR,ERR,ERR,ERR,ERR,ERR,ERR,ERR,ERR,ERR,ERR,ERR,ERR,ERR,ERR,ERR,ERR,ERR,ERR,ERR,ERR,ERR,ERR,ERR,ERR,ERR,ERR,ERR,ERR,ERR,ERR,ERR,ERR,ERR,ERR,ERR,ERR,ERR,ERR,ERR,ERR,ERR,ERR,ERR,ERR,ERR,ERR,ERR,ERR,ERR,ERR,ERR,ERR,ERR,ERR,ERR,ERR,ERR,ERR,ERR,ERR,ERR,ERR,ERR,ERR,ERR,ERR,ERR,ERR,ERR,ERR,ERR,ERR,ERR,ERR,ERR,ERR,ERR,ERR,ERR,ERR,ERR,ERR,ERR,ERR,ERR,ERR,ERR,ERR,ERR,ERR,ERR,ERR,ERR,ERR,ERR,ERR,ERR,ERR,ERR,ERR,ERR,ERR,ERR,ERR,ERR,ERR,ERR,ERR,ERR,ERR,0.0,-0.0,0.0,0.0,0.0,2.0125695030547855e+37,-0.0,0.0,4300,0,8,17169,4300,0.0,41,0.0,0.0,0.0,0.0,0.0,0,0,0,0,0.0,0,0,0,0,0,0,0,0,0,0,0,0,0,0,0,0,0,0,0,0,0,0,0,0,0,0,0,0,0,0,0,0,0,9,38,38,46,65476,399,65476,1,0,4,21553,0.0,0.0,0.0,0.0,0.0,0.0,0.0,0.0,0.0,0.0,0.0,0.0,0.0,0.0,0.0,0.0,0.0,0.0,0.0,0.0,0.0,2.004,2.004,-0.0,0.0,-0.0,0.0,0.0,0.0,0.0,6651.0,0.0,0.0,0.0,-0.0,0.0,0.0,-0.0,0.0,2.004,2.004,228,-71.629,-0.0,0.0,0.0,0.0,0.0,0.0,0.0,0.0,0,0,0,-0.327,0.004,505224364032.0,1.883338206488698e+25,4.5996034851497574e+17,0.0,-2.6751278203789317e+22,-0.0,0.732,-1.9636110606930772e+30,-1978.193,7011332784128000.0,0.0,0.0,0.0,-0.0,0,1.3516416376850534e+27,228,0.0,456,0.0,2.6475257086227406e+23,2114,52429,17109,0,17112,52429,17095,0,0,0,101,100,100,0.0,65.9,-107615256.0,65.8,-0.0,65.5,1,49,50,180,52429,52429,0,0,0.0,0.0,0.0,60.0,149170400.0,71.0,0.0,7.238280490526089e+36,0.0,1069,0,1069,0,0,0,1070,0,1080,0,999,0,658,0,659,0,655,0,676,0.032,1.4609821306377965e+22,0.0,0.0,64144,16813,149170400.0,7.238280490526089e+36,0.0,-1.4172695808013096e+33,777.025,0.0,50.0,60.0,35,0.0,0.0,10.0,2.0,0.0,0.0,0.0,0.0,0.0,0.0,0.0,0.0,0.0,0.0,0.0,0.0,58.8,53,12,65510,27,65476,0,300,0,0,8,20529,65476,0,0,30147,60.0,0.0,10.0,10.0,2.0,0.0
2026-02-16T12:37:54,ERR,ERR,ERR,ERR,ERR,ERR,ERR,ERR,ERR,ERR,ERR,ERR,ERR,ERR,ERR,ERR,ERR,ERR,ERR,ERR,ERR,ERR,ERR,ERR,ERR,ERR,ERR,ERR,ERR,ERR,ERR,ERR,ERR,ERR,ERR,ERR,ERR,ERR,ERR,ERR,ERR,ERR,ERR,ERR,ERR,ERR,ERR,ERR,ERR,ERR,ERR,ERR,ERR,ERR,ERR,ERR,ERR,ERR,ERR,ERR,ERR,ERR,ERR,ERR,ERR,ERR,ERR,ERR,ERR,ERR,ERR,ERR,ERR,ERR,ERR,ERR,ERR,ERR,ERR,ERR,ERR,ERR,ERR,ERR,ERR,ERR,ERR,ERR,ERR,ERR,ERR,ERR,ERR,ERR,ERR,ERR,ERR,ERR,ERR,ERR,ERR,ERR,ERR,ERR,ERR,ERR,ERR,ERR,ERR,ERR,ERR,ERR,ERR,ERR,ERR,ERR,ERR,ERR,ERR,ERR,ERR,ERR,ERR,ERR,ERR,0.0,-0.0,0.0,0.0,0.0,2.0125695030547855e+37,-0.0,0.0,4300,0,8,17169,4300,0.0,41,0.0,0.0,0.0,0.0,0.0,0,0,0,0,0.0,0,0,0,0,0,0,0,0,0,0,0,0,0,0,0,0,0,0,0,0,0,0,0,0,0,0,0,0,0,0,0,0,0,9,38,38,46,65476,399,65476,1,0,4,21553,0.0,0.0,0.0,0.0,0.0,0.0,0.0,0.0,0.0,0.0,0.0,0.0,0.0,0.0,0.0,0.0,0.0,0.0,0.0,0.0,0.0,2.004,2.004,-0.0,0.0,-0.0,0.0,0.0,0.0,0.0,6651.0,0.0,0.0,0.0,-0.0,0.0,0.0,-0.0,0.0,2.004,2.004,228,-71.629,-0.0,0.0,0.0,0.0,0.0,0.0,0.0,0.0,0,0,0,-0.327,0.004,505224364032.0,1.883338206488698e+25,4.5996034851497574e+17,0.0,-2.6751278203789317e+22,-0.0,0.732,-1.9636110606930772e+30,-1978.193,7011332784128000.0,0.0,0.0,0.0,-0.0,0,1.3516416376850534e+27,228,0.0,456,0.0,2.6475257086227406e+23,2114,52429,17109,0,17112,52429,17095,0,0,0,101,100,100,0.0,65.9,-107615256.0,65.8,-0.0,65.5,1,49,50,180,52429,52429,0,0,0.0,0.0,0.0,60.0,149170400.0,71.0,0.0,7.238280490526089e+36,0.0,1069,0,1069,0,0,0,1070,0,1080,0,999,0,658,0,659,0,655,0,676,0.032,1.4609821306377965e+22,0.0,0.0,64144,16813,149170400.0,7.238280490526089e+36,0.0,-1.4172695808013096e+33,777.025,0.0,50.0,60.0,35,0.0,0.0,10.0,2.0,0.0,0.0,0.0,0.0,0.0,0.0,0.0,0.0,0.0,0.0,0.0,0.0,58.8,53,12,65510,27,65476,0,300,0,0,8,20529,65476,0,0,30147,60.0,0.0,10.0,10.0,2.0,0.0
2026-02-16T12:37:55,ERR,ERR,ERR,ERR,ERR,ERR,ERR,ERR,ERR,ERR,ERR,ERR,ERR,ERR,ERR,ERR,ERR,ERR,ERR,ERR,ERR,ERR,ERR,ERR,ERR,ERR,ERR,ERR,ERR,ERR,ERR,ERR,ERR,ERR,ERR,ERR,ERR,ERR,ERR,ERR,ERR,ERR,ERR,ERR,ERR,ERR,ERR,ERR,ERR,ERR,ERR,ERR,ERR,ERR,ERR,ERR,ERR,ERR,ERR,ERR,ERR,ERR,ERR,ERR,ERR,ERR,ERR,ERR,ERR,ERR,ERR,ERR,ERR,ERR,ERR,ERR,ERR,ERR,ERR,ERR,ERR,ERR,ERR,ERR,ERR,ERR,ERR,ERR,ERR,ERR,ERR,ERR,ERR,ERR,ERR,ERR,ERR,ERR,ERR,ERR,ERR,ERR,ERR,ERR,ERR,ERR,ERR,ERR,ERR,ERR,ERR,ERR,ERR,ERR,ERR,ERR,ERR,ERR,ERR,ERR,ERR,ERR,ERR,ERR,ERR,0.0,-0.0,0.0,0.0,0.0,2.0125695030547855e+37,-0.0,0.0,4300,0,8,17169,4300,0.0,41,0.0,0.0,0.0,0.0,0.0,0,0,0,0,0.0,0,0,0,0,0,0,0,0,0,0,0,0,0,0,0,0,0,0,0,0,0,0,0,0,0,0,0,0,0,0,0,0,0,9,38,38,46,65476,399,65476,1,0,4,21553,0.0,0.0,0.0,0.0,0.0,0.0,0.0,0.0,0.0,0.0,0.0,0.0,0.0,0.0,0.0,0.0,0.0,0.0,0.0,0.0,0.0,2.004,2.004,-0.0,0.0,-0.0,0.0,0.0,0.0,0.0,6651.0,0.0,0.0,0.0,-0.0,0.0,0.0,-0.0,0.0,2.004,2.004,228,-71.629,-0.0,0.0,0.0,0.0,0.0,0.0,0.0,0.0,0,0,0,-0.327,0.004,505224364032.0,1.883338206488698e+25,4.5996034851497574e+17,0.0,-2.6751278203789317e+22,-0.0,0.732,-1.9636110606930772e+30,-1978.193,7011332784128000.0,0.0,0.0,0.0,-0.0,0,1.3516416376850534e+27,228,0.0,456,0.0,2.6475257086227406e+23,2114,52429,17109,0,17112,52429,17095,0,0,0,101,100,100,0.0,65.9,-107615256.0,65.8,-0.0,65.5,1,49,50,180,52429,52429,0,0,0.0,0.0,0.0,60.0,149170400.0,71.0,0.0,7.238280490526089e+36,0.0,1069,0,1069,0,0,0,1070,0,1080,0,999,0,658,0,659,0,655,0,676,0.032,1.4609821306377965e+22,0.0,0.0,64144,16813,149170400.0,7.238280490526089e+36,0.0,-1.4172695808013096e+33,777.025,0.0,50.0,60.0,35,0.0,0.0,10.0,2.0,0.0,0.0,0.0,0.0,0.0,0.0,0.0,0.0,0.0,0.0,0.0,0.0,59.2,53,12,65510,27,65476,0,65476,0,0,2,20529,65476,0,0,30147,60.0,0.0,10.0,10.0,2.0,0.0
2026-02-16T12:37:56,ERR,ERR,ERR,ERR,ERR,ERR,ERR,ERR,ERR,ERR,ERR,ERR,ERR,ERR,ERR,ERR,ERR,ERR,ERR,ERR,ERR,ERR,ERR,ERR,ERR,ERR,ERR,ERR,ERR,ERR,ERR,ERR,ERR,ERR,ERR,ERR,ERR,ERR,ERR,ERR,ERR,ERR,ERR,ERR,ERR,ERR,ERR,ERR,ERR,ERR,ERR,ERR,ERR,ERR,ERR,ERR,ERR,ERR,ERR,ERR,ERR,ERR,ERR,ERR,ERR,ERR,ERR,ERR,ERR,ERR,ERR,ERR,ERR,ERR,ERR,ERR,ERR,ERR,ERR,ERR,ERR,ERR,ERR,ERR,ERR,ERR,ERR,ERR,ERR,ERR,ERR,ERR,ERR,ERR,ERR,ERR,ERR,ERR,ERR,ERR,ERR,ERR,ERR,ERR,ERR,ERR,ERR,ERR,ERR,ERR,ERR,ERR,ERR,ERR,ERR,ERR,ERR,ERR,ERR,ERR,ERR,ERR,ERR,ERR,ERR,0.0,-0.0,0.0,0.0,0.0,2.0125695030547855e+37,-0.0,0.0,4300,0,8,17169,4300,0.0,41,0.0,0.0,0.0,0.0,0.0,0,0,0,0,0.0,0,0,0,0,0,0,0,0,0,0,0,0,0,0,0,0,0,0,0,0,0,0,0,0,0,0,0,0,0,0,0,0,0,9,38,38,46,65476,399,65476,1,0,4,21553,0.0,0.0,0.0,0.0,0.0,0.0,0.0,0.0,0.0,0.0,0.0,0.0,0.0,0.0,0.0,0.0,0.0,0.0,0.0,0.0,0.0,2.004,2.004,-0.0,0.0,-0.0,0.0,0.0,0.0,0.0,6651.0,0.0,0.0,0.0,-0.0,0.0,0.0,-0.0,0.0,2.004,2.004,228,-71.629,-0.0,0.0,0.0,0.0,0.0,0.0,0.0,0.0,0,0,0,-0.327,0.004,505224364032.0,1.883338206488698e+25,4.5996034851497574e+17,0.0,-2.6751278203789317e+22,-0.0,0.732,-1.9636110606930772e+30,-1978.193,7011332784128000.0,0.0,0.0,0.0,-0.0,0,1.3516416376850534e+27,228,0.0,456,0.0,2.6475257086227406e+23,2114,52429,17109,0,17112,52429,17095,0,0,0,101,100,100,0.0,65.9,-107615256.0,65.8,-0.0,65.5,1,49,50,180,52429,52429,0,0,0.0,0.0,0.0,60.0,11494018252800.0,71.0,0.0,0.0,0.0,1069,0,1069,0,0,0,1069,0,1080,0,999,0,658,0,659,0,655,0,676,0.032,1.4536034330083127e+22,0.0,0.0,10896,16814,1.3018779454590157e+17,0.0,-2106686308352.0,2.9308674332530768e+29,0.0,0.0,50.0,60.0,35,0.0,0.0,10.0,2.0,0.0,0.0,0.0,0.0,0.0,0.0,0.0,0.0,0.0,0.0,0.0,0.0,59.2,53,12,65510,27,65476,0,65476,1,0,4,20529,65476,0,0,30147,60.0,0.0,10.0,10.0,2.0,0.0
2026-02-16T12:37:57,ERR,ERR,ERR,ERR,ERR,ERR,ERR,ERR,ERR,ERR,ERR,ERR,ERR,ERR,ERR,ERR,ERR,ERR,ERR,ERR,ERR,ERR,ERR,ERR,ERR,ERR,ERR,ERR,ERR,ERR,ERR,ERR,ERR,ERR,ERR,ERR,ERR,ERR,ERR,ERR,ERR,ERR,ERR,ERR,ERR,ERR,ERR,ERR,ERR,ERR,ERR,ERR,ERR,ERR,ERR,ERR,ERR,ERR,ERR,ERR,ERR,ERR,ERR,ERR,ERR,ERR,ERR,ERR,ERR,ERR,ERR,ERR,ERR,ERR,ERR,ERR,ERR,ERR,ERR,ERR,ERR,ERR,ERR,ERR,ERR,ERR,ERR,ERR,ERR,ERR,ERR,ERR,ERR,ERR,ERR,ERR,ERR,ERR,ERR,ERR,ERR,ERR,ERR,ERR,ERR,ERR,ERR,ERR,ERR,ERR,ERR,ERR,ERR,ERR,ERR,ERR,ERR,ERR,ERR,ERR,ERR,ERR,ERR,ERR,ERR,0.0,-0.0,0.0,0.0,0.0,-0.0,-1.9401046279437733e+20,0.0,4300,0,8,17169,4300,0.0,41,0.0,0.0,0.0,0.0,0.0,0,0,0,0,0.0,0,0,0,0,0,0,0,0,0,0,0,0,0,0,0,0,0,0,0,0,0,0,0,0,0,0,0,0,0,0,0,0,0,8,38,38,46,65476,397,65476,1,0,4,21553,0.0,0.0,0.0,0.0,0.0,0.0,0.0,0.0,0.0,0.0,0.0,0.0,0.0,0.0,0.0,0.0,0.0,0.0,0.0,0.0,0.0,2.004,2.004,-0.0,0.0,3.69707618246192e+19,0.0,0.0,0.0,0.0,6626.0,0.0,0.0,0.0,-0.0,0.0,-2.7184507374263774e+23,0.0,0.0,2.004,2.004,227,-4.9504015179484054e+32,-0.0,0.0,0.0,0.0,0.0,0.0,0.0,0.0,0,0,0,-49.066,3.626424609289666e+37,1691166995120128.0,-0.0,6.678117671450066e+22,-0.0,-0.0,0.0,1.9136879427602696e+25,-2.0824533044644737e+30,-2100.385,7433545249193984.0,0.0,0.0,0.0,5.0838352968815814e+22,0,1.3516416376850534e+27,227,0.0,454,2.40156025918058e+36,0.0,2114,52429,17109,0,17112,52429,17095,0,0,0,101,100,100,0.0,65.9,-107615256.0,65.8,-0.0,65.5,1,49,50,180,52429,52429,0,0,0.0,0.0,0.0,60.0,11494018252800.0,71.0,0.0,0.0,0.0,1069,0,1069,0,0,0,1069,0,1080,0,999,0,658,0,659,0,655,0,676,0.032,1.4536034330083127e+22,0.0,0.0,10896,16814,1.3018779454590157e+17,0.0,-2106686308352.0,2.9308674332530768e+29,0.0,0.0,50.0,60.0,35,0.0,0.0,10.0,2.0,0.0,0.0,0.0,0.0,0.0,0.0,0.0,0.0,0.0,0.0,0.0,0.0,59.2,53,12,65510,27,65476,0,65476,1,0,4,20529,65476,0,0,30147,60.0,0.0,10.0,10.0,2.0,0.0
2026-02-16T12:37:58,ERR,ERR,ERR,ERR,ERR,ERR,ERR,ERR,ERR,ERR,ERR,ERR,ERR,ERR,ERR,ERR,ERR,ERR,ERR,ERR,ERR,ERR,ERR,ERR,ERR,ERR,ERR,ERR,ERR,ERR,ERR,ERR,ERR,ERR,ERR,ERR,ERR,ERR,ERR,ERR,ERR,ERR,ERR,ERR,ERR,ERR,ERR,ERR,ERR,ERR,ERR,ERR,ERR,ERR,ERR,ERR,ERR,ERR,ERR,ERR,ERR,ERR,ERR,ERR,ERR,ERR,ERR,ERR,ERR,ERR,ERR,ERR,ERR,ERR,ERR,ERR,ERR,ERR,ERR,ERR,ERR,ERR,ERR,ERR,ERR,ERR,ERR,ERR,ERR,ERR,ERR,ERR,ERR,ERR,ERR,ERR,ERR,ERR,ERR,ERR,ERR,ERR,ERR,ERR,ERR,ERR,ERR,ERR,ERR,ERR,ERR,ERR,ERR,ERR,ERR,ERR,ERR,ERR,ERR,ERR,ERR,ERR,ERR,ERR,ERR,0.0,-0.0,0.0,0.0,0.0,-0.0,-1.9401046279437733e+20,0.0,4300,0,8,17169,4300,0.0,41,0.0,0.0,0.0,0.0,0.0,0,0,0,0,0.0,0,0,0,0,0,0,0,0,0,0,0,0,0,0,0,0,0,0,0,0,0,0,0,0,0,0,0,0,0,0,0,0,0,8,38,38,46,65476,397,65476,1,0,4,21553,0.0,0.0,0.0,0.0,0.0,0.0,0.0,0.0,0.0,0.0,0.0,0.0,0.0,0.0,0.0,0.0,0.0,0.0,0.0,0.0,0.0,2.004,2.004,-0.0,0.0,3.69707618246192e+19,0.0,0.0,0.0,0.0,6626.0,0.0,0.0,0.0,-0.0,0.0,-2.7184507374263774e+23,0.0,0.0,2.004,2.004,227,-4.9504015179484054e+32,-0.0,0.0,0.0,0.0,0.0,0.0,0.0,0.0,0,0,0,-49.066,3.626424609289666e+37,1691166995120128.0,-0.0,6.678117671450066e+22,-0.0,-0.0,0.0,1.9136879427602696e+25,-2.0824533044644737e+30,-2100.385,7433545249193984.0,0.0,0.0,0.0,5.0838352968815814e+22,0,1.3516416376850534e+27,227,0.0,454,2.40156025918058e+36,0.0,2114,52429,17109,0,17112,52429,17095,0,0,0,101,100,100,0.0,65.9,-107615256.0,65.8,-0.0,65.5,1,49,50,180,52429,52429,0,0,0.0,0.0,0.0,60.0,11494018252800.0,71.0,0.0,0.0,0.0,1069,0,1069,0,0,0,1069,0,1080,0,999,0,658,0,659,0,655,0,676,0.032,1.4536034330083127e+22,0.0,0.0,10896,16814,1.3018779454590157e+17,0.0,-2106686308352.0,2.9308674332530768e+29,0.0,0.0,50.0,60.0,35,0.0,0.0,10.0,2.0,0.0,0.0,0.0,0.0,0.0,0.0,0.0,0.0,0.0,0.0,0.0,0.0,58.8,53,12,65510,27,65476,0,65476,1,0,4,20529,65476,0,0,30147,60.0,0.0,10.0,10.0,2.0,0.0
2026-02-16T12:37:59,ERR,ERR,ERR,ERR,ERR,ERR,ERR,ERR,ERR,ERR,ERR,ERR,ERR,ERR,ERR,ERR,ERR,ERR,ERR,ERR,ERR,ERR,ERR,ERR,ERR,ERR,ERR,ERR,ERR,ERR,ERR,ERR,ERR,ERR,ERR,ERR,ERR,ERR,ERR,ERR,ERR,ERR,ERR,ERR,ERR,ERR,ERR,ERR,ERR,ERR,ERR,ERR,ERR,ERR,ERR,ERR,ERR,ERR,ERR,ERR,ERR,ERR,ERR,ERR,ERR,ERR,ERR,ERR,ERR,ERR,ERR,ERR,ERR,ERR,ERR,ERR,ERR,ERR,ERR,ERR,ERR,ERR,ERR,ERR,ERR,ERR,ERR,ERR,ERR,ERR,ERR,ERR,ERR,ERR,ERR,ERR,ERR,ERR,ERR,ERR,ERR,ERR,ERR,ERR,ERR,ERR,ERR,ERR,ERR,ERR,ERR,ERR,ERR,ERR,ERR,ERR,ERR,ERR,ERR,ERR,ERR,ERR,ERR,ERR,ERR,0.0,-0.0,0.0,0.0,0.0,-0.0,-1.9401046279437733e+20,0.0,4300,0,8,17169,4300,0.0,41,0.0,0.0,0.0,0.0,0.0,0,0,0,0,0.0,0,0,0,0,0,0,0,0,0,0,0,0,0,0,0,0,0,0,0,0,0,0,0,0,0,0,0,0,0,0,0,0,0,8,38,38,46,65476,397,65476,1,0,4,21553,0.0,0.0,0.0,0.0,0.0,0.0,0.0,0.0,0.0,0.0,0.0,0.0,0.0,0.0,0.0,0.0,0.0,0.0,0.0,0.0,0.0,2.004,2.004,-0.0,0.0,3.69707618246192e+19,0.0,0.0,0.0,0.0,6626.0,0.0,0.0,0.0,-0.0,0.0,-2.7184507374263774e+23,0.0,0.0,2.004,2.004,227,-4.9504015179484054e+32,-0.0,0.0,0.0,0.0,0.0,0.0,0.0,0.0,0,0,0,-49.066,3.626424609289666e+37,1691166995120128.0,-0.0,6.678117671450066e+22,-0.0,-0.0,0.0,1.9136879427602696e+25,-2.0824533044644737e+30,-2100.385,7433545249193984.0,0.0,0.0,0.0,5.0838352968815814e+22,0,1.3516416376850534e+27,227,0.0,454,2.40156025918058e+36,0.0,2114,52429,17109,0,17112,52429,17095,0,0,0,101,100,100,0.0,65.9,-107615256.0,65.8,-0.0,65.5,1,49,50,180,52429,52429,0,0,0.0,0.0,0.0,60.0,9.463916048352075e+21,71.0,0.0,0.0,0.0,1069,0,1069,0,0,0,1069,0,1080,0,999,0,658,0,660,0,655,0,676,0.032,1.4536034330083127e+22,0.0,0.0,60048,16813,56978104320.0,0.0,-0.0,-3.277,-1.8606590875715768e+25,-3.0213497695641227e+28,50.0,60.0,35,0.0,0.0,10.0,2.0,0.0,0.0,0.0,0.0,0.0,0.0,0.0,0.0,0.0,0.0,0.0,0.0,58.8,53,12,65510,27,65476,0,65476,1,0,4,20529,65476,0,0,30147,60.0,0.0,10.0,10.0,2.0,0.0
2026-02-16T12:38:00,ERR,ERR,ERR,ERR,ERR,ERR,ERR,ERR,ERR,ERR,ERR,ERR,ERR,ERR,ERR,ERR,ERR,ERR,ERR,ERR,ERR,ERR,ERR,ERR,ERR,ERR,ERR,ERR,ERR,ERR,ERR,ERR,ERR,ERR,ERR,ERR,ERR,ERR,ERR,ERR,ERR,ERR,ERR,ERR,ERR,ERR,ERR,ERR,ERR,ERR,ERR,ERR,ERR,ERR,ERR,ERR,ERR,ERR,ERR,ERR,ERR,ERR,ERR,ERR,ERR,ERR,ERR,ERR,ERR,ERR,ERR,ERR,ERR,ERR,ERR,ERR,ERR,ERR,ERR,ERR,ERR,ERR,ERR,ERR,ERR,ERR,ERR,ERR,ERR,ERR,ERR,ERR,ERR,ERR,ERR,ERR,ERR,ERR,ERR,ERR,ERR,ERR,ERR,ERR,ERR,ERR,ERR,ERR,ERR,ERR,ERR,ERR,ERR,ERR,ERR,ERR,ERR,ERR,ERR,ERR,ERR,ERR,ERR,ERR,ERR,0.0,-0.0,0.0,0.0,0.0,-0.0,-1.9401046279437733e+20,0.0,4300,0,8,17169,4300,0.0,41,0.0,0.0,0.0,0.0,0.0,0,0,0,0,0.0,0,0,0,0,0,0,0,0,0,0,0,0,0,0,0,0,0,0,0,0,0,0,0,0,0,0,0,0,0,0,0,0,0,8,38,38,46,65476,397,65476,1,0,4,21553,0.0,0.0,0.0,0.0,0.0,0.0,0.0,0.0,0.0,0.0,0.0,0.0,0.0,0.0,0.0,0.0,0.0,0.0,0.0,0.0,0.0,2.004,2.004,-0.0,0.0,3.69707618246192e+19,0.0,0.0,0.0,0.0,6626.0,0.0,0.0,0.0,-0.0,0.0,-2.7184507374263774e+23,0.0,0.0,2.004,2.004,227,-4.9504015179484054e+32,-0.0,0.0,0.0,0.0,0.0,0.0,0.0,0.0,0,0,0,-49.066,3.626424609289666e+37,1691166995120128.0,-0.0,6.678117671450066e+22,-0.0,-0.0,0.0,1.9136879427602696e+25,-2.0824533044644737e+30,-2100.385,7433545249193984.0,0.0,0.0,0.0,5.0838352968815814e+22,0,1.3516416376850534e+27,227,0.0,454,2.40156025918058e+36,0.0,2114,52429,17109,0,17112,52429,17095,0,0,0,101,100,100,0.0,65.9,-107615256.0,65.8,-0.0,65.5,1,49,50,180,52429,52429,0,0,0.0,0.0,0.0,60.0,9.463916048352075e+21,71.0,0.0,0.0,0.0,1069,0,1069,0,0,0,1069,0,1080,0,999,0,658,0,660,0,655,0,676,0.032,1.4536034330083127e+22,0.0,0.0,60048,16813,56978104320.0,0.0,-0.0,-3.277,-1.8606590875715768e+25,-3.0213497695641227e+28,50.0,60.0,35,0.0,0.0,10.0,2.0,0.0,0.0,0.0,0.0,0.0,0.0,0.0,0.0,0.0,0.0,0.0,0.0,58.8,53,12,65510,27,65476,0,300,1,0,8,20529,65476,0,0,30147,60.0,0.0,10.0,10.0,2.0,0.0
2026-02-16T12:38:01,ERR,ERR,ERR,ERR,ERR,ERR,ERR,ERR,ERR,ERR,ERR,ERR,ERR,ERR,ERR,ERR,ERR,ERR,ERR,ERR,ERR,ERR,ERR,ERR,ERR,ERR,ERR,ERR,ERR,ERR,ERR,ERR,ERR,ERR,ERR,ERR,ERR,ERR,ERR,ERR,ERR,ERR,ERR,ERR,ERR,ERR,ERR,ERR,ERR,ERR,ERR,ERR,ERR,ERR,ERR,ERR,ERR,ERR,ERR,ERR,ERR,ERR,ERR,ERR,ERR,ERR,ERR,ERR,ERR,ERR,ERR,ERR,ERR,ERR,ERR,ERR,ERR,ERR,ERR,ERR,ERR,ERR,ERR,ERR,ERR,ERR,ERR,ERR,ERR,ERR,ERR,ERR,ERR,ERR,ERR,ERR,ERR,ERR,ERR,ERR,ERR,ERR,ERR,ERR,ERR,ERR,ERR,ERR,ERR,ERR,ERR,ERR,ERR,ERR,ERR,ERR,ERR,ERR,ERR,ERR,ERR,ERR,ERR,ERR,ERR,0.0,-0.0,0.0,0.0,0.0,-0.0,-1.9401046279437733e+20,0.0,4300,0,8,17169,4300,0.0,41,0.0,0.0,0.0,0.0,0.0,0,0,0,0,0.0,0,0,0,0,0,0,0,0,0,0,0,0,0,0,0,0,0,0,0,0,0,0,0,0,0,0,0,0,0,0,0,0,0,8,38,38,46,65476,397,65476,1,0,4,21553,0.0,0.0,0.0,0.0,0.0,0.0,0.0,0.0,0.0,0.0,0.0,0.0,0.0,0.0,0.0,0.0,0.0,0.0,0.0,0.0,0.0,2.004,2.004,-0.0,0.0,3.69707618246192e+19,0.0,0.0,0.0,0.0,6626.0,0.0,0.0,0.0,-0.0,0.0,-2.7184507374263774e+23,0.0,0.0,2.004,2.004,227,-4.9504015179484054e+32,-0.0,0.0,0.0,0.0,0.0,0.0,0.0,0.0,0,0,0,-49.066,3.626424609289666e+37,1691166995120128.0,-0.0,6.678117671450066e+22,-0.0,-0.0,0.0,1.9136879427602696e+25,-2.0824533044644737e+30,-2100.385,7433545249193984.0,0.0,0.0,0.0,5.0838352968815814e+22,0,1.3516416376850534e+27,227,0.0,454,2.40156025918058e+36,0.0,2114,52429,17109,0,17112,52429,17095,0,0,0,101,100,100,0.0,65.9,-107615256.0,65.8,-0.0,65.5,1,49,50,180,52429,52429,0,0,0.0,0.0,0.0,60.0,9.463916048352075e+21,71.0,0.0,0.0,0.0,1069,0,1069,0,0,0,1069,0,1080,0,999,0,658,0,660,0,655,0,676,0.032,1.4536034330083127e+22,0.0,0.0,60048,16813,56978104320.0,0.0,-0.0,-3.277,-1.8606590875715768e+25,-3.0213497695641227e+28,50.0,60.0,35,0.0,0.0,10.0,2.0,0.0,0.0,0.0,0.0,0.0,0.0,0.0,0.0,0.0,0.0,0.0,0.0,58.8,53,12,65510,27,65476,4,300,0,0,8,20529,65476,0,0,30147,60.0,0.0,10.0,10.0,2.0,0.0
2026-02-16T12:38:02,ERR,ERR,ERR,ERR,ERR,ERR,ERR,ERR,ERR,ERR,ERR,ERR,ERR,ERR,ERR,ERR,ERR,ERR,ERR,ERR,ERR,ERR,ERR,ERR,ERR,ERR,ERR,ERR,ERR,ERR,ERR,ERR,ERR,ERR,ERR,ERR,ERR,ERR,ERR,ERR,ERR,ERR,ERR,ERR,ERR,ERR,ERR,ERR,ERR,ERR,ERR,ERR,ERR,ERR,ERR,ERR,ERR,ERR,ERR,ERR,ERR,ERR,ERR,ERR,ERR,ERR,ERR,ERR,ERR,ERR,ERR,ERR,ERR,ERR,ERR,ERR,ERR,ERR,ERR,ERR,ERR,ERR,ERR,ERR,ERR,ERR,ERR,ERR,ERR,ERR,ERR,ERR,ERR,ERR,ERR,ERR,ERR,ERR,ERR,ERR,ERR,ERR,ERR,ERR,ERR,ERR,ERR,ERR,ERR,ERR,ERR,ERR,ERR,ERR,ERR,ERR,ERR,ERR,ERR,ERR,ERR,ERR,ERR,ERR,ERR,0.0,-0.0,0.0,0.0,0.0,365618200576.0,4.562483776489699e+29,13254673.0,4300,0,8,17169,4300,0.0,41,0.0,0.0,0.0,0.0,0.0,0,0,0,0,0.0,0,0,0,0,0,0,0,0,0,0,0,0,0,0,0,0,0,0,0,0,0,0,0,0,0,0,0,0,0,0,0,0,0,8,38,38,46,65476,394,65476,1,0,4,21553,0.0,0.0,0.0,0.0,0.0,0.0,0.0,0.0,0.0,0.0,0.0,0.0,0.0,0.0,0.0,0.0,0.0,0.0,0.0,0.0,0.0,2.004,2.004,-0.0,2.004,2.004,0.0,0.0,0.0,0.0,6624.0,131351.234,0.0,0.0,-0.0,0.0,-107616264.0,-0.0,0.0,2.004,2.004,227,-4.9504015179484054e+32,-0.0,0.0,0.0,0.0,0.0,0.0,0.0,0.0,0,0,0,-0.038,1.7978802481061566e+38,801603032449024.0,-3.5361148353757965e+36,1.412361989636645e+23,-0.0,1.7468856561143915e+37,0.0,0.0,-2.2012955482358702e+30,-2308.385,7890942086348800.0,0.0,0.0,0.0,0.0,0,1.3516416376850534e+27,227,0.0,454,2.40156025918058e+36,-0.0,2114,52429,17109,0,17112,52429,17095,0,0,0,101,100,100,0.0,65.9,-107615256.0,65.8,-0.0,65.5,1,49,50,180,52429,52429,0,0,0.0,0.0,0.0,60.0,291348.438,71.0,0.0,-18287872000.0,0.0,1069,0,1069,0,0,0,1069,0,1080,0,999,0,658,0,659,0,655,0,676,0.032,1.4609821306377965e+22,0.0,0.0,4240,16814,41408847872.0,-0.0,0.0,-0.0,1.105441583764611e+34,3575614766317568.0,50.0,60.0,35,0.0,0.0,10.0,2.0,0.0,0.0,0.0,0.0,0.0,0.0,0.0,0.0,0.0,0.0,0.0,0.0,58.8,53,12,65510,27,65476,4,300,0,0,8,20529,65476,0,0,30147,60.0,0.0,10.0,10.0,2.0,0.0
2026-02-16T12:38:03,ERR,ERR,ERR,ERR,ERR,ERR,ERR,ERR,ERR,ERR,ERR,ERR,ERR,ERR,ERR,ERR,ERR,ERR,ERR,ERR,ERR,ERR,ERR,ERR,ERR,ERR,ERR,ERR,ERR,ERR,ERR,ERR,ERR,ERR,ERR,ERR,ERR,ERR,ERR,ERR,ERR,ERR,ERR,ERR,ERR,ERR,ERR,ERR,ERR,ERR,ERR,ERR,ERR,ERR,ERR,ERR,ERR,ERR,ERR,ERR,ERR,ERR,ERR,ERR,ERR,ERR,ERR,ERR,ERR,ERR,ERR,ERR,ERR,ERR,ERR,ERR,ERR,ERR,ERR,ERR,ERR,ERR,ERR,ERR,ERR,ERR,ERR,ERR,ERR,ERR,ERR,ERR,ERR,ERR,ERR,ERR,ERR,ERR,ERR,ERR,ERR,ERR,ERR,ERR,ERR,ERR,ERR,ERR,ERR,ERR,ERR,ERR,ERR,ERR,ERR,ERR,ERR,ERR,ERR,ERR,ERR,ERR,ERR,ERR,ERR,0.0,-0.0,0.0,0.0,0.0,365618200576.0,4.562483776489699e+29,13254673.0,4300,0,8,17169,4300,0.0,41,0.0,0.0,0.0,0.0,0.0,0,0,0,0,0.0,0,0,0,0,0,0,0,0,0,0,0,0,0,0,0,0,0,0,0,0,0,0,0,0,0,0,0,0,0,0,0,0,0,8,38,38,46,65476,394,65476,1,0,4,21553,0.0,0.0,0.0,0.0,0.0,0.0,0.0,0.0,0.0,0.0,0.0,0.0,0.0,0.0,0.0,0.0,0.0,0.0,0.0,0.0,0.0,2.004,2.004,-0.0,2.004,2.004,0.0,0.0,0.0,0.0,6624.0,131351.234,0.0,0.0,-0.0,0.0,-107616264.0,-0.0,0.0,2.004,2.004,227,-4.9504015179484054e+32,-0.0,0.0,0.0,0.0,0.0,0.0,0.0,0.0,0,0,0,-0.038,1.7978802481061566e+38,801603032449024.0,-3.5361148353757965e+36,1.412361989636645e+23,-0.0,1.7468856561143915e+37,0.0,0.0,-2.2012955482358702e+30,-2308.385,7890942086348800.0,0.0,0.0,0.0,0.0,0,1.3516416376850534e+27,227,0.0,454,2.40156025918058e+36,-0.0,2114,52429,17109,0,17112,52429,17095,0,0,0,101,100,100,0.0,65.9,-107615256.0,65.8,-0.0,65.5,1,49,50,180,52429,52429,0,0,0.0,0.0,0.0,60.0,291348.438,71.0,0.0,-18287872000.0,0.0,1069,0,1069,0,0,0,1069,0,1080,0,999,0,658,0,659,0,655,0,676,0.032,1.4609821306377965e+22,0.0,0.0,4240,16814,41408847872.0,-0.0,0.0,-0.0,1.105441583764611e+34,3575614766317568.0,50.0,60.0,35,0.0,0.0,10.0,2.0,0.0,0.0,0.0,0.0,0.0,0.0,0.0,0.0,0.0,0.0,0.0,0.0,58.8,52,12,65510,27,65476,0,300,0,0,4,20529,65476,0,0,30147,60.0,0.0,10.0,10.0,2.0,0.0
2026-02-16T12:38:04,ERR,ERR,ERR,ERR,ERR,ERR,ERR,ERR,ERR,ERR,ERR,ERR,ERR,ERR,ERR,ERR,ERR,ERR,ERR,ERR,ERR,ERR,ERR,ERR,ERR,ERR,ERR,ERR,ERR,ERR,ERR,ERR,ERR,ERR,ERR,ERR,ERR,ERR,ERR,ERR,ERR,ERR,ERR,ERR,ERR,ERR,ERR,ERR,ERR,ERR,ERR,ERR,ERR,ERR,ERR,ERR,ERR,ERR,ERR,ERR,ERR,ERR,ERR,ERR,ERR,ERR,ERR,ERR,ERR,ERR,ERR,ERR,ERR,ERR,ERR,ERR,ERR,ERR,ERR,ERR,ERR,ERR,ERR,ERR,ERR,ERR,ERR,ERR,ERR,ERR,ERR,ERR,ERR,ERR,ERR,ERR,ERR,ERR,ERR,ERR,ERR,ERR,ERR,ERR,ERR,ERR,ERR,ERR,ERR,ERR,ERR,ERR,ERR,ERR,ERR,ERR,ERR,ERR,ERR,ERR,ERR,ERR,ERR,ERR,ERR,0.0,-0.0,0.0,0.0,0.0,365618200576.0,4.562483776489699e+29,13254673.0,4300,0,8,17169,4300,0.0,41,0.0,0.0,0.0,0.0,0.0,0,0,0,0,0.0,0,0,0,0,0,0,0,0,0,0,0,0,0,0,0,0,0,0,0,0,0,0,0,0,0,0,0,0,0,0,0,0,0,8,38,38,46,65476,394,65476,1,0,4,21553,0.0,0.0,0.0,0.0,0.0,0.0,0.0,0.0,0.0,0.0,0.0,0.0,0.0,0.0,0.0,0.0,0.0,0.0,0.0,0.0,0.0,2.004,2.004,-0.0,2.004,2.004,0.0,0.0,0.0,0.0,6624.0,131351.234,0.0,0.0,-0.0,0.0,-107616264.0,-0.0,0.0,2.004,2.004,227,-4.9504015179484054e+32,-0.0,0.0,0.0,0.0,0.0,0.0,0.0,0.0,0,0,0,-0.038,1.7978802481061566e+38,801603032449024.0,-3.5361148353757965e+36,1.412361989636645e+23,-0.0,1.7468856561143915e+37,0.0,0.0,-2.2012955482358702e+30,-2308.385,7890942086348800.0,0.0,0.0,0.0,0.0,0,1.3516416376850534e+27,227,0.0,454,2.40156025918058e+36,-0.0,2114,52429,17109,0,17112,52429,17095,0,0,0,101,100,100,0.0,65.9,-107615256.0,65.8,-0.0,65.5,1,49,50,180,52429,52429,0,0,0.0,0.0,0.0,60.0,291348.438,71.0,0.0,-18287872000.0,0.0,1069,0,1069,0,0,0,1069,0,1080,0,999,0,658,0,659,0,655,0,676,0.032,1.4609821306377965e+22,0.0,0.0,4240,16814,41408847872.0,-0.0,0.0,-0.0,1.105441583764611e+34,3575614766317568.0,50.0,60.0,35,0.0,0.0,10.0,2.0,0.0,0.0,0.0,0.0,0.0,0.0,0.0,0.0,0.0,0.0,0.0,0.0,58.8,52,12,65510,27,65476,0,300,1,0,8,20529,65476,0,0,30147,60.0,0.0,10.0,10.0,2.0,0.0
2026-02-16T12:38:05,ERR,ERR,ERR,ERR,ERR,ERR,ERR,ERR,ERR,ERR,ERR,ERR,ERR,ERR,ERR,ERR,ERR,ERR,ERR,ERR,ERR,ERR,ERR,ERR,ERR,ERR,ERR,ERR,ERR,ERR,ERR,ERR,ERR,ERR,ERR,ERR,ERR,ERR,ERR,ERR,ERR,ERR,ERR,ERR,ERR,ERR,ERR,ERR,ERR,ERR,ERR,ERR,ERR,ERR,ERR,ERR,ERR,ERR,ERR,ERR,ERR,ERR,ERR,ERR,ERR,ERR,ERR,ERR,ERR,ERR,ERR,ERR,ERR,ERR,ERR,ERR,ERR,ERR,ERR,ERR,ERR,ERR,ERR,ERR,ERR,ERR,ERR,ERR,ERR,ERR,ERR,ERR,ERR,ERR,ERR,ERR,ERR,ERR,ERR,ERR,ERR,ERR,ERR,ERR,ERR,ERR,ERR,ERR,ERR,ERR,ERR,ERR,ERR,ERR,ERR,ERR,ERR,ERR,ERR,ERR,ERR,ERR,ERR,ERR,ERR,0.0,-0.0,0.0,0.0,0.0,365618200576.0,4.562483776489699e+29,13254673.0,4300,0,8,17169,4300,0.0,41,0.0,0.0,0.0,0.0,0.0,0,0,0,0,0.0,0,0,0,0,0,0,0,0,0,0,0,0,0,0,0,0,0,0,0,0,0,0,0,0,0,0,0,0,0,0,0,0,0,8,38,38,46,65476,394,65476,1,0,4,21553,0.0,0.0,0.0,0.0,0.0,0.0,0.0,0.0,0.0,0.0,0.0,0.0,0.0,0.0,0.0,0.0,0.0,0.0,0.0,0.0,0.0,2.004,2.004,-0.0,2.004,2.004,0.0,0.0,0.0,0.0,6624.0,131351.234,0.0,0.0,-0.0,0.0,-107616264.0,-0.0,0.0,2.004,2.004,227,-4.9504015179484054e+32,-0.0,0.0,0.0,0.0,0.0,0.0,0.0,0.0,0,0,0,-0.038,1.7978802481061566e+38,801603032449024.0,-3.5361148353757965e+36,1.412361989636645e+23,-0.0,1.7468856561143915e+37,0.0,0.0,-2.2012955482358702e+30,-2308.385,7890942086348800.0,0.0,0.0,0.0,0.0,0,1.3516416376850534e+27,227,0.0,454,2.40156025918058e+36,-0.0,2114,52429,17109,0,17112,52429,17095,0,0,0,101,100,100,0.0,65.9,-107615256.0,65.8,-0.0,65.5,1,49,50,180,52429,52429,0,0,0.0,0.0,0.0,60.0,291348.438,71.0,0.0,-18287872000.0,0.0,1069,0,1069,0,0,0,1069,0,1080,0,999,0,658,0,659,0,655,0,676,0.032,1.4609821306377965e+22,0.0,0.0,4240,16814,41408847872.0,-0.0,0.0,-0.0,1.105441583764611e+34,3575614766317568.0,50.0,60.0,35,0.0,0.0,10.0,2.0,0.0,0.0,0.0,0.0,0.0,0.0,0.0,0.0,0.0,0.0,0.0,0.0,58.8,52,12,65510,27,65476,0,300,1,0,8,20529,65476,0,0,30147,60.0,0.0,10.0,10.0,2.0,0.0
2026-02-16T12:38:06,ERR,ERR,ERR,ERR,ERR,ERR,ERR,ERR,ERR,ERR,ERR,ERR,ERR,ERR,ERR,ERR,ERR,ERR,ERR,ERR,ERR,ERR,ERR,ERR,ERR,ERR,ERR,ERR,ERR,ERR,ERR,ERR,ERR,ERR,ERR,ERR,ERR,ERR,ERR,ERR,ERR,ERR,ERR,ERR,ERR,ERR,ERR,ERR,ERR,ERR,ERR,ERR,ERR,ERR,ERR,ERR,ERR,ERR,ERR,ERR,ERR,ERR,ERR,ERR,ERR,ERR,ERR,ERR,ERR,ERR,ERR,ERR,ERR,ERR,ERR,ERR,ERR,ERR,ERR,ERR,ERR,ERR,ERR,ERR,ERR,ERR,ERR,ERR,ERR,ERR,ERR,ERR,ERR,ERR,ERR,ERR,ERR,ERR,ERR,ERR,ERR,ERR,ERR,ERR,ERR,ERR,ERR,ERR,ERR,ERR,ERR,ERR,ERR,ERR,ERR,ERR,ERR,ERR,ERR,ERR,ERR,ERR,ERR,ERR,ERR,0.0,-0.0,0.0,0.0,0.0,-1.731375646784455e+38,-6.412892132554926e+22,-0.0,4300,0,8,17169,4300,0.0,41,0.0,0.0,0.0,0.0,0.0,0,0,0,0,0.0,0,0,0,0,0,0,0,0,0,0,0,0,0,0,0,0,0,0,0,0,0,0,0,0,0,0,0,0,0,0,0,0,0,8,38,38,46,65476,392,65476,1,0,4,21553,0.0,-107610720.0,0.0,0.0,0.0,0.0,0.0,0.0,0.0,0.0,0.0,0.0,0.0,0.0,0.0,0.0,0.0,0.0,0.0,0.0,0.0,2.004,2.004,-0.0,2.004,0.0,0.0,0.0,0.0,0.0,6624.0,1.5879389867419013e+29,0.0,0.0,-0.0,0.0,-107616264.0,0.0,0.0,2.004,2.004,228,-4.9504015179484054e+32,-71.63,0.0,0.0,0.0,0.0,0.0,0.0,0.0,0,0,0,-0.0,0.0,2.1421757556169114e+17,nan,0.0,0.0,4.239547099596718e+17,-0.118,-4.287019238827565e+31,-2.3300413123215498e+30,-2516.385,8313154551414784.0,0.0,0.0,0.0,302507968.0,0,1.3516416376850534e+27,228,0.0,456,-621855232.0,-0.0,2114,52429,17109,0,17112,52429,17095,0,0,0,101,100,100,0.0,65.5,0.0,66.3,-0.0,65.5,1,49,50,180,52429,52429,0,0,0.0,0.0,0.0,60.0,1.0855081016557568e+16,71.0,0.0,-13211681161216.0,0.0,1069,0,1069,0,0,0,1069,0,1079,0,999,0,658,0,660,0,655,0,676,0.032,1.4609821306377965e+22,0.0,0.0,7568,16814,1.3018779454590157e+17,-9.653868190953615e+37,-0.0,-0.0,-1.9484944822058437e+21,-0.0,50.0,60.0,35,0.0,0.0,10.0,2.0,0.0,0.0,0.0,0.0,0.0,0.0,0.0,0.0,0.0,0.0,0.0,0.0,58.8,52,13,65511,27,65476,0,65476,0,0,4,20529,65476,0,0,30147,60.0,0.0,10.0,10.0,2.0,0.0
2026-02-16T12:38:07,ERR,ERR,ERR,ERR,ERR,ERR,ERR,ERR,ERR,ERR,ERR,ERR,ERR,ERR,ERR,ERR,ERR,ERR,ERR,ERR,ERR,ERR,ERR,ERR,ERR,ERR,ERR,ERR,ERR,ERR,ERR,ERR,ERR,ERR,ERR,ERR,ERR,ERR,ERR,ERR,ERR,ERR,ERR,ERR,ERR,ERR,ERR,ERR,ERR,ERR,ERR,ERR,ERR,ERR,ERR,ERR,ERR,ERR,ERR,ERR,ERR,ERR,ERR,ERR,ERR,ERR,ERR,ERR,ERR,ERR,ERR,ERR,ERR,ERR,ERR,ERR,ERR,ERR,ERR,ERR,ERR,ERR,ERR,ERR,ERR,ERR,ERR,ERR,ERR,ERR,ERR,ERR,ERR,ERR,ERR,ERR,ERR,ERR,ERR,ERR,ERR,ERR,ERR,ERR,ERR,ERR,ERR,ERR,ERR,ERR,ERR,ERR,ERR,ERR,ERR,ERR,ERR,ERR,ERR,ERR,ERR,ERR,ERR,ERR,ERR,0.0,-0.0,0.0,0.0,0.0,-1.731375646784455e+38,-6.412892132554926e+22,-0.0,4300,0,8,17169,4300,0.0,41,0.0,0.0,0.0,0.0,0.0,0,0,0,0,0.0,0,0,0,0,0,0,0,0,0,0,0,0,0,0,0,0,0,0,0,0,0,0,0,0,0,0,0,0,0,0,0,0,0,8,38,38,46,65476,392,65476,1,0,4,21553,0.0,-107610720.0,0.0,0.0,0.0,0.0,0.0,0.0,0.0,0.0,0.0,0.0,0.0,0.0,0.0,0.0,0.0,0.0,0.0,0.0,0.0,2.004,2.004,-0.0,2.004,0.0,0.0,0.0,0.0,0.0,6624.0,1.5879389867419013e+29,0.0,0.0,-0.0,0.0,-107616264.0,0.0,0.0,2.004,2.004,228,-4.9504015179484054e+32,-71.63,0.0,0.0,0.0,0.0,0.0,0.0,0.0,0,0,0,-0.0,0.0,2.1421757556169114e+17,nan,0.0,0.0,4.239547099596718e+17,-0.118,-4.287019238827565e+31,-2.3300413123215498e+30,-2516.385,8313154551414784.0,0.0,0.0,0.0,302507968.0,0,1.3516416376850534e+27,228,0.0,456,-621855232.0,-0.0,2114,52429,17109,0,17112,52429,17095,0,0,0,101,100,100,0.0,65.5,0.0,66.3,-0.0,65.5,1,49,50,180,52429,52429,0,0,0.0,0.0,0.0,60.0,1.0855081016557568e+16,71.0,0.0,-13211681161216.0,0.0,1069,0,1069,0,0,0,1069,0,1079,0,999,0,658,0,660,0,655,0,676,0.032,1.4609821306377965e+22,0.0,0.0,7568,16814,1.3018779454590157e+17,-9.653868190953615e+37,-0.0,-0.0,-1.9484944822058437e+21,-0.0,50.0,60.0,35,0.0,0.0,10.0,2.0,0.0,0.0,0.0,0.0,0.0,0.0,0.0,0.0,0.0,0.0,0.0,0.0,58.8,52,13,65511,27,65476,0,65476,0,0,4,20529,65476,0,0,30147,60.0,0.0,10.0,10.0,2.0,0.0
2026-02-16T12:38:08,ERR,ERR,ERR,ERR,ERR,ERR,ERR,ERR,ERR,ERR,ERR,ERR,ERR,ERR,ERR,ERR,ERR,ERR,ERR,ERR,ERR,ERR,ERR,ERR,ERR,ERR,ERR,ERR,ERR,ERR,ERR,ERR,ERR,ERR,ERR,ERR,ERR,ERR,ERR,ERR,ERR,ERR,ERR,ERR,ERR,ERR,ERR,ERR,ERR,ERR,ERR,ERR,ERR,ERR,ERR,ERR,ERR,ERR,ERR,ERR,ERR,ERR,ERR,ERR,ERR,ERR,ERR,ERR,ERR,ERR,ERR,ERR,ERR,ERR,ERR,ERR,ERR,ERR,ERR,ERR,ERR,ERR,ERR,ERR,ERR,ERR,ERR,ERR,ERR,ERR,ERR,ERR,ERR,ERR,ERR,ERR,ERR,ERR,ERR,ERR,ERR,ERR,ERR,ERR,ERR,ERR,ERR,ERR,ERR,ERR,ERR,ERR,ERR,ERR,ERR,ERR,ERR,ERR,ERR,ERR,ERR,ERR,ERR,ERR,ERR,0.0,-0.0,0.0,0.0,0.0,-1.731375646784455e+38,-6.412892132554926e+22,-0.0,4300,0,8,17169,4300,0.0,41,0.0,0.0,0.0,0.0,0.0,0,0,0,0,0.0,0,0,0,0,0,0,0,0,0,0,0,0,0,0,0,0,0,0,0,0,0,0,0,0,0,0,0,0,0,0,0,0,0,8,38,38,46,65476,392,65476,1,0,4,21553,0.0,-107610720.0,0.0,0.0,0.0,0.0,0.0,0.0,0.0,0.0,0.0,0.0,0.0,0.0,0.0,0.0,0.0,0.0,0.0,0.0,0.0,2.004,2.004,-0.0,2.004,0.0,0.0,0.0,0.0,0.0,6624.0,1.5879389867419013e+29,0.0,0.0,-0.0,0.0,-107616264.0,0.0,0.0,2.004,2.004,228,-4.9504015179484054e+32,-71.63,0.0,0.0,0.0,0.0,0.0,0.0,0.0,0,0,0,-0.0,0.0,2.1421757556169114e+17,nan,0.0,0.0,4.239547099596718e+17,-0.118,-4.287019238827565e+31,-2.3300413123215498e+30,-2516.385,8313154551414784.0,0.0,0.0,0.0,302507968.0,0,1.3516416376850534e+27,228,0.0,456,-621855232.0,-0.0,2114,52429,17109,0,17112,52429,17095,0,0,0,101,100,100,0.0,65.5,0.0,66.3,-0.0,65.5,1,49,50,180,52429,52429,0,0,0.0,0.0,0.0,60.0,1.0855081016557568e+16,71.0,0.0,-13211681161216.0,0.0,1069,0,1069,0,0,0,1069,0,1079,0,999,0,658,0,660,0,655,0,676,0.032,1.4609821306377965e+22,0.0,0.0,7568,16814,1.3018779454590157e+17,-9.653868190953615e+37,-0.0,-0.0,-1.9484944822058437e+21,-0.0,50.0,60.0,35,0.0,0.0,10.0,2.0,0.0,0.0,0.0,0.0,0.0,0.0,0.0,0.0,0.0,0.0,0.0,0.0,58.8,52,13,65511,27,65476,0,65476,0,0,4,20529,65476,0,0,30147,60.0,0.0,10.0,10.0,2.0,0.0
2026-02-16T12:38:09,ERR,ERR,ERR,ERR,ERR,ERR,ERR,ERR,ERR,ERR,ERR,ERR,ERR,ERR,ERR,ERR,ERR,ERR,ERR,ERR,ERR,ERR,ERR,ERR,ERR,ERR,ERR,ERR,ERR,ERR,ERR,ERR,ERR,ERR,ERR,ERR,ERR,ERR,ERR,ERR,ERR,ERR,ERR,ERR,ERR,ERR,ERR,ERR,ERR,ERR,ERR,ERR,ERR,ERR,ERR,ERR,ERR,ERR,ERR,ERR,ERR,ERR,ERR,ERR,ERR,ERR,ERR,ERR,ERR,ERR,ERR,ERR,ERR,ERR,ERR,ERR,ERR,ERR,ERR,ERR,ERR,ERR,ERR,ERR,ERR,ERR,ERR,ERR,ERR,ERR,ERR,ERR,ERR,ERR,ERR,ERR,ERR,ERR,ERR,ERR,ERR,ERR,ERR,ERR,ERR,ERR,ERR,ERR,ERR,ERR,ERR,ERR,ERR,ERR,ERR,ERR,ERR,ERR,ERR,ERR,ERR,ERR,ERR,ERR,ERR,0.0,-0.0,0.0,0.0,0.0,-1.731375646784455e+38,-6.412892132554926e+22,-0.0,4300,0,8,17169,4300,0.0,41,0.0,0.0,0.0,0.0,0.0,0,0,0,0,0.0,0,0,0,0,0,0,0,0,0,0,0,0,0,0,0,0,0,0,0,0,0,0,0,0,0,0,0,0,0,0,0,0,0,8,38,38,46,65476,392,65476,1,0,4,21553,0.0,-107610720.0,0.0,0.0,0.0,0.0,0.0,0.0,0.0,0.0,0.0,0.0,0.0,0.0,0.0,0.0,0.0,0.0,0.0,0.0,0.0,2.004,2.004,-0.0,2.004,0.0,0.0,0.0,0.0,0.0,6624.0,1.5879389867419013e+29,0.0,0.0,-0.0,0.0,-107616264.0,0.0,0.0,2.004,2.004,228,-4.9504015179484054e+32,-71.63,0.0,0.0,0.0,0.0,0.0,0.0,0.0,0,0,0,-0.0,0.0,2.1421757556169114e+17,nan,0.0,0.0,4.239547099596718e+17,-0.118,-4.287019238827565e+31,-2.3300413123215498e+30,-2516.385,8313154551414784.0,0.0,0.0,0.0,302507968.0,0,1.3516416376850534e+27,228,0.0,456,-621855232.0,-0.0,2114,52429,17109,0,17112,52429,17095,0,0,0,101,100,100,0.0,65.5,0.0,66.3,-0.0,65.5,1,49,50,180,52429,52429,0,0,0.0,0.0,0.0,60.0,1691136661913600.0,71.0,0.0,-7842791161856.0,0.0,1069,0,1069,0,0,0,1069,0,1080,0,999,0,658,0,660,0,655,0,676,0.032,1.4609821306377965e+22,0.0,0.0,52112,16813,1691136661913600.0,-7842791161856.0,1.9286188527056806e+25,-2.1574362650449525e+36,-0.0,-0.0,50.0,60.0,35,0.0,0.0,10.0,2.0,0.0,0.0,0.0,0.0,0.0,0.0,0.0,0.0,0.0,0.0,0.0,0.0,58.8,51,13,65511,27,65476,0,65476,1,0,4,20529,65476,0,0,30147,60.0,0.0,10.0,10.0,2.0,0.0
2026-02-16T12:38:10,ERR,ERR,ERR,ERR,ERR,ERR,ERR,ERR,ERR,ERR,ERR,ERR,ERR,ERR,ERR,ERR,ERR,ERR,ERR,ERR,ERR,ERR,ERR,ERR,ERR,ERR,ERR,ERR,ERR,ERR,ERR,ERR,ERR,ERR,ERR,ERR,ERR,ERR,ERR,ERR,ERR,ERR,ERR,ERR,ERR,ERR,ERR,ERR,ERR,ERR,ERR,ERR,ERR,ERR,ERR,ERR,ERR,ERR,ERR,ERR,ERR,ERR,ERR,ERR,ERR,ERR,ERR,ERR,ERR,ERR,ERR,ERR,ERR,ERR,ERR,ERR,ERR,ERR,ERR,ERR,ERR,ERR,ERR,ERR,ERR,ERR,ERR,ERR,ERR,ERR,ERR,ERR,ERR,ERR,ERR,ERR,ERR,ERR,ERR,ERR,ERR,ERR,ERR,ERR,ERR,ERR,ERR,ERR,ERR,ERR,ERR,ERR,ERR,ERR,ERR,ERR,ERR,ERR,ERR,ERR,ERR,ERR,ERR,ERR,ERR,0.0,-0.0,0.0,0.0,0.0,-1.731375646784455e+38,-6.412892132554926e+22,-0.0,4300,0,8,17169,4300,0.0,41,0.0,0.0,0.0,0.0,0.0,0,0,0,0,0.0,0,0,0,0,0,0,0,0,0,0,0,0,0,0,0,0,0,0,0,0,0,0,0,0,0,0,0,0,0,0,0,0,0,8,38,38,46,65476,392,65476,1,0,4,21553,0.0,-107610720.0,0.0,0.0,0.0,0.0,0.0,0.0,0.0,0.0,0.0,0.0,0.0,0.0,0.0,0.0,0.0,0.0,0.0,0.0,0.0,2.004,2.004,-0.0,2.004,0.0,0.0,0.0,0.0,0.0,6624.0,1.5879389867419013e+29,0.0,0.0,-0.0,0.0,-107616264.0,0.0,0.0,2.004,2.004,228,-4.9504015179484054e+32,-71.63,0.0,0.0,0.0,0.0,0.0,0.0,0.0,0,0,0,-0.0,0.0,2.1421757556169114e+17,nan,0.0,0.0,4.239547099596718e+17,-0.118,-4.287019238827565e+31,-2.3300413123215498e+30,-2516.385,8313154551414784.0,0.0,0.0,0.0,302507968.0,0,1.3516416376850534e+27,228,0.0,456,-621855232.0,-0.0,2114,52429,17109,0,17112,52429,17095,0,0,0,101,100,100,0.0,65.5,0.0,66.3,-0.0,65.5,1,49,50,180,52429,52429,0,0,0.0,0.0,0.0,60.0,1691136661913600.0,71.0,0.0,-7842791161856.0,0.0,1069,0,1069,0,0,0,1069,0,1080,0,999,0,658,0,660,0,655,0,676,0.032,1.4609821306377965e+22,0.0,0.0,52112,16813,1691136661913600.0,-7842791161856.0,1.9286188527056806e+25,-2.1574362650449525e+36,-0.0,-0.0,50.0,60.0,35,0.0,0.0,10.0,2.0,0.0,0.0,0.0,0.0,0.0,0.0,0.0,0.0,0.0,0.0,0.0,0.0,58.8,51,13,65511,27,65476,0,65476,1,0,4,20529,65476,0,0,30147,60.0,0.0,10.0,10.0,2.0,0.0
2026-02-16T12:38:11,ERR,ERR,ERR,ERR,ERR,ERR,ERR,ERR,ERR,ERR,ERR,ERR,ERR,ERR,ERR,ERR,ERR,ERR,ERR,ERR,ERR,ERR,ERR,ERR,ERR,ERR,ERR,ERR,ERR,ERR,ERR,ERR,ERR,ERR,ERR,ERR,ERR,ERR,ERR,ERR,ERR,ERR,ERR,ERR,ERR,ERR,ERR,ERR,ERR,ERR,ERR,ERR,ERR,ERR,ERR,ERR,ERR,ERR,ERR,ERR,ERR,ERR,ERR,ERR,ERR,ERR,ERR,ERR,ERR,ERR,ERR,ERR,ERR,ERR,ERR,ERR,ERR,ERR,ERR,ERR,ERR,ERR,ERR,ERR,ERR,ERR,ERR,ERR,ERR,ERR,ERR,ERR,ERR,ERR,ERR,ERR,ERR,ERR,ERR,ERR,ERR,ERR,ERR,ERR,ERR,ERR,ERR,ERR,ERR,ERR,ERR,ERR,ERR,ERR,ERR,ERR,ERR,ERR,ERR,ERR,ERR,ERR,ERR,ERR,ERR,0.0,-0.0,2.7420187948523476e+23,0.0,-0.0,0.0,0.0,-7.945393857219165e+23,4300,0,8,17169,4300,0.0,41,0.0,0.0,0.0,0.0,0.0,0,0,0,0,0.0,0,0,0,0,0,0,0,0,0,0,0,0,0,0,0,0,0,0,0,0,0,0,0,0,0,0,0,0,0,0,0,0,0,8,38,38,46,65476,389,65476,1,0,4,21553,0.0,-107610720.0,0.0,0.0,0.0,0.0,0.0,0.0,0.0,0.0,0.0,0.0,0.0,0.0,0.0,0.0,0.0,0.0,0.0,0.0,0.0,2.004,2.004,-2.004,3.697075302852618e+19,2.004,0.0,0.0,0.0,0.0,6631.0,-0.0,0.0,0.0,-0.0,107616256.0,-0.0,0.0,0.0,2.004,2.004,228,0.0,-1.905696230688686e+17,0.0,0.0,0.0,0.0,0.0,0.0,0.0,0,0,0,-0.0,-934942.625,3045362499584.0,0.013,765635592192.0,592477184.0,6.377780528784448e+19,4908123648.0,-0.0,-2.4587870764072293e+30,-2708.385,8770551388569600.0,0.0,0.0,0.0,-0.0,0,1.3516416376850534e+27,228,0.0,456,-621855232.0,0.0,2114,52429,17109,0,17112,52429,17095,0,0,0,101,100,100,0.0,65.5,0.0,66.3,-0.0,65.5,1,49,50,180,52429,52429,0,0,0.0,0.0,0.0,60.0,1691136661913600.0,71.0,0.0,-7842791161856.0,0.0,1069,0,1069,0,0,0,1069,0,1080,0,999,0,658,0,660,0,655,0,676,0.032,1.4609821306377965e+22,0.0,0.0,52112,16813,1691136661913600.0,-7842791161856.0,1.9286188527056806e+25,-2.1574362650449525e+36,-0.0,-0.0,50.0,60.0,35,0.0,0.0,10.0,2.0,0.0,0.0,0.0,0.0,0.0,0.0,0.0,0.0,0.0,0.0,0.0,0.0,58.8,50,14,65512,27,65476,0,65476,1,0,4,20529,65476,0,0,30147,60.0,0.0,10.0,10.0,2.0,0.0
2026-02-16T12:38:12,ERR,ERR,ERR,ERR,ERR,ERR,ERR,ERR,ERR,ERR,ERR,ERR,ERR,ERR,ERR,ERR,ERR,ERR,ERR,ERR,ERR,ERR,ERR,ERR,ERR,ERR,ERR,ERR,ERR,ERR,ERR,ERR,ERR,ERR,ERR,ERR,ERR,ERR,ERR,ERR,ERR,ERR,ERR,ERR,ERR,ERR,ERR,ERR,ERR,ERR,ERR,ERR,ERR,ERR,ERR,ERR,ERR,ERR,ERR,ERR,ERR,ERR,ERR,ERR,ERR,ERR,ERR,ERR,ERR,ERR,ERR,ERR,ERR,ERR,ERR,ERR,ERR,ERR,ERR,ERR,ERR,ERR,ERR,ERR,ERR,ERR,ERR,ERR,ERR,ERR,ERR,ERR,ERR,ERR,ERR,ERR,ERR,ERR,ERR,ERR,ERR,ERR,ERR,ERR,ERR,ERR,ERR,ERR,ERR,ERR,ERR,ERR,ERR,ERR,ERR,ERR,ERR,ERR,ERR,ERR,ERR,ERR,ERR,ERR,ERR,0.0,-0.0,2.7420187948523476e+23,0.0,-0.0,0.0,0.0,-7.945393857219165e+23,4300,0,8,17169,4300,0.0,41,0.0,0.0,0.0,0.0,0.0,0,0,0,0,0.0,0,0,0,0,0,0,0,0,0,0,0,0,0,0,0,0,0,0,0,0,0,0,0,0,0,0,0,0,0,0,0,0,0,8,38,38,46,65476,389,65476,1,0,4,21553,0.0,-107610720.0,0.0,0.0,0.0,0.0,0.0,0.0,0.0,0.0,0.0,0.0,0.0,0.0,0.0,0.0,0.0,0.0,0.0,0.0,0.0,2.004,2.004,-2.004,3.697075302852618e+19,2.004,0.0,0.0,0.0,0.0,6631.0,-0.0,0.0,0.0,-0.0,107616256.0,-0.0,0.0,0.0,2.004,2.004,228,0.0,-1.905696230688686e+17,0.0,0.0,0.0,0.0,0.0,0.0,0.0,0,0,0,-0.0,-934942.625,3045362499584.0,0.013,765635592192.0,592477184.0,6.377780528784448e+19,4908123648.0,-0.0,-2.4587870764072293e+30,-2708.385,8770551388569600.0,0.0,0.0,0.0,-0.0,0,1.3516416376850534e+27,228,0.0,456,-621855232.0,0.0,2114,52429,17109,0,17112,52429,17095,0,0,0,101,100,100,0.0,65.9,0.0,66.3,-0.0,65.5,1,49,50,180,52429,52429,0,0,0.0,0.0,0.0,60.0,48.065,71.0,0.0,0.0,0.0,1069,0,1069,0,0,0,1069,0,1080,0,999,0,658,0,660,0,655,0,676,0.032,1.4536034330083127e+22,0.0,0.0,45200,16813,0.0,-9.653867176833134e+37,1.3388333517791193e+20,-0.0,-0.0,-0.0,50.0,60.0,35,0.0,0.0,10.0,2.0,0.0,0.0,0.0,0.0,0.0,0.0,0.0,0.0,0.0,0.0,0.0,0.0,58.8,50,14,65512,27,65476,0,65476,1,0,4,20529,65476,0,0,30147,60.0,0.0,10.0,10.0,2.0,0.0
2026-02-16T12:38:13,ERR,ERR,ERR,ERR,ERR,ERR,ERR,ERR,ERR,ERR,ERR,ERR,ERR,ERR,ERR,ERR,ERR,ERR,ERR,ERR,ERR,ERR,ERR,ERR,ERR,ERR,ERR,ERR,ERR,ERR,ERR,ERR,ERR,ERR,ERR,ERR,ERR,ERR,ERR,ERR,ERR,ERR,ERR,ERR,ERR,ERR,ERR,ERR,ERR,ERR,ERR,ERR,ERR,ERR,ERR,ERR,ERR,ERR,ERR,ERR,ERR,ERR,ERR,ERR,ERR,ERR,ERR,ERR,ERR,ERR,ERR,ERR,ERR,ERR,ERR,ERR,ERR,ERR,ERR,ERR,ERR,ERR,ERR,ERR,ERR,ERR,ERR,ERR,ERR,ERR,ERR,ERR,ERR,ERR,ERR,ERR,ERR,ERR,ERR,ERR,ERR,ERR,ERR,ERR,ERR,ERR,ERR,ERR,ERR,ERR,ERR,ERR,ERR,ERR,ERR,ERR,ERR,ERR,ERR,ERR,ERR,ERR,ERR,ERR,ERR,0.0,-0.0,2.7420187948523476e+23,0.0,-0.0,0.0,0.0,-7.945393857219165e+23,4300,0,8,17169,4300,0.0,41,0.0,0.0,0.0,0.0,0.0,0,0,0,0,0.0,0,0,0,0,0,0,0,0,0,0,0,0,0,0,0,0,0,0,0,0,0,0,0,0,0,0,0,0,0,0,0,0,0,8,38,38,46,65476,389,65476,1,0,4,21553,0.0,-107610720.0,0.0,0.0,0.0,0.0,0.0,0.0,0.0,0.0,0.0,0.0,0.0,0.0,0.0,0.0,0.0,0.0,0.0,0.0,0.0,2.004,2.004,-2.004,3.697075302852618e+19,2.004,0.0,0.0,0.0,0.0,6631.0,-0.0,0.0,0.0,-0.0,107616256.0,-0.0,0.0,0.0,2.004,2.004,228,0.0,-1.905696230688686e+17,0.0,0.0,0.0,0.0,0.0,0.0,0.0,0,0,0,-0.0,-934942.625,3045362499584.0,0.013,765635592192.0,592477184.0,6.377780528784448e+19,4908123648.0,-0.0,-2.4587870764072293e+30,-2708.385,8770551388569600.0,0.0,0.0,0.0,-0.0,0,1.3516416376850534e+27,228,0.0,456,-621855232.0,0.0,2114,52429,17109,0,17112,52429,17095,0,0,0,101,100,100,0.0,65.9,0.0,66.3,-0.0,65.5,1,49,50,180,52429,52429,0,0,0.0,0.0,0.0,60.0,48.065,71.0,0.0,0.0,0.0,1069,0,1069,0,0,0,1069,0,1080,0,999,0,658,0,660,0,655,0,676,0.032,1.4536034330083127e+22,0.0,0.0,45200,16813,0.0,-9.653867176833134e+37,1.3388333517791193e+20,-0.0,-0.0,-0.0,50.0,60.0,35,0.0,0.0,10.0,2.0,0.0,0.0,0.0,0.0,0.0,0.0,0.0,0.0,0.0,0.0,0.0,0.0,58.8,50,14,65513,27,65476,80,65476,1,0,4,20529,65476,0,0,30147,60.0,0.0,10.0,10.0,2.0,0.0
2026-02-16T12:38:14,ERR,ERR,ERR,ERR,ERR,ERR,ERR,ERR,ERR,ERR,ERR,ERR,ERR,ERR,ERR,ERR,ERR,ERR,ERR,ERR,ERR,ERR,ERR,ERR,ERR,ERR,ERR,ERR,ERR,ERR,ERR,ERR,ERR,ERR,ERR,ERR,ERR,ERR,ERR,ERR,ERR,ERR,ERR,ERR,ERR,ERR,ERR,ERR,ERR,ERR,ERR,ERR,ERR,ERR,ERR,ERR,ERR,ERR,ERR,ERR,ERR,ERR,ERR,ERR,ERR,ERR,ERR,ERR,ERR,ERR,ERR,ERR,ERR,ERR,ERR,ERR,ERR,ERR,ERR,ERR,ERR,ERR,ERR,ERR,ERR,ERR,ERR,ERR,ERR,ERR,ERR,ERR,ERR,ERR,ERR,ERR,ERR,ERR,ERR,ERR,ERR,ERR,ERR,ERR,ERR,ERR,ERR,ERR,ERR,ERR,ERR,ERR,ERR,ERR,ERR,ERR,ERR,ERR,ERR,ERR,ERR,ERR,ERR,ERR,ERR,0.0,-0.0,2.7420187948523476e+23,0.0,-0.0,0.0,0.0,-7.945393857219165e+23,4300,0,8,17169,4300,0.0,41,0.0,0.0,0.0,0.0,0.0,0,0,0,0,0.0,0,0,0,0,0,0,0,0,0,0,0,0,0,0,0,0,0,0,0,0,0,0,0,0,0,0,0,0,0,0,0,0,0,8,38,38,46,65476,389,65476,1,0,4,21553,0.0,-107610720.0,0.0,0.0,0.0,0.0,0.0,0.0,0.0,0.0,0.0,0.0,0.0,0.0,0.0,0.0,0.0,0.0,0.0,0.0,0.0,2.004,2.004,-2.004,3.697075302852618e+19,2.004,0.0,0.0,0.0,0.0,6631.0,-0.0,0.0,0.0,-0.0,107616256.0,-0.0,0.0,0.0,2.004,2.004,228,0.0,-1.905696230688686e+17,0.0,0.0,0.0,0.0,0.0,0.0,0.0,0,0,0,-0.0,-934942.625,3045362499584.0,0.013,765635592192.0,592477184.0,6.377780528784448e+19,4908123648.0,-0.0,-2.4587870764072293e+30,-2708.385,8770551388569600.0,0.0,0.0,0.0,-0.0,0,1.3516416376850534e+27,228,0.0,456,-621855232.0,0.0,2114,52429,17109,0,17112,52429,17095,0,0,0,101,100,100,0.0,65.9,0.0,66.3,-0.0,65.5,1,49,50,180,52429,52429,0,0,0.0,0.0,0.0,60.0,48.065,71.0,0.0,0.0,0.0,1069,0,1069,0,0,0,1069,0,1080,0,999,0,658,0,660,0,655,0,676,0.032,1.4536034330083127e+22,0.0,0.0,45200,16813,0.0,-9.653867176833134e+37,1.3388333517791193e+20,-0.0,-0.0,-0.0,50.0,60.0,35,0.0,0.0,10.0,2.0,0.0,0.0,0.0,0.0,0.0,0.0,0.0,0.0,0.0,0.0,0.0,0.0,58.8,49,15,65514,27,65476,242,65476,1,0,4,20529,65476,0,0,30147,60.0,0.0,10.0,10.0,2.0,0.0
2026-02-16T12:38:15,ERR,ERR,ERR,ERR,ERR,ERR,ERR,ERR,ERR,ERR,ERR,ERR,ERR,ERR,ERR,ERR,ERR,ERR,ERR,ERR,ERR,ERR,ERR,ERR,ERR,ERR,ERR,ERR,ERR,ERR,ERR,ERR,ERR,ERR,ERR,ERR,ERR,ERR,ERR,ERR,ERR,ERR,ERR,ERR,ERR,ERR,ERR,ERR,ERR,ERR,ERR,ERR,ERR,ERR,ERR,ERR,ERR,ERR,ERR,ERR,ERR,ERR,ERR,ERR,ERR,ERR,ERR,ERR,ERR,ERR,ERR,ERR,ERR,ERR,ERR,ERR,ERR,ERR,ERR,ERR,ERR,ERR,ERR,ERR,ERR,ERR,ERR,ERR,ERR,ERR,ERR,ERR,ERR,ERR,ERR,ERR,ERR,ERR,ERR,ERR,ERR,ERR,ERR,ERR,ERR,ERR,ERR,ERR,ERR,ERR,ERR,ERR,ERR,ERR,ERR,ERR,ERR,ERR,ERR,ERR,ERR,ERR,ERR,ERR,ERR,0.0,-0.0,2.7420187948523476e+23,0.0,-0.0,0.0,0.0,-7.945393857219165e+23,4300,0,8,17169,4300,0.0,41,0.0,0.0,0.0,0.0,0.0,0,0,0,0,0.0,0,0,0,0,0,0,0,0,0,0,0,0,0,0,0,0,0,0,0,0,0,0,0,0,0,0,0,0,0,0,0,0,0,8,38,38,46,65476,389,65476,1,0,4,21553,0.0,-107610720.0,0.0,0.0,0.0,0.0,0.0,0.0,0.0,0.0,0.0,0.0,0.0,0.0,0.0,0.0,0.0,0.0,0.0,0.0,0.0,2.004,2.004,-2.004,3.697075302852618e+19,2.004,0.0,0.0,0.0,0.0,6631.0,-0.0,0.0,0.0,-0.0,107616256.0,-0.0,0.0,0.0,2.004,2.004,228,0.0,-1.905696230688686e+17,0.0,0.0,0.0,0.0,0.0,0.0,0.0,0,0,0,-0.0,-934942.625,3045362499584.0,0.013,765635592192.0,592477184.0,6.377780528784448e+19,4908123648.0,-0.0,-2.4587870764072293e+30,-2708.385,8770551388569600.0,0.0,0.0,0.0,-0.0,0,1.3516416376850534e+27,228,0.0,456,-621855232.0,0.0,2114,52429,17109,0,17112,52429,17095,0,0,0,101,100,100,0.0,65.9,0.0,66.3,-0.0,65.5,1,49,50,180,52429,52429,0,0,0.0,0.0,0.0,60.0,48.065,71.0,0.0,0.0,0.0,1069,0,1069,0,0,0,1069,0,1080,0,999,0,658,0,660,0,655,0,676,0.032,1.4536034330083127e+22,0.0,0.0,45200,16813,0.0,-9.653867176833134e+37,1.3388333517791193e+20,-0.0,-0.0,-0.0,50.0,60.0,35,0.0,0.0,10.0,2.0,0.0,0.0,0.0,0.0,0.0,0.0,0.0,0.0,0.0,0.0,0.0,0.0,58.8,49,15,65514,27,65476,242,65476,1,0,4,20529,65476,0,0,30147,60.0,0.0,10.0,10.0,2.0,0.0
2026-02-16T12:38:16,ERR,ERR,ERR,ERR,ERR,ERR,ERR,ERR,ERR,ERR,ERR,ERR,ERR,ERR,ERR,ERR,ERR,ERR,ERR,ERR,ERR,ERR,ERR,ERR,ERR,ERR,ERR,ERR,ERR,ERR,ERR,ERR,ERR,ERR,ERR,ERR,ERR,ERR,ERR,ERR,ERR,ERR,ERR,ERR,ERR,ERR,ERR,ERR,ERR,ERR,ERR,ERR,ERR,ERR,ERR,ERR,ERR,ERR,ERR,ERR,ERR,ERR,ERR,ERR,ERR,ERR,ERR,ERR,ERR,ERR,ERR,ERR,ERR,ERR,ERR,ERR,ERR,ERR,ERR,ERR,ERR,ERR,ERR,ERR,ERR,ERR,ERR,ERR,ERR,ERR,ERR,ERR,ERR,ERR,ERR,ERR,ERR,ERR,ERR,ERR,ERR,ERR,ERR,ERR,ERR,ERR,ERR,ERR,ERR,ERR,ERR,ERR,ERR,ERR,ERR,ERR,ERR,ERR,ERR,ERR,ERR,ERR,ERR,ERR,ERR,0.0,-0.0,2.7420187948523476e+23,0.0,-0.0,0.0,-7.353478342808793e+33,-4.030527170831474e+35,4300,0,8,17169,4300,0.0,41,0.0,0.0,0.0,0.0,0.0,0,0,0,0,0.0,0,0,0,0,0,0,0,0,0,0,0,0,0,0,0,0,0,0,0,0,0,0,0,0,0,0,0,0,0,0,0,0,0,8,38,38,46,65476,388,65476,1,0,4,21553,0.0,-0.0,0.0,0.0,0.0,0.0,0.0,0.0,0.0,0.0,0.0,0.0,0.0,0.0,0.0,0.0,0.0,0.0,0.0,0.0,0.0,2.004,2.004,-2.004,3.697075302852618e+19,0.0,0.0,0.0,0.0,0.0,6629.0,-0.0,0.0,0.0,-0.0,107616256.0,-0.0,0.0,0.0,2.004,2.004,227,0.0,-152018287067136.0,0.0,0.0,0.0,0.0,0.0,0.0,0.0,0,0,0,-0.344,-3.7684372707661454e+30,41946644480.0,-0.0,5.5565556317685256e+22,-8.582377551244767e+32,-0.0,0.0,-0.0,-2.619957439900793e+30,-2916.385,9378328452530176.0,0.0,0.0,0.0,-7.383,0,1.3516416376850534e+27,227,0.0,454,0.0,0.0,2114,52429,17109,0,17112,52429,17095,0,0,0,101,100,100,0.0,65.5,0.0,66.3,-0.0,65.5,1,49,50,180,52429,52429,0,0,0.0,0.0,0.0,60.0,0.0,71.0,0.0,-3.3264628309407885e+38,0.0,1069,0,1069,0,0,0,1069,0,1080,0,999,0,658,0,659,0,655,0,676,0.032,1.4536034330083127e+22,0.0,0.0,64144,16813,0.327,-0.0,1402.005,-3.094507746459281e+21,3.5242119044693995e+23,-0.0,50.0,60.0,35,0.0,0.0,10.0,2.0,0.0,0.0,0.0,0.0,0.0,0.0,0.0,0.0,0.0,0.0,0.0,0.0,58.8,46,16,65516,27,65476,399,65476,1,0,4,20529,65476,0,0,30147,60.0,0.0,10.0,10.0,2.0,0.0
2026-02-16T12:38:17,ERR,ERR,ERR,ERR,ERR,ERR,ERR,ERR,ERR,ERR,ERR,ERR,ERR,ERR,ERR,ERR,ERR,ERR,ERR,ERR,ERR,ERR,ERR,ERR,ERR,ERR,ERR,ERR,ERR,ERR,ERR,ERR,ERR,ERR,ERR,ERR,ERR,ERR,ERR,ERR,ERR,ERR,ERR,ERR,ERR,ERR,ERR,ERR,ERR,ERR,ERR,ERR,ERR,ERR,ERR,ERR,ERR,ERR,ERR,ERR,ERR,ERR,ERR,ERR,ERR,ERR,ERR,ERR,ERR,ERR,ERR,ERR,ERR,ERR,ERR,ERR,ERR,ERR,ERR,ERR,ERR,ERR,ERR,ERR,ERR,ERR,ERR,ERR,ERR,ERR,ERR,ERR,ERR,ERR,ERR,ERR,ERR,ERR,ERR,ERR,ERR,ERR,ERR,ERR,ERR,ERR,ERR,ERR,ERR,ERR,ERR,ERR,ERR,ERR,ERR,ERR,ERR,ERR,ERR,ERR,ERR,ERR,ERR,ERR,ERR,0.0,-0.0,2.7420187948523476e+23,0.0,-0.0,0.0,-7.353478342808793e+33,-4.030527170831474e+35,4300,0,8,17169,4300,0.0,41,0.0,0.0,0.0,0.0,0.0,0,0,0,0,0.0,0,0,0,0,0,0,0,0,0,0,0,0,0,0,0,0,0,0,0,0,0,0,0,0,0,0,0,0,0,0,0,0,0,8,38,38,46,65476,388,65476,1,0,4,21553,0.0,-0.0,0.0,0.0,0.0,0.0,0.0,0.0,0.0,0.0,0.0,0.0,0.0,0.0,0.0,0.0,0.0,0.0,0.0,0.0,0.0,2.004,2.004,-2.004,3.697075302852618e+19,0.0,0.0,0.0,0.0,0.0,6629.0,-0.0,0.0,0.0,-0.0,107616256.0,-0.0,0.0,0.0,2.004,2.004,227,0.0,-152018287067136.0,0.0,0.0,0.0,0.0,0.0,0.0,0.0,0,0,0,-0.344,-3.7684372707661454e+30,41946644480.0,-0.0,5.5565556317685256e+22,-8.582377551244767e+32,-0.0,0.0,-0.0,-2.619957439900793e+30,-2916.385,9378328452530176.0,0.0,0.0,0.0,-7.383,0,1.3516416376850534e+27,227,0.0,454,0.0,0.0,2114,52429,17109,0,17112,52429,17095,0,0,0,101,100,100,0.0,65.5,0.0,66.3,-0.0,65.5,1,49,50,180,52429,52429,0,0,0.0,0.0,0.0,60.0,0.0,71.0,0.0,-3.3264628309407885e+38,0.0,1069,0,1069,0,0,0,1069,0,1080,0,999,0,658,0,659,0,655,0,676,0.032,1.4536034330083127e+22,0.0,0.0,64144,16813,0.327,-0.0,1402.005,-3.094507746459281e+21,3.5242119044693995e+23,-0.0,50.0,60.0,35,0.0,0.0,10.0,2.0,0.0,0.0,0.0,0.0,0.0,0.0,0.0,0.0,0.0,0.0,0.0,0.0,58.8,46,16,65516,27,65476,399,65476,1,0,4,20529,65476,0,0,30147,60.0,0.0,10.0,10.0,2.0,0.0
2026-02-16T12:38:18,ERR,ERR,ERR,ERR,ERR,ERR,ERR,ERR,ERR,ERR,ERR,ERR,ERR,ERR,ERR,ERR,ERR,ERR,ERR,ERR,ERR,ERR,ERR,ERR,ERR,ERR,ERR,ERR,ERR,ERR,ERR,ERR,ERR,ERR,ERR,ERR,ERR,ERR,ERR,ERR,ERR,ERR,ERR,ERR,ERR,ERR,ERR,ERR,ERR,ERR,ERR,ERR,ERR,ERR,ERR,ERR,ERR,ERR,ERR,ERR,ERR,ERR,ERR,ERR,ERR,ERR,ERR,ERR,ERR,ERR,ERR,ERR,ERR,ERR,ERR,ERR,ERR,ERR,ERR,ERR,ERR,ERR,ERR,ERR,ERR,ERR,ERR,ERR,ERR,ERR,ERR,ERR,ERR,ERR,ERR,ERR,ERR,ERR,ERR,ERR,ERR,ERR,ERR,ERR,ERR,ERR,ERR,ERR,ERR,ERR,ERR,ERR,ERR,ERR,ERR,ERR,ERR,ERR,ERR,ERR,ERR,ERR,ERR,ERR,ERR,0.0,-0.0,2.7420187948523476e+23,0.0,-0.0,0.0,-7.353478342808793e+33,-4.030527170831474e+35,4300,0,8,17169,4300,0.0,41,0.0,0.0,0.0,0.0,0.0,0,0,0,0,0.0,0,0,0,0,0,0,0,0,0,0,0,0,0,0,0,0,0,0,0,0,0,0,0,0,0,0,0,0,0,0,0,0,0,8,38,38,46,65476,388,65476,1,0,4,21553,0.0,-0.0,0.0,0.0,0.0,0.0,0.0,0.0,0.0,0.0,0.0,0.0,0.0,0.0,0.0,0.0,0.0,0.0,0.0,0.0,0.0,2.004,2.004,-2.004,3.697075302852618e+19,0.0,0.0,0.0,0.0,0.0,6629.0,-0.0,0.0,0.0,-0.0,107616256.0,-0.0,0.0,0.0,2.004,2.004,227,0.0,-152018287067136.0,0.0,0.0,0.0,0.0,0.0,0.0,0.0,0,0,0,-0.344,-3.7684372707661454e+30,41946644480.0,-0.0,5.5565556317685256e+22,-8.582377551244767e+32,-0.0,0.0,-0.0,-2.619957439900793e+30,-2916.385,9378328452530176.0,0.0,0.0,0.0,-7.383,0,1.3516416376850534e+27,227,0.0,454,0.0,0.0,2114,52429,17109,0,17112,52429,17095,0,0,0,101,100,100,0.0,65.5,0.0,66.3,-0.0,65.5,1,49,50,180,52429,52429,0,0,0.0,0.0,0.0,60.0,0.0,71.0,0.0,-3.3264628309407885e+38,0.0,1069,0,1069,0,0,0,1069,0,1080,0,999,0,658,0,659,0,655,0,676,0.032,1.4536034330083127e+22,0.0,0.0,64144,16813,0.327,-0.0,1402.005,-3.094507746459281e+21,3.5242119044693995e+23,-0.0,50.0,60.0,35,0.0,0.0,10.0,2.0,0.0,0.0,0.0,0.0,0.0,0.0,0.0,0.0,0.0,0.0,0.0,0.0,59.2,46,17,65517,27,65476,480,65476,1,0,4,20529,65476,0,0,30147,60.0,0.0,10.0,10.0,2.0,0.0
2026-02-16T12:38:19,ERR,ERR,ERR,ERR,ERR,ERR,ERR,ERR,ERR,ERR,ERR,ERR,ERR,ERR,ERR,ERR,ERR,ERR,ERR,ERR,ERR,ERR,ERR,ERR,ERR,ERR,ERR,ERR,ERR,ERR,ERR,ERR,ERR,ERR,ERR,ERR,ERR,ERR,ERR,ERR,ERR,ERR,ERR,ERR,ERR,ERR,ERR,ERR,ERR,ERR,ERR,ERR,ERR,ERR,ERR,ERR,ERR,ERR,ERR,ERR,ERR,ERR,ERR,ERR,ERR,ERR,ERR,ERR,ERR,ERR,ERR,ERR,ERR,ERR,ERR,ERR,ERR,ERR,ERR,ERR,ERR,ERR,ERR,ERR,ERR,ERR,ERR,ERR,ERR,ERR,ERR,ERR,ERR,ERR,ERR,ERR,ERR,ERR,ERR,ERR,ERR,ERR,ERR,ERR,ERR,ERR,ERR,ERR,ERR,ERR,ERR,ERR,ERR,ERR,ERR,ERR,ERR,ERR,ERR,ERR,ERR,ERR,ERR,ERR,ERR,0.0,-0.0,2.7420187948523476e+23,0.0,-0.0,0.0,-7.353478342808793e+33,-4.030527170831474e+35,4300,0,8,17169,4300,0.0,41,0.0,0.0,0.0,0.0,0.0,0,0,0,0,0.0,0,0,0,0,0,0,0,0,0,0,0,0,0,0,0,0,0,0,0,0,0,0,0,0,0,0,0,0,0,0,0,0,0,8,38,38,46,65476,388,65476,1,0,4,21553,0.0,-0.0,0.0,0.0,0.0,0.0,0.0,0.0,0.0,0.0,0.0,0.0,0.0,0.0,0.0,0.0,0.0,0.0,0.0,0.0,0.0,2.004,2.004,-2.004,3.697075302852618e+19,0.0,0.0,0.0,0.0,0.0,6629.0,-0.0,0.0,0.0,-0.0,107616256.0,-0.0,0.0,0.0,2.004,2.004,227,0.0,-152018287067136.0,0.0,0.0,0.0,0.0,0.0,0.0,0.0,0,0,0,-0.344,-3.7684372707661454e+30,41946644480.0,-0.0,5.5565556317685256e+22,-8.582377551244767e+32,-0.0,0.0,-0.0,-2.619957439900793e+30,-2916.385,9378328452530176.0,0.0,0.0,0.0,-7.383,0,1.3516416376850534e+27,227,0.0,454,0.0,0.0,2114,52429,17109,0,17112,52429,17095,0,0,0,101,100,100,0.0,65.5,0.0,66.3,-0.0,65.5,1,49,50,180,52429,52429,0,0,0.0,0.0,0.0,60.0,1830897408.0,71.0,0.0,431569890181120.0,0.0,1069,0,1069,0,0,0,1069,0,1080,0,999,0,658,0,660,0,655,0,676,0.032,1.4536034330083127e+22,0.0,0.0,56720,16813,1830897408.0,431569890181120.0,-9.300059490643393e+28,0.0,0.0,0.0,50.0,60.0,35,0.0,0.0,10.0,2.0,0.0,0.0,0.0,0.0,0.0,0.0,0.0,0.0,0.0,0.0,0.0,0.0,59.2,45,18,65518,27,65476,641,65476,1,0,4,20529,65476,0,0,30147,60.0,0.0,10.0,10.0,2.0,0.0
2026-02-16T12:38:20,ERR,ERR,ERR,ERR,ERR,ERR,ERR,ERR,ERR,ERR,ERR,ERR,ERR,ERR,ERR,ERR,ERR,ERR,ERR,ERR,ERR,ERR,ERR,ERR,ERR,ERR,ERR,ERR,ERR,ERR,ERR,ERR,ERR,ERR,ERR,ERR,ERR,ERR,ERR,ERR,ERR,ERR,ERR,ERR,ERR,ERR,ERR,ERR,ERR,ERR,ERR,ERR,ERR,ERR,ERR,ERR,ERR,ERR,ERR,ERR,ERR,ERR,ERR,ERR,ERR,ERR,ERR,ERR,ERR,ERR,ERR,ERR,ERR,ERR,ERR,ERR,ERR,ERR,ERR,ERR,ERR,ERR,ERR,ERR,ERR,ERR,ERR,ERR,ERR,ERR,ERR,ERR,ERR,ERR,ERR,ERR,ERR,ERR,ERR,ERR,ERR,ERR,ERR,ERR,ERR,ERR,ERR,ERR,ERR,ERR,ERR,ERR,ERR,ERR,ERR,ERR,ERR,ERR,ERR,ERR,ERR,ERR,ERR,ERR,ERR,0.0,-0.0,2.7420187948523476e+23,0.0,-0.0,0.0,-7.353478342808793e+33,-4.030527170831474e+35,4300,0,8,17169,4300,0.0,41,0.0,0.0,0.0,0.0,0.0,0,0,0,0,0.0,0,0,0,0,0,0,0,0,0,0,0,0,0,0,0,0,0,0,0,0,0,0,0,0,0,0,0,0,0,0,0,0,0,8,38,38,46,65476,388,65476,1,0,4,21553,0.0,-0.0,0.0,0.0,0.0,0.0,0.0,0.0,0.0,0.0,0.0,0.0,0.0,0.0,0.0,0.0,0.0,0.0,0.0,0.0,0.0,2.004,2.004,-2.004,3.697075302852618e+19,0.0,0.0,0.0,0.0,0.0,6629.0,-0.0,0.0,0.0,-0.0,107616256.0,-0.0,0.0,0.0,2.004,2.004,227,0.0,-152018287067136.0,0.0,0.0,0.0,0.0,0.0,0.0,0.0,0,0,0,-0.344,-3.7684372707661454e+30,41946644480.0,-0.0,5.5565556317685256e+22,-8.582377551244767e+32,-0.0,0.0,-0.0,-2.619957439900793e+30,-2916.385,9378328452530176.0,0.0,0.0,0.0,-7.383,0,1.3516416376850534e+27,227,0.0,454,0.0,0.0,2114,52429,17109,0,17112,52429,17095,0,0,0,101,100,100,0.0,65.5,0.0,66.3,-0.0,65.5,1,49,50,180,52429,52429,0,0,0.0,0.0,0.0,60.0,1830897408.0,71.0,0.0,431569890181120.0,0.0,1069,0,1069,0,0,0,1069,0,1080,0,999,0,658,0,660,0,655,0,676,0.032,1.4536034330083127e+22,0.0,0.0,56720,16813,1830897408.0,431569890181120.0,-9.300059490643393e+28,0.0,0.0,0.0,50.0,60.0,35,0.0,0.0,10.0,2.0,0.0,0.0,0.0,0.0,0.0,0.0,0.0,0.0,0.0,0.0,0.0,0.0,59.2,45,18,65518,27,65476,641,65476,1,0,4,20529,65476,0,0,30147,60.0,0.0,10.0,10.0,2.0,0.0
2026-02-16T12:38:21,ERR,ERR,ERR,ERR,ERR,ERR,ERR,ERR,ERR,ERR,ERR,ERR,ERR,ERR,ERR,ERR,ERR,ERR,ERR,ERR,ERR,ERR,ERR,ERR,ERR,ERR,ERR,ERR,ERR,ERR,ERR,ERR,ERR,ERR,ERR,ERR,ERR,ERR,ERR,ERR,ERR,ERR,ERR,ERR,ERR,ERR,ERR,ERR,ERR,ERR,ERR,ERR,ERR,ERR,ERR,ERR,ERR,ERR,ERR,ERR,ERR,ERR,ERR,ERR,ERR,ERR,ERR,ERR,ERR,ERR,ERR,ERR,ERR,ERR,ERR,ERR,ERR,ERR,ERR,ERR,ERR,ERR,ERR,ERR,ERR,ERR,ERR,ERR,ERR,ERR,ERR,ERR,ERR,ERR,ERR,ERR,ERR,ERR,ERR,ERR,ERR,ERR,ERR,ERR,ERR,ERR,ERR,ERR,ERR,ERR,ERR,ERR,ERR,ERR,ERR,ERR,ERR,ERR,ERR,ERR,ERR,ERR,ERR,ERR,ERR,0.0,-0.0,2.7420187948523476e+23,0.0,-0.0,-795665.312,-0.0,0.0,4300,0,8,17169,4300,0.0,41,0.0,0.0,0.0,0.0,0.0,0,0,0,0,0.0,0,0,0,0,0,0,0,0,0,0,0,0,0,0,0,0,0,0,0,0,0,0,0,0,0,0,0,0,0,0,0,0,0,8,38,37,46,65476,385,65476,1,0,4,21553,0.0,-107610720.0,0.0,0.0,0.0,0.0,0.0,0.0,0.0,0.0,0.0,0.0,0.0,0.0,0.0,0.0,0.0,0.0,0.0,0.0,0.0,2.004,2.004,-2.004,2.004,0.0,0.0,0.0,0.0,0.0,6636.0,-0.0,0.0,0.0,-0.0,0.0,-0.0,0.0,0.0,2.004,2.004,228,4.0668540358038725e+29,-1.905696230688686e+17,0.0,0.0,0.0,0.0,0.0,0.0,0.0,0,0,0,-0.0,0.001,26.908,0.0,0.536,-9.038334914698836e+34,1.6572652405004464e+34,-0.0,-3.4720384233622527e+22,-2.897256008700718e+30,-3108.385,1.0293122126839808e+16,0.0,0.0,0.0,-0.0,0,1.3516416376850534e+27,228,0.0,456,-621855232.0,-0.0,2114,52429,17109,0,17112,52429,17095,0,0,0,101,100,100,0.0,65.5,0.0,66.3,-0.0,65.5,1,49,50,180,52429,52429,0,0,0.0,0.0,0.0,60.0,1830897408.0,71.0,0.0,431569890181120.0,0.0,1069,0,1069,0,0,0,1069,0,1080,0,999,0,658,0,660,0,655,0,676,0.032,1.4536034330083127e+22,0.0,0.0,56720,16813,1830897408.0,431569890181120.0,-9.300059490643393e+28,0.0,0.0,0.0,50.0,60.0,35,0.0,0.0,10.0,2.0,0.0,0.0,0.0,0.0,0.0,0.0,0.0,0.0,0.0,0.0,0.0,0.0,59.2,42,19,65521,27,65476,798,65476,1,0,4,20529,65476,0,0,30147,60.0,0.0,10.0,10.0,2.0,0.0
2026-02-16T12:38:22,ERR,ERR,ERR,ERR,ERR,ERR,ERR,ERR,ERR,ERR,ERR,ERR,ERR,ERR,ERR,ERR,ERR,ERR,ERR,ERR,ERR,ERR,ERR,ERR,ERR,ERR,ERR,ERR,ERR,ERR,ERR,ERR,ERR,ERR,ERR,ERR,ERR,ERR,ERR,ERR,ERR,ERR,ERR,ERR,ERR,ERR,ERR,ERR,ERR,ERR,ERR,ERR,ERR,ERR,ERR,ERR,ERR,ERR,ERR,ERR,ERR,ERR,ERR,ERR,ERR,ERR,ERR,ERR,ERR,ERR,ERR,ERR,ERR,ERR,ERR,ERR,ERR,ERR,ERR,ERR,ERR,ERR,ERR,ERR,ERR,ERR,ERR,ERR,ERR,ERR,ERR,ERR,ERR,ERR,ERR,ERR,ERR,ERR,ERR,ERR,ERR,ERR,ERR,ERR,ERR,ERR,ERR,ERR,ERR,ERR,ERR,ERR,ERR,ERR,ERR,ERR,ERR,ERR,ERR,ERR,ERR,ERR,ERR,ERR,ERR,0.0,-0.0,2.7420187948523476e+23,0.0,-0.0,-795665.312,-0.0,0.0,4300,0,8,17169,4300,0.0,41,0.0,0.0,0.0,0.0,0.0,0,0,0,0,0.0,0,0,0,0,0,0,0,0,0,0,0,0,0,0,0,0,0,0,0,0,0,0,0,0,0,0,0,0,0,0,0,0,0,8,38,37,46,65476,385,65476,1,0,4,21553,0.0,-107610720.0,0.0,0.0,0.0,0.0,0.0,0.0,0.0,0.0,0.0,0.0,0.0,0.0,0.0,0.0,0.0,0.0,0.0,0.0,0.0,2.004,2.004,-2.004,2.004,0.0,0.0,0.0,0.0,0.0,6636.0,-0.0,0.0,0.0,-0.0,0.0,-0.0,0.0,0.0,2.004,2.004,228,4.0668540358038725e+29,-1.905696230688686e+17,0.0,0.0,0.0,0.0,0.0,0.0,0.0,0,0,0,-0.0,0.001,26.908,0.0,0.536,-9.038334914698836e+34,1.6572652405004464e+34,-0.0,-3.4720384233622527e+22,-2.897256008700718e+30,-3108.385,1.0293122126839808e+16,0.0,0.0,0.0,-0.0,0,1.3516416376850534e+27,228,0.0,456,-621855232.0,-0.0,2114,52429,17109,0,17112,52429,17095,0,0,0,101,100,100,0.0,65.5,0.0,66.3,-0.0,65.5,1,49,50,180,52429,52429,0,0,0.0,0.0,0.0,60.0,1830897408.0,71.0,0.0,431569890181120.0,0.0,1069,0,1069,0,0,0,1069,0,1080,0,999,0,658,0,660,0,655,0,676,0.032,1.4536034330083127e+22,0.0,0.0,56720,16813,1830897408.0,431569890181120.0,-9.300059490643393e+28,0.0,0.0,0.0,50.0,60.0,35,0.0,0.0,10.0,2.0,0.0,0.0,0.0,0.0,0.0,0.0,0.0,0.0,0.0,0.0,0.0,0.0,59.2,41,21,65522,27,65476,802,65476,1,0,4,20529,65476,0,0,30147,60.0,0.0,10.0,10.0,2.0,0.0
2026-02-16T12:38:23,ERR,ERR,ERR,ERR,ERR,ERR,ERR,ERR,ERR,ERR,ERR,ERR,ERR,ERR,ERR,ERR,ERR,ERR,ERR,ERR,ERR,ERR,ERR,ERR,ERR,ERR,ERR,ERR,ERR,ERR,ERR,ERR,ERR,ERR,ERR,ERR,ERR,ERR,ERR,ERR,ERR,ERR,ERR,ERR,ERR,ERR,ERR,ERR,ERR,ERR,ERR,ERR,ERR,ERR,ERR,ERR,ERR,ERR,ERR,ERR,ERR,ERR,ERR,ERR,ERR,ERR,ERR,ERR,ERR,ERR,ERR,ERR,ERR,ERR,ERR,ERR,ERR,ERR,ERR,ERR,ERR,ERR,ERR,ERR,ERR,ERR,ERR,ERR,ERR,ERR,ERR,ERR,ERR,ERR,ERR,ERR,ERR,ERR,ERR,ERR,ERR,ERR,ERR,ERR,ERR,ERR,ERR,ERR,ERR,ERR,ERR,ERR,ERR,ERR,ERR,ERR,ERR,ERR,ERR,ERR,ERR,ERR,ERR,ERR,ERR,0.0,-0.0,2.7420187948523476e+23,0.0,-0.0,-795665.312,-0.0,0.0,4300,0,8,17169,4300,0.0,41,0.0,0.0,0.0,0.0,0.0,0,0,0,0,0.0,0,0,0,0,0,0,0,0,0,0,0,0,0,0,0,0,0,0,0,0,0,0,0,0,0,0,0,0,0,0,0,0,0,8,38,37,46,65476,385,65476,1,0,4,21553,0.0,-107610720.0,0.0,0.0,0.0,0.0,0.0,0.0,0.0,0.0,0.0,0.0,0.0,0.0,0.0,0.0,0.0,0.0,0.0,0.0,0.0,2.004,2.004,-2.004,2.004,0.0,0.0,0.0,0.0,0.0,6636.0,-0.0,0.0,0.0,-0.0,0.0,-0.0,0.0,0.0,2.004,2.004,228,4.0668540358038725e+29,-1.905696230688686e+17,0.0,0.0,0.0,0.0,0.0,0.0,0.0,0,0,0,-0.0,0.001,26.908,0.0,0.536,-9.038334914698836e+34,1.6572652405004464e+34,-0.0,-3.4720384233622527e+22,-2.897256008700718e+30,-3108.385,1.0293122126839808e+16,0.0,0.0,0.0,-0.0,0,1.3516416376850534e+27,228,0.0,456,-621855232.0,-0.0,2114,0,17110,0,17112,52429,17095,0,0,0,101,100,100,0.0,65.5,0.0,66.3,-0.0,65.5,1,49,50,180,52429,52429,0,0,0.0,0.0,0.0,60.0,0.0,71.0,0.0,6.622420280249047e+33,0.0,1069,0,1069,0,0,0,1069,0,1080,0,999,0,658,0,660,0,655,0,676,0.032,1.4609821306377965e+22,0.0,0.0,59408,16813,0.0,-0.0,-7.033064320946053e+28,0.0,0.0,0.0,50.0,60.0,35,0.0,0.0,10.0,2.0,0.0,0.0,0.0,0.0,0.0,0.0,0.0,0.0,0.0,0.0,0.0,0.0,59.2,41,21,65522,27,65476,802,65476,1,0,4,20529,65476,0,0,30147,60.0,0.0,10.0,10.0,2.0,0.0
2026-02-16T12:38:24,ERR,ERR,ERR,ERR,ERR,ERR,ERR,ERR,ERR,ERR,ERR,ERR,ERR,ERR,ERR,ERR,ERR,ERR,ERR,ERR,ERR,ERR,ERR,ERR,ERR,ERR,ERR,ERR,ERR,ERR,ERR,ERR,ERR,ERR,ERR,ERR,ERR,ERR,ERR,ERR,ERR,ERR,ERR,ERR,ERR,ERR,ERR,ERR,ERR,ERR,ERR,ERR,ERR,ERR,ERR,ERR,ERR,ERR,ERR,ERR,ERR,ERR,ERR,ERR,ERR,ERR,ERR,ERR,ERR,ERR,ERR,ERR,ERR,ERR,ERR,ERR,ERR,ERR,ERR,ERR,ERR,ERR,ERR,ERR,ERR,ERR,ERR,ERR,ERR,ERR,ERR,ERR,ERR,ERR,ERR,ERR,ERR,ERR,ERR,ERR,ERR,ERR,ERR,ERR,ERR,ERR,ERR,ERR,ERR,ERR,ERR,ERR,ERR,ERR,ERR,ERR,ERR,ERR,ERR,ERR,ERR,ERR,ERR,ERR,ERR,0.0,-0.0,2.7420187948523476e+23,0.0,-0.0,-795665.312,-0.0,0.0,4300,0,8,17169,4300,0.0,41,0.0,0.0,0.0,0.0,0.0,0,0,0,0,0.0,0,0,0,0,0,0,0,0,0,0,0,0,0,0,0,0,0,0,0,0,0,0,0,0,0,0,0,0,0,0,0,0,0,8,38,37,46,65476,385,65476,1,0,4,21553,0.0,-107610720.0,0.0,0.0,0.0,0.0,0.0,0.0,0.0,0.0,0.0,0.0,0.0,0.0,0.0,0.0,0.0,0.0,0.0,0.0,0.0,2.004,2.004,-2.004,2.004,0.0,0.0,0.0,0.0,0.0,6636.0,-0.0,0.0,0.0,-0.0,0.0,-0.0,0.0,0.0,2.004,2.004,228,4.0668540358038725e+29,-1.905696230688686e+17,0.0,0.0,0.0,0.0,0.0,0.0,0.0,0,0,0,-0.0,0.001,26.908,0.0,0.536,-9.038334914698836e+34,1.6572652405004464e+34,-0.0,-3.4720384233622527e+22,-2.897256008700718e+30,-3108.385,1.0293122126839808e+16,0.0,0.0,0.0,-0.0,0,1.3516416376850534e+27,228,0.0,456,-621855232.0,-0.0,2114,0,17110,0,17112,52429,17095,0,0,0,101,100,100,0.0,65.5,0.0,66.3,-0.0,65.5,1,49,50,180,52429,52429,0,0,0.0,0.0,0.0,60.0,0.0,71.0,0.0,6.622420280249047e+33,0.0,1069,0,1069,0,0,0,1069,0,1080,0,999,0,658,0,660,0,655,0,676,0.032,1.4609821306377965e+22,0.0,0.0,59408,16813,0.0,-0.0,-7.033064320946053e+28,0.0,0.0,0.0,50.0,60.0,35,0.0,0.0,10.0,2.0,0.0,0.0,0.0,0.0,0.0,0.0,0.0,0.0,0.0,0.0,0.0,0.0,58.8,38,23,65525,27,65476,746,65476,1,0,4,20529,65476,0,0,30147,60.0,0.0,10.0,10.0,2.0,0.0
2026-02-16T12:38:25,ERR,ERR,ERR,ERR,ERR,ERR,ERR,ERR,ERR,ERR,ERR,ERR,ERR,ERR,ERR,ERR,ERR,ERR,ERR,ERR,ERR,ERR,ERR,ERR,ERR,ERR,ERR,ERR,ERR,ERR,ERR,ERR,ERR,ERR,ERR,ERR,ERR,ERR,ERR,ERR,ERR,ERR,ERR,ERR,ERR,ERR,ERR,ERR,ERR,ERR,ERR,ERR,ERR,ERR,ERR,ERR,ERR,ERR,ERR,ERR,ERR,ERR,ERR,ERR,ERR,ERR,ERR,ERR,ERR,ERR,ERR,ERR,ERR,ERR,ERR,ERR,ERR,ERR,ERR,ERR,ERR,ERR,ERR,ERR,ERR,ERR,ERR,ERR,ERR,ERR,ERR,ERR,ERR,ERR,ERR,ERR,ERR,ERR,ERR,ERR,ERR,ERR,ERR,ERR,ERR,ERR,ERR,ERR,ERR,ERR,ERR,ERR,ERR,ERR,ERR,ERR,ERR,ERR,ERR,ERR,ERR,ERR,ERR,ERR,ERR,0.0,-0.0,2.7420187948523476e+23,0.0,-0.0,-1.1032856502563342e+31,-62888316928.0,0.0,4300,0,8,17170,4300,0.0,41,0.0,0.0,0.0,0.0,0.0,0,0,0,0,0.0,0,0,0,0,0,0,0,0,0,0,0,0,0,0,0,0,0,0,0,0,0,0,0,0,0,0,0,0,0,0,0,0,0,8,38,37,45,65476,385,65476,1,0,4,21553,0.0,0.0,0.0,0.0,0.0,0.0,0.0,0.0,0.0,0.0,0.0,0.0,0.0,0.0,0.0,0.0,0.0,0.0,0.0,0.0,0.0,2.004,2.004,-3.6970818999223845e+19,2.004,0.0,0.0,0.0,0.0,0.0,6630.0,-0.0,0.0,0.0,-0.0,107616256.0,-0.0,0.0,0.0,2.004,2.004,228,0.0,-2.308838606653337e+20,0.0,0.0,0.0,0.0,0.0,0.0,0.0,0,0,0,-0.0,-0.0,2.3223197407117312e+17,-4.586780752200059e+23,3.849138650304004e+35,-0.0,182.274,492080.094,-0.0,-3.134940496243511e+30,-3316.385,1.120791580114944e+16,0.0,0.0,0.0,-0.0,0,1.3516416376850534e+27,228,0.0,456,0.0,0.0,2114,0,17110,0,17112,52429,17095,0,0,0,101,100,100,0.0,65.5,0.0,66.3,-0.0,65.5,1,49,50,180,52429,52429,0,0,0.0,0.0,0.0,60.0,0.0,71.0,0.0,6.622420280249047e+33,0.0,1069,0,1069,0,0,0,1069,0,1080,0,999,0,658,0,660,0,655,0,676,0.032,1.4609821306377965e+22,0.0,0.0,59408,16813,0.0,-0.0,-7.033064320946053e+28,0.0,0.0,0.0,50.0,60.0,35,0.0,0.0,10.0,2.0,0.0,0.0,0.0,0.0,0.0,0.0,0.0,0.0,0.0,0.0,0.0,0.0,58.8,38,23,65525,27,65476,746,65476,1,0,4,20529,65476,0,0,30147,60.0,0.0,10.0,10.0,2.0,0.0
2026-02-16T12:38:26,ERR,ERR,ERR,ERR,ERR,ERR,ERR,ERR,ERR,ERR,ERR,ERR,ERR,ERR,ERR,ERR,ERR,ERR,ERR,ERR,ERR,ERR,ERR,ERR,ERR,ERR,ERR,ERR,ERR,ERR,ERR,ERR,ERR,ERR,ERR,ERR,ERR,ERR,ERR,ERR,ERR,ERR,ERR,ERR,ERR,ERR,ERR,ERR,ERR,ERR,ERR,ERR,ERR,ERR,ERR,ERR,ERR,ERR,ERR,ERR,ERR,ERR,ERR,ERR,ERR,ERR,ERR,ERR,ERR,ERR,ERR,ERR,ERR,ERR,ERR,ERR,ERR,ERR,ERR,ERR,ERR,ERR,ERR,ERR,ERR,ERR,ERR,ERR,ERR,ERR,ERR,ERR,ERR,ERR,ERR,ERR,ERR,ERR,ERR,ERR,ERR,ERR,ERR,ERR,ERR,ERR,ERR,ERR,ERR,ERR,ERR,ERR,ERR,ERR,ERR,ERR,ERR,ERR,ERR,ERR,ERR,ERR,ERR,ERR,ERR,0.0,-0.0,2.7420187948523476e+23,0.0,-0.0,-1.1032856502563342e+31,-62888316928.0,0.0,4300,0,8,17170,4300,0.0,41,0.0,0.0,0.0,0.0,0.0,0,0,0,0,0.0,0,0,0,0,0,0,0,0,0,0,0,0,0,0,0,0,0,0,0,0,0,0,0,0,0,0,0,0,0,0,0,0,0,8,38,37,45,65476,385,65476,1,0,4,21553,0.0,0.0,0.0,0.0,0.0,0.0,0.0,0.0,0.0,0.0,0.0,0.0,0.0,0.0,0.0,0.0,0.0,0.0,0.0,0.0,0.0,2.004,2.004,-3.6970818999223845e+19,2.004,0.0,0.0,0.0,0.0,0.0,6630.0,-0.0,0.0,0.0,-0.0,107616256.0,-0.0,0.0,0.0,2.004,2.004,228,0.0,-2.308838606653337e+20,0.0,0.0,0.0,0.0,0.0,0.0,0.0,0,0,0,-0.0,-0.0,2.3223197407117312e+17,-4.586780752200059e+23,3.849138650304004e+35,-0.0,182.274,492080.094,-0.0,-3.134940496243511e+30,-3316.385,1.120791580114944e+16,0.0,0.0,0.0,-0.0,0,1.3516416376850534e+27,228,0.0,456,0.0,0.0,2114,52429,17109,52429,17111,0,17096,0,0,0,101,100,100,0.0,65.5,0.0,66.3,-0.0,65.5,1,49,50,180,52429,52429,0,0,0.0,0.0,0.0,60.0,17313.277,71.0,0.0,-8497836544.0,0.0,1069,0,1069,0,0,0,1069,0,1080,0,999,0,658,0,660,0,655,0,676,0.032,1.4536034330083127e+22,0.0,0.0,3728,16814,23627036.0,nan,0.0,-2.4501614285961926e+35,76.128,0.0,50.0,60.0,35,0.0,0.0,10.0,2.0,0.0,0.0,0.0,0.0,0.0,0.0,0.0,0.0,0.0,0.0,0.0,0.0,58.8,35,25,65527,27,65476,746,65476,1,0,4,20529,65476,0,0,30147,60.0,0.0,10.0,10.0,2.0,0.0
2026-02-16T12:38:27,ERR,ERR,ERR,ERR,ERR,ERR,ERR,ERR,ERR,ERR,ERR,ERR,ERR,ERR,ERR,ERR,ERR,ERR,ERR,ERR,ERR,ERR,ERR,ERR,ERR,ERR,ERR,ERR,ERR,ERR,ERR,ERR,ERR,ERR,ERR,ERR,ERR,ERR,ERR,ERR,ERR,ERR,ERR,ERR,ERR,ERR,ERR,ERR,ERR,ERR,ERR,ERR,ERR,ERR,ERR,ERR,ERR,ERR,ERR,ERR,ERR,ERR,ERR,ERR,ERR,ERR,ERR,ERR,ERR,ERR,ERR,ERR,ERR,ERR,ERR,ERR,ERR,ERR,ERR,ERR,ERR,ERR,ERR,ERR,ERR,ERR,ERR,ERR,ERR,ERR,ERR,ERR,ERR,ERR,ERR,ERR,ERR,ERR,ERR,ERR,ERR,ERR,ERR,ERR,ERR,ERR,ERR,ERR,ERR,ERR,ERR,ERR,ERR,ERR,ERR,ERR,ERR,ERR,ERR,ERR,ERR,ERR,ERR,ERR,ERR,0.0,-0.0,2.7420187948523476e+23,0.0,-0.0,-1.1032856502563342e+31,-62888316928.0,0.0,4300,0,8,17170,4300,0.0,41,0.0,0.0,0.0,0.0,0.0,0,0,0,0,0.0,0,0,0,0,0,0,0,0,0,0,0,0,0,0,0,0,0,0,0,0,0,0,0,0,0,0,0,0,0,0,0,0,0,8,38,37,45,65476,385,65476,1,0,4,21553,0.0,0.0,0.0,0.0,0.0,0.0,0.0,0.0,0.0,0.0,0.0,0.0,0.0,0.0,0.0,0.0,0.0,0.0,0.0,0.0,0.0,2.004,2.004,-3.6970818999223845e+19,2.004,0.0,0.0,0.0,0.0,0.0,6630.0,-0.0,0.0,0.0,-0.0,107616256.0,-0.0,0.0,0.0,2.004,2.004,228,0.0,-2.308838606653337e+20,0.0,0.0,0.0,0.0,0.0,0.0,0.0,0,0,0,-0.0,-0.0,2.3223197407117312e+17,-4.586780752200059e+23,3.849138650304004e+35,-0.0,182.274,492080.094,-0.0,-3.134940496243511e+30,-3316.385,1.120791580114944e+16,0.0,0.0,0.0,-0.0,0,1.3516416376850534e+27,228,0.0,456,0.0,0.0,2114,52429,17109,52429,17111,0,17096,0,0,0,101,100,100,0.0,65.5,0.0,66.3,-0.0,65.5,1,49,50,180,52429,52429,0,0,0.0,0.0,0.0,60.0,17313.277,71.0,0.0,-8497836544.0,0.0,1069,0,1069,0,0,0,1069,0,1080,0,999,0,658,0,660,0,655,0,676,0.032,1.4536034330083127e+22,0.0,0.0,3728,16814,23627036.0,nan,0.0,-2.4501614285961926e+35,76.128,0.0,50.0,60.0,35,0.0,0.0,10.0,2.0,0.0,0.0,0.0,0.0,0.0,0.0,0.0,0.0,0.0,0.0,0.0,0.0,58.8,32,29,65531,27,65476,667,65476,1,0,4,20529,65476,0,0,30147,60.0,0.0,10.0,10.0,2.0,0.0
2026-02-16T12:38:28,ERR,ERR,ERR,ERR,ERR,ERR,ERR,ERR,ERR,ERR,ERR,ERR,ERR,ERR,ERR,ERR,ERR,ERR,ERR,ERR,ERR,ERR,ERR,ERR,ERR,ERR,ERR,ERR,ERR,ERR,ERR,ERR,ERR,ERR,ERR,ERR,ERR,ERR,ERR,ERR,ERR,ERR,ERR,ERR,ERR,ERR,ERR,ERR,ERR,ERR,ERR,ERR,ERR,ERR,ERR,ERR,ERR,ERR,ERR,ERR,ERR,ERR,ERR,ERR,ERR,ERR,ERR,ERR,ERR,ERR,ERR,ERR,ERR,ERR,ERR,ERR,ERR,ERR,ERR,ERR,ERR,ERR,ERR,ERR,ERR,ERR,ERR,ERR,ERR,ERR,ERR,ERR,ERR,ERR,ERR,ERR,ERR,ERR,ERR,ERR,ERR,ERR,ERR,ERR,ERR,ERR,ERR,ERR,ERR,ERR,ERR,ERR,ERR,ERR,ERR,ERR,ERR,ERR,ERR,ERR,ERR,ERR,ERR,ERR,ERR,0.0,-0.0,2.7420187948523476e+23,0.0,-0.0,-1.1032856502563342e+31,-62888316928.0,0.0,4300,0,8,17170,4300,0.0,41,0.0,0.0,0.0,0.0,0.0,0,0,0,0,0.0,0,0,0,0,0,0,0,0,0,0,0,0,0,0,0,0,0,0,0,0,0,0,0,0,0,0,0,0,0,0,0,0,0,8,38,37,45,65476,385,65476,1,0,4,21553,0.0,0.0,0.0,0.0,0.0,0.0,0.0,0.0,0.0,0.0,0.0,0.0,0.0,0.0,0.0,0.0,0.0,0.0,0.0,0.0,0.0,2.004,2.004,-3.6970818999223845e+19,2.004,0.0,0.0,0.0,0.0,0.0,6630.0,-0.0,0.0,0.0,-0.0,107616256.0,-0.0,0.0,0.0,2.004,2.004,228,0.0,-2.308838606653337e+20,0.0,0.0,0.0,0.0,0.0,0.0,0.0,0,0,0,-0.0,-0.0,2.3223197407117312e+17,-4.586780752200059e+23,3.849138650304004e+35,-0.0,182.274,492080.094,-0.0,-3.134940496243511e+30,-3316.385,1.120791580114944e+16,0.0,0.0,0.0,-0.0,0,1.3516416376850534e+27,228,0.0,456,0.0,0.0,2114,52429,17109,52429,17111,0,17096,0,0,0,101,100,100,0.0,65.5,0.0,66.3,-0.0,65.5,1,49,50,180,52429,52429,0,0,0.0,0.0,0.0,60.0,17313.277,71.0,0.0,-8497836544.0,0.0,1069,0,1069,0,0,0,1069,0,1080,0,999,0,658,0,660,0,655,0,676,0.032,1.4536034330083127e+22,0.0,0.0,3728,16814,23627036.0,nan,0.0,-2.4501614285961926e+35,76.128,0.0,50.0,60.0,35,0.0,0.0,10.0,2.0,0.0,0.0,0.0,0.0,0.0,0.0,0.0,0.0,0.0,0.0,0.0,0.0,58.8,32,29,65531,27,65476,667,65476,1,0,4,20529,65476,0,0,30147,60.0,0.0,10.0,10.0,2.0,0.0
2026-02-16T12:38:29,ERR,ERR,ERR,ERR,ERR,ERR,ERR,ERR,ERR,ERR,ERR,ERR,ERR,ERR,ERR,ERR,ERR,ERR,ERR,ERR,ERR,ERR,ERR,ERR,ERR,ERR,ERR,ERR,ERR,ERR,ERR,ERR,ERR,ERR,ERR,ERR,ERR,ERR,ERR,ERR,ERR,ERR,ERR,ERR,ERR,ERR,ERR,ERR,ERR,ERR,ERR,ERR,ERR,ERR,ERR,ERR,ERR,ERR,ERR,ERR,ERR,ERR,ERR,ERR,ERR,ERR,ERR,ERR,ERR,ERR,ERR,ERR,ERR,ERR,ERR,ERR,ERR,ERR,ERR,ERR,ERR,ERR,ERR,ERR,ERR,ERR,ERR,ERR,ERR,ERR,ERR,ERR,ERR,ERR,ERR,ERR,ERR,ERR,ERR,ERR,ERR,ERR,ERR,ERR,ERR,ERR,ERR,ERR,ERR,ERR,ERR,ERR,ERR,ERR,ERR,ERR,ERR,ERR,ERR,ERR,ERR,ERR,ERR,ERR,ERR,0.0,-0.0,2.7420187948523476e+23,0.0,-0.0,-1.1032856502563342e+31,-62888316928.0,0.0,4300,0,8,17170,4300,0.0,41,0.0,0.0,0.0,0.0,0.0,0,0,0,0,0.0,0,0,0,0,0,0,0,0,0,0,0,0,0,0,0,0,0,0,0,0,0,0,0,0,0,0,0,0,0,0,0,0,0,8,38,37,45,65476,385,65476,1,0,4,21553,0.0,0.0,0.0,0.0,0.0,0.0,0.0,0.0,0.0,0.0,0.0,0.0,0.0,0.0,0.0,0.0,0.0,0.0,0.0,0.0,0.0,2.004,2.004,-3.6970818999223845e+19,2.004,0.0,0.0,0.0,0.0,0.0,6630.0,-0.0,0.0,0.0,-0.0,107616256.0,-0.0,0.0,0.0,2.004,2.004,228,0.0,-2.308838606653337e+20,0.0,0.0,0.0,0.0,0.0,0.0,0.0,0,0,0,-0.0,-0.0,2.3223197407117312e+17,-4.586780752200059e+23,3.849138650304004e+35,-0.0,182.274,492080.094,-0.0,-3.134940496243511e+30,-3316.385,1.120791580114944e+16,0.0,0.0,0.0,-0.0,0,1.3516416376850534e+27,228,0.0,456,0.0,0.0,2112,0,17110,0,17112,52429,17095,0,0,0,101,100,100,0.0,65.5,0.0,66.3,-0.0,65.5,1,49,50,180,52429,52429,0,0,0.0,0.0,0.0,60.0,1771759730688.0,71.0,0.0,0.0,0.0,1068,0,1069,0,0,0,1069,0,1080,0,999,0,658,0,660,0,655,0,676,0.032,1.4536034330083127e+22,0.0,0.0,16,16814,1771759730688.0,0.0,-5.41334709306445e+18,2223244052529152.0,0.0,0.0,50.0,60.0,35,0.0,0.0,10.0,2.0,0.0,0.0,0.0,0.0,0.0,0.0,0.0,0.0,0.0,0.0,0.0,0.0,58.8,27,33,0,27,65476,655,65476,1,0,4,20529,65476,0,0,30147,60.0,0.0,10.0,10.0,2.0,0.0
2026-02-16T12:38:30,ERR,ERR,ERR,ERR,ERR,ERR,ERR,ERR,ERR,ERR,ERR,ERR,ERR,ERR,ERR,ERR,ERR,ERR,ERR,ERR,ERR,ERR,ERR,ERR,ERR,ERR,ERR,ERR,ERR,ERR,ERR,ERR,ERR,ERR,ERR,ERR,ERR,ERR,ERR,ERR,ERR,ERR,ERR,ERR,ERR,ERR,ERR,ERR,ERR,ERR,ERR,ERR,ERR,ERR,ERR,ERR,ERR,ERR,ERR,ERR,ERR,ERR,ERR,ERR,ERR,ERR,ERR,ERR,ERR,ERR,ERR,ERR,ERR,ERR,ERR,ERR,ERR,ERR,ERR,ERR,ERR,ERR,ERR,ERR,ERR,ERR,ERR,ERR,ERR,ERR,ERR,ERR,ERR,ERR,ERR,ERR,ERR,ERR,ERR,ERR,ERR,ERR,ERR,ERR,ERR,ERR,ERR,ERR,ERR,ERR,ERR,ERR,ERR,ERR,ERR,ERR,ERR,ERR,ERR,ERR,ERR,ERR,ERR,ERR,ERR,0.0,-0.0,-107090032.0,0.0,-3.160207272547048e+29,0.0,-7.31531830619537e+26,6.777548677249348e+25,4300,0,8,17170,4300,0.0,41,0.0,0.0,0.0,0.0,-152017230102528.0,0,0,0,0,0.0,0,0,0,0,0,0,0,0,0,0,0,0,0,0,0,0,0,0,0,0,0,0,0,0,0,0,0,0,0,0,0,0,0,8,38,37,45,65476,383,65476,1,0,4,21553,0.0,0.0,0.0,0.0,0.0,0.0,0.0,0.0,0.0,0.0,0.0,0.0,0.0,0.0,0.0,0.0,0.0,0.0,0.0,0.0,0.0,2.004,2.004,-3.6970818999223845e+19,3.697075302852618e+19,-2.004,0.0,0.0,0.0,0.0,6630.0,0.0,0.0,0.0,-0.0,0.0,2.7184507374263774e+23,0.0,0.0,2.004,2.004,229,0.0,-0.0,0.0,0.0,0.0,0.0,0.0,0.0,0.0,0,0,0,-0.0,-0.0,673.054,0.0,1.026318783487659e+30,0.0,7752.759,-0.0,-0.001,-3.372624983786304e+30,-3524.385,1.2052340731281408e+16,0.0,0.0,0.0,2.1702178244172985e+28,0,1.3516416376850534e+27,229,0.0,458,0.0,0.0,2112,0,17110,0,17112,52429,17095,0,0,0,101,100,100,0.0,65.5,0.0,66.3,-0.0,65.5,1,49,50,180,52429,52429,0,0,0.0,0.0,0.0,60.0,1771759730688.0,71.0,0.0,0.0,0.0,1068,0,1069,0,0,0,1069,0,1080,0,999,0,658,0,660,0,655,0,676,0.032,1.4536034330083127e+22,0.0,0.0,16,16814,1771759730688.0,0.0,-5.41334709306445e+18,2223244052529152.0,0.0,0.0,50.0,60.0,35,0.0,0.0,10.0,2.0,0.0,0.0,0.0,0.0,0.0,0.0,0.0,0.0,0.0,0.0,0.0,0.0,58.8,27,33,0,27,65476,655,65476,1,0,4,20529,65476,0,0,30147,60.0,0.0,10.0,10.0,2.0,0.0
2026-02-16T12:38:31,ERR,ERR,ERR,ERR,ERR,ERR,ERR,ERR,ERR,ERR,ERR,ERR,ERR,ERR,ERR,ERR,ERR,ERR,ERR,ERR,ERR,ERR,ERR,ERR,ERR,ERR,ERR,ERR,ERR,ERR,ERR,ERR,ERR,ERR,ERR,ERR,ERR,ERR,ERR,ERR,ERR,ERR,ERR,ERR,ERR,ERR,ERR,ERR,ERR,ERR,ERR,ERR,ERR,ERR,ERR,ERR,ERR,ERR,ERR,ERR,ERR,ERR,ERR,ERR,ERR,ERR,ERR,ERR,ERR,ERR,ERR,ERR,ERR,ERR,ERR,ERR,ERR,ERR,ERR,ERR,ERR,ERR,ERR,ERR,ERR,ERR,ERR,ERR,ERR,ERR,ERR,ERR,ERR,ERR,ERR,ERR,ERR,ERR,ERR,ERR,ERR,ERR,ERR,ERR,ERR,ERR,ERR,ERR,ERR,ERR,ERR,ERR,ERR,ERR,ERR,ERR,ERR,ERR,ERR,ERR,ERR,ERR,ERR,ERR,ERR,0.0,-0.0,-107090032.0,0.0,-3.160207272547048e+29,0.0,-7.31531830619537e+26,6.777548677249348e+25,4300,0,8,17170,4300,0.0,41,0.0,0.0,0.0,0.0,-152017230102528.0,0,0,0,0,0.0,0,0,0,0,0,0,0,0,0,0,0,0,0,0,0,0,0,0,0,0,0,0,0,0,0,0,0,0,0,0,0,0,0,8,38,37,45,65476,383,65476,1,0,4,21553,0.0,0.0,0.0,0.0,0.0,0.0,0.0,0.0,0.0,0.0,0.0,0.0,0.0,0.0,0.0,0.0,0.0,0.0,0.0,0.0,0.0,2.004,2.004,-3.6970818999223845e+19,3.697075302852618e+19,-2.004,0.0,0.0,0.0,0.0,6630.0,0.0,0.0,0.0,-0.0,0.0,2.7184507374263774e+23,0.0,0.0,2.004,2.004,229,0.0,-0.0,0.0,0.0,0.0,0.0,0.0,0.0,0.0,0,0,0,-0.0,-0.0,673.054,0.0,1.026318783487659e+30,0.0,7752.759,-0.0,-0.001,-3.372624983786304e+30,-3524.385,1.2052340731281408e+16,0.0,0.0,0.0,2.1702178244172985e+28,0,1.3516416376850534e+27,229,0.0,458,0.0,0.0,2112,0,17110,0,17112,52429,17095,0,0,0,101,100,100,0.0,65.5,0.0,66.3,-0.0,65.5,1,49,50,180,52429,52429,0,0,0.0,0.0,0.0,60.0,1771759730688.0,71.0,0.0,0.0,0.0,1068,0,1069,0,0,0,1069,0,1080,0,999,0,658,0,660,0,655,0,676,0.032,1.4536034330083127e+22,0.0,0.0,16,16814,1771759730688.0,0.0,-5.41334709306445e+18,2223244052529152.0,0.0,0.0,50.0,60.0,35,0.0,0.0,10.0,2.0,0.0,0.0,0.0,0.0,0.0,0.0,0.0,0.0,0.0,0.0,0.0,0.0,58.8,24,36,3,27,65476,524,65476,1,0,4,20529,65476,0,0,30147,60.0,0.0,10.0,10.0,2.0,0.0
2026-02-16T12:38:32,ERR,ERR,ERR,ERR,ERR,ERR,ERR,ERR,ERR,ERR,ERR,ERR,ERR,ERR,ERR,ERR,ERR,ERR,ERR,ERR,ERR,ERR,ERR,ERR,ERR,ERR,ERR,ERR,ERR,ERR,ERR,ERR,ERR,ERR,ERR,ERR,ERR,ERR,ERR,ERR,ERR,ERR,ERR,ERR,ERR,ERR,ERR,ERR,ERR,ERR,ERR,ERR,ERR,ERR,ERR,ERR,ERR,ERR,ERR,ERR,ERR,ERR,ERR,ERR,ERR,ERR,ERR,ERR,ERR,ERR,ERR,ERR,ERR,ERR,ERR,ERR,ERR,ERR,ERR,ERR,ERR,ERR,ERR,ERR,ERR,ERR,ERR,ERR,ERR,ERR,ERR,ERR,ERR,ERR,ERR,ERR,ERR,ERR,ERR,ERR,ERR,ERR,ERR,ERR,ERR,ERR,ERR,ERR,ERR,ERR,ERR,ERR,ERR,ERR,ERR,ERR,ERR,ERR,ERR,ERR,ERR,ERR,ERR,ERR,ERR,0.0,-0.0,-107090032.0,0.0,-3.160207272547048e+29,0.0,-7.31531830619537e+26,6.777548677249348e+25,4300,0,8,17170,4300,0.0,41,0.0,0.0,0.0,0.0,-152017230102528.0,0,0,0,0,0.0,0,0,0,0,0,0,0,0,0,0,0,0,0,0,0,0,0,0,0,0,0,0,0,0,0,0,0,0,0,0,0,0,0,8,38,37,45,65476,383,65476,1,0,4,21553,0.0,0.0,0.0,0.0,0.0,0.0,0.0,0.0,0.0,0.0,0.0,0.0,0.0,0.0,0.0,0.0,0.0,0.0,0.0,0.0,0.0,2.004,2.004,-3.6970818999223845e+19,3.697075302852618e+19,-2.004,0.0,0.0,0.0,0.0,6630.0,0.0,0.0,0.0,-0.0,0.0,2.7184507374263774e+23,0.0,0.0,2.004,2.004,229,0.0,-0.0,0.0,0.0,0.0,0.0,0.0,0.0,0.0,0,0,0,-0.0,-0.0,673.054,0.0,1.026318783487659e+30,0.0,7752.759,-0.0,-0.001,-3.372624983786304e+30,-3524.385,1.2052340731281408e+16,0.0,0.0,0.0,2.1702178244172985e+28,0,1.3516416376850534e+27,229,0.0,458,0.0,0.0,2112,0,17110,0,17112,52429,17095,0,0,0,101,100,100,0.0,65.5,0.0,66.3,-0.0,65.5,1,49,50,180,52429,52429,0,0,0.0,0.0,0.0,60.0,1771759730688.0,71.0,0.0,0.0,0.0,1068,0,1069,0,0,0,1069,0,1080,0,999,0,658,0,660,0,655,0,676,0.032,1.4536034330083127e+22,0.0,0.0,16,16814,1771759730688.0,0.0,-5.41334709306445e+18,2223244052529152.0,0.0,0.0,50.0,60.0,35,0.0,0.0,10.0,2.0,0.0,0.0,0.0,0.0,0.0,0.0,0.0,0.0,0.0,0.0,0.0,0.0,58.8,24,36,3,27,65476,524,65476,1,0,4,20529,65476,0,0,30147,60.0,0.0,10.0,10.0,2.0,0.0
2026-02-16T12:38:33,ERR,ERR,ERR,ERR,ERR,ERR,ERR,ERR,ERR,ERR,ERR,ERR,ERR,ERR,ERR,ERR,ERR,ERR,ERR,ERR,ERR,ERR,ERR,ERR,ERR,ERR,ERR,ERR,ERR,ERR,ERR,ERR,ERR,ERR,ERR,ERR,ERR,ERR,ERR,ERR,ERR,ERR,ERR,ERR,ERR,ERR,ERR,ERR,ERR,ERR,ERR,ERR,ERR,ERR,ERR,ERR,ERR,ERR,ERR,ERR,ERR,ERR,ERR,ERR,ERR,ERR,ERR,ERR,ERR,ERR,ERR,ERR,ERR,ERR,ERR,ERR,ERR,ERR,ERR,ERR,ERR,ERR,ERR,ERR,ERR,ERR,ERR,ERR,ERR,ERR,ERR,ERR,ERR,ERR,ERR,ERR,ERR,ERR,ERR,ERR,ERR,ERR,ERR,ERR,ERR,ERR,ERR,ERR,ERR,ERR,ERR,ERR,ERR,ERR,ERR,ERR,ERR,ERR,ERR,ERR,ERR,ERR,ERR,ERR,ERR,0.0,-0.0,-107090032.0,0.0,-3.160207272547048e+29,0.0,-7.31531830619537e+26,6.777548677249348e+25,4300,0,8,17170,4300,0.0,41,0.0,0.0,0.0,0.0,-152017230102528.0,0,0,0,0,0.0,0,0,0,0,0,0,0,0,0,0,0,0,0,0,0,0,0,0,0,0,0,0,0,0,0,0,0,0,0,0,0,0,0,8,38,37,45,65476,383,65476,1,0,4,21553,0.0,0.0,0.0,0.0,0.0,0.0,0.0,0.0,0.0,0.0,0.0,0.0,0.0,0.0,0.0,0.0,0.0,0.0,0.0,0.0,0.0,2.004,2.004,-3.6970818999223845e+19,3.697075302852618e+19,-2.004,0.0,0.0,0.0,0.0,6630.0,0.0,0.0,0.0,-0.0,0.0,2.7184507374263774e+23,0.0,0.0,2.004,2.004,229,0.0,-0.0,0.0,0.0,0.0,0.0,0.0,0.0,0.0,0,0,0,-0.0,-0.0,673.054,0.0,1.026318783487659e+30,0.0,7752.759,-0.0,-0.001,-3.372624983786304e+30,-3524.385,1.2052340731281408e+16,0.0,0.0,0.0,2.1702178244172985e+28,0,1.3516416376850534e+27,229,0.0,458,0.0,0.0,2112,0,17110,0,17112,52429,17095,0,0,0,101,100,100,0.0,65.5,0.0,66.3,-0.0,65.5,1,49,50,180,52429,52429,0,0,0.0,0.0,0.0,60.0,1771759730688.0,71.0,0.0,0.0,0.0,1068,0,1069,0,0,0,1069,0,1080,0,999,0,658,0,660,0,655,0,676,0.032,1.4536034330083127e+22,0.0,0.0,16,16814,1771759730688.0,0.0,-5.41334709306445e+18,2223244052529152.0,0.0,0.0,50.0,60.0,35,0.0,0.0,10.0,2.0,0.0,0.0,0.0,0.0,0.0,0.0,0.0,0.0,0.0,0.0,0.0,0.0,58.8,22,38,5,27,65476,448,65476,1,0,4,20529,65476,0,0,30147,60.0,0.0,10.0,10.0,2.0,0.0
2026-02-16T12:38:34,ERR,ERR,ERR,ERR,ERR,ERR,ERR,ERR,ERR,ERR,ERR,ERR,ERR,ERR,ERR,ERR,ERR,ERR,ERR,ERR,ERR,ERR,ERR,ERR,ERR,ERR,ERR,ERR,ERR,ERR,ERR,ERR,ERR,ERR,ERR,ERR,ERR,ERR,ERR,ERR,ERR,ERR,ERR,ERR,ERR,ERR,ERR,ERR,ERR,ERR,ERR,ERR,ERR,ERR,ERR,ERR,ERR,ERR,ERR,ERR,ERR,ERR,ERR,ERR,ERR,ERR,ERR,ERR,ERR,ERR,ERR,ERR,ERR,ERR,ERR,ERR,ERR,ERR,ERR,ERR,ERR,ERR,ERR,ERR,ERR,ERR,ERR,ERR,ERR,ERR,ERR,ERR,ERR,ERR,ERR,ERR,ERR,ERR,ERR,ERR,ERR,ERR,ERR,ERR,ERR,ERR,ERR,ERR,ERR,ERR,ERR,ERR,ERR,ERR,ERR,ERR,ERR,ERR,ERR,ERR,ERR,ERR,ERR,ERR,ERR,0.0,-0.0,-107090032.0,0.0,-3.160207272547048e+29,0.0,-7.31531830619537e+26,6.777548677249348e+25,4300,0,8,17170,4300,0.0,41,0.0,0.0,0.0,0.0,-152017230102528.0,0,0,0,0,0.0,0,0,0,0,0,0,0,0,0,0,0,0,0,0,0,0,0,0,0,0,0,0,0,0,0,0,0,0,0,0,0,0,0,8,38,37,45,65476,383,65476,1,0,4,21553,0.0,0.0,0.0,0.0,0.0,0.0,0.0,0.0,0.0,0.0,0.0,0.0,0.0,0.0,0.0,0.0,0.0,0.0,0.0,0.0,0.0,2.004,2.004,-3.6970818999223845e+19,3.697075302852618e+19,-2.004,0.0,0.0,0.0,0.0,6630.0,0.0,0.0,0.0,-0.0,0.0,2.7184507374263774e+23,0.0,0.0,2.004,2.004,229,0.0,-0.0,0.0,0.0,0.0,0.0,0.0,0.0,0.0,0,0,0,-0.0,-0.0,673.054,0.0,1.026318783487659e+30,0.0,7752.759,-0.0,-0.001,-3.372624983786304e+30,-3524.385,1.2052340731281408e+16,0.0,0.0,0.0,2.1702178244172985e+28,0,1.3516416376850534e+27,229,0.0,458,0.0,0.0,2112,52429,17109,0,17112,52429,17095,0,0,0,101,100,100,0.0,65.5,0.0,66.3,-0.0,65.5,1,49,50,180,52429,52429,0,0,0.0,0.0,0.0,60.0,22449254400.0,71.0,0.0,-0.0,0.0,1069,0,1069,0,0,0,1070,0,1080,0,999,0,658,0,660,0,655,0,676,0.032,1.4536034330083127e+22,0.0,0.0,61584,16813,0.011,-189011344.0,0.0,-1672920432640.0,2003655458816.0,0.196,50.0,60.0,35,0.0,0.0,10.0,2.0,0.0,0.0,0.0,0.0,0.0,0.0,0.0,0.0,0.0,0.0,0.0,0.0,58.8,22,38,5,27,65476,448,65476,1,0,4,20529,65476,0,0,30147,60.0,0.0,10.0,10.0,2.0,0.0
2026-02-16T12:38:35,ERR,ERR,ERR,ERR,ERR,ERR,ERR,ERR,ERR,ERR,ERR,ERR,ERR,ERR,ERR,ERR,ERR,ERR,ERR,ERR,ERR,ERR,ERR,ERR,ERR,ERR,ERR,ERR,ERR,ERR,ERR,ERR,ERR,ERR,ERR,ERR,ERR,ERR,ERR,ERR,ERR,ERR,ERR,ERR,ERR,ERR,ERR,ERR,ERR,ERR,ERR,ERR,ERR,ERR,ERR,ERR,ERR,ERR,ERR,ERR,ERR,ERR,ERR,ERR,ERR,ERR,ERR,ERR,ERR,ERR,ERR,ERR,ERR,ERR,ERR,ERR,ERR,ERR,ERR,ERR,ERR,ERR,ERR,ERR,ERR,ERR,ERR,ERR,ERR,ERR,ERR,ERR,ERR,ERR,ERR,ERR,ERR,ERR,ERR,ERR,ERR,ERR,ERR,ERR,ERR,ERR,ERR,ERR,ERR,ERR,ERR,ERR,ERR,ERR,ERR,ERR,ERR,ERR,ERR,ERR,ERR,ERR,ERR,ERR,ERR,0.0,-0.0,-107090032.0,0.0,-3.160207272547048e+29,0.0,-7.31531830619537e+26,6.777548677249348e+25,4300,0,8,17170,4300,0.0,41,0.0,0.0,0.0,0.0,-152017230102528.0,0,0,0,0,0.0,0,0,0,0,0,0,0,0,0,0,0,0,0,0,0,0,0,0,0,0,0,0,0,0,0,0,0,0,0,0,0,0,0,8,38,37,45,65476,383,65476,1,0,4,21553,0.0,0.0,0.0,0.0,0.0,0.0,0.0,0.0,0.0,0.0,0.0,0.0,0.0,0.0,0.0,0.0,0.0,0.0,0.0,0.0,0.0,2.004,2.004,-3.6970818999223845e+19,3.697075302852618e+19,-2.004,0.0,0.0,0.0,0.0,6630.0,0.0,0.0,0.0,-0.0,0.0,2.7184507374263774e+23,0.0,0.0,2.004,2.004,229,0.0,-0.0,0.0,0.0,0.0,0.0,0.0,0.0,0.0,0,0,0,-0.0,-0.0,673.054,0.0,1.026318783487659e+30,0.0,7752.759,-0.0,-0.001,-3.372624983786304e+30,-3524.385,1.2052340731281408e+16,0.0,0.0,0.0,2.1702178244172985e+28,0,1.3516416376850534e+27,229,0.0,458,0.0,0.0,2112,52429,17109,0,17112,52429,17095,0,0,0,101,100,100,0.0,65.5,0.0,66.3,-0.0,65.5,1,49,50,180,52429,52429,0,0,0.0,0.0,0.0,60.0,22449254400.0,71.0,0.0,-0.0,0.0,1069,0,1069,0,0,0,1070,0,1080,0,999,0,658,0,660,0,655,0,676,0.032,1.4536034330083127e+22,0.0,0.0,61584,16813,0.011,-189011344.0,0.0,-1672920432640.0,2003655458816.0,0.196,50.0,60.0,35,0.0,0.0,10.0,2.0,0.0,0.0,0.0,0.0,0.0,0.0,0.0,0.0,0.0,0.0,0.0,0.0,58.8,21,38,6,27,65476,448,65476,1,0,4,20529,65476,0,0,30147,60.0,0.0,10.0,10.0,2.0,0.0
2026-02-16T12:38:36,ERR,ERR,ERR,ERR,ERR,ERR,ERR,ERR,ERR,ERR,ERR,ERR,ERR,ERR,ERR,ERR,ERR,ERR,ERR,ERR,ERR,ERR,ERR,ERR,ERR,ERR,ERR,ERR,ERR,ERR,ERR,ERR,ERR,ERR,ERR,ERR,ERR,ERR,ERR,ERR,ERR,ERR,ERR,ERR,ERR,ERR,ERR,ERR,ERR,ERR,ERR,ERR,ERR,ERR,ERR,ERR,ERR,ERR,ERR,ERR,ERR,ERR,ERR,ERR,ERR,ERR,ERR,ERR,ERR,ERR,ERR,ERR,ERR,ERR,ERR,ERR,ERR,ERR,ERR,ERR,ERR,ERR,ERR,ERR,ERR,ERR,ERR,ERR,ERR,ERR,ERR,ERR,ERR,ERR,ERR,ERR,ERR,ERR,ERR,ERR,ERR,ERR,ERR,ERR,ERR,ERR,ERR,ERR,ERR,ERR,ERR,ERR,ERR,ERR,ERR,ERR,ERR,ERR,ERR,ERR,ERR,ERR,ERR,ERR,ERR,0.0,-0.0,-107090032.0,0.0,-3.160207272547048e+29,-841.017,-0.0,-0.0,4300,0,8,17170,4300,0.0,41,0.0,0.0,0.0,0.0,-152017230102528.0,0,0,0,0,0.0,0,0,0,0,0,0,0,0,0,0,0,0,0,0,0,0,0,0,0,0,0,0,0,0,0,0,0,0,0,0,0,0,0,8,38,37,45,65476,380,65476,1,0,4,21553,0.0,0.0,0.0,0.0,0.0,0.0,0.0,0.0,0.0,0.0,0.0,0.0,0.0,0.0,0.0,0.0,0.0,0.0,0.0,0.0,0.0,2.004,2.004,-3.6970818999223845e+19,2.004,-3.697075742657269e+19,0.0,0.0,0.0,0.0,6602.0,-0.0,0.0,0.0,-0.0,0.0,-0.0,-0.0,0.0,2.004,2.004,230,126840545280.0,0.0,0.0,0.0,0.0,0.0,0.0,0.0,0.0,0,0,0,-0.0,0.0,0.0,-0.0,51199701155840.0,-0.0,0.0,0.0,3209053184.0,-3.6895376338433614e+30,-3748.385,1.3107871893946368e+16,0.0,0.0,0.0,-0.0,0,1.3516416376850534e+27,230,0.0,460,-621855232.0,-0.0,2112,52429,17109,0,17112,52429,17095,0,0,0,101,100,100,0.0,65.5,0.0,66.3,-0.0,65.5,1,49,50,180,52429,52429,0,0,0.0,0.0,0.0,60.0,22449254400.0,71.0,0.0,-0.0,0.0,1069,0,1069,0,0,0,1070,0,1080,0,999,0,658,0,660,0,655,0,676,0.032,1.4536034330083127e+22,0.0,0.0,61584,16813,0.011,-189011344.0,0.0,-1672920432640.0,2003655458816.0,0.196,50.0,60.0,35,0.0,0.0,10.0,2.0,0.0,0.0,0.0,0.0,0.0,0.0,0.0,0.0,0.0,0.0,0.0,0.0,58.8,21,38,6,27,65476,414,65476,1,0,4,20529,65476,0,0,30147,60.0,0.0,10.0,10.0,2.0,0.0
2026-02-16T12:38:37,ERR,ERR,ERR,ERR,ERR,ERR,ERR,ERR,ERR,ERR,ERR,ERR,ERR,ERR,ERR,ERR,ERR,ERR,ERR,ERR,ERR,ERR,ERR,ERR,ERR,ERR,ERR,ERR,ERR,ERR,ERR,ERR,ERR,ERR,ERR,ERR,ERR,ERR,ERR,ERR,ERR,ERR,ERR,ERR,ERR,ERR,ERR,ERR,ERR,ERR,ERR,ERR,ERR,ERR,ERR,ERR,ERR,ERR,ERR,ERR,ERR,ERR,ERR,ERR,ERR,ERR,ERR,ERR,ERR,ERR,ERR,ERR,ERR,ERR,ERR,ERR,ERR,ERR,ERR,ERR,ERR,ERR,ERR,ERR,ERR,ERR,ERR,ERR,ERR,ERR,ERR,ERR,ERR,ERR,ERR,ERR,ERR,ERR,ERR,ERR,ERR,ERR,ERR,ERR,ERR,ERR,ERR,ERR,ERR,ERR,ERR,ERR,ERR,ERR,ERR,ERR,ERR,ERR,ERR,ERR,ERR,ERR,ERR,ERR,ERR,0.0,-0.0,-107090032.0,0.0,-3.160207272547048e+29,-841.017,-0.0,-0.0,4300,0,8,17170,4300,0.0,41,0.0,0.0,0.0,0.0,-152017230102528.0,0,0,0,0,0.0,0,0,0,0,0,0,0,0,0,0,0,0,0,0,0,0,0,0,0,0,0,0,0,0,0,0,0,0,0,0,0,0,0,8,38,37,45,65476,380,65476,1,0,4,21553,0.0,0.0,0.0,0.0,0.0,0.0,0.0,0.0,0.0,0.0,0.0,0.0,0.0,0.0,0.0,0.0,0.0,0.0,0.0,0.0,0.0,2.004,2.004,-3.6970818999223845e+19,2.004,-3.697075742657269e+19,0.0,0.0,0.0,0.0,6602.0,-0.0,0.0,0.0,-0.0,0.0,-0.0,-0.0,0.0,2.004,2.004,230,126840545280.0,0.0,0.0,0.0,0.0,0.0,0.0,0.0,0.0,0,0,0,-0.0,0.0,0.0,-0.0,51199701155840.0,-0.0,0.0,0.0,3209053184.0,-3.6895376338433614e+30,-3748.385,1.3107871893946368e+16,0.0,0.0,0.0,-0.0,0,1.3516416376850534e+27,230,0.0,460,-621855232.0,-0.0,2112,52429,17109,0,17112,52429,17095,0,0,0,101,100,100,0.0,65.5,0.0,66.3,-0.0,65.5,1,49,50,180,52429,52429,0,0,0.0,0.0,0.0,60.0,525352.875,71.0,0.0,-22448621568.0,0.0,1069,0,1069,0,0,0,1069,0,1080,0,999,0,658,0,660,0,655,0,676,0.032,1.4609821306377965e+22,0.0,0.0,56336,16813,149170400.0,-0.0,0.0,-1.5830379259113199e+29,46145.586,0.0,50.0,60.0,35,0.0,0.0,10.0,2.0,0.0,0.0,0.0,0.0,0.0,0.0,0.0,0.0,0.0,0.0,0.0,0.0,58.8,21,38,6,27,65476,414,65476,1,0,4,20529,65476,0,0,30147,60.0,0.0,10.0,10.0,2.0,0.0
2026-02-16T12:38:38,ERR,ERR,ERR,ERR,ERR,ERR,ERR,ERR,ERR,ERR,ERR,ERR,ERR,ERR,ERR,ERR,ERR,ERR,ERR,ERR,ERR,ERR,ERR,ERR,ERR,ERR,ERR,ERR,ERR,ERR,ERR,ERR,ERR,ERR,ERR,ERR,ERR,ERR,ERR,ERR,ERR,ERR,ERR,ERR,ERR,ERR,ERR,ERR,ERR,ERR,ERR,ERR,ERR,ERR,ERR,ERR,ERR,ERR,ERR,ERR,ERR,ERR,ERR,ERR,ERR,ERR,ERR,ERR,ERR,ERR,ERR,ERR,ERR,ERR,ERR,ERR,ERR,ERR,ERR,ERR,ERR,ERR,ERR,ERR,ERR,ERR,ERR,ERR,ERR,ERR,ERR,ERR,ERR,ERR,ERR,ERR,ERR,ERR,ERR,ERR,ERR,ERR,ERR,ERR,ERR,ERR,ERR,ERR,ERR,ERR,ERR,ERR,ERR,ERR,ERR,ERR,ERR,ERR,ERR,ERR,ERR,ERR,ERR,ERR,ERR,0.0,-0.0,-107090032.0,0.0,-3.160207272547048e+29,-841.017,-0.0,-0.0,4300,0,8,17170,4300,0.0,41,0.0,0.0,0.0,0.0,-152017230102528.0,0,0,0,0,0.0,0,0,0,0,0,0,0,0,0,0,0,0,0,0,0,0,0,0,0,0,0,0,0,0,0,0,0,0,0,0,0,0,0,8,38,37,45,65476,380,65476,1,0,4,21553,0.0,0.0,0.0,0.0,0.0,0.0,0.0,0.0,0.0,0.0,0.0,0.0,0.0,0.0,0.0,0.0,0.0,0.0,0.0,0.0,0.0,2.004,2.004,-3.6970818999223845e+19,2.004,-3.697075742657269e+19,0.0,0.0,0.0,0.0,6602.0,-0.0,0.0,0.0,-0.0,0.0,-0.0,-0.0,0.0,2.004,2.004,230,126840545280.0,0.0,0.0,0.0,0.0,0.0,0.0,0.0,0.0,0,0,0,-0.0,0.0,0.0,-0.0,51199701155840.0,-0.0,0.0,0.0,3209053184.0,-3.6895376338433614e+30,-3748.385,1.3107871893946368e+16,0.0,0.0,0.0,-0.0,0,1.3516416376850534e+27,230,0.0,460,-621855232.0,-0.0,2112,52429,17109,0,17112,52429,17095,0,0,0,101,100,100,0.0,65.5,0.0,66.3,-0.0,65.5,1,49,50,180,52429,52429,0,0,0.0,0.0,0.0,60.0,525352.875,71.0,0.0,-22448621568.0,0.0,1069,0,1069,0,0,0,1069,0,1080,0,999,0,658,0,660,0,655,0,676,0.032,1.4609821306377965e+22,0.0,0.0,56336,16813,149170400.0,-0.0,0.0,-1.5830379259113199e+29,46145.586,0.0,50.0,60.0,35,0.0,0.0,10.0,2.0,0.0,0.0,0.0,0.0,0.0,0.0,0.0,0.0,0.0,0.0,0.0,0.0,59.2,23,37,5,27,65476,414,65476,1,0,4,20529,65476,0,0,30147,60.0,0.0,10.0,10.0,2.0,0.0
2026-02-16T12:38:39,ERR,ERR,ERR,ERR,ERR,ERR,ERR,ERR,ERR,ERR,ERR,ERR,ERR,ERR,ERR,ERR,ERR,ERR,ERR,ERR,ERR,ERR,ERR,ERR,ERR,ERR,ERR,ERR,ERR,ERR,ERR,ERR,ERR,ERR,ERR,ERR,ERR,ERR,ERR,ERR,ERR,ERR,ERR,ERR,ERR,ERR,ERR,ERR,ERR,ERR,ERR,ERR,ERR,ERR,ERR,ERR,ERR,ERR,ERR,ERR,ERR,ERR,ERR,ERR,ERR,ERR,ERR,ERR,ERR,ERR,ERR,ERR,ERR,ERR,ERR,ERR,ERR,ERR,ERR,ERR,ERR,ERR,ERR,ERR,ERR,ERR,ERR,ERR,ERR,ERR,ERR,ERR,ERR,ERR,ERR,ERR,ERR,ERR,ERR,ERR,ERR,ERR,ERR,ERR,ERR,ERR,ERR,ERR,ERR,ERR,ERR,ERR,ERR,ERR,ERR,ERR,ERR,ERR,ERR,ERR,ERR,ERR,ERR,ERR,ERR,0.0,-0.0,-107090032.0,0.0,-3.160207272547048e+29,-841.017,-0.0,-0.0,4300,0,8,17170,4300,0.0,41,0.0,0.0,0.0,0.0,-152017230102528.0,0,0,0,0,0.0,0,0,0,0,0,0,0,0,0,0,0,0,0,0,0,0,0,0,0,0,0,0,0,0,0,0,0,0,0,0,0,0,0,8,38,37,45,65476,380,65476,1,0,4,21553,0.0,0.0,0.0,0.0,0.0,0.0,0.0,0.0,0.0,0.0,0.0,0.0,0.0,0.0,0.0,0.0,0.0,0.0,0.0,0.0,0.0,2.004,2.004,-3.6970818999223845e+19,2.004,-3.697075742657269e+19,0.0,0.0,0.0,0.0,6602.0,-0.0,0.0,0.0,-0.0,0.0,-0.0,-0.0,0.0,2.004,2.004,230,126840545280.0,0.0,0.0,0.0,0.0,0.0,0.0,0.0,0.0,0,0,0,-0.0,0.0,0.0,-0.0,51199701155840.0,-0.0,0.0,0.0,3209053184.0,-3.6895376338433614e+30,-3748.385,1.3107871893946368e+16,0.0,0.0,0.0,-0.0,0,1.3516416376850534e+27,230,0.0,460,-621855232.0,-0.0,2112,52429,17109,0,17112,52429,17095,0,0,0,101,100,100,0.0,65.5,0.0,66.3,-0.0,65.5,1,49,50,180,52429,52429,0,0,0.0,0.0,0.0,60.0,525352.875,71.0,0.0,-22448621568.0,0.0,1069,0,1069,0,0,0,1069,0,1080,0,999,0,658,0,660,0,655,0,676,0.032,1.4609821306377965e+22,0.0,0.0,56336,16813,149170400.0,-0.0,0.0,-1.5830379259113199e+29,46145.586,0.0,50.0,60.0,35,0.0,0.0,10.0,2.0,0.0,0.0,0.0,0.0,0.0,0.0,0.0,0.0,0.0,0.0,0.0,0.0,59.2,23,37,5,27,65476,414,65476,1,0,4,20529,65476,0,0,30147,60.0,0.0,10.0,10.0,2.0,0.0
2026-02-16T12:38:40,ERR,ERR,ERR,ERR,ERR,ERR,ERR,ERR,ERR,ERR,ERR,ERR,ERR,ERR,ERR,ERR,ERR,ERR,ERR,ERR,ERR,ERR,ERR,ERR,ERR,ERR,ERR,ERR,ERR,ERR,ERR,ERR,ERR,ERR,ERR,ERR,ERR,ERR,ERR,ERR,ERR,ERR,ERR,ERR,ERR,ERR,ERR,ERR,ERR,ERR,ERR,ERR,ERR,ERR,ERR,ERR,ERR,ERR,ERR,ERR,ERR,ERR,ERR,ERR,ERR,ERR,ERR,ERR,ERR,ERR,ERR,ERR,ERR,ERR,ERR,ERR,ERR,ERR,ERR,ERR,ERR,ERR,ERR,ERR,ERR,ERR,ERR,ERR,ERR,ERR,ERR,ERR,ERR,ERR,ERR,ERR,ERR,ERR,ERR,ERR,ERR,ERR,ERR,ERR,ERR,ERR,ERR,ERR,ERR,ERR,ERR,ERR,ERR,ERR,ERR,ERR,ERR,ERR,ERR,ERR,ERR,ERR,ERR,ERR,ERR,0.0,-0.0,-107090032.0,0.0,-3.160207272547048e+29,101845160.0,-0.014,0.0,4300,0,8,17170,4300,0.0,41,0.0,0.0,0.0,0.0,0.0,0,0,0,0,0.0,0,0,0,0,0,0,0,0,0,0,0,0,0,0,0,0,0,0,0,0,0,0,0,0,0,0,0,0,0,0,0,0,0,8,37,37,45,65476,382,65476,1,0,4,21553,0.0,0.0,0.0,0.0,0.0,0.0,0.0,0.0,0.0,0.0,0.0,0.0,0.0,0.0,0.0,0.0,0.0,0.0,0.0,0.0,0.0,2.004,2.004,-3.6970818999223845e+19,2.004,-3.697075742657269e+19,0.0,0.0,0.0,0.0,6574.0,-0.0,0.0,0.0,-0.0,0.0,-0.0,0.0,0.0,2.004,2.004,230,-0.0,-0.0,0.0,0.0,0.0,0.0,0.0,0.0,0.0,0,0,0,-0.0,-0.0,0.016,0.0,4.3282011344611574e+18,0.0,2.9674701785187717e+31,0.0,-41752844.0,-3.9272221213861544e+30,-3956.385,1.4022665568256e+16,0.0,0.0,0.0,2396883272073216.0,0,1.3516416376850534e+27,230,0.0,460,-621855232.0,-0.0,2112,52429,17109,0,17112,52429,17095,0,0,0,101,100,100,0.0,65.5,0.0,66.3,-0.0,65.5,1,49,50,180,52429,52429,0,0,0.0,0.0,0.0,60.0,3.817,71.0,0.0,-0.0,0.0,1069,0,1069,0,0,0,1069,0,1080,0,999,0,658,0,660,0,655,0,676,0.032,1.4536034330083127e+22,0.0,0.0,50576,16813,3.817,-0.0,1738756.625,-18520393908224.0,1.7723450190058452e+27,-0.0,50.0,60.0,35,0.0,0.0,10.0,2.0,0.0,0.0,0.0,0.0,0.0,0.0,0.0,0.0,0.0,0.0,0.0,0.0,58.8,24,36,3,27,65476,436,65476,1,0,4,20529,65476,0,0,30147,60.0,0.0,10.0,10.0,2.0,0.0
2026-02-16T12:38:41,ERR,ERR,ERR,ERR,ERR,ERR,ERR,ERR,ERR,ERR,ERR,ERR,ERR,ERR,ERR,ERR,ERR,ERR,ERR,ERR,ERR,ERR,ERR,ERR,ERR,ERR,ERR,ERR,ERR,ERR,ERR,ERR,ERR,ERR,ERR,ERR,ERR,ERR,ERR,ERR,ERR,ERR,ERR,ERR,ERR,ERR,ERR,ERR,ERR,ERR,ERR,ERR,ERR,ERR,ERR,ERR,ERR,ERR,ERR,ERR,ERR,ERR,ERR,ERR,ERR,ERR,ERR,ERR,ERR,ERR,ERR,ERR,ERR,ERR,ERR,ERR,ERR,ERR,ERR,ERR,ERR,ERR,ERR,ERR,ERR,ERR,ERR,ERR,ERR,ERR,ERR,ERR,ERR,ERR,ERR,ERR,ERR,ERR,ERR,ERR,ERR,ERR,ERR,ERR,ERR,ERR,ERR,ERR,ERR,ERR,ERR,ERR,ERR,ERR,ERR,ERR,ERR,ERR,ERR,ERR,ERR,ERR,ERR,ERR,ERR,0.0,-0.0,-107090032.0,0.0,-3.160207272547048e+29,101845160.0,-0.014,0.0,4300,0,8,17170,4300,0.0,41,0.0,0.0,0.0,0.0,0.0,0,0,0,0,0.0,0,0,0,0,0,0,0,0,0,0,0,0,0,0,0,0,0,0,0,0,0,0,0,0,0,0,0,0,0,0,0,0,0,8,37,37,45,65476,382,65476,1,0,4,21553,0.0,0.0,0.0,0.0,0.0,0.0,0.0,0.0,0.0,0.0,0.0,0.0,0.0,0.0,0.0,0.0,0.0,0.0,0.0,0.0,0.0,2.004,2.004,-3.6970818999223845e+19,2.004,-3.697075742657269e+19,0.0,0.0,0.0,0.0,6574.0,-0.0,0.0,0.0,-0.0,0.0,-0.0,0.0,0.0,2.004,2.004,230,-0.0,-0.0,0.0,0.0,0.0,0.0,0.0,0.0,0.0,0,0,0,-0.0,-0.0,0.016,0.0,4.3282011344611574e+18,0.0,2.9674701785187717e+31,0.0,-41752844.0,-3.9272221213861544e+30,-3956.385,1.4022665568256e+16,0.0,0.0,0.0,2396883272073216.0,0,1.3516416376850534e+27,230,0.0,460,-621855232.0,-0.0,2112,52429,17109,0,17112,52429,17095,0,0,0,101,100,100,0.0,65.5,0.0,66.3,-0.0,65.5,1,49,50,180,52429,52429,0,0,0.0,0.0,0.0,60.0,3.817,71.0,0.0,-0.0,0.0,1069,0,1069,0,0,0,1069,0,1080,0,999,0,658,0,660,0,655,0,676,0.032,1.4536034330083127e+22,0.0,0.0,50576,16813,3.817,-0.0,1738756.625,-18520393908224.0,1.7723450190058452e+27,-0.0,50.0,60.0,35,0.0,0.0,10.0,2.0,0.0,0.0,0.0,0.0,0.0,0.0,0.0,0.0,0.0,0.0,0.0,0.0,58.8,25,35,2,27,65476,436,65476,1,0,4,20529,65476,0,0,30147,60.0,0.0,10.0,10.0,2.0,0.0
2026-02-16T12:38:42,ERR,ERR,ERR,ERR,ERR,ERR,ERR,ERR,ERR,ERR,ERR,ERR,ERR,ERR,ERR,ERR,ERR,ERR,ERR,ERR,ERR,ERR,ERR,ERR,ERR,ERR,ERR,ERR,ERR,ERR,ERR,ERR,ERR,ERR,ERR,ERR,ERR,ERR,ERR,ERR,ERR,ERR,ERR,ERR,ERR,ERR,ERR,ERR,ERR,ERR,ERR,ERR,ERR,ERR,ERR,ERR,ERR,ERR,ERR,ERR,ERR,ERR,ERR,ERR,ERR,ERR,ERR,ERR,ERR,ERR,ERR,ERR,ERR,ERR,ERR,ERR,ERR,ERR,ERR,ERR,ERR,ERR,ERR,ERR,ERR,ERR,ERR,ERR,ERR,ERR,ERR,ERR,ERR,ERR,ERR,ERR,ERR,ERR,ERR,ERR,ERR,ERR,ERR,ERR,ERR,ERR,ERR,ERR,ERR,ERR,ERR,ERR,ERR,ERR,ERR,ERR,ERR,ERR,ERR,ERR,ERR,ERR,ERR,ERR,ERR,0.0,-0.0,-107090032.0,0.0,-3.160207272547048e+29,101845160.0,-0.014,0.0,4300,0,8,17170,4300,0.0,41,0.0,0.0,0.0,0.0,0.0,0,0,0,0,0.0,0,0,0,0,0,0,0,0,0,0,0,0,0,0,0,0,0,0,0,0,0,0,0,0,0,0,0,0,0,0,0,0,0,8,37,37,45,65476,382,65476,1,0,4,21553,0.0,0.0,0.0,0.0,0.0,0.0,0.0,0.0,0.0,0.0,0.0,0.0,0.0,0.0,0.0,0.0,0.0,0.0,0.0,0.0,0.0,2.004,2.004,-3.6970818999223845e+19,2.004,-3.697075742657269e+19,0.0,0.0,0.0,0.0,6574.0,-0.0,0.0,0.0,-0.0,0.0,-0.0,0.0,0.0,2.004,2.004,230,-0.0,-0.0,0.0,0.0,0.0,0.0,0.0,0.0,0.0,0,0,0,-0.0,-0.0,0.016,0.0,4.3282011344611574e+18,0.0,2.9674701785187717e+31,0.0,-41752844.0,-3.9272221213861544e+30,-3956.385,1.4022665568256e+16,0.0,0.0,0.0,2396883272073216.0,0,1.3516416376850534e+27,230,0.0,460,-621855232.0,-0.0,2112,52429,17109,0,17112,52429,17095,0,0,0,101,100,100,0.0,65.5,0.0,66.3,-0.0,65.5,1,49,50,180,52429,52429,0,0,0.0,0.0,0.0,60.0,3.817,71.0,0.0,-0.0,0.0,1069,0,1069,0,0,0,1069,0,1080,0,999,0,658,0,660,0,655,0,676,0.032,1.4536034330083127e+22,0.0,0.0,50576,16813,3.817,-0.0,1738756.625,-18520393908224.0,1.7723450190058452e+27,-0.0,50.0,60.0,35,0.0,0.0,10.0,2.0,0.0,0.0,0.0,0.0,0.0,0.0,0.0,0.0,0.0,0.0,0.0,0.0,58.8,25,35,2,27,65476,436,65476,1,0,4,20529,65476,0,0,30147,60.0,0.0,10.0,10.0,2.0,0.0
2026-02-16T12:38:43,ERR,ERR,ERR,ERR,ERR,ERR,ERR,ERR,ERR,ERR,ERR,ERR,ERR,ERR,ERR,ERR,ERR,ERR,ERR,ERR,ERR,ERR,ERR,ERR,ERR,ERR,ERR,ERR,ERR,ERR,ERR,ERR,ERR,ERR,ERR,ERR,ERR,ERR,ERR,ERR,ERR,ERR,ERR,ERR,ERR,ERR,ERR,ERR,ERR,ERR,ERR,ERR,ERR,ERR,ERR,ERR,ERR,ERR,ERR,ERR,ERR,ERR,ERR,ERR,ERR,ERR,ERR,ERR,ERR,ERR,ERR,ERR,ERR,ERR,ERR,ERR,ERR,ERR,ERR,ERR,ERR,ERR,ERR,ERR,ERR,ERR,ERR,ERR,ERR,ERR,ERR,ERR,ERR,ERR,ERR,ERR,ERR,ERR,ERR,ERR,ERR,ERR,ERR,ERR,ERR,ERR,ERR,ERR,ERR,ERR,ERR,ERR,ERR,ERR,ERR,ERR,ERR,ERR,ERR,ERR,ERR,ERR,ERR,ERR,ERR,0.0,-0.0,-107090032.0,0.0,-3.160207272547048e+29,101845160.0,-0.014,0.0,4300,0,8,17170,4300,0.0,41,0.0,0.0,0.0,0.0,0.0,0,0,0,0,0.0,0,0,0,0,0,0,0,0,0,0,0,0,0,0,0,0,0,0,0,0,0,0,0,0,0,0,0,0,0,0,0,0,0,8,37,37,45,65476,382,65476,1,0,4,21553,0.0,0.0,0.0,0.0,0.0,0.0,0.0,0.0,0.0,0.0,0.0,0.0,0.0,0.0,0.0,0.0,0.0,0.0,0.0,0.0,0.0,2.004,2.004,-3.6970818999223845e+19,2.004,-3.697075742657269e+19,0.0,0.0,0.0,0.0,6574.0,-0.0,0.0,0.0,-0.0,0.0,-0.0,0.0,0.0,2.004,2.004,230,-0.0,-0.0,0.0,0.0,0.0,0.0,0.0,0.0,0.0,0,0,0,-0.0,-0.0,0.016,0.0,4.3282011344611574e+18,0.0,2.9674701785187717e+31,0.0,-41752844.0,-3.9272221213861544e+30,-3956.385,1.4022665568256e+16,0.0,0.0,0.0,2396883272073216.0,0,1.3516416376850534e+27,230,0.0,460,-621855232.0,-0.0,2112,52429,17109,0,17112,52429,17095,0,0,0,101,100,100,0.0,65.5,0.0,66.3,-0.0,65.5,1,49,50,180,52429,52429,0,0,0.0,0.0,0.0,60.0,3.817,71.0,0.0,-0.0,0.0,1069,0,1069,0,0,0,1069,0,1080,0,999,0,658,0,660,0,655,0,676,0.032,1.4536034330083127e+22,0.0,0.0,50576,16813,3.817,-0.0,1738756.625,-18520393908224.0,1.7723450190058452e+27,-0.0,50.0,60.0,35,0.0,0.0,10.0,2.0,0.0,0.0,0.0,0.0,0.0,0.0,0.0,0.0,0.0,0.0,0.0,0.0,58.8,28,32,0,27,65476,496,65476,1,0,4,20529,65476,0,0,30147,60.0,0.0,10.0,10.0,2.0,0.0
2026-02-16T12:38:44,ERR,ERR,ERR,ERR,ERR,ERR,ERR,ERR,ERR,ERR,ERR,ERR,ERR,ERR,ERR,ERR,ERR,ERR,ERR,ERR,ERR,ERR,ERR,ERR,ERR,ERR,ERR,ERR,ERR,ERR,ERR,ERR,ERR,ERR,ERR,ERR,ERR,ERR,ERR,ERR,ERR,ERR,ERR,ERR,ERR,ERR,ERR,ERR,ERR,ERR,ERR,ERR,ERR,ERR,ERR,ERR,ERR,ERR,ERR,ERR,ERR,ERR,ERR,ERR,ERR,ERR,ERR,ERR,ERR,ERR,ERR,ERR,ERR,ERR,ERR,ERR,ERR,ERR,ERR,ERR,ERR,ERR,ERR,ERR,ERR,ERR,ERR,ERR,ERR,ERR,ERR,ERR,ERR,ERR,ERR,ERR,ERR,ERR,ERR,ERR,ERR,ERR,ERR,ERR,ERR,ERR,ERR,ERR,ERR,ERR,ERR,ERR,ERR,ERR,ERR,ERR,ERR,ERR,ERR,ERR,ERR,ERR,ERR,ERR,ERR,0.0,-0.0,-107090032.0,0.0,-3.160207272547048e+29,101845160.0,-0.014,0.0,4300,0,8,17170,4300,0.0,41,0.0,0.0,0.0,0.0,0.0,0,0,0,0,0.0,0,0,0,0,0,0,0,0,0,0,0,0,0,0,0,0,0,0,0,0,0,0,0,0,0,0,0,0,0,0,0,0,0,8,37,37,45,65476,382,65476,1,0,4,21553,0.0,0.0,0.0,0.0,0.0,0.0,0.0,0.0,0.0,0.0,0.0,0.0,0.0,0.0,0.0,0.0,0.0,0.0,0.0,0.0,0.0,2.004,2.004,-3.6970818999223845e+19,2.004,-3.697075742657269e+19,0.0,0.0,0.0,0.0,6574.0,-0.0,0.0,0.0,-0.0,0.0,-0.0,0.0,0.0,2.004,2.004,230,-0.0,-0.0,0.0,0.0,0.0,0.0,0.0,0.0,0.0,0,0,0,-0.0,-0.0,0.016,0.0,4.3282011344611574e+18,0.0,2.9674701785187717e+31,0.0,-41752844.0,-3.9272221213861544e+30,-3956.385,1.4022665568256e+16,0.0,0.0,0.0,2396883272073216.0,0,1.3516416376850534e+27,230,0.0,460,-621855232.0,-0.0,2112,52429,17109,0,17112,52429,17095,0,0,0,101,100,100,0.0,65.5,0.0,66.3,-0.0,65.5,1,49,50,180,52429,52429,0,0,0.0,0.0,0.0,60.0,0.002,71.0,0.0,9.359388424669701e+35,0.0,1069,0,1069,0,0,0,1069,0,1079,0,999,0,658,0,660,0,655,0,676,0.032,1.4609821306377965e+22,0.0,0.0,61072,16813,7.227,2272128139264.0,-86656.289,-0.0,-5.328755088100458e+35,-1.8822091957821253e+36,50.0,60.0,35,0.0,0.0,10.0,2.0,0.0,0.0,0.0,0.0,0.0,0.0,0.0,0.0,0.0,0.0,0.0,0.0,58.8,28,32,0,27,65476,496,65476,1,0,4,20529,65476,0,0,30147,60.0,0.0,10.0,10.0,2.0,0.0
2026-02-16T12:38:45,ERR,ERR,ERR,ERR,ERR,ERR,ERR,ERR,ERR,ERR,ERR,ERR,ERR,ERR,ERR,ERR,ERR,ERR,ERR,ERR,ERR,ERR,ERR,ERR,ERR,ERR,ERR,ERR,ERR,ERR,ERR,ERR,ERR,ERR,ERR,ERR,ERR,ERR,ERR,ERR,ERR,ERR,ERR,ERR,ERR,ERR,ERR,ERR,ERR,ERR,ERR,ERR,ERR,ERR,ERR,ERR,ERR,ERR,ERR,ERR,ERR,ERR,ERR,ERR,ERR,ERR,ERR,ERR,ERR,ERR,ERR,ERR,ERR,ERR,ERR,ERR,ERR,ERR,ERR,ERR,ERR,ERR,ERR,ERR,ERR,ERR,ERR,ERR,ERR,ERR,ERR,ERR,ERR,ERR,ERR,ERR,ERR,ERR,ERR,ERR,ERR,ERR,ERR,ERR,ERR,ERR,ERR,ERR,ERR,ERR,ERR,ERR,ERR,ERR,ERR,ERR,ERR,ERR,ERR,ERR,ERR,ERR,ERR,ERR,ERR,0.0,-0.0,-107090032.0,0.0,-3.160207272547048e+29,0.0,76167104.0,1.6591281917953835e+19,4300,0,8,17170,4300,0.0,41,0.0,0.0,0.0,0.0,0.0,0,0,0,0,0.0,0,0,0,0,0,0,0,0,0,0,0,0,0,0,0,0,0,0,0,0,0,0,0,0,0,0,0,0,0,0,0,0,0,8,37,37,45,65476,378,65476,1,0,4,21553,0.0,0.0,0.0,0.0,0.0,0.0,0.0,0.0,0.0,0.0,0.0,0.0,0.0,0.0,0.0,0.0,0.0,0.0,0.0,0.0,0.0,2.004,2.004,-3.6970818999223845e+19,2.004,0.0,0.0,0.0,0.0,0.0,6569.0,0.0,0.0,0.0,-107616352.0,0.0,-0.0,0.0,0.0,2.004,2.004,228,89220.57,0.0,0.0,0.0,0.0,0.0,0.0,0.0,0.0,0,0,0,-3908.215,153821462528.0,45977020923904.0,2.9961150113502243e+36,7.537110886530026e+30,-1.0725831393722655e+35,4.987391961781275e+26,8.026556593859204e+31,1.3818416128759123e+22,-4.1649066089289474e+30,-4200.77,1.4867090498387968e+16,0.0,0.0,0.0,-0.0,0,1.3516416376850534e+27,228,0.0,456,0.0,-109185136.0,2112,52429,17109,0,17112,52429,17095,0,0,0,101,100,100,0.0,65.5,0.0,66.3,-0.0,65.5,1,49,50,180,52429,52429,0,0,0.0,0.0,0.0,60.0,0.002,71.0,0.0,9.359388424669701e+35,0.0,1069,0,1069,0,0,0,1069,0,1079,0,999,0,658,0,660,0,655,0,676,0.032,1.4609821306377965e+22,0.0,0.0,61072,16813,7.227,2272128139264.0,-86656.289,-0.0,-5.328755088100458e+35,-1.8822091957821253e+36,50.0,60.0,35,0.0,0.0,10.0,2.0,0.0,0.0,0.0,0.0,0.0,0.0,0.0,0.0,0.0,0.0,0.0,0.0,58.8,30,31,65534,27,65476,575,65476,1,0,4,20529,65476,0,0,30147,60.0,0.0,10.0,10.0,2.0,0.0
2026-02-16T12:38:46,ERR,ERR,ERR,ERR,ERR,ERR,ERR,ERR,ERR,ERR,ERR,ERR,ERR,ERR,ERR,ERR,ERR,ERR,ERR,ERR,ERR,ERR,ERR,ERR,ERR,ERR,ERR,ERR,ERR,ERR,ERR,ERR,ERR,ERR,ERR,ERR,ERR,ERR,ERR,ERR,ERR,ERR,ERR,ERR,ERR,ERR,ERR,ERR,ERR,ERR,ERR,ERR,ERR,ERR,ERR,ERR,ERR,ERR,ERR,ERR,ERR,ERR,ERR,ERR,ERR,ERR,ERR,ERR,ERR,ERR,ERR,ERR,ERR,ERR,ERR,ERR,ERR,ERR,ERR,ERR,ERR,ERR,ERR,ERR,ERR,ERR,ERR,ERR,ERR,ERR,ERR,ERR,ERR,ERR,ERR,ERR,ERR,ERR,ERR,ERR,ERR,ERR,ERR,ERR,ERR,ERR,ERR,ERR,ERR,ERR,ERR,ERR,ERR,ERR,ERR,ERR,ERR,ERR,ERR,ERR,ERR,ERR,ERR,ERR,ERR,0.0,-0.0,-107090032.0,0.0,-3.160207272547048e+29,0.0,76167104.0,1.6591281917953835e+19,4300,0,8,17170,4300,0.0,41,0.0,0.0,0.0,0.0,0.0,0,0,0,0,0.0,0,0,0,0,0,0,0,0,0,0,0,0,0,0,0,0,0,0,0,0,0,0,0,0,0,0,0,0,0,0,0,0,0,8,37,37,45,65476,378,65476,1,0,4,21553,0.0,0.0,0.0,0.0,0.0,0.0,0.0,0.0,0.0,0.0,0.0,0.0,0.0,0.0,0.0,0.0,0.0,0.0,0.0,0.0,0.0,2.004,2.004,-3.6970818999223845e+19,2.004,0.0,0.0,0.0,0.0,0.0,6569.0,0.0,0.0,0.0,-107616352.0,0.0,-0.0,0.0,0.0,2.004,2.004,228,89220.57,0.0,0.0,0.0,0.0,0.0,0.0,0.0,0.0,0,0,0,-3908.215,153821462528.0,45977020923904.0,2.9961150113502243e+36,7.537110886530026e+30,-1.0725831393722655e+35,4.987391961781275e+26,8.026556593859204e+31,1.3818416128759123e+22,-4.1649066089289474e+30,-4200.77,1.4867090498387968e+16,0.0,0.0,0.0,-0.0,0,1.3516416376850534e+27,228,0.0,456,0.0,-109185136.0,2112,52429,17109,0,17112,52429,17095,0,0,0,101,100,100,0.0,65.5,0.0,66.3,-0.0,65.5,1,49,50,180,52429,52429,0,0,0.0,0.0,0.0,60.0,0.002,71.0,0.0,9.359388424669701e+35,0.0,1069,0,1069,0,0,0,1069,0,1079,0,999,0,658,0,660,0,655,0,676,0.032,1.4609821306377965e+22,0.0,0.0,61072,16813,7.227,2272128139264.0,-86656.289,-0.0,-5.328755088100458e+35,-1.8822091957821253e+36,50.0,60.0,35,0.0,0.0,10.0,2.0,0.0,0.0,0.0,0.0,0.0,0.0,0.0,0.0,0.0,0.0,0.0,0.0,59.2,31,30,65532,27,65476,579,65476,1,0,4,20529,65476,0,0,30147,60.0,0.0,10.0,10.0,2.0,0.0
2026-02-16T12:38:47,ERR,ERR,ERR,ERR,ERR,ERR,ERR,ERR,ERR,ERR,ERR,ERR,ERR,ERR,ERR,ERR,ERR,ERR,ERR,ERR,ERR,ERR,ERR,ERR,ERR,ERR,ERR,ERR,ERR,ERR,ERR,ERR,ERR,ERR,ERR,ERR,ERR,ERR,ERR,ERR,ERR,ERR,ERR,ERR,ERR,ERR,ERR,ERR,ERR,ERR,ERR,ERR,ERR,ERR,ERR,ERR,ERR,ERR,ERR,ERR,ERR,ERR,ERR,ERR,ERR,ERR,ERR,ERR,ERR,ERR,ERR,ERR,ERR,ERR,ERR,ERR,ERR,ERR,ERR,ERR,ERR,ERR,ERR,ERR,ERR,ERR,ERR,ERR,ERR,ERR,ERR,ERR,ERR,ERR,ERR,ERR,ERR,ERR,ERR,ERR,ERR,ERR,ERR,ERR,ERR,ERR,ERR,ERR,ERR,ERR,ERR,ERR,ERR,ERR,ERR,ERR,ERR,ERR,ERR,ERR,ERR,ERR,ERR,ERR,ERR,0.0,-0.0,-107090032.0,0.0,-3.160207272547048e+29,0.0,76167104.0,1.6591281917953835e+19,4300,0,8,17170,4300,0.0,41,0.0,0.0,0.0,0.0,0.0,0,0,0,0,0.0,0,0,0,0,0,0,0,0,0,0,0,0,0,0,0,0,0,0,0,0,0,0,0,0,0,0,0,0,0,0,0,0,0,8,37,37,45,65476,378,65476,1,0,4,21553,0.0,0.0,0.0,0.0,0.0,0.0,0.0,0.0,0.0,0.0,0.0,0.0,0.0,0.0,0.0,0.0,0.0,0.0,0.0,0.0,0.0,2.004,2.004,-3.6970818999223845e+19,2.004,0.0,0.0,0.0,0.0,0.0,6569.0,0.0,0.0,0.0,-107616352.0,0.0,-0.0,0.0,0.0,2.004,2.004,228,89220.57,0.0,0.0,0.0,0.0,0.0,0.0,0.0,0.0,0,0,0,-3908.215,153821462528.0,45977020923904.0,2.9961150113502243e+36,7.537110886530026e+30,-1.0725831393722655e+35,4.987391961781275e+26,8.026556593859204e+31,1.3818416128759123e+22,-4.1649066089289474e+30,-4200.77,1.4867090498387968e+16,0.0,0.0,0.0,-0.0,0,1.3516416376850534e+27,228,0.0,456,0.0,-109185136.0,2112,52429,17109,0,17112,52429,17095,0,0,0,101,100,100,0.0,65.5,0.0,66.3,-0.0,65.5,1,49,50,180,52429,52429,0,0,0.0,0.0,0.0,60.0,1954.08,71.0,0.0,0.0,0.0,1069,0,1069,0,0,0,1069,0,1079,0,999,0,658,0,660,0,655,0,677,0.032,1.4536034330083127e+22,2.004,2.73023467606737e+23,55312,16813,12599950.0,0.0,-10256.036,-0.0,-5.9258692268319634e+35,-2.0587472889723094e+36,50.0,60.0,35,0.0,0.0,10.0,2.0,0.0,0.0,0.0,0.0,0.0,0.0,0.0,0.0,0.0,0.0,0.0,0.0,59.2,31,30,65532,27,65476,579,65476,1,0,4,20529,65476,0,0,30147,60.0,0.0,10.0,10.0,2.0,0.0
2026-02-16T12:38:48,ERR,ERR,ERR,ERR,ERR,ERR,ERR,ERR,ERR,ERR,ERR,ERR,ERR,ERR,ERR,ERR,ERR,ERR,ERR,ERR,ERR,ERR,ERR,ERR,ERR,ERR,ERR,ERR,ERR,ERR,ERR,ERR,ERR,ERR,ERR,ERR,ERR,ERR,ERR,ERR,ERR,ERR,ERR,ERR,ERR,ERR,ERR,ERR,ERR,ERR,ERR,ERR,ERR,ERR,ERR,ERR,ERR,ERR,ERR,ERR,ERR,ERR,ERR,ERR,ERR,ERR,ERR,ERR,ERR,ERR,ERR,ERR,ERR,ERR,ERR,ERR,ERR,ERR,ERR,ERR,ERR,ERR,ERR,ERR,ERR,ERR,ERR,ERR,ERR,ERR,ERR,ERR,ERR,ERR,ERR,ERR,ERR,ERR,ERR,ERR,ERR,ERR,ERR,ERR,ERR,ERR,ERR,ERR,ERR,ERR,ERR,ERR,ERR,ERR,ERR,ERR,ERR,ERR,ERR,ERR,ERR,ERR,ERR,ERR,ERR,0.0,-0.0,-107090032.0,0.0,-3.160207272547048e+29,0.0,76167104.0,1.6591281917953835e+19,4300,0,8,17170,4300,0.0,41,0.0,0.0,0.0,0.0,0.0,0,0,0,0,0.0,0,0,0,0,0,0,0,0,0,0,0,0,0,0,0,0,0,0,0,0,0,0,0,0,0,0,0,0,0,0,0,0,0,8,37,37,45,65476,378,65476,1,0,4,21553,0.0,0.0,0.0,0.0,0.0,0.0,0.0,0.0,0.0,0.0,0.0,0.0,0.0,0.0,0.0,0.0,0.0,0.0,0.0,0.0,0.0,2.004,2.004,-3.6970818999223845e+19,2.004,0.0,0.0,0.0,0.0,0.0,6569.0,0.0,0.0,0.0,-107616352.0,0.0,-0.0,0.0,0.0,2.004,2.004,228,89220.57,0.0,0.0,0.0,0.0,0.0,0.0,0.0,0.0,0,0,0,-3908.215,153821462528.0,45977020923904.0,2.9961150113502243e+36,7.537110886530026e+30,-1.0725831393722655e+35,4.987391961781275e+26,8.026556593859204e+31,1.3818416128759123e+22,-4.1649066089289474e+30,-4200.77,1.4867090498387968e+16,0.0,0.0,0.0,-0.0,0,1.3516416376850534e+27,228,0.0,456,0.0,-109185136.0,2112,52429,17109,0,17112,52429,17095,0,0,0,101,100,100,0.0,65.5,0.0,66.3,-0.0,65.5,1,49,50,180,52429,52429,0,0,0.0,0.0,0.0,60.0,1954.08,71.0,0.0,0.0,0.0,1069,0,1069,0,0,0,1069,0,1079,0,999,0,658,0,660,0,655,0,677,0.032,1.4536034330083127e+22,2.004,2.73023467606737e+23,55312,16813,12599950.0,0.0,-10256.036,-0.0,-5.9258692268319634e+35,-2.0587472889723094e+36,50.0,60.0,35,0.0,0.0,10.0,2.0,0.0,0.0,0.0,0.0,0.0,0.0,0.0,0.0,0.0,0.0,0.0,0.0,58.8,32,29,65531,27,65476,656,65476,1,0,4,20529,65476,0,0,30147,60.0,0.0,10.0,10.0,2.0,0.0
2026-02-16T12:38:49,ERR,ERR,ERR,ERR,ERR,ERR,ERR,ERR,ERR,ERR,ERR,ERR,ERR,ERR,ERR,ERR,ERR,ERR,ERR,ERR,ERR,ERR,ERR,ERR,ERR,ERR,ERR,ERR,ERR,ERR,ERR,ERR,ERR,ERR,ERR,ERR,ERR,ERR,ERR,ERR,ERR,ERR,ERR,ERR,ERR,ERR,ERR,ERR,ERR,ERR,ERR,ERR,ERR,ERR,ERR,ERR,ERR,ERR,ERR,ERR,ERR,ERR,ERR,ERR,ERR,ERR,ERR,ERR,ERR,ERR,ERR,ERR,ERR,ERR,ERR,ERR,ERR,ERR,ERR,ERR,ERR,ERR,ERR,ERR,ERR,ERR,ERR,ERR,ERR,ERR,ERR,ERR,ERR,ERR,ERR,ERR,ERR,ERR,ERR,ERR,ERR,ERR,ERR,ERR,ERR,ERR,ERR,ERR,ERR,ERR,ERR,ERR,ERR,ERR,ERR,ERR,ERR,ERR,ERR,ERR,ERR,ERR,ERR,ERR,ERR,0.0,-0.0,-107090032.0,0.0,-3.160207272547048e+29,0.0,76167104.0,1.6591281917953835e+19,4300,0,8,17170,4300,0.0,41,0.0,0.0,0.0,0.0,0.0,0,0,0,0,0.0,0,0,0,0,0,0,0,0,0,0,0,0,0,0,0,0,0,0,0,0,0,0,0,0,0,0,0,0,0,0,0,0,0,8,37,37,45,65476,378,65476,1,0,4,21553,0.0,0.0,0.0,0.0,0.0,0.0,0.0,0.0,0.0,0.0,0.0,0.0,0.0,0.0,0.0,0.0,0.0,0.0,0.0,0.0,0.0,2.004,2.004,-3.6970818999223845e+19,2.004,0.0,0.0,0.0,0.0,0.0,6569.0,0.0,0.0,0.0,-107616352.0,0.0,-0.0,0.0,0.0,2.004,2.004,228,89220.57,0.0,0.0,0.0,0.0,0.0,0.0,0.0,0.0,0,0,0,-3908.215,153821462528.0,45977020923904.0,2.9961150113502243e+36,7.537110886530026e+30,-1.0725831393722655e+35,4.987391961781275e+26,8.026556593859204e+31,1.3818416128759123e+22,-4.1649066089289474e+30,-4200.77,1.4867090498387968e+16,0.0,0.0,0.0,-0.0,0,1.3516416376850534e+27,228,0.0,456,0.0,-109185136.0,2112,52429,17109,0,17112,52429,17095,0,0,0,101,100,100,0.0,65.5,0.0,66.3,-0.0,65.5,1,49,50,180,52429,52429,0,0,0.0,0.0,0.0,60.0,1954.08,71.0,0.0,0.0,0.0,1069,0,1069,0,0,0,1069,0,1079,0,999,0,658,0,660,0,655,0,677,0.032,1.4536034330083127e+22,2.004,2.73023467606737e+23,55312,16813,12599950.0,0.0,-10256.036,-0.0,-5.9258692268319634e+35,-2.0587472889723094e+36,50.0,60.0,35,0.0,0.0,10.0,2.0,0.0,0.0,0.0,0.0,0.0,0.0,0.0,0.0,0.0,0.0,0.0,0.0,58.8,32,29,65531,27,65476,656,65476,1,0,4,20529,65476,0,0,30147,60.0,0.0,10.0,10.0,2.0,0.0
2026-02-16T12:38:50,ERR,ERR,ERR,ERR,ERR,ERR,ERR,ERR,ERR,ERR,ERR,ERR,ERR,ERR,ERR,ERR,ERR,ERR,ERR,ERR,ERR,ERR,ERR,ERR,ERR,ERR,ERR,ERR,ERR,ERR,ERR,ERR,ERR,ERR,ERR,ERR,ERR,ERR,ERR,ERR,ERR,ERR,ERR,ERR,ERR,ERR,ERR,ERR,ERR,ERR,ERR,ERR,ERR,ERR,ERR,ERR,ERR,ERR,ERR,ERR,ERR,ERR,ERR,ERR,ERR,ERR,ERR,ERR,ERR,ERR,ERR,ERR,ERR,ERR,ERR,ERR,ERR,ERR,ERR,ERR,ERR,ERR,ERR,ERR,ERR,ERR,ERR,ERR,ERR,ERR,ERR,ERR,ERR,ERR,ERR,ERR,ERR,ERR,ERR,ERR,ERR,ERR,ERR,ERR,ERR,ERR,ERR,ERR,ERR,ERR,ERR,ERR,ERR,ERR,ERR,ERR,ERR,ERR,ERR,ERR,ERR,ERR,ERR,ERR,ERR,0.0,-0.0,-107090032.0,0.0,-3.160207272547048e+29,-2.6425737756524654e+21,0.0,-0.0,4300,0,8,17170,4300,0.0,41,0.0,0.0,0.0,0.0,0.0,0,0,0,0,0.0,0,0,0,0,0,0,0,0,0,0,0,0,0,0,0,0,0,0,0,0,0,0,0,0,0,0,0,0,0,0,0,0,0,8,37,37,45,65476,378,65476,1,0,4,21553,0.0,-0.0,0.0,0.0,0.0,0.0,0.0,0.0,0.0,0.0,0.0,0.0,0.0,0.0,0.0,0.0,0.0,0.0,0.0,0.0,0.0,2.004,2.004,-3.6970818999223845e+19,0.0,0.0,0.0,0.0,0.0,0.0,6536.0,-8608231424.0,0.0,0.0,-107616352.0,0.0,-0.0,0.0,0.0,2.004,2.004,228,89220.57,0.0,0.0,0.0,0.0,0.0,0.0,0.0,0.0,0,0,0,-0.0,-0.0,0.479,-0.0,8.082598992242761e+20,-0.0,0.0,-0.0,2.973,-4.4025910964717404e+30,-4616.77,1.57818841726976e+16,0.0,0.0,0.0,6.72637718481744e+31,0,1.3516416376850534e+27,228,0.0,456,-621855232.0,82050.086,2112,52429,17109,0,17112,52429,17095,0,0,0,101,100,100,0.0,65.5,0.0,66.3,-0.0,65.5,1,49,50,180,52429,52429,0,0,0.0,0.0,0.0,60.0,0.027,71.0,0.0,-0.0,0.0,1069,0,1069,0,0,0,1069,0,1079,0,999,0,658,0,660,0,656,0,677,0.032,1.4609821306377965e+22,2.004,2.73023467606737e+23,41104,16813,0.027,-0.0,1.111,-4.673312806581507e+29,7.155497208849944e+19,-0.0,50.0,60.0,35,0.0,0.0,10.0,2.0,0.0,0.0,0.0,0.0,0.0,0.0,0.0,0.0,0.0,0.0,0.0,0.0,58.8,32,29,65531,27,65476,656,65476,1,0,4,20529,65476,0,0,30147,60.0,0.0,10.0,10.0,2.0,0.0
2026-02-16T12:38:51,ERR,ERR,ERR,ERR,ERR,ERR,ERR,ERR,ERR,ERR,ERR,ERR,ERR,ERR,ERR,ERR,ERR,ERR,ERR,ERR,ERR,ERR,ERR,ERR,ERR,ERR,ERR,ERR,ERR,ERR,ERR,ERR,ERR,ERR,ERR,ERR,ERR,ERR,ERR,ERR,ERR,ERR,ERR,ERR,ERR,ERR,ERR,ERR,ERR,ERR,ERR,ERR,ERR,ERR,ERR,ERR,ERR,ERR,ERR,ERR,ERR,ERR,ERR,ERR,ERR,ERR,ERR,ERR,ERR,ERR,ERR,ERR,ERR,ERR,ERR,ERR,ERR,ERR,ERR,ERR,ERR,ERR,ERR,ERR,ERR,ERR,ERR,ERR,ERR,ERR,ERR,ERR,ERR,ERR,ERR,ERR,ERR,ERR,ERR,ERR,ERR,ERR,ERR,ERR,ERR,ERR,ERR,ERR,ERR,ERR,ERR,ERR,ERR,ERR,ERR,ERR,ERR,ERR,ERR,ERR,ERR,ERR,ERR,ERR,ERR,0.0,-0.0,-107090032.0,0.0,-3.160207272547048e+29,-2.6425737756524654e+21,0.0,-0.0,4300,0,8,17170,4300,0.0,41,0.0,0.0,0.0,0.0,0.0,0,0,0,0,0.0,0,0,0,0,0,0,0,0,0,0,0,0,0,0,0,0,0,0,0,0,0,0,0,0,0,0,0,0,0,0,0,0,0,8,37,37,45,65476,378,65476,1,0,4,21553,0.0,-0.0,0.0,0.0,0.0,0.0,0.0,0.0,0.0,0.0,0.0,0.0,0.0,0.0,0.0,0.0,0.0,0.0,0.0,0.0,0.0,2.004,2.004,-3.6970818999223845e+19,0.0,0.0,0.0,0.0,0.0,0.0,6536.0,-8608231424.0,0.0,0.0,-107616352.0,0.0,-0.0,0.0,0.0,2.004,2.004,228,89220.57,0.0,0.0,0.0,0.0,0.0,0.0,0.0,0.0,0,0,0,-0.0,-0.0,0.479,-0.0,8.082598992242761e+20,-0.0,0.0,-0.0,2.973,-4.4025910964717404e+30,-4616.77,1.57818841726976e+16,0.0,0.0,0.0,6.72637718481744e+31,0,1.3516416376850534e+27,228,0.0,456,-621855232.0,82050.086,2112,52429,17109,0,17112,52429,17095,0,0,0,101,100,100,0.0,65.5,0.0,66.3,-0.0,65.5,1,49,50,180,52429,52429,0,0,0.0,0.0,0.0,60.0,0.027,71.0,0.0,-0.0,0.0,1069,0,1069,0,0,0,1069,0,1079,0,999,0,658,0,660,0,656,0,677,0.032,1.4609821306377965e+22,2.004,2.73023467606737e+23,41104,16813,0.027,-0.0,1.111,-4.673312806581507e+29,7.155497208849944e+19,-0.0,50.0,60.0,35,0.0,0.0,10.0,2.0,0.0,0.0,0.0,0.0,0.0,0.0,0.0,0.0,0.0,0.0,0.0,0.0,58.8,31,29,65532,27,65476,693,65476,1,0,4,20529,65476,0,0,30147,60.0,0.0,10.0,10.0,2.0,0.0
2026-02-16T12:38:52,ERR,ERR,ERR,ERR,ERR,ERR,ERR,ERR,ERR,ERR,ERR,ERR,ERR,ERR,ERR,ERR,ERR,ERR,ERR,ERR,ERR,ERR,ERR,ERR,ERR,ERR,ERR,ERR,ERR,ERR,ERR,ERR,ERR,ERR,ERR,ERR,ERR,ERR,ERR,ERR,ERR,ERR,ERR,ERR,ERR,ERR,ERR,ERR,ERR,ERR,ERR,ERR,ERR,ERR,ERR,ERR,ERR,ERR,ERR,ERR,ERR,ERR,ERR,ERR,ERR,ERR,ERR,ERR,ERR,ERR,ERR,ERR,ERR,ERR,ERR,ERR,ERR,ERR,ERR,ERR,ERR,ERR,ERR,ERR,ERR,ERR,ERR,ERR,ERR,ERR,ERR,ERR,ERR,ERR,ERR,ERR,ERR,ERR,ERR,ERR,ERR,ERR,ERR,ERR,ERR,ERR,ERR,ERR,ERR,ERR,ERR,ERR,ERR,ERR,ERR,ERR,ERR,ERR,ERR,ERR,ERR,ERR,ERR,ERR,ERR,0.0,-0.0,-107090032.0,0.0,-3.160207272547048e+29,-2.6425737756524654e+21,0.0,-0.0,4300,0,8,17170,4300,0.0,41,0.0,0.0,0.0,0.0,0.0,0,0,0,0,0.0,0,0,0,0,0,0,0,0,0,0,0,0,0,0,0,0,0,0,0,0,0,0,0,0,0,0,0,0,0,0,0,0,0,8,37,37,45,65476,378,65476,1,0,4,21553,0.0,-0.0,0.0,0.0,0.0,0.0,0.0,0.0,0.0,0.0,0.0,0.0,0.0,0.0,0.0,0.0,0.0,0.0,0.0,0.0,0.0,2.004,2.004,-3.6970818999223845e+19,0.0,0.0,0.0,0.0,0.0,0.0,6536.0,-8608231424.0,0.0,0.0,-107616352.0,0.0,-0.0,0.0,0.0,2.004,2.004,228,89220.57,0.0,0.0,0.0,0.0,0.0,0.0,0.0,0.0,0,0,0,-0.0,-0.0,0.479,-0.0,8.082598992242761e+20,-0.0,0.0,-0.0,2.973,-4.4025910964717404e+30,-4616.77,1.57818841726976e+16,0.0,0.0,0.0,6.72637718481744e+31,0,1.3516416376850534e+27,228,0.0,456,-621855232.0,82050.086,2112,52429,17109,0,17112,52429,17095,0,0,0,101,100,100,0.0,65.5,0.0,66.3,-0.0,65.5,1,49,50,180,52429,52429,0,0,0.0,0.0,0.0,60.0,0.027,71.0,0.0,-0.0,0.0,1069,0,1069,0,0,0,1069,0,1079,0,999,0,658,0,660,0,656,0,677,0.032,1.4609821306377965e+22,2.004,2.73023467606737e+23,41104,16813,0.027,-0.0,1.111,-4.673312806581507e+29,7.155497208849944e+19,-0.0,50.0,60.0,35,0.0,0.0,10.0,2.0,0.0,0.0,0.0,0.0,0.0,0.0,0.0,0.0,0.0,0.0,0.0,0.0,58.8,31,29,65532,27,65476,693,65476,1,0,4,20529,65476,0,0,30147,60.0,0.0,10.0,10.0,2.0,0.0
2026-02-16T12:38:53,ERR,ERR,ERR,ERR,ERR,ERR,ERR,ERR,ERR,ERR,ERR,ERR,ERR,ERR,ERR,ERR,ERR,ERR,ERR,ERR,ERR,ERR,ERR,ERR,ERR,ERR,ERR,ERR,ERR,ERR,ERR,ERR,ERR,ERR,ERR,ERR,ERR,ERR,ERR,ERR,ERR,ERR,ERR,ERR,ERR,ERR,ERR,ERR,ERR,ERR,ERR,ERR,ERR,ERR,ERR,ERR,ERR,ERR,ERR,ERR,ERR,ERR,ERR,ERR,ERR,ERR,ERR,ERR,ERR,ERR,ERR,ERR,ERR,ERR,ERR,ERR,ERR,ERR,ERR,ERR,ERR,ERR,ERR,ERR,ERR,ERR,ERR,ERR,ERR,ERR,ERR,ERR,ERR,ERR,ERR,ERR,ERR,ERR,ERR,ERR,ERR,ERR,ERR,ERR,ERR,ERR,ERR,ERR,ERR,ERR,ERR,ERR,ERR,ERR,ERR,ERR,ERR,ERR,ERR,ERR,ERR,ERR,ERR,ERR,ERR,0.0,-0.0,-107090032.0,0.0,-3.160207272547048e+29,-2.6425737756524654e+21,0.0,-0.0,4300,0,8,17170,4300,0.0,41,0.0,0.0,0.0,0.0,0.0,0,0,0,0,0.0,0,0,0,0,0,0,0,0,0,0,0,0,0,0,0,0,0,0,0,0,0,0,0,0,0,0,0,0,0,0,0,0,0,8,37,37,45,65476,378,65476,1,0,4,21553,0.0,-0.0,0.0,0.0,0.0,0.0,0.0,0.0,0.0,0.0,0.0,0.0,0.0,0.0,0.0,0.0,0.0,0.0,0.0,0.0,0.0,2.004,2.004,-3.6970818999223845e+19,0.0,0.0,0.0,0.0,0.0,0.0,6536.0,-8608231424.0,0.0,0.0,-107616352.0,0.0,-0.0,0.0,0.0,2.004,2.004,228,89220.57,0.0,0.0,0.0,0.0,0.0,0.0,0.0,0.0,0,0,0,-0.0,-0.0,0.479,-0.0,8.082598992242761e+20,-0.0,0.0,-0.0,2.973,-4.4025910964717404e+30,-4616.77,1.57818841726976e+16,0.0,0.0,0.0,6.72637718481744e+31,0,1.3516416376850534e+27,228,0.0,456,-621855232.0,82050.086,2112,52429,17109,0,17112,52429,17095,0,0,0,101,100,100,0.0,65.5,0.0,66.3,-0.0,65.5,1,49,50,180,52429,52429,0,0,0.0,0.0,0.0,60.0,0.027,71.0,0.0,-0.0,0.0,1069,0,1069,0,0,0,1069,0,1079,0,999,0,658,0,660,0,656,0,677,0.032,1.4609821306377965e+22,2.004,2.73023467606737e+23,41104,16813,0.027,-0.0,1.111,-4.673312806581507e+29,7.155497208849944e+19,-0.0,50.0,60.0,35,0.0,0.0,10.0,2.0,0.0,0.0,0.0,0.0,0.0,0.0,0.0,0.0,0.0,0.0,0.0,0.0,58.8,30,30,65533,27,65476,693,65476,1,0,4,20529,65476,0,0,30147,60.0,0.0,10.0,10.0,2.0,0.0
2026-02-16T12:38:54,ERR,ERR,ERR,ERR,ERR,ERR,ERR,ERR,ERR,ERR,ERR,ERR,ERR,ERR,ERR,ERR,ERR,ERR,ERR,ERR,ERR,ERR,ERR,ERR,ERR,ERR,ERR,ERR,ERR,ERR,ERR,ERR,ERR,ERR,ERR,ERR,ERR,ERR,ERR,ERR,ERR,ERR,ERR,ERR,ERR,ERR,ERR,ERR,ERR,ERR,ERR,ERR,ERR,ERR,ERR,ERR,ERR,ERR,ERR,ERR,ERR,ERR,ERR,ERR,ERR,ERR,ERR,ERR,ERR,ERR,ERR,ERR,ERR,ERR,ERR,ERR,ERR,ERR,ERR,ERR,ERR,ERR,ERR,ERR,ERR,ERR,ERR,ERR,ERR,ERR,ERR,ERR,ERR,ERR,ERR,ERR,ERR,ERR,ERR,ERR,ERR,ERR,ERR,ERR,ERR,ERR,ERR,ERR,ERR,ERR,ERR,ERR,ERR,ERR,ERR,ERR,ERR,ERR,ERR,ERR,ERR,ERR,ERR,ERR,ERR,0.0,-107616352.0,0.0,0.0,142144341803008.0,-0.0,-0.0,0.0,4300,0,8,17170,4300,0.0,41,0.0,0.0,0.0,0.0,0.0,0,0,0,0,0.0,0,0,0,0,0,0,0,0,0,0,0,0,0,0,0,0,0,0,0,0,0,0,0,0,0,0,0,0,0,0,0,0,0,8,37,37,45,65476,377,65476,1,0,4,21553,0.0,-107610720.0,0.0,0.0,0.0,0.0,0.0,0.0,0.0,0.0,0.0,0.0,0.0,0.0,0.0,0.0,0.0,0.0,0.0,0.0,0.0,2.004,2.004,0.0,0.0,0.0,0.0,0.0,0.0,0.0,6538.0,8608231424.0,0.0,-107615880.0,-107616352.0,0.0,-0.0,0.0,0.0,2.004,2.004,228,5.848056079300204e+35,-71.63,0.0,0.0,0.0,0.0,0.0,0.0,0.0,0,0,0,-0.0,0.0,0.005,0.0,4.940578269714721e+20,-259767960338432.0,0.0,0.0,-8196490240.0,-4.6600826246430995e+30,-5000.77,1.6555940358651904e+16,0.0,0.0,0.0,-0.0,0,1.3516416376850534e+27,228,0.0,456,-621855232.0,82050.086,2112,52429,17109,0,17112,52429,17095,0,0,0,101,100,100,0.0,65.5,0.0,66.3,-0.0,65.5,1,49,50,180,52429,52429,0,0,0.0,0.0,0.0,60.0,0.0,71.0,0.0,0.0,0.0,1069,0,1069,0,0,0,1069,0,1079,0,999,0,658,0,660,0,656,0,677,0.032,1.4536034330083127e+22,2.004,2.73023467606737e+23,43664,16813,0.0,-0.0,-45940880.0,0.0,-111741258170368.0,0.0,50.0,60.0,35,0.0,0.0,10.0,2.0,0.0,0.0,0.0,0.0,0.0,0.0,0.0,0.0,0.0,0.0,0.0,0.0,58.8,30,31,65534,27,65476,685,65476,1,0,4,20529,65476,0,0,30147,60.0,0.0,10.0,10.0,2.0,0.0
2026-02-16T12:38:55,ERR,ERR,ERR,ERR,ERR,ERR,ERR,ERR,ERR,ERR,ERR,ERR,ERR,ERR,ERR,ERR,ERR,ERR,ERR,ERR,ERR,ERR,ERR,ERR,ERR,ERR,ERR,ERR,ERR,ERR,ERR,ERR,ERR,ERR,ERR,ERR,ERR,ERR,ERR,ERR,ERR,ERR,ERR,ERR,ERR,ERR,ERR,ERR,ERR,ERR,ERR,ERR,ERR,ERR,ERR,ERR,ERR,ERR,ERR,ERR,ERR,ERR,ERR,ERR,ERR,ERR,ERR,ERR,ERR,ERR,ERR,ERR,ERR,ERR,ERR,ERR,ERR,ERR,ERR,ERR,ERR,ERR,ERR,ERR,ERR,ERR,ERR,ERR,ERR,ERR,ERR,ERR,ERR,ERR,ERR,ERR,ERR,ERR,ERR,ERR,ERR,ERR,ERR,ERR,ERR,ERR,ERR,ERR,ERR,ERR,ERR,ERR,ERR,ERR,ERR,ERR,ERR,ERR,ERR,ERR,ERR,ERR,ERR,ERR,ERR,0.0,-107616352.0,0.0,0.0,142144341803008.0,-0.0,-0.0,0.0,4300,0,8,17170,4300,0.0,41,0.0,0.0,0.0,0.0,0.0,0,0,0,0,0.0,0,0,0,0,0,0,0,0,0,0,0,0,0,0,0,0,0,0,0,0,0,0,0,0,0,0,0,0,0,0,0,0,0,8,37,37,45,65476,377,65476,1,0,4,21553,0.0,-107610720.0,0.0,0.0,0.0,0.0,0.0,0.0,0.0,0.0,0.0,0.0,0.0,0.0,0.0,0.0,0.0,0.0,0.0,0.0,0.0,2.004,2.004,0.0,0.0,0.0,0.0,0.0,0.0,0.0,6538.0,8608231424.0,0.0,-107615880.0,-107616352.0,0.0,-0.0,0.0,0.0,2.004,2.004,228,5.848056079300204e+35,-71.63,0.0,0.0,0.0,0.0,0.0,0.0,0.0,0,0,0,-0.0,0.0,0.005,0.0,4.940578269714721e+20,-259767960338432.0,0.0,0.0,-8196490240.0,-4.6600826246430995e+30,-5000.77,1.6555940358651904e+16,0.0,0.0,0.0,-0.0,0,1.3516416376850534e+27,228,0.0,456,-621855232.0,82050.086,2112,52429,17109,0,17112,52429,17095,0,0,0,101,100,100,0.0,65.5,0.0,66.3,-0.0,65.5,1,49,50,180,52429,52429,0,0,0.0,0.0,0.0,60.0,0.0,71.0,0.0,0.0,0.0,1069,0,1069,0,0,0,1069,0,1079,0,999,0,658,0,660,0,656,0,677,0.032,1.4536034330083127e+22,2.004,2.73023467606737e+23,43664,16813,0.0,-0.0,-45940880.0,0.0,-111741258170368.0,0.0,50.0,60.0,35,0.0,0.0,10.0,2.0,0.0,0.0,0.0,0.0,0.0,0.0,0.0,0.0,0.0,0.0,0.0,0.0,58.8,30,31,65534,27,65476,685,65476,1,0,4,20529,65476,0,0,30147,60.0,0.0,10.0,10.0,2.0,0.0
2026-02-16T12:38:56,ERR,ERR,ERR,ERR,ERR,ERR,ERR,ERR,ERR,ERR,ERR,ERR,ERR,ERR,ERR,ERR,ERR,ERR,ERR,ERR,ERR,ERR,ERR,ERR,ERR,ERR,ERR,ERR,ERR,ERR,ERR,ERR,ERR,ERR,ERR,ERR,ERR,ERR,ERR,ERR,ERR,ERR,ERR,ERR,ERR,ERR,ERR,ERR,ERR,ERR,ERR,ERR,ERR,ERR,ERR,ERR,ERR,ERR,ERR,ERR,ERR,ERR,ERR,ERR,ERR,ERR,ERR,ERR,ERR,ERR,ERR,ERR,ERR,ERR,ERR,ERR,ERR,ERR,ERR,ERR,ERR,ERR,ERR,ERR,ERR,ERR,ERR,ERR,ERR,ERR,ERR,ERR,ERR,ERR,ERR,ERR,ERR,ERR,ERR,ERR,ERR,ERR,ERR,ERR,ERR,ERR,ERR,ERR,ERR,ERR,ERR,ERR,ERR,ERR,ERR,ERR,ERR,ERR,ERR,ERR,ERR,ERR,ERR,ERR,ERR,0.0,-107616352.0,0.0,0.0,142144341803008.0,-0.0,-0.0,0.0,4300,0,8,17170,4300,0.0,41,0.0,0.0,0.0,0.0,0.0,0,0,0,0,0.0,0,0,0,0,0,0,0,0,0,0,0,0,0,0,0,0,0,0,0,0,0,0,0,0,0,0,0,0,0,0,0,0,0,8,37,37,45,65476,377,65476,1,0,4,21553,0.0,-107610720.0,0.0,0.0,0.0,0.0,0.0,0.0,0.0,0.0,0.0,0.0,0.0,0.0,0.0,0.0,0.0,0.0,0.0,0.0,0.0,2.004,2.004,0.0,0.0,0.0,0.0,0.0,0.0,0.0,6538.0,8608231424.0,0.0,-107615880.0,-107616352.0,0.0,-0.0,0.0,0.0,2.004,2.004,228,5.848056079300204e+35,-71.63,0.0,0.0,0.0,0.0,0.0,0.0,0.0,0,0,0,-0.0,0.0,0.005,0.0,4.940578269714721e+20,-259767960338432.0,0.0,0.0,-8196490240.0,-4.6600826246430995e+30,-5000.77,1.6555940358651904e+16,0.0,0.0,0.0,-0.0,0,1.3516416376850534e+27,228,0.0,456,-621855232.0,82050.086,2112,52429,17109,0,17112,52429,17095,0,0,0,101,100,100,0.0,65.5,0.0,66.3,-0.0,65.5,1,49,50,180,52429,52429,0,0,0.0,0.0,0.0,60.0,0.0,71.0,0.0,0.0,0.0,1069,0,1069,0,0,0,1069,0,1079,0,999,0,658,0,660,0,656,0,677,0.032,1.4536034330083127e+22,2.004,2.73023467606737e+23,43664,16813,0.0,-0.0,-45940880.0,0.0,-111741258170368.0,0.0,50.0,60.0,35,0.0,0.0,10.0,2.0,0.0,0.0,0.0,0.0,0.0,0.0,0.0,0.0,0.0,0.0,0.0,0.0,58.8,27,33,0,27,65476,685,65476,1,0,4,20529,65476,0,0,30147,60.0,0.0,10.0,10.0,2.0,0.0
2026-02-16T12:38:57,ERR,ERR,ERR,ERR,ERR,ERR,ERR,ERR,ERR,ERR,ERR,ERR,ERR,ERR,ERR,ERR,ERR,ERR,ERR,ERR,ERR,ERR,ERR,ERR,ERR,ERR,ERR,ERR,ERR,ERR,ERR,ERR,ERR,ERR,ERR,ERR,ERR,ERR,ERR,ERR,ERR,ERR,ERR,ERR,ERR,ERR,ERR,ERR,ERR,ERR,ERR,ERR,ERR,ERR,ERR,ERR,ERR,ERR,ERR,ERR,ERR,ERR,ERR,ERR,ERR,ERR,ERR,ERR,ERR,ERR,ERR,ERR,ERR,ERR,ERR,ERR,ERR,ERR,ERR,ERR,ERR,ERR,ERR,ERR,ERR,ERR,ERR,ERR,ERR,ERR,ERR,ERR,ERR,ERR,ERR,ERR,ERR,ERR,ERR,ERR,ERR,ERR,ERR,ERR,ERR,ERR,ERR,ERR,ERR,ERR,ERR,ERR,ERR,ERR,ERR,ERR,ERR,ERR,ERR,ERR,ERR,ERR,ERR,ERR,ERR,0.0,-107616352.0,0.0,0.0,142144341803008.0,-0.0,-0.0,0.0,4300,0,8,17170,4300,0.0,41,0.0,0.0,0.0,0.0,0.0,0,0,0,0,0.0,0,0,0,0,0,0,0,0,0,0,0,0,0,0,0,0,0,0,0,0,0,0,0,0,0,0,0,0,0,0,0,0,0,8,37,37,45,65476,377,65476,1,0,4,21553,0.0,-107610720.0,0.0,0.0,0.0,0.0,0.0,0.0,0.0,0.0,0.0,0.0,0.0,0.0,0.0,0.0,0.0,0.0,0.0,0.0,0.0,2.004,2.004,0.0,0.0,0.0,0.0,0.0,0.0,0.0,6538.0,8608231424.0,0.0,-107615880.0,-107616352.0,0.0,-0.0,0.0,0.0,2.004,2.004,228,5.848056079300204e+35,-71.63,0.0,0.0,0.0,0.0,0.0,0.0,0.0,0,0,0,-0.0,0.0,0.005,0.0,4.940578269714721e+20,-259767960338432.0,0.0,0.0,-8196490240.0,-4.6600826246430995e+30,-5000.77,1.6555940358651904e+16,0.0,0.0,0.0,-0.0,0,1.3516416376850534e+27,228,0.0,456,-621855232.0,82050.086,2112,52429,17109,0,17112,52429,17095,0,0,0,101,100,100,0.0,65.5,0.0,66.3,-0.0,65.5,1,49,50,180,39322,52429,0,0,0.0,0.0,0.0,60.0,0.0,71.0,0.0,5.849617765418563e+34,0.0,1068,0,1069,0,0,0,1069,0,1080,0,999,0,658,0,660,0,655,0,676,0.032,1.4683608282672803e+22,2.004,2.73023467606737e+23,48016,16813,0.0,5.849617765418563e+34,-2.645,-0.0,-1.5366313249314895e+29,-2.5392650264338112e+31,50.0,60.0,35,0.0,0.0,10.0,2.0,0.0,0.0,0.0,0.0,0.0,0.0,0.0,0.0,0.0,0.0,0.0,0.0,58.8,27,33,0,27,65476,685,65476,1,0,4,20529,65476,0,0,30147,60.0,0.0,10.0,10.0,2.0,0.0
2026-02-16T12:38:58,ERR,ERR,ERR,ERR,ERR,ERR,ERR,ERR,ERR,ERR,ERR,ERR,ERR,ERR,ERR,ERR,ERR,ERR,ERR,ERR,ERR,ERR,ERR,ERR,ERR,ERR,ERR,ERR,ERR,ERR,ERR,ERR,ERR,ERR,ERR,ERR,ERR,ERR,ERR,ERR,ERR,ERR,ERR,ERR,ERR,ERR,ERR,ERR,ERR,ERR,ERR,ERR,ERR,ERR,ERR,ERR,ERR,ERR,ERR,ERR,ERR,ERR,ERR,ERR,ERR,ERR,ERR,ERR,ERR,ERR,ERR,ERR,ERR,ERR,ERR,ERR,ERR,ERR,ERR,ERR,ERR,ERR,ERR,ERR,ERR,ERR,ERR,ERR,ERR,ERR,ERR,ERR,ERR,ERR,ERR,ERR,ERR,ERR,ERR,ERR,ERR,ERR,ERR,ERR,ERR,ERR,ERR,ERR,ERR,ERR,ERR,ERR,ERR,ERR,ERR,ERR,ERR,ERR,ERR,ERR,ERR,ERR,ERR,ERR,ERR,0.0,-107616352.0,0.0,0.0,142144341803008.0,-0.0,-0.0,0.0,4300,0,8,17170,4300,0.0,41,0.0,0.0,0.0,0.0,0.0,0,0,0,0,0.0,0,0,0,0,0,0,0,0,0,0,0,0,0,0,0,0,0,0,0,0,0,0,0,0,0,0,0,0,0,0,0,0,0,8,37,37,45,65476,377,65476,1,0,4,21553,0.0,-107610720.0,0.0,0.0,0.0,0.0,0.0,0.0,0.0,0.0,0.0,0.0,0.0,0.0,0.0,0.0,0.0,0.0,0.0,0.0,0.0,2.004,2.004,0.0,0.0,0.0,0.0,0.0,0.0,0.0,6538.0,8608231424.0,0.0,-107615880.0,-107616352.0,0.0,-0.0,0.0,0.0,2.004,2.004,228,5.848056079300204e+35,-71.63,0.0,0.0,0.0,0.0,0.0,0.0,0.0,0,0,0,-0.0,0.0,0.005,0.0,4.940578269714721e+20,-259767960338432.0,0.0,0.0,-8196490240.0,-4.6600826246430995e+30,-5000.77,1.6555940358651904e+16,0.0,0.0,0.0,-0.0,0,1.3516416376850534e+27,228,0.0,456,-621855232.0,82050.086,2112,52429,17109,0,17112,52429,17095,0,0,0,101,100,100,0.0,65.5,0.0,66.3,-0.0,65.5,1,49,50,180,39322,52429,0,0,0.0,0.0,0.0,60.0,0.0,71.0,0.0,5.849617765418563e+34,0.0,1068,0,1069,0,0,0,1069,0,1080,0,999,0,658,0,660,0,655,0,676,0.032,1.4683608282672803e+22,2.004,2.73023467606737e+23,48016,16813,0.0,5.849617765418563e+34,-2.645,-0.0,-1.5366313249314895e+29,-2.5392650264338112e+31,50.0,60.0,35,0.0,0.0,10.0,2.0,0.0,0.0,0.0,0.0,0.0,0.0,0.0,0.0,0.0,0.0,0.0,0.0,58.8,25,35,2,27,65476,642,65476,1,0,4,20529,65476,0,0,30147,60.0,0.0,10.0,10.0,2.0,0.0
2026-02-16T12:38:59,ERR,ERR,ERR,ERR,ERR,ERR,ERR,ERR,ERR,ERR,ERR,ERR,ERR,ERR,ERR,ERR,ERR,ERR,ERR,ERR,ERR,ERR,ERR,ERR,ERR,ERR,ERR,ERR,ERR,ERR,ERR,ERR,ERR,ERR,ERR,ERR,ERR,ERR,ERR,ERR,ERR,ERR,ERR,ERR,ERR,ERR,ERR,ERR,ERR,ERR,ERR,ERR,ERR,ERR,ERR,ERR,ERR,ERR,ERR,ERR,ERR,ERR,ERR,ERR,ERR,ERR,ERR,ERR,ERR,ERR,ERR,ERR,ERR,ERR,ERR,ERR,ERR,ERR,ERR,ERR,ERR,ERR,ERR,ERR,ERR,ERR,ERR,ERR,ERR,ERR,ERR,ERR,ERR,ERR,ERR,ERR,ERR,ERR,ERR,ERR,ERR,ERR,ERR,ERR,ERR,ERR,ERR,ERR,ERR,ERR,ERR,ERR,ERR,ERR,ERR,ERR,ERR,ERR,ERR,ERR,ERR,ERR,ERR,ERR,ERR,0.0,-107616352.0,0.0,0.0,142144341803008.0,-0.0,4.8582155928399254e+30,14303252.0,4300,0,8,17170,4300,0.0,41,0.0,0.0,0.0,0.0,0.0,0,0,0,0,0.0,0,0,0,0,0,0,0,0,0,0,0,0,0,0,0,0,0,0,0,0,0,0,0,0,0,0,0,0,0,0,0,0,0,8,37,37,45,65476,375,65476,1,0,4,21553,0.0,-0.0,0.0,0.0,0.0,0.0,0.0,0.0,0.0,0.0,0.0,0.0,0.0,0.0,0.0,0.0,0.0,0.0,0.0,0.0,0.0,2.004,2.004,0.0,0.0,0.0,0.0,0.0,0.0,0.0,6508.0,-0.0,0.0,0.0,-107616352.0,0.0,-0.0,0.0,0.0,2.004,2.004,229,4.0668540358038725e+29,107615248.0,0.0,0.0,0.0,0.0,0.0,0.0,0.0,0,0,0,-0.0,0.0,0.0,0.0,12731205812224.0,3.694572529201971e+16,-3.6417129825886586e+35,28.409,-8.249288557959958e+28,-4.9175741528144586e+30,-5384.77,1.7470734032961536e+16,0.0,0.0,0.0,-0.0,0,1.3516416376850534e+27,228,0.0,456,-621855232.0,82050.086,2112,52429,17109,0,17112,52429,17095,0,0,0,101,100,100,0.0,65.5,0.0,66.3,-0.0,65.5,1,49,50,180,39322,52429,0,0,0.0,0.0,0.0,60.0,0.0,71.0,0.0,5.849617765418563e+34,0.0,1068,0,1069,0,0,0,1069,0,1080,0,999,0,658,0,660,0,655,0,676,0.032,1.4683608282672803e+22,2.004,2.73023467606737e+23,48016,16813,0.0,5.849617765418563e+34,-2.645,-0.0,-1.5366313249314895e+29,-2.5392650264338112e+31,50.0,60.0,35,0.0,0.0,10.0,2.0,0.0,0.0,0.0,0.0,0.0,0.0,0.0,0.0,0.0,0.0,0.0,0.0,59.2,25,35,3,27,65476,642,65476,1,0,4,20529,65476,0,0,30147,60.0,0.0,10.0,10.0,2.0,0.0
2026-02-16T12:39:00,ERR,ERR,ERR,ERR,ERR,ERR,ERR,ERR,ERR,ERR,ERR,ERR,ERR,ERR,ERR,ERR,ERR,ERR,ERR,ERR,ERR,ERR,ERR,ERR,ERR,ERR,ERR,ERR,ERR,ERR,ERR,ERR,ERR,ERR,ERR,ERR,ERR,ERR,ERR,ERR,ERR,ERR,ERR,ERR,ERR,ERR,ERR,ERR,ERR,ERR,ERR,ERR,ERR,ERR,ERR,ERR,ERR,ERR,ERR,ERR,ERR,ERR,ERR,ERR,ERR,ERR,ERR,ERR,ERR,ERR,ERR,ERR,ERR,ERR,ERR,ERR,ERR,ERR,ERR,ERR,ERR,ERR,ERR,ERR,ERR,ERR,ERR,ERR,ERR,ERR,ERR,ERR,ERR,ERR,ERR,ERR,ERR,ERR,ERR,ERR,ERR,ERR,ERR,ERR,ERR,ERR,ERR,ERR,ERR,ERR,ERR,ERR,ERR,ERR,ERR,ERR,ERR,ERR,ERR,ERR,ERR,ERR,ERR,ERR,ERR,0.0,-107616352.0,0.0,0.0,142144341803008.0,-0.0,4.8582155928399254e+30,14303252.0,4300,0,8,17170,4300,0.0,41,0.0,0.0,0.0,0.0,0.0,0,0,0,0,0.0,0,0,0,0,0,0,0,0,0,0,0,0,0,0,0,0,0,0,0,0,0,0,0,0,0,0,0,0,0,0,0,0,0,8,37,37,45,65476,375,65476,1,0,4,21553,0.0,-0.0,0.0,0.0,0.0,0.0,0.0,0.0,0.0,0.0,0.0,0.0,0.0,0.0,0.0,0.0,0.0,0.0,0.0,0.0,0.0,2.004,2.004,0.0,0.0,0.0,0.0,0.0,0.0,0.0,6508.0,-0.0,0.0,0.0,-107616352.0,0.0,-0.0,0.0,0.0,2.004,2.004,229,4.0668540358038725e+29,107615248.0,0.0,0.0,0.0,0.0,0.0,0.0,0.0,0,0,0,-0.0,0.0,0.0,0.0,12731205812224.0,3.694572529201971e+16,-3.6417129825886586e+35,28.409,-8.249288557959958e+28,-4.9175741528144586e+30,-5384.77,1.7470734032961536e+16,0.0,0.0,0.0,-0.0,0,1.3516416376850534e+27,228,0.0,456,-621855232.0,82050.086,2112,52429,17109,0,17112,52429,17095,0,0,0,101,100,100,0.0,65.5,0.0,66.3,-0.0,65.5,1,49,50,180,39322,52429,0,0,0.0,0.0,0.0,60.0,0.0,71.0,0.0,5.849617765418563e+34,0.0,1068,0,1069,0,0,0,1069,0,1080,0,999,0,658,0,660,0,655,0,676,0.032,1.4683608282672803e+22,2.004,2.73023467606737e+23,48016,16813,0.0,5.849617765418563e+34,-2.645,-0.0,-1.5366313249314895e+29,-2.5392650264338112e+31,50.0,60.0,35,0.0,0.0,10.0,2.0,0.0,0.0,0.0,0.0,0.0,0.0,0.0,0.0,0.0,0.0,0.0,0.0,59.2,25,35,3,27,65476,642,65476,1,0,4,20529,65476,0,0,30147,60.0,0.0,10.0,10.0,2.0,0.0
2026-02-16T12:39:01,ERR,ERR,ERR,ERR,ERR,ERR,ERR,ERR,ERR,ERR,ERR,ERR,ERR,ERR,ERR,ERR,ERR,ERR,ERR,ERR,ERR,ERR,ERR,ERR,ERR,ERR,ERR,ERR,ERR,ERR,ERR,ERR,ERR,ERR,ERR,ERR,ERR,ERR,ERR,ERR,ERR,ERR,ERR,ERR,ERR,ERR,ERR,ERR,ERR,ERR,ERR,ERR,ERR,ERR,ERR,ERR,ERR,ERR,ERR,ERR,ERR,ERR,ERR,ERR,ERR,ERR,ERR,ERR,ERR,ERR,ERR,ERR,ERR,ERR,ERR,ERR,ERR,ERR,ERR,ERR,ERR,ERR,ERR,ERR,ERR,ERR,ERR,ERR,ERR,ERR,ERR,ERR,ERR,ERR,ERR,ERR,ERR,ERR,ERR,ERR,ERR,ERR,ERR,ERR,ERR,ERR,ERR,ERR,ERR,ERR,ERR,ERR,ERR,ERR,ERR,ERR,ERR,ERR,ERR,ERR,ERR,ERR,ERR,ERR,ERR,0.0,-107616352.0,0.0,0.0,142144341803008.0,-0.0,4.8582155928399254e+30,14303252.0,4300,0,8,17170,4300,0.0,41,0.0,0.0,0.0,0.0,0.0,0,0,0,0,0.0,0,0,0,0,0,0,0,0,0,0,0,0,0,0,0,0,0,0,0,0,0,0,0,0,0,0,0,0,0,0,0,0,0,8,37,37,45,65476,375,65476,1,0,4,21553,0.0,-0.0,0.0,0.0,0.0,0.0,0.0,0.0,0.0,0.0,0.0,0.0,0.0,0.0,0.0,0.0,0.0,0.0,0.0,0.0,0.0,2.004,2.004,0.0,0.0,0.0,0.0,0.0,0.0,0.0,6508.0,-0.0,0.0,0.0,-107616352.0,0.0,-0.0,0.0,0.0,2.004,2.004,229,4.0668540358038725e+29,107615248.0,0.0,0.0,0.0,0.0,0.0,0.0,0.0,0,0,0,-0.0,0.0,0.0,0.0,12731205812224.0,3.694572529201971e+16,-3.6417129825886586e+35,28.409,-8.249288557959958e+28,-4.9175741528144586e+30,-5384.77,1.7470734032961536e+16,0.0,0.0,0.0,-0.0,0,1.3516416376850534e+27,228,0.0,456,-621855232.0,82050.086,2114,52429,17109,0,17112,52429,17095,0,0,0,101,100,100,0.0,65.5,0.0,66.3,-0.0,65.5,1,49,50,180,52429,52429,0,0,0.0,0.0,0.0,60.0,0.0,71.0,0.0,4215363840.0,0.0,1068,0,1069,0,0,0,1069,0,1079,0,999,0,658,0,660,0,656,0,677,0.032,1.4536034330083127e+22,2.004,2.73023467606737e+23,54544,16813,0.0,4215363840.0,5.648985879369178e+31,2.0865894072068245e+33,-0.0,-0.0,50.0,60.0,35,0.0,0.0,10.0,2.0,0.0,0.0,0.0,0.0,0.0,0.0,0.0,0.0,0.0,0.0,0.0,0.0,58.8,23,37,4,27,65476,595,65476,1,0,4,20529,65476,0,0,30147,60.0,0.0,10.0,10.0,2.0,0.0
2026-02-16T12:39:02,ERR,ERR,ERR,ERR,ERR,ERR,ERR,ERR,ERR,ERR,ERR,ERR,ERR,ERR,ERR,ERR,ERR,ERR,ERR,ERR,ERR,ERR,ERR,ERR,ERR,ERR,ERR,ERR,ERR,ERR,ERR,ERR,ERR,ERR,ERR,ERR,ERR,ERR,ERR,ERR,ERR,ERR,ERR,ERR,ERR,ERR,ERR,ERR,ERR,ERR,ERR,ERR,ERR,ERR,ERR,ERR,ERR,ERR,ERR,ERR,ERR,ERR,ERR,ERR,ERR,ERR,ERR,ERR,ERR,ERR,ERR,ERR,ERR,ERR,ERR,ERR,ERR,ERR,ERR,ERR,ERR,ERR,ERR,ERR,ERR,ERR,ERR,ERR,ERR,ERR,ERR,ERR,ERR,ERR,ERR,ERR,ERR,ERR,ERR,ERR,ERR,ERR,ERR,ERR,ERR,ERR,ERR,ERR,ERR,ERR,ERR,ERR,ERR,ERR,ERR,ERR,ERR,ERR,ERR,ERR,ERR,ERR,ERR,ERR,ERR,0.0,-107616352.0,0.0,0.0,142144341803008.0,-0.0,4.8582155928399254e+30,14303252.0,4300,0,8,17170,4300,0.0,41,0.0,0.0,0.0,0.0,0.0,0,0,0,0,0.0,0,0,0,0,0,0,0,0,0,0,0,0,0,0,0,0,0,0,0,0,0,0,0,0,0,0,0,0,0,0,0,0,0,8,37,37,45,65476,375,65476,1,0,4,21553,0.0,-0.0,0.0,0.0,0.0,0.0,0.0,0.0,0.0,0.0,0.0,0.0,0.0,0.0,0.0,0.0,0.0,0.0,0.0,0.0,0.0,2.004,2.004,0.0,0.0,0.0,0.0,0.0,0.0,0.0,6508.0,-0.0,0.0,0.0,-107616352.0,0.0,-0.0,0.0,0.0,2.004,2.004,229,4.0668540358038725e+29,107615248.0,0.0,0.0,0.0,0.0,0.0,0.0,0.0,0,0,0,-0.0,0.0,0.0,0.0,12731205812224.0,3.694572529201971e+16,-3.6417129825886586e+35,28.409,-8.249288557959958e+28,-4.9175741528144586e+30,-5384.77,1.7470734032961536e+16,0.0,0.0,0.0,-0.0,0,1.3516416376850534e+27,228,0.0,456,-621855232.0,82050.086,2114,52429,17109,0,17112,52429,17095,0,0,0,101,100,100,0.0,65.5,0.0,66.3,-0.0,65.5,1,49,50,180,52429,52429,0,0,0.0,0.0,0.0,60.0,0.0,71.0,0.0,4215363840.0,0.0,1068,0,1069,0,0,0,1069,0,1079,0,999,0,658,0,660,0,656,0,677,0.032,1.4536034330083127e+22,2.004,2.73023467606737e+23,54544,16813,0.0,4215363840.0,5.648985879369178e+31,2.0865894072068245e+33,-0.0,-0.0,50.0,60.0,35,0.0,0.0,10.0,2.0,0.0,0.0,0.0,0.0,0.0,0.0,0.0,0.0,0.0,0.0,0.0,0.0,58.8,23,37,4,27,65476,595,65476,1,0,4,20529,65476,0,0,30147,60.0,0.0,10.0,10.0,2.0,0.0
2026-02-16T12:39:03,ERR,ERR,ERR,ERR,ERR,ERR,ERR,ERR,ERR,ERR,ERR,ERR,ERR,ERR,ERR,ERR,ERR,ERR,ERR,ERR,ERR,ERR,ERR,ERR,ERR,ERR,ERR,ERR,ERR,ERR,ERR,ERR,ERR,ERR,ERR,ERR,ERR,ERR,ERR,ERR,ERR,ERR,ERR,ERR,ERR,ERR,ERR,ERR,ERR,ERR,ERR,ERR,ERR,ERR,ERR,ERR,ERR,ERR,ERR,ERR,ERR,ERR,ERR,ERR,ERR,ERR,ERR,ERR,ERR,ERR,ERR,ERR,ERR,ERR,ERR,ERR,ERR,ERR,ERR,ERR,ERR,ERR,ERR,ERR,ERR,ERR,ERR,ERR,ERR,ERR,ERR,ERR,ERR,ERR,ERR,ERR,ERR,ERR,ERR,ERR,ERR,ERR,ERR,ERR,ERR,ERR,ERR,ERR,ERR,ERR,ERR,ERR,ERR,ERR,ERR,ERR,ERR,ERR,ERR,ERR,ERR,ERR,ERR,ERR,ERR,0.0,-107616352.0,0.0,0.0,142144341803008.0,-0.0,4.8582155928399254e+30,14303252.0,4300,0,8,17170,4300,0.0,41,0.0,0.0,0.0,0.0,0.0,0,0,0,0,0.0,0,0,0,0,0,0,0,0,0,0,0,0,0,0,0,0,0,0,0,0,0,0,0,0,0,0,0,0,0,0,0,0,0,8,37,37,45,65476,375,65476,1,0,4,21553,0.0,-0.0,0.0,0.0,0.0,0.0,0.0,0.0,0.0,0.0,0.0,0.0,0.0,0.0,0.0,0.0,0.0,0.0,0.0,0.0,0.0,2.004,2.004,0.0,0.0,0.0,0.0,0.0,0.0,0.0,6508.0,-0.0,0.0,0.0,-107616352.0,0.0,-0.0,0.0,0.0,2.004,2.004,229,4.0668540358038725e+29,107615248.0,0.0,0.0,0.0,0.0,0.0,0.0,0.0,0,0,0,-0.0,0.0,0.0,0.0,12731205812224.0,3.694572529201971e+16,-3.6417129825886586e+35,28.409,-8.249288557959958e+28,-4.9175741528144586e+30,-5384.77,1.7470734032961536e+16,0.0,0.0,0.0,-0.0,0,1.3516416376850534e+27,228,0.0,456,-621855232.0,82050.086,2114,52429,17109,0,17112,52429,17095,0,0,0,101,100,100,0.0,65.5,0.0,66.3,-0.0,65.5,1,49,50,180,52429,52429,0,0,0.0,0.0,0.0,60.0,0.0,71.0,0.0,4215363840.0,0.0,1068,0,1069,0,0,0,1069,0,1079,0,999,0,658,0,660,0,656,0,677,0.032,1.4536034330083127e+22,2.004,2.73023467606737e+23,54544,16813,0.0,4215363840.0,5.648985879369178e+31,2.0865894072068245e+33,-0.0,-0.0,50.0,60.0,35,0.0,0.0,10.0,2.0,0.0,0.0,0.0,0.0,0.0,0.0,0.0,0.0,0.0,0.0,0.0,0.0,58.8,22,38,5,27,65476,555,65476,1,0,4,20529,65476,0,0,30147,60.0,0.0,10.0,10.0,2.0,0.0
2026-02-16T12:39:04,ERR,ERR,ERR,ERR,ERR,ERR,ERR,ERR,ERR,ERR,ERR,ERR,ERR,ERR,ERR,ERR,ERR,ERR,ERR,ERR,ERR,ERR,ERR,ERR,ERR,ERR,ERR,ERR,ERR,ERR,ERR,ERR,ERR,ERR,ERR,ERR,ERR,ERR,ERR,ERR,ERR,ERR,ERR,ERR,ERR,ERR,ERR,ERR,ERR,ERR,ERR,ERR,ERR,ERR,ERR,ERR,ERR,ERR,ERR,ERR,ERR,ERR,ERR,ERR,ERR,ERR,ERR,ERR,ERR,ERR,ERR,ERR,ERR,ERR,ERR,ERR,ERR,ERR,ERR,ERR,ERR,ERR,ERR,ERR,ERR,ERR,ERR,ERR,ERR,ERR,ERR,ERR,ERR,ERR,ERR,ERR,ERR,ERR,ERR,ERR,ERR,ERR,ERR,ERR,ERR,ERR,ERR,ERR,ERR,ERR,ERR,ERR,ERR,ERR,ERR,ERR,ERR,ERR,ERR,ERR,ERR,ERR,ERR,ERR,ERR,0.0,-107616352.0,0.0,0.0,142144341803008.0,7.803909491901633e+23,0.105,1.4099115817999686e+26,4300,0,8,17170,4300,0.0,41,0.0,0.0,0.0,0.0,0.0,0,0,0,0,0.0,0,0,0,0,0,0,0,0,0,0,0,0,0,0,0,0,0,0,0,0,0,0,0,0,0,0,0,0,0,0,0,0,0,9,37,36,45,65476,374,65476,1,0,4,21553,0.0,0.0,0.0,0.0,0.0,0.0,0.0,0.0,0.0,0.0,0.0,0.0,0.0,0.0,0.0,0.0,0.0,0.0,0.0,0.0,0.0,2.004,2.004,0.0,0.0,0.0,0.0,0.0,0.0,0.0,6472.0,-0.0,0.0,0.0,-107616352.0,0.0,-0.0,-0.0,0.0,2.004,2.004,229,89220.57,-0.0,0.0,0.0,0.0,0.0,0.0,0.0,0.0,0,0,0,-0.0,97.129,0.001,-1.562629408974599e+26,59995794178048.0,-0.0,-0.0,-2124611712.0,6.0974599119689424e+29,-5.200300798544453e+30,-5800.77,1.8615919416705024e+16,0.0,0.0,0.0,-0.0,0,1.3516416376850534e+27,229,0.0,458,-621855232.0,-2.2165387396652623e+20,2114,52429,17109,0,17112,52429,17095,0,0,0,101,100,100,0.0,65.5,0.0,66.3,-0.0,65.5,1,49,50,180,52429,52429,0,0,0.0,0.0,0.0,60.0,0.0,71.0,0.0,0.0,0.0,1068,0,1069,0,0,0,1070,0,1079,0,999,0,658,0,660,0,656,0,677,0.032,1.4609821306377965e+22,2.004,2.73023467606737e+23,43408,16813,0.0,-0.0,-8.71610740397604e+21,601448630976512.0,0.0,0.0,50.0,60.0,35,0.0,0.0,10.0,2.0,0.0,0.0,0.0,0.0,0.0,0.0,0.0,0.0,0.0,0.0,0.0,0.0,59.2,22,38,6,27,65476,555,65476,1,0,4,20529,65476,0,0,30147,60.0,0.0,10.0,10.0,2.0,0.0
2026-02-16T12:39:05,ERR,ERR,ERR,ERR,ERR,ERR,ERR,ERR,ERR,ERR,ERR,ERR,ERR,ERR,ERR,ERR,ERR,ERR,ERR,ERR,ERR,ERR,ERR,ERR,ERR,ERR,ERR,ERR,ERR,ERR,ERR,ERR,ERR,ERR,ERR,ERR,ERR,ERR,ERR,ERR,ERR,ERR,ERR,ERR,ERR,ERR,ERR,ERR,ERR,ERR,ERR,ERR,ERR,ERR,ERR,ERR,ERR,ERR,ERR,ERR,ERR,ERR,ERR,ERR,ERR,ERR,ERR,ERR,ERR,ERR,ERR,ERR,ERR,ERR,ERR,ERR,ERR,ERR,ERR,ERR,ERR,ERR,ERR,ERR,ERR,ERR,ERR,ERR,ERR,ERR,ERR,ERR,ERR,ERR,ERR,ERR,ERR,ERR,ERR,ERR,ERR,ERR,ERR,ERR,ERR,ERR,ERR,ERR,ERR,ERR,ERR,ERR,ERR,ERR,ERR,ERR,ERR,ERR,ERR,ERR,ERR,ERR,ERR,ERR,ERR,0.0,-107616352.0,0.0,0.0,142144341803008.0,7.803909491901633e+23,0.105,1.4099115817999686e+26,4300,0,8,17170,4300,0.0,41,0.0,0.0,0.0,0.0,0.0,0,0,0,0,0.0,0,0,0,0,0,0,0,0,0,0,0,0,0,0,0,0,0,0,0,0,0,0,0,0,0,0,0,0,0,0,0,0,0,9,37,36,45,65476,374,65476,1,0,4,21553,0.0,0.0,0.0,0.0,0.0,0.0,0.0,0.0,0.0,0.0,0.0,0.0,0.0,0.0,0.0,0.0,0.0,0.0,0.0,0.0,0.0,2.004,2.004,0.0,0.0,0.0,0.0,0.0,0.0,0.0,6472.0,-0.0,0.0,0.0,-107616352.0,0.0,-0.0,-0.0,0.0,2.004,2.004,229,89220.57,-0.0,0.0,0.0,0.0,0.0,0.0,0.0,0.0,0,0,0,-0.0,97.129,0.001,-1.562629408974599e+26,59995794178048.0,-0.0,-0.0,-2124611712.0,6.0974599119689424e+29,-5.200300798544453e+30,-5800.77,1.8615919416705024e+16,0.0,0.0,0.0,-0.0,0,1.3516416376850534e+27,229,0.0,458,-621855232.0,-2.2165387396652623e+20,2114,52429,17109,0,17112,52429,17095,0,0,0,101,100,100,0.0,65.5,0.0,66.3,-0.0,65.5,1,49,50,180,52429,52429,0,0,0.0,0.0,0.0,60.0,0.0,71.0,0.0,0.0,0.0,1068,0,1069,0,0,0,1070,0,1079,0,999,0,658,0,660,0,656,0,677,0.032,1.4609821306377965e+22,2.004,2.73023467606737e+23,43408,16813,0.0,-0.0,-8.71610740397604e+21,601448630976512.0,0.0,0.0,50.0,60.0,35,0.0,0.0,10.0,2.0,0.0,0.0,0.0,0.0,0.0,0.0,0.0,0.0,0.0,0.0,0.0,0.0,59.2,22,38,6,27,65476,555,65476,1,0,4,20529,65476,0,0,30147,60.0,0.0,10.0,10.0,2.0,0.0
2026-02-16T12:39:06,ERR,ERR,ERR,ERR,ERR,ERR,ERR,ERR,ERR,ERR,ERR,ERR,ERR,ERR,ERR,ERR,ERR,ERR,ERR,ERR,ERR,ERR,ERR,ERR,ERR,ERR,ERR,ERR,ERR,ERR,ERR,ERR,ERR,ERR,ERR,ERR,ERR,ERR,ERR,ERR,ERR,ERR,ERR,ERR,ERR,ERR,ERR,ERR,ERR,ERR,ERR,ERR,ERR,ERR,ERR,ERR,ERR,ERR,ERR,ERR,ERR,ERR,ERR,ERR,ERR,ERR,ERR,ERR,ERR,ERR,ERR,ERR,ERR,ERR,ERR,ERR,ERR,ERR,ERR,ERR,ERR,ERR,ERR,ERR,ERR,ERR,ERR,ERR,ERR,ERR,ERR,ERR,ERR,ERR,ERR,ERR,ERR,ERR,ERR,ERR,ERR,ERR,ERR,ERR,ERR,ERR,ERR,ERR,ERR,ERR,ERR,ERR,ERR,ERR,ERR,ERR,ERR,ERR,ERR,ERR,ERR,ERR,ERR,ERR,ERR,0.0,-107616352.0,0.0,0.0,142144341803008.0,7.803909491901633e+23,0.105,1.4099115817999686e+26,4300,0,8,17170,4300,0.0,41,0.0,0.0,0.0,0.0,0.0,0,0,0,0,0.0,0,0,0,0,0,0,0,0,0,0,0,0,0,0,0,0,0,0,0,0,0,0,0,0,0,0,0,0,0,0,0,0,0,9,37,36,45,65476,374,65476,1,0,4,21553,0.0,0.0,0.0,0.0,0.0,0.0,0.0,0.0,0.0,0.0,0.0,0.0,0.0,0.0,0.0,0.0,0.0,0.0,0.0,0.0,0.0,2.004,2.004,0.0,0.0,0.0,0.0,0.0,0.0,0.0,6472.0,-0.0,0.0,0.0,-107616352.0,0.0,-0.0,-0.0,0.0,2.004,2.004,229,89220.57,-0.0,0.0,0.0,0.0,0.0,0.0,0.0,0.0,0,0,0,-0.0,97.129,0.001,-1.562629408974599e+26,59995794178048.0,-0.0,-0.0,-2124611712.0,6.0974599119689424e+29,-5.200300798544453e+30,-5800.77,1.8615919416705024e+16,0.0,0.0,0.0,-0.0,0,1.3516416376850534e+27,229,0.0,458,-621855232.0,-2.2165387396652623e+20,2114,52429,17109,0,17112,52429,17095,0,0,0,101,100,100,0.0,65.5,0.0,66.3,-0.0,65.5,1,49,50,180,52429,52429,0,0,0.0,0.0,0.0,60.0,0.0,71.0,0.0,0.0,0.0,1068,0,1069,0,0,0,1070,0,1079,0,999,0,658,0,660,0,656,0,677,0.032,1.4609821306377965e+22,2.004,2.73023467606737e+23,43408,16813,0.0,-0.0,-8.71610740397604e+21,601448630976512.0,0.0,0.0,50.0,60.0,35,0.0,0.0,10.0,2.0,0.0,0.0,0.0,0.0,0.0,0.0,0.0,0.0,0.0,0.0,0.0,0.0,58.8,22,39,6,27,65476,542,65476,1,0,4,20529,65476,0,0,30147,60.0,0.0,10.0,10.0,2.0,0.0
2026-02-16T12:39:07,ERR,ERR,ERR,ERR,ERR,ERR,ERR,ERR,ERR,ERR,ERR,ERR,ERR,ERR,ERR,ERR,ERR,ERR,ERR,ERR,ERR,ERR,ERR,ERR,ERR,ERR,ERR,ERR,ERR,ERR,ERR,ERR,ERR,ERR,ERR,ERR,ERR,ERR,ERR,ERR,ERR,ERR,ERR,ERR,ERR,ERR,ERR,ERR,ERR,ERR,ERR,ERR,ERR,ERR,ERR,ERR,ERR,ERR,ERR,ERR,ERR,ERR,ERR,ERR,ERR,ERR,ERR,ERR,ERR,ERR,ERR,ERR,ERR,ERR,ERR,ERR,ERR,ERR,ERR,ERR,ERR,ERR,ERR,ERR,ERR,ERR,ERR,ERR,ERR,ERR,ERR,ERR,ERR,ERR,ERR,ERR,ERR,ERR,ERR,ERR,ERR,ERR,ERR,ERR,ERR,ERR,ERR,ERR,ERR,ERR,ERR,ERR,ERR,ERR,ERR,ERR,ERR,ERR,ERR,ERR,ERR,ERR,ERR,ERR,ERR,0.0,-107616352.0,0.0,0.0,142144341803008.0,7.803909491901633e+23,0.105,1.4099115817999686e+26,4300,0,8,17170,4300,0.0,41,0.0,0.0,0.0,0.0,0.0,0,0,0,0,0.0,0,0,0,0,0,0,0,0,0,0,0,0,0,0,0,0,0,0,0,0,0,0,0,0,0,0,0,0,0,0,0,0,0,9,37,36,45,65476,374,65476,1,0,4,21553,0.0,0.0,0.0,0.0,0.0,0.0,0.0,0.0,0.0,0.0,0.0,0.0,0.0,0.0,0.0,0.0,0.0,0.0,0.0,0.0,0.0,2.004,2.004,0.0,0.0,0.0,0.0,0.0,0.0,0.0,6472.0,-0.0,0.0,0.0,-107616352.0,0.0,-0.0,-0.0,0.0,2.004,2.004,229,89220.57,-0.0,0.0,0.0,0.0,0.0,0.0,0.0,0.0,0,0,0,-0.0,97.129,0.001,-1.562629408974599e+26,59995794178048.0,-0.0,-0.0,-2124611712.0,6.0974599119689424e+29,-5.200300798544453e+30,-5800.77,1.8615919416705024e+16,0.0,0.0,0.0,-0.0,0,1.3516416376850534e+27,229,0.0,458,-621855232.0,-2.2165387396652623e+20,2114,52429,17109,0,17112,52429,17095,0,0,0,101,100,100,0.0,65.5,0.0,66.3,-0.0,65.5,1,49,50,180,52429,52429,0,0,0.0,0.0,0.0,60.0,0.0,71.0,0.0,-41223524.0,0.0,1068,0,1069,0,0,0,1069,0,1079,0,999,0,658,0,660,0,656,0,677,0.032,1.4536034330083127e+22,2.004,2.73023467606737e+23,43152,16813,0.0,-41223524.0,-5.978537296360806e+24,7809914368.0,0.0,0.0,50.0,60.0,35,0.0,0.0,10.0,2.0,0.0,0.0,0.0,0.0,0.0,0.0,0.0,0.0,0.0,0.0,0.0,0.0,58.8,22,39,6,27,65476,542,65476,1,0,4,20529,65476,0,0,30147,60.0,0.0,10.0,10.0,2.0,0.0
2026-02-16T12:39:08,ERR,ERR,ERR,ERR,ERR,ERR,ERR,ERR,ERR,ERR,ERR,ERR,ERR,ERR,ERR,ERR,ERR,ERR,ERR,ERR,ERR,ERR,ERR,ERR,ERR,ERR,ERR,ERR,ERR,ERR,ERR,ERR,ERR,ERR,ERR,ERR,ERR,ERR,ERR,ERR,ERR,ERR,ERR,ERR,ERR,ERR,ERR,ERR,ERR,ERR,ERR,ERR,ERR,ERR,ERR,ERR,ERR,ERR,ERR,ERR,ERR,ERR,ERR,ERR,ERR,ERR,ERR,ERR,ERR,ERR,ERR,ERR,ERR,ERR,ERR,ERR,ERR,ERR,ERR,ERR,ERR,ERR,ERR,ERR,ERR,ERR,ERR,ERR,ERR,ERR,ERR,ERR,ERR,ERR,ERR,ERR,ERR,ERR,ERR,ERR,ERR,ERR,ERR,ERR,ERR,ERR,ERR,ERR,ERR,ERR,ERR,ERR,ERR,ERR,ERR,ERR,ERR,ERR,ERR,ERR,ERR,ERR,ERR,ERR,ERR,0.0,-107616352.0,0.0,0.0,142144341803008.0,1.0316294978640282e+17,0.0,1.0965193166224675e+33,4300,0,8,17170,4300,0.0,41,0.0,0.0,0.0,0.0,0.0,0,0,0,0,0.0,0,0,0,0,0,0,0,0,0,0,0,0,0,0,0,0,0,0,0,0,0,0,0,0,0,0,0,0,0,0,0,0,0,8,37,36,45,65476,373,65476,1,0,4,21553,0.0,-107610720.0,0.0,0.0,0.0,0.0,0.0,0.0,0.0,0.0,0.0,0.0,0.0,0.0,0.0,0.0,0.0,0.0,0.0,0.0,0.0,2.004,2.004,0.0,0.0,0.0,0.0,0.0,0.0,0.0,6467.0,8608229376.0,0.0,0.0,-107616352.0,0.0,-0.0,0.0,0.0,2.004,2.004,229,0.0,4.950423568755355e+32,0.0,0.0,0.0,0.0,0.0,0.0,0.0,0,0,0,-85.132,-0.0,2158336409600.0,0.0,6.196222351223722e+29,7816.243,-0.0,-4.367208752770928e+36,8.570309647514298e+33,-5.715283854887172e+30,-6184.77,2.044550676532429e+16,0.0,0.0,0.0,-0.0,0,1.3516416376850534e+27,229,0.0,458,-621855232.0,-2.2165387396652623e+20,2114,52429,17109,0,17112,52429,17095,0,0,0,101,100,100,0.0,65.5,0.0,66.3,-0.0,65.5,1,49,50,180,52429,52429,0,0,0.0,0.0,0.0,60.0,0.0,71.0,0.0,-41223524.0,0.0,1068,0,1069,0,0,0,1069,0,1079,0,999,0,658,0,660,0,656,0,677,0.032,1.4536034330083127e+22,2.004,2.73023467606737e+23,43152,16813,0.0,-41223524.0,-5.978537296360806e+24,7809914368.0,0.0,0.0,50.0,60.0,35,0.0,0.0,10.0,2.0,0.0,0.0,0.0,0.0,0.0,0.0,0.0,0.0,0.0,0.0,0.0,0.0,58.8,22,38,6,27,65476,542,65476,1,0,4,20529,65476,0,0,30147,60.0,0.0,10.0,10.0,2.0,0.0
2026-02-16T12:39:09,ERR,ERR,ERR,ERR,ERR,ERR,ERR,ERR,ERR,ERR,ERR,ERR,ERR,ERR,ERR,ERR,ERR,ERR,ERR,ERR,ERR,ERR,ERR,ERR,ERR,ERR,ERR,ERR,ERR,ERR,ERR,ERR,ERR,ERR,ERR,ERR,ERR,ERR,ERR,ERR,ERR,ERR,ERR,ERR,ERR,ERR,ERR,ERR,ERR,ERR,ERR,ERR,ERR,ERR,ERR,ERR,ERR,ERR,ERR,ERR,ERR,ERR,ERR,ERR,ERR,ERR,ERR,ERR,ERR,ERR,ERR,ERR,ERR,ERR,ERR,ERR,ERR,ERR,ERR,ERR,ERR,ERR,ERR,ERR,ERR,ERR,ERR,ERR,ERR,ERR,ERR,ERR,ERR,ERR,ERR,ERR,ERR,ERR,ERR,ERR,ERR,ERR,ERR,ERR,ERR,ERR,ERR,ERR,ERR,ERR,ERR,ERR,ERR,ERR,ERR,ERR,ERR,ERR,ERR,ERR,ERR,ERR,ERR,ERR,ERR,0.0,-107616352.0,0.0,0.0,142144341803008.0,1.0316294978640282e+17,0.0,1.0965193166224675e+33,4300,0,8,17170,4300,0.0,41,0.0,0.0,0.0,0.0,0.0,0,0,0,0,0.0,0,0,0,0,0,0,0,0,0,0,0,0,0,0,0,0,0,0,0,0,0,0,0,0,0,0,0,0,0,0,0,0,0,8,37,36,45,65476,373,65476,1,0,4,21553,0.0,-107610720.0,0.0,0.0,0.0,0.0,0.0,0.0,0.0,0.0,0.0,0.0,0.0,0.0,0.0,0.0,0.0,0.0,0.0,0.0,0.0,2.004,2.004,0.0,0.0,0.0,0.0,0.0,0.0,0.0,6467.0,8608229376.0,0.0,0.0,-107616352.0,0.0,-0.0,0.0,0.0,2.004,2.004,229,0.0,4.950423568755355e+32,0.0,0.0,0.0,0.0,0.0,0.0,0.0,0,0,0,-85.132,-0.0,2158336409600.0,0.0,6.196222351223722e+29,7816.243,-0.0,-4.367208752770928e+36,8.570309647514298e+33,-5.715283854887172e+30,-6184.77,2.044550676532429e+16,0.0,0.0,0.0,-0.0,0,1.3516416376850534e+27,229,0.0,458,-621855232.0,-2.2165387396652623e+20,2114,52429,17109,0,17112,52429,17095,0,0,0,101,100,100,0.0,65.5,0.0,66.3,-0.0,65.5,1,49,50,180,52429,52429,0,0,0.0,0.0,0.0,60.0,0.0,71.0,0.0,-41223524.0,0.0,1068,0,1069,0,0,0,1069,0,1079,0,999,0,658,0,660,0,656,0,677,0.032,1.4536034330083127e+22,2.004,2.73023467606737e+23,43152,16813,0.0,-41223524.0,-5.978537296360806e+24,7809914368.0,0.0,0.0,50.0,60.0,35,0.0,0.0,10.0,2.0,0.0,0.0,0.0,0.0,0.0,0.0,0.0,0.0,0.0,0.0,0.0,0.0,59.2,22,38,5,27,65476,551,65476,1,0,4,20529,65476,0,0,30147,60.0,0.0,10.0,10.0,2.0,0.0
2026-02-16T12:39:10,ERR,ERR,ERR,ERR,ERR,ERR,ERR,ERR,ERR,ERR,ERR,ERR,ERR,ERR,ERR,ERR,ERR,ERR,ERR,ERR,ERR,ERR,ERR,ERR,ERR,ERR,ERR,ERR,ERR,ERR,ERR,ERR,ERR,ERR,ERR,ERR,ERR,ERR,ERR,ERR,ERR,ERR,ERR,ERR,ERR,ERR,ERR,ERR,ERR,ERR,ERR,ERR,ERR,ERR,ERR,ERR,ERR,ERR,ERR,ERR,ERR,ERR,ERR,ERR,ERR,ERR,ERR,ERR,ERR,ERR,ERR,ERR,ERR,ERR,ERR,ERR,ERR,ERR,ERR,ERR,ERR,ERR,ERR,ERR,ERR,ERR,ERR,ERR,ERR,ERR,ERR,ERR,ERR,ERR,ERR,ERR,ERR,ERR,ERR,ERR,ERR,ERR,ERR,ERR,ERR,ERR,ERR,ERR,ERR,ERR,ERR,ERR,ERR,ERR,ERR,ERR,ERR,ERR,ERR,ERR,ERR,ERR,ERR,ERR,ERR,0.0,-107616352.0,0.0,0.0,142144341803008.0,1.0316294978640282e+17,0.0,1.0965193166224675e+33,4300,0,8,17170,4300,0.0,41,0.0,0.0,0.0,0.0,0.0,0,0,0,0,0.0,0,0,0,0,0,0,0,0,0,0,0,0,0,0,0,0,0,0,0,0,0,0,0,0,0,0,0,0,0,0,0,0,0,8,37,36,45,65476,373,65476,1,0,4,21553,0.0,-107610720.0,0.0,0.0,0.0,0.0,0.0,0.0,0.0,0.0,0.0,0.0,0.0,0.0,0.0,0.0,0.0,0.0,0.0,0.0,0.0,2.004,2.004,0.0,0.0,0.0,0.0,0.0,0.0,0.0,6467.0,8608229376.0,0.0,0.0,-107616352.0,0.0,-0.0,0.0,0.0,2.004,2.004,229,0.0,4.950423568755355e+32,0.0,0.0,0.0,0.0,0.0,0.0,0.0,0,0,0,-85.132,-0.0,2158336409600.0,0.0,6.196222351223722e+29,7816.243,-0.0,-4.367208752770928e+36,8.570309647514298e+33,-5.715283854887172e+30,-6184.77,2.044550676532429e+16,0.0,0.0,0.0,-0.0,0,1.3516416376850534e+27,229,0.0,458,-621855232.0,-2.2165387396652623e+20,2114,52429,17109,0,17112,52429,17095,0,0,0,101,100,100,0.0,65.5,0.0,66.3,-0.0,65.5,1,49,50,180,52429,52429,0,0,0.0,0.0,0.0,60.0,0.0,71.0,0.0,-41223524.0,0.0,1068,0,1069,0,0,0,1069,0,1079,0,999,0,658,0,660,0,656,0,677,0.032,1.4536034330083127e+22,2.004,2.73023467606737e+23,43152,16813,0.0,-41223524.0,-5.978537296360806e+24,7809914368.0,0.0,0.0,50.0,60.0,35,0.0,0.0,10.0,2.0,0.0,0.0,0.0,0.0,0.0,0.0,0.0,0.0,0.0,0.0,0.0,0.0,59.2,22,38,5,27,65476,551,65476,1,0,4,20529,65476,0,0,30147,60.0,0.0,10.0,10.0,2.0,0.0
2026-02-16T12:39:11,ERR,ERR,ERR,ERR,ERR,ERR,ERR,ERR,ERR,ERR,ERR,ERR,ERR,ERR,ERR,ERR,ERR,ERR,ERR,ERR,ERR,ERR,ERR,ERR,ERR,ERR,ERR,ERR,ERR,ERR,ERR,ERR,ERR,ERR,ERR,ERR,ERR,ERR,ERR,ERR,ERR,ERR,ERR,ERR,ERR,ERR,ERR,ERR,ERR,ERR,ERR,ERR,ERR,ERR,ERR,ERR,ERR,ERR,ERR,ERR,ERR,ERR,ERR,ERR,ERR,ERR,ERR,ERR,ERR,ERR,ERR,ERR,ERR,ERR,ERR,ERR,ERR,ERR,ERR,ERR,ERR,ERR,ERR,ERR,ERR,ERR,ERR,ERR,ERR,ERR,ERR,ERR,ERR,ERR,ERR,ERR,ERR,ERR,ERR,ERR,ERR,ERR,ERR,ERR,ERR,ERR,ERR,ERR,ERR,ERR,ERR,ERR,ERR,ERR,ERR,ERR,ERR,ERR,ERR,ERR,ERR,ERR,ERR,ERR,ERR,0.0,-107616352.0,0.0,0.0,142144341803008.0,1.0316294978640282e+17,0.0,1.0965193166224675e+33,4300,0,8,17170,4300,0.0,41,0.0,0.0,0.0,0.0,0.0,0,0,0,0,0.0,0,0,0,0,0,0,0,0,0,0,0,0,0,0,0,0,0,0,0,0,0,0,0,0,0,0,0,0,0,0,0,0,0,8,37,36,45,65476,373,65476,1,0,4,21553,0.0,-107610720.0,0.0,0.0,0.0,0.0,0.0,0.0,0.0,0.0,0.0,0.0,0.0,0.0,0.0,0.0,0.0,0.0,0.0,0.0,0.0,2.004,2.004,0.0,0.0,0.0,0.0,0.0,0.0,0.0,6467.0,8608229376.0,0.0,0.0,-107616352.0,0.0,-0.0,0.0,0.0,2.004,2.004,229,0.0,4.950423568755355e+32,0.0,0.0,0.0,0.0,0.0,0.0,0.0,0,0,0,-85.132,-0.0,2158336409600.0,0.0,6.196222351223722e+29,7816.243,-0.0,-4.367208752770928e+36,8.570309647514298e+33,-5.715283854887172e+30,-6184.77,2.044550676532429e+16,0.0,0.0,0.0,-0.0,0,1.3516416376850534e+27,229,0.0,458,-621855232.0,-2.2165387396652623e+20,2114,52429,17109,0,17112,52429,17095,0,0,0,101,100,100,0.0,65.5,0.0,66.3,-0.0,65.5,1,49,50,180,52429,52429,0,0,0.0,0.0,0.0,60.0,0.0,71.0,0.0,-0.0,0.0,1069,0,1069,0,0,0,1069,0,1080,0,999,0,658,0,660,0,656,0,677,0.032,1.4609821306377965e+22,2.004,2.73023467606737e+23,42512,16813,0.0,-0.0,-63015915356160.0,2.022436863635697e+36,0.0,0.0,50.0,60.0,35,0.0,0.0,10.0,2.0,0.0,0.0,0.0,0.0,0.0,0.0,0.0,0.0,0.0,0.0,0.0,0.0,58.8,23,38,5,27,65476,551,65476,1,0,4,20529,65476,0,0,30147,60.0,0.0,10.0,10.0,2.0,0.0
2026-02-16T12:39:12,ERR,ERR,ERR,ERR,ERR,ERR,ERR,ERR,ERR,ERR,ERR,ERR,ERR,ERR,ERR,ERR,ERR,ERR,ERR,ERR,ERR,ERR,ERR,ERR,ERR,ERR,ERR,ERR,ERR,ERR,ERR,ERR,ERR,ERR,ERR,ERR,ERR,ERR,ERR,ERR,ERR,ERR,ERR,ERR,ERR,ERR,ERR,ERR,ERR,ERR,ERR,ERR,ERR,ERR,ERR,ERR,ERR,ERR,ERR,ERR,ERR,ERR,ERR,ERR,ERR,ERR,ERR,ERR,ERR,ERR,ERR,ERR,ERR,ERR,ERR,ERR,ERR,ERR,ERR,ERR,ERR,ERR,ERR,ERR,ERR,ERR,ERR,ERR,ERR,ERR,ERR,ERR,ERR,ERR,ERR,ERR,ERR,ERR,ERR,ERR,ERR,ERR,ERR,ERR,ERR,ERR,ERR,ERR,ERR,ERR,ERR,ERR,ERR,ERR,ERR,ERR,ERR,ERR,ERR,ERR,ERR,ERR,ERR,ERR,ERR,0.0,-107616352.0,0.0,0.0,142144341803008.0,1.0316294978640282e+17,0.0,1.0965193166224675e+33,4300,0,8,17170,4300,0.0,41,0.0,0.0,0.0,0.0,0.0,0,0,0,0,0.0,0,0,0,0,0,0,0,0,0,0,0,0,0,0,0,0,0,0,0,0,0,0,0,0,0,0,0,0,0,0,0,0,0,8,37,36,45,65476,373,65476,1,0,4,21553,0.0,-107610720.0,0.0,0.0,0.0,0.0,0.0,0.0,0.0,0.0,0.0,0.0,0.0,0.0,0.0,0.0,0.0,0.0,0.0,0.0,0.0,2.004,2.004,0.0,0.0,0.0,0.0,0.0,0.0,0.0,6467.0,8608229376.0,0.0,0.0,-107616352.0,0.0,-0.0,0.0,0.0,2.004,2.004,229,0.0,4.950423568755355e+32,0.0,0.0,0.0,0.0,0.0,0.0,0.0,0,0,0,-85.132,-0.0,2158336409600.0,0.0,6.196222351223722e+29,7816.243,-0.0,-4.367208752770928e+36,8.570309647514298e+33,-5.715283854887172e+30,-6184.77,2.044550676532429e+16,0.0,0.0,0.0,-0.0,0,1.3516416376850534e+27,229,0.0,458,-621855232.0,-2.2165387396652623e+20,2114,52429,17109,0,17112,52429,17095,0,0,0,101,100,100,0.0,65.5,0.0,66.3,-0.0,65.5,1,49,50,180,52429,52429,0,0,0.0,0.0,0.0,60.0,0.0,71.0,0.0,-0.0,0.0,1069,0,1069,0,0,0,1069,0,1080,0,999,0,658,0,660,0,656,0,677,0.032,1.4609821306377965e+22,2.004,2.73023467606737e+23,42512,16813,0.0,-0.0,-63015915356160.0,2.022436863635697e+36,0.0,0.0,50.0,60.0,35,0.0,0.0,10.0,2.0,0.0,0.0,0.0,0.0,0.0,0.0,0.0,0.0,0.0,0.0,0.0,0.0,59.2,23,37,4,27,65476,573,65476,1,0,4,20529,65476,0,0,30147,60.0,0.0,10.0,10.0,2.0,0.0
2026-02-16T12:39:13,ERR,ERR,ERR,ERR,ERR,ERR,ERR,ERR,ERR,ERR,ERR,ERR,ERR,ERR,ERR,ERR,ERR,ERR,ERR,ERR,ERR,ERR,ERR,ERR,ERR,ERR,ERR,ERR,ERR,ERR,ERR,ERR,ERR,ERR,ERR,ERR,ERR,ERR,ERR,ERR,ERR,ERR,ERR,ERR,ERR,ERR,ERR,ERR,ERR,ERR,ERR,ERR,ERR,ERR,ERR,ERR,ERR,ERR,ERR,ERR,ERR,ERR,ERR,ERR,ERR,ERR,ERR,ERR,ERR,ERR,ERR,ERR,ERR,ERR,ERR,ERR,ERR,ERR,ERR,ERR,ERR,ERR,ERR,ERR,ERR,ERR,ERR,ERR,ERR,ERR,ERR,ERR,ERR,ERR,ERR,ERR,ERR,ERR,ERR,ERR,ERR,ERR,ERR,ERR,ERR,ERR,ERR,ERR,ERR,ERR,ERR,ERR,ERR,ERR,ERR,ERR,ERR,ERR,ERR,ERR,ERR,ERR,ERR,ERR,ERR,0.0,-107616352.0,0.0,0.0,142144341803008.0,-5.3495982088871395e+26,3.0240051562374403e+29,-3.665744188086966e+23,4300,0,8,17170,4300,0.0,41,0.0,0.0,0.0,0.0,2.7184166902131945e+23,0,0,0,0,0.0,0,0,0,0,0,0,0,0,0,0,0,0,0,0,0,0,0,0,0,0,0,0,0,0,0,0,0,0,0,0,0,0,0,8,37,36,45,65476,372,65476,1,0,4,21553,0.0,-107610720.0,0.0,0.0,0.0,0.0,0.0,0.0,0.0,0.0,0.0,0.0,0.0,0.0,0.0,0.0,0.0,0.0,0.0,0.0,0.0,2.004,2.004,0.0,-3.697074863047967e+19,0.0,0.0,0.0,0.0,0.0,6434.0,-564148853276672.0,0.0,0.0,-107616352.0,-107616248.0,-0.0,0.0,0.0,2.004,2.004,228,0.0,0.0,0.0,0.0,0.0,0.0,0.0,0.0,0.0,0,0,0,-0.0,0.0,2884.215,-0.0,6037944.0,-1.2271470590528707e+34,13968861036544.0,0.0,306759744.0,-6.190652829972758e+30,-6568.77,2.2134356625588224e+16,0.0,0.0,0.0,2048892672.0,0,1.3516416376850534e+27,228,0.0,456,-621855232.0,5.6142779363101766e+35,2114,52429,17109,0,17112,52429,17095,0,0,0,101,100,100,0.0,65.5,0.0,66.3,-0.0,65.5,1,49,50,180,52429,52429,0,0,0.0,0.0,0.0,60.0,0.0,71.0,0.0,-0.0,0.0,1069,0,1069,0,0,0,1069,0,1080,0,999,0,658,0,660,0,656,0,677,0.032,1.4609821306377965e+22,2.004,2.73023467606737e+23,42512,16813,0.0,-0.0,-63015915356160.0,2.022436863635697e+36,0.0,0.0,50.0,60.0,35,0.0,0.0,10.0,2.0,0.0,0.0,0.0,0.0,0.0,0.0,0.0,0.0,0.0,0.0,0.0,0.0,59.2,23,37,4,27,65476,573,65476,1,0,4,20529,65476,0,0,30147,60.0,0.0,10.0,10.0,2.0,0.0
2026-02-16T12:39:14,ERR,ERR,ERR,ERR,ERR,ERR,ERR,ERR,ERR,ERR,ERR,ERR,ERR,ERR,ERR,ERR,ERR,ERR,ERR,ERR,ERR,ERR,ERR,ERR,ERR,ERR,ERR,ERR,ERR,ERR,ERR,ERR,ERR,ERR,ERR,ERR,ERR,ERR,ERR,ERR,ERR,ERR,ERR,ERR,ERR,ERR,ERR,ERR,ERR,ERR,ERR,ERR,ERR,ERR,ERR,ERR,ERR,ERR,ERR,ERR,ERR,ERR,ERR,ERR,ERR,ERR,ERR,ERR,ERR,ERR,ERR,ERR,ERR,ERR,ERR,ERR,ERR,ERR,ERR,ERR,ERR,ERR,ERR,ERR,ERR,ERR,ERR,ERR,ERR,ERR,ERR,ERR,ERR,ERR,ERR,ERR,ERR,ERR,ERR,ERR,ERR,ERR,ERR,ERR,ERR,ERR,ERR,ERR,ERR,ERR,ERR,ERR,ERR,ERR,ERR,ERR,ERR,ERR,ERR,ERR,ERR,ERR,ERR,ERR,ERR,0.0,-107616352.0,0.0,0.0,142144341803008.0,-5.3495982088871395e+26,3.0240051562374403e+29,-3.665744188086966e+23,4300,0,8,17170,4300,0.0,41,0.0,0.0,0.0,0.0,2.7184166902131945e+23,0,0,0,0,0.0,0,0,0,0,0,0,0,0,0,0,0,0,0,0,0,0,0,0,0,0,0,0,0,0,0,0,0,0,0,0,0,0,0,8,37,36,45,65476,372,65476,1,0,4,21553,0.0,-107610720.0,0.0,0.0,0.0,0.0,0.0,0.0,0.0,0.0,0.0,0.0,0.0,0.0,0.0,0.0,0.0,0.0,0.0,0.0,0.0,2.004,2.004,0.0,-3.697074863047967e+19,0.0,0.0,0.0,0.0,0.0,6434.0,-564148853276672.0,0.0,0.0,-107616352.0,-107616248.0,-0.0,0.0,0.0,2.004,2.004,228,0.0,0.0,0.0,0.0,0.0,0.0,0.0,0.0,0.0,0,0,0,-0.0,0.0,2884.215,-0.0,6037944.0,-1.2271470590528707e+34,13968861036544.0,0.0,306759744.0,-6.190652829972758e+30,-6568.77,2.2134356625588224e+16,0.0,0.0,0.0,2048892672.0,0,1.3516416376850534e+27,228,0.0,456,-621855232.0,5.6142779363101766e+35,2114,52429,17109,52429,17111,52429,17095,0,0,0,101,100,100,0.0,65.5,0.0,66.3,-0.0,65.5,1,49,50,180,52429,52429,0,0,0.0,0.0,0.0,60.0,0.0,71.0,0.0,5.9777684269685574e+35,0.0,1068,0,1069,0,0,0,1069,0,1079,0,999,0,658,0,660,0,656,0,677,0.032,1.4536034330083127e+22,2.004,2.73023467606737e+23,58768,16813,0.0,1.6138095975783323e+37,-140544.578,-0.0,-5.525128922321079e+34,-3.2743941871175885e+35,50.0,60.0,35,0.0,0.0,10.0,2.0,0.0,0.0,0.0,0.0,0.0,0.0,0.0,0.0,0.0,0.0,0.0,0.0,58.8,24,36,3,27,65476,573,65476,1,0,4,20529,65476,0,0,30147,60.0,0.0,10.0,10.0,2.0,0.0
2026-02-16T12:39:15,ERR,ERR,ERR,ERR,ERR,ERR,ERR,ERR,ERR,ERR,ERR,ERR,ERR,ERR,ERR,ERR,ERR,ERR,ERR,ERR,ERR,ERR,ERR,ERR,ERR,ERR,ERR,ERR,ERR,ERR,ERR,ERR,ERR,ERR,ERR,ERR,ERR,ERR,ERR,ERR,ERR,ERR,ERR,ERR,ERR,ERR,ERR,ERR,ERR,ERR,ERR,ERR,ERR,ERR,ERR,ERR,ERR,ERR,ERR,ERR,ERR,ERR,ERR,ERR,ERR,ERR,ERR,ERR,ERR,ERR,ERR,ERR,ERR,ERR,ERR,ERR,ERR,ERR,ERR,ERR,ERR,ERR,ERR,ERR,ERR,ERR,ERR,ERR,ERR,ERR,ERR,ERR,ERR,ERR,ERR,ERR,ERR,ERR,ERR,ERR,ERR,ERR,ERR,ERR,ERR,ERR,ERR,ERR,ERR,ERR,ERR,ERR,ERR,ERR,ERR,ERR,ERR,ERR,ERR,ERR,ERR,ERR,ERR,ERR,ERR,0.0,-107616352.0,0.0,0.0,142144341803008.0,-5.3495982088871395e+26,3.0240051562374403e+29,-3.665744188086966e+23,4300,0,8,17170,4300,0.0,41,0.0,0.0,0.0,0.0,2.7184166902131945e+23,0,0,0,0,0.0,0,0,0,0,0,0,0,0,0,0,0,0,0,0,0,0,0,0,0,0,0,0,0,0,0,0,0,0,0,0,0,0,0,8,37,36,45,65476,372,65476,1,0,4,21553,0.0,-107610720.0,0.0,0.0,0.0,0.0,0.0,0.0,0.0,0.0,0.0,0.0,0.0,0.0,0.0,0.0,0.0,0.0,0.0,0.0,0.0,2.004,2.004,0.0,-3.697074863047967e+19,0.0,0.0,0.0,0.0,0.0,6434.0,-564148853276672.0,0.0,0.0,-107616352.0,-107616248.0,-0.0,0.0,0.0,2.004,2.004,228,0.0,0.0,0.0,0.0,0.0,0.0,0.0,0.0,0.0,0,0,0,-0.0,0.0,2884.215,-0.0,6037944.0,-1.2271470590528707e+34,13968861036544.0,0.0,306759744.0,-6.190652829972758e+30,-6568.77,2.2134356625588224e+16,0.0,0.0,0.0,2048892672.0,0,1.3516416376850534e+27,228,0.0,456,-621855232.0,5.6142779363101766e+35,2114,52429,17109,52429,17111,52429,17095,0,0,0,101,100,100,0.0,65.5,0.0,66.3,-0.0,65.5,1,49,50,180,52429,52429,0,0,0.0,0.0,0.0,60.0,0.0,71.0,0.0,5.9777684269685574e+35,0.0,1068,0,1069,0,0,0,1069,0,1079,0,999,0,658,0,660,0,656,0,677,0.032,1.4536034330083127e+22,2.004,2.73023467606737e+23,58768,16813,0.0,1.6138095975783323e+37,-140544.578,-0.0,-5.525128922321079e+34,-3.2743941871175885e+35,50.0,60.0,35,0.0,0.0,10.0,2.0,0.0,0.0,0.0,0.0,0.0,0.0,0.0,0.0,0.0,0.0,0.0,0.0,58.8,24,36,3,27,65476,573,65476,1,0,4,20529,65476,0,0,30147,60.0,0.0,10.0,10.0,2.0,0.0
2026-02-16T12:39:16,ERR,ERR,ERR,ERR,ERR,ERR,ERR,ERR,ERR,ERR,ERR,ERR,ERR,ERR,ERR,ERR,ERR,ERR,ERR,ERR,ERR,ERR,ERR,ERR,ERR,ERR,ERR,ERR,ERR,ERR,ERR,ERR,ERR,ERR,ERR,ERR,ERR,ERR,ERR,ERR,ERR,ERR,ERR,ERR,ERR,ERR,ERR,ERR,ERR,ERR,ERR,ERR,ERR,ERR,ERR,ERR,ERR,ERR,ERR,ERR,ERR,ERR,ERR,ERR,ERR,ERR,ERR,ERR,ERR,ERR,ERR,ERR,ERR,ERR,ERR,ERR,ERR,ERR,ERR,ERR,ERR,ERR,ERR,ERR,ERR,ERR,ERR,ERR,ERR,ERR,ERR,ERR,ERR,ERR,ERR,ERR,ERR,ERR,ERR,ERR,ERR,ERR,ERR,ERR,ERR,ERR,ERR,ERR,ERR,ERR,ERR,ERR,ERR,ERR,ERR,ERR,ERR,ERR,ERR,ERR,ERR,ERR,ERR,ERR,ERR,0.0,-107616352.0,0.0,0.0,142144341803008.0,-5.3495982088871395e+26,3.0240051562374403e+29,-3.665744188086966e+23,4300,0,8,17170,4300,0.0,41,0.0,0.0,0.0,0.0,2.7184166902131945e+23,0,0,0,0,0.0,0,0,0,0,0,0,0,0,0,0,0,0,0,0,0,0,0,0,0,0,0,0,0,0,0,0,0,0,0,0,0,0,0,8,37,36,45,65476,372,65476,1,0,4,21553,0.0,-107610720.0,0.0,0.0,0.0,0.0,0.0,0.0,0.0,0.0,0.0,0.0,0.0,0.0,0.0,0.0,0.0,0.0,0.0,0.0,0.0,2.004,2.004,0.0,-3.697074863047967e+19,0.0,0.0,0.0,0.0,0.0,6434.0,-564148853276672.0,0.0,0.0,-107616352.0,-107616248.0,-0.0,0.0,0.0,2.004,2.004,228,0.0,0.0,0.0,0.0,0.0,0.0,0.0,0.0,0.0,0,0,0,-0.0,0.0,2884.215,-0.0,6037944.0,-1.2271470590528707e+34,13968861036544.0,0.0,306759744.0,-6.190652829972758e+30,-6568.77,2.2134356625588224e+16,0.0,0.0,0.0,2048892672.0,0,1.3516416376850534e+27,228,0.0,456,-621855232.0,5.6142779363101766e+35,2114,52429,17109,52429,17111,52429,17095,0,0,0,101,100,100,0.0,65.5,0.0,66.3,-0.0,65.5,1,49,50,180,52429,52429,0,0,0.0,0.0,0.0,60.0,0.0,71.0,0.0,5.9777684269685574e+35,0.0,1068,0,1069,0,0,0,1069,0,1079,0,999,0,658,0,660,0,656,0,677,0.032,1.4536034330083127e+22,2.004,2.73023467606737e+23,58768,16813,0.0,1.6138095975783323e+37,-140544.578,-0.0,-5.525128922321079e+34,-3.2743941871175885e+35,50.0,60.0,35,0.0,0.0,10.0,2.0,0.0,0.0,0.0,0.0,0.0,0.0,0.0,0.0,0.0,0.0,0.0,0.0,59.2,25,35,3,27,65476,614,65476,1,0,4,20529,65476,0,0,30147,60.0,0.0,10.0,10.0,2.0,0.0
2026-02-16T12:39:17,ERR,ERR,ERR,ERR,ERR,ERR,ERR,ERR,ERR,ERR,ERR,ERR,ERR,ERR,ERR,ERR,ERR,ERR,ERR,ERR,ERR,ERR,ERR,ERR,ERR,ERR,ERR,ERR,ERR,ERR,ERR,ERR,ERR,ERR,ERR,ERR,ERR,ERR,ERR,ERR,ERR,ERR,ERR,ERR,ERR,ERR,ERR,ERR,ERR,ERR,ERR,ERR,ERR,ERR,ERR,ERR,ERR,ERR,ERR,ERR,ERR,ERR,ERR,ERR,ERR,ERR,ERR,ERR,ERR,ERR,ERR,ERR,ERR,ERR,ERR,ERR,ERR,ERR,ERR,ERR,ERR,ERR,ERR,ERR,ERR,ERR,ERR,ERR,ERR,ERR,ERR,ERR,ERR,ERR,ERR,ERR,ERR,ERR,ERR,ERR,ERR,ERR,ERR,ERR,ERR,ERR,ERR,ERR,ERR,ERR,ERR,ERR,ERR,ERR,ERR,ERR,ERR,ERR,ERR,ERR,ERR,ERR,ERR,ERR,ERR,0.0,-107616352.0,0.0,0.0,142144341803008.0,-5.3495982088871395e+26,3.0240051562374403e+29,-3.665744188086966e+23,4300,0,8,17170,4300,0.0,41,0.0,0.0,0.0,0.0,2.7184166902131945e+23,0,0,0,0,0.0,0,0,0,0,0,0,0,0,0,0,0,0,0,0,0,0,0,0,0,0,0,0,0,0,0,0,0,0,0,0,0,0,0,8,37,36,45,65476,372,65476,1,0,4,21553,0.0,-107610720.0,0.0,0.0,0.0,0.0,0.0,0.0,0.0,0.0,0.0,0.0,0.0,0.0,0.0,0.0,0.0,0.0,0.0,0.0,0.0,2.004,2.004,0.0,-3.697074863047967e+19,0.0,0.0,0.0,0.0,0.0,6434.0,-564148853276672.0,0.0,0.0,-107616352.0,-107616248.0,-0.0,0.0,0.0,2.004,2.004,228,0.0,0.0,0.0,0.0,0.0,0.0,0.0,0.0,0.0,0,0,0,-0.0,0.0,2884.215,-0.0,6037944.0,-1.2271470590528707e+34,13968861036544.0,0.0,306759744.0,-6.190652829972758e+30,-6568.77,2.2134356625588224e+16,0.0,0.0,0.0,2048892672.0,0,1.3516416376850534e+27,228,0.0,456,-621855232.0,5.6142779363101766e+35,2114,52429,17109,52429,17111,52429,17095,0,0,0,101,100,100,0.0,65.5,0.0,66.3,-0.0,65.5,1,49,50,180,52429,52429,0,0,0.0,0.0,0.0,60.0,46146.555,71.0,0.0,-0.0,0.0,1069,0,1069,0,0,0,1069,0,1080,0,999,0,658,0,660,0,656,0,677,0.032,1.4609821306377965e+22,2.004,2.73023467606737e+23,64912,16813,46146.555,-0.0,0.0,-67969.828,4138670751744000.0,57.563,50.0,60.0,35,0.0,0.0,10.0,2.0,0.0,0.0,0.0,0.0,0.0,0.0,0.0,0.0,0.0,0.0,0.0,0.0,58.8,25,35,2,27,65476,614,65476,1,0,4,20529,65476,0,0,30147,60.0,0.0,10.0,10.0,2.0,0.0
2026-02-16T12:39:18,ERR,ERR,ERR,ERR,ERR,ERR,ERR,ERR,ERR,ERR,ERR,ERR,ERR,ERR,ERR,ERR,ERR,ERR,ERR,ERR,ERR,ERR,ERR,ERR,ERR,ERR,ERR,ERR,ERR,ERR,ERR,ERR,ERR,ERR,ERR,ERR,ERR,ERR,ERR,ERR,ERR,ERR,ERR,ERR,ERR,ERR,ERR,ERR,ERR,ERR,ERR,ERR,ERR,ERR,ERR,ERR,ERR,ERR,ERR,ERR,ERR,ERR,ERR,ERR,ERR,ERR,ERR,ERR,ERR,ERR,ERR,ERR,ERR,ERR,ERR,ERR,ERR,ERR,ERR,ERR,ERR,ERR,ERR,ERR,ERR,ERR,ERR,ERR,ERR,ERR,ERR,ERR,ERR,ERR,ERR,ERR,ERR,ERR,ERR,ERR,ERR,ERR,ERR,ERR,ERR,ERR,ERR,ERR,ERR,ERR,ERR,ERR,ERR,ERR,ERR,ERR,ERR,ERR,ERR,ERR,ERR,ERR,ERR,ERR,ERR,0.0,-107616352.0,0.0,0.0,142144341803008.0,-3.991409659037614e+17,190520286511104.0,-5.7361267031579836e+32,4300,0,8,17170,4300,0.0,41,0.0,0.0,0.0,0.0,2.7184166902131945e+23,0,0,0,0,0.0,0,0,0,0,0,0,0,0,0,0,0,0,0,0,0,0,0,0,0,0,0,0,0,0,0,0,0,0,0,0,0,0,0,9,36,36,45,65476,374,65476,1,0,4,21553,0.0,0.0,0.0,0.0,0.0,0.0,0.0,0.0,0.0,0.0,0.0,0.0,0.0,0.0,0.0,0.0,0.0,0.0,0.0,0.0,0.0,2.004,2.004,0.0,-3.697074863047967e+19,0.0,0.0,0.0,0.0,0.0,6437.0,0.0,0.0,0.0,-107616352.0,-107616248.0,-0.0,0.0,0.0,2.004,2.004,228,0.0,-89221.0,0.0,0.0,0.0,0.0,0.0,0.0,0.0,0,0,0,-0.0,-4.758,1031923564544.0,0.0,1.2194288624640035e+22,0.0,1218.189,5.58130886800165e+27,-9941304175755264.0,-6.705635886315476e+30,-6952.77,2.382320648585216e+16,0.0,0.0,0.0,-0.0,0,1.3516416376850534e+27,228,0.0,456,0.0,-0.0,2114,52429,17109,52429,17111,52429,17095,0,0,0,101,100,100,0.0,65.5,0.0,66.3,-0.0,65.5,1,49,50,180,52429,52429,0,0,0.0,0.0,0.0,60.0,46146.555,71.0,0.0,-0.0,0.0,1069,0,1069,0,0,0,1069,0,1080,0,999,0,658,0,660,0,656,0,677,0.032,1.4609821306377965e+22,2.004,2.73023467606737e+23,64912,16813,46146.555,-0.0,0.0,-67969.828,4138670751744000.0,57.563,50.0,60.0,35,0.0,0.0,10.0,2.0,0.0,0.0,0.0,0.0,0.0,0.0,0.0,0.0,0.0,0.0,0.0,0.0,58.8,25,35,2,27,65476,614,65476,1,0,4,20529,65476,0,0,30147,60.0,0.0,10.0,10.0,2.0,0.0
2026-02-16T12:39:19,ERR,ERR,ERR,ERR,ERR,ERR,ERR,ERR,ERR,ERR,ERR,ERR,ERR,ERR,ERR,ERR,ERR,ERR,ERR,ERR,ERR,ERR,ERR,ERR,ERR,ERR,ERR,ERR,ERR,ERR,ERR,ERR,ERR,ERR,ERR,ERR,ERR,ERR,ERR,ERR,ERR,ERR,ERR,ERR,ERR,ERR,ERR,ERR,ERR,ERR,ERR,ERR,ERR,ERR,ERR,ERR,ERR,ERR,ERR,ERR,ERR,ERR,ERR,ERR,ERR,ERR,ERR,ERR,ERR,ERR,ERR,ERR,ERR,ERR,ERR,ERR,ERR,ERR,ERR,ERR,ERR,ERR,ERR,ERR,ERR,ERR,ERR,ERR,ERR,ERR,ERR,ERR,ERR,ERR,ERR,ERR,ERR,ERR,ERR,ERR,ERR,ERR,ERR,ERR,ERR,ERR,ERR,ERR,ERR,ERR,ERR,ERR,ERR,ERR,ERR,ERR,ERR,ERR,ERR,ERR,ERR,ERR,ERR,ERR,ERR,0.0,-107616352.0,0.0,0.0,142144341803008.0,-3.991409659037614e+17,190520286511104.0,-5.7361267031579836e+32,4300,0,8,17170,4300,0.0,41,0.0,0.0,0.0,0.0,2.7184166902131945e+23,0,0,0,0,0.0,0,0,0,0,0,0,0,0,0,0,0,0,0,0,0,0,0,0,0,0,0,0,0,0,0,0,0,0,0,0,0,0,0,9,36,36,45,65476,374,65476,1,0,4,21553,0.0,0.0,0.0,0.0,0.0,0.0,0.0,0.0,0.0,0.0,0.0,0.0,0.0,0.0,0.0,0.0,0.0,0.0,0.0,0.0,0.0,2.004,2.004,0.0,-3.697074863047967e+19,0.0,0.0,0.0,0.0,0.0,6437.0,0.0,0.0,0.0,-107616352.0,-107616248.0,-0.0,0.0,0.0,2.004,2.004,228,0.0,-89221.0,0.0,0.0,0.0,0.0,0.0,0.0,0.0,0,0,0,-0.0,-4.758,1031923564544.0,0.0,1.2194288624640035e+22,0.0,1218.189,5.58130886800165e+27,-9941304175755264.0,-6.705635886315476e+30,-6952.77,2.382320648585216e+16,0.0,0.0,0.0,-0.0,0,1.3516416376850534e+27,228,0.0,456,0.0,-0.0,2114,52429,17109,52429,17111,52429,17095,0,0,0,101,100,100,0.0,65.5,0.0,66.3,-0.0,65.5,1,49,50,180,52429,52429,0,0,0.0,0.0,0.0,60.0,46146.555,71.0,0.0,-0.0,0.0,1069,0,1069,0,0,0,1069,0,1080,0,999,0,658,0,660,0,656,0,677,0.032,1.4609821306377965e+22,2.004,2.73023467606737e+23,64912,16813,46146.555,-0.0,0.0,-67969.828,4138670751744000.0,57.563,50.0,60.0,35,0.0,0.0,10.0,2.0,0.0,0.0,0.0,0.0,0.0,0.0,0.0,0.0,0.0,0.0,0.0,0.0,58.8,26,34,2,27,65476,645,300,0,0,8,20529,65476,0,0,30147,60.0,0.0,10.0,10.0,2.0,0.0
2026-02-16T12:39:20,ERR,ERR,ERR,ERR,ERR,ERR,ERR,ERR,ERR,ERR,ERR,ERR,ERR,ERR,ERR,ERR,ERR,ERR,ERR,ERR,ERR,ERR,ERR,ERR,ERR,ERR,ERR,ERR,ERR,ERR,ERR,ERR,ERR,ERR,ERR,ERR,ERR,ERR,ERR,ERR,ERR,ERR,ERR,ERR,ERR,ERR,ERR,ERR,ERR,ERR,ERR,ERR,ERR,ERR,ERR,ERR,ERR,ERR,ERR,ERR,ERR,ERR,ERR,ERR,ERR,ERR,ERR,ERR,ERR,ERR,ERR,ERR,ERR,ERR,ERR,ERR,ERR,ERR,ERR,ERR,ERR,ERR,ERR,ERR,ERR,ERR,ERR,ERR,ERR,ERR,ERR,ERR,ERR,ERR,ERR,ERR,ERR,ERR,ERR,ERR,ERR,ERR,ERR,ERR,ERR,ERR,ERR,ERR,ERR,ERR,ERR,ERR,ERR,ERR,ERR,ERR,ERR,ERR,ERR,ERR,ERR,ERR,ERR,ERR,ERR,0.0,-107616352.0,0.0,0.0,142144341803008.0,-3.991409659037614e+17,190520286511104.0,-5.7361267031579836e+32,4300,0,8,17170,4300,0.0,41,0.0,0.0,0.0,0.0,2.7184166902131945e+23,0,0,0,0,0.0,0,0,0,0,0,0,0,0,0,0,0,0,0,0,0,0,0,0,0,0,0,0,0,0,0,0,0,0,0,0,0,0,0,9,36,36,45,65476,374,65476,1,0,4,21553,0.0,0.0,0.0,0.0,0.0,0.0,0.0,0.0,0.0,0.0,0.0,0.0,0.0,0.0,0.0,0.0,0.0,0.0,0.0,0.0,0.0,2.004,2.004,0.0,-3.697074863047967e+19,0.0,0.0,0.0,0.0,0.0,6437.0,0.0,0.0,0.0,-107616352.0,-107616248.0,-0.0,0.0,0.0,2.004,2.004,228,0.0,-89221.0,0.0,0.0,0.0,0.0,0.0,0.0,0.0,0,0,0,-0.0,-4.758,1031923564544.0,0.0,1.2194288624640035e+22,0.0,1218.189,5.58130886800165e+27,-9941304175755264.0,-6.705635886315476e+30,-6952.77,2.382320648585216e+16,0.0,0.0,0.0,-0.0,0,1.3516416376850534e+27,228,0.0,456,0.0,-0.0,2114,52429,17109,52429,17111,52429,17095,0,0,0,101,100,100,0.0,65.5,0.0,66.3,-0.0,65.5,1,49,50,180,52429,52429,0,0,0.0,0.0,0.0,60.0,46146.555,71.0,0.0,-0.0,0.0,1069,0,1069,0,0,0,1069,0,1080,0,999,0,658,0,660,0,656,0,677,0.032,1.4609821306377965e+22,2.004,2.73023467606737e+23,64912,16813,46146.555,-0.0,0.0,-67969.828,4138670751744000.0,57.563,50.0,60.0,35,0.0,0.0,10.0,2.0,0.0,0.0,0.0,0.0,0.0,0.0,0.0,0.0,0.0,0.0,0.0,0.0,58.8,26,34,2,27,65476,645,300,0,0,8,20529,65476,0,0,30147,60.0,0.0,10.0,10.0,2.0,0.0
2026-02-16T12:39:21,ERR,ERR,ERR,ERR,ERR,ERR,ERR,ERR,ERR,ERR,ERR,ERR,ERR,ERR,ERR,ERR,ERR,ERR,ERR,ERR,ERR,ERR,ERR,ERR,ERR,ERR,ERR,ERR,ERR,ERR,ERR,ERR,ERR,ERR,ERR,ERR,ERR,ERR,ERR,ERR,ERR,ERR,ERR,ERR,ERR,ERR,ERR,ERR,ERR,ERR,ERR,ERR,ERR,ERR,ERR,ERR,ERR,ERR,ERR,ERR,ERR,ERR,ERR,ERR,ERR,ERR,ERR,ERR,ERR,ERR,ERR,ERR,ERR,ERR,ERR,ERR,ERR,ERR,ERR,ERR,ERR,ERR,ERR,ERR,ERR,ERR,ERR,ERR,ERR,ERR,ERR,ERR,ERR,ERR,ERR,ERR,ERR,ERR,ERR,ERR,ERR,ERR,ERR,ERR,ERR,ERR,ERR,ERR,ERR,ERR,ERR,ERR,ERR,ERR,ERR,ERR,ERR,ERR,ERR,ERR,ERR,ERR,ERR,ERR,ERR,0.0,-107616352.0,0.0,0.0,142144341803008.0,-3.991409659037614e+17,190520286511104.0,-5.7361267031579836e+32,4300,0,8,17170,4300,0.0,41,0.0,0.0,0.0,0.0,2.7184166902131945e+23,0,0,0,0,0.0,0,0,0,0,0,0,0,0,0,0,0,0,0,0,0,0,0,0,0,0,0,0,0,0,0,0,0,0,0,0,0,0,0,9,36,36,45,65476,374,65476,1,0,4,21553,0.0,0.0,0.0,0.0,0.0,0.0,0.0,0.0,0.0,0.0,0.0,0.0,0.0,0.0,0.0,0.0,0.0,0.0,0.0,0.0,0.0,2.004,2.004,0.0,-3.697074863047967e+19,0.0,0.0,0.0,0.0,0.0,6437.0,0.0,0.0,0.0,-107616352.0,-107616248.0,-0.0,0.0,0.0,2.004,2.004,228,0.0,-89221.0,0.0,0.0,0.0,0.0,0.0,0.0,0.0,0,0,0,-0.0,-4.758,1031923564544.0,0.0,1.2194288624640035e+22,0.0,1218.189,5.58130886800165e+27,-9941304175755264.0,-6.705635886315476e+30,-6952.77,2.382320648585216e+16,0.0,0.0,0.0,-0.0,0,1.3516416376850534e+27,228,0.0,456,0.0,-0.0,2112,52429,17109,52429,17111,52429,17095,0,0,0,101,100,100,0.0,65.5,0.0,66.3,-0.0,65.5,1,49,50,180,39322,52429,0,0,0.0,0.0,0.0,60.0,58788408.0,71.0,0.0,-0.0,0.0,1068,0,1069,0,0,0,1069,0,1079,0,999,0,658,0,660,0,656,0,677,0.032,1.4609821306377965e+22,2.004,2.73023467606737e+23,61328,16813,46146.555,-0.0,0.0,-67969.828,4138670751744000.0,57.563,50.0,60.0,35,0.0,0.0,10.0,2.0,0.0,0.0,0.0,0.0,0.0,0.0,0.0,0.0,0.0,0.0,0.0,0.0,58.8,27,33,0,27,65476,485,300,0,0,8,20529,65476,0,0,30147,60.0,0.0,10.0,10.0,2.0,0.0
2026-02-16T12:39:22,ERR,ERR,ERR,ERR,ERR,ERR,ERR,ERR,ERR,ERR,ERR,ERR,ERR,ERR,ERR,ERR,ERR,ERR,ERR,ERR,ERR,ERR,ERR,ERR,ERR,ERR,ERR,ERR,ERR,ERR,ERR,ERR,ERR,ERR,ERR,ERR,ERR,ERR,ERR,ERR,ERR,ERR,ERR,ERR,ERR,ERR,ERR,ERR,ERR,ERR,ERR,ERR,ERR,ERR,ERR,ERR,ERR,ERR,ERR,ERR,ERR,ERR,ERR,ERR,ERR,ERR,ERR,ERR,ERR,ERR,ERR,ERR,ERR,ERR,ERR,ERR,ERR,ERR,ERR,ERR,ERR,ERR,ERR,ERR,ERR,ERR,ERR,ERR,ERR,ERR,ERR,ERR,ERR,ERR,ERR,ERR,ERR,ERR,ERR,ERR,ERR,ERR,ERR,ERR,ERR,ERR,ERR,ERR,ERR,ERR,ERR,ERR,ERR,ERR,ERR,ERR,ERR,ERR,ERR,ERR,ERR,ERR,ERR,ERR,ERR,0.0,-107616352.0,0.0,0.0,142144341803008.0,-0.0,0.0,0.0,4300,0,8,17171,4300,0.0,41,0.0,0.0,0.0,0.0,2.7184166902131945e+23,0,0,0,0,0.0,0,0,0,0,0,0,0,0,0,0,0,0,0,0,0,0,0,0,0,0,0,0,0,0,0,0,0,0,0,0,0,0,0,9,36,36,45,65476,372,65476,1,0,4,21553,0.0,0.0,0.0,0.0,0.0,0.0,0.0,0.0,0.0,0.0,0.0,0.0,0.0,0.0,0.0,0.0,0.0,0.0,0.0,0.0,0.0,2.004,2.004,0.0,-3.697074863047967e+19,0.0,0.0,0.0,0.0,0.0,6400.0,8608227328.0,0.0,0.0,-107616352.0,-107616248.0,-0.0,0.0,0.0,2.004,2.004,228,-2.3088280513417105e+20,0.0,0.0,0.0,0.0,0.0,0.0,0.0,0.0,0,0,0,-0.0,-17990598.0,0.0,-1.8908935316926877e+25,0.004,6.082636308394015e+25,0.0,191419662336.0,-0.0,-7.14139078014393e+30,-7368.77,2.5652793834471424e+16,0.0,0.0,0.0,-0.0,0,1.3516416376850534e+27,228,0.0,456,0.0,-0.0,2112,52429,17109,52429,17111,52429,17095,0,0,0,101,100,100,0.0,65.5,0.0,66.3,-0.0,65.5,1,49,50,180,39322,52429,0,0,0.0,0.0,0.0,60.0,58788408.0,71.0,0.0,-0.0,0.0,1068,0,1069,0,0,0,1069,0,1079,0,999,0,658,0,660,0,656,0,677,0.032,1.4609821306377965e+22,2.004,2.73023467606737e+23,61328,16813,46146.555,-0.0,0.0,-67969.828,4138670751744000.0,57.563,50.0,60.0,35,0.0,0.0,10.0,2.0,0.0,0.0,0.0,0.0,0.0,0.0,0.0,0.0,0.0,0.0,0.0,0.0,59.2,29,31,65534,27,65476,409,300,0,0,8,20529,65476,0,0,30147,60.0,0.0,10.0,10.0,2.0,0.0
2026-02-16T12:39:23,ERR,ERR,ERR,ERR,ERR,ERR,ERR,ERR,ERR,ERR,ERR,ERR,ERR,ERR,ERR,ERR,ERR,ERR,ERR,ERR,ERR,ERR,ERR,ERR,ERR,ERR,ERR,ERR,ERR,ERR,ERR,ERR,ERR,ERR,ERR,ERR,ERR,ERR,ERR,ERR,ERR,ERR,ERR,ERR,ERR,ERR,ERR,ERR,ERR,ERR,ERR,ERR,ERR,ERR,ERR,ERR,ERR,ERR,ERR,ERR,ERR,ERR,ERR,ERR,ERR,ERR,ERR,ERR,ERR,ERR,ERR,ERR,ERR,ERR,ERR,ERR,ERR,ERR,ERR,ERR,ERR,ERR,ERR,ERR,ERR,ERR,ERR,ERR,ERR,ERR,ERR,ERR,ERR,ERR,ERR,ERR,ERR,ERR,ERR,ERR,ERR,ERR,ERR,ERR,ERR,ERR,ERR,ERR,ERR,ERR,ERR,ERR,ERR,ERR,ERR,ERR,ERR,ERR,ERR,ERR,ERR,ERR,ERR,ERR,ERR,0.0,-107616352.0,0.0,0.0,142144341803008.0,-0.0,0.0,0.0,4300,0,8,17171,4300,0.0,41,0.0,0.0,0.0,0.0,2.7184166902131945e+23,0,0,0,0,0.0,0,0,0,0,0,0,0,0,0,0,0,0,0,0,0,0,0,0,0,0,0,0,0,0,0,0,0,0,0,0,0,0,0,9,36,36,45,65476,372,65476,1,0,4,21553,0.0,0.0,0.0,0.0,0.0,0.0,0.0,0.0,0.0,0.0,0.0,0.0,0.0,0.0,0.0,0.0,0.0,0.0,0.0,0.0,0.0,2.004,2.004,0.0,-3.697074863047967e+19,0.0,0.0,0.0,0.0,0.0,6400.0,8608227328.0,0.0,0.0,-107616352.0,-107616248.0,-0.0,0.0,0.0,2.004,2.004,228,-2.3088280513417105e+20,0.0,0.0,0.0,0.0,0.0,0.0,0.0,0.0,0,0,0,-0.0,-17990598.0,0.0,-1.8908935316926877e+25,0.004,6.082636308394015e+25,0.0,191419662336.0,-0.0,-7.14139078014393e+30,-7368.77,2.5652793834471424e+16,0.0,0.0,0.0,-0.0,0,1.3516416376850534e+27,228,0.0,456,0.0,-0.0,2112,52429,17109,52429,17111,52429,17095,0,0,0,101,100,100,0.0,65.5,0.0,66.3,-0.0,65.5,1,49,50,180,39322,52429,0,0,0.0,0.0,0.0,60.0,58788408.0,71.0,0.0,-0.0,0.0,1068,0,1069,0,0,0,1069,0,1079,0,999,0,658,0,660,0,656,0,677,0.032,1.4609821306377965e+22,2.004,2.73023467606737e+23,61328,16813,46146.555,-0.0,0.0,-67969.828,4138670751744000.0,57.563,50.0,60.0,35,0.0,0.0,10.0,2.0,0.0,0.0,0.0,0.0,0.0,0.0,0.0,0.0,0.0,0.0,0.0,0.0,59.2,29,31,65534,27,65476,409,300,0,0,8,20529,65476,0,0,30147,60.0,0.0,10.0,10.0,2.0,0.0
2026-02-16T12:39:24,ERR,ERR,ERR,ERR,ERR,ERR,ERR,ERR,ERR,ERR,ERR,ERR,ERR,ERR,ERR,ERR,ERR,ERR,ERR,ERR,ERR,ERR,ERR,ERR,ERR,ERR,ERR,ERR,ERR,ERR,ERR,ERR,ERR,ERR,ERR,ERR,ERR,ERR,ERR,ERR,ERR,ERR,ERR,ERR,ERR,ERR,ERR,ERR,ERR,ERR,ERR,ERR,ERR,ERR,ERR,ERR,ERR,ERR,ERR,ERR,ERR,ERR,ERR,ERR,ERR,ERR,ERR,ERR,ERR,ERR,ERR,ERR,ERR,ERR,ERR,ERR,ERR,ERR,ERR,ERR,ERR,ERR,ERR,ERR,ERR,ERR,ERR,ERR,ERR,ERR,ERR,ERR,ERR,ERR,ERR,ERR,ERR,ERR,ERR,ERR,ERR,ERR,ERR,ERR,ERR,ERR,ERR,ERR,ERR,ERR,ERR,ERR,ERR,ERR,ERR,ERR,ERR,ERR,ERR,ERR,ERR,ERR,ERR,ERR,ERR,0.0,-107616352.0,0.0,0.0,142144341803008.0,-0.0,0.0,0.0,4300,0,8,17171,4300,0.0,41,0.0,0.0,0.0,0.0,2.7184166902131945e+23,0,0,0,0,0.0,0,0,0,0,0,0,0,0,0,0,0,0,0,0,0,0,0,0,0,0,0,0,0,0,0,0,0,0,0,0,0,0,0,9,36,36,45,65476,372,65476,1,0,4,21553,0.0,0.0,0.0,0.0,0.0,0.0,0.0,0.0,0.0,0.0,0.0,0.0,0.0,0.0,0.0,0.0,0.0,0.0,0.0,0.0,0.0,2.004,2.004,0.0,-3.697074863047967e+19,0.0,0.0,0.0,0.0,0.0,6400.0,8608227328.0,0.0,0.0,-107616352.0,-107616248.0,-0.0,0.0,0.0,2.004,2.004,228,-2.3088280513417105e+20,0.0,0.0,0.0,0.0,0.0,0.0,0.0,0.0,0,0,0,-0.0,-17990598.0,0.0,-1.8908935316926877e+25,0.004,6.082636308394015e+25,0.0,191419662336.0,-0.0,-7.14139078014393e+30,-7368.77,2.5652793834471424e+16,0.0,0.0,0.0,-0.0,0,1.3516416376850534e+27,228,0.0,456,0.0,-0.0,2112,0,17110,52429,17111,52429,17095,0,0,0,101,100,100,0.0,65.5,0.0,66.3,-0.0,65.5,1,49,50,180,39322,52429,0,0,0.0,0.0,0.0,60.0,24609.277,71.0,0.0,-0.0,0.0,1068,0,1069,0,0,0,1069,0,1079,0,999,0,658,0,660,0,656,0,677,0.032,1.4536034330083127e+22,2.004,2.73023467606737e+23,59536,16813,0.0,-0.0,-2.868803133117563e+18,1.0424793346280731e+24,0.0,0.0,50.0,60.0,35,0.0,0.0,10.0,2.0,0.0,0.0,0.0,0.0,0.0,0.0,0.0,0.0,0.0,0.0,0.0,0.0,58.8,34,27,65529,27,65476,248,300,0,0,8,20529,65476,0,0,30147,60.0,0.0,10.0,10.0,2.0,0.0
2026-02-16T12:39:25,ERR,ERR,ERR,ERR,ERR,ERR,ERR,ERR,ERR,ERR,ERR,ERR,ERR,ERR,ERR,ERR,ERR,ERR,ERR,ERR,ERR,ERR,ERR,ERR,ERR,ERR,ERR,ERR,ERR,ERR,ERR,ERR,ERR,ERR,ERR,ERR,ERR,ERR,ERR,ERR,ERR,ERR,ERR,ERR,ERR,ERR,ERR,ERR,ERR,ERR,ERR,ERR,ERR,ERR,ERR,ERR,ERR,ERR,ERR,ERR,ERR,ERR,ERR,ERR,ERR,ERR,ERR,ERR,ERR,ERR,ERR,ERR,ERR,ERR,ERR,ERR,ERR,ERR,ERR,ERR,ERR,ERR,ERR,ERR,ERR,ERR,ERR,ERR,ERR,ERR,ERR,ERR,ERR,ERR,ERR,ERR,ERR,ERR,ERR,ERR,ERR,ERR,ERR,ERR,ERR,ERR,ERR,ERR,ERR,ERR,ERR,ERR,ERR,ERR,ERR,ERR,ERR,ERR,ERR,ERR,ERR,ERR,ERR,ERR,ERR,0.0,-107616352.0,0.0,0.0,142144341803008.0,-0.0,0.0,0.0,4300,0,8,17171,4300,0.0,41,0.0,0.0,0.0,0.0,2.7184166902131945e+23,0,0,0,0,0.0,0,0,0,0,0,0,0,0,0,0,0,0,0,0,0,0,0,0,0,0,0,0,0,0,0,0,0,0,0,0,0,0,0,9,36,36,45,65476,372,65476,1,0,4,21553,0.0,0.0,0.0,0.0,0.0,0.0,0.0,0.0,0.0,0.0,0.0,0.0,0.0,0.0,0.0,0.0,0.0,0.0,0.0,0.0,0.0,2.004,2.004,0.0,-3.697074863047967e+19,0.0,0.0,0.0,0.0,0.0,6400.0,8608227328.0,0.0,0.0,-107616352.0,-107616248.0,-0.0,0.0,0.0,2.004,2.004,228,-2.3088280513417105e+20,0.0,0.0,0.0,0.0,0.0,0.0,0.0,0.0,0,0,0,-0.0,-17990598.0,0.0,-1.8908935316926877e+25,0.004,6.082636308394015e+25,0.0,191419662336.0,-0.0,-7.14139078014393e+30,-7368.77,2.5652793834471424e+16,0.0,0.0,0.0,-0.0,0,1.3516416376850534e+27,228,0.0,456,0.0,-0.0,2112,0,17110,52429,17111,52429,17095,0,0,0,101,100,100,0.0,65.5,0.0,66.3,-0.0,65.5,1,49,50,180,39322,52429,0,0,0.0,0.0,0.0,60.0,24609.277,71.0,0.0,-0.0,0.0,1068,0,1069,0,0,0,1069,0,1079,0,999,0,658,0,660,0,656,0,677,0.032,1.4536034330083127e+22,2.004,2.73023467606737e+23,59536,16813,0.0,-0.0,-2.868803133117563e+18,1.0424793346280731e+24,0.0,0.0,50.0,60.0,35,0.0,0.0,10.0,2.0,0.0,0.0,0.0,0.0,0.0,0.0,0.0,0.0,0.0,0.0,0.0,0.0,58.8,34,27,65529,27,65476,248,300,0,0,8,20529,65476,0,0,30147,60.0,0.0,10.0,10.0,2.0,0.0
2026-02-16T12:39:26,ERR,ERR,ERR,ERR,ERR,ERR,ERR,ERR,ERR,ERR,ERR,ERR,ERR,ERR,ERR,ERR,ERR,ERR,ERR,ERR,ERR,ERR,ERR,ERR,ERR,ERR,ERR,ERR,ERR,ERR,ERR,ERR,ERR,ERR,ERR,ERR,ERR,ERR,ERR,ERR,ERR,ERR,ERR,ERR,ERR,ERR,ERR,ERR,ERR,ERR,ERR,ERR,ERR,ERR,ERR,ERR,ERR,ERR,ERR,ERR,ERR,ERR,ERR,ERR,ERR,ERR,ERR,ERR,ERR,ERR,ERR,ERR,ERR,ERR,ERR,ERR,ERR,ERR,ERR,ERR,ERR,ERR,ERR,ERR,ERR,ERR,ERR,ERR,ERR,ERR,ERR,ERR,ERR,ERR,ERR,ERR,ERR,ERR,ERR,ERR,ERR,ERR,ERR,ERR,ERR,ERR,ERR,ERR,ERR,ERR,ERR,ERR,ERR,ERR,ERR,ERR,ERR,ERR,ERR,ERR,ERR,ERR,ERR,ERR,ERR,0.0,-107616352.0,0.0,0.0,142144341803008.0,-0.0,0.0,0.0,4300,0,8,17171,4300,0.0,41,0.0,0.0,0.0,0.0,2.7184166902131945e+23,0,0,0,0,0.0,0,0,0,0,0,0,0,0,0,0,0,0,0,0,0,0,0,0,0,0,0,0,0,0,0,0,0,0,0,0,0,0,0,9,36,36,45,65476,372,65476,1,0,4,21553,0.0,0.0,0.0,0.0,0.0,0.0,0.0,0.0,0.0,0.0,0.0,0.0,0.0,0.0,0.0,0.0,0.0,0.0,0.0,0.0,0.0,2.004,2.004,0.0,-3.697074863047967e+19,0.0,0.0,0.0,0.0,0.0,6400.0,8608227328.0,0.0,0.0,-107616352.0,-107616248.0,-0.0,0.0,0.0,2.004,2.004,228,-2.3088280513417105e+20,0.0,0.0,0.0,0.0,0.0,0.0,0.0,0.0,0,0,0,-0.0,-17990598.0,0.0,-1.8908935316926877e+25,0.004,6.082636308394015e+25,0.0,191419662336.0,-0.0,-7.14139078014393e+30,-7368.77,2.5652793834471424e+16,0.0,0.0,0.0,-0.0,0,1.3516416376850534e+27,228,0.0,456,0.0,-0.0,2112,0,17110,52429,17111,52429,17095,0,0,0,101,100,100,0.0,65.5,0.0,66.3,-0.0,65.5,1,49,50,180,39322,52429,0,0,0.0,0.0,0.0,60.0,24609.277,71.0,0.0,-0.0,0.0,1068,0,1069,0,0,0,1069,0,1079,0,999,0,658,0,660,0,656,0,677,0.032,1.4536034330083127e+22,2.004,2.73023467606737e+23,59536,16813,0.0,-0.0,-2.868803133117563e+18,1.0424793346280731e+24,0.0,0.0,50.0,60.0,35,0.0,0.0,10.0,2.0,0.0,0.0,0.0,0.0,0.0,0.0,0.0,0.0,0.0,0.0,0.0,0.0,59.2,40,21,65523,27,65476,87,300,0,0,8,20529,65476,0,0,30147,60.0,0.0,10.0,10.0,2.0,0.0
2026-02-16T12:39:27,ERR,ERR,ERR,ERR,ERR,ERR,ERR,ERR,ERR,ERR,ERR,ERR,ERR,ERR,ERR,ERR,ERR,ERR,ERR,ERR,ERR,ERR,ERR,ERR,ERR,ERR,ERR,ERR,ERR,ERR,ERR,ERR,ERR,ERR,ERR,ERR,ERR,ERR,ERR,ERR,ERR,ERR,ERR,ERR,ERR,ERR,ERR,ERR,ERR,ERR,ERR,ERR,ERR,ERR,ERR,ERR,ERR,ERR,ERR,ERR,ERR,ERR,ERR,ERR,ERR,ERR,ERR,ERR,ERR,ERR,ERR,ERR,ERR,ERR,ERR,ERR,ERR,ERR,ERR,ERR,ERR,ERR,ERR,ERR,ERR,ERR,ERR,ERR,ERR,ERR,ERR,ERR,ERR,ERR,ERR,ERR,ERR,ERR,ERR,ERR,ERR,ERR,ERR,ERR,ERR,ERR,ERR,ERR,ERR,ERR,ERR,ERR,ERR,ERR,ERR,ERR,ERR,ERR,ERR,ERR,ERR,ERR,ERR,ERR,ERR,0.0,-2.7184527190102135e+23,-0.0,0.0,-0.062,1.6731858006162165e+28,-0.0,-11895067648.0,4300,0,8,17171,4300,0.0,41,0.0,0.0,0.0,0.0,2.7184166902131945e+23,0,0,0,0,0.0,0,0,0,0,0,0,0,0,0,0,0,0,0,0,0,0,0,0,0,0,0,0,0,0,0,0,0,0,0,0,0,0,0,9,36,36,45,65476,372,65476,1,0,4,21553,0.0,0.0,0.0,0.0,0.0,0.0,0.0,0.0,0.0,0.0,0.0,0.0,0.0,0.0,0.0,0.0,0.0,0.0,0.0,0.0,0.0,2.004,2.004,0.0,-2.004,0.0,0.0,0.0,0.0,0.0,6396.0,-0.0,0.0,0.0,-2.7184527190102135e+23,-0.0,-0.0,0.0,0.0,2.004,2.004,227,-107614784.0,-0.0,0.0,0.0,0.0,0.0,0.0,0.0,0.0,0,0,0,-0.002,41408151552.0,1069883869626368.0,967711.375,6.600131479326724e+31,5.116390089145966e+33,-0.0,-1.6868091666827837e+18,0.0,-7.656373836486648e+30,-7720.77,2.720090620638003e+16,0.0,0.0,0.0,-0.0,0,1.3516416376850534e+27,227,0.0,454,2.40156025918058e+36,-1.5870793271473597e+30,2112,0,17110,52429,17111,52429,17095,0,0,0,101,100,100,0.0,65.6,0.0,66.3,-0.0,65.5,1,49,50,180,39322,52429,0,0,0.0,0.0,0.0,60.0,6984.319,71.0,0.0,-0.0,0.0,1069,0,1069,0,0,0,1070,0,1079,0,999,0,658,0,660,0,656,0,677,0.032,1.4462247353788288e+22,2.004,2.73023467606737e+23,65296,16813,6984.319,-0.0,0.0,-95967592448.0,7361786806272.0,0.487,50.0,60.0,35,0.0,0.0,10.0,2.0,0.0,0.0,0.0,0.0,0.0,0.0,0.0,0.0,0.0,0.0,0.0,0.0,58.8,46,17,65517,27,65476,8,300,0,0,8,20529,65476,0,0,30147,60.0,0.0,10.0,10.0,2.0,0.0
2026-02-16T12:39:28,ERR,ERR,ERR,ERR,ERR,ERR,ERR,ERR,ERR,ERR,ERR,ERR,ERR,ERR,ERR,ERR,ERR,ERR,ERR,ERR,ERR,ERR,ERR,ERR,ERR,ERR,ERR,ERR,ERR,ERR,ERR,ERR,ERR,ERR,ERR,ERR,ERR,ERR,ERR,ERR,ERR,ERR,ERR,ERR,ERR,ERR,ERR,ERR,ERR,ERR,ERR,ERR,ERR,ERR,ERR,ERR,ERR,ERR,ERR,ERR,ERR,ERR,ERR,ERR,ERR,ERR,ERR,ERR,ERR,ERR,ERR,ERR,ERR,ERR,ERR,ERR,ERR,ERR,ERR,ERR,ERR,ERR,ERR,ERR,ERR,ERR,ERR,ERR,ERR,ERR,ERR,ERR,ERR,ERR,ERR,ERR,ERR,ERR,ERR,ERR,ERR,ERR,ERR,ERR,ERR,ERR,ERR,ERR,ERR,ERR,ERR,ERR,ERR,ERR,ERR,ERR,ERR,ERR,ERR,ERR,ERR,ERR,ERR,ERR,ERR,0.0,-2.7184527190102135e+23,-0.0,0.0,-0.062,1.6731858006162165e+28,-0.0,-11895067648.0,4300,0,8,17171,4300,0.0,41,0.0,0.0,0.0,0.0,2.7184166902131945e+23,0,0,0,0,0.0,0,0,0,0,0,0,0,0,0,0,0,0,0,0,0,0,0,0,0,0,0,0,0,0,0,0,0,0,0,0,0,0,0,9,36,36,45,65476,372,65476,1,0,4,21553,0.0,0.0,0.0,0.0,0.0,0.0,0.0,0.0,0.0,0.0,0.0,0.0,0.0,0.0,0.0,0.0,0.0,0.0,0.0,0.0,0.0,2.004,2.004,0.0,-2.004,0.0,0.0,0.0,0.0,0.0,6396.0,-0.0,0.0,0.0,-2.7184527190102135e+23,-0.0,-0.0,0.0,0.0,2.004,2.004,227,-107614784.0,-0.0,0.0,0.0,0.0,0.0,0.0,0.0,0.0,0,0,0,-0.002,41408151552.0,1069883869626368.0,967711.375,6.600131479326724e+31,5.116390089145966e+33,-0.0,-1.6868091666827837e+18,0.0,-7.656373836486648e+30,-7720.77,2.720090620638003e+16,0.0,0.0,0.0,-0.0,0,1.3516416376850534e+27,227,0.0,454,2.40156025918058e+36,-1.5870793271473597e+30,2112,0,17110,52429,17111,52429,17095,0,0,0,101,100,100,0.0,65.6,0.0,66.3,-0.0,65.5,1,49,50,180,39322,52429,0,0,0.0,0.0,0.0,60.0,6984.319,71.0,0.0,-0.0,0.0,1069,0,1069,0,0,0,1070,0,1079,0,999,0,658,0,660,0,656,0,677,0.032,1.4462247353788288e+22,2.004,2.73023467606737e+23,65296,16813,6984.319,-0.0,0.0,-95967592448.0,7361786806272.0,0.487,50.0,60.0,35,0.0,0.0,10.0,2.0,0.0,0.0,0.0,0.0,0.0,0.0,0.0,0.0,0.0,0.0,0.0,0.0,58.8,46,17,65517,27,65476,8,300,0,0,8,20529,65476,0,0,30147,60.0,0.0,10.0,10.0,2.0,0.0
2026-02-16T12:39:29,ERR,ERR,ERR,ERR,ERR,ERR,ERR,ERR,ERR,ERR,ERR,ERR,ERR,ERR,ERR,ERR,ERR,ERR,ERR,ERR,ERR,ERR,ERR,ERR,ERR,ERR,ERR,ERR,ERR,ERR,ERR,ERR,ERR,ERR,ERR,ERR,ERR,ERR,ERR,ERR,ERR,ERR,ERR,ERR,ERR,ERR,ERR,ERR,ERR,ERR,ERR,ERR,ERR,ERR,ERR,ERR,ERR,ERR,ERR,ERR,ERR,ERR,ERR,ERR,ERR,ERR,ERR,ERR,ERR,ERR,ERR,ERR,ERR,ERR,ERR,ERR,ERR,ERR,ERR,ERR,ERR,ERR,ERR,ERR,ERR,ERR,ERR,ERR,ERR,ERR,ERR,ERR,ERR,ERR,ERR,ERR,ERR,ERR,ERR,ERR,ERR,ERR,ERR,ERR,ERR,ERR,ERR,ERR,ERR,ERR,ERR,ERR,ERR,ERR,ERR,ERR,ERR,ERR,ERR,ERR,ERR,ERR,ERR,ERR,ERR,0.0,-2.7184527190102135e+23,-0.0,0.0,-0.062,1.6731858006162165e+28,-0.0,-11895067648.0,4300,0,8,17171,4300,0.0,41,0.0,0.0,0.0,0.0,2.7184166902131945e+23,0,0,0,0,0.0,0,0,0,0,0,0,0,0,0,0,0,0,0,0,0,0,0,0,0,0,0,0,0,0,0,0,0,0,0,0,0,0,0,9,36,36,45,65476,372,65476,1,0,4,21553,0.0,0.0,0.0,0.0,0.0,0.0,0.0,0.0,0.0,0.0,0.0,0.0,0.0,0.0,0.0,0.0,0.0,0.0,0.0,0.0,0.0,2.004,2.004,0.0,-2.004,0.0,0.0,0.0,0.0,0.0,6396.0,-0.0,0.0,0.0,-2.7184527190102135e+23,-0.0,-0.0,0.0,0.0,2.004,2.004,227,-107614784.0,-0.0,0.0,0.0,0.0,0.0,0.0,0.0,0.0,0,0,0,-0.002,41408151552.0,1069883869626368.0,967711.375,6.600131479326724e+31,5.116390089145966e+33,-0.0,-1.6868091666827837e+18,0.0,-7.656373836486648e+30,-7720.77,2.720090620638003e+16,0.0,0.0,0.0,-0.0,0,1.3516416376850534e+27,227,0.0,454,2.40156025918058e+36,-1.5870793271473597e+30,2112,0,17110,52429,17111,52429,17095,0,0,0,101,100,100,0.0,65.6,0.0,66.3,-0.0,65.5,1,49,50,180,39322,52429,0,0,0.0,0.0,0.0,60.0,6984.319,71.0,0.0,-0.0,0.0,1069,0,1069,0,0,0,1070,0,1079,0,999,0,658,0,660,0,656,0,677,0.032,1.4462247353788288e+22,2.004,2.73023467606737e+23,65296,16813,6984.319,-0.0,0.0,-95967592448.0,7361786806272.0,0.487,50.0,60.0,35,0.0,0.0,10.0,2.0,0.0,0.0,0.0,0.0,0.0,0.0,0.0,0.0,0.0,0.0,0.0,0.0,58.8,52,13,65511,27,65476,0,300,0,0,8,20529,65476,0,0,30147,60.0,0.0,10.0,10.0,2.0,0.0
2026-02-16T12:39:30,ERR,ERR,ERR,ERR,ERR,ERR,ERR,ERR,ERR,ERR,ERR,ERR,ERR,ERR,ERR,ERR,ERR,ERR,ERR,ERR,ERR,ERR,ERR,ERR,ERR,ERR,ERR,ERR,ERR,ERR,ERR,ERR,ERR,ERR,ERR,ERR,ERR,ERR,ERR,ERR,ERR,ERR,ERR,ERR,ERR,ERR,ERR,ERR,ERR,ERR,ERR,ERR,ERR,ERR,ERR,ERR,ERR,ERR,ERR,ERR,ERR,ERR,ERR,ERR,ERR,ERR,ERR,ERR,ERR,ERR,ERR,ERR,ERR,ERR,ERR,ERR,ERR,ERR,ERR,ERR,ERR,ERR,ERR,ERR,ERR,ERR,ERR,ERR,ERR,ERR,ERR,ERR,ERR,ERR,ERR,ERR,ERR,ERR,ERR,ERR,ERR,ERR,ERR,ERR,ERR,ERR,ERR,ERR,ERR,ERR,ERR,ERR,ERR,ERR,ERR,ERR,ERR,ERR,ERR,ERR,ERR,ERR,ERR,ERR,ERR,0.0,-2.7184527190102135e+23,-0.0,0.0,-0.062,1.6731858006162165e+28,-0.0,-11895067648.0,4300,0,8,17171,4300,0.0,41,0.0,0.0,0.0,0.0,2.7184166902131945e+23,0,0,0,0,0.0,0,0,0,0,0,0,0,0,0,0,0,0,0,0,0,0,0,0,0,0,0,0,0,0,0,0,0,0,0,0,0,0,0,9,36,36,45,65476,372,65476,1,0,4,21553,0.0,0.0,0.0,0.0,0.0,0.0,0.0,0.0,0.0,0.0,0.0,0.0,0.0,0.0,0.0,0.0,0.0,0.0,0.0,0.0,0.0,2.004,2.004,0.0,-2.004,0.0,0.0,0.0,0.0,0.0,6396.0,-0.0,0.0,0.0,-2.7184527190102135e+23,-0.0,-0.0,0.0,0.0,2.004,2.004,227,-107614784.0,-0.0,0.0,0.0,0.0,0.0,0.0,0.0,0.0,0,0,0,-0.002,41408151552.0,1069883869626368.0,967711.375,6.600131479326724e+31,5.116390089145966e+33,-0.0,-1.6868091666827837e+18,0.0,-7.656373836486648e+30,-7720.77,2.720090620638003e+16,0.0,0.0,0.0,-0.0,0,1.3516416376850534e+27,227,0.0,454,2.40156025918058e+36,-1.5870793271473597e+30,2112,0,17110,52429,17111,52429,17095,0,0,0,101,100,100,0.0,65.6,0.0,66.3,-0.0,65.5,1,49,50,180,39322,52429,0,0,0.0,0.0,0.0,60.0,6984.319,71.0,0.0,-0.0,0.0,1069,0,1069,0,0,0,1070,0,1079,0,999,0,658,0,660,0,656,0,677,0.032,1.4462247353788288e+22,2.004,2.73023467606737e+23,65296,16813,6984.319,-0.0,0.0,-95967592448.0,7361786806272.0,0.487,50.0,60.0,35,0.0,0.0,10.0,2.0,0.0,0.0,0.0,0.0,0.0,0.0,0.0,0.0,0.0,0.0,0.0,0.0,58.8,58,9,65505,27,65476,0,300,0,0,8,20529,65476,0,0,30147,60.0,0.0,10.0,10.0,2.0,0.0
2026-02-16T12:39:31,ERR,ERR,ERR,ERR,ERR,ERR,ERR,ERR,ERR,ERR,ERR,ERR,ERR,ERR,ERR,ERR,ERR,ERR,ERR,ERR,ERR,ERR,ERR,ERR,ERR,ERR,ERR,ERR,ERR,ERR,ERR,ERR,ERR,ERR,ERR,ERR,ERR,ERR,ERR,ERR,ERR,ERR,ERR,ERR,ERR,ERR,ERR,ERR,ERR,ERR,ERR,ERR,ERR,ERR,ERR,ERR,ERR,ERR,ERR,ERR,ERR,ERR,ERR,ERR,ERR,ERR,ERR,ERR,ERR,ERR,ERR,ERR,ERR,ERR,ERR,ERR,ERR,ERR,ERR,ERR,ERR,ERR,ERR,ERR,ERR,ERR,ERR,ERR,ERR,ERR,ERR,ERR,ERR,ERR,ERR,ERR,ERR,ERR,ERR,ERR,ERR,ERR,ERR,ERR,ERR,ERR,ERR,ERR,ERR,ERR,ERR,ERR,ERR,ERR,ERR,ERR,ERR,ERR,ERR,ERR,ERR,ERR,ERR,ERR,ERR,0.0,-2.7184527190102135e+23,-0.0,0.0,-0.062,1.6731858006162165e+28,-0.0,-11895067648.0,4300,0,8,17171,4300,0.0,41,0.0,0.0,0.0,0.0,2.7184166902131945e+23,0,0,0,0,0.0,0,0,0,0,0,0,0,0,0,0,0,0,0,0,0,0,0,0,0,0,0,0,0,0,0,0,0,0,0,0,0,0,0,9,36,36,45,65476,372,65476,1,0,4,21553,0.0,0.0,0.0,0.0,0.0,0.0,0.0,0.0,0.0,0.0,0.0,0.0,0.0,0.0,0.0,0.0,0.0,0.0,0.0,0.0,0.0,2.004,2.004,0.0,-2.004,0.0,0.0,0.0,0.0,0.0,6396.0,-0.0,0.0,0.0,-2.7184527190102135e+23,-0.0,-0.0,0.0,0.0,2.004,2.004,227,-107614784.0,-0.0,0.0,0.0,0.0,0.0,0.0,0.0,0.0,0,0,0,-0.002,41408151552.0,1069883869626368.0,967711.375,6.600131479326724e+31,5.116390089145966e+33,-0.0,-1.6868091666827837e+18,0.0,-7.656373836486648e+30,-7720.77,2.720090620638003e+16,0.0,0.0,0.0,-0.0,0,1.3516416376850534e+27,227,0.0,454,2.40156025918058e+36,-1.5870793271473597e+30,2112,52429,17109,0,17112,52429,17095,0,0,0,101,100,100,0.0,65.5,0.0,66.3,-107615256.0,65.5,1,49,50,180,39322,52429,0,0,0.0,0.0,0.0,60.0,0.0,71.0,0.0,-3795933440.0,0.0,1069,0,1069,0,0,0,1069,0,1079,0,999,0,659,0,660,0,656,0,676,0.032,1.4536034330083127e+22,2.004,2.73023467606737e+23,61840,16813,1.111,-3.329697029115795e+35,143.251,9.961452568265719e+22,-0.0,3.9891115021644344e+21,50.0,60.0,35,0.0,0.0,10.0,2.0,0.0,0.0,0.0,0.0,0.0,0.0,0.0,0.0,0.0,0.0,0.0,0.0,58.8,58,9,65505,27,65476,0,300,0,0,8,20529,65476,0,0,30147,60.0,0.0,10.0,10.0,2.0,0.0
2026-02-16T12:39:32,ERR,ERR,ERR,ERR,ERR,ERR,ERR,ERR,ERR,ERR,ERR,ERR,ERR,ERR,ERR,ERR,ERR,ERR,ERR,ERR,ERR,ERR,ERR,ERR,ERR,ERR,ERR,ERR,ERR,ERR,ERR,ERR,ERR,ERR,ERR,ERR,ERR,ERR,ERR,ERR,ERR,ERR,ERR,ERR,ERR,ERR,ERR,ERR,ERR,ERR,ERR,ERR,ERR,ERR,ERR,ERR,ERR,ERR,ERR,ERR,ERR,ERR,ERR,ERR,ERR,ERR,ERR,ERR,ERR,ERR,ERR,ERR,ERR,ERR,ERR,ERR,ERR,ERR,ERR,ERR,ERR,ERR,ERR,ERR,ERR,ERR,ERR,ERR,ERR,ERR,ERR,ERR,ERR,ERR,ERR,ERR,ERR,ERR,ERR,ERR,ERR,ERR,ERR,ERR,ERR,ERR,ERR,ERR,ERR,ERR,ERR,ERR,ERR,ERR,ERR,ERR,ERR,ERR,ERR,ERR,ERR,ERR,ERR,ERR,ERR,0.0,-2.7184527190102135e+23,-0.0,0.0,-0.062,4.394090155258555e+35,-0.0,-350.501,4300,0,8,17171,4300,0.0,41,0.0,0.0,0.0,0.0,2.7184166902131945e+23,0,0,0,0,0.0,0,0,0,0,0,0,0,0,0,0,0,0,0,0,0,0,0,0,0,0,0,0,0,0,0,0,0,0,0,0,0,0,0,9,36,36,45,65476,372,65476,1,0,4,21553,0.0,0.0,0.0,0.0,0.0,0.0,0.0,0.0,0.0,0.0,0.0,0.0,0.0,0.0,0.0,0.0,0.0,0.0,0.0,0.0,0.0,2.004,2.004,0.0,-0.0,-3.697075742657269e+19,0.0,0.0,0.0,0.0,6392.0,-0.0,0.0,0.0,-2.7184527190102135e+23,2.7184503771384073e+23,-0.0,0.0,0.0,2.004,2.004,227,-0.0,-0.0,0.0,0.0,0.0,0.0,0.0,0.0,0.0,0,0,0,-0.0,2212.118,3.128079657258189e+16,-0.0,4.650427840816202e+28,0.056,-0.0,-1.7498595614659707e+18,-1.0191150235474827e+36,-8.092128730315102e+30,-8136.77,2.9030493554999296e+16,0.0,0.0,0.0,-0.0,0,1.3516416376850534e+27,227,0.0,454,-621855232.0,-0.0,2112,52429,17109,0,17112,52429,17095,0,0,0,101,100,100,0.0,65.5,0.0,66.3,-107615256.0,65.5,1,49,50,180,39322,52429,0,0,0.0,0.0,0.0,60.0,0.0,71.0,0.0,-3795933440.0,0.0,1069,0,1069,0,0,0,1069,0,1079,0,999,0,659,0,660,0,656,0,676,0.032,1.4536034330083127e+22,2.004,2.73023467606737e+23,61840,16813,1.111,-3.329697029115795e+35,143.251,9.961452568265719e+22,-0.0,3.9891115021644344e+21,50.0,60.0,35,0.0,0.0,10.0,2.0,0.0,0.0,0.0,0.0,0.0,0.0,0.0,0.0,0.0,0.0,0.0,0.0,59.2,59,9,65504,27,65476,0,300,0,0,8,20529,65476,0,0,30147,60.0,0.0,10.0,10.0,2.0,0.0
2026-02-16T12:39:33,ERR,ERR,ERR,ERR,ERR,ERR,ERR,ERR,ERR,ERR,ERR,ERR,ERR,ERR,ERR,ERR,ERR,ERR,ERR,ERR,ERR,ERR,ERR,ERR,ERR,ERR,ERR,ERR,ERR,ERR,ERR,ERR,ERR,ERR,ERR,ERR,ERR,ERR,ERR,ERR,ERR,ERR,ERR,ERR,ERR,ERR,ERR,ERR,ERR,ERR,ERR,ERR,ERR,ERR,ERR,ERR,ERR,ERR,ERR,ERR,ERR,ERR,ERR,ERR,ERR,ERR,ERR,ERR,ERR,ERR,ERR,ERR,ERR,ERR,ERR,ERR,ERR,ERR,ERR,ERR,ERR,ERR,ERR,ERR,ERR,ERR,ERR,ERR,ERR,ERR,ERR,ERR,ERR,ERR,ERR,ERR,ERR,ERR,ERR,ERR,ERR,ERR,ERR,ERR,ERR,ERR,ERR,ERR,ERR,ERR,ERR,ERR,ERR,ERR,ERR,ERR,ERR,ERR,ERR,ERR,ERR,ERR,ERR,ERR,ERR,0.0,-2.7184527190102135e+23,-0.0,0.0,-0.062,4.394090155258555e+35,-0.0,-350.501,4300,0,8,17171,4300,0.0,41,0.0,0.0,0.0,0.0,2.7184166902131945e+23,0,0,0,0,0.0,0,0,0,0,0,0,0,0,0,0,0,0,0,0,0,0,0,0,0,0,0,0,0,0,0,0,0,0,0,0,0,0,0,9,36,36,45,65476,372,65476,1,0,4,21553,0.0,0.0,0.0,0.0,0.0,0.0,0.0,0.0,0.0,0.0,0.0,0.0,0.0,0.0,0.0,0.0,0.0,0.0,0.0,0.0,0.0,2.004,2.004,0.0,-0.0,-3.697075742657269e+19,0.0,0.0,0.0,0.0,6392.0,-0.0,0.0,0.0,-2.7184527190102135e+23,2.7184503771384073e+23,-0.0,0.0,0.0,2.004,2.004,227,-0.0,-0.0,0.0,0.0,0.0,0.0,0.0,0.0,0.0,0,0,0,-0.0,2212.118,3.128079657258189e+16,-0.0,4.650427840816202e+28,0.056,-0.0,-1.7498595614659707e+18,-1.0191150235474827e+36,-8.092128730315102e+30,-8136.77,2.9030493554999296e+16,0.0,0.0,0.0,-0.0,0,1.3516416376850534e+27,227,0.0,454,-621855232.0,-0.0,2112,52429,17109,0,17112,52429,17095,0,0,0,101,100,100,0.0,65.5,0.0,66.3,-107615256.0,65.5,1,49,50,180,39322,52429,0,0,0.0,0.0,0.0,60.0,0.0,71.0,0.0,-3795933440.0,0.0,1069,0,1069,0,0,0,1069,0,1079,0,999,0,659,0,660,0,656,0,676,0.032,1.4536034330083127e+22,2.004,2.73023467606737e+23,61840,16813,1.111,-3.329697029115795e+35,143.251,9.961452568265719e+22,-0.0,3.9891115021644344e+21,50.0,60.0,35,0.0,0.0,10.0,2.0,0.0,0.0,0.0,0.0,0.0,0.0,0.0,0.0,0.0,0.0,0.0,0.0,59.2,59,9,65504,27,65476,0,300,0,0,8,20529,65476,0,0,30147,60.0,0.0,10.0,10.0,2.0,0.0
2026-02-16T12:39:34,ERR,ERR,ERR,ERR,ERR,ERR,ERR,ERR,ERR,ERR,ERR,ERR,ERR,ERR,ERR,ERR,ERR,ERR,ERR,ERR,ERR,ERR,ERR,ERR,ERR,ERR,ERR,ERR,ERR,ERR,ERR,ERR,ERR,ERR,ERR,ERR,ERR,ERR,ERR,ERR,ERR,ERR,ERR,ERR,ERR,ERR,ERR,ERR,ERR,ERR,ERR,ERR,ERR,ERR,ERR,ERR,ERR,ERR,ERR,ERR,ERR,ERR,ERR,ERR,ERR,ERR,ERR,ERR,ERR,ERR,ERR,ERR,ERR,ERR,ERR,ERR,ERR,ERR,ERR,ERR,ERR,ERR,ERR,ERR,ERR,ERR,ERR,ERR,ERR,ERR,ERR,ERR,ERR,ERR,ERR,ERR,ERR,ERR,ERR,ERR,ERR,ERR,ERR,ERR,ERR,ERR,ERR,ERR,ERR,ERR,ERR,ERR,ERR,ERR,ERR,ERR,ERR,ERR,ERR,ERR,ERR,ERR,ERR,ERR,ERR,0.0,-2.7184527190102135e+23,-0.0,0.0,-0.062,4.394090155258555e+35,-0.0,-350.501,4300,0,8,17171,4300,0.0,41,0.0,0.0,0.0,0.0,2.7184166902131945e+23,0,0,0,0,0.0,0,0,0,0,0,0,0,0,0,0,0,0,0,0,0,0,0,0,0,0,0,0,0,0,0,0,0,0,0,0,0,0,0,9,36,36,45,65476,372,65476,1,0,4,21553,0.0,0.0,0.0,0.0,0.0,0.0,0.0,0.0,0.0,0.0,0.0,0.0,0.0,0.0,0.0,0.0,0.0,0.0,0.0,0.0,0.0,2.004,2.004,0.0,-0.0,-3.697075742657269e+19,0.0,0.0,0.0,0.0,6392.0,-0.0,0.0,0.0,-2.7184527190102135e+23,2.7184503771384073e+23,-0.0,0.0,0.0,2.004,2.004,227,-0.0,-0.0,0.0,0.0,0.0,0.0,0.0,0.0,0.0,0,0,0,-0.0,2212.118,3.128079657258189e+16,-0.0,4.650427840816202e+28,0.056,-0.0,-1.7498595614659707e+18,-1.0191150235474827e+36,-8.092128730315102e+30,-8136.77,2.9030493554999296e+16,0.0,0.0,0.0,-0.0,0,1.3516416376850534e+27,227,0.0,454,-621855232.0,-0.0,2112,52429,17109,52429,17111,52429,17095,0,0,0,101,100,100,0.0,65.5,0.0,66.3,-0.0,65.5,1,49,50,180,52429,52429,0,0,0.0,0.0,0.0,60.0,3575971.5,71.0,0.0,-5128371830784.0,0.0,1068,0,1069,0,0,0,1069,0,1079,0,999,0,659,0,660,0,656,0,676,0.032,1.4536034330083127e+22,0.0,0.0,58768,16813,149170400.0,-14311192788992.0,5447699.0,246156960.0,-0.0,3.1250773019875126e+26,50.0,60.0,35,0.0,0.0,10.0,2.0,0.0,0.0,0.0,0.0,0.0,0.0,0.0,0.0,0.0,0.0,0.0,0.0,58.8,58,9,65505,27,65476,0,300,0,0,8,20529,65476,0,0,30147,60.0,0.0,10.0,10.0,2.0,0.0
2026-02-16T12:39:35,ERR,ERR,ERR,ERR,ERR,ERR,ERR,ERR,ERR,ERR,ERR,ERR,ERR,ERR,ERR,ERR,ERR,ERR,ERR,ERR,ERR,ERR,ERR,ERR,ERR,ERR,ERR,ERR,ERR,ERR,ERR,ERR,ERR,ERR,ERR,ERR,ERR,ERR,ERR,ERR,ERR,ERR,ERR,ERR,ERR,ERR,ERR,ERR,ERR,ERR,ERR,ERR,ERR,ERR,ERR,ERR,ERR,ERR,ERR,ERR,ERR,ERR,ERR,ERR,ERR,ERR,ERR,ERR,ERR,ERR,ERR,ERR,ERR,ERR,ERR,ERR,ERR,ERR,ERR,ERR,ERR,ERR,ERR,ERR,ERR,ERR,ERR,ERR,ERR,ERR,ERR,ERR,ERR,ERR,ERR,ERR,ERR,ERR,ERR,ERR,ERR,ERR,ERR,ERR,ERR,ERR,ERR,ERR,ERR,ERR,ERR,ERR,ERR,ERR,ERR,ERR,ERR,ERR,ERR,ERR,ERR,ERR,ERR,ERR,ERR,0.0,-2.7184527190102135e+23,-0.0,0.0,-0.062,4.394090155258555e+35,-0.0,-350.501,4300,0,8,17171,4300,0.0,41,0.0,0.0,0.0,0.0,2.7184166902131945e+23,0,0,0,0,0.0,0,0,0,0,0,0,0,0,0,0,0,0,0,0,0,0,0,0,0,0,0,0,0,0,0,0,0,0,0,0,0,0,0,9,36,36,45,65476,372,65476,1,0,4,21553,0.0,0.0,0.0,0.0,0.0,0.0,0.0,0.0,0.0,0.0,0.0,0.0,0.0,0.0,0.0,0.0,0.0,0.0,0.0,0.0,0.0,2.004,2.004,0.0,-0.0,-3.697075742657269e+19,0.0,0.0,0.0,0.0,6392.0,-0.0,0.0,0.0,-2.7184527190102135e+23,2.7184503771384073e+23,-0.0,0.0,0.0,2.004,2.004,227,-0.0,-0.0,0.0,0.0,0.0,0.0,0.0,0.0,0.0,0,0,0,-0.0,2212.118,3.128079657258189e+16,-0.0,4.650427840816202e+28,0.056,-0.0,-1.7498595614659707e+18,-1.0191150235474827e+36,-8.092128730315102e+30,-8136.77,2.9030493554999296e+16,0.0,0.0,0.0,-0.0,0,1.3516416376850534e+27,227,0.0,454,-621855232.0,-0.0,2112,52429,17109,52429,17111,52429,17095,0,0,0,101,100,100,0.0,65.5,0.0,66.3,-0.0,65.5,1,49,50,180,52429,52429,0,0,0.0,0.0,0.0,60.0,3575971.5,71.0,0.0,-5128371830784.0,0.0,1068,0,1069,0,0,0,1069,0,1079,0,999,0,659,0,660,0,656,0,676,0.032,1.4536034330083127e+22,0.0,0.0,58768,16813,149170400.0,-14311192788992.0,5447699.0,246156960.0,-0.0,3.1250773019875126e+26,50.0,60.0,35,0.0,0.0,10.0,2.0,0.0,0.0,0.0,0.0,0.0,0.0,0.0,0.0,0.0,0.0,0.0,0.0,58.8,57,10,65506,27,65476,0,300,0,0,8,20529,65476,0,0,30147,60.0,0.0,10.0,10.0,2.0,0.0
2026-02-16T12:39:36,ERR,ERR,ERR,ERR,ERR,ERR,ERR,ERR,ERR,ERR,ERR,ERR,ERR,ERR,ERR,ERR,ERR,ERR,ERR,ERR,ERR,ERR,ERR,ERR,ERR,ERR,ERR,ERR,ERR,ERR,ERR,ERR,ERR,ERR,ERR,ERR,ERR,ERR,ERR,ERR,ERR,ERR,ERR,ERR,ERR,ERR,ERR,ERR,ERR,ERR,ERR,ERR,ERR,ERR,ERR,ERR,ERR,ERR,ERR,ERR,ERR,ERR,ERR,ERR,ERR,ERR,ERR,ERR,ERR,ERR,ERR,ERR,ERR,ERR,ERR,ERR,ERR,ERR,ERR,ERR,ERR,ERR,ERR,ERR,ERR,ERR,ERR,ERR,ERR,ERR,ERR,ERR,ERR,ERR,ERR,ERR,ERR,ERR,ERR,ERR,ERR,ERR,ERR,ERR,ERR,ERR,ERR,ERR,ERR,ERR,ERR,ERR,ERR,ERR,ERR,ERR,ERR,ERR,ERR,ERR,ERR,ERR,ERR,ERR,ERR,0.0,-2.7184527190102135e+23,-0.0,0.0,-0.062,0.0,0.0,0.0,4300,0,8,17171,4300,0.0,41,0.0,0.0,0.0,0.0,-0.0,0,0,0,0,0.0,0,0,0,0,0,0,0,0,0,0,0,0,0,0,0,0,0,0,0,0,0,0,0,0,0,0,0,0,0,0,0,0,0,9,36,36,45,65476,372,65476,1,0,4,21553,0.0,0.0,0.0,0.0,0.0,0.0,0.0,0.0,0.0,0.0,0.0,0.0,0.0,0.0,0.0,0.0,0.0,0.0,0.0,0.0,0.0,2.004,2.004,0.0,-0.0,-2.004,0.0,0.0,0.0,0.0,6386.0,-0.0,0.0,0.0,-2.7184527190102135e+23,2.7184503771384073e+23,-0.0,-0.0,0.0,2.004,2.004,228,-0.0,5.848077470904083e+35,0.0,0.0,0.0,0.0,0.0,0.0,0.0,0,0,0,-0.0,0.0,22.783,0.0,23.283,0.0,-0.0,5.292767802747477e+37,-0.0,-8.60711178665782e+30,-8913.54,3.071934341526323e+16,0.0,0.0,0.0,-0.0,0,1.3516416376850534e+27,228,0.0,456,-621855232.0,86146.148,2112,52429,17109,52429,17111,52429,17095,0,0,0,101,100,100,0.0,65.5,0.0,66.3,-0.0,65.5,1,49,50,180,52429,52429,0,0,0.0,0.0,0.0,60.0,3575971.5,71.0,0.0,-5128371830784.0,0.0,1068,0,1069,0,0,0,1069,0,1079,0,999,0,659,0,660,0,656,0,676,0.032,1.4536034330083127e+22,0.0,0.0,58768,16813,149170400.0,-14311192788992.0,5447699.0,246156960.0,-0.0,3.1250773019875126e+26,50.0,60.0,35,0.0,0.0,10.0,2.0,0.0,0.0,0.0,0.0,0.0,0.0,0.0,0.0,0.0,0.0,0.0,0.0,58.8,57,10,65506,27,65476,0,300,0,0,8,20529,65476,0,0,30147,60.0,0.0,10.0,10.0,2.0,0.0
2026-02-16T12:39:37,ERR,ERR,ERR,ERR,ERR,ERR,ERR,ERR,ERR,ERR,ERR,ERR,ERR,ERR,ERR,ERR,ERR,ERR,ERR,ERR,ERR,ERR,ERR,ERR,ERR,ERR,ERR,ERR,ERR,ERR,ERR,ERR,ERR,ERR,ERR,ERR,ERR,ERR,ERR,ERR,ERR,ERR,ERR,ERR,ERR,ERR,ERR,ERR,ERR,ERR,ERR,ERR,ERR,ERR,ERR,ERR,ERR,ERR,ERR,ERR,ERR,ERR,ERR,ERR,ERR,ERR,ERR,ERR,ERR,ERR,ERR,ERR,ERR,ERR,ERR,ERR,ERR,ERR,ERR,ERR,ERR,ERR,ERR,ERR,ERR,ERR,ERR,ERR,ERR,ERR,ERR,ERR,ERR,ERR,ERR,ERR,ERR,ERR,ERR,ERR,ERR,ERR,ERR,ERR,ERR,ERR,ERR,ERR,ERR,ERR,ERR,ERR,ERR,ERR,ERR,ERR,ERR,ERR,ERR,ERR,ERR,ERR,ERR,ERR,ERR,0.0,-2.7184527190102135e+23,-0.0,0.0,-0.062,0.0,0.0,0.0,4300,0,8,17171,4300,0.0,41,0.0,0.0,0.0,0.0,-0.0,0,0,0,0,0.0,0,0,0,0,0,0,0,0,0,0,0,0,0,0,0,0,0,0,0,0,0,0,0,0,0,0,0,0,0,0,0,0,0,9,36,36,45,65476,372,65476,1,0,4,21553,0.0,0.0,0.0,0.0,0.0,0.0,0.0,0.0,0.0,0.0,0.0,0.0,0.0,0.0,0.0,0.0,0.0,0.0,0.0,0.0,0.0,2.004,2.004,0.0,-0.0,-2.004,0.0,0.0,0.0,0.0,6386.0,-0.0,0.0,0.0,-2.7184527190102135e+23,2.7184503771384073e+23,-0.0,-0.0,0.0,2.004,2.004,228,-0.0,5.848077470904083e+35,0.0,0.0,0.0,0.0,0.0,0.0,0.0,0,0,0,-0.0,0.0,22.783,0.0,23.283,0.0,-0.0,5.292767802747477e+37,-0.0,-8.60711178665782e+30,-8913.54,3.071934341526323e+16,0.0,0.0,0.0,-0.0,0,1.3516416376850534e+27,228,0.0,456,-621855232.0,86146.148,2112,52429,17109,52429,17111,52429,17095,0,0,0,101,100,100,0.0,65.5,0.0,66.3,-0.0,65.5,1,49,50,180,52429,52429,0,0,0.0,0.0,0.0,60.0,3575971.5,71.0,0.0,-5128371830784.0,0.0,1068,0,1069,0,0,0,1069,0,1079,0,999,0,659,0,660,0,656,0,676,0.032,1.4536034330083127e+22,0.0,0.0,58768,16813,149170400.0,-14311192788992.0,5447699.0,246156960.0,-0.0,3.1250773019875126e+26,50.0,60.0,35,0.0,0.0,10.0,2.0,0.0,0.0,0.0,0.0,0.0,0.0,0.0,0.0,0.0,0.0,0.0,0.0,58.8,57,10,65506,27,65476,0,300,0,0,8,20529,65476,0,0,30147,60.0,0.0,10.0,10.0,2.0,0.0
2026-02-16T12:39:38,ERR,ERR,ERR,ERR,ERR,ERR,ERR,ERR,ERR,ERR,ERR,ERR,ERR,ERR,ERR,ERR,ERR,ERR,ERR,ERR,ERR,ERR,ERR,ERR,ERR,ERR,ERR,ERR,ERR,ERR,ERR,ERR,ERR,ERR,ERR,ERR,ERR,ERR,ERR,ERR,ERR,ERR,ERR,ERR,ERR,ERR,ERR,ERR,ERR,ERR,ERR,ERR,ERR,ERR,ERR,ERR,ERR,ERR,ERR,ERR,ERR,ERR,ERR,ERR,ERR,ERR,ERR,ERR,ERR,ERR,ERR,ERR,ERR,ERR,ERR,ERR,ERR,ERR,ERR,ERR,ERR,ERR,ERR,ERR,ERR,ERR,ERR,ERR,ERR,ERR,ERR,ERR,ERR,ERR,ERR,ERR,ERR,ERR,ERR,ERR,ERR,ERR,ERR,ERR,ERR,ERR,ERR,ERR,ERR,ERR,ERR,ERR,ERR,ERR,ERR,ERR,ERR,ERR,ERR,ERR,ERR,ERR,ERR,ERR,ERR,0.0,-2.7184527190102135e+23,-0.0,0.0,-0.062,0.0,0.0,0.0,4300,0,8,17171,4300,0.0,41,0.0,0.0,0.0,0.0,-0.0,0,0,0,0,0.0,0,0,0,0,0,0,0,0,0,0,0,0,0,0,0,0,0,0,0,0,0,0,0,0,0,0,0,0,0,0,0,0,0,9,36,36,45,65476,372,65476,1,0,4,21553,0.0,0.0,0.0,0.0,0.0,0.0,0.0,0.0,0.0,0.0,0.0,0.0,0.0,0.0,0.0,0.0,0.0,0.0,0.0,0.0,0.0,2.004,2.004,0.0,-0.0,-2.004,0.0,0.0,0.0,0.0,6386.0,-0.0,0.0,0.0,-2.7184527190102135e+23,2.7184503771384073e+23,-0.0,-0.0,0.0,2.004,2.004,228,-0.0,5.848077470904083e+35,0.0,0.0,0.0,0.0,0.0,0.0,0.0,0,0,0,-0.0,0.0,22.783,0.0,23.283,0.0,-0.0,5.292767802747477e+37,-0.0,-8.60711178665782e+30,-8913.54,3.071934341526323e+16,0.0,0.0,0.0,-0.0,0,1.3516416376850534e+27,228,0.0,456,-621855232.0,86146.148,2112,0,17110,52429,17111,52429,17095,0,0,0,101,100,100,0.0,65.5,0.0,66.3,-0.0,65.5,1,49,50,180,52429,52429,0,0,0.0,0.0,0.0,60.0,0.0,71.0,0.0,-497560352.0,0.0,1069,0,1069,0,0,0,1069,0,1079,0,999,0,658,0,660,0,656,0,676,0.032,1.4536034330083127e+22,0.0,0.0,46480,16813,0.0,-497560352.0,-2.5260582845612197e+36,0.0,0.0,0.0,50.0,60.0,35,0.0,0.0,10.0,2.0,0.0,0.0,0.0,0.0,0.0,0.0,0.0,0.0,0.0,0.0,0.0,0.0,58.8,57,10,65506,27,65476,0,300,0,0,8,20529,65476,0,0,30147,60.0,0.0,10.0,10.0,2.0,0.0
2026-02-16T12:39:39,ERR,ERR,ERR,ERR,ERR,ERR,ERR,ERR,ERR,ERR,ERR,ERR,ERR,ERR,ERR,ERR,ERR,ERR,ERR,ERR,ERR,ERR,ERR,ERR,ERR,ERR,ERR,ERR,ERR,ERR,ERR,ERR,ERR,ERR,ERR,ERR,ERR,ERR,ERR,ERR,ERR,ERR,ERR,ERR,ERR,ERR,ERR,ERR,ERR,ERR,ERR,ERR,ERR,ERR,ERR,ERR,ERR,ERR,ERR,ERR,ERR,ERR,ERR,ERR,ERR,ERR,ERR,ERR,ERR,ERR,ERR,ERR,ERR,ERR,ERR,ERR,ERR,ERR,ERR,ERR,ERR,ERR,ERR,ERR,ERR,ERR,ERR,ERR,ERR,ERR,ERR,ERR,ERR,ERR,ERR,ERR,ERR,ERR,ERR,ERR,ERR,ERR,ERR,ERR,ERR,ERR,ERR,ERR,ERR,ERR,ERR,ERR,ERR,ERR,ERR,ERR,ERR,ERR,ERR,ERR,ERR,ERR,ERR,ERR,ERR,0.0,-2.7184527190102135e+23,-0.0,0.0,-0.062,0.0,0.0,0.0,4300,0,8,17171,4300,0.0,41,0.0,0.0,0.0,0.0,-0.0,0,0,0,0,0.0,0,0,0,0,0,0,0,0,0,0,0,0,0,0,0,0,0,0,0,0,0,0,0,0,0,0,0,0,0,0,0,0,0,9,36,36,45,65476,372,65476,1,0,4,21553,0.0,0.0,0.0,0.0,0.0,0.0,0.0,0.0,0.0,0.0,0.0,0.0,0.0,0.0,0.0,0.0,0.0,0.0,0.0,0.0,0.0,2.004,2.004,0.0,-0.0,-2.004,0.0,0.0,0.0,0.0,6386.0,-0.0,0.0,0.0,-2.7184527190102135e+23,2.7184503771384073e+23,-0.0,-0.0,0.0,2.004,2.004,228,-0.0,5.848077470904083e+35,0.0,0.0,0.0,0.0,0.0,0.0,0.0,0,0,0,-0.0,0.0,22.783,0.0,23.283,0.0,-0.0,5.292767802747477e+37,-0.0,-8.60711178665782e+30,-8913.54,3.071934341526323e+16,0.0,0.0,0.0,-0.0,0,1.3516416376850534e+27,228,0.0,456,-621855232.0,86146.148,2112,0,17110,52429,17111,52429,17095,0,0,0,101,100,100,0.0,65.5,0.0,66.3,-0.0,65.5,1,49,50,180,52429,52429,0,0,0.0,0.0,0.0,60.0,0.0,71.0,0.0,-497560352.0,0.0,1069,0,1069,0,0,0,1069,0,1079,0,999,0,658,0,660,0,656,0,676,0.032,1.4536034330083127e+22,0.0,0.0,46480,16813,0.0,-497560352.0,-2.5260582845612197e+36,0.0,0.0,0.0,50.0,60.0,35,0.0,0.0,10.0,2.0,0.0,0.0,0.0,0.0,0.0,0.0,0.0,0.0,0.0,0.0,0.0,0.0,58.8,57,10,65506,27,65476,0,300,0,0,8,20529,65476,0,0,30147,60.0,0.0,10.0,10.0,2.0,0.0
2026-02-16T12:39:40,ERR,ERR,ERR,ERR,ERR,ERR,ERR,ERR,ERR,ERR,ERR,ERR,ERR,ERR,ERR,ERR,ERR,ERR,ERR,ERR,ERR,ERR,ERR,ERR,ERR,ERR,ERR,ERR,ERR,ERR,ERR,ERR,ERR,ERR,ERR,ERR,ERR,ERR,ERR,ERR,ERR,ERR,ERR,ERR,ERR,ERR,ERR,ERR,ERR,ERR,ERR,ERR,ERR,ERR,ERR,ERR,ERR,ERR,ERR,ERR,ERR,ERR,ERR,ERR,ERR,ERR,ERR,ERR,ERR,ERR,ERR,ERR,ERR,ERR,ERR,ERR,ERR,ERR,ERR,ERR,ERR,ERR,ERR,ERR,ERR,ERR,ERR,ERR,ERR,ERR,ERR,ERR,ERR,ERR,ERR,ERR,ERR,ERR,ERR,ERR,ERR,ERR,ERR,ERR,ERR,ERR,ERR,ERR,ERR,ERR,ERR,ERR,ERR,ERR,ERR,ERR,ERR,ERR,ERR,ERR,ERR,ERR,ERR,ERR,ERR,0.0,-2.7184527190102135e+23,-0.0,0.0,-0.062,0.0,0.0,0.0,4300,0,8,17171,4300,0.0,41,0.0,0.0,0.0,0.0,-0.0,0,0,0,0,0.0,0,0,0,0,0,0,0,0,0,0,0,0,0,0,0,0,0,0,0,0,0,0,0,0,0,0,0,0,0,0,0,0,0,9,36,36,45,65476,372,65476,1,0,4,21553,0.0,0.0,0.0,0.0,0.0,0.0,0.0,0.0,0.0,0.0,0.0,0.0,0.0,0.0,0.0,0.0,0.0,0.0,0.0,0.0,0.0,2.004,2.004,0.0,-0.0,-2.004,0.0,0.0,0.0,0.0,6386.0,-0.0,0.0,0.0,-2.7184527190102135e+23,2.7184503771384073e+23,-0.0,-0.0,0.0,2.004,2.004,228,-0.0,5.848077470904083e+35,0.0,0.0,0.0,0.0,0.0,0.0,0.0,0,0,0,-0.0,0.0,22.783,0.0,23.283,0.0,-0.0,5.292767802747477e+37,-0.0,-8.60711178665782e+30,-8913.54,3.071934341526323e+16,0.0,0.0,0.0,-0.0,0,1.3516416376850534e+27,228,0.0,456,-621855232.0,86146.148,2112,0,17110,52429,17111,52429,17095,0,0,0,101,100,100,0.0,65.5,0.0,66.3,-0.0,65.5,1,49,50,180,52429,52429,0,0,0.0,0.0,0.0,60.0,0.0,71.0,0.0,-497560352.0,0.0,1069,0,1069,0,0,0,1069,0,1079,0,999,0,658,0,660,0,656,0,676,0.032,1.4536034330083127e+22,0.0,0.0,46480,16813,0.0,-497560352.0,-2.5260582845612197e+36,0.0,0.0,0.0,50.0,60.0,35,0.0,0.0,10.0,2.0,0.0,0.0,0.0,0.0,0.0,0.0,0.0,0.0,0.0,0.0,0.0,0.0,58.8,57,10,65506,27,65476,0,300,0,0,8,20529,65476,0,0,30147,60.0,0.0,10.0,10.0,2.0,0.0
2026-02-16T12:39:41,ERR,ERR,ERR,ERR,ERR,ERR,ERR,ERR,ERR,ERR,ERR,ERR,ERR,ERR,ERR,ERR,ERR,ERR,ERR,ERR,ERR,ERR,ERR,ERR,ERR,ERR,ERR,ERR,ERR,ERR,ERR,ERR,ERR,ERR,ERR,ERR,ERR,ERR,ERR,ERR,ERR,ERR,ERR,ERR,ERR,ERR,ERR,ERR,ERR,ERR,ERR,ERR,ERR,ERR,ERR,ERR,ERR,ERR,ERR,ERR,ERR,ERR,ERR,ERR,ERR,ERR,ERR,ERR,ERR,ERR,ERR,ERR,ERR,ERR,ERR,ERR,ERR,ERR,ERR,ERR,ERR,ERR,ERR,ERR,ERR,ERR,ERR,ERR,ERR,ERR,ERR,ERR,ERR,ERR,ERR,ERR,ERR,ERR,ERR,ERR,ERR,ERR,ERR,ERR,ERR,ERR,ERR,ERR,ERR,ERR,ERR,ERR,ERR,ERR,ERR,ERR,ERR,ERR,ERR,ERR,ERR,ERR,ERR,ERR,ERR,0.0,-2.7184527190102135e+23,-0.0,0.0,-0.062,0.0,0.0,0.0,4300,0,8,17171,4300,0.0,41,0.0,0.0,0.0,0.0,-0.0,0,0,0,0,0.0,0,0,0,0,0,0,0,0,0,0,0,0,0,0,0,0,0,0,0,0,0,0,0,0,0,0,0,0,0,0,0,0,0,9,36,36,45,65476,372,65476,1,0,4,21553,0.0,0.0,0.0,0.0,0.0,0.0,0.0,0.0,0.0,0.0,0.0,0.0,0.0,0.0,0.0,0.0,0.0,0.0,0.0,0.0,0.0,2.004,2.004,0.0,-0.0,-2.004,0.0,0.0,0.0,0.0,6386.0,-0.0,0.0,0.0,-2.7184527190102135e+23,2.7184503771384073e+23,-0.0,-0.0,0.0,2.004,2.004,228,-0.0,5.848077470904083e+35,0.0,0.0,0.0,0.0,0.0,0.0,0.0,0,0,0,-0.0,0.0,22.783,0.0,23.283,0.0,-0.0,5.292767802747477e+37,-0.0,-8.60711178665782e+30,-8913.54,3.071934341526323e+16,0.0,0.0,0.0,-0.0,0,1.3516416376850534e+27,228,0.0,456,-621855232.0,86146.148,2112,0,17110,52429,17111,52429,17095,0,0,0,101,100,100,0.0,65.5,0.0,66.3,-0.0,65.5,1,49,50,180,52429,52429,0,0,0.0,0.0,0.0,60.0,0.0,71.0,0.0,-497560352.0,0.0,1069,0,1069,0,0,0,1069,0,1079,0,999,0,658,0,660,0,656,0,676,0.032,1.4536034330083127e+22,0.0,0.0,46480,16813,0.0,-497560352.0,-2.5260582845612197e+36,0.0,0.0,0.0,50.0,60.0,35,0.0,0.0,10.0,2.0,0.0,0.0,0.0,0.0,0.0,0.0,0.0,0.0,0.0,0.0,0.0,0.0,58.8,56,10,65507,27,65476,0,300,0,0,8,20529,65476,0,0,30147,60.0,0.0,10.0,10.0,2.0,0.0
2026-02-16T12:39:42,ERR,ERR,ERR,ERR,ERR,ERR,ERR,ERR,ERR,ERR,ERR,ERR,ERR,ERR,ERR,ERR,ERR,ERR,ERR,ERR,ERR,ERR,ERR,ERR,ERR,ERR,ERR,ERR,ERR,ERR,ERR,ERR,ERR,ERR,ERR,ERR,ERR,ERR,ERR,ERR,ERR,ERR,ERR,ERR,ERR,ERR,ERR,ERR,ERR,ERR,ERR,ERR,ERR,ERR,ERR,ERR,ERR,ERR,ERR,ERR,ERR,ERR,ERR,ERR,ERR,ERR,ERR,ERR,ERR,ERR,ERR,ERR,ERR,ERR,ERR,ERR,ERR,ERR,ERR,ERR,ERR,ERR,ERR,ERR,ERR,ERR,ERR,ERR,ERR,ERR,ERR,ERR,ERR,ERR,ERR,ERR,ERR,ERR,ERR,ERR,ERR,ERR,ERR,ERR,ERR,ERR,ERR,ERR,ERR,ERR,ERR,ERR,ERR,ERR,ERR,ERR,ERR,ERR,ERR,ERR,ERR,ERR,ERR,ERR,ERR,0.0,-2.7184527190102135e+23,-0.0,0.0,-0.062,0.0,0.0,0.0,4300,0,8,17171,4300,0.0,41,0.0,0.0,0.0,0.0,-0.0,0,0,0,0,0.0,0,0,0,0,0,0,0,0,0,0,0,0,0,0,0,0,0,0,0,0,0,0,0,0,0,0,0,0,0,0,0,0,0,9,36,36,45,65476,371,65476,1,0,4,21553,0.0,0.0,0.0,0.0,0.0,0.0,0.0,0.0,0.0,0.0,0.0,0.0,0.0,0.0,0.0,0.0,0.0,0.0,0.0,0.0,0.0,2.004,2.004,0.0,-0.0,-3.697075742657269e+19,0.0,0.0,0.0,0.0,6418.0,0.0,0.0,0.0,-2.7184527190102135e+23,0.0,2.7184507374263774e+23,0.0,0.0,2.004,2.004,228,2.718417410789135e+23,0.0,0.0,0.0,0.0,0.0,0.0,0.0,0.0,0,0,0,-0.0,0.0,420592725524480.0,-0.0,2.0502320644255384e+19,0.0,-0.0,-147635205832704.0,-5.332829049734543e+31,-9.16170892425767e+30,-9681.54,3.2548930763882496e+16,0.0,0.0,0.0,-0.0,0,1.3516416376850534e+27,228,0.0,456,0.0,2.7419744794320143e+23,2112,52429,17109,52429,17111,52429,17095,0,0,0,101,100,100,0.0,65.5,0.0,66.4,-107615256.0,65.5,1,49,50,180,52429,52429,0,0,0.0,0.0,0.0,60.0,0.002,71.0,0.0,0.0,0.0,1069,0,1069,0,0,0,1069,0,1079,0,999,0,659,0,661,0,656,0,676,0.032,1.4536034330083127e+22,0.0,0.0,63376,16813,2788.16,0.0,-0.0,0.0,-10896.396,-4110286323712.0,50.0,60.0,35,0.0,0.0,10.0,2.0,0.0,0.0,0.0,0.0,0.0,0.0,0.0,0.0,0.0,0.0,0.0,0.0,58.8,56,10,65507,27,65476,0,300,0,0,8,20529,65476,0,0,30147,60.0,0.0,10.0,10.0,2.0,0.0
2026-02-16T12:39:43,ERR,ERR,ERR,ERR,ERR,ERR,ERR,ERR,ERR,ERR,ERR,ERR,ERR,ERR,ERR,ERR,ERR,ERR,ERR,ERR,ERR,ERR,ERR,ERR,ERR,ERR,ERR,ERR,ERR,ERR,ERR,ERR,ERR,ERR,ERR,ERR,ERR,ERR,ERR,ERR,ERR,ERR,ERR,ERR,ERR,ERR,ERR,ERR,ERR,ERR,ERR,ERR,ERR,ERR,ERR,ERR,ERR,ERR,ERR,ERR,ERR,ERR,ERR,ERR,ERR,ERR,ERR,ERR,ERR,ERR,ERR,ERR,ERR,ERR,ERR,ERR,ERR,ERR,ERR,ERR,ERR,ERR,ERR,ERR,ERR,ERR,ERR,ERR,ERR,ERR,ERR,ERR,ERR,ERR,ERR,ERR,ERR,ERR,ERR,ERR,ERR,ERR,ERR,ERR,ERR,ERR,ERR,ERR,ERR,ERR,ERR,ERR,ERR,ERR,ERR,ERR,ERR,ERR,ERR,ERR,ERR,ERR,ERR,ERR,ERR,0.0,-2.7184527190102135e+23,-0.0,0.0,-0.062,0.0,0.0,0.0,4300,0,8,17171,4300,0.0,41,0.0,0.0,0.0,0.0,-0.0,0,0,0,0,0.0,0,0,0,0,0,0,0,0,0,0,0,0,0,0,0,0,0,0,0,0,0,0,0,0,0,0,0,0,0,0,0,0,0,9,36,36,45,65476,371,65476,1,0,4,21553,0.0,0.0,0.0,0.0,0.0,0.0,0.0,0.0,0.0,0.0,0.0,0.0,0.0,0.0,0.0,0.0,0.0,0.0,0.0,0.0,0.0,2.004,2.004,0.0,-0.0,-3.697075742657269e+19,0.0,0.0,0.0,0.0,6418.0,0.0,0.0,0.0,-2.7184527190102135e+23,0.0,2.7184507374263774e+23,0.0,0.0,2.004,2.004,228,2.718417410789135e+23,0.0,0.0,0.0,0.0,0.0,0.0,0.0,0.0,0,0,0,-0.0,0.0,420592725524480.0,-0.0,2.0502320644255384e+19,0.0,-0.0,-147635205832704.0,-5.332829049734543e+31,-9.16170892425767e+30,-9681.54,3.2548930763882496e+16,0.0,0.0,0.0,-0.0,0,1.3516416376850534e+27,228,0.0,456,0.0,2.7419744794320143e+23,2112,52429,17109,52429,17111,52429,17095,0,0,0,101,100,100,0.0,65.5,0.0,66.4,-107615256.0,65.5,1,49,50,180,52429,52429,0,0,0.0,0.0,0.0,60.0,0.002,71.0,0.0,0.0,0.0,1069,0,1069,0,0,0,1069,0,1079,0,999,0,659,0,661,0,656,0,676,0.032,1.4536034330083127e+22,0.0,0.0,63376,16813,2788.16,0.0,-0.0,0.0,-10896.396,-4110286323712.0,50.0,60.0,35,0.0,0.0,10.0,2.0,0.0,0.0,0.0,0.0,0.0,0.0,0.0,0.0,0.0,0.0,0.0,0.0,58.8,56,10,65507,27,65476,0,300,0,0,8,20529,65476,0,0,30147,60.0,0.0,10.0,10.0,2.0,0.0
2026-02-16T12:39:44,ERR,ERR,ERR,ERR,ERR,ERR,ERR,ERR,ERR,ERR,ERR,ERR,ERR,ERR,ERR,ERR,ERR,ERR,ERR,ERR,ERR,ERR,ERR,ERR,ERR,ERR,ERR,ERR,ERR,ERR,ERR,ERR,ERR,ERR,ERR,ERR,ERR,ERR,ERR,ERR,ERR,ERR,ERR,ERR,ERR,ERR,ERR,ERR,ERR,ERR,ERR,ERR,ERR,ERR,ERR,ERR,ERR,ERR,ERR,ERR,ERR,ERR,ERR,ERR,ERR,ERR,ERR,ERR,ERR,ERR,ERR,ERR,ERR,ERR,ERR,ERR,ERR,ERR,ERR,ERR,ERR,ERR,ERR,ERR,ERR,ERR,ERR,ERR,ERR,ERR,ERR,ERR,ERR,ERR,ERR,ERR,ERR,ERR,ERR,ERR,ERR,ERR,ERR,ERR,ERR,ERR,ERR,ERR,ERR,ERR,ERR,ERR,ERR,ERR,ERR,ERR,ERR,ERR,ERR,ERR,ERR,ERR,ERR,ERR,ERR,0.0,-2.7184527190102135e+23,-0.0,0.0,-0.062,0.0,0.0,0.0,4300,0,8,17171,4300,0.0,41,0.0,0.0,0.0,0.0,-0.0,0,0,0,0,0.0,0,0,0,0,0,0,0,0,0,0,0,0,0,0,0,0,0,0,0,0,0,0,0,0,0,0,0,0,0,0,0,0,0,9,36,36,45,65476,371,65476,1,0,4,21553,0.0,0.0,0.0,0.0,0.0,0.0,0.0,0.0,0.0,0.0,0.0,0.0,0.0,0.0,0.0,0.0,0.0,0.0,0.0,0.0,0.0,2.004,2.004,0.0,-0.0,-3.697075742657269e+19,0.0,0.0,0.0,0.0,6418.0,0.0,0.0,0.0,-2.7184527190102135e+23,0.0,2.7184507374263774e+23,0.0,0.0,2.004,2.004,228,2.718417410789135e+23,0.0,0.0,0.0,0.0,0.0,0.0,0.0,0.0,0,0,0,-0.0,0.0,420592725524480.0,-0.0,2.0502320644255384e+19,0.0,-0.0,-147635205832704.0,-5.332829049734543e+31,-9.16170892425767e+30,-9681.54,3.2548930763882496e+16,0.0,0.0,0.0,-0.0,0,1.3516416376850534e+27,228,0.0,456,0.0,2.7419744794320143e+23,2112,52429,17109,52429,17111,52429,17095,0,0,0,101,100,100,0.0,65.5,0.0,66.4,-107615256.0,65.5,1,49,50,180,52429,52429,0,0,0.0,0.0,0.0,60.0,0.002,71.0,0.0,0.0,0.0,1069,0,1069,0,0,0,1069,0,1079,0,999,0,659,0,661,0,656,0,676,0.032,1.4536034330083127e+22,0.0,0.0,63376,16813,2788.16,0.0,-0.0,0.0,-10896.396,-4110286323712.0,50.0,60.0,35,0.0,0.0,10.0,2.0,0.0,0.0,0.0,0.0,0.0,0.0,0.0,0.0,0.0,0.0,0.0,0.0,58.8,56,10,65507,27,65476,0,300,0,0,8,20529,65476,0,0,30147,60.0,0.0,10.0,10.0,2.0,0.0
2026-02-16T12:39:45,ERR,ERR,ERR,ERR,ERR,ERR,ERR,ERR,ERR,ERR,ERR,ERR,ERR,ERR,ERR,ERR,ERR,ERR,ERR,ERR,ERR,ERR,ERR,ERR,ERR,ERR,ERR,ERR,ERR,ERR,ERR,ERR,ERR,ERR,ERR,ERR,ERR,ERR,ERR,ERR,ERR,ERR,ERR,ERR,ERR,ERR,ERR,ERR,ERR,ERR,ERR,ERR,ERR,ERR,ERR,ERR,ERR,ERR,ERR,ERR,ERR,ERR,ERR,ERR,ERR,ERR,ERR,ERR,ERR,ERR,ERR,ERR,ERR,ERR,ERR,ERR,ERR,ERR,ERR,ERR,ERR,ERR,ERR,ERR,ERR,ERR,ERR,ERR,ERR,ERR,ERR,ERR,ERR,ERR,ERR,ERR,ERR,ERR,ERR,ERR,ERR,ERR,ERR,ERR,ERR,ERR,ERR,ERR,ERR,ERR,ERR,ERR,ERR,ERR,ERR,ERR,ERR,ERR,ERR,ERR,ERR,ERR,ERR,ERR,ERR,0.0,-2.7184527190102135e+23,-0.0,0.0,-0.062,0.0,0.0,0.0,4300,0,8,17171,4300,0.0,41,0.0,0.0,0.0,0.0,-0.0,0,0,0,0,0.0,0,0,0,0,0,0,0,0,0,0,0,0,0,0,0,0,0,0,0,0,0,0,0,0,0,0,0,0,0,0,0,0,0,9,36,36,45,65476,371,65476,1,0,4,21553,0.0,0.0,0.0,0.0,0.0,0.0,0.0,0.0,0.0,0.0,0.0,0.0,0.0,0.0,0.0,0.0,0.0,0.0,0.0,0.0,0.0,2.004,2.004,0.0,-0.0,-3.697075742657269e+19,0.0,0.0,0.0,0.0,6418.0,0.0,0.0,0.0,-2.7184527190102135e+23,0.0,2.7184507374263774e+23,0.0,0.0,2.004,2.004,228,2.718417410789135e+23,0.0,0.0,0.0,0.0,0.0,0.0,0.0,0.0,0,0,0,-0.0,0.0,420592725524480.0,-0.0,2.0502320644255384e+19,0.0,-0.0,-147635205832704.0,-5.332829049734543e+31,-9.16170892425767e+30,-9681.54,3.2548930763882496e+16,0.0,0.0,0.0,-0.0,0,1.3516416376850534e+27,228,0.0,456,0.0,2.7419744794320143e+23,2112,52429,17109,52429,17111,52429,17095,0,0,0,101,100,100,0.0,65.5,0.0,66.4,-107615256.0,65.5,1,49,50,180,52429,52429,0,0,0.0,0.0,0.0,60.0,2487389696.0,71.0,0.0,-0.0,0.0,1069,0,1069,0,0,0,1069,0,1079,0,999,0,659,0,660,0,656,0,676,0.032,1.4536034330083127e+22,0.0,0.0,63888,16813,1.557,-101605646336.0,0.0,-0.0,3.3620333862741103e+21,1517569.375,50.0,60.0,35,0.0,0.0,10.0,2.0,0.0,0.0,0.0,0.0,0.0,0.0,0.0,0.0,0.0,0.0,0.0,0.0,58.8,56,10,65507,27,65476,0,300,0,0,8,20529,65476,0,0,30147,60.0,0.0,10.0,10.0,2.0,0.0
2026-02-16T12:39:46,ERR,ERR,ERR,ERR,ERR,ERR,ERR,ERR,ERR,ERR,ERR,ERR,ERR,ERR,ERR,ERR,ERR,ERR,ERR,ERR,ERR,ERR,ERR,ERR,ERR,ERR,ERR,ERR,ERR,ERR,ERR,ERR,ERR,ERR,ERR,ERR,ERR,ERR,ERR,ERR,ERR,ERR,ERR,ERR,ERR,ERR,ERR,ERR,ERR,ERR,ERR,ERR,ERR,ERR,ERR,ERR,ERR,ERR,ERR,ERR,ERR,ERR,ERR,ERR,ERR,ERR,ERR,ERR,ERR,ERR,ERR,ERR,ERR,ERR,ERR,ERR,ERR,ERR,ERR,ERR,ERR,ERR,ERR,ERR,ERR,ERR,ERR,ERR,ERR,ERR,ERR,ERR,ERR,ERR,ERR,ERR,ERR,ERR,ERR,ERR,ERR,ERR,ERR,ERR,ERR,ERR,ERR,ERR,ERR,ERR,ERR,ERR,ERR,ERR,ERR,ERR,ERR,ERR,ERR,ERR,ERR,ERR,ERR,ERR,ERR,0.0,-2.7184527190102135e+23,-0.0,0.0,-0.062,0.0,0.0,0.0,4300,0,8,17170,4300,0.0,41,0.0,0.0,0.0,0.0,-0.0,0,0,0,0,0.0,0,0,0,0,0,0,0,0,0,0,0,0,0,0,0,0,0,0,0,0,0,0,0,0,0,0,0,0,0,0,0,0,0,9,36,36,45,65476,377,65476,1,0,4,21553,0.0,-0.0,0.0,0.0,0.0,0.0,0.0,0.0,0.0,0.0,0.0,0.0,0.0,0.0,0.0,0.0,0.0,0.0,0.0,0.0,0.0,2.004,2.004,0.0,3.697074863047967e+19,-2.004,0.0,0.0,0.0,0.0,6414.0,-8608227328.0,0.0,0.0,-2.7184527190102135e+23,0.0,2.7184507374263774e+23,0.0,0.0,2.004,2.004,227,0.0,-0.0,0.0,0.0,0.0,0.0,0.0,0.0,0.0,0,0,0,-0.0,909.03,709942272.0,0.116,148459225088.0,-6.507154671924737e+28,4.4918283141528644e+36,-0.0,-64.137,-9.637077899343256e+30,-10577.54,3.451925560085709e+16,0.0,0.0,0.0,-0.0,0,1.3516416376850534e+27,227,0.0,454,-621855232.0,-2.216540147040146e+20,2112,52429,17109,52429,17111,52429,17095,0,0,0,101,100,100,0.0,65.5,0.0,66.4,-107615256.0,65.5,1,49,50,180,52429,52429,0,0,0.0,0.0,0.0,60.0,2487389696.0,71.0,0.0,-0.0,0.0,1069,0,1069,0,0,0,1069,0,1079,0,999,0,659,0,660,0,656,0,676,0.032,1.4536034330083127e+22,0.0,0.0,63888,16813,1.557,-101605646336.0,0.0,-0.0,3.3620333862741103e+21,1517569.375,50.0,60.0,35,0.0,0.0,10.0,2.0,0.0,0.0,0.0,0.0,0.0,0.0,0.0,0.0,0.0,0.0,0.0,0.0,58.8,56,10,65507,27,65476,0,300,0,0,8,20529,65476,0,0,30147,60.0,0.0,10.0,10.0,2.0,0.0
2026-02-16T12:39:47,ERR,ERR,ERR,ERR,ERR,ERR,ERR,ERR,ERR,ERR,ERR,ERR,ERR,ERR,ERR,ERR,ERR,ERR,ERR,ERR,ERR,ERR,ERR,ERR,ERR,ERR,ERR,ERR,ERR,ERR,ERR,ERR,ERR,ERR,ERR,ERR,ERR,ERR,ERR,ERR,ERR,ERR,ERR,ERR,ERR,ERR,ERR,ERR,ERR,ERR,ERR,ERR,ERR,ERR,ERR,ERR,ERR,ERR,ERR,ERR,ERR,ERR,ERR,ERR,ERR,ERR,ERR,ERR,ERR,ERR,ERR,ERR,ERR,ERR,ERR,ERR,ERR,ERR,ERR,ERR,ERR,ERR,ERR,ERR,ERR,ERR,ERR,ERR,ERR,ERR,ERR,ERR,ERR,ERR,ERR,ERR,ERR,ERR,ERR,ERR,ERR,ERR,ERR,ERR,ERR,ERR,ERR,ERR,ERR,ERR,ERR,ERR,ERR,ERR,ERR,ERR,ERR,ERR,ERR,ERR,ERR,ERR,ERR,ERR,ERR,0.0,-2.7184527190102135e+23,-0.0,0.0,-0.062,0.0,0.0,0.0,4300,0,8,17170,4300,0.0,41,0.0,0.0,0.0,0.0,-0.0,0,0,0,0,0.0,0,0,0,0,0,0,0,0,0,0,0,0,0,0,0,0,0,0,0,0,0,0,0,0,0,0,0,0,0,0,0,0,0,9,36,36,45,65476,377,65476,1,0,4,21553,0.0,-0.0,0.0,0.0,0.0,0.0,0.0,0.0,0.0,0.0,0.0,0.0,0.0,0.0,0.0,0.0,0.0,0.0,0.0,0.0,0.0,2.004,2.004,0.0,3.697074863047967e+19,-2.004,0.0,0.0,0.0,0.0,6414.0,-8608227328.0,0.0,0.0,-2.7184527190102135e+23,0.0,2.7184507374263774e+23,0.0,0.0,2.004,2.004,227,0.0,-0.0,0.0,0.0,0.0,0.0,0.0,0.0,0.0,0,0,0,-0.0,909.03,709942272.0,0.116,148459225088.0,-6.507154671924737e+28,4.4918283141528644e+36,-0.0,-64.137,-9.637077899343256e+30,-10577.54,3.451925560085709e+16,0.0,0.0,0.0,-0.0,0,1.3516416376850534e+27,227,0.0,454,-621855232.0,-2.216540147040146e+20,2112,52429,17109,52429,17111,52429,17095,0,0,0,101,100,100,0.0,65.5,0.0,66.4,-107615256.0,65.5,1,49,50,180,52429,52429,0,0,0.0,0.0,0.0,60.0,2487389696.0,71.0,0.0,-0.0,0.0,1069,0,1069,0,0,0,1069,0,1079,0,999,0,659,0,660,0,656,0,676,0.032,1.4536034330083127e+22,0.0,0.0,63888,16813,1.557,-101605646336.0,0.0,-0.0,3.3620333862741103e+21,1517569.375,50.0,60.0,35,0.0,0.0,10.0,2.0,0.0,0.0,0.0,0.0,0.0,0.0,0.0,0.0,0.0,0.0,0.0,0.0,59.2,56,10,65507,27,65476,0,300,0,0,8,20529,65476,0,0,30147,60.0,0.0,10.0,10.0,2.0,0.0
2026-02-16T12:39:48,ERR,ERR,ERR,ERR,ERR,ERR,ERR,ERR,ERR,ERR,ERR,ERR,ERR,ERR,ERR,ERR,ERR,ERR,ERR,ERR,ERR,ERR,ERR,ERR,ERR,ERR,ERR,ERR,ERR,ERR,ERR,ERR,ERR,ERR,ERR,ERR,ERR,ERR,ERR,ERR,ERR,ERR,ERR,ERR,ERR,ERR,ERR,ERR,ERR,ERR,ERR,ERR,ERR,ERR,ERR,ERR,ERR,ERR,ERR,ERR,ERR,ERR,ERR,ERR,ERR,ERR,ERR,ERR,ERR,ERR,ERR,ERR,ERR,ERR,ERR,ERR,ERR,ERR,ERR,ERR,ERR,ERR,ERR,ERR,ERR,ERR,ERR,ERR,ERR,ERR,ERR,ERR,ERR,ERR,ERR,ERR,ERR,ERR,ERR,ERR,ERR,ERR,ERR,ERR,ERR,ERR,ERR,ERR,ERR,ERR,ERR,ERR,ERR,ERR,ERR,ERR,ERR,ERR,ERR,ERR,ERR,ERR,ERR,ERR,ERR,0.0,-2.7184527190102135e+23,-0.0,0.0,-0.062,0.0,0.0,0.0,4300,0,8,17170,4300,0.0,41,0.0,0.0,0.0,0.0,-0.0,0,0,0,0,0.0,0,0,0,0,0,0,0,0,0,0,0,0,0,0,0,0,0,0,0,0,0,0,0,0,0,0,0,0,0,0,0,0,0,9,36,36,45,65476,377,65476,1,0,4,21553,0.0,-0.0,0.0,0.0,0.0,0.0,0.0,0.0,0.0,0.0,0.0,0.0,0.0,0.0,0.0,0.0,0.0,0.0,0.0,0.0,0.0,2.004,2.004,0.0,3.697074863047967e+19,-2.004,0.0,0.0,0.0,0.0,6414.0,-8608227328.0,0.0,0.0,-2.7184527190102135e+23,0.0,2.7184507374263774e+23,0.0,0.0,2.004,2.004,227,0.0,-0.0,0.0,0.0,0.0,0.0,0.0,0.0,0.0,0,0,0,-0.0,909.03,709942272.0,0.116,148459225088.0,-6.507154671924737e+28,4.4918283141528644e+36,-0.0,-64.137,-9.637077899343256e+30,-10577.54,3.451925560085709e+16,0.0,0.0,0.0,-0.0,0,1.3516416376850534e+27,227,0.0,454,-621855232.0,-2.216540147040146e+20,2112,52429,17109,52429,17111,52429,17095,0,0,0,101,100,100,0.0,65.6,0.0,66.4,-107615256.0,65.5,1,49,50,180,52429,52429,0,0,0.0,0.0,0.0,60.0,0.004,71.0,0.0,-7.569566099808225e+34,0.0,1069,0,1069,0,0,0,1069,0,1079,0,999,0,659,0,661,0,656,0,676,0.032,1.4609821306377965e+22,0.0,0.0,57360,16813,5128.319,-0.0,0.0,-1012553875456.0,2478302560256.0,0.223,50.0,60.0,35,0.0,0.0,10.0,2.0,0.0,0.0,0.0,0.0,0.0,0.0,0.0,0.0,0.0,0.0,0.0,0.0,59.2,56,10,65507,27,65476,0,300,0,0,8,20529,65476,0,0,30147,60.0,0.0,10.0,10.0,2.0,0.0
2026-02-16T12:39:49,ERR,ERR,ERR,ERR,ERR,ERR,ERR,ERR,ERR,ERR,ERR,ERR,ERR,ERR,ERR,ERR,ERR,ERR,ERR,ERR,ERR,ERR,ERR,ERR,ERR,ERR,ERR,ERR,ERR,ERR,ERR,ERR,ERR,ERR,ERR,ERR,ERR,ERR,ERR,ERR,ERR,ERR,ERR,ERR,ERR,ERR,ERR,ERR,ERR,ERR,ERR,ERR,ERR,ERR,ERR,ERR,ERR,ERR,ERR,ERR,ERR,ERR,ERR,ERR,ERR,ERR,ERR,ERR,ERR,ERR,ERR,ERR,ERR,ERR,ERR,ERR,ERR,ERR,ERR,ERR,ERR,ERR,ERR,ERR,ERR,ERR,ERR,ERR,ERR,ERR,ERR,ERR,ERR,ERR,ERR,ERR,ERR,ERR,ERR,ERR,ERR,ERR,ERR,ERR,ERR,ERR,ERR,ERR,ERR,ERR,ERR,ERR,ERR,ERR,ERR,ERR,ERR,ERR,ERR,ERR,ERR,ERR,ERR,ERR,ERR,0.0,-2.7184527190102135e+23,-0.0,0.0,-0.062,0.0,0.0,0.0,4300,0,8,17170,4300,0.0,41,0.0,0.0,0.0,0.0,-0.0,0,0,0,0,0.0,0,0,0,0,0,0,0,0,0,0,0,0,0,0,0,0,0,0,0,0,0,0,0,0,0,0,0,0,0,0,0,0,0,9,36,36,45,65476,377,65476,1,0,4,21553,0.0,-0.0,0.0,0.0,0.0,0.0,0.0,0.0,0.0,0.0,0.0,0.0,0.0,0.0,0.0,0.0,0.0,0.0,0.0,0.0,0.0,2.004,2.004,0.0,3.697074863047967e+19,-2.004,0.0,0.0,0.0,0.0,6414.0,-8608227328.0,0.0,0.0,-2.7184527190102135e+23,0.0,2.7184507374263774e+23,0.0,0.0,2.004,2.004,227,0.0,-0.0,0.0,0.0,0.0,0.0,0.0,0.0,0.0,0,0,0,-0.0,909.03,709942272.0,0.116,148459225088.0,-6.507154671924737e+28,4.4918283141528644e+36,-0.0,-64.137,-9.637077899343256e+30,-10577.54,3.451925560085709e+16,0.0,0.0,0.0,-0.0,0,1.3516416376850534e+27,227,0.0,454,-621855232.0,-2.216540147040146e+20,2112,52429,17109,52429,17111,52429,17095,0,0,0,101,100,100,0.0,65.6,0.0,66.4,-107615256.0,65.5,1,49,50,180,52429,52429,0,0,0.0,0.0,0.0,60.0,0.004,71.0,0.0,-7.569566099808225e+34,0.0,1069,0,1069,0,0,0,1069,0,1079,0,999,0,659,0,661,0,656,0,676,0.032,1.4609821306377965e+22,0.0,0.0,57360,16813,5128.319,-0.0,0.0,-1012553875456.0,2478302560256.0,0.223,50.0,60.0,35,0.0,0.0,10.0,2.0,0.0,0.0,0.0,0.0,0.0,0.0,0.0,0.0,0.0,0.0,0.0,0.0,58.8,56,10,65507,27,65476,0,300,0,0,8,20529,65476,0,0,30147,60.0,0.0,10.0,10.0,2.0,0.0
2026-02-16T12:39:50,ERR,ERR,ERR,ERR,ERR,ERR,ERR,ERR,ERR,ERR,ERR,ERR,ERR,ERR,ERR,ERR,ERR,ERR,ERR,ERR,ERR,ERR,ERR,ERR,ERR,ERR,ERR,ERR,ERR,ERR,ERR,ERR,ERR,ERR,ERR,ERR,ERR,ERR,ERR,ERR,ERR,ERR,ERR,ERR,ERR,ERR,ERR,ERR,ERR,ERR,ERR,ERR,ERR,ERR,ERR,ERR,ERR,ERR,ERR,ERR,ERR,ERR,ERR,ERR,ERR,ERR,ERR,ERR,ERR,ERR,ERR,ERR,ERR,ERR,ERR,ERR,ERR,ERR,ERR,ERR,ERR,ERR,ERR,ERR,ERR,ERR,ERR,ERR,ERR,ERR,ERR,ERR,ERR,ERR,ERR,ERR,ERR,ERR,ERR,ERR,ERR,ERR,ERR,ERR,ERR,ERR,ERR,ERR,ERR,ERR,ERR,ERR,ERR,ERR,ERR,ERR,ERR,ERR,ERR,ERR,ERR,ERR,ERR,ERR,ERR,0.0,-2.7184527190102135e+23,-0.0,0.0,-0.062,0.0,0.0,0.0,4300,0,8,17170,4300,0.0,41,0.0,0.0,0.0,0.0,-0.0,0,0,0,0,0.0,0,0,0,0,0,0,0,0,0,0,0,0,0,0,0,0,0,0,0,0,0,0,0,0,0,0,0,0,0,0,0,0,0,9,36,36,45,65476,377,65476,1,0,4,21553,0.0,-0.0,0.0,0.0,0.0,0.0,0.0,0.0,0.0,0.0,0.0,0.0,0.0,0.0,0.0,0.0,0.0,0.0,0.0,0.0,0.0,2.004,2.004,0.0,3.697074863047967e+19,-2.004,0.0,0.0,0.0,0.0,6414.0,-8608227328.0,0.0,0.0,-2.7184527190102135e+23,0.0,2.7184507374263774e+23,0.0,0.0,2.004,2.004,227,0.0,-0.0,0.0,0.0,0.0,0.0,0.0,0.0,0.0,0,0,0,-0.0,909.03,709942272.0,0.116,148459225088.0,-6.507154671924737e+28,4.4918283141528644e+36,-0.0,-64.137,-9.637077899343256e+30,-10577.54,3.451925560085709e+16,0.0,0.0,0.0,-0.0,0,1.3516416376850534e+27,227,0.0,454,-621855232.0,-2.216540147040146e+20,2112,52429,17109,52429,17111,52429,17095,0,0,0,101,100,100,0.0,65.6,0.0,66.4,-107615256.0,65.5,1,49,50,180,52429,52429,0,0,0.0,0.0,0.0,60.0,0.004,71.0,0.0,-7.569566099808225e+34,0.0,1069,0,1069,0,0,0,1069,0,1079,0,999,0,659,0,661,0,656,0,676,0.032,1.4609821306377965e+22,0.0,0.0,57360,16813,5128.319,-0.0,0.0,-1012553875456.0,2478302560256.0,0.223,50.0,60.0,35,0.0,0.0,10.0,2.0,0.0,0.0,0.0,0.0,0.0,0.0,0.0,0.0,0.0,0.0,0.0,0.0,58.8,56,10,65507,27,65476,0,300,0,0,8,20529,65476,0,0,30147,60.0,0.0,10.0,10.0,2.0,0.0
2026-02-16T12:39:51,ERR,ERR,ERR,ERR,ERR,ERR,ERR,ERR,ERR,ERR,ERR,ERR,ERR,ERR,ERR,ERR,ERR,ERR,ERR,ERR,ERR,ERR,ERR,ERR,ERR,ERR,ERR,ERR,ERR,ERR,ERR,ERR,ERR,ERR,ERR,ERR,ERR,ERR,ERR,ERR,ERR,ERR,ERR,ERR,ERR,ERR,ERR,ERR,ERR,ERR,ERR,ERR,ERR,ERR,ERR,ERR,ERR,ERR,ERR,ERR,ERR,ERR,ERR,ERR,ERR,ERR,ERR,ERR,ERR,ERR,ERR,ERR,ERR,ERR,ERR,ERR,ERR,ERR,ERR,ERR,ERR,ERR,ERR,ERR,ERR,ERR,ERR,ERR,ERR,ERR,ERR,ERR,ERR,ERR,ERR,ERR,ERR,ERR,ERR,ERR,ERR,ERR,ERR,ERR,ERR,ERR,ERR,ERR,ERR,ERR,ERR,ERR,ERR,ERR,ERR,ERR,ERR,ERR,ERR,ERR,ERR,ERR,ERR,ERR,ERR,0.0,-2.7184527190102135e+23,-0.0,0.0,-0.062,-4.257426704852582e+16,-0.0,2.765539834698208e+23,4300,0,8,17170,4300,0.0,41,0.0,0.0,0.0,0.0,-0.0,0,0,0,0,0.0,0,0,0,0,0,0,0,0,0,0,0,0,0,0,0,0,0,0,0,0,0,0,0,0,0,0,0,0,0,0,0,0,0,9,36,36,45,65476,376,65476,1,0,4,21553,0.0,-0.0,0.0,0.0,0.0,0.0,0.0,0.0,0.0,0.0,0.0,0.0,0.0,0.0,0.0,0.0,0.0,0.0,0.0,0.0,0.0,2.004,2.004,0.0,3.697074863047967e+19,-2.004,0.0,0.0,0.0,0.0,6443.0,3.697205924833998e+19,0.0,0.0,-107616352.0,0.0,2.7184507374263774e+23,-0.0,0.0,2.004,2.004,228,0.0,-2.3088379029658953e+20,0.0,0.0,0.0,0.0,0.0,0.0,0.0,0,0,0,-0.0,-1.6880023567012463e+19,0.0,-1.0920834220758125e+24,0.0,1.0414911550925046e+18,1.389573652860633e+18,-0.0,-0.0,-1.0162917109546114e+31,-11281.54,3.610593892656742e+16,0.0,0.0,0.0,-0.0,0,1.3516416376850534e+27,227,0.0,454,-621855232.0,-2.216540147040146e+20,2112,52429,17109,52429,17111,52429,17095,0,0,0,101,100,100,0.0,65.6,0.0,66.4,-107615256.0,65.5,1,49,50,180,52429,52429,0,0,0.0,0.0,0.0,60.0,291348.438,71.0,0.0,-9.813659732359364e+36,0.0,1069,0,1069,0,0,0,1069,0,1079,0,999,0,659,0,660,0,656,0,676,0.032,1.4536034330083127e+22,0.0,0.0,62096,16813,291348.438,-9.813659732359364e+36,5.0947101351634534e+17,0.0,-0.0,2.5085305985541077e+35,50.0,60.0,35,0.0,0.0,10.0,2.0,0.0,0.0,0.0,0.0,0.0,0.0,0.0,0.0,0.0,0.0,0.0,0.0,58.8,55,10,65507,27,65476,0,300,0,0,8,20529,65476,0,0,30147,60.0,0.0,10.0,10.0,2.0,0.0
2026-02-16T12:39:52,ERR,ERR,ERR,ERR,ERR,ERR,ERR,ERR,ERR,ERR,ERR,ERR,ERR,ERR,ERR,ERR,ERR,ERR,ERR,ERR,ERR,ERR,ERR,ERR,ERR,ERR,ERR,ERR,ERR,ERR,ERR,ERR,ERR,ERR,ERR,ERR,ERR,ERR,ERR,ERR,ERR,ERR,ERR,ERR,ERR,ERR,ERR,ERR,ERR,ERR,ERR,ERR,ERR,ERR,ERR,ERR,ERR,ERR,ERR,ERR,ERR,ERR,ERR,ERR,ERR,ERR,ERR,ERR,ERR,ERR,ERR,ERR,ERR,ERR,ERR,ERR,ERR,ERR,ERR,ERR,ERR,ERR,ERR,ERR,ERR,ERR,ERR,ERR,ERR,ERR,ERR,ERR,ERR,ERR,ERR,ERR,ERR,ERR,ERR,ERR,ERR,ERR,ERR,ERR,ERR,ERR,ERR,ERR,ERR,ERR,ERR,ERR,ERR,ERR,ERR,ERR,ERR,ERR,ERR,ERR,ERR,ERR,ERR,ERR,ERR,0.0,-2.7184527190102135e+23,-0.0,0.0,-0.062,-4.257426704852582e+16,-0.0,2.765539834698208e+23,4300,0,8,17170,4300,0.0,41,0.0,0.0,0.0,0.0,-0.0,0,0,0,0,0.0,0,0,0,0,0,0,0,0,0,0,0,0,0,0,0,0,0,0,0,0,0,0,0,0,0,0,0,0,0,0,0,0,0,9,36,36,45,65476,376,65476,1,0,4,21553,0.0,-0.0,0.0,0.0,0.0,0.0,0.0,0.0,0.0,0.0,0.0,0.0,0.0,0.0,0.0,0.0,0.0,0.0,0.0,0.0,0.0,2.004,2.004,0.0,3.697074863047967e+19,-2.004,0.0,0.0,0.0,0.0,6443.0,3.697205924833998e+19,0.0,0.0,-107616352.0,0.0,2.7184507374263774e+23,-0.0,0.0,2.004,2.004,228,0.0,-2.3088379029658953e+20,0.0,0.0,0.0,0.0,0.0,0.0,0.0,0,0,0,-0.0,-1.6880023567012463e+19,0.0,-1.0920834220758125e+24,0.0,1.0414911550925046e+18,1.389573652860633e+18,-0.0,-0.0,-1.0162917109546114e+31,-11281.54,3.610593892656742e+16,0.0,0.0,0.0,-0.0,0,1.3516416376850534e+27,227,0.0,454,-621855232.0,-2.216540147040146e+20,2112,52429,17109,52429,17111,52429,17095,0,0,0,101,100,100,0.0,65.6,0.0,66.4,-107615256.0,65.5,1,49,50,180,52429,52429,0,0,0.0,0.0,0.0,60.0,291348.438,71.0,0.0,-9.813659732359364e+36,0.0,1069,0,1069,0,0,0,1069,0,1079,0,999,0,659,0,660,0,656,0,676,0.032,1.4536034330083127e+22,0.0,0.0,62096,16813,291348.438,-9.813659732359364e+36,5.0947101351634534e+17,0.0,-0.0,2.5085305985541077e+35,50.0,60.0,35,0.0,0.0,10.0,2.0,0.0,0.0,0.0,0.0,0.0,0.0,0.0,0.0,0.0,0.0,0.0,0.0,58.8,55,10,65507,27,65476,0,300,0,0,8,20529,65476,0,0,30147,60.0,0.0,10.0,10.0,2.0,0.0
2026-02-16T12:39:53,ERR,ERR,ERR,ERR,ERR,ERR,ERR,ERR,ERR,ERR,ERR,ERR,ERR,ERR,ERR,ERR,ERR,ERR,ERR,ERR,ERR,ERR,ERR,ERR,ERR,ERR,ERR,ERR,ERR,ERR,ERR,ERR,ERR,ERR,ERR,ERR,ERR,ERR,ERR,ERR,ERR,ERR,ERR,ERR,ERR,ERR,ERR,ERR,ERR,ERR,ERR,ERR,ERR,ERR,ERR,ERR,ERR,ERR,ERR,ERR,ERR,ERR,ERR,ERR,ERR,ERR,ERR,ERR,ERR,ERR,ERR,ERR,ERR,ERR,ERR,ERR,ERR,ERR,ERR,ERR,ERR,ERR,ERR,ERR,ERR,ERR,ERR,ERR,ERR,ERR,ERR,ERR,ERR,ERR,ERR,ERR,ERR,ERR,ERR,ERR,ERR,ERR,ERR,ERR,ERR,ERR,ERR,ERR,ERR,ERR,ERR,ERR,ERR,ERR,ERR,ERR,ERR,ERR,ERR,ERR,ERR,ERR,ERR,ERR,ERR,0.0,-2.7184527190102135e+23,-0.0,0.0,-0.062,-4.257426704852582e+16,-0.0,2.765539834698208e+23,4300,0,8,17170,4300,0.0,41,0.0,0.0,0.0,0.0,-0.0,0,0,0,0,0.0,0,0,0,0,0,0,0,0,0,0,0,0,0,0,0,0,0,0,0,0,0,0,0,0,0,0,0,0,0,0,0,0,0,9,36,36,45,65476,376,65476,1,0,4,21553,0.0,-0.0,0.0,0.0,0.0,0.0,0.0,0.0,0.0,0.0,0.0,0.0,0.0,0.0,0.0,0.0,0.0,0.0,0.0,0.0,0.0,2.004,2.004,0.0,3.697074863047967e+19,-2.004,0.0,0.0,0.0,0.0,6443.0,3.697205924833998e+19,0.0,0.0,-107616352.0,0.0,2.7184507374263774e+23,-0.0,0.0,2.004,2.004,228,0.0,-2.3088379029658953e+20,0.0,0.0,0.0,0.0,0.0,0.0,0.0,0,0,0,-0.0,-1.6880023567012463e+19,0.0,-1.0920834220758125e+24,0.0,1.0414911550925046e+18,1.389573652860633e+18,-0.0,-0.0,-1.0162917109546114e+31,-11281.54,3.610593892656742e+16,0.0,0.0,0.0,-0.0,0,1.3516416376850534e+27,227,0.0,454,-621855232.0,-2.216540147040146e+20,2112,52429,17109,52429,17111,52429,17095,0,0,0,101,100,100,0.0,65.6,0.0,66.4,-107615256.0,65.5,1,49,50,180,52429,52429,0,0,0.0,0.0,0.0,60.0,291348.438,71.0,0.0,-9.813659732359364e+36,0.0,1069,0,1069,0,0,0,1069,0,1079,0,999,0,659,0,660,0,656,0,676,0.032,1.4536034330083127e+22,0.0,0.0,62096,16813,291348.438,-9.813659732359364e+36,5.0947101351634534e+17,0.0,-0.0,2.5085305985541077e+35,50.0,60.0,35,0.0,0.0,10.0,2.0,0.0,0.0,0.0,0.0,0.0,0.0,0.0,0.0,0.0,0.0,0.0,0.0,58.8,55,10,65507,27,65476,0,300,0,0,8,20529,65476,0,0,30147,60.0,0.0,10.0,10.0,2.0,0.0
2026-02-16T12:39:54,ERR,ERR,ERR,ERR,ERR,ERR,ERR,ERR,ERR,ERR,ERR,ERR,ERR,ERR,ERR,ERR,ERR,ERR,ERR,ERR,ERR,ERR,ERR,ERR,ERR,ERR,ERR,ERR,ERR,ERR,ERR,ERR,ERR,ERR,ERR,ERR,ERR,ERR,ERR,ERR,ERR,ERR,ERR,ERR,ERR,ERR,ERR,ERR,ERR,ERR,ERR,ERR,ERR,ERR,ERR,ERR,ERR,ERR,ERR,ERR,ERR,ERR,ERR,ERR,ERR,ERR,ERR,ERR,ERR,ERR,ERR,ERR,ERR,ERR,ERR,ERR,ERR,ERR,ERR,ERR,ERR,ERR,ERR,ERR,ERR,ERR,ERR,ERR,ERR,ERR,ERR,ERR,ERR,ERR,ERR,ERR,ERR,ERR,ERR,ERR,ERR,ERR,ERR,ERR,ERR,ERR,ERR,ERR,ERR,ERR,ERR,ERR,ERR,ERR,ERR,ERR,ERR,ERR,ERR,ERR,ERR,ERR,ERR,ERR,ERR,0.0,-2.7184527190102135e+23,-0.0,0.0,-0.062,-4.257426704852582e+16,-0.0,2.765539834698208e+23,4300,0,8,17170,4300,0.0,41,0.0,0.0,0.0,0.0,-0.0,0,0,0,0,0.0,0,0,0,0,0,0,0,0,0,0,0,0,0,0,0,0,0,0,0,0,0,0,0,0,0,0,0,0,0,0,0,0,0,9,36,36,45,65476,376,65476,1,0,4,21553,0.0,-0.0,0.0,0.0,0.0,0.0,0.0,0.0,0.0,0.0,0.0,0.0,0.0,0.0,0.0,0.0,0.0,0.0,0.0,0.0,0.0,2.004,2.004,0.0,3.697074863047967e+19,-2.004,0.0,0.0,0.0,0.0,6443.0,3.697205924833998e+19,0.0,0.0,-107616352.0,0.0,2.7184507374263774e+23,-0.0,0.0,2.004,2.004,228,0.0,-2.3088379029658953e+20,0.0,0.0,0.0,0.0,0.0,0.0,0.0,0,0,0,-0.0,-1.6880023567012463e+19,0.0,-1.0920834220758125e+24,0.0,1.0414911550925046e+18,1.389573652860633e+18,-0.0,-0.0,-1.0162917109546114e+31,-11281.54,3.610593892656742e+16,0.0,0.0,0.0,-0.0,0,1.3516416376850534e+27,227,0.0,454,-621855232.0,-2.216540147040146e+20,2112,52429,17109,52429,17111,52429,17095,0,0,0,101,100,100,0.0,65.6,0.0,66.4,-107615256.0,65.5,1,49,50,180,52429,52429,0,0,0.0,0.0,0.0,60.0,291348.438,71.0,0.0,-9.813659732359364e+36,0.0,1069,0,1069,0,0,0,1069,0,1079,0,999,0,659,0,660,0,656,0,676,0.032,1.4536034330083127e+22,0.0,0.0,62096,16813,291348.438,-9.813659732359364e+36,5.0947101351634534e+17,0.0,-0.0,2.5085305985541077e+35,50.0,60.0,35,0.0,0.0,10.0,2.0,0.0,0.0,0.0,0.0,0.0,0.0,0.0,0.0,0.0,0.0,0.0,0.0,58.8,55,10,65507,27,65476,0,300,0,0,8,20529,65476,0,0,30147,60.0,0.0,10.0,10.0,2.0,0.0
2026-02-16T12:39:55,ERR,ERR,ERR,ERR,ERR,ERR,ERR,ERR,ERR,ERR,ERR,ERR,ERR,ERR,ERR,ERR,ERR,ERR,ERR,ERR,ERR,ERR,ERR,ERR,ERR,ERR,ERR,ERR,ERR,ERR,ERR,ERR,ERR,ERR,ERR,ERR,ERR,ERR,ERR,ERR,ERR,ERR,ERR,ERR,ERR,ERR,ERR,ERR,ERR,ERR,ERR,ERR,ERR,ERR,ERR,ERR,ERR,ERR,ERR,ERR,ERR,ERR,ERR,ERR,ERR,ERR,ERR,ERR,ERR,ERR,ERR,ERR,ERR,ERR,ERR,ERR,ERR,ERR,ERR,ERR,ERR,ERR,ERR,ERR,ERR,ERR,ERR,ERR,ERR,ERR,ERR,ERR,ERR,ERR,ERR,ERR,ERR,ERR,ERR,ERR,ERR,ERR,ERR,ERR,ERR,ERR,ERR,ERR,ERR,ERR,ERR,ERR,ERR,ERR,ERR,ERR,ERR,ERR,ERR,ERR,ERR,ERR,ERR,ERR,ERR,0.0,-2.7184527190102135e+23,-0.0,0.0,-0.062,-4.257426704852582e+16,-0.0,2.765539834698208e+23,4300,0,8,17170,4300,0.0,41,0.0,0.0,0.0,0.0,-0.0,0,0,0,0,0.0,0,0,0,0,0,0,0,0,0,0,0,0,0,0,0,0,0,0,0,0,0,0,0,0,0,0,0,0,0,0,0,0,0,9,36,36,45,65476,376,65476,1,0,4,21553,0.0,-0.0,0.0,0.0,0.0,0.0,0.0,0.0,0.0,0.0,0.0,0.0,0.0,0.0,0.0,0.0,0.0,0.0,0.0,0.0,0.0,2.004,2.004,0.0,3.697074863047967e+19,-2.004,0.0,0.0,0.0,0.0,6443.0,3.697205924833998e+19,0.0,0.0,-107616352.0,0.0,2.7184507374263774e+23,-0.0,0.0,2.004,2.004,228,0.0,-2.3088379029658953e+20,0.0,0.0,0.0,0.0,0.0,0.0,0.0,0,0,0,-0.0,-1.6880023567012463e+19,0.0,-1.0920834220758125e+24,0.0,1.0414911550925046e+18,1.389573652860633e+18,-0.0,-0.0,-1.0162917109546114e+31,-11281.54,3.610593892656742e+16,0.0,0.0,0.0,-0.0,0,1.3516416376850534e+27,227,0.0,454,-621855232.0,-2.216540147040146e+20,2112,52429,17109,52429,17111,52429,17095,0,0,0,101,100,100,0.0,65.5,0.0,66.4,-107615256.0,65.5,1,49,50,180,52429,52429,0,0,0.0,0.0,0.0,60.0,3460468224.0,71.0,0.0,-0.0,0.0,1069,0,1069,0,0,0,1069,0,1079,0,999,0,659,0,661,0,656,0,676,0.032,1.4609821306377965e+22,0.0,0.0,6032,16814,3460468224.0,-0.0,0.0,-0.0,1.5861870794461931e+32,144311085694976.0,50.0,60.0,35,0.0,0.0,10.0,2.0,0.0,0.0,0.0,0.0,0.0,0.0,0.0,0.0,0.0,0.0,0.0,0.0,58.8,55,10,65507,27,65476,0,300,0,0,8,20529,65476,0,0,30147,60.0,0.0,10.0,10.0,2.0,0.0
2026-02-16T12:39:56,ERR,ERR,ERR,ERR,ERR,ERR,ERR,ERR,ERR,ERR,ERR,ERR,ERR,ERR,ERR,ERR,ERR,ERR,ERR,ERR,ERR,ERR,ERR,ERR,ERR,ERR,ERR,ERR,ERR,ERR,ERR,ERR,ERR,ERR,ERR,ERR,ERR,ERR,ERR,ERR,ERR,ERR,ERR,ERR,ERR,ERR,ERR,ERR,ERR,ERR,ERR,ERR,ERR,ERR,ERR,ERR,ERR,ERR,ERR,ERR,ERR,ERR,ERR,ERR,ERR,ERR,ERR,ERR,ERR,ERR,ERR,ERR,ERR,ERR,ERR,ERR,ERR,ERR,ERR,ERR,ERR,ERR,ERR,ERR,ERR,ERR,ERR,ERR,ERR,ERR,ERR,ERR,ERR,ERR,ERR,ERR,ERR,ERR,ERR,ERR,ERR,ERR,ERR,ERR,ERR,ERR,ERR,ERR,ERR,ERR,ERR,ERR,ERR,ERR,ERR,ERR,ERR,ERR,ERR,ERR,ERR,ERR,ERR,ERR,ERR,0.0,-107616352.0,0.0,0.0,142144341803008.0,-6.460117056548439e+33,-4865195071504384.0,-2.598582757428822e+18,4300,0,8,17170,4300,0.0,41,0.0,0.0,0.0,0.0,-0.0,0,0,0,0,0.0,0,0,0,0,0,0,0,0,0,0,0,0,0,0,0,0,0,0,0,0,0,0,0,0,0,0,0,0,0,0,0,0,0,9,36,36,45,65476,376,65476,1,0,4,21553,0.0,-0.0,0.0,0.0,0.0,0.0,0.0,0.0,0.0,0.0,0.0,0.0,0.0,0.0,0.0,0.0,0.0,0.0,0.0,0.0,0.0,2.004,2.004,0.0,2.004,-0.0,0.0,0.0,0.0,0.0,6442.0,-564148853276672.0,0.0,0.0,-107616352.0,-107616240.0,0.0,0.0,0.0,2.004,2.004,227,0.0,0.0,0.0,0.0,0.0,0.0,0.0,0.0,0.0,0,0,0,-0.0,-0.0,0.0,0.014,273182208.0,261365440.0,3.274937355143025e+29,-1596129280.0,-24598675456.0,-1.1034426897203022e+31,-12113.54,3.976511362380595e+16,0.0,0.0,0.0,-0.0,0,1.3516416376850534e+27,227,0.0,454,0.0,0.0,2112,52429,17109,52429,17111,52429,17095,0,0,0,101,100,100,0.0,65.5,0.0,66.4,-107615256.0,65.5,1,49,50,180,52429,52429,0,0,0.0,0.0,0.0,60.0,3460468224.0,71.0,0.0,-0.0,0.0,1069,0,1069,0,0,0,1069,0,1079,0,999,0,659,0,661,0,656,0,676,0.032,1.4609821306377965e+22,0.0,0.0,6032,16814,3460468224.0,-0.0,0.0,-0.0,1.5861870794461931e+32,144311085694976.0,50.0,60.0,35,0.0,0.0,10.0,2.0,0.0,0.0,0.0,0.0,0.0,0.0,0.0,0.0,0.0,0.0,0.0,0.0,58.8,55,11,65507,27,65476,0,300,0,0,8,20529,65476,0,0,30147,60.0,0.0,10.0,10.0,2.0,0.0
2026-02-16T12:39:57,ERR,ERR,ERR,ERR,ERR,ERR,ERR,ERR,ERR,ERR,ERR,ERR,ERR,ERR,ERR,ERR,ERR,ERR,ERR,ERR,ERR,ERR,ERR,ERR,ERR,ERR,ERR,ERR,ERR,ERR,ERR,ERR,ERR,ERR,ERR,ERR,ERR,ERR,ERR,ERR,ERR,ERR,ERR,ERR,ERR,ERR,ERR,ERR,ERR,ERR,ERR,ERR,ERR,ERR,ERR,ERR,ERR,ERR,ERR,ERR,ERR,ERR,ERR,ERR,ERR,ERR,ERR,ERR,ERR,ERR,ERR,ERR,ERR,ERR,ERR,ERR,ERR,ERR,ERR,ERR,ERR,ERR,ERR,ERR,ERR,ERR,ERR,ERR,ERR,ERR,ERR,ERR,ERR,ERR,ERR,ERR,ERR,ERR,ERR,ERR,ERR,ERR,ERR,ERR,ERR,ERR,ERR,ERR,ERR,ERR,ERR,ERR,ERR,ERR,ERR,ERR,ERR,ERR,ERR,ERR,ERR,ERR,ERR,ERR,ERR,0.0,-107616352.0,0.0,0.0,142144341803008.0,-6.460117056548439e+33,-4865195071504384.0,-2.598582757428822e+18,4300,0,8,17170,4300,0.0,41,0.0,0.0,0.0,0.0,-0.0,0,0,0,0,0.0,0,0,0,0,0,0,0,0,0,0,0,0,0,0,0,0,0,0,0,0,0,0,0,0,0,0,0,0,0,0,0,0,0,9,36,36,45,65476,376,65476,1,0,4,21553,0.0,-0.0,0.0,0.0,0.0,0.0,0.0,0.0,0.0,0.0,0.0,0.0,0.0,0.0,0.0,0.0,0.0,0.0,0.0,0.0,0.0,2.004,2.004,0.0,2.004,-0.0,0.0,0.0,0.0,0.0,6442.0,-564148853276672.0,0.0,0.0,-107616352.0,-107616240.0,0.0,0.0,0.0,2.004,2.004,227,0.0,0.0,0.0,0.0,0.0,0.0,0.0,0.0,0.0,0,0,0,-0.0,-0.0,0.0,0.014,273182208.0,261365440.0,3.274937355143025e+29,-1596129280.0,-24598675456.0,-1.1034426897203022e+31,-12113.54,3.976511362380595e+16,0.0,0.0,0.0,-0.0,0,1.3516416376850534e+27,227,0.0,454,0.0,0.0,2112,52429,17109,52429,17111,52429,17095,0,0,0,101,100,100,0.0,65.5,0.0,66.4,-107615256.0,65.5,1,49,50,180,52429,52429,0,0,0.0,0.0,0.0,60.0,3460468224.0,71.0,0.0,-0.0,0.0,1069,0,1069,0,0,0,1069,0,1079,0,999,0,659,0,661,0,656,0,676,0.032,1.4609821306377965e+22,0.0,0.0,6032,16814,3460468224.0,-0.0,0.0,-0.0,1.5861870794461931e+32,144311085694976.0,50.0,60.0,35,0.0,0.0,10.0,2.0,0.0,0.0,0.0,0.0,0.0,0.0,0.0,0.0,0.0,0.0,0.0,0.0,58.8,55,11,65507,27,65476,0,300,0,0,8,20529,65476,0,0,30147,60.0,0.0,10.0,10.0,2.0,0.0
2026-02-16T12:39:58,ERR,ERR,ERR,ERR,ERR,ERR,ERR,ERR,ERR,ERR,ERR,ERR,ERR,ERR,ERR,ERR,ERR,ERR,ERR,ERR,ERR,ERR,ERR,ERR,ERR,ERR,ERR,ERR,ERR,ERR,ERR,ERR,ERR,ERR,ERR,ERR,ERR,ERR,ERR,ERR,ERR,ERR,ERR,ERR,ERR,ERR,ERR,ERR,ERR,ERR,ERR,ERR,ERR,ERR,ERR,ERR,ERR,ERR,ERR,ERR,ERR,ERR,ERR,ERR,ERR,ERR,ERR,ERR,ERR,ERR,ERR,ERR,ERR,ERR,ERR,ERR,ERR,ERR,ERR,ERR,ERR,ERR,ERR,ERR,ERR,ERR,ERR,ERR,ERR,ERR,ERR,ERR,ERR,ERR,ERR,ERR,ERR,ERR,ERR,ERR,ERR,ERR,ERR,ERR,ERR,ERR,ERR,ERR,ERR,ERR,ERR,ERR,ERR,ERR,ERR,ERR,ERR,ERR,ERR,ERR,ERR,ERR,ERR,ERR,ERR,0.0,-107616352.0,0.0,0.0,142144341803008.0,-6.460117056548439e+33,-4865195071504384.0,-2.598582757428822e+18,4300,0,8,17170,4300,0.0,41,0.0,0.0,0.0,0.0,-0.0,0,0,0,0,0.0,0,0,0,0,0,0,0,0,0,0,0,0,0,0,0,0,0,0,0,0,0,0,0,0,0,0,0,0,0,0,0,0,0,9,36,36,45,65476,376,65476,1,0,4,21553,0.0,-0.0,0.0,0.0,0.0,0.0,0.0,0.0,0.0,0.0,0.0,0.0,0.0,0.0,0.0,0.0,0.0,0.0,0.0,0.0,0.0,2.004,2.004,0.0,2.004,-0.0,0.0,0.0,0.0,0.0,6442.0,-564148853276672.0,0.0,0.0,-107616352.0,-107616240.0,0.0,0.0,0.0,2.004,2.004,227,0.0,0.0,0.0,0.0,0.0,0.0,0.0,0.0,0.0,0,0,0,-0.0,-0.0,0.0,0.014,273182208.0,261365440.0,3.274937355143025e+29,-1596129280.0,-24598675456.0,-1.1034426897203022e+31,-12113.54,3.976511362380595e+16,0.0,0.0,0.0,-0.0,0,1.3516416376850534e+27,227,0.0,454,0.0,0.0,2112,52429,17109,52429,17111,52429,17095,0,0,0,101,100,100,0.0,65.5,0.0,66.4,-107615256.0,65.5,1,49,50,180,52429,52429,0,0,0.0,0.0,0.0,60.0,3460468224.0,71.0,0.0,-0.0,0.0,1069,0,1069,0,0,0,1069,0,1079,0,999,0,659,0,661,0,656,0,676,0.032,1.4609821306377965e+22,0.0,0.0,6032,16814,3460468224.0,-0.0,0.0,-0.0,1.5861870794461931e+32,144311085694976.0,50.0,60.0,35,0.0,0.0,10.0,2.0,0.0,0.0,0.0,0.0,0.0,0.0,0.0,0.0,0.0,0.0,0.0,0.0,58.8,55,11,65507,27,65476,0,300,0,0,8,20529,65476,0,0,30147,60.0,0.0,10.0,10.0,2.0,0.0
2026-02-16T12:39:59,ERR,ERR,ERR,ERR,ERR,ERR,ERR,ERR,ERR,ERR,ERR,ERR,ERR,ERR,ERR,ERR,ERR,ERR,ERR,ERR,ERR,ERR,ERR,ERR,ERR,ERR,ERR,ERR,ERR,ERR,ERR,ERR,ERR,ERR,ERR,ERR,ERR,ERR,ERR,ERR,ERR,ERR,ERR,ERR,ERR,ERR,ERR,ERR,ERR,ERR,ERR,ERR,ERR,ERR,ERR,ERR,ERR,ERR,ERR,ERR,ERR,ERR,ERR,ERR,ERR,ERR,ERR,ERR,ERR,ERR,ERR,ERR,ERR,ERR,ERR,ERR,ERR,ERR,ERR,ERR,ERR,ERR,ERR,ERR,ERR,ERR,ERR,ERR,ERR,ERR,ERR,ERR,ERR,ERR,ERR,ERR,ERR,ERR,ERR,ERR,ERR,ERR,ERR,ERR,ERR,ERR,ERR,ERR,ERR,ERR,ERR,ERR,ERR,ERR,ERR,ERR,ERR,ERR,ERR,ERR,ERR,ERR,ERR,ERR,ERR,0.0,-107616352.0,0.0,0.0,142144341803008.0,-6.460117056548439e+33,-4865195071504384.0,-2.598582757428822e+18,4300,0,8,17170,4300,0.0,41,0.0,0.0,0.0,0.0,-0.0,0,0,0,0,0.0,0,0,0,0,0,0,0,0,0,0,0,0,0,0,0,0,0,0,0,0,0,0,0,0,0,0,0,0,0,0,0,0,0,9,36,36,45,65476,376,65476,1,0,4,21553,0.0,-0.0,0.0,0.0,0.0,0.0,0.0,0.0,0.0,0.0,0.0,0.0,0.0,0.0,0.0,0.0,0.0,0.0,0.0,0.0,0.0,2.004,2.004,0.0,2.004,-0.0,0.0,0.0,0.0,0.0,6442.0,-564148853276672.0,0.0,0.0,-107616352.0,-107616240.0,0.0,0.0,0.0,2.004,2.004,227,0.0,0.0,0.0,0.0,0.0,0.0,0.0,0.0,0.0,0,0,0,-0.0,-0.0,0.0,0.014,273182208.0,261365440.0,3.274937355143025e+29,-1596129280.0,-24598675456.0,-1.1034426897203022e+31,-12113.54,3.976511362380595e+16,0.0,0.0,0.0,-0.0,0,1.3516416376850534e+27,227,0.0,454,0.0,0.0,2112,52429,17109,52429,17111,52429,17095,0,0,0,101,100,100,0.0,65.6,0.0,66.4,-107615256.0,65.5,1,49,50,180,52429,52429,0,0,0.0,0.0,0.0,60.0,8.658619708997632e+17,71.0,0.0,0.0,0.0,1069,0,1069,0,0,0,1069,0,1079,0,999,0,659,0,661,0,656,0,676,0.032,1.4609821306377965e+22,0.0,0.0,5776,16814,1.5427010154813456e+21,-0.0,0.0,0.0,-0.0,0.0,50.0,60.0,35,0.0,0.0,10.0,2.0,0.0,0.0,0.0,0.0,0.0,0.0,0.0,0.0,0.0,0.0,0.0,0.0,59.2,55,11,65507,27,65476,0,300,0,0,8,20529,65476,0,0,30147,60.0,0.0,10.0,10.0,2.0,0.0
2026-02-16T12:40:00,ERR,ERR,ERR,ERR,ERR,ERR,ERR,ERR,ERR,ERR,ERR,ERR,ERR,ERR,ERR,ERR,ERR,ERR,ERR,ERR,ERR,ERR,ERR,ERR,ERR,ERR,ERR,ERR,ERR,ERR,ERR,ERR,ERR,ERR,ERR,ERR,ERR,ERR,ERR,ERR,ERR,ERR,ERR,ERR,ERR,ERR,ERR,ERR,ERR,ERR,ERR,ERR,ERR,ERR,ERR,ERR,ERR,ERR,ERR,ERR,ERR,ERR,ERR,ERR,ERR,ERR,ERR,ERR,ERR,ERR,ERR,ERR,ERR,ERR,ERR,ERR,ERR,ERR,ERR,ERR,ERR,ERR,ERR,ERR,ERR,ERR,ERR,ERR,ERR,ERR,ERR,ERR,ERR,ERR,ERR,ERR,ERR,ERR,ERR,ERR,ERR,ERR,ERR,ERR,ERR,ERR,ERR,ERR,ERR,ERR,ERR,ERR,ERR,ERR,ERR,ERR,ERR,ERR,ERR,ERR,ERR,ERR,ERR,ERR,ERR,0.0,-107616352.0,0.0,0.0,142144341803008.0,-6.460117056548439e+33,-4865195071504384.0,-2.598582757428822e+18,4300,0,8,17170,4300,0.0,41,0.0,0.0,0.0,0.0,-0.0,0,0,0,0,0.0,0,0,0,0,0,0,0,0,0,0,0,0,0,0,0,0,0,0,0,0,0,0,0,0,0,0,0,0,0,0,0,0,0,9,36,36,45,65476,376,65476,1,0,4,21553,0.0,-0.0,0.0,0.0,0.0,0.0,0.0,0.0,0.0,0.0,0.0,0.0,0.0,0.0,0.0,0.0,0.0,0.0,0.0,0.0,0.0,2.004,2.004,0.0,2.004,-0.0,0.0,0.0,0.0,0.0,6442.0,-564148853276672.0,0.0,0.0,-107616352.0,-107616240.0,0.0,0.0,0.0,2.004,2.004,227,0.0,0.0,0.0,0.0,0.0,0.0,0.0,0.0,0.0,0,0,0,-0.0,-0.0,0.0,0.014,273182208.0,261365440.0,3.274937355143025e+29,-1596129280.0,-24598675456.0,-1.1034426897203022e+31,-12113.54,3.976511362380595e+16,0.0,0.0,0.0,-0.0,0,1.3516416376850534e+27,227,0.0,454,0.0,0.0,2112,52429,17109,52429,17111,52429,17095,0,0,0,101,100,100,0.0,65.6,0.0,66.4,-107615256.0,65.5,1,49,50,180,52429,52429,0,0,0.0,0.0,0.0,60.0,8.658619708997632e+17,71.0,0.0,0.0,0.0,1069,0,1069,0,0,0,1069,0,1079,0,999,0,659,0,661,0,656,0,676,0.032,1.4609821306377965e+22,0.0,0.0,5776,16814,1.5427010154813456e+21,-0.0,0.0,0.0,-0.0,0.0,50.0,60.0,35,0.0,0.0,10.0,2.0,0.0,0.0,0.0,0.0,0.0,0.0,0.0,0.0,0.0,0.0,0.0,0.0,59.2,55,11,65507,27,65476,0,300,0,0,8,20529,65476,0,0,30147,60.0,0.0,10.0,10.0,2.0,0.0
2026-02-16T12:40:01,ERR,ERR,ERR,ERR,ERR,ERR,ERR,ERR,ERR,ERR,ERR,ERR,ERR,ERR,ERR,ERR,ERR,ERR,ERR,ERR,ERR,ERR,ERR,ERR,ERR,ERR,ERR,ERR,ERR,ERR,ERR,ERR,ERR,ERR,ERR,ERR,ERR,ERR,ERR,ERR,ERR,ERR,ERR,ERR,ERR,ERR,ERR,ERR,ERR,ERR,ERR,ERR,ERR,ERR,ERR,ERR,ERR,ERR,ERR,ERR,ERR,ERR,ERR,ERR,ERR,ERR,ERR,ERR,ERR,ERR,ERR,ERR,ERR,ERR,ERR,ERR,ERR,ERR,ERR,ERR,ERR,ERR,ERR,ERR,ERR,ERR,ERR,ERR,ERR,ERR,ERR,ERR,ERR,ERR,ERR,ERR,ERR,ERR,ERR,ERR,ERR,ERR,ERR,ERR,ERR,ERR,ERR,ERR,ERR,ERR,ERR,ERR,ERR,ERR,ERR,ERR,ERR,ERR,ERR,ERR,ERR,ERR,ERR,ERR,ERR,0.0,-107616352.0,0.0,0.0,142144341803008.0,0.0,-1.8468631356396366e+35,-2805765.25,4300,0,8,17170,4300,0.0,41,0.0,0.0,0.0,0.0,-0.0,0,0,0,0,0.0,0,0,0,0,0,0,0,0,0,0,0,0,0,0,0,0,0,0,0,0,0,0,0,0,0,0,0,0,0,0,0,0,0,9,36,36,45,65476,375,65476,1,0,4,21553,0.0,-0.0,0.0,0.0,0.0,0.0,0.0,0.0,0.0,0.0,0.0,0.0,0.0,0.0,0.0,0.0,0.0,0.0,0.0,0.0,0.0,2.004,2.004,0.0,2.004,3.697075742657269e+19,0.0,0.0,0.0,0.0,6474.0,8608229376.0,0.0,0.0,-107616352.0,-0.0,0.0,-0.0,0.0,2.004,2.004,227,-4.950401131092143e+32,-0.0,0.0,0.0,0.0,0.0,0.0,0.0,0.0,0,0,0,-0.0,-0.0,0.001,-0.0,326034725535744.0,-0.09,-0.0,0.0,0.0,-1.2143621172402722e+31,-12945.54,4.314281334433382e+16,0.0,0.0,0.0,-0.0,0,1.3516416376850534e+27,227,0.0,454,0.0,0.0,2112,52429,17109,52429,17111,52429,17095,0,0,0,101,100,100,0.0,65.6,0.0,66.4,-107615256.0,65.5,1,49,50,180,52429,52429,0,0,0.0,0.0,0.0,60.0,8.658619708997632e+17,71.0,0.0,0.0,0.0,1069,0,1069,0,0,0,1069,0,1079,0,999,0,659,0,661,0,656,0,676,0.032,1.4609821306377965e+22,0.0,0.0,5776,16814,1.5427010154813456e+21,-0.0,0.0,0.0,-0.0,0.0,50.0,60.0,35,0.0,0.0,10.0,2.0,0.0,0.0,0.0,0.0,0.0,0.0,0.0,0.0,0.0,0.0,0.0,0.0,59.2,55,11,65507,27,65476,0,300,0,0,8,20529,65476,0,0,30147,60.0,0.0,10.0,10.0,2.0,0.0
2026-02-16T12:40:02,ERR,ERR,ERR,ERR,ERR,ERR,ERR,ERR,ERR,ERR,ERR,ERR,ERR,ERR,ERR,ERR,ERR,ERR,ERR,ERR,ERR,ERR,ERR,ERR,ERR,ERR,ERR,ERR,ERR,ERR,ERR,ERR,ERR,ERR,ERR,ERR,ERR,ERR,ERR,ERR,ERR,ERR,ERR,ERR,ERR,ERR,ERR,ERR,ERR,ERR,ERR,ERR,ERR,ERR,ERR,ERR,ERR,ERR,ERR,ERR,ERR,ERR,ERR,ERR,ERR,ERR,ERR,ERR,ERR,ERR,ERR,ERR,ERR,ERR,ERR,ERR,ERR,ERR,ERR,ERR,ERR,ERR,ERR,ERR,ERR,ERR,ERR,ERR,ERR,ERR,ERR,ERR,ERR,ERR,ERR,ERR,ERR,ERR,ERR,ERR,ERR,ERR,ERR,ERR,ERR,ERR,ERR,ERR,ERR,ERR,ERR,ERR,ERR,ERR,ERR,ERR,ERR,ERR,ERR,ERR,ERR,ERR,ERR,ERR,ERR,0.0,-107616352.0,0.0,0.0,142144341803008.0,0.0,-1.8468631356396366e+35,-2805765.25,4300,0,8,17170,4300,0.0,41,0.0,0.0,0.0,0.0,-0.0,0,0,0,0,0.0,0,0,0,0,0,0,0,0,0,0,0,0,0,0,0,0,0,0,0,0,0,0,0,0,0,0,0,0,0,0,0,0,0,9,36,36,45,65476,375,65476,1,0,4,21553,0.0,-0.0,0.0,0.0,0.0,0.0,0.0,0.0,0.0,0.0,0.0,0.0,0.0,0.0,0.0,0.0,0.0,0.0,0.0,0.0,0.0,2.004,2.004,0.0,2.004,3.697075742657269e+19,0.0,0.0,0.0,0.0,6474.0,8608229376.0,0.0,0.0,-107616352.0,-0.0,0.0,-0.0,0.0,2.004,2.004,227,-4.950401131092143e+32,-0.0,0.0,0.0,0.0,0.0,0.0,0.0,0.0,0,0,0,-0.0,-0.0,0.001,-0.0,326034725535744.0,-0.09,-0.0,0.0,0.0,-1.2143621172402722e+31,-12945.54,4.314281334433382e+16,0.0,0.0,0.0,-0.0,0,1.3516416376850534e+27,227,0.0,454,0.0,0.0,2112,52429,17109,52429,17111,52429,17095,0,0,0,101,100,100,0.0,65.6,0.0,66.4,-107615256.0,65.5,1,49,50,180,52429,52429,0,0,0.0,0.0,0.0,60.0,4.0399086359024763e+18,71.0,0.0,-0.0,0.0,1069,0,1069,0,0,0,1069,0,1079,0,999,0,659,0,661,0,656,0,676,0.032,1.4536034330083127e+22,0.0,0.0,14992,16814,4.0399086359024763e+18,-0.0,0.0,0.0,-0.0,0.0,50.0,60.0,35,0.0,0.0,10.0,2.0,0.0,0.0,0.0,0.0,0.0,0.0,0.0,0.0,0.0,0.0,0.0,0.0,59.2,55,11,65508,27,65476,0,300,0,0,8,20529,65476,0,0,30147,60.0,0.0,10.0,10.0,2.0,0.0
2026-02-16T12:40:03,ERR,ERR,ERR,ERR,ERR,ERR,ERR,ERR,ERR,ERR,ERR,ERR,ERR,ERR,ERR,ERR,ERR,ERR,ERR,ERR,ERR,ERR,ERR,ERR,ERR,ERR,ERR,ERR,ERR,ERR,ERR,ERR,ERR,ERR,ERR,ERR,ERR,ERR,ERR,ERR,ERR,ERR,ERR,ERR,ERR,ERR,ERR,ERR,ERR,ERR,ERR,ERR,ERR,ERR,ERR,ERR,ERR,ERR,ERR,ERR,ERR,ERR,ERR,ERR,ERR,ERR,ERR,ERR,ERR,ERR,ERR,ERR,ERR,ERR,ERR,ERR,ERR,ERR,ERR,ERR,ERR,ERR,ERR,ERR,ERR,ERR,ERR,ERR,ERR,ERR,ERR,ERR,ERR,ERR,ERR,ERR,ERR,ERR,ERR,ERR,ERR,ERR,ERR,ERR,ERR,ERR,ERR,ERR,ERR,ERR,ERR,ERR,ERR,ERR,ERR,ERR,ERR,ERR,ERR,ERR,ERR,ERR,ERR,ERR,ERR,0.0,-107616352.0,0.0,0.0,142144341803008.0,0.0,-1.8468631356396366e+35,-2805765.25,4300,0,8,17170,4300,0.0,41,0.0,0.0,0.0,0.0,-0.0,0,0,0,0,0.0,0,0,0,0,0,0,0,0,0,0,0,0,0,0,0,0,0,0,0,0,0,0,0,0,0,0,0,0,0,0,0,0,0,9,36,36,45,65476,375,65476,1,0,4,21553,0.0,-0.0,0.0,0.0,0.0,0.0,0.0,0.0,0.0,0.0,0.0,0.0,0.0,0.0,0.0,0.0,0.0,0.0,0.0,0.0,0.0,2.004,2.004,0.0,2.004,3.697075742657269e+19,0.0,0.0,0.0,0.0,6474.0,8608229376.0,0.0,0.0,-107616352.0,-0.0,0.0,-0.0,0.0,2.004,2.004,227,-4.950401131092143e+32,-0.0,0.0,0.0,0.0,0.0,0.0,0.0,0.0,0,0,0,-0.0,-0.0,0.001,-0.0,326034725535744.0,-0.09,-0.0,0.0,0.0,-1.2143621172402722e+31,-12945.54,4.314281334433382e+16,0.0,0.0,0.0,-0.0,0,1.3516416376850534e+27,227,0.0,454,0.0,0.0,2112,52429,17109,52429,17111,52429,17095,0,0,0,101,100,100,0.0,65.6,0.0,66.4,-107615256.0,65.5,1,49,50,180,52429,52429,0,0,0.0,0.0,0.0,60.0,4.0399086359024763e+18,71.0,0.0,-0.0,0.0,1069,0,1069,0,0,0,1069,0,1079,0,999,0,659,0,661,0,656,0,676,0.032,1.4536034330083127e+22,0.0,0.0,14992,16814,4.0399086359024763e+18,-0.0,0.0,0.0,-0.0,0.0,50.0,60.0,35,0.0,0.0,10.0,2.0,0.0,0.0,0.0,0.0,0.0,0.0,0.0,0.0,0.0,0.0,0.0,0.0,59.2,55,11,65508,27,65476,0,300,0,0,8,20529,65476,0,0,30147,60.0,0.0,10.0,10.0,2.0,0.0
2026-02-16T12:40:04,ERR,ERR,ERR,ERR,ERR,ERR,ERR,ERR,ERR,ERR,ERR,ERR,ERR,ERR,ERR,ERR,ERR,ERR,ERR,ERR,ERR,ERR,ERR,ERR,ERR,ERR,ERR,ERR,ERR,ERR,ERR,ERR,ERR,ERR,ERR,ERR,ERR,ERR,ERR,ERR,ERR,ERR,ERR,ERR,ERR,ERR,ERR,ERR,ERR,ERR,ERR,ERR,ERR,ERR,ERR,ERR,ERR,ERR,ERR,ERR,ERR,ERR,ERR,ERR,ERR,ERR,ERR,ERR,ERR,ERR,ERR,ERR,ERR,ERR,ERR,ERR,ERR,ERR,ERR,ERR,ERR,ERR,ERR,ERR,ERR,ERR,ERR,ERR,ERR,ERR,ERR,ERR,ERR,ERR,ERR,ERR,ERR,ERR,ERR,ERR,ERR,ERR,ERR,ERR,ERR,ERR,ERR,ERR,ERR,ERR,ERR,ERR,ERR,ERR,ERR,ERR,ERR,ERR,ERR,ERR,ERR,ERR,ERR,ERR,ERR,0.0,-107616352.0,0.0,0.0,142144341803008.0,0.0,-1.8468631356396366e+35,-2805765.25,4300,0,8,17170,4300,0.0,41,0.0,0.0,0.0,0.0,-0.0,0,0,0,0,0.0,0,0,0,0,0,0,0,0,0,0,0,0,0,0,0,0,0,0,0,0,0,0,0,0,0,0,0,0,0,0,0,0,0,9,36,36,45,65476,375,65476,1,0,4,21553,0.0,-0.0,0.0,0.0,0.0,0.0,0.0,0.0,0.0,0.0,0.0,0.0,0.0,0.0,0.0,0.0,0.0,0.0,0.0,0.0,0.0,2.004,2.004,0.0,2.004,3.697075742657269e+19,0.0,0.0,0.0,0.0,6474.0,8608229376.0,0.0,0.0,-107616352.0,-0.0,0.0,-0.0,0.0,2.004,2.004,227,-4.950401131092143e+32,-0.0,0.0,0.0,0.0,0.0,0.0,0.0,0.0,0,0,0,-0.0,-0.0,0.001,-0.0,326034725535744.0,-0.09,-0.0,0.0,0.0,-1.2143621172402722e+31,-12945.54,4.314281334433382e+16,0.0,0.0,0.0,-0.0,0,1.3516416376850534e+27,227,0.0,454,0.0,0.0,2112,52429,17109,52429,17111,52429,17095,0,0,0,101,100,100,0.0,65.6,0.0,66.4,-107615256.0,65.5,1,49,50,180,52429,52429,0,0,0.0,0.0,0.0,60.0,4.0399086359024763e+18,71.0,0.0,-0.0,0.0,1069,0,1069,0,0,0,1069,0,1079,0,999,0,659,0,661,0,656,0,676,0.032,1.4536034330083127e+22,0.0,0.0,14992,16814,4.0399086359024763e+18,-0.0,0.0,0.0,-0.0,0.0,50.0,60.0,35,0.0,0.0,10.0,2.0,0.0,0.0,0.0,0.0,0.0,0.0,0.0,0.0,0.0,0.0,0.0,0.0,59.2,55,11,65508,27,65476,0,300,0,0,8,20529,65476,0,0,30147,60.0,0.0,10.0,10.0,2.0,0.0
2026-02-16T12:40:05,ERR,ERR,ERR,ERR,ERR,ERR,ERR,ERR,ERR,ERR,ERR,ERR,ERR,ERR,ERR,ERR,ERR,ERR,ERR,ERR,ERR,ERR,ERR,ERR,ERR,ERR,ERR,ERR,ERR,ERR,ERR,ERR,ERR,ERR,ERR,ERR,ERR,ERR,ERR,ERR,ERR,ERR,ERR,ERR,ERR,ERR,ERR,ERR,ERR,ERR,ERR,ERR,ERR,ERR,ERR,ERR,ERR,ERR,ERR,ERR,ERR,ERR,ERR,ERR,ERR,ERR,ERR,ERR,ERR,ERR,ERR,ERR,ERR,ERR,ERR,ERR,ERR,ERR,ERR,ERR,ERR,ERR,ERR,ERR,ERR,ERR,ERR,ERR,ERR,ERR,ERR,ERR,ERR,ERR,ERR,ERR,ERR,ERR,ERR,ERR,ERR,ERR,ERR,ERR,ERR,ERR,ERR,ERR,ERR,ERR,ERR,ERR,ERR,ERR,ERR,ERR,ERR,ERR,ERR,ERR,ERR,ERR,ERR,ERR,ERR,0.0,-107616352.0,0.0,0.0,142144341803008.0,0.0,-6.549489543473428e+35,-1263618.625,4300,0,8,17170,4300,0.0,41,0.0,0.0,0.0,0.0,-0.0,0,0,0,0,0.0,0,0,0,0,0,0,0,0,0,0,0,0,0,0,0,0,0,0,0,0,0,0,0,0,0,0,0,0,0,0,0,0,0,9,36,36,45,65476,374,65476,1,0,4,21553,0.0,-107610720.0,0.0,0.0,0.0,0.0,0.0,0.0,0.0,0.0,0.0,0.0,0.0,0.0,0.0,0.0,0.0,0.0,0.0,0.0,0.0,2.004,2.004,0.0,2.004,-0.0,0.0,0.0,0.0,0.0,6467.0,-564148920385536.0,0.0,0.0,-107616352.0,-107616240.0,0.0,0.0,0.0,2.004,2.004,226,-107614776.0,-4.066875192005716e+29,0.0,0.0,0.0,0.0,0.0,0.0,0.0,0,0,0,-0.0,-0.0,0.0,0.0,6.258,4.925012915167711e+32,-0.0,1.02027799809182e+22,203711389368320.0,-1.3094359122573894e+31,-13713.54,4.680198804157235e+16,0.0,0.0,0.0,0.011,0,1.3516416376850534e+27,226,0.0,452,-621855232.0,0.0,2112,52429,17109,52429,17111,52429,17095,0,0,0,101,100,100,0.0,65.6,0.0,66.4,-107615256.0,65.5,1,49,50,180,52429,52429,0,0,0.0,0.0,0.0,60.0,106976886784.0,71.0,0.0,4.5613978750101225e+19,0.0,1069,0,1069,0,0,0,1069,0,1079,0,999,0,659,0,661,0,656,0,676,0.032,1.4536034330083127e+22,0.0,0.0,9872,16814,2323748749312.0,-0.0,-5.271355277446109e+23,-2620.057,7.133,-1.375661907576505e+29,50.0,60.0,35,0.0,0.0,10.0,2.0,0.0,0.0,0.0,0.0,0.0,0.0,0.0,0.0,0.0,0.0,0.0,0.0,59.2,55,11,65508,27,65476,0,300,0,0,8,20529,65476,0,0,30147,60.0,0.0,10.0,10.0,2.0,0.0
2026-02-16T12:40:06,ERR,ERR,ERR,ERR,ERR,ERR,ERR,ERR,ERR,ERR,ERR,ERR,ERR,ERR,ERR,ERR,ERR,ERR,ERR,ERR,ERR,ERR,ERR,ERR,ERR,ERR,ERR,ERR,ERR,ERR,ERR,ERR,ERR,ERR,ERR,ERR,ERR,ERR,ERR,ERR,ERR,ERR,ERR,ERR,ERR,ERR,ERR,ERR,ERR,ERR,ERR,ERR,ERR,ERR,ERR,ERR,ERR,ERR,ERR,ERR,ERR,ERR,ERR,ERR,ERR,ERR,ERR,ERR,ERR,ERR,ERR,ERR,ERR,ERR,ERR,ERR,ERR,ERR,ERR,ERR,ERR,ERR,ERR,ERR,ERR,ERR,ERR,ERR,ERR,ERR,ERR,ERR,ERR,ERR,ERR,ERR,ERR,ERR,ERR,ERR,ERR,ERR,ERR,ERR,ERR,ERR,ERR,ERR,ERR,ERR,ERR,ERR,ERR,ERR,ERR,ERR,ERR,ERR,ERR,ERR,ERR,ERR,ERR,ERR,ERR,0.0,-107616352.0,0.0,0.0,142144341803008.0,0.0,-6.549489543473428e+35,-1263618.625,4300,0,8,17170,4300,0.0,41,0.0,0.0,0.0,0.0,-0.0,0,0,0,0,0.0,0,0,0,0,0,0,0,0,0,0,0,0,0,0,0,0,0,0,0,0,0,0,0,0,0,0,0,0,0,0,0,0,0,9,36,36,45,65476,374,65476,1,0,4,21553,0.0,-107610720.0,0.0,0.0,0.0,0.0,0.0,0.0,0.0,0.0,0.0,0.0,0.0,0.0,0.0,0.0,0.0,0.0,0.0,0.0,0.0,2.004,2.004,0.0,2.004,-0.0,0.0,0.0,0.0,0.0,6467.0,-564148920385536.0,0.0,0.0,-107616352.0,-107616240.0,0.0,0.0,0.0,2.004,2.004,226,-107614776.0,-4.066875192005716e+29,0.0,0.0,0.0,0.0,0.0,0.0,0.0,0,0,0,-0.0,-0.0,0.0,0.0,6.258,4.925012915167711e+32,-0.0,1.02027799809182e+22,203711389368320.0,-1.3094359122573894e+31,-13713.54,4.680198804157235e+16,0.0,0.0,0.0,0.011,0,1.3516416376850534e+27,226,0.0,452,-621855232.0,0.0,2112,52429,17109,52429,17111,52429,17095,0,0,0,101,100,100,0.0,65.6,0.0,66.4,-107615256.0,65.5,1,49,50,180,52429,52429,0,0,0.0,0.0,0.0,60.0,106976886784.0,71.0,0.0,4.5613978750101225e+19,0.0,1069,0,1069,0,0,0,1069,0,1079,0,999,0,659,0,661,0,656,0,676,0.032,1.4536034330083127e+22,0.0,0.0,9872,16814,2323748749312.0,-0.0,-5.271355277446109e+23,-2620.057,7.133,-1.375661907576505e+29,50.0,60.0,35,0.0,0.0,10.0,2.0,0.0,0.0,0.0,0.0,0.0,0.0,0.0,0.0,0.0,0.0,0.0,0.0,58.8,55,11,65508,27,65476,0,300,0,0,8,20529,65476,0,0,30147,60.0,0.0,10.0,10.0,2.0,0.0
2026-02-16T12:40:07,ERR,ERR,ERR,ERR,ERR,ERR,ERR,ERR,ERR,ERR,ERR,ERR,ERR,ERR,ERR,ERR,ERR,ERR,ERR,ERR,ERR,ERR,ERR,ERR,ERR,ERR,ERR,ERR,ERR,ERR,ERR,ERR,ERR,ERR,ERR,ERR,ERR,ERR,ERR,ERR,ERR,ERR,ERR,ERR,ERR,ERR,ERR,ERR,ERR,ERR,ERR,ERR,ERR,ERR,ERR,ERR,ERR,ERR,ERR,ERR,ERR,ERR,ERR,ERR,ERR,ERR,ERR,ERR,ERR,ERR,ERR,ERR,ERR,ERR,ERR,ERR,ERR,ERR,ERR,ERR,ERR,ERR,ERR,ERR,ERR,ERR,ERR,ERR,ERR,ERR,ERR,ERR,ERR,ERR,ERR,ERR,ERR,ERR,ERR,ERR,ERR,ERR,ERR,ERR,ERR,ERR,ERR,ERR,ERR,ERR,ERR,ERR,ERR,ERR,ERR,ERR,ERR,ERR,ERR,ERR,ERR,ERR,ERR,ERR,ERR,0.0,-107616352.0,0.0,0.0,142144341803008.0,0.0,-6.549489543473428e+35,-1263618.625,4300,0,8,17170,4300,0.0,41,0.0,0.0,0.0,0.0,-0.0,0,0,0,0,0.0,0,0,0,0,0,0,0,0,0,0,0,0,0,0,0,0,0,0,0,0,0,0,0,0,0,0,0,0,0,0,0,0,0,9,36,36,45,65476,374,65476,1,0,4,21553,0.0,-107610720.0,0.0,0.0,0.0,0.0,0.0,0.0,0.0,0.0,0.0,0.0,0.0,0.0,0.0,0.0,0.0,0.0,0.0,0.0,0.0,2.004,2.004,0.0,2.004,-0.0,0.0,0.0,0.0,0.0,6467.0,-564148920385536.0,0.0,0.0,-107616352.0,-107616240.0,0.0,0.0,0.0,2.004,2.004,226,-107614776.0,-4.066875192005716e+29,0.0,0.0,0.0,0.0,0.0,0.0,0.0,0,0,0,-0.0,-0.0,0.0,0.0,6.258,4.925012915167711e+32,-0.0,1.02027799809182e+22,203711389368320.0,-1.3094359122573894e+31,-13713.54,4.680198804157235e+16,0.0,0.0,0.0,0.011,0,1.3516416376850534e+27,226,0.0,452,-621855232.0,0.0,2112,52429,17109,52429,17111,52429,17095,0,0,0,101,100,100,0.0,65.6,0.0,66.4,-107615256.0,65.5,1,49,50,180,52429,52429,0,0,0.0,0.0,0.0,60.0,106976886784.0,71.0,0.0,4.5613978750101225e+19,0.0,1069,0,1069,0,0,0,1069,0,1079,0,999,0,659,0,661,0,656,0,676,0.032,1.4536034330083127e+22,0.0,0.0,9872,16814,2323748749312.0,-0.0,-5.271355277446109e+23,-2620.057,7.133,-1.375661907576505e+29,50.0,60.0,35,0.0,0.0,10.0,2.0,0.0,0.0,0.0,0.0,0.0,0.0,0.0,0.0,0.0,0.0,0.0,0.0,59.2,55,11,65508,27,65476,0,300,0,0,8,20529,65476,0,0,30147,60.0,0.0,10.0,10.0,2.0,0.0
2026-02-16T12:40:08,ERR,ERR,ERR,ERR,ERR,ERR,ERR,ERR,ERR,ERR,ERR,ERR,ERR,ERR,ERR,ERR,ERR,ERR,ERR,ERR,ERR,ERR,ERR,ERR,ERR,ERR,ERR,ERR,ERR,ERR,ERR,ERR,ERR,ERR,ERR,ERR,ERR,ERR,ERR,ERR,ERR,ERR,ERR,ERR,ERR,ERR,ERR,ERR,ERR,ERR,ERR,ERR,ERR,ERR,ERR,ERR,ERR,ERR,ERR,ERR,ERR,ERR,ERR,ERR,ERR,ERR,ERR,ERR,ERR,ERR,ERR,ERR,ERR,ERR,ERR,ERR,ERR,ERR,ERR,ERR,ERR,ERR,ERR,ERR,ERR,ERR,ERR,ERR,ERR,ERR,ERR,ERR,ERR,ERR,ERR,ERR,ERR,ERR,ERR,ERR,ERR,ERR,ERR,ERR,ERR,ERR,ERR,ERR,ERR,ERR,ERR,ERR,ERR,ERR,ERR,ERR,ERR,ERR,ERR,ERR,ERR,ERR,ERR,ERR,ERR,0.0,-107616352.0,0.0,0.0,142144341803008.0,0.0,-6.549489543473428e+35,-1263618.625,4300,0,8,17170,4300,0.0,41,0.0,0.0,0.0,0.0,-0.0,0,0,0,0,0.0,0,0,0,0,0,0,0,0,0,0,0,0,0,0,0,0,0,0,0,0,0,0,0,0,0,0,0,0,0,0,0,0,0,9,36,36,45,65476,374,65476,1,0,4,21553,0.0,-107610720.0,0.0,0.0,0.0,0.0,0.0,0.0,0.0,0.0,0.0,0.0,0.0,0.0,0.0,0.0,0.0,0.0,0.0,0.0,0.0,2.004,2.004,0.0,2.004,-0.0,0.0,0.0,0.0,0.0,6467.0,-564148920385536.0,0.0,0.0,-107616352.0,-107616240.0,0.0,0.0,0.0,2.004,2.004,226,-107614776.0,-4.066875192005716e+29,0.0,0.0,0.0,0.0,0.0,0.0,0.0,0,0,0,-0.0,-0.0,0.0,0.0,6.258,4.925012915167711e+32,-0.0,1.02027799809182e+22,203711389368320.0,-1.3094359122573894e+31,-13713.54,4.680198804157235e+16,0.0,0.0,0.0,0.011,0,1.3516416376850534e+27,226,0.0,452,-621855232.0,0.0,2112,52429,17109,52429,17111,52429,17095,0,0,0,101,100,100,0.0,65.6,0.0,66.4,-107615256.0,65.5,1,49,50,180,52429,52429,0,0,0.0,0.0,0.0,60.0,106976886784.0,71.0,0.0,4.5613978750101225e+19,0.0,1069,0,1069,0,0,0,1069,0,1079,0,999,0,659,0,661,0,656,0,676,0.032,1.4536034330083127e+22,0.0,0.0,9872,16814,2323748749312.0,-0.0,-5.271355277446109e+23,-2620.057,7.133,-1.375661907576505e+29,50.0,60.0,35,0.0,0.0,10.0,2.0,0.0,0.0,0.0,0.0,0.0,0.0,0.0,0.0,0.0,0.0,0.0,0.0,59.2,55,11,65508,27,65476,0,300,0,0,8,20529,65476,0,0,30147,60.0,0.0,10.0,10.0,2.0,0.0
2026-02-16T12:40:09,ERR,ERR,ERR,ERR,ERR,ERR,ERR,ERR,ERR,ERR,ERR,ERR,ERR,ERR,ERR,ERR,ERR,ERR,ERR,ERR,ERR,ERR,ERR,ERR,ERR,ERR,ERR,ERR,ERR,ERR,ERR,ERR,ERR,ERR,ERR,ERR,ERR,ERR,ERR,ERR,ERR,ERR,ERR,ERR,ERR,ERR,ERR,ERR,ERR,ERR,ERR,ERR,ERR,ERR,ERR,ERR,ERR,ERR,ERR,ERR,ERR,ERR,ERR,ERR,ERR,ERR,ERR,ERR,ERR,ERR,ERR,ERR,ERR,ERR,ERR,ERR,ERR,ERR,ERR,ERR,ERR,ERR,ERR,ERR,ERR,ERR,ERR,ERR,ERR,ERR,ERR,ERR,ERR,ERR,ERR,ERR,ERR,ERR,ERR,ERR,ERR,ERR,ERR,ERR,ERR,ERR,ERR,ERR,ERR,ERR,ERR,ERR,ERR,ERR,ERR,ERR,ERR,ERR,ERR,ERR,ERR,ERR,ERR,ERR,ERR,0.0,-107616352.0,0.0,0.0,142144341803008.0,0.0,-6.549489543473428e+35,-1263618.625,4300,0,8,17170,4300,0.0,41,0.0,0.0,0.0,0.0,-0.0,0,0,0,0,0.0,0,0,0,0,0,0,0,0,0,0,0,0,0,0,0,0,0,0,0,0,0,0,0,0,0,0,0,0,0,0,0,0,0,9,36,36,45,65476,374,65476,1,0,4,21553,0.0,-107610720.0,0.0,0.0,0.0,0.0,0.0,0.0,0.0,0.0,0.0,0.0,0.0,0.0,0.0,0.0,0.0,0.0,0.0,0.0,0.0,2.004,2.004,0.0,2.004,-0.0,0.0,0.0,0.0,0.0,6467.0,-564148920385536.0,0.0,0.0,-107616352.0,-107616240.0,0.0,0.0,0.0,2.004,2.004,226,-107614776.0,-4.066875192005716e+29,0.0,0.0,0.0,0.0,0.0,0.0,0.0,0,0,0,-0.0,-0.0,0.0,0.0,6.258,4.925012915167711e+32,-0.0,1.02027799809182e+22,203711389368320.0,-1.3094359122573894e+31,-13713.54,4.680198804157235e+16,0.0,0.0,0.0,0.011,0,1.3516416376850534e+27,226,0.0,452,-621855232.0,0.0,2112,52429,17109,0,17112,52429,17095,0,0,0,101,100,100,0.0,65.6,0.0,66.4,-107615256.0,65.5,1,49,50,180,52429,52429,0,0,0.0,0.0,0.0,60.0,1.258183118350587e+20,71.0,0.0,-0.0,0.0,1069,0,1069,0,0,0,1069,0,1079,0,999,0,659,0,661,0,656,0,676,0.032,1.4536034330083127e+22,0.0,0.0,5520,16814,1.258183118350587e+20,-0.0,0.0,1.2304239505942658e+22,1.3177892059786498e+27,0.0,50.0,60.0,35,0.0,0.0,10.0,2.0,0.0,0.0,0.0,0.0,0.0,0.0,0.0,0.0,0.0,0.0,0.0,0.0,59.2,55,11,65508,27,65476,0,300,0,0,8,20529,65476,0,0,30147,60.0,0.0,10.0,10.0,2.0,0.0
2026-02-16T12:40:10,ERR,ERR,ERR,ERR,ERR,ERR,ERR,ERR,ERR,ERR,ERR,ERR,ERR,ERR,ERR,ERR,ERR,ERR,ERR,ERR,ERR,ERR,ERR,ERR,ERR,ERR,ERR,ERR,ERR,ERR,ERR,ERR,ERR,ERR,ERR,ERR,ERR,ERR,ERR,ERR,ERR,ERR,ERR,ERR,ERR,ERR,ERR,ERR,ERR,ERR,ERR,ERR,ERR,ERR,ERR,ERR,ERR,ERR,ERR,ERR,ERR,ERR,ERR,ERR,ERR,ERR,ERR,ERR,ERR,ERR,ERR,ERR,ERR,ERR,ERR,ERR,ERR,ERR,ERR,ERR,ERR,ERR,ERR,ERR,ERR,ERR,ERR,ERR,ERR,ERR,ERR,ERR,ERR,ERR,ERR,ERR,ERR,ERR,ERR,ERR,ERR,ERR,ERR,ERR,ERR,ERR,ERR,ERR,ERR,ERR,ERR,ERR,ERR,ERR,ERR,ERR,ERR,ERR,ERR,ERR,ERR,ERR,ERR,ERR,ERR,0.0,-107616352.0,0.0,0.0,142144341803008.0,0.0,-2.626719695157294e+26,-731219558400.0,4300,0,8,17170,4300,0.0,41,0.0,0.0,0.0,0.0,-0.0,0,0,0,0,0.0,0,0,0,0,0,0,0,0,0,0,0,0,0,0,0,0,0,0,0,0,0,0,0,0,0,0,0,0,0,0,0,0,0,10,36,36,45,65476,374,65476,1,0,4,21553,0.0,-107610720.0,0.0,0.0,0.0,0.0,0.0,0.0,0.0,0.0,0.0,0.0,0.0,0.0,0.0,0.0,0.0,0.0,0.0,0.0,0.0,2.004,2.004,0.0,0.0,-0.0,0.0,0.0,0.0,0.0,6498.0,3.6972068044433e+19,0.0,0.0,-107616352.0,-0.0,107616264.0,0.0,0.0,2.004,2.004,226,-71.629,0.0,0.0,0.0,0.0,0.0,0.0,0.0,0.0,0,0,0,-0.0,-200967.578,0.0,-13975934976.0,0.0,-5.742992167587176e+36,-0.0,4110686617600.0,0.0,-1.4045097072745066e+31,-14545.54,5.046116273881088e+16,0.0,0.0,0.0,0.032,0,1.3516416376850534e+27,226,0.0,452,2.40156025918058e+36,-1.5870805360731793e+30,2112,52429,17109,0,17112,52429,17095,0,0,0,101,100,100,0.0,65.6,0.0,66.4,-107615256.0,65.5,1,49,50,180,52429,52429,0,0,0.0,0.0,0.0,60.0,1.258183118350587e+20,71.0,0.0,-0.0,0.0,1069,0,1069,0,0,0,1069,0,1079,0,999,0,659,0,661,0,656,0,676,0.032,1.4536034330083127e+22,0.0,0.0,5520,16814,1.258183118350587e+20,-0.0,0.0,1.2304239505942658e+22,1.3177892059786498e+27,0.0,50.0,60.0,35,0.0,0.0,10.0,2.0,0.0,0.0,0.0,0.0,0.0,0.0,0.0,0.0,0.0,0.0,0.0,0.0,59.2,55,11,65508,27,65476,0,300,0,0,8,20529,65476,0,0,30147,60.0,0.0,10.0,10.0,2.0,0.0
2026-02-16T12:40:11,ERR,ERR,ERR,ERR,ERR,ERR,ERR,ERR,ERR,ERR,ERR,ERR,ERR,ERR,ERR,ERR,ERR,ERR,ERR,ERR,ERR,ERR,ERR,ERR,ERR,ERR,ERR,ERR,ERR,ERR,ERR,ERR,ERR,ERR,ERR,ERR,ERR,ERR,ERR,ERR,ERR,ERR,ERR,ERR,ERR,ERR,ERR,ERR,ERR,ERR,ERR,ERR,ERR,ERR,ERR,ERR,ERR,ERR,ERR,ERR,ERR,ERR,ERR,ERR,ERR,ERR,ERR,ERR,ERR,ERR,ERR,ERR,ERR,ERR,ERR,ERR,ERR,ERR,ERR,ERR,ERR,ERR,ERR,ERR,ERR,ERR,ERR,ERR,ERR,ERR,ERR,ERR,ERR,ERR,ERR,ERR,ERR,ERR,ERR,ERR,ERR,ERR,ERR,ERR,ERR,ERR,ERR,ERR,ERR,ERR,ERR,ERR,ERR,ERR,ERR,ERR,ERR,ERR,ERR,ERR,ERR,ERR,ERR,ERR,ERR,0.0,-107616352.0,0.0,0.0,142144341803008.0,0.0,-2.626719695157294e+26,-731219558400.0,4300,0,8,17170,4300,0.0,41,0.0,0.0,0.0,0.0,-0.0,0,0,0,0,0.0,0,0,0,0,0,0,0,0,0,0,0,0,0,0,0,0,0,0,0,0,0,0,0,0,0,0,0,0,0,0,0,0,0,10,36,36,45,65476,374,65476,1,0,4,21553,0.0,-107610720.0,0.0,0.0,0.0,0.0,0.0,0.0,0.0,0.0,0.0,0.0,0.0,0.0,0.0,0.0,0.0,0.0,0.0,0.0,0.0,2.004,2.004,0.0,0.0,-0.0,0.0,0.0,0.0,0.0,6498.0,3.6972068044433e+19,0.0,0.0,-107616352.0,-0.0,107616264.0,0.0,0.0,2.004,2.004,226,-71.629,0.0,0.0,0.0,0.0,0.0,0.0,0.0,0.0,0,0,0,-0.0,-200967.578,0.0,-13975934976.0,0.0,-5.742992167587176e+36,-0.0,4110686617600.0,0.0,-1.4045097072745066e+31,-14545.54,5.046116273881088e+16,0.0,0.0,0.0,0.032,0,1.3516416376850534e+27,226,0.0,452,2.40156025918058e+36,-1.5870805360731793e+30,2112,52429,17109,0,17112,52429,17095,0,0,0,101,100,100,0.0,65.6,0.0,66.4,-107615256.0,65.5,1,49,50,180,52429,52429,0,0,0.0,0.0,0.0,60.0,1.258183118350587e+20,71.0,0.0,-0.0,0.0,1069,0,1069,0,0,0,1069,0,1079,0,999,0,659,0,661,0,656,0,676,0.032,1.4536034330083127e+22,0.0,0.0,5520,16814,1.258183118350587e+20,-0.0,0.0,1.2304239505942658e+22,1.3177892059786498e+27,0.0,50.0,60.0,35,0.0,0.0,10.0,2.0,0.0,0.0,0.0,0.0,0.0,0.0,0.0,0.0,0.0,0.0,0.0,0.0,59.2,55,11,65508,27,65476,0,300,0,0,8,20529,65476,0,0,30147,60.0,0.0,10.0,10.0,2.0,0.0
2026-02-16T12:40:12,ERR,ERR,ERR,ERR,ERR,ERR,ERR,ERR,ERR,ERR,ERR,ERR,ERR,ERR,ERR,ERR,ERR,ERR,ERR,ERR,ERR,ERR,ERR,ERR,ERR,ERR,ERR,ERR,ERR,ERR,ERR,ERR,ERR,ERR,ERR,ERR,ERR,ERR,ERR,ERR,ERR,ERR,ERR,ERR,ERR,ERR,ERR,ERR,ERR,ERR,ERR,ERR,ERR,ERR,ERR,ERR,ERR,ERR,ERR,ERR,ERR,ERR,ERR,ERR,ERR,ERR,ERR,ERR,ERR,ERR,ERR,ERR,ERR,ERR,ERR,ERR,ERR,ERR,ERR,ERR,ERR,ERR,ERR,ERR,ERR,ERR,ERR,ERR,ERR,ERR,ERR,ERR,ERR,ERR,ERR,ERR,ERR,ERR,ERR,ERR,ERR,ERR,ERR,ERR,ERR,ERR,ERR,ERR,ERR,ERR,ERR,ERR,ERR,ERR,ERR,ERR,ERR,ERR,ERR,ERR,ERR,ERR,ERR,ERR,ERR,0.0,-107616352.0,0.0,0.0,142144341803008.0,0.0,-2.626719695157294e+26,-731219558400.0,4300,0,8,17170,4300,0.0,41,0.0,0.0,0.0,0.0,-0.0,0,0,0,0,0.0,0,0,0,0,0,0,0,0,0,0,0,0,0,0,0,0,0,0,0,0,0,0,0,0,0,0,0,0,0,0,0,0,0,10,36,36,45,65476,374,65476,1,0,4,21553,0.0,-107610720.0,0.0,0.0,0.0,0.0,0.0,0.0,0.0,0.0,0.0,0.0,0.0,0.0,0.0,0.0,0.0,0.0,0.0,0.0,0.0,2.004,2.004,0.0,0.0,-0.0,0.0,0.0,0.0,0.0,6498.0,3.6972068044433e+19,0.0,0.0,-107616352.0,-0.0,107616264.0,0.0,0.0,2.004,2.004,226,-71.629,0.0,0.0,0.0,0.0,0.0,0.0,0.0,0.0,0,0,0,-0.0,-200967.578,0.0,-13975934976.0,0.0,-5.742992167587176e+36,-0.0,4110686617600.0,0.0,-1.4045097072745066e+31,-14545.54,5.046116273881088e+16,0.0,0.0,0.0,0.032,0,1.3516416376850534e+27,226,0.0,452,2.40156025918058e+36,-1.5870805360731793e+30,2112,52429,17109,52429,17111,52429,17095,0,0,0,101,100,100,0.0,65.6,0.0,66.4,-107615256.0,65.5,1,49,50,180,52429,52429,0,0,0.0,0.0,0.0,60.0,4.644561828414751e+17,71.0,0.0,-1.2993360463742894e+18,0.0,1069,0,1069,0,0,0,1069,0,1080,0,999,0,659,0,661,0,656,0,676,0.032,1.4536034330083127e+22,0.0,0.0,13072,16814,4.644561828414751e+17,-1.2993360463742894e+18,0.268,-1.5843872456112115e+24,-0.0,0.002,50.0,60.0,35,0.0,0.0,10.0,2.0,0.0,0.0,0.0,0.0,0.0,0.0,0.0,0.0,0.0,0.0,0.0,0.0,59.2,55,11,65508,27,65476,0,300,0,0,8,20529,65476,0,0,30147,60.0,0.0,10.0,10.0,2.0,0.0
2026-02-16T12:40:13,ERR,ERR,ERR,ERR,ERR,ERR,ERR,ERR,ERR,ERR,ERR,ERR,ERR,ERR,ERR,ERR,ERR,ERR,ERR,ERR,ERR,ERR,ERR,ERR,ERR,ERR,ERR,ERR,ERR,ERR,ERR,ERR,ERR,ERR,ERR,ERR,ERR,ERR,ERR,ERR,ERR,ERR,ERR,ERR,ERR,ERR,ERR,ERR,ERR,ERR,ERR,ERR,ERR,ERR,ERR,ERR,ERR,ERR,ERR,ERR,ERR,ERR,ERR,ERR,ERR,ERR,ERR,ERR,ERR,ERR,ERR,ERR,ERR,ERR,ERR,ERR,ERR,ERR,ERR,ERR,ERR,ERR,ERR,ERR,ERR,ERR,ERR,ERR,ERR,ERR,ERR,ERR,ERR,ERR,ERR,ERR,ERR,ERR,ERR,ERR,ERR,ERR,ERR,ERR,ERR,ERR,ERR,ERR,ERR,ERR,ERR,ERR,ERR,ERR,ERR,ERR,ERR,ERR,ERR,ERR,ERR,ERR,ERR,ERR,ERR,0.0,-107616352.0,0.0,0.0,142144341803008.0,0.0,-2.626719695157294e+26,-731219558400.0,4300,0,8,17170,4300,0.0,41,0.0,0.0,0.0,0.0,-0.0,0,0,0,0,0.0,0,0,0,0,0,0,0,0,0,0,0,0,0,0,0,0,0,0,0,0,0,0,0,0,0,0,0,0,0,0,0,0,0,10,36,36,45,65476,374,65476,1,0,4,21553,0.0,-107610720.0,0.0,0.0,0.0,0.0,0.0,0.0,0.0,0.0,0.0,0.0,0.0,0.0,0.0,0.0,0.0,0.0,0.0,0.0,0.0,2.004,2.004,0.0,0.0,-0.0,0.0,0.0,0.0,0.0,6498.0,3.6972068044433e+19,0.0,0.0,-107616352.0,-0.0,107616264.0,0.0,0.0,2.004,2.004,226,-71.629,0.0,0.0,0.0,0.0,0.0,0.0,0.0,0.0,0,0,0,-0.0,-200967.578,0.0,-13975934976.0,0.0,-5.742992167587176e+36,-0.0,4110686617600.0,0.0,-1.4045097072745066e+31,-14545.54,5.046116273881088e+16,0.0,0.0,0.0,0.032,0,1.3516416376850534e+27,226,0.0,452,2.40156025918058e+36,-1.5870805360731793e+30,2112,52429,17109,52429,17111,52429,17095,0,0,0,101,100,100,0.0,65.6,0.0,66.4,-107615256.0,65.5,1,49,50,180,52429,52429,0,0,0.0,0.0,0.0,60.0,4.644561828414751e+17,71.0,0.0,-1.2993360463742894e+18,0.0,1069,0,1069,0,0,0,1069,0,1080,0,999,0,659,0,661,0,656,0,676,0.032,1.4536034330083127e+22,0.0,0.0,13072,16814,4.644561828414751e+17,-1.2993360463742894e+18,0.268,-1.5843872456112115e+24,-0.0,0.002,50.0,60.0,35,0.0,0.0,10.0,2.0,0.0,0.0,0.0,0.0,0.0,0.0,0.0,0.0,0.0,0.0,0.0,0.0,59.2,55,11,65508,27,65476,0,300,0,0,8,20529,65476,0,0,30147,60.0,0.0,10.0,10.0,2.0,0.0
2026-02-16T12:40:14,ERR,ERR,ERR,ERR,ERR,ERR,ERR,ERR,ERR,ERR,ERR,ERR,ERR,ERR,ERR,ERR,ERR,ERR,ERR,ERR,ERR,ERR,ERR,ERR,ERR,ERR,ERR,ERR,ERR,ERR,ERR,ERR,ERR,ERR,ERR,ERR,ERR,ERR,ERR,ERR,ERR,ERR,ERR,ERR,ERR,ERR,ERR,ERR,ERR,ERR,ERR,ERR,ERR,ERR,ERR,ERR,ERR,ERR,ERR,ERR,ERR,ERR,ERR,ERR,ERR,ERR,ERR,ERR,ERR,ERR,ERR,ERR,ERR,ERR,ERR,ERR,ERR,ERR,ERR,ERR,ERR,ERR,ERR,ERR,ERR,ERR,ERR,ERR,ERR,ERR,ERR,ERR,ERR,ERR,ERR,ERR,ERR,ERR,ERR,ERR,ERR,ERR,ERR,ERR,ERR,ERR,ERR,ERR,ERR,ERR,ERR,ERR,ERR,ERR,ERR,ERR,ERR,ERR,ERR,ERR,ERR,ERR,ERR,ERR,ERR,0.0,-107616352.0,0.0,0.0,142144341803008.0,0.0,-2.626719695157294e+26,-731219558400.0,4300,0,8,17170,4300,0.0,41,0.0,0.0,0.0,0.0,-0.0,0,0,0,0,0.0,0,0,0,0,0,0,0,0,0,0,0,0,0,0,0,0,0,0,0,0,0,0,0,0,0,0,0,0,0,0,0,0,0,10,36,36,45,65476,374,65476,1,0,4,21553,0.0,-107610720.0,0.0,0.0,0.0,0.0,0.0,0.0,0.0,0.0,0.0,0.0,0.0,0.0,0.0,0.0,0.0,0.0,0.0,0.0,0.0,2.004,2.004,0.0,0.0,-0.0,0.0,0.0,0.0,0.0,6498.0,3.6972068044433e+19,0.0,0.0,-107616352.0,-0.0,107616264.0,0.0,0.0,2.004,2.004,226,-71.629,0.0,0.0,0.0,0.0,0.0,0.0,0.0,0.0,0,0,0,-0.0,-200967.578,0.0,-13975934976.0,0.0,-5.742992167587176e+36,-0.0,4110686617600.0,0.0,-1.4045097072745066e+31,-14545.54,5.046116273881088e+16,0.0,0.0,0.0,0.032,0,1.3516416376850534e+27,226,0.0,452,2.40156025918058e+36,-1.5870805360731793e+30,2112,52429,17109,52429,17111,52429,17095,0,0,0,101,100,100,0.0,65.6,0.0,66.4,-107615256.0,65.5,1,49,50,180,52429,52429,0,0,0.0,0.0,0.0,60.0,4.644561828414751e+17,71.0,0.0,-1.2993360463742894e+18,0.0,1069,0,1069,0,0,0,1069,0,1080,0,999,0,659,0,661,0,656,0,676,0.032,1.4536034330083127e+22,0.0,0.0,13072,16814,4.644561828414751e+17,-1.2993360463742894e+18,0.268,-1.5843872456112115e+24,-0.0,0.002,50.0,60.0,35,0.0,0.0,10.0,2.0,0.0,0.0,0.0,0.0,0.0,0.0,0.0,0.0,0.0,0.0,0.0,0.0,58.8,55,11,65508,27,65476,0,300,0,0,8,20529,65476,0,0,30147,60.0,0.0,10.0,10.0,2.0,0.0
2026-02-16T12:40:15,ERR,ERR,ERR,ERR,ERR,ERR,ERR,ERR,ERR,ERR,ERR,ERR,ERR,ERR,ERR,ERR,ERR,ERR,ERR,ERR,ERR,ERR,ERR,ERR,ERR,ERR,ERR,ERR,ERR,ERR,ERR,ERR,ERR,ERR,ERR,ERR,ERR,ERR,ERR,ERR,ERR,ERR,ERR,ERR,ERR,ERR,ERR,ERR,ERR,ERR,ERR,ERR,ERR,ERR,ERR,ERR,ERR,ERR,ERR,ERR,ERR,ERR,ERR,ERR,ERR,ERR,ERR,ERR,ERR,ERR,ERR,ERR,ERR,ERR,ERR,ERR,ERR,ERR,ERR,ERR,ERR,ERR,ERR,ERR,ERR,ERR,ERR,ERR,ERR,ERR,ERR,ERR,ERR,ERR,ERR,ERR,ERR,ERR,ERR,ERR,ERR,ERR,ERR,ERR,ERR,ERR,ERR,ERR,ERR,ERR,ERR,ERR,ERR,ERR,ERR,ERR,ERR,ERR,ERR,ERR,ERR,ERR,ERR,ERR,ERR,0.0,-0.0,-107090032.0,0.0,-3.160207272547048e+29,-6.920432187561003e+37,-2.6013917347598828e+22,7.217302638364358e+26,4300,0,8,17170,4300,0.0,41,0.0,0.0,0.0,0.0,-0.0,0,0,0,0,0.0,0,0,0,0,0,0,0,0,0,0,0,0,0,0,0,0,0,0,0,0,0,0,0,0,0,0,0,0,0,0,0,0,0,10,36,36,45,65476,374,65476,1,0,4,21553,0.0,-107610720.0,0.0,0.0,0.0,0.0,0.0,0.0,0.0,0.0,0.0,0.0,0.0,0.0,0.0,0.0,0.0,0.0,0.0,0.0,0.0,2.004,2.004,-3.6970818999223845e+19,0.0,-3.697075742657269e+19,0.0,0.0,0.0,0.0,6496.0,-2.004,0.0,0.0,-107616352.0,-0.0,-0.0,0.0,0.0,2.004,2.004,226,-0.0,2.7184278591402704e+23,0.0,0.0,0.0,0.0,0.0,0.0,0.0,0,0,0,4.2921720625642865e+18,0.0,-8.407602855360883e+33,-0.0,0.0,-0.0,-0.022,7.114607251022257e+20,6.355059171486875e+27,-1.5075063185430503e+31,-15249.54,5.35573874826281e+16,0.0,0.0,0.0,0.0,0,1.3516416376850534e+27,226,0.0,452,2.40156025918058e+36,-1.5870805360731793e+30,2112,52429,17109,52429,17111,52429,17095,0,0,0,101,100,100,0.0,65.6,0.0,66.4,-107615256.0,65.5,1,49,50,180,52429,52429,0,0,0.0,0.0,0.0,60.0,1.4569443112982872e+24,71.0,0.0,-0.0,0.0,1069,0,1069,0,0,0,1069,0,1079,0,999,0,659,0,661,0,656,0,676,0.032,1.4609821306377965e+22,0.0,0.0,5008,16814,3.298251553768963e+25,-0.0,2010.005,-291528474624.0,-0.0,30.281,50.0,60.0,35,0.0,0.0,10.0,2.0,0.0,0.0,0.0,0.0,0.0,0.0,0.0,0.0,0.0,0.0,0.0,0.0,58.8,54,11,65508,27,65476,0,300,0,0,8,20529,65476,0,0,30147,60.0,0.0,10.0,10.0,2.0,0.0
2026-02-16T12:40:16,ERR,ERR,ERR,ERR,ERR,ERR,ERR,ERR,ERR,ERR,ERR,ERR,ERR,ERR,ERR,ERR,ERR,ERR,ERR,ERR,ERR,ERR,ERR,ERR,ERR,ERR,ERR,ERR,ERR,ERR,ERR,ERR,ERR,ERR,ERR,ERR,ERR,ERR,ERR,ERR,ERR,ERR,ERR,ERR,ERR,ERR,ERR,ERR,ERR,ERR,ERR,ERR,ERR,ERR,ERR,ERR,ERR,ERR,ERR,ERR,ERR,ERR,ERR,ERR,ERR,ERR,ERR,ERR,ERR,ERR,ERR,ERR,ERR,ERR,ERR,ERR,ERR,ERR,ERR,ERR,ERR,ERR,ERR,ERR,ERR,ERR,ERR,ERR,ERR,ERR,ERR,ERR,ERR,ERR,ERR,ERR,ERR,ERR,ERR,ERR,ERR,ERR,ERR,ERR,ERR,ERR,ERR,ERR,ERR,ERR,ERR,ERR,ERR,ERR,ERR,ERR,ERR,ERR,ERR,ERR,ERR,ERR,ERR,ERR,ERR,0.0,-0.0,-107090032.0,0.0,-3.160207272547048e+29,-6.920432187561003e+37,-2.6013917347598828e+22,7.217302638364358e+26,4300,0,8,17170,4300,0.0,41,0.0,0.0,0.0,0.0,-0.0,0,0,0,0,0.0,0,0,0,0,0,0,0,0,0,0,0,0,0,0,0,0,0,0,0,0,0,0,0,0,0,0,0,0,0,0,0,0,0,10,36,36,45,65476,374,65476,1,0,4,21553,0.0,-107610720.0,0.0,0.0,0.0,0.0,0.0,0.0,0.0,0.0,0.0,0.0,0.0,0.0,0.0,0.0,0.0,0.0,0.0,0.0,0.0,2.004,2.004,-3.6970818999223845e+19,0.0,-3.697075742657269e+19,0.0,0.0,0.0,0.0,6496.0,-2.004,0.0,0.0,-107616352.0,-0.0,-0.0,0.0,0.0,2.004,2.004,226,-0.0,2.7184278591402704e+23,0.0,0.0,0.0,0.0,0.0,0.0,0.0,0,0,0,4.2921720625642865e+18,0.0,-8.407602855360883e+33,-0.0,0.0,-0.0,-0.022,7.114607251022257e+20,6.355059171486875e+27,-1.5075063185430503e+31,-15249.54,5.35573874826281e+16,0.0,0.0,0.0,0.0,0,1.3516416376850534e+27,226,0.0,452,2.40156025918058e+36,-1.5870805360731793e+30,2112,52429,17109,52429,17111,52429,17095,0,0,0,101,100,100,0.0,65.6,0.0,66.4,-107615256.0,65.5,1,49,50,180,52429,52429,0,0,0.0,0.0,0.0,60.0,1.4569443112982872e+24,71.0,0.0,-0.0,0.0,1069,0,1069,0,0,0,1069,0,1079,0,999,0,659,0,661,0,656,0,676,0.032,1.4609821306377965e+22,0.0,0.0,5008,16814,3.298251553768963e+25,-0.0,2010.005,-291528474624.0,-0.0,30.281,50.0,60.0,35,0.0,0.0,10.0,2.0,0.0,0.0,0.0,0.0,0.0,0.0,0.0,0.0,0.0,0.0,0.0,0.0,58.8,54,11,65508,27,65476,0,300,0,0,8,20529,65476,0,0,30147,60.0,0.0,10.0,10.0,2.0,0.0
2026-02-16T12:40:17,ERR,ERR,ERR,ERR,ERR,ERR,ERR,ERR,ERR,ERR,ERR,ERR,ERR,ERR,ERR,ERR,ERR,ERR,ERR,ERR,ERR,ERR,ERR,ERR,ERR,ERR,ERR,ERR,ERR,ERR,ERR,ERR,ERR,ERR,ERR,ERR,ERR,ERR,ERR,ERR,ERR,ERR,ERR,ERR,ERR,ERR,ERR,ERR,ERR,ERR,ERR,ERR,ERR,ERR,ERR,ERR,ERR,ERR,ERR,ERR,ERR,ERR,ERR,ERR,ERR,ERR,ERR,ERR,ERR,ERR,ERR,ERR,ERR,ERR,ERR,ERR,ERR,ERR,ERR,ERR,ERR,ERR,ERR,ERR,ERR,ERR,ERR,ERR,ERR,ERR,ERR,ERR,ERR,ERR,ERR,ERR,ERR,ERR,ERR,ERR,ERR,ERR,ERR,ERR,ERR,ERR,ERR,ERR,ERR,ERR,ERR,ERR,ERR,ERR,ERR,ERR,ERR,ERR,ERR,ERR,ERR,ERR,ERR,ERR,ERR,0.0,-0.0,-107090032.0,0.0,-3.160207272547048e+29,-6.920432187561003e+37,-2.6013917347598828e+22,7.217302638364358e+26,4300,0,8,17170,4300,0.0,41,0.0,0.0,0.0,0.0,-0.0,0,0,0,0,0.0,0,0,0,0,0,0,0,0,0,0,0,0,0,0,0,0,0,0,0,0,0,0,0,0,0,0,0,0,0,0,0,0,0,10,36,36,45,65476,374,65476,1,0,4,21553,0.0,-107610720.0,0.0,0.0,0.0,0.0,0.0,0.0,0.0,0.0,0.0,0.0,0.0,0.0,0.0,0.0,0.0,0.0,0.0,0.0,0.0,2.004,2.004,-3.6970818999223845e+19,0.0,-3.697075742657269e+19,0.0,0.0,0.0,0.0,6496.0,-2.004,0.0,0.0,-107616352.0,-0.0,-0.0,0.0,0.0,2.004,2.004,226,-0.0,2.7184278591402704e+23,0.0,0.0,0.0,0.0,0.0,0.0,0.0,0,0,0,4.2921720625642865e+18,0.0,-8.407602855360883e+33,-0.0,0.0,-0.0,-0.022,7.114607251022257e+20,6.355059171486875e+27,-1.5075063185430503e+31,-15249.54,5.35573874826281e+16,0.0,0.0,0.0,0.0,0,1.3516416376850534e+27,226,0.0,452,2.40156025918058e+36,-1.5870805360731793e+30,2112,52429,17109,52429,17111,52429,17095,0,0,0,101,100,100,0.0,65.6,0.0,66.4,-107615256.0,65.5,1,49,50,180,52429,52429,0,0,0.0,0.0,0.0,60.0,1.4569443112982872e+24,71.0,0.0,-0.0,0.0,1069,0,1069,0,0,0,1069,0,1079,0,999,0,659,0,661,0,656,0,676,0.032,1.4609821306377965e+22,0.0,0.0,5008,16814,3.298251553768963e+25,-0.0,2010.005,-291528474624.0,-0.0,30.281,50.0,60.0,35,0.0,0.0,10.0,2.0,0.0,0.0,0.0,0.0,0.0,0.0,0.0,0.0,0.0,0.0,0.0,0.0,58.8,54,11,65508,27,65476,0,300,0,0,8,20529,65476,0,0,30147,60.0,0.0,10.0,10.0,2.0,0.0
2026-02-16T12:40:18,ERR,ERR,ERR,ERR,ERR,ERR,ERR,ERR,ERR,ERR,ERR,ERR,ERR,ERR,ERR,ERR,ERR,ERR,ERR,ERR,ERR,ERR,ERR,ERR,ERR,ERR,ERR,ERR,ERR,ERR,ERR,ERR,ERR,ERR,ERR,ERR,ERR,ERR,ERR,ERR,ERR,ERR,ERR,ERR,ERR,ERR,ERR,ERR,ERR,ERR,ERR,ERR,ERR,ERR,ERR,ERR,ERR,ERR,ERR,ERR,ERR,ERR,ERR,ERR,ERR,ERR,ERR,ERR,ERR,ERR,ERR,ERR,ERR,ERR,ERR,ERR,ERR,ERR,ERR,ERR,ERR,ERR,ERR,ERR,ERR,ERR,ERR,ERR,ERR,ERR,ERR,ERR,ERR,ERR,ERR,ERR,ERR,ERR,ERR,ERR,ERR,ERR,ERR,ERR,ERR,ERR,ERR,ERR,ERR,ERR,ERR,ERR,ERR,ERR,ERR,ERR,ERR,ERR,ERR,ERR,ERR,ERR,ERR,ERR,ERR,0.0,-0.0,-107090032.0,0.0,-3.160207272547048e+29,-6.920432187561003e+37,-2.6013917347598828e+22,7.217302638364358e+26,4300,0,8,17170,4300,0.0,41,0.0,0.0,0.0,0.0,-0.0,0,0,0,0,0.0,0,0,0,0,0,0,0,0,0,0,0,0,0,0,0,0,0,0,0,0,0,0,0,0,0,0,0,0,0,0,0,0,0,10,36,36,45,65476,374,65476,1,0,4,21553,0.0,-107610720.0,0.0,0.0,0.0,0.0,0.0,0.0,0.0,0.0,0.0,0.0,0.0,0.0,0.0,0.0,0.0,0.0,0.0,0.0,0.0,2.004,2.004,-3.6970818999223845e+19,0.0,-3.697075742657269e+19,0.0,0.0,0.0,0.0,6496.0,-2.004,0.0,0.0,-107616352.0,-0.0,-0.0,0.0,0.0,2.004,2.004,226,-0.0,2.7184278591402704e+23,0.0,0.0,0.0,0.0,0.0,0.0,0.0,0,0,0,4.2921720625642865e+18,0.0,-8.407602855360883e+33,-0.0,0.0,-0.0,-0.022,7.114607251022257e+20,6.355059171486875e+27,-1.5075063185430503e+31,-15249.54,5.35573874826281e+16,0.0,0.0,0.0,0.0,0,1.3516416376850534e+27,226,0.0,452,2.40156025918058e+36,-1.5870805360731793e+30,2112,52429,17109,0,17112,52429,17095,0,0,0,101,100,100,0.0,65.6,0.0,66.4,-107615256.0,65.5,1,49,50,180,52429,52429,0,0,0.0,0.0,0.0,60.0,11494018252800.0,71.0,0.0,1.2844032513029985e+21,0.0,1069,0,1069,0,0,0,1069,0,1080,0,999,0,659,0,661,0,656,0,676,0.032,1.4536034330083127e+22,0.0,0.0,400,16814,2.8043349009104896e+16,1.2844032513029985e+21,-4.538800320335053e+16,-2.6769906358485516e+19,0.0,-5.31856921449961e+23,50.0,60.0,35,0.0,0.0,10.0,2.0,0.0,0.0,0.0,0.0,0.0,0.0,0.0,0.0,0.0,0.0,0.0,0.0,58.8,54,11,65508,27,65476,0,300,0,0,8,20529,65476,0,0,30147,60.0,0.0,10.0,10.0,2.0,0.0
2026-02-16T12:40:19,ERR,ERR,ERR,ERR,ERR,ERR,ERR,ERR,ERR,ERR,ERR,ERR,ERR,ERR,ERR,ERR,ERR,ERR,ERR,ERR,ERR,ERR,ERR,ERR,ERR,ERR,ERR,ERR,ERR,ERR,ERR,ERR,ERR,ERR,ERR,ERR,ERR,ERR,ERR,ERR,ERR,ERR,ERR,ERR,ERR,ERR,ERR,ERR,ERR,ERR,ERR,ERR,ERR,ERR,ERR,ERR,ERR,ERR,ERR,ERR,ERR,ERR,ERR,ERR,ERR,ERR,ERR,ERR,ERR,ERR,ERR,ERR,ERR,ERR,ERR,ERR,ERR,ERR,ERR,ERR,ERR,ERR,ERR,ERR,ERR,ERR,ERR,ERR,ERR,ERR,ERR,ERR,ERR,ERR,ERR,ERR,ERR,ERR,ERR,ERR,ERR,ERR,ERR,ERR,ERR,ERR,ERR,ERR,ERR,ERR,ERR,ERR,ERR,ERR,ERR,ERR,ERR,ERR,ERR,ERR,ERR,ERR,ERR,ERR,ERR,0.0,-0.0,-107090032.0,0.0,-3.160207272547048e+29,-1.1428993688357205e+31,-130071560192.0,5.405275157743583e+33,4300,0,8,17170,4300,0.0,41,0.0,0.0,0.0,0.0,-0.0,0,0,0,0,0.0,0,0,0,0,0,0,0,0,0,0,0,0,0,0,0,0,0,0,0,0,0,0,0,0,0,0,0,0,0,0,0,0,0,10,36,36,45,65476,373,65476,1,0,4,21553,0.0,-107610720.0,0.0,0.0,0.0,0.0,0.0,0.0,0.0,0.0,0.0,0.0,0.0,0.0,0.0,0.0,0.0,0.0,0.0,0.0,0.0,2.004,2.004,-3.6970818999223845e+19,0.0,-3.697075742657269e+19,0.0,0.0,0.0,0.0,6529.0,0.0,0.0,0.0,-0.0,-0.0,-0.0,0.0,0.0,2.004,2.004,226,-107614776.0,-0.0,0.0,0.0,0.0,0.0,0.0,0.0,0.0,0,0,0,5.873318869267565e+30,-0.0,-3.393032741621414e+38,0.0,0.0,363347328.0,-0.0,0.0,0.0,-1.594657297308741e+31,-16081.54,5.721656217986662e+16,0.0,0.0,0.0,2.712772280521623e+27,0,1.3516416376850534e+27,226,0.0,452,-621855232.0,0.0,2112,52429,17109,0,17112,52429,17095,0,0,0,101,100,100,0.0,65.6,0.0,66.4,-107615256.0,65.5,1,49,50,180,52429,52429,0,0,0.0,0.0,0.0,60.0,11494018252800.0,71.0,0.0,1.2844032513029985e+21,0.0,1069,0,1069,0,0,0,1069,0,1080,0,999,0,659,0,661,0,656,0,676,0.032,1.4536034330083127e+22,0.0,0.0,400,16814,2.8043349009104896e+16,1.2844032513029985e+21,-4.538800320335053e+16,-2.6769906358485516e+19,0.0,-5.31856921449961e+23,50.0,60.0,35,0.0,0.0,10.0,2.0,0.0,0.0,0.0,0.0,0.0,0.0,0.0,0.0,0.0,0.0,0.0,0.0,59.2,54,11,65508,27,65476,0,300,0,0,8,20529,65476,0,0,30147,60.0,0.0,10.0,10.0,2.0,0.0
2026-02-16T12:40:20,ERR,ERR,ERR,ERR,ERR,ERR,ERR,ERR,ERR,ERR,ERR,ERR,ERR,ERR,ERR,ERR,ERR,ERR,ERR,ERR,ERR,ERR,ERR,ERR,ERR,ERR,ERR,ERR,ERR,ERR,ERR,ERR,ERR,ERR,ERR,ERR,ERR,ERR,ERR,ERR,ERR,ERR,ERR,ERR,ERR,ERR,ERR,ERR,ERR,ERR,ERR,ERR,ERR,ERR,ERR,ERR,ERR,ERR,ERR,ERR,ERR,ERR,ERR,ERR,ERR,ERR,ERR,ERR,ERR,ERR,ERR,ERR,ERR,ERR,ERR,ERR,ERR,ERR,ERR,ERR,ERR,ERR,ERR,ERR,ERR,ERR,ERR,ERR,ERR,ERR,ERR,ERR,ERR,ERR,ERR,ERR,ERR,ERR,ERR,ERR,ERR,ERR,ERR,ERR,ERR,ERR,ERR,ERR,ERR,ERR,ERR,ERR,ERR,ERR,ERR,ERR,ERR,ERR,ERR,ERR,ERR,ERR,ERR,ERR,ERR,0.0,-0.0,-107090032.0,0.0,-3.160207272547048e+29,-1.1428993688357205e+31,-130071560192.0,5.405275157743583e+33,4300,0,8,17170,4300,0.0,41,0.0,0.0,0.0,0.0,-0.0,0,0,0,0,0.0,0,0,0,0,0,0,0,0,0,0,0,0,0,0,0,0,0,0,0,0,0,0,0,0,0,0,0,0,0,0,0,0,0,10,36,36,45,65476,373,65476,1,0,4,21553,0.0,-107610720.0,0.0,0.0,0.0,0.0,0.0,0.0,0.0,0.0,0.0,0.0,0.0,0.0,0.0,0.0,0.0,0.0,0.0,0.0,0.0,2.004,2.004,-3.6970818999223845e+19,0.0,-3.697075742657269e+19,0.0,0.0,0.0,0.0,6529.0,0.0,0.0,0.0,-0.0,-0.0,-0.0,0.0,0.0,2.004,2.004,226,-107614776.0,-0.0,0.0,0.0,0.0,0.0,0.0,0.0,0.0,0,0,0,5.873318869267565e+30,-0.0,-3.393032741621414e+38,0.0,0.0,363347328.0,-0.0,0.0,0.0,-1.594657297308741e+31,-16081.54,5.721656217986662e+16,0.0,0.0,0.0,2.712772280521623e+27,0,1.3516416376850534e+27,226,0.0,452,-621855232.0,0.0,2112,52429,17109,0,17112,52429,17095,0,0,0,101,100,100,0.0,65.6,0.0,66.4,-107615256.0,65.5,1,49,50,180,52429,52429,0,0,0.0,0.0,0.0,60.0,11494018252800.0,71.0,0.0,1.2844032513029985e+21,0.0,1069,0,1069,0,0,0,1069,0,1080,0,999,0,659,0,661,0,656,0,676,0.032,1.4536034330083127e+22,0.0,0.0,400,16814,2.8043349009104896e+16,1.2844032513029985e+21,-4.538800320335053e+16,-2.6769906358485516e+19,0.0,-5.31856921449961e+23,50.0,60.0,35,0.0,0.0,10.0,2.0,0.0,0.0,0.0,0.0,0.0,0.0,0.0,0.0,0.0,0.0,0.0,0.0,58.8,54,11,65508,27,65476,0,300,0,0,8,20529,65476,0,0,30147,60.0,0.0,10.0,10.0,2.0,0.0
2026-02-16T12:40:21,ERR,ERR,ERR,ERR,ERR,ERR,ERR,ERR,ERR,ERR,ERR,ERR,ERR,ERR,ERR,ERR,ERR,ERR,ERR,ERR,ERR,ERR,ERR,ERR,ERR,ERR,ERR,ERR,ERR,ERR,ERR,ERR,ERR,ERR,ERR,ERR,ERR,ERR,ERR,ERR,ERR,ERR,ERR,ERR,ERR,ERR,ERR,ERR,ERR,ERR,ERR,ERR,ERR,ERR,ERR,ERR,ERR,ERR,ERR,ERR,ERR,ERR,ERR,ERR,ERR,ERR,ERR,ERR,ERR,ERR,ERR,ERR,ERR,ERR,ERR,ERR,ERR,ERR,ERR,ERR,ERR,ERR,ERR,ERR,ERR,ERR,ERR,ERR,ERR,ERR,ERR,ERR,ERR,ERR,ERR,ERR,ERR,ERR,ERR,ERR,ERR,ERR,ERR,ERR,ERR,ERR,ERR,ERR,ERR,ERR,ERR,ERR,ERR,ERR,ERR,ERR,ERR,ERR,ERR,ERR,ERR,ERR,ERR,ERR,ERR,0.0,-0.0,-107090032.0,0.0,-3.160207272547048e+29,-1.1428993688357205e+31,-130071560192.0,5.405275157743583e+33,4300,0,8,17170,4300,0.0,41,0.0,0.0,0.0,0.0,-0.0,0,0,0,0,0.0,0,0,0,0,0,0,0,0,0,0,0,0,0,0,0,0,0,0,0,0,0,0,0,0,0,0,0,0,0,0,0,0,0,10,36,36,45,65476,373,65476,1,0,4,21553,0.0,-107610720.0,0.0,0.0,0.0,0.0,0.0,0.0,0.0,0.0,0.0,0.0,0.0,0.0,0.0,0.0,0.0,0.0,0.0,0.0,0.0,2.004,2.004,-3.6970818999223845e+19,0.0,-3.697075742657269e+19,0.0,0.0,0.0,0.0,6529.0,0.0,0.0,0.0,-0.0,-0.0,-0.0,0.0,0.0,2.004,2.004,226,-107614776.0,-0.0,0.0,0.0,0.0,0.0,0.0,0.0,0.0,0,0,0,5.873318869267565e+30,-0.0,-3.393032741621414e+38,0.0,0.0,363347328.0,-0.0,0.0,0.0,-1.594657297308741e+31,-16081.54,5.721656217986662e+16,0.0,0.0,0.0,2.712772280521623e+27,0,1.3516416376850534e+27,226,0.0,452,-621855232.0,0.0,2112,52429,17109,0,17112,52429,17095,0,0,0,101,100,100,0.0,65.6,0.0,66.4,-107615256.0,65.5,1,49,50,180,52429,52429,0,0,0.0,0.0,0.0,60.0,11494018252800.0,71.0,0.0,1.2844032513029985e+21,0.0,1069,0,1069,0,0,0,1069,0,1080,0,999,0,659,0,661,0,656,0,676,0.032,1.4536034330083127e+22,0.0,0.0,400,16814,2.8043349009104896e+16,1.2844032513029985e+21,-4.538800320335053e+16,-2.6769906358485516e+19,0.0,-5.31856921449961e+23,50.0,60.0,35,0.0,0.0,10.0,2.0,0.0,0.0,0.0,0.0,0.0,0.0,0.0,0.0,0.0,0.0,0.0,0.0,58.8,54,11,65508,27,65476,0,300,0,0,8,20529,65476,0,0,30147,60.0,0.0,10.0,10.0,2.0,0.0
2026-02-16T12:40:22,ERR,ERR,ERR,ERR,ERR,ERR,ERR,ERR,ERR,ERR,ERR,ERR,ERR,ERR,ERR,ERR,ERR,ERR,ERR,ERR,ERR,ERR,ERR,ERR,ERR,ERR,ERR,ERR,ERR,ERR,ERR,ERR,ERR,ERR,ERR,ERR,ERR,ERR,ERR,ERR,ERR,ERR,ERR,ERR,ERR,ERR,ERR,ERR,ERR,ERR,ERR,ERR,ERR,ERR,ERR,ERR,ERR,ERR,ERR,ERR,ERR,ERR,ERR,ERR,ERR,ERR,ERR,ERR,ERR,ERR,ERR,ERR,ERR,ERR,ERR,ERR,ERR,ERR,ERR,ERR,ERR,ERR,ERR,ERR,ERR,ERR,ERR,ERR,ERR,ERR,ERR,ERR,ERR,ERR,ERR,ERR,ERR,ERR,ERR,ERR,ERR,ERR,ERR,ERR,ERR,ERR,ERR,ERR,ERR,ERR,ERR,ERR,ERR,ERR,ERR,ERR,ERR,ERR,ERR,ERR,ERR,ERR,ERR,ERR,ERR,0.0,-0.0,-107090032.0,0.0,-3.160207272547048e+29,-1.1428993688357205e+31,-130071560192.0,5.405275157743583e+33,4300,0,8,17170,4300,0.0,41,0.0,0.0,0.0,0.0,-0.0,0,0,0,0,0.0,0,0,0,0,0,0,0,0,0,0,0,0,0,0,0,0,0,0,0,0,0,0,0,0,0,0,0,0,0,0,0,0,0,10,36,36,45,65476,373,65476,1,0,4,21553,0.0,-107610720.0,0.0,0.0,0.0,0.0,0.0,0.0,0.0,0.0,0.0,0.0,0.0,0.0,0.0,0.0,0.0,0.0,0.0,0.0,0.0,2.004,2.004,-3.6970818999223845e+19,0.0,-3.697075742657269e+19,0.0,0.0,0.0,0.0,6529.0,0.0,0.0,0.0,-0.0,-0.0,-0.0,0.0,0.0,2.004,2.004,226,-107614776.0,-0.0,0.0,0.0,0.0,0.0,0.0,0.0,0.0,0,0,0,5.873318869267565e+30,-0.0,-3.393032741621414e+38,0.0,0.0,363347328.0,-0.0,0.0,0.0,-1.594657297308741e+31,-16081.54,5.721656217986662e+16,0.0,0.0,0.0,2.712772280521623e+27,0,1.3516416376850534e+27,226,0.0,452,-621855232.0,0.0,2112,52429,17109,0,17112,52429,17095,0,0,0,101,100,100,0.0,65.6,0.0,66.4,-107615256.0,65.5,1,49,50,180,52429,52429,0,0,0.0,0.0,0.0,60.0,937419472896.0,71.0,0.0,-0.0,0.0,1069,0,1069,0,0,0,1069,0,1080,0,999,0,659,0,661,0,656,0,676,0.032,1.4536034330083127e+22,0.0,0.0,12176,16814,937419472896.0,-0.0,-3.5307153725473e+22,-3059770.0,0.301,-1.2785612454752146e+28,50.0,60.0,35,0.0,0.0,10.0,2.0,0.0,0.0,0.0,0.0,0.0,0.0,0.0,0.0,0.0,0.0,0.0,0.0,58.8,54,11,65508,27,65476,0,300,0,0,8,20529,65476,0,0,30147,60.0,0.0,10.0,10.0,2.0,0.0
2026-02-16T12:40:23,ERR,ERR,ERR,ERR,ERR,ERR,ERR,ERR,ERR,ERR,ERR,ERR,ERR,ERR,ERR,ERR,ERR,ERR,ERR,ERR,ERR,ERR,ERR,ERR,ERR,ERR,ERR,ERR,ERR,ERR,ERR,ERR,ERR,ERR,ERR,ERR,ERR,ERR,ERR,ERR,ERR,ERR,ERR,ERR,ERR,ERR,ERR,ERR,ERR,ERR,ERR,ERR,ERR,ERR,ERR,ERR,ERR,ERR,ERR,ERR,ERR,ERR,ERR,ERR,ERR,ERR,ERR,ERR,ERR,ERR,ERR,ERR,ERR,ERR,ERR,ERR,ERR,ERR,ERR,ERR,ERR,ERR,ERR,ERR,ERR,ERR,ERR,ERR,ERR,ERR,ERR,ERR,ERR,ERR,ERR,ERR,ERR,ERR,ERR,ERR,ERR,ERR,ERR,ERR,ERR,ERR,ERR,ERR,ERR,ERR,ERR,ERR,ERR,ERR,ERR,ERR,ERR,ERR,ERR,ERR,ERR,ERR,ERR,ERR,ERR,0.0,-0.0,-107090032.0,0.0,-3.160207272547048e+29,-1.1428993688357205e+31,-130071560192.0,5.405275157743583e+33,4300,0,8,17170,4300,0.0,41,0.0,0.0,0.0,0.0,-0.0,0,0,0,0,0.0,0,0,0,0,0,0,0,0,0,0,0,0,0,0,0,0,0,0,0,0,0,0,0,0,0,0,0,0,0,0,0,0,0,10,36,36,45,65476,373,65476,1,0,4,21553,0.0,-107610720.0,0.0,0.0,0.0,0.0,0.0,0.0,0.0,0.0,0.0,0.0,0.0,0.0,0.0,0.0,0.0,0.0,0.0,0.0,0.0,2.004,2.004,-3.6970818999223845e+19,0.0,-3.697075742657269e+19,0.0,0.0,0.0,0.0,6529.0,0.0,0.0,0.0,-0.0,-0.0,-0.0,0.0,0.0,2.004,2.004,226,-107614776.0,-0.0,0.0,0.0,0.0,0.0,0.0,0.0,0.0,0,0,0,5.873318869267565e+30,-0.0,-3.393032741621414e+38,0.0,0.0,363347328.0,-0.0,0.0,0.0,-1.594657297308741e+31,-16081.54,5.721656217986662e+16,0.0,0.0,0.0,2.712772280521623e+27,0,1.3516416376850534e+27,226,0.0,452,-621855232.0,0.0,2112,52429,17109,0,17112,52429,17095,0,0,0,101,100,100,0.0,65.6,0.0,66.4,-107615256.0,65.5,1,49,50,180,52429,52429,0,0,0.0,0.0,0.0,60.0,937419472896.0,71.0,0.0,-0.0,0.0,1069,0,1069,0,0,0,1069,0,1080,0,999,0,659,0,661,0,656,0,676,0.032,1.4536034330083127e+22,0.0,0.0,12176,16814,937419472896.0,-0.0,-3.5307153725473e+22,-3059770.0,0.301,-1.2785612454752146e+28,50.0,60.0,35,0.0,0.0,10.0,2.0,0.0,0.0,0.0,0.0,0.0,0.0,0.0,0.0,0.0,0.0,0.0,0.0,58.8,54,11,65508,27,65476,0,300,0,0,8,20529,65476,0,0,30147,60.0,0.0,10.0,10.0,2.0,0.0
2026-02-16T12:40:24,ERR,ERR,ERR,ERR,ERR,ERR,ERR,ERR,ERR,ERR,ERR,ERR,ERR,ERR,ERR,ERR,ERR,ERR,ERR,ERR,ERR,ERR,ERR,ERR,ERR,ERR,ERR,ERR,ERR,ERR,ERR,ERR,ERR,ERR,ERR,ERR,ERR,ERR,ERR,ERR,ERR,ERR,ERR,ERR,ERR,ERR,ERR,ERR,ERR,ERR,ERR,ERR,ERR,ERR,ERR,ERR,ERR,ERR,ERR,ERR,ERR,ERR,ERR,ERR,ERR,ERR,ERR,ERR,ERR,ERR,ERR,ERR,ERR,ERR,ERR,ERR,ERR,ERR,ERR,ERR,ERR,ERR,ERR,ERR,ERR,ERR,ERR,ERR,ERR,ERR,ERR,ERR,ERR,ERR,ERR,ERR,ERR,ERR,ERR,ERR,ERR,ERR,ERR,ERR,ERR,ERR,ERR,ERR,ERR,ERR,ERR,ERR,ERR,ERR,ERR,ERR,ERR,ERR,ERR,ERR,ERR,ERR,ERR,ERR,ERR,0.0,-0.0,-107090032.0,0.0,-3.160207272547048e+29,0.0,0.0,853.001,4300,0,8,17170,4300,0.0,41,0.0,0.0,0.0,0.0,-0.0,0,0,0,0,0.0,0,0,0,0,0,0,0,0,0,0,0,0,0,0,0,0,0,0,0,0,0,0,0,0,0,0,0,0,0,0,0,0,0,10,36,36,45,65476,373,65476,1,0,4,21553,0.0,0.0,0.0,0.0,0.0,0.0,0.0,0.0,0.0,0.0,0.0,0.0,0.0,0.0,0.0,0.0,0.0,0.0,0.0,0.0,0.0,2.004,2.004,-3.6970818999223845e+19,0.0,-3.697075742657269e+19,0.0,0.0,0.0,0.0,6530.0,1.0406713229691606e+34,0.0,0.0,-0.0,2.718450196994422e+23,-0.0,0.0,0.0,2.004,2.004,228,-71.629,-1.9056958870913024e+17,0.0,0.0,0.0,0.0,0.0,0.0,0.0,0,0,0,1.3560349732832291e+28,5.1431706723321505e+22,-1.3243325319909305e+38,1698.062,0.0,-2.6653305536203724e+32,-0.0,5.494211753250631e+20,7.452817223632738e+24,-1.6976539085772847e+31,-17187.08,6.031278692368384e+16,0.0,0.0,0.0,14.765,0,1.3516416376850534e+27,226,0.0,452,-621855232.0,-0.0,2112,52429,17109,0,17112,52429,17095,0,0,0,101,100,100,0.0,65.6,0.0,66.4,-107615256.0,65.5,1,49,50,180,52429,52429,0,0,0.0,0.0,0.0,60.0,937419472896.0,71.0,0.0,-0.0,0.0,1069,0,1069,0,0,0,1069,0,1080,0,999,0,659,0,661,0,656,0,676,0.032,1.4536034330083127e+22,0.0,0.0,12176,16814,937419472896.0,-0.0,-3.5307153725473e+22,-3059770.0,0.301,-1.2785612454752146e+28,50.0,60.0,35,0.0,0.0,10.0,2.0,0.0,0.0,0.0,0.0,0.0,0.0,0.0,0.0,0.0,0.0,0.0,0.0,58.8,54,11,65509,27,65476,0,300,0,0,8,20529,65476,0,0,30147,60.0,0.0,10.0,10.0,2.0,0.0
2026-02-16T12:40:25,ERR,ERR,ERR,ERR,ERR,ERR,ERR,ERR,ERR,ERR,ERR,ERR,ERR,ERR,ERR,ERR,ERR,ERR,ERR,ERR,ERR,ERR,ERR,ERR,ERR,ERR,ERR,ERR,ERR,ERR,ERR,ERR,ERR,ERR,ERR,ERR,ERR,ERR,ERR,ERR,ERR,ERR,ERR,ERR,ERR,ERR,ERR,ERR,ERR,ERR,ERR,ERR,ERR,ERR,ERR,ERR,ERR,ERR,ERR,ERR,ERR,ERR,ERR,ERR,ERR,ERR,ERR,ERR,ERR,ERR,ERR,ERR,ERR,ERR,ERR,ERR,ERR,ERR,ERR,ERR,ERR,ERR,ERR,ERR,ERR,ERR,ERR,ERR,ERR,ERR,ERR,ERR,ERR,ERR,ERR,ERR,ERR,ERR,ERR,ERR,ERR,ERR,ERR,ERR,ERR,ERR,ERR,ERR,ERR,ERR,ERR,ERR,ERR,ERR,ERR,ERR,ERR,ERR,ERR,ERR,ERR,ERR,ERR,ERR,ERR,0.0,-0.0,-107090032.0,0.0,-3.160207272547048e+29,0.0,0.0,853.001,4300,0,8,17170,4300,0.0,41,0.0,0.0,0.0,0.0,-0.0,0,0,0,0,0.0,0,0,0,0,0,0,0,0,0,0,0,0,0,0,0,0,0,0,0,0,0,0,0,0,0,0,0,0,0,0,0,0,0,10,36,36,45,65476,373,65476,1,0,4,21553,0.0,0.0,0.0,0.0,0.0,0.0,0.0,0.0,0.0,0.0,0.0,0.0,0.0,0.0,0.0,0.0,0.0,0.0,0.0,0.0,0.0,2.004,2.004,-3.6970818999223845e+19,0.0,-3.697075742657269e+19,0.0,0.0,0.0,0.0,6530.0,1.0406713229691606e+34,0.0,0.0,-0.0,2.718450196994422e+23,-0.0,0.0,0.0,2.004,2.004,228,-71.629,-1.9056958870913024e+17,0.0,0.0,0.0,0.0,0.0,0.0,0.0,0,0,0,1.3560349732832291e+28,5.1431706723321505e+22,-1.3243325319909305e+38,1698.062,0.0,-2.6653305536203724e+32,-0.0,5.494211753250631e+20,7.452817223632738e+24,-1.6976539085772847e+31,-17187.08,6.031278692368384e+16,0.0,0.0,0.0,14.765,0,1.3516416376850534e+27,226,0.0,452,-621855232.0,-0.0,2112,52429,17109,0,17112,52429,17095,0,0,0,101,100,100,0.0,65.6,0.0,66.4,-107615256.0,65.5,1,49,50,180,52429,52429,0,0,0.0,0.0,0.0,60.0,12097042432.0,71.0,0.0,0.0,0.0,1069,0,1069,0,0,0,1069,0,1080,0,999,0,659,0,661,0,656,0,675,0.032,1.4609821306377965e+22,-2.004,0.0,11536,16814,8186550550528.0,0.0,-0.0,-0.0,-4.229335900749824e+16,-0.0,50.0,60.0,35,0.0,0.0,10.0,2.0,0.0,0.0,0.0,0.0,0.0,0.0,0.0,0.0,0.0,0.0,0.0,0.0,58.8,54,11,65509,27,65476,0,300,0,0,8,20529,65476,0,0,30147,60.0,0.0,10.0,10.0,2.0,0.0
2026-02-16T12:40:26,ERR,ERR,ERR,ERR,ERR,ERR,ERR,ERR,ERR,ERR,ERR,ERR,ERR,ERR,ERR,ERR,ERR,ERR,ERR,ERR,ERR,ERR,ERR,ERR,ERR,ERR,ERR,ERR,ERR,ERR,ERR,ERR,ERR,ERR,ERR,ERR,ERR,ERR,ERR,ERR,ERR,ERR,ERR,ERR,ERR,ERR,ERR,ERR,ERR,ERR,ERR,ERR,ERR,ERR,ERR,ERR,ERR,ERR,ERR,ERR,ERR,ERR,ERR,ERR,ERR,ERR,ERR,ERR,ERR,ERR,ERR,ERR,ERR,ERR,ERR,ERR,ERR,ERR,ERR,ERR,ERR,ERR,ERR,ERR,ERR,ERR,ERR,ERR,ERR,ERR,ERR,ERR,ERR,ERR,ERR,ERR,ERR,ERR,ERR,ERR,ERR,ERR,ERR,ERR,ERR,ERR,ERR,ERR,ERR,ERR,ERR,ERR,ERR,ERR,ERR,ERR,ERR,ERR,ERR,ERR,ERR,ERR,ERR,ERR,ERR,0.0,-0.0,-107090032.0,0.0,-3.160207272547048e+29,0.0,0.0,853.001,4300,0,8,17170,4300,0.0,41,0.0,0.0,0.0,0.0,-0.0,0,0,0,0,0.0,0,0,0,0,0,0,0,0,0,0,0,0,0,0,0,0,0,0,0,0,0,0,0,0,0,0,0,0,0,0,0,0,0,10,36,36,45,65476,373,65476,1,0,4,21553,0.0,0.0,0.0,0.0,0.0,0.0,0.0,0.0,0.0,0.0,0.0,0.0,0.0,0.0,0.0,0.0,0.0,0.0,0.0,0.0,0.0,2.004,2.004,-3.6970818999223845e+19,0.0,-3.697075742657269e+19,0.0,0.0,0.0,0.0,6530.0,1.0406713229691606e+34,0.0,0.0,-0.0,2.718450196994422e+23,-0.0,0.0,0.0,2.004,2.004,228,-71.629,-1.9056958870913024e+17,0.0,0.0,0.0,0.0,0.0,0.0,0.0,0,0,0,1.3560349732832291e+28,5.1431706723321505e+22,-1.3243325319909305e+38,1698.062,0.0,-2.6653305536203724e+32,-0.0,5.494211753250631e+20,7.452817223632738e+24,-1.6976539085772847e+31,-17187.08,6.031278692368384e+16,0.0,0.0,0.0,14.765,0,1.3516416376850534e+27,226,0.0,452,-621855232.0,-0.0,2112,52429,17109,0,17112,52429,17095,0,0,0,101,100,100,0.0,65.6,0.0,66.4,-107615256.0,65.5,1,49,50,180,52429,52429,0,0,0.0,0.0,0.0,60.0,12097042432.0,71.0,0.0,0.0,0.0,1069,0,1069,0,0,0,1069,0,1080,0,999,0,659,0,661,0,656,0,675,0.032,1.4609821306377965e+22,-2.004,0.0,11536,16814,8186550550528.0,0.0,-0.0,-0.0,-4.229335900749824e+16,-0.0,50.0,60.0,35,0.0,0.0,10.0,2.0,0.0,0.0,0.0,0.0,0.0,0.0,0.0,0.0,0.0,0.0,0.0,0.0,58.8,54,11,65509,27,65476,0,300,0,0,8,20529,65476,0,0,30147,60.0,0.0,10.0,10.0,2.0,0.0
2026-02-16T12:40:27,ERR,ERR,ERR,ERR,ERR,ERR,ERR,ERR,ERR,ERR,ERR,ERR,ERR,ERR,ERR,ERR,ERR,ERR,ERR,ERR,ERR,ERR,ERR,ERR,ERR,ERR,ERR,ERR,ERR,ERR,ERR,ERR,ERR,ERR,ERR,ERR,ERR,ERR,ERR,ERR,ERR,ERR,ERR,ERR,ERR,ERR,ERR,ERR,ERR,ERR,ERR,ERR,ERR,ERR,ERR,ERR,ERR,ERR,ERR,ERR,ERR,ERR,ERR,ERR,ERR,ERR,ERR,ERR,ERR,ERR,ERR,ERR,ERR,ERR,ERR,ERR,ERR,ERR,ERR,ERR,ERR,ERR,ERR,ERR,ERR,ERR,ERR,ERR,ERR,ERR,ERR,ERR,ERR,ERR,ERR,ERR,ERR,ERR,ERR,ERR,ERR,ERR,ERR,ERR,ERR,ERR,ERR,ERR,ERR,ERR,ERR,ERR,ERR,ERR,ERR,ERR,ERR,ERR,ERR,ERR,ERR,ERR,ERR,ERR,ERR,0.0,-0.0,-107090032.0,0.0,-3.160207272547048e+29,0.0,0.0,853.001,4300,0,8,17170,4300,0.0,41,0.0,0.0,0.0,0.0,-0.0,0,0,0,0,0.0,0,0,0,0,0,0,0,0,0,0,0,0,0,0,0,0,0,0,0,0,0,0,0,0,0,0,0,0,0,0,0,0,0,10,36,36,45,65476,373,65476,1,0,4,21553,0.0,0.0,0.0,0.0,0.0,0.0,0.0,0.0,0.0,0.0,0.0,0.0,0.0,0.0,0.0,0.0,0.0,0.0,0.0,0.0,0.0,2.004,2.004,-3.6970818999223845e+19,0.0,-3.697075742657269e+19,0.0,0.0,0.0,0.0,6530.0,1.0406713229691606e+34,0.0,0.0,-0.0,2.718450196994422e+23,-0.0,0.0,0.0,2.004,2.004,228,-71.629,-1.9056958870913024e+17,0.0,0.0,0.0,0.0,0.0,0.0,0.0,0,0,0,1.3560349732832291e+28,5.1431706723321505e+22,-1.3243325319909305e+38,1698.062,0.0,-2.6653305536203724e+32,-0.0,5.494211753250631e+20,7.452817223632738e+24,-1.6976539085772847e+31,-17187.08,6.031278692368384e+16,0.0,0.0,0.0,14.765,0,1.3516416376850534e+27,226,0.0,452,-621855232.0,-0.0,2112,52429,17109,0,17112,52429,17095,0,0,0,101,100,100,0.0,65.6,0.0,66.4,-107615256.0,65.5,1,49,50,180,52429,52429,0,0,0.0,0.0,0.0,60.0,12097042432.0,71.0,0.0,0.0,0.0,1069,0,1069,0,0,0,1069,0,1080,0,999,0,659,0,661,0,656,0,675,0.032,1.4609821306377965e+22,-2.004,0.0,11536,16814,8186550550528.0,0.0,-0.0,-0.0,-4.229335900749824e+16,-0.0,50.0,60.0,35,0.0,0.0,10.0,2.0,0.0,0.0,0.0,0.0,0.0,0.0,0.0,0.0,0.0,0.0,0.0,0.0,58.8,54,11,65509,27,65476,0,300,0,0,8,20529,65476,0,0,30147,60.0,0.0,10.0,10.0,2.0,0.0
2026-02-16T12:40:28,ERR,ERR,ERR,ERR,ERR,ERR,ERR,ERR,ERR,ERR,ERR,ERR,ERR,ERR,ERR,ERR,ERR,ERR,ERR,ERR,ERR,ERR,ERR,ERR,ERR,ERR,ERR,ERR,ERR,ERR,ERR,ERR,ERR,ERR,ERR,ERR,ERR,ERR,ERR,ERR,ERR,ERR,ERR,ERR,ERR,ERR,ERR,ERR,ERR,ERR,ERR,ERR,ERR,ERR,ERR,ERR,ERR,ERR,ERR,ERR,ERR,ERR,ERR,ERR,ERR,ERR,ERR,ERR,ERR,ERR,ERR,ERR,ERR,ERR,ERR,ERR,ERR,ERR,ERR,ERR,ERR,ERR,ERR,ERR,ERR,ERR,ERR,ERR,ERR,ERR,ERR,ERR,ERR,ERR,ERR,ERR,ERR,ERR,ERR,ERR,ERR,ERR,ERR,ERR,ERR,ERR,ERR,ERR,ERR,ERR,ERR,ERR,ERR,ERR,ERR,ERR,ERR,ERR,ERR,ERR,ERR,ERR,ERR,ERR,ERR,0.0,-0.0,-107090032.0,0.0,-3.160207272547048e+29,0.0,0.0,853.001,4300,0,8,17170,4300,0.0,41,0.0,0.0,0.0,0.0,-0.0,0,0,0,0,0.0,0,0,0,0,0,0,0,0,0,0,0,0,0,0,0,0,0,0,0,0,0,0,0,0,0,0,0,0,0,0,0,0,0,10,36,36,45,65476,373,65476,1,0,4,21553,0.0,0.0,0.0,0.0,0.0,0.0,0.0,0.0,0.0,0.0,0.0,0.0,0.0,0.0,0.0,0.0,0.0,0.0,0.0,0.0,0.0,2.004,2.004,-3.6970818999223845e+19,0.0,-3.697075742657269e+19,0.0,0.0,0.0,0.0,6530.0,1.0406713229691606e+34,0.0,0.0,-0.0,2.718450196994422e+23,-0.0,0.0,0.0,2.004,2.004,228,-71.629,-1.9056958870913024e+17,0.0,0.0,0.0,0.0,0.0,0.0,0.0,0,0,0,1.3560349732832291e+28,5.1431706723321505e+22,-1.3243325319909305e+38,1698.062,0.0,-2.6653305536203724e+32,-0.0,5.494211753250631e+20,7.452817223632738e+24,-1.6976539085772847e+31,-17187.08,6.031278692368384e+16,0.0,0.0,0.0,14.765,0,1.3516416376850534e+27,226,0.0,452,-621855232.0,-0.0,2112,52429,17109,0,17112,52429,17095,0,0,0,101,100,100,0.0,65.6,0.0,66.4,-107615256.0,65.5,1,49,50,180,52429,52429,0,0,0.0,0.0,0.0,60.0,12097042432.0,71.0,0.0,-0.0,0.0,1069,0,1069,0,0,0,1069,0,1080,0,999,0,659,0,661,0,656,0,675,0.032,1.4609821306377965e+22,-2.004,0.0,8080,16814,224.26,-0.0,-0.0,127.877,0.0,-3492.003,50.0,60.0,35,0.0,0.0,10.0,2.0,0.0,0.0,0.0,0.0,0.0,0.0,0.0,0.0,0.0,0.0,0.0,0.0,58.8,54,11,65509,27,65476,0,300,0,0,8,20529,65476,0,0,30147,60.0,0.0,10.0,10.0,2.0,0.0
2026-02-16T12:40:29,ERR,ERR,ERR,ERR,ERR,ERR,ERR,ERR,ERR,ERR,ERR,ERR,ERR,ERR,ERR,ERR,ERR,ERR,ERR,ERR,ERR,ERR,ERR,ERR,ERR,ERR,ERR,ERR,ERR,ERR,ERR,ERR,ERR,ERR,ERR,ERR,ERR,ERR,ERR,ERR,ERR,ERR,ERR,ERR,ERR,ERR,ERR,ERR,ERR,ERR,ERR,ERR,ERR,ERR,ERR,ERR,ERR,ERR,ERR,ERR,ERR,ERR,ERR,ERR,ERR,ERR,ERR,ERR,ERR,ERR,ERR,ERR,ERR,ERR,ERR,ERR,ERR,ERR,ERR,ERR,ERR,ERR,ERR,ERR,ERR,ERR,ERR,ERR,ERR,ERR,ERR,ERR,ERR,ERR,ERR,ERR,ERR,ERR,ERR,ERR,ERR,ERR,ERR,ERR,ERR,ERR,ERR,ERR,ERR,ERR,ERR,ERR,ERR,ERR,ERR,ERR,ERR,ERR,ERR,ERR,ERR,ERR,ERR,ERR,ERR,0.0,-0.0,-107090032.0,0.0,-3.160207272547048e+29,0.0,0.0,810550592.0,4300,0,8,17170,4300,0.0,41,0.0,0.0,0.0,0.0,-0.0,0,0,0,0,0.0,0,0,0,0,0,0,0,0,0,0,0,0,0,0,0,0,0,0,0,0,0,0,0,0,0,0,0,0,0,0,0,0,0,10,36,36,46,65476,373,65476,1,0,4,21553,0.0,-0.0,0.0,0.0,0.0,0.0,0.0,0.0,0.0,0.0,0.0,0.0,0.0,0.0,0.0,0.0,0.0,0.0,0.0,0.0,0.0,2.004,2.004,-3.6970818999223845e+19,0.0,0.0,0.0,0.0,0.0,0.0,6558.0,-2.004,0.0,0.0,-0.0,2.718450196994422e+23,-0.0,0.0,0.0,2.004,2.004,226,-0.0,0.0,0.0,0.0,0.0,0.0,0.0,0.0,0.0,0,0,0,3165621321728.0,0.0,-6.58348558612156e+24,-0.0,-2.2470113613814463e+22,-0.0,-11.517,0.0,56170756.0,-1.792727703594402e+31,-18851.08,6.397196162092237e+16,0.0,0.0,0.0,4.160348954715184e+24,0,1.3516416376850534e+27,226,0.0,452,0.0,-1.4035696821479504e+35,2112,52429,17109,0,17112,52429,17095,0,0,0,101,100,100,0.0,65.6,0.0,66.4,-107615256.0,65.5,1,49,50,180,52429,52429,0,0,0.0,0.0,0.0,60.0,12097042432.0,71.0,0.0,-0.0,0.0,1069,0,1069,0,0,0,1069,0,1080,0,999,0,659,0,661,0,656,0,675,0.032,1.4609821306377965e+22,-2.004,0.0,8080,16814,224.26,-0.0,-0.0,127.877,0.0,-3492.003,50.0,60.0,35,0.0,0.0,10.0,2.0,0.0,0.0,0.0,0.0,0.0,0.0,0.0,0.0,0.0,0.0,0.0,0.0,58.8,54,11,65509,27,65476,0,300,0,0,8,20529,65476,0,0,30147,60.0,0.0,10.0,10.0,2.0,0.0
2026-02-16T12:40:30,ERR,ERR,ERR,ERR,ERR,ERR,ERR,ERR,ERR,ERR,ERR,ERR,ERR,ERR,ERR,ERR,ERR,ERR,ERR,ERR,ERR,ERR,ERR,ERR,ERR,ERR,ERR,ERR,ERR,ERR,ERR,ERR,ERR,ERR,ERR,ERR,ERR,ERR,ERR,ERR,ERR,ERR,ERR,ERR,ERR,ERR,ERR,ERR,ERR,ERR,ERR,ERR,ERR,ERR,ERR,ERR,ERR,ERR,ERR,ERR,ERR,ERR,ERR,ERR,ERR,ERR,ERR,ERR,ERR,ERR,ERR,ERR,ERR,ERR,ERR,ERR,ERR,ERR,ERR,ERR,ERR,ERR,ERR,ERR,ERR,ERR,ERR,ERR,ERR,ERR,ERR,ERR,ERR,ERR,ERR,ERR,ERR,ERR,ERR,ERR,ERR,ERR,ERR,ERR,ERR,ERR,ERR,ERR,ERR,ERR,ERR,ERR,ERR,ERR,ERR,ERR,ERR,ERR,ERR,ERR,ERR,ERR,ERR,ERR,ERR,0.0,-0.0,-107090032.0,0.0,-3.160207272547048e+29,0.0,0.0,810550592.0,4300,0,8,17170,4300,0.0,41,0.0,0.0,0.0,0.0,-0.0,0,0,0,0,0.0,0,0,0,0,0,0,0,0,0,0,0,0,0,0,0,0,0,0,0,0,0,0,0,0,0,0,0,0,0,0,0,0,0,10,36,36,46,65476,373,65476,1,0,4,21553,0.0,-0.0,0.0,0.0,0.0,0.0,0.0,0.0,0.0,0.0,0.0,0.0,0.0,0.0,0.0,0.0,0.0,0.0,0.0,0.0,0.0,2.004,2.004,-3.6970818999223845e+19,0.0,0.0,0.0,0.0,0.0,0.0,6558.0,-2.004,0.0,0.0,-0.0,2.718450196994422e+23,-0.0,0.0,0.0,2.004,2.004,226,-0.0,0.0,0.0,0.0,0.0,0.0,0.0,0.0,0.0,0,0,0,3165621321728.0,0.0,-6.58348558612156e+24,-0.0,-2.2470113613814463e+22,-0.0,-11.517,0.0,56170756.0,-1.792727703594402e+31,-18851.08,6.397196162092237e+16,0.0,0.0,0.0,4.160348954715184e+24,0,1.3516416376850534e+27,226,0.0,452,0.0,-1.4035696821479504e+35,2112,52429,17109,0,17112,52429,17095,0,0,0,101,100,100,0.0,65.6,0.0,66.4,-107615256.0,65.5,1,49,50,180,52429,52429,0,0,0.0,0.0,0.0,60.0,12097042432.0,71.0,0.0,-0.0,0.0,1069,0,1069,0,0,0,1069,0,1080,0,999,0,659,0,661,0,656,0,675,0.032,1.4609821306377965e+22,-2.004,0.0,8080,16814,224.26,-0.0,-0.0,127.877,0.0,-3492.003,50.0,60.0,35,0.0,0.0,10.0,2.0,0.0,0.0,0.0,0.0,0.0,0.0,0.0,0.0,0.0,0.0,0.0,0.0,58.8,54,11,65509,27,65476,0,300,0,0,8,20529,65476,0,0,30147,60.0,0.0,10.0,10.0,2.0,0.0
2026-02-16T12:40:31,ERR,ERR,ERR,ERR,ERR,ERR,ERR,ERR,ERR,ERR,ERR,ERR,ERR,ERR,ERR,ERR,ERR,ERR,ERR,ERR,ERR,ERR,ERR,ERR,ERR,ERR,ERR,ERR,ERR,ERR,ERR,ERR,ERR,ERR,ERR,ERR,ERR,ERR,ERR,ERR,ERR,ERR,ERR,ERR,ERR,ERR,ERR,ERR,ERR,ERR,ERR,ERR,ERR,ERR,ERR,ERR,ERR,ERR,ERR,ERR,ERR,ERR,ERR,ERR,ERR,ERR,ERR,ERR,ERR,ERR,ERR,ERR,ERR,ERR,ERR,ERR,ERR,ERR,ERR,ERR,ERR,ERR,ERR,ERR,ERR,ERR,ERR,ERR,ERR,ERR,ERR,ERR,ERR,ERR,ERR,ERR,ERR,ERR,ERR,ERR,ERR,ERR,ERR,ERR,ERR,ERR,ERR,ERR,ERR,ERR,ERR,ERR,ERR,ERR,ERR,ERR,ERR,ERR,ERR,ERR,ERR,ERR,ERR,ERR,ERR,0.0,-0.0,-107090032.0,0.0,-3.160207272547048e+29,0.0,0.0,810550592.0,4300,0,8,17170,4300,0.0,41,0.0,0.0,0.0,0.0,-0.0,0,0,0,0,0.0,0,0,0,0,0,0,0,0,0,0,0,0,0,0,0,0,0,0,0,0,0,0,0,0,0,0,0,0,0,0,0,0,0,10,36,36,46,65476,373,65476,1,0,4,21553,0.0,-0.0,0.0,0.0,0.0,0.0,0.0,0.0,0.0,0.0,0.0,0.0,0.0,0.0,0.0,0.0,0.0,0.0,0.0,0.0,0.0,2.004,2.004,-3.6970818999223845e+19,0.0,0.0,0.0,0.0,0.0,0.0,6558.0,-2.004,0.0,0.0,-0.0,2.718450196994422e+23,-0.0,0.0,0.0,2.004,2.004,226,-0.0,0.0,0.0,0.0,0.0,0.0,0.0,0.0,0.0,0,0,0,3165621321728.0,0.0,-6.58348558612156e+24,-0.0,-2.2470113613814463e+22,-0.0,-11.517,0.0,56170756.0,-1.792727703594402e+31,-18851.08,6.397196162092237e+16,0.0,0.0,0.0,4.160348954715184e+24,0,1.3516416376850534e+27,226,0.0,452,0.0,-1.4035696821479504e+35,2112,52429,17109,0,17112,52429,17095,0,0,0,101,100,100,0.0,65.6,0.0,66.4,-107615256.0,65.5,1,49,50,180,52429,52429,0,0,0.0,0.0,0.0,60.0,12097042432.0,71.0,0.0,-0.0,0.0,1069,0,1069,0,0,0,1069,0,1080,0,999,0,659,0,661,0,656,0,675,0.032,1.4609821306377965e+22,-2.004,0.0,8080,16814,224.26,-0.0,-0.0,127.877,0.0,-3492.003,50.0,60.0,35,0.0,0.0,10.0,2.0,0.0,0.0,0.0,0.0,0.0,0.0,0.0,0.0,0.0,0.0,0.0,0.0,58.8,54,11,65509,27,65476,0,300,0,0,8,20529,65476,0,0,30147,60.0,0.0,10.0,10.0,2.0,0.0
2026-02-16T12:40:32,ERR,ERR,ERR,ERR,ERR,ERR,ERR,ERR,ERR,ERR,ERR,ERR,ERR,ERR,ERR,ERR,ERR,ERR,ERR,ERR,ERR,ERR,ERR,ERR,ERR,ERR,ERR,ERR,ERR,ERR,ERR,ERR,ERR,ERR,ERR,ERR,ERR,ERR,ERR,ERR,ERR,ERR,ERR,ERR,ERR,ERR,ERR,ERR,ERR,ERR,ERR,ERR,ERR,ERR,ERR,ERR,ERR,ERR,ERR,ERR,ERR,ERR,ERR,ERR,ERR,ERR,ERR,ERR,ERR,ERR,ERR,ERR,ERR,ERR,ERR,ERR,ERR,ERR,ERR,ERR,ERR,ERR,ERR,ERR,ERR,ERR,ERR,ERR,ERR,ERR,ERR,ERR,ERR,ERR,ERR,ERR,ERR,ERR,ERR,ERR,ERR,ERR,ERR,ERR,ERR,ERR,ERR,ERR,ERR,ERR,ERR,ERR,ERR,ERR,ERR,ERR,ERR,ERR,ERR,ERR,ERR,ERR,ERR,ERR,ERR,0.0,-0.0,-107090032.0,0.0,-3.160207272547048e+29,0.0,0.0,810550592.0,4300,0,8,17170,4300,0.0,41,0.0,0.0,0.0,0.0,-0.0,0,0,0,0,0.0,0,0,0,0,0,0,0,0,0,0,0,0,0,0,0,0,0,0,0,0,0,0,0,0,0,0,0,0,0,0,0,0,0,10,36,36,46,65476,373,65476,1,0,4,21553,0.0,-0.0,0.0,0.0,0.0,0.0,0.0,0.0,0.0,0.0,0.0,0.0,0.0,0.0,0.0,0.0,0.0,0.0,0.0,0.0,0.0,2.004,2.004,-3.6970818999223845e+19,0.0,0.0,0.0,0.0,0.0,0.0,6558.0,-2.004,0.0,0.0,-0.0,2.718450196994422e+23,-0.0,0.0,0.0,2.004,2.004,226,-0.0,0.0,0.0,0.0,0.0,0.0,0.0,0.0,0.0,0,0,0,3165621321728.0,0.0,-6.58348558612156e+24,-0.0,-2.2470113613814463e+22,-0.0,-11.517,0.0,56170756.0,-1.792727703594402e+31,-18851.08,6.397196162092237e+16,0.0,0.0,0.0,4.160348954715184e+24,0,1.3516416376850534e+27,226,0.0,452,0.0,-1.4035696821479504e+35,2112,52429,17109,52429,17111,52429,17095,0,0,0,101,100,100,0.0,65.6,0.0,66.4,-107615256.0,65.5,1,49,50,180,52429,52429,0,0,0.0,0.0,0.0,60.0,43846200.0,71.0,0.0,5.557632155686797e+18,0.0,1069,0,1069,0,0,0,1069,0,1080,0,999,0,659,0,661,0,656,0,675,0.032,1.4462247353788288e+22,-2.004,0.0,54160,16813,43846200.0,5.557632155686797e+18,-0.0,842021440.0,0.0,-17.281,50.0,60.0,35,0.0,0.0,10.0,2.0,0.0,0.0,0.0,0.0,0.0,0.0,0.0,0.0,0.0,0.0,0.0,0.0,59.2,54,11,65509,27,65476,0,300,0,0,8,20529,65476,0,0,30147,60.0,0.0,10.0,10.0,2.0,0.0
2026-02-16T12:40:33,ERR,ERR,ERR,ERR,ERR,ERR,ERR,ERR,ERR,ERR,ERR,ERR,ERR,ERR,ERR,ERR,ERR,ERR,ERR,ERR,ERR,ERR,ERR,ERR,ERR,ERR,ERR,ERR,ERR,ERR,ERR,ERR,ERR,ERR,ERR,ERR,ERR,ERR,ERR,ERR,ERR,ERR,ERR,ERR,ERR,ERR,ERR,ERR,ERR,ERR,ERR,ERR,ERR,ERR,ERR,ERR,ERR,ERR,ERR,ERR,ERR,ERR,ERR,ERR,ERR,ERR,ERR,ERR,ERR,ERR,ERR,ERR,ERR,ERR,ERR,ERR,ERR,ERR,ERR,ERR,ERR,ERR,ERR,ERR,ERR,ERR,ERR,ERR,ERR,ERR,ERR,ERR,ERR,ERR,ERR,ERR,ERR,ERR,ERR,ERR,ERR,ERR,ERR,ERR,ERR,ERR,ERR,ERR,ERR,ERR,ERR,ERR,ERR,ERR,ERR,ERR,ERR,ERR,ERR,ERR,ERR,ERR,ERR,ERR,ERR,0.0,-0.0,-107090032.0,0.0,-3.160207272547048e+29,-5.156887440621128e+33,-3716827116994560.0,1.047794987995367e+31,4300,0,8,17169,4300,0.0,41,0.0,0.0,0.0,0.0,-0.0,0,0,0,0,0.0,0,0,0,0,0,0,0,0,0,0,0,0,0,0,0,0,0,0,0,0,0,0,0,0,0,0,0,0,0,0,0,0,0,10,36,36,46,65476,373,65476,1,0,4,21553,0.0,2.7183305813883192e+23,0.0,0.0,0.0,0.0,0.0,0.0,0.0,0.0,0.0,0.0,0.0,0.0,0.0,0.0,0.0,0.0,0.0,0.0,0.0,2.004,2.004,-2.004,-3.697074423243316e+19,2.004,0.0,0.0,0.0,0.0,6532.0,-0.0,0.0,0.0,-0.0,0.0,-107616264.0,0.0,0.0,2.004,2.004,226,-3.222002398308886e+26,0.0,0.0,0.0,0.0,0.0,0.0,0.0,0.0,0,0,0,5.078007312398748e+27,0.0,0.0,23495662.0,0.0,0.0,7.264837967433337e+32,3734354073223168.0,0.0,-1.8957243148629455e+31,-20643.08,6.76311363181609e+16,0.0,0.0,0.0,0.0,0,1.3516416376850534e+27,226,0.0,452,2.40156025918058e+36,0.0,2112,52429,17109,52429,17111,52429,17095,0,0,0,101,100,100,0.0,65.6,0.0,66.4,-107615256.0,65.5,1,49,50,180,52429,52429,0,0,0.0,0.0,0.0,60.0,43846200.0,71.0,0.0,5.557632155686797e+18,0.0,1069,0,1069,0,0,0,1069,0,1080,0,999,0,659,0,661,0,656,0,675,0.032,1.4462247353788288e+22,-2.004,0.0,54160,16813,43846200.0,5.557632155686797e+18,-0.0,842021440.0,0.0,-17.281,50.0,60.0,35,0.0,0.0,10.0,2.0,0.0,0.0,0.0,0.0,0.0,0.0,0.0,0.0,0.0,0.0,0.0,0.0,58.8,54,12,65509,27,65476,0,300,0,0,8,20529,65476,0,0,30147,60.0,0.0,10.0,10.0,2.0,0.0
2026-02-16T12:40:34,ERR,ERR,ERR,ERR,ERR,ERR,ERR,ERR,ERR,ERR,ERR,ERR,ERR,ERR,ERR,ERR,ERR,ERR,ERR,ERR,ERR,ERR,ERR,ERR,ERR,ERR,ERR,ERR,ERR,ERR,ERR,ERR,ERR,ERR,ERR,ERR,ERR,ERR,ERR,ERR,ERR,ERR,ERR,ERR,ERR,ERR,ERR,ERR,ERR,ERR,ERR,ERR,ERR,ERR,ERR,ERR,ERR,ERR,ERR,ERR,ERR,ERR,ERR,ERR,ERR,ERR,ERR,ERR,ERR,ERR,ERR,ERR,ERR,ERR,ERR,ERR,ERR,ERR,ERR,ERR,ERR,ERR,ERR,ERR,ERR,ERR,ERR,ERR,ERR,ERR,ERR,ERR,ERR,ERR,ERR,ERR,ERR,ERR,ERR,ERR,ERR,ERR,ERR,ERR,ERR,ERR,ERR,ERR,ERR,ERR,ERR,ERR,ERR,ERR,ERR,ERR,ERR,ERR,ERR,ERR,ERR,ERR,ERR,ERR,ERR,0.0,-0.0,-107090032.0,0.0,-3.160207272547048e+29,-5.156887440621128e+33,-3716827116994560.0,1.047794987995367e+31,4300,0,8,17169,4300,0.0,41,0.0,0.0,0.0,0.0,-0.0,0,0,0,0,0.0,0,0,0,0,0,0,0,0,0,0,0,0,0,0,0,0,0,0,0,0,0,0,0,0,0,0,0,0,0,0,0,0,0,10,36,36,46,65476,373,65476,1,0,4,21553,0.0,2.7183305813883192e+23,0.0,0.0,0.0,0.0,0.0,0.0,0.0,0.0,0.0,0.0,0.0,0.0,0.0,0.0,0.0,0.0,0.0,0.0,0.0,2.004,2.004,-2.004,-3.697074423243316e+19,2.004,0.0,0.0,0.0,0.0,6532.0,-0.0,0.0,0.0,-0.0,0.0,-107616264.0,0.0,0.0,2.004,2.004,226,-3.222002398308886e+26,0.0,0.0,0.0,0.0,0.0,0.0,0.0,0.0,0,0,0,5.078007312398748e+27,0.0,0.0,23495662.0,0.0,0.0,7.264837967433337e+32,3734354073223168.0,0.0,-1.8957243148629455e+31,-20643.08,6.76311363181609e+16,0.0,0.0,0.0,0.0,0,1.3516416376850534e+27,226,0.0,452,2.40156025918058e+36,0.0,2112,52429,17109,52429,17111,52429,17095,0,0,0,101,100,100,0.0,65.6,0.0,66.4,-107615256.0,65.5,1,49,50,180,52429,52429,0,0,0.0,0.0,0.0,60.0,43846200.0,71.0,0.0,5.557632155686797e+18,0.0,1069,0,1069,0,0,0,1069,0,1080,0,999,0,659,0,661,0,656,0,675,0.032,1.4462247353788288e+22,-2.004,0.0,54160,16813,43846200.0,5.557632155686797e+18,-0.0,842021440.0,0.0,-17.281,50.0,60.0,35,0.0,0.0,10.0,2.0,0.0,0.0,0.0,0.0,0.0,0.0,0.0,0.0,0.0,0.0,0.0,0.0,58.8,54,12,65509,27,65476,0,300,0,0,8,20529,65476,0,0,30147,60.0,0.0,10.0,10.0,2.0,0.0
2026-02-16T12:40:35,ERR,ERR,ERR,ERR,ERR,ERR,ERR,ERR,ERR,ERR,ERR,ERR,ERR,ERR,ERR,ERR,ERR,ERR,ERR,ERR,ERR,ERR,ERR,ERR,ERR,ERR,ERR,ERR,ERR,ERR,ERR,ERR,ERR,ERR,ERR,ERR,ERR,ERR,ERR,ERR,ERR,ERR,ERR,ERR,ERR,ERR,ERR,ERR,ERR,ERR,ERR,ERR,ERR,ERR,ERR,ERR,ERR,ERR,ERR,ERR,ERR,ERR,ERR,ERR,ERR,ERR,ERR,ERR,ERR,ERR,ERR,ERR,ERR,ERR,ERR,ERR,ERR,ERR,ERR,ERR,ERR,ERR,ERR,ERR,ERR,ERR,ERR,ERR,ERR,ERR,ERR,ERR,ERR,ERR,ERR,ERR,ERR,ERR,ERR,ERR,ERR,ERR,ERR,ERR,ERR,ERR,ERR,ERR,ERR,ERR,ERR,ERR,ERR,ERR,ERR,ERR,ERR,ERR,ERR,ERR,ERR,ERR,ERR,ERR,ERR,0.0,-0.0,-107090032.0,0.0,-3.160207272547048e+29,-5.156887440621128e+33,-3716827116994560.0,1.047794987995367e+31,4300,0,8,17169,4300,0.0,41,0.0,0.0,0.0,0.0,-0.0,0,0,0,0,0.0,0,0,0,0,0,0,0,0,0,0,0,0,0,0,0,0,0,0,0,0,0,0,0,0,0,0,0,0,0,0,0,0,0,10,36,36,46,65476,373,65476,1,0,4,21553,0.0,2.7183305813883192e+23,0.0,0.0,0.0,0.0,0.0,0.0,0.0,0.0,0.0,0.0,0.0,0.0,0.0,0.0,0.0,0.0,0.0,0.0,0.0,2.004,2.004,-2.004,-3.697074423243316e+19,2.004,0.0,0.0,0.0,0.0,6532.0,-0.0,0.0,0.0,-0.0,0.0,-107616264.0,0.0,0.0,2.004,2.004,226,-3.222002398308886e+26,0.0,0.0,0.0,0.0,0.0,0.0,0.0,0.0,0,0,0,5.078007312398748e+27,0.0,0.0,23495662.0,0.0,0.0,7.264837967433337e+32,3734354073223168.0,0.0,-1.8957243148629455e+31,-20643.08,6.76311363181609e+16,0.0,0.0,0.0,0.0,0,1.3516416376850534e+27,226,0.0,452,2.40156025918058e+36,0.0,2112,52429,17109,52429,17111,52429,17095,0,0,0,101,100,100,0.0,65.6,0.0,66.4,-107615256.0,65.5,1,49,50,180,52429,52429,0,0,0.0,0.0,0.0,60.0,291348.438,71.0,0.0,-0.0,0.0,1069,0,1069,0,0,0,1069,0,1079,0,999,0,659,0,661,0,656,0,675,0.032,1.4536034330083127e+22,-2.004,0.0,11152,16814,70511669280768.0,-1.2455564931183411e+17,0.0,0.0,-0.0,0.0,50.0,60.0,35,0.0,0.0,10.0,2.0,0.0,0.0,0.0,0.0,0.0,0.0,0.0,0.0,0.0,0.0,0.0,0.0,58.8,54,12,65509,27,65476,0,300,0,0,8,20529,65476,0,0,30147,60.0,0.0,10.0,10.0,2.0,0.0
2026-02-16T12:40:36,ERR,ERR,ERR,ERR,ERR,ERR,ERR,ERR,ERR,ERR,ERR,ERR,ERR,ERR,ERR,ERR,ERR,ERR,ERR,ERR,ERR,ERR,ERR,ERR,ERR,ERR,ERR,ERR,ERR,ERR,ERR,ERR,ERR,ERR,ERR,ERR,ERR,ERR,ERR,ERR,ERR,ERR,ERR,ERR,ERR,ERR,ERR,ERR,ERR,ERR,ERR,ERR,ERR,ERR,ERR,ERR,ERR,ERR,ERR,ERR,ERR,ERR,ERR,ERR,ERR,ERR,ERR,ERR,ERR,ERR,ERR,ERR,ERR,ERR,ERR,ERR,ERR,ERR,ERR,ERR,ERR,ERR,ERR,ERR,ERR,ERR,ERR,ERR,ERR,ERR,ERR,ERR,ERR,ERR,ERR,ERR,ERR,ERR,ERR,ERR,ERR,ERR,ERR,ERR,ERR,ERR,ERR,ERR,ERR,ERR,ERR,ERR,ERR,ERR,ERR,ERR,ERR,ERR,ERR,ERR,ERR,ERR,ERR,ERR,ERR,0.0,-0.0,-107090032.0,0.0,-3.160207272547048e+29,-5.156887440621128e+33,-3716827116994560.0,1.047794987995367e+31,4300,0,8,17169,4300,0.0,41,0.0,0.0,0.0,0.0,-0.0,0,0,0,0,0.0,0,0,0,0,0,0,0,0,0,0,0,0,0,0,0,0,0,0,0,0,0,0,0,0,0,0,0,0,0,0,0,0,0,10,36,36,46,65476,373,65476,1,0,4,21553,0.0,2.7183305813883192e+23,0.0,0.0,0.0,0.0,0.0,0.0,0.0,0.0,0.0,0.0,0.0,0.0,0.0,0.0,0.0,0.0,0.0,0.0,0.0,2.004,2.004,-2.004,-3.697074423243316e+19,2.004,0.0,0.0,0.0,0.0,6532.0,-0.0,0.0,0.0,-0.0,0.0,-107616264.0,0.0,0.0,2.004,2.004,226,-3.222002398308886e+26,0.0,0.0,0.0,0.0,0.0,0.0,0.0,0.0,0,0,0,5.078007312398748e+27,0.0,0.0,23495662.0,0.0,0.0,7.264837967433337e+32,3734354073223168.0,0.0,-1.8957243148629455e+31,-20643.08,6.76311363181609e+16,0.0,0.0,0.0,0.0,0,1.3516416376850534e+27,226,0.0,452,2.40156025918058e+36,0.0,2112,52429,17109,52429,17111,52429,17095,0,0,0,101,100,100,0.0,65.6,0.0,66.4,-107615256.0,65.5,1,49,50,180,52429,52429,0,0,0.0,0.0,0.0,60.0,291348.438,71.0,0.0,-0.0,0.0,1069,0,1069,0,0,0,1069,0,1079,0,999,0,659,0,661,0,656,0,675,0.032,1.4536034330083127e+22,-2.004,0.0,11152,16814,70511669280768.0,-1.2455564931183411e+17,0.0,0.0,-0.0,0.0,50.0,60.0,35,0.0,0.0,10.0,2.0,0.0,0.0,0.0,0.0,0.0,0.0,0.0,0.0,0.0,0.0,0.0,0.0,58.8,54,12,65509,27,65476,0,300,0,0,8,20529,65476,0,0,30147,60.0,0.0,10.0,10.0,2.0,0.0
2026-02-16T12:40:37,ERR,ERR,ERR,ERR,ERR,ERR,ERR,ERR,ERR,ERR,ERR,ERR,ERR,ERR,ERR,ERR,ERR,ERR,ERR,ERR,ERR,ERR,ERR,ERR,ERR,ERR,ERR,ERR,ERR,ERR,ERR,ERR,ERR,ERR,ERR,ERR,ERR,ERR,ERR,ERR,ERR,ERR,ERR,ERR,ERR,ERR,ERR,ERR,ERR,ERR,ERR,ERR,ERR,ERR,ERR,ERR,ERR,ERR,ERR,ERR,ERR,ERR,ERR,ERR,ERR,ERR,ERR,ERR,ERR,ERR,ERR,ERR,ERR,ERR,ERR,ERR,ERR,ERR,ERR,ERR,ERR,ERR,ERR,ERR,ERR,ERR,ERR,ERR,ERR,ERR,ERR,ERR,ERR,ERR,ERR,ERR,ERR,ERR,ERR,ERR,ERR,ERR,ERR,ERR,ERR,ERR,ERR,ERR,ERR,ERR,ERR,ERR,ERR,ERR,ERR,ERR,ERR,ERR,ERR,ERR,ERR,ERR,ERR,ERR,ERR,0.0,-0.0,-107090032.0,0.0,-3.160207272547048e+29,-5.156887440621128e+33,-3716827116994560.0,1.047794987995367e+31,4300,0,8,17169,4300,0.0,41,0.0,0.0,0.0,0.0,-0.0,0,0,0,0,0.0,0,0,0,0,0,0,0,0,0,0,0,0,0,0,0,0,0,0,0,0,0,0,0,0,0,0,0,0,0,0,0,0,0,10,36,36,46,65476,373,65476,1,0,4,21553,0.0,2.7183305813883192e+23,0.0,0.0,0.0,0.0,0.0,0.0,0.0,0.0,0.0,0.0,0.0,0.0,0.0,0.0,0.0,0.0,0.0,0.0,0.0,2.004,2.004,-2.004,-3.697074423243316e+19,2.004,0.0,0.0,0.0,0.0,6532.0,-0.0,0.0,0.0,-0.0,0.0,-107616264.0,0.0,0.0,2.004,2.004,226,-3.222002398308886e+26,0.0,0.0,0.0,0.0,0.0,0.0,0.0,0.0,0,0,0,5.078007312398748e+27,0.0,0.0,23495662.0,0.0,0.0,7.264837967433337e+32,3734354073223168.0,0.0,-1.8957243148629455e+31,-20643.08,6.76311363181609e+16,0.0,0.0,0.0,0.0,0,1.3516416376850534e+27,226,0.0,452,2.40156025918058e+36,0.0,2112,52429,17109,52429,17111,52429,17095,0,0,0,101,100,100,0.0,65.6,0.0,66.4,-107615256.0,65.5,1,49,50,180,52429,52429,0,0,0.0,0.0,0.0,60.0,291348.438,71.0,0.0,-0.0,0.0,1069,0,1069,0,0,0,1069,0,1079,0,999,0,659,0,661,0,656,0,675,0.032,1.4536034330083127e+22,-2.004,0.0,11152,16814,70511669280768.0,-1.2455564931183411e+17,0.0,0.0,-0.0,0.0,50.0,60.0,35,0.0,0.0,10.0,2.0,0.0,0.0,0.0,0.0,0.0,0.0,0.0,0.0,0.0,0.0,0.0,0.0,58.8,54,12,65509,27,65476,0,300,0,0,8,20529,65476,0,0,30147,60.0,0.0,10.0,10.0,2.0,0.0
2026-02-16T12:40:38,ERR,ERR,ERR,ERR,ERR,ERR,ERR,ERR,ERR,ERR,ERR,ERR,ERR,ERR,ERR,ERR,ERR,ERR,ERR,ERR,ERR,ERR,ERR,ERR,ERR,ERR,ERR,ERR,ERR,ERR,ERR,ERR,ERR,ERR,ERR,ERR,ERR,ERR,ERR,ERR,ERR,ERR,ERR,ERR,ERR,ERR,ERR,ERR,ERR,ERR,ERR,ERR,ERR,ERR,ERR,ERR,ERR,ERR,ERR,ERR,ERR,ERR,ERR,ERR,ERR,ERR,ERR,ERR,ERR,ERR,ERR,ERR,ERR,ERR,ERR,ERR,ERR,ERR,ERR,ERR,ERR,ERR,ERR,ERR,ERR,ERR,ERR,ERR,ERR,ERR,ERR,ERR,ERR,ERR,ERR,ERR,ERR,ERR,ERR,ERR,ERR,ERR,ERR,ERR,ERR,ERR,ERR,ERR,ERR,ERR,ERR,ERR,ERR,ERR,ERR,ERR,ERR,ERR,ERR,ERR,ERR,ERR,ERR,ERR,ERR,0.0,-0.0,2.7420187948523476e+23,0.0,-0.0,0.0,0.0,-3.766829643451118e+22,4300,0,8,17169,4300,0.0,41,0.0,0.0,0.0,0.0,-0.0,0,0,0,0,0.0,0,0,0,0,0,0,0,0,0,0,0,0,0,0,0,0,0,0,0,0,0,0,0,0,0,0,0,0,0,0,0,0,0,10,36,36,46,65476,373,65476,1,0,4,21553,0.0,-0.0,0.0,0.0,0.0,0.0,0.0,0.0,0.0,0.0,0.0,0.0,0.0,0.0,0.0,0.0,0.0,0.0,0.0,0.0,0.0,2.004,2.004,-2.004,-3.697074423243316e+19,-0.0,0.0,0.0,0.0,0.0,6559.0,-1.0406713229691606e+34,0.0,0.0,-0.0,0.0,0.0,0.0,0.0,2.004,2.004,226,-0.0,0.0,0.0,0.0,0.0,0.0,0.0,0.0,0.0,0,0,0,5.8147304251590474e+23,0.0,-2.4388747081166293e+30,-0.0,0.0,5.799935334186091e+29,-0.0,6728.75,0.115,-1.9907981098800627e+31,-21923.08,7.072736106197811e+16,0.0,0.0,0.0,7.133,0,1.3516416376850534e+27,226,0.0,452,-621855232.0,86146.211,2112,52429,17109,0,17112,52429,17095,0,0,0,101,100,100,2.7302339554914296e+23,65.6,0.0,66.4,-107615256.0,65.5,1,49,50,180,52429,52429,0,0,0.0,0.0,0.0,60.0,262272155648.0,71.0,0.0,-2.7951059610841907e+17,0.0,1068,0,1069,0,0,0,1069,0,1079,0,999,0,660,0,661,0,657,0,675,0.032,1.4683608282672803e+22,0.0,0.0,5520,16814,1691136661913600.0,-2.7951059610841907e+17,0.0,0.0,-0.0,0.0,50.0,60.0,35,0.0,0.0,10.0,2.0,0.0,0.0,0.0,0.0,0.0,0.0,0.0,0.0,0.0,0.0,0.0,0.0,58.8,54,12,65509,27,65476,0,300,0,0,8,20529,65476,0,0,30147,60.0,0.0,10.0,10.0,2.0,0.0
2026-02-16T12:40:39,ERR,ERR,ERR,ERR,ERR,ERR,ERR,ERR,ERR,ERR,ERR,ERR,ERR,ERR,ERR,ERR,ERR,ERR,ERR,ERR,ERR,ERR,ERR,ERR,ERR,ERR,ERR,ERR,ERR,ERR,ERR,ERR,ERR,ERR,ERR,ERR,ERR,ERR,ERR,ERR,ERR,ERR,ERR,ERR,ERR,ERR,ERR,ERR,ERR,ERR,ERR,ERR,ERR,ERR,ERR,ERR,ERR,ERR,ERR,ERR,ERR,ERR,ERR,ERR,ERR,ERR,ERR,ERR,ERR,ERR,ERR,ERR,ERR,ERR,ERR,ERR,ERR,ERR,ERR,ERR,ERR,ERR,ERR,ERR,ERR,ERR,ERR,ERR,ERR,ERR,ERR,ERR,ERR,ERR,ERR,ERR,ERR,ERR,ERR,ERR,ERR,ERR,ERR,ERR,ERR,ERR,ERR,ERR,ERR,ERR,ERR,ERR,ERR,ERR,ERR,ERR,ERR,ERR,ERR,ERR,ERR,ERR,ERR,ERR,ERR,0.0,-0.0,2.7420187948523476e+23,0.0,-0.0,0.0,0.0,-3.766829643451118e+22,4300,0,8,17169,4300,0.0,41,0.0,0.0,0.0,0.0,-0.0,0,0,0,0,0.0,0,0,0,0,0,0,0,0,0,0,0,0,0,0,0,0,0,0,0,0,0,0,0,0,0,0,0,0,0,0,0,0,0,10,36,36,46,65476,373,65476,1,0,4,21553,0.0,-0.0,0.0,0.0,0.0,0.0,0.0,0.0,0.0,0.0,0.0,0.0,0.0,0.0,0.0,0.0,0.0,0.0,0.0,0.0,0.0,2.004,2.004,-2.004,-3.697074423243316e+19,-0.0,0.0,0.0,0.0,0.0,6559.0,-1.0406713229691606e+34,0.0,0.0,-0.0,0.0,0.0,0.0,0.0,2.004,2.004,226,-0.0,0.0,0.0,0.0,0.0,0.0,0.0,0.0,0.0,0,0,0,5.8147304251590474e+23,0.0,-2.4388747081166293e+30,-0.0,0.0,5.799935334186091e+29,-0.0,6728.75,0.115,-1.9907981098800627e+31,-21923.08,7.072736106197811e+16,0.0,0.0,0.0,7.133,0,1.3516416376850534e+27,226,0.0,452,-621855232.0,86146.211,2112,52429,17109,0,17112,52429,17095,0,0,0,101,100,100,2.7302339554914296e+23,65.6,0.0,66.4,-107615256.0,65.5,1,49,50,180,52429,52429,0,0,0.0,0.0,0.0,60.0,262272155648.0,71.0,0.0,-2.7951059610841907e+17,0.0,1068,0,1069,0,0,0,1069,0,1079,0,999,0,660,0,661,0,657,0,675,0.032,1.4683608282672803e+22,0.0,0.0,5520,16814,1691136661913600.0,-2.7951059610841907e+17,0.0,0.0,-0.0,0.0,50.0,60.0,35,0.0,0.0,10.0,2.0,0.0,0.0,0.0,0.0,0.0,0.0,0.0,0.0,0.0,0.0,0.0,0.0,58.8,54,12,65509,27,65476,0,300,0,0,8,20529,65476,0,0,30147,60.0,0.0,10.0,10.0,2.0,0.0
2026-02-16T12:40:40,ERR,ERR,ERR,ERR,ERR,ERR,ERR,ERR,ERR,ERR,ERR,ERR,ERR,ERR,ERR,ERR,ERR,ERR,ERR,ERR,ERR,ERR,ERR,ERR,ERR,ERR,ERR,ERR,ERR,ERR,ERR,ERR,ERR,ERR,ERR,ERR,ERR,ERR,ERR,ERR,ERR,ERR,ERR,ERR,ERR,ERR,ERR,ERR,ERR,ERR,ERR,ERR,ERR,ERR,ERR,ERR,ERR,ERR,ERR,ERR,ERR,ERR,ERR,ERR,ERR,ERR,ERR,ERR,ERR,ERR,ERR,ERR,ERR,ERR,ERR,ERR,ERR,ERR,ERR,ERR,ERR,ERR,ERR,ERR,ERR,ERR,ERR,ERR,ERR,ERR,ERR,ERR,ERR,ERR,ERR,ERR,ERR,ERR,ERR,ERR,ERR,ERR,ERR,ERR,ERR,ERR,ERR,ERR,ERR,ERR,ERR,ERR,ERR,ERR,ERR,ERR,ERR,ERR,ERR,ERR,ERR,ERR,ERR,ERR,ERR,0.0,-0.0,2.7420187948523476e+23,0.0,-0.0,0.0,0.0,-3.766829643451118e+22,4300,0,8,17169,4300,0.0,41,0.0,0.0,0.0,0.0,-0.0,0,0,0,0,0.0,0,0,0,0,0,0,0,0,0,0,0,0,0,0,0,0,0,0,0,0,0,0,0,0,0,0,0,0,0,0,0,0,0,10,36,36,46,65476,373,65476,1,0,4,21553,0.0,-0.0,0.0,0.0,0.0,0.0,0.0,0.0,0.0,0.0,0.0,0.0,0.0,0.0,0.0,0.0,0.0,0.0,0.0,0.0,0.0,2.004,2.004,-2.004,-3.697074423243316e+19,-0.0,0.0,0.0,0.0,0.0,6559.0,-1.0406713229691606e+34,0.0,0.0,-0.0,0.0,0.0,0.0,0.0,2.004,2.004,226,-0.0,0.0,0.0,0.0,0.0,0.0,0.0,0.0,0.0,0,0,0,5.8147304251590474e+23,0.0,-2.4388747081166293e+30,-0.0,0.0,5.799935334186091e+29,-0.0,6728.75,0.115,-1.9907981098800627e+31,-21923.08,7.072736106197811e+16,0.0,0.0,0.0,7.133,0,1.3516416376850534e+27,226,0.0,452,-621855232.0,86146.211,2112,52429,17109,0,17112,52429,17095,0,0,0,101,100,100,2.7302339554914296e+23,65.6,0.0,66.4,-107615256.0,65.5,1,49,50,180,52429,52429,0,0,0.0,0.0,0.0,60.0,262272155648.0,71.0,0.0,-2.7951059610841907e+17,0.0,1068,0,1069,0,0,0,1069,0,1079,0,999,0,660,0,661,0,657,0,675,0.032,1.4683608282672803e+22,0.0,0.0,5520,16814,1691136661913600.0,-2.7951059610841907e+17,0.0,0.0,-0.0,0.0,50.0,60.0,35,0.0,0.0,10.0,2.0,0.0,0.0,0.0,0.0,0.0,0.0,0.0,0.0,0.0,0.0,0.0,0.0,58.8,54,12,65509,27,65476,0,300,0,0,8,20529,65476,0,0,30147,60.0,0.0,10.0,10.0,2.0,0.0
2026-02-16T12:40:41,ERR,ERR,ERR,ERR,ERR,ERR,ERR,ERR,ERR,ERR,ERR,ERR,ERR,ERR,ERR,ERR,ERR,ERR,ERR,ERR,ERR,ERR,ERR,ERR,ERR,ERR,ERR,ERR,ERR,ERR,ERR,ERR,ERR,ERR,ERR,ERR,ERR,ERR,ERR,ERR,ERR,ERR,ERR,ERR,ERR,ERR,ERR,ERR,ERR,ERR,ERR,ERR,ERR,ERR,ERR,ERR,ERR,ERR,ERR,ERR,ERR,ERR,ERR,ERR,ERR,ERR,ERR,ERR,ERR,ERR,ERR,ERR,ERR,ERR,ERR,ERR,ERR,ERR,ERR,ERR,ERR,ERR,ERR,ERR,ERR,ERR,ERR,ERR,ERR,ERR,ERR,ERR,ERR,ERR,ERR,ERR,ERR,ERR,ERR,ERR,ERR,ERR,ERR,ERR,ERR,ERR,ERR,ERR,ERR,ERR,ERR,ERR,ERR,ERR,ERR,ERR,ERR,ERR,ERR,ERR,ERR,ERR,ERR,ERR,ERR,0.0,-0.0,2.7420187948523476e+23,0.0,-0.0,0.0,0.0,-3.766829643451118e+22,4300,0,8,17169,4300,0.0,41,0.0,0.0,0.0,0.0,-0.0,0,0,0,0,0.0,0,0,0,0,0,0,0,0,0,0,0,0,0,0,0,0,0,0,0,0,0,0,0,0,0,0,0,0,0,0,0,0,0,10,36,36,46,65476,373,65476,1,0,4,21553,0.0,-0.0,0.0,0.0,0.0,0.0,0.0,0.0,0.0,0.0,0.0,0.0,0.0,0.0,0.0,0.0,0.0,0.0,0.0,0.0,0.0,2.004,2.004,-2.004,-3.697074423243316e+19,-0.0,0.0,0.0,0.0,0.0,6559.0,-1.0406713229691606e+34,0.0,0.0,-0.0,0.0,0.0,0.0,0.0,2.004,2.004,226,-0.0,0.0,0.0,0.0,0.0,0.0,0.0,0.0,0.0,0,0,0,5.8147304251590474e+23,0.0,-2.4388747081166293e+30,-0.0,0.0,5.799935334186091e+29,-0.0,6728.75,0.115,-1.9907981098800627e+31,-21923.08,7.072736106197811e+16,0.0,0.0,0.0,7.133,0,1.3516416376850534e+27,226,0.0,452,-621855232.0,86146.211,2112,52429,17109,0,17112,52429,17095,0,0,0,101,100,100,2.7302339554914296e+23,65.6,0.0,66.4,-107615256.0,65.5,1,49,50,180,52429,52429,0,0,0.0,0.0,0.0,60.0,262272155648.0,71.0,0.0,-2.7951059610841907e+17,0.0,1068,0,1069,0,0,0,1069,0,1079,0,999,0,660,0,661,0,657,0,675,0.032,1.4683608282672803e+22,0.0,0.0,5520,16814,1691136661913600.0,-2.7951059610841907e+17,0.0,0.0,-0.0,0.0,50.0,60.0,35,0.0,0.0,10.0,2.0,0.0,0.0,0.0,0.0,0.0,0.0,0.0,0.0,0.0,0.0,0.0,0.0,58.8,54,12,65509,27,65476,0,300,0,0,8,20529,65476,0,0,30147,60.0,0.0,10.0,10.0,2.0,0.0
2026-02-16T12:40:42,ERR,ERR,ERR,ERR,ERR,ERR,ERR,ERR,ERR,ERR,ERR,ERR,ERR,ERR,ERR,ERR,ERR,ERR,ERR,ERR,ERR,ERR,ERR,ERR,ERR,ERR,ERR,ERR,ERR,ERR,ERR,ERR,ERR,ERR,ERR,ERR,ERR,ERR,ERR,ERR,ERR,ERR,ERR,ERR,ERR,ERR,ERR,ERR,ERR,ERR,ERR,ERR,ERR,ERR,ERR,ERR,ERR,ERR,ERR,ERR,ERR,ERR,ERR,ERR,ERR,ERR,ERR,ERR,ERR,ERR,ERR,ERR,ERR,ERR,ERR,ERR,ERR,ERR,ERR,ERR,ERR,ERR,ERR,ERR,ERR,ERR,ERR,ERR,ERR,ERR,ERR,ERR,ERR,ERR,ERR,ERR,ERR,ERR,ERR,ERR,ERR,ERR,ERR,ERR,ERR,ERR,ERR,ERR,ERR,ERR,ERR,ERR,ERR,ERR,ERR,ERR,ERR,ERR,ERR,ERR,ERR,ERR,ERR,ERR,ERR,0.0,-0.0,2.7420187948523476e+23,0.0,-0.0,0.0,0.0,-3.766829643451118e+22,4300,0,8,17169,4300,0.0,41,0.0,0.0,0.0,0.0,-0.0,0,0,0,0,0.0,0,0,0,0,0,0,0,0,0,0,0,0,0,0,0,0,0,0,0,0,0,0,0,0,0,0,0,0,0,0,0,0,0,10,36,36,46,65476,373,65476,1,0,4,21553,0.0,-0.0,0.0,0.0,0.0,0.0,0.0,0.0,0.0,0.0,0.0,0.0,0.0,0.0,0.0,0.0,0.0,0.0,0.0,0.0,0.0,2.004,2.004,-2.004,-3.697074423243316e+19,-0.0,0.0,0.0,0.0,0.0,6559.0,-1.0406713229691606e+34,0.0,0.0,-0.0,0.0,0.0,0.0,0.0,2.004,2.004,226,-0.0,0.0,0.0,0.0,0.0,0.0,0.0,0.0,0.0,0,0,0,5.8147304251590474e+23,0.0,-2.4388747081166293e+30,-0.0,0.0,5.799935334186091e+29,-0.0,6728.75,0.115,-1.9907981098800627e+31,-21923.08,7.072736106197811e+16,0.0,0.0,0.0,7.133,0,1.3516416376850534e+27,226,0.0,452,-621855232.0,86146.211,2112,52429,17109,0,17112,52429,17095,0,0,0,101,100,100,0.0,65.6,0.0,66.4,-107615256.0,65.5,1,49,50,180,39322,52429,0,0,0.0,0.0,0.0,60.0,5.022701936685403e+19,71.0,0.0,-0.0,0.0,1069,0,1069,0,0,0,1069,0,1080,0,999,0,659,0,661,0,657,0,675,0.032,1.4609821306377965e+22,-2.004,0.0,5776,16814,5.022701936685403e+19,-0.0,0.0,0.0,-0.0,0.0,50.0,60.0,35,0.0,0.0,10.0,2.0,0.0,0.0,0.0,0.0,0.0,0.0,0.0,0.0,0.0,0.0,0.0,0.0,58.8,54,12,65509,27,65476,0,300,0,0,8,20529,65476,0,0,30147,60.0,0.0,10.0,10.0,2.0,0.0
2026-02-16T12:40:43,ERR,ERR,ERR,ERR,ERR,ERR,ERR,ERR,ERR,ERR,ERR,ERR,ERR,ERR,ERR,ERR,ERR,ERR,ERR,ERR,ERR,ERR,ERR,ERR,ERR,ERR,ERR,ERR,ERR,ERR,ERR,ERR,ERR,ERR,ERR,ERR,ERR,ERR,ERR,ERR,ERR,ERR,ERR,ERR,ERR,ERR,ERR,ERR,ERR,ERR,ERR,ERR,ERR,ERR,ERR,ERR,ERR,ERR,ERR,ERR,ERR,ERR,ERR,ERR,ERR,ERR,ERR,ERR,ERR,ERR,ERR,ERR,ERR,ERR,ERR,ERR,ERR,ERR,ERR,ERR,ERR,ERR,ERR,ERR,ERR,ERR,ERR,ERR,ERR,ERR,ERR,ERR,ERR,ERR,ERR,ERR,ERR,ERR,ERR,ERR,ERR,ERR,ERR,ERR,ERR,ERR,ERR,ERR,ERR,ERR,ERR,ERR,ERR,ERR,ERR,ERR,ERR,ERR,ERR,ERR,ERR,ERR,ERR,ERR,ERR,0.0,-0.0,2.7420187948523476e+23,0.0,-0.0,0.0,0.0,-479426379776.0,4300,0,8,17169,4300,0.0,41,0.0,0.0,0.0,0.0,-0.0,0,0,0,0,0.0,0,0,0,0,0,0,0,0,0,0,0,0,0,0,0,0,0,0,0,0,0,0,0,0,0,0,0,0,0,0,0,0,0,11,35,35,46,65476,373,65476,1,0,4,21553,0.0,-0.0,0.0,0.0,0.0,0.0,0.0,0.0,0.0,0.0,0.0,0.0,0.0,0.0,0.0,0.0,0.0,0.0,0.0,0.0,0.0,2.004,2.004,-2.004,-3.697074423243316e+19,3.69707618246192e+19,0.0,0.0,0.0,0.0,6564.0,0.0,0.0,0.0,-0.0,0.0,0.0,0.0,0.0,2.004,2.004,226,-71.629,152018270289920.0,0.0,0.0,0.0,0.0,0.0,0.0,0.0,0,0,0,51474574868480.0,0.0,-1.6815205710721767e+34,0.0,0.0,8.628813818508632e+29,2.681718558602937e+34,2.310228378179613e+30,2788.391,-2.12765721692634e+31,-23587.08,7.615252752708403e+16,0.0,0.0,0.0,0.0,0,1.3516416376850534e+27,226,0.0,452,0.0,-1.4035696821479504e+35,2112,52429,17109,0,17112,52429,17095,0,0,0,101,100,100,0.0,65.6,0.0,66.4,-107615256.0,65.5,1,49,50,180,39322,52429,0,0,0.0,0.0,0.0,60.0,5.022701936685403e+19,71.0,0.0,-0.0,0.0,1069,0,1069,0,0,0,1069,0,1080,0,999,0,659,0,661,0,657,0,675,0.032,1.4609821306377965e+22,-2.004,0.0,5776,16814,5.022701936685403e+19,-0.0,0.0,0.0,-0.0,0.0,50.0,60.0,35,0.0,0.0,10.0,2.0,0.0,0.0,0.0,0.0,0.0,0.0,0.0,0.0,0.0,0.0,0.0,0.0,58.8,53,12,65509,27,65476,0,300,0,0,8,20529,65476,0,0,30147,60.0,0.0,10.0,10.0,2.0,0.0
2026-02-16T12:40:44,ERR,ERR,ERR,ERR,ERR,ERR,ERR,ERR,ERR,ERR,ERR,ERR,ERR,ERR,ERR,ERR,ERR,ERR,ERR,ERR,ERR,ERR,ERR,ERR,ERR,ERR,ERR,ERR,ERR,ERR,ERR,ERR,ERR,ERR,ERR,ERR,ERR,ERR,ERR,ERR,ERR,ERR,ERR,ERR,ERR,ERR,ERR,ERR,ERR,ERR,ERR,ERR,ERR,ERR,ERR,ERR,ERR,ERR,ERR,ERR,ERR,ERR,ERR,ERR,ERR,ERR,ERR,ERR,ERR,ERR,ERR,ERR,ERR,ERR,ERR,ERR,ERR,ERR,ERR,ERR,ERR,ERR,ERR,ERR,ERR,ERR,ERR,ERR,ERR,ERR,ERR,ERR,ERR,ERR,ERR,ERR,ERR,ERR,ERR,ERR,ERR,ERR,ERR,ERR,ERR,ERR,ERR,ERR,ERR,ERR,ERR,ERR,ERR,ERR,ERR,ERR,ERR,ERR,ERR,ERR,ERR,ERR,ERR,ERR,ERR,0.0,-0.0,2.7420187948523476e+23,0.0,-0.0,0.0,0.0,-479426379776.0,4300,0,8,17169,4300,0.0,41,0.0,0.0,0.0,0.0,-0.0,0,0,0,0,0.0,0,0,0,0,0,0,0,0,0,0,0,0,0,0,0,0,0,0,0,0,0,0,0,0,0,0,0,0,0,0,0,0,0,11,35,35,46,65476,373,65476,1,0,4,21553,0.0,-0.0,0.0,0.0,0.0,0.0,0.0,0.0,0.0,0.0,0.0,0.0,0.0,0.0,0.0,0.0,0.0,0.0,0.0,0.0,0.0,2.004,2.004,-2.004,-3.697074423243316e+19,3.69707618246192e+19,0.0,0.0,0.0,0.0,6564.0,0.0,0.0,0.0,-0.0,0.0,0.0,0.0,0.0,2.004,2.004,226,-71.629,152018270289920.0,0.0,0.0,0.0,0.0,0.0,0.0,0.0,0,0,0,51474574868480.0,0.0,-1.6815205710721767e+34,0.0,0.0,8.628813818508632e+29,2.681718558602937e+34,2.310228378179613e+30,2788.391,-2.12765721692634e+31,-23587.08,7.615252752708403e+16,0.0,0.0,0.0,0.0,0,1.3516416376850534e+27,226,0.0,452,0.0,-1.4035696821479504e+35,2112,52429,17109,0,17112,52429,17095,0,0,0,101,100,100,0.0,65.6,0.0,66.4,-107615256.0,65.5,1,49,50,180,39322,52429,0,0,0.0,0.0,0.0,60.0,5.022701936685403e+19,71.0,0.0,-0.0,0.0,1069,0,1069,0,0,0,1069,0,1080,0,999,0,659,0,661,0,657,0,675,0.032,1.4609821306377965e+22,-2.004,0.0,5776,16814,5.022701936685403e+19,-0.0,0.0,0.0,-0.0,0.0,50.0,60.0,35,0.0,0.0,10.0,2.0,0.0,0.0,0.0,0.0,0.0,0.0,0.0,0.0,0.0,0.0,0.0,0.0,58.8,53,12,65509,27,65476,0,300,0,0,8,20529,65476,0,0,30147,60.0,0.0,10.0,10.0,2.0,0.0
2026-02-16T12:40:45,ERR,ERR,ERR,ERR,ERR,ERR,ERR,ERR,ERR,ERR,ERR,ERR,ERR,ERR,ERR,ERR,ERR,ERR,ERR,ERR,ERR,ERR,ERR,ERR,ERR,ERR,ERR,ERR,ERR,ERR,ERR,ERR,ERR,ERR,ERR,ERR,ERR,ERR,ERR,ERR,ERR,ERR,ERR,ERR,ERR,ERR,ERR,ERR,ERR,ERR,ERR,ERR,ERR,ERR,ERR,ERR,ERR,ERR,ERR,ERR,ERR,ERR,ERR,ERR,ERR,ERR,ERR,ERR,ERR,ERR,ERR,ERR,ERR,ERR,ERR,ERR,ERR,ERR,ERR,ERR,ERR,ERR,ERR,ERR,ERR,ERR,ERR,ERR,ERR,ERR,ERR,ERR,ERR,ERR,ERR,ERR,ERR,ERR,ERR,ERR,ERR,ERR,ERR,ERR,ERR,ERR,ERR,ERR,ERR,ERR,ERR,ERR,ERR,ERR,ERR,ERR,ERR,ERR,ERR,ERR,ERR,ERR,ERR,ERR,ERR,0.0,-0.0,2.7420187948523476e+23,0.0,-0.0,0.0,0.0,-479426379776.0,4300,0,8,17169,4300,0.0,41,0.0,0.0,0.0,0.0,-0.0,0,0,0,0,0.0,0,0,0,0,0,0,0,0,0,0,0,0,0,0,0,0,0,0,0,0,0,0,0,0,0,0,0,0,0,0,0,0,0,11,35,35,46,65476,373,65476,1,0,4,21553,0.0,-0.0,0.0,0.0,0.0,0.0,0.0,0.0,0.0,0.0,0.0,0.0,0.0,0.0,0.0,0.0,0.0,0.0,0.0,0.0,0.0,2.004,2.004,-2.004,-3.697074423243316e+19,3.69707618246192e+19,0.0,0.0,0.0,0.0,6564.0,0.0,0.0,0.0,-0.0,0.0,0.0,0.0,0.0,2.004,2.004,226,-71.629,152018270289920.0,0.0,0.0,0.0,0.0,0.0,0.0,0.0,0,0,0,51474574868480.0,0.0,-1.6815205710721767e+34,0.0,0.0,8.628813818508632e+29,2.681718558602937e+34,2.310228378179613e+30,2788.391,-2.12765721692634e+31,-23587.08,7.615252752708403e+16,0.0,0.0,0.0,0.0,0,1.3516416376850534e+27,226,0.0,452,0.0,-1.4035696821479504e+35,2112,52429,17109,0,17112,52429,17095,0,0,0,101,100,100,2.7302339554914296e+23,65.6,0.0,66.4,0.0,66.0,1,49,50,180,52429,52429,0,0,0.0,0.0,0.0,60.0,1.6236375507426345e+18,71.0,0.0,-0.0,0.0,1068,0,1069,0,0,0,1069,0,1080,0,999,0,660,0,661,0,657,0,676,0.032,1.4536034330083127e+22,0.0,0.0,20112,16814,4.845525016756262e+24,2.2225260558193696e+23,0.0,1.0334031294105083e+34,5.691049667370439e+21,0.0,50.0,60.0,35,0.0,0.0,10.0,2.0,0.0,0.0,0.0,0.0,0.0,0.0,0.0,0.0,0.0,0.0,0.0,0.0,58.8,53,12,65509,27,65476,0,300,0,0,8,20529,65476,0,0,30147,60.0,0.0,10.0,10.0,2.0,0.0
2026-02-16T12:40:46,ERR,ERR,ERR,ERR,ERR,ERR,ERR,ERR,ERR,ERR,ERR,ERR,ERR,ERR,ERR,ERR,ERR,ERR,ERR,ERR,ERR,ERR,ERR,ERR,ERR,ERR,ERR,ERR,ERR,ERR,ERR,ERR,ERR,ERR,ERR,ERR,ERR,ERR,ERR,ERR,ERR,ERR,ERR,ERR,ERR,ERR,ERR,ERR,ERR,ERR,ERR,ERR,ERR,ERR,ERR,ERR,ERR,ERR,ERR,ERR,ERR,ERR,ERR,ERR,ERR,ERR,ERR,ERR,ERR,ERR,ERR,ERR,ERR,ERR,ERR,ERR,ERR,ERR,ERR,ERR,ERR,ERR,ERR,ERR,ERR,ERR,ERR,ERR,ERR,ERR,ERR,ERR,ERR,ERR,ERR,ERR,ERR,ERR,ERR,ERR,ERR,ERR,ERR,ERR,ERR,ERR,ERR,ERR,ERR,ERR,ERR,ERR,ERR,ERR,ERR,ERR,ERR,ERR,ERR,ERR,ERR,ERR,ERR,ERR,ERR,0.0,-0.0,2.7420187948523476e+23,0.0,-0.0,0.0,0.0,-479426379776.0,4300,0,8,17169,4300,0.0,41,0.0,0.0,0.0,0.0,-0.0,0,0,0,0,0.0,0,0,0,0,0,0,0,0,0,0,0,0,0,0,0,0,0,0,0,0,0,0,0,0,0,0,0,0,0,0,0,0,0,11,35,35,46,65476,373,65476,1,0,4,21553,0.0,-0.0,0.0,0.0,0.0,0.0,0.0,0.0,0.0,0.0,0.0,0.0,0.0,0.0,0.0,0.0,0.0,0.0,0.0,0.0,0.0,2.004,2.004,-2.004,-3.697074423243316e+19,3.69707618246192e+19,0.0,0.0,0.0,0.0,6564.0,0.0,0.0,0.0,-0.0,0.0,0.0,0.0,0.0,2.004,2.004,226,-71.629,152018270289920.0,0.0,0.0,0.0,0.0,0.0,0.0,0.0,0,0,0,51474574868480.0,0.0,-1.6815205710721767e+34,0.0,0.0,8.628813818508632e+29,2.681718558602937e+34,2.310228378179613e+30,2788.391,-2.12765721692634e+31,-23587.08,7.615252752708403e+16,0.0,0.0,0.0,0.0,0,1.3516416376850534e+27,226,0.0,452,0.0,-1.4035696821479504e+35,2112,52429,17109,0,17112,52429,17095,0,0,0,101,100,100,2.7302339554914296e+23,65.6,0.0,66.4,0.0,66.0,1,49,50,180,52429,52429,0,0,0.0,0.0,0.0,60.0,1.6236375507426345e+18,71.0,0.0,-0.0,0.0,1068,0,1069,0,0,0,1069,0,1080,0,999,0,660,0,661,0,657,0,676,0.032,1.4536034330083127e+22,0.0,0.0,20112,16814,4.845525016756262e+24,2.2225260558193696e+23,0.0,1.0334031294105083e+34,5.691049667370439e+21,0.0,50.0,60.0,35,0.0,0.0,10.0,2.0,0.0,0.0,0.0,0.0,0.0,0.0,0.0,0.0,0.0,0.0,0.0,0.0,58.8,53,12,65509,27,65476,0,300,0,0,8,20529,65476,0,0,30147,60.0,0.0,10.0,10.0,2.0,0.0
2026-02-16T12:40:47,ERR,ERR,ERR,ERR,ERR,ERR,ERR,ERR,ERR,ERR,ERR,ERR,ERR,ERR,ERR,ERR,ERR,ERR,ERR,ERR,ERR,ERR,ERR,ERR,ERR,ERR,ERR,ERR,ERR,ERR,ERR,ERR,ERR,ERR,ERR,ERR,ERR,ERR,ERR,ERR,ERR,ERR,ERR,ERR,ERR,ERR,ERR,ERR,ERR,ERR,ERR,ERR,ERR,ERR,ERR,ERR,ERR,ERR,ERR,ERR,ERR,ERR,ERR,ERR,ERR,ERR,ERR,ERR,ERR,ERR,ERR,ERR,ERR,ERR,ERR,ERR,ERR,ERR,ERR,ERR,ERR,ERR,ERR,ERR,ERR,ERR,ERR,ERR,ERR,ERR,ERR,ERR,ERR,ERR,ERR,ERR,ERR,ERR,ERR,ERR,ERR,ERR,ERR,ERR,ERR,ERR,ERR,ERR,ERR,ERR,ERR,ERR,ERR,ERR,ERR,ERR,ERR,ERR,ERR,ERR,ERR,ERR,ERR,ERR,ERR,0.0,-0.0,2.7420187948523476e+23,0.0,-0.0,0.0,-2.5884886852479735e+28,-5.847832259741101e+35,4300,0,8,17169,4300,0.0,41,0.0,0.0,0.0,0.0,-0.0,0,0,0,0,0.0,0,0,0,0,0,0,0,0,0,0,0,0,0,0,0,0,0,0,0,0,0,0,0,0,0,0,0,0,0,0,0,0,0,11,35,35,46,65476,374,65476,1,0,4,21553,0.0,0.0,0.0,0.0,0.0,0.0,0.0,0.0,0.0,0.0,0.0,0.0,0.0,0.0,0.0,0.0,0.0,0.0,0.0,0.0,0.0,2.004,2.004,-2.004,-3.697074423243316e+19,-0.0,0.0,0.0,0.0,0.0,6562.0,0.0,0.0,0.0,-0.0,0.0,0.0,0.0,0.0,2.004,2.004,227,-71.629,152018270289920.0,0.0,0.0,0.0,0.0,0.0,0.0,0.0,0,0,0,7.19309578187021e+29,74908298117120.0,0.0,-6.422409595804713e+18,0.0,0.0,-0.0,5.7709129143562745e+20,3.3498002726800327e+20,-2.34949607196628e+31,-25123.08,8.347087692156109e+16,0.0,0.0,0.0,11.265,0,1.3516416376850534e+27,226,0.0,452,2.40156025918058e+36,0.0,2112,52429,17109,0,17112,52429,17095,0,0,0,101,100,100,2.7302339554914296e+23,65.6,0.0,66.4,0.0,66.0,1,49,50,180,52429,52429,0,0,0.0,0.0,0.0,60.0,1.6236375507426345e+18,71.0,0.0,-0.0,0.0,1068,0,1069,0,0,0,1069,0,1080,0,999,0,660,0,661,0,657,0,676,0.032,1.4536034330083127e+22,0.0,0.0,20112,16814,4.845525016756262e+24,2.2225260558193696e+23,0.0,1.0334031294105083e+34,5.691049667370439e+21,0.0,50.0,60.0,35,0.0,0.0,10.0,2.0,0.0,0.0,0.0,0.0,0.0,0.0,0.0,0.0,0.0,0.0,0.0,0.0,58.8,53,12,65509,27,65476,0,300,0,0,8,20529,65476,0,0,30147,60.0,0.0,10.0,10.0,2.0,0.0
2026-02-16T12:40:48,ERR,ERR,ERR,ERR,ERR,ERR,ERR,ERR,ERR,ERR,ERR,ERR,ERR,ERR,ERR,ERR,ERR,ERR,ERR,ERR,ERR,ERR,ERR,ERR,ERR,ERR,ERR,ERR,ERR,ERR,ERR,ERR,ERR,ERR,ERR,ERR,ERR,ERR,ERR,ERR,ERR,ERR,ERR,ERR,ERR,ERR,ERR,ERR,ERR,ERR,ERR,ERR,ERR,ERR,ERR,ERR,ERR,ERR,ERR,ERR,ERR,ERR,ERR,ERR,ERR,ERR,ERR,ERR,ERR,ERR,ERR,ERR,ERR,ERR,ERR,ERR,ERR,ERR,ERR,ERR,ERR,ERR,ERR,ERR,ERR,ERR,ERR,ERR,ERR,ERR,ERR,ERR,ERR,ERR,ERR,ERR,ERR,ERR,ERR,ERR,ERR,ERR,ERR,ERR,ERR,ERR,ERR,ERR,ERR,ERR,ERR,ERR,ERR,ERR,ERR,ERR,ERR,ERR,ERR,ERR,ERR,ERR,ERR,ERR,ERR,0.0,-0.0,2.7420187948523476e+23,0.0,-0.0,0.0,-2.5884886852479735e+28,-5.847832259741101e+35,4300,0,8,17169,4300,0.0,41,0.0,0.0,0.0,0.0,-0.0,0,0,0,0,0.0,0,0,0,0,0,0,0,0,0,0,0,0,0,0,0,0,0,0,0,0,0,0,0,0,0,0,0,0,0,0,0,0,0,11,35,35,46,65476,374,65476,1,0,4,21553,0.0,0.0,0.0,0.0,0.0,0.0,0.0,0.0,0.0,0.0,0.0,0.0,0.0,0.0,0.0,0.0,0.0,0.0,0.0,0.0,0.0,2.004,2.004,-2.004,-3.697074423243316e+19,-0.0,0.0,0.0,0.0,0.0,6562.0,0.0,0.0,0.0,-0.0,0.0,0.0,0.0,0.0,2.004,2.004,227,-71.629,152018270289920.0,0.0,0.0,0.0,0.0,0.0,0.0,0.0,0,0,0,7.19309578187021e+29,74908298117120.0,0.0,-6.422409595804713e+18,0.0,0.0,-0.0,5.7709129143562745e+20,3.3498002726800327e+20,-2.34949607196628e+31,-25123.08,8.347087692156109e+16,0.0,0.0,0.0,11.265,0,1.3516416376850534e+27,226,0.0,452,2.40156025918058e+36,0.0,2112,52429,17109,0,17112,52429,17095,0,0,0,101,100,100,2.7302339554914296e+23,65.6,0.0,66.4,-107615256.0,66.0,1,49,50,180,39322,52429,0,0,0.0,0.0,0.0,60.0,1.060136065439739e+32,71.0,0.0,0.0,0.0,1068,0,1069,0,0,0,1069,0,1080,0,999,0,660,0,661,0,657,0,676,0.032,1.4536034330083127e+22,0.0,0.0,8592,16814,5.248466858239905e+21,0.0,-0.0,0.0,0.0,-410112.344,50.0,60.0,35,0.0,0.0,10.0,2.0,0.0,0.0,0.0,0.0,0.0,0.0,0.0,0.0,0.0,0.0,0.0,0.0,59.2,53,12,65509,27,65476,0,300,0,0,8,20529,65476,0,0,30147,60.0,0.0,10.0,10.0,2.0,0.0
2026-02-16T12:40:49,ERR,ERR,ERR,ERR,ERR,ERR,ERR,ERR,ERR,ERR,ERR,ERR,ERR,ERR,ERR,ERR,ERR,ERR,ERR,ERR,ERR,ERR,ERR,ERR,ERR,ERR,ERR,ERR,ERR,ERR,ERR,ERR,ERR,ERR,ERR,ERR,ERR,ERR,ERR,ERR,ERR,ERR,ERR,ERR,ERR,ERR,ERR,ERR,ERR,ERR,ERR,ERR,ERR,ERR,ERR,ERR,ERR,ERR,ERR,ERR,ERR,ERR,ERR,ERR,ERR,ERR,ERR,ERR,ERR,ERR,ERR,ERR,ERR,ERR,ERR,ERR,ERR,ERR,ERR,ERR,ERR,ERR,ERR,ERR,ERR,ERR,ERR,ERR,ERR,ERR,ERR,ERR,ERR,ERR,ERR,ERR,ERR,ERR,ERR,ERR,ERR,ERR,ERR,ERR,ERR,ERR,ERR,ERR,ERR,ERR,ERR,ERR,ERR,ERR,ERR,ERR,ERR,ERR,ERR,ERR,ERR,ERR,ERR,ERR,ERR,0.0,-0.0,2.7420187948523476e+23,0.0,-0.0,0.0,-2.5884886852479735e+28,-5.847832259741101e+35,4300,0,8,17169,4300,0.0,41,0.0,0.0,0.0,0.0,-0.0,0,0,0,0,0.0,0,0,0,0,0,0,0,0,0,0,0,0,0,0,0,0,0,0,0,0,0,0,0,0,0,0,0,0,0,0,0,0,0,11,35,35,46,65476,374,65476,1,0,4,21553,0.0,0.0,0.0,0.0,0.0,0.0,0.0,0.0,0.0,0.0,0.0,0.0,0.0,0.0,0.0,0.0,0.0,0.0,0.0,0.0,0.0,2.004,2.004,-2.004,-3.697074423243316e+19,-0.0,0.0,0.0,0.0,0.0,6562.0,0.0,0.0,0.0,-0.0,0.0,0.0,0.0,0.0,2.004,2.004,227,-71.629,152018270289920.0,0.0,0.0,0.0,0.0,0.0,0.0,0.0,0,0,0,7.19309578187021e+29,74908298117120.0,0.0,-6.422409595804713e+18,0.0,0.0,-0.0,5.7709129143562745e+20,3.3498002726800327e+20,-2.34949607196628e+31,-25123.08,8.347087692156109e+16,0.0,0.0,0.0,11.265,0,1.3516416376850534e+27,226,0.0,452,2.40156025918058e+36,0.0,2112,52429,17109,0,17112,52429,17095,0,0,0,101,100,100,2.7302339554914296e+23,65.6,0.0,66.4,-107615256.0,66.0,1,49,50,180,39322,52429,0,0,0.0,0.0,0.0,60.0,1.060136065439739e+32,71.0,0.0,0.0,0.0,1068,0,1069,0,0,0,1069,0,1080,0,999,0,660,0,661,0,657,0,676,0.032,1.4536034330083127e+22,0.0,0.0,8592,16814,5.248466858239905e+21,0.0,-0.0,0.0,0.0,-410112.344,50.0,60.0,35,0.0,0.0,10.0,2.0,0.0,0.0,0.0,0.0,0.0,0.0,0.0,0.0,0.0,0.0,0.0,0.0,58.8,53,12,65509,27,65476,0,300,0,0,8,20529,65476,0,0,30147,60.0,0.0,10.0,10.0,2.0,0.0
2026-02-16T12:40:50,ERR,ERR,ERR,ERR,ERR,ERR,ERR,ERR,ERR,ERR,ERR,ERR,ERR,ERR,ERR,ERR,ERR,ERR,ERR,ERR,ERR,ERR,ERR,ERR,ERR,ERR,ERR,ERR,ERR,ERR,ERR,ERR,ERR,ERR,ERR,ERR,ERR,ERR,ERR,ERR,ERR,ERR,ERR,ERR,ERR,ERR,ERR,ERR,ERR,ERR,ERR,ERR,ERR,ERR,ERR,ERR,ERR,ERR,ERR,ERR,ERR,ERR,ERR,ERR,ERR,ERR,ERR,ERR,ERR,ERR,ERR,ERR,ERR,ERR,ERR,ERR,ERR,ERR,ERR,ERR,ERR,ERR,ERR,ERR,ERR,ERR,ERR,ERR,ERR,ERR,ERR,ERR,ERR,ERR,ERR,ERR,ERR,ERR,ERR,ERR,ERR,ERR,ERR,ERR,ERR,ERR,ERR,ERR,ERR,ERR,ERR,ERR,ERR,ERR,ERR,ERR,ERR,ERR,ERR,ERR,ERR,ERR,ERR,ERR,ERR,0.0,-0.0,2.7420187948523476e+23,0.0,-0.0,0.0,-2.5884886852479735e+28,-5.847832259741101e+35,4300,0,8,17169,4300,0.0,41,0.0,0.0,0.0,0.0,-0.0,0,0,0,0,0.0,0,0,0,0,0,0,0,0,0,0,0,0,0,0,0,0,0,0,0,0,0,0,0,0,0,0,0,0,0,0,0,0,0,11,35,35,46,65476,374,65476,1,0,4,21553,0.0,0.0,0.0,0.0,0.0,0.0,0.0,0.0,0.0,0.0,0.0,0.0,0.0,0.0,0.0,0.0,0.0,0.0,0.0,0.0,0.0,2.004,2.004,-2.004,-3.697074423243316e+19,-0.0,0.0,0.0,0.0,0.0,6562.0,0.0,0.0,0.0,-0.0,0.0,0.0,0.0,0.0,2.004,2.004,227,-71.629,152018270289920.0,0.0,0.0,0.0,0.0,0.0,0.0,0.0,0,0,0,7.19309578187021e+29,74908298117120.0,0.0,-6.422409595804713e+18,0.0,0.0,-0.0,5.7709129143562745e+20,3.3498002726800327e+20,-2.34949607196628e+31,-25123.08,8.347087692156109e+16,0.0,0.0,0.0,11.265,0,1.3516416376850534e+27,226,0.0,452,2.40156025918058e+36,0.0,2112,52429,17109,0,17112,52429,17095,0,0,0,101,100,100,2.7302339554914296e+23,65.6,0.0,66.4,-107615256.0,66.0,1,49,50,180,39322,52429,0,0,0.0,0.0,0.0,60.0,1.060136065439739e+32,71.0,0.0,0.0,0.0,1068,0,1069,0,0,0,1069,0,1080,0,999,0,660,0,661,0,657,0,676,0.032,1.4536034330083127e+22,0.0,0.0,8592,16814,5.248466858239905e+21,0.0,-0.0,0.0,0.0,-410112.344,50.0,60.0,35,0.0,0.0,10.0,2.0,0.0,0.0,0.0,0.0,0.0,0.0,0.0,0.0,0.0,0.0,0.0,0.0,58.8,53,12,65509,27,65476,0,300,0,0,8,20529,65476,0,0,30147,60.0,0.0,10.0,10.0,2.0,0.0
2026-02-16T12:40:51,ERR,ERR,ERR,ERR,ERR,ERR,ERR,ERR,ERR,ERR,ERR,ERR,ERR,ERR,ERR,ERR,ERR,ERR,ERR,ERR,ERR,ERR,ERR,ERR,ERR,ERR,ERR,ERR,ERR,ERR,ERR,ERR,ERR,ERR,ERR,ERR,ERR,ERR,ERR,ERR,ERR,ERR,ERR,ERR,ERR,ERR,ERR,ERR,ERR,ERR,ERR,ERR,ERR,ERR,ERR,ERR,ERR,ERR,ERR,ERR,ERR,ERR,ERR,ERR,ERR,ERR,ERR,ERR,ERR,ERR,ERR,ERR,ERR,ERR,ERR,ERR,ERR,ERR,ERR,ERR,ERR,ERR,ERR,ERR,ERR,ERR,ERR,ERR,ERR,ERR,ERR,ERR,ERR,ERR,ERR,ERR,ERR,ERR,ERR,ERR,ERR,ERR,ERR,ERR,ERR,ERR,ERR,ERR,ERR,ERR,ERR,ERR,ERR,ERR,ERR,ERR,ERR,ERR,ERR,ERR,ERR,ERR,ERR,ERR,ERR,0.0,-0.0,2.7420187948523476e+23,0.0,-0.0,0.0,-2.5884886852479735e+28,-5.847832259741101e+35,4300,0,8,17169,4300,0.0,41,0.0,0.0,0.0,0.0,-0.0,0,0,0,0,0.0,0,0,0,0,0,0,0,0,0,0,0,0,0,0,0,0,0,0,0,0,0,0,0,0,0,0,0,0,0,0,0,0,0,11,35,35,46,65476,374,65476,1,0,4,21553,0.0,0.0,0.0,0.0,0.0,0.0,0.0,0.0,0.0,0.0,0.0,0.0,0.0,0.0,0.0,0.0,0.0,0.0,0.0,0.0,0.0,2.004,2.004,-2.004,-3.697074423243316e+19,-0.0,0.0,0.0,0.0,0.0,6562.0,0.0,0.0,0.0,-0.0,0.0,0.0,0.0,0.0,2.004,2.004,227,-71.629,152018270289920.0,0.0,0.0,0.0,0.0,0.0,0.0,0.0,0,0,0,7.19309578187021e+29,74908298117120.0,0.0,-6.422409595804713e+18,0.0,0.0,-0.0,5.7709129143562745e+20,3.3498002726800327e+20,-2.34949607196628e+31,-25123.08,8.347087692156109e+16,0.0,0.0,0.0,11.265,0,1.3516416376850534e+27,226,0.0,452,2.40156025918058e+36,0.0,2112,52429,17109,0,17112,52429,17095,0,0,0,101,100,100,2.7302339554914296e+23,65.6,0.0,66.4,-107615256.0,66.0,1,49,50,180,39322,52429,0,0,0.0,0.0,0.0,60.0,1.060136065439739e+32,71.0,0.0,0.0,0.0,1068,0,1069,0,0,0,1069,0,1080,0,999,0,660,0,661,0,657,0,676,0.032,1.4536034330083127e+22,0.0,0.0,8592,16814,5.248466858239905e+21,0.0,-0.0,0.0,0.0,-410112.344,50.0,60.0,35,0.0,0.0,10.0,2.0,0.0,0.0,0.0,0.0,0.0,0.0,0.0,0.0,0.0,0.0,0.0,0.0,58.8,53,12,65509,27,65476,0,300,0,0,8,20529,65476,0,0,30147,60.0,0.0,10.0,10.0,2.0,0.0
2026-02-16T12:40:52,ERR,ERR,ERR,ERR,ERR,ERR,ERR,ERR,ERR,ERR,ERR,ERR,ERR,ERR,ERR,ERR,ERR,ERR,ERR,ERR,ERR,ERR,ERR,ERR,ERR,ERR,ERR,ERR,ERR,ERR,ERR,ERR,ERR,ERR,ERR,ERR,ERR,ERR,ERR,ERR,ERR,ERR,ERR,ERR,ERR,ERR,ERR,ERR,ERR,ERR,ERR,ERR,ERR,ERR,ERR,ERR,ERR,ERR,ERR,ERR,ERR,ERR,ERR,ERR,ERR,ERR,ERR,ERR,ERR,ERR,ERR,ERR,ERR,ERR,ERR,ERR,ERR,ERR,ERR,ERR,ERR,ERR,ERR,ERR,ERR,ERR,ERR,ERR,ERR,ERR,ERR,ERR,ERR,ERR,ERR,ERR,ERR,ERR,ERR,ERR,ERR,ERR,ERR,ERR,ERR,ERR,ERR,ERR,ERR,ERR,ERR,ERR,ERR,ERR,ERR,ERR,ERR,ERR,ERR,ERR,ERR,ERR,ERR,ERR,ERR,0.0,-0.0,0.0,0.0,0.0,0.0,0.0,nan,4300,0,8,17169,4300,0.0,41,0.0,0.0,0.0,0.0,-0.0,0,0,0,0,0.0,0,0,0,0,0,0,0,0,0,0,0,0,0,0,0,0,0,0,0,0,0,0,0,0,0,0,0,0,0,0,0,0,0,11,35,35,46,65476,374,65476,1,0,4,21553,0.0,-0.0,0.0,0.0,0.0,0.0,0.0,0.0,0.0,0.0,0.0,0.0,0.0,0.0,0.0,0.0,0.0,0.0,0.0,0.0,0.0,2.004,2.004,-0.0,-3.697074423243316e+19,-0.0,0.0,0.0,0.0,0.0,6591.0,1.0406714467631646e+34,0.0,-107615880.0,-0.0,0.0,0.0,-0.0,0.0,2.004,2.004,227,-0.0,-0.0,0.0,0.0,0.0,0.0,0.0,0.0,0.0,0,0,0,174229012480.0,-0.0,-3.8425225282912926e+37,3543479615488.0,0.0,-1.2793460316281242e+17,-993.095,-1.815971273592263e+24,0.0,-2.5237980294976617e+31,-26659.08,9.022627636261683e+16,0.0,0.0,0.0,6.628195394326317e+34,0,1.3516416376850534e+27,227,0.0,454,0.0,-0.0,2112,52429,17109,52429,17111,52429,17095,0,0,0,101,100,100,2.7302339554914296e+23,65.6,0.0,66.0,0.0,66.0,1,49,50,180,52429,52429,0,0,0.0,0.0,0.0,60.0,1691136661913600.0,71.0,0.0,0.0,0.0,1068,0,1069,0,0,0,1069,0,1080,0,999,0,660,0,661,0,657,0,676,0.032,1.4462247353788288e+22,0.0,0.0,11152,16814,1691136661913600.0,0.0,-0.0,-0.0,-2.800480345874417e+24,-0.0,50.0,60.0,35,0.0,0.0,10.0,2.0,0.0,0.0,0.0,0.0,0.0,0.0,0.0,0.0,0.0,0.0,0.0,0.0,58.8,53,12,65509,27,65476,0,300,0,0,8,20529,65476,0,0,30147,60.0,0.0,10.0,10.0,2.0,0.0
2026-02-16T12:40:53,ERR,ERR,ERR,ERR,ERR,ERR,ERR,ERR,ERR,ERR,ERR,ERR,ERR,ERR,ERR,ERR,ERR,ERR,ERR,ERR,ERR,ERR,ERR,ERR,ERR,ERR,ERR,ERR,ERR,ERR,ERR,ERR,ERR,ERR,ERR,ERR,ERR,ERR,ERR,ERR,ERR,ERR,ERR,ERR,ERR,ERR,ERR,ERR,ERR,ERR,ERR,ERR,ERR,ERR,ERR,ERR,ERR,ERR,ERR,ERR,ERR,ERR,ERR,ERR,ERR,ERR,ERR,ERR,ERR,ERR,ERR,ERR,ERR,ERR,ERR,ERR,ERR,ERR,ERR,ERR,ERR,ERR,ERR,ERR,ERR,ERR,ERR,ERR,ERR,ERR,ERR,ERR,ERR,ERR,ERR,ERR,ERR,ERR,ERR,ERR,ERR,ERR,ERR,ERR,ERR,ERR,ERR,ERR,ERR,ERR,ERR,ERR,ERR,ERR,ERR,ERR,ERR,ERR,ERR,ERR,ERR,ERR,ERR,ERR,ERR,0.0,-0.0,0.0,0.0,0.0,0.0,0.0,nan,4300,0,8,17169,4300,0.0,41,0.0,0.0,0.0,0.0,-0.0,0,0,0,0,0.0,0,0,0,0,0,0,0,0,0,0,0,0,0,0,0,0,0,0,0,0,0,0,0,0,0,0,0,0,0,0,0,0,0,11,35,35,46,65476,374,65476,1,0,4,21553,0.0,-0.0,0.0,0.0,0.0,0.0,0.0,0.0,0.0,0.0,0.0,0.0,0.0,0.0,0.0,0.0,0.0,0.0,0.0,0.0,0.0,2.004,2.004,-0.0,-3.697074423243316e+19,-0.0,0.0,0.0,0.0,0.0,6591.0,1.0406714467631646e+34,0.0,-107615880.0,-0.0,0.0,0.0,-0.0,0.0,2.004,2.004,227,-0.0,-0.0,0.0,0.0,0.0,0.0,0.0,0.0,0.0,0,0,0,174229012480.0,-0.0,-3.8425225282912926e+37,3543479615488.0,0.0,-1.2793460316281242e+17,-993.095,-1.815971273592263e+24,0.0,-2.5237980294976617e+31,-26659.08,9.022627636261683e+16,0.0,0.0,0.0,6.628195394326317e+34,0,1.3516416376850534e+27,227,0.0,454,0.0,-0.0,2112,52429,17109,52429,17111,52429,17095,0,0,0,101,100,100,2.7302339554914296e+23,65.6,0.0,66.0,0.0,66.0,1,49,50,180,52429,52429,0,0,0.0,0.0,0.0,60.0,1691136661913600.0,71.0,0.0,0.0,0.0,1068,0,1069,0,0,0,1069,0,1080,0,999,0,660,0,661,0,657,0,676,0.032,1.4462247353788288e+22,0.0,0.0,11152,16814,1691136661913600.0,0.0,-0.0,-0.0,-2.800480345874417e+24,-0.0,50.0,60.0,35,0.0,0.0,10.0,2.0,0.0,0.0,0.0,0.0,0.0,0.0,0.0,0.0,0.0,0.0,0.0,0.0,58.8,53,12,65509,27,65476,0,300,0,0,8,20529,65476,0,0,30147,60.0,0.0,10.0,10.0,2.0,0.0
2026-02-16T12:40:54,ERR,ERR,ERR,ERR,ERR,ERR,ERR,ERR,ERR,ERR,ERR,ERR,ERR,ERR,ERR,ERR,ERR,ERR,ERR,ERR,ERR,ERR,ERR,ERR,ERR,ERR,ERR,ERR,ERR,ERR,ERR,ERR,ERR,ERR,ERR,ERR,ERR,ERR,ERR,ERR,ERR,ERR,ERR,ERR,ERR,ERR,ERR,ERR,ERR,ERR,ERR,ERR,ERR,ERR,ERR,ERR,ERR,ERR,ERR,ERR,ERR,ERR,ERR,ERR,ERR,ERR,ERR,ERR,ERR,ERR,ERR,ERR,ERR,ERR,ERR,ERR,ERR,ERR,ERR,ERR,ERR,ERR,ERR,ERR,ERR,ERR,ERR,ERR,ERR,ERR,ERR,ERR,ERR,ERR,ERR,ERR,ERR,ERR,ERR,ERR,ERR,ERR,ERR,ERR,ERR,ERR,ERR,ERR,ERR,ERR,ERR,ERR,ERR,ERR,ERR,ERR,ERR,ERR,ERR,ERR,ERR,ERR,ERR,ERR,ERR,0.0,-0.0,0.0,0.0,0.0,0.0,0.0,nan,4300,0,8,17169,4300,0.0,41,0.0,0.0,0.0,0.0,-0.0,0,0,0,0,0.0,0,0,0,0,0,0,0,0,0,0,0,0,0,0,0,0,0,0,0,0,0,0,0,0,0,0,0,0,0,0,0,0,0,11,35,35,46,65476,374,65476,1,0,4,21553,0.0,-0.0,0.0,0.0,0.0,0.0,0.0,0.0,0.0,0.0,0.0,0.0,0.0,0.0,0.0,0.0,0.0,0.0,0.0,0.0,0.0,2.004,2.004,-0.0,-3.697074423243316e+19,-0.0,0.0,0.0,0.0,0.0,6591.0,1.0406714467631646e+34,0.0,-107615880.0,-0.0,0.0,0.0,-0.0,0.0,2.004,2.004,227,-0.0,-0.0,0.0,0.0,0.0,0.0,0.0,0.0,0.0,0,0,0,174229012480.0,-0.0,-3.8425225282912926e+37,3543479615488.0,0.0,-1.2793460316281242e+17,-993.095,-1.815971273592263e+24,0.0,-2.5237980294976617e+31,-26659.08,9.022627636261683e+16,0.0,0.0,0.0,6.628195394326317e+34,0,1.3516416376850534e+27,227,0.0,454,0.0,-0.0,2112,52429,17109,52429,17111,52429,17095,0,0,0,101,100,100,2.7302339554914296e+23,65.6,0.0,66.0,0.0,66.0,1,49,50,180,52429,52429,0,0,0.0,0.0,0.0,60.0,1691136661913600.0,71.0,0.0,0.0,0.0,1068,0,1069,0,0,0,1069,0,1080,0,999,0,660,0,661,0,657,0,676,0.032,1.4462247353788288e+22,0.0,0.0,11152,16814,1691136661913600.0,0.0,-0.0,-0.0,-2.800480345874417e+24,-0.0,50.0,60.0,35,0.0,0.0,10.0,2.0,0.0,0.0,0.0,0.0,0.0,0.0,0.0,0.0,0.0,0.0,0.0,0.0,58.8,53,12,65509,27,65476,0,300,0,0,8,20529,65476,0,0,30147,60.0,0.0,10.0,10.0,2.0,0.0
2026-02-16T12:40:55,ERR,ERR,ERR,ERR,ERR,ERR,ERR,ERR,ERR,ERR,ERR,ERR,ERR,ERR,ERR,ERR,ERR,ERR,ERR,ERR,ERR,ERR,ERR,ERR,ERR,ERR,ERR,ERR,ERR,ERR,ERR,ERR,ERR,ERR,ERR,ERR,ERR,ERR,ERR,ERR,ERR,ERR,ERR,ERR,ERR,ERR,ERR,ERR,ERR,ERR,ERR,ERR,ERR,ERR,ERR,ERR,ERR,ERR,ERR,ERR,ERR,ERR,ERR,ERR,ERR,ERR,ERR,ERR,ERR,ERR,ERR,ERR,ERR,ERR,ERR,ERR,ERR,ERR,ERR,ERR,ERR,ERR,ERR,ERR,ERR,ERR,ERR,ERR,ERR,ERR,ERR,ERR,ERR,ERR,ERR,ERR,ERR,ERR,ERR,ERR,ERR,ERR,ERR,ERR,ERR,ERR,ERR,ERR,ERR,ERR,ERR,ERR,ERR,ERR,ERR,ERR,ERR,ERR,ERR,ERR,ERR,ERR,ERR,ERR,ERR,0.0,-0.0,0.0,0.0,0.0,0.0,0.0,nan,4300,0,8,17169,4300,0.0,41,0.0,0.0,0.0,0.0,-0.0,0,0,0,0,0.0,0,0,0,0,0,0,0,0,0,0,0,0,0,0,0,0,0,0,0,0,0,0,0,0,0,0,0,0,0,0,0,0,0,11,35,35,46,65476,374,65476,1,0,4,21553,0.0,-0.0,0.0,0.0,0.0,0.0,0.0,0.0,0.0,0.0,0.0,0.0,0.0,0.0,0.0,0.0,0.0,0.0,0.0,0.0,0.0,2.004,2.004,-0.0,-3.697074423243316e+19,-0.0,0.0,0.0,0.0,0.0,6591.0,1.0406714467631646e+34,0.0,-107615880.0,-0.0,0.0,0.0,-0.0,0.0,2.004,2.004,227,-0.0,-0.0,0.0,0.0,0.0,0.0,0.0,0.0,0.0,0,0,0,174229012480.0,-0.0,-3.8425225282912926e+37,3543479615488.0,0.0,-1.2793460316281242e+17,-993.095,-1.815971273592263e+24,0.0,-2.5237980294976617e+31,-26659.08,9.022627636261683e+16,0.0,0.0,0.0,6.628195394326317e+34,0,1.3516416376850534e+27,227,0.0,454,0.0,-0.0,2112,52429,17109,52429,17111,52429,17095,0,0,0,101,100,100,2.7302339554914296e+23,65.6,0.0,66.0,0.0,66.0,1,49,50,180,52429,52429,0,0,0.0,0.0,0.0,60.0,7.45955487384723e+26,71.0,0.0,0.0,0.0,1068,0,1069,0,0,0,1069,0,1080,0,999,0,660,0,661,0,657,0,676,0.032,1.4609821306377965e+22,0.0,0.0,14224,16814,2.146055107517612e+18,0.0,-0.0,4.035290849793538e+21,-1.1569488520847673e+35,-0.001,50.0,60.0,35,0.0,0.0,10.0,2.0,0.0,0.0,0.0,0.0,0.0,0.0,0.0,0.0,0.0,0.0,0.0,0.0,58.8,53,12,65509,27,65476,0,300,0,0,8,20529,65476,0,0,30147,60.0,0.0,10.0,10.0,2.0,0.0
2026-02-16T12:40:56,ERR,ERR,ERR,ERR,ERR,ERR,ERR,ERR,ERR,ERR,ERR,ERR,ERR,ERR,ERR,ERR,ERR,ERR,ERR,ERR,ERR,ERR,ERR,ERR,ERR,ERR,ERR,ERR,ERR,ERR,ERR,ERR,ERR,ERR,ERR,ERR,ERR,ERR,ERR,ERR,ERR,ERR,ERR,ERR,ERR,ERR,ERR,ERR,ERR,ERR,ERR,ERR,ERR,ERR,ERR,ERR,ERR,ERR,ERR,ERR,ERR,ERR,ERR,ERR,ERR,ERR,ERR,ERR,ERR,ERR,ERR,ERR,ERR,ERR,ERR,ERR,ERR,ERR,ERR,ERR,ERR,ERR,ERR,ERR,ERR,ERR,ERR,ERR,ERR,ERR,ERR,ERR,ERR,ERR,ERR,ERR,ERR,ERR,ERR,ERR,ERR,ERR,ERR,ERR,ERR,ERR,ERR,ERR,ERR,ERR,ERR,ERR,ERR,ERR,ERR,ERR,ERR,ERR,ERR,ERR,ERR,ERR,ERR,ERR,ERR,0.0,-0.0,0.0,0.0,0.0,0.0,0.0,nan,4300,0,8,17169,4300,0.0,41,0.0,0.0,0.0,0.0,-0.0,0,0,0,0,0.0,0,0,0,0,0,0,0,0,0,0,0,0,0,0,0,0,0,0,0,0,0,0,0,0,0,0,0,0,0,0,0,0,0,11,35,35,46,65476,374,65476,1,0,4,21553,0.0,-0.0,0.0,0.0,0.0,0.0,0.0,0.0,0.0,0.0,0.0,0.0,0.0,0.0,0.0,0.0,0.0,0.0,0.0,0.0,0.0,2.004,2.004,-0.0,-3.697074423243316e+19,-0.0,0.0,0.0,0.0,0.0,6591.0,1.0406714467631646e+34,0.0,-107615880.0,-0.0,0.0,0.0,-0.0,0.0,2.004,2.004,227,-0.0,-0.0,0.0,0.0,0.0,0.0,0.0,0.0,0.0,0,0,0,174229012480.0,-0.0,-3.8425225282912926e+37,3543479615488.0,0.0,-1.2793460316281242e+17,-993.095,-1.815971273592263e+24,0.0,-2.5237980294976617e+31,-26659.08,9.022627636261683e+16,0.0,0.0,0.0,6.628195394326317e+34,0,1.3516416376850534e+27,227,0.0,454,0.0,-0.0,2112,52429,17109,52429,17111,52429,17095,0,0,0,101,100,100,2.7302339554914296e+23,65.6,0.0,66.0,0.0,66.0,1,49,50,180,52429,52429,0,0,0.0,0.0,0.0,60.0,7.45955487384723e+26,71.0,0.0,0.0,0.0,1068,0,1069,0,0,0,1069,0,1080,0,999,0,660,0,661,0,657,0,676,0.032,1.4609821306377965e+22,0.0,0.0,14224,16814,2.146055107517612e+18,0.0,-0.0,4.035290849793538e+21,-1.1569488520847673e+35,-0.001,50.0,60.0,35,0.0,0.0,10.0,2.0,0.0,0.0,0.0,0.0,0.0,0.0,0.0,0.0,0.0,0.0,0.0,0.0,58.8,53,12,65510,27,65476,0,300,0,0,8,20529,65476,0,0,30147,60.0,0.0,10.0,10.0,2.0,0.0
2026-02-16T12:40:57,ERR,ERR,ERR,ERR,ERR,ERR,ERR,ERR,ERR,ERR,ERR,ERR,ERR,ERR,ERR,ERR,ERR,ERR,ERR,ERR,ERR,ERR,ERR,ERR,ERR,ERR,ERR,ERR,ERR,ERR,ERR,ERR,ERR,ERR,ERR,ERR,ERR,ERR,ERR,ERR,ERR,ERR,ERR,ERR,ERR,ERR,ERR,ERR,ERR,ERR,ERR,ERR,ERR,ERR,ERR,ERR,ERR,ERR,ERR,ERR,ERR,ERR,ERR,ERR,ERR,ERR,ERR,ERR,ERR,ERR,ERR,ERR,ERR,ERR,ERR,ERR,ERR,ERR,ERR,ERR,ERR,ERR,ERR,ERR,ERR,ERR,ERR,ERR,ERR,ERR,ERR,ERR,ERR,ERR,ERR,ERR,ERR,ERR,ERR,ERR,ERR,ERR,ERR,ERR,ERR,ERR,ERR,ERR,ERR,ERR,ERR,ERR,ERR,ERR,ERR,ERR,ERR,ERR,ERR,ERR,ERR,ERR,ERR,ERR,ERR,0.0,-0.0,0.0,0.0,0.0,-3921376968704.0,-0.0,-2.848,4300,0,8,17169,4300,0.0,41,0.0,0.0,0.0,0.0,-0.0,0,0,0,0,0.0,0,0,0,0,0,0,0,0,0,0,0,0,0,0,0,0,0,0,0,0,0,0,0,0,0,0,0,0,0,0,0,0,0,11,35,35,46,65476,375,65476,1,0,4,21553,0.0,0.0,0.0,0.0,0.0,0.0,0.0,0.0,0.0,0.0,0.0,0.0,0.0,0.0,0.0,0.0,0.0,0.0,0.0,0.0,0.0,2.004,2.004,-0.0,-2.004,-0.0,0.0,0.0,0.0,0.0,6564.0,1.0406714467631646e+34,0.0,0.0,-0.0,0.0,0.0,0.0,0.0,2.004,2.004,226,-152017263656960.0,-0.0,0.0,0.0,0.0,0.0,0.0,0.0,0.0,0,0,0,-0.0,-107512365056.0,0.0,-0.0,0.0,3.88802184221445e+28,64671532974080.0,0.0,-6.269895499596857e+30,-2.729791252034749e+31,-28323.08,9.754462575709389e+16,0.0,0.0,0.0,385529.938,0,1.3516416376850534e+27,226,0.0,452,-621855232.0,-2.2165415544150295e+20,2112,52429,17109,52429,17111,52429,17095,0,0,0,101,100,100,2.7302339554914296e+23,65.6,0.0,66.0,0.0,66.0,1,49,50,180,52429,52429,0,0,0.0,0.0,0.0,60.0,7.45955487384723e+26,71.0,0.0,0.0,0.0,1068,0,1069,0,0,0,1069,0,1080,0,999,0,660,0,661,0,657,0,676,0.032,1.4609821306377965e+22,0.0,0.0,14224,16814,2.146055107517612e+18,0.0,-0.0,4.035290849793538e+21,-1.1569488520847673e+35,-0.001,50.0,60.0,35,0.0,0.0,10.0,2.0,0.0,0.0,0.0,0.0,0.0,0.0,0.0,0.0,0.0,0.0,0.0,0.0,58.8,53,12,65510,27,65476,0,300,0,0,8,20529,65476,0,0,30147,60.0,0.0,10.0,10.0,2.0,0.0
2026-02-16T12:40:58,ERR,ERR,ERR,ERR,ERR,ERR,ERR,ERR,ERR,ERR,ERR,ERR,ERR,ERR,ERR,ERR,ERR,ERR,ERR,ERR,ERR,ERR,ERR,ERR,ERR,ERR,ERR,ERR,ERR,ERR,ERR,ERR,ERR,ERR,ERR,ERR,ERR,ERR,ERR,ERR,ERR,ERR,ERR,ERR,ERR,ERR,ERR,ERR,ERR,ERR,ERR,ERR,ERR,ERR,ERR,ERR,ERR,ERR,ERR,ERR,ERR,ERR,ERR,ERR,ERR,ERR,ERR,ERR,ERR,ERR,ERR,ERR,ERR,ERR,ERR,ERR,ERR,ERR,ERR,ERR,ERR,ERR,ERR,ERR,ERR,ERR,ERR,ERR,ERR,ERR,ERR,ERR,ERR,ERR,ERR,ERR,ERR,ERR,ERR,ERR,ERR,ERR,ERR,ERR,ERR,ERR,ERR,ERR,ERR,ERR,ERR,ERR,ERR,ERR,ERR,ERR,ERR,ERR,ERR,ERR,ERR,ERR,ERR,ERR,ERR,0.0,-0.0,0.0,0.0,0.0,-3921376968704.0,-0.0,-2.848,4300,0,8,17169,4300,0.0,41,0.0,0.0,0.0,0.0,-0.0,0,0,0,0,0.0,0,0,0,0,0,0,0,0,0,0,0,0,0,0,0,0,0,0,0,0,0,0,0,0,0,0,0,0,0,0,0,0,0,11,35,35,46,65476,375,65476,1,0,4,21553,0.0,0.0,0.0,0.0,0.0,0.0,0.0,0.0,0.0,0.0,0.0,0.0,0.0,0.0,0.0,0.0,0.0,0.0,0.0,0.0,0.0,2.004,2.004,-0.0,-2.004,-0.0,0.0,0.0,0.0,0.0,6564.0,1.0406714467631646e+34,0.0,0.0,-0.0,0.0,0.0,0.0,0.0,2.004,2.004,226,-152017263656960.0,-0.0,0.0,0.0,0.0,0.0,0.0,0.0,0.0,0,0,0,-0.0,-107512365056.0,0.0,-0.0,0.0,3.88802184221445e+28,64671532974080.0,0.0,-6.269895499596857e+30,-2.729791252034749e+31,-28323.08,9.754462575709389e+16,0.0,0.0,0.0,385529.938,0,1.3516416376850534e+27,226,0.0,452,-621855232.0,-2.2165415544150295e+20,2112,52429,17109,52429,17111,52429,17095,0,0,0,101,100,100,2.7302339554914296e+23,65.6,0.0,66.0,0.0,66.0,1,49,50,180,52429,52429,0,0,0.0,0.0,0.0,60.0,7.45955487384723e+26,71.0,0.0,0.0,0.0,1068,0,1069,0,0,0,1069,0,1080,0,999,0,660,0,661,0,657,0,676,0.032,1.4609821306377965e+22,0.0,0.0,14224,16814,2.146055107517612e+18,0.0,-0.0,4.035290849793538e+21,-1.1569488520847673e+35,-0.001,50.0,60.0,35,0.0,0.0,10.0,2.0,0.0,0.0,0.0,0.0,0.0,0.0,0.0,0.0,0.0,0.0,0.0,0.0,58.8,53,12,65510,27,65476,0,300,0,0,8,20529,65476,0,0,30147,60.0,0.0,10.0,10.0,2.0,0.0
2026-02-16T12:40:59,ERR,ERR,ERR,ERR,ERR,ERR,ERR,ERR,ERR,ERR,ERR,ERR,ERR,ERR,ERR,ERR,ERR,ERR,ERR,ERR,ERR,ERR,ERR,ERR,ERR,ERR,ERR,ERR,ERR,ERR,ERR,ERR,ERR,ERR,ERR,ERR,ERR,ERR,ERR,ERR,ERR,ERR,ERR,ERR,ERR,ERR,ERR,ERR,ERR,ERR,ERR,ERR,ERR,ERR,ERR,ERR,ERR,ERR,ERR,ERR,ERR,ERR,ERR,ERR,ERR,ERR,ERR,ERR,ERR,ERR,ERR,ERR,ERR,ERR,ERR,ERR,ERR,ERR,ERR,ERR,ERR,ERR,ERR,ERR,ERR,ERR,ERR,ERR,ERR,ERR,ERR,ERR,ERR,ERR,ERR,ERR,ERR,ERR,ERR,ERR,ERR,ERR,ERR,ERR,ERR,ERR,ERR,ERR,ERR,ERR,ERR,ERR,ERR,ERR,ERR,ERR,ERR,ERR,ERR,ERR,ERR,ERR,ERR,ERR,ERR,0.0,-0.0,0.0,0.0,0.0,-3921376968704.0,-0.0,-2.848,4300,0,8,17169,4300,0.0,41,0.0,0.0,0.0,0.0,-0.0,0,0,0,0,0.0,0,0,0,0,0,0,0,0,0,0,0,0,0,0,0,0,0,0,0,0,0,0,0,0,0,0,0,0,0,0,0,0,0,11,35,35,46,65476,375,65476,1,0,4,21553,0.0,0.0,0.0,0.0,0.0,0.0,0.0,0.0,0.0,0.0,0.0,0.0,0.0,0.0,0.0,0.0,0.0,0.0,0.0,0.0,0.0,2.004,2.004,-0.0,-2.004,-0.0,0.0,0.0,0.0,0.0,6564.0,1.0406714467631646e+34,0.0,0.0,-0.0,0.0,0.0,0.0,0.0,2.004,2.004,226,-152017263656960.0,-0.0,0.0,0.0,0.0,0.0,0.0,0.0,0.0,0,0,0,-0.0,-107512365056.0,0.0,-0.0,0.0,3.88802184221445e+28,64671532974080.0,0.0,-6.269895499596857e+30,-2.729791252034749e+31,-28323.08,9.754462575709389e+16,0.0,0.0,0.0,385529.938,0,1.3516416376850534e+27,226,0.0,452,-621855232.0,-2.2165415544150295e+20,2112,52429,17109,52429,17111,52429,17095,0,0,0,101,100,100,2.7302339554914296e+23,65.6,0.0,66.0,0.0,66.0,1,49,50,180,39322,52429,0,0,0.0,0.0,0.0,60.0,907140982112256.0,71.0,0.0,-7.2310466617376365e+25,0.0,1068,0,1069,0,0,0,1069,0,1079,0,999,0,660,0,661,0,657,0,675,0.032,1.4536034330083127e+22,0.0,0.0,11280,16814,5.248466858239905e+21,-7.2310466617376365e+25,-0.0,-0.0,-3.1319670686653228e+25,-0.0,50.0,60.0,35,0.0,0.0,10.0,2.0,0.0,0.0,0.0,0.0,0.0,0.0,0.0,0.0,0.0,0.0,0.0,0.0,58.8,53,12,65510,27,65476,0,300,0,0,8,20529,65476,0,0,30147,60.0,0.0,10.0,10.0,2.0,0.0
2026-02-16T12:41:00,ERR,ERR,ERR,ERR,ERR,ERR,ERR,ERR,ERR,ERR,ERR,ERR,ERR,ERR,ERR,ERR,ERR,ERR,ERR,ERR,ERR,ERR,ERR,ERR,ERR,ERR,ERR,ERR,ERR,ERR,ERR,ERR,ERR,ERR,ERR,ERR,ERR,ERR,ERR,ERR,ERR,ERR,ERR,ERR,ERR,ERR,ERR,ERR,ERR,ERR,ERR,ERR,ERR,ERR,ERR,ERR,ERR,ERR,ERR,ERR,ERR,ERR,ERR,ERR,ERR,ERR,ERR,ERR,ERR,ERR,ERR,ERR,ERR,ERR,ERR,ERR,ERR,ERR,ERR,ERR,ERR,ERR,ERR,ERR,ERR,ERR,ERR,ERR,ERR,ERR,ERR,ERR,ERR,ERR,ERR,ERR,ERR,ERR,ERR,ERR,ERR,ERR,ERR,ERR,ERR,ERR,ERR,ERR,ERR,ERR,ERR,ERR,ERR,ERR,ERR,ERR,ERR,ERR,ERR,ERR,ERR,ERR,ERR,ERR,ERR,0.0,-0.0,0.0,0.0,0.0,-3921376968704.0,-0.0,-2.848,4300,0,8,17169,4300,0.0,41,0.0,0.0,0.0,0.0,-0.0,0,0,0,0,0.0,0,0,0,0,0,0,0,0,0,0,0,0,0,0,0,0,0,0,0,0,0,0,0,0,0,0,0,0,0,0,0,0,0,11,35,35,46,65476,375,65476,1,0,4,21553,0.0,0.0,0.0,0.0,0.0,0.0,0.0,0.0,0.0,0.0,0.0,0.0,0.0,0.0,0.0,0.0,0.0,0.0,0.0,0.0,0.0,2.004,2.004,-0.0,-2.004,-0.0,0.0,0.0,0.0,0.0,6564.0,1.0406714467631646e+34,0.0,0.0,-0.0,0.0,0.0,0.0,0.0,2.004,2.004,226,-152017263656960.0,-0.0,0.0,0.0,0.0,0.0,0.0,0.0,0.0,0,0,0,-0.0,-107512365056.0,0.0,-0.0,0.0,3.88802184221445e+28,64671532974080.0,0.0,-6.269895499596857e+30,-2.729791252034749e+31,-28323.08,9.754462575709389e+16,0.0,0.0,0.0,385529.938,0,1.3516416376850534e+27,226,0.0,452,-621855232.0,-2.2165415544150295e+20,2112,52429,17109,52429,17111,52429,17095,0,0,0,101,100,100,2.7302339554914296e+23,65.6,0.0,66.0,0.0,66.0,1,49,50,180,39322,52429,0,0,0.0,0.0,0.0,60.0,907140982112256.0,71.0,0.0,-7.2310466617376365e+25,0.0,1068,0,1069,0,0,0,1069,0,1079,0,999,0,660,0,661,0,657,0,675,0.032,1.4536034330083127e+22,0.0,0.0,11280,16814,5.248466858239905e+21,-7.2310466617376365e+25,-0.0,-0.0,-3.1319670686653228e+25,-0.0,50.0,60.0,35,0.0,0.0,10.0,2.0,0.0,0.0,0.0,0.0,0.0,0.0,0.0,0.0,0.0,0.0,0.0,0.0,59.2,53,12,65510,27,65476,0,300,0,0,8,20529,65476,0,0,30147,60.0,0.0,10.0,10.0,2.0,0.0
2026-02-16T12:41:01,ERR,ERR,ERR,ERR,ERR,ERR,ERR,ERR,ERR,ERR,ERR,ERR,ERR,ERR,ERR,ERR,ERR,ERR,ERR,ERR,ERR,ERR,ERR,ERR,ERR,ERR,ERR,ERR,ERR,ERR,ERR,ERR,ERR,ERR,ERR,ERR,ERR,ERR,ERR,ERR,ERR,ERR,ERR,ERR,ERR,ERR,ERR,ERR,ERR,ERR,ERR,ERR,ERR,ERR,ERR,ERR,ERR,ERR,ERR,ERR,ERR,ERR,ERR,ERR,ERR,ERR,ERR,ERR,ERR,ERR,ERR,ERR,ERR,ERR,ERR,ERR,ERR,ERR,ERR,ERR,ERR,ERR,ERR,ERR,ERR,ERR,ERR,ERR,ERR,ERR,ERR,ERR,ERR,ERR,ERR,ERR,ERR,ERR,ERR,ERR,ERR,ERR,ERR,ERR,ERR,ERR,ERR,ERR,ERR,ERR,ERR,ERR,ERR,ERR,ERR,ERR,ERR,ERR,ERR,ERR,ERR,ERR,ERR,ERR,ERR,0.0,-0.0,0.0,0.0,0.0,-3921376968704.0,-0.0,-2.848,4300,0,8,17169,4300,0.0,41,0.0,0.0,0.0,0.0,-0.0,0,0,0,0,0.0,0,0,0,0,0,0,0,0,0,0,0,0,0,0,0,0,0,0,0,0,0,0,0,0,0,0,0,0,0,0,0,0,0,11,35,35,46,65476,375,65476,1,0,4,21553,0.0,0.0,0.0,0.0,0.0,0.0,0.0,0.0,0.0,0.0,0.0,0.0,0.0,0.0,0.0,0.0,0.0,0.0,0.0,0.0,0.0,2.004,2.004,-0.0,-2.004,-0.0,0.0,0.0,0.0,0.0,6564.0,1.0406714467631646e+34,0.0,0.0,-0.0,0.0,0.0,0.0,0.0,2.004,2.004,226,-152017263656960.0,-0.0,0.0,0.0,0.0,0.0,0.0,0.0,0.0,0,0,0,-0.0,-107512365056.0,0.0,-0.0,0.0,3.88802184221445e+28,64671532974080.0,0.0,-6.269895499596857e+30,-2.729791252034749e+31,-28323.08,9.754462575709389e+16,0.0,0.0,0.0,385529.938,0,1.3516416376850534e+27,226,0.0,452,-621855232.0,-2.2165415544150295e+20,2112,52429,17109,52429,17111,52429,17095,0,0,0,101,100,100,2.7302339554914296e+23,65.6,0.0,66.0,0.0,66.0,1,49,50,180,39322,52429,0,0,0.0,0.0,0.0,60.0,907140982112256.0,71.0,0.0,-7.2310466617376365e+25,0.0,1068,0,1069,0,0,0,1069,0,1079,0,999,0,660,0,661,0,657,0,675,0.032,1.4536034330083127e+22,0.0,0.0,11280,16814,5.248466858239905e+21,-7.2310466617376365e+25,-0.0,-0.0,-3.1319670686653228e+25,-0.0,50.0,60.0,35,0.0,0.0,10.0,2.0,0.0,0.0,0.0,0.0,0.0,0.0,0.0,0.0,0.0,0.0,0.0,0.0,59.2,53,12,65510,27,65476,0,300,0,0,8,20529,65476,0,0,30147,60.0,0.0,10.0,10.0,2.0,0.0
2026-02-16T12:41:02,ERR,ERR,ERR,ERR,ERR,ERR,ERR,ERR,ERR,ERR,ERR,ERR,ERR,ERR,ERR,ERR,ERR,ERR,ERR,ERR,ERR,ERR,ERR,ERR,ERR,ERR,ERR,ERR,ERR,ERR,ERR,ERR,ERR,ERR,ERR,ERR,ERR,ERR,ERR,ERR,ERR,ERR,ERR,ERR,ERR,ERR,ERR,ERR,ERR,ERR,ERR,ERR,ERR,ERR,ERR,ERR,ERR,ERR,ERR,ERR,ERR,ERR,ERR,ERR,ERR,ERR,ERR,ERR,ERR,ERR,ERR,ERR,ERR,ERR,ERR,ERR,ERR,ERR,ERR,ERR,ERR,ERR,ERR,ERR,ERR,ERR,ERR,ERR,ERR,ERR,ERR,ERR,ERR,ERR,ERR,ERR,ERR,ERR,ERR,ERR,ERR,ERR,ERR,ERR,ERR,ERR,ERR,ERR,ERR,ERR,ERR,ERR,ERR,ERR,ERR,ERR,ERR,ERR,ERR,ERR,ERR,ERR,ERR,ERR,ERR,0.0,-0.0,0.0,0.0,0.0,-26528.535,-0.0,-524812928.0,4300,0,8,17169,4300,0.0,41,0.0,0.0,0.0,0.0,-0.0,0,0,0,0,0.0,0,0,0,0,0,0,0,0,0,0,0,0,0,0,0,0,0,0,0,0,0,0,0,0,0,0,0,0,0,0,0,0,0,11,35,35,46,65476,383,65476,1,0,4,21553,0.0,-0.0,0.0,0.0,0.0,0.0,0.0,0.0,0.0,0.0,0.0,0.0,0.0,0.0,0.0,0.0,0.0,0.0,0.0,0.0,0.0,2.004,0.0,-0.0,-2.004,-0.0,0.0,0.0,0.0,0.0,6567.0,-0.0,0.0,0.0,-0.0,0.0,0.0,-0.0,0.0,2.004,2.004,226,-2.30882787541985e+20,-0.0,0.0,0.0,0.0,0.0,0.0,0.0,0.0,0,0,0,-0.0,-1.7550576924738228e+37,0.0,0.0,0.0,-6719526912.0,2.655258874274659e+27,0.0,0.0,-2.9199388420689834e+31,-29859.08,1.0430002519814963e+17,0.0,0.0,0.0,428337088.0,0,1.3516416376850534e+27,226,0.0,452,-621855232.0,-2.2165415544150295e+20,2112,52429,17109,52429,17111,52429,17095,0,0,0,101,100,100,2.7302339554914296e+23,65.6,0.0,66.0,0.0,66.0,1,49,50,180,39322,52429,0,0,0.0,0.0,0.0,60.0,5.422273584384096e+26,71.0,0.0,-0.0,0.0,1069,0,1069,0,0,0,1069,0,1079,0,999,0,660,0,661,0,657,0,675,0.032,1.4536034330083127e+22,-2.004,0.0,24976,16814,5.422273584384096e+26,-0.0,8.134303648628698e+23,-2.1256426768673596e+35,-0.0,-0.0,50.0,60.0,35,0.0,0.0,10.0,2.0,0.0,0.0,0.0,0.0,0.0,0.0,0.0,0.0,0.0,0.0,0.0,0.0,59.2,53,12,65510,27,65476,0,300,0,0,8,20529,65476,0,0,30147,60.0,0.0,10.0,10.0,2.0,0.0
2026-02-16T12:41:03,ERR,ERR,ERR,ERR,ERR,ERR,ERR,ERR,ERR,ERR,ERR,ERR,ERR,ERR,ERR,ERR,ERR,ERR,ERR,ERR,ERR,ERR,ERR,ERR,ERR,ERR,ERR,ERR,ERR,ERR,ERR,ERR,ERR,ERR,ERR,ERR,ERR,ERR,ERR,ERR,ERR,ERR,ERR,ERR,ERR,ERR,ERR,ERR,ERR,ERR,ERR,ERR,ERR,ERR,ERR,ERR,ERR,ERR,ERR,ERR,ERR,ERR,ERR,ERR,ERR,ERR,ERR,ERR,ERR,ERR,ERR,ERR,ERR,ERR,ERR,ERR,ERR,ERR,ERR,ERR,ERR,ERR,ERR,ERR,ERR,ERR,ERR,ERR,ERR,ERR,ERR,ERR,ERR,ERR,ERR,ERR,ERR,ERR,ERR,ERR,ERR,ERR,ERR,ERR,ERR,ERR,ERR,ERR,ERR,ERR,ERR,ERR,ERR,ERR,ERR,ERR,ERR,ERR,ERR,ERR,ERR,ERR,ERR,ERR,ERR,0.0,-0.0,0.0,0.0,0.0,-26528.535,-0.0,-524812928.0,4300,0,8,17169,4300,0.0,41,0.0,0.0,0.0,0.0,-0.0,0,0,0,0,0.0,0,0,0,0,0,0,0,0,0,0,0,0,0,0,0,0,0,0,0,0,0,0,0,0,0,0,0,0,0,0,0,0,0,11,35,35,46,65476,383,65476,1,0,4,21553,0.0,-0.0,0.0,0.0,0.0,0.0,0.0,0.0,0.0,0.0,0.0,0.0,0.0,0.0,0.0,0.0,0.0,0.0,0.0,0.0,0.0,2.004,0.0,-0.0,-2.004,-0.0,0.0,0.0,0.0,0.0,6567.0,-0.0,0.0,0.0,-0.0,0.0,0.0,-0.0,0.0,2.004,2.004,226,-2.30882787541985e+20,-0.0,0.0,0.0,0.0,0.0,0.0,0.0,0.0,0,0,0,-0.0,-1.7550576924738228e+37,0.0,0.0,0.0,-6719526912.0,2.655258874274659e+27,0.0,0.0,-2.9199388420689834e+31,-29859.08,1.0430002519814963e+17,0.0,0.0,0.0,428337088.0,0,1.3516416376850534e+27,226,0.0,452,-621855232.0,-2.2165415544150295e+20,2112,52429,17109,52429,17111,52429,17095,0,0,0,101,100,100,2.7302339554914296e+23,65.6,0.0,66.0,0.0,66.0,1,49,50,180,39322,52429,0,0,0.0,0.0,0.0,60.0,5.422273584384096e+26,71.0,0.0,-0.0,0.0,1069,0,1069,0,0,0,1069,0,1079,0,999,0,660,0,661,0,657,0,675,0.032,1.4536034330083127e+22,-2.004,0.0,24976,16814,5.422273584384096e+26,-0.0,8.134303648628698e+23,-2.1256426768673596e+35,-0.0,-0.0,50.0,60.0,35,0.0,0.0,10.0,2.0,0.0,0.0,0.0,0.0,0.0,0.0,0.0,0.0,0.0,0.0,0.0,0.0,58.8,53,12,65510,27,65476,0,300,0,0,8,20529,65476,0,0,30147,60.0,0.0,10.0,10.0,2.0,0.0
2026-02-16T12:41:04,ERR,ERR,ERR,ERR,ERR,ERR,ERR,ERR,ERR,ERR,ERR,ERR,ERR,ERR,ERR,ERR,ERR,ERR,ERR,ERR,ERR,ERR,ERR,ERR,ERR,ERR,ERR,ERR,ERR,ERR,ERR,ERR,ERR,ERR,ERR,ERR,ERR,ERR,ERR,ERR,ERR,ERR,ERR,ERR,ERR,ERR,ERR,ERR,ERR,ERR,ERR,ERR,ERR,ERR,ERR,ERR,ERR,ERR,ERR,ERR,ERR,ERR,ERR,ERR,ERR,ERR,ERR,ERR,ERR,ERR,ERR,ERR,ERR,ERR,ERR,ERR,ERR,ERR,ERR,ERR,ERR,ERR,ERR,ERR,ERR,ERR,ERR,ERR,ERR,ERR,ERR,ERR,ERR,ERR,ERR,ERR,ERR,ERR,ERR,ERR,ERR,ERR,ERR,ERR,ERR,ERR,ERR,ERR,ERR,ERR,ERR,ERR,ERR,ERR,ERR,ERR,ERR,ERR,ERR,ERR,ERR,ERR,ERR,ERR,ERR,0.0,-0.0,0.0,0.0,0.0,-26528.535,-0.0,-524812928.0,4300,0,8,17169,4300,0.0,41,0.0,0.0,0.0,0.0,-0.0,0,0,0,0,0.0,0,0,0,0,0,0,0,0,0,0,0,0,0,0,0,0,0,0,0,0,0,0,0,0,0,0,0,0,0,0,0,0,0,11,35,35,46,65476,383,65476,1,0,4,21553,0.0,-0.0,0.0,0.0,0.0,0.0,0.0,0.0,0.0,0.0,0.0,0.0,0.0,0.0,0.0,0.0,0.0,0.0,0.0,0.0,0.0,2.004,0.0,-0.0,-2.004,-0.0,0.0,0.0,0.0,0.0,6567.0,-0.0,0.0,0.0,-0.0,0.0,0.0,-0.0,0.0,2.004,2.004,226,-2.30882787541985e+20,-0.0,0.0,0.0,0.0,0.0,0.0,0.0,0.0,0,0,0,-0.0,-1.7550576924738228e+37,0.0,0.0,0.0,-6719526912.0,2.655258874274659e+27,0.0,0.0,-2.9199388420689834e+31,-29859.08,1.0430002519814963e+17,0.0,0.0,0.0,428337088.0,0,1.3516416376850534e+27,226,0.0,452,-621855232.0,-2.2165415544150295e+20,2112,52429,17109,52429,17111,52429,17095,0,0,0,101,100,100,2.7302339554914296e+23,65.6,0.0,66.0,0.0,66.0,1,49,50,180,39322,52429,0,0,0.0,0.0,0.0,60.0,5.422273584384096e+26,71.0,0.0,-0.0,0.0,1069,0,1069,0,0,0,1069,0,1079,0,999,0,660,0,661,0,657,0,675,0.032,1.4536034330083127e+22,-2.004,0.0,24976,16814,5.422273584384096e+26,-0.0,8.134303648628698e+23,-2.1256426768673596e+35,-0.0,-0.0,50.0,60.0,35,0.0,0.0,10.0,2.0,0.0,0.0,0.0,0.0,0.0,0.0,0.0,0.0,0.0,0.0,0.0,0.0,58.8,53,12,65510,27,65476,0,300,0,0,8,20529,65476,0,0,30147,60.0,0.0,10.0,10.0,2.0,0.0
2026-02-16T12:41:05,ERR,ERR,ERR,ERR,ERR,ERR,ERR,ERR,ERR,ERR,ERR,ERR,ERR,ERR,ERR,ERR,ERR,ERR,ERR,ERR,ERR,ERR,ERR,ERR,ERR,ERR,ERR,ERR,ERR,ERR,ERR,ERR,ERR,ERR,ERR,ERR,ERR,ERR,ERR,ERR,ERR,ERR,ERR,ERR,ERR,ERR,ERR,ERR,ERR,ERR,ERR,ERR,ERR,ERR,ERR,ERR,ERR,ERR,ERR,ERR,ERR,ERR,ERR,ERR,ERR,ERR,ERR,ERR,ERR,ERR,ERR,ERR,ERR,ERR,ERR,ERR,ERR,ERR,ERR,ERR,ERR,ERR,ERR,ERR,ERR,ERR,ERR,ERR,ERR,ERR,ERR,ERR,ERR,ERR,ERR,ERR,ERR,ERR,ERR,ERR,ERR,ERR,ERR,ERR,ERR,ERR,ERR,ERR,ERR,ERR,ERR,ERR,ERR,ERR,ERR,ERR,ERR,ERR,ERR,ERR,ERR,ERR,ERR,ERR,ERR,0.0,-0.0,0.0,0.0,0.0,-26528.535,-0.0,-524812928.0,4300,0,8,17169,4300,0.0,41,0.0,0.0,0.0,0.0,-0.0,0,0,0,0,0.0,0,0,0,0,0,0,0,0,0,0,0,0,0,0,0,0,0,0,0,0,0,0,0,0,0,0,0,0,0,0,0,0,0,11,35,35,46,65476,383,65476,1,0,4,21553,0.0,-0.0,0.0,0.0,0.0,0.0,0.0,0.0,0.0,0.0,0.0,0.0,0.0,0.0,0.0,0.0,0.0,0.0,0.0,0.0,0.0,2.004,0.0,-0.0,-2.004,-0.0,0.0,0.0,0.0,0.0,6567.0,-0.0,0.0,0.0,-0.0,0.0,0.0,-0.0,0.0,2.004,2.004,226,-2.30882787541985e+20,-0.0,0.0,0.0,0.0,0.0,0.0,0.0,0.0,0,0,0,-0.0,-1.7550576924738228e+37,0.0,0.0,0.0,-6719526912.0,2.655258874274659e+27,0.0,0.0,-2.9199388420689834e+31,-29859.08,1.0430002519814963e+17,0.0,0.0,0.0,428337088.0,0,1.3516416376850534e+27,226,0.0,452,-621855232.0,-2.2165415544150295e+20,2112,52429,17109,52429,17111,52429,17095,0,0,0,101,100,100,2.7302339554914296e+23,65.6,0.0,66.0,0.0,66.0,1,49,50,180,39322,52429,0,0,0.0,0.0,0.0,60.0,-0.0,71.0,0.0,-0.092,0.0,1068,0,1069,0,0,0,1069,0,1080,0,999,0,660,0,661,0,657,0,675,0.032,1.4609821306377965e+22,-2.004,0.0,34960,16814,-0.0,0.0,0.0,10864.227,1.768706732093784e+35,0.0,50.0,60.0,35,0.0,0.0,10.0,2.0,0.0,0.0,0.0,0.0,0.0,0.0,0.0,0.0,0.0,0.0,0.0,0.0,58.8,53,12,65510,27,65476,0,300,0,0,8,20529,65476,0,0,30147,60.0,0.0,10.0,10.0,2.0,0.0
2026-02-16T12:41:06,ERR,ERR,ERR,ERR,ERR,ERR,ERR,ERR,ERR,ERR,ERR,ERR,ERR,ERR,ERR,ERR,ERR,ERR,ERR,ERR,ERR,ERR,ERR,ERR,ERR,ERR,ERR,ERR,ERR,ERR,ERR,ERR,ERR,ERR,ERR,ERR,ERR,ERR,ERR,ERR,ERR,ERR,ERR,ERR,ERR,ERR,ERR,ERR,ERR,ERR,ERR,ERR,ERR,ERR,ERR,ERR,ERR,ERR,ERR,ERR,ERR,ERR,ERR,ERR,ERR,ERR,ERR,ERR,ERR,ERR,ERR,ERR,ERR,ERR,ERR,ERR,ERR,ERR,ERR,ERR,ERR,ERR,ERR,ERR,ERR,ERR,ERR,ERR,ERR,ERR,ERR,ERR,ERR,ERR,ERR,ERR,ERR,ERR,ERR,ERR,ERR,ERR,ERR,ERR,ERR,ERR,ERR,ERR,ERR,ERR,ERR,ERR,ERR,ERR,ERR,ERR,ERR,ERR,ERR,ERR,ERR,ERR,ERR,ERR,ERR,0.0,-0.0,0.0,0.0,0.0,-1.5759771457608112e+34,-2.1712580099702784e+16,-0.0,4300,0,8,17169,4300,0.0,41,0.0,0.0,0.0,0.0,-0.0,0,0,0,0,0.0,0,0,0,0,0,0,0,0,0,0,0,0,0,0,0,0,0,0,0,0,0,0,0,0,0,0,0,0,0,0,0,0,0,11,35,35,47,65476,385,65476,1,0,4,21553,0.0,0.0,0.0,0.0,0.0,0.0,0.0,0.0,0.0,0.0,0.0,0.0,0.0,0.0,0.0,0.0,0.0,0.0,0.0,0.0,0.0,2.004,2.004,-0.0,-2.004,-0.0,0.0,0.0,0.0,0.0,6563.0,-0.0,0.0,0.0,-0.0,0.0,0.0,0.0,0.0,2.004,2.004,226,-107614776.0,-0.0,0.0,0.0,0.0,0.0,0.0,0.0,0.0,0,0,0,6.818933071199338e+18,-0.0,0.0,-1.7816792080714826e+19,0.0,-106794185654272.0,-0.0,0.024,0.0,-3.110086432103218e+31,-31523.08,1.1105542463920538e+17,0.0,0.0,0.0,0.0,0,1.3516416376850534e+27,226,0.0,452,0.0,-0.0,2112,52429,17109,52429,17111,52429,17095,0,0,0,101,100,100,2.7302339554914296e+23,65.6,0.0,66.0,0.0,66.0,1,49,50,180,39322,52429,0,0,0.0,0.0,0.0,60.0,-0.0,71.0,0.0,-0.092,0.0,1068,0,1069,0,0,0,1069,0,1080,0,999,0,660,0,661,0,657,0,675,0.032,1.4609821306377965e+22,-2.004,0.0,34960,16814,-0.0,0.0,0.0,10864.227,1.768706732093784e+35,0.0,50.0,60.0,35,0.0,0.0,10.0,2.0,0.0,0.0,0.0,0.0,0.0,0.0,0.0,0.0,0.0,0.0,0.0,0.0,58.8,53,12,65510,27,65476,0,300,0,0,8,20529,65476,0,0,30147,60.0,0.0,10.0,10.0,2.0,0.0
2026-02-16T12:41:07,ERR,ERR,ERR,ERR,ERR,ERR,ERR,ERR,ERR,ERR,ERR,ERR,ERR,ERR,ERR,ERR,ERR,ERR,ERR,ERR,ERR,ERR,ERR,ERR,ERR,ERR,ERR,ERR,ERR,ERR,ERR,ERR,ERR,ERR,ERR,ERR,ERR,ERR,ERR,ERR,ERR,ERR,ERR,ERR,ERR,ERR,ERR,ERR,ERR,ERR,ERR,ERR,ERR,ERR,ERR,ERR,ERR,ERR,ERR,ERR,ERR,ERR,ERR,ERR,ERR,ERR,ERR,ERR,ERR,ERR,ERR,ERR,ERR,ERR,ERR,ERR,ERR,ERR,ERR,ERR,ERR,ERR,ERR,ERR,ERR,ERR,ERR,ERR,ERR,ERR,ERR,ERR,ERR,ERR,ERR,ERR,ERR,ERR,ERR,ERR,ERR,ERR,ERR,ERR,ERR,ERR,ERR,ERR,ERR,ERR,ERR,ERR,ERR,ERR,ERR,ERR,ERR,ERR,ERR,ERR,ERR,ERR,ERR,ERR,ERR,0.0,-0.0,0.0,0.0,0.0,-1.5759771457608112e+34,-2.1712580099702784e+16,-0.0,4300,0,8,17169,4300,0.0,41,0.0,0.0,0.0,0.0,-0.0,0,0,0,0,0.0,0,0,0,0,0,0,0,0,0,0,0,0,0,0,0,0,0,0,0,0,0,0,0,0,0,0,0,0,0,0,0,0,0,11,35,35,47,65476,385,65476,1,0,4,21553,0.0,0.0,0.0,0.0,0.0,0.0,0.0,0.0,0.0,0.0,0.0,0.0,0.0,0.0,0.0,0.0,0.0,0.0,0.0,0.0,0.0,2.004,2.004,-0.0,-2.004,-0.0,0.0,0.0,0.0,0.0,6563.0,-0.0,0.0,0.0,-0.0,0.0,0.0,0.0,0.0,2.004,2.004,226,-107614776.0,-0.0,0.0,0.0,0.0,0.0,0.0,0.0,0.0,0,0,0,6.818933071199338e+18,-0.0,0.0,-1.7816792080714826e+19,0.0,-106794185654272.0,-0.0,0.024,0.0,-3.110086432103218e+31,-31523.08,1.1105542463920538e+17,0.0,0.0,0.0,0.0,0,1.3516416376850534e+27,226,0.0,452,0.0,-0.0,2112,52429,17109,52429,17111,52429,17095,0,0,0,101,100,100,2.7302339554914296e+23,65.6,0.0,66.0,0.0,66.0,1,49,50,180,39322,52429,0,0,0.0,0.0,0.0,60.0,-0.0,71.0,0.0,-0.092,0.0,1068,0,1069,0,0,0,1069,0,1080,0,999,0,660,0,661,0,657,0,675,0.032,1.4609821306377965e+22,-2.004,0.0,34960,16814,-0.0,0.0,0.0,10864.227,1.768706732093784e+35,0.0,50.0,60.0,35,0.0,0.0,10.0,2.0,0.0,0.0,0.0,0.0,0.0,0.0,0.0,0.0,0.0,0.0,0.0,0.0,58.8,53,12,65510,27,65476,0,300,0,0,8,20529,65476,0,0,30147,60.0,0.0,10.0,10.0,2.0,0.0
2026-02-16T12:41:08,ERR,ERR,ERR,ERR,ERR,ERR,ERR,ERR,ERR,ERR,ERR,ERR,ERR,ERR,ERR,ERR,ERR,ERR,ERR,ERR,ERR,ERR,ERR,ERR,ERR,ERR,ERR,ERR,ERR,ERR,ERR,ERR,ERR,ERR,ERR,ERR,ERR,ERR,ERR,ERR,ERR,ERR,ERR,ERR,ERR,ERR,ERR,ERR,ERR,ERR,ERR,ERR,ERR,ERR,ERR,ERR,ERR,ERR,ERR,ERR,ERR,ERR,ERR,ERR,ERR,ERR,ERR,ERR,ERR,ERR,ERR,ERR,ERR,ERR,ERR,ERR,ERR,ERR,ERR,ERR,ERR,ERR,ERR,ERR,ERR,ERR,ERR,ERR,ERR,ERR,ERR,ERR,ERR,ERR,ERR,ERR,ERR,ERR,ERR,ERR,ERR,ERR,ERR,ERR,ERR,ERR,ERR,ERR,ERR,ERR,ERR,ERR,ERR,ERR,ERR,ERR,ERR,ERR,ERR,ERR,ERR,ERR,ERR,ERR,ERR,0.0,-0.0,0.0,0.0,0.0,-1.5759771457608112e+34,-2.1712580099702784e+16,-0.0,4300,0,8,17169,4300,0.0,41,0.0,0.0,0.0,0.0,-0.0,0,0,0,0,0.0,0,0,0,0,0,0,0,0,0,0,0,0,0,0,0,0,0,0,0,0,0,0,0,0,0,0,0,0,0,0,0,0,0,11,35,35,47,65476,385,65476,1,0,4,21553,0.0,0.0,0.0,0.0,0.0,0.0,0.0,0.0,0.0,0.0,0.0,0.0,0.0,0.0,0.0,0.0,0.0,0.0,0.0,0.0,0.0,2.004,2.004,-0.0,-2.004,-0.0,0.0,0.0,0.0,0.0,6563.0,-0.0,0.0,0.0,-0.0,0.0,0.0,0.0,0.0,2.004,2.004,226,-107614776.0,-0.0,0.0,0.0,0.0,0.0,0.0,0.0,0.0,0,0,0,6.818933071199338e+18,-0.0,0.0,-1.7816792080714826e+19,0.0,-106794185654272.0,-0.0,0.024,0.0,-3.110086432103218e+31,-31523.08,1.1105542463920538e+17,0.0,0.0,0.0,0.0,0,1.3516416376850534e+27,226,0.0,452,0.0,-0.0,2112,52429,17109,52429,17111,52429,17095,0,0,0,101,100,100,2.7302339554914296e+23,65.6,0.0,66.0,0.0,66.0,1,49,50,180,39322,52429,0,0,0.0,0.0,0.0,60.0,-0.0,71.0,0.0,-0.092,0.0,1068,0,1069,0,0,0,1069,0,1080,0,999,0,660,0,661,0,657,0,675,0.032,1.4609821306377965e+22,-2.004,0.0,34960,16814,-0.0,0.0,0.0,10864.227,1.768706732093784e+35,0.0,50.0,60.0,35,0.0,0.0,10.0,2.0,0.0,0.0,0.0,0.0,0.0,0.0,0.0,0.0,0.0,0.0,0.0,0.0,58.8,53,12,65510,27,65476,0,300,0,0,8,20529,65476,0,0,30147,60.0,0.0,10.0,10.0,2.0,0.0
2026-02-16T12:41:09,ERR,ERR,ERR,ERR,ERR,ERR,ERR,ERR,ERR,ERR,ERR,ERR,ERR,ERR,ERR,ERR,ERR,ERR,ERR,ERR,ERR,ERR,ERR,ERR,ERR,ERR,ERR,ERR,ERR,ERR,ERR,ERR,ERR,ERR,ERR,ERR,ERR,ERR,ERR,ERR,ERR,ERR,ERR,ERR,ERR,ERR,ERR,ERR,ERR,ERR,ERR,ERR,ERR,ERR,ERR,ERR,ERR,ERR,ERR,ERR,ERR,ERR,ERR,ERR,ERR,ERR,ERR,ERR,ERR,ERR,ERR,ERR,ERR,ERR,ERR,ERR,ERR,ERR,ERR,ERR,ERR,ERR,ERR,ERR,ERR,ERR,ERR,ERR,ERR,ERR,ERR,ERR,ERR,ERR,ERR,ERR,ERR,ERR,ERR,ERR,ERR,ERR,ERR,ERR,ERR,ERR,ERR,ERR,ERR,ERR,ERR,ERR,ERR,ERR,ERR,ERR,ERR,ERR,ERR,ERR,ERR,ERR,ERR,ERR,ERR,0.0,-0.0,0.0,0.0,0.0,-1.5759771457608112e+34,-2.1712580099702784e+16,-0.0,4300,0,8,17169,4300,0.0,41,0.0,0.0,0.0,0.0,-0.0,0,0,0,0,0.0,0,0,0,0,0,0,0,0,0,0,0,0,0,0,0,0,0,0,0,0,0,0,0,0,0,0,0,0,0,0,0,0,0,11,35,35,47,65476,385,65476,1,0,4,21553,0.0,0.0,0.0,0.0,0.0,0.0,0.0,0.0,0.0,0.0,0.0,0.0,0.0,0.0,0.0,0.0,0.0,0.0,0.0,0.0,0.0,2.004,2.004,-0.0,-2.004,-0.0,0.0,0.0,0.0,0.0,6563.0,-0.0,0.0,0.0,-0.0,0.0,0.0,0.0,0.0,2.004,2.004,226,-107614776.0,-0.0,0.0,0.0,0.0,0.0,0.0,0.0,0.0,0,0,0,6.818933071199338e+18,-0.0,0.0,-1.7816792080714826e+19,0.0,-106794185654272.0,-0.0,0.024,0.0,-3.110086432103218e+31,-31523.08,1.1105542463920538e+17,0.0,0.0,0.0,0.0,0,1.3516416376850534e+27,226,0.0,452,0.0,-0.0,2112,52429,17109,0,17112,52429,17095,0,0,0,101,100,100,2.7302339554914296e+23,65.6,0.0,66.0,0.0,66.0,1,49,50,180,52429,52429,0,0,0.0,0.0,0.0,60.0,4.4268382991934e+33,71.0,0.0,0.0,0.0,1068,0,1069,0,0,0,1069,0,1079,0,999,0,660,0,661,0,657,0,675,0.032,1.4536034330083127e+22,-2.004,0.0,32912,16814,1.2007704637544632e+36,0.0,-1.3394568649044246e+30,-0.0,1677238075392.0,-4.627380537988879e+37,50.0,60.0,35,0.0,0.0,10.0,2.0,0.0,0.0,0.0,0.0,0.0,0.0,0.0,0.0,0.0,0.0,0.0,0.0,58.8,53,12,65510,27,65476,0,300,0,0,8,20529,65476,0,0,30147,60.0,0.0,10.0,10.0,2.0,0.0
2026-02-16T12:41:10,ERR,ERR,ERR,ERR,ERR,ERR,ERR,ERR,ERR,ERR,ERR,ERR,ERR,ERR,ERR,ERR,ERR,ERR,ERR,ERR,ERR,ERR,ERR,ERR,ERR,ERR,ERR,ERR,ERR,ERR,ERR,ERR,ERR,ERR,ERR,ERR,ERR,ERR,ERR,ERR,ERR,ERR,ERR,ERR,ERR,ERR,ERR,ERR,ERR,ERR,ERR,ERR,ERR,ERR,ERR,ERR,ERR,ERR,ERR,ERR,ERR,ERR,ERR,ERR,ERR,ERR,ERR,ERR,ERR,ERR,ERR,ERR,ERR,ERR,ERR,ERR,ERR,ERR,ERR,ERR,ERR,ERR,ERR,ERR,ERR,ERR,ERR,ERR,ERR,ERR,ERR,ERR,ERR,ERR,ERR,ERR,ERR,ERR,ERR,ERR,ERR,ERR,ERR,ERR,ERR,ERR,ERR,ERR,ERR,ERR,ERR,ERR,ERR,ERR,ERR,ERR,ERR,ERR,ERR,ERR,ERR,ERR,ERR,ERR,ERR,0.0,-0.0,0.0,0.0,0.0,-1.5759771457608112e+34,-2.1712580099702784e+16,-0.0,4300,0,8,17169,4300,0.0,41,0.0,0.0,0.0,0.0,-0.0,0,0,0,0,0.0,0,0,0,0,0,0,0,0,0,0,0,0,0,0,0,0,0,0,0,0,0,0,0,0,0,0,0,0,0,0,0,0,0,11,35,35,47,65476,385,65476,1,0,4,21553,0.0,0.0,0.0,0.0,0.0,0.0,0.0,0.0,0.0,0.0,0.0,0.0,0.0,0.0,0.0,0.0,0.0,0.0,0.0,0.0,0.0,2.004,2.004,-0.0,-2.004,-0.0,0.0,0.0,0.0,0.0,6563.0,-0.0,0.0,0.0,-0.0,0.0,0.0,0.0,0.0,2.004,2.004,226,-107614776.0,-0.0,0.0,0.0,0.0,0.0,0.0,0.0,0.0,0,0,0,6.818933071199338e+18,-0.0,0.0,-1.7816792080714826e+19,0.0,-106794185654272.0,-0.0,0.024,0.0,-3.110086432103218e+31,-31523.08,1.1105542463920538e+17,0.0,0.0,0.0,0.0,0,1.3516416376850534e+27,226,0.0,452,0.0,-0.0,2112,52429,17109,0,17112,52429,17095,0,0,0,101,100,100,2.7302339554914296e+23,65.6,0.0,66.0,0.0,66.0,1,49,50,180,52429,52429,0,0,0.0,0.0,0.0,60.0,4.4268382991934e+33,71.0,0.0,0.0,0.0,1068,0,1069,0,0,0,1069,0,1079,0,999,0,660,0,661,0,657,0,675,0.032,1.4536034330083127e+22,-2.004,0.0,32912,16814,1.2007704637544632e+36,0.0,-1.3394568649044246e+30,-0.0,1677238075392.0,-4.627380537988879e+37,50.0,60.0,35,0.0,0.0,10.0,2.0,0.0,0.0,0.0,0.0,0.0,0.0,0.0,0.0,0.0,0.0,0.0,0.0,58.8,53,12,65510,27,65476,0,300,0,0,8,20529,65476,0,0,30147,60.0,0.0,10.0,10.0,2.0,0.0
2026-02-16T12:41:11,ERR,ERR,ERR,ERR,ERR,ERR,ERR,ERR,ERR,ERR,ERR,ERR,ERR,ERR,ERR,ERR,ERR,ERR,ERR,ERR,ERR,ERR,ERR,ERR,ERR,ERR,ERR,ERR,ERR,ERR,ERR,ERR,ERR,ERR,ERR,ERR,ERR,ERR,ERR,ERR,ERR,ERR,ERR,ERR,ERR,ERR,ERR,ERR,ERR,ERR,ERR,ERR,ERR,ERR,ERR,ERR,ERR,ERR,ERR,ERR,ERR,ERR,ERR,ERR,ERR,ERR,ERR,ERR,ERR,ERR,ERR,ERR,ERR,ERR,ERR,ERR,ERR,ERR,ERR,ERR,ERR,ERR,ERR,ERR,ERR,ERR,ERR,ERR,ERR,ERR,ERR,ERR,ERR,ERR,ERR,ERR,ERR,ERR,ERR,ERR,ERR,ERR,ERR,ERR,ERR,ERR,ERR,ERR,ERR,ERR,ERR,ERR,ERR,ERR,ERR,ERR,ERR,ERR,ERR,ERR,ERR,ERR,ERR,ERR,ERR,0.0,-0.0,0.0,0.0,0.0,-4.845305961670387e+24,-3.395,-0.0,4300,0,8,17169,4300,0.0,41,0.0,0.0,0.0,0.0,-0.0,0,0,0,0,0.0,0,0,0,0,0,0,0,0,0,0,0,0,0,0,0,0,0,0,0,0,0,0,0,0,0,0,0,0,0,0,0,0,0,11,36,36,47,65476,386,65476,1,0,4,21553,0.0,0.0,0.0,0.0,0.0,0.0,0.0,0.0,0.0,0.0,0.0,0.0,0.0,0.0,0.0,0.0,0.0,0.0,0.0,0.0,0.0,2.004,2.004,-0.0,-2.004,-0.0,0.0,0.0,0.0,0.0,6567.0,-0.0,0.0,-107615880.0,-0.0,0.0,0.0,0.0,0.0,2.004,2.004,227,-4.950401131092143e+32,-0.0,0.0,0.0,0.0,0.0,0.0,0.0,0.0,0,0,0,5914418688.0,-0.0,-2.72318552661387e+33,-19170286.0,0.0,-2.8760629974126806e+24,-29161977856.0,-1.0661955668399592e+35,0.0,-3.300234022137452e+31,-33350.16,1.1837377403368243e+17,0.0,0.0,0.0,4.242045052368843e+36,0,1.3516416376850534e+27,228,0.0,456,2.40156025918058e+36,-0.235,2112,52429,17109,0,17112,52429,17095,0,0,0,101,100,100,2.7302339554914296e+23,65.6,0.0,66.0,0.0,66.0,1,49,50,180,52429,52429,0,0,0.0,0.0,0.0,60.0,4.4268382991934e+33,71.0,0.0,0.0,0.0,1068,0,1069,0,0,0,1069,0,1079,0,999,0,660,0,661,0,657,0,675,0.032,1.4536034330083127e+22,-2.004,0.0,32912,16814,1.2007704637544632e+36,0.0,-1.3394568649044246e+30,-0.0,1677238075392.0,-4.627380537988879e+37,50.0,60.0,35,0.0,0.0,10.0,2.0,0.0,0.0,0.0,0.0,0.0,0.0,0.0,0.0,0.0,0.0,0.0,0.0,58.8,53,12,65510,27,65476,0,300,0,0,8,20529,65476,0,0,30147,60.0,0.0,10.0,10.0,2.0,0.0
2026-02-16T12:41:12,ERR,ERR,ERR,ERR,ERR,ERR,ERR,ERR,ERR,ERR,ERR,ERR,ERR,ERR,ERR,ERR,ERR,ERR,ERR,ERR,ERR,ERR,ERR,ERR,ERR,ERR,ERR,ERR,ERR,ERR,ERR,ERR,ERR,ERR,ERR,ERR,ERR,ERR,ERR,ERR,ERR,ERR,ERR,ERR,ERR,ERR,ERR,ERR,ERR,ERR,ERR,ERR,ERR,ERR,ERR,ERR,ERR,ERR,ERR,ERR,ERR,ERR,ERR,ERR,ERR,ERR,ERR,ERR,ERR,ERR,ERR,ERR,ERR,ERR,ERR,ERR,ERR,ERR,ERR,ERR,ERR,ERR,ERR,ERR,ERR,ERR,ERR,ERR,ERR,ERR,ERR,ERR,ERR,ERR,ERR,ERR,ERR,ERR,ERR,ERR,ERR,ERR,ERR,ERR,ERR,ERR,ERR,ERR,ERR,ERR,ERR,ERR,ERR,ERR,ERR,ERR,ERR,ERR,ERR,ERR,ERR,ERR,ERR,ERR,ERR,0.0,-0.0,0.0,0.0,0.0,-4.845305961670387e+24,-3.395,-0.0,4300,0,8,17169,4300,0.0,41,0.0,0.0,0.0,0.0,-0.0,0,0,0,0,0.0,0,0,0,0,0,0,0,0,0,0,0,0,0,0,0,0,0,0,0,0,0,0,0,0,0,0,0,0,0,0,0,0,0,11,36,36,47,65476,386,65476,1,0,4,21553,0.0,0.0,0.0,0.0,0.0,0.0,0.0,0.0,0.0,0.0,0.0,0.0,0.0,0.0,0.0,0.0,0.0,0.0,0.0,0.0,0.0,2.004,2.004,-0.0,-2.004,-0.0,0.0,0.0,0.0,0.0,6567.0,-0.0,0.0,-107615880.0,-0.0,0.0,0.0,0.0,0.0,2.004,2.004,227,-4.950401131092143e+32,-0.0,0.0,0.0,0.0,0.0,0.0,0.0,0.0,0,0,0,5914418688.0,-0.0,-2.72318552661387e+33,-19170286.0,0.0,-2.8760629974126806e+24,-29161977856.0,-1.0661955668399592e+35,0.0,-3.300234022137452e+31,-33350.16,1.1837377403368243e+17,0.0,0.0,0.0,4.242045052368843e+36,0,1.3516416376850534e+27,228,0.0,456,2.40156025918058e+36,-0.235,2112,52429,17109,52429,17111,52429,17095,0,0,0,101,100,100,2.7302339554914296e+23,65.6,0.0,66.0,0.0,66.0,1,49,50,180,39322,52429,0,0,0.0,0.0,0.0,60.0,1.2385452372220859e+33,71.0,0.0,-0.0,0.0,1068,0,1069,0,0,0,1069,0,1079,0,999,0,660,0,661,0,657,0,676,0.032,1.4536034330083127e+22,0.0,0.0,17296,16814,1.2385452372220859e+33,-0.0,5.74300739720425e+19,-0.0,-1705036672.0,2.100509590683648e+16,50.0,60.0,35,0.0,0.0,10.0,2.0,0.0,0.0,0.0,0.0,0.0,0.0,0.0,0.0,0.0,0.0,0.0,0.0,58.8,53,12,65510,27,65476,0,300,0,0,8,20529,65476,0,0,30147,60.0,0.0,10.0,10.0,2.0,0.0
2026-02-16T12:41:13,ERR,ERR,ERR,ERR,ERR,ERR,ERR,ERR,ERR,ERR,ERR,ERR,ERR,ERR,ERR,ERR,ERR,ERR,ERR,ERR,ERR,ERR,ERR,ERR,ERR,ERR,ERR,ERR,ERR,ERR,ERR,ERR,ERR,ERR,ERR,ERR,ERR,ERR,ERR,ERR,ERR,ERR,ERR,ERR,ERR,ERR,ERR,ERR,ERR,ERR,ERR,ERR,ERR,ERR,ERR,ERR,ERR,ERR,ERR,ERR,ERR,ERR,ERR,ERR,ERR,ERR,ERR,ERR,ERR,ERR,ERR,ERR,ERR,ERR,ERR,ERR,ERR,ERR,ERR,ERR,ERR,ERR,ERR,ERR,ERR,ERR,ERR,ERR,ERR,ERR,ERR,ERR,ERR,ERR,ERR,ERR,ERR,ERR,ERR,ERR,ERR,ERR,ERR,ERR,ERR,ERR,ERR,ERR,ERR,ERR,ERR,ERR,ERR,ERR,ERR,ERR,ERR,ERR,ERR,ERR,ERR,ERR,ERR,ERR,ERR,0.0,-0.0,0.0,0.0,0.0,-4.845305961670387e+24,-3.395,-0.0,4300,0,8,17169,4300,0.0,41,0.0,0.0,0.0,0.0,-0.0,0,0,0,0,0.0,0,0,0,0,0,0,0,0,0,0,0,0,0,0,0,0,0,0,0,0,0,0,0,0,0,0,0,0,0,0,0,0,0,11,36,36,47,65476,386,65476,1,0,4,21553,0.0,0.0,0.0,0.0,0.0,0.0,0.0,0.0,0.0,0.0,0.0,0.0,0.0,0.0,0.0,0.0,0.0,0.0,0.0,0.0,0.0,2.004,2.004,-0.0,-2.004,-0.0,0.0,0.0,0.0,0.0,6567.0,-0.0,0.0,-107615880.0,-0.0,0.0,0.0,0.0,0.0,2.004,2.004,227,-4.950401131092143e+32,-0.0,0.0,0.0,0.0,0.0,0.0,0.0,0.0,0,0,0,5914418688.0,-0.0,-2.72318552661387e+33,-19170286.0,0.0,-2.8760629974126806e+24,-29161977856.0,-1.0661955668399592e+35,0.0,-3.300234022137452e+31,-33350.16,1.1837377403368243e+17,0.0,0.0,0.0,4.242045052368843e+36,0,1.3516416376850534e+27,228,0.0,456,2.40156025918058e+36,-0.235,2112,52429,17109,52429,17111,52429,17095,0,0,0,101,100,100,2.7302339554914296e+23,65.6,0.0,66.0,0.0,66.0,1,49,50,180,39322,52429,0,0,0.0,0.0,0.0,60.0,1.2385452372220859e+33,71.0,0.0,-0.0,0.0,1068,0,1069,0,0,0,1069,0,1079,0,999,0,660,0,661,0,657,0,676,0.032,1.4536034330083127e+22,0.0,0.0,17296,16814,1.2385452372220859e+33,-0.0,5.74300739720425e+19,-0.0,-1705036672.0,2.100509590683648e+16,50.0,60.0,35,0.0,0.0,10.0,2.0,0.0,0.0,0.0,0.0,0.0,0.0,0.0,0.0,0.0,0.0,0.0,0.0,58.8,53,12,65510,27,65476,0,300,0,0,8,20529,65476,0,0,30147,60.0,0.0,10.0,10.0,2.0,0.0
2026-02-16T12:41:14,ERR,ERR,ERR,ERR,ERR,ERR,ERR,ERR,ERR,ERR,ERR,ERR,ERR,ERR,ERR,ERR,ERR,ERR,ERR,ERR,ERR,ERR,ERR,ERR,ERR,ERR,ERR,ERR,ERR,ERR,ERR,ERR,ERR,ERR,ERR,ERR,ERR,ERR,ERR,ERR,ERR,ERR,ERR,ERR,ERR,ERR,ERR,ERR,ERR,ERR,ERR,ERR,ERR,ERR,ERR,ERR,ERR,ERR,ERR,ERR,ERR,ERR,ERR,ERR,ERR,ERR,ERR,ERR,ERR,ERR,ERR,ERR,ERR,ERR,ERR,ERR,ERR,ERR,ERR,ERR,ERR,ERR,ERR,ERR,ERR,ERR,ERR,ERR,ERR,ERR,ERR,ERR,ERR,ERR,ERR,ERR,ERR,ERR,ERR,ERR,ERR,ERR,ERR,ERR,ERR,ERR,ERR,ERR,ERR,ERR,ERR,ERR,ERR,ERR,ERR,ERR,ERR,ERR,ERR,ERR,ERR,ERR,ERR,ERR,ERR,0.0,-0.0,0.0,0.0,0.0,-4.845305961670387e+24,-3.395,-0.0,4300,0,8,17169,4300,0.0,41,0.0,0.0,0.0,0.0,-0.0,0,0,0,0,0.0,0,0,0,0,0,0,0,0,0,0,0,0,0,0,0,0,0,0,0,0,0,0,0,0,0,0,0,0,0,0,0,0,0,11,36,36,47,65476,386,65476,1,0,4,21553,0.0,0.0,0.0,0.0,0.0,0.0,0.0,0.0,0.0,0.0,0.0,0.0,0.0,0.0,0.0,0.0,0.0,0.0,0.0,0.0,0.0,2.004,2.004,-0.0,-2.004,-0.0,0.0,0.0,0.0,0.0,6567.0,-0.0,0.0,-107615880.0,-0.0,0.0,0.0,0.0,0.0,2.004,2.004,227,-4.950401131092143e+32,-0.0,0.0,0.0,0.0,0.0,0.0,0.0,0.0,0,0,0,5914418688.0,-0.0,-2.72318552661387e+33,-19170286.0,0.0,-2.8760629974126806e+24,-29161977856.0,-1.0661955668399592e+35,0.0,-3.300234022137452e+31,-33350.16,1.1837377403368243e+17,0.0,0.0,0.0,4.242045052368843e+36,0,1.3516416376850534e+27,228,0.0,456,2.40156025918058e+36,-0.235,2112,52429,17109,52429,17111,52429,17095,0,0,0,101,100,100,2.7302339554914296e+23,65.6,0.0,66.0,0.0,66.0,1,49,50,180,39322,52429,0,0,0.0,0.0,0.0,60.0,1.2385452372220859e+33,71.0,0.0,-0.0,0.0,1068,0,1069,0,0,0,1069,0,1079,0,999,0,660,0,661,0,657,0,676,0.032,1.4536034330083127e+22,0.0,0.0,17296,16814,1.2385452372220859e+33,-0.0,5.74300739720425e+19,-0.0,-1705036672.0,2.100509590683648e+16,50.0,60.0,35,0.0,0.0,10.0,2.0,0.0,0.0,0.0,0.0,0.0,0.0,0.0,0.0,0.0,0.0,0.0,0.0,59.2,53,12,65510,27,65476,0,300,0,0,8,20529,65476,0,0,30147,60.0,0.0,10.0,10.0,2.0,0.0
2026-02-16T12:41:15,ERR,ERR,ERR,ERR,ERR,ERR,ERR,ERR,ERR,ERR,ERR,ERR,ERR,ERR,ERR,ERR,ERR,ERR,ERR,ERR,ERR,ERR,ERR,ERR,ERR,ERR,ERR,ERR,ERR,ERR,ERR,ERR,ERR,ERR,ERR,ERR,ERR,ERR,ERR,ERR,ERR,ERR,ERR,ERR,ERR,ERR,ERR,ERR,ERR,ERR,ERR,ERR,ERR,ERR,ERR,ERR,ERR,ERR,ERR,ERR,ERR,ERR,ERR,ERR,ERR,ERR,ERR,ERR,ERR,ERR,ERR,ERR,ERR,ERR,ERR,ERR,ERR,ERR,ERR,ERR,ERR,ERR,ERR,ERR,ERR,ERR,ERR,ERR,ERR,ERR,ERR,ERR,ERR,ERR,ERR,ERR,ERR,ERR,ERR,ERR,ERR,ERR,ERR,ERR,ERR,ERR,ERR,ERR,ERR,ERR,ERR,ERR,ERR,ERR,ERR,ERR,ERR,ERR,ERR,ERR,ERR,ERR,ERR,ERR,ERR,0.0,-0.0,0.0,0.0,0.0,-4.845305961670387e+24,-3.395,-0.0,4300,0,8,17169,4300,0.0,41,0.0,0.0,0.0,0.0,-0.0,0,0,0,0,0.0,0,0,0,0,0,0,0,0,0,0,0,0,0,0,0,0,0,0,0,0,0,0,0,0,0,0,0,0,0,0,0,0,0,11,36,36,47,65476,386,65476,1,0,4,21553,0.0,0.0,0.0,0.0,0.0,0.0,0.0,0.0,0.0,0.0,0.0,0.0,0.0,0.0,0.0,0.0,0.0,0.0,0.0,0.0,0.0,2.004,2.004,-0.0,-2.004,-0.0,0.0,0.0,0.0,0.0,6567.0,-0.0,0.0,-107615880.0,-0.0,0.0,0.0,0.0,0.0,2.004,2.004,227,-4.950401131092143e+32,-0.0,0.0,0.0,0.0,0.0,0.0,0.0,0.0,0,0,0,5914418688.0,-0.0,-2.72318552661387e+33,-19170286.0,0.0,-2.8760629974126806e+24,-29161977856.0,-1.0661955668399592e+35,0.0,-3.300234022137452e+31,-33350.16,1.1837377403368243e+17,0.0,0.0,0.0,4.242045052368843e+36,0,1.3516416376850534e+27,228,0.0,456,2.40156025918058e+36,-0.235,2112,52429,17109,52429,17111,52429,17095,0,0,0,101,100,100,2.7302339554914296e+23,65.6,0.0,66.0,0.0,66.0,1,49,50,180,39322,52429,0,0,0.0,0.0,0.0,60.0,1.6341599156053048e+31,71.0,0.0,9.15380401202004e+17,0.0,1068,0,1069,0,0,0,1069,0,1079,0,999,0,660,0,661,0,657,0,676,0.032,1.4536034330083127e+22,-2.004,0.0,32144,16814,5.126167076142602e+37,5.166681664928717e+19,0.0,-2.4269611948551783e+26,-0.0,0.0,50.0,60.0,35,0.0,0.0,10.0,2.0,0.0,0.0,0.0,0.0,0.0,0.0,0.0,0.0,0.0,0.0,0.0,0.0,59.2,53,12,65510,27,65476,0,300,0,0,8,20529,65476,0,0,30147,60.0,0.0,10.0,10.0,2.0,0.0
2026-02-16T12:41:16,ERR,ERR,ERR,ERR,ERR,ERR,ERR,ERR,ERR,ERR,ERR,ERR,ERR,ERR,ERR,ERR,ERR,ERR,ERR,ERR,ERR,ERR,ERR,ERR,ERR,ERR,ERR,ERR,ERR,ERR,ERR,ERR,ERR,ERR,ERR,ERR,ERR,ERR,ERR,ERR,ERR,ERR,ERR,ERR,ERR,ERR,ERR,ERR,ERR,ERR,ERR,ERR,ERR,ERR,ERR,ERR,ERR,ERR,ERR,ERR,ERR,ERR,ERR,ERR,ERR,ERR,ERR,ERR,ERR,ERR,ERR,ERR,ERR,ERR,ERR,ERR,ERR,ERR,ERR,ERR,ERR,ERR,ERR,ERR,ERR,ERR,ERR,ERR,ERR,ERR,ERR,ERR,ERR,ERR,ERR,ERR,ERR,ERR,ERR,ERR,ERR,ERR,ERR,ERR,ERR,ERR,ERR,ERR,ERR,ERR,ERR,ERR,ERR,ERR,ERR,ERR,ERR,ERR,ERR,ERR,ERR,ERR,ERR,ERR,ERR,0.0,-0.0,0.0,0.0,0.0,1.3310756844284913e+33,-0.0,0.0,4300,0,8,17169,4300,0.0,41,0.0,0.0,0.0,0.0,-0.0,0,0,0,0,0.0,0,0,0,0,0,0,0,0,0,0,0,0,0,0,0,0,0,0,0,0,0,0,0,0,0,0,0,0,0,0,0,0,0,11,36,36,47,65476,377,65476,1,0,4,21553,0.0,-0.0,0.0,0.0,0.0,0.0,0.0,0.0,0.0,0.0,0.0,0.0,0.0,0.0,0.0,0.0,0.0,0.0,0.0,0.0,0.0,2.004,2.004,-0.0,-2.004,-0.0,0.0,0.0,0.0,0.0,6563.0,-0.0,0.0,0.0,-0.0,0.0,0.0,0.0,0.0,2.004,2.004,227,-107614776.0,-0.0,0.0,0.0,0.0,0.0,0.0,0.0,0.0,0,0,0,4.519558078606888e+24,0.206,0.0,18208.984,0.0,-0.0,-0.0,-0.0,-0.0,-3.5062272446745395e+31,-36422.16,1.2456622352131686e+17,0.0,0.0,0.0,0.0,0,1.3516416376850534e+27,227,0.0,454,0.0,-0.0,2112,52429,17109,52429,17111,52429,17095,0,0,0,101,100,100,2.7302339554914296e+23,65.6,0.0,66.0,0.0,66.0,1,49,50,180,39322,52429,0,0,0.0,0.0,0.0,60.0,1.6341599156053048e+31,71.0,0.0,9.15380401202004e+17,0.0,1068,0,1069,0,0,0,1069,0,1079,0,999,0,660,0,661,0,657,0,676,0.032,1.4536034330083127e+22,-2.004,0.0,32144,16814,5.126167076142602e+37,5.166681664928717e+19,0.0,-2.4269611948551783e+26,-0.0,0.0,50.0,60.0,35,0.0,0.0,10.0,2.0,0.0,0.0,0.0,0.0,0.0,0.0,0.0,0.0,0.0,0.0,0.0,0.0,59.2,53,12,65510,27,65476,0,300,0,0,8,20529,65476,0,0,30147,60.0,0.0,10.0,10.0,2.0,0.0
2026-02-16T12:41:17,ERR,ERR,ERR,ERR,ERR,ERR,ERR,ERR,ERR,ERR,ERR,ERR,ERR,ERR,ERR,ERR,ERR,ERR,ERR,ERR,ERR,ERR,ERR,ERR,ERR,ERR,ERR,ERR,ERR,ERR,ERR,ERR,ERR,ERR,ERR,ERR,ERR,ERR,ERR,ERR,ERR,ERR,ERR,ERR,ERR,ERR,ERR,ERR,ERR,ERR,ERR,ERR,ERR,ERR,ERR,ERR,ERR,ERR,ERR,ERR,ERR,ERR,ERR,ERR,ERR,ERR,ERR,ERR,ERR,ERR,ERR,ERR,ERR,ERR,ERR,ERR,ERR,ERR,ERR,ERR,ERR,ERR,ERR,ERR,ERR,ERR,ERR,ERR,ERR,ERR,ERR,ERR,ERR,ERR,ERR,ERR,ERR,ERR,ERR,ERR,ERR,ERR,ERR,ERR,ERR,ERR,ERR,ERR,ERR,ERR,ERR,ERR,ERR,ERR,ERR,ERR,ERR,ERR,ERR,ERR,ERR,ERR,ERR,ERR,ERR,0.0,-0.0,0.0,0.0,0.0,1.3310756844284913e+33,-0.0,0.0,4300,0,8,17169,4300,0.0,41,0.0,0.0,0.0,0.0,-0.0,0,0,0,0,0.0,0,0,0,0,0,0,0,0,0,0,0,0,0,0,0,0,0,0,0,0,0,0,0,0,0,0,0,0,0,0,0,0,0,11,36,36,47,65476,377,65476,1,0,4,21553,0.0,-0.0,0.0,0.0,0.0,0.0,0.0,0.0,0.0,0.0,0.0,0.0,0.0,0.0,0.0,0.0,0.0,0.0,0.0,0.0,0.0,2.004,2.004,-0.0,-2.004,-0.0,0.0,0.0,0.0,0.0,6563.0,-0.0,0.0,0.0,-0.0,0.0,0.0,0.0,0.0,2.004,2.004,227,-107614776.0,-0.0,0.0,0.0,0.0,0.0,0.0,0.0,0.0,0,0,0,4.519558078606888e+24,0.206,0.0,18208.984,0.0,-0.0,-0.0,-0.0,-0.0,-3.5062272446745395e+31,-36422.16,1.2456622352131686e+17,0.0,0.0,0.0,0.0,0,1.3516416376850534e+27,227,0.0,454,0.0,-0.0,2112,52429,17109,52429,17111,52429,17095,0,0,0,101,100,100,2.7302339554914296e+23,65.6,0.0,66.0,0.0,66.0,1,49,50,180,39322,52429,0,0,0.0,0.0,0.0,60.0,1.6341599156053048e+31,71.0,0.0,9.15380401202004e+17,0.0,1068,0,1069,0,0,0,1069,0,1079,0,999,0,660,0,661,0,657,0,676,0.032,1.4536034330083127e+22,-2.004,0.0,32144,16814,5.126167076142602e+37,5.166681664928717e+19,0.0,-2.4269611948551783e+26,-0.0,0.0,50.0,60.0,35,0.0,0.0,10.0,2.0,0.0,0.0,0.0,0.0,0.0,0.0,0.0,0.0,0.0,0.0,0.0,0.0,59.2,53,12,65510,27,65476,0,300,0,0,8,20529,65476,0,0,30147,60.0,0.0,10.0,10.0,2.0,0.0
2026-02-16T12:41:18,ERR,ERR,ERR,ERR,ERR,ERR,ERR,ERR,ERR,ERR,ERR,ERR,ERR,ERR,ERR,ERR,ERR,ERR,ERR,ERR,ERR,ERR,ERR,ERR,ERR,ERR,ERR,ERR,ERR,ERR,ERR,ERR,ERR,ERR,ERR,ERR,ERR,ERR,ERR,ERR,ERR,ERR,ERR,ERR,ERR,ERR,ERR,ERR,ERR,ERR,ERR,ERR,ERR,ERR,ERR,ERR,ERR,ERR,ERR,ERR,ERR,ERR,ERR,ERR,ERR,ERR,ERR,ERR,ERR,ERR,ERR,ERR,ERR,ERR,ERR,ERR,ERR,ERR,ERR,ERR,ERR,ERR,ERR,ERR,ERR,ERR,ERR,ERR,ERR,ERR,ERR,ERR,ERR,ERR,ERR,ERR,ERR,ERR,ERR,ERR,ERR,ERR,ERR,ERR,ERR,ERR,ERR,ERR,ERR,ERR,ERR,ERR,ERR,ERR,ERR,ERR,ERR,ERR,ERR,ERR,ERR,ERR,ERR,ERR,ERR,0.0,-0.0,0.0,0.0,0.0,1.3310756844284913e+33,-0.0,0.0,4300,0,8,17169,4300,0.0,41,0.0,0.0,0.0,0.0,-0.0,0,0,0,0,0.0,0,0,0,0,0,0,0,0,0,0,0,0,0,0,0,0,0,0,0,0,0,0,0,0,0,0,0,0,0,0,0,0,0,11,36,36,47,65476,377,65476,1,0,4,21553,0.0,-0.0,0.0,0.0,0.0,0.0,0.0,0.0,0.0,0.0,0.0,0.0,0.0,0.0,0.0,0.0,0.0,0.0,0.0,0.0,0.0,2.004,2.004,-0.0,-2.004,-0.0,0.0,0.0,0.0,0.0,6563.0,-0.0,0.0,0.0,-0.0,0.0,0.0,0.0,0.0,2.004,2.004,227,-107614776.0,-0.0,0.0,0.0,0.0,0.0,0.0,0.0,0.0,0,0,0,4.519558078606888e+24,0.206,0.0,18208.984,0.0,-0.0,-0.0,-0.0,-0.0,-3.5062272446745395e+31,-36422.16,1.2456622352131686e+17,0.0,0.0,0.0,0.0,0,1.3516416376850534e+27,227,0.0,454,0.0,-0.0,2112,52429,17109,52429,17111,52429,17095,0,0,0,101,100,100,2.7302339554914296e+23,65.6,0.0,66.0,0.0,66.0,1,49,50,180,39322,52429,0,0,0.0,0.0,0.0,60.0,1.6341599156053048e+31,71.0,0.0,9.15380401202004e+17,0.0,1068,0,1069,0,0,0,1069,0,1079,0,999,0,660,0,661,0,657,0,676,0.032,1.4536034330083127e+22,-2.004,0.0,32144,16814,5.126167076142602e+37,5.166681664928717e+19,0.0,-2.4269611948551783e+26,-0.0,0.0,50.0,60.0,35,0.0,0.0,10.0,2.0,0.0,0.0,0.0,0.0,0.0,0.0,0.0,0.0,0.0,0.0,0.0,0.0,58.8,53,12,65510,27,65476,0,300,0,0,8,20529,65476,0,0,30147,60.0,0.0,10.0,10.0,2.0,0.0
2026-02-16T12:41:19,ERR,ERR,ERR,ERR,ERR,ERR,ERR,ERR,ERR,ERR,ERR,ERR,ERR,ERR,ERR,ERR,ERR,ERR,ERR,ERR,ERR,ERR,ERR,ERR,ERR,ERR,ERR,ERR,ERR,ERR,ERR,ERR,ERR,ERR,ERR,ERR,ERR,ERR,ERR,ERR,ERR,ERR,ERR,ERR,ERR,ERR,ERR,ERR,ERR,ERR,ERR,ERR,ERR,ERR,ERR,ERR,ERR,ERR,ERR,ERR,ERR,ERR,ERR,ERR,ERR,ERR,ERR,ERR,ERR,ERR,ERR,ERR,ERR,ERR,ERR,ERR,ERR,ERR,ERR,ERR,ERR,ERR,ERR,ERR,ERR,ERR,ERR,ERR,ERR,ERR,ERR,ERR,ERR,ERR,ERR,ERR,ERR,ERR,ERR,ERR,ERR,ERR,ERR,ERR,ERR,ERR,ERR,ERR,ERR,ERR,ERR,ERR,ERR,ERR,ERR,ERR,ERR,ERR,ERR,ERR,ERR,ERR,ERR,ERR,ERR,0.0,-0.0,0.0,0.0,0.0,1.3310756844284913e+33,-0.0,0.0,4300,0,8,17169,4300,0.0,41,0.0,0.0,0.0,0.0,-0.0,0,0,0,0,0.0,0,0,0,0,0,0,0,0,0,0,0,0,0,0,0,0,0,0,0,0,0,0,0,0,0,0,0,0,0,0,0,0,0,11,36,36,47,65476,377,65476,1,0,4,21553,0.0,-0.0,0.0,0.0,0.0,0.0,0.0,0.0,0.0,0.0,0.0,0.0,0.0,0.0,0.0,0.0,0.0,0.0,0.0,0.0,0.0,2.004,2.004,-0.0,-2.004,-0.0,0.0,0.0,0.0,0.0,6563.0,-0.0,0.0,0.0,-0.0,0.0,0.0,0.0,0.0,2.004,2.004,227,-107614776.0,-0.0,0.0,0.0,0.0,0.0,0.0,0.0,0.0,0,0,0,4.519558078606888e+24,0.206,0.0,18208.984,0.0,-0.0,-0.0,-0.0,-0.0,-3.5062272446745395e+31,-36422.16,1.2456622352131686e+17,0.0,0.0,0.0,0.0,0,1.3516416376850534e+27,227,0.0,454,0.0,-0.0,2112,52429,17109,52429,17111,52429,17095,0,0,0,101,100,100,2.7302339554914296e+23,65.7,2.7302341356354147e+23,66.0,0.0,66.0,1,49,50,180,52429,52429,0,0,0.0,0.0,0.0,60.0,3.6067189616448416e+32,71.0,0.0,-5.556314689188461e+22,0.0,1068,0,1069,0,0,0,1069,0,1079,0,999,0,660,0,661,0,657,0,675,0.032,1.4462247353788288e+22,0.0,0.0,35472,16814,4.28385216916437e+36,-5.556314689188461e+22,-7602112036864.0,-8.474136314346817e+20,0.0,-1.6321698972256572e+23,50.0,60.0,35,0.0,0.0,10.0,2.0,0.0,0.0,0.0,0.0,0.0,0.0,0.0,0.0,0.0,0.0,0.0,0.0,59.2,53,12,65510,27,65476,0,300,0,0,8,20529,65476,0,0,30147,60.0,0.0,10.0,10.0,2.0,0.0
2026-02-16T12:41:20,ERR,ERR,ERR,ERR,ERR,ERR,ERR,ERR,ERR,ERR,ERR,ERR,ERR,ERR,ERR,ERR,ERR,ERR,ERR,ERR,ERR,ERR,ERR,ERR,ERR,ERR,ERR,ERR,ERR,ERR,ERR,ERR,ERR,ERR,ERR,ERR,ERR,ERR,ERR,ERR,ERR,ERR,ERR,ERR,ERR,ERR,ERR,ERR,ERR,ERR,ERR,ERR,ERR,ERR,ERR,ERR,ERR,ERR,ERR,ERR,ERR,ERR,ERR,ERR,ERR,ERR,ERR,ERR,ERR,ERR,ERR,ERR,ERR,ERR,ERR,ERR,ERR,ERR,ERR,ERR,ERR,ERR,ERR,ERR,ERR,ERR,ERR,ERR,ERR,ERR,ERR,ERR,ERR,ERR,ERR,ERR,ERR,ERR,ERR,ERR,ERR,ERR,ERR,ERR,ERR,ERR,ERR,ERR,ERR,ERR,ERR,ERR,ERR,ERR,ERR,ERR,ERR,ERR,ERR,ERR,ERR,ERR,ERR,ERR,ERR,0.0,-0.0,0.0,0.0,0.0,0.0,0.0,3.49927932841393e+24,4300,0,8,17169,4300,0.0,41,0.0,0.0,0.0,0.0,-0.0,0,0,0,0,0.0,0,0,0,0,0,0,0,0,0,0,0,0,0,0,0,0,0,0,0,0,0,0,0,0,0,0,0,0,0,0,0,0,0,11,36,36,47,65476,385,65476,1,0,4,21553,0.0,-0.0,0.0,0.0,0.0,0.0,0.0,0.0,0.0,0.0,0.0,0.0,0.0,0.0,0.0,0.0,0.0,0.0,0.0,0.0,0.0,2.004,2.004,-0.0,-2.004,-3.69707618246192e+19,0.0,0.0,0.0,0.0,6563.0,-3.697207684052602e+19,0.0,0.0,-0.0,0.0,2.7184509175703625e+23,0.0,0.0,2.004,2.004,227,-107614776.0,-71.63,0.0,0.0,0.0,0.0,0.0,0.0,0.0,0,0,0,218252427264.0,0.0,-2.5639933622888646e+32,2.73528763846823e+26,0.0,6.545484140408214e+24,-225.274,1.2194870711326463e+30,3.20415453886873e+36,-3.696374834708774e+31,-39494.16,1.3188457291579392e+17,0.0,0.0,0.0,1441.976,0,1.3516416376850534e+27,227,0.0,454,-74360974999552.0,4.538271724008914e+24,2112,52429,17109,52429,17111,52429,17095,0,0,0,101,100,100,2.7302339554914296e+23,65.7,2.7302341356354147e+23,66.0,0.0,66.0,1,49,50,180,52429,52429,0,0,0.0,0.0,0.0,60.0,3.6067189616448416e+32,71.0,0.0,-5.556314689188461e+22,0.0,1068,0,1069,0,0,0,1069,0,1079,0,999,0,660,0,661,0,657,0,675,0.032,1.4462247353788288e+22,0.0,0.0,35472,16814,4.28385216916437e+36,-5.556314689188461e+22,-7602112036864.0,-8.474136314346817e+20,0.0,-1.6321698972256572e+23,50.0,60.0,35,0.0,0.0,10.0,2.0,0.0,0.0,0.0,0.0,0.0,0.0,0.0,0.0,0.0,0.0,0.0,0.0,59.2,53,12,65510,27,65476,0,300,0,0,8,20529,65476,0,0,30147,60.0,0.0,10.0,10.0,2.0,0.0
2026-02-16T12:41:21,ERR,ERR,ERR,ERR,ERR,ERR,ERR,ERR,ERR,ERR,ERR,ERR,ERR,ERR,ERR,ERR,ERR,ERR,ERR,ERR,ERR,ERR,ERR,ERR,ERR,ERR,ERR,ERR,ERR,ERR,ERR,ERR,ERR,ERR,ERR,ERR,ERR,ERR,ERR,ERR,ERR,ERR,ERR,ERR,ERR,ERR,ERR,ERR,ERR,ERR,ERR,ERR,ERR,ERR,ERR,ERR,ERR,ERR,ERR,ERR,ERR,ERR,ERR,ERR,ERR,ERR,ERR,ERR,ERR,ERR,ERR,ERR,ERR,ERR,ERR,ERR,ERR,ERR,ERR,ERR,ERR,ERR,ERR,ERR,ERR,ERR,ERR,ERR,ERR,ERR,ERR,ERR,ERR,ERR,ERR,ERR,ERR,ERR,ERR,ERR,ERR,ERR,ERR,ERR,ERR,ERR,ERR,ERR,ERR,ERR,ERR,ERR,ERR,ERR,ERR,ERR,ERR,ERR,ERR,ERR,ERR,ERR,ERR,ERR,ERR,0.0,-0.0,0.0,0.0,0.0,0.0,0.0,3.49927932841393e+24,4300,0,8,17169,4300,0.0,41,0.0,0.0,0.0,0.0,-0.0,0,0,0,0,0.0,0,0,0,0,0,0,0,0,0,0,0,0,0,0,0,0,0,0,0,0,0,0,0,0,0,0,0,0,0,0,0,0,0,11,36,36,47,65476,385,65476,1,0,4,21553,0.0,-0.0,0.0,0.0,0.0,0.0,0.0,0.0,0.0,0.0,0.0,0.0,0.0,0.0,0.0,0.0,0.0,0.0,0.0,0.0,0.0,2.004,2.004,-0.0,-2.004,-3.69707618246192e+19,0.0,0.0,0.0,0.0,6563.0,-3.697207684052602e+19,0.0,0.0,-0.0,0.0,2.7184509175703625e+23,0.0,0.0,2.004,2.004,227,-107614776.0,-71.63,0.0,0.0,0.0,0.0,0.0,0.0,0.0,0,0,0,218252427264.0,0.0,-2.5639933622888646e+32,2.73528763846823e+26,0.0,6.545484140408214e+24,-225.274,1.2194870711326463e+30,3.20415453886873e+36,-3.696374834708774e+31,-39494.16,1.3188457291579392e+17,0.0,0.0,0.0,1441.976,0,1.3516416376850534e+27,227,0.0,454,-74360974999552.0,4.538271724008914e+24,2112,52429,17109,52429,17111,52429,17095,0,0,0,101,100,100,2.7302339554914296e+23,65.7,2.7302341356354147e+23,66.0,0.0,66.0,1,49,50,180,52429,52429,0,0,0.0,0.0,0.0,60.0,3.6067189616448416e+32,71.0,0.0,-5.556314689188461e+22,0.0,1068,0,1069,0,0,0,1069,0,1079,0,999,0,660,0,661,0,657,0,675,0.032,1.4462247353788288e+22,0.0,0.0,35472,16814,4.28385216916437e+36,-5.556314689188461e+22,-7602112036864.0,-8.474136314346817e+20,0.0,-1.6321698972256572e+23,50.0,60.0,35,0.0,0.0,10.0,2.0,0.0,0.0,0.0,0.0,0.0,0.0,0.0,0.0,0.0,0.0,0.0,0.0,58.8,53,12,65510,27,65476,0,300,0,0,8,20529,65476,0,0,30147,60.0,0.0,10.0,10.0,2.0,0.0
2026-02-16T12:41:22,ERR,ERR,ERR,ERR,ERR,ERR,ERR,ERR,ERR,ERR,ERR,ERR,ERR,ERR,ERR,ERR,ERR,ERR,ERR,ERR,ERR,ERR,ERR,ERR,ERR,ERR,ERR,ERR,ERR,ERR,ERR,ERR,ERR,ERR,ERR,ERR,ERR,ERR,ERR,ERR,ERR,ERR,ERR,ERR,ERR,ERR,ERR,ERR,ERR,ERR,ERR,ERR,ERR,ERR,ERR,ERR,ERR,ERR,ERR,ERR,ERR,ERR,ERR,ERR,ERR,ERR,ERR,ERR,ERR,ERR,ERR,ERR,ERR,ERR,ERR,ERR,ERR,ERR,ERR,ERR,ERR,ERR,ERR,ERR,ERR,ERR,ERR,ERR,ERR,ERR,ERR,ERR,ERR,ERR,ERR,ERR,ERR,ERR,ERR,ERR,ERR,ERR,ERR,ERR,ERR,ERR,ERR,ERR,ERR,ERR,ERR,ERR,ERR,ERR,ERR,ERR,ERR,ERR,ERR,ERR,ERR,ERR,ERR,ERR,ERR,0.0,-0.0,0.0,0.0,0.0,0.0,0.0,3.49927932841393e+24,4300,0,8,17169,4300,0.0,41,0.0,0.0,0.0,0.0,-0.0,0,0,0,0,0.0,0,0,0,0,0,0,0,0,0,0,0,0,0,0,0,0,0,0,0,0,0,0,0,0,0,0,0,0,0,0,0,0,0,11,36,36,47,65476,385,65476,1,0,4,21553,0.0,-0.0,0.0,0.0,0.0,0.0,0.0,0.0,0.0,0.0,0.0,0.0,0.0,0.0,0.0,0.0,0.0,0.0,0.0,0.0,0.0,2.004,2.004,-0.0,-2.004,-3.69707618246192e+19,0.0,0.0,0.0,0.0,6563.0,-3.697207684052602e+19,0.0,0.0,-0.0,0.0,2.7184509175703625e+23,0.0,0.0,2.004,2.004,227,-107614776.0,-71.63,0.0,0.0,0.0,0.0,0.0,0.0,0.0,0,0,0,218252427264.0,0.0,-2.5639933622888646e+32,2.73528763846823e+26,0.0,6.545484140408214e+24,-225.274,1.2194870711326463e+30,3.20415453886873e+36,-3.696374834708774e+31,-39494.16,1.3188457291579392e+17,0.0,0.0,0.0,1441.976,0,1.3516416376850534e+27,227,0.0,454,-74360974999552.0,4.538271724008914e+24,2112,52429,17109,0,17112,52429,17095,0,0,0,101,100,100,2.7302339554914296e+23,65.6,0.0,66.0,0.0,66.0,1,49,50,180,52429,52429,0,0,0.0,0.0,0.0,60.0,-0.0,71.0,0.0,-1.059353070070846e+26,0.0,1069,0,1069,0,0,0,1069,0,1079,0,999,0,660,0,662,0,657,0,676,0.032,1.4609821306377965e+22,0.0,0.0,43152,16814,-0.0,-1.059353070070846e+26,0.0,683022.5,2.843694594751162e+34,0.0,50.0,60.0,35,0.0,0.0,10.0,2.0,0.0,0.0,0.0,0.0,0.0,0.0,0.0,0.0,0.0,0.0,0.0,0.0,58.8,53,12,65510,27,65476,0,300,0,0,8,20529,65476,0,0,30147,60.0,0.0,10.0,10.0,2.0,0.0
2026-02-16T12:41:23,ERR,ERR,ERR,ERR,ERR,ERR,ERR,ERR,ERR,ERR,ERR,ERR,ERR,ERR,ERR,ERR,ERR,ERR,ERR,ERR,ERR,ERR,ERR,ERR,ERR,ERR,ERR,ERR,ERR,ERR,ERR,ERR,ERR,ERR,ERR,ERR,ERR,ERR,ERR,ERR,ERR,ERR,ERR,ERR,ERR,ERR,ERR,ERR,ERR,ERR,ERR,ERR,ERR,ERR,ERR,ERR,ERR,ERR,ERR,ERR,ERR,ERR,ERR,ERR,ERR,ERR,ERR,ERR,ERR,ERR,ERR,ERR,ERR,ERR,ERR,ERR,ERR,ERR,ERR,ERR,ERR,ERR,ERR,ERR,ERR,ERR,ERR,ERR,ERR,ERR,ERR,ERR,ERR,ERR,ERR,ERR,ERR,ERR,ERR,ERR,ERR,ERR,ERR,ERR,ERR,ERR,ERR,ERR,ERR,ERR,ERR,ERR,ERR,ERR,ERR,ERR,ERR,ERR,ERR,ERR,ERR,ERR,ERR,ERR,ERR,0.0,-0.0,0.0,0.0,0.0,0.0,0.0,3.49927932841393e+24,4300,0,8,17169,4300,0.0,41,0.0,0.0,0.0,0.0,-0.0,0,0,0,0,0.0,0,0,0,0,0,0,0,0,0,0,0,0,0,0,0,0,0,0,0,0,0,0,0,0,0,0,0,0,0,0,0,0,0,11,36,36,47,65476,385,65476,1,0,4,21553,0.0,-0.0,0.0,0.0,0.0,0.0,0.0,0.0,0.0,0.0,0.0,0.0,0.0,0.0,0.0,0.0,0.0,0.0,0.0,0.0,0.0,2.004,2.004,-0.0,-2.004,-3.69707618246192e+19,0.0,0.0,0.0,0.0,6563.0,-3.697207684052602e+19,0.0,0.0,-0.0,0.0,2.7184509175703625e+23,0.0,0.0,2.004,2.004,227,-107614776.0,-71.63,0.0,0.0,0.0,0.0,0.0,0.0,0.0,0,0,0,218252427264.0,0.0,-2.5639933622888646e+32,2.73528763846823e+26,0.0,6.545484140408214e+24,-225.274,1.2194870711326463e+30,3.20415453886873e+36,-3.696374834708774e+31,-39494.16,1.3188457291579392e+17,0.0,0.0,0.0,1441.976,0,1.3516416376850534e+27,227,0.0,454,-74360974999552.0,4.538271724008914e+24,2112,52429,17109,0,17112,52429,17095,0,0,0,101,100,100,2.7302339554914296e+23,65.6,0.0,66.0,0.0,66.0,1,49,50,180,52429,52429,0,0,0.0,0.0,0.0,60.0,-0.0,71.0,0.0,-1.059353070070846e+26,0.0,1069,0,1069,0,0,0,1069,0,1079,0,999,0,660,0,662,0,657,0,676,0.032,1.4609821306377965e+22,0.0,0.0,43152,16814,-0.0,-1.059353070070846e+26,0.0,683022.5,2.843694594751162e+34,0.0,50.0,60.0,35,0.0,0.0,10.0,2.0,0.0,0.0,0.0,0.0,0.0,0.0,0.0,0.0,0.0,0.0,0.0,0.0,58.8,53,12,65510,27,65476,0,300,0,0,8,20529,65476,0,0,30147,60.0,0.0,10.0,10.0,2.0,0.0
2026-02-16T12:41:24,ERR,ERR,ERR,ERR,ERR,ERR,ERR,ERR,ERR,ERR,ERR,ERR,ERR,ERR,ERR,ERR,ERR,ERR,ERR,ERR,ERR,ERR,ERR,ERR,ERR,ERR,ERR,ERR,ERR,ERR,ERR,ERR,ERR,ERR,ERR,ERR,ERR,ERR,ERR,ERR,ERR,ERR,ERR,ERR,ERR,ERR,ERR,ERR,ERR,ERR,ERR,ERR,ERR,ERR,ERR,ERR,ERR,ERR,ERR,ERR,ERR,ERR,ERR,ERR,ERR,ERR,ERR,ERR,ERR,ERR,ERR,ERR,ERR,ERR,ERR,ERR,ERR,ERR,ERR,ERR,ERR,ERR,ERR,ERR,ERR,ERR,ERR,ERR,ERR,ERR,ERR,ERR,ERR,ERR,ERR,ERR,ERR,ERR,ERR,ERR,ERR,ERR,ERR,ERR,ERR,ERR,ERR,ERR,ERR,ERR,ERR,ERR,ERR,ERR,ERR,ERR,ERR,ERR,ERR,ERR,ERR,ERR,ERR,ERR,ERR,0.0,-0.0,0.0,0.0,0.0,0.0,0.0,3.49927932841393e+24,4300,0,8,17169,4300,0.0,41,0.0,0.0,0.0,0.0,-0.0,0,0,0,0,0.0,0,0,0,0,0,0,0,0,0,0,0,0,0,0,0,0,0,0,0,0,0,0,0,0,0,0,0,0,0,0,0,0,0,11,36,36,47,65476,385,65476,1,0,4,21553,0.0,-0.0,0.0,0.0,0.0,0.0,0.0,0.0,0.0,0.0,0.0,0.0,0.0,0.0,0.0,0.0,0.0,0.0,0.0,0.0,0.0,2.004,2.004,-0.0,-2.004,-3.69707618246192e+19,0.0,0.0,0.0,0.0,6563.0,-3.697207684052602e+19,0.0,0.0,-0.0,0.0,2.7184509175703625e+23,0.0,0.0,2.004,2.004,227,-107614776.0,-71.63,0.0,0.0,0.0,0.0,0.0,0.0,0.0,0,0,0,218252427264.0,0.0,-2.5639933622888646e+32,2.73528763846823e+26,0.0,6.545484140408214e+24,-225.274,1.2194870711326463e+30,3.20415453886873e+36,-3.696374834708774e+31,-39494.16,1.3188457291579392e+17,0.0,0.0,0.0,1441.976,0,1.3516416376850534e+27,227,0.0,454,-74360974999552.0,4.538271724008914e+24,2112,52429,17109,0,17112,52429,17095,0,0,0,101,100,100,2.7302339554914296e+23,65.6,0.0,66.0,0.0,66.0,1,49,50,180,52429,52429,0,0,0.0,0.0,0.0,60.0,-0.0,71.0,0.0,-1.059353070070846e+26,0.0,1069,0,1069,0,0,0,1069,0,1079,0,999,0,660,0,662,0,657,0,676,0.032,1.4609821306377965e+22,0.0,0.0,43152,16814,-0.0,-1.059353070070846e+26,0.0,683022.5,2.843694594751162e+34,0.0,50.0,60.0,35,0.0,0.0,10.0,2.0,0.0,0.0,0.0,0.0,0.0,0.0,0.0,0.0,0.0,0.0,0.0,0.0,58.8,53,12,65510,27,65476,0,300,0,0,8,20529,65476,0,0,30147,60.0,0.0,10.0,10.0,2.0,0.0
2026-02-16T12:41:25,ERR,ERR,ERR,ERR,ERR,ERR,ERR,ERR,ERR,ERR,ERR,ERR,ERR,ERR,ERR,ERR,ERR,ERR,ERR,ERR,ERR,ERR,ERR,ERR,ERR,ERR,ERR,ERR,ERR,ERR,ERR,ERR,ERR,ERR,ERR,ERR,ERR,ERR,ERR,ERR,ERR,ERR,ERR,ERR,ERR,ERR,ERR,ERR,ERR,ERR,ERR,ERR,ERR,ERR,ERR,ERR,ERR,ERR,ERR,ERR,ERR,ERR,ERR,ERR,ERR,ERR,ERR,ERR,ERR,ERR,ERR,ERR,ERR,ERR,ERR,ERR,ERR,ERR,ERR,ERR,ERR,ERR,ERR,ERR,ERR,ERR,ERR,ERR,ERR,ERR,ERR,ERR,ERR,ERR,ERR,ERR,ERR,ERR,ERR,ERR,ERR,ERR,ERR,ERR,ERR,ERR,ERR,ERR,ERR,ERR,ERR,ERR,ERR,ERR,ERR,ERR,ERR,ERR,ERR,ERR,ERR,ERR,ERR,ERR,ERR,0.0,-0.0,0.0,0.0,0.0,12534035.0,3.2507173513344403e+22,178432.312,4300,0,8,17169,4300,0.0,41,0.0,0.0,0.0,0.0,-0.0,0,0,0,0,0.0,0,0,0,0,0,0,0,0,0,0,0,0,0,0,0,0,0,0,0,0,0,0,0,0,0,0,0,0,0,0,0,0,0,11,36,36,47,65476,388,65476,1,0,4,21553,0.0,-107610720.0,0.0,0.0,0.0,0.0,0.0,0.0,0.0,0.0,0.0,0.0,0.0,0.0,0.0,0.0,0.0,0.0,0.0,0.0,0.0,2.004,2.004,-0.0,-2.004,0.0,0.0,0.0,0.0,0.0,6562.0,-1.0406714467631646e+34,0.0,-107615880.0,-0.0,0.0,-0.0,0.0,0.0,2.004,2.004,226,-71.629,-126841020416.0,0.0,0.0,0.0,0.0,0.0,0.0,0.0,0,0,0,1.868754141268589e+22,-13074387959808.0,0.0,-17.407,0.0,-2.873944037172183e+17,-3314051.75,-0.246,-0.0,-3.902368057245861e+31,-42822.16,1.3920292231027098e+17,0.0,0.0,0.0,0.0,0,1.3516416376850534e+27,226,0.0,452,2.40156025918058e+36,-0.235,2112,52429,17109,52429,17111,52429,17095,0,0,0,101,100,100,2.7302339554914296e+23,65.6,0.0,66.0,0.0,66.0,1,49,50,180,39322,52429,0,0,0.0,0.0,0.0,60.0,-0.0,71.0,0.0,-1.0118963675242663e+27,0.0,1068,0,1069,0,0,0,1069,0,1080,0,999,0,660,0,662,0,657,0,675,0.032,1.4536034330083127e+22,0.0,0.0,44048,16814,-0.0,1.1401688436448207e+30,-0.176,0.0,0.0,-52295567933440.0,50.0,60.0,35,0.0,0.0,10.0,2.0,0.0,0.0,0.0,0.0,0.0,0.0,0.0,0.0,0.0,0.0,0.0,0.0,58.8,53,12,65510,27,65476,0,300,0,0,8,20529,65476,0,0,30147,60.0,0.0,10.0,10.0,2.0,0.0
2026-02-16T12:41:26,ERR,ERR,ERR,ERR,ERR,ERR,ERR,ERR,ERR,ERR,ERR,ERR,ERR,ERR,ERR,ERR,ERR,ERR,ERR,ERR,ERR,ERR,ERR,ERR,ERR,ERR,ERR,ERR,ERR,ERR,ERR,ERR,ERR,ERR,ERR,ERR,ERR,ERR,ERR,ERR,ERR,ERR,ERR,ERR,ERR,ERR,ERR,ERR,ERR,ERR,ERR,ERR,ERR,ERR,ERR,ERR,ERR,ERR,ERR,ERR,ERR,ERR,ERR,ERR,ERR,ERR,ERR,ERR,ERR,ERR,ERR,ERR,ERR,ERR,ERR,ERR,ERR,ERR,ERR,ERR,ERR,ERR,ERR,ERR,ERR,ERR,ERR,ERR,ERR,ERR,ERR,ERR,ERR,ERR,ERR,ERR,ERR,ERR,ERR,ERR,ERR,ERR,ERR,ERR,ERR,ERR,ERR,ERR,ERR,ERR,ERR,ERR,ERR,ERR,ERR,ERR,ERR,ERR,ERR,ERR,ERR,ERR,ERR,ERR,ERR,0.0,-0.0,0.0,0.0,0.0,12534035.0,3.2507173513344403e+22,178432.312,4300,0,8,17169,4300,0.0,41,0.0,0.0,0.0,0.0,-0.0,0,0,0,0,0.0,0,0,0,0,0,0,0,0,0,0,0,0,0,0,0,0,0,0,0,0,0,0,0,0,0,0,0,0,0,0,0,0,0,11,36,36,47,65476,388,65476,1,0,4,21553,0.0,-107610720.0,0.0,0.0,0.0,0.0,0.0,0.0,0.0,0.0,0.0,0.0,0.0,0.0,0.0,0.0,0.0,0.0,0.0,0.0,0.0,2.004,2.004,-0.0,-2.004,0.0,0.0,0.0,0.0,0.0,6562.0,-1.0406714467631646e+34,0.0,-107615880.0,-0.0,0.0,-0.0,0.0,0.0,2.004,2.004,226,-71.629,-126841020416.0,0.0,0.0,0.0,0.0,0.0,0.0,0.0,0,0,0,1.868754141268589e+22,-13074387959808.0,0.0,-17.407,0.0,-2.873944037172183e+17,-3314051.75,-0.246,-0.0,-3.902368057245861e+31,-42822.16,1.3920292231027098e+17,0.0,0.0,0.0,0.0,0,1.3516416376850534e+27,226,0.0,452,2.40156025918058e+36,-0.235,2112,52429,17109,52429,17111,52429,17095,0,0,0,101,100,100,2.7302339554914296e+23,65.6,0.0,66.0,0.0,66.0,1,49,50,180,39322,52429,0,0,0.0,0.0,0.0,60.0,-0.0,71.0,0.0,-1.0118963675242663e+27,0.0,1068,0,1069,0,0,0,1069,0,1080,0,999,0,660,0,662,0,657,0,675,0.032,1.4536034330083127e+22,0.0,0.0,44048,16814,-0.0,1.1401688436448207e+30,-0.176,0.0,0.0,-52295567933440.0,50.0,60.0,35,0.0,0.0,10.0,2.0,0.0,0.0,0.0,0.0,0.0,0.0,0.0,0.0,0.0,0.0,0.0,0.0,58.8,53,12,65510,27,65476,0,300,0,0,8,20529,65476,0,0,30147,60.0,0.0,10.0,10.0,2.0,0.0
2026-02-16T12:41:27,ERR,ERR,ERR,ERR,ERR,ERR,ERR,ERR,ERR,ERR,ERR,ERR,ERR,ERR,ERR,ERR,ERR,ERR,ERR,ERR,ERR,ERR,ERR,ERR,ERR,ERR,ERR,ERR,ERR,ERR,ERR,ERR,ERR,ERR,ERR,ERR,ERR,ERR,ERR,ERR,ERR,ERR,ERR,ERR,ERR,ERR,ERR,ERR,ERR,ERR,ERR,ERR,ERR,ERR,ERR,ERR,ERR,ERR,ERR,ERR,ERR,ERR,ERR,ERR,ERR,ERR,ERR,ERR,ERR,ERR,ERR,ERR,ERR,ERR,ERR,ERR,ERR,ERR,ERR,ERR,ERR,ERR,ERR,ERR,ERR,ERR,ERR,ERR,ERR,ERR,ERR,ERR,ERR,ERR,ERR,ERR,ERR,ERR,ERR,ERR,ERR,ERR,ERR,ERR,ERR,ERR,ERR,ERR,ERR,ERR,ERR,ERR,ERR,ERR,ERR,ERR,ERR,ERR,ERR,ERR,ERR,ERR,ERR,ERR,ERR,0.0,-0.0,0.0,0.0,0.0,12534035.0,3.2507173513344403e+22,178432.312,4300,0,8,17169,4300,0.0,41,0.0,0.0,0.0,0.0,-0.0,0,0,0,0,0.0,0,0,0,0,0,0,0,0,0,0,0,0,0,0,0,0,0,0,0,0,0,0,0,0,0,0,0,0,0,0,0,0,0,11,36,36,47,65476,388,65476,1,0,4,21553,0.0,-107610720.0,0.0,0.0,0.0,0.0,0.0,0.0,0.0,0.0,0.0,0.0,0.0,0.0,0.0,0.0,0.0,0.0,0.0,0.0,0.0,2.004,2.004,-0.0,-2.004,0.0,0.0,0.0,0.0,0.0,6562.0,-1.0406714467631646e+34,0.0,-107615880.0,-0.0,0.0,-0.0,0.0,0.0,2.004,2.004,226,-71.629,-126841020416.0,0.0,0.0,0.0,0.0,0.0,0.0,0.0,0,0,0,1.868754141268589e+22,-13074387959808.0,0.0,-17.407,0.0,-2.873944037172183e+17,-3314051.75,-0.246,-0.0,-3.902368057245861e+31,-42822.16,1.3920292231027098e+17,0.0,0.0,0.0,0.0,0,1.3516416376850534e+27,226,0.0,452,2.40156025918058e+36,-0.235,2112,52429,17109,52429,17111,52429,17095,0,0,0,101,100,100,2.7302339554914296e+23,65.6,0.0,66.0,0.0,66.0,1,49,50,180,39322,52429,0,0,0.0,0.0,0.0,60.0,-0.0,71.0,0.0,-1.0118963675242663e+27,0.0,1068,0,1069,0,0,0,1069,0,1080,0,999,0,660,0,662,0,657,0,675,0.032,1.4536034330083127e+22,0.0,0.0,44048,16814,-0.0,1.1401688436448207e+30,-0.176,0.0,0.0,-52295567933440.0,50.0,60.0,35,0.0,0.0,10.0,2.0,0.0,0.0,0.0,0.0,0.0,0.0,0.0,0.0,0.0,0.0,0.0,0.0,58.8,53,12,65510,27,65476,0,300,0,0,8,20529,65476,0,0,30147,60.0,0.0,10.0,10.0,2.0,0.0
2026-02-16T12:41:28,ERR,ERR,ERR,ERR,ERR,ERR,ERR,ERR,ERR,ERR,ERR,ERR,ERR,ERR,ERR,ERR,ERR,ERR,ERR,ERR,ERR,ERR,ERR,ERR,ERR,ERR,ERR,ERR,ERR,ERR,ERR,ERR,ERR,ERR,ERR,ERR,ERR,ERR,ERR,ERR,ERR,ERR,ERR,ERR,ERR,ERR,ERR,ERR,ERR,ERR,ERR,ERR,ERR,ERR,ERR,ERR,ERR,ERR,ERR,ERR,ERR,ERR,ERR,ERR,ERR,ERR,ERR,ERR,ERR,ERR,ERR,ERR,ERR,ERR,ERR,ERR,ERR,ERR,ERR,ERR,ERR,ERR,ERR,ERR,ERR,ERR,ERR,ERR,ERR,ERR,ERR,ERR,ERR,ERR,ERR,ERR,ERR,ERR,ERR,ERR,ERR,ERR,ERR,ERR,ERR,ERR,ERR,ERR,ERR,ERR,ERR,ERR,ERR,ERR,ERR,ERR,ERR,ERR,ERR,ERR,ERR,ERR,ERR,ERR,ERR,0.0,-0.0,0.0,0.0,0.0,12534035.0,3.2507173513344403e+22,178432.312,4300,0,8,17169,4300,0.0,41,0.0,0.0,0.0,0.0,-0.0,0,0,0,0,0.0,0,0,0,0,0,0,0,0,0,0,0,0,0,0,0,0,0,0,0,0,0,0,0,0,0,0,0,0,0,0,0,0,0,11,36,36,47,65476,388,65476,1,0,4,21553,0.0,-107610720.0,0.0,0.0,0.0,0.0,0.0,0.0,0.0,0.0,0.0,0.0,0.0,0.0,0.0,0.0,0.0,0.0,0.0,0.0,0.0,2.004,2.004,-0.0,-2.004,0.0,0.0,0.0,0.0,0.0,6562.0,-1.0406714467631646e+34,0.0,-107615880.0,-0.0,0.0,-0.0,0.0,0.0,2.004,2.004,226,-71.629,-126841020416.0,0.0,0.0,0.0,0.0,0.0,0.0,0.0,0,0,0,1.868754141268589e+22,-13074387959808.0,0.0,-17.407,0.0,-2.873944037172183e+17,-3314051.75,-0.246,-0.0,-3.902368057245861e+31,-42822.16,1.3920292231027098e+17,0.0,0.0,0.0,0.0,0,1.3516416376850534e+27,226,0.0,452,2.40156025918058e+36,-0.235,2112,52429,17109,52429,17111,52429,17095,0,0,0,101,100,100,2.7302339554914296e+23,65.6,0.0,66.0,0.0,66.0,1,49,50,180,39322,52429,0,0,0.0,0.0,0.0,60.0,-0.0,71.0,0.0,-1.0118963675242663e+27,0.0,1068,0,1069,0,0,0,1069,0,1080,0,999,0,660,0,662,0,657,0,675,0.032,1.4536034330083127e+22,0.0,0.0,44048,16814,-0.0,1.1401688436448207e+30,-0.176,0.0,0.0,-52295567933440.0,50.0,60.0,35,0.0,0.0,10.0,2.0,0.0,0.0,0.0,0.0,0.0,0.0,0.0,0.0,0.0,0.0,0.0,0.0,58.8,53,12,65510,27,65476,0,300,0,0,8,20529,65476,0,0,30147,60.0,0.0,10.0,10.0,2.0,0.0
2026-02-16T12:41:29,ERR,ERR,ERR,ERR,ERR,ERR,ERR,ERR,ERR,ERR,ERR,ERR,ERR,ERR,ERR,ERR,ERR,ERR,ERR,ERR,ERR,ERR,ERR,ERR,ERR,ERR,ERR,ERR,ERR,ERR,ERR,ERR,ERR,ERR,ERR,ERR,ERR,ERR,ERR,ERR,ERR,ERR,ERR,ERR,ERR,ERR,ERR,ERR,ERR,ERR,ERR,ERR,ERR,ERR,ERR,ERR,ERR,ERR,ERR,ERR,ERR,ERR,ERR,ERR,ERR,ERR,ERR,ERR,ERR,ERR,ERR,ERR,ERR,ERR,ERR,ERR,ERR,ERR,ERR,ERR,ERR,ERR,ERR,ERR,ERR,ERR,ERR,ERR,ERR,ERR,ERR,ERR,ERR,ERR,ERR,ERR,ERR,ERR,ERR,ERR,ERR,ERR,ERR,ERR,ERR,ERR,ERR,ERR,ERR,ERR,ERR,ERR,ERR,ERR,ERR,ERR,ERR,ERR,ERR,ERR,ERR,ERR,ERR,ERR,ERR,0.0,-0.0,0.0,0.0,0.0,12534035.0,3.2507173513344403e+22,178432.312,4300,0,8,17169,4300,0.0,41,0.0,0.0,0.0,0.0,-0.0,0,0,0,0,0.0,0,0,0,0,0,0,0,0,0,0,0,0,0,0,0,0,0,0,0,0,0,0,0,0,0,0,0,0,0,0,0,0,0,11,36,36,47,65476,388,65476,1,0,4,21553,0.0,-107610720.0,0.0,0.0,0.0,0.0,0.0,0.0,0.0,0.0,0.0,0.0,0.0,0.0,0.0,0.0,0.0,0.0,0.0,0.0,0.0,2.004,2.004,-0.0,-2.004,0.0,0.0,0.0,0.0,0.0,6562.0,-1.0406714467631646e+34,0.0,-107615880.0,-0.0,0.0,-0.0,0.0,0.0,2.004,2.004,226,-71.629,-126841020416.0,0.0,0.0,0.0,0.0,0.0,0.0,0.0,0,0,0,1.868754141268589e+22,-13074387959808.0,0.0,-17.407,0.0,-2.873944037172183e+17,-3314051.75,-0.246,-0.0,-3.902368057245861e+31,-42822.16,1.3920292231027098e+17,0.0,0.0,0.0,0.0,0,1.3516416376850534e+27,226,0.0,452,2.40156025918058e+36,-0.235,2112,52429,17109,0,17112,52429,17095,0,0,0,101,100,100,2.7302339554914296e+23,65.7,2.7302341356354147e+23,66.0,0.0,66.0,1,49,50,180,39322,52429,0,0,0.0,0.0,0.0,60.0,-0.0,71.0,0.0,3812.084,0.0,1068,0,1069,0,0,0,1069,0,1079,0,999,0,660,0,661,0,657,0,675,0.032,1.4536034330083127e+22,-2.004,0.0,37264,16814,-0.0,3812.084,1.6719244055204954e+37,-0.0,-1891986309120.0,-0.0,50.0,60.0,35,0.0,0.0,10.0,2.0,0.0,0.0,0.0,0.0,0.0,0.0,0.0,0.0,0.0,0.0,0.0,0.0,58.8,53,12,65510,27,65476,0,300,0,0,8,20529,65476,0,0,30147,60.0,0.0,10.0,10.0,2.0,0.0
2026-02-16T12:41:30,ERR,ERR,ERR,ERR,ERR,ERR,ERR,ERR,ERR,ERR,ERR,ERR,ERR,ERR,ERR,ERR,ERR,ERR,ERR,ERR,ERR,ERR,ERR,ERR,ERR,ERR,ERR,ERR,ERR,ERR,ERR,ERR,ERR,ERR,ERR,ERR,ERR,ERR,ERR,ERR,ERR,ERR,ERR,ERR,ERR,ERR,ERR,ERR,ERR,ERR,ERR,ERR,ERR,ERR,ERR,ERR,ERR,ERR,ERR,ERR,ERR,ERR,ERR,ERR,ERR,ERR,ERR,ERR,ERR,ERR,ERR,ERR,ERR,ERR,ERR,ERR,ERR,ERR,ERR,ERR,ERR,ERR,ERR,ERR,ERR,ERR,ERR,ERR,ERR,ERR,ERR,ERR,ERR,ERR,ERR,ERR,ERR,ERR,ERR,ERR,ERR,ERR,ERR,ERR,ERR,ERR,ERR,ERR,ERR,ERR,ERR,ERR,ERR,ERR,ERR,ERR,ERR,ERR,ERR,ERR,ERR,ERR,ERR,ERR,ERR,0.0,-0.0,0.0,0.0,0.0,8.175614497874943e+25,-0.0,0.0,4300,0,8,17169,4300,0.0,41,0.0,0.0,0.0,0.0,-0.0,0,0,0,0,0.0,0,0,0,0,0,0,0,0,0,0,0,0,0,0,0,0,0,0,0,0,0,0,0,0,0,0,0,0,0,0,0,0,0,12,36,36,47,65476,390,65476,1,0,4,21553,0.0,-0.0,0.0,0.0,0.0,0.0,0.0,0.0,0.0,0.0,0.0,0.0,0.0,0.0,0.0,0.0,0.0,0.0,0.0,0.0,0.0,2.004,2.004,-0.0,-2.004,2.004,0.0,0.0,0.0,0.0,6568.0,-1.0406714467631646e+34,0.0,-107615880.0,-0.0,0.0,-0.0,0.0,0.0,2.004,2.004,226,-4.950401131092143e+32,-71.63,0.0,0.0,0.0,0.0,0.0,0.0,0.0,0,0,0,828470.938,3.0670846620241756e+18,-2.9120629312418515e+37,-9.882089096322934e+34,-1.2113481523492126e+38,1.971,-1.947,1.47826168242558e+21,8.530616552074522e+29,-4.128549373829857e+31,-45638.16,1.4667555551995494e+17,0.0,0.0,0.0,0.0,0,1.3516416376850534e+27,226,0.0,452,2.40156025918058e+36,-0.235,2112,52429,17109,0,17112,52429,17095,0,0,0,101,100,100,2.7302339554914296e+23,65.7,2.7302341356354147e+23,66.0,0.0,66.0,1,49,50,180,39322,52429,0,0,0.0,0.0,0.0,60.0,-0.0,71.0,0.0,3812.084,0.0,1068,0,1069,0,0,0,1069,0,1079,0,999,0,660,0,661,0,657,0,675,0.032,1.4536034330083127e+22,-2.004,0.0,37264,16814,-0.0,3812.084,1.6719244055204954e+37,-0.0,-1891986309120.0,-0.0,50.0,60.0,35,0.0,0.0,10.0,2.0,0.0,0.0,0.0,0.0,0.0,0.0,0.0,0.0,0.0,0.0,0.0,0.0,58.8,53,12,65510,27,65476,0,300,0,0,8,20529,65476,0,0,30147,60.0,0.0,10.0,10.0,2.0,0.0
2026-02-16T12:41:31,ERR,ERR,ERR,ERR,ERR,ERR,ERR,ERR,ERR,ERR,ERR,ERR,ERR,ERR,ERR,ERR,ERR,ERR,ERR,ERR,ERR,ERR,ERR,ERR,ERR,ERR,ERR,ERR,ERR,ERR,ERR,ERR,ERR,ERR,ERR,ERR,ERR,ERR,ERR,ERR,ERR,ERR,ERR,ERR,ERR,ERR,ERR,ERR,ERR,ERR,ERR,ERR,ERR,ERR,ERR,ERR,ERR,ERR,ERR,ERR,ERR,ERR,ERR,ERR,ERR,ERR,ERR,ERR,ERR,ERR,ERR,ERR,ERR,ERR,ERR,ERR,ERR,ERR,ERR,ERR,ERR,ERR,ERR,ERR,ERR,ERR,ERR,ERR,ERR,ERR,ERR,ERR,ERR,ERR,ERR,ERR,ERR,ERR,ERR,ERR,ERR,ERR,ERR,ERR,ERR,ERR,ERR,ERR,ERR,ERR,ERR,ERR,ERR,ERR,ERR,ERR,ERR,ERR,ERR,ERR,ERR,ERR,ERR,ERR,ERR,0.0,-0.0,0.0,0.0,0.0,8.175614497874943e+25,-0.0,0.0,4300,0,8,17169,4300,0.0,41,0.0,0.0,0.0,0.0,-0.0,0,0,0,0,0.0,0,0,0,0,0,0,0,0,0,0,0,0,0,0,0,0,0,0,0,0,0,0,0,0,0,0,0,0,0,0,0,0,0,12,36,36,47,65476,390,65476,1,0,4,21553,0.0,-0.0,0.0,0.0,0.0,0.0,0.0,0.0,0.0,0.0,0.0,0.0,0.0,0.0,0.0,0.0,0.0,0.0,0.0,0.0,0.0,2.004,2.004,-0.0,-2.004,2.004,0.0,0.0,0.0,0.0,6568.0,-1.0406714467631646e+34,0.0,-107615880.0,-0.0,0.0,-0.0,0.0,0.0,2.004,2.004,226,-4.950401131092143e+32,-71.63,0.0,0.0,0.0,0.0,0.0,0.0,0.0,0,0,0,828470.938,3.0670846620241756e+18,-2.9120629312418515e+37,-9.882089096322934e+34,-1.2113481523492126e+38,1.971,-1.947,1.47826168242558e+21,8.530616552074522e+29,-4.128549373829857e+31,-45638.16,1.4667555551995494e+17,0.0,0.0,0.0,0.0,0,1.3516416376850534e+27,226,0.0,452,2.40156025918058e+36,-0.235,2112,52429,17109,0,17112,52429,17095,0,0,0,101,100,100,2.7302339554914296e+23,65.7,2.7302341356354147e+23,66.0,0.0,66.0,1,49,50,180,39322,52429,0,0,0.0,0.0,0.0,60.0,-0.0,71.0,0.0,3812.084,0.0,1068,0,1069,0,0,0,1069,0,1079,0,999,0,660,0,661,0,657,0,675,0.032,1.4536034330083127e+22,-2.004,0.0,37264,16814,-0.0,3812.084,1.6719244055204954e+37,-0.0,-1891986309120.0,-0.0,50.0,60.0,35,0.0,0.0,10.0,2.0,0.0,0.0,0.0,0.0,0.0,0.0,0.0,0.0,0.0,0.0,0.0,0.0,59.2,53,12,65510,27,65476,0,300,0,0,8,20529,65476,0,0,30147,60.0,0.0,10.0,10.0,2.0,0.0
2026-02-16T12:41:32,ERR,ERR,ERR,ERR,ERR,ERR,ERR,ERR,ERR,ERR,ERR,ERR,ERR,ERR,ERR,ERR,ERR,ERR,ERR,ERR,ERR,ERR,ERR,ERR,ERR,ERR,ERR,ERR,ERR,ERR,ERR,ERR,ERR,ERR,ERR,ERR,ERR,ERR,ERR,ERR,ERR,ERR,ERR,ERR,ERR,ERR,ERR,ERR,ERR,ERR,ERR,ERR,ERR,ERR,ERR,ERR,ERR,ERR,ERR,ERR,ERR,ERR,ERR,ERR,ERR,ERR,ERR,ERR,ERR,ERR,ERR,ERR,ERR,ERR,ERR,ERR,ERR,ERR,ERR,ERR,ERR,ERR,ERR,ERR,ERR,ERR,ERR,ERR,ERR,ERR,ERR,ERR,ERR,ERR,ERR,ERR,ERR,ERR,ERR,ERR,ERR,ERR,ERR,ERR,ERR,ERR,ERR,ERR,ERR,ERR,ERR,ERR,ERR,ERR,ERR,ERR,ERR,ERR,ERR,ERR,ERR,ERR,ERR,ERR,ERR,0.0,-0.0,0.0,0.0,0.0,8.175614497874943e+25,-0.0,0.0,4300,0,8,17169,4300,0.0,41,0.0,0.0,0.0,0.0,-0.0,0,0,0,0,0.0,0,0,0,0,0,0,0,0,0,0,0,0,0,0,0,0,0,0,0,0,0,0,0,0,0,0,0,0,0,0,0,0,0,12,36,36,47,65476,390,65476,1,0,4,21553,0.0,-0.0,0.0,0.0,0.0,0.0,0.0,0.0,0.0,0.0,0.0,0.0,0.0,0.0,0.0,0.0,0.0,0.0,0.0,0.0,0.0,2.004,2.004,-0.0,-2.004,2.004,0.0,0.0,0.0,0.0,6568.0,-1.0406714467631646e+34,0.0,-107615880.0,-0.0,0.0,-0.0,0.0,0.0,2.004,2.004,226,-4.950401131092143e+32,-71.63,0.0,0.0,0.0,0.0,0.0,0.0,0.0,0,0,0,828470.938,3.0670846620241756e+18,-2.9120629312418515e+37,-9.882089096322934e+34,-1.2113481523492126e+38,1.971,-1.947,1.47826168242558e+21,8.530616552074522e+29,-4.128549373829857e+31,-45638.16,1.4667555551995494e+17,0.0,0.0,0.0,0.0,0,1.3516416376850534e+27,226,0.0,452,2.40156025918058e+36,-0.235,2112,52429,17109,52429,17111,52429,17095,0,0,0,101,100,100,2.7302339554914296e+23,65.6,0.0,66.0,0.0,66.0,1,49,50,180,39322,52429,0,0,0.0,0.0,0.0,60.0,-0.0,71.0,0.0,-143.255,0.0,1068,0,1069,0,0,0,1069,0,1079,0,999,0,660,0,662,0,657,0,675,0.032,1.4536034330083127e+22,-2.004,0.0,43280,16814,-0.0,-143.255,-8.775005776285263e+36,1.7969396011499393e+32,3.5160410687014575e+22,0.0,50.0,60.0,35,0.0,0.0,10.0,2.0,0.0,0.0,0.0,0.0,0.0,0.0,0.0,0.0,0.0,0.0,0.0,0.0,58.8,52,12,65510,27,65476,0,300,0,0,8,20529,65476,0,0,30147,60.0,0.0,10.0,10.0,2.0,0.0
2026-02-16T12:41:33,ERR,ERR,ERR,ERR,ERR,ERR,ERR,ERR,ERR,ERR,ERR,ERR,ERR,ERR,ERR,ERR,ERR,ERR,ERR,ERR,ERR,ERR,ERR,ERR,ERR,ERR,ERR,ERR,ERR,ERR,ERR,ERR,ERR,ERR,ERR,ERR,ERR,ERR,ERR,ERR,ERR,ERR,ERR,ERR,ERR,ERR,ERR,ERR,ERR,ERR,ERR,ERR,ERR,ERR,ERR,ERR,ERR,ERR,ERR,ERR,ERR,ERR,ERR,ERR,ERR,ERR,ERR,ERR,ERR,ERR,ERR,ERR,ERR,ERR,ERR,ERR,ERR,ERR,ERR,ERR,ERR,ERR,ERR,ERR,ERR,ERR,ERR,ERR,ERR,ERR,ERR,ERR,ERR,ERR,ERR,ERR,ERR,ERR,ERR,ERR,ERR,ERR,ERR,ERR,ERR,ERR,ERR,ERR,ERR,ERR,ERR,ERR,ERR,ERR,ERR,ERR,ERR,ERR,ERR,ERR,ERR,ERR,ERR,ERR,ERR,0.0,-0.0,0.0,0.0,0.0,8.175614497874943e+25,-0.0,0.0,4300,0,8,17169,4300,0.0,41,0.0,0.0,0.0,0.0,-0.0,0,0,0,0,0.0,0,0,0,0,0,0,0,0,0,0,0,0,0,0,0,0,0,0,0,0,0,0,0,0,0,0,0,0,0,0,0,0,0,12,36,36,47,65476,390,65476,1,0,4,21553,0.0,-0.0,0.0,0.0,0.0,0.0,0.0,0.0,0.0,0.0,0.0,0.0,0.0,0.0,0.0,0.0,0.0,0.0,0.0,0.0,0.0,2.004,2.004,-0.0,-2.004,2.004,0.0,0.0,0.0,0.0,6568.0,-1.0406714467631646e+34,0.0,-107615880.0,-0.0,0.0,-0.0,0.0,0.0,2.004,2.004,226,-4.950401131092143e+32,-71.63,0.0,0.0,0.0,0.0,0.0,0.0,0.0,0,0,0,828470.938,3.0670846620241756e+18,-2.9120629312418515e+37,-9.882089096322934e+34,-1.2113481523492126e+38,1.971,-1.947,1.47826168242558e+21,8.530616552074522e+29,-4.128549373829857e+31,-45638.16,1.4667555551995494e+17,0.0,0.0,0.0,0.0,0,1.3516416376850534e+27,226,0.0,452,2.40156025918058e+36,-0.235,2112,52429,17109,52429,17111,52429,17095,0,0,0,101,100,100,2.7302339554914296e+23,65.6,0.0,66.0,0.0,66.0,1,49,50,180,39322,52429,0,0,0.0,0.0,0.0,60.0,-0.0,71.0,0.0,-143.255,0.0,1068,0,1069,0,0,0,1069,0,1079,0,999,0,660,0,662,0,657,0,675,0.032,1.4536034330083127e+22,-2.004,0.0,43280,16814,-0.0,-143.255,-8.775005776285263e+36,1.7969396011499393e+32,3.5160410687014575e+22,0.0,50.0,60.0,35,0.0,0.0,10.0,2.0,0.0,0.0,0.0,0.0,0.0,0.0,0.0,0.0,0.0,0.0,0.0,0.0,58.8,52,12,65510,27,65476,0,300,0,0,8,20529,65476,0,0,30147,60.0,0.0,10.0,10.0,2.0,0.0
2026-02-16T12:41:34,ERR,ERR,ERR,ERR,ERR,ERR,ERR,ERR,ERR,ERR,ERR,ERR,ERR,ERR,ERR,ERR,ERR,ERR,ERR,ERR,ERR,ERR,ERR,ERR,ERR,ERR,ERR,ERR,ERR,ERR,ERR,ERR,ERR,ERR,ERR,ERR,ERR,ERR,ERR,ERR,ERR,ERR,ERR,ERR,ERR,ERR,ERR,ERR,ERR,ERR,ERR,ERR,ERR,ERR,ERR,ERR,ERR,ERR,ERR,ERR,ERR,ERR,ERR,ERR,ERR,ERR,ERR,ERR,ERR,ERR,ERR,ERR,ERR,ERR,ERR,ERR,ERR,ERR,ERR,ERR,ERR,ERR,ERR,ERR,ERR,ERR,ERR,ERR,ERR,ERR,ERR,ERR,ERR,ERR,ERR,ERR,ERR,ERR,ERR,ERR,ERR,ERR,ERR,ERR,ERR,ERR,ERR,ERR,ERR,ERR,ERR,ERR,ERR,ERR,ERR,ERR,ERR,ERR,ERR,ERR,ERR,ERR,ERR,ERR,ERR,-107615880.0,-0.0,2.7184069624379994e+23,0.0,-0.0,0.0,0.0,-3990029860864.0,4300,0,8,17169,4300,0.0,41,0.0,0.0,0.0,0.0,-0.0,0,0,0,0,0.0,0,0,0,0,0,0,0,0,0,0,0,0,0,0,0,0,0,0,0,0,0,0,0,0,0,0,0,0,0,0,0,0,0,12,36,36,47,65476,391,65476,1,0,4,21553,0.0,0.0,0.0,0.0,0.0,0.0,0.0,0.0,0.0,0.0,0.0,0.0,0.0,0.0,0.0,0.0,0.0,0.0,0.0,0.0,0.0,2.004,2.004,-0.0,-2.004,3.697076622266571e+19,0.0,0.0,0.0,0.0,6566.0,-1.0406714467631646e+34,0.0,0.0,-0.0,0.0,-0.0,0.0,0.0,2.004,2.004,226,-3.222002398308886e+26,-126841020416.0,0.0,0.0,0.0,0.0,0.0,0.0,0.0,0,0,0,5.186553973519155e+16,-1.441220138440411e+21,0.0,-2.3893926356661267e+34,0.0,-0.0,-9.300444825774757e+33,-8.382015390327492e+29,-1.43615315529877e+35,-4.47715328889262e+31,-48966.16,1.6131225430890906e+17,0.0,0.0,0.0,0.0,0,1.3516416376850534e+27,226,0.0,452,2.40156025918058e+36,-0.235,2112,52429,17109,52429,17111,52429,17095,0,0,0,101,100,100,2.7302339554914296e+23,65.6,0.0,66.0,0.0,66.0,1,49,50,180,39322,52429,0,0,0.0,0.0,0.0,60.0,-0.0,71.0,0.0,-143.255,0.0,1068,0,1069,0,0,0,1069,0,1079,0,999,0,660,0,662,0,657,0,675,0.032,1.4536034330083127e+22,-2.004,0.0,43280,16814,-0.0,-143.255,-8.775005776285263e+36,1.7969396011499393e+32,3.5160410687014575e+22,0.0,50.0,60.0,35,0.0,0.0,10.0,2.0,0.0,0.0,0.0,0.0,0.0,0.0,0.0,0.0,0.0,0.0,0.0,0.0,58.8,52,12,65510,27,65476,0,300,0,0,8,20529,65476,0,0,30147,60.0,0.0,10.0,10.0,2.0,0.0
2026-02-16T12:41:35,ERR,ERR,ERR,ERR,ERR,ERR,ERR,ERR,ERR,ERR,ERR,ERR,ERR,ERR,ERR,ERR,ERR,ERR,ERR,ERR,ERR,ERR,ERR,ERR,ERR,ERR,ERR,ERR,ERR,ERR,ERR,ERR,ERR,ERR,ERR,ERR,ERR,ERR,ERR,ERR,ERR,ERR,ERR,ERR,ERR,ERR,ERR,ERR,ERR,ERR,ERR,ERR,ERR,ERR,ERR,ERR,ERR,ERR,ERR,ERR,ERR,ERR,ERR,ERR,ERR,ERR,ERR,ERR,ERR,ERR,ERR,ERR,ERR,ERR,ERR,ERR,ERR,ERR,ERR,ERR,ERR,ERR,ERR,ERR,ERR,ERR,ERR,ERR,ERR,ERR,ERR,ERR,ERR,ERR,ERR,ERR,ERR,ERR,ERR,ERR,ERR,ERR,ERR,ERR,ERR,ERR,ERR,ERR,ERR,ERR,ERR,ERR,ERR,ERR,ERR,ERR,ERR,ERR,ERR,ERR,ERR,ERR,ERR,ERR,ERR,-107615880.0,-0.0,2.7184069624379994e+23,0.0,-0.0,0.0,0.0,-3990029860864.0,4300,0,8,17169,4300,0.0,41,0.0,0.0,0.0,0.0,-0.0,0,0,0,0,0.0,0,0,0,0,0,0,0,0,0,0,0,0,0,0,0,0,0,0,0,0,0,0,0,0,0,0,0,0,0,0,0,0,0,12,36,36,47,65476,391,65476,1,0,4,21553,0.0,0.0,0.0,0.0,0.0,0.0,0.0,0.0,0.0,0.0,0.0,0.0,0.0,0.0,0.0,0.0,0.0,0.0,0.0,0.0,0.0,2.004,2.004,-0.0,-2.004,3.697076622266571e+19,0.0,0.0,0.0,0.0,6566.0,-1.0406714467631646e+34,0.0,0.0,-0.0,0.0,-0.0,0.0,0.0,2.004,2.004,226,-3.222002398308886e+26,-126841020416.0,0.0,0.0,0.0,0.0,0.0,0.0,0.0,0,0,0,5.186553973519155e+16,-1.441220138440411e+21,0.0,-2.3893926356661267e+34,0.0,-0.0,-9.300444825774757e+33,-8.382015390327492e+29,-1.43615315529877e+35,-4.47715328889262e+31,-48966.16,1.6131225430890906e+17,0.0,0.0,0.0,0.0,0,1.3516416376850534e+27,226,0.0,452,2.40156025918058e+36,-0.235,2112,52429,17109,52429,17111,52429,17095,0,0,0,101,100,100,2.7302339554914296e+23,65.7,2.7302341356354147e+23,66.0,0.0,66.0,1,49,50,180,39322,52429,0,0,0.0,0.0,0.0,60.0,-0.0,71.0,0.0,4202668.5,0.0,1068,0,1069,0,0,0,1069,0,1079,0,999,0,660,0,662,0,657,0,675,0.032,1.4609821306377965e+22,-2.004,0.0,39440,16814,-0.0,-6.620956687942787e+24,-1.2867198285933814e+35,-0.0,1.6951996498655052e+19,0.0,50.0,60.0,35,0.0,0.0,10.0,2.0,0.0,0.0,0.0,0.0,0.0,0.0,0.0,0.0,0.0,0.0,0.0,0.0,58.8,52,12,65510,27,65476,0,300,0,0,8,20529,65476,0,0,30147,60.0,0.0,10.0,10.0,2.0,0.0
2026-02-16T12:41:36,ERR,ERR,ERR,ERR,ERR,ERR,ERR,ERR,ERR,ERR,ERR,ERR,ERR,ERR,ERR,ERR,ERR,ERR,ERR,ERR,ERR,ERR,ERR,ERR,ERR,ERR,ERR,ERR,ERR,ERR,ERR,ERR,ERR,ERR,ERR,ERR,ERR,ERR,ERR,ERR,ERR,ERR,ERR,ERR,ERR,ERR,ERR,ERR,ERR,ERR,ERR,ERR,ERR,ERR,ERR,ERR,ERR,ERR,ERR,ERR,ERR,ERR,ERR,ERR,ERR,ERR,ERR,ERR,ERR,ERR,ERR,ERR,ERR,ERR,ERR,ERR,ERR,ERR,ERR,ERR,ERR,ERR,ERR,ERR,ERR,ERR,ERR,ERR,ERR,ERR,ERR,ERR,ERR,ERR,ERR,ERR,ERR,ERR,ERR,ERR,ERR,ERR,ERR,ERR,ERR,ERR,ERR,ERR,ERR,ERR,ERR,ERR,ERR,ERR,ERR,ERR,ERR,ERR,ERR,ERR,ERR,ERR,ERR,ERR,ERR,-107615880.0,-0.0,2.7184069624379994e+23,0.0,-0.0,0.0,0.0,-3990029860864.0,4300,0,8,17169,4300,0.0,41,0.0,0.0,0.0,0.0,-0.0,0,0,0,0,0.0,0,0,0,0,0,0,0,0,0,0,0,0,0,0,0,0,0,0,0,0,0,0,0,0,0,0,0,0,0,0,0,0,0,12,36,36,47,65476,391,65476,1,0,4,21553,0.0,0.0,0.0,0.0,0.0,0.0,0.0,0.0,0.0,0.0,0.0,0.0,0.0,0.0,0.0,0.0,0.0,0.0,0.0,0.0,0.0,2.004,2.004,-0.0,-2.004,3.697076622266571e+19,0.0,0.0,0.0,0.0,6566.0,-1.0406714467631646e+34,0.0,0.0,-0.0,0.0,-0.0,0.0,0.0,2.004,2.004,226,-3.222002398308886e+26,-126841020416.0,0.0,0.0,0.0,0.0,0.0,0.0,0.0,0,0,0,5.186553973519155e+16,-1.441220138440411e+21,0.0,-2.3893926356661267e+34,0.0,-0.0,-9.300444825774757e+33,-8.382015390327492e+29,-1.43615315529877e+35,-4.47715328889262e+31,-48966.16,1.6131225430890906e+17,0.0,0.0,0.0,0.0,0,1.3516416376850534e+27,226,0.0,452,2.40156025918058e+36,-0.235,2112,52429,17109,52429,17111,52429,17095,0,0,0,101,100,100,2.7302339554914296e+23,65.7,2.7302341356354147e+23,66.0,0.0,66.0,1,49,50,180,39322,52429,0,0,0.0,0.0,0.0,60.0,-0.0,71.0,0.0,4202668.5,0.0,1068,0,1069,0,0,0,1069,0,1079,0,999,0,660,0,662,0,657,0,675,0.032,1.4609821306377965e+22,-2.004,0.0,39440,16814,-0.0,-6.620956687942787e+24,-1.2867198285933814e+35,-0.0,1.6951996498655052e+19,0.0,50.0,60.0,35,0.0,0.0,10.0,2.0,0.0,0.0,0.0,0.0,0.0,0.0,0.0,0.0,0.0,0.0,0.0,0.0,58.8,52,12,65510,27,65476,0,300,0,0,8,20529,65476,0,0,30147,60.0,0.0,10.0,10.0,2.0,0.0
2026-02-16T12:41:37,ERR,ERR,ERR,ERR,ERR,ERR,ERR,ERR,ERR,ERR,ERR,ERR,ERR,ERR,ERR,ERR,ERR,ERR,ERR,ERR,ERR,ERR,ERR,ERR,ERR,ERR,ERR,ERR,ERR,ERR,ERR,ERR,ERR,ERR,ERR,ERR,ERR,ERR,ERR,ERR,ERR,ERR,ERR,ERR,ERR,ERR,ERR,ERR,ERR,ERR,ERR,ERR,ERR,ERR,ERR,ERR,ERR,ERR,ERR,ERR,ERR,ERR,ERR,ERR,ERR,ERR,ERR,ERR,ERR,ERR,ERR,ERR,ERR,ERR,ERR,ERR,ERR,ERR,ERR,ERR,ERR,ERR,ERR,ERR,ERR,ERR,ERR,ERR,ERR,ERR,ERR,ERR,ERR,ERR,ERR,ERR,ERR,ERR,ERR,ERR,ERR,ERR,ERR,ERR,ERR,ERR,ERR,ERR,ERR,ERR,ERR,ERR,ERR,ERR,ERR,ERR,ERR,ERR,ERR,ERR,ERR,ERR,ERR,ERR,ERR,-107615880.0,-0.0,2.7184069624379994e+23,0.0,-0.0,0.0,0.0,-3990029860864.0,4300,0,8,17169,4300,0.0,41,0.0,0.0,0.0,0.0,-0.0,0,0,0,0,0.0,0,0,0,0,0,0,0,0,0,0,0,0,0,0,0,0,0,0,0,0,0,0,0,0,0,0,0,0,0,0,0,0,0,12,36,36,47,65476,391,65476,1,0,4,21553,0.0,0.0,0.0,0.0,0.0,0.0,0.0,0.0,0.0,0.0,0.0,0.0,0.0,0.0,0.0,0.0,0.0,0.0,0.0,0.0,0.0,2.004,2.004,-0.0,-2.004,3.697076622266571e+19,0.0,0.0,0.0,0.0,6566.0,-1.0406714467631646e+34,0.0,0.0,-0.0,0.0,-0.0,0.0,0.0,2.004,2.004,226,-3.222002398308886e+26,-126841020416.0,0.0,0.0,0.0,0.0,0.0,0.0,0.0,0,0,0,5.186553973519155e+16,-1.441220138440411e+21,0.0,-2.3893926356661267e+34,0.0,-0.0,-9.300444825774757e+33,-8.382015390327492e+29,-1.43615315529877e+35,-4.47715328889262e+31,-48966.16,1.6131225430890906e+17,0.0,0.0,0.0,0.0,0,1.3516416376850534e+27,226,0.0,452,2.40156025918058e+36,-0.235,2112,52429,17109,52429,17111,52429,17095,0,0,0,101,100,100,2.7302339554914296e+23,65.7,2.7302341356354147e+23,66.0,0.0,66.0,1,49,50,180,39322,52429,0,0,0.0,0.0,0.0,60.0,-0.0,71.0,0.0,4202668.5,0.0,1068,0,1069,0,0,0,1069,0,1079,0,999,0,660,0,662,0,657,0,675,0.032,1.4609821306377965e+22,-2.004,0.0,39440,16814,-0.0,-6.620956687942787e+24,-1.2867198285933814e+35,-0.0,1.6951996498655052e+19,0.0,50.0,60.0,35,0.0,0.0,10.0,2.0,0.0,0.0,0.0,0.0,0.0,0.0,0.0,0.0,0.0,0.0,0.0,0.0,59.2,52,12,65510,27,65476,0,300,0,0,8,20529,65476,0,0,30147,60.0,0.0,10.0,10.0,2.0,0.0
2026-02-16T12:41:38,ERR,ERR,ERR,ERR,ERR,ERR,ERR,ERR,ERR,ERR,ERR,ERR,ERR,ERR,ERR,ERR,ERR,ERR,ERR,ERR,ERR,ERR,ERR,ERR,ERR,ERR,ERR,ERR,ERR,ERR,ERR,ERR,ERR,ERR,ERR,ERR,ERR,ERR,ERR,ERR,ERR,ERR,ERR,ERR,ERR,ERR,ERR,ERR,ERR,ERR,ERR,ERR,ERR,ERR,ERR,ERR,ERR,ERR,ERR,ERR,ERR,ERR,ERR,ERR,ERR,ERR,ERR,ERR,ERR,ERR,ERR,ERR,ERR,ERR,ERR,ERR,ERR,ERR,ERR,ERR,ERR,ERR,ERR,ERR,ERR,ERR,ERR,ERR,ERR,ERR,ERR,ERR,ERR,ERR,ERR,ERR,ERR,ERR,ERR,ERR,ERR,ERR,ERR,ERR,ERR,ERR,ERR,ERR,ERR,ERR,ERR,ERR,ERR,ERR,ERR,ERR,ERR,ERR,ERR,ERR,ERR,ERR,ERR,ERR,ERR,-107615880.0,-0.0,2.7184069624379994e+23,0.0,-0.0,0.0,0.0,-3990029860864.0,4300,0,8,17169,4300,0.0,41,0.0,0.0,0.0,0.0,-0.0,0,0,0,0,0.0,0,0,0,0,0,0,0,0,0,0,0,0,0,0,0,0,0,0,0,0,0,0,0,0,0,0,0,0,0,0,0,0,0,12,36,36,47,65476,391,65476,1,0,4,21553,0.0,0.0,0.0,0.0,0.0,0.0,0.0,0.0,0.0,0.0,0.0,0.0,0.0,0.0,0.0,0.0,0.0,0.0,0.0,0.0,0.0,2.004,2.004,-0.0,-2.004,3.697076622266571e+19,0.0,0.0,0.0,0.0,6566.0,-1.0406714467631646e+34,0.0,0.0,-0.0,0.0,-0.0,0.0,0.0,2.004,2.004,226,-3.222002398308886e+26,-126841020416.0,0.0,0.0,0.0,0.0,0.0,0.0,0.0,0,0,0,5.186553973519155e+16,-1.441220138440411e+21,0.0,-2.3893926356661267e+34,0.0,-0.0,-9.300444825774757e+33,-8.382015390327492e+29,-1.43615315529877e+35,-4.47715328889262e+31,-48966.16,1.6131225430890906e+17,0.0,0.0,0.0,0.0,0,1.3516416376850534e+27,226,0.0,452,2.40156025918058e+36,-0.235,2112,52429,17109,0,17112,52429,17095,0,0,0,101,100,100,2.7302339554914296e+23,65.7,2.7302341356354147e+23,66.0,0.0,66.0,1,49,50,180,39322,52429,0,0,0.0,0.0,0.0,60.0,-0.0,71.0,0.0,-4.16170976237859e+23,0.0,1068,0,1069,0,0,0,1069,0,1079,0,999,0,660,0,662,0,658,0,675,0.032,1.4609821306377965e+22,-2.004,0.0,26768,16814,-0.0,3.4237593819704593e+28,-0.0,1001670729269248.0,-1.0650851049141593e+38,-0.157,50.0,60.0,35,0.0,0.0,10.0,2.0,0.0,0.0,0.0,0.0,0.0,0.0,0.0,0.0,0.0,0.0,0.0,0.0,59.2,52,12,65510,27,65476,0,300,0,0,8,20529,65476,0,0,30147,60.0,0.0,10.0,10.0,2.0,0.0
2026-02-16T12:41:39,ERR,ERR,ERR,ERR,ERR,ERR,ERR,ERR,ERR,ERR,ERR,ERR,ERR,ERR,ERR,ERR,ERR,ERR,ERR,ERR,ERR,ERR,ERR,ERR,ERR,ERR,ERR,ERR,ERR,ERR,ERR,ERR,ERR,ERR,ERR,ERR,ERR,ERR,ERR,ERR,ERR,ERR,ERR,ERR,ERR,ERR,ERR,ERR,ERR,ERR,ERR,ERR,ERR,ERR,ERR,ERR,ERR,ERR,ERR,ERR,ERR,ERR,ERR,ERR,ERR,ERR,ERR,ERR,ERR,ERR,ERR,ERR,ERR,ERR,ERR,ERR,ERR,ERR,ERR,ERR,ERR,ERR,ERR,ERR,ERR,ERR,ERR,ERR,ERR,ERR,ERR,ERR,ERR,ERR,ERR,ERR,ERR,ERR,ERR,ERR,ERR,ERR,ERR,ERR,ERR,ERR,ERR,ERR,ERR,ERR,ERR,ERR,ERR,ERR,ERR,ERR,ERR,ERR,ERR,ERR,ERR,ERR,ERR,ERR,ERR,0.0,-0.0,0.0,0.0,0.0,1.7626544278350915e+27,-0.0,0.0,4300,0,8,17169,4300,0.0,41,0.0,0.0,0.0,0.0,2.7184166902131945e+23,0,0,0,0,0.0,0,0,0,0,0,0,0,0,0,0,0,0,0,0,0,0,0,0,0,0,0,0,0,0,0,0,0,0,0,0,0,0,0,12,36,36,47,65476,394,65476,1,0,4,21553,0.0,0.0,0.0,0.0,0.0,0.0,0.0,0.0,0.0,0.0,0.0,0.0,0.0,0.0,0.0,0.0,0.0,0.0,0.0,0.0,0.0,2.004,0.0,-0.0,-2.004,3.697076622266571e+19,0.0,0.0,0.0,0.0,6569.0,-1.5879386089525827e+29,0.0,0.0,-0.0,0.0,-0.0,0.0,0.0,2.004,2.004,227,0.0,-107615256.0,0.0,0.0,0.0,0.0,0.0,0.0,0.0,0,0,0,66592859750400.0,0.0,0.0,5.824698668443622e+29,0.0,-0.0,0.0,0.0,0.0,-4.889139733966795e+31,-51782.16,1.7369715328417792e+17,0.0,0.0,0.0,0.0,0,1.3516416376850534e+27,227,0.0,452,2.40156025918058e+36,-0.235,2112,52429,17109,0,17112,52429,17095,0,0,0,101,100,100,2.7302339554914296e+23,65.7,2.7302341356354147e+23,66.0,0.0,66.0,1,49,50,180,39322,52429,0,0,0.0,0.0,0.0,60.0,-0.0,71.0,0.0,-4.16170976237859e+23,0.0,1068,0,1069,0,0,0,1069,0,1079,0,999,0,660,0,662,0,658,0,675,0.032,1.4609821306377965e+22,-2.004,0.0,26768,16814,-0.0,3.4237593819704593e+28,-0.0,1001670729269248.0,-1.0650851049141593e+38,-0.157,50.0,60.0,35,0.0,0.0,10.0,2.0,0.0,0.0,0.0,0.0,0.0,0.0,0.0,0.0,0.0,0.0,0.0,0.0,58.8,52,12,65510,27,65476,0,300,0,0,8,20529,65476,0,0,30147,60.0,0.0,10.0,10.0,2.0,0.0
2026-02-16T12:41:40,ERR,ERR,ERR,ERR,ERR,ERR,ERR,ERR,ERR,ERR,ERR,ERR,ERR,ERR,ERR,ERR,ERR,ERR,ERR,ERR,ERR,ERR,ERR,ERR,ERR,ERR,ERR,ERR,ERR,ERR,ERR,ERR,ERR,ERR,ERR,ERR,ERR,ERR,ERR,ERR,ERR,ERR,ERR,ERR,ERR,ERR,ERR,ERR,ERR,ERR,ERR,ERR,ERR,ERR,ERR,ERR,ERR,ERR,ERR,ERR,ERR,ERR,ERR,ERR,ERR,ERR,ERR,ERR,ERR,ERR,ERR,ERR,ERR,ERR,ERR,ERR,ERR,ERR,ERR,ERR,ERR,ERR,ERR,ERR,ERR,ERR,ERR,ERR,ERR,ERR,ERR,ERR,ERR,ERR,ERR,ERR,ERR,ERR,ERR,ERR,ERR,ERR,ERR,ERR,ERR,ERR,ERR,ERR,ERR,ERR,ERR,ERR,ERR,ERR,ERR,ERR,ERR,ERR,ERR,ERR,ERR,ERR,ERR,ERR,ERR,0.0,-0.0,0.0,0.0,0.0,1.7626544278350915e+27,-0.0,0.0,4300,0,8,17169,4300,0.0,41,0.0,0.0,0.0,0.0,2.7184166902131945e+23,0,0,0,0,0.0,0,0,0,0,0,0,0,0,0,0,0,0,0,0,0,0,0,0,0,0,0,0,0,0,0,0,0,0,0,0,0,0,0,12,36,36,47,65476,394,65476,1,0,4,21553,0.0,0.0,0.0,0.0,0.0,0.0,0.0,0.0,0.0,0.0,0.0,0.0,0.0,0.0,0.0,0.0,0.0,0.0,0.0,0.0,0.0,2.004,0.0,-0.0,-2.004,3.697076622266571e+19,0.0,0.0,0.0,0.0,6569.0,-1.5879386089525827e+29,0.0,0.0,-0.0,0.0,-0.0,0.0,0.0,2.004,2.004,227,0.0,-107615256.0,0.0,0.0,0.0,0.0,0.0,0.0,0.0,0,0,0,66592859750400.0,0.0,0.0,5.824698668443622e+29,0.0,-0.0,0.0,0.0,0.0,-4.889139733966795e+31,-51782.16,1.7369715328417792e+17,0.0,0.0,0.0,0.0,0,1.3516416376850534e+27,227,0.0,452,2.40156025918058e+36,-0.235,2112,52429,17109,0,17112,52429,17095,0,0,0,101,100,100,2.7302339554914296e+23,65.7,2.7302341356354147e+23,66.0,0.0,66.0,1,49,50,180,39322,52429,0,0,0.0,0.0,0.0,60.0,-0.0,71.0,0.0,-4.16170976237859e+23,0.0,1068,0,1069,0,0,0,1069,0,1079,0,999,0,660,0,662,0,658,0,675,0.032,1.4609821306377965e+22,-2.004,0.0,26768,16814,-0.0,3.4237593819704593e+28,-0.0,1001670729269248.0,-1.0650851049141593e+38,-0.157,50.0,60.0,35,0.0,0.0,10.0,2.0,0.0,0.0,0.0,0.0,0.0,0.0,0.0,0.0,0.0,0.0,0.0,0.0,58.8,52,12,65510,27,65476,0,300,0,0,8,20529,65476,0,0,30147,60.0,0.0,10.0,10.0,2.0,0.0
2026-02-16T12:41:41,ERR,ERR,ERR,ERR,ERR,ERR,ERR,ERR,ERR,ERR,ERR,ERR,ERR,ERR,ERR,ERR,ERR,ERR,ERR,ERR,ERR,ERR,ERR,ERR,ERR,ERR,ERR,ERR,ERR,ERR,ERR,ERR,ERR,ERR,ERR,ERR,ERR,ERR,ERR,ERR,ERR,ERR,ERR,ERR,ERR,ERR,ERR,ERR,ERR,ERR,ERR,ERR,ERR,ERR,ERR,ERR,ERR,ERR,ERR,ERR,ERR,ERR,ERR,ERR,ERR,ERR,ERR,ERR,ERR,ERR,ERR,ERR,ERR,ERR,ERR,ERR,ERR,ERR,ERR,ERR,ERR,ERR,ERR,ERR,ERR,ERR,ERR,ERR,ERR,ERR,ERR,ERR,ERR,ERR,ERR,ERR,ERR,ERR,ERR,ERR,ERR,ERR,ERR,ERR,ERR,ERR,ERR,ERR,ERR,ERR,ERR,ERR,ERR,ERR,ERR,ERR,ERR,ERR,ERR,ERR,ERR,ERR,ERR,ERR,ERR,0.0,-0.0,0.0,0.0,0.0,1.7626544278350915e+27,-0.0,0.0,4300,0,8,17169,4300,0.0,41,0.0,0.0,0.0,0.0,2.7184166902131945e+23,0,0,0,0,0.0,0,0,0,0,0,0,0,0,0,0,0,0,0,0,0,0,0,0,0,0,0,0,0,0,0,0,0,0,0,0,0,0,0,12,36,36,47,65476,394,65476,1,0,4,21553,0.0,0.0,0.0,0.0,0.0,0.0,0.0,0.0,0.0,0.0,0.0,0.0,0.0,0.0,0.0,0.0,0.0,0.0,0.0,0.0,0.0,2.004,0.0,-0.0,-2.004,3.697076622266571e+19,0.0,0.0,0.0,0.0,6569.0,-1.5879386089525827e+29,0.0,0.0,-0.0,0.0,-0.0,0.0,0.0,2.004,2.004,227,0.0,-107615256.0,0.0,0.0,0.0,0.0,0.0,0.0,0.0,0,0,0,66592859750400.0,0.0,0.0,5.824698668443622e+29,0.0,-0.0,0.0,0.0,0.0,-4.889139733966795e+31,-51782.16,1.7369715328417792e+17,0.0,0.0,0.0,0.0,0,1.3516416376850534e+27,227,0.0,452,2.40156025918058e+36,-0.235,2112,52429,17109,0,17112,52429,17095,0,0,0,101,100,100,2.7302339554914296e+23,65.7,2.7302341356354147e+23,66.0,0.0,66.0,1,49,50,180,39322,52429,0,0,0.0,0.0,0.0,60.0,-0.0,71.0,0.0,-4.16170976237859e+23,0.0,1068,0,1069,0,0,0,1069,0,1079,0,999,0,660,0,662,0,658,0,675,0.032,1.4609821306377965e+22,-2.004,0.0,26768,16814,-0.0,3.4237593819704593e+28,-0.0,1001670729269248.0,-1.0650851049141593e+38,-0.157,50.0,60.0,35,0.0,0.0,10.0,2.0,0.0,0.0,0.0,0.0,0.0,0.0,0.0,0.0,0.0,0.0,0.0,0.0,58.8,52,12,65510,27,65476,0,300,0,0,8,20529,65476,0,0,30147,60.0,0.0,10.0,10.0,2.0,0.0
2026-02-16T12:41:42,ERR,ERR,ERR,ERR,ERR,ERR,ERR,ERR,ERR,ERR,ERR,ERR,ERR,ERR,ERR,ERR,ERR,ERR,ERR,ERR,ERR,ERR,ERR,ERR,ERR,ERR,ERR,ERR,ERR,ERR,ERR,ERR,ERR,ERR,ERR,ERR,ERR,ERR,ERR,ERR,ERR,ERR,ERR,ERR,ERR,ERR,ERR,ERR,ERR,ERR,ERR,ERR,ERR,ERR,ERR,ERR,ERR,ERR,ERR,ERR,ERR,ERR,ERR,ERR,ERR,ERR,ERR,ERR,ERR,ERR,ERR,ERR,ERR,ERR,ERR,ERR,ERR,ERR,ERR,ERR,ERR,ERR,ERR,ERR,ERR,ERR,ERR,ERR,ERR,ERR,ERR,ERR,ERR,ERR,ERR,ERR,ERR,ERR,ERR,ERR,ERR,ERR,ERR,ERR,ERR,ERR,ERR,ERR,ERR,ERR,ERR,ERR,ERR,ERR,ERR,ERR,ERR,ERR,ERR,ERR,ERR,ERR,ERR,ERR,ERR,0.0,-0.0,0.0,0.0,0.0,1.7626544278350915e+27,-0.0,0.0,4300,0,8,17169,4300,0.0,41,0.0,0.0,0.0,0.0,2.7184166902131945e+23,0,0,0,0,0.0,0,0,0,0,0,0,0,0,0,0,0,0,0,0,0,0,0,0,0,0,0,0,0,0,0,0,0,0,0,0,0,0,0,12,36,36,47,65476,394,65476,1,0,4,21553,0.0,0.0,0.0,0.0,0.0,0.0,0.0,0.0,0.0,0.0,0.0,0.0,0.0,0.0,0.0,0.0,0.0,0.0,0.0,0.0,0.0,2.004,0.0,-0.0,-2.004,3.697076622266571e+19,0.0,0.0,0.0,0.0,6569.0,-1.5879386089525827e+29,0.0,0.0,-0.0,0.0,-0.0,0.0,0.0,2.004,2.004,227,0.0,-107615256.0,0.0,0.0,0.0,0.0,0.0,0.0,0.0,0,0,0,66592859750400.0,0.0,0.0,5.824698668443622e+29,0.0,-0.0,0.0,0.0,0.0,-4.889139733966795e+31,-51782.16,1.7369715328417792e+17,0.0,0.0,0.0,0.0,0,1.3516416376850534e+27,227,0.0,452,2.40156025918058e+36,-0.235,2112,52429,17109,52429,17111,52429,17095,0,0,0,101,100,100,2.7302339554914296e+23,65.7,2.7302341356354147e+23,66.0,0.0,66.0,1,49,50,180,39322,52429,0,0,0.0,0.0,0.0,60.0,-0.0,71.0,0.0,3.887986896702477e+28,0.0,1068,0,1069,0,0,0,1069,0,1079,0,999,0,660,0,662,0,657,0,675,0.032,1.4536034330083127e+22,-2.004,0.0,41872,16814,-0.0,3.887986896702477e+28,-0.0,8718905769984.0,0.0,-0.778,50.0,60.0,35,0.0,0.0,10.0,2.0,0.0,0.0,0.0,0.0,0.0,0.0,0.0,0.0,0.0,0.0,0.0,0.0,58.8,52,12,65510,27,65476,0,300,0,0,8,20529,65476,0,0,30147,60.0,0.0,10.0,10.0,2.0,0.0
2026-02-16T12:41:43,ERR,ERR,ERR,ERR,ERR,ERR,ERR,ERR,ERR,ERR,ERR,ERR,ERR,ERR,ERR,ERR,ERR,ERR,ERR,ERR,ERR,ERR,ERR,ERR,ERR,ERR,ERR,ERR,ERR,ERR,ERR,ERR,ERR,ERR,ERR,ERR,ERR,ERR,ERR,ERR,ERR,ERR,ERR,ERR,ERR,ERR,ERR,ERR,ERR,ERR,ERR,ERR,ERR,ERR,ERR,ERR,ERR,ERR,ERR,ERR,ERR,ERR,ERR,ERR,ERR,ERR,ERR,ERR,ERR,ERR,ERR,ERR,ERR,ERR,ERR,ERR,ERR,ERR,ERR,ERR,ERR,ERR,ERR,ERR,ERR,ERR,ERR,ERR,ERR,ERR,ERR,ERR,ERR,ERR,ERR,ERR,ERR,ERR,ERR,ERR,ERR,ERR,ERR,ERR,ERR,ERR,ERR,ERR,ERR,ERR,ERR,ERR,ERR,ERR,ERR,ERR,ERR,ERR,ERR,ERR,ERR,ERR,ERR,ERR,ERR,0.0,-0.0,0.0,0.0,0.0,7.681581417001229e+19,-0.0,0.0,4300,0,8,17169,4300,0.0,41,0.0,0.0,0.0,0.0,2.7184166902131945e+23,0,0,0,0,0.0,0,0,0,0,0,0,0,0,0,0,0,0,0,0,0,0,0,0,0,0,0,0,0,0,0,0,0,0,0,0,0,0,0,12,36,36,48,65476,394,65476,1,0,4,21553,0.0,0.0,0.0,0.0,0.0,0.0,0.0,0.0,0.0,0.0,0.0,0.0,0.0,0.0,0.0,0.0,0.0,0.0,0.0,0.0,0.0,2.004,2.004,-0.0,-2.004,3.697076622266571e+19,0.0,0.0,0.0,0.0,6606.0,0.0,0.0,0.0,-0.0,0.0,-0.0,0.0,0.0,2.004,2.004,226,0.059,-152018270289920.0,0.0,0.0,0.0,0.0,0.0,0.0,0.0,0,0,0,8014869823488.0,26835974881280.0,-7.341648586584456e+29,-0.0,0.0,0.0,0.0,-4.538637200125874e+24,0.0,-5.237743649029558e+31,-54854.16,1.872079521662894e+17,0.0,0.0,0.0,0.0,0,1.3516416376850534e+27,226,0.0,452,0.0,-0.0,2112,52429,17109,52429,17111,52429,17095,0,0,0,101,100,100,2.7302339554914296e+23,65.7,2.7302341356354147e+23,66.0,0.0,66.0,1,49,50,180,39322,52429,0,0,0.0,0.0,0.0,60.0,-0.0,71.0,0.0,3.887986896702477e+28,0.0,1068,0,1069,0,0,0,1069,0,1079,0,999,0,660,0,662,0,657,0,675,0.032,1.4536034330083127e+22,-2.004,0.0,41872,16814,-0.0,3.887986896702477e+28,-0.0,8718905769984.0,0.0,-0.778,50.0,60.0,35,0.0,0.0,10.0,2.0,0.0,0.0,0.0,0.0,0.0,0.0,0.0,0.0,0.0,0.0,0.0,0.0,58.8,52,12,65510,27,65476,0,300,0,0,8,20529,65476,0,0,30147,60.0,0.0,10.0,10.0,2.0,0.0
2026-02-16T12:41:44,ERR,ERR,ERR,ERR,ERR,ERR,ERR,ERR,ERR,ERR,ERR,ERR,ERR,ERR,ERR,ERR,ERR,ERR,ERR,ERR,ERR,ERR,ERR,ERR,ERR,ERR,ERR,ERR,ERR,ERR,ERR,ERR,ERR,ERR,ERR,ERR,ERR,ERR,ERR,ERR,ERR,ERR,ERR,ERR,ERR,ERR,ERR,ERR,ERR,ERR,ERR,ERR,ERR,ERR,ERR,ERR,ERR,ERR,ERR,ERR,ERR,ERR,ERR,ERR,ERR,ERR,ERR,ERR,ERR,ERR,ERR,ERR,ERR,ERR,ERR,ERR,ERR,ERR,ERR,ERR,ERR,ERR,ERR,ERR,ERR,ERR,ERR,ERR,ERR,ERR,ERR,ERR,ERR,ERR,ERR,ERR,ERR,ERR,ERR,ERR,ERR,ERR,ERR,ERR,ERR,ERR,ERR,ERR,ERR,ERR,ERR,ERR,ERR,ERR,ERR,ERR,ERR,ERR,ERR,ERR,ERR,ERR,ERR,ERR,ERR,0.0,-0.0,0.0,0.0,0.0,7.681581417001229e+19,-0.0,0.0,4300,0,8,17169,4300,0.0,41,0.0,0.0,0.0,0.0,2.7184166902131945e+23,0,0,0,0,0.0,0,0,0,0,0,0,0,0,0,0,0,0,0,0,0,0,0,0,0,0,0,0,0,0,0,0,0,0,0,0,0,0,0,12,36,36,48,65476,394,65476,1,0,4,21553,0.0,0.0,0.0,0.0,0.0,0.0,0.0,0.0,0.0,0.0,0.0,0.0,0.0,0.0,0.0,0.0,0.0,0.0,0.0,0.0,0.0,2.004,2.004,-0.0,-2.004,3.697076622266571e+19,0.0,0.0,0.0,0.0,6606.0,0.0,0.0,0.0,-0.0,0.0,-0.0,0.0,0.0,2.004,2.004,226,0.059,-152018270289920.0,0.0,0.0,0.0,0.0,0.0,0.0,0.0,0,0,0,8014869823488.0,26835974881280.0,-7.341648586584456e+29,-0.0,0.0,0.0,0.0,-4.538637200125874e+24,0.0,-5.237743649029558e+31,-54854.16,1.872079521662894e+17,0.0,0.0,0.0,0.0,0,1.3516416376850534e+27,226,0.0,452,0.0,-0.0,2112,52429,17109,52429,17111,52429,17095,0,0,0,101,100,100,2.7302339554914296e+23,65.7,2.7302341356354147e+23,66.0,0.0,66.0,1,49,50,180,39322,52429,0,0,0.0,0.0,0.0,60.0,-0.0,71.0,0.0,3.887986896702477e+28,0.0,1068,0,1069,0,0,0,1069,0,1079,0,999,0,660,0,662,0,657,0,675,0.032,1.4536034330083127e+22,-2.004,0.0,41872,16814,-0.0,3.887986896702477e+28,-0.0,8718905769984.0,0.0,-0.778,50.0,60.0,35,0.0,0.0,10.0,2.0,0.0,0.0,0.0,0.0,0.0,0.0,0.0,0.0,0.0,0.0,0.0,0.0,58.8,52,12,65510,27,65476,0,300,0,0,8,20529,65476,0,0,30147,60.0,0.0,10.0,10.0,2.0,0.0
2026-02-16T12:41:45,ERR,ERR,ERR,ERR,ERR,ERR,ERR,ERR,ERR,ERR,ERR,ERR,ERR,ERR,ERR,ERR,ERR,ERR,ERR,ERR,ERR,ERR,ERR,ERR,ERR,ERR,ERR,ERR,ERR,ERR,ERR,ERR,ERR,ERR,ERR,ERR,ERR,ERR,ERR,ERR,ERR,ERR,ERR,ERR,ERR,ERR,ERR,ERR,ERR,ERR,ERR,ERR,ERR,ERR,ERR,ERR,ERR,ERR,ERR,ERR,ERR,ERR,ERR,ERR,ERR,ERR,ERR,ERR,ERR,ERR,ERR,ERR,ERR,ERR,ERR,ERR,ERR,ERR,ERR,ERR,ERR,ERR,ERR,ERR,ERR,ERR,ERR,ERR,ERR,ERR,ERR,ERR,ERR,ERR,ERR,ERR,ERR,ERR,ERR,ERR,ERR,ERR,ERR,ERR,ERR,ERR,ERR,ERR,ERR,ERR,ERR,ERR,ERR,ERR,ERR,ERR,ERR,ERR,ERR,ERR,ERR,ERR,ERR,ERR,ERR,0.0,-0.0,0.0,0.0,0.0,7.681581417001229e+19,-0.0,0.0,4300,0,8,17169,4300,0.0,41,0.0,0.0,0.0,0.0,2.7184166902131945e+23,0,0,0,0,0.0,0,0,0,0,0,0,0,0,0,0,0,0,0,0,0,0,0,0,0,0,0,0,0,0,0,0,0,0,0,0,0,0,0,12,36,36,48,65476,394,65476,1,0,4,21553,0.0,0.0,0.0,0.0,0.0,0.0,0.0,0.0,0.0,0.0,0.0,0.0,0.0,0.0,0.0,0.0,0.0,0.0,0.0,0.0,0.0,2.004,2.004,-0.0,-2.004,3.697076622266571e+19,0.0,0.0,0.0,0.0,6606.0,0.0,0.0,0.0,-0.0,0.0,-0.0,0.0,0.0,2.004,2.004,226,0.059,-152018270289920.0,0.0,0.0,0.0,0.0,0.0,0.0,0.0,0,0,0,8014869823488.0,26835974881280.0,-7.341648586584456e+29,-0.0,0.0,0.0,0.0,-4.538637200125874e+24,0.0,-5.237743649029558e+31,-54854.16,1.872079521662894e+17,0.0,0.0,0.0,0.0,0,1.3516416376850534e+27,226,0.0,452,0.0,-0.0,2112,52429,17109,52429,17111,52429,17095,0,0,0,101,100,100,2.7302339554914296e+23,65.7,2.7302341356354147e+23,66.0,0.0,66.0,1,49,50,180,39322,52429,0,0,0.0,0.0,0.0,60.0,-0.0,71.0,0.0,0.0,0.0,1068,0,1069,0,0,0,1069,0,1079,0,999,0,660,0,662,0,658,0,675,0.032,1.4683608282672803e+22,-2.004,0.0,40080,16814,-0.0,0.0,445067264000.0,-0.0,-17952.795,3886948548608.0,50.0,60.0,35,0.0,0.0,10.0,2.0,0.0,0.0,0.0,0.0,0.0,0.0,0.0,0.0,0.0,0.0,0.0,0.0,58.8,52,12,65510,27,65476,0,300,0,0,8,20529,65476,0,0,30147,60.0,0.0,10.0,10.0,2.0,0.0
2026-02-16T12:41:46,ERR,ERR,ERR,ERR,ERR,ERR,ERR,ERR,ERR,ERR,ERR,ERR,ERR,ERR,ERR,ERR,ERR,ERR,ERR,ERR,ERR,ERR,ERR,ERR,ERR,ERR,ERR,ERR,ERR,ERR,ERR,ERR,ERR,ERR,ERR,ERR,ERR,ERR,ERR,ERR,ERR,ERR,ERR,ERR,ERR,ERR,ERR,ERR,ERR,ERR,ERR,ERR,ERR,ERR,ERR,ERR,ERR,ERR,ERR,ERR,ERR,ERR,ERR,ERR,ERR,ERR,ERR,ERR,ERR,ERR,ERR,ERR,ERR,ERR,ERR,ERR,ERR,ERR,ERR,ERR,ERR,ERR,ERR,ERR,ERR,ERR,ERR,ERR,ERR,ERR,ERR,ERR,ERR,ERR,ERR,ERR,ERR,ERR,ERR,ERR,ERR,ERR,ERR,ERR,ERR,ERR,ERR,ERR,ERR,ERR,ERR,ERR,ERR,ERR,ERR,ERR,ERR,ERR,ERR,ERR,ERR,ERR,ERR,ERR,ERR,0.0,-0.0,0.0,0.0,0.0,7.681581417001229e+19,-0.0,0.0,4300,0,8,17169,4300,0.0,41,0.0,0.0,0.0,0.0,2.7184166902131945e+23,0,0,0,0,0.0,0,0,0,0,0,0,0,0,0,0,0,0,0,0,0,0,0,0,0,0,0,0,0,0,0,0,0,0,0,0,0,0,0,12,36,36,48,65476,394,65476,1,0,4,21553,0.0,0.0,0.0,0.0,0.0,0.0,0.0,0.0,0.0,0.0,0.0,0.0,0.0,0.0,0.0,0.0,0.0,0.0,0.0,0.0,0.0,2.004,2.004,-0.0,-2.004,3.697076622266571e+19,0.0,0.0,0.0,0.0,6606.0,0.0,0.0,0.0,-0.0,0.0,-0.0,0.0,0.0,2.004,2.004,226,0.059,-152018270289920.0,0.0,0.0,0.0,0.0,0.0,0.0,0.0,0,0,0,8014869823488.0,26835974881280.0,-7.341648586584456e+29,-0.0,0.0,0.0,0.0,-4.538637200125874e+24,0.0,-5.237743649029558e+31,-54854.16,1.872079521662894e+17,0.0,0.0,0.0,0.0,0,1.3516416376850534e+27,226,0.0,452,0.0,-0.0,2112,52429,17109,52429,17111,52429,17095,0,0,0,101,100,100,2.7302339554914296e+23,65.7,2.7302341356354147e+23,66.0,0.0,66.0,1,49,50,180,39322,52429,0,0,0.0,0.0,0.0,60.0,-0.0,71.0,0.0,0.0,0.0,1068,0,1069,0,0,0,1069,0,1079,0,999,0,660,0,662,0,658,0,675,0.032,1.4683608282672803e+22,-2.004,0.0,40080,16814,-0.0,0.0,445067264000.0,-0.0,-17952.795,3886948548608.0,50.0,60.0,35,0.0,0.0,10.0,2.0,0.0,0.0,0.0,0.0,0.0,0.0,0.0,0.0,0.0,0.0,0.0,0.0,58.8,52,12,65510,27,65476,0,300,0,0,8,20529,65476,0,0,30147,60.0,0.0,10.0,10.0,2.0,0.0
2026-02-16T12:41:47,ERR,ERR,ERR,ERR,ERR,ERR,ERR,ERR,ERR,ERR,ERR,ERR,ERR,ERR,ERR,ERR,ERR,ERR,ERR,ERR,ERR,ERR,ERR,ERR,ERR,ERR,ERR,ERR,ERR,ERR,ERR,ERR,ERR,ERR,ERR,ERR,ERR,ERR,ERR,ERR,ERR,ERR,ERR,ERR,ERR,ERR,ERR,ERR,ERR,ERR,ERR,ERR,ERR,ERR,ERR,ERR,ERR,ERR,ERR,ERR,ERR,ERR,ERR,ERR,ERR,ERR,ERR,ERR,ERR,ERR,ERR,ERR,ERR,ERR,ERR,ERR,ERR,ERR,ERR,ERR,ERR,ERR,ERR,ERR,ERR,ERR,ERR,ERR,ERR,ERR,ERR,ERR,ERR,ERR,ERR,ERR,ERR,ERR,ERR,ERR,ERR,ERR,ERR,ERR,ERR,ERR,ERR,ERR,ERR,ERR,ERR,ERR,ERR,ERR,ERR,ERR,ERR,ERR,ERR,ERR,ERR,ERR,ERR,ERR,ERR,0.0,-0.0,0.0,0.0,0.0,7.681581417001229e+19,-0.0,0.0,4300,0,8,17169,4300,0.0,41,0.0,0.0,0.0,0.0,2.7184166902131945e+23,0,0,0,0,0.0,0,0,0,0,0,0,0,0,0,0,0,0,0,0,0,0,0,0,0,0,0,0,0,0,0,0,0,0,0,0,0,0,0,12,36,36,48,65476,394,65476,1,0,4,21553,0.0,0.0,0.0,0.0,0.0,0.0,0.0,0.0,0.0,0.0,0.0,0.0,0.0,0.0,0.0,0.0,0.0,0.0,0.0,0.0,0.0,2.004,2.004,-0.0,-2.004,3.697076622266571e+19,0.0,0.0,0.0,0.0,6606.0,0.0,0.0,0.0,-0.0,0.0,-0.0,0.0,0.0,2.004,2.004,226,0.059,-152018270289920.0,0.0,0.0,0.0,0.0,0.0,0.0,0.0,0,0,0,8014869823488.0,26835974881280.0,-7.341648586584456e+29,-0.0,0.0,0.0,0.0,-4.538637200125874e+24,0.0,-5.237743649029558e+31,-54854.16,1.872079521662894e+17,0.0,0.0,0.0,0.0,0,1.3516416376850534e+27,226,0.0,452,0.0,-0.0,2112,52429,17109,52429,17111,52429,17095,0,0,0,101,100,100,2.7302339554914296e+23,65.7,2.7302341356354147e+23,66.0,0.0,66.0,1,49,50,180,39322,52429,0,0,0.0,0.0,0.0,60.0,-0.0,71.0,0.0,0.0,0.0,1068,0,1069,0,0,0,1069,0,1079,0,999,0,660,0,662,0,658,0,675,0.032,1.4683608282672803e+22,-2.004,0.0,40080,16814,-0.0,0.0,445067264000.0,-0.0,-17952.795,3886948548608.0,50.0,60.0,35,0.0,0.0,10.0,2.0,0.0,0.0,0.0,0.0,0.0,0.0,0.0,0.0,0.0,0.0,0.0,0.0,59.2,52,12,65510,27,65476,0,300,0,0,8,20529,65476,0,0,30147,60.0,0.0,10.0,10.0,2.0,0.0
2026-02-16T12:41:48,ERR,ERR,ERR,ERR,ERR,ERR,ERR,ERR,ERR,ERR,ERR,ERR,ERR,ERR,ERR,ERR,ERR,ERR,ERR,ERR,ERR,ERR,ERR,ERR,ERR,ERR,ERR,ERR,ERR,ERR,ERR,ERR,ERR,ERR,ERR,ERR,ERR,ERR,ERR,ERR,ERR,ERR,ERR,ERR,ERR,ERR,ERR,ERR,ERR,ERR,ERR,ERR,ERR,ERR,ERR,ERR,ERR,ERR,ERR,ERR,ERR,ERR,ERR,ERR,ERR,ERR,ERR,ERR,ERR,ERR,ERR,ERR,ERR,ERR,ERR,ERR,ERR,ERR,ERR,ERR,ERR,ERR,ERR,ERR,ERR,ERR,ERR,ERR,ERR,ERR,ERR,ERR,ERR,ERR,ERR,ERR,ERR,ERR,ERR,ERR,ERR,ERR,ERR,ERR,ERR,ERR,ERR,ERR,ERR,ERR,ERR,ERR,ERR,ERR,ERR,ERR,ERR,ERR,ERR,ERR,ERR,ERR,ERR,ERR,ERR,-107615880.0,-0.0,2.7184069624379994e+23,0.0,-0.0,-0.0,-3475095420928.0,1.1156953493525421e+29,4300,0,8,17169,4300,0.0,41,0.0,0.0,0.0,0.0,2.7184166902131945e+23,0,0,0,0,0.0,0,0,0,0,0,0,0,0,0,0,0,0,0,0,0,0,0,0,0,0,0,0,0,0,0,0,0,0,0,0,0,0,0,12,36,36,48,65476,397,65476,1,0,4,21553,0.0,-0.0,0.0,0.0,0.0,0.0,0.0,0.0,0.0,0.0,0.0,0.0,0.0,0.0,0.0,0.0,0.0,0.0,0.0,0.0,0.0,2.004,0.0,-0.0,-2.004,3.697076622266571e+19,0.0,0.0,0.0,0.0,6610.0,0.0,0.0,-107615880.0,-0.0,0.0,-0.0,-0.0,0.0,2.004,2.004,227,2.718417410789135e+23,-4.95042434246788e+32,0.0,0.0,0.0,0.0,0.0,0.0,0.0,0,0,0,8.692897540346432e+22,-0.0,0.0,-817150558208.0,0.0,0.0,0.0,-0.24,-1.2295956914971259e+27,-5.618038829098027e+31,-58182.16,2.007187510484009e+17,0.0,0.0,0.0,3302778994688.0,0,1.3516416376850534e+27,227,0.0,454,0.0,-0.0,2112,52429,17109,52429,17111,52429,17095,0,0,0,101,100,100,-0.0,65.7,2.7302341356354147e+23,66.0,0.0,66.0,1,49,50,180,39322,52429,0,0,0.0,0.0,0.0,60.0,-0.0,71.0,0.0,-4.893676567223385e+23,0.0,1068,0,1069,0,0,0,1069,0,1079,0,999,0,660,0,662,0,657,0,675,0.032,1.4536034330083127e+22,-2.004,0.0,27280,16814,-0.0,-1.875763742787732e+25,0.0,2.1489084408112544e+26,1.6793204452136833e+25,0.0,50.0,60.0,35,0.0,0.0,10.0,2.0,0.0,0.0,0.0,0.0,0.0,0.0,0.0,0.0,0.0,0.0,0.0,0.0,59.2,52,12,65510,27,65476,0,300,0,0,8,20529,65476,0,0,30147,60.0,0.0,10.0,10.0,2.0,0.0
2026-02-16T12:41:49,ERR,ERR,ERR,ERR,ERR,ERR,ERR,ERR,ERR,ERR,ERR,ERR,ERR,ERR,ERR,ERR,ERR,ERR,ERR,ERR,ERR,ERR,ERR,ERR,ERR,ERR,ERR,ERR,ERR,ERR,ERR,ERR,ERR,ERR,ERR,ERR,ERR,ERR,ERR,ERR,ERR,ERR,ERR,ERR,ERR,ERR,ERR,ERR,ERR,ERR,ERR,ERR,ERR,ERR,ERR,ERR,ERR,ERR,ERR,ERR,ERR,ERR,ERR,ERR,ERR,ERR,ERR,ERR,ERR,ERR,ERR,ERR,ERR,ERR,ERR,ERR,ERR,ERR,ERR,ERR,ERR,ERR,ERR,ERR,ERR,ERR,ERR,ERR,ERR,ERR,ERR,ERR,ERR,ERR,ERR,ERR,ERR,ERR,ERR,ERR,ERR,ERR,ERR,ERR,ERR,ERR,ERR,ERR,ERR,ERR,ERR,ERR,ERR,ERR,ERR,ERR,ERR,ERR,ERR,ERR,ERR,ERR,ERR,ERR,ERR,-107615880.0,-0.0,2.7184069624379994e+23,0.0,-0.0,-0.0,-3475095420928.0,1.1156953493525421e+29,4300,0,8,17169,4300,0.0,41,0.0,0.0,0.0,0.0,2.7184166902131945e+23,0,0,0,0,0.0,0,0,0,0,0,0,0,0,0,0,0,0,0,0,0,0,0,0,0,0,0,0,0,0,0,0,0,0,0,0,0,0,0,12,36,36,48,65476,397,65476,1,0,4,21553,0.0,-0.0,0.0,0.0,0.0,0.0,0.0,0.0,0.0,0.0,0.0,0.0,0.0,0.0,0.0,0.0,0.0,0.0,0.0,0.0,0.0,2.004,0.0,-0.0,-2.004,3.697076622266571e+19,0.0,0.0,0.0,0.0,6610.0,0.0,0.0,-107615880.0,-0.0,0.0,-0.0,-0.0,0.0,2.004,2.004,227,2.718417410789135e+23,-4.95042434246788e+32,0.0,0.0,0.0,0.0,0.0,0.0,0.0,0,0,0,8.692897540346432e+22,-0.0,0.0,-817150558208.0,0.0,0.0,0.0,-0.24,-1.2295956914971259e+27,-5.618038829098027e+31,-58182.16,2.007187510484009e+17,0.0,0.0,0.0,3302778994688.0,0,1.3516416376850534e+27,227,0.0,454,0.0,-0.0,2112,52429,17109,52429,17111,52429,17095,0,0,0,101,100,100,-0.0,65.7,2.7302341356354147e+23,66.0,0.0,66.0,1,49,50,180,39322,52429,0,0,0.0,0.0,0.0,60.0,-0.0,71.0,0.0,-4.893676567223385e+23,0.0,1068,0,1069,0,0,0,1069,0,1079,0,999,0,660,0,662,0,657,0,675,0.032,1.4536034330083127e+22,-2.004,0.0,27280,16814,-0.0,-1.875763742787732e+25,0.0,2.1489084408112544e+26,1.6793204452136833e+25,0.0,50.0,60.0,35,0.0,0.0,10.0,2.0,0.0,0.0,0.0,0.0,0.0,0.0,0.0,0.0,0.0,0.0,0.0,0.0,59.2,52,12,65510,27,65476,0,300,0,0,8,20529,65476,0,0,30147,60.0,0.0,10.0,10.0,2.0,0.0
2026-02-16T12:41:50,ERR,ERR,ERR,ERR,ERR,ERR,ERR,ERR,ERR,ERR,ERR,ERR,ERR,ERR,ERR,ERR,ERR,ERR,ERR,ERR,ERR,ERR,ERR,ERR,ERR,ERR,ERR,ERR,ERR,ERR,ERR,ERR,ERR,ERR,ERR,ERR,ERR,ERR,ERR,ERR,ERR,ERR,ERR,ERR,ERR,ERR,ERR,ERR,ERR,ERR,ERR,ERR,ERR,ERR,ERR,ERR,ERR,ERR,ERR,ERR,ERR,ERR,ERR,ERR,ERR,ERR,ERR,ERR,ERR,ERR,ERR,ERR,ERR,ERR,ERR,ERR,ERR,ERR,ERR,ERR,ERR,ERR,ERR,ERR,ERR,ERR,ERR,ERR,ERR,ERR,ERR,ERR,ERR,ERR,ERR,ERR,ERR,ERR,ERR,ERR,ERR,ERR,ERR,ERR,ERR,ERR,ERR,ERR,ERR,ERR,ERR,ERR,ERR,ERR,ERR,ERR,ERR,ERR,ERR,ERR,ERR,ERR,ERR,ERR,ERR,-107615880.0,-0.0,2.7184069624379994e+23,0.0,-0.0,-0.0,-3475095420928.0,1.1156953493525421e+29,4300,0,8,17169,4300,0.0,41,0.0,0.0,0.0,0.0,2.7184166902131945e+23,0,0,0,0,0.0,0,0,0,0,0,0,0,0,0,0,0,0,0,0,0,0,0,0,0,0,0,0,0,0,0,0,0,0,0,0,0,0,0,12,36,36,48,65476,397,65476,1,0,4,21553,0.0,-0.0,0.0,0.0,0.0,0.0,0.0,0.0,0.0,0.0,0.0,0.0,0.0,0.0,0.0,0.0,0.0,0.0,0.0,0.0,0.0,2.004,0.0,-0.0,-2.004,3.697076622266571e+19,0.0,0.0,0.0,0.0,6610.0,0.0,0.0,-107615880.0,-0.0,0.0,-0.0,-0.0,0.0,2.004,2.004,227,2.718417410789135e+23,-4.95042434246788e+32,0.0,0.0,0.0,0.0,0.0,0.0,0.0,0,0,0,8.692897540346432e+22,-0.0,0.0,-817150558208.0,0.0,0.0,0.0,-0.24,-1.2295956914971259e+27,-5.618038829098027e+31,-58182.16,2.007187510484009e+17,0.0,0.0,0.0,3302778994688.0,0,1.3516416376850534e+27,227,0.0,454,0.0,-0.0,2112,52429,17109,52429,17111,52429,17095,0,0,0,101,100,100,-0.0,65.7,2.7302341356354147e+23,66.0,0.0,66.0,1,49,50,180,39322,52429,0,0,0.0,0.0,0.0,60.0,-0.0,71.0,0.0,-4.893676567223385e+23,0.0,1068,0,1069,0,0,0,1069,0,1079,0,999,0,660,0,662,0,657,0,675,0.032,1.4536034330083127e+22,-2.004,0.0,27280,16814,-0.0,-1.875763742787732e+25,0.0,2.1489084408112544e+26,1.6793204452136833e+25,0.0,50.0,60.0,35,0.0,0.0,10.0,2.0,0.0,0.0,0.0,0.0,0.0,0.0,0.0,0.0,0.0,0.0,0.0,0.0,58.8,52,12,65510,27,65476,0,300,0,0,8,20529,65476,0,0,30147,60.0,0.0,10.0,10.0,2.0,0.0
2026-02-16T12:41:51,ERR,ERR,ERR,ERR,ERR,ERR,ERR,ERR,ERR,ERR,ERR,ERR,ERR,ERR,ERR,ERR,ERR,ERR,ERR,ERR,ERR,ERR,ERR,ERR,ERR,ERR,ERR,ERR,ERR,ERR,ERR,ERR,ERR,ERR,ERR,ERR,ERR,ERR,ERR,ERR,ERR,ERR,ERR,ERR,ERR,ERR,ERR,ERR,ERR,ERR,ERR,ERR,ERR,ERR,ERR,ERR,ERR,ERR,ERR,ERR,ERR,ERR,ERR,ERR,ERR,ERR,ERR,ERR,ERR,ERR,ERR,ERR,ERR,ERR,ERR,ERR,ERR,ERR,ERR,ERR,ERR,ERR,ERR,ERR,ERR,ERR,ERR,ERR,ERR,ERR,ERR,ERR,ERR,ERR,ERR,ERR,ERR,ERR,ERR,ERR,ERR,ERR,ERR,ERR,ERR,ERR,ERR,ERR,ERR,ERR,ERR,ERR,ERR,ERR,ERR,ERR,ERR,ERR,ERR,ERR,ERR,ERR,ERR,ERR,ERR,-107615880.0,-0.0,2.7184069624379994e+23,0.0,-0.0,-0.0,-3475095420928.0,1.1156953493525421e+29,4300,0,8,17169,4300,0.0,41,0.0,0.0,0.0,0.0,2.7184166902131945e+23,0,0,0,0,0.0,0,0,0,0,0,0,0,0,0,0,0,0,0,0,0,0,0,0,0,0,0,0,0,0,0,0,0,0,0,0,0,0,0,12,36,36,48,65476,397,65476,1,0,4,21553,0.0,-0.0,0.0,0.0,0.0,0.0,0.0,0.0,0.0,0.0,0.0,0.0,0.0,0.0,0.0,0.0,0.0,0.0,0.0,0.0,0.0,2.004,0.0,-0.0,-2.004,3.697076622266571e+19,0.0,0.0,0.0,0.0,6610.0,0.0,0.0,-107615880.0,-0.0,0.0,-0.0,-0.0,0.0,2.004,2.004,227,2.718417410789135e+23,-4.95042434246788e+32,0.0,0.0,0.0,0.0,0.0,0.0,0.0,0,0,0,8.692897540346432e+22,-0.0,0.0,-817150558208.0,0.0,0.0,0.0,-0.24,-1.2295956914971259e+27,-5.618038829098027e+31,-58182.16,2.007187510484009e+17,0.0,0.0,0.0,3302778994688.0,0,1.3516416376850534e+27,227,0.0,454,0.0,-0.0,2112,52429,17109,52429,17111,52429,17095,0,0,0,101,100,100,-0.0,65.7,2.7302341356354147e+23,66.0,0.0,66.0,1,49,50,180,39322,52429,0,0,0.0,0.0,0.0,60.0,-0.0,71.0,0.0,-4.893676567223385e+23,0.0,1068,0,1069,0,0,0,1069,0,1079,0,999,0,660,0,662,0,657,0,675,0.032,1.4536034330083127e+22,-2.004,0.0,27280,16814,-0.0,-1.875763742787732e+25,0.0,2.1489084408112544e+26,1.6793204452136833e+25,0.0,50.0,60.0,35,0.0,0.0,10.0,2.0,0.0,0.0,0.0,0.0,0.0,0.0,0.0,0.0,0.0,0.0,0.0,0.0,58.8,52,12,65510,27,65476,0,300,0,0,8,20529,65476,0,0,30147,60.0,0.0,10.0,10.0,2.0,0.0
2026-02-16T12:41:52,ERR,ERR,ERR,ERR,ERR,ERR,ERR,ERR,ERR,ERR,ERR,ERR,ERR,ERR,ERR,ERR,ERR,ERR,ERR,ERR,ERR,ERR,ERR,ERR,ERR,ERR,ERR,ERR,ERR,ERR,ERR,ERR,ERR,ERR,ERR,ERR,ERR,ERR,ERR,ERR,ERR,ERR,ERR,ERR,ERR,ERR,ERR,ERR,ERR,ERR,ERR,ERR,ERR,ERR,ERR,ERR,ERR,ERR,ERR,ERR,ERR,ERR,ERR,ERR,ERR,ERR,ERR,ERR,ERR,ERR,ERR,ERR,ERR,ERR,ERR,ERR,ERR,ERR,ERR,ERR,ERR,ERR,ERR,ERR,ERR,ERR,ERR,ERR,ERR,ERR,ERR,ERR,ERR,ERR,ERR,ERR,ERR,ERR,ERR,ERR,ERR,ERR,ERR,ERR,ERR,ERR,ERR,ERR,ERR,ERR,ERR,ERR,ERR,ERR,ERR,ERR,ERR,ERR,ERR,ERR,ERR,ERR,ERR,ERR,ERR,-107615880.0,-0.0,2.7184069624379994e+23,0.0,-0.0,-0.0,-3475095420928.0,1.1156953493525421e+29,4300,0,8,17169,4300,0.0,41,0.0,0.0,0.0,0.0,2.7184166902131945e+23,0,0,0,0,0.0,0,0,0,0,0,0,0,0,0,0,0,0,0,0,0,0,0,0,0,0,0,0,0,0,0,0,0,0,0,0,0,0,0,12,36,36,48,65476,397,65476,1,0,4,21553,0.0,-0.0,0.0,0.0,0.0,0.0,0.0,0.0,0.0,0.0,0.0,0.0,0.0,0.0,0.0,0.0,0.0,0.0,0.0,0.0,0.0,2.004,0.0,-0.0,-2.004,3.697076622266571e+19,0.0,0.0,0.0,0.0,6610.0,0.0,0.0,-107615880.0,-0.0,0.0,-0.0,-0.0,0.0,2.004,2.004,227,2.718417410789135e+23,-4.95042434246788e+32,0.0,0.0,0.0,0.0,0.0,0.0,0.0,0,0,0,8.692897540346432e+22,-0.0,0.0,-817150558208.0,0.0,0.0,0.0,-0.24,-1.2295956914971259e+27,-5.618038829098027e+31,-58182.16,2.007187510484009e+17,0.0,0.0,0.0,3302778994688.0,0,1.3516416376850534e+27,227,0.0,454,0.0,-0.0,2112,52429,17109,52429,17111,52429,17095,0,0,0,101,100,100,-0.0,65.7,2.7302341356354147e+23,66.0,0.0,66.0,1,49,50,180,39322,52429,0,0,0.0,0.0,0.0,60.0,-0.0,71.0,0.0,-0.004,0.0,1068,0,1069,0,0,0,1069,0,1079,0,999,0,660,0,662,0,658,0,675,0.032,1.4536034330083127e+22,-2.004,0.0,35344,16814,5.427896655051464e+34,-0.004,-0.0,118145.82,0.0,-356.5,50.0,60.0,35,0.0,0.0,10.0,2.0,0.0,0.0,0.0,0.0,0.0,0.0,0.0,0.0,0.0,0.0,0.0,0.0,59.2,52,12,65510,27,65476,0,300,0,0,8,20529,65476,0,0,30147,60.0,0.0,10.0,10.0,2.0,0.0
2026-02-16T12:41:53,ERR,ERR,ERR,ERR,ERR,ERR,ERR,ERR,ERR,ERR,ERR,ERR,ERR,ERR,ERR,ERR,ERR,ERR,ERR,ERR,ERR,ERR,ERR,ERR,ERR,ERR,ERR,ERR,ERR,ERR,ERR,ERR,ERR,ERR,ERR,ERR,ERR,ERR,ERR,ERR,ERR,ERR,ERR,ERR,ERR,ERR,ERR,ERR,ERR,ERR,ERR,ERR,ERR,ERR,ERR,ERR,ERR,ERR,ERR,ERR,ERR,ERR,ERR,ERR,ERR,ERR,ERR,ERR,ERR,ERR,ERR,ERR,ERR,ERR,ERR,ERR,ERR,ERR,ERR,ERR,ERR,ERR,ERR,ERR,ERR,ERR,ERR,ERR,ERR,ERR,ERR,ERR,ERR,ERR,ERR,ERR,ERR,ERR,ERR,ERR,ERR,ERR,ERR,ERR,ERR,ERR,ERR,ERR,ERR,ERR,ERR,ERR,ERR,ERR,ERR,ERR,ERR,ERR,ERR,ERR,ERR,ERR,ERR,ERR,ERR,-107615880.0,-0.0,2.7184069624379994e+23,0.0,-0.0,-0.0,-346.554,1.228304706301208e+35,4300,0,8,17169,4300,0.0,41,0.0,0.0,0.0,0.0,2.7184166902131945e+23,0,0,0,0,0.0,0,0,0,0,0,0,0,0,0,0,0,0,0,0,0,0,0,0,0,0,0,0,0,0,0,0,0,0,0,0,0,0,0,12,36,36,48,65476,400,65476,1,0,4,21553,0.0,0.0,0.0,0.0,0.0,0.0,0.0,0.0,0.0,0.0,0.0,0.0,0.0,0.0,0.0,0.0,0.0,0.0,0.0,0.0,0.0,2.004,0.0,-0.0,-2.004,3.697076622266571e+19,0.0,0.0,0.0,0.0,6607.0,0.0,0.0,-107615880.0,-0.0,0.0,-107616272.0,0.0,0.0,2.004,2.004,226,2.718417410789135e+23,-5.848079055467333e+35,0.0,0.0,0.0,0.0,0.0,0.0,0.0,0,0,0,5850206306304.0,-4004.118,0.0,-0.0,0.0,-0.0,0.0,-0.0,-0.008,-6.030025274172201e+31,-61254.16,2.15355449837355e+17,0.0,0.0,0.0,4.285373198054195e+16,0,1.3516416376850534e+27,226,0.0,452,-621855232.0,-2.2165415544150295e+20,2112,52429,17109,52429,17111,52429,17095,0,0,0,101,100,100,-0.0,65.7,2.7302341356354147e+23,66.0,0.0,66.0,1,49,50,180,39322,52429,0,0,0.0,0.0,0.0,60.0,-0.0,71.0,0.0,-0.004,0.0,1068,0,1069,0,0,0,1069,0,1079,0,999,0,660,0,662,0,658,0,675,0.032,1.4536034330083127e+22,-2.004,0.0,35344,16814,5.427896655051464e+34,-0.004,-0.0,118145.82,0.0,-356.5,50.0,60.0,35,0.0,0.0,10.0,2.0,0.0,0.0,0.0,0.0,0.0,0.0,0.0,0.0,0.0,0.0,0.0,0.0,59.2,52,12,65510,27,65476,0,300,0,0,8,20529,65476,0,0,30147,60.0,0.0,10.0,10.0,2.0,0.0
2026-02-16T12:41:54,ERR,ERR,ERR,ERR,ERR,ERR,ERR,ERR,ERR,ERR,ERR,ERR,ERR,ERR,ERR,ERR,ERR,ERR,ERR,ERR,ERR,ERR,ERR,ERR,ERR,ERR,ERR,ERR,ERR,ERR,ERR,ERR,ERR,ERR,ERR,ERR,ERR,ERR,ERR,ERR,ERR,ERR,ERR,ERR,ERR,ERR,ERR,ERR,ERR,ERR,ERR,ERR,ERR,ERR,ERR,ERR,ERR,ERR,ERR,ERR,ERR,ERR,ERR,ERR,ERR,ERR,ERR,ERR,ERR,ERR,ERR,ERR,ERR,ERR,ERR,ERR,ERR,ERR,ERR,ERR,ERR,ERR,ERR,ERR,ERR,ERR,ERR,ERR,ERR,ERR,ERR,ERR,ERR,ERR,ERR,ERR,ERR,ERR,ERR,ERR,ERR,ERR,ERR,ERR,ERR,ERR,ERR,ERR,ERR,ERR,ERR,ERR,ERR,ERR,ERR,ERR,ERR,ERR,ERR,ERR,ERR,ERR,ERR,ERR,ERR,-107615880.0,-0.0,2.7184069624379994e+23,0.0,-0.0,-0.0,-346.554,1.228304706301208e+35,4300,0,8,17169,4300,0.0,41,0.0,0.0,0.0,0.0,2.7184166902131945e+23,0,0,0,0,0.0,0,0,0,0,0,0,0,0,0,0,0,0,0,0,0,0,0,0,0,0,0,0,0,0,0,0,0,0,0,0,0,0,0,12,36,36,48,65476,400,65476,1,0,4,21553,0.0,0.0,0.0,0.0,0.0,0.0,0.0,0.0,0.0,0.0,0.0,0.0,0.0,0.0,0.0,0.0,0.0,0.0,0.0,0.0,0.0,2.004,0.0,-0.0,-2.004,3.697076622266571e+19,0.0,0.0,0.0,0.0,6607.0,0.0,0.0,-107615880.0,-0.0,0.0,-107616272.0,0.0,0.0,2.004,2.004,226,2.718417410789135e+23,-5.848079055467333e+35,0.0,0.0,0.0,0.0,0.0,0.0,0.0,0,0,0,5850206306304.0,-4004.118,0.0,-0.0,0.0,-0.0,0.0,-0.0,-0.008,-6.030025274172201e+31,-61254.16,2.15355449837355e+17,0.0,0.0,0.0,4.285373198054195e+16,0,1.3516416376850534e+27,226,0.0,452,-621855232.0,-2.2165415544150295e+20,2112,52429,17109,52429,17111,52429,17095,0,0,0,101,100,100,-0.0,65.7,2.7302341356354147e+23,66.0,0.0,66.0,1,49,50,180,39322,52429,0,0,0.0,0.0,0.0,60.0,-0.0,71.0,0.0,-0.004,0.0,1068,0,1069,0,0,0,1069,0,1079,0,999,0,660,0,662,0,658,0,675,0.032,1.4536034330083127e+22,-2.004,0.0,35344,16814,5.427896655051464e+34,-0.004,-0.0,118145.82,0.0,-356.5,50.0,60.0,35,0.0,0.0,10.0,2.0,0.0,0.0,0.0,0.0,0.0,0.0,0.0,0.0,0.0,0.0,0.0,0.0,58.8,52,12,65510,27,65476,0,300,0,0,8,20529,65476,0,0,30147,60.0,0.0,10.0,10.0,2.0,0.0
2026-02-16T12:41:55,ERR,ERR,ERR,ERR,ERR,ERR,ERR,ERR,ERR,ERR,ERR,ERR,ERR,ERR,ERR,ERR,ERR,ERR,ERR,ERR,ERR,ERR,ERR,ERR,ERR,ERR,ERR,ERR,ERR,ERR,ERR,ERR,ERR,ERR,ERR,ERR,ERR,ERR,ERR,ERR,ERR,ERR,ERR,ERR,ERR,ERR,ERR,ERR,ERR,ERR,ERR,ERR,ERR,ERR,ERR,ERR,ERR,ERR,ERR,ERR,ERR,ERR,ERR,ERR,ERR,ERR,ERR,ERR,ERR,ERR,ERR,ERR,ERR,ERR,ERR,ERR,ERR,ERR,ERR,ERR,ERR,ERR,ERR,ERR,ERR,ERR,ERR,ERR,ERR,ERR,ERR,ERR,ERR,ERR,ERR,ERR,ERR,ERR,ERR,ERR,ERR,ERR,ERR,ERR,ERR,ERR,ERR,ERR,ERR,ERR,ERR,ERR,ERR,ERR,ERR,ERR,ERR,ERR,ERR,ERR,ERR,ERR,ERR,ERR,ERR,-107615880.0,-0.0,2.7184069624379994e+23,0.0,-0.0,-0.0,-346.554,1.228304706301208e+35,4300,0,8,17169,4300,0.0,41,0.0,0.0,0.0,0.0,2.7184166902131945e+23,0,0,0,0,0.0,0,0,0,0,0,0,0,0,0,0,0,0,0,0,0,0,0,0,0,0,0,0,0,0,0,0,0,0,0,0,0,0,0,12,36,36,48,65476,400,65476,1,0,4,21553,0.0,0.0,0.0,0.0,0.0,0.0,0.0,0.0,0.0,0.0,0.0,0.0,0.0,0.0,0.0,0.0,0.0,0.0,0.0,0.0,0.0,2.004,0.0,-0.0,-2.004,3.697076622266571e+19,0.0,0.0,0.0,0.0,6607.0,0.0,0.0,-107615880.0,-0.0,0.0,-107616272.0,0.0,0.0,2.004,2.004,226,2.718417410789135e+23,-5.848079055467333e+35,0.0,0.0,0.0,0.0,0.0,0.0,0.0,0,0,0,5850206306304.0,-4004.118,0.0,-0.0,0.0,-0.0,0.0,-0.0,-0.008,-6.030025274172201e+31,-61254.16,2.15355449837355e+17,0.0,0.0,0.0,4.285373198054195e+16,0,1.3516416376850534e+27,226,0.0,452,-621855232.0,-2.2165415544150295e+20,2112,52429,17109,52429,17111,52429,17095,0,0,0,101,100,100,-0.0,65.7,2.7302341356354147e+23,66.0,0.0,66.0,1,49,50,180,39322,52429,0,0,0.0,0.0,0.0,60.0,-0.0,71.0,0.0,-27.282,0.0,1068,0,1069,0,0,0,1069,0,1079,0,999,0,660,0,662,0,658,0,675,0.032,1.4536034330083127e+22,-2.004,0.0,33424,16814,-0.0,-27.282,-1.3818541578508327e+29,-0.0,22300323741696.0,-3.220057050854015e+38,50.0,60.0,35,0.0,0.0,10.0,2.0,0.0,0.0,0.0,0.0,0.0,0.0,0.0,0.0,0.0,0.0,0.0,0.0,58.8,52,12,65510,27,65476,0,300,0,0,8,20529,65476,0,0,30147,60.0,0.0,10.0,10.0,2.0,0.0
2026-02-16T12:41:56,ERR,ERR,ERR,ERR,ERR,ERR,ERR,ERR,ERR,ERR,ERR,ERR,ERR,ERR,ERR,ERR,ERR,ERR,ERR,ERR,ERR,ERR,ERR,ERR,ERR,ERR,ERR,ERR,ERR,ERR,ERR,ERR,ERR,ERR,ERR,ERR,ERR,ERR,ERR,ERR,ERR,ERR,ERR,ERR,ERR,ERR,ERR,ERR,ERR,ERR,ERR,ERR,ERR,ERR,ERR,ERR,ERR,ERR,ERR,ERR,ERR,ERR,ERR,ERR,ERR,ERR,ERR,ERR,ERR,ERR,ERR,ERR,ERR,ERR,ERR,ERR,ERR,ERR,ERR,ERR,ERR,ERR,ERR,ERR,ERR,ERR,ERR,ERR,ERR,ERR,ERR,ERR,ERR,ERR,ERR,ERR,ERR,ERR,ERR,ERR,ERR,ERR,ERR,ERR,ERR,ERR,ERR,ERR,ERR,ERR,ERR,ERR,ERR,ERR,ERR,ERR,ERR,ERR,ERR,ERR,ERR,ERR,ERR,ERR,ERR,-107615880.0,-0.0,2.7184069624379994e+23,0.0,-0.0,-0.0,-346.554,1.228304706301208e+35,4300,0,8,17169,4300,0.0,41,0.0,0.0,0.0,0.0,2.7184166902131945e+23,0,0,0,0,0.0,0,0,0,0,0,0,0,0,0,0,0,0,0,0,0,0,0,0,0,0,0,0,0,0,0,0,0,0,0,0,0,0,0,12,36,36,48,65476,400,65476,1,0,4,21553,0.0,0.0,0.0,0.0,0.0,0.0,0.0,0.0,0.0,0.0,0.0,0.0,0.0,0.0,0.0,0.0,0.0,0.0,0.0,0.0,0.0,2.004,0.0,-0.0,-2.004,3.697076622266571e+19,0.0,0.0,0.0,0.0,6607.0,0.0,0.0,-107615880.0,-0.0,0.0,-107616272.0,0.0,0.0,2.004,2.004,226,2.718417410789135e+23,-5.848079055467333e+35,0.0,0.0,0.0,0.0,0.0,0.0,0.0,0,0,0,5850206306304.0,-4004.118,0.0,-0.0,0.0,-0.0,0.0,-0.0,-0.008,-6.030025274172201e+31,-61254.16,2.15355449837355e+17,0.0,0.0,0.0,4.285373198054195e+16,0,1.3516416376850534e+27,226,0.0,452,-621855232.0,-2.2165415544150295e+20,2112,52429,17109,52429,17111,52429,17095,0,0,0,101,100,100,-0.0,65.7,2.7302341356354147e+23,66.0,0.0,66.0,1,49,50,180,39322,52429,0,0,0.0,0.0,0.0,60.0,-0.0,71.0,0.0,-27.282,0.0,1068,0,1069,0,0,0,1069,0,1079,0,999,0,660,0,662,0,658,0,675,0.032,1.4536034330083127e+22,-2.004,0.0,33424,16814,-0.0,-27.282,-1.3818541578508327e+29,-0.0,22300323741696.0,-3.220057050854015e+38,50.0,60.0,35,0.0,0.0,10.0,2.0,0.0,0.0,0.0,0.0,0.0,0.0,0.0,0.0,0.0,0.0,0.0,0.0,58.8,52,12,65510,27,65476,0,300,0,0,8,20529,65476,0,0,30147,60.0,0.0,10.0,10.0,2.0,0.0
2026-02-16T12:41:57,ERR,ERR,ERR,ERR,ERR,ERR,ERR,ERR,ERR,ERR,ERR,ERR,ERR,ERR,ERR,ERR,ERR,ERR,ERR,ERR,ERR,ERR,ERR,ERR,ERR,ERR,ERR,ERR,ERR,ERR,ERR,ERR,ERR,ERR,ERR,ERR,ERR,ERR,ERR,ERR,ERR,ERR,ERR,ERR,ERR,ERR,ERR,ERR,ERR,ERR,ERR,ERR,ERR,ERR,ERR,ERR,ERR,ERR,ERR,ERR,ERR,ERR,ERR,ERR,ERR,ERR,ERR,ERR,ERR,ERR,ERR,ERR,ERR,ERR,ERR,ERR,ERR,ERR,ERR,ERR,ERR,ERR,ERR,ERR,ERR,ERR,ERR,ERR,ERR,ERR,ERR,ERR,ERR,ERR,ERR,ERR,ERR,ERR,ERR,ERR,ERR,ERR,ERR,ERR,ERR,ERR,ERR,ERR,ERR,ERR,ERR,ERR,ERR,ERR,ERR,ERR,ERR,ERR,ERR,ERR,ERR,ERR,ERR,ERR,ERR,0.0,-0.0,0.0,0.0,0.0,-0.0,-5357776817618944.0,0.0,4300,0,8,17169,4300,0.0,41,0.0,0.0,0.0,0.0,2.7184166902131945e+23,0,0,0,0,0.0,0,0,0,0,0,0,0,0,0,0,0,0,0,0,0,0,0,0,0,0,0,0,0,0,0,0,0,0,0,0,0,0,0,12,36,36,48,65476,398,65476,1,0,4,21553,0.0,0.0,0.0,0.0,0.0,0.0,0.0,0.0,0.0,0.0,0.0,0.0,0.0,0.0,0.0,0.0,0.0,0.0,0.0,0.0,0.0,2.004,2.004,-0.0,-2.004,-0.0,0.0,0.0,0.0,0.0,6607.0,0.0,0.0,0.0,-0.0,0.0,-2.7184509175703625e+23,0.0,0.0,2.004,2.004,226,89220.562,-2.7184280392842555e+23,0.0,0.0,0.0,0.0,0.0,0.0,0.0,0,0,0,1.1890276192834762e+20,0.0,0.0,-0.0,0.0,0.0,1.0402130512379862e+24,-2.1811543563791378e+37,705553367040.0,-6.442011719246376e+31,-64582.16,2.2999214862630912e+17,0.0,0.0,0.0,1377.976,0,1.3516416376850534e+27,226,0.0,452,-621855232.0,-2.2165415544150295e+20,2112,52429,17109,52429,17111,52429,17095,0,0,0,101,100,100,-0.0,65.7,2.7302341356354147e+23,66.0,0.0,66.0,1,49,50,180,39322,52429,0,0,0.0,0.0,0.0,60.0,-0.0,71.0,0.0,-27.282,0.0,1068,0,1069,0,0,0,1069,0,1079,0,999,0,660,0,662,0,658,0,675,0.032,1.4536034330083127e+22,-2.004,0.0,33424,16814,-0.0,-27.282,-1.3818541578508327e+29,-0.0,22300323741696.0,-3.220057050854015e+38,50.0,60.0,35,0.0,0.0,10.0,2.0,0.0,0.0,0.0,0.0,0.0,0.0,0.0,0.0,0.0,0.0,0.0,0.0,58.8,52,12,65510,27,65476,0,300,0,0,8,20529,65476,0,0,30147,60.0,0.0,10.0,10.0,2.0,0.0
2026-02-16T12:41:58,ERR,ERR,ERR,ERR,ERR,ERR,ERR,ERR,ERR,ERR,ERR,ERR,ERR,ERR,ERR,ERR,ERR,ERR,ERR,ERR,ERR,ERR,ERR,ERR,ERR,ERR,ERR,ERR,ERR,ERR,ERR,ERR,ERR,ERR,ERR,ERR,ERR,ERR,ERR,ERR,ERR,ERR,ERR,ERR,ERR,ERR,ERR,ERR,ERR,ERR,ERR,ERR,ERR,ERR,ERR,ERR,ERR,ERR,ERR,ERR,ERR,ERR,ERR,ERR,ERR,ERR,ERR,ERR,ERR,ERR,ERR,ERR,ERR,ERR,ERR,ERR,ERR,ERR,ERR,ERR,ERR,ERR,ERR,ERR,ERR,ERR,ERR,ERR,ERR,ERR,ERR,ERR,ERR,ERR,ERR,ERR,ERR,ERR,ERR,ERR,ERR,ERR,ERR,ERR,ERR,ERR,ERR,ERR,ERR,ERR,ERR,ERR,ERR,ERR,ERR,ERR,ERR,ERR,ERR,ERR,ERR,ERR,ERR,ERR,ERR,0.0,-0.0,0.0,0.0,0.0,-0.0,-5357776817618944.0,0.0,4300,0,8,17169,4300,0.0,41,0.0,0.0,0.0,0.0,2.7184166902131945e+23,0,0,0,0,0.0,0,0,0,0,0,0,0,0,0,0,0,0,0,0,0,0,0,0,0,0,0,0,0,0,0,0,0,0,0,0,0,0,0,12,36,36,48,65476,398,65476,1,0,4,21553,0.0,0.0,0.0,0.0,0.0,0.0,0.0,0.0,0.0,0.0,0.0,0.0,0.0,0.0,0.0,0.0,0.0,0.0,0.0,0.0,0.0,2.004,2.004,-0.0,-2.004,-0.0,0.0,0.0,0.0,0.0,6607.0,0.0,0.0,0.0,-0.0,0.0,-2.7184509175703625e+23,0.0,0.0,2.004,2.004,226,89220.562,-2.7184280392842555e+23,0.0,0.0,0.0,0.0,0.0,0.0,0.0,0,0,0,1.1890276192834762e+20,0.0,0.0,-0.0,0.0,0.0,1.0402130512379862e+24,-2.1811543563791378e+37,705553367040.0,-6.442011719246376e+31,-64582.16,2.2999214862630912e+17,0.0,0.0,0.0,1377.976,0,1.3516416376850534e+27,226,0.0,452,-621855232.0,-2.2165415544150295e+20,2112,52429,17109,52429,17111,52429,17095,0,0,0,101,100,100,-0.0,65.7,2.7302341356354147e+23,66.0,0.0,66.0,1,49,50,180,39322,52429,0,0,0.0,0.0,0.0,60.0,-0.0,71.0,0.0,-27.282,0.0,1068,0,1069,0,0,0,1069,0,1079,0,999,0,660,0,662,0,658,0,675,0.032,1.4536034330083127e+22,-2.004,0.0,33424,16814,-0.0,-27.282,-1.3818541578508327e+29,-0.0,22300323741696.0,-3.220057050854015e+38,50.0,60.0,35,0.0,0.0,10.0,2.0,0.0,0.0,0.0,0.0,0.0,0.0,0.0,0.0,0.0,0.0,0.0,0.0,58.8,52,12,65510,27,65476,0,300,0,0,8,20529,65476,0,0,30147,60.0,0.0,10.0,10.0,2.0,0.0
2026-02-16T12:41:59,ERR,ERR,ERR,ERR,ERR,ERR,ERR,ERR,ERR,ERR,ERR,ERR,ERR,ERR,ERR,ERR,ERR,ERR,ERR,ERR,ERR,ERR,ERR,ERR,ERR,ERR,ERR,ERR,ERR,ERR,ERR,ERR,ERR,ERR,ERR,ERR,ERR,ERR,ERR,ERR,ERR,ERR,ERR,ERR,ERR,ERR,ERR,ERR,ERR,ERR,ERR,ERR,ERR,ERR,ERR,ERR,ERR,ERR,ERR,ERR,ERR,ERR,ERR,ERR,ERR,ERR,ERR,ERR,ERR,ERR,ERR,ERR,ERR,ERR,ERR,ERR,ERR,ERR,ERR,ERR,ERR,ERR,ERR,ERR,ERR,ERR,ERR,ERR,ERR,ERR,ERR,ERR,ERR,ERR,ERR,ERR,ERR,ERR,ERR,ERR,ERR,ERR,ERR,ERR,ERR,ERR,ERR,ERR,ERR,ERR,ERR,ERR,ERR,ERR,ERR,ERR,ERR,ERR,ERR,ERR,ERR,ERR,ERR,ERR,ERR,0.0,-0.0,0.0,0.0,0.0,-0.0,-5357776817618944.0,0.0,4300,0,8,17169,4300,0.0,41,0.0,0.0,0.0,0.0,2.7184166902131945e+23,0,0,0,0,0.0,0,0,0,0,0,0,0,0,0,0,0,0,0,0,0,0,0,0,0,0,0,0,0,0,0,0,0,0,0,0,0,0,0,12,36,36,48,65476,398,65476,1,0,4,21553,0.0,0.0,0.0,0.0,0.0,0.0,0.0,0.0,0.0,0.0,0.0,0.0,0.0,0.0,0.0,0.0,0.0,0.0,0.0,0.0,0.0,2.004,2.004,-0.0,-2.004,-0.0,0.0,0.0,0.0,0.0,6607.0,0.0,0.0,0.0,-0.0,0.0,-2.7184509175703625e+23,0.0,0.0,2.004,2.004,226,89220.562,-2.7184280392842555e+23,0.0,0.0,0.0,0.0,0.0,0.0,0.0,0,0,0,1.1890276192834762e+20,0.0,0.0,-0.0,0.0,0.0,1.0402130512379862e+24,-2.1811543563791378e+37,705553367040.0,-6.442011719246376e+31,-64582.16,2.2999214862630912e+17,0.0,0.0,0.0,1377.976,0,1.3516416376850534e+27,226,0.0,452,-621855232.0,-2.2165415544150295e+20,2112,52429,17109,52429,17111,52429,17095,0,0,0,101,100,100,-0.0,65.7,2.7302341356354147e+23,66.0,0.0,66.0,1,49,50,180,39322,52429,0,0,0.0,0.0,0.0,60.0,-0.0,71.0,0.0,-5.871005114671179e+25,0.0,1068,0,1069,0,0,0,1069,0,1079,0,999,0,660,0,662,0,658,0,675,0.032,1.4536034330083127e+22,-2.004,0.0,42896,16814,-0.0,-5.518873649074891e+26,0.0,0.0,-0.0,0.0,50.0,60.0,35,0.0,0.0,10.0,2.0,0.0,0.0,0.0,0.0,0.0,0.0,0.0,0.0,0.0,0.0,0.0,0.0,58.8,52,12,65510,27,65476,0,300,0,0,8,20529,65476,0,0,30147,60.0,0.0,10.0,10.0,2.0,0.0
2026-02-16T12:42:00,ERR,ERR,ERR,ERR,ERR,ERR,ERR,ERR,ERR,ERR,ERR,ERR,ERR,ERR,ERR,ERR,ERR,ERR,ERR,ERR,ERR,ERR,ERR,ERR,ERR,ERR,ERR,ERR,ERR,ERR,ERR,ERR,ERR,ERR,ERR,ERR,ERR,ERR,ERR,ERR,ERR,ERR,ERR,ERR,ERR,ERR,ERR,ERR,ERR,ERR,ERR,ERR,ERR,ERR,ERR,ERR,ERR,ERR,ERR,ERR,ERR,ERR,ERR,ERR,ERR,ERR,ERR,ERR,ERR,ERR,ERR,ERR,ERR,ERR,ERR,ERR,ERR,ERR,ERR,ERR,ERR,ERR,ERR,ERR,ERR,ERR,ERR,ERR,ERR,ERR,ERR,ERR,ERR,ERR,ERR,ERR,ERR,ERR,ERR,ERR,ERR,ERR,ERR,ERR,ERR,ERR,ERR,ERR,ERR,ERR,ERR,ERR,ERR,ERR,ERR,ERR,ERR,ERR,ERR,ERR,ERR,ERR,ERR,ERR,ERR,0.0,-0.0,0.0,0.0,0.0,-0.0,-5357776817618944.0,0.0,4300,0,8,17169,4300,0.0,41,0.0,0.0,0.0,0.0,2.7184166902131945e+23,0,0,0,0,0.0,0,0,0,0,0,0,0,0,0,0,0,0,0,0,0,0,0,0,0,0,0,0,0,0,0,0,0,0,0,0,0,0,0,12,36,36,48,65476,398,65476,1,0,4,21553,0.0,0.0,0.0,0.0,0.0,0.0,0.0,0.0,0.0,0.0,0.0,0.0,0.0,0.0,0.0,0.0,0.0,0.0,0.0,0.0,0.0,2.004,2.004,-0.0,-2.004,-0.0,0.0,0.0,0.0,0.0,6607.0,0.0,0.0,0.0,-0.0,0.0,-2.7184509175703625e+23,0.0,0.0,2.004,2.004,226,89220.562,-2.7184280392842555e+23,0.0,0.0,0.0,0.0,0.0,0.0,0.0,0,0,0,1.1890276192834762e+20,0.0,0.0,-0.0,0.0,0.0,1.0402130512379862e+24,-2.1811543563791378e+37,705553367040.0,-6.442011719246376e+31,-64582.16,2.2999214862630912e+17,0.0,0.0,0.0,1377.976,0,1.3516416376850534e+27,226,0.0,452,-621855232.0,-2.2165415544150295e+20,2112,52429,17109,52429,17111,52429,17095,0,0,0,101,100,100,-0.0,65.7,2.7302341356354147e+23,66.0,0.0,66.0,1,49,50,180,39322,52429,0,0,0.0,0.0,0.0,60.0,-0.0,71.0,0.0,-5.871005114671179e+25,0.0,1068,0,1069,0,0,0,1069,0,1079,0,999,0,660,0,662,0,658,0,675,0.032,1.4536034330083127e+22,-2.004,0.0,42896,16814,-0.0,-5.518873649074891e+26,0.0,0.0,-0.0,0.0,50.0,60.0,35,0.0,0.0,10.0,2.0,0.0,0.0,0.0,0.0,0.0,0.0,0.0,0.0,0.0,0.0,0.0,0.0,58.8,52,12,65510,27,65476,0,300,0,0,8,20529,65476,0,0,30147,60.0,0.0,10.0,10.0,2.0,0.0
2026-02-16T12:42:01,ERR,ERR,ERR,ERR,ERR,ERR,ERR,ERR,ERR,ERR,ERR,ERR,ERR,ERR,ERR,ERR,ERR,ERR,ERR,ERR,ERR,ERR,ERR,ERR,ERR,ERR,ERR,ERR,ERR,ERR,ERR,ERR,ERR,ERR,ERR,ERR,ERR,ERR,ERR,ERR,ERR,ERR,ERR,ERR,ERR,ERR,ERR,ERR,ERR,ERR,ERR,ERR,ERR,ERR,ERR,ERR,ERR,ERR,ERR,ERR,ERR,ERR,ERR,ERR,ERR,ERR,ERR,ERR,ERR,ERR,ERR,ERR,ERR,ERR,ERR,ERR,ERR,ERR,ERR,ERR,ERR,ERR,ERR,ERR,ERR,ERR,ERR,ERR,ERR,ERR,ERR,ERR,ERR,ERR,ERR,ERR,ERR,ERR,ERR,ERR,ERR,ERR,ERR,ERR,ERR,ERR,ERR,ERR,ERR,ERR,ERR,ERR,ERR,ERR,ERR,ERR,ERR,ERR,ERR,ERR,ERR,ERR,ERR,ERR,ERR,0.0,-0.0,0.0,0.0,0.0,-0.0,-5357776817618944.0,0.0,4300,0,8,17169,4300,0.0,41,0.0,0.0,0.0,0.0,2.7184166902131945e+23,0,0,0,0,0.0,0,0,0,0,0,0,0,0,0,0,0,0,0,0,0,0,0,0,0,0,0,0,0,0,0,0,0,0,0,0,0,0,0,12,36,36,48,65476,398,65476,1,0,4,21553,0.0,0.0,0.0,0.0,0.0,0.0,0.0,0.0,0.0,0.0,0.0,0.0,0.0,0.0,0.0,0.0,0.0,0.0,0.0,0.0,0.0,2.004,2.004,-0.0,-2.004,-0.0,0.0,0.0,0.0,0.0,6607.0,0.0,0.0,0.0,-0.0,0.0,-2.7184509175703625e+23,0.0,0.0,2.004,2.004,226,89220.562,-2.7184280392842555e+23,0.0,0.0,0.0,0.0,0.0,0.0,0.0,0,0,0,1.1890276192834762e+20,0.0,0.0,-0.0,0.0,0.0,1.0402130512379862e+24,-2.1811543563791378e+37,705553367040.0,-6.442011719246376e+31,-64582.16,2.2999214862630912e+17,0.0,0.0,0.0,1377.976,0,1.3516416376850534e+27,226,0.0,452,-621855232.0,-2.2165415544150295e+20,2112,52429,17109,52429,17111,52429,17095,0,0,0,101,100,100,-0.0,65.7,2.7302341356354147e+23,66.0,0.0,66.0,1,49,50,180,39322,52429,0,0,0.0,0.0,0.0,60.0,-0.0,71.0,0.0,-5.871005114671179e+25,0.0,1068,0,1069,0,0,0,1069,0,1079,0,999,0,660,0,662,0,658,0,675,0.032,1.4536034330083127e+22,-2.004,0.0,42896,16814,-0.0,-5.518873649074891e+26,0.0,0.0,-0.0,0.0,50.0,60.0,35,0.0,0.0,10.0,2.0,0.0,0.0,0.0,0.0,0.0,0.0,0.0,0.0,0.0,0.0,0.0,0.0,58.8,52,12,65510,27,65476,0,300,0,0,8,20529,65476,0,0,30147,60.0,0.0,10.0,10.0,2.0,0.0
2026-02-16T12:42:02,ERR,ERR,ERR,ERR,ERR,ERR,ERR,ERR,ERR,ERR,ERR,ERR,ERR,ERR,ERR,ERR,ERR,ERR,ERR,ERR,ERR,ERR,ERR,ERR,ERR,ERR,ERR,ERR,ERR,ERR,ERR,ERR,ERR,ERR,ERR,ERR,ERR,ERR,ERR,ERR,ERR,ERR,ERR,ERR,ERR,ERR,ERR,ERR,ERR,ERR,ERR,ERR,ERR,ERR,ERR,ERR,ERR,ERR,ERR,ERR,ERR,ERR,ERR,ERR,ERR,ERR,ERR,ERR,ERR,ERR,ERR,ERR,ERR,ERR,ERR,ERR,ERR,ERR,ERR,ERR,ERR,ERR,ERR,ERR,ERR,ERR,ERR,ERR,ERR,ERR,ERR,ERR,ERR,ERR,ERR,ERR,ERR,ERR,ERR,ERR,ERR,ERR,ERR,ERR,ERR,ERR,ERR,ERR,ERR,ERR,ERR,ERR,ERR,ERR,ERR,ERR,ERR,ERR,ERR,ERR,ERR,ERR,ERR,ERR,ERR,0.0,-0.0,0.0,0.0,0.0,-9.890207147403248e+18,4.173631892907622e+16,-0.0,4300,0,8,17169,4300,0.0,41,0.0,0.0,0.0,0.0,2.7184166902131945e+23,0,0,0,0,0.0,0,0,0,0,0,0,0,0,0,0,0,0,0,0,0,0,0,0,0,0,0,0,0,0,0,0,0,0,0,0,0,0,0,12,36,36,48,65476,402,65476,1,0,4,21553,0.0,0.0,0.0,0.0,0.0,0.0,0.0,0.0,0.0,0.0,0.0,0.0,0.0,0.0,0.0,0.0,0.0,0.0,0.0,0.0,0.0,2.004,2.004,-0.0,-3.697074423243316e+19,-0.0,0.0,0.0,0.0,0.0,6608.0,0.0,0.0,0.0,-0.0,0.0,-2.7184509175703625e+23,-0.0,0.0,2.004,2.004,226,126840537088.0,-2.3088384307314767e+20,0.0,0.0,0.0,0.0,0.0,0.0,0.0,0,0,0,3.386190122718173e+24,13840.476,0.0,-15479590617088.0,0.0,2.3335124254851072e+17,-0.0,-8196456960.0,1.9400722583214516e+20,-6.8223068993148445e+31,-69772.32,2.435029475084206e+17,0.0,0.0,0.0,3.997013892522835e+31,0,1.3516416376850534e+27,226,0.0,452,2.40156025918058e+36,0.0,2112,52429,17109,52429,17111,52429,17095,0,0,0,101,100,100,-0.0,65.7,2.7302341356354147e+23,66.0,0.0,66.0,1,49,50,180,39322,52429,0,0,0.0,0.0,0.0,60.0,-0.0,71.0,0.0,-4.5241613744192094e+21,0.0,1069,0,1069,0,0,0,1069,0,1079,0,999,0,660,0,662,0,658,0,675,0.032,1.4609821306377965e+22,-2.004,0.0,22160,16814,-0.0,-4.5241613744192094e+21,-0.0,-0.0,0.0,-0.0,50.0,60.0,35,0.0,0.0,10.0,2.0,0.0,0.0,0.0,0.0,0.0,0.0,0.0,0.0,0.0,0.0,0.0,0.0,58.8,52,12,65510,27,65476,0,300,0,0,8,20529,65476,0,0,30147,60.0,0.0,10.0,10.0,2.0,0.0
2026-02-16T12:42:03,ERR,ERR,ERR,ERR,ERR,ERR,ERR,ERR,ERR,ERR,ERR,ERR,ERR,ERR,ERR,ERR,ERR,ERR,ERR,ERR,ERR,ERR,ERR,ERR,ERR,ERR,ERR,ERR,ERR,ERR,ERR,ERR,ERR,ERR,ERR,ERR,ERR,ERR,ERR,ERR,ERR,ERR,ERR,ERR,ERR,ERR,ERR,ERR,ERR,ERR,ERR,ERR,ERR,ERR,ERR,ERR,ERR,ERR,ERR,ERR,ERR,ERR,ERR,ERR,ERR,ERR,ERR,ERR,ERR,ERR,ERR,ERR,ERR,ERR,ERR,ERR,ERR,ERR,ERR,ERR,ERR,ERR,ERR,ERR,ERR,ERR,ERR,ERR,ERR,ERR,ERR,ERR,ERR,ERR,ERR,ERR,ERR,ERR,ERR,ERR,ERR,ERR,ERR,ERR,ERR,ERR,ERR,ERR,ERR,ERR,ERR,ERR,ERR,ERR,ERR,ERR,ERR,ERR,ERR,ERR,ERR,ERR,ERR,ERR,ERR,0.0,-0.0,0.0,0.0,0.0,-9.890207147403248e+18,4.173631892907622e+16,-0.0,4300,0,8,17169,4300,0.0,41,0.0,0.0,0.0,0.0,2.7184166902131945e+23,0,0,0,0,0.0,0,0,0,0,0,0,0,0,0,0,0,0,0,0,0,0,0,0,0,0,0,0,0,0,0,0,0,0,0,0,0,0,0,12,36,36,48,65476,402,65476,1,0,4,21553,0.0,0.0,0.0,0.0,0.0,0.0,0.0,0.0,0.0,0.0,0.0,0.0,0.0,0.0,0.0,0.0,0.0,0.0,0.0,0.0,0.0,2.004,2.004,-0.0,-3.697074423243316e+19,-0.0,0.0,0.0,0.0,0.0,6608.0,0.0,0.0,0.0,-0.0,0.0,-2.7184509175703625e+23,-0.0,0.0,2.004,2.004,226,126840537088.0,-2.3088384307314767e+20,0.0,0.0,0.0,0.0,0.0,0.0,0.0,0,0,0,3.386190122718173e+24,13840.476,0.0,-15479590617088.0,0.0,2.3335124254851072e+17,-0.0,-8196456960.0,1.9400722583214516e+20,-6.8223068993148445e+31,-69772.32,2.435029475084206e+17,0.0,0.0,0.0,3.997013892522835e+31,0,1.3516416376850534e+27,226,0.0,452,2.40156025918058e+36,0.0,2112,52429,17109,52429,17111,52429,17095,0,0,0,101,100,100,-0.0,65.7,2.7302341356354147e+23,66.0,0.0,66.0,1,49,50,180,39322,52429,0,0,0.0,0.0,0.0,60.0,-0.0,71.0,0.0,-4.5241613744192094e+21,0.0,1069,0,1069,0,0,0,1069,0,1079,0,999,0,660,0,662,0,658,0,675,0.032,1.4609821306377965e+22,-2.004,0.0,22160,16814,-0.0,-4.5241613744192094e+21,-0.0,-0.0,0.0,-0.0,50.0,60.0,35,0.0,0.0,10.0,2.0,0.0,0.0,0.0,0.0,0.0,0.0,0.0,0.0,0.0,0.0,0.0,0.0,58.8,52,12,65510,27,65476,0,300,0,0,8,20529,65476,0,0,30147,60.0,0.0,10.0,10.0,2.0,0.0
2026-02-16T12:42:04,ERR,ERR,ERR,ERR,ERR,ERR,ERR,ERR,ERR,ERR,ERR,ERR,ERR,ERR,ERR,ERR,ERR,ERR,ERR,ERR,ERR,ERR,ERR,ERR,ERR,ERR,ERR,ERR,ERR,ERR,ERR,ERR,ERR,ERR,ERR,ERR,ERR,ERR,ERR,ERR,ERR,ERR,ERR,ERR,ERR,ERR,ERR,ERR,ERR,ERR,ERR,ERR,ERR,ERR,ERR,ERR,ERR,ERR,ERR,ERR,ERR,ERR,ERR,ERR,ERR,ERR,ERR,ERR,ERR,ERR,ERR,ERR,ERR,ERR,ERR,ERR,ERR,ERR,ERR,ERR,ERR,ERR,ERR,ERR,ERR,ERR,ERR,ERR,ERR,ERR,ERR,ERR,ERR,ERR,ERR,ERR,ERR,ERR,ERR,ERR,ERR,ERR,ERR,ERR,ERR,ERR,ERR,ERR,ERR,ERR,ERR,ERR,ERR,ERR,ERR,ERR,ERR,ERR,ERR,ERR,ERR,ERR,ERR,ERR,ERR,0.0,-0.0,0.0,0.0,0.0,-9.890207147403248e+18,4.173631892907622e+16,-0.0,4300,0,8,17169,4300,0.0,41,0.0,0.0,0.0,0.0,2.7184166902131945e+23,0,0,0,0,0.0,0,0,0,0,0,0,0,0,0,0,0,0,0,0,0,0,0,0,0,0,0,0,0,0,0,0,0,0,0,0,0,0,0,12,36,36,48,65476,402,65476,1,0,4,21553,0.0,0.0,0.0,0.0,0.0,0.0,0.0,0.0,0.0,0.0,0.0,0.0,0.0,0.0,0.0,0.0,0.0,0.0,0.0,0.0,0.0,2.004,2.004,-0.0,-3.697074423243316e+19,-0.0,0.0,0.0,0.0,0.0,6608.0,0.0,0.0,0.0,-0.0,0.0,-2.7184509175703625e+23,-0.0,0.0,2.004,2.004,226,126840537088.0,-2.3088384307314767e+20,0.0,0.0,0.0,0.0,0.0,0.0,0.0,0,0,0,3.386190122718173e+24,13840.476,0.0,-15479590617088.0,0.0,2.3335124254851072e+17,-0.0,-8196456960.0,1.9400722583214516e+20,-6.8223068993148445e+31,-69772.32,2.435029475084206e+17,0.0,0.0,0.0,3.997013892522835e+31,0,1.3516416376850534e+27,226,0.0,452,2.40156025918058e+36,0.0,2112,52429,17109,52429,17111,52429,17095,0,0,0,101,100,100,-0.0,65.7,2.7302341356354147e+23,66.0,0.0,66.0,1,49,50,180,39322,52429,0,0,0.0,0.0,0.0,60.0,-0.0,71.0,0.0,-4.5241613744192094e+21,0.0,1069,0,1069,0,0,0,1069,0,1079,0,999,0,660,0,662,0,658,0,675,0.032,1.4609821306377965e+22,-2.004,0.0,22160,16814,-0.0,-4.5241613744192094e+21,-0.0,-0.0,0.0,-0.0,50.0,60.0,35,0.0,0.0,10.0,2.0,0.0,0.0,0.0,0.0,0.0,0.0,0.0,0.0,0.0,0.0,0.0,0.0,58.8,52,12,65510,27,65476,0,300,0,0,8,20529,65476,0,0,30147,60.0,0.0,10.0,10.0,2.0,0.0
2026-02-16T12:42:05,ERR,ERR,ERR,ERR,ERR,ERR,ERR,ERR,ERR,ERR,ERR,ERR,ERR,ERR,ERR,ERR,ERR,ERR,ERR,ERR,ERR,ERR,ERR,ERR,ERR,ERR,ERR,ERR,ERR,ERR,ERR,ERR,ERR,ERR,ERR,ERR,ERR,ERR,ERR,ERR,ERR,ERR,ERR,ERR,ERR,ERR,ERR,ERR,ERR,ERR,ERR,ERR,ERR,ERR,ERR,ERR,ERR,ERR,ERR,ERR,ERR,ERR,ERR,ERR,ERR,ERR,ERR,ERR,ERR,ERR,ERR,ERR,ERR,ERR,ERR,ERR,ERR,ERR,ERR,ERR,ERR,ERR,ERR,ERR,ERR,ERR,ERR,ERR,ERR,ERR,ERR,ERR,ERR,ERR,ERR,ERR,ERR,ERR,ERR,ERR,ERR,ERR,ERR,ERR,ERR,ERR,ERR,ERR,ERR,ERR,ERR,ERR,ERR,ERR,ERR,ERR,ERR,ERR,ERR,ERR,ERR,ERR,ERR,ERR,ERR,0.0,-0.0,0.0,0.0,0.0,-9.890207147403248e+18,4.173631892907622e+16,-0.0,4300,0,8,17169,4300,0.0,41,0.0,0.0,0.0,0.0,2.7184166902131945e+23,0,0,0,0,0.0,0,0,0,0,0,0,0,0,0,0,0,0,0,0,0,0,0,0,0,0,0,0,0,0,0,0,0,0,0,0,0,0,0,12,36,36,48,65476,402,65476,1,0,4,21553,0.0,0.0,0.0,0.0,0.0,0.0,0.0,0.0,0.0,0.0,0.0,0.0,0.0,0.0,0.0,0.0,0.0,0.0,0.0,0.0,0.0,2.004,2.004,-0.0,-3.697074423243316e+19,-0.0,0.0,0.0,0.0,0.0,6608.0,0.0,0.0,0.0,-0.0,0.0,-2.7184509175703625e+23,-0.0,0.0,2.004,2.004,226,126840537088.0,-2.3088384307314767e+20,0.0,0.0,0.0,0.0,0.0,0.0,0.0,0,0,0,3.386190122718173e+24,13840.476,0.0,-15479590617088.0,0.0,2.3335124254851072e+17,-0.0,-8196456960.0,1.9400722583214516e+20,-6.8223068993148445e+31,-69772.32,2.435029475084206e+17,0.0,0.0,0.0,3.997013892522835e+31,0,1.3516416376850534e+27,226,0.0,452,2.40156025918058e+36,0.0,2112,52429,17109,52429,17111,52429,17095,0,0,0,101,100,100,-0.0,65.7,2.7302341356354147e+23,66.0,0.0,66.0,1,49,50,180,39322,52429,0,0,0.0,0.0,0.0,60.0,1.3243097142801264e+38,71.0,0.0,-0.0,0.0,1069,0,1069,0,0,0,1069,0,1079,0,999,0,660,0,662,0,658,0,675,0.032,1.4536034330083127e+22,-2.004,0.0,13712,16814,3.819292095409782e+29,-1.4524584337048863e+18,2.681882730729241e+31,1.3834693532817818e+17,-4.358157847729403e+21,4.782818307873599e+25,50.0,60.0,35,0.0,0.0,10.0,2.0,0.0,0.0,0.0,0.0,0.0,0.0,0.0,0.0,0.0,0.0,0.0,0.0,58.8,52,12,65510,27,65476,0,300,0,0,8,20529,65476,0,0,30147,60.0,0.0,10.0,10.0,2.0,0.0
2026-02-16T12:42:06,ERR,ERR,ERR,ERR,ERR,ERR,ERR,ERR,ERR,ERR,ERR,ERR,ERR,ERR,ERR,ERR,ERR,ERR,ERR,ERR,ERR,ERR,ERR,ERR,ERR,ERR,ERR,ERR,ERR,ERR,ERR,ERR,ERR,ERR,ERR,ERR,ERR,ERR,ERR,ERR,ERR,ERR,ERR,ERR,ERR,ERR,ERR,ERR,ERR,ERR,ERR,ERR,ERR,ERR,ERR,ERR,ERR,ERR,ERR,ERR,ERR,ERR,ERR,ERR,ERR,ERR,ERR,ERR,ERR,ERR,ERR,ERR,ERR,ERR,ERR,ERR,ERR,ERR,ERR,ERR,ERR,ERR,ERR,ERR,ERR,ERR,ERR,ERR,ERR,ERR,ERR,ERR,ERR,ERR,ERR,ERR,ERR,ERR,ERR,ERR,ERR,ERR,ERR,ERR,ERR,ERR,ERR,ERR,ERR,ERR,ERR,ERR,ERR,ERR,ERR,ERR,ERR,ERR,ERR,ERR,ERR,ERR,ERR,ERR,ERR,0.0,-0.0,0.0,0.0,0.0,-9.890207147403248e+18,4.173631892907622e+16,-0.0,4300,0,8,17169,4300,0.0,41,0.0,0.0,0.0,0.0,2.7184166902131945e+23,0,0,0,0,0.0,0,0,0,0,0,0,0,0,0,0,0,0,0,0,0,0,0,0,0,0,0,0,0,0,0,0,0,0,0,0,0,0,0,12,36,36,48,65476,402,65476,1,0,4,21553,0.0,0.0,0.0,0.0,0.0,0.0,0.0,0.0,0.0,0.0,0.0,0.0,0.0,0.0,0.0,0.0,0.0,0.0,0.0,0.0,0.0,2.004,2.004,-0.0,-3.697074423243316e+19,-0.0,0.0,0.0,0.0,0.0,6608.0,0.0,0.0,0.0,-0.0,0.0,-2.7184509175703625e+23,-0.0,0.0,2.004,2.004,226,126840537088.0,-2.3088384307314767e+20,0.0,0.0,0.0,0.0,0.0,0.0,0.0,0,0,0,3.386190122718173e+24,13840.476,0.0,-15479590617088.0,0.0,2.3335124254851072e+17,-0.0,-8196456960.0,1.9400722583214516e+20,-6.8223068993148445e+31,-69772.32,2.435029475084206e+17,0.0,0.0,0.0,3.997013892522835e+31,0,1.3516416376850534e+27,226,0.0,452,2.40156025918058e+36,0.0,2112,52429,17109,52429,17111,52429,17095,0,0,0,101,100,100,-0.0,65.7,2.7302341356354147e+23,66.0,0.0,66.0,1,49,50,180,39322,52429,0,0,0.0,0.0,0.0,60.0,1.3243097142801264e+38,71.0,0.0,-0.0,0.0,1069,0,1069,0,0,0,1069,0,1079,0,999,0,660,0,662,0,658,0,675,0.032,1.4536034330083127e+22,-2.004,0.0,13712,16814,3.819292095409782e+29,-1.4524584337048863e+18,2.681882730729241e+31,1.3834693532817818e+17,-4.358157847729403e+21,4.782818307873599e+25,50.0,60.0,35,0.0,0.0,10.0,2.0,0.0,0.0,0.0,0.0,0.0,0.0,0.0,0.0,0.0,0.0,0.0,0.0,58.8,52,12,65510,27,65476,0,300,0,0,8,20529,65476,0,0,30147,60.0,0.0,10.0,10.0,2.0,0.0
2026-02-16T12:42:07,ERR,ERR,ERR,ERR,ERR,ERR,ERR,ERR,ERR,ERR,ERR,ERR,ERR,ERR,ERR,ERR,ERR,ERR,ERR,ERR,ERR,ERR,ERR,ERR,ERR,ERR,ERR,ERR,ERR,ERR,ERR,ERR,ERR,ERR,ERR,ERR,ERR,ERR,ERR,ERR,ERR,ERR,ERR,ERR,ERR,ERR,ERR,ERR,ERR,ERR,ERR,ERR,ERR,ERR,ERR,ERR,ERR,ERR,ERR,ERR,ERR,ERR,ERR,ERR,ERR,ERR,ERR,ERR,ERR,ERR,ERR,ERR,ERR,ERR,ERR,ERR,ERR,ERR,ERR,ERR,ERR,ERR,ERR,ERR,ERR,ERR,ERR,ERR,ERR,ERR,ERR,ERR,ERR,ERR,ERR,ERR,ERR,ERR,ERR,ERR,ERR,ERR,ERR,ERR,ERR,ERR,ERR,ERR,ERR,ERR,ERR,ERR,ERR,ERR,ERR,ERR,ERR,ERR,ERR,ERR,ERR,ERR,ERR,ERR,ERR,-107615880.0,-0.0,2.7184069624379994e+23,0.0,-0.0,0.0,-1.8630806718245765e+19,-2319454976.0,4300,0,8,17169,4300,0.0,41,0.0,0.0,0.0,0.0,2.7184166902131945e+23,0,0,0,0,0.0,0,0,0,0,0,0,0,0,0,0,0,0,0,0,0,0,0,0,0,0,0,0,0,0,0,0,0,0,0,0,0,0,0,12,36,36,48,65476,403,65476,1,0,4,21553,0.0,2.718324816780796e+23,0.0,0.0,0.0,0.0,0.0,0.0,0.0,0.0,0.0,0.0,0.0,0.0,0.0,0.0,0.0,0.0,0.0,0.0,0.0,2.004,0.0,-0.0,-3.697074423243316e+19,-0.0,0.0,0.0,0.0,0.0,6608.0,0.0,0.0,-107615880.0,-0.0,0.0,-2.7184509175703625e+23,0.0,0.0,2.004,2.004,226,126840537088.0,-152018270289920.0,0.0,0.0,0.0,0.0,0.0,0.0,0.0,0,0,0,2.335148424282215e+33,-0.0,0.0,0.0,0.0,2.18089017799405e+37,-0.002,0.0,-0.0,-7.170910814377608e+31,-75916.32,2.570137463905321e+17,0.0,0.0,0.0,3.655745871559755e+28,0,1.3516416376850534e+27,226,0.0,452,2.40156025918058e+36,0.0,2112,52429,17109,52429,17111,52429,17095,0,0,0,101,100,100,-0.0,65.7,2.7302341356354147e+23,66.0,0.0,66.0,1,49,50,180,39322,52429,0,0,0.0,0.0,0.0,60.0,1.3243097142801264e+38,71.0,0.0,-0.0,0.0,1069,0,1069,0,0,0,1069,0,1079,0,999,0,660,0,662,0,658,0,675,0.032,1.4536034330083127e+22,-2.004,0.0,13712,16814,3.819292095409782e+29,-1.4524584337048863e+18,2.681882730729241e+31,1.3834693532817818e+17,-4.358157847729403e+21,4.782818307873599e+25,50.0,60.0,35,0.0,0.0,10.0,2.0,0.0,0.0,0.0,0.0,0.0,0.0,0.0,0.0,0.0,0.0,0.0,0.0,59.2,52,12,65510,27,65476,0,300,0,0,8,20529,65476,0,0,30147,60.0,0.0,10.0,10.0,2.0,0.0
2026-02-16T12:42:08,ERR,ERR,ERR,ERR,ERR,ERR,ERR,ERR,ERR,ERR,ERR,ERR,ERR,ERR,ERR,ERR,ERR,ERR,ERR,ERR,ERR,ERR,ERR,ERR,ERR,ERR,ERR,ERR,ERR,ERR,ERR,ERR,ERR,ERR,ERR,ERR,ERR,ERR,ERR,ERR,ERR,ERR,ERR,ERR,ERR,ERR,ERR,ERR,ERR,ERR,ERR,ERR,ERR,ERR,ERR,ERR,ERR,ERR,ERR,ERR,ERR,ERR,ERR,ERR,ERR,ERR,ERR,ERR,ERR,ERR,ERR,ERR,ERR,ERR,ERR,ERR,ERR,ERR,ERR,ERR,ERR,ERR,ERR,ERR,ERR,ERR,ERR,ERR,ERR,ERR,ERR,ERR,ERR,ERR,ERR,ERR,ERR,ERR,ERR,ERR,ERR,ERR,ERR,ERR,ERR,ERR,ERR,ERR,ERR,ERR,ERR,ERR,ERR,ERR,ERR,ERR,ERR,ERR,ERR,ERR,ERR,ERR,ERR,ERR,ERR,-107615880.0,-0.0,2.7184069624379994e+23,0.0,-0.0,0.0,-1.8630806718245765e+19,-2319454976.0,4300,0,8,17169,4300,0.0,41,0.0,0.0,0.0,0.0,2.7184166902131945e+23,0,0,0,0,0.0,0,0,0,0,0,0,0,0,0,0,0,0,0,0,0,0,0,0,0,0,0,0,0,0,0,0,0,0,0,0,0,0,0,12,36,36,48,65476,403,65476,1,0,4,21553,0.0,2.718324816780796e+23,0.0,0.0,0.0,0.0,0.0,0.0,0.0,0.0,0.0,0.0,0.0,0.0,0.0,0.0,0.0,0.0,0.0,0.0,0.0,2.004,0.0,-0.0,-3.697074423243316e+19,-0.0,0.0,0.0,0.0,0.0,6608.0,0.0,0.0,-107615880.0,-0.0,0.0,-2.7184509175703625e+23,0.0,0.0,2.004,2.004,226,126840537088.0,-152018270289920.0,0.0,0.0,0.0,0.0,0.0,0.0,0.0,0,0,0,2.335148424282215e+33,-0.0,0.0,0.0,0.0,2.18089017799405e+37,-0.002,0.0,-0.0,-7.170910814377608e+31,-75916.32,2.570137463905321e+17,0.0,0.0,0.0,3.655745871559755e+28,0,1.3516416376850534e+27,226,0.0,452,2.40156025918058e+36,0.0,2112,52429,17109,52429,17111,52429,17095,0,0,0,101,100,100,-0.0,65.7,2.7302341356354147e+23,66.0,0.0,66.0,1,49,50,180,39322,52429,0,0,0.0,0.0,0.0,60.0,1.3243097142801264e+38,71.0,0.0,-0.0,0.0,1069,0,1069,0,0,0,1069,0,1079,0,999,0,660,0,662,0,658,0,675,0.032,1.4536034330083127e+22,-2.004,0.0,13712,16814,3.819292095409782e+29,-1.4524584337048863e+18,2.681882730729241e+31,1.3834693532817818e+17,-4.358157847729403e+21,4.782818307873599e+25,50.0,60.0,35,0.0,0.0,10.0,2.0,0.0,0.0,0.0,0.0,0.0,0.0,0.0,0.0,0.0,0.0,0.0,0.0,58.8,52,12,65510,27,65476,0,300,0,0,8,20529,65476,0,0,30147,60.0,0.0,10.0,10.0,2.0,0.0
2026-02-16T12:42:09,ERR,ERR,ERR,ERR,ERR,ERR,ERR,ERR,ERR,ERR,ERR,ERR,ERR,ERR,ERR,ERR,ERR,ERR,ERR,ERR,ERR,ERR,ERR,ERR,ERR,ERR,ERR,ERR,ERR,ERR,ERR,ERR,ERR,ERR,ERR,ERR,ERR,ERR,ERR,ERR,ERR,ERR,ERR,ERR,ERR,ERR,ERR,ERR,ERR,ERR,ERR,ERR,ERR,ERR,ERR,ERR,ERR,ERR,ERR,ERR,ERR,ERR,ERR,ERR,ERR,ERR,ERR,ERR,ERR,ERR,ERR,ERR,ERR,ERR,ERR,ERR,ERR,ERR,ERR,ERR,ERR,ERR,ERR,ERR,ERR,ERR,ERR,ERR,ERR,ERR,ERR,ERR,ERR,ERR,ERR,ERR,ERR,ERR,ERR,ERR,ERR,ERR,ERR,ERR,ERR,ERR,ERR,ERR,ERR,ERR,ERR,ERR,ERR,ERR,ERR,ERR,ERR,ERR,ERR,ERR,ERR,ERR,ERR,ERR,ERR,-107615880.0,-0.0,2.7184069624379994e+23,0.0,-0.0,0.0,-1.8630806718245765e+19,-2319454976.0,4300,0,8,17169,4300,0.0,41,0.0,0.0,0.0,0.0,2.7184166902131945e+23,0,0,0,0,0.0,0,0,0,0,0,0,0,0,0,0,0,0,0,0,0,0,0,0,0,0,0,0,0,0,0,0,0,0,0,0,0,0,0,12,36,36,48,65476,403,65476,1,0,4,21553,0.0,2.718324816780796e+23,0.0,0.0,0.0,0.0,0.0,0.0,0.0,0.0,0.0,0.0,0.0,0.0,0.0,0.0,0.0,0.0,0.0,0.0,0.0,2.004,0.0,-0.0,-3.697074423243316e+19,-0.0,0.0,0.0,0.0,0.0,6608.0,0.0,0.0,-107615880.0,-0.0,0.0,-2.7184509175703625e+23,0.0,0.0,2.004,2.004,226,126840537088.0,-152018270289920.0,0.0,0.0,0.0,0.0,0.0,0.0,0.0,0,0,0,2.335148424282215e+33,-0.0,0.0,0.0,0.0,2.18089017799405e+37,-0.002,0.0,-0.0,-7.170910814377608e+31,-75916.32,2.570137463905321e+17,0.0,0.0,0.0,3.655745871559755e+28,0,1.3516416376850534e+27,226,0.0,452,2.40156025918058e+36,0.0,2112,52429,17109,52429,17111,52429,17095,0,0,0,101,100,100,-0.0,65.7,2.7302341356354147e+23,66.0,0.0,66.0,1,49,50,180,52429,52429,0,0,0.0,0.0,0.0,60.0,8.64616855311211e+30,71.0,0.0,0.0,0.0,1069,0,1069,0,0,0,1069,0,1079,0,999,0,660,0,662,0,658,0,675,0.032,1.4536034330083127e+22,-2.004,0.0,30608,16814,1.664234773596981e+36,-8.892211449098876e+19,-0.0,0.0,0.0,-0.0,50.0,60.0,35,0.0,0.0,10.0,2.0,0.0,0.0,0.0,0.0,0.0,0.0,0.0,0.0,0.0,0.0,0.0,0.0,58.8,52,12,65510,27,65476,0,300,0,0,8,20529,65476,0,0,30147,60.0,0.0,10.0,10.0,2.0,0.0
2026-02-16T12:42:10,ERR,ERR,ERR,ERR,ERR,ERR,ERR,ERR,ERR,ERR,ERR,ERR,ERR,ERR,ERR,ERR,ERR,ERR,ERR,ERR,ERR,ERR,ERR,ERR,ERR,ERR,ERR,ERR,ERR,ERR,ERR,ERR,ERR,ERR,ERR,ERR,ERR,ERR,ERR,ERR,ERR,ERR,ERR,ERR,ERR,ERR,ERR,ERR,ERR,ERR,ERR,ERR,ERR,ERR,ERR,ERR,ERR,ERR,ERR,ERR,ERR,ERR,ERR,ERR,ERR,ERR,ERR,ERR,ERR,ERR,ERR,ERR,ERR,ERR,ERR,ERR,ERR,ERR,ERR,ERR,ERR,ERR,ERR,ERR,ERR,ERR,ERR,ERR,ERR,ERR,ERR,ERR,ERR,ERR,ERR,ERR,ERR,ERR,ERR,ERR,ERR,ERR,ERR,ERR,ERR,ERR,ERR,ERR,ERR,ERR,ERR,ERR,ERR,ERR,ERR,ERR,ERR,ERR,ERR,ERR,ERR,ERR,ERR,ERR,ERR,-107615880.0,-0.0,2.7184069624379994e+23,0.0,-0.0,0.0,-1.8630806718245765e+19,-2319454976.0,4300,0,8,17169,4300,0.0,41,0.0,0.0,0.0,0.0,2.7184166902131945e+23,0,0,0,0,0.0,0,0,0,0,0,0,0,0,0,0,0,0,0,0,0,0,0,0,0,0,0,0,0,0,0,0,0,0,0,0,0,0,0,12,36,36,48,65476,403,65476,1,0,4,21553,0.0,2.718324816780796e+23,0.0,0.0,0.0,0.0,0.0,0.0,0.0,0.0,0.0,0.0,0.0,0.0,0.0,0.0,0.0,0.0,0.0,0.0,0.0,2.004,0.0,-0.0,-3.697074423243316e+19,-0.0,0.0,0.0,0.0,0.0,6608.0,0.0,0.0,-107615880.0,-0.0,0.0,-2.7184509175703625e+23,0.0,0.0,2.004,2.004,226,126840537088.0,-152018270289920.0,0.0,0.0,0.0,0.0,0.0,0.0,0.0,0,0,0,2.335148424282215e+33,-0.0,0.0,0.0,0.0,2.18089017799405e+37,-0.002,0.0,-0.0,-7.170910814377608e+31,-75916.32,2.570137463905321e+17,0.0,0.0,0.0,3.655745871559755e+28,0,1.3516416376850534e+27,226,0.0,452,2.40156025918058e+36,0.0,2112,52429,17109,52429,17111,52429,17095,0,0,0,101,100,100,-0.0,65.7,2.7302341356354147e+23,66.0,0.0,66.0,1,49,50,180,52429,52429,0,0,0.0,0.0,0.0,60.0,8.64616855311211e+30,71.0,0.0,0.0,0.0,1069,0,1069,0,0,0,1069,0,1079,0,999,0,660,0,662,0,658,0,675,0.032,1.4536034330083127e+22,-2.004,0.0,30608,16814,1.664234773596981e+36,-8.892211449098876e+19,-0.0,0.0,0.0,-0.0,50.0,60.0,35,0.0,0.0,10.0,2.0,0.0,0.0,0.0,0.0,0.0,0.0,0.0,0.0,0.0,0.0,0.0,0.0,58.8,52,12,65510,27,65476,0,300,0,0,8,20529,65476,0,0,30147,60.0,0.0,10.0,10.0,2.0,0.0
2026-02-16T12:42:11,ERR,ERR,ERR,ERR,ERR,ERR,ERR,ERR,ERR,ERR,ERR,ERR,ERR,ERR,ERR,ERR,ERR,ERR,ERR,ERR,ERR,ERR,ERR,ERR,ERR,ERR,ERR,ERR,ERR,ERR,ERR,ERR,ERR,ERR,ERR,ERR,ERR,ERR,ERR,ERR,ERR,ERR,ERR,ERR,ERR,ERR,ERR,ERR,ERR,ERR,ERR,ERR,ERR,ERR,ERR,ERR,ERR,ERR,ERR,ERR,ERR,ERR,ERR,ERR,ERR,ERR,ERR,ERR,ERR,ERR,ERR,ERR,ERR,ERR,ERR,ERR,ERR,ERR,ERR,ERR,ERR,ERR,ERR,ERR,ERR,ERR,ERR,ERR,ERR,ERR,ERR,ERR,ERR,ERR,ERR,ERR,ERR,ERR,ERR,ERR,ERR,ERR,ERR,ERR,ERR,ERR,ERR,ERR,ERR,ERR,ERR,ERR,ERR,ERR,ERR,ERR,ERR,ERR,ERR,ERR,ERR,ERR,ERR,ERR,ERR,-107615880.0,-0.0,2.7184069624379994e+23,0.0,-0.0,0.0,-0.0,-3.764421243778101e+36,4300,0,8,17169,4300,0.0,41,0.0,0.0,0.0,0.0,2.7184166902131945e+23,0,0,0,0,0.0,0,0,0,0,0,0,0,0,0,0,0,0,0,0,0,0,0,0,0,0,0,0,0,0,0,0,0,0,0,0,0,0,0,12,36,36,48,65476,404,65476,1,0,4,21553,0.0,0.0,0.0,0.0,0.0,0.0,0.0,0.0,0.0,0.0,0.0,0.0,0.0,0.0,0.0,0.0,0.0,0.0,0.0,0.0,0.0,2.004,0.0,-0.0,-3.697074423243316e+19,-0.0,0.0,0.0,0.0,0.0,6608.0,0.0,0.0,-107615880.0,-0.0,0.0,-107616272.0,-0.0,0.0,2.004,2.004,226,126840537088.0,-3.2220245344017747e+26,0.0,0.0,0.0,0.0,0.0,0.0,0.0,0,0,0,1.872544987708133e+24,-0.0,0.0,1157183.125,0.0,-4.2132891041233124e+26,-1.932,-0.0,-1.0388981949905283e+28,-7.582897259451782e+31,-82060.32,2.6939864536580096e+17,0.0,0.0,0.0,0.0,0,1.3516416376850534e+27,226,0.0,452,-621855232.0,86146.211,2112,52429,17109,52429,17111,52429,17095,0,0,0,101,100,100,-0.0,65.7,2.7302341356354147e+23,66.0,0.0,66.0,1,49,50,180,52429,52429,0,0,0.0,0.0,0.0,60.0,8.64616855311211e+30,71.0,0.0,0.0,0.0,1069,0,1069,0,0,0,1069,0,1079,0,999,0,660,0,662,0,658,0,675,0.032,1.4536034330083127e+22,-2.004,0.0,30608,16814,1.664234773596981e+36,-8.892211449098876e+19,-0.0,0.0,0.0,-0.0,50.0,60.0,35,0.0,0.0,10.0,2.0,0.0,0.0,0.0,0.0,0.0,0.0,0.0,0.0,0.0,0.0,0.0,0.0,58.8,52,12,65510,27,65476,0,300,0,0,8,20529,65476,0,0,30147,60.0,0.0,10.0,10.0,2.0,0.0
2026-02-16T12:42:12,ERR,ERR,ERR,ERR,ERR,ERR,ERR,ERR,ERR,ERR,ERR,ERR,ERR,ERR,ERR,ERR,ERR,ERR,ERR,ERR,ERR,ERR,ERR,ERR,ERR,ERR,ERR,ERR,ERR,ERR,ERR,ERR,ERR,ERR,ERR,ERR,ERR,ERR,ERR,ERR,ERR,ERR,ERR,ERR,ERR,ERR,ERR,ERR,ERR,ERR,ERR,ERR,ERR,ERR,ERR,ERR,ERR,ERR,ERR,ERR,ERR,ERR,ERR,ERR,ERR,ERR,ERR,ERR,ERR,ERR,ERR,ERR,ERR,ERR,ERR,ERR,ERR,ERR,ERR,ERR,ERR,ERR,ERR,ERR,ERR,ERR,ERR,ERR,ERR,ERR,ERR,ERR,ERR,ERR,ERR,ERR,ERR,ERR,ERR,ERR,ERR,ERR,ERR,ERR,ERR,ERR,ERR,ERR,ERR,ERR,ERR,ERR,ERR,ERR,ERR,ERR,ERR,ERR,ERR,ERR,ERR,ERR,ERR,ERR,ERR,-107615880.0,-0.0,2.7184069624379994e+23,0.0,-0.0,0.0,-0.0,-3.764421243778101e+36,4300,0,8,17169,4300,0.0,41,0.0,0.0,0.0,0.0,2.7184166902131945e+23,0,0,0,0,0.0,0,0,0,0,0,0,0,0,0,0,0,0,0,0,0,0,0,0,0,0,0,0,0,0,0,0,0,0,0,0,0,0,0,12,36,36,48,65476,404,65476,1,0,4,21553,0.0,0.0,0.0,0.0,0.0,0.0,0.0,0.0,0.0,0.0,0.0,0.0,0.0,0.0,0.0,0.0,0.0,0.0,0.0,0.0,0.0,2.004,0.0,-0.0,-3.697074423243316e+19,-0.0,0.0,0.0,0.0,0.0,6608.0,0.0,0.0,-107615880.0,-0.0,0.0,-107616272.0,-0.0,0.0,2.004,2.004,226,126840537088.0,-3.2220245344017747e+26,0.0,0.0,0.0,0.0,0.0,0.0,0.0,0,0,0,1.872544987708133e+24,-0.0,0.0,1157183.125,0.0,-4.2132891041233124e+26,-1.932,-0.0,-1.0388981949905283e+28,-7.582897259451782e+31,-82060.32,2.6939864536580096e+17,0.0,0.0,0.0,0.0,0,1.3516416376850534e+27,226,0.0,452,-621855232.0,86146.211,2112,52429,17109,52429,17111,52429,17095,0,0,0,101,100,100,-0.0,65.7,2.7302341356354147e+23,66.0,0.0,66.0,1,49,50,180,52429,52429,0,0,0.0,0.0,0.0,60.0,-0.0,71.0,0.0,-1.8562523175879946e+21,0.0,1068,0,1069,0,0,0,1069,0,1080,0,999,0,660,0,662,0,658,0,675,0.032,1.4609821306377965e+22,-2.004,0.0,34448,16814,-0.0,-1.8562523175879946e+21,-0.0,-14598374.0,0.0,-0.0,50.0,60.0,35,0.0,0.0,10.0,2.0,0.0,0.0,0.0,0.0,0.0,0.0,0.0,0.0,0.0,0.0,0.0,0.0,58.8,52,12,65510,27,65476,0,300,0,0,8,20529,65476,0,0,30147,60.0,0.0,10.0,10.0,2.0,0.0
2026-02-16T12:42:13,ERR,ERR,ERR,ERR,ERR,ERR,ERR,ERR,ERR,ERR,ERR,ERR,ERR,ERR,ERR,ERR,ERR,ERR,ERR,ERR,ERR,ERR,ERR,ERR,ERR,ERR,ERR,ERR,ERR,ERR,ERR,ERR,ERR,ERR,ERR,ERR,ERR,ERR,ERR,ERR,ERR,ERR,ERR,ERR,ERR,ERR,ERR,ERR,ERR,ERR,ERR,ERR,ERR,ERR,ERR,ERR,ERR,ERR,ERR,ERR,ERR,ERR,ERR,ERR,ERR,ERR,ERR,ERR,ERR,ERR,ERR,ERR,ERR,ERR,ERR,ERR,ERR,ERR,ERR,ERR,ERR,ERR,ERR,ERR,ERR,ERR,ERR,ERR,ERR,ERR,ERR,ERR,ERR,ERR,ERR,ERR,ERR,ERR,ERR,ERR,ERR,ERR,ERR,ERR,ERR,ERR,ERR,ERR,ERR,ERR,ERR,ERR,ERR,ERR,ERR,ERR,ERR,ERR,ERR,ERR,ERR,ERR,ERR,ERR,ERR,-107615880.0,-0.0,2.7184069624379994e+23,0.0,-0.0,0.0,-0.0,-3.764421243778101e+36,4300,0,8,17169,4300,0.0,41,0.0,0.0,0.0,0.0,2.7184166902131945e+23,0,0,0,0,0.0,0,0,0,0,0,0,0,0,0,0,0,0,0,0,0,0,0,0,0,0,0,0,0,0,0,0,0,0,0,0,0,0,0,12,36,36,48,65476,404,65476,1,0,4,21553,0.0,0.0,0.0,0.0,0.0,0.0,0.0,0.0,0.0,0.0,0.0,0.0,0.0,0.0,0.0,0.0,0.0,0.0,0.0,0.0,0.0,2.004,0.0,-0.0,-3.697074423243316e+19,-0.0,0.0,0.0,0.0,0.0,6608.0,0.0,0.0,-107615880.0,-0.0,0.0,-107616272.0,-0.0,0.0,2.004,2.004,226,126840537088.0,-3.2220245344017747e+26,0.0,0.0,0.0,0.0,0.0,0.0,0.0,0,0,0,1.872544987708133e+24,-0.0,0.0,1157183.125,0.0,-4.2132891041233124e+26,-1.932,-0.0,-1.0388981949905283e+28,-7.582897259451782e+31,-82060.32,2.6939864536580096e+17,0.0,0.0,0.0,0.0,0,1.3516416376850534e+27,226,0.0,452,-621855232.0,86146.211,2112,52429,17109,52429,17111,52429,17095,0,0,0,101,100,100,-0.0,65.7,2.7302341356354147e+23,66.0,0.0,66.0,1,49,50,180,52429,52429,0,0,0.0,0.0,0.0,60.0,-0.0,71.0,0.0,-1.8562523175879946e+21,0.0,1068,0,1069,0,0,0,1069,0,1080,0,999,0,660,0,662,0,658,0,675,0.032,1.4609821306377965e+22,-2.004,0.0,34448,16814,-0.0,-1.8562523175879946e+21,-0.0,-14598374.0,0.0,-0.0,50.0,60.0,35,0.0,0.0,10.0,2.0,0.0,0.0,0.0,0.0,0.0,0.0,0.0,0.0,0.0,0.0,0.0,0.0,59.2,52,12,65510,27,65476,0,300,0,0,8,20529,65476,0,0,30147,60.0,0.0,10.0,10.0,2.0,0.0
2026-02-16T12:42:14,ERR,ERR,ERR,ERR,ERR,ERR,ERR,ERR,ERR,ERR,ERR,ERR,ERR,ERR,ERR,ERR,ERR,ERR,ERR,ERR,ERR,ERR,ERR,ERR,ERR,ERR,ERR,ERR,ERR,ERR,ERR,ERR,ERR,ERR,ERR,ERR,ERR,ERR,ERR,ERR,ERR,ERR,ERR,ERR,ERR,ERR,ERR,ERR,ERR,ERR,ERR,ERR,ERR,ERR,ERR,ERR,ERR,ERR,ERR,ERR,ERR,ERR,ERR,ERR,ERR,ERR,ERR,ERR,ERR,ERR,ERR,ERR,ERR,ERR,ERR,ERR,ERR,ERR,ERR,ERR,ERR,ERR,ERR,ERR,ERR,ERR,ERR,ERR,ERR,ERR,ERR,ERR,ERR,ERR,ERR,ERR,ERR,ERR,ERR,ERR,ERR,ERR,ERR,ERR,ERR,ERR,ERR,ERR,ERR,ERR,ERR,ERR,ERR,ERR,ERR,ERR,ERR,ERR,ERR,ERR,ERR,ERR,ERR,ERR,ERR,-107615880.0,-0.0,2.7184069624379994e+23,0.0,-0.0,0.0,-0.0,-3.764421243778101e+36,4300,0,8,17169,4300,0.0,41,0.0,0.0,0.0,0.0,2.7184166902131945e+23,0,0,0,0,0.0,0,0,0,0,0,0,0,0,0,0,0,0,0,0,0,0,0,0,0,0,0,0,0,0,0,0,0,0,0,0,0,0,0,12,36,36,48,65476,404,65476,1,0,4,21553,0.0,0.0,0.0,0.0,0.0,0.0,0.0,0.0,0.0,0.0,0.0,0.0,0.0,0.0,0.0,0.0,0.0,0.0,0.0,0.0,0.0,2.004,0.0,-0.0,-3.697074423243316e+19,-0.0,0.0,0.0,0.0,0.0,6608.0,0.0,0.0,-107615880.0,-0.0,0.0,-107616272.0,-0.0,0.0,2.004,2.004,226,126840537088.0,-3.2220245344017747e+26,0.0,0.0,0.0,0.0,0.0,0.0,0.0,0,0,0,1.872544987708133e+24,-0.0,0.0,1157183.125,0.0,-4.2132891041233124e+26,-1.932,-0.0,-1.0388981949905283e+28,-7.582897259451782e+31,-82060.32,2.6939864536580096e+17,0.0,0.0,0.0,0.0,0,1.3516416376850534e+27,226,0.0,452,-621855232.0,86146.211,2112,52429,17109,52429,17111,52429,17095,0,0,0,101,100,100,-0.0,65.7,2.7302341356354147e+23,66.0,0.0,66.0,1,49,50,180,52429,52429,0,0,0.0,0.0,0.0,60.0,-0.0,71.0,0.0,-1.8562523175879946e+21,0.0,1068,0,1069,0,0,0,1069,0,1080,0,999,0,660,0,662,0,658,0,675,0.032,1.4609821306377965e+22,-2.004,0.0,34448,16814,-0.0,-1.8562523175879946e+21,-0.0,-14598374.0,0.0,-0.0,50.0,60.0,35,0.0,0.0,10.0,2.0,0.0,0.0,0.0,0.0,0.0,0.0,0.0,0.0,0.0,0.0,0.0,0.0,59.2,52,12,65510,27,65476,0,300,0,0,8,20529,65476,0,0,30147,60.0,0.0,10.0,10.0,2.0,0.0
2026-02-16T12:42:15,ERR,ERR,ERR,ERR,ERR,ERR,ERR,ERR,ERR,ERR,ERR,ERR,ERR,ERR,ERR,ERR,ERR,ERR,ERR,ERR,ERR,ERR,ERR,ERR,ERR,ERR,ERR,ERR,ERR,ERR,ERR,ERR,ERR,ERR,ERR,ERR,ERR,ERR,ERR,ERR,ERR,ERR,ERR,ERR,ERR,ERR,ERR,ERR,ERR,ERR,ERR,ERR,ERR,ERR,ERR,ERR,ERR,ERR,ERR,ERR,ERR,ERR,ERR,ERR,ERR,ERR,ERR,ERR,ERR,ERR,ERR,ERR,ERR,ERR,ERR,ERR,ERR,ERR,ERR,ERR,ERR,ERR,ERR,ERR,ERR,ERR,ERR,ERR,ERR,ERR,ERR,ERR,ERR,ERR,ERR,ERR,ERR,ERR,ERR,ERR,ERR,ERR,ERR,ERR,ERR,ERR,ERR,ERR,ERR,ERR,ERR,ERR,ERR,ERR,ERR,ERR,ERR,ERR,ERR,ERR,ERR,ERR,ERR,ERR,ERR,-107615880.0,-0.0,2.7184069624379994e+23,0.0,-0.0,0.0,-0.0,-3.764421243778101e+36,4300,0,8,17169,4300,0.0,41,0.0,0.0,0.0,0.0,2.7184166902131945e+23,0,0,0,0,0.0,0,0,0,0,0,0,0,0,0,0,0,0,0,0,0,0,0,0,0,0,0,0,0,0,0,0,0,0,0,0,0,0,0,12,36,36,48,65476,404,65476,1,0,4,21553,0.0,0.0,0.0,0.0,0.0,0.0,0.0,0.0,0.0,0.0,0.0,0.0,0.0,0.0,0.0,0.0,0.0,0.0,0.0,0.0,0.0,2.004,0.0,-0.0,-3.697074423243316e+19,-0.0,0.0,0.0,0.0,0.0,6608.0,0.0,0.0,-107615880.0,-0.0,0.0,-107616272.0,-0.0,0.0,2.004,2.004,226,126840537088.0,-3.2220245344017747e+26,0.0,0.0,0.0,0.0,0.0,0.0,0.0,0,0,0,1.872544987708133e+24,-0.0,0.0,1157183.125,0.0,-4.2132891041233124e+26,-1.932,-0.0,-1.0388981949905283e+28,-7.582897259451782e+31,-82060.32,2.6939864536580096e+17,0.0,0.0,0.0,0.0,0,1.3516416376850534e+27,226,0.0,452,-621855232.0,86146.211,2112,52429,17109,52429,17111,52429,17095,0,0,0,101,100,100,-0.0,65.7,2.7302341356354147e+23,66.0,0.0,66.0,1,49,50,180,39322,52429,0,0,0.0,0.0,0.0,60.0,3.9655276613361357e+31,71.0,0.0,-4.981171403383374e+18,0.0,1069,0,1069,0,0,0,1069,0,1079,0,999,0,660,0,662,0,658,0,675,0.032,1.4536034330083127e+22,-2.004,0.0,28304,16814,2.345254812020436e+33,0.0,-877.002,-0.0,0.297,-0.0,50.0,60.0,35,0.0,0.0,10.0,2.0,0.0,0.0,0.0,0.0,0.0,0.0,0.0,0.0,0.0,0.0,0.0,0.0,58.8,52,12,65510,27,65476,0,300,0,0,8,20529,65476,0,0,30147,60.0,0.0,10.0,10.0,2.0,0.0
2026-02-16T12:42:16,ERR,ERR,ERR,ERR,ERR,ERR,ERR,ERR,ERR,ERR,ERR,ERR,ERR,ERR,ERR,ERR,ERR,ERR,ERR,ERR,ERR,ERR,ERR,ERR,ERR,ERR,ERR,ERR,ERR,ERR,ERR,ERR,ERR,ERR,ERR,ERR,ERR,ERR,ERR,ERR,ERR,ERR,ERR,ERR,ERR,ERR,ERR,ERR,ERR,ERR,ERR,ERR,ERR,ERR,ERR,ERR,ERR,ERR,ERR,ERR,ERR,ERR,ERR,ERR,ERR,ERR,ERR,ERR,ERR,ERR,ERR,ERR,ERR,ERR,ERR,ERR,ERR,ERR,ERR,ERR,ERR,ERR,ERR,ERR,ERR,ERR,ERR,ERR,ERR,ERR,ERR,ERR,ERR,ERR,ERR,ERR,ERR,ERR,ERR,ERR,ERR,ERR,ERR,ERR,ERR,ERR,ERR,ERR,ERR,ERR,ERR,ERR,ERR,ERR,ERR,ERR,ERR,ERR,ERR,ERR,ERR,ERR,ERR,ERR,ERR,0.0,-0.0,0.0,0.0,0.0,1.55841275998051e+25,15.017,0.0,4300,0,8,17169,4300,0.0,41,0.0,0.0,0.0,0.0,2.7184166902131945e+23,0,0,0,0,0.0,0,0,0,0,0,0,0,0,0,0,0,0,0,0,0,0,0,0,0,0,0,0,0,0,0,0,0,0,0,0,0,0,0,12,37,36,48,65476,404,65476,1,0,4,21553,0.0,-107610720.0,0.0,0.0,0.0,0.0,0.0,0.0,0.0,0.0,0.0,0.0,0.0,0.0,0.0,0.0,0.0,0.0,0.0,0.0,0.0,2.004,0.0,-0.0,-3.697074423243316e+19,-0.0,0.0,0.0,0.0,0.0,6611.0,0.0,0.0,-107615880.0,-0.0,2.718450196994422e+23,-2.7184509175703625e+23,0.0,0.0,2.004,2.004,226,4.066853658014554e+29,-2.3088384307314767e+20,0.0,0.0,0.0,0.0,0.0,0.0,0.0,0,0,0,3.575084782032959e+24,0.0,0.0,0.0,0.0,-2018.06,-0.0,0.0,-0.0,-7.994883704525957e+31,-88716.32,2.851612440615977e+17,0.0,0.0,0.0,5.381101747853952e+32,0,1.3516416376850534e+27,228,0.0,456,0.0,-1.4035696821479504e+35,2112,52429,17109,52429,17111,52429,17095,0,0,0,101,100,100,-0.0,65.7,2.7302341356354147e+23,66.0,0.0,66.0,1,49,50,180,39322,52429,0,0,0.0,0.0,0.0,60.0,3.9655276613361357e+31,71.0,0.0,-4.981171403383374e+18,0.0,1069,0,1069,0,0,0,1069,0,1079,0,999,0,660,0,662,0,658,0,675,0.032,1.4536034330083127e+22,-2.004,0.0,28304,16814,2.345254812020436e+33,0.0,-877.002,-0.0,0.297,-0.0,50.0,60.0,35,0.0,0.0,10.0,2.0,0.0,0.0,0.0,0.0,0.0,0.0,0.0,0.0,0.0,0.0,0.0,0.0,59.2,52,12,65510,27,65476,0,300,0,0,8,20529,65476,0,0,30147,60.0,0.0,10.0,10.0,2.0,0.0
2026-02-16T12:42:17,ERR,ERR,ERR,ERR,ERR,ERR,ERR,ERR,ERR,ERR,ERR,ERR,ERR,ERR,ERR,ERR,ERR,ERR,ERR,ERR,ERR,ERR,ERR,ERR,ERR,ERR,ERR,ERR,ERR,ERR,ERR,ERR,ERR,ERR,ERR,ERR,ERR,ERR,ERR,ERR,ERR,ERR,ERR,ERR,ERR,ERR,ERR,ERR,ERR,ERR,ERR,ERR,ERR,ERR,ERR,ERR,ERR,ERR,ERR,ERR,ERR,ERR,ERR,ERR,ERR,ERR,ERR,ERR,ERR,ERR,ERR,ERR,ERR,ERR,ERR,ERR,ERR,ERR,ERR,ERR,ERR,ERR,ERR,ERR,ERR,ERR,ERR,ERR,ERR,ERR,ERR,ERR,ERR,ERR,ERR,ERR,ERR,ERR,ERR,ERR,ERR,ERR,ERR,ERR,ERR,ERR,ERR,ERR,ERR,ERR,ERR,ERR,ERR,ERR,ERR,ERR,ERR,ERR,ERR,ERR,ERR,ERR,ERR,ERR,ERR,0.0,-0.0,0.0,0.0,0.0,1.55841275998051e+25,15.017,0.0,4300,0,8,17169,4300,0.0,41,0.0,0.0,0.0,0.0,2.7184166902131945e+23,0,0,0,0,0.0,0,0,0,0,0,0,0,0,0,0,0,0,0,0,0,0,0,0,0,0,0,0,0,0,0,0,0,0,0,0,0,0,0,12,37,36,48,65476,404,65476,1,0,4,21553,0.0,-107610720.0,0.0,0.0,0.0,0.0,0.0,0.0,0.0,0.0,0.0,0.0,0.0,0.0,0.0,0.0,0.0,0.0,0.0,0.0,0.0,2.004,0.0,-0.0,-3.697074423243316e+19,-0.0,0.0,0.0,0.0,0.0,6611.0,0.0,0.0,-107615880.0,-0.0,2.718450196994422e+23,-2.7184509175703625e+23,0.0,0.0,2.004,2.004,226,4.066853658014554e+29,-2.3088384307314767e+20,0.0,0.0,0.0,0.0,0.0,0.0,0.0,0,0,0,3.575084782032959e+24,0.0,0.0,0.0,0.0,-2018.06,-0.0,0.0,-0.0,-7.994883704525957e+31,-88716.32,2.851612440615977e+17,0.0,0.0,0.0,5.381101747853952e+32,0,1.3516416376850534e+27,228,0.0,456,0.0,-1.4035696821479504e+35,2112,52429,17109,52429,17111,52429,17095,0,0,0,101,100,100,-0.0,65.7,2.7302341356354147e+23,66.0,0.0,66.0,1,49,50,180,39322,52429,0,0,0.0,0.0,0.0,60.0,3.9655276613361357e+31,71.0,0.0,-4.981171403383374e+18,0.0,1069,0,1069,0,0,0,1069,0,1079,0,999,0,660,0,662,0,658,0,675,0.032,1.4536034330083127e+22,-2.004,0.0,28304,16814,2.345254812020436e+33,0.0,-877.002,-0.0,0.297,-0.0,50.0,60.0,35,0.0,0.0,10.0,2.0,0.0,0.0,0.0,0.0,0.0,0.0,0.0,0.0,0.0,0.0,0.0,0.0,59.2,52,12,65510,27,65476,0,300,0,0,8,20529,65476,0,0,30147,60.0,0.0,10.0,10.0,2.0,0.0
2026-02-16T12:42:18,ERR,ERR,ERR,ERR,ERR,ERR,ERR,ERR,ERR,ERR,ERR,ERR,ERR,ERR,ERR,ERR,ERR,ERR,ERR,ERR,ERR,ERR,ERR,ERR,ERR,ERR,ERR,ERR,ERR,ERR,ERR,ERR,ERR,ERR,ERR,ERR,ERR,ERR,ERR,ERR,ERR,ERR,ERR,ERR,ERR,ERR,ERR,ERR,ERR,ERR,ERR,ERR,ERR,ERR,ERR,ERR,ERR,ERR,ERR,ERR,ERR,ERR,ERR,ERR,ERR,ERR,ERR,ERR,ERR,ERR,ERR,ERR,ERR,ERR,ERR,ERR,ERR,ERR,ERR,ERR,ERR,ERR,ERR,ERR,ERR,ERR,ERR,ERR,ERR,ERR,ERR,ERR,ERR,ERR,ERR,ERR,ERR,ERR,ERR,ERR,ERR,ERR,ERR,ERR,ERR,ERR,ERR,ERR,ERR,ERR,ERR,ERR,ERR,ERR,ERR,ERR,ERR,ERR,ERR,ERR,ERR,ERR,ERR,ERR,ERR,0.0,-0.0,0.0,0.0,0.0,1.55841275998051e+25,15.017,0.0,4300,0,8,17169,4300,0.0,41,0.0,0.0,0.0,0.0,2.7184166902131945e+23,0,0,0,0,0.0,0,0,0,0,0,0,0,0,0,0,0,0,0,0,0,0,0,0,0,0,0,0,0,0,0,0,0,0,0,0,0,0,0,12,37,36,48,65476,404,65476,1,0,4,21553,0.0,-107610720.0,0.0,0.0,0.0,0.0,0.0,0.0,0.0,0.0,0.0,0.0,0.0,0.0,0.0,0.0,0.0,0.0,0.0,0.0,0.0,2.004,0.0,-0.0,-3.697074423243316e+19,-0.0,0.0,0.0,0.0,0.0,6611.0,0.0,0.0,-107615880.0,-0.0,2.718450196994422e+23,-2.7184509175703625e+23,0.0,0.0,2.004,2.004,226,4.066853658014554e+29,-2.3088384307314767e+20,0.0,0.0,0.0,0.0,0.0,0.0,0.0,0,0,0,3.575084782032959e+24,0.0,0.0,0.0,0.0,-2018.06,-0.0,0.0,-0.0,-7.994883704525957e+31,-88716.32,2.851612440615977e+17,0.0,0.0,0.0,5.381101747853952e+32,0,1.3516416376850534e+27,228,0.0,456,0.0,-1.4035696821479504e+35,2112,52429,17109,52429,17111,52429,17095,0,0,0,101,100,100,-0.0,65.7,2.7302341356354147e+23,66.0,0.0,66.0,1,49,50,180,39322,52429,0,0,0.0,0.0,0.0,60.0,3.9655276613361357e+31,71.0,0.0,-4.981171403383374e+18,0.0,1069,0,1069,0,0,0,1069,0,1079,0,999,0,660,0,662,0,658,0,675,0.032,1.4536034330083127e+22,-2.004,0.0,28304,16814,2.345254812020436e+33,0.0,-877.002,-0.0,0.297,-0.0,50.0,60.0,35,0.0,0.0,10.0,2.0,0.0,0.0,0.0,0.0,0.0,0.0,0.0,0.0,0.0,0.0,0.0,0.0,58.8,52,12,65510,27,65476,0,300,0,0,8,20529,65476,0,0,30147,60.0,0.0,10.0,10.0,2.0,0.0
2026-02-16T12:42:19,ERR,ERR,ERR,ERR,ERR,ERR,ERR,ERR,ERR,ERR,ERR,ERR,ERR,ERR,ERR,ERR,ERR,ERR,ERR,ERR,ERR,ERR,ERR,ERR,ERR,ERR,ERR,ERR,ERR,ERR,ERR,ERR,ERR,ERR,ERR,ERR,ERR,ERR,ERR,ERR,ERR,ERR,ERR,ERR,ERR,ERR,ERR,ERR,ERR,ERR,ERR,ERR,ERR,ERR,ERR,ERR,ERR,ERR,ERR,ERR,ERR,ERR,ERR,ERR,ERR,ERR,ERR,ERR,ERR,ERR,ERR,ERR,ERR,ERR,ERR,ERR,ERR,ERR,ERR,ERR,ERR,ERR,ERR,ERR,ERR,ERR,ERR,ERR,ERR,ERR,ERR,ERR,ERR,ERR,ERR,ERR,ERR,ERR,ERR,ERR,ERR,ERR,ERR,ERR,ERR,ERR,ERR,ERR,ERR,ERR,ERR,ERR,ERR,ERR,ERR,ERR,ERR,ERR,ERR,ERR,ERR,ERR,ERR,ERR,ERR,0.0,-0.0,0.0,0.0,0.0,1.55841275998051e+25,15.017,0.0,4300,0,8,17169,4300,0.0,41,0.0,0.0,0.0,0.0,2.7184166902131945e+23,0,0,0,0,0.0,0,0,0,0,0,0,0,0,0,0,0,0,0,0,0,0,0,0,0,0,0,0,0,0,0,0,0,0,0,0,0,0,0,12,37,36,48,65476,404,65476,1,0,4,21553,0.0,-107610720.0,0.0,0.0,0.0,0.0,0.0,0.0,0.0,0.0,0.0,0.0,0.0,0.0,0.0,0.0,0.0,0.0,0.0,0.0,0.0,2.004,0.0,-0.0,-3.697074423243316e+19,-0.0,0.0,0.0,0.0,0.0,6611.0,0.0,0.0,-107615880.0,-0.0,2.718450196994422e+23,-2.7184509175703625e+23,0.0,0.0,2.004,2.004,226,4.066853658014554e+29,-2.3088384307314767e+20,0.0,0.0,0.0,0.0,0.0,0.0,0.0,0,0,0,3.575084782032959e+24,0.0,0.0,0.0,0.0,-2018.06,-0.0,0.0,-0.0,-7.994883704525957e+31,-88716.32,2.851612440615977e+17,0.0,0.0,0.0,5.381101747853952e+32,0,1.3516416376850534e+27,228,0.0,456,0.0,-1.4035696821479504e+35,2112,52429,17109,52429,17111,52429,17095,0,0,0,101,100,100,-0.0,65.7,2.7302341356354147e+23,66.0,0.0,66.0,1,49,50,180,52429,52429,0,0,0.0,0.0,0.0,60.0,-0.0,71.0,0.0,-1.7271251090720277e+21,0.0,1069,0,1069,0,0,0,1069,0,1079,0,999,0,660,0,662,0,658,0,675,0.032,1.4536034330083127e+22,-2.004,0.0,21904,16814,5.950158156583339e+28,-0.0,18287245312.0,-0.0,-0.007,59310128.0,50.0,60.0,35,0.0,0.0,10.0,2.0,0.0,0.0,0.0,0.0,0.0,0.0,0.0,0.0,0.0,0.0,0.0,0.0,58.8,52,12,65510,27,65476,0,300,0,0,8,20529,65476,0,0,30147,60.0,0.0,10.0,10.0,2.0,0.0
2026-02-16T12:42:20,ERR,ERR,ERR,ERR,ERR,ERR,ERR,ERR,ERR,ERR,ERR,ERR,ERR,ERR,ERR,ERR,ERR,ERR,ERR,ERR,ERR,ERR,ERR,ERR,ERR,ERR,ERR,ERR,ERR,ERR,ERR,ERR,ERR,ERR,ERR,ERR,ERR,ERR,ERR,ERR,ERR,ERR,ERR,ERR,ERR,ERR,ERR,ERR,ERR,ERR,ERR,ERR,ERR,ERR,ERR,ERR,ERR,ERR,ERR,ERR,ERR,ERR,ERR,ERR,ERR,ERR,ERR,ERR,ERR,ERR,ERR,ERR,ERR,ERR,ERR,ERR,ERR,ERR,ERR,ERR,ERR,ERR,ERR,ERR,ERR,ERR,ERR,ERR,ERR,ERR,ERR,ERR,ERR,ERR,ERR,ERR,ERR,ERR,ERR,ERR,ERR,ERR,ERR,ERR,ERR,ERR,ERR,ERR,ERR,ERR,ERR,ERR,ERR,ERR,ERR,ERR,ERR,ERR,ERR,ERR,ERR,ERR,ERR,ERR,ERR,0.0,-0.0,0.0,0.0,0.0,1.55841275998051e+25,15.017,0.0,4300,0,8,17169,4300,0.0,41,0.0,0.0,0.0,0.0,2.7184166902131945e+23,0,0,0,0,0.0,0,0,0,0,0,0,0,0,0,0,0,0,0,0,0,0,0,0,0,0,0,0,0,0,0,0,0,0,0,0,0,0,0,12,37,36,48,65476,404,65476,1,0,4,21553,0.0,-107610720.0,0.0,0.0,0.0,0.0,0.0,0.0,0.0,0.0,0.0,0.0,0.0,0.0,0.0,0.0,0.0,0.0,0.0,0.0,0.0,2.004,0.0,-0.0,-3.697074423243316e+19,-0.0,0.0,0.0,0.0,0.0,6611.0,0.0,0.0,-107615880.0,-0.0,2.718450196994422e+23,-2.7184509175703625e+23,0.0,0.0,2.004,2.004,226,4.066853658014554e+29,-2.3088384307314767e+20,0.0,0.0,0.0,0.0,0.0,0.0,0.0,0,0,0,3.575084782032959e+24,0.0,0.0,0.0,0.0,-2018.06,-0.0,0.0,-0.0,-7.994883704525957e+31,-88716.32,2.851612440615977e+17,0.0,0.0,0.0,5.381101747853952e+32,0,1.3516416376850534e+27,228,0.0,456,0.0,-1.4035696821479504e+35,2112,52429,17109,52429,17111,52429,17095,0,0,0,101,100,100,-0.0,65.7,2.7302341356354147e+23,66.0,0.0,66.0,1,49,50,180,52429,52429,0,0,0.0,0.0,0.0,60.0,-0.0,71.0,0.0,-1.7271251090720277e+21,0.0,1069,0,1069,0,0,0,1069,0,1079,0,999,0,660,0,662,0,658,0,675,0.032,1.4536034330083127e+22,-2.004,0.0,21904,16814,5.950158156583339e+28,-0.0,18287245312.0,-0.0,-0.007,59310128.0,50.0,60.0,35,0.0,0.0,10.0,2.0,0.0,0.0,0.0,0.0,0.0,0.0,0.0,0.0,0.0,0.0,0.0,0.0,59.2,52,12,65510,27,65476,0,300,0,0,8,20529,65476,0,0,30147,60.0,0.0,10.0,10.0,2.0,0.0
2026-02-16T12:42:21,ERR,ERR,ERR,ERR,ERR,ERR,ERR,ERR,ERR,ERR,ERR,ERR,ERR,ERR,ERR,ERR,ERR,ERR,ERR,ERR,ERR,ERR,ERR,ERR,ERR,ERR,ERR,ERR,ERR,ERR,ERR,ERR,ERR,ERR,ERR,ERR,ERR,ERR,ERR,ERR,ERR,ERR,ERR,ERR,ERR,ERR,ERR,ERR,ERR,ERR,ERR,ERR,ERR,ERR,ERR,ERR,ERR,ERR,ERR,ERR,ERR,ERR,ERR,ERR,ERR,ERR,ERR,ERR,ERR,ERR,ERR,ERR,ERR,ERR,ERR,ERR,ERR,ERR,ERR,ERR,ERR,ERR,ERR,ERR,ERR,ERR,ERR,ERR,ERR,ERR,ERR,ERR,ERR,ERR,ERR,ERR,ERR,ERR,ERR,ERR,ERR,ERR,ERR,ERR,ERR,ERR,ERR,ERR,ERR,ERR,ERR,ERR,ERR,ERR,ERR,ERR,ERR,ERR,ERR,ERR,ERR,ERR,ERR,ERR,ERR,-107615880.0,-0.0,2.7184069624379994e+23,0.0,-0.0,4.989999646125578e+21,0.0,-0.0,4300,0,8,17169,4300,0.0,41,0.0,0.0,0.0,0.0,2.7184166902131945e+23,0,0,0,0,0.0,0,0,0,0,0,0,0,0,0,0,0,0,0,0,0,0,0,0,0,0,0,0,0,0,0,0,0,0,0,0,0,0,0,12,37,36,48,65476,405,65476,1,0,4,21553,0.0,0.0,0.0,0.0,0.0,0.0,0.0,0.0,0.0,0.0,0.0,0.0,0.0,0.0,0.0,0.0,0.0,0.0,0.0,0.0,0.0,2.004,0.0,-0.0,0.0,-2.004,0.0,0.0,0.0,0.0,6617.0,0.0,0.0,-107615880.0,-0.0,2.718450196994422e+23,0.0,0.0,0.0,2.004,2.004,226,-0.0,-2.7184280392842555e+23,0.0,0.0,0.0,0.0,0.0,0.0,0.0,0,0,0,873526.938,3.634118245171708e+22,-1.0312785828834418e+27,49.314,-2.2859450176956144e+31,-2.3816567661733988e+27,0.0,0.055,0.0,-8.574011397716771e+31,-94860.32,3.068619099220214e+17,0.0,0.0,0.0,-0.0,0,1.3516416376850534e+27,226,0.0,452,0.0,5.541348168577109e+19,2112,52429,17109,52429,17111,52429,17095,0,0,0,101,100,100,-0.0,65.7,2.7302341356354147e+23,66.0,0.0,66.0,1,49,50,180,52429,52429,0,0,0.0,0.0,0.0,60.0,-0.0,71.0,0.0,-1.7271251090720277e+21,0.0,1069,0,1069,0,0,0,1069,0,1079,0,999,0,660,0,662,0,658,0,675,0.032,1.4536034330083127e+22,-2.004,0.0,21904,16814,5.950158156583339e+28,-0.0,18287245312.0,-0.0,-0.007,59310128.0,50.0,60.0,35,0.0,0.0,10.0,2.0,0.0,0.0,0.0,0.0,0.0,0.0,0.0,0.0,0.0,0.0,0.0,0.0,58.8,52,12,65510,27,65476,0,300,0,0,8,20529,65476,0,0,30147,60.0,0.0,10.0,10.0,2.0,0.0
2026-02-16T12:42:22,ERR,ERR,ERR,ERR,ERR,ERR,ERR,ERR,ERR,ERR,ERR,ERR,ERR,ERR,ERR,ERR,ERR,ERR,ERR,ERR,ERR,ERR,ERR,ERR,ERR,ERR,ERR,ERR,ERR,ERR,ERR,ERR,ERR,ERR,ERR,ERR,ERR,ERR,ERR,ERR,ERR,ERR,ERR,ERR,ERR,ERR,ERR,ERR,ERR,ERR,ERR,ERR,ERR,ERR,ERR,ERR,ERR,ERR,ERR,ERR,ERR,ERR,ERR,ERR,ERR,ERR,ERR,ERR,ERR,ERR,ERR,ERR,ERR,ERR,ERR,ERR,ERR,ERR,ERR,ERR,ERR,ERR,ERR,ERR,ERR,ERR,ERR,ERR,ERR,ERR,ERR,ERR,ERR,ERR,ERR,ERR,ERR,ERR,ERR,ERR,ERR,ERR,ERR,ERR,ERR,ERR,ERR,ERR,ERR,ERR,ERR,ERR,ERR,ERR,ERR,ERR,ERR,ERR,ERR,ERR,ERR,ERR,ERR,ERR,ERR,-107615880.0,-0.0,2.7184069624379994e+23,0.0,-0.0,4.989999646125578e+21,0.0,-0.0,4300,0,8,17169,4300,0.0,41,0.0,0.0,0.0,0.0,2.7184166902131945e+23,0,0,0,0,0.0,0,0,0,0,0,0,0,0,0,0,0,0,0,0,0,0,0,0,0,0,0,0,0,0,0,0,0,0,0,0,0,0,0,12,37,36,48,65476,405,65476,1,0,4,21553,0.0,0.0,0.0,0.0,0.0,0.0,0.0,0.0,0.0,0.0,0.0,0.0,0.0,0.0,0.0,0.0,0.0,0.0,0.0,0.0,0.0,2.004,0.0,-0.0,0.0,-2.004,0.0,0.0,0.0,0.0,6617.0,0.0,0.0,-107615880.0,-0.0,2.718450196994422e+23,0.0,0.0,0.0,2.004,2.004,226,-0.0,-2.7184280392842555e+23,0.0,0.0,0.0,0.0,0.0,0.0,0.0,0,0,0,873526.938,3.634118245171708e+22,-1.0312785828834418e+27,49.314,-2.2859450176956144e+31,-2.3816567661733988e+27,0.0,0.055,0.0,-8.574011397716771e+31,-94860.32,3.068619099220214e+17,0.0,0.0,0.0,-0.0,0,1.3516416376850534e+27,226,0.0,452,0.0,5.541348168577109e+19,2112,52429,17109,52429,17111,52429,17095,0,0,0,101,100,100,-0.0,65.7,2.7302341356354147e+23,66.1,0.0,66.0,1,49,50,180,39322,52429,0,0,0.0,0.0,0.0,60.0,5.427896655051464e+34,71.0,0.0,-0.0,0.0,1068,0,1069,0,0,0,1069,0,1079,0,999,0,660,0,662,0,658,0,675,0.032,1.4462247353788288e+22,-2.004,0.0,12944,16814,7.89862919926449e+23,-0.0,0.0,-6.05980376163454e+29,-0.0,0.0,50.0,60.0,35,0.0,0.0,10.0,2.0,0.0,0.0,0.0,0.0,0.0,0.0,0.0,0.0,0.0,0.0,0.0,0.0,58.8,52,12,65510,27,65476,0,300,0,0,8,20529,65476,0,0,30147,60.0,0.0,10.0,10.0,2.0,0.0
2026-02-16T12:42:23,ERR,ERR,ERR,ERR,ERR,ERR,ERR,ERR,ERR,ERR,ERR,ERR,ERR,ERR,ERR,ERR,ERR,ERR,ERR,ERR,ERR,ERR,ERR,ERR,ERR,ERR,ERR,ERR,ERR,ERR,ERR,ERR,ERR,ERR,ERR,ERR,ERR,ERR,ERR,ERR,ERR,ERR,ERR,ERR,ERR,ERR,ERR,ERR,ERR,ERR,ERR,ERR,ERR,ERR,ERR,ERR,ERR,ERR,ERR,ERR,ERR,ERR,ERR,ERR,ERR,ERR,ERR,ERR,ERR,ERR,ERR,ERR,ERR,ERR,ERR,ERR,ERR,ERR,ERR,ERR,ERR,ERR,ERR,ERR,ERR,ERR,ERR,ERR,ERR,ERR,ERR,ERR,ERR,ERR,ERR,ERR,ERR,ERR,ERR,ERR,ERR,ERR,ERR,ERR,ERR,ERR,ERR,ERR,ERR,ERR,ERR,ERR,ERR,ERR,ERR,ERR,ERR,ERR,ERR,ERR,ERR,ERR,ERR,ERR,ERR,-107615880.0,-0.0,2.7184069624379994e+23,0.0,-0.0,4.989999646125578e+21,0.0,-0.0,4300,0,8,17169,4300,0.0,41,0.0,0.0,0.0,0.0,2.7184166902131945e+23,0,0,0,0,0.0,0,0,0,0,0,0,0,0,0,0,0,0,0,0,0,0,0,0,0,0,0,0,0,0,0,0,0,0,0,0,0,0,0,12,37,36,48,65476,405,65476,1,0,4,21553,0.0,0.0,0.0,0.0,0.0,0.0,0.0,0.0,0.0,0.0,0.0,0.0,0.0,0.0,0.0,0.0,0.0,0.0,0.0,0.0,0.0,2.004,0.0,-0.0,0.0,-2.004,0.0,0.0,0.0,0.0,6617.0,0.0,0.0,-107615880.0,-0.0,2.718450196994422e+23,0.0,0.0,0.0,2.004,2.004,226,-0.0,-2.7184280392842555e+23,0.0,0.0,0.0,0.0,0.0,0.0,0.0,0,0,0,873526.938,3.634118245171708e+22,-1.0312785828834418e+27,49.314,-2.2859450176956144e+31,-2.3816567661733988e+27,0.0,0.055,0.0,-8.574011397716771e+31,-94860.32,3.068619099220214e+17,0.0,0.0,0.0,-0.0,0,1.3516416376850534e+27,226,0.0,452,0.0,5.541348168577109e+19,2112,52429,17109,52429,17111,52429,17095,0,0,0,101,100,100,-0.0,65.7,2.7302341356354147e+23,66.1,0.0,66.0,1,49,50,180,39322,52429,0,0,0.0,0.0,0.0,60.0,5.427896655051464e+34,71.0,0.0,-0.0,0.0,1068,0,1069,0,0,0,1069,0,1079,0,999,0,660,0,662,0,658,0,675,0.032,1.4462247353788288e+22,-2.004,0.0,12944,16814,7.89862919926449e+23,-0.0,0.0,-6.05980376163454e+29,-0.0,0.0,50.0,60.0,35,0.0,0.0,10.0,2.0,0.0,0.0,0.0,0.0,0.0,0.0,0.0,0.0,0.0,0.0,0.0,0.0,58.8,52,12,65510,27,65476,0,300,0,0,8,20529,65476,0,0,30147,60.0,0.0,10.0,10.0,2.0,0.0
2026-02-16T12:42:24,ERR,ERR,ERR,ERR,ERR,ERR,ERR,ERR,ERR,ERR,ERR,ERR,ERR,ERR,ERR,ERR,ERR,ERR,ERR,ERR,ERR,ERR,ERR,ERR,ERR,ERR,ERR,ERR,ERR,ERR,ERR,ERR,ERR,ERR,ERR,ERR,ERR,ERR,ERR,ERR,ERR,ERR,ERR,ERR,ERR,ERR,ERR,ERR,ERR,ERR,ERR,ERR,ERR,ERR,ERR,ERR,ERR,ERR,ERR,ERR,ERR,ERR,ERR,ERR,ERR,ERR,ERR,ERR,ERR,ERR,ERR,ERR,ERR,ERR,ERR,ERR,ERR,ERR,ERR,ERR,ERR,ERR,ERR,ERR,ERR,ERR,ERR,ERR,ERR,ERR,ERR,ERR,ERR,ERR,ERR,ERR,ERR,ERR,ERR,ERR,ERR,ERR,ERR,ERR,ERR,ERR,ERR,ERR,ERR,ERR,ERR,ERR,ERR,ERR,ERR,ERR,ERR,ERR,ERR,ERR,ERR,ERR,ERR,ERR,ERR,-107615880.0,-0.0,2.7184069624379994e+23,0.0,-0.0,4.989999646125578e+21,0.0,-0.0,4300,0,8,17169,4300,0.0,41,0.0,0.0,0.0,0.0,2.7184166902131945e+23,0,0,0,0,0.0,0,0,0,0,0,0,0,0,0,0,0,0,0,0,0,0,0,0,0,0,0,0,0,0,0,0,0,0,0,0,0,0,0,12,37,36,48,65476,405,65476,1,0,4,21553,0.0,0.0,0.0,0.0,0.0,0.0,0.0,0.0,0.0,0.0,0.0,0.0,0.0,0.0,0.0,0.0,0.0,0.0,0.0,0.0,0.0,2.004,0.0,-0.0,0.0,-2.004,0.0,0.0,0.0,0.0,6617.0,0.0,0.0,-107615880.0,-0.0,2.718450196994422e+23,0.0,0.0,0.0,2.004,2.004,226,-0.0,-2.7184280392842555e+23,0.0,0.0,0.0,0.0,0.0,0.0,0.0,0,0,0,873526.938,3.634118245171708e+22,-1.0312785828834418e+27,49.314,-2.2859450176956144e+31,-2.3816567661733988e+27,0.0,0.055,0.0,-8.574011397716771e+31,-94860.32,3.068619099220214e+17,0.0,0.0,0.0,-0.0,0,1.3516416376850534e+27,226,0.0,452,0.0,5.541348168577109e+19,2112,52429,17109,52429,17111,52429,17095,0,0,0,101,100,100,-0.0,65.7,2.7302341356354147e+23,66.1,0.0,66.0,1,49,50,180,39322,52429,0,0,0.0,0.0,0.0,60.0,5.427896655051464e+34,71.0,0.0,-0.0,0.0,1068,0,1069,0,0,0,1069,0,1079,0,999,0,660,0,662,0,658,0,675,0.032,1.4462247353788288e+22,-2.004,0.0,12944,16814,7.89862919926449e+23,-0.0,0.0,-6.05980376163454e+29,-0.0,0.0,50.0,60.0,35,0.0,0.0,10.0,2.0,0.0,0.0,0.0,0.0,0.0,0.0,0.0,0.0,0.0,0.0,0.0,0.0,58.8,52,12,65510,27,65476,0,300,0,0,8,20529,65476,0,0,30147,60.0,0.0,10.0,10.0,2.0,0.0
2026-02-16T12:42:25,ERR,ERR,ERR,ERR,ERR,ERR,ERR,ERR,ERR,ERR,ERR,ERR,ERR,ERR,ERR,ERR,ERR,ERR,ERR,ERR,ERR,ERR,ERR,ERR,ERR,ERR,ERR,ERR,ERR,ERR,ERR,ERR,ERR,ERR,ERR,ERR,ERR,ERR,ERR,ERR,ERR,ERR,ERR,ERR,ERR,ERR,ERR,ERR,ERR,ERR,ERR,ERR,ERR,ERR,ERR,ERR,ERR,ERR,ERR,ERR,ERR,ERR,ERR,ERR,ERR,ERR,ERR,ERR,ERR,ERR,ERR,ERR,ERR,ERR,ERR,ERR,ERR,ERR,ERR,ERR,ERR,ERR,ERR,ERR,ERR,ERR,ERR,ERR,ERR,ERR,ERR,ERR,ERR,ERR,ERR,ERR,ERR,ERR,ERR,ERR,ERR,ERR,ERR,ERR,ERR,ERR,ERR,ERR,ERR,ERR,ERR,ERR,ERR,ERR,ERR,ERR,ERR,ERR,ERR,ERR,ERR,ERR,ERR,ERR,ERR,-107615880.0,-0.0,2.7184069624379994e+23,0.0,-0.0,4.989999646125578e+21,0.0,-0.0,4300,0,8,17169,4300,0.0,41,0.0,0.0,0.0,0.0,2.7184166902131945e+23,0,0,0,0,0.0,0,0,0,0,0,0,0,0,0,0,0,0,0,0,0,0,0,0,0,0,0,0,0,0,0,0,0,0,0,0,0,0,0,12,37,36,48,65476,405,65476,1,0,4,21553,0.0,0.0,0.0,0.0,0.0,0.0,0.0,0.0,0.0,0.0,0.0,0.0,0.0,0.0,0.0,0.0,0.0,0.0,0.0,0.0,0.0,2.004,0.0,-0.0,0.0,-2.004,0.0,0.0,0.0,0.0,6617.0,0.0,0.0,-107615880.0,-0.0,2.718450196994422e+23,0.0,0.0,0.0,2.004,2.004,226,-0.0,-2.7184280392842555e+23,0.0,0.0,0.0,0.0,0.0,0.0,0.0,0,0,0,873526.938,3.634118245171708e+22,-1.0312785828834418e+27,49.314,-2.2859450176956144e+31,-2.3816567661733988e+27,0.0,0.055,0.0,-8.574011397716771e+31,-94860.32,3.068619099220214e+17,0.0,0.0,0.0,-0.0,0,1.3516416376850534e+27,226,0.0,452,0.0,5.541348168577109e+19,2112,52429,17109,52429,17111,52429,17095,0,0,0,101,100,100,-0.0,65.7,2.7302341356354147e+23,66.1,0.0,66.0,1,49,50,180,39322,52429,0,0,0.0,0.0,0.0,60.0,5.427896655051464e+34,71.0,0.0,-0.0,0.0,1068,0,1069,0,0,0,1069,0,1079,0,999,0,660,0,662,0,658,0,675,0.032,1.4462247353788288e+22,-2.004,0.0,12944,16814,7.89862919926449e+23,-0.0,0.0,-6.05980376163454e+29,-0.0,0.0,50.0,60.0,35,0.0,0.0,10.0,2.0,0.0,0.0,0.0,0.0,0.0,0.0,0.0,0.0,0.0,0.0,0.0,0.0,58.8,52,12,65510,27,65476,0,300,0,0,8,20529,65476,0,0,30147,60.0,0.0,10.0,10.0,2.0,0.0
2026-02-16T12:42:26,ERR,ERR,ERR,ERR,ERR,ERR,ERR,ERR,ERR,ERR,ERR,ERR,ERR,ERR,ERR,ERR,ERR,ERR,ERR,ERR,ERR,ERR,ERR,ERR,ERR,ERR,ERR,ERR,ERR,ERR,ERR,ERR,ERR,ERR,ERR,ERR,ERR,ERR,ERR,ERR,ERR,ERR,ERR,ERR,ERR,ERR,ERR,ERR,ERR,ERR,ERR,ERR,ERR,ERR,ERR,ERR,ERR,ERR,ERR,ERR,ERR,ERR,ERR,ERR,ERR,ERR,ERR,ERR,ERR,ERR,ERR,ERR,ERR,ERR,ERR,ERR,ERR,ERR,ERR,ERR,ERR,ERR,ERR,ERR,ERR,ERR,ERR,ERR,ERR,ERR,ERR,ERR,ERR,ERR,ERR,ERR,ERR,ERR,ERR,ERR,ERR,ERR,ERR,ERR,ERR,ERR,ERR,ERR,ERR,ERR,ERR,ERR,ERR,ERR,ERR,ERR,ERR,ERR,ERR,ERR,ERR,ERR,ERR,ERR,ERR,-107615880.0,-0.0,2.7184069624379994e+23,0.0,-0.0,-0.0,-0.0,1.9397937740163685e+20,4300,0,8,17169,4300,0.0,41,0.0,0.0,0.0,0.0,2.7184166902131945e+23,0,0,0,0,0.0,0,0,0,0,0,0,0,0,0,0,0,0,0,0,0,0,0,0,0,0,0,0,0,0,0,0,0,0,0,0,0,0,0,12,37,36,48,65476,408,65476,1,0,4,21553,0.0,-0.0,0.0,0.0,0.0,0.0,0.0,0.0,0.0,0.0,0.0,0.0,0.0,0.0,0.0,0.0,0.0,0.0,0.0,0.0,0.0,2.004,2.004,-0.0,0.0,-3.697076622266571e+19,0.0,0.0,0.0,0.0,6620.0,0.0,0.0,0.0,-0.0,2.718450196994422e+23,0.0,-0.0,0.0,2.004,2.004,227,-107614784.0,-3.2220245344017747e+26,0.0,0.0,0.0,0.0,0.0,0.0,0.0,0,0,0,5.66506143392727e+16,0.0,0.0,3.043556633608192e+16,0.0,1.5499159498524865e+27,0.0,5.743655148851095e+36,0.0,-9.461366817876532e+31,-101516.32,3.3838710731361485e+17,0.0,0.0,0.0,-0.0,0,1.3516416376850534e+27,228,0.0,456,2.40156025918058e+36,-1.5870805360731793e+30,2112,52429,17109,52429,17111,52429,17095,0,0,0,101,100,100,-0.0,65.7,2.7302341356354147e+23,66.0,0.0,66.0,1,49,50,180,39322,52429,0,0,0.0,0.0,0.0,60.0,8.94643711860823e+27,71.0,0.0,1.0895351694389559e+21,0.0,1068,0,1069,0,0,0,1069,0,1079,0,999,0,660,0,662,0,658,0,675,0.032,1.4536034330083127e+22,-2.004,0.0,10768,16814,4.580575804727414e+30,6.023056720750052e+21,0.0,0.0,-0.0,0.0,50.0,60.0,35,0.0,0.0,10.0,2.0,0.0,0.0,0.0,0.0,0.0,0.0,0.0,0.0,0.0,0.0,0.0,0.0,58.8,52,12,65510,27,65476,0,300,0,0,8,20529,65476,0,0,30147,60.0,0.0,10.0,10.0,2.0,0.0
2026-02-16T12:42:27,ERR,ERR,ERR,ERR,ERR,ERR,ERR,ERR,ERR,ERR,ERR,ERR,ERR,ERR,ERR,ERR,ERR,ERR,ERR,ERR,ERR,ERR,ERR,ERR,ERR,ERR,ERR,ERR,ERR,ERR,ERR,ERR,ERR,ERR,ERR,ERR,ERR,ERR,ERR,ERR,ERR,ERR,ERR,ERR,ERR,ERR,ERR,ERR,ERR,ERR,ERR,ERR,ERR,ERR,ERR,ERR,ERR,ERR,ERR,ERR,ERR,ERR,ERR,ERR,ERR,ERR,ERR,ERR,ERR,ERR,ERR,ERR,ERR,ERR,ERR,ERR,ERR,ERR,ERR,ERR,ERR,ERR,ERR,ERR,ERR,ERR,ERR,ERR,ERR,ERR,ERR,ERR,ERR,ERR,ERR,ERR,ERR,ERR,ERR,ERR,ERR,ERR,ERR,ERR,ERR,ERR,ERR,ERR,ERR,ERR,ERR,ERR,ERR,ERR,ERR,ERR,ERR,ERR,ERR,ERR,ERR,ERR,ERR,ERR,ERR,-107615880.0,-0.0,2.7184069624379994e+23,0.0,-0.0,-0.0,-0.0,1.9397937740163685e+20,4300,0,8,17169,4300,0.0,41,0.0,0.0,0.0,0.0,2.7184166902131945e+23,0,0,0,0,0.0,0,0,0,0,0,0,0,0,0,0,0,0,0,0,0,0,0,0,0,0,0,0,0,0,0,0,0,0,0,0,0,0,0,12,37,36,48,65476,408,65476,1,0,4,21553,0.0,-0.0,0.0,0.0,0.0,0.0,0.0,0.0,0.0,0.0,0.0,0.0,0.0,0.0,0.0,0.0,0.0,0.0,0.0,0.0,0.0,2.004,2.004,-0.0,0.0,-3.697076622266571e+19,0.0,0.0,0.0,0.0,6620.0,0.0,0.0,0.0,-0.0,2.718450196994422e+23,0.0,-0.0,0.0,2.004,2.004,227,-107614784.0,-3.2220245344017747e+26,0.0,0.0,0.0,0.0,0.0,0.0,0.0,0,0,0,5.66506143392727e+16,0.0,0.0,3.043556633608192e+16,0.0,1.5499159498524865e+27,0.0,5.743655148851095e+36,0.0,-9.461366817876532e+31,-101516.32,3.3838710731361485e+17,0.0,0.0,0.0,-0.0,0,1.3516416376850534e+27,228,0.0,456,2.40156025918058e+36,-1.5870805360731793e+30,2112,52429,17109,52429,17111,52429,17095,0,0,0,101,100,100,-0.0,65.7,2.7302341356354147e+23,66.0,0.0,66.0,1,49,50,180,39322,52429,0,0,0.0,0.0,0.0,60.0,8.94643711860823e+27,71.0,0.0,1.0895351694389559e+21,0.0,1068,0,1069,0,0,0,1069,0,1079,0,999,0,660,0,662,0,658,0,675,0.032,1.4536034330083127e+22,-2.004,0.0,10768,16814,4.580575804727414e+30,6.023056720750052e+21,0.0,0.0,-0.0,0.0,50.0,60.0,35,0.0,0.0,10.0,2.0,0.0,0.0,0.0,0.0,0.0,0.0,0.0,0.0,0.0,0.0,0.0,0.0,58.8,52,12,65510,27,65476,0,300,0,0,8,20529,65476,0,0,30147,60.0,0.0,10.0,10.0,2.0,0.0
2026-02-16T12:42:28,ERR,ERR,ERR,ERR,ERR,ERR,ERR,ERR,ERR,ERR,ERR,ERR,ERR,ERR,ERR,ERR,ERR,ERR,ERR,ERR,ERR,ERR,ERR,ERR,ERR,ERR,ERR,ERR,ERR,ERR,ERR,ERR,ERR,ERR,ERR,ERR,ERR,ERR,ERR,ERR,ERR,ERR,ERR,ERR,ERR,ERR,ERR,ERR,ERR,ERR,ERR,ERR,ERR,ERR,ERR,ERR,ERR,ERR,ERR,ERR,ERR,ERR,ERR,ERR,ERR,ERR,ERR,ERR,ERR,ERR,ERR,ERR,ERR,ERR,ERR,ERR,ERR,ERR,ERR,ERR,ERR,ERR,ERR,ERR,ERR,ERR,ERR,ERR,ERR,ERR,ERR,ERR,ERR,ERR,ERR,ERR,ERR,ERR,ERR,ERR,ERR,ERR,ERR,ERR,ERR,ERR,ERR,ERR,ERR,ERR,ERR,ERR,ERR,ERR,ERR,ERR,ERR,ERR,ERR,ERR,ERR,ERR,ERR,ERR,ERR,-107615880.0,-0.0,2.7184069624379994e+23,0.0,-0.0,-0.0,-0.0,1.9397937740163685e+20,4300,0,8,17169,4300,0.0,41,0.0,0.0,0.0,0.0,2.7184166902131945e+23,0,0,0,0,0.0,0,0,0,0,0,0,0,0,0,0,0,0,0,0,0,0,0,0,0,0,0,0,0,0,0,0,0,0,0,0,0,0,0,12,37,36,48,65476,408,65476,1,0,4,21553,0.0,-0.0,0.0,0.0,0.0,0.0,0.0,0.0,0.0,0.0,0.0,0.0,0.0,0.0,0.0,0.0,0.0,0.0,0.0,0.0,0.0,2.004,2.004,-0.0,0.0,-3.697076622266571e+19,0.0,0.0,0.0,0.0,6620.0,0.0,0.0,0.0,-0.0,2.718450196994422e+23,0.0,-0.0,0.0,2.004,2.004,227,-107614784.0,-3.2220245344017747e+26,0.0,0.0,0.0,0.0,0.0,0.0,0.0,0,0,0,5.66506143392727e+16,0.0,0.0,3.043556633608192e+16,0.0,1.5499159498524865e+27,0.0,5.743655148851095e+36,0.0,-9.461366817876532e+31,-101516.32,3.3838710731361485e+17,0.0,0.0,0.0,-0.0,0,1.3516416376850534e+27,228,0.0,456,2.40156025918058e+36,-1.5870805360731793e+30,2112,52429,17109,52429,17111,52429,17095,0,0,0,101,100,100,-0.0,65.7,2.7302341356354147e+23,66.0,0.0,66.0,1,49,50,180,39322,52429,0,0,0.0,0.0,0.0,60.0,8.94643711860823e+27,71.0,0.0,1.0895351694389559e+21,0.0,1068,0,1069,0,0,0,1069,0,1079,0,999,0,660,0,662,0,658,0,675,0.032,1.4536034330083127e+22,-2.004,0.0,10768,16814,4.580575804727414e+30,6.023056720750052e+21,0.0,0.0,-0.0,0.0,50.0,60.0,35,0.0,0.0,10.0,2.0,0.0,0.0,0.0,0.0,0.0,0.0,0.0,0.0,0.0,0.0,0.0,0.0,58.8,52,12,65510,27,65476,0,300,0,0,8,20529,65476,0,0,30147,60.0,0.0,10.0,10.0,2.0,0.0
2026-02-16T12:42:29,ERR,ERR,ERR,ERR,ERR,ERR,ERR,ERR,ERR,ERR,ERR,ERR,ERR,ERR,ERR,ERR,ERR,ERR,ERR,ERR,ERR,ERR,ERR,ERR,ERR,ERR,ERR,ERR,ERR,ERR,ERR,ERR,ERR,ERR,ERR,ERR,ERR,ERR,ERR,ERR,ERR,ERR,ERR,ERR,ERR,ERR,ERR,ERR,ERR,ERR,ERR,ERR,ERR,ERR,ERR,ERR,ERR,ERR,ERR,ERR,ERR,ERR,ERR,ERR,ERR,ERR,ERR,ERR,ERR,ERR,ERR,ERR,ERR,ERR,ERR,ERR,ERR,ERR,ERR,ERR,ERR,ERR,ERR,ERR,ERR,ERR,ERR,ERR,ERR,ERR,ERR,ERR,ERR,ERR,ERR,ERR,ERR,ERR,ERR,ERR,ERR,ERR,ERR,ERR,ERR,ERR,ERR,ERR,ERR,ERR,ERR,ERR,ERR,ERR,ERR,ERR,ERR,ERR,ERR,ERR,ERR,ERR,ERR,ERR,ERR,-107615880.0,-0.0,2.7184069624379994e+23,0.0,-0.0,-0.0,-0.0,1.9397937740163685e+20,4300,0,8,17169,4300,0.0,41,0.0,0.0,0.0,0.0,2.7184166902131945e+23,0,0,0,0,0.0,0,0,0,0,0,0,0,0,0,0,0,0,0,0,0,0,0,0,0,0,0,0,0,0,0,0,0,0,0,0,0,0,0,12,37,36,48,65476,408,65476,1,0,4,21553,0.0,-0.0,0.0,0.0,0.0,0.0,0.0,0.0,0.0,0.0,0.0,0.0,0.0,0.0,0.0,0.0,0.0,0.0,0.0,0.0,0.0,2.004,2.004,-0.0,0.0,-3.697076622266571e+19,0.0,0.0,0.0,0.0,6620.0,0.0,0.0,0.0,-0.0,2.718450196994422e+23,0.0,-0.0,0.0,2.004,2.004,227,-107614784.0,-3.2220245344017747e+26,0.0,0.0,0.0,0.0,0.0,0.0,0.0,0,0,0,5.66506143392727e+16,0.0,0.0,3.043556633608192e+16,0.0,1.5499159498524865e+27,0.0,5.743655148851095e+36,0.0,-9.461366817876532e+31,-101516.32,3.3838710731361485e+17,0.0,0.0,0.0,-0.0,0,1.3516416376850534e+27,228,0.0,456,2.40156025918058e+36,-1.5870805360731793e+30,2112,52429,17109,52429,17111,52429,17095,0,0,0,101,100,100,-0.0,65.7,2.7302341356354147e+23,66.1,0.0,66.0,1,49,50,180,39322,52429,0,0,0.0,0.0,0.0,60.0,1.8023205298553307e+22,71.0,0.0,4.825098234707082e+20,0.0,1068,0,1069,0,0,0,1069,0,1079,0,999,0,661,0,663,0,658,0,676,0.032,1.4462247353788288e+22,0.0,0.0,912,16814,4.044098150023419e+26,4.825098234707082e+20,0.0,5.462940538499233e+25,3.1319672992496237e+25,0.0,50.0,60.0,35,0.0,0.0,10.0,2.0,0.0,0.0,0.0,0.0,0.0,0.0,0.0,0.0,0.0,0.0,0.0,0.0,58.8,52,12,65510,27,65476,0,300,0,0,8,20529,65476,0,0,30147,60.0,0.0,10.0,10.0,2.0,0.0
2026-02-16T12:42:30,ERR,ERR,ERR,ERR,ERR,ERR,ERR,ERR,ERR,ERR,ERR,ERR,ERR,ERR,ERR,ERR,ERR,ERR,ERR,ERR,ERR,ERR,ERR,ERR,ERR,ERR,ERR,ERR,ERR,ERR,ERR,ERR,ERR,ERR,ERR,ERR,ERR,ERR,ERR,ERR,ERR,ERR,ERR,ERR,ERR,ERR,ERR,ERR,ERR,ERR,ERR,ERR,ERR,ERR,ERR,ERR,ERR,ERR,ERR,ERR,ERR,ERR,ERR,ERR,ERR,ERR,ERR,ERR,ERR,ERR,ERR,ERR,ERR,ERR,ERR,ERR,ERR,ERR,ERR,ERR,ERR,ERR,ERR,ERR,ERR,ERR,ERR,ERR,ERR,ERR,ERR,ERR,ERR,ERR,ERR,ERR,ERR,ERR,ERR,ERR,ERR,ERR,ERR,ERR,ERR,ERR,ERR,ERR,ERR,ERR,ERR,ERR,ERR,ERR,ERR,ERR,ERR,ERR,ERR,ERR,ERR,ERR,ERR,ERR,ERR,-107615880.0,-0.0,2.7184069624379994e+23,0.0,-0.0,-107.627,-85364546994176.0,0.005,4300,0,8,17169,4300,0.0,41,0.0,0.0,0.0,0.0,0.0,0,0,0,0,0.0,0,0,0,0,0,0,0,0,0,0,0,0,0,0,0,0,0,0,0,0,0,0,0,0,0,0,0,0,0,0,0,0,0,12,37,37,48,65476,409,65476,1,0,4,21553,0.0,0.0,0.0,0.0,0.0,0.0,0.0,0.0,0.0,0.0,0.0,0.0,0.0,0.0,0.0,0.0,0.0,0.0,0.0,0.0,0.0,2.004,2.004,-0.0,0.0,-2.004,0.0,0.0,0.0,0.0,6617.0,0.0,0.0,-107615880.0,-0.0,-0.0,-2.7184509175703625e+23,0.0,0.0,2.004,2.004,227,-0.0,-3.2220245344017747e+26,0.0,0.0,0.0,0.0,0.0,0.0,0.0,0,0,0,1.8269236099022848e+17,-4.820468141077299e+16,0.0,-7.299199725396055e+30,0.0,-305495769088.0,0.041,-0.0,1032949952.0,-1.0285339708024881e+32,-108172.32,3.676605048915231e+17,0.0,0.0,0.0,1.5118159501953171e+29,0,1.3516416376850534e+27,226,0.0,452,2.40156025918058e+36,-1.5870805360731793e+30,2112,52429,17109,52429,17111,52429,17095,0,0,0,101,100,100,-0.0,65.7,2.7302341356354147e+23,66.1,0.0,66.0,1,49,50,180,39322,52429,0,0,0.0,0.0,0.0,60.0,1.8023205298553307e+22,71.0,0.0,4.825098234707082e+20,0.0,1068,0,1069,0,0,0,1069,0,1079,0,999,0,661,0,663,0,658,0,676,0.032,1.4462247353788288e+22,0.0,0.0,912,16814,4.044098150023419e+26,4.825098234707082e+20,0.0,5.462940538499233e+25,3.1319672992496237e+25,0.0,50.0,60.0,35,0.0,0.0,10.0,2.0,0.0,0.0,0.0,0.0,0.0,0.0,0.0,0.0,0.0,0.0,0.0,0.0,58.8,52,13,65511,27,65476,0,300,0,0,8,20529,65476,0,0,30147,60.0,0.0,10.0,10.0,2.0,0.0
2026-02-16T12:42:31,ERR,ERR,ERR,ERR,ERR,ERR,ERR,ERR,ERR,ERR,ERR,ERR,ERR,ERR,ERR,ERR,ERR,ERR,ERR,ERR,ERR,ERR,ERR,ERR,ERR,ERR,ERR,ERR,ERR,ERR,ERR,ERR,ERR,ERR,ERR,ERR,ERR,ERR,ERR,ERR,ERR,ERR,ERR,ERR,ERR,ERR,ERR,ERR,ERR,ERR,ERR,ERR,ERR,ERR,ERR,ERR,ERR,ERR,ERR,ERR,ERR,ERR,ERR,ERR,ERR,ERR,ERR,ERR,ERR,ERR,ERR,ERR,ERR,ERR,ERR,ERR,ERR,ERR,ERR,ERR,ERR,ERR,ERR,ERR,ERR,ERR,ERR,ERR,ERR,ERR,ERR,ERR,ERR,ERR,ERR,ERR,ERR,ERR,ERR,ERR,ERR,ERR,ERR,ERR,ERR,ERR,ERR,ERR,ERR,ERR,ERR,ERR,ERR,ERR,ERR,ERR,ERR,ERR,ERR,ERR,ERR,ERR,ERR,ERR,ERR,-107615880.0,-0.0,2.7184069624379994e+23,0.0,-0.0,-107.627,-85364546994176.0,0.005,4300,0,8,17169,4300,0.0,41,0.0,0.0,0.0,0.0,0.0,0,0,0,0,0.0,0,0,0,0,0,0,0,0,0,0,0,0,0,0,0,0,0,0,0,0,0,0,0,0,0,0,0,0,0,0,0,0,0,12,37,37,48,65476,409,65476,1,0,4,21553,0.0,0.0,0.0,0.0,0.0,0.0,0.0,0.0,0.0,0.0,0.0,0.0,0.0,0.0,0.0,0.0,0.0,0.0,0.0,0.0,0.0,2.004,2.004,-0.0,0.0,-2.004,0.0,0.0,0.0,0.0,6617.0,0.0,0.0,-107615880.0,-0.0,-0.0,-2.7184509175703625e+23,0.0,0.0,2.004,2.004,227,-0.0,-3.2220245344017747e+26,0.0,0.0,0.0,0.0,0.0,0.0,0.0,0,0,0,1.8269236099022848e+17,-4.820468141077299e+16,0.0,-7.299199725396055e+30,0.0,-305495769088.0,0.041,-0.0,1032949952.0,-1.0285339708024881e+32,-108172.32,3.676605048915231e+17,0.0,0.0,0.0,1.5118159501953171e+29,0,1.3516416376850534e+27,226,0.0,452,2.40156025918058e+36,-1.5870805360731793e+30,2112,52429,17109,52429,17111,52429,17095,0,0,0,101,100,100,-0.0,65.7,2.7302341356354147e+23,66.1,0.0,66.0,1,49,50,180,39322,52429,0,0,0.0,0.0,0.0,60.0,1.8023205298553307e+22,71.0,0.0,4.825098234707082e+20,0.0,1068,0,1069,0,0,0,1069,0,1079,0,999,0,661,0,663,0,658,0,676,0.032,1.4462247353788288e+22,0.0,0.0,912,16814,4.044098150023419e+26,4.825098234707082e+20,0.0,5.462940538499233e+25,3.1319672992496237e+25,0.0,50.0,60.0,35,0.0,0.0,10.0,2.0,0.0,0.0,0.0,0.0,0.0,0.0,0.0,0.0,0.0,0.0,0.0,0.0,58.8,52,13,65511,27,65476,0,300,0,0,8,20529,65476,0,0,30147,60.0,0.0,10.0,10.0,2.0,0.0
2026-02-16T12:42:32,ERR,ERR,ERR,ERR,ERR,ERR,ERR,ERR,ERR,ERR,ERR,ERR,ERR,ERR,ERR,ERR,ERR,ERR,ERR,ERR,ERR,ERR,ERR,ERR,ERR,ERR,ERR,ERR,ERR,ERR,ERR,ERR,ERR,ERR,ERR,ERR,ERR,ERR,ERR,ERR,ERR,ERR,ERR,ERR,ERR,ERR,ERR,ERR,ERR,ERR,ERR,ERR,ERR,ERR,ERR,ERR,ERR,ERR,ERR,ERR,ERR,ERR,ERR,ERR,ERR,ERR,ERR,ERR,ERR,ERR,ERR,ERR,ERR,ERR,ERR,ERR,ERR,ERR,ERR,ERR,ERR,ERR,ERR,ERR,ERR,ERR,ERR,ERR,ERR,ERR,ERR,ERR,ERR,ERR,ERR,ERR,ERR,ERR,ERR,ERR,ERR,ERR,ERR,ERR,ERR,ERR,ERR,ERR,ERR,ERR,ERR,ERR,ERR,ERR,ERR,ERR,ERR,ERR,ERR,ERR,ERR,ERR,ERR,ERR,ERR,-107615880.0,-0.0,2.7184069624379994e+23,0.0,-0.0,-107.627,-85364546994176.0,0.005,4300,0,8,17169,4300,0.0,41,0.0,0.0,0.0,0.0,0.0,0,0,0,0,0.0,0,0,0,0,0,0,0,0,0,0,0,0,0,0,0,0,0,0,0,0,0,0,0,0,0,0,0,0,0,0,0,0,0,12,37,37,48,65476,409,65476,1,0,4,21553,0.0,0.0,0.0,0.0,0.0,0.0,0.0,0.0,0.0,0.0,0.0,0.0,0.0,0.0,0.0,0.0,0.0,0.0,0.0,0.0,0.0,2.004,2.004,-0.0,0.0,-2.004,0.0,0.0,0.0,0.0,6617.0,0.0,0.0,-107615880.0,-0.0,-0.0,-2.7184509175703625e+23,0.0,0.0,2.004,2.004,227,-0.0,-3.2220245344017747e+26,0.0,0.0,0.0,0.0,0.0,0.0,0.0,0,0,0,1.8269236099022848e+17,-4.820468141077299e+16,0.0,-7.299199725396055e+30,0.0,-305495769088.0,0.041,-0.0,1032949952.0,-1.0285339708024881e+32,-108172.32,3.676605048915231e+17,0.0,0.0,0.0,1.5118159501953171e+29,0,1.3516416376850534e+27,226,0.0,452,2.40156025918058e+36,-1.5870805360731793e+30,2112,52429,17109,52429,17111,52429,17095,0,0,0,101,100,100,-0.0,65.8,2.7302341356354147e+23,66.1,0.0,66.0,1,49,50,180,39322,52429,0,0,0.0,0.0,0.0,60.0,2.8043349009104896e+16,71.0,0.0,-0.0,0.0,1068,0,1069,0,0,0,1069,0,1080,0,999,0,660,0,663,0,658,0,676,0.032,1.4609821306377965e+22,0.0,0.0,2192,16814,2.8043349009104896e+16,-0.0,-1.0306028780931438e+33,-0.0,937403285504.0,-3.144457766360012e+37,50.0,60.0,35,0.0,0.0,10.0,2.0,0.0,0.0,0.0,0.0,0.0,0.0,0.0,0.0,0.0,0.0,0.0,0.0,58.8,52,13,65511,27,65476,0,300,0,0,8,20529,65476,0,0,30147,60.0,0.0,10.0,10.0,2.0,0.0
2026-02-16T12:42:33,ERR,ERR,ERR,ERR,ERR,ERR,ERR,ERR,ERR,ERR,ERR,ERR,ERR,ERR,ERR,ERR,ERR,ERR,ERR,ERR,ERR,ERR,ERR,ERR,ERR,ERR,ERR,ERR,ERR,ERR,ERR,ERR,ERR,ERR,ERR,ERR,ERR,ERR,ERR,ERR,ERR,ERR,ERR,ERR,ERR,ERR,ERR,ERR,ERR,ERR,ERR,ERR,ERR,ERR,ERR,ERR,ERR,ERR,ERR,ERR,ERR,ERR,ERR,ERR,ERR,ERR,ERR,ERR,ERR,ERR,ERR,ERR,ERR,ERR,ERR,ERR,ERR,ERR,ERR,ERR,ERR,ERR,ERR,ERR,ERR,ERR,ERR,ERR,ERR,ERR,ERR,ERR,ERR,ERR,ERR,ERR,ERR,ERR,ERR,ERR,ERR,ERR,ERR,ERR,ERR,ERR,ERR,ERR,ERR,ERR,ERR,ERR,ERR,ERR,ERR,ERR,ERR,ERR,ERR,ERR,ERR,ERR,ERR,ERR,ERR,-107615880.0,-0.0,2.7184069624379994e+23,0.0,-0.0,-107.627,-85364546994176.0,0.005,4300,0,8,17169,4300,0.0,41,0.0,0.0,0.0,0.0,0.0,0,0,0,0,0.0,0,0,0,0,0,0,0,0,0,0,0,0,0,0,0,0,0,0,0,0,0,0,0,0,0,0,0,0,0,0,0,0,0,12,37,37,48,65476,409,65476,1,0,4,21553,0.0,0.0,0.0,0.0,0.0,0.0,0.0,0.0,0.0,0.0,0.0,0.0,0.0,0.0,0.0,0.0,0.0,0.0,0.0,0.0,0.0,2.004,2.004,-0.0,0.0,-2.004,0.0,0.0,0.0,0.0,6617.0,0.0,0.0,-107615880.0,-0.0,-0.0,-2.7184509175703625e+23,0.0,0.0,2.004,2.004,227,-0.0,-3.2220245344017747e+26,0.0,0.0,0.0,0.0,0.0,0.0,0.0,0,0,0,1.8269236099022848e+17,-4.820468141077299e+16,0.0,-7.299199725396055e+30,0.0,-305495769088.0,0.041,-0.0,1032949952.0,-1.0285339708024881e+32,-108172.32,3.676605048915231e+17,0.0,0.0,0.0,1.5118159501953171e+29,0,1.3516416376850534e+27,226,0.0,452,2.40156025918058e+36,-1.5870805360731793e+30,2112,52429,17109,52429,17111,52429,17095,0,0,0,101,100,100,-0.0,65.8,2.7302341356354147e+23,66.1,0.0,66.0,1,49,50,180,39322,52429,0,0,0.0,0.0,0.0,60.0,2.8043349009104896e+16,71.0,0.0,-0.0,0.0,1068,0,1069,0,0,0,1069,0,1080,0,999,0,660,0,663,0,658,0,676,0.032,1.4609821306377965e+22,0.0,0.0,2192,16814,2.8043349009104896e+16,-0.0,-1.0306028780931438e+33,-0.0,937403285504.0,-3.144457766360012e+37,50.0,60.0,35,0.0,0.0,10.0,2.0,0.0,0.0,0.0,0.0,0.0,0.0,0.0,0.0,0.0,0.0,0.0,0.0,58.8,52,13,65511,27,65476,0,300,0,0,8,20529,65476,0,0,30147,60.0,0.0,10.0,10.0,2.0,0.0
2026-02-16T12:42:34,ERR,ERR,ERR,ERR,ERR,ERR,ERR,ERR,ERR,ERR,ERR,ERR,ERR,ERR,ERR,ERR,ERR,ERR,ERR,ERR,ERR,ERR,ERR,ERR,ERR,ERR,ERR,ERR,ERR,ERR,ERR,ERR,ERR,ERR,ERR,ERR,ERR,ERR,ERR,ERR,ERR,ERR,ERR,ERR,ERR,ERR,ERR,ERR,ERR,ERR,ERR,ERR,ERR,ERR,ERR,ERR,ERR,ERR,ERR,ERR,ERR,ERR,ERR,ERR,ERR,ERR,ERR,ERR,ERR,ERR,ERR,ERR,ERR,ERR,ERR,ERR,ERR,ERR,ERR,ERR,ERR,ERR,ERR,ERR,ERR,ERR,ERR,ERR,ERR,ERR,ERR,ERR,ERR,ERR,ERR,ERR,ERR,ERR,ERR,ERR,ERR,ERR,ERR,ERR,ERR,ERR,ERR,ERR,ERR,ERR,ERR,ERR,ERR,ERR,ERR,ERR,ERR,ERR,ERR,ERR,ERR,ERR,ERR,ERR,ERR,-107615880.0,-0.0,2.7184069624379994e+23,0.0,-0.0,-107.627,-85364546994176.0,0.005,4300,0,8,17169,4300,0.0,41,0.0,0.0,0.0,0.0,0.0,0,0,0,0,0.0,0,0,0,0,0,0,0,0,0,0,0,0,0,0,0,0,0,0,0,0,0,0,0,0,0,0,0,0,0,0,0,0,0,12,37,37,48,65476,409,65476,1,0,4,21553,0.0,0.0,0.0,0.0,0.0,0.0,0.0,0.0,0.0,0.0,0.0,0.0,0.0,0.0,0.0,0.0,0.0,0.0,0.0,0.0,0.0,2.004,2.004,-0.0,0.0,-2.004,0.0,0.0,0.0,0.0,6617.0,0.0,0.0,-107615880.0,-0.0,-0.0,-2.7184509175703625e+23,0.0,0.0,2.004,2.004,227,-0.0,-3.2220245344017747e+26,0.0,0.0,0.0,0.0,0.0,0.0,0.0,0,0,0,1.8269236099022848e+17,-4.820468141077299e+16,0.0,-7.299199725396055e+30,0.0,-305495769088.0,0.041,-0.0,1032949952.0,-1.0285339708024881e+32,-108172.32,3.676605048915231e+17,0.0,0.0,0.0,1.5118159501953171e+29,0,1.3516416376850534e+27,226,0.0,452,2.40156025918058e+36,-1.5870805360731793e+30,2112,52429,17109,52429,17111,52429,17095,0,0,0,101,100,100,-0.0,65.8,2.7302341356354147e+23,66.1,0.0,66.0,1,49,50,180,39322,52429,0,0,0.0,0.0,0.0,60.0,2.8043349009104896e+16,71.0,0.0,-0.0,0.0,1068,0,1069,0,0,0,1069,0,1080,0,999,0,660,0,663,0,658,0,676,0.032,1.4609821306377965e+22,0.0,0.0,2192,16814,2.8043349009104896e+16,-0.0,-1.0306028780931438e+33,-0.0,937403285504.0,-3.144457766360012e+37,50.0,60.0,35,0.0,0.0,10.0,2.0,0.0,0.0,0.0,0.0,0.0,0.0,0.0,0.0,0.0,0.0,0.0,0.0,58.8,52,13,65511,27,65476,0,300,0,0,8,20529,65476,0,0,30147,60.0,0.0,10.0,10.0,2.0,0.0
2026-02-16T12:42:35,ERR,ERR,ERR,ERR,ERR,ERR,ERR,ERR,ERR,ERR,ERR,ERR,ERR,ERR,ERR,ERR,ERR,ERR,ERR,ERR,ERR,ERR,ERR,ERR,ERR,ERR,ERR,ERR,ERR,ERR,ERR,ERR,ERR,ERR,ERR,ERR,ERR,ERR,ERR,ERR,ERR,ERR,ERR,ERR,ERR,ERR,ERR,ERR,ERR,ERR,ERR,ERR,ERR,ERR,ERR,ERR,ERR,ERR,ERR,ERR,ERR,ERR,ERR,ERR,ERR,ERR,ERR,ERR,ERR,ERR,ERR,ERR,ERR,ERR,ERR,ERR,ERR,ERR,ERR,ERR,ERR,ERR,ERR,ERR,ERR,ERR,ERR,ERR,ERR,ERR,ERR,ERR,ERR,ERR,ERR,ERR,ERR,ERR,ERR,ERR,ERR,ERR,ERR,ERR,ERR,ERR,ERR,ERR,ERR,ERR,ERR,ERR,ERR,ERR,ERR,ERR,ERR,ERR,ERR,ERR,ERR,ERR,ERR,ERR,ERR,-107615880.0,-0.0,2.7184069624379994e+23,0.0,-0.0,-0.228,-3125212928.0,2.207,4300,0,8,17169,4300,0.0,41,0.0,0.0,0.0,0.0,0.0,0,0,0,0,0.0,0,0,0,0,0,0,0,0,0,0,0,0,0,0,0,0,0,0,0,0,0,0,0,0,0,0,0,0,0,0,0,0,0,12,37,37,48,65476,407,65476,1,0,4,21553,0.0,-0.0,0.0,0.0,0.0,0.0,0.0,0.0,0.0,0.0,0.0,0.0,0.0,0.0,0.0,0.0,0.0,0.0,0.0,0.0,0.0,2.004,0.0,-0.0,0.0,-0.0,0.0,0.0,0.0,0.0,6621.0,0.0,0.0,-107615880.0,-0.0,-0.0,-107616272.0,0.0,0.0,2.004,2.004,226,-152017280434176.0,-4.066875947584353e+29,0.0,0.0,0.0,0.0,0.0,0.0,0.0,0,0,0,1.6130026276021862e+17,4.1299349987173335e+18,-1.970065051416485e+33,0.0,-8.900153947967495e+36,-26379232.0,-0.0,-0.0,-0.0,-1.1045930068161819e+32,-114316.32,3.9468210265574605e+17,0.0,0.0,0.0,1.1698701731092186e+35,0,1.3516416376850534e+27,226,0.0,452,0.0,0.0,2112,52429,17109,52429,17111,52429,17095,0,0,0,101,100,100,-0.0,65.8,2.7302341356354147e+23,66.1,0.0,66.0,1,49,50,180,39322,52429,0,0,0.0,0.0,0.0,60.0,2.8043349009104896e+16,71.0,0.0,-0.0,0.0,1068,0,1069,0,0,0,1069,0,1080,0,999,0,660,0,663,0,658,0,676,0.032,1.4609821306377965e+22,0.0,0.0,2192,16814,2.8043349009104896e+16,-0.0,-1.0306028780931438e+33,-0.0,937403285504.0,-3.144457766360012e+37,50.0,60.0,35,0.0,0.0,10.0,2.0,0.0,0.0,0.0,0.0,0.0,0.0,0.0,0.0,0.0,0.0,0.0,0.0,58.8,52,13,65511,27,65476,0,300,0,0,8,20529,65476,0,0,30147,60.0,0.0,10.0,10.0,2.0,0.0
2026-02-16T12:42:36,ERR,ERR,ERR,ERR,ERR,ERR,ERR,ERR,ERR,ERR,ERR,ERR,ERR,ERR,ERR,ERR,ERR,ERR,ERR,ERR,ERR,ERR,ERR,ERR,ERR,ERR,ERR,ERR,ERR,ERR,ERR,ERR,ERR,ERR,ERR,ERR,ERR,ERR,ERR,ERR,ERR,ERR,ERR,ERR,ERR,ERR,ERR,ERR,ERR,ERR,ERR,ERR,ERR,ERR,ERR,ERR,ERR,ERR,ERR,ERR,ERR,ERR,ERR,ERR,ERR,ERR,ERR,ERR,ERR,ERR,ERR,ERR,ERR,ERR,ERR,ERR,ERR,ERR,ERR,ERR,ERR,ERR,ERR,ERR,ERR,ERR,ERR,ERR,ERR,ERR,ERR,ERR,ERR,ERR,ERR,ERR,ERR,ERR,ERR,ERR,ERR,ERR,ERR,ERR,ERR,ERR,ERR,ERR,ERR,ERR,ERR,ERR,ERR,ERR,ERR,ERR,ERR,ERR,ERR,ERR,ERR,ERR,ERR,ERR,ERR,-107615880.0,-0.0,2.7184069624379994e+23,0.0,-0.0,-0.228,-3125212928.0,2.207,4300,0,8,17169,4300,0.0,41,0.0,0.0,0.0,0.0,0.0,0,0,0,0,0.0,0,0,0,0,0,0,0,0,0,0,0,0,0,0,0,0,0,0,0,0,0,0,0,0,0,0,0,0,0,0,0,0,0,12,37,37,48,65476,407,65476,1,0,4,21553,0.0,-0.0,0.0,0.0,0.0,0.0,0.0,0.0,0.0,0.0,0.0,0.0,0.0,0.0,0.0,0.0,0.0,0.0,0.0,0.0,0.0,2.004,0.0,-0.0,0.0,-0.0,0.0,0.0,0.0,0.0,6621.0,0.0,0.0,-107615880.0,-0.0,-0.0,-107616272.0,0.0,0.0,2.004,2.004,226,-152017280434176.0,-4.066875947584353e+29,0.0,0.0,0.0,0.0,0.0,0.0,0.0,0,0,0,1.6130026276021862e+17,4.1299349987173335e+18,-1.970065051416485e+33,0.0,-8.900153947967495e+36,-26379232.0,-0.0,-0.0,-0.0,-1.1045930068161819e+32,-114316.32,3.9468210265574605e+17,0.0,0.0,0.0,1.1698701731092186e+35,0,1.3516416376850534e+27,226,0.0,452,0.0,0.0,2112,52429,17109,52429,17111,52429,17095,0,0,0,101,100,100,-0.0,65.8,-0.0,66.1,0.0,66.0,1,49,50,180,39322,52429,0,0,0.0,0.0,0.0,60.0,5884937345433600.0,71.0,0.0,-0.0,0.0,1069,0,1069,0,0,0,1069,0,1079,0,999,0,660,0,663,0,658,0,676,0.032,1.4536034330083127e+22,0.0,0.0,15760,16814,12599950.0,-1221963546624.0,0.0,1.0787886109247929e+33,1.6104465817610524e+22,0.0,50.0,60.0,35,0.0,0.0,10.0,2.0,0.0,0.0,0.0,0.0,0.0,0.0,0.0,0.0,0.0,0.0,0.0,0.0,58.8,52,13,65511,27,65476,0,300,0,0,8,20529,65476,0,0,30147,60.0,0.0,10.0,10.0,2.0,0.0
2026-02-16T12:42:37,ERR,ERR,ERR,ERR,ERR,ERR,ERR,ERR,ERR,ERR,ERR,ERR,ERR,ERR,ERR,ERR,ERR,ERR,ERR,ERR,ERR,ERR,ERR,ERR,ERR,ERR,ERR,ERR,ERR,ERR,ERR,ERR,ERR,ERR,ERR,ERR,ERR,ERR,ERR,ERR,ERR,ERR,ERR,ERR,ERR,ERR,ERR,ERR,ERR,ERR,ERR,ERR,ERR,ERR,ERR,ERR,ERR,ERR,ERR,ERR,ERR,ERR,ERR,ERR,ERR,ERR,ERR,ERR,ERR,ERR,ERR,ERR,ERR,ERR,ERR,ERR,ERR,ERR,ERR,ERR,ERR,ERR,ERR,ERR,ERR,ERR,ERR,ERR,ERR,ERR,ERR,ERR,ERR,ERR,ERR,ERR,ERR,ERR,ERR,ERR,ERR,ERR,ERR,ERR,ERR,ERR,ERR,ERR,ERR,ERR,ERR,ERR,ERR,ERR,ERR,ERR,ERR,ERR,ERR,ERR,ERR,ERR,ERR,ERR,ERR,-107615880.0,-0.0,2.7184069624379994e+23,0.0,-0.0,-0.228,-3125212928.0,2.207,4300,0,8,17169,4300,0.0,41,0.0,0.0,0.0,0.0,0.0,0,0,0,0,0.0,0,0,0,0,0,0,0,0,0,0,0,0,0,0,0,0,0,0,0,0,0,0,0,0,0,0,0,0,0,0,0,0,0,12,37,37,48,65476,407,65476,1,0,4,21553,0.0,-0.0,0.0,0.0,0.0,0.0,0.0,0.0,0.0,0.0,0.0,0.0,0.0,0.0,0.0,0.0,0.0,0.0,0.0,0.0,0.0,2.004,0.0,-0.0,0.0,-0.0,0.0,0.0,0.0,0.0,6621.0,0.0,0.0,-107615880.0,-0.0,-0.0,-107616272.0,0.0,0.0,2.004,2.004,226,-152017280434176.0,-4.066875947584353e+29,0.0,0.0,0.0,0.0,0.0,0.0,0.0,0,0,0,1.6130026276021862e+17,4.1299349987173335e+18,-1.970065051416485e+33,0.0,-8.900153947967495e+36,-26379232.0,-0.0,-0.0,-0.0,-1.1045930068161819e+32,-114316.32,3.9468210265574605e+17,0.0,0.0,0.0,1.1698701731092186e+35,0,1.3516416376850534e+27,226,0.0,452,0.0,0.0,2112,52429,17109,52429,17111,52429,17095,0,0,0,101,100,100,-0.0,65.8,-0.0,66.1,0.0,66.0,1,49,50,180,39322,52429,0,0,0.0,0.0,0.0,60.0,5884937345433600.0,71.0,0.0,-0.0,0.0,1069,0,1069,0,0,0,1069,0,1079,0,999,0,660,0,663,0,658,0,676,0.032,1.4536034330083127e+22,0.0,0.0,15760,16814,12599950.0,-1221963546624.0,0.0,1.0787886109247929e+33,1.6104465817610524e+22,0.0,50.0,60.0,35,0.0,0.0,10.0,2.0,0.0,0.0,0.0,0.0,0.0,0.0,0.0,0.0,0.0,0.0,0.0,0.0,58.8,52,13,65511,27,65476,0,300,0,0,8,20529,65476,0,0,30147,60.0,0.0,10.0,10.0,2.0,0.0
2026-02-16T12:42:38,ERR,ERR,ERR,ERR,ERR,ERR,ERR,ERR,ERR,ERR,ERR,ERR,ERR,ERR,ERR,ERR,ERR,ERR,ERR,ERR,ERR,ERR,ERR,ERR,ERR,ERR,ERR,ERR,ERR,ERR,ERR,ERR,ERR,ERR,ERR,ERR,ERR,ERR,ERR,ERR,ERR,ERR,ERR,ERR,ERR,ERR,ERR,ERR,ERR,ERR,ERR,ERR,ERR,ERR,ERR,ERR,ERR,ERR,ERR,ERR,ERR,ERR,ERR,ERR,ERR,ERR,ERR,ERR,ERR,ERR,ERR,ERR,ERR,ERR,ERR,ERR,ERR,ERR,ERR,ERR,ERR,ERR,ERR,ERR,ERR,ERR,ERR,ERR,ERR,ERR,ERR,ERR,ERR,ERR,ERR,ERR,ERR,ERR,ERR,ERR,ERR,ERR,ERR,ERR,ERR,ERR,ERR,ERR,ERR,ERR,ERR,ERR,ERR,ERR,ERR,ERR,ERR,ERR,ERR,ERR,ERR,ERR,ERR,ERR,ERR,-107615880.0,-0.0,2.7184069624379994e+23,0.0,-0.0,-0.228,-3125212928.0,2.207,4300,0,8,17169,4300,0.0,41,0.0,0.0,0.0,0.0,0.0,0,0,0,0,0.0,0,0,0,0,0,0,0,0,0,0,0,0,0,0,0,0,0,0,0,0,0,0,0,0,0,0,0,0,0,0,0,0,0,12,37,37,48,65476,407,65476,1,0,4,21553,0.0,-0.0,0.0,0.0,0.0,0.0,0.0,0.0,0.0,0.0,0.0,0.0,0.0,0.0,0.0,0.0,0.0,0.0,0.0,0.0,0.0,2.004,0.0,-0.0,0.0,-0.0,0.0,0.0,0.0,0.0,6621.0,0.0,0.0,-107615880.0,-0.0,-0.0,-107616272.0,0.0,0.0,2.004,2.004,226,-152017280434176.0,-4.066875947584353e+29,0.0,0.0,0.0,0.0,0.0,0.0,0.0,0,0,0,1.6130026276021862e+17,4.1299349987173335e+18,-1.970065051416485e+33,0.0,-8.900153947967495e+36,-26379232.0,-0.0,-0.0,-0.0,-1.1045930068161819e+32,-114316.32,3.9468210265574605e+17,0.0,0.0,0.0,1.1698701731092186e+35,0,1.3516416376850534e+27,226,0.0,452,0.0,0.0,2112,52429,17109,52429,17111,52429,17095,0,0,0,101,100,100,-0.0,65.8,-0.0,66.1,0.0,66.0,1,49,50,180,39322,52429,0,0,0.0,0.0,0.0,60.0,5884937345433600.0,71.0,0.0,-0.0,0.0,1069,0,1069,0,0,0,1069,0,1079,0,999,0,660,0,663,0,658,0,676,0.032,1.4536034330083127e+22,0.0,0.0,15760,16814,12599950.0,-1221963546624.0,0.0,1.0787886109247929e+33,1.6104465817610524e+22,0.0,50.0,60.0,35,0.0,0.0,10.0,2.0,0.0,0.0,0.0,0.0,0.0,0.0,0.0,0.0,0.0,0.0,0.0,0.0,58.8,52,13,65511,27,65476,0,300,0,0,8,20529,65476,0,0,30147,60.0,0.0,10.0,10.0,2.0,0.0
2026-02-16T12:42:39,ERR,ERR,ERR,ERR,ERR,ERR,ERR,ERR,ERR,ERR,ERR,ERR,ERR,ERR,ERR,ERR,ERR,ERR,ERR,ERR,ERR,ERR,ERR,ERR,ERR,ERR,ERR,ERR,ERR,ERR,ERR,ERR,ERR,ERR,ERR,ERR,ERR,ERR,ERR,ERR,ERR,ERR,ERR,ERR,ERR,ERR,ERR,ERR,ERR,ERR,ERR,ERR,ERR,ERR,ERR,ERR,ERR,ERR,ERR,ERR,ERR,ERR,ERR,ERR,ERR,ERR,ERR,ERR,ERR,ERR,ERR,ERR,ERR,ERR,ERR,ERR,ERR,ERR,ERR,ERR,ERR,ERR,ERR,ERR,ERR,ERR,ERR,ERR,ERR,ERR,ERR,ERR,ERR,ERR,ERR,ERR,ERR,ERR,ERR,ERR,ERR,ERR,ERR,ERR,ERR,ERR,ERR,ERR,ERR,ERR,ERR,ERR,ERR,ERR,ERR,ERR,ERR,ERR,ERR,ERR,ERR,ERR,ERR,ERR,ERR,-107615880.0,-0.0,2.7184069624379994e+23,0.0,-0.0,-0.228,-3125212928.0,2.207,4300,0,8,17169,4300,0.0,41,0.0,0.0,0.0,0.0,0.0,0,0,0,0,0.0,0,0,0,0,0,0,0,0,0,0,0,0,0,0,0,0,0,0,0,0,0,0,0,0,0,0,0,0,0,0,0,0,0,12,37,37,48,65476,407,65476,1,0,4,21553,0.0,-0.0,0.0,0.0,0.0,0.0,0.0,0.0,0.0,0.0,0.0,0.0,0.0,0.0,0.0,0.0,0.0,0.0,0.0,0.0,0.0,2.004,0.0,-0.0,0.0,-0.0,0.0,0.0,0.0,0.0,6621.0,0.0,0.0,-107615880.0,-0.0,-0.0,-107616272.0,0.0,0.0,2.004,2.004,226,-152017280434176.0,-4.066875947584353e+29,0.0,0.0,0.0,0.0,0.0,0.0,0.0,0,0,0,1.6130026276021862e+17,4.1299349987173335e+18,-1.970065051416485e+33,0.0,-8.900153947967495e+36,-26379232.0,-0.0,-0.0,-0.0,-1.1045930068161819e+32,-114316.32,3.9468210265574605e+17,0.0,0.0,0.0,1.1698701731092186e+35,0,1.3516416376850534e+27,226,0.0,452,0.0,0.0,2112,52429,17109,52429,17111,39322,17095,0,0,0,101,100,100,-0.0,65.8,-0.0,66.1,0.0,66.0,1,49,50,180,52429,52429,0,0,0.0,0.0,0.0,60.0,9.227881112859293e+24,71.0,0.0,-8.17714528518144e+16,0.0,1069,0,1069,0,0,0,1069,0,1079,0,999,0,661,0,663,0,658,0,676,0.032,1.4536034330083127e+22,0.0,0.0,11792,16814,9.227881112859293e+24,-8.17714528518144e+16,1.3263154503797965e+18,-0.0,-939033.438,73255062863872.0,50.0,60.0,35,0.0,0.0,10.0,2.0,0.0,0.0,0.0,0.0,0.0,0.0,0.0,0.0,0.0,0.0,0.0,0.0,58.8,52,13,65511,27,65476,0,300,0,0,8,20529,65476,0,0,30147,60.0,0.0,10.0,10.0,2.0,0.0
2026-02-16T12:42:40,ERR,ERR,ERR,ERR,ERR,ERR,ERR,ERR,ERR,ERR,ERR,ERR,ERR,ERR,ERR,ERR,ERR,ERR,ERR,ERR,ERR,ERR,ERR,ERR,ERR,ERR,ERR,ERR,ERR,ERR,ERR,ERR,ERR,ERR,ERR,ERR,ERR,ERR,ERR,ERR,ERR,ERR,ERR,ERR,ERR,ERR,ERR,ERR,ERR,ERR,ERR,ERR,ERR,ERR,ERR,ERR,ERR,ERR,ERR,ERR,ERR,ERR,ERR,ERR,ERR,ERR,ERR,ERR,ERR,ERR,ERR,ERR,ERR,ERR,ERR,ERR,ERR,ERR,ERR,ERR,ERR,ERR,ERR,ERR,ERR,ERR,ERR,ERR,ERR,ERR,ERR,ERR,ERR,ERR,ERR,ERR,ERR,ERR,ERR,ERR,ERR,ERR,ERR,ERR,ERR,ERR,ERR,ERR,ERR,ERR,ERR,ERR,ERR,ERR,ERR,ERR,ERR,ERR,ERR,ERR,ERR,ERR,ERR,ERR,ERR,-107615880.0,-0.0,-108138608.0,0.0,-3.2008056460949376e+29,-1.2262050025701376e+16,-2.1124523841539886e+37,-0.0,4300,0,8,17170,4300,0.0,41,0.0,0.0,0.0,0.0,0.0,0,0,0,0,0.0,0,0,0,0,0,0,0,0,0,0,0,0,0,0,0,0,0,0,0,0,0,0,0,0,0,0,0,0,0,0,0,0,0,12,37,37,48,65476,410,65476,1,0,4,21553,0.0,2.718324816780796e+23,0.0,0.0,0.0,0.0,0.0,0.0,0.0,0.0,0.0,0.0,0.0,0.0,0.0,0.0,0.0,0.0,0.0,0.0,0.0,2.004,0.0,-2.004,2.004,-0.0,0.0,0.0,0.0,0.0,6620.0,0.0,0.0,-107615880.0,-0.0,-107616240.0,-2.7184509175703625e+23,0.0,0.0,2.004,2.004,227,-0.0,-5.848079055467333e+35,0.0,0.0,0.0,0.0,0.0,0.0,0.0,0,0,0,16597871.0,0.0,-5.950264409829203e+28,0.0,-3.9422146279751613e+37,0.156,9.952258787342232e+32,-6905758729895936.0,-0.0,-1.1869902958310168e+32,-121484.32,4.262073000473395e+17,0.0,0.0,0.0,2.8282179049375138e+19,0,1.3516416376850534e+27,227,0.0,454,0.0,0.0,2112,52429,17109,52429,17111,39322,17095,0,0,0,101,100,100,-0.0,65.8,-0.0,66.1,0.0,66.0,1,49,50,180,52429,52429,0,0,0.0,0.0,0.0,60.0,9.227881112859293e+24,71.0,0.0,-8.17714528518144e+16,0.0,1069,0,1069,0,0,0,1069,0,1079,0,999,0,661,0,663,0,658,0,676,0.032,1.4536034330083127e+22,0.0,0.0,11792,16814,9.227881112859293e+24,-8.17714528518144e+16,1.3263154503797965e+18,-0.0,-939033.438,73255062863872.0,50.0,60.0,35,0.0,0.0,10.0,2.0,0.0,0.0,0.0,0.0,0.0,0.0,0.0,0.0,0.0,0.0,0.0,0.0,58.8,52,13,65511,27,65476,0,300,0,0,8,20529,65476,0,0,30147,60.0,0.0,10.0,10.0,2.0,0.0
2026-02-16T12:42:41,ERR,ERR,ERR,ERR,ERR,ERR,ERR,ERR,ERR,ERR,ERR,ERR,ERR,ERR,ERR,ERR,ERR,ERR,ERR,ERR,ERR,ERR,ERR,ERR,ERR,ERR,ERR,ERR,ERR,ERR,ERR,ERR,ERR,ERR,ERR,ERR,ERR,ERR,ERR,ERR,ERR,ERR,ERR,ERR,ERR,ERR,ERR,ERR,ERR,ERR,ERR,ERR,ERR,ERR,ERR,ERR,ERR,ERR,ERR,ERR,ERR,ERR,ERR,ERR,ERR,ERR,ERR,ERR,ERR,ERR,ERR,ERR,ERR,ERR,ERR,ERR,ERR,ERR,ERR,ERR,ERR,ERR,ERR,ERR,ERR,ERR,ERR,ERR,ERR,ERR,ERR,ERR,ERR,ERR,ERR,ERR,ERR,ERR,ERR,ERR,ERR,ERR,ERR,ERR,ERR,ERR,ERR,ERR,ERR,ERR,ERR,ERR,ERR,ERR,ERR,ERR,ERR,ERR,ERR,ERR,ERR,ERR,ERR,ERR,ERR,-107615880.0,-0.0,-108138608.0,0.0,-3.2008056460949376e+29,-1.2262050025701376e+16,-2.1124523841539886e+37,-0.0,4300,0,8,17170,4300,0.0,41,0.0,0.0,0.0,0.0,0.0,0,0,0,0,0.0,0,0,0,0,0,0,0,0,0,0,0,0,0,0,0,0,0,0,0,0,0,0,0,0,0,0,0,0,0,0,0,0,0,12,37,37,48,65476,410,65476,1,0,4,21553,0.0,2.718324816780796e+23,0.0,0.0,0.0,0.0,0.0,0.0,0.0,0.0,0.0,0.0,0.0,0.0,0.0,0.0,0.0,0.0,0.0,0.0,0.0,2.004,0.0,-2.004,2.004,-0.0,0.0,0.0,0.0,0.0,6620.0,0.0,0.0,-107615880.0,-0.0,-107616240.0,-2.7184509175703625e+23,0.0,0.0,2.004,2.004,227,-0.0,-5.848079055467333e+35,0.0,0.0,0.0,0.0,0.0,0.0,0.0,0,0,0,16597871.0,0.0,-5.950264409829203e+28,0.0,-3.9422146279751613e+37,0.156,9.952258787342232e+32,-6905758729895936.0,-0.0,-1.1869902958310168e+32,-121484.32,4.262073000473395e+17,0.0,0.0,0.0,2.8282179049375138e+19,0,1.3516416376850534e+27,227,0.0,454,0.0,0.0,2112,52429,17109,52429,17111,39322,17095,0,0,0,101,100,100,-0.0,65.8,-0.0,66.1,0.0,66.0,1,49,50,180,52429,52429,0,0,0.0,0.0,0.0,60.0,9.227881112859293e+24,71.0,0.0,-8.17714528518144e+16,0.0,1069,0,1069,0,0,0,1069,0,1079,0,999,0,661,0,663,0,658,0,676,0.032,1.4536034330083127e+22,0.0,0.0,11792,16814,9.227881112859293e+24,-8.17714528518144e+16,1.3263154503797965e+18,-0.0,-939033.438,73255062863872.0,50.0,60.0,35,0.0,0.0,10.0,2.0,0.0,0.0,0.0,0.0,0.0,0.0,0.0,0.0,0.0,0.0,0.0,0.0,58.8,52,13,65511,27,65476,0,300,0,0,8,20529,65476,0,0,30147,60.0,0.0,10.0,10.0,2.0,0.0
2026-02-16T12:42:42,ERR,ERR,ERR,ERR,ERR,ERR,ERR,ERR,ERR,ERR,ERR,ERR,ERR,ERR,ERR,ERR,ERR,ERR,ERR,ERR,ERR,ERR,ERR,ERR,ERR,ERR,ERR,ERR,ERR,ERR,ERR,ERR,ERR,ERR,ERR,ERR,ERR,ERR,ERR,ERR,ERR,ERR,ERR,ERR,ERR,ERR,ERR,ERR,ERR,ERR,ERR,ERR,ERR,ERR,ERR,ERR,ERR,ERR,ERR,ERR,ERR,ERR,ERR,ERR,ERR,ERR,ERR,ERR,ERR,ERR,ERR,ERR,ERR,ERR,ERR,ERR,ERR,ERR,ERR,ERR,ERR,ERR,ERR,ERR,ERR,ERR,ERR,ERR,ERR,ERR,ERR,ERR,ERR,ERR,ERR,ERR,ERR,ERR,ERR,ERR,ERR,ERR,ERR,ERR,ERR,ERR,ERR,ERR,ERR,ERR,ERR,ERR,ERR,ERR,ERR,ERR,ERR,ERR,ERR,ERR,ERR,ERR,ERR,ERR,ERR,-107615880.0,-0.0,-108138608.0,0.0,-3.2008056460949376e+29,-1.2262050025701376e+16,-2.1124523841539886e+37,-0.0,4300,0,8,17170,4300,0.0,41,0.0,0.0,0.0,0.0,0.0,0,0,0,0,0.0,0,0,0,0,0,0,0,0,0,0,0,0,0,0,0,0,0,0,0,0,0,0,0,0,0,0,0,0,0,0,0,0,0,12,37,37,48,65476,410,65476,1,0,4,21553,0.0,2.718324816780796e+23,0.0,0.0,0.0,0.0,0.0,0.0,0.0,0.0,0.0,0.0,0.0,0.0,0.0,0.0,0.0,0.0,0.0,0.0,0.0,2.004,0.0,-2.004,2.004,-0.0,0.0,0.0,0.0,0.0,6620.0,0.0,0.0,-107615880.0,-0.0,-107616240.0,-2.7184509175703625e+23,0.0,0.0,2.004,2.004,227,-0.0,-5.848079055467333e+35,0.0,0.0,0.0,0.0,0.0,0.0,0.0,0,0,0,16597871.0,0.0,-5.950264409829203e+28,0.0,-3.9422146279751613e+37,0.156,9.952258787342232e+32,-6905758729895936.0,-0.0,-1.1869902958310168e+32,-121484.32,4.262073000473395e+17,0.0,0.0,0.0,2.8282179049375138e+19,0,1.3516416376850534e+27,227,0.0,454,0.0,0.0,2112,52429,17109,52429,17111,39322,17095,0,0,0,101,100,100,-0.0,65.8,-0.0,66.1,0.0,66.0,1,49,50,180,52429,52429,0,0,0.0,0.0,0.0,60.0,9.227881112859293e+24,71.0,0.0,-8.17714528518144e+16,0.0,1069,0,1069,0,0,0,1069,0,1079,0,999,0,661,0,663,0,658,0,676,0.032,1.4536034330083127e+22,0.0,0.0,11792,16814,9.227881112859293e+24,-8.17714528518144e+16,1.3263154503797965e+18,-0.0,-939033.438,73255062863872.0,50.0,60.0,35,0.0,0.0,10.0,2.0,0.0,0.0,0.0,0.0,0.0,0.0,0.0,0.0,0.0,0.0,0.0,0.0,59.2,52,13,65511,27,65476,0,300,0,0,8,20529,65476,0,0,30147,60.0,0.0,10.0,10.0,2.0,0.0
2026-02-16T12:42:43,ERR,ERR,ERR,ERR,ERR,ERR,ERR,ERR,ERR,ERR,ERR,ERR,ERR,ERR,ERR,ERR,ERR,ERR,ERR,ERR,ERR,ERR,ERR,ERR,ERR,ERR,ERR,ERR,ERR,ERR,ERR,ERR,ERR,ERR,ERR,ERR,ERR,ERR,ERR,ERR,ERR,ERR,ERR,ERR,ERR,ERR,ERR,ERR,ERR,ERR,ERR,ERR,ERR,ERR,ERR,ERR,ERR,ERR,ERR,ERR,ERR,ERR,ERR,ERR,ERR,ERR,ERR,ERR,ERR,ERR,ERR,ERR,ERR,ERR,ERR,ERR,ERR,ERR,ERR,ERR,ERR,ERR,ERR,ERR,ERR,ERR,ERR,ERR,ERR,ERR,ERR,ERR,ERR,ERR,ERR,ERR,ERR,ERR,ERR,ERR,ERR,ERR,ERR,ERR,ERR,ERR,ERR,ERR,ERR,ERR,ERR,ERR,ERR,ERR,ERR,ERR,ERR,ERR,ERR,ERR,ERR,ERR,ERR,ERR,ERR,-107615880.0,-0.0,-108138608.0,0.0,-3.2008056460949376e+29,-1.2262050025701376e+16,-2.1124523841539886e+37,-0.0,4300,0,8,17170,4300,0.0,41,0.0,0.0,0.0,0.0,0.0,0,0,0,0,0.0,0,0,0,0,0,0,0,0,0,0,0,0,0,0,0,0,0,0,0,0,0,0,0,0,0,0,0,0,0,0,0,0,0,12,37,37,48,65476,410,65476,1,0,4,21553,0.0,2.718324816780796e+23,0.0,0.0,0.0,0.0,0.0,0.0,0.0,0.0,0.0,0.0,0.0,0.0,0.0,0.0,0.0,0.0,0.0,0.0,0.0,2.004,0.0,-2.004,2.004,-0.0,0.0,0.0,0.0,0.0,6620.0,0.0,0.0,-107615880.0,-0.0,-107616240.0,-2.7184509175703625e+23,0.0,0.0,2.004,2.004,227,-0.0,-5.848079055467333e+35,0.0,0.0,0.0,0.0,0.0,0.0,0.0,0,0,0,16597871.0,0.0,-5.950264409829203e+28,0.0,-3.9422146279751613e+37,0.156,9.952258787342232e+32,-6905758729895936.0,-0.0,-1.1869902958310168e+32,-121484.32,4.262073000473395e+17,0.0,0.0,0.0,2.8282179049375138e+19,0,1.3516416376850534e+27,227,0.0,454,0.0,0.0,2112,52429,17109,52429,17111,52429,17095,0,0,0,101,100,100,-0.0,65.7,-0.0,66.1,0.0,66.0,1,49,50,180,52429,52429,0,0,0.0,0.0,0.0,60.0,1.2175440159479564e+23,71.0,0.0,-0.0,0.0,1069,0,1069,0,0,0,1069,0,1079,0,999,0,661,0,663,0,658,0,677,0.032,1.4609821306377965e+22,0.0,0.0,17680,16814,3.298251553768963e+25,-0.0,0.0,0.0,-0.0,0.0,50.0,60.0,35,0.0,0.0,10.0,2.0,0.0,0.0,0.0,0.0,0.0,0.0,0.0,0.0,0.0,0.0,0.0,0.0,58.8,52,13,65511,27,65476,0,300,0,0,8,20529,65476,0,0,30147,60.0,0.0,10.0,10.0,2.0,0.0
2026-02-16T12:42:44,ERR,ERR,ERR,ERR,ERR,ERR,ERR,ERR,ERR,ERR,ERR,ERR,ERR,ERR,ERR,ERR,ERR,ERR,ERR,ERR,ERR,ERR,ERR,ERR,ERR,ERR,ERR,ERR,ERR,ERR,ERR,ERR,ERR,ERR,ERR,ERR,ERR,ERR,ERR,ERR,ERR,ERR,ERR,ERR,ERR,ERR,ERR,ERR,ERR,ERR,ERR,ERR,ERR,ERR,ERR,ERR,ERR,ERR,ERR,ERR,ERR,ERR,ERR,ERR,ERR,ERR,ERR,ERR,ERR,ERR,ERR,ERR,ERR,ERR,ERR,ERR,ERR,ERR,ERR,ERR,ERR,ERR,ERR,ERR,ERR,ERR,ERR,ERR,ERR,ERR,ERR,ERR,ERR,ERR,ERR,ERR,ERR,ERR,ERR,ERR,ERR,ERR,ERR,ERR,ERR,ERR,ERR,ERR,ERR,ERR,ERR,ERR,ERR,ERR,ERR,ERR,ERR,ERR,ERR,ERR,ERR,ERR,ERR,ERR,ERR,-107615880.0,-0.0,-108138608.0,0.0,-3.2008056460949376e+29,-1.2262050025701376e+16,-2.1124523841539886e+37,-0.0,4300,0,8,17170,4300,0.0,41,0.0,0.0,0.0,0.0,0.0,0,0,0,0,0.0,0,0,0,0,0,0,0,0,0,0,0,0,0,0,0,0,0,0,0,0,0,0,0,0,0,0,0,0,0,0,0,0,0,12,37,37,48,65476,410,65476,1,0,4,21553,0.0,2.718324816780796e+23,0.0,0.0,0.0,0.0,0.0,0.0,0.0,0.0,0.0,0.0,0.0,0.0,0.0,0.0,0.0,0.0,0.0,0.0,0.0,2.004,0.0,-2.004,2.004,-0.0,0.0,0.0,0.0,0.0,6620.0,0.0,0.0,-107615880.0,-0.0,-107616240.0,-2.7184509175703625e+23,0.0,0.0,2.004,2.004,227,-0.0,-5.848079055467333e+35,0.0,0.0,0.0,0.0,0.0,0.0,0.0,0,0,0,16597871.0,0.0,-5.950264409829203e+28,0.0,-3.9422146279751613e+37,0.156,9.952258787342232e+32,-6905758729895936.0,-0.0,-1.1869902958310168e+32,-121484.32,4.262073000473395e+17,0.0,0.0,0.0,2.8282179049375138e+19,0,1.3516416376850534e+27,227,0.0,454,0.0,0.0,2112,52429,17109,52429,17111,52429,17095,0,0,0,101,100,100,-0.0,65.7,-0.0,66.1,0.0,66.0,1,49,50,180,52429,52429,0,0,0.0,0.0,0.0,60.0,1.2175440159479564e+23,71.0,0.0,-0.0,0.0,1069,0,1069,0,0,0,1069,0,1079,0,999,0,661,0,663,0,658,0,677,0.032,1.4609821306377965e+22,0.0,0.0,17680,16814,3.298251553768963e+25,-0.0,0.0,0.0,-0.0,0.0,50.0,60.0,35,0.0,0.0,10.0,2.0,0.0,0.0,0.0,0.0,0.0,0.0,0.0,0.0,0.0,0.0,0.0,0.0,58.8,52,13,65511,27,65476,0,300,0,0,8,20529,65476,0,0,30147,60.0,0.0,10.0,10.0,2.0,0.0
2026-02-16T12:42:45,ERR,ERR,ERR,ERR,ERR,ERR,ERR,ERR,ERR,ERR,ERR,ERR,ERR,ERR,ERR,ERR,ERR,ERR,ERR,ERR,ERR,ERR,ERR,ERR,ERR,ERR,ERR,ERR,ERR,ERR,ERR,ERR,ERR,ERR,ERR,ERR,ERR,ERR,ERR,ERR,ERR,ERR,ERR,ERR,ERR,ERR,ERR,ERR,ERR,ERR,ERR,ERR,ERR,ERR,ERR,ERR,ERR,ERR,ERR,ERR,ERR,ERR,ERR,ERR,ERR,ERR,ERR,ERR,ERR,ERR,ERR,ERR,ERR,ERR,ERR,ERR,ERR,ERR,ERR,ERR,ERR,ERR,ERR,ERR,ERR,ERR,ERR,ERR,ERR,ERR,ERR,ERR,ERR,ERR,ERR,ERR,ERR,ERR,ERR,ERR,ERR,ERR,ERR,ERR,ERR,ERR,ERR,ERR,ERR,ERR,ERR,ERR,ERR,ERR,ERR,ERR,ERR,ERR,ERR,ERR,ERR,ERR,ERR,ERR,ERR,-107615880.0,-0.0,-108138608.0,0.0,-3.2008056460949376e+29,0.0,3.235960631615417e+22,34259113984.0,4300,0,8,17170,4300,0.0,41,0.0,0.0,0.0,0.0,0.0,0,0,0,0,0.0,0,0,0,0,0,0,0,0,0,0,0,0,0,0,0,0,0,0,0,0,0,0,0,0,0,0,0,0,0,0,0,0,0,12,37,37,48,65476,412,65476,1,0,4,21553,0.0,-0.0,0.0,0.0,0.0,0.0,0.0,0.0,0.0,0.0,0.0,0.0,0.0,0.0,0.0,0.0,0.0,0.0,0.0,0.0,0.0,2.004,0.0,-2.004,2.004,-2.004,0.0,0.0,0.0,0.0,6621.0,0.0,0.0,-107615880.0,-0.0,-107616240.0,0.0,-0.0,0.0,2.004,2.004,228,-107614784.0,-2.7184280392842555e+23,0.0,0.0,0.0,0.0,0.0,0.0,0.0,0,0,0,108665720.0,-0.0,-9.319743938638063e+30,-2.2879854541456987e+26,0.0,0.002,-0.0,-0.0,-0.0,-1.2757258378469928e+32,-128140.32,4.532288978115625e+17,0.0,0.0,0.0,-0.0,0,1.3516416376850534e+27,228,0.0,456,0.0,0.0,2112,52429,17109,52429,17111,52429,17095,0,0,0,101,100,100,-0.0,65.7,-0.0,66.1,0.0,66.0,1,49,50,180,52429,52429,0,0,0.0,0.0,0.0,60.0,1.2175440159479564e+23,71.0,0.0,-0.0,0.0,1069,0,1069,0,0,0,1069,0,1079,0,999,0,661,0,663,0,658,0,677,0.032,1.4609821306377965e+22,0.0,0.0,17680,16814,3.298251553768963e+25,-0.0,0.0,0.0,-0.0,0.0,50.0,60.0,35,0.0,0.0,10.0,2.0,0.0,0.0,0.0,0.0,0.0,0.0,0.0,0.0,0.0,0.0,0.0,0.0,59.2,52,13,65511,27,65476,0,300,0,0,8,20529,65476,0,0,30147,60.0,0.0,10.0,10.0,2.0,0.0
2026-02-16T12:42:46,ERR,ERR,ERR,ERR,ERR,ERR,ERR,ERR,ERR,ERR,ERR,ERR,ERR,ERR,ERR,ERR,ERR,ERR,ERR,ERR,ERR,ERR,ERR,ERR,ERR,ERR,ERR,ERR,ERR,ERR,ERR,ERR,ERR,ERR,ERR,ERR,ERR,ERR,ERR,ERR,ERR,ERR,ERR,ERR,ERR,ERR,ERR,ERR,ERR,ERR,ERR,ERR,ERR,ERR,ERR,ERR,ERR,ERR,ERR,ERR,ERR,ERR,ERR,ERR,ERR,ERR,ERR,ERR,ERR,ERR,ERR,ERR,ERR,ERR,ERR,ERR,ERR,ERR,ERR,ERR,ERR,ERR,ERR,ERR,ERR,ERR,ERR,ERR,ERR,ERR,ERR,ERR,ERR,ERR,ERR,ERR,ERR,ERR,ERR,ERR,ERR,ERR,ERR,ERR,ERR,ERR,ERR,ERR,ERR,ERR,ERR,ERR,ERR,ERR,ERR,ERR,ERR,ERR,ERR,ERR,ERR,ERR,ERR,ERR,ERR,-107615880.0,-0.0,-108138608.0,0.0,-3.2008056460949376e+29,0.0,3.235960631615417e+22,34259113984.0,4300,0,8,17170,4300,0.0,41,0.0,0.0,0.0,0.0,0.0,0,0,0,0,0.0,0,0,0,0,0,0,0,0,0,0,0,0,0,0,0,0,0,0,0,0,0,0,0,0,0,0,0,0,0,0,0,0,0,12,37,37,48,65476,412,65476,1,0,4,21553,0.0,-0.0,0.0,0.0,0.0,0.0,0.0,0.0,0.0,0.0,0.0,0.0,0.0,0.0,0.0,0.0,0.0,0.0,0.0,0.0,0.0,2.004,0.0,-2.004,2.004,-2.004,0.0,0.0,0.0,0.0,6621.0,0.0,0.0,-107615880.0,-0.0,-107616240.0,0.0,-0.0,0.0,2.004,2.004,228,-107614784.0,-2.7184280392842555e+23,0.0,0.0,0.0,0.0,0.0,0.0,0.0,0,0,0,108665720.0,-0.0,-9.319743938638063e+30,-2.2879854541456987e+26,0.0,0.002,-0.0,-0.0,-0.0,-1.2757258378469928e+32,-128140.32,4.532288978115625e+17,0.0,0.0,0.0,-0.0,0,1.3516416376850534e+27,228,0.0,456,0.0,0.0,2112,52429,17109,52429,17111,52429,17095,0,0,0,101,100,100,-0.0,65.7,2.7302341356354147e+23,66.1,0.0,66.0,1,49,50,180,52429,52429,0,0,0.0,0.0,0.0,60.0,907140982112256.0,71.0,0.0,-0.0,0.0,1069,0,1069,0,0,0,1069,0,1079,0,998,0,661,0,663,0,658,0,677,0.032,1.4609821306377965e+22,2.004,2.73023467606737e+23,9744,16814,157962.219,-0.0,-4.258,0.0,0.0,-571474624.0,50.0,60.0,35,0.0,0.0,10.0,2.0,0.0,0.0,0.0,0.0,0.0,0.0,0.0,0.0,0.0,0.0,0.0,0.0,59.2,52,13,65511,27,65476,0,300,0,0,8,20529,65476,0,0,30147,60.0,0.0,10.0,10.0,2.0,0.0
2026-02-16T12:42:47,ERR,ERR,ERR,ERR,ERR,ERR,ERR,ERR,ERR,ERR,ERR,ERR,ERR,ERR,ERR,ERR,ERR,ERR,ERR,ERR,ERR,ERR,ERR,ERR,ERR,ERR,ERR,ERR,ERR,ERR,ERR,ERR,ERR,ERR,ERR,ERR,ERR,ERR,ERR,ERR,ERR,ERR,ERR,ERR,ERR,ERR,ERR,ERR,ERR,ERR,ERR,ERR,ERR,ERR,ERR,ERR,ERR,ERR,ERR,ERR,ERR,ERR,ERR,ERR,ERR,ERR,ERR,ERR,ERR,ERR,ERR,ERR,ERR,ERR,ERR,ERR,ERR,ERR,ERR,ERR,ERR,ERR,ERR,ERR,ERR,ERR,ERR,ERR,ERR,ERR,ERR,ERR,ERR,ERR,ERR,ERR,ERR,ERR,ERR,ERR,ERR,ERR,ERR,ERR,ERR,ERR,ERR,ERR,ERR,ERR,ERR,ERR,ERR,ERR,ERR,ERR,ERR,ERR,ERR,ERR,ERR,ERR,ERR,ERR,ERR,-107615880.0,-0.0,-108138608.0,0.0,-3.2008056460949376e+29,0.0,3.235960631615417e+22,34259113984.0,4300,0,8,17170,4300,0.0,41,0.0,0.0,0.0,0.0,0.0,0,0,0,0,0.0,0,0,0,0,0,0,0,0,0,0,0,0,0,0,0,0,0,0,0,0,0,0,0,0,0,0,0,0,0,0,0,0,0,12,37,37,48,65476,412,65476,1,0,4,21553,0.0,-0.0,0.0,0.0,0.0,0.0,0.0,0.0,0.0,0.0,0.0,0.0,0.0,0.0,0.0,0.0,0.0,0.0,0.0,0.0,0.0,2.004,0.0,-2.004,2.004,-2.004,0.0,0.0,0.0,0.0,6621.0,0.0,0.0,-107615880.0,-0.0,-107616240.0,0.0,-0.0,0.0,2.004,2.004,228,-107614784.0,-2.7184280392842555e+23,0.0,0.0,0.0,0.0,0.0,0.0,0.0,0,0,0,108665720.0,-0.0,-9.319743938638063e+30,-2.2879854541456987e+26,0.0,0.002,-0.0,-0.0,-0.0,-1.2757258378469928e+32,-128140.32,4.532288978115625e+17,0.0,0.0,0.0,-0.0,0,1.3516416376850534e+27,228,0.0,456,0.0,0.0,2112,52429,17109,52429,17111,52429,17095,0,0,0,101,100,100,-0.0,65.7,2.7302341356354147e+23,66.1,0.0,66.0,1,49,50,180,52429,52429,0,0,0.0,0.0,0.0,60.0,907140982112256.0,71.0,0.0,-0.0,0.0,1069,0,1069,0,0,0,1069,0,1079,0,998,0,661,0,663,0,658,0,677,0.032,1.4609821306377965e+22,2.004,2.73023467606737e+23,9744,16814,157962.219,-0.0,-4.258,0.0,0.0,-571474624.0,50.0,60.0,35,0.0,0.0,10.0,2.0,0.0,0.0,0.0,0.0,0.0,0.0,0.0,0.0,0.0,0.0,0.0,0.0,59.2,52,13,65511,27,65476,0,300,0,0,4,20529,65476,0,0,30147,60.0,0.0,10.0,10.0,2.0,0.0
2026-02-16T12:42:48,ERR,ERR,ERR,ERR,ERR,ERR,ERR,ERR,ERR,ERR,ERR,ERR,ERR,ERR,ERR,ERR,ERR,ERR,ERR,ERR,ERR,ERR,ERR,ERR,ERR,ERR,ERR,ERR,ERR,ERR,ERR,ERR,ERR,ERR,ERR,ERR,ERR,ERR,ERR,ERR,ERR,ERR,ERR,ERR,ERR,ERR,ERR,ERR,ERR,ERR,ERR,ERR,ERR,ERR,ERR,ERR,ERR,ERR,ERR,ERR,ERR,ERR,ERR,ERR,ERR,ERR,ERR,ERR,ERR,ERR,ERR,ERR,ERR,ERR,ERR,ERR,ERR,ERR,ERR,ERR,ERR,ERR,ERR,ERR,ERR,ERR,ERR,ERR,ERR,ERR,ERR,ERR,ERR,ERR,ERR,ERR,ERR,ERR,ERR,ERR,ERR,ERR,ERR,ERR,ERR,ERR,ERR,ERR,ERR,ERR,ERR,ERR,ERR,ERR,ERR,ERR,ERR,ERR,ERR,ERR,ERR,ERR,ERR,ERR,ERR,-107615880.0,-0.0,-108138608.0,0.0,-3.2008056460949376e+29,0.0,3.235960631615417e+22,34259113984.0,4300,0,8,17170,4300,0.0,41,0.0,0.0,0.0,0.0,0.0,0,0,0,0,0.0,0,0,0,0,0,0,0,0,0,0,0,0,0,0,0,0,0,0,0,0,0,0,0,0,0,0,0,0,0,0,0,0,0,12,37,37,48,65476,412,65476,1,0,4,21553,0.0,-0.0,0.0,0.0,0.0,0.0,0.0,0.0,0.0,0.0,0.0,0.0,0.0,0.0,0.0,0.0,0.0,0.0,0.0,0.0,0.0,2.004,0.0,-2.004,2.004,-2.004,0.0,0.0,0.0,0.0,6621.0,0.0,0.0,-107615880.0,-0.0,-107616240.0,0.0,-0.0,0.0,2.004,2.004,228,-107614784.0,-2.7184280392842555e+23,0.0,0.0,0.0,0.0,0.0,0.0,0.0,0,0,0,108665720.0,-0.0,-9.319743938638063e+30,-2.2879854541456987e+26,0.0,0.002,-0.0,-0.0,-0.0,-1.2757258378469928e+32,-128140.32,4.532288978115625e+17,0.0,0.0,0.0,-0.0,0,1.3516416376850534e+27,228,0.0,456,0.0,0.0,2112,52429,17109,52429,17111,52429,17095,0,0,0,101,100,100,-0.0,65.7,2.7302341356354147e+23,66.1,0.0,66.0,1,49,50,180,52429,52429,0,0,0.0,0.0,0.0,60.0,907140982112256.0,71.0,0.0,-0.0,0.0,1069,0,1069,0,0,0,1069,0,1079,0,998,0,661,0,663,0,658,0,677,0.032,1.4609821306377965e+22,2.004,2.73023467606737e+23,9744,16814,157962.219,-0.0,-4.258,0.0,0.0,-571474624.0,50.0,60.0,35,0.0,0.0,10.0,2.0,0.0,0.0,0.0,0.0,0.0,0.0,0.0,0.0,0.0,0.0,0.0,0.0,59.2,52,13,65511,27,65476,0,300,0,0,4,20529,65476,0,0,30147,60.0,0.0,10.0,10.0,2.0,0.0
2026-02-16T12:42:49,ERR,ERR,ERR,ERR,ERR,ERR,ERR,ERR,ERR,ERR,ERR,ERR,ERR,ERR,ERR,ERR,ERR,ERR,ERR,ERR,ERR,ERR,ERR,ERR,ERR,ERR,ERR,ERR,ERR,ERR,ERR,ERR,ERR,ERR,ERR,ERR,ERR,ERR,ERR,ERR,ERR,ERR,ERR,ERR,ERR,ERR,ERR,ERR,ERR,ERR,ERR,ERR,ERR,ERR,ERR,ERR,ERR,ERR,ERR,ERR,ERR,ERR,ERR,ERR,ERR,ERR,ERR,ERR,ERR,ERR,ERR,ERR,ERR,ERR,ERR,ERR,ERR,ERR,ERR,ERR,ERR,ERR,ERR,ERR,ERR,ERR,ERR,ERR,ERR,ERR,ERR,ERR,ERR,ERR,ERR,ERR,ERR,ERR,ERR,ERR,ERR,ERR,ERR,ERR,ERR,ERR,ERR,ERR,ERR,ERR,ERR,ERR,ERR,ERR,ERR,ERR,ERR,ERR,ERR,ERR,ERR,ERR,ERR,ERR,ERR,-107615880.0,-0.0,-108138608.0,0.0,-3.2008056460949376e+29,0.0,3.235960631615417e+22,34259113984.0,4300,0,8,17170,4300,0.0,41,0.0,0.0,0.0,0.0,0.0,0,0,0,0,0.0,0,0,0,0,0,0,0,0,0,0,0,0,0,0,0,0,0,0,0,0,0,0,0,0,0,0,0,0,0,0,0,0,0,12,37,37,48,65476,412,65476,1,0,4,21553,0.0,-0.0,0.0,0.0,0.0,0.0,0.0,0.0,0.0,0.0,0.0,0.0,0.0,0.0,0.0,0.0,0.0,0.0,0.0,0.0,0.0,2.004,0.0,-2.004,2.004,-2.004,0.0,0.0,0.0,0.0,6621.0,0.0,0.0,-107615880.0,-0.0,-107616240.0,0.0,-0.0,0.0,2.004,2.004,228,-107614784.0,-2.7184280392842555e+23,0.0,0.0,0.0,0.0,0.0,0.0,0.0,0,0,0,108665720.0,-0.0,-9.319743938638063e+30,-2.2879854541456987e+26,0.0,0.002,-0.0,-0.0,-0.0,-1.2757258378469928e+32,-128140.32,4.532288978115625e+17,0.0,0.0,0.0,-0.0,0,1.3516416376850534e+27,228,0.0,456,0.0,0.0,2112,52429,17109,52429,17111,52429,17095,0,0,0,101,100,100,-0.0,65.7,2.7302341356354147e+23,66.1,0.0,66.0,1,49,50,180,52429,52429,0,0,0.0,0.0,0.0,60.0,907140982112256.0,71.0,0.0,-0.0,0.0,1069,0,1069,0,0,0,1069,0,1079,0,998,0,661,0,663,0,658,0,677,0.032,1.4609821306377965e+22,2.004,2.73023467606737e+23,9744,16814,157962.219,-0.0,-4.258,0.0,0.0,-571474624.0,50.0,60.0,35,0.0,0.0,10.0,2.0,0.0,0.0,0.0,0.0,0.0,0.0,0.0,0.0,0.0,0.0,0.0,0.0,58.8,52,13,65511,27,65476,0,300,0,0,8,20529,65476,0,0,30147,60.0,0.0,10.0,10.0,2.0,0.0
2026-02-16T12:42:50,ERR,ERR,ERR,ERR,ERR,ERR,ERR,ERR,ERR,ERR,ERR,ERR,ERR,ERR,ERR,ERR,ERR,ERR,ERR,ERR,ERR,ERR,ERR,ERR,ERR,ERR,ERR,ERR,ERR,ERR,ERR,ERR,ERR,ERR,ERR,ERR,ERR,ERR,ERR,ERR,ERR,ERR,ERR,ERR,ERR,ERR,ERR,ERR,ERR,ERR,ERR,ERR,ERR,ERR,ERR,ERR,ERR,ERR,ERR,ERR,ERR,ERR,ERR,ERR,ERR,ERR,ERR,ERR,ERR,ERR,ERR,ERR,ERR,ERR,ERR,ERR,ERR,ERR,ERR,ERR,ERR,ERR,ERR,ERR,ERR,ERR,ERR,ERR,ERR,ERR,ERR,ERR,ERR,ERR,ERR,ERR,ERR,ERR,ERR,ERR,ERR,ERR,ERR,ERR,ERR,ERR,ERR,ERR,ERR,ERR,ERR,ERR,ERR,ERR,ERR,ERR,ERR,ERR,ERR,ERR,ERR,ERR,ERR,ERR,ERR,-107615880.0,-0.0,-108138608.0,0.0,-3.2008056460949376e+29,nan,0.0,-1.3615543645479427e+26,4300,0,8,17169,4300,0.0,41,0.0,0.0,0.0,0.0,0.0,0,0,0,0,0.0,0,0,0,0,0,0,0,0,0,0,0,0,0,0,0,0,0,0,0,0,0,0,0,0,0,0,0,0,0,0,0,0,0,12,37,37,48,65476,412,65476,1,0,4,21553,0.0,0.0,0.0,0.0,0.0,0.0,0.0,0.0,0.0,0.0,0.0,0.0,0.0,0.0,0.0,0.0,0.0,0.0,0.0,0.0,0.0,2.004,0.0,-2.004,2.004,-2.004,0.0,0.0,0.0,0.0,6592.0,0.0,0.0,0.0,-0.0,-107616240.0,0.0,0.0,0.0,2.004,2.004,226,-3.222002767243768e+26,-1.9056960588899942e+17,0.0,0.0,0.0,0.0,0.0,0.0,0.0,0,0,0,0.0,-3.082,-59171156262912.0,1.1264399869541876e+21,-7.095989026763235e+23,123618607104.0,-1009.095,0.0,0.0,-1.3581231268618278e+32,-138520.641,4.84754095203156e+17,0.0,0.0,0.0,-0.0,0,1.3516416376850534e+27,226,0.0,452,-621855232.0,5.614281105436677e+35,2112,52429,17109,52429,17111,52429,17095,0,0,0,101,100,100,-0.0,65.8,-0.0,66.1,0.0,66.0,1,49,50,180,52429,52429,0,0,0.0,0.0,0.0,60.0,23627036.0,71.0,0.0,-6.818639501594722e+18,0.0,1069,0,1069,0,0,0,1069,0,1079,0,999,0,661,0,663,0,658,0,678,0.032,1.4609821306377965e+22,-0.0,-0.0,64912,16813,1.557,35082018488320.0,-0.0,-0.0,-4990964858880.0,-0.0,50.0,60.0,35,0.0,0.0,10.0,2.0,0.0,0.0,0.0,0.0,0.0,0.0,0.0,0.0,0.0,0.0,0.0,0.0,59.2,52,13,65511,27,65476,0,300,0,0,8,20529,65476,0,0,30147,60.0,0.0,10.0,10.0,2.0,0.0
2026-02-16T12:42:51,ERR,ERR,ERR,ERR,ERR,ERR,ERR,ERR,ERR,ERR,ERR,ERR,ERR,ERR,ERR,ERR,ERR,ERR,ERR,ERR,ERR,ERR,ERR,ERR,ERR,ERR,ERR,ERR,ERR,ERR,ERR,ERR,ERR,ERR,ERR,ERR,ERR,ERR,ERR,ERR,ERR,ERR,ERR,ERR,ERR,ERR,ERR,ERR,ERR,ERR,ERR,ERR,ERR,ERR,ERR,ERR,ERR,ERR,ERR,ERR,ERR,ERR,ERR,ERR,ERR,ERR,ERR,ERR,ERR,ERR,ERR,ERR,ERR,ERR,ERR,ERR,ERR,ERR,ERR,ERR,ERR,ERR,ERR,ERR,ERR,ERR,ERR,ERR,ERR,ERR,ERR,ERR,ERR,ERR,ERR,ERR,ERR,ERR,ERR,ERR,ERR,ERR,ERR,ERR,ERR,ERR,ERR,ERR,ERR,ERR,ERR,ERR,ERR,ERR,ERR,ERR,ERR,ERR,ERR,ERR,ERR,ERR,ERR,ERR,ERR,-107615880.0,-0.0,-108138608.0,0.0,-3.2008056460949376e+29,nan,0.0,-1.3615543645479427e+26,4300,0,8,17169,4300,0.0,41,0.0,0.0,0.0,0.0,0.0,0,0,0,0,0.0,0,0,0,0,0,0,0,0,0,0,0,0,0,0,0,0,0,0,0,0,0,0,0,0,0,0,0,0,0,0,0,0,0,12,37,37,48,65476,412,65476,1,0,4,21553,0.0,0.0,0.0,0.0,0.0,0.0,0.0,0.0,0.0,0.0,0.0,0.0,0.0,0.0,0.0,0.0,0.0,0.0,0.0,0.0,0.0,2.004,0.0,-2.004,2.004,-2.004,0.0,0.0,0.0,0.0,6592.0,0.0,0.0,0.0,-0.0,-107616240.0,0.0,0.0,0.0,2.004,2.004,226,-3.222002767243768e+26,-1.9056960588899942e+17,0.0,0.0,0.0,0.0,0.0,0.0,0.0,0,0,0,0.0,-3.082,-59171156262912.0,1.1264399869541876e+21,-7.095989026763235e+23,123618607104.0,-1009.095,0.0,0.0,-1.3581231268618278e+32,-138520.641,4.84754095203156e+17,0.0,0.0,0.0,-0.0,0,1.3516416376850534e+27,226,0.0,452,-621855232.0,5.614281105436677e+35,2112,52429,17109,52429,17111,52429,17095,0,0,0,101,100,100,-0.0,65.8,-0.0,66.1,0.0,66.0,1,49,50,180,52429,52429,0,0,0.0,0.0,0.0,60.0,23627036.0,71.0,0.0,-6.818639501594722e+18,0.0,1069,0,1069,0,0,0,1069,0,1079,0,999,0,661,0,663,0,658,0,678,0.032,1.4609821306377965e+22,-0.0,-0.0,64912,16813,1.557,35082018488320.0,-0.0,-0.0,-4990964858880.0,-0.0,50.0,60.0,35,0.0,0.0,10.0,2.0,0.0,0.0,0.0,0.0,0.0,0.0,0.0,0.0,0.0,0.0,0.0,0.0,59.2,52,13,65511,27,65476,0,300,0,0,8,20529,65476,0,0,30147,60.0,0.0,10.0,10.0,2.0,0.0
2026-02-16T12:42:52,ERR,ERR,ERR,ERR,ERR,ERR,ERR,ERR,ERR,ERR,ERR,ERR,ERR,ERR,ERR,ERR,ERR,ERR,ERR,ERR,ERR,ERR,ERR,ERR,ERR,ERR,ERR,ERR,ERR,ERR,ERR,ERR,ERR,ERR,ERR,ERR,ERR,ERR,ERR,ERR,ERR,ERR,ERR,ERR,ERR,ERR,ERR,ERR,ERR,ERR,ERR,ERR,ERR,ERR,ERR,ERR,ERR,ERR,ERR,ERR,ERR,ERR,ERR,ERR,ERR,ERR,ERR,ERR,ERR,ERR,ERR,ERR,ERR,ERR,ERR,ERR,ERR,ERR,ERR,ERR,ERR,ERR,ERR,ERR,ERR,ERR,ERR,ERR,ERR,ERR,ERR,ERR,ERR,ERR,ERR,ERR,ERR,ERR,ERR,ERR,ERR,ERR,ERR,ERR,ERR,ERR,ERR,ERR,ERR,ERR,ERR,ERR,ERR,ERR,ERR,ERR,ERR,ERR,ERR,ERR,ERR,ERR,ERR,ERR,ERR,-107615880.0,-0.0,-108138608.0,0.0,-3.2008056460949376e+29,nan,0.0,-1.3615543645479427e+26,4300,0,8,17169,4300,0.0,41,0.0,0.0,0.0,0.0,0.0,0,0,0,0,0.0,0,0,0,0,0,0,0,0,0,0,0,0,0,0,0,0,0,0,0,0,0,0,0,0,0,0,0,0,0,0,0,0,0,12,37,37,48,65476,412,65476,1,0,4,21553,0.0,0.0,0.0,0.0,0.0,0.0,0.0,0.0,0.0,0.0,0.0,0.0,0.0,0.0,0.0,0.0,0.0,0.0,0.0,0.0,0.0,2.004,0.0,-2.004,2.004,-2.004,0.0,0.0,0.0,0.0,6592.0,0.0,0.0,0.0,-0.0,-107616240.0,0.0,0.0,0.0,2.004,2.004,226,-3.222002767243768e+26,-1.9056960588899942e+17,0.0,0.0,0.0,0.0,0.0,0.0,0.0,0,0,0,0.0,-3.082,-59171156262912.0,1.1264399869541876e+21,-7.095989026763235e+23,123618607104.0,-1009.095,0.0,0.0,-1.3581231268618278e+32,-138520.641,4.84754095203156e+17,0.0,0.0,0.0,-0.0,0,1.3516416376850534e+27,226,0.0,452,-621855232.0,5.614281105436677e+35,2112,52429,17109,52429,17111,52429,17095,0,0,0,101,100,100,-0.0,65.8,-0.0,66.1,0.0,66.0,1,49,50,180,52429,52429,0,0,0.0,0.0,0.0,60.0,23627036.0,71.0,0.0,-6.818639501594722e+18,0.0,1069,0,1069,0,0,0,1069,0,1079,0,999,0,661,0,663,0,658,0,678,0.032,1.4609821306377965e+22,-0.0,-0.0,64912,16813,1.557,35082018488320.0,-0.0,-0.0,-4990964858880.0,-0.0,50.0,60.0,35,0.0,0.0,10.0,2.0,0.0,0.0,0.0,0.0,0.0,0.0,0.0,0.0,0.0,0.0,0.0,0.0,58.8,52,13,65511,27,65476,0,300,0,0,8,20529,65476,0,0,30147,60.0,0.0,10.0,10.0,2.0,0.0
2026-02-16T12:42:53,ERR,ERR,ERR,ERR,ERR,ERR,ERR,ERR,ERR,ERR,ERR,ERR,ERR,ERR,ERR,ERR,ERR,ERR,ERR,ERR,ERR,ERR,ERR,ERR,ERR,ERR,ERR,ERR,ERR,ERR,ERR,ERR,ERR,ERR,ERR,ERR,ERR,ERR,ERR,ERR,ERR,ERR,ERR,ERR,ERR,ERR,ERR,ERR,ERR,ERR,ERR,ERR,ERR,ERR,ERR,ERR,ERR,ERR,ERR,ERR,ERR,ERR,ERR,ERR,ERR,ERR,ERR,ERR,ERR,ERR,ERR,ERR,ERR,ERR,ERR,ERR,ERR,ERR,ERR,ERR,ERR,ERR,ERR,ERR,ERR,ERR,ERR,ERR,ERR,ERR,ERR,ERR,ERR,ERR,ERR,ERR,ERR,ERR,ERR,ERR,ERR,ERR,ERR,ERR,ERR,ERR,ERR,ERR,ERR,ERR,ERR,ERR,ERR,ERR,ERR,ERR,ERR,ERR,ERR,ERR,ERR,ERR,ERR,ERR,ERR,-107615880.0,-0.0,-108138608.0,0.0,-3.2008056460949376e+29,nan,0.0,-1.3615543645479427e+26,4300,0,8,17169,4300,0.0,41,0.0,0.0,0.0,0.0,0.0,0,0,0,0,0.0,0,0,0,0,0,0,0,0,0,0,0,0,0,0,0,0,0,0,0,0,0,0,0,0,0,0,0,0,0,0,0,0,0,12,37,37,48,65476,412,65476,1,0,4,21553,0.0,0.0,0.0,0.0,0.0,0.0,0.0,0.0,0.0,0.0,0.0,0.0,0.0,0.0,0.0,0.0,0.0,0.0,0.0,0.0,0.0,2.004,0.0,-2.004,2.004,-2.004,0.0,0.0,0.0,0.0,6592.0,0.0,0.0,0.0,-0.0,-107616240.0,0.0,0.0,0.0,2.004,2.004,226,-3.222002767243768e+26,-1.9056960588899942e+17,0.0,0.0,0.0,0.0,0.0,0.0,0.0,0,0,0,0.0,-3.082,-59171156262912.0,1.1264399869541876e+21,-7.095989026763235e+23,123618607104.0,-1009.095,0.0,0.0,-1.3581231268618278e+32,-138520.641,4.84754095203156e+17,0.0,0.0,0.0,-0.0,0,1.3516416376850534e+27,226,0.0,452,-621855232.0,5.614281105436677e+35,2112,52429,17109,52429,17111,39322,17095,0,0,0,101,100,100,-0.0,65.8,-0.0,66.1,0.0,66.0,1,49,50,180,52429,52429,0,0,0.0,0.0,0.0,60.0,39104125337600.0,71.0,0.0,-488744528379904.0,0.0,1069,0,1069,0,0,0,1069,0,1079,0,998,0,661,0,663,0,658,0,679,0.032,1.4683608282672803e+22,-0.0,-0.0,13200,16814,5.242752332097126e+16,-488744528379904.0,0.0,-2.3885151203837513e+37,-0.0,0.0,50.0,60.0,35,0.0,0.0,10.0,2.0,0.0,0.0,0.0,0.0,0.0,0.0,0.0,0.0,0.0,0.0,0.0,0.0,58.8,52,13,65511,27,65476,0,300,0,0,8,20529,65476,0,0,30147,60.0,0.0,10.0,10.0,2.0,0.0
2026-02-16T12:42:54,ERR,ERR,ERR,ERR,ERR,ERR,ERR,ERR,ERR,ERR,ERR,ERR,ERR,ERR,ERR,ERR,ERR,ERR,ERR,ERR,ERR,ERR,ERR,ERR,ERR,ERR,ERR,ERR,ERR,ERR,ERR,ERR,ERR,ERR,ERR,ERR,ERR,ERR,ERR,ERR,ERR,ERR,ERR,ERR,ERR,ERR,ERR,ERR,ERR,ERR,ERR,ERR,ERR,ERR,ERR,ERR,ERR,ERR,ERR,ERR,ERR,ERR,ERR,ERR,ERR,ERR,ERR,ERR,ERR,ERR,ERR,ERR,ERR,ERR,ERR,ERR,ERR,ERR,ERR,ERR,ERR,ERR,ERR,ERR,ERR,ERR,ERR,ERR,ERR,ERR,ERR,ERR,ERR,ERR,ERR,ERR,ERR,ERR,ERR,ERR,ERR,ERR,ERR,ERR,ERR,ERR,ERR,ERR,ERR,ERR,ERR,ERR,ERR,ERR,ERR,ERR,ERR,ERR,ERR,ERR,ERR,ERR,ERR,ERR,ERR,-107615880.0,-0.0,-108138608.0,0.0,-3.2008056460949376e+29,nan,0.0,-1.3615543645479427e+26,4300,0,8,17169,4300,0.0,41,0.0,0.0,0.0,0.0,0.0,0,0,0,0,0.0,0,0,0,0,0,0,0,0,0,0,0,0,0,0,0,0,0,0,0,0,0,0,0,0,0,0,0,0,0,0,0,0,0,12,37,37,48,65476,412,65476,1,0,4,21553,0.0,0.0,0.0,0.0,0.0,0.0,0.0,0.0,0.0,0.0,0.0,0.0,0.0,0.0,0.0,0.0,0.0,0.0,0.0,0.0,0.0,2.004,0.0,-2.004,2.004,-2.004,0.0,0.0,0.0,0.0,6592.0,0.0,0.0,0.0,-0.0,-107616240.0,0.0,0.0,0.0,2.004,2.004,226,-3.222002767243768e+26,-1.9056960588899942e+17,0.0,0.0,0.0,0.0,0.0,0.0,0.0,0,0,0,0.0,-3.082,-59171156262912.0,1.1264399869541876e+21,-7.095989026763235e+23,123618607104.0,-1009.095,0.0,0.0,-1.3581231268618278e+32,-138520.641,4.84754095203156e+17,0.0,0.0,0.0,-0.0,0,1.3516416376850534e+27,226,0.0,452,-621855232.0,5.614281105436677e+35,2112,52429,17109,52429,17111,39322,17095,0,0,0,101,100,100,-0.0,65.8,-0.0,66.1,0.0,66.0,1,49,50,180,52429,52429,0,0,0.0,0.0,0.0,60.0,39104125337600.0,71.0,0.0,-488744528379904.0,0.0,1069,0,1069,0,0,0,1069,0,1079,0,998,0,661,0,663,0,658,0,679,0.032,1.4683608282672803e+22,-0.0,-0.0,13200,16814,5.242752332097126e+16,-488744528379904.0,0.0,-2.3885151203837513e+37,-0.0,0.0,50.0,60.0,35,0.0,0.0,10.0,2.0,0.0,0.0,0.0,0.0,0.0,0.0,0.0,0.0,0.0,0.0,0.0,0.0,59.2,52,13,65511,27,65476,0,65476,0,0,2,20529,65476,0,0,30147,60.0,0.0,10.0,10.0,2.0,0.0
2026-02-16T12:42:55,ERR,ERR,ERR,ERR,ERR,ERR,ERR,ERR,ERR,ERR,ERR,ERR,ERR,ERR,ERR,ERR,ERR,ERR,ERR,ERR,ERR,ERR,ERR,ERR,ERR,ERR,ERR,ERR,ERR,ERR,ERR,ERR,ERR,ERR,ERR,ERR,ERR,ERR,ERR,ERR,ERR,ERR,ERR,ERR,ERR,ERR,ERR,ERR,ERR,ERR,ERR,ERR,ERR,ERR,ERR,ERR,ERR,ERR,ERR,ERR,ERR,ERR,ERR,ERR,ERR,ERR,ERR,ERR,ERR,ERR,ERR,ERR,ERR,ERR,ERR,ERR,ERR,ERR,ERR,ERR,ERR,ERR,ERR,ERR,ERR,ERR,ERR,ERR,ERR,ERR,ERR,ERR,ERR,ERR,ERR,ERR,ERR,ERR,ERR,ERR,ERR,ERR,ERR,ERR,ERR,ERR,ERR,ERR,ERR,ERR,ERR,ERR,ERR,ERR,ERR,ERR,ERR,ERR,ERR,ERR,ERR,ERR,ERR,ERR,ERR,0.0,-0.0,2.7420187948523476e+23,0.0,-0.0,0.162,-0.0,-33.813,4300,0,8,17170,4300,0.0,41,0.0,0.0,0.0,0.0,0.0,0,0,0,0,0.0,0,0,0,0,0,0,0,0,0,0,0,0,0,0,0,0,0,0,0,0,0,0,0,0,0,0,0,0,0,0,0,0,0,11,37,37,48,65476,412,65476,1,0,4,21553,0.0,0.0,0.0,0.0,0.0,0.0,0.0,0.0,0.0,0.0,0.0,0.0,0.0,0.0,0.0,0.0,0.0,0.0,0.0,0.0,0.0,2.004,0.0,-2.004,2.004,-3.697076622266571e+19,0.0,0.0,0.0,0.0,6623.0,0.0,0.0,0.0,-0.0,-107616240.0,0.0,0.0,0.0,2.004,2.004,227,-3.222002767243768e+26,-4.066875947584353e+29,0.0,0.0,0.0,0.0,0.0,0.0,0.0,0,0,0,0.0,-66591211388928.0,-22163874643968.0,-3844.124,-2.580804204163498e+18,0.0,0.0,-4.844900380668782e+36,21411.133,-1.4341821628755215e+32,-151832.641,5.140274927810642e+17,0.0,0.0,0.0,-0.0,0,1.3516416376850534e+27,227,0.0,454,2.40156025918058e+36,-0.235,2112,52429,17109,52429,17111,39322,17095,0,0,0,101,100,100,-0.0,65.8,-0.0,66.1,0.0,66.0,1,49,50,180,52429,52429,0,0,0.0,0.0,0.0,60.0,39104125337600.0,71.0,0.0,-488744528379904.0,0.0,1069,0,1069,0,0,0,1069,0,1079,0,998,0,661,0,663,0,658,0,679,0.032,1.4683608282672803e+22,-0.0,-0.0,13200,16814,5.242752332097126e+16,-488744528379904.0,0.0,-2.3885151203837513e+37,-0.0,0.0,50.0,60.0,35,0.0,0.0,10.0,2.0,0.0,0.0,0.0,0.0,0.0,0.0,0.0,0.0,0.0,0.0,0.0,0.0,59.2,52,13,65511,27,65476,0,65476,0,0,2,20529,65476,0,0,30147,60.0,0.0,10.0,10.0,2.0,0.0
2026-02-16T12:42:56,ERR,ERR,ERR,ERR,ERR,ERR,ERR,ERR,ERR,ERR,ERR,ERR,ERR,ERR,ERR,ERR,ERR,ERR,ERR,ERR,ERR,ERR,ERR,ERR,ERR,ERR,ERR,ERR,ERR,ERR,ERR,ERR,ERR,ERR,ERR,ERR,ERR,ERR,ERR,ERR,ERR,ERR,ERR,ERR,ERR,ERR,ERR,ERR,ERR,ERR,ERR,ERR,ERR,ERR,ERR,ERR,ERR,ERR,ERR,ERR,ERR,ERR,ERR,ERR,ERR,ERR,ERR,ERR,ERR,ERR,ERR,ERR,ERR,ERR,ERR,ERR,ERR,ERR,ERR,ERR,ERR,ERR,ERR,ERR,ERR,ERR,ERR,ERR,ERR,ERR,ERR,ERR,ERR,ERR,ERR,ERR,ERR,ERR,ERR,ERR,ERR,ERR,ERR,ERR,ERR,ERR,ERR,ERR,ERR,ERR,ERR,ERR,ERR,ERR,ERR,ERR,ERR,ERR,ERR,ERR,ERR,ERR,ERR,ERR,ERR,0.0,-0.0,2.7420187948523476e+23,0.0,-0.0,0.162,-0.0,-33.813,4300,0,8,17170,4300,0.0,41,0.0,0.0,0.0,0.0,0.0,0,0,0,0,0.0,0,0,0,0,0,0,0,0,0,0,0,0,0,0,0,0,0,0,0,0,0,0,0,0,0,0,0,0,0,0,0,0,0,11,37,37,48,65476,412,65476,1,0,4,21553,0.0,0.0,0.0,0.0,0.0,0.0,0.0,0.0,0.0,0.0,0.0,0.0,0.0,0.0,0.0,0.0,0.0,0.0,0.0,0.0,0.0,2.004,0.0,-2.004,2.004,-3.697076622266571e+19,0.0,0.0,0.0,0.0,6623.0,0.0,0.0,0.0,-0.0,-107616240.0,0.0,0.0,0.0,2.004,2.004,227,-3.222002767243768e+26,-4.066875947584353e+29,0.0,0.0,0.0,0.0,0.0,0.0,0.0,0,0,0,0.0,-66591211388928.0,-22163874643968.0,-3844.124,-2.580804204163498e+18,0.0,0.0,-4.844900380668782e+36,21411.133,-1.4341821628755215e+32,-151832.641,5.140274927810642e+17,0.0,0.0,0.0,-0.0,0,1.3516416376850534e+27,227,0.0,454,2.40156025918058e+36,-0.235,2112,52429,17109,52429,17111,39322,17095,0,0,0,101,100,100,-0.0,65.8,-0.0,66.1,0.0,66.0,1,49,50,180,52429,52429,0,0,0.0,0.0,0.0,60.0,39104125337600.0,71.0,0.0,-488744528379904.0,0.0,1069,0,1069,0,0,0,1069,0,1079,0,998,0,661,0,663,0,658,0,679,0.032,1.4683608282672803e+22,-0.0,-0.0,13200,16814,5.242752332097126e+16,-488744528379904.0,0.0,-2.3885151203837513e+37,-0.0,0.0,50.0,60.0,35,0.0,0.0,10.0,2.0,0.0,0.0,0.0,0.0,0.0,0.0,0.0,0.0,0.0,0.0,0.0,0.0,58.8,52,13,65511,27,65476,0,65476,1,0,4,20529,65476,0,0,30147,60.0,0.0,10.0,10.0,2.0,0.0
2026-02-16T12:42:57,ERR,ERR,ERR,ERR,ERR,ERR,ERR,ERR,ERR,ERR,ERR,ERR,ERR,ERR,ERR,ERR,ERR,ERR,ERR,ERR,ERR,ERR,ERR,ERR,ERR,ERR,ERR,ERR,ERR,ERR,ERR,ERR,ERR,ERR,ERR,ERR,ERR,ERR,ERR,ERR,ERR,ERR,ERR,ERR,ERR,ERR,ERR,ERR,ERR,ERR,ERR,ERR,ERR,ERR,ERR,ERR,ERR,ERR,ERR,ERR,ERR,ERR,ERR,ERR,ERR,ERR,ERR,ERR,ERR,ERR,ERR,ERR,ERR,ERR,ERR,ERR,ERR,ERR,ERR,ERR,ERR,ERR,ERR,ERR,ERR,ERR,ERR,ERR,ERR,ERR,ERR,ERR,ERR,ERR,ERR,ERR,ERR,ERR,ERR,ERR,ERR,ERR,ERR,ERR,ERR,ERR,ERR,ERR,ERR,ERR,ERR,ERR,ERR,ERR,ERR,ERR,ERR,ERR,ERR,ERR,ERR,ERR,ERR,ERR,ERR,0.0,-0.0,2.7420187948523476e+23,0.0,-0.0,0.162,-0.0,-33.813,4300,0,8,17170,4300,0.0,41,0.0,0.0,0.0,0.0,0.0,0,0,0,0,0.0,0,0,0,0,0,0,0,0,0,0,0,0,0,0,0,0,0,0,0,0,0,0,0,0,0,0,0,0,0,0,0,0,0,11,37,37,48,65476,412,65476,1,0,4,21553,0.0,0.0,0.0,0.0,0.0,0.0,0.0,0.0,0.0,0.0,0.0,0.0,0.0,0.0,0.0,0.0,0.0,0.0,0.0,0.0,0.0,2.004,0.0,-2.004,2.004,-3.697076622266571e+19,0.0,0.0,0.0,0.0,6623.0,0.0,0.0,0.0,-0.0,-107616240.0,0.0,0.0,0.0,2.004,2.004,227,-3.222002767243768e+26,-4.066875947584353e+29,0.0,0.0,0.0,0.0,0.0,0.0,0.0,0,0,0,0.0,-66591211388928.0,-22163874643968.0,-3844.124,-2.580804204163498e+18,0.0,0.0,-4.844900380668782e+36,21411.133,-1.4341821628755215e+32,-151832.641,5.140274927810642e+17,0.0,0.0,0.0,-0.0,0,1.3516416376850534e+27,227,0.0,454,2.40156025918058e+36,-0.235,2112,52429,17109,52429,17111,39322,17095,0,0,0,101,100,100,-0.0,65.8,-0.0,66.1,0.0,66.0,1,49,50,180,52429,52429,0,0,0.0,0.0,0.0,60.0,2.9545483450115738e+23,71.0,0.0,-0.0,0.0,1069,0,1069,0,0,0,1069,0,1080,0,998,0,661,0,663,0,658,0,679,0.032,1.4609821306377965e+22,-2.004,-107615288.0,16784,16814,2.9545483450115738e+23,-0.0,0.0,-6.883521486832457e+32,-0.0,0.0,50.0,60.0,35,0.0,0.0,10.0,2.0,0.0,0.0,0.0,0.0,0.0,0.0,0.0,0.0,0.0,0.0,0.0,0.0,58.8,52,13,65511,27,65476,0,65476,1,0,4,20529,65476,0,0,30147,60.0,0.0,10.0,10.0,2.0,0.0
2026-02-16T12:42:58,ERR,ERR,ERR,ERR,ERR,ERR,ERR,ERR,ERR,ERR,ERR,ERR,ERR,ERR,ERR,ERR,ERR,ERR,ERR,ERR,ERR,ERR,ERR,ERR,ERR,ERR,ERR,ERR,ERR,ERR,ERR,ERR,ERR,ERR,ERR,ERR,ERR,ERR,ERR,ERR,ERR,ERR,ERR,ERR,ERR,ERR,ERR,ERR,ERR,ERR,ERR,ERR,ERR,ERR,ERR,ERR,ERR,ERR,ERR,ERR,ERR,ERR,ERR,ERR,ERR,ERR,ERR,ERR,ERR,ERR,ERR,ERR,ERR,ERR,ERR,ERR,ERR,ERR,ERR,ERR,ERR,ERR,ERR,ERR,ERR,ERR,ERR,ERR,ERR,ERR,ERR,ERR,ERR,ERR,ERR,ERR,ERR,ERR,ERR,ERR,ERR,ERR,ERR,ERR,ERR,ERR,ERR,ERR,ERR,ERR,ERR,ERR,ERR,ERR,ERR,ERR,ERR,ERR,ERR,ERR,ERR,ERR,ERR,ERR,ERR,0.0,-0.0,2.7420187948523476e+23,0.0,-0.0,0.162,-0.0,-33.813,4300,0,8,17170,4300,0.0,41,0.0,0.0,0.0,0.0,0.0,0,0,0,0,0.0,0,0,0,0,0,0,0,0,0,0,0,0,0,0,0,0,0,0,0,0,0,0,0,0,0,0,0,0,0,0,0,0,0,11,37,37,48,65476,412,65476,1,0,4,21553,0.0,0.0,0.0,0.0,0.0,0.0,0.0,0.0,0.0,0.0,0.0,0.0,0.0,0.0,0.0,0.0,0.0,0.0,0.0,0.0,0.0,2.004,0.0,-2.004,2.004,-3.697076622266571e+19,0.0,0.0,0.0,0.0,6623.0,0.0,0.0,0.0,-0.0,-107616240.0,0.0,0.0,0.0,2.004,2.004,227,-3.222002767243768e+26,-4.066875947584353e+29,0.0,0.0,0.0,0.0,0.0,0.0,0.0,0,0,0,0.0,-66591211388928.0,-22163874643968.0,-3844.124,-2.580804204163498e+18,0.0,0.0,-4.844900380668782e+36,21411.133,-1.4341821628755215e+32,-151832.641,5.140274927810642e+17,0.0,0.0,0.0,-0.0,0,1.3516416376850534e+27,227,0.0,454,2.40156025918058e+36,-0.235,2112,52429,17109,52429,17111,39322,17095,0,0,0,101,100,100,-0.0,65.8,-0.0,66.1,0.0,66.0,1,49,50,180,52429,52429,0,0,0.0,0.0,0.0,60.0,2.9545483450115738e+23,71.0,0.0,-0.0,0.0,1069,0,1069,0,0,0,1069,0,1080,0,998,0,661,0,663,0,658,0,679,0.032,1.4609821306377965e+22,-2.004,-107615288.0,16784,16814,2.9545483450115738e+23,-0.0,0.0,-6.883521486832457e+32,-0.0,0.0,50.0,60.0,35,0.0,0.0,10.0,2.0,0.0,0.0,0.0,0.0,0.0,0.0,0.0,0.0,0.0,0.0,0.0,0.0,58.8,52,13,65511,27,65476,0,65476,1,0,4,20529,65476,0,0,30147,60.0,0.0,10.0,10.0,2.0,0.0
2026-02-16T12:42:59,ERR,ERR,ERR,ERR,ERR,ERR,ERR,ERR,ERR,ERR,ERR,ERR,ERR,ERR,ERR,ERR,ERR,ERR,ERR,ERR,ERR,ERR,ERR,ERR,ERR,ERR,ERR,ERR,ERR,ERR,ERR,ERR,ERR,ERR,ERR,ERR,ERR,ERR,ERR,ERR,ERR,ERR,ERR,ERR,ERR,ERR,ERR,ERR,ERR,ERR,ERR,ERR,ERR,ERR,ERR,ERR,ERR,ERR,ERR,ERR,ERR,ERR,ERR,ERR,ERR,ERR,ERR,ERR,ERR,ERR,ERR,ERR,ERR,ERR,ERR,ERR,ERR,ERR,ERR,ERR,ERR,ERR,ERR,ERR,ERR,ERR,ERR,ERR,ERR,ERR,ERR,ERR,ERR,ERR,ERR,ERR,ERR,ERR,ERR,ERR,ERR,ERR,ERR,ERR,ERR,ERR,ERR,ERR,ERR,ERR,ERR,ERR,ERR,ERR,ERR,ERR,ERR,ERR,ERR,ERR,ERR,ERR,ERR,ERR,ERR,0.0,-0.0,2.7420187948523476e+23,0.0,-0.0,0.162,-0.0,-33.813,4300,0,8,17170,4300,0.0,41,0.0,0.0,0.0,0.0,0.0,0,0,0,0,0.0,0,0,0,0,0,0,0,0,0,0,0,0,0,0,0,0,0,0,0,0,0,0,0,0,0,0,0,0,0,0,0,0,0,11,37,37,48,65476,412,65476,1,0,4,21553,0.0,0.0,0.0,0.0,0.0,0.0,0.0,0.0,0.0,0.0,0.0,0.0,0.0,0.0,0.0,0.0,0.0,0.0,0.0,0.0,0.0,2.004,0.0,-2.004,2.004,-3.697076622266571e+19,0.0,0.0,0.0,0.0,6623.0,0.0,0.0,0.0,-0.0,-107616240.0,0.0,0.0,0.0,2.004,2.004,227,-3.222002767243768e+26,-4.066875947584353e+29,0.0,0.0,0.0,0.0,0.0,0.0,0.0,0,0,0,0.0,-66591211388928.0,-22163874643968.0,-3844.124,-2.580804204163498e+18,0.0,0.0,-4.844900380668782e+36,21411.133,-1.4341821628755215e+32,-151832.641,5.140274927810642e+17,0.0,0.0,0.0,-0.0,0,1.3516416376850534e+27,227,0.0,454,2.40156025918058e+36,-0.235,2112,52429,17109,52429,17111,39322,17095,0,0,0,101,100,100,-0.0,65.8,-0.0,66.1,0.0,66.0,1,49,50,180,52429,52429,0,0,0.0,0.0,0.0,60.0,2.9545483450115738e+23,71.0,0.0,-0.0,0.0,1069,0,1069,0,0,0,1069,0,1080,0,998,0,661,0,663,0,658,0,679,0.032,1.4609821306377965e+22,-2.004,-107615288.0,16784,16814,2.9545483450115738e+23,-0.0,0.0,-6.883521486832457e+32,-0.0,0.0,50.0,60.0,35,0.0,0.0,10.0,2.0,0.0,0.0,0.0,0.0,0.0,0.0,0.0,0.0,0.0,0.0,0.0,0.0,58.8,52,13,65511,27,65476,78,65476,1,0,4,20529,65476,0,0,30147,60.0,0.0,10.0,10.0,2.0,0.0
2026-02-16T12:43:00,ERR,ERR,ERR,ERR,ERR,ERR,ERR,ERR,ERR,ERR,ERR,ERR,ERR,ERR,ERR,ERR,ERR,ERR,ERR,ERR,ERR,ERR,ERR,ERR,ERR,ERR,ERR,ERR,ERR,ERR,ERR,ERR,ERR,ERR,ERR,ERR,ERR,ERR,ERR,ERR,ERR,ERR,ERR,ERR,ERR,ERR,ERR,ERR,ERR,ERR,ERR,ERR,ERR,ERR,ERR,ERR,ERR,ERR,ERR,ERR,ERR,ERR,ERR,ERR,ERR,ERR,ERR,ERR,ERR,ERR,ERR,ERR,ERR,ERR,ERR,ERR,ERR,ERR,ERR,ERR,ERR,ERR,ERR,ERR,ERR,ERR,ERR,ERR,ERR,ERR,ERR,ERR,ERR,ERR,ERR,ERR,ERR,ERR,ERR,ERR,ERR,ERR,ERR,ERR,ERR,ERR,ERR,ERR,ERR,ERR,ERR,ERR,ERR,ERR,ERR,ERR,ERR,ERR,ERR,ERR,ERR,ERR,ERR,ERR,ERR,-107615880.0,-0.0,-108138608.0,0.0,-3.2008056460949376e+29,-0.0,261988592648192.0,-21.781,4300,0,8,17170,4300,0.0,41,0.0,0.0,0.0,0.0,0.0,0,0,0,0,0.0,0,0,0,0,0,0,0,0,0,0,0,0,0,0,0,0,0,0,0,0,0,0,0,0,0,0,0,0,0,0,0,0,0,11,37,37,48,65476,413,65476,1,0,4,21553,0.0,0.0,0.0,0.0,0.0,0.0,0.0,0.0,0.0,0.0,0.0,0.0,0.0,0.0,0.0,0.0,0.0,0.0,0.0,0.0,0.0,2.004,0.0,-2.004,3.697074863047967e+19,-2.004,0.0,0.0,0.0,0.0,6595.0,0.0,0.0,-107615880.0,-0.0,0.0,-2.7184509175703625e+23,0.0,0.0,2.004,2.004,226,0.0,-2.7184280392842555e+23,0.0,0.0,0.0,0.0,0.0,0.0,0.0,0,0,0,865.054,-0.0,-1.1949367816617984e+17,0.0,-34147772.0,0.0,-1.3881869457516906e+29,-1.0053659229672622e+33,0.0,-1.5229177048914976e+32,-164120.641,5.410490905452872e+17,0.0,0.0,0.0,-0.0,0,1.3516416376850534e+27,226,0.0,452,0.0,-0.0,2112,52429,17109,52429,17111,52429,17095,0,0,0,101,100,100,-0.0,65.8,-0.0,66.1,0.0,66.0,1,49,50,180,52429,52429,0,0,0.0,0.0,0.0,60.0,7.036703064807778e+24,71.0,0.0,0.0,0.0,1069,0,1069,0,0,0,1069,0,1080,0,998,0,661,0,663,0,658,0,680,0.032,1.4609821306377965e+22,-2.004,-107615288.0,3728,16814,7.036703064807778e+24,0.0,3.473658957953152e+36,2037788.875,-3.197758949377454e+26,2.280906789119225e+29,50.0,60.0,35,0.0,0.0,10.0,2.0,0.0,0.0,0.0,0.0,0.0,0.0,0.0,0.0,0.0,0.0,0.0,0.0,58.8,51,13,65511,27,65476,238,65476,1,0,4,20529,65476,0,0,30147,60.0,0.0,10.0,10.0,2.0,0.0
2026-02-16T12:43:01,ERR,ERR,ERR,ERR,ERR,ERR,ERR,ERR,ERR,ERR,ERR,ERR,ERR,ERR,ERR,ERR,ERR,ERR,ERR,ERR,ERR,ERR,ERR,ERR,ERR,ERR,ERR,ERR,ERR,ERR,ERR,ERR,ERR,ERR,ERR,ERR,ERR,ERR,ERR,ERR,ERR,ERR,ERR,ERR,ERR,ERR,ERR,ERR,ERR,ERR,ERR,ERR,ERR,ERR,ERR,ERR,ERR,ERR,ERR,ERR,ERR,ERR,ERR,ERR,ERR,ERR,ERR,ERR,ERR,ERR,ERR,ERR,ERR,ERR,ERR,ERR,ERR,ERR,ERR,ERR,ERR,ERR,ERR,ERR,ERR,ERR,ERR,ERR,ERR,ERR,ERR,ERR,ERR,ERR,ERR,ERR,ERR,ERR,ERR,ERR,ERR,ERR,ERR,ERR,ERR,ERR,ERR,ERR,ERR,ERR,ERR,ERR,ERR,ERR,ERR,ERR,ERR,ERR,ERR,ERR,ERR,ERR,ERR,ERR,ERR,-107615880.0,-0.0,-108138608.0,0.0,-3.2008056460949376e+29,-0.0,261988592648192.0,-21.781,4300,0,8,17170,4300,0.0,41,0.0,0.0,0.0,0.0,0.0,0,0,0,0,0.0,0,0,0,0,0,0,0,0,0,0,0,0,0,0,0,0,0,0,0,0,0,0,0,0,0,0,0,0,0,0,0,0,0,11,37,37,48,65476,413,65476,1,0,4,21553,0.0,0.0,0.0,0.0,0.0,0.0,0.0,0.0,0.0,0.0,0.0,0.0,0.0,0.0,0.0,0.0,0.0,0.0,0.0,0.0,0.0,2.004,0.0,-2.004,3.697074863047967e+19,-2.004,0.0,0.0,0.0,0.0,6595.0,0.0,0.0,-107615880.0,-0.0,0.0,-2.7184509175703625e+23,0.0,0.0,2.004,2.004,226,0.0,-2.7184280392842555e+23,0.0,0.0,0.0,0.0,0.0,0.0,0.0,0,0,0,865.054,-0.0,-1.1949367816617984e+17,0.0,-34147772.0,0.0,-1.3881869457516906e+29,-1.0053659229672622e+33,0.0,-1.5229177048914976e+32,-164120.641,5.410490905452872e+17,0.0,0.0,0.0,-0.0,0,1.3516416376850534e+27,226,0.0,452,0.0,-0.0,2112,52429,17109,52429,17111,52429,17095,0,0,0,101,100,100,-0.0,65.8,-0.0,66.1,0.0,66.0,1,49,50,180,52429,52429,0,0,0.0,0.0,0.0,60.0,7.036703064807778e+24,71.0,0.0,0.0,0.0,1069,0,1069,0,0,0,1069,0,1080,0,998,0,661,0,663,0,658,0,680,0.032,1.4609821306377965e+22,-2.004,-107615288.0,3728,16814,7.036703064807778e+24,0.0,3.473658957953152e+36,2037788.875,-3.197758949377454e+26,2.280906789119225e+29,50.0,60.0,35,0.0,0.0,10.0,2.0,0.0,0.0,0.0,0.0,0.0,0.0,0.0,0.0,0.0,0.0,0.0,0.0,58.8,51,13,65511,27,65476,238,65476,1,0,4,20529,65476,0,0,30147,60.0,0.0,10.0,10.0,2.0,0.0
2026-02-16T12:43:02,ERR,ERR,ERR,ERR,ERR,ERR,ERR,ERR,ERR,ERR,ERR,ERR,ERR,ERR,ERR,ERR,ERR,ERR,ERR,ERR,ERR,ERR,ERR,ERR,ERR,ERR,ERR,ERR,ERR,ERR,ERR,ERR,ERR,ERR,ERR,ERR,ERR,ERR,ERR,ERR,ERR,ERR,ERR,ERR,ERR,ERR,ERR,ERR,ERR,ERR,ERR,ERR,ERR,ERR,ERR,ERR,ERR,ERR,ERR,ERR,ERR,ERR,ERR,ERR,ERR,ERR,ERR,ERR,ERR,ERR,ERR,ERR,ERR,ERR,ERR,ERR,ERR,ERR,ERR,ERR,ERR,ERR,ERR,ERR,ERR,ERR,ERR,ERR,ERR,ERR,ERR,ERR,ERR,ERR,ERR,ERR,ERR,ERR,ERR,ERR,ERR,ERR,ERR,ERR,ERR,ERR,ERR,ERR,ERR,ERR,ERR,ERR,ERR,ERR,ERR,ERR,ERR,ERR,ERR,ERR,ERR,ERR,ERR,ERR,ERR,-107615880.0,-0.0,-108138608.0,0.0,-3.2008056460949376e+29,-0.0,261988592648192.0,-21.781,4300,0,8,17170,4300,0.0,41,0.0,0.0,0.0,0.0,0.0,0,0,0,0,0.0,0,0,0,0,0,0,0,0,0,0,0,0,0,0,0,0,0,0,0,0,0,0,0,0,0,0,0,0,0,0,0,0,0,11,37,37,48,65476,413,65476,1,0,4,21553,0.0,0.0,0.0,0.0,0.0,0.0,0.0,0.0,0.0,0.0,0.0,0.0,0.0,0.0,0.0,0.0,0.0,0.0,0.0,0.0,0.0,2.004,0.0,-2.004,3.697074863047967e+19,-2.004,0.0,0.0,0.0,0.0,6595.0,0.0,0.0,-107615880.0,-0.0,0.0,-2.7184509175703625e+23,0.0,0.0,2.004,2.004,226,0.0,-2.7184280392842555e+23,0.0,0.0,0.0,0.0,0.0,0.0,0.0,0,0,0,865.054,-0.0,-1.1949367816617984e+17,0.0,-34147772.0,0.0,-1.3881869457516906e+29,-1.0053659229672622e+33,0.0,-1.5229177048914976e+32,-164120.641,5.410490905452872e+17,0.0,0.0,0.0,-0.0,0,1.3516416376850534e+27,226,0.0,452,0.0,-0.0,2112,52429,17109,52429,17111,52429,17095,0,0,0,101,100,100,-0.0,65.8,-0.0,66.1,0.0,66.0,1,49,50,180,52429,52429,0,0,0.0,0.0,0.0,60.0,7.036703064807778e+24,71.0,0.0,0.0,0.0,1069,0,1069,0,0,0,1069,0,1080,0,998,0,661,0,663,0,658,0,680,0.032,1.4609821306377965e+22,-2.004,-107615288.0,3728,16814,7.036703064807778e+24,0.0,3.473658957953152e+36,2037788.875,-3.197758949377454e+26,2.280906789119225e+29,50.0,60.0,35,0.0,0.0,10.0,2.0,0.0,0.0,0.0,0.0,0.0,0.0,0.0,0.0,0.0,0.0,0.0,0.0,58.8,50,14,65513,27,65476,318,65476,1,0,4,20529,65476,0,0,30147,60.0,0.0,10.0,10.0,2.0,0.0
2026-02-16T12:43:03,ERR,ERR,ERR,ERR,ERR,ERR,ERR,ERR,ERR,ERR,ERR,ERR,ERR,ERR,ERR,ERR,ERR,ERR,ERR,ERR,ERR,ERR,ERR,ERR,ERR,ERR,ERR,ERR,ERR,ERR,ERR,ERR,ERR,ERR,ERR,ERR,ERR,ERR,ERR,ERR,ERR,ERR,ERR,ERR,ERR,ERR,ERR,ERR,ERR,ERR,ERR,ERR,ERR,ERR,ERR,ERR,ERR,ERR,ERR,ERR,ERR,ERR,ERR,ERR,ERR,ERR,ERR,ERR,ERR,ERR,ERR,ERR,ERR,ERR,ERR,ERR,ERR,ERR,ERR,ERR,ERR,ERR,ERR,ERR,ERR,ERR,ERR,ERR,ERR,ERR,ERR,ERR,ERR,ERR,ERR,ERR,ERR,ERR,ERR,ERR,ERR,ERR,ERR,ERR,ERR,ERR,ERR,ERR,ERR,ERR,ERR,ERR,ERR,ERR,ERR,ERR,ERR,ERR,ERR,ERR,ERR,ERR,ERR,ERR,ERR,-107615880.0,-0.0,-108138608.0,0.0,-3.2008056460949376e+29,-0.0,261988592648192.0,-21.781,4300,0,8,17170,4300,0.0,41,0.0,0.0,0.0,0.0,0.0,0,0,0,0,0.0,0,0,0,0,0,0,0,0,0,0,0,0,0,0,0,0,0,0,0,0,0,0,0,0,0,0,0,0,0,0,0,0,0,11,37,37,48,65476,413,65476,1,0,4,21553,0.0,0.0,0.0,0.0,0.0,0.0,0.0,0.0,0.0,0.0,0.0,0.0,0.0,0.0,0.0,0.0,0.0,0.0,0.0,0.0,0.0,2.004,0.0,-2.004,3.697074863047967e+19,-2.004,0.0,0.0,0.0,0.0,6595.0,0.0,0.0,-107615880.0,-0.0,0.0,-2.7184509175703625e+23,0.0,0.0,2.004,2.004,226,0.0,-2.7184280392842555e+23,0.0,0.0,0.0,0.0,0.0,0.0,0.0,0,0,0,865.054,-0.0,-1.1949367816617984e+17,0.0,-34147772.0,0.0,-1.3881869457516906e+29,-1.0053659229672622e+33,0.0,-1.5229177048914976e+32,-164120.641,5.410490905452872e+17,0.0,0.0,0.0,-0.0,0,1.3516416376850534e+27,226,0.0,452,0.0,-0.0,2114,52429,17109,52429,17111,52429,17095,0,0,0,101,100,100,-0.0,65.8,-0.0,66.1,0.0,66.0,1,49,50,180,52429,52429,0,0,0.0,0.0,0.0,60.0,25.782,71.0,0.0,-0.0,0.0,1069,0,1069,0,0,0,1069,0,1079,0,999,0,661,0,663,0,658,0,680,0.032,1.4609821306377965e+22,0.0,0.0,59792,16813,25.782,-0.0,-466542067712.0,-5.375183345930955e+37,0.0,-3.5184409884544205e+17,50.0,60.0,35,0.0,0.0,10.0,2.0,0.0,0.0,0.0,0.0,0.0,0.0,0.0,0.0,0.0,0.0,0.0,0.0,58.8,50,14,65513,27,65476,318,65476,1,0,4,20529,65476,0,0,30147,60.0,0.0,10.0,10.0,2.0,0.0
2026-02-16T12:43:04,ERR,ERR,ERR,ERR,ERR,ERR,ERR,ERR,ERR,ERR,ERR,ERR,ERR,ERR,ERR,ERR,ERR,ERR,ERR,ERR,ERR,ERR,ERR,ERR,ERR,ERR,ERR,ERR,ERR,ERR,ERR,ERR,ERR,ERR,ERR,ERR,ERR,ERR,ERR,ERR,ERR,ERR,ERR,ERR,ERR,ERR,ERR,ERR,ERR,ERR,ERR,ERR,ERR,ERR,ERR,ERR,ERR,ERR,ERR,ERR,ERR,ERR,ERR,ERR,ERR,ERR,ERR,ERR,ERR,ERR,ERR,ERR,ERR,ERR,ERR,ERR,ERR,ERR,ERR,ERR,ERR,ERR,ERR,ERR,ERR,ERR,ERR,ERR,ERR,ERR,ERR,ERR,ERR,ERR,ERR,ERR,ERR,ERR,ERR,ERR,ERR,ERR,ERR,ERR,ERR,ERR,ERR,ERR,ERR,ERR,ERR,ERR,ERR,ERR,ERR,ERR,ERR,ERR,ERR,ERR,ERR,ERR,ERR,ERR,ERR,-107615880.0,-0.0,-108138608.0,0.0,-3.2008056460949376e+29,-0.0,261988592648192.0,-21.781,4300,0,8,17170,4300,0.0,41,0.0,0.0,0.0,0.0,0.0,0,0,0,0,0.0,0,0,0,0,0,0,0,0,0,0,0,0,0,0,0,0,0,0,0,0,0,0,0,0,0,0,0,0,0,0,0,0,0,11,37,37,48,65476,413,65476,1,0,4,21553,0.0,0.0,0.0,0.0,0.0,0.0,0.0,0.0,0.0,0.0,0.0,0.0,0.0,0.0,0.0,0.0,0.0,0.0,0.0,0.0,0.0,2.004,0.0,-2.004,3.697074863047967e+19,-2.004,0.0,0.0,0.0,0.0,6595.0,0.0,0.0,-107615880.0,-0.0,0.0,-2.7184509175703625e+23,0.0,0.0,2.004,2.004,226,0.0,-2.7184280392842555e+23,0.0,0.0,0.0,0.0,0.0,0.0,0.0,0,0,0,865.054,-0.0,-1.1949367816617984e+17,0.0,-34147772.0,0.0,-1.3881869457516906e+29,-1.0053659229672622e+33,0.0,-1.5229177048914976e+32,-164120.641,5.410490905452872e+17,0.0,0.0,0.0,-0.0,0,1.3516416376850534e+27,226,0.0,452,0.0,-0.0,2114,52429,17109,52429,17111,52429,17095,0,0,0,101,100,100,-0.0,65.8,-0.0,66.1,0.0,66.0,1,49,50,180,52429,52429,0,0,0.0,0.0,0.0,60.0,25.782,71.0,0.0,-0.0,0.0,1069,0,1069,0,0,0,1069,0,1079,0,999,0,661,0,663,0,658,0,680,0.032,1.4609821306377965e+22,0.0,0.0,59792,16813,25.782,-0.0,-466542067712.0,-5.375183345930955e+37,0.0,-3.5184409884544205e+17,50.0,60.0,35,0.0,0.0,10.0,2.0,0.0,0.0,0.0,0.0,0.0,0.0,0.0,0.0,0.0,0.0,0.0,0.0,58.8,47,16,65515,27,65476,478,65476,1,0,4,20529,65476,0,0,30147,60.0,0.0,10.0,10.0,2.0,0.0
2026-02-16T12:43:05,ERR,ERR,ERR,ERR,ERR,ERR,ERR,ERR,ERR,ERR,ERR,ERR,ERR,ERR,ERR,ERR,ERR,ERR,ERR,ERR,ERR,ERR,ERR,ERR,ERR,ERR,ERR,ERR,ERR,ERR,ERR,ERR,ERR,ERR,ERR,ERR,ERR,ERR,ERR,ERR,ERR,ERR,ERR,ERR,ERR,ERR,ERR,ERR,ERR,ERR,ERR,ERR,ERR,ERR,ERR,ERR,ERR,ERR,ERR,ERR,ERR,ERR,ERR,ERR,ERR,ERR,ERR,ERR,ERR,ERR,ERR,ERR,ERR,ERR,ERR,ERR,ERR,ERR,ERR,ERR,ERR,ERR,ERR,ERR,ERR,ERR,ERR,ERR,ERR,ERR,ERR,ERR,ERR,ERR,ERR,ERR,ERR,ERR,ERR,ERR,ERR,ERR,ERR,ERR,ERR,ERR,ERR,ERR,ERR,ERR,ERR,ERR,ERR,ERR,ERR,ERR,ERR,ERR,ERR,ERR,ERR,ERR,ERR,ERR,ERR,0.0,-0.0,-107090032.0,0.0,-3.160207272547048e+29,-0.0,0.0,-180595086852096.0,4300,0,8,17170,4300,0.0,41,0.0,0.0,0.0,0.0,0.0,0,0,0,0,0.0,0,0,0,0,0,0,0,0,0,0,0,0,0,0,0,0,0,0,0,0,0,0,0,0,0,0,0,0,0,0,0,0,0,11,37,37,48,65476,414,65476,1,0,4,21553,0.0,0.0,0.0,0.0,0.0,0.0,0.0,0.0,0.0,0.0,0.0,0.0,0.0,0.0,0.0,0.0,0.0,0.0,0.0,0.0,0.0,2.004,2.004,-2.004,-0.0,-0.0,0.0,0.0,0.0,0.0,6596.0,0.0,0.0,0.0,-0.0,0.0,-2.7184509175703625e+23,0.0,0.0,2.004,2.004,226,0.0,-2.7184280392842555e+23,0.0,0.0,0.0,0.0,0.0,0.0,0.0,0,0,0,-14655349063680.0,-498.514,-0.0,0.0,-1.4369057427739483e+20,1761485004996608.0,0.0,-0.0,0.0,-1.5989767409051913e+32,-177432.641,5.703224881231954e+17,0.0,0.0,0.0,4.2601973296283484e+27,0,1.3516416376850534e+27,226,0.0,452,2.40156025918058e+36,0.0,2114,52429,17109,52429,17111,52429,17095,0,0,0,101,100,100,-0.0,65.8,-0.0,66.1,0.0,66.0,1,49,50,180,52429,52429,0,0,0.0,0.0,0.0,60.0,25.782,71.0,0.0,-0.0,0.0,1069,0,1069,0,0,0,1069,0,1079,0,999,0,661,0,663,0,658,0,680,0.032,1.4609821306377965e+22,0.0,0.0,59792,16813,25.782,-0.0,-466542067712.0,-5.375183345930955e+37,0.0,-3.5184409884544205e+17,50.0,60.0,35,0.0,0.0,10.0,2.0,0.0,0.0,0.0,0.0,0.0,0.0,0.0,0.0,0.0,0.0,0.0,0.0,58.8,45,17,65518,27,65476,637,65476,1,0,4,20529,65476,0,0,30147,60.0,0.0,10.0,10.0,2.0,0.0
2026-02-16T12:43:06,ERR,ERR,ERR,ERR,ERR,ERR,ERR,ERR,ERR,ERR,ERR,ERR,ERR,ERR,ERR,ERR,ERR,ERR,ERR,ERR,ERR,ERR,ERR,ERR,ERR,ERR,ERR,ERR,ERR,ERR,ERR,ERR,ERR,ERR,ERR,ERR,ERR,ERR,ERR,ERR,ERR,ERR,ERR,ERR,ERR,ERR,ERR,ERR,ERR,ERR,ERR,ERR,ERR,ERR,ERR,ERR,ERR,ERR,ERR,ERR,ERR,ERR,ERR,ERR,ERR,ERR,ERR,ERR,ERR,ERR,ERR,ERR,ERR,ERR,ERR,ERR,ERR,ERR,ERR,ERR,ERR,ERR,ERR,ERR,ERR,ERR,ERR,ERR,ERR,ERR,ERR,ERR,ERR,ERR,ERR,ERR,ERR,ERR,ERR,ERR,ERR,ERR,ERR,ERR,ERR,ERR,ERR,ERR,ERR,ERR,ERR,ERR,ERR,ERR,ERR,ERR,ERR,ERR,ERR,ERR,ERR,ERR,ERR,ERR,ERR,0.0,-0.0,-107090032.0,0.0,-3.160207272547048e+29,-0.0,0.0,-180595086852096.0,4300,0,8,17170,4300,0.0,41,0.0,0.0,0.0,0.0,0.0,0,0,0,0,0.0,0,0,0,0,0,0,0,0,0,0,0,0,0,0,0,0,0,0,0,0,0,0,0,0,0,0,0,0,0,0,0,0,0,11,37,37,48,65476,414,65476,1,0,4,21553,0.0,0.0,0.0,0.0,0.0,0.0,0.0,0.0,0.0,0.0,0.0,0.0,0.0,0.0,0.0,0.0,0.0,0.0,0.0,0.0,0.0,2.004,2.004,-2.004,-0.0,-0.0,0.0,0.0,0.0,0.0,6596.0,0.0,0.0,0.0,-0.0,0.0,-2.7184509175703625e+23,0.0,0.0,2.004,2.004,226,0.0,-2.7184280392842555e+23,0.0,0.0,0.0,0.0,0.0,0.0,0.0,0,0,0,-14655349063680.0,-498.514,-0.0,0.0,-1.4369057427739483e+20,1761485004996608.0,0.0,-0.0,0.0,-1.5989767409051913e+32,-177432.641,5.703224881231954e+17,0.0,0.0,0.0,4.2601973296283484e+27,0,1.3516416376850534e+27,226,0.0,452,2.40156025918058e+36,0.0,2114,52429,17109,52429,17111,52429,17095,0,0,0,101,100,100,-0.0,65.8,-0.0,66.1,0.0,66.0,1,49,50,180,52429,52429,0,0,0.0,0.0,0.0,60.0,25.782,71.0,0.0,-0.0,0.0,1069,0,1069,0,0,0,1069,0,1079,0,999,0,661,0,663,0,658,0,680,0.032,1.4609821306377965e+22,0.0,0.0,59792,16813,25.782,-0.0,-466542067712.0,-5.375183345930955e+37,0.0,-3.5184409884544205e+17,50.0,60.0,35,0.0,0.0,10.0,2.0,0.0,0.0,0.0,0.0,0.0,0.0,0.0,0.0,0.0,0.0,0.0,0.0,58.8,45,17,65518,27,65476,637,65476,1,0,4,20529,65476,0,0,30147,60.0,0.0,10.0,10.0,2.0,0.0
2026-02-16T12:43:07,ERR,ERR,ERR,ERR,ERR,ERR,ERR,ERR,ERR,ERR,ERR,ERR,ERR,ERR,ERR,ERR,ERR,ERR,ERR,ERR,ERR,ERR,ERR,ERR,ERR,ERR,ERR,ERR,ERR,ERR,ERR,ERR,ERR,ERR,ERR,ERR,ERR,ERR,ERR,ERR,ERR,ERR,ERR,ERR,ERR,ERR,ERR,ERR,ERR,ERR,ERR,ERR,ERR,ERR,ERR,ERR,ERR,ERR,ERR,ERR,ERR,ERR,ERR,ERR,ERR,ERR,ERR,ERR,ERR,ERR,ERR,ERR,ERR,ERR,ERR,ERR,ERR,ERR,ERR,ERR,ERR,ERR,ERR,ERR,ERR,ERR,ERR,ERR,ERR,ERR,ERR,ERR,ERR,ERR,ERR,ERR,ERR,ERR,ERR,ERR,ERR,ERR,ERR,ERR,ERR,ERR,ERR,ERR,ERR,ERR,ERR,ERR,ERR,ERR,ERR,ERR,ERR,ERR,ERR,ERR,ERR,ERR,ERR,ERR,ERR,0.0,-0.0,-107090032.0,0.0,-3.160207272547048e+29,-0.0,0.0,-180595086852096.0,4300,0,8,17170,4300,0.0,41,0.0,0.0,0.0,0.0,0.0,0,0,0,0,0.0,0,0,0,0,0,0,0,0,0,0,0,0,0,0,0,0,0,0,0,0,0,0,0,0,0,0,0,0,0,0,0,0,0,11,37,37,48,65476,414,65476,1,0,4,21553,0.0,0.0,0.0,0.0,0.0,0.0,0.0,0.0,0.0,0.0,0.0,0.0,0.0,0.0,0.0,0.0,0.0,0.0,0.0,0.0,0.0,2.004,2.004,-2.004,-0.0,-0.0,0.0,0.0,0.0,0.0,6596.0,0.0,0.0,0.0,-0.0,0.0,-2.7184509175703625e+23,0.0,0.0,2.004,2.004,226,0.0,-2.7184280392842555e+23,0.0,0.0,0.0,0.0,0.0,0.0,0.0,0,0,0,-14655349063680.0,-498.514,-0.0,0.0,-1.4369057427739483e+20,1761485004996608.0,0.0,-0.0,0.0,-1.5989767409051913e+32,-177432.641,5.703224881231954e+17,0.0,0.0,0.0,4.2601973296283484e+27,0,1.3516416376850534e+27,226,0.0,452,2.40156025918058e+36,0.0,2114,52429,17109,52429,17111,39322,17095,0,0,0,101,100,100,-0.0,65.8,-0.0,66.1,0.0,66.0,1,49,50,180,52429,52429,0,0,0.0,0.0,0.0,60.0,43846200.0,71.0,0.0,0.0,0.0,1069,0,1069,0,0,0,1069,0,1079,0,998,0,661,0,663,0,658,0,680,0.032,1.4609821306377965e+22,0.0,0.0,3728,16814,969974656.0,1.3042728865683525e+20,-0.0,0.001,0.0,-223488.172,50.0,60.0,35,0.0,0.0,10.0,2.0,0.0,0.0,0.0,0.0,0.0,0.0,0.0,0.0,0.0,0.0,0.0,0.0,58.8,44,18,65519,27,65476,717,65476,1,0,4,20529,65476,0,0,30147,60.0,0.0,10.0,10.0,2.0,0.0
2026-02-16T12:43:08,ERR,ERR,ERR,ERR,ERR,ERR,ERR,ERR,ERR,ERR,ERR,ERR,ERR,ERR,ERR,ERR,ERR,ERR,ERR,ERR,ERR,ERR,ERR,ERR,ERR,ERR,ERR,ERR,ERR,ERR,ERR,ERR,ERR,ERR,ERR,ERR,ERR,ERR,ERR,ERR,ERR,ERR,ERR,ERR,ERR,ERR,ERR,ERR,ERR,ERR,ERR,ERR,ERR,ERR,ERR,ERR,ERR,ERR,ERR,ERR,ERR,ERR,ERR,ERR,ERR,ERR,ERR,ERR,ERR,ERR,ERR,ERR,ERR,ERR,ERR,ERR,ERR,ERR,ERR,ERR,ERR,ERR,ERR,ERR,ERR,ERR,ERR,ERR,ERR,ERR,ERR,ERR,ERR,ERR,ERR,ERR,ERR,ERR,ERR,ERR,ERR,ERR,ERR,ERR,ERR,ERR,ERR,ERR,ERR,ERR,ERR,ERR,ERR,ERR,ERR,ERR,ERR,ERR,ERR,ERR,ERR,ERR,ERR,ERR,ERR,0.0,-0.0,-107090032.0,0.0,-3.160207272547048e+29,-0.0,0.0,-180595086852096.0,4300,0,8,17170,4300,0.0,41,0.0,0.0,0.0,0.0,0.0,0,0,0,0,0.0,0,0,0,0,0,0,0,0,0,0,0,0,0,0,0,0,0,0,0,0,0,0,0,0,0,0,0,0,0,0,0,0,0,11,37,37,48,65476,414,65476,1,0,4,21553,0.0,0.0,0.0,0.0,0.0,0.0,0.0,0.0,0.0,0.0,0.0,0.0,0.0,0.0,0.0,0.0,0.0,0.0,0.0,0.0,0.0,2.004,2.004,-2.004,-0.0,-0.0,0.0,0.0,0.0,0.0,6596.0,0.0,0.0,0.0,-0.0,0.0,-2.7184509175703625e+23,0.0,0.0,2.004,2.004,226,0.0,-2.7184280392842555e+23,0.0,0.0,0.0,0.0,0.0,0.0,0.0,0,0,0,-14655349063680.0,-498.514,-0.0,0.0,-1.4369057427739483e+20,1761485004996608.0,0.0,-0.0,0.0,-1.5989767409051913e+32,-177432.641,5.703224881231954e+17,0.0,0.0,0.0,4.2601973296283484e+27,0,1.3516416376850534e+27,226,0.0,452,2.40156025918058e+36,0.0,2114,52429,17109,52429,17111,39322,17095,0,0,0,101,100,100,-0.0,65.8,-0.0,66.1,0.0,66.0,1,49,50,180,52429,52429,0,0,0.0,0.0,0.0,60.0,43846200.0,71.0,0.0,0.0,0.0,1069,0,1069,0,0,0,1069,0,1079,0,998,0,661,0,663,0,658,0,680,0.032,1.4609821306377965e+22,0.0,0.0,3728,16814,969974656.0,1.3042728865683525e+20,-0.0,0.001,0.0,-223488.172,50.0,60.0,35,0.0,0.0,10.0,2.0,0.0,0.0,0.0,0.0,0.0,0.0,0.0,0.0,0.0,0.0,0.0,0.0,58.8,44,18,65519,27,65476,717,65476,1,0,4,20529,65476,0,0,30147,60.0,0.0,10.0,10.0,2.0,0.0
2026-02-16T12:43:09,ERR,ERR,ERR,ERR,ERR,ERR,ERR,ERR,ERR,ERR,ERR,ERR,ERR,ERR,ERR,ERR,ERR,ERR,ERR,ERR,ERR,ERR,ERR,ERR,ERR,ERR,ERR,ERR,ERR,ERR,ERR,ERR,ERR,ERR,ERR,ERR,ERR,ERR,ERR,ERR,ERR,ERR,ERR,ERR,ERR,ERR,ERR,ERR,ERR,ERR,ERR,ERR,ERR,ERR,ERR,ERR,ERR,ERR,ERR,ERR,ERR,ERR,ERR,ERR,ERR,ERR,ERR,ERR,ERR,ERR,ERR,ERR,ERR,ERR,ERR,ERR,ERR,ERR,ERR,ERR,ERR,ERR,ERR,ERR,ERR,ERR,ERR,ERR,ERR,ERR,ERR,ERR,ERR,ERR,ERR,ERR,ERR,ERR,ERR,ERR,ERR,ERR,ERR,ERR,ERR,ERR,ERR,ERR,ERR,ERR,ERR,ERR,ERR,ERR,ERR,ERR,ERR,ERR,ERR,ERR,ERR,ERR,ERR,ERR,ERR,0.0,-0.0,-107090032.0,0.0,-3.160207272547048e+29,-51.814,-0.0,-0.0,4300,0,8,17170,4300,0.0,41,0.0,0.0,0.0,0.0,0.0,0,0,0,0,0.0,0,0,0,0,0,0,0,0,0,0,0,0,0,0,0,0,0,0,0,0,0,0,0,0,0,0,0,0,0,0,0,0,0,11,38,37,48,65476,406,65476,1,0,4,21553,0.0,-0.0,0.0,0.0,0.0,0.0,0.0,0.0,0.0,0.0,0.0,0.0,0.0,0.0,0.0,0.0,0.0,0.0,0.0,0.0,0.0,2.004,2.004,-3.6970818999223845e+19,-0.0,-0.0,0.0,0.0,0.0,0.0,6599.0,0.0,0.0,0.0,-0.0,2.7184503771384073e+23,-2.7184509175703625e+23,0.0,0.0,2.004,2.004,228,0.059,-2.7184280392842555e+23,0.0,0.0,0.0,0.0,0.0,0.0,0.0,0,0,0,0.0,-0.0,-1828973.875,5.3813733209500704e+32,-6.858669840543803e+32,-0.0,1.492516560408626e+22,-0.0,-8.794380532847739e+17,-1.740155291547919e+32,-190744.641,6.182274194714132e+17,0.0,0.0,0.0,-0.0,0,1.3516416376850534e+27,228,0.0,456,0.0,5.5413446501399e+19,2114,52429,17109,52429,17111,39322,17095,0,0,0,101,100,100,-0.0,65.8,-0.0,66.1,0.0,66.0,1,49,50,180,52429,52429,0,0,0.0,0.0,0.0,60.0,43846200.0,71.0,0.0,0.0,0.0,1069,0,1069,0,0,0,1069,0,1079,0,998,0,661,0,663,0,658,0,680,0.032,1.4609821306377965e+22,0.0,0.0,3728,16814,969974656.0,1.3042728865683525e+20,-0.0,0.001,0.0,-223488.172,50.0,60.0,35,0.0,0.0,10.0,2.0,0.0,0.0,0.0,0.0,0.0,0.0,0.0,0.0,0.0,0.0,0.0,0.0,59.2,41,21,65522,27,65476,812,65476,1,0,4,20529,65476,0,0,30147,60.0,0.0,10.0,10.0,2.0,0.0
2026-02-16T12:43:10,ERR,ERR,ERR,ERR,ERR,ERR,ERR,ERR,ERR,ERR,ERR,ERR,ERR,ERR,ERR,ERR,ERR,ERR,ERR,ERR,ERR,ERR,ERR,ERR,ERR,ERR,ERR,ERR,ERR,ERR,ERR,ERR,ERR,ERR,ERR,ERR,ERR,ERR,ERR,ERR,ERR,ERR,ERR,ERR,ERR,ERR,ERR,ERR,ERR,ERR,ERR,ERR,ERR,ERR,ERR,ERR,ERR,ERR,ERR,ERR,ERR,ERR,ERR,ERR,ERR,ERR,ERR,ERR,ERR,ERR,ERR,ERR,ERR,ERR,ERR,ERR,ERR,ERR,ERR,ERR,ERR,ERR,ERR,ERR,ERR,ERR,ERR,ERR,ERR,ERR,ERR,ERR,ERR,ERR,ERR,ERR,ERR,ERR,ERR,ERR,ERR,ERR,ERR,ERR,ERR,ERR,ERR,ERR,ERR,ERR,ERR,ERR,ERR,ERR,ERR,ERR,ERR,ERR,ERR,ERR,ERR,ERR,ERR,ERR,ERR,0.0,-0.0,-107090032.0,0.0,-3.160207272547048e+29,-51.814,-0.0,-0.0,4300,0,8,17170,4300,0.0,41,0.0,0.0,0.0,0.0,0.0,0,0,0,0,0.0,0,0,0,0,0,0,0,0,0,0,0,0,0,0,0,0,0,0,0,0,0,0,0,0,0,0,0,0,0,0,0,0,0,11,38,37,48,65476,406,65476,1,0,4,21553,0.0,-0.0,0.0,0.0,0.0,0.0,0.0,0.0,0.0,0.0,0.0,0.0,0.0,0.0,0.0,0.0,0.0,0.0,0.0,0.0,0.0,2.004,2.004,-3.6970818999223845e+19,-0.0,-0.0,0.0,0.0,0.0,0.0,6599.0,0.0,0.0,0.0,-0.0,2.7184503771384073e+23,-2.7184509175703625e+23,0.0,0.0,2.004,2.004,228,0.059,-2.7184280392842555e+23,0.0,0.0,0.0,0.0,0.0,0.0,0.0,0,0,0,0.0,-0.0,-1828973.875,5.3813733209500704e+32,-6.858669840543803e+32,-0.0,1.492516560408626e+22,-0.0,-8.794380532847739e+17,-1.740155291547919e+32,-190744.641,6.182274194714132e+17,0.0,0.0,0.0,-0.0,0,1.3516416376850534e+27,228,0.0,456,0.0,5.5413446501399e+19,2114,52429,17109,52429,17111,52429,17095,0,0,0,101,100,100,-0.0,65.8,-0.0,66.1,0.0,66.0,1,49,50,180,52429,52429,0,0,0.0,0.0,0.0,60.0,25.782,71.0,0.0,-6482906314702848.0,0.0,1069,0,1069,0,0,0,1069,0,1079,0,998,0,661,0,663,0,658,0,680,0.032,1.4536034330083127e+22,0.0,0.0,57488,16813,217354.219,-6482906314702848.0,0.0,2.5355494571500075e+38,6.233160884773768e+19,0.0,50.0,60.0,35,0.0,0.0,10.0,2.0,0.0,0.0,0.0,0.0,0.0,0.0,0.0,0.0,0.0,0.0,0.0,0.0,58.8,39,22,65524,27,65476,812,65476,1,0,4,20529,65476,0,0,30147,60.0,0.0,10.0,10.0,2.0,0.0
2026-02-16T12:43:11,ERR,ERR,ERR,ERR,ERR,ERR,ERR,ERR,ERR,ERR,ERR,ERR,ERR,ERR,ERR,ERR,ERR,ERR,ERR,ERR,ERR,ERR,ERR,ERR,ERR,ERR,ERR,ERR,ERR,ERR,ERR,ERR,ERR,ERR,ERR,ERR,ERR,ERR,ERR,ERR,ERR,ERR,ERR,ERR,ERR,ERR,ERR,ERR,ERR,ERR,ERR,ERR,ERR,ERR,ERR,ERR,ERR,ERR,ERR,ERR,ERR,ERR,ERR,ERR,ERR,ERR,ERR,ERR,ERR,ERR,ERR,ERR,ERR,ERR,ERR,ERR,ERR,ERR,ERR,ERR,ERR,ERR,ERR,ERR,ERR,ERR,ERR,ERR,ERR,ERR,ERR,ERR,ERR,ERR,ERR,ERR,ERR,ERR,ERR,ERR,ERR,ERR,ERR,ERR,ERR,ERR,ERR,ERR,ERR,ERR,ERR,ERR,ERR,ERR,ERR,ERR,ERR,ERR,ERR,ERR,ERR,ERR,ERR,ERR,ERR,0.0,-0.0,-107090032.0,0.0,-3.160207272547048e+29,-51.814,-0.0,-0.0,4300,0,8,17170,4300,0.0,41,0.0,0.0,0.0,0.0,0.0,0,0,0,0,0.0,0,0,0,0,0,0,0,0,0,0,0,0,0,0,0,0,0,0,0,0,0,0,0,0,0,0,0,0,0,0,0,0,0,11,38,37,48,65476,406,65476,1,0,4,21553,0.0,-0.0,0.0,0.0,0.0,0.0,0.0,0.0,0.0,0.0,0.0,0.0,0.0,0.0,0.0,0.0,0.0,0.0,0.0,0.0,0.0,2.004,2.004,-3.6970818999223845e+19,-0.0,-0.0,0.0,0.0,0.0,0.0,6599.0,0.0,0.0,0.0,-0.0,2.7184503771384073e+23,-2.7184509175703625e+23,0.0,0.0,2.004,2.004,228,0.059,-2.7184280392842555e+23,0.0,0.0,0.0,0.0,0.0,0.0,0.0,0,0,0,0.0,-0.0,-1828973.875,5.3813733209500704e+32,-6.858669840543803e+32,-0.0,1.492516560408626e+22,-0.0,-8.794380532847739e+17,-1.740155291547919e+32,-190744.641,6.182274194714132e+17,0.0,0.0,0.0,-0.0,0,1.3516416376850534e+27,228,0.0,456,0.0,5.5413446501399e+19,2114,52429,17109,52429,17111,52429,17095,0,0,0,101,100,100,-0.0,65.8,-0.0,66.1,0.0,66.0,1,49,50,180,52429,52429,0,0,0.0,0.0,0.0,60.0,25.782,71.0,0.0,-6482906314702848.0,0.0,1069,0,1069,0,0,0,1069,0,1079,0,998,0,661,0,663,0,658,0,680,0.032,1.4536034330083127e+22,0.0,0.0,57488,16813,217354.219,-6482906314702848.0,0.0,2.5355494571500075e+38,6.233160884773768e+19,0.0,50.0,60.0,35,0.0,0.0,10.0,2.0,0.0,0.0,0.0,0.0,0.0,0.0,0.0,0.0,0.0,0.0,0.0,0.0,58.8,39,22,65524,27,65476,812,65476,1,0,4,20529,65476,0,0,30147,60.0,0.0,10.0,10.0,2.0,0.0
2026-02-16T12:43:12,ERR,ERR,ERR,ERR,ERR,ERR,ERR,ERR,ERR,ERR,ERR,ERR,ERR,ERR,ERR,ERR,ERR,ERR,ERR,ERR,ERR,ERR,ERR,ERR,ERR,ERR,ERR,ERR,ERR,ERR,ERR,ERR,ERR,ERR,ERR,ERR,ERR,ERR,ERR,ERR,ERR,ERR,ERR,ERR,ERR,ERR,ERR,ERR,ERR,ERR,ERR,ERR,ERR,ERR,ERR,ERR,ERR,ERR,ERR,ERR,ERR,ERR,ERR,ERR,ERR,ERR,ERR,ERR,ERR,ERR,ERR,ERR,ERR,ERR,ERR,ERR,ERR,ERR,ERR,ERR,ERR,ERR,ERR,ERR,ERR,ERR,ERR,ERR,ERR,ERR,ERR,ERR,ERR,ERR,ERR,ERR,ERR,ERR,ERR,ERR,ERR,ERR,ERR,ERR,ERR,ERR,ERR,ERR,ERR,ERR,ERR,ERR,ERR,ERR,ERR,ERR,ERR,ERR,ERR,ERR,ERR,ERR,ERR,ERR,ERR,0.0,-0.0,-107090032.0,0.0,-3.160207272547048e+29,-51.814,-0.0,-0.0,4300,0,8,17170,4300,0.0,41,0.0,0.0,0.0,0.0,0.0,0,0,0,0,0.0,0,0,0,0,0,0,0,0,0,0,0,0,0,0,0,0,0,0,0,0,0,0,0,0,0,0,0,0,0,0,0,0,0,11,38,37,48,65476,406,65476,1,0,4,21553,0.0,-0.0,0.0,0.0,0.0,0.0,0.0,0.0,0.0,0.0,0.0,0.0,0.0,0.0,0.0,0.0,0.0,0.0,0.0,0.0,0.0,2.004,2.004,-3.6970818999223845e+19,-0.0,-0.0,0.0,0.0,0.0,0.0,6599.0,0.0,0.0,0.0,-0.0,2.7184503771384073e+23,-2.7184509175703625e+23,0.0,0.0,2.004,2.004,228,0.059,-2.7184280392842555e+23,0.0,0.0,0.0,0.0,0.0,0.0,0.0,0,0,0,0.0,-0.0,-1828973.875,5.3813733209500704e+32,-6.858669840543803e+32,-0.0,1.492516560408626e+22,-0.0,-8.794380532847739e+17,-1.740155291547919e+32,-190744.641,6.182274194714132e+17,0.0,0.0,0.0,-0.0,0,1.3516416376850534e+27,228,0.0,456,0.0,5.5413446501399e+19,2114,52429,17109,52429,17111,52429,17095,0,0,0,101,100,100,-0.0,65.8,-0.0,66.1,0.0,66.0,1,49,50,180,52429,52429,0,0,0.0,0.0,0.0,60.0,25.782,71.0,0.0,-6482906314702848.0,0.0,1069,0,1069,0,0,0,1069,0,1079,0,998,0,661,0,663,0,658,0,680,0.032,1.4536034330083127e+22,0.0,0.0,57488,16813,217354.219,-6482906314702848.0,0.0,2.5355494571500075e+38,6.233160884773768e+19,0.0,50.0,60.0,35,0.0,0.0,10.0,2.0,0.0,0.0,0.0,0.0,0.0,0.0,0.0,0.0,0.0,0.0,0.0,0.0,59.2,36,25,65527,27,65476,750,65476,1,0,4,20529,65476,0,0,30147,60.0,0.0,10.0,10.0,2.0,0.0
2026-02-16T12:43:13,ERR,ERR,ERR,ERR,ERR,ERR,ERR,ERR,ERR,ERR,ERR,ERR,ERR,ERR,ERR,ERR,ERR,ERR,ERR,ERR,ERR,ERR,ERR,ERR,ERR,ERR,ERR,ERR,ERR,ERR,ERR,ERR,ERR,ERR,ERR,ERR,ERR,ERR,ERR,ERR,ERR,ERR,ERR,ERR,ERR,ERR,ERR,ERR,ERR,ERR,ERR,ERR,ERR,ERR,ERR,ERR,ERR,ERR,ERR,ERR,ERR,ERR,ERR,ERR,ERR,ERR,ERR,ERR,ERR,ERR,ERR,ERR,ERR,ERR,ERR,ERR,ERR,ERR,ERR,ERR,ERR,ERR,ERR,ERR,ERR,ERR,ERR,ERR,ERR,ERR,ERR,ERR,ERR,ERR,ERR,ERR,ERR,ERR,ERR,ERR,ERR,ERR,ERR,ERR,ERR,ERR,ERR,ERR,ERR,ERR,ERR,ERR,ERR,ERR,ERR,ERR,ERR,ERR,ERR,ERR,ERR,ERR,ERR,ERR,ERR,0.0,-0.0,-107090032.0,0.0,-3.160207272547048e+29,-51.814,-0.0,-0.0,4300,0,8,17170,4300,0.0,41,0.0,0.0,0.0,0.0,0.0,0,0,0,0,0.0,0,0,0,0,0,0,0,0,0,0,0,0,0,0,0,0,0,0,0,0,0,0,0,0,0,0,0,0,0,0,0,0,0,11,38,37,48,65476,406,65476,1,0,4,21553,0.0,-0.0,0.0,0.0,0.0,0.0,0.0,0.0,0.0,0.0,0.0,0.0,0.0,0.0,0.0,0.0,0.0,0.0,0.0,0.0,0.0,2.004,2.004,-3.6970818999223845e+19,-0.0,-0.0,0.0,0.0,0.0,0.0,6599.0,0.0,0.0,0.0,-0.0,2.7184503771384073e+23,-2.7184509175703625e+23,0.0,0.0,2.004,2.004,228,0.059,-2.7184280392842555e+23,0.0,0.0,0.0,0.0,0.0,0.0,0.0,0,0,0,0.0,-0.0,-1828973.875,5.3813733209500704e+32,-6.858669840543803e+32,-0.0,1.492516560408626e+22,-0.0,-8.794380532847739e+17,-1.740155291547919e+32,-190744.641,6.182274194714132e+17,0.0,0.0,0.0,-0.0,0,1.3516416376850534e+27,228,0.0,456,0.0,5.5413446501399e+19,2114,52429,17109,52429,17111,52429,17095,0,0,0,101,100,100,-0.0,65.8,-0.0,66.1,0.0,66.0,1,49,50,180,52429,52429,0,0,0.0,0.0,0.0,60.0,85637.109,71.0,0.0,2192626286592.0,0.0,1069,0,1069,0,0,0,1069,0,1080,0,998,0,661,0,663,0,658,0,680,0.032,1.4536034330083127e+22,0.0,0.0,47504,16813,85637.109,2192626286592.0,5.8582995476649345e+19,-0.0,-18592.795,3921308286976.0,50.0,60.0,35,0.0,0.0,10.0,2.0,0.0,0.0,0.0,0.0,0.0,0.0,0.0,0.0,0.0,0.0,0.0,0.0,59.2,32,28,65531,27,65476,669,65476,1,0,4,20529,65476,0,0,30147,60.0,0.0,10.0,10.0,2.0,0.0
2026-02-16T12:43:14,ERR,ERR,ERR,ERR,ERR,ERR,ERR,ERR,ERR,ERR,ERR,ERR,ERR,ERR,ERR,ERR,ERR,ERR,ERR,ERR,ERR,ERR,ERR,ERR,ERR,ERR,ERR,ERR,ERR,ERR,ERR,ERR,ERR,ERR,ERR,ERR,ERR,ERR,ERR,ERR,ERR,ERR,ERR,ERR,ERR,ERR,ERR,ERR,ERR,ERR,ERR,ERR,ERR,ERR,ERR,ERR,ERR,ERR,ERR,ERR,ERR,ERR,ERR,ERR,ERR,ERR,ERR,ERR,ERR,ERR,ERR,ERR,ERR,ERR,ERR,ERR,ERR,ERR,ERR,ERR,ERR,ERR,ERR,ERR,ERR,ERR,ERR,ERR,ERR,ERR,ERR,ERR,ERR,ERR,ERR,ERR,ERR,ERR,ERR,ERR,ERR,ERR,ERR,ERR,ERR,ERR,ERR,ERR,ERR,ERR,ERR,ERR,ERR,ERR,ERR,ERR,ERR,ERR,ERR,ERR,ERR,ERR,ERR,ERR,ERR,0.0,-0.0,-107090032.0,0.0,-3.160207272547048e+29,-13074170904576.0,-0.0,-0.0,4300,0,8,17170,4300,0.0,41,0.0,0.0,0.0,0.0,0.0,0,0,0,0,0.0,0,0,0,0,0,0,0,0,0,0,0,0,0,0,0,0,0,0,0,0,0,0,0,0,0,0,0,0,0,0,0,0,0,11,38,37,48,65476,407,65476,1,0,4,21553,0.0,-0.0,0.0,0.0,0.0,0.0,0.0,0.0,0.0,0.0,0.0,0.0,0.0,0.0,-2.600982585120823e+33,0.0,0.0,0.0,0.0,0.0,0.0,2.004,2.004,-3.6970818999223845e+19,-0.0,-0.0,0.0,0.0,0.0,0.0,6597.0,0.0,0.0,0.0,-0.0,2.7184503771384073e+23,0.0,0.0,0.0,2.004,2.004,228,0.0,-1.9056960588899942e+17,0.0,0.0,0.0,0.0,0.0,0.0,0.0,0,0,0,0.0,653.029,-0.0,-2.348,-438652338176.0,6.107637646398689e+35,0.344,-2.2861043541186396e+31,475592600322048.0,-1.879596857573024e+32,-203032.641,6.767742146272297e+17,0.0,0.0,0.0,-272.494,0,1.3516416376850534e+27,226,0.0,452,-621855232.0,0.0,2114,52429,17109,52429,17111,52429,17095,0,0,0,101,100,100,-0.0,65.8,-0.0,66.1,0.0,66.0,1,49,50,180,52429,52429,0,0,0.0,0.0,0.0,60.0,85637.109,71.0,0.0,2192626286592.0,0.0,1069,0,1069,0,0,0,1069,0,1080,0,998,0,661,0,663,0,658,0,680,0.032,1.4536034330083127e+22,0.0,0.0,47504,16813,85637.109,2192626286592.0,5.8582995476649345e+19,-0.0,-18592.795,3921308286976.0,50.0,60.0,35,0.0,0.0,10.0,2.0,0.0,0.0,0.0,0.0,0.0,0.0,0.0,0.0,0.0,0.0,0.0,0.0,59.2,32,28,65531,27,65476,669,65476,1,0,4,20529,65476,0,0,30147,60.0,0.0,10.0,10.0,2.0,0.0
2026-02-16T12:43:15,ERR,ERR,ERR,ERR,ERR,ERR,ERR,ERR,ERR,ERR,ERR,ERR,ERR,ERR,ERR,ERR,ERR,ERR,ERR,ERR,ERR,ERR,ERR,ERR,ERR,ERR,ERR,ERR,ERR,ERR,ERR,ERR,ERR,ERR,ERR,ERR,ERR,ERR,ERR,ERR,ERR,ERR,ERR,ERR,ERR,ERR,ERR,ERR,ERR,ERR,ERR,ERR,ERR,ERR,ERR,ERR,ERR,ERR,ERR,ERR,ERR,ERR,ERR,ERR,ERR,ERR,ERR,ERR,ERR,ERR,ERR,ERR,ERR,ERR,ERR,ERR,ERR,ERR,ERR,ERR,ERR,ERR,ERR,ERR,ERR,ERR,ERR,ERR,ERR,ERR,ERR,ERR,ERR,ERR,ERR,ERR,ERR,ERR,ERR,ERR,ERR,ERR,ERR,ERR,ERR,ERR,ERR,ERR,ERR,ERR,ERR,ERR,ERR,ERR,ERR,ERR,ERR,ERR,ERR,ERR,ERR,ERR,ERR,ERR,ERR,0.0,-0.0,-107090032.0,0.0,-3.160207272547048e+29,-13074170904576.0,-0.0,-0.0,4300,0,8,17170,4300,0.0,41,0.0,0.0,0.0,0.0,0.0,0,0,0,0,0.0,0,0,0,0,0,0,0,0,0,0,0,0,0,0,0,0,0,0,0,0,0,0,0,0,0,0,0,0,0,0,0,0,0,11,38,37,48,65476,407,65476,1,0,4,21553,0.0,-0.0,0.0,0.0,0.0,0.0,0.0,0.0,0.0,0.0,0.0,0.0,0.0,0.0,-2.600982585120823e+33,0.0,0.0,0.0,0.0,0.0,0.0,2.004,2.004,-3.6970818999223845e+19,-0.0,-0.0,0.0,0.0,0.0,0.0,6597.0,0.0,0.0,0.0,-0.0,2.7184503771384073e+23,0.0,0.0,0.0,2.004,2.004,228,0.0,-1.9056960588899942e+17,0.0,0.0,0.0,0.0,0.0,0.0,0.0,0,0,0,0.0,653.029,-0.0,-2.348,-438652338176.0,6.107637646398689e+35,0.344,-2.2861043541186396e+31,475592600322048.0,-1.879596857573024e+32,-203032.641,6.767742146272297e+17,0.0,0.0,0.0,-272.494,0,1.3516416376850534e+27,226,0.0,452,-621855232.0,0.0,2114,52429,17109,52429,17111,52429,17095,0,0,0,101,100,100,-0.0,65.8,-0.0,66.1,0.0,66.0,1,49,50,180,52429,52429,0,0,0.0,0.0,0.0,60.0,85637.109,71.0,0.0,2192626286592.0,0.0,1069,0,1069,0,0,0,1069,0,1080,0,998,0,661,0,663,0,658,0,680,0.032,1.4536034330083127e+22,0.0,0.0,47504,16813,85637.109,2192626286592.0,5.8582995476649345e+19,-0.0,-18592.795,3921308286976.0,50.0,60.0,35,0.0,0.0,10.0,2.0,0.0,0.0,0.0,0.0,0.0,0.0,0.0,0.0,0.0,0.0,0.0,0.0,58.8,29,31,65534,27,65476,664,65476,1,0,4,20529,65476,0,0,30147,60.0,0.0,10.0,10.0,2.0,0.0
2026-02-16T12:43:16,ERR,ERR,ERR,ERR,ERR,ERR,ERR,ERR,ERR,ERR,ERR,ERR,ERR,ERR,ERR,ERR,ERR,ERR,ERR,ERR,ERR,ERR,ERR,ERR,ERR,ERR,ERR,ERR,ERR,ERR,ERR,ERR,ERR,ERR,ERR,ERR,ERR,ERR,ERR,ERR,ERR,ERR,ERR,ERR,ERR,ERR,ERR,ERR,ERR,ERR,ERR,ERR,ERR,ERR,ERR,ERR,ERR,ERR,ERR,ERR,ERR,ERR,ERR,ERR,ERR,ERR,ERR,ERR,ERR,ERR,ERR,ERR,ERR,ERR,ERR,ERR,ERR,ERR,ERR,ERR,ERR,ERR,ERR,ERR,ERR,ERR,ERR,ERR,ERR,ERR,ERR,ERR,ERR,ERR,ERR,ERR,ERR,ERR,ERR,ERR,ERR,ERR,ERR,ERR,ERR,ERR,ERR,ERR,ERR,ERR,ERR,ERR,ERR,ERR,ERR,ERR,ERR,ERR,ERR,ERR,ERR,ERR,ERR,ERR,ERR,0.0,-0.0,-107090032.0,0.0,-3.160207272547048e+29,-13074170904576.0,-0.0,-0.0,4300,0,8,17170,4300,0.0,41,0.0,0.0,0.0,0.0,0.0,0,0,0,0,0.0,0,0,0,0,0,0,0,0,0,0,0,0,0,0,0,0,0,0,0,0,0,0,0,0,0,0,0,0,0,0,0,0,0,11,38,37,48,65476,407,65476,1,0,4,21553,0.0,-0.0,0.0,0.0,0.0,0.0,0.0,0.0,0.0,0.0,0.0,0.0,0.0,0.0,-2.600982585120823e+33,0.0,0.0,0.0,0.0,0.0,0.0,2.004,2.004,-3.6970818999223845e+19,-0.0,-0.0,0.0,0.0,0.0,0.0,6597.0,0.0,0.0,0.0,-0.0,2.7184503771384073e+23,0.0,0.0,0.0,2.004,2.004,228,0.0,-1.9056960588899942e+17,0.0,0.0,0.0,0.0,0.0,0.0,0.0,0,0,0,0.0,653.029,-0.0,-2.348,-438652338176.0,6.107637646398689e+35,0.344,-2.2861043541186396e+31,475592600322048.0,-1.879596857573024e+32,-203032.641,6.767742146272297e+17,0.0,0.0,0.0,-272.494,0,1.3516416376850534e+27,226,0.0,452,-621855232.0,0.0,2114,52429,17109,52429,17111,52429,17095,0,0,0,101,100,100,-0.0,65.8,-0.0,66.1,0.0,66.0,1,49,50,180,52429,52429,0,0,0.0,0.0,0.0,60.0,85637.109,71.0,0.0,2192626286592.0,0.0,1069,0,1069,0,0,0,1069,0,1080,0,998,0,661,0,663,0,658,0,680,0.032,1.4536034330083127e+22,0.0,0.0,47504,16813,85637.109,2192626286592.0,5.8582995476649345e+19,-0.0,-18592.795,3921308286976.0,50.0,60.0,35,0.0,0.0,10.0,2.0,0.0,0.0,0.0,0.0,0.0,0.0,0.0,0.0,0.0,0.0,0.0,0.0,58.8,29,31,65534,27,65476,664,65476,1,0,4,20529,65476,0,0,30147,60.0,0.0,10.0,10.0,2.0,0.0
2026-02-16T12:43:17,ERR,ERR,ERR,ERR,ERR,ERR,ERR,ERR,ERR,ERR,ERR,ERR,ERR,ERR,ERR,ERR,ERR,ERR,ERR,ERR,ERR,ERR,ERR,ERR,ERR,ERR,ERR,ERR,ERR,ERR,ERR,ERR,ERR,ERR,ERR,ERR,ERR,ERR,ERR,ERR,ERR,ERR,ERR,ERR,ERR,ERR,ERR,ERR,ERR,ERR,ERR,ERR,ERR,ERR,ERR,ERR,ERR,ERR,ERR,ERR,ERR,ERR,ERR,ERR,ERR,ERR,ERR,ERR,ERR,ERR,ERR,ERR,ERR,ERR,ERR,ERR,ERR,ERR,ERR,ERR,ERR,ERR,ERR,ERR,ERR,ERR,ERR,ERR,ERR,ERR,ERR,ERR,ERR,ERR,ERR,ERR,ERR,ERR,ERR,ERR,ERR,ERR,ERR,ERR,ERR,ERR,ERR,ERR,ERR,ERR,ERR,ERR,ERR,ERR,ERR,ERR,ERR,ERR,ERR,ERR,ERR,ERR,ERR,ERR,ERR,0.0,-0.0,-107090032.0,0.0,-3.160207272547048e+29,-13074170904576.0,-0.0,-0.0,4300,0,8,17170,4300,0.0,41,0.0,0.0,0.0,0.0,0.0,0,0,0,0,0.0,0,0,0,0,0,0,0,0,0,0,0,0,0,0,0,0,0,0,0,0,0,0,0,0,0,0,0,0,0,0,0,0,0,11,38,37,48,65476,407,65476,1,0,4,21553,0.0,-0.0,0.0,0.0,0.0,0.0,0.0,0.0,0.0,0.0,0.0,0.0,0.0,0.0,-2.600982585120823e+33,0.0,0.0,0.0,0.0,0.0,0.0,2.004,2.004,-3.6970818999223845e+19,-0.0,-0.0,0.0,0.0,0.0,0.0,6597.0,0.0,0.0,0.0,-0.0,2.7184503771384073e+23,0.0,0.0,0.0,2.004,2.004,228,0.0,-1.9056960588899942e+17,0.0,0.0,0.0,0.0,0.0,0.0,0.0,0,0,0,0.0,653.029,-0.0,-2.348,-438652338176.0,6.107637646398689e+35,0.344,-2.2861043541186396e+31,475592600322048.0,-1.879596857573024e+32,-203032.641,6.767742146272297e+17,0.0,0.0,0.0,-272.494,0,1.3516416376850534e+27,226,0.0,452,-621855232.0,0.0,2114,52429,17109,0,17112,52429,17095,0,0,0,101,100,100,-0.0,65.8,-0.0,66.1,0.0,66.0,1,49,50,180,52429,52429,0,0,0.0,0.0,0.0,60.0,0.001,71.0,0.0,-1.4106782990953563e+38,0.0,1069,0,1069,0,0,0,1069,0,1079,0,999,0,661,0,663,0,658,0,680,0.032,1.4609821306377965e+22,0.0,0.0,50192,16813,2.004,127912337408.0,3002377.75,-31989400862720.0,-0.0,6.414,50.0,60.0,35,0.0,0.0,10.0,2.0,0.0,0.0,0.0,0.0,0.0,0.0,0.0,0.0,0.0,0.0,0.0,0.0,58.8,26,34,2,27,65476,582,65476,1,0,4,20529,65476,0,0,30147,60.0,0.0,10.0,10.0,2.0,0.0
2026-02-16T12:43:18,ERR,ERR,ERR,ERR,ERR,ERR,ERR,ERR,ERR,ERR,ERR,ERR,ERR,ERR,ERR,ERR,ERR,ERR,ERR,ERR,ERR,ERR,ERR,ERR,ERR,ERR,ERR,ERR,ERR,ERR,ERR,ERR,ERR,ERR,ERR,ERR,ERR,ERR,ERR,ERR,ERR,ERR,ERR,ERR,ERR,ERR,ERR,ERR,ERR,ERR,ERR,ERR,ERR,ERR,ERR,ERR,ERR,ERR,ERR,ERR,ERR,ERR,ERR,ERR,ERR,ERR,ERR,ERR,ERR,ERR,ERR,ERR,ERR,ERR,ERR,ERR,ERR,ERR,ERR,ERR,ERR,ERR,ERR,ERR,ERR,ERR,ERR,ERR,ERR,ERR,ERR,ERR,ERR,ERR,ERR,ERR,ERR,ERR,ERR,ERR,ERR,ERR,ERR,ERR,ERR,ERR,ERR,ERR,ERR,ERR,ERR,ERR,ERR,ERR,ERR,ERR,ERR,ERR,ERR,ERR,ERR,ERR,ERR,ERR,ERR,0.0,-0.0,-107090032.0,0.0,-3.160207272547048e+29,-13074170904576.0,-0.0,-0.0,4300,0,8,17170,4300,0.0,41,0.0,0.0,0.0,0.0,0.0,0,0,0,0,0.0,0,0,0,0,0,0,0,0,0,0,0,0,0,0,0,0,0,0,0,0,0,0,0,0,0,0,0,0,0,0,0,0,0,11,38,37,48,65476,407,65476,1,0,4,21553,0.0,-0.0,0.0,0.0,0.0,0.0,0.0,0.0,0.0,0.0,0.0,0.0,0.0,0.0,-2.600982585120823e+33,0.0,0.0,0.0,0.0,0.0,0.0,2.004,2.004,-3.6970818999223845e+19,-0.0,-0.0,0.0,0.0,0.0,0.0,6597.0,0.0,0.0,0.0,-0.0,2.7184503771384073e+23,0.0,0.0,0.0,2.004,2.004,228,0.0,-1.9056960588899942e+17,0.0,0.0,0.0,0.0,0.0,0.0,0.0,0,0,0,0.0,653.029,-0.0,-2.348,-438652338176.0,6.107637646398689e+35,0.344,-2.2861043541186396e+31,475592600322048.0,-1.879596857573024e+32,-203032.641,6.767742146272297e+17,0.0,0.0,0.0,-272.494,0,1.3516416376850534e+27,226,0.0,452,-621855232.0,0.0,2114,52429,17109,0,17112,52429,17095,0,0,0,101,100,100,-0.0,65.8,-0.0,66.1,0.0,66.0,1,49,50,180,52429,52429,0,0,0.0,0.0,0.0,60.0,0.001,71.0,0.0,-1.4106782990953563e+38,0.0,1069,0,1069,0,0,0,1069,0,1079,0,999,0,661,0,663,0,658,0,680,0.032,1.4609821306377965e+22,0.0,0.0,50192,16813,2.004,127912337408.0,3002377.75,-31989400862720.0,-0.0,6.414,50.0,60.0,35,0.0,0.0,10.0,2.0,0.0,0.0,0.0,0.0,0.0,0.0,0.0,0.0,0.0,0.0,0.0,0.0,59.2,24,36,4,27,65476,539,65476,1,0,4,20529,65476,0,0,30147,60.0,0.0,10.0,10.0,2.0,0.0
2026-02-16T12:43:19,ERR,ERR,ERR,ERR,ERR,ERR,ERR,ERR,ERR,ERR,ERR,ERR,ERR,ERR,ERR,ERR,ERR,ERR,ERR,ERR,ERR,ERR,ERR,ERR,ERR,ERR,ERR,ERR,ERR,ERR,ERR,ERR,ERR,ERR,ERR,ERR,ERR,ERR,ERR,ERR,ERR,ERR,ERR,ERR,ERR,ERR,ERR,ERR,ERR,ERR,ERR,ERR,ERR,ERR,ERR,ERR,ERR,ERR,ERR,ERR,ERR,ERR,ERR,ERR,ERR,ERR,ERR,ERR,ERR,ERR,ERR,ERR,ERR,ERR,ERR,ERR,ERR,ERR,ERR,ERR,ERR,ERR,ERR,ERR,ERR,ERR,ERR,ERR,ERR,ERR,ERR,ERR,ERR,ERR,ERR,ERR,ERR,ERR,ERR,ERR,ERR,ERR,ERR,ERR,ERR,ERR,ERR,ERR,ERR,ERR,ERR,ERR,ERR,ERR,ERR,ERR,ERR,ERR,ERR,ERR,ERR,ERR,ERR,ERR,ERR,0.0,-0.0,-107090032.0,0.0,-3.160207272547048e+29,-43841.082,-0.0,-0.0,4300,0,8,17170,4300,0.0,41,0.0,0.0,0.0,0.0,0.0,0,0,0,0,0.0,0,0,0,0,0,0,0,0,0,0,0,0,0,0,0,0,0,0,0,0,0,0,0,0,0,0,0,0,0,0,0,0,0,11,38,37,48,65476,408,65476,1,0,4,21553,0.0,0.0,0.0,0.0,0.0,0.0,0.0,0.0,0.0,0.0,0.0,0.0,0.0,0.0,0.0,0.0,0.0,0.0,0.0,0.0,0.0,2.004,0.0,-3.6970818999223845e+19,-2.004,-0.0,0.0,0.0,0.0,0.0,6570.0,-8608232448.0,0.0,0.0,-0.0,-0.0,-107616272.0,0.0,0.0,2.004,2.004,228,1.9056860945658675e+17,-0.0,0.0,0.0,0.0,0.0,0.0,0.0,0.0,0,0,0,0.0,0.0,-4.539,-4.283805899917462e+36,-6.502972118991674e+21,-0.0,7.196,-9937.502,0.003,-2.044391435602694e+32,-216344.641,7.353210097830461e+17,0.0,0.0,0.0,-9.176047313383346e+28,0,1.3516416376850534e+27,226,0.0,452,-621855232.0,0.0,2114,52429,17109,0,17112,52429,17095,0,0,0,101,100,100,-0.0,65.8,-0.0,66.1,0.0,66.0,1,49,50,180,52429,52429,0,0,0.0,0.0,0.0,60.0,0.001,71.0,0.0,-1.4106782990953563e+38,0.0,1069,0,1069,0,0,0,1069,0,1079,0,999,0,661,0,663,0,658,0,680,0.032,1.4609821306377965e+22,0.0,0.0,50192,16813,2.004,127912337408.0,3002377.75,-31989400862720.0,-0.0,6.414,50.0,60.0,35,0.0,0.0,10.0,2.0,0.0,0.0,0.0,0.0,0.0,0.0,0.0,0.0,0.0,0.0,0.0,0.0,59.2,24,36,4,27,65476,539,65476,1,0,4,20529,65476,0,0,30147,60.0,0.0,10.0,10.0,2.0,0.0
2026-02-16T12:43:20,ERR,ERR,ERR,ERR,ERR,ERR,ERR,ERR,ERR,ERR,ERR,ERR,ERR,ERR,ERR,ERR,ERR,ERR,ERR,ERR,ERR,ERR,ERR,ERR,ERR,ERR,ERR,ERR,ERR,ERR,ERR,ERR,ERR,ERR,ERR,ERR,ERR,ERR,ERR,ERR,ERR,ERR,ERR,ERR,ERR,ERR,ERR,ERR,ERR,ERR,ERR,ERR,ERR,ERR,ERR,ERR,ERR,ERR,ERR,ERR,ERR,ERR,ERR,ERR,ERR,ERR,ERR,ERR,ERR,ERR,ERR,ERR,ERR,ERR,ERR,ERR,ERR,ERR,ERR,ERR,ERR,ERR,ERR,ERR,ERR,ERR,ERR,ERR,ERR,ERR,ERR,ERR,ERR,ERR,ERR,ERR,ERR,ERR,ERR,ERR,ERR,ERR,ERR,ERR,ERR,ERR,ERR,ERR,ERR,ERR,ERR,ERR,ERR,ERR,ERR,ERR,ERR,ERR,ERR,ERR,ERR,ERR,ERR,ERR,ERR,0.0,-0.0,-107090032.0,0.0,-3.160207272547048e+29,-43841.082,-0.0,-0.0,4300,0,8,17170,4300,0.0,41,0.0,0.0,0.0,0.0,0.0,0,0,0,0,0.0,0,0,0,0,0,0,0,0,0,0,0,0,0,0,0,0,0,0,0,0,0,0,0,0,0,0,0,0,0,0,0,0,0,11,38,37,48,65476,408,65476,1,0,4,21553,0.0,0.0,0.0,0.0,0.0,0.0,0.0,0.0,0.0,0.0,0.0,0.0,0.0,0.0,0.0,0.0,0.0,0.0,0.0,0.0,0.0,2.004,0.0,-3.6970818999223845e+19,-2.004,-0.0,0.0,0.0,0.0,0.0,6570.0,-8608232448.0,0.0,0.0,-0.0,-0.0,-107616272.0,0.0,0.0,2.004,2.004,228,1.9056860945658675e+17,-0.0,0.0,0.0,0.0,0.0,0.0,0.0,0.0,0,0,0,0.0,0.0,-4.539,-4.283805899917462e+36,-6.502972118991674e+21,-0.0,7.196,-9937.502,0.003,-2.044391435602694e+32,-216344.641,7.353210097830461e+17,0.0,0.0,0.0,-9.176047313383346e+28,0,1.3516416376850534e+27,226,0.0,452,-621855232.0,0.0,2114,52429,17109,0,17112,39322,17095,0,0,0,101,100,100,-0.0,65.8,-0.0,66.1,0.0,66.0,1,49,50,180,52429,52429,0,0,0.0,0.0,0.0,60.0,0.0,71.0,0.0,-92.128,0.0,1069,0,1069,0,0,0,1069,0,1079,0,999,0,661,0,663,0,658,0,679,0.032,1.4462247353788288e+22,0.0,0.0,42640,16813,0.0,9.052764269508254e+28,-2.379326497904144e+30,-20.344,62.064,-6.994369533327408e+29,50.0,60.0,35,0.0,0.0,10.0,2.0,0.0,0.0,0.0,0.0,0.0,0.0,0.0,0.0,0.0,0.0,0.0,0.0,58.8,23,37,4,27,65476,466,65476,1,0,4,20529,65476,0,0,30147,60.0,0.0,10.0,10.0,2.0,0.0
2026-02-16T12:43:21,ERR,ERR,ERR,ERR,ERR,ERR,ERR,ERR,ERR,ERR,ERR,ERR,ERR,ERR,ERR,ERR,ERR,ERR,ERR,ERR,ERR,ERR,ERR,ERR,ERR,ERR,ERR,ERR,ERR,ERR,ERR,ERR,ERR,ERR,ERR,ERR,ERR,ERR,ERR,ERR,ERR,ERR,ERR,ERR,ERR,ERR,ERR,ERR,ERR,ERR,ERR,ERR,ERR,ERR,ERR,ERR,ERR,ERR,ERR,ERR,ERR,ERR,ERR,ERR,ERR,ERR,ERR,ERR,ERR,ERR,ERR,ERR,ERR,ERR,ERR,ERR,ERR,ERR,ERR,ERR,ERR,ERR,ERR,ERR,ERR,ERR,ERR,ERR,ERR,ERR,ERR,ERR,ERR,ERR,ERR,ERR,ERR,ERR,ERR,ERR,ERR,ERR,ERR,ERR,ERR,ERR,ERR,ERR,ERR,ERR,ERR,ERR,ERR,ERR,ERR,ERR,ERR,ERR,ERR,ERR,ERR,ERR,ERR,ERR,ERR,0.0,-0.0,-107090032.0,0.0,-3.160207272547048e+29,-43841.082,-0.0,-0.0,4300,0,8,17170,4300,0.0,41,0.0,0.0,0.0,0.0,0.0,0,0,0,0,0.0,0,0,0,0,0,0,0,0,0,0,0,0,0,0,0,0,0,0,0,0,0,0,0,0,0,0,0,0,0,0,0,0,0,11,38,37,48,65476,408,65476,1,0,4,21553,0.0,0.0,0.0,0.0,0.0,0.0,0.0,0.0,0.0,0.0,0.0,0.0,0.0,0.0,0.0,0.0,0.0,0.0,0.0,0.0,0.0,2.004,0.0,-3.6970818999223845e+19,-2.004,-0.0,0.0,0.0,0.0,0.0,6570.0,-8608232448.0,0.0,0.0,-0.0,-0.0,-107616272.0,0.0,0.0,2.004,2.004,228,1.9056860945658675e+17,-0.0,0.0,0.0,0.0,0.0,0.0,0.0,0.0,0,0,0,0.0,0.0,-4.539,-4.283805899917462e+36,-6.502972118991674e+21,-0.0,7.196,-9937.502,0.003,-2.044391435602694e+32,-216344.641,7.353210097830461e+17,0.0,0.0,0.0,-9.176047313383346e+28,0,1.3516416376850534e+27,226,0.0,452,-621855232.0,0.0,2114,52429,17109,0,17112,39322,17095,0,0,0,101,100,100,-0.0,65.8,-0.0,66.1,0.0,66.0,1,49,50,180,52429,52429,0,0,0.0,0.0,0.0,60.0,0.0,71.0,0.0,-92.128,0.0,1069,0,1069,0,0,0,1069,0,1079,0,999,0,661,0,663,0,658,0,679,0.032,1.4462247353788288e+22,0.0,0.0,42640,16813,0.0,9.052764269508254e+28,-2.379326497904144e+30,-20.344,62.064,-6.994369533327408e+29,50.0,60.0,35,0.0,0.0,10.0,2.0,0.0,0.0,0.0,0.0,0.0,0.0,0.0,0.0,0.0,0.0,0.0,0.0,58.8,23,37,4,27,65476,466,65476,1,0,4,20529,65476,0,0,30147,60.0,0.0,10.0,10.0,2.0,0.0
2026-02-16T12:43:22,ERR,ERR,ERR,ERR,ERR,ERR,ERR,ERR,ERR,ERR,ERR,ERR,ERR,ERR,ERR,ERR,ERR,ERR,ERR,ERR,ERR,ERR,ERR,ERR,ERR,ERR,ERR,ERR,ERR,ERR,ERR,ERR,ERR,ERR,ERR,ERR,ERR,ERR,ERR,ERR,ERR,ERR,ERR,ERR,ERR,ERR,ERR,ERR,ERR,ERR,ERR,ERR,ERR,ERR,ERR,ERR,ERR,ERR,ERR,ERR,ERR,ERR,ERR,ERR,ERR,ERR,ERR,ERR,ERR,ERR,ERR,ERR,ERR,ERR,ERR,ERR,ERR,ERR,ERR,ERR,ERR,ERR,ERR,ERR,ERR,ERR,ERR,ERR,ERR,ERR,ERR,ERR,ERR,ERR,ERR,ERR,ERR,ERR,ERR,ERR,ERR,ERR,ERR,ERR,ERR,ERR,ERR,ERR,ERR,ERR,ERR,ERR,ERR,ERR,ERR,ERR,ERR,ERR,ERR,ERR,ERR,ERR,ERR,ERR,ERR,0.0,-0.0,-107090032.0,0.0,-3.160207272547048e+29,-43841.082,-0.0,-0.0,4300,0,8,17170,4300,0.0,41,0.0,0.0,0.0,0.0,0.0,0,0,0,0,0.0,0,0,0,0,0,0,0,0,0,0,0,0,0,0,0,0,0,0,0,0,0,0,0,0,0,0,0,0,0,0,0,0,0,11,38,37,48,65476,408,65476,1,0,4,21553,0.0,0.0,0.0,0.0,0.0,0.0,0.0,0.0,0.0,0.0,0.0,0.0,0.0,0.0,0.0,0.0,0.0,0.0,0.0,0.0,0.0,2.004,0.0,-3.6970818999223845e+19,-2.004,-0.0,0.0,0.0,0.0,0.0,6570.0,-8608232448.0,0.0,0.0,-0.0,-0.0,-107616272.0,0.0,0.0,2.004,2.004,228,1.9056860945658675e+17,-0.0,0.0,0.0,0.0,0.0,0.0,0.0,0.0,0,0,0,0.0,0.0,-4.539,-4.283805899917462e+36,-6.502972118991674e+21,-0.0,7.196,-9937.502,0.003,-2.044391435602694e+32,-216344.641,7.353210097830461e+17,0.0,0.0,0.0,-9.176047313383346e+28,0,1.3516416376850534e+27,226,0.0,452,-621855232.0,0.0,2114,52429,17109,0,17112,39322,17095,0,0,0,101,100,100,-0.0,65.8,-0.0,66.1,0.0,66.0,1,49,50,180,52429,52429,0,0,0.0,0.0,0.0,60.0,0.0,71.0,0.0,-92.128,0.0,1069,0,1069,0,0,0,1069,0,1079,0,999,0,661,0,663,0,658,0,679,0.032,1.4462247353788288e+22,0.0,0.0,42640,16813,0.0,9.052764269508254e+28,-2.379326497904144e+30,-20.344,62.064,-6.994369533327408e+29,50.0,60.0,35,0.0,0.0,10.0,2.0,0.0,0.0,0.0,0.0,0.0,0.0,0.0,0.0,0.0,0.0,0.0,0.0,59.2,22,38,5,27,65476,466,65476,1,0,4,20529,65476,0,0,30147,60.0,0.0,10.0,10.0,2.0,0.0
2026-02-16T12:43:23,ERR,ERR,ERR,ERR,ERR,ERR,ERR,ERR,ERR,ERR,ERR,ERR,ERR,ERR,ERR,ERR,ERR,ERR,ERR,ERR,ERR,ERR,ERR,ERR,ERR,ERR,ERR,ERR,ERR,ERR,ERR,ERR,ERR,ERR,ERR,ERR,ERR,ERR,ERR,ERR,ERR,ERR,ERR,ERR,ERR,ERR,ERR,ERR,ERR,ERR,ERR,ERR,ERR,ERR,ERR,ERR,ERR,ERR,ERR,ERR,ERR,ERR,ERR,ERR,ERR,ERR,ERR,ERR,ERR,ERR,ERR,ERR,ERR,ERR,ERR,ERR,ERR,ERR,ERR,ERR,ERR,ERR,ERR,ERR,ERR,ERR,ERR,ERR,ERR,ERR,ERR,ERR,ERR,ERR,ERR,ERR,ERR,ERR,ERR,ERR,ERR,ERR,ERR,ERR,ERR,ERR,ERR,ERR,ERR,ERR,ERR,ERR,ERR,ERR,ERR,ERR,ERR,ERR,ERR,ERR,ERR,ERR,ERR,ERR,ERR,0.0,-0.0,-107090032.0,0.0,-3.160207272547048e+29,-154891796480.0,-0.0,-0.0,4300,0,8,17170,4300,0.0,41,0.0,0.0,0.0,0.0,0.0,0,0,0,0,0.0,0,0,0,0,0,0,0,0,0,0,0,0,0,0,0,0,0,0,0,0,0,0,0,0,0,0,0,0,0,0,0,0,0,11,38,37,48,65476,408,65476,1,0,4,21553,0.0,-107610720.0,0.0,0.0,0.0,0.0,0.0,0.0,0.0,0.0,0.0,0.0,0.0,0.0,0.0,0.0,0.0,0.0,0.0,0.0,0.0,2.004,2.004,-3.6970818999223845e+19,-2.004,-0.0,0.0,0.0,0.0,0.0,6573.0,3.697207684052602e+19,0.0,0.0,-0.0,-0.0,-107616272.0,0.0,0.0,2.004,2.004,226,5.848056079300204e+35,89221.023,0.0,0.0,0.0,0.0,0.0,0.0,0.0,0,0,0,0.0,-1.471,-0.501,0.0,-112294998573056.0,3.0075979565351746e+32,0.172,-1621295360.0,0.199,-2.2091860136323638e+32,-228632.641,7.893642053114921e+17,0.0,0.0,0.0,-8.345566414739866e+16,0,1.3516416376850534e+27,227,0.0,454,0.0,-20512.51,2114,52429,17109,52429,17111,52429,17095,0,0,0,101,100,100,-0.0,65.8,-0.0,66.1,0.0,66.0,1,49,50,180,52429,52429,0,0,0.0,0.0,0.0,60.0,0.0,71.0,0.0,-47514988.0,0.0,1069,0,1069,0,0,0,1069,0,1079,0,999,0,661,0,663,0,658,0,680,0.032,1.4462247353788288e+22,0.0,0.0,54928,16813,0.829,-47514988.0,-0.0,-1.3607714964763411e+31,0.0,-0.0,50.0,60.0,35,0.0,0.0,10.0,2.0,0.0,0.0,0.0,0.0,0.0,0.0,0.0,0.0,0.0,0.0,0.0,0.0,58.8,23,37,4,27,65476,437,65476,1,0,4,20529,65476,0,0,30147,60.0,0.0,10.0,10.0,2.0,0.0
2026-02-16T12:43:24,ERR,ERR,ERR,ERR,ERR,ERR,ERR,ERR,ERR,ERR,ERR,ERR,ERR,ERR,ERR,ERR,ERR,ERR,ERR,ERR,ERR,ERR,ERR,ERR,ERR,ERR,ERR,ERR,ERR,ERR,ERR,ERR,ERR,ERR,ERR,ERR,ERR,ERR,ERR,ERR,ERR,ERR,ERR,ERR,ERR,ERR,ERR,ERR,ERR,ERR,ERR,ERR,ERR,ERR,ERR,ERR,ERR,ERR,ERR,ERR,ERR,ERR,ERR,ERR,ERR,ERR,ERR,ERR,ERR,ERR,ERR,ERR,ERR,ERR,ERR,ERR,ERR,ERR,ERR,ERR,ERR,ERR,ERR,ERR,ERR,ERR,ERR,ERR,ERR,ERR,ERR,ERR,ERR,ERR,ERR,ERR,ERR,ERR,ERR,ERR,ERR,ERR,ERR,ERR,ERR,ERR,ERR,ERR,ERR,ERR,ERR,ERR,ERR,ERR,ERR,ERR,ERR,ERR,ERR,ERR,ERR,ERR,ERR,ERR,ERR,0.0,-0.0,-107090032.0,0.0,-3.160207272547048e+29,-154891796480.0,-0.0,-0.0,4300,0,8,17170,4300,0.0,41,0.0,0.0,0.0,0.0,0.0,0,0,0,0,0.0,0,0,0,0,0,0,0,0,0,0,0,0,0,0,0,0,0,0,0,0,0,0,0,0,0,0,0,0,0,0,0,0,0,11,38,37,48,65476,408,65476,1,0,4,21553,0.0,-107610720.0,0.0,0.0,0.0,0.0,0.0,0.0,0.0,0.0,0.0,0.0,0.0,0.0,0.0,0.0,0.0,0.0,0.0,0.0,0.0,2.004,2.004,-3.6970818999223845e+19,-2.004,-0.0,0.0,0.0,0.0,0.0,6573.0,3.697207684052602e+19,0.0,0.0,-0.0,-0.0,-107616272.0,0.0,0.0,2.004,2.004,226,5.848056079300204e+35,89221.023,0.0,0.0,0.0,0.0,0.0,0.0,0.0,0,0,0,0.0,-1.471,-0.501,0.0,-112294998573056.0,3.0075979565351746e+32,0.172,-1621295360.0,0.199,-2.2091860136323638e+32,-228632.641,7.893642053114921e+17,0.0,0.0,0.0,-8.345566414739866e+16,0,1.3516416376850534e+27,227,0.0,454,0.0,-20512.51,2114,52429,17109,52429,17111,52429,17095,0,0,0,101,100,100,-0.0,65.8,-0.0,66.1,0.0,66.0,1,49,50,180,52429,52429,0,0,0.0,0.0,0.0,60.0,0.0,71.0,0.0,-47514988.0,0.0,1069,0,1069,0,0,0,1069,0,1079,0,999,0,661,0,663,0,658,0,680,0.032,1.4462247353788288e+22,0.0,0.0,54928,16813,0.829,-47514988.0,-0.0,-1.3607714964763411e+31,0.0,-0.0,50.0,60.0,35,0.0,0.0,10.0,2.0,0.0,0.0,0.0,0.0,0.0,0.0,0.0,0.0,0.0,0.0,0.0,0.0,58.8,23,37,4,27,65476,437,65476,1,0,4,20529,65476,0,0,30147,60.0,0.0,10.0,10.0,2.0,0.0
2026-02-16T12:43:25,ERR,ERR,ERR,ERR,ERR,ERR,ERR,ERR,ERR,ERR,ERR,ERR,ERR,ERR,ERR,ERR,ERR,ERR,ERR,ERR,ERR,ERR,ERR,ERR,ERR,ERR,ERR,ERR,ERR,ERR,ERR,ERR,ERR,ERR,ERR,ERR,ERR,ERR,ERR,ERR,ERR,ERR,ERR,ERR,ERR,ERR,ERR,ERR,ERR,ERR,ERR,ERR,ERR,ERR,ERR,ERR,ERR,ERR,ERR,ERR,ERR,ERR,ERR,ERR,ERR,ERR,ERR,ERR,ERR,ERR,ERR,ERR,ERR,ERR,ERR,ERR,ERR,ERR,ERR,ERR,ERR,ERR,ERR,ERR,ERR,ERR,ERR,ERR,ERR,ERR,ERR,ERR,ERR,ERR,ERR,ERR,ERR,ERR,ERR,ERR,ERR,ERR,ERR,ERR,ERR,ERR,ERR,ERR,ERR,ERR,ERR,ERR,ERR,ERR,ERR,ERR,ERR,ERR,ERR,ERR,ERR,ERR,ERR,ERR,ERR,0.0,-0.0,-107090032.0,0.0,-3.160207272547048e+29,-154891796480.0,-0.0,-0.0,4300,0,8,17170,4300,0.0,41,0.0,0.0,0.0,0.0,0.0,0,0,0,0,0.0,0,0,0,0,0,0,0,0,0,0,0,0,0,0,0,0,0,0,0,0,0,0,0,0,0,0,0,0,0,0,0,0,0,11,38,37,48,65476,408,65476,1,0,4,21553,0.0,-107610720.0,0.0,0.0,0.0,0.0,0.0,0.0,0.0,0.0,0.0,0.0,0.0,0.0,0.0,0.0,0.0,0.0,0.0,0.0,0.0,2.004,2.004,-3.6970818999223845e+19,-2.004,-0.0,0.0,0.0,0.0,0.0,6573.0,3.697207684052602e+19,0.0,0.0,-0.0,-0.0,-107616272.0,0.0,0.0,2.004,2.004,226,5.848056079300204e+35,89221.023,0.0,0.0,0.0,0.0,0.0,0.0,0.0,0,0,0,0.0,-1.471,-0.501,0.0,-112294998573056.0,3.0075979565351746e+32,0.172,-1621295360.0,0.199,-2.2091860136323638e+32,-228632.641,7.893642053114921e+17,0.0,0.0,0.0,-8.345566414739866e+16,0,1.3516416376850534e+27,227,0.0,454,0.0,-20512.51,2114,52429,17109,52429,17111,52429,17095,0,0,0,101,100,100,-0.0,65.8,-0.0,66.1,0.0,66.0,1,49,50,180,52429,52429,0,0,0.0,0.0,0.0,60.0,0.0,71.0,0.0,-47514988.0,0.0,1069,0,1069,0,0,0,1069,0,1079,0,999,0,661,0,663,0,658,0,680,0.032,1.4462247353788288e+22,0.0,0.0,54928,16813,0.829,-47514988.0,-0.0,-1.3607714964763411e+31,0.0,-0.0,50.0,60.0,35,0.0,0.0,10.0,2.0,0.0,0.0,0.0,0.0,0.0,0.0,0.0,0.0,0.0,0.0,0.0,0.0,58.8,23,37,4,27,65476,437,65476,1,0,4,20529,65476,0,0,30147,60.0,0.0,10.0,10.0,2.0,0.0
2026-02-16T12:43:26,ERR,ERR,ERR,ERR,ERR,ERR,ERR,ERR,ERR,ERR,ERR,ERR,ERR,ERR,ERR,ERR,ERR,ERR,ERR,ERR,ERR,ERR,ERR,ERR,ERR,ERR,ERR,ERR,ERR,ERR,ERR,ERR,ERR,ERR,ERR,ERR,ERR,ERR,ERR,ERR,ERR,ERR,ERR,ERR,ERR,ERR,ERR,ERR,ERR,ERR,ERR,ERR,ERR,ERR,ERR,ERR,ERR,ERR,ERR,ERR,ERR,ERR,ERR,ERR,ERR,ERR,ERR,ERR,ERR,ERR,ERR,ERR,ERR,ERR,ERR,ERR,ERR,ERR,ERR,ERR,ERR,ERR,ERR,ERR,ERR,ERR,ERR,ERR,ERR,ERR,ERR,ERR,ERR,ERR,ERR,ERR,ERR,ERR,ERR,ERR,ERR,ERR,ERR,ERR,ERR,ERR,ERR,ERR,ERR,ERR,ERR,ERR,ERR,ERR,ERR,ERR,ERR,ERR,ERR,ERR,ERR,ERR,ERR,ERR,ERR,0.0,-0.0,-107090032.0,0.0,-3.160207272547048e+29,-154891796480.0,-0.0,-0.0,4300,0,8,17170,4300,0.0,41,0.0,0.0,0.0,0.0,0.0,0,0,0,0,0.0,0,0,0,0,0,0,0,0,0,0,0,0,0,0,0,0,0,0,0,0,0,0,0,0,0,0,0,0,0,0,0,0,0,11,38,37,48,65476,408,65476,1,0,4,21553,0.0,-107610720.0,0.0,0.0,0.0,0.0,0.0,0.0,0.0,0.0,0.0,0.0,0.0,0.0,0.0,0.0,0.0,0.0,0.0,0.0,0.0,2.004,2.004,-3.6970818999223845e+19,-2.004,-0.0,0.0,0.0,0.0,0.0,6573.0,3.697207684052602e+19,0.0,0.0,-0.0,-0.0,-107616272.0,0.0,0.0,2.004,2.004,226,5.848056079300204e+35,89221.023,0.0,0.0,0.0,0.0,0.0,0.0,0.0,0,0,0,0.0,-1.471,-0.501,0.0,-112294998573056.0,3.0075979565351746e+32,0.172,-1621295360.0,0.199,-2.2091860136323638e+32,-228632.641,7.893642053114921e+17,0.0,0.0,0.0,-8.345566414739866e+16,0,1.3516416376850534e+27,227,0.0,454,0.0,-20512.51,2114,52429,17109,52429,17111,52429,17095,0,0,0,101,100,100,-0.0,65.8,-0.0,66.1,0.0,66.0,1,49,50,180,52429,52429,0,0,0.0,0.0,0.0,60.0,0.0,71.0,0.0,-47514988.0,0.0,1069,0,1069,0,0,0,1069,0,1079,0,999,0,661,0,663,0,658,0,680,0.032,1.4462247353788288e+22,0.0,0.0,54928,16813,0.829,-47514988.0,-0.0,-1.3607714964763411e+31,0.0,-0.0,50.0,60.0,35,0.0,0.0,10.0,2.0,0.0,0.0,0.0,0.0,0.0,0.0,0.0,0.0,0.0,0.0,0.0,0.0,58.8,23,37,4,27,65476,437,65476,1,0,4,20529,65476,0,0,30147,60.0,0.0,10.0,10.0,2.0,0.0
2026-02-16T12:43:27,ERR,ERR,ERR,ERR,ERR,ERR,ERR,ERR,ERR,ERR,ERR,ERR,ERR,ERR,ERR,ERR,ERR,ERR,ERR,ERR,ERR,ERR,ERR,ERR,ERR,ERR,ERR,ERR,ERR,ERR,ERR,ERR,ERR,ERR,ERR,ERR,ERR,ERR,ERR,ERR,ERR,ERR,ERR,ERR,ERR,ERR,ERR,ERR,ERR,ERR,ERR,ERR,ERR,ERR,ERR,ERR,ERR,ERR,ERR,ERR,ERR,ERR,ERR,ERR,ERR,ERR,ERR,ERR,ERR,ERR,ERR,ERR,ERR,ERR,ERR,ERR,ERR,ERR,ERR,ERR,ERR,ERR,ERR,ERR,ERR,ERR,ERR,ERR,ERR,ERR,ERR,ERR,ERR,ERR,ERR,ERR,ERR,ERR,ERR,ERR,ERR,ERR,ERR,ERR,ERR,ERR,ERR,ERR,ERR,ERR,ERR,ERR,ERR,ERR,ERR,ERR,ERR,ERR,ERR,ERR,ERR,ERR,ERR,ERR,ERR,0.0,-0.0,-107090032.0,0.0,-3.160207272547048e+29,-154891796480.0,-0.0,-0.0,4300,0,8,17170,4300,0.0,41,0.0,0.0,0.0,0.0,0.0,0,0,0,0,0.0,0,0,0,0,0,0,0,0,0,0,0,0,0,0,0,0,0,0,0,0,0,0,0,0,0,0,0,0,0,0,0,0,0,11,38,37,48,65476,408,65476,1,0,4,21553,0.0,-107610720.0,0.0,0.0,0.0,0.0,0.0,0.0,0.0,0.0,0.0,0.0,0.0,0.0,0.0,0.0,0.0,0.0,0.0,0.0,0.0,2.004,2.004,-3.6970818999223845e+19,-2.004,-0.0,0.0,0.0,0.0,0.0,6573.0,3.697207684052602e+19,0.0,0.0,-0.0,-0.0,-107616272.0,0.0,0.0,2.004,2.004,226,5.848056079300204e+35,89221.023,0.0,0.0,0.0,0.0,0.0,0.0,0.0,0,0,0,0.0,-1.471,-0.501,0.0,-112294998573056.0,3.0075979565351746e+32,0.172,-1621295360.0,0.199,-2.2091860136323638e+32,-228632.641,7.893642053114921e+17,0.0,0.0,0.0,-8.345566414739866e+16,0,1.3516416376850534e+27,227,0.0,454,0.0,-20512.51,2114,52429,17109,0,17112,39322,17095,0,0,0,101,100,100,-0.0,65.8,-0.0,66.1,0.0,66.0,1,49,50,180,52429,52429,0,0,0.0,0.0,0.0,60.0,308.52,71.0,0.0,0.0,0.0,1069,0,1069,0,0,0,1069,0,1080,0,998,0,661,0,663,0,658,0,679,0.032,1.4536034330083127e+22,0.0,0.0,144,16814,308.52,0.0,0.0,17970629705728.0,1.2696805075719443e+31,0.0,50.0,60.0,35,0.0,0.0,10.0,2.0,0.0,0.0,0.0,0.0,0.0,0.0,0.0,0.0,0.0,0.0,0.0,0.0,58.8,25,35,3,27,65476,456,65476,1,0,4,20529,65476,0,0,30147,60.0,0.0,10.0,10.0,2.0,0.0
2026-02-16T12:43:28,ERR,ERR,ERR,ERR,ERR,ERR,ERR,ERR,ERR,ERR,ERR,ERR,ERR,ERR,ERR,ERR,ERR,ERR,ERR,ERR,ERR,ERR,ERR,ERR,ERR,ERR,ERR,ERR,ERR,ERR,ERR,ERR,ERR,ERR,ERR,ERR,ERR,ERR,ERR,ERR,ERR,ERR,ERR,ERR,ERR,ERR,ERR,ERR,ERR,ERR,ERR,ERR,ERR,ERR,ERR,ERR,ERR,ERR,ERR,ERR,ERR,ERR,ERR,ERR,ERR,ERR,ERR,ERR,ERR,ERR,ERR,ERR,ERR,ERR,ERR,ERR,ERR,ERR,ERR,ERR,ERR,ERR,ERR,ERR,ERR,ERR,ERR,ERR,ERR,ERR,ERR,ERR,ERR,ERR,ERR,ERR,ERR,ERR,ERR,ERR,ERR,ERR,ERR,ERR,ERR,ERR,ERR,ERR,ERR,ERR,ERR,ERR,ERR,ERR,ERR,ERR,ERR,ERR,ERR,ERR,ERR,ERR,ERR,ERR,ERR,0.0,-0.0,-107090032.0,0.0,-3.160207272547048e+29,-0.323,2.054556000333061e+35,-0.0,4300,0,8,17170,4300,0.0,41,0.0,0.0,0.0,0.0,0.0,0,0,0,0,0.0,0,0,0,0,0,0,0,0,0,0,0,0,0,0,0,0,0,0,0,0,0,0,0,0,0,0,0,0,0,0,0,0,0,11,38,37,48,65476,409,65476,1,0,4,21553,0.0,2.718324816780796e+23,0.0,0.0,0.0,0.0,0.0,0.0,0.0,0.0,0.0,0.0,0.0,0.0,0.0,0.0,0.0,0.0,0.0,0.0,0.0,2.004,2.004,-3.6970818999223845e+19,-3.697074863047967e+19,3.697076622266571e+19,0.0,0.0,0.0,0.0,6540.0,564149054603264.0,0.0,0.0,-0.0,-107616248.0,-0.0,0.0,0.0,2.004,2.004,228,4.0668540358038725e+29,-89221.016,0.0,0.0,0.0,0.0,0.0,0.0,0.0,0,0,0,0.0,-0.0,-4191574279847936.0,-0.0,-9.827118220325662e+35,-11493857820672.0,0.0,0.0,933.098,-2.3613040856597513e+32,-240920.641,8.43407400839938e+17,0.0,0.001,0.0,-0.0,0,1.3516416376850534e+27,228,0.0,456,2.40156025918058e+36,599251620986880.0,2114,52429,17109,0,17112,39322,17095,0,0,0,101,100,100,-0.0,65.8,-0.0,66.1,0.0,66.0,1,49,50,180,52429,52429,0,0,0.0,0.0,0.0,60.0,308.52,71.0,0.0,0.0,0.0,1069,0,1069,0,0,0,1069,0,1080,0,998,0,661,0,663,0,658,0,679,0.032,1.4536034330083127e+22,0.0,0.0,144,16814,308.52,0.0,0.0,17970629705728.0,1.2696805075719443e+31,0.0,50.0,60.0,35,0.0,0.0,10.0,2.0,0.0,0.0,0.0,0.0,0.0,0.0,0.0,0.0,0.0,0.0,0.0,0.0,58.8,27,33,0,27,65476,510,65476,1,0,4,20529,65476,0,0,30147,60.0,0.0,10.0,10.0,2.0,0.0
2026-02-16T12:43:29,ERR,ERR,ERR,ERR,ERR,ERR,ERR,ERR,ERR,ERR,ERR,ERR,ERR,ERR,ERR,ERR,ERR,ERR,ERR,ERR,ERR,ERR,ERR,ERR,ERR,ERR,ERR,ERR,ERR,ERR,ERR,ERR,ERR,ERR,ERR,ERR,ERR,ERR,ERR,ERR,ERR,ERR,ERR,ERR,ERR,ERR,ERR,ERR,ERR,ERR,ERR,ERR,ERR,ERR,ERR,ERR,ERR,ERR,ERR,ERR,ERR,ERR,ERR,ERR,ERR,ERR,ERR,ERR,ERR,ERR,ERR,ERR,ERR,ERR,ERR,ERR,ERR,ERR,ERR,ERR,ERR,ERR,ERR,ERR,ERR,ERR,ERR,ERR,ERR,ERR,ERR,ERR,ERR,ERR,ERR,ERR,ERR,ERR,ERR,ERR,ERR,ERR,ERR,ERR,ERR,ERR,ERR,ERR,ERR,ERR,ERR,ERR,ERR,ERR,ERR,ERR,ERR,ERR,ERR,ERR,ERR,ERR,ERR,ERR,ERR,0.0,-0.0,-107090032.0,0.0,-3.160207272547048e+29,-0.323,2.054556000333061e+35,-0.0,4300,0,8,17170,4300,0.0,41,0.0,0.0,0.0,0.0,0.0,0,0,0,0,0.0,0,0,0,0,0,0,0,0,0,0,0,0,0,0,0,0,0,0,0,0,0,0,0,0,0,0,0,0,0,0,0,0,0,11,38,37,48,65476,409,65476,1,0,4,21553,0.0,2.718324816780796e+23,0.0,0.0,0.0,0.0,0.0,0.0,0.0,0.0,0.0,0.0,0.0,0.0,0.0,0.0,0.0,0.0,0.0,0.0,0.0,2.004,2.004,-3.6970818999223845e+19,-3.697074863047967e+19,3.697076622266571e+19,0.0,0.0,0.0,0.0,6540.0,564149054603264.0,0.0,0.0,-0.0,-107616248.0,-0.0,0.0,0.0,2.004,2.004,228,4.0668540358038725e+29,-89221.016,0.0,0.0,0.0,0.0,0.0,0.0,0.0,0,0,0,0.0,-0.0,-4191574279847936.0,-0.0,-9.827118220325662e+35,-11493857820672.0,0.0,0.0,933.098,-2.3613040856597513e+32,-240920.641,8.43407400839938e+17,0.0,0.001,0.0,-0.0,0,1.3516416376850534e+27,228,0.0,456,2.40156025918058e+36,599251620986880.0,2114,52429,17109,0,17112,39322,17095,0,0,0,101,100,100,-0.0,65.8,-0.0,66.1,0.0,66.0,1,49,50,180,52429,52429,0,0,0.0,0.0,0.0,60.0,308.52,71.0,0.0,0.0,0.0,1069,0,1069,0,0,0,1069,0,1080,0,998,0,661,0,663,0,658,0,679,0.032,1.4536034330083127e+22,0.0,0.0,144,16814,308.52,0.0,0.0,17970629705728.0,1.2696805075719443e+31,0.0,50.0,60.0,35,0.0,0.0,10.0,2.0,0.0,0.0,0.0,0.0,0.0,0.0,0.0,0.0,0.0,0.0,0.0,0.0,58.8,27,33,0,27,65476,510,65476,1,0,4,20529,65476,0,0,30147,60.0,0.0,10.0,10.0,2.0,0.0
2026-02-16T12:43:30,ERR,ERR,ERR,ERR,ERR,ERR,ERR,ERR,ERR,ERR,ERR,ERR,ERR,ERR,ERR,ERR,ERR,ERR,ERR,ERR,ERR,ERR,ERR,ERR,ERR,ERR,ERR,ERR,ERR,ERR,ERR,ERR,ERR,ERR,ERR,ERR,ERR,ERR,ERR,ERR,ERR,ERR,ERR,ERR,ERR,ERR,ERR,ERR,ERR,ERR,ERR,ERR,ERR,ERR,ERR,ERR,ERR,ERR,ERR,ERR,ERR,ERR,ERR,ERR,ERR,ERR,ERR,ERR,ERR,ERR,ERR,ERR,ERR,ERR,ERR,ERR,ERR,ERR,ERR,ERR,ERR,ERR,ERR,ERR,ERR,ERR,ERR,ERR,ERR,ERR,ERR,ERR,ERR,ERR,ERR,ERR,ERR,ERR,ERR,ERR,ERR,ERR,ERR,ERR,ERR,ERR,ERR,ERR,ERR,ERR,ERR,ERR,ERR,ERR,ERR,ERR,ERR,ERR,ERR,ERR,ERR,ERR,ERR,ERR,ERR,0.0,-0.0,-107090032.0,0.0,-3.160207272547048e+29,-0.323,2.054556000333061e+35,-0.0,4300,0,8,17170,4300,0.0,41,0.0,0.0,0.0,0.0,0.0,0,0,0,0,0.0,0,0,0,0,0,0,0,0,0,0,0,0,0,0,0,0,0,0,0,0,0,0,0,0,0,0,0,0,0,0,0,0,0,11,38,37,48,65476,409,65476,1,0,4,21553,0.0,2.718324816780796e+23,0.0,0.0,0.0,0.0,0.0,0.0,0.0,0.0,0.0,0.0,0.0,0.0,0.0,0.0,0.0,0.0,0.0,0.0,0.0,2.004,2.004,-3.6970818999223845e+19,-3.697074863047967e+19,3.697076622266571e+19,0.0,0.0,0.0,0.0,6540.0,564149054603264.0,0.0,0.0,-0.0,-107616248.0,-0.0,0.0,0.0,2.004,2.004,228,4.0668540358038725e+29,-89221.016,0.0,0.0,0.0,0.0,0.0,0.0,0.0,0,0,0,0.0,-0.0,-4191574279847936.0,-0.0,-9.827118220325662e+35,-11493857820672.0,0.0,0.0,933.098,-2.3613040856597513e+32,-240920.641,8.43407400839938e+17,0.0,0.001,0.0,-0.0,0,1.3516416376850534e+27,228,0.0,456,2.40156025918058e+36,599251620986880.0,2114,52429,17109,0,17112,39322,17095,0,0,0,101,100,100,-0.0,65.8,-0.0,66.1,0.0,66.0,1,49,50,180,52429,52429,0,0,0.0,0.0,0.0,60.0,22449254400.0,71.0,0.0,-2.768187478359316e+38,0.0,1068,0,1069,0,0,0,1069,0,1080,0,999,0,661,0,663,0,658,0,679,0.032,1.4536034330083127e+22,-2.004,-107615288.0,62864,16813,0.014,-2.768187478359316e+38,0.0,-0.0,2.2835531511496704e+16,0.0,50.0,60.0,35,0.0,0.0,10.0,2.0,0.0,0.0,0.0,0.0,0.0,0.0,0.0,0.0,0.0,0.0,0.0,0.0,59.2,28,32,0,27,65476,510,65476,1,0,4,20529,65476,0,0,30147,60.0,0.0,10.0,10.0,2.0,0.0
2026-02-16T12:43:31,ERR,ERR,ERR,ERR,ERR,ERR,ERR,ERR,ERR,ERR,ERR,ERR,ERR,ERR,ERR,ERR,ERR,ERR,ERR,ERR,ERR,ERR,ERR,ERR,ERR,ERR,ERR,ERR,ERR,ERR,ERR,ERR,ERR,ERR,ERR,ERR,ERR,ERR,ERR,ERR,ERR,ERR,ERR,ERR,ERR,ERR,ERR,ERR,ERR,ERR,ERR,ERR,ERR,ERR,ERR,ERR,ERR,ERR,ERR,ERR,ERR,ERR,ERR,ERR,ERR,ERR,ERR,ERR,ERR,ERR,ERR,ERR,ERR,ERR,ERR,ERR,ERR,ERR,ERR,ERR,ERR,ERR,ERR,ERR,ERR,ERR,ERR,ERR,ERR,ERR,ERR,ERR,ERR,ERR,ERR,ERR,ERR,ERR,ERR,ERR,ERR,ERR,ERR,ERR,ERR,ERR,ERR,ERR,ERR,ERR,ERR,ERR,ERR,ERR,ERR,ERR,ERR,ERR,ERR,ERR,ERR,ERR,ERR,ERR,ERR,0.0,-0.0,-107090032.0,0.0,-3.160207272547048e+29,-0.323,2.054556000333061e+35,-0.0,4300,0,8,17170,4300,0.0,41,0.0,0.0,0.0,0.0,0.0,0,0,0,0,0.0,0,0,0,0,0,0,0,0,0,0,0,0,0,0,0,0,0,0,0,0,0,0,0,0,0,0,0,0,0,0,0,0,0,11,38,37,48,65476,409,65476,1,0,4,21553,0.0,2.718324816780796e+23,0.0,0.0,0.0,0.0,0.0,0.0,0.0,0.0,0.0,0.0,0.0,0.0,0.0,0.0,0.0,0.0,0.0,0.0,0.0,2.004,2.004,-3.6970818999223845e+19,-3.697074863047967e+19,3.697076622266571e+19,0.0,0.0,0.0,0.0,6540.0,564149054603264.0,0.0,0.0,-0.0,-107616248.0,-0.0,0.0,0.0,2.004,2.004,228,4.0668540358038725e+29,-89221.016,0.0,0.0,0.0,0.0,0.0,0.0,0.0,0,0,0,0.0,-0.0,-4191574279847936.0,-0.0,-9.827118220325662e+35,-11493857820672.0,0.0,0.0,933.098,-2.3613040856597513e+32,-240920.641,8.43407400839938e+17,0.0,0.001,0.0,-0.0,0,1.3516416376850534e+27,228,0.0,456,2.40156025918058e+36,599251620986880.0,2114,52429,17109,0,17112,39322,17095,0,0,0,101,100,100,-0.0,65.8,-0.0,66.1,0.0,66.0,1,49,50,180,52429,52429,0,0,0.0,0.0,0.0,60.0,22449254400.0,71.0,0.0,-2.768187478359316e+38,0.0,1068,0,1069,0,0,0,1069,0,1080,0,999,0,661,0,663,0,658,0,679,0.032,1.4536034330083127e+22,-2.004,-107615288.0,62864,16813,0.014,-2.768187478359316e+38,0.0,-0.0,2.2835531511496704e+16,0.0,50.0,60.0,35,0.0,0.0,10.0,2.0,0.0,0.0,0.0,0.0,0.0,0.0,0.0,0.0,0.0,0.0,0.0,0.0,59.2,28,32,0,27,65476,510,65476,1,0,4,20529,65476,0,0,30147,60.0,0.0,10.0,10.0,2.0,0.0
2026-02-16T12:43:32,ERR,ERR,ERR,ERR,ERR,ERR,ERR,ERR,ERR,ERR,ERR,ERR,ERR,ERR,ERR,ERR,ERR,ERR,ERR,ERR,ERR,ERR,ERR,ERR,ERR,ERR,ERR,ERR,ERR,ERR,ERR,ERR,ERR,ERR,ERR,ERR,ERR,ERR,ERR,ERR,ERR,ERR,ERR,ERR,ERR,ERR,ERR,ERR,ERR,ERR,ERR,ERR,ERR,ERR,ERR,ERR,ERR,ERR,ERR,ERR,ERR,ERR,ERR,ERR,ERR,ERR,ERR,ERR,ERR,ERR,ERR,ERR,ERR,ERR,ERR,ERR,ERR,ERR,ERR,ERR,ERR,ERR,ERR,ERR,ERR,ERR,ERR,ERR,ERR,ERR,ERR,ERR,ERR,ERR,ERR,ERR,ERR,ERR,ERR,ERR,ERR,ERR,ERR,ERR,ERR,ERR,ERR,ERR,ERR,ERR,ERR,ERR,ERR,ERR,ERR,ERR,ERR,ERR,ERR,ERR,ERR,ERR,ERR,ERR,ERR,0.0,-0.0,-107090032.0,0.0,-3.160207272547048e+29,-0.323,2.054556000333061e+35,-0.0,4300,0,8,17170,4300,0.0,41,0.0,0.0,0.0,0.0,0.0,0,0,0,0,0.0,0,0,0,0,0,0,0,0,0,0,0,0,0,0,0,0,0,0,0,0,0,0,0,0,0,0,0,0,0,0,0,0,0,11,38,37,48,65476,409,65476,1,0,4,21553,0.0,2.718324816780796e+23,0.0,0.0,0.0,0.0,0.0,0.0,0.0,0.0,0.0,0.0,0.0,0.0,0.0,0.0,0.0,0.0,0.0,0.0,0.0,2.004,2.004,-3.6970818999223845e+19,-3.697074863047967e+19,3.697076622266571e+19,0.0,0.0,0.0,0.0,6540.0,564149054603264.0,0.0,0.0,-0.0,-107616248.0,-0.0,0.0,0.0,2.004,2.004,228,4.0668540358038725e+29,-89221.016,0.0,0.0,0.0,0.0,0.0,0.0,0.0,0,0,0,0.0,-0.0,-4191574279847936.0,-0.0,-9.827118220325662e+35,-11493857820672.0,0.0,0.0,933.098,-2.3613040856597513e+32,-240920.641,8.43407400839938e+17,0.0,0.001,0.0,-0.0,0,1.3516416376850534e+27,228,0.0,456,2.40156025918058e+36,599251620986880.0,2114,52429,17109,0,17112,39322,17095,0,0,0,101,100,100,-0.0,65.8,-0.0,66.1,0.0,66.0,1,49,50,180,52429,52429,0,0,0.0,0.0,0.0,60.0,22449254400.0,71.0,0.0,-2.768187478359316e+38,0.0,1068,0,1069,0,0,0,1069,0,1080,0,999,0,661,0,663,0,658,0,679,0.032,1.4536034330083127e+22,-2.004,-107615288.0,62864,16813,0.014,-2.768187478359316e+38,0.0,-0.0,2.2835531511496704e+16,0.0,50.0,60.0,35,0.0,0.0,10.0,2.0,0.0,0.0,0.0,0.0,0.0,0.0,0.0,0.0,0.0,0.0,0.0,0.0,59.2,29,31,65534,27,65476,585,65476,1,0,4,20529,65476,0,0,30147,60.0,0.0,10.0,10.0,2.0,0.0
2026-02-16T12:43:33,ERR,ERR,ERR,ERR,ERR,ERR,ERR,ERR,ERR,ERR,ERR,ERR,ERR,ERR,ERR,ERR,ERR,ERR,ERR,ERR,ERR,ERR,ERR,ERR,ERR,ERR,ERR,ERR,ERR,ERR,ERR,ERR,ERR,ERR,ERR,ERR,ERR,ERR,ERR,ERR,ERR,ERR,ERR,ERR,ERR,ERR,ERR,ERR,ERR,ERR,ERR,ERR,ERR,ERR,ERR,ERR,ERR,ERR,ERR,ERR,ERR,ERR,ERR,ERR,ERR,ERR,ERR,ERR,ERR,ERR,ERR,ERR,ERR,ERR,ERR,ERR,ERR,ERR,ERR,ERR,ERR,ERR,ERR,ERR,ERR,ERR,ERR,ERR,ERR,ERR,ERR,ERR,ERR,ERR,ERR,ERR,ERR,ERR,ERR,ERR,ERR,ERR,ERR,ERR,ERR,ERR,ERR,ERR,ERR,ERR,ERR,ERR,ERR,ERR,ERR,ERR,ERR,ERR,ERR,ERR,ERR,ERR,ERR,ERR,ERR,0.0,-107616352.0,0.0,0.0,142144341803008.0,-0.0,0.0,9814690816.0,4300,0,8,17170,4300,0.0,41,0.0,0.0,0.0,0.0,0.0,0,0,0,0,0.0,0,0,0,0,0,0,0,0,0,0,0,0,0,0,0,0,0,0,0,0,0,0,0,0,0,0,0,0,0,0,0,0,0,11,38,37,48,65476,409,65476,1,0,4,21553,0.0,2.718324816780796e+23,0.0,0.0,0.0,0.0,0.0,0.0,0.0,0.0,0.0,0.0,0.0,0.0,0.0,0.0,0.0,0.0,0.0,0.0,0.0,2.004,2.004,0.0,-3.697074863047967e+19,2.004,0.0,0.0,0.0,0.0,6508.0,-2.423001451359961e+24,0.0,0.0,-0.0,-107616248.0,-0.0,0.0,0.0,2.004,2.004,227,4.0668540358038725e+29,-0.0,0.0,0.0,0.0,0.0,0.0,0.0,0.0,0,0,0,0.0,0.0,-101610020864.0,-1.0411459564337776e+30,-4.3507968154694573e+23,-46657.957,0.0,2.649713716022477e+16,-0.0,-2.5387751696917034e+32,-254232.641,9.019541959957545e+17,0.0,0.001,0.0,nan,0,1.3516416376850534e+27,227,0.0,454,2.40156025918058e+36,599251620986880.0,2114,52429,17109,0,17112,52429,17095,0,0,0,101,100,100,-0.0,65.8,-0.0,66.1,0.0,66.0,1,49,50,180,52429,52429,0,0,0.0,0.0,0.0,60.0,80876656.0,71.0,0.0,14723511746560.0,0.0,1068,0,1069,0,0,0,1069,0,1080,0,999,0,661,0,663,0,658,0,679,0.032,1.4683608282672803e+22,-2.004,-107615288.0,57744,16813,80876656.0,14723511746560.0,2.355963845879631e+28,1.6707992366194407e+33,-257567427133440.0,1.6976790265959075e+20,50.0,60.0,35,0.0,0.0,10.0,2.0,0.0,0.0,0.0,0.0,0.0,0.0,0.0,0.0,0.0,0.0,0.0,0.0,58.8,31,30,65532,27,65476,585,65476,1,0,4,20529,65476,0,0,30147,60.0,0.0,10.0,10.0,2.0,0.0
2026-02-16T12:43:34,ERR,ERR,ERR,ERR,ERR,ERR,ERR,ERR,ERR,ERR,ERR,ERR,ERR,ERR,ERR,ERR,ERR,ERR,ERR,ERR,ERR,ERR,ERR,ERR,ERR,ERR,ERR,ERR,ERR,ERR,ERR,ERR,ERR,ERR,ERR,ERR,ERR,ERR,ERR,ERR,ERR,ERR,ERR,ERR,ERR,ERR,ERR,ERR,ERR,ERR,ERR,ERR,ERR,ERR,ERR,ERR,ERR,ERR,ERR,ERR,ERR,ERR,ERR,ERR,ERR,ERR,ERR,ERR,ERR,ERR,ERR,ERR,ERR,ERR,ERR,ERR,ERR,ERR,ERR,ERR,ERR,ERR,ERR,ERR,ERR,ERR,ERR,ERR,ERR,ERR,ERR,ERR,ERR,ERR,ERR,ERR,ERR,ERR,ERR,ERR,ERR,ERR,ERR,ERR,ERR,ERR,ERR,ERR,ERR,ERR,ERR,ERR,ERR,ERR,ERR,ERR,ERR,ERR,ERR,ERR,ERR,ERR,ERR,ERR,ERR,0.0,-107616352.0,0.0,0.0,142144341803008.0,-0.0,0.0,9814690816.0,4300,0,8,17170,4300,0.0,41,0.0,0.0,0.0,0.0,0.0,0,0,0,0,0.0,0,0,0,0,0,0,0,0,0,0,0,0,0,0,0,0,0,0,0,0,0,0,0,0,0,0,0,0,0,0,0,0,0,11,38,37,48,65476,409,65476,1,0,4,21553,0.0,2.718324816780796e+23,0.0,0.0,0.0,0.0,0.0,0.0,0.0,0.0,0.0,0.0,0.0,0.0,0.0,0.0,0.0,0.0,0.0,0.0,0.0,2.004,2.004,0.0,-3.697074863047967e+19,2.004,0.0,0.0,0.0,0.0,6508.0,-2.423001451359961e+24,0.0,0.0,-0.0,-107616248.0,-0.0,0.0,0.0,2.004,2.004,227,4.0668540358038725e+29,-0.0,0.0,0.0,0.0,0.0,0.0,0.0,0.0,0,0,0,0.0,0.0,-101610020864.0,-1.0411459564337776e+30,-4.3507968154694573e+23,-46657.957,0.0,2.649713716022477e+16,-0.0,-2.5387751696917034e+32,-254232.641,9.019541959957545e+17,0.0,0.001,0.0,nan,0,1.3516416376850534e+27,227,0.0,454,2.40156025918058e+36,599251620986880.0,2114,52429,17109,0,17112,52429,17095,0,0,0,101,100,100,-0.0,65.8,-0.0,66.1,0.0,66.0,1,49,50,180,52429,52429,0,0,0.0,0.0,0.0,60.0,80876656.0,71.0,0.0,14723511746560.0,0.0,1068,0,1069,0,0,0,1069,0,1080,0,999,0,661,0,663,0,658,0,679,0.032,1.4683608282672803e+22,-2.004,-107615288.0,57744,16813,80876656.0,14723511746560.0,2.355963845879631e+28,1.6707992366194407e+33,-257567427133440.0,1.6976790265959075e+20,50.0,60.0,35,0.0,0.0,10.0,2.0,0.0,0.0,0.0,0.0,0.0,0.0,0.0,0.0,0.0,0.0,0.0,0.0,58.8,31,30,65532,27,65476,585,65476,1,0,4,20529,65476,0,0,30147,60.0,0.0,10.0,10.0,2.0,0.0
2026-02-16T12:43:35,ERR,ERR,ERR,ERR,ERR,ERR,ERR,ERR,ERR,ERR,ERR,ERR,ERR,ERR,ERR,ERR,ERR,ERR,ERR,ERR,ERR,ERR,ERR,ERR,ERR,ERR,ERR,ERR,ERR,ERR,ERR,ERR,ERR,ERR,ERR,ERR,ERR,ERR,ERR,ERR,ERR,ERR,ERR,ERR,ERR,ERR,ERR,ERR,ERR,ERR,ERR,ERR,ERR,ERR,ERR,ERR,ERR,ERR,ERR,ERR,ERR,ERR,ERR,ERR,ERR,ERR,ERR,ERR,ERR,ERR,ERR,ERR,ERR,ERR,ERR,ERR,ERR,ERR,ERR,ERR,ERR,ERR,ERR,ERR,ERR,ERR,ERR,ERR,ERR,ERR,ERR,ERR,ERR,ERR,ERR,ERR,ERR,ERR,ERR,ERR,ERR,ERR,ERR,ERR,ERR,ERR,ERR,ERR,ERR,ERR,ERR,ERR,ERR,ERR,ERR,ERR,ERR,ERR,ERR,ERR,ERR,ERR,ERR,ERR,ERR,0.0,-107616352.0,0.0,0.0,142144341803008.0,-0.0,0.0,9814690816.0,4300,0,8,17170,4300,0.0,41,0.0,0.0,0.0,0.0,0.0,0,0,0,0,0.0,0,0,0,0,0,0,0,0,0,0,0,0,0,0,0,0,0,0,0,0,0,0,0,0,0,0,0,0,0,0,0,0,0,11,38,37,48,65476,409,65476,1,0,4,21553,0.0,2.718324816780796e+23,0.0,0.0,0.0,0.0,0.0,0.0,0.0,0.0,0.0,0.0,0.0,0.0,0.0,0.0,0.0,0.0,0.0,0.0,0.0,2.004,2.004,0.0,-3.697074863047967e+19,2.004,0.0,0.0,0.0,0.0,6508.0,-2.423001451359961e+24,0.0,0.0,-0.0,-107616248.0,-0.0,0.0,0.0,2.004,2.004,227,4.0668540358038725e+29,-0.0,0.0,0.0,0.0,0.0,0.0,0.0,0.0,0,0,0,0.0,0.0,-101610020864.0,-1.0411459564337776e+30,-4.3507968154694573e+23,-46657.957,0.0,2.649713716022477e+16,-0.0,-2.5387751696917034e+32,-254232.641,9.019541959957545e+17,0.0,0.001,0.0,nan,0,1.3516416376850534e+27,227,0.0,454,2.40156025918058e+36,599251620986880.0,2114,52429,17109,0,17112,52429,17095,0,0,0,101,100,100,-0.0,65.8,-0.0,66.1,0.0,66.0,1,49,50,180,52429,52429,0,0,0.0,0.0,0.0,60.0,80876656.0,71.0,0.0,14723511746560.0,0.0,1068,0,1069,0,0,0,1069,0,1080,0,999,0,661,0,663,0,658,0,679,0.032,1.4683608282672803e+22,-2.004,-107615288.0,57744,16813,80876656.0,14723511746560.0,2.355963845879631e+28,1.6707992366194407e+33,-257567427133440.0,1.6976790265959075e+20,50.0,60.0,35,0.0,0.0,10.0,2.0,0.0,0.0,0.0,0.0,0.0,0.0,0.0,0.0,0.0,0.0,0.0,0.0,59.2,31,29,65532,27,65476,649,65476,1,0,4,20529,65476,0,0,30147,60.0,0.0,10.0,10.0,2.0,0.0
2026-02-16T12:43:36,ERR,ERR,ERR,ERR,ERR,ERR,ERR,ERR,ERR,ERR,ERR,ERR,ERR,ERR,ERR,ERR,ERR,ERR,ERR,ERR,ERR,ERR,ERR,ERR,ERR,ERR,ERR,ERR,ERR,ERR,ERR,ERR,ERR,ERR,ERR,ERR,ERR,ERR,ERR,ERR,ERR,ERR,ERR,ERR,ERR,ERR,ERR,ERR,ERR,ERR,ERR,ERR,ERR,ERR,ERR,ERR,ERR,ERR,ERR,ERR,ERR,ERR,ERR,ERR,ERR,ERR,ERR,ERR,ERR,ERR,ERR,ERR,ERR,ERR,ERR,ERR,ERR,ERR,ERR,ERR,ERR,ERR,ERR,ERR,ERR,ERR,ERR,ERR,ERR,ERR,ERR,ERR,ERR,ERR,ERR,ERR,ERR,ERR,ERR,ERR,ERR,ERR,ERR,ERR,ERR,ERR,ERR,ERR,ERR,ERR,ERR,ERR,ERR,ERR,ERR,ERR,ERR,ERR,ERR,ERR,ERR,ERR,ERR,ERR,ERR,0.0,-107616352.0,0.0,0.0,142144341803008.0,-0.0,0.0,9814690816.0,4300,0,8,17170,4300,0.0,41,0.0,0.0,0.0,0.0,0.0,0,0,0,0,0.0,0,0,0,0,0,0,0,0,0,0,0,0,0,0,0,0,0,0,0,0,0,0,0,0,0,0,0,0,0,0,0,0,0,11,38,37,48,65476,409,65476,1,0,4,21553,0.0,2.718324816780796e+23,0.0,0.0,0.0,0.0,0.0,0.0,0.0,0.0,0.0,0.0,0.0,0.0,0.0,0.0,0.0,0.0,0.0,0.0,0.0,2.004,2.004,0.0,-3.697074863047967e+19,2.004,0.0,0.0,0.0,0.0,6508.0,-2.423001451359961e+24,0.0,0.0,-0.0,-107616248.0,-0.0,0.0,0.0,2.004,2.004,227,4.0668540358038725e+29,-0.0,0.0,0.0,0.0,0.0,0.0,0.0,0.0,0,0,0,0.0,0.0,-101610020864.0,-1.0411459564337776e+30,-4.3507968154694573e+23,-46657.957,0.0,2.649713716022477e+16,-0.0,-2.5387751696917034e+32,-254232.641,9.019541959957545e+17,0.0,0.001,0.0,nan,0,1.3516416376850534e+27,227,0.0,454,2.40156025918058e+36,599251620986880.0,2114,52429,17109,0,17112,52429,17095,0,0,0,101,100,100,-0.0,65.8,-0.0,66.1,0.0,66.0,1,49,50,180,52429,52429,0,0,0.0,0.0,0.0,60.0,80876656.0,71.0,0.0,14723511746560.0,0.0,1068,0,1069,0,0,0,1069,0,1080,0,999,0,661,0,663,0,658,0,679,0.032,1.4683608282672803e+22,-2.004,-107615288.0,57744,16813,80876656.0,14723511746560.0,2.355963845879631e+28,1.6707992366194407e+33,-257567427133440.0,1.6976790265959075e+20,50.0,60.0,35,0.0,0.0,10.0,2.0,0.0,0.0,0.0,0.0,0.0,0.0,0.0,0.0,0.0,0.0,0.0,0.0,59.2,31,29,65532,27,65476,649,65476,1,0,4,20529,65476,0,0,30147,60.0,0.0,10.0,10.0,2.0,0.0
2026-02-16T12:43:37,ERR,ERR,ERR,ERR,ERR,ERR,ERR,ERR,ERR,ERR,ERR,ERR,ERR,ERR,ERR,ERR,ERR,ERR,ERR,ERR,ERR,ERR,ERR,ERR,ERR,ERR,ERR,ERR,ERR,ERR,ERR,ERR,ERR,ERR,ERR,ERR,ERR,ERR,ERR,ERR,ERR,ERR,ERR,ERR,ERR,ERR,ERR,ERR,ERR,ERR,ERR,ERR,ERR,ERR,ERR,ERR,ERR,ERR,ERR,ERR,ERR,ERR,ERR,ERR,ERR,ERR,ERR,ERR,ERR,ERR,ERR,ERR,ERR,ERR,ERR,ERR,ERR,ERR,ERR,ERR,ERR,ERR,ERR,ERR,ERR,ERR,ERR,ERR,ERR,ERR,ERR,ERR,ERR,ERR,ERR,ERR,ERR,ERR,ERR,ERR,ERR,ERR,ERR,ERR,ERR,ERR,ERR,ERR,ERR,ERR,ERR,ERR,ERR,ERR,ERR,ERR,ERR,ERR,ERR,ERR,ERR,ERR,ERR,ERR,ERR,0.0,-107616352.0,0.0,0.0,142144341803008.0,-0.0,4.965030879143503e+23,0.0,4300,0,8,17170,4300,0.0,41,0.0,0.0,0.0,0.0,0.0,0,0,0,0,0.0,0,0,0,0,0,0,0,0,0,0,0,0,0,0,0,0,0,0,0,0,0,0,0,0,0,0,0,0,0,0,0,0,0,10,38,37,48,65476,409,65476,1,0,4,21553,0.0,0.0,0.0,0.0,0.0,0.0,0.0,0.0,0.0,0.0,0.0,0.0,0.0,0.0,0.0,0.0,0.0,0.0,0.0,0.0,0.0,2.004,2.004,0.0,-3.697074863047967e+19,-0.0,0.0,0.0,0.0,0.0,6503.0,2.423001451359961e+24,0.0,0.0,-107616352.0,-107616248.0,-107616272.0,0.0,0.0,2.004,2.004,227,0.059,0.0,0.0,0.0,0.0,0.0,0.0,0.0,0.0,0,0,0,0.0,-0.0,-24.408,0.0,-112347439104.0,0.0,0.0,1410.188,6.866588478747597e+33,-2.6782167357168086e+32,-272945.281,9.60500991151571e+17,0.0,0.001,0.0,-0.0,0,1.3516416376850534e+27,227,0.0,454,0.0,0.0,2114,52429,17109,52429,17111,52429,17095,0,0,0,101,100,100,-0.0,65.8,-0.0,66.1,0.0,66.0,1,49,50,180,52429,52429,0,0,0.0,0.0,0.0,60.0,24609.277,71.0,0.0,-0.0,0.0,1069,0,1069,0,0,0,1069,0,1080,0,999,0,661,0,663,0,658,0,679,0.032,1.4609821306377965e+22,-2.004,-107615288.0,44816,16813,0.0,-0.0,-0.0,8787422020108288.0,-3.8922486583864453e+37,-0.074,50.0,60.0,35,0.0,0.0,10.0,2.0,0.0,0.0,0.0,0.0,0.0,0.0,0.0,0.0,0.0,0.0,0.0,0.0,58.8,31,29,65532,27,65476,649,65476,1,0,4,20529,65476,0,0,30147,60.0,0.0,10.0,10.0,2.0,0.0
2026-02-16T12:43:38,ERR,ERR,ERR,ERR,ERR,ERR,ERR,ERR,ERR,ERR,ERR,ERR,ERR,ERR,ERR,ERR,ERR,ERR,ERR,ERR,ERR,ERR,ERR,ERR,ERR,ERR,ERR,ERR,ERR,ERR,ERR,ERR,ERR,ERR,ERR,ERR,ERR,ERR,ERR,ERR,ERR,ERR,ERR,ERR,ERR,ERR,ERR,ERR,ERR,ERR,ERR,ERR,ERR,ERR,ERR,ERR,ERR,ERR,ERR,ERR,ERR,ERR,ERR,ERR,ERR,ERR,ERR,ERR,ERR,ERR,ERR,ERR,ERR,ERR,ERR,ERR,ERR,ERR,ERR,ERR,ERR,ERR,ERR,ERR,ERR,ERR,ERR,ERR,ERR,ERR,ERR,ERR,ERR,ERR,ERR,ERR,ERR,ERR,ERR,ERR,ERR,ERR,ERR,ERR,ERR,ERR,ERR,ERR,ERR,ERR,ERR,ERR,ERR,ERR,ERR,ERR,ERR,ERR,ERR,ERR,ERR,ERR,ERR,ERR,ERR,0.0,-107616352.0,0.0,0.0,142144341803008.0,-0.0,4.965030879143503e+23,0.0,4300,0,8,17170,4300,0.0,41,0.0,0.0,0.0,0.0,0.0,0,0,0,0,0.0,0,0,0,0,0,0,0,0,0,0,0,0,0,0,0,0,0,0,0,0,0,0,0,0,0,0,0,0,0,0,0,0,0,10,38,37,48,65476,409,65476,1,0,4,21553,0.0,0.0,0.0,0.0,0.0,0.0,0.0,0.0,0.0,0.0,0.0,0.0,0.0,0.0,0.0,0.0,0.0,0.0,0.0,0.0,0.0,2.004,2.004,0.0,-3.697074863047967e+19,-0.0,0.0,0.0,0.0,0.0,6503.0,2.423001451359961e+24,0.0,0.0,-107616352.0,-107616248.0,-107616272.0,0.0,0.0,2.004,2.004,227,0.059,0.0,0.0,0.0,0.0,0.0,0.0,0.0,0.0,0,0,0,0.0,-0.0,-24.408,0.0,-112347439104.0,0.0,0.0,1410.188,6.866588478747597e+33,-2.6782167357168086e+32,-272945.281,9.60500991151571e+17,0.0,0.001,0.0,-0.0,0,1.3516416376850534e+27,227,0.0,454,0.0,0.0,2114,52429,17109,52429,17111,52429,17095,0,0,0,101,100,100,-0.0,65.8,-0.0,66.1,0.0,66.0,1,49,50,180,52429,52429,0,0,0.0,0.0,0.0,60.0,24609.277,71.0,0.0,-0.0,0.0,1069,0,1069,0,0,0,1069,0,1080,0,999,0,661,0,663,0,658,0,679,0.032,1.4609821306377965e+22,-2.004,-107615288.0,44816,16813,0.0,-0.0,-0.0,8787422020108288.0,-3.8922486583864453e+37,-0.074,50.0,60.0,35,0.0,0.0,10.0,2.0,0.0,0.0,0.0,0.0,0.0,0.0,0.0,0.0,0.0,0.0,0.0,0.0,59.2,30,30,65533,27,65476,682,65476,1,0,4,20529,65476,0,0,30147,60.0,0.0,10.0,10.0,2.0,0.0
2026-02-16T12:43:39,ERR,ERR,ERR,ERR,ERR,ERR,ERR,ERR,ERR,ERR,ERR,ERR,ERR,ERR,ERR,ERR,ERR,ERR,ERR,ERR,ERR,ERR,ERR,ERR,ERR,ERR,ERR,ERR,ERR,ERR,ERR,ERR,ERR,ERR,ERR,ERR,ERR,ERR,ERR,ERR,ERR,ERR,ERR,ERR,ERR,ERR,ERR,ERR,ERR,ERR,ERR,ERR,ERR,ERR,ERR,ERR,ERR,ERR,ERR,ERR,ERR,ERR,ERR,ERR,ERR,ERR,ERR,ERR,ERR,ERR,ERR,ERR,ERR,ERR,ERR,ERR,ERR,ERR,ERR,ERR,ERR,ERR,ERR,ERR,ERR,ERR,ERR,ERR,ERR,ERR,ERR,ERR,ERR,ERR,ERR,ERR,ERR,ERR,ERR,ERR,ERR,ERR,ERR,ERR,ERR,ERR,ERR,ERR,ERR,ERR,ERR,ERR,ERR,ERR,ERR,ERR,ERR,ERR,ERR,ERR,ERR,ERR,ERR,ERR,ERR,0.0,-107616352.0,0.0,0.0,142144341803008.0,-0.0,4.965030879143503e+23,0.0,4300,0,8,17170,4300,0.0,41,0.0,0.0,0.0,0.0,0.0,0,0,0,0,0.0,0,0,0,0,0,0,0,0,0,0,0,0,0,0,0,0,0,0,0,0,0,0,0,0,0,0,0,0,0,0,0,0,0,10,38,37,48,65476,409,65476,1,0,4,21553,0.0,0.0,0.0,0.0,0.0,0.0,0.0,0.0,0.0,0.0,0.0,0.0,0.0,0.0,0.0,0.0,0.0,0.0,0.0,0.0,0.0,2.004,2.004,0.0,-3.697074863047967e+19,-0.0,0.0,0.0,0.0,0.0,6503.0,2.423001451359961e+24,0.0,0.0,-107616352.0,-107616248.0,-107616272.0,0.0,0.0,2.004,2.004,227,0.059,0.0,0.0,0.0,0.0,0.0,0.0,0.0,0.0,0,0,0,0.0,-0.0,-24.408,0.0,-112347439104.0,0.0,0.0,1410.188,6.866588478747597e+33,-2.6782167357168086e+32,-272945.281,9.60500991151571e+17,0.0,0.001,0.0,-0.0,0,1.3516416376850534e+27,227,0.0,454,0.0,0.0,2114,52429,17109,52429,17111,52429,17095,0,0,0,101,100,100,-0.0,65.8,-0.0,66.1,0.0,66.0,1,49,50,180,52429,52429,0,0,0.0,0.0,0.0,60.0,24609.277,71.0,0.0,-0.0,0.0,1069,0,1069,0,0,0,1069,0,1080,0,999,0,661,0,663,0,658,0,679,0.032,1.4609821306377965e+22,-2.004,-107615288.0,44816,16813,0.0,-0.0,-0.0,8787422020108288.0,-3.8922486583864453e+37,-0.074,50.0,60.0,35,0.0,0.0,10.0,2.0,0.0,0.0,0.0,0.0,0.0,0.0,0.0,0.0,0.0,0.0,0.0,0.0,59.2,30,30,65533,27,65476,682,65476,1,0,4,20529,65476,0,0,30147,60.0,0.0,10.0,10.0,2.0,0.0
2026-02-16T12:43:40,ERR,ERR,ERR,ERR,ERR,ERR,ERR,ERR,ERR,ERR,ERR,ERR,ERR,ERR,ERR,ERR,ERR,ERR,ERR,ERR,ERR,ERR,ERR,ERR,ERR,ERR,ERR,ERR,ERR,ERR,ERR,ERR,ERR,ERR,ERR,ERR,ERR,ERR,ERR,ERR,ERR,ERR,ERR,ERR,ERR,ERR,ERR,ERR,ERR,ERR,ERR,ERR,ERR,ERR,ERR,ERR,ERR,ERR,ERR,ERR,ERR,ERR,ERR,ERR,ERR,ERR,ERR,ERR,ERR,ERR,ERR,ERR,ERR,ERR,ERR,ERR,ERR,ERR,ERR,ERR,ERR,ERR,ERR,ERR,ERR,ERR,ERR,ERR,ERR,ERR,ERR,ERR,ERR,ERR,ERR,ERR,ERR,ERR,ERR,ERR,ERR,ERR,ERR,ERR,ERR,ERR,ERR,ERR,ERR,ERR,ERR,ERR,ERR,ERR,ERR,ERR,ERR,ERR,ERR,ERR,ERR,ERR,ERR,ERR,ERR,0.0,-107616352.0,0.0,0.0,142144341803008.0,-0.0,4.965030879143503e+23,0.0,4300,0,8,17170,4300,0.0,41,0.0,0.0,0.0,0.0,0.0,0,0,0,0,0.0,0,0,0,0,0,0,0,0,0,0,0,0,0,0,0,0,0,0,0,0,0,0,0,0,0,0,0,0,0,0,0,0,0,10,38,37,48,65476,409,65476,1,0,4,21553,0.0,0.0,0.0,0.0,0.0,0.0,0.0,0.0,0.0,0.0,0.0,0.0,0.0,0.0,0.0,0.0,0.0,0.0,0.0,0.0,0.0,2.004,2.004,0.0,-3.697074863047967e+19,-0.0,0.0,0.0,0.0,0.0,6503.0,2.423001451359961e+24,0.0,0.0,-107616352.0,-107616248.0,-107616272.0,0.0,0.0,2.004,2.004,227,0.059,0.0,0.0,0.0,0.0,0.0,0.0,0.0,0.0,0,0,0,0.0,-0.0,-24.408,0.0,-112347439104.0,0.0,0.0,1410.188,6.866588478747597e+33,-2.6782167357168086e+32,-272945.281,9.60500991151571e+17,0.0,0.001,0.0,-0.0,0,1.3516416376850534e+27,227,0.0,454,0.0,0.0,2114,52429,17109,0,17112,52429,17095,0,0,0,101,100,100,-0.0,65.8,-0.0,66.1,0.0,66.0,1,49,50,180,52429,52429,0,0,0.0,0.0,0.0,60.0,0.0,71.0,0.0,-122186132094976.0,0.0,1069,0,1069,0,0,0,1069,0,1079,0,998,0,661,0,663,0,658,0,679,0.032,1.4609821306377965e+22,-2.004,-107615288.0,61328,16813,0.094,-122186132094976.0,-2.505812560444139e+23,-3032541184.0,0.013,-1.1956284472556075e+27,50.0,60.0,35,0.0,0.0,10.0,2.0,0.0,0.0,0.0,0.0,0.0,0.0,0.0,0.0,0.0,0.0,0.0,0.0,58.8,30,31,65534,27,65476,682,65476,1,0,4,20529,65476,0,0,30147,60.0,0.0,10.0,10.0,2.0,0.0
2026-02-16T12:43:41,ERR,ERR,ERR,ERR,ERR,ERR,ERR,ERR,ERR,ERR,ERR,ERR,ERR,ERR,ERR,ERR,ERR,ERR,ERR,ERR,ERR,ERR,ERR,ERR,ERR,ERR,ERR,ERR,ERR,ERR,ERR,ERR,ERR,ERR,ERR,ERR,ERR,ERR,ERR,ERR,ERR,ERR,ERR,ERR,ERR,ERR,ERR,ERR,ERR,ERR,ERR,ERR,ERR,ERR,ERR,ERR,ERR,ERR,ERR,ERR,ERR,ERR,ERR,ERR,ERR,ERR,ERR,ERR,ERR,ERR,ERR,ERR,ERR,ERR,ERR,ERR,ERR,ERR,ERR,ERR,ERR,ERR,ERR,ERR,ERR,ERR,ERR,ERR,ERR,ERR,ERR,ERR,ERR,ERR,ERR,ERR,ERR,ERR,ERR,ERR,ERR,ERR,ERR,ERR,ERR,ERR,ERR,ERR,ERR,ERR,ERR,ERR,ERR,ERR,ERR,ERR,ERR,ERR,ERR,ERR,ERR,ERR,ERR,ERR,ERR,0.0,-107616352.0,0.0,0.0,142144341803008.0,-0.0,4.965030879143503e+23,0.0,4300,0,8,17170,4300,0.0,41,0.0,0.0,0.0,0.0,0.0,0,0,0,0,0.0,0,0,0,0,0,0,0,0,0,0,0,0,0,0,0,0,0,0,0,0,0,0,0,0,0,0,0,0,0,0,0,0,0,10,38,37,48,65476,409,65476,1,0,4,21553,0.0,0.0,0.0,0.0,0.0,0.0,0.0,0.0,0.0,0.0,0.0,0.0,0.0,0.0,0.0,0.0,0.0,0.0,0.0,0.0,0.0,2.004,2.004,0.0,-3.697074863047967e+19,-0.0,0.0,0.0,0.0,0.0,6503.0,2.423001451359961e+24,0.0,0.0,-107616352.0,-107616248.0,-107616272.0,0.0,0.0,2.004,2.004,227,0.059,0.0,0.0,0.0,0.0,0.0,0.0,0.0,0.0,0,0,0,0.0,-0.0,-24.408,0.0,-112347439104.0,0.0,0.0,1410.188,6.866588478747597e+33,-2.6782167357168086e+32,-272945.281,9.60500991151571e+17,0.0,0.001,0.0,-0.0,0,1.3516416376850534e+27,227,0.0,454,0.0,0.0,2114,52429,17109,0,17112,52429,17095,0,0,0,101,100,100,-0.0,65.8,-0.0,66.1,0.0,66.0,1,49,50,180,52429,52429,0,0,0.0,0.0,0.0,60.0,0.0,71.0,0.0,-122186132094976.0,0.0,1069,0,1069,0,0,0,1069,0,1079,0,998,0,661,0,663,0,658,0,679,0.032,1.4609821306377965e+22,-2.004,-107615288.0,61328,16813,0.094,-122186132094976.0,-2.505812560444139e+23,-3032541184.0,0.013,-1.1956284472556075e+27,50.0,60.0,35,0.0,0.0,10.0,2.0,0.0,0.0,0.0,0.0,0.0,0.0,0.0,0.0,0.0,0.0,0.0,0.0,58.8,28,32,65535,27,65476,674,65476,1,0,4,20529,65476,0,0,30147,60.0,0.0,10.0,10.0,2.0,0.0
2026-02-16T12:43:42,ERR,ERR,ERR,ERR,ERR,ERR,ERR,ERR,ERR,ERR,ERR,ERR,ERR,ERR,ERR,ERR,ERR,ERR,ERR,ERR,ERR,ERR,ERR,ERR,ERR,ERR,ERR,ERR,ERR,ERR,ERR,ERR,ERR,ERR,ERR,ERR,ERR,ERR,ERR,ERR,ERR,ERR,ERR,ERR,ERR,ERR,ERR,ERR,ERR,ERR,ERR,ERR,ERR,ERR,ERR,ERR,ERR,ERR,ERR,ERR,ERR,ERR,ERR,ERR,ERR,ERR,ERR,ERR,ERR,ERR,ERR,ERR,ERR,ERR,ERR,ERR,ERR,ERR,ERR,ERR,ERR,ERR,ERR,ERR,ERR,ERR,ERR,ERR,ERR,ERR,ERR,ERR,ERR,ERR,ERR,ERR,ERR,ERR,ERR,ERR,ERR,ERR,ERR,ERR,ERR,ERR,ERR,ERR,ERR,ERR,ERR,ERR,ERR,ERR,ERR,ERR,ERR,ERR,ERR,ERR,ERR,ERR,ERR,ERR,ERR,0.0,-107616352.0,0.0,0.0,142144341803008.0,-0.0,0.001,0.008,4300,0,8,17170,4300,0.0,41,0.0,0.0,0.0,0.0,0.0,0,0,0,0,0.0,0,0,0,0,0,0,0,0,0,0,0,0,0,0,0,0,0,0,0,0,0,0,0,0,0,0,0,0,0,0,0,0,0,11,37,37,48,65476,410,65476,1,0,4,21553,0.0,0.0,0.0,0.0,0.0,0.0,0.0,0.0,0.0,0.0,0.0,0.0,0.0,0.0,0.0,0.0,0.0,0.0,0.0,0.0,0.0,2.004,2.004,0.0,-3.697074863047967e+19,3.697076622266571e+19,0.0,0.0,0.0,0.0,6504.0,0.0,0.0,-107615880.0,-107616352.0,-107616248.0,-0.0,0.0,0.0,2.004,2.004,227,0.059,-126841004032.0,0.0,0.0,0.0,0.0,0.0,0.0,0.0,0,0,0,0.0,2437014528.0,-844854.938,-0.0,-1.9746978322127688e+23,-1.3300666552997915e+22,0.0,2.8718335520904577e+19,-0.0,-2.8430113137464785e+32,-299569.281,1.0145441866800169e+18,0.0,0.001,0.0,7.186040482525624e+37,0,1.3516416376850534e+27,227,0.0,454,-621855232.0,5.6142779363101766e+35,2114,52429,17109,0,17112,52429,17095,0,0,0,101,100,100,-0.0,65.8,-0.0,66.1,0.0,66.0,1,49,50,180,52429,52429,0,0,0.0,0.0,0.0,60.0,0.0,71.0,0.0,-122186132094976.0,0.0,1069,0,1069,0,0,0,1069,0,1079,0,998,0,661,0,663,0,658,0,679,0.032,1.4609821306377965e+22,-2.004,-107615288.0,61328,16813,0.094,-122186132094976.0,-2.505812560444139e+23,-3032541184.0,0.013,-1.1956284472556075e+27,50.0,60.0,35,0.0,0.0,10.0,2.0,0.0,0.0,0.0,0.0,0.0,0.0,0.0,0.0,0.0,0.0,0.0,0.0,58.8,28,32,65535,27,65476,674,65476,1,0,4,20529,65476,0,0,30147,60.0,0.0,10.0,10.0,2.0,0.0
2026-02-16T12:43:43,ERR,ERR,ERR,ERR,ERR,ERR,ERR,ERR,ERR,ERR,ERR,ERR,ERR,ERR,ERR,ERR,ERR,ERR,ERR,ERR,ERR,ERR,ERR,ERR,ERR,ERR,ERR,ERR,ERR,ERR,ERR,ERR,ERR,ERR,ERR,ERR,ERR,ERR,ERR,ERR,ERR,ERR,ERR,ERR,ERR,ERR,ERR,ERR,ERR,ERR,ERR,ERR,ERR,ERR,ERR,ERR,ERR,ERR,ERR,ERR,ERR,ERR,ERR,ERR,ERR,ERR,ERR,ERR,ERR,ERR,ERR,ERR,ERR,ERR,ERR,ERR,ERR,ERR,ERR,ERR,ERR,ERR,ERR,ERR,ERR,ERR,ERR,ERR,ERR,ERR,ERR,ERR,ERR,ERR,ERR,ERR,ERR,ERR,ERR,ERR,ERR,ERR,ERR,ERR,ERR,ERR,ERR,ERR,ERR,ERR,ERR,ERR,ERR,ERR,ERR,ERR,ERR,ERR,ERR,ERR,ERR,ERR,ERR,ERR,ERR,0.0,-107616352.0,0.0,0.0,142144341803008.0,-0.0,0.001,0.008,4300,0,8,17170,4300,0.0,41,0.0,0.0,0.0,0.0,0.0,0,0,0,0,0.0,0,0,0,0,0,0,0,0,0,0,0,0,0,0,0,0,0,0,0,0,0,0,0,0,0,0,0,0,0,0,0,0,0,11,37,37,48,65476,410,65476,1,0,4,21553,0.0,0.0,0.0,0.0,0.0,0.0,0.0,0.0,0.0,0.0,0.0,0.0,0.0,0.0,0.0,0.0,0.0,0.0,0.0,0.0,0.0,2.004,2.004,0.0,-3.697074863047967e+19,3.697076622266571e+19,0.0,0.0,0.0,0.0,6504.0,0.0,0.0,-107615880.0,-107616352.0,-107616248.0,-0.0,0.0,0.0,2.004,2.004,227,0.059,-126841004032.0,0.0,0.0,0.0,0.0,0.0,0.0,0.0,0,0,0,0.0,2437014528.0,-844854.938,-0.0,-1.9746978322127688e+23,-1.3300666552997915e+22,0.0,2.8718335520904577e+19,-0.0,-2.8430113137464785e+32,-299569.281,1.0145441866800169e+18,0.0,0.001,0.0,7.186040482525624e+37,0,1.3516416376850534e+27,227,0.0,454,-621855232.0,5.6142779363101766e+35,2114,52429,17109,0,17112,52429,17095,0,0,0,101,100,100,-0.0,65.8,-0.0,66.1,0.0,66.0,1,49,50,180,52429,52429,0,0,0.0,0.0,0.0,60.0,43846200.0,71.0,0.0,-2.691678767729869e+16,0.0,1069,0,1069,0,0,0,1069,0,1080,0,999,0,661,0,663,0,658,0,680,0.032,1.4609821306377965e+22,-2.004,-107615288.0,60176,16813,43846200.0,-2.691678767729869e+16,0.0,9.903758980059308e+20,4.221689087291693e+27,0.0,50.0,60.0,35,0.0,0.0,10.0,2.0,0.0,0.0,0.0,0.0,0.0,0.0,0.0,0.0,0.0,0.0,0.0,0.0,59.2,27,33,0,27,65476,674,65476,1,0,4,20529,65476,0,0,30147,60.0,0.0,10.0,10.0,2.0,0.0
2026-02-16T12:43:44,ERR,ERR,ERR,ERR,ERR,ERR,ERR,ERR,ERR,ERR,ERR,ERR,ERR,ERR,ERR,ERR,ERR,ERR,ERR,ERR,ERR,ERR,ERR,ERR,ERR,ERR,ERR,ERR,ERR,ERR,ERR,ERR,ERR,ERR,ERR,ERR,ERR,ERR,ERR,ERR,ERR,ERR,ERR,ERR,ERR,ERR,ERR,ERR,ERR,ERR,ERR,ERR,ERR,ERR,ERR,ERR,ERR,ERR,ERR,ERR,ERR,ERR,ERR,ERR,ERR,ERR,ERR,ERR,ERR,ERR,ERR,ERR,ERR,ERR,ERR,ERR,ERR,ERR,ERR,ERR,ERR,ERR,ERR,ERR,ERR,ERR,ERR,ERR,ERR,ERR,ERR,ERR,ERR,ERR,ERR,ERR,ERR,ERR,ERR,ERR,ERR,ERR,ERR,ERR,ERR,ERR,ERR,ERR,ERR,ERR,ERR,ERR,ERR,ERR,ERR,ERR,ERR,ERR,ERR,ERR,ERR,ERR,ERR,ERR,ERR,0.0,-107616352.0,0.0,0.0,142144341803008.0,-0.0,0.001,0.008,4300,0,8,17170,4300,0.0,41,0.0,0.0,0.0,0.0,0.0,0,0,0,0,0.0,0,0,0,0,0,0,0,0,0,0,0,0,0,0,0,0,0,0,0,0,0,0,0,0,0,0,0,0,0,0,0,0,0,11,37,37,48,65476,410,65476,1,0,4,21553,0.0,0.0,0.0,0.0,0.0,0.0,0.0,0.0,0.0,0.0,0.0,0.0,0.0,0.0,0.0,0.0,0.0,0.0,0.0,0.0,0.0,2.004,2.004,0.0,-3.697074863047967e+19,3.697076622266571e+19,0.0,0.0,0.0,0.0,6504.0,0.0,0.0,-107615880.0,-107616352.0,-107616248.0,-0.0,0.0,0.0,2.004,2.004,227,0.059,-126841004032.0,0.0,0.0,0.0,0.0,0.0,0.0,0.0,0,0,0,0.0,2437014528.0,-844854.938,-0.0,-1.9746978322127688e+23,-1.3300666552997915e+22,0.0,2.8718335520904577e+19,-0.0,-2.8430113137464785e+32,-299569.281,1.0145441866800169e+18,0.0,0.001,0.0,7.186040482525624e+37,0,1.3516416376850534e+27,227,0.0,454,-621855232.0,5.6142779363101766e+35,2114,52429,17109,0,17112,52429,17095,0,0,0,101,100,100,-0.0,65.8,-0.0,66.1,0.0,66.0,1,49,50,180,52429,52429,0,0,0.0,0.0,0.0,60.0,43846200.0,71.0,0.0,-2.691678767729869e+16,0.0,1069,0,1069,0,0,0,1069,0,1080,0,999,0,661,0,663,0,658,0,680,0.032,1.4609821306377965e+22,-2.004,-107615288.0,60176,16813,43846200.0,-2.691678767729869e+16,0.0,9.903758980059308e+20,4.221689087291693e+27,0.0,50.0,60.0,35,0.0,0.0,10.0,2.0,0.0,0.0,0.0,0.0,0.0,0.0,0.0,0.0,0.0,0.0,0.0,0.0,59.2,27,33,0,27,65476,674,65476,1,0,4,20529,65476,0,0,30147,60.0,0.0,10.0,10.0,2.0,0.0
2026-02-16T12:43:45,ERR,ERR,ERR,ERR,ERR,ERR,ERR,ERR,ERR,ERR,ERR,ERR,ERR,ERR,ERR,ERR,ERR,ERR,ERR,ERR,ERR,ERR,ERR,ERR,ERR,ERR,ERR,ERR,ERR,ERR,ERR,ERR,ERR,ERR,ERR,ERR,ERR,ERR,ERR,ERR,ERR,ERR,ERR,ERR,ERR,ERR,ERR,ERR,ERR,ERR,ERR,ERR,ERR,ERR,ERR,ERR,ERR,ERR,ERR,ERR,ERR,ERR,ERR,ERR,ERR,ERR,ERR,ERR,ERR,ERR,ERR,ERR,ERR,ERR,ERR,ERR,ERR,ERR,ERR,ERR,ERR,ERR,ERR,ERR,ERR,ERR,ERR,ERR,ERR,ERR,ERR,ERR,ERR,ERR,ERR,ERR,ERR,ERR,ERR,ERR,ERR,ERR,ERR,ERR,ERR,ERR,ERR,ERR,ERR,ERR,ERR,ERR,ERR,ERR,ERR,ERR,ERR,ERR,ERR,ERR,ERR,ERR,ERR,ERR,ERR,0.0,-107616352.0,0.0,0.0,142144341803008.0,-0.0,0.001,0.008,4300,0,8,17170,4300,0.0,41,0.0,0.0,0.0,0.0,0.0,0,0,0,0,0.0,0,0,0,0,0,0,0,0,0,0,0,0,0,0,0,0,0,0,0,0,0,0,0,0,0,0,0,0,0,0,0,0,0,11,37,37,48,65476,410,65476,1,0,4,21553,0.0,0.0,0.0,0.0,0.0,0.0,0.0,0.0,0.0,0.0,0.0,0.0,0.0,0.0,0.0,0.0,0.0,0.0,0.0,0.0,0.0,2.004,2.004,0.0,-3.697074863047967e+19,3.697076622266571e+19,0.0,0.0,0.0,0.0,6504.0,0.0,0.0,-107615880.0,-107616352.0,-107616248.0,-0.0,0.0,0.0,2.004,2.004,227,0.059,-126841004032.0,0.0,0.0,0.0,0.0,0.0,0.0,0.0,0,0,0,0.0,2437014528.0,-844854.938,-0.0,-1.9746978322127688e+23,-1.3300666552997915e+22,0.0,2.8718335520904577e+19,-0.0,-2.8430113137464785e+32,-299569.281,1.0145441866800169e+18,0.0,0.001,0.0,7.186040482525624e+37,0,1.3516416376850534e+27,227,0.0,454,-621855232.0,5.6142779363101766e+35,2114,52429,17109,0,17112,52429,17095,0,0,0,101,100,100,-0.0,65.8,-0.0,66.1,0.0,66.0,1,49,50,180,52429,52429,0,0,0.0,0.0,0.0,60.0,43846200.0,71.0,0.0,-2.691678767729869e+16,0.0,1069,0,1069,0,0,0,1069,0,1080,0,999,0,661,0,663,0,658,0,680,0.032,1.4609821306377965e+22,-2.004,-107615288.0,60176,16813,43846200.0,-2.691678767729869e+16,0.0,9.903758980059308e+20,4.221689087291693e+27,0.0,50.0,60.0,35,0.0,0.0,10.0,2.0,0.0,0.0,0.0,0.0,0.0,0.0,0.0,0.0,0.0,0.0,0.0,0.0,58.8,25,35,2,27,65476,642,65476,1,0,4,20529,65476,0,0,30147,60.0,0.0,10.0,10.0,2.0,0.0
2026-02-16T12:43:46,ERR,ERR,ERR,ERR,ERR,ERR,ERR,ERR,ERR,ERR,ERR,ERR,ERR,ERR,ERR,ERR,ERR,ERR,ERR,ERR,ERR,ERR,ERR,ERR,ERR,ERR,ERR,ERR,ERR,ERR,ERR,ERR,ERR,ERR,ERR,ERR,ERR,ERR,ERR,ERR,ERR,ERR,ERR,ERR,ERR,ERR,ERR,ERR,ERR,ERR,ERR,ERR,ERR,ERR,ERR,ERR,ERR,ERR,ERR,ERR,ERR,ERR,ERR,ERR,ERR,ERR,ERR,ERR,ERR,ERR,ERR,ERR,ERR,ERR,ERR,ERR,ERR,ERR,ERR,ERR,ERR,ERR,ERR,ERR,ERR,ERR,ERR,ERR,ERR,ERR,ERR,ERR,ERR,ERR,ERR,ERR,ERR,ERR,ERR,ERR,ERR,ERR,ERR,ERR,ERR,ERR,ERR,ERR,ERR,ERR,ERR,ERR,ERR,ERR,ERR,ERR,ERR,ERR,ERR,ERR,ERR,ERR,ERR,ERR,ERR,0.0,-107616352.0,0.0,0.0,142144341803008.0,-0.0,0.001,0.008,4300,0,8,17170,4300,0.0,41,0.0,0.0,0.0,0.0,0.0,0,0,0,0,0.0,0,0,0,0,0,0,0,0,0,0,0,0,0,0,0,0,0,0,0,0,0,0,0,0,0,0,0,0,0,0,0,0,0,11,37,37,48,65476,410,65476,1,0,4,21553,0.0,0.0,0.0,0.0,0.0,0.0,0.0,0.0,0.0,0.0,0.0,0.0,0.0,0.0,0.0,0.0,0.0,0.0,0.0,0.0,0.0,2.004,2.004,0.0,-3.697074863047967e+19,3.697076622266571e+19,0.0,0.0,0.0,0.0,6504.0,0.0,0.0,-107615880.0,-107616352.0,-107616248.0,-0.0,0.0,0.0,2.004,2.004,227,0.059,-126841004032.0,0.0,0.0,0.0,0.0,0.0,0.0,0.0,0,0,0,0.0,2437014528.0,-844854.938,-0.0,-1.9746978322127688e+23,-1.3300666552997915e+22,0.0,2.8718335520904577e+19,-0.0,-2.8430113137464785e+32,-299569.281,1.0145441866800169e+18,0.0,0.001,0.0,7.186040482525624e+37,0,1.3516416376850534e+27,227,0.0,454,-621855232.0,5.6142779363101766e+35,2114,52429,17109,0,17112,52429,17095,0,0,0,101,100,100,-0.0,65.8,-0.0,66.1,0.0,66.0,1,49,50,180,52429,52429,0,0,0.0,0.0,0.0,60.0,43846200.0,71.0,0.0,-2.691678767729869e+16,0.0,1069,0,1069,0,0,0,1069,0,1080,0,999,0,661,0,663,0,658,0,680,0.032,1.4609821306377965e+22,-2.004,-107615288.0,60176,16813,43846200.0,-2.691678767729869e+16,0.0,9.903758980059308e+20,4.221689087291693e+27,0.0,50.0,60.0,35,0.0,0.0,10.0,2.0,0.0,0.0,0.0,0.0,0.0,0.0,0.0,0.0,0.0,0.0,0.0,0.0,59.2,24,36,4,27,65476,603,65476,1,0,4,20529,65476,0,0,30147,60.0,0.0,10.0,10.0,2.0,0.0
2026-02-16T12:43:47,ERR,ERR,ERR,ERR,ERR,ERR,ERR,ERR,ERR,ERR,ERR,ERR,ERR,ERR,ERR,ERR,ERR,ERR,ERR,ERR,ERR,ERR,ERR,ERR,ERR,ERR,ERR,ERR,ERR,ERR,ERR,ERR,ERR,ERR,ERR,ERR,ERR,ERR,ERR,ERR,ERR,ERR,ERR,ERR,ERR,ERR,ERR,ERR,ERR,ERR,ERR,ERR,ERR,ERR,ERR,ERR,ERR,ERR,ERR,ERR,ERR,ERR,ERR,ERR,ERR,ERR,ERR,ERR,ERR,ERR,ERR,ERR,ERR,ERR,ERR,ERR,ERR,ERR,ERR,ERR,ERR,ERR,ERR,ERR,ERR,ERR,ERR,ERR,ERR,ERR,ERR,ERR,ERR,ERR,ERR,ERR,ERR,ERR,ERR,ERR,ERR,ERR,ERR,ERR,ERR,ERR,ERR,ERR,ERR,ERR,ERR,ERR,ERR,ERR,ERR,ERR,ERR,ERR,ERR,ERR,ERR,ERR,ERR,ERR,ERR,0.0,-107616352.0,0.0,0.0,142144341803008.0,-0.0,0.0,0.074,4300,0,8,17170,4300,0.0,41,0.0,0.0,0.0,0.0,0.0,0,0,0,0,0.0,0,0,0,0,0,0,0,0,0,0,0,0,0,0,0,0,0,0,0,0,0,0,0,0,0,0,0,0,0,0,0,0,0,10,37,37,47,65476,410,65476,1,0,4,21553,0.0,-107610720.0,0.0,0.0,0.0,0.0,0.0,0.0,0.0,0.0,0.0,0.0,0.0,0.0,0.0,0.0,0.0,0.0,0.0,0.0,0.0,2.004,0.0,0.0,-3.697074863047967e+19,3.697076622266571e+19,0.0,0.0,0.0,0.0,6475.0,1.0406710753811528e+34,0.0,0.0,-107616352.0,-107616248.0,-0.0,0.0,0.0,2.004,2.004,227,2.71841759093312e+23,-0.0,0.0,0.0,0.0,0.0,0.0,0.0,0.0,0,0,0,22.408,-0.0,-3.575176934688534e+22,8.248255304173506e+28,0.0,-2.379,0.0,-2.0240615670422386e+38,88748576.0,-3.0078058917761483e+32,-324145.281,1.0730909818358333e+18,0.0,0.001,0.0,-0.0,0,1.3516416376850534e+27,227,0.0,454,2.40156025918058e+36,599251620986880.0,2114,52429,17109,0,17112,52429,17095,0,0,0,101,100,100,-0.0,65.8,-0.0,66.1,0.0,66.0,1,49,50,180,52429,52429,0,0,0.0,0.0,0.0,60.0,167.26,71.0,0.0,0.0,0.0,1069,0,1069,0,0,0,1069,0,1080,0,999,0,661,0,663,0,658,0,680,0.032,1.4462247353788288e+22,0.0,0.0,51600,16813,3700.16,-0.003,0.0,-0.0,3.9719574319212685e+20,301568.344,50.0,60.0,35,0.0,0.0,10.0,2.0,0.0,0.0,0.0,0.0,0.0,0.0,0.0,0.0,0.0,0.0,0.0,0.0,59.2,24,36,4,27,65476,603,65476,1,0,4,20529,65476,0,0,30147,60.0,0.0,10.0,10.0,2.0,0.0
2026-02-16T12:43:48,ERR,ERR,ERR,ERR,ERR,ERR,ERR,ERR,ERR,ERR,ERR,ERR,ERR,ERR,ERR,ERR,ERR,ERR,ERR,ERR,ERR,ERR,ERR,ERR,ERR,ERR,ERR,ERR,ERR,ERR,ERR,ERR,ERR,ERR,ERR,ERR,ERR,ERR,ERR,ERR,ERR,ERR,ERR,ERR,ERR,ERR,ERR,ERR,ERR,ERR,ERR,ERR,ERR,ERR,ERR,ERR,ERR,ERR,ERR,ERR,ERR,ERR,ERR,ERR,ERR,ERR,ERR,ERR,ERR,ERR,ERR,ERR,ERR,ERR,ERR,ERR,ERR,ERR,ERR,ERR,ERR,ERR,ERR,ERR,ERR,ERR,ERR,ERR,ERR,ERR,ERR,ERR,ERR,ERR,ERR,ERR,ERR,ERR,ERR,ERR,ERR,ERR,ERR,ERR,ERR,ERR,ERR,ERR,ERR,ERR,ERR,ERR,ERR,ERR,ERR,ERR,ERR,ERR,ERR,ERR,ERR,ERR,ERR,ERR,ERR,0.0,-107616352.0,0.0,0.0,142144341803008.0,-0.0,0.0,0.074,4300,0,8,17170,4300,0.0,41,0.0,0.0,0.0,0.0,0.0,0,0,0,0,0.0,0,0,0,0,0,0,0,0,0,0,0,0,0,0,0,0,0,0,0,0,0,0,0,0,0,0,0,0,0,0,0,0,0,10,37,37,47,65476,410,65476,1,0,4,21553,0.0,-107610720.0,0.0,0.0,0.0,0.0,0.0,0.0,0.0,0.0,0.0,0.0,0.0,0.0,0.0,0.0,0.0,0.0,0.0,0.0,0.0,2.004,0.0,0.0,-3.697074863047967e+19,3.697076622266571e+19,0.0,0.0,0.0,0.0,6475.0,1.0406710753811528e+34,0.0,0.0,-107616352.0,-107616248.0,-0.0,0.0,0.0,2.004,2.004,227,2.71841759093312e+23,-0.0,0.0,0.0,0.0,0.0,0.0,0.0,0.0,0,0,0,22.408,-0.0,-3.575176934688534e+22,8.248255304173506e+28,0.0,-2.379,0.0,-2.0240615670422386e+38,88748576.0,-3.0078058917761483e+32,-324145.281,1.0730909818358333e+18,0.0,0.001,0.0,-0.0,0,1.3516416376850534e+27,227,0.0,454,2.40156025918058e+36,599251620986880.0,2114,52429,17109,0,17112,52429,17095,0,0,0,101,100,100,-0.0,65.8,-0.0,66.1,0.0,66.0,1,49,50,180,52429,52429,0,0,0.0,0.0,0.0,60.0,167.26,71.0,0.0,0.0,0.0,1069,0,1069,0,0,0,1069,0,1080,0,999,0,661,0,663,0,658,0,680,0.032,1.4462247353788288e+22,0.0,0.0,51600,16813,3700.16,-0.003,0.0,-0.0,3.9719574319212685e+20,301568.344,50.0,60.0,35,0.0,0.0,10.0,2.0,0.0,0.0,0.0,0.0,0.0,0.0,0.0,0.0,0.0,0.0,0.0,0.0,58.8,23,37,4,27,65476,603,65476,1,0,4,20529,65476,0,0,30147,60.0,0.0,10.0,10.0,2.0,0.0
2026-02-16T12:43:49,ERR,ERR,ERR,ERR,ERR,ERR,ERR,ERR,ERR,ERR,ERR,ERR,ERR,ERR,ERR,ERR,ERR,ERR,ERR,ERR,ERR,ERR,ERR,ERR,ERR,ERR,ERR,ERR,ERR,ERR,ERR,ERR,ERR,ERR,ERR,ERR,ERR,ERR,ERR,ERR,ERR,ERR,ERR,ERR,ERR,ERR,ERR,ERR,ERR,ERR,ERR,ERR,ERR,ERR,ERR,ERR,ERR,ERR,ERR,ERR,ERR,ERR,ERR,ERR,ERR,ERR,ERR,ERR,ERR,ERR,ERR,ERR,ERR,ERR,ERR,ERR,ERR,ERR,ERR,ERR,ERR,ERR,ERR,ERR,ERR,ERR,ERR,ERR,ERR,ERR,ERR,ERR,ERR,ERR,ERR,ERR,ERR,ERR,ERR,ERR,ERR,ERR,ERR,ERR,ERR,ERR,ERR,ERR,ERR,ERR,ERR,ERR,ERR,ERR,ERR,ERR,ERR,ERR,ERR,ERR,ERR,ERR,ERR,ERR,ERR,0.0,-107616352.0,0.0,0.0,142144341803008.0,-0.0,0.0,0.074,4300,0,8,17170,4300,0.0,41,0.0,0.0,0.0,0.0,0.0,0,0,0,0,0.0,0,0,0,0,0,0,0,0,0,0,0,0,0,0,0,0,0,0,0,0,0,0,0,0,0,0,0,0,0,0,0,0,0,10,37,37,47,65476,410,65476,1,0,4,21553,0.0,-107610720.0,0.0,0.0,0.0,0.0,0.0,0.0,0.0,0.0,0.0,0.0,0.0,0.0,0.0,0.0,0.0,0.0,0.0,0.0,0.0,2.004,0.0,0.0,-3.697074863047967e+19,3.697076622266571e+19,0.0,0.0,0.0,0.0,6475.0,1.0406710753811528e+34,0.0,0.0,-107616352.0,-107616248.0,-0.0,0.0,0.0,2.004,2.004,227,2.71841759093312e+23,-0.0,0.0,0.0,0.0,0.0,0.0,0.0,0.0,0,0,0,22.408,-0.0,-3.575176934688534e+22,8.248255304173506e+28,0.0,-2.379,0.0,-2.0240615670422386e+38,88748576.0,-3.0078058917761483e+32,-324145.281,1.0730909818358333e+18,0.0,0.001,0.0,-0.0,0,1.3516416376850534e+27,227,0.0,454,2.40156025918058e+36,599251620986880.0,2114,52429,17109,0,17112,52429,17095,0,0,0,101,100,100,-0.0,65.8,-0.0,66.1,0.0,66.0,1,49,50,180,52429,52429,0,0,0.0,0.0,0.0,60.0,167.26,71.0,0.0,0.0,0.0,1069,0,1069,0,0,0,1069,0,1080,0,999,0,661,0,663,0,658,0,680,0.032,1.4462247353788288e+22,0.0,0.0,51600,16813,3700.16,-0.003,0.0,-0.0,3.9719574319212685e+20,301568.344,50.0,60.0,35,0.0,0.0,10.0,2.0,0.0,0.0,0.0,0.0,0.0,0.0,0.0,0.0,0.0,0.0,0.0,0.0,59.2,22,38,5,27,65476,567,65476,1,0,4,20529,65476,0,0,30147,60.0,0.0,10.0,10.0,2.0,0.0
2026-02-16T12:43:50,ERR,ERR,ERR,ERR,ERR,ERR,ERR,ERR,ERR,ERR,ERR,ERR,ERR,ERR,ERR,ERR,ERR,ERR,ERR,ERR,ERR,ERR,ERR,ERR,ERR,ERR,ERR,ERR,ERR,ERR,ERR,ERR,ERR,ERR,ERR,ERR,ERR,ERR,ERR,ERR,ERR,ERR,ERR,ERR,ERR,ERR,ERR,ERR,ERR,ERR,ERR,ERR,ERR,ERR,ERR,ERR,ERR,ERR,ERR,ERR,ERR,ERR,ERR,ERR,ERR,ERR,ERR,ERR,ERR,ERR,ERR,ERR,ERR,ERR,ERR,ERR,ERR,ERR,ERR,ERR,ERR,ERR,ERR,ERR,ERR,ERR,ERR,ERR,ERR,ERR,ERR,ERR,ERR,ERR,ERR,ERR,ERR,ERR,ERR,ERR,ERR,ERR,ERR,ERR,ERR,ERR,ERR,ERR,ERR,ERR,ERR,ERR,ERR,ERR,ERR,ERR,ERR,ERR,ERR,ERR,ERR,ERR,ERR,ERR,ERR,0.0,-107616352.0,0.0,0.0,142144341803008.0,-0.0,0.0,0.074,4300,0,8,17170,4300,0.0,41,0.0,0.0,0.0,0.0,0.0,0,0,0,0,0.0,0,0,0,0,0,0,0,0,0,0,0,0,0,0,0,0,0,0,0,0,0,0,0,0,0,0,0,0,0,0,0,0,0,10,37,37,47,65476,410,65476,1,0,4,21553,0.0,-107610720.0,0.0,0.0,0.0,0.0,0.0,0.0,0.0,0.0,0.0,0.0,0.0,0.0,0.0,0.0,0.0,0.0,0.0,0.0,0.0,2.004,0.0,0.0,-3.697074863047967e+19,3.697076622266571e+19,0.0,0.0,0.0,0.0,6475.0,1.0406710753811528e+34,0.0,0.0,-107616352.0,-107616248.0,-0.0,0.0,0.0,2.004,2.004,227,2.71841759093312e+23,-0.0,0.0,0.0,0.0,0.0,0.0,0.0,0.0,0,0,0,22.408,-0.0,-3.575176934688534e+22,8.248255304173506e+28,0.0,-2.379,0.0,-2.0240615670422386e+38,88748576.0,-3.0078058917761483e+32,-324145.281,1.0730909818358333e+18,0.0,0.001,0.0,-0.0,0,1.3516416376850534e+27,227,0.0,454,2.40156025918058e+36,599251620986880.0,2114,52429,17109,0,17112,52429,17095,0,0,0,101,100,100,-0.0,65.8,-0.0,66.1,0.0,66.0,1,49,50,180,52429,52429,0,0,0.0,0.0,0.0,60.0,0.094,71.0,0.0,-5.562967645811743e+20,0.0,1069,0,1069,0,0,0,1069,0,1080,0,999,0,661,0,663,0,658,0,680,0.032,1.4609821306377965e+22,0.0,0.0,50576,16813,62.565,-0.0,-6983636746240.0,-4.3080986806512605e+34,0.0,-3.8595879043134915e+18,50.0,60.0,35,0.0,0.0,10.0,2.0,0.0,0.0,0.0,0.0,0.0,0.0,0.0,0.0,0.0,0.0,0.0,0.0,59.2,22,38,5,27,65476,567,65476,1,0,4,20529,65476,0,0,30147,60.0,0.0,10.0,10.0,2.0,0.0
2026-02-16T12:43:51,ERR,ERR,ERR,ERR,ERR,ERR,ERR,ERR,ERR,ERR,ERR,ERR,ERR,ERR,ERR,ERR,ERR,ERR,ERR,ERR,ERR,ERR,ERR,ERR,ERR,ERR,ERR,ERR,ERR,ERR,ERR,ERR,ERR,ERR,ERR,ERR,ERR,ERR,ERR,ERR,ERR,ERR,ERR,ERR,ERR,ERR,ERR,ERR,ERR,ERR,ERR,ERR,ERR,ERR,ERR,ERR,ERR,ERR,ERR,ERR,ERR,ERR,ERR,ERR,ERR,ERR,ERR,ERR,ERR,ERR,ERR,ERR,ERR,ERR,ERR,ERR,ERR,ERR,ERR,ERR,ERR,ERR,ERR,ERR,ERR,ERR,ERR,ERR,ERR,ERR,ERR,ERR,ERR,ERR,ERR,ERR,ERR,ERR,ERR,ERR,ERR,ERR,ERR,ERR,ERR,ERR,ERR,ERR,ERR,ERR,ERR,ERR,ERR,ERR,ERR,ERR,ERR,ERR,ERR,ERR,ERR,ERR,ERR,ERR,ERR,-107615880.0,-107616352.0,-0.0,0.0,-0.063,2.863934986011957e+21,-3.6035073910944616e+20,-9235918074413056.0,4300,0,8,17171,4300,0.0,41,0.0,0.0,0.0,0.0,0.0,0,0,0,0,0.0,0,0,0,0,0,0,0,0,0,0,0,0,0,0,0,0,0,0,0,0,0,0,0,0,0,0,0,0,0,0,0,0,0,10,37,37,47,65476,410,65476,1,0,4,21553,0.0,0.0,0.0,0.0,0.0,0.0,0.0,0.0,0.0,0.0,0.0,0.0,0.0,0.0,0.0,0.0,0.0,0.0,0.0,0.0,0.0,2.004,2.004,0.0,-3.697074863047967e+19,3.697076622266571e+19,0.0,0.0,0.0,0.0,6440.0,-564148853276672.0,0.0,0.0,-107616352.0,-107616248.0,-0.0,0.0,0.0,2.004,2.004,226,0.059,0.0,0.0,0.0,0.0,0.0,0.0,0.0,0.0,0,0,0,0.0,6.445129811668827e+35,-2396379.75,-362.515,-1.4451454855583664e+25,56145913839616.0,-7.44673802583002e+36,-559520284672.0,0.0,-3.1599239638035358e+32,-350769.281,1.1271341773642793e+18,0.0,0.001,0.0,-6.633,0,1.3516416376850534e+27,226,0.0,452,2.40156025918058e+36,599251620986880.0,2114,52429,17109,0,17112,52429,17095,0,0,0,101,100,100,-0.0,65.8,-0.0,66.1,0.0,66.0,1,49,50,180,52429,52429,0,0,0.0,0.0,0.0,60.0,0.094,71.0,0.0,-5.562967645811743e+20,0.0,1069,0,1069,0,0,0,1069,0,1080,0,999,0,661,0,663,0,658,0,680,0.032,1.4609821306377965e+22,0.0,0.0,50576,16813,62.565,-0.0,-6983636746240.0,-4.3080986806512605e+34,0.0,-3.8595879043134915e+18,50.0,60.0,35,0.0,0.0,10.0,2.0,0.0,0.0,0.0,0.0,0.0,0.0,0.0,0.0,0.0,0.0,0.0,0.0,58.8,22,38,6,27,65476,567,65476,1,0,4,20529,65476,0,0,30147,60.0,0.0,10.0,10.0,2.0,0.0
2026-02-16T12:43:52,ERR,ERR,ERR,ERR,ERR,ERR,ERR,ERR,ERR,ERR,ERR,ERR,ERR,ERR,ERR,ERR,ERR,ERR,ERR,ERR,ERR,ERR,ERR,ERR,ERR,ERR,ERR,ERR,ERR,ERR,ERR,ERR,ERR,ERR,ERR,ERR,ERR,ERR,ERR,ERR,ERR,ERR,ERR,ERR,ERR,ERR,ERR,ERR,ERR,ERR,ERR,ERR,ERR,ERR,ERR,ERR,ERR,ERR,ERR,ERR,ERR,ERR,ERR,ERR,ERR,ERR,ERR,ERR,ERR,ERR,ERR,ERR,ERR,ERR,ERR,ERR,ERR,ERR,ERR,ERR,ERR,ERR,ERR,ERR,ERR,ERR,ERR,ERR,ERR,ERR,ERR,ERR,ERR,ERR,ERR,ERR,ERR,ERR,ERR,ERR,ERR,ERR,ERR,ERR,ERR,ERR,ERR,ERR,ERR,ERR,ERR,ERR,ERR,ERR,ERR,ERR,ERR,ERR,ERR,ERR,ERR,ERR,ERR,ERR,ERR,-107615880.0,-107616352.0,-0.0,0.0,-0.063,2.863934986011957e+21,-3.6035073910944616e+20,-9235918074413056.0,4300,0,8,17171,4300,0.0,41,0.0,0.0,0.0,0.0,0.0,0,0,0,0,0.0,0,0,0,0,0,0,0,0,0,0,0,0,0,0,0,0,0,0,0,0,0,0,0,0,0,0,0,0,0,0,0,0,0,10,37,37,47,65476,410,65476,1,0,4,21553,0.0,0.0,0.0,0.0,0.0,0.0,0.0,0.0,0.0,0.0,0.0,0.0,0.0,0.0,0.0,0.0,0.0,0.0,0.0,0.0,0.0,2.004,2.004,0.0,-3.697074863047967e+19,3.697076622266571e+19,0.0,0.0,0.0,0.0,6440.0,-564148853276672.0,0.0,0.0,-107616352.0,-107616248.0,-0.0,0.0,0.0,2.004,2.004,226,0.059,0.0,0.0,0.0,0.0,0.0,0.0,0.0,0.0,0,0,0,0.0,6.445129811668827e+35,-2396379.75,-362.515,-1.4451454855583664e+25,56145913839616.0,-7.44673802583002e+36,-559520284672.0,0.0,-3.1599239638035358e+32,-350769.281,1.1271341773642793e+18,0.0,0.001,0.0,-6.633,0,1.3516416376850534e+27,226,0.0,452,2.40156025918058e+36,599251620986880.0,2114,52429,17109,0,17112,52429,17095,0,0,0,101,100,100,-0.0,65.8,-0.0,66.1,0.0,66.0,1,49,50,180,52429,52429,0,0,0.0,0.0,0.0,60.0,0.094,71.0,0.0,-5.562967645811743e+20,0.0,1069,0,1069,0,0,0,1069,0,1080,0,999,0,661,0,663,0,658,0,680,0.032,1.4609821306377965e+22,0.0,0.0,50576,16813,62.565,-0.0,-6983636746240.0,-4.3080986806512605e+34,0.0,-3.8595879043134915e+18,50.0,60.0,35,0.0,0.0,10.0,2.0,0.0,0.0,0.0,0.0,0.0,0.0,0.0,0.0,0.0,0.0,0.0,0.0,58.8,22,38,6,27,65476,567,65476,1,0,4,20529,65476,0,0,30147,60.0,0.0,10.0,10.0,2.0,0.0
2026-02-16T12:43:53,ERR,ERR,ERR,ERR,ERR,ERR,ERR,ERR,ERR,ERR,ERR,ERR,ERR,ERR,ERR,ERR,ERR,ERR,ERR,ERR,ERR,ERR,ERR,ERR,ERR,ERR,ERR,ERR,ERR,ERR,ERR,ERR,ERR,ERR,ERR,ERR,ERR,ERR,ERR,ERR,ERR,ERR,ERR,ERR,ERR,ERR,ERR,ERR,ERR,ERR,ERR,ERR,ERR,ERR,ERR,ERR,ERR,ERR,ERR,ERR,ERR,ERR,ERR,ERR,ERR,ERR,ERR,ERR,ERR,ERR,ERR,ERR,ERR,ERR,ERR,ERR,ERR,ERR,ERR,ERR,ERR,ERR,ERR,ERR,ERR,ERR,ERR,ERR,ERR,ERR,ERR,ERR,ERR,ERR,ERR,ERR,ERR,ERR,ERR,ERR,ERR,ERR,ERR,ERR,ERR,ERR,ERR,ERR,ERR,ERR,ERR,ERR,ERR,ERR,ERR,ERR,ERR,ERR,ERR,ERR,ERR,ERR,ERR,ERR,ERR,-107615880.0,-107616352.0,-0.0,0.0,-0.063,2.863934986011957e+21,-3.6035073910944616e+20,-9235918074413056.0,4300,0,8,17171,4300,0.0,41,0.0,0.0,0.0,0.0,0.0,0,0,0,0,0.0,0,0,0,0,0,0,0,0,0,0,0,0,0,0,0,0,0,0,0,0,0,0,0,0,0,0,0,0,0,0,0,0,0,10,37,37,47,65476,410,65476,1,0,4,21553,0.0,0.0,0.0,0.0,0.0,0.0,0.0,0.0,0.0,0.0,0.0,0.0,0.0,0.0,0.0,0.0,0.0,0.0,0.0,0.0,0.0,2.004,2.004,0.0,-3.697074863047967e+19,3.697076622266571e+19,0.0,0.0,0.0,0.0,6440.0,-564148853276672.0,0.0,0.0,-107616352.0,-107616248.0,-0.0,0.0,0.0,2.004,2.004,226,0.059,0.0,0.0,0.0,0.0,0.0,0.0,0.0,0.0,0,0,0,0.0,6.445129811668827e+35,-2396379.75,-362.515,-1.4451454855583664e+25,56145913839616.0,-7.44673802583002e+36,-559520284672.0,0.0,-3.1599239638035358e+32,-350769.281,1.1271341773642793e+18,0.0,0.001,0.0,-6.633,0,1.3516416376850534e+27,226,0.0,452,2.40156025918058e+36,599251620986880.0,2114,52429,17109,0,17112,52429,17095,0,0,0,101,100,100,-0.0,65.8,-0.0,66.1,0.0,66.0,1,49,50,180,52429,52429,0,0,0.0,0.0,0.0,60.0,0.002,71.0,0.0,-0.0,0.0,1069,0,1069,0,0,0,1069,0,1079,0,999,0,661,0,663,0,658,0,680,0.032,1.4462247353788288e+22,0.0,0.0,1552,16814,7.227,-0.0,-0.0,282938605568.0,0.0,-2.457,50.0,60.0,35,0.0,0.0,10.0,2.0,0.0,0.0,0.0,0.0,0.0,0.0,0.0,0.0,0.0,0.0,0.0,0.0,58.8,22,38,6,27,65476,551,65476,1,0,4,20529,65476,0,0,30147,60.0,0.0,10.0,10.0,2.0,0.0
2026-02-16T12:43:54,ERR,ERR,ERR,ERR,ERR,ERR,ERR,ERR,ERR,ERR,ERR,ERR,ERR,ERR,ERR,ERR,ERR,ERR,ERR,ERR,ERR,ERR,ERR,ERR,ERR,ERR,ERR,ERR,ERR,ERR,ERR,ERR,ERR,ERR,ERR,ERR,ERR,ERR,ERR,ERR,ERR,ERR,ERR,ERR,ERR,ERR,ERR,ERR,ERR,ERR,ERR,ERR,ERR,ERR,ERR,ERR,ERR,ERR,ERR,ERR,ERR,ERR,ERR,ERR,ERR,ERR,ERR,ERR,ERR,ERR,ERR,ERR,ERR,ERR,ERR,ERR,ERR,ERR,ERR,ERR,ERR,ERR,ERR,ERR,ERR,ERR,ERR,ERR,ERR,ERR,ERR,ERR,ERR,ERR,ERR,ERR,ERR,ERR,ERR,ERR,ERR,ERR,ERR,ERR,ERR,ERR,ERR,ERR,ERR,ERR,ERR,ERR,ERR,ERR,ERR,ERR,ERR,ERR,ERR,ERR,ERR,ERR,ERR,ERR,ERR,-107615880.0,-107616352.0,-0.0,0.0,-0.063,2.863934986011957e+21,-3.6035073910944616e+20,-9235918074413056.0,4300,0,8,17171,4300,0.0,41,0.0,0.0,0.0,0.0,0.0,0,0,0,0,0.0,0,0,0,0,0,0,0,0,0,0,0,0,0,0,0,0,0,0,0,0,0,0,0,0,0,0,0,0,0,0,0,0,0,10,37,37,47,65476,410,65476,1,0,4,21553,0.0,0.0,0.0,0.0,0.0,0.0,0.0,0.0,0.0,0.0,0.0,0.0,0.0,0.0,0.0,0.0,0.0,0.0,0.0,0.0,0.0,2.004,2.004,0.0,-3.697074863047967e+19,3.697076622266571e+19,0.0,0.0,0.0,0.0,6440.0,-564148853276672.0,0.0,0.0,-107616352.0,-107616248.0,-0.0,0.0,0.0,2.004,2.004,226,0.059,0.0,0.0,0.0,0.0,0.0,0.0,0.0,0.0,0,0,0,0.0,6.445129811668827e+35,-2396379.75,-362.515,-1.4451454855583664e+25,56145913839616.0,-7.44673802583002e+36,-559520284672.0,0.0,-3.1599239638035358e+32,-350769.281,1.1271341773642793e+18,0.0,0.001,0.0,-6.633,0,1.3516416376850534e+27,226,0.0,452,2.40156025918058e+36,599251620986880.0,2114,52429,17109,0,17112,52429,17095,0,0,0,101,100,100,-0.0,65.8,-0.0,66.1,0.0,66.0,1,49,50,180,52429,52429,0,0,0.0,0.0,0.0,60.0,0.002,71.0,0.0,-0.0,0.0,1069,0,1069,0,0,0,1069,0,1079,0,999,0,661,0,663,0,658,0,680,0.032,1.4462247353788288e+22,0.0,0.0,1552,16814,7.227,-0.0,-0.0,282938605568.0,0.0,-2.457,50.0,60.0,35,0.0,0.0,10.0,2.0,0.0,0.0,0.0,0.0,0.0,0.0,0.0,0.0,0.0,0.0,0.0,0.0,58.8,22,38,6,27,65476,551,65476,1,0,4,20529,65476,0,0,30147,60.0,0.0,10.0,10.0,2.0,0.0
2026-02-16T12:43:55,ERR,ERR,ERR,ERR,ERR,ERR,ERR,ERR,ERR,ERR,ERR,ERR,ERR,ERR,ERR,ERR,ERR,ERR,ERR,ERR,ERR,ERR,ERR,ERR,ERR,ERR,ERR,ERR,ERR,ERR,ERR,ERR,ERR,ERR,ERR,ERR,ERR,ERR,ERR,ERR,ERR,ERR,ERR,ERR,ERR,ERR,ERR,ERR,ERR,ERR,ERR,ERR,ERR,ERR,ERR,ERR,ERR,ERR,ERR,ERR,ERR,ERR,ERR,ERR,ERR,ERR,ERR,ERR,ERR,ERR,ERR,ERR,ERR,ERR,ERR,ERR,ERR,ERR,ERR,ERR,ERR,ERR,ERR,ERR,ERR,ERR,ERR,ERR,ERR,ERR,ERR,ERR,ERR,ERR,ERR,ERR,ERR,ERR,ERR,ERR,ERR,ERR,ERR,ERR,ERR,ERR,ERR,ERR,ERR,ERR,ERR,ERR,ERR,ERR,ERR,ERR,ERR,ERR,ERR,ERR,ERR,ERR,ERR,ERR,ERR,-107615880.0,-107616352.0,-0.0,0.0,-0.063,2.863934986011957e+21,-3.6035073910944616e+20,-9235918074413056.0,4300,0,8,17171,4300,0.0,41,0.0,0.0,0.0,0.0,0.0,0,0,0,0,0.0,0,0,0,0,0,0,0,0,0,0,0,0,0,0,0,0,0,0,0,0,0,0,0,0,0,0,0,0,0,0,0,0,0,10,37,37,47,65476,410,65476,1,0,4,21553,0.0,0.0,0.0,0.0,0.0,0.0,0.0,0.0,0.0,0.0,0.0,0.0,0.0,0.0,0.0,0.0,0.0,0.0,0.0,0.0,0.0,2.004,2.004,0.0,-3.697074863047967e+19,3.697076622266571e+19,0.0,0.0,0.0,0.0,6440.0,-564148853276672.0,0.0,0.0,-107616352.0,-107616248.0,-0.0,0.0,0.0,2.004,2.004,226,0.059,0.0,0.0,0.0,0.0,0.0,0.0,0.0,0.0,0,0,0,0.0,6.445129811668827e+35,-2396379.75,-362.515,-1.4451454855583664e+25,56145913839616.0,-7.44673802583002e+36,-559520284672.0,0.0,-3.1599239638035358e+32,-350769.281,1.1271341773642793e+18,0.0,0.001,0.0,-6.633,0,1.3516416376850534e+27,226,0.0,452,2.40156025918058e+36,599251620986880.0,2114,52429,17109,0,17112,52429,17095,0,0,0,101,100,100,-0.0,65.8,-0.0,66.1,0.0,66.0,1,49,50,180,52429,52429,0,0,0.0,0.0,0.0,60.0,0.002,71.0,0.0,-0.0,0.0,1069,0,1069,0,0,0,1069,0,1079,0,999,0,661,0,663,0,658,0,680,0.032,1.4462247353788288e+22,0.0,0.0,1552,16814,7.227,-0.0,-0.0,282938605568.0,0.0,-2.457,50.0,60.0,35,0.0,0.0,10.0,2.0,0.0,0.0,0.0,0.0,0.0,0.0,0.0,0.0,0.0,0.0,0.0,0.0,58.8,22,38,6,27,65476,551,65476,1,0,4,20529,65476,0,0,30147,60.0,0.0,10.0,10.0,2.0,0.0
2026-02-16T12:43:56,ERR,ERR,ERR,ERR,ERR,ERR,ERR,ERR,ERR,ERR,ERR,ERR,ERR,ERR,ERR,ERR,ERR,ERR,ERR,ERR,ERR,ERR,ERR,ERR,ERR,ERR,ERR,ERR,ERR,ERR,ERR,ERR,ERR,ERR,ERR,ERR,ERR,ERR,ERR,ERR,ERR,ERR,ERR,ERR,ERR,ERR,ERR,ERR,ERR,ERR,ERR,ERR,ERR,ERR,ERR,ERR,ERR,ERR,ERR,ERR,ERR,ERR,ERR,ERR,ERR,ERR,ERR,ERR,ERR,ERR,ERR,ERR,ERR,ERR,ERR,ERR,ERR,ERR,ERR,ERR,ERR,ERR,ERR,ERR,ERR,ERR,ERR,ERR,ERR,ERR,ERR,ERR,ERR,ERR,ERR,ERR,ERR,ERR,ERR,ERR,ERR,ERR,ERR,ERR,ERR,ERR,ERR,ERR,ERR,ERR,ERR,ERR,ERR,ERR,ERR,ERR,ERR,ERR,ERR,ERR,ERR,ERR,ERR,ERR,ERR,-107615880.0,-107616352.0,-0.0,0.0,-0.063,0.0,2.9412787788614555e+38,0.0,4300,0,8,17170,4300,0.0,41,0.0,0.0,0.0,0.0,0.0,0,0,0,0,0.0,0,0,0,0,0,0,0,0,0,0,0,0,0,0,0,0,0,0,0,0,0,0,0,0,0,0,0,0,0,0,0,0,0,10,37,37,47,65476,410,65476,1,0,4,21553,0.0,-0.0,0.0,0.0,0.0,0.0,0.0,0.0,0.0,0.0,0.0,0.0,0.0,0.0,0.0,0.0,0.0,0.0,0.0,0.0,0.0,2.004,2.004,0.0,-3.697074863047967e+19,3.697076622266571e+19,0.0,0.0,0.0,0.0,6443.0,1.0406709515871489e+34,0.0,0.0,-107616352.0,-107616248.0,-0.0,-0.0,0.0,2.004,2.004,226,126840545280.0,-2.3088379029658953e+20,0.0,0.0,0.0,0.0,0.0,0.0,0.0,0,0,0,0.0,3.0305939984047857e+31,-143090499584.0,-4.568769672122518e+33,-1.78752336498362e+33,0.0,-9.066734645692886e+36,-2.355112740980848e+20,0.0,-3.404251547082144e+32,-373297.281,1.2094332411786035e+18,0.0,0.001,0.0,-0.0,0,1.3516416376850534e+27,226,0.0,452,2.40156025918058e+36,599251620986880.0,2114,52429,17109,0,17112,52429,17095,0,0,0,101,100,100,-0.0,65.8,-0.0,66.1,0.0,66.0,1,49,50,180,52429,52429,0,0,0.0,0.0,0.0,60.0,0.003,71.0,0.0,1.0597830084893082e+17,0.0,1069,0,1069,0,0,0,1069,0,1080,0,999,0,661,0,663,0,658,0,680,0.032,1.4462247353788288e+22,0.0,0.0,50320,16813,0.003,1.0597830084893082e+17,-0.0,-5496948.5,-11878806.0,-0.0,50.0,60.0,35,0.0,0.0,10.0,2.0,0.0,0.0,0.0,0.0,0.0,0.0,0.0,0.0,0.0,0.0,0.0,0.0,58.8,22,38,5,27,65476,560,65476,1,0,4,20529,65476,0,0,30147,60.0,0.0,10.0,10.0,2.0,0.0
2026-02-16T12:43:57,ERR,ERR,ERR,ERR,ERR,ERR,ERR,ERR,ERR,ERR,ERR,ERR,ERR,ERR,ERR,ERR,ERR,ERR,ERR,ERR,ERR,ERR,ERR,ERR,ERR,ERR,ERR,ERR,ERR,ERR,ERR,ERR,ERR,ERR,ERR,ERR,ERR,ERR,ERR,ERR,ERR,ERR,ERR,ERR,ERR,ERR,ERR,ERR,ERR,ERR,ERR,ERR,ERR,ERR,ERR,ERR,ERR,ERR,ERR,ERR,ERR,ERR,ERR,ERR,ERR,ERR,ERR,ERR,ERR,ERR,ERR,ERR,ERR,ERR,ERR,ERR,ERR,ERR,ERR,ERR,ERR,ERR,ERR,ERR,ERR,ERR,ERR,ERR,ERR,ERR,ERR,ERR,ERR,ERR,ERR,ERR,ERR,ERR,ERR,ERR,ERR,ERR,ERR,ERR,ERR,ERR,ERR,ERR,ERR,ERR,ERR,ERR,ERR,ERR,ERR,ERR,ERR,ERR,ERR,ERR,ERR,ERR,ERR,ERR,ERR,-107615880.0,-107616352.0,-0.0,0.0,-0.063,0.0,2.9412787788614555e+38,0.0,4300,0,8,17170,4300,0.0,41,0.0,0.0,0.0,0.0,0.0,0,0,0,0,0.0,0,0,0,0,0,0,0,0,0,0,0,0,0,0,0,0,0,0,0,0,0,0,0,0,0,0,0,0,0,0,0,0,0,10,37,37,47,65476,410,65476,1,0,4,21553,0.0,-0.0,0.0,0.0,0.0,0.0,0.0,0.0,0.0,0.0,0.0,0.0,0.0,0.0,0.0,0.0,0.0,0.0,0.0,0.0,0.0,2.004,2.004,0.0,-3.697074863047967e+19,3.697076622266571e+19,0.0,0.0,0.0,0.0,6443.0,1.0406709515871489e+34,0.0,0.0,-107616352.0,-107616248.0,-0.0,-0.0,0.0,2.004,2.004,226,126840545280.0,-2.3088379029658953e+20,0.0,0.0,0.0,0.0,0.0,0.0,0.0,0,0,0,0.0,3.0305939984047857e+31,-143090499584.0,-4.568769672122518e+33,-1.78752336498362e+33,0.0,-9.066734645692886e+36,-2.355112740980848e+20,0.0,-3.404251547082144e+32,-373297.281,1.2094332411786035e+18,0.0,0.001,0.0,-0.0,0,1.3516416376850534e+27,226,0.0,452,2.40156025918058e+36,599251620986880.0,2114,52429,17109,0,17112,52429,17095,0,0,0,101,100,100,-0.0,65.8,-0.0,66.1,0.0,66.0,1,49,50,180,52429,52429,0,0,0.0,0.0,0.0,60.0,0.003,71.0,0.0,1.0597830084893082e+17,0.0,1069,0,1069,0,0,0,1069,0,1080,0,999,0,661,0,663,0,658,0,680,0.032,1.4462247353788288e+22,0.0,0.0,50320,16813,0.003,1.0597830084893082e+17,-0.0,-5496948.5,-11878806.0,-0.0,50.0,60.0,35,0.0,0.0,10.0,2.0,0.0,0.0,0.0,0.0,0.0,0.0,0.0,0.0,0.0,0.0,0.0,0.0,58.8,22,38,5,27,65476,560,65476,1,0,4,20529,65476,0,0,30147,60.0,0.0,10.0,10.0,2.0,0.0
2026-02-16T12:43:58,ERR,ERR,ERR,ERR,ERR,ERR,ERR,ERR,ERR,ERR,ERR,ERR,ERR,ERR,ERR,ERR,ERR,ERR,ERR,ERR,ERR,ERR,ERR,ERR,ERR,ERR,ERR,ERR,ERR,ERR,ERR,ERR,ERR,ERR,ERR,ERR,ERR,ERR,ERR,ERR,ERR,ERR,ERR,ERR,ERR,ERR,ERR,ERR,ERR,ERR,ERR,ERR,ERR,ERR,ERR,ERR,ERR,ERR,ERR,ERR,ERR,ERR,ERR,ERR,ERR,ERR,ERR,ERR,ERR,ERR,ERR,ERR,ERR,ERR,ERR,ERR,ERR,ERR,ERR,ERR,ERR,ERR,ERR,ERR,ERR,ERR,ERR,ERR,ERR,ERR,ERR,ERR,ERR,ERR,ERR,ERR,ERR,ERR,ERR,ERR,ERR,ERR,ERR,ERR,ERR,ERR,ERR,ERR,ERR,ERR,ERR,ERR,ERR,ERR,ERR,ERR,ERR,ERR,ERR,ERR,ERR,ERR,ERR,ERR,ERR,-107615880.0,-107616352.0,-0.0,0.0,-0.063,0.0,2.9412787788614555e+38,0.0,4300,0,8,17170,4300,0.0,41,0.0,0.0,0.0,0.0,0.0,0,0,0,0,0.0,0,0,0,0,0,0,0,0,0,0,0,0,0,0,0,0,0,0,0,0,0,0,0,0,0,0,0,0,0,0,0,0,0,10,37,37,47,65476,410,65476,1,0,4,21553,0.0,-0.0,0.0,0.0,0.0,0.0,0.0,0.0,0.0,0.0,0.0,0.0,0.0,0.0,0.0,0.0,0.0,0.0,0.0,0.0,0.0,2.004,2.004,0.0,-3.697074863047967e+19,3.697076622266571e+19,0.0,0.0,0.0,0.0,6443.0,1.0406709515871489e+34,0.0,0.0,-107616352.0,-107616248.0,-0.0,-0.0,0.0,2.004,2.004,226,126840545280.0,-2.3088379029658953e+20,0.0,0.0,0.0,0.0,0.0,0.0,0.0,0,0,0,0.0,3.0305939984047857e+31,-143090499584.0,-4.568769672122518e+33,-1.78752336498362e+33,0.0,-9.066734645692886e+36,-2.355112740980848e+20,0.0,-3.404251547082144e+32,-373297.281,1.2094332411786035e+18,0.0,0.001,0.0,-0.0,0,1.3516416376850534e+27,226,0.0,452,2.40156025918058e+36,599251620986880.0,2114,52429,17109,0,17112,52429,17095,0,0,0,101,100,100,-0.0,65.8,-0.0,66.1,0.0,66.0,1,49,50,180,52429,52429,0,0,0.0,0.0,0.0,60.0,0.003,71.0,0.0,1.0597830084893082e+17,0.0,1069,0,1069,0,0,0,1069,0,1080,0,999,0,661,0,663,0,658,0,680,0.032,1.4462247353788288e+22,0.0,0.0,50320,16813,0.003,1.0597830084893082e+17,-0.0,-5496948.5,-11878806.0,-0.0,50.0,60.0,35,0.0,0.0,10.0,2.0,0.0,0.0,0.0,0.0,0.0,0.0,0.0,0.0,0.0,0.0,0.0,0.0,58.8,23,37,5,27,65476,560,65476,1,0,4,20529,65476,0,0,30147,60.0,0.0,10.0,10.0,2.0,0.0
2026-02-16T12:43:59,ERR,ERR,ERR,ERR,ERR,ERR,ERR,ERR,ERR,ERR,ERR,ERR,ERR,ERR,ERR,ERR,ERR,ERR,ERR,ERR,ERR,ERR,ERR,ERR,ERR,ERR,ERR,ERR,ERR,ERR,ERR,ERR,ERR,ERR,ERR,ERR,ERR,ERR,ERR,ERR,ERR,ERR,ERR,ERR,ERR,ERR,ERR,ERR,ERR,ERR,ERR,ERR,ERR,ERR,ERR,ERR,ERR,ERR,ERR,ERR,ERR,ERR,ERR,ERR,ERR,ERR,ERR,ERR,ERR,ERR,ERR,ERR,ERR,ERR,ERR,ERR,ERR,ERR,ERR,ERR,ERR,ERR,ERR,ERR,ERR,ERR,ERR,ERR,ERR,ERR,ERR,ERR,ERR,ERR,ERR,ERR,ERR,ERR,ERR,ERR,ERR,ERR,ERR,ERR,ERR,ERR,ERR,ERR,ERR,ERR,ERR,ERR,ERR,ERR,ERR,ERR,ERR,ERR,ERR,ERR,ERR,ERR,ERR,ERR,ERR,-107615880.0,-107616352.0,-0.0,0.0,-0.063,0.0,2.9412787788614555e+38,0.0,4300,0,8,17170,4300,0.0,41,0.0,0.0,0.0,0.0,0.0,0,0,0,0,0.0,0,0,0,0,0,0,0,0,0,0,0,0,0,0,0,0,0,0,0,0,0,0,0,0,0,0,0,0,0,0,0,0,0,10,37,37,47,65476,410,65476,1,0,4,21553,0.0,-0.0,0.0,0.0,0.0,0.0,0.0,0.0,0.0,0.0,0.0,0.0,0.0,0.0,0.0,0.0,0.0,0.0,0.0,0.0,0.0,2.004,2.004,0.0,-3.697074863047967e+19,3.697076622266571e+19,0.0,0.0,0.0,0.0,6443.0,1.0406709515871489e+34,0.0,0.0,-107616352.0,-107616248.0,-0.0,-0.0,0.0,2.004,2.004,226,126840545280.0,-2.3088379029658953e+20,0.0,0.0,0.0,0.0,0.0,0.0,0.0,0,0,0,0.0,3.0305939984047857e+31,-143090499584.0,-4.568769672122518e+33,-1.78752336498362e+33,0.0,-9.066734645692886e+36,-2.355112740980848e+20,0.0,-3.404251547082144e+32,-373297.281,1.2094332411786035e+18,0.0,0.001,0.0,-0.0,0,1.3516416376850534e+27,226,0.0,452,2.40156025918058e+36,599251620986880.0,2114,52429,17109,0,17112,52429,17095,0,0,0,101,100,100,-0.0,65.8,-0.0,66.1,0.0,66.0,1,49,50,180,52429,52429,0,0,0.0,0.0,0.0,60.0,0.003,71.0,0.0,1.0597830084893082e+17,0.0,1069,0,1069,0,0,0,1069,0,1080,0,999,0,661,0,663,0,658,0,680,0.032,1.4462247353788288e+22,0.0,0.0,50320,16813,0.003,1.0597830084893082e+17,-0.0,-5496948.5,-11878806.0,-0.0,50.0,60.0,35,0.0,0.0,10.0,2.0,0.0,0.0,0.0,0.0,0.0,0.0,0.0,0.0,0.0,0.0,0.0,0.0,58.8,24,36,4,27,65476,585,65476,1,0,4,20529,65476,0,0,30147,60.0,0.0,10.0,10.0,2.0,0.0
2026-02-16T12:44:00,ERR,ERR,ERR,ERR,ERR,ERR,ERR,ERR,ERR,ERR,ERR,ERR,ERR,ERR,ERR,ERR,ERR,ERR,ERR,ERR,ERR,ERR,ERR,ERR,ERR,ERR,ERR,ERR,ERR,ERR,ERR,ERR,ERR,ERR,ERR,ERR,ERR,ERR,ERR,ERR,ERR,ERR,ERR,ERR,ERR,ERR,ERR,ERR,ERR,ERR,ERR,ERR,ERR,ERR,ERR,ERR,ERR,ERR,ERR,ERR,ERR,ERR,ERR,ERR,ERR,ERR,ERR,ERR,ERR,ERR,ERR,ERR,ERR,ERR,ERR,ERR,ERR,ERR,ERR,ERR,ERR,ERR,ERR,ERR,ERR,ERR,ERR,ERR,ERR,ERR,ERR,ERR,ERR,ERR,ERR,ERR,ERR,ERR,ERR,ERR,ERR,ERR,ERR,ERR,ERR,ERR,ERR,ERR,ERR,ERR,ERR,ERR,ERR,ERR,ERR,ERR,ERR,ERR,ERR,ERR,ERR,ERR,ERR,ERR,ERR,-107615880.0,-107616352.0,-0.0,0.0,-0.063,0.0,2.9412787788614555e+38,0.0,4300,0,8,17170,4300,0.0,41,0.0,0.0,0.0,0.0,0.0,0,0,0,0,0.0,0,0,0,0,0,0,0,0,0,0,0,0,0,0,0,0,0,0,0,0,0,0,0,0,0,0,0,0,0,0,0,0,0,10,37,37,47,65476,410,65476,1,0,4,21553,0.0,-0.0,0.0,0.0,0.0,0.0,0.0,0.0,0.0,0.0,0.0,0.0,0.0,0.0,0.0,0.0,0.0,0.0,0.0,0.0,0.0,2.004,2.004,0.0,-3.697074863047967e+19,3.697076622266571e+19,0.0,0.0,0.0,0.0,6443.0,1.0406709515871489e+34,0.0,0.0,-107616352.0,-107616248.0,-0.0,-0.0,0.0,2.004,2.004,226,126840545280.0,-2.3088379029658953e+20,0.0,0.0,0.0,0.0,0.0,0.0,0.0,0,0,0,0.0,3.0305939984047857e+31,-143090499584.0,-4.568769672122518e+33,-1.78752336498362e+33,0.0,-9.066734645692886e+36,-2.355112740980848e+20,0.0,-3.404251547082144e+32,-373297.281,1.2094332411786035e+18,0.0,0.001,0.0,-0.0,0,1.3516416376850534e+27,226,0.0,452,2.40156025918058e+36,599251620986880.0,2114,52429,17109,0,17112,52429,17095,0,0,0,101,100,100,-0.0,65.8,-0.0,66.1,0.0,66.0,1,49,50,180,52429,52429,0,0,0.0,0.0,0.0,60.0,0.001,71.0,0.0,-0.0,0.0,1069,0,1069,0,0,0,1069,0,1080,0,999,0,661,0,663,0,658,0,681,0.032,1.4536034330083127e+22,2.004,0.0,50704,16813,0.0,-274078269440.0,-0.0,1439773.125,0.0,-152.25,50.0,60.0,35,0.0,0.0,10.0,2.0,0.0,0.0,0.0,0.0,0.0,0.0,0.0,0.0,0.0,0.0,0.0,0.0,58.8,24,36,4,27,65476,585,65476,1,0,4,20529,65476,0,0,30147,60.0,0.0,10.0,10.0,2.0,0.0
2026-02-16T12:44:01,ERR,ERR,ERR,ERR,ERR,ERR,ERR,ERR,ERR,ERR,ERR,ERR,ERR,ERR,ERR,ERR,ERR,ERR,ERR,ERR,ERR,ERR,ERR,ERR,ERR,ERR,ERR,ERR,ERR,ERR,ERR,ERR,ERR,ERR,ERR,ERR,ERR,ERR,ERR,ERR,ERR,ERR,ERR,ERR,ERR,ERR,ERR,ERR,ERR,ERR,ERR,ERR,ERR,ERR,ERR,ERR,ERR,ERR,ERR,ERR,ERR,ERR,ERR,ERR,ERR,ERR,ERR,ERR,ERR,ERR,ERR,ERR,ERR,ERR,ERR,ERR,ERR,ERR,ERR,ERR,ERR,ERR,ERR,ERR,ERR,ERR,ERR,ERR,ERR,ERR,ERR,ERR,ERR,ERR,ERR,ERR,ERR,ERR,ERR,ERR,ERR,ERR,ERR,ERR,ERR,ERR,ERR,ERR,ERR,ERR,ERR,ERR,ERR,ERR,ERR,ERR,ERR,ERR,ERR,ERR,ERR,ERR,ERR,ERR,ERR,-107615880.0,-107616352.0,-0.0,0.0,-0.063,1.4795325889839104e+16,-537466241024.0,-1.6717388556922069e+21,4300,0,8,17171,4300,0.0,41,0.0,0.0,0.0,0.0,2.7184166902131945e+23,0,0,0,0,0.0,0,0,0,0,0,0,0,0,0,0,0,0,0,0,0,0,0,0,0,0,0,0,0,0,0,0,0,0,0,0,0,0,0,10,37,37,47,65476,410,65476,1,0,4,21553,0.0,0.0,0.0,0.0,0.0,0.0,0.0,0.0,0.0,0.0,0.0,0.0,0.0,0.0,0.0,0.0,0.0,0.0,0.0,0.0,0.0,2.004,0.0,0.0,-3.697074863047967e+19,2.004,0.0,0.0,0.0,0.0,6405.0,-564148786167808.0,0.0,-107615880.0,-2.7184527190102135e+23,-107616248.0,-0.0,0.0,0.0,2.004,2.004,227,0.0,-0.0,0.0,0.0,0.0,0.0,0.0,0.0,0.0,0,0,0,0.0,0.0,-53948476030976.0,-0.044,-1.263915657758453e+33,-55098421248.0,-2.2015788241117116e+28,-0.0,-18179663331328.0,-3.708487691136919e+32,-399921.281,1.3265268314902364e+18,0.0,0.001,0.0,-1.7552888619229984e+20,0,1.3516416376850534e+27,227,0.0,454,2.40156025918058e+36,599251620986880.0,2114,52429,17109,0,17112,52429,17095,0,0,0,101,100,100,-0.0,65.8,-0.0,66.1,0.0,66.0,1,49,50,180,52429,52429,0,0,0.0,0.0,0.0,60.0,0.001,71.0,0.0,-0.0,0.0,1069,0,1069,0,0,0,1069,0,1080,0,999,0,661,0,663,0,658,0,681,0.032,1.4536034330083127e+22,2.004,0.0,50704,16813,0.0,-274078269440.0,-0.0,1439773.125,0.0,-152.25,50.0,60.0,35,0.0,0.0,10.0,2.0,0.0,0.0,0.0,0.0,0.0,0.0,0.0,0.0,0.0,0.0,0.0,0.0,58.8,24,36,3,27,65476,585,65476,1,0,4,20529,65476,0,0,30147,60.0,0.0,10.0,10.0,2.0,0.0
2026-02-16T12:44:02,ERR,ERR,ERR,ERR,ERR,ERR,ERR,ERR,ERR,ERR,ERR,ERR,ERR,ERR,ERR,ERR,ERR,ERR,ERR,ERR,ERR,ERR,ERR,ERR,ERR,ERR,ERR,ERR,ERR,ERR,ERR,ERR,ERR,ERR,ERR,ERR,ERR,ERR,ERR,ERR,ERR,ERR,ERR,ERR,ERR,ERR,ERR,ERR,ERR,ERR,ERR,ERR,ERR,ERR,ERR,ERR,ERR,ERR,ERR,ERR,ERR,ERR,ERR,ERR,ERR,ERR,ERR,ERR,ERR,ERR,ERR,ERR,ERR,ERR,ERR,ERR,ERR,ERR,ERR,ERR,ERR,ERR,ERR,ERR,ERR,ERR,ERR,ERR,ERR,ERR,ERR,ERR,ERR,ERR,ERR,ERR,ERR,ERR,ERR,ERR,ERR,ERR,ERR,ERR,ERR,ERR,ERR,ERR,ERR,ERR,ERR,ERR,ERR,ERR,ERR,ERR,ERR,ERR,ERR,ERR,ERR,ERR,ERR,ERR,ERR,-107615880.0,-107616352.0,-0.0,0.0,-0.063,1.4795325889839104e+16,-537466241024.0,-1.6717388556922069e+21,4300,0,8,17171,4300,0.0,41,0.0,0.0,0.0,0.0,2.7184166902131945e+23,0,0,0,0,0.0,0,0,0,0,0,0,0,0,0,0,0,0,0,0,0,0,0,0,0,0,0,0,0,0,0,0,0,0,0,0,0,0,0,10,37,37,47,65476,410,65476,1,0,4,21553,0.0,0.0,0.0,0.0,0.0,0.0,0.0,0.0,0.0,0.0,0.0,0.0,0.0,0.0,0.0,0.0,0.0,0.0,0.0,0.0,0.0,2.004,0.0,0.0,-3.697074863047967e+19,2.004,0.0,0.0,0.0,0.0,6405.0,-564148786167808.0,0.0,-107615880.0,-2.7184527190102135e+23,-107616248.0,-0.0,0.0,0.0,2.004,2.004,227,0.0,-0.0,0.0,0.0,0.0,0.0,0.0,0.0,0.0,0,0,0,0.0,0.0,-53948476030976.0,-0.044,-1.263915657758453e+33,-55098421248.0,-2.2015788241117116e+28,-0.0,-18179663331328.0,-3.708487691136919e+32,-399921.281,1.3265268314902364e+18,0.0,0.001,0.0,-1.7552888619229984e+20,0,1.3516416376850534e+27,227,0.0,454,2.40156025918058e+36,599251620986880.0,2114,52429,17109,0,17112,52429,17095,0,0,0,101,100,100,-0.0,65.8,-0.0,66.1,0.0,66.0,1,49,50,180,52429,52429,0,0,0.0,0.0,0.0,60.0,0.001,71.0,0.0,-0.0,0.0,1069,0,1069,0,0,0,1069,0,1080,0,999,0,661,0,663,0,658,0,681,0.032,1.4536034330083127e+22,2.004,0.0,50704,16813,0.0,-274078269440.0,-0.0,1439773.125,0.0,-152.25,50.0,60.0,35,0.0,0.0,10.0,2.0,0.0,0.0,0.0,0.0,0.0,0.0,0.0,0.0,0.0,0.0,0.0,0.0,58.8,24,36,3,27,65476,585,65476,1,0,4,20529,65476,0,0,30147,60.0,0.0,10.0,10.0,2.0,0.0
2026-02-16T12:44:03,ERR,ERR,ERR,ERR,ERR,ERR,ERR,ERR,ERR,ERR,ERR,ERR,ERR,ERR,ERR,ERR,ERR,ERR,ERR,ERR,ERR,ERR,ERR,ERR,ERR,ERR,ERR,ERR,ERR,ERR,ERR,ERR,ERR,ERR,ERR,ERR,ERR,ERR,ERR,ERR,ERR,ERR,ERR,ERR,ERR,ERR,ERR,ERR,ERR,ERR,ERR,ERR,ERR,ERR,ERR,ERR,ERR,ERR,ERR,ERR,ERR,ERR,ERR,ERR,ERR,ERR,ERR,ERR,ERR,ERR,ERR,ERR,ERR,ERR,ERR,ERR,ERR,ERR,ERR,ERR,ERR,ERR,ERR,ERR,ERR,ERR,ERR,ERR,ERR,ERR,ERR,ERR,ERR,ERR,ERR,ERR,ERR,ERR,ERR,ERR,ERR,ERR,ERR,ERR,ERR,ERR,ERR,ERR,ERR,ERR,ERR,ERR,ERR,ERR,ERR,ERR,ERR,ERR,ERR,ERR,ERR,ERR,ERR,ERR,ERR,-107615880.0,-107616352.0,-0.0,0.0,-0.063,1.4795325889839104e+16,-537466241024.0,-1.6717388556922069e+21,4300,0,8,17171,4300,0.0,41,0.0,0.0,0.0,0.0,2.7184166902131945e+23,0,0,0,0,0.0,0,0,0,0,0,0,0,0,0,0,0,0,0,0,0,0,0,0,0,0,0,0,0,0,0,0,0,0,0,0,0,0,0,10,37,37,47,65476,410,65476,1,0,4,21553,0.0,0.0,0.0,0.0,0.0,0.0,0.0,0.0,0.0,0.0,0.0,0.0,0.0,0.0,0.0,0.0,0.0,0.0,0.0,0.0,0.0,2.004,0.0,0.0,-3.697074863047967e+19,2.004,0.0,0.0,0.0,0.0,6405.0,-564148786167808.0,0.0,-107615880.0,-2.7184527190102135e+23,-107616248.0,-0.0,0.0,0.0,2.004,2.004,227,0.0,-0.0,0.0,0.0,0.0,0.0,0.0,0.0,0.0,0,0,0,0.0,0.0,-53948476030976.0,-0.044,-1.263915657758453e+33,-55098421248.0,-2.2015788241117116e+28,-0.0,-18179663331328.0,-3.708487691136919e+32,-399921.281,1.3265268314902364e+18,0.0,0.001,0.0,-1.7552888619229984e+20,0,1.3516416376850534e+27,227,0.0,454,2.40156025918058e+36,599251620986880.0,2114,52429,17109,0,17112,52429,17095,0,0,0,101,100,100,-0.0,65.8,-0.0,66.1,0.0,66.0,1,49,50,180,52429,52429,0,0,0.0,0.0,0.0,60.0,0.014,71.0,0.0,-0.0,0.0,1069,0,1069,0,0,0,1069,0,1080,0,999,0,662,0,663,0,658,0,682,0.032,1.4609821306377965e+22,-0.0,2.730234856211355e+23,51728,16813,0.0,-0.0,-0.0,-0.0,-3.712521523674592e+21,-0.0,50.0,60.0,35,0.0,0.0,10.0,2.0,0.0,0.0,0.0,0.0,0.0,0.0,0.0,0.0,0.0,0.0,0.0,0.0,58.8,25,36,3,27,65476,622,65476,1,0,4,20529,65476,0,0,30147,60.0,0.0,10.0,10.0,2.0,0.0
2026-02-16T12:44:04,ERR,ERR,ERR,ERR,ERR,ERR,ERR,ERR,ERR,ERR,ERR,ERR,ERR,ERR,ERR,ERR,ERR,ERR,ERR,ERR,ERR,ERR,ERR,ERR,ERR,ERR,ERR,ERR,ERR,ERR,ERR,ERR,ERR,ERR,ERR,ERR,ERR,ERR,ERR,ERR,ERR,ERR,ERR,ERR,ERR,ERR,ERR,ERR,ERR,ERR,ERR,ERR,ERR,ERR,ERR,ERR,ERR,ERR,ERR,ERR,ERR,ERR,ERR,ERR,ERR,ERR,ERR,ERR,ERR,ERR,ERR,ERR,ERR,ERR,ERR,ERR,ERR,ERR,ERR,ERR,ERR,ERR,ERR,ERR,ERR,ERR,ERR,ERR,ERR,ERR,ERR,ERR,ERR,ERR,ERR,ERR,ERR,ERR,ERR,ERR,ERR,ERR,ERR,ERR,ERR,ERR,ERR,ERR,ERR,ERR,ERR,ERR,ERR,ERR,ERR,ERR,ERR,ERR,ERR,ERR,ERR,ERR,ERR,ERR,ERR,-107615880.0,-107616352.0,-0.0,0.0,-0.063,1.4795325889839104e+16,-537466241024.0,-1.6717388556922069e+21,4300,0,8,17171,4300,0.0,41,0.0,0.0,0.0,0.0,2.7184166902131945e+23,0,0,0,0,0.0,0,0,0,0,0,0,0,0,0,0,0,0,0,0,0,0,0,0,0,0,0,0,0,0,0,0,0,0,0,0,0,0,0,10,37,37,47,65476,410,65476,1,0,4,21553,0.0,0.0,0.0,0.0,0.0,0.0,0.0,0.0,0.0,0.0,0.0,0.0,0.0,0.0,0.0,0.0,0.0,0.0,0.0,0.0,0.0,2.004,0.0,0.0,-3.697074863047967e+19,2.004,0.0,0.0,0.0,0.0,6405.0,-564148786167808.0,0.0,-107615880.0,-2.7184527190102135e+23,-107616248.0,-0.0,0.0,0.0,2.004,2.004,227,0.0,-0.0,0.0,0.0,0.0,0.0,0.0,0.0,0.0,0,0,0,0.0,0.0,-53948476030976.0,-0.044,-1.263915657758453e+33,-55098421248.0,-2.2015788241117116e+28,-0.0,-18179663331328.0,-3.708487691136919e+32,-399921.281,1.3265268314902364e+18,0.0,0.001,0.0,-1.7552888619229984e+20,0,1.3516416376850534e+27,227,0.0,454,2.40156025918058e+36,599251620986880.0,2114,52429,17109,0,17112,52429,17095,0,0,0,101,100,100,-0.0,65.8,-0.0,66.1,0.0,66.0,1,49,50,180,52429,52429,0,0,0.0,0.0,0.0,60.0,0.014,71.0,0.0,-0.0,0.0,1069,0,1069,0,0,0,1069,0,1080,0,999,0,662,0,663,0,658,0,682,0.032,1.4609821306377965e+22,-0.0,2.730234856211355e+23,51728,16813,0.0,-0.0,-0.0,-0.0,-3.712521523674592e+21,-0.0,50.0,60.0,35,0.0,0.0,10.0,2.0,0.0,0.0,0.0,0.0,0.0,0.0,0.0,0.0,0.0,0.0,0.0,0.0,58.8,25,35,2,27,65476,648,300,1,0,8,20529,65476,0,0,30147,60.0,0.0,10.0,10.0,2.0,0.0
2026-02-16T12:44:05,ERR,ERR,ERR,ERR,ERR,ERR,ERR,ERR,ERR,ERR,ERR,ERR,ERR,ERR,ERR,ERR,ERR,ERR,ERR,ERR,ERR,ERR,ERR,ERR,ERR,ERR,ERR,ERR,ERR,ERR,ERR,ERR,ERR,ERR,ERR,ERR,ERR,ERR,ERR,ERR,ERR,ERR,ERR,ERR,ERR,ERR,ERR,ERR,ERR,ERR,ERR,ERR,ERR,ERR,ERR,ERR,ERR,ERR,ERR,ERR,ERR,ERR,ERR,ERR,ERR,ERR,ERR,ERR,ERR,ERR,ERR,ERR,ERR,ERR,ERR,ERR,ERR,ERR,ERR,ERR,ERR,ERR,ERR,ERR,ERR,ERR,ERR,ERR,ERR,ERR,ERR,ERR,ERR,ERR,ERR,ERR,ERR,ERR,ERR,ERR,ERR,ERR,ERR,ERR,ERR,ERR,ERR,ERR,ERR,ERR,ERR,ERR,ERR,ERR,ERR,ERR,ERR,ERR,ERR,ERR,ERR,ERR,ERR,ERR,ERR,0.0,-107616352.0,0.0,0.0,142144341803008.0,1722.034,-0.0,-0.0,4300,0,8,17171,4300,0.0,41,0.0,0.0,0.0,0.0,2.7184166902131945e+23,0,0,0,0,0.0,0,0,0,0,0,0,0,0,0,0,0,0,0,0,0,0,0,0,0,0,0,0,0,0,0,0,0,0,0,0,0,0,0,10,37,37,47,65476,410,65476,1,0,4,21553,0.0,2.7183305813883192e+23,0.0,0.0,0.0,0.0,0.0,0.0,0.0,0.0,0.0,0.0,0.0,0.0,0.0,0.0,0.0,0.0,0.0,0.0,0.0,2.004,0.0,0.0,0.0,0.0,0.0,0.0,0.0,0.0,6401.0,1.587937664479286e+29,0.0,-107615880.0,-2.7184527190102135e+23,0.0,2.7184509175703625e+23,0.0,0.0,2.004,2.004,226,0.0,89221.0,0.0,0.0,0.0,0.0,0.0,0.0,0.0,0,0,0,0.0,2.359975456609068e+36,-254276811096064.0,2.8968046486298087e+20,-6.878719439293238e+28,2.8850689772265564e+35,-634522429292544.0,-0.029,-3.737150021186821e+23,-4.012723835191694e+32,-424497.281,1.4346132225471283e+18,0.0,0.001,0.0,-0.0,0,1.3516416376850534e+27,227,0.0,454,0.0,-0.0,2114,52429,17109,0,17112,52429,17095,0,0,0,101,100,100,-0.0,65.8,-0.0,66.1,0.0,66.0,1,49,50,180,52429,52429,0,0,0.0,0.0,0.0,60.0,0.014,71.0,0.0,-0.0,0.0,1069,0,1069,0,0,0,1069,0,1080,0,999,0,662,0,663,0,658,0,682,0.032,1.4609821306377965e+22,-0.0,2.730234856211355e+23,51728,16813,0.0,-0.0,-0.0,-0.0,-3.712521523674592e+21,-0.0,50.0,60.0,35,0.0,0.0,10.0,2.0,0.0,0.0,0.0,0.0,0.0,0.0,0.0,0.0,0.0,0.0,0.0,0.0,58.8,25,35,2,27,65476,648,300,1,0,8,20529,65476,0,0,30147,60.0,0.0,10.0,10.0,2.0,0.0
2026-02-16T12:44:06,ERR,ERR,ERR,ERR,ERR,ERR,ERR,ERR,ERR,ERR,ERR,ERR,ERR,ERR,ERR,ERR,ERR,ERR,ERR,ERR,ERR,ERR,ERR,ERR,ERR,ERR,ERR,ERR,ERR,ERR,ERR,ERR,ERR,ERR,ERR,ERR,ERR,ERR,ERR,ERR,ERR,ERR,ERR,ERR,ERR,ERR,ERR,ERR,ERR,ERR,ERR,ERR,ERR,ERR,ERR,ERR,ERR,ERR,ERR,ERR,ERR,ERR,ERR,ERR,ERR,ERR,ERR,ERR,ERR,ERR,ERR,ERR,ERR,ERR,ERR,ERR,ERR,ERR,ERR,ERR,ERR,ERR,ERR,ERR,ERR,ERR,ERR,ERR,ERR,ERR,ERR,ERR,ERR,ERR,ERR,ERR,ERR,ERR,ERR,ERR,ERR,ERR,ERR,ERR,ERR,ERR,ERR,ERR,ERR,ERR,ERR,ERR,ERR,ERR,ERR,ERR,ERR,ERR,ERR,ERR,ERR,ERR,ERR,ERR,ERR,0.0,-107616352.0,0.0,0.0,142144341803008.0,1722.034,-0.0,-0.0,4300,0,8,17171,4300,0.0,41,0.0,0.0,0.0,0.0,2.7184166902131945e+23,0,0,0,0,0.0,0,0,0,0,0,0,0,0,0,0,0,0,0,0,0,0,0,0,0,0,0,0,0,0,0,0,0,0,0,0,0,0,0,10,37,37,47,65476,410,65476,1,0,4,21553,0.0,2.7183305813883192e+23,0.0,0.0,0.0,0.0,0.0,0.0,0.0,0.0,0.0,0.0,0.0,0.0,0.0,0.0,0.0,0.0,0.0,0.0,0.0,2.004,0.0,0.0,0.0,0.0,0.0,0.0,0.0,0.0,6401.0,1.587937664479286e+29,0.0,-107615880.0,-2.7184527190102135e+23,0.0,2.7184509175703625e+23,0.0,0.0,2.004,2.004,226,0.0,89221.0,0.0,0.0,0.0,0.0,0.0,0.0,0.0,0,0,0,0.0,2.359975456609068e+36,-254276811096064.0,2.8968046486298087e+20,-6.878719439293238e+28,2.8850689772265564e+35,-634522429292544.0,-0.029,-3.737150021186821e+23,-4.012723835191694e+32,-424497.281,1.4346132225471283e+18,0.0,0.001,0.0,-0.0,0,1.3516416376850534e+27,227,0.0,454,0.0,-0.0,2114,52429,17109,0,17112,52429,17095,0,0,0,101,100,100,-0.0,65.8,-0.0,66.1,0.0,66.0,1,49,50,180,52429,52429,0,0,0.0,0.0,0.0,60.0,0.0,71.0,0.0,-0.0,0.0,1069,0,1069,0,0,0,1069,0,1080,0,999,0,661,0,663,0,658,0,683,0.032,1.4609821306377965e+22,-0.0,2.730234856211355e+23,43664,16813,0.0,-0.0,-53485916160.0,-0.0,0.0,0.0,50.0,60.0,35,0.0,0.0,10.0,2.0,0.0,0.0,0.0,0.0,0.0,0.0,0.0,0.0,0.0,0.0,0.0,0.0,58.8,25,35,2,27,65476,648,300,0,0,8,20529,65476,0,0,30147,60.0,0.0,10.0,10.0,2.0,0.0
2026-02-16T12:44:07,ERR,ERR,ERR,ERR,ERR,ERR,ERR,ERR,ERR,ERR,ERR,ERR,ERR,ERR,ERR,ERR,ERR,ERR,ERR,ERR,ERR,ERR,ERR,ERR,ERR,ERR,ERR,ERR,ERR,ERR,ERR,ERR,ERR,ERR,ERR,ERR,ERR,ERR,ERR,ERR,ERR,ERR,ERR,ERR,ERR,ERR,ERR,ERR,ERR,ERR,ERR,ERR,ERR,ERR,ERR,ERR,ERR,ERR,ERR,ERR,ERR,ERR,ERR,ERR,ERR,ERR,ERR,ERR,ERR,ERR,ERR,ERR,ERR,ERR,ERR,ERR,ERR,ERR,ERR,ERR,ERR,ERR,ERR,ERR,ERR,ERR,ERR,ERR,ERR,ERR,ERR,ERR,ERR,ERR,ERR,ERR,ERR,ERR,ERR,ERR,ERR,ERR,ERR,ERR,ERR,ERR,ERR,ERR,ERR,ERR,ERR,ERR,ERR,ERR,ERR,ERR,ERR,ERR,ERR,ERR,ERR,ERR,ERR,ERR,ERR,0.0,-107616352.0,0.0,0.0,142144341803008.0,1722.034,-0.0,-0.0,4300,0,8,17171,4300,0.0,41,0.0,0.0,0.0,0.0,2.7184166902131945e+23,0,0,0,0,0.0,0,0,0,0,0,0,0,0,0,0,0,0,0,0,0,0,0,0,0,0,0,0,0,0,0,0,0,0,0,0,0,0,0,10,37,37,47,65476,410,65476,1,0,4,21553,0.0,2.7183305813883192e+23,0.0,0.0,0.0,0.0,0.0,0.0,0.0,0.0,0.0,0.0,0.0,0.0,0.0,0.0,0.0,0.0,0.0,0.0,0.0,2.004,0.0,0.0,0.0,0.0,0.0,0.0,0.0,0.0,6401.0,1.587937664479286e+29,0.0,-107615880.0,-2.7184527190102135e+23,0.0,2.7184509175703625e+23,0.0,0.0,2.004,2.004,226,0.0,89221.0,0.0,0.0,0.0,0.0,0.0,0.0,0.0,0,0,0,0.0,2.359975456609068e+36,-254276811096064.0,2.8968046486298087e+20,-6.878719439293238e+28,2.8850689772265564e+35,-634522429292544.0,-0.029,-3.737150021186821e+23,-4.012723835191694e+32,-424497.281,1.4346132225471283e+18,0.0,0.001,0.0,-0.0,0,1.3516416376850534e+27,227,0.0,454,0.0,-0.0,2114,52429,17109,0,17112,52429,17095,0,0,0,101,100,100,-0.0,65.8,-0.0,66.1,0.0,66.0,1,49,50,180,52429,52429,0,0,0.0,0.0,0.0,60.0,0.0,71.0,0.0,-0.0,0.0,1069,0,1069,0,0,0,1069,0,1080,0,999,0,661,0,663,0,658,0,683,0.032,1.4609821306377965e+22,-0.0,2.730234856211355e+23,43664,16813,0.0,-0.0,-53485916160.0,-0.0,0.0,0.0,50.0,60.0,35,0.0,0.0,10.0,2.0,0.0,0.0,0.0,0.0,0.0,0.0,0.0,0.0,0.0,0.0,0.0,0.0,59.2,26,34,1,27,65476,491,300,0,0,8,20529,65476,0,0,30147,60.0,0.0,10.0,10.0,2.0,0.0
2026-02-16T12:44:08,ERR,ERR,ERR,ERR,ERR,ERR,ERR,ERR,ERR,ERR,ERR,ERR,ERR,ERR,ERR,ERR,ERR,ERR,ERR,ERR,ERR,ERR,ERR,ERR,ERR,ERR,ERR,ERR,ERR,ERR,ERR,ERR,ERR,ERR,ERR,ERR,ERR,ERR,ERR,ERR,ERR,ERR,ERR,ERR,ERR,ERR,ERR,ERR,ERR,ERR,ERR,ERR,ERR,ERR,ERR,ERR,ERR,ERR,ERR,ERR,ERR,ERR,ERR,ERR,ERR,ERR,ERR,ERR,ERR,ERR,ERR,ERR,ERR,ERR,ERR,ERR,ERR,ERR,ERR,ERR,ERR,ERR,ERR,ERR,ERR,ERR,ERR,ERR,ERR,ERR,ERR,ERR,ERR,ERR,ERR,ERR,ERR,ERR,ERR,ERR,ERR,ERR,ERR,ERR,ERR,ERR,ERR,ERR,ERR,ERR,ERR,ERR,ERR,ERR,ERR,ERR,ERR,ERR,ERR,ERR,ERR,ERR,ERR,ERR,ERR,0.0,-107616352.0,0.0,0.0,142144341803008.0,1722.034,-0.0,-0.0,4300,0,8,17171,4300,0.0,41,0.0,0.0,0.0,0.0,2.7184166902131945e+23,0,0,0,0,0.0,0,0,0,0,0,0,0,0,0,0,0,0,0,0,0,0,0,0,0,0,0,0,0,0,0,0,0,0,0,0,0,0,0,10,37,37,47,65476,410,65476,1,0,4,21553,0.0,2.7183305813883192e+23,0.0,0.0,0.0,0.0,0.0,0.0,0.0,0.0,0.0,0.0,0.0,0.0,0.0,0.0,0.0,0.0,0.0,0.0,0.0,2.004,0.0,0.0,0.0,0.0,0.0,0.0,0.0,0.0,6401.0,1.587937664479286e+29,0.0,-107615880.0,-2.7184527190102135e+23,0.0,2.7184509175703625e+23,0.0,0.0,2.004,2.004,226,0.0,89221.0,0.0,0.0,0.0,0.0,0.0,0.0,0.0,0,0,0,0.0,2.359975456609068e+36,-254276811096064.0,2.8968046486298087e+20,-6.878719439293238e+28,2.8850689772265564e+35,-634522429292544.0,-0.029,-3.737150021186821e+23,-4.012723835191694e+32,-424497.281,1.4346132225471283e+18,0.0,0.001,0.0,-0.0,0,1.3516416376850534e+27,227,0.0,454,0.0,-0.0,2114,52429,17109,0,17112,52429,17095,0,0,0,101,100,100,-0.0,65.8,-0.0,66.1,0.0,66.0,1,49,50,180,52429,52429,0,0,0.0,0.0,0.0,60.0,0.0,71.0,0.0,-0.0,0.0,1069,0,1069,0,0,0,1069,0,1080,0,999,0,661,0,663,0,658,0,683,0.032,1.4609821306377965e+22,-0.0,2.730234856211355e+23,43664,16813,0.0,-0.0,-53485916160.0,-0.0,0.0,0.0,50.0,60.0,35,0.0,0.0,10.0,2.0,0.0,0.0,0.0,0.0,0.0,0.0,0.0,0.0,0.0,0.0,0.0,0.0,59.2,26,34,1,27,65476,491,300,0,0,8,20529,65476,0,0,30147,60.0,0.0,10.0,10.0,2.0,0.0
2026-02-16T12:44:09,ERR,ERR,ERR,ERR,ERR,ERR,ERR,ERR,ERR,ERR,ERR,ERR,ERR,ERR,ERR,ERR,ERR,ERR,ERR,ERR,ERR,ERR,ERR,ERR,ERR,ERR,ERR,ERR,ERR,ERR,ERR,ERR,ERR,ERR,ERR,ERR,ERR,ERR,ERR,ERR,ERR,ERR,ERR,ERR,ERR,ERR,ERR,ERR,ERR,ERR,ERR,ERR,ERR,ERR,ERR,ERR,ERR,ERR,ERR,ERR,ERR,ERR,ERR,ERR,ERR,ERR,ERR,ERR,ERR,ERR,ERR,ERR,ERR,ERR,ERR,ERR,ERR,ERR,ERR,ERR,ERR,ERR,ERR,ERR,ERR,ERR,ERR,ERR,ERR,ERR,ERR,ERR,ERR,ERR,ERR,ERR,ERR,ERR,ERR,ERR,ERR,ERR,ERR,ERR,ERR,ERR,ERR,ERR,ERR,ERR,ERR,ERR,ERR,ERR,ERR,ERR,ERR,ERR,ERR,ERR,ERR,ERR,ERR,ERR,ERR,0.0,-107616352.0,0.0,0.0,142144341803008.0,1722.034,-0.0,-0.0,4300,0,8,17171,4300,0.0,41,0.0,0.0,0.0,0.0,2.7184166902131945e+23,0,0,0,0,0.0,0,0,0,0,0,0,0,0,0,0,0,0,0,0,0,0,0,0,0,0,0,0,0,0,0,0,0,0,0,0,0,0,0,10,37,37,47,65476,410,65476,1,0,4,21553,0.0,2.7183305813883192e+23,0.0,0.0,0.0,0.0,0.0,0.0,0.0,0.0,0.0,0.0,0.0,0.0,0.0,0.0,0.0,0.0,0.0,0.0,0.0,2.004,0.0,0.0,0.0,0.0,0.0,0.0,0.0,0.0,6401.0,1.587937664479286e+29,0.0,-107615880.0,-2.7184527190102135e+23,0.0,2.7184509175703625e+23,0.0,0.0,2.004,2.004,226,0.0,89221.0,0.0,0.0,0.0,0.0,0.0,0.0,0.0,0,0,0,0.0,2.359975456609068e+36,-254276811096064.0,2.8968046486298087e+20,-6.878719439293238e+28,2.8850689772265564e+35,-634522429292544.0,-0.029,-3.737150021186821e+23,-4.012723835191694e+32,-424497.281,1.4346132225471283e+18,0.0,0.001,0.0,-0.0,0,1.3516416376850534e+27,227,0.0,454,0.0,-0.0,2114,52429,17109,0,17112,52429,17095,0,0,0,101,100,100,-0.0,65.8,-0.0,66.1,0.0,66.0,1,49,50,180,52429,52429,0,0,0.0,0.0,0.0,60.0,0.0,71.0,0.0,-0.0,0.0,1069,0,1069,0,0,0,1069,0,1080,0,999,0,661,0,663,0,658,0,683,0.032,1.4609821306377965e+22,-0.0,2.730234856211355e+23,43664,16813,0.0,-0.0,-53485916160.0,-0.0,0.0,0.0,50.0,60.0,35,0.0,0.0,10.0,2.0,0.0,0.0,0.0,0.0,0.0,0.0,0.0,0.0,0.0,0.0,0.0,0.0,58.8,30,31,65534,27,65476,331,300,0,0,8,20529,65476,0,0,30147,60.0,0.0,10.0,10.0,2.0,0.0
2026-02-16T12:44:10,ERR,ERR,ERR,ERR,ERR,ERR,ERR,ERR,ERR,ERR,ERR,ERR,ERR,ERR,ERR,ERR,ERR,ERR,ERR,ERR,ERR,ERR,ERR,ERR,ERR,ERR,ERR,ERR,ERR,ERR,ERR,ERR,ERR,ERR,ERR,ERR,ERR,ERR,ERR,ERR,ERR,ERR,ERR,ERR,ERR,ERR,ERR,ERR,ERR,ERR,ERR,ERR,ERR,ERR,ERR,ERR,ERR,ERR,ERR,ERR,ERR,ERR,ERR,ERR,ERR,ERR,ERR,ERR,ERR,ERR,ERR,ERR,ERR,ERR,ERR,ERR,ERR,ERR,ERR,ERR,ERR,ERR,ERR,ERR,ERR,ERR,ERR,ERR,ERR,ERR,ERR,ERR,ERR,ERR,ERR,ERR,ERR,ERR,ERR,ERR,ERR,ERR,ERR,ERR,ERR,ERR,ERR,ERR,ERR,ERR,ERR,ERR,ERR,ERR,ERR,ERR,ERR,ERR,ERR,ERR,ERR,ERR,ERR,ERR,ERR,-107615880.0,-2.7184527190102135e+23,nan,0.0,0.0,8.358875829821013e+20,-4.533207276483248e+19,845.001,4300,0,8,17171,4300,0.0,41,0.0,0.0,0.0,0.0,2.7184166902131945e+23,0,0,0,0,0.0,0,0,0,0,0,0,0,0,0,0,0,0,0,0,0,0,0,0,0,0,0,0,0,0,0,0,0,0,0,0,0,0,0,9,37,37,46,65476,410,65476,1,0,4,21553,0.0,-0.0,0.0,0.0,0.0,0.0,0.0,0.0,0.0,0.0,0.0,0.0,0.0,0.0,0.0,0.0,0.0,0.0,0.0,0.0,0.0,2.004,2.004,0.0,0.0,-3.69707618246192e+19,0.0,0.0,0.0,0.0,6428.0,0.0,0.0,0.0,-2.7184527190102135e+23,0.0,107616272.0,0.0,0.0,2.004,2.004,227,-71.629,0.0,0.0,0.0,0.0,0.0,0.0,0.0,0.0,0,0,0,0.002,-0.0,-6.782904274180375e+18,0.0,-1.2697375688706301e+31,-0.0,-0.0,4.7410544434980854e+36,-0.0,-4.316959979246469e+32,-451121.281,1.5517068128587612e+18,0.0,0.001,0.0,-0.391,0,1.3516416376850534e+27,226,0.0,452,2.40156025918058e+36,-0.235,2114,52429,17109,0,17112,52429,17095,0,0,0,101,100,100,-0.0,65.8,-0.0,66.1,2.7302341356354147e+23,66.0,1,49,50,180,52429,52429,0,0,0.0,0.0,0.0,60.0,0.0,71.0,0.0,0.0,0.0,1069,0,1069,0,0,0,1069,0,1080,0,999,0,661,0,664,0,658,0,684,0.032,1.4609821306377965e+22,-2.004,-0.0,62864,16813,25.782,1.6055808210354831e+18,-0.0,-0.0,-3.418555109709982e+20,-0.0,50.0,60.0,35,0.0,0.0,10.0,2.0,0.0,0.0,0.0,0.0,0.0,0.0,0.0,0.0,0.0,0.0,0.0,0.0,58.8,30,31,65534,27,65476,331,300,0,0,8,20529,65476,0,0,30147,60.0,0.0,10.0,10.0,2.0,0.0
2026-02-16T12:44:11,ERR,ERR,ERR,ERR,ERR,ERR,ERR,ERR,ERR,ERR,ERR,ERR,ERR,ERR,ERR,ERR,ERR,ERR,ERR,ERR,ERR,ERR,ERR,ERR,ERR,ERR,ERR,ERR,ERR,ERR,ERR,ERR,ERR,ERR,ERR,ERR,ERR,ERR,ERR,ERR,ERR,ERR,ERR,ERR,ERR,ERR,ERR,ERR,ERR,ERR,ERR,ERR,ERR,ERR,ERR,ERR,ERR,ERR,ERR,ERR,ERR,ERR,ERR,ERR,ERR,ERR,ERR,ERR,ERR,ERR,ERR,ERR,ERR,ERR,ERR,ERR,ERR,ERR,ERR,ERR,ERR,ERR,ERR,ERR,ERR,ERR,ERR,ERR,ERR,ERR,ERR,ERR,ERR,ERR,ERR,ERR,ERR,ERR,ERR,ERR,ERR,ERR,ERR,ERR,ERR,ERR,ERR,ERR,ERR,ERR,ERR,ERR,ERR,ERR,ERR,ERR,ERR,ERR,ERR,ERR,ERR,ERR,ERR,ERR,ERR,-107615880.0,-2.7184527190102135e+23,nan,0.0,0.0,8.358875829821013e+20,-4.533207276483248e+19,845.001,4300,0,8,17171,4300,0.0,41,0.0,0.0,0.0,0.0,2.7184166902131945e+23,0,0,0,0,0.0,0,0,0,0,0,0,0,0,0,0,0,0,0,0,0,0,0,0,0,0,0,0,0,0,0,0,0,0,0,0,0,0,0,9,37,37,46,65476,410,65476,1,0,4,21553,0.0,-0.0,0.0,0.0,0.0,0.0,0.0,0.0,0.0,0.0,0.0,0.0,0.0,0.0,0.0,0.0,0.0,0.0,0.0,0.0,0.0,2.004,2.004,0.0,0.0,-3.69707618246192e+19,0.0,0.0,0.0,0.0,6428.0,0.0,0.0,0.0,-2.7184527190102135e+23,0.0,107616272.0,0.0,0.0,2.004,2.004,227,-71.629,0.0,0.0,0.0,0.0,0.0,0.0,0.0,0.0,0,0,0,0.002,-0.0,-6.782904274180375e+18,0.0,-1.2697375688706301e+31,-0.0,-0.0,4.7410544434980854e+36,-0.0,-4.316959979246469e+32,-451121.281,1.5517068128587612e+18,0.0,0.001,0.0,-0.391,0,1.3516416376850534e+27,226,0.0,452,2.40156025918058e+36,-0.235,2114,52429,17109,0,17112,52429,17095,0,0,0,101,100,100,-0.0,65.8,-0.0,66.1,2.7302341356354147e+23,66.0,1,49,50,180,52429,52429,0,0,0.0,0.0,0.0,60.0,0.0,71.0,0.0,0.0,0.0,1069,0,1069,0,0,0,1069,0,1080,0,999,0,661,0,664,0,658,0,684,0.032,1.4609821306377965e+22,-2.004,-0.0,62864,16813,25.782,1.6055808210354831e+18,-0.0,-0.0,-3.418555109709982e+20,-0.0,50.0,60.0,35,0.0,0.0,10.0,2.0,0.0,0.0,0.0,0.0,0.0,0.0,0.0,0.0,0.0,0.0,0.0,0.0,58.8,32,28,65531,27,65476,250,300,0,0,8,20529,65476,0,0,30147,60.0,0.0,10.0,10.0,2.0,0.0
2026-02-16T12:44:12,ERR,ERR,ERR,ERR,ERR,ERR,ERR,ERR,ERR,ERR,ERR,ERR,ERR,ERR,ERR,ERR,ERR,ERR,ERR,ERR,ERR,ERR,ERR,ERR,ERR,ERR,ERR,ERR,ERR,ERR,ERR,ERR,ERR,ERR,ERR,ERR,ERR,ERR,ERR,ERR,ERR,ERR,ERR,ERR,ERR,ERR,ERR,ERR,ERR,ERR,ERR,ERR,ERR,ERR,ERR,ERR,ERR,ERR,ERR,ERR,ERR,ERR,ERR,ERR,ERR,ERR,ERR,ERR,ERR,ERR,ERR,ERR,ERR,ERR,ERR,ERR,ERR,ERR,ERR,ERR,ERR,ERR,ERR,ERR,ERR,ERR,ERR,ERR,ERR,ERR,ERR,ERR,ERR,ERR,ERR,ERR,ERR,ERR,ERR,ERR,ERR,ERR,ERR,ERR,ERR,ERR,ERR,ERR,ERR,ERR,ERR,ERR,ERR,ERR,ERR,ERR,ERR,ERR,ERR,ERR,ERR,ERR,ERR,ERR,ERR,-107615880.0,-2.7184527190102135e+23,nan,0.0,0.0,8.358875829821013e+20,-4.533207276483248e+19,845.001,4300,0,8,17171,4300,0.0,41,0.0,0.0,0.0,0.0,2.7184166902131945e+23,0,0,0,0,0.0,0,0,0,0,0,0,0,0,0,0,0,0,0,0,0,0,0,0,0,0,0,0,0,0,0,0,0,0,0,0,0,0,0,9,37,37,46,65476,410,65476,1,0,4,21553,0.0,-0.0,0.0,0.0,0.0,0.0,0.0,0.0,0.0,0.0,0.0,0.0,0.0,0.0,0.0,0.0,0.0,0.0,0.0,0.0,0.0,2.004,2.004,0.0,0.0,-3.69707618246192e+19,0.0,0.0,0.0,0.0,6428.0,0.0,0.0,0.0,-2.7184527190102135e+23,0.0,107616272.0,0.0,0.0,2.004,2.004,227,-71.629,0.0,0.0,0.0,0.0,0.0,0.0,0.0,0.0,0,0,0,0.002,-0.0,-6.782904274180375e+18,0.0,-1.2697375688706301e+31,-0.0,-0.0,4.7410544434980854e+36,-0.0,-4.316959979246469e+32,-451121.281,1.5517068128587612e+18,0.0,0.001,0.0,-0.391,0,1.3516416376850534e+27,226,0.0,452,2.40156025918058e+36,-0.235,2114,52429,17109,0,17112,52429,17095,0,0,0,101,100,100,-0.0,65.8,-0.0,66.1,2.7302341356354147e+23,66.0,1,49,50,180,52429,52429,0,0,0.0,0.0,0.0,60.0,0.0,71.0,0.0,0.0,0.0,1069,0,1069,0,0,0,1069,0,1080,0,999,0,661,0,664,0,658,0,684,0.032,1.4609821306377965e+22,-2.004,-0.0,62864,16813,25.782,1.6055808210354831e+18,-0.0,-0.0,-3.418555109709982e+20,-0.0,50.0,60.0,35,0.0,0.0,10.0,2.0,0.0,0.0,0.0,0.0,0.0,0.0,0.0,0.0,0.0,0.0,0.0,0.0,58.8,32,28,65531,27,65476,250,300,0,0,8,20529,65476,0,0,30147,60.0,0.0,10.0,10.0,2.0,0.0
2026-02-16T12:44:13,ERR,ERR,ERR,ERR,ERR,ERR,ERR,ERR,ERR,ERR,ERR,ERR,ERR,ERR,ERR,ERR,ERR,ERR,ERR,ERR,ERR,ERR,ERR,ERR,ERR,ERR,ERR,ERR,ERR,ERR,ERR,ERR,ERR,ERR,ERR,ERR,ERR,ERR,ERR,ERR,ERR,ERR,ERR,ERR,ERR,ERR,ERR,ERR,ERR,ERR,ERR,ERR,ERR,ERR,ERR,ERR,ERR,ERR,ERR,ERR,ERR,ERR,ERR,ERR,ERR,ERR,ERR,ERR,ERR,ERR,ERR,ERR,ERR,ERR,ERR,ERR,ERR,ERR,ERR,ERR,ERR,ERR,ERR,ERR,ERR,ERR,ERR,ERR,ERR,ERR,ERR,ERR,ERR,ERR,ERR,ERR,ERR,ERR,ERR,ERR,ERR,ERR,ERR,ERR,ERR,ERR,ERR,ERR,ERR,ERR,ERR,ERR,ERR,ERR,ERR,ERR,ERR,ERR,ERR,ERR,ERR,ERR,ERR,ERR,ERR,-107615880.0,-2.7184527190102135e+23,nan,0.0,0.0,8.358875829821013e+20,-4.533207276483248e+19,845.001,4300,0,8,17171,4300,0.0,41,0.0,0.0,0.0,0.0,2.7184166902131945e+23,0,0,0,0,0.0,0,0,0,0,0,0,0,0,0,0,0,0,0,0,0,0,0,0,0,0,0,0,0,0,0,0,0,0,0,0,0,0,0,9,37,37,46,65476,410,65476,1,0,4,21553,0.0,-0.0,0.0,0.0,0.0,0.0,0.0,0.0,0.0,0.0,0.0,0.0,0.0,0.0,0.0,0.0,0.0,0.0,0.0,0.0,0.0,2.004,2.004,0.0,0.0,-3.69707618246192e+19,0.0,0.0,0.0,0.0,6428.0,0.0,0.0,0.0,-2.7184527190102135e+23,0.0,107616272.0,0.0,0.0,2.004,2.004,227,-71.629,0.0,0.0,0.0,0.0,0.0,0.0,0.0,0.0,0,0,0,0.002,-0.0,-6.782904274180375e+18,0.0,-1.2697375688706301e+31,-0.0,-0.0,4.7410544434980854e+36,-0.0,-4.316959979246469e+32,-451121.281,1.5517068128587612e+18,0.0,0.001,0.0,-0.391,0,1.3516416376850534e+27,226,0.0,452,2.40156025918058e+36,-0.235,2114,52429,17109,0,17112,52429,17095,0,0,0,101,100,100,-0.0,65.8,-0.0,66.1,2.7302341356354147e+23,66.0,1,49,50,180,39322,52429,0,0,0.0,0.0,0.0,60.0,512250304.0,71.0,0.0,-0.0,0.0,1068,0,1069,0,0,0,1069,0,1080,0,999,0,662,0,663,0,658,0,685,0.032,1.4536034330083127e+22,2.004,0.0,64144,16813,496627023872.0,0.0,-0.0,-0.0,-27797879783424.0,-0.0,50.0,60.0,35,0.0,0.0,10.0,2.0,0.0,0.0,0.0,0.0,0.0,0.0,0.0,0.0,0.0,0.0,0.0,0.0,58.8,38,23,65525,27,65476,90,65476,0,0,4,20529,65476,0,0,30147,60.0,0.0,10.0,10.0,2.0,0.0
2026-02-16T12:44:14,ERR,ERR,ERR,ERR,ERR,ERR,ERR,ERR,ERR,ERR,ERR,ERR,ERR,ERR,ERR,ERR,ERR,ERR,ERR,ERR,ERR,ERR,ERR,ERR,ERR,ERR,ERR,ERR,ERR,ERR,ERR,ERR,ERR,ERR,ERR,ERR,ERR,ERR,ERR,ERR,ERR,ERR,ERR,ERR,ERR,ERR,ERR,ERR,ERR,ERR,ERR,ERR,ERR,ERR,ERR,ERR,ERR,ERR,ERR,ERR,ERR,ERR,ERR,ERR,ERR,ERR,ERR,ERR,ERR,ERR,ERR,ERR,ERR,ERR,ERR,ERR,ERR,ERR,ERR,ERR,ERR,ERR,ERR,ERR,ERR,ERR,ERR,ERR,ERR,ERR,ERR,ERR,ERR,ERR,ERR,ERR,ERR,ERR,ERR,ERR,ERR,ERR,ERR,ERR,ERR,ERR,ERR,ERR,ERR,ERR,ERR,ERR,ERR,ERR,ERR,ERR,ERR,ERR,ERR,ERR,ERR,ERR,ERR,ERR,ERR,-107615880.0,-2.7184527190102135e+23,nan,0.0,0.0,8.358875829821013e+20,-4.533207276483248e+19,845.001,4300,0,8,17171,4300,0.0,41,0.0,0.0,0.0,0.0,2.7184166902131945e+23,0,0,0,0,0.0,0,0,0,0,0,0,0,0,0,0,0,0,0,0,0,0,0,0,0,0,0,0,0,0,0,0,0,0,0,0,0,0,0,9,37,37,46,65476,410,65476,1,0,4,21553,0.0,-0.0,0.0,0.0,0.0,0.0,0.0,0.0,0.0,0.0,0.0,0.0,0.0,0.0,0.0,0.0,0.0,0.0,0.0,0.0,0.0,2.004,2.004,0.0,0.0,-3.69707618246192e+19,0.0,0.0,0.0,0.0,6428.0,0.0,0.0,0.0,-2.7184527190102135e+23,0.0,107616272.0,0.0,0.0,2.004,2.004,227,-71.629,0.0,0.0,0.0,0.0,0.0,0.0,0.0,0.0,0,0,0,0.002,-0.0,-6.782904274180375e+18,0.0,-1.2697375688706301e+31,-0.0,-0.0,4.7410544434980854e+36,-0.0,-4.316959979246469e+32,-451121.281,1.5517068128587612e+18,0.0,0.001,0.0,-0.391,0,1.3516416376850534e+27,226,0.0,452,2.40156025918058e+36,-0.235,2114,52429,17109,0,17112,52429,17095,0,0,0,101,100,100,-0.0,65.8,-0.0,66.1,2.7302341356354147e+23,66.0,1,49,50,180,39322,52429,0,0,0.0,0.0,0.0,60.0,512250304.0,71.0,0.0,-0.0,0.0,1068,0,1069,0,0,0,1069,0,1080,0,999,0,662,0,663,0,658,0,685,0.032,1.4536034330083127e+22,2.004,0.0,64144,16813,496627023872.0,0.0,-0.0,-0.0,-27797879783424.0,-0.0,50.0,60.0,35,0.0,0.0,10.0,2.0,0.0,0.0,0.0,0.0,0.0,0.0,0.0,0.0,0.0,0.0,0.0,0.0,59.2,46,17,65517,27,65476,0,300,0,0,8,20529,65476,0,0,30147,60.0,0.0,10.0,10.0,2.0,0.0
2026-02-16T12:44:15,ERR,ERR,ERR,ERR,ERR,ERR,ERR,ERR,ERR,ERR,ERR,ERR,ERR,ERR,ERR,ERR,ERR,ERR,ERR,ERR,ERR,ERR,ERR,ERR,ERR,ERR,ERR,ERR,ERR,ERR,ERR,ERR,ERR,ERR,ERR,ERR,ERR,ERR,ERR,ERR,ERR,ERR,ERR,ERR,ERR,ERR,ERR,ERR,ERR,ERR,ERR,ERR,ERR,ERR,ERR,ERR,ERR,ERR,ERR,ERR,ERR,ERR,ERR,ERR,ERR,ERR,ERR,ERR,ERR,ERR,ERR,ERR,ERR,ERR,ERR,ERR,ERR,ERR,ERR,ERR,ERR,ERR,ERR,ERR,ERR,ERR,ERR,ERR,ERR,ERR,ERR,ERR,ERR,ERR,ERR,ERR,ERR,ERR,ERR,ERR,ERR,ERR,ERR,ERR,ERR,ERR,ERR,ERR,ERR,ERR,ERR,ERR,ERR,ERR,ERR,ERR,ERR,ERR,ERR,ERR,ERR,ERR,ERR,ERR,ERR,0.0,-2.7184527190102135e+23,-0.0,0.0,-0.062,0.0,-0.0,0.0,4300,0,8,17171,4300,0.0,41,0.0,0.0,0.0,0.0,2.7184166902131945e+23,0,0,0,0,0.0,0,0,0,0,0,0,0,0,0,0,0,0,0,0,0,0,0,0,0,0,0,0,0,0,0,0,0,0,0,0,0,0,0,9,37,37,46,65476,409,65476,1,0,4,21553,0.0,-0.0,0.0,0.0,0.0,0.0,0.0,0.0,0.0,0.0,0.0,0.0,0.0,0.0,0.0,0.0,0.0,0.0,0.0,0.0,0.0,2.004,2.004,0.0,0.0,-2.004,0.0,0.0,0.0,0.0,6369.0,-3.697205045224695e+19,0.0,0.0,-2.7184527190102135e+23,0.0,0.0,0.0,0.0,2.004,2.004,227,0.0,-152018203181056.0,0.0,0.0,0.0,0.0,0.0,0.0,0.0,0,0,0,3.985171538585741e+19,-0.0,0.0,-21613338689536.0,-1.4311084406999586e+37,6.174210595479347e+34,2.365336143410363e+31,-101516.016,-0.0,-4.646549135305809e+32,-477745.281,1.659793203915653e+18,0.0,0.001,0.0,2.0823389376026958e+26,0,1.3516416376850534e+27,227,0.0,454,0.0,-0.0,2114,52429,17109,0,17112,52429,17095,0,0,0,101,100,100,-0.0,65.8,-0.0,66.1,2.7302341356354147e+23,66.0,1,49,50,180,39322,52429,0,0,0.0,0.0,0.0,60.0,512250304.0,71.0,0.0,-0.0,0.0,1068,0,1069,0,0,0,1069,0,1080,0,999,0,662,0,663,0,658,0,685,0.032,1.4536034330083127e+22,2.004,0.0,64144,16813,496627023872.0,0.0,-0.0,-0.0,-27797879783424.0,-0.0,50.0,60.0,35,0.0,0.0,10.0,2.0,0.0,0.0,0.0,0.0,0.0,0.0,0.0,0.0,0.0,0.0,0.0,0.0,59.2,46,17,65517,27,65476,0,300,0,0,8,20529,65476,0,0,30147,60.0,0.0,10.0,10.0,2.0,0.0
2026-02-16T12:44:16,ERR,ERR,ERR,ERR,ERR,ERR,ERR,ERR,ERR,ERR,ERR,ERR,ERR,ERR,ERR,ERR,ERR,ERR,ERR,ERR,ERR,ERR,ERR,ERR,ERR,ERR,ERR,ERR,ERR,ERR,ERR,ERR,ERR,ERR,ERR,ERR,ERR,ERR,ERR,ERR,ERR,ERR,ERR,ERR,ERR,ERR,ERR,ERR,ERR,ERR,ERR,ERR,ERR,ERR,ERR,ERR,ERR,ERR,ERR,ERR,ERR,ERR,ERR,ERR,ERR,ERR,ERR,ERR,ERR,ERR,ERR,ERR,ERR,ERR,ERR,ERR,ERR,ERR,ERR,ERR,ERR,ERR,ERR,ERR,ERR,ERR,ERR,ERR,ERR,ERR,ERR,ERR,ERR,ERR,ERR,ERR,ERR,ERR,ERR,ERR,ERR,ERR,ERR,ERR,ERR,ERR,ERR,ERR,ERR,ERR,ERR,ERR,ERR,ERR,ERR,ERR,ERR,ERR,ERR,ERR,ERR,ERR,ERR,ERR,ERR,0.0,-2.7184527190102135e+23,-0.0,0.0,-0.062,0.0,-0.0,0.0,4300,0,8,17171,4300,0.0,41,0.0,0.0,0.0,0.0,2.7184166902131945e+23,0,0,0,0,0.0,0,0,0,0,0,0,0,0,0,0,0,0,0,0,0,0,0,0,0,0,0,0,0,0,0,0,0,0,0,0,0,0,0,9,37,37,46,65476,409,65476,1,0,4,21553,0.0,-0.0,0.0,0.0,0.0,0.0,0.0,0.0,0.0,0.0,0.0,0.0,0.0,0.0,0.0,0.0,0.0,0.0,0.0,0.0,0.0,2.004,2.004,0.0,0.0,-2.004,0.0,0.0,0.0,0.0,6369.0,-3.697205045224695e+19,0.0,0.0,-2.7184527190102135e+23,0.0,0.0,0.0,0.0,2.004,2.004,227,0.0,-152018203181056.0,0.0,0.0,0.0,0.0,0.0,0.0,0.0,0,0,0,3.985171538585741e+19,-0.0,0.0,-21613338689536.0,-1.4311084406999586e+37,6.174210595479347e+34,2.365336143410363e+31,-101516.016,-0.0,-4.646549135305809e+32,-477745.281,1.659793203915653e+18,0.0,0.001,0.0,2.0823389376026958e+26,0,1.3516416376850534e+27,227,0.0,454,0.0,-0.0,2114,52429,17109,0,17112,52429,17095,0,0,0,101,100,100,-0.0,65.8,-0.0,66.1,2.7302341356354147e+23,66.0,1,49,50,180,39322,52429,0,0,0.0,0.0,0.0,60.0,512250304.0,71.0,0.0,-0.0,0.0,1068,0,1069,0,0,0,1069,0,1080,0,999,0,662,0,663,0,658,0,685,0.032,1.4536034330083127e+22,2.004,0.0,64144,16813,496627023872.0,0.0,-0.0,-0.0,-27797879783424.0,-0.0,50.0,60.0,35,0.0,0.0,10.0,2.0,0.0,0.0,0.0,0.0,0.0,0.0,0.0,0.0,0.0,0.0,0.0,0.0,58.8,48,15,65515,27,65476,0,300,0,0,8,20529,65476,0,0,30147,60.0,0.0,10.0,10.0,2.0,0.0
2026-02-16T12:44:17,ERR,ERR,ERR,ERR,ERR,ERR,ERR,ERR,ERR,ERR,ERR,ERR,ERR,ERR,ERR,ERR,ERR,ERR,ERR,ERR,ERR,ERR,ERR,ERR,ERR,ERR,ERR,ERR,ERR,ERR,ERR,ERR,ERR,ERR,ERR,ERR,ERR,ERR,ERR,ERR,ERR,ERR,ERR,ERR,ERR,ERR,ERR,ERR,ERR,ERR,ERR,ERR,ERR,ERR,ERR,ERR,ERR,ERR,ERR,ERR,ERR,ERR,ERR,ERR,ERR,ERR,ERR,ERR,ERR,ERR,ERR,ERR,ERR,ERR,ERR,ERR,ERR,ERR,ERR,ERR,ERR,ERR,ERR,ERR,ERR,ERR,ERR,ERR,ERR,ERR,ERR,ERR,ERR,ERR,ERR,ERR,ERR,ERR,ERR,ERR,ERR,ERR,ERR,ERR,ERR,ERR,ERR,ERR,ERR,ERR,ERR,ERR,ERR,ERR,ERR,ERR,ERR,ERR,ERR,ERR,ERR,ERR,ERR,ERR,ERR,0.0,-2.7184527190102135e+23,-0.0,0.0,-0.062,0.0,-0.0,0.0,4300,0,8,17171,4300,0.0,41,0.0,0.0,0.0,0.0,2.7184166902131945e+23,0,0,0,0,0.0,0,0,0,0,0,0,0,0,0,0,0,0,0,0,0,0,0,0,0,0,0,0,0,0,0,0,0,0,0,0,0,0,0,9,37,37,46,65476,409,65476,1,0,4,21553,0.0,-0.0,0.0,0.0,0.0,0.0,0.0,0.0,0.0,0.0,0.0,0.0,0.0,0.0,0.0,0.0,0.0,0.0,0.0,0.0,0.0,2.004,2.004,0.0,0.0,-2.004,0.0,0.0,0.0,0.0,6369.0,-3.697205045224695e+19,0.0,0.0,-2.7184527190102135e+23,0.0,0.0,0.0,0.0,2.004,2.004,227,0.0,-152018203181056.0,0.0,0.0,0.0,0.0,0.0,0.0,0.0,0,0,0,3.985171538585741e+19,-0.0,0.0,-21613338689536.0,-1.4311084406999586e+37,6.174210595479347e+34,2.365336143410363e+31,-101516.016,-0.0,-4.646549135305809e+32,-477745.281,1.659793203915653e+18,0.0,0.001,0.0,2.0823389376026958e+26,0,1.3516416376850534e+27,227,0.0,454,0.0,-0.0,2114,52429,17109,0,17112,52429,17095,0,0,0,101,100,100,-0.0,65.8,-0.0,66.2,0.0,66.0,1,49,50,180,39322,52429,0,0,0.0,0.0,0.0,60.0,0.001,71.0,0.0,-0.0,0.0,1069,0,1069,0,0,0,1069,0,1080,0,999,0,661,0,663,0,658,0,686,0.032,1.4609821306377965e+22,2.004,0.0,42640,16813,0.001,-0.0,-0.0,-0.0,-7.563529393416372e+25,-0.0,50.0,60.0,35,0.0,0.0,10.0,2.0,0.0,0.0,0.0,0.0,0.0,0.0,0.0,0.0,0.0,0.0,0.0,0.0,59.2,54,12,65510,27,65476,0,300,0,0,8,20529,65476,0,0,30147,60.0,0.0,10.0,10.0,2.0,0.0
2026-02-16T12:44:18,ERR,ERR,ERR,ERR,ERR,ERR,ERR,ERR,ERR,ERR,ERR,ERR,ERR,ERR,ERR,ERR,ERR,ERR,ERR,ERR,ERR,ERR,ERR,ERR,ERR,ERR,ERR,ERR,ERR,ERR,ERR,ERR,ERR,ERR,ERR,ERR,ERR,ERR,ERR,ERR,ERR,ERR,ERR,ERR,ERR,ERR,ERR,ERR,ERR,ERR,ERR,ERR,ERR,ERR,ERR,ERR,ERR,ERR,ERR,ERR,ERR,ERR,ERR,ERR,ERR,ERR,ERR,ERR,ERR,ERR,ERR,ERR,ERR,ERR,ERR,ERR,ERR,ERR,ERR,ERR,ERR,ERR,ERR,ERR,ERR,ERR,ERR,ERR,ERR,ERR,ERR,ERR,ERR,ERR,ERR,ERR,ERR,ERR,ERR,ERR,ERR,ERR,ERR,ERR,ERR,ERR,ERR,ERR,ERR,ERR,ERR,ERR,ERR,ERR,ERR,ERR,ERR,ERR,ERR,ERR,ERR,ERR,ERR,ERR,ERR,0.0,-2.7184527190102135e+23,-0.0,0.0,-0.062,0.0,-0.0,0.0,4300,0,8,17171,4300,0.0,41,0.0,0.0,0.0,0.0,2.7184166902131945e+23,0,0,0,0,0.0,0,0,0,0,0,0,0,0,0,0,0,0,0,0,0,0,0,0,0,0,0,0,0,0,0,0,0,0,0,0,0,0,0,9,37,37,46,65476,409,65476,1,0,4,21553,0.0,-0.0,0.0,0.0,0.0,0.0,0.0,0.0,0.0,0.0,0.0,0.0,0.0,0.0,0.0,0.0,0.0,0.0,0.0,0.0,0.0,2.004,2.004,0.0,0.0,-2.004,0.0,0.0,0.0,0.0,6369.0,-3.697205045224695e+19,0.0,0.0,-2.7184527190102135e+23,0.0,0.0,0.0,0.0,2.004,2.004,227,0.0,-152018203181056.0,0.0,0.0,0.0,0.0,0.0,0.0,0.0,0,0,0,3.985171538585741e+19,-0.0,0.0,-21613338689536.0,-1.4311084406999586e+37,6.174210595479347e+34,2.365336143410363e+31,-101516.016,-0.0,-4.646549135305809e+32,-477745.281,1.659793203915653e+18,0.0,0.001,0.0,2.0823389376026958e+26,0,1.3516416376850534e+27,227,0.0,454,0.0,-0.0,2114,52429,17109,0,17112,52429,17095,0,0,0,101,100,100,-0.0,65.8,-0.0,66.2,0.0,66.0,1,49,50,180,39322,52429,0,0,0.0,0.0,0.0,60.0,0.001,71.0,0.0,-0.0,0.0,1069,0,1069,0,0,0,1069,0,1080,0,999,0,661,0,663,0,658,0,686,0.032,1.4609821306377965e+22,2.004,0.0,42640,16813,0.001,-0.0,-0.0,-0.0,-7.563529393416372e+25,-0.0,50.0,60.0,35,0.0,0.0,10.0,2.0,0.0,0.0,0.0,0.0,0.0,0.0,0.0,0.0,0.0,0.0,0.0,0.0,59.2,54,12,65510,27,65476,0,300,0,0,8,20529,65476,0,0,30147,60.0,0.0,10.0,10.0,2.0,0.0
2026-02-16T12:44:19,ERR,ERR,ERR,ERR,ERR,ERR,ERR,ERR,ERR,ERR,ERR,ERR,ERR,ERR,ERR,ERR,ERR,ERR,ERR,ERR,ERR,ERR,ERR,ERR,ERR,ERR,ERR,ERR,ERR,ERR,ERR,ERR,ERR,ERR,ERR,ERR,ERR,ERR,ERR,ERR,ERR,ERR,ERR,ERR,ERR,ERR,ERR,ERR,ERR,ERR,ERR,ERR,ERR,ERR,ERR,ERR,ERR,ERR,ERR,ERR,ERR,ERR,ERR,ERR,ERR,ERR,ERR,ERR,ERR,ERR,ERR,ERR,ERR,ERR,ERR,ERR,ERR,ERR,ERR,ERR,ERR,ERR,ERR,ERR,ERR,ERR,ERR,ERR,ERR,ERR,ERR,ERR,ERR,ERR,ERR,ERR,ERR,ERR,ERR,ERR,ERR,ERR,ERR,ERR,ERR,ERR,ERR,ERR,ERR,ERR,ERR,ERR,ERR,ERR,ERR,ERR,ERR,ERR,ERR,ERR,ERR,ERR,ERR,ERR,ERR,0.0,-2.7184527190102135e+23,-0.0,0.0,-0.062,0.0,-0.0,0.0,4300,0,8,17171,4300,0.0,41,0.0,0.0,0.0,0.0,2.7184166902131945e+23,0,0,0,0,0.0,0,0,0,0,0,0,0,0,0,0,0,0,0,0,0,0,0,0,0,0,0,0,0,0,0,0,0,0,0,0,0,0,0,9,37,37,46,65476,409,65476,1,0,4,21553,0.0,-0.0,0.0,0.0,0.0,0.0,0.0,0.0,0.0,0.0,0.0,0.0,0.0,0.0,0.0,0.0,0.0,0.0,0.0,0.0,0.0,2.004,2.004,0.0,0.0,-2.004,0.0,0.0,0.0,0.0,6369.0,-3.697205045224695e+19,0.0,0.0,-2.7184527190102135e+23,0.0,0.0,0.0,0.0,2.004,2.004,227,0.0,-152018203181056.0,0.0,0.0,0.0,0.0,0.0,0.0,0.0,0,0,0,3.985171538585741e+19,-0.0,0.0,-21613338689536.0,-1.4311084406999586e+37,6.174210595479347e+34,2.365336143410363e+31,-101516.016,-0.0,-4.646549135305809e+32,-477745.281,1.659793203915653e+18,0.0,0.001,0.0,2.0823389376026958e+26,0,1.3516416376850534e+27,227,0.0,454,0.0,-0.0,2114,52429,17109,0,17112,52429,17095,0,0,0,101,100,100,-0.0,65.8,-0.0,66.2,0.0,66.0,1,49,50,180,39322,52429,0,0,0.0,0.0,0.0,60.0,0.001,71.0,0.0,-0.0,0.0,1069,0,1069,0,0,0,1069,0,1080,0,999,0,661,0,663,0,658,0,686,0.032,1.4609821306377965e+22,2.004,0.0,42640,16813,0.001,-0.0,-0.0,-0.0,-7.563529393416372e+25,-0.0,50.0,60.0,35,0.0,0.0,10.0,2.0,0.0,0.0,0.0,0.0,0.0,0.0,0.0,0.0,0.0,0.0,0.0,0.0,58.8,54,12,65509,27,65476,0,300,0,0,8,20529,65476,0,0,30147,60.0,0.0,10.0,10.0,2.0,0.0
2026-02-16T12:44:20,ERR,ERR,ERR,ERR,ERR,ERR,ERR,ERR,ERR,ERR,ERR,ERR,ERR,ERR,ERR,ERR,ERR,ERR,ERR,ERR,ERR,ERR,ERR,ERR,ERR,ERR,ERR,ERR,ERR,ERR,ERR,ERR,ERR,ERR,ERR,ERR,ERR,ERR,ERR,ERR,ERR,ERR,ERR,ERR,ERR,ERR,ERR,ERR,ERR,ERR,ERR,ERR,ERR,ERR,ERR,ERR,ERR,ERR,ERR,ERR,ERR,ERR,ERR,ERR,ERR,ERR,ERR,ERR,ERR,ERR,ERR,ERR,ERR,ERR,ERR,ERR,ERR,ERR,ERR,ERR,ERR,ERR,ERR,ERR,ERR,ERR,ERR,ERR,ERR,ERR,ERR,ERR,ERR,ERR,ERR,ERR,ERR,ERR,ERR,ERR,ERR,ERR,ERR,ERR,ERR,ERR,ERR,ERR,ERR,ERR,ERR,ERR,ERR,ERR,ERR,ERR,ERR,ERR,ERR,ERR,ERR,ERR,ERR,ERR,ERR,0.0,-2.7184527190102135e+23,-0.0,0.0,-0.062,-9.813615998413656e+36,0.0,0.911,4300,0,8,17171,4300,0.0,41,0.0,0.0,0.0,0.0,2.7184166902131945e+23,0,0,0,0,0.0,0,0,0,0,0,0,0,0,0,0,0,0,0,0,0,0,0,0,0,0,0,0,0,0,0,0,0,0,0,0,0,0,0,9,37,37,46,65476,408,65476,1,0,4,21553,0.0,0.0,0.0,0.0,0.0,0.0,0.0,0.0,0.0,0.0,0.0,0.0,0.0,0.0,0.0,0.0,0.0,0.0,0.0,0.0,0.0,2.004,2.004,0.0,0.0,-0.0,0.0,0.0,0.0,0.0,6391.0,-0.0,0.0,-107615880.0,-2.7184527190102135e+23,0.0,0.0,-0.0,0.0,2.004,2.004,226,-0.0,-0.0,0.0,0.0,0.0,0.0,0.0,0.0,0.0,0,0,0,2.345289629084041e+33,5.664,0.0,0.0,0.0,2.038055269768459e+36,-0.0,0.0,-1.1704934759189988e+34,-4.9761382913651485e+32,-500273.281,1.767879594972545e+18,0.0,0.001,0.0,4.2359068184410983e+24,0,1.3516416376850534e+27,226,0.0,452,2.40156025918058e+36,-0.235,2114,52429,17109,0,17112,52429,17095,0,0,0,101,100,100,-0.0,65.9,-107615264.0,66.2,2.7302341356354147e+23,66.0,1,49,50,180,52429,52429,0,0,0.0,0.0,0.0,60.0,0.0,71.0,0.0,0.0,0.0,1068,0,1069,0,0,0,1069,0,1080,0,999,0,662,0,664,0,658,0,688,0.032,1.4536034330083127e+22,-2.004,2.7302350363553402e+23,43920,16813,0.0,-0.0,2.2970817643603695e+37,-1.2297188226891776e+16,-737.025,-0.0,50.0,60.0,35,0.0,0.0,10.0,2.0,0.0,0.0,0.0,0.0,0.0,0.0,0.0,0.0,0.0,0.0,0.0,0.0,58.8,54,12,65509,27,65476,0,300,0,0,8,20529,65476,0,0,30147,60.0,0.0,10.0,10.0,2.0,0.0
2026-02-16T12:44:21,ERR,ERR,ERR,ERR,ERR,ERR,ERR,ERR,ERR,ERR,ERR,ERR,ERR,ERR,ERR,ERR,ERR,ERR,ERR,ERR,ERR,ERR,ERR,ERR,ERR,ERR,ERR,ERR,ERR,ERR,ERR,ERR,ERR,ERR,ERR,ERR,ERR,ERR,ERR,ERR,ERR,ERR,ERR,ERR,ERR,ERR,ERR,ERR,ERR,ERR,ERR,ERR,ERR,ERR,ERR,ERR,ERR,ERR,ERR,ERR,ERR,ERR,ERR,ERR,ERR,ERR,ERR,ERR,ERR,ERR,ERR,ERR,ERR,ERR,ERR,ERR,ERR,ERR,ERR,ERR,ERR,ERR,ERR,ERR,ERR,ERR,ERR,ERR,ERR,ERR,ERR,ERR,ERR,ERR,ERR,ERR,ERR,ERR,ERR,ERR,ERR,ERR,ERR,ERR,ERR,ERR,ERR,ERR,ERR,ERR,ERR,ERR,ERR,ERR,ERR,ERR,ERR,ERR,ERR,ERR,ERR,ERR,ERR,ERR,ERR,0.0,-2.7184527190102135e+23,-0.0,0.0,-0.062,-9.813615998413656e+36,0.0,0.911,4300,0,8,17171,4300,0.0,41,0.0,0.0,0.0,0.0,2.7184166902131945e+23,0,0,0,0,0.0,0,0,0,0,0,0,0,0,0,0,0,0,0,0,0,0,0,0,0,0,0,0,0,0,0,0,0,0,0,0,0,0,0,9,37,37,46,65476,408,65476,1,0,4,21553,0.0,0.0,0.0,0.0,0.0,0.0,0.0,0.0,0.0,0.0,0.0,0.0,0.0,0.0,0.0,0.0,0.0,0.0,0.0,0.0,0.0,2.004,2.004,0.0,0.0,-0.0,0.0,0.0,0.0,0.0,6391.0,-0.0,0.0,-107615880.0,-2.7184527190102135e+23,0.0,0.0,-0.0,0.0,2.004,2.004,226,-0.0,-0.0,0.0,0.0,0.0,0.0,0.0,0.0,0.0,0,0,0,2.345289629084041e+33,5.664,0.0,0.0,0.0,2.038055269768459e+36,-0.0,0.0,-1.1704934759189988e+34,-4.9761382913651485e+32,-500273.281,1.767879594972545e+18,0.0,0.001,0.0,4.2359068184410983e+24,0,1.3516416376850534e+27,226,0.0,452,2.40156025918058e+36,-0.235,2114,52429,17109,0,17112,52429,17095,0,0,0,101,100,100,-0.0,65.9,-107615264.0,66.2,2.7302341356354147e+23,66.0,1,49,50,180,52429,52429,0,0,0.0,0.0,0.0,60.0,0.0,71.0,0.0,0.0,0.0,1068,0,1069,0,0,0,1069,0,1080,0,999,0,662,0,664,0,658,0,688,0.032,1.4536034330083127e+22,-2.004,2.7302350363553402e+23,43920,16813,0.0,-0.0,2.2970817643603695e+37,-1.2297188226891776e+16,-737.025,-0.0,50.0,60.0,35,0.0,0.0,10.0,2.0,0.0,0.0,0.0,0.0,0.0,0.0,0.0,0.0,0.0,0.0,0.0,0.0,58.8,53,12,65510,27,65476,0,300,0,0,8,20529,65476,0,0,30147,60.0,0.0,10.0,10.0,2.0,0.0
2026-02-16T12:44:22,ERR,ERR,ERR,ERR,ERR,ERR,ERR,ERR,ERR,ERR,ERR,ERR,ERR,ERR,ERR,ERR,ERR,ERR,ERR,ERR,ERR,ERR,ERR,ERR,ERR,ERR,ERR,ERR,ERR,ERR,ERR,ERR,ERR,ERR,ERR,ERR,ERR,ERR,ERR,ERR,ERR,ERR,ERR,ERR,ERR,ERR,ERR,ERR,ERR,ERR,ERR,ERR,ERR,ERR,ERR,ERR,ERR,ERR,ERR,ERR,ERR,ERR,ERR,ERR,ERR,ERR,ERR,ERR,ERR,ERR,ERR,ERR,ERR,ERR,ERR,ERR,ERR,ERR,ERR,ERR,ERR,ERR,ERR,ERR,ERR,ERR,ERR,ERR,ERR,ERR,ERR,ERR,ERR,ERR,ERR,ERR,ERR,ERR,ERR,ERR,ERR,ERR,ERR,ERR,ERR,ERR,ERR,ERR,ERR,ERR,ERR,ERR,ERR,ERR,ERR,ERR,ERR,ERR,ERR,ERR,ERR,ERR,ERR,ERR,ERR,0.0,-2.7184527190102135e+23,-0.0,0.0,-0.062,-9.813615998413656e+36,0.0,0.911,4300,0,8,17171,4300,0.0,41,0.0,0.0,0.0,0.0,2.7184166902131945e+23,0,0,0,0,0.0,0,0,0,0,0,0,0,0,0,0,0,0,0,0,0,0,0,0,0,0,0,0,0,0,0,0,0,0,0,0,0,0,0,9,37,37,46,65476,408,65476,1,0,4,21553,0.0,0.0,0.0,0.0,0.0,0.0,0.0,0.0,0.0,0.0,0.0,0.0,0.0,0.0,0.0,0.0,0.0,0.0,0.0,0.0,0.0,2.004,2.004,0.0,0.0,-0.0,0.0,0.0,0.0,0.0,6391.0,-0.0,0.0,-107615880.0,-2.7184527190102135e+23,0.0,0.0,-0.0,0.0,2.004,2.004,226,-0.0,-0.0,0.0,0.0,0.0,0.0,0.0,0.0,0.0,0,0,0,2.345289629084041e+33,5.664,0.0,0.0,0.0,2.038055269768459e+36,-0.0,0.0,-1.1704934759189988e+34,-4.9761382913651485e+32,-500273.281,1.767879594972545e+18,0.0,0.001,0.0,4.2359068184410983e+24,0,1.3516416376850534e+27,226,0.0,452,2.40156025918058e+36,-0.235,2114,52429,17109,0,17112,52429,17095,0,0,0,101,100,100,-0.0,65.9,-107615264.0,66.2,2.7302341356354147e+23,66.0,1,49,50,180,52429,52429,0,0,0.0,0.0,0.0,60.0,0.0,71.0,0.0,0.0,0.0,1068,0,1069,0,0,0,1069,0,1080,0,999,0,662,0,664,0,658,0,688,0.032,1.4536034330083127e+22,-2.004,2.7302350363553402e+23,43920,16813,0.0,-0.0,2.2970817643603695e+37,-1.2297188226891776e+16,-737.025,-0.0,50.0,60.0,35,0.0,0.0,10.0,2.0,0.0,0.0,0.0,0.0,0.0,0.0,0.0,0.0,0.0,0.0,0.0,0.0,58.8,52,13,65511,27,65476,0,300,0,0,8,20529,65476,0,0,30147,60.0,0.0,10.0,10.0,2.0,0.0
2026-02-16T12:44:23,ERR,ERR,ERR,ERR,ERR,ERR,ERR,ERR,ERR,ERR,ERR,ERR,ERR,ERR,ERR,ERR,ERR,ERR,ERR,ERR,ERR,ERR,ERR,ERR,ERR,ERR,ERR,ERR,ERR,ERR,ERR,ERR,ERR,ERR,ERR,ERR,ERR,ERR,ERR,ERR,ERR,ERR,ERR,ERR,ERR,ERR,ERR,ERR,ERR,ERR,ERR,ERR,ERR,ERR,ERR,ERR,ERR,ERR,ERR,ERR,ERR,ERR,ERR,ERR,ERR,ERR,ERR,ERR,ERR,ERR,ERR,ERR,ERR,ERR,ERR,ERR,ERR,ERR,ERR,ERR,ERR,ERR,ERR,ERR,ERR,ERR,ERR,ERR,ERR,ERR,ERR,ERR,ERR,ERR,ERR,ERR,ERR,ERR,ERR,ERR,ERR,ERR,ERR,ERR,ERR,ERR,ERR,ERR,ERR,ERR,ERR,ERR,ERR,ERR,ERR,ERR,ERR,ERR,ERR,ERR,ERR,ERR,ERR,ERR,ERR,0.0,-2.7184527190102135e+23,-0.0,0.0,-0.062,-9.813615998413656e+36,0.0,0.911,4300,0,8,17171,4300,0.0,41,0.0,0.0,0.0,0.0,2.7184166902131945e+23,0,0,0,0,0.0,0,0,0,0,0,0,0,0,0,0,0,0,0,0,0,0,0,0,0,0,0,0,0,0,0,0,0,0,0,0,0,0,0,9,37,37,46,65476,408,65476,1,0,4,21553,0.0,0.0,0.0,0.0,0.0,0.0,0.0,0.0,0.0,0.0,0.0,0.0,0.0,0.0,0.0,0.0,0.0,0.0,0.0,0.0,0.0,2.004,2.004,0.0,0.0,-0.0,0.0,0.0,0.0,0.0,6391.0,-0.0,0.0,-107615880.0,-2.7184527190102135e+23,0.0,0.0,-0.0,0.0,2.004,2.004,226,-0.0,-0.0,0.0,0.0,0.0,0.0,0.0,0.0,0.0,0,0,0,2.345289629084041e+33,5.664,0.0,0.0,0.0,2.038055269768459e+36,-0.0,0.0,-1.1704934759189988e+34,-4.9761382913651485e+32,-500273.281,1.767879594972545e+18,0.0,0.001,0.0,4.2359068184410983e+24,0,1.3516416376850534e+27,226,0.0,452,2.40156025918058e+36,-0.235,2114,52429,17109,0,17112,52429,17095,0,0,0,101,100,100,-0.0,65.9,-107615264.0,66.2,2.7302341356354147e+23,66.0,1,49,50,180,52429,52429,0,0,0.0,0.0,0.0,60.0,0.0,71.0,0.0,-26206720000.0,0.0,1068,0,1069,0,0,0,1069,0,1080,0,999,0,662,0,664,0,658,0,688,0.032,1.4536034330083127e+22,0.0,-0.0,57488,16813,0.0,-26206720000.0,-0.0,nan,-2.3042725272102346e+27,-0.0,50.0,60.0,35,0.0,0.0,10.0,2.0,0.0,0.0,0.0,0.0,0.0,0.0,0.0,0.0,0.0,0.0,0.0,0.0,58.8,52,13,65511,27,65476,0,300,0,0,8,20529,65476,0,0,30147,60.0,0.0,10.0,10.0,2.0,0.0
2026-02-16T12:44:24,ERR,ERR,ERR,ERR,ERR,ERR,ERR,ERR,ERR,ERR,ERR,ERR,ERR,ERR,ERR,ERR,ERR,ERR,ERR,ERR,ERR,ERR,ERR,ERR,ERR,ERR,ERR,ERR,ERR,ERR,ERR,ERR,ERR,ERR,ERR,ERR,ERR,ERR,ERR,ERR,ERR,ERR,ERR,ERR,ERR,ERR,ERR,ERR,ERR,ERR,ERR,ERR,ERR,ERR,ERR,ERR,ERR,ERR,ERR,ERR,ERR,ERR,ERR,ERR,ERR,ERR,ERR,ERR,ERR,ERR,ERR,ERR,ERR,ERR,ERR,ERR,ERR,ERR,ERR,ERR,ERR,ERR,ERR,ERR,ERR,ERR,ERR,ERR,ERR,ERR,ERR,ERR,ERR,ERR,ERR,ERR,ERR,ERR,ERR,ERR,ERR,ERR,ERR,ERR,ERR,ERR,ERR,ERR,ERR,ERR,ERR,ERR,ERR,ERR,ERR,ERR,ERR,ERR,ERR,ERR,ERR,ERR,ERR,ERR,ERR,0.0,-2.7184527190102135e+23,-0.0,0.0,-0.062,0.0,-0.0,0.0,4300,0,8,17171,4300,0.0,41,0.0,0.0,0.0,0.0,-0.0,0,0,0,0,0.0,0,0,0,0,0,0,0,0,0,0,0,0,0,0,0,0,0,0,0,0,0,0,0,0,0,0,0,0,0,0,0,0,0,9,37,37,46,65476,401,65476,1,0,4,21553,0.0,2.7183305813883192e+23,0.0,0.0,0.0,0.0,0.0,0.0,0.0,0.0,0.0,0.0,0.0,0.0,0.0,0.0,0.0,0.0,0.0,0.0,0.0,2.004,2.004,0.0,0.0,2.004,0.0,0.0,0.0,0.0,6390.0,-564148719058944.0,0.0,0.0,-2.7184527190102135e+23,0.0,-107616264.0,0.0,0.0,2.004,2.004,226,4.066853658014554e+29,-4.9504227950428306e+32,0.0,0.0,0.0,0.0,0.0,0.0,0.0,0,0,0,-0.0,0.0,0.0,-0.0,0.003,0.0,-0.13,-401968.062,-7.615275086538342e+16,-5.2803744354199235e+32,-533602.562,1.893980384538919e+18,0.0,0.001,0.0,-0.0,0,1.3516416376850534e+27,226,0.0,452,2.40156025918058e+36,0.0,2114,52429,17109,0,17112,52429,17095,0,0,0,101,100,100,-0.0,65.9,-107615264.0,66.2,2.7302341356354147e+23,66.0,1,49,50,180,52429,52429,0,0,0.0,0.0,0.0,60.0,0.0,71.0,0.0,-26206720000.0,0.0,1068,0,1069,0,0,0,1069,0,1080,0,999,0,662,0,664,0,658,0,688,0.032,1.4536034330083127e+22,0.0,-0.0,57488,16813,0.0,-26206720000.0,-0.0,nan,-2.3042725272102346e+27,-0.0,50.0,60.0,35,0.0,0.0,10.0,2.0,0.0,0.0,0.0,0.0,0.0,0.0,0.0,0.0,0.0,0.0,0.0,0.0,59.2,51,13,65512,27,65476,0,300,0,0,8,20529,65476,0,0,30147,60.0,0.0,10.0,10.0,2.0,0.0
2026-02-16T12:44:25,ERR,ERR,ERR,ERR,ERR,ERR,ERR,ERR,ERR,ERR,ERR,ERR,ERR,ERR,ERR,ERR,ERR,ERR,ERR,ERR,ERR,ERR,ERR,ERR,ERR,ERR,ERR,ERR,ERR,ERR,ERR,ERR,ERR,ERR,ERR,ERR,ERR,ERR,ERR,ERR,ERR,ERR,ERR,ERR,ERR,ERR,ERR,ERR,ERR,ERR,ERR,ERR,ERR,ERR,ERR,ERR,ERR,ERR,ERR,ERR,ERR,ERR,ERR,ERR,ERR,ERR,ERR,ERR,ERR,ERR,ERR,ERR,ERR,ERR,ERR,ERR,ERR,ERR,ERR,ERR,ERR,ERR,ERR,ERR,ERR,ERR,ERR,ERR,ERR,ERR,ERR,ERR,ERR,ERR,ERR,ERR,ERR,ERR,ERR,ERR,ERR,ERR,ERR,ERR,ERR,ERR,ERR,ERR,ERR,ERR,ERR,ERR,ERR,ERR,ERR,ERR,ERR,ERR,ERR,ERR,ERR,ERR,ERR,ERR,ERR,0.0,-2.7184527190102135e+23,-0.0,0.0,-0.062,0.0,-0.0,0.0,4300,0,8,17171,4300,0.0,41,0.0,0.0,0.0,0.0,-0.0,0,0,0,0,0.0,0,0,0,0,0,0,0,0,0,0,0,0,0,0,0,0,0,0,0,0,0,0,0,0,0,0,0,0,0,0,0,0,0,9,37,37,46,65476,401,65476,1,0,4,21553,0.0,2.7183305813883192e+23,0.0,0.0,0.0,0.0,0.0,0.0,0.0,0.0,0.0,0.0,0.0,0.0,0.0,0.0,0.0,0.0,0.0,0.0,0.0,2.004,2.004,0.0,0.0,2.004,0.0,0.0,0.0,0.0,6390.0,-564148719058944.0,0.0,0.0,-2.7184527190102135e+23,0.0,-107616264.0,0.0,0.0,2.004,2.004,226,4.066853658014554e+29,-4.9504227950428306e+32,0.0,0.0,0.0,0.0,0.0,0.0,0.0,0,0,0,-0.0,0.0,0.0,-0.0,0.003,0.0,-0.13,-401968.062,-7.615275086538342e+16,-5.2803744354199235e+32,-533602.562,1.893980384538919e+18,0.0,0.001,0.0,-0.0,0,1.3516416376850534e+27,226,0.0,452,2.40156025918058e+36,0.0,2114,52429,17109,0,17112,52429,17095,0,0,0,101,100,100,-0.0,65.9,-107615264.0,66.2,2.7302341356354147e+23,66.0,1,49,50,180,52429,52429,0,0,0.0,0.0,0.0,60.0,0.0,71.0,0.0,-26206720000.0,0.0,1068,0,1069,0,0,0,1069,0,1080,0,999,0,662,0,664,0,658,0,688,0.032,1.4536034330083127e+22,0.0,-0.0,57488,16813,0.0,-26206720000.0,-0.0,nan,-2.3042725272102346e+27,-0.0,50.0,60.0,35,0.0,0.0,10.0,2.0,0.0,0.0,0.0,0.0,0.0,0.0,0.0,0.0,0.0,0.0,0.0,0.0,59.2,51,13,65512,27,65476,0,300,0,0,8,20529,65476,0,0,30147,60.0,0.0,10.0,10.0,2.0,0.0
2026-02-16T12:44:26,ERR,ERR,ERR,ERR,ERR,ERR,ERR,ERR,ERR,ERR,ERR,ERR,ERR,ERR,ERR,ERR,ERR,ERR,ERR,ERR,ERR,ERR,ERR,ERR,ERR,ERR,ERR,ERR,ERR,ERR,ERR,ERR,ERR,ERR,ERR,ERR,ERR,ERR,ERR,ERR,ERR,ERR,ERR,ERR,ERR,ERR,ERR,ERR,ERR,ERR,ERR,ERR,ERR,ERR,ERR,ERR,ERR,ERR,ERR,ERR,ERR,ERR,ERR,ERR,ERR,ERR,ERR,ERR,ERR,ERR,ERR,ERR,ERR,ERR,ERR,ERR,ERR,ERR,ERR,ERR,ERR,ERR,ERR,ERR,ERR,ERR,ERR,ERR,ERR,ERR,ERR,ERR,ERR,ERR,ERR,ERR,ERR,ERR,ERR,ERR,ERR,ERR,ERR,ERR,ERR,ERR,ERR,ERR,ERR,ERR,ERR,ERR,ERR,ERR,ERR,ERR,ERR,ERR,ERR,ERR,ERR,ERR,ERR,ERR,ERR,0.0,-2.7184527190102135e+23,-0.0,0.0,-0.062,0.0,-0.0,0.0,4300,0,8,17171,4300,0.0,41,0.0,0.0,0.0,0.0,-0.0,0,0,0,0,0.0,0,0,0,0,0,0,0,0,0,0,0,0,0,0,0,0,0,0,0,0,0,0,0,0,0,0,0,0,0,0,0,0,0,9,37,37,46,65476,401,65476,1,0,4,21553,0.0,2.7183305813883192e+23,0.0,0.0,0.0,0.0,0.0,0.0,0.0,0.0,0.0,0.0,0.0,0.0,0.0,0.0,0.0,0.0,0.0,0.0,0.0,2.004,2.004,0.0,0.0,2.004,0.0,0.0,0.0,0.0,6390.0,-564148719058944.0,0.0,0.0,-2.7184527190102135e+23,0.0,-107616264.0,0.0,0.0,2.004,2.004,226,4.066853658014554e+29,-4.9504227950428306e+32,0.0,0.0,0.0,0.0,0.0,0.0,0.0,0,0,0,-0.0,0.0,0.0,-0.0,0.003,0.0,-0.13,-401968.062,-7.615275086538342e+16,-5.2803744354199235e+32,-533602.562,1.893980384538919e+18,0.0,0.001,0.0,-0.0,0,1.3516416376850534e+27,226,0.0,452,2.40156025918058e+36,0.0,2114,52429,17109,0,17112,52429,17095,0,0,0,101,100,100,-0.0,65.9,-107615264.0,66.2,2.7302341356354147e+23,66.0,1,49,50,180,52429,52429,0,0,0.0,0.0,0.0,60.0,0.0,71.0,0.0,-26206720000.0,0.0,1068,0,1069,0,0,0,1069,0,1080,0,999,0,662,0,664,0,658,0,688,0.032,1.4536034330083127e+22,0.0,-0.0,57488,16813,0.0,-26206720000.0,-0.0,nan,-2.3042725272102346e+27,-0.0,50.0,60.0,35,0.0,0.0,10.0,2.0,0.0,0.0,0.0,0.0,0.0,0.0,0.0,0.0,0.0,0.0,0.0,0.0,58.8,51,14,65512,27,65476,0,300,0,0,8,20529,65476,0,0,30147,60.0,0.0,10.0,10.0,2.0,0.0
2026-02-16T12:44:27,ERR,ERR,ERR,ERR,ERR,ERR,ERR,ERR,ERR,ERR,ERR,ERR,ERR,ERR,ERR,ERR,ERR,ERR,ERR,ERR,ERR,ERR,ERR,ERR,ERR,ERR,ERR,ERR,ERR,ERR,ERR,ERR,ERR,ERR,ERR,ERR,ERR,ERR,ERR,ERR,ERR,ERR,ERR,ERR,ERR,ERR,ERR,ERR,ERR,ERR,ERR,ERR,ERR,ERR,ERR,ERR,ERR,ERR,ERR,ERR,ERR,ERR,ERR,ERR,ERR,ERR,ERR,ERR,ERR,ERR,ERR,ERR,ERR,ERR,ERR,ERR,ERR,ERR,ERR,ERR,ERR,ERR,ERR,ERR,ERR,ERR,ERR,ERR,ERR,ERR,ERR,ERR,ERR,ERR,ERR,ERR,ERR,ERR,ERR,ERR,ERR,ERR,ERR,ERR,ERR,ERR,ERR,ERR,ERR,ERR,ERR,ERR,ERR,ERR,ERR,ERR,ERR,ERR,ERR,ERR,ERR,ERR,ERR,ERR,ERR,0.0,-2.7184527190102135e+23,-0.0,0.0,-0.062,0.0,-0.0,0.0,4300,0,8,17171,4300,0.0,41,0.0,0.0,0.0,0.0,-0.0,0,0,0,0,0.0,0,0,0,0,0,0,0,0,0,0,0,0,0,0,0,0,0,0,0,0,0,0,0,0,0,0,0,0,0,0,0,0,0,9,37,37,46,65476,401,65476,1,0,4,21553,0.0,2.7183305813883192e+23,0.0,0.0,0.0,0.0,0.0,0.0,0.0,0.0,0.0,0.0,0.0,0.0,0.0,0.0,0.0,0.0,0.0,0.0,0.0,2.004,2.004,0.0,0.0,2.004,0.0,0.0,0.0,0.0,6390.0,-564148719058944.0,0.0,0.0,-2.7184527190102135e+23,0.0,-107616264.0,0.0,0.0,2.004,2.004,226,4.066853658014554e+29,-4.9504227950428306e+32,0.0,0.0,0.0,0.0,0.0,0.0,0.0,0,0,0,-0.0,0.0,0.0,-0.0,0.003,0.0,-0.13,-401968.062,-7.615275086538342e+16,-5.2803744354199235e+32,-533602.562,1.893980384538919e+18,0.0,0.001,0.0,-0.0,0,1.3516416376850534e+27,226,0.0,452,2.40156025918058e+36,0.0,2114,52429,17109,0,17112,52429,17095,0,0,0,101,100,100,-0.0,65.9,-107615264.0,66.2,2.7302341356354147e+23,66.0,1,49,50,180,39322,52429,0,0,0.0,0.0,0.0,60.0,0.0,71.0,0.0,1919793741430784.0,0.0,1069,0,1069,0,0,0,1069,0,1080,0,999,0,662,0,664,0,658,0,689,0.032,1.4536034330083127e+22,2.004,-107615304.0,49168,16813,0.0,1919793741430784.0,1.5593330200114574e+20,0.0,-0.0,3.2484329008953207e+35,50.0,60.0,35,0.0,0.0,10.0,2.0,0.0,0.0,0.0,0.0,0.0,0.0,0.0,0.0,0.0,0.0,0.0,0.0,59.2,51,14,65512,27,65476,0,300,0,0,8,20529,65476,0,0,30147,60.0,0.0,10.0,10.0,2.0,0.0
2026-02-16T12:44:28,ERR,ERR,ERR,ERR,ERR,ERR,ERR,ERR,ERR,ERR,ERR,ERR,ERR,ERR,ERR,ERR,ERR,ERR,ERR,ERR,ERR,ERR,ERR,ERR,ERR,ERR,ERR,ERR,ERR,ERR,ERR,ERR,ERR,ERR,ERR,ERR,ERR,ERR,ERR,ERR,ERR,ERR,ERR,ERR,ERR,ERR,ERR,ERR,ERR,ERR,ERR,ERR,ERR,ERR,ERR,ERR,ERR,ERR,ERR,ERR,ERR,ERR,ERR,ERR,ERR,ERR,ERR,ERR,ERR,ERR,ERR,ERR,ERR,ERR,ERR,ERR,ERR,ERR,ERR,ERR,ERR,ERR,ERR,ERR,ERR,ERR,ERR,ERR,ERR,ERR,ERR,ERR,ERR,ERR,ERR,ERR,ERR,ERR,ERR,ERR,ERR,ERR,ERR,ERR,ERR,ERR,ERR,ERR,ERR,ERR,ERR,ERR,ERR,ERR,ERR,ERR,ERR,ERR,ERR,ERR,ERR,ERR,ERR,ERR,ERR,0.0,-2.7184527190102135e+23,-0.0,0.0,-0.062,0.0,-0.0,0.0,4300,0,8,17171,4300,0.0,41,0.0,0.0,0.0,0.0,-0.0,0,0,0,0,0.0,0,0,0,0,0,0,0,0,0,0,0,0,0,0,0,0,0,0,0,0,0,0,0,0,0,0,0,0,0,0,0,0,0,9,37,37,46,65476,401,65476,1,0,4,21553,0.0,2.7183305813883192e+23,0.0,0.0,0.0,0.0,0.0,0.0,0.0,0.0,0.0,0.0,0.0,0.0,0.0,0.0,0.0,0.0,0.0,0.0,0.0,2.004,2.004,0.0,0.0,2.004,0.0,0.0,0.0,0.0,6390.0,-564148719058944.0,0.0,0.0,-2.7184527190102135e+23,0.0,-107616264.0,0.0,0.0,2.004,2.004,226,4.066853658014554e+29,-4.9504227950428306e+32,0.0,0.0,0.0,0.0,0.0,0.0,0.0,0,0,0,-0.0,0.0,0.0,-0.0,0.003,0.0,-0.13,-401968.062,-7.615275086538342e+16,-5.2803744354199235e+32,-533602.562,1.893980384538919e+18,0.0,0.001,0.0,-0.0,0,1.3516416376850534e+27,226,0.0,452,2.40156025918058e+36,0.0,2114,52429,17109,0,17112,52429,17095,0,0,0,101,100,100,-0.0,65.9,-107615264.0,66.2,2.7302341356354147e+23,66.0,1,49,50,180,39322,52429,0,0,0.0,0.0,0.0,60.0,0.0,71.0,0.0,1919793741430784.0,0.0,1069,0,1069,0,0,0,1069,0,1080,0,999,0,662,0,664,0,658,0,689,0.032,1.4536034330083127e+22,2.004,-107615304.0,49168,16813,0.0,1919793741430784.0,1.5593330200114574e+20,0.0,-0.0,3.2484329008953207e+35,50.0,60.0,35,0.0,0.0,10.0,2.0,0.0,0.0,0.0,0.0,0.0,0.0,0.0,0.0,0.0,0.0,0.0,0.0,59.2,51,14,65512,27,65476,0,300,0,0,8,20529,65476,0,0,30147,60.0,0.0,10.0,10.0,2.0,0.0
2026-02-16T12:44:29,ERR,ERR,ERR,ERR,ERR,ERR,ERR,ERR,ERR,ERR,ERR,ERR,ERR,ERR,ERR,ERR,ERR,ERR,ERR,ERR,ERR,ERR,ERR,ERR,ERR,ERR,ERR,ERR,ERR,ERR,ERR,ERR,ERR,ERR,ERR,ERR,ERR,ERR,ERR,ERR,ERR,ERR,ERR,ERR,ERR,ERR,ERR,ERR,ERR,ERR,ERR,ERR,ERR,ERR,ERR,ERR,ERR,ERR,ERR,ERR,ERR,ERR,ERR,ERR,ERR,ERR,ERR,ERR,ERR,ERR,ERR,ERR,ERR,ERR,ERR,ERR,ERR,ERR,ERR,ERR,ERR,ERR,ERR,ERR,ERR,ERR,ERR,ERR,ERR,ERR,ERR,ERR,ERR,ERR,ERR,ERR,ERR,ERR,ERR,ERR,ERR,ERR,ERR,ERR,ERR,ERR,ERR,ERR,ERR,ERR,ERR,ERR,ERR,ERR,ERR,ERR,ERR,ERR,ERR,ERR,ERR,ERR,ERR,ERR,ERR,-107615880.0,-2.7184527190102135e+23,nan,0.0,0.0,0.0,6.111550395743733e+30,-0.0,4300,0,8,17171,4300,0.0,41,0.0,0.0,0.0,0.0,-0.0,0,0,0,0,0.0,0,0,0,0,0,0,0,0,0,0,0,0,0,0,0,0,0,0,0,0,0,0,0,0,0,0,0,0,0,0,0,0,0,9,37,37,46,65476,398,65476,1,0,4,21553,0.0,0.0,0.0,0.0,0.0,0.0,0.0,0.0,0.0,0.0,0.0,0.0,0.0,0.0,0.0,0.0,0.0,0.0,0.0,0.0,0.0,2.004,2.004,0.0,0.0,2.004,0.0,0.0,0.0,0.0,6414.0,-0.0,0.0,-107615880.0,-2.7184527190102135e+23,0.0,-107616264.0,-0.0,0.0,2.004,2.004,226,0.059,2.3088379029658953e+20,0.0,0.0,0.0,0.0,0.0,0.0,0.0,0,0,0,4.0585220776063414e+37,8.120970548923597e+16,0.0,1.3098171772377504e+30,0.0,-7397780519649280.0,-0.0,-1132736.25,-0.0,-5.609963591479263e+32,-582754.562,2.0020667755958108e+18,0.0,0.001,0.0,9.817633882411893e+18,0,1.3516416376850534e+27,226,0.0,452,-621855232.0,82050.086,2114,52429,17109,0,17112,52429,17095,0,0,0,101,100,100,-0.0,65.9,-107615264.0,66.2,2.7302341356354147e+23,66.0,1,49,50,180,39322,52429,0,0,0.0,0.0,0.0,60.0,0.0,71.0,0.0,1919793741430784.0,0.0,1069,0,1069,0,0,0,1069,0,1080,0,999,0,662,0,664,0,658,0,689,0.032,1.4536034330083127e+22,2.004,-107615304.0,49168,16813,0.0,1919793741430784.0,1.5593330200114574e+20,0.0,-0.0,3.2484329008953207e+35,50.0,60.0,35,0.0,0.0,10.0,2.0,0.0,0.0,0.0,0.0,0.0,0.0,0.0,0.0,0.0,0.0,0.0,0.0,58.8,50,14,65512,27,65476,0,300,0,0,8,20529,65476,0,0,30147,60.0,0.0,10.0,10.0,2.0,0.0
2026-02-16T12:44:30,ERR,ERR,ERR,ERR,ERR,ERR,ERR,ERR,ERR,ERR,ERR,ERR,ERR,ERR,ERR,ERR,ERR,ERR,ERR,ERR,ERR,ERR,ERR,ERR,ERR,ERR,ERR,ERR,ERR,ERR,ERR,ERR,ERR,ERR,ERR,ERR,ERR,ERR,ERR,ERR,ERR,ERR,ERR,ERR,ERR,ERR,ERR,ERR,ERR,ERR,ERR,ERR,ERR,ERR,ERR,ERR,ERR,ERR,ERR,ERR,ERR,ERR,ERR,ERR,ERR,ERR,ERR,ERR,ERR,ERR,ERR,ERR,ERR,ERR,ERR,ERR,ERR,ERR,ERR,ERR,ERR,ERR,ERR,ERR,ERR,ERR,ERR,ERR,ERR,ERR,ERR,ERR,ERR,ERR,ERR,ERR,ERR,ERR,ERR,ERR,ERR,ERR,ERR,ERR,ERR,ERR,ERR,ERR,ERR,ERR,ERR,ERR,ERR,ERR,ERR,ERR,ERR,ERR,ERR,ERR,ERR,ERR,ERR,ERR,ERR,-107615880.0,-2.7184527190102135e+23,nan,0.0,0.0,0.0,6.111550395743733e+30,-0.0,4300,0,8,17171,4300,0.0,41,0.0,0.0,0.0,0.0,-0.0,0,0,0,0,0.0,0,0,0,0,0,0,0,0,0,0,0,0,0,0,0,0,0,0,0,0,0,0,0,0,0,0,0,0,0,0,0,0,0,9,37,37,46,65476,398,65476,1,0,4,21553,0.0,0.0,0.0,0.0,0.0,0.0,0.0,0.0,0.0,0.0,0.0,0.0,0.0,0.0,0.0,0.0,0.0,0.0,0.0,0.0,0.0,2.004,2.004,0.0,0.0,2.004,0.0,0.0,0.0,0.0,6414.0,-0.0,0.0,-107615880.0,-2.7184527190102135e+23,0.0,-107616264.0,-0.0,0.0,2.004,2.004,226,0.059,2.3088379029658953e+20,0.0,0.0,0.0,0.0,0.0,0.0,0.0,0,0,0,4.0585220776063414e+37,8.120970548923597e+16,0.0,1.3098171772377504e+30,0.0,-7397780519649280.0,-0.0,-1132736.25,-0.0,-5.609963591479263e+32,-582754.562,2.0020667755958108e+18,0.0,0.001,0.0,9.817633882411893e+18,0,1.3516416376850534e+27,226,0.0,452,-621855232.0,82050.086,2114,52429,17109,0,17112,52429,17095,0,0,0,101,100,100,-0.0,65.9,-107615264.0,66.2,2.7302341356354147e+23,66.0,1,49,50,180,39322,52429,0,0,0.0,0.0,0.0,60.0,0.007,71.0,0.0,-0.0,0.0,1068,0,1069,0,0,0,1069,0,1080,0,999,0,662,0,664,0,658,0,689,0.032,1.4536034330083127e+22,2.004,-107615304.0,64144,16813,1490.08,-0.0,-0.012,0.0,0.0,-2134018.75,50.0,60.0,35,0.0,0.0,10.0,2.0,0.0,0.0,0.0,0.0,0.0,0.0,0.0,0.0,0.0,0.0,0.0,0.0,58.8,50,14,65512,27,65476,0,300,0,0,8,20529,65476,0,0,30147,60.0,0.0,10.0,10.0,2.0,0.0
2026-02-16T12:44:31,ERR,ERR,ERR,ERR,ERR,ERR,ERR,ERR,ERR,ERR,ERR,ERR,ERR,ERR,ERR,ERR,ERR,ERR,ERR,ERR,ERR,ERR,ERR,ERR,ERR,ERR,ERR,ERR,ERR,ERR,ERR,ERR,ERR,ERR,ERR,ERR,ERR,ERR,ERR,ERR,ERR,ERR,ERR,ERR,ERR,ERR,ERR,ERR,ERR,ERR,ERR,ERR,ERR,ERR,ERR,ERR,ERR,ERR,ERR,ERR,ERR,ERR,ERR,ERR,ERR,ERR,ERR,ERR,ERR,ERR,ERR,ERR,ERR,ERR,ERR,ERR,ERR,ERR,ERR,ERR,ERR,ERR,ERR,ERR,ERR,ERR,ERR,ERR,ERR,ERR,ERR,ERR,ERR,ERR,ERR,ERR,ERR,ERR,ERR,ERR,ERR,ERR,ERR,ERR,ERR,ERR,ERR,ERR,ERR,ERR,ERR,ERR,ERR,ERR,ERR,ERR,ERR,ERR,ERR,ERR,ERR,ERR,ERR,ERR,ERR,-107615880.0,-2.7184527190102135e+23,nan,0.0,0.0,0.0,6.111550395743733e+30,-0.0,4300,0,8,17171,4300,0.0,41,0.0,0.0,0.0,0.0,-0.0,0,0,0,0,0.0,0,0,0,0,0,0,0,0,0,0,0,0,0,0,0,0,0,0,0,0,0,0,0,0,0,0,0,0,0,0,0,0,0,9,37,37,46,65476,398,65476,1,0,4,21553,0.0,0.0,0.0,0.0,0.0,0.0,0.0,0.0,0.0,0.0,0.0,0.0,0.0,0.0,0.0,0.0,0.0,0.0,0.0,0.0,0.0,2.004,2.004,0.0,0.0,2.004,0.0,0.0,0.0,0.0,6414.0,-0.0,0.0,-107615880.0,-2.7184527190102135e+23,0.0,-107616264.0,-0.0,0.0,2.004,2.004,226,0.059,2.3088379029658953e+20,0.0,0.0,0.0,0.0,0.0,0.0,0.0,0,0,0,4.0585220776063414e+37,8.120970548923597e+16,0.0,1.3098171772377504e+30,0.0,-7397780519649280.0,-0.0,-1132736.25,-0.0,-5.609963591479263e+32,-582754.562,2.0020667755958108e+18,0.0,0.001,0.0,9.817633882411893e+18,0,1.3516416376850534e+27,226,0.0,452,-621855232.0,82050.086,2114,52429,17109,0,17112,52429,17095,0,0,0,101,100,100,-0.0,65.9,-107615264.0,66.2,2.7302341356354147e+23,66.0,1,49,50,180,39322,52429,0,0,0.0,0.0,0.0,60.0,0.007,71.0,0.0,-0.0,0.0,1068,0,1069,0,0,0,1069,0,1080,0,999,0,662,0,664,0,658,0,689,0.032,1.4536034330083127e+22,2.004,-107615304.0,64144,16813,1490.08,-0.0,-0.012,0.0,0.0,-2134018.75,50.0,60.0,35,0.0,0.0,10.0,2.0,0.0,0.0,0.0,0.0,0.0,0.0,0.0,0.0,0.0,0.0,0.0,0.0,58.8,50,14,65512,27,65476,0,300,0,0,8,20529,65476,0,0,30147,60.0,0.0,10.0,10.0,2.0,0.0
2026-02-16T12:44:32,ERR,ERR,ERR,ERR,ERR,ERR,ERR,ERR,ERR,ERR,ERR,ERR,ERR,ERR,ERR,ERR,ERR,ERR,ERR,ERR,ERR,ERR,ERR,ERR,ERR,ERR,ERR,ERR,ERR,ERR,ERR,ERR,ERR,ERR,ERR,ERR,ERR,ERR,ERR,ERR,ERR,ERR,ERR,ERR,ERR,ERR,ERR,ERR,ERR,ERR,ERR,ERR,ERR,ERR,ERR,ERR,ERR,ERR,ERR,ERR,ERR,ERR,ERR,ERR,ERR,ERR,ERR,ERR,ERR,ERR,ERR,ERR,ERR,ERR,ERR,ERR,ERR,ERR,ERR,ERR,ERR,ERR,ERR,ERR,ERR,ERR,ERR,ERR,ERR,ERR,ERR,ERR,ERR,ERR,ERR,ERR,ERR,ERR,ERR,ERR,ERR,ERR,ERR,ERR,ERR,ERR,ERR,ERR,ERR,ERR,ERR,ERR,ERR,ERR,ERR,ERR,ERR,ERR,ERR,ERR,ERR,ERR,ERR,ERR,ERR,-107615880.0,-2.7184527190102135e+23,nan,0.0,0.0,0.0,6.111550395743733e+30,-0.0,4300,0,8,17171,4300,0.0,41,0.0,0.0,0.0,0.0,-0.0,0,0,0,0,0.0,0,0,0,0,0,0,0,0,0,0,0,0,0,0,0,0,0,0,0,0,0,0,0,0,0,0,0,0,0,0,0,0,0,9,37,37,46,65476,398,65476,1,0,4,21553,0.0,0.0,0.0,0.0,0.0,0.0,0.0,0.0,0.0,0.0,0.0,0.0,0.0,0.0,0.0,0.0,0.0,0.0,0.0,0.0,0.0,2.004,2.004,0.0,0.0,2.004,0.0,0.0,0.0,0.0,6414.0,-0.0,0.0,-107615880.0,-2.7184527190102135e+23,0.0,-107616264.0,-0.0,0.0,2.004,2.004,226,0.059,2.3088379029658953e+20,0.0,0.0,0.0,0.0,0.0,0.0,0.0,0,0,0,4.0585220776063414e+37,8.120970548923597e+16,0.0,1.3098171772377504e+30,0.0,-7397780519649280.0,-0.0,-1132736.25,-0.0,-5.609963591479263e+32,-582754.562,2.0020667755958108e+18,0.0,0.001,0.0,9.817633882411893e+18,0,1.3516416376850534e+27,226,0.0,452,-621855232.0,82050.086,2114,52429,17109,0,17112,52429,17095,0,0,0,101,100,100,-0.0,65.9,-107615264.0,66.2,2.7302341356354147e+23,66.0,1,49,50,180,39322,52429,0,0,0.0,0.0,0.0,60.0,0.007,71.0,0.0,-0.0,0.0,1068,0,1069,0,0,0,1069,0,1080,0,999,0,662,0,664,0,658,0,689,0.032,1.4536034330083127e+22,2.004,-107615304.0,64144,16813,1490.08,-0.0,-0.012,0.0,0.0,-2134018.75,50.0,60.0,35,0.0,0.0,10.0,2.0,0.0,0.0,0.0,0.0,0.0,0.0,0.0,0.0,0.0,0.0,0.0,0.0,58.8,50,14,65513,27,65476,0,300,0,0,8,20529,65476,0,0,30147,60.0,0.0,10.0,10.0,2.0,0.0
2026-02-16T12:44:33,ERR,ERR,ERR,ERR,ERR,ERR,ERR,ERR,ERR,ERR,ERR,ERR,ERR,ERR,ERR,ERR,ERR,ERR,ERR,ERR,ERR,ERR,ERR,ERR,ERR,ERR,ERR,ERR,ERR,ERR,ERR,ERR,ERR,ERR,ERR,ERR,ERR,ERR,ERR,ERR,ERR,ERR,ERR,ERR,ERR,ERR,ERR,ERR,ERR,ERR,ERR,ERR,ERR,ERR,ERR,ERR,ERR,ERR,ERR,ERR,ERR,ERR,ERR,ERR,ERR,ERR,ERR,ERR,ERR,ERR,ERR,ERR,ERR,ERR,ERR,ERR,ERR,ERR,ERR,ERR,ERR,ERR,ERR,ERR,ERR,ERR,ERR,ERR,ERR,ERR,ERR,ERR,ERR,ERR,ERR,ERR,ERR,ERR,ERR,ERR,ERR,ERR,ERR,ERR,ERR,ERR,ERR,ERR,ERR,ERR,ERR,ERR,ERR,ERR,ERR,ERR,ERR,ERR,ERR,ERR,ERR,ERR,ERR,ERR,ERR,-107615880.0,-2.7184527190102135e+23,nan,0.0,0.0,0.0,6.111550395743733e+30,-0.0,4300,0,8,17171,4300,0.0,41,0.0,0.0,0.0,0.0,-0.0,0,0,0,0,0.0,0,0,0,0,0,0,0,0,0,0,0,0,0,0,0,0,0,0,0,0,0,0,0,0,0,0,0,0,0,0,0,0,0,9,37,37,46,65476,398,65476,1,0,4,21553,0.0,0.0,0.0,0.0,0.0,0.0,0.0,0.0,0.0,0.0,0.0,0.0,0.0,0.0,0.0,0.0,0.0,0.0,0.0,0.0,0.0,2.004,2.004,0.0,0.0,2.004,0.0,0.0,0.0,0.0,6414.0,-0.0,0.0,-107615880.0,-2.7184527190102135e+23,0.0,-107616264.0,-0.0,0.0,2.004,2.004,226,0.059,2.3088379029658953e+20,0.0,0.0,0.0,0.0,0.0,0.0,0.0,0,0,0,4.0585220776063414e+37,8.120970548923597e+16,0.0,1.3098171772377504e+30,0.0,-7397780519649280.0,-0.0,-1132736.25,-0.0,-5.609963591479263e+32,-582754.562,2.0020667755958108e+18,0.0,0.001,0.0,9.817633882411893e+18,0,1.3516416376850534e+27,226,0.0,452,-621855232.0,82050.086,2114,52429,17109,52429,17111,52429,17095,0,0,0,101,100,100,-0.0,65.9,-107615264.0,66.2,2.7302341356354147e+23,66.0,1,49,50,180,39322,52429,0,0,0.0,0.0,0.0,60.0,41408847872.0,71.0,0.0,-0.0,0.0,1068,0,1069,0,0,0,1069,0,1080,0,999,0,662,0,664,0,658,0,690,0.032,1.4609821306377965e+22,-0.0,0.0,9744,16814,479958770122752.0,-0.0,0.0,152561130668032.0,4.7389574785865815e+30,0.0,50.0,60.0,35,0.0,0.0,10.0,2.0,0.0,0.0,0.0,0.0,0.0,0.0,0.0,0.0,0.0,0.0,0.0,0.0,58.8,50,14,65513,27,65476,0,300,0,0,8,20529,65476,0,0,30147,60.0,0.0,10.0,10.0,2.0,0.0
2026-02-16T12:44:34,ERR,ERR,ERR,ERR,ERR,ERR,ERR,ERR,ERR,ERR,ERR,ERR,ERR,ERR,ERR,ERR,ERR,ERR,ERR,ERR,ERR,ERR,ERR,ERR,ERR,ERR,ERR,ERR,ERR,ERR,ERR,ERR,ERR,ERR,ERR,ERR,ERR,ERR,ERR,ERR,ERR,ERR,ERR,ERR,ERR,ERR,ERR,ERR,ERR,ERR,ERR,ERR,ERR,ERR,ERR,ERR,ERR,ERR,ERR,ERR,ERR,ERR,ERR,ERR,ERR,ERR,ERR,ERR,ERR,ERR,ERR,ERR,ERR,ERR,ERR,ERR,ERR,ERR,ERR,ERR,ERR,ERR,ERR,ERR,ERR,ERR,ERR,ERR,ERR,ERR,ERR,ERR,ERR,ERR,ERR,ERR,ERR,ERR,ERR,ERR,ERR,ERR,ERR,ERR,ERR,ERR,ERR,ERR,ERR,ERR,ERR,ERR,ERR,ERR,ERR,ERR,ERR,ERR,ERR,ERR,ERR,ERR,ERR,ERR,ERR,-107615880.0,-2.7184527190102135e+23,nan,0.0,0.0,0.0,12232417280.0,-0.0,4300,0,8,17171,4300,0.0,41,0.0,0.0,0.0,0.0,-0.0,0,0,0,0,0.0,0,0,0,0,0,0,0,0,0,0,0,0,0,0,0,0,0,0,0,0,0,0,0,0,0,0,0,0,0,0,0,0,0,9,37,37,46,65476,396,65476,1,0,4,21553,0.0,0.0,0.0,0.0,0.0,0.0,0.0,0.0,0.0,0.0,0.0,0.0,0.0,0.0,0.0,0.0,0.0,0.0,0.0,0.0,0.0,2.004,0.0,0.0,0.0,0.0,0.0,0.0,0.0,0.0,6447.0,3.697205924833998e+19,0.0,-107615880.0,-2.7184527190102135e+23,0.0,-0.0,-0.0,0.0,2.004,2.004,226,89220.562,-2.3088379029658953e+20,0.0,0.0,0.0,0.0,0.0,0.0,0.0,0,0,0,-0.0,5.9137780622081566e+32,0.0,4.494709240289473e+37,0.0,0.0,-0.0,0.0,-5.8149912736494647e+23,-5.914199735534038e+32,-636002.562,2.1191603659074437e+18,0.0,0.001,0.0,308406502031360.0,0,1.3516416376850534e+27,227,0.0,454,0.0,-0.0,2114,52429,17109,52429,17111,52429,17095,0,0,0,101,100,100,-0.0,65.9,-107615264.0,66.2,2.7302341356354147e+23,66.0,1,49,50,180,39322,52429,0,0,0.0,0.0,0.0,60.0,41408847872.0,71.0,0.0,-0.0,0.0,1068,0,1069,0,0,0,1069,0,1080,0,999,0,662,0,664,0,658,0,690,0.032,1.4609821306377965e+22,-0.0,0.0,9744,16814,479958770122752.0,-0.0,0.0,152561130668032.0,4.7389574785865815e+30,0.0,50.0,60.0,35,0.0,0.0,10.0,2.0,0.0,0.0,0.0,0.0,0.0,0.0,0.0,0.0,0.0,0.0,0.0,0.0,58.8,50,14,65513,27,65476,0,300,0,0,8,20529,65476,0,0,30147,60.0,0.0,10.0,10.0,2.0,0.0
2026-02-16T12:44:35,ERR,ERR,ERR,ERR,ERR,ERR,ERR,ERR,ERR,ERR,ERR,ERR,ERR,ERR,ERR,ERR,ERR,ERR,ERR,ERR,ERR,ERR,ERR,ERR,ERR,ERR,ERR,ERR,ERR,ERR,ERR,ERR,ERR,ERR,ERR,ERR,ERR,ERR,ERR,ERR,ERR,ERR,ERR,ERR,ERR,ERR,ERR,ERR,ERR,ERR,ERR,ERR,ERR,ERR,ERR,ERR,ERR,ERR,ERR,ERR,ERR,ERR,ERR,ERR,ERR,ERR,ERR,ERR,ERR,ERR,ERR,ERR,ERR,ERR,ERR,ERR,ERR,ERR,ERR,ERR,ERR,ERR,ERR,ERR,ERR,ERR,ERR,ERR,ERR,ERR,ERR,ERR,ERR,ERR,ERR,ERR,ERR,ERR,ERR,ERR,ERR,ERR,ERR,ERR,ERR,ERR,ERR,ERR,ERR,ERR,ERR,ERR,ERR,ERR,ERR,ERR,ERR,ERR,ERR,ERR,ERR,ERR,ERR,ERR,ERR,-107615880.0,-2.7184527190102135e+23,nan,0.0,0.0,0.0,12232417280.0,-0.0,4300,0,8,17171,4300,0.0,41,0.0,0.0,0.0,0.0,-0.0,0,0,0,0,0.0,0,0,0,0,0,0,0,0,0,0,0,0,0,0,0,0,0,0,0,0,0,0,0,0,0,0,0,0,0,0,0,0,0,9,37,37,46,65476,396,65476,1,0,4,21553,0.0,0.0,0.0,0.0,0.0,0.0,0.0,0.0,0.0,0.0,0.0,0.0,0.0,0.0,0.0,0.0,0.0,0.0,0.0,0.0,0.0,2.004,0.0,0.0,0.0,0.0,0.0,0.0,0.0,0.0,6447.0,3.697205924833998e+19,0.0,-107615880.0,-2.7184527190102135e+23,0.0,-0.0,-0.0,0.0,2.004,2.004,226,89220.562,-2.3088379029658953e+20,0.0,0.0,0.0,0.0,0.0,0.0,0.0,0,0,0,-0.0,5.9137780622081566e+32,0.0,4.494709240289473e+37,0.0,0.0,-0.0,0.0,-5.8149912736494647e+23,-5.914199735534038e+32,-636002.562,2.1191603659074437e+18,0.0,0.001,0.0,308406502031360.0,0,1.3516416376850534e+27,227,0.0,454,0.0,-0.0,2114,52429,17109,52429,17111,52429,17095,0,0,0,101,100,100,-0.0,65.9,-107615264.0,66.2,2.7302341356354147e+23,66.0,1,49,50,180,39322,52429,0,0,0.0,0.0,0.0,60.0,41408847872.0,71.0,0.0,-0.0,0.0,1068,0,1069,0,0,0,1069,0,1080,0,999,0,662,0,664,0,658,0,690,0.032,1.4609821306377965e+22,-0.0,0.0,9744,16814,479958770122752.0,-0.0,0.0,152561130668032.0,4.7389574785865815e+30,0.0,50.0,60.0,35,0.0,0.0,10.0,2.0,0.0,0.0,0.0,0.0,0.0,0.0,0.0,0.0,0.0,0.0,0.0,0.0,58.8,50,14,65513,27,65476,0,300,0,0,8,20529,65476,0,0,30147,60.0,0.0,10.0,10.0,2.0,0.0
2026-02-16T12:44:36,ERR,ERR,ERR,ERR,ERR,ERR,ERR,ERR,ERR,ERR,ERR,ERR,ERR,ERR,ERR,ERR,ERR,ERR,ERR,ERR,ERR,ERR,ERR,ERR,ERR,ERR,ERR,ERR,ERR,ERR,ERR,ERR,ERR,ERR,ERR,ERR,ERR,ERR,ERR,ERR,ERR,ERR,ERR,ERR,ERR,ERR,ERR,ERR,ERR,ERR,ERR,ERR,ERR,ERR,ERR,ERR,ERR,ERR,ERR,ERR,ERR,ERR,ERR,ERR,ERR,ERR,ERR,ERR,ERR,ERR,ERR,ERR,ERR,ERR,ERR,ERR,ERR,ERR,ERR,ERR,ERR,ERR,ERR,ERR,ERR,ERR,ERR,ERR,ERR,ERR,ERR,ERR,ERR,ERR,ERR,ERR,ERR,ERR,ERR,ERR,ERR,ERR,ERR,ERR,ERR,ERR,ERR,ERR,ERR,ERR,ERR,ERR,ERR,ERR,ERR,ERR,ERR,ERR,ERR,ERR,ERR,ERR,ERR,ERR,ERR,-107615880.0,-2.7184527190102135e+23,nan,0.0,0.0,0.0,12232417280.0,-0.0,4300,0,8,17171,4300,0.0,41,0.0,0.0,0.0,0.0,-0.0,0,0,0,0,0.0,0,0,0,0,0,0,0,0,0,0,0,0,0,0,0,0,0,0,0,0,0,0,0,0,0,0,0,0,0,0,0,0,0,9,37,37,46,65476,396,65476,1,0,4,21553,0.0,0.0,0.0,0.0,0.0,0.0,0.0,0.0,0.0,0.0,0.0,0.0,0.0,0.0,0.0,0.0,0.0,0.0,0.0,0.0,0.0,2.004,0.0,0.0,0.0,0.0,0.0,0.0,0.0,0.0,6447.0,3.697205924833998e+19,0.0,-107615880.0,-2.7184527190102135e+23,0.0,-0.0,-0.0,0.0,2.004,2.004,226,89220.562,-2.3088379029658953e+20,0.0,0.0,0.0,0.0,0.0,0.0,0.0,0,0,0,-0.0,5.9137780622081566e+32,0.0,4.494709240289473e+37,0.0,0.0,-0.0,0.0,-5.8149912736494647e+23,-5.914199735534038e+32,-636002.562,2.1191603659074437e+18,0.0,0.001,0.0,308406502031360.0,0,1.3516416376850534e+27,227,0.0,454,0.0,-0.0,2114,52429,17109,52429,17111,52429,17095,0,0,0,101,100,100,-0.0,65.9,-107615264.0,66.2,2.7302341356354147e+23,66.0,1,49,50,180,39322,52429,0,0,0.0,0.0,0.0,60.0,41408847872.0,71.0,0.0,-0.0,0.0,1068,0,1069,0,0,0,1069,0,1080,0,999,0,662,0,664,0,658,0,690,0.032,1.4609821306377965e+22,-0.0,0.0,9744,16814,479958770122752.0,-0.0,0.0,152561130668032.0,4.7389574785865815e+30,0.0,50.0,60.0,35,0.0,0.0,10.0,2.0,0.0,0.0,0.0,0.0,0.0,0.0,0.0,0.0,0.0,0.0,0.0,0.0,58.8,50,14,65513,27,65476,0,300,0,0,8,20529,65476,0,0,30147,60.0,0.0,10.0,10.0,2.0,0.0
2026-02-16T12:44:37,ERR,ERR,ERR,ERR,ERR,ERR,ERR,ERR,ERR,ERR,ERR,ERR,ERR,ERR,ERR,ERR,ERR,ERR,ERR,ERR,ERR,ERR,ERR,ERR,ERR,ERR,ERR,ERR,ERR,ERR,ERR,ERR,ERR,ERR,ERR,ERR,ERR,ERR,ERR,ERR,ERR,ERR,ERR,ERR,ERR,ERR,ERR,ERR,ERR,ERR,ERR,ERR,ERR,ERR,ERR,ERR,ERR,ERR,ERR,ERR,ERR,ERR,ERR,ERR,ERR,ERR,ERR,ERR,ERR,ERR,ERR,ERR,ERR,ERR,ERR,ERR,ERR,ERR,ERR,ERR,ERR,ERR,ERR,ERR,ERR,ERR,ERR,ERR,ERR,ERR,ERR,ERR,ERR,ERR,ERR,ERR,ERR,ERR,ERR,ERR,ERR,ERR,ERR,ERR,ERR,ERR,ERR,ERR,ERR,ERR,ERR,ERR,ERR,ERR,ERR,ERR,ERR,ERR,ERR,ERR,ERR,ERR,ERR,ERR,ERR,-107615880.0,-2.7184527190102135e+23,nan,0.0,0.0,0.0,12232417280.0,-0.0,4300,0,8,17171,4300,0.0,41,0.0,0.0,0.0,0.0,-0.0,0,0,0,0,0.0,0,0,0,0,0,0,0,0,0,0,0,0,0,0,0,0,0,0,0,0,0,0,0,0,0,0,0,0,0,0,0,0,0,9,37,37,46,65476,396,65476,1,0,4,21553,0.0,0.0,0.0,0.0,0.0,0.0,0.0,0.0,0.0,0.0,0.0,0.0,0.0,0.0,0.0,0.0,0.0,0.0,0.0,0.0,0.0,2.004,0.0,0.0,0.0,0.0,0.0,0.0,0.0,0.0,6447.0,3.697205924833998e+19,0.0,-107615880.0,-2.7184527190102135e+23,0.0,-0.0,-0.0,0.0,2.004,2.004,226,89220.562,-2.3088379029658953e+20,0.0,0.0,0.0,0.0,0.0,0.0,0.0,0,0,0,-0.0,5.9137780622081566e+32,0.0,4.494709240289473e+37,0.0,0.0,-0.0,0.0,-5.8149912736494647e+23,-5.914199735534038e+32,-636002.562,2.1191603659074437e+18,0.0,0.001,0.0,308406502031360.0,0,1.3516416376850534e+27,227,0.0,454,0.0,-0.0,2114,52429,17109,0,17112,52429,17095,0,0,0,101,100,100,-0.0,65.9,-107615264.0,66.2,2.7302341356354147e+23,66.0,1,49,50,180,39322,52429,0,0,0.0,0.0,0.0,60.0,1894481.75,71.0,0.0,0.0,0.0,1068,0,1069,0,0,0,1069,0,1079,0,999,0,662,0,664,0,658,0,690,0.032,1.4536034330083127e+22,-0.0,0.0,59024,16813,1894481.75,0.0,6.85704968009497e+27,-3.422728730623508e+33,-0.0,-0.0,50.0,60.0,35,0.0,0.0,10.0,2.0,0.0,0.0,0.0,0.0,0.0,0.0,0.0,0.0,0.0,0.0,0.0,0.0,58.8,50,14,65513,27,65476,0,300,0,0,8,20529,65476,0,0,30147,60.0,0.0,10.0,10.0,2.0,0.0
2026-02-16T12:44:38,ERR,ERR,ERR,ERR,ERR,ERR,ERR,ERR,ERR,ERR,ERR,ERR,ERR,ERR,ERR,ERR,ERR,ERR,ERR,ERR,ERR,ERR,ERR,ERR,ERR,ERR,ERR,ERR,ERR,ERR,ERR,ERR,ERR,ERR,ERR,ERR,ERR,ERR,ERR,ERR,ERR,ERR,ERR,ERR,ERR,ERR,ERR,ERR,ERR,ERR,ERR,ERR,ERR,ERR,ERR,ERR,ERR,ERR,ERR,ERR,ERR,ERR,ERR,ERR,ERR,ERR,ERR,ERR,ERR,ERR,ERR,ERR,ERR,ERR,ERR,ERR,ERR,ERR,ERR,ERR,ERR,ERR,ERR,ERR,ERR,ERR,ERR,ERR,ERR,ERR,ERR,ERR,ERR,ERR,ERR,ERR,ERR,ERR,ERR,ERR,ERR,ERR,ERR,ERR,ERR,ERR,ERR,ERR,ERR,ERR,ERR,ERR,ERR,ERR,ERR,ERR,ERR,ERR,ERR,ERR,ERR,ERR,ERR,ERR,ERR,0.0,-2.7184527190102135e+23,-0.0,0.0,-0.062,0.0,1.4882735176788012e+30,0.0,4300,0,8,17171,4300,0.0,41,0.0,0.0,0.0,0.0,-0.0,0,0,0,0,0.0,0,0,0,0,0,0,0,0,0,0,0,0,0,0,0,0,0,0,0,0,0,0,0,0,0,0,0,0,0,0,0,0,0,8,37,37,45,65476,396,65476,1,0,4,21553,0.0,-0.0,0.0,0.0,0.0,0.0,0.0,0.0,0.0,0.0,0.0,0.0,0.0,0.0,0.0,0.0,0.0,0.0,0.0,0.0,0.0,2.004,0.0,0.0,0.0,0.0,0.0,0.0,0.0,0.0,6477.0,0.0,0.0,0.0,-2.7184527190102135e+23,0.0,-0.0,-0.0,0.0,2.004,2.004,226,0.0,2.7184276789962853e+23,0.0,0.0,0.0,0.0,0.0,0.0,0.0,0,0,0,1.0050006609948645e+26,-0.0,0.0,0.0,0.0,-274080727040.0,-0.0,0.0,0.0,-6.243788891593378e+32,-685154.562,2.2182395577095946e+18,0.0,0.001,0.0,63417081856.0,0,1.3516416376850534e+27,226,0.0,452,2.40156025918058e+36,-0.235,2114,52429,17109,0,17112,52429,17095,0,0,0,101,100,100,-0.0,65.9,-107615264.0,66.2,2.7302341356354147e+23,66.0,1,49,50,180,39322,52429,0,0,0.0,0.0,0.0,60.0,1894481.75,71.0,0.0,0.0,0.0,1068,0,1069,0,0,0,1069,0,1079,0,999,0,662,0,664,0,658,0,690,0.032,1.4536034330083127e+22,-0.0,0.0,59024,16813,1894481.75,0.0,6.85704968009497e+27,-3.422728730623508e+33,-0.0,-0.0,50.0,60.0,35,0.0,0.0,10.0,2.0,0.0,0.0,0.0,0.0,0.0,0.0,0.0,0.0,0.0,0.0,0.0,0.0,58.8,50,14,65513,27,65476,0,300,0,0,8,20529,65476,0,0,30147,60.0,0.0,10.0,10.0,2.0,0.0
2026-02-16T12:44:39,ERR,ERR,ERR,ERR,ERR,ERR,ERR,ERR,ERR,ERR,ERR,ERR,ERR,ERR,ERR,ERR,ERR,ERR,ERR,ERR,ERR,ERR,ERR,ERR,ERR,ERR,ERR,ERR,ERR,ERR,ERR,ERR,ERR,ERR,ERR,ERR,ERR,ERR,ERR,ERR,ERR,ERR,ERR,ERR,ERR,ERR,ERR,ERR,ERR,ERR,ERR,ERR,ERR,ERR,ERR,ERR,ERR,ERR,ERR,ERR,ERR,ERR,ERR,ERR,ERR,ERR,ERR,ERR,ERR,ERR,ERR,ERR,ERR,ERR,ERR,ERR,ERR,ERR,ERR,ERR,ERR,ERR,ERR,ERR,ERR,ERR,ERR,ERR,ERR,ERR,ERR,ERR,ERR,ERR,ERR,ERR,ERR,ERR,ERR,ERR,ERR,ERR,ERR,ERR,ERR,ERR,ERR,ERR,ERR,ERR,ERR,ERR,ERR,ERR,ERR,ERR,ERR,ERR,ERR,ERR,ERR,ERR,ERR,ERR,ERR,0.0,-2.7184527190102135e+23,-0.0,0.0,-0.062,0.0,1.4882735176788012e+30,0.0,4300,0,8,17171,4300,0.0,41,0.0,0.0,0.0,0.0,-0.0,0,0,0,0,0.0,0,0,0,0,0,0,0,0,0,0,0,0,0,0,0,0,0,0,0,0,0,0,0,0,0,0,0,0,0,0,0,0,0,8,37,37,45,65476,396,65476,1,0,4,21553,0.0,-0.0,0.0,0.0,0.0,0.0,0.0,0.0,0.0,0.0,0.0,0.0,0.0,0.0,0.0,0.0,0.0,0.0,0.0,0.0,0.0,2.004,0.0,0.0,0.0,0.0,0.0,0.0,0.0,0.0,6477.0,0.0,0.0,0.0,-2.7184527190102135e+23,0.0,-0.0,-0.0,0.0,2.004,2.004,226,0.0,2.7184276789962853e+23,0.0,0.0,0.0,0.0,0.0,0.0,0.0,0,0,0,1.0050006609948645e+26,-0.0,0.0,0.0,0.0,-274080727040.0,-0.0,0.0,0.0,-6.243788891593378e+32,-685154.562,2.2182395577095946e+18,0.0,0.001,0.0,63417081856.0,0,1.3516416376850534e+27,226,0.0,452,2.40156025918058e+36,-0.235,2114,52429,17109,0,17112,52429,17095,0,0,0,101,100,100,-0.0,65.9,-107615264.0,66.2,2.7302341356354147e+23,66.0,1,49,50,180,39322,52429,0,0,0.0,0.0,0.0,60.0,1894481.75,71.0,0.0,0.0,0.0,1068,0,1069,0,0,0,1069,0,1079,0,999,0,662,0,664,0,658,0,690,0.032,1.4536034330083127e+22,-0.0,0.0,59024,16813,1894481.75,0.0,6.85704968009497e+27,-3.422728730623508e+33,-0.0,-0.0,50.0,60.0,35,0.0,0.0,10.0,2.0,0.0,0.0,0.0,0.0,0.0,0.0,0.0,0.0,0.0,0.0,0.0,0.0,58.8,50,14,65513,27,65476,0,300,0,0,8,20529,65476,0,0,30147,60.0,0.0,10.0,10.0,2.0,0.0
2026-02-16T12:44:40,ERR,ERR,ERR,ERR,ERR,ERR,ERR,ERR,ERR,ERR,ERR,ERR,ERR,ERR,ERR,ERR,ERR,ERR,ERR,ERR,ERR,ERR,ERR,ERR,ERR,ERR,ERR,ERR,ERR,ERR,ERR,ERR,ERR,ERR,ERR,ERR,ERR,ERR,ERR,ERR,ERR,ERR,ERR,ERR,ERR,ERR,ERR,ERR,ERR,ERR,ERR,ERR,ERR,ERR,ERR,ERR,ERR,ERR,ERR,ERR,ERR,ERR,ERR,ERR,ERR,ERR,ERR,ERR,ERR,ERR,ERR,ERR,ERR,ERR,ERR,ERR,ERR,ERR,ERR,ERR,ERR,ERR,ERR,ERR,ERR,ERR,ERR,ERR,ERR,ERR,ERR,ERR,ERR,ERR,ERR,ERR,ERR,ERR,ERR,ERR,ERR,ERR,ERR,ERR,ERR,ERR,ERR,ERR,ERR,ERR,ERR,ERR,ERR,ERR,ERR,ERR,ERR,ERR,ERR,ERR,ERR,ERR,ERR,ERR,ERR,0.0,-2.7184527190102135e+23,-0.0,0.0,-0.062,0.0,1.4882735176788012e+30,0.0,4300,0,8,17171,4300,0.0,41,0.0,0.0,0.0,0.0,-0.0,0,0,0,0,0.0,0,0,0,0,0,0,0,0,0,0,0,0,0,0,0,0,0,0,0,0,0,0,0,0,0,0,0,0,0,0,0,0,0,8,37,37,45,65476,396,65476,1,0,4,21553,0.0,-0.0,0.0,0.0,0.0,0.0,0.0,0.0,0.0,0.0,0.0,0.0,0.0,0.0,0.0,0.0,0.0,0.0,0.0,0.0,0.0,2.004,0.0,0.0,0.0,0.0,0.0,0.0,0.0,0.0,6477.0,0.0,0.0,0.0,-2.7184527190102135e+23,0.0,-0.0,-0.0,0.0,2.004,2.004,226,0.0,2.7184276789962853e+23,0.0,0.0,0.0,0.0,0.0,0.0,0.0,0,0,0,1.0050006609948645e+26,-0.0,0.0,0.0,0.0,-274080727040.0,-0.0,0.0,0.0,-6.243788891593378e+32,-685154.562,2.2182395577095946e+18,0.0,0.001,0.0,63417081856.0,0,1.3516416376850534e+27,226,0.0,452,2.40156025918058e+36,-0.235,2114,52429,17109,0,17112,52429,17095,0,0,0,101,100,100,-0.0,65.9,-107615264.0,66.2,2.7302341356354147e+23,66.0,1,49,50,180,39322,52429,0,0,0.0,0.0,0.0,60.0,0.0,71.0,0.0,1.1206594024964096e+16,0.0,1068,0,1069,0,0,0,1069,0,1080,0,999,0,662,0,664,0,658,0,690,0.032,1.4536034330083127e+22,-0.0,0.0,64144,16813,2.004,8.208048090272236e+17,-0.0,-0.0,-6.87520068182999e+16,-0.0,50.0,60.0,35,0.0,0.0,10.0,2.0,0.0,0.0,0.0,0.0,0.0,0.0,0.0,0.0,0.0,0.0,0.0,0.0,59.2,50,14,65513,27,65476,0,300,0,0,8,20529,65476,0,0,30147,60.0,0.0,10.0,10.0,2.0,0.0
2026-02-16T12:44:41,ERR,ERR,ERR,ERR,ERR,ERR,ERR,ERR,ERR,ERR,ERR,ERR,ERR,ERR,ERR,ERR,ERR,ERR,ERR,ERR,ERR,ERR,ERR,ERR,ERR,ERR,ERR,ERR,ERR,ERR,ERR,ERR,ERR,ERR,ERR,ERR,ERR,ERR,ERR,ERR,ERR,ERR,ERR,ERR,ERR,ERR,ERR,ERR,ERR,ERR,ERR,ERR,ERR,ERR,ERR,ERR,ERR,ERR,ERR,ERR,ERR,ERR,ERR,ERR,ERR,ERR,ERR,ERR,ERR,ERR,ERR,ERR,ERR,ERR,ERR,ERR,ERR,ERR,ERR,ERR,ERR,ERR,ERR,ERR,ERR,ERR,ERR,ERR,ERR,ERR,ERR,ERR,ERR,ERR,ERR,ERR,ERR,ERR,ERR,ERR,ERR,ERR,ERR,ERR,ERR,ERR,ERR,ERR,ERR,ERR,ERR,ERR,ERR,ERR,ERR,ERR,ERR,ERR,ERR,ERR,ERR,ERR,ERR,ERR,ERR,0.0,-2.7184527190102135e+23,-0.0,0.0,-0.062,0.0,1.4882735176788012e+30,0.0,4300,0,8,17171,4300,0.0,41,0.0,0.0,0.0,0.0,-0.0,0,0,0,0,0.0,0,0,0,0,0,0,0,0,0,0,0,0,0,0,0,0,0,0,0,0,0,0,0,0,0,0,0,0,0,0,0,0,0,8,37,37,45,65476,396,65476,1,0,4,21553,0.0,-0.0,0.0,0.0,0.0,0.0,0.0,0.0,0.0,0.0,0.0,0.0,0.0,0.0,0.0,0.0,0.0,0.0,0.0,0.0,0.0,2.004,0.0,0.0,0.0,0.0,0.0,0.0,0.0,0.0,6477.0,0.0,0.0,0.0,-2.7184527190102135e+23,0.0,-0.0,-0.0,0.0,2.004,2.004,226,0.0,2.7184276789962853e+23,0.0,0.0,0.0,0.0,0.0,0.0,0.0,0,0,0,1.0050006609948645e+26,-0.0,0.0,0.0,0.0,-274080727040.0,-0.0,0.0,0.0,-6.243788891593378e+32,-685154.562,2.2182395577095946e+18,0.0,0.001,0.0,63417081856.0,0,1.3516416376850534e+27,226,0.0,452,2.40156025918058e+36,-0.235,2114,52429,17109,0,17112,52429,17095,0,0,0,101,100,100,-0.0,65.9,-107615264.0,66.2,2.7302341356354147e+23,66.0,1,49,50,180,39322,52429,0,0,0.0,0.0,0.0,60.0,0.0,71.0,0.0,1.1206594024964096e+16,0.0,1068,0,1069,0,0,0,1069,0,1080,0,999,0,662,0,664,0,658,0,690,0.032,1.4536034330083127e+22,-0.0,0.0,64144,16813,2.004,8.208048090272236e+17,-0.0,-0.0,-6.87520068182999e+16,-0.0,50.0,60.0,35,0.0,0.0,10.0,2.0,0.0,0.0,0.0,0.0,0.0,0.0,0.0,0.0,0.0,0.0,0.0,0.0,59.2,50,14,65513,27,65476,0,300,0,0,8,20529,65476,0,0,30147,60.0,0.0,10.0,10.0,2.0,0.0
2026-02-16T12:44:42,ERR,ERR,ERR,ERR,ERR,ERR,ERR,ERR,ERR,ERR,ERR,ERR,ERR,ERR,ERR,ERR,ERR,ERR,ERR,ERR,ERR,ERR,ERR,ERR,ERR,ERR,ERR,ERR,ERR,ERR,ERR,ERR,ERR,ERR,ERR,ERR,ERR,ERR,ERR,ERR,ERR,ERR,ERR,ERR,ERR,ERR,ERR,ERR,ERR,ERR,ERR,ERR,ERR,ERR,ERR,ERR,ERR,ERR,ERR,ERR,ERR,ERR,ERR,ERR,ERR,ERR,ERR,ERR,ERR,ERR,ERR,ERR,ERR,ERR,ERR,ERR,ERR,ERR,ERR,ERR,ERR,ERR,ERR,ERR,ERR,ERR,ERR,ERR,ERR,ERR,ERR,ERR,ERR,ERR,ERR,ERR,ERR,ERR,ERR,ERR,ERR,ERR,ERR,ERR,ERR,ERR,ERR,ERR,ERR,ERR,ERR,ERR,ERR,ERR,ERR,ERR,ERR,ERR,ERR,ERR,ERR,ERR,ERR,ERR,ERR,0.0,-2.7184527190102135e+23,-0.0,0.0,-0.062,0.0,1.4882735176788012e+30,0.0,4300,0,8,17171,4300,0.0,41,0.0,0.0,0.0,0.0,-0.0,0,0,0,0,0.0,0,0,0,0,0,0,0,0,0,0,0,0,0,0,0,0,0,0,0,0,0,0,0,0,0,0,0,0,0,0,0,0,0,8,37,37,45,65476,396,65476,1,0,4,21553,0.0,-0.0,0.0,0.0,0.0,0.0,0.0,0.0,0.0,0.0,0.0,0.0,0.0,0.0,0.0,0.0,0.0,0.0,0.0,0.0,0.0,2.004,0.0,0.0,0.0,0.0,0.0,0.0,0.0,0.0,6477.0,0.0,0.0,0.0,-2.7184527190102135e+23,0.0,-0.0,-0.0,0.0,2.004,2.004,226,0.0,2.7184276789962853e+23,0.0,0.0,0.0,0.0,0.0,0.0,0.0,0,0,0,1.0050006609948645e+26,-0.0,0.0,0.0,0.0,-274080727040.0,-0.0,0.0,0.0,-6.243788891593378e+32,-685154.562,2.2182395577095946e+18,0.0,0.001,0.0,63417081856.0,0,1.3516416376850534e+27,226,0.0,452,2.40156025918058e+36,-0.235,2114,52429,17109,0,17112,52429,17095,0,0,0,101,100,100,-0.0,65.9,-107615264.0,66.2,2.7302341356354147e+23,66.0,1,49,50,180,39322,52429,0,0,0.0,0.0,0.0,60.0,0.0,71.0,0.0,1.1206594024964096e+16,0.0,1068,0,1069,0,0,0,1069,0,1080,0,999,0,662,0,664,0,658,0,690,0.032,1.4536034330083127e+22,-0.0,0.0,64144,16813,2.004,8.208048090272236e+17,-0.0,-0.0,-6.87520068182999e+16,-0.0,50.0,60.0,35,0.0,0.0,10.0,2.0,0.0,0.0,0.0,0.0,0.0,0.0,0.0,0.0,0.0,0.0,0.0,0.0,59.2,49,14,65514,27,65476,0,300,0,0,8,20529,65476,0,0,30147,60.0,0.0,10.0,10.0,2.0,0.0
2026-02-16T12:44:43,ERR,ERR,ERR,ERR,ERR,ERR,ERR,ERR,ERR,ERR,ERR,ERR,ERR,ERR,ERR,ERR,ERR,ERR,ERR,ERR,ERR,ERR,ERR,ERR,ERR,ERR,ERR,ERR,ERR,ERR,ERR,ERR,ERR,ERR,ERR,ERR,ERR,ERR,ERR,ERR,ERR,ERR,ERR,ERR,ERR,ERR,ERR,ERR,ERR,ERR,ERR,ERR,ERR,ERR,ERR,ERR,ERR,ERR,ERR,ERR,ERR,ERR,ERR,ERR,ERR,ERR,ERR,ERR,ERR,ERR,ERR,ERR,ERR,ERR,ERR,ERR,ERR,ERR,ERR,ERR,ERR,ERR,ERR,ERR,ERR,ERR,ERR,ERR,ERR,ERR,ERR,ERR,ERR,ERR,ERR,ERR,ERR,ERR,ERR,ERR,ERR,ERR,ERR,ERR,ERR,ERR,ERR,ERR,ERR,ERR,ERR,ERR,ERR,ERR,ERR,ERR,ERR,ERR,ERR,ERR,ERR,ERR,ERR,ERR,ERR,0.0,-2.7184527190102135e+23,-0.0,0.0,-0.062,0.0,2.513871031401378e+21,0.0,4300,0,8,17171,4300,0.0,41,0.0,0.0,0.0,0.0,-0.0,0,0,0,0,0.0,0,0,0,0,0,0,0,0,0,0,0,0,0,0,0,0,0,0,0,0,0,0,0,0,0,0,0,0,0,0,0,0,0,8,37,37,45,65476,392,65476,1,0,4,21553,0.0,0.0,0.0,0.0,0.0,0.0,0.0,0.0,0.0,0.0,0.0,0.0,0.0,0.0,0.0,0.0,0.0,0.0,0.0,0.0,0.0,2.004,2.004,0.0,0.0,-3.697075742657269e+19,0.0,0.0,0.0,0.0,6473.0,-2.004,0.0,-107615880.0,-2.7184527190102135e+23,0.0,-0.0,0.0,0.0,2.004,2.004,226,0.0,-71.63,0.0,0.0,0.0,0.0,0.0,0.0,0.0,0,0,0,4.768978176062976e+21,-3.5633546778034307e+19,0.0,-1.777978034882579e+32,0.0,-1.854,-0.0,-8.94494986796571e+35,-1.9054847891051066e+20,-6.554972974118642e+32,-730210.562,2.346808888319279e+18,0.0,0.001,0.0,4.689306454107095e+17,0,1.3516416376850534e+27,226,0.0,452,0.0,-0.0,2114,52429,17109,0,17112,52429,17095,0,0,0,101,100,100,-0.0,65.9,-107615264.0,66.2,2.7302341356354147e+23,66.0,1,49,50,180,39322,52429,0,0,0.0,0.0,0.0,60.0,76375244800.0,71.0,0.0,0.0,0.0,1068,0,1069,0,0,0,1069,0,1079,0,999,0,662,0,664,0,658,0,690,0.032,1.4536034330083127e+22,-0.0,0.0,64784,16813,90.13,-4.597948069239071e+21,0.0,1.1514103677701264e+36,1.8303489759014883e+36,1.5340405128586854e+17,50.0,60.0,35,0.0,0.0,10.0,2.0,0.0,0.0,0.0,0.0,0.0,0.0,0.0,0.0,0.0,0.0,0.0,0.0,59.2,49,14,65514,27,65476,0,300,0,0,8,20529,65476,0,0,30147,60.0,0.0,10.0,10.0,2.0,0.0
2026-02-16T12:44:44,ERR,ERR,ERR,ERR,ERR,ERR,ERR,ERR,ERR,ERR,ERR,ERR,ERR,ERR,ERR,ERR,ERR,ERR,ERR,ERR,ERR,ERR,ERR,ERR,ERR,ERR,ERR,ERR,ERR,ERR,ERR,ERR,ERR,ERR,ERR,ERR,ERR,ERR,ERR,ERR,ERR,ERR,ERR,ERR,ERR,ERR,ERR,ERR,ERR,ERR,ERR,ERR,ERR,ERR,ERR,ERR,ERR,ERR,ERR,ERR,ERR,ERR,ERR,ERR,ERR,ERR,ERR,ERR,ERR,ERR,ERR,ERR,ERR,ERR,ERR,ERR,ERR,ERR,ERR,ERR,ERR,ERR,ERR,ERR,ERR,ERR,ERR,ERR,ERR,ERR,ERR,ERR,ERR,ERR,ERR,ERR,ERR,ERR,ERR,ERR,ERR,ERR,ERR,ERR,ERR,ERR,ERR,ERR,ERR,ERR,ERR,ERR,ERR,ERR,ERR,ERR,ERR,ERR,ERR,ERR,ERR,ERR,ERR,ERR,ERR,0.0,-2.7184527190102135e+23,-0.0,0.0,-0.062,0.0,2.513871031401378e+21,0.0,4300,0,8,17171,4300,0.0,41,0.0,0.0,0.0,0.0,-0.0,0,0,0,0,0.0,0,0,0,0,0,0,0,0,0,0,0,0,0,0,0,0,0,0,0,0,0,0,0,0,0,0,0,0,0,0,0,0,0,8,37,37,45,65476,392,65476,1,0,4,21553,0.0,0.0,0.0,0.0,0.0,0.0,0.0,0.0,0.0,0.0,0.0,0.0,0.0,0.0,0.0,0.0,0.0,0.0,0.0,0.0,0.0,2.004,2.004,0.0,0.0,-3.697075742657269e+19,0.0,0.0,0.0,0.0,6473.0,-2.004,0.0,-107615880.0,-2.7184527190102135e+23,0.0,-0.0,0.0,0.0,2.004,2.004,226,0.0,-71.63,0.0,0.0,0.0,0.0,0.0,0.0,0.0,0,0,0,4.768978176062976e+21,-3.5633546778034307e+19,0.0,-1.777978034882579e+32,0.0,-1.854,-0.0,-8.94494986796571e+35,-1.9054847891051066e+20,-6.554972974118642e+32,-730210.562,2.346808888319279e+18,0.0,0.001,0.0,4.689306454107095e+17,0,1.3516416376850534e+27,226,0.0,452,0.0,-0.0,2114,52429,17109,0,17112,52429,17095,0,0,0,101,100,100,-0.0,65.9,-107615264.0,66.2,2.7302341356354147e+23,66.0,1,49,50,180,39322,52429,0,0,0.0,0.0,0.0,60.0,76375244800.0,71.0,0.0,0.0,0.0,1068,0,1069,0,0,0,1069,0,1079,0,999,0,662,0,664,0,658,0,690,0.032,1.4536034330083127e+22,-0.0,0.0,64784,16813,90.13,-4.597948069239071e+21,0.0,1.1514103677701264e+36,1.8303489759014883e+36,1.5340405128586854e+17,50.0,60.0,35,0.0,0.0,10.0,2.0,0.0,0.0,0.0,0.0,0.0,0.0,0.0,0.0,0.0,0.0,0.0,0.0,58.8,49,14,65514,27,65476,0,300,0,0,8,20529,65476,0,0,30147,60.0,0.0,10.0,10.0,2.0,0.0
2026-02-16T12:44:45,ERR,ERR,ERR,ERR,ERR,ERR,ERR,ERR,ERR,ERR,ERR,ERR,ERR,ERR,ERR,ERR,ERR,ERR,ERR,ERR,ERR,ERR,ERR,ERR,ERR,ERR,ERR,ERR,ERR,ERR,ERR,ERR,ERR,ERR,ERR,ERR,ERR,ERR,ERR,ERR,ERR,ERR,ERR,ERR,ERR,ERR,ERR,ERR,ERR,ERR,ERR,ERR,ERR,ERR,ERR,ERR,ERR,ERR,ERR,ERR,ERR,ERR,ERR,ERR,ERR,ERR,ERR,ERR,ERR,ERR,ERR,ERR,ERR,ERR,ERR,ERR,ERR,ERR,ERR,ERR,ERR,ERR,ERR,ERR,ERR,ERR,ERR,ERR,ERR,ERR,ERR,ERR,ERR,ERR,ERR,ERR,ERR,ERR,ERR,ERR,ERR,ERR,ERR,ERR,ERR,ERR,ERR,ERR,ERR,ERR,ERR,ERR,ERR,ERR,ERR,ERR,ERR,ERR,ERR,ERR,ERR,ERR,ERR,ERR,ERR,0.0,-2.7184527190102135e+23,-0.0,0.0,-0.062,0.0,2.513871031401378e+21,0.0,4300,0,8,17171,4300,0.0,41,0.0,0.0,0.0,0.0,-0.0,0,0,0,0,0.0,0,0,0,0,0,0,0,0,0,0,0,0,0,0,0,0,0,0,0,0,0,0,0,0,0,0,0,0,0,0,0,0,0,8,37,37,45,65476,392,65476,1,0,4,21553,0.0,0.0,0.0,0.0,0.0,0.0,0.0,0.0,0.0,0.0,0.0,0.0,0.0,0.0,0.0,0.0,0.0,0.0,0.0,0.0,0.0,2.004,2.004,0.0,0.0,-3.697075742657269e+19,0.0,0.0,0.0,0.0,6473.0,-2.004,0.0,-107615880.0,-2.7184527190102135e+23,0.0,-0.0,0.0,0.0,2.004,2.004,226,0.0,-71.63,0.0,0.0,0.0,0.0,0.0,0.0,0.0,0,0,0,4.768978176062976e+21,-3.5633546778034307e+19,0.0,-1.777978034882579e+32,0.0,-1.854,-0.0,-8.94494986796571e+35,-1.9054847891051066e+20,-6.554972974118642e+32,-730210.562,2.346808888319279e+18,0.0,0.001,0.0,4.689306454107095e+17,0,1.3516416376850534e+27,226,0.0,452,0.0,-0.0,2114,52429,17109,0,17112,52429,17095,0,0,0,101,100,100,-0.0,65.9,-107615264.0,66.2,2.7302341356354147e+23,66.0,1,49,50,180,39322,52429,0,0,0.0,0.0,0.0,60.0,76375244800.0,71.0,0.0,0.0,0.0,1068,0,1069,0,0,0,1069,0,1079,0,999,0,662,0,664,0,658,0,690,0.032,1.4536034330083127e+22,-0.0,0.0,64784,16813,90.13,-4.597948069239071e+21,0.0,1.1514103677701264e+36,1.8303489759014883e+36,1.5340405128586854e+17,50.0,60.0,35,0.0,0.0,10.0,2.0,0.0,0.0,0.0,0.0,0.0,0.0,0.0,0.0,0.0,0.0,0.0,0.0,59.2,49,14,65514,27,65476,0,300,0,0,8,20529,65476,0,0,30147,60.0,0.0,10.0,10.0,2.0,0.0
2026-02-16T12:44:46,ERR,ERR,ERR,ERR,ERR,ERR,ERR,ERR,ERR,ERR,ERR,ERR,ERR,ERR,ERR,ERR,ERR,ERR,ERR,ERR,ERR,ERR,ERR,ERR,ERR,ERR,ERR,ERR,ERR,ERR,ERR,ERR,ERR,ERR,ERR,ERR,ERR,ERR,ERR,ERR,ERR,ERR,ERR,ERR,ERR,ERR,ERR,ERR,ERR,ERR,ERR,ERR,ERR,ERR,ERR,ERR,ERR,ERR,ERR,ERR,ERR,ERR,ERR,ERR,ERR,ERR,ERR,ERR,ERR,ERR,ERR,ERR,ERR,ERR,ERR,ERR,ERR,ERR,ERR,ERR,ERR,ERR,ERR,ERR,ERR,ERR,ERR,ERR,ERR,ERR,ERR,ERR,ERR,ERR,ERR,ERR,ERR,ERR,ERR,ERR,ERR,ERR,ERR,ERR,ERR,ERR,ERR,ERR,ERR,ERR,ERR,ERR,ERR,ERR,ERR,ERR,ERR,ERR,ERR,ERR,ERR,ERR,ERR,ERR,ERR,0.0,-2.7184527190102135e+23,-0.0,0.0,-0.062,0.0,2.513871031401378e+21,0.0,4300,0,8,17171,4300,0.0,41,0.0,0.0,0.0,0.0,-0.0,0,0,0,0,0.0,0,0,0,0,0,0,0,0,0,0,0,0,0,0,0,0,0,0,0,0,0,0,0,0,0,0,0,0,0,0,0,0,0,8,37,37,45,65476,392,65476,1,0,4,21553,0.0,0.0,0.0,0.0,0.0,0.0,0.0,0.0,0.0,0.0,0.0,0.0,0.0,0.0,0.0,0.0,0.0,0.0,0.0,0.0,0.0,2.004,2.004,0.0,0.0,-3.697075742657269e+19,0.0,0.0,0.0,0.0,6473.0,-2.004,0.0,-107615880.0,-2.7184527190102135e+23,0.0,-0.0,0.0,0.0,2.004,2.004,226,0.0,-71.63,0.0,0.0,0.0,0.0,0.0,0.0,0.0,0,0,0,4.768978176062976e+21,-3.5633546778034307e+19,0.0,-1.777978034882579e+32,0.0,-1.854,-0.0,-8.94494986796571e+35,-1.9054847891051066e+20,-6.554972974118642e+32,-730210.562,2.346808888319279e+18,0.0,0.001,0.0,4.689306454107095e+17,0,1.3516416376850534e+27,226,0.0,452,0.0,-0.0,2114,52429,17109,52429,17111,52429,17095,0,0,0,101,100,100,-0.0,65.9,-107615264.0,66.2,2.7302341356354147e+23,66.0,1,49,50,180,39322,52429,0,0,0.0,0.0,0.0,60.0,688311369728.0,71.0,0.0,-0.0,0.0,1068,0,1069,0,0,0,1069,0,1079,0,999,0,662,0,664,0,658,0,689,0.032,1.4536034330083127e+22,2.004,-107615304.0,144,16814,11494018252800.0,-0.0,-3.439407976329116e+26,-0.0,13648.397,-3.886144030961469e+31,50.0,60.0,35,0.0,0.0,10.0,2.0,0.0,0.0,0.0,0.0,0.0,0.0,0.0,0.0,0.0,0.0,0.0,0.0,59.2,49,14,65514,27,65476,0,300,0,0,8,20529,65476,0,0,30147,60.0,0.0,10.0,10.0,2.0,0.0
2026-02-16T12:44:47,ERR,ERR,ERR,ERR,ERR,ERR,ERR,ERR,ERR,ERR,ERR,ERR,ERR,ERR,ERR,ERR,ERR,ERR,ERR,ERR,ERR,ERR,ERR,ERR,ERR,ERR,ERR,ERR,ERR,ERR,ERR,ERR,ERR,ERR,ERR,ERR,ERR,ERR,ERR,ERR,ERR,ERR,ERR,ERR,ERR,ERR,ERR,ERR,ERR,ERR,ERR,ERR,ERR,ERR,ERR,ERR,ERR,ERR,ERR,ERR,ERR,ERR,ERR,ERR,ERR,ERR,ERR,ERR,ERR,ERR,ERR,ERR,ERR,ERR,ERR,ERR,ERR,ERR,ERR,ERR,ERR,ERR,ERR,ERR,ERR,ERR,ERR,ERR,ERR,ERR,ERR,ERR,ERR,ERR,ERR,ERR,ERR,ERR,ERR,ERR,ERR,ERR,ERR,ERR,ERR,ERR,ERR,ERR,ERR,ERR,ERR,ERR,ERR,ERR,ERR,ERR,ERR,ERR,ERR,ERR,ERR,ERR,ERR,ERR,ERR,-107615880.0,-2.7184527190102135e+23,nan,0.0,0.0,0.0,-0.0,2.062382847511234e+37,4300,0,8,17171,4300,0.0,41,0.0,0.0,0.0,0.0,-0.0,0,0,0,0,0.0,0,0,0,0,0,0,0,0,0,0,0,0,0,0,0,0,0,0,0,0,0,0,0,0,0,0,0,0,0,0,0,0,0,8,37,37,45,65476,389,65476,1,0,4,21553,0.0,2.718324816780796e+23,0.0,0.0,0.0,0.0,0.0,0.0,0.0,0.0,0.0,0.0,0.0,0.0,0.0,0.0,0.0,0.0,0.0,0.0,0.0,2.004,2.004,0.0,0.0,-3.697075742657269e+19,0.0,0.0,0.0,0.0,6505.0,131351.172,0.0,-107615880.0,-107616352.0,0.0,-0.0,0.0,0.0,2.004,2.004,226,-3.222002398308886e+26,0.0,0.0,0.0,0.0,0.0,0.0,0.0,0.0,0,0,0,6.741489240188478e+27,30233538560.0,0.0,0.0,0.0,0.0,-0.0,-99.637,-0.001,-7.214151286237321e+32,-783458.562,2.562981670433063e+18,0.0,0.002,0.0,-0.0,0,1.3516416376850534e+27,226,0.0,452,2.40156025918058e+36,-0.235,2114,52429,17109,52429,17111,52429,17095,0,0,0,101,100,100,-0.0,65.9,-107615264.0,66.2,2.7302341356354147e+23,66.0,1,49,50,180,39322,52429,0,0,0.0,0.0,0.0,60.0,688311369728.0,71.0,0.0,-0.0,0.0,1068,0,1069,0,0,0,1069,0,1079,0,999,0,662,0,664,0,658,0,689,0.032,1.4536034330083127e+22,2.004,-107615304.0,144,16814,11494018252800.0,-0.0,-3.439407976329116e+26,-0.0,13648.397,-3.886144030961469e+31,50.0,60.0,35,0.0,0.0,10.0,2.0,0.0,0.0,0.0,0.0,0.0,0.0,0.0,0.0,0.0,0.0,0.0,0.0,58.8,49,14,65514,27,65476,0,300,0,0,8,20529,65476,0,0,30147,60.0,0.0,10.0,10.0,2.0,0.0
2026-02-16T12:44:48,ERR,ERR,ERR,ERR,ERR,ERR,ERR,ERR,ERR,ERR,ERR,ERR,ERR,ERR,ERR,ERR,ERR,ERR,ERR,ERR,ERR,ERR,ERR,ERR,ERR,ERR,ERR,ERR,ERR,ERR,ERR,ERR,ERR,ERR,ERR,ERR,ERR,ERR,ERR,ERR,ERR,ERR,ERR,ERR,ERR,ERR,ERR,ERR,ERR,ERR,ERR,ERR,ERR,ERR,ERR,ERR,ERR,ERR,ERR,ERR,ERR,ERR,ERR,ERR,ERR,ERR,ERR,ERR,ERR,ERR,ERR,ERR,ERR,ERR,ERR,ERR,ERR,ERR,ERR,ERR,ERR,ERR,ERR,ERR,ERR,ERR,ERR,ERR,ERR,ERR,ERR,ERR,ERR,ERR,ERR,ERR,ERR,ERR,ERR,ERR,ERR,ERR,ERR,ERR,ERR,ERR,ERR,ERR,ERR,ERR,ERR,ERR,ERR,ERR,ERR,ERR,ERR,ERR,ERR,ERR,ERR,ERR,ERR,ERR,ERR,-107615880.0,-2.7184527190102135e+23,nan,0.0,0.0,0.0,-0.0,2.062382847511234e+37,4300,0,8,17171,4300,0.0,41,0.0,0.0,0.0,0.0,-0.0,0,0,0,0,0.0,0,0,0,0,0,0,0,0,0,0,0,0,0,0,0,0,0,0,0,0,0,0,0,0,0,0,0,0,0,0,0,0,0,8,37,37,45,65476,389,65476,1,0,4,21553,0.0,2.718324816780796e+23,0.0,0.0,0.0,0.0,0.0,0.0,0.0,0.0,0.0,0.0,0.0,0.0,0.0,0.0,0.0,0.0,0.0,0.0,0.0,2.004,2.004,0.0,0.0,-3.697075742657269e+19,0.0,0.0,0.0,0.0,6505.0,131351.172,0.0,-107615880.0,-107616352.0,0.0,-0.0,0.0,0.0,2.004,2.004,226,-3.222002398308886e+26,0.0,0.0,0.0,0.0,0.0,0.0,0.0,0.0,0,0,0,6.741489240188478e+27,30233538560.0,0.0,0.0,0.0,0.0,-0.0,-99.637,-0.001,-7.214151286237321e+32,-783458.562,2.562981670433063e+18,0.0,0.002,0.0,-0.0,0,1.3516416376850534e+27,226,0.0,452,2.40156025918058e+36,-0.235,2114,52429,17109,52429,17111,52429,17095,0,0,0,101,100,100,-0.0,65.9,-107615264.0,66.2,2.7302341356354147e+23,66.0,1,49,50,180,39322,52429,0,0,0.0,0.0,0.0,60.0,688311369728.0,71.0,0.0,-0.0,0.0,1068,0,1069,0,0,0,1069,0,1079,0,999,0,662,0,664,0,658,0,689,0.032,1.4536034330083127e+22,2.004,-107615304.0,144,16814,11494018252800.0,-0.0,-3.439407976329116e+26,-0.0,13648.397,-3.886144030961469e+31,50.0,60.0,35,0.0,0.0,10.0,2.0,0.0,0.0,0.0,0.0,0.0,0.0,0.0,0.0,0.0,0.0,0.0,0.0,58.8,49,15,65514,27,65476,0,300,0,0,8,20529,65476,0,0,30147,60.0,0.0,10.0,10.0,2.0,0.0
2026-02-16T12:44:49,ERR,ERR,ERR,ERR,ERR,ERR,ERR,ERR,ERR,ERR,ERR,ERR,ERR,ERR,ERR,ERR,ERR,ERR,ERR,ERR,ERR,ERR,ERR,ERR,ERR,ERR,ERR,ERR,ERR,ERR,ERR,ERR,ERR,ERR,ERR,ERR,ERR,ERR,ERR,ERR,ERR,ERR,ERR,ERR,ERR,ERR,ERR,ERR,ERR,ERR,ERR,ERR,ERR,ERR,ERR,ERR,ERR,ERR,ERR,ERR,ERR,ERR,ERR,ERR,ERR,ERR,ERR,ERR,ERR,ERR,ERR,ERR,ERR,ERR,ERR,ERR,ERR,ERR,ERR,ERR,ERR,ERR,ERR,ERR,ERR,ERR,ERR,ERR,ERR,ERR,ERR,ERR,ERR,ERR,ERR,ERR,ERR,ERR,ERR,ERR,ERR,ERR,ERR,ERR,ERR,ERR,ERR,ERR,ERR,ERR,ERR,ERR,ERR,ERR,ERR,ERR,ERR,ERR,ERR,ERR,ERR,ERR,ERR,ERR,ERR,-107615880.0,-2.7184527190102135e+23,nan,0.0,0.0,0.0,-0.0,2.062382847511234e+37,4300,0,8,17171,4300,0.0,41,0.0,0.0,0.0,0.0,-0.0,0,0,0,0,0.0,0,0,0,0,0,0,0,0,0,0,0,0,0,0,0,0,0,0,0,0,0,0,0,0,0,0,0,0,0,0,0,0,0,8,37,37,45,65476,389,65476,1,0,4,21553,0.0,2.718324816780796e+23,0.0,0.0,0.0,0.0,0.0,0.0,0.0,0.0,0.0,0.0,0.0,0.0,0.0,0.0,0.0,0.0,0.0,0.0,0.0,2.004,2.004,0.0,0.0,-3.697075742657269e+19,0.0,0.0,0.0,0.0,6505.0,131351.172,0.0,-107615880.0,-107616352.0,0.0,-0.0,0.0,0.0,2.004,2.004,226,-3.222002398308886e+26,0.0,0.0,0.0,0.0,0.0,0.0,0.0,0.0,0,0,0,6.741489240188478e+27,30233538560.0,0.0,0.0,0.0,0.0,-0.0,-99.637,-0.001,-7.214151286237321e+32,-783458.562,2.562981670433063e+18,0.0,0.002,0.0,-0.0,0,1.3516416376850534e+27,226,0.0,452,2.40156025918058e+36,-0.235,2114,52429,17109,52429,17111,52429,17095,0,0,0,101,100,100,-0.0,65.9,-107615264.0,66.2,2.7302341356354147e+23,66.0,1,49,50,180,39322,52429,0,0,0.0,0.0,0.0,60.0,688311369728.0,71.0,0.0,-0.0,0.0,1068,0,1069,0,0,0,1069,0,1079,0,999,0,662,0,664,0,658,0,689,0.032,1.4536034330083127e+22,2.004,-107615304.0,144,16814,11494018252800.0,-0.0,-3.439407976329116e+26,-0.0,13648.397,-3.886144030961469e+31,50.0,60.0,35,0.0,0.0,10.0,2.0,0.0,0.0,0.0,0.0,0.0,0.0,0.0,0.0,0.0,0.0,0.0,0.0,58.8,49,15,65514,27,65476,0,300,0,0,8,20529,65476,0,0,30147,60.0,0.0,10.0,10.0,2.0,0.0
2026-02-16T12:44:50,ERR,ERR,ERR,ERR,ERR,ERR,ERR,ERR,ERR,ERR,ERR,ERR,ERR,ERR,ERR,ERR,ERR,ERR,ERR,ERR,ERR,ERR,ERR,ERR,ERR,ERR,ERR,ERR,ERR,ERR,ERR,ERR,ERR,ERR,ERR,ERR,ERR,ERR,ERR,ERR,ERR,ERR,ERR,ERR,ERR,ERR,ERR,ERR,ERR,ERR,ERR,ERR,ERR,ERR,ERR,ERR,ERR,ERR,ERR,ERR,ERR,ERR,ERR,ERR,ERR,ERR,ERR,ERR,ERR,ERR,ERR,ERR,ERR,ERR,ERR,ERR,ERR,ERR,ERR,ERR,ERR,ERR,ERR,ERR,ERR,ERR,ERR,ERR,ERR,ERR,ERR,ERR,ERR,ERR,ERR,ERR,ERR,ERR,ERR,ERR,ERR,ERR,ERR,ERR,ERR,ERR,ERR,ERR,ERR,ERR,ERR,ERR,ERR,ERR,ERR,ERR,ERR,ERR,ERR,ERR,ERR,ERR,ERR,ERR,ERR,-107615880.0,-2.7184527190102135e+23,nan,0.0,0.0,0.0,-0.0,2.062382847511234e+37,4300,0,8,17171,4300,0.0,41,0.0,0.0,0.0,0.0,-0.0,0,0,0,0,0.0,0,0,0,0,0,0,0,0,0,0,0,0,0,0,0,0,0,0,0,0,0,0,0,0,0,0,0,0,0,0,0,0,0,8,37,37,45,65476,389,65476,1,0,4,21553,0.0,2.718324816780796e+23,0.0,0.0,0.0,0.0,0.0,0.0,0.0,0.0,0.0,0.0,0.0,0.0,0.0,0.0,0.0,0.0,0.0,0.0,0.0,2.004,2.004,0.0,0.0,-3.697075742657269e+19,0.0,0.0,0.0,0.0,6505.0,131351.172,0.0,-107615880.0,-107616352.0,0.0,-0.0,0.0,0.0,2.004,2.004,226,-3.222002398308886e+26,0.0,0.0,0.0,0.0,0.0,0.0,0.0,0.0,0,0,0,6.741489240188478e+27,30233538560.0,0.0,0.0,0.0,0.0,-0.0,-99.637,-0.001,-7.214151286237321e+32,-783458.562,2.562981670433063e+18,0.0,0.002,0.0,-0.0,0,1.3516416376850534e+27,226,0.0,452,2.40156025918058e+36,-0.235,2114,52429,17109,52429,17111,52429,17095,0,0,0,101,100,100,-0.0,65.9,-107615264.0,66.2,2.7302341356354147e+23,66.0,1,49,50,180,39322,52429,0,0,0.0,0.0,0.0,60.0,0.603,71.0,0.0,5.5902119221683814e+17,0.0,1068,0,1069,0,0,0,1069,0,1079,0,999,0,662,0,664,0,658,0,688,0.032,1.4609821306377965e+22,0.0,-0.0,56208,16813,0.603,5.5902119221683814e+17,-0.0,-0.0,-1003881362358272.0,-0.0,50.0,60.0,35,0.0,0.0,10.0,2.0,0.0,0.0,0.0,0.0,0.0,0.0,0.0,0.0,0.0,0.0,0.0,0.0,58.8,49,15,65514,27,65476,0,300,0,0,8,20529,65476,0,0,30147,60.0,0.0,10.0,10.0,2.0,0.0
2026-02-16T12:44:51,ERR,ERR,ERR,ERR,ERR,ERR,ERR,ERR,ERR,ERR,ERR,ERR,ERR,ERR,ERR,ERR,ERR,ERR,ERR,ERR,ERR,ERR,ERR,ERR,ERR,ERR,ERR,ERR,ERR,ERR,ERR,ERR,ERR,ERR,ERR,ERR,ERR,ERR,ERR,ERR,ERR,ERR,ERR,ERR,ERR,ERR,ERR,ERR,ERR,ERR,ERR,ERR,ERR,ERR,ERR,ERR,ERR,ERR,ERR,ERR,ERR,ERR,ERR,ERR,ERR,ERR,ERR,ERR,ERR,ERR,ERR,ERR,ERR,ERR,ERR,ERR,ERR,ERR,ERR,ERR,ERR,ERR,ERR,ERR,ERR,ERR,ERR,ERR,ERR,ERR,ERR,ERR,ERR,ERR,ERR,ERR,ERR,ERR,ERR,ERR,ERR,ERR,ERR,ERR,ERR,ERR,ERR,ERR,ERR,ERR,ERR,ERR,ERR,ERR,ERR,ERR,ERR,ERR,ERR,ERR,ERR,ERR,ERR,ERR,ERR,-107615880.0,-2.7184527190102135e+23,nan,0.0,0.0,0.0,-0.0,2.062382847511234e+37,4300,0,8,17171,4300,0.0,41,0.0,0.0,0.0,0.0,-0.0,0,0,0,0,0.0,0,0,0,0,0,0,0,0,0,0,0,0,0,0,0,0,0,0,0,0,0,0,0,0,0,0,0,0,0,0,0,0,0,8,37,37,45,65476,389,65476,1,0,4,21553,0.0,2.718324816780796e+23,0.0,0.0,0.0,0.0,0.0,0.0,0.0,0.0,0.0,0.0,0.0,0.0,0.0,0.0,0.0,0.0,0.0,0.0,0.0,2.004,2.004,0.0,0.0,-3.697075742657269e+19,0.0,0.0,0.0,0.0,6505.0,131351.172,0.0,-107615880.0,-107616352.0,0.0,-0.0,0.0,0.0,2.004,2.004,226,-3.222002398308886e+26,0.0,0.0,0.0,0.0,0.0,0.0,0.0,0.0,0,0,0,6.741489240188478e+27,30233538560.0,0.0,0.0,0.0,0.0,-0.0,-99.637,-0.001,-7.214151286237321e+32,-783458.562,2.562981670433063e+18,0.0,0.002,0.0,-0.0,0,1.3516416376850534e+27,226,0.0,452,2.40156025918058e+36,-0.235,2114,52429,17109,52429,17111,52429,17095,0,0,0,101,100,100,-0.0,65.9,-107615264.0,66.2,2.7302341356354147e+23,66.0,1,49,50,180,39322,52429,0,0,0.0,0.0,0.0,60.0,0.603,71.0,0.0,5.5902119221683814e+17,0.0,1068,0,1069,0,0,0,1069,0,1079,0,999,0,662,0,664,0,658,0,688,0.032,1.4609821306377965e+22,0.0,-0.0,56208,16813,0.603,5.5902119221683814e+17,-0.0,-0.0,-1003881362358272.0,-0.0,50.0,60.0,35,0.0,0.0,10.0,2.0,0.0,0.0,0.0,0.0,0.0,0.0,0.0,0.0,0.0,0.0,0.0,0.0,58.8,49,15,65514,27,65476,0,300,0,0,8,20529,65476,0,0,30147,60.0,0.0,10.0,10.0,2.0,0.0
2026-02-16T12:44:52,ERR,ERR,ERR,ERR,ERR,ERR,ERR,ERR,ERR,ERR,ERR,ERR,ERR,ERR,ERR,ERR,ERR,ERR,ERR,ERR,ERR,ERR,ERR,ERR,ERR,ERR,ERR,ERR,ERR,ERR,ERR,ERR,ERR,ERR,ERR,ERR,ERR,ERR,ERR,ERR,ERR,ERR,ERR,ERR,ERR,ERR,ERR,ERR,ERR,ERR,ERR,ERR,ERR,ERR,ERR,ERR,ERR,ERR,ERR,ERR,ERR,ERR,ERR,ERR,ERR,ERR,ERR,ERR,ERR,ERR,ERR,ERR,ERR,ERR,ERR,ERR,ERR,ERR,ERR,ERR,ERR,ERR,ERR,ERR,ERR,ERR,ERR,ERR,ERR,ERR,ERR,ERR,ERR,ERR,ERR,ERR,ERR,ERR,ERR,ERR,ERR,ERR,ERR,ERR,ERR,ERR,ERR,ERR,ERR,ERR,ERR,ERR,ERR,ERR,ERR,ERR,ERR,ERR,ERR,ERR,ERR,ERR,ERR,ERR,ERR,-107615880.0,-107616352.0,-0.0,0.0,-0.063,0.0,3.027046638791038e+20,0.0,4300,0,8,17171,4300,0.0,41,0.0,0.0,0.0,0.0,-0.0,0,0,0,0,0.0,0,0,0,0,0,0,0,0,0,0,0,0,0,0,0,0,0,0,0,0,0,0,0,0,0,0,0,0,0,0,0,0,0,8,37,37,45,65476,388,65476,1,0,4,21553,0.0,-107610720.0,0.0,0.0,0.0,0.0,0.0,0.0,0.0,0.0,0.0,0.0,0.0,0.0,0.0,0.0,0.0,0.0,0.0,0.0,0.0,2.004,0.0,0.0,0.0,-3.697075742657269e+19,0.0,0.0,0.0,0.0,6538.0,0.0,0.0,-107615880.0,-107616352.0,0.0,-0.0,0.0,0.0,2.004,2.004,226,0.0,-0.0,0.0,0.0,0.0,0.0,0.0,0.0,0.0,0,0,0,2.8175234823345104e+32,-542144896.0,0.0,-0.0,0.0,0.0,-0.0,-0.0,8.517,-7.822623574346872e+32,-832610.562,2.7971688510563287e+18,0.0,0.002,0.0,0.0,0,1.3516416376850534e+27,227,0.0,454,0.0,-0.0,2114,52429,17109,52429,17111,52429,17095,0,0,0,101,100,100,-0.0,65.9,-107615264.0,66.2,2.7302341356354147e+23,66.0,1,49,50,180,39322,52429,0,0,0.0,0.0,0.0,60.0,0.603,71.0,0.0,5.5902119221683814e+17,0.0,1068,0,1069,0,0,0,1069,0,1079,0,999,0,662,0,664,0,658,0,688,0.032,1.4609821306377965e+22,0.0,-0.0,56208,16813,0.603,5.5902119221683814e+17,-0.0,-0.0,-1003881362358272.0,-0.0,50.0,60.0,35,0.0,0.0,10.0,2.0,0.0,0.0,0.0,0.0,0.0,0.0,0.0,0.0,0.0,0.0,0.0,0.0,59.2,49,15,65514,27,65476,0,300,0,0,8,20529,65476,0,0,30147,60.0,0.0,10.0,10.0,2.0,0.0
2026-02-16T12:44:53,ERR,ERR,ERR,ERR,ERR,ERR,ERR,ERR,ERR,ERR,ERR,ERR,ERR,ERR,ERR,ERR,ERR,ERR,ERR,ERR,ERR,ERR,ERR,ERR,ERR,ERR,ERR,ERR,ERR,ERR,ERR,ERR,ERR,ERR,ERR,ERR,ERR,ERR,ERR,ERR,ERR,ERR,ERR,ERR,ERR,ERR,ERR,ERR,ERR,ERR,ERR,ERR,ERR,ERR,ERR,ERR,ERR,ERR,ERR,ERR,ERR,ERR,ERR,ERR,ERR,ERR,ERR,ERR,ERR,ERR,ERR,ERR,ERR,ERR,ERR,ERR,ERR,ERR,ERR,ERR,ERR,ERR,ERR,ERR,ERR,ERR,ERR,ERR,ERR,ERR,ERR,ERR,ERR,ERR,ERR,ERR,ERR,ERR,ERR,ERR,ERR,ERR,ERR,ERR,ERR,ERR,ERR,ERR,ERR,ERR,ERR,ERR,ERR,ERR,ERR,ERR,ERR,ERR,ERR,ERR,ERR,ERR,ERR,ERR,ERR,-107615880.0,-107616352.0,-0.0,0.0,-0.063,0.0,3.027046638791038e+20,0.0,4300,0,8,17171,4300,0.0,41,0.0,0.0,0.0,0.0,-0.0,0,0,0,0,0.0,0,0,0,0,0,0,0,0,0,0,0,0,0,0,0,0,0,0,0,0,0,0,0,0,0,0,0,0,0,0,0,0,0,8,37,37,45,65476,388,65476,1,0,4,21553,0.0,-107610720.0,0.0,0.0,0.0,0.0,0.0,0.0,0.0,0.0,0.0,0.0,0.0,0.0,0.0,0.0,0.0,0.0,0.0,0.0,0.0,2.004,0.0,0.0,0.0,-3.697075742657269e+19,0.0,0.0,0.0,0.0,6538.0,0.0,0.0,-107615880.0,-107616352.0,0.0,-0.0,0.0,0.0,2.004,2.004,226,0.0,-0.0,0.0,0.0,0.0,0.0,0.0,0.0,0.0,0,0,0,2.8175234823345104e+32,-542144896.0,0.0,-0.0,0.0,0.0,-0.0,-0.0,8.517,-7.822623574346872e+32,-832610.562,2.7971688510563287e+18,0.0,0.002,0.0,0.0,0,1.3516416376850534e+27,227,0.0,454,0.0,-0.0,2114,52429,17109,52429,17111,52429,17095,0,0,0,101,100,100,-0.0,65.9,-107615264.0,66.2,2.7302341356354147e+23,66.0,1,49,50,180,39322,52429,0,0,0.0,0.0,0.0,60.0,114821.109,71.0,0.0,0.0,0.0,1068,0,1069,0,0,0,1069,0,1079,0,999,0,662,0,664,0,658,0,687,0.032,1.4536034330083127e+22,0.0,-0.0,8080,16814,199995129856.0,0.0,5.227,-3.229001309183234e+23,-0.0,0.003,50.0,60.0,35,0.0,0.0,10.0,2.0,0.0,0.0,0.0,0.0,0.0,0.0,0.0,0.0,0.0,0.0,0.0,0.0,58.8,48,15,65514,27,65476,0,300,0,0,8,20529,65476,0,0,30147,60.0,0.0,10.0,10.0,2.0,0.0
2026-02-16T12:44:54,ERR,ERR,ERR,ERR,ERR,ERR,ERR,ERR,ERR,ERR,ERR,ERR,ERR,ERR,ERR,ERR,ERR,ERR,ERR,ERR,ERR,ERR,ERR,ERR,ERR,ERR,ERR,ERR,ERR,ERR,ERR,ERR,ERR,ERR,ERR,ERR,ERR,ERR,ERR,ERR,ERR,ERR,ERR,ERR,ERR,ERR,ERR,ERR,ERR,ERR,ERR,ERR,ERR,ERR,ERR,ERR,ERR,ERR,ERR,ERR,ERR,ERR,ERR,ERR,ERR,ERR,ERR,ERR,ERR,ERR,ERR,ERR,ERR,ERR,ERR,ERR,ERR,ERR,ERR,ERR,ERR,ERR,ERR,ERR,ERR,ERR,ERR,ERR,ERR,ERR,ERR,ERR,ERR,ERR,ERR,ERR,ERR,ERR,ERR,ERR,ERR,ERR,ERR,ERR,ERR,ERR,ERR,ERR,ERR,ERR,ERR,ERR,ERR,ERR,ERR,ERR,ERR,ERR,ERR,ERR,ERR,ERR,ERR,ERR,ERR,-107615880.0,-107616352.0,-0.0,0.0,-0.063,0.0,3.027046638791038e+20,0.0,4300,0,8,17171,4300,0.0,41,0.0,0.0,0.0,0.0,-0.0,0,0,0,0,0.0,0,0,0,0,0,0,0,0,0,0,0,0,0,0,0,0,0,0,0,0,0,0,0,0,0,0,0,0,0,0,0,0,0,8,37,37,45,65476,388,65476,1,0,4,21553,0.0,-107610720.0,0.0,0.0,0.0,0.0,0.0,0.0,0.0,0.0,0.0,0.0,0.0,0.0,0.0,0.0,0.0,0.0,0.0,0.0,0.0,2.004,0.0,0.0,0.0,-3.697075742657269e+19,0.0,0.0,0.0,0.0,6538.0,0.0,0.0,-107615880.0,-107616352.0,0.0,-0.0,0.0,0.0,2.004,2.004,226,0.0,-0.0,0.0,0.0,0.0,0.0,0.0,0.0,0.0,0,0,0,2.8175234823345104e+32,-542144896.0,0.0,-0.0,0.0,0.0,-0.0,-0.0,8.517,-7.822623574346872e+32,-832610.562,2.7971688510563287e+18,0.0,0.002,0.0,0.0,0,1.3516416376850534e+27,227,0.0,454,0.0,-0.0,2114,52429,17109,52429,17111,52429,17095,0,0,0,101,100,100,-0.0,65.9,-107615264.0,66.2,2.7302341356354147e+23,66.0,1,49,50,180,39322,52429,0,0,0.0,0.0,0.0,60.0,114821.109,71.0,0.0,0.0,0.0,1068,0,1069,0,0,0,1069,0,1079,0,999,0,662,0,664,0,658,0,687,0.032,1.4536034330083127e+22,0.0,-0.0,8080,16814,199995129856.0,0.0,5.227,-3.229001309183234e+23,-0.0,0.003,50.0,60.0,35,0.0,0.0,10.0,2.0,0.0,0.0,0.0,0.0,0.0,0.0,0.0,0.0,0.0,0.0,0.0,0.0,58.8,48,15,65514,27,65476,0,300,0,0,8,20529,65476,0,0,30147,60.0,0.0,10.0,10.0,2.0,0.0
2026-02-16T12:44:55,ERR,ERR,ERR,ERR,ERR,ERR,ERR,ERR,ERR,ERR,ERR,ERR,ERR,ERR,ERR,ERR,ERR,ERR,ERR,ERR,ERR,ERR,ERR,ERR,ERR,ERR,ERR,ERR,ERR,ERR,ERR,ERR,ERR,ERR,ERR,ERR,ERR,ERR,ERR,ERR,ERR,ERR,ERR,ERR,ERR,ERR,ERR,ERR,ERR,ERR,ERR,ERR,ERR,ERR,ERR,ERR,ERR,ERR,ERR,ERR,ERR,ERR,ERR,ERR,ERR,ERR,ERR,ERR,ERR,ERR,ERR,ERR,ERR,ERR,ERR,ERR,ERR,ERR,ERR,ERR,ERR,ERR,ERR,ERR,ERR,ERR,ERR,ERR,ERR,ERR,ERR,ERR,ERR,ERR,ERR,ERR,ERR,ERR,ERR,ERR,ERR,ERR,ERR,ERR,ERR,ERR,ERR,ERR,ERR,ERR,ERR,ERR,ERR,ERR,ERR,ERR,ERR,ERR,ERR,ERR,ERR,ERR,ERR,ERR,ERR,-107615880.0,-107616352.0,-0.0,0.0,-0.063,0.0,3.027046638791038e+20,0.0,4300,0,8,17171,4300,0.0,41,0.0,0.0,0.0,0.0,-0.0,0,0,0,0,0.0,0,0,0,0,0,0,0,0,0,0,0,0,0,0,0,0,0,0,0,0,0,0,0,0,0,0,0,0,0,0,0,0,0,8,37,37,45,65476,388,65476,1,0,4,21553,0.0,-107610720.0,0.0,0.0,0.0,0.0,0.0,0.0,0.0,0.0,0.0,0.0,0.0,0.0,0.0,0.0,0.0,0.0,0.0,0.0,0.0,2.004,0.0,0.0,0.0,-3.697075742657269e+19,0.0,0.0,0.0,0.0,6538.0,0.0,0.0,-107615880.0,-107616352.0,0.0,-0.0,0.0,0.0,2.004,2.004,226,0.0,-0.0,0.0,0.0,0.0,0.0,0.0,0.0,0.0,0,0,0,2.8175234823345104e+32,-542144896.0,0.0,-0.0,0.0,0.0,-0.0,-0.0,8.517,-7.822623574346872e+32,-832610.562,2.7971688510563287e+18,0.0,0.002,0.0,0.0,0,1.3516416376850534e+27,227,0.0,454,0.0,-0.0,2114,52429,17109,52429,17111,52429,17095,0,0,0,101,100,100,-0.0,65.9,-107615264.0,66.2,2.7302341356354147e+23,66.0,1,49,50,180,39322,52429,0,0,0.0,0.0,0.0,60.0,114821.109,71.0,0.0,0.0,0.0,1068,0,1069,0,0,0,1069,0,1079,0,999,0,662,0,664,0,658,0,687,0.032,1.4536034330083127e+22,0.0,-0.0,8080,16814,199995129856.0,0.0,5.227,-3.229001309183234e+23,-0.0,0.003,50.0,60.0,35,0.0,0.0,10.0,2.0,0.0,0.0,0.0,0.0,0.0,0.0,0.0,0.0,0.0,0.0,0.0,0.0,58.8,48,15,65514,27,65476,0,300,0,0,8,20529,65476,0,0,30147,60.0,0.0,10.0,10.0,2.0,0.0
2026-02-16T12:44:56,ERR,ERR,ERR,ERR,ERR,ERR,ERR,ERR,ERR,ERR,ERR,ERR,ERR,ERR,ERR,ERR,ERR,ERR,ERR,ERR,ERR,ERR,ERR,ERR,ERR,ERR,ERR,ERR,ERR,ERR,ERR,ERR,ERR,ERR,ERR,ERR,ERR,ERR,ERR,ERR,ERR,ERR,ERR,ERR,ERR,ERR,ERR,ERR,ERR,ERR,ERR,ERR,ERR,ERR,ERR,ERR,ERR,ERR,ERR,ERR,ERR,ERR,ERR,ERR,ERR,ERR,ERR,ERR,ERR,ERR,ERR,ERR,ERR,ERR,ERR,ERR,ERR,ERR,ERR,ERR,ERR,ERR,ERR,ERR,ERR,ERR,ERR,ERR,ERR,ERR,ERR,ERR,ERR,ERR,ERR,ERR,ERR,ERR,ERR,ERR,ERR,ERR,ERR,ERR,ERR,ERR,ERR,ERR,ERR,ERR,ERR,ERR,ERR,ERR,ERR,ERR,ERR,ERR,ERR,ERR,ERR,ERR,ERR,ERR,ERR,-107615880.0,-107616352.0,-0.0,0.0,-0.063,0.0,3.027046638791038e+20,0.0,4300,0,8,17171,4300,0.0,41,0.0,0.0,0.0,0.0,-0.0,0,0,0,0,0.0,0,0,0,0,0,0,0,0,0,0,0,0,0,0,0,0,0,0,0,0,0,0,0,0,0,0,0,0,0,0,0,0,0,8,37,37,45,65476,388,65476,1,0,4,21553,0.0,-107610720.0,0.0,0.0,0.0,0.0,0.0,0.0,0.0,0.0,0.0,0.0,0.0,0.0,0.0,0.0,0.0,0.0,0.0,0.0,0.0,2.004,0.0,0.0,0.0,-3.697075742657269e+19,0.0,0.0,0.0,0.0,6538.0,0.0,0.0,-107615880.0,-107616352.0,0.0,-0.0,0.0,0.0,2.004,2.004,226,0.0,-0.0,0.0,0.0,0.0,0.0,0.0,0.0,0.0,0,0,0,2.8175234823345104e+32,-542144896.0,0.0,-0.0,0.0,0.0,-0.0,-0.0,8.517,-7.822623574346872e+32,-832610.562,2.7971688510563287e+18,0.0,0.002,0.0,0.0,0,1.3516416376850534e+27,227,0.0,454,0.0,-0.0,2114,52429,17109,52429,17111,52429,17095,0,0,0,101,100,100,-0.0,65.9,-107615264.0,66.2,2.7302341356354147e+23,66.0,1,49,50,180,39322,52429,0,0,0.0,0.0,0.0,60.0,8.313024259802289e+20,71.0,0.0,-0.0,0.0,1068,0,1069,0,0,0,1069,0,1079,0,999,0,662,0,664,0,659,0,686,0.032,1.4536034330083127e+22,-0.0,0.0,63376,16813,12097042432.0,-0.0,-5.155962823205786e+36,-0.0,1021473615511552.0,0.0,50.0,60.0,35,0.0,0.0,10.0,2.0,0.0,0.0,0.0,0.0,0.0,0.0,0.0,0.0,0.0,0.0,0.0,0.0,58.8,48,15,65514,27,65476,0,300,0,0,8,20529,65476,0,0,30147,60.0,0.0,10.0,10.0,2.0,0.0
2026-02-16T12:44:57,ERR,ERR,ERR,ERR,ERR,ERR,ERR,ERR,ERR,ERR,ERR,ERR,ERR,ERR,ERR,ERR,ERR,ERR,ERR,ERR,ERR,ERR,ERR,ERR,ERR,ERR,ERR,ERR,ERR,ERR,ERR,ERR,ERR,ERR,ERR,ERR,ERR,ERR,ERR,ERR,ERR,ERR,ERR,ERR,ERR,ERR,ERR,ERR,ERR,ERR,ERR,ERR,ERR,ERR,ERR,ERR,ERR,ERR,ERR,ERR,ERR,ERR,ERR,ERR,ERR,ERR,ERR,ERR,ERR,ERR,ERR,ERR,ERR,ERR,ERR,ERR,ERR,ERR,ERR,ERR,ERR,ERR,ERR,ERR,ERR,ERR,ERR,ERR,ERR,ERR,ERR,ERR,ERR,ERR,ERR,ERR,ERR,ERR,ERR,ERR,ERR,ERR,ERR,ERR,ERR,ERR,ERR,ERR,ERR,ERR,ERR,ERR,ERR,ERR,ERR,ERR,ERR,ERR,ERR,ERR,ERR,ERR,ERR,ERR,ERR,-107615880.0,-107616352.0,-0.0,0.0,-0.063,-7.897706524290832e+20,0.0,1.0009975334109184e+16,4300,0,8,17171,4300,0.0,41,0.0,0.0,0.0,0.0,-0.0,0,0,0,0,0.0,0,0,0,0,0,0,0,0,0,0,0,0,0,0,0,0,0,0,0,0,0,0,0,0,0,0,0,0,0,0,0,0,0,8,37,37,45,65476,385,65476,1,0,4,21553,0.0,-107610720.0,0.0,0.0,0.0,0.0,0.0,0.0,0.0,0.0,0.0,0.0,0.0,0.0,0.0,0.0,0.0,0.0,0.0,0.0,0.0,2.004,0.0,0.0,0.0,0.0,0.0,0.0,0.0,0.0,6537.0,1.5879384200579233e+29,0.0,-107615880.0,-107616352.0,0.0,-0.0,0.0,0.0,2.004,2.004,228,0.0,-152018253512704.0,0.0,0.0,0.0,0.0,0.0,0.0,0.0,0,0,0,-0.0,-1.31665157682488e+25,0.0,0.0,0.0,-1.3442322125253613e+38,-0.0,0.0,-60548582473728.0,-8.431095862456422e+32,-885858.562,3.0313560316795945e+18,0.0,0.002,0.0,0.0,0,1.3516416376850534e+27,227,0.0,454,-621855232.0,-2.2165387396652623e+20,2114,52429,17109,52429,17111,52429,17095,0,0,0,101,100,100,-0.0,65.9,-107615264.0,66.2,2.7302341356354147e+23,66.0,1,49,50,180,39322,52429,0,0,0.0,0.0,0.0,60.0,8.313024259802289e+20,71.0,0.0,-0.0,0.0,1068,0,1069,0,0,0,1069,0,1079,0,999,0,662,0,664,0,659,0,686,0.032,1.4536034330083127e+22,-0.0,0.0,63376,16813,12097042432.0,-0.0,-5.155962823205786e+36,-0.0,1021473615511552.0,0.0,50.0,60.0,35,0.0,0.0,10.0,2.0,0.0,0.0,0.0,0.0,0.0,0.0,0.0,0.0,0.0,0.0,0.0,0.0,59.2,48,15,65514,27,65476,0,300,0,0,8,20529,65476,0,0,30147,60.0,0.0,10.0,10.0,2.0,0.0
2026-02-16T12:44:58,ERR,ERR,ERR,ERR,ERR,ERR,ERR,ERR,ERR,ERR,ERR,ERR,ERR,ERR,ERR,ERR,ERR,ERR,ERR,ERR,ERR,ERR,ERR,ERR,ERR,ERR,ERR,ERR,ERR,ERR,ERR,ERR,ERR,ERR,ERR,ERR,ERR,ERR,ERR,ERR,ERR,ERR,ERR,ERR,ERR,ERR,ERR,ERR,ERR,ERR,ERR,ERR,ERR,ERR,ERR,ERR,ERR,ERR,ERR,ERR,ERR,ERR,ERR,ERR,ERR,ERR,ERR,ERR,ERR,ERR,ERR,ERR,ERR,ERR,ERR,ERR,ERR,ERR,ERR,ERR,ERR,ERR,ERR,ERR,ERR,ERR,ERR,ERR,ERR,ERR,ERR,ERR,ERR,ERR,ERR,ERR,ERR,ERR,ERR,ERR,ERR,ERR,ERR,ERR,ERR,ERR,ERR,ERR,ERR,ERR,ERR,ERR,ERR,ERR,ERR,ERR,ERR,ERR,ERR,ERR,ERR,ERR,ERR,ERR,ERR,-107615880.0,-107616352.0,-0.0,0.0,-0.063,-7.897706524290832e+20,0.0,1.0009975334109184e+16,4300,0,8,17171,4300,0.0,41,0.0,0.0,0.0,0.0,-0.0,0,0,0,0,0.0,0,0,0,0,0,0,0,0,0,0,0,0,0,0,0,0,0,0,0,0,0,0,0,0,0,0,0,0,0,0,0,0,0,8,37,37,45,65476,385,65476,1,0,4,21553,0.0,-107610720.0,0.0,0.0,0.0,0.0,0.0,0.0,0.0,0.0,0.0,0.0,0.0,0.0,0.0,0.0,0.0,0.0,0.0,0.0,0.0,2.004,0.0,0.0,0.0,0.0,0.0,0.0,0.0,0.0,6537.0,1.5879384200579233e+29,0.0,-107615880.0,-107616352.0,0.0,-0.0,0.0,0.0,2.004,2.004,228,0.0,-152018253512704.0,0.0,0.0,0.0,0.0,0.0,0.0,0.0,0,0,0,-0.0,-1.31665157682488e+25,0.0,0.0,0.0,-1.3442322125253613e+38,-0.0,0.0,-60548582473728.0,-8.431095862456422e+32,-885858.562,3.0313560316795945e+18,0.0,0.002,0.0,0.0,0,1.3516416376850534e+27,227,0.0,454,-621855232.0,-2.2165387396652623e+20,2114,52429,17109,52429,17111,52429,17095,0,0,0,101,100,100,-0.0,65.9,-107615264.0,66.2,2.7302341356354147e+23,66.0,1,49,50,180,39322,52429,0,0,0.0,0.0,0.0,60.0,8.313024259802289e+20,71.0,0.0,-0.0,0.0,1068,0,1069,0,0,0,1069,0,1079,0,999,0,662,0,664,0,659,0,686,0.032,1.4536034330083127e+22,-0.0,0.0,63376,16813,12097042432.0,-0.0,-5.155962823205786e+36,-0.0,1021473615511552.0,0.0,50.0,60.0,35,0.0,0.0,10.0,2.0,0.0,0.0,0.0,0.0,0.0,0.0,0.0,0.0,0.0,0.0,0.0,0.0,59.2,48,15,65514,27,65476,0,300,0,0,8,20529,65476,0,0,30147,60.0,0.0,10.0,10.0,2.0,0.0
2026-02-16T12:44:59,ERR,ERR,ERR,ERR,ERR,ERR,ERR,ERR,ERR,ERR,ERR,ERR,ERR,ERR,ERR,ERR,ERR,ERR,ERR,ERR,ERR,ERR,ERR,ERR,ERR,ERR,ERR,ERR,ERR,ERR,ERR,ERR,ERR,ERR,ERR,ERR,ERR,ERR,ERR,ERR,ERR,ERR,ERR,ERR,ERR,ERR,ERR,ERR,ERR,ERR,ERR,ERR,ERR,ERR,ERR,ERR,ERR,ERR,ERR,ERR,ERR,ERR,ERR,ERR,ERR,ERR,ERR,ERR,ERR,ERR,ERR,ERR,ERR,ERR,ERR,ERR,ERR,ERR,ERR,ERR,ERR,ERR,ERR,ERR,ERR,ERR,ERR,ERR,ERR,ERR,ERR,ERR,ERR,ERR,ERR,ERR,ERR,ERR,ERR,ERR,ERR,ERR,ERR,ERR,ERR,ERR,ERR,ERR,ERR,ERR,ERR,ERR,ERR,ERR,ERR,ERR,ERR,ERR,ERR,ERR,ERR,ERR,ERR,ERR,ERR,-107615880.0,-107616352.0,-0.0,0.0,-0.063,-7.897706524290832e+20,0.0,1.0009975334109184e+16,4300,0,8,17171,4300,0.0,41,0.0,0.0,0.0,0.0,-0.0,0,0,0,0,0.0,0,0,0,0,0,0,0,0,0,0,0,0,0,0,0,0,0,0,0,0,0,0,0,0,0,0,0,0,0,0,0,0,0,8,37,37,45,65476,385,65476,1,0,4,21553,0.0,-107610720.0,0.0,0.0,0.0,0.0,0.0,0.0,0.0,0.0,0.0,0.0,0.0,0.0,0.0,0.0,0.0,0.0,0.0,0.0,0.0,2.004,0.0,0.0,0.0,0.0,0.0,0.0,0.0,0.0,6537.0,1.5879384200579233e+29,0.0,-107615880.0,-107616352.0,0.0,-0.0,0.0,0.0,2.004,2.004,228,0.0,-152018253512704.0,0.0,0.0,0.0,0.0,0.0,0.0,0.0,0,0,0,-0.0,-1.31665157682488e+25,0.0,0.0,0.0,-1.3442322125253613e+38,-0.0,0.0,-60548582473728.0,-8.431095862456422e+32,-885858.562,3.0313560316795945e+18,0.0,0.002,0.0,0.0,0,1.3516416376850534e+27,227,0.0,454,-621855232.0,-2.2165387396652623e+20,2114,52429,17109,52429,17111,52429,17095,0,0,0,101,100,100,-0.0,65.9,-107615264.0,66.2,2.7302341356354147e+23,66.0,1,49,50,180,39322,52429,0,0,0.0,0.0,0.0,60.0,8.313024259802289e+20,71.0,0.0,-0.0,0.0,1068,0,1069,0,0,0,1069,0,1079,0,999,0,662,0,664,0,659,0,686,0.032,1.4536034330083127e+22,-0.0,0.0,63376,16813,12097042432.0,-0.0,-5.155962823205786e+36,-0.0,1021473615511552.0,0.0,50.0,60.0,35,0.0,0.0,10.0,2.0,0.0,0.0,0.0,0.0,0.0,0.0,0.0,0.0,0.0,0.0,0.0,0.0,59.2,48,15,65514,27,65476,0,300,0,0,8,20529,65476,0,0,30147,60.0,0.0,10.0,10.0,2.0,0.0
2026-02-16T12:45:00,ERR,ERR,ERR,ERR,ERR,ERR,ERR,ERR,ERR,ERR,ERR,ERR,ERR,ERR,ERR,ERR,ERR,ERR,ERR,ERR,ERR,ERR,ERR,ERR,ERR,ERR,ERR,ERR,ERR,ERR,ERR,ERR,ERR,ERR,ERR,ERR,ERR,ERR,ERR,ERR,ERR,ERR,ERR,ERR,ERR,ERR,ERR,ERR,ERR,ERR,ERR,ERR,ERR,ERR,ERR,ERR,ERR,ERR,ERR,ERR,ERR,ERR,ERR,ERR,ERR,ERR,ERR,ERR,ERR,ERR,ERR,ERR,ERR,ERR,ERR,ERR,ERR,ERR,ERR,ERR,ERR,ERR,ERR,ERR,ERR,ERR,ERR,ERR,ERR,ERR,ERR,ERR,ERR,ERR,ERR,ERR,ERR,ERR,ERR,ERR,ERR,ERR,ERR,ERR,ERR,ERR,ERR,ERR,ERR,ERR,ERR,ERR,ERR,ERR,ERR,ERR,ERR,ERR,ERR,ERR,ERR,ERR,ERR,ERR,ERR,-107615880.0,-107616352.0,-0.0,0.0,-0.063,-7.897706524290832e+20,0.0,1.0009975334109184e+16,4300,0,8,17171,4300,0.0,41,0.0,0.0,0.0,0.0,-0.0,0,0,0,0,0.0,0,0,0,0,0,0,0,0,0,0,0,0,0,0,0,0,0,0,0,0,0,0,0,0,0,0,0,0,0,0,0,0,0,8,37,37,45,65476,385,65476,1,0,4,21553,0.0,-107610720.0,0.0,0.0,0.0,0.0,0.0,0.0,0.0,0.0,0.0,0.0,0.0,0.0,0.0,0.0,0.0,0.0,0.0,0.0,0.0,2.004,0.0,0.0,0.0,0.0,0.0,0.0,0.0,0.0,6537.0,1.5879384200579233e+29,0.0,-107615880.0,-107616352.0,0.0,-0.0,0.0,0.0,2.004,2.004,228,0.0,-152018253512704.0,0.0,0.0,0.0,0.0,0.0,0.0,0.0,0,0,0,-0.0,-1.31665157682488e+25,0.0,0.0,0.0,-1.3442322125253613e+38,-0.0,0.0,-60548582473728.0,-8.431095862456422e+32,-885858.562,3.0313560316795945e+18,0.0,0.002,0.0,0.0,0,1.3516416376850534e+27,227,0.0,454,-621855232.0,-2.2165387396652623e+20,2114,52429,17109,52429,17111,52429,17095,0,0,0,101,100,100,-107615256.0,65.9,-107615264.0,66.2,2.7302341356354147e+23,66.0,1,49,50,180,39322,52429,0,0,0.0,0.0,0.0,60.0,8186550550528.0,71.0,0.0,-9.469055985935974e+17,0.0,1069,0,1069,0,0,0,1069,0,1079,0,1000,0,662,0,664,0,659,0,685,0.032,1.4536034330083127e+22,2.004,0.0,61328,16813,8186550550528.0,-9.469055985935974e+17,0.0,0.0,-0.0,0.0,50.0,60.0,35,0.0,0.0,10.0,2.0,0.0,0.0,0.0,0.0,0.0,0.0,0.0,0.0,0.0,0.0,0.0,0.0,59.2,48,15,65514,27,65476,0,300,0,0,8,20529,65476,0,0,30147,60.0,0.0,10.0,10.0,2.0,0.0
2026-02-16T12:45:01,ERR,ERR,ERR,ERR,ERR,ERR,ERR,ERR,ERR,ERR,ERR,ERR,ERR,ERR,ERR,ERR,ERR,ERR,ERR,ERR,ERR,ERR,ERR,ERR,ERR,ERR,ERR,ERR,ERR,ERR,ERR,ERR,ERR,ERR,ERR,ERR,ERR,ERR,ERR,ERR,ERR,ERR,ERR,ERR,ERR,ERR,ERR,ERR,ERR,ERR,ERR,ERR,ERR,ERR,ERR,ERR,ERR,ERR,ERR,ERR,ERR,ERR,ERR,ERR,ERR,ERR,ERR,ERR,ERR,ERR,ERR,ERR,ERR,ERR,ERR,ERR,ERR,ERR,ERR,ERR,ERR,ERR,ERR,ERR,ERR,ERR,ERR,ERR,ERR,ERR,ERR,ERR,ERR,ERR,ERR,ERR,ERR,ERR,ERR,ERR,ERR,ERR,ERR,ERR,ERR,ERR,ERR,ERR,ERR,ERR,ERR,ERR,ERR,ERR,ERR,ERR,ERR,ERR,ERR,ERR,ERR,ERR,ERR,ERR,ERR,0.0,-107616352.0,0.0,0.0,142144341803008.0,-2.120199015045908e+32,0.0,-1.0594731180089672e+18,4300,0,8,17170,4300,0.0,41,0.0,0.0,0.0,0.0,-0.0,0,0,0,0,0.0,0,0,0,0,0,0,0,0,0,0,0,0,0,0,0,0,0,0,0,0,0,0,0,0,0,0,0,0,0,0,0,0,0,8,37,37,45,65476,384,65476,1,0,4,21553,0.0,0.0,0.0,0.0,0.0,0.0,0.0,0.0,0.0,0.0,0.0,0.0,0.0,0.0,0.0,0.0,0.0,0.0,0.0,0.0,0.0,2.004,0.0,0.0,0.0,-3.697075742657269e+19,0.0,0.0,0.0,0.0,6531.0,-3.697207244247951e+19,0.0,0.0,-107616352.0,0.0,-0.0,0.0,0.0,2.004,2.004,227,-3.222002398308886e+26,0.0,0.0,0.0,0.0,0.0,0.0,0.0,0.0,0,0,0,-0.0,-0.0,0.0,-43845612.0,15.766,-0.001,1.2060339867310984e+36,113804.023,-7.419566569039428e+37,-9.090274174575101e+32,-935010.562,3.2295144152838963e+18,0.0,0.002,0.0,0.0,0,1.3516416376850534e+27,227,0.0,454,2.40156025918058e+36,-0.235,2114,52429,17109,52429,17111,52429,17095,0,0,0,101,100,100,-107615256.0,65.9,-107615264.0,66.2,2.7302341356354147e+23,66.0,1,49,50,180,39322,52429,0,0,0.0,0.0,0.0,60.0,8186550550528.0,71.0,0.0,-9.469055985935974e+17,0.0,1069,0,1069,0,0,0,1069,0,1079,0,1000,0,662,0,664,0,659,0,685,0.032,1.4536034330083127e+22,2.004,0.0,61328,16813,8186550550528.0,-9.469055985935974e+17,0.0,0.0,-0.0,0.0,50.0,60.0,35,0.0,0.0,10.0,2.0,0.0,0.0,0.0,0.0,0.0,0.0,0.0,0.0,0.0,0.0,0.0,0.0,59.2,48,15,65514,27,65476,0,300,0,0,8,20529,65476,0,0,30147,60.0,0.0,10.0,10.0,2.0,0.0
2026-02-16T12:45:02,ERR,ERR,ERR,ERR,ERR,ERR,ERR,ERR,ERR,ERR,ERR,ERR,ERR,ERR,ERR,ERR,ERR,ERR,ERR,ERR,ERR,ERR,ERR,ERR,ERR,ERR,ERR,ERR,ERR,ERR,ERR,ERR,ERR,ERR,ERR,ERR,ERR,ERR,ERR,ERR,ERR,ERR,ERR,ERR,ERR,ERR,ERR,ERR,ERR,ERR,ERR,ERR,ERR,ERR,ERR,ERR,ERR,ERR,ERR,ERR,ERR,ERR,ERR,ERR,ERR,ERR,ERR,ERR,ERR,ERR,ERR,ERR,ERR,ERR,ERR,ERR,ERR,ERR,ERR,ERR,ERR,ERR,ERR,ERR,ERR,ERR,ERR,ERR,ERR,ERR,ERR,ERR,ERR,ERR,ERR,ERR,ERR,ERR,ERR,ERR,ERR,ERR,ERR,ERR,ERR,ERR,ERR,ERR,ERR,ERR,ERR,ERR,ERR,ERR,ERR,ERR,ERR,ERR,ERR,ERR,ERR,ERR,ERR,ERR,ERR,0.0,-107616352.0,0.0,0.0,142144341803008.0,-2.120199015045908e+32,0.0,-1.0594731180089672e+18,4300,0,8,17170,4300,0.0,41,0.0,0.0,0.0,0.0,-0.0,0,0,0,0,0.0,0,0,0,0,0,0,0,0,0,0,0,0,0,0,0,0,0,0,0,0,0,0,0,0,0,0,0,0,0,0,0,0,0,8,37,37,45,65476,384,65476,1,0,4,21553,0.0,0.0,0.0,0.0,0.0,0.0,0.0,0.0,0.0,0.0,0.0,0.0,0.0,0.0,0.0,0.0,0.0,0.0,0.0,0.0,0.0,2.004,0.0,0.0,0.0,-3.697075742657269e+19,0.0,0.0,0.0,0.0,6531.0,-3.697207244247951e+19,0.0,0.0,-107616352.0,0.0,-0.0,0.0,0.0,2.004,2.004,227,-3.222002398308886e+26,0.0,0.0,0.0,0.0,0.0,0.0,0.0,0.0,0,0,0,-0.0,-0.0,0.0,-43845612.0,15.766,-0.001,1.2060339867310984e+36,113804.023,-7.419566569039428e+37,-9.090274174575101e+32,-935010.562,3.2295144152838963e+18,0.0,0.002,0.0,0.0,0,1.3516416376850534e+27,227,0.0,454,2.40156025918058e+36,-0.235,2114,52429,17109,52429,17111,52429,17095,0,0,0,101,100,100,-107615256.0,65.9,-107615264.0,66.2,2.7302341356354147e+23,66.0,1,49,50,180,39322,52429,0,0,0.0,0.0,0.0,60.0,8186550550528.0,71.0,0.0,-9.469055985935974e+17,0.0,1069,0,1069,0,0,0,1069,0,1079,0,1000,0,662,0,664,0,659,0,685,0.032,1.4536034330083127e+22,2.004,0.0,61328,16813,8186550550528.0,-9.469055985935974e+17,0.0,0.0,-0.0,0.0,50.0,60.0,35,0.0,0.0,10.0,2.0,0.0,0.0,0.0,0.0,0.0,0.0,0.0,0.0,0.0,0.0,0.0,0.0,59.2,48,15,65514,27,65476,0,300,0,0,8,20529,65476,0,0,30147,60.0,0.0,10.0,10.0,2.0,0.0
2026-02-16T12:45:03,ERR,ERR,ERR,ERR,ERR,ERR,ERR,ERR,ERR,ERR,ERR,ERR,ERR,ERR,ERR,ERR,ERR,ERR,ERR,ERR,ERR,ERR,ERR,ERR,ERR,ERR,ERR,ERR,ERR,ERR,ERR,ERR,ERR,ERR,ERR,ERR,ERR,ERR,ERR,ERR,ERR,ERR,ERR,ERR,ERR,ERR,ERR,ERR,ERR,ERR,ERR,ERR,ERR,ERR,ERR,ERR,ERR,ERR,ERR,ERR,ERR,ERR,ERR,ERR,ERR,ERR,ERR,ERR,ERR,ERR,ERR,ERR,ERR,ERR,ERR,ERR,ERR,ERR,ERR,ERR,ERR,ERR,ERR,ERR,ERR,ERR,ERR,ERR,ERR,ERR,ERR,ERR,ERR,ERR,ERR,ERR,ERR,ERR,ERR,ERR,ERR,ERR,ERR,ERR,ERR,ERR,ERR,ERR,ERR,ERR,ERR,ERR,ERR,ERR,ERR,ERR,ERR,ERR,ERR,ERR,ERR,ERR,ERR,ERR,ERR,0.0,-107616352.0,0.0,0.0,142144341803008.0,-2.120199015045908e+32,0.0,-1.0594731180089672e+18,4300,0,8,17170,4300,0.0,41,0.0,0.0,0.0,0.0,-0.0,0,0,0,0,0.0,0,0,0,0,0,0,0,0,0,0,0,0,0,0,0,0,0,0,0,0,0,0,0,0,0,0,0,0,0,0,0,0,0,8,37,37,45,65476,384,65476,1,0,4,21553,0.0,0.0,0.0,0.0,0.0,0.0,0.0,0.0,0.0,0.0,0.0,0.0,0.0,0.0,0.0,0.0,0.0,0.0,0.0,0.0,0.0,2.004,0.0,0.0,0.0,-3.697075742657269e+19,0.0,0.0,0.0,0.0,6531.0,-3.697207244247951e+19,0.0,0.0,-107616352.0,0.0,-0.0,0.0,0.0,2.004,2.004,227,-3.222002398308886e+26,0.0,0.0,0.0,0.0,0.0,0.0,0.0,0.0,0,0,0,-0.0,-0.0,0.0,-43845612.0,15.766,-0.001,1.2060339867310984e+36,113804.023,-7.419566569039428e+37,-9.090274174575101e+32,-935010.562,3.2295144152838963e+18,0.0,0.002,0.0,0.0,0,1.3516416376850534e+27,227,0.0,454,2.40156025918058e+36,-0.235,2112,52429,17109,52429,17111,52429,17095,0,0,0,101,100,100,-107615256.0,65.9,-107615264.0,66.2,2.7302341356354147e+23,66.0,1,49,50,180,39322,52429,0,0,0.0,0.0,0.0,60.0,496627023872.0,71.0,0.0,-0.0,0.0,1068,0,1069,0,0,0,1069,0,1079,0,1000,0,662,0,664,0,659,0,684,0.032,1.4536034330083127e+22,2.004,0.0,63888,16813,39104125337600.0,-284016082944.0,-1.3624083508002276e+24,32736.449,4.100256541055753e+19,-162048.188,50.0,60.0,35,0.0,0.0,10.0,2.0,0.0,0.0,0.0,0.0,0.0,0.0,0.0,0.0,0.0,0.0,0.0,0.0,58.8,48,15,65514,27,65476,0,300,0,0,8,20529,65476,0,0,30147,60.0,0.0,10.0,10.0,2.0,0.0
2026-02-16T12:45:04,ERR,ERR,ERR,ERR,ERR,ERR,ERR,ERR,ERR,ERR,ERR,ERR,ERR,ERR,ERR,ERR,ERR,ERR,ERR,ERR,ERR,ERR,ERR,ERR,ERR,ERR,ERR,ERR,ERR,ERR,ERR,ERR,ERR,ERR,ERR,ERR,ERR,ERR,ERR,ERR,ERR,ERR,ERR,ERR,ERR,ERR,ERR,ERR,ERR,ERR,ERR,ERR,ERR,ERR,ERR,ERR,ERR,ERR,ERR,ERR,ERR,ERR,ERR,ERR,ERR,ERR,ERR,ERR,ERR,ERR,ERR,ERR,ERR,ERR,ERR,ERR,ERR,ERR,ERR,ERR,ERR,ERR,ERR,ERR,ERR,ERR,ERR,ERR,ERR,ERR,ERR,ERR,ERR,ERR,ERR,ERR,ERR,ERR,ERR,ERR,ERR,ERR,ERR,ERR,ERR,ERR,ERR,ERR,ERR,ERR,ERR,ERR,ERR,ERR,ERR,ERR,ERR,ERR,ERR,ERR,ERR,ERR,ERR,ERR,ERR,0.0,-107616352.0,0.0,0.0,142144341803008.0,-2.120199015045908e+32,0.0,-1.0594731180089672e+18,4300,0,8,17170,4300,0.0,41,0.0,0.0,0.0,0.0,-0.0,0,0,0,0,0.0,0,0,0,0,0,0,0,0,0,0,0,0,0,0,0,0,0,0,0,0,0,0,0,0,0,0,0,0,0,0,0,0,0,8,37,37,45,65476,384,65476,1,0,4,21553,0.0,0.0,0.0,0.0,0.0,0.0,0.0,0.0,0.0,0.0,0.0,0.0,0.0,0.0,0.0,0.0,0.0,0.0,0.0,0.0,0.0,2.004,0.0,0.0,0.0,-3.697075742657269e+19,0.0,0.0,0.0,0.0,6531.0,-3.697207244247951e+19,0.0,0.0,-107616352.0,0.0,-0.0,0.0,0.0,2.004,2.004,227,-3.222002398308886e+26,0.0,0.0,0.0,0.0,0.0,0.0,0.0,0.0,0,0,0,-0.0,-0.0,0.0,-43845612.0,15.766,-0.001,1.2060339867310984e+36,113804.023,-7.419566569039428e+37,-9.090274174575101e+32,-935010.562,3.2295144152838963e+18,0.0,0.002,0.0,0.0,0,1.3516416376850534e+27,227,0.0,454,2.40156025918058e+36,-0.235,2112,52429,17109,52429,17111,52429,17095,0,0,0,101,100,100,-107615256.0,65.9,-107615264.0,66.2,2.7302341356354147e+23,66.0,1,49,50,180,39322,52429,0,0,0.0,0.0,0.0,60.0,496627023872.0,71.0,0.0,-0.0,0.0,1068,0,1069,0,0,0,1069,0,1079,0,1000,0,662,0,664,0,659,0,684,0.032,1.4536034330083127e+22,2.004,0.0,63888,16813,39104125337600.0,-284016082944.0,-1.3624083508002276e+24,32736.449,4.100256541055753e+19,-162048.188,50.0,60.0,35,0.0,0.0,10.0,2.0,0.0,0.0,0.0,0.0,0.0,0.0,0.0,0.0,0.0,0.0,0.0,0.0,58.8,48,15,65514,27,65476,0,300,0,0,8,20529,65476,0,0,30147,60.0,0.0,10.0,10.0,2.0,0.0
2026-02-16T12:45:05,ERR,ERR,ERR,ERR,ERR,ERR,ERR,ERR,ERR,ERR,ERR,ERR,ERR,ERR,ERR,ERR,ERR,ERR,ERR,ERR,ERR,ERR,ERR,ERR,ERR,ERR,ERR,ERR,ERR,ERR,ERR,ERR,ERR,ERR,ERR,ERR,ERR,ERR,ERR,ERR,ERR,ERR,ERR,ERR,ERR,ERR,ERR,ERR,ERR,ERR,ERR,ERR,ERR,ERR,ERR,ERR,ERR,ERR,ERR,ERR,ERR,ERR,ERR,ERR,ERR,ERR,ERR,ERR,ERR,ERR,ERR,ERR,ERR,ERR,ERR,ERR,ERR,ERR,ERR,ERR,ERR,ERR,ERR,ERR,ERR,ERR,ERR,ERR,ERR,ERR,ERR,ERR,ERR,ERR,ERR,ERR,ERR,ERR,ERR,ERR,ERR,ERR,ERR,ERR,ERR,ERR,ERR,ERR,ERR,ERR,ERR,ERR,ERR,ERR,ERR,ERR,ERR,ERR,ERR,ERR,ERR,ERR,ERR,ERR,ERR,0.0,-107616352.0,0.0,0.0,142144341803008.0,-2.120199015045908e+32,0.0,-1.0594731180089672e+18,4300,0,8,17170,4300,0.0,41,0.0,0.0,0.0,0.0,-0.0,0,0,0,0,0.0,0,0,0,0,0,0,0,0,0,0,0,0,0,0,0,0,0,0,0,0,0,0,0,0,0,0,0,0,0,0,0,0,0,8,37,37,45,65476,384,65476,1,0,4,21553,0.0,0.0,0.0,0.0,0.0,0.0,0.0,0.0,0.0,0.0,0.0,0.0,0.0,0.0,0.0,0.0,0.0,0.0,0.0,0.0,0.0,2.004,0.0,0.0,0.0,-3.697075742657269e+19,0.0,0.0,0.0,0.0,6531.0,-3.697207244247951e+19,0.0,0.0,-107616352.0,0.0,-0.0,0.0,0.0,2.004,2.004,227,-3.222002398308886e+26,0.0,0.0,0.0,0.0,0.0,0.0,0.0,0.0,0,0,0,-0.0,-0.0,0.0,-43845612.0,15.766,-0.001,1.2060339867310984e+36,113804.023,-7.419566569039428e+37,-9.090274174575101e+32,-935010.562,3.2295144152838963e+18,0.0,0.002,0.0,0.0,0,1.3516416376850534e+27,227,0.0,454,2.40156025918058e+36,-0.235,2112,52429,17109,52429,17111,52429,17095,0,0,0,101,100,100,-107615256.0,65.9,-107615264.0,66.2,2.7302341356354147e+23,66.0,1,49,50,180,39322,52429,0,0,0.0,0.0,0.0,60.0,496627023872.0,71.0,0.0,-0.0,0.0,1068,0,1069,0,0,0,1069,0,1079,0,1000,0,662,0,664,0,659,0,684,0.032,1.4536034330083127e+22,2.004,0.0,63888,16813,39104125337600.0,-284016082944.0,-1.3624083508002276e+24,32736.449,4.100256541055753e+19,-162048.188,50.0,60.0,35,0.0,0.0,10.0,2.0,0.0,0.0,0.0,0.0,0.0,0.0,0.0,0.0,0.0,0.0,0.0,0.0,58.8,48,15,65514,27,65476,0,300,0,0,8,20529,65476,0,0,30147,60.0,0.0,10.0,10.0,2.0,0.0
2026-02-16T12:45:06,ERR,ERR,ERR,ERR,ERR,ERR,ERR,ERR,ERR,ERR,ERR,ERR,ERR,ERR,ERR,ERR,ERR,ERR,ERR,ERR,ERR,ERR,ERR,ERR,ERR,ERR,ERR,ERR,ERR,ERR,ERR,ERR,ERR,ERR,ERR,ERR,ERR,ERR,ERR,ERR,ERR,ERR,ERR,ERR,ERR,ERR,ERR,ERR,ERR,ERR,ERR,ERR,ERR,ERR,ERR,ERR,ERR,ERR,ERR,ERR,ERR,ERR,ERR,ERR,ERR,ERR,ERR,ERR,ERR,ERR,ERR,ERR,ERR,ERR,ERR,ERR,ERR,ERR,ERR,ERR,ERR,ERR,ERR,ERR,ERR,ERR,ERR,ERR,ERR,ERR,ERR,ERR,ERR,ERR,ERR,ERR,ERR,ERR,ERR,ERR,ERR,ERR,ERR,ERR,ERR,ERR,ERR,ERR,ERR,ERR,ERR,ERR,ERR,ERR,ERR,ERR,ERR,ERR,ERR,ERR,ERR,ERR,ERR,ERR,ERR,-107615880.0,-107616352.0,-0.0,0.0,-0.063,-1.1488175469236845e+36,0.0,7.758,4300,0,8,17171,4300,0.0,41,0.0,0.0,0.0,0.0,-0.0,0,0,0,0,0.0,0,0,0,0,0,0,0,0,0,0,0,0,0,0,0,0,0,0,0,0,0,0,0,0,0,0,0,0,0,0,0,0,0,8,37,37,45,65476,380,65476,1,0,4,21553,0.0,0.0,0.0,0.0,0.0,0.0,0.0,0.0,0.0,0.0,0.0,0.0,0.0,0.0,0.0,0.0,0.0,0.0,0.0,0.0,0.0,2.004,2.004,0.0,0.0,-0.0,0.0,0.0,0.0,0.0,6565.0,0.0,0.0,0.0,-107616352.0,0.0,107616264.0,-0.0,0.0,2.004,2.004,227,-2.30882787541985e+20,152018270289920.0,0.0,0.0,0.0,0.0,0.0,0.0,0.0,0,0,0,-0.0,-1522.059,0.0,-0.0,2.004,-1.6960529583375145e+30,-0.0,37458569854976.0,0.0,-9.698746462684651e+32,-984162.562,3.463701595907162e+18,0.0,0.002,0.0,0.0,0,1.3516416376850534e+27,227,0.0,454,-621855232.0,-2.2165387396652623e+20,2112,52429,17109,52429,17111,0,17096,0,0,0,101,100,100,-107615256.0,65.9,-107615264.0,66.2,2.7302341356354147e+23,66.0,1,49,50,180,52429,52429,0,0,0.0,0.0,0.0,60.0,1.111,71.0,0.0,1.257817180992139e+38,0.0,1068,0,1069,0,0,0,1069,0,1079,0,1000,0,662,0,664,0,658,0,683,0.032,1.4609821306377965e+22,-2.004,-0.0,2832,16814,730899328.0,1.257817180992139e+38,-0.0,0.0,nan,3.1801804138045637e+38,50.0,60.0,35,0.0,0.0,10.0,2.0,0.0,0.0,0.0,0.0,0.0,0.0,0.0,0.0,0.0,0.0,0.0,0.0,58.8,48,15,65514,27,65476,0,300,0,0,8,20529,65476,0,0,30147,60.0,0.0,10.0,10.0,2.0,0.0
2026-02-16T12:45:07,ERR,ERR,ERR,ERR,ERR,ERR,ERR,ERR,ERR,ERR,ERR,ERR,ERR,ERR,ERR,ERR,ERR,ERR,ERR,ERR,ERR,ERR,ERR,ERR,ERR,ERR,ERR,ERR,ERR,ERR,ERR,ERR,ERR,ERR,ERR,ERR,ERR,ERR,ERR,ERR,ERR,ERR,ERR,ERR,ERR,ERR,ERR,ERR,ERR,ERR,ERR,ERR,ERR,ERR,ERR,ERR,ERR,ERR,ERR,ERR,ERR,ERR,ERR,ERR,ERR,ERR,ERR,ERR,ERR,ERR,ERR,ERR,ERR,ERR,ERR,ERR,ERR,ERR,ERR,ERR,ERR,ERR,ERR,ERR,ERR,ERR,ERR,ERR,ERR,ERR,ERR,ERR,ERR,ERR,ERR,ERR,ERR,ERR,ERR,ERR,ERR,ERR,ERR,ERR,ERR,ERR,ERR,ERR,ERR,ERR,ERR,ERR,ERR,ERR,ERR,ERR,ERR,ERR,ERR,ERR,ERR,ERR,ERR,ERR,ERR,-107615880.0,-107616352.0,-0.0,0.0,-0.063,-1.1488175469236845e+36,0.0,7.758,4300,0,8,17171,4300,0.0,41,0.0,0.0,0.0,0.0,-0.0,0,0,0,0,0.0,0,0,0,0,0,0,0,0,0,0,0,0,0,0,0,0,0,0,0,0,0,0,0,0,0,0,0,0,0,0,0,0,0,8,37,37,45,65476,380,65476,1,0,4,21553,0.0,0.0,0.0,0.0,0.0,0.0,0.0,0.0,0.0,0.0,0.0,0.0,0.0,0.0,0.0,0.0,0.0,0.0,0.0,0.0,0.0,2.004,2.004,0.0,0.0,-0.0,0.0,0.0,0.0,0.0,6565.0,0.0,0.0,0.0,-107616352.0,0.0,107616264.0,-0.0,0.0,2.004,2.004,227,-2.30882787541985e+20,152018270289920.0,0.0,0.0,0.0,0.0,0.0,0.0,0.0,0,0,0,-0.0,-1522.059,0.0,-0.0,2.004,-1.6960529583375145e+30,-0.0,37458569854976.0,0.0,-9.698746462684651e+32,-984162.562,3.463701595907162e+18,0.0,0.002,0.0,0.0,0,1.3516416376850534e+27,227,0.0,454,-621855232.0,-2.2165387396652623e+20,2112,52429,17109,52429,17111,0,17096,0,0,0,101,100,100,-107615256.0,65.9,-107615264.0,66.2,2.7302341356354147e+23,66.0,1,49,50,180,52429,52429,0,0,0.0,0.0,0.0,60.0,1.111,71.0,0.0,1.257817180992139e+38,0.0,1068,0,1069,0,0,0,1069,0,1079,0,1000,0,662,0,664,0,658,0,683,0.032,1.4609821306377965e+22,-2.004,-0.0,2832,16814,730899328.0,1.257817180992139e+38,-0.0,0.0,nan,3.1801804138045637e+38,50.0,60.0,35,0.0,0.0,10.0,2.0,0.0,0.0,0.0,0.0,0.0,0.0,0.0,0.0,0.0,0.0,0.0,0.0,58.8,48,15,65514,27,65476,0,300,0,0,8,20529,65476,0,0,30147,60.0,0.0,10.0,10.0,2.0,0.0
2026-02-16T12:45:08,ERR,ERR,ERR,ERR,ERR,ERR,ERR,ERR,ERR,ERR,ERR,ERR,ERR,ERR,ERR,ERR,ERR,ERR,ERR,ERR,ERR,ERR,ERR,ERR,ERR,ERR,ERR,ERR,ERR,ERR,ERR,ERR,ERR,ERR,ERR,ERR,ERR,ERR,ERR,ERR,ERR,ERR,ERR,ERR,ERR,ERR,ERR,ERR,ERR,ERR,ERR,ERR,ERR,ERR,ERR,ERR,ERR,ERR,ERR,ERR,ERR,ERR,ERR,ERR,ERR,ERR,ERR,ERR,ERR,ERR,ERR,ERR,ERR,ERR,ERR,ERR,ERR,ERR,ERR,ERR,ERR,ERR,ERR,ERR,ERR,ERR,ERR,ERR,ERR,ERR,ERR,ERR,ERR,ERR,ERR,ERR,ERR,ERR,ERR,ERR,ERR,ERR,ERR,ERR,ERR,ERR,ERR,ERR,ERR,ERR,ERR,ERR,ERR,ERR,ERR,ERR,ERR,ERR,ERR,ERR,ERR,ERR,ERR,ERR,ERR,-107615880.0,-107616352.0,-0.0,0.0,-0.063,-1.1488175469236845e+36,0.0,7.758,4300,0,8,17171,4300,0.0,41,0.0,0.0,0.0,0.0,-0.0,0,0,0,0,0.0,0,0,0,0,0,0,0,0,0,0,0,0,0,0,0,0,0,0,0,0,0,0,0,0,0,0,0,0,0,0,0,0,0,8,37,37,45,65476,380,65476,1,0,4,21553,0.0,0.0,0.0,0.0,0.0,0.0,0.0,0.0,0.0,0.0,0.0,0.0,0.0,0.0,0.0,0.0,0.0,0.0,0.0,0.0,0.0,2.004,2.004,0.0,0.0,-0.0,0.0,0.0,0.0,0.0,6565.0,0.0,0.0,0.0,-107616352.0,0.0,107616264.0,-0.0,0.0,2.004,2.004,227,-2.30882787541985e+20,152018270289920.0,0.0,0.0,0.0,0.0,0.0,0.0,0.0,0,0,0,-0.0,-1522.059,0.0,-0.0,2.004,-1.6960529583375145e+30,-0.0,37458569854976.0,0.0,-9.698746462684651e+32,-984162.562,3.463701595907162e+18,0.0,0.002,0.0,0.0,0,1.3516416376850534e+27,227,0.0,454,-621855232.0,-2.2165387396652623e+20,2112,52429,17109,52429,17111,0,17096,0,0,0,101,100,100,-107615256.0,65.9,-107615264.0,66.2,2.7302341356354147e+23,66.0,1,49,50,180,52429,52429,0,0,0.0,0.0,0.0,60.0,1.111,71.0,0.0,1.257817180992139e+38,0.0,1068,0,1069,0,0,0,1069,0,1079,0,1000,0,662,0,664,0,658,0,683,0.032,1.4609821306377965e+22,-2.004,-0.0,2832,16814,730899328.0,1.257817180992139e+38,-0.0,0.0,nan,3.1801804138045637e+38,50.0,60.0,35,0.0,0.0,10.0,2.0,0.0,0.0,0.0,0.0,0.0,0.0,0.0,0.0,0.0,0.0,0.0,0.0,58.8,48,15,65514,27,65476,0,300,0,0,8,20529,65476,0,0,30147,60.0,0.0,10.0,10.0,2.0,0.0
2026-02-16T12:45:09,ERR,ERR,ERR,ERR,ERR,ERR,ERR,ERR,ERR,ERR,ERR,ERR,ERR,ERR,ERR,ERR,ERR,ERR,ERR,ERR,ERR,ERR,ERR,ERR,ERR,ERR,ERR,ERR,ERR,ERR,ERR,ERR,ERR,ERR,ERR,ERR,ERR,ERR,ERR,ERR,ERR,ERR,ERR,ERR,ERR,ERR,ERR,ERR,ERR,ERR,ERR,ERR,ERR,ERR,ERR,ERR,ERR,ERR,ERR,ERR,ERR,ERR,ERR,ERR,ERR,ERR,ERR,ERR,ERR,ERR,ERR,ERR,ERR,ERR,ERR,ERR,ERR,ERR,ERR,ERR,ERR,ERR,ERR,ERR,ERR,ERR,ERR,ERR,ERR,ERR,ERR,ERR,ERR,ERR,ERR,ERR,ERR,ERR,ERR,ERR,ERR,ERR,ERR,ERR,ERR,ERR,ERR,ERR,ERR,ERR,ERR,ERR,ERR,ERR,ERR,ERR,ERR,ERR,ERR,ERR,ERR,ERR,ERR,ERR,ERR,-107615880.0,-107616352.0,-0.0,0.0,-0.063,-1.1488175469236845e+36,0.0,7.758,4300,0,8,17171,4300,0.0,41,0.0,0.0,0.0,0.0,-0.0,0,0,0,0,0.0,0,0,0,0,0,0,0,0,0,0,0,0,0,0,0,0,0,0,0,0,0,0,0,0,0,0,0,0,0,0,0,0,0,8,37,37,45,65476,380,65476,1,0,4,21553,0.0,0.0,0.0,0.0,0.0,0.0,0.0,0.0,0.0,0.0,0.0,0.0,0.0,0.0,0.0,0.0,0.0,0.0,0.0,0.0,0.0,2.004,2.004,0.0,0.0,-0.0,0.0,0.0,0.0,0.0,6565.0,0.0,0.0,0.0,-107616352.0,0.0,107616264.0,-0.0,0.0,2.004,2.004,227,-2.30882787541985e+20,152018270289920.0,0.0,0.0,0.0,0.0,0.0,0.0,0.0,0,0,0,-0.0,-1522.059,0.0,-0.0,2.004,-1.6960529583375145e+30,-0.0,37458569854976.0,0.0,-9.698746462684651e+32,-984162.562,3.463701595907162e+18,0.0,0.002,0.0,0.0,0,1.3516416376850534e+27,227,0.0,454,-621855232.0,-2.2165387396652623e+20,2112,52429,17109,52429,17111,0,17096,0,0,0,101,100,100,-107615256.0,65.9,-107615264.0,66.2,2.7302341356354147e+23,66.0,1,49,50,180,52429,52429,0,0,0.0,0.0,0.0,60.0,1.111,71.0,0.0,1.257817180992139e+38,0.0,1068,0,1069,0,0,0,1069,0,1079,0,1000,0,662,0,664,0,658,0,683,0.032,1.4609821306377965e+22,-2.004,-0.0,2832,16814,730899328.0,1.257817180992139e+38,-0.0,0.0,nan,3.1801804138045637e+38,50.0,60.0,35,0.0,0.0,10.0,2.0,0.0,0.0,0.0,0.0,0.0,0.0,0.0,0.0,0.0,0.0,0.0,0.0,58.8,48,15,65515,27,65476,0,300,0,0,8,20529,65476,0,0,30147,60.0,0.0,10.0,10.0,2.0,0.0
2026-02-16T12:45:10,ERR,ERR,ERR,ERR,ERR,ERR,ERR,ERR,ERR,ERR,ERR,ERR,ERR,ERR,ERR,ERR,ERR,ERR,ERR,ERR,ERR,ERR,ERR,ERR,ERR,ERR,ERR,ERR,ERR,ERR,ERR,ERR,ERR,ERR,ERR,ERR,ERR,ERR,ERR,ERR,ERR,ERR,ERR,ERR,ERR,ERR,ERR,ERR,ERR,ERR,ERR,ERR,ERR,ERR,ERR,ERR,ERR,ERR,ERR,ERR,ERR,ERR,ERR,ERR,ERR,ERR,ERR,ERR,ERR,ERR,ERR,ERR,ERR,ERR,ERR,ERR,ERR,ERR,ERR,ERR,ERR,ERR,ERR,ERR,ERR,ERR,ERR,ERR,ERR,ERR,ERR,ERR,ERR,ERR,ERR,ERR,ERR,ERR,ERR,ERR,ERR,ERR,ERR,ERR,ERR,ERR,ERR,ERR,ERR,ERR,ERR,ERR,ERR,ERR,ERR,ERR,ERR,ERR,ERR,ERR,ERR,ERR,ERR,ERR,ERR,-107615880.0,-107616352.0,-0.0,0.0,-0.063,-1.1488175469236845e+36,0.0,7.758,4300,0,8,17171,4300,0.0,41,0.0,0.0,0.0,0.0,-0.0,0,0,0,0,0.0,0,0,0,0,0,0,0,0,0,0,0,0,0,0,0,0,0,0,0,0,0,0,0,0,0,0,0,0,0,0,0,0,0,8,37,37,45,65476,380,65476,1,0,4,21553,0.0,0.0,0.0,0.0,0.0,0.0,0.0,0.0,0.0,0.0,0.0,0.0,0.0,0.0,0.0,0.0,0.0,0.0,0.0,0.0,0.0,2.004,2.004,0.0,0.0,-0.0,0.0,0.0,0.0,0.0,6565.0,0.0,0.0,0.0,-107616352.0,0.0,107616264.0,-0.0,0.0,2.004,2.004,227,-2.30882787541985e+20,152018270289920.0,0.0,0.0,0.0,0.0,0.0,0.0,0.0,0,0,0,-0.0,-1522.059,0.0,-0.0,2.004,-1.6960529583375145e+30,-0.0,37458569854976.0,0.0,-9.698746462684651e+32,-984162.562,3.463701595907162e+18,0.0,0.002,0.0,0.0,0,1.3516416376850534e+27,227,0.0,454,-621855232.0,-2.2165387396652623e+20,2112,52429,17109,52429,17111,0,17096,0,0,0,101,100,100,-0.0,65.9,-107615264.0,66.2,2.7302341356354147e+23,66.0,1,49,50,180,39322,52429,0,0,0.0,0.0,0.0,60.0,3700.16,71.0,0.0,0.0,0.0,1068,0,1069,0,0,0,1069,0,1079,0,1000,0,663,0,664,0,659,0,682,0.032,1.4609821306377965e+22,-2.004,-0.0,60944,16813,3700.16,0.0,-4.31636538117135e+32,0.0,2.062487658435214e+27,-105897885696.0,50.0,60.0,35,0.0,0.0,10.0,2.0,0.0,0.0,0.0,0.0,0.0,0.0,0.0,0.0,0.0,0.0,0.0,0.0,58.8,48,15,65515,27,65476,0,300,0,0,8,20529,65476,0,0,30147,60.0,0.0,10.0,10.0,2.0,0.0
2026-02-16T12:45:11,ERR,ERR,ERR,ERR,ERR,ERR,ERR,ERR,ERR,ERR,ERR,ERR,ERR,ERR,ERR,ERR,ERR,ERR,ERR,ERR,ERR,ERR,ERR,ERR,ERR,ERR,ERR,ERR,ERR,ERR,ERR,ERR,ERR,ERR,ERR,ERR,ERR,ERR,ERR,ERR,ERR,ERR,ERR,ERR,ERR,ERR,ERR,ERR,ERR,ERR,ERR,ERR,ERR,ERR,ERR,ERR,ERR,ERR,ERR,ERR,ERR,ERR,ERR,ERR,ERR,ERR,ERR,ERR,ERR,ERR,ERR,ERR,ERR,ERR,ERR,ERR,ERR,ERR,ERR,ERR,ERR,ERR,ERR,ERR,ERR,ERR,ERR,ERR,ERR,ERR,ERR,ERR,ERR,ERR,ERR,ERR,ERR,ERR,ERR,ERR,ERR,ERR,ERR,ERR,ERR,ERR,ERR,ERR,ERR,ERR,ERR,ERR,ERR,ERR,ERR,ERR,ERR,ERR,ERR,ERR,ERR,ERR,ERR,ERR,ERR,-107615880.0,-0.0,0.0,0.0,140341403451392.0,-0.0,-0.0,0.0,4300,0,8,17170,4300,0.0,41,0.0,0.0,0.0,0.0,-0.0,0,0,0,0,0.0,0,0,0,0,0,0,0,0,0,0,0,0,0,0,0,0,0,0,0,0,0,0,0,0,0,0,0,0,0,0,0,0,0,7,37,37,44,65476,378,65476,1,0,4,21553,0.0,-0.0,0.0,0.0,0.0,0.0,0.0,0.0,0.0,0.0,0.0,0.0,0.0,0.0,0.0,0.0,0.0,0.0,0.0,0.0,0.0,2.004,0.0,-3.6970818999223845e+19,-3.697074863047967e+19,-0.0,0.0,0.0,0.0,0.0,6563.0,-0.0,0.0,0.0,-0.0,0.0,107616264.0,0.0,0.0,2.004,2.004,228,-71.629,-0.0,0.0,0.0,0.0,0.0,0.0,0.0,0.0,0,0,0,nan,-0.0,0.0,-307643645952.0,0.0,-0.0,28487479984128.0,-1.8645542075480487e+38,-0.0,-1.035792477480333e+33,-1037410.562,3.679874378020946e+18,0.0,0.002,0.0,0.0,0,1.3516416376850534e+27,228,0.0,456,2.40156025918058e+36,-0.235,2112,52429,17109,52429,17111,0,17096,0,0,0,101,100,100,-0.0,65.9,-107615264.0,66.2,2.7302341356354147e+23,66.0,1,49,50,180,39322,52429,0,0,0.0,0.0,0.0,60.0,3700.16,71.0,0.0,0.0,0.0,1068,0,1069,0,0,0,1069,0,1079,0,1000,0,663,0,664,0,659,0,682,0.032,1.4609821306377965e+22,-2.004,-0.0,60944,16813,3700.16,0.0,-4.31636538117135e+32,0.0,2.062487658435214e+27,-105897885696.0,50.0,60.0,35,0.0,0.0,10.0,2.0,0.0,0.0,0.0,0.0,0.0,0.0,0.0,0.0,0.0,0.0,0.0,0.0,58.8,48,15,65515,27,65476,0,300,0,0,8,20529,65476,0,0,30147,60.0,0.0,10.0,10.0,2.0,0.0
2026-02-16T12:45:12,ERR,ERR,ERR,ERR,ERR,ERR,ERR,ERR,ERR,ERR,ERR,ERR,ERR,ERR,ERR,ERR,ERR,ERR,ERR,ERR,ERR,ERR,ERR,ERR,ERR,ERR,ERR,ERR,ERR,ERR,ERR,ERR,ERR,ERR,ERR,ERR,ERR,ERR,ERR,ERR,ERR,ERR,ERR,ERR,ERR,ERR,ERR,ERR,ERR,ERR,ERR,ERR,ERR,ERR,ERR,ERR,ERR,ERR,ERR,ERR,ERR,ERR,ERR,ERR,ERR,ERR,ERR,ERR,ERR,ERR,ERR,ERR,ERR,ERR,ERR,ERR,ERR,ERR,ERR,ERR,ERR,ERR,ERR,ERR,ERR,ERR,ERR,ERR,ERR,ERR,ERR,ERR,ERR,ERR,ERR,ERR,ERR,ERR,ERR,ERR,ERR,ERR,ERR,ERR,ERR,ERR,ERR,ERR,ERR,ERR,ERR,ERR,ERR,ERR,ERR,ERR,ERR,ERR,ERR,ERR,ERR,ERR,ERR,ERR,ERR,-107615880.0,-0.0,0.0,0.0,140341403451392.0,-0.0,-0.0,0.0,4300,0,8,17170,4300,0.0,41,0.0,0.0,0.0,0.0,-0.0,0,0,0,0,0.0,0,0,0,0,0,0,0,0,0,0,0,0,0,0,0,0,0,0,0,0,0,0,0,0,0,0,0,0,0,0,0,0,0,7,37,37,44,65476,378,65476,1,0,4,21553,0.0,-0.0,0.0,0.0,0.0,0.0,0.0,0.0,0.0,0.0,0.0,0.0,0.0,0.0,0.0,0.0,0.0,0.0,0.0,0.0,0.0,2.004,0.0,-3.6970818999223845e+19,-3.697074863047967e+19,-0.0,0.0,0.0,0.0,0.0,6563.0,-0.0,0.0,0.0,-0.0,0.0,107616264.0,0.0,0.0,2.004,2.004,228,-71.629,-0.0,0.0,0.0,0.0,0.0,0.0,0.0,0.0,0,0,0,nan,-0.0,0.0,-307643645952.0,0.0,-0.0,28487479984128.0,-1.8645542075480487e+38,-0.0,-1.035792477480333e+33,-1037410.562,3.679874378020946e+18,0.0,0.002,0.0,0.0,0,1.3516416376850534e+27,228,0.0,456,2.40156025918058e+36,-0.235,2112,52429,17109,52429,17111,0,17096,0,0,0,101,100,100,-0.0,65.9,-107615264.0,66.2,2.7302341356354147e+23,66.0,1,49,50,180,39322,52429,0,0,0.0,0.0,0.0,60.0,3700.16,71.0,0.0,0.0,0.0,1068,0,1069,0,0,0,1069,0,1079,0,1000,0,663,0,664,0,659,0,682,0.032,1.4609821306377965e+22,-2.004,-0.0,60944,16813,3700.16,0.0,-4.31636538117135e+32,0.0,2.062487658435214e+27,-105897885696.0,50.0,60.0,35,0.0,0.0,10.0,2.0,0.0,0.0,0.0,0.0,0.0,0.0,0.0,0.0,0.0,0.0,0.0,0.0,58.8,48,15,65515,27,65476,0,300,0,0,8,20529,65476,0,0,30147,60.0,0.0,10.0,10.0,2.0,0.0
2026-02-16T12:45:13,ERR,ERR,ERR,ERR,ERR,ERR,ERR,ERR,ERR,ERR,ERR,ERR,ERR,ERR,ERR,ERR,ERR,ERR,ERR,ERR,ERR,ERR,ERR,ERR,ERR,ERR,ERR,ERR,ERR,ERR,ERR,ERR,ERR,ERR,ERR,ERR,ERR,ERR,ERR,ERR,ERR,ERR,ERR,ERR,ERR,ERR,ERR,ERR,ERR,ERR,ERR,ERR,ERR,ERR,ERR,ERR,ERR,ERR,ERR,ERR,ERR,ERR,ERR,ERR,ERR,ERR,ERR,ERR,ERR,ERR,ERR,ERR,ERR,ERR,ERR,ERR,ERR,ERR,ERR,ERR,ERR,ERR,ERR,ERR,ERR,ERR,ERR,ERR,ERR,ERR,ERR,ERR,ERR,ERR,ERR,ERR,ERR,ERR,ERR,ERR,ERR,ERR,ERR,ERR,ERR,ERR,ERR,ERR,ERR,ERR,ERR,ERR,ERR,ERR,ERR,ERR,ERR,ERR,ERR,ERR,ERR,ERR,ERR,ERR,ERR,-107615880.0,-0.0,0.0,0.0,140341403451392.0,-0.0,-0.0,0.0,4300,0,8,17170,4300,0.0,41,0.0,0.0,0.0,0.0,-0.0,0,0,0,0,0.0,0,0,0,0,0,0,0,0,0,0,0,0,0,0,0,0,0,0,0,0,0,0,0,0,0,0,0,0,0,0,0,0,0,7,37,37,44,65476,378,65476,1,0,4,21553,0.0,-0.0,0.0,0.0,0.0,0.0,0.0,0.0,0.0,0.0,0.0,0.0,0.0,0.0,0.0,0.0,0.0,0.0,0.0,0.0,0.0,2.004,0.0,-3.6970818999223845e+19,-3.697074863047967e+19,-0.0,0.0,0.0,0.0,0.0,6563.0,-0.0,0.0,0.0,-0.0,0.0,107616264.0,0.0,0.0,2.004,2.004,228,-71.629,-0.0,0.0,0.0,0.0,0.0,0.0,0.0,0.0,0,0,0,nan,-0.0,0.0,-307643645952.0,0.0,-0.0,28487479984128.0,-1.8645542075480487e+38,-0.0,-1.035792477480333e+33,-1037410.562,3.679874378020946e+18,0.0,0.002,0.0,0.0,0,1.3516416376850534e+27,228,0.0,456,2.40156025918058e+36,-0.235,2112,52429,17109,52429,17111,0,17096,0,0,0,101,100,100,-107615256.0,65.9,-107615264.0,66.2,2.7302341356354147e+23,66.0,1,49,50,180,52429,52429,0,0,0.0,0.0,0.0,60.0,12097042432.0,71.0,0.0,-32112302080.0,0.0,1069,0,1069,0,0,0,1069,0,1080,0,1000,0,663,0,664,0,659,0,682,0.032,1.4536034330083127e+22,-0.0,2.730234856211355e+23,12688,16814,3.338517936477307e+17,-0.0,-0.009,-0.0,0.0,-0.0,50.0,60.0,35,0.0,0.0,10.0,2.0,0.0,0.0,0.0,0.0,0.0,0.0,0.0,0.0,0.0,0.0,0.0,0.0,58.8,48,15,65515,27,65476,0,300,0,0,8,20529,65476,0,0,30147,60.0,0.0,10.0,10.0,2.0,0.0
2026-02-16T12:45:14,ERR,ERR,ERR,ERR,ERR,ERR,ERR,ERR,ERR,ERR,ERR,ERR,ERR,ERR,ERR,ERR,ERR,ERR,ERR,ERR,ERR,ERR,ERR,ERR,ERR,ERR,ERR,ERR,ERR,ERR,ERR,ERR,ERR,ERR,ERR,ERR,ERR,ERR,ERR,ERR,ERR,ERR,ERR,ERR,ERR,ERR,ERR,ERR,ERR,ERR,ERR,ERR,ERR,ERR,ERR,ERR,ERR,ERR,ERR,ERR,ERR,ERR,ERR,ERR,ERR,ERR,ERR,ERR,ERR,ERR,ERR,ERR,ERR,ERR,ERR,ERR,ERR,ERR,ERR,ERR,ERR,ERR,ERR,ERR,ERR,ERR,ERR,ERR,ERR,ERR,ERR,ERR,ERR,ERR,ERR,ERR,ERR,ERR,ERR,ERR,ERR,ERR,ERR,ERR,ERR,ERR,ERR,ERR,ERR,ERR,ERR,ERR,ERR,ERR,ERR,ERR,ERR,ERR,ERR,ERR,ERR,ERR,ERR,ERR,ERR,-107615880.0,-0.0,0.0,0.0,140341403451392.0,-0.0,-0.0,0.0,4300,0,8,17170,4300,0.0,41,0.0,0.0,0.0,0.0,-0.0,0,0,0,0,0.0,0,0,0,0,0,0,0,0,0,0,0,0,0,0,0,0,0,0,0,0,0,0,0,0,0,0,0,0,0,0,0,0,0,7,37,37,44,65476,378,65476,1,0,4,21553,0.0,-0.0,0.0,0.0,0.0,0.0,0.0,0.0,0.0,0.0,0.0,0.0,0.0,0.0,0.0,0.0,0.0,0.0,0.0,0.0,0.0,2.004,0.0,-3.6970818999223845e+19,-3.697074863047967e+19,-0.0,0.0,0.0,0.0,0.0,6563.0,-0.0,0.0,0.0,-0.0,0.0,107616264.0,0.0,0.0,2.004,2.004,228,-71.629,-0.0,0.0,0.0,0.0,0.0,0.0,0.0,0.0,0,0,0,nan,-0.0,0.0,-307643645952.0,0.0,-0.0,28487479984128.0,-1.8645542075480487e+38,-0.0,-1.035792477480333e+33,-1037410.562,3.679874378020946e+18,0.0,0.002,0.0,0.0,0,1.3516416376850534e+27,228,0.0,456,2.40156025918058e+36,-0.235,2112,52429,17109,52429,17111,0,17096,0,0,0,101,100,100,-107615256.0,65.9,-107615264.0,66.2,2.7302341356354147e+23,66.0,1,49,50,180,52429,52429,0,0,0.0,0.0,0.0,60.0,12097042432.0,71.0,0.0,-32112302080.0,0.0,1069,0,1069,0,0,0,1069,0,1080,0,1000,0,663,0,664,0,659,0,682,0.032,1.4536034330083127e+22,-0.0,2.730234856211355e+23,12688,16814,3.338517936477307e+17,-0.0,-0.009,-0.0,0.0,-0.0,50.0,60.0,35,0.0,0.0,10.0,2.0,0.0,0.0,0.0,0.0,0.0,0.0,0.0,0.0,0.0,0.0,0.0,0.0,58.8,48,15,65515,27,65476,0,300,0,0,8,20529,65476,0,0,30147,60.0,0.0,10.0,10.0,2.0,0.0
2026-02-16T12:45:15,ERR,ERR,ERR,ERR,ERR,ERR,ERR,ERR,ERR,ERR,ERR,ERR,ERR,ERR,ERR,ERR,ERR,ERR,ERR,ERR,ERR,ERR,ERR,ERR,ERR,ERR,ERR,ERR,ERR,ERR,ERR,ERR,ERR,ERR,ERR,ERR,ERR,ERR,ERR,ERR,ERR,ERR,ERR,ERR,ERR,ERR,ERR,ERR,ERR,ERR,ERR,ERR,ERR,ERR,ERR,ERR,ERR,ERR,ERR,ERR,ERR,ERR,ERR,ERR,ERR,ERR,ERR,ERR,ERR,ERR,ERR,ERR,ERR,ERR,ERR,ERR,ERR,ERR,ERR,ERR,ERR,ERR,ERR,ERR,ERR,ERR,ERR,ERR,ERR,ERR,ERR,ERR,ERR,ERR,ERR,ERR,ERR,ERR,ERR,ERR,ERR,ERR,ERR,ERR,ERR,ERR,ERR,ERR,ERR,ERR,ERR,ERR,ERR,ERR,ERR,ERR,ERR,ERR,ERR,ERR,ERR,ERR,ERR,ERR,ERR,-107615880.0,-0.0,0.0,0.0,140341403451392.0,-0.0,-0.0,0.103,4300,0,8,17170,4300,0.0,41,0.0,0.0,0.0,0.0,-0.0,0,0,0,0,0.0,0,0,0,0,0,0,0,0,0,0,0,0,0,0,0,0,0,0,0,0,0,0,0,0,0,0,0,0,0,0,0,0,0,7,37,37,44,65476,378,65476,1,0,4,21553,0.0,0.0,0.0,0.0,0.0,0.0,0.0,0.0,0.0,0.0,0.0,0.0,0.0,0.0,0.0,0.0,0.0,0.0,0.0,0.0,0.0,2.004,0.0,-3.6970818999223845e+19,0.0,-0.0,0.0,0.0,0.0,0.0,6563.0,-1.5879386089525827e+29,0.0,0.0,-0.0,0.0,0.0,0.0,0.0,2.004,2.004,228,-3.222002398308886e+26,-152018270289920.0,0.0,0.0,0.0,0.0,0.0,0.0,0.0,0,0,0,6.663513525767807e+31,-2.1581446440459926e+35,0.0,-8.584017852745321e+34,0.0,6.476208059889196e+28,1.893946777966016e+20,175384.047,-5.4709807363712e+26,-1.0915691038903751e+33,-1124549.125,3.9140615586442117e+18,0.0,0.002,0.0,0.0,0,1.3516416376850534e+27,228,0.0,456,-621855232.0,5.6142779363101766e+35,2112,52429,17109,52429,17111,0,17096,0,0,0,101,100,100,-107615256.0,65.9,-107615264.0,66.2,2.7302341356354147e+23,66.0,1,49,50,180,52429,52429,0,0,0.0,0.0,0.0,60.0,12097042432.0,71.0,0.0,-32112302080.0,0.0,1069,0,1069,0,0,0,1069,0,1080,0,1000,0,663,0,664,0,659,0,682,0.032,1.4536034330083127e+22,-0.0,2.730234856211355e+23,12688,16814,3.338517936477307e+17,-0.0,-0.009,-0.0,0.0,-0.0,50.0,60.0,35,0.0,0.0,10.0,2.0,0.0,0.0,0.0,0.0,0.0,0.0,0.0,0.0,0.0,0.0,0.0,0.0,58.8,48,15,65515,27,65476,0,300,0,0,8,20529,65476,0,0,30147,60.0,0.0,10.0,10.0,2.0,0.0
2026-02-16T12:45:16,ERR,ERR,ERR,ERR,ERR,ERR,ERR,ERR,ERR,ERR,ERR,ERR,ERR,ERR,ERR,ERR,ERR,ERR,ERR,ERR,ERR,ERR,ERR,ERR,ERR,ERR,ERR,ERR,ERR,ERR,ERR,ERR,ERR,ERR,ERR,ERR,ERR,ERR,ERR,ERR,ERR,ERR,ERR,ERR,ERR,ERR,ERR,ERR,ERR,ERR,ERR,ERR,ERR,ERR,ERR,ERR,ERR,ERR,ERR,ERR,ERR,ERR,ERR,ERR,ERR,ERR,ERR,ERR,ERR,ERR,ERR,ERR,ERR,ERR,ERR,ERR,ERR,ERR,ERR,ERR,ERR,ERR,ERR,ERR,ERR,ERR,ERR,ERR,ERR,ERR,ERR,ERR,ERR,ERR,ERR,ERR,ERR,ERR,ERR,ERR,ERR,ERR,ERR,ERR,ERR,ERR,ERR,ERR,ERR,ERR,ERR,ERR,ERR,ERR,ERR,ERR,ERR,ERR,ERR,ERR,ERR,ERR,ERR,ERR,ERR,-107615880.0,-0.0,0.0,0.0,140341403451392.0,-0.0,-0.0,0.103,4300,0,8,17170,4300,0.0,41,0.0,0.0,0.0,0.0,-0.0,0,0,0,0,0.0,0,0,0,0,0,0,0,0,0,0,0,0,0,0,0,0,0,0,0,0,0,0,0,0,0,0,0,0,0,0,0,0,0,7,37,37,44,65476,378,65476,1,0,4,21553,0.0,0.0,0.0,0.0,0.0,0.0,0.0,0.0,0.0,0.0,0.0,0.0,0.0,0.0,0.0,0.0,0.0,0.0,0.0,0.0,0.0,2.004,0.0,-3.6970818999223845e+19,0.0,-0.0,0.0,0.0,0.0,0.0,6563.0,-1.5879386089525827e+29,0.0,0.0,-0.0,0.0,0.0,0.0,0.0,2.004,2.004,228,-3.222002398308886e+26,-152018270289920.0,0.0,0.0,0.0,0.0,0.0,0.0,0.0,0,0,0,6.663513525767807e+31,-2.1581446440459926e+35,0.0,-8.584017852745321e+34,0.0,6.476208059889196e+28,1.893946777966016e+20,175384.047,-5.4709807363712e+26,-1.0915691038903751e+33,-1124549.125,3.9140615586442117e+18,0.0,0.002,0.0,0.0,0,1.3516416376850534e+27,228,0.0,456,-621855232.0,5.6142779363101766e+35,2112,52429,17109,52429,17111,0,17096,0,0,0,101,100,100,-107615256.0,65.9,-107615264.0,66.2,2.7302341356354147e+23,66.0,1,49,50,180,52429,52429,0,0,0.0,0.0,0.0,60.0,4.845525016756262e+24,71.0,0.0,-0.0,0.0,1069,0,1069,0,0,0,1069,0,1079,0,1000,0,663,0,664,0,659,0,681,0.032,1.4536034330083127e+22,-0.0,2.730234856211355e+23,656,16814,1.1157552289595449e+29,-4296984588451840.0,0.0,-0.0,-0.0,0.0,50.0,60.0,35,0.0,0.0,10.0,2.0,0.0,0.0,0.0,0.0,0.0,0.0,0.0,0.0,0.0,0.0,0.0,0.0,58.8,48,15,65515,27,65476,0,300,0,0,8,20529,65476,0,0,30147,60.0,0.0,10.0,10.0,2.0,0.0
2026-02-16T12:45:17,ERR,ERR,ERR,ERR,ERR,ERR,ERR,ERR,ERR,ERR,ERR,ERR,ERR,ERR,ERR,ERR,ERR,ERR,ERR,ERR,ERR,ERR,ERR,ERR,ERR,ERR,ERR,ERR,ERR,ERR,ERR,ERR,ERR,ERR,ERR,ERR,ERR,ERR,ERR,ERR,ERR,ERR,ERR,ERR,ERR,ERR,ERR,ERR,ERR,ERR,ERR,ERR,ERR,ERR,ERR,ERR,ERR,ERR,ERR,ERR,ERR,ERR,ERR,ERR,ERR,ERR,ERR,ERR,ERR,ERR,ERR,ERR,ERR,ERR,ERR,ERR,ERR,ERR,ERR,ERR,ERR,ERR,ERR,ERR,ERR,ERR,ERR,ERR,ERR,ERR,ERR,ERR,ERR,ERR,ERR,ERR,ERR,ERR,ERR,ERR,ERR,ERR,ERR,ERR,ERR,ERR,ERR,ERR,ERR,ERR,ERR,ERR,ERR,ERR,ERR,ERR,ERR,ERR,ERR,ERR,ERR,ERR,ERR,ERR,ERR,-107615880.0,-0.0,0.0,0.0,140341403451392.0,-0.0,-0.0,0.103,4300,0,8,17170,4300,0.0,41,0.0,0.0,0.0,0.0,-0.0,0,0,0,0,0.0,0,0,0,0,0,0,0,0,0,0,0,0,0,0,0,0,0,0,0,0,0,0,0,0,0,0,0,0,0,0,0,0,0,7,37,37,44,65476,378,65476,1,0,4,21553,0.0,0.0,0.0,0.0,0.0,0.0,0.0,0.0,0.0,0.0,0.0,0.0,0.0,0.0,0.0,0.0,0.0,0.0,0.0,0.0,0.0,2.004,0.0,-3.6970818999223845e+19,0.0,-0.0,0.0,0.0,0.0,0.0,6563.0,-1.5879386089525827e+29,0.0,0.0,-0.0,0.0,0.0,0.0,0.0,2.004,2.004,228,-3.222002398308886e+26,-152018270289920.0,0.0,0.0,0.0,0.0,0.0,0.0,0.0,0,0,0,6.663513525767807e+31,-2.1581446440459926e+35,0.0,-8.584017852745321e+34,0.0,6.476208059889196e+28,1.893946777966016e+20,175384.047,-5.4709807363712e+26,-1.0915691038903751e+33,-1124549.125,3.9140615586442117e+18,0.0,0.002,0.0,0.0,0,1.3516416376850534e+27,228,0.0,456,-621855232.0,5.6142779363101766e+35,2112,52429,17109,52429,17111,0,17096,0,0,0,101,100,100,-107615256.0,65.9,-107615264.0,66.2,2.7302341356354147e+23,66.0,1,49,50,180,52429,52429,0,0,0.0,0.0,0.0,60.0,4.845525016756262e+24,71.0,0.0,-0.0,0.0,1069,0,1069,0,0,0,1069,0,1079,0,1000,0,663,0,664,0,659,0,681,0.032,1.4536034330083127e+22,-0.0,2.730234856211355e+23,656,16814,1.1157552289595449e+29,-4296984588451840.0,0.0,-0.0,-0.0,0.0,50.0,60.0,35,0.0,0.0,10.0,2.0,0.0,0.0,0.0,0.0,0.0,0.0,0.0,0.0,0.0,0.0,0.0,0.0,58.8,48,15,65515,27,65476,0,300,0,0,8,20529,65476,0,0,30147,60.0,0.0,10.0,10.0,2.0,0.0
2026-02-16T12:45:18,ERR,ERR,ERR,ERR,ERR,ERR,ERR,ERR,ERR,ERR,ERR,ERR,ERR,ERR,ERR,ERR,ERR,ERR,ERR,ERR,ERR,ERR,ERR,ERR,ERR,ERR,ERR,ERR,ERR,ERR,ERR,ERR,ERR,ERR,ERR,ERR,ERR,ERR,ERR,ERR,ERR,ERR,ERR,ERR,ERR,ERR,ERR,ERR,ERR,ERR,ERR,ERR,ERR,ERR,ERR,ERR,ERR,ERR,ERR,ERR,ERR,ERR,ERR,ERR,ERR,ERR,ERR,ERR,ERR,ERR,ERR,ERR,ERR,ERR,ERR,ERR,ERR,ERR,ERR,ERR,ERR,ERR,ERR,ERR,ERR,ERR,ERR,ERR,ERR,ERR,ERR,ERR,ERR,ERR,ERR,ERR,ERR,ERR,ERR,ERR,ERR,ERR,ERR,ERR,ERR,ERR,ERR,ERR,ERR,ERR,ERR,ERR,ERR,ERR,ERR,ERR,ERR,ERR,ERR,ERR,ERR,ERR,ERR,ERR,ERR,-107615880.0,-0.0,0.0,0.0,140341403451392.0,-0.0,-0.0,0.103,4300,0,8,17170,4300,0.0,41,0.0,0.0,0.0,0.0,-0.0,0,0,0,0,0.0,0,0,0,0,0,0,0,0,0,0,0,0,0,0,0,0,0,0,0,0,0,0,0,0,0,0,0,0,0,0,0,0,0,7,37,37,44,65476,378,65476,1,0,4,21553,0.0,0.0,0.0,0.0,0.0,0.0,0.0,0.0,0.0,0.0,0.0,0.0,0.0,0.0,0.0,0.0,0.0,0.0,0.0,0.0,0.0,2.004,0.0,-3.6970818999223845e+19,0.0,-0.0,0.0,0.0,0.0,0.0,6563.0,-1.5879386089525827e+29,0.0,0.0,-0.0,0.0,0.0,0.0,0.0,2.004,2.004,228,-3.222002398308886e+26,-152018270289920.0,0.0,0.0,0.0,0.0,0.0,0.0,0.0,0,0,0,6.663513525767807e+31,-2.1581446440459926e+35,0.0,-8.584017852745321e+34,0.0,6.476208059889196e+28,1.893946777966016e+20,175384.047,-5.4709807363712e+26,-1.0915691038903751e+33,-1124549.125,3.9140615586442117e+18,0.0,0.002,0.0,0.0,0,1.3516416376850534e+27,228,0.0,456,-621855232.0,5.6142779363101766e+35,2112,52429,17109,52429,17111,0,17096,0,0,0,101,100,100,-107615256.0,65.9,-107615264.0,66.2,2.7302341356354147e+23,66.0,1,49,50,180,52429,52429,0,0,0.0,0.0,0.0,60.0,4.845525016756262e+24,71.0,0.0,-0.0,0.0,1069,0,1069,0,0,0,1069,0,1079,0,1000,0,663,0,664,0,659,0,681,0.032,1.4536034330083127e+22,-0.0,2.730234856211355e+23,656,16814,1.1157552289595449e+29,-4296984588451840.0,0.0,-0.0,-0.0,0.0,50.0,60.0,35,0.0,0.0,10.0,2.0,0.0,0.0,0.0,0.0,0.0,0.0,0.0,0.0,0.0,0.0,0.0,0.0,58.8,48,15,65515,27,65476,0,300,0,0,8,20529,65476,0,0,30147,60.0,0.0,10.0,10.0,2.0,0.0
2026-02-16T12:45:19,ERR,ERR,ERR,ERR,ERR,ERR,ERR,ERR,ERR,ERR,ERR,ERR,ERR,ERR,ERR,ERR,ERR,ERR,ERR,ERR,ERR,ERR,ERR,ERR,ERR,ERR,ERR,ERR,ERR,ERR,ERR,ERR,ERR,ERR,ERR,ERR,ERR,ERR,ERR,ERR,ERR,ERR,ERR,ERR,ERR,ERR,ERR,ERR,ERR,ERR,ERR,ERR,ERR,ERR,ERR,ERR,ERR,ERR,ERR,ERR,ERR,ERR,ERR,ERR,ERR,ERR,ERR,ERR,ERR,ERR,ERR,ERR,ERR,ERR,ERR,ERR,ERR,ERR,ERR,ERR,ERR,ERR,ERR,ERR,ERR,ERR,ERR,ERR,ERR,ERR,ERR,ERR,ERR,ERR,ERR,ERR,ERR,ERR,ERR,ERR,ERR,ERR,ERR,ERR,ERR,ERR,ERR,ERR,ERR,ERR,ERR,ERR,ERR,ERR,ERR,ERR,ERR,ERR,ERR,ERR,ERR,ERR,ERR,ERR,ERR,-107615880.0,-0.0,0.0,0.0,140341403451392.0,-0.0,-0.0,0.103,4300,0,8,17170,4300,0.0,41,0.0,0.0,0.0,0.0,-0.0,0,0,0,0,0.0,0,0,0,0,0,0,0,0,0,0,0,0,0,0,0,0,0,0,0,0,0,0,0,0,0,0,0,0,0,0,0,0,0,7,37,37,44,65476,378,65476,1,0,4,21553,0.0,0.0,0.0,0.0,0.0,0.0,0.0,0.0,0.0,0.0,0.0,0.0,0.0,0.0,0.0,0.0,0.0,0.0,0.0,0.0,0.0,2.004,0.0,-3.6970818999223845e+19,0.0,-0.0,0.0,0.0,0.0,0.0,6563.0,-1.5879386089525827e+29,0.0,0.0,-0.0,0.0,0.0,0.0,0.0,2.004,2.004,228,-3.222002398308886e+26,-152018270289920.0,0.0,0.0,0.0,0.0,0.0,0.0,0.0,0,0,0,6.663513525767807e+31,-2.1581446440459926e+35,0.0,-8.584017852745321e+34,0.0,6.476208059889196e+28,1.893946777966016e+20,175384.047,-5.4709807363712e+26,-1.0915691038903751e+33,-1124549.125,3.9140615586442117e+18,0.0,0.002,0.0,0.0,0,1.3516416376850534e+27,228,0.0,456,-621855232.0,5.6142779363101766e+35,2112,52429,17109,52429,17111,0,17096,0,0,0,101,100,100,-107615256.0,65.9,-107615264.0,66.2,2.7302341356354147e+23,66.0,1,49,50,180,52429,52429,0,0,0.0,0.0,0.0,60.0,4.845525016756262e+24,71.0,0.0,-0.0,0.0,1069,0,1069,0,0,0,1069,0,1079,0,1000,0,663,0,664,0,659,0,681,0.032,1.4536034330083127e+22,-0.0,2.730234856211355e+23,656,16814,1.1157552289595449e+29,-4296984588451840.0,0.0,-0.0,-0.0,0.0,50.0,60.0,35,0.0,0.0,10.0,2.0,0.0,0.0,0.0,0.0,0.0,0.0,0.0,0.0,0.0,0.0,0.0,0.0,58.8,48,15,65515,27,65476,0,300,0,0,8,20529,65476,0,0,30147,60.0,0.0,10.0,10.0,2.0,0.0
2026-02-16T12:45:20,ERR,ERR,ERR,ERR,ERR,ERR,ERR,ERR,ERR,ERR,ERR,ERR,ERR,ERR,ERR,ERR,ERR,ERR,ERR,ERR,ERR,ERR,ERR,ERR,ERR,ERR,ERR,ERR,ERR,ERR,ERR,ERR,ERR,ERR,ERR,ERR,ERR,ERR,ERR,ERR,ERR,ERR,ERR,ERR,ERR,ERR,ERR,ERR,ERR,ERR,ERR,ERR,ERR,ERR,ERR,ERR,ERR,ERR,ERR,ERR,ERR,ERR,ERR,ERR,ERR,ERR,ERR,ERR,ERR,ERR,ERR,ERR,ERR,ERR,ERR,ERR,ERR,ERR,ERR,ERR,ERR,ERR,ERR,ERR,ERR,ERR,ERR,ERR,ERR,ERR,ERR,ERR,ERR,ERR,ERR,ERR,ERR,ERR,ERR,ERR,ERR,ERR,ERR,ERR,ERR,ERR,ERR,ERR,ERR,ERR,ERR,ERR,ERR,ERR,ERR,ERR,ERR,ERR,ERR,ERR,ERR,ERR,ERR,ERR,ERR,0.0,-0.0,-107090032.0,0.0,-3.160207272547048e+29,-0.0,-0.958,-0.0,4300,0,8,17170,4300,0.0,41,0.0,0.0,0.0,0.0,-0.0,0,0,0,0,0.0,0,0,0,0,0,0,0,0,0,0,0,0,0,0,0,0,0,0,0,0,0,0,0,0,0,0,0,0,0,0,0,0,0,7,37,37,44,65476,374,65476,1,0,4,21553,0.0,-0.0,0.0,0.0,0.0,0.0,0.0,0.0,0.0,0.0,0.0,0.0,0.0,0.0,0.0,0.0,0.0,0.0,0.0,0.0,0.0,2.004,0.0,-3.6970818999223845e+19,-3.697074863047967e+19,3.697075742657269e+19,0.0,0.0,0.0,0.0,6597.0,0.0,0.0,-107615880.0,-0.0,-107616248.0,0.0,0.0,0.0,2.004,2.004,227,-2.30882787541985e+20,-5.848079055467333e+35,0.0,0.0,0.0,0.0,0.0,0.0,0.0,0,0,0,-0.0,0.0,0.0,0.0,781.054,0.0,0.0,-0.0,0.0,-1.157486935102243e+33,-1231045.125,4.1302343407579955e+18,0.0,0.002,0.0,0.0,0,1.3516416376850534e+27,228,0.0,456,2.40156025918058e+36,599251620986880.0,2112,52429,17109,52429,17111,0,17096,0,0,0,101,100,100,-107615256.0,65.9,-107615264.0,66.3,-0.0,66.0,1,49,50,180,52429,52429,0,0,0.0,0.0,0.0,60.0,479958770122752.0,71.0,0.0,-550852296704.0,0.0,1069,0,1069,0,0,0,1069,0,1079,0,1000,0,663,0,664,0,659,0,681,0.032,1.4462247353788288e+22,2.004,0.0,8336,16814,479958770122752.0,-550852296704.0,-1.9076906987360358e+27,0.0,2.0336425654316597e+23,-99745888.0,50.0,60.0,35,0.0,0.0,10.0,2.0,0.0,0.0,0.0,0.0,0.0,0.0,0.0,0.0,0.0,0.0,0.0,0.0,58.8,48,15,65515,27,65476,0,300,0,0,8,20529,65476,0,0,30147,60.0,0.0,10.0,10.0,2.0,0.0
2026-02-16T12:45:21,ERR,ERR,ERR,ERR,ERR,ERR,ERR,ERR,ERR,ERR,ERR,ERR,ERR,ERR,ERR,ERR,ERR,ERR,ERR,ERR,ERR,ERR,ERR,ERR,ERR,ERR,ERR,ERR,ERR,ERR,ERR,ERR,ERR,ERR,ERR,ERR,ERR,ERR,ERR,ERR,ERR,ERR,ERR,ERR,ERR,ERR,ERR,ERR,ERR,ERR,ERR,ERR,ERR,ERR,ERR,ERR,ERR,ERR,ERR,ERR,ERR,ERR,ERR,ERR,ERR,ERR,ERR,ERR,ERR,ERR,ERR,ERR,ERR,ERR,ERR,ERR,ERR,ERR,ERR,ERR,ERR,ERR,ERR,ERR,ERR,ERR,ERR,ERR,ERR,ERR,ERR,ERR,ERR,ERR,ERR,ERR,ERR,ERR,ERR,ERR,ERR,ERR,ERR,ERR,ERR,ERR,ERR,ERR,ERR,ERR,ERR,ERR,ERR,ERR,ERR,ERR,ERR,ERR,ERR,ERR,ERR,ERR,ERR,ERR,ERR,0.0,-0.0,-107090032.0,0.0,-3.160207272547048e+29,-0.0,-0.958,-0.0,4300,0,8,17170,4300,0.0,41,0.0,0.0,0.0,0.0,-0.0,0,0,0,0,0.0,0,0,0,0,0,0,0,0,0,0,0,0,0,0,0,0,0,0,0,0,0,0,0,0,0,0,0,0,0,0,0,0,0,7,37,37,44,65476,374,65476,1,0,4,21553,0.0,-0.0,0.0,0.0,0.0,0.0,0.0,0.0,0.0,0.0,0.0,0.0,0.0,0.0,0.0,0.0,0.0,0.0,0.0,0.0,0.0,2.004,0.0,-3.6970818999223845e+19,-3.697074863047967e+19,3.697075742657269e+19,0.0,0.0,0.0,0.0,6597.0,0.0,0.0,-107615880.0,-0.0,-107616248.0,0.0,0.0,0.0,2.004,2.004,227,-2.30882787541985e+20,-5.848079055467333e+35,0.0,0.0,0.0,0.0,0.0,0.0,0.0,0,0,0,-0.0,0.0,0.0,0.0,781.054,0.0,0.0,-0.0,0.0,-1.157486935102243e+33,-1231045.125,4.1302343407579955e+18,0.0,0.002,0.0,0.0,0,1.3516416376850534e+27,228,0.0,456,2.40156025918058e+36,599251620986880.0,2112,52429,17109,52429,17111,0,17096,0,0,0,101,100,100,-107615256.0,65.9,-107615264.0,66.3,-0.0,66.0,1,49,50,180,52429,52429,0,0,0.0,0.0,0.0,60.0,479958770122752.0,71.0,0.0,-550852296704.0,0.0,1069,0,1069,0,0,0,1069,0,1079,0,1000,0,663,0,664,0,659,0,681,0.032,1.4462247353788288e+22,2.004,0.0,8336,16814,479958770122752.0,-550852296704.0,-1.9076906987360358e+27,0.0,2.0336425654316597e+23,-99745888.0,50.0,60.0,35,0.0,0.0,10.0,2.0,0.0,0.0,0.0,0.0,0.0,0.0,0.0,0.0,0.0,0.0,0.0,0.0,58.8,48,15,65515,27,65476,0,300,0,0,8,20529,65476,0,0,30147,60.0,0.0,10.0,10.0,2.0,0.0
2026-02-16T12:45:22,ERR,ERR,ERR,ERR,ERR,ERR,ERR,ERR,ERR,ERR,ERR,ERR,ERR,ERR,ERR,ERR,ERR,ERR,ERR,ERR,ERR,ERR,ERR,ERR,ERR,ERR,ERR,ERR,ERR,ERR,ERR,ERR,ERR,ERR,ERR,ERR,ERR,ERR,ERR,ERR,ERR,ERR,ERR,ERR,ERR,ERR,ERR,ERR,ERR,ERR,ERR,ERR,ERR,ERR,ERR,ERR,ERR,ERR,ERR,ERR,ERR,ERR,ERR,ERR,ERR,ERR,ERR,ERR,ERR,ERR,ERR,ERR,ERR,ERR,ERR,ERR,ERR,ERR,ERR,ERR,ERR,ERR,ERR,ERR,ERR,ERR,ERR,ERR,ERR,ERR,ERR,ERR,ERR,ERR,ERR,ERR,ERR,ERR,ERR,ERR,ERR,ERR,ERR,ERR,ERR,ERR,ERR,ERR,ERR,ERR,ERR,ERR,ERR,ERR,ERR,ERR,ERR,ERR,ERR,ERR,ERR,ERR,ERR,ERR,ERR,0.0,-0.0,-107090032.0,0.0,-3.160207272547048e+29,-0.0,-0.958,-0.0,4300,0,8,17170,4300,0.0,41,0.0,0.0,0.0,0.0,-0.0,0,0,0,0,0.0,0,0,0,0,0,0,0,0,0,0,0,0,0,0,0,0,0,0,0,0,0,0,0,0,0,0,0,0,0,0,0,0,0,7,37,37,44,65476,374,65476,1,0,4,21553,0.0,-0.0,0.0,0.0,0.0,0.0,0.0,0.0,0.0,0.0,0.0,0.0,0.0,0.0,0.0,0.0,0.0,0.0,0.0,0.0,0.0,2.004,0.0,-3.6970818999223845e+19,-3.697074863047967e+19,3.697075742657269e+19,0.0,0.0,0.0,0.0,6597.0,0.0,0.0,-107615880.0,-0.0,-107616248.0,0.0,0.0,0.0,2.004,2.004,227,-2.30882787541985e+20,-5.848079055467333e+35,0.0,0.0,0.0,0.0,0.0,0.0,0.0,0,0,0,-0.0,0.0,0.0,0.0,781.054,0.0,0.0,-0.0,0.0,-1.157486935102243e+33,-1231045.125,4.1302343407579955e+18,0.0,0.002,0.0,0.0,0,1.3516416376850534e+27,228,0.0,456,2.40156025918058e+36,599251620986880.0,2112,52429,17109,52429,17111,0,17096,0,0,0,101,100,100,-107615256.0,65.9,-107615264.0,66.3,-0.0,66.0,1,49,50,180,52429,52429,0,0,0.0,0.0,0.0,60.0,479958770122752.0,71.0,0.0,-550852296704.0,0.0,1069,0,1069,0,0,0,1069,0,1079,0,1000,0,663,0,664,0,659,0,681,0.032,1.4462247353788288e+22,2.004,0.0,8336,16814,479958770122752.0,-550852296704.0,-1.9076906987360358e+27,0.0,2.0336425654316597e+23,-99745888.0,50.0,60.0,35,0.0,0.0,10.0,2.0,0.0,0.0,0.0,0.0,0.0,0.0,0.0,0.0,0.0,0.0,0.0,0.0,58.8,48,15,65515,27,65476,0,300,0,0,8,20529,65476,0,0,30147,60.0,0.0,10.0,10.0,2.0,0.0
2026-02-16T12:45:23,ERR,ERR,ERR,ERR,ERR,ERR,ERR,ERR,ERR,ERR,ERR,ERR,ERR,ERR,ERR,ERR,ERR,ERR,ERR,ERR,ERR,ERR,ERR,ERR,ERR,ERR,ERR,ERR,ERR,ERR,ERR,ERR,ERR,ERR,ERR,ERR,ERR,ERR,ERR,ERR,ERR,ERR,ERR,ERR,ERR,ERR,ERR,ERR,ERR,ERR,ERR,ERR,ERR,ERR,ERR,ERR,ERR,ERR,ERR,ERR,ERR,ERR,ERR,ERR,ERR,ERR,ERR,ERR,ERR,ERR,ERR,ERR,ERR,ERR,ERR,ERR,ERR,ERR,ERR,ERR,ERR,ERR,ERR,ERR,ERR,ERR,ERR,ERR,ERR,ERR,ERR,ERR,ERR,ERR,ERR,ERR,ERR,ERR,ERR,ERR,ERR,ERR,ERR,ERR,ERR,ERR,ERR,ERR,ERR,ERR,ERR,ERR,ERR,ERR,ERR,ERR,ERR,ERR,ERR,ERR,ERR,ERR,ERR,ERR,ERR,0.0,-0.0,-107090032.0,0.0,-3.160207272547048e+29,-0.0,-0.958,-0.0,4300,0,8,17170,4300,0.0,41,0.0,0.0,0.0,0.0,-0.0,0,0,0,0,0.0,0,0,0,0,0,0,0,0,0,0,0,0,0,0,0,0,0,0,0,0,0,0,0,0,0,0,0,0,0,0,0,0,0,7,37,37,44,65476,374,65476,1,0,4,21553,0.0,-0.0,0.0,0.0,0.0,0.0,0.0,0.0,0.0,0.0,0.0,0.0,0.0,0.0,0.0,0.0,0.0,0.0,0.0,0.0,0.0,2.004,0.0,-3.6970818999223845e+19,-3.697074863047967e+19,3.697075742657269e+19,0.0,0.0,0.0,0.0,6597.0,0.0,0.0,-107615880.0,-0.0,-107616248.0,0.0,0.0,0.0,2.004,2.004,227,-2.30882787541985e+20,-5.848079055467333e+35,0.0,0.0,0.0,0.0,0.0,0.0,0.0,0,0,0,-0.0,0.0,0.0,0.0,781.054,0.0,0.0,-0.0,0.0,-1.157486935102243e+33,-1231045.125,4.1302343407579955e+18,0.0,0.002,0.0,0.0,0,1.3516416376850534e+27,228,0.0,456,2.40156025918058e+36,599251620986880.0,2112,52429,17109,52429,17111,0,17096,0,0,0,101,100,100,-107615256.0,65.9,-107615264.0,66.3,-0.0,66.0,1,49,50,180,52429,52429,0,0,0.0,0.0,0.0,60.0,9.463916048352075e+21,71.0,0.0,-55595512102912.0,0.0,1068,0,1069,0,0,0,1069,0,1079,0,1000,0,663,0,664,0,659,0,682,0.032,1.4609821306377965e+22,-0.0,2.730234856211355e+23,60944,16813,41408847872.0,0.0,0.0,-166165299200.0,-0.0,-1.357092901434554e+29,50.0,60.0,35,0.0,0.0,10.0,2.0,0.0,0.0,0.0,0.0,0.0,0.0,0.0,0.0,0.0,0.0,0.0,0.0,58.8,48,15,65515,27,65476,0,300,0,0,8,20529,65476,0,0,30147,60.0,0.0,10.0,10.0,2.0,0.0
2026-02-16T12:45:24,ERR,ERR,ERR,ERR,ERR,ERR,ERR,ERR,ERR,ERR,ERR,ERR,ERR,ERR,ERR,ERR,ERR,ERR,ERR,ERR,ERR,ERR,ERR,ERR,ERR,ERR,ERR,ERR,ERR,ERR,ERR,ERR,ERR,ERR,ERR,ERR,ERR,ERR,ERR,ERR,ERR,ERR,ERR,ERR,ERR,ERR,ERR,ERR,ERR,ERR,ERR,ERR,ERR,ERR,ERR,ERR,ERR,ERR,ERR,ERR,ERR,ERR,ERR,ERR,ERR,ERR,ERR,ERR,ERR,ERR,ERR,ERR,ERR,ERR,ERR,ERR,ERR,ERR,ERR,ERR,ERR,ERR,ERR,ERR,ERR,ERR,ERR,ERR,ERR,ERR,ERR,ERR,ERR,ERR,ERR,ERR,ERR,ERR,ERR,ERR,ERR,ERR,ERR,ERR,ERR,ERR,ERR,ERR,ERR,ERR,ERR,ERR,ERR,ERR,ERR,ERR,ERR,ERR,ERR,ERR,ERR,ERR,ERR,ERR,ERR,0.0,-0.0,-107090032.0,0.0,-3.160207272547048e+29,-0.0,-0.958,-0.0,4300,0,8,17170,4300,0.0,41,0.0,0.0,0.0,0.0,-0.0,0,0,0,0,0.0,0,0,0,0,0,0,0,0,0,0,0,0,0,0,0,0,0,0,0,0,0,0,0,0,0,0,0,0,0,0,0,0,0,7,37,37,44,65476,374,65476,1,0,4,21553,0.0,-0.0,0.0,0.0,0.0,0.0,0.0,0.0,0.0,0.0,0.0,0.0,0.0,0.0,0.0,0.0,0.0,0.0,0.0,0.0,0.0,2.004,0.0,-3.6970818999223845e+19,-3.697074863047967e+19,3.697075742657269e+19,0.0,0.0,0.0,0.0,6597.0,0.0,0.0,-107615880.0,-0.0,-107616248.0,0.0,0.0,0.0,2.004,2.004,227,-2.30882787541985e+20,-5.848079055467333e+35,0.0,0.0,0.0,0.0,0.0,0.0,0.0,0,0,0,-0.0,0.0,0.0,0.0,781.054,0.0,0.0,-0.0,0.0,-1.157486935102243e+33,-1231045.125,4.1302343407579955e+18,0.0,0.002,0.0,0.0,0,1.3516416376850534e+27,228,0.0,456,2.40156025918058e+36,599251620986880.0,2112,52429,17109,52429,17111,0,17096,0,0,0,101,100,100,-107615256.0,65.9,-107615264.0,66.3,-0.0,66.0,1,49,50,180,52429,52429,0,0,0.0,0.0,0.0,60.0,9.463916048352075e+21,71.0,0.0,-55595512102912.0,0.0,1068,0,1069,0,0,0,1069,0,1079,0,1000,0,663,0,664,0,659,0,682,0.032,1.4609821306377965e+22,-0.0,2.730234856211355e+23,60944,16813,41408847872.0,0.0,0.0,-166165299200.0,-0.0,-1.357092901434554e+29,50.0,60.0,35,0.0,0.0,10.0,2.0,0.0,0.0,0.0,0.0,0.0,0.0,0.0,0.0,0.0,0.0,0.0,0.0,58.8,48,15,65515,27,65476,0,300,0,0,8,20529,65476,0,0,30147,60.0,0.0,10.0,10.0,2.0,0.0
2026-02-16T12:45:25,ERR,ERR,ERR,ERR,ERR,ERR,ERR,ERR,ERR,ERR,ERR,ERR,ERR,ERR,ERR,ERR,ERR,ERR,ERR,ERR,ERR,ERR,ERR,ERR,ERR,ERR,ERR,ERR,ERR,ERR,ERR,ERR,ERR,ERR,ERR,ERR,ERR,ERR,ERR,ERR,ERR,ERR,ERR,ERR,ERR,ERR,ERR,ERR,ERR,ERR,ERR,ERR,ERR,ERR,ERR,ERR,ERR,ERR,ERR,ERR,ERR,ERR,ERR,ERR,ERR,ERR,ERR,ERR,ERR,ERR,ERR,ERR,ERR,ERR,ERR,ERR,ERR,ERR,ERR,ERR,ERR,ERR,ERR,ERR,ERR,ERR,ERR,ERR,ERR,ERR,ERR,ERR,ERR,ERR,ERR,ERR,ERR,ERR,ERR,ERR,ERR,ERR,ERR,ERR,ERR,ERR,ERR,ERR,ERR,ERR,ERR,ERR,ERR,ERR,ERR,ERR,ERR,ERR,ERR,ERR,ERR,ERR,ERR,ERR,ERR,-107615880.0,-0.0,0.0,0.0,140341403451392.0,-0.0,-0.0,0.0,4300,0,8,17170,4300,0.0,41,0.0,0.0,0.0,0.0,-0.0,0,0,0,0,0.0,0,0,0,0,0,0,0,0,0,0,0,0,0,0,0,0,0,0,0,0,0,0,0,0,0,0,0,0,0,0,0,0,0,7,37,37,44,65476,373,65476,1,0,4,21553,0.0,-0.0,0.0,0.0,0.0,0.0,0.0,0.0,0.0,0.0,0.0,0.0,0.0,0.0,-2.600982585120823e+33,0.0,0.0,0.0,0.0,0.0,0.0,2.004,0.0,-3.6970818999223845e+19,-3.697074863047967e+19,2.004,0.0,0.0,0.0,0.0,6601.0,-0.0,0.0,-107615880.0,-0.0,-107616248.0,0.0,0.0,0.0,2.004,2.004,228,-4.950401131092143e+32,0.0,0.0,0.0,0.0,0.0,0.0,0.0,0.0,0,0,0,-0.0,13280548487168.0,0.0,0.0,13.704,0.0,-1.8844279804733373e+34,2.5057826565426134e+26,-0.0,-1.223404766314111e+33,-1321157.125,4.3464071228717793e+18,0.0,0.002,0.0,-4.165594563278172e+29,0,1.3516416376850534e+27,228,0.0,456,-621855232.0,5.6142779363101766e+35,2112,52429,17109,52429,17111,0,17096,0,0,0,101,100,100,-107615256.0,65.9,-107615264.0,66.3,-0.0,66.0,1,49,50,180,52429,52429,0,0,0.0,0.0,0.0,60.0,9.463916048352075e+21,71.0,0.0,-55595512102912.0,0.0,1068,0,1069,0,0,0,1069,0,1079,0,1000,0,663,0,664,0,659,0,682,0.032,1.4609821306377965e+22,-0.0,2.730234856211355e+23,60944,16813,41408847872.0,0.0,0.0,-166165299200.0,-0.0,-1.357092901434554e+29,50.0,60.0,35,0.0,0.0,10.0,2.0,0.0,0.0,0.0,0.0,0.0,0.0,0.0,0.0,0.0,0.0,0.0,0.0,58.8,48,15,65515,27,65476,0,300,0,0,8,20529,65476,0,0,30147,60.0,0.0,10.0,10.0,2.0,0.0
2026-02-16T12:45:26,ERR,ERR,ERR,ERR,ERR,ERR,ERR,ERR,ERR,ERR,ERR,ERR,ERR,ERR,ERR,ERR,ERR,ERR,ERR,ERR,ERR,ERR,ERR,ERR,ERR,ERR,ERR,ERR,ERR,ERR,ERR,ERR,ERR,ERR,ERR,ERR,ERR,ERR,ERR,ERR,ERR,ERR,ERR,ERR,ERR,ERR,ERR,ERR,ERR,ERR,ERR,ERR,ERR,ERR,ERR,ERR,ERR,ERR,ERR,ERR,ERR,ERR,ERR,ERR,ERR,ERR,ERR,ERR,ERR,ERR,ERR,ERR,ERR,ERR,ERR,ERR,ERR,ERR,ERR,ERR,ERR,ERR,ERR,ERR,ERR,ERR,ERR,ERR,ERR,ERR,ERR,ERR,ERR,ERR,ERR,ERR,ERR,ERR,ERR,ERR,ERR,ERR,ERR,ERR,ERR,ERR,ERR,ERR,ERR,ERR,ERR,ERR,ERR,ERR,ERR,ERR,ERR,ERR,ERR,ERR,ERR,ERR,ERR,ERR,ERR,-107615880.0,-0.0,0.0,0.0,140341403451392.0,-0.0,-0.0,0.0,4300,0,8,17170,4300,0.0,41,0.0,0.0,0.0,0.0,-0.0,0,0,0,0,0.0,0,0,0,0,0,0,0,0,0,0,0,0,0,0,0,0,0,0,0,0,0,0,0,0,0,0,0,0,0,0,0,0,0,7,37,37,44,65476,373,65476,1,0,4,21553,0.0,-0.0,0.0,0.0,0.0,0.0,0.0,0.0,0.0,0.0,0.0,0.0,0.0,0.0,-2.600982585120823e+33,0.0,0.0,0.0,0.0,0.0,0.0,2.004,0.0,-3.6970818999223845e+19,-3.697074863047967e+19,2.004,0.0,0.0,0.0,0.0,6601.0,-0.0,0.0,-107615880.0,-0.0,-107616248.0,0.0,0.0,0.0,2.004,2.004,228,-4.950401131092143e+32,0.0,0.0,0.0,0.0,0.0,0.0,0.0,0.0,0,0,0,-0.0,13280548487168.0,0.0,0.0,13.704,0.0,-1.8844279804733373e+34,2.5057826565426134e+26,-0.0,-1.223404766314111e+33,-1321157.125,4.3464071228717793e+18,0.0,0.002,0.0,-4.165594563278172e+29,0,1.3516416376850534e+27,228,0.0,456,-621855232.0,5.6142779363101766e+35,2112,52429,17109,52429,17111,0,17096,0,0,0,101,100,100,-107615256.0,65.9,-107615264.0,66.3,-0.0,66.0,1,49,50,180,52429,52429,0,0,0.0,0.0,0.0,60.0,137718104064.0,71.0,0.0,0.0,0.0,1068,0,1069,0,0,0,1069,0,1079,0,1000,0,663,0,664,0,659,0,682,0.032,1.4609821306377965e+22,-0.0,2.730234856211355e+23,55184,16813,308.52,-279456608.0,-0.0,-295823409152.0,0.0,-0.0,50.0,60.0,35,0.0,0.0,10.0,2.0,0.0,0.0,0.0,0.0,0.0,0.0,0.0,0.0,0.0,0.0,0.0,0.0,58.8,48,15,65515,27,65476,0,300,0,0,8,20529,65476,0,0,30147,60.0,0.0,10.0,10.0,2.0,0.0
2026-02-16T12:45:27,ERR,ERR,ERR,ERR,ERR,ERR,ERR,ERR,ERR,ERR,ERR,ERR,ERR,ERR,ERR,ERR,ERR,ERR,ERR,ERR,ERR,ERR,ERR,ERR,ERR,ERR,ERR,ERR,ERR,ERR,ERR,ERR,ERR,ERR,ERR,ERR,ERR,ERR,ERR,ERR,ERR,ERR,ERR,ERR,ERR,ERR,ERR,ERR,ERR,ERR,ERR,ERR,ERR,ERR,ERR,ERR,ERR,ERR,ERR,ERR,ERR,ERR,ERR,ERR,ERR,ERR,ERR,ERR,ERR,ERR,ERR,ERR,ERR,ERR,ERR,ERR,ERR,ERR,ERR,ERR,ERR,ERR,ERR,ERR,ERR,ERR,ERR,ERR,ERR,ERR,ERR,ERR,ERR,ERR,ERR,ERR,ERR,ERR,ERR,ERR,ERR,ERR,ERR,ERR,ERR,ERR,ERR,ERR,ERR,ERR,ERR,ERR,ERR,ERR,ERR,ERR,ERR,ERR,ERR,ERR,ERR,ERR,ERR,ERR,ERR,-107615880.0,-0.0,0.0,0.0,140341403451392.0,-0.0,-0.0,0.0,4300,0,8,17170,4300,0.0,41,0.0,0.0,0.0,0.0,-0.0,0,0,0,0,0.0,0,0,0,0,0,0,0,0,0,0,0,0,0,0,0,0,0,0,0,0,0,0,0,0,0,0,0,0,0,0,0,0,0,7,37,37,44,65476,373,65476,1,0,4,21553,0.0,-0.0,0.0,0.0,0.0,0.0,0.0,0.0,0.0,0.0,0.0,0.0,0.0,0.0,-2.600982585120823e+33,0.0,0.0,0.0,0.0,0.0,0.0,2.004,0.0,-3.6970818999223845e+19,-3.697074863047967e+19,2.004,0.0,0.0,0.0,0.0,6601.0,-0.0,0.0,-107615880.0,-0.0,-107616248.0,0.0,0.0,0.0,2.004,2.004,228,-4.950401131092143e+32,0.0,0.0,0.0,0.0,0.0,0.0,0.0,0.0,0,0,0,-0.0,13280548487168.0,0.0,0.0,13.704,0.0,-1.8844279804733373e+34,2.5057826565426134e+26,-0.0,-1.223404766314111e+33,-1321157.125,4.3464071228717793e+18,0.0,0.002,0.0,-4.165594563278172e+29,0,1.3516416376850534e+27,228,0.0,456,-621855232.0,5.6142779363101766e+35,2112,52429,17109,52429,17111,0,17096,0,0,0,101,100,100,-107615256.0,65.9,-107615264.0,66.3,-0.0,66.0,1,49,50,180,52429,52429,0,0,0.0,0.0,0.0,60.0,137718104064.0,71.0,0.0,0.0,0.0,1068,0,1069,0,0,0,1069,0,1079,0,1000,0,663,0,664,0,659,0,682,0.032,1.4609821306377965e+22,-0.0,2.730234856211355e+23,55184,16813,308.52,-279456608.0,-0.0,-295823409152.0,0.0,-0.0,50.0,60.0,35,0.0,0.0,10.0,2.0,0.0,0.0,0.0,0.0,0.0,0.0,0.0,0.0,0.0,0.0,0.0,0.0,58.8,48,15,65515,27,65476,0,300,0,0,8,20529,65476,0,0,30147,60.0,0.0,10.0,10.0,2.0,0.0
2026-02-16T12:45:28,ERR,ERR,ERR,ERR,ERR,ERR,ERR,ERR,ERR,ERR,ERR,ERR,ERR,ERR,ERR,ERR,ERR,ERR,ERR,ERR,ERR,ERR,ERR,ERR,ERR,ERR,ERR,ERR,ERR,ERR,ERR,ERR,ERR,ERR,ERR,ERR,ERR,ERR,ERR,ERR,ERR,ERR,ERR,ERR,ERR,ERR,ERR,ERR,ERR,ERR,ERR,ERR,ERR,ERR,ERR,ERR,ERR,ERR,ERR,ERR,ERR,ERR,ERR,ERR,ERR,ERR,ERR,ERR,ERR,ERR,ERR,ERR,ERR,ERR,ERR,ERR,ERR,ERR,ERR,ERR,ERR,ERR,ERR,ERR,ERR,ERR,ERR,ERR,ERR,ERR,ERR,ERR,ERR,ERR,ERR,ERR,ERR,ERR,ERR,ERR,ERR,ERR,ERR,ERR,ERR,ERR,ERR,ERR,ERR,ERR,ERR,ERR,ERR,ERR,ERR,ERR,ERR,ERR,ERR,ERR,ERR,ERR,ERR,ERR,ERR,-107615880.0,-0.0,0.0,0.0,140341403451392.0,-0.0,-0.0,0.0,4300,0,8,17170,4300,0.0,41,0.0,0.0,0.0,0.0,-0.0,0,0,0,0,0.0,0,0,0,0,0,0,0,0,0,0,0,0,0,0,0,0,0,0,0,0,0,0,0,0,0,0,0,0,0,0,0,0,0,7,37,37,44,65476,373,65476,1,0,4,21553,0.0,-0.0,0.0,0.0,0.0,0.0,0.0,0.0,0.0,0.0,0.0,0.0,0.0,0.0,-2.600982585120823e+33,0.0,0.0,0.0,0.0,0.0,0.0,2.004,0.0,-3.6970818999223845e+19,-3.697074863047967e+19,2.004,0.0,0.0,0.0,0.0,6601.0,-0.0,0.0,-107615880.0,-0.0,-107616248.0,0.0,0.0,0.0,2.004,2.004,228,-4.950401131092143e+32,0.0,0.0,0.0,0.0,0.0,0.0,0.0,0.0,0,0,0,-0.0,13280548487168.0,0.0,0.0,13.704,0.0,-1.8844279804733373e+34,2.5057826565426134e+26,-0.0,-1.223404766314111e+33,-1321157.125,4.3464071228717793e+18,0.0,0.002,0.0,-4.165594563278172e+29,0,1.3516416376850534e+27,228,0.0,456,-621855232.0,5.6142779363101766e+35,2112,52429,17109,52429,17111,0,17096,0,0,0,101,100,100,-107615256.0,65.9,-107615264.0,66.3,-0.0,66.0,1,49,50,180,52429,52429,0,0,0.0,0.0,0.0,60.0,137718104064.0,71.0,0.0,0.0,0.0,1068,0,1069,0,0,0,1069,0,1079,0,1000,0,663,0,664,0,659,0,682,0.032,1.4609821306377965e+22,-0.0,2.730234856211355e+23,55184,16813,308.52,-279456608.0,-0.0,-295823409152.0,0.0,-0.0,50.0,60.0,35,0.0,0.0,10.0,2.0,0.0,0.0,0.0,0.0,0.0,0.0,0.0,0.0,0.0,0.0,0.0,0.0,58.8,48,15,65515,27,65476,0,300,0,0,8,20529,65476,0,0,30147,60.0,0.0,10.0,10.0,2.0,0.0
2026-02-16T12:45:29,ERR,ERR,ERR,ERR,ERR,ERR,ERR,ERR,ERR,ERR,ERR,ERR,ERR,ERR,ERR,ERR,ERR,ERR,ERR,ERR,ERR,ERR,ERR,ERR,ERR,ERR,ERR,ERR,ERR,ERR,ERR,ERR,ERR,ERR,ERR,ERR,ERR,ERR,ERR,ERR,ERR,ERR,ERR,ERR,ERR,ERR,ERR,ERR,ERR,ERR,ERR,ERR,ERR,ERR,ERR,ERR,ERR,ERR,ERR,ERR,ERR,ERR,ERR,ERR,ERR,ERR,ERR,ERR,ERR,ERR,ERR,ERR,ERR,ERR,ERR,ERR,ERR,ERR,ERR,ERR,ERR,ERR,ERR,ERR,ERR,ERR,ERR,ERR,ERR,ERR,ERR,ERR,ERR,ERR,ERR,ERR,ERR,ERR,ERR,ERR,ERR,ERR,ERR,ERR,ERR,ERR,ERR,ERR,ERR,ERR,ERR,ERR,ERR,ERR,ERR,ERR,ERR,ERR,ERR,ERR,ERR,ERR,ERR,ERR,ERR,-107615880.0,-0.0,0.0,0.0,140341403451392.0,-0.0,-0.0,0.066,4300,0,8,17170,4300,0.0,41,0.0,0.0,0.0,0.0,-0.0,0,0,0,0,0.0,0,0,0,0,0,0,0,0,0,0,0,0,0,0,0,0,0,0,0,0,0,0,0,0,0,0,0,0,0,0,0,0,0,7,37,37,44,65476,369,65476,1,0,4,21553,0.0,-0.0,0.0,0.0,0.0,0.0,0.0,0.0,0.0,0.0,0.0,0.0,0.0,0.0,0.0,0.0,0.0,0.0,0.0,0.0,0.0,2.004,0.0,-3.6970818999223845e+19,-3.697074863047967e+19,0.0,0.0,0.0,0.0,0.0,6596.0,-2.004,0.0,-107615880.0,-0.0,-107616248.0,0.0,-0.0,0.0,2.004,2.004,228,-152017263656960.0,126841028608.0,0.0,0.0,0.0,0.0,0.0,0.0,0.0,0,0,0,-0.0,-1.2101705321177468e+27,0.0,-0.0,0.0,-178527984.0,-0.0,-0.0,-2.5263062687098893e+36,-1.284251995125066e+33,-1427653.125,4.580594303495045e+18,0.0,0.003,0.0,0.0,0,1.3516416376850534e+27,228,0.0,456,2.40156025918058e+36,599251620986880.0,2112,52429,17109,52429,17111,0,17096,0,0,0,101,100,100,-107615256.0,65.9,-107615264.0,66.3,-0.0,66.0,1,49,50,180,52429,52429,0,0,0.0,0.0,0.0,60.0,137718104064.0,71.0,0.0,0.0,0.0,1068,0,1069,0,0,0,1069,0,1079,0,1000,0,663,0,664,0,659,0,682,0.032,1.4609821306377965e+22,-0.0,2.730234856211355e+23,55184,16813,308.52,-279456608.0,-0.0,-295823409152.0,0.0,-0.0,50.0,60.0,35,0.0,0.0,10.0,2.0,0.0,0.0,0.0,0.0,0.0,0.0,0.0,0.0,0.0,0.0,0.0,0.0,58.8,47,16,65515,27,65476,0,300,0,0,8,20529,65476,0,0,30147,60.0,0.0,10.0,10.0,2.0,0.0
2026-02-16T12:45:30,ERR,ERR,ERR,ERR,ERR,ERR,ERR,ERR,ERR,ERR,ERR,ERR,ERR,ERR,ERR,ERR,ERR,ERR,ERR,ERR,ERR,ERR,ERR,ERR,ERR,ERR,ERR,ERR,ERR,ERR,ERR,ERR,ERR,ERR,ERR,ERR,ERR,ERR,ERR,ERR,ERR,ERR,ERR,ERR,ERR,ERR,ERR,ERR,ERR,ERR,ERR,ERR,ERR,ERR,ERR,ERR,ERR,ERR,ERR,ERR,ERR,ERR,ERR,ERR,ERR,ERR,ERR,ERR,ERR,ERR,ERR,ERR,ERR,ERR,ERR,ERR,ERR,ERR,ERR,ERR,ERR,ERR,ERR,ERR,ERR,ERR,ERR,ERR,ERR,ERR,ERR,ERR,ERR,ERR,ERR,ERR,ERR,ERR,ERR,ERR,ERR,ERR,ERR,ERR,ERR,ERR,ERR,ERR,ERR,ERR,ERR,ERR,ERR,ERR,ERR,ERR,ERR,ERR,ERR,ERR,ERR,ERR,ERR,ERR,ERR,-107615880.0,-0.0,0.0,0.0,140341403451392.0,-0.0,-0.0,0.066,4300,0,8,17170,4300,0.0,41,0.0,0.0,0.0,0.0,-0.0,0,0,0,0,0.0,0,0,0,0,0,0,0,0,0,0,0,0,0,0,0,0,0,0,0,0,0,0,0,0,0,0,0,0,0,0,0,0,0,7,37,37,44,65476,369,65476,1,0,4,21553,0.0,-0.0,0.0,0.0,0.0,0.0,0.0,0.0,0.0,0.0,0.0,0.0,0.0,0.0,0.0,0.0,0.0,0.0,0.0,0.0,0.0,2.004,0.0,-3.6970818999223845e+19,-3.697074863047967e+19,0.0,0.0,0.0,0.0,0.0,6596.0,-2.004,0.0,-107615880.0,-0.0,-107616248.0,0.0,-0.0,0.0,2.004,2.004,228,-152017263656960.0,126841028608.0,0.0,0.0,0.0,0.0,0.0,0.0,0.0,0,0,0,-0.0,-1.2101705321177468e+27,0.0,-0.0,0.0,-178527984.0,-0.0,-0.0,-2.5263062687098893e+36,-1.284251995125066e+33,-1427653.125,4.580594303495045e+18,0.0,0.003,0.0,0.0,0,1.3516416376850534e+27,228,0.0,456,2.40156025918058e+36,599251620986880.0,2112,52429,17109,52429,17111,0,17096,0,0,0,101,100,100,-107615256.0,65.9,-107615264.0,66.3,-0.0,66.0,1,49,50,180,39322,52429,0,0,0.0,0.0,0.0,60.0,0.0,71.0,0.0,2.5029352581293425e+34,0.0,1069,0,1069,0,0,0,1069,0,1079,0,1000,0,663,0,664,0,659,0,682,0.032,1.4609821306377965e+22,-0.0,2.730234856211355e+23,58384,16813,0.0,2.5029352581293425e+34,27145615360.0,-488967.219,-0.0,2836.003,50.0,60.0,35,0.0,0.0,10.0,2.0,0.0,0.0,0.0,0.0,0.0,0.0,0.0,0.0,0.0,0.0,0.0,0.0,58.8,47,16,65515,27,65476,0,300,0,0,8,20529,65476,0,0,30147,60.0,0.0,10.0,10.0,2.0,0.0
2026-02-16T12:45:31,ERR,ERR,ERR,ERR,ERR,ERR,ERR,ERR,ERR,ERR,ERR,ERR,ERR,ERR,ERR,ERR,ERR,ERR,ERR,ERR,ERR,ERR,ERR,ERR,ERR,ERR,ERR,ERR,ERR,ERR,ERR,ERR,ERR,ERR,ERR,ERR,ERR,ERR,ERR,ERR,ERR,ERR,ERR,ERR,ERR,ERR,ERR,ERR,ERR,ERR,ERR,ERR,ERR,ERR,ERR,ERR,ERR,ERR,ERR,ERR,ERR,ERR,ERR,ERR,ERR,ERR,ERR,ERR,ERR,ERR,ERR,ERR,ERR,ERR,ERR,ERR,ERR,ERR,ERR,ERR,ERR,ERR,ERR,ERR,ERR,ERR,ERR,ERR,ERR,ERR,ERR,ERR,ERR,ERR,ERR,ERR,ERR,ERR,ERR,ERR,ERR,ERR,ERR,ERR,ERR,ERR,ERR,ERR,ERR,ERR,ERR,ERR,ERR,ERR,ERR,ERR,ERR,ERR,ERR,ERR,ERR,ERR,ERR,ERR,ERR,-107615880.0,-0.0,0.0,0.0,140341403451392.0,-0.0,-0.0,0.066,4300,0,8,17170,4300,0.0,41,0.0,0.0,0.0,0.0,-0.0,0,0,0,0,0.0,0,0,0,0,0,0,0,0,0,0,0,0,0,0,0,0,0,0,0,0,0,0,0,0,0,0,0,0,0,0,0,0,0,7,37,37,44,65476,369,65476,1,0,4,21553,0.0,-0.0,0.0,0.0,0.0,0.0,0.0,0.0,0.0,0.0,0.0,0.0,0.0,0.0,0.0,0.0,0.0,0.0,0.0,0.0,0.0,2.004,0.0,-3.6970818999223845e+19,-3.697074863047967e+19,0.0,0.0,0.0,0.0,0.0,6596.0,-2.004,0.0,-107615880.0,-0.0,-107616248.0,0.0,-0.0,0.0,2.004,2.004,228,-152017263656960.0,126841028608.0,0.0,0.0,0.0,0.0,0.0,0.0,0.0,0,0,0,-0.0,-1.2101705321177468e+27,0.0,-0.0,0.0,-178527984.0,-0.0,-0.0,-2.5263062687098893e+36,-1.284251995125066e+33,-1427653.125,4.580594303495045e+18,0.0,0.003,0.0,0.0,0,1.3516416376850534e+27,228,0.0,456,2.40156025918058e+36,599251620986880.0,2112,52429,17109,52429,17111,0,17096,0,0,0,101,100,100,-107615256.0,65.9,-107615264.0,66.3,-0.0,66.0,1,49,50,180,39322,52429,0,0,0.0,0.0,0.0,60.0,0.0,71.0,0.0,2.5029352581293425e+34,0.0,1069,0,1069,0,0,0,1069,0,1079,0,1000,0,663,0,664,0,659,0,682,0.032,1.4609821306377965e+22,-0.0,2.730234856211355e+23,58384,16813,0.0,2.5029352581293425e+34,27145615360.0,-488967.219,-0.0,2836.003,50.0,60.0,35,0.0,0.0,10.0,2.0,0.0,0.0,0.0,0.0,0.0,0.0,0.0,0.0,0.0,0.0,0.0,0.0,58.8,47,16,65515,27,65476,0,300,0,0,8,20529,65476,0,0,30147,60.0,0.0,10.0,10.0,2.0,0.0
2026-02-16T12:45:32,ERR,ERR,ERR,ERR,ERR,ERR,ERR,ERR,ERR,ERR,ERR,ERR,ERR,ERR,ERR,ERR,ERR,ERR,ERR,ERR,ERR,ERR,ERR,ERR,ERR,ERR,ERR,ERR,ERR,ERR,ERR,ERR,ERR,ERR,ERR,ERR,ERR,ERR,ERR,ERR,ERR,ERR,ERR,ERR,ERR,ERR,ERR,ERR,ERR,ERR,ERR,ERR,ERR,ERR,ERR,ERR,ERR,ERR,ERR,ERR,ERR,ERR,ERR,ERR,ERR,ERR,ERR,ERR,ERR,ERR,ERR,ERR,ERR,ERR,ERR,ERR,ERR,ERR,ERR,ERR,ERR,ERR,ERR,ERR,ERR,ERR,ERR,ERR,ERR,ERR,ERR,ERR,ERR,ERR,ERR,ERR,ERR,ERR,ERR,ERR,ERR,ERR,ERR,ERR,ERR,ERR,ERR,ERR,ERR,ERR,ERR,ERR,ERR,ERR,ERR,ERR,ERR,ERR,ERR,ERR,ERR,ERR,ERR,ERR,ERR,-107615880.0,-0.0,0.0,0.0,140341403451392.0,-0.0,-0.0,0.066,4300,0,8,17170,4300,0.0,41,0.0,0.0,0.0,0.0,-0.0,0,0,0,0,0.0,0,0,0,0,0,0,0,0,0,0,0,0,0,0,0,0,0,0,0,0,0,0,0,0,0,0,0,0,0,0,0,0,0,7,37,37,44,65476,369,65476,1,0,4,21553,0.0,-0.0,0.0,0.0,0.0,0.0,0.0,0.0,0.0,0.0,0.0,0.0,0.0,0.0,0.0,0.0,0.0,0.0,0.0,0.0,0.0,2.004,0.0,-3.6970818999223845e+19,-3.697074863047967e+19,0.0,0.0,0.0,0.0,0.0,6596.0,-2.004,0.0,-107615880.0,-0.0,-107616248.0,0.0,-0.0,0.0,2.004,2.004,228,-152017263656960.0,126841028608.0,0.0,0.0,0.0,0.0,0.0,0.0,0.0,0,0,0,-0.0,-1.2101705321177468e+27,0.0,-0.0,0.0,-178527984.0,-0.0,-0.0,-2.5263062687098893e+36,-1.284251995125066e+33,-1427653.125,4.580594303495045e+18,0.0,0.003,0.0,0.0,0,1.3516416376850534e+27,228,0.0,456,2.40156025918058e+36,599251620986880.0,2112,52429,17109,52429,17111,0,17096,0,0,0,101,100,100,-107615256.0,65.9,-107615264.0,66.3,-0.0,66.0,1,49,50,180,39322,52429,0,0,0.0,0.0,0.0,60.0,0.0,71.0,0.0,2.5029352581293425e+34,0.0,1069,0,1069,0,0,0,1069,0,1079,0,1000,0,663,0,664,0,659,0,682,0.032,1.4609821306377965e+22,-0.0,2.730234856211355e+23,58384,16813,0.0,2.5029352581293425e+34,27145615360.0,-488967.219,-0.0,2836.003,50.0,60.0,35,0.0,0.0,10.0,2.0,0.0,0.0,0.0,0.0,0.0,0.0,0.0,0.0,0.0,0.0,0.0,0.0,58.8,47,16,65515,27,65476,0,300,0,0,8,20529,65476,0,0,30147,60.0,0.0,10.0,10.0,2.0,0.0
2026-02-16T12:45:33,ERR,ERR,ERR,ERR,ERR,ERR,ERR,ERR,ERR,ERR,ERR,ERR,ERR,ERR,ERR,ERR,ERR,ERR,ERR,ERR,ERR,ERR,ERR,ERR,ERR,ERR,ERR,ERR,ERR,ERR,ERR,ERR,ERR,ERR,ERR,ERR,ERR,ERR,ERR,ERR,ERR,ERR,ERR,ERR,ERR,ERR,ERR,ERR,ERR,ERR,ERR,ERR,ERR,ERR,ERR,ERR,ERR,ERR,ERR,ERR,ERR,ERR,ERR,ERR,ERR,ERR,ERR,ERR,ERR,ERR,ERR,ERR,ERR,ERR,ERR,ERR,ERR,ERR,ERR,ERR,ERR,ERR,ERR,ERR,ERR,ERR,ERR,ERR,ERR,ERR,ERR,ERR,ERR,ERR,ERR,ERR,ERR,ERR,ERR,ERR,ERR,ERR,ERR,ERR,ERR,ERR,ERR,ERR,ERR,ERR,ERR,ERR,ERR,ERR,ERR,ERR,ERR,ERR,ERR,ERR,ERR,ERR,ERR,ERR,ERR,-107615880.0,-0.0,0.0,0.0,140341403451392.0,-0.0,-0.0,0.066,4300,0,8,17170,4300,0.0,41,0.0,0.0,0.0,0.0,-0.0,0,0,0,0,0.0,0,0,0,0,0,0,0,0,0,0,0,0,0,0,0,0,0,0,0,0,0,0,0,0,0,0,0,0,0,0,0,0,0,7,37,37,44,65476,369,65476,1,0,4,21553,0.0,-0.0,0.0,0.0,0.0,0.0,0.0,0.0,0.0,0.0,0.0,0.0,0.0,0.0,0.0,0.0,0.0,0.0,0.0,0.0,0.0,2.004,0.0,-3.6970818999223845e+19,-3.697074863047967e+19,0.0,0.0,0.0,0.0,0.0,6596.0,-2.004,0.0,-107615880.0,-0.0,-107616248.0,0.0,-0.0,0.0,2.004,2.004,228,-152017263656960.0,126841028608.0,0.0,0.0,0.0,0.0,0.0,0.0,0.0,0,0,0,-0.0,-1.2101705321177468e+27,0.0,-0.0,0.0,-178527984.0,-0.0,-0.0,-2.5263062687098893e+36,-1.284251995125066e+33,-1427653.125,4.580594303495045e+18,0.0,0.003,0.0,0.0,0,1.3516416376850534e+27,228,0.0,456,2.40156025918058e+36,599251620986880.0,2112,52429,17109,52429,17111,0,17096,0,0,0,101,100,100,-107615256.0,65.9,-107615264.0,66.3,-0.0,66.0,1,49,50,180,39322,52429,0,0,0.0,0.0,0.0,60.0,85637.109,71.0,0.0,-1327541632.0,0.0,1068,0,1069,0,0,0,1069,0,1079,0,1000,0,663,0,664,0,659,0,682,0.032,1.4609821306377965e+22,-0.0,2.730234856211355e+23,49040,16813,85637.109,-1327541632.0,-0.109,-0.0,0.0,-0.0,50.0,60.0,35,0.0,0.0,10.0,2.0,0.0,0.0,0.0,0.0,0.0,0.0,0.0,0.0,0.0,0.0,0.0,0.0,58.8,47,16,65515,27,65476,0,300,0,0,8,20529,65476,0,0,30147,60.0,0.0,10.0,10.0,2.0,0.0
2026-02-16T12:45:34,ERR,ERR,ERR,ERR,ERR,ERR,ERR,ERR,ERR,ERR,ERR,ERR,ERR,ERR,ERR,ERR,ERR,ERR,ERR,ERR,ERR,ERR,ERR,ERR,ERR,ERR,ERR,ERR,ERR,ERR,ERR,ERR,ERR,ERR,ERR,ERR,ERR,ERR,ERR,ERR,ERR,ERR,ERR,ERR,ERR,ERR,ERR,ERR,ERR,ERR,ERR,ERR,ERR,ERR,ERR,ERR,ERR,ERR,ERR,ERR,ERR,ERR,ERR,ERR,ERR,ERR,ERR,ERR,ERR,ERR,ERR,ERR,ERR,ERR,ERR,ERR,ERR,ERR,ERR,ERR,ERR,ERR,ERR,ERR,ERR,ERR,ERR,ERR,ERR,ERR,ERR,ERR,ERR,ERR,ERR,ERR,ERR,ERR,ERR,ERR,ERR,ERR,ERR,ERR,ERR,ERR,ERR,ERR,ERR,ERR,ERR,ERR,ERR,ERR,ERR,ERR,ERR,ERR,ERR,ERR,ERR,ERR,ERR,ERR,ERR,0.0,-0.0,2.7420187948523476e+23,0.0,-0.0,1478527488.0,0.0,-0.0,4300,0,8,17169,4300,0.0,41,0.0,0.0,0.0,0.0,-0.0,0,0,0,0,0.0,0,0,0,0,0,0,0,0,0,0,0,0,0,0,0,0,0,0,0,0,0,0,0,0,0,0,0,0,0,0,0,0,0,7,37,37,44,65476,368,65476,1,0,4,21553,0.0,0.0,0.0,0.0,0.0,0.0,0.0,0.0,0.0,0.0,0.0,0.0,0.0,0.0,0.0,0.0,0.0,0.0,0.0,0.0,0.0,2.004,2.004,-2.004,-3.697074863047967e+19,2.004,0.0,0.0,0.0,0.0,6631.0,0.0,0.0,0.0,-0.0,-107616248.0,0.0,0.0,0.0,2.004,2.004,228,-4.950401131092143e+32,-0.0,0.0,0.0,0.0,0.0,0.0,0.0,0.0,0,0,0,3.5090744912906454e+34,-0.0,0.0,1.223582542955639e+20,0.0,-5.460414588363271e+23,-9489.516,-0.0,0.0,-1.392124233238335e+33,-1525957.125,4.98184815279027e+18,0.0,0.003,0.0,0.0,0,1.3516416376850534e+27,228,0.0,456,-621855232.0,5.6142779363101766e+35,2112,52429,17109,52429,17111,0,17096,0,0,0,101,100,100,-107615256.0,65.9,-107615264.0,66.3,-0.0,66.0,1,49,50,180,39322,52429,0,0,0.0,0.0,0.0,60.0,85637.109,71.0,0.0,-1327541632.0,0.0,1068,0,1069,0,0,0,1069,0,1079,0,1000,0,663,0,664,0,659,0,682,0.032,1.4609821306377965e+22,-0.0,2.730234856211355e+23,49040,16813,85637.109,-1327541632.0,-0.109,-0.0,0.0,-0.0,50.0,60.0,35,0.0,0.0,10.0,2.0,0.0,0.0,0.0,0.0,0.0,0.0,0.0,0.0,0.0,0.0,0.0,0.0,59.2,47,16,65515,27,65476,0,300,0,0,8,20529,65476,0,0,30147,60.0,0.0,10.0,10.0,2.0,0.0
2026-02-16T12:45:35,ERR,ERR,ERR,ERR,ERR,ERR,ERR,ERR,ERR,ERR,ERR,ERR,ERR,ERR,ERR,ERR,ERR,ERR,ERR,ERR,ERR,ERR,ERR,ERR,ERR,ERR,ERR,ERR,ERR,ERR,ERR,ERR,ERR,ERR,ERR,ERR,ERR,ERR,ERR,ERR,ERR,ERR,ERR,ERR,ERR,ERR,ERR,ERR,ERR,ERR,ERR,ERR,ERR,ERR,ERR,ERR,ERR,ERR,ERR,ERR,ERR,ERR,ERR,ERR,ERR,ERR,ERR,ERR,ERR,ERR,ERR,ERR,ERR,ERR,ERR,ERR,ERR,ERR,ERR,ERR,ERR,ERR,ERR,ERR,ERR,ERR,ERR,ERR,ERR,ERR,ERR,ERR,ERR,ERR,ERR,ERR,ERR,ERR,ERR,ERR,ERR,ERR,ERR,ERR,ERR,ERR,ERR,ERR,ERR,ERR,ERR,ERR,ERR,ERR,ERR,ERR,ERR,ERR,ERR,ERR,ERR,ERR,ERR,ERR,ERR,0.0,-0.0,2.7420187948523476e+23,0.0,-0.0,1478527488.0,0.0,-0.0,4300,0,8,17169,4300,0.0,41,0.0,0.0,0.0,0.0,-0.0,0,0,0,0,0.0,0,0,0,0,0,0,0,0,0,0,0,0,0,0,0,0,0,0,0,0,0,0,0,0,0,0,0,0,0,0,0,0,0,7,37,37,44,65476,368,65476,1,0,4,21553,0.0,0.0,0.0,0.0,0.0,0.0,0.0,0.0,0.0,0.0,0.0,0.0,0.0,0.0,0.0,0.0,0.0,0.0,0.0,0.0,0.0,2.004,2.004,-2.004,-3.697074863047967e+19,2.004,0.0,0.0,0.0,0.0,6631.0,0.0,0.0,0.0,-0.0,-107616248.0,0.0,0.0,0.0,2.004,2.004,228,-4.950401131092143e+32,-0.0,0.0,0.0,0.0,0.0,0.0,0.0,0.0,0,0,0,3.5090744912906454e+34,-0.0,0.0,1.223582542955639e+20,0.0,-5.460414588363271e+23,-9489.516,-0.0,0.0,-1.392124233238335e+33,-1525957.125,4.98184815279027e+18,0.0,0.003,0.0,0.0,0,1.3516416376850534e+27,228,0.0,456,-621855232.0,5.6142779363101766e+35,2112,52429,17109,52429,17111,0,17096,0,0,0,101,100,100,-107615256.0,65.9,-107615264.0,66.3,-0.0,66.0,1,49,50,180,39322,52429,0,0,0.0,0.0,0.0,60.0,85637.109,71.0,0.0,-1327541632.0,0.0,1068,0,1069,0,0,0,1069,0,1079,0,1000,0,663,0,664,0,659,0,682,0.032,1.4609821306377965e+22,-0.0,2.730234856211355e+23,49040,16813,85637.109,-1327541632.0,-0.109,-0.0,0.0,-0.0,50.0,60.0,35,0.0,0.0,10.0,2.0,0.0,0.0,0.0,0.0,0.0,0.0,0.0,0.0,0.0,0.0,0.0,0.0,59.2,47,16,65515,27,65476,0,300,0,0,8,20529,65476,0,0,30147,60.0,0.0,10.0,10.0,2.0,0.0
2026-02-16T12:45:36,ERR,ERR,ERR,ERR,ERR,ERR,ERR,ERR,ERR,ERR,ERR,ERR,ERR,ERR,ERR,ERR,ERR,ERR,ERR,ERR,ERR,ERR,ERR,ERR,ERR,ERR,ERR,ERR,ERR,ERR,ERR,ERR,ERR,ERR,ERR,ERR,ERR,ERR,ERR,ERR,ERR,ERR,ERR,ERR,ERR,ERR,ERR,ERR,ERR,ERR,ERR,ERR,ERR,ERR,ERR,ERR,ERR,ERR,ERR,ERR,ERR,ERR,ERR,ERR,ERR,ERR,ERR,ERR,ERR,ERR,ERR,ERR,ERR,ERR,ERR,ERR,ERR,ERR,ERR,ERR,ERR,ERR,ERR,ERR,ERR,ERR,ERR,ERR,ERR,ERR,ERR,ERR,ERR,ERR,ERR,ERR,ERR,ERR,ERR,ERR,ERR,ERR,ERR,ERR,ERR,ERR,ERR,ERR,ERR,ERR,ERR,ERR,ERR,ERR,ERR,ERR,ERR,ERR,ERR,ERR,ERR,ERR,ERR,ERR,ERR,0.0,-0.0,2.7420187948523476e+23,0.0,-0.0,1478527488.0,0.0,-0.0,4300,0,8,17169,4300,0.0,41,0.0,0.0,0.0,0.0,-0.0,0,0,0,0,0.0,0,0,0,0,0,0,0,0,0,0,0,0,0,0,0,0,0,0,0,0,0,0,0,0,0,0,0,0,0,0,0,0,0,7,37,37,44,65476,368,65476,1,0,4,21553,0.0,0.0,0.0,0.0,0.0,0.0,0.0,0.0,0.0,0.0,0.0,0.0,0.0,0.0,0.0,0.0,0.0,0.0,0.0,0.0,0.0,2.004,2.004,-2.004,-3.697074863047967e+19,2.004,0.0,0.0,0.0,0.0,6631.0,0.0,0.0,0.0,-0.0,-107616248.0,0.0,0.0,0.0,2.004,2.004,228,-4.950401131092143e+32,-0.0,0.0,0.0,0.0,0.0,0.0,0.0,0.0,0,0,0,3.5090744912906454e+34,-0.0,0.0,1.223582542955639e+20,0.0,-5.460414588363271e+23,-9489.516,-0.0,0.0,-1.392124233238335e+33,-1525957.125,4.98184815279027e+18,0.0,0.003,0.0,0.0,0,1.3516416376850534e+27,228,0.0,456,-621855232.0,5.6142779363101766e+35,2114,52429,17109,52429,17111,0,17096,0,0,0,101,100,100,-107615256.0,65.9,-107615264.0,66.3,-0.0,66.0,1,49,50,180,52429,52429,0,0,0.0,0.0,0.0,60.0,0.327,71.0,0.0,-46204268.0,0.0,1068,0,1069,0,0,0,1069,0,1079,0,1000,0,663,0,664,0,659,0,682,0.032,1.4462247353788288e+22,-0.0,2.730234856211355e+23,55568,16813,525352.875,4578617065472.0,1.5366181723496423e+22,-0.0,-13386135.0,537111832821760.0,50.0,60.0,35,0.0,0.0,10.0,2.0,0.0,0.0,0.0,0.0,0.0,0.0,0.0,0.0,0.0,0.0,0.0,0.0,58.8,47,16,65515,27,65476,0,300,0,0,8,20529,65476,0,0,30147,60.0,0.0,10.0,10.0,2.0,0.0
2026-02-16T12:45:37,ERR,ERR,ERR,ERR,ERR,ERR,ERR,ERR,ERR,ERR,ERR,ERR,ERR,ERR,ERR,ERR,ERR,ERR,ERR,ERR,ERR,ERR,ERR,ERR,ERR,ERR,ERR,ERR,ERR,ERR,ERR,ERR,ERR,ERR,ERR,ERR,ERR,ERR,ERR,ERR,ERR,ERR,ERR,ERR,ERR,ERR,ERR,ERR,ERR,ERR,ERR,ERR,ERR,ERR,ERR,ERR,ERR,ERR,ERR,ERR,ERR,ERR,ERR,ERR,ERR,ERR,ERR,ERR,ERR,ERR,ERR,ERR,ERR,ERR,ERR,ERR,ERR,ERR,ERR,ERR,ERR,ERR,ERR,ERR,ERR,ERR,ERR,ERR,ERR,ERR,ERR,ERR,ERR,ERR,ERR,ERR,ERR,ERR,ERR,ERR,ERR,ERR,ERR,ERR,ERR,ERR,ERR,ERR,ERR,ERR,ERR,ERR,ERR,ERR,ERR,ERR,ERR,ERR,ERR,ERR,ERR,ERR,ERR,ERR,ERR,0.0,-0.0,2.7420187948523476e+23,0.0,-0.0,1478527488.0,0.0,-0.0,4300,0,8,17169,4300,0.0,41,0.0,0.0,0.0,0.0,-0.0,0,0,0,0,0.0,0,0,0,0,0,0,0,0,0,0,0,0,0,0,0,0,0,0,0,0,0,0,0,0,0,0,0,0,0,0,0,0,0,7,37,37,44,65476,368,65476,1,0,4,21553,0.0,0.0,0.0,0.0,0.0,0.0,0.0,0.0,0.0,0.0,0.0,0.0,0.0,0.0,0.0,0.0,0.0,0.0,0.0,0.0,0.0,2.004,2.004,-2.004,-3.697074863047967e+19,2.004,0.0,0.0,0.0,0.0,6631.0,0.0,0.0,0.0,-0.0,-107616248.0,0.0,0.0,0.0,2.004,2.004,228,-4.950401131092143e+32,-0.0,0.0,0.0,0.0,0.0,0.0,0.0,0.0,0,0,0,3.5090744912906454e+34,-0.0,0.0,1.223582542955639e+20,0.0,-5.460414588363271e+23,-9489.516,-0.0,0.0,-1.392124233238335e+33,-1525957.125,4.98184815279027e+18,0.0,0.003,0.0,0.0,0,1.3516416376850534e+27,228,0.0,456,-621855232.0,5.6142779363101766e+35,2114,52429,17109,52429,17111,0,17096,0,0,0,101,100,100,-107615256.0,65.9,-107615264.0,66.3,-0.0,66.0,1,49,50,180,52429,52429,0,0,0.0,0.0,0.0,60.0,0.327,71.0,0.0,-46204268.0,0.0,1068,0,1069,0,0,0,1069,0,1079,0,1000,0,663,0,664,0,659,0,682,0.032,1.4462247353788288e+22,-0.0,2.730234856211355e+23,55568,16813,525352.875,4578617065472.0,1.5366181723496423e+22,-0.0,-13386135.0,537111832821760.0,50.0,60.0,35,0.0,0.0,10.0,2.0,0.0,0.0,0.0,0.0,0.0,0.0,0.0,0.0,0.0,0.0,0.0,0.0,58.8,47,16,65515,27,65476,0,300,0,0,8,20529,65476,0,0,30147,60.0,0.0,10.0,10.0,2.0,0.0
2026-02-16T12:45:38,ERR,ERR,ERR,ERR,ERR,ERR,ERR,ERR,ERR,ERR,ERR,ERR,ERR,ERR,ERR,ERR,ERR,ERR,ERR,ERR,ERR,ERR,ERR,ERR,ERR,ERR,ERR,ERR,ERR,ERR,ERR,ERR,ERR,ERR,ERR,ERR,ERR,ERR,ERR,ERR,ERR,ERR,ERR,ERR,ERR,ERR,ERR,ERR,ERR,ERR,ERR,ERR,ERR,ERR,ERR,ERR,ERR,ERR,ERR,ERR,ERR,ERR,ERR,ERR,ERR,ERR,ERR,ERR,ERR,ERR,ERR,ERR,ERR,ERR,ERR,ERR,ERR,ERR,ERR,ERR,ERR,ERR,ERR,ERR,ERR,ERR,ERR,ERR,ERR,ERR,ERR,ERR,ERR,ERR,ERR,ERR,ERR,ERR,ERR,ERR,ERR,ERR,ERR,ERR,ERR,ERR,ERR,ERR,ERR,ERR,ERR,ERR,ERR,ERR,ERR,ERR,ERR,ERR,ERR,ERR,ERR,ERR,ERR,ERR,ERR,0.0,-0.0,2.7420187948523476e+23,0.0,-0.0,1478527488.0,0.0,-0.0,4300,0,8,17169,4300,0.0,41,0.0,0.0,0.0,0.0,-0.0,0,0,0,0,0.0,0,0,0,0,0,0,0,0,0,0,0,0,0,0,0,0,0,0,0,0,0,0,0,0,0,0,0,0,0,0,0,0,0,7,37,37,44,65476,368,65476,1,0,4,21553,0.0,0.0,0.0,0.0,0.0,0.0,0.0,0.0,0.0,0.0,0.0,0.0,0.0,0.0,0.0,0.0,0.0,0.0,0.0,0.0,0.0,2.004,2.004,-2.004,-3.697074863047967e+19,2.004,0.0,0.0,0.0,0.0,6631.0,0.0,0.0,0.0,-0.0,-107616248.0,0.0,0.0,0.0,2.004,2.004,228,-4.950401131092143e+32,-0.0,0.0,0.0,0.0,0.0,0.0,0.0,0.0,0,0,0,3.5090744912906454e+34,-0.0,0.0,1.223582542955639e+20,0.0,-5.460414588363271e+23,-9489.516,-0.0,0.0,-1.392124233238335e+33,-1525957.125,4.98184815279027e+18,0.0,0.003,0.0,0.0,0,1.3516416376850534e+27,228,0.0,456,-621855232.0,5.6142779363101766e+35,2114,52429,17109,52429,17111,0,17096,0,0,0,101,100,100,-107615256.0,65.9,-107615264.0,66.3,-0.0,66.0,1,49,50,180,52429,52429,0,0,0.0,0.0,0.0,60.0,0.327,71.0,0.0,-46204268.0,0.0,1068,0,1069,0,0,0,1069,0,1079,0,1000,0,663,0,664,0,659,0,682,0.032,1.4462247353788288e+22,-0.0,2.730234856211355e+23,55568,16813,525352.875,4578617065472.0,1.5366181723496423e+22,-0.0,-13386135.0,537111832821760.0,50.0,60.0,35,0.0,0.0,10.0,2.0,0.0,0.0,0.0,0.0,0.0,0.0,0.0,0.0,0.0,0.0,0.0,0.0,58.8,47,16,65515,27,65476,0,300,0,0,8,20529,65476,0,0,30147,60.0,0.0,10.0,10.0,2.0,0.0
2026-02-16T12:45:39,ERR,ERR,ERR,ERR,ERR,ERR,ERR,ERR,ERR,ERR,ERR,ERR,ERR,ERR,ERR,ERR,ERR,ERR,ERR,ERR,ERR,ERR,ERR,ERR,ERR,ERR,ERR,ERR,ERR,ERR,ERR,ERR,ERR,ERR,ERR,ERR,ERR,ERR,ERR,ERR,ERR,ERR,ERR,ERR,ERR,ERR,ERR,ERR,ERR,ERR,ERR,ERR,ERR,ERR,ERR,ERR,ERR,ERR,ERR,ERR,ERR,ERR,ERR,ERR,ERR,ERR,ERR,ERR,ERR,ERR,ERR,ERR,ERR,ERR,ERR,ERR,ERR,ERR,ERR,ERR,ERR,ERR,ERR,ERR,ERR,ERR,ERR,ERR,ERR,ERR,ERR,ERR,ERR,ERR,ERR,ERR,ERR,ERR,ERR,ERR,ERR,ERR,ERR,ERR,ERR,ERR,ERR,ERR,ERR,ERR,ERR,ERR,ERR,ERR,ERR,ERR,ERR,ERR,ERR,ERR,ERR,ERR,ERR,ERR,ERR,-107615880.0,-0.0,-108138608.0,0.0,-3.2008056460949376e+29,2.1583312062988753e+22,0.0,0.0,4300,0,8,17170,4300,0.0,41,0.0,0.0,0.0,0.0,-0.0,0,0,0,0,0.0,0,0,0,0,0,0,0,0,0,0,0,0,0,0,0,0,0,0,0,0,0,0,0,0,0,0,0,0,0,0,0,0,0,8,37,36,44,65476,368,65476,1,0,4,21553,0.0,-0.0,0.0,0.0,0.0,0.0,0.0,0.0,0.0,0.0,0.0,0.0,0.0,0.0,0.0,0.0,0.0,0.0,0.0,0.0,0.0,2.004,0.0,-2.004,-3.697074863047967e+19,3.697075742657269e+19,0.0,0.0,0.0,0.0,6631.0,0.0,0.0,-107615880.0,-0.0,-107616248.0,0.0,0.0,0.0,2.004,2.004,228,-2.30882787541985e+20,-0.0,0.0,0.0,0.0,0.0,0.0,0.0,0.0,0,0,0,nan,0.0,0.083,-2.7353951102192688e+20,49999708160.0,-1.002235881439841e+27,-0.0,-136512020480.0,1.6501310893876848e+28,-1.5036774860584193e+33,-1624261.125,5.414193717017838e+18,0.0,0.003,0.0,4.681084072375757e+34,0,1.3516416376850534e+27,228,0.0,456,-621855232.0,5.6142779363101766e+35,2114,52429,17109,52429,17111,0,17096,0,0,0,101,100,100,-107615256.0,65.9,-107615264.0,66.3,-0.0,66.0,1,49,50,180,52429,52429,0,0,0.0,0.0,0.0,60.0,0.327,71.0,0.0,-46204268.0,0.0,1068,0,1069,0,0,0,1069,0,1079,0,1000,0,663,0,664,0,659,0,682,0.032,1.4462247353788288e+22,-0.0,2.730234856211355e+23,55568,16813,525352.875,4578617065472.0,1.5366181723496423e+22,-0.0,-13386135.0,537111832821760.0,50.0,60.0,35,0.0,0.0,10.0,2.0,0.0,0.0,0.0,0.0,0.0,0.0,0.0,0.0,0.0,0.0,0.0,0.0,59.2,47,16,65515,27,65476,0,300,0,0,8,20529,65476,0,0,30147,60.0,0.0,10.0,10.0,2.0,0.0
2026-02-16T12:45:40,ERR,ERR,ERR,ERR,ERR,ERR,ERR,ERR,ERR,ERR,ERR,ERR,ERR,ERR,ERR,ERR,ERR,ERR,ERR,ERR,ERR,ERR,ERR,ERR,ERR,ERR,ERR,ERR,ERR,ERR,ERR,ERR,ERR,ERR,ERR,ERR,ERR,ERR,ERR,ERR,ERR,ERR,ERR,ERR,ERR,ERR,ERR,ERR,ERR,ERR,ERR,ERR,ERR,ERR,ERR,ERR,ERR,ERR,ERR,ERR,ERR,ERR,ERR,ERR,ERR,ERR,ERR,ERR,ERR,ERR,ERR,ERR,ERR,ERR,ERR,ERR,ERR,ERR,ERR,ERR,ERR,ERR,ERR,ERR,ERR,ERR,ERR,ERR,ERR,ERR,ERR,ERR,ERR,ERR,ERR,ERR,ERR,ERR,ERR,ERR,ERR,ERR,ERR,ERR,ERR,ERR,ERR,ERR,ERR,ERR,ERR,ERR,ERR,ERR,ERR,ERR,ERR,ERR,ERR,ERR,ERR,ERR,ERR,ERR,ERR,-107615880.0,-0.0,-108138608.0,0.0,-3.2008056460949376e+29,2.1583312062988753e+22,0.0,0.0,4300,0,8,17170,4300,0.0,41,0.0,0.0,0.0,0.0,-0.0,0,0,0,0,0.0,0,0,0,0,0,0,0,0,0,0,0,0,0,0,0,0,0,0,0,0,0,0,0,0,0,0,0,0,0,0,0,0,0,8,37,36,44,65476,368,65476,1,0,4,21553,0.0,-0.0,0.0,0.0,0.0,0.0,0.0,0.0,0.0,0.0,0.0,0.0,0.0,0.0,0.0,0.0,0.0,0.0,0.0,0.0,0.0,2.004,0.0,-2.004,-3.697074863047967e+19,3.697075742657269e+19,0.0,0.0,0.0,0.0,6631.0,0.0,0.0,-107615880.0,-0.0,-107616248.0,0.0,0.0,0.0,2.004,2.004,228,-2.30882787541985e+20,-0.0,0.0,0.0,0.0,0.0,0.0,0.0,0.0,0,0,0,nan,0.0,0.083,-2.7353951102192688e+20,49999708160.0,-1.002235881439841e+27,-0.0,-136512020480.0,1.6501310893876848e+28,-1.5036774860584193e+33,-1624261.125,5.414193717017838e+18,0.0,0.003,0.0,4.681084072375757e+34,0,1.3516416376850534e+27,228,0.0,456,-621855232.0,5.6142779363101766e+35,2114,52429,17109,52429,17111,0,17096,0,0,0,101,100,100,-107615256.0,65.9,-107615264.0,66.3,-0.0,66.0,1,49,50,180,39322,52429,0,0,0.0,0.0,0.0,60.0,85637.109,71.0,0.0,0.0,0.0,1069,0,1069,0,0,0,1069,0,1079,0,1000,0,663,0,664,0,659,0,682,0.032,1.4536034330083127e+22,-0.0,2.730234856211355e+23,7568,16814,12097042432.0,0.0,0.002,-6.15453302790464e+32,-0.0,0.0,50.0,60.0,35,0.0,0.0,10.0,2.0,0.0,0.0,0.0,0.0,0.0,0.0,0.0,0.0,0.0,0.0,0.0,0.0,59.2,47,16,65515,27,65476,0,300,0,0,8,20529,65476,0,0,30147,60.0,0.0,10.0,10.0,2.0,0.0
2026-02-16T12:45:41,ERR,ERR,ERR,ERR,ERR,ERR,ERR,ERR,ERR,ERR,ERR,ERR,ERR,ERR,ERR,ERR,ERR,ERR,ERR,ERR,ERR,ERR,ERR,ERR,ERR,ERR,ERR,ERR,ERR,ERR,ERR,ERR,ERR,ERR,ERR,ERR,ERR,ERR,ERR,ERR,ERR,ERR,ERR,ERR,ERR,ERR,ERR,ERR,ERR,ERR,ERR,ERR,ERR,ERR,ERR,ERR,ERR,ERR,ERR,ERR,ERR,ERR,ERR,ERR,ERR,ERR,ERR,ERR,ERR,ERR,ERR,ERR,ERR,ERR,ERR,ERR,ERR,ERR,ERR,ERR,ERR,ERR,ERR,ERR,ERR,ERR,ERR,ERR,ERR,ERR,ERR,ERR,ERR,ERR,ERR,ERR,ERR,ERR,ERR,ERR,ERR,ERR,ERR,ERR,ERR,ERR,ERR,ERR,ERR,ERR,ERR,ERR,ERR,ERR,ERR,ERR,ERR,ERR,ERR,ERR,ERR,ERR,ERR,ERR,ERR,-107615880.0,-0.0,-108138608.0,0.0,-3.2008056460949376e+29,2.1583312062988753e+22,0.0,0.0,4300,0,8,17170,4300,0.0,41,0.0,0.0,0.0,0.0,-0.0,0,0,0,0,0.0,0,0,0,0,0,0,0,0,0,0,0,0,0,0,0,0,0,0,0,0,0,0,0,0,0,0,0,0,0,0,0,0,0,8,37,36,44,65476,368,65476,1,0,4,21553,0.0,-0.0,0.0,0.0,0.0,0.0,0.0,0.0,0.0,0.0,0.0,0.0,0.0,0.0,0.0,0.0,0.0,0.0,0.0,0.0,0.0,2.004,0.0,-2.004,-3.697074863047967e+19,3.697075742657269e+19,0.0,0.0,0.0,0.0,6631.0,0.0,0.0,-107615880.0,-0.0,-107616248.0,0.0,0.0,0.0,2.004,2.004,228,-2.30882787541985e+20,-0.0,0.0,0.0,0.0,0.0,0.0,0.0,0.0,0,0,0,nan,0.0,0.083,-2.7353951102192688e+20,49999708160.0,-1.002235881439841e+27,-0.0,-136512020480.0,1.6501310893876848e+28,-1.5036774860584193e+33,-1624261.125,5.414193717017838e+18,0.0,0.003,0.0,4.681084072375757e+34,0,1.3516416376850534e+27,228,0.0,456,-621855232.0,5.6142779363101766e+35,2114,52429,17109,52429,17111,0,17096,0,0,0,101,100,100,-107615256.0,65.9,-107615264.0,66.3,-0.0,66.0,1,49,50,180,39322,52429,0,0,0.0,0.0,0.0,60.0,85637.109,71.0,0.0,0.0,0.0,1069,0,1069,0,0,0,1069,0,1079,0,1000,0,663,0,664,0,659,0,682,0.032,1.4536034330083127e+22,-0.0,2.730234856211355e+23,7568,16814,12097042432.0,0.0,0.002,-6.15453302790464e+32,-0.0,0.0,50.0,60.0,35,0.0,0.0,10.0,2.0,0.0,0.0,0.0,0.0,0.0,0.0,0.0,0.0,0.0,0.0,0.0,0.0,59.2,47,16,65515,27,65476,0,300,0,0,8,20529,65476,0,0,30147,60.0,0.0,10.0,10.0,2.0,0.0
2026-02-16T12:45:42,ERR,ERR,ERR,ERR,ERR,ERR,ERR,ERR,ERR,ERR,ERR,ERR,ERR,ERR,ERR,ERR,ERR,ERR,ERR,ERR,ERR,ERR,ERR,ERR,ERR,ERR,ERR,ERR,ERR,ERR,ERR,ERR,ERR,ERR,ERR,ERR,ERR,ERR,ERR,ERR,ERR,ERR,ERR,ERR,ERR,ERR,ERR,ERR,ERR,ERR,ERR,ERR,ERR,ERR,ERR,ERR,ERR,ERR,ERR,ERR,ERR,ERR,ERR,ERR,ERR,ERR,ERR,ERR,ERR,ERR,ERR,ERR,ERR,ERR,ERR,ERR,ERR,ERR,ERR,ERR,ERR,ERR,ERR,ERR,ERR,ERR,ERR,ERR,ERR,ERR,ERR,ERR,ERR,ERR,ERR,ERR,ERR,ERR,ERR,ERR,ERR,ERR,ERR,ERR,ERR,ERR,ERR,ERR,ERR,ERR,ERR,ERR,ERR,ERR,ERR,ERR,ERR,ERR,ERR,ERR,ERR,ERR,ERR,ERR,ERR,-107615880.0,-0.0,-108138608.0,0.0,-3.2008056460949376e+29,2.1583312062988753e+22,0.0,0.0,4300,0,8,17170,4300,0.0,41,0.0,0.0,0.0,0.0,-0.0,0,0,0,0,0.0,0,0,0,0,0,0,0,0,0,0,0,0,0,0,0,0,0,0,0,0,0,0,0,0,0,0,0,0,0,0,0,0,0,8,37,36,44,65476,368,65476,1,0,4,21553,0.0,-0.0,0.0,0.0,0.0,0.0,0.0,0.0,0.0,0.0,0.0,0.0,0.0,0.0,0.0,0.0,0.0,0.0,0.0,0.0,0.0,2.004,0.0,-2.004,-3.697074863047967e+19,3.697075742657269e+19,0.0,0.0,0.0,0.0,6631.0,0.0,0.0,-107615880.0,-0.0,-107616248.0,0.0,0.0,0.0,2.004,2.004,228,-2.30882787541985e+20,-0.0,0.0,0.0,0.0,0.0,0.0,0.0,0.0,0,0,0,nan,0.0,0.083,-2.7353951102192688e+20,49999708160.0,-1.002235881439841e+27,-0.0,-136512020480.0,1.6501310893876848e+28,-1.5036774860584193e+33,-1624261.125,5.414193717017838e+18,0.0,0.003,0.0,4.681084072375757e+34,0,1.3516416376850534e+27,228,0.0,456,-621855232.0,5.6142779363101766e+35,2114,52429,17109,52429,17111,0,17096,0,0,0,101,100,100,-107615256.0,65.9,-107615264.0,66.3,-0.0,66.0,1,49,50,180,39322,52429,0,0,0.0,0.0,0.0,60.0,85637.109,71.0,0.0,0.0,0.0,1069,0,1069,0,0,0,1069,0,1079,0,1000,0,663,0,664,0,659,0,682,0.032,1.4536034330083127e+22,-0.0,2.730234856211355e+23,7568,16814,12097042432.0,0.0,0.002,-6.15453302790464e+32,-0.0,0.0,50.0,60.0,35,0.0,0.0,10.0,2.0,0.0,0.0,0.0,0.0,0.0,0.0,0.0,0.0,0.0,0.0,0.0,0.0,58.8,47,16,65515,27,65476,0,300,0,0,8,20529,65476,0,0,30147,60.0,0.0,10.0,10.0,2.0,0.0
2026-02-16T12:45:43,ERR,ERR,ERR,ERR,ERR,ERR,ERR,ERR,ERR,ERR,ERR,ERR,ERR,ERR,ERR,ERR,ERR,ERR,ERR,ERR,ERR,ERR,ERR,ERR,ERR,ERR,ERR,ERR,ERR,ERR,ERR,ERR,ERR,ERR,ERR,ERR,ERR,ERR,ERR,ERR,ERR,ERR,ERR,ERR,ERR,ERR,ERR,ERR,ERR,ERR,ERR,ERR,ERR,ERR,ERR,ERR,ERR,ERR,ERR,ERR,ERR,ERR,ERR,ERR,ERR,ERR,ERR,ERR,ERR,ERR,ERR,ERR,ERR,ERR,ERR,ERR,ERR,ERR,ERR,ERR,ERR,ERR,ERR,ERR,ERR,ERR,ERR,ERR,ERR,ERR,ERR,ERR,ERR,ERR,ERR,ERR,ERR,ERR,ERR,ERR,ERR,ERR,ERR,ERR,ERR,ERR,ERR,ERR,ERR,ERR,ERR,ERR,ERR,ERR,ERR,ERR,ERR,ERR,ERR,ERR,ERR,ERR,ERR,ERR,ERR,-107615880.0,-0.0,-108138608.0,0.0,-3.2008056460949376e+29,0.532,-6.816301472682965e+35,0.0,4300,0,8,17170,4300,0.0,41,0.0,0.0,0.0,0.0,-0.0,0,0,0,0,0.0,0,0,0,0,0,0,0,0,0,0,0,0,0,0,0,0,0,0,0,0,0,0,0,0,0,0,0,0,0,0,0,0,0,7,37,36,44,65476,364,65476,1,0,4,21553,0.0,-107610720.0,0.0,0.0,0.0,0.0,0.0,0.0,0.0,0.0,0.0,0.0,0.0,0.0,0.0,0.0,0.0,0.0,0.0,0.0,0.0,2.004,2.004,-2.004,-3.697074863047967e+19,-0.0,0.0,0.0,0.0,0.0,6629.0,564149255929856.0,0.0,-107615880.0,-0.0,-107616248.0,0.0,0.0,0.0,2.004,2.004,228,-152017263656960.0,-0.0,0.0,0.0,0.0,0.0,0.0,0.0,0.0,0,0,0,-0.0,-0.0,27.658,0.0,0.379,0.0,-2.864,-2.477227112076008e+33,-0.0,-1.645654353283981e+33,-1722565.125,5.846539281245405e+18,0.0,0.003,0.0,2.5891388259087177e+32,0,1.3516416376850534e+27,229,0.0,458,-621855232.0,5.6142779363101766e+35,2114,52429,17109,52429,17111,0,17096,0,0,0,101,100,100,-107615256.0,65.9,-107615264.0,66.3,-0.0,66.0,1,49,50,180,52429,52429,0,0,0.0,0.0,0.0,60.0,2.4573889030284902e+17,71.0,0.0,-0.0,0.0,1069,0,1069,0,0,0,1069,0,1079,0,1000,0,663,0,664,0,659,0,682,0.032,1.4609821306377965e+22,-0.0,2.730234856211355e+23,64272,16813,2.4573889030284902e+17,-0.0,0.0,0.0,-0.0,0.0,50.0,60.0,35,0.0,0.0,10.0,2.0,0.0,0.0,0.0,0.0,0.0,0.0,0.0,0.0,0.0,0.0,0.0,0.0,58.8,47,16,65515,27,65476,0,300,0,0,8,20529,65476,0,0,30147,60.0,0.0,10.0,10.0,2.0,0.0
2026-02-16T12:45:44,ERR,ERR,ERR,ERR,ERR,ERR,ERR,ERR,ERR,ERR,ERR,ERR,ERR,ERR,ERR,ERR,ERR,ERR,ERR,ERR,ERR,ERR,ERR,ERR,ERR,ERR,ERR,ERR,ERR,ERR,ERR,ERR,ERR,ERR,ERR,ERR,ERR,ERR,ERR,ERR,ERR,ERR,ERR,ERR,ERR,ERR,ERR,ERR,ERR,ERR,ERR,ERR,ERR,ERR,ERR,ERR,ERR,ERR,ERR,ERR,ERR,ERR,ERR,ERR,ERR,ERR,ERR,ERR,ERR,ERR,ERR,ERR,ERR,ERR,ERR,ERR,ERR,ERR,ERR,ERR,ERR,ERR,ERR,ERR,ERR,ERR,ERR,ERR,ERR,ERR,ERR,ERR,ERR,ERR,ERR,ERR,ERR,ERR,ERR,ERR,ERR,ERR,ERR,ERR,ERR,ERR,ERR,ERR,ERR,ERR,ERR,ERR,ERR,ERR,ERR,ERR,ERR,ERR,ERR,ERR,ERR,ERR,ERR,ERR,ERR,-107615880.0,-0.0,-108138608.0,0.0,-3.2008056460949376e+29,0.532,-6.816301472682965e+35,0.0,4300,0,8,17170,4300,0.0,41,0.0,0.0,0.0,0.0,-0.0,0,0,0,0,0.0,0,0,0,0,0,0,0,0,0,0,0,0,0,0,0,0,0,0,0,0,0,0,0,0,0,0,0,0,0,0,0,0,0,7,37,36,44,65476,364,65476,1,0,4,21553,0.0,-107610720.0,0.0,0.0,0.0,0.0,0.0,0.0,0.0,0.0,0.0,0.0,0.0,0.0,0.0,0.0,0.0,0.0,0.0,0.0,0.0,2.004,2.004,-2.004,-3.697074863047967e+19,-0.0,0.0,0.0,0.0,0.0,6629.0,564149255929856.0,0.0,-107615880.0,-0.0,-107616248.0,0.0,0.0,0.0,2.004,2.004,228,-152017263656960.0,-0.0,0.0,0.0,0.0,0.0,0.0,0.0,0.0,0,0,0,-0.0,-0.0,27.658,0.0,0.379,0.0,-2.864,-2.477227112076008e+33,-0.0,-1.645654353283981e+33,-1722565.125,5.846539281245405e+18,0.0,0.003,0.0,2.5891388259087177e+32,0,1.3516416376850534e+27,229,0.0,458,-621855232.0,5.6142779363101766e+35,2114,52429,17109,52429,17111,0,17096,0,0,0,101,100,100,-107615256.0,65.9,-107615264.0,66.3,-0.0,66.0,1,49,50,180,52429,52429,0,0,0.0,0.0,0.0,60.0,2.4573889030284902e+17,71.0,0.0,-0.0,0.0,1069,0,1069,0,0,0,1069,0,1079,0,1000,0,663,0,664,0,659,0,682,0.032,1.4609821306377965e+22,-0.0,2.730234856211355e+23,64272,16813,2.4573889030284902e+17,-0.0,0.0,0.0,-0.0,0.0,50.0,60.0,35,0.0,0.0,10.0,2.0,0.0,0.0,0.0,0.0,0.0,0.0,0.0,0.0,0.0,0.0,0.0,0.0,59.2,47,16,65515,27,65476,0,300,0,0,8,20529,65476,0,0,30147,60.0,0.0,10.0,10.0,2.0,0.0
2026-02-16T12:45:45,ERR,ERR,ERR,ERR,ERR,ERR,ERR,ERR,ERR,ERR,ERR,ERR,ERR,ERR,ERR,ERR,ERR,ERR,ERR,ERR,ERR,ERR,ERR,ERR,ERR,ERR,ERR,ERR,ERR,ERR,ERR,ERR,ERR,ERR,ERR,ERR,ERR,ERR,ERR,ERR,ERR,ERR,ERR,ERR,ERR,ERR,ERR,ERR,ERR,ERR,ERR,ERR,ERR,ERR,ERR,ERR,ERR,ERR,ERR,ERR,ERR,ERR,ERR,ERR,ERR,ERR,ERR,ERR,ERR,ERR,ERR,ERR,ERR,ERR,ERR,ERR,ERR,ERR,ERR,ERR,ERR,ERR,ERR,ERR,ERR,ERR,ERR,ERR,ERR,ERR,ERR,ERR,ERR,ERR,ERR,ERR,ERR,ERR,ERR,ERR,ERR,ERR,ERR,ERR,ERR,ERR,ERR,ERR,ERR,ERR,ERR,ERR,ERR,ERR,ERR,ERR,ERR,ERR,ERR,ERR,ERR,ERR,ERR,ERR,ERR,-107615880.0,-0.0,-108138608.0,0.0,-3.2008056460949376e+29,0.532,-6.816301472682965e+35,0.0,4300,0,8,17170,4300,0.0,41,0.0,0.0,0.0,0.0,-0.0,0,0,0,0,0.0,0,0,0,0,0,0,0,0,0,0,0,0,0,0,0,0,0,0,0,0,0,0,0,0,0,0,0,0,0,0,0,0,0,7,37,36,44,65476,364,65476,1,0,4,21553,0.0,-107610720.0,0.0,0.0,0.0,0.0,0.0,0.0,0.0,0.0,0.0,0.0,0.0,0.0,0.0,0.0,0.0,0.0,0.0,0.0,0.0,2.004,2.004,-2.004,-3.697074863047967e+19,-0.0,0.0,0.0,0.0,0.0,6629.0,564149255929856.0,0.0,-107615880.0,-0.0,-107616248.0,0.0,0.0,0.0,2.004,2.004,228,-152017263656960.0,-0.0,0.0,0.0,0.0,0.0,0.0,0.0,0.0,0,0,0,-0.0,-0.0,27.658,0.0,0.379,0.0,-2.864,-2.477227112076008e+33,-0.0,-1.645654353283981e+33,-1722565.125,5.846539281245405e+18,0.0,0.003,0.0,2.5891388259087177e+32,0,1.3516416376850534e+27,229,0.0,458,-621855232.0,5.6142779363101766e+35,2114,52429,17109,52429,17111,0,17096,0,0,0,101,100,100,-107615256.0,65.9,-107615264.0,66.3,-0.0,66.0,1,49,50,180,52429,52429,0,0,0.0,0.0,0.0,60.0,2.4573889030284902e+17,71.0,0.0,-0.0,0.0,1069,0,1069,0,0,0,1069,0,1079,0,1000,0,663,0,664,0,659,0,682,0.032,1.4609821306377965e+22,-0.0,2.730234856211355e+23,64272,16813,2.4573889030284902e+17,-0.0,0.0,0.0,-0.0,0.0,50.0,60.0,35,0.0,0.0,10.0,2.0,0.0,0.0,0.0,0.0,0.0,0.0,0.0,0.0,0.0,0.0,0.0,0.0,59.2,47,16,65515,27,65476,0,300,0,0,8,20529,65476,0,0,30147,60.0,0.0,10.0,10.0,2.0,0.0
2026-02-16T12:45:46,ERR,ERR,ERR,ERR,ERR,ERR,ERR,ERR,ERR,ERR,ERR,ERR,ERR,ERR,ERR,ERR,ERR,ERR,ERR,ERR,ERR,ERR,ERR,ERR,ERR,ERR,ERR,ERR,ERR,ERR,ERR,ERR,ERR,ERR,ERR,ERR,ERR,ERR,ERR,ERR,ERR,ERR,ERR,ERR,ERR,ERR,ERR,ERR,ERR,ERR,ERR,ERR,ERR,ERR,ERR,ERR,ERR,ERR,ERR,ERR,ERR,ERR,ERR,ERR,ERR,ERR,ERR,ERR,ERR,ERR,ERR,ERR,ERR,ERR,ERR,ERR,ERR,ERR,ERR,ERR,ERR,ERR,ERR,ERR,ERR,ERR,ERR,ERR,ERR,ERR,ERR,ERR,ERR,ERR,ERR,ERR,ERR,ERR,ERR,ERR,ERR,ERR,ERR,ERR,ERR,ERR,ERR,ERR,ERR,ERR,ERR,ERR,ERR,ERR,ERR,ERR,ERR,ERR,ERR,ERR,ERR,ERR,ERR,ERR,ERR,-107615880.0,-0.0,-108138608.0,0.0,-3.2008056460949376e+29,0.532,-6.816301472682965e+35,0.0,4300,0,8,17170,4300,0.0,41,0.0,0.0,0.0,0.0,-0.0,0,0,0,0,0.0,0,0,0,0,0,0,0,0,0,0,0,0,0,0,0,0,0,0,0,0,0,0,0,0,0,0,0,0,0,0,0,0,0,7,37,36,44,65476,364,65476,1,0,4,21553,0.0,-107610720.0,0.0,0.0,0.0,0.0,0.0,0.0,0.0,0.0,0.0,0.0,0.0,0.0,0.0,0.0,0.0,0.0,0.0,0.0,0.0,2.004,2.004,-2.004,-3.697074863047967e+19,-0.0,0.0,0.0,0.0,0.0,6629.0,564149255929856.0,0.0,-107615880.0,-0.0,-107616248.0,0.0,0.0,0.0,2.004,2.004,228,-152017263656960.0,-0.0,0.0,0.0,0.0,0.0,0.0,0.0,0.0,0,0,0,-0.0,-0.0,27.658,0.0,0.379,0.0,-2.864,-2.477227112076008e+33,-0.0,-1.645654353283981e+33,-1722565.125,5.846539281245405e+18,0.0,0.003,0.0,2.5891388259087177e+32,0,1.3516416376850534e+27,229,0.0,458,-621855232.0,5.6142779363101766e+35,2114,52429,17109,52429,17111,0,17096,0,0,0,101,100,100,-107615256.0,65.9,-107615264.0,66.3,-0.0,66.0,1,49,50,180,52429,52429,0,0,0.0,0.0,0.0,60.0,0.001,71.0,0.0,-1.477139698884602e+38,0.0,1068,0,1069,0,0,0,1069,0,1079,0,1000,0,663,0,664,0,659,0,682,0.032,1.4609821306377965e+22,-0.0,2.730234856211355e+23,50832,16813,569.04,0.0,0.0,0.0,-0.0,0.0,50.0,60.0,35,0.0,0.0,10.0,2.0,0.0,0.0,0.0,0.0,0.0,0.0,0.0,0.0,0.0,0.0,0.0,0.0,59.2,47,16,65515,27,65476,0,300,0,0,8,20529,65476,0,0,30147,60.0,0.0,10.0,10.0,2.0,0.0
2026-02-16T12:45:47,ERR,ERR,ERR,ERR,ERR,ERR,ERR,ERR,ERR,ERR,ERR,ERR,ERR,ERR,ERR,ERR,ERR,ERR,ERR,ERR,ERR,ERR,ERR,ERR,ERR,ERR,ERR,ERR,ERR,ERR,ERR,ERR,ERR,ERR,ERR,ERR,ERR,ERR,ERR,ERR,ERR,ERR,ERR,ERR,ERR,ERR,ERR,ERR,ERR,ERR,ERR,ERR,ERR,ERR,ERR,ERR,ERR,ERR,ERR,ERR,ERR,ERR,ERR,ERR,ERR,ERR,ERR,ERR,ERR,ERR,ERR,ERR,ERR,ERR,ERR,ERR,ERR,ERR,ERR,ERR,ERR,ERR,ERR,ERR,ERR,ERR,ERR,ERR,ERR,ERR,ERR,ERR,ERR,ERR,ERR,ERR,ERR,ERR,ERR,ERR,ERR,ERR,ERR,ERR,ERR,ERR,ERR,ERR,ERR,ERR,ERR,ERR,ERR,ERR,ERR,ERR,ERR,ERR,ERR,ERR,ERR,ERR,ERR,ERR,ERR,-107615880.0,-0.0,-108138608.0,0.0,-3.2008056460949376e+29,0.532,-6.816301472682965e+35,0.0,4300,0,8,17170,4300,0.0,41,0.0,0.0,0.0,0.0,-0.0,0,0,0,0,0.0,0,0,0,0,0,0,0,0,0,0,0,0,0,0,0,0,0,0,0,0,0,0,0,0,0,0,0,0,0,0,0,0,0,7,37,36,44,65476,364,65476,1,0,4,21553,0.0,-107610720.0,0.0,0.0,0.0,0.0,0.0,0.0,0.0,0.0,0.0,0.0,0.0,0.0,0.0,0.0,0.0,0.0,0.0,0.0,0.0,2.004,2.004,-2.004,-3.697074863047967e+19,-0.0,0.0,0.0,0.0,0.0,6629.0,564149255929856.0,0.0,-107615880.0,-0.0,-107616248.0,0.0,0.0,0.0,2.004,2.004,228,-152017263656960.0,-0.0,0.0,0.0,0.0,0.0,0.0,0.0,0.0,0,0,0,-0.0,-0.0,27.658,0.0,0.379,0.0,-2.864,-2.477227112076008e+33,-0.0,-1.645654353283981e+33,-1722565.125,5.846539281245405e+18,0.0,0.003,0.0,2.5891388259087177e+32,0,1.3516416376850534e+27,229,0.0,458,-621855232.0,5.6142779363101766e+35,2114,52429,17109,52429,17111,0,17096,0,0,0,101,100,100,-107615256.0,65.9,-107615264.0,66.3,-0.0,66.0,1,49,50,180,52429,52429,0,0,0.0,0.0,0.0,60.0,0.001,71.0,0.0,-1.477139698884602e+38,0.0,1068,0,1069,0,0,0,1069,0,1079,0,1000,0,663,0,664,0,659,0,682,0.032,1.4609821306377965e+22,-0.0,2.730234856211355e+23,50832,16813,569.04,0.0,0.0,0.0,-0.0,0.0,50.0,60.0,35,0.0,0.0,10.0,2.0,0.0,0.0,0.0,0.0,0.0,0.0,0.0,0.0,0.0,0.0,0.0,0.0,58.8,47,16,65515,27,65476,0,300,0,0,8,20529,65476,0,0,30147,60.0,0.0,10.0,10.0,2.0,0.0
2026-02-16T12:45:48,ERR,ERR,ERR,ERR,ERR,ERR,ERR,ERR,ERR,ERR,ERR,ERR,ERR,ERR,ERR,ERR,ERR,ERR,ERR,ERR,ERR,ERR,ERR,ERR,ERR,ERR,ERR,ERR,ERR,ERR,ERR,ERR,ERR,ERR,ERR,ERR,ERR,ERR,ERR,ERR,ERR,ERR,ERR,ERR,ERR,ERR,ERR,ERR,ERR,ERR,ERR,ERR,ERR,ERR,ERR,ERR,ERR,ERR,ERR,ERR,ERR,ERR,ERR,ERR,ERR,ERR,ERR,ERR,ERR,ERR,ERR,ERR,ERR,ERR,ERR,ERR,ERR,ERR,ERR,ERR,ERR,ERR,ERR,ERR,ERR,ERR,ERR,ERR,ERR,ERR,ERR,ERR,ERR,ERR,ERR,ERR,ERR,ERR,ERR,ERR,ERR,ERR,ERR,ERR,ERR,ERR,ERR,ERR,ERR,ERR,ERR,ERR,ERR,ERR,ERR,ERR,ERR,ERR,ERR,ERR,ERR,ERR,ERR,ERR,ERR,0.0,-0.0,2.7420187948523476e+23,0.0,-0.0,0.0,-54835240960.0,-312811695636480.0,4300,0,8,17170,4300,0.0,41,0.0,0.0,0.0,0.0,-0.0,0,0,0,0,0.0,0,0,0,0,0,0,0,0,0,0,0,0,0,0,0,0,0,0,0,0,0,0,0,0,0,0,0,0,0,0,0,0,0,7,37,36,44,65476,363,65476,1,0,4,21553,0.0,0.0,0.0,0.0,0.0,0.0,0.0,0.0,0.0,0.0,0.0,0.0,0.0,0.0,0.0,0.0,0.0,0.0,0.0,0.0,0.0,2.004,2.004,-2.004,-2.004,-0.0,0.0,0.0,0.0,0.0,6629.0,2.4230026042814656e+24,0.0,0.0,-0.0,-0.0,0.0,0.0,0.0,2.004,2.004,227,-2.30882787541985e+20,-0.059,0.0,0.0,0.0,0.0,0.0,0.0,0.0,0,0,0,-0.0,21912037376.0,11828838400.0,0.0,15754862788608.0,0.0,-0.0,-0.0,0.0,-1.7572076061040652e+33,-1829061.125,6.314913642491937e+18,0.0,0.003,0.0,-0.0,0,1.3516416376850534e+27,227,0.0,454,-621855232.0,0.0,2114,52429,17109,52429,17111,0,17096,0,0,0,101,100,100,-107615256.0,65.9,-107615264.0,66.3,-0.0,66.0,1,49,50,180,52429,52429,0,0,0.0,0.0,0.0,60.0,0.001,71.0,0.0,-1.477139698884602e+38,0.0,1068,0,1069,0,0,0,1069,0,1079,0,1000,0,663,0,664,0,659,0,682,0.032,1.4609821306377965e+22,-0.0,2.730234856211355e+23,50832,16813,569.04,0.0,0.0,0.0,-0.0,0.0,50.0,60.0,35,0.0,0.0,10.0,2.0,0.0,0.0,0.0,0.0,0.0,0.0,0.0,0.0,0.0,0.0,0.0,0.0,58.8,47,16,65515,27,65476,0,300,0,0,8,20529,65476,0,0,30147,60.0,0.0,10.0,10.0,2.0,0.0
2026-02-16T12:45:49,ERR,ERR,ERR,ERR,ERR,ERR,ERR,ERR,ERR,ERR,ERR,ERR,ERR,ERR,ERR,ERR,ERR,ERR,ERR,ERR,ERR,ERR,ERR,ERR,ERR,ERR,ERR,ERR,ERR,ERR,ERR,ERR,ERR,ERR,ERR,ERR,ERR,ERR,ERR,ERR,ERR,ERR,ERR,ERR,ERR,ERR,ERR,ERR,ERR,ERR,ERR,ERR,ERR,ERR,ERR,ERR,ERR,ERR,ERR,ERR,ERR,ERR,ERR,ERR,ERR,ERR,ERR,ERR,ERR,ERR,ERR,ERR,ERR,ERR,ERR,ERR,ERR,ERR,ERR,ERR,ERR,ERR,ERR,ERR,ERR,ERR,ERR,ERR,ERR,ERR,ERR,ERR,ERR,ERR,ERR,ERR,ERR,ERR,ERR,ERR,ERR,ERR,ERR,ERR,ERR,ERR,ERR,ERR,ERR,ERR,ERR,ERR,ERR,ERR,ERR,ERR,ERR,ERR,ERR,ERR,ERR,ERR,ERR,ERR,ERR,0.0,-0.0,2.7420187948523476e+23,0.0,-0.0,0.0,-54835240960.0,-312811695636480.0,4300,0,8,17170,4300,0.0,41,0.0,0.0,0.0,0.0,-0.0,0,0,0,0,0.0,0,0,0,0,0,0,0,0,0,0,0,0,0,0,0,0,0,0,0,0,0,0,0,0,0,0,0,0,0,0,0,0,0,7,37,36,44,65476,363,65476,1,0,4,21553,0.0,0.0,0.0,0.0,0.0,0.0,0.0,0.0,0.0,0.0,0.0,0.0,0.0,0.0,0.0,0.0,0.0,0.0,0.0,0.0,0.0,2.004,2.004,-2.004,-2.004,-0.0,0.0,0.0,0.0,0.0,6629.0,2.4230026042814656e+24,0.0,0.0,-0.0,-0.0,0.0,0.0,0.0,2.004,2.004,227,-2.30882787541985e+20,-0.059,0.0,0.0,0.0,0.0,0.0,0.0,0.0,0,0,0,-0.0,21912037376.0,11828838400.0,0.0,15754862788608.0,0.0,-0.0,-0.0,0.0,-1.7572076061040652e+33,-1829061.125,6.314913642491937e+18,0.0,0.003,0.0,-0.0,0,1.3516416376850534e+27,227,0.0,454,-621855232.0,0.0,2114,52429,17109,52429,17111,0,17096,0,0,0,101,100,100,-107615256.0,65.9,-107615264.0,66.3,-0.0,66.0,1,49,50,180,52429,52429,0,0,0.0,0.0,0.0,60.0,0.001,71.0,0.0,-1.477139698884602e+38,0.0,1068,0,1069,0,0,0,1069,0,1079,0,1000,0,663,0,664,0,659,0,682,0.032,1.4609821306377965e+22,-0.0,2.730234856211355e+23,50832,16813,569.04,0.0,0.0,0.0,-0.0,0.0,50.0,60.0,35,0.0,0.0,10.0,2.0,0.0,0.0,0.0,0.0,0.0,0.0,0.0,0.0,0.0,0.0,0.0,0.0,58.8,47,16,65515,27,65476,0,300,0,0,8,20529,65476,0,0,30147,60.0,0.0,10.0,10.0,2.0,0.0
2026-02-16T12:45:50,ERR,ERR,ERR,ERR,ERR,ERR,ERR,ERR,ERR,ERR,ERR,ERR,ERR,ERR,ERR,ERR,ERR,ERR,ERR,ERR,ERR,ERR,ERR,ERR,ERR,ERR,ERR,ERR,ERR,ERR,ERR,ERR,ERR,ERR,ERR,ERR,ERR,ERR,ERR,ERR,ERR,ERR,ERR,ERR,ERR,ERR,ERR,ERR,ERR,ERR,ERR,ERR,ERR,ERR,ERR,ERR,ERR,ERR,ERR,ERR,ERR,ERR,ERR,ERR,ERR,ERR,ERR,ERR,ERR,ERR,ERR,ERR,ERR,ERR,ERR,ERR,ERR,ERR,ERR,ERR,ERR,ERR,ERR,ERR,ERR,ERR,ERR,ERR,ERR,ERR,ERR,ERR,ERR,ERR,ERR,ERR,ERR,ERR,ERR,ERR,ERR,ERR,ERR,ERR,ERR,ERR,ERR,ERR,ERR,ERR,ERR,ERR,ERR,ERR,ERR,ERR,ERR,ERR,ERR,ERR,ERR,ERR,ERR,ERR,ERR,0.0,-0.0,2.7420187948523476e+23,0.0,-0.0,0.0,-54835240960.0,-312811695636480.0,4300,0,8,17170,4300,0.0,41,0.0,0.0,0.0,0.0,-0.0,0,0,0,0,0.0,0,0,0,0,0,0,0,0,0,0,0,0,0,0,0,0,0,0,0,0,0,0,0,0,0,0,0,0,0,0,0,0,0,7,37,36,44,65476,363,65476,1,0,4,21553,0.0,0.0,0.0,0.0,0.0,0.0,0.0,0.0,0.0,0.0,0.0,0.0,0.0,0.0,0.0,0.0,0.0,0.0,0.0,0.0,0.0,2.004,2.004,-2.004,-2.004,-0.0,0.0,0.0,0.0,0.0,6629.0,2.4230026042814656e+24,0.0,0.0,-0.0,-0.0,0.0,0.0,0.0,2.004,2.004,227,-2.30882787541985e+20,-0.059,0.0,0.0,0.0,0.0,0.0,0.0,0.0,0,0,0,-0.0,21912037376.0,11828838400.0,0.0,15754862788608.0,0.0,-0.0,-0.0,0.0,-1.7572076061040652e+33,-1829061.125,6.314913642491937e+18,0.0,0.003,0.0,-0.0,0,1.3516416376850534e+27,227,0.0,454,-621855232.0,0.0,2114,52429,17109,52429,17111,0,17096,0,0,0,101,100,100,-107615256.0,65.9,-107615264.0,66.3,-0.0,66.0,1,49,50,180,39322,52429,0,0,0.0,0.0,0.0,60.0,0.001,71.0,0.0,2.3391847191147247e+36,0.0,1068,0,1069,0,0,0,1069,0,1079,0,1000,0,663,0,664,0,659,0,681,0.032,1.4536034330083127e+22,2.004,0.0,52368,16813,308.52,2.3391847191147247e+36,3.5533925183861485e+31,2.7612547511659095e+27,-1.048529249280983e+17,1.5661299229378291e+22,50.0,60.0,35,0.0,0.0,10.0,2.0,0.0,0.0,0.0,0.0,0.0,0.0,0.0,0.0,0.0,0.0,0.0,0.0,58.8,47,16,65515,27,65476,0,300,0,0,8,20529,65476,0,0,30147,60.0,0.0,10.0,10.0,2.0,0.0
2026-02-16T12:45:51,ERR,ERR,ERR,ERR,ERR,ERR,ERR,ERR,ERR,ERR,ERR,ERR,ERR,ERR,ERR,ERR,ERR,ERR,ERR,ERR,ERR,ERR,ERR,ERR,ERR,ERR,ERR,ERR,ERR,ERR,ERR,ERR,ERR,ERR,ERR,ERR,ERR,ERR,ERR,ERR,ERR,ERR,ERR,ERR,ERR,ERR,ERR,ERR,ERR,ERR,ERR,ERR,ERR,ERR,ERR,ERR,ERR,ERR,ERR,ERR,ERR,ERR,ERR,ERR,ERR,ERR,ERR,ERR,ERR,ERR,ERR,ERR,ERR,ERR,ERR,ERR,ERR,ERR,ERR,ERR,ERR,ERR,ERR,ERR,ERR,ERR,ERR,ERR,ERR,ERR,ERR,ERR,ERR,ERR,ERR,ERR,ERR,ERR,ERR,ERR,ERR,ERR,ERR,ERR,ERR,ERR,ERR,ERR,ERR,ERR,ERR,ERR,ERR,ERR,ERR,ERR,ERR,ERR,ERR,ERR,ERR,ERR,ERR,ERR,ERR,0.0,-0.0,2.7420187948523476e+23,0.0,-0.0,0.0,-54835240960.0,-312811695636480.0,4300,0,8,17170,4300,0.0,41,0.0,0.0,0.0,0.0,-0.0,0,0,0,0,0.0,0,0,0,0,0,0,0,0,0,0,0,0,0,0,0,0,0,0,0,0,0,0,0,0,0,0,0,0,0,0,0,0,0,7,37,36,44,65476,363,65476,1,0,4,21553,0.0,0.0,0.0,0.0,0.0,0.0,0.0,0.0,0.0,0.0,0.0,0.0,0.0,0.0,0.0,0.0,0.0,0.0,0.0,0.0,0.0,2.004,2.004,-2.004,-2.004,-0.0,0.0,0.0,0.0,0.0,6629.0,2.4230026042814656e+24,0.0,0.0,-0.0,-0.0,0.0,0.0,0.0,2.004,2.004,227,-2.30882787541985e+20,-0.059,0.0,0.0,0.0,0.0,0.0,0.0,0.0,0,0,0,-0.0,21912037376.0,11828838400.0,0.0,15754862788608.0,0.0,-0.0,-0.0,0.0,-1.7572076061040652e+33,-1829061.125,6.314913642491937e+18,0.0,0.003,0.0,-0.0,0,1.3516416376850534e+27,227,0.0,454,-621855232.0,0.0,2114,52429,17109,52429,17111,0,17096,0,0,0,101,100,100,-107615256.0,65.9,-107615264.0,66.3,-0.0,66.0,1,49,50,180,39322,52429,0,0,0.0,0.0,0.0,60.0,0.001,71.0,0.0,2.3391847191147247e+36,0.0,1068,0,1069,0,0,0,1069,0,1079,0,1000,0,663,0,664,0,659,0,681,0.032,1.4536034330083127e+22,2.004,0.0,52368,16813,308.52,2.3391847191147247e+36,3.5533925183861485e+31,2.7612547511659095e+27,-1.048529249280983e+17,1.5661299229378291e+22,50.0,60.0,35,0.0,0.0,10.0,2.0,0.0,0.0,0.0,0.0,0.0,0.0,0.0,0.0,0.0,0.0,0.0,0.0,58.8,47,16,65515,27,65476,0,300,0,0,8,20529,65476,0,0,30147,60.0,0.0,10.0,10.0,2.0,0.0
2026-02-16T12:45:52,ERR,ERR,ERR,ERR,ERR,ERR,ERR,ERR,ERR,ERR,ERR,ERR,ERR,ERR,ERR,ERR,ERR,ERR,ERR,ERR,ERR,ERR,ERR,ERR,ERR,ERR,ERR,ERR,ERR,ERR,ERR,ERR,ERR,ERR,ERR,ERR,ERR,ERR,ERR,ERR,ERR,ERR,ERR,ERR,ERR,ERR,ERR,ERR,ERR,ERR,ERR,ERR,ERR,ERR,ERR,ERR,ERR,ERR,ERR,ERR,ERR,ERR,ERR,ERR,ERR,ERR,ERR,ERR,ERR,ERR,ERR,ERR,ERR,ERR,ERR,ERR,ERR,ERR,ERR,ERR,ERR,ERR,ERR,ERR,ERR,ERR,ERR,ERR,ERR,ERR,ERR,ERR,ERR,ERR,ERR,ERR,ERR,ERR,ERR,ERR,ERR,ERR,ERR,ERR,ERR,ERR,ERR,ERR,ERR,ERR,ERR,ERR,ERR,ERR,ERR,ERR,ERR,ERR,ERR,ERR,ERR,ERR,ERR,ERR,ERR,0.0,-0.0,2.7420187948523476e+23,0.0,-0.0,0.0,-54835240960.0,-312811695636480.0,4300,0,8,17170,4300,0.0,41,0.0,0.0,0.0,0.0,-0.0,0,0,0,0,0.0,0,0,0,0,0,0,0,0,0,0,0,0,0,0,0,0,0,0,0,0,0,0,0,0,0,0,0,0,0,0,0,0,0,7,37,36,44,65476,363,65476,1,0,4,21553,0.0,0.0,0.0,0.0,0.0,0.0,0.0,0.0,0.0,0.0,0.0,0.0,0.0,0.0,0.0,0.0,0.0,0.0,0.0,0.0,0.0,2.004,2.004,-2.004,-2.004,-0.0,0.0,0.0,0.0,0.0,6629.0,2.4230026042814656e+24,0.0,0.0,-0.0,-0.0,0.0,0.0,0.0,2.004,2.004,227,-2.30882787541985e+20,-0.059,0.0,0.0,0.0,0.0,0.0,0.0,0.0,0,0,0,-0.0,21912037376.0,11828838400.0,0.0,15754862788608.0,0.0,-0.0,-0.0,0.0,-1.7572076061040652e+33,-1829061.125,6.314913642491937e+18,0.0,0.003,0.0,-0.0,0,1.3516416376850534e+27,227,0.0,454,-621855232.0,0.0,2114,52429,17109,52429,17111,0,17096,0,0,0,101,100,100,-107615256.0,65.9,-107615264.0,66.3,-0.0,66.0,1,49,50,180,39322,52429,0,0,0.0,0.0,0.0,60.0,0.001,71.0,0.0,2.3391847191147247e+36,0.0,1068,0,1069,0,0,0,1069,0,1079,0,1000,0,663,0,664,0,659,0,681,0.032,1.4536034330083127e+22,2.004,0.0,52368,16813,308.52,2.3391847191147247e+36,3.5533925183861485e+31,2.7612547511659095e+27,-1.048529249280983e+17,1.5661299229378291e+22,50.0,60.0,35,0.0,0.0,10.0,2.0,0.0,0.0,0.0,0.0,0.0,0.0,0.0,0.0,0.0,0.0,0.0,0.0,58.8,47,16,65515,27,65476,0,300,0,0,8,20529,65476,0,0,30147,60.0,0.0,10.0,10.0,2.0,0.0
2026-02-16T12:45:53,ERR,ERR,ERR,ERR,ERR,ERR,ERR,ERR,ERR,ERR,ERR,ERR,ERR,ERR,ERR,ERR,ERR,ERR,ERR,ERR,ERR,ERR,ERR,ERR,ERR,ERR,ERR,ERR,ERR,ERR,ERR,ERR,ERR,ERR,ERR,ERR,ERR,ERR,ERR,ERR,ERR,ERR,ERR,ERR,ERR,ERR,ERR,ERR,ERR,ERR,ERR,ERR,ERR,ERR,ERR,ERR,ERR,ERR,ERR,ERR,ERR,ERR,ERR,ERR,ERR,ERR,ERR,ERR,ERR,ERR,ERR,ERR,ERR,ERR,ERR,ERR,ERR,ERR,ERR,ERR,ERR,ERR,ERR,ERR,ERR,ERR,ERR,ERR,ERR,ERR,ERR,ERR,ERR,ERR,ERR,ERR,ERR,ERR,ERR,ERR,ERR,ERR,ERR,ERR,ERR,ERR,ERR,ERR,ERR,ERR,ERR,ERR,ERR,ERR,ERR,ERR,ERR,ERR,ERR,ERR,ERR,ERR,ERR,ERR,ERR,-107615880.0,-0.0,-108138608.0,0.0,-3.2008056460949376e+29,-4.223896908338161e+33,-0.0,4.041881784053139e+29,4300,0,8,17169,4300,0.0,41,0.0,0.0,0.0,0.0,-0.0,0,0,0,0,0.0,0,0,0,0,0,0,0,0,0,0,0,0,0,0,0,0,0,0,0,0,0,0,0,0,0,0,0,0,0,0,0,0,0,7,37,36,44,65476,362,65476,1,0,4,21553,0.0,0.0,0.0,0.0,0.0,0.0,0.0,0.0,0.0,0.0,0.0,0.0,0.0,0.0,0.0,0.0,0.0,0.0,0.0,0.0,0.0,2.004,2.004,-2.004,-2.004,-0.0,0.0,0.0,0.0,0.0,6631.0,1.5879389867419013e+29,0.0,0.0,-0.0,-0.0,0.0,0.0,0.0,2.004,2.004,228,0.0,-71.63,0.0,0.0,0.0,0.0,0.0,0.0,0.0,0,0,0,2.197602883507459e+37,51198044405760.0,0.0,-0.0,0.0,-1.6625143019208704e+16,5.468318001528832e+16,0.0,-0.0,-1.889043268527801e+33,-1935557.125,6.747259206719504e+18,0.0,0.003,0.0,-0.0,0,1.3516416376850534e+27,228,0.0,456,-621855232.0,0.0,2114,52429,17109,52429,17111,0,17096,0,0,0,101,100,100,-107615256.0,65.5,0.0,66.3,-0.0,66.0,1,49,50,180,39322,52429,0,0,0.0,0.0,0.0,60.0,1.111,71.0,0.0,133281046528.0,0.0,1068,0,1069,0,0,0,1069,0,1080,0,1000,0,663,0,665,0,659,0,681,0.032,1.4536034330083127e+22,2.004,0.0,53392,16813,0.0,7.872378705663325e+32,0.0,0.0,-0.0,0.0,50.0,60.0,35,0.0,0.0,10.0,2.0,0.0,0.0,0.0,0.0,0.0,0.0,0.0,0.0,0.0,0.0,0.0,0.0,58.8,47,16,65515,27,65476,0,300,0,0,8,20529,65476,0,0,30147,60.0,0.0,10.0,10.0,2.0,0.0
2026-02-16T12:45:54,ERR,ERR,ERR,ERR,ERR,ERR,ERR,ERR,ERR,ERR,ERR,ERR,ERR,ERR,ERR,ERR,ERR,ERR,ERR,ERR,ERR,ERR,ERR,ERR,ERR,ERR,ERR,ERR,ERR,ERR,ERR,ERR,ERR,ERR,ERR,ERR,ERR,ERR,ERR,ERR,ERR,ERR,ERR,ERR,ERR,ERR,ERR,ERR,ERR,ERR,ERR,ERR,ERR,ERR,ERR,ERR,ERR,ERR,ERR,ERR,ERR,ERR,ERR,ERR,ERR,ERR,ERR,ERR,ERR,ERR,ERR,ERR,ERR,ERR,ERR,ERR,ERR,ERR,ERR,ERR,ERR,ERR,ERR,ERR,ERR,ERR,ERR,ERR,ERR,ERR,ERR,ERR,ERR,ERR,ERR,ERR,ERR,ERR,ERR,ERR,ERR,ERR,ERR,ERR,ERR,ERR,ERR,ERR,ERR,ERR,ERR,ERR,ERR,ERR,ERR,ERR,ERR,ERR,ERR,ERR,ERR,ERR,ERR,ERR,ERR,-107615880.0,-0.0,-108138608.0,0.0,-3.2008056460949376e+29,-4.223896908338161e+33,-0.0,4.041881784053139e+29,4300,0,8,17169,4300,0.0,41,0.0,0.0,0.0,0.0,-0.0,0,0,0,0,0.0,0,0,0,0,0,0,0,0,0,0,0,0,0,0,0,0,0,0,0,0,0,0,0,0,0,0,0,0,0,0,0,0,0,7,37,36,44,65476,362,65476,1,0,4,21553,0.0,0.0,0.0,0.0,0.0,0.0,0.0,0.0,0.0,0.0,0.0,0.0,0.0,0.0,0.0,0.0,0.0,0.0,0.0,0.0,0.0,2.004,2.004,-2.004,-2.004,-0.0,0.0,0.0,0.0,0.0,6631.0,1.5879389867419013e+29,0.0,0.0,-0.0,-0.0,0.0,0.0,0.0,2.004,2.004,228,0.0,-71.63,0.0,0.0,0.0,0.0,0.0,0.0,0.0,0,0,0,2.197602883507459e+37,51198044405760.0,0.0,-0.0,0.0,-1.6625143019208704e+16,5.468318001528832e+16,0.0,-0.0,-1.889043268527801e+33,-1935557.125,6.747259206719504e+18,0.0,0.003,0.0,-0.0,0,1.3516416376850534e+27,228,0.0,456,-621855232.0,0.0,2114,52429,17109,52429,17111,0,17096,0,0,0,101,100,100,-107615256.0,65.5,0.0,66.3,-0.0,66.0,1,49,50,180,39322,52429,0,0,0.0,0.0,0.0,60.0,1.111,71.0,0.0,133281046528.0,0.0,1068,0,1069,0,0,0,1069,0,1080,0,1000,0,663,0,665,0,659,0,681,0.032,1.4536034330083127e+22,2.004,0.0,53392,16813,0.0,7.872378705663325e+32,0.0,0.0,-0.0,0.0,50.0,60.0,35,0.0,0.0,10.0,2.0,0.0,0.0,0.0,0.0,0.0,0.0,0.0,0.0,0.0,0.0,0.0,0.0,58.8,47,16,65515,27,65476,0,300,0,0,8,20529,65476,0,0,30147,60.0,0.0,10.0,10.0,2.0,0.0
2026-02-16T12:45:55,ERR,ERR,ERR,ERR,ERR,ERR,ERR,ERR,ERR,ERR,ERR,ERR,ERR,ERR,ERR,ERR,ERR,ERR,ERR,ERR,ERR,ERR,ERR,ERR,ERR,ERR,ERR,ERR,ERR,ERR,ERR,ERR,ERR,ERR,ERR,ERR,ERR,ERR,ERR,ERR,ERR,ERR,ERR,ERR,ERR,ERR,ERR,ERR,ERR,ERR,ERR,ERR,ERR,ERR,ERR,ERR,ERR,ERR,ERR,ERR,ERR,ERR,ERR,ERR,ERR,ERR,ERR,ERR,ERR,ERR,ERR,ERR,ERR,ERR,ERR,ERR,ERR,ERR,ERR,ERR,ERR,ERR,ERR,ERR,ERR,ERR,ERR,ERR,ERR,ERR,ERR,ERR,ERR,ERR,ERR,ERR,ERR,ERR,ERR,ERR,ERR,ERR,ERR,ERR,ERR,ERR,ERR,ERR,ERR,ERR,ERR,ERR,ERR,ERR,ERR,ERR,ERR,ERR,ERR,ERR,ERR,ERR,ERR,ERR,ERR,-107615880.0,-0.0,-108138608.0,0.0,-3.2008056460949376e+29,-4.223896908338161e+33,-0.0,4.041881784053139e+29,4300,0,8,17169,4300,0.0,41,0.0,0.0,0.0,0.0,-0.0,0,0,0,0,0.0,0,0,0,0,0,0,0,0,0,0,0,0,0,0,0,0,0,0,0,0,0,0,0,0,0,0,0,0,0,0,0,0,0,7,37,36,44,65476,362,65476,1,0,4,21553,0.0,0.0,0.0,0.0,0.0,0.0,0.0,0.0,0.0,0.0,0.0,0.0,0.0,0.0,0.0,0.0,0.0,0.0,0.0,0.0,0.0,2.004,2.004,-2.004,-2.004,-0.0,0.0,0.0,0.0,0.0,6631.0,1.5879389867419013e+29,0.0,0.0,-0.0,-0.0,0.0,0.0,0.0,2.004,2.004,228,0.0,-71.63,0.0,0.0,0.0,0.0,0.0,0.0,0.0,0,0,0,2.197602883507459e+37,51198044405760.0,0.0,-0.0,0.0,-1.6625143019208704e+16,5.468318001528832e+16,0.0,-0.0,-1.889043268527801e+33,-1935557.125,6.747259206719504e+18,0.0,0.003,0.0,-0.0,0,1.3516416376850534e+27,228,0.0,456,-621855232.0,0.0,2114,52429,17109,52429,17111,0,17096,0,0,0,101,100,100,-107615256.0,65.5,0.0,66.3,-0.0,66.0,1,49,50,180,39322,52429,0,0,0.0,0.0,0.0,60.0,1.111,71.0,0.0,133281046528.0,0.0,1068,0,1069,0,0,0,1069,0,1080,0,1000,0,663,0,665,0,659,0,681,0.032,1.4536034330083127e+22,2.004,0.0,53392,16813,0.0,7.872378705663325e+32,0.0,0.0,-0.0,0.0,50.0,60.0,35,0.0,0.0,10.0,2.0,0.0,0.0,0.0,0.0,0.0,0.0,0.0,0.0,0.0,0.0,0.0,0.0,58.8,47,16,65515,27,65476,0,300,0,0,8,20529,65476,0,0,30147,60.0,0.0,10.0,10.0,2.0,0.0
2026-02-16T12:45:56,ERR,ERR,ERR,ERR,ERR,ERR,ERR,ERR,ERR,ERR,ERR,ERR,ERR,ERR,ERR,ERR,ERR,ERR,ERR,ERR,ERR,ERR,ERR,ERR,ERR,ERR,ERR,ERR,ERR,ERR,ERR,ERR,ERR,ERR,ERR,ERR,ERR,ERR,ERR,ERR,ERR,ERR,ERR,ERR,ERR,ERR,ERR,ERR,ERR,ERR,ERR,ERR,ERR,ERR,ERR,ERR,ERR,ERR,ERR,ERR,ERR,ERR,ERR,ERR,ERR,ERR,ERR,ERR,ERR,ERR,ERR,ERR,ERR,ERR,ERR,ERR,ERR,ERR,ERR,ERR,ERR,ERR,ERR,ERR,ERR,ERR,ERR,ERR,ERR,ERR,ERR,ERR,ERR,ERR,ERR,ERR,ERR,ERR,ERR,ERR,ERR,ERR,ERR,ERR,ERR,ERR,ERR,ERR,ERR,ERR,ERR,ERR,ERR,ERR,ERR,ERR,ERR,ERR,ERR,ERR,ERR,ERR,ERR,ERR,ERR,-107615880.0,-0.0,-108138608.0,0.0,-3.2008056460949376e+29,-4.223896908338161e+33,-0.0,4.041881784053139e+29,4300,0,8,17169,4300,0.0,41,0.0,0.0,0.0,0.0,-0.0,0,0,0,0,0.0,0,0,0,0,0,0,0,0,0,0,0,0,0,0,0,0,0,0,0,0,0,0,0,0,0,0,0,0,0,0,0,0,0,7,37,36,44,65476,362,65476,1,0,4,21553,0.0,0.0,0.0,0.0,0.0,0.0,0.0,0.0,0.0,0.0,0.0,0.0,0.0,0.0,0.0,0.0,0.0,0.0,0.0,0.0,0.0,2.004,2.004,-2.004,-2.004,-0.0,0.0,0.0,0.0,0.0,6631.0,1.5879389867419013e+29,0.0,0.0,-0.0,-0.0,0.0,0.0,0.0,2.004,2.004,228,0.0,-71.63,0.0,0.0,0.0,0.0,0.0,0.0,0.0,0,0,0,2.197602883507459e+37,51198044405760.0,0.0,-0.0,0.0,-1.6625143019208704e+16,5.468318001528832e+16,0.0,-0.0,-1.889043268527801e+33,-1935557.125,6.747259206719504e+18,0.0,0.003,0.0,-0.0,0,1.3516416376850534e+27,228,0.0,456,-621855232.0,0.0,2114,52429,17109,52429,17111,0,17096,0,0,0,101,100,100,-107615256.0,65.5,0.0,66.3,-0.0,66.0,1,49,50,180,39322,52429,0,0,0.0,0.0,0.0,60.0,1.111,71.0,0.0,133281046528.0,0.0,1068,0,1069,0,0,0,1069,0,1080,0,1000,0,663,0,665,0,659,0,681,0.032,1.4536034330083127e+22,2.004,0.0,53392,16813,0.0,7.872378705663325e+32,0.0,0.0,-0.0,0.0,50.0,60.0,35,0.0,0.0,10.0,2.0,0.0,0.0,0.0,0.0,0.0,0.0,0.0,0.0,0.0,0.0,0.0,0.0,58.8,47,16,65515,27,65476,0,300,0,0,8,20529,65476,0,0,30147,60.0,0.0,10.0,10.0,2.0,0.0
2026-02-16T12:45:57,ERR,ERR,ERR,ERR,ERR,ERR,ERR,ERR,ERR,ERR,ERR,ERR,ERR,ERR,ERR,ERR,ERR,ERR,ERR,ERR,ERR,ERR,ERR,ERR,ERR,ERR,ERR,ERR,ERR,ERR,ERR,ERR,ERR,ERR,ERR,ERR,ERR,ERR,ERR,ERR,ERR,ERR,ERR,ERR,ERR,ERR,ERR,ERR,ERR,ERR,ERR,ERR,ERR,ERR,ERR,ERR,ERR,ERR,ERR,ERR,ERR,ERR,ERR,ERR,ERR,ERR,ERR,ERR,ERR,ERR,ERR,ERR,ERR,ERR,ERR,ERR,ERR,ERR,ERR,ERR,ERR,ERR,ERR,ERR,ERR,ERR,ERR,ERR,ERR,ERR,ERR,ERR,ERR,ERR,ERR,ERR,ERR,ERR,ERR,ERR,ERR,ERR,ERR,ERR,ERR,ERR,ERR,ERR,ERR,ERR,ERR,ERR,ERR,ERR,ERR,ERR,ERR,ERR,ERR,ERR,ERR,ERR,ERR,ERR,ERR,-107615880.0,-0.0,-108138608.0,0.0,-3.2008056460949376e+29,-4.223896908338161e+33,-0.0,4.041881784053139e+29,4300,0,8,17169,4300,0.0,41,0.0,0.0,0.0,0.0,-0.0,0,0,0,0,0.0,0,0,0,0,0,0,0,0,0,0,0,0,0,0,0,0,0,0,0,0,0,0,0,0,0,0,0,0,0,0,0,0,0,7,37,36,44,65476,362,65476,1,0,4,21553,0.0,0.0,0.0,0.0,0.0,0.0,0.0,0.0,0.0,0.0,0.0,0.0,0.0,0.0,0.0,0.0,0.0,0.0,0.0,0.0,0.0,2.004,2.004,-2.004,-2.004,-0.0,0.0,0.0,0.0,0.0,6631.0,1.5879389867419013e+29,0.0,0.0,-0.0,-0.0,0.0,0.0,0.0,2.004,2.004,228,0.0,-71.63,0.0,0.0,0.0,0.0,0.0,0.0,0.0,0,0,0,2.197602883507459e+37,51198044405760.0,0.0,-0.0,0.0,-1.6625143019208704e+16,5.468318001528832e+16,0.0,-0.0,-1.889043268527801e+33,-1935557.125,6.747259206719504e+18,0.0,0.003,0.0,-0.0,0,1.3516416376850534e+27,228,0.0,456,-621855232.0,0.0,2114,52429,17109,52429,17111,0,17096,0,0,0,101,100,100,-107615256.0,65.9,0.0,66.8,-0.0,66.0,1,49,50,180,39322,52429,0,0,0.0,0.0,0.0,60.0,0.0,71.0,0.0,196351408.0,0.0,1068,0,1069,0,0,0,1069,0,1079,0,1000,0,663,0,665,0,659,0,681,0.032,1.4536034330083127e+22,2.004,0.0,44432,16813,0.0,196351408.0,0.0,1.6370903503863808e+18,7.373672559309399e+28,0.0,50.0,60.0,35,0.0,0.0,10.0,2.0,0.0,0.0,0.0,0.0,0.0,0.0,0.0,0.0,0.0,0.0,0.0,0.0,58.8,47,16,65516,27,65476,0,300,0,0,8,20529,65476,0,0,30147,60.0,0.0,10.0,10.0,2.0,0.0
2026-02-16T12:45:58,ERR,ERR,ERR,ERR,ERR,ERR,ERR,ERR,ERR,ERR,ERR,ERR,ERR,ERR,ERR,ERR,ERR,ERR,ERR,ERR,ERR,ERR,ERR,ERR,ERR,ERR,ERR,ERR,ERR,ERR,ERR,ERR,ERR,ERR,ERR,ERR,ERR,ERR,ERR,ERR,ERR,ERR,ERR,ERR,ERR,ERR,ERR,ERR,ERR,ERR,ERR,ERR,ERR,ERR,ERR,ERR,ERR,ERR,ERR,ERR,ERR,ERR,ERR,ERR,ERR,ERR,ERR,ERR,ERR,ERR,ERR,ERR,ERR,ERR,ERR,ERR,ERR,ERR,ERR,ERR,ERR,ERR,ERR,ERR,ERR,ERR,ERR,ERR,ERR,ERR,ERR,ERR,ERR,ERR,ERR,ERR,ERR,ERR,ERR,ERR,ERR,ERR,ERR,ERR,ERR,ERR,ERR,ERR,ERR,ERR,ERR,ERR,ERR,ERR,ERR,ERR,ERR,ERR,ERR,ERR,ERR,ERR,ERR,ERR,ERR,0.0,-0.0,2.7420187948523476e+23,0.0,-0.0,-173316.297,0.0,0.0,4300,0,8,17169,4300,0.0,41,0.0,0.0,0.0,0.0,-0.0,0,0,0,0,0.0,0,0,0,0,0,0,0,0,0,0,0,0,0,0,0,0,0,0,0,0,0,0,0,0,0,0,0,0,0,0,0,0,0,8,36,36,44,65476,360,65476,1,0,4,21553,0.0,0.0,0.0,0.0,0.0,0.0,0.0,0.0,0.0,0.0,0.0,0.0,0.0,0.0,0.0,0.0,0.0,0.0,0.0,0.0,0.0,2.004,2.004,-2.004,-0.0,-0.0,0.0,0.0,0.0,0.0,6632.0,-0.0,0.0,0.0,-0.0,2.7184503771384073e+23,0.0,0.0,0.0,2.004,2.004,228,-4.950401131092143e+32,-126841028608.0,0.0,0.0,0.0,0.0,0.0,0.0,0.0,0,0,0,-0.0,-0.0,424.527,-6.250519111637922e+26,25.533,65216847020032.0,0.0,31362050.0,-0.0,-2.0310201357533627e+33,-2033861.125,7.215633567966036e+18,0.0,0.004,0.0,-0.0,0,1.3516416376850534e+27,228,0.0,456,0.0,-109185200.0,2114,52429,17109,52429,17111,0,17096,0,0,0,101,100,100,-107615256.0,65.9,0.0,66.8,-0.0,66.0,1,49,50,180,39322,52429,0,0,0.0,0.0,0.0,60.0,0.0,71.0,0.0,196351408.0,0.0,1068,0,1069,0,0,0,1069,0,1079,0,1000,0,663,0,665,0,659,0,681,0.032,1.4536034330083127e+22,2.004,0.0,44432,16813,0.0,196351408.0,0.0,1.6370903503863808e+18,7.373672559309399e+28,0.0,50.0,60.0,35,0.0,0.0,10.0,2.0,0.0,0.0,0.0,0.0,0.0,0.0,0.0,0.0,0.0,0.0,0.0,0.0,58.8,47,16,65516,27,65476,0,300,0,0,8,20529,65476,0,0,30147,60.0,0.0,10.0,10.0,2.0,0.0
2026-02-16T12:45:59,ERR,ERR,ERR,ERR,ERR,ERR,ERR,ERR,ERR,ERR,ERR,ERR,ERR,ERR,ERR,ERR,ERR,ERR,ERR,ERR,ERR,ERR,ERR,ERR,ERR,ERR,ERR,ERR,ERR,ERR,ERR,ERR,ERR,ERR,ERR,ERR,ERR,ERR,ERR,ERR,ERR,ERR,ERR,ERR,ERR,ERR,ERR,ERR,ERR,ERR,ERR,ERR,ERR,ERR,ERR,ERR,ERR,ERR,ERR,ERR,ERR,ERR,ERR,ERR,ERR,ERR,ERR,ERR,ERR,ERR,ERR,ERR,ERR,ERR,ERR,ERR,ERR,ERR,ERR,ERR,ERR,ERR,ERR,ERR,ERR,ERR,ERR,ERR,ERR,ERR,ERR,ERR,ERR,ERR,ERR,ERR,ERR,ERR,ERR,ERR,ERR,ERR,ERR,ERR,ERR,ERR,ERR,ERR,ERR,ERR,ERR,ERR,ERR,ERR,ERR,ERR,ERR,ERR,ERR,ERR,ERR,ERR,ERR,ERR,ERR,0.0,-0.0,2.7420187948523476e+23,0.0,-0.0,-173316.297,0.0,0.0,4300,0,8,17169,4300,0.0,41,0.0,0.0,0.0,0.0,-0.0,0,0,0,0,0.0,0,0,0,0,0,0,0,0,0,0,0,0,0,0,0,0,0,0,0,0,0,0,0,0,0,0,0,0,0,0,0,0,0,8,36,36,44,65476,360,65476,1,0,4,21553,0.0,0.0,0.0,0.0,0.0,0.0,0.0,0.0,0.0,0.0,0.0,0.0,0.0,0.0,0.0,0.0,0.0,0.0,0.0,0.0,0.0,2.004,2.004,-2.004,-0.0,-0.0,0.0,0.0,0.0,0.0,6632.0,-0.0,0.0,0.0,-0.0,2.7184503771384073e+23,0.0,0.0,0.0,2.004,2.004,228,-4.950401131092143e+32,-126841028608.0,0.0,0.0,0.0,0.0,0.0,0.0,0.0,0,0,0,-0.0,-0.0,424.527,-6.250519111637922e+26,25.533,65216847020032.0,0.0,31362050.0,-0.0,-2.0310201357533627e+33,-2033861.125,7.215633567966036e+18,0.0,0.004,0.0,-0.0,0,1.3516416376850534e+27,228,0.0,456,0.0,-109185200.0,2114,52429,17109,52429,17111,0,17096,0,0,0,101,100,100,-107615256.0,65.9,0.0,66.8,-0.0,66.0,1,49,50,180,39322,52429,0,0,0.0,0.0,0.0,60.0,0.0,71.0,0.0,196351408.0,0.0,1068,0,1069,0,0,0,1069,0,1079,0,1000,0,663,0,665,0,659,0,681,0.032,1.4536034330083127e+22,2.004,0.0,44432,16813,0.0,196351408.0,0.0,1.6370903503863808e+18,7.373672559309399e+28,0.0,50.0,60.0,35,0.0,0.0,10.0,2.0,0.0,0.0,0.0,0.0,0.0,0.0,0.0,0.0,0.0,0.0,0.0,0.0,58.8,47,16,65516,27,65476,0,300,0,0,8,20529,65476,0,0,30147,60.0,0.0,10.0,10.0,2.0,0.0
2026-02-16T12:46:00,ERR,ERR,ERR,ERR,ERR,ERR,ERR,ERR,ERR,ERR,ERR,ERR,ERR,ERR,ERR,ERR,ERR,ERR,ERR,ERR,ERR,ERR,ERR,ERR,ERR,ERR,ERR,ERR,ERR,ERR,ERR,ERR,ERR,ERR,ERR,ERR,ERR,ERR,ERR,ERR,ERR,ERR,ERR,ERR,ERR,ERR,ERR,ERR,ERR,ERR,ERR,ERR,ERR,ERR,ERR,ERR,ERR,ERR,ERR,ERR,ERR,ERR,ERR,ERR,ERR,ERR,ERR,ERR,ERR,ERR,ERR,ERR,ERR,ERR,ERR,ERR,ERR,ERR,ERR,ERR,ERR,ERR,ERR,ERR,ERR,ERR,ERR,ERR,ERR,ERR,ERR,ERR,ERR,ERR,ERR,ERR,ERR,ERR,ERR,ERR,ERR,ERR,ERR,ERR,ERR,ERR,ERR,ERR,ERR,ERR,ERR,ERR,ERR,ERR,ERR,ERR,ERR,ERR,ERR,ERR,ERR,ERR,ERR,ERR,ERR,0.0,-0.0,2.7420187948523476e+23,0.0,-0.0,-173316.297,0.0,0.0,4300,0,8,17169,4300,0.0,41,0.0,0.0,0.0,0.0,-0.0,0,0,0,0,0.0,0,0,0,0,0,0,0,0,0,0,0,0,0,0,0,0,0,0,0,0,0,0,0,0,0,0,0,0,0,0,0,0,0,8,36,36,44,65476,360,65476,1,0,4,21553,0.0,0.0,0.0,0.0,0.0,0.0,0.0,0.0,0.0,0.0,0.0,0.0,0.0,0.0,0.0,0.0,0.0,0.0,0.0,0.0,0.0,2.004,2.004,-2.004,-0.0,-0.0,0.0,0.0,0.0,0.0,6632.0,-0.0,0.0,0.0,-0.0,2.7184503771384073e+23,0.0,0.0,0.0,2.004,2.004,228,-4.950401131092143e+32,-126841028608.0,0.0,0.0,0.0,0.0,0.0,0.0,0.0,0,0,0,-0.0,-0.0,424.527,-6.250519111637922e+26,25.533,65216847020032.0,0.0,31362050.0,-0.0,-2.0310201357533627e+33,-2033861.125,7.215633567966036e+18,0.0,0.004,0.0,-0.0,0,1.3516416376850534e+27,228,0.0,456,0.0,-109185200.0,2114,52429,17109,52429,17111,0,17096,0,0,0,101,100,100,-107615256.0,65.5,0.0,66.8,-0.0,66.0,1,49,50,180,39322,52429,0,0,0.0,0.0,0.0,60.0,0.0,71.0,0.0,0.0,0.0,1069,0,1069,0,0,0,1069,0,1079,0,1000,0,663,0,665,0,659,0,681,0.032,1.4536034330083127e+22,2.004,0.0,57488,16813,0.0,0.0,-1.381155781442545e+37,-0.0,1101712457728.0,-3.593072214937421e+37,50.0,60.0,35,0.0,0.0,10.0,2.0,0.0,0.0,0.0,0.0,0.0,0.0,0.0,0.0,0.0,0.0,0.0,0.0,58.8,47,16,65516,27,65476,0,300,0,0,8,20529,65476,0,0,30147,60.0,0.0,10.0,10.0,2.0,0.0
2026-02-16T12:46:01,ERR,ERR,ERR,ERR,ERR,ERR,ERR,ERR,ERR,ERR,ERR,ERR,ERR,ERR,ERR,ERR,ERR,ERR,ERR,ERR,ERR,ERR,ERR,ERR,ERR,ERR,ERR,ERR,ERR,ERR,ERR,ERR,ERR,ERR,ERR,ERR,ERR,ERR,ERR,ERR,ERR,ERR,ERR,ERR,ERR,ERR,ERR,ERR,ERR,ERR,ERR,ERR,ERR,ERR,ERR,ERR,ERR,ERR,ERR,ERR,ERR,ERR,ERR,ERR,ERR,ERR,ERR,ERR,ERR,ERR,ERR,ERR,ERR,ERR,ERR,ERR,ERR,ERR,ERR,ERR,ERR,ERR,ERR,ERR,ERR,ERR,ERR,ERR,ERR,ERR,ERR,ERR,ERR,ERR,ERR,ERR,ERR,ERR,ERR,ERR,ERR,ERR,ERR,ERR,ERR,ERR,ERR,ERR,ERR,ERR,ERR,ERR,ERR,ERR,ERR,ERR,ERR,ERR,ERR,ERR,ERR,ERR,ERR,ERR,ERR,0.0,-0.0,2.7420187948523476e+23,0.0,-0.0,-173316.297,0.0,0.0,4300,0,8,17169,4300,0.0,41,0.0,0.0,0.0,0.0,-0.0,0,0,0,0,0.0,0,0,0,0,0,0,0,0,0,0,0,0,0,0,0,0,0,0,0,0,0,0,0,0,0,0,0,0,0,0,0,0,0,8,36,36,44,65476,360,65476,1,0,4,21553,0.0,0.0,0.0,0.0,0.0,0.0,0.0,0.0,0.0,0.0,0.0,0.0,0.0,0.0,0.0,0.0,0.0,0.0,0.0,0.0,0.0,2.004,2.004,-2.004,-0.0,-0.0,0.0,0.0,0.0,0.0,6632.0,-0.0,0.0,0.0,-0.0,2.7184503771384073e+23,0.0,0.0,0.0,2.004,2.004,228,-4.950401131092143e+32,-126841028608.0,0.0,0.0,0.0,0.0,0.0,0.0,0.0,0,0,0,-0.0,-0.0,424.527,-6.250519111637922e+26,25.533,65216847020032.0,0.0,31362050.0,-0.0,-2.0310201357533627e+33,-2033861.125,7.215633567966036e+18,0.0,0.004,0.0,-0.0,0,1.3516416376850534e+27,228,0.0,456,0.0,-109185200.0,2114,52429,17109,52429,17111,0,17096,0,0,0,101,100,100,-107615256.0,65.5,0.0,66.8,-0.0,66.0,1,49,50,180,39322,52429,0,0,0.0,0.0,0.0,60.0,0.0,71.0,0.0,0.0,0.0,1069,0,1069,0,0,0,1069,0,1079,0,1000,0,663,0,665,0,659,0,681,0.032,1.4536034330083127e+22,2.004,0.0,57488,16813,0.0,0.0,-1.381155781442545e+37,-0.0,1101712457728.0,-3.593072214937421e+37,50.0,60.0,35,0.0,0.0,10.0,2.0,0.0,0.0,0.0,0.0,0.0,0.0,0.0,0.0,0.0,0.0,0.0,0.0,58.8,47,16,65516,27,65476,0,300,0,0,8,20529,65476,0,0,30147,60.0,0.0,10.0,10.0,2.0,0.0
2026-02-16T12:46:02,ERR,ERR,ERR,ERR,ERR,ERR,ERR,ERR,ERR,ERR,ERR,ERR,ERR,ERR,ERR,ERR,ERR,ERR,ERR,ERR,ERR,ERR,ERR,ERR,ERR,ERR,ERR,ERR,ERR,ERR,ERR,ERR,ERR,ERR,ERR,ERR,ERR,ERR,ERR,ERR,ERR,ERR,ERR,ERR,ERR,ERR,ERR,ERR,ERR,ERR,ERR,ERR,ERR,ERR,ERR,ERR,ERR,ERR,ERR,ERR,ERR,ERR,ERR,ERR,ERR,ERR,ERR,ERR,ERR,ERR,ERR,ERR,ERR,ERR,ERR,ERR,ERR,ERR,ERR,ERR,ERR,ERR,ERR,ERR,ERR,ERR,ERR,ERR,ERR,ERR,ERR,ERR,ERR,ERR,ERR,ERR,ERR,ERR,ERR,ERR,ERR,ERR,ERR,ERR,ERR,ERR,ERR,ERR,ERR,ERR,ERR,ERR,ERR,ERR,ERR,ERR,ERR,ERR,ERR,ERR,ERR,ERR,ERR,ERR,ERR,0.0,-0.0,2.7420187948523476e+23,0.0,-0.0,8.447793816676322e+33,-0.0,-0.0,4300,0,8,17169,4300,0.0,41,0.0,0.0,0.0,0.0,-0.0,0,0,0,0,0.0,0,0,0,0,0,0,0,0,0,0,0,0,0,0,0,0,0,0,0,0,0,0,0,0,0,0,0,0,0,0,0,0,0,8,36,36,44,65476,362,65476,1,0,4,21553,0.0,-0.0,0.0,0.0,0.0,0.0,0.0,0.0,0.0,0.0,0.0,0.0,0.0,0.0,0.0,0.0,0.0,0.0,0.0,0.0,0.0,2.004,2.004,-2.004,-0.0,-0.0,0.0,0.0,0.0,0.0,6635.0,-0.0,0.0,-107615880.0,-0.0,2.7184503771384073e+23,0.0,0.0,0.0,2.004,2.004,229,0.0,-126841028608.0,0.0,0.0,0.0,0.0,0.0,0.0,0.0,0,0,0,-0.0,0.004,571530240.0,-0.0,1302444032.0,-0.0,0.0,0.0,-0.0,-2.142573388573447e+33,-2167178.25,7.647979132193604e+18,0.0,0.004,0.0,-0.0,0,1.3516416376850534e+27,229,0.0,458,0.0,-109185200.0,2114,52429,17109,52429,17111,0,17096,0,0,0,101,100,100,-107615256.0,65.5,0.0,66.8,-0.0,66.0,1,49,50,180,39322,52429,0,0,0.0,0.0,0.0,60.0,0.0,71.0,0.0,0.0,0.0,1069,0,1069,0,0,0,1069,0,1079,0,1000,0,663,0,665,0,659,0,681,0.032,1.4536034330083127e+22,2.004,0.0,57488,16813,0.0,0.0,-1.381155781442545e+37,-0.0,1101712457728.0,-3.593072214937421e+37,50.0,60.0,35,0.0,0.0,10.0,2.0,0.0,0.0,0.0,0.0,0.0,0.0,0.0,0.0,0.0,0.0,0.0,0.0,58.8,47,16,65516,27,65476,0,300,0,0,8,20529,65476,0,0,30147,60.0,0.0,10.0,10.0,2.0,0.0
2026-02-16T12:46:03,ERR,ERR,ERR,ERR,ERR,ERR,ERR,ERR,ERR,ERR,ERR,ERR,ERR,ERR,ERR,ERR,ERR,ERR,ERR,ERR,ERR,ERR,ERR,ERR,ERR,ERR,ERR,ERR,ERR,ERR,ERR,ERR,ERR,ERR,ERR,ERR,ERR,ERR,ERR,ERR,ERR,ERR,ERR,ERR,ERR,ERR,ERR,ERR,ERR,ERR,ERR,ERR,ERR,ERR,ERR,ERR,ERR,ERR,ERR,ERR,ERR,ERR,ERR,ERR,ERR,ERR,ERR,ERR,ERR,ERR,ERR,ERR,ERR,ERR,ERR,ERR,ERR,ERR,ERR,ERR,ERR,ERR,ERR,ERR,ERR,ERR,ERR,ERR,ERR,ERR,ERR,ERR,ERR,ERR,ERR,ERR,ERR,ERR,ERR,ERR,ERR,ERR,ERR,ERR,ERR,ERR,ERR,ERR,ERR,ERR,ERR,ERR,ERR,ERR,ERR,ERR,ERR,ERR,ERR,ERR,ERR,ERR,ERR,ERR,ERR,0.0,-0.0,2.7420187948523476e+23,0.0,-0.0,8.447793816676322e+33,-0.0,-0.0,4300,0,8,17169,4300,0.0,41,0.0,0.0,0.0,0.0,-0.0,0,0,0,0,0.0,0,0,0,0,0,0,0,0,0,0,0,0,0,0,0,0,0,0,0,0,0,0,0,0,0,0,0,0,0,0,0,0,0,8,36,36,44,65476,362,65476,1,0,4,21553,0.0,-0.0,0.0,0.0,0.0,0.0,0.0,0.0,0.0,0.0,0.0,0.0,0.0,0.0,0.0,0.0,0.0,0.0,0.0,0.0,0.0,2.004,2.004,-2.004,-0.0,-0.0,0.0,0.0,0.0,0.0,6635.0,-0.0,0.0,-107615880.0,-0.0,2.7184503771384073e+23,0.0,0.0,0.0,2.004,2.004,229,0.0,-126841028608.0,0.0,0.0,0.0,0.0,0.0,0.0,0.0,0,0,0,-0.0,0.004,571530240.0,-0.0,1302444032.0,-0.0,0.0,0.0,-0.0,-2.142573388573447e+33,-2167178.25,7.647979132193604e+18,0.0,0.004,0.0,-0.0,0,1.3516416376850534e+27,229,0.0,458,0.0,-109185200.0,2114,52429,17109,52429,17111,0,17096,0,0,0,101,100,100,-107615256.0,65.5,0.0,66.8,-0.0,66.0,1,49,50,180,39322,52429,0,0,0.0,0.0,0.0,60.0,0.0,71.0,0.0,-25854646.0,0.0,1068,0,1069,0,0,0,1069,0,1080,0,1000,0,663,0,665,0,659,0,680,0.032,1.4536034330083127e+22,0.0,0.0,54672,16813,0.0,1642870472704.0,0.0,0.0,-0.0,0.0,50.0,60.0,35,0.0,0.0,10.0,2.0,0.0,0.0,0.0,0.0,0.0,0.0,0.0,0.0,0.0,0.0,0.0,0.0,58.8,47,16,65516,27,65476,0,300,0,0,8,20529,65476,0,0,30147,60.0,0.0,10.0,10.0,2.0,0.0
2026-02-16T12:46:04,ERR,ERR,ERR,ERR,ERR,ERR,ERR,ERR,ERR,ERR,ERR,ERR,ERR,ERR,ERR,ERR,ERR,ERR,ERR,ERR,ERR,ERR,ERR,ERR,ERR,ERR,ERR,ERR,ERR,ERR,ERR,ERR,ERR,ERR,ERR,ERR,ERR,ERR,ERR,ERR,ERR,ERR,ERR,ERR,ERR,ERR,ERR,ERR,ERR,ERR,ERR,ERR,ERR,ERR,ERR,ERR,ERR,ERR,ERR,ERR,ERR,ERR,ERR,ERR,ERR,ERR,ERR,ERR,ERR,ERR,ERR,ERR,ERR,ERR,ERR,ERR,ERR,ERR,ERR,ERR,ERR,ERR,ERR,ERR,ERR,ERR,ERR,ERR,ERR,ERR,ERR,ERR,ERR,ERR,ERR,ERR,ERR,ERR,ERR,ERR,ERR,ERR,ERR,ERR,ERR,ERR,ERR,ERR,ERR,ERR,ERR,ERR,ERR,ERR,ERR,ERR,ERR,ERR,ERR,ERR,ERR,ERR,ERR,ERR,ERR,0.0,-0.0,2.7420187948523476e+23,0.0,-0.0,8.447793816676322e+33,-0.0,-0.0,4300,0,8,17169,4300,0.0,41,0.0,0.0,0.0,0.0,-0.0,0,0,0,0,0.0,0,0,0,0,0,0,0,0,0,0,0,0,0,0,0,0,0,0,0,0,0,0,0,0,0,0,0,0,0,0,0,0,0,8,36,36,44,65476,362,65476,1,0,4,21553,0.0,-0.0,0.0,0.0,0.0,0.0,0.0,0.0,0.0,0.0,0.0,0.0,0.0,0.0,0.0,0.0,0.0,0.0,0.0,0.0,0.0,2.004,2.004,-2.004,-0.0,-0.0,0.0,0.0,0.0,0.0,6635.0,-0.0,0.0,-107615880.0,-0.0,2.7184503771384073e+23,0.0,0.0,0.0,2.004,2.004,229,0.0,-126841028608.0,0.0,0.0,0.0,0.0,0.0,0.0,0.0,0,0,0,-0.0,0.004,571530240.0,-0.0,1302444032.0,-0.0,0.0,0.0,-0.0,-2.142573388573447e+33,-2167178.25,7.647979132193604e+18,0.0,0.004,0.0,-0.0,0,1.3516416376850534e+27,229,0.0,458,0.0,-109185200.0,2114,52429,17109,52429,17111,0,17096,0,0,0,101,100,100,-107615256.0,65.5,0.0,66.8,-0.0,66.0,1,49,50,180,39322,52429,0,0,0.0,0.0,0.0,60.0,0.0,71.0,0.0,-25854646.0,0.0,1068,0,1069,0,0,0,1069,0,1080,0,1000,0,663,0,665,0,659,0,680,0.032,1.4536034330083127e+22,0.0,0.0,54672,16813,0.0,1642870472704.0,0.0,0.0,-0.0,0.0,50.0,60.0,35,0.0,0.0,10.0,2.0,0.0,0.0,0.0,0.0,0.0,0.0,0.0,0.0,0.0,0.0,0.0,0.0,58.8,47,16,65516,27,65476,0,300,0,0,8,20529,65476,0,0,30147,60.0,0.0,10.0,10.0,2.0,0.0
2026-02-16T12:46:05,ERR,ERR,ERR,ERR,ERR,ERR,ERR,ERR,ERR,ERR,ERR,ERR,ERR,ERR,ERR,ERR,ERR,ERR,ERR,ERR,ERR,ERR,ERR,ERR,ERR,ERR,ERR,ERR,ERR,ERR,ERR,ERR,ERR,ERR,ERR,ERR,ERR,ERR,ERR,ERR,ERR,ERR,ERR,ERR,ERR,ERR,ERR,ERR,ERR,ERR,ERR,ERR,ERR,ERR,ERR,ERR,ERR,ERR,ERR,ERR,ERR,ERR,ERR,ERR,ERR,ERR,ERR,ERR,ERR,ERR,ERR,ERR,ERR,ERR,ERR,ERR,ERR,ERR,ERR,ERR,ERR,ERR,ERR,ERR,ERR,ERR,ERR,ERR,ERR,ERR,ERR,ERR,ERR,ERR,ERR,ERR,ERR,ERR,ERR,ERR,ERR,ERR,ERR,ERR,ERR,ERR,ERR,ERR,ERR,ERR,ERR,ERR,ERR,ERR,ERR,ERR,ERR,ERR,ERR,ERR,ERR,ERR,ERR,ERR,ERR,0.0,-0.0,2.7420187948523476e+23,0.0,-0.0,8.447793816676322e+33,-0.0,-0.0,4300,0,8,17169,4300,0.0,41,0.0,0.0,0.0,0.0,-0.0,0,0,0,0,0.0,0,0,0,0,0,0,0,0,0,0,0,0,0,0,0,0,0,0,0,0,0,0,0,0,0,0,0,0,0,0,0,0,0,8,36,36,44,65476,362,65476,1,0,4,21553,0.0,-0.0,0.0,0.0,0.0,0.0,0.0,0.0,0.0,0.0,0.0,0.0,0.0,0.0,0.0,0.0,0.0,0.0,0.0,0.0,0.0,2.004,2.004,-2.004,-0.0,-0.0,0.0,0.0,0.0,0.0,6635.0,-0.0,0.0,-107615880.0,-0.0,2.7184503771384073e+23,0.0,0.0,0.0,2.004,2.004,229,0.0,-126841028608.0,0.0,0.0,0.0,0.0,0.0,0.0,0.0,0,0,0,-0.0,0.004,571530240.0,-0.0,1302444032.0,-0.0,0.0,0.0,-0.0,-2.142573388573447e+33,-2167178.25,7.647979132193604e+18,0.0,0.004,0.0,-0.0,0,1.3516416376850534e+27,229,0.0,458,0.0,-109185200.0,2114,52429,17109,52429,17111,0,17096,0,0,0,101,100,100,-107615256.0,65.5,0.0,66.8,-0.0,66.0,1,49,50,180,39322,52429,0,0,0.0,0.0,0.0,60.0,0.0,71.0,0.0,-25854646.0,0.0,1068,0,1069,0,0,0,1069,0,1080,0,1000,0,663,0,665,0,659,0,680,0.032,1.4536034330083127e+22,0.0,0.0,54672,16813,0.0,1642870472704.0,0.0,0.0,-0.0,0.0,50.0,60.0,35,0.0,0.0,10.0,2.0,0.0,0.0,0.0,0.0,0.0,0.0,0.0,0.0,0.0,0.0,0.0,0.0,58.8,47,16,65516,27,65476,0,300,0,0,8,20529,65476,0,0,30147,60.0,0.0,10.0,10.0,2.0,0.0
2026-02-16T12:46:06,ERR,ERR,ERR,ERR,ERR,ERR,ERR,ERR,ERR,ERR,ERR,ERR,ERR,ERR,ERR,ERR,ERR,ERR,ERR,ERR,ERR,ERR,ERR,ERR,ERR,ERR,ERR,ERR,ERR,ERR,ERR,ERR,ERR,ERR,ERR,ERR,ERR,ERR,ERR,ERR,ERR,ERR,ERR,ERR,ERR,ERR,ERR,ERR,ERR,ERR,ERR,ERR,ERR,ERR,ERR,ERR,ERR,ERR,ERR,ERR,ERR,ERR,ERR,ERR,ERR,ERR,ERR,ERR,ERR,ERR,ERR,ERR,ERR,ERR,ERR,ERR,ERR,ERR,ERR,ERR,ERR,ERR,ERR,ERR,ERR,ERR,ERR,ERR,ERR,ERR,ERR,ERR,ERR,ERR,ERR,ERR,ERR,ERR,ERR,ERR,ERR,ERR,ERR,ERR,ERR,ERR,ERR,ERR,ERR,ERR,ERR,ERR,ERR,ERR,ERR,ERR,ERR,ERR,ERR,ERR,ERR,ERR,ERR,ERR,ERR,0.0,-0.0,2.7420187948523476e+23,0.0,-0.0,8.447793816676322e+33,-0.0,-0.0,4300,0,8,17169,4300,0.0,41,0.0,0.0,0.0,0.0,-0.0,0,0,0,0,0.0,0,0,0,0,0,0,0,0,0,0,0,0,0,0,0,0,0,0,0,0,0,0,0,0,0,0,0,0,0,0,0,0,0,8,36,36,44,65476,362,65476,1,0,4,21553,0.0,-0.0,0.0,0.0,0.0,0.0,0.0,0.0,0.0,0.0,0.0,0.0,0.0,0.0,0.0,0.0,0.0,0.0,0.0,0.0,0.0,2.004,2.004,-2.004,-0.0,-0.0,0.0,0.0,0.0,0.0,6635.0,-0.0,0.0,-107615880.0,-0.0,2.7184503771384073e+23,0.0,0.0,0.0,2.004,2.004,229,0.0,-126841028608.0,0.0,0.0,0.0,0.0,0.0,0.0,0.0,0,0,0,-0.0,0.004,571530240.0,-0.0,1302444032.0,-0.0,0.0,0.0,-0.0,-2.142573388573447e+33,-2167178.25,7.647979132193604e+18,0.0,0.004,0.0,-0.0,0,1.3516416376850534e+27,229,0.0,458,0.0,-109185200.0,2114,52429,17109,52429,17111,0,17096,0,0,0,101,100,100,-107615256.0,65.5,0.0,66.8,-0.0,66.0,1,49,50,180,39322,52429,0,0,0.0,0.0,0.0,60.0,0.0,71.0,0.0,-25854646.0,0.0,1068,0,1069,0,0,0,1069,0,1080,0,1000,0,663,0,665,0,659,0,680,0.032,1.4536034330083127e+22,0.0,0.0,54672,16813,0.0,1642870472704.0,0.0,0.0,-0.0,0.0,50.0,60.0,35,0.0,0.0,10.0,2.0,0.0,0.0,0.0,0.0,0.0,0.0,0.0,0.0,0.0,0.0,0.0,0.0,58.8,47,16,65516,27,65476,0,300,0,0,8,20529,65476,0,0,30147,60.0,0.0,10.0,10.0,2.0,0.0
2026-02-16T12:46:07,ERR,ERR,ERR,ERR,ERR,ERR,ERR,ERR,ERR,ERR,ERR,ERR,ERR,ERR,ERR,ERR,ERR,ERR,ERR,ERR,ERR,ERR,ERR,ERR,ERR,ERR,ERR,ERR,ERR,ERR,ERR,ERR,ERR,ERR,ERR,ERR,ERR,ERR,ERR,ERR,ERR,ERR,ERR,ERR,ERR,ERR,ERR,ERR,ERR,ERR,ERR,ERR,ERR,ERR,ERR,ERR,ERR,ERR,ERR,ERR,ERR,ERR,ERR,ERR,ERR,ERR,ERR,ERR,ERR,ERR,ERR,ERR,ERR,ERR,ERR,ERR,ERR,ERR,ERR,ERR,ERR,ERR,ERR,ERR,ERR,ERR,ERR,ERR,ERR,ERR,ERR,ERR,ERR,ERR,ERR,ERR,ERR,ERR,ERR,ERR,ERR,ERR,ERR,ERR,ERR,ERR,ERR,ERR,ERR,ERR,ERR,ERR,ERR,ERR,ERR,ERR,ERR,ERR,ERR,ERR,ERR,ERR,ERR,ERR,ERR,0.0,-0.0,2.7420187948523476e+23,0.0,-0.0,-0.0,-2.4949544479358976e+16,5.252790064923193e+26,4300,0,8,17169,4300,0.0,41,0.0,0.0,0.0,0.0,-0.0,0,0,0,0,0.0,0,0,0,0,0,0,0,0,0,0,0,0,0,0,0,0,0,0,0,0,0,0,0,0,0,0,0,0,0,0,0,0,0,8,36,36,44,65476,359,65476,1,0,4,21553,0.0,-0.0,0.0,0.0,0.0,0.0,0.0,0.0,0.0,0.0,0.0,0.0,0.0,0.0,0.0,0.0,0.0,0.0,0.0,0.0,0.0,2.004,2.004,-2.004,-0.0,-0.0,0.0,0.0,0.0,0.0,6633.0,-0.0,0.0,0.0,-0.0,0.0,0.0,-0.0,0.0,2.004,2.004,228,0.0,-152018287067136.0,0.0,0.0,0.0,0.0,0.0,0.0,0.0,0,0,0,-0.0,-0.0,3487887106506752.0,0.0,5.90147498536353e+25,nan,0.0,0.0,-0.0,-2.264267846195357e+33,-2363786.25,8.080324696421171e+18,0.0,0.004,0.0,-0.0,0,1.3516416376850534e+27,228,0.0,456,0.0,2.7419744794320143e+23,2114,52429,17109,52429,17111,0,17096,0,0,0,101,100,100,0.0,66.0,-107615264.0,66.3,-0.0,66.0,1,49,50,180,39322,52429,0,0,0.0,0.0,0.0,60.0,0.176,71.0,0.0,-47044734976.0,0.0,1068,0,1069,0,0,0,1069,0,1079,0,1000,0,663,0,665,0,659,0,680,0.032,1.4609821306377965e+22,0.0,0.0,52112,16813,0.0,-38077804.0,1.282819049155332e+29,-0.0,-498766413824.0,1.5695061194060595e+18,50.0,60.0,35,0.0,0.0,10.0,2.0,0.0,0.0,0.0,0.0,0.0,0.0,0.0,0.0,0.0,0.0,0.0,0.0,58.8,47,16,65516,27,65476,0,300,0,0,8,20529,65476,0,0,30147,60.0,0.0,10.0,10.0,2.0,0.0
2026-02-16T12:46:08,ERR,ERR,ERR,ERR,ERR,ERR,ERR,ERR,ERR,ERR,ERR,ERR,ERR,ERR,ERR,ERR,ERR,ERR,ERR,ERR,ERR,ERR,ERR,ERR,ERR,ERR,ERR,ERR,ERR,ERR,ERR,ERR,ERR,ERR,ERR,ERR,ERR,ERR,ERR,ERR,ERR,ERR,ERR,ERR,ERR,ERR,ERR,ERR,ERR,ERR,ERR,ERR,ERR,ERR,ERR,ERR,ERR,ERR,ERR,ERR,ERR,ERR,ERR,ERR,ERR,ERR,ERR,ERR,ERR,ERR,ERR,ERR,ERR,ERR,ERR,ERR,ERR,ERR,ERR,ERR,ERR,ERR,ERR,ERR,ERR,ERR,ERR,ERR,ERR,ERR,ERR,ERR,ERR,ERR,ERR,ERR,ERR,ERR,ERR,ERR,ERR,ERR,ERR,ERR,ERR,ERR,ERR,ERR,ERR,ERR,ERR,ERR,ERR,ERR,ERR,ERR,ERR,ERR,ERR,ERR,ERR,ERR,ERR,ERR,ERR,0.0,-0.0,2.7420187948523476e+23,0.0,-0.0,-0.0,-2.4949544479358976e+16,5.252790064923193e+26,4300,0,8,17169,4300,0.0,41,0.0,0.0,0.0,0.0,-0.0,0,0,0,0,0.0,0,0,0,0,0,0,0,0,0,0,0,0,0,0,0,0,0,0,0,0,0,0,0,0,0,0,0,0,0,0,0,0,0,8,36,36,44,65476,359,65476,1,0,4,21553,0.0,-0.0,0.0,0.0,0.0,0.0,0.0,0.0,0.0,0.0,0.0,0.0,0.0,0.0,0.0,0.0,0.0,0.0,0.0,0.0,0.0,2.004,2.004,-2.004,-0.0,-0.0,0.0,0.0,0.0,0.0,6633.0,-0.0,0.0,0.0,-0.0,0.0,0.0,-0.0,0.0,2.004,2.004,228,0.0,-152018287067136.0,0.0,0.0,0.0,0.0,0.0,0.0,0.0,0,0,0,-0.0,-0.0,3487887106506752.0,0.0,5.90147498536353e+25,nan,0.0,0.0,-0.0,-2.264267846195357e+33,-2363786.25,8.080324696421171e+18,0.0,0.004,0.0,-0.0,0,1.3516416376850534e+27,228,0.0,456,0.0,2.7419744794320143e+23,2114,52429,17109,52429,17111,0,17096,0,0,0,101,100,100,0.0,66.0,-107615264.0,66.3,-0.0,66.0,1,49,50,180,39322,52429,0,0,0.0,0.0,0.0,60.0,0.176,71.0,0.0,-47044734976.0,0.0,1068,0,1069,0,0,0,1069,0,1079,0,1000,0,663,0,665,0,659,0,680,0.032,1.4609821306377965e+22,0.0,0.0,52112,16813,0.0,-38077804.0,1.282819049155332e+29,-0.0,-498766413824.0,1.5695061194060595e+18,50.0,60.0,35,0.0,0.0,10.0,2.0,0.0,0.0,0.0,0.0,0.0,0.0,0.0,0.0,0.0,0.0,0.0,0.0,58.8,47,16,65516,27,65476,0,300,0,0,8,20529,65476,0,0,30147,60.0,0.0,10.0,10.0,2.0,0.0
2026-02-16T12:46:09,ERR,ERR,ERR,ERR,ERR,ERR,ERR,ERR,ERR,ERR,ERR,ERR,ERR,ERR,ERR,ERR,ERR,ERR,ERR,ERR,ERR,ERR,ERR,ERR,ERR,ERR,ERR,ERR,ERR,ERR,ERR,ERR,ERR,ERR,ERR,ERR,ERR,ERR,ERR,ERR,ERR,ERR,ERR,ERR,ERR,ERR,ERR,ERR,ERR,ERR,ERR,ERR,ERR,ERR,ERR,ERR,ERR,ERR,ERR,ERR,ERR,ERR,ERR,ERR,ERR,ERR,ERR,ERR,ERR,ERR,ERR,ERR,ERR,ERR,ERR,ERR,ERR,ERR,ERR,ERR,ERR,ERR,ERR,ERR,ERR,ERR,ERR,ERR,ERR,ERR,ERR,ERR,ERR,ERR,ERR,ERR,ERR,ERR,ERR,ERR,ERR,ERR,ERR,ERR,ERR,ERR,ERR,ERR,ERR,ERR,ERR,ERR,ERR,ERR,ERR,ERR,ERR,ERR,ERR,ERR,ERR,ERR,ERR,ERR,ERR,0.0,-0.0,2.7420187948523476e+23,0.0,-0.0,-0.0,-2.4949544479358976e+16,5.252790064923193e+26,4300,0,8,17169,4300,0.0,41,0.0,0.0,0.0,0.0,-0.0,0,0,0,0,0.0,0,0,0,0,0,0,0,0,0,0,0,0,0,0,0,0,0,0,0,0,0,0,0,0,0,0,0,0,0,0,0,0,0,8,36,36,44,65476,359,65476,1,0,4,21553,0.0,-0.0,0.0,0.0,0.0,0.0,0.0,0.0,0.0,0.0,0.0,0.0,0.0,0.0,0.0,0.0,0.0,0.0,0.0,0.0,0.0,2.004,2.004,-2.004,-0.0,-0.0,0.0,0.0,0.0,0.0,6633.0,-0.0,0.0,0.0,-0.0,0.0,0.0,-0.0,0.0,2.004,2.004,228,0.0,-152018287067136.0,0.0,0.0,0.0,0.0,0.0,0.0,0.0,0,0,0,-0.0,-0.0,3487887106506752.0,0.0,5.90147498536353e+25,nan,0.0,0.0,-0.0,-2.264267846195357e+33,-2363786.25,8.080324696421171e+18,0.0,0.004,0.0,-0.0,0,1.3516416376850534e+27,228,0.0,456,0.0,2.7419744794320143e+23,2114,52429,17109,52429,17111,0,17096,0,0,0,101,100,100,0.0,66.0,-107615264.0,66.3,-0.0,66.0,1,49,50,180,39322,52429,0,0,0.0,0.0,0.0,60.0,0.176,71.0,0.0,-47044734976.0,0.0,1068,0,1069,0,0,0,1069,0,1079,0,1000,0,663,0,665,0,659,0,680,0.032,1.4609821306377965e+22,0.0,0.0,52112,16813,0.0,-38077804.0,1.282819049155332e+29,-0.0,-498766413824.0,1.5695061194060595e+18,50.0,60.0,35,0.0,0.0,10.0,2.0,0.0,0.0,0.0,0.0,0.0,0.0,0.0,0.0,0.0,0.0,0.0,0.0,58.8,47,16,65516,27,65476,0,300,0,0,8,20529,65476,0,0,30147,60.0,0.0,10.0,10.0,2.0,0.0
2026-02-16T12:46:10,ERR,ERR,ERR,ERR,ERR,ERR,ERR,ERR,ERR,ERR,ERR,ERR,ERR,ERR,ERR,ERR,ERR,ERR,ERR,ERR,ERR,ERR,ERR,ERR,ERR,ERR,ERR,ERR,ERR,ERR,ERR,ERR,ERR,ERR,ERR,ERR,ERR,ERR,ERR,ERR,ERR,ERR,ERR,ERR,ERR,ERR,ERR,ERR,ERR,ERR,ERR,ERR,ERR,ERR,ERR,ERR,ERR,ERR,ERR,ERR,ERR,ERR,ERR,ERR,ERR,ERR,ERR,ERR,ERR,ERR,ERR,ERR,ERR,ERR,ERR,ERR,ERR,ERR,ERR,ERR,ERR,ERR,ERR,ERR,ERR,ERR,ERR,ERR,ERR,ERR,ERR,ERR,ERR,ERR,ERR,ERR,ERR,ERR,ERR,ERR,ERR,ERR,ERR,ERR,ERR,ERR,ERR,ERR,ERR,ERR,ERR,ERR,ERR,ERR,ERR,ERR,ERR,ERR,ERR,ERR,ERR,ERR,ERR,ERR,ERR,0.0,-0.0,2.7420187948523476e+23,0.0,-0.0,-0.0,-2.4949544479358976e+16,5.252790064923193e+26,4300,0,8,17169,4300,0.0,41,0.0,0.0,0.0,0.0,-0.0,0,0,0,0,0.0,0,0,0,0,0,0,0,0,0,0,0,0,0,0,0,0,0,0,0,0,0,0,0,0,0,0,0,0,0,0,0,0,0,8,36,36,44,65476,359,65476,1,0,4,21553,0.0,-0.0,0.0,0.0,0.0,0.0,0.0,0.0,0.0,0.0,0.0,0.0,0.0,0.0,0.0,0.0,0.0,0.0,0.0,0.0,0.0,2.004,2.004,-2.004,-0.0,-0.0,0.0,0.0,0.0,0.0,6633.0,-0.0,0.0,0.0,-0.0,0.0,0.0,-0.0,0.0,2.004,2.004,228,0.0,-152018287067136.0,0.0,0.0,0.0,0.0,0.0,0.0,0.0,0,0,0,-0.0,-0.0,3487887106506752.0,0.0,5.90147498536353e+25,nan,0.0,0.0,-0.0,-2.264267846195357e+33,-2363786.25,8.080324696421171e+18,0.0,0.004,0.0,-0.0,0,1.3516416376850534e+27,228,0.0,456,0.0,2.7419744794320143e+23,2114,52429,17109,52429,17111,0,17096,0,0,0,101,100,100,-107615256.0,65.9,-107615264.0,66.3,-0.0,66.0,1,49,50,180,39322,52429,0,0,0.0,0.0,0.0,60.0,0.0,71.0,0.0,0.0,0.0,1068,0,1069,0,0,0,1069,0,1079,0,1000,0,663,0,665,0,660,0,679,0.032,1.4609821306377965e+22,0.0,0.0,46224,16813,0.0,0.0,-0.0,0.0,-3.1965883681908615e+35,1.3045655364448256e+36,50.0,60.0,35,0.0,0.0,10.0,2.0,0.0,0.0,0.0,0.0,0.0,0.0,0.0,0.0,0.0,0.0,0.0,0.0,58.8,47,16,65516,27,65476,0,300,0,0,8,20529,65476,0,0,30147,60.0,0.0,10.0,10.0,2.0,0.0
2026-02-16T12:46:11,ERR,ERR,ERR,ERR,ERR,ERR,ERR,ERR,ERR,ERR,ERR,ERR,ERR,ERR,ERR,ERR,ERR,ERR,ERR,ERR,ERR,ERR,ERR,ERR,ERR,ERR,ERR,ERR,ERR,ERR,ERR,ERR,ERR,ERR,ERR,ERR,ERR,ERR,ERR,ERR,ERR,ERR,ERR,ERR,ERR,ERR,ERR,ERR,ERR,ERR,ERR,ERR,ERR,ERR,ERR,ERR,ERR,ERR,ERR,ERR,ERR,ERR,ERR,ERR,ERR,ERR,ERR,ERR,ERR,ERR,ERR,ERR,ERR,ERR,ERR,ERR,ERR,ERR,ERR,ERR,ERR,ERR,ERR,ERR,ERR,ERR,ERR,ERR,ERR,ERR,ERR,ERR,ERR,ERR,ERR,ERR,ERR,ERR,ERR,ERR,ERR,ERR,ERR,ERR,ERR,ERR,ERR,ERR,ERR,ERR,ERR,ERR,ERR,ERR,ERR,ERR,ERR,ERR,ERR,ERR,ERR,ERR,ERR,ERR,ERR,0.0,-0.0,2.7420187948523476e+23,0.0,-0.0,-0.0,-2.4949544479358976e+16,5.252790064923193e+26,4300,0,8,17169,4300,0.0,41,0.0,0.0,0.0,0.0,-0.0,0,0,0,0,0.0,0,0,0,0,0,0,0,0,0,0,0,0,0,0,0,0,0,0,0,0,0,0,0,0,0,0,0,0,0,0,0,0,0,8,36,36,44,65476,359,65476,1,0,4,21553,0.0,-0.0,0.0,0.0,0.0,0.0,0.0,0.0,0.0,0.0,0.0,0.0,0.0,0.0,0.0,0.0,0.0,0.0,0.0,0.0,0.0,2.004,2.004,-2.004,-0.0,-0.0,0.0,0.0,0.0,0.0,6633.0,-0.0,0.0,0.0,-0.0,0.0,0.0,-0.0,0.0,2.004,2.004,228,0.0,-152018287067136.0,0.0,0.0,0.0,0.0,0.0,0.0,0.0,0,0,0,-0.0,-0.0,3487887106506752.0,0.0,5.90147498536353e+25,nan,0.0,0.0,-0.0,-2.264267846195357e+33,-2363786.25,8.080324696421171e+18,0.0,0.004,0.0,-0.0,0,1.3516416376850534e+27,228,0.0,456,0.0,2.7419744794320143e+23,2114,52429,17109,52429,17111,0,17096,0,0,0,101,100,100,-107615256.0,65.9,-107615264.0,66.3,-0.0,66.0,1,49,50,180,39322,52429,0,0,0.0,0.0,0.0,60.0,0.0,71.0,0.0,0.0,0.0,1068,0,1069,0,0,0,1069,0,1079,0,1000,0,663,0,665,0,660,0,679,0.032,1.4609821306377965e+22,0.0,0.0,46224,16813,0.0,0.0,-0.0,0.0,-3.1965883681908615e+35,1.3045655364448256e+36,50.0,60.0,35,0.0,0.0,10.0,2.0,0.0,0.0,0.0,0.0,0.0,0.0,0.0,0.0,0.0,0.0,0.0,0.0,58.8,47,16,65516,27,65476,0,300,0,0,8,20529,65476,0,0,30147,60.0,0.0,10.0,10.0,2.0,0.0
2026-02-16T12:46:12,ERR,ERR,ERR,ERR,ERR,ERR,ERR,ERR,ERR,ERR,ERR,ERR,ERR,ERR,ERR,ERR,ERR,ERR,ERR,ERR,ERR,ERR,ERR,ERR,ERR,ERR,ERR,ERR,ERR,ERR,ERR,ERR,ERR,ERR,ERR,ERR,ERR,ERR,ERR,ERR,ERR,ERR,ERR,ERR,ERR,ERR,ERR,ERR,ERR,ERR,ERR,ERR,ERR,ERR,ERR,ERR,ERR,ERR,ERR,ERR,ERR,ERR,ERR,ERR,ERR,ERR,ERR,ERR,ERR,ERR,ERR,ERR,ERR,ERR,ERR,ERR,ERR,ERR,ERR,ERR,ERR,ERR,ERR,ERR,ERR,ERR,ERR,ERR,ERR,ERR,ERR,ERR,ERR,ERR,ERR,ERR,ERR,ERR,ERR,ERR,ERR,ERR,ERR,ERR,ERR,ERR,ERR,ERR,ERR,ERR,ERR,ERR,ERR,ERR,ERR,ERR,ERR,ERR,ERR,ERR,ERR,ERR,ERR,ERR,ERR,0.0,-0.0,2.7420187948523476e+23,0.0,-0.0,-0.0,-9324277.0,2.5638272075242167e+32,4300,0,8,17169,4300,0.0,41,0.0,0.0,0.0,0.0,-0.0,0,0,0,0,0.0,0,0,0,0,0,0,0,0,0,0,0,0,0,0,0,0,0,0,0,0,0,0,0,0,0,0,0,0,0,0,0,0,0,8,36,36,44,65476,359,65476,1,0,4,21553,0.0,0.0,0.0,0.0,0.0,0.0,0.0,0.0,0.0,0.0,0.0,0.0,0.0,0.0,0.0,0.0,0.0,0.0,0.0,0.0,0.0,2.004,0.0,-2.004,-0.0,3.697075742657269e+19,0.0,0.0,0.0,0.0,6634.0,1.0406716943511724e+34,0.0,0.0,-0.0,0.0,0.0,0.0,0.0,2.004,2.004,229,0.0,-0.059,0.0,0.0,0.0,0.0,0.0,0.0,0.0,0,0,0,-0.001,1.394275587305384e+29,3.2933736627868077e+27,8.598178528483474e+27,4.793974672810633e+37,0.0,0.0,0.0,1.394381179419941e+29,-2.385962303817267e+33,-2560394.25,8.512670260648739e+18,0.0,0.004,0.0,-0.0,0,1.3516416376850534e+27,229,0.0,458,2.40156025918058e+36,0.0,2114,52429,17109,52429,17111,0,17096,0,0,0,101,100,100,-107615256.0,65.9,-107615264.0,66.3,-0.0,66.0,1,49,50,180,39322,52429,0,0,0.0,0.0,0.0,60.0,0.0,71.0,0.0,0.0,0.0,1068,0,1069,0,0,0,1069,0,1079,0,1000,0,663,0,665,0,660,0,679,0.032,1.4609821306377965e+22,0.0,0.0,46224,16813,0.0,0.0,-0.0,0.0,-3.1965883681908615e+35,1.3045655364448256e+36,50.0,60.0,35,0.0,0.0,10.0,2.0,0.0,0.0,0.0,0.0,0.0,0.0,0.0,0.0,0.0,0.0,0.0,0.0,58.8,47,16,65516,27,65476,0,300,0,0,8,20529,65476,0,0,30147,60.0,0.0,10.0,10.0,2.0,0.0
2026-02-16T12:46:13,ERR,ERR,ERR,ERR,ERR,ERR,ERR,ERR,ERR,ERR,ERR,ERR,ERR,ERR,ERR,ERR,ERR,ERR,ERR,ERR,ERR,ERR,ERR,ERR,ERR,ERR,ERR,ERR,ERR,ERR,ERR,ERR,ERR,ERR,ERR,ERR,ERR,ERR,ERR,ERR,ERR,ERR,ERR,ERR,ERR,ERR,ERR,ERR,ERR,ERR,ERR,ERR,ERR,ERR,ERR,ERR,ERR,ERR,ERR,ERR,ERR,ERR,ERR,ERR,ERR,ERR,ERR,ERR,ERR,ERR,ERR,ERR,ERR,ERR,ERR,ERR,ERR,ERR,ERR,ERR,ERR,ERR,ERR,ERR,ERR,ERR,ERR,ERR,ERR,ERR,ERR,ERR,ERR,ERR,ERR,ERR,ERR,ERR,ERR,ERR,ERR,ERR,ERR,ERR,ERR,ERR,ERR,ERR,ERR,ERR,ERR,ERR,ERR,ERR,ERR,ERR,ERR,ERR,ERR,ERR,ERR,ERR,ERR,ERR,ERR,0.0,-0.0,2.7420187948523476e+23,0.0,-0.0,-0.0,-9324277.0,2.5638272075242167e+32,4300,0,8,17169,4300,0.0,41,0.0,0.0,0.0,0.0,-0.0,0,0,0,0,0.0,0,0,0,0,0,0,0,0,0,0,0,0,0,0,0,0,0,0,0,0,0,0,0,0,0,0,0,0,0,0,0,0,0,8,36,36,44,65476,359,65476,1,0,4,21553,0.0,0.0,0.0,0.0,0.0,0.0,0.0,0.0,0.0,0.0,0.0,0.0,0.0,0.0,0.0,0.0,0.0,0.0,0.0,0.0,0.0,2.004,0.0,-2.004,-0.0,3.697075742657269e+19,0.0,0.0,0.0,0.0,6634.0,1.0406716943511724e+34,0.0,0.0,-0.0,0.0,0.0,0.0,0.0,2.004,2.004,229,0.0,-0.059,0.0,0.0,0.0,0.0,0.0,0.0,0.0,0,0,0,-0.001,1.394275587305384e+29,3.2933736627868077e+27,8.598178528483474e+27,4.793974672810633e+37,0.0,0.0,0.0,1.394381179419941e+29,-2.385962303817267e+33,-2560394.25,8.512670260648739e+18,0.0,0.004,0.0,-0.0,0,1.3516416376850534e+27,229,0.0,458,2.40156025918058e+36,0.0,2114,52429,17109,52429,17111,0,17096,0,0,0,101,100,100,-107615256.0,65.9,-107615264.0,66.3,-0.0,66.0,1,49,50,180,39322,52429,0,0,0.0,0.0,0.0,60.0,0.0,71.0,0.0,0.0,0.0,1068,0,1069,0,0,0,1069,0,1079,0,1000,0,663,0,665,0,660,0,679,0.032,1.4609821306377965e+22,0.0,0.0,46224,16813,0.0,0.0,-0.0,0.0,-3.1965883681908615e+35,1.3045655364448256e+36,50.0,60.0,35,0.0,0.0,10.0,2.0,0.0,0.0,0.0,0.0,0.0,0.0,0.0,0.0,0.0,0.0,0.0,0.0,58.8,47,16,65516,27,65476,0,300,0,0,8,20529,65476,0,0,30147,60.0,0.0,10.0,10.0,2.0,0.0
2026-02-16T12:46:14,ERR,ERR,ERR,ERR,ERR,ERR,ERR,ERR,ERR,ERR,ERR,ERR,ERR,ERR,ERR,ERR,ERR,ERR,ERR,ERR,ERR,ERR,ERR,ERR,ERR,ERR,ERR,ERR,ERR,ERR,ERR,ERR,ERR,ERR,ERR,ERR,ERR,ERR,ERR,ERR,ERR,ERR,ERR,ERR,ERR,ERR,ERR,ERR,ERR,ERR,ERR,ERR,ERR,ERR,ERR,ERR,ERR,ERR,ERR,ERR,ERR,ERR,ERR,ERR,ERR,ERR,ERR,ERR,ERR,ERR,ERR,ERR,ERR,ERR,ERR,ERR,ERR,ERR,ERR,ERR,ERR,ERR,ERR,ERR,ERR,ERR,ERR,ERR,ERR,ERR,ERR,ERR,ERR,ERR,ERR,ERR,ERR,ERR,ERR,ERR,ERR,ERR,ERR,ERR,ERR,ERR,ERR,ERR,ERR,ERR,ERR,ERR,ERR,ERR,ERR,ERR,ERR,ERR,ERR,ERR,ERR,ERR,ERR,ERR,ERR,0.0,-0.0,2.7420187948523476e+23,0.0,-0.0,-0.0,-9324277.0,2.5638272075242167e+32,4300,0,8,17169,4300,0.0,41,0.0,0.0,0.0,0.0,-0.0,0,0,0,0,0.0,0,0,0,0,0,0,0,0,0,0,0,0,0,0,0,0,0,0,0,0,0,0,0,0,0,0,0,0,0,0,0,0,0,8,36,36,44,65476,359,65476,1,0,4,21553,0.0,0.0,0.0,0.0,0.0,0.0,0.0,0.0,0.0,0.0,0.0,0.0,0.0,0.0,0.0,0.0,0.0,0.0,0.0,0.0,0.0,2.004,0.0,-2.004,-0.0,3.697075742657269e+19,0.0,0.0,0.0,0.0,6634.0,1.0406716943511724e+34,0.0,0.0,-0.0,0.0,0.0,0.0,0.0,2.004,2.004,229,0.0,-0.059,0.0,0.0,0.0,0.0,0.0,0.0,0.0,0,0,0,-0.001,1.394275587305384e+29,3.2933736627868077e+27,8.598178528483474e+27,4.793974672810633e+37,0.0,0.0,0.0,1.394381179419941e+29,-2.385962303817267e+33,-2560394.25,8.512670260648739e+18,0.0,0.004,0.0,-0.0,0,1.3516416376850534e+27,229,0.0,458,2.40156025918058e+36,0.0,2114,52429,17109,52429,17111,52429,17095,0,0,0,101,100,100,-107615256.0,65.5,0.0,66.8,-0.0,66.0,1,49,50,180,52429,52429,0,0,0.0,0.0,0.0,60.0,0.0,71.0,0.0,5.8741569570920125e+29,0.0,1068,0,1069,0,0,0,1069,0,1079,0,1000,0,663,0,665,0,660,0,679,0.032,1.4609821306377965e+22,-2.004,-107615288.0,43152,16813,0.0,-119.628,0.778,2.437819661580533e+36,-0.004,0.0,50.0,60.0,35,0.0,0.0,10.0,2.0,0.0,0.0,0.0,0.0,0.0,0.0,0.0,0.0,0.0,0.0,0.0,0.0,58.8,47,16,65516,27,65476,0,300,0,0,8,20529,65476,0,0,30147,60.0,0.0,10.0,10.0,2.0,0.0
2026-02-16T12:46:15,ERR,ERR,ERR,ERR,ERR,ERR,ERR,ERR,ERR,ERR,ERR,ERR,ERR,ERR,ERR,ERR,ERR,ERR,ERR,ERR,ERR,ERR,ERR,ERR,ERR,ERR,ERR,ERR,ERR,ERR,ERR,ERR,ERR,ERR,ERR,ERR,ERR,ERR,ERR,ERR,ERR,ERR,ERR,ERR,ERR,ERR,ERR,ERR,ERR,ERR,ERR,ERR,ERR,ERR,ERR,ERR,ERR,ERR,ERR,ERR,ERR,ERR,ERR,ERR,ERR,ERR,ERR,ERR,ERR,ERR,ERR,ERR,ERR,ERR,ERR,ERR,ERR,ERR,ERR,ERR,ERR,ERR,ERR,ERR,ERR,ERR,ERR,ERR,ERR,ERR,ERR,ERR,ERR,ERR,ERR,ERR,ERR,ERR,ERR,ERR,ERR,ERR,ERR,ERR,ERR,ERR,ERR,ERR,ERR,ERR,ERR,ERR,ERR,ERR,ERR,ERR,ERR,ERR,ERR,ERR,ERR,ERR,ERR,ERR,ERR,0.0,-0.0,2.7420187948523476e+23,0.0,-0.0,-0.0,-9324277.0,2.5638272075242167e+32,4300,0,8,17169,4300,0.0,41,0.0,0.0,0.0,0.0,-0.0,0,0,0,0,0.0,0,0,0,0,0,0,0,0,0,0,0,0,0,0,0,0,0,0,0,0,0,0,0,0,0,0,0,0,0,0,0,0,0,8,36,36,44,65476,359,65476,1,0,4,21553,0.0,0.0,0.0,0.0,0.0,0.0,0.0,0.0,0.0,0.0,0.0,0.0,0.0,0.0,0.0,0.0,0.0,0.0,0.0,0.0,0.0,2.004,0.0,-2.004,-0.0,3.697075742657269e+19,0.0,0.0,0.0,0.0,6634.0,1.0406716943511724e+34,0.0,0.0,-0.0,0.0,0.0,0.0,0.0,2.004,2.004,229,0.0,-0.059,0.0,0.0,0.0,0.0,0.0,0.0,0.0,0,0,0,-0.001,1.394275587305384e+29,3.2933736627868077e+27,8.598178528483474e+27,4.793974672810633e+37,0.0,0.0,0.0,1.394381179419941e+29,-2.385962303817267e+33,-2560394.25,8.512670260648739e+18,0.0,0.004,0.0,-0.0,0,1.3516416376850534e+27,229,0.0,458,2.40156025918058e+36,0.0,2114,52429,17109,52429,17111,52429,17095,0,0,0,101,100,100,-107615256.0,65.5,0.0,66.8,-0.0,66.0,1,49,50,180,52429,52429,0,0,0.0,0.0,0.0,60.0,0.0,71.0,0.0,5.8741569570920125e+29,0.0,1068,0,1069,0,0,0,1069,0,1079,0,1000,0,663,0,665,0,660,0,679,0.032,1.4609821306377965e+22,-2.004,-107615288.0,43152,16813,0.0,-119.628,0.778,2.437819661580533e+36,-0.004,0.0,50.0,60.0,35,0.0,0.0,10.0,2.0,0.0,0.0,0.0,0.0,0.0,0.0,0.0,0.0,0.0,0.0,0.0,0.0,58.8,47,16,65516,27,65476,0,300,0,0,8,20529,65476,0,0,30147,60.0,0.0,10.0,10.0,2.0,0.0
2026-02-16T12:46:16,ERR,ERR,ERR,ERR,ERR,ERR,ERR,ERR,ERR,ERR,ERR,ERR,ERR,ERR,ERR,ERR,ERR,ERR,ERR,ERR,ERR,ERR,ERR,ERR,ERR,ERR,ERR,ERR,ERR,ERR,ERR,ERR,ERR,ERR,ERR,ERR,ERR,ERR,ERR,ERR,ERR,ERR,ERR,ERR,ERR,ERR,ERR,ERR,ERR,ERR,ERR,ERR,ERR,ERR,ERR,ERR,ERR,ERR,ERR,ERR,ERR,ERR,ERR,ERR,ERR,ERR,ERR,ERR,ERR,ERR,ERR,ERR,ERR,ERR,ERR,ERR,ERR,ERR,ERR,ERR,ERR,ERR,ERR,ERR,ERR,ERR,ERR,ERR,ERR,ERR,ERR,ERR,ERR,ERR,ERR,ERR,ERR,ERR,ERR,ERR,ERR,ERR,ERR,ERR,ERR,ERR,ERR,ERR,ERR,ERR,ERR,ERR,ERR,ERR,ERR,ERR,ERR,ERR,ERR,ERR,ERR,ERR,ERR,ERR,ERR,0.0,-0.0,2.7420187948523476e+23,0.0,-0.0,6685861376.0,1.1280592043052301e+27,-0.0,4300,0,8,17169,4300,0.0,41,0.0,0.0,0.0,0.0,2.7184166902131945e+23,0,0,0,0,0.0,0,0,0,0,0,0,0,0,0,0,0,0,0,0,0,0,0,0,0,0,0,0,0,0,0,0,0,0,0,0,0,0,0,8,36,36,44,65476,358,65476,1,0,4,21553,0.0,-107610720.0,0.0,0.0,0.0,0.0,0.0,0.0,0.0,0.0,0.0,0.0,0.0,0.0,0.0,0.0,0.0,0.0,0.0,0.0,0.0,2.004,2.004,-2.004,-0.0,-0.0,0.0,0.0,0.0,0.0,6638.0,131351.234,0.0,0.0,-0.0,0.0,0.0,0.0,0.0,2.004,2.004,230,0.059,-0.0,0.0,0.0,0.0,0.0,0.0,0.0,0.0,0,0,0,-0.0,-2.660021508683858e+17,4.093354823137781e+28,-0.0,5.744327003669216e+35,-3.689209712714791e+30,-2228.379,-16527130624.0,0.0,-2.5177979662410028e+33,-2789770.25,8.98104462189527e+18,0.0,0.005,0.0,-0.0,0,1.3516416376850534e+27,230,0.0,460,-621855232.0,-2.216540147040146e+20,2114,52429,17109,52429,17111,52429,17095,0,0,0,101,100,100,-107615256.0,65.5,0.0,66.8,-0.0,66.0,1,49,50,180,52429,52429,0,0,0.0,0.0,0.0,60.0,0.0,71.0,0.0,5.8741569570920125e+29,0.0,1068,0,1069,0,0,0,1069,0,1079,0,1000,0,663,0,665,0,660,0,679,0.032,1.4609821306377965e+22,-2.004,-107615288.0,43152,16813,0.0,-119.628,0.778,2.437819661580533e+36,-0.004,0.0,50.0,60.0,35,0.0,0.0,10.0,2.0,0.0,0.0,0.0,0.0,0.0,0.0,0.0,0.0,0.0,0.0,0.0,0.0,58.8,47,16,65516,27,65476,0,300,0,0,8,20529,65476,0,0,30147,60.0,0.0,10.0,10.0,2.0,0.0
2026-02-16T12:46:17,ERR,ERR,ERR,ERR,ERR,ERR,ERR,ERR,ERR,ERR,ERR,ERR,ERR,ERR,ERR,ERR,ERR,ERR,ERR,ERR,ERR,ERR,ERR,ERR,ERR,ERR,ERR,ERR,ERR,ERR,ERR,ERR,ERR,ERR,ERR,ERR,ERR,ERR,ERR,ERR,ERR,ERR,ERR,ERR,ERR,ERR,ERR,ERR,ERR,ERR,ERR,ERR,ERR,ERR,ERR,ERR,ERR,ERR,ERR,ERR,ERR,ERR,ERR,ERR,ERR,ERR,ERR,ERR,ERR,ERR,ERR,ERR,ERR,ERR,ERR,ERR,ERR,ERR,ERR,ERR,ERR,ERR,ERR,ERR,ERR,ERR,ERR,ERR,ERR,ERR,ERR,ERR,ERR,ERR,ERR,ERR,ERR,ERR,ERR,ERR,ERR,ERR,ERR,ERR,ERR,ERR,ERR,ERR,ERR,ERR,ERR,ERR,ERR,ERR,ERR,ERR,ERR,ERR,ERR,ERR,ERR,ERR,ERR,ERR,ERR,0.0,-0.0,2.7420187948523476e+23,0.0,-0.0,6685861376.0,1.1280592043052301e+27,-0.0,4300,0,8,17169,4300,0.0,41,0.0,0.0,0.0,0.0,2.7184166902131945e+23,0,0,0,0,0.0,0,0,0,0,0,0,0,0,0,0,0,0,0,0,0,0,0,0,0,0,0,0,0,0,0,0,0,0,0,0,0,0,0,8,36,36,44,65476,358,65476,1,0,4,21553,0.0,-107610720.0,0.0,0.0,0.0,0.0,0.0,0.0,0.0,0.0,0.0,0.0,0.0,0.0,0.0,0.0,0.0,0.0,0.0,0.0,0.0,2.004,2.004,-2.004,-0.0,-0.0,0.0,0.0,0.0,0.0,6638.0,131351.234,0.0,0.0,-0.0,0.0,0.0,0.0,0.0,2.004,2.004,230,0.059,-0.0,0.0,0.0,0.0,0.0,0.0,0.0,0.0,0,0,0,-0.0,-2.660021508683858e+17,4.093354823137781e+28,-0.0,5.744327003669216e+35,-3.689209712714791e+30,-2228.379,-16527130624.0,0.0,-2.5177979662410028e+33,-2789770.25,8.98104462189527e+18,0.0,0.005,0.0,-0.0,0,1.3516416376850534e+27,230,0.0,460,-621855232.0,-2.216540147040146e+20,2114,52429,17109,52429,17111,52429,17095,0,0,0,101,100,100,-107615256.0,65.5,0.0,66.8,-0.0,66.0,1,49,50,180,52429,52429,0,0,0.0,0.0,0.0,60.0,0.0,71.0,0.0,-0.0,0.0,1069,0,1069,0,0,0,1069,0,1079,0,999,0,663,0,665,0,660,0,678,0.032,1.4609821306377965e+22,-0.0,-0.0,38288,16813,0.0,-0.0,0.0,0.0,nan,-3.361489400697245e+19,50.0,60.0,35,0.0,0.0,10.0,2.0,0.0,0.0,0.0,0.0,0.0,0.0,0.0,0.0,0.0,0.0,0.0,0.0,58.8,47,16,65516,27,65476,0,300,0,0,8,20529,65476,0,0,30147,60.0,0.0,10.0,10.0,2.0,0.0
2026-02-16T12:46:18,ERR,ERR,ERR,ERR,ERR,ERR,ERR,ERR,ERR,ERR,ERR,ERR,ERR,ERR,ERR,ERR,ERR,ERR,ERR,ERR,ERR,ERR,ERR,ERR,ERR,ERR,ERR,ERR,ERR,ERR,ERR,ERR,ERR,ERR,ERR,ERR,ERR,ERR,ERR,ERR,ERR,ERR,ERR,ERR,ERR,ERR,ERR,ERR,ERR,ERR,ERR,ERR,ERR,ERR,ERR,ERR,ERR,ERR,ERR,ERR,ERR,ERR,ERR,ERR,ERR,ERR,ERR,ERR,ERR,ERR,ERR,ERR,ERR,ERR,ERR,ERR,ERR,ERR,ERR,ERR,ERR,ERR,ERR,ERR,ERR,ERR,ERR,ERR,ERR,ERR,ERR,ERR,ERR,ERR,ERR,ERR,ERR,ERR,ERR,ERR,ERR,ERR,ERR,ERR,ERR,ERR,ERR,ERR,ERR,ERR,ERR,ERR,ERR,ERR,ERR,ERR,ERR,ERR,ERR,ERR,ERR,ERR,ERR,ERR,ERR,0.0,-0.0,2.7420187948523476e+23,0.0,-0.0,6685861376.0,1.1280592043052301e+27,-0.0,4300,0,8,17169,4300,0.0,41,0.0,0.0,0.0,0.0,2.7184166902131945e+23,0,0,0,0,0.0,0,0,0,0,0,0,0,0,0,0,0,0,0,0,0,0,0,0,0,0,0,0,0,0,0,0,0,0,0,0,0,0,0,8,36,36,44,65476,358,65476,1,0,4,21553,0.0,-107610720.0,0.0,0.0,0.0,0.0,0.0,0.0,0.0,0.0,0.0,0.0,0.0,0.0,0.0,0.0,0.0,0.0,0.0,0.0,0.0,2.004,2.004,-2.004,-0.0,-0.0,0.0,0.0,0.0,0.0,6638.0,131351.234,0.0,0.0,-0.0,0.0,0.0,0.0,0.0,2.004,2.004,230,0.059,-0.0,0.0,0.0,0.0,0.0,0.0,0.0,0.0,0,0,0,-0.0,-2.660021508683858e+17,4.093354823137781e+28,-0.0,5.744327003669216e+35,-3.689209712714791e+30,-2228.379,-16527130624.0,0.0,-2.5177979662410028e+33,-2789770.25,8.98104462189527e+18,0.0,0.005,0.0,-0.0,0,1.3516416376850534e+27,230,0.0,460,-621855232.0,-2.216540147040146e+20,2114,52429,17109,52429,17111,52429,17095,0,0,0,101,100,100,-107615256.0,65.5,0.0,66.8,-0.0,66.0,1,49,50,180,52429,52429,0,0,0.0,0.0,0.0,60.0,0.0,71.0,0.0,-0.0,0.0,1069,0,1069,0,0,0,1069,0,1079,0,999,0,663,0,665,0,660,0,678,0.032,1.4609821306377965e+22,-0.0,-0.0,38288,16813,0.0,-0.0,0.0,0.0,nan,-3.361489400697245e+19,50.0,60.0,35,0.0,0.0,10.0,2.0,0.0,0.0,0.0,0.0,0.0,0.0,0.0,0.0,0.0,0.0,0.0,0.0,58.8,47,16,65516,27,65476,0,300,0,0,8,20529,65476,0,0,30147,60.0,0.0,10.0,10.0,2.0,0.0
2026-02-16T12:46:19,ERR,ERR,ERR,ERR,ERR,ERR,ERR,ERR,ERR,ERR,ERR,ERR,ERR,ERR,ERR,ERR,ERR,ERR,ERR,ERR,ERR,ERR,ERR,ERR,ERR,ERR,ERR,ERR,ERR,ERR,ERR,ERR,ERR,ERR,ERR,ERR,ERR,ERR,ERR,ERR,ERR,ERR,ERR,ERR,ERR,ERR,ERR,ERR,ERR,ERR,ERR,ERR,ERR,ERR,ERR,ERR,ERR,ERR,ERR,ERR,ERR,ERR,ERR,ERR,ERR,ERR,ERR,ERR,ERR,ERR,ERR,ERR,ERR,ERR,ERR,ERR,ERR,ERR,ERR,ERR,ERR,ERR,ERR,ERR,ERR,ERR,ERR,ERR,ERR,ERR,ERR,ERR,ERR,ERR,ERR,ERR,ERR,ERR,ERR,ERR,ERR,ERR,ERR,ERR,ERR,ERR,ERR,ERR,ERR,ERR,ERR,ERR,ERR,ERR,ERR,ERR,ERR,ERR,ERR,ERR,ERR,ERR,ERR,ERR,ERR,0.0,-0.0,2.7420187948523476e+23,0.0,-0.0,6685861376.0,1.1280592043052301e+27,-0.0,4300,0,8,17169,4300,0.0,41,0.0,0.0,0.0,0.0,2.7184166902131945e+23,0,0,0,0,0.0,0,0,0,0,0,0,0,0,0,0,0,0,0,0,0,0,0,0,0,0,0,0,0,0,0,0,0,0,0,0,0,0,0,8,36,36,44,65476,358,65476,1,0,4,21553,0.0,-107610720.0,0.0,0.0,0.0,0.0,0.0,0.0,0.0,0.0,0.0,0.0,0.0,0.0,0.0,0.0,0.0,0.0,0.0,0.0,0.0,2.004,2.004,-2.004,-0.0,-0.0,0.0,0.0,0.0,0.0,6638.0,131351.234,0.0,0.0,-0.0,0.0,0.0,0.0,0.0,2.004,2.004,230,0.059,-0.0,0.0,0.0,0.0,0.0,0.0,0.0,0.0,0,0,0,-0.0,-2.660021508683858e+17,4.093354823137781e+28,-0.0,5.744327003669216e+35,-3.689209712714791e+30,-2228.379,-16527130624.0,0.0,-2.5177979662410028e+33,-2789770.25,8.98104462189527e+18,0.0,0.005,0.0,-0.0,0,1.3516416376850534e+27,230,0.0,460,-621855232.0,-2.216540147040146e+20,2114,52429,17109,52429,17111,52429,17095,0,0,0,101,100,100,-107615256.0,65.5,0.0,66.8,-0.0,66.0,1,49,50,180,52429,52429,0,0,0.0,0.0,0.0,60.0,0.0,71.0,0.0,-0.0,0.0,1069,0,1069,0,0,0,1069,0,1079,0,999,0,663,0,665,0,660,0,678,0.032,1.4609821306377965e+22,-0.0,-0.0,38288,16813,0.0,-0.0,0.0,0.0,nan,-3.361489400697245e+19,50.0,60.0,35,0.0,0.0,10.0,2.0,0.0,0.0,0.0,0.0,0.0,0.0,0.0,0.0,0.0,0.0,0.0,0.0,58.8,47,16,65516,27,65476,0,300,0,0,8,20529,65476,0,0,30147,60.0,0.0,10.0,10.0,2.0,0.0
2026-02-16T12:46:20,ERR,ERR,ERR,ERR,ERR,ERR,ERR,ERR,ERR,ERR,ERR,ERR,ERR,ERR,ERR,ERR,ERR,ERR,ERR,ERR,ERR,ERR,ERR,ERR,ERR,ERR,ERR,ERR,ERR,ERR,ERR,ERR,ERR,ERR,ERR,ERR,ERR,ERR,ERR,ERR,ERR,ERR,ERR,ERR,ERR,ERR,ERR,ERR,ERR,ERR,ERR,ERR,ERR,ERR,ERR,ERR,ERR,ERR,ERR,ERR,ERR,ERR,ERR,ERR,ERR,ERR,ERR,ERR,ERR,ERR,ERR,ERR,ERR,ERR,ERR,ERR,ERR,ERR,ERR,ERR,ERR,ERR,ERR,ERR,ERR,ERR,ERR,ERR,ERR,ERR,ERR,ERR,ERR,ERR,ERR,ERR,ERR,ERR,ERR,ERR,ERR,ERR,ERR,ERR,ERR,ERR,ERR,ERR,ERR,ERR,ERR,ERR,ERR,ERR,ERR,ERR,ERR,ERR,ERR,ERR,ERR,ERR,ERR,ERR,ERR,0.0,-0.0,2.7420187948523476e+23,0.0,-0.0,6685861376.0,1.1280592043052301e+27,-0.0,4300,0,8,17169,4300,0.0,41,0.0,0.0,0.0,0.0,2.7184166902131945e+23,0,0,0,0,0.0,0,0,0,0,0,0,0,0,0,0,0,0,0,0,0,0,0,0,0,0,0,0,0,0,0,0,0,0,0,0,0,0,0,8,36,36,44,65476,358,65476,1,0,4,21553,0.0,-107610720.0,0.0,0.0,0.0,0.0,0.0,0.0,0.0,0.0,0.0,0.0,0.0,0.0,0.0,0.0,0.0,0.0,0.0,0.0,0.0,2.004,2.004,-2.004,-0.0,-0.0,0.0,0.0,0.0,0.0,6638.0,131351.234,0.0,0.0,-0.0,0.0,0.0,0.0,0.0,2.004,2.004,230,0.059,-0.0,0.0,0.0,0.0,0.0,0.0,0.0,0.0,0,0,0,-0.0,-2.660021508683858e+17,4.093354823137781e+28,-0.0,5.744327003669216e+35,-3.689209712714791e+30,-2228.379,-16527130624.0,0.0,-2.5177979662410028e+33,-2789770.25,8.98104462189527e+18,0.0,0.005,0.0,-0.0,0,1.3516416376850534e+27,230,0.0,460,-621855232.0,-2.216540147040146e+20,2114,52429,17109,52429,17111,52429,17095,0,0,0,101,100,100,0.0,66.0,0.0,66.8,-0.0,66.0,1,49,50,180,52429,52429,0,0,0.0,0.0,0.0,60.0,0.0,71.0,0.0,4.917289480501644e+23,0.0,1068,0,1069,0,0,0,1069,0,1079,0,999,0,663,0,665,0,660,0,678,0.032,1.4536034330083127e+22,-0.0,-0.0,24336,16813,0.0,0.0,4.995395859199093e+22,-0.0,-73.128,60465135616.0,50.0,60.0,35,0.0,0.0,10.0,2.0,0.0,0.0,0.0,0.0,0.0,0.0,0.0,0.0,0.0,0.0,0.0,0.0,59.2,47,16,65516,27,65476,0,300,0,0,8,20529,65476,0,0,30147,60.0,0.0,10.0,10.0,2.0,0.0
2026-02-16T12:46:21,ERR,ERR,ERR,ERR,ERR,ERR,ERR,ERR,ERR,ERR,ERR,ERR,ERR,ERR,ERR,ERR,ERR,ERR,ERR,ERR,ERR,ERR,ERR,ERR,ERR,ERR,ERR,ERR,ERR,ERR,ERR,ERR,ERR,ERR,ERR,ERR,ERR,ERR,ERR,ERR,ERR,ERR,ERR,ERR,ERR,ERR,ERR,ERR,ERR,ERR,ERR,ERR,ERR,ERR,ERR,ERR,ERR,ERR,ERR,ERR,ERR,ERR,ERR,ERR,ERR,ERR,ERR,ERR,ERR,ERR,ERR,ERR,ERR,ERR,ERR,ERR,ERR,ERR,ERR,ERR,ERR,ERR,ERR,ERR,ERR,ERR,ERR,ERR,ERR,ERR,ERR,ERR,ERR,ERR,ERR,ERR,ERR,ERR,ERR,ERR,ERR,ERR,ERR,ERR,ERR,ERR,ERR,ERR,ERR,ERR,ERR,ERR,ERR,ERR,ERR,ERR,ERR,ERR,ERR,ERR,ERR,ERR,ERR,ERR,ERR,-107615880.0,-0.0,-108138608.0,0.0,-3.2008056460949376e+29,0.0,-2.4489143837013464e+30,9.380181183430329e+21,4300,0,8,17169,4300,0.0,41,0.0,0.0,0.0,0.0,2.7184166902131945e+23,0,0,0,0,0.0,0,0,0,0,0,0,0,0,0,0,0,0,0,0,0,0,0,0,0,0,0,0,0,0,0,0,0,0,0,0,0,0,0,9,36,36,44,65476,360,65476,1,0,4,21553,0.0,0.0,0.0,0.0,0.0,0.0,0.0,0.0,0.0,0.0,0.0,0.0,0.0,0.0,0.0,0.0,0.0,0.0,0.0,0.0,0.0,2.004,0.0,-2.004,3.697074863047967e+19,-0.0,0.0,0.0,0.0,0.0,6637.0,131351.234,0.0,0.0,-0.0,0.0,0.0,0.0,0.0,2.004,2.004,228,0.0,-0.0,0.0,0.0,0.0,0.0,0.0,0.0,0.0,0,0,0,-0.0,-0.0,2.3299361357752433e+30,-3.5101202020199264e+37,9.343265790703658e+32,-403193216.0,-0.0,-7.314998716354292e+21,-2.347323828249815e+37,-2.682836418458412e+33,-2986378.25,9.675465929428828e+18,0.0,0.005,0.0,-0.0,0,1.3516416376850534e+27,228,0.0,456,2.40156025918058e+36,-0.235,2114,52429,17109,52429,17111,52429,17095,0,0,0,101,100,100,0.0,66.0,0.0,66.8,-0.0,66.0,1,49,50,180,52429,52429,0,0,0.0,0.0,0.0,60.0,0.0,71.0,0.0,4.917289480501644e+23,0.0,1068,0,1069,0,0,0,1069,0,1079,0,999,0,663,0,665,0,660,0,678,0.032,1.4536034330083127e+22,-0.0,-0.0,24336,16813,0.0,0.0,4.995395859199093e+22,-0.0,-73.128,60465135616.0,50.0,60.0,35,0.0,0.0,10.0,2.0,0.0,0.0,0.0,0.0,0.0,0.0,0.0,0.0,0.0,0.0,0.0,0.0,59.2,47,16,65516,27,65476,0,300,0,0,8,20529,65476,0,0,30147,60.0,0.0,10.0,10.0,2.0,0.0
2026-02-16T12:46:22,ERR,ERR,ERR,ERR,ERR,ERR,ERR,ERR,ERR,ERR,ERR,ERR,ERR,ERR,ERR,ERR,ERR,ERR,ERR,ERR,ERR,ERR,ERR,ERR,ERR,ERR,ERR,ERR,ERR,ERR,ERR,ERR,ERR,ERR,ERR,ERR,ERR,ERR,ERR,ERR,ERR,ERR,ERR,ERR,ERR,ERR,ERR,ERR,ERR,ERR,ERR,ERR,ERR,ERR,ERR,ERR,ERR,ERR,ERR,ERR,ERR,ERR,ERR,ERR,ERR,ERR,ERR,ERR,ERR,ERR,ERR,ERR,ERR,ERR,ERR,ERR,ERR,ERR,ERR,ERR,ERR,ERR,ERR,ERR,ERR,ERR,ERR,ERR,ERR,ERR,ERR,ERR,ERR,ERR,ERR,ERR,ERR,ERR,ERR,ERR,ERR,ERR,ERR,ERR,ERR,ERR,ERR,ERR,ERR,ERR,ERR,ERR,ERR,ERR,ERR,ERR,ERR,ERR,ERR,ERR,ERR,ERR,ERR,ERR,ERR,-107615880.0,-0.0,-108138608.0,0.0,-3.2008056460949376e+29,0.0,-2.4489143837013464e+30,9.380181183430329e+21,4300,0,8,17169,4300,0.0,41,0.0,0.0,0.0,0.0,2.7184166902131945e+23,0,0,0,0,0.0,0,0,0,0,0,0,0,0,0,0,0,0,0,0,0,0,0,0,0,0,0,0,0,0,0,0,0,0,0,0,0,0,0,9,36,36,44,65476,360,65476,1,0,4,21553,0.0,0.0,0.0,0.0,0.0,0.0,0.0,0.0,0.0,0.0,0.0,0.0,0.0,0.0,0.0,0.0,0.0,0.0,0.0,0.0,0.0,2.004,0.0,-2.004,3.697074863047967e+19,-0.0,0.0,0.0,0.0,0.0,6637.0,131351.234,0.0,0.0,-0.0,0.0,0.0,0.0,0.0,2.004,2.004,228,0.0,-0.0,0.0,0.0,0.0,0.0,0.0,0.0,0.0,0,0,0,-0.0,-0.0,2.3299361357752433e+30,-3.5101202020199264e+37,9.343265790703658e+32,-403193216.0,-0.0,-7.314998716354292e+21,-2.347323828249815e+37,-2.682836418458412e+33,-2986378.25,9.675465929428828e+18,0.0,0.005,0.0,-0.0,0,1.3516416376850534e+27,228,0.0,456,2.40156025918058e+36,-0.235,2114,52429,17109,52429,17111,52429,17095,0,0,0,101,100,100,0.0,66.0,0.0,66.8,-0.0,66.0,1,49,50,180,52429,52429,0,0,0.0,0.0,0.0,60.0,0.0,71.0,0.0,4.917289480501644e+23,0.0,1068,0,1069,0,0,0,1069,0,1079,0,999,0,663,0,665,0,660,0,678,0.032,1.4536034330083127e+22,-0.0,-0.0,24336,16813,0.0,0.0,4.995395859199093e+22,-0.0,-73.128,60465135616.0,50.0,60.0,35,0.0,0.0,10.0,2.0,0.0,0.0,0.0,0.0,0.0,0.0,0.0,0.0,0.0,0.0,0.0,0.0,58.8,47,16,65516,27,65476,0,300,0,0,8,20529,65476,0,0,30147,60.0,0.0,10.0,10.0,2.0,0.0
2026-02-16T12:46:23,ERR,ERR,ERR,ERR,ERR,ERR,ERR,ERR,ERR,ERR,ERR,ERR,ERR,ERR,ERR,ERR,ERR,ERR,ERR,ERR,ERR,ERR,ERR,ERR,ERR,ERR,ERR,ERR,ERR,ERR,ERR,ERR,ERR,ERR,ERR,ERR,ERR,ERR,ERR,ERR,ERR,ERR,ERR,ERR,ERR,ERR,ERR,ERR,ERR,ERR,ERR,ERR,ERR,ERR,ERR,ERR,ERR,ERR,ERR,ERR,ERR,ERR,ERR,ERR,ERR,ERR,ERR,ERR,ERR,ERR,ERR,ERR,ERR,ERR,ERR,ERR,ERR,ERR,ERR,ERR,ERR,ERR,ERR,ERR,ERR,ERR,ERR,ERR,ERR,ERR,ERR,ERR,ERR,ERR,ERR,ERR,ERR,ERR,ERR,ERR,ERR,ERR,ERR,ERR,ERR,ERR,ERR,ERR,ERR,ERR,ERR,ERR,ERR,ERR,ERR,ERR,ERR,ERR,ERR,ERR,ERR,ERR,ERR,ERR,ERR,-107615880.0,-0.0,-108138608.0,0.0,-3.2008056460949376e+29,0.0,-2.4489143837013464e+30,9.380181183430329e+21,4300,0,8,17169,4300,0.0,41,0.0,0.0,0.0,0.0,2.7184166902131945e+23,0,0,0,0,0.0,0,0,0,0,0,0,0,0,0,0,0,0,0,0,0,0,0,0,0,0,0,0,0,0,0,0,0,0,0,0,0,0,0,9,36,36,44,65476,360,65476,1,0,4,21553,0.0,0.0,0.0,0.0,0.0,0.0,0.0,0.0,0.0,0.0,0.0,0.0,0.0,0.0,0.0,0.0,0.0,0.0,0.0,0.0,0.0,2.004,0.0,-2.004,3.697074863047967e+19,-0.0,0.0,0.0,0.0,0.0,6637.0,131351.234,0.0,0.0,-0.0,0.0,0.0,0.0,0.0,2.004,2.004,228,0.0,-0.0,0.0,0.0,0.0,0.0,0.0,0.0,0.0,0,0,0,-0.0,-0.0,2.3299361357752433e+30,-3.5101202020199264e+37,9.343265790703658e+32,-403193216.0,-0.0,-7.314998716354292e+21,-2.347323828249815e+37,-2.682836418458412e+33,-2986378.25,9.675465929428828e+18,0.0,0.005,0.0,-0.0,0,1.3516416376850534e+27,228,0.0,456,2.40156025918058e+36,-0.235,2114,52429,17109,52429,17111,52429,17095,0,0,0,101,100,100,0.0,66.0,0.0,66.8,-0.0,66.0,1,49,50,180,52429,52429,0,0,0.0,0.0,0.0,60.0,0.0,71.0,0.0,4.917289480501644e+23,0.0,1068,0,1069,0,0,0,1069,0,1079,0,999,0,663,0,665,0,660,0,678,0.032,1.4536034330083127e+22,-0.0,-0.0,24336,16813,0.0,0.0,4.995395859199093e+22,-0.0,-73.128,60465135616.0,50.0,60.0,35,0.0,0.0,10.0,2.0,0.0,0.0,0.0,0.0,0.0,0.0,0.0,0.0,0.0,0.0,0.0,0.0,58.8,47,16,65516,27,65476,0,300,0,0,8,20529,65476,0,0,30147,60.0,0.0,10.0,10.0,2.0,0.0
2026-02-16T12:46:24,ERR,ERR,ERR,ERR,ERR,ERR,ERR,ERR,ERR,ERR,ERR,ERR,ERR,ERR,ERR,ERR,ERR,ERR,ERR,ERR,ERR,ERR,ERR,ERR,ERR,ERR,ERR,ERR,ERR,ERR,ERR,ERR,ERR,ERR,ERR,ERR,ERR,ERR,ERR,ERR,ERR,ERR,ERR,ERR,ERR,ERR,ERR,ERR,ERR,ERR,ERR,ERR,ERR,ERR,ERR,ERR,ERR,ERR,ERR,ERR,ERR,ERR,ERR,ERR,ERR,ERR,ERR,ERR,ERR,ERR,ERR,ERR,ERR,ERR,ERR,ERR,ERR,ERR,ERR,ERR,ERR,ERR,ERR,ERR,ERR,ERR,ERR,ERR,ERR,ERR,ERR,ERR,ERR,ERR,ERR,ERR,ERR,ERR,ERR,ERR,ERR,ERR,ERR,ERR,ERR,ERR,ERR,ERR,ERR,ERR,ERR,ERR,ERR,ERR,ERR,ERR,ERR,ERR,ERR,ERR,ERR,ERR,ERR,ERR,ERR,-107615880.0,-0.0,-108138608.0,0.0,-3.2008056460949376e+29,0.0,-2.4489143837013464e+30,9.380181183430329e+21,4300,0,8,17169,4300,0.0,41,0.0,0.0,0.0,0.0,2.7184166902131945e+23,0,0,0,0,0.0,0,0,0,0,0,0,0,0,0,0,0,0,0,0,0,0,0,0,0,0,0,0,0,0,0,0,0,0,0,0,0,0,0,9,36,36,44,65476,360,65476,1,0,4,21553,0.0,0.0,0.0,0.0,0.0,0.0,0.0,0.0,0.0,0.0,0.0,0.0,0.0,0.0,0.0,0.0,0.0,0.0,0.0,0.0,0.0,2.004,0.0,-2.004,3.697074863047967e+19,-0.0,0.0,0.0,0.0,0.0,6637.0,131351.234,0.0,0.0,-0.0,0.0,0.0,0.0,0.0,2.004,2.004,228,0.0,-0.0,0.0,0.0,0.0,0.0,0.0,0.0,0.0,0,0,0,-0.0,-0.0,2.3299361357752433e+30,-3.5101202020199264e+37,9.343265790703658e+32,-403193216.0,-0.0,-7.314998716354292e+21,-2.347323828249815e+37,-2.682836418458412e+33,-2986378.25,9.675465929428828e+18,0.0,0.005,0.0,-0.0,0,1.3516416376850534e+27,228,0.0,456,2.40156025918058e+36,-0.235,2114,52429,17109,52429,17111,0,17096,0,0,0,101,100,100,-107615256.0,65.5,0.0,66.8,-0.0,66.0,1,49,50,180,52429,52429,0,0,0.0,0.0,0.0,60.0,0.0,71.0,0.0,0.094,0.0,1069,0,1069,0,0,0,1069,0,1079,0,999,0,663,0,665,0,660,0,678,0.032,1.4609821306377965e+22,-0.0,-0.0,37904,16813,0.0,-2.216768315903862e+28,13516839.0,-1.8207196483629808e+22,-0.0,0.007,50.0,60.0,35,0.0,0.0,10.0,2.0,0.0,0.0,0.0,0.0,0.0,0.0,0.0,0.0,0.0,0.0,0.0,0.0,59.2,47,16,65516,27,65476,0,300,0,0,8,20529,65476,0,0,30147,60.0,0.0,10.0,10.0,2.0,0.0
2026-02-16T12:46:25,ERR,ERR,ERR,ERR,ERR,ERR,ERR,ERR,ERR,ERR,ERR,ERR,ERR,ERR,ERR,ERR,ERR,ERR,ERR,ERR,ERR,ERR,ERR,ERR,ERR,ERR,ERR,ERR,ERR,ERR,ERR,ERR,ERR,ERR,ERR,ERR,ERR,ERR,ERR,ERR,ERR,ERR,ERR,ERR,ERR,ERR,ERR,ERR,ERR,ERR,ERR,ERR,ERR,ERR,ERR,ERR,ERR,ERR,ERR,ERR,ERR,ERR,ERR,ERR,ERR,ERR,ERR,ERR,ERR,ERR,ERR,ERR,ERR,ERR,ERR,ERR,ERR,ERR,ERR,ERR,ERR,ERR,ERR,ERR,ERR,ERR,ERR,ERR,ERR,ERR,ERR,ERR,ERR,ERR,ERR,ERR,ERR,ERR,ERR,ERR,ERR,ERR,ERR,ERR,ERR,ERR,ERR,ERR,ERR,ERR,ERR,ERR,ERR,ERR,ERR,ERR,ERR,ERR,ERR,ERR,ERR,ERR,ERR,ERR,ERR,-107615880.0,-0.0,-108138608.0,0.0,-3.2008056460949376e+29,0.0,-2.4489143837013464e+30,9.380181183430329e+21,4300,0,8,17169,4300,0.0,41,0.0,0.0,0.0,0.0,2.7184166902131945e+23,0,0,0,0,0.0,0,0,0,0,0,0,0,0,0,0,0,0,0,0,0,0,0,0,0,0,0,0,0,0,0,0,0,0,0,0,0,0,0,9,36,36,44,65476,360,65476,1,0,4,21553,0.0,0.0,0.0,0.0,0.0,0.0,0.0,0.0,0.0,0.0,0.0,0.0,0.0,0.0,0.0,0.0,0.0,0.0,0.0,0.0,0.0,2.004,0.0,-2.004,3.697074863047967e+19,-0.0,0.0,0.0,0.0,0.0,6637.0,131351.234,0.0,0.0,-0.0,0.0,0.0,0.0,0.0,2.004,2.004,228,0.0,-0.0,0.0,0.0,0.0,0.0,0.0,0.0,0.0,0,0,0,-0.0,-0.0,2.3299361357752433e+30,-3.5101202020199264e+37,9.343265790703658e+32,-403193216.0,-0.0,-7.314998716354292e+21,-2.347323828249815e+37,-2.682836418458412e+33,-2986378.25,9.675465929428828e+18,0.0,0.005,0.0,-0.0,0,1.3516416376850534e+27,228,0.0,456,2.40156025918058e+36,-0.235,2114,52429,17109,52429,17111,0,17096,0,0,0,101,100,100,-107615256.0,65.5,0.0,66.8,-0.0,66.0,1,49,50,180,52429,52429,0,0,0.0,0.0,0.0,60.0,0.0,71.0,0.0,0.094,0.0,1069,0,1069,0,0,0,1069,0,1079,0,999,0,663,0,665,0,660,0,678,0.032,1.4609821306377965e+22,-0.0,-0.0,37904,16813,0.0,-2.216768315903862e+28,13516839.0,-1.8207196483629808e+22,-0.0,0.007,50.0,60.0,35,0.0,0.0,10.0,2.0,0.0,0.0,0.0,0.0,0.0,0.0,0.0,0.0,0.0,0.0,0.0,0.0,58.8,47,16,65516,27,65476,0,300,0,0,8,20529,65476,0,0,30147,60.0,0.0,10.0,10.0,2.0,0.0
2026-02-16T12:46:26,ERR,ERR,ERR,ERR,ERR,ERR,ERR,ERR,ERR,ERR,ERR,ERR,ERR,ERR,ERR,ERR,ERR,ERR,ERR,ERR,ERR,ERR,ERR,ERR,ERR,ERR,ERR,ERR,ERR,ERR,ERR,ERR,ERR,ERR,ERR,ERR,ERR,ERR,ERR,ERR,ERR,ERR,ERR,ERR,ERR,ERR,ERR,ERR,ERR,ERR,ERR,ERR,ERR,ERR,ERR,ERR,ERR,ERR,ERR,ERR,ERR,ERR,ERR,ERR,ERR,ERR,ERR,ERR,ERR,ERR,ERR,ERR,ERR,ERR,ERR,ERR,ERR,ERR,ERR,ERR,ERR,ERR,ERR,ERR,ERR,ERR,ERR,ERR,ERR,ERR,ERR,ERR,ERR,ERR,ERR,ERR,ERR,ERR,ERR,ERR,ERR,ERR,ERR,ERR,ERR,ERR,ERR,ERR,ERR,ERR,ERR,ERR,ERR,ERR,ERR,ERR,ERR,ERR,ERR,ERR,ERR,ERR,ERR,ERR,ERR,0.0,-0.0,2.7420187948523476e+23,0.0,-0.0,0.0,0.0,-69927600128.0,4300,0,8,17169,4300,0.0,41,0.0,0.0,0.0,0.0,2.7184166902131945e+23,0,0,0,0,0.0,0,0,0,0,0,0,0,0,0,0,0,0,0,0,0,0,0,0,0,0,0,0,0,0,0,0,0,0,0,0,0,0,0,9,36,36,44,65476,358,65476,1,0,4,21553,0.0,-0.0,0.0,0.0,0.0,0.0,0.0,0.0,0.0,0.0,0.0,0.0,0.0,0.0,0.0,0.0,0.0,0.0,0.0,0.0,0.0,2.004,2.004,-2.004,3.697074863047967e+19,-0.0,0.0,0.0,0.0,0.0,6640.0,8608234496.0,0.0,-107615880.0,-0.0,0.0,107616264.0,0.0,0.0,2.004,2.004,228,0.059,-0.0,0.0,0.0,0.0,0.0,0.0,0.0,0.0,0,0,0,-0.0,-247047.531,1.7892198099976192e+16,-1.9329759036119802e+34,2.0708845241038462e+24,-0.0,-0.0,-0.0,-999395328.0,-2.9465077433058836e+33,-3182986.25,1.0468099463846035e+19,0.0,0.005,0.0,-0.0,0,1.3516416376850534e+27,228,0.0,458,-621855232.0,5.614281105436677e+35,2114,52429,17109,52429,17111,0,17096,0,0,0,101,100,100,-107615256.0,65.5,0.0,66.8,-0.0,66.0,1,49,50,180,52429,52429,0,0,0.0,0.0,0.0,60.0,0.0,71.0,0.0,0.094,0.0,1069,0,1069,0,0,0,1069,0,1079,0,999,0,663,0,665,0,660,0,678,0.032,1.4609821306377965e+22,-0.0,-0.0,37904,16813,0.0,-2.216768315903862e+28,13516839.0,-1.8207196483629808e+22,-0.0,0.007,50.0,60.0,35,0.0,0.0,10.0,2.0,0.0,0.0,0.0,0.0,0.0,0.0,0.0,0.0,0.0,0.0,0.0,0.0,58.8,47,16,65516,27,65476,0,300,0,0,8,20529,65476,0,0,30147,60.0,0.0,10.0,10.0,2.0,0.0
2026-02-16T12:46:27,ERR,ERR,ERR,ERR,ERR,ERR,ERR,ERR,ERR,ERR,ERR,ERR,ERR,ERR,ERR,ERR,ERR,ERR,ERR,ERR,ERR,ERR,ERR,ERR,ERR,ERR,ERR,ERR,ERR,ERR,ERR,ERR,ERR,ERR,ERR,ERR,ERR,ERR,ERR,ERR,ERR,ERR,ERR,ERR,ERR,ERR,ERR,ERR,ERR,ERR,ERR,ERR,ERR,ERR,ERR,ERR,ERR,ERR,ERR,ERR,ERR,ERR,ERR,ERR,ERR,ERR,ERR,ERR,ERR,ERR,ERR,ERR,ERR,ERR,ERR,ERR,ERR,ERR,ERR,ERR,ERR,ERR,ERR,ERR,ERR,ERR,ERR,ERR,ERR,ERR,ERR,ERR,ERR,ERR,ERR,ERR,ERR,ERR,ERR,ERR,ERR,ERR,ERR,ERR,ERR,ERR,ERR,ERR,ERR,ERR,ERR,ERR,ERR,ERR,ERR,ERR,ERR,ERR,ERR,ERR,ERR,ERR,ERR,ERR,ERR,0.0,-0.0,2.7420187948523476e+23,0.0,-0.0,0.0,0.0,-69927600128.0,4300,0,8,17169,4300,0.0,41,0.0,0.0,0.0,0.0,2.7184166902131945e+23,0,0,0,0,0.0,0,0,0,0,0,0,0,0,0,0,0,0,0,0,0,0,0,0,0,0,0,0,0,0,0,0,0,0,0,0,0,0,0,9,36,36,44,65476,358,65476,1,0,4,21553,0.0,-0.0,0.0,0.0,0.0,0.0,0.0,0.0,0.0,0.0,0.0,0.0,0.0,0.0,0.0,0.0,0.0,0.0,0.0,0.0,0.0,2.004,2.004,-2.004,3.697074863047967e+19,-0.0,0.0,0.0,0.0,0.0,6640.0,8608234496.0,0.0,-107615880.0,-0.0,0.0,107616264.0,0.0,0.0,2.004,2.004,228,0.059,-0.0,0.0,0.0,0.0,0.0,0.0,0.0,0.0,0,0,0,-0.0,-247047.531,1.7892198099976192e+16,-1.9329759036119802e+34,2.0708845241038462e+24,-0.0,-0.0,-0.0,-999395328.0,-2.9465077433058836e+33,-3182986.25,1.0468099463846035e+19,0.0,0.005,0.0,-0.0,0,1.3516416376850534e+27,228,0.0,458,-621855232.0,5.614281105436677e+35,2114,52429,17109,52429,17111,52429,17095,0,0,0,101,100,100,0.0,66.0,0.0,66.8,-0.0,66.0,1,49,50,180,39322,52429,0,0,0.0,0.0,0.0,60.0,0.0,71.0,0.0,0.0,0.0,1069,0,1069,0,0,0,1069,0,1079,0,999,0,663,0,665,0,660,0,678,0.032,1.4536034330083127e+22,-0.0,-0.0,28048,16813,0.0,0.0,49546906304512.0,-42927004.0,-0.0,629.001,50.0,60.0,35,0.0,0.0,10.0,2.0,0.0,0.0,0.0,0.0,0.0,0.0,0.0,0.0,0.0,0.0,0.0,0.0,58.8,47,16,65516,27,65476,0,300,0,0,8,20529,65476,0,0,30147,60.0,0.0,10.0,10.0,2.0,0.0
2026-02-16T12:46:28,ERR,ERR,ERR,ERR,ERR,ERR,ERR,ERR,ERR,ERR,ERR,ERR,ERR,ERR,ERR,ERR,ERR,ERR,ERR,ERR,ERR,ERR,ERR,ERR,ERR,ERR,ERR,ERR,ERR,ERR,ERR,ERR,ERR,ERR,ERR,ERR,ERR,ERR,ERR,ERR,ERR,ERR,ERR,ERR,ERR,ERR,ERR,ERR,ERR,ERR,ERR,ERR,ERR,ERR,ERR,ERR,ERR,ERR,ERR,ERR,ERR,ERR,ERR,ERR,ERR,ERR,ERR,ERR,ERR,ERR,ERR,ERR,ERR,ERR,ERR,ERR,ERR,ERR,ERR,ERR,ERR,ERR,ERR,ERR,ERR,ERR,ERR,ERR,ERR,ERR,ERR,ERR,ERR,ERR,ERR,ERR,ERR,ERR,ERR,ERR,ERR,ERR,ERR,ERR,ERR,ERR,ERR,ERR,ERR,ERR,ERR,ERR,ERR,ERR,ERR,ERR,ERR,ERR,ERR,ERR,ERR,ERR,ERR,ERR,ERR,0.0,-0.0,2.7420187948523476e+23,0.0,-0.0,0.0,0.0,-69927600128.0,4300,0,8,17169,4300,0.0,41,0.0,0.0,0.0,0.0,2.7184166902131945e+23,0,0,0,0,0.0,0,0,0,0,0,0,0,0,0,0,0,0,0,0,0,0,0,0,0,0,0,0,0,0,0,0,0,0,0,0,0,0,0,9,36,36,44,65476,358,65476,1,0,4,21553,0.0,-0.0,0.0,0.0,0.0,0.0,0.0,0.0,0.0,0.0,0.0,0.0,0.0,0.0,0.0,0.0,0.0,0.0,0.0,0.0,0.0,2.004,2.004,-2.004,3.697074863047967e+19,-0.0,0.0,0.0,0.0,0.0,6640.0,8608234496.0,0.0,-107615880.0,-0.0,0.0,107616264.0,0.0,0.0,2.004,2.004,228,0.059,-0.0,0.0,0.0,0.0,0.0,0.0,0.0,0.0,0,0,0,-0.0,-247047.531,1.7892198099976192e+16,-1.9329759036119802e+34,2.0708845241038462e+24,-0.0,-0.0,-0.0,-999395328.0,-2.9465077433058836e+33,-3182986.25,1.0468099463846035e+19,0.0,0.005,0.0,-0.0,0,1.3516416376850534e+27,228,0.0,458,-621855232.0,5.614281105436677e+35,2114,52429,17109,52429,17111,52429,17095,0,0,0,101,100,100,0.0,66.0,0.0,66.8,-0.0,66.0,1,49,50,180,39322,52429,0,0,0.0,0.0,0.0,60.0,0.0,71.0,0.0,0.0,0.0,1069,0,1069,0,0,0,1069,0,1079,0,999,0,663,0,665,0,660,0,678,0.032,1.4536034330083127e+22,-0.0,-0.0,28048,16813,0.0,0.0,49546906304512.0,-42927004.0,-0.0,629.001,50.0,60.0,35,0.0,0.0,10.0,2.0,0.0,0.0,0.0,0.0,0.0,0.0,0.0,0.0,0.0,0.0,0.0,0.0,58.8,47,16,65516,27,65476,0,300,0,0,8,20529,65476,0,0,30147,60.0,0.0,10.0,10.0,2.0,0.0
2026-02-16T12:46:29,ERR,ERR,ERR,ERR,ERR,ERR,ERR,ERR,ERR,ERR,ERR,ERR,ERR,ERR,ERR,ERR,ERR,ERR,ERR,ERR,ERR,ERR,ERR,ERR,ERR,ERR,ERR,ERR,ERR,ERR,ERR,ERR,ERR,ERR,ERR,ERR,ERR,ERR,ERR,ERR,ERR,ERR,ERR,ERR,ERR,ERR,ERR,ERR,ERR,ERR,ERR,ERR,ERR,ERR,ERR,ERR,ERR,ERR,ERR,ERR,ERR,ERR,ERR,ERR,ERR,ERR,ERR,ERR,ERR,ERR,ERR,ERR,ERR,ERR,ERR,ERR,ERR,ERR,ERR,ERR,ERR,ERR,ERR,ERR,ERR,ERR,ERR,ERR,ERR,ERR,ERR,ERR,ERR,ERR,ERR,ERR,ERR,ERR,ERR,ERR,ERR,ERR,ERR,ERR,ERR,ERR,ERR,ERR,ERR,ERR,ERR,ERR,ERR,ERR,ERR,ERR,ERR,ERR,ERR,ERR,ERR,ERR,ERR,ERR,ERR,0.0,-0.0,2.7420187948523476e+23,0.0,-0.0,0.0,0.0,-69927600128.0,4300,0,8,17169,4300,0.0,41,0.0,0.0,0.0,0.0,2.7184166902131945e+23,0,0,0,0,0.0,0,0,0,0,0,0,0,0,0,0,0,0,0,0,0,0,0,0,0,0,0,0,0,0,0,0,0,0,0,0,0,0,0,9,36,36,44,65476,358,65476,1,0,4,21553,0.0,-0.0,0.0,0.0,0.0,0.0,0.0,0.0,0.0,0.0,0.0,0.0,0.0,0.0,0.0,0.0,0.0,0.0,0.0,0.0,0.0,2.004,2.004,-2.004,3.697074863047967e+19,-0.0,0.0,0.0,0.0,0.0,6640.0,8608234496.0,0.0,-107615880.0,-0.0,0.0,107616264.0,0.0,0.0,2.004,2.004,228,0.059,-0.0,0.0,0.0,0.0,0.0,0.0,0.0,0.0,0,0,0,-0.0,-247047.531,1.7892198099976192e+16,-1.9329759036119802e+34,2.0708845241038462e+24,-0.0,-0.0,-0.0,-999395328.0,-2.9465077433058836e+33,-3182986.25,1.0468099463846035e+19,0.0,0.005,0.0,-0.0,0,1.3516416376850534e+27,228,0.0,458,-621855232.0,5.614281105436677e+35,2114,52429,17109,52429,17111,52429,17095,0,0,0,101,100,100,0.0,66.0,0.0,66.8,-0.0,66.0,1,49,50,180,39322,52429,0,0,0.0,0.0,0.0,60.0,0.0,71.0,0.0,0.0,0.0,1069,0,1069,0,0,0,1069,0,1079,0,999,0,663,0,665,0,660,0,678,0.032,1.4536034330083127e+22,-0.0,-0.0,28048,16813,0.0,0.0,49546906304512.0,-42927004.0,-0.0,629.001,50.0,60.0,35,0.0,0.0,10.0,2.0,0.0,0.0,0.0,0.0,0.0,0.0,0.0,0.0,0.0,0.0,0.0,0.0,58.8,47,16,65516,27,65476,0,300,0,0,8,20529,65476,0,0,30147,60.0,0.0,10.0,10.0,2.0,0.0
2026-02-16T12:46:30,ERR,ERR,ERR,ERR,ERR,ERR,ERR,ERR,ERR,ERR,ERR,ERR,ERR,ERR,ERR,ERR,ERR,ERR,ERR,ERR,ERR,ERR,ERR,ERR,ERR,ERR,ERR,ERR,ERR,ERR,ERR,ERR,ERR,ERR,ERR,ERR,ERR,ERR,ERR,ERR,ERR,ERR,ERR,ERR,ERR,ERR,ERR,ERR,ERR,ERR,ERR,ERR,ERR,ERR,ERR,ERR,ERR,ERR,ERR,ERR,ERR,ERR,ERR,ERR,ERR,ERR,ERR,ERR,ERR,ERR,ERR,ERR,ERR,ERR,ERR,ERR,ERR,ERR,ERR,ERR,ERR,ERR,ERR,ERR,ERR,ERR,ERR,ERR,ERR,ERR,ERR,ERR,ERR,ERR,ERR,ERR,ERR,ERR,ERR,ERR,ERR,ERR,ERR,ERR,ERR,ERR,ERR,ERR,ERR,ERR,ERR,ERR,ERR,ERR,ERR,ERR,ERR,ERR,ERR,ERR,ERR,ERR,ERR,ERR,ERR,0.0,-0.0,2.7420187948523476e+23,0.0,-0.0,0.0,-4.217586319272143e+24,-1.1913226194631912e+38,4300,0,8,17169,4300,0.0,41,0.0,0.0,0.0,0.0,2.7184166902131945e+23,0,0,0,0,0.0,0,0,0,0,0,0,0,0,0,0,0,0,0,0,0,0,0,0,0,0,0,0,0,0,0,0,0,0,0,0,0,0,0,9,35,35,44,65476,359,65476,1,0,4,21553,0.0,-0.0,0.0,0.0,0.0,0.0,0.0,0.0,0.0,0.0,0.0,0.0,0.0,0.0,0.0,0.0,0.0,0.0,0.0,0.0,0.0,2.004,2.004,-2.004,2.004,-0.0,0.0,0.0,0.0,0.0,6644.0,0.0,0.0,0.0,-0.0,-107616240.0,107616264.0,0.0,0.0,2.004,2.004,228,5.848055683159391e+35,-0.0,0.0,0.0,0.0,0.0,0.0,0.0,0.0,0,0,0,-0.0,-3.071699192066867e+16,2701765115904.0,-0.0,585246965760.0,0.0,1.9966839078667605e+36,-4.974736324270658e+33,-3.556378903659826e+32,-3.1898966585497036e+33,-3379594.25,1.1404848186339099e+19,0.0,0.006,0.0,-0.0,0,1.3516416376850534e+27,228,0.0,456,0.0,-0.0,2114,52429,17109,52429,17111,52429,17095,0,0,0,101,100,100,0.0,66.0,0.0,66.8,-0.0,66.0,1,49,50,180,39322,52429,0,0,0.0,0.0,0.0,60.0,0.0,71.0,0.0,4.414,0.0,1068,0,1069,0,0,0,1069,0,1079,0,999,0,663,0,665,0,660,0,678,0.032,1.4536034330083127e+22,-0.0,-0.0,39568,16813,0.0,4.414,-0.0,2.387,-1.524252113433295e+29,2.301581022461346e+31,50.0,60.0,35,0.0,0.0,10.0,2.0,0.0,0.0,0.0,0.0,0.0,0.0,0.0,0.0,0.0,0.0,0.0,0.0,58.8,47,16,65516,27,65476,0,300,0,0,8,20529,65476,0,0,30147,60.0,0.0,10.0,10.0,2.0,0.0
2026-02-16T12:46:31,ERR,ERR,ERR,ERR,ERR,ERR,ERR,ERR,ERR,ERR,ERR,ERR,ERR,ERR,ERR,ERR,ERR,ERR,ERR,ERR,ERR,ERR,ERR,ERR,ERR,ERR,ERR,ERR,ERR,ERR,ERR,ERR,ERR,ERR,ERR,ERR,ERR,ERR,ERR,ERR,ERR,ERR,ERR,ERR,ERR,ERR,ERR,ERR,ERR,ERR,ERR,ERR,ERR,ERR,ERR,ERR,ERR,ERR,ERR,ERR,ERR,ERR,ERR,ERR,ERR,ERR,ERR,ERR,ERR,ERR,ERR,ERR,ERR,ERR,ERR,ERR,ERR,ERR,ERR,ERR,ERR,ERR,ERR,ERR,ERR,ERR,ERR,ERR,ERR,ERR,ERR,ERR,ERR,ERR,ERR,ERR,ERR,ERR,ERR,ERR,ERR,ERR,ERR,ERR,ERR,ERR,ERR,ERR,ERR,ERR,ERR,ERR,ERR,ERR,ERR,ERR,ERR,ERR,ERR,ERR,ERR,ERR,ERR,ERR,ERR,0.0,-0.0,2.7420187948523476e+23,0.0,-0.0,0.0,-4.217586319272143e+24,-1.1913226194631912e+38,4300,0,8,17169,4300,0.0,41,0.0,0.0,0.0,0.0,2.7184166902131945e+23,0,0,0,0,0.0,0,0,0,0,0,0,0,0,0,0,0,0,0,0,0,0,0,0,0,0,0,0,0,0,0,0,0,0,0,0,0,0,0,9,35,35,44,65476,359,65476,1,0,4,21553,0.0,-0.0,0.0,0.0,0.0,0.0,0.0,0.0,0.0,0.0,0.0,0.0,0.0,0.0,0.0,0.0,0.0,0.0,0.0,0.0,0.0,2.004,2.004,-2.004,2.004,-0.0,0.0,0.0,0.0,0.0,6644.0,0.0,0.0,0.0,-0.0,-107616240.0,107616264.0,0.0,0.0,2.004,2.004,228,5.848055683159391e+35,-0.0,0.0,0.0,0.0,0.0,0.0,0.0,0.0,0,0,0,-0.0,-3.071699192066867e+16,2701765115904.0,-0.0,585246965760.0,0.0,1.9966839078667605e+36,-4.974736324270658e+33,-3.556378903659826e+32,-3.1898966585497036e+33,-3379594.25,1.1404848186339099e+19,0.0,0.006,0.0,-0.0,0,1.3516416376850534e+27,228,0.0,456,0.0,-0.0,2114,52429,17109,52429,17111,52429,17095,0,0,0,101,100,100,0.0,66.0,0.0,66.8,-0.0,66.0,1,49,50,180,39322,52429,0,0,0.0,0.0,0.0,60.0,0.0,71.0,0.0,4.414,0.0,1068,0,1069,0,0,0,1069,0,1079,0,999,0,663,0,665,0,660,0,678,0.032,1.4536034330083127e+22,-0.0,-0.0,39568,16813,0.0,4.414,-0.0,2.387,-1.524252113433295e+29,2.301581022461346e+31,50.0,60.0,35,0.0,0.0,10.0,2.0,0.0,0.0,0.0,0.0,0.0,0.0,0.0,0.0,0.0,0.0,0.0,0.0,58.8,47,16,65516,27,65476,0,300,0,0,8,20529,65476,0,0,30147,60.0,0.0,10.0,10.0,2.0,0.0
2026-02-16T12:46:32,ERR,ERR,ERR,ERR,ERR,ERR,ERR,ERR,ERR,ERR,ERR,ERR,ERR,ERR,ERR,ERR,ERR,ERR,ERR,ERR,ERR,ERR,ERR,ERR,ERR,ERR,ERR,ERR,ERR,ERR,ERR,ERR,ERR,ERR,ERR,ERR,ERR,ERR,ERR,ERR,ERR,ERR,ERR,ERR,ERR,ERR,ERR,ERR,ERR,ERR,ERR,ERR,ERR,ERR,ERR,ERR,ERR,ERR,ERR,ERR,ERR,ERR,ERR,ERR,ERR,ERR,ERR,ERR,ERR,ERR,ERR,ERR,ERR,ERR,ERR,ERR,ERR,ERR,ERR,ERR,ERR,ERR,ERR,ERR,ERR,ERR,ERR,ERR,ERR,ERR,ERR,ERR,ERR,ERR,ERR,ERR,ERR,ERR,ERR,ERR,ERR,ERR,ERR,ERR,ERR,ERR,ERR,ERR,ERR,ERR,ERR,ERR,ERR,ERR,ERR,ERR,ERR,ERR,ERR,ERR,ERR,ERR,ERR,ERR,ERR,0.0,-0.0,2.7420187948523476e+23,0.0,-0.0,0.0,-4.217586319272143e+24,-1.1913226194631912e+38,4300,0,8,17169,4300,0.0,41,0.0,0.0,0.0,0.0,2.7184166902131945e+23,0,0,0,0,0.0,0,0,0,0,0,0,0,0,0,0,0,0,0,0,0,0,0,0,0,0,0,0,0,0,0,0,0,0,0,0,0,0,0,9,35,35,44,65476,359,65476,1,0,4,21553,0.0,-0.0,0.0,0.0,0.0,0.0,0.0,0.0,0.0,0.0,0.0,0.0,0.0,0.0,0.0,0.0,0.0,0.0,0.0,0.0,0.0,2.004,2.004,-2.004,2.004,-0.0,0.0,0.0,0.0,0.0,6644.0,0.0,0.0,0.0,-0.0,-107616240.0,107616264.0,0.0,0.0,2.004,2.004,228,5.848055683159391e+35,-0.0,0.0,0.0,0.0,0.0,0.0,0.0,0.0,0,0,0,-0.0,-3.071699192066867e+16,2701765115904.0,-0.0,585246965760.0,0.0,1.9966839078667605e+36,-4.974736324270658e+33,-3.556378903659826e+32,-3.1898966585497036e+33,-3379594.25,1.1404848186339099e+19,0.0,0.006,0.0,-0.0,0,1.3516416376850534e+27,228,0.0,456,0.0,-0.0,2114,52429,17109,52429,17111,52429,17095,0,0,0,101,100,100,0.0,66.0,0.0,66.8,-0.0,66.0,1,49,50,180,39322,52429,0,0,0.0,0.0,0.0,60.0,0.0,71.0,0.0,4.414,0.0,1068,0,1069,0,0,0,1069,0,1079,0,999,0,663,0,665,0,660,0,678,0.032,1.4536034330083127e+22,-0.0,-0.0,39568,16813,0.0,4.414,-0.0,2.387,-1.524252113433295e+29,2.301581022461346e+31,50.0,60.0,35,0.0,0.0,10.0,2.0,0.0,0.0,0.0,0.0,0.0,0.0,0.0,0.0,0.0,0.0,0.0,0.0,58.8,47,16,65516,27,65476,0,300,0,0,8,20529,65476,0,0,30147,60.0,0.0,10.0,10.0,2.0,0.0
2026-02-16T12:46:33,ERR,ERR,ERR,ERR,ERR,ERR,ERR,ERR,ERR,ERR,ERR,ERR,ERR,ERR,ERR,ERR,ERR,ERR,ERR,ERR,ERR,ERR,ERR,ERR,ERR,ERR,ERR,ERR,ERR,ERR,ERR,ERR,ERR,ERR,ERR,ERR,ERR,ERR,ERR,ERR,ERR,ERR,ERR,ERR,ERR,ERR,ERR,ERR,ERR,ERR,ERR,ERR,ERR,ERR,ERR,ERR,ERR,ERR,ERR,ERR,ERR,ERR,ERR,ERR,ERR,ERR,ERR,ERR,ERR,ERR,ERR,ERR,ERR,ERR,ERR,ERR,ERR,ERR,ERR,ERR,ERR,ERR,ERR,ERR,ERR,ERR,ERR,ERR,ERR,ERR,ERR,ERR,ERR,ERR,ERR,ERR,ERR,ERR,ERR,ERR,ERR,ERR,ERR,ERR,ERR,ERR,ERR,ERR,ERR,ERR,ERR,ERR,ERR,ERR,ERR,ERR,ERR,ERR,ERR,ERR,ERR,ERR,ERR,ERR,ERR,0.0,-0.0,2.7420187948523476e+23,0.0,-0.0,0.0,-4.217586319272143e+24,-1.1913226194631912e+38,4300,0,8,17169,4300,0.0,41,0.0,0.0,0.0,0.0,2.7184166902131945e+23,0,0,0,0,0.0,0,0,0,0,0,0,0,0,0,0,0,0,0,0,0,0,0,0,0,0,0,0,0,0,0,0,0,0,0,0,0,0,0,9,35,35,44,65476,359,65476,1,0,4,21553,0.0,-0.0,0.0,0.0,0.0,0.0,0.0,0.0,0.0,0.0,0.0,0.0,0.0,0.0,0.0,0.0,0.0,0.0,0.0,0.0,0.0,2.004,2.004,-2.004,2.004,-0.0,0.0,0.0,0.0,0.0,6644.0,0.0,0.0,0.0,-0.0,-107616240.0,107616264.0,0.0,0.0,2.004,2.004,228,5.848055683159391e+35,-0.0,0.0,0.0,0.0,0.0,0.0,0.0,0.0,0,0,0,-0.0,-3.071699192066867e+16,2701765115904.0,-0.0,585246965760.0,0.0,1.9966839078667605e+36,-4.974736324270658e+33,-3.556378903659826e+32,-3.1898966585497036e+33,-3379594.25,1.1404848186339099e+19,0.0,0.006,0.0,-0.0,0,1.3516416376850534e+27,228,0.0,456,0.0,-0.0,2114,52429,17109,52429,17111,52429,17095,0,0,0,101,100,100,0.0,66.0,0.0,66.8,-0.0,66.0,1,49,50,180,39322,52429,0,0,0.0,0.0,0.0,60.0,0.0,71.0,0.0,4.414,0.0,1068,0,1069,0,0,0,1069,0,1079,0,999,0,663,0,665,0,660,0,678,0.032,1.4536034330083127e+22,-0.0,-0.0,39568,16813,0.0,4.414,-0.0,2.387,-1.524252113433295e+29,2.301581022461346e+31,50.0,60.0,35,0.0,0.0,10.0,2.0,0.0,0.0,0.0,0.0,0.0,0.0,0.0,0.0,0.0,0.0,0.0,0.0,58.8,47,16,65516,27,65476,0,300,0,0,8,20529,65476,0,0,30147,60.0,0.0,10.0,10.0,2.0,0.0
2026-02-16T12:46:34,ERR,ERR,ERR,ERR,ERR,ERR,ERR,ERR,ERR,ERR,ERR,ERR,ERR,ERR,ERR,ERR,ERR,ERR,ERR,ERR,ERR,ERR,ERR,ERR,ERR,ERR,ERR,ERR,ERR,ERR,ERR,ERR,ERR,ERR,ERR,ERR,ERR,ERR,ERR,ERR,ERR,ERR,ERR,ERR,ERR,ERR,ERR,ERR,ERR,ERR,ERR,ERR,ERR,ERR,ERR,ERR,ERR,ERR,ERR,ERR,ERR,ERR,ERR,ERR,ERR,ERR,ERR,ERR,ERR,ERR,ERR,ERR,ERR,ERR,ERR,ERR,ERR,ERR,ERR,ERR,ERR,ERR,ERR,ERR,ERR,ERR,ERR,ERR,ERR,ERR,ERR,ERR,ERR,ERR,ERR,ERR,ERR,ERR,ERR,ERR,ERR,ERR,ERR,ERR,ERR,ERR,ERR,ERR,ERR,ERR,ERR,ERR,ERR,ERR,ERR,ERR,ERR,ERR,ERR,ERR,ERR,ERR,ERR,ERR,ERR,0.0,-0.0,2.7420187948523476e+23,0.0,-0.0,0.0,-4.217586319272143e+24,-1.1913226194631912e+38,4300,0,8,17169,4300,0.0,41,0.0,0.0,0.0,0.0,2.7184166902131945e+23,0,0,0,0,0.0,0,0,0,0,0,0,0,0,0,0,0,0,0,0,0,0,0,0,0,0,0,0,0,0,0,0,0,0,0,0,0,0,0,9,35,35,44,65476,359,65476,1,0,4,21553,0.0,-0.0,0.0,0.0,0.0,0.0,0.0,0.0,0.0,0.0,0.0,0.0,0.0,0.0,0.0,0.0,0.0,0.0,0.0,0.0,0.0,2.004,2.004,-2.004,2.004,-0.0,0.0,0.0,0.0,0.0,6644.0,0.0,0.0,0.0,-0.0,-107616240.0,107616264.0,0.0,0.0,2.004,2.004,228,5.848055683159391e+35,-0.0,0.0,0.0,0.0,0.0,0.0,0.0,0.0,0,0,0,-0.0,-3.071699192066867e+16,2701765115904.0,-0.0,585246965760.0,0.0,1.9966839078667605e+36,-4.974736324270658e+33,-3.556378903659826e+32,-3.1898966585497036e+33,-3379594.25,1.1404848186339099e+19,0.0,0.006,0.0,-0.0,0,1.3516416376850534e+27,228,0.0,456,0.0,-0.0,2114,52429,17109,52429,17111,52429,17095,0,0,0,101,100,100,0.0,66.0,0.0,66.8,-0.0,66.0,1,49,50,180,52429,52429,0,0,0.0,0.0,0.0,60.0,0.0,71.0,0.0,0.0,0.0,1068,0,1069,0,0,0,1069,0,1079,0,999,0,663,0,665,0,660,0,678,0.032,1.4536034330083127e+22,-0.0,-0.0,29328,16813,-6.854162963602752e+37,0.001,8298515.5,-7.14730580389388e+27,-0.0,0.0,50.0,60.0,35,0.0,0.0,10.0,2.0,0.0,0.0,0.0,0.0,0.0,0.0,0.0,0.0,0.0,0.0,0.0,0.0,59.2,47,16,65516,27,65476,0,300,0,0,8,20529,65476,0,0,30147,60.0,0.0,10.0,10.0,2.0,0.0
2026-02-16T12:46:35,ERR,ERR,ERR,ERR,ERR,ERR,ERR,ERR,ERR,ERR,ERR,ERR,ERR,ERR,ERR,ERR,ERR,ERR,ERR,ERR,ERR,ERR,ERR,ERR,ERR,ERR,ERR,ERR,ERR,ERR,ERR,ERR,ERR,ERR,ERR,ERR,ERR,ERR,ERR,ERR,ERR,ERR,ERR,ERR,ERR,ERR,ERR,ERR,ERR,ERR,ERR,ERR,ERR,ERR,ERR,ERR,ERR,ERR,ERR,ERR,ERR,ERR,ERR,ERR,ERR,ERR,ERR,ERR,ERR,ERR,ERR,ERR,ERR,ERR,ERR,ERR,ERR,ERR,ERR,ERR,ERR,ERR,ERR,ERR,ERR,ERR,ERR,ERR,ERR,ERR,ERR,ERR,ERR,ERR,ERR,ERR,ERR,ERR,ERR,ERR,ERR,ERR,ERR,ERR,ERR,ERR,ERR,ERR,ERR,ERR,ERR,ERR,ERR,ERR,ERR,ERR,ERR,ERR,ERR,ERR,ERR,ERR,ERR,ERR,ERR,0.0,-0.0,2.7420187948523476e+23,0.0,-0.0,0.0,5.227,-594945.25,4300,0,8,17169,4300,0.0,41,0.0,0.0,0.0,0.0,2.7184166902131945e+23,0,0,0,0,0.0,0,0,0,0,0,0,0,0,0,0,0,0,0,0,0,0,0,0,0,0,0,0,0,0,0,0,0,0,0,0,0,0,0,9,35,35,45,65476,366,65476,1,0,4,21553,0.0,2.7183305813883192e+23,0.0,0.0,0.0,0.0,0.0,0.0,0.0,0.0,0.0,0.0,0.0,0.0,0.0,0.0,0.0,0.0,0.0,0.0,0.0,2.004,2.004,-2.004,2.004,-2.004,0.0,0.0,0.0,0.0,6645.0,0.0,0.0,0.0,-0.0,-107616240.0,2.7184507374263774e+23,0.0,0.0,2.004,2.004,228,-0.0,-0.0,0.0,0.0,0.0,0.0,0.0,0.0,0.0,0,0,0,-0.0,-0.0,2.2742924790741965e+20,-0.0,1.0791726818219811e+32,-0.0,0.0,-0.0,-0.0,-3.4332855737935237e+33,-3576202.25,1.2269539314794234e+19,0.0,0.006,0.0,5.33012117969261e+34,0,1.3516416376850534e+27,228,0.0,456,-621855232.0,5.614281105436677e+35,2114,52429,17109,52429,17111,52429,17095,0,0,0,101,100,100,0.0,66.0,0.0,66.8,-0.0,66.0,1,49,50,180,52429,52429,0,0,0.0,0.0,0.0,60.0,0.0,71.0,0.0,0.0,0.0,1068,0,1069,0,0,0,1069,0,1079,0,999,0,663,0,665,0,660,0,678,0.032,1.4536034330083127e+22,-0.0,-0.0,29328,16813,-6.854162963602752e+37,0.001,8298515.5,-7.14730580389388e+27,-0.0,0.0,50.0,60.0,35,0.0,0.0,10.0,2.0,0.0,0.0,0.0,0.0,0.0,0.0,0.0,0.0,0.0,0.0,0.0,0.0,58.8,47,16,65516,27,65476,0,300,0,0,8,20529,65476,0,0,30147,60.0,0.0,10.0,10.0,2.0,0.0
2026-02-16T12:46:36,ERR,ERR,ERR,ERR,ERR,ERR,ERR,ERR,ERR,ERR,ERR,ERR,ERR,ERR,ERR,ERR,ERR,ERR,ERR,ERR,ERR,ERR,ERR,ERR,ERR,ERR,ERR,ERR,ERR,ERR,ERR,ERR,ERR,ERR,ERR,ERR,ERR,ERR,ERR,ERR,ERR,ERR,ERR,ERR,ERR,ERR,ERR,ERR,ERR,ERR,ERR,ERR,ERR,ERR,ERR,ERR,ERR,ERR,ERR,ERR,ERR,ERR,ERR,ERR,ERR,ERR,ERR,ERR,ERR,ERR,ERR,ERR,ERR,ERR,ERR,ERR,ERR,ERR,ERR,ERR,ERR,ERR,ERR,ERR,ERR,ERR,ERR,ERR,ERR,ERR,ERR,ERR,ERR,ERR,ERR,ERR,ERR,ERR,ERR,ERR,ERR,ERR,ERR,ERR,ERR,ERR,ERR,ERR,ERR,ERR,ERR,ERR,ERR,ERR,ERR,ERR,ERR,ERR,ERR,ERR,ERR,ERR,ERR,ERR,ERR,0.0,-0.0,2.7420187948523476e+23,0.0,-0.0,0.0,5.227,-594945.25,4300,0,8,17169,4300,0.0,41,0.0,0.0,0.0,0.0,2.7184166902131945e+23,0,0,0,0,0.0,0,0,0,0,0,0,0,0,0,0,0,0,0,0,0,0,0,0,0,0,0,0,0,0,0,0,0,0,0,0,0,0,0,9,35,35,45,65476,366,65476,1,0,4,21553,0.0,2.7183305813883192e+23,0.0,0.0,0.0,0.0,0.0,0.0,0.0,0.0,0.0,0.0,0.0,0.0,0.0,0.0,0.0,0.0,0.0,0.0,0.0,2.004,2.004,-2.004,2.004,-2.004,0.0,0.0,0.0,0.0,6645.0,0.0,0.0,0.0,-0.0,-107616240.0,2.7184507374263774e+23,0.0,0.0,2.004,2.004,228,-0.0,-0.0,0.0,0.0,0.0,0.0,0.0,0.0,0.0,0,0,0,-0.0,-0.0,2.2742924790741965e+20,-0.0,1.0791726818219811e+32,-0.0,0.0,-0.0,-0.0,-3.4332855737935237e+33,-3576202.25,1.2269539314794234e+19,0.0,0.006,0.0,5.33012117969261e+34,0,1.3516416376850534e+27,228,0.0,456,-621855232.0,5.614281105436677e+35,2114,52429,17109,52429,17111,52429,17095,0,0,0,101,100,100,0.0,66.0,0.0,66.8,-0.0,66.0,1,49,50,180,52429,52429,0,0,0.0,0.0,0.0,60.0,0.0,71.0,0.0,0.0,0.0,1068,0,1069,0,0,0,1069,0,1079,0,999,0,663,0,665,0,660,0,678,0.032,1.4536034330083127e+22,-0.0,-0.0,29328,16813,-6.854162963602752e+37,0.001,8298515.5,-7.14730580389388e+27,-0.0,0.0,50.0,60.0,35,0.0,0.0,10.0,2.0,0.0,0.0,0.0,0.0,0.0,0.0,0.0,0.0,0.0,0.0,0.0,0.0,58.8,47,16,65516,27,65476,0,300,0,0,8,20529,65476,0,0,30147,60.0,0.0,10.0,10.0,2.0,0.0
2026-02-16T12:46:37,ERR,ERR,ERR,ERR,ERR,ERR,ERR,ERR,ERR,ERR,ERR,ERR,ERR,ERR,ERR,ERR,ERR,ERR,ERR,ERR,ERR,ERR,ERR,ERR,ERR,ERR,ERR,ERR,ERR,ERR,ERR,ERR,ERR,ERR,ERR,ERR,ERR,ERR,ERR,ERR,ERR,ERR,ERR,ERR,ERR,ERR,ERR,ERR,ERR,ERR,ERR,ERR,ERR,ERR,ERR,ERR,ERR,ERR,ERR,ERR,ERR,ERR,ERR,ERR,ERR,ERR,ERR,ERR,ERR,ERR,ERR,ERR,ERR,ERR,ERR,ERR,ERR,ERR,ERR,ERR,ERR,ERR,ERR,ERR,ERR,ERR,ERR,ERR,ERR,ERR,ERR,ERR,ERR,ERR,ERR,ERR,ERR,ERR,ERR,ERR,ERR,ERR,ERR,ERR,ERR,ERR,ERR,ERR,ERR,ERR,ERR,ERR,ERR,ERR,ERR,ERR,ERR,ERR,ERR,ERR,ERR,ERR,ERR,ERR,ERR,0.0,-0.0,2.7420187948523476e+23,0.0,-0.0,0.0,5.227,-594945.25,4300,0,8,17169,4300,0.0,41,0.0,0.0,0.0,0.0,2.7184166902131945e+23,0,0,0,0,0.0,0,0,0,0,0,0,0,0,0,0,0,0,0,0,0,0,0,0,0,0,0,0,0,0,0,0,0,0,0,0,0,0,0,9,35,35,45,65476,366,65476,1,0,4,21553,0.0,2.7183305813883192e+23,0.0,0.0,0.0,0.0,0.0,0.0,0.0,0.0,0.0,0.0,0.0,0.0,0.0,0.0,0.0,0.0,0.0,0.0,0.0,2.004,2.004,-2.004,2.004,-2.004,0.0,0.0,0.0,0.0,6645.0,0.0,0.0,0.0,-0.0,-107616240.0,2.7184507374263774e+23,0.0,0.0,2.004,2.004,228,-0.0,-0.0,0.0,0.0,0.0,0.0,0.0,0.0,0.0,0,0,0,-0.0,-0.0,2.2742924790741965e+20,-0.0,1.0791726818219811e+32,-0.0,0.0,-0.0,-0.0,-3.4332855737935237e+33,-3576202.25,1.2269539314794234e+19,0.0,0.006,0.0,5.33012117969261e+34,0,1.3516416376850534e+27,228,0.0,456,-621855232.0,5.614281105436677e+35,2114,52429,17109,52429,17111,52429,17095,0,0,0,101,100,100,0.0,66.0,0.0,66.8,-0.0,66.0,1,49,50,180,52429,52429,0,0,0.0,0.0,0.0,60.0,0.0,71.0,0.0,1.166,0.0,1069,0,1069,0,0,0,1069,0,1079,0,999,0,663,0,665,0,660,0,679,0.032,1.4536034330083127e+22,-0.0,-0.0,37008,16813,0.0,1.166,-0.0,6.101069333948006e+16,-6.576493382908498e+21,6.414868164353348e+25,50.0,60.0,35,0.0,0.0,10.0,2.0,0.0,0.0,0.0,0.0,0.0,0.0,0.0,0.0,0.0,0.0,0.0,0.0,58.8,47,16,65516,27,65476,0,300,0,0,8,20529,65476,0,0,30147,60.0,0.0,10.0,10.0,2.0,0.0
2026-02-16T12:46:38,ERR,ERR,ERR,ERR,ERR,ERR,ERR,ERR,ERR,ERR,ERR,ERR,ERR,ERR,ERR,ERR,ERR,ERR,ERR,ERR,ERR,ERR,ERR,ERR,ERR,ERR,ERR,ERR,ERR,ERR,ERR,ERR,ERR,ERR,ERR,ERR,ERR,ERR,ERR,ERR,ERR,ERR,ERR,ERR,ERR,ERR,ERR,ERR,ERR,ERR,ERR,ERR,ERR,ERR,ERR,ERR,ERR,ERR,ERR,ERR,ERR,ERR,ERR,ERR,ERR,ERR,ERR,ERR,ERR,ERR,ERR,ERR,ERR,ERR,ERR,ERR,ERR,ERR,ERR,ERR,ERR,ERR,ERR,ERR,ERR,ERR,ERR,ERR,ERR,ERR,ERR,ERR,ERR,ERR,ERR,ERR,ERR,ERR,ERR,ERR,ERR,ERR,ERR,ERR,ERR,ERR,ERR,ERR,ERR,ERR,ERR,ERR,ERR,ERR,ERR,ERR,ERR,ERR,ERR,ERR,ERR,ERR,ERR,ERR,ERR,0.0,-0.0,2.7420187948523476e+23,0.0,-0.0,0.0,5.227,-594945.25,4300,0,8,17169,4300,0.0,41,0.0,0.0,0.0,0.0,2.7184166902131945e+23,0,0,0,0,0.0,0,0,0,0,0,0,0,0,0,0,0,0,0,0,0,0,0,0,0,0,0,0,0,0,0,0,0,0,0,0,0,0,0,9,35,35,45,65476,366,65476,1,0,4,21553,0.0,2.7183305813883192e+23,0.0,0.0,0.0,0.0,0.0,0.0,0.0,0.0,0.0,0.0,0.0,0.0,0.0,0.0,0.0,0.0,0.0,0.0,0.0,2.004,2.004,-2.004,2.004,-2.004,0.0,0.0,0.0,0.0,6645.0,0.0,0.0,0.0,-0.0,-107616240.0,2.7184507374263774e+23,0.0,0.0,2.004,2.004,228,-0.0,-0.0,0.0,0.0,0.0,0.0,0.0,0.0,0.0,0,0,0,-0.0,-0.0,2.2742924790741965e+20,-0.0,1.0791726818219811e+32,-0.0,0.0,-0.0,-0.0,-3.4332855737935237e+33,-3576202.25,1.2269539314794234e+19,0.0,0.006,0.0,5.33012117969261e+34,0,1.3516416376850534e+27,228,0.0,456,-621855232.0,5.614281105436677e+35,2114,52429,17109,52429,17111,52429,17095,0,0,0,101,100,100,0.0,66.0,0.0,66.8,-0.0,66.0,1,49,50,180,52429,52429,0,0,0.0,0.0,0.0,60.0,0.0,71.0,0.0,1.166,0.0,1069,0,1069,0,0,0,1069,0,1079,0,999,0,663,0,665,0,660,0,679,0.032,1.4536034330083127e+22,-0.0,-0.0,37008,16813,0.0,1.166,-0.0,6.101069333948006e+16,-6.576493382908498e+21,6.414868164353348e+25,50.0,60.0,35,0.0,0.0,10.0,2.0,0.0,0.0,0.0,0.0,0.0,0.0,0.0,0.0,0.0,0.0,0.0,0.0,58.8,47,16,65516,27,65476,0,300,0,0,8,20529,65476,0,0,30147,60.0,0.0,10.0,10.0,2.0,0.0
2026-02-16T12:46:39,ERR,ERR,ERR,ERR,ERR,ERR,ERR,ERR,ERR,ERR,ERR,ERR,ERR,ERR,ERR,ERR,ERR,ERR,ERR,ERR,ERR,ERR,ERR,ERR,ERR,ERR,ERR,ERR,ERR,ERR,ERR,ERR,ERR,ERR,ERR,ERR,ERR,ERR,ERR,ERR,ERR,ERR,ERR,ERR,ERR,ERR,ERR,ERR,ERR,ERR,ERR,ERR,ERR,ERR,ERR,ERR,ERR,ERR,ERR,ERR,ERR,ERR,ERR,ERR,ERR,ERR,ERR,ERR,ERR,ERR,ERR,ERR,ERR,ERR,ERR,ERR,ERR,ERR,ERR,ERR,ERR,ERR,ERR,ERR,ERR,ERR,ERR,ERR,ERR,ERR,ERR,ERR,ERR,ERR,ERR,ERR,ERR,ERR,ERR,ERR,ERR,ERR,ERR,ERR,ERR,ERR,ERR,ERR,ERR,ERR,ERR,ERR,ERR,ERR,ERR,ERR,ERR,ERR,ERR,ERR,ERR,ERR,ERR,ERR,ERR,0.0,-0.0,2.7420187948523476e+23,0.0,-0.0,0.0,5.227,-594945.25,4300,0,8,17169,4300,0.0,41,0.0,0.0,0.0,0.0,2.7184166902131945e+23,0,0,0,0,0.0,0,0,0,0,0,0,0,0,0,0,0,0,0,0,0,0,0,0,0,0,0,0,0,0,0,0,0,0,0,0,0,0,0,9,35,35,45,65476,366,65476,1,0,4,21553,0.0,2.7183305813883192e+23,0.0,0.0,0.0,0.0,0.0,0.0,0.0,0.0,0.0,0.0,0.0,0.0,0.0,0.0,0.0,0.0,0.0,0.0,0.0,2.004,2.004,-2.004,2.004,-2.004,0.0,0.0,0.0,0.0,6645.0,0.0,0.0,0.0,-0.0,-107616240.0,2.7184507374263774e+23,0.0,0.0,2.004,2.004,228,-0.0,-0.0,0.0,0.0,0.0,0.0,0.0,0.0,0.0,0,0,0,-0.0,-0.0,2.2742924790741965e+20,-0.0,1.0791726818219811e+32,-0.0,0.0,-0.0,-0.0,-3.4332855737935237e+33,-3576202.25,1.2269539314794234e+19,0.0,0.006,0.0,5.33012117969261e+34,0,1.3516416376850534e+27,228,0.0,456,-621855232.0,5.614281105436677e+35,2114,52429,17109,52429,17111,52429,17095,0,0,0,101,100,100,0.0,66.0,0.0,66.8,-0.0,66.0,1,49,50,180,52429,52429,0,0,0.0,0.0,0.0,60.0,0.0,71.0,0.0,1.166,0.0,1069,0,1069,0,0,0,1069,0,1079,0,999,0,663,0,665,0,660,0,679,0.032,1.4536034330083127e+22,-0.0,-0.0,37008,16813,0.0,1.166,-0.0,6.101069333948006e+16,-6.576493382908498e+21,6.414868164353348e+25,50.0,60.0,35,0.0,0.0,10.0,2.0,0.0,0.0,0.0,0.0,0.0,0.0,0.0,0.0,0.0,0.0,0.0,0.0,58.8,47,16,65516,27,65476,0,300,0,0,8,20529,65476,0,0,30147,60.0,0.0,10.0,10.0,2.0,0.0
2026-02-16T12:46:40,ERR,ERR,ERR,ERR,ERR,ERR,ERR,ERR,ERR,ERR,ERR,ERR,ERR,ERR,ERR,ERR,ERR,ERR,ERR,ERR,ERR,ERR,ERR,ERR,ERR,ERR,ERR,ERR,ERR,ERR,ERR,ERR,ERR,ERR,ERR,ERR,ERR,ERR,ERR,ERR,ERR,ERR,ERR,ERR,ERR,ERR,ERR,ERR,ERR,ERR,ERR,ERR,ERR,ERR,ERR,ERR,ERR,ERR,ERR,ERR,ERR,ERR,ERR,ERR,ERR,ERR,ERR,ERR,ERR,ERR,ERR,ERR,ERR,ERR,ERR,ERR,ERR,ERR,ERR,ERR,ERR,ERR,ERR,ERR,ERR,ERR,ERR,ERR,ERR,ERR,ERR,ERR,ERR,ERR,ERR,ERR,ERR,ERR,ERR,ERR,ERR,ERR,ERR,ERR,ERR,ERR,ERR,ERR,ERR,ERR,ERR,ERR,ERR,ERR,ERR,ERR,ERR,ERR,ERR,ERR,ERR,ERR,ERR,ERR,ERR,0.0,-0.0,2.7420187948523476e+23,0.0,-0.0,-0.0,0.0,2.209975509892418e+35,4300,0,8,17169,4300,0.0,41,0.0,0.0,0.0,0.0,2.7184166902131945e+23,0,0,0,0,0.0,0,0,0,0,0,0,0,0,0,0,0,0,0,0,0,0,0,0,0,0,0,0,0,0,0,0,0,0,0,0,0,0,0,10,35,35,45,65476,365,65476,1,0,4,21553,0.0,-0.0,0.0,0.0,0.0,0.0,0.0,0.0,0.0,0.0,0.0,0.0,0.0,0.0,0.0,0.0,0.0,0.0,0.0,0.0,0.0,2.004,2.004,-2.004,0.0,-3.697075742657269e+19,0.0,0.0,0.0,0.0,6612.0,-1.587938797847242e+29,0.0,-107615880.0,-0.0,-0.0,-0.0,0.0,0.0,2.004,2.004,229,-0.0,4.0668763253736716e+29,0.0,0.0,0.0,0.0,0.0,0.0,0.0,0,0,0,-0.016,1.0826372479581924e+24,8.3670386551236e+33,2592894.0,-0.0,-0.0,13625262604288.0,-1.0171505167452929e+26,-14044168192.0,-3.6969568986409954e+33,-3789194.25,1.3206288037287297e+19,0.0,0.006,0.0,103489904574464.0,0,1.3516416376850534e+27,229,0.0,458,0.0,0.0,2114,52429,17109,52429,17111,52429,17095,0,0,0,101,100,100,0.0,66.0,0.0,66.8,-0.0,66.0,1,49,50,180,52429,52429,0,0,0.0,0.0,0.0,60.0,0.0,71.0,0.0,1.166,0.0,1069,0,1069,0,0,0,1069,0,1079,0,999,0,663,0,665,0,660,0,679,0.032,1.4536034330083127e+22,-0.0,-0.0,37008,16813,0.0,1.166,-0.0,6.101069333948006e+16,-6.576493382908498e+21,6.414868164353348e+25,50.0,60.0,35,0.0,0.0,10.0,2.0,0.0,0.0,0.0,0.0,0.0,0.0,0.0,0.0,0.0,0.0,0.0,0.0,58.8,47,16,65516,27,65476,0,300,0,0,8,20529,65476,0,0,30147,60.0,0.0,10.0,10.0,2.0,0.0
2026-02-16T12:46:41,ERR,ERR,ERR,ERR,ERR,ERR,ERR,ERR,ERR,ERR,ERR,ERR,ERR,ERR,ERR,ERR,ERR,ERR,ERR,ERR,ERR,ERR,ERR,ERR,ERR,ERR,ERR,ERR,ERR,ERR,ERR,ERR,ERR,ERR,ERR,ERR,ERR,ERR,ERR,ERR,ERR,ERR,ERR,ERR,ERR,ERR,ERR,ERR,ERR,ERR,ERR,ERR,ERR,ERR,ERR,ERR,ERR,ERR,ERR,ERR,ERR,ERR,ERR,ERR,ERR,ERR,ERR,ERR,ERR,ERR,ERR,ERR,ERR,ERR,ERR,ERR,ERR,ERR,ERR,ERR,ERR,ERR,ERR,ERR,ERR,ERR,ERR,ERR,ERR,ERR,ERR,ERR,ERR,ERR,ERR,ERR,ERR,ERR,ERR,ERR,ERR,ERR,ERR,ERR,ERR,ERR,ERR,ERR,ERR,ERR,ERR,ERR,ERR,ERR,ERR,ERR,ERR,ERR,ERR,ERR,ERR,ERR,ERR,ERR,ERR,0.0,-0.0,2.7420187948523476e+23,0.0,-0.0,-0.0,0.0,2.209975509892418e+35,4300,0,8,17169,4300,0.0,41,0.0,0.0,0.0,0.0,2.7184166902131945e+23,0,0,0,0,0.0,0,0,0,0,0,0,0,0,0,0,0,0,0,0,0,0,0,0,0,0,0,0,0,0,0,0,0,0,0,0,0,0,0,10,35,35,45,65476,365,65476,1,0,4,21553,0.0,-0.0,0.0,0.0,0.0,0.0,0.0,0.0,0.0,0.0,0.0,0.0,0.0,0.0,0.0,0.0,0.0,0.0,0.0,0.0,0.0,2.004,2.004,-2.004,0.0,-3.697075742657269e+19,0.0,0.0,0.0,0.0,6612.0,-1.587938797847242e+29,0.0,-107615880.0,-0.0,-0.0,-0.0,0.0,0.0,2.004,2.004,229,-0.0,4.0668763253736716e+29,0.0,0.0,0.0,0.0,0.0,0.0,0.0,0,0,0,-0.016,1.0826372479581924e+24,8.3670386551236e+33,2592894.0,-0.0,-0.0,13625262604288.0,-1.0171505167452929e+26,-14044168192.0,-3.6969568986409954e+33,-3789194.25,1.3206288037287297e+19,0.0,0.006,0.0,103489904574464.0,0,1.3516416376850534e+27,229,0.0,458,0.0,0.0,2114,52429,17109,52429,17111,52429,17095,0,0,0,101,100,100,0.0,66.0,0.0,66.8,-0.0,66.0,1,49,50,180,52429,52429,0,0,0.0,0.0,0.0,60.0,0.0,71.0,0.0,1.4138006933887936e+20,0.0,1068,0,1069,0,0,0,1069,0,1079,0,999,0,663,0,665,0,660,0,679,0.032,1.4683608282672803e+22,-0.0,-0.0,29456,16813,0.0,-0.0,-0.0,1.8396427760841022e+34,0.0,9.341442908285548e+22,50.0,60.0,35,0.0,0.0,10.0,2.0,0.0,0.0,0.0,0.0,0.0,0.0,0.0,0.0,0.0,0.0,0.0,0.0,58.8,47,16,65516,27,65476,0,300,0,0,8,20529,65476,0,0,30147,60.0,0.0,10.0,10.0,2.0,0.0
2026-02-16T12:46:42,ERR,ERR,ERR,ERR,ERR,ERR,ERR,ERR,ERR,ERR,ERR,ERR,ERR,ERR,ERR,ERR,ERR,ERR,ERR,ERR,ERR,ERR,ERR,ERR,ERR,ERR,ERR,ERR,ERR,ERR,ERR,ERR,ERR,ERR,ERR,ERR,ERR,ERR,ERR,ERR,ERR,ERR,ERR,ERR,ERR,ERR,ERR,ERR,ERR,ERR,ERR,ERR,ERR,ERR,ERR,ERR,ERR,ERR,ERR,ERR,ERR,ERR,ERR,ERR,ERR,ERR,ERR,ERR,ERR,ERR,ERR,ERR,ERR,ERR,ERR,ERR,ERR,ERR,ERR,ERR,ERR,ERR,ERR,ERR,ERR,ERR,ERR,ERR,ERR,ERR,ERR,ERR,ERR,ERR,ERR,ERR,ERR,ERR,ERR,ERR,ERR,ERR,ERR,ERR,ERR,ERR,ERR,ERR,ERR,ERR,ERR,ERR,ERR,ERR,ERR,ERR,ERR,ERR,ERR,ERR,ERR,ERR,ERR,ERR,ERR,0.0,-0.0,2.7420187948523476e+23,0.0,-0.0,-0.0,0.0,2.209975509892418e+35,4300,0,8,17169,4300,0.0,41,0.0,0.0,0.0,0.0,2.7184166902131945e+23,0,0,0,0,0.0,0,0,0,0,0,0,0,0,0,0,0,0,0,0,0,0,0,0,0,0,0,0,0,0,0,0,0,0,0,0,0,0,0,10,35,35,45,65476,365,65476,1,0,4,21553,0.0,-0.0,0.0,0.0,0.0,0.0,0.0,0.0,0.0,0.0,0.0,0.0,0.0,0.0,0.0,0.0,0.0,0.0,0.0,0.0,0.0,2.004,2.004,-2.004,0.0,-3.697075742657269e+19,0.0,0.0,0.0,0.0,6612.0,-1.587938797847242e+29,0.0,-107615880.0,-0.0,-0.0,-0.0,0.0,0.0,2.004,2.004,229,-0.0,4.0668763253736716e+29,0.0,0.0,0.0,0.0,0.0,0.0,0.0,0,0,0,-0.016,1.0826372479581924e+24,8.3670386551236e+33,2592894.0,-0.0,-0.0,13625262604288.0,-1.0171505167452929e+26,-14044168192.0,-3.6969568986409954e+33,-3789194.25,1.3206288037287297e+19,0.0,0.006,0.0,103489904574464.0,0,1.3516416376850534e+27,229,0.0,458,0.0,0.0,2114,52429,17109,52429,17111,52429,17095,0,0,0,101,100,100,0.0,66.0,0.0,66.8,-0.0,66.0,1,49,50,180,52429,52429,0,0,0.0,0.0,0.0,60.0,0.0,71.0,0.0,1.4138006933887936e+20,0.0,1068,0,1069,0,0,0,1069,0,1079,0,999,0,663,0,665,0,660,0,679,0.032,1.4683608282672803e+22,-0.0,-0.0,29456,16813,0.0,-0.0,-0.0,1.8396427760841022e+34,0.0,9.341442908285548e+22,50.0,60.0,35,0.0,0.0,10.0,2.0,0.0,0.0,0.0,0.0,0.0,0.0,0.0,0.0,0.0,0.0,0.0,0.0,58.8,47,16,65516,27,65476,0,300,0,0,8,20529,65476,0,0,30147,60.0,0.0,10.0,10.0,2.0,0.0
2026-02-16T12:46:43,ERR,ERR,ERR,ERR,ERR,ERR,ERR,ERR,ERR,ERR,ERR,ERR,ERR,ERR,ERR,ERR,ERR,ERR,ERR,ERR,ERR,ERR,ERR,ERR,ERR,ERR,ERR,ERR,ERR,ERR,ERR,ERR,ERR,ERR,ERR,ERR,ERR,ERR,ERR,ERR,ERR,ERR,ERR,ERR,ERR,ERR,ERR,ERR,ERR,ERR,ERR,ERR,ERR,ERR,ERR,ERR,ERR,ERR,ERR,ERR,ERR,ERR,ERR,ERR,ERR,ERR,ERR,ERR,ERR,ERR,ERR,ERR,ERR,ERR,ERR,ERR,ERR,ERR,ERR,ERR,ERR,ERR,ERR,ERR,ERR,ERR,ERR,ERR,ERR,ERR,ERR,ERR,ERR,ERR,ERR,ERR,ERR,ERR,ERR,ERR,ERR,ERR,ERR,ERR,ERR,ERR,ERR,ERR,ERR,ERR,ERR,ERR,ERR,ERR,ERR,ERR,ERR,ERR,ERR,ERR,ERR,ERR,ERR,ERR,ERR,0.0,-0.0,2.7420187948523476e+23,0.0,-0.0,-0.0,0.0,2.209975509892418e+35,4300,0,8,17169,4300,0.0,41,0.0,0.0,0.0,0.0,2.7184166902131945e+23,0,0,0,0,0.0,0,0,0,0,0,0,0,0,0,0,0,0,0,0,0,0,0,0,0,0,0,0,0,0,0,0,0,0,0,0,0,0,0,10,35,35,45,65476,365,65476,1,0,4,21553,0.0,-0.0,0.0,0.0,0.0,0.0,0.0,0.0,0.0,0.0,0.0,0.0,0.0,0.0,0.0,0.0,0.0,0.0,0.0,0.0,0.0,2.004,2.004,-2.004,0.0,-3.697075742657269e+19,0.0,0.0,0.0,0.0,6612.0,-1.587938797847242e+29,0.0,-107615880.0,-0.0,-0.0,-0.0,0.0,0.0,2.004,2.004,229,-0.0,4.0668763253736716e+29,0.0,0.0,0.0,0.0,0.0,0.0,0.0,0,0,0,-0.016,1.0826372479581924e+24,8.3670386551236e+33,2592894.0,-0.0,-0.0,13625262604288.0,-1.0171505167452929e+26,-14044168192.0,-3.6969568986409954e+33,-3789194.25,1.3206288037287297e+19,0.0,0.006,0.0,103489904574464.0,0,1.3516416376850534e+27,229,0.0,458,0.0,0.0,2114,52429,17109,52429,17111,52429,17095,0,0,0,101,100,100,0.0,66.0,0.0,66.8,-0.0,66.0,1,49,50,180,52429,52429,0,0,0.0,0.0,0.0,60.0,0.0,71.0,0.0,1.4138006933887936e+20,0.0,1068,0,1069,0,0,0,1069,0,1079,0,999,0,663,0,665,0,660,0,679,0.032,1.4683608282672803e+22,-0.0,-0.0,29456,16813,0.0,-0.0,-0.0,1.8396427760841022e+34,0.0,9.341442908285548e+22,50.0,60.0,35,0.0,0.0,10.0,2.0,0.0,0.0,0.0,0.0,0.0,0.0,0.0,0.0,0.0,0.0,0.0,0.0,58.8,47,16,65516,27,65476,0,300,0,0,8,20529,65476,0,0,30147,60.0,0.0,10.0,10.0,2.0,0.0
2026-02-16T12:46:44,ERR,ERR,ERR,ERR,ERR,ERR,ERR,ERR,ERR,ERR,ERR,ERR,ERR,ERR,ERR,ERR,ERR,ERR,ERR,ERR,ERR,ERR,ERR,ERR,ERR,ERR,ERR,ERR,ERR,ERR,ERR,ERR,ERR,ERR,ERR,ERR,ERR,ERR,ERR,ERR,ERR,ERR,ERR,ERR,ERR,ERR,ERR,ERR,ERR,ERR,ERR,ERR,ERR,ERR,ERR,ERR,ERR,ERR,ERR,ERR,ERR,ERR,ERR,ERR,ERR,ERR,ERR,ERR,ERR,ERR,ERR,ERR,ERR,ERR,ERR,ERR,ERR,ERR,ERR,ERR,ERR,ERR,ERR,ERR,ERR,ERR,ERR,ERR,ERR,ERR,ERR,ERR,ERR,ERR,ERR,ERR,ERR,ERR,ERR,ERR,ERR,ERR,ERR,ERR,ERR,ERR,ERR,ERR,ERR,ERR,ERR,ERR,ERR,ERR,ERR,ERR,ERR,ERR,ERR,ERR,ERR,ERR,ERR,ERR,ERR,0.0,-0.0,2.7420187948523476e+23,0.0,-0.0,-0.0,0.0,2.209975509892418e+35,4300,0,8,17169,4300,0.0,41,0.0,0.0,0.0,0.0,2.7184166902131945e+23,0,0,0,0,0.0,0,0,0,0,0,0,0,0,0,0,0,0,0,0,0,0,0,0,0,0,0,0,0,0,0,0,0,0,0,0,0,0,0,10,35,35,45,65476,365,65476,1,0,4,21553,0.0,-0.0,0.0,0.0,0.0,0.0,0.0,0.0,0.0,0.0,0.0,0.0,0.0,0.0,0.0,0.0,0.0,0.0,0.0,0.0,0.0,2.004,2.004,-2.004,0.0,-3.697075742657269e+19,0.0,0.0,0.0,0.0,6612.0,-1.587938797847242e+29,0.0,-107615880.0,-0.0,-0.0,-0.0,0.0,0.0,2.004,2.004,229,-0.0,4.0668763253736716e+29,0.0,0.0,0.0,0.0,0.0,0.0,0.0,0,0,0,-0.016,1.0826372479581924e+24,8.3670386551236e+33,2592894.0,-0.0,-0.0,13625262604288.0,-1.0171505167452929e+26,-14044168192.0,-3.6969568986409954e+33,-3789194.25,1.3206288037287297e+19,0.0,0.006,0.0,103489904574464.0,0,1.3516416376850534e+27,229,0.0,458,0.0,0.0,2114,52429,17109,52429,17111,52429,17095,0,0,0,101,100,100,0.0,66.0,0.0,66.8,-0.0,66.0,1,49,50,180,39322,52429,0,0,0.0,0.0,0.0,60.0,-1.2777866330156063e+38,71.0,0.0,0.0,0.0,1068,0,1069,0,0,0,1069,0,1079,0,999,0,663,0,665,0,660,0,679,0.032,1.4609821306377965e+22,-2.004,-107615288.0,30352,16813,0.0,0.0,0.0,-0.094,-0.0,-2.0307781184756824e+33,50.0,60.0,35,0.0,0.0,10.0,2.0,0.0,0.0,0.0,0.0,0.0,0.0,0.0,0.0,0.0,0.0,0.0,0.0,58.8,46,16,65516,27,65476,0,300,0,0,8,20529,65476,0,0,30147,60.0,0.0,10.0,10.0,2.0,0.0
2026-02-16T12:46:45,ERR,ERR,ERR,ERR,ERR,ERR,ERR,ERR,ERR,ERR,ERR,ERR,ERR,ERR,ERR,ERR,ERR,ERR,ERR,ERR,ERR,ERR,ERR,ERR,ERR,ERR,ERR,ERR,ERR,ERR,ERR,ERR,ERR,ERR,ERR,ERR,ERR,ERR,ERR,ERR,ERR,ERR,ERR,ERR,ERR,ERR,ERR,ERR,ERR,ERR,ERR,ERR,ERR,ERR,ERR,ERR,ERR,ERR,ERR,ERR,ERR,ERR,ERR,ERR,ERR,ERR,ERR,ERR,ERR,ERR,ERR,ERR,ERR,ERR,ERR,ERR,ERR,ERR,ERR,ERR,ERR,ERR,ERR,ERR,ERR,ERR,ERR,ERR,ERR,ERR,ERR,ERR,ERR,ERR,ERR,ERR,ERR,ERR,ERR,ERR,ERR,ERR,ERR,ERR,ERR,ERR,ERR,ERR,ERR,ERR,ERR,ERR,ERR,ERR,ERR,ERR,ERR,ERR,ERR,ERR,ERR,ERR,ERR,ERR,ERR,0.0,-0.0,2.7420187948523476e+23,0.0,-0.0,-0.0,21795.477,2.4586088029331705e+20,4300,0,8,17169,4300,0.0,41,0.0,0.0,0.0,0.0,2.7184166902131945e+23,0,0,0,0,0.0,0,0,0,0,0,0,0,0,0,0,0,0,0,0,0,0,0,0,0,0,0,0,0,0,0,0,0,0,0,0,0,0,0,10,35,35,45,65476,365,65476,1,0,4,21553,0.0,2.718324816780796e+23,0.0,0.0,0.0,0.0,0.0,0.0,0.0,0.0,0.0,0.0,0.0,0.0,0.0,0.0,0.0,0.0,0.0,0.0,0.0,2.004,2.004,-2.004,0.0,0.0,0.0,0.0,0.0,0.0,6613.0,-2.004,0.0,0.0,-0.0,-0.0,-0.0,0.0,0.0,2.004,2.004,228,5.848055683159391e+35,107615264.0,0.0,0.0,0.0,0.0,0.0,0.0,0.0,0,0,0,-0.0,0.0,4.700626706748402e+22,3.518308297847466e+24,1.0142076311613492e+35,0.0,306758112.0,-0.0,-0.0,-3.9403458138848154e+33,-3985802.25,1.4070979165742432e+19,0.0,0.007,0.0,2.1930055183488842e+33,0,1.3516416376850534e+27,228,0.0,456,-621855232.0,0.0,2114,52429,17109,52429,17111,52429,17095,0,0,0,101,100,100,0.0,66.0,0.0,66.8,-0.0,66.0,1,49,50,180,39322,52429,0,0,0.0,0.0,0.0,60.0,-1.2777866330156063e+38,71.0,0.0,0.0,0.0,1068,0,1069,0,0,0,1069,0,1079,0,999,0,663,0,665,0,660,0,679,0.032,1.4609821306377965e+22,-2.004,-107615288.0,30352,16813,0.0,0.0,0.0,-0.094,-0.0,-2.0307781184756824e+33,50.0,60.0,35,0.0,0.0,10.0,2.0,0.0,0.0,0.0,0.0,0.0,0.0,0.0,0.0,0.0,0.0,0.0,0.0,59.2,46,16,65516,27,65476,0,300,0,0,8,20529,65476,0,0,30147,60.0,0.0,10.0,10.0,2.0,0.0
2026-02-16T12:46:46,ERR,ERR,ERR,ERR,ERR,ERR,ERR,ERR,ERR,ERR,ERR,ERR,ERR,ERR,ERR,ERR,ERR,ERR,ERR,ERR,ERR,ERR,ERR,ERR,ERR,ERR,ERR,ERR,ERR,ERR,ERR,ERR,ERR,ERR,ERR,ERR,ERR,ERR,ERR,ERR,ERR,ERR,ERR,ERR,ERR,ERR,ERR,ERR,ERR,ERR,ERR,ERR,ERR,ERR,ERR,ERR,ERR,ERR,ERR,ERR,ERR,ERR,ERR,ERR,ERR,ERR,ERR,ERR,ERR,ERR,ERR,ERR,ERR,ERR,ERR,ERR,ERR,ERR,ERR,ERR,ERR,ERR,ERR,ERR,ERR,ERR,ERR,ERR,ERR,ERR,ERR,ERR,ERR,ERR,ERR,ERR,ERR,ERR,ERR,ERR,ERR,ERR,ERR,ERR,ERR,ERR,ERR,ERR,ERR,ERR,ERR,ERR,ERR,ERR,ERR,ERR,ERR,ERR,ERR,ERR,ERR,ERR,ERR,ERR,ERR,0.0,-0.0,2.7420187948523476e+23,0.0,-0.0,-0.0,21795.477,2.4586088029331705e+20,4300,0,8,17169,4300,0.0,41,0.0,0.0,0.0,0.0,2.7184166902131945e+23,0,0,0,0,0.0,0,0,0,0,0,0,0,0,0,0,0,0,0,0,0,0,0,0,0,0,0,0,0,0,0,0,0,0,0,0,0,0,0,10,35,35,45,65476,365,65476,1,0,4,21553,0.0,2.718324816780796e+23,0.0,0.0,0.0,0.0,0.0,0.0,0.0,0.0,0.0,0.0,0.0,0.0,0.0,0.0,0.0,0.0,0.0,0.0,0.0,2.004,2.004,-2.004,0.0,0.0,0.0,0.0,0.0,0.0,6613.0,-2.004,0.0,0.0,-0.0,-0.0,-0.0,0.0,0.0,2.004,2.004,228,5.848055683159391e+35,107615264.0,0.0,0.0,0.0,0.0,0.0,0.0,0.0,0,0,0,-0.0,0.0,4.700626706748402e+22,3.518308297847466e+24,1.0142076311613492e+35,0.0,306758112.0,-0.0,-0.0,-3.9403458138848154e+33,-3985802.25,1.4070979165742432e+19,0.0,0.007,0.0,2.1930055183488842e+33,0,1.3516416376850534e+27,228,0.0,456,-621855232.0,0.0,2114,52429,17109,52429,17111,52429,17095,0,0,0,101,100,100,0.0,66.0,0.0,66.8,-0.0,66.0,1,49,50,180,39322,52429,0,0,0.0,0.0,0.0,60.0,-1.2777866330156063e+38,71.0,0.0,0.0,0.0,1068,0,1069,0,0,0,1069,0,1079,0,999,0,663,0,665,0,660,0,679,0.032,1.4609821306377965e+22,-2.004,-107615288.0,30352,16813,0.0,0.0,0.0,-0.094,-0.0,-2.0307781184756824e+33,50.0,60.0,35,0.0,0.0,10.0,2.0,0.0,0.0,0.0,0.0,0.0,0.0,0.0,0.0,0.0,0.0,0.0,0.0,59.2,46,16,65516,27,65476,0,300,0,0,8,20529,65476,0,0,30147,60.0,0.0,10.0,10.0,2.0,0.0
2026-02-16T12:46:47,ERR,ERR,ERR,ERR,ERR,ERR,ERR,ERR,ERR,ERR,ERR,ERR,ERR,ERR,ERR,ERR,ERR,ERR,ERR,ERR,ERR,ERR,ERR,ERR,ERR,ERR,ERR,ERR,ERR,ERR,ERR,ERR,ERR,ERR,ERR,ERR,ERR,ERR,ERR,ERR,ERR,ERR,ERR,ERR,ERR,ERR,ERR,ERR,ERR,ERR,ERR,ERR,ERR,ERR,ERR,ERR,ERR,ERR,ERR,ERR,ERR,ERR,ERR,ERR,ERR,ERR,ERR,ERR,ERR,ERR,ERR,ERR,ERR,ERR,ERR,ERR,ERR,ERR,ERR,ERR,ERR,ERR,ERR,ERR,ERR,ERR,ERR,ERR,ERR,ERR,ERR,ERR,ERR,ERR,ERR,ERR,ERR,ERR,ERR,ERR,ERR,ERR,ERR,ERR,ERR,ERR,ERR,ERR,ERR,ERR,ERR,ERR,ERR,ERR,ERR,ERR,ERR,ERR,ERR,ERR,ERR,ERR,ERR,ERR,ERR,0.0,-0.0,2.7420187948523476e+23,0.0,-0.0,-0.0,21795.477,2.4586088029331705e+20,4300,0,8,17169,4300,0.0,41,0.0,0.0,0.0,0.0,2.7184166902131945e+23,0,0,0,0,0.0,0,0,0,0,0,0,0,0,0,0,0,0,0,0,0,0,0,0,0,0,0,0,0,0,0,0,0,0,0,0,0,0,0,10,35,35,45,65476,365,65476,1,0,4,21553,0.0,2.718324816780796e+23,0.0,0.0,0.0,0.0,0.0,0.0,0.0,0.0,0.0,0.0,0.0,0.0,0.0,0.0,0.0,0.0,0.0,0.0,0.0,2.004,2.004,-2.004,0.0,0.0,0.0,0.0,0.0,0.0,6613.0,-2.004,0.0,0.0,-0.0,-0.0,-0.0,0.0,0.0,2.004,2.004,228,5.848055683159391e+35,107615264.0,0.0,0.0,0.0,0.0,0.0,0.0,0.0,0,0,0,-0.0,0.0,4.700626706748402e+22,3.518308297847466e+24,1.0142076311613492e+35,0.0,306758112.0,-0.0,-0.0,-3.9403458138848154e+33,-3985802.25,1.4070979165742432e+19,0.0,0.007,0.0,2.1930055183488842e+33,0,1.3516416376850534e+27,228,0.0,456,-621855232.0,0.0,2114,52429,17109,52429,17111,52429,17095,0,0,0,101,100,100,0.0,66.0,0.0,66.8,-0.0,66.0,1,49,50,180,39322,52429,0,0,0.0,0.0,0.0,60.0,0.0,71.0,0.0,-4.382098094943109e+18,0.0,1068,0,1069,0,0,0,1069,0,1079,0,999,0,663,0,665,0,660,0,680,0.032,1.4609821306377965e+22,-2.004,-107615288.0,30864,16813,0.0,-4.382098094943109e+18,-10821344256.0,-0.0,0.0,-0.0,50.0,60.0,35,0.0,0.0,10.0,2.0,0.0,0.0,0.0,0.0,0.0,0.0,0.0,0.0,0.0,0.0,0.0,0.0,58.8,46,16,65516,27,65476,0,300,0,0,8,20529,65476,0,0,30147,60.0,0.0,10.0,10.0,2.0,0.0
2026-02-16T12:46:48,ERR,ERR,ERR,ERR,ERR,ERR,ERR,ERR,ERR,ERR,ERR,ERR,ERR,ERR,ERR,ERR,ERR,ERR,ERR,ERR,ERR,ERR,ERR,ERR,ERR,ERR,ERR,ERR,ERR,ERR,ERR,ERR,ERR,ERR,ERR,ERR,ERR,ERR,ERR,ERR,ERR,ERR,ERR,ERR,ERR,ERR,ERR,ERR,ERR,ERR,ERR,ERR,ERR,ERR,ERR,ERR,ERR,ERR,ERR,ERR,ERR,ERR,ERR,ERR,ERR,ERR,ERR,ERR,ERR,ERR,ERR,ERR,ERR,ERR,ERR,ERR,ERR,ERR,ERR,ERR,ERR,ERR,ERR,ERR,ERR,ERR,ERR,ERR,ERR,ERR,ERR,ERR,ERR,ERR,ERR,ERR,ERR,ERR,ERR,ERR,ERR,ERR,ERR,ERR,ERR,ERR,ERR,ERR,ERR,ERR,ERR,ERR,ERR,ERR,ERR,ERR,ERR,ERR,ERR,ERR,ERR,ERR,ERR,ERR,ERR,0.0,-0.0,2.7420187948523476e+23,0.0,-0.0,-0.0,21795.477,2.4586088029331705e+20,4300,0,8,17169,4300,0.0,41,0.0,0.0,0.0,0.0,2.7184166902131945e+23,0,0,0,0,0.0,0,0,0,0,0,0,0,0,0,0,0,0,0,0,0,0,0,0,0,0,0,0,0,0,0,0,0,0,0,0,0,0,0,10,35,35,45,65476,365,65476,1,0,4,21553,0.0,2.718324816780796e+23,0.0,0.0,0.0,0.0,0.0,0.0,0.0,0.0,0.0,0.0,0.0,0.0,0.0,0.0,0.0,0.0,0.0,0.0,0.0,2.004,2.004,-2.004,0.0,0.0,0.0,0.0,0.0,0.0,6613.0,-2.004,0.0,0.0,-0.0,-0.0,-0.0,0.0,0.0,2.004,2.004,228,5.848055683159391e+35,107615264.0,0.0,0.0,0.0,0.0,0.0,0.0,0.0,0,0,0,-0.0,0.0,4.700626706748402e+22,3.518308297847466e+24,1.0142076311613492e+35,0.0,306758112.0,-0.0,-0.0,-3.9403458138848154e+33,-3985802.25,1.4070979165742432e+19,0.0,0.007,0.0,2.1930055183488842e+33,0,1.3516416376850534e+27,228,0.0,456,-621855232.0,0.0,2114,52429,17109,52429,17111,52429,17095,0,0,0,101,100,100,0.0,66.0,0.0,66.8,-0.0,66.0,1,49,50,180,39322,52429,0,0,0.0,0.0,0.0,60.0,0.0,71.0,0.0,-4.382098094943109e+18,0.0,1068,0,1069,0,0,0,1069,0,1079,0,999,0,663,0,665,0,660,0,680,0.032,1.4609821306377965e+22,-2.004,-107615288.0,30864,16813,0.0,-4.382098094943109e+18,-10821344256.0,-0.0,0.0,-0.0,50.0,60.0,35,0.0,0.0,10.0,2.0,0.0,0.0,0.0,0.0,0.0,0.0,0.0,0.0,0.0,0.0,0.0,0.0,58.8,46,16,65516,27,65476,0,300,0,0,8,20529,65476,0,0,30147,60.0,0.0,10.0,10.0,2.0,0.0
2026-02-16T12:46:49,ERR,ERR,ERR,ERR,ERR,ERR,ERR,ERR,ERR,ERR,ERR,ERR,ERR,ERR,ERR,ERR,ERR,ERR,ERR,ERR,ERR,ERR,ERR,ERR,ERR,ERR,ERR,ERR,ERR,ERR,ERR,ERR,ERR,ERR,ERR,ERR,ERR,ERR,ERR,ERR,ERR,ERR,ERR,ERR,ERR,ERR,ERR,ERR,ERR,ERR,ERR,ERR,ERR,ERR,ERR,ERR,ERR,ERR,ERR,ERR,ERR,ERR,ERR,ERR,ERR,ERR,ERR,ERR,ERR,ERR,ERR,ERR,ERR,ERR,ERR,ERR,ERR,ERR,ERR,ERR,ERR,ERR,ERR,ERR,ERR,ERR,ERR,ERR,ERR,ERR,ERR,ERR,ERR,ERR,ERR,ERR,ERR,ERR,ERR,ERR,ERR,ERR,ERR,ERR,ERR,ERR,ERR,ERR,ERR,ERR,ERR,ERR,ERR,ERR,ERR,ERR,ERR,ERR,ERR,ERR,ERR,ERR,ERR,ERR,ERR,-107615880.0,-0.0,-108138608.0,0.0,-3.2008056460949376e+29,9.855153105631334e+36,0.0,-1.7981118738498605e+29,4300,0,8,17169,4300,0.0,41,0.0,0.0,0.0,0.0,2.7184166902131945e+23,0,0,0,0,0.0,0,0,0,0,0,0,0,0,0,0,0,0,0,0,0,0,0,0,0,0,0,0,0,0,0,0,0,0,0,0,0,0,0,10,35,35,45,65476,365,65476,1,0,4,21553,0.0,-0.0,0.0,0.0,0.0,0.0,0.0,0.0,0.0,0.0,0.0,0.0,0.0,0.0,0.0,0.0,0.0,0.0,0.0,0.0,0.0,2.004,2.004,-2.004,0.0,0.0,0.0,0.0,0.0,0.0,6611.0,-0.0,0.0,0.0,-0.0,-0.0,-0.0,0.0,0.0,2.004,2.004,228,4.066853658014554e+29,0.0,0.0,0.0,0.0,0.0,0.0,0.0,0.0,0,0,0,-0.0,-5.916140016551068e+19,2.7903096852054016e+16,63.314,6.7076324619680016e+22,0.0,0.0,-1070694400.0,-0.0,-4.204017138732287e+33,-4203284.5,1.4935670294197567e+19,0.0,0.007,0.0,6535.905,0,1.3516416376850534e+27,228,0.0,454,-621855232.0,0.0,2114,52429,17109,52429,17111,52429,17095,0,0,0,101,100,100,0.0,66.0,0.0,66.8,-0.0,66.0,1,49,50,180,39322,52429,0,0,0.0,0.0,0.0,60.0,0.0,71.0,0.0,-4.382098094943109e+18,0.0,1068,0,1069,0,0,0,1069,0,1079,0,999,0,663,0,665,0,660,0,680,0.032,1.4609821306377965e+22,-2.004,-107615288.0,30864,16813,0.0,-4.382098094943109e+18,-10821344256.0,-0.0,0.0,-0.0,50.0,60.0,35,0.0,0.0,10.0,2.0,0.0,0.0,0.0,0.0,0.0,0.0,0.0,0.0,0.0,0.0,0.0,0.0,58.8,46,16,65516,27,65476,0,300,0,0,8,20529,65476,0,0,30147,60.0,0.0,10.0,10.0,2.0,0.0
2026-02-16T12:46:50,ERR,ERR,ERR,ERR,ERR,ERR,ERR,ERR,ERR,ERR,ERR,ERR,ERR,ERR,ERR,ERR,ERR,ERR,ERR,ERR,ERR,ERR,ERR,ERR,ERR,ERR,ERR,ERR,ERR,ERR,ERR,ERR,ERR,ERR,ERR,ERR,ERR,ERR,ERR,ERR,ERR,ERR,ERR,ERR,ERR,ERR,ERR,ERR,ERR,ERR,ERR,ERR,ERR,ERR,ERR,ERR,ERR,ERR,ERR,ERR,ERR,ERR,ERR,ERR,ERR,ERR,ERR,ERR,ERR,ERR,ERR,ERR,ERR,ERR,ERR,ERR,ERR,ERR,ERR,ERR,ERR,ERR,ERR,ERR,ERR,ERR,ERR,ERR,ERR,ERR,ERR,ERR,ERR,ERR,ERR,ERR,ERR,ERR,ERR,ERR,ERR,ERR,ERR,ERR,ERR,ERR,ERR,ERR,ERR,ERR,ERR,ERR,ERR,ERR,ERR,ERR,ERR,ERR,ERR,ERR,ERR,ERR,ERR,ERR,ERR,-107615880.0,-0.0,-108138608.0,0.0,-3.2008056460949376e+29,9.855153105631334e+36,0.0,-1.7981118738498605e+29,4300,0,8,17169,4300,0.0,41,0.0,0.0,0.0,0.0,2.7184166902131945e+23,0,0,0,0,0.0,0,0,0,0,0,0,0,0,0,0,0,0,0,0,0,0,0,0,0,0,0,0,0,0,0,0,0,0,0,0,0,0,0,10,35,35,45,65476,365,65476,1,0,4,21553,0.0,-0.0,0.0,0.0,0.0,0.0,0.0,0.0,0.0,0.0,0.0,0.0,0.0,0.0,0.0,0.0,0.0,0.0,0.0,0.0,0.0,2.004,2.004,-2.004,0.0,0.0,0.0,0.0,0.0,0.0,6611.0,-0.0,0.0,0.0,-0.0,-0.0,-0.0,0.0,0.0,2.004,2.004,228,4.066853658014554e+29,0.0,0.0,0.0,0.0,0.0,0.0,0.0,0.0,0,0,0,-0.0,-5.916140016551068e+19,2.7903096852054016e+16,63.314,6.7076324619680016e+22,0.0,0.0,-1070694400.0,-0.0,-4.204017138732287e+33,-4203284.5,1.4935670294197567e+19,0.0,0.007,0.0,6535.905,0,1.3516416376850534e+27,228,0.0,454,-621855232.0,0.0,2114,52429,17109,52429,17111,52429,17095,0,0,0,101,100,100,0.0,66.0,0.0,66.8,-0.0,66.0,1,49,50,180,39322,52429,0,0,0.0,0.0,0.0,60.0,0.0,71.0,0.0,-4.382098094943109e+18,0.0,1068,0,1069,0,0,0,1069,0,1079,0,999,0,663,0,665,0,660,0,680,0.032,1.4609821306377965e+22,-2.004,-107615288.0,30864,16813,0.0,-4.382098094943109e+18,-10821344256.0,-0.0,0.0,-0.0,50.0,60.0,35,0.0,0.0,10.0,2.0,0.0,0.0,0.0,0.0,0.0,0.0,0.0,0.0,0.0,0.0,0.0,0.0,58.8,46,16,65516,27,65476,0,300,0,0,8,20529,65476,0,0,30147,60.0,0.0,10.0,10.0,2.0,0.0
2026-02-16T12:46:51,ERR,ERR,ERR,ERR,ERR,ERR,ERR,ERR,ERR,ERR,ERR,ERR,ERR,ERR,ERR,ERR,ERR,ERR,ERR,ERR,ERR,ERR,ERR,ERR,ERR,ERR,ERR,ERR,ERR,ERR,ERR,ERR,ERR,ERR,ERR,ERR,ERR,ERR,ERR,ERR,ERR,ERR,ERR,ERR,ERR,ERR,ERR,ERR,ERR,ERR,ERR,ERR,ERR,ERR,ERR,ERR,ERR,ERR,ERR,ERR,ERR,ERR,ERR,ERR,ERR,ERR,ERR,ERR,ERR,ERR,ERR,ERR,ERR,ERR,ERR,ERR,ERR,ERR,ERR,ERR,ERR,ERR,ERR,ERR,ERR,ERR,ERR,ERR,ERR,ERR,ERR,ERR,ERR,ERR,ERR,ERR,ERR,ERR,ERR,ERR,ERR,ERR,ERR,ERR,ERR,ERR,ERR,ERR,ERR,ERR,ERR,ERR,ERR,ERR,ERR,ERR,ERR,ERR,ERR,ERR,ERR,ERR,ERR,ERR,ERR,-107615880.0,-0.0,-108138608.0,0.0,-3.2008056460949376e+29,9.855153105631334e+36,0.0,-1.7981118738498605e+29,4300,0,8,17169,4300,0.0,41,0.0,0.0,0.0,0.0,2.7184166902131945e+23,0,0,0,0,0.0,0,0,0,0,0,0,0,0,0,0,0,0,0,0,0,0,0,0,0,0,0,0,0,0,0,0,0,0,0,0,0,0,0,10,35,35,45,65476,365,65476,1,0,4,21553,0.0,-0.0,0.0,0.0,0.0,0.0,0.0,0.0,0.0,0.0,0.0,0.0,0.0,0.0,0.0,0.0,0.0,0.0,0.0,0.0,0.0,2.004,2.004,-2.004,0.0,0.0,0.0,0.0,0.0,0.0,6611.0,-0.0,0.0,0.0,-0.0,-0.0,-0.0,0.0,0.0,2.004,2.004,228,4.066853658014554e+29,0.0,0.0,0.0,0.0,0.0,0.0,0.0,0.0,0,0,0,-0.0,-5.916140016551068e+19,2.7903096852054016e+16,63.314,6.7076324619680016e+22,0.0,0.0,-1070694400.0,-0.0,-4.204017138732287e+33,-4203284.5,1.4935670294197567e+19,0.0,0.007,0.0,6535.905,0,1.3516416376850534e+27,228,0.0,454,-621855232.0,0.0,2114,52429,17109,0,17112,52429,17095,0,0,0,101,100,100,0.0,66.0,0.0,66.8,-0.0,66.0,1,49,50,180,52429,52429,0,0,0.0,0.0,0.0,60.0,0.0,71.0,0.0,-0.0,0.0,1068,0,1069,0,0,0,1069,0,1080,0,999,0,663,0,666,0,660,0,680,0.032,1.4609821306377965e+22,0.0,0.0,22160,16813,0.0,-0.0,-126031847489536.0,-0.0,6.914,-0.0,50.0,60.0,35,0.0,0.0,10.0,2.0,0.0,0.0,0.0,0.0,0.0,0.0,0.0,0.0,0.0,0.0,0.0,0.0,58.8,46,16,65516,27,65476,0,300,0,0,8,20529,65476,0,0,30147,60.0,0.0,10.0,10.0,2.0,0.0
2026-02-16T12:46:52,ERR,ERR,ERR,ERR,ERR,ERR,ERR,ERR,ERR,ERR,ERR,ERR,ERR,ERR,ERR,ERR,ERR,ERR,ERR,ERR,ERR,ERR,ERR,ERR,ERR,ERR,ERR,ERR,ERR,ERR,ERR,ERR,ERR,ERR,ERR,ERR,ERR,ERR,ERR,ERR,ERR,ERR,ERR,ERR,ERR,ERR,ERR,ERR,ERR,ERR,ERR,ERR,ERR,ERR,ERR,ERR,ERR,ERR,ERR,ERR,ERR,ERR,ERR,ERR,ERR,ERR,ERR,ERR,ERR,ERR,ERR,ERR,ERR,ERR,ERR,ERR,ERR,ERR,ERR,ERR,ERR,ERR,ERR,ERR,ERR,ERR,ERR,ERR,ERR,ERR,ERR,ERR,ERR,ERR,ERR,ERR,ERR,ERR,ERR,ERR,ERR,ERR,ERR,ERR,ERR,ERR,ERR,ERR,ERR,ERR,ERR,ERR,ERR,ERR,ERR,ERR,ERR,ERR,ERR,ERR,ERR,ERR,ERR,ERR,ERR,-107615880.0,-0.0,-108138608.0,0.0,-3.2008056460949376e+29,9.855153105631334e+36,0.0,-1.7981118738498605e+29,4300,0,8,17169,4300,0.0,41,0.0,0.0,0.0,0.0,2.7184166902131945e+23,0,0,0,0,0.0,0,0,0,0,0,0,0,0,0,0,0,0,0,0,0,0,0,0,0,0,0,0,0,0,0,0,0,0,0,0,0,0,0,10,35,35,45,65476,365,65476,1,0,4,21553,0.0,-0.0,0.0,0.0,0.0,0.0,0.0,0.0,0.0,0.0,0.0,0.0,0.0,0.0,0.0,0.0,0.0,0.0,0.0,0.0,0.0,2.004,2.004,-2.004,0.0,0.0,0.0,0.0,0.0,0.0,6611.0,-0.0,0.0,0.0,-0.0,-0.0,-0.0,0.0,0.0,2.004,2.004,228,4.066853658014554e+29,0.0,0.0,0.0,0.0,0.0,0.0,0.0,0.0,0,0,0,-0.0,-5.916140016551068e+19,2.7903096852054016e+16,63.314,6.7076324619680016e+22,0.0,0.0,-1070694400.0,-0.0,-4.204017138732287e+33,-4203284.5,1.4935670294197567e+19,0.0,0.007,0.0,6535.905,0,1.3516416376850534e+27,228,0.0,454,-621855232.0,0.0,2114,52429,17109,0,17112,52429,17095,0,0,0,101,100,100,0.0,66.0,0.0,66.8,-0.0,66.0,1,49,50,180,52429,52429,0,0,0.0,0.0,0.0,60.0,0.0,71.0,0.0,-0.0,0.0,1068,0,1069,0,0,0,1069,0,1080,0,999,0,663,0,666,0,660,0,680,0.032,1.4609821306377965e+22,0.0,0.0,22160,16813,0.0,-0.0,-126031847489536.0,-0.0,6.914,-0.0,50.0,60.0,35,0.0,0.0,10.0,2.0,0.0,0.0,0.0,0.0,0.0,0.0,0.0,0.0,0.0,0.0,0.0,0.0,58.8,46,16,65516,27,65476,0,300,0,0,8,20529,65476,0,0,30147,60.0,0.0,10.0,10.0,2.0,0.0
2026-02-16T12:46:53,ERR,ERR,ERR,ERR,ERR,ERR,ERR,ERR,ERR,ERR,ERR,ERR,ERR,ERR,ERR,ERR,ERR,ERR,ERR,ERR,ERR,ERR,ERR,ERR,ERR,ERR,ERR,ERR,ERR,ERR,ERR,ERR,ERR,ERR,ERR,ERR,ERR,ERR,ERR,ERR,ERR,ERR,ERR,ERR,ERR,ERR,ERR,ERR,ERR,ERR,ERR,ERR,ERR,ERR,ERR,ERR,ERR,ERR,ERR,ERR,ERR,ERR,ERR,ERR,ERR,ERR,ERR,ERR,ERR,ERR,ERR,ERR,ERR,ERR,ERR,ERR,ERR,ERR,ERR,ERR,ERR,ERR,ERR,ERR,ERR,ERR,ERR,ERR,ERR,ERR,ERR,ERR,ERR,ERR,ERR,ERR,ERR,ERR,ERR,ERR,ERR,ERR,ERR,ERR,ERR,ERR,ERR,ERR,ERR,ERR,ERR,ERR,ERR,ERR,ERR,ERR,ERR,ERR,ERR,ERR,ERR,ERR,ERR,ERR,ERR,-107615880.0,-0.0,-108138608.0,0.0,-3.2008056460949376e+29,9.855153105631334e+36,0.0,-1.7981118738498605e+29,4300,0,8,17169,4300,0.0,41,0.0,0.0,0.0,0.0,2.7184166902131945e+23,0,0,0,0,0.0,0,0,0,0,0,0,0,0,0,0,0,0,0,0,0,0,0,0,0,0,0,0,0,0,0,0,0,0,0,0,0,0,0,10,35,35,45,65476,365,65476,1,0,4,21553,0.0,-0.0,0.0,0.0,0.0,0.0,0.0,0.0,0.0,0.0,0.0,0.0,0.0,0.0,0.0,0.0,0.0,0.0,0.0,0.0,0.0,2.004,2.004,-2.004,0.0,0.0,0.0,0.0,0.0,0.0,6611.0,-0.0,0.0,0.0,-0.0,-0.0,-0.0,0.0,0.0,2.004,2.004,228,4.066853658014554e+29,0.0,0.0,0.0,0.0,0.0,0.0,0.0,0.0,0,0,0,-0.0,-5.916140016551068e+19,2.7903096852054016e+16,63.314,6.7076324619680016e+22,0.0,0.0,-1070694400.0,-0.0,-4.204017138732287e+33,-4203284.5,1.4935670294197567e+19,0.0,0.007,0.0,6535.905,0,1.3516416376850534e+27,228,0.0,454,-621855232.0,0.0,2114,52429,17109,0,17112,52429,17095,0,0,0,101,100,100,0.0,66.0,0.0,66.8,-0.0,66.0,1,49,50,180,52429,52429,0,0,0.0,0.0,0.0,60.0,0.0,71.0,0.0,-0.0,0.0,1068,0,1069,0,0,0,1069,0,1080,0,999,0,663,0,666,0,660,0,680,0.032,1.4609821306377965e+22,0.0,0.0,22160,16813,0.0,-0.0,-126031847489536.0,-0.0,6.914,-0.0,50.0,60.0,35,0.0,0.0,10.0,2.0,0.0,0.0,0.0,0.0,0.0,0.0,0.0,0.0,0.0,0.0,0.0,0.0,58.8,46,16,65516,27,65476,0,300,0,0,8,20529,65476,0,0,30147,60.0,0.0,10.0,10.0,2.0,0.0
2026-02-16T12:46:54,ERR,ERR,ERR,ERR,ERR,ERR,ERR,ERR,ERR,ERR,ERR,ERR,ERR,ERR,ERR,ERR,ERR,ERR,ERR,ERR,ERR,ERR,ERR,ERR,ERR,ERR,ERR,ERR,ERR,ERR,ERR,ERR,ERR,ERR,ERR,ERR,ERR,ERR,ERR,ERR,ERR,ERR,ERR,ERR,ERR,ERR,ERR,ERR,ERR,ERR,ERR,ERR,ERR,ERR,ERR,ERR,ERR,ERR,ERR,ERR,ERR,ERR,ERR,ERR,ERR,ERR,ERR,ERR,ERR,ERR,ERR,ERR,ERR,ERR,ERR,ERR,ERR,ERR,ERR,ERR,ERR,ERR,ERR,ERR,ERR,ERR,ERR,ERR,ERR,ERR,ERR,ERR,ERR,ERR,ERR,ERR,ERR,ERR,ERR,ERR,ERR,ERR,ERR,ERR,ERR,ERR,ERR,ERR,ERR,ERR,ERR,ERR,ERR,ERR,ERR,ERR,ERR,ERR,ERR,ERR,ERR,ERR,ERR,ERR,ERR,0.0,-0.0,2.7420187948523476e+23,0.0,-0.0,4.01222014833821e+32,0.0,-0.0,4300,0,8,17169,4300,0.0,41,0.0,0.0,0.0,0.0,2.7184166902131945e+23,0,0,0,0,0.0,0,0,0,0,0,0,0,0,0,0,0,0,0,0,0,0,0,0,0,0,0,0,0,0,0,0,0,0,0,0,0,0,0,10,35,35,45,65476,365,65476,1,0,4,21553,0.0,-0.0,0.0,0.0,0.0,0.0,0.0,0.0,0.0,0.0,0.0,0.0,0.0,0.0,0.0,0.0,0.0,0.0,0.0,0.0,0.0,2.004,2.004,-2.004,0.0,0.0,0.0,0.0,0.0,0.0,6613.0,-0.0,0.0,0.0,-0.0,2.718450196994422e+23,-0.0,0.0,0.0,2.004,2.004,228,-0.0,0.0,0.0,0.0,0.0,0.0,0.0,0.0,0.0,0,0,0,-0.0,0.0,1.880250682699361e+23,0.0,1.1180535683320458e+35,263343243264.0,-1.3002943363001613e+34,-0.0,20790997155840.0,-4.4271236443724555e+33,-4596500.5,1.587241901669063e+19,0.0,0.007,0.0,1726207217369088.0,0,1.3516416376850534e+27,228,0.0,456,0.0,-109185264.0,2114,52429,17109,52429,17111,52429,17095,0,0,0,101,100,100,0.0,66.0,0.0,66.8,-0.0,66.0,1,49,50,180,52429,52429,0,0,0.0,0.0,0.0,60.0,0.0,71.0,0.0,-0.0,0.0,1069,0,1069,0,0,0,1069,0,1080,0,999,0,663,0,665,0,660,0,680,0.032,1.4609821306377965e+22,0.0,0.0,26768,16813,0.0,-0.0,-787055312896.0,-0.0,0.231,-0.0,50.0,60.0,35,0.0,0.0,10.0,2.0,0.0,0.0,0.0,0.0,0.0,0.0,0.0,0.0,0.0,0.0,0.0,0.0,58.8,46,16,65516,27,65476,0,300,0,0,8,20529,65476,0,0,30147,60.0,0.0,10.0,10.0,2.0,0.0
2026-02-16T12:46:55,ERR,ERR,ERR,ERR,ERR,ERR,ERR,ERR,ERR,ERR,ERR,ERR,ERR,ERR,ERR,ERR,ERR,ERR,ERR,ERR,ERR,ERR,ERR,ERR,ERR,ERR,ERR,ERR,ERR,ERR,ERR,ERR,ERR,ERR,ERR,ERR,ERR,ERR,ERR,ERR,ERR,ERR,ERR,ERR,ERR,ERR,ERR,ERR,ERR,ERR,ERR,ERR,ERR,ERR,ERR,ERR,ERR,ERR,ERR,ERR,ERR,ERR,ERR,ERR,ERR,ERR,ERR,ERR,ERR,ERR,ERR,ERR,ERR,ERR,ERR,ERR,ERR,ERR,ERR,ERR,ERR,ERR,ERR,ERR,ERR,ERR,ERR,ERR,ERR,ERR,ERR,ERR,ERR,ERR,ERR,ERR,ERR,ERR,ERR,ERR,ERR,ERR,ERR,ERR,ERR,ERR,ERR,ERR,ERR,ERR,ERR,ERR,ERR,ERR,ERR,ERR,ERR,ERR,ERR,ERR,ERR,ERR,ERR,ERR,ERR,0.0,-0.0,2.7420187948523476e+23,0.0,-0.0,4.01222014833821e+32,0.0,-0.0,4300,0,8,17169,4300,0.0,41,0.0,0.0,0.0,0.0,2.7184166902131945e+23,0,0,0,0,0.0,0,0,0,0,0,0,0,0,0,0,0,0,0,0,0,0,0,0,0,0,0,0,0,0,0,0,0,0,0,0,0,0,0,10,35,35,45,65476,365,65476,1,0,4,21553,0.0,-0.0,0.0,0.0,0.0,0.0,0.0,0.0,0.0,0.0,0.0,0.0,0.0,0.0,0.0,0.0,0.0,0.0,0.0,0.0,0.0,2.004,2.004,-2.004,0.0,0.0,0.0,0.0,0.0,0.0,6613.0,-0.0,0.0,0.0,-0.0,2.718450196994422e+23,-0.0,0.0,0.0,2.004,2.004,228,-0.0,0.0,0.0,0.0,0.0,0.0,0.0,0.0,0.0,0,0,0,-0.0,0.0,1.880250682699361e+23,0.0,1.1180535683320458e+35,263343243264.0,-1.3002943363001613e+34,-0.0,20790997155840.0,-4.4271236443724555e+33,-4596500.5,1.587241901669063e+19,0.0,0.007,0.0,1726207217369088.0,0,1.3516416376850534e+27,228,0.0,456,0.0,-109185264.0,2114,52429,17109,52429,17111,52429,17095,0,0,0,101,100,100,0.0,66.0,0.0,66.8,-0.0,66.0,1,49,50,180,52429,52429,0,0,0.0,0.0,0.0,60.0,0.0,71.0,0.0,-0.0,0.0,1069,0,1069,0,0,0,1069,0,1080,0,999,0,663,0,665,0,660,0,680,0.032,1.4609821306377965e+22,0.0,0.0,26768,16813,0.0,-0.0,-787055312896.0,-0.0,0.231,-0.0,50.0,60.0,35,0.0,0.0,10.0,2.0,0.0,0.0,0.0,0.0,0.0,0.0,0.0,0.0,0.0,0.0,0.0,0.0,58.8,46,16,65516,27,65476,0,300,0,0,8,20529,65476,0,0,30147,60.0,0.0,10.0,10.0,2.0,0.0
2026-02-16T12:46:56,ERR,ERR,ERR,ERR,ERR,ERR,ERR,ERR,ERR,ERR,ERR,ERR,ERR,ERR,ERR,ERR,ERR,ERR,ERR,ERR,ERR,ERR,ERR,ERR,ERR,ERR,ERR,ERR,ERR,ERR,ERR,ERR,ERR,ERR,ERR,ERR,ERR,ERR,ERR,ERR,ERR,ERR,ERR,ERR,ERR,ERR,ERR,ERR,ERR,ERR,ERR,ERR,ERR,ERR,ERR,ERR,ERR,ERR,ERR,ERR,ERR,ERR,ERR,ERR,ERR,ERR,ERR,ERR,ERR,ERR,ERR,ERR,ERR,ERR,ERR,ERR,ERR,ERR,ERR,ERR,ERR,ERR,ERR,ERR,ERR,ERR,ERR,ERR,ERR,ERR,ERR,ERR,ERR,ERR,ERR,ERR,ERR,ERR,ERR,ERR,ERR,ERR,ERR,ERR,ERR,ERR,ERR,ERR,ERR,ERR,ERR,ERR,ERR,ERR,ERR,ERR,ERR,ERR,ERR,ERR,ERR,ERR,ERR,ERR,ERR,0.0,-0.0,2.7420187948523476e+23,0.0,-0.0,4.01222014833821e+32,0.0,-0.0,4300,0,8,17169,4300,0.0,41,0.0,0.0,0.0,0.0,2.7184166902131945e+23,0,0,0,0,0.0,0,0,0,0,0,0,0,0,0,0,0,0,0,0,0,0,0,0,0,0,0,0,0,0,0,0,0,0,0,0,0,0,0,10,35,35,45,65476,365,65476,1,0,4,21553,0.0,-0.0,0.0,0.0,0.0,0.0,0.0,0.0,0.0,0.0,0.0,0.0,0.0,0.0,0.0,0.0,0.0,0.0,0.0,0.0,0.0,2.004,2.004,-2.004,0.0,0.0,0.0,0.0,0.0,0.0,6613.0,-0.0,0.0,0.0,-0.0,2.718450196994422e+23,-0.0,0.0,0.0,2.004,2.004,228,-0.0,0.0,0.0,0.0,0.0,0.0,0.0,0.0,0.0,0,0,0,-0.0,0.0,1.880250682699361e+23,0.0,1.1180535683320458e+35,263343243264.0,-1.3002943363001613e+34,-0.0,20790997155840.0,-4.4271236443724555e+33,-4596500.5,1.587241901669063e+19,0.0,0.007,0.0,1726207217369088.0,0,1.3516416376850534e+27,228,0.0,456,0.0,-109185264.0,2114,52429,17109,52429,17111,52429,17095,0,0,0,101,100,100,0.0,66.0,0.0,66.8,-0.0,66.0,1,49,50,180,52429,52429,0,0,0.0,0.0,0.0,60.0,0.0,71.0,0.0,-0.0,0.0,1069,0,1069,0,0,0,1069,0,1080,0,999,0,663,0,665,0,660,0,680,0.032,1.4609821306377965e+22,0.0,0.0,26768,16813,0.0,-0.0,-787055312896.0,-0.0,0.231,-0.0,50.0,60.0,35,0.0,0.0,10.0,2.0,0.0,0.0,0.0,0.0,0.0,0.0,0.0,0.0,0.0,0.0,0.0,0.0,58.8,46,16,65516,27,65476,0,300,0,0,8,20529,65476,0,0,30147,60.0,0.0,10.0,10.0,2.0,0.0
2026-02-16T12:46:57,ERR,ERR,ERR,ERR,ERR,ERR,ERR,ERR,ERR,ERR,ERR,ERR,ERR,ERR,ERR,ERR,ERR,ERR,ERR,ERR,ERR,ERR,ERR,ERR,ERR,ERR,ERR,ERR,ERR,ERR,ERR,ERR,ERR,ERR,ERR,ERR,ERR,ERR,ERR,ERR,ERR,ERR,ERR,ERR,ERR,ERR,ERR,ERR,ERR,ERR,ERR,ERR,ERR,ERR,ERR,ERR,ERR,ERR,ERR,ERR,ERR,ERR,ERR,ERR,ERR,ERR,ERR,ERR,ERR,ERR,ERR,ERR,ERR,ERR,ERR,ERR,ERR,ERR,ERR,ERR,ERR,ERR,ERR,ERR,ERR,ERR,ERR,ERR,ERR,ERR,ERR,ERR,ERR,ERR,ERR,ERR,ERR,ERR,ERR,ERR,ERR,ERR,ERR,ERR,ERR,ERR,ERR,ERR,ERR,ERR,ERR,ERR,ERR,ERR,ERR,ERR,ERR,ERR,ERR,ERR,ERR,ERR,ERR,ERR,ERR,0.0,-0.0,2.7420187948523476e+23,0.0,-0.0,4.01222014833821e+32,0.0,-0.0,4300,0,8,17169,4300,0.0,41,0.0,0.0,0.0,0.0,2.7184166902131945e+23,0,0,0,0,0.0,0,0,0,0,0,0,0,0,0,0,0,0,0,0,0,0,0,0,0,0,0,0,0,0,0,0,0,0,0,0,0,0,0,10,35,35,45,65476,365,65476,1,0,4,21553,0.0,-0.0,0.0,0.0,0.0,0.0,0.0,0.0,0.0,0.0,0.0,0.0,0.0,0.0,0.0,0.0,0.0,0.0,0.0,0.0,0.0,2.004,2.004,-2.004,0.0,0.0,0.0,0.0,0.0,0.0,6613.0,-0.0,0.0,0.0,-0.0,2.718450196994422e+23,-0.0,0.0,0.0,2.004,2.004,228,-0.0,0.0,0.0,0.0,0.0,0.0,0.0,0.0,0.0,0,0,0,-0.0,0.0,1.880250682699361e+23,0.0,1.1180535683320458e+35,263343243264.0,-1.3002943363001613e+34,-0.0,20790997155840.0,-4.4271236443724555e+33,-4596500.5,1.587241901669063e+19,0.0,0.007,0.0,1726207217369088.0,0,1.3516416376850534e+27,228,0.0,456,0.0,-109185264.0,2114,52429,17109,52429,17111,52429,17095,0,0,0,101,100,100,0.0,66.0,0.0,66.9,-107615264.0,66.0,1,49,50,180,52429,52429,0,0,0.0,0.0,0.0,60.0,-1.4476951417437048e+37,70.5,0.0,2.0222732957263573e+21,0.0,1069,0,1069,0,0,0,1069,0,1079,0,999,0,664,0,665,0,660,0,680,0.032,1.4536034330083127e+22,0.0,0.0,25232,16813,-1.4476951417437048e+37,2.0222732957263573e+21,4.468553335646239e+23,-0.0,-5.196,8061458432.0,50.0,60.0,35,0.0,0.0,10.0,2.0,0.0,0.0,0.0,0.0,0.0,0.0,0.0,0.0,0.0,0.0,0.0,0.0,58.8,46,16,65516,27,65476,0,300,0,0,8,20529,65476,0,0,30147,60.0,0.0,10.0,10.0,2.0,0.0
2026-02-16T12:46:58,ERR,ERR,ERR,ERR,ERR,ERR,ERR,ERR,ERR,ERR,ERR,ERR,ERR,ERR,ERR,ERR,ERR,ERR,ERR,ERR,ERR,ERR,ERR,ERR,ERR,ERR,ERR,ERR,ERR,ERR,ERR,ERR,ERR,ERR,ERR,ERR,ERR,ERR,ERR,ERR,ERR,ERR,ERR,ERR,ERR,ERR,ERR,ERR,ERR,ERR,ERR,ERR,ERR,ERR,ERR,ERR,ERR,ERR,ERR,ERR,ERR,ERR,ERR,ERR,ERR,ERR,ERR,ERR,ERR,ERR,ERR,ERR,ERR,ERR,ERR,ERR,ERR,ERR,ERR,ERR,ERR,ERR,ERR,ERR,ERR,ERR,ERR,ERR,ERR,ERR,ERR,ERR,ERR,ERR,ERR,ERR,ERR,ERR,ERR,ERR,ERR,ERR,ERR,ERR,ERR,ERR,ERR,ERR,ERR,ERR,ERR,ERR,ERR,ERR,ERR,ERR,ERR,ERR,ERR,ERR,ERR,ERR,ERR,ERR,ERR,0.0,-0.0,2.7420187948523476e+23,0.0,-0.0,4.01222014833821e+32,0.0,-0.0,4300,0,8,17169,4300,0.0,41,0.0,0.0,0.0,0.0,2.7184166902131945e+23,0,0,0,0,0.0,0,0,0,0,0,0,0,0,0,0,0,0,0,0,0,0,0,0,0,0,0,0,0,0,0,0,0,0,0,0,0,0,0,10,35,35,45,65476,365,65476,1,0,4,21553,0.0,-0.0,0.0,0.0,0.0,0.0,0.0,0.0,0.0,0.0,0.0,0.0,0.0,0.0,0.0,0.0,0.0,0.0,0.0,0.0,0.0,2.004,2.004,-2.004,0.0,0.0,0.0,0.0,0.0,0.0,6613.0,-0.0,0.0,0.0,-0.0,2.718450196994422e+23,-0.0,0.0,0.0,2.004,2.004,228,-0.0,0.0,0.0,0.0,0.0,0.0,0.0,0.0,0.0,0,0,0,-0.0,0.0,1.880250682699361e+23,0.0,1.1180535683320458e+35,263343243264.0,-1.3002943363001613e+34,-0.0,20790997155840.0,-4.4271236443724555e+33,-4596500.5,1.587241901669063e+19,0.0,0.007,0.0,1726207217369088.0,0,1.3516416376850534e+27,228,0.0,456,0.0,-109185264.0,2114,52429,17109,52429,17111,52429,17095,0,0,0,101,100,100,0.0,66.0,0.0,66.9,-107615264.0,66.0,1,49,50,180,52429,52429,0,0,0.0,0.0,0.0,60.0,-1.4476951417437048e+37,70.5,0.0,2.0222732957263573e+21,0.0,1069,0,1069,0,0,0,1069,0,1079,0,999,0,664,0,665,0,660,0,680,0.032,1.4536034330083127e+22,0.0,0.0,25232,16813,-1.4476951417437048e+37,2.0222732957263573e+21,4.468553335646239e+23,-0.0,-5.196,8061458432.0,50.0,60.0,35,0.0,0.0,10.0,2.0,0.0,0.0,0.0,0.0,0.0,0.0,0.0,0.0,0.0,0.0,0.0,0.0,59.2,46,16,65516,27,65476,0,300,0,0,8,20529,65476,0,0,30147,60.0,0.0,10.0,10.0,2.0,0.0
2026-02-16T12:46:59,ERR,ERR,ERR,ERR,ERR,ERR,ERR,ERR,ERR,ERR,ERR,ERR,ERR,ERR,ERR,ERR,ERR,ERR,ERR,ERR,ERR,ERR,ERR,ERR,ERR,ERR,ERR,ERR,ERR,ERR,ERR,ERR,ERR,ERR,ERR,ERR,ERR,ERR,ERR,ERR,ERR,ERR,ERR,ERR,ERR,ERR,ERR,ERR,ERR,ERR,ERR,ERR,ERR,ERR,ERR,ERR,ERR,ERR,ERR,ERR,ERR,ERR,ERR,ERR,ERR,ERR,ERR,ERR,ERR,ERR,ERR,ERR,ERR,ERR,ERR,ERR,ERR,ERR,ERR,ERR,ERR,ERR,ERR,ERR,ERR,ERR,ERR,ERR,ERR,ERR,ERR,ERR,ERR,ERR,ERR,ERR,ERR,ERR,ERR,ERR,ERR,ERR,ERR,ERR,ERR,ERR,ERR,ERR,ERR,ERR,ERR,ERR,ERR,ERR,ERR,ERR,ERR,ERR,ERR,ERR,ERR,ERR,ERR,ERR,ERR,0.0,-0.0,2.7420187948523476e+23,0.0,-0.0,5512.134,-0.0,-0.033,4300,0,8,17169,4300,0.0,41,0.0,0.0,0.0,0.0,2.7184166902131945e+23,0,0,0,0,0.0,0,0,0,0,0,0,0,0,0,0,0,0,0,0,0,0,0,0,0,0,0,0,0,0,0,0,0,0,0,0,0,0,0,11,35,35,45,65476,365,65476,1,0,4,21553,0.0,0.0,0.0,0.0,0.0,0.0,0.0,0.0,0.0,0.0,0.0,0.0,0.0,0.0,0.0,0.0,0.0,0.0,0.0,0.0,0.0,2.004,0.0,-2.004,0.0,0.0,0.0,0.0,0.0,0.0,6613.0,-0.0,0.0,0.0,-0.0,2.718450196994422e+23,-0.0,-0.0,0.0,2.004,2.004,228,-0.0,0.0,0.0,0.0,0.0,0.0,0.0,0.0,0.0,0,0,0,-0.001,-2.592717837906364e+24,5.5077769640604906e+23,1.1218279490920393e+21,3.8995655931106764e+33,-29393878.0,-7.051370338498573e+27,-0.178,-6686539264.0,-4.690794969219927e+33,-4989716.5,1.6665052551107838e+19,0.0,0.008,0.0,-0.0,0,1.3516416376850534e+27,228,0.0,456,2.40156025918058e+36,0.0,2114,52429,17109,52429,17111,52429,17095,0,0,0,101,100,100,0.0,66.0,0.0,66.9,-107615264.0,66.0,1,49,50,180,52429,52429,0,0,0.0,0.0,0.0,60.0,-1.4476951417437048e+37,70.5,0.0,2.0222732957263573e+21,0.0,1069,0,1069,0,0,0,1069,0,1079,0,999,0,664,0,665,0,660,0,680,0.032,1.4536034330083127e+22,0.0,0.0,25232,16813,-1.4476951417437048e+37,2.0222732957263573e+21,4.468553335646239e+23,-0.0,-5.196,8061458432.0,50.0,60.0,35,0.0,0.0,10.0,2.0,0.0,0.0,0.0,0.0,0.0,0.0,0.0,0.0,0.0,0.0,0.0,0.0,59.2,46,16,65516,27,65476,0,300,0,0,8,20529,65476,0,0,30147,60.0,0.0,10.0,10.0,2.0,0.0
2026-02-16T12:47:00,ERR,ERR,ERR,ERR,ERR,ERR,ERR,ERR,ERR,ERR,ERR,ERR,ERR,ERR,ERR,ERR,ERR,ERR,ERR,ERR,ERR,ERR,ERR,ERR,ERR,ERR,ERR,ERR,ERR,ERR,ERR,ERR,ERR,ERR,ERR,ERR,ERR,ERR,ERR,ERR,ERR,ERR,ERR,ERR,ERR,ERR,ERR,ERR,ERR,ERR,ERR,ERR,ERR,ERR,ERR,ERR,ERR,ERR,ERR,ERR,ERR,ERR,ERR,ERR,ERR,ERR,ERR,ERR,ERR,ERR,ERR,ERR,ERR,ERR,ERR,ERR,ERR,ERR,ERR,ERR,ERR,ERR,ERR,ERR,ERR,ERR,ERR,ERR,ERR,ERR,ERR,ERR,ERR,ERR,ERR,ERR,ERR,ERR,ERR,ERR,ERR,ERR,ERR,ERR,ERR,ERR,ERR,ERR,ERR,ERR,ERR,ERR,ERR,ERR,ERR,ERR,ERR,ERR,ERR,ERR,ERR,ERR,ERR,ERR,ERR,0.0,-0.0,2.7420187948523476e+23,0.0,-0.0,5512.134,-0.0,-0.033,4300,0,8,17169,4300,0.0,41,0.0,0.0,0.0,0.0,2.7184166902131945e+23,0,0,0,0,0.0,0,0,0,0,0,0,0,0,0,0,0,0,0,0,0,0,0,0,0,0,0,0,0,0,0,0,0,0,0,0,0,0,0,11,35,35,45,65476,365,65476,1,0,4,21553,0.0,0.0,0.0,0.0,0.0,0.0,0.0,0.0,0.0,0.0,0.0,0.0,0.0,0.0,0.0,0.0,0.0,0.0,0.0,0.0,0.0,2.004,0.0,-2.004,0.0,0.0,0.0,0.0,0.0,0.0,6613.0,-0.0,0.0,0.0,-0.0,2.718450196994422e+23,-0.0,-0.0,0.0,2.004,2.004,228,-0.0,0.0,0.0,0.0,0.0,0.0,0.0,0.0,0.0,0,0,0,-0.001,-2.592717837906364e+24,5.5077769640604906e+23,1.1218279490920393e+21,3.8995655931106764e+33,-29393878.0,-7.051370338498573e+27,-0.178,-6686539264.0,-4.690794969219927e+33,-4989716.5,1.6665052551107838e+19,0.0,0.008,0.0,-0.0,0,1.3516416376850534e+27,228,0.0,456,2.40156025918058e+36,0.0,2114,52429,17109,52429,17111,52429,17095,0,0,0,101,100,100,0.0,66.0,0.0,66.9,-107615264.0,66.0,1,49,50,180,52429,52429,0,0,0.0,0.0,0.0,60.0,-1.9212326152420811e+37,70.5,0.0,2.151400504242324e+21,0.0,1069,0,1069,0,0,0,1069,0,1079,0,998,0,664,0,665,0,660,0,679,0.032,1.4609821306377965e+22,0.0,0.0,39568,16813,0.0,2.618160221439652e+25,-0.0,-8.991597920940652e+25,0.0,-0.0,50.0,60.0,35,0.0,0.0,10.0,2.0,0.0,0.0,0.0,0.0,0.0,0.0,0.0,0.0,0.0,0.0,0.0,0.0,58.8,47,16,65516,27,65476,0,300,0,0,8,20529,65476,0,0,30147,60.0,0.0,10.0,10.0,2.0,0.0
2026-02-16T12:47:01,ERR,ERR,ERR,ERR,ERR,ERR,ERR,ERR,ERR,ERR,ERR,ERR,ERR,ERR,ERR,ERR,ERR,ERR,ERR,ERR,ERR,ERR,ERR,ERR,ERR,ERR,ERR,ERR,ERR,ERR,ERR,ERR,ERR,ERR,ERR,ERR,ERR,ERR,ERR,ERR,ERR,ERR,ERR,ERR,ERR,ERR,ERR,ERR,ERR,ERR,ERR,ERR,ERR,ERR,ERR,ERR,ERR,ERR,ERR,ERR,ERR,ERR,ERR,ERR,ERR,ERR,ERR,ERR,ERR,ERR,ERR,ERR,ERR,ERR,ERR,ERR,ERR,ERR,ERR,ERR,ERR,ERR,ERR,ERR,ERR,ERR,ERR,ERR,ERR,ERR,ERR,ERR,ERR,ERR,ERR,ERR,ERR,ERR,ERR,ERR,ERR,ERR,ERR,ERR,ERR,ERR,ERR,ERR,ERR,ERR,ERR,ERR,ERR,ERR,ERR,ERR,ERR,ERR,ERR,ERR,ERR,ERR,ERR,ERR,ERR,0.0,-0.0,2.7420187948523476e+23,0.0,-0.0,5512.134,-0.0,-0.033,4300,0,8,17169,4300,0.0,41,0.0,0.0,0.0,0.0,2.7184166902131945e+23,0,0,0,0,0.0,0,0,0,0,0,0,0,0,0,0,0,0,0,0,0,0,0,0,0,0,0,0,0,0,0,0,0,0,0,0,0,0,0,11,35,35,45,65476,365,65476,1,0,4,21553,0.0,0.0,0.0,0.0,0.0,0.0,0.0,0.0,0.0,0.0,0.0,0.0,0.0,0.0,0.0,0.0,0.0,0.0,0.0,0.0,0.0,2.004,0.0,-2.004,0.0,0.0,0.0,0.0,0.0,0.0,6613.0,-0.0,0.0,0.0,-0.0,2.718450196994422e+23,-0.0,-0.0,0.0,2.004,2.004,228,-0.0,0.0,0.0,0.0,0.0,0.0,0.0,0.0,0.0,0,0,0,-0.001,-2.592717837906364e+24,5.5077769640604906e+23,1.1218279490920393e+21,3.8995655931106764e+33,-29393878.0,-7.051370338498573e+27,-0.178,-6686539264.0,-4.690794969219927e+33,-4989716.5,1.6665052551107838e+19,0.0,0.008,0.0,-0.0,0,1.3516416376850534e+27,228,0.0,456,2.40156025918058e+36,0.0,2114,52429,17109,52429,17111,52429,17095,0,0,0,101,100,100,0.0,66.0,0.0,66.9,-107615264.0,66.0,1,49,50,180,52429,52429,0,0,0.0,0.0,0.0,60.0,-1.9212326152420811e+37,70.5,0.0,2.151400504242324e+21,0.0,1069,0,1069,0,0,0,1069,0,1079,0,998,0,664,0,665,0,660,0,679,0.032,1.4609821306377965e+22,0.0,0.0,39568,16813,0.0,2.618160221439652e+25,-0.0,-8.991597920940652e+25,0.0,-0.0,50.0,60.0,35,0.0,0.0,10.0,2.0,0.0,0.0,0.0,0.0,0.0,0.0,0.0,0.0,0.0,0.0,0.0,0.0,59.2,47,16,65516,27,65476,0,300,0,0,8,20529,65476,0,0,30147,60.0,0.0,10.0,10.0,2.0,0.0
2026-02-16T12:47:02,ERR,ERR,ERR,ERR,ERR,ERR,ERR,ERR,ERR,ERR,ERR,ERR,ERR,ERR,ERR,ERR,ERR,ERR,ERR,ERR,ERR,ERR,ERR,ERR,ERR,ERR,ERR,ERR,ERR,ERR,ERR,ERR,ERR,ERR,ERR,ERR,ERR,ERR,ERR,ERR,ERR,ERR,ERR,ERR,ERR,ERR,ERR,ERR,ERR,ERR,ERR,ERR,ERR,ERR,ERR,ERR,ERR,ERR,ERR,ERR,ERR,ERR,ERR,ERR,ERR,ERR,ERR,ERR,ERR,ERR,ERR,ERR,ERR,ERR,ERR,ERR,ERR,ERR,ERR,ERR,ERR,ERR,ERR,ERR,ERR,ERR,ERR,ERR,ERR,ERR,ERR,ERR,ERR,ERR,ERR,ERR,ERR,ERR,ERR,ERR,ERR,ERR,ERR,ERR,ERR,ERR,ERR,ERR,ERR,ERR,ERR,ERR,ERR,ERR,ERR,ERR,ERR,ERR,ERR,ERR,ERR,ERR,ERR,ERR,ERR,0.0,-0.0,2.7420187948523476e+23,0.0,-0.0,5512.134,-0.0,-0.033,4300,0,8,17169,4300,0.0,41,0.0,0.0,0.0,0.0,2.7184166902131945e+23,0,0,0,0,0.0,0,0,0,0,0,0,0,0,0,0,0,0,0,0,0,0,0,0,0,0,0,0,0,0,0,0,0,0,0,0,0,0,0,11,35,35,45,65476,365,65476,1,0,4,21553,0.0,0.0,0.0,0.0,0.0,0.0,0.0,0.0,0.0,0.0,0.0,0.0,0.0,0.0,0.0,0.0,0.0,0.0,0.0,0.0,0.0,2.004,0.0,-2.004,0.0,0.0,0.0,0.0,0.0,0.0,6613.0,-0.0,0.0,0.0,-0.0,2.718450196994422e+23,-0.0,-0.0,0.0,2.004,2.004,228,-0.0,0.0,0.0,0.0,0.0,0.0,0.0,0.0,0.0,0,0,0,-0.001,-2.592717837906364e+24,5.5077769640604906e+23,1.1218279490920393e+21,3.8995655931106764e+33,-29393878.0,-7.051370338498573e+27,-0.178,-6686539264.0,-4.690794969219927e+33,-4989716.5,1.6665052551107838e+19,0.0,0.008,0.0,-0.0,0,1.3516416376850534e+27,228,0.0,456,2.40156025918058e+36,0.0,2114,52429,17109,52429,17111,52429,17095,0,0,0,101,100,100,0.0,66.0,0.0,66.9,-107615264.0,66.0,1,49,50,180,52429,52429,0,0,0.0,0.0,0.0,60.0,-1.9212326152420811e+37,70.5,0.0,2.151400504242324e+21,0.0,1069,0,1069,0,0,0,1069,0,1079,0,998,0,664,0,665,0,660,0,679,0.032,1.4609821306377965e+22,0.0,0.0,39568,16813,0.0,2.618160221439652e+25,-0.0,-8.991597920940652e+25,0.0,-0.0,50.0,60.0,35,0.0,0.0,10.0,2.0,0.0,0.0,0.0,0.0,0.0,0.0,0.0,0.0,0.0,0.0,0.0,0.0,59.2,47,16,65516,27,65476,0,300,0,0,8,20529,65476,0,0,30147,60.0,0.0,10.0,10.0,2.0,0.0
2026-02-16T12:47:03,ERR,ERR,ERR,ERR,ERR,ERR,ERR,ERR,ERR,ERR,ERR,ERR,ERR,ERR,ERR,ERR,ERR,ERR,ERR,ERR,ERR,ERR,ERR,ERR,ERR,ERR,ERR,ERR,ERR,ERR,ERR,ERR,ERR,ERR,ERR,ERR,ERR,ERR,ERR,ERR,ERR,ERR,ERR,ERR,ERR,ERR,ERR,ERR,ERR,ERR,ERR,ERR,ERR,ERR,ERR,ERR,ERR,ERR,ERR,ERR,ERR,ERR,ERR,ERR,ERR,ERR,ERR,ERR,ERR,ERR,ERR,ERR,ERR,ERR,ERR,ERR,ERR,ERR,ERR,ERR,ERR,ERR,ERR,ERR,ERR,ERR,ERR,ERR,ERR,ERR,ERR,ERR,ERR,ERR,ERR,ERR,ERR,ERR,ERR,ERR,ERR,ERR,ERR,ERR,ERR,ERR,ERR,ERR,ERR,ERR,ERR,ERR,ERR,ERR,ERR,ERR,ERR,ERR,ERR,ERR,ERR,ERR,ERR,ERR,ERR,0.0,-0.0,2.7420187948523476e+23,0.0,-0.0,1866199203840.0,-363063.594,-0.0,4300,0,8,17170,4300,0.0,41,0.0,0.0,0.0,0.0,0.0,0,0,0,0,0.0,0,0,0,0,0,0,0,0,0,0,0,0,0,0,0,0,0,0,0,0,0,0,0,0,0,0,0,0,0,0,0,0,0,11,35,35,46,65476,365,65476,1,0,4,21553,0.0,-107610720.0,0.0,0.0,0.0,0.0,0.0,0.0,0.0,0.0,0.0,0.0,0.0,0.0,0.0,0.0,0.0,0.0,0.0,0.0,0.0,2.004,2.004,-2.004,-3.697074423243316e+19,0.0,0.0,0.0,0.0,0.0,6615.0,564149188820992.0,0.0,0.0,-0.0,0.0,-0.0,0.0,0.0,2.004,2.004,227,-0.0,0.0,0.0,0.0,0.0,0.0,0.0,0.0,0.0,0,0,0,-0.497,227591.531,1.4536826963617544e+23,0.0,4.722338919360958e+32,-0.0,-25940750336.0,-0.0,0.0,-4.934183884463747e+33,-5382932.5,1.7601801273600901e+19,0.0,0.008,0.0,4.772629459744402e+32,0,1.3516416376850534e+27,227,0.0,454,0.0,-1.4035696821479504e+35,2114,52429,17109,52429,17111,52429,17095,0,0,0,101,100,100,0.0,66.0,0.0,66.9,-107615264.0,66.0,1,49,50,180,52429,52429,0,0,0.0,0.0,0.0,60.0,-1.9212326152420811e+37,70.5,0.0,2.151400504242324e+21,0.0,1069,0,1069,0,0,0,1069,0,1079,0,998,0,664,0,665,0,660,0,679,0.032,1.4609821306377965e+22,0.0,0.0,39568,16813,0.0,2.618160221439652e+25,-0.0,-8.991597920940652e+25,0.0,-0.0,50.0,60.0,35,0.0,0.0,10.0,2.0,0.0,0.0,0.0,0.0,0.0,0.0,0.0,0.0,0.0,0.0,0.0,0.0,58.8,47,16,65516,27,65476,0,300,0,0,8,20529,65476,0,0,30147,60.0,0.0,10.0,10.0,2.0,0.0
2026-02-16T12:47:04,ERR,ERR,ERR,ERR,ERR,ERR,ERR,ERR,ERR,ERR,ERR,ERR,ERR,ERR,ERR,ERR,ERR,ERR,ERR,ERR,ERR,ERR,ERR,ERR,ERR,ERR,ERR,ERR,ERR,ERR,ERR,ERR,ERR,ERR,ERR,ERR,ERR,ERR,ERR,ERR,ERR,ERR,ERR,ERR,ERR,ERR,ERR,ERR,ERR,ERR,ERR,ERR,ERR,ERR,ERR,ERR,ERR,ERR,ERR,ERR,ERR,ERR,ERR,ERR,ERR,ERR,ERR,ERR,ERR,ERR,ERR,ERR,ERR,ERR,ERR,ERR,ERR,ERR,ERR,ERR,ERR,ERR,ERR,ERR,ERR,ERR,ERR,ERR,ERR,ERR,ERR,ERR,ERR,ERR,ERR,ERR,ERR,ERR,ERR,ERR,ERR,ERR,ERR,ERR,ERR,ERR,ERR,ERR,ERR,ERR,ERR,ERR,ERR,ERR,ERR,ERR,ERR,ERR,ERR,ERR,ERR,ERR,ERR,ERR,ERR,0.0,-0.0,2.7420187948523476e+23,0.0,-0.0,1866199203840.0,-363063.594,-0.0,4300,0,8,17170,4300,0.0,41,0.0,0.0,0.0,0.0,0.0,0,0,0,0,0.0,0,0,0,0,0,0,0,0,0,0,0,0,0,0,0,0,0,0,0,0,0,0,0,0,0,0,0,0,0,0,0,0,0,11,35,35,46,65476,365,65476,1,0,4,21553,0.0,-107610720.0,0.0,0.0,0.0,0.0,0.0,0.0,0.0,0.0,0.0,0.0,0.0,0.0,0.0,0.0,0.0,0.0,0.0,0.0,0.0,2.004,2.004,-2.004,-3.697074423243316e+19,0.0,0.0,0.0,0.0,0.0,6615.0,564149188820992.0,0.0,0.0,-0.0,0.0,-0.0,0.0,0.0,2.004,2.004,227,-0.0,0.0,0.0,0.0,0.0,0.0,0.0,0.0,0.0,0,0,0,-0.497,227591.531,1.4536826963617544e+23,0.0,4.722338919360958e+32,-0.0,-25940750336.0,-0.0,0.0,-4.934183884463747e+33,-5382932.5,1.7601801273600901e+19,0.0,0.008,0.0,4.772629459744402e+32,0,1.3516416376850534e+27,227,0.0,454,0.0,-1.4035696821479504e+35,2114,52429,17109,52429,17111,52429,17095,0,0,0,101,100,100,0.0,66.0,0.0,66.9,-107615264.0,66.0,1,49,50,180,52429,52429,0,0,0.0,0.0,0.0,60.0,0.0,71.0,0.0,-0.0,0.0,1068,0,1069,0,0,0,1069,0,1079,0,998,0,664,0,666,0,660,0,679,0.032,1.4536034330083127e+22,-2.004,-107615288.0,41104,16813,0.0,-2148.085,-6.422154509107069e+18,5.541268194201251e+34,1025049.5,-0.0,50.0,60.0,35,0.0,0.0,10.0,2.0,0.0,0.0,0.0,0.0,0.0,0.0,0.0,0.0,0.0,0.0,0.0,0.0,58.8,47,16,65516,27,65476,0,300,0,0,8,20529,65476,0,0,30147,60.0,0.0,10.0,10.0,2.0,0.0
2026-02-16T12:47:05,ERR,ERR,ERR,ERR,ERR,ERR,ERR,ERR,ERR,ERR,ERR,ERR,ERR,ERR,ERR,ERR,ERR,ERR,ERR,ERR,ERR,ERR,ERR,ERR,ERR,ERR,ERR,ERR,ERR,ERR,ERR,ERR,ERR,ERR,ERR,ERR,ERR,ERR,ERR,ERR,ERR,ERR,ERR,ERR,ERR,ERR,ERR,ERR,ERR,ERR,ERR,ERR,ERR,ERR,ERR,ERR,ERR,ERR,ERR,ERR,ERR,ERR,ERR,ERR,ERR,ERR,ERR,ERR,ERR,ERR,ERR,ERR,ERR,ERR,ERR,ERR,ERR,ERR,ERR,ERR,ERR,ERR,ERR,ERR,ERR,ERR,ERR,ERR,ERR,ERR,ERR,ERR,ERR,ERR,ERR,ERR,ERR,ERR,ERR,ERR,ERR,ERR,ERR,ERR,ERR,ERR,ERR,ERR,ERR,ERR,ERR,ERR,ERR,ERR,ERR,ERR,ERR,ERR,ERR,ERR,ERR,ERR,ERR,ERR,ERR,0.0,-0.0,2.7420187948523476e+23,0.0,-0.0,1866199203840.0,-363063.594,-0.0,4300,0,8,17170,4300,0.0,41,0.0,0.0,0.0,0.0,0.0,0,0,0,0,0.0,0,0,0,0,0,0,0,0,0,0,0,0,0,0,0,0,0,0,0,0,0,0,0,0,0,0,0,0,0,0,0,0,0,11,35,35,46,65476,365,65476,1,0,4,21553,0.0,-107610720.0,0.0,0.0,0.0,0.0,0.0,0.0,0.0,0.0,0.0,0.0,0.0,0.0,0.0,0.0,0.0,0.0,0.0,0.0,0.0,2.004,2.004,-2.004,-3.697074423243316e+19,0.0,0.0,0.0,0.0,0.0,6615.0,564149188820992.0,0.0,0.0,-0.0,0.0,-0.0,0.0,0.0,2.004,2.004,227,-0.0,0.0,0.0,0.0,0.0,0.0,0.0,0.0,0.0,0,0,0,-0.497,227591.531,1.4536826963617544e+23,0.0,4.722338919360958e+32,-0.0,-25940750336.0,-0.0,0.0,-4.934183884463747e+33,-5382932.5,1.7601801273600901e+19,0.0,0.008,0.0,4.772629459744402e+32,0,1.3516416376850534e+27,227,0.0,454,0.0,-1.4035696821479504e+35,2114,52429,17109,52429,17111,52429,17095,0,0,0,101,100,100,0.0,66.0,0.0,66.9,-107615264.0,66.0,1,49,50,180,52429,52429,0,0,0.0,0.0,0.0,60.0,0.0,71.0,0.0,-0.0,0.0,1068,0,1069,0,0,0,1069,0,1079,0,998,0,664,0,666,0,660,0,679,0.032,1.4536034330083127e+22,-2.004,-107615288.0,41104,16813,0.0,-2148.085,-6.422154509107069e+18,5.541268194201251e+34,1025049.5,-0.0,50.0,60.0,35,0.0,0.0,10.0,2.0,0.0,0.0,0.0,0.0,0.0,0.0,0.0,0.0,0.0,0.0,0.0,0.0,58.8,47,16,65516,27,65476,0,300,0,0,8,20529,65476,0,0,30147,60.0,0.0,10.0,10.0,2.0,0.0
2026-02-16T12:47:06,ERR,ERR,ERR,ERR,ERR,ERR,ERR,ERR,ERR,ERR,ERR,ERR,ERR,ERR,ERR,ERR,ERR,ERR,ERR,ERR,ERR,ERR,ERR,ERR,ERR,ERR,ERR,ERR,ERR,ERR,ERR,ERR,ERR,ERR,ERR,ERR,ERR,ERR,ERR,ERR,ERR,ERR,ERR,ERR,ERR,ERR,ERR,ERR,ERR,ERR,ERR,ERR,ERR,ERR,ERR,ERR,ERR,ERR,ERR,ERR,ERR,ERR,ERR,ERR,ERR,ERR,ERR,ERR,ERR,ERR,ERR,ERR,ERR,ERR,ERR,ERR,ERR,ERR,ERR,ERR,ERR,ERR,ERR,ERR,ERR,ERR,ERR,ERR,ERR,ERR,ERR,ERR,ERR,ERR,ERR,ERR,ERR,ERR,ERR,ERR,ERR,ERR,ERR,ERR,ERR,ERR,ERR,ERR,ERR,ERR,ERR,ERR,ERR,ERR,ERR,ERR,ERR,ERR,ERR,ERR,ERR,ERR,ERR,ERR,ERR,0.0,-0.0,2.7420187948523476e+23,0.0,-0.0,1866199203840.0,-363063.594,-0.0,4300,0,8,17170,4300,0.0,41,0.0,0.0,0.0,0.0,0.0,0,0,0,0,0.0,0,0,0,0,0,0,0,0,0,0,0,0,0,0,0,0,0,0,0,0,0,0,0,0,0,0,0,0,0,0,0,0,0,11,35,35,46,65476,365,65476,1,0,4,21553,0.0,-107610720.0,0.0,0.0,0.0,0.0,0.0,0.0,0.0,0.0,0.0,0.0,0.0,0.0,0.0,0.0,0.0,0.0,0.0,0.0,0.0,2.004,2.004,-2.004,-3.697074423243316e+19,0.0,0.0,0.0,0.0,0.0,6615.0,564149188820992.0,0.0,0.0,-0.0,0.0,-0.0,0.0,0.0,2.004,2.004,227,-0.0,0.0,0.0,0.0,0.0,0.0,0.0,0.0,0.0,0,0,0,-0.497,227591.531,1.4536826963617544e+23,0.0,4.722338919360958e+32,-0.0,-25940750336.0,-0.0,0.0,-4.934183884463747e+33,-5382932.5,1.7601801273600901e+19,0.0,0.008,0.0,4.772629459744402e+32,0,1.3516416376850534e+27,227,0.0,454,0.0,-1.4035696821479504e+35,2114,52429,17109,52429,17111,52429,17095,0,0,0,101,100,100,0.0,66.0,0.0,66.9,-107615264.0,66.0,1,49,50,180,52429,52429,0,0,0.0,0.0,0.0,60.0,0.0,71.0,0.0,-0.0,0.0,1068,0,1069,0,0,0,1069,0,1079,0,998,0,664,0,666,0,660,0,679,0.032,1.4536034330083127e+22,-2.004,-107615288.0,41104,16813,0.0,-2148.085,-6.422154509107069e+18,5.541268194201251e+34,1025049.5,-0.0,50.0,60.0,35,0.0,0.0,10.0,2.0,0.0,0.0,0.0,0.0,0.0,0.0,0.0,0.0,0.0,0.0,0.0,0.0,58.8,47,16,65516,27,65476,0,300,0,0,8,20529,65476,0,0,30147,60.0,0.0,10.0,10.0,2.0,0.0
2026-02-16T12:47:07,ERR,ERR,ERR,ERR,ERR,ERR,ERR,ERR,ERR,ERR,ERR,ERR,ERR,ERR,ERR,ERR,ERR,ERR,ERR,ERR,ERR,ERR,ERR,ERR,ERR,ERR,ERR,ERR,ERR,ERR,ERR,ERR,ERR,ERR,ERR,ERR,ERR,ERR,ERR,ERR,ERR,ERR,ERR,ERR,ERR,ERR,ERR,ERR,ERR,ERR,ERR,ERR,ERR,ERR,ERR,ERR,ERR,ERR,ERR,ERR,ERR,ERR,ERR,ERR,ERR,ERR,ERR,ERR,ERR,ERR,ERR,ERR,ERR,ERR,ERR,ERR,ERR,ERR,ERR,ERR,ERR,ERR,ERR,ERR,ERR,ERR,ERR,ERR,ERR,ERR,ERR,ERR,ERR,ERR,ERR,ERR,ERR,ERR,ERR,ERR,ERR,ERR,ERR,ERR,ERR,ERR,ERR,ERR,ERR,ERR,ERR,ERR,ERR,ERR,ERR,ERR,ERR,ERR,ERR,ERR,ERR,ERR,ERR,ERR,ERR,0.0,-0.0,2.7420187948523476e+23,0.0,-0.0,1866199203840.0,-363063.594,-0.0,4300,0,8,17170,4300,0.0,41,0.0,0.0,0.0,0.0,0.0,0,0,0,0,0.0,0,0,0,0,0,0,0,0,0,0,0,0,0,0,0,0,0,0,0,0,0,0,0,0,0,0,0,0,0,0,0,0,0,11,35,35,46,65476,365,65476,1,0,4,21553,0.0,-107610720.0,0.0,0.0,0.0,0.0,0.0,0.0,0.0,0.0,0.0,0.0,0.0,0.0,0.0,0.0,0.0,0.0,0.0,0.0,0.0,2.004,2.004,-2.004,-3.697074423243316e+19,0.0,0.0,0.0,0.0,0.0,6615.0,564149188820992.0,0.0,0.0,-0.0,0.0,-0.0,0.0,0.0,2.004,2.004,227,-0.0,0.0,0.0,0.0,0.0,0.0,0.0,0.0,0.0,0,0,0,-0.497,227591.531,1.4536826963617544e+23,0.0,4.722338919360958e+32,-0.0,-25940750336.0,-0.0,0.0,-4.934183884463747e+33,-5382932.5,1.7601801273600901e+19,0.0,0.008,0.0,4.772629459744402e+32,0,1.3516416376850534e+27,227,0.0,454,0.0,-1.4035696821479504e+35,2114,52429,17109,52429,17111,39322,17095,0,0,0,101,100,100,0.0,66.0,0.0,66.9,-107615264.0,66.0,1,49,50,180,39322,52429,0,0,0.0,0.0,0.0,60.0,0.0,71.0,0.0,-8272.34,0.0,1068,0,1069,0,0,0,1069,0,1079,0,998,0,664,0,666,0,660,0,679,0.032,1.4536034330083127e+22,-0.0,-0.0,31760,16813,0.0,-8272.34,-1.2183750489742364e+25,2.1054644367550054e+18,26148616536064.0,-3.316,50.0,60.0,35,0.0,0.0,10.0,2.0,0.0,0.0,0.0,0.0,0.0,0.0,0.0,0.0,0.0,0.0,0.0,0.0,58.8,47,16,65516,27,65476,0,300,0,0,8,20529,65476,0,0,30147,60.0,0.0,10.0,10.0,2.0,0.0
2026-02-16T12:47:08,ERR,ERR,ERR,ERR,ERR,ERR,ERR,ERR,ERR,ERR,ERR,ERR,ERR,ERR,ERR,ERR,ERR,ERR,ERR,ERR,ERR,ERR,ERR,ERR,ERR,ERR,ERR,ERR,ERR,ERR,ERR,ERR,ERR,ERR,ERR,ERR,ERR,ERR,ERR,ERR,ERR,ERR,ERR,ERR,ERR,ERR,ERR,ERR,ERR,ERR,ERR,ERR,ERR,ERR,ERR,ERR,ERR,ERR,ERR,ERR,ERR,ERR,ERR,ERR,ERR,ERR,ERR,ERR,ERR,ERR,ERR,ERR,ERR,ERR,ERR,ERR,ERR,ERR,ERR,ERR,ERR,ERR,ERR,ERR,ERR,ERR,ERR,ERR,ERR,ERR,ERR,ERR,ERR,ERR,ERR,ERR,ERR,ERR,ERR,ERR,ERR,ERR,ERR,ERR,ERR,ERR,ERR,ERR,ERR,ERR,ERR,ERR,ERR,ERR,ERR,ERR,ERR,ERR,ERR,ERR,ERR,ERR,ERR,ERR,ERR,-107615880.0,-0.0,0.0,0.0,140341403451392.0,0.0,6.471604694454593e+35,-0.0,4300,0,8,17169,4300,0.0,41,0.0,0.0,0.0,0.0,0.0,0,0,0,0,0.0,0,0,0,0,0,0,0,0,0,0,0,0,0,0,0,0,0,0,0,0,0,0,0,0,0,0,0,0,0,0,0,0,0,11,35,35,46,65476,366,65476,1,0,4,21553,0.0,-107610720.0,0.0,0.0,0.0,0.0,0.0,0.0,0.0,0.0,0.0,0.0,0.0,0.0,0.0,0.0,0.0,0.0,0.0,0.0,0.0,2.004,2.004,-3.6970818999223845e+19,-3.697074423243316e+19,0.0,0.0,0.0,0.0,0.0,6616.0,564149188820992.0,0.0,-107615880.0,-0.0,0.0,-0.0,0.0,0.0,2.004,2.004,228,-0.0,0.0,0.0,0.0,0.0,0.0,0.0,0.0,0.0,0,0,0,-0.0,-0.0,4083932.0,0.0,50400704.0,0.012,-1442.189,-8.383222385887166e+37,-14481.562,-5.1775727997075673e+33,-5776148.5,1.848624073040252e+19,0.0,0.009,0.0,-0.0,0,1.3516416376850534e+27,228,0.0,456,2.40156025918058e+36,-0.235,2114,52429,17109,52429,17111,39322,17095,0,0,0,101,100,100,0.0,66.0,0.0,66.9,-107615264.0,66.0,1,49,50,180,39322,52429,0,0,0.0,0.0,0.0,60.0,0.0,71.0,0.0,-8272.34,0.0,1068,0,1069,0,0,0,1069,0,1079,0,998,0,664,0,666,0,660,0,679,0.032,1.4536034330083127e+22,-0.0,-0.0,31760,16813,0.0,-8272.34,-1.2183750489742364e+25,2.1054644367550054e+18,26148616536064.0,-3.316,50.0,60.0,35,0.0,0.0,10.0,2.0,0.0,0.0,0.0,0.0,0.0,0.0,0.0,0.0,0.0,0.0,0.0,0.0,59.2,47,16,65516,27,65476,0,300,0,0,8,20529,65476,0,0,30147,60.0,0.0,10.0,10.0,2.0,0.0
2026-02-16T12:47:09,ERR,ERR,ERR,ERR,ERR,ERR,ERR,ERR,ERR,ERR,ERR,ERR,ERR,ERR,ERR,ERR,ERR,ERR,ERR,ERR,ERR,ERR,ERR,ERR,ERR,ERR,ERR,ERR,ERR,ERR,ERR,ERR,ERR,ERR,ERR,ERR,ERR,ERR,ERR,ERR,ERR,ERR,ERR,ERR,ERR,ERR,ERR,ERR,ERR,ERR,ERR,ERR,ERR,ERR,ERR,ERR,ERR,ERR,ERR,ERR,ERR,ERR,ERR,ERR,ERR,ERR,ERR,ERR,ERR,ERR,ERR,ERR,ERR,ERR,ERR,ERR,ERR,ERR,ERR,ERR,ERR,ERR,ERR,ERR,ERR,ERR,ERR,ERR,ERR,ERR,ERR,ERR,ERR,ERR,ERR,ERR,ERR,ERR,ERR,ERR,ERR,ERR,ERR,ERR,ERR,ERR,ERR,ERR,ERR,ERR,ERR,ERR,ERR,ERR,ERR,ERR,ERR,ERR,ERR,ERR,ERR,ERR,ERR,ERR,ERR,-107615880.0,-0.0,0.0,0.0,140341403451392.0,0.0,6.471604694454593e+35,-0.0,4300,0,8,17169,4300,0.0,41,0.0,0.0,0.0,0.0,0.0,0,0,0,0,0.0,0,0,0,0,0,0,0,0,0,0,0,0,0,0,0,0,0,0,0,0,0,0,0,0,0,0,0,0,0,0,0,0,0,11,35,35,46,65476,366,65476,1,0,4,21553,0.0,-107610720.0,0.0,0.0,0.0,0.0,0.0,0.0,0.0,0.0,0.0,0.0,0.0,0.0,0.0,0.0,0.0,0.0,0.0,0.0,0.0,2.004,2.004,-3.6970818999223845e+19,-3.697074423243316e+19,0.0,0.0,0.0,0.0,0.0,6616.0,564149188820992.0,0.0,-107615880.0,-0.0,0.0,-0.0,0.0,0.0,2.004,2.004,228,-0.0,0.0,0.0,0.0,0.0,0.0,0.0,0.0,0.0,0,0,0,-0.0,-0.0,4083932.0,0.0,50400704.0,0.012,-1442.189,-8.383222385887166e+37,-14481.562,-5.1775727997075673e+33,-5776148.5,1.848624073040252e+19,0.0,0.009,0.0,-0.0,0,1.3516416376850534e+27,228,0.0,456,2.40156025918058e+36,-0.235,2114,52429,17109,52429,17111,39322,17095,0,0,0,101,100,100,0.0,66.0,0.0,66.9,-107615264.0,66.0,1,49,50,180,39322,52429,0,0,0.0,0.0,0.0,60.0,0.0,71.0,0.0,-8272.34,0.0,1068,0,1069,0,0,0,1069,0,1079,0,998,0,664,0,666,0,660,0,679,0.032,1.4536034330083127e+22,-0.0,-0.0,31760,16813,0.0,-8272.34,-1.2183750489742364e+25,2.1054644367550054e+18,26148616536064.0,-3.316,50.0,60.0,35,0.0,0.0,10.0,2.0,0.0,0.0,0.0,0.0,0.0,0.0,0.0,0.0,0.0,0.0,0.0,0.0,59.2,47,16,65516,27,65476,0,300,0,0,8,20529,65476,0,0,30147,60.0,0.0,10.0,10.0,2.0,0.0
2026-02-16T12:47:10,ERR,ERR,ERR,ERR,ERR,ERR,ERR,ERR,ERR,ERR,ERR,ERR,ERR,ERR,ERR,ERR,ERR,ERR,ERR,ERR,ERR,ERR,ERR,ERR,ERR,ERR,ERR,ERR,ERR,ERR,ERR,ERR,ERR,ERR,ERR,ERR,ERR,ERR,ERR,ERR,ERR,ERR,ERR,ERR,ERR,ERR,ERR,ERR,ERR,ERR,ERR,ERR,ERR,ERR,ERR,ERR,ERR,ERR,ERR,ERR,ERR,ERR,ERR,ERR,ERR,ERR,ERR,ERR,ERR,ERR,ERR,ERR,ERR,ERR,ERR,ERR,ERR,ERR,ERR,ERR,ERR,ERR,ERR,ERR,ERR,ERR,ERR,ERR,ERR,ERR,ERR,ERR,ERR,ERR,ERR,ERR,ERR,ERR,ERR,ERR,ERR,ERR,ERR,ERR,ERR,ERR,ERR,ERR,ERR,ERR,ERR,ERR,ERR,ERR,ERR,ERR,ERR,ERR,ERR,ERR,ERR,ERR,ERR,ERR,ERR,-107615880.0,-0.0,0.0,0.0,140341403451392.0,0.0,6.471604694454593e+35,-0.0,4300,0,8,17169,4300,0.0,41,0.0,0.0,0.0,0.0,0.0,0,0,0,0,0.0,0,0,0,0,0,0,0,0,0,0,0,0,0,0,0,0,0,0,0,0,0,0,0,0,0,0,0,0,0,0,0,0,0,11,35,35,46,65476,366,65476,1,0,4,21553,0.0,-107610720.0,0.0,0.0,0.0,0.0,0.0,0.0,0.0,0.0,0.0,0.0,0.0,0.0,0.0,0.0,0.0,0.0,0.0,0.0,0.0,2.004,2.004,-3.6970818999223845e+19,-3.697074423243316e+19,0.0,0.0,0.0,0.0,0.0,6616.0,564149188820992.0,0.0,-107615880.0,-0.0,0.0,-0.0,0.0,0.0,2.004,2.004,228,-0.0,0.0,0.0,0.0,0.0,0.0,0.0,0.0,0.0,0,0,0,-0.0,-0.0,4083932.0,0.0,50400704.0,0.012,-1442.189,-8.383222385887166e+37,-14481.562,-5.1775727997075673e+33,-5776148.5,1.848624073040252e+19,0.0,0.009,0.0,-0.0,0,1.3516416376850534e+27,228,0.0,456,2.40156025918058e+36,-0.235,2114,52429,17109,52429,17111,39322,17095,0,0,0,101,100,100,0.0,66.0,0.0,66.9,-107615264.0,66.0,1,49,50,180,39322,52429,0,0,0.0,0.0,0.0,60.0,0.0,71.0,0.0,-8272.34,0.0,1068,0,1069,0,0,0,1069,0,1079,0,998,0,664,0,666,0,660,0,679,0.032,1.4536034330083127e+22,-0.0,-0.0,31760,16813,0.0,-8272.34,-1.2183750489742364e+25,2.1054644367550054e+18,26148616536064.0,-3.316,50.0,60.0,35,0.0,0.0,10.0,2.0,0.0,0.0,0.0,0.0,0.0,0.0,0.0,0.0,0.0,0.0,0.0,0.0,58.8,47,16,65516,27,65476,0,300,0,0,8,20529,65476,0,0,30147,60.0,0.0,10.0,10.0,2.0,0.0
2026-02-16T12:47:11,ERR,ERR,ERR,ERR,ERR,ERR,ERR,ERR,ERR,ERR,ERR,ERR,ERR,ERR,ERR,ERR,ERR,ERR,ERR,ERR,ERR,ERR,ERR,ERR,ERR,ERR,ERR,ERR,ERR,ERR,ERR,ERR,ERR,ERR,ERR,ERR,ERR,ERR,ERR,ERR,ERR,ERR,ERR,ERR,ERR,ERR,ERR,ERR,ERR,ERR,ERR,ERR,ERR,ERR,ERR,ERR,ERR,ERR,ERR,ERR,ERR,ERR,ERR,ERR,ERR,ERR,ERR,ERR,ERR,ERR,ERR,ERR,ERR,ERR,ERR,ERR,ERR,ERR,ERR,ERR,ERR,ERR,ERR,ERR,ERR,ERR,ERR,ERR,ERR,ERR,ERR,ERR,ERR,ERR,ERR,ERR,ERR,ERR,ERR,ERR,ERR,ERR,ERR,ERR,ERR,ERR,ERR,ERR,ERR,ERR,ERR,ERR,ERR,ERR,ERR,ERR,ERR,ERR,ERR,ERR,ERR,ERR,ERR,ERR,ERR,-107615880.0,-0.0,0.0,0.0,140341403451392.0,0.0,6.471604694454593e+35,-0.0,4300,0,8,17169,4300,0.0,41,0.0,0.0,0.0,0.0,0.0,0,0,0,0,0.0,0,0,0,0,0,0,0,0,0,0,0,0,0,0,0,0,0,0,0,0,0,0,0,0,0,0,0,0,0,0,0,0,0,11,35,35,46,65476,366,65476,1,0,4,21553,0.0,-107610720.0,0.0,0.0,0.0,0.0,0.0,0.0,0.0,0.0,0.0,0.0,0.0,0.0,0.0,0.0,0.0,0.0,0.0,0.0,0.0,2.004,2.004,-3.6970818999223845e+19,-3.697074423243316e+19,0.0,0.0,0.0,0.0,0.0,6616.0,564149188820992.0,0.0,-107615880.0,-0.0,0.0,-0.0,0.0,0.0,2.004,2.004,228,-0.0,0.0,0.0,0.0,0.0,0.0,0.0,0.0,0.0,0,0,0,-0.0,-0.0,4083932.0,0.0,50400704.0,0.012,-1442.189,-8.383222385887166e+37,-14481.562,-5.1775727997075673e+33,-5776148.5,1.848624073040252e+19,0.0,0.009,0.0,-0.0,0,1.3516416376850534e+27,228,0.0,456,2.40156025918058e+36,-0.235,2114,0,17110,52429,17111,39322,17095,0,0,0,101,100,100,0.0,66.1,0.0,66.9,-107615264.0,66.0,1,49,50,180,39322,52429,0,0,0.0,0.0,0.0,60.0,0.0,71.0,0.0,-0.0,0.0,1069,0,1069,0,0,0,1069,0,1079,0,998,0,664,0,666,0,660,0,678,0.032,1.4536034330083127e+22,-0.0,-0.0,46480,16813,0.0,-0.0,-9.730389032080971e+36,0.0,3.470197008898082e+28,-894427725824.0,50.0,60.0,35,0.0,0.0,10.0,2.0,0.0,0.0,0.0,0.0,0.0,0.0,0.0,0.0,0.0,0.0,0.0,0.0,58.8,47,16,65516,27,65476,0,65476,0,0,2,20529,65476,0,0,30147,60.0,0.0,10.0,10.0,2.0,0.0
2026-02-16T12:47:12,ERR,ERR,ERR,ERR,ERR,ERR,ERR,ERR,ERR,ERR,ERR,ERR,ERR,ERR,ERR,ERR,ERR,ERR,ERR,ERR,ERR,ERR,ERR,ERR,ERR,ERR,ERR,ERR,ERR,ERR,ERR,ERR,ERR,ERR,ERR,ERR,ERR,ERR,ERR,ERR,ERR,ERR,ERR,ERR,ERR,ERR,ERR,ERR,ERR,ERR,ERR,ERR,ERR,ERR,ERR,ERR,ERR,ERR,ERR,ERR,ERR,ERR,ERR,ERR,ERR,ERR,ERR,ERR,ERR,ERR,ERR,ERR,ERR,ERR,ERR,ERR,ERR,ERR,ERR,ERR,ERR,ERR,ERR,ERR,ERR,ERR,ERR,ERR,ERR,ERR,ERR,ERR,ERR,ERR,ERR,ERR,ERR,ERR,ERR,ERR,ERR,ERR,ERR,ERR,ERR,ERR,ERR,ERR,ERR,ERR,ERR,ERR,ERR,ERR,ERR,ERR,ERR,ERR,ERR,ERR,ERR,ERR,ERR,ERR,ERR,-107615880.0,-0.0,0.0,0.0,140341403451392.0,0.0,6.471604694454593e+35,-0.0,4300,0,8,17169,4300,0.0,41,0.0,0.0,0.0,0.0,0.0,0,0,0,0,0.0,0,0,0,0,0,0,0,0,0,0,0,0,0,0,0,0,0,0,0,0,0,0,0,0,0,0,0,0,0,0,0,0,0,11,35,35,46,65476,366,65476,1,0,4,21553,0.0,-107610720.0,0.0,0.0,0.0,0.0,0.0,0.0,0.0,0.0,0.0,0.0,0.0,0.0,0.0,0.0,0.0,0.0,0.0,0.0,0.0,2.004,2.004,-3.6970818999223845e+19,-3.697074423243316e+19,0.0,0.0,0.0,0.0,0.0,6616.0,564149188820992.0,0.0,-107615880.0,-0.0,0.0,-0.0,0.0,0.0,2.004,2.004,228,-0.0,0.0,0.0,0.0,0.0,0.0,0.0,0.0,0.0,0,0,0,-0.0,-0.0,4083932.0,0.0,50400704.0,0.012,-1442.189,-8.383222385887166e+37,-14481.562,-5.1775727997075673e+33,-5776148.5,1.848624073040252e+19,0.0,0.009,0.0,-0.0,0,1.3516416376850534e+27,228,0.0,456,2.40156025918058e+36,-0.235,2114,0,17110,52429,17111,39322,17095,0,0,0,101,100,100,0.0,66.1,0.0,66.9,-107615264.0,66.0,1,49,50,180,39322,52429,0,0,0.0,0.0,0.0,60.0,0.0,71.0,0.0,-0.0,0.0,1069,0,1069,0,0,0,1069,0,1079,0,998,0,664,0,666,0,660,0,678,0.032,1.4536034330083127e+22,-0.0,-0.0,46480,16813,0.0,-0.0,-9.730389032080971e+36,0.0,3.470197008898082e+28,-894427725824.0,50.0,60.0,35,0.0,0.0,10.0,2.0,0.0,0.0,0.0,0.0,0.0,0.0,0.0,0.0,0.0,0.0,0.0,0.0,58.8,47,16,65516,27,65476,0,65476,0,0,2,20529,65476,0,0,30147,60.0,0.0,10.0,10.0,2.0,0.0
2026-02-16T12:47:13,ERR,ERR,ERR,ERR,ERR,ERR,ERR,ERR,ERR,ERR,ERR,ERR,ERR,ERR,ERR,ERR,ERR,ERR,ERR,ERR,ERR,ERR,ERR,ERR,ERR,ERR,ERR,ERR,ERR,ERR,ERR,ERR,ERR,ERR,ERR,ERR,ERR,ERR,ERR,ERR,ERR,ERR,ERR,ERR,ERR,ERR,ERR,ERR,ERR,ERR,ERR,ERR,ERR,ERR,ERR,ERR,ERR,ERR,ERR,ERR,ERR,ERR,ERR,ERR,ERR,ERR,ERR,ERR,ERR,ERR,ERR,ERR,ERR,ERR,ERR,ERR,ERR,ERR,ERR,ERR,ERR,ERR,ERR,ERR,ERR,ERR,ERR,ERR,ERR,ERR,ERR,ERR,ERR,ERR,ERR,ERR,ERR,ERR,ERR,ERR,ERR,ERR,ERR,ERR,ERR,ERR,ERR,ERR,ERR,ERR,ERR,ERR,ERR,ERR,ERR,ERR,ERR,ERR,ERR,ERR,ERR,ERR,ERR,ERR,ERR,0.0,-0.0,2.7420187948523476e+23,0.0,-0.0,0.528,-0.0,-426.501,4300,0,8,17170,4300,0.0,41,0.0,0.0,0.0,0.0,0.0,0,0,0,0,0.0,0,0,0,0,0,0,0,0,0,0,0,0,0,0,0,0,0,0,0,0,0,0,0,0,0,0,0,0,0,0,0,0,0,11,35,35,46,65476,366,65476,1,0,4,21553,0.0,0.0,0.0,0.0,0.0,0.0,0.0,0.0,0.0,0.0,0.0,0.0,0.0,0.0,0.0,0.0,0.0,0.0,0.0,0.0,0.0,2.004,2.004,-3.6970818999223845e+19,-2.004,0.0,0.0,0.0,0.0,0.0,6620.0,0.0,0.0,0.0,-0.0,0.0,-0.0,0.0,0.0,2.004,2.004,227,0.0,-4.95042434246788e+32,0.0,0.0,0.0,0.0,0.0,0.0,0.0,0,0,0,-96.132,-5.5548568739890814e+23,2.0625410872896011e+30,0.0,1.3192550716002703e+35,0.0,-0.0,1.717007384997132e+35,-5.159876947964111e+37,-5.649626571367947e+33,-6169364.5,2.021562298731279e+19,0.0,0.01,0.0,2554281472.0,0,1.3516416376850534e+27,227,0.0,454,-621855232.0,-2.2165415544150295e+20,2114,0,17110,52429,17111,39322,17095,0,0,0,101,100,100,0.0,66.1,0.0,66.9,-107615264.0,66.0,1,49,50,180,39322,52429,0,0,0.0,0.0,0.0,60.0,0.0,71.0,0.0,-0.0,0.0,1069,0,1069,0,0,0,1069,0,1079,0,998,0,664,0,666,0,660,0,678,0.032,1.4536034330083127e+22,-0.0,-0.0,46480,16813,0.0,-0.0,-9.730389032080971e+36,0.0,3.470197008898082e+28,-894427725824.0,50.0,60.0,35,0.0,0.0,10.0,2.0,0.0,0.0,0.0,0.0,0.0,0.0,0.0,0.0,0.0,0.0,0.0,0.0,58.8,47,16,65516,27,65476,0,65476,0,0,4,20529,65476,0,0,30147,60.0,0.0,10.0,10.0,2.0,0.0
2026-02-16T12:47:14,ERR,ERR,ERR,ERR,ERR,ERR,ERR,ERR,ERR,ERR,ERR,ERR,ERR,ERR,ERR,ERR,ERR,ERR,ERR,ERR,ERR,ERR,ERR,ERR,ERR,ERR,ERR,ERR,ERR,ERR,ERR,ERR,ERR,ERR,ERR,ERR,ERR,ERR,ERR,ERR,ERR,ERR,ERR,ERR,ERR,ERR,ERR,ERR,ERR,ERR,ERR,ERR,ERR,ERR,ERR,ERR,ERR,ERR,ERR,ERR,ERR,ERR,ERR,ERR,ERR,ERR,ERR,ERR,ERR,ERR,ERR,ERR,ERR,ERR,ERR,ERR,ERR,ERR,ERR,ERR,ERR,ERR,ERR,ERR,ERR,ERR,ERR,ERR,ERR,ERR,ERR,ERR,ERR,ERR,ERR,ERR,ERR,ERR,ERR,ERR,ERR,ERR,ERR,ERR,ERR,ERR,ERR,ERR,ERR,ERR,ERR,ERR,ERR,ERR,ERR,ERR,ERR,ERR,ERR,ERR,ERR,ERR,ERR,ERR,ERR,0.0,-0.0,2.7420187948523476e+23,0.0,-0.0,0.528,-0.0,-426.501,4300,0,8,17170,4300,0.0,41,0.0,0.0,0.0,0.0,0.0,0,0,0,0,0.0,0,0,0,0,0,0,0,0,0,0,0,0,0,0,0,0,0,0,0,0,0,0,0,0,0,0,0,0,0,0,0,0,0,11,35,35,46,65476,366,65476,1,0,4,21553,0.0,0.0,0.0,0.0,0.0,0.0,0.0,0.0,0.0,0.0,0.0,0.0,0.0,0.0,0.0,0.0,0.0,0.0,0.0,0.0,0.0,2.004,2.004,-3.6970818999223845e+19,-2.004,0.0,0.0,0.0,0.0,0.0,6620.0,0.0,0.0,0.0,-0.0,0.0,-0.0,0.0,0.0,2.004,2.004,227,0.0,-4.95042434246788e+32,0.0,0.0,0.0,0.0,0.0,0.0,0.0,0,0,0,-96.132,-5.5548568739890814e+23,2.0625410872896011e+30,0.0,1.3192550716002703e+35,0.0,-0.0,1.717007384997132e+35,-5.159876947964111e+37,-5.649626571367947e+33,-6169364.5,2.021562298731279e+19,0.0,0.01,0.0,2554281472.0,0,1.3516416376850534e+27,227,0.0,454,-621855232.0,-2.2165415544150295e+20,2114,52429,17109,52429,17111,39322,17095,0,0,0,101,100,100,0.0,66.0,0.0,66.9,-107615264.0,66.0,1,49,50,180,52429,52429,0,0,0.0,0.0,0.0,60.0,0.0,71.0,0.0,-0.0,0.0,1069,0,1069,0,0,0,1069,0,1079,0,998,0,664,0,666,0,660,0,678,0.032,1.4609821306377965e+22,-0.0,-0.0,48400,16813,0.0,-0.0,-0.0,4.700710451271434e+17,0.02,4.154842395927985e+28,50.0,60.0,35,0.0,0.0,10.0,2.0,0.0,0.0,0.0,0.0,0.0,0.0,0.0,0.0,0.0,0.0,0.0,0.0,58.8,47,16,65516,27,65476,0,65476,0,0,4,20529,65476,0,0,30147,60.0,0.0,10.0,10.0,2.0,0.0
2026-02-16T12:47:15,ERR,ERR,ERR,ERR,ERR,ERR,ERR,ERR,ERR,ERR,ERR,ERR,ERR,ERR,ERR,ERR,ERR,ERR,ERR,ERR,ERR,ERR,ERR,ERR,ERR,ERR,ERR,ERR,ERR,ERR,ERR,ERR,ERR,ERR,ERR,ERR,ERR,ERR,ERR,ERR,ERR,ERR,ERR,ERR,ERR,ERR,ERR,ERR,ERR,ERR,ERR,ERR,ERR,ERR,ERR,ERR,ERR,ERR,ERR,ERR,ERR,ERR,ERR,ERR,ERR,ERR,ERR,ERR,ERR,ERR,ERR,ERR,ERR,ERR,ERR,ERR,ERR,ERR,ERR,ERR,ERR,ERR,ERR,ERR,ERR,ERR,ERR,ERR,ERR,ERR,ERR,ERR,ERR,ERR,ERR,ERR,ERR,ERR,ERR,ERR,ERR,ERR,ERR,ERR,ERR,ERR,ERR,ERR,ERR,ERR,ERR,ERR,ERR,ERR,ERR,ERR,ERR,ERR,ERR,ERR,ERR,ERR,ERR,ERR,ERR,0.0,-0.0,2.7420187948523476e+23,0.0,-0.0,0.528,-0.0,-426.501,4300,0,8,17170,4300,0.0,41,0.0,0.0,0.0,0.0,0.0,0,0,0,0,0.0,0,0,0,0,0,0,0,0,0,0,0,0,0,0,0,0,0,0,0,0,0,0,0,0,0,0,0,0,0,0,0,0,0,11,35,35,46,65476,366,65476,1,0,4,21553,0.0,0.0,0.0,0.0,0.0,0.0,0.0,0.0,0.0,0.0,0.0,0.0,0.0,0.0,0.0,0.0,0.0,0.0,0.0,0.0,0.0,2.004,2.004,-3.6970818999223845e+19,-2.004,0.0,0.0,0.0,0.0,0.0,6620.0,0.0,0.0,0.0,-0.0,0.0,-0.0,0.0,0.0,2.004,2.004,227,0.0,-4.95042434246788e+32,0.0,0.0,0.0,0.0,0.0,0.0,0.0,0,0,0,-96.132,-5.5548568739890814e+23,2.0625410872896011e+30,0.0,1.3192550716002703e+35,0.0,-0.0,1.717007384997132e+35,-5.159876947964111e+37,-5.649626571367947e+33,-6169364.5,2.021562298731279e+19,0.0,0.01,0.0,2554281472.0,0,1.3516416376850534e+27,227,0.0,454,-621855232.0,-2.2165415544150295e+20,2114,52429,17109,52429,17111,39322,17095,0,0,0,101,100,100,0.0,66.0,0.0,66.9,-107615264.0,66.0,1,49,50,180,52429,52429,0,0,0.0,0.0,0.0,60.0,0.0,71.0,0.0,-0.0,0.0,1069,0,1069,0,0,0,1069,0,1079,0,998,0,664,0,666,0,660,0,678,0.032,1.4609821306377965e+22,-0.0,-0.0,48400,16813,0.0,-0.0,-0.0,4.700710451271434e+17,0.02,4.154842395927985e+28,50.0,60.0,35,0.0,0.0,10.0,2.0,0.0,0.0,0.0,0.0,0.0,0.0,0.0,0.0,0.0,0.0,0.0,0.0,59.2,46,16,65516,27,65476,0,300,1,0,8,20529,65476,0,0,30147,60.0,0.0,10.0,10.0,2.0,0.0
2026-02-16T12:47:16,ERR,ERR,ERR,ERR,ERR,ERR,ERR,ERR,ERR,ERR,ERR,ERR,ERR,ERR,ERR,ERR,ERR,ERR,ERR,ERR,ERR,ERR,ERR,ERR,ERR,ERR,ERR,ERR,ERR,ERR,ERR,ERR,ERR,ERR,ERR,ERR,ERR,ERR,ERR,ERR,ERR,ERR,ERR,ERR,ERR,ERR,ERR,ERR,ERR,ERR,ERR,ERR,ERR,ERR,ERR,ERR,ERR,ERR,ERR,ERR,ERR,ERR,ERR,ERR,ERR,ERR,ERR,ERR,ERR,ERR,ERR,ERR,ERR,ERR,ERR,ERR,ERR,ERR,ERR,ERR,ERR,ERR,ERR,ERR,ERR,ERR,ERR,ERR,ERR,ERR,ERR,ERR,ERR,ERR,ERR,ERR,ERR,ERR,ERR,ERR,ERR,ERR,ERR,ERR,ERR,ERR,ERR,ERR,ERR,ERR,ERR,ERR,ERR,ERR,ERR,ERR,ERR,ERR,ERR,ERR,ERR,ERR,ERR,ERR,ERR,0.0,-0.0,2.7420187948523476e+23,0.0,-0.0,0.528,-0.0,-426.501,4300,0,8,17170,4300,0.0,41,0.0,0.0,0.0,0.0,0.0,0,0,0,0,0.0,0,0,0,0,0,0,0,0,0,0,0,0,0,0,0,0,0,0,0,0,0,0,0,0,0,0,0,0,0,0,0,0,0,11,35,35,46,65476,366,65476,1,0,4,21553,0.0,0.0,0.0,0.0,0.0,0.0,0.0,0.0,0.0,0.0,0.0,0.0,0.0,0.0,0.0,0.0,0.0,0.0,0.0,0.0,0.0,2.004,2.004,-3.6970818999223845e+19,-2.004,0.0,0.0,0.0,0.0,0.0,6620.0,0.0,0.0,0.0,-0.0,0.0,-0.0,0.0,0.0,2.004,2.004,227,0.0,-4.95042434246788e+32,0.0,0.0,0.0,0.0,0.0,0.0,0.0,0,0,0,-96.132,-5.5548568739890814e+23,2.0625410872896011e+30,0.0,1.3192550716002703e+35,0.0,-0.0,1.717007384997132e+35,-5.159876947964111e+37,-5.649626571367947e+33,-6169364.5,2.021562298731279e+19,0.0,0.01,0.0,2554281472.0,0,1.3516416376850534e+27,227,0.0,454,-621855232.0,-2.2165415544150295e+20,2114,52429,17109,52429,17111,39322,17095,0,0,0,101,100,100,0.0,66.0,0.0,66.9,-107615264.0,66.0,1,49,50,180,52429,52429,0,0,0.0,0.0,0.0,60.0,0.0,71.0,0.0,-0.0,0.0,1069,0,1069,0,0,0,1069,0,1079,0,998,0,664,0,666,0,660,0,678,0.032,1.4609821306377965e+22,-0.0,-0.0,48400,16813,0.0,-0.0,-0.0,4.700710451271434e+17,0.02,4.154842395927985e+28,50.0,60.0,35,0.0,0.0,10.0,2.0,0.0,0.0,0.0,0.0,0.0,0.0,0.0,0.0,0.0,0.0,0.0,0.0,58.8,46,16,65516,27,65476,0,300,0,0,8,20529,65476,0,0,30147,60.0,0.0,10.0,10.0,2.0,0.0
2026-02-16T12:47:17,ERR,ERR,ERR,ERR,ERR,ERR,ERR,ERR,ERR,ERR,ERR,ERR,ERR,ERR,ERR,ERR,ERR,ERR,ERR,ERR,ERR,ERR,ERR,ERR,ERR,ERR,ERR,ERR,ERR,ERR,ERR,ERR,ERR,ERR,ERR,ERR,ERR,ERR,ERR,ERR,ERR,ERR,ERR,ERR,ERR,ERR,ERR,ERR,ERR,ERR,ERR,ERR,ERR,ERR,ERR,ERR,ERR,ERR,ERR,ERR,ERR,ERR,ERR,ERR,ERR,ERR,ERR,ERR,ERR,ERR,ERR,ERR,ERR,ERR,ERR,ERR,ERR,ERR,ERR,ERR,ERR,ERR,ERR,ERR,ERR,ERR,ERR,ERR,ERR,ERR,ERR,ERR,ERR,ERR,ERR,ERR,ERR,ERR,ERR,ERR,ERR,ERR,ERR,ERR,ERR,ERR,ERR,ERR,ERR,ERR,ERR,ERR,ERR,ERR,ERR,ERR,ERR,ERR,ERR,ERR,ERR,ERR,ERR,ERR,ERR,0.0,-0.0,2.7420187948523476e+23,0.0,-0.0,0.0,28451.475,-7.684609998896587e+37,4300,0,8,17170,4300,0.0,41,0.0,0.0,0.0,0.0,0.0,0,0,0,0,0.0,0,0,0,0,0,0,0,0,0,0,0,0,0,0,0,0,0,0,0,0,0,0,0,0,0,0,0,0,0,0,0,0,0,11,35,35,46,65476,375,65476,1,0,4,21553,0.0,0.0,0.0,0.0,0.0,0.0,0.0,0.0,0.0,0.0,0.0,0.0,0.0,0.0,0.0,0.0,0.0,0.0,0.0,0.0,0.0,2.004,0.0,-3.6970818999223845e+19,-2.004,2.004,0.0,0.0,0.0,0.0,6592.0,0.0,0.0,-107615880.0,-0.0,0.0,-2.7184507374263774e+23,0.0,0.0,2.004,2.004,227,-4.9504015179484054e+32,-4.066875947584353e+29,0.0,0.0,0.0,0.0,0.0,0.0,0.0,0,0,0,-0.242,0.0,1.1550645475733386e+30,0.0,-0.0,14177251328.0,-2.3089979918588995e+20,-0.0,-5224.781,-6.136404401855587e+33,-6595348.5,2.194500524422306e+19,0.0,0.01,0.0,-0.0,0,1.3516416376850534e+27,227,0.0,454,2.40156025918058e+36,-0.235,2114,52429,17109,52429,17111,39322,17095,0,0,0,101,100,100,0.0,66.1,0.0,66.9,-107615264.0,66.0,1,49,50,180,52429,26215,0,0,0.0,0.0,0.0,60.0,0.0,71.0,0.0,0.0,0.0,1068,0,1069,0,0,0,1069,0,1079,0,998,0,664,0,666,0,660,0,678,0.032,1.4609821306377965e+22,-0.0,-0.0,45712,16813,0.0,0.0,2884.01,-4.6079973613448884e+32,-3.3913229444739236e+18,-2.8447565668765863e+25,50.0,60.0,35,0.0,0.0,10.0,2.0,0.0,0.0,0.0,0.0,0.0,0.0,0.0,0.0,0.0,0.0,0.0,0.0,58.8,46,16,65516,27,65476,0,300,0,0,8,20529,65476,0,0,30147,60.0,0.0,10.0,10.0,2.0,0.0
2026-02-16T12:47:18,ERR,ERR,ERR,ERR,ERR,ERR,ERR,ERR,ERR,ERR,ERR,ERR,ERR,ERR,ERR,ERR,ERR,ERR,ERR,ERR,ERR,ERR,ERR,ERR,ERR,ERR,ERR,ERR,ERR,ERR,ERR,ERR,ERR,ERR,ERR,ERR,ERR,ERR,ERR,ERR,ERR,ERR,ERR,ERR,ERR,ERR,ERR,ERR,ERR,ERR,ERR,ERR,ERR,ERR,ERR,ERR,ERR,ERR,ERR,ERR,ERR,ERR,ERR,ERR,ERR,ERR,ERR,ERR,ERR,ERR,ERR,ERR,ERR,ERR,ERR,ERR,ERR,ERR,ERR,ERR,ERR,ERR,ERR,ERR,ERR,ERR,ERR,ERR,ERR,ERR,ERR,ERR,ERR,ERR,ERR,ERR,ERR,ERR,ERR,ERR,ERR,ERR,ERR,ERR,ERR,ERR,ERR,ERR,ERR,ERR,ERR,ERR,ERR,ERR,ERR,ERR,ERR,ERR,ERR,ERR,ERR,ERR,ERR,ERR,ERR,0.0,-0.0,2.7420187948523476e+23,0.0,-0.0,0.0,28451.475,-7.684609998896587e+37,4300,0,8,17170,4300,0.0,41,0.0,0.0,0.0,0.0,0.0,0,0,0,0,0.0,0,0,0,0,0,0,0,0,0,0,0,0,0,0,0,0,0,0,0,0,0,0,0,0,0,0,0,0,0,0,0,0,0,11,35,35,46,65476,375,65476,1,0,4,21553,0.0,0.0,0.0,0.0,0.0,0.0,0.0,0.0,0.0,0.0,0.0,0.0,0.0,0.0,0.0,0.0,0.0,0.0,0.0,0.0,0.0,2.004,0.0,-3.6970818999223845e+19,-2.004,2.004,0.0,0.0,0.0,0.0,6592.0,0.0,0.0,-107615880.0,-0.0,0.0,-2.7184507374263774e+23,0.0,0.0,2.004,2.004,227,-4.9504015179484054e+32,-4.066875947584353e+29,0.0,0.0,0.0,0.0,0.0,0.0,0.0,0,0,0,-0.242,0.0,1.1550645475733386e+30,0.0,-0.0,14177251328.0,-2.3089979918588995e+20,-0.0,-5224.781,-6.136404401855587e+33,-6595348.5,2.194500524422306e+19,0.0,0.01,0.0,-0.0,0,1.3516416376850534e+27,227,0.0,454,2.40156025918058e+36,-0.235,2114,52429,17109,52429,17111,39322,17095,0,0,0,101,100,100,0.0,66.1,0.0,66.9,-107615264.0,66.0,1,49,50,180,52429,26215,0,0,0.0,0.0,0.0,60.0,0.0,71.0,0.0,0.0,0.0,1068,0,1069,0,0,0,1069,0,1079,0,998,0,664,0,666,0,660,0,678,0.032,1.4609821306377965e+22,-0.0,-0.0,45712,16813,0.0,0.0,2884.01,-4.6079973613448884e+32,-3.3913229444739236e+18,-2.8447565668765863e+25,50.0,60.0,35,0.0,0.0,10.0,2.0,0.0,0.0,0.0,0.0,0.0,0.0,0.0,0.0,0.0,0.0,0.0,0.0,58.8,46,17,65517,27,65476,0,65476,0,0,2,20529,65476,0,0,30147,60.0,0.0,10.0,10.0,2.0,0.0
2026-02-16T12:47:19,ERR,ERR,ERR,ERR,ERR,ERR,ERR,ERR,ERR,ERR,ERR,ERR,ERR,ERR,ERR,ERR,ERR,ERR,ERR,ERR,ERR,ERR,ERR,ERR,ERR,ERR,ERR,ERR,ERR,ERR,ERR,ERR,ERR,ERR,ERR,ERR,ERR,ERR,ERR,ERR,ERR,ERR,ERR,ERR,ERR,ERR,ERR,ERR,ERR,ERR,ERR,ERR,ERR,ERR,ERR,ERR,ERR,ERR,ERR,ERR,ERR,ERR,ERR,ERR,ERR,ERR,ERR,ERR,ERR,ERR,ERR,ERR,ERR,ERR,ERR,ERR,ERR,ERR,ERR,ERR,ERR,ERR,ERR,ERR,ERR,ERR,ERR,ERR,ERR,ERR,ERR,ERR,ERR,ERR,ERR,ERR,ERR,ERR,ERR,ERR,ERR,ERR,ERR,ERR,ERR,ERR,ERR,ERR,ERR,ERR,ERR,ERR,ERR,ERR,ERR,ERR,ERR,ERR,ERR,ERR,ERR,ERR,ERR,ERR,ERR,0.0,-0.0,2.7420187948523476e+23,0.0,-0.0,0.0,28451.475,-7.684609998896587e+37,4300,0,8,17170,4300,0.0,41,0.0,0.0,0.0,0.0,0.0,0,0,0,0,0.0,0,0,0,0,0,0,0,0,0,0,0,0,0,0,0,0,0,0,0,0,0,0,0,0,0,0,0,0,0,0,0,0,0,11,35,35,46,65476,375,65476,1,0,4,21553,0.0,0.0,0.0,0.0,0.0,0.0,0.0,0.0,0.0,0.0,0.0,0.0,0.0,0.0,0.0,0.0,0.0,0.0,0.0,0.0,0.0,2.004,0.0,-3.6970818999223845e+19,-2.004,2.004,0.0,0.0,0.0,0.0,6592.0,0.0,0.0,-107615880.0,-0.0,0.0,-2.7184507374263774e+23,0.0,0.0,2.004,2.004,227,-4.9504015179484054e+32,-4.066875947584353e+29,0.0,0.0,0.0,0.0,0.0,0.0,0.0,0,0,0,-0.242,0.0,1.1550645475733386e+30,0.0,-0.0,14177251328.0,-2.3089979918588995e+20,-0.0,-5224.781,-6.136404401855587e+33,-6595348.5,2.194500524422306e+19,0.0,0.01,0.0,-0.0,0,1.3516416376850534e+27,227,0.0,454,2.40156025918058e+36,-0.235,2114,52429,17109,52429,17111,39322,17095,0,0,0,101,100,100,0.0,66.1,0.0,66.9,-107615264.0,66.0,1,49,50,180,52429,26215,0,0,0.0,0.0,0.0,60.0,0.0,71.0,0.0,0.0,0.0,1068,0,1069,0,0,0,1069,0,1079,0,998,0,664,0,666,0,660,0,678,0.032,1.4609821306377965e+22,-0.0,-0.0,45712,16813,0.0,0.0,2884.01,-4.6079973613448884e+32,-3.3913229444739236e+18,-2.8447565668765863e+25,50.0,60.0,35,0.0,0.0,10.0,2.0,0.0,0.0,0.0,0.0,0.0,0.0,0.0,0.0,0.0,0.0,0.0,0.0,58.8,46,17,65517,27,65476,0,65476,1,0,4,20529,65476,0,0,30147,60.0,0.0,10.0,10.0,2.0,0.0
2026-02-16T12:47:20,ERR,ERR,ERR,ERR,ERR,ERR,ERR,ERR,ERR,ERR,ERR,ERR,ERR,ERR,ERR,ERR,ERR,ERR,ERR,ERR,ERR,ERR,ERR,ERR,ERR,ERR,ERR,ERR,ERR,ERR,ERR,ERR,ERR,ERR,ERR,ERR,ERR,ERR,ERR,ERR,ERR,ERR,ERR,ERR,ERR,ERR,ERR,ERR,ERR,ERR,ERR,ERR,ERR,ERR,ERR,ERR,ERR,ERR,ERR,ERR,ERR,ERR,ERR,ERR,ERR,ERR,ERR,ERR,ERR,ERR,ERR,ERR,ERR,ERR,ERR,ERR,ERR,ERR,ERR,ERR,ERR,ERR,ERR,ERR,ERR,ERR,ERR,ERR,ERR,ERR,ERR,ERR,ERR,ERR,ERR,ERR,ERR,ERR,ERR,ERR,ERR,ERR,ERR,ERR,ERR,ERR,ERR,ERR,ERR,ERR,ERR,ERR,ERR,ERR,ERR,ERR,ERR,ERR,ERR,ERR,ERR,ERR,ERR,ERR,ERR,0.0,-0.0,2.7420187948523476e+23,0.0,-0.0,0.0,28451.475,-7.684609998896587e+37,4300,0,8,17170,4300,0.0,41,0.0,0.0,0.0,0.0,0.0,0,0,0,0,0.0,0,0,0,0,0,0,0,0,0,0,0,0,0,0,0,0,0,0,0,0,0,0,0,0,0,0,0,0,0,0,0,0,0,11,35,35,46,65476,375,65476,1,0,4,21553,0.0,0.0,0.0,0.0,0.0,0.0,0.0,0.0,0.0,0.0,0.0,0.0,0.0,0.0,0.0,0.0,0.0,0.0,0.0,0.0,0.0,2.004,0.0,-3.6970818999223845e+19,-2.004,2.004,0.0,0.0,0.0,0.0,6592.0,0.0,0.0,-107615880.0,-0.0,0.0,-2.7184507374263774e+23,0.0,0.0,2.004,2.004,227,-4.9504015179484054e+32,-4.066875947584353e+29,0.0,0.0,0.0,0.0,0.0,0.0,0.0,0,0,0,-0.242,0.0,1.1550645475733386e+30,0.0,-0.0,14177251328.0,-2.3089979918588995e+20,-0.0,-5224.781,-6.136404401855587e+33,-6595348.5,2.194500524422306e+19,0.0,0.01,0.0,-0.0,0,1.3516416376850534e+27,227,0.0,454,2.40156025918058e+36,-0.235,2114,52429,17109,52429,17111,39322,17095,0,0,0,101,100,100,0.0,66.1,0.0,66.9,-107615264.0,66.0,1,49,50,180,52429,26215,0,0,0.0,0.0,0.0,60.0,0.0,71.0,0.0,0.0,0.0,1068,0,1069,0,0,0,1069,0,1079,0,998,0,664,0,666,0,660,0,678,0.032,1.4609821306377965e+22,-0.0,-0.0,45712,16813,0.0,0.0,2884.01,-4.6079973613448884e+32,-3.3913229444739236e+18,-2.8447565668765863e+25,50.0,60.0,35,0.0,0.0,10.0,2.0,0.0,0.0,0.0,0.0,0.0,0.0,0.0,0.0,0.0,0.0,0.0,0.0,58.8,46,17,65517,27,65476,0,65476,1,0,4,20529,65476,0,0,30147,60.0,0.0,10.0,10.0,2.0,0.0
2026-02-16T12:47:21,ERR,ERR,ERR,ERR,ERR,ERR,ERR,ERR,ERR,ERR,ERR,ERR,ERR,ERR,ERR,ERR,ERR,ERR,ERR,ERR,ERR,ERR,ERR,ERR,ERR,ERR,ERR,ERR,ERR,ERR,ERR,ERR,ERR,ERR,ERR,ERR,ERR,ERR,ERR,ERR,ERR,ERR,ERR,ERR,ERR,ERR,ERR,ERR,ERR,ERR,ERR,ERR,ERR,ERR,ERR,ERR,ERR,ERR,ERR,ERR,ERR,ERR,ERR,ERR,ERR,ERR,ERR,ERR,ERR,ERR,ERR,ERR,ERR,ERR,ERR,ERR,ERR,ERR,ERR,ERR,ERR,ERR,ERR,ERR,ERR,ERR,ERR,ERR,ERR,ERR,ERR,ERR,ERR,ERR,ERR,ERR,ERR,ERR,ERR,ERR,ERR,ERR,ERR,ERR,ERR,ERR,ERR,ERR,ERR,ERR,ERR,ERR,ERR,ERR,ERR,ERR,ERR,ERR,ERR,ERR,ERR,ERR,ERR,ERR,ERR,0.0,-0.0,2.7420187948523476e+23,0.0,-0.0,0.0,28451.475,-7.684609998896587e+37,4300,0,8,17170,4300,0.0,41,0.0,0.0,0.0,0.0,0.0,0,0,0,0,0.0,0,0,0,0,0,0,0,0,0,0,0,0,0,0,0,0,0,0,0,0,0,0,0,0,0,0,0,0,0,0,0,0,0,11,35,35,46,65476,375,65476,1,0,4,21553,0.0,0.0,0.0,0.0,0.0,0.0,0.0,0.0,0.0,0.0,0.0,0.0,0.0,0.0,0.0,0.0,0.0,0.0,0.0,0.0,0.0,2.004,0.0,-3.6970818999223845e+19,-2.004,2.004,0.0,0.0,0.0,0.0,6592.0,0.0,0.0,-107615880.0,-0.0,0.0,-2.7184507374263774e+23,0.0,0.0,2.004,2.004,227,-4.9504015179484054e+32,-4.066875947584353e+29,0.0,0.0,0.0,0.0,0.0,0.0,0.0,0,0,0,-0.242,0.0,1.1550645475733386e+30,0.0,-0.0,14177251328.0,-2.3089979918588995e+20,-0.0,-5224.781,-6.136404401855587e+33,-6595348.5,2.194500524422306e+19,0.0,0.01,0.0,-0.0,0,1.3516416376850534e+27,227,0.0,454,2.40156025918058e+36,-0.235,2114,52429,17109,52429,17111,52429,17095,0,0,0,101,100,100,0.0,66.1,0.0,66.9,-107615264.0,66.0,1,49,50,180,39322,52429,0,0,0.0,0.0,0.0,60.0,0.0,71.0,0.0,-1.9746023559006685e+23,0.0,1069,0,1069,0,0,0,1069,0,1080,0,999,0,664,0,666,0,660,0,678,0.032,1.4536034330083127e+22,-0.0,-0.0,39440,16813,0.0,0.0,-5356842125361152.0,0.0,7.969929660799438e+19,-0.0,50.0,60.0,35,0.0,0.0,10.0,2.0,0.0,0.0,0.0,0.0,0.0,0.0,0.0,0.0,0.0,0.0,0.0,0.0,59.2,45,17,65517,27,65476,76,65476,1,0,4,20529,65476,0,0,30147,60.0,0.0,10.0,10.0,2.0,0.0
2026-02-16T12:47:22,ERR,ERR,ERR,ERR,ERR,ERR,ERR,ERR,ERR,ERR,ERR,ERR,ERR,ERR,ERR,ERR,ERR,ERR,ERR,ERR,ERR,ERR,ERR,ERR,ERR,ERR,ERR,ERR,ERR,ERR,ERR,ERR,ERR,ERR,ERR,ERR,ERR,ERR,ERR,ERR,ERR,ERR,ERR,ERR,ERR,ERR,ERR,ERR,ERR,ERR,ERR,ERR,ERR,ERR,ERR,ERR,ERR,ERR,ERR,ERR,ERR,ERR,ERR,ERR,ERR,ERR,ERR,ERR,ERR,ERR,ERR,ERR,ERR,ERR,ERR,ERR,ERR,ERR,ERR,ERR,ERR,ERR,ERR,ERR,ERR,ERR,ERR,ERR,ERR,ERR,ERR,ERR,ERR,ERR,ERR,ERR,ERR,ERR,ERR,ERR,ERR,ERR,ERR,ERR,ERR,ERR,ERR,ERR,ERR,ERR,ERR,ERR,ERR,ERR,ERR,ERR,ERR,ERR,ERR,ERR,ERR,ERR,ERR,ERR,ERR,0.0,-0.0,-107090032.0,0.0,-3.160207272547048e+29,0.0,3.9519016969494553e+36,820225.375,4300,0,8,17170,4300,0.0,41,0.0,0.0,0.0,0.0,0.0,0,0,0,0,0.0,0,0,0,0,0,0,0,0,0,0,0,0,0,0,0,0,0,0,0,0,0,0,0,0,0,0,0,0,0,0,0,0,0,12,35,35,46,65476,379,65476,1,0,4,21553,0.0,0.0,0.0,0.0,0.0,0.0,0.0,0.0,0.0,0.0,0.0,0.0,0.0,0.0,0.0,0.0,0.0,0.0,0.0,0.0,0.0,2.004,0.0,-3.6970818999223845e+19,-2.004,-0.0,0.0,0.0,0.0,0.0,6595.0,0.0,0.0,-107615880.0,-0.0,0.0,0.0,0.0,0.0,2.004,2.004,226,0.0,-2.7184280392842555e+23,0.0,0.0,0.0,0.0,0.0,0.0,0.0,0,0,0,-464.527,-0.0,6.385045313209382e+25,18589671227392.0,-0.0,-0.0,-0.0,0.0,-46995708.0,-6.663747051550531e+33,-6988564.5,2.381850268920919e+19,0.0,0.011,0.0,1.9837622673909148e+29,0,1.3516416376850534e+27,226,0.0,452,0.0,-0.0,2114,52429,17109,52429,17111,52429,17095,0,0,0,101,100,100,0.0,66.1,0.0,66.9,-107615264.0,66.0,1,49,50,180,39322,52429,0,0,0.0,0.0,0.0,60.0,0.0,71.0,0.0,-1.9746023559006685e+23,0.0,1069,0,1069,0,0,0,1069,0,1080,0,999,0,664,0,666,0,660,0,678,0.032,1.4536034330083127e+22,-0.0,-0.0,39440,16813,0.0,0.0,-5356842125361152.0,0.0,7.969929660799438e+19,-0.0,50.0,60.0,35,0.0,0.0,10.0,2.0,0.0,0.0,0.0,0.0,0.0,0.0,0.0,0.0,0.0,0.0,0.0,0.0,59.2,45,17,65517,27,65476,76,65476,1,0,4,20529,65476,0,0,30147,60.0,0.0,10.0,10.0,2.0,0.0
2026-02-16T12:47:23,ERR,ERR,ERR,ERR,ERR,ERR,ERR,ERR,ERR,ERR,ERR,ERR,ERR,ERR,ERR,ERR,ERR,ERR,ERR,ERR,ERR,ERR,ERR,ERR,ERR,ERR,ERR,ERR,ERR,ERR,ERR,ERR,ERR,ERR,ERR,ERR,ERR,ERR,ERR,ERR,ERR,ERR,ERR,ERR,ERR,ERR,ERR,ERR,ERR,ERR,ERR,ERR,ERR,ERR,ERR,ERR,ERR,ERR,ERR,ERR,ERR,ERR,ERR,ERR,ERR,ERR,ERR,ERR,ERR,ERR,ERR,ERR,ERR,ERR,ERR,ERR,ERR,ERR,ERR,ERR,ERR,ERR,ERR,ERR,ERR,ERR,ERR,ERR,ERR,ERR,ERR,ERR,ERR,ERR,ERR,ERR,ERR,ERR,ERR,ERR,ERR,ERR,ERR,ERR,ERR,ERR,ERR,ERR,ERR,ERR,ERR,ERR,ERR,ERR,ERR,ERR,ERR,ERR,ERR,ERR,ERR,ERR,ERR,ERR,ERR,0.0,-0.0,-107090032.0,0.0,-3.160207272547048e+29,0.0,3.9519016969494553e+36,820225.375,4300,0,8,17170,4300,0.0,41,0.0,0.0,0.0,0.0,0.0,0,0,0,0,0.0,0,0,0,0,0,0,0,0,0,0,0,0,0,0,0,0,0,0,0,0,0,0,0,0,0,0,0,0,0,0,0,0,0,12,35,35,46,65476,379,65476,1,0,4,21553,0.0,0.0,0.0,0.0,0.0,0.0,0.0,0.0,0.0,0.0,0.0,0.0,0.0,0.0,0.0,0.0,0.0,0.0,0.0,0.0,0.0,2.004,0.0,-3.6970818999223845e+19,-2.004,-0.0,0.0,0.0,0.0,0.0,6595.0,0.0,0.0,-107615880.0,-0.0,0.0,0.0,0.0,0.0,2.004,2.004,226,0.0,-2.7184280392842555e+23,0.0,0.0,0.0,0.0,0.0,0.0,0.0,0,0,0,-464.527,-0.0,6.385045313209382e+25,18589671227392.0,-0.0,-0.0,-0.0,0.0,-46995708.0,-6.663747051550531e+33,-6988564.5,2.381850268920919e+19,0.0,0.011,0.0,1.9837622673909148e+29,0,1.3516416376850534e+27,226,0.0,452,0.0,-0.0,2114,52429,17109,52429,17111,52429,17095,0,0,0,101,100,100,0.0,66.1,0.0,66.9,-107615264.0,66.0,1,49,50,180,39322,52429,0,0,0.0,0.0,0.0,60.0,0.0,71.0,0.0,-1.9746023559006685e+23,0.0,1069,0,1069,0,0,0,1069,0,1080,0,999,0,664,0,666,0,660,0,678,0.032,1.4536034330083127e+22,-0.0,-0.0,39440,16813,0.0,0.0,-5356842125361152.0,0.0,7.969929660799438e+19,-0.0,50.0,60.0,35,0.0,0.0,10.0,2.0,0.0,0.0,0.0,0.0,0.0,0.0,0.0,0.0,0.0,0.0,0.0,0.0,58.8,45,17,65518,27,65476,156,65476,1,0,4,20529,65476,0,0,30147,60.0,0.0,10.0,10.0,2.0,0.0
2026-02-16T12:47:24,ERR,ERR,ERR,ERR,ERR,ERR,ERR,ERR,ERR,ERR,ERR,ERR,ERR,ERR,ERR,ERR,ERR,ERR,ERR,ERR,ERR,ERR,ERR,ERR,ERR,ERR,ERR,ERR,ERR,ERR,ERR,ERR,ERR,ERR,ERR,ERR,ERR,ERR,ERR,ERR,ERR,ERR,ERR,ERR,ERR,ERR,ERR,ERR,ERR,ERR,ERR,ERR,ERR,ERR,ERR,ERR,ERR,ERR,ERR,ERR,ERR,ERR,ERR,ERR,ERR,ERR,ERR,ERR,ERR,ERR,ERR,ERR,ERR,ERR,ERR,ERR,ERR,ERR,ERR,ERR,ERR,ERR,ERR,ERR,ERR,ERR,ERR,ERR,ERR,ERR,ERR,ERR,ERR,ERR,ERR,ERR,ERR,ERR,ERR,ERR,ERR,ERR,ERR,ERR,ERR,ERR,ERR,ERR,ERR,ERR,ERR,ERR,ERR,ERR,ERR,ERR,ERR,ERR,ERR,ERR,ERR,ERR,ERR,ERR,ERR,0.0,-0.0,-107090032.0,0.0,-3.160207272547048e+29,0.0,3.9519016969494553e+36,820225.375,4300,0,8,17170,4300,0.0,41,0.0,0.0,0.0,0.0,0.0,0,0,0,0,0.0,0,0,0,0,0,0,0,0,0,0,0,0,0,0,0,0,0,0,0,0,0,0,0,0,0,0,0,0,0,0,0,0,0,12,35,35,46,65476,379,65476,1,0,4,21553,0.0,0.0,0.0,0.0,0.0,0.0,0.0,0.0,0.0,0.0,0.0,0.0,0.0,0.0,0.0,0.0,0.0,0.0,0.0,0.0,0.0,2.004,0.0,-3.6970818999223845e+19,-2.004,-0.0,0.0,0.0,0.0,0.0,6595.0,0.0,0.0,-107615880.0,-0.0,0.0,0.0,0.0,0.0,2.004,2.004,226,0.0,-2.7184280392842555e+23,0.0,0.0,0.0,0.0,0.0,0.0,0.0,0,0,0,-464.527,-0.0,6.385045313209382e+25,18589671227392.0,-0.0,-0.0,-0.0,0.0,-46995708.0,-6.663747051550531e+33,-6988564.5,2.381850268920919e+19,0.0,0.011,0.0,1.9837622673909148e+29,0,1.3516416376850534e+27,226,0.0,452,0.0,-0.0,2114,52429,17109,52429,17111,52429,17095,0,0,0,101,100,100,0.0,66.1,0.0,66.9,-107615264.0,66.0,1,49,50,180,52429,52429,0,0,0.0,0.0,0.0,60.0,0.0,71.0,0.0,-450.511,0.0,1069,0,1069,0,0,0,1069,0,1079,0,999,0,664,0,666,0,660,0,678,0.032,1.4683608282672803e+22,-0.0,-0.0,45968,16813,0.0,-450.511,0.0,-0.0,-0.0,-0.0,50.0,60.0,35,0.0,0.0,10.0,2.0,0.0,0.0,0.0,0.0,0.0,0.0,0.0,0.0,0.0,0.0,0.0,0.0,59.2,44,18,65518,27,65476,316,65476,1,0,4,20529,65476,0,0,30147,60.0,0.0,10.0,10.0,2.0,0.0
2026-02-16T12:47:25,ERR,ERR,ERR,ERR,ERR,ERR,ERR,ERR,ERR,ERR,ERR,ERR,ERR,ERR,ERR,ERR,ERR,ERR,ERR,ERR,ERR,ERR,ERR,ERR,ERR,ERR,ERR,ERR,ERR,ERR,ERR,ERR,ERR,ERR,ERR,ERR,ERR,ERR,ERR,ERR,ERR,ERR,ERR,ERR,ERR,ERR,ERR,ERR,ERR,ERR,ERR,ERR,ERR,ERR,ERR,ERR,ERR,ERR,ERR,ERR,ERR,ERR,ERR,ERR,ERR,ERR,ERR,ERR,ERR,ERR,ERR,ERR,ERR,ERR,ERR,ERR,ERR,ERR,ERR,ERR,ERR,ERR,ERR,ERR,ERR,ERR,ERR,ERR,ERR,ERR,ERR,ERR,ERR,ERR,ERR,ERR,ERR,ERR,ERR,ERR,ERR,ERR,ERR,ERR,ERR,ERR,ERR,ERR,ERR,ERR,ERR,ERR,ERR,ERR,ERR,ERR,ERR,ERR,ERR,ERR,ERR,ERR,ERR,ERR,ERR,0.0,-0.0,-107090032.0,0.0,-3.160207272547048e+29,0.0,3.9519016969494553e+36,820225.375,4300,0,8,17170,4300,0.0,41,0.0,0.0,0.0,0.0,0.0,0,0,0,0,0.0,0,0,0,0,0,0,0,0,0,0,0,0,0,0,0,0,0,0,0,0,0,0,0,0,0,0,0,0,0,0,0,0,0,12,35,35,46,65476,379,65476,1,0,4,21553,0.0,0.0,0.0,0.0,0.0,0.0,0.0,0.0,0.0,0.0,0.0,0.0,0.0,0.0,0.0,0.0,0.0,0.0,0.0,0.0,0.0,2.004,0.0,-3.6970818999223845e+19,-2.004,-0.0,0.0,0.0,0.0,0.0,6595.0,0.0,0.0,-107615880.0,-0.0,0.0,0.0,0.0,0.0,2.004,2.004,226,0.0,-2.7184280392842555e+23,0.0,0.0,0.0,0.0,0.0,0.0,0.0,0,0,0,-464.527,-0.0,6.385045313209382e+25,18589671227392.0,-0.0,-0.0,-0.0,0.0,-46995708.0,-6.663747051550531e+33,-6988564.5,2.381850268920919e+19,0.0,0.011,0.0,1.9837622673909148e+29,0,1.3516416376850534e+27,226,0.0,452,0.0,-0.0,2114,52429,17109,52429,17111,52429,17095,0,0,0,101,100,100,0.0,66.1,0.0,66.9,-107615264.0,66.0,1,49,50,180,52429,52429,0,0,0.0,0.0,0.0,60.0,0.0,71.0,0.0,-450.511,0.0,1069,0,1069,0,0,0,1069,0,1079,0,999,0,664,0,666,0,660,0,678,0.032,1.4683608282672803e+22,-0.0,-0.0,45968,16813,0.0,-450.511,0.0,-0.0,-0.0,-0.0,50.0,60.0,35,0.0,0.0,10.0,2.0,0.0,0.0,0.0,0.0,0.0,0.0,0.0,0.0,0.0,0.0,0.0,0.0,59.2,44,18,65518,27,65476,316,65476,1,0,4,20529,65476,0,0,30147,60.0,0.0,10.0,10.0,2.0,0.0
2026-02-16T12:47:26,ERR,ERR,ERR,ERR,ERR,ERR,ERR,ERR,ERR,ERR,ERR,ERR,ERR,ERR,ERR,ERR,ERR,ERR,ERR,ERR,ERR,ERR,ERR,ERR,ERR,ERR,ERR,ERR,ERR,ERR,ERR,ERR,ERR,ERR,ERR,ERR,ERR,ERR,ERR,ERR,ERR,ERR,ERR,ERR,ERR,ERR,ERR,ERR,ERR,ERR,ERR,ERR,ERR,ERR,ERR,ERR,ERR,ERR,ERR,ERR,ERR,ERR,ERR,ERR,ERR,ERR,ERR,ERR,ERR,ERR,ERR,ERR,ERR,ERR,ERR,ERR,ERR,ERR,ERR,ERR,ERR,ERR,ERR,ERR,ERR,ERR,ERR,ERR,ERR,ERR,ERR,ERR,ERR,ERR,ERR,ERR,ERR,ERR,ERR,ERR,ERR,ERR,ERR,ERR,ERR,ERR,ERR,ERR,ERR,ERR,ERR,ERR,ERR,ERR,ERR,ERR,ERR,ERR,ERR,ERR,ERR,ERR,ERR,ERR,ERR,0.0,-0.0,-107090032.0,0.0,-3.160207272547048e+29,0.0,3.9519016969494553e+36,820225.375,4300,0,8,17170,4300,0.0,41,0.0,0.0,0.0,0.0,0.0,0,0,0,0,0.0,0,0,0,0,0,0,0,0,0,0,0,0,0,0,0,0,0,0,0,0,0,0,0,0,0,0,0,0,0,0,0,0,0,12,35,35,46,65476,379,65476,1,0,4,21553,0.0,0.0,0.0,0.0,0.0,0.0,0.0,0.0,0.0,0.0,0.0,0.0,0.0,0.0,0.0,0.0,0.0,0.0,0.0,0.0,0.0,2.004,0.0,-3.6970818999223845e+19,-2.004,-0.0,0.0,0.0,0.0,0.0,6595.0,0.0,0.0,-107615880.0,-0.0,0.0,0.0,0.0,0.0,2.004,2.004,226,0.0,-2.7184280392842555e+23,0.0,0.0,0.0,0.0,0.0,0.0,0.0,0,0,0,-464.527,-0.0,6.385045313209382e+25,18589671227392.0,-0.0,-0.0,-0.0,0.0,-46995708.0,-6.663747051550531e+33,-6988564.5,2.381850268920919e+19,0.0,0.011,0.0,1.9837622673909148e+29,0,1.3516416376850534e+27,226,0.0,452,0.0,-0.0,2114,52429,17109,52429,17111,52429,17095,0,0,0,101,100,100,0.0,66.1,0.0,66.9,-107615264.0,66.0,1,49,50,180,52429,52429,0,0,0.0,0.0,0.0,60.0,0.0,71.0,0.0,-450.511,0.0,1069,0,1069,0,0,0,1069,0,1079,0,999,0,664,0,666,0,660,0,678,0.032,1.4683608282672803e+22,-0.0,-0.0,45968,16813,0.0,-450.511,0.0,-0.0,-0.0,-0.0,50.0,60.0,35,0.0,0.0,10.0,2.0,0.0,0.0,0.0,0.0,0.0,0.0,0.0,0.0,0.0,0.0,0.0,0.0,59.2,45,17,65518,27,65476,476,65476,1,0,4,20529,65476,0,0,30147,60.0,0.0,10.0,10.0,2.0,0.0
2026-02-16T12:47:27,ERR,ERR,ERR,ERR,ERR,ERR,ERR,ERR,ERR,ERR,ERR,ERR,ERR,ERR,ERR,ERR,ERR,ERR,ERR,ERR,ERR,ERR,ERR,ERR,ERR,ERR,ERR,ERR,ERR,ERR,ERR,ERR,ERR,ERR,ERR,ERR,ERR,ERR,ERR,ERR,ERR,ERR,ERR,ERR,ERR,ERR,ERR,ERR,ERR,ERR,ERR,ERR,ERR,ERR,ERR,ERR,ERR,ERR,ERR,ERR,ERR,ERR,ERR,ERR,ERR,ERR,ERR,ERR,ERR,ERR,ERR,ERR,ERR,ERR,ERR,ERR,ERR,ERR,ERR,ERR,ERR,ERR,ERR,ERR,ERR,ERR,ERR,ERR,ERR,ERR,ERR,ERR,ERR,ERR,ERR,ERR,ERR,ERR,ERR,ERR,ERR,ERR,ERR,ERR,ERR,ERR,ERR,ERR,ERR,ERR,ERR,ERR,ERR,ERR,ERR,ERR,ERR,ERR,ERR,ERR,ERR,ERR,ERR,ERR,ERR,0.0,-0.0,-107090032.0,0.0,-3.160207272547048e+29,8.52325058616492e+17,-942400851673088.0,0.0,4300,0,8,17170,4300,0.0,41,0.0,0.0,0.0,0.0,0.0,0,0,0,0,0.0,0,0,0,0,0,0,0,0,0,0,0,0,0,0,0,0,0,0,0,0,0,0,0,0,0,0,0,0,0,0,0,0,0,12,35,35,46,65476,379,65476,1,0,4,21553,0.0,0.0,0.0,0.0,0.0,0.0,0.0,0.0,0.0,0.0,0.0,0.0,0.0,0.0,0.0,0.0,0.0,0.0,0.0,0.0,0.0,2.004,2.004,-3.6970818999223845e+19,-0.0,-2.004,0.0,0.0,0.0,0.0,6599.0,0.0,0.0,0.0,-0.0,-107616232.0,0.0,0.0,0.0,2.004,2.004,227,0.059,-1.9056960588899942e+17,0.0,0.0,0.0,0.0,0.0,0.0,0.0,0,0,0,-0.0,64.629,0.0,1.9925030860184617e+19,115043786031104.0,-568480663339008.0,-362.547,0.0,-8.547437148172504e+19,-7.109960062830867e+33,-7381780.5,2.554788494611946e+19,0.0,0.012,0.0,2.8571069777684064e+30,0,1.3516416376850534e+27,227,0.0,454,2.40156025918058e+36,599252694728704.0,2112,52429,17109,52429,17111,52429,17095,0,0,0,101,100,100,0.0,66.1,0.0,66.9,-107615264.0,66.0,1,49,50,180,52429,52429,0,0,0.0,0.0,0.0,60.0,0.0,71.0,0.0,-0.0,0.0,1069,0,1069,0,0,0,1069,0,1079,0,999,0,664,0,666,0,660,0,678,0.032,1.4536034330083127e+22,-0.0,-0.0,42128,16813,0.0,-0.0,-8.748212732553633e+23,-6.609188446378394e+17,8.024544747867234e+32,-0.0,50.0,60.0,35,0.0,0.0,10.0,2.0,0.0,0.0,0.0,0.0,0.0,0.0,0.0,0.0,0.0,0.0,0.0,0.0,59.2,45,17,65518,27,65476,476,65476,1,0,4,20529,65476,0,0,30147,60.0,0.0,10.0,10.0,2.0,0.0
2026-02-16T12:47:28,ERR,ERR,ERR,ERR,ERR,ERR,ERR,ERR,ERR,ERR,ERR,ERR,ERR,ERR,ERR,ERR,ERR,ERR,ERR,ERR,ERR,ERR,ERR,ERR,ERR,ERR,ERR,ERR,ERR,ERR,ERR,ERR,ERR,ERR,ERR,ERR,ERR,ERR,ERR,ERR,ERR,ERR,ERR,ERR,ERR,ERR,ERR,ERR,ERR,ERR,ERR,ERR,ERR,ERR,ERR,ERR,ERR,ERR,ERR,ERR,ERR,ERR,ERR,ERR,ERR,ERR,ERR,ERR,ERR,ERR,ERR,ERR,ERR,ERR,ERR,ERR,ERR,ERR,ERR,ERR,ERR,ERR,ERR,ERR,ERR,ERR,ERR,ERR,ERR,ERR,ERR,ERR,ERR,ERR,ERR,ERR,ERR,ERR,ERR,ERR,ERR,ERR,ERR,ERR,ERR,ERR,ERR,ERR,ERR,ERR,ERR,ERR,ERR,ERR,ERR,ERR,ERR,ERR,ERR,ERR,ERR,ERR,ERR,ERR,ERR,0.0,-0.0,-107090032.0,0.0,-3.160207272547048e+29,8.52325058616492e+17,-942400851673088.0,0.0,4300,0,8,17170,4300,0.0,41,0.0,0.0,0.0,0.0,0.0,0,0,0,0,0.0,0,0,0,0,0,0,0,0,0,0,0,0,0,0,0,0,0,0,0,0,0,0,0,0,0,0,0,0,0,0,0,0,0,12,35,35,46,65476,379,65476,1,0,4,21553,0.0,0.0,0.0,0.0,0.0,0.0,0.0,0.0,0.0,0.0,0.0,0.0,0.0,0.0,0.0,0.0,0.0,0.0,0.0,0.0,0.0,2.004,2.004,-3.6970818999223845e+19,-0.0,-2.004,0.0,0.0,0.0,0.0,6599.0,0.0,0.0,0.0,-0.0,-107616232.0,0.0,0.0,0.0,2.004,2.004,227,0.059,-1.9056960588899942e+17,0.0,0.0,0.0,0.0,0.0,0.0,0.0,0,0,0,-0.0,64.629,0.0,1.9925030860184617e+19,115043786031104.0,-568480663339008.0,-362.547,0.0,-8.547437148172504e+19,-7.109960062830867e+33,-7381780.5,2.554788494611946e+19,0.0,0.012,0.0,2.8571069777684064e+30,0,1.3516416376850534e+27,227,0.0,454,2.40156025918058e+36,599252694728704.0,2112,52429,17109,52429,17111,52429,17095,0,0,0,101,100,100,0.0,66.1,0.0,66.9,-107615264.0,66.0,1,49,50,180,52429,52429,0,0,0.0,0.0,0.0,60.0,0.0,71.0,0.0,-0.0,0.0,1069,0,1069,0,0,0,1069,0,1079,0,999,0,664,0,666,0,660,0,678,0.032,1.4536034330083127e+22,-0.0,-0.0,42128,16813,0.0,-0.0,-8.748212732553633e+23,-6.609188446378394e+17,8.024544747867234e+32,-0.0,50.0,60.0,35,0.0,0.0,10.0,2.0,0.0,0.0,0.0,0.0,0.0,0.0,0.0,0.0,0.0,0.0,0.0,0.0,58.8,45,17,65517,27,65476,556,65476,1,0,4,20529,65476,0,0,30147,60.0,0.0,10.0,10.0,2.0,0.0
2026-02-16T12:47:29,ERR,ERR,ERR,ERR,ERR,ERR,ERR,ERR,ERR,ERR,ERR,ERR,ERR,ERR,ERR,ERR,ERR,ERR,ERR,ERR,ERR,ERR,ERR,ERR,ERR,ERR,ERR,ERR,ERR,ERR,ERR,ERR,ERR,ERR,ERR,ERR,ERR,ERR,ERR,ERR,ERR,ERR,ERR,ERR,ERR,ERR,ERR,ERR,ERR,ERR,ERR,ERR,ERR,ERR,ERR,ERR,ERR,ERR,ERR,ERR,ERR,ERR,ERR,ERR,ERR,ERR,ERR,ERR,ERR,ERR,ERR,ERR,ERR,ERR,ERR,ERR,ERR,ERR,ERR,ERR,ERR,ERR,ERR,ERR,ERR,ERR,ERR,ERR,ERR,ERR,ERR,ERR,ERR,ERR,ERR,ERR,ERR,ERR,ERR,ERR,ERR,ERR,ERR,ERR,ERR,ERR,ERR,ERR,ERR,ERR,ERR,ERR,ERR,ERR,ERR,ERR,ERR,ERR,ERR,ERR,ERR,ERR,ERR,ERR,ERR,0.0,-0.0,-107090032.0,0.0,-3.160207272547048e+29,8.52325058616492e+17,-942400851673088.0,0.0,4300,0,8,17170,4300,0.0,41,0.0,0.0,0.0,0.0,0.0,0,0,0,0,0.0,0,0,0,0,0,0,0,0,0,0,0,0,0,0,0,0,0,0,0,0,0,0,0,0,0,0,0,0,0,0,0,0,0,12,35,35,46,65476,379,65476,1,0,4,21553,0.0,0.0,0.0,0.0,0.0,0.0,0.0,0.0,0.0,0.0,0.0,0.0,0.0,0.0,0.0,0.0,0.0,0.0,0.0,0.0,0.0,2.004,2.004,-3.6970818999223845e+19,-0.0,-2.004,0.0,0.0,0.0,0.0,6599.0,0.0,0.0,0.0,-0.0,-107616232.0,0.0,0.0,0.0,2.004,2.004,227,0.059,-1.9056960588899942e+17,0.0,0.0,0.0,0.0,0.0,0.0,0.0,0,0,0,-0.0,64.629,0.0,1.9925030860184617e+19,115043786031104.0,-568480663339008.0,-362.547,0.0,-8.547437148172504e+19,-7.109960062830867e+33,-7381780.5,2.554788494611946e+19,0.0,0.012,0.0,2.8571069777684064e+30,0,1.3516416376850534e+27,227,0.0,454,2.40156025918058e+36,599252694728704.0,2112,52429,17109,52429,17111,52429,17095,0,0,0,101,100,100,0.0,66.1,0.0,66.9,-107615264.0,66.0,1,49,50,180,52429,52429,0,0,0.0,0.0,0.0,60.0,0.0,71.0,0.0,-0.0,0.0,1069,0,1069,0,0,0,1069,0,1079,0,999,0,664,0,666,0,660,0,678,0.032,1.4536034330083127e+22,-0.0,-0.0,42128,16813,0.0,-0.0,-8.748212732553633e+23,-6.609188446378394e+17,8.024544747867234e+32,-0.0,50.0,60.0,35,0.0,0.0,10.0,2.0,0.0,0.0,0.0,0.0,0.0,0.0,0.0,0.0,0.0,0.0,0.0,0.0,58.8,45,17,65518,27,65476,716,65476,1,0,4,20529,65476,0,0,30147,60.0,0.0,10.0,10.0,2.0,0.0
2026-02-16T12:47:30,ERR,ERR,ERR,ERR,ERR,ERR,ERR,ERR,ERR,ERR,ERR,ERR,ERR,ERR,ERR,ERR,ERR,ERR,ERR,ERR,ERR,ERR,ERR,ERR,ERR,ERR,ERR,ERR,ERR,ERR,ERR,ERR,ERR,ERR,ERR,ERR,ERR,ERR,ERR,ERR,ERR,ERR,ERR,ERR,ERR,ERR,ERR,ERR,ERR,ERR,ERR,ERR,ERR,ERR,ERR,ERR,ERR,ERR,ERR,ERR,ERR,ERR,ERR,ERR,ERR,ERR,ERR,ERR,ERR,ERR,ERR,ERR,ERR,ERR,ERR,ERR,ERR,ERR,ERR,ERR,ERR,ERR,ERR,ERR,ERR,ERR,ERR,ERR,ERR,ERR,ERR,ERR,ERR,ERR,ERR,ERR,ERR,ERR,ERR,ERR,ERR,ERR,ERR,ERR,ERR,ERR,ERR,ERR,ERR,ERR,ERR,ERR,ERR,ERR,ERR,ERR,ERR,ERR,ERR,ERR,ERR,ERR,ERR,ERR,ERR,0.0,-0.0,-107090032.0,0.0,-3.160207272547048e+29,8.52325058616492e+17,-942400851673088.0,0.0,4300,0,8,17170,4300,0.0,41,0.0,0.0,0.0,0.0,0.0,0,0,0,0,0.0,0,0,0,0,0,0,0,0,0,0,0,0,0,0,0,0,0,0,0,0,0,0,0,0,0,0,0,0,0,0,0,0,0,12,35,35,46,65476,379,65476,1,0,4,21553,0.0,0.0,0.0,0.0,0.0,0.0,0.0,0.0,0.0,0.0,0.0,0.0,0.0,0.0,0.0,0.0,0.0,0.0,0.0,0.0,0.0,2.004,2.004,-3.6970818999223845e+19,-0.0,-2.004,0.0,0.0,0.0,0.0,6599.0,0.0,0.0,0.0,-0.0,-107616232.0,0.0,0.0,0.0,2.004,2.004,227,0.059,-1.9056960588899942e+17,0.0,0.0,0.0,0.0,0.0,0.0,0.0,0,0,0,-0.0,64.629,0.0,1.9925030860184617e+19,115043786031104.0,-568480663339008.0,-362.547,0.0,-8.547437148172504e+19,-7.109960062830867e+33,-7381780.5,2.554788494611946e+19,0.0,0.012,0.0,2.8571069777684064e+30,0,1.3516416376850534e+27,227,0.0,454,2.40156025918058e+36,599252694728704.0,2112,52429,17109,52429,17111,52429,17095,0,0,0,101,100,100,0.0,66.1,0.0,66.9,-107615264.0,66.0,1,49,50,180,52429,52429,0,0,0.0,0.0,0.0,60.0,0.0,71.0,0.0,-0.0,0.0,1069,0,1069,0,0,0,1069,0,1079,0,999,0,664,0,666,0,660,0,678,0.032,1.4536034330083127e+22,-0.0,-0.0,42128,16813,0.0,-0.0,-8.748212732553633e+23,-6.609188446378394e+17,8.024544747867234e+32,-0.0,50.0,60.0,35,0.0,0.0,10.0,2.0,0.0,0.0,0.0,0.0,0.0,0.0,0.0,0.0,0.0,0.0,0.0,0.0,58.8,45,17,65518,27,65476,716,65476,1,0,4,20529,65476,0,0,30147,60.0,0.0,10.0,10.0,2.0,0.0
2026-02-16T12:47:31,ERR,ERR,ERR,ERR,ERR,ERR,ERR,ERR,ERR,ERR,ERR,ERR,ERR,ERR,ERR,ERR,ERR,ERR,ERR,ERR,ERR,ERR,ERR,ERR,ERR,ERR,ERR,ERR,ERR,ERR,ERR,ERR,ERR,ERR,ERR,ERR,ERR,ERR,ERR,ERR,ERR,ERR,ERR,ERR,ERR,ERR,ERR,ERR,ERR,ERR,ERR,ERR,ERR,ERR,ERR,ERR,ERR,ERR,ERR,ERR,ERR,ERR,ERR,ERR,ERR,ERR,ERR,ERR,ERR,ERR,ERR,ERR,ERR,ERR,ERR,ERR,ERR,ERR,ERR,ERR,ERR,ERR,ERR,ERR,ERR,ERR,ERR,ERR,ERR,ERR,ERR,ERR,ERR,ERR,ERR,ERR,ERR,ERR,ERR,ERR,ERR,ERR,ERR,ERR,ERR,ERR,ERR,ERR,ERR,ERR,ERR,ERR,ERR,ERR,ERR,ERR,ERR,ERR,ERR,ERR,ERR,ERR,ERR,ERR,ERR,0.0,-0.0,-107090032.0,0.0,-3.160207272547048e+29,-0.927,-63156723712.0,-0.0,4300,0,8,17169,4300,0.0,41,0.0,0.0,0.0,0.0,0.0,0,0,0,0,0.0,0,0,0,0,0,0,0,0,0,0,0,0,0,0,0,0,0,0,0,0,0,0,0,0,0,0,0,0,0,0,0,0,0,12,35,35,47,65476,382,65476,1,0,4,21553,0.0,0.0,0.0,0.0,0.0,0.0,0.0,0.0,0.0,0.0,0.0,0.0,0.0,0.0,0.0,0.0,0.0,0.0,0.0,0.0,0.0,2.004,0.0,-3.6970818999223845e+19,-0.0,-2.004,0.0,0.0,0.0,0.0,6600.0,0.0,0.0,-107615880.0,-0.0,-107616232.0,107616272.0,0.0,0.0,2.004,2.004,227,89220.57,-152018270289920.0,0.0,0.0,0.0,0.0,0.0,0.0,0.0,0,0,0,6.657081705080449e+36,-0.0,0.0,-1.43106065027233e+37,15.079,-5224.242,-0.0,-0.0,0.0,-7.637302712525811e+33,-7774996.5,2.7133152014953873e+19,0.0,0.012,0.0,0.0,0,1.3516416376850534e+27,227,0.0,454,0.0,0.0,2112,52429,17109,0,17112,52429,17095,0,0,0,101,100,100,0.0,66.1,0.0,66.9,-107615264.0,66.0,1,49,50,180,52429,52429,0,0,0.0,0.0,0.0,60.0,0.0,71.0,0.0,4.165800080667506e+29,0.0,1069,0,1069,0,0,0,1069,0,1080,0,999,0,664,0,666,0,660,0,678,0.032,1.4536034330083127e+22,-0.0,-0.0,43408,16813,0.0,0.0,403178784.0,-2.057294007708418e+19,-3.40494412037286e+24,-1.0361567951340917e+30,50.0,60.0,35,0.0,0.0,10.0,2.0,0.0,0.0,0.0,0.0,0.0,0.0,0.0,0.0,0.0,0.0,0.0,0.0,58.8,44,18,65519,27,65476,798,65476,1,0,4,20529,65476,0,0,30147,60.0,0.0,10.0,10.0,2.0,0.0
2026-02-16T12:47:32,ERR,ERR,ERR,ERR,ERR,ERR,ERR,ERR,ERR,ERR,ERR,ERR,ERR,ERR,ERR,ERR,ERR,ERR,ERR,ERR,ERR,ERR,ERR,ERR,ERR,ERR,ERR,ERR,ERR,ERR,ERR,ERR,ERR,ERR,ERR,ERR,ERR,ERR,ERR,ERR,ERR,ERR,ERR,ERR,ERR,ERR,ERR,ERR,ERR,ERR,ERR,ERR,ERR,ERR,ERR,ERR,ERR,ERR,ERR,ERR,ERR,ERR,ERR,ERR,ERR,ERR,ERR,ERR,ERR,ERR,ERR,ERR,ERR,ERR,ERR,ERR,ERR,ERR,ERR,ERR,ERR,ERR,ERR,ERR,ERR,ERR,ERR,ERR,ERR,ERR,ERR,ERR,ERR,ERR,ERR,ERR,ERR,ERR,ERR,ERR,ERR,ERR,ERR,ERR,ERR,ERR,ERR,ERR,ERR,ERR,ERR,ERR,ERR,ERR,ERR,ERR,ERR,ERR,ERR,ERR,ERR,ERR,ERR,ERR,ERR,0.0,-0.0,-107090032.0,0.0,-3.160207272547048e+29,-0.927,-63156723712.0,-0.0,4300,0,8,17169,4300,0.0,41,0.0,0.0,0.0,0.0,0.0,0,0,0,0,0.0,0,0,0,0,0,0,0,0,0,0,0,0,0,0,0,0,0,0,0,0,0,0,0,0,0,0,0,0,0,0,0,0,0,12,35,35,47,65476,382,65476,1,0,4,21553,0.0,0.0,0.0,0.0,0.0,0.0,0.0,0.0,0.0,0.0,0.0,0.0,0.0,0.0,0.0,0.0,0.0,0.0,0.0,0.0,0.0,2.004,0.0,-3.6970818999223845e+19,-0.0,-2.004,0.0,0.0,0.0,0.0,6600.0,0.0,0.0,-107615880.0,-0.0,-107616232.0,107616272.0,0.0,0.0,2.004,2.004,227,89220.57,-152018270289920.0,0.0,0.0,0.0,0.0,0.0,0.0,0.0,0,0,0,6.657081705080449e+36,-0.0,0.0,-1.43106065027233e+37,15.079,-5224.242,-0.0,-0.0,0.0,-7.637302712525811e+33,-7774996.5,2.7133152014953873e+19,0.0,0.012,0.0,0.0,0,1.3516416376850534e+27,227,0.0,454,0.0,0.0,2112,52429,17109,0,17112,52429,17095,0,0,0,101,100,100,0.0,66.1,0.0,66.9,-107615264.0,66.0,1,49,50,180,52429,52429,0,0,0.0,0.0,0.0,60.0,0.0,71.0,0.0,4.165800080667506e+29,0.0,1069,0,1069,0,0,0,1069,0,1080,0,999,0,664,0,666,0,660,0,678,0.032,1.4536034330083127e+22,-0.0,-0.0,43408,16813,0.0,0.0,403178784.0,-2.057294007708418e+19,-3.40494412037286e+24,-1.0361567951340917e+30,50.0,60.0,35,0.0,0.0,10.0,2.0,0.0,0.0,0.0,0.0,0.0,0.0,0.0,0.0,0.0,0.0,0.0,0.0,58.8,44,18,65519,27,65476,798,65476,1,0,4,20529,65476,0,0,30147,60.0,0.0,10.0,10.0,2.0,0.0
2026-02-16T12:47:33,ERR,ERR,ERR,ERR,ERR,ERR,ERR,ERR,ERR,ERR,ERR,ERR,ERR,ERR,ERR,ERR,ERR,ERR,ERR,ERR,ERR,ERR,ERR,ERR,ERR,ERR,ERR,ERR,ERR,ERR,ERR,ERR,ERR,ERR,ERR,ERR,ERR,ERR,ERR,ERR,ERR,ERR,ERR,ERR,ERR,ERR,ERR,ERR,ERR,ERR,ERR,ERR,ERR,ERR,ERR,ERR,ERR,ERR,ERR,ERR,ERR,ERR,ERR,ERR,ERR,ERR,ERR,ERR,ERR,ERR,ERR,ERR,ERR,ERR,ERR,ERR,ERR,ERR,ERR,ERR,ERR,ERR,ERR,ERR,ERR,ERR,ERR,ERR,ERR,ERR,ERR,ERR,ERR,ERR,ERR,ERR,ERR,ERR,ERR,ERR,ERR,ERR,ERR,ERR,ERR,ERR,ERR,ERR,ERR,ERR,ERR,ERR,ERR,ERR,ERR,ERR,ERR,ERR,ERR,ERR,ERR,ERR,ERR,ERR,ERR,0.0,-0.0,-107090032.0,0.0,-3.160207272547048e+29,-0.927,-63156723712.0,-0.0,4300,0,8,17169,4300,0.0,41,0.0,0.0,0.0,0.0,0.0,0,0,0,0,0.0,0,0,0,0,0,0,0,0,0,0,0,0,0,0,0,0,0,0,0,0,0,0,0,0,0,0,0,0,0,0,0,0,0,12,35,35,47,65476,382,65476,1,0,4,21553,0.0,0.0,0.0,0.0,0.0,0.0,0.0,0.0,0.0,0.0,0.0,0.0,0.0,0.0,0.0,0.0,0.0,0.0,0.0,0.0,0.0,2.004,0.0,-3.6970818999223845e+19,-0.0,-2.004,0.0,0.0,0.0,0.0,6600.0,0.0,0.0,-107615880.0,-0.0,-107616232.0,107616272.0,0.0,0.0,2.004,2.004,227,89220.57,-152018270289920.0,0.0,0.0,0.0,0.0,0.0,0.0,0.0,0,0,0,6.657081705080449e+36,-0.0,0.0,-1.43106065027233e+37,15.079,-5224.242,-0.0,-0.0,0.0,-7.637302712525811e+33,-7774996.5,2.7133152014953873e+19,0.0,0.012,0.0,0.0,0,1.3516416376850534e+27,227,0.0,454,0.0,0.0,2112,52429,17109,0,17112,52429,17095,0,0,0,101,100,100,0.0,66.1,0.0,66.9,-107615264.0,66.0,1,49,50,180,52429,52429,0,0,0.0,0.0,0.0,60.0,0.0,71.0,0.0,4.165800080667506e+29,0.0,1069,0,1069,0,0,0,1069,0,1080,0,999,0,664,0,666,0,660,0,678,0.032,1.4536034330083127e+22,-0.0,-0.0,43408,16813,0.0,0.0,403178784.0,-2.057294007708418e+19,-3.40494412037286e+24,-1.0361567951340917e+30,50.0,60.0,35,0.0,0.0,10.0,2.0,0.0,0.0,0.0,0.0,0.0,0.0,0.0,0.0,0.0,0.0,0.0,0.0,59.2,42,20,65521,27,65476,813,65476,1,0,4,20529,65476,0,0,30147,60.0,0.0,10.0,10.0,2.0,0.0
2026-02-16T12:47:34,ERR,ERR,ERR,ERR,ERR,ERR,ERR,ERR,ERR,ERR,ERR,ERR,ERR,ERR,ERR,ERR,ERR,ERR,ERR,ERR,ERR,ERR,ERR,ERR,ERR,ERR,ERR,ERR,ERR,ERR,ERR,ERR,ERR,ERR,ERR,ERR,ERR,ERR,ERR,ERR,ERR,ERR,ERR,ERR,ERR,ERR,ERR,ERR,ERR,ERR,ERR,ERR,ERR,ERR,ERR,ERR,ERR,ERR,ERR,ERR,ERR,ERR,ERR,ERR,ERR,ERR,ERR,ERR,ERR,ERR,ERR,ERR,ERR,ERR,ERR,ERR,ERR,ERR,ERR,ERR,ERR,ERR,ERR,ERR,ERR,ERR,ERR,ERR,ERR,ERR,ERR,ERR,ERR,ERR,ERR,ERR,ERR,ERR,ERR,ERR,ERR,ERR,ERR,ERR,ERR,ERR,ERR,ERR,ERR,ERR,ERR,ERR,ERR,ERR,ERR,ERR,ERR,ERR,ERR,ERR,ERR,ERR,ERR,ERR,ERR,0.0,-0.0,-107090032.0,0.0,-3.160207272547048e+29,-0.927,-63156723712.0,-0.0,4300,0,8,17169,4300,0.0,41,0.0,0.0,0.0,0.0,0.0,0,0,0,0,0.0,0,0,0,0,0,0,0,0,0,0,0,0,0,0,0,0,0,0,0,0,0,0,0,0,0,0,0,0,0,0,0,0,0,12,35,35,47,65476,382,65476,1,0,4,21553,0.0,0.0,0.0,0.0,0.0,0.0,0.0,0.0,0.0,0.0,0.0,0.0,0.0,0.0,0.0,0.0,0.0,0.0,0.0,0.0,0.0,2.004,0.0,-3.6970818999223845e+19,-0.0,-2.004,0.0,0.0,0.0,0.0,6600.0,0.0,0.0,-107615880.0,-0.0,-107616232.0,107616272.0,0.0,0.0,2.004,2.004,227,89220.57,-152018270289920.0,0.0,0.0,0.0,0.0,0.0,0.0,0.0,0,0,0,6.657081705080449e+36,-0.0,0.0,-1.43106065027233e+37,15.079,-5224.242,-0.0,-0.0,0.0,-7.637302712525811e+33,-7774996.5,2.7133152014953873e+19,0.0,0.012,0.0,0.0,0,1.3516416376850534e+27,227,0.0,454,0.0,0.0,2112,52429,17109,0,17112,52429,17095,0,0,0,101,100,100,0.0,66.1,0.0,66.9,-107615264.0,66.0,1,49,50,180,52429,52429,0,0,0.0,0.0,0.0,60.0,0.0,71.0,0.0,-0.0,0.0,1068,0,1069,0,0,0,1069,0,1079,0,999,0,664,0,666,0,660,0,678,0.032,1.4536034330083127e+22,-0.0,-0.0,39312,16813,0.0,-0.0,-3.8171593909275587e+34,-0.0,-0.0,-0.0,50.0,60.0,35,0.0,0.0,10.0,2.0,0.0,0.0,0.0,0.0,0.0,0.0,0.0,0.0,0.0,0.0,0.0,0.0,58.8,37,24,65526,27,65476,789,65476,1,0,4,20529,65476,0,0,30147,60.0,0.0,10.0,10.0,2.0,0.0
2026-02-16T12:47:35,ERR,ERR,ERR,ERR,ERR,ERR,ERR,ERR,ERR,ERR,ERR,ERR,ERR,ERR,ERR,ERR,ERR,ERR,ERR,ERR,ERR,ERR,ERR,ERR,ERR,ERR,ERR,ERR,ERR,ERR,ERR,ERR,ERR,ERR,ERR,ERR,ERR,ERR,ERR,ERR,ERR,ERR,ERR,ERR,ERR,ERR,ERR,ERR,ERR,ERR,ERR,ERR,ERR,ERR,ERR,ERR,ERR,ERR,ERR,ERR,ERR,ERR,ERR,ERR,ERR,ERR,ERR,ERR,ERR,ERR,ERR,ERR,ERR,ERR,ERR,ERR,ERR,ERR,ERR,ERR,ERR,ERR,ERR,ERR,ERR,ERR,ERR,ERR,ERR,ERR,ERR,ERR,ERR,ERR,ERR,ERR,ERR,ERR,ERR,ERR,ERR,ERR,ERR,ERR,ERR,ERR,ERR,ERR,ERR,ERR,ERR,ERR,ERR,ERR,ERR,ERR,ERR,ERR,ERR,ERR,ERR,ERR,ERR,ERR,ERR,0.0,-0.0,-107090032.0,0.0,-3.160207272547048e+29,-0.927,-63156723712.0,-0.0,4300,0,8,17169,4300,0.0,41,0.0,0.0,0.0,0.0,0.0,0,0,0,0,0.0,0,0,0,0,0,0,0,0,0,0,0,0,0,0,0,0,0,0,0,0,0,0,0,0,0,0,0,0,0,0,0,0,0,12,35,35,47,65476,382,65476,1,0,4,21553,0.0,0.0,0.0,0.0,0.0,0.0,0.0,0.0,0.0,0.0,0.0,0.0,0.0,0.0,0.0,0.0,0.0,0.0,0.0,0.0,0.0,2.004,0.0,-3.6970818999223845e+19,-0.0,-2.004,0.0,0.0,0.0,0.0,6600.0,0.0,0.0,-107615880.0,-0.0,-107616232.0,107616272.0,0.0,0.0,2.004,2.004,227,89220.57,-152018270289920.0,0.0,0.0,0.0,0.0,0.0,0.0,0.0,0,0,0,6.657081705080449e+36,-0.0,0.0,-1.43106065027233e+37,15.079,-5224.242,-0.0,-0.0,0.0,-7.637302712525811e+33,-7774996.5,2.7133152014953873e+19,0.0,0.012,0.0,0.0,0,1.3516416376850534e+27,227,0.0,454,0.0,0.0,2112,52429,17109,0,17112,52429,17095,0,0,0,101,100,100,0.0,66.1,0.0,66.9,-107615264.0,66.0,1,49,50,180,52429,52429,0,0,0.0,0.0,0.0,60.0,0.0,71.0,0.0,-0.0,0.0,1068,0,1069,0,0,0,1069,0,1079,0,999,0,664,0,666,0,660,0,678,0.032,1.4536034330083127e+22,-0.0,-0.0,39312,16813,0.0,-0.0,-3.8171593909275587e+34,-0.0,-0.0,-0.0,50.0,60.0,35,0.0,0.0,10.0,2.0,0.0,0.0,0.0,0.0,0.0,0.0,0.0,0.0,0.0,0.0,0.0,0.0,58.8,37,24,65526,27,65476,789,65476,1,0,4,20529,65476,0,0,30147,60.0,0.0,10.0,10.0,2.0,0.0
2026-02-16T12:47:36,ERR,ERR,ERR,ERR,ERR,ERR,ERR,ERR,ERR,ERR,ERR,ERR,ERR,ERR,ERR,ERR,ERR,ERR,ERR,ERR,ERR,ERR,ERR,ERR,ERR,ERR,ERR,ERR,ERR,ERR,ERR,ERR,ERR,ERR,ERR,ERR,ERR,ERR,ERR,ERR,ERR,ERR,ERR,ERR,ERR,ERR,ERR,ERR,ERR,ERR,ERR,ERR,ERR,ERR,ERR,ERR,ERR,ERR,ERR,ERR,ERR,ERR,ERR,ERR,ERR,ERR,ERR,ERR,ERR,ERR,ERR,ERR,ERR,ERR,ERR,ERR,ERR,ERR,ERR,ERR,ERR,ERR,ERR,ERR,ERR,ERR,ERR,ERR,ERR,ERR,ERR,ERR,ERR,ERR,ERR,ERR,ERR,ERR,ERR,ERR,ERR,ERR,ERR,ERR,ERR,ERR,ERR,ERR,ERR,ERR,ERR,ERR,ERR,ERR,ERR,ERR,ERR,ERR,ERR,ERR,ERR,ERR,ERR,ERR,ERR,-107615880.0,-0.0,-108138608.0,0.0,-3.2008056460949376e+29,0.017,-0.0,0.0,4300,0,8,17169,4300,0.0,41,0.0,0.0,0.0,0.0,0.0,0,0,0,0,0.0,0,0,0,0,0,0,0,0,0,0,0,0,0,0,0,0,0,0,0,0,0,0,0,0,0,0,0,0,0,0,0,0,0,12,35,35,47,65476,384,65476,1,0,4,21553,0.0,0.0,0.0,0.0,0.0,0.0,0.0,0.0,0.0,0.0,0.0,0.0,0.0,0.0,0.0,0.0,0.0,0.0,0.0,0.0,0.0,2.004,0.0,-2.004,-0.0,-0.0,0.0,0.0,0.0,0.0,6566.0,-1.5879386089525827e+29,0.0,-107615880.0,-0.0,-107616232.0,0.0,0.0,0.0,2.004,2.004,226,0.0,-89221.023,0.0,0.0,0.0,0.0,0.0,0.0,0.0,0,0,0,1814148992.0,0.0,0.0,-0.0,0.0,-337707991040.0,-0.0,0.0,-0.001,-8.124080543013451e+33,-8168212.5,2.900664945994e+19,0.0,0.013,0.0,4.2558483215511716e+18,0,1.3516416376850534e+27,226,0.0,452,2.40156025918058e+36,599252694728704.0,2112,52429,17109,0,17112,52429,17095,0,0,0,101,100,100,0.0,66.1,0.0,66.9,-107615264.0,66.0,1,49,50,180,52429,52429,0,0,0.0,0.0,0.0,60.0,0.0,71.0,0.0,-0.0,0.0,1068,0,1069,0,0,0,1069,0,1079,0,999,0,664,0,666,0,660,0,678,0.032,1.4536034330083127e+22,-0.0,-0.0,39312,16813,0.0,-0.0,-3.8171593909275587e+34,-0.0,-0.0,-0.0,50.0,60.0,35,0.0,0.0,10.0,2.0,0.0,0.0,0.0,0.0,0.0,0.0,0.0,0.0,0.0,0.0,0.0,0.0,59.2,34,26,65528,27,65476,789,65476,1,0,4,20529,65476,0,0,30147,60.0,0.0,10.0,10.0,2.0,0.0
2026-02-16T12:47:37,ERR,ERR,ERR,ERR,ERR,ERR,ERR,ERR,ERR,ERR,ERR,ERR,ERR,ERR,ERR,ERR,ERR,ERR,ERR,ERR,ERR,ERR,ERR,ERR,ERR,ERR,ERR,ERR,ERR,ERR,ERR,ERR,ERR,ERR,ERR,ERR,ERR,ERR,ERR,ERR,ERR,ERR,ERR,ERR,ERR,ERR,ERR,ERR,ERR,ERR,ERR,ERR,ERR,ERR,ERR,ERR,ERR,ERR,ERR,ERR,ERR,ERR,ERR,ERR,ERR,ERR,ERR,ERR,ERR,ERR,ERR,ERR,ERR,ERR,ERR,ERR,ERR,ERR,ERR,ERR,ERR,ERR,ERR,ERR,ERR,ERR,ERR,ERR,ERR,ERR,ERR,ERR,ERR,ERR,ERR,ERR,ERR,ERR,ERR,ERR,ERR,ERR,ERR,ERR,ERR,ERR,ERR,ERR,ERR,ERR,ERR,ERR,ERR,ERR,ERR,ERR,ERR,ERR,ERR,ERR,ERR,ERR,ERR,ERR,ERR,-107615880.0,-0.0,-108138608.0,0.0,-3.2008056460949376e+29,0.017,-0.0,0.0,4300,0,8,17169,4300,0.0,41,0.0,0.0,0.0,0.0,0.0,0,0,0,0,0.0,0,0,0,0,0,0,0,0,0,0,0,0,0,0,0,0,0,0,0,0,0,0,0,0,0,0,0,0,0,0,0,0,0,12,35,35,47,65476,384,65476,1,0,4,21553,0.0,0.0,0.0,0.0,0.0,0.0,0.0,0.0,0.0,0.0,0.0,0.0,0.0,0.0,0.0,0.0,0.0,0.0,0.0,0.0,0.0,2.004,0.0,-2.004,-0.0,-0.0,0.0,0.0,0.0,0.0,6566.0,-1.5879386089525827e+29,0.0,-107615880.0,-0.0,-107616232.0,0.0,0.0,0.0,2.004,2.004,226,0.0,-89221.023,0.0,0.0,0.0,0.0,0.0,0.0,0.0,0,0,0,1814148992.0,0.0,0.0,-0.0,0.0,-337707991040.0,-0.0,0.0,-0.001,-8.124080543013451e+33,-8168212.5,2.900664945994e+19,0.0,0.013,0.0,4.2558483215511716e+18,0,1.3516416376850534e+27,226,0.0,452,2.40156025918058e+36,599252694728704.0,2112,52429,17109,0,17112,52429,17095,0,0,0,101,100,100,0.0,66.1,0.0,66.9,-107615264.0,66.0,1,49,50,180,52429,52429,0,0,0.0,0.0,0.0,60.0,0.0,71.0,0.0,-0.017,0.0,1069,0,1069,0,0,0,1069,0,1079,0,999,0,664,0,666,0,660,0,678,0.032,1.4536034330083127e+22,-0.0,-0.0,52880,16813,0.0,-0.017,-0.0,5.893863084139582e+21,0.0,1.733601543788762e+27,50.0,60.0,35,0.0,0.0,10.0,2.0,0.0,0.0,0.0,0.0,0.0,0.0,0.0,0.0,0.0,0.0,0.0,0.0,58.8,30,30,65533,27,65476,674,65476,1,0,4,20529,65476,0,0,30147,60.0,0.0,10.0,10.0,2.0,0.0
2026-02-16T12:47:38,ERR,ERR,ERR,ERR,ERR,ERR,ERR,ERR,ERR,ERR,ERR,ERR,ERR,ERR,ERR,ERR,ERR,ERR,ERR,ERR,ERR,ERR,ERR,ERR,ERR,ERR,ERR,ERR,ERR,ERR,ERR,ERR,ERR,ERR,ERR,ERR,ERR,ERR,ERR,ERR,ERR,ERR,ERR,ERR,ERR,ERR,ERR,ERR,ERR,ERR,ERR,ERR,ERR,ERR,ERR,ERR,ERR,ERR,ERR,ERR,ERR,ERR,ERR,ERR,ERR,ERR,ERR,ERR,ERR,ERR,ERR,ERR,ERR,ERR,ERR,ERR,ERR,ERR,ERR,ERR,ERR,ERR,ERR,ERR,ERR,ERR,ERR,ERR,ERR,ERR,ERR,ERR,ERR,ERR,ERR,ERR,ERR,ERR,ERR,ERR,ERR,ERR,ERR,ERR,ERR,ERR,ERR,ERR,ERR,ERR,ERR,ERR,ERR,ERR,ERR,ERR,ERR,ERR,ERR,ERR,ERR,ERR,ERR,ERR,ERR,-107615880.0,-0.0,-108138608.0,0.0,-3.2008056460949376e+29,0.017,-0.0,0.0,4300,0,8,17169,4300,0.0,41,0.0,0.0,0.0,0.0,0.0,0,0,0,0,0.0,0,0,0,0,0,0,0,0,0,0,0,0,0,0,0,0,0,0,0,0,0,0,0,0,0,0,0,0,0,0,0,0,0,12,35,35,47,65476,384,65476,1,0,4,21553,0.0,0.0,0.0,0.0,0.0,0.0,0.0,0.0,0.0,0.0,0.0,0.0,0.0,0.0,0.0,0.0,0.0,0.0,0.0,0.0,0.0,2.004,0.0,-2.004,-0.0,-0.0,0.0,0.0,0.0,0.0,6566.0,-1.5879386089525827e+29,0.0,-107615880.0,-0.0,-107616232.0,0.0,0.0,0.0,2.004,2.004,226,0.0,-89221.023,0.0,0.0,0.0,0.0,0.0,0.0,0.0,0,0,0,1814148992.0,0.0,0.0,-0.0,0.0,-337707991040.0,-0.0,0.0,-0.001,-8.124080543013451e+33,-8168212.5,2.900664945994e+19,0.0,0.013,0.0,4.2558483215511716e+18,0,1.3516416376850534e+27,226,0.0,452,2.40156025918058e+36,599252694728704.0,2112,52429,17109,0,17112,52429,17095,0,0,0,101,100,100,0.0,66.1,0.0,66.9,-107615264.0,66.0,1,49,50,180,52429,52429,0,0,0.0,0.0,0.0,60.0,0.0,71.0,0.0,-0.017,0.0,1069,0,1069,0,0,0,1069,0,1079,0,999,0,664,0,666,0,660,0,678,0.032,1.4536034330083127e+22,-0.0,-0.0,52880,16813,0.0,-0.017,-0.0,5.893863084139582e+21,0.0,1.733601543788762e+27,50.0,60.0,35,0.0,0.0,10.0,2.0,0.0,0.0,0.0,0.0,0.0,0.0,0.0,0.0,0.0,0.0,0.0,0.0,58.8,30,30,65533,27,65476,674,65476,1,0,4,20529,65476,0,0,30147,60.0,0.0,10.0,10.0,2.0,0.0
2026-02-16T12:47:39,ERR,ERR,ERR,ERR,ERR,ERR,ERR,ERR,ERR,ERR,ERR,ERR,ERR,ERR,ERR,ERR,ERR,ERR,ERR,ERR,ERR,ERR,ERR,ERR,ERR,ERR,ERR,ERR,ERR,ERR,ERR,ERR,ERR,ERR,ERR,ERR,ERR,ERR,ERR,ERR,ERR,ERR,ERR,ERR,ERR,ERR,ERR,ERR,ERR,ERR,ERR,ERR,ERR,ERR,ERR,ERR,ERR,ERR,ERR,ERR,ERR,ERR,ERR,ERR,ERR,ERR,ERR,ERR,ERR,ERR,ERR,ERR,ERR,ERR,ERR,ERR,ERR,ERR,ERR,ERR,ERR,ERR,ERR,ERR,ERR,ERR,ERR,ERR,ERR,ERR,ERR,ERR,ERR,ERR,ERR,ERR,ERR,ERR,ERR,ERR,ERR,ERR,ERR,ERR,ERR,ERR,ERR,ERR,ERR,ERR,ERR,ERR,ERR,ERR,ERR,ERR,ERR,ERR,ERR,ERR,ERR,ERR,ERR,ERR,ERR,-107615880.0,-0.0,-108138608.0,0.0,-3.2008056460949376e+29,0.017,-0.0,0.0,4300,0,8,17169,4300,0.0,41,0.0,0.0,0.0,0.0,0.0,0,0,0,0,0.0,0,0,0,0,0,0,0,0,0,0,0,0,0,0,0,0,0,0,0,0,0,0,0,0,0,0,0,0,0,0,0,0,0,12,35,35,47,65476,384,65476,1,0,4,21553,0.0,0.0,0.0,0.0,0.0,0.0,0.0,0.0,0.0,0.0,0.0,0.0,0.0,0.0,0.0,0.0,0.0,0.0,0.0,0.0,0.0,2.004,0.0,-2.004,-0.0,-0.0,0.0,0.0,0.0,0.0,6566.0,-1.5879386089525827e+29,0.0,-107615880.0,-0.0,-107616232.0,0.0,0.0,0.0,2.004,2.004,226,0.0,-89221.023,0.0,0.0,0.0,0.0,0.0,0.0,0.0,0,0,0,1814148992.0,0.0,0.0,-0.0,0.0,-337707991040.0,-0.0,0.0,-0.001,-8.124080543013451e+33,-8168212.5,2.900664945994e+19,0.0,0.013,0.0,4.2558483215511716e+18,0,1.3516416376850534e+27,226,0.0,452,2.40156025918058e+36,599252694728704.0,2112,52429,17109,0,17112,52429,17095,0,0,0,101,100,100,0.0,66.1,0.0,66.9,-107615264.0,66.0,1,49,50,180,52429,52429,0,0,0.0,0.0,0.0,60.0,0.0,71.0,0.0,-0.017,0.0,1069,0,1069,0,0,0,1069,0,1079,0,999,0,664,0,666,0,660,0,678,0.032,1.4536034330083127e+22,-0.0,-0.0,52880,16813,0.0,-0.017,-0.0,5.893863084139582e+21,0.0,1.733601543788762e+27,50.0,60.0,35,0.0,0.0,10.0,2.0,0.0,0.0,0.0,0.0,0.0,0.0,0.0,0.0,0.0,0.0,0.0,0.0,59.2,25,34,2,27,65476,597,65476,1,0,4,20529,65476,0,0,30147,60.0,0.0,10.0,10.0,2.0,0.0
2026-02-16T12:47:40,ERR,ERR,ERR,ERR,ERR,ERR,ERR,ERR,ERR,ERR,ERR,ERR,ERR,ERR,ERR,ERR,ERR,ERR,ERR,ERR,ERR,ERR,ERR,ERR,ERR,ERR,ERR,ERR,ERR,ERR,ERR,ERR,ERR,ERR,ERR,ERR,ERR,ERR,ERR,ERR,ERR,ERR,ERR,ERR,ERR,ERR,ERR,ERR,ERR,ERR,ERR,ERR,ERR,ERR,ERR,ERR,ERR,ERR,ERR,ERR,ERR,ERR,ERR,ERR,ERR,ERR,ERR,ERR,ERR,ERR,ERR,ERR,ERR,ERR,ERR,ERR,ERR,ERR,ERR,ERR,ERR,ERR,ERR,ERR,ERR,ERR,ERR,ERR,ERR,ERR,ERR,ERR,ERR,ERR,ERR,ERR,ERR,ERR,ERR,ERR,ERR,ERR,ERR,ERR,ERR,ERR,ERR,ERR,ERR,ERR,ERR,ERR,ERR,ERR,ERR,ERR,ERR,ERR,ERR,ERR,ERR,ERR,ERR,ERR,ERR,-107615880.0,-0.0,-108138608.0,0.0,-3.2008056460949376e+29,0.017,-0.0,0.0,4300,0,8,17169,4300,0.0,41,0.0,0.0,0.0,0.0,0.0,0,0,0,0,0.0,0,0,0,0,0,0,0,0,0,0,0,0,0,0,0,0,0,0,0,0,0,0,0,0,0,0,0,0,0,0,0,0,0,12,35,35,47,65476,384,65476,1,0,4,21553,0.0,0.0,0.0,0.0,0.0,0.0,0.0,0.0,0.0,0.0,0.0,0.0,0.0,0.0,0.0,0.0,0.0,0.0,0.0,0.0,0.0,2.004,0.0,-2.004,-0.0,-0.0,0.0,0.0,0.0,0.0,6566.0,-1.5879386089525827e+29,0.0,-107615880.0,-0.0,-107616232.0,0.0,0.0,0.0,2.004,2.004,226,0.0,-89221.023,0.0,0.0,0.0,0.0,0.0,0.0,0.0,0,0,0,1814148992.0,0.0,0.0,-0.0,0.0,-337707991040.0,-0.0,0.0,-0.001,-8.124080543013451e+33,-8168212.5,2.900664945994e+19,0.0,0.013,0.0,4.2558483215511716e+18,0,1.3516416376850534e+27,226,0.0,452,2.40156025918058e+36,599252694728704.0,2112,52429,17109,0,17112,52429,17095,0,0,0,101,100,100,0.0,66.1,0.0,66.9,-107615264.0,66.0,1,49,50,180,52429,52429,0,0,0.0,0.0,0.0,60.0,0.0,71.0,0.0,-0.017,0.0,1069,0,1069,0,0,0,1069,0,1079,0,999,0,664,0,666,0,660,0,678,0.032,1.4536034330083127e+22,-0.0,-0.0,52880,16813,0.0,-0.017,-0.0,5.893863084139582e+21,0.0,1.733601543788762e+27,50.0,60.0,35,0.0,0.0,10.0,2.0,0.0,0.0,0.0,0.0,0.0,0.0,0.0,0.0,0.0,0.0,0.0,0.0,59.2,25,34,2,27,65476,597,65476,1,0,4,20529,65476,0,0,30147,60.0,0.0,10.0,10.0,2.0,0.0
2026-02-16T12:47:41,ERR,ERR,ERR,ERR,ERR,ERR,ERR,ERR,ERR,ERR,ERR,ERR,ERR,ERR,ERR,ERR,ERR,ERR,ERR,ERR,ERR,ERR,ERR,ERR,ERR,ERR,ERR,ERR,ERR,ERR,ERR,ERR,ERR,ERR,ERR,ERR,ERR,ERR,ERR,ERR,ERR,ERR,ERR,ERR,ERR,ERR,ERR,ERR,ERR,ERR,ERR,ERR,ERR,ERR,ERR,ERR,ERR,ERR,ERR,ERR,ERR,ERR,ERR,ERR,ERR,ERR,ERR,ERR,ERR,ERR,ERR,ERR,ERR,ERR,ERR,ERR,ERR,ERR,ERR,ERR,ERR,ERR,ERR,ERR,ERR,ERR,ERR,ERR,ERR,ERR,ERR,ERR,ERR,ERR,ERR,ERR,ERR,ERR,ERR,ERR,ERR,ERR,ERR,ERR,ERR,ERR,ERR,ERR,ERR,ERR,ERR,ERR,ERR,ERR,ERR,ERR,ERR,ERR,ERR,ERR,ERR,ERR,ERR,ERR,ERR,0.0,-0.0,2.7420187948523476e+23,0.0,-0.0,0.0,9.881789154439599e+20,-4.82120236672915e+27,4300,0,8,17169,4300,0.0,41,0.0,0.0,0.0,0.0,0.0,0,0,0,0,0.0,0,0,0,0,0,0,0,0,0,0,0,0,0,0,0,0,0,0,0,0,0,0,0,0,0,0,0,0,0,0,0,0,0,12,35,35,47,65476,388,65476,1,0,4,21553,0.0,0.0,0.0,0.0,0.0,0.0,0.0,0.0,0.0,0.0,0.0,0.0,0.0,0.0,0.0,0.0,0.0,0.0,0.0,0.0,0.0,2.004,2.004,-2.004,-0.0,-0.0,0.0,0.0,0.0,0.0,6569.0,1.5879386089525827e+29,0.0,0.0,-0.0,-107616232.0,0.0,0.0,0.0,2.004,2.004,226,126840545280.0,5.848079055467333e+35,0.0,0.0,0.0,0.0,0.0,0.0,0.0,0,0,0,0.002,-1.041,-1.1231569451741537e+27,-3.0133402080447132e+26,0.0,-0.0,-3188999795507200.0,0.0,-1.6993747464794288e+29,-8.651423192708394e+33,-8799785.0,3.0880146904926126e+19,0.0,0.014,0.0,-0.0,0,1.3516416376850534e+27,226,0.0,452,2.40156025918058e+36,599252694728704.0,2112,52429,17109,52429,17111,0,17096,0,0,0,101,100,100,0.0,66.1,0.0,66.9,-107615264.0,66.0,1,49,50,180,39322,52429,0,0,0.0,0.0,0.0,60.0,1.111,71.0,0.0,-1.01382353302948e+36,0.0,1068,0,1069,0,0,0,1069,0,1080,0,999,0,664,0,666,0,660,0,677,0.032,1.4536034330083127e+22,-0.0,-0.0,56464,16813,5128.319,-2598546440192.0,nan,-6073203294208.0,0.0,10512.013,50.0,60.0,35,0.0,0.0,10.0,2.0,0.0,0.0,0.0,0.0,0.0,0.0,0.0,0.0,0.0,0.0,0.0,0.0,58.8,24,36,3,27,65476,552,65476,1,0,4,20529,65476,0,0,30147,60.0,0.0,10.0,10.0,2.0,0.0
2026-02-16T12:47:42,ERR,ERR,ERR,ERR,ERR,ERR,ERR,ERR,ERR,ERR,ERR,ERR,ERR,ERR,ERR,ERR,ERR,ERR,ERR,ERR,ERR,ERR,ERR,ERR,ERR,ERR,ERR,ERR,ERR,ERR,ERR,ERR,ERR,ERR,ERR,ERR,ERR,ERR,ERR,ERR,ERR,ERR,ERR,ERR,ERR,ERR,ERR,ERR,ERR,ERR,ERR,ERR,ERR,ERR,ERR,ERR,ERR,ERR,ERR,ERR,ERR,ERR,ERR,ERR,ERR,ERR,ERR,ERR,ERR,ERR,ERR,ERR,ERR,ERR,ERR,ERR,ERR,ERR,ERR,ERR,ERR,ERR,ERR,ERR,ERR,ERR,ERR,ERR,ERR,ERR,ERR,ERR,ERR,ERR,ERR,ERR,ERR,ERR,ERR,ERR,ERR,ERR,ERR,ERR,ERR,ERR,ERR,ERR,ERR,ERR,ERR,ERR,ERR,ERR,ERR,ERR,ERR,ERR,ERR,ERR,ERR,ERR,ERR,ERR,ERR,0.0,-0.0,2.7420187948523476e+23,0.0,-0.0,0.0,9.881789154439599e+20,-4.82120236672915e+27,4300,0,8,17169,4300,0.0,41,0.0,0.0,0.0,0.0,0.0,0,0,0,0,0.0,0,0,0,0,0,0,0,0,0,0,0,0,0,0,0,0,0,0,0,0,0,0,0,0,0,0,0,0,0,0,0,0,0,12,35,35,47,65476,388,65476,1,0,4,21553,0.0,0.0,0.0,0.0,0.0,0.0,0.0,0.0,0.0,0.0,0.0,0.0,0.0,0.0,0.0,0.0,0.0,0.0,0.0,0.0,0.0,2.004,2.004,-2.004,-0.0,-0.0,0.0,0.0,0.0,0.0,6569.0,1.5879386089525827e+29,0.0,0.0,-0.0,-107616232.0,0.0,0.0,0.0,2.004,2.004,226,126840545280.0,5.848079055467333e+35,0.0,0.0,0.0,0.0,0.0,0.0,0.0,0,0,0,0.002,-1.041,-1.1231569451741537e+27,-3.0133402080447132e+26,0.0,-0.0,-3188999795507200.0,0.0,-1.6993747464794288e+29,-8.651423192708394e+33,-8799785.0,3.0880146904926126e+19,0.0,0.014,0.0,-0.0,0,1.3516416376850534e+27,226,0.0,452,2.40156025918058e+36,599252694728704.0,2112,52429,17109,52429,17111,0,17096,0,0,0,101,100,100,0.0,66.1,0.0,66.9,-107615264.0,66.0,1,49,50,180,39322,52429,0,0,0.0,0.0,0.0,60.0,1.111,71.0,0.0,-1.01382353302948e+36,0.0,1068,0,1069,0,0,0,1069,0,1080,0,999,0,664,0,666,0,660,0,677,0.032,1.4536034330083127e+22,-0.0,-0.0,56464,16813,5128.319,-2598546440192.0,nan,-6073203294208.0,0.0,10512.013,50.0,60.0,35,0.0,0.0,10.0,2.0,0.0,0.0,0.0,0.0,0.0,0.0,0.0,0.0,0.0,0.0,0.0,0.0,58.8,24,36,3,27,65476,552,65476,1,0,4,20529,65476,0,0,30147,60.0,0.0,10.0,10.0,2.0,0.0
2026-02-16T12:47:43,ERR,ERR,ERR,ERR,ERR,ERR,ERR,ERR,ERR,ERR,ERR,ERR,ERR,ERR,ERR,ERR,ERR,ERR,ERR,ERR,ERR,ERR,ERR,ERR,ERR,ERR,ERR,ERR,ERR,ERR,ERR,ERR,ERR,ERR,ERR,ERR,ERR,ERR,ERR,ERR,ERR,ERR,ERR,ERR,ERR,ERR,ERR,ERR,ERR,ERR,ERR,ERR,ERR,ERR,ERR,ERR,ERR,ERR,ERR,ERR,ERR,ERR,ERR,ERR,ERR,ERR,ERR,ERR,ERR,ERR,ERR,ERR,ERR,ERR,ERR,ERR,ERR,ERR,ERR,ERR,ERR,ERR,ERR,ERR,ERR,ERR,ERR,ERR,ERR,ERR,ERR,ERR,ERR,ERR,ERR,ERR,ERR,ERR,ERR,ERR,ERR,ERR,ERR,ERR,ERR,ERR,ERR,ERR,ERR,ERR,ERR,ERR,ERR,ERR,ERR,ERR,ERR,ERR,ERR,ERR,ERR,ERR,ERR,ERR,ERR,0.0,-0.0,2.7420187948523476e+23,0.0,-0.0,0.0,9.881789154439599e+20,-4.82120236672915e+27,4300,0,8,17169,4300,0.0,41,0.0,0.0,0.0,0.0,0.0,0,0,0,0,0.0,0,0,0,0,0,0,0,0,0,0,0,0,0,0,0,0,0,0,0,0,0,0,0,0,0,0,0,0,0,0,0,0,0,12,35,35,47,65476,388,65476,1,0,4,21553,0.0,0.0,0.0,0.0,0.0,0.0,0.0,0.0,0.0,0.0,0.0,0.0,0.0,0.0,0.0,0.0,0.0,0.0,0.0,0.0,0.0,2.004,2.004,-2.004,-0.0,-0.0,0.0,0.0,0.0,0.0,6569.0,1.5879386089525827e+29,0.0,0.0,-0.0,-107616232.0,0.0,0.0,0.0,2.004,2.004,226,126840545280.0,5.848079055467333e+35,0.0,0.0,0.0,0.0,0.0,0.0,0.0,0,0,0,0.002,-1.041,-1.1231569451741537e+27,-3.0133402080447132e+26,0.0,-0.0,-3188999795507200.0,0.0,-1.6993747464794288e+29,-8.651423192708394e+33,-8799785.0,3.0880146904926126e+19,0.0,0.014,0.0,-0.0,0,1.3516416376850534e+27,226,0.0,452,2.40156025918058e+36,599252694728704.0,2112,52429,17109,52429,17111,0,17096,0,0,0,101,100,100,0.0,66.1,0.0,66.9,-107615264.0,66.0,1,49,50,180,39322,52429,0,0,0.0,0.0,0.0,60.0,1.111,71.0,0.0,-1.01382353302948e+36,0.0,1068,0,1069,0,0,0,1069,0,1080,0,999,0,664,0,666,0,660,0,677,0.032,1.4536034330083127e+22,-0.0,-0.0,56464,16813,5128.319,-2598546440192.0,nan,-6073203294208.0,0.0,10512.013,50.0,60.0,35,0.0,0.0,10.0,2.0,0.0,0.0,0.0,0.0,0.0,0.0,0.0,0.0,0.0,0.0,0.0,0.0,58.8,23,37,5,27,65476,476,65476,1,0,4,20529,65476,0,0,30147,60.0,0.0,10.0,10.0,2.0,0.0
2026-02-16T12:47:44,ERR,ERR,ERR,ERR,ERR,ERR,ERR,ERR,ERR,ERR,ERR,ERR,ERR,ERR,ERR,ERR,ERR,ERR,ERR,ERR,ERR,ERR,ERR,ERR,ERR,ERR,ERR,ERR,ERR,ERR,ERR,ERR,ERR,ERR,ERR,ERR,ERR,ERR,ERR,ERR,ERR,ERR,ERR,ERR,ERR,ERR,ERR,ERR,ERR,ERR,ERR,ERR,ERR,ERR,ERR,ERR,ERR,ERR,ERR,ERR,ERR,ERR,ERR,ERR,ERR,ERR,ERR,ERR,ERR,ERR,ERR,ERR,ERR,ERR,ERR,ERR,ERR,ERR,ERR,ERR,ERR,ERR,ERR,ERR,ERR,ERR,ERR,ERR,ERR,ERR,ERR,ERR,ERR,ERR,ERR,ERR,ERR,ERR,ERR,ERR,ERR,ERR,ERR,ERR,ERR,ERR,ERR,ERR,ERR,ERR,ERR,ERR,ERR,ERR,ERR,ERR,ERR,ERR,ERR,ERR,ERR,ERR,ERR,ERR,ERR,0.0,-0.0,2.7420187948523476e+23,0.0,-0.0,0.0,9.881789154439599e+20,-4.82120236672915e+27,4300,0,8,17169,4300,0.0,41,0.0,0.0,0.0,0.0,0.0,0,0,0,0,0.0,0,0,0,0,0,0,0,0,0,0,0,0,0,0,0,0,0,0,0,0,0,0,0,0,0,0,0,0,0,0,0,0,0,12,35,35,47,65476,388,65476,1,0,4,21553,0.0,0.0,0.0,0.0,0.0,0.0,0.0,0.0,0.0,0.0,0.0,0.0,0.0,0.0,0.0,0.0,0.0,0.0,0.0,0.0,0.0,2.004,2.004,-2.004,-0.0,-0.0,0.0,0.0,0.0,0.0,6569.0,1.5879386089525827e+29,0.0,0.0,-0.0,-107616232.0,0.0,0.0,0.0,2.004,2.004,226,126840545280.0,5.848079055467333e+35,0.0,0.0,0.0,0.0,0.0,0.0,0.0,0,0,0,0.002,-1.041,-1.1231569451741537e+27,-3.0133402080447132e+26,0.0,-0.0,-3188999795507200.0,0.0,-1.6993747464794288e+29,-8.651423192708394e+33,-8799785.0,3.0880146904926126e+19,0.0,0.014,0.0,-0.0,0,1.3516416376850534e+27,226,0.0,452,2.40156025918058e+36,599252694728704.0,2112,52429,17109,52429,17111,52429,17095,0,0,0,101,100,100,0.0,66.1,0.0,66.9,-107615264.0,66.0,1,49,50,180,39322,52429,0,0,0.0,0.0,0.0,60.0,1490.08,71.0,0.0,-0.0,0.0,1069,0,1069,0,0,0,1069,0,1080,0,999,0,664,0,666,0,660,0,677,0.032,1.4536034330083127e+22,-0.0,-0.0,54160,16813,1490.08,-0.0,3.1750487324124774e+18,0.0,-1.5478688960537533e+20,0.0,50.0,60.0,35,0.0,0.0,10.0,2.0,0.0,0.0,0.0,0.0,0.0,0.0,0.0,0.0,0.0,0.0,0.0,0.0,59.2,22,38,5,27,65476,446,65476,1,0,4,20529,65476,0,0,30147,60.0,0.0,10.0,10.0,2.0,0.0
2026-02-16T12:47:45,ERR,ERR,ERR,ERR,ERR,ERR,ERR,ERR,ERR,ERR,ERR,ERR,ERR,ERR,ERR,ERR,ERR,ERR,ERR,ERR,ERR,ERR,ERR,ERR,ERR,ERR,ERR,ERR,ERR,ERR,ERR,ERR,ERR,ERR,ERR,ERR,ERR,ERR,ERR,ERR,ERR,ERR,ERR,ERR,ERR,ERR,ERR,ERR,ERR,ERR,ERR,ERR,ERR,ERR,ERR,ERR,ERR,ERR,ERR,ERR,ERR,ERR,ERR,ERR,ERR,ERR,ERR,ERR,ERR,ERR,ERR,ERR,ERR,ERR,ERR,ERR,ERR,ERR,ERR,ERR,ERR,ERR,ERR,ERR,ERR,ERR,ERR,ERR,ERR,ERR,ERR,ERR,ERR,ERR,ERR,ERR,ERR,ERR,ERR,ERR,ERR,ERR,ERR,ERR,ERR,ERR,ERR,ERR,ERR,ERR,ERR,ERR,ERR,ERR,ERR,ERR,ERR,ERR,ERR,ERR,ERR,ERR,ERR,ERR,ERR,0.0,-0.0,2.7420187948523476e+23,0.0,-0.0,0.0,9.881789154439599e+20,-4.82120236672915e+27,4300,0,8,17169,4300,0.0,41,0.0,0.0,0.0,0.0,0.0,0,0,0,0,0.0,0,0,0,0,0,0,0,0,0,0,0,0,0,0,0,0,0,0,0,0,0,0,0,0,0,0,0,0,0,0,0,0,0,12,35,35,47,65476,388,65476,1,0,4,21553,0.0,0.0,0.0,0.0,0.0,0.0,0.0,0.0,0.0,0.0,0.0,0.0,0.0,0.0,0.0,0.0,0.0,0.0,0.0,0.0,0.0,2.004,2.004,-2.004,-0.0,-0.0,0.0,0.0,0.0,0.0,6569.0,1.5879386089525827e+29,0.0,0.0,-0.0,-107616232.0,0.0,0.0,0.0,2.004,2.004,226,126840545280.0,5.848079055467333e+35,0.0,0.0,0.0,0.0,0.0,0.0,0.0,0,0,0,0.002,-1.041,-1.1231569451741537e+27,-3.0133402080447132e+26,0.0,-0.0,-3188999795507200.0,0.0,-1.6993747464794288e+29,-8.651423192708394e+33,-8799785.0,3.0880146904926126e+19,0.0,0.014,0.0,-0.0,0,1.3516416376850534e+27,226,0.0,452,2.40156025918058e+36,599252694728704.0,2112,52429,17109,52429,17111,52429,17095,0,0,0,101,100,100,0.0,66.1,0.0,66.9,-107615264.0,66.0,1,49,50,180,39322,52429,0,0,0.0,0.0,0.0,60.0,1490.08,71.0,0.0,-0.0,0.0,1069,0,1069,0,0,0,1069,0,1080,0,999,0,664,0,666,0,660,0,677,0.032,1.4536034330083127e+22,-0.0,-0.0,54160,16813,1490.08,-0.0,3.1750487324124774e+18,0.0,-1.5478688960537533e+20,0.0,50.0,60.0,35,0.0,0.0,10.0,2.0,0.0,0.0,0.0,0.0,0.0,0.0,0.0,0.0,0.0,0.0,0.0,0.0,59.2,22,38,5,27,65476,446,65476,1,0,4,20529,65476,0,0,30147,60.0,0.0,10.0,10.0,2.0,0.0
2026-02-16T12:47:46,ERR,ERR,ERR,ERR,ERR,ERR,ERR,ERR,ERR,ERR,ERR,ERR,ERR,ERR,ERR,ERR,ERR,ERR,ERR,ERR,ERR,ERR,ERR,ERR,ERR,ERR,ERR,ERR,ERR,ERR,ERR,ERR,ERR,ERR,ERR,ERR,ERR,ERR,ERR,ERR,ERR,ERR,ERR,ERR,ERR,ERR,ERR,ERR,ERR,ERR,ERR,ERR,ERR,ERR,ERR,ERR,ERR,ERR,ERR,ERR,ERR,ERR,ERR,ERR,ERR,ERR,ERR,ERR,ERR,ERR,ERR,ERR,ERR,ERR,ERR,ERR,ERR,ERR,ERR,ERR,ERR,ERR,ERR,ERR,ERR,ERR,ERR,ERR,ERR,ERR,ERR,ERR,ERR,ERR,ERR,ERR,ERR,ERR,ERR,ERR,ERR,ERR,ERR,ERR,ERR,ERR,ERR,ERR,ERR,ERR,ERR,ERR,ERR,ERR,ERR,ERR,ERR,ERR,ERR,ERR,ERR,ERR,ERR,ERR,ERR,-107615880.0,-0.0,-108138608.0,0.0,-3.2008056460949376e+29,1.8605966688990003e+17,-72720129720320.0,0.0,4300,0,8,17169,4300,0.0,41,0.0,0.0,0.0,0.0,0.0,0,0,0,0,0.0,0,0,0,0,0,0,0,0,0,0,0,0,0,0,0,0,0,0,0,0,0,0,0,0,0,0,0,0,0,0,0,0,0,12,35,35,47,65476,388,65476,1,0,4,21553,0.0,-0.0,0.0,0.0,0.0,0.0,0.0,0.0,0.0,0.0,0.0,0.0,0.0,0.0,0.0,0.0,0.0,0.0,0.0,0.0,0.0,2.004,2.004,-2.004,-0.0,-2.004,0.0,0.0,0.0,0.0,6537.0,-0.0,0.0,0.0,-0.0,-0.0,0.0,0.0,0.0,2.004,2.004,226,126840545280.0,-3.222024165466893e+26,0.0,0.0,0.0,0.0,0.0,0.0,0.0,0,0,0,11.516,0.0,-3.0032311709313915e+27,-215228272.0,0.0,0.01,-0.0,5.095549764725409e+35,0.0,-9.138201023196034e+33,-9586217.0,3.2609529161836397e+19,0.0,0.014,0.0,4.0280835722623396e+27,0,1.3516416376850534e+27,226,0.0,452,0.0,-20512.541,2112,52429,17109,52429,17111,52429,17095,0,0,0,101,100,100,0.0,66.1,0.0,66.9,-107615264.0,66.0,1,49,50,180,39322,52429,0,0,0.0,0.0,0.0,60.0,1490.08,71.0,0.0,-0.0,0.0,1069,0,1069,0,0,0,1069,0,1080,0,999,0,664,0,666,0,660,0,677,0.032,1.4536034330083127e+22,-0.0,-0.0,54160,16813,1490.08,-0.0,3.1750487324124774e+18,0.0,-1.5478688960537533e+20,0.0,50.0,60.0,35,0.0,0.0,10.0,2.0,0.0,0.0,0.0,0.0,0.0,0.0,0.0,0.0,0.0,0.0,0.0,0.0,58.8,22,38,5,27,65476,419,65476,1,0,4,20529,65476,0,0,30147,60.0,0.0,10.0,10.0,2.0,0.0
2026-02-16T12:47:47,ERR,ERR,ERR,ERR,ERR,ERR,ERR,ERR,ERR,ERR,ERR,ERR,ERR,ERR,ERR,ERR,ERR,ERR,ERR,ERR,ERR,ERR,ERR,ERR,ERR,ERR,ERR,ERR,ERR,ERR,ERR,ERR,ERR,ERR,ERR,ERR,ERR,ERR,ERR,ERR,ERR,ERR,ERR,ERR,ERR,ERR,ERR,ERR,ERR,ERR,ERR,ERR,ERR,ERR,ERR,ERR,ERR,ERR,ERR,ERR,ERR,ERR,ERR,ERR,ERR,ERR,ERR,ERR,ERR,ERR,ERR,ERR,ERR,ERR,ERR,ERR,ERR,ERR,ERR,ERR,ERR,ERR,ERR,ERR,ERR,ERR,ERR,ERR,ERR,ERR,ERR,ERR,ERR,ERR,ERR,ERR,ERR,ERR,ERR,ERR,ERR,ERR,ERR,ERR,ERR,ERR,ERR,ERR,ERR,ERR,ERR,ERR,ERR,ERR,ERR,ERR,ERR,ERR,ERR,ERR,ERR,ERR,ERR,ERR,ERR,-107615880.0,-0.0,-108138608.0,0.0,-3.2008056460949376e+29,1.8605966688990003e+17,-72720129720320.0,0.0,4300,0,8,17169,4300,0.0,41,0.0,0.0,0.0,0.0,0.0,0,0,0,0,0.0,0,0,0,0,0,0,0,0,0,0,0,0,0,0,0,0,0,0,0,0,0,0,0,0,0,0,0,0,0,0,0,0,0,12,35,35,47,65476,388,65476,1,0,4,21553,0.0,-0.0,0.0,0.0,0.0,0.0,0.0,0.0,0.0,0.0,0.0,0.0,0.0,0.0,0.0,0.0,0.0,0.0,0.0,0.0,0.0,2.004,2.004,-2.004,-0.0,-2.004,0.0,0.0,0.0,0.0,6537.0,-0.0,0.0,0.0,-0.0,-0.0,0.0,0.0,0.0,2.004,2.004,226,126840545280.0,-3.222024165466893e+26,0.0,0.0,0.0,0.0,0.0,0.0,0.0,0,0,0,11.516,0.0,-3.0032311709313915e+27,-215228272.0,0.0,0.01,-0.0,5.095549764725409e+35,0.0,-9.138201023196034e+33,-9586217.0,3.2609529161836397e+19,0.0,0.014,0.0,4.0280835722623396e+27,0,1.3516416376850534e+27,226,0.0,452,0.0,-20512.541,2112,52429,17109,52429,17111,52429,17095,0,0,0,101,100,100,0.0,66.1,0.0,66.9,-107615264.0,66.0,1,49,50,180,39322,52429,0,0,0.0,0.0,0.0,60.0,1490.08,71.0,0.0,-0.0,0.0,1069,0,1069,0,0,0,1069,0,1080,0,999,0,664,0,666,0,660,0,677,0.032,1.4536034330083127e+22,-0.0,-0.0,54160,16813,1490.08,-0.0,3.1750487324124774e+18,0.0,-1.5478688960537533e+20,0.0,50.0,60.0,35,0.0,0.0,10.0,2.0,0.0,0.0,0.0,0.0,0.0,0.0,0.0,0.0,0.0,0.0,0.0,0.0,59.2,23,37,5,27,65476,419,65476,1,0,4,20529,65476,0,0,30147,60.0,0.0,10.0,10.0,2.0,0.0
2026-02-16T12:47:48,ERR,ERR,ERR,ERR,ERR,ERR,ERR,ERR,ERR,ERR,ERR,ERR,ERR,ERR,ERR,ERR,ERR,ERR,ERR,ERR,ERR,ERR,ERR,ERR,ERR,ERR,ERR,ERR,ERR,ERR,ERR,ERR,ERR,ERR,ERR,ERR,ERR,ERR,ERR,ERR,ERR,ERR,ERR,ERR,ERR,ERR,ERR,ERR,ERR,ERR,ERR,ERR,ERR,ERR,ERR,ERR,ERR,ERR,ERR,ERR,ERR,ERR,ERR,ERR,ERR,ERR,ERR,ERR,ERR,ERR,ERR,ERR,ERR,ERR,ERR,ERR,ERR,ERR,ERR,ERR,ERR,ERR,ERR,ERR,ERR,ERR,ERR,ERR,ERR,ERR,ERR,ERR,ERR,ERR,ERR,ERR,ERR,ERR,ERR,ERR,ERR,ERR,ERR,ERR,ERR,ERR,ERR,ERR,ERR,ERR,ERR,ERR,ERR,ERR,ERR,ERR,ERR,ERR,ERR,ERR,ERR,ERR,ERR,ERR,ERR,-107615880.0,-0.0,-108138608.0,0.0,-3.2008056460949376e+29,1.8605966688990003e+17,-72720129720320.0,0.0,4300,0,8,17169,4300,0.0,41,0.0,0.0,0.0,0.0,0.0,0,0,0,0,0.0,0,0,0,0,0,0,0,0,0,0,0,0,0,0,0,0,0,0,0,0,0,0,0,0,0,0,0,0,0,0,0,0,0,12,35,35,47,65476,388,65476,1,0,4,21553,0.0,-0.0,0.0,0.0,0.0,0.0,0.0,0.0,0.0,0.0,0.0,0.0,0.0,0.0,0.0,0.0,0.0,0.0,0.0,0.0,0.0,2.004,2.004,-2.004,-0.0,-2.004,0.0,0.0,0.0,0.0,6537.0,-0.0,0.0,0.0,-0.0,-0.0,0.0,0.0,0.0,2.004,2.004,226,126840545280.0,-3.222024165466893e+26,0.0,0.0,0.0,0.0,0.0,0.0,0.0,0,0,0,11.516,0.0,-3.0032311709313915e+27,-215228272.0,0.0,0.01,-0.0,5.095549764725409e+35,0.0,-9.138201023196034e+33,-9586217.0,3.2609529161836397e+19,0.0,0.014,0.0,4.0280835722623396e+27,0,1.3516416376850534e+27,226,0.0,452,0.0,-20512.541,2112,52429,17109,0,17112,0,17096,0,0,0,101,100,100,0.0,66.1,0.0,66.9,-107615264.0,66.0,1,49,50,180,39322,52429,0,0,0.0,0.0,0.0,60.0,48.065,71.0,0.0,1.2486628437919129e+33,0.0,1068,0,1069,0,0,0,1069,0,1079,0,1000,0,664,0,666,0,660,0,677,0.032,1.4536034330083127e+22,-0.0,-0.0,52496,16813,1427537.75,2.0303124054329033e+34,0.0,-0.0,-0.0,-0.0,50.0,60.0,35,0.0,0.0,10.0,2.0,0.0,0.0,0.0,0.0,0.0,0.0,0.0,0.0,0.0,0.0,0.0,0.0,59.2,23,37,5,27,65476,419,65476,1,0,4,20529,65476,0,0,30147,60.0,0.0,10.0,10.0,2.0,0.0
2026-02-16T12:47:49,ERR,ERR,ERR,ERR,ERR,ERR,ERR,ERR,ERR,ERR,ERR,ERR,ERR,ERR,ERR,ERR,ERR,ERR,ERR,ERR,ERR,ERR,ERR,ERR,ERR,ERR,ERR,ERR,ERR,ERR,ERR,ERR,ERR,ERR,ERR,ERR,ERR,ERR,ERR,ERR,ERR,ERR,ERR,ERR,ERR,ERR,ERR,ERR,ERR,ERR,ERR,ERR,ERR,ERR,ERR,ERR,ERR,ERR,ERR,ERR,ERR,ERR,ERR,ERR,ERR,ERR,ERR,ERR,ERR,ERR,ERR,ERR,ERR,ERR,ERR,ERR,ERR,ERR,ERR,ERR,ERR,ERR,ERR,ERR,ERR,ERR,ERR,ERR,ERR,ERR,ERR,ERR,ERR,ERR,ERR,ERR,ERR,ERR,ERR,ERR,ERR,ERR,ERR,ERR,ERR,ERR,ERR,ERR,ERR,ERR,ERR,ERR,ERR,ERR,ERR,ERR,ERR,ERR,ERR,ERR,ERR,ERR,ERR,ERR,ERR,-107615880.0,-0.0,-108138608.0,0.0,-3.2008056460949376e+29,1.8605966688990003e+17,-72720129720320.0,0.0,4300,0,8,17169,4300,0.0,41,0.0,0.0,0.0,0.0,0.0,0,0,0,0,0.0,0,0,0,0,0,0,0,0,0,0,0,0,0,0,0,0,0,0,0,0,0,0,0,0,0,0,0,0,0,0,0,0,0,12,35,35,47,65476,388,65476,1,0,4,21553,0.0,-0.0,0.0,0.0,0.0,0.0,0.0,0.0,0.0,0.0,0.0,0.0,0.0,0.0,0.0,0.0,0.0,0.0,0.0,0.0,0.0,2.004,2.004,-2.004,-0.0,-2.004,0.0,0.0,0.0,0.0,6537.0,-0.0,0.0,0.0,-0.0,-0.0,0.0,0.0,0.0,2.004,2.004,226,126840545280.0,-3.222024165466893e+26,0.0,0.0,0.0,0.0,0.0,0.0,0.0,0,0,0,11.516,0.0,-3.0032311709313915e+27,-215228272.0,0.0,0.01,-0.0,5.095549764725409e+35,0.0,-9.138201023196034e+33,-9586217.0,3.2609529161836397e+19,0.0,0.014,0.0,4.0280835722623396e+27,0,1.3516416376850534e+27,226,0.0,452,0.0,-20512.541,2112,52429,17109,0,17112,0,17096,0,0,0,101,100,100,0.0,66.1,0.0,66.9,-107615264.0,66.0,1,49,50,180,39322,52429,0,0,0.0,0.0,0.0,60.0,48.065,71.0,0.0,1.2486628437919129e+33,0.0,1068,0,1069,0,0,0,1069,0,1079,0,1000,0,664,0,666,0,660,0,677,0.032,1.4536034330083127e+22,-0.0,-0.0,52496,16813,1427537.75,2.0303124054329033e+34,0.0,-0.0,-0.0,-0.0,50.0,60.0,35,0.0,0.0,10.0,2.0,0.0,0.0,0.0,0.0,0.0,0.0,0.0,0.0,0.0,0.0,0.0,0.0,58.8,24,36,3,27,65476,436,65476,1,0,4,20529,65476,0,0,30147,60.0,0.0,10.0,10.0,2.0,0.0
2026-02-16T12:47:50,ERR,ERR,ERR,ERR,ERR,ERR,ERR,ERR,ERR,ERR,ERR,ERR,ERR,ERR,ERR,ERR,ERR,ERR,ERR,ERR,ERR,ERR,ERR,ERR,ERR,ERR,ERR,ERR,ERR,ERR,ERR,ERR,ERR,ERR,ERR,ERR,ERR,ERR,ERR,ERR,ERR,ERR,ERR,ERR,ERR,ERR,ERR,ERR,ERR,ERR,ERR,ERR,ERR,ERR,ERR,ERR,ERR,ERR,ERR,ERR,ERR,ERR,ERR,ERR,ERR,ERR,ERR,ERR,ERR,ERR,ERR,ERR,ERR,ERR,ERR,ERR,ERR,ERR,ERR,ERR,ERR,ERR,ERR,ERR,ERR,ERR,ERR,ERR,ERR,ERR,ERR,ERR,ERR,ERR,ERR,ERR,ERR,ERR,ERR,ERR,ERR,ERR,ERR,ERR,ERR,ERR,ERR,ERR,ERR,ERR,ERR,ERR,ERR,ERR,ERR,ERR,ERR,ERR,ERR,ERR,ERR,ERR,ERR,ERR,ERR,0.0,-0.0,2.7420187948523476e+23,0.0,-0.0,0.0,498811371520.0,-2.5479809560513442e+33,4300,0,8,17170,4300,0.0,41,0.0,0.0,0.0,0.0,0.0,0,0,0,0,0.0,0,0,0,0,0,0,0,0,0,0,0,0,0,0,0,0,0,0,0,0,0,0,0,0,0,0,0,0,0,0,0,0,0,13,35,35,47,65476,393,65476,1,0,4,21553,0.0,0.0,0.0,0.0,0.0,0.0,0.0,0.0,0.0,0.0,0.0,0.0,0.0,0.0,-2.600982585120823e+33,0.0,0.0,0.0,0.0,0.0,0.0,2.004,0.0,-2.004,-0.0,0.0,0.0,0.0,0.0,0.0,6533.0,0.0,0.0,-107615880.0,-0.0,-0.0,2.7184509175703625e+23,0.0,0.0,2.004,2.004,225,0.0,-0.0,0.0,0.0,0.0,0.0,0.0,0.0,0.0,0,0,0,13212241100800.0,8101458297749504.0,-1.1847635924335143e+38,1.6437362889871122e+35,0.0,-9.867698043366241e+33,-0.0,0.0,-0.0,-9.624978853683674e+33,-10372649.0,3.4338911418746667e+19,0.0,0.015,0.0,-0.0,0,1.3516416376850534e+27,225,0.0,450,-74360974999552.0,-0.0,2112,52429,17109,0,17112,0,17096,0,0,0,101,100,100,0.0,66.1,0.0,66.9,-107615264.0,66.0,1,49,50,180,39322,52429,0,0,0.0,0.0,0.0,60.0,48.065,71.0,0.0,1.2486628437919129e+33,0.0,1068,0,1069,0,0,0,1069,0,1079,0,1000,0,664,0,666,0,660,0,677,0.032,1.4536034330083127e+22,-0.0,-0.0,52496,16813,1427537.75,2.0303124054329033e+34,0.0,-0.0,-0.0,-0.0,50.0,60.0,35,0.0,0.0,10.0,2.0,0.0,0.0,0.0,0.0,0.0,0.0,0.0,0.0,0.0,0.0,0.0,0.0,58.8,24,36,3,27,65476,436,65476,1,0,4,20529,65476,0,0,30147,60.0,0.0,10.0,10.0,2.0,0.0
2026-02-16T12:47:51,ERR,ERR,ERR,ERR,ERR,ERR,ERR,ERR,ERR,ERR,ERR,ERR,ERR,ERR,ERR,ERR,ERR,ERR,ERR,ERR,ERR,ERR,ERR,ERR,ERR,ERR,ERR,ERR,ERR,ERR,ERR,ERR,ERR,ERR,ERR,ERR,ERR,ERR,ERR,ERR,ERR,ERR,ERR,ERR,ERR,ERR,ERR,ERR,ERR,ERR,ERR,ERR,ERR,ERR,ERR,ERR,ERR,ERR,ERR,ERR,ERR,ERR,ERR,ERR,ERR,ERR,ERR,ERR,ERR,ERR,ERR,ERR,ERR,ERR,ERR,ERR,ERR,ERR,ERR,ERR,ERR,ERR,ERR,ERR,ERR,ERR,ERR,ERR,ERR,ERR,ERR,ERR,ERR,ERR,ERR,ERR,ERR,ERR,ERR,ERR,ERR,ERR,ERR,ERR,ERR,ERR,ERR,ERR,ERR,ERR,ERR,ERR,ERR,ERR,ERR,ERR,ERR,ERR,ERR,ERR,ERR,ERR,ERR,ERR,ERR,0.0,-0.0,2.7420187948523476e+23,0.0,-0.0,0.0,498811371520.0,-2.5479809560513442e+33,4300,0,8,17170,4300,0.0,41,0.0,0.0,0.0,0.0,0.0,0,0,0,0,0.0,0,0,0,0,0,0,0,0,0,0,0,0,0,0,0,0,0,0,0,0,0,0,0,0,0,0,0,0,0,0,0,0,0,13,35,35,47,65476,393,65476,1,0,4,21553,0.0,0.0,0.0,0.0,0.0,0.0,0.0,0.0,0.0,0.0,0.0,0.0,0.0,0.0,-2.600982585120823e+33,0.0,0.0,0.0,0.0,0.0,0.0,2.004,0.0,-2.004,-0.0,0.0,0.0,0.0,0.0,0.0,6533.0,0.0,0.0,-107615880.0,-0.0,-0.0,2.7184509175703625e+23,0.0,0.0,2.004,2.004,225,0.0,-0.0,0.0,0.0,0.0,0.0,0.0,0.0,0.0,0,0,0,13212241100800.0,8101458297749504.0,-1.1847635924335143e+38,1.6437362889871122e+35,0.0,-9.867698043366241e+33,-0.0,0.0,-0.0,-9.624978853683674e+33,-10372649.0,3.4338911418746667e+19,0.0,0.015,0.0,-0.0,0,1.3516416376850534e+27,225,0.0,450,-74360974999552.0,-0.0,2112,52429,17109,0,17112,0,17096,0,0,0,101,100,100,0.0,66.1,0.0,66.9,-107615264.0,66.0,1,49,50,180,39322,52429,0,0,0.0,0.0,0.0,60.0,0.233,71.0,0.0,2.9948920494569592e+32,0.0,1068,0,1069,0,0,0,1069,0,1079,0,1000,0,664,0,666,0,661,0,677,0.032,1.4536034330083127e+22,2.004,2.73023467606737e+23,53776,16813,33.815,-2.484569189610025e+36,-0.0,-0.0,0.0,159704282038272.0,50.0,60.0,35,0.0,0.0,10.0,2.0,0.0,0.0,0.0,0.0,0.0,0.0,0.0,0.0,0.0,0.0,0.0,0.0,58.8,25,35,2,27,65476,436,65476,1,0,4,20529,65476,0,0,30147,60.0,0.0,10.0,10.0,2.0,0.0
2026-02-16T12:47:52,ERR,ERR,ERR,ERR,ERR,ERR,ERR,ERR,ERR,ERR,ERR,ERR,ERR,ERR,ERR,ERR,ERR,ERR,ERR,ERR,ERR,ERR,ERR,ERR,ERR,ERR,ERR,ERR,ERR,ERR,ERR,ERR,ERR,ERR,ERR,ERR,ERR,ERR,ERR,ERR,ERR,ERR,ERR,ERR,ERR,ERR,ERR,ERR,ERR,ERR,ERR,ERR,ERR,ERR,ERR,ERR,ERR,ERR,ERR,ERR,ERR,ERR,ERR,ERR,ERR,ERR,ERR,ERR,ERR,ERR,ERR,ERR,ERR,ERR,ERR,ERR,ERR,ERR,ERR,ERR,ERR,ERR,ERR,ERR,ERR,ERR,ERR,ERR,ERR,ERR,ERR,ERR,ERR,ERR,ERR,ERR,ERR,ERR,ERR,ERR,ERR,ERR,ERR,ERR,ERR,ERR,ERR,ERR,ERR,ERR,ERR,ERR,ERR,ERR,ERR,ERR,ERR,ERR,ERR,ERR,ERR,ERR,ERR,ERR,ERR,0.0,-0.0,2.7420187948523476e+23,0.0,-0.0,0.0,498811371520.0,-2.5479809560513442e+33,4300,0,8,17170,4300,0.0,41,0.0,0.0,0.0,0.0,0.0,0,0,0,0,0.0,0,0,0,0,0,0,0,0,0,0,0,0,0,0,0,0,0,0,0,0,0,0,0,0,0,0,0,0,0,0,0,0,0,13,35,35,47,65476,393,65476,1,0,4,21553,0.0,0.0,0.0,0.0,0.0,0.0,0.0,0.0,0.0,0.0,0.0,0.0,0.0,0.0,-2.600982585120823e+33,0.0,0.0,0.0,0.0,0.0,0.0,2.004,0.0,-2.004,-0.0,0.0,0.0,0.0,0.0,0.0,6533.0,0.0,0.0,-107615880.0,-0.0,-0.0,2.7184509175703625e+23,0.0,0.0,2.004,2.004,225,0.0,-0.0,0.0,0.0,0.0,0.0,0.0,0.0,0.0,0,0,0,13212241100800.0,8101458297749504.0,-1.1847635924335143e+38,1.6437362889871122e+35,0.0,-9.867698043366241e+33,-0.0,0.0,-0.0,-9.624978853683674e+33,-10372649.0,3.4338911418746667e+19,0.0,0.015,0.0,-0.0,0,1.3516416376850534e+27,225,0.0,450,-74360974999552.0,-0.0,2112,52429,17109,0,17112,0,17096,0,0,0,101,100,100,0.0,66.1,0.0,66.9,-107615264.0,66.0,1,49,50,180,39322,52429,0,0,0.0,0.0,0.0,60.0,0.233,71.0,0.0,2.9948920494569592e+32,0.0,1068,0,1069,0,0,0,1069,0,1079,0,1000,0,664,0,666,0,661,0,677,0.032,1.4536034330083127e+22,2.004,2.73023467606737e+23,53776,16813,33.815,-2.484569189610025e+36,-0.0,-0.0,0.0,159704282038272.0,50.0,60.0,35,0.0,0.0,10.0,2.0,0.0,0.0,0.0,0.0,0.0,0.0,0.0,0.0,0.0,0.0,0.0,0.0,59.2,28,32,65535,27,65476,492,65476,1,0,4,20529,65476,0,0,30147,60.0,0.0,10.0,10.0,2.0,0.0
2026-02-16T12:47:53,ERR,ERR,ERR,ERR,ERR,ERR,ERR,ERR,ERR,ERR,ERR,ERR,ERR,ERR,ERR,ERR,ERR,ERR,ERR,ERR,ERR,ERR,ERR,ERR,ERR,ERR,ERR,ERR,ERR,ERR,ERR,ERR,ERR,ERR,ERR,ERR,ERR,ERR,ERR,ERR,ERR,ERR,ERR,ERR,ERR,ERR,ERR,ERR,ERR,ERR,ERR,ERR,ERR,ERR,ERR,ERR,ERR,ERR,ERR,ERR,ERR,ERR,ERR,ERR,ERR,ERR,ERR,ERR,ERR,ERR,ERR,ERR,ERR,ERR,ERR,ERR,ERR,ERR,ERR,ERR,ERR,ERR,ERR,ERR,ERR,ERR,ERR,ERR,ERR,ERR,ERR,ERR,ERR,ERR,ERR,ERR,ERR,ERR,ERR,ERR,ERR,ERR,ERR,ERR,ERR,ERR,ERR,ERR,ERR,ERR,ERR,ERR,ERR,ERR,ERR,ERR,ERR,ERR,ERR,ERR,ERR,ERR,ERR,ERR,ERR,0.0,-0.0,2.7420187948523476e+23,0.0,-0.0,0.0,498811371520.0,-2.5479809560513442e+33,4300,0,8,17170,4300,0.0,41,0.0,0.0,0.0,0.0,0.0,0,0,0,0,0.0,0,0,0,0,0,0,0,0,0,0,0,0,0,0,0,0,0,0,0,0,0,0,0,0,0,0,0,0,0,0,0,0,0,13,35,35,47,65476,393,65476,1,0,4,21553,0.0,0.0,0.0,0.0,0.0,0.0,0.0,0.0,0.0,0.0,0.0,0.0,0.0,0.0,-2.600982585120823e+33,0.0,0.0,0.0,0.0,0.0,0.0,2.004,0.0,-2.004,-0.0,0.0,0.0,0.0,0.0,0.0,6533.0,0.0,0.0,-107615880.0,-0.0,-0.0,2.7184509175703625e+23,0.0,0.0,2.004,2.004,225,0.0,-0.0,0.0,0.0,0.0,0.0,0.0,0.0,0.0,0,0,0,13212241100800.0,8101458297749504.0,-1.1847635924335143e+38,1.6437362889871122e+35,0.0,-9.867698043366241e+33,-0.0,0.0,-0.0,-9.624978853683674e+33,-10372649.0,3.4338911418746667e+19,0.0,0.015,0.0,-0.0,0,1.3516416376850534e+27,225,0.0,450,-74360974999552.0,-0.0,2112,52429,17109,0,17112,0,17096,0,0,0,101,100,100,0.0,66.1,0.0,66.9,-107615264.0,66.0,1,49,50,180,39322,52429,0,0,0.0,0.0,0.0,60.0,0.233,71.0,0.0,2.9948920494569592e+32,0.0,1068,0,1069,0,0,0,1069,0,1079,0,1000,0,664,0,666,0,661,0,677,0.032,1.4536034330083127e+22,2.004,2.73023467606737e+23,53776,16813,33.815,-2.484569189610025e+36,-0.0,-0.0,0.0,159704282038272.0,50.0,60.0,35,0.0,0.0,10.0,2.0,0.0,0.0,0.0,0.0,0.0,0.0,0.0,0.0,0.0,0.0,0.0,0.0,59.2,28,32,65535,27,65476,492,65476,1,0,4,20529,65476,0,0,30147,60.0,0.0,10.0,10.0,2.0,0.0
2026-02-16T12:47:54,ERR,ERR,ERR,ERR,ERR,ERR,ERR,ERR,ERR,ERR,ERR,ERR,ERR,ERR,ERR,ERR,ERR,ERR,ERR,ERR,ERR,ERR,ERR,ERR,ERR,ERR,ERR,ERR,ERR,ERR,ERR,ERR,ERR,ERR,ERR,ERR,ERR,ERR,ERR,ERR,ERR,ERR,ERR,ERR,ERR,ERR,ERR,ERR,ERR,ERR,ERR,ERR,ERR,ERR,ERR,ERR,ERR,ERR,ERR,ERR,ERR,ERR,ERR,ERR,ERR,ERR,ERR,ERR,ERR,ERR,ERR,ERR,ERR,ERR,ERR,ERR,ERR,ERR,ERR,ERR,ERR,ERR,ERR,ERR,ERR,ERR,ERR,ERR,ERR,ERR,ERR,ERR,ERR,ERR,ERR,ERR,ERR,ERR,ERR,ERR,ERR,ERR,ERR,ERR,ERR,ERR,ERR,ERR,ERR,ERR,ERR,ERR,ERR,ERR,ERR,ERR,ERR,ERR,ERR,ERR,ERR,ERR,ERR,ERR,ERR,0.0,-0.0,2.7420187948523476e+23,0.0,-0.0,0.0,498811371520.0,-2.5479809560513442e+33,4300,0,8,17170,4300,0.0,41,0.0,0.0,0.0,0.0,0.0,0,0,0,0,0.0,0,0,0,0,0,0,0,0,0,0,0,0,0,0,0,0,0,0,0,0,0,0,0,0,0,0,0,0,0,0,0,0,0,13,35,35,47,65476,393,65476,1,0,4,21553,0.0,0.0,0.0,0.0,0.0,0.0,0.0,0.0,0.0,0.0,0.0,0.0,0.0,0.0,-2.600982585120823e+33,0.0,0.0,0.0,0.0,0.0,0.0,2.004,0.0,-2.004,-0.0,0.0,0.0,0.0,0.0,0.0,6533.0,0.0,0.0,-107615880.0,-0.0,-0.0,2.7184509175703625e+23,0.0,0.0,2.004,2.004,225,0.0,-0.0,0.0,0.0,0.0,0.0,0.0,0.0,0.0,0,0,0,13212241100800.0,8101458297749504.0,-1.1847635924335143e+38,1.6437362889871122e+35,0.0,-9.867698043366241e+33,-0.0,0.0,-0.0,-9.624978853683674e+33,-10372649.0,3.4338911418746667e+19,0.0,0.015,0.0,-0.0,0,1.3516416376850534e+27,225,0.0,450,-74360974999552.0,-0.0,2112,52429,17109,0,17112,0,17096,0,0,0,101,100,100,0.0,66.1,0.0,66.9,-107615264.0,66.0,1,49,50,180,39322,52429,0,0,0.0,0.0,0.0,60.0,0.0,71.0,0.0,0.0,0.0,1068,0,1069,0,0,0,1069,0,1080,0,1000,0,664,0,666,0,660,0,677,0.032,1.4462247353788288e+22,2.004,2.73023467606737e+23,63120,16813,25.782,0.0,9.410302782008498e+27,-0.0,0.0,0.0,50.0,60.0,35,0.0,0.0,10.0,2.0,0.0,0.0,0.0,0.0,0.0,0.0,0.0,0.0,0.0,0.0,0.0,0.0,58.8,30,31,65534,27,65476,568,65476,1,0,4,20529,65476,0,0,30147,60.0,0.0,10.0,10.0,2.0,0.0
2026-02-16T12:47:55,ERR,ERR,ERR,ERR,ERR,ERR,ERR,ERR,ERR,ERR,ERR,ERR,ERR,ERR,ERR,ERR,ERR,ERR,ERR,ERR,ERR,ERR,ERR,ERR,ERR,ERR,ERR,ERR,ERR,ERR,ERR,ERR,ERR,ERR,ERR,ERR,ERR,ERR,ERR,ERR,ERR,ERR,ERR,ERR,ERR,ERR,ERR,ERR,ERR,ERR,ERR,ERR,ERR,ERR,ERR,ERR,ERR,ERR,ERR,ERR,ERR,ERR,ERR,ERR,ERR,ERR,ERR,ERR,ERR,ERR,ERR,ERR,ERR,ERR,ERR,ERR,ERR,ERR,ERR,ERR,ERR,ERR,ERR,ERR,ERR,ERR,ERR,ERR,ERR,ERR,ERR,ERR,ERR,ERR,ERR,ERR,ERR,ERR,ERR,ERR,ERR,ERR,ERR,ERR,ERR,ERR,ERR,ERR,ERR,ERR,ERR,ERR,ERR,ERR,ERR,ERR,ERR,ERR,ERR,ERR,ERR,ERR,ERR,ERR,ERR,0.0,-0.0,2.7420187948523476e+23,0.0,-0.0,0.0,-0.0,-310903456.0,4300,0,8,17169,4300,0.0,41,0.0,0.0,0.0,0.0,0.0,0,0,0,0,0.0,0,0,0,0,0,0,0,0,0,0,0,0,0,0,0,0,0,0,0,0,0,0,0,0,0,0,0,0,0,0,0,0,0,13,35,35,48,65476,395,65476,1,0,4,21553,0.0,2.7183305813883192e+23,0.0,0.0,0.0,0.0,0.0,0.0,0.0,0.0,0.0,0.0,0.0,0.0,0.0,0.0,0.0,0.0,0.0,0.0,0.0,2.004,0.0,-2.004,3.697074423243316e+19,0.0,0.0,0.0,0.0,0.0,6506.0,-0.0,0.0,-107615880.0,-0.0,2.718450016850437e+23,-0.0,0.0,0.0,2.004,2.004,225,1.9056860945658675e+17,0.0,0.0,0.0,0.0,0.0,0.0,0.0,0.0,0,0,0,4198723328.0,2.4356307691312565e+20,-5.332480395528166e+31,0.0,0.0,4.1843869373547626e+30,-0.0,0.0,-834402189312.0,-1.0111756684171315e+34,-11159081.0,3.6068293675656937e+19,0.0,0.016,0.0,6.662651474615763e+33,0,1.3516416376850534e+27,226,0.0,452,-74360974999552.0,-0.0,2112,52429,17109,0,17112,0,17096,0,0,0,101,100,100,0.0,66.1,0.0,66.9,-107615264.0,66.0,1,49,50,180,39322,52429,0,0,0.0,0.0,0.0,60.0,0.0,71.0,0.0,0.0,0.0,1068,0,1069,0,0,0,1069,0,1080,0,1000,0,664,0,666,0,660,0,677,0.032,1.4462247353788288e+22,2.004,2.73023467606737e+23,63120,16813,25.782,0.0,9.410302782008498e+27,-0.0,0.0,0.0,50.0,60.0,35,0.0,0.0,10.0,2.0,0.0,0.0,0.0,0.0,0.0,0.0,0.0,0.0,0.0,0.0,0.0,0.0,58.8,30,31,65534,27,65476,568,65476,1,0,4,20529,65476,0,0,30147,60.0,0.0,10.0,10.0,2.0,0.0
2026-02-16T12:47:56,ERR,ERR,ERR,ERR,ERR,ERR,ERR,ERR,ERR,ERR,ERR,ERR,ERR,ERR,ERR,ERR,ERR,ERR,ERR,ERR,ERR,ERR,ERR,ERR,ERR,ERR,ERR,ERR,ERR,ERR,ERR,ERR,ERR,ERR,ERR,ERR,ERR,ERR,ERR,ERR,ERR,ERR,ERR,ERR,ERR,ERR,ERR,ERR,ERR,ERR,ERR,ERR,ERR,ERR,ERR,ERR,ERR,ERR,ERR,ERR,ERR,ERR,ERR,ERR,ERR,ERR,ERR,ERR,ERR,ERR,ERR,ERR,ERR,ERR,ERR,ERR,ERR,ERR,ERR,ERR,ERR,ERR,ERR,ERR,ERR,ERR,ERR,ERR,ERR,ERR,ERR,ERR,ERR,ERR,ERR,ERR,ERR,ERR,ERR,ERR,ERR,ERR,ERR,ERR,ERR,ERR,ERR,ERR,ERR,ERR,ERR,ERR,ERR,ERR,ERR,ERR,ERR,ERR,ERR,ERR,ERR,ERR,ERR,ERR,ERR,0.0,-0.0,2.7420187948523476e+23,0.0,-0.0,0.0,-0.0,-310903456.0,4300,0,8,17169,4300,0.0,41,0.0,0.0,0.0,0.0,0.0,0,0,0,0,0.0,0,0,0,0,0,0,0,0,0,0,0,0,0,0,0,0,0,0,0,0,0,0,0,0,0,0,0,0,0,0,0,0,0,13,35,35,48,65476,395,65476,1,0,4,21553,0.0,2.7183305813883192e+23,0.0,0.0,0.0,0.0,0.0,0.0,0.0,0.0,0.0,0.0,0.0,0.0,0.0,0.0,0.0,0.0,0.0,0.0,0.0,2.004,0.0,-2.004,3.697074423243316e+19,0.0,0.0,0.0,0.0,0.0,6506.0,-0.0,0.0,-107615880.0,-0.0,2.718450016850437e+23,-0.0,0.0,0.0,2.004,2.004,225,1.9056860945658675e+17,0.0,0.0,0.0,0.0,0.0,0.0,0.0,0.0,0,0,0,4198723328.0,2.4356307691312565e+20,-5.332480395528166e+31,0.0,0.0,4.1843869373547626e+30,-0.0,0.0,-834402189312.0,-1.0111756684171315e+34,-11159081.0,3.6068293675656937e+19,0.0,0.016,0.0,6.662651474615763e+33,0,1.3516416376850534e+27,226,0.0,452,-74360974999552.0,-0.0,2112,52429,17109,0,17112,0,17096,0,0,0,101,100,100,0.0,66.1,0.0,66.9,-107615264.0,66.0,1,49,50,180,39322,52429,0,0,0.0,0.0,0.0,60.0,0.0,71.0,0.0,0.0,0.0,1068,0,1069,0,0,0,1069,0,1080,0,1000,0,664,0,666,0,660,0,677,0.032,1.4462247353788288e+22,2.004,2.73023467606737e+23,63120,16813,25.782,0.0,9.410302782008498e+27,-0.0,0.0,0.0,50.0,60.0,35,0.0,0.0,10.0,2.0,0.0,0.0,0.0,0.0,0.0,0.0,0.0,0.0,0.0,0.0,0.0,0.0,58.8,30,30,65533,27,65476,580,65476,1,0,4,20529,65476,0,0,30147,60.0,0.0,10.0,10.0,2.0,0.0
2026-02-16T12:47:57,ERR,ERR,ERR,ERR,ERR,ERR,ERR,ERR,ERR,ERR,ERR,ERR,ERR,ERR,ERR,ERR,ERR,ERR,ERR,ERR,ERR,ERR,ERR,ERR,ERR,ERR,ERR,ERR,ERR,ERR,ERR,ERR,ERR,ERR,ERR,ERR,ERR,ERR,ERR,ERR,ERR,ERR,ERR,ERR,ERR,ERR,ERR,ERR,ERR,ERR,ERR,ERR,ERR,ERR,ERR,ERR,ERR,ERR,ERR,ERR,ERR,ERR,ERR,ERR,ERR,ERR,ERR,ERR,ERR,ERR,ERR,ERR,ERR,ERR,ERR,ERR,ERR,ERR,ERR,ERR,ERR,ERR,ERR,ERR,ERR,ERR,ERR,ERR,ERR,ERR,ERR,ERR,ERR,ERR,ERR,ERR,ERR,ERR,ERR,ERR,ERR,ERR,ERR,ERR,ERR,ERR,ERR,ERR,ERR,ERR,ERR,ERR,ERR,ERR,ERR,ERR,ERR,ERR,ERR,ERR,ERR,ERR,ERR,ERR,ERR,0.0,-0.0,2.7420187948523476e+23,0.0,-0.0,0.0,-0.0,-310903456.0,4300,0,8,17169,4300,0.0,41,0.0,0.0,0.0,0.0,0.0,0,0,0,0,0.0,0,0,0,0,0,0,0,0,0,0,0,0,0,0,0,0,0,0,0,0,0,0,0,0,0,0,0,0,0,0,0,0,0,13,35,35,48,65476,395,65476,1,0,4,21553,0.0,2.7183305813883192e+23,0.0,0.0,0.0,0.0,0.0,0.0,0.0,0.0,0.0,0.0,0.0,0.0,0.0,0.0,0.0,0.0,0.0,0.0,0.0,2.004,0.0,-2.004,3.697074423243316e+19,0.0,0.0,0.0,0.0,0.0,6506.0,-0.0,0.0,-107615880.0,-0.0,2.718450016850437e+23,-0.0,0.0,0.0,2.004,2.004,225,1.9056860945658675e+17,0.0,0.0,0.0,0.0,0.0,0.0,0.0,0.0,0,0,0,4198723328.0,2.4356307691312565e+20,-5.332480395528166e+31,0.0,0.0,4.1843869373547626e+30,-0.0,0.0,-834402189312.0,-1.0111756684171315e+34,-11159081.0,3.6068293675656937e+19,0.0,0.016,0.0,6.662651474615763e+33,0,1.3516416376850534e+27,226,0.0,452,-74360974999552.0,-0.0,2112,52429,17109,52429,17111,0,17096,0,0,0,101,100,100,0.0,66.1,0.0,66.9,-107615264.0,66.0,1,49,50,180,39322,52429,0,0,0.0,0.0,0.0,60.0,0.0,71.0,0.0,-2964.085,0.0,1068,0,1069,0,0,0,1069,0,1080,0,1000,0,664,0,666,0,661,0,677,0.032,1.4536034330083127e+22,2.004,2.73023467606737e+23,48272,16813,0.0,-2964.085,0.0,2.0574906485624336e+30,-0.0,-0.786,50.0,60.0,35,0.0,0.0,10.0,2.0,0.0,0.0,0.0,0.0,0.0,0.0,0.0,0.0,0.0,0.0,0.0,0.0,58.8,32,29,65531,27,65476,643,65476,1,0,4,20529,65476,0,0,30147,60.0,0.0,10.0,10.0,2.0,0.0
2026-02-16T12:47:58,ERR,ERR,ERR,ERR,ERR,ERR,ERR,ERR,ERR,ERR,ERR,ERR,ERR,ERR,ERR,ERR,ERR,ERR,ERR,ERR,ERR,ERR,ERR,ERR,ERR,ERR,ERR,ERR,ERR,ERR,ERR,ERR,ERR,ERR,ERR,ERR,ERR,ERR,ERR,ERR,ERR,ERR,ERR,ERR,ERR,ERR,ERR,ERR,ERR,ERR,ERR,ERR,ERR,ERR,ERR,ERR,ERR,ERR,ERR,ERR,ERR,ERR,ERR,ERR,ERR,ERR,ERR,ERR,ERR,ERR,ERR,ERR,ERR,ERR,ERR,ERR,ERR,ERR,ERR,ERR,ERR,ERR,ERR,ERR,ERR,ERR,ERR,ERR,ERR,ERR,ERR,ERR,ERR,ERR,ERR,ERR,ERR,ERR,ERR,ERR,ERR,ERR,ERR,ERR,ERR,ERR,ERR,ERR,ERR,ERR,ERR,ERR,ERR,ERR,ERR,ERR,ERR,ERR,ERR,ERR,ERR,ERR,ERR,ERR,ERR,0.0,-0.0,2.7420187948523476e+23,0.0,-0.0,0.0,-0.0,-310903456.0,4300,0,8,17169,4300,0.0,41,0.0,0.0,0.0,0.0,0.0,0,0,0,0,0.0,0,0,0,0,0,0,0,0,0,0,0,0,0,0,0,0,0,0,0,0,0,0,0,0,0,0,0,0,0,0,0,0,0,13,35,35,48,65476,395,65476,1,0,4,21553,0.0,2.7183305813883192e+23,0.0,0.0,0.0,0.0,0.0,0.0,0.0,0.0,0.0,0.0,0.0,0.0,0.0,0.0,0.0,0.0,0.0,0.0,0.0,2.004,0.0,-2.004,3.697074423243316e+19,0.0,0.0,0.0,0.0,0.0,6506.0,-0.0,0.0,-107615880.0,-0.0,2.718450016850437e+23,-0.0,0.0,0.0,2.004,2.004,225,1.9056860945658675e+17,0.0,0.0,0.0,0.0,0.0,0.0,0.0,0.0,0,0,0,4198723328.0,2.4356307691312565e+20,-5.332480395528166e+31,0.0,0.0,4.1843869373547626e+30,-0.0,0.0,-834402189312.0,-1.0111756684171315e+34,-11159081.0,3.6068293675656937e+19,0.0,0.016,0.0,6.662651474615763e+33,0,1.3516416376850534e+27,226,0.0,452,-74360974999552.0,-0.0,2112,52429,17109,52429,17111,0,17096,0,0,0,101,100,100,0.0,66.1,0.0,66.9,-107615264.0,66.0,1,49,50,180,39322,52429,0,0,0.0,0.0,0.0,60.0,0.0,71.0,0.0,-2964.085,0.0,1068,0,1069,0,0,0,1069,0,1080,0,1000,0,664,0,666,0,661,0,677,0.032,1.4536034330083127e+22,2.004,2.73023467606737e+23,48272,16813,0.0,-2964.085,0.0,2.0574906485624336e+30,-0.0,-0.786,50.0,60.0,35,0.0,0.0,10.0,2.0,0.0,0.0,0.0,0.0,0.0,0.0,0.0,0.0,0.0,0.0,0.0,0.0,58.8,32,29,65531,27,65476,643,65476,1,0,4,20529,65476,0,0,30147,60.0,0.0,10.0,10.0,2.0,0.0
2026-02-16T12:47:59,ERR,ERR,ERR,ERR,ERR,ERR,ERR,ERR,ERR,ERR,ERR,ERR,ERR,ERR,ERR,ERR,ERR,ERR,ERR,ERR,ERR,ERR,ERR,ERR,ERR,ERR,ERR,ERR,ERR,ERR,ERR,ERR,ERR,ERR,ERR,ERR,ERR,ERR,ERR,ERR,ERR,ERR,ERR,ERR,ERR,ERR,ERR,ERR,ERR,ERR,ERR,ERR,ERR,ERR,ERR,ERR,ERR,ERR,ERR,ERR,ERR,ERR,ERR,ERR,ERR,ERR,ERR,ERR,ERR,ERR,ERR,ERR,ERR,ERR,ERR,ERR,ERR,ERR,ERR,ERR,ERR,ERR,ERR,ERR,ERR,ERR,ERR,ERR,ERR,ERR,ERR,ERR,ERR,ERR,ERR,ERR,ERR,ERR,ERR,ERR,ERR,ERR,ERR,ERR,ERR,ERR,ERR,ERR,ERR,ERR,ERR,ERR,ERR,ERR,ERR,ERR,ERR,ERR,ERR,ERR,ERR,ERR,ERR,ERR,ERR,0.0,-0.0,2.7420187948523476e+23,0.0,-0.0,0.0,-0.0,-310903456.0,4300,0,8,17169,4300,0.0,41,0.0,0.0,0.0,0.0,0.0,0,0,0,0,0.0,0,0,0,0,0,0,0,0,0,0,0,0,0,0,0,0,0,0,0,0,0,0,0,0,0,0,0,0,0,0,0,0,0,13,35,35,48,65476,395,65476,1,0,4,21553,0.0,2.7183305813883192e+23,0.0,0.0,0.0,0.0,0.0,0.0,0.0,0.0,0.0,0.0,0.0,0.0,0.0,0.0,0.0,0.0,0.0,0.0,0.0,2.004,0.0,-2.004,3.697074423243316e+19,0.0,0.0,0.0,0.0,0.0,6506.0,-0.0,0.0,-107615880.0,-0.0,2.718450016850437e+23,-0.0,0.0,0.0,2.004,2.004,225,1.9056860945658675e+17,0.0,0.0,0.0,0.0,0.0,0.0,0.0,0.0,0,0,0,4198723328.0,2.4356307691312565e+20,-5.332480395528166e+31,0.0,0.0,4.1843869373547626e+30,-0.0,0.0,-834402189312.0,-1.0111756684171315e+34,-11159081.0,3.6068293675656937e+19,0.0,0.016,0.0,6.662651474615763e+33,0,1.3516416376850534e+27,226,0.0,452,-74360974999552.0,-0.0,2112,52429,17109,52429,17111,0,17096,0,0,0,101,100,100,0.0,66.1,0.0,66.9,-107615264.0,66.0,1,49,50,180,39322,52429,0,0,0.0,0.0,0.0,60.0,0.0,71.0,0.0,-2964.085,0.0,1068,0,1069,0,0,0,1069,0,1080,0,1000,0,664,0,666,0,661,0,677,0.032,1.4536034330083127e+22,2.004,2.73023467606737e+23,48272,16813,0.0,-2964.085,0.0,2.0574906485624336e+30,-0.0,-0.786,50.0,60.0,35,0.0,0.0,10.0,2.0,0.0,0.0,0.0,0.0,0.0,0.0,0.0,0.0,0.0,0.0,0.0,0.0,58.8,32,29,65531,27,65476,643,65476,1,0,4,20529,65476,0,0,30147,60.0,0.0,10.0,10.0,2.0,0.0
2026-02-16T12:48:00,ERR,ERR,ERR,ERR,ERR,ERR,ERR,ERR,ERR,ERR,ERR,ERR,ERR,ERR,ERR,ERR,ERR,ERR,ERR,ERR,ERR,ERR,ERR,ERR,ERR,ERR,ERR,ERR,ERR,ERR,ERR,ERR,ERR,ERR,ERR,ERR,ERR,ERR,ERR,ERR,ERR,ERR,ERR,ERR,ERR,ERR,ERR,ERR,ERR,ERR,ERR,ERR,ERR,ERR,ERR,ERR,ERR,ERR,ERR,ERR,ERR,ERR,ERR,ERR,ERR,ERR,ERR,ERR,ERR,ERR,ERR,ERR,ERR,ERR,ERR,ERR,ERR,ERR,ERR,ERR,ERR,ERR,ERR,ERR,ERR,ERR,ERR,ERR,ERR,ERR,ERR,ERR,ERR,ERR,ERR,ERR,ERR,ERR,ERR,ERR,ERR,ERR,ERR,ERR,ERR,ERR,ERR,ERR,ERR,ERR,ERR,ERR,ERR,ERR,ERR,ERR,ERR,ERR,ERR,ERR,ERR,ERR,ERR,ERR,ERR,0.0,-0.0,0.0,0.0,0.0,0.0,13239045120.0,-0.0,4300,0,8,17169,4300,0.0,41,0.0,0.0,0.0,0.0,0.0,0,0,0,0,0.0,0,0,0,0,0,0,0,0,0,0,0,0,0,0,0,0,0,0,0,0,0,0,0,0,0,0,0,0,0,0,0,0,0,13,35,35,48,65476,398,65476,1,0,4,21553,0.0,0.0,0.0,0.0,0.0,0.0,0.0,0.0,0.0,0.0,0.0,0.0,0.0,0.0,0.0,0.0,0.0,0.0,0.0,0.0,0.0,2.004,2.004,-0.0,-0.0,2.004,0.0,0.0,0.0,0.0,6508.0,0.0,0.0,0.0,-0.0,2.718450016850437e+23,-0.0,0.0,0.0,2.004,2.004,226,4.0668540358038725e+29,-3.222023796532012e+26,0.0,0.0,0.0,0.0,0.0,0.0,0.0,0,0,0,659610560.0,0.0,-1.3192549725650672e+35,-1.2290849741300533e+21,0.0,-0.0,1.8763147690438687e+34,0.0,-0.0,-1.0812475312248254e+34,-11945513.0,3.870186371771531e+19,0.0,0.017,0.0,3.68110754735954e+26,0,1.3516416376850534e+27,226,0.0,452,0.0,-20512.541,2112,52429,17109,52429,17111,0,17096,0,0,0,101,100,100,0.0,66.1,0.0,66.9,-107615264.0,66.0,1,49,50,180,39322,52429,0,0,0.0,0.0,0.0,60.0,0.0,71.0,0.0,-2964.085,0.0,1068,0,1069,0,0,0,1069,0,1080,0,1000,0,664,0,666,0,661,0,677,0.032,1.4536034330083127e+22,2.004,2.73023467606737e+23,48272,16813,0.0,-2964.085,0.0,2.0574906485624336e+30,-0.0,-0.786,50.0,60.0,35,0.0,0.0,10.0,2.0,0.0,0.0,0.0,0.0,0.0,0.0,0.0,0.0,0.0,0.0,0.0,0.0,58.8,32,29,65531,27,65476,643,65476,1,0,4,20529,65476,0,0,30147,60.0,0.0,10.0,10.0,2.0,0.0
2026-02-16T12:48:01,ERR,ERR,ERR,ERR,ERR,ERR,ERR,ERR,ERR,ERR,ERR,ERR,ERR,ERR,ERR,ERR,ERR,ERR,ERR,ERR,ERR,ERR,ERR,ERR,ERR,ERR,ERR,ERR,ERR,ERR,ERR,ERR,ERR,ERR,ERR,ERR,ERR,ERR,ERR,ERR,ERR,ERR,ERR,ERR,ERR,ERR,ERR,ERR,ERR,ERR,ERR,ERR,ERR,ERR,ERR,ERR,ERR,ERR,ERR,ERR,ERR,ERR,ERR,ERR,ERR,ERR,ERR,ERR,ERR,ERR,ERR,ERR,ERR,ERR,ERR,ERR,ERR,ERR,ERR,ERR,ERR,ERR,ERR,ERR,ERR,ERR,ERR,ERR,ERR,ERR,ERR,ERR,ERR,ERR,ERR,ERR,ERR,ERR,ERR,ERR,ERR,ERR,ERR,ERR,ERR,ERR,ERR,ERR,ERR,ERR,ERR,ERR,ERR,ERR,ERR,ERR,ERR,ERR,ERR,ERR,ERR,ERR,ERR,ERR,ERR,0.0,-0.0,0.0,0.0,0.0,0.0,13239045120.0,-0.0,4300,0,8,17169,4300,0.0,41,0.0,0.0,0.0,0.0,0.0,0,0,0,0,0.0,0,0,0,0,0,0,0,0,0,0,0,0,0,0,0,0,0,0,0,0,0,0,0,0,0,0,0,0,0,0,0,0,0,13,35,35,48,65476,398,65476,1,0,4,21553,0.0,0.0,0.0,0.0,0.0,0.0,0.0,0.0,0.0,0.0,0.0,0.0,0.0,0.0,0.0,0.0,0.0,0.0,0.0,0.0,0.0,2.004,2.004,-0.0,-0.0,2.004,0.0,0.0,0.0,0.0,6508.0,0.0,0.0,0.0,-0.0,2.718450016850437e+23,-0.0,0.0,0.0,2.004,2.004,226,4.0668540358038725e+29,-3.222023796532012e+26,0.0,0.0,0.0,0.0,0.0,0.0,0.0,0,0,0,659610560.0,0.0,-1.3192549725650672e+35,-1.2290849741300533e+21,0.0,-0.0,1.8763147690438687e+34,0.0,-0.0,-1.0812475312248254e+34,-11945513.0,3.870186371771531e+19,0.0,0.017,0.0,3.68110754735954e+26,0,1.3516416376850534e+27,226,0.0,452,0.0,-20512.541,2112,52429,17109,0,17112,0,17096,0,0,0,101,100,100,0.0,66.1,0.0,66.9,-107615264.0,66.0,1,49,50,180,39322,52429,0,0,0.0,0.0,0.0,60.0,0.0,71.0,0.0,-2228.085,0.0,1068,0,1069,0,0,0,1069,0,1079,0,1000,0,664,0,666,0,661,0,677,0.032,1.4536034330083127e+22,2.004,2.73023467606737e+23,56976,16813,0.0,-8.659253078673868e+25,0.0,-0.0,-0.0,-0.0,50.0,60.0,35,0.0,0.0,10.0,2.0,0.0,0.0,0.0,0.0,0.0,0.0,0.0,0.0,0.0,0.0,0.0,0.0,59.2,32,29,65532,27,65476,690,65476,1,0,4,20529,65476,0,0,30147,60.0,0.0,10.0,10.0,2.0,0.0
2026-02-16T12:48:02,ERR,ERR,ERR,ERR,ERR,ERR,ERR,ERR,ERR,ERR,ERR,ERR,ERR,ERR,ERR,ERR,ERR,ERR,ERR,ERR,ERR,ERR,ERR,ERR,ERR,ERR,ERR,ERR,ERR,ERR,ERR,ERR,ERR,ERR,ERR,ERR,ERR,ERR,ERR,ERR,ERR,ERR,ERR,ERR,ERR,ERR,ERR,ERR,ERR,ERR,ERR,ERR,ERR,ERR,ERR,ERR,ERR,ERR,ERR,ERR,ERR,ERR,ERR,ERR,ERR,ERR,ERR,ERR,ERR,ERR,ERR,ERR,ERR,ERR,ERR,ERR,ERR,ERR,ERR,ERR,ERR,ERR,ERR,ERR,ERR,ERR,ERR,ERR,ERR,ERR,ERR,ERR,ERR,ERR,ERR,ERR,ERR,ERR,ERR,ERR,ERR,ERR,ERR,ERR,ERR,ERR,ERR,ERR,ERR,ERR,ERR,ERR,ERR,ERR,ERR,ERR,ERR,ERR,ERR,ERR,ERR,ERR,ERR,ERR,ERR,0.0,-0.0,0.0,0.0,0.0,0.0,13239045120.0,-0.0,4300,0,8,17169,4300,0.0,41,0.0,0.0,0.0,0.0,0.0,0,0,0,0,0.0,0,0,0,0,0,0,0,0,0,0,0,0,0,0,0,0,0,0,0,0,0,0,0,0,0,0,0,0,0,0,0,0,0,13,35,35,48,65476,398,65476,1,0,4,21553,0.0,0.0,0.0,0.0,0.0,0.0,0.0,0.0,0.0,0.0,0.0,0.0,0.0,0.0,0.0,0.0,0.0,0.0,0.0,0.0,0.0,2.004,2.004,-0.0,-0.0,2.004,0.0,0.0,0.0,0.0,6508.0,0.0,0.0,0.0,-0.0,2.718450016850437e+23,-0.0,0.0,0.0,2.004,2.004,226,4.0668540358038725e+29,-3.222023796532012e+26,0.0,0.0,0.0,0.0,0.0,0.0,0.0,0,0,0,659610560.0,0.0,-1.3192549725650672e+35,-1.2290849741300533e+21,0.0,-0.0,1.8763147690438687e+34,0.0,-0.0,-1.0812475312248254e+34,-11945513.0,3.870186371771531e+19,0.0,0.017,0.0,3.68110754735954e+26,0,1.3516416376850534e+27,226,0.0,452,0.0,-20512.541,2112,52429,17109,0,17112,0,17096,0,0,0,101,100,100,0.0,66.1,0.0,66.9,-107615264.0,66.0,1,49,50,180,39322,52429,0,0,0.0,0.0,0.0,60.0,0.0,71.0,0.0,-2228.085,0.0,1068,0,1069,0,0,0,1069,0,1079,0,1000,0,664,0,666,0,661,0,677,0.032,1.4536034330083127e+22,2.004,2.73023467606737e+23,56976,16813,0.0,-8.659253078673868e+25,0.0,-0.0,-0.0,-0.0,50.0,60.0,35,0.0,0.0,10.0,2.0,0.0,0.0,0.0,0.0,0.0,0.0,0.0,0.0,0.0,0.0,0.0,0.0,58.8,30,30,65533,27,65476,690,65476,1,0,4,20529,65476,0,0,30147,60.0,0.0,10.0,10.0,2.0,0.0
2026-02-16T12:48:03,ERR,ERR,ERR,ERR,ERR,ERR,ERR,ERR,ERR,ERR,ERR,ERR,ERR,ERR,ERR,ERR,ERR,ERR,ERR,ERR,ERR,ERR,ERR,ERR,ERR,ERR,ERR,ERR,ERR,ERR,ERR,ERR,ERR,ERR,ERR,ERR,ERR,ERR,ERR,ERR,ERR,ERR,ERR,ERR,ERR,ERR,ERR,ERR,ERR,ERR,ERR,ERR,ERR,ERR,ERR,ERR,ERR,ERR,ERR,ERR,ERR,ERR,ERR,ERR,ERR,ERR,ERR,ERR,ERR,ERR,ERR,ERR,ERR,ERR,ERR,ERR,ERR,ERR,ERR,ERR,ERR,ERR,ERR,ERR,ERR,ERR,ERR,ERR,ERR,ERR,ERR,ERR,ERR,ERR,ERR,ERR,ERR,ERR,ERR,ERR,ERR,ERR,ERR,ERR,ERR,ERR,ERR,ERR,ERR,ERR,ERR,ERR,ERR,ERR,ERR,ERR,ERR,ERR,ERR,ERR,ERR,ERR,ERR,ERR,ERR,0.0,-0.0,0.0,0.0,0.0,0.0,13239045120.0,-0.0,4300,0,8,17169,4300,0.0,41,0.0,0.0,0.0,0.0,0.0,0,0,0,0,0.0,0,0,0,0,0,0,0,0,0,0,0,0,0,0,0,0,0,0,0,0,0,0,0,0,0,0,0,0,0,0,0,0,0,13,35,35,48,65476,398,65476,1,0,4,21553,0.0,0.0,0.0,0.0,0.0,0.0,0.0,0.0,0.0,0.0,0.0,0.0,0.0,0.0,0.0,0.0,0.0,0.0,0.0,0.0,0.0,2.004,2.004,-0.0,-0.0,2.004,0.0,0.0,0.0,0.0,6508.0,0.0,0.0,0.0,-0.0,2.718450016850437e+23,-0.0,0.0,0.0,2.004,2.004,226,4.0668540358038725e+29,-3.222023796532012e+26,0.0,0.0,0.0,0.0,0.0,0.0,0.0,0,0,0,659610560.0,0.0,-1.3192549725650672e+35,-1.2290849741300533e+21,0.0,-0.0,1.8763147690438687e+34,0.0,-0.0,-1.0812475312248254e+34,-11945513.0,3.870186371771531e+19,0.0,0.017,0.0,3.68110754735954e+26,0,1.3516416376850534e+27,226,0.0,452,0.0,-20512.541,2112,52429,17109,0,17112,0,17096,0,0,0,101,100,100,0.0,66.1,0.0,66.9,-107615264.0,66.0,1,49,50,180,39322,52429,0,0,0.0,0.0,0.0,60.0,0.0,71.0,0.0,-2228.085,0.0,1068,0,1069,0,0,0,1069,0,1079,0,1000,0,664,0,666,0,661,0,677,0.032,1.4536034330083127e+22,2.004,2.73023467606737e+23,56976,16813,0.0,-8.659253078673868e+25,0.0,-0.0,-0.0,-0.0,50.0,60.0,35,0.0,0.0,10.0,2.0,0.0,0.0,0.0,0.0,0.0,0.0,0.0,0.0,0.0,0.0,0.0,0.0,58.8,30,30,65533,27,65476,690,65476,1,0,4,20529,65476,0,0,30147,60.0,0.0,10.0,10.0,2.0,0.0
2026-02-16T12:48:04,ERR,ERR,ERR,ERR,ERR,ERR,ERR,ERR,ERR,ERR,ERR,ERR,ERR,ERR,ERR,ERR,ERR,ERR,ERR,ERR,ERR,ERR,ERR,ERR,ERR,ERR,ERR,ERR,ERR,ERR,ERR,ERR,ERR,ERR,ERR,ERR,ERR,ERR,ERR,ERR,ERR,ERR,ERR,ERR,ERR,ERR,ERR,ERR,ERR,ERR,ERR,ERR,ERR,ERR,ERR,ERR,ERR,ERR,ERR,ERR,ERR,ERR,ERR,ERR,ERR,ERR,ERR,ERR,ERR,ERR,ERR,ERR,ERR,ERR,ERR,ERR,ERR,ERR,ERR,ERR,ERR,ERR,ERR,ERR,ERR,ERR,ERR,ERR,ERR,ERR,ERR,ERR,ERR,ERR,ERR,ERR,ERR,ERR,ERR,ERR,ERR,ERR,ERR,ERR,ERR,ERR,ERR,ERR,ERR,ERR,ERR,ERR,ERR,ERR,ERR,ERR,ERR,ERR,ERR,ERR,ERR,ERR,ERR,ERR,ERR,0.0,-0.0,0.0,0.0,0.0,0.0,13239045120.0,-0.0,4300,0,8,17169,4300,0.0,41,0.0,0.0,0.0,0.0,0.0,0,0,0,0,0.0,0,0,0,0,0,0,0,0,0,0,0,0,0,0,0,0,0,0,0,0,0,0,0,0,0,0,0,0,0,0,0,0,0,13,35,35,48,65476,398,65476,1,0,4,21553,0.0,0.0,0.0,0.0,0.0,0.0,0.0,0.0,0.0,0.0,0.0,0.0,0.0,0.0,0.0,0.0,0.0,0.0,0.0,0.0,0.0,2.004,2.004,-0.0,-0.0,2.004,0.0,0.0,0.0,0.0,6508.0,0.0,0.0,0.0,-0.0,2.718450016850437e+23,-0.0,0.0,0.0,2.004,2.004,226,4.0668540358038725e+29,-3.222023796532012e+26,0.0,0.0,0.0,0.0,0.0,0.0,0.0,0,0,0,659610560.0,0.0,-1.3192549725650672e+35,-1.2290849741300533e+21,0.0,-0.0,1.8763147690438687e+34,0.0,-0.0,-1.0812475312248254e+34,-11945513.0,3.870186371771531e+19,0.0,0.017,0.0,3.68110754735954e+26,0,1.3516416376850534e+27,226,0.0,452,0.0,-20512.541,2114,52429,17109,0,17112,0,17096,0,0,0,101,100,100,0.0,66.1,0.0,66.9,-107615264.0,66.0,1,49,50,180,39322,52429,0,0,0.0,0.0,0.0,60.0,0.0,71.0,0.0,-0.0,0.0,1068,0,1069,0,0,0,1069,0,1080,0,1000,0,664,0,666,0,661,0,677,0.032,1.4536034330083127e+22,2.004,2.73023467606737e+23,57744,16813,0.0,-0.0,-4.109952594020998e+22,-1.1418790160905066e+22,9.675986572384643e+30,-0.0,50.0,60.0,35,0.0,0.0,10.0,2.0,0.0,0.0,0.0,0.0,0.0,0.0,0.0,0.0,0.0,0.0,0.0,0.0,58.8,29,31,65534,27,65476,682,65476,1,0,4,20529,65476,0,0,30147,60.0,0.0,10.0,10.0,2.0,0.0
2026-02-16T12:48:05,ERR,ERR,ERR,ERR,ERR,ERR,ERR,ERR,ERR,ERR,ERR,ERR,ERR,ERR,ERR,ERR,ERR,ERR,ERR,ERR,ERR,ERR,ERR,ERR,ERR,ERR,ERR,ERR,ERR,ERR,ERR,ERR,ERR,ERR,ERR,ERR,ERR,ERR,ERR,ERR,ERR,ERR,ERR,ERR,ERR,ERR,ERR,ERR,ERR,ERR,ERR,ERR,ERR,ERR,ERR,ERR,ERR,ERR,ERR,ERR,ERR,ERR,ERR,ERR,ERR,ERR,ERR,ERR,ERR,ERR,ERR,ERR,ERR,ERR,ERR,ERR,ERR,ERR,ERR,ERR,ERR,ERR,ERR,ERR,ERR,ERR,ERR,ERR,ERR,ERR,ERR,ERR,ERR,ERR,ERR,ERR,ERR,ERR,ERR,ERR,ERR,ERR,ERR,ERR,ERR,ERR,ERR,ERR,ERR,ERR,ERR,ERR,ERR,ERR,ERR,ERR,ERR,ERR,ERR,ERR,ERR,ERR,ERR,ERR,ERR,0.0,-0.0,0.0,0.0,0.0,-26743441408.0,-1.6424147425546758e+28,-578561.312,4300,0,8,17169,4300,0.0,41,0.0,0.0,0.0,0.0,0.0,0,0,0,0,0.0,0,0,0,0,0,0,0,0,0,0,0,0,0,0,0,0,0,0,0,0,0,0,0,0,0,0,0,0,0,0,0,0,0,13,35,35,48,65476,402,65476,1,0,4,21553,0.0,0.0,0.0,0.0,0.0,0.0,0.0,0.0,0.0,0.0,0.0,0.0,0.0,0.0,0.0,0.0,0.0,0.0,0.0,0.0,0.0,2.004,2.004,-0.0,3.697074423243316e+19,3.697076622266571e+19,0.0,0.0,0.0,0.0,6475.0,564148920385536.0,0.0,0.0,-0.0,2.718450016850437e+23,-0.0,0.0,0.0,2.004,2.004,226,2.71841759093312e+23,-0.0,0.0,0.0,0.0,0.0,0.0,0.0,0.0,0,0,0,12534639.0,-2003665027072.0,-5.858668983571867e+19,0.0,0.0,1.6533592434004428e+21,-13393.514,0.0,7.677882387013586e+33,-1.186716061163814e+34,-12863017.0,4.2448858607687565e+19,0.0,0.018,0.0,0.0,0,1.3516416376850534e+27,225,0.0,450,0.0,5.541351687014318e+19,2114,52429,17109,0,17112,0,17096,0,0,0,101,100,100,0.0,66.1,0.0,66.9,-107615264.0,66.0,1,49,50,180,39322,52429,0,0,0.0,0.0,0.0,60.0,0.0,71.0,0.0,-0.0,0.0,1068,0,1069,0,0,0,1069,0,1080,0,1000,0,664,0,666,0,661,0,677,0.032,1.4536034330083127e+22,2.004,2.73023467606737e+23,57744,16813,0.0,-0.0,-4.109952594020998e+22,-1.1418790160905066e+22,9.675986572384643e+30,-0.0,50.0,60.0,35,0.0,0.0,10.0,2.0,0.0,0.0,0.0,0.0,0.0,0.0,0.0,0.0,0.0,0.0,0.0,0.0,58.8,29,31,65534,27,65476,682,65476,1,0,4,20529,65476,0,0,30147,60.0,0.0,10.0,10.0,2.0,0.0
2026-02-16T12:48:06,ERR,ERR,ERR,ERR,ERR,ERR,ERR,ERR,ERR,ERR,ERR,ERR,ERR,ERR,ERR,ERR,ERR,ERR,ERR,ERR,ERR,ERR,ERR,ERR,ERR,ERR,ERR,ERR,ERR,ERR,ERR,ERR,ERR,ERR,ERR,ERR,ERR,ERR,ERR,ERR,ERR,ERR,ERR,ERR,ERR,ERR,ERR,ERR,ERR,ERR,ERR,ERR,ERR,ERR,ERR,ERR,ERR,ERR,ERR,ERR,ERR,ERR,ERR,ERR,ERR,ERR,ERR,ERR,ERR,ERR,ERR,ERR,ERR,ERR,ERR,ERR,ERR,ERR,ERR,ERR,ERR,ERR,ERR,ERR,ERR,ERR,ERR,ERR,ERR,ERR,ERR,ERR,ERR,ERR,ERR,ERR,ERR,ERR,ERR,ERR,ERR,ERR,ERR,ERR,ERR,ERR,ERR,ERR,ERR,ERR,ERR,ERR,ERR,ERR,ERR,ERR,ERR,ERR,ERR,ERR,ERR,ERR,ERR,ERR,ERR,0.0,-0.0,0.0,0.0,0.0,-26743441408.0,-1.6424147425546758e+28,-578561.312,4300,0,8,17169,4300,0.0,41,0.0,0.0,0.0,0.0,0.0,0,0,0,0,0.0,0,0,0,0,0,0,0,0,0,0,0,0,0,0,0,0,0,0,0,0,0,0,0,0,0,0,0,0,0,0,0,0,0,13,35,35,48,65476,402,65476,1,0,4,21553,0.0,0.0,0.0,0.0,0.0,0.0,0.0,0.0,0.0,0.0,0.0,0.0,0.0,0.0,0.0,0.0,0.0,0.0,0.0,0.0,0.0,2.004,2.004,-0.0,3.697074423243316e+19,3.697076622266571e+19,0.0,0.0,0.0,0.0,6475.0,564148920385536.0,0.0,0.0,-0.0,2.718450016850437e+23,-0.0,0.0,0.0,2.004,2.004,226,2.71841759093312e+23,-0.0,0.0,0.0,0.0,0.0,0.0,0.0,0.0,0,0,0,12534639.0,-2003665027072.0,-5.858668983571867e+19,0.0,0.0,1.6533592434004428e+21,-13393.514,0.0,7.677882387013586e+33,-1.186716061163814e+34,-12863017.0,4.2448858607687565e+19,0.0,0.018,0.0,0.0,0,1.3516416376850534e+27,225,0.0,450,0.0,5.541351687014318e+19,2114,52429,17109,0,17112,0,17096,0,0,0,101,100,100,0.0,66.1,0.0,66.9,-107615264.0,66.0,1,49,50,180,39322,52429,0,0,0.0,0.0,0.0,60.0,0.0,71.0,0.0,-0.0,0.0,1068,0,1069,0,0,0,1069,0,1080,0,1000,0,664,0,666,0,661,0,677,0.032,1.4536034330083127e+22,2.004,2.73023467606737e+23,57744,16813,0.0,-0.0,-4.109952594020998e+22,-1.1418790160905066e+22,9.675986572384643e+30,-0.0,50.0,60.0,35,0.0,0.0,10.0,2.0,0.0,0.0,0.0,0.0,0.0,0.0,0.0,0.0,0.0,0.0,0.0,0.0,58.8,28,32,65535,27,65476,682,65476,1,0,4,20529,65476,0,0,30147,60.0,0.0,10.0,10.0,2.0,0.0
2026-02-16T12:48:07,ERR,ERR,ERR,ERR,ERR,ERR,ERR,ERR,ERR,ERR,ERR,ERR,ERR,ERR,ERR,ERR,ERR,ERR,ERR,ERR,ERR,ERR,ERR,ERR,ERR,ERR,ERR,ERR,ERR,ERR,ERR,ERR,ERR,ERR,ERR,ERR,ERR,ERR,ERR,ERR,ERR,ERR,ERR,ERR,ERR,ERR,ERR,ERR,ERR,ERR,ERR,ERR,ERR,ERR,ERR,ERR,ERR,ERR,ERR,ERR,ERR,ERR,ERR,ERR,ERR,ERR,ERR,ERR,ERR,ERR,ERR,ERR,ERR,ERR,ERR,ERR,ERR,ERR,ERR,ERR,ERR,ERR,ERR,ERR,ERR,ERR,ERR,ERR,ERR,ERR,ERR,ERR,ERR,ERR,ERR,ERR,ERR,ERR,ERR,ERR,ERR,ERR,ERR,ERR,ERR,ERR,ERR,ERR,ERR,ERR,ERR,ERR,ERR,ERR,ERR,ERR,ERR,ERR,ERR,ERR,ERR,ERR,ERR,ERR,ERR,0.0,-0.0,0.0,0.0,0.0,-26743441408.0,-1.6424147425546758e+28,-578561.312,4300,0,8,17169,4300,0.0,41,0.0,0.0,0.0,0.0,0.0,0,0,0,0,0.0,0,0,0,0,0,0,0,0,0,0,0,0,0,0,0,0,0,0,0,0,0,0,0,0,0,0,0,0,0,0,0,0,0,13,35,35,48,65476,402,65476,1,0,4,21553,0.0,0.0,0.0,0.0,0.0,0.0,0.0,0.0,0.0,0.0,0.0,0.0,0.0,0.0,0.0,0.0,0.0,0.0,0.0,0.0,0.0,2.004,2.004,-0.0,3.697074423243316e+19,3.697076622266571e+19,0.0,0.0,0.0,0.0,6475.0,564148920385536.0,0.0,0.0,-0.0,2.718450016850437e+23,-0.0,0.0,0.0,2.004,2.004,226,2.71841759093312e+23,-0.0,0.0,0.0,0.0,0.0,0.0,0.0,0.0,0,0,0,12534639.0,-2003665027072.0,-5.858668983571867e+19,0.0,0.0,1.6533592434004428e+21,-13393.514,0.0,7.677882387013586e+33,-1.186716061163814e+34,-12863017.0,4.2448858607687565e+19,0.0,0.018,0.0,0.0,0,1.3516416376850534e+27,225,0.0,450,0.0,5.541351687014318e+19,2114,52429,17109,0,17112,0,17096,0,0,0,101,100,100,0.0,66.1,0.0,66.9,-107615264.0,66.0,1,49,50,180,39322,52429,0,0,0.0,0.0,0.0,60.0,0.0,71.0,0.0,-0.0,0.0,1068,0,1069,0,0,0,1069,0,1080,0,1000,0,664,0,666,0,661,0,677,0.032,1.4536034330083127e+22,2.004,2.73023467606737e+23,57744,16813,0.0,-0.0,-4.109952594020998e+22,-1.1418790160905066e+22,9.675986572384643e+30,-0.0,50.0,60.0,35,0.0,0.0,10.0,2.0,0.0,0.0,0.0,0.0,0.0,0.0,0.0,0.0,0.0,0.0,0.0,0.0,58.8,26,34,2,27,65476,652,65476,1,0,4,20529,65476,0,0,30147,60.0,0.0,10.0,10.0,2.0,0.0
2026-02-16T12:48:08,ERR,ERR,ERR,ERR,ERR,ERR,ERR,ERR,ERR,ERR,ERR,ERR,ERR,ERR,ERR,ERR,ERR,ERR,ERR,ERR,ERR,ERR,ERR,ERR,ERR,ERR,ERR,ERR,ERR,ERR,ERR,ERR,ERR,ERR,ERR,ERR,ERR,ERR,ERR,ERR,ERR,ERR,ERR,ERR,ERR,ERR,ERR,ERR,ERR,ERR,ERR,ERR,ERR,ERR,ERR,ERR,ERR,ERR,ERR,ERR,ERR,ERR,ERR,ERR,ERR,ERR,ERR,ERR,ERR,ERR,ERR,ERR,ERR,ERR,ERR,ERR,ERR,ERR,ERR,ERR,ERR,ERR,ERR,ERR,ERR,ERR,ERR,ERR,ERR,ERR,ERR,ERR,ERR,ERR,ERR,ERR,ERR,ERR,ERR,ERR,ERR,ERR,ERR,ERR,ERR,ERR,ERR,ERR,ERR,ERR,ERR,ERR,ERR,ERR,ERR,ERR,ERR,ERR,ERR,ERR,ERR,ERR,ERR,ERR,ERR,0.0,-0.0,0.0,0.0,0.0,-26743441408.0,-1.6424147425546758e+28,-578561.312,4300,0,8,17169,4300,0.0,41,0.0,0.0,0.0,0.0,0.0,0,0,0,0,0.0,0,0,0,0,0,0,0,0,0,0,0,0,0,0,0,0,0,0,0,0,0,0,0,0,0,0,0,0,0,0,0,0,0,13,35,35,48,65476,402,65476,1,0,4,21553,0.0,0.0,0.0,0.0,0.0,0.0,0.0,0.0,0.0,0.0,0.0,0.0,0.0,0.0,0.0,0.0,0.0,0.0,0.0,0.0,0.0,2.004,2.004,-0.0,3.697074423243316e+19,3.697076622266571e+19,0.0,0.0,0.0,0.0,6475.0,564148920385536.0,0.0,0.0,-0.0,2.718450016850437e+23,-0.0,0.0,0.0,2.004,2.004,226,2.71841759093312e+23,-0.0,0.0,0.0,0.0,0.0,0.0,0.0,0.0,0,0,0,12534639.0,-2003665027072.0,-5.858668983571867e+19,0.0,0.0,1.6533592434004428e+21,-13393.514,0.0,7.677882387013586e+33,-1.186716061163814e+34,-12863017.0,4.2448858607687565e+19,0.0,0.018,0.0,0.0,0,1.3516416376850534e+27,225,0.0,450,0.0,5.541351687014318e+19,2114,52429,17109,0,17112,0,17096,0,0,0,101,100,100,0.0,66.1,0.0,66.9,-107615264.0,66.0,1,49,50,180,39322,52429,0,0,0.0,0.0,0.0,60.0,1026.08,71.0,0.0,-50097962352640.0,0.0,1068,0,1069,0,0,0,1069,0,1079,0,1000,0,664,0,666,0,661,0,677,0.032,1.4536034330083127e+22,2.004,2.73023467606737e+23,53904,16813,23627036.0,0.0,6.807315445439099e+32,7.217794891943574e+31,0.0,0.0,50.0,60.0,35,0.0,0.0,10.0,2.0,0.0,0.0,0.0,0.0,0.0,0.0,0.0,0.0,0.0,0.0,0.0,0.0,58.8,26,34,2,27,65476,652,65476,1,0,4,20529,65476,0,0,30147,60.0,0.0,10.0,10.0,2.0,0.0
2026-02-16T12:48:09,ERR,ERR,ERR,ERR,ERR,ERR,ERR,ERR,ERR,ERR,ERR,ERR,ERR,ERR,ERR,ERR,ERR,ERR,ERR,ERR,ERR,ERR,ERR,ERR,ERR,ERR,ERR,ERR,ERR,ERR,ERR,ERR,ERR,ERR,ERR,ERR,ERR,ERR,ERR,ERR,ERR,ERR,ERR,ERR,ERR,ERR,ERR,ERR,ERR,ERR,ERR,ERR,ERR,ERR,ERR,ERR,ERR,ERR,ERR,ERR,ERR,ERR,ERR,ERR,ERR,ERR,ERR,ERR,ERR,ERR,ERR,ERR,ERR,ERR,ERR,ERR,ERR,ERR,ERR,ERR,ERR,ERR,ERR,ERR,ERR,ERR,ERR,ERR,ERR,ERR,ERR,ERR,ERR,ERR,ERR,ERR,ERR,ERR,ERR,ERR,ERR,ERR,ERR,ERR,ERR,ERR,ERR,ERR,ERR,ERR,ERR,ERR,ERR,ERR,ERR,ERR,ERR,ERR,ERR,ERR,ERR,ERR,ERR,ERR,ERR,0.0,-0.0,0.0,0.0,0.0,0.0,2.98508378631306e+22,-0.0,4300,0,8,17169,4300,0.0,41,0.0,0.0,0.0,0.0,0.0,0,0,0,0,0.0,0,0,0,0,0,0,0,0,0,0,0,0,0,0,0,0,0,0,0,0,0,0,0,0,0,0,0,0,0,0,0,0,0,13,35,35,48,65476,403,65476,1,0,4,21553,0.0,-107610720.0,0.0,0.0,0.0,0.0,0.0,0.0,0.0,0.0,0.0,0.0,0.0,0.0,0.0,0.0,0.0,0.0,0.0,0.0,0.0,2.004,0.0,-0.0,-0.0,-0.0,0.0,0.0,0.0,0.0,6446.0,1.0406709515871489e+34,0.0,0.0,-0.0,-0.0,-107616272.0,0.0,0.0,2.004,2.004,226,2.71841759093312e+23,-4.066874814216397e+29,0.0,0.0,0.0,0.0,0.0,0.0,0.0,0,0,0,3.859826498336719e+18,0.0,-2.193665908543269e+24,1.707700138393473e+26,-4.705867235821438e+35,1.7857452845343703e+18,-0.0,2.423016727569897e+24,-3.0652767277538663e+24,-1.2921845911028028e+34,-13583913.0,4.590762312150811e+19,0.0,0.02,0.0,0.0,0,1.3516416376850534e+27,225,0.0,450,0.0,-20512.541,2114,52429,17109,0,17112,0,17096,0,0,0,101,100,100,0.0,66.1,0.0,66.9,-107615264.0,66.0,1,49,50,180,39322,52429,0,0,0.0,0.0,0.0,60.0,1026.08,71.0,0.0,-50097962352640.0,0.0,1068,0,1069,0,0,0,1069,0,1079,0,1000,0,664,0,666,0,661,0,677,0.032,1.4536034330083127e+22,2.004,2.73023467606737e+23,53904,16813,23627036.0,0.0,6.807315445439099e+32,7.217794891943574e+31,0.0,0.0,50.0,60.0,35,0.0,0.0,10.0,2.0,0.0,0.0,0.0,0.0,0.0,0.0,0.0,0.0,0.0,0.0,0.0,0.0,58.8,24,36,3,27,65476,600,65476,1,0,4,20529,65476,0,0,30147,60.0,0.0,10.0,10.0,2.0,0.0
2026-02-16T12:48:10,ERR,ERR,ERR,ERR,ERR,ERR,ERR,ERR,ERR,ERR,ERR,ERR,ERR,ERR,ERR,ERR,ERR,ERR,ERR,ERR,ERR,ERR,ERR,ERR,ERR,ERR,ERR,ERR,ERR,ERR,ERR,ERR,ERR,ERR,ERR,ERR,ERR,ERR,ERR,ERR,ERR,ERR,ERR,ERR,ERR,ERR,ERR,ERR,ERR,ERR,ERR,ERR,ERR,ERR,ERR,ERR,ERR,ERR,ERR,ERR,ERR,ERR,ERR,ERR,ERR,ERR,ERR,ERR,ERR,ERR,ERR,ERR,ERR,ERR,ERR,ERR,ERR,ERR,ERR,ERR,ERR,ERR,ERR,ERR,ERR,ERR,ERR,ERR,ERR,ERR,ERR,ERR,ERR,ERR,ERR,ERR,ERR,ERR,ERR,ERR,ERR,ERR,ERR,ERR,ERR,ERR,ERR,ERR,ERR,ERR,ERR,ERR,ERR,ERR,ERR,ERR,ERR,ERR,ERR,ERR,ERR,ERR,ERR,ERR,ERR,0.0,-0.0,0.0,0.0,0.0,0.0,2.98508378631306e+22,-0.0,4300,0,8,17169,4300,0.0,41,0.0,0.0,0.0,0.0,0.0,0,0,0,0,0.0,0,0,0,0,0,0,0,0,0,0,0,0,0,0,0,0,0,0,0,0,0,0,0,0,0,0,0,0,0,0,0,0,0,13,35,35,48,65476,403,65476,1,0,4,21553,0.0,-107610720.0,0.0,0.0,0.0,0.0,0.0,0.0,0.0,0.0,0.0,0.0,0.0,0.0,0.0,0.0,0.0,0.0,0.0,0.0,0.0,2.004,0.0,-0.0,-0.0,-0.0,0.0,0.0,0.0,0.0,6446.0,1.0406709515871489e+34,0.0,0.0,-0.0,-0.0,-107616272.0,0.0,0.0,2.004,2.004,226,2.71841759093312e+23,-4.066874814216397e+29,0.0,0.0,0.0,0.0,0.0,0.0,0.0,0,0,0,3.859826498336719e+18,0.0,-2.193665908543269e+24,1.707700138393473e+26,-4.705867235821438e+35,1.7857452845343703e+18,-0.0,2.423016727569897e+24,-3.0652767277538663e+24,-1.2921845911028028e+34,-13583913.0,4.590762312150811e+19,0.0,0.02,0.0,0.0,0,1.3516416376850534e+27,225,0.0,450,0.0,-20512.541,2114,52429,17109,0,17112,0,17096,0,0,0,101,100,100,0.0,66.1,0.0,66.9,-107615264.0,66.0,1,49,50,180,39322,52429,0,0,0.0,0.0,0.0,60.0,1026.08,71.0,0.0,-50097962352640.0,0.0,1068,0,1069,0,0,0,1069,0,1079,0,1000,0,664,0,666,0,661,0,677,0.032,1.4536034330083127e+22,2.004,2.73023467606737e+23,53904,16813,23627036.0,0.0,6.807315445439099e+32,7.217794891943574e+31,0.0,0.0,50.0,60.0,35,0.0,0.0,10.0,2.0,0.0,0.0,0.0,0.0,0.0,0.0,0.0,0.0,0.0,0.0,0.0,0.0,58.8,24,36,3,27,65476,600,65476,1,0,4,20529,65476,0,0,30147,60.0,0.0,10.0,10.0,2.0,0.0
2026-02-16T12:48:11,ERR,ERR,ERR,ERR,ERR,ERR,ERR,ERR,ERR,ERR,ERR,ERR,ERR,ERR,ERR,ERR,ERR,ERR,ERR,ERR,ERR,ERR,ERR,ERR,ERR,ERR,ERR,ERR,ERR,ERR,ERR,ERR,ERR,ERR,ERR,ERR,ERR,ERR,ERR,ERR,ERR,ERR,ERR,ERR,ERR,ERR,ERR,ERR,ERR,ERR,ERR,ERR,ERR,ERR,ERR,ERR,ERR,ERR,ERR,ERR,ERR,ERR,ERR,ERR,ERR,ERR,ERR,ERR,ERR,ERR,ERR,ERR,ERR,ERR,ERR,ERR,ERR,ERR,ERR,ERR,ERR,ERR,ERR,ERR,ERR,ERR,ERR,ERR,ERR,ERR,ERR,ERR,ERR,ERR,ERR,ERR,ERR,ERR,ERR,ERR,ERR,ERR,ERR,ERR,ERR,ERR,ERR,ERR,ERR,ERR,ERR,ERR,ERR,ERR,ERR,ERR,ERR,ERR,ERR,ERR,ERR,ERR,ERR,ERR,ERR,0.0,-0.0,0.0,0.0,0.0,0.0,2.98508378631306e+22,-0.0,4300,0,8,17169,4300,0.0,41,0.0,0.0,0.0,0.0,0.0,0,0,0,0,0.0,0,0,0,0,0,0,0,0,0,0,0,0,0,0,0,0,0,0,0,0,0,0,0,0,0,0,0,0,0,0,0,0,0,13,35,35,48,65476,403,65476,1,0,4,21553,0.0,-107610720.0,0.0,0.0,0.0,0.0,0.0,0.0,0.0,0.0,0.0,0.0,0.0,0.0,0.0,0.0,0.0,0.0,0.0,0.0,0.0,2.004,0.0,-0.0,-0.0,-0.0,0.0,0.0,0.0,0.0,6446.0,1.0406709515871489e+34,0.0,0.0,-0.0,-0.0,-107616272.0,0.0,0.0,2.004,2.004,226,2.71841759093312e+23,-4.066874814216397e+29,0.0,0.0,0.0,0.0,0.0,0.0,0.0,0,0,0,3.859826498336719e+18,0.0,-2.193665908543269e+24,1.707700138393473e+26,-4.705867235821438e+35,1.7857452845343703e+18,-0.0,2.423016727569897e+24,-3.0652767277538663e+24,-1.2921845911028028e+34,-13583913.0,4.590762312150811e+19,0.0,0.02,0.0,0.0,0,1.3516416376850534e+27,225,0.0,450,0.0,-20512.541,2114,52429,17109,52429,17111,0,17096,0,0,0,101,100,100,0.0,66.1,0.0,66.9,-107615264.0,66.0,1,49,50,180,52429,52429,0,0,0.0,0.0,0.0,60.0,1894481.75,71.0,0.0,-380992489521152.0,0.0,1068,0,1069,0,0,0,1069,0,1079,0,1000,0,664,0,666,0,661,0,677,0.032,1.4536034330083127e+22,2.004,2.73023467606737e+23,55696,16813,1344358144.0,0.0,9.78648269790613e+37,3.418294239581176e+18,0.0,0.0,50.0,60.0,35,0.0,0.0,10.0,2.0,0.0,0.0,0.0,0.0,0.0,0.0,0.0,0.0,0.0,0.0,0.0,0.0,58.8,23,37,4,27,65476,600,65476,1,0,4,20529,65476,0,0,30147,60.0,0.0,10.0,10.0,2.0,0.0
2026-02-16T12:48:12,ERR,ERR,ERR,ERR,ERR,ERR,ERR,ERR,ERR,ERR,ERR,ERR,ERR,ERR,ERR,ERR,ERR,ERR,ERR,ERR,ERR,ERR,ERR,ERR,ERR,ERR,ERR,ERR,ERR,ERR,ERR,ERR,ERR,ERR,ERR,ERR,ERR,ERR,ERR,ERR,ERR,ERR,ERR,ERR,ERR,ERR,ERR,ERR,ERR,ERR,ERR,ERR,ERR,ERR,ERR,ERR,ERR,ERR,ERR,ERR,ERR,ERR,ERR,ERR,ERR,ERR,ERR,ERR,ERR,ERR,ERR,ERR,ERR,ERR,ERR,ERR,ERR,ERR,ERR,ERR,ERR,ERR,ERR,ERR,ERR,ERR,ERR,ERR,ERR,ERR,ERR,ERR,ERR,ERR,ERR,ERR,ERR,ERR,ERR,ERR,ERR,ERR,ERR,ERR,ERR,ERR,ERR,ERR,ERR,ERR,ERR,ERR,ERR,ERR,ERR,ERR,ERR,ERR,ERR,ERR,ERR,ERR,ERR,ERR,ERR,0.0,-0.0,0.0,0.0,0.0,0.0,2.98508378631306e+22,-0.0,4300,0,8,17169,4300,0.0,41,0.0,0.0,0.0,0.0,0.0,0,0,0,0,0.0,0,0,0,0,0,0,0,0,0,0,0,0,0,0,0,0,0,0,0,0,0,0,0,0,0,0,0,0,0,0,0,0,0,13,35,35,48,65476,403,65476,1,0,4,21553,0.0,-107610720.0,0.0,0.0,0.0,0.0,0.0,0.0,0.0,0.0,0.0,0.0,0.0,0.0,0.0,0.0,0.0,0.0,0.0,0.0,0.0,2.004,0.0,-0.0,-0.0,-0.0,0.0,0.0,0.0,0.0,6446.0,1.0406709515871489e+34,0.0,0.0,-0.0,-0.0,-107616272.0,0.0,0.0,2.004,2.004,226,2.71841759093312e+23,-4.066874814216397e+29,0.0,0.0,0.0,0.0,0.0,0.0,0.0,0,0,0,3.859826498336719e+18,0.0,-2.193665908543269e+24,1.707700138393473e+26,-4.705867235821438e+35,1.7857452845343703e+18,-0.0,2.423016727569897e+24,-3.0652767277538663e+24,-1.2921845911028028e+34,-13583913.0,4.590762312150811e+19,0.0,0.02,0.0,0.0,0,1.3516416376850534e+27,225,0.0,450,0.0,-20512.541,2114,52429,17109,52429,17111,0,17096,0,0,0,101,100,100,0.0,66.1,0.0,66.9,-107615264.0,66.0,1,49,50,180,52429,52429,0,0,0.0,0.0,0.0,60.0,1894481.75,71.0,0.0,-380992489521152.0,0.0,1068,0,1069,0,0,0,1069,0,1079,0,1000,0,664,0,666,0,661,0,677,0.032,1.4536034330083127e+22,2.004,2.73023467606737e+23,55696,16813,1344358144.0,0.0,9.78648269790613e+37,3.418294239581176e+18,0.0,0.0,50.0,60.0,35,0.0,0.0,10.0,2.0,0.0,0.0,0.0,0.0,0.0,0.0,0.0,0.0,0.0,0.0,0.0,0.0,58.8,22,38,5,27,65476,561,65476,1,0,4,20529,65476,0,0,30147,60.0,0.0,10.0,10.0,2.0,0.0
2026-02-16T12:48:13,ERR,ERR,ERR,ERR,ERR,ERR,ERR,ERR,ERR,ERR,ERR,ERR,ERR,ERR,ERR,ERR,ERR,ERR,ERR,ERR,ERR,ERR,ERR,ERR,ERR,ERR,ERR,ERR,ERR,ERR,ERR,ERR,ERR,ERR,ERR,ERR,ERR,ERR,ERR,ERR,ERR,ERR,ERR,ERR,ERR,ERR,ERR,ERR,ERR,ERR,ERR,ERR,ERR,ERR,ERR,ERR,ERR,ERR,ERR,ERR,ERR,ERR,ERR,ERR,ERR,ERR,ERR,ERR,ERR,ERR,ERR,ERR,ERR,ERR,ERR,ERR,ERR,ERR,ERR,ERR,ERR,ERR,ERR,ERR,ERR,ERR,ERR,ERR,ERR,ERR,ERR,ERR,ERR,ERR,ERR,ERR,ERR,ERR,ERR,ERR,ERR,ERR,ERR,ERR,ERR,ERR,ERR,ERR,ERR,ERR,ERR,ERR,ERR,ERR,ERR,ERR,ERR,ERR,ERR,ERR,ERR,ERR,ERR,ERR,ERR,0.0,-0.0,0.0,0.0,0.0,0.0,2.98508378631306e+22,-0.0,4300,0,8,17169,4300,0.0,41,0.0,0.0,0.0,0.0,0.0,0,0,0,0,0.0,0,0,0,0,0,0,0,0,0,0,0,0,0,0,0,0,0,0,0,0,0,0,0,0,0,0,0,0,0,0,0,0,0,13,35,35,48,65476,403,65476,1,0,4,21553,0.0,-107610720.0,0.0,0.0,0.0,0.0,0.0,0.0,0.0,0.0,0.0,0.0,0.0,0.0,0.0,0.0,0.0,0.0,0.0,0.0,0.0,2.004,0.0,-0.0,-0.0,-0.0,0.0,0.0,0.0,0.0,6446.0,1.0406709515871489e+34,0.0,0.0,-0.0,-0.0,-107616272.0,0.0,0.0,2.004,2.004,226,2.71841759093312e+23,-4.066874814216397e+29,0.0,0.0,0.0,0.0,0.0,0.0,0.0,0,0,0,3.859826498336719e+18,0.0,-2.193665908543269e+24,1.707700138393473e+26,-4.705867235821438e+35,1.7857452845343703e+18,-0.0,2.423016727569897e+24,-3.0652767277538663e+24,-1.2921845911028028e+34,-13583913.0,4.590762312150811e+19,0.0,0.02,0.0,0.0,0,1.3516416376850534e+27,225,0.0,450,0.0,-20512.541,2114,52429,17109,52429,17111,0,17096,0,0,0,101,100,100,0.0,66.1,0.0,66.9,-107615264.0,66.0,1,49,50,180,52429,52429,0,0,0.0,0.0,0.0,60.0,1894481.75,71.0,0.0,-380992489521152.0,0.0,1068,0,1069,0,0,0,1069,0,1079,0,1000,0,664,0,666,0,661,0,677,0.032,1.4536034330083127e+22,2.004,2.73023467606737e+23,55696,16813,1344358144.0,0.0,9.78648269790613e+37,3.418294239581176e+18,0.0,0.0,50.0,60.0,35,0.0,0.0,10.0,2.0,0.0,0.0,0.0,0.0,0.0,0.0,0.0,0.0,0.0,0.0,0.0,0.0,58.8,22,38,5,27,65476,561,65476,1,0,4,20529,65476,0,0,30147,60.0,0.0,10.0,10.0,2.0,0.0
2026-02-16T12:48:14,ERR,ERR,ERR,ERR,ERR,ERR,ERR,ERR,ERR,ERR,ERR,ERR,ERR,ERR,ERR,ERR,ERR,ERR,ERR,ERR,ERR,ERR,ERR,ERR,ERR,ERR,ERR,ERR,ERR,ERR,ERR,ERR,ERR,ERR,ERR,ERR,ERR,ERR,ERR,ERR,ERR,ERR,ERR,ERR,ERR,ERR,ERR,ERR,ERR,ERR,ERR,ERR,ERR,ERR,ERR,ERR,ERR,ERR,ERR,ERR,ERR,ERR,ERR,ERR,ERR,ERR,ERR,ERR,ERR,ERR,ERR,ERR,ERR,ERR,ERR,ERR,ERR,ERR,ERR,ERR,ERR,ERR,ERR,ERR,ERR,ERR,ERR,ERR,ERR,ERR,ERR,ERR,ERR,ERR,ERR,ERR,ERR,ERR,ERR,ERR,ERR,ERR,ERR,ERR,ERR,ERR,ERR,ERR,ERR,ERR,ERR,ERR,ERR,ERR,ERR,ERR,ERR,ERR,ERR,ERR,ERR,ERR,ERR,ERR,ERR,0.0,-0.0,0.0,0.0,0.0,0.0,3.160177993874854e+29,3.9794139635846227e+34,4300,0,8,17169,4300,0.0,41,0.0,0.0,0.0,0.0,2.7184166902131945e+23,0,0,0,0,0.0,0,0,0,0,0,0,0,0,0,0,0,0,0,0,0,0,0,0,0,0,0,0,0,0,0,0,0,0,0,0,0,0,0,13,35,35,48,65476,407,65476,1,0,4,21553,0.0,2.718324816780796e+23,0.0,0.0,0.0,0.0,0.0,0.0,0.0,0.0,0.0,0.0,0.0,0.0,0.0,0.0,0.0,0.0,0.0,0.0,0.0,2.004,0.0,-0.0,-0.0,-2.004,0.0,0.0,0.0,0.0,6412.0,-1.040670827793145e+34,0.0,0.0,-0.0,2.718450016850437e+23,0.0,0.0,0.0,2.004,2.004,225,1.9056860945658675e+17,-0.0,0.0,0.0,0.0,0.0,0.0,0.0,0.0,0,0,0,2.6555156344418075e+19,-0.0,-4.553052303798763e+22,0.208,0.0,0.0,-1.1653479008982507e+37,-0.0,3.7518168688731203e+25,-1.3814271933588701e+34,-14435881.0,4.965461801148036e+19,0.0,0.021,0.0,4.908816941205946e+18,0,1.3516416376850534e+27,225,0.0,450,-74360974999552.0,-0.0,2114,52429,17109,52429,17111,0,17096,0,0,0,101,100,100,0.0,66.1,0.0,66.9,-107615264.0,66.0,1,49,50,180,52429,52429,0,0,0.0,0.0,0.0,60.0,0.327,71.0,0.0,-0.0,0.0,1069,0,1069,0,0,0,1069,0,1080,0,1000,0,664,0,666,0,661,0,677,0.032,1.4536034330083127e+22,2.004,2.73023467606737e+23,56720,16813,0.327,-0.0,-5.120144181000725e+30,-0.03,-0.0,-0.0,50.0,60.0,35,0.0,0.0,10.0,2.0,0.0,0.0,0.0,0.0,0.0,0.0,0.0,0.0,0.0,0.0,0.0,0.0,58.8,22,38,5,27,65476,561,65476,1,0,4,20529,65476,0,0,30147,60.0,0.0,10.0,10.0,2.0,0.0
2026-02-16T12:48:15,ERR,ERR,ERR,ERR,ERR,ERR,ERR,ERR,ERR,ERR,ERR,ERR,ERR,ERR,ERR,ERR,ERR,ERR,ERR,ERR,ERR,ERR,ERR,ERR,ERR,ERR,ERR,ERR,ERR,ERR,ERR,ERR,ERR,ERR,ERR,ERR,ERR,ERR,ERR,ERR,ERR,ERR,ERR,ERR,ERR,ERR,ERR,ERR,ERR,ERR,ERR,ERR,ERR,ERR,ERR,ERR,ERR,ERR,ERR,ERR,ERR,ERR,ERR,ERR,ERR,ERR,ERR,ERR,ERR,ERR,ERR,ERR,ERR,ERR,ERR,ERR,ERR,ERR,ERR,ERR,ERR,ERR,ERR,ERR,ERR,ERR,ERR,ERR,ERR,ERR,ERR,ERR,ERR,ERR,ERR,ERR,ERR,ERR,ERR,ERR,ERR,ERR,ERR,ERR,ERR,ERR,ERR,ERR,ERR,ERR,ERR,ERR,ERR,ERR,ERR,ERR,ERR,ERR,ERR,ERR,ERR,ERR,ERR,ERR,ERR,0.0,-0.0,0.0,0.0,0.0,0.0,3.160177993874854e+29,3.9794139635846227e+34,4300,0,8,17169,4300,0.0,41,0.0,0.0,0.0,0.0,2.7184166902131945e+23,0,0,0,0,0.0,0,0,0,0,0,0,0,0,0,0,0,0,0,0,0,0,0,0,0,0,0,0,0,0,0,0,0,0,0,0,0,0,0,13,35,35,48,65476,407,65476,1,0,4,21553,0.0,2.718324816780796e+23,0.0,0.0,0.0,0.0,0.0,0.0,0.0,0.0,0.0,0.0,0.0,0.0,0.0,0.0,0.0,0.0,0.0,0.0,0.0,2.004,0.0,-0.0,-0.0,-2.004,0.0,0.0,0.0,0.0,6412.0,-1.040670827793145e+34,0.0,0.0,-0.0,2.718450016850437e+23,0.0,0.0,0.0,2.004,2.004,225,1.9056860945658675e+17,-0.0,0.0,0.0,0.0,0.0,0.0,0.0,0.0,0,0,0,2.6555156344418075e+19,-0.0,-4.553052303798763e+22,0.208,0.0,0.0,-1.1653479008982507e+37,-0.0,3.7518168688731203e+25,-1.3814271933588701e+34,-14435881.0,4.965461801148036e+19,0.0,0.021,0.0,4.908816941205946e+18,0,1.3516416376850534e+27,225,0.0,450,-74360974999552.0,-0.0,2114,52429,17109,52429,17111,0,17096,0,0,0,101,100,100,0.0,66.1,0.0,66.9,-107615264.0,66.0,1,49,50,180,52429,52429,0,0,0.0,0.0,0.0,60.0,0.327,71.0,0.0,-0.0,0.0,1069,0,1069,0,0,0,1069,0,1080,0,1000,0,664,0,666,0,661,0,677,0.032,1.4536034330083127e+22,2.004,2.73023467606737e+23,56720,16813,0.327,-0.0,-5.120144181000725e+30,-0.03,-0.0,-0.0,50.0,60.0,35,0.0,0.0,10.0,2.0,0.0,0.0,0.0,0.0,0.0,0.0,0.0,0.0,0.0,0.0,0.0,0.0,58.8,22,38,6,27,65476,546,65476,1,0,4,20529,65476,0,0,30147,60.0,0.0,10.0,10.0,2.0,0.0
2026-02-16T12:48:16,ERR,ERR,ERR,ERR,ERR,ERR,ERR,ERR,ERR,ERR,ERR,ERR,ERR,ERR,ERR,ERR,ERR,ERR,ERR,ERR,ERR,ERR,ERR,ERR,ERR,ERR,ERR,ERR,ERR,ERR,ERR,ERR,ERR,ERR,ERR,ERR,ERR,ERR,ERR,ERR,ERR,ERR,ERR,ERR,ERR,ERR,ERR,ERR,ERR,ERR,ERR,ERR,ERR,ERR,ERR,ERR,ERR,ERR,ERR,ERR,ERR,ERR,ERR,ERR,ERR,ERR,ERR,ERR,ERR,ERR,ERR,ERR,ERR,ERR,ERR,ERR,ERR,ERR,ERR,ERR,ERR,ERR,ERR,ERR,ERR,ERR,ERR,ERR,ERR,ERR,ERR,ERR,ERR,ERR,ERR,ERR,ERR,ERR,ERR,ERR,ERR,ERR,ERR,ERR,ERR,ERR,ERR,ERR,ERR,ERR,ERR,ERR,ERR,ERR,ERR,ERR,ERR,ERR,ERR,ERR,ERR,ERR,ERR,ERR,ERR,0.0,-0.0,0.0,0.0,0.0,0.0,3.160177993874854e+29,3.9794139635846227e+34,4300,0,8,17169,4300,0.0,41,0.0,0.0,0.0,0.0,2.7184166902131945e+23,0,0,0,0,0.0,0,0,0,0,0,0,0,0,0,0,0,0,0,0,0,0,0,0,0,0,0,0,0,0,0,0,0,0,0,0,0,0,0,13,35,35,48,65476,407,65476,1,0,4,21553,0.0,2.718324816780796e+23,0.0,0.0,0.0,0.0,0.0,0.0,0.0,0.0,0.0,0.0,0.0,0.0,0.0,0.0,0.0,0.0,0.0,0.0,0.0,2.004,0.0,-0.0,-0.0,-2.004,0.0,0.0,0.0,0.0,6412.0,-1.040670827793145e+34,0.0,0.0,-0.0,2.718450016850437e+23,0.0,0.0,0.0,2.004,2.004,225,1.9056860945658675e+17,-0.0,0.0,0.0,0.0,0.0,0.0,0.0,0.0,0,0,0,2.6555156344418075e+19,-0.0,-4.553052303798763e+22,0.208,0.0,0.0,-1.1653479008982507e+37,-0.0,3.7518168688731203e+25,-1.3814271933588701e+34,-14435881.0,4.965461801148036e+19,0.0,0.021,0.0,4.908816941205946e+18,0,1.3516416376850534e+27,225,0.0,450,-74360974999552.0,-0.0,2114,52429,17109,52429,17111,0,17096,0,0,0,101,100,100,0.0,66.1,0.0,66.9,-107615264.0,66.0,1,49,50,180,52429,52429,0,0,0.0,0.0,0.0,60.0,0.327,71.0,0.0,-0.0,0.0,1069,0,1069,0,0,0,1069,0,1080,0,1000,0,664,0,666,0,661,0,677,0.032,1.4536034330083127e+22,2.004,2.73023467606737e+23,56720,16813,0.327,-0.0,-5.120144181000725e+30,-0.03,-0.0,-0.0,50.0,60.0,35,0.0,0.0,10.0,2.0,0.0,0.0,0.0,0.0,0.0,0.0,0.0,0.0,0.0,0.0,0.0,0.0,58.8,22,38,6,27,65476,546,65476,1,0,4,20529,65476,0,0,30147,60.0,0.0,10.0,10.0,2.0,0.0
2026-02-16T12:48:17,ERR,ERR,ERR,ERR,ERR,ERR,ERR,ERR,ERR,ERR,ERR,ERR,ERR,ERR,ERR,ERR,ERR,ERR,ERR,ERR,ERR,ERR,ERR,ERR,ERR,ERR,ERR,ERR,ERR,ERR,ERR,ERR,ERR,ERR,ERR,ERR,ERR,ERR,ERR,ERR,ERR,ERR,ERR,ERR,ERR,ERR,ERR,ERR,ERR,ERR,ERR,ERR,ERR,ERR,ERR,ERR,ERR,ERR,ERR,ERR,ERR,ERR,ERR,ERR,ERR,ERR,ERR,ERR,ERR,ERR,ERR,ERR,ERR,ERR,ERR,ERR,ERR,ERR,ERR,ERR,ERR,ERR,ERR,ERR,ERR,ERR,ERR,ERR,ERR,ERR,ERR,ERR,ERR,ERR,ERR,ERR,ERR,ERR,ERR,ERR,ERR,ERR,ERR,ERR,ERR,ERR,ERR,ERR,ERR,ERR,ERR,ERR,ERR,ERR,ERR,ERR,ERR,ERR,ERR,ERR,ERR,ERR,ERR,ERR,ERR,0.0,-0.0,0.0,0.0,0.0,0.0,3.160177993874854e+29,3.9794139635846227e+34,4300,0,8,17169,4300,0.0,41,0.0,0.0,0.0,0.0,2.7184166902131945e+23,0,0,0,0,0.0,0,0,0,0,0,0,0,0,0,0,0,0,0,0,0,0,0,0,0,0,0,0,0,0,0,0,0,0,0,0,0,0,0,13,35,35,48,65476,407,65476,1,0,4,21553,0.0,2.718324816780796e+23,0.0,0.0,0.0,0.0,0.0,0.0,0.0,0.0,0.0,0.0,0.0,0.0,0.0,0.0,0.0,0.0,0.0,0.0,0.0,2.004,0.0,-0.0,-0.0,-2.004,0.0,0.0,0.0,0.0,6412.0,-1.040670827793145e+34,0.0,0.0,-0.0,2.718450016850437e+23,0.0,0.0,0.0,2.004,2.004,225,1.9056860945658675e+17,-0.0,0.0,0.0,0.0,0.0,0.0,0.0,0.0,0,0,0,2.6555156344418075e+19,-0.0,-4.553052303798763e+22,0.208,0.0,0.0,-1.1653479008982507e+37,-0.0,3.7518168688731203e+25,-1.3814271933588701e+34,-14435881.0,4.965461801148036e+19,0.0,0.021,0.0,4.908816941205946e+18,0,1.3516416376850534e+27,225,0.0,450,-74360974999552.0,-0.0,2114,52429,17109,52429,17111,0,17096,0,0,0,101,100,100,0.0,66.1,0.0,66.9,-107615264.0,66.0,1,49,50,180,52429,52429,0,0,0.0,0.0,0.0,60.0,0.327,71.0,0.0,-0.0,0.0,1069,0,1069,0,0,0,1069,0,1080,0,1000,0,664,0,666,0,661,0,677,0.032,1.4536034330083127e+22,2.004,2.73023467606737e+23,56720,16813,0.327,-0.0,-5.120144181000725e+30,-0.03,-0.0,-0.0,50.0,60.0,35,0.0,0.0,10.0,2.0,0.0,0.0,0.0,0.0,0.0,0.0,0.0,0.0,0.0,0.0,0.0,0.0,58.8,22,38,6,27,65476,546,65476,1,0,4,20529,65476,0,0,30147,60.0,0.0,10.0,10.0,2.0,0.0
2026-02-16T12:48:18,ERR,ERR,ERR,ERR,ERR,ERR,ERR,ERR,ERR,ERR,ERR,ERR,ERR,ERR,ERR,ERR,ERR,ERR,ERR,ERR,ERR,ERR,ERR,ERR,ERR,ERR,ERR,ERR,ERR,ERR,ERR,ERR,ERR,ERR,ERR,ERR,ERR,ERR,ERR,ERR,ERR,ERR,ERR,ERR,ERR,ERR,ERR,ERR,ERR,ERR,ERR,ERR,ERR,ERR,ERR,ERR,ERR,ERR,ERR,ERR,ERR,ERR,ERR,ERR,ERR,ERR,ERR,ERR,ERR,ERR,ERR,ERR,ERR,ERR,ERR,ERR,ERR,ERR,ERR,ERR,ERR,ERR,ERR,ERR,ERR,ERR,ERR,ERR,ERR,ERR,ERR,ERR,ERR,ERR,ERR,ERR,ERR,ERR,ERR,ERR,ERR,ERR,ERR,ERR,ERR,ERR,ERR,ERR,ERR,ERR,ERR,ERR,ERR,ERR,ERR,ERR,ERR,ERR,ERR,ERR,ERR,ERR,ERR,ERR,ERR,0.0,-0.0,0.0,0.0,0.0,0.0,3.160177993874854e+29,3.9794139635846227e+34,4300,0,8,17169,4300,0.0,41,0.0,0.0,0.0,0.0,2.7184166902131945e+23,0,0,0,0,0.0,0,0,0,0,0,0,0,0,0,0,0,0,0,0,0,0,0,0,0,0,0,0,0,0,0,0,0,0,0,0,0,0,0,13,35,35,48,65476,407,65476,1,0,4,21553,0.0,2.718324816780796e+23,0.0,0.0,0.0,0.0,0.0,0.0,0.0,0.0,0.0,0.0,0.0,0.0,0.0,0.0,0.0,0.0,0.0,0.0,0.0,2.004,0.0,-0.0,-0.0,-2.004,0.0,0.0,0.0,0.0,6412.0,-1.040670827793145e+34,0.0,0.0,-0.0,2.718450016850437e+23,0.0,0.0,0.0,2.004,2.004,225,1.9056860945658675e+17,-0.0,0.0,0.0,0.0,0.0,0.0,0.0,0.0,0,0,0,2.6555156344418075e+19,-0.0,-4.553052303798763e+22,0.208,0.0,0.0,-1.1653479008982507e+37,-0.0,3.7518168688731203e+25,-1.3814271933588701e+34,-14435881.0,4.965461801148036e+19,0.0,0.021,0.0,4.908816941205946e+18,0,1.3516416376850534e+27,225,0.0,450,-74360974999552.0,-0.0,2112,52429,17109,52429,17111,0,17096,0,0,0,101,100,100,0.0,66.1,0.0,66.9,-107615264.0,66.0,1,49,50,180,52429,52429,0,0,0.0,0.0,0.0,60.0,0.0,71.0,0.0,-3.5251691973294024e+34,0.0,1069,0,1069,0,0,0,1069,0,1080,0,1000,0,664,0,666,0,661,0,677,0.032,1.4536034330083127e+22,2.004,2.73023467606737e+23,59152,16813,0.001,-0.0,0.0,-0.0,-0.0,-0.0,50.0,60.0,35,0.0,0.0,10.0,2.0,0.0,0.0,0.0,0.0,0.0,0.0,0.0,0.0,0.0,0.0,0.0,0.0,58.8,22,38,6,27,65476,546,65476,1,0,4,20529,65476,0,0,30147,60.0,0.0,10.0,10.0,2.0,0.0
2026-02-16T12:48:19,ERR,ERR,ERR,ERR,ERR,ERR,ERR,ERR,ERR,ERR,ERR,ERR,ERR,ERR,ERR,ERR,ERR,ERR,ERR,ERR,ERR,ERR,ERR,ERR,ERR,ERR,ERR,ERR,ERR,ERR,ERR,ERR,ERR,ERR,ERR,ERR,ERR,ERR,ERR,ERR,ERR,ERR,ERR,ERR,ERR,ERR,ERR,ERR,ERR,ERR,ERR,ERR,ERR,ERR,ERR,ERR,ERR,ERR,ERR,ERR,ERR,ERR,ERR,ERR,ERR,ERR,ERR,ERR,ERR,ERR,ERR,ERR,ERR,ERR,ERR,ERR,ERR,ERR,ERR,ERR,ERR,ERR,ERR,ERR,ERR,ERR,ERR,ERR,ERR,ERR,ERR,ERR,ERR,ERR,ERR,ERR,ERR,ERR,ERR,ERR,ERR,ERR,ERR,ERR,ERR,ERR,ERR,ERR,ERR,ERR,ERR,ERR,ERR,ERR,ERR,ERR,ERR,ERR,ERR,ERR,ERR,ERR,ERR,ERR,ERR,-107615880.0,-0.0,2.7184069624379994e+23,0.0,-0.0,3.057580775571456e+16,-3767152672768.0,-0.0,4300,0,8,17169,4300,0.0,41,0.0,0.0,0.0,0.0,2.7184166902131945e+23,0,0,0,0,0.0,0,0,0,0,0,0,0,0,0,0,0,0,0,0,0,0,0,0,0,0,0,0,0,0,0,0,0,0,0,0,0,0,0,13,35,35,48,65476,406,65476,1,0,4,21553,0.0,0.0,0.0,0.0,0.0,0.0,0.0,0.0,0.0,0.0,0.0,0.0,0.0,0.0,0.0,0.0,0.0,0.0,0.0,0.0,0.0,2.004,0.0,-0.0,-0.0,-3.697076622266571e+19,0.0,0.0,0.0,0.0,6408.0,564148786167808.0,0.0,0.0,-0.0,-0.0,0.0,0.0,0.0,2.004,2.004,225,89220.57,0.0,0.0,0.0,0.0,0.0,0.0,0.0,0.0,0,0,0,1625760333824.0,2.797889257651858e+30,-8.5910273346621e+37,1621162880.0,0.0,3.3784807303143206e+32,-5.558147754224915e+34,-0.0,7.995497721727632e+25,-1.4868957232978588e+34,-15156777.0,5.282515214914919e+19,0.0,0.022,0.0,43015987200.0,0,1.3516416376850534e+27,225,0.0,450,0.0,-20512.541,2112,52429,17109,52429,17111,0,17096,0,0,0,101,100,100,0.0,66.1,0.0,66.9,-107615264.0,66.0,1,49,50,180,52429,52429,0,0,0.0,0.0,0.0,60.0,0.0,71.0,0.0,-3.5251691973294024e+34,0.0,1069,0,1069,0,0,0,1069,0,1080,0,1000,0,664,0,666,0,661,0,677,0.032,1.4536034330083127e+22,2.004,2.73023467606737e+23,59152,16813,0.001,-0.0,0.0,-0.0,-0.0,-0.0,50.0,60.0,35,0.0,0.0,10.0,2.0,0.0,0.0,0.0,0.0,0.0,0.0,0.0,0.0,0.0,0.0,0.0,0.0,59.2,22,38,5,27,65476,550,65476,1,0,4,20529,65476,0,0,30147,60.0,0.0,10.0,10.0,2.0,0.0
2026-02-16T12:48:20,ERR,ERR,ERR,ERR,ERR,ERR,ERR,ERR,ERR,ERR,ERR,ERR,ERR,ERR,ERR,ERR,ERR,ERR,ERR,ERR,ERR,ERR,ERR,ERR,ERR,ERR,ERR,ERR,ERR,ERR,ERR,ERR,ERR,ERR,ERR,ERR,ERR,ERR,ERR,ERR,ERR,ERR,ERR,ERR,ERR,ERR,ERR,ERR,ERR,ERR,ERR,ERR,ERR,ERR,ERR,ERR,ERR,ERR,ERR,ERR,ERR,ERR,ERR,ERR,ERR,ERR,ERR,ERR,ERR,ERR,ERR,ERR,ERR,ERR,ERR,ERR,ERR,ERR,ERR,ERR,ERR,ERR,ERR,ERR,ERR,ERR,ERR,ERR,ERR,ERR,ERR,ERR,ERR,ERR,ERR,ERR,ERR,ERR,ERR,ERR,ERR,ERR,ERR,ERR,ERR,ERR,ERR,ERR,ERR,ERR,ERR,ERR,ERR,ERR,ERR,ERR,ERR,ERR,ERR,ERR,ERR,ERR,ERR,ERR,ERR,-107615880.0,-0.0,2.7184069624379994e+23,0.0,-0.0,3.057580775571456e+16,-3767152672768.0,-0.0,4300,0,8,17169,4300,0.0,41,0.0,0.0,0.0,0.0,2.7184166902131945e+23,0,0,0,0,0.0,0,0,0,0,0,0,0,0,0,0,0,0,0,0,0,0,0,0,0,0,0,0,0,0,0,0,0,0,0,0,0,0,0,13,35,35,48,65476,406,65476,1,0,4,21553,0.0,0.0,0.0,0.0,0.0,0.0,0.0,0.0,0.0,0.0,0.0,0.0,0.0,0.0,0.0,0.0,0.0,0.0,0.0,0.0,0.0,2.004,0.0,-0.0,-0.0,-3.697076622266571e+19,0.0,0.0,0.0,0.0,6408.0,564148786167808.0,0.0,0.0,-0.0,-0.0,0.0,0.0,0.0,2.004,2.004,225,89220.57,0.0,0.0,0.0,0.0,0.0,0.0,0.0,0.0,0,0,0,1625760333824.0,2.797889257651858e+30,-8.5910273346621e+37,1621162880.0,0.0,3.3784807303143206e+32,-5.558147754224915e+34,-0.0,7.995497721727632e+25,-1.4868957232978588e+34,-15156777.0,5.282515214914919e+19,0.0,0.022,0.0,43015987200.0,0,1.3516416376850534e+27,225,0.0,450,0.0,-20512.541,2112,52429,17109,52429,17111,0,17096,0,0,0,101,100,100,0.0,66.1,0.0,66.9,-107615264.0,66.0,1,49,50,180,52429,52429,0,0,0.0,0.0,0.0,60.0,0.0,71.0,0.0,-3.5251691973294024e+34,0.0,1069,0,1069,0,0,0,1069,0,1080,0,1000,0,664,0,666,0,661,0,677,0.032,1.4536034330083127e+22,2.004,2.73023467606737e+23,59152,16813,0.001,-0.0,0.0,-0.0,-0.0,-0.0,50.0,60.0,35,0.0,0.0,10.0,2.0,0.0,0.0,0.0,0.0,0.0,0.0,0.0,0.0,0.0,0.0,0.0,0.0,58.8,23,37,5,27,65476,550,65476,1,0,4,20529,65476,0,0,30147,60.0,0.0,10.0,10.0,2.0,0.0
2026-02-16T12:48:21,ERR,ERR,ERR,ERR,ERR,ERR,ERR,ERR,ERR,ERR,ERR,ERR,ERR,ERR,ERR,ERR,ERR,ERR,ERR,ERR,ERR,ERR,ERR,ERR,ERR,ERR,ERR,ERR,ERR,ERR,ERR,ERR,ERR,ERR,ERR,ERR,ERR,ERR,ERR,ERR,ERR,ERR,ERR,ERR,ERR,ERR,ERR,ERR,ERR,ERR,ERR,ERR,ERR,ERR,ERR,ERR,ERR,ERR,ERR,ERR,ERR,ERR,ERR,ERR,ERR,ERR,ERR,ERR,ERR,ERR,ERR,ERR,ERR,ERR,ERR,ERR,ERR,ERR,ERR,ERR,ERR,ERR,ERR,ERR,ERR,ERR,ERR,ERR,ERR,ERR,ERR,ERR,ERR,ERR,ERR,ERR,ERR,ERR,ERR,ERR,ERR,ERR,ERR,ERR,ERR,ERR,ERR,ERR,ERR,ERR,ERR,ERR,ERR,ERR,ERR,ERR,ERR,ERR,ERR,ERR,ERR,ERR,ERR,ERR,ERR,-107615880.0,-0.0,2.7184069624379994e+23,0.0,-0.0,3.057580775571456e+16,-3767152672768.0,-0.0,4300,0,8,17169,4300,0.0,41,0.0,0.0,0.0,0.0,2.7184166902131945e+23,0,0,0,0,0.0,0,0,0,0,0,0,0,0,0,0,0,0,0,0,0,0,0,0,0,0,0,0,0,0,0,0,0,0,0,0,0,0,0,13,35,35,48,65476,406,65476,1,0,4,21553,0.0,0.0,0.0,0.0,0.0,0.0,0.0,0.0,0.0,0.0,0.0,0.0,0.0,0.0,0.0,0.0,0.0,0.0,0.0,0.0,0.0,2.004,0.0,-0.0,-0.0,-3.697076622266571e+19,0.0,0.0,0.0,0.0,6408.0,564148786167808.0,0.0,0.0,-0.0,-0.0,0.0,0.0,0.0,2.004,2.004,225,89220.57,0.0,0.0,0.0,0.0,0.0,0.0,0.0,0.0,0,0,0,1625760333824.0,2.797889257651858e+30,-8.5910273346621e+37,1621162880.0,0.0,3.3784807303143206e+32,-5.558147754224915e+34,-0.0,7.995497721727632e+25,-1.4868957232978588e+34,-15156777.0,5.282515214914919e+19,0.0,0.022,0.0,43015987200.0,0,1.3516416376850534e+27,225,0.0,450,0.0,-20512.541,2112,52429,17109,52429,17111,0,17096,0,0,0,101,100,100,0.0,66.1,0.0,66.9,-107615264.0,66.0,1,49,50,180,52429,52429,0,0,0.0,0.0,0.0,60.0,85637.109,71.0,0.0,0.0,0.0,1069,0,1069,0,0,0,1069,0,1079,0,1000,0,664,0,666,0,661,0,677,0.032,1.4609821306377965e+22,2.004,2.73023467606737e+23,55952,16813,0.0,-0.0,-1.23624359527134e+18,-1.9074454551470192e+31,6.879089702340286e+26,-0.0,50.0,60.0,35,0.0,0.0,10.0,2.0,0.0,0.0,0.0,0.0,0.0,0.0,0.0,0.0,0.0,0.0,0.0,0.0,58.8,23,37,5,27,65476,550,65476,1,0,4,20529,65476,0,0,30147,60.0,0.0,10.0,10.0,2.0,0.0
2026-02-16T12:48:22,ERR,ERR,ERR,ERR,ERR,ERR,ERR,ERR,ERR,ERR,ERR,ERR,ERR,ERR,ERR,ERR,ERR,ERR,ERR,ERR,ERR,ERR,ERR,ERR,ERR,ERR,ERR,ERR,ERR,ERR,ERR,ERR,ERR,ERR,ERR,ERR,ERR,ERR,ERR,ERR,ERR,ERR,ERR,ERR,ERR,ERR,ERR,ERR,ERR,ERR,ERR,ERR,ERR,ERR,ERR,ERR,ERR,ERR,ERR,ERR,ERR,ERR,ERR,ERR,ERR,ERR,ERR,ERR,ERR,ERR,ERR,ERR,ERR,ERR,ERR,ERR,ERR,ERR,ERR,ERR,ERR,ERR,ERR,ERR,ERR,ERR,ERR,ERR,ERR,ERR,ERR,ERR,ERR,ERR,ERR,ERR,ERR,ERR,ERR,ERR,ERR,ERR,ERR,ERR,ERR,ERR,ERR,ERR,ERR,ERR,ERR,ERR,ERR,ERR,ERR,ERR,ERR,ERR,ERR,ERR,ERR,ERR,ERR,ERR,ERR,-107615880.0,-0.0,2.7184069624379994e+23,0.0,-0.0,3.057580775571456e+16,-3767152672768.0,-0.0,4300,0,8,17169,4300,0.0,41,0.0,0.0,0.0,0.0,2.7184166902131945e+23,0,0,0,0,0.0,0,0,0,0,0,0,0,0,0,0,0,0,0,0,0,0,0,0,0,0,0,0,0,0,0,0,0,0,0,0,0,0,0,13,35,35,48,65476,406,65476,1,0,4,21553,0.0,0.0,0.0,0.0,0.0,0.0,0.0,0.0,0.0,0.0,0.0,0.0,0.0,0.0,0.0,0.0,0.0,0.0,0.0,0.0,0.0,2.004,0.0,-0.0,-0.0,-3.697076622266571e+19,0.0,0.0,0.0,0.0,6408.0,564148786167808.0,0.0,0.0,-0.0,-0.0,0.0,0.0,0.0,2.004,2.004,225,89220.57,0.0,0.0,0.0,0.0,0.0,0.0,0.0,0.0,0,0,0,1625760333824.0,2.797889257651858e+30,-8.5910273346621e+37,1621162880.0,0.0,3.3784807303143206e+32,-5.558147754224915e+34,-0.0,7.995497721727632e+25,-1.4868957232978588e+34,-15156777.0,5.282515214914919e+19,0.0,0.022,0.0,43015987200.0,0,1.3516416376850534e+27,225,0.0,450,0.0,-20512.541,2112,52429,17109,52429,17111,0,17096,0,0,0,101,100,100,0.0,66.1,0.0,66.9,-107615264.0,66.0,1,49,50,180,52429,52429,0,0,0.0,0.0,0.0,60.0,85637.109,71.0,0.0,0.0,0.0,1069,0,1069,0,0,0,1069,0,1079,0,1000,0,664,0,666,0,661,0,677,0.032,1.4609821306377965e+22,2.004,2.73023467606737e+23,55952,16813,0.0,-0.0,-1.23624359527134e+18,-1.9074454551470192e+31,6.879089702340286e+26,-0.0,50.0,60.0,35,0.0,0.0,10.0,2.0,0.0,0.0,0.0,0.0,0.0,0.0,0.0,0.0,0.0,0.0,0.0,0.0,58.8,23,37,4,27,65476,575,300,0,0,8,20529,65476,0,0,30147,60.0,0.0,10.0,10.0,2.0,0.0
2026-02-16T12:48:23,ERR,ERR,ERR,ERR,ERR,ERR,ERR,ERR,ERR,ERR,ERR,ERR,ERR,ERR,ERR,ERR,ERR,ERR,ERR,ERR,ERR,ERR,ERR,ERR,ERR,ERR,ERR,ERR,ERR,ERR,ERR,ERR,ERR,ERR,ERR,ERR,ERR,ERR,ERR,ERR,ERR,ERR,ERR,ERR,ERR,ERR,ERR,ERR,ERR,ERR,ERR,ERR,ERR,ERR,ERR,ERR,ERR,ERR,ERR,ERR,ERR,ERR,ERR,ERR,ERR,ERR,ERR,ERR,ERR,ERR,ERR,ERR,ERR,ERR,ERR,ERR,ERR,ERR,ERR,ERR,ERR,ERR,ERR,ERR,ERR,ERR,ERR,ERR,ERR,ERR,ERR,ERR,ERR,ERR,ERR,ERR,ERR,ERR,ERR,ERR,ERR,ERR,ERR,ERR,ERR,ERR,ERR,ERR,ERR,ERR,ERR,ERR,ERR,ERR,ERR,ERR,ERR,ERR,ERR,ERR,ERR,ERR,ERR,ERR,ERR,0.0,-0.0,0.0,0.0,0.0,-0.0,2.062364168551687e+28,-1.4343992300965724e+18,4300,0,8,17169,4300,0.0,41,0.0,0.0,0.0,0.0,2.7184166902131945e+23,0,0,0,0,0.0,0,0,0,0,0,0,0,0,0,0,0,0,0,0,0,0,0,0,0,0,0,0,0,0,0,0,0,0,0,0,0,0,0,13,35,35,48,65476,409,65476,1,0,4,21553,0.0,0.0,0.0,0.0,0.0,0.0,0.0,0.0,0.0,0.0,0.0,0.0,0.0,0.0,0.0,0.0,0.0,0.0,0.0,0.0,0.0,2.004,2.004,-0.0,-0.0,0.0,0.0,0.0,0.0,0.0,6399.0,-0.0,0.0,-107615880.0,-0.0,-0.0,0.0,-0.0,0.0,2.004,2.004,226,-3.222002767243768e+26,-0.0,0.0,0.0,0.0,0.0,0.0,0.0,0.0,0,0,0,1.220858413072122e+24,4.076105152021867e+36,-5.458750280308988e+35,0.0,0.0,-8.331711986973327e+29,503098867712.0,-0.0,1.229,-1.5842512893953868e+34,-16008745.0,5.657214703912144e+19,0.0,0.024,0.0,0.0,0,1.3516416376850534e+27,226,0.0,452,-0.0,4.5382711475481616e+24,2112,52429,17109,52429,17111,0,17096,0,0,0,101,100,100,0.0,66.1,0.0,66.9,-107615264.0,66.0,1,49,50,180,52429,52429,0,0,0.0,0.0,0.0,60.0,85637.109,71.0,0.0,0.0,0.0,1069,0,1069,0,0,0,1069,0,1079,0,1000,0,664,0,666,0,661,0,677,0.032,1.4609821306377965e+22,2.004,2.73023467606737e+23,55952,16813,0.0,-0.0,-1.23624359527134e+18,-1.9074454551470192e+31,6.879089702340286e+26,-0.0,50.0,60.0,35,0.0,0.0,10.0,2.0,0.0,0.0,0.0,0.0,0.0,0.0,0.0,0.0,0.0,0.0,0.0,0.0,58.8,24,36,3,27,65476,494,300,0,0,8,20529,65476,0,0,30147,60.0,0.0,10.0,10.0,2.0,0.0
2026-02-16T12:48:24,ERR,ERR,ERR,ERR,ERR,ERR,ERR,ERR,ERR,ERR,ERR,ERR,ERR,ERR,ERR,ERR,ERR,ERR,ERR,ERR,ERR,ERR,ERR,ERR,ERR,ERR,ERR,ERR,ERR,ERR,ERR,ERR,ERR,ERR,ERR,ERR,ERR,ERR,ERR,ERR,ERR,ERR,ERR,ERR,ERR,ERR,ERR,ERR,ERR,ERR,ERR,ERR,ERR,ERR,ERR,ERR,ERR,ERR,ERR,ERR,ERR,ERR,ERR,ERR,ERR,ERR,ERR,ERR,ERR,ERR,ERR,ERR,ERR,ERR,ERR,ERR,ERR,ERR,ERR,ERR,ERR,ERR,ERR,ERR,ERR,ERR,ERR,ERR,ERR,ERR,ERR,ERR,ERR,ERR,ERR,ERR,ERR,ERR,ERR,ERR,ERR,ERR,ERR,ERR,ERR,ERR,ERR,ERR,ERR,ERR,ERR,ERR,ERR,ERR,ERR,ERR,ERR,ERR,ERR,ERR,ERR,ERR,ERR,ERR,ERR,0.0,-0.0,0.0,0.0,0.0,-0.0,2.062364168551687e+28,-1.4343992300965724e+18,4300,0,8,17169,4300,0.0,41,0.0,0.0,0.0,0.0,2.7184166902131945e+23,0,0,0,0,0.0,0,0,0,0,0,0,0,0,0,0,0,0,0,0,0,0,0,0,0,0,0,0,0,0,0,0,0,0,0,0,0,0,0,13,35,35,48,65476,409,65476,1,0,4,21553,0.0,0.0,0.0,0.0,0.0,0.0,0.0,0.0,0.0,0.0,0.0,0.0,0.0,0.0,0.0,0.0,0.0,0.0,0.0,0.0,0.0,2.004,2.004,-0.0,-0.0,0.0,0.0,0.0,0.0,0.0,6399.0,-0.0,0.0,-107615880.0,-0.0,-0.0,0.0,-0.0,0.0,2.004,2.004,226,-3.222002767243768e+26,-0.0,0.0,0.0,0.0,0.0,0.0,0.0,0.0,0,0,0,1.220858413072122e+24,4.076105152021867e+36,-5.458750280308988e+35,0.0,0.0,-8.331711986973327e+29,503098867712.0,-0.0,1.229,-1.5842512893953868e+34,-16008745.0,5.657214703912144e+19,0.0,0.024,0.0,0.0,0,1.3516416376850534e+27,226,0.0,452,-0.0,4.5382711475481616e+24,2112,52429,17109,52429,17111,0,17096,0,0,0,101,100,100,0.0,66.1,0.0,66.9,-107615264.0,66.0,1,49,50,180,39322,52429,0,0,0.0,0.0,0.0,60.0,0.0,71.0,0.0,0.0,0.0,1068,0,1069,0,0,0,1069,0,1079,0,1000,0,664,0,666,0,661,0,677,0.032,1.4536034330083127e+22,2.004,2.73023467606737e+23,54672,16813,0.0,0.0,-0.0,-489096871936.0,0.0,24864.025,50.0,60.0,35,0.0,0.0,10.0,2.0,0.0,0.0,0.0,0.0,0.0,0.0,0.0,0.0,0.0,0.0,0.0,0.0,58.8,24,36,3,27,65476,494,300,0,0,8,20529,65476,0,0,30147,60.0,0.0,10.0,10.0,2.0,0.0
2026-02-16T12:48:25,ERR,ERR,ERR,ERR,ERR,ERR,ERR,ERR,ERR,ERR,ERR,ERR,ERR,ERR,ERR,ERR,ERR,ERR,ERR,ERR,ERR,ERR,ERR,ERR,ERR,ERR,ERR,ERR,ERR,ERR,ERR,ERR,ERR,ERR,ERR,ERR,ERR,ERR,ERR,ERR,ERR,ERR,ERR,ERR,ERR,ERR,ERR,ERR,ERR,ERR,ERR,ERR,ERR,ERR,ERR,ERR,ERR,ERR,ERR,ERR,ERR,ERR,ERR,ERR,ERR,ERR,ERR,ERR,ERR,ERR,ERR,ERR,ERR,ERR,ERR,ERR,ERR,ERR,ERR,ERR,ERR,ERR,ERR,ERR,ERR,ERR,ERR,ERR,ERR,ERR,ERR,ERR,ERR,ERR,ERR,ERR,ERR,ERR,ERR,ERR,ERR,ERR,ERR,ERR,ERR,ERR,ERR,ERR,ERR,ERR,ERR,ERR,ERR,ERR,ERR,ERR,ERR,ERR,ERR,ERR,ERR,ERR,ERR,ERR,ERR,0.0,-0.0,0.0,0.0,0.0,-0.0,2.062364168551687e+28,-1.4343992300965724e+18,4300,0,8,17169,4300,0.0,41,0.0,0.0,0.0,0.0,2.7184166902131945e+23,0,0,0,0,0.0,0,0,0,0,0,0,0,0,0,0,0,0,0,0,0,0,0,0,0,0,0,0,0,0,0,0,0,0,0,0,0,0,0,13,35,35,48,65476,409,65476,1,0,4,21553,0.0,0.0,0.0,0.0,0.0,0.0,0.0,0.0,0.0,0.0,0.0,0.0,0.0,0.0,0.0,0.0,0.0,0.0,0.0,0.0,0.0,2.004,2.004,-0.0,-0.0,0.0,0.0,0.0,0.0,0.0,6399.0,-0.0,0.0,-107615880.0,-0.0,-0.0,0.0,-0.0,0.0,2.004,2.004,226,-3.222002767243768e+26,-0.0,0.0,0.0,0.0,0.0,0.0,0.0,0.0,0,0,0,1.220858413072122e+24,4.076105152021867e+36,-5.458750280308988e+35,0.0,0.0,-8.331711986973327e+29,503098867712.0,-0.0,1.229,-1.5842512893953868e+34,-16008745.0,5.657214703912144e+19,0.0,0.024,0.0,0.0,0,1.3516416376850534e+27,226,0.0,452,-0.0,4.5382711475481616e+24,2112,52429,17109,52429,17111,0,17096,0,0,0,101,100,100,0.0,66.1,0.0,66.9,-107615264.0,66.0,1,49,50,180,39322,52429,0,0,0.0,0.0,0.0,60.0,0.0,71.0,0.0,0.0,0.0,1068,0,1069,0,0,0,1069,0,1079,0,1000,0,664,0,666,0,661,0,677,0.032,1.4536034330083127e+22,2.004,2.73023467606737e+23,54672,16813,0.0,0.0,-0.0,-489096871936.0,0.0,24864.025,50.0,60.0,35,0.0,0.0,10.0,2.0,0.0,0.0,0.0,0.0,0.0,0.0,0.0,0.0,0.0,0.0,0.0,0.0,58.8,27,33,0,27,65476,332,300,0,0,8,20529,65476,0,0,30147,60.0,0.0,10.0,10.0,2.0,0.0
2026-02-16T12:48:26,ERR,ERR,ERR,ERR,ERR,ERR,ERR,ERR,ERR,ERR,ERR,ERR,ERR,ERR,ERR,ERR,ERR,ERR,ERR,ERR,ERR,ERR,ERR,ERR,ERR,ERR,ERR,ERR,ERR,ERR,ERR,ERR,ERR,ERR,ERR,ERR,ERR,ERR,ERR,ERR,ERR,ERR,ERR,ERR,ERR,ERR,ERR,ERR,ERR,ERR,ERR,ERR,ERR,ERR,ERR,ERR,ERR,ERR,ERR,ERR,ERR,ERR,ERR,ERR,ERR,ERR,ERR,ERR,ERR,ERR,ERR,ERR,ERR,ERR,ERR,ERR,ERR,ERR,ERR,ERR,ERR,ERR,ERR,ERR,ERR,ERR,ERR,ERR,ERR,ERR,ERR,ERR,ERR,ERR,ERR,ERR,ERR,ERR,ERR,ERR,ERR,ERR,ERR,ERR,ERR,ERR,ERR,ERR,ERR,ERR,ERR,ERR,ERR,ERR,ERR,ERR,ERR,ERR,ERR,ERR,ERR,ERR,ERR,ERR,ERR,0.0,-0.0,0.0,0.0,0.0,-0.0,2.062364168551687e+28,-1.4343992300965724e+18,4300,0,8,17169,4300,0.0,41,0.0,0.0,0.0,0.0,2.7184166902131945e+23,0,0,0,0,0.0,0,0,0,0,0,0,0,0,0,0,0,0,0,0,0,0,0,0,0,0,0,0,0,0,0,0,0,0,0,0,0,0,0,13,35,35,48,65476,409,65476,1,0,4,21553,0.0,0.0,0.0,0.0,0.0,0.0,0.0,0.0,0.0,0.0,0.0,0.0,0.0,0.0,0.0,0.0,0.0,0.0,0.0,0.0,0.0,2.004,2.004,-0.0,-0.0,0.0,0.0,0.0,0.0,0.0,6399.0,-0.0,0.0,-107615880.0,-0.0,-0.0,0.0,-0.0,0.0,2.004,2.004,226,-3.222002767243768e+26,-0.0,0.0,0.0,0.0,0.0,0.0,0.0,0.0,0,0,0,1.220858413072122e+24,4.076105152021867e+36,-5.458750280308988e+35,0.0,0.0,-8.331711986973327e+29,503098867712.0,-0.0,1.229,-1.5842512893953868e+34,-16008745.0,5.657214703912144e+19,0.0,0.024,0.0,0.0,0,1.3516416376850534e+27,226,0.0,452,-0.0,4.5382711475481616e+24,2112,52429,17109,52429,17111,0,17096,0,0,0,101,100,100,0.0,66.1,0.0,66.9,-107615264.0,66.0,1,49,50,180,39322,52429,0,0,0.0,0.0,0.0,60.0,0.0,71.0,0.0,0.0,0.0,1068,0,1069,0,0,0,1069,0,1079,0,1000,0,664,0,666,0,661,0,677,0.032,1.4536034330083127e+22,2.004,2.73023467606737e+23,54672,16813,0.0,0.0,-0.0,-489096871936.0,0.0,24864.025,50.0,60.0,35,0.0,0.0,10.0,2.0,0.0,0.0,0.0,0.0,0.0,0.0,0.0,0.0,0.0,0.0,0.0,0.0,58.8,27,33,0,27,65476,332,300,0,0,8,20529,65476,0,0,30147,60.0,0.0,10.0,10.0,2.0,0.0
2026-02-16T12:48:27,ERR,ERR,ERR,ERR,ERR,ERR,ERR,ERR,ERR,ERR,ERR,ERR,ERR,ERR,ERR,ERR,ERR,ERR,ERR,ERR,ERR,ERR,ERR,ERR,ERR,ERR,ERR,ERR,ERR,ERR,ERR,ERR,ERR,ERR,ERR,ERR,ERR,ERR,ERR,ERR,ERR,ERR,ERR,ERR,ERR,ERR,ERR,ERR,ERR,ERR,ERR,ERR,ERR,ERR,ERR,ERR,ERR,ERR,ERR,ERR,ERR,ERR,ERR,ERR,ERR,ERR,ERR,ERR,ERR,ERR,ERR,ERR,ERR,ERR,ERR,ERR,ERR,ERR,ERR,ERR,ERR,ERR,ERR,ERR,ERR,ERR,ERR,ERR,ERR,ERR,ERR,ERR,ERR,ERR,ERR,ERR,ERR,ERR,ERR,ERR,ERR,ERR,ERR,ERR,ERR,ERR,ERR,ERR,ERR,ERR,ERR,ERR,ERR,ERR,ERR,ERR,ERR,ERR,ERR,ERR,ERR,ERR,ERR,ERR,ERR,0.0,-0.0,0.0,0.0,0.0,-0.0,2.062364168551687e+28,-1.4343992300965724e+18,4300,0,8,17169,4300,0.0,41,0.0,0.0,0.0,0.0,2.7184166902131945e+23,0,0,0,0,0.0,0,0,0,0,0,0,0,0,0,0,0,0,0,0,0,0,0,0,0,0,0,0,0,0,0,0,0,0,0,0,0,0,0,13,35,35,48,65476,409,65476,1,0,4,21553,0.0,0.0,0.0,0.0,0.0,0.0,0.0,0.0,0.0,0.0,0.0,0.0,0.0,0.0,0.0,0.0,0.0,0.0,0.0,0.0,0.0,2.004,2.004,-0.0,-0.0,0.0,0.0,0.0,0.0,0.0,6399.0,-0.0,0.0,-107615880.0,-0.0,-0.0,0.0,-0.0,0.0,2.004,2.004,226,-3.222002767243768e+26,-0.0,0.0,0.0,0.0,0.0,0.0,0.0,0.0,0,0,0,1.220858413072122e+24,4.076105152021867e+36,-5.458750280308988e+35,0.0,0.0,-8.331711986973327e+29,503098867712.0,-0.0,1.229,-1.5842512893953868e+34,-16008745.0,5.657214703912144e+19,0.0,0.024,0.0,0.0,0,1.3516416376850534e+27,226,0.0,452,-0.0,4.5382711475481616e+24,2112,52429,17109,52429,17111,0,17096,0,0,0,101,100,100,0.0,66.1,0.0,66.9,-107615264.0,66.0,1,49,50,180,39322,52429,0,0,0.0,0.0,0.0,60.0,0.0,71.0,0.0,-0.0,0.0,1068,0,1069,0,0,0,1069,0,1079,0,1000,0,664,0,666,0,661,0,677,0.032,1.4462247353788288e+22,2.004,2.73023467606737e+23,58256,16813,0.0,-0.0,0.0,-282119.156,-0.0,-1.2458643062477902e+31,50.0,60.0,35,0.0,0.0,10.0,2.0,0.0,0.0,0.0,0.0,0.0,0.0,0.0,0.0,0.0,0.0,0.0,0.0,58.8,29,31,65534,27,65476,256,300,0,0,8,20529,65476,0,0,30147,60.0,0.0,10.0,10.0,2.0,0.0
2026-02-16T12:48:28,ERR,ERR,ERR,ERR,ERR,ERR,ERR,ERR,ERR,ERR,ERR,ERR,ERR,ERR,ERR,ERR,ERR,ERR,ERR,ERR,ERR,ERR,ERR,ERR,ERR,ERR,ERR,ERR,ERR,ERR,ERR,ERR,ERR,ERR,ERR,ERR,ERR,ERR,ERR,ERR,ERR,ERR,ERR,ERR,ERR,ERR,ERR,ERR,ERR,ERR,ERR,ERR,ERR,ERR,ERR,ERR,ERR,ERR,ERR,ERR,ERR,ERR,ERR,ERR,ERR,ERR,ERR,ERR,ERR,ERR,ERR,ERR,ERR,ERR,ERR,ERR,ERR,ERR,ERR,ERR,ERR,ERR,ERR,ERR,ERR,ERR,ERR,ERR,ERR,ERR,ERR,ERR,ERR,ERR,ERR,ERR,ERR,ERR,ERR,ERR,ERR,ERR,ERR,ERR,ERR,ERR,ERR,ERR,ERR,ERR,ERR,ERR,ERR,ERR,ERR,ERR,ERR,ERR,ERR,ERR,ERR,ERR,ERR,ERR,ERR,0.0,-0.0,0.0,0.0,0.0,-9.97976823023617e+36,-1.0619659621075423e+21,-0.0,4300,0,8,17169,4300,0.0,41,0.0,0.0,0.0,0.0,2.7184166902131945e+23,0,0,0,0,0.0,0,0,0,0,0,0,0,0,0,0,0,0,0,0,0,0,0,0,0,0,0,0,0,0,0,0,0,0,0,0,0,0,0,13,35,35,48,65476,413,65476,1,0,4,21553,0.0,0.0,0.0,0.0,0.0,0.0,0.0,0.0,0.0,0.0,0.0,0.0,0.0,0.0,0.0,0.0,0.0,0.0,0.0,0.0,0.0,2.004,2.004,-0.0,-0.0,0.0,0.0,0.0,0.0,0.0,6362.0,-1.5879372866899675e+29,0.0,0.0,-0.0,-0.0,107616280.0,0.0,0.0,2.004,2.004,225,-0.0,-0.0,0.0,0.0,0.0,0.0,0.0,0.0,0.0,0,0,0,1.2793792746749952e+17,10.641,-9.720282459718924e+27,13.891,0.0,0.0,-0.0,0.0,0.0,-1.6816068554929149e+34,-16813138.0,6.003091155294198e+19,0.0,0.025,0.0,0.0,0,1.3516416376850534e+27,225,0.0,450,-0.0,-1814070400.0,2112,52429,17109,52429,17111,0,17096,0,0,0,101,100,100,0.0,66.1,0.0,66.9,-107615264.0,66.0,1,49,50,180,39322,52429,0,0,0.0,0.0,0.0,60.0,0.0,71.0,0.0,-0.0,0.0,1068,0,1069,0,0,0,1069,0,1079,0,1000,0,664,0,666,0,661,0,677,0.032,1.4462247353788288e+22,2.004,2.73023467606737e+23,58256,16813,0.0,-0.0,0.0,-282119.156,-0.0,-1.2458643062477902e+31,50.0,60.0,35,0.0,0.0,10.0,2.0,0.0,0.0,0.0,0.0,0.0,0.0,0.0,0.0,0.0,0.0,0.0,0.0,58.8,37,24,65527,27,65476,94,300,0,0,8,20529,65476,0,0,30147,60.0,0.0,10.0,10.0,2.0,0.0
2026-02-16T12:48:29,ERR,ERR,ERR,ERR,ERR,ERR,ERR,ERR,ERR,ERR,ERR,ERR,ERR,ERR,ERR,ERR,ERR,ERR,ERR,ERR,ERR,ERR,ERR,ERR,ERR,ERR,ERR,ERR,ERR,ERR,ERR,ERR,ERR,ERR,ERR,ERR,ERR,ERR,ERR,ERR,ERR,ERR,ERR,ERR,ERR,ERR,ERR,ERR,ERR,ERR,ERR,ERR,ERR,ERR,ERR,ERR,ERR,ERR,ERR,ERR,ERR,ERR,ERR,ERR,ERR,ERR,ERR,ERR,ERR,ERR,ERR,ERR,ERR,ERR,ERR,ERR,ERR,ERR,ERR,ERR,ERR,ERR,ERR,ERR,ERR,ERR,ERR,ERR,ERR,ERR,ERR,ERR,ERR,ERR,ERR,ERR,ERR,ERR,ERR,ERR,ERR,ERR,ERR,ERR,ERR,ERR,ERR,ERR,ERR,ERR,ERR,ERR,ERR,ERR,ERR,ERR,ERR,ERR,ERR,ERR,ERR,ERR,ERR,ERR,ERR,0.0,-0.0,0.0,0.0,0.0,-9.97976823023617e+36,-1.0619659621075423e+21,-0.0,4300,0,8,17169,4300,0.0,41,0.0,0.0,0.0,0.0,2.7184166902131945e+23,0,0,0,0,0.0,0,0,0,0,0,0,0,0,0,0,0,0,0,0,0,0,0,0,0,0,0,0,0,0,0,0,0,0,0,0,0,0,0,13,35,35,48,65476,413,65476,1,0,4,21553,0.0,0.0,0.0,0.0,0.0,0.0,0.0,0.0,0.0,0.0,0.0,0.0,0.0,0.0,0.0,0.0,0.0,0.0,0.0,0.0,0.0,2.004,2.004,-0.0,-0.0,0.0,0.0,0.0,0.0,0.0,6362.0,-1.5879372866899675e+29,0.0,0.0,-0.0,-0.0,107616280.0,0.0,0.0,2.004,2.004,225,-0.0,-0.0,0.0,0.0,0.0,0.0,0.0,0.0,0.0,0,0,0,1.2793792746749952e+17,10.641,-9.720282459718924e+27,13.891,0.0,0.0,-0.0,0.0,0.0,-1.6816068554929149e+34,-16813138.0,6.003091155294198e+19,0.0,0.025,0.0,0.0,0,1.3516416376850534e+27,225,0.0,450,-0.0,-1814070400.0,2112,52429,17109,52429,17111,0,17096,0,0,0,101,100,100,0.0,66.1,0.0,66.9,-107615264.0,66.0,1,49,50,180,39322,52429,0,0,0.0,0.0,0.0,60.0,0.0,71.0,0.0,-0.0,0.0,1068,0,1069,0,0,0,1069,0,1079,0,1000,0,664,0,666,0,661,0,677,0.032,1.4462247353788288e+22,2.004,2.73023467606737e+23,58256,16813,0.0,-0.0,0.0,-282119.156,-0.0,-1.2458643062477902e+31,50.0,60.0,35,0.0,0.0,10.0,2.0,0.0,0.0,0.0,0.0,0.0,0.0,0.0,0.0,0.0,0.0,0.0,0.0,58.8,37,24,65527,27,65476,94,300,0,0,8,20529,65476,0,0,30147,60.0,0.0,10.0,10.0,2.0,0.0
2026-02-16T12:48:30,ERR,ERR,ERR,ERR,ERR,ERR,ERR,ERR,ERR,ERR,ERR,ERR,ERR,ERR,ERR,ERR,ERR,ERR,ERR,ERR,ERR,ERR,ERR,ERR,ERR,ERR,ERR,ERR,ERR,ERR,ERR,ERR,ERR,ERR,ERR,ERR,ERR,ERR,ERR,ERR,ERR,ERR,ERR,ERR,ERR,ERR,ERR,ERR,ERR,ERR,ERR,ERR,ERR,ERR,ERR,ERR,ERR,ERR,ERR,ERR,ERR,ERR,ERR,ERR,ERR,ERR,ERR,ERR,ERR,ERR,ERR,ERR,ERR,ERR,ERR,ERR,ERR,ERR,ERR,ERR,ERR,ERR,ERR,ERR,ERR,ERR,ERR,ERR,ERR,ERR,ERR,ERR,ERR,ERR,ERR,ERR,ERR,ERR,ERR,ERR,ERR,ERR,ERR,ERR,ERR,ERR,ERR,ERR,ERR,ERR,ERR,ERR,ERR,ERR,ERR,ERR,ERR,ERR,ERR,ERR,ERR,ERR,ERR,ERR,ERR,0.0,-0.0,0.0,0.0,0.0,-9.97976823023617e+36,-1.0619659621075423e+21,-0.0,4300,0,8,17169,4300,0.0,41,0.0,0.0,0.0,0.0,2.7184166902131945e+23,0,0,0,0,0.0,0,0,0,0,0,0,0,0,0,0,0,0,0,0,0,0,0,0,0,0,0,0,0,0,0,0,0,0,0,0,0,0,0,13,35,35,48,65476,413,65476,1,0,4,21553,0.0,0.0,0.0,0.0,0.0,0.0,0.0,0.0,0.0,0.0,0.0,0.0,0.0,0.0,0.0,0.0,0.0,0.0,0.0,0.0,0.0,2.004,2.004,-0.0,-0.0,0.0,0.0,0.0,0.0,0.0,6362.0,-1.5879372866899675e+29,0.0,0.0,-0.0,-0.0,107616280.0,0.0,0.0,2.004,2.004,225,-0.0,-0.0,0.0,0.0,0.0,0.0,0.0,0.0,0.0,0,0,0,1.2793792746749952e+17,10.641,-9.720282459718924e+27,13.891,0.0,0.0,-0.0,0.0,0.0,-1.6816068554929149e+34,-16813138.0,6.003091155294198e+19,0.0,0.025,0.0,0.0,0,1.3516416376850534e+27,225,0.0,450,-0.0,-1814070400.0,2112,52429,17109,52429,17111,0,17096,0,0,0,101,100,100,0.0,66.1,0.0,66.9,-107615264.0,66.0,1,49,50,180,39322,52429,0,0,0.0,0.0,0.0,60.0,0.0,71.0,0.0,-0.0,0.0,1068,0,1069,0,0,0,1069,0,1079,0,1000,0,664,0,666,0,661,0,677,0.032,1.4462247353788288e+22,2.004,2.73023467606737e+23,58256,16813,0.0,-0.0,0.0,-282119.156,-0.0,-1.2458643062477902e+31,50.0,60.0,35,0.0,0.0,10.0,2.0,0.0,0.0,0.0,0.0,0.0,0.0,0.0,0.0,0.0,0.0,0.0,0.0,58.8,43,19,65520,27,65476,0,300,0,0,8,20529,65476,0,0,30147,60.0,0.0,10.0,10.0,2.0,0.0
2026-02-16T12:48:31,ERR,ERR,ERR,ERR,ERR,ERR,ERR,ERR,ERR,ERR,ERR,ERR,ERR,ERR,ERR,ERR,ERR,ERR,ERR,ERR,ERR,ERR,ERR,ERR,ERR,ERR,ERR,ERR,ERR,ERR,ERR,ERR,ERR,ERR,ERR,ERR,ERR,ERR,ERR,ERR,ERR,ERR,ERR,ERR,ERR,ERR,ERR,ERR,ERR,ERR,ERR,ERR,ERR,ERR,ERR,ERR,ERR,ERR,ERR,ERR,ERR,ERR,ERR,ERR,ERR,ERR,ERR,ERR,ERR,ERR,ERR,ERR,ERR,ERR,ERR,ERR,ERR,ERR,ERR,ERR,ERR,ERR,ERR,ERR,ERR,ERR,ERR,ERR,ERR,ERR,ERR,ERR,ERR,ERR,ERR,ERR,ERR,ERR,ERR,ERR,ERR,ERR,ERR,ERR,ERR,ERR,ERR,ERR,ERR,ERR,ERR,ERR,ERR,ERR,ERR,ERR,ERR,ERR,ERR,ERR,ERR,ERR,ERR,ERR,ERR,0.0,-0.0,0.0,0.0,0.0,-9.97976823023617e+36,-1.0619659621075423e+21,-0.0,4300,0,8,17169,4300,0.0,41,0.0,0.0,0.0,0.0,2.7184166902131945e+23,0,0,0,0,0.0,0,0,0,0,0,0,0,0,0,0,0,0,0,0,0,0,0,0,0,0,0,0,0,0,0,0,0,0,0,0,0,0,0,13,35,35,48,65476,413,65476,1,0,4,21553,0.0,0.0,0.0,0.0,0.0,0.0,0.0,0.0,0.0,0.0,0.0,0.0,0.0,0.0,0.0,0.0,0.0,0.0,0.0,0.0,0.0,2.004,2.004,-0.0,-0.0,0.0,0.0,0.0,0.0,0.0,6362.0,-1.5879372866899675e+29,0.0,0.0,-0.0,-0.0,107616280.0,0.0,0.0,2.004,2.004,225,-0.0,-0.0,0.0,0.0,0.0,0.0,0.0,0.0,0.0,0,0,0,1.2793792746749952e+17,10.641,-9.720282459718924e+27,13.891,0.0,0.0,-0.0,0.0,0.0,-1.6816068554929149e+34,-16813138.0,6.003091155294198e+19,0.0,0.025,0.0,0.0,0,1.3516416376850534e+27,225,0.0,450,-0.0,-1814070400.0,2112,52429,17109,52429,17111,0,17096,0,0,0,101,100,100,0.0,66.1,0.0,66.9,-107615264.0,66.0,1,49,50,180,39322,52429,0,0,0.0,0.0,0.0,60.0,0.0,71.0,0.0,4.1333460356304155e+20,0.0,1068,0,1069,0,0,0,1069,0,1079,0,1000,0,664,0,666,0,661,0,677,0.032,1.4609821306377965e+22,2.004,2.73023467606737e+23,61328,16813,0.0,-0.0,0.0,-0.0,-0.0,-4.0967260243357797e+36,50.0,60.0,35,0.0,0.0,10.0,2.0,0.0,0.0,0.0,0.0,0.0,0.0,0.0,0.0,0.0,0.0,0.0,0.0,58.8,47,16,65516,27,65476,0,300,0,0,8,20529,65476,0,0,30147,60.0,0.0,10.0,10.0,2.0,0.0
2026-02-16T12:48:32,ERR,ERR,ERR,ERR,ERR,ERR,ERR,ERR,ERR,ERR,ERR,ERR,ERR,ERR,ERR,ERR,ERR,ERR,ERR,ERR,ERR,ERR,ERR,ERR,ERR,ERR,ERR,ERR,ERR,ERR,ERR,ERR,ERR,ERR,ERR,ERR,ERR,ERR,ERR,ERR,ERR,ERR,ERR,ERR,ERR,ERR,ERR,ERR,ERR,ERR,ERR,ERR,ERR,ERR,ERR,ERR,ERR,ERR,ERR,ERR,ERR,ERR,ERR,ERR,ERR,ERR,ERR,ERR,ERR,ERR,ERR,ERR,ERR,ERR,ERR,ERR,ERR,ERR,ERR,ERR,ERR,ERR,ERR,ERR,ERR,ERR,ERR,ERR,ERR,ERR,ERR,ERR,ERR,ERR,ERR,ERR,ERR,ERR,ERR,ERR,ERR,ERR,ERR,ERR,ERR,ERR,ERR,ERR,ERR,ERR,ERR,ERR,ERR,ERR,ERR,ERR,ERR,ERR,ERR,ERR,ERR,ERR,ERR,ERR,ERR,0.0,-0.0,0.0,0.0,0.0,-9.97976823023617e+36,-1.0619659621075423e+21,-0.0,4300,0,8,17169,4300,0.0,41,0.0,0.0,0.0,0.0,2.7184166902131945e+23,0,0,0,0,0.0,0,0,0,0,0,0,0,0,0,0,0,0,0,0,0,0,0,0,0,0,0,0,0,0,0,0,0,0,0,0,0,0,0,13,35,35,48,65476,413,65476,1,0,4,21553,0.0,0.0,0.0,0.0,0.0,0.0,0.0,0.0,0.0,0.0,0.0,0.0,0.0,0.0,0.0,0.0,0.0,0.0,0.0,0.0,0.0,2.004,2.004,-0.0,-0.0,0.0,0.0,0.0,0.0,0.0,6362.0,-1.5879372866899675e+29,0.0,0.0,-0.0,-0.0,107616280.0,0.0,0.0,2.004,2.004,225,-0.0,-0.0,0.0,0.0,0.0,0.0,0.0,0.0,0.0,0,0,0,1.2793792746749952e+17,10.641,-9.720282459718924e+27,13.891,0.0,0.0,-0.0,0.0,0.0,-1.6816068554929149e+34,-16813138.0,6.003091155294198e+19,0.0,0.025,0.0,0.0,0,1.3516416376850534e+27,225,0.0,450,-0.0,-1814070400.0,2112,52429,17109,52429,17111,0,17096,0,0,0,101,100,100,0.0,66.1,0.0,66.9,-107615264.0,66.0,1,49,50,180,39322,52429,0,0,0.0,0.0,0.0,60.0,0.0,71.0,0.0,4.1333460356304155e+20,0.0,1068,0,1069,0,0,0,1069,0,1079,0,1000,0,664,0,666,0,661,0,677,0.032,1.4609821306377965e+22,2.004,2.73023467606737e+23,61328,16813,0.0,-0.0,0.0,-0.0,-0.0,-4.0967260243357797e+36,50.0,60.0,35,0.0,0.0,10.0,2.0,0.0,0.0,0.0,0.0,0.0,0.0,0.0,0.0,0.0,0.0,0.0,0.0,58.8,47,16,65516,27,65476,0,300,0,0,8,20529,65476,0,0,30147,60.0,0.0,10.0,10.0,2.0,0.0
2026-02-16T12:48:33,ERR,ERR,ERR,ERR,ERR,ERR,ERR,ERR,ERR,ERR,ERR,ERR,ERR,ERR,ERR,ERR,ERR,ERR,ERR,ERR,ERR,ERR,ERR,ERR,ERR,ERR,ERR,ERR,ERR,ERR,ERR,ERR,ERR,ERR,ERR,ERR,ERR,ERR,ERR,ERR,ERR,ERR,ERR,ERR,ERR,ERR,ERR,ERR,ERR,ERR,ERR,ERR,ERR,ERR,ERR,ERR,ERR,ERR,ERR,ERR,ERR,ERR,ERR,ERR,ERR,ERR,ERR,ERR,ERR,ERR,ERR,ERR,ERR,ERR,ERR,ERR,ERR,ERR,ERR,ERR,ERR,ERR,ERR,ERR,ERR,ERR,ERR,ERR,ERR,ERR,ERR,ERR,ERR,ERR,ERR,ERR,ERR,ERR,ERR,ERR,ERR,ERR,ERR,ERR,ERR,ERR,ERR,ERR,ERR,ERR,ERR,ERR,ERR,ERR,ERR,ERR,ERR,ERR,ERR,ERR,ERR,ERR,ERR,ERR,ERR,0.0,-0.0,0.0,0.0,0.0,0.0,0.0,8.995670153044092e+35,4300,0,8,17169,4300,0.0,41,0.0,0.0,0.0,0.0,2.7184166902131945e+23,0,0,0,0,0.0,0,0,0,0,0,0,0,0,0,0,0,0,0,0,0,0,0,0,0,0,0,0,0,0,0,0,0,0,0,0,0,0,0,13,36,36,48,65476,414,65476,1,0,4,21553,0.0,0.0,0.0,0.0,0.0,0.0,0.0,0.0,0.0,0.0,0.0,0.0,0.0,0.0,0.0,0.0,0.0,0.0,0.0,0.0,0.0,2.004,0.0,-0.0,-0.0,0.0,0.0,0.0,0.0,0.0,6364.0,-0.0,0.0,-107615880.0,-0.0,-107616232.0,0.0,0.0,0.0,2.004,2.004,224,-107614784.0,0.0,0.0,0.0,0.0,0.0,0.0,0.0,0.0,0,0,0,3.0585414158964136e+36,-9616.473,0.0,0.0,0.0,-4.342253545370347e+35,-0.0,-87699464.0,-0.0,-1.7789624215904429e+34,-18386002.0,6.348967606676252e+19,0.0,0.026,0.0,0.0,0,1.3516416376850534e+27,224,0.0,448,-74360974999552.0,0.0,2112,52429,17109,52429,17111,0,17096,0,0,0,101,100,100,0.0,66.1,0.0,66.9,-107615264.0,66.0,1,49,50,180,39322,52429,0,0,0.0,0.0,0.0,60.0,0.0,71.0,0.0,4.1333460356304155e+20,0.0,1068,0,1069,0,0,0,1069,0,1079,0,1000,0,664,0,666,0,661,0,677,0.032,1.4609821306377965e+22,2.004,2.73023467606737e+23,61328,16813,0.0,-0.0,0.0,-0.0,-0.0,-4.0967260243357797e+36,50.0,60.0,35,0.0,0.0,10.0,2.0,0.0,0.0,0.0,0.0,0.0,0.0,0.0,0.0,0.0,0.0,0.0,0.0,58.8,55,11,65508,27,65476,0,300,0,0,8,20529,65476,0,0,30147,60.0,0.0,10.0,10.0,2.0,0.0
2026-02-16T12:48:34,ERR,ERR,ERR,ERR,ERR,ERR,ERR,ERR,ERR,ERR,ERR,ERR,ERR,ERR,ERR,ERR,ERR,ERR,ERR,ERR,ERR,ERR,ERR,ERR,ERR,ERR,ERR,ERR,ERR,ERR,ERR,ERR,ERR,ERR,ERR,ERR,ERR,ERR,ERR,ERR,ERR,ERR,ERR,ERR,ERR,ERR,ERR,ERR,ERR,ERR,ERR,ERR,ERR,ERR,ERR,ERR,ERR,ERR,ERR,ERR,ERR,ERR,ERR,ERR,ERR,ERR,ERR,ERR,ERR,ERR,ERR,ERR,ERR,ERR,ERR,ERR,ERR,ERR,ERR,ERR,ERR,ERR,ERR,ERR,ERR,ERR,ERR,ERR,ERR,ERR,ERR,ERR,ERR,ERR,ERR,ERR,ERR,ERR,ERR,ERR,ERR,ERR,ERR,ERR,ERR,ERR,ERR,ERR,ERR,ERR,ERR,ERR,ERR,ERR,ERR,ERR,ERR,ERR,ERR,ERR,ERR,ERR,ERR,ERR,ERR,0.0,-0.0,0.0,0.0,0.0,0.0,0.0,8.995670153044092e+35,4300,0,8,17169,4300,0.0,41,0.0,0.0,0.0,0.0,2.7184166902131945e+23,0,0,0,0,0.0,0,0,0,0,0,0,0,0,0,0,0,0,0,0,0,0,0,0,0,0,0,0,0,0,0,0,0,0,0,0,0,0,0,13,36,36,48,65476,414,65476,1,0,4,21553,0.0,0.0,0.0,0.0,0.0,0.0,0.0,0.0,0.0,0.0,0.0,0.0,0.0,0.0,0.0,0.0,0.0,0.0,0.0,0.0,0.0,2.004,0.0,-0.0,-0.0,0.0,0.0,0.0,0.0,0.0,6364.0,-0.0,0.0,-107615880.0,-0.0,-107616232.0,0.0,0.0,0.0,2.004,2.004,224,-107614784.0,0.0,0.0,0.0,0.0,0.0,0.0,0.0,0.0,0,0,0,3.0585414158964136e+36,-9616.473,0.0,0.0,0.0,-4.342253545370347e+35,-0.0,-87699464.0,-0.0,-1.7789624215904429e+34,-18386002.0,6.348967606676252e+19,0.0,0.026,0.0,0.0,0,1.3516416376850534e+27,224,0.0,448,-74360974999552.0,0.0,2112,52429,17109,52429,17111,0,17096,0,0,0,101,100,100,0.0,66.1,0.0,66.5,0.0,66.5,1,49,50,180,39322,52429,0,0,0.0,0.0,0.0,60.0,0.0,71.0,0.0,-0.0,0.0,1068,0,1069,0,0,0,1069,0,1079,0,1000,0,665,0,666,0,661,0,677,0.032,1.4536034330083127e+22,2.004,2.73023467606737e+23,57232,16813,25.782,-0.0,6.758,2.8671383419881137e+30,-1.752,0.0,50.0,60.0,35,0.0,0.0,10.0,2.0,0.0,0.0,0.0,0.0,0.0,0.0,0.0,0.0,0.0,0.0,0.0,0.0,58.8,55,11,65508,27,65476,0,300,0,0,8,20529,65476,0,0,30147,60.0,0.0,10.0,10.0,2.0,0.0
2026-02-16T12:48:35,ERR,ERR,ERR,ERR,ERR,ERR,ERR,ERR,ERR,ERR,ERR,ERR,ERR,ERR,ERR,ERR,ERR,ERR,ERR,ERR,ERR,ERR,ERR,ERR,ERR,ERR,ERR,ERR,ERR,ERR,ERR,ERR,ERR,ERR,ERR,ERR,ERR,ERR,ERR,ERR,ERR,ERR,ERR,ERR,ERR,ERR,ERR,ERR,ERR,ERR,ERR,ERR,ERR,ERR,ERR,ERR,ERR,ERR,ERR,ERR,ERR,ERR,ERR,ERR,ERR,ERR,ERR,ERR,ERR,ERR,ERR,ERR,ERR,ERR,ERR,ERR,ERR,ERR,ERR,ERR,ERR,ERR,ERR,ERR,ERR,ERR,ERR,ERR,ERR,ERR,ERR,ERR,ERR,ERR,ERR,ERR,ERR,ERR,ERR,ERR,ERR,ERR,ERR,ERR,ERR,ERR,ERR,ERR,ERR,ERR,ERR,ERR,ERR,ERR,ERR,ERR,ERR,ERR,ERR,ERR,ERR,ERR,ERR,ERR,ERR,0.0,-0.0,0.0,0.0,0.0,0.0,0.0,8.995670153044092e+35,4300,0,8,17169,4300,0.0,41,0.0,0.0,0.0,0.0,2.7184166902131945e+23,0,0,0,0,0.0,0,0,0,0,0,0,0,0,0,0,0,0,0,0,0,0,0,0,0,0,0,0,0,0,0,0,0,0,0,0,0,0,0,13,36,36,48,65476,414,65476,1,0,4,21553,0.0,0.0,0.0,0.0,0.0,0.0,0.0,0.0,0.0,0.0,0.0,0.0,0.0,0.0,0.0,0.0,0.0,0.0,0.0,0.0,0.0,2.004,0.0,-0.0,-0.0,0.0,0.0,0.0,0.0,0.0,6364.0,-0.0,0.0,-107615880.0,-0.0,-107616232.0,0.0,0.0,0.0,2.004,2.004,224,-107614784.0,0.0,0.0,0.0,0.0,0.0,0.0,0.0,0.0,0,0,0,3.0585414158964136e+36,-9616.473,0.0,0.0,0.0,-4.342253545370347e+35,-0.0,-87699464.0,-0.0,-1.7789624215904429e+34,-18386002.0,6.348967606676252e+19,0.0,0.026,0.0,0.0,0,1.3516416376850534e+27,224,0.0,448,-74360974999552.0,0.0,2112,52429,17109,52429,17111,0,17096,0,0,0,101,100,100,0.0,66.1,0.0,66.5,0.0,66.5,1,49,50,180,39322,52429,0,0,0.0,0.0,0.0,60.0,0.0,71.0,0.0,-0.0,0.0,1068,0,1069,0,0,0,1069,0,1079,0,1000,0,665,0,666,0,661,0,677,0.032,1.4536034330083127e+22,2.004,2.73023467606737e+23,57232,16813,25.782,-0.0,6.758,2.8671383419881137e+30,-1.752,0.0,50.0,60.0,35,0.0,0.0,10.0,2.0,0.0,0.0,0.0,0.0,0.0,0.0,0.0,0.0,0.0,0.0,0.0,0.0,58.8,59,9,65504,27,65476,0,300,0,0,8,20529,65476,0,0,30147,60.0,0.0,10.0,10.0,2.0,0.0
2026-02-16T12:48:36,ERR,ERR,ERR,ERR,ERR,ERR,ERR,ERR,ERR,ERR,ERR,ERR,ERR,ERR,ERR,ERR,ERR,ERR,ERR,ERR,ERR,ERR,ERR,ERR,ERR,ERR,ERR,ERR,ERR,ERR,ERR,ERR,ERR,ERR,ERR,ERR,ERR,ERR,ERR,ERR,ERR,ERR,ERR,ERR,ERR,ERR,ERR,ERR,ERR,ERR,ERR,ERR,ERR,ERR,ERR,ERR,ERR,ERR,ERR,ERR,ERR,ERR,ERR,ERR,ERR,ERR,ERR,ERR,ERR,ERR,ERR,ERR,ERR,ERR,ERR,ERR,ERR,ERR,ERR,ERR,ERR,ERR,ERR,ERR,ERR,ERR,ERR,ERR,ERR,ERR,ERR,ERR,ERR,ERR,ERR,ERR,ERR,ERR,ERR,ERR,ERR,ERR,ERR,ERR,ERR,ERR,ERR,ERR,ERR,ERR,ERR,ERR,ERR,ERR,ERR,ERR,ERR,ERR,ERR,ERR,ERR,ERR,ERR,ERR,ERR,0.0,-0.0,0.0,0.0,0.0,0.0,0.0,8.995670153044092e+35,4300,0,8,17169,4300,0.0,41,0.0,0.0,0.0,0.0,2.7184166902131945e+23,0,0,0,0,0.0,0,0,0,0,0,0,0,0,0,0,0,0,0,0,0,0,0,0,0,0,0,0,0,0,0,0,0,0,0,0,0,0,0,13,36,36,48,65476,414,65476,1,0,4,21553,0.0,0.0,0.0,0.0,0.0,0.0,0.0,0.0,0.0,0.0,0.0,0.0,0.0,0.0,0.0,0.0,0.0,0.0,0.0,0.0,0.0,2.004,0.0,-0.0,-0.0,0.0,0.0,0.0,0.0,0.0,6364.0,-0.0,0.0,-107615880.0,-0.0,-107616232.0,0.0,0.0,0.0,2.004,2.004,224,-107614784.0,0.0,0.0,0.0,0.0,0.0,0.0,0.0,0.0,0,0,0,3.0585414158964136e+36,-9616.473,0.0,0.0,0.0,-4.342253545370347e+35,-0.0,-87699464.0,-0.0,-1.7789624215904429e+34,-18386002.0,6.348967606676252e+19,0.0,0.026,0.0,0.0,0,1.3516416376850534e+27,224,0.0,448,-74360974999552.0,0.0,2112,52429,17109,52429,17111,0,17096,0,0,0,101,100,100,0.0,66.1,0.0,66.5,0.0,66.5,1,49,50,180,39322,52429,0,0,0.0,0.0,0.0,60.0,0.0,71.0,0.0,-0.0,0.0,1068,0,1069,0,0,0,1069,0,1079,0,1000,0,665,0,666,0,661,0,677,0.032,1.4536034330083127e+22,2.004,2.73023467606737e+23,57232,16813,25.782,-0.0,6.758,2.8671383419881137e+30,-1.752,0.0,50.0,60.0,35,0.0,0.0,10.0,2.0,0.0,0.0,0.0,0.0,0.0,0.0,0.0,0.0,0.0,0.0,0.0,0.0,58.8,59,9,65504,27,65476,0,300,0,0,8,20529,65476,0,0,30147,60.0,0.0,10.0,10.0,2.0,0.0
2026-02-16T12:48:37,ERR,ERR,ERR,ERR,ERR,ERR,ERR,ERR,ERR,ERR,ERR,ERR,ERR,ERR,ERR,ERR,ERR,ERR,ERR,ERR,ERR,ERR,ERR,ERR,ERR,ERR,ERR,ERR,ERR,ERR,ERR,ERR,ERR,ERR,ERR,ERR,ERR,ERR,ERR,ERR,ERR,ERR,ERR,ERR,ERR,ERR,ERR,ERR,ERR,ERR,ERR,ERR,ERR,ERR,ERR,ERR,ERR,ERR,ERR,ERR,ERR,ERR,ERR,ERR,ERR,ERR,ERR,ERR,ERR,ERR,ERR,ERR,ERR,ERR,ERR,ERR,ERR,ERR,ERR,ERR,ERR,ERR,ERR,ERR,ERR,ERR,ERR,ERR,ERR,ERR,ERR,ERR,ERR,ERR,ERR,ERR,ERR,ERR,ERR,ERR,ERR,ERR,ERR,ERR,ERR,ERR,ERR,ERR,ERR,ERR,ERR,ERR,ERR,ERR,ERR,ERR,ERR,ERR,ERR,ERR,ERR,ERR,ERR,ERR,ERR,0.0,-0.0,0.0,0.0,0.0,0.0,0.0,4.710595820148297e+33,4300,0,8,17169,4300,0.0,41,0.0,0.0,0.0,0.0,-0.0,0,0,0,0,0.0,0,0,0,0,0,0,0,0,0,0,0,0,0,0,0,0,0,0,0,0,0,0,0,0,0,0,0,0,0,0,0,0,0,13,36,36,48,65476,415,65476,1,0,4,21553,0.0,-107610720.0,0.0,0.0,0.0,0.0,0.0,0.0,0.0,0.0,0.0,0.0,0.0,0.0,0.0,0.0,0.0,0.0,0.0,0.0,0.0,2.004,0.0,-0.0,-0.0,0.0,0.0,0.0,0.0,0.0,6357.0,-3.697204605420044e+19,0.0,0.0,-0.0,-107616232.0,0.0,0.0,0.0,2.004,2.004,224,5.848055683159391e+35,-0.0,0.0,0.0,0.0,0.0,0.0,0.0,0.0,0,0,0,-0.0,3.0214614535314425e+28,0.0,-0.276,0.0,-0.0,-0.0,2.1985836226995814e+17,1.2648529789535953e+23,-1.876317987687971e+34,-20089938.0,6.694844058058306e+19,0.0,0.028,0.0,1729.976,0,1.3516416376850534e+27,225,0.0,450,-0.0,-1814070400.0,2112,52429,17109,52429,17111,0,17096,0,0,0,101,100,100,0.0,66.1,0.0,66.9,-107615264.0,66.0,1,49,50,180,52429,52429,0,0,0.0,0.0,0.0,60.0,1026.08,71.0,0.0,-2.320315748828714e+20,0.0,1069,0,1069,0,0,0,1069,0,1079,0,1000,0,664,0,666,0,661,0,677,0.032,1.4536034330083127e+22,2.004,2.73023467606737e+23,2576,16814,1026.08,-2.320315748828714e+20,-0.0,-393.507,0.0,30572570.0,50.0,60.0,35,0.0,0.0,10.0,2.0,0.0,0.0,0.0,0.0,0.0,0.0,0.0,0.0,0.0,0.0,0.0,0.0,58.8,59,9,65504,27,65476,0,300,0,0,8,20529,65476,0,0,30147,60.0,0.0,10.0,10.0,2.0,0.0
2026-02-16T12:48:38,ERR,ERR,ERR,ERR,ERR,ERR,ERR,ERR,ERR,ERR,ERR,ERR,ERR,ERR,ERR,ERR,ERR,ERR,ERR,ERR,ERR,ERR,ERR,ERR,ERR,ERR,ERR,ERR,ERR,ERR,ERR,ERR,ERR,ERR,ERR,ERR,ERR,ERR,ERR,ERR,ERR,ERR,ERR,ERR,ERR,ERR,ERR,ERR,ERR,ERR,ERR,ERR,ERR,ERR,ERR,ERR,ERR,ERR,ERR,ERR,ERR,ERR,ERR,ERR,ERR,ERR,ERR,ERR,ERR,ERR,ERR,ERR,ERR,ERR,ERR,ERR,ERR,ERR,ERR,ERR,ERR,ERR,ERR,ERR,ERR,ERR,ERR,ERR,ERR,ERR,ERR,ERR,ERR,ERR,ERR,ERR,ERR,ERR,ERR,ERR,ERR,ERR,ERR,ERR,ERR,ERR,ERR,ERR,ERR,ERR,ERR,ERR,ERR,ERR,ERR,ERR,ERR,ERR,ERR,ERR,ERR,ERR,ERR,ERR,ERR,0.0,-0.0,0.0,0.0,0.0,0.0,0.0,4.710595820148297e+33,4300,0,8,17169,4300,0.0,41,0.0,0.0,0.0,0.0,-0.0,0,0,0,0,0.0,0,0,0,0,0,0,0,0,0,0,0,0,0,0,0,0,0,0,0,0,0,0,0,0,0,0,0,0,0,0,0,0,0,13,36,36,48,65476,415,65476,1,0,4,21553,0.0,-107610720.0,0.0,0.0,0.0,0.0,0.0,0.0,0.0,0.0,0.0,0.0,0.0,0.0,0.0,0.0,0.0,0.0,0.0,0.0,0.0,2.004,0.0,-0.0,-0.0,0.0,0.0,0.0,0.0,0.0,6357.0,-3.697204605420044e+19,0.0,0.0,-0.0,-107616232.0,0.0,0.0,0.0,2.004,2.004,224,5.848055683159391e+35,-0.0,0.0,0.0,0.0,0.0,0.0,0.0,0.0,0,0,0,-0.0,3.0214614535314425e+28,0.0,-0.276,0.0,-0.0,-0.0,2.1985836226995814e+17,1.2648529789535953e+23,-1.876317987687971e+34,-20089938.0,6.694844058058306e+19,0.0,0.028,0.0,1729.976,0,1.3516416376850534e+27,225,0.0,450,-0.0,-1814070400.0,2112,52429,17109,52429,17111,0,17096,0,0,0,101,100,100,0.0,66.1,0.0,66.9,-107615264.0,66.0,1,49,50,180,52429,52429,0,0,0.0,0.0,0.0,60.0,1026.08,71.0,0.0,-2.320315748828714e+20,0.0,1069,0,1069,0,0,0,1069,0,1079,0,1000,0,664,0,666,0,661,0,677,0.032,1.4536034330083127e+22,2.004,2.73023467606737e+23,2576,16814,1026.08,-2.320315748828714e+20,-0.0,-393.507,0.0,30572570.0,50.0,60.0,35,0.0,0.0,10.0,2.0,0.0,0.0,0.0,0.0,0.0,0.0,0.0,0.0,0.0,0.0,0.0,0.0,58.8,58,9,65505,27,65476,0,300,0,0,8,20529,65476,0,0,30147,60.0,0.0,10.0,10.0,2.0,0.0
2026-02-16T12:48:39,ERR,ERR,ERR,ERR,ERR,ERR,ERR,ERR,ERR,ERR,ERR,ERR,ERR,ERR,ERR,ERR,ERR,ERR,ERR,ERR,ERR,ERR,ERR,ERR,ERR,ERR,ERR,ERR,ERR,ERR,ERR,ERR,ERR,ERR,ERR,ERR,ERR,ERR,ERR,ERR,ERR,ERR,ERR,ERR,ERR,ERR,ERR,ERR,ERR,ERR,ERR,ERR,ERR,ERR,ERR,ERR,ERR,ERR,ERR,ERR,ERR,ERR,ERR,ERR,ERR,ERR,ERR,ERR,ERR,ERR,ERR,ERR,ERR,ERR,ERR,ERR,ERR,ERR,ERR,ERR,ERR,ERR,ERR,ERR,ERR,ERR,ERR,ERR,ERR,ERR,ERR,ERR,ERR,ERR,ERR,ERR,ERR,ERR,ERR,ERR,ERR,ERR,ERR,ERR,ERR,ERR,ERR,ERR,ERR,ERR,ERR,ERR,ERR,ERR,ERR,ERR,ERR,ERR,ERR,ERR,ERR,ERR,ERR,ERR,ERR,0.0,-0.0,0.0,0.0,0.0,0.0,0.0,4.710595820148297e+33,4300,0,8,17169,4300,0.0,41,0.0,0.0,0.0,0.0,-0.0,0,0,0,0,0.0,0,0,0,0,0,0,0,0,0,0,0,0,0,0,0,0,0,0,0,0,0,0,0,0,0,0,0,0,0,0,0,0,0,13,36,36,48,65476,415,65476,1,0,4,21553,0.0,-107610720.0,0.0,0.0,0.0,0.0,0.0,0.0,0.0,0.0,0.0,0.0,0.0,0.0,0.0,0.0,0.0,0.0,0.0,0.0,0.0,2.004,0.0,-0.0,-0.0,0.0,0.0,0.0,0.0,0.0,6357.0,-3.697204605420044e+19,0.0,0.0,-0.0,-107616232.0,0.0,0.0,0.0,2.004,2.004,224,5.848055683159391e+35,-0.0,0.0,0.0,0.0,0.0,0.0,0.0,0.0,0,0,0,-0.0,3.0214614535314425e+28,0.0,-0.276,0.0,-0.0,-0.0,2.1985836226995814e+17,1.2648529789535953e+23,-1.876317987687971e+34,-20089938.0,6.694844058058306e+19,0.0,0.028,0.0,1729.976,0,1.3516416376850534e+27,225,0.0,450,-0.0,-1814070400.0,2112,52429,17109,52429,17111,0,17096,0,0,0,101,100,100,0.0,66.1,0.0,66.9,-107615264.0,66.0,1,49,50,180,52429,52429,0,0,0.0,0.0,0.0,60.0,1026.08,71.0,0.0,-2.320315748828714e+20,0.0,1069,0,1069,0,0,0,1069,0,1079,0,1000,0,664,0,666,0,661,0,677,0.032,1.4536034330083127e+22,2.004,2.73023467606737e+23,2576,16814,1026.08,-2.320315748828714e+20,-0.0,-393.507,0.0,30572570.0,50.0,60.0,35,0.0,0.0,10.0,2.0,0.0,0.0,0.0,0.0,0.0,0.0,0.0,0.0,0.0,0.0,0.0,0.0,58.8,58,9,65505,27,65476,0,300,0,0,8,20529,65476,0,0,30147,60.0,0.0,10.0,10.0,2.0,0.0
2026-02-16T12:48:40,ERR,ERR,ERR,ERR,ERR,ERR,ERR,ERR,ERR,ERR,ERR,ERR,ERR,ERR,ERR,ERR,ERR,ERR,ERR,ERR,ERR,ERR,ERR,ERR,ERR,ERR,ERR,ERR,ERR,ERR,ERR,ERR,ERR,ERR,ERR,ERR,ERR,ERR,ERR,ERR,ERR,ERR,ERR,ERR,ERR,ERR,ERR,ERR,ERR,ERR,ERR,ERR,ERR,ERR,ERR,ERR,ERR,ERR,ERR,ERR,ERR,ERR,ERR,ERR,ERR,ERR,ERR,ERR,ERR,ERR,ERR,ERR,ERR,ERR,ERR,ERR,ERR,ERR,ERR,ERR,ERR,ERR,ERR,ERR,ERR,ERR,ERR,ERR,ERR,ERR,ERR,ERR,ERR,ERR,ERR,ERR,ERR,ERR,ERR,ERR,ERR,ERR,ERR,ERR,ERR,ERR,ERR,ERR,ERR,ERR,ERR,ERR,ERR,ERR,ERR,ERR,ERR,ERR,ERR,ERR,ERR,ERR,ERR,ERR,ERR,0.0,-0.0,0.0,0.0,0.0,0.0,0.0,4.710595820148297e+33,4300,0,8,17169,4300,0.0,41,0.0,0.0,0.0,0.0,-0.0,0,0,0,0,0.0,0,0,0,0,0,0,0,0,0,0,0,0,0,0,0,0,0,0,0,0,0,0,0,0,0,0,0,0,0,0,0,0,0,13,36,36,48,65476,415,65476,1,0,4,21553,0.0,-107610720.0,0.0,0.0,0.0,0.0,0.0,0.0,0.0,0.0,0.0,0.0,0.0,0.0,0.0,0.0,0.0,0.0,0.0,0.0,0.0,2.004,0.0,-0.0,-0.0,0.0,0.0,0.0,0.0,0.0,6357.0,-3.697204605420044e+19,0.0,0.0,-0.0,-107616232.0,0.0,0.0,0.0,2.004,2.004,224,5.848055683159391e+35,-0.0,0.0,0.0,0.0,0.0,0.0,0.0,0.0,0,0,0,-0.0,3.0214614535314425e+28,0.0,-0.276,0.0,-0.0,-0.0,2.1985836226995814e+17,1.2648529789535953e+23,-1.876317987687971e+34,-20089938.0,6.694844058058306e+19,0.0,0.028,0.0,1729.976,0,1.3516416376850534e+27,225,0.0,450,-0.0,-1814070400.0,2112,52429,17109,52429,17111,0,17096,0,0,0,101,100,100,0.0,66.1,0.0,66.9,-107615264.0,66.0,1,49,50,180,52429,52429,0,0,0.0,0.0,0.0,60.0,1026.08,71.0,0.0,-2.320315748828714e+20,0.0,1069,0,1069,0,0,0,1069,0,1079,0,1000,0,664,0,666,0,661,0,677,0.032,1.4536034330083127e+22,2.004,2.73023467606737e+23,2576,16814,1026.08,-2.320315748828714e+20,-0.0,-393.507,0.0,30572570.0,50.0,60.0,35,0.0,0.0,10.0,2.0,0.0,0.0,0.0,0.0,0.0,0.0,0.0,0.0,0.0,0.0,0.0,0.0,59.2,57,10,65506,27,65476,0,300,0,0,8,20529,65476,0,0,30147,60.0,0.0,10.0,10.0,2.0,0.0
2026-02-16T12:48:41,ERR,ERR,ERR,ERR,ERR,ERR,ERR,ERR,ERR,ERR,ERR,ERR,ERR,ERR,ERR,ERR,ERR,ERR,ERR,ERR,ERR,ERR,ERR,ERR,ERR,ERR,ERR,ERR,ERR,ERR,ERR,ERR,ERR,ERR,ERR,ERR,ERR,ERR,ERR,ERR,ERR,ERR,ERR,ERR,ERR,ERR,ERR,ERR,ERR,ERR,ERR,ERR,ERR,ERR,ERR,ERR,ERR,ERR,ERR,ERR,ERR,ERR,ERR,ERR,ERR,ERR,ERR,ERR,ERR,ERR,ERR,ERR,ERR,ERR,ERR,ERR,ERR,ERR,ERR,ERR,ERR,ERR,ERR,ERR,ERR,ERR,ERR,ERR,ERR,ERR,ERR,ERR,ERR,ERR,ERR,ERR,ERR,ERR,ERR,ERR,ERR,ERR,ERR,ERR,ERR,ERR,ERR,ERR,ERR,ERR,ERR,ERR,ERR,ERR,ERR,ERR,ERR,ERR,ERR,ERR,ERR,ERR,ERR,ERR,ERR,0.0,-0.0,0.0,0.0,0.0,0.0,0.0,4.710595820148297e+33,4300,0,8,17169,4300,0.0,41,0.0,0.0,0.0,0.0,-0.0,0,0,0,0,0.0,0,0,0,0,0,0,0,0,0,0,0,0,0,0,0,0,0,0,0,0,0,0,0,0,0,0,0,0,0,0,0,0,0,13,36,36,48,65476,415,65476,1,0,4,21553,0.0,-107610720.0,0.0,0.0,0.0,0.0,0.0,0.0,0.0,0.0,0.0,0.0,0.0,0.0,0.0,0.0,0.0,0.0,0.0,0.0,0.0,2.004,0.0,-0.0,-0.0,0.0,0.0,0.0,0.0,0.0,6357.0,-3.697204605420044e+19,0.0,0.0,-0.0,-107616232.0,0.0,0.0,0.0,2.004,2.004,224,5.848055683159391e+35,-0.0,0.0,0.0,0.0,0.0,0.0,0.0,0.0,0,0,0,-0.0,3.0214614535314425e+28,0.0,-0.276,0.0,-0.0,-0.0,2.1985836226995814e+17,1.2648529789535953e+23,-1.876317987687971e+34,-20089938.0,6.694844058058306e+19,0.0,0.028,0.0,1729.976,0,1.3516416376850534e+27,225,0.0,450,-0.0,-1814070400.0,2112,52429,17109,52429,17111,0,17096,0,0,0,101,100,100,0.0,66.1,0.0,66.9,-107615264.0,66.5,1,49,50,180,52429,52429,0,0,0.0,0.0,0.0,60.0,1.557,71.0,0.0,-0.0,0.0,1069,0,1069,0,0,0,1069,0,1080,0,1000,0,664,0,667,0,661,0,677,0.032,1.4609821306377965e+22,2.004,2.73023467606737e+23,58128,16813,0.0,-0.0,0.0,-8.951061627000586e+17,-0.0,-6.92715380082898e+26,50.0,60.0,35,0.0,0.0,10.0,2.0,0.0,0.0,0.0,0.0,0.0,0.0,0.0,0.0,0.0,0.0,0.0,0.0,58.8,57,10,65506,27,65476,0,300,0,0,8,20529,65476,0,0,30147,60.0,0.0,10.0,10.0,2.0,0.0
2026-02-16T12:48:42,ERR,ERR,ERR,ERR,ERR,ERR,ERR,ERR,ERR,ERR,ERR,ERR,ERR,ERR,ERR,ERR,ERR,ERR,ERR,ERR,ERR,ERR,ERR,ERR,ERR,ERR,ERR,ERR,ERR,ERR,ERR,ERR,ERR,ERR,ERR,ERR,ERR,ERR,ERR,ERR,ERR,ERR,ERR,ERR,ERR,ERR,ERR,ERR,ERR,ERR,ERR,ERR,ERR,ERR,ERR,ERR,ERR,ERR,ERR,ERR,ERR,ERR,ERR,ERR,ERR,ERR,ERR,ERR,ERR,ERR,ERR,ERR,ERR,ERR,ERR,ERR,ERR,ERR,ERR,ERR,ERR,ERR,ERR,ERR,ERR,ERR,ERR,ERR,ERR,ERR,ERR,ERR,ERR,ERR,ERR,ERR,ERR,ERR,ERR,ERR,ERR,ERR,ERR,ERR,ERR,ERR,ERR,ERR,ERR,ERR,ERR,ERR,ERR,ERR,ERR,ERR,ERR,ERR,ERR,ERR,ERR,ERR,ERR,ERR,ERR,0.0,-0.0,0.0,0.0,0.0,11682067.0,2.94081205089612e+22,191744.312,4300,0,8,17169,4300,0.0,41,0.0,0.0,0.0,0.0,-0.0,0,0,0,0,0.0,0,0,0,0,0,0,0,0,0,0,0,0,0,0,0,0,0,0,0,0,0,0,0,0,0,0,0,0,0,0,0,0,0,13,36,36,48,65476,416,65476,1,0,4,21553,0.0,2.718324816780796e+23,0.0,0.0,0.0,0.0,0.0,0.0,0.0,0.0,0.0,0.0,0.0,0.0,0.0,0.0,0.0,0.0,0.0,0.0,0.0,2.004,2.004,-0.0,-2.004,-2.004,0.0,0.0,0.0,0.0,6386.0,0.0,0.0,0.0,-0.0,0.0,0.0,0.0,0.0,2.004,2.004,224,1.9056859227671757e+17,0.0,0.0,0.0,0.0,0.0,0.0,0.0,0.0,0,0,0,7424368128.0,45418380.0,-3.035694637776613e+30,-4.395803034663002e+27,0.0,-6.652706110552628e+20,6026156943867904.0,-0.0,-1.9168859017453724e+34,-1.9898994814684202e+34,-21662802.0,7.069543547055532e+19,0.0,0.029,0.0,6.472847064771794e+31,0,1.3516416376850534e+27,226,0.0,452,-0.0,0.0,2112,52429,17109,52429,17111,0,17096,0,0,0,101,100,100,0.0,66.1,0.0,66.9,-107615264.0,66.5,1,49,50,180,52429,52429,0,0,0.0,0.0,0.0,60.0,1.557,71.0,0.0,-0.0,0.0,1069,0,1069,0,0,0,1069,0,1080,0,1000,0,664,0,667,0,661,0,677,0.032,1.4609821306377965e+22,2.004,2.73023467606737e+23,58128,16813,0.0,-0.0,0.0,-8.951061627000586e+17,-0.0,-6.92715380082898e+26,50.0,60.0,35,0.0,0.0,10.0,2.0,0.0,0.0,0.0,0.0,0.0,0.0,0.0,0.0,0.0,0.0,0.0,0.0,58.8,57,10,65506,27,65476,0,300,0,0,8,20529,65476,0,0,30147,60.0,0.0,10.0,10.0,2.0,0.0
2026-02-16T12:48:43,ERR,ERR,ERR,ERR,ERR,ERR,ERR,ERR,ERR,ERR,ERR,ERR,ERR,ERR,ERR,ERR,ERR,ERR,ERR,ERR,ERR,ERR,ERR,ERR,ERR,ERR,ERR,ERR,ERR,ERR,ERR,ERR,ERR,ERR,ERR,ERR,ERR,ERR,ERR,ERR,ERR,ERR,ERR,ERR,ERR,ERR,ERR,ERR,ERR,ERR,ERR,ERR,ERR,ERR,ERR,ERR,ERR,ERR,ERR,ERR,ERR,ERR,ERR,ERR,ERR,ERR,ERR,ERR,ERR,ERR,ERR,ERR,ERR,ERR,ERR,ERR,ERR,ERR,ERR,ERR,ERR,ERR,ERR,ERR,ERR,ERR,ERR,ERR,ERR,ERR,ERR,ERR,ERR,ERR,ERR,ERR,ERR,ERR,ERR,ERR,ERR,ERR,ERR,ERR,ERR,ERR,ERR,ERR,ERR,ERR,ERR,ERR,ERR,ERR,ERR,ERR,ERR,ERR,ERR,ERR,ERR,ERR,ERR,ERR,ERR,0.0,-0.0,0.0,0.0,0.0,11682067.0,2.94081205089612e+22,191744.312,4300,0,8,17169,4300,0.0,41,0.0,0.0,0.0,0.0,-0.0,0,0,0,0,0.0,0,0,0,0,0,0,0,0,0,0,0,0,0,0,0,0,0,0,0,0,0,0,0,0,0,0,0,0,0,0,0,0,0,13,36,36,48,65476,416,65476,1,0,4,21553,0.0,2.718324816780796e+23,0.0,0.0,0.0,0.0,0.0,0.0,0.0,0.0,0.0,0.0,0.0,0.0,0.0,0.0,0.0,0.0,0.0,0.0,0.0,2.004,2.004,-0.0,-2.004,-2.004,0.0,0.0,0.0,0.0,6386.0,0.0,0.0,0.0,-0.0,0.0,0.0,0.0,0.0,2.004,2.004,224,1.9056859227671757e+17,0.0,0.0,0.0,0.0,0.0,0.0,0.0,0.0,0,0,0,7424368128.0,45418380.0,-3.035694637776613e+30,-4.395803034663002e+27,0.0,-6.652706110552628e+20,6026156943867904.0,-0.0,-1.9168859017453724e+34,-1.9898994814684202e+34,-21662802.0,7.069543547055532e+19,0.0,0.029,0.0,6.472847064771794e+31,0,1.3516416376850534e+27,226,0.0,452,-0.0,0.0,2112,52429,17109,52429,17111,0,17096,0,0,0,101,100,100,0.0,66.1,0.0,66.9,-107615264.0,66.5,1,49,50,180,52429,52429,0,0,0.0,0.0,0.0,60.0,1.557,71.0,0.0,-0.0,0.0,1069,0,1069,0,0,0,1069,0,1080,0,1000,0,664,0,667,0,661,0,677,0.032,1.4609821306377965e+22,2.004,2.73023467606737e+23,58128,16813,0.0,-0.0,0.0,-8.951061627000586e+17,-0.0,-6.92715380082898e+26,50.0,60.0,35,0.0,0.0,10.0,2.0,0.0,0.0,0.0,0.0,0.0,0.0,0.0,0.0,0.0,0.0,0.0,0.0,58.8,57,10,65506,27,65476,0,300,0,0,8,20529,65476,0,0,30147,60.0,0.0,10.0,10.0,2.0,0.0
2026-02-16T12:48:44,ERR,ERR,ERR,ERR,ERR,ERR,ERR,ERR,ERR,ERR,ERR,ERR,ERR,ERR,ERR,ERR,ERR,ERR,ERR,ERR,ERR,ERR,ERR,ERR,ERR,ERR,ERR,ERR,ERR,ERR,ERR,ERR,ERR,ERR,ERR,ERR,ERR,ERR,ERR,ERR,ERR,ERR,ERR,ERR,ERR,ERR,ERR,ERR,ERR,ERR,ERR,ERR,ERR,ERR,ERR,ERR,ERR,ERR,ERR,ERR,ERR,ERR,ERR,ERR,ERR,ERR,ERR,ERR,ERR,ERR,ERR,ERR,ERR,ERR,ERR,ERR,ERR,ERR,ERR,ERR,ERR,ERR,ERR,ERR,ERR,ERR,ERR,ERR,ERR,ERR,ERR,ERR,ERR,ERR,ERR,ERR,ERR,ERR,ERR,ERR,ERR,ERR,ERR,ERR,ERR,ERR,ERR,ERR,ERR,ERR,ERR,ERR,ERR,ERR,ERR,ERR,ERR,ERR,ERR,ERR,ERR,ERR,ERR,ERR,ERR,0.0,-0.0,0.0,0.0,0.0,11682067.0,2.94081205089612e+22,191744.312,4300,0,8,17169,4300,0.0,41,0.0,0.0,0.0,0.0,-0.0,0,0,0,0,0.0,0,0,0,0,0,0,0,0,0,0,0,0,0,0,0,0,0,0,0,0,0,0,0,0,0,0,0,0,0,0,0,0,0,13,36,36,48,65476,416,65476,1,0,4,21553,0.0,2.718324816780796e+23,0.0,0.0,0.0,0.0,0.0,0.0,0.0,0.0,0.0,0.0,0.0,0.0,0.0,0.0,0.0,0.0,0.0,0.0,0.0,2.004,2.004,-0.0,-2.004,-2.004,0.0,0.0,0.0,0.0,6386.0,0.0,0.0,0.0,-0.0,0.0,0.0,0.0,0.0,2.004,2.004,224,1.9056859227671757e+17,0.0,0.0,0.0,0.0,0.0,0.0,0.0,0.0,0,0,0,7424368128.0,45418380.0,-3.035694637776613e+30,-4.395803034663002e+27,0.0,-6.652706110552628e+20,6026156943867904.0,-0.0,-1.9168859017453724e+34,-1.9898994814684202e+34,-21662802.0,7.069543547055532e+19,0.0,0.029,0.0,6.472847064771794e+31,0,1.3516416376850534e+27,226,0.0,452,-0.0,0.0,2112,52429,17109,52429,17111,0,17096,0,0,0,101,100,100,0.0,66.2,2.7302343157793998e+23,66.5,0.0,66.5,1,49,50,180,52429,52429,0,0,0.0,0.0,0.0,60.0,0.0,71.0,0.0,0.0,0.0,1069,0,1069,0,0,0,1069,0,1079,0,1000,0,665,0,667,0,661,0,677,0.032,1.4536034330083127e+22,2.004,2.73023467606737e+23,45456,16813,0.0,0.0,-0.0,-5824627.0,0.0,-0.0,50.0,60.0,35,0.0,0.0,10.0,2.0,0.0,0.0,0.0,0.0,0.0,0.0,0.0,0.0,0.0,0.0,0.0,0.0,58.8,57,10,65506,27,65476,0,300,0,0,8,20529,65476,0,0,30147,60.0,0.0,10.0,10.0,2.0,0.0
2026-02-16T12:48:45,ERR,ERR,ERR,ERR,ERR,ERR,ERR,ERR,ERR,ERR,ERR,ERR,ERR,ERR,ERR,ERR,ERR,ERR,ERR,ERR,ERR,ERR,ERR,ERR,ERR,ERR,ERR,ERR,ERR,ERR,ERR,ERR,ERR,ERR,ERR,ERR,ERR,ERR,ERR,ERR,ERR,ERR,ERR,ERR,ERR,ERR,ERR,ERR,ERR,ERR,ERR,ERR,ERR,ERR,ERR,ERR,ERR,ERR,ERR,ERR,ERR,ERR,ERR,ERR,ERR,ERR,ERR,ERR,ERR,ERR,ERR,ERR,ERR,ERR,ERR,ERR,ERR,ERR,ERR,ERR,ERR,ERR,ERR,ERR,ERR,ERR,ERR,ERR,ERR,ERR,ERR,ERR,ERR,ERR,ERR,ERR,ERR,ERR,ERR,ERR,ERR,ERR,ERR,ERR,ERR,ERR,ERR,ERR,ERR,ERR,ERR,ERR,ERR,ERR,ERR,ERR,ERR,ERR,ERR,ERR,ERR,ERR,ERR,ERR,ERR,0.0,-0.0,0.0,0.0,0.0,11682067.0,2.94081205089612e+22,191744.312,4300,0,8,17169,4300,0.0,41,0.0,0.0,0.0,0.0,-0.0,0,0,0,0,0.0,0,0,0,0,0,0,0,0,0,0,0,0,0,0,0,0,0,0,0,0,0,0,0,0,0,0,0,0,0,0,0,0,0,13,36,36,48,65476,416,65476,1,0,4,21553,0.0,2.718324816780796e+23,0.0,0.0,0.0,0.0,0.0,0.0,0.0,0.0,0.0,0.0,0.0,0.0,0.0,0.0,0.0,0.0,0.0,0.0,0.0,2.004,2.004,-0.0,-2.004,-2.004,0.0,0.0,0.0,0.0,6386.0,0.0,0.0,0.0,-0.0,0.0,0.0,0.0,0.0,2.004,2.004,224,1.9056859227671757e+17,0.0,0.0,0.0,0.0,0.0,0.0,0.0,0.0,0,0,0,7424368128.0,45418380.0,-3.035694637776613e+30,-4.395803034663002e+27,0.0,-6.652706110552628e+20,6026156943867904.0,-0.0,-1.9168859017453724e+34,-1.9898994814684202e+34,-21662802.0,7.069543547055532e+19,0.0,0.029,0.0,6.472847064771794e+31,0,1.3516416376850534e+27,226,0.0,452,-0.0,0.0,2112,52429,17109,52429,17111,0,17096,0,0,0,101,100,100,0.0,66.2,2.7302343157793998e+23,66.5,0.0,66.5,1,49,50,180,52429,52429,0,0,0.0,0.0,0.0,60.0,0.0,71.0,0.0,0.0,0.0,1069,0,1069,0,0,0,1069,0,1079,0,1000,0,665,0,667,0,661,0,677,0.032,1.4536034330083127e+22,2.004,2.73023467606737e+23,45456,16813,0.0,0.0,-0.0,-5824627.0,0.0,-0.0,50.0,60.0,35,0.0,0.0,10.0,2.0,0.0,0.0,0.0,0.0,0.0,0.0,0.0,0.0,0.0,0.0,0.0,0.0,58.8,57,10,65506,27,65476,0,300,0,0,8,20529,65476,0,0,30147,60.0,0.0,10.0,10.0,2.0,0.0
2026-02-16T12:48:46,ERR,ERR,ERR,ERR,ERR,ERR,ERR,ERR,ERR,ERR,ERR,ERR,ERR,ERR,ERR,ERR,ERR,ERR,ERR,ERR,ERR,ERR,ERR,ERR,ERR,ERR,ERR,ERR,ERR,ERR,ERR,ERR,ERR,ERR,ERR,ERR,ERR,ERR,ERR,ERR,ERR,ERR,ERR,ERR,ERR,ERR,ERR,ERR,ERR,ERR,ERR,ERR,ERR,ERR,ERR,ERR,ERR,ERR,ERR,ERR,ERR,ERR,ERR,ERR,ERR,ERR,ERR,ERR,ERR,ERR,ERR,ERR,ERR,ERR,ERR,ERR,ERR,ERR,ERR,ERR,ERR,ERR,ERR,ERR,ERR,ERR,ERR,ERR,ERR,ERR,ERR,ERR,ERR,ERR,ERR,ERR,ERR,ERR,ERR,ERR,ERR,ERR,ERR,ERR,ERR,ERR,ERR,ERR,ERR,ERR,ERR,ERR,ERR,ERR,ERR,ERR,ERR,ERR,ERR,ERR,ERR,ERR,ERR,ERR,ERR,0.0,-0.0,0.0,0.0,0.0,11682067.0,2.94081205089612e+22,191744.312,4300,0,8,17169,4300,0.0,41,0.0,0.0,0.0,0.0,-0.0,0,0,0,0,0.0,0,0,0,0,0,0,0,0,0,0,0,0,0,0,0,0,0,0,0,0,0,0,0,0,0,0,0,0,0,0,0,0,0,13,36,36,48,65476,416,65476,1,0,4,21553,0.0,2.718324816780796e+23,0.0,0.0,0.0,0.0,0.0,0.0,0.0,0.0,0.0,0.0,0.0,0.0,0.0,0.0,0.0,0.0,0.0,0.0,0.0,2.004,2.004,-0.0,-2.004,-2.004,0.0,0.0,0.0,0.0,6386.0,0.0,0.0,0.0,-0.0,0.0,0.0,0.0,0.0,2.004,2.004,224,1.9056859227671757e+17,0.0,0.0,0.0,0.0,0.0,0.0,0.0,0.0,0,0,0,7424368128.0,45418380.0,-3.035694637776613e+30,-4.395803034663002e+27,0.0,-6.652706110552628e+20,6026156943867904.0,-0.0,-1.9168859017453724e+34,-1.9898994814684202e+34,-21662802.0,7.069543547055532e+19,0.0,0.029,0.0,6.472847064771794e+31,0,1.3516416376850534e+27,226,0.0,452,-0.0,0.0,2112,52429,17109,52429,17111,0,17096,0,0,0,101,100,100,0.0,66.2,2.7302343157793998e+23,66.5,0.0,66.5,1,49,50,180,52429,52429,0,0,0.0,0.0,0.0,60.0,0.0,71.0,0.0,0.0,0.0,1069,0,1069,0,0,0,1069,0,1079,0,1000,0,665,0,667,0,661,0,677,0.032,1.4536034330083127e+22,2.004,2.73023467606737e+23,45456,16813,0.0,0.0,-0.0,-5824627.0,0.0,-0.0,50.0,60.0,35,0.0,0.0,10.0,2.0,0.0,0.0,0.0,0.0,0.0,0.0,0.0,0.0,0.0,0.0,0.0,0.0,58.8,56,10,65507,27,65476,0,300,0,0,8,20529,65476,0,0,30147,60.0,0.0,10.0,10.0,2.0,0.0
2026-02-16T12:48:47,ERR,ERR,ERR,ERR,ERR,ERR,ERR,ERR,ERR,ERR,ERR,ERR,ERR,ERR,ERR,ERR,ERR,ERR,ERR,ERR,ERR,ERR,ERR,ERR,ERR,ERR,ERR,ERR,ERR,ERR,ERR,ERR,ERR,ERR,ERR,ERR,ERR,ERR,ERR,ERR,ERR,ERR,ERR,ERR,ERR,ERR,ERR,ERR,ERR,ERR,ERR,ERR,ERR,ERR,ERR,ERR,ERR,ERR,ERR,ERR,ERR,ERR,ERR,ERR,ERR,ERR,ERR,ERR,ERR,ERR,ERR,ERR,ERR,ERR,ERR,ERR,ERR,ERR,ERR,ERR,ERR,ERR,ERR,ERR,ERR,ERR,ERR,ERR,ERR,ERR,ERR,ERR,ERR,ERR,ERR,ERR,ERR,ERR,ERR,ERR,ERR,ERR,ERR,ERR,ERR,ERR,ERR,ERR,ERR,ERR,ERR,ERR,ERR,ERR,ERR,ERR,ERR,ERR,ERR,ERR,ERR,ERR,ERR,ERR,ERR,-107615880.0,-0.0,2.7184069624379994e+23,0.0,-0.0,-0.0,0.0,3766691561472.0,4300,0,8,17169,4300,0.0,41,0.0,0.0,0.0,0.0,-0.0,0,0,0,0,0.0,0,0,0,0,0,0,0,0,0,0,0,0,0,0,0,0,0,0,0,0,0,0,0,0,0,0,0,0,0,0,0,0,0,13,36,36,48,65476,419,65476,1,0,4,21553,0.0,0.0,0.0,0.0,0.0,0.0,0.0,0.0,0.0,0.0,0.0,0.0,0.0,0.0,0.0,0.0,0.0,0.0,0.0,0.0,0.0,2.004,0.0,-0.0,-2.004,-0.0,0.0,0.0,0.0,0.0,6384.0,-1.5879374755846268e+29,0.0,-107615880.0,-0.0,0.0,-2.7184509175703625e+23,0.0,0.0,2.004,2.004,224,126840537088.0,-3.222023058662249e+26,0.0,0.0,0.0,0.0,0.0,0.0,0.0,0,0,0,1.1634860668090224e+35,-0.0,0.0,-0.0,0.0,0.0,-0.0,0.0,-0.0,-2.0975913517179655e+34,-23366738.0,7.45214236739135e+19,0.0,0.03,0.0,4.735733160791245e+16,0,1.3516416376850534e+27,224,0.0,448,0.0,-0.0,2112,52429,17109,52429,17111,0,17096,0,0,0,101,100,100,0.0,66.2,2.7302343157793998e+23,66.5,0.0,66.5,1,49,50,180,52429,52429,0,0,0.0,0.0,0.0,60.0,0.0,71.0,0.0,0.0,0.0,1069,0,1069,0,0,0,1069,0,1079,0,1000,0,665,0,667,0,661,0,677,0.032,1.4536034330083127e+22,2.004,2.73023467606737e+23,45456,16813,0.0,0.0,-0.0,-5824627.0,0.0,-0.0,50.0,60.0,35,0.0,0.0,10.0,2.0,0.0,0.0,0.0,0.0,0.0,0.0,0.0,0.0,0.0,0.0,0.0,0.0,58.8,56,10,65507,27,65476,0,300,0,0,8,20529,65476,0,0,30147,60.0,0.0,10.0,10.0,2.0,0.0
2026-02-16T12:48:48,ERR,ERR,ERR,ERR,ERR,ERR,ERR,ERR,ERR,ERR,ERR,ERR,ERR,ERR,ERR,ERR,ERR,ERR,ERR,ERR,ERR,ERR,ERR,ERR,ERR,ERR,ERR,ERR,ERR,ERR,ERR,ERR,ERR,ERR,ERR,ERR,ERR,ERR,ERR,ERR,ERR,ERR,ERR,ERR,ERR,ERR,ERR,ERR,ERR,ERR,ERR,ERR,ERR,ERR,ERR,ERR,ERR,ERR,ERR,ERR,ERR,ERR,ERR,ERR,ERR,ERR,ERR,ERR,ERR,ERR,ERR,ERR,ERR,ERR,ERR,ERR,ERR,ERR,ERR,ERR,ERR,ERR,ERR,ERR,ERR,ERR,ERR,ERR,ERR,ERR,ERR,ERR,ERR,ERR,ERR,ERR,ERR,ERR,ERR,ERR,ERR,ERR,ERR,ERR,ERR,ERR,ERR,ERR,ERR,ERR,ERR,ERR,ERR,ERR,ERR,ERR,ERR,ERR,ERR,ERR,ERR,ERR,ERR,ERR,ERR,-107615880.0,-0.0,2.7184069624379994e+23,0.0,-0.0,-0.0,0.0,3766691561472.0,4300,0,8,17169,4300,0.0,41,0.0,0.0,0.0,0.0,-0.0,0,0,0,0,0.0,0,0,0,0,0,0,0,0,0,0,0,0,0,0,0,0,0,0,0,0,0,0,0,0,0,0,0,0,0,0,0,0,0,13,36,36,48,65476,419,65476,1,0,4,21553,0.0,0.0,0.0,0.0,0.0,0.0,0.0,0.0,0.0,0.0,0.0,0.0,0.0,0.0,0.0,0.0,0.0,0.0,0.0,0.0,0.0,2.004,0.0,-0.0,-2.004,-0.0,0.0,0.0,0.0,0.0,6384.0,-1.5879374755846268e+29,0.0,-107615880.0,-0.0,0.0,-2.7184509175703625e+23,0.0,0.0,2.004,2.004,224,126840537088.0,-3.222023058662249e+26,0.0,0.0,0.0,0.0,0.0,0.0,0.0,0,0,0,1.1634860668090224e+35,-0.0,0.0,-0.0,0.0,0.0,-0.0,0.0,-0.0,-2.0975913517179655e+34,-23366738.0,7.45214236739135e+19,0.0,0.03,0.0,4.735733160791245e+16,0,1.3516416376850534e+27,224,0.0,448,0.0,-0.0,2114,52429,17109,52429,17111,0,17096,0,0,0,101,100,100,0.0,66.1,0.0,66.5,0.0,66.5,1,49,50,180,52429,52429,0,0,0.0,0.0,0.0,60.0,0.0,71.0,0.0,0.0,0.0,1069,0,1069,0,0,0,1069,0,1079,0,1000,0,665,0,667,0,661,0,677,0.032,1.4536034330083127e+22,2.004,2.73023467606737e+23,33680,16813,0.0,0.0,-0.0,90061987840.0,-2.687143838515922e+24,6.083321807850538e+27,50.0,60.0,35,0.0,0.0,10.0,2.0,0.0,0.0,0.0,0.0,0.0,0.0,0.0,0.0,0.0,0.0,0.0,0.0,58.8,56,10,65507,27,65476,0,300,0,0,8,20529,65476,0,0,30147,60.0,0.0,10.0,10.0,2.0,0.0
2026-02-16T12:48:49,ERR,ERR,ERR,ERR,ERR,ERR,ERR,ERR,ERR,ERR,ERR,ERR,ERR,ERR,ERR,ERR,ERR,ERR,ERR,ERR,ERR,ERR,ERR,ERR,ERR,ERR,ERR,ERR,ERR,ERR,ERR,ERR,ERR,ERR,ERR,ERR,ERR,ERR,ERR,ERR,ERR,ERR,ERR,ERR,ERR,ERR,ERR,ERR,ERR,ERR,ERR,ERR,ERR,ERR,ERR,ERR,ERR,ERR,ERR,ERR,ERR,ERR,ERR,ERR,ERR,ERR,ERR,ERR,ERR,ERR,ERR,ERR,ERR,ERR,ERR,ERR,ERR,ERR,ERR,ERR,ERR,ERR,ERR,ERR,ERR,ERR,ERR,ERR,ERR,ERR,ERR,ERR,ERR,ERR,ERR,ERR,ERR,ERR,ERR,ERR,ERR,ERR,ERR,ERR,ERR,ERR,ERR,ERR,ERR,ERR,ERR,ERR,ERR,ERR,ERR,ERR,ERR,ERR,ERR,ERR,ERR,ERR,ERR,ERR,ERR,-107615880.0,-0.0,2.7184069624379994e+23,0.0,-0.0,-0.0,0.0,3766691561472.0,4300,0,8,17169,4300,0.0,41,0.0,0.0,0.0,0.0,-0.0,0,0,0,0,0.0,0,0,0,0,0,0,0,0,0,0,0,0,0,0,0,0,0,0,0,0,0,0,0,0,0,0,0,0,0,0,0,0,0,13,36,36,48,65476,419,65476,1,0,4,21553,0.0,0.0,0.0,0.0,0.0,0.0,0.0,0.0,0.0,0.0,0.0,0.0,0.0,0.0,0.0,0.0,0.0,0.0,0.0,0.0,0.0,2.004,0.0,-0.0,-2.004,-0.0,0.0,0.0,0.0,0.0,6384.0,-1.5879374755846268e+29,0.0,-107615880.0,-0.0,0.0,-2.7184509175703625e+23,0.0,0.0,2.004,2.004,224,126840537088.0,-3.222023058662249e+26,0.0,0.0,0.0,0.0,0.0,0.0,0.0,0,0,0,1.1634860668090224e+35,-0.0,0.0,-0.0,0.0,0.0,-0.0,0.0,-0.0,-2.0975913517179655e+34,-23366738.0,7.45214236739135e+19,0.0,0.03,0.0,4.735733160791245e+16,0,1.3516416376850534e+27,224,0.0,448,0.0,-0.0,2114,52429,17109,52429,17111,0,17096,0,0,0,101,100,100,0.0,66.1,0.0,66.5,0.0,66.5,1,49,50,180,52429,52429,0,0,0.0,0.0,0.0,60.0,0.0,71.0,0.0,0.0,0.0,1069,0,1069,0,0,0,1069,0,1079,0,1000,0,665,0,667,0,661,0,677,0.032,1.4536034330083127e+22,2.004,2.73023467606737e+23,33680,16813,0.0,0.0,-0.0,90061987840.0,-2.687143838515922e+24,6.083321807850538e+27,50.0,60.0,35,0.0,0.0,10.0,2.0,0.0,0.0,0.0,0.0,0.0,0.0,0.0,0.0,0.0,0.0,0.0,0.0,58.8,56,10,65507,27,65476,0,300,0,0,8,20529,65476,0,0,30147,60.0,0.0,10.0,10.0,2.0,0.0
2026-02-16T12:48:50,ERR,ERR,ERR,ERR,ERR,ERR,ERR,ERR,ERR,ERR,ERR,ERR,ERR,ERR,ERR,ERR,ERR,ERR,ERR,ERR,ERR,ERR,ERR,ERR,ERR,ERR,ERR,ERR,ERR,ERR,ERR,ERR,ERR,ERR,ERR,ERR,ERR,ERR,ERR,ERR,ERR,ERR,ERR,ERR,ERR,ERR,ERR,ERR,ERR,ERR,ERR,ERR,ERR,ERR,ERR,ERR,ERR,ERR,ERR,ERR,ERR,ERR,ERR,ERR,ERR,ERR,ERR,ERR,ERR,ERR,ERR,ERR,ERR,ERR,ERR,ERR,ERR,ERR,ERR,ERR,ERR,ERR,ERR,ERR,ERR,ERR,ERR,ERR,ERR,ERR,ERR,ERR,ERR,ERR,ERR,ERR,ERR,ERR,ERR,ERR,ERR,ERR,ERR,ERR,ERR,ERR,ERR,ERR,ERR,ERR,ERR,ERR,ERR,ERR,ERR,ERR,ERR,ERR,ERR,ERR,ERR,ERR,ERR,ERR,ERR,-107615880.0,-0.0,2.7184069624379994e+23,0.0,-0.0,-0.0,0.0,3766691561472.0,4300,0,8,17169,4300,0.0,41,0.0,0.0,0.0,0.0,-0.0,0,0,0,0,0.0,0,0,0,0,0,0,0,0,0,0,0,0,0,0,0,0,0,0,0,0,0,0,0,0,0,0,0,0,0,0,0,0,0,13,36,36,48,65476,419,65476,1,0,4,21553,0.0,0.0,0.0,0.0,0.0,0.0,0.0,0.0,0.0,0.0,0.0,0.0,0.0,0.0,0.0,0.0,0.0,0.0,0.0,0.0,0.0,2.004,0.0,-0.0,-2.004,-0.0,0.0,0.0,0.0,0.0,6384.0,-1.5879374755846268e+29,0.0,-107615880.0,-0.0,0.0,-2.7184509175703625e+23,0.0,0.0,2.004,2.004,224,126840537088.0,-3.222023058662249e+26,0.0,0.0,0.0,0.0,0.0,0.0,0.0,0,0,0,1.1634860668090224e+35,-0.0,0.0,-0.0,0.0,0.0,-0.0,0.0,-0.0,-2.0975913517179655e+34,-23366738.0,7.45214236739135e+19,0.0,0.03,0.0,4.735733160791245e+16,0,1.3516416376850534e+27,224,0.0,448,0.0,-0.0,2114,52429,17109,52429,17111,0,17096,0,0,0,101,100,100,0.0,66.1,0.0,66.5,0.0,66.5,1,49,50,180,52429,52429,0,0,0.0,0.0,0.0,60.0,0.0,71.0,0.0,0.0,0.0,1069,0,1069,0,0,0,1069,0,1079,0,1000,0,665,0,667,0,661,0,677,0.032,1.4536034330083127e+22,2.004,2.73023467606737e+23,33680,16813,0.0,0.0,-0.0,90061987840.0,-2.687143838515922e+24,6.083321807850538e+27,50.0,60.0,35,0.0,0.0,10.0,2.0,0.0,0.0,0.0,0.0,0.0,0.0,0.0,0.0,0.0,0.0,0.0,0.0,58.8,56,10,65507,27,65476,0,300,0,0,8,20529,65476,0,0,30147,60.0,0.0,10.0,10.0,2.0,0.0
2026-02-16T12:48:51,ERR,ERR,ERR,ERR,ERR,ERR,ERR,ERR,ERR,ERR,ERR,ERR,ERR,ERR,ERR,ERR,ERR,ERR,ERR,ERR,ERR,ERR,ERR,ERR,ERR,ERR,ERR,ERR,ERR,ERR,ERR,ERR,ERR,ERR,ERR,ERR,ERR,ERR,ERR,ERR,ERR,ERR,ERR,ERR,ERR,ERR,ERR,ERR,ERR,ERR,ERR,ERR,ERR,ERR,ERR,ERR,ERR,ERR,ERR,ERR,ERR,ERR,ERR,ERR,ERR,ERR,ERR,ERR,ERR,ERR,ERR,ERR,ERR,ERR,ERR,ERR,ERR,ERR,ERR,ERR,ERR,ERR,ERR,ERR,ERR,ERR,ERR,ERR,ERR,ERR,ERR,ERR,ERR,ERR,ERR,ERR,ERR,ERR,ERR,ERR,ERR,ERR,ERR,ERR,ERR,ERR,ERR,ERR,ERR,ERR,ERR,ERR,ERR,ERR,ERR,ERR,ERR,ERR,ERR,ERR,ERR,ERR,ERR,ERR,ERR,-107615880.0,-0.0,2.7184069624379994e+23,0.0,-0.0,-0.0,0.0,3766691561472.0,4300,0,8,17169,4300,0.0,41,0.0,0.0,0.0,0.0,-0.0,0,0,0,0,0.0,0,0,0,0,0,0,0,0,0,0,0,0,0,0,0,0,0,0,0,0,0,0,0,0,0,0,0,0,0,0,0,0,0,13,36,36,48,65476,419,65476,1,0,4,21553,0.0,0.0,0.0,0.0,0.0,0.0,0.0,0.0,0.0,0.0,0.0,0.0,0.0,0.0,0.0,0.0,0.0,0.0,0.0,0.0,0.0,2.004,0.0,-0.0,-2.004,-0.0,0.0,0.0,0.0,0.0,6384.0,-1.5879374755846268e+29,0.0,-107615880.0,-0.0,0.0,-2.7184509175703625e+23,0.0,0.0,2.004,2.004,224,126840537088.0,-3.222023058662249e+26,0.0,0.0,0.0,0.0,0.0,0.0,0.0,0,0,0,1.1634860668090224e+35,-0.0,0.0,-0.0,0.0,0.0,-0.0,0.0,-0.0,-2.0975913517179655e+34,-23366738.0,7.45214236739135e+19,0.0,0.03,0.0,4.735733160791245e+16,0,1.3516416376850534e+27,224,0.0,448,0.0,-0.0,2114,52429,17109,52429,17111,0,17096,0,0,0,101,100,100,0.0,66.1,0.0,66.5,0.0,66.5,1,49,50,180,52429,52429,0,0,0.0,0.0,0.0,60.0,0.0,71.0,0.0,0.0,0.0,1069,0,1069,0,0,0,1069,0,1080,0,1000,0,665,0,667,0,661,0,677,0.032,1.4609821306377965e+22,2.004,2.73023467606737e+23,54928,16813,0.0,-0.0,4.9171781515188555e+23,-0.0,-7708875.5,374384111910912.0,50.0,60.0,35,0.0,0.0,10.0,2.0,0.0,0.0,0.0,0.0,0.0,0.0,0.0,0.0,0.0,0.0,0.0,0.0,59.2,56,10,65507,27,65476,0,300,0,0,8,20529,65476,0,0,30147,60.0,0.0,10.0,10.0,2.0,0.0
2026-02-16T12:48:52,ERR,ERR,ERR,ERR,ERR,ERR,ERR,ERR,ERR,ERR,ERR,ERR,ERR,ERR,ERR,ERR,ERR,ERR,ERR,ERR,ERR,ERR,ERR,ERR,ERR,ERR,ERR,ERR,ERR,ERR,ERR,ERR,ERR,ERR,ERR,ERR,ERR,ERR,ERR,ERR,ERR,ERR,ERR,ERR,ERR,ERR,ERR,ERR,ERR,ERR,ERR,ERR,ERR,ERR,ERR,ERR,ERR,ERR,ERR,ERR,ERR,ERR,ERR,ERR,ERR,ERR,ERR,ERR,ERR,ERR,ERR,ERR,ERR,ERR,ERR,ERR,ERR,ERR,ERR,ERR,ERR,ERR,ERR,ERR,ERR,ERR,ERR,ERR,ERR,ERR,ERR,ERR,ERR,ERR,ERR,ERR,ERR,ERR,ERR,ERR,ERR,ERR,ERR,ERR,ERR,ERR,ERR,ERR,ERR,ERR,ERR,ERR,ERR,ERR,ERR,ERR,ERR,ERR,ERR,ERR,ERR,ERR,ERR,ERR,ERR,0.0,2.7184527190102135e+23,-0.0,0.0,-0.031,-1.937354354478646e+26,5.734051332647665e+28,0.058,4300,0,8,17169,4300,0.0,41,0.0,0.0,0.0,0.0,-0.0,0,0,0,0,0.0,0,0,0,0,0,0,0,0,0,0,0,0,0,0,0,0,0,0,0,0,0,0,0,0,0,0,0,0,0,0,0,0,0,13,36,36,48,65476,418,65476,1,0,4,21553,0.0,0.0,0.0,0.0,0.0,0.0,0.0,0.0,0.0,0.0,0.0,0.0,0.0,0.0,0.0,0.0,0.0,0.0,0.0,0.0,0.0,2.004,2.004,-0.0,-2.004,-0.0,0.0,0.0,0.0,0.0,6415.0,1.040670827793145e+34,0.0,-107615880.0,2.7184527190102135e+23,0.0,0.0,-0.0,0.0,2.004,2.004,225,89220.562,107615232.0,0.0,0.0,0.0,0.0,0.0,0.0,0.0,0,0,0,1.7803054162629494e+26,-120451.781,0.0,0.0,0.0,-1.5886017236541072e+27,-0.0,-6.723649503487433e+19,1.4678962009009237e+25,-2.2923024839130215e+34,-24939602.0,8.201541345385801e+19,0.0,0.033,0.0,-0.0,0,1.3516416376850534e+27,225,0.0,450,-0.0,0.0,2114,52429,17109,52429,17111,0,17096,0,0,0,101,100,100,0.0,66.1,0.0,66.5,0.0,66.5,1,49,50,180,52429,52429,0,0,0.0,0.0,0.0,60.0,0.0,71.0,0.0,0.0,0.0,1069,0,1069,0,0,0,1069,0,1080,0,1000,0,665,0,667,0,661,0,677,0.032,1.4609821306377965e+22,2.004,2.73023467606737e+23,54928,16813,0.0,-0.0,4.9171781515188555e+23,-0.0,-7708875.5,374384111910912.0,50.0,60.0,35,0.0,0.0,10.0,2.0,0.0,0.0,0.0,0.0,0.0,0.0,0.0,0.0,0.0,0.0,0.0,0.0,59.2,56,10,65507,27,65476,0,300,0,0,8,20529,65476,0,0,30147,60.0,0.0,10.0,10.0,2.0,0.0
2026-02-16T12:48:53,ERR,ERR,ERR,ERR,ERR,ERR,ERR,ERR,ERR,ERR,ERR,ERR,ERR,ERR,ERR,ERR,ERR,ERR,ERR,ERR,ERR,ERR,ERR,ERR,ERR,ERR,ERR,ERR,ERR,ERR,ERR,ERR,ERR,ERR,ERR,ERR,ERR,ERR,ERR,ERR,ERR,ERR,ERR,ERR,ERR,ERR,ERR,ERR,ERR,ERR,ERR,ERR,ERR,ERR,ERR,ERR,ERR,ERR,ERR,ERR,ERR,ERR,ERR,ERR,ERR,ERR,ERR,ERR,ERR,ERR,ERR,ERR,ERR,ERR,ERR,ERR,ERR,ERR,ERR,ERR,ERR,ERR,ERR,ERR,ERR,ERR,ERR,ERR,ERR,ERR,ERR,ERR,ERR,ERR,ERR,ERR,ERR,ERR,ERR,ERR,ERR,ERR,ERR,ERR,ERR,ERR,ERR,ERR,ERR,ERR,ERR,ERR,ERR,ERR,ERR,ERR,ERR,ERR,ERR,ERR,ERR,ERR,ERR,ERR,ERR,0.0,2.7184527190102135e+23,-0.0,0.0,-0.031,-1.937354354478646e+26,5.734051332647665e+28,0.058,4300,0,8,17169,4300,0.0,41,0.0,0.0,0.0,0.0,-0.0,0,0,0,0,0.0,0,0,0,0,0,0,0,0,0,0,0,0,0,0,0,0,0,0,0,0,0,0,0,0,0,0,0,0,0,0,0,0,0,13,36,36,48,65476,418,65476,1,0,4,21553,0.0,0.0,0.0,0.0,0.0,0.0,0.0,0.0,0.0,0.0,0.0,0.0,0.0,0.0,0.0,0.0,0.0,0.0,0.0,0.0,0.0,2.004,2.004,-0.0,-2.004,-0.0,0.0,0.0,0.0,0.0,6415.0,1.040670827793145e+34,0.0,-107615880.0,2.7184527190102135e+23,0.0,0.0,-0.0,0.0,2.004,2.004,225,89220.562,107615232.0,0.0,0.0,0.0,0.0,0.0,0.0,0.0,0,0,0,1.7803054162629494e+26,-120451.781,0.0,0.0,0.0,-1.5886017236541072e+27,-0.0,-6.723649503487433e+19,1.4678962009009237e+25,-2.2923024839130215e+34,-24939602.0,8.201541345385801e+19,0.0,0.033,0.0,-0.0,0,1.3516416376850534e+27,225,0.0,450,-0.0,0.0,2114,52429,17109,52429,17111,0,17096,0,0,0,101,100,100,0.0,66.1,0.0,66.5,0.0,66.5,1,49,50,180,52429,52429,0,0,0.0,0.0,0.0,60.0,0.0,71.0,0.0,0.0,0.0,1069,0,1069,0,0,0,1069,0,1080,0,1000,0,665,0,667,0,661,0,677,0.032,1.4609821306377965e+22,2.004,2.73023467606737e+23,54928,16813,0.0,-0.0,4.9171781515188555e+23,-0.0,-7708875.5,374384111910912.0,50.0,60.0,35,0.0,0.0,10.0,2.0,0.0,0.0,0.0,0.0,0.0,0.0,0.0,0.0,0.0,0.0,0.0,0.0,59.2,56,10,65507,27,65476,0,300,0,0,8,20529,65476,0,0,30147,60.0,0.0,10.0,10.0,2.0,0.0
2026-02-16T12:48:54,ERR,ERR,ERR,ERR,ERR,ERR,ERR,ERR,ERR,ERR,ERR,ERR,ERR,ERR,ERR,ERR,ERR,ERR,ERR,ERR,ERR,ERR,ERR,ERR,ERR,ERR,ERR,ERR,ERR,ERR,ERR,ERR,ERR,ERR,ERR,ERR,ERR,ERR,ERR,ERR,ERR,ERR,ERR,ERR,ERR,ERR,ERR,ERR,ERR,ERR,ERR,ERR,ERR,ERR,ERR,ERR,ERR,ERR,ERR,ERR,ERR,ERR,ERR,ERR,ERR,ERR,ERR,ERR,ERR,ERR,ERR,ERR,ERR,ERR,ERR,ERR,ERR,ERR,ERR,ERR,ERR,ERR,ERR,ERR,ERR,ERR,ERR,ERR,ERR,ERR,ERR,ERR,ERR,ERR,ERR,ERR,ERR,ERR,ERR,ERR,ERR,ERR,ERR,ERR,ERR,ERR,ERR,ERR,ERR,ERR,ERR,ERR,ERR,ERR,ERR,ERR,ERR,ERR,ERR,ERR,ERR,ERR,ERR,ERR,ERR,0.0,2.7184527190102135e+23,-0.0,0.0,-0.031,-1.937354354478646e+26,5.734051332647665e+28,0.058,4300,0,8,17169,4300,0.0,41,0.0,0.0,0.0,0.0,-0.0,0,0,0,0,0.0,0,0,0,0,0,0,0,0,0,0,0,0,0,0,0,0,0,0,0,0,0,0,0,0,0,0,0,0,0,0,0,0,0,13,36,36,48,65476,418,65476,1,0,4,21553,0.0,0.0,0.0,0.0,0.0,0.0,0.0,0.0,0.0,0.0,0.0,0.0,0.0,0.0,0.0,0.0,0.0,0.0,0.0,0.0,0.0,2.004,2.004,-0.0,-2.004,-0.0,0.0,0.0,0.0,0.0,6415.0,1.040670827793145e+34,0.0,-107615880.0,2.7184527190102135e+23,0.0,0.0,-0.0,0.0,2.004,2.004,225,89220.562,107615232.0,0.0,0.0,0.0,0.0,0.0,0.0,0.0,0,0,0,1.7803054162629494e+26,-120451.781,0.0,0.0,0.0,-1.5886017236541072e+27,-0.0,-6.723649503487433e+19,1.4678962009009237e+25,-2.2923024839130215e+34,-24939602.0,8.201541345385801e+19,0.0,0.033,0.0,-0.0,0,1.3516416376850534e+27,225,0.0,450,-0.0,0.0,2114,52429,17109,52429,17111,0,17096,0,0,0,101,100,100,0.0,66.2,2.7302343157793998e+23,66.5,0.0,66.5,1,49,50,180,39322,52429,0,0,0.0,0.0,0.0,60.0,308.52,71.0,0.0,1.6366091690926985e+30,0.0,1069,0,1069,0,0,0,1069,0,1080,0,1000,0,665,0,667,0,661,0,678,0.032,1.4609821306377965e+22,-0.0,-0.0,54928,16813,308.52,1.6366091690926985e+30,6.975530756097165e+26,-0.0,-550856228864.0,1.7406429052461384e+18,50.0,60.0,35,0.0,0.0,10.0,2.0,0.0,0.0,0.0,0.0,0.0,0.0,0.0,0.0,0.0,0.0,0.0,0.0,59.2,56,10,65507,27,65476,0,300,0,0,8,20529,65476,0,0,30147,60.0,0.0,10.0,10.0,2.0,0.0
2026-02-16T12:48:55,ERR,ERR,ERR,ERR,ERR,ERR,ERR,ERR,ERR,ERR,ERR,ERR,ERR,ERR,ERR,ERR,ERR,ERR,ERR,ERR,ERR,ERR,ERR,ERR,ERR,ERR,ERR,ERR,ERR,ERR,ERR,ERR,ERR,ERR,ERR,ERR,ERR,ERR,ERR,ERR,ERR,ERR,ERR,ERR,ERR,ERR,ERR,ERR,ERR,ERR,ERR,ERR,ERR,ERR,ERR,ERR,ERR,ERR,ERR,ERR,ERR,ERR,ERR,ERR,ERR,ERR,ERR,ERR,ERR,ERR,ERR,ERR,ERR,ERR,ERR,ERR,ERR,ERR,ERR,ERR,ERR,ERR,ERR,ERR,ERR,ERR,ERR,ERR,ERR,ERR,ERR,ERR,ERR,ERR,ERR,ERR,ERR,ERR,ERR,ERR,ERR,ERR,ERR,ERR,ERR,ERR,ERR,ERR,ERR,ERR,ERR,ERR,ERR,ERR,ERR,ERR,ERR,ERR,ERR,ERR,ERR,ERR,ERR,ERR,ERR,0.0,2.7184527190102135e+23,-0.0,0.0,-0.031,-1.937354354478646e+26,5.734051332647665e+28,0.058,4300,0,8,17169,4300,0.0,41,0.0,0.0,0.0,0.0,-0.0,0,0,0,0,0.0,0,0,0,0,0,0,0,0,0,0,0,0,0,0,0,0,0,0,0,0,0,0,0,0,0,0,0,0,0,0,0,0,0,13,36,36,48,65476,418,65476,1,0,4,21553,0.0,0.0,0.0,0.0,0.0,0.0,0.0,0.0,0.0,0.0,0.0,0.0,0.0,0.0,0.0,0.0,0.0,0.0,0.0,0.0,0.0,2.004,2.004,-0.0,-2.004,-0.0,0.0,0.0,0.0,0.0,6415.0,1.040670827793145e+34,0.0,-107615880.0,2.7184527190102135e+23,0.0,0.0,-0.0,0.0,2.004,2.004,225,89220.562,107615232.0,0.0,0.0,0.0,0.0,0.0,0.0,0.0,0,0,0,1.7803054162629494e+26,-120451.781,0.0,0.0,0.0,-1.5886017236541072e+27,-0.0,-6.723649503487433e+19,1.4678962009009237e+25,-2.2923024839130215e+34,-24939602.0,8.201541345385801e+19,0.0,0.033,0.0,-0.0,0,1.3516416376850534e+27,225,0.0,450,-0.0,0.0,2114,52429,17109,52429,17111,0,17096,0,0,0,101,100,100,0.0,66.2,2.7302343157793998e+23,66.5,0.0,66.5,1,49,50,180,39322,52429,0,0,0.0,0.0,0.0,60.0,308.52,71.0,0.0,1.6366091690926985e+30,0.0,1069,0,1069,0,0,0,1069,0,1080,0,1000,0,665,0,667,0,661,0,678,0.032,1.4609821306377965e+22,-0.0,-0.0,54928,16813,308.52,1.6366091690926985e+30,6.975530756097165e+26,-0.0,-550856228864.0,1.7406429052461384e+18,50.0,60.0,35,0.0,0.0,10.0,2.0,0.0,0.0,0.0,0.0,0.0,0.0,0.0,0.0,0.0,0.0,0.0,0.0,58.8,55,10,65507,27,65476,0,300,0,0,8,20529,65476,0,0,30147,60.0,0.0,10.0,10.0,2.0,0.0
2026-02-16T12:48:56,ERR,ERR,ERR,ERR,ERR,ERR,ERR,ERR,ERR,ERR,ERR,ERR,ERR,ERR,ERR,ERR,ERR,ERR,ERR,ERR,ERR,ERR,ERR,ERR,ERR,ERR,ERR,ERR,ERR,ERR,ERR,ERR,ERR,ERR,ERR,ERR,ERR,ERR,ERR,ERR,ERR,ERR,ERR,ERR,ERR,ERR,ERR,ERR,ERR,ERR,ERR,ERR,ERR,ERR,ERR,ERR,ERR,ERR,ERR,ERR,ERR,ERR,ERR,ERR,ERR,ERR,ERR,ERR,ERR,ERR,ERR,ERR,ERR,ERR,ERR,ERR,ERR,ERR,ERR,ERR,ERR,ERR,ERR,ERR,ERR,ERR,ERR,ERR,ERR,ERR,ERR,ERR,ERR,ERR,ERR,ERR,ERR,ERR,ERR,ERR,ERR,ERR,ERR,ERR,ERR,ERR,ERR,ERR,ERR,ERR,ERR,ERR,ERR,ERR,ERR,ERR,ERR,ERR,ERR,ERR,ERR,ERR,ERR,ERR,ERR,0.0,2.7184527190102135e+23,-0.0,0.0,-0.031,0.0,-2.4673751518753445e+25,-7.487070061863881e+31,4300,0,8,17169,4300,0.0,41,0.0,0.0,0.0,0.0,-0.0,0,0,0,0,0.0,0,0,0,0,0,0,0,0,0,0,0,0,0,0,0,0,0,0,0,0,0,0,0,0,0,0,0,0,0,0,0,0,0,12,37,36,48,65476,420,65476,1,0,4,21553,0.0,0.0,0.0,0.0,0.0,0.0,0.0,0.0,0.0,0.0,0.0,0.0,0.0,0.0,0.0,0.0,0.0,0.0,0.0,0.0,0.0,2.004,2.004,-0.0,-2.004,-3.697076622266571e+19,0.0,0.0,0.0,0.0,6446.0,0.0,0.0,-107615880.0,2.7184527190102135e+23,0.0,0.0,-0.0,0.0,2.004,2.004,225,1.9056859227671757e+17,-107615232.0,0.0,0.0,0.0,0.0,0.0,0.0,0.0,0,0,0,5.81145442609347e+33,-1.2985205056146191e+20,0.0,-4.38156159005438e+31,0.0,-0.0,0.0,-0.0,1273667911680.0,-2.4870136161080775e+34,-26643538.0,8.950940323380252e+19,0.0,0.035,0.0,16.531,0,1.3516416376850534e+27,225,0.0,450,0.0,-1.4035696821479504e+35,2114,52429,17109,52429,17111,0,17096,0,0,0,101,100,100,0.0,66.2,2.7302343157793998e+23,66.5,0.0,66.5,1,49,50,180,39322,52429,0,0,0.0,0.0,0.0,60.0,308.52,71.0,0.0,1.6366091690926985e+30,0.0,1069,0,1069,0,0,0,1069,0,1080,0,1000,0,665,0,667,0,661,0,678,0.032,1.4609821306377965e+22,-0.0,-0.0,54928,16813,308.52,1.6366091690926985e+30,6.975530756097165e+26,-0.0,-550856228864.0,1.7406429052461384e+18,50.0,60.0,35,0.0,0.0,10.0,2.0,0.0,0.0,0.0,0.0,0.0,0.0,0.0,0.0,0.0,0.0,0.0,0.0,59.2,55,10,65507,27,65476,0,300,0,0,8,20529,65476,0,0,30147,60.0,0.0,10.0,10.0,2.0,0.0
2026-02-16T12:48:57,ERR,ERR,ERR,ERR,ERR,ERR,ERR,ERR,ERR,ERR,ERR,ERR,ERR,ERR,ERR,ERR,ERR,ERR,ERR,ERR,ERR,ERR,ERR,ERR,ERR,ERR,ERR,ERR,ERR,ERR,ERR,ERR,ERR,ERR,ERR,ERR,ERR,ERR,ERR,ERR,ERR,ERR,ERR,ERR,ERR,ERR,ERR,ERR,ERR,ERR,ERR,ERR,ERR,ERR,ERR,ERR,ERR,ERR,ERR,ERR,ERR,ERR,ERR,ERR,ERR,ERR,ERR,ERR,ERR,ERR,ERR,ERR,ERR,ERR,ERR,ERR,ERR,ERR,ERR,ERR,ERR,ERR,ERR,ERR,ERR,ERR,ERR,ERR,ERR,ERR,ERR,ERR,ERR,ERR,ERR,ERR,ERR,ERR,ERR,ERR,ERR,ERR,ERR,ERR,ERR,ERR,ERR,ERR,ERR,ERR,ERR,ERR,ERR,ERR,ERR,ERR,ERR,ERR,ERR,ERR,ERR,ERR,ERR,ERR,ERR,0.0,2.7184527190102135e+23,-0.0,0.0,-0.031,0.0,-2.4673751518753445e+25,-7.487070061863881e+31,4300,0,8,17169,4300,0.0,41,0.0,0.0,0.0,0.0,-0.0,0,0,0,0,0.0,0,0,0,0,0,0,0,0,0,0,0,0,0,0,0,0,0,0,0,0,0,0,0,0,0,0,0,0,0,0,0,0,0,12,37,36,48,65476,420,65476,1,0,4,21553,0.0,0.0,0.0,0.0,0.0,0.0,0.0,0.0,0.0,0.0,0.0,0.0,0.0,0.0,0.0,0.0,0.0,0.0,0.0,0.0,0.0,2.004,2.004,-0.0,-2.004,-3.697076622266571e+19,0.0,0.0,0.0,0.0,6446.0,0.0,0.0,-107615880.0,2.7184527190102135e+23,0.0,0.0,-0.0,0.0,2.004,2.004,225,1.9056859227671757e+17,-107615232.0,0.0,0.0,0.0,0.0,0.0,0.0,0.0,0,0,0,5.81145442609347e+33,-1.2985205056146191e+20,0.0,-4.38156159005438e+31,0.0,-0.0,0.0,-0.0,1273667911680.0,-2.4870136161080775e+34,-26643538.0,8.950940323380252e+19,0.0,0.035,0.0,16.531,0,1.3516416376850534e+27,225,0.0,450,0.0,-1.4035696821479504e+35,2114,52429,17109,52429,17111,0,17096,0,0,0,101,100,100,0.0,66.2,2.7302343157793998e+23,66.5,0.0,66.5,1,49,50,180,39322,52429,0,0,0.0,0.0,0.0,60.0,308.52,71.0,0.0,1.6366091690926985e+30,0.0,1069,0,1069,0,0,0,1069,0,1080,0,1000,0,665,0,667,0,661,0,678,0.032,1.4609821306377965e+22,-0.0,-0.0,54928,16813,308.52,1.6366091690926985e+30,6.975530756097165e+26,-0.0,-550856228864.0,1.7406429052461384e+18,50.0,60.0,35,0.0,0.0,10.0,2.0,0.0,0.0,0.0,0.0,0.0,0.0,0.0,0.0,0.0,0.0,0.0,0.0,59.2,55,10,65507,27,65476,0,300,0,0,8,20529,65476,0,0,30147,60.0,0.0,10.0,10.0,2.0,0.0
2026-02-16T12:48:58,ERR,ERR,ERR,ERR,ERR,ERR,ERR,ERR,ERR,ERR,ERR,ERR,ERR,ERR,ERR,ERR,ERR,ERR,ERR,ERR,ERR,ERR,ERR,ERR,ERR,ERR,ERR,ERR,ERR,ERR,ERR,ERR,ERR,ERR,ERR,ERR,ERR,ERR,ERR,ERR,ERR,ERR,ERR,ERR,ERR,ERR,ERR,ERR,ERR,ERR,ERR,ERR,ERR,ERR,ERR,ERR,ERR,ERR,ERR,ERR,ERR,ERR,ERR,ERR,ERR,ERR,ERR,ERR,ERR,ERR,ERR,ERR,ERR,ERR,ERR,ERR,ERR,ERR,ERR,ERR,ERR,ERR,ERR,ERR,ERR,ERR,ERR,ERR,ERR,ERR,ERR,ERR,ERR,ERR,ERR,ERR,ERR,ERR,ERR,ERR,ERR,ERR,ERR,ERR,ERR,ERR,ERR,ERR,ERR,ERR,ERR,ERR,ERR,ERR,ERR,ERR,ERR,ERR,ERR,ERR,ERR,ERR,ERR,ERR,ERR,0.0,2.7184527190102135e+23,-0.0,0.0,-0.031,0.0,-2.4673751518753445e+25,-7.487070061863881e+31,4300,0,8,17169,4300,0.0,41,0.0,0.0,0.0,0.0,-0.0,0,0,0,0,0.0,0,0,0,0,0,0,0,0,0,0,0,0,0,0,0,0,0,0,0,0,0,0,0,0,0,0,0,0,0,0,0,0,0,12,37,36,48,65476,420,65476,1,0,4,21553,0.0,0.0,0.0,0.0,0.0,0.0,0.0,0.0,0.0,0.0,0.0,0.0,0.0,0.0,0.0,0.0,0.0,0.0,0.0,0.0,0.0,2.004,2.004,-0.0,-2.004,-3.697076622266571e+19,0.0,0.0,0.0,0.0,6446.0,0.0,0.0,-107615880.0,2.7184527190102135e+23,0.0,0.0,-0.0,0.0,2.004,2.004,225,1.9056859227671757e+17,-107615232.0,0.0,0.0,0.0,0.0,0.0,0.0,0.0,0,0,0,5.81145442609347e+33,-1.2985205056146191e+20,0.0,-4.38156159005438e+31,0.0,-0.0,0.0,-0.0,1273667911680.0,-2.4870136161080775e+34,-26643538.0,8.950940323380252e+19,0.0,0.035,0.0,16.531,0,1.3516416376850534e+27,225,0.0,450,0.0,-1.4035696821479504e+35,2114,52429,17109,0,17112,0,17096,0,0,0,101,100,100,0.0,66.2,2.7302343157793998e+23,66.5,0.0,66.5,1,49,50,180,52429,52429,0,0,0.0,0.0,0.0,60.0,0.0,71.0,0.0,10704.339,0.0,1068,0,1069,0,0,0,1069,0,1080,0,1000,0,665,0,667,0,661,0,678,0.032,1.4462247353788288e+22,-0.0,-0.0,53904,16813,0.0,10704.339,0.0,0.0,-0.0,0.0,50.0,60.0,35,0.0,0.0,10.0,2.0,0.0,0.0,0.0,0.0,0.0,0.0,0.0,0.0,0.0,0.0,0.0,0.0,58.8,55,10,65507,27,65476,0,300,0,0,8,20529,65476,0,0,30147,60.0,0.0,10.0,10.0,2.0,0.0
2026-02-16T12:48:59,ERR,ERR,ERR,ERR,ERR,ERR,ERR,ERR,ERR,ERR,ERR,ERR,ERR,ERR,ERR,ERR,ERR,ERR,ERR,ERR,ERR,ERR,ERR,ERR,ERR,ERR,ERR,ERR,ERR,ERR,ERR,ERR,ERR,ERR,ERR,ERR,ERR,ERR,ERR,ERR,ERR,ERR,ERR,ERR,ERR,ERR,ERR,ERR,ERR,ERR,ERR,ERR,ERR,ERR,ERR,ERR,ERR,ERR,ERR,ERR,ERR,ERR,ERR,ERR,ERR,ERR,ERR,ERR,ERR,ERR,ERR,ERR,ERR,ERR,ERR,ERR,ERR,ERR,ERR,ERR,ERR,ERR,ERR,ERR,ERR,ERR,ERR,ERR,ERR,ERR,ERR,ERR,ERR,ERR,ERR,ERR,ERR,ERR,ERR,ERR,ERR,ERR,ERR,ERR,ERR,ERR,ERR,ERR,ERR,ERR,ERR,ERR,ERR,ERR,ERR,ERR,ERR,ERR,ERR,ERR,ERR,ERR,ERR,ERR,ERR,0.0,2.7184527190102135e+23,-0.0,0.0,-0.031,0.0,-2.4673751518753445e+25,-7.487070061863881e+31,4300,0,8,17169,4300,0.0,41,0.0,0.0,0.0,0.0,-0.0,0,0,0,0,0.0,0,0,0,0,0,0,0,0,0,0,0,0,0,0,0,0,0,0,0,0,0,0,0,0,0,0,0,0,0,0,0,0,0,12,37,36,48,65476,420,65476,1,0,4,21553,0.0,0.0,0.0,0.0,0.0,0.0,0.0,0.0,0.0,0.0,0.0,0.0,0.0,0.0,0.0,0.0,0.0,0.0,0.0,0.0,0.0,2.004,2.004,-0.0,-2.004,-3.697076622266571e+19,0.0,0.0,0.0,0.0,6446.0,0.0,0.0,-107615880.0,2.7184527190102135e+23,0.0,0.0,-0.0,0.0,2.004,2.004,225,1.9056859227671757e+17,-107615232.0,0.0,0.0,0.0,0.0,0.0,0.0,0.0,0,0,0,5.81145442609347e+33,-1.2985205056146191e+20,0.0,-4.38156159005438e+31,0.0,-0.0,0.0,-0.0,1273667911680.0,-2.4870136161080775e+34,-26643538.0,8.950940323380252e+19,0.0,0.035,0.0,16.531,0,1.3516416376850534e+27,225,0.0,450,0.0,-1.4035696821479504e+35,2114,52429,17109,0,17112,0,17096,0,0,0,101,100,100,0.0,66.2,2.7302343157793998e+23,66.5,0.0,66.5,1,49,50,180,52429,52429,0,0,0.0,0.0,0.0,60.0,0.0,71.0,0.0,10704.339,0.0,1068,0,1069,0,0,0,1069,0,1080,0,1000,0,665,0,667,0,661,0,678,0.032,1.4462247353788288e+22,-0.0,-0.0,53904,16813,0.0,10704.339,0.0,0.0,-0.0,0.0,50.0,60.0,35,0.0,0.0,10.0,2.0,0.0,0.0,0.0,0.0,0.0,0.0,0.0,0.0,0.0,0.0,0.0,0.0,58.8,55,10,65507,27,65476,0,300,0,0,8,20529,65476,0,0,30147,60.0,0.0,10.0,10.0,2.0,0.0
2026-02-16T12:49:00,ERR,ERR,ERR,ERR,ERR,ERR,ERR,ERR,ERR,ERR,ERR,ERR,ERR,ERR,ERR,ERR,ERR,ERR,ERR,ERR,ERR,ERR,ERR,ERR,ERR,ERR,ERR,ERR,ERR,ERR,ERR,ERR,ERR,ERR,ERR,ERR,ERR,ERR,ERR,ERR,ERR,ERR,ERR,ERR,ERR,ERR,ERR,ERR,ERR,ERR,ERR,ERR,ERR,ERR,ERR,ERR,ERR,ERR,ERR,ERR,ERR,ERR,ERR,ERR,ERR,ERR,ERR,ERR,ERR,ERR,ERR,ERR,ERR,ERR,ERR,ERR,ERR,ERR,ERR,ERR,ERR,ERR,ERR,ERR,ERR,ERR,ERR,ERR,ERR,ERR,ERR,ERR,ERR,ERR,ERR,ERR,ERR,ERR,ERR,ERR,ERR,ERR,ERR,ERR,ERR,ERR,ERR,ERR,ERR,ERR,ERR,ERR,ERR,ERR,ERR,ERR,ERR,ERR,ERR,ERR,ERR,ERR,ERR,ERR,ERR,0.0,2.7184527190102135e+23,-0.0,0.0,-0.031,0.0,-2.4673751518753445e+25,-7.487070061863881e+31,4300,0,8,17169,4300,0.0,41,0.0,0.0,0.0,0.0,-0.0,0,0,0,0,0.0,0,0,0,0,0,0,0,0,0,0,0,0,0,0,0,0,0,0,0,0,0,0,0,0,0,0,0,0,0,0,0,0,0,12,37,36,48,65476,420,65476,1,0,4,21553,0.0,0.0,0.0,0.0,0.0,0.0,0.0,0.0,0.0,0.0,0.0,0.0,0.0,0.0,0.0,0.0,0.0,0.0,0.0,0.0,0.0,2.004,2.004,-0.0,-2.004,-3.697076622266571e+19,0.0,0.0,0.0,0.0,6446.0,0.0,0.0,-107615880.0,2.7184527190102135e+23,0.0,0.0,-0.0,0.0,2.004,2.004,225,1.9056859227671757e+17,-107615232.0,0.0,0.0,0.0,0.0,0.0,0.0,0.0,0,0,0,5.81145442609347e+33,-1.2985205056146191e+20,0.0,-4.38156159005438e+31,0.0,-0.0,0.0,-0.0,1273667911680.0,-2.4870136161080775e+34,-26643538.0,8.950940323380252e+19,0.0,0.035,0.0,16.531,0,1.3516416376850534e+27,225,0.0,450,0.0,-1.4035696821479504e+35,2114,52429,17109,0,17112,0,17096,0,0,0,101,100,100,0.0,66.2,2.7302343157793998e+23,66.5,0.0,66.5,1,49,50,180,52429,52429,0,0,0.0,0.0,0.0,60.0,0.0,71.0,0.0,10704.339,0.0,1068,0,1069,0,0,0,1069,0,1080,0,1000,0,665,0,667,0,661,0,678,0.032,1.4462247353788288e+22,-0.0,-0.0,53904,16813,0.0,10704.339,0.0,0.0,-0.0,0.0,50.0,60.0,35,0.0,0.0,10.0,2.0,0.0,0.0,0.0,0.0,0.0,0.0,0.0,0.0,0.0,0.0,0.0,0.0,58.8,55,11,65507,27,65476,0,300,0,0,8,20529,65476,0,0,30147,60.0,0.0,10.0,10.0,2.0,0.0
2026-02-16T12:49:01,ERR,ERR,ERR,ERR,ERR,ERR,ERR,ERR,ERR,ERR,ERR,ERR,ERR,ERR,ERR,ERR,ERR,ERR,ERR,ERR,ERR,ERR,ERR,ERR,ERR,ERR,ERR,ERR,ERR,ERR,ERR,ERR,ERR,ERR,ERR,ERR,ERR,ERR,ERR,ERR,ERR,ERR,ERR,ERR,ERR,ERR,ERR,ERR,ERR,ERR,ERR,ERR,ERR,ERR,ERR,ERR,ERR,ERR,ERR,ERR,ERR,ERR,ERR,ERR,ERR,ERR,ERR,ERR,ERR,ERR,ERR,ERR,ERR,ERR,ERR,ERR,ERR,ERR,ERR,ERR,ERR,ERR,ERR,ERR,ERR,ERR,ERR,ERR,ERR,ERR,ERR,ERR,ERR,ERR,ERR,ERR,ERR,ERR,ERR,ERR,ERR,ERR,ERR,ERR,ERR,ERR,ERR,ERR,ERR,ERR,ERR,ERR,ERR,ERR,ERR,ERR,ERR,ERR,ERR,ERR,ERR,ERR,ERR,ERR,ERR,0.0,2.7184527190102135e+23,-0.0,0.0,-0.031,-768623872.0,-2.165143927555988e+25,4.148947341467976e+17,4300,0,8,17169,4300,0.0,41,0.0,0.0,0.0,0.0,-0.0,0,0,0,0,0.0,0,0,0,0,0,0,0,0,0,0,0,0,0,0,0,0,0,0,0,0,0,0,0,0,0,0,0,0,0,0,0,0,0,12,37,36,48,65476,420,65476,1,0,4,21553,0.0,0.0,0.0,0.0,0.0,0.0,0.0,0.0,0.0,0.0,0.0,0.0,0.0,0.0,0.0,0.0,0.0,0.0,0.0,0.0,0.0,2.004,2.004,-0.0,-3.697074423243316e+19,-3.697076622266571e+19,0.0,0.0,0.0,0.0,6444.0,-0.0,0.0,0.0,2.7184527190102135e+23,0.0,0.0,0.0,0.0,2.004,2.004,225,0.0,0.0,0.0,0.0,0.0,0.0,0.0,0.0,0.0,0,0,0,-0.0,-0.0,0.0,4.3641271271429243e+18,0.0,-3.4726095714868506e+29,0.0,-524573278208.0,7.1709238707764595e+31,-2.6817247483031336e+34,-28085330.0,9.527401075683675e+19,0.0,0.038,0.0,8719.811,0,1.3516416376850534e+27,225,0.0,452,-74360974999552.0,-1814070656.0,2114,52429,17109,52429,17111,0,17096,0,0,0,101,100,100,0.0,66.2,2.7302343157793998e+23,66.5,0.0,66.5,1,49,50,180,39322,52429,0,0,0.0,0.0,0.0,60.0,90.13,71.0,0.0,1.1451207549176896e+30,0.0,1069,0,1069,0,0,0,1069,0,1079,0,1000,0,665,0,667,0,661,0,679,0.032,1.4609821306377965e+22,-2.004,-107615288.0,144,16814,6758727.0,6463661.5,4.156295746012798e+20,-0.0,-365068.719,34806440132608.0,50.0,60.0,35,0.0,0.0,10.0,2.0,0.0,0.0,0.0,0.0,0.0,0.0,0.0,0.0,0.0,0.0,0.0,0.0,58.8,55,11,65507,27,65476,0,300,0,0,8,20529,65476,0,0,30147,60.0,0.0,10.0,10.0,2.0,0.0
2026-02-16T12:49:02,ERR,ERR,ERR,ERR,ERR,ERR,ERR,ERR,ERR,ERR,ERR,ERR,ERR,ERR,ERR,ERR,ERR,ERR,ERR,ERR,ERR,ERR,ERR,ERR,ERR,ERR,ERR,ERR,ERR,ERR,ERR,ERR,ERR,ERR,ERR,ERR,ERR,ERR,ERR,ERR,ERR,ERR,ERR,ERR,ERR,ERR,ERR,ERR,ERR,ERR,ERR,ERR,ERR,ERR,ERR,ERR,ERR,ERR,ERR,ERR,ERR,ERR,ERR,ERR,ERR,ERR,ERR,ERR,ERR,ERR,ERR,ERR,ERR,ERR,ERR,ERR,ERR,ERR,ERR,ERR,ERR,ERR,ERR,ERR,ERR,ERR,ERR,ERR,ERR,ERR,ERR,ERR,ERR,ERR,ERR,ERR,ERR,ERR,ERR,ERR,ERR,ERR,ERR,ERR,ERR,ERR,ERR,ERR,ERR,ERR,ERR,ERR,ERR,ERR,ERR,ERR,ERR,ERR,ERR,ERR,ERR,ERR,ERR,ERR,ERR,0.0,2.7184527190102135e+23,-0.0,0.0,-0.031,-768623872.0,-2.165143927555988e+25,4.148947341467976e+17,4300,0,8,17169,4300,0.0,41,0.0,0.0,0.0,0.0,-0.0,0,0,0,0,0.0,0,0,0,0,0,0,0,0,0,0,0,0,0,0,0,0,0,0,0,0,0,0,0,0,0,0,0,0,0,0,0,0,0,12,37,36,48,65476,420,65476,1,0,4,21553,0.0,0.0,0.0,0.0,0.0,0.0,0.0,0.0,0.0,0.0,0.0,0.0,0.0,0.0,0.0,0.0,0.0,0.0,0.0,0.0,0.0,2.004,2.004,-0.0,-3.697074423243316e+19,-3.697076622266571e+19,0.0,0.0,0.0,0.0,6444.0,-0.0,0.0,0.0,2.7184527190102135e+23,0.0,0.0,0.0,0.0,2.004,2.004,225,0.0,0.0,0.0,0.0,0.0,0.0,0.0,0.0,0.0,0,0,0,-0.0,-0.0,0.0,4.3641271271429243e+18,0.0,-3.4726095714868506e+29,0.0,-524573278208.0,7.1709238707764595e+31,-2.6817247483031336e+34,-28085330.0,9.527401075683675e+19,0.0,0.038,0.0,8719.811,0,1.3516416376850534e+27,225,0.0,452,-74360974999552.0,-1814070656.0,2114,52429,17109,52429,17111,0,17096,0,0,0,101,100,100,0.0,66.2,2.7302343157793998e+23,66.5,0.0,66.5,1,49,50,180,39322,52429,0,0,0.0,0.0,0.0,60.0,90.13,71.0,0.0,1.1451207549176896e+30,0.0,1069,0,1069,0,0,0,1069,0,1079,0,1000,0,665,0,667,0,661,0,679,0.032,1.4609821306377965e+22,-2.004,-107615288.0,144,16814,6758727.0,6463661.5,4.156295746012798e+20,-0.0,-365068.719,34806440132608.0,50.0,60.0,35,0.0,0.0,10.0,2.0,0.0,0.0,0.0,0.0,0.0,0.0,0.0,0.0,0.0,0.0,0.0,0.0,58.8,55,11,65507,27,65476,0,300,0,0,8,20529,65476,0,0,30147,60.0,0.0,10.0,10.0,2.0,0.0
2026-02-16T12:49:03,ERR,ERR,ERR,ERR,ERR,ERR,ERR,ERR,ERR,ERR,ERR,ERR,ERR,ERR,ERR,ERR,ERR,ERR,ERR,ERR,ERR,ERR,ERR,ERR,ERR,ERR,ERR,ERR,ERR,ERR,ERR,ERR,ERR,ERR,ERR,ERR,ERR,ERR,ERR,ERR,ERR,ERR,ERR,ERR,ERR,ERR,ERR,ERR,ERR,ERR,ERR,ERR,ERR,ERR,ERR,ERR,ERR,ERR,ERR,ERR,ERR,ERR,ERR,ERR,ERR,ERR,ERR,ERR,ERR,ERR,ERR,ERR,ERR,ERR,ERR,ERR,ERR,ERR,ERR,ERR,ERR,ERR,ERR,ERR,ERR,ERR,ERR,ERR,ERR,ERR,ERR,ERR,ERR,ERR,ERR,ERR,ERR,ERR,ERR,ERR,ERR,ERR,ERR,ERR,ERR,ERR,ERR,ERR,ERR,ERR,ERR,ERR,ERR,ERR,ERR,ERR,ERR,ERR,ERR,ERR,ERR,ERR,ERR,ERR,ERR,0.0,2.7184527190102135e+23,-0.0,0.0,-0.031,-768623872.0,-2.165143927555988e+25,4.148947341467976e+17,4300,0,8,17169,4300,0.0,41,0.0,0.0,0.0,0.0,-0.0,0,0,0,0,0.0,0,0,0,0,0,0,0,0,0,0,0,0,0,0,0,0,0,0,0,0,0,0,0,0,0,0,0,0,0,0,0,0,0,12,37,36,48,65476,420,65476,1,0,4,21553,0.0,0.0,0.0,0.0,0.0,0.0,0.0,0.0,0.0,0.0,0.0,0.0,0.0,0.0,0.0,0.0,0.0,0.0,0.0,0.0,0.0,2.004,2.004,-0.0,-3.697074423243316e+19,-3.697076622266571e+19,0.0,0.0,0.0,0.0,6444.0,-0.0,0.0,0.0,2.7184527190102135e+23,0.0,0.0,0.0,0.0,2.004,2.004,225,0.0,0.0,0.0,0.0,0.0,0.0,0.0,0.0,0.0,0,0,0,-0.0,-0.0,0.0,4.3641271271429243e+18,0.0,-3.4726095714868506e+29,0.0,-524573278208.0,7.1709238707764595e+31,-2.6817247483031336e+34,-28085330.0,9.527401075683675e+19,0.0,0.038,0.0,8719.811,0,1.3516416376850534e+27,225,0.0,452,-74360974999552.0,-1814070656.0,2114,52429,17109,52429,17111,0,17096,0,0,0,101,100,100,0.0,66.2,2.7302343157793998e+23,66.5,0.0,66.5,1,49,50,180,39322,52429,0,0,0.0,0.0,0.0,60.0,90.13,71.0,0.0,1.1451207549176896e+30,0.0,1069,0,1069,0,0,0,1069,0,1079,0,1000,0,665,0,667,0,661,0,679,0.032,1.4609821306377965e+22,-2.004,-107615288.0,144,16814,6758727.0,6463661.5,4.156295746012798e+20,-0.0,-365068.719,34806440132608.0,50.0,60.0,35,0.0,0.0,10.0,2.0,0.0,0.0,0.0,0.0,0.0,0.0,0.0,0.0,0.0,0.0,0.0,0.0,58.8,55,11,65507,27,65476,0,300,0,0,8,20529,65476,0,0,30147,60.0,0.0,10.0,10.0,2.0,0.0
2026-02-16T12:49:04,ERR,ERR,ERR,ERR,ERR,ERR,ERR,ERR,ERR,ERR,ERR,ERR,ERR,ERR,ERR,ERR,ERR,ERR,ERR,ERR,ERR,ERR,ERR,ERR,ERR,ERR,ERR,ERR,ERR,ERR,ERR,ERR,ERR,ERR,ERR,ERR,ERR,ERR,ERR,ERR,ERR,ERR,ERR,ERR,ERR,ERR,ERR,ERR,ERR,ERR,ERR,ERR,ERR,ERR,ERR,ERR,ERR,ERR,ERR,ERR,ERR,ERR,ERR,ERR,ERR,ERR,ERR,ERR,ERR,ERR,ERR,ERR,ERR,ERR,ERR,ERR,ERR,ERR,ERR,ERR,ERR,ERR,ERR,ERR,ERR,ERR,ERR,ERR,ERR,ERR,ERR,ERR,ERR,ERR,ERR,ERR,ERR,ERR,ERR,ERR,ERR,ERR,ERR,ERR,ERR,ERR,ERR,ERR,ERR,ERR,ERR,ERR,ERR,ERR,ERR,ERR,ERR,ERR,ERR,ERR,ERR,ERR,ERR,ERR,ERR,0.0,2.7184527190102135e+23,-0.0,0.0,-0.031,-768623872.0,-2.165143927555988e+25,4.148947341467976e+17,4300,0,8,17169,4300,0.0,41,0.0,0.0,0.0,0.0,-0.0,0,0,0,0,0.0,0,0,0,0,0,0,0,0,0,0,0,0,0,0,0,0,0,0,0,0,0,0,0,0,0,0,0,0,0,0,0,0,0,12,37,36,48,65476,420,65476,1,0,4,21553,0.0,0.0,0.0,0.0,0.0,0.0,0.0,0.0,0.0,0.0,0.0,0.0,0.0,0.0,0.0,0.0,0.0,0.0,0.0,0.0,0.0,2.004,2.004,-0.0,-3.697074423243316e+19,-3.697076622266571e+19,0.0,0.0,0.0,0.0,6444.0,-0.0,0.0,0.0,2.7184527190102135e+23,0.0,0.0,0.0,0.0,2.004,2.004,225,0.0,0.0,0.0,0.0,0.0,0.0,0.0,0.0,0.0,0,0,0,-0.0,-0.0,0.0,4.3641271271429243e+18,0.0,-3.4726095714868506e+29,0.0,-524573278208.0,7.1709238707764595e+31,-2.6817247483031336e+34,-28085330.0,9.527401075683675e+19,0.0,0.038,0.0,8719.811,0,1.3516416376850534e+27,225,0.0,452,-74360974999552.0,-1814070656.0,2114,52429,17109,0,17112,0,17096,0,0,0,101,100,100,0.0,66.2,2.7302343157793998e+23,66.5,0.0,66.5,1,49,50,180,39322,52429,0,0,0.0,0.0,0.0,60.0,569.04,71.0,0.0,7980231163904.0,0.0,1068,0,1069,0,0,0,1069,0,1080,0,1000,0,665,0,667,0,661,0,679,0.032,1.4609821306377965e+22,-2.004,-107615288.0,144,16814,569.04,7980231163904.0,237770043817984.0,-0.0,-0.007,59572272.0,50.0,60.0,35,0.0,0.0,10.0,2.0,0.0,0.0,0.0,0.0,0.0,0.0,0.0,0.0,0.0,0.0,0.0,0.0,58.8,55,11,65507,27,65476,0,300,0,0,8,20529,65476,0,0,30147,60.0,0.0,10.0,10.0,2.0,0.0
2026-02-16T12:49:05,ERR,ERR,ERR,ERR,ERR,ERR,ERR,ERR,ERR,ERR,ERR,ERR,ERR,ERR,ERR,ERR,ERR,ERR,ERR,ERR,ERR,ERR,ERR,ERR,ERR,ERR,ERR,ERR,ERR,ERR,ERR,ERR,ERR,ERR,ERR,ERR,ERR,ERR,ERR,ERR,ERR,ERR,ERR,ERR,ERR,ERR,ERR,ERR,ERR,ERR,ERR,ERR,ERR,ERR,ERR,ERR,ERR,ERR,ERR,ERR,ERR,ERR,ERR,ERR,ERR,ERR,ERR,ERR,ERR,ERR,ERR,ERR,ERR,ERR,ERR,ERR,ERR,ERR,ERR,ERR,ERR,ERR,ERR,ERR,ERR,ERR,ERR,ERR,ERR,ERR,ERR,ERR,ERR,ERR,ERR,ERR,ERR,ERR,ERR,ERR,ERR,ERR,ERR,ERR,ERR,ERR,ERR,ERR,ERR,ERR,ERR,ERR,ERR,ERR,ERR,ERR,ERR,ERR,ERR,ERR,ERR,ERR,ERR,ERR,ERR,0.0,2.7184527190102135e+23,-0.0,0.0,-0.031,-768623872.0,-2.165143927555988e+25,4.148947341467976e+17,4300,0,8,17169,4300,0.0,41,0.0,0.0,0.0,0.0,-0.0,0,0,0,0,0.0,0,0,0,0,0,0,0,0,0,0,0,0,0,0,0,0,0,0,0,0,0,0,0,0,0,0,0,0,0,0,0,0,0,12,37,36,48,65476,420,65476,1,0,4,21553,0.0,0.0,0.0,0.0,0.0,0.0,0.0,0.0,0.0,0.0,0.0,0.0,0.0,0.0,0.0,0.0,0.0,0.0,0.0,0.0,0.0,2.004,2.004,-0.0,-3.697074423243316e+19,-3.697076622266571e+19,0.0,0.0,0.0,0.0,6444.0,-0.0,0.0,0.0,2.7184527190102135e+23,0.0,0.0,0.0,0.0,2.004,2.004,225,0.0,0.0,0.0,0.0,0.0,0.0,0.0,0.0,0.0,0,0,0,-0.0,-0.0,0.0,4.3641271271429243e+18,0.0,-3.4726095714868506e+29,0.0,-524573278208.0,7.1709238707764595e+31,-2.6817247483031336e+34,-28085330.0,9.527401075683675e+19,0.0,0.038,0.0,8719.811,0,1.3516416376850534e+27,225,0.0,452,-74360974999552.0,-1814070656.0,2114,52429,17109,0,17112,0,17096,0,0,0,101,100,100,0.0,66.2,2.7302343157793998e+23,66.5,0.0,66.5,1,49,50,180,39322,52429,0,0,0.0,0.0,0.0,60.0,569.04,71.0,0.0,7980231163904.0,0.0,1068,0,1069,0,0,0,1069,0,1080,0,1000,0,665,0,667,0,661,0,679,0.032,1.4609821306377965e+22,-2.004,-107615288.0,144,16814,569.04,7980231163904.0,237770043817984.0,-0.0,-0.007,59572272.0,50.0,60.0,35,0.0,0.0,10.0,2.0,0.0,0.0,0.0,0.0,0.0,0.0,0.0,0.0,0.0,0.0,0.0,0.0,59.2,55,11,65507,27,65476,0,300,0,0,8,20529,65476,0,0,30147,60.0,0.0,10.0,10.0,2.0,0.0
2026-02-16T12:49:06,ERR,ERR,ERR,ERR,ERR,ERR,ERR,ERR,ERR,ERR,ERR,ERR,ERR,ERR,ERR,ERR,ERR,ERR,ERR,ERR,ERR,ERR,ERR,ERR,ERR,ERR,ERR,ERR,ERR,ERR,ERR,ERR,ERR,ERR,ERR,ERR,ERR,ERR,ERR,ERR,ERR,ERR,ERR,ERR,ERR,ERR,ERR,ERR,ERR,ERR,ERR,ERR,ERR,ERR,ERR,ERR,ERR,ERR,ERR,ERR,ERR,ERR,ERR,ERR,ERR,ERR,ERR,ERR,ERR,ERR,ERR,ERR,ERR,ERR,ERR,ERR,ERR,ERR,ERR,ERR,ERR,ERR,ERR,ERR,ERR,ERR,ERR,ERR,ERR,ERR,ERR,ERR,ERR,ERR,ERR,ERR,ERR,ERR,ERR,ERR,ERR,ERR,ERR,ERR,ERR,ERR,ERR,ERR,ERR,ERR,ERR,ERR,ERR,ERR,ERR,ERR,ERR,ERR,ERR,ERR,ERR,ERR,ERR,ERR,ERR,0.0,2.7184527190102135e+23,-0.0,0.0,-0.031,-4616.135,-4.623992285141402e+16,5.556167421480646e+22,4300,0,8,17169,4300,0.0,41,0.0,0.0,0.0,0.0,-0.0,0,0,0,0,0.0,0,0,0,0,0,0,0,0,0,0,0,0,0,0,0,0,0,0,0,0,0,0,0,0,0,0,0,0,0,0,0,0,0,12,37,37,48,65476,421,65476,1,0,4,21553,0.0,0.0,0.0,0.0,0.0,0.0,0.0,0.0,0.0,0.0,0.0,0.0,0.0,0.0,0.0,0.0,0.0,0.0,0.0,0.0,0.0,2.004,0.0,-0.0,0.0,-2.004,0.0,0.0,0.0,0.0,6476.0,-0.0,0.0,0.0,2.7184527190102135e+23,2.718450196994422e+23,0.0,0.0,0.0,2.004,2.004,225,0.0,-0.0,0.0,0.0,0.0,0.0,0.0,0.0,0.0,0,0,0,-0.0,122818352.0,0.0,-0.0,146.263,0.0,1.6794525700181113e+25,42956127993856.0,-2.989133386055386e+35,-2.892661808181111e+34,-29789266.0,1.0334446128908468e+20,0.0,0.041,0.0,0.0,0,1.3516416376850534e+27,225,0.0,450,-74360974999552.0,0.0,2114,52429,17109,0,17112,0,17096,0,0,0,101,100,100,0.0,66.2,2.7302343157793998e+23,66.5,0.0,66.5,1,49,50,180,39322,52429,0,0,0.0,0.0,0.0,60.0,569.04,71.0,0.0,7980231163904.0,0.0,1068,0,1069,0,0,0,1069,0,1080,0,1000,0,665,0,667,0,661,0,679,0.032,1.4609821306377965e+22,-2.004,-107615288.0,144,16814,569.04,7980231163904.0,237770043817984.0,-0.0,-0.007,59572272.0,50.0,60.0,35,0.0,0.0,10.0,2.0,0.0,0.0,0.0,0.0,0.0,0.0,0.0,0.0,0.0,0.0,0.0,0.0,58.8,55,11,65507,27,65476,0,300,0,0,8,20529,65476,0,0,30147,60.0,0.0,10.0,10.0,2.0,0.0
2026-02-16T12:49:07,ERR,ERR,ERR,ERR,ERR,ERR,ERR,ERR,ERR,ERR,ERR,ERR,ERR,ERR,ERR,ERR,ERR,ERR,ERR,ERR,ERR,ERR,ERR,ERR,ERR,ERR,ERR,ERR,ERR,ERR,ERR,ERR,ERR,ERR,ERR,ERR,ERR,ERR,ERR,ERR,ERR,ERR,ERR,ERR,ERR,ERR,ERR,ERR,ERR,ERR,ERR,ERR,ERR,ERR,ERR,ERR,ERR,ERR,ERR,ERR,ERR,ERR,ERR,ERR,ERR,ERR,ERR,ERR,ERR,ERR,ERR,ERR,ERR,ERR,ERR,ERR,ERR,ERR,ERR,ERR,ERR,ERR,ERR,ERR,ERR,ERR,ERR,ERR,ERR,ERR,ERR,ERR,ERR,ERR,ERR,ERR,ERR,ERR,ERR,ERR,ERR,ERR,ERR,ERR,ERR,ERR,ERR,ERR,ERR,ERR,ERR,ERR,ERR,ERR,ERR,ERR,ERR,ERR,ERR,ERR,ERR,ERR,ERR,ERR,ERR,0.0,2.7184527190102135e+23,-0.0,0.0,-0.031,-4616.135,-4.623992285141402e+16,5.556167421480646e+22,4300,0,8,17169,4300,0.0,41,0.0,0.0,0.0,0.0,-0.0,0,0,0,0,0.0,0,0,0,0,0,0,0,0,0,0,0,0,0,0,0,0,0,0,0,0,0,0,0,0,0,0,0,0,0,0,0,0,0,12,37,37,48,65476,421,65476,1,0,4,21553,0.0,0.0,0.0,0.0,0.0,0.0,0.0,0.0,0.0,0.0,0.0,0.0,0.0,0.0,0.0,0.0,0.0,0.0,0.0,0.0,0.0,2.004,0.0,-0.0,0.0,-2.004,0.0,0.0,0.0,0.0,6476.0,-0.0,0.0,0.0,2.7184527190102135e+23,2.718450196994422e+23,0.0,0.0,0.0,2.004,2.004,225,0.0,-0.0,0.0,0.0,0.0,0.0,0.0,0.0,0.0,0,0,0,-0.0,122818352.0,0.0,-0.0,146.263,0.0,1.6794525700181113e+25,42956127993856.0,-2.989133386055386e+35,-2.892661808181111e+34,-29789266.0,1.0334446128908468e+20,0.0,0.041,0.0,0.0,0,1.3516416376850534e+27,225,0.0,450,-74360974999552.0,0.0,2114,52429,17109,0,17112,0,17096,0,0,0,101,100,100,0.0,66.2,2.7302343157793998e+23,66.5,0.0,66.5,1,49,50,180,39322,52429,0,0,0.0,0.0,0.0,60.0,569.04,71.0,0.0,7980231163904.0,0.0,1068,0,1069,0,0,0,1069,0,1080,0,1000,0,665,0,667,0,661,0,679,0.032,1.4609821306377965e+22,-2.004,-107615288.0,144,16814,569.04,7980231163904.0,237770043817984.0,-0.0,-0.007,59572272.0,50.0,60.0,35,0.0,0.0,10.0,2.0,0.0,0.0,0.0,0.0,0.0,0.0,0.0,0.0,0.0,0.0,0.0,0.0,58.8,55,11,65507,27,65476,0,300,0,0,8,20529,65476,0,0,30147,60.0,0.0,10.0,10.0,2.0,0.0
2026-02-16T12:49:08,ERR,ERR,ERR,ERR,ERR,ERR,ERR,ERR,ERR,ERR,ERR,ERR,ERR,ERR,ERR,ERR,ERR,ERR,ERR,ERR,ERR,ERR,ERR,ERR,ERR,ERR,ERR,ERR,ERR,ERR,ERR,ERR,ERR,ERR,ERR,ERR,ERR,ERR,ERR,ERR,ERR,ERR,ERR,ERR,ERR,ERR,ERR,ERR,ERR,ERR,ERR,ERR,ERR,ERR,ERR,ERR,ERR,ERR,ERR,ERR,ERR,ERR,ERR,ERR,ERR,ERR,ERR,ERR,ERR,ERR,ERR,ERR,ERR,ERR,ERR,ERR,ERR,ERR,ERR,ERR,ERR,ERR,ERR,ERR,ERR,ERR,ERR,ERR,ERR,ERR,ERR,ERR,ERR,ERR,ERR,ERR,ERR,ERR,ERR,ERR,ERR,ERR,ERR,ERR,ERR,ERR,ERR,ERR,ERR,ERR,ERR,ERR,ERR,ERR,ERR,ERR,ERR,ERR,ERR,ERR,ERR,ERR,ERR,ERR,ERR,0.0,2.7184527190102135e+23,-0.0,0.0,-0.031,-4616.135,-4.623992285141402e+16,5.556167421480646e+22,4300,0,8,17169,4300,0.0,41,0.0,0.0,0.0,0.0,-0.0,0,0,0,0,0.0,0,0,0,0,0,0,0,0,0,0,0,0,0,0,0,0,0,0,0,0,0,0,0,0,0,0,0,0,0,0,0,0,0,12,37,37,48,65476,421,65476,1,0,4,21553,0.0,0.0,0.0,0.0,0.0,0.0,0.0,0.0,0.0,0.0,0.0,0.0,0.0,0.0,0.0,0.0,0.0,0.0,0.0,0.0,0.0,2.004,0.0,-0.0,0.0,-2.004,0.0,0.0,0.0,0.0,6476.0,-0.0,0.0,0.0,2.7184527190102135e+23,2.718450196994422e+23,0.0,0.0,0.0,2.004,2.004,225,0.0,-0.0,0.0,0.0,0.0,0.0,0.0,0.0,0.0,0,0,0,-0.0,122818352.0,0.0,-0.0,146.263,0.0,1.6794525700181113e+25,42956127993856.0,-2.989133386055386e+35,-2.892661808181111e+34,-29789266.0,1.0334446128908468e+20,0.0,0.041,0.0,0.0,0,1.3516416376850534e+27,225,0.0,450,-74360974999552.0,0.0,2114,52429,17109,52429,17111,0,17096,0,0,0,101,100,100,0.0,66.2,2.7302343157793998e+23,66.5,0.0,66.5,1,49,50,180,39322,52429,0,0,0.0,0.0,0.0,60.0,0.014,71.0,0.0,-8.075202801699841e+32,0.0,1068,0,1069,0,0,0,1069,0,1080,0,1000,0,665,0,667,0,661,0,679,0.032,1.4536034330083127e+22,0.0,0.0,51216,16813,25.782,-6.095078868494143e+33,-244580976.0,-0.0,0.829,-0.0,50.0,60.0,35,0.0,0.0,10.0,2.0,0.0,0.0,0.0,0.0,0.0,0.0,0.0,0.0,0.0,0.0,0.0,0.0,59.2,55,11,65508,27,65476,0,300,0,0,8,20529,65476,0,0,30147,60.0,0.0,10.0,10.0,2.0,0.0
2026-02-16T12:49:09,ERR,ERR,ERR,ERR,ERR,ERR,ERR,ERR,ERR,ERR,ERR,ERR,ERR,ERR,ERR,ERR,ERR,ERR,ERR,ERR,ERR,ERR,ERR,ERR,ERR,ERR,ERR,ERR,ERR,ERR,ERR,ERR,ERR,ERR,ERR,ERR,ERR,ERR,ERR,ERR,ERR,ERR,ERR,ERR,ERR,ERR,ERR,ERR,ERR,ERR,ERR,ERR,ERR,ERR,ERR,ERR,ERR,ERR,ERR,ERR,ERR,ERR,ERR,ERR,ERR,ERR,ERR,ERR,ERR,ERR,ERR,ERR,ERR,ERR,ERR,ERR,ERR,ERR,ERR,ERR,ERR,ERR,ERR,ERR,ERR,ERR,ERR,ERR,ERR,ERR,ERR,ERR,ERR,ERR,ERR,ERR,ERR,ERR,ERR,ERR,ERR,ERR,ERR,ERR,ERR,ERR,ERR,ERR,ERR,ERR,ERR,ERR,ERR,ERR,ERR,ERR,ERR,ERR,ERR,ERR,ERR,ERR,ERR,ERR,ERR,0.0,2.7184527190102135e+23,-0.0,0.0,-0.031,-4616.135,-4.623992285141402e+16,5.556167421480646e+22,4300,0,8,17169,4300,0.0,41,0.0,0.0,0.0,0.0,-0.0,0,0,0,0,0.0,0,0,0,0,0,0,0,0,0,0,0,0,0,0,0,0,0,0,0,0,0,0,0,0,0,0,0,0,0,0,0,0,0,12,37,37,48,65476,421,65476,1,0,4,21553,0.0,0.0,0.0,0.0,0.0,0.0,0.0,0.0,0.0,0.0,0.0,0.0,0.0,0.0,0.0,0.0,0.0,0.0,0.0,0.0,0.0,2.004,0.0,-0.0,0.0,-2.004,0.0,0.0,0.0,0.0,6476.0,-0.0,0.0,0.0,2.7184527190102135e+23,2.718450196994422e+23,0.0,0.0,0.0,2.004,2.004,225,0.0,-0.0,0.0,0.0,0.0,0.0,0.0,0.0,0.0,0,0,0,-0.0,122818352.0,0.0,-0.0,146.263,0.0,1.6794525700181113e+25,42956127993856.0,-2.989133386055386e+35,-2.892661808181111e+34,-29789266.0,1.0334446128908468e+20,0.0,0.041,0.0,0.0,0,1.3516416376850534e+27,225,0.0,450,-74360974999552.0,0.0,2114,52429,17109,52429,17111,0,17096,0,0,0,101,100,100,0.0,66.2,2.7302343157793998e+23,66.5,0.0,66.5,1,49,50,180,39322,52429,0,0,0.0,0.0,0.0,60.0,0.014,71.0,0.0,-8.075202801699841e+32,0.0,1068,0,1069,0,0,0,1069,0,1080,0,1000,0,665,0,667,0,661,0,679,0.032,1.4536034330083127e+22,0.0,0.0,51216,16813,25.782,-6.095078868494143e+33,-244580976.0,-0.0,0.829,-0.0,50.0,60.0,35,0.0,0.0,10.0,2.0,0.0,0.0,0.0,0.0,0.0,0.0,0.0,0.0,0.0,0.0,0.0,0.0,59.2,55,11,65508,27,65476,0,300,0,0,8,20529,65476,0,0,30147,60.0,0.0,10.0,10.0,2.0,0.0
2026-02-16T12:49:10,ERR,ERR,ERR,ERR,ERR,ERR,ERR,ERR,ERR,ERR,ERR,ERR,ERR,ERR,ERR,ERR,ERR,ERR,ERR,ERR,ERR,ERR,ERR,ERR,ERR,ERR,ERR,ERR,ERR,ERR,ERR,ERR,ERR,ERR,ERR,ERR,ERR,ERR,ERR,ERR,ERR,ERR,ERR,ERR,ERR,ERR,ERR,ERR,ERR,ERR,ERR,ERR,ERR,ERR,ERR,ERR,ERR,ERR,ERR,ERR,ERR,ERR,ERR,ERR,ERR,ERR,ERR,ERR,ERR,ERR,ERR,ERR,ERR,ERR,ERR,ERR,ERR,ERR,ERR,ERR,ERR,ERR,ERR,ERR,ERR,ERR,ERR,ERR,ERR,ERR,ERR,ERR,ERR,ERR,ERR,ERR,ERR,ERR,ERR,ERR,ERR,ERR,ERR,ERR,ERR,ERR,ERR,ERR,ERR,ERR,ERR,ERR,ERR,ERR,ERR,ERR,ERR,ERR,ERR,ERR,ERR,ERR,ERR,ERR,ERR,0.0,2.7184527190102135e+23,-0.0,0.0,-0.031,-4.164338994078122e+32,0.0,0.0,4300,0,8,17169,4300,0.0,41,0.0,0.0,0.0,0.0,-0.0,0,0,0,0,0.0,0,0,0,0,0,0,0,0,0,0,0,0,0,0,0,0,0,0,0,0,0,0,0,0,0,0,0,0,0,0,0,0,0,12,37,37,48,65476,419,65476,1,0,4,21553,0.0,-0.0,0.0,0.0,0.0,0.0,0.0,0.0,0.0,0.0,0.0,0.0,0.0,0.0,0.0,0.0,0.0,0.0,0.0,0.0,0.0,2.004,2.004,-0.0,0.0,-2.004,0.0,0.0,0.0,0.0,6473.0,-1.0406710753811528e+34,0.0,-107615880.0,107616352.0,-0.0,0.0,0.0,0.0,2.004,2.004,225,-4.950401131092143e+32,-3.222023796532012e+26,0.0,0.0,0.0,0.0,0.0,0.0,0.0,0,0,0,-0.0,0.0,0.0,3.188006345004422e+20,2252566528.0,417165049856.0,-0.0,-0.0,3.353415116442829e+16,-3.087372940376167e+34,-31493202.0,1.1026199031672576e+20,0.0,0.043,0.0,0.0,0,1.3516416376850534e+27,225,0.0,452,-74360974999552.0,-0.0,2114,52429,17109,52429,17111,0,17096,0,0,0,101,100,100,0.0,66.2,2.7302343157793998e+23,66.5,0.0,66.5,1,49,50,180,39322,52429,0,0,0.0,0.0,0.0,60.0,0.014,71.0,0.0,-8.075202801699841e+32,0.0,1068,0,1069,0,0,0,1069,0,1080,0,1000,0,665,0,667,0,661,0,679,0.032,1.4536034330083127e+22,0.0,0.0,51216,16813,25.782,-6.095078868494143e+33,-244580976.0,-0.0,0.829,-0.0,50.0,60.0,35,0.0,0.0,10.0,2.0,0.0,0.0,0.0,0.0,0.0,0.0,0.0,0.0,0.0,0.0,0.0,0.0,59.2,55,11,65508,27,65476,0,300,0,0,8,20529,65476,0,0,30147,60.0,0.0,10.0,10.0,2.0,0.0
2026-02-16T12:49:11,ERR,ERR,ERR,ERR,ERR,ERR,ERR,ERR,ERR,ERR,ERR,ERR,ERR,ERR,ERR,ERR,ERR,ERR,ERR,ERR,ERR,ERR,ERR,ERR,ERR,ERR,ERR,ERR,ERR,ERR,ERR,ERR,ERR,ERR,ERR,ERR,ERR,ERR,ERR,ERR,ERR,ERR,ERR,ERR,ERR,ERR,ERR,ERR,ERR,ERR,ERR,ERR,ERR,ERR,ERR,ERR,ERR,ERR,ERR,ERR,ERR,ERR,ERR,ERR,ERR,ERR,ERR,ERR,ERR,ERR,ERR,ERR,ERR,ERR,ERR,ERR,ERR,ERR,ERR,ERR,ERR,ERR,ERR,ERR,ERR,ERR,ERR,ERR,ERR,ERR,ERR,ERR,ERR,ERR,ERR,ERR,ERR,ERR,ERR,ERR,ERR,ERR,ERR,ERR,ERR,ERR,ERR,ERR,ERR,ERR,ERR,ERR,ERR,ERR,ERR,ERR,ERR,ERR,ERR,ERR,ERR,ERR,ERR,ERR,ERR,0.0,2.7184527190102135e+23,-0.0,0.0,-0.031,-4.164338994078122e+32,0.0,0.0,4300,0,8,17169,4300,0.0,41,0.0,0.0,0.0,0.0,-0.0,0,0,0,0,0.0,0,0,0,0,0,0,0,0,0,0,0,0,0,0,0,0,0,0,0,0,0,0,0,0,0,0,0,0,0,0,0,0,0,12,37,37,48,65476,419,65476,1,0,4,21553,0.0,-0.0,0.0,0.0,0.0,0.0,0.0,0.0,0.0,0.0,0.0,0.0,0.0,0.0,0.0,0.0,0.0,0.0,0.0,0.0,0.0,2.004,2.004,-0.0,0.0,-2.004,0.0,0.0,0.0,0.0,6473.0,-1.0406710753811528e+34,0.0,-107615880.0,107616352.0,-0.0,0.0,0.0,0.0,2.004,2.004,225,-4.950401131092143e+32,-3.222023796532012e+26,0.0,0.0,0.0,0.0,0.0,0.0,0.0,0,0,0,-0.0,0.0,0.0,3.188006345004422e+20,2252566528.0,417165049856.0,-0.0,-0.0,3.353415116442829e+16,-3.087372940376167e+34,-31493202.0,1.1026199031672576e+20,0.0,0.043,0.0,0.0,0,1.3516416376850534e+27,225,0.0,452,-74360974999552.0,-0.0,2114,52429,17109,0,17112,0,17096,0,0,0,101,100,100,0.0,66.2,2.7302343157793998e+23,66.5,0.0,66.5,1,49,50,180,39322,52429,0,0,0.0,0.0,0.0,60.0,7.227,71.0,0.0,-1.0920392982760965e+35,0.0,1068,0,1069,0,0,0,1069,0,1080,0,1000,0,665,0,667,0,661,0,680,0.032,1.4609821306377965e+22,0.0,0.0,3472,16814,1000488.875,-1.0920392982760965e+35,-5.248120644018551e+21,30202692370432.0,3909972870037504.0,-146.25,50.0,60.0,35,0.0,0.0,10.0,2.0,0.0,0.0,0.0,0.0,0.0,0.0,0.0,0.0,0.0,0.0,0.0,0.0,58.8,55,11,65508,27,65476,0,300,0,0,8,20529,65476,0,0,30147,60.0,0.0,10.0,10.0,2.0,0.0
2026-02-16T12:49:12,ERR,ERR,ERR,ERR,ERR,ERR,ERR,ERR,ERR,ERR,ERR,ERR,ERR,ERR,ERR,ERR,ERR,ERR,ERR,ERR,ERR,ERR,ERR,ERR,ERR,ERR,ERR,ERR,ERR,ERR,ERR,ERR,ERR,ERR,ERR,ERR,ERR,ERR,ERR,ERR,ERR,ERR,ERR,ERR,ERR,ERR,ERR,ERR,ERR,ERR,ERR,ERR,ERR,ERR,ERR,ERR,ERR,ERR,ERR,ERR,ERR,ERR,ERR,ERR,ERR,ERR,ERR,ERR,ERR,ERR,ERR,ERR,ERR,ERR,ERR,ERR,ERR,ERR,ERR,ERR,ERR,ERR,ERR,ERR,ERR,ERR,ERR,ERR,ERR,ERR,ERR,ERR,ERR,ERR,ERR,ERR,ERR,ERR,ERR,ERR,ERR,ERR,ERR,ERR,ERR,ERR,ERR,ERR,ERR,ERR,ERR,ERR,ERR,ERR,ERR,ERR,ERR,ERR,ERR,ERR,ERR,ERR,ERR,ERR,ERR,0.0,2.7184527190102135e+23,-0.0,0.0,-0.031,-4.164338994078122e+32,0.0,0.0,4300,0,8,17169,4300,0.0,41,0.0,0.0,0.0,0.0,-0.0,0,0,0,0,0.0,0,0,0,0,0,0,0,0,0,0,0,0,0,0,0,0,0,0,0,0,0,0,0,0,0,0,0,0,0,0,0,0,0,12,37,37,48,65476,419,65476,1,0,4,21553,0.0,-0.0,0.0,0.0,0.0,0.0,0.0,0.0,0.0,0.0,0.0,0.0,0.0,0.0,0.0,0.0,0.0,0.0,0.0,0.0,0.0,2.004,2.004,-0.0,0.0,-2.004,0.0,0.0,0.0,0.0,6473.0,-1.0406710753811528e+34,0.0,-107615880.0,107616352.0,-0.0,0.0,0.0,0.0,2.004,2.004,225,-4.950401131092143e+32,-3.222023796532012e+26,0.0,0.0,0.0,0.0,0.0,0.0,0.0,0,0,0,-0.0,0.0,0.0,3.188006345004422e+20,2252566528.0,417165049856.0,-0.0,-0.0,3.353415116442829e+16,-3.087372940376167e+34,-31493202.0,1.1026199031672576e+20,0.0,0.043,0.0,0.0,0,1.3516416376850534e+27,225,0.0,452,-74360974999552.0,-0.0,2114,52429,17109,0,17112,0,17096,0,0,0,101,100,100,0.0,66.2,2.7302343157793998e+23,66.5,0.0,66.5,1,49,50,180,39322,52429,0,0,0.0,0.0,0.0,60.0,7.227,71.0,0.0,-1.0920392982760965e+35,0.0,1068,0,1069,0,0,0,1069,0,1080,0,1000,0,665,0,667,0,661,0,680,0.032,1.4609821306377965e+22,0.0,0.0,3472,16814,1000488.875,-1.0920392982760965e+35,-5.248120644018551e+21,30202692370432.0,3909972870037504.0,-146.25,50.0,60.0,35,0.0,0.0,10.0,2.0,0.0,0.0,0.0,0.0,0.0,0.0,0.0,0.0,0.0,0.0,0.0,0.0,58.8,55,11,65508,27,65476,0,300,0,0,8,20529,65476,0,0,30147,60.0,0.0,10.0,10.0,2.0,0.0
2026-02-16T12:49:13,ERR,ERR,ERR,ERR,ERR,ERR,ERR,ERR,ERR,ERR,ERR,ERR,ERR,ERR,ERR,ERR,ERR,ERR,ERR,ERR,ERR,ERR,ERR,ERR,ERR,ERR,ERR,ERR,ERR,ERR,ERR,ERR,ERR,ERR,ERR,ERR,ERR,ERR,ERR,ERR,ERR,ERR,ERR,ERR,ERR,ERR,ERR,ERR,ERR,ERR,ERR,ERR,ERR,ERR,ERR,ERR,ERR,ERR,ERR,ERR,ERR,ERR,ERR,ERR,ERR,ERR,ERR,ERR,ERR,ERR,ERR,ERR,ERR,ERR,ERR,ERR,ERR,ERR,ERR,ERR,ERR,ERR,ERR,ERR,ERR,ERR,ERR,ERR,ERR,ERR,ERR,ERR,ERR,ERR,ERR,ERR,ERR,ERR,ERR,ERR,ERR,ERR,ERR,ERR,ERR,ERR,ERR,ERR,ERR,ERR,ERR,ERR,ERR,ERR,ERR,ERR,ERR,ERR,ERR,ERR,ERR,ERR,ERR,ERR,ERR,0.0,2.7184527190102135e+23,-0.0,0.0,-0.031,-4.164338994078122e+32,0.0,0.0,4300,0,8,17169,4300,0.0,41,0.0,0.0,0.0,0.0,-0.0,0,0,0,0,0.0,0,0,0,0,0,0,0,0,0,0,0,0,0,0,0,0,0,0,0,0,0,0,0,0,0,0,0,0,0,0,0,0,0,12,37,37,48,65476,419,65476,1,0,4,21553,0.0,-0.0,0.0,0.0,0.0,0.0,0.0,0.0,0.0,0.0,0.0,0.0,0.0,0.0,0.0,0.0,0.0,0.0,0.0,0.0,0.0,2.004,2.004,-0.0,0.0,-2.004,0.0,0.0,0.0,0.0,6473.0,-1.0406710753811528e+34,0.0,-107615880.0,107616352.0,-0.0,0.0,0.0,0.0,2.004,2.004,225,-4.950401131092143e+32,-3.222023796532012e+26,0.0,0.0,0.0,0.0,0.0,0.0,0.0,0,0,0,-0.0,0.0,0.0,3.188006345004422e+20,2252566528.0,417165049856.0,-0.0,-0.0,3.353415116442829e+16,-3.087372940376167e+34,-31493202.0,1.1026199031672576e+20,0.0,0.043,0.0,0.0,0,1.3516416376850534e+27,225,0.0,452,-74360974999552.0,-0.0,2114,52429,17109,0,17112,0,17096,0,0,0,101,100,100,0.0,66.2,2.7302343157793998e+23,66.5,0.0,66.5,1,49,50,180,39322,52429,0,0,0.0,0.0,0.0,60.0,7.227,71.0,0.0,-1.0920392982760965e+35,0.0,1068,0,1069,0,0,0,1069,0,1080,0,1000,0,665,0,667,0,661,0,680,0.032,1.4609821306377965e+22,0.0,0.0,3472,16814,1000488.875,-1.0920392982760965e+35,-5.248120644018551e+21,30202692370432.0,3909972870037504.0,-146.25,50.0,60.0,35,0.0,0.0,10.0,2.0,0.0,0.0,0.0,0.0,0.0,0.0,0.0,0.0,0.0,0.0,0.0,0.0,58.8,55,11,65508,27,65476,0,300,0,0,8,20529,65476,0,0,30147,60.0,0.0,10.0,10.0,2.0,0.0
2026-02-16T12:49:14,ERR,ERR,ERR,ERR,ERR,ERR,ERR,ERR,ERR,ERR,ERR,ERR,ERR,ERR,ERR,ERR,ERR,ERR,ERR,ERR,ERR,ERR,ERR,ERR,ERR,ERR,ERR,ERR,ERR,ERR,ERR,ERR,ERR,ERR,ERR,ERR,ERR,ERR,ERR,ERR,ERR,ERR,ERR,ERR,ERR,ERR,ERR,ERR,ERR,ERR,ERR,ERR,ERR,ERR,ERR,ERR,ERR,ERR,ERR,ERR,ERR,ERR,ERR,ERR,ERR,ERR,ERR,ERR,ERR,ERR,ERR,ERR,ERR,ERR,ERR,ERR,ERR,ERR,ERR,ERR,ERR,ERR,ERR,ERR,ERR,ERR,ERR,ERR,ERR,ERR,ERR,ERR,ERR,ERR,ERR,ERR,ERR,ERR,ERR,ERR,ERR,ERR,ERR,ERR,ERR,ERR,ERR,ERR,ERR,ERR,ERR,ERR,ERR,ERR,ERR,ERR,ERR,ERR,ERR,ERR,ERR,ERR,ERR,ERR,ERR,0.0,2.7184527190102135e+23,-0.0,0.0,-0.031,-4.164338994078122e+32,0.0,0.0,4300,0,8,17169,4300,0.0,41,0.0,0.0,0.0,0.0,-0.0,0,0,0,0,0.0,0,0,0,0,0,0,0,0,0,0,0,0,0,0,0,0,0,0,0,0,0,0,0,0,0,0,0,0,0,0,0,0,0,12,37,37,48,65476,419,65476,1,0,4,21553,0.0,-0.0,0.0,0.0,0.0,0.0,0.0,0.0,0.0,0.0,0.0,0.0,0.0,0.0,0.0,0.0,0.0,0.0,0.0,0.0,0.0,2.004,2.004,-0.0,0.0,-2.004,0.0,0.0,0.0,0.0,6473.0,-1.0406710753811528e+34,0.0,-107615880.0,107616352.0,-0.0,0.0,0.0,0.0,2.004,2.004,225,-4.950401131092143e+32,-3.222023796532012e+26,0.0,0.0,0.0,0.0,0.0,0.0,0.0,0,0,0,-0.0,0.0,0.0,3.188006345004422e+20,2252566528.0,417165049856.0,-0.0,-0.0,3.353415116442829e+16,-3.087372940376167e+34,-31493202.0,1.1026199031672576e+20,0.0,0.043,0.0,0.0,0,1.3516416376850534e+27,225,0.0,452,-74360974999552.0,-0.0,2114,52429,17109,0,17112,0,17096,0,0,0,101,100,100,0.0,66.2,2.7302343157793998e+23,66.5,0.0,66.5,1,49,50,180,39322,52429,0,0,0.0,0.0,0.0,60.0,7.227,71.0,0.0,-1.0920392982760965e+35,0.0,1068,0,1069,0,0,0,1069,0,1080,0,1000,0,665,0,667,0,661,0,680,0.032,1.4609821306377965e+22,0.0,0.0,3472,16814,1000488.875,-1.0920392982760965e+35,-5.248120644018551e+21,30202692370432.0,3909972870037504.0,-146.25,50.0,60.0,35,0.0,0.0,10.0,2.0,0.0,0.0,0.0,0.0,0.0,0.0,0.0,0.0,0.0,0.0,0.0,0.0,58.8,55,11,65508,27,65476,0,300,0,0,8,20529,65476,0,0,30147,60.0,0.0,10.0,10.0,2.0,0.0
2026-02-16T12:49:15,ERR,ERR,ERR,ERR,ERR,ERR,ERR,ERR,ERR,ERR,ERR,ERR,ERR,ERR,ERR,ERR,ERR,ERR,ERR,ERR,ERR,ERR,ERR,ERR,ERR,ERR,ERR,ERR,ERR,ERR,ERR,ERR,ERR,ERR,ERR,ERR,ERR,ERR,ERR,ERR,ERR,ERR,ERR,ERR,ERR,ERR,ERR,ERR,ERR,ERR,ERR,ERR,ERR,ERR,ERR,ERR,ERR,ERR,ERR,ERR,ERR,ERR,ERR,ERR,ERR,ERR,ERR,ERR,ERR,ERR,ERR,ERR,ERR,ERR,ERR,ERR,ERR,ERR,ERR,ERR,ERR,ERR,ERR,ERR,ERR,ERR,ERR,ERR,ERR,ERR,ERR,ERR,ERR,ERR,ERR,ERR,ERR,ERR,ERR,ERR,ERR,ERR,ERR,ERR,ERR,ERR,ERR,ERR,ERR,ERR,ERR,ERR,ERR,ERR,ERR,ERR,ERR,ERR,ERR,ERR,ERR,ERR,ERR,ERR,ERR,-107615880.0,2.7184527190102135e+23,nan,0.0,0.0,1746978.625,-0.0,141820192.0,4300,0,8,17169,4300,0.0,41,0.0,0.0,0.0,0.0,-0.0,0,0,0,0,0.0,0,0,0,0,0,0,0,0,0,0,0,0,0,0,0,0,0,0,0,0,0,0,0,0,0,0,0,0,0,0,0,0,0,11,37,37,48,65476,420,65476,1,0,4,21553,0.0,-107610720.0,0.0,0.0,0.0,0.0,0.0,0.0,0.0,0.0,0.0,0.0,0.0,0.0,0.0,0.0,0.0,0.0,0.0,0.0,0.0,2.004,0.0,3.6970818999223845e+19,2.004,-2.004,0.0,0.0,0.0,0.0,6502.0,1.0406711991751567e+34,0.0,-107615880.0,107616352.0,-107616240.0,0.0,0.0,0.0,2.004,2.004,225,-3.222002398308886e+26,0.0,0.0,0.0,0.0,0.0,0.0,0.0,0.0,0,0,0,1.466963145645789e+36,-1.064051973159945e+23,0.0,3140.124,0.0,2.726113673230513e+36,-2.663772793757811e+25,0.0,0.0,-3.2983100002541444e+34,-33066066.0,1.1775598009667027e+20,0.0,0.046,0.0,2.4769592528000076e+33,0,1.3516416376850534e+27,225,0.0,450,-74360974999552.0,0.0,2114,52429,17109,0,17112,0,17096,0,0,0,101,100,100,0.0,66.2,2.7302343157793998e+23,66.5,0.0,66.5,1,49,50,180,39322,52429,0,0,0.0,0.0,0.0,60.0,3.817,71.0,0.0,0.0,0.0,1068,0,1069,0,0,0,1070,0,1079,0,999,0,665,0,667,0,661,0,680,0.032,1.4536034330083127e+22,0.0,0.0,2192,16814,3.817,0.0,-6.242990972323011e+24,104728368.0,1.100032246531752e+18,-10768.012,50.0,60.0,35,0.0,0.0,10.0,2.0,0.0,0.0,0.0,0.0,0.0,0.0,0.0,0.0,0.0,0.0,0.0,0.0,58.8,55,11,65508,27,65476,0,300,0,0,8,20529,65476,0,0,30147,60.0,0.0,10.0,10.0,2.0,0.0
2026-02-16T12:49:16,ERR,ERR,ERR,ERR,ERR,ERR,ERR,ERR,ERR,ERR,ERR,ERR,ERR,ERR,ERR,ERR,ERR,ERR,ERR,ERR,ERR,ERR,ERR,ERR,ERR,ERR,ERR,ERR,ERR,ERR,ERR,ERR,ERR,ERR,ERR,ERR,ERR,ERR,ERR,ERR,ERR,ERR,ERR,ERR,ERR,ERR,ERR,ERR,ERR,ERR,ERR,ERR,ERR,ERR,ERR,ERR,ERR,ERR,ERR,ERR,ERR,ERR,ERR,ERR,ERR,ERR,ERR,ERR,ERR,ERR,ERR,ERR,ERR,ERR,ERR,ERR,ERR,ERR,ERR,ERR,ERR,ERR,ERR,ERR,ERR,ERR,ERR,ERR,ERR,ERR,ERR,ERR,ERR,ERR,ERR,ERR,ERR,ERR,ERR,ERR,ERR,ERR,ERR,ERR,ERR,ERR,ERR,ERR,ERR,ERR,ERR,ERR,ERR,ERR,ERR,ERR,ERR,ERR,ERR,ERR,ERR,ERR,ERR,ERR,ERR,-107615880.0,2.7184527190102135e+23,nan,0.0,0.0,1746978.625,-0.0,141820192.0,4300,0,8,17169,4300,0.0,41,0.0,0.0,0.0,0.0,-0.0,0,0,0,0,0.0,0,0,0,0,0,0,0,0,0,0,0,0,0,0,0,0,0,0,0,0,0,0,0,0,0,0,0,0,0,0,0,0,0,11,37,37,48,65476,420,65476,1,0,4,21553,0.0,-107610720.0,0.0,0.0,0.0,0.0,0.0,0.0,0.0,0.0,0.0,0.0,0.0,0.0,0.0,0.0,0.0,0.0,0.0,0.0,0.0,2.004,0.0,3.6970818999223845e+19,2.004,-2.004,0.0,0.0,0.0,0.0,6502.0,1.0406711991751567e+34,0.0,-107615880.0,107616352.0,-107616240.0,0.0,0.0,0.0,2.004,2.004,225,-3.222002398308886e+26,0.0,0.0,0.0,0.0,0.0,0.0,0.0,0.0,0,0,0,1.466963145645789e+36,-1.064051973159945e+23,0.0,3140.124,0.0,2.726113673230513e+36,-2.663772793757811e+25,0.0,0.0,-3.2983100002541444e+34,-33066066.0,1.1775598009667027e+20,0.0,0.046,0.0,2.4769592528000076e+33,0,1.3516416376850534e+27,225,0.0,450,-74360974999552.0,0.0,2114,52429,17109,0,17112,0,17096,0,0,0,101,100,100,0.0,66.2,2.7302343157793998e+23,66.5,0.0,66.5,1,49,50,180,39322,52429,0,0,0.0,0.0,0.0,60.0,3.817,71.0,0.0,0.0,0.0,1068,0,1069,0,0,0,1070,0,1079,0,999,0,665,0,667,0,661,0,680,0.032,1.4536034330083127e+22,0.0,0.0,2192,16814,3.817,0.0,-6.242990972323011e+24,104728368.0,1.100032246531752e+18,-10768.012,50.0,60.0,35,0.0,0.0,10.0,2.0,0.0,0.0,0.0,0.0,0.0,0.0,0.0,0.0,0.0,0.0,0.0,0.0,58.8,55,11,65508,27,65476,0,300,0,0,8,20529,65476,0,0,30147,60.0,0.0,10.0,10.0,2.0,0.0
2026-02-16T12:49:17,ERR,ERR,ERR,ERR,ERR,ERR,ERR,ERR,ERR,ERR,ERR,ERR,ERR,ERR,ERR,ERR,ERR,ERR,ERR,ERR,ERR,ERR,ERR,ERR,ERR,ERR,ERR,ERR,ERR,ERR,ERR,ERR,ERR,ERR,ERR,ERR,ERR,ERR,ERR,ERR,ERR,ERR,ERR,ERR,ERR,ERR,ERR,ERR,ERR,ERR,ERR,ERR,ERR,ERR,ERR,ERR,ERR,ERR,ERR,ERR,ERR,ERR,ERR,ERR,ERR,ERR,ERR,ERR,ERR,ERR,ERR,ERR,ERR,ERR,ERR,ERR,ERR,ERR,ERR,ERR,ERR,ERR,ERR,ERR,ERR,ERR,ERR,ERR,ERR,ERR,ERR,ERR,ERR,ERR,ERR,ERR,ERR,ERR,ERR,ERR,ERR,ERR,ERR,ERR,ERR,ERR,ERR,ERR,ERR,ERR,ERR,ERR,ERR,ERR,ERR,ERR,ERR,ERR,ERR,ERR,ERR,ERR,ERR,ERR,ERR,-107615880.0,2.7184527190102135e+23,nan,0.0,0.0,1746978.625,-0.0,141820192.0,4300,0,8,17169,4300,0.0,41,0.0,0.0,0.0,0.0,-0.0,0,0,0,0,0.0,0,0,0,0,0,0,0,0,0,0,0,0,0,0,0,0,0,0,0,0,0,0,0,0,0,0,0,0,0,0,0,0,0,11,37,37,48,65476,420,65476,1,0,4,21553,0.0,-107610720.0,0.0,0.0,0.0,0.0,0.0,0.0,0.0,0.0,0.0,0.0,0.0,0.0,0.0,0.0,0.0,0.0,0.0,0.0,0.0,2.004,0.0,3.6970818999223845e+19,2.004,-2.004,0.0,0.0,0.0,0.0,6502.0,1.0406711991751567e+34,0.0,-107615880.0,107616352.0,-107616240.0,0.0,0.0,0.0,2.004,2.004,225,-3.222002398308886e+26,0.0,0.0,0.0,0.0,0.0,0.0,0.0,0.0,0,0,0,1.466963145645789e+36,-1.064051973159945e+23,0.0,3140.124,0.0,2.726113673230513e+36,-2.663772793757811e+25,0.0,0.0,-3.2983100002541444e+34,-33066066.0,1.1775598009667027e+20,0.0,0.046,0.0,2.4769592528000076e+33,0,1.3516416376850534e+27,225,0.0,450,-74360974999552.0,0.0,2114,52429,17109,0,17112,0,17096,0,0,0,101,100,100,0.0,66.2,2.7302343157793998e+23,66.5,0.0,66.5,1,49,50,180,39322,52429,0,0,0.0,0.0,0.0,60.0,3.817,71.0,0.0,0.0,0.0,1068,0,1069,0,0,0,1070,0,1079,0,999,0,665,0,667,0,661,0,680,0.032,1.4536034330083127e+22,0.0,0.0,2192,16814,3.817,0.0,-6.242990972323011e+24,104728368.0,1.100032246531752e+18,-10768.012,50.0,60.0,35,0.0,0.0,10.0,2.0,0.0,0.0,0.0,0.0,0.0,0.0,0.0,0.0,0.0,0.0,0.0,0.0,58.8,55,11,65508,27,65476,0,300,0,0,8,20529,65476,0,0,30147,60.0,0.0,10.0,10.0,2.0,0.0
2026-02-16T12:49:18,ERR,ERR,ERR,ERR,ERR,ERR,ERR,ERR,ERR,ERR,ERR,ERR,ERR,ERR,ERR,ERR,ERR,ERR,ERR,ERR,ERR,ERR,ERR,ERR,ERR,ERR,ERR,ERR,ERR,ERR,ERR,ERR,ERR,ERR,ERR,ERR,ERR,ERR,ERR,ERR,ERR,ERR,ERR,ERR,ERR,ERR,ERR,ERR,ERR,ERR,ERR,ERR,ERR,ERR,ERR,ERR,ERR,ERR,ERR,ERR,ERR,ERR,ERR,ERR,ERR,ERR,ERR,ERR,ERR,ERR,ERR,ERR,ERR,ERR,ERR,ERR,ERR,ERR,ERR,ERR,ERR,ERR,ERR,ERR,ERR,ERR,ERR,ERR,ERR,ERR,ERR,ERR,ERR,ERR,ERR,ERR,ERR,ERR,ERR,ERR,ERR,ERR,ERR,ERR,ERR,ERR,ERR,ERR,ERR,ERR,ERR,ERR,ERR,ERR,ERR,ERR,ERR,ERR,ERR,ERR,ERR,ERR,ERR,ERR,ERR,-107615880.0,2.7184527190102135e+23,nan,0.0,0.0,1746978.625,-0.0,141820192.0,4300,0,8,17169,4300,0.0,41,0.0,0.0,0.0,0.0,-0.0,0,0,0,0,0.0,0,0,0,0,0,0,0,0,0,0,0,0,0,0,0,0,0,0,0,0,0,0,0,0,0,0,0,0,0,0,0,0,0,11,37,37,48,65476,420,65476,1,0,4,21553,0.0,-107610720.0,0.0,0.0,0.0,0.0,0.0,0.0,0.0,0.0,0.0,0.0,0.0,0.0,0.0,0.0,0.0,0.0,0.0,0.0,0.0,2.004,0.0,3.6970818999223845e+19,2.004,-2.004,0.0,0.0,0.0,0.0,6502.0,1.0406711991751567e+34,0.0,-107615880.0,107616352.0,-107616240.0,0.0,0.0,0.0,2.004,2.004,225,-3.222002398308886e+26,0.0,0.0,0.0,0.0,0.0,0.0,0.0,0.0,0,0,0,1.466963145645789e+36,-1.064051973159945e+23,0.0,3140.124,0.0,2.726113673230513e+36,-2.663772793757811e+25,0.0,0.0,-3.2983100002541444e+34,-33066066.0,1.1775598009667027e+20,0.0,0.046,0.0,2.4769592528000076e+33,0,1.3516416376850534e+27,225,0.0,450,-74360974999552.0,0.0,2114,52429,17109,52429,17111,52429,17095,0,0,0,101,100,100,0.0,66.2,2.7302343157793998e+23,66.5,0.0,66.5,1,49,50,180,39322,52429,0,0,0.0,0.0,0.0,60.0,29172789411840.0,71.0,0.0,-1.0738109778208303e+37,0.0,1068,0,1069,0,0,0,1070,0,1079,0,999,0,665,0,667,0,661,0,680,0.032,1.4536034330083127e+22,0.0,0.0,63120,16813,6.875307197018931e+16,-24774099075072.0,-2.1621145196815745e+34,0.0,3.6327098996259004e+31,-169599869911040.0,50.0,60.0,35,0.0,0.0,10.0,2.0,0.0,0.0,0.0,0.0,0.0,0.0,0.0,0.0,0.0,0.0,0.0,0.0,58.8,55,11,65508,27,65476,0,300,0,0,8,20529,65476,0,0,30147,60.0,0.0,10.0,10.0,2.0,0.0
2026-02-16T12:49:19,ERR,ERR,ERR,ERR,ERR,ERR,ERR,ERR,ERR,ERR,ERR,ERR,ERR,ERR,ERR,ERR,ERR,ERR,ERR,ERR,ERR,ERR,ERR,ERR,ERR,ERR,ERR,ERR,ERR,ERR,ERR,ERR,ERR,ERR,ERR,ERR,ERR,ERR,ERR,ERR,ERR,ERR,ERR,ERR,ERR,ERR,ERR,ERR,ERR,ERR,ERR,ERR,ERR,ERR,ERR,ERR,ERR,ERR,ERR,ERR,ERR,ERR,ERR,ERR,ERR,ERR,ERR,ERR,ERR,ERR,ERR,ERR,ERR,ERR,ERR,ERR,ERR,ERR,ERR,ERR,ERR,ERR,ERR,ERR,ERR,ERR,ERR,ERR,ERR,ERR,ERR,ERR,ERR,ERR,ERR,ERR,ERR,ERR,ERR,ERR,ERR,ERR,ERR,ERR,ERR,ERR,ERR,ERR,ERR,ERR,ERR,ERR,ERR,ERR,ERR,ERR,ERR,ERR,ERR,ERR,ERR,ERR,ERR,ERR,ERR,-107615880.0,2.7184527190102135e+23,nan,0.0,0.0,1746978.625,-0.0,141820192.0,4300,0,8,17169,4300,0.0,41,0.0,0.0,0.0,0.0,-0.0,0,0,0,0,0.0,0,0,0,0,0,0,0,0,0,0,0,0,0,0,0,0,0,0,0,0,0,0,0,0,0,0,0,0,0,0,0,0,0,11,37,37,48,65476,420,65476,1,0,4,21553,0.0,-107610720.0,0.0,0.0,0.0,0.0,0.0,0.0,0.0,0.0,0.0,0.0,0.0,0.0,0.0,0.0,0.0,0.0,0.0,0.0,0.0,2.004,0.0,3.6970818999223845e+19,2.004,-2.004,0.0,0.0,0.0,0.0,6502.0,1.0406711991751567e+34,0.0,-107615880.0,107616352.0,-107616240.0,0.0,0.0,0.0,2.004,2.004,225,-3.222002398308886e+26,0.0,0.0,0.0,0.0,0.0,0.0,0.0,0.0,0,0,0,1.466963145645789e+36,-1.064051973159945e+23,0.0,3140.124,0.0,2.726113673230513e+36,-2.663772793757811e+25,0.0,0.0,-3.2983100002541444e+34,-33066066.0,1.1775598009667027e+20,0.0,0.046,0.0,2.4769592528000076e+33,0,1.3516416376850534e+27,225,0.0,450,-74360974999552.0,0.0,2114,52429,17109,52429,17111,52429,17095,0,0,0,101,100,100,0.0,66.2,2.7302343157793998e+23,66.5,0.0,66.5,1,49,50,180,39322,52429,0,0,0.0,0.0,0.0,60.0,29172789411840.0,71.0,0.0,-1.0738109778208303e+37,0.0,1068,0,1069,0,0,0,1070,0,1079,0,999,0,665,0,667,0,661,0,680,0.032,1.4536034330083127e+22,0.0,0.0,63120,16813,6.875307197018931e+16,-24774099075072.0,-2.1621145196815745e+34,0.0,3.6327098996259004e+31,-169599869911040.0,50.0,60.0,35,0.0,0.0,10.0,2.0,0.0,0.0,0.0,0.0,0.0,0.0,0.0,0.0,0.0,0.0,0.0,0.0,58.8,55,11,65508,27,65476,0,300,0,0,8,20529,65476,0,0,30147,60.0,0.0,10.0,10.0,2.0,0.0
2026-02-16T12:49:20,ERR,ERR,ERR,ERR,ERR,ERR,ERR,ERR,ERR,ERR,ERR,ERR,ERR,ERR,ERR,ERR,ERR,ERR,ERR,ERR,ERR,ERR,ERR,ERR,ERR,ERR,ERR,ERR,ERR,ERR,ERR,ERR,ERR,ERR,ERR,ERR,ERR,ERR,ERR,ERR,ERR,ERR,ERR,ERR,ERR,ERR,ERR,ERR,ERR,ERR,ERR,ERR,ERR,ERR,ERR,ERR,ERR,ERR,ERR,ERR,ERR,ERR,ERR,ERR,ERR,ERR,ERR,ERR,ERR,ERR,ERR,ERR,ERR,ERR,ERR,ERR,ERR,ERR,ERR,ERR,ERR,ERR,ERR,ERR,ERR,ERR,ERR,ERR,ERR,ERR,ERR,ERR,ERR,ERR,ERR,ERR,ERR,ERR,ERR,ERR,ERR,ERR,ERR,ERR,ERR,ERR,ERR,ERR,ERR,ERR,ERR,ERR,ERR,ERR,ERR,ERR,ERR,ERR,ERR,ERR,ERR,ERR,ERR,ERR,ERR,-107615880.0,107616352.0,-0.0,0.0,-0.031,127106.164,-0.0,-6.471125477176677e+22,4300,0,8,17168,4300,0.0,41,0.0,0.0,0.0,0.0,-0.0,0,0,0,0,0.0,0,0,0,0,0,0,0,0,0,0,0,0,0,0,0,0,0,0,0,0,0,0,0,0,0,0,0,0,0,0,0,0,0,11,37,37,48,65476,412,65476,1,0,4,21553,0.0,0.0,0.0,0.0,0.0,0.0,0.0,0.0,0.0,0.0,0.0,0.0,0.0,0.0,0.0,0.0,0.0,0.0,0.0,0.0,0.0,2.004,0.0,3.6970818999223845e+19,3.697074863047967e+19,-0.0,0.0,0.0,0.0,0.0,6498.0,-1.0406711991751567e+34,0.0,-107615880.0,107616352.0,0.0,-107616272.0,0.0,0.0,2.004,2.004,225,-71.629,-0.0,0.0,0.0,0.0,0.0,0.0,0.0,0.0,0,0,0,-0.0,68739.797,0.0,-2.9961159620881745e+36,178410525556736.0,0.0,-1.662227856146539e+29,-0.0,-0.0,-3.5092470601321217e+34,-35985572.0,1.2524996987661477e+20,0.0,0.049,0.0,3523.953,0,1.3516416376850534e+27,225,0.0,450,-74360974999552.0,4.5382694181659046e+24,2114,52429,17109,52429,17111,52429,17095,0,0,0,101,100,100,0.0,66.2,2.7302343157793998e+23,66.5,0.0,66.5,1,49,50,180,39322,52429,0,0,0.0,0.0,0.0,60.0,29172789411840.0,71.0,0.0,-1.0738109778208303e+37,0.0,1068,0,1069,0,0,0,1070,0,1079,0,999,0,665,0,667,0,661,0,680,0.032,1.4536034330083127e+22,0.0,0.0,63120,16813,6.875307197018931e+16,-24774099075072.0,-2.1621145196815745e+34,0.0,3.6327098996259004e+31,-169599869911040.0,50.0,60.0,35,0.0,0.0,10.0,2.0,0.0,0.0,0.0,0.0,0.0,0.0,0.0,0.0,0.0,0.0,0.0,0.0,58.8,55,11,65508,27,65476,0,300,0,0,8,20529,65476,0,0,30147,60.0,0.0,10.0,10.0,2.0,0.0
2026-02-16T12:49:21,ERR,ERR,ERR,ERR,ERR,ERR,ERR,ERR,ERR,ERR,ERR,ERR,ERR,ERR,ERR,ERR,ERR,ERR,ERR,ERR,ERR,ERR,ERR,ERR,ERR,ERR,ERR,ERR,ERR,ERR,ERR,ERR,ERR,ERR,ERR,ERR,ERR,ERR,ERR,ERR,ERR,ERR,ERR,ERR,ERR,ERR,ERR,ERR,ERR,ERR,ERR,ERR,ERR,ERR,ERR,ERR,ERR,ERR,ERR,ERR,ERR,ERR,ERR,ERR,ERR,ERR,ERR,ERR,ERR,ERR,ERR,ERR,ERR,ERR,ERR,ERR,ERR,ERR,ERR,ERR,ERR,ERR,ERR,ERR,ERR,ERR,ERR,ERR,ERR,ERR,ERR,ERR,ERR,ERR,ERR,ERR,ERR,ERR,ERR,ERR,ERR,ERR,ERR,ERR,ERR,ERR,ERR,ERR,ERR,ERR,ERR,ERR,ERR,ERR,ERR,ERR,ERR,ERR,ERR,ERR,ERR,ERR,ERR,ERR,ERR,-107615880.0,107616352.0,-0.0,0.0,-0.031,127106.164,-0.0,-6.471125477176677e+22,4300,0,8,17168,4300,0.0,41,0.0,0.0,0.0,0.0,-0.0,0,0,0,0,0.0,0,0,0,0,0,0,0,0,0,0,0,0,0,0,0,0,0,0,0,0,0,0,0,0,0,0,0,0,0,0,0,0,0,11,37,37,48,65476,412,65476,1,0,4,21553,0.0,0.0,0.0,0.0,0.0,0.0,0.0,0.0,0.0,0.0,0.0,0.0,0.0,0.0,0.0,0.0,0.0,0.0,0.0,0.0,0.0,2.004,0.0,3.6970818999223845e+19,3.697074863047967e+19,-0.0,0.0,0.0,0.0,0.0,6498.0,-1.0406711991751567e+34,0.0,-107615880.0,107616352.0,0.0,-107616272.0,0.0,0.0,2.004,2.004,225,-71.629,-0.0,0.0,0.0,0.0,0.0,0.0,0.0,0.0,0,0,0,-0.0,68739.797,0.0,-2.9961159620881745e+36,178410525556736.0,0.0,-1.662227856146539e+29,-0.0,-0.0,-3.5092470601321217e+34,-35985572.0,1.2524996987661477e+20,0.0,0.049,0.0,3523.953,0,1.3516416376850534e+27,225,0.0,450,-74360974999552.0,4.5382694181659046e+24,2112,52429,17109,52429,17111,52429,17095,0,0,0,101,100,100,0.0,66.2,2.7302343157793998e+23,66.5,0.0,66.5,1,49,50,180,39322,52429,0,0,0.0,0.0,0.0,60.0,0.003,71.0,0.0,1.9572954832717494e+34,0.0,1069,0,1069,0,0,0,1069,0,1079,0,1000,0,665,0,667,0,661,0,680,0.032,1.4536034330083127e+22,0.0,0.0,55440,16813,0.0,1.9572954832717494e+34,0.122,-3.0083327466774677e+35,-0.0,0.0,50.0,60.0,35,0.0,0.0,10.0,2.0,0.0,0.0,0.0,0.0,0.0,0.0,0.0,0.0,0.0,0.0,0.0,0.0,58.8,54,11,65508,27,65476,0,300,0,0,8,20529,65476,0,0,30147,60.0,0.0,10.0,10.0,2.0,0.0
2026-02-16T12:49:22,ERR,ERR,ERR,ERR,ERR,ERR,ERR,ERR,ERR,ERR,ERR,ERR,ERR,ERR,ERR,ERR,ERR,ERR,ERR,ERR,ERR,ERR,ERR,ERR,ERR,ERR,ERR,ERR,ERR,ERR,ERR,ERR,ERR,ERR,ERR,ERR,ERR,ERR,ERR,ERR,ERR,ERR,ERR,ERR,ERR,ERR,ERR,ERR,ERR,ERR,ERR,ERR,ERR,ERR,ERR,ERR,ERR,ERR,ERR,ERR,ERR,ERR,ERR,ERR,ERR,ERR,ERR,ERR,ERR,ERR,ERR,ERR,ERR,ERR,ERR,ERR,ERR,ERR,ERR,ERR,ERR,ERR,ERR,ERR,ERR,ERR,ERR,ERR,ERR,ERR,ERR,ERR,ERR,ERR,ERR,ERR,ERR,ERR,ERR,ERR,ERR,ERR,ERR,ERR,ERR,ERR,ERR,ERR,ERR,ERR,ERR,ERR,ERR,ERR,ERR,ERR,ERR,ERR,ERR,ERR,ERR,ERR,ERR,ERR,ERR,-107615880.0,107616352.0,-0.0,0.0,-0.031,127106.164,-0.0,-6.471125477176677e+22,4300,0,8,17168,4300,0.0,41,0.0,0.0,0.0,0.0,-0.0,0,0,0,0,0.0,0,0,0,0,0,0,0,0,0,0,0,0,0,0,0,0,0,0,0,0,0,0,0,0,0,0,0,0,0,0,0,0,0,11,37,37,48,65476,412,65476,1,0,4,21553,0.0,0.0,0.0,0.0,0.0,0.0,0.0,0.0,0.0,0.0,0.0,0.0,0.0,0.0,0.0,0.0,0.0,0.0,0.0,0.0,0.0,2.004,0.0,3.6970818999223845e+19,3.697074863047967e+19,-0.0,0.0,0.0,0.0,0.0,6498.0,-1.0406711991751567e+34,0.0,-107615880.0,107616352.0,0.0,-107616272.0,0.0,0.0,2.004,2.004,225,-71.629,-0.0,0.0,0.0,0.0,0.0,0.0,0.0,0.0,0,0,0,-0.0,68739.797,0.0,-2.9961159620881745e+36,178410525556736.0,0.0,-1.662227856146539e+29,-0.0,-0.0,-3.5092470601321217e+34,-35985572.0,1.2524996987661477e+20,0.0,0.049,0.0,3523.953,0,1.3516416376850534e+27,225,0.0,450,-74360974999552.0,4.5382694181659046e+24,2112,52429,17109,52429,17111,52429,17095,0,0,0,101,100,100,0.0,66.2,2.7302343157793998e+23,66.5,0.0,66.5,1,49,50,180,39322,52429,0,0,0.0,0.0,0.0,60.0,0.003,71.0,0.0,1.9572954832717494e+34,0.0,1069,0,1069,0,0,0,1069,0,1079,0,1000,0,665,0,667,0,661,0,680,0.032,1.4536034330083127e+22,0.0,0.0,55440,16813,0.0,1.9572954832717494e+34,0.122,-3.0083327466774677e+35,-0.0,0.0,50.0,60.0,35,0.0,0.0,10.0,2.0,0.0,0.0,0.0,0.0,0.0,0.0,0.0,0.0,0.0,0.0,0.0,0.0,58.8,54,11,65508,27,65476,0,300,0,0,8,20529,65476,0,0,30147,60.0,0.0,10.0,10.0,2.0,0.0
2026-02-16T12:49:23,ERR,ERR,ERR,ERR,ERR,ERR,ERR,ERR,ERR,ERR,ERR,ERR,ERR,ERR,ERR,ERR,ERR,ERR,ERR,ERR,ERR,ERR,ERR,ERR,ERR,ERR,ERR,ERR,ERR,ERR,ERR,ERR,ERR,ERR,ERR,ERR,ERR,ERR,ERR,ERR,ERR,ERR,ERR,ERR,ERR,ERR,ERR,ERR,ERR,ERR,ERR,ERR,ERR,ERR,ERR,ERR,ERR,ERR,ERR,ERR,ERR,ERR,ERR,ERR,ERR,ERR,ERR,ERR,ERR,ERR,ERR,ERR,ERR,ERR,ERR,ERR,ERR,ERR,ERR,ERR,ERR,ERR,ERR,ERR,ERR,ERR,ERR,ERR,ERR,ERR,ERR,ERR,ERR,ERR,ERR,ERR,ERR,ERR,ERR,ERR,ERR,ERR,ERR,ERR,ERR,ERR,ERR,ERR,ERR,ERR,ERR,ERR,ERR,ERR,ERR,ERR,ERR,ERR,ERR,ERR,ERR,ERR,ERR,ERR,ERR,-107615880.0,107616352.0,-0.0,0.0,-0.031,127106.164,-0.0,-6.471125477176677e+22,4300,0,8,17168,4300,0.0,41,0.0,0.0,0.0,0.0,-0.0,0,0,0,0,0.0,0,0,0,0,0,0,0,0,0,0,0,0,0,0,0,0,0,0,0,0,0,0,0,0,0,0,0,0,0,0,0,0,0,11,37,37,48,65476,412,65476,1,0,4,21553,0.0,0.0,0.0,0.0,0.0,0.0,0.0,0.0,0.0,0.0,0.0,0.0,0.0,0.0,0.0,0.0,0.0,0.0,0.0,0.0,0.0,2.004,0.0,3.6970818999223845e+19,3.697074863047967e+19,-0.0,0.0,0.0,0.0,0.0,6498.0,-1.0406711991751567e+34,0.0,-107615880.0,107616352.0,0.0,-107616272.0,0.0,0.0,2.004,2.004,225,-71.629,-0.0,0.0,0.0,0.0,0.0,0.0,0.0,0.0,0,0,0,-0.0,68739.797,0.0,-2.9961159620881745e+36,178410525556736.0,0.0,-1.662227856146539e+29,-0.0,-0.0,-3.5092470601321217e+34,-35985572.0,1.2524996987661477e+20,0.0,0.049,0.0,3523.953,0,1.3516416376850534e+27,225,0.0,450,-74360974999552.0,4.5382694181659046e+24,2112,52429,17109,52429,17111,52429,17095,0,0,0,101,100,100,0.0,66.2,2.7302343157793998e+23,66.5,0.0,66.5,1,49,50,180,39322,52429,0,0,0.0,0.0,0.0,60.0,0.003,71.0,0.0,1.9572954832717494e+34,0.0,1069,0,1069,0,0,0,1069,0,1079,0,1000,0,665,0,667,0,661,0,680,0.032,1.4536034330083127e+22,0.0,0.0,55440,16813,0.0,1.9572954832717494e+34,0.122,-3.0083327466774677e+35,-0.0,0.0,50.0,60.0,35,0.0,0.0,10.0,2.0,0.0,0.0,0.0,0.0,0.0,0.0,0.0,0.0,0.0,0.0,0.0,0.0,58.8,54,11,65508,27,65476,0,300,0,0,8,20529,65476,0,0,30147,60.0,0.0,10.0,10.0,2.0,0.0
2026-02-16T12:49:24,ERR,ERR,ERR,ERR,ERR,ERR,ERR,ERR,ERR,ERR,ERR,ERR,ERR,ERR,ERR,ERR,ERR,ERR,ERR,ERR,ERR,ERR,ERR,ERR,ERR,ERR,ERR,ERR,ERR,ERR,ERR,ERR,ERR,ERR,ERR,ERR,ERR,ERR,ERR,ERR,ERR,ERR,ERR,ERR,ERR,ERR,ERR,ERR,ERR,ERR,ERR,ERR,ERR,ERR,ERR,ERR,ERR,ERR,ERR,ERR,ERR,ERR,ERR,ERR,ERR,ERR,ERR,ERR,ERR,ERR,ERR,ERR,ERR,ERR,ERR,ERR,ERR,ERR,ERR,ERR,ERR,ERR,ERR,ERR,ERR,ERR,ERR,ERR,ERR,ERR,ERR,ERR,ERR,ERR,ERR,ERR,ERR,ERR,ERR,ERR,ERR,ERR,ERR,ERR,ERR,ERR,ERR,ERR,ERR,ERR,ERR,ERR,ERR,ERR,ERR,ERR,ERR,ERR,ERR,ERR,ERR,ERR,ERR,ERR,ERR,-107615880.0,107616352.0,-0.0,0.0,-0.031,-0.0,0.0,-0.0,4300,0,8,17169,4300,0.0,41,0.0,0.0,0.0,0.0,-0.0,0,0,0,0,0.0,0,0,0,0,0,0,0,0,0,0,0,0,0,0,0,0,0,0,0,0,0,0,0,0,0,0,0,0,0,0,0,0,0,11,37,37,48,65476,413,65476,1,0,4,21553,0.0,-107610720.0,0.0,0.0,0.0,0.0,0.0,0.0,0.0,0.0,0.0,0.0,0.0,0.0,0.0,0.0,0.0,0.0,0.0,0.0,0.0,2.004,0.0,3.6970818999223845e+19,3.697074863047967e+19,3.697076622266571e+19,0.0,0.0,0.0,0.0,6558.0,-0.0,0.0,-107615880.0,107616352.0,0.0,-0.0,-0.0,0.0,2.004,2.004,225,-0.0,0.0,0.0,0.0,0.0,0.0,0.0,0.0,0.0,0,0,0,-0.0,0.0,53284288.0,-0.0,999349248.0,0.0,-3.7301091093820604e+26,0.018,717924.25,-3.703958192327178e+34,-38869156.0,1.3159103815195243e+20,0.0,0.051,0.0,3.2998060623973086e+31,0,1.3516416376850534e+27,225,0.0,450,-74360974999552.0,4.5382694181659046e+24,2112,52429,17109,52429,17111,52429,17095,0,0,0,101,100,100,0.0,66.2,2.7302343157793998e+23,66.5,0.0,66.5,1,49,50,180,39322,52429,0,0,0.0,0.0,0.0,60.0,0.003,71.0,0.0,1.9572954832717494e+34,0.0,1069,0,1069,0,0,0,1069,0,1079,0,1000,0,665,0,667,0,661,0,680,0.032,1.4536034330083127e+22,0.0,0.0,55440,16813,0.0,1.9572954832717494e+34,0.122,-3.0083327466774677e+35,-0.0,0.0,50.0,60.0,35,0.0,0.0,10.0,2.0,0.0,0.0,0.0,0.0,0.0,0.0,0.0,0.0,0.0,0.0,0.0,0.0,59.2,54,11,65508,27,65476,0,300,0,0,8,20529,65476,0,0,30147,60.0,0.0,10.0,10.0,2.0,0.0
2026-02-16T12:49:25,ERR,ERR,ERR,ERR,ERR,ERR,ERR,ERR,ERR,ERR,ERR,ERR,ERR,ERR,ERR,ERR,ERR,ERR,ERR,ERR,ERR,ERR,ERR,ERR,ERR,ERR,ERR,ERR,ERR,ERR,ERR,ERR,ERR,ERR,ERR,ERR,ERR,ERR,ERR,ERR,ERR,ERR,ERR,ERR,ERR,ERR,ERR,ERR,ERR,ERR,ERR,ERR,ERR,ERR,ERR,ERR,ERR,ERR,ERR,ERR,ERR,ERR,ERR,ERR,ERR,ERR,ERR,ERR,ERR,ERR,ERR,ERR,ERR,ERR,ERR,ERR,ERR,ERR,ERR,ERR,ERR,ERR,ERR,ERR,ERR,ERR,ERR,ERR,ERR,ERR,ERR,ERR,ERR,ERR,ERR,ERR,ERR,ERR,ERR,ERR,ERR,ERR,ERR,ERR,ERR,ERR,ERR,ERR,ERR,ERR,ERR,ERR,ERR,ERR,ERR,ERR,ERR,ERR,ERR,ERR,ERR,ERR,ERR,ERR,ERR,-107615880.0,107616352.0,-0.0,0.0,-0.031,-0.0,0.0,-0.0,4300,0,8,17169,4300,0.0,41,0.0,0.0,0.0,0.0,-0.0,0,0,0,0,0.0,0,0,0,0,0,0,0,0,0,0,0,0,0,0,0,0,0,0,0,0,0,0,0,0,0,0,0,0,0,0,0,0,0,11,37,37,48,65476,413,65476,1,0,4,21553,0.0,-107610720.0,0.0,0.0,0.0,0.0,0.0,0.0,0.0,0.0,0.0,0.0,0.0,0.0,0.0,0.0,0.0,0.0,0.0,0.0,0.0,2.004,0.0,3.6970818999223845e+19,3.697074863047967e+19,3.697076622266571e+19,0.0,0.0,0.0,0.0,6558.0,-0.0,0.0,-107615880.0,107616352.0,0.0,-0.0,-0.0,0.0,2.004,2.004,225,-0.0,0.0,0.0,0.0,0.0,0.0,0.0,0.0,0.0,0,0,0,-0.0,0.0,53284288.0,-0.0,999349248.0,0.0,-3.7301091093820604e+26,0.018,717924.25,-3.703958192327178e+34,-38869156.0,1.3159103815195243e+20,0.0,0.051,0.0,3.2998060623973086e+31,0,1.3516416376850534e+27,225,0.0,450,-74360974999552.0,4.5382694181659046e+24,2112,52429,17109,52429,17111,0,17096,0,0,0,101,100,100,0.0,66.2,2.7302343157793998e+23,66.5,0.0,66.5,1,49,50,180,39322,52429,0,0,0.0,0.0,0.0,60.0,224.26,71.0,0.0,0.0,0.0,1068,0,1069,0,0,0,1069,0,1079,0,1000,0,665,0,667,0,661,0,680,0.032,1.4609821306377965e+22,0.0,0.0,62736,16813,224.26,0.0,-7.73715471310048e+29,0.0,1.0873542821791033e+24,-357040512.0,50.0,60.0,35,0.0,0.0,10.0,2.0,0.0,0.0,0.0,0.0,0.0,0.0,0.0,0.0,0.0,0.0,0.0,0.0,59.2,54,11,65508,27,65476,0,300,0,0,8,20529,65476,0,0,30147,60.0,0.0,10.0,10.0,2.0,0.0
2026-02-16T12:49:26,ERR,ERR,ERR,ERR,ERR,ERR,ERR,ERR,ERR,ERR,ERR,ERR,ERR,ERR,ERR,ERR,ERR,ERR,ERR,ERR,ERR,ERR,ERR,ERR,ERR,ERR,ERR,ERR,ERR,ERR,ERR,ERR,ERR,ERR,ERR,ERR,ERR,ERR,ERR,ERR,ERR,ERR,ERR,ERR,ERR,ERR,ERR,ERR,ERR,ERR,ERR,ERR,ERR,ERR,ERR,ERR,ERR,ERR,ERR,ERR,ERR,ERR,ERR,ERR,ERR,ERR,ERR,ERR,ERR,ERR,ERR,ERR,ERR,ERR,ERR,ERR,ERR,ERR,ERR,ERR,ERR,ERR,ERR,ERR,ERR,ERR,ERR,ERR,ERR,ERR,ERR,ERR,ERR,ERR,ERR,ERR,ERR,ERR,ERR,ERR,ERR,ERR,ERR,ERR,ERR,ERR,ERR,ERR,ERR,ERR,ERR,ERR,ERR,ERR,ERR,ERR,ERR,ERR,ERR,ERR,ERR,ERR,ERR,ERR,ERR,-107615880.0,107616352.0,-0.0,0.0,-0.031,-0.0,0.0,-0.0,4300,0,8,17169,4300,0.0,41,0.0,0.0,0.0,0.0,-0.0,0,0,0,0,0.0,0,0,0,0,0,0,0,0,0,0,0,0,0,0,0,0,0,0,0,0,0,0,0,0,0,0,0,0,0,0,0,0,0,11,37,37,48,65476,413,65476,1,0,4,21553,0.0,-107610720.0,0.0,0.0,0.0,0.0,0.0,0.0,0.0,0.0,0.0,0.0,0.0,0.0,0.0,0.0,0.0,0.0,0.0,0.0,0.0,2.004,0.0,3.6970818999223845e+19,3.697074863047967e+19,3.697076622266571e+19,0.0,0.0,0.0,0.0,6558.0,-0.0,0.0,-107615880.0,107616352.0,0.0,-0.0,-0.0,0.0,2.004,2.004,225,-0.0,0.0,0.0,0.0,0.0,0.0,0.0,0.0,0.0,0,0,0,-0.0,0.0,53284288.0,-0.0,999349248.0,0.0,-3.7301091093820604e+26,0.018,717924.25,-3.703958192327178e+34,-38869156.0,1.3159103815195243e+20,0.0,0.051,0.0,3.2998060623973086e+31,0,1.3516416376850534e+27,225,0.0,450,-74360974999552.0,4.5382694181659046e+24,2112,52429,17109,52429,17111,0,17096,0,0,0,101,100,100,0.0,66.2,2.7302343157793998e+23,66.5,0.0,66.5,1,49,50,180,39322,52429,0,0,0.0,0.0,0.0,60.0,224.26,71.0,0.0,0.0,0.0,1068,0,1069,0,0,0,1069,0,1079,0,1000,0,665,0,667,0,661,0,680,0.032,1.4609821306377965e+22,0.0,0.0,62736,16813,224.26,0.0,-7.73715471310048e+29,0.0,1.0873542821791033e+24,-357040512.0,50.0,60.0,35,0.0,0.0,10.0,2.0,0.0,0.0,0.0,0.0,0.0,0.0,0.0,0.0,0.0,0.0,0.0,0.0,59.2,54,11,65508,27,65476,0,300,0,0,8,20529,65476,0,0,30147,60.0,0.0,10.0,10.0,2.0,0.0
2026-02-16T12:49:27,ERR,ERR,ERR,ERR,ERR,ERR,ERR,ERR,ERR,ERR,ERR,ERR,ERR,ERR,ERR,ERR,ERR,ERR,ERR,ERR,ERR,ERR,ERR,ERR,ERR,ERR,ERR,ERR,ERR,ERR,ERR,ERR,ERR,ERR,ERR,ERR,ERR,ERR,ERR,ERR,ERR,ERR,ERR,ERR,ERR,ERR,ERR,ERR,ERR,ERR,ERR,ERR,ERR,ERR,ERR,ERR,ERR,ERR,ERR,ERR,ERR,ERR,ERR,ERR,ERR,ERR,ERR,ERR,ERR,ERR,ERR,ERR,ERR,ERR,ERR,ERR,ERR,ERR,ERR,ERR,ERR,ERR,ERR,ERR,ERR,ERR,ERR,ERR,ERR,ERR,ERR,ERR,ERR,ERR,ERR,ERR,ERR,ERR,ERR,ERR,ERR,ERR,ERR,ERR,ERR,ERR,ERR,ERR,ERR,ERR,ERR,ERR,ERR,ERR,ERR,ERR,ERR,ERR,ERR,ERR,ERR,ERR,ERR,ERR,ERR,-107615880.0,107616352.0,-0.0,0.0,-0.031,-0.0,0.0,-0.0,4300,0,8,17169,4300,0.0,41,0.0,0.0,0.0,0.0,-0.0,0,0,0,0,0.0,0,0,0,0,0,0,0,0,0,0,0,0,0,0,0,0,0,0,0,0,0,0,0,0,0,0,0,0,0,0,0,0,0,11,37,37,48,65476,413,65476,1,0,4,21553,0.0,-107610720.0,0.0,0.0,0.0,0.0,0.0,0.0,0.0,0.0,0.0,0.0,0.0,0.0,0.0,0.0,0.0,0.0,0.0,0.0,0.0,2.004,0.0,3.6970818999223845e+19,3.697074863047967e+19,3.697076622266571e+19,0.0,0.0,0.0,0.0,6558.0,-0.0,0.0,-107615880.0,107616352.0,0.0,-0.0,-0.0,0.0,2.004,2.004,225,-0.0,0.0,0.0,0.0,0.0,0.0,0.0,0.0,0.0,0,0,0,-0.0,0.0,53284288.0,-0.0,999349248.0,0.0,-3.7301091093820604e+26,0.018,717924.25,-3.703958192327178e+34,-38869156.0,1.3159103815195243e+20,0.0,0.051,0.0,3.2998060623973086e+31,0,1.3516416376850534e+27,225,0.0,450,-74360974999552.0,4.5382694181659046e+24,2112,52429,17109,52429,17111,0,17096,0,0,0,101,100,100,0.0,66.2,2.7302343157793998e+23,66.5,0.0,66.5,1,49,50,180,39322,52429,0,0,0.0,0.0,0.0,60.0,224.26,71.0,0.0,0.0,0.0,1068,0,1069,0,0,0,1069,0,1079,0,1000,0,665,0,667,0,661,0,680,0.032,1.4609821306377965e+22,0.0,0.0,62736,16813,224.26,0.0,-7.73715471310048e+29,0.0,1.0873542821791033e+24,-357040512.0,50.0,60.0,35,0.0,0.0,10.0,2.0,0.0,0.0,0.0,0.0,0.0,0.0,0.0,0.0,0.0,0.0,0.0,0.0,59.2,54,11,65508,27,65476,0,300,0,0,8,20529,65476,0,0,30147,60.0,0.0,10.0,10.0,2.0,0.0
2026-02-16T12:49:28,ERR,ERR,ERR,ERR,ERR,ERR,ERR,ERR,ERR,ERR,ERR,ERR,ERR,ERR,ERR,ERR,ERR,ERR,ERR,ERR,ERR,ERR,ERR,ERR,ERR,ERR,ERR,ERR,ERR,ERR,ERR,ERR,ERR,ERR,ERR,ERR,ERR,ERR,ERR,ERR,ERR,ERR,ERR,ERR,ERR,ERR,ERR,ERR,ERR,ERR,ERR,ERR,ERR,ERR,ERR,ERR,ERR,ERR,ERR,ERR,ERR,ERR,ERR,ERR,ERR,ERR,ERR,ERR,ERR,ERR,ERR,ERR,ERR,ERR,ERR,ERR,ERR,ERR,ERR,ERR,ERR,ERR,ERR,ERR,ERR,ERR,ERR,ERR,ERR,ERR,ERR,ERR,ERR,ERR,ERR,ERR,ERR,ERR,ERR,ERR,ERR,ERR,ERR,ERR,ERR,ERR,ERR,ERR,ERR,ERR,ERR,ERR,ERR,ERR,ERR,ERR,ERR,ERR,ERR,ERR,ERR,ERR,ERR,ERR,ERR,-107615880.0,107616352.0,-0.0,0.0,-0.031,-0.0,0.0,-0.0,4300,0,8,17169,4300,0.0,41,0.0,0.0,0.0,0.0,-0.0,0,0,0,0,0.0,0,0,0,0,0,0,0,0,0,0,0,0,0,0,0,0,0,0,0,0,0,0,0,0,0,0,0,0,0,0,0,0,0,11,37,37,48,65476,413,65476,1,0,4,21553,0.0,-107610720.0,0.0,0.0,0.0,0.0,0.0,0.0,0.0,0.0,0.0,0.0,0.0,0.0,0.0,0.0,0.0,0.0,0.0,0.0,0.0,2.004,0.0,3.6970818999223845e+19,3.697074863047967e+19,3.697076622266571e+19,0.0,0.0,0.0,0.0,6558.0,-0.0,0.0,-107615880.0,107616352.0,0.0,-0.0,-0.0,0.0,2.004,2.004,225,-0.0,0.0,0.0,0.0,0.0,0.0,0.0,0.0,0.0,0,0,0,-0.0,0.0,53284288.0,-0.0,999349248.0,0.0,-3.7301091093820604e+26,0.018,717924.25,-3.703958192327178e+34,-38869156.0,1.3159103815195243e+20,0.0,0.051,0.0,3.2998060623973086e+31,0,1.3516416376850534e+27,225,0.0,450,-74360974999552.0,4.5382694181659046e+24,2112,52429,17109,52429,17111,52429,17095,0,0,0,101,100,100,2.7302341356354147e+23,66.2,2.7302343157793998e+23,66.5,0.0,66.5,1,49,50,180,39322,52429,0,0,0.0,0.0,0.0,60.0,937419472896.0,71.0,0.0,-4.429139189019778e+36,0.0,1068,0,1069,0,0,0,1069,0,1080,0,999,0,665,0,667,0,661,0,679,0.032,1.4609821306377965e+22,-2.004,-107615288.0,65296,16813,4.644561828414751e+17,0.0,0.002,1.109211993216513e+33,-0.118,0.0,50.0,60.0,35,0.0,0.0,10.0,2.0,0.0,0.0,0.0,0.0,0.0,0.0,0.0,0.0,0.0,0.0,0.0,0.0,58.8,54,11,65509,27,65476,0,300,0,0,8,20529,65476,0,0,30147,60.0,0.0,10.0,10.0,2.0,0.0
2026-02-16T12:49:29,ERR,ERR,ERR,ERR,ERR,ERR,ERR,ERR,ERR,ERR,ERR,ERR,ERR,ERR,ERR,ERR,ERR,ERR,ERR,ERR,ERR,ERR,ERR,ERR,ERR,ERR,ERR,ERR,ERR,ERR,ERR,ERR,ERR,ERR,ERR,ERR,ERR,ERR,ERR,ERR,ERR,ERR,ERR,ERR,ERR,ERR,ERR,ERR,ERR,ERR,ERR,ERR,ERR,ERR,ERR,ERR,ERR,ERR,ERR,ERR,ERR,ERR,ERR,ERR,ERR,ERR,ERR,ERR,ERR,ERR,ERR,ERR,ERR,ERR,ERR,ERR,ERR,ERR,ERR,ERR,ERR,ERR,ERR,ERR,ERR,ERR,ERR,ERR,ERR,ERR,ERR,ERR,ERR,ERR,ERR,ERR,ERR,ERR,ERR,ERR,ERR,ERR,ERR,ERR,ERR,ERR,ERR,ERR,ERR,ERR,ERR,ERR,ERR,ERR,ERR,ERR,ERR,ERR,ERR,ERR,ERR,ERR,ERR,ERR,ERR,0.0,107616352.0,0.0,0.0,71072154124288.0,-0.0,0.0,0.0,4300,0,8,17169,4300,0.0,41,0.0,0.0,0.0,0.0,-0.0,0,0,0,0,0.0,0,0,0,0,0,0,0,0,0,0,0,0,0,0,0,0,0,0,0,0,0,0,0,0,0,0,0,0,0,0,0,0,0,10,38,37,48,65476,413,65476,1,0,4,21553,0.0,-107610720.0,0.0,0.0,0.0,0.0,0.0,0.0,0.0,0.0,0.0,0.0,0.0,0.0,0.0,0.0,0.0,0.0,0.0,0.0,0.0,2.004,0.0,3.6970818999223845e+19,-0.0,2.004,0.0,0.0,0.0,0.0,6560.0,0.0,0.0,-107615880.0,107616352.0,0.0,-0.0,0.0,0.0,2.004,2.004,226,-0.0,89221.023,0.0,0.0,0.0,0.0,0.0,0.0,0.0,0,0,0,-0.0,-1444823374495744.0,2873563807744.0,7558395904.0,8.396874892004256e+24,-0.0,10577.518,1.9036426580888394e+31,-0.0,-3.914895252205155e+34,-42539172.0,1.3966148868420036e+20,0.0,0.055,0.0,1.883846435454847e+21,0,1.3516416376850534e+27,226,0.0,452,0.0,-1.4035688898663253e+35,2112,52429,17109,52429,17111,52429,17095,0,0,0,101,100,100,2.7302341356354147e+23,66.2,2.7302343157793998e+23,66.5,0.0,66.5,1,49,50,180,39322,52429,0,0,0.0,0.0,0.0,60.0,937419472896.0,71.0,0.0,-4.429139189019778e+36,0.0,1068,0,1069,0,0,0,1069,0,1080,0,999,0,665,0,667,0,661,0,679,0.032,1.4609821306377965e+22,-2.004,-107615288.0,65296,16813,4.644561828414751e+17,0.0,0.002,1.109211993216513e+33,-0.118,0.0,50.0,60.0,35,0.0,0.0,10.0,2.0,0.0,0.0,0.0,0.0,0.0,0.0,0.0,0.0,0.0,0.0,0.0,0.0,58.8,54,11,65509,27,65476,0,300,0,0,8,20529,65476,0,0,30147,60.0,0.0,10.0,10.0,2.0,0.0
2026-02-16T12:49:30,ERR,ERR,ERR,ERR,ERR,ERR,ERR,ERR,ERR,ERR,ERR,ERR,ERR,ERR,ERR,ERR,ERR,ERR,ERR,ERR,ERR,ERR,ERR,ERR,ERR,ERR,ERR,ERR,ERR,ERR,ERR,ERR,ERR,ERR,ERR,ERR,ERR,ERR,ERR,ERR,ERR,ERR,ERR,ERR,ERR,ERR,ERR,ERR,ERR,ERR,ERR,ERR,ERR,ERR,ERR,ERR,ERR,ERR,ERR,ERR,ERR,ERR,ERR,ERR,ERR,ERR,ERR,ERR,ERR,ERR,ERR,ERR,ERR,ERR,ERR,ERR,ERR,ERR,ERR,ERR,ERR,ERR,ERR,ERR,ERR,ERR,ERR,ERR,ERR,ERR,ERR,ERR,ERR,ERR,ERR,ERR,ERR,ERR,ERR,ERR,ERR,ERR,ERR,ERR,ERR,ERR,ERR,ERR,ERR,ERR,ERR,ERR,ERR,ERR,ERR,ERR,ERR,ERR,ERR,ERR,ERR,ERR,ERR,ERR,ERR,0.0,107616352.0,0.0,0.0,71072154124288.0,-0.0,0.0,0.0,4300,0,8,17169,4300,0.0,41,0.0,0.0,0.0,0.0,-0.0,0,0,0,0,0.0,0,0,0,0,0,0,0,0,0,0,0,0,0,0,0,0,0,0,0,0,0,0,0,0,0,0,0,0,0,0,0,0,0,10,38,37,48,65476,413,65476,1,0,4,21553,0.0,-107610720.0,0.0,0.0,0.0,0.0,0.0,0.0,0.0,0.0,0.0,0.0,0.0,0.0,0.0,0.0,0.0,0.0,0.0,0.0,0.0,2.004,0.0,3.6970818999223845e+19,-0.0,2.004,0.0,0.0,0.0,0.0,6560.0,0.0,0.0,-107615880.0,107616352.0,0.0,-0.0,0.0,0.0,2.004,2.004,226,-0.0,89221.023,0.0,0.0,0.0,0.0,0.0,0.0,0.0,0,0,0,-0.0,-1444823374495744.0,2873563807744.0,7558395904.0,8.396874892004256e+24,-0.0,10577.518,1.9036426580888394e+31,-0.0,-3.914895252205155e+34,-42539172.0,1.3966148868420036e+20,0.0,0.055,0.0,1.883846435454847e+21,0,1.3516416376850534e+27,226,0.0,452,0.0,-1.4035688898663253e+35,2112,52429,17109,52429,17111,52429,17095,0,0,0,101,100,100,2.7302341356354147e+23,66.2,2.7302343157793998e+23,66.5,0.0,66.5,1,49,50,180,39322,52429,0,0,0.0,0.0,0.0,60.0,937419472896.0,71.0,0.0,-4.429139189019778e+36,0.0,1068,0,1069,0,0,0,1069,0,1080,0,999,0,665,0,667,0,661,0,679,0.032,1.4609821306377965e+22,-2.004,-107615288.0,65296,16813,4.644561828414751e+17,0.0,0.002,1.109211993216513e+33,-0.118,0.0,50.0,60.0,35,0.0,0.0,10.0,2.0,0.0,0.0,0.0,0.0,0.0,0.0,0.0,0.0,0.0,0.0,0.0,0.0,58.8,54,11,65509,27,65476,0,300,0,0,8,20529,65476,0,0,30147,60.0,0.0,10.0,10.0,2.0,0.0
2026-02-16T12:49:31,ERR,ERR,ERR,ERR,ERR,ERR,ERR,ERR,ERR,ERR,ERR,ERR,ERR,ERR,ERR,ERR,ERR,ERR,ERR,ERR,ERR,ERR,ERR,ERR,ERR,ERR,ERR,ERR,ERR,ERR,ERR,ERR,ERR,ERR,ERR,ERR,ERR,ERR,ERR,ERR,ERR,ERR,ERR,ERR,ERR,ERR,ERR,ERR,ERR,ERR,ERR,ERR,ERR,ERR,ERR,ERR,ERR,ERR,ERR,ERR,ERR,ERR,ERR,ERR,ERR,ERR,ERR,ERR,ERR,ERR,ERR,ERR,ERR,ERR,ERR,ERR,ERR,ERR,ERR,ERR,ERR,ERR,ERR,ERR,ERR,ERR,ERR,ERR,ERR,ERR,ERR,ERR,ERR,ERR,ERR,ERR,ERR,ERR,ERR,ERR,ERR,ERR,ERR,ERR,ERR,ERR,ERR,ERR,ERR,ERR,ERR,ERR,ERR,ERR,ERR,ERR,ERR,ERR,ERR,ERR,ERR,ERR,ERR,ERR,ERR,0.0,107616352.0,0.0,0.0,71072154124288.0,-0.0,0.0,0.0,4300,0,8,17169,4300,0.0,41,0.0,0.0,0.0,0.0,-0.0,0,0,0,0,0.0,0,0,0,0,0,0,0,0,0,0,0,0,0,0,0,0,0,0,0,0,0,0,0,0,0,0,0,0,0,0,0,0,0,10,38,37,48,65476,413,65476,1,0,4,21553,0.0,-107610720.0,0.0,0.0,0.0,0.0,0.0,0.0,0.0,0.0,0.0,0.0,0.0,0.0,0.0,0.0,0.0,0.0,0.0,0.0,0.0,2.004,0.0,3.6970818999223845e+19,-0.0,2.004,0.0,0.0,0.0,0.0,6560.0,0.0,0.0,-107615880.0,107616352.0,0.0,-0.0,0.0,0.0,2.004,2.004,226,-0.0,89221.023,0.0,0.0,0.0,0.0,0.0,0.0,0.0,0,0,0,-0.0,-1444823374495744.0,2873563807744.0,7558395904.0,8.396874892004256e+24,-0.0,10577.518,1.9036426580888394e+31,-0.0,-3.914895252205155e+34,-42539172.0,1.3966148868420036e+20,0.0,0.055,0.0,1.883846435454847e+21,0,1.3516416376850534e+27,226,0.0,452,0.0,-1.4035688898663253e+35,2112,52429,17109,52429,17111,52429,17095,0,0,0,101,100,100,2.7302341356354147e+23,66.2,2.7302343157793998e+23,66.5,0.0,66.5,1,49,50,180,39322,52429,0,0,0.0,0.0,0.0,60.0,937419472896.0,71.0,0.0,-4.429139189019778e+36,0.0,1068,0,1069,0,0,0,1069,0,1080,0,999,0,665,0,667,0,661,0,679,0.032,1.4609821306377965e+22,-2.004,-107615288.0,65296,16813,4.644561828414751e+17,0.0,0.002,1.109211993216513e+33,-0.118,0.0,50.0,60.0,35,0.0,0.0,10.0,2.0,0.0,0.0,0.0,0.0,0.0,0.0,0.0,0.0,0.0,0.0,0.0,0.0,58.8,54,11,65509,27,65476,0,300,0,0,8,20529,65476,0,0,30147,60.0,0.0,10.0,10.0,2.0,0.0
2026-02-16T12:49:32,ERR,ERR,ERR,ERR,ERR,ERR,ERR,ERR,ERR,ERR,ERR,ERR,ERR,ERR,ERR,ERR,ERR,ERR,ERR,ERR,ERR,ERR,ERR,ERR,ERR,ERR,ERR,ERR,ERR,ERR,ERR,ERR,ERR,ERR,ERR,ERR,ERR,ERR,ERR,ERR,ERR,ERR,ERR,ERR,ERR,ERR,ERR,ERR,ERR,ERR,ERR,ERR,ERR,ERR,ERR,ERR,ERR,ERR,ERR,ERR,ERR,ERR,ERR,ERR,ERR,ERR,ERR,ERR,ERR,ERR,ERR,ERR,ERR,ERR,ERR,ERR,ERR,ERR,ERR,ERR,ERR,ERR,ERR,ERR,ERR,ERR,ERR,ERR,ERR,ERR,ERR,ERR,ERR,ERR,ERR,ERR,ERR,ERR,ERR,ERR,ERR,ERR,ERR,ERR,ERR,ERR,ERR,ERR,ERR,ERR,ERR,ERR,ERR,ERR,ERR,ERR,ERR,ERR,ERR,ERR,ERR,ERR,ERR,ERR,ERR,0.0,107616352.0,0.0,0.0,71072154124288.0,-0.0,0.0,0.0,4300,0,8,17169,4300,0.0,41,0.0,0.0,0.0,0.0,-0.0,0,0,0,0,0.0,0,0,0,0,0,0,0,0,0,0,0,0,0,0,0,0,0,0,0,0,0,0,0,0,0,0,0,0,0,0,0,0,0,10,38,37,48,65476,413,65476,1,0,4,21553,0.0,-107610720.0,0.0,0.0,0.0,0.0,0.0,0.0,0.0,0.0,0.0,0.0,0.0,0.0,0.0,0.0,0.0,0.0,0.0,0.0,0.0,2.004,0.0,3.6970818999223845e+19,-0.0,2.004,0.0,0.0,0.0,0.0,6560.0,0.0,0.0,-107615880.0,107616352.0,0.0,-0.0,0.0,0.0,2.004,2.004,226,-0.0,89221.023,0.0,0.0,0.0,0.0,0.0,0.0,0.0,0,0,0,-0.0,-1444823374495744.0,2873563807744.0,7558395904.0,8.396874892004256e+24,-0.0,10577.518,1.9036426580888394e+31,-0.0,-3.914895252205155e+34,-42539172.0,1.3966148868420036e+20,0.0,0.055,0.0,1.883846435454847e+21,0,1.3516416376850534e+27,226,0.0,452,0.0,-1.4035688898663253e+35,2112,52429,17109,52429,17111,52429,17095,0,0,0,101,100,100,0.0,66.2,2.7302343157793998e+23,66.5,0.0,66.5,1,49,50,180,52429,52429,0,0,0.0,0.0,0.0,60.0,21201330110464.0,71.0,0.0,-1.0021352874351357e+37,0.0,1068,0,1069,0,0,0,1069,0,1079,0,999,0,665,0,667,0,661,0,680,0.032,1.4536034330083127e+22,-2.004,-107615288.0,2832,16814,21201330110464.0,-1.0021352874351357e+37,0.0,-1.6080121124390241e+35,-0.0,-9.465493997071515e+20,50.0,60.0,35,0.0,0.0,10.0,2.0,0.0,0.0,0.0,0.0,0.0,0.0,0.0,0.0,0.0,0.0,0.0,0.0,58.8,54,11,65509,27,65476,0,300,0,0,8,20529,65476,0,0,30147,60.0,0.0,10.0,10.0,2.0,0.0
2026-02-16T12:49:33,ERR,ERR,ERR,ERR,ERR,ERR,ERR,ERR,ERR,ERR,ERR,ERR,ERR,ERR,ERR,ERR,ERR,ERR,ERR,ERR,ERR,ERR,ERR,ERR,ERR,ERR,ERR,ERR,ERR,ERR,ERR,ERR,ERR,ERR,ERR,ERR,ERR,ERR,ERR,ERR,ERR,ERR,ERR,ERR,ERR,ERR,ERR,ERR,ERR,ERR,ERR,ERR,ERR,ERR,ERR,ERR,ERR,ERR,ERR,ERR,ERR,ERR,ERR,ERR,ERR,ERR,ERR,ERR,ERR,ERR,ERR,ERR,ERR,ERR,ERR,ERR,ERR,ERR,ERR,ERR,ERR,ERR,ERR,ERR,ERR,ERR,ERR,ERR,ERR,ERR,ERR,ERR,ERR,ERR,ERR,ERR,ERR,ERR,ERR,ERR,ERR,ERR,ERR,ERR,ERR,ERR,ERR,ERR,ERR,ERR,ERR,ERR,ERR,ERR,ERR,ERR,ERR,ERR,ERR,ERR,ERR,ERR,ERR,ERR,ERR,0.0,107616352.0,0.0,0.0,71072154124288.0,-0.0,0.0,0.0,4300,0,8,17169,4300,0.0,41,0.0,0.0,0.0,0.0,-0.0,0,0,0,0,0.0,0,0,0,0,0,0,0,0,0,0,0,0,0,0,0,0,0,0,0,0,0,0,0,0,0,0,0,0,0,0,0,0,0,10,38,37,48,65476,413,65476,1,0,4,21553,0.0,-107610720.0,0.0,0.0,0.0,0.0,0.0,0.0,0.0,0.0,0.0,0.0,0.0,0.0,0.0,0.0,0.0,0.0,0.0,0.0,0.0,2.004,0.0,3.6970818999223845e+19,-0.0,2.004,0.0,0.0,0.0,0.0,6560.0,0.0,0.0,-107615880.0,107616352.0,0.0,-0.0,0.0,0.0,2.004,2.004,226,-0.0,89221.023,0.0,0.0,0.0,0.0,0.0,0.0,0.0,0,0,0,-0.0,-1444823374495744.0,2873563807744.0,7558395904.0,8.396874892004256e+24,-0.0,10577.518,1.9036426580888394e+31,-0.0,-3.914895252205155e+34,-42539172.0,1.3966148868420036e+20,0.0,0.055,0.0,1.883846435454847e+21,0,1.3516416376850534e+27,226,0.0,452,0.0,-1.4035688898663253e+35,2112,52429,17109,52429,17111,52429,17095,0,0,0,101,100,100,0.0,66.2,2.7302343157793998e+23,66.5,0.0,66.5,1,49,50,180,52429,52429,0,0,0.0,0.0,0.0,60.0,21201330110464.0,71.0,0.0,-1.0021352874351357e+37,0.0,1068,0,1069,0,0,0,1069,0,1079,0,999,0,665,0,667,0,661,0,680,0.032,1.4536034330083127e+22,-2.004,-107615288.0,2832,16814,21201330110464.0,-1.0021352874351357e+37,0.0,-1.6080121124390241e+35,-0.0,-9.465493997071515e+20,50.0,60.0,35,0.0,0.0,10.0,2.0,0.0,0.0,0.0,0.0,0.0,0.0,0.0,0.0,0.0,0.0,0.0,0.0,58.8,54,11,65509,27,65476,0,300,0,0,8,20529,65476,0,0,30147,60.0,0.0,10.0,10.0,2.0,0.0
2026-02-16T12:49:34,ERR,ERR,ERR,ERR,ERR,ERR,ERR,ERR,ERR,ERR,ERR,ERR,ERR,ERR,ERR,ERR,ERR,ERR,ERR,ERR,ERR,ERR,ERR,ERR,ERR,ERR,ERR,ERR,ERR,ERR,ERR,ERR,ERR,ERR,ERR,ERR,ERR,ERR,ERR,ERR,ERR,ERR,ERR,ERR,ERR,ERR,ERR,ERR,ERR,ERR,ERR,ERR,ERR,ERR,ERR,ERR,ERR,ERR,ERR,ERR,ERR,ERR,ERR,ERR,ERR,ERR,ERR,ERR,ERR,ERR,ERR,ERR,ERR,ERR,ERR,ERR,ERR,ERR,ERR,ERR,ERR,ERR,ERR,ERR,ERR,ERR,ERR,ERR,ERR,ERR,ERR,ERR,ERR,ERR,ERR,ERR,ERR,ERR,ERR,ERR,ERR,ERR,ERR,ERR,ERR,ERR,ERR,ERR,ERR,ERR,ERR,ERR,ERR,ERR,ERR,ERR,ERR,ERR,ERR,ERR,ERR,ERR,ERR,ERR,ERR,-107615880.0,107616352.0,-0.0,0.0,-0.031,-920214896640.0,-0.0,1.488442013308158e+18,4300,0,8,17169,4300,0.0,41,0.0,0.0,0.0,0.0,-0.0,0,0,0,0,0.0,0,0,0,0,0,0,0,0,0,0,0,0,0,0,0,0,0,0,0,0,0,0,0,0,0,0,0,0,0,0,0,0,0,10,38,37,47,65476,413,65476,1,0,4,21553,0.0,0.0,0.0,0.0,0.0,0.0,0.0,0.0,0.0,0.0,0.0,0.0,0.0,0.0,0.0,0.0,0.0,0.0,0.0,0.0,0.0,2.004,0.0,3.6970818999223845e+19,-0.0,2.004,0.0,0.0,0.0,0.0,6562.0,2.4230020278207133e+24,0.0,-107615880.0,107616352.0,0.0,-0.0,0.0,0.0,2.004,2.004,226,-71.629,4.95042434246788e+32,0.0,0.0,0.0,0.0,0.0,0.0,0.0,0,0,0,-0.0,577.03,1.4369058307348785e+20,0.0,9.908501785001127e+33,-0.0,157060202496.0,-3.9606167725431037e+33,0.0,-4.1258323120831325e+34,-46209188.0,1.4715547846414487e+20,0.0,0.057,0.0,0.003,0,1.3516416376850534e+27,226,0.0,452,0.0,5.5413446501399e+19,2112,52429,17109,52429,17111,52429,17095,0,0,0,101,100,100,0.0,66.2,2.7302343157793998e+23,66.5,0.0,66.5,1,49,50,180,52429,52429,0,0,0.0,0.0,0.0,60.0,21201330110464.0,71.0,0.0,-1.0021352874351357e+37,0.0,1068,0,1069,0,0,0,1069,0,1079,0,999,0,665,0,667,0,661,0,680,0.032,1.4536034330083127e+22,-2.004,-107615288.0,2832,16814,21201330110464.0,-1.0021352874351357e+37,0.0,-1.6080121124390241e+35,-0.0,-9.465493997071515e+20,50.0,60.0,35,0.0,0.0,10.0,2.0,0.0,0.0,0.0,0.0,0.0,0.0,0.0,0.0,0.0,0.0,0.0,0.0,58.8,54,11,65509,27,65476,0,300,0,0,8,20529,65476,0,0,30147,60.0,0.0,10.0,10.0,2.0,0.0
2026-02-16T12:49:35,ERR,ERR,ERR,ERR,ERR,ERR,ERR,ERR,ERR,ERR,ERR,ERR,ERR,ERR,ERR,ERR,ERR,ERR,ERR,ERR,ERR,ERR,ERR,ERR,ERR,ERR,ERR,ERR,ERR,ERR,ERR,ERR,ERR,ERR,ERR,ERR,ERR,ERR,ERR,ERR,ERR,ERR,ERR,ERR,ERR,ERR,ERR,ERR,ERR,ERR,ERR,ERR,ERR,ERR,ERR,ERR,ERR,ERR,ERR,ERR,ERR,ERR,ERR,ERR,ERR,ERR,ERR,ERR,ERR,ERR,ERR,ERR,ERR,ERR,ERR,ERR,ERR,ERR,ERR,ERR,ERR,ERR,ERR,ERR,ERR,ERR,ERR,ERR,ERR,ERR,ERR,ERR,ERR,ERR,ERR,ERR,ERR,ERR,ERR,ERR,ERR,ERR,ERR,ERR,ERR,ERR,ERR,ERR,ERR,ERR,ERR,ERR,ERR,ERR,ERR,ERR,ERR,ERR,ERR,ERR,ERR,ERR,ERR,ERR,ERR,-107615880.0,107616352.0,-0.0,0.0,-0.031,-920214896640.0,-0.0,1.488442013308158e+18,4300,0,8,17169,4300,0.0,41,0.0,0.0,0.0,0.0,-0.0,0,0,0,0,0.0,0,0,0,0,0,0,0,0,0,0,0,0,0,0,0,0,0,0,0,0,0,0,0,0,0,0,0,0,0,0,0,0,0,10,38,37,47,65476,413,65476,1,0,4,21553,0.0,0.0,0.0,0.0,0.0,0.0,0.0,0.0,0.0,0.0,0.0,0.0,0.0,0.0,0.0,0.0,0.0,0.0,0.0,0.0,0.0,2.004,0.0,3.6970818999223845e+19,-0.0,2.004,0.0,0.0,0.0,0.0,6562.0,2.4230020278207133e+24,0.0,-107615880.0,107616352.0,0.0,-0.0,0.0,0.0,2.004,2.004,226,-71.629,4.95042434246788e+32,0.0,0.0,0.0,0.0,0.0,0.0,0.0,0,0,0,-0.0,577.03,1.4369058307348785e+20,0.0,9.908501785001127e+33,-0.0,157060202496.0,-3.9606167725431037e+33,0.0,-4.1258323120831325e+34,-46209188.0,1.4715547846414487e+20,0.0,0.057,0.0,0.003,0,1.3516416376850534e+27,226,0.0,452,0.0,5.5413446501399e+19,2112,52429,17109,52429,17111,52429,17095,0,0,0,101,100,100,0.0,66.2,2.7302343157793998e+23,66.5,0.0,66.5,1,49,50,180,52429,52429,0,0,0.0,0.0,0.0,60.0,6.875307197018931e+16,71.0,0.0,-8.989256221302117e+37,0.0,1068,0,1069,0,0,0,1069,0,1079,0,999,0,665,0,667,0,661,0,680,0.032,1.4609821306377965e+22,0.0,0.0,60304,16813,268980672.0,-0.0,5.857260353428137e+26,0.0,-2.1912155247519234e+30,0.0,50.0,60.0,35,0.0,0.0,10.0,2.0,0.0,0.0,0.0,0.0,0.0,0.0,0.0,0.0,0.0,0.0,0.0,0.0,58.8,54,11,65509,27,65476,0,300,0,0,8,20529,65476,0,0,30147,60.0,0.0,10.0,10.0,2.0,0.0
2026-02-16T12:49:36,ERR,ERR,ERR,ERR,ERR,ERR,ERR,ERR,ERR,ERR,ERR,ERR,ERR,ERR,ERR,ERR,ERR,ERR,ERR,ERR,ERR,ERR,ERR,ERR,ERR,ERR,ERR,ERR,ERR,ERR,ERR,ERR,ERR,ERR,ERR,ERR,ERR,ERR,ERR,ERR,ERR,ERR,ERR,ERR,ERR,ERR,ERR,ERR,ERR,ERR,ERR,ERR,ERR,ERR,ERR,ERR,ERR,ERR,ERR,ERR,ERR,ERR,ERR,ERR,ERR,ERR,ERR,ERR,ERR,ERR,ERR,ERR,ERR,ERR,ERR,ERR,ERR,ERR,ERR,ERR,ERR,ERR,ERR,ERR,ERR,ERR,ERR,ERR,ERR,ERR,ERR,ERR,ERR,ERR,ERR,ERR,ERR,ERR,ERR,ERR,ERR,ERR,ERR,ERR,ERR,ERR,ERR,ERR,ERR,ERR,ERR,ERR,ERR,ERR,ERR,ERR,ERR,ERR,ERR,ERR,ERR,ERR,ERR,ERR,ERR,-107615880.0,107616352.0,-0.0,0.0,-0.031,-920214896640.0,-0.0,1.488442013308158e+18,4300,0,8,17169,4300,0.0,41,0.0,0.0,0.0,0.0,-0.0,0,0,0,0,0.0,0,0,0,0,0,0,0,0,0,0,0,0,0,0,0,0,0,0,0,0,0,0,0,0,0,0,0,0,0,0,0,0,0,10,38,37,47,65476,413,65476,1,0,4,21553,0.0,0.0,0.0,0.0,0.0,0.0,0.0,0.0,0.0,0.0,0.0,0.0,0.0,0.0,0.0,0.0,0.0,0.0,0.0,0.0,0.0,2.004,0.0,3.6970818999223845e+19,-0.0,2.004,0.0,0.0,0.0,0.0,6562.0,2.4230020278207133e+24,0.0,-107615880.0,107616352.0,0.0,-0.0,0.0,0.0,2.004,2.004,226,-71.629,4.95042434246788e+32,0.0,0.0,0.0,0.0,0.0,0.0,0.0,0,0,0,-0.0,577.03,1.4369058307348785e+20,0.0,9.908501785001127e+33,-0.0,157060202496.0,-3.9606167725431037e+33,0.0,-4.1258323120831325e+34,-46209188.0,1.4715547846414487e+20,0.0,0.057,0.0,0.003,0,1.3516416376850534e+27,226,0.0,452,0.0,5.5413446501399e+19,2112,52429,17109,52429,17111,52429,17095,0,0,0,101,100,100,0.0,66.2,2.7302343157793998e+23,66.5,0.0,66.5,1,49,50,180,52429,52429,0,0,0.0,0.0,0.0,60.0,6.875307197018931e+16,71.0,0.0,-8.989256221302117e+37,0.0,1068,0,1069,0,0,0,1069,0,1079,0,999,0,665,0,667,0,661,0,680,0.032,1.4609821306377965e+22,0.0,0.0,60304,16813,268980672.0,-0.0,5.857260353428137e+26,0.0,-2.1912155247519234e+30,0.0,50.0,60.0,35,0.0,0.0,10.0,2.0,0.0,0.0,0.0,0.0,0.0,0.0,0.0,0.0,0.0,0.0,0.0,0.0,58.8,54,11,65509,27,65476,0,300,0,0,8,20529,65476,0,0,30147,60.0,0.0,10.0,10.0,2.0,0.0
2026-02-16T12:49:37,ERR,ERR,ERR,ERR,ERR,ERR,ERR,ERR,ERR,ERR,ERR,ERR,ERR,ERR,ERR,ERR,ERR,ERR,ERR,ERR,ERR,ERR,ERR,ERR,ERR,ERR,ERR,ERR,ERR,ERR,ERR,ERR,ERR,ERR,ERR,ERR,ERR,ERR,ERR,ERR,ERR,ERR,ERR,ERR,ERR,ERR,ERR,ERR,ERR,ERR,ERR,ERR,ERR,ERR,ERR,ERR,ERR,ERR,ERR,ERR,ERR,ERR,ERR,ERR,ERR,ERR,ERR,ERR,ERR,ERR,ERR,ERR,ERR,ERR,ERR,ERR,ERR,ERR,ERR,ERR,ERR,ERR,ERR,ERR,ERR,ERR,ERR,ERR,ERR,ERR,ERR,ERR,ERR,ERR,ERR,ERR,ERR,ERR,ERR,ERR,ERR,ERR,ERR,ERR,ERR,ERR,ERR,ERR,ERR,ERR,ERR,ERR,ERR,ERR,ERR,ERR,ERR,ERR,ERR,ERR,ERR,ERR,ERR,ERR,ERR,-107615880.0,107616352.0,-0.0,0.0,-0.031,-920214896640.0,-0.0,1.488442013308158e+18,4300,0,8,17169,4300,0.0,41,0.0,0.0,0.0,0.0,-0.0,0,0,0,0,0.0,0,0,0,0,0,0,0,0,0,0,0,0,0,0,0,0,0,0,0,0,0,0,0,0,0,0,0,0,0,0,0,0,0,10,38,37,47,65476,413,65476,1,0,4,21553,0.0,0.0,0.0,0.0,0.0,0.0,0.0,0.0,0.0,0.0,0.0,0.0,0.0,0.0,0.0,0.0,0.0,0.0,0.0,0.0,0.0,2.004,0.0,3.6970818999223845e+19,-0.0,2.004,0.0,0.0,0.0,0.0,6562.0,2.4230020278207133e+24,0.0,-107615880.0,107616352.0,0.0,-0.0,0.0,0.0,2.004,2.004,226,-71.629,4.95042434246788e+32,0.0,0.0,0.0,0.0,0.0,0.0,0.0,0,0,0,-0.0,577.03,1.4369058307348785e+20,0.0,9.908501785001127e+33,-0.0,157060202496.0,-3.9606167725431037e+33,0.0,-4.1258323120831325e+34,-46209188.0,1.4715547846414487e+20,0.0,0.057,0.0,0.003,0,1.3516416376850534e+27,226,0.0,452,0.0,5.5413446501399e+19,2112,52429,17109,52429,17111,52429,17095,0,0,0,101,100,100,0.0,66.2,2.7302343157793998e+23,66.5,0.0,66.5,1,49,50,180,52429,52429,0,0,0.0,0.0,0.0,60.0,6.875307197018931e+16,71.0,0.0,-8.989256221302117e+37,0.0,1068,0,1069,0,0,0,1069,0,1079,0,999,0,665,0,667,0,661,0,680,0.032,1.4609821306377965e+22,0.0,0.0,60304,16813,268980672.0,-0.0,5.857260353428137e+26,0.0,-2.1912155247519234e+30,0.0,50.0,60.0,35,0.0,0.0,10.0,2.0,0.0,0.0,0.0,0.0,0.0,0.0,0.0,0.0,0.0,0.0,0.0,0.0,58.8,54,11,65509,27,65476,0,300,0,0,8,20529,65476,0,0,30147,60.0,0.0,10.0,10.0,2.0,0.0
2026-02-16T12:49:38,ERR,ERR,ERR,ERR,ERR,ERR,ERR,ERR,ERR,ERR,ERR,ERR,ERR,ERR,ERR,ERR,ERR,ERR,ERR,ERR,ERR,ERR,ERR,ERR,ERR,ERR,ERR,ERR,ERR,ERR,ERR,ERR,ERR,ERR,ERR,ERR,ERR,ERR,ERR,ERR,ERR,ERR,ERR,ERR,ERR,ERR,ERR,ERR,ERR,ERR,ERR,ERR,ERR,ERR,ERR,ERR,ERR,ERR,ERR,ERR,ERR,ERR,ERR,ERR,ERR,ERR,ERR,ERR,ERR,ERR,ERR,ERR,ERR,ERR,ERR,ERR,ERR,ERR,ERR,ERR,ERR,ERR,ERR,ERR,ERR,ERR,ERR,ERR,ERR,ERR,ERR,ERR,ERR,ERR,ERR,ERR,ERR,ERR,ERR,ERR,ERR,ERR,ERR,ERR,ERR,ERR,ERR,ERR,ERR,ERR,ERR,ERR,ERR,ERR,ERR,ERR,ERR,ERR,ERR,ERR,ERR,ERR,ERR,ERR,ERR,-107615880.0,107616352.0,-0.0,0.0,-0.031,-920214896640.0,-0.0,1.488442013308158e+18,4300,0,8,17169,4300,0.0,41,0.0,0.0,0.0,0.0,-0.0,0,0,0,0,0.0,0,0,0,0,0,0,0,0,0,0,0,0,0,0,0,0,0,0,0,0,0,0,0,0,0,0,0,0,0,0,0,0,0,10,38,37,47,65476,413,65476,1,0,4,21553,0.0,0.0,0.0,0.0,0.0,0.0,0.0,0.0,0.0,0.0,0.0,0.0,0.0,0.0,0.0,0.0,0.0,0.0,0.0,0.0,0.0,2.004,0.0,3.6970818999223845e+19,-0.0,2.004,0.0,0.0,0.0,0.0,6562.0,2.4230020278207133e+24,0.0,-107615880.0,107616352.0,0.0,-0.0,0.0,0.0,2.004,2.004,226,-71.629,4.95042434246788e+32,0.0,0.0,0.0,0.0,0.0,0.0,0.0,0,0,0,-0.0,577.03,1.4369058307348785e+20,0.0,9.908501785001127e+33,-0.0,157060202496.0,-3.9606167725431037e+33,0.0,-4.1258323120831325e+34,-46209188.0,1.4715547846414487e+20,0.0,0.057,0.0,0.003,0,1.3516416376850534e+27,226,0.0,452,0.0,5.5413446501399e+19,2112,52429,17109,52429,17111,52429,17095,0,0,0,101,100,100,0.0,66.2,2.7302343157793998e+23,66.5,0.0,66.5,1,49,50,180,52429,52429,0,0,0.0,0.0,0.0,60.0,6.875307197018931e+16,71.0,0.0,-8.989256221302117e+37,0.0,1068,0,1069,0,0,0,1069,0,1079,0,999,0,665,0,667,0,661,0,680,0.032,1.4609821306377965e+22,0.0,0.0,60304,16813,268980672.0,-0.0,5.857260353428137e+26,0.0,-2.1912155247519234e+30,0.0,50.0,60.0,35,0.0,0.0,10.0,2.0,0.0,0.0,0.0,0.0,0.0,0.0,0.0,0.0,0.0,0.0,0.0,0.0,59.2,54,11,65509,27,65476,0,300,0,0,8,20529,65476,0,0,30147,60.0,0.0,10.0,10.0,2.0,0.0
2026-02-16T12:49:39,ERR,ERR,ERR,ERR,ERR,ERR,ERR,ERR,ERR,ERR,ERR,ERR,ERR,ERR,ERR,ERR,ERR,ERR,ERR,ERR,ERR,ERR,ERR,ERR,ERR,ERR,ERR,ERR,ERR,ERR,ERR,ERR,ERR,ERR,ERR,ERR,ERR,ERR,ERR,ERR,ERR,ERR,ERR,ERR,ERR,ERR,ERR,ERR,ERR,ERR,ERR,ERR,ERR,ERR,ERR,ERR,ERR,ERR,ERR,ERR,ERR,ERR,ERR,ERR,ERR,ERR,ERR,ERR,ERR,ERR,ERR,ERR,ERR,ERR,ERR,ERR,ERR,ERR,ERR,ERR,ERR,ERR,ERR,ERR,ERR,ERR,ERR,ERR,ERR,ERR,ERR,ERR,ERR,ERR,ERR,ERR,ERR,ERR,ERR,ERR,ERR,ERR,ERR,ERR,ERR,ERR,ERR,ERR,ERR,ERR,ERR,ERR,ERR,ERR,ERR,ERR,ERR,ERR,ERR,ERR,ERR,ERR,ERR,ERR,ERR,-107615880.0,107616352.0,-0.0,0.0,-0.031,-9.180381132208734e+19,-0.0,26071828480.0,4300,0,8,17169,4300,0.0,41,0.0,0.0,0.0,0.0,-0.0,0,0,0,0,0.0,0,0,0,0,0,0,0,0,0,0,0,0,0,0,0,0,0,0,0,0,0,0,0,0,0,0,0,0,0,0,0,0,0,10,38,37,47,65476,413,65476,1,0,4,21553,0.0,0.0,0.0,0.0,0.0,0.0,0.0,0.0,0.0,0.0,0.0,0.0,0.0,0.0,0.0,0.0,0.0,0.0,0.0,0.0,0.0,2.004,0.0,3.6970818999223845e+19,-0.0,0.0,0.0,0.0,0.0,0.0,6564.0,-0.0,0.0,-107615880.0,107616352.0,2.7184503771384073e+23,-0.0,0.0,0.0,2.004,2.004,225,-152017263656960.0,-0.0,0.0,0.0,0.0,0.0,0.0,0.0,0.0,0,0,0,-0.0,-6.227,126.632,-4.657001290654548e+18,1.5007079588691968e+16,-4.503818650086749e+19,6.666008506874328e+30,1.4359139456690987e+36,-946787154132992.0,-4.454797546362672e+34,-49092772.0,1.605720623938955e+20,0.0,0.06,0.0,9.448849688720732e+27,0,1.3516416376850534e+27,225,0.0,450,0.0,-20512.51,2112,52429,17109,0,17112,52429,17095,0,0,0,101,100,100,0.0,66.2,2.7302343157793998e+23,66.5,0.0,66.5,1,49,50,180,39322,52429,0,0,0.0,0.0,0.0,60.0,137718104064.0,71.0,0.0,6440.17,0.0,1069,0,1069,0,0,0,1069,0,1079,0,999,0,665,0,667,0,661,0,679,0.032,1.4609821306377965e+22,-2.004,-107615288.0,6544,16814,2.146055107517612e+18,6440.17,0.0,802100019200.0,-0.0,-1566721.625,50.0,60.0,35,0.0,0.0,10.0,2.0,0.0,0.0,0.0,0.0,0.0,0.0,0.0,0.0,0.0,0.0,0.0,0.0,58.8,54,12,65509,27,65476,0,300,0,0,8,20529,65476,0,0,30147,60.0,0.0,10.0,10.0,2.0,0.0
2026-02-16T12:49:40,ERR,ERR,ERR,ERR,ERR,ERR,ERR,ERR,ERR,ERR,ERR,ERR,ERR,ERR,ERR,ERR,ERR,ERR,ERR,ERR,ERR,ERR,ERR,ERR,ERR,ERR,ERR,ERR,ERR,ERR,ERR,ERR,ERR,ERR,ERR,ERR,ERR,ERR,ERR,ERR,ERR,ERR,ERR,ERR,ERR,ERR,ERR,ERR,ERR,ERR,ERR,ERR,ERR,ERR,ERR,ERR,ERR,ERR,ERR,ERR,ERR,ERR,ERR,ERR,ERR,ERR,ERR,ERR,ERR,ERR,ERR,ERR,ERR,ERR,ERR,ERR,ERR,ERR,ERR,ERR,ERR,ERR,ERR,ERR,ERR,ERR,ERR,ERR,ERR,ERR,ERR,ERR,ERR,ERR,ERR,ERR,ERR,ERR,ERR,ERR,ERR,ERR,ERR,ERR,ERR,ERR,ERR,ERR,ERR,ERR,ERR,ERR,ERR,ERR,ERR,ERR,ERR,ERR,ERR,ERR,ERR,ERR,ERR,ERR,ERR,-107615880.0,107616352.0,-0.0,0.0,-0.031,-9.180381132208734e+19,-0.0,26071828480.0,4300,0,8,17169,4300,0.0,41,0.0,0.0,0.0,0.0,-0.0,0,0,0,0,0.0,0,0,0,0,0,0,0,0,0,0,0,0,0,0,0,0,0,0,0,0,0,0,0,0,0,0,0,0,0,0,0,0,0,10,38,37,47,65476,413,65476,1,0,4,21553,0.0,0.0,0.0,0.0,0.0,0.0,0.0,0.0,0.0,0.0,0.0,0.0,0.0,0.0,0.0,0.0,0.0,0.0,0.0,0.0,0.0,2.004,0.0,3.6970818999223845e+19,-0.0,0.0,0.0,0.0,0.0,0.0,6564.0,-0.0,0.0,-107615880.0,107616352.0,2.7184503771384073e+23,-0.0,0.0,0.0,2.004,2.004,225,-152017263656960.0,-0.0,0.0,0.0,0.0,0.0,0.0,0.0,0.0,0,0,0,-0.0,-6.227,126.632,-4.657001290654548e+18,1.5007079588691968e+16,-4.503818650086749e+19,6.666008506874328e+30,1.4359139456690987e+36,-946787154132992.0,-4.454797546362672e+34,-49092772.0,1.605720623938955e+20,0.0,0.06,0.0,9.448849688720732e+27,0,1.3516416376850534e+27,225,0.0,450,0.0,-20512.51,2112,52429,17109,0,17112,52429,17095,0,0,0,101,100,100,0.0,66.2,2.7302343157793998e+23,66.5,0.0,66.5,1,49,50,180,39322,52429,0,0,0.0,0.0,0.0,60.0,137718104064.0,71.0,0.0,6440.17,0.0,1069,0,1069,0,0,0,1069,0,1079,0,999,0,665,0,667,0,661,0,679,0.032,1.4609821306377965e+22,-2.004,-107615288.0,6544,16814,2.146055107517612e+18,6440.17,0.0,802100019200.0,-0.0,-1566721.625,50.0,60.0,35,0.0,0.0,10.0,2.0,0.0,0.0,0.0,0.0,0.0,0.0,0.0,0.0,0.0,0.0,0.0,0.0,58.8,54,12,65509,27,65476,0,300,0,0,8,20529,65476,0,0,30147,60.0,0.0,10.0,10.0,2.0,0.0
2026-02-16T12:49:41,ERR,ERR,ERR,ERR,ERR,ERR,ERR,ERR,ERR,ERR,ERR,ERR,ERR,ERR,ERR,ERR,ERR,ERR,ERR,ERR,ERR,ERR,ERR,ERR,ERR,ERR,ERR,ERR,ERR,ERR,ERR,ERR,ERR,ERR,ERR,ERR,ERR,ERR,ERR,ERR,ERR,ERR,ERR,ERR,ERR,ERR,ERR,ERR,ERR,ERR,ERR,ERR,ERR,ERR,ERR,ERR,ERR,ERR,ERR,ERR,ERR,ERR,ERR,ERR,ERR,ERR,ERR,ERR,ERR,ERR,ERR,ERR,ERR,ERR,ERR,ERR,ERR,ERR,ERR,ERR,ERR,ERR,ERR,ERR,ERR,ERR,ERR,ERR,ERR,ERR,ERR,ERR,ERR,ERR,ERR,ERR,ERR,ERR,ERR,ERR,ERR,ERR,ERR,ERR,ERR,ERR,ERR,ERR,ERR,ERR,ERR,ERR,ERR,ERR,ERR,ERR,ERR,ERR,ERR,ERR,ERR,ERR,ERR,ERR,ERR,-107615880.0,107616352.0,-0.0,0.0,-0.031,-9.180381132208734e+19,-0.0,26071828480.0,4300,0,8,17169,4300,0.0,41,0.0,0.0,0.0,0.0,-0.0,0,0,0,0,0.0,0,0,0,0,0,0,0,0,0,0,0,0,0,0,0,0,0,0,0,0,0,0,0,0,0,0,0,0,0,0,0,0,0,10,38,37,47,65476,413,65476,1,0,4,21553,0.0,0.0,0.0,0.0,0.0,0.0,0.0,0.0,0.0,0.0,0.0,0.0,0.0,0.0,0.0,0.0,0.0,0.0,0.0,0.0,0.0,2.004,0.0,3.6970818999223845e+19,-0.0,0.0,0.0,0.0,0.0,0.0,6564.0,-0.0,0.0,-107615880.0,107616352.0,2.7184503771384073e+23,-0.0,0.0,0.0,2.004,2.004,225,-152017263656960.0,-0.0,0.0,0.0,0.0,0.0,0.0,0.0,0.0,0,0,0,-0.0,-6.227,126.632,-4.657001290654548e+18,1.5007079588691968e+16,-4.503818650086749e+19,6.666008506874328e+30,1.4359139456690987e+36,-946787154132992.0,-4.454797546362672e+34,-49092772.0,1.605720623938955e+20,0.0,0.06,0.0,9.448849688720732e+27,0,1.3516416376850534e+27,225,0.0,450,0.0,-20512.51,2112,52429,17109,0,17112,52429,17095,0,0,0,101,100,100,0.0,66.2,2.7302343157793998e+23,66.5,0.0,66.5,1,49,50,180,39322,52429,0,0,0.0,0.0,0.0,60.0,137718104064.0,71.0,0.0,6440.17,0.0,1069,0,1069,0,0,0,1069,0,1079,0,999,0,665,0,667,0,661,0,679,0.032,1.4609821306377965e+22,-2.004,-107615288.0,6544,16814,2.146055107517612e+18,6440.17,0.0,802100019200.0,-0.0,-1566721.625,50.0,60.0,35,0.0,0.0,10.0,2.0,0.0,0.0,0.0,0.0,0.0,0.0,0.0,0.0,0.0,0.0,0.0,0.0,58.8,54,12,65509,27,65476,0,300,0,0,8,20529,65476,0,0,30147,60.0,0.0,10.0,10.0,2.0,0.0
2026-02-16T12:49:42,ERR,ERR,ERR,ERR,ERR,ERR,ERR,ERR,ERR,ERR,ERR,ERR,ERR,ERR,ERR,ERR,ERR,ERR,ERR,ERR,ERR,ERR,ERR,ERR,ERR,ERR,ERR,ERR,ERR,ERR,ERR,ERR,ERR,ERR,ERR,ERR,ERR,ERR,ERR,ERR,ERR,ERR,ERR,ERR,ERR,ERR,ERR,ERR,ERR,ERR,ERR,ERR,ERR,ERR,ERR,ERR,ERR,ERR,ERR,ERR,ERR,ERR,ERR,ERR,ERR,ERR,ERR,ERR,ERR,ERR,ERR,ERR,ERR,ERR,ERR,ERR,ERR,ERR,ERR,ERR,ERR,ERR,ERR,ERR,ERR,ERR,ERR,ERR,ERR,ERR,ERR,ERR,ERR,ERR,ERR,ERR,ERR,ERR,ERR,ERR,ERR,ERR,ERR,ERR,ERR,ERR,ERR,ERR,ERR,ERR,ERR,ERR,ERR,ERR,ERR,ERR,ERR,ERR,ERR,ERR,ERR,ERR,ERR,ERR,ERR,-107615880.0,107616352.0,-0.0,0.0,-0.031,-9.180381132208734e+19,-0.0,26071828480.0,4300,0,8,17169,4300,0.0,41,0.0,0.0,0.0,0.0,-0.0,0,0,0,0,0.0,0,0,0,0,0,0,0,0,0,0,0,0,0,0,0,0,0,0,0,0,0,0,0,0,0,0,0,0,0,0,0,0,0,10,38,37,47,65476,413,65476,1,0,4,21553,0.0,0.0,0.0,0.0,0.0,0.0,0.0,0.0,0.0,0.0,0.0,0.0,0.0,0.0,0.0,0.0,0.0,0.0,0.0,0.0,0.0,2.004,0.0,3.6970818999223845e+19,-0.0,0.0,0.0,0.0,0.0,0.0,6564.0,-0.0,0.0,-107615880.0,107616352.0,2.7184503771384073e+23,-0.0,0.0,0.0,2.004,2.004,225,-152017263656960.0,-0.0,0.0,0.0,0.0,0.0,0.0,0.0,0.0,0,0,0,-0.0,-6.227,126.632,-4.657001290654548e+18,1.5007079588691968e+16,-4.503818650086749e+19,6.666008506874328e+30,1.4359139456690987e+36,-946787154132992.0,-4.454797546362672e+34,-49092772.0,1.605720623938955e+20,0.0,0.06,0.0,9.448849688720732e+27,0,1.3516416376850534e+27,225,0.0,450,0.0,-20512.51,2112,52429,17109,52429,17111,52429,17095,0,0,0,101,100,100,2.7302341356354147e+23,66.2,2.7302343157793998e+23,66.5,0.0,66.5,1,49,50,180,52429,52429,0,0,0.0,0.0,0.0,60.0,2.845594358004467e+21,71.0,0.0,-0.0,0.0,1069,0,1069,0,0,0,1069,0,1079,0,999,0,665,0,667,0,662,0,679,0.032,1.4536034330083127e+22,-2.004,-107615288.0,20880,16814,2.845594358004467e+21,-0.0,-0.0,2.0428829287054836e+19,0.004,1.170241728156068e+28,50.0,60.0,35,0.0,0.0,10.0,2.0,0.0,0.0,0.0,0.0,0.0,0.0,0.0,0.0,0.0,0.0,0.0,0.0,58.8,54,12,65509,27,65476,0,300,0,0,8,20529,65476,0,0,30147,60.0,0.0,10.0,10.0,2.0,0.0
2026-02-16T12:49:43,ERR,ERR,ERR,ERR,ERR,ERR,ERR,ERR,ERR,ERR,ERR,ERR,ERR,ERR,ERR,ERR,ERR,ERR,ERR,ERR,ERR,ERR,ERR,ERR,ERR,ERR,ERR,ERR,ERR,ERR,ERR,ERR,ERR,ERR,ERR,ERR,ERR,ERR,ERR,ERR,ERR,ERR,ERR,ERR,ERR,ERR,ERR,ERR,ERR,ERR,ERR,ERR,ERR,ERR,ERR,ERR,ERR,ERR,ERR,ERR,ERR,ERR,ERR,ERR,ERR,ERR,ERR,ERR,ERR,ERR,ERR,ERR,ERR,ERR,ERR,ERR,ERR,ERR,ERR,ERR,ERR,ERR,ERR,ERR,ERR,ERR,ERR,ERR,ERR,ERR,ERR,ERR,ERR,ERR,ERR,ERR,ERR,ERR,ERR,ERR,ERR,ERR,ERR,ERR,ERR,ERR,ERR,ERR,ERR,ERR,ERR,ERR,ERR,ERR,ERR,ERR,ERR,ERR,ERR,ERR,ERR,ERR,ERR,ERR,ERR,-107615880.0,107616352.0,-0.0,0.0,-0.031,0.0,0.0,0.0,4300,0,8,17169,4300,0.0,41,0.0,0.0,0.0,0.0,-0.0,0,0,0,0,0.0,0,0,0,0,0,0,0,0,0,0,0,0,0,0,0,0,0,0,0,0,0,0,0,0,0,0,0,0,0,0,0,0,0,10,38,37,47,65476,412,65476,1,0,4,21553,0.0,-0.0,0.0,0.0,0.0,0.0,0.0,0.0,0.0,0.0,0.0,0.0,0.0,0.0,0.0,0.0,0.0,0.0,0.0,0.0,0.0,2.004,0.0,3.6970818999223845e+19,-2.004,-3.69707618246192e+19,0.0,0.0,0.0,0.0,6564.0,-3.697207684052602e+19,0.0,-107615880.0,107616352.0,-0.0,107616272.0,0.0,0.0,2.004,2.004,228,-3.222002398308886e+26,-152018270289920.0,0.0,0.0,0.0,0.0,0.0,0.0,0.0,0,0,0,-0.0,-0.0,136.263,0.0,258317.75,7.126127524987317e+28,-0.0,-0.1,0.0,-4.876671666118627e+34,-52500644.0,1.7440712044917765e+20,0.0,0.063,0.0,2.1812210327697144e+30,0,1.3516416376850534e+27,228,0.0,456,0.0,0.0,2112,52429,17109,52429,17111,52429,17095,0,0,0,101,100,100,2.7302341356354147e+23,66.2,2.7302343157793998e+23,66.5,0.0,66.5,1,49,50,180,52429,52429,0,0,0.0,0.0,0.0,60.0,2.845594358004467e+21,71.0,0.0,-0.0,0.0,1069,0,1069,0,0,0,1069,0,1079,0,999,0,665,0,667,0,662,0,679,0.032,1.4536034330083127e+22,-2.004,-107615288.0,20880,16814,2.845594358004467e+21,-0.0,-0.0,2.0428829287054836e+19,0.004,1.170241728156068e+28,50.0,60.0,35,0.0,0.0,10.0,2.0,0.0,0.0,0.0,0.0,0.0,0.0,0.0,0.0,0.0,0.0,0.0,0.0,58.8,54,12,65509,27,65476,0,300,0,0,8,20529,65476,0,0,30147,60.0,0.0,10.0,10.0,2.0,0.0
2026-02-16T12:49:44,ERR,ERR,ERR,ERR,ERR,ERR,ERR,ERR,ERR,ERR,ERR,ERR,ERR,ERR,ERR,ERR,ERR,ERR,ERR,ERR,ERR,ERR,ERR,ERR,ERR,ERR,ERR,ERR,ERR,ERR,ERR,ERR,ERR,ERR,ERR,ERR,ERR,ERR,ERR,ERR,ERR,ERR,ERR,ERR,ERR,ERR,ERR,ERR,ERR,ERR,ERR,ERR,ERR,ERR,ERR,ERR,ERR,ERR,ERR,ERR,ERR,ERR,ERR,ERR,ERR,ERR,ERR,ERR,ERR,ERR,ERR,ERR,ERR,ERR,ERR,ERR,ERR,ERR,ERR,ERR,ERR,ERR,ERR,ERR,ERR,ERR,ERR,ERR,ERR,ERR,ERR,ERR,ERR,ERR,ERR,ERR,ERR,ERR,ERR,ERR,ERR,ERR,ERR,ERR,ERR,ERR,ERR,ERR,ERR,ERR,ERR,ERR,ERR,ERR,ERR,ERR,ERR,ERR,ERR,ERR,ERR,ERR,ERR,ERR,ERR,-107615880.0,107616352.0,-0.0,0.0,-0.031,0.0,0.0,0.0,4300,0,8,17169,4300,0.0,41,0.0,0.0,0.0,0.0,-0.0,0,0,0,0,0.0,0,0,0,0,0,0,0,0,0,0,0,0,0,0,0,0,0,0,0,0,0,0,0,0,0,0,0,0,0,0,0,0,0,10,38,37,47,65476,412,65476,1,0,4,21553,0.0,-0.0,0.0,0.0,0.0,0.0,0.0,0.0,0.0,0.0,0.0,0.0,0.0,0.0,0.0,0.0,0.0,0.0,0.0,0.0,0.0,2.004,0.0,3.6970818999223845e+19,-2.004,-3.69707618246192e+19,0.0,0.0,0.0,0.0,6564.0,-3.697207684052602e+19,0.0,-107615880.0,107616352.0,-0.0,107616272.0,0.0,0.0,2.004,2.004,228,-3.222002398308886e+26,-152018270289920.0,0.0,0.0,0.0,0.0,0.0,0.0,0.0,0,0,0,-0.0,-0.0,136.263,0.0,258317.75,7.126127524987317e+28,-0.0,-0.1,0.0,-4.876671666118627e+34,-52500644.0,1.7440712044917765e+20,0.0,0.063,0.0,2.1812210327697144e+30,0,1.3516416376850534e+27,228,0.0,456,0.0,0.0,2112,52429,17109,52429,17111,52429,17095,0,0,0,101,100,100,2.7302341356354147e+23,66.2,2.7302343157793998e+23,66.5,0.0,66.5,1,49,50,180,52429,52429,0,0,0.0,0.0,0.0,60.0,2.845594358004467e+21,71.0,0.0,-0.0,0.0,1069,0,1069,0,0,0,1069,0,1079,0,999,0,665,0,667,0,662,0,679,0.032,1.4536034330083127e+22,-2.004,-107615288.0,20880,16814,2.845594358004467e+21,-0.0,-0.0,2.0428829287054836e+19,0.004,1.170241728156068e+28,50.0,60.0,35,0.0,0.0,10.0,2.0,0.0,0.0,0.0,0.0,0.0,0.0,0.0,0.0,0.0,0.0,0.0,0.0,58.8,54,12,65509,27,65476,0,300,0,0,8,20529,65476,0,0,30147,60.0,0.0,10.0,10.0,2.0,0.0
2026-02-16T12:49:45,ERR,ERR,ERR,ERR,ERR,ERR,ERR,ERR,ERR,ERR,ERR,ERR,ERR,ERR,ERR,ERR,ERR,ERR,ERR,ERR,ERR,ERR,ERR,ERR,ERR,ERR,ERR,ERR,ERR,ERR,ERR,ERR,ERR,ERR,ERR,ERR,ERR,ERR,ERR,ERR,ERR,ERR,ERR,ERR,ERR,ERR,ERR,ERR,ERR,ERR,ERR,ERR,ERR,ERR,ERR,ERR,ERR,ERR,ERR,ERR,ERR,ERR,ERR,ERR,ERR,ERR,ERR,ERR,ERR,ERR,ERR,ERR,ERR,ERR,ERR,ERR,ERR,ERR,ERR,ERR,ERR,ERR,ERR,ERR,ERR,ERR,ERR,ERR,ERR,ERR,ERR,ERR,ERR,ERR,ERR,ERR,ERR,ERR,ERR,ERR,ERR,ERR,ERR,ERR,ERR,ERR,ERR,ERR,ERR,ERR,ERR,ERR,ERR,ERR,ERR,ERR,ERR,ERR,ERR,ERR,ERR,ERR,ERR,ERR,ERR,-107615880.0,107616352.0,-0.0,0.0,-0.031,0.0,0.0,0.0,4300,0,8,17169,4300,0.0,41,0.0,0.0,0.0,0.0,-0.0,0,0,0,0,0.0,0,0,0,0,0,0,0,0,0,0,0,0,0,0,0,0,0,0,0,0,0,0,0,0,0,0,0,0,0,0,0,0,0,10,38,37,47,65476,412,65476,1,0,4,21553,0.0,-0.0,0.0,0.0,0.0,0.0,0.0,0.0,0.0,0.0,0.0,0.0,0.0,0.0,0.0,0.0,0.0,0.0,0.0,0.0,0.0,2.004,0.0,3.6970818999223845e+19,-2.004,-3.69707618246192e+19,0.0,0.0,0.0,0.0,6564.0,-3.697207684052602e+19,0.0,-107615880.0,107616352.0,-0.0,107616272.0,0.0,0.0,2.004,2.004,228,-3.222002398308886e+26,-152018270289920.0,0.0,0.0,0.0,0.0,0.0,0.0,0.0,0,0,0,-0.0,-0.0,136.263,0.0,258317.75,7.126127524987317e+28,-0.0,-0.1,0.0,-4.876671666118627e+34,-52500644.0,1.7440712044917765e+20,0.0,0.063,0.0,2.1812210327697144e+30,0,1.3516416376850534e+27,228,0.0,456,0.0,0.0,2112,52429,17109,52429,17111,52429,17095,0,0,0,101,100,100,2.7302341356354147e+23,66.2,2.7302343157793998e+23,66.6,0.0,66.5,1,49,50,180,52429,52429,0,0,0.0,0.0,0.0,60.0,2.9248853874037094e+34,71.0,0.0,-316228370432.0,0.0,1069,0,1069,0,0,0,1069,0,1079,0,999,0,665,0,667,0,662,0,679,0.032,1.4609821306377965e+22,-2.004,-107615288.0,17296,16814,5.126167076142602e+37,-9.232124385679363e+36,0.0,-7.8453479444720175e+34,-3.2033257662971904e+17,-4.632645266690012e+24,50.0,60.0,35,0.0,0.0,10.0,2.0,0.0,0.0,0.0,0.0,0.0,0.0,0.0,0.0,0.0,0.0,0.0,0.0,58.8,54,12,65509,27,65476,0,300,0,0,8,20529,65476,0,0,30147,60.0,0.0,10.0,10.0,2.0,0.0
2026-02-16T12:49:46,ERR,ERR,ERR,ERR,ERR,ERR,ERR,ERR,ERR,ERR,ERR,ERR,ERR,ERR,ERR,ERR,ERR,ERR,ERR,ERR,ERR,ERR,ERR,ERR,ERR,ERR,ERR,ERR,ERR,ERR,ERR,ERR,ERR,ERR,ERR,ERR,ERR,ERR,ERR,ERR,ERR,ERR,ERR,ERR,ERR,ERR,ERR,ERR,ERR,ERR,ERR,ERR,ERR,ERR,ERR,ERR,ERR,ERR,ERR,ERR,ERR,ERR,ERR,ERR,ERR,ERR,ERR,ERR,ERR,ERR,ERR,ERR,ERR,ERR,ERR,ERR,ERR,ERR,ERR,ERR,ERR,ERR,ERR,ERR,ERR,ERR,ERR,ERR,ERR,ERR,ERR,ERR,ERR,ERR,ERR,ERR,ERR,ERR,ERR,ERR,ERR,ERR,ERR,ERR,ERR,ERR,ERR,ERR,ERR,ERR,ERR,ERR,ERR,ERR,ERR,ERR,ERR,ERR,ERR,ERR,ERR,ERR,ERR,ERR,ERR,-107615880.0,107616352.0,-0.0,0.0,-0.031,0.0,0.0,0.0,4300,0,8,17169,4300,0.0,41,0.0,0.0,0.0,0.0,-0.0,0,0,0,0,0.0,0,0,0,0,0,0,0,0,0,0,0,0,0,0,0,0,0,0,0,0,0,0,0,0,0,0,0,0,0,0,0,0,0,10,38,37,47,65476,412,65476,1,0,4,21553,0.0,-0.0,0.0,0.0,0.0,0.0,0.0,0.0,0.0,0.0,0.0,0.0,0.0,0.0,0.0,0.0,0.0,0.0,0.0,0.0,0.0,2.004,0.0,3.6970818999223845e+19,-2.004,-3.69707618246192e+19,0.0,0.0,0.0,0.0,6564.0,-3.697207684052602e+19,0.0,-107615880.0,107616352.0,-0.0,107616272.0,0.0,0.0,2.004,2.004,228,-3.222002398308886e+26,-152018270289920.0,0.0,0.0,0.0,0.0,0.0,0.0,0.0,0,0,0,-0.0,-0.0,136.263,0.0,258317.75,7.126127524987317e+28,-0.0,-0.1,0.0,-4.876671666118627e+34,-52500644.0,1.7440712044917765e+20,0.0,0.063,0.0,2.1812210327697144e+30,0,1.3516416376850534e+27,228,0.0,456,0.0,0.0,2112,52429,17109,52429,17111,52429,17095,0,0,0,101,100,100,2.7302341356354147e+23,66.2,2.7302343157793998e+23,66.6,0.0,66.5,1,49,50,180,52429,52429,0,0,0.0,0.0,0.0,60.0,2.9248853874037094e+34,71.0,0.0,-316228370432.0,0.0,1069,0,1069,0,0,0,1069,0,1079,0,999,0,665,0,667,0,662,0,679,0.032,1.4609821306377965e+22,-2.004,-107615288.0,17296,16814,5.126167076142602e+37,-9.232124385679363e+36,0.0,-7.8453479444720175e+34,-3.2033257662971904e+17,-4.632645266690012e+24,50.0,60.0,35,0.0,0.0,10.0,2.0,0.0,0.0,0.0,0.0,0.0,0.0,0.0,0.0,0.0,0.0,0.0,0.0,58.8,54,12,65509,27,65476,0,300,0,0,8,20529,65476,0,0,30147,60.0,0.0,10.0,10.0,2.0,0.0
2026-02-16T12:49:47,ERR,ERR,ERR,ERR,ERR,ERR,ERR,ERR,ERR,ERR,ERR,ERR,ERR,ERR,ERR,ERR,ERR,ERR,ERR,ERR,ERR,ERR,ERR,ERR,ERR,ERR,ERR,ERR,ERR,ERR,ERR,ERR,ERR,ERR,ERR,ERR,ERR,ERR,ERR,ERR,ERR,ERR,ERR,ERR,ERR,ERR,ERR,ERR,ERR,ERR,ERR,ERR,ERR,ERR,ERR,ERR,ERR,ERR,ERR,ERR,ERR,ERR,ERR,ERR,ERR,ERR,ERR,ERR,ERR,ERR,ERR,ERR,ERR,ERR,ERR,ERR,ERR,ERR,ERR,ERR,ERR,ERR,ERR,ERR,ERR,ERR,ERR,ERR,ERR,ERR,ERR,ERR,ERR,ERR,ERR,ERR,ERR,ERR,ERR,ERR,ERR,ERR,ERR,ERR,ERR,ERR,ERR,ERR,ERR,ERR,ERR,ERR,ERR,ERR,ERR,ERR,ERR,ERR,ERR,ERR,ERR,ERR,ERR,ERR,ERR,-107615880.0,107616352.0,-0.0,0.0,-0.031,0.0,0.0,0.0,4300,0,8,17169,4300,0.0,41,0.0,0.0,0.0,0.0,-0.0,0,0,0,0,0.0,0,0,0,0,0,0,0,0,0,0,0,0,0,0,0,0,0,0,0,0,0,0,0,0,0,0,0,0,0,0,0,0,0,10,38,37,47,65476,412,65476,1,0,4,21553,0.0,-0.0,0.0,0.0,0.0,0.0,0.0,0.0,0.0,0.0,0.0,0.0,0.0,0.0,0.0,0.0,0.0,0.0,0.0,0.0,0.0,2.004,0.0,3.6970818999223845e+19,-2.004,-3.69707618246192e+19,0.0,0.0,0.0,0.0,6564.0,-3.697207684052602e+19,0.0,-107615880.0,107616352.0,-0.0,107616272.0,0.0,0.0,2.004,2.004,228,-3.222002398308886e+26,-152018270289920.0,0.0,0.0,0.0,0.0,0.0,0.0,0.0,0,0,0,-0.0,-0.0,136.263,0.0,258317.75,7.126127524987317e+28,-0.0,-0.1,0.0,-4.876671666118627e+34,-52500644.0,1.7440712044917765e+20,0.0,0.063,0.0,2.1812210327697144e+30,0,1.3516416376850534e+27,228,0.0,456,0.0,0.0,2112,52429,17109,52429,17111,52429,17095,0,0,0,101,100,100,2.7302341356354147e+23,66.2,2.7302343157793998e+23,66.6,0.0,66.5,1,49,50,180,52429,52429,0,0,0.0,0.0,0.0,60.0,2.9248853874037094e+34,71.0,0.0,-316228370432.0,0.0,1069,0,1069,0,0,0,1069,0,1079,0,999,0,665,0,667,0,662,0,679,0.032,1.4609821306377965e+22,-2.004,-107615288.0,17296,16814,5.126167076142602e+37,-9.232124385679363e+36,0.0,-7.8453479444720175e+34,-3.2033257662971904e+17,-4.632645266690012e+24,50.0,60.0,35,0.0,0.0,10.0,2.0,0.0,0.0,0.0,0.0,0.0,0.0,0.0,0.0,0.0,0.0,0.0,0.0,58.8,54,12,65509,27,65476,0,300,0,0,8,20529,65476,0,0,30147,60.0,0.0,10.0,10.0,2.0,0.0
2026-02-16T12:49:48,ERR,ERR,ERR,ERR,ERR,ERR,ERR,ERR,ERR,ERR,ERR,ERR,ERR,ERR,ERR,ERR,ERR,ERR,ERR,ERR,ERR,ERR,ERR,ERR,ERR,ERR,ERR,ERR,ERR,ERR,ERR,ERR,ERR,ERR,ERR,ERR,ERR,ERR,ERR,ERR,ERR,ERR,ERR,ERR,ERR,ERR,ERR,ERR,ERR,ERR,ERR,ERR,ERR,ERR,ERR,ERR,ERR,ERR,ERR,ERR,ERR,ERR,ERR,ERR,ERR,ERR,ERR,ERR,ERR,ERR,ERR,ERR,ERR,ERR,ERR,ERR,ERR,ERR,ERR,ERR,ERR,ERR,ERR,ERR,ERR,ERR,ERR,ERR,ERR,ERR,ERR,ERR,ERR,ERR,ERR,ERR,ERR,ERR,ERR,ERR,ERR,ERR,ERR,ERR,ERR,ERR,ERR,ERR,ERR,ERR,ERR,ERR,ERR,ERR,ERR,ERR,ERR,ERR,ERR,ERR,ERR,ERR,ERR,ERR,ERR,-107615880.0,107616352.0,-0.0,0.0,-0.031,-286161272832.0,-0.0,4.3099495163179827e+18,4300,0,8,17169,4300,0.0,41,0.0,0.0,0.0,0.0,-0.0,0,0,0,0,0.0,0,0,0,0,0,0,0,0,0,0,0,0,0,0,0,0,0,0,0,0,0,0,0,0,0,0,0,0,0,0,0,0,0,9,38,38,47,65476,412,65476,1,0,4,21553,0.0,-107610976.0,0.0,0.0,0.0,0.0,0.0,0.0,0.0,0.0,0.0,0.0,0.0,0.0,0.0,0.0,0.0,0.0,0.0,0.0,0.0,2.004,0.0,3.6970818999223845e+19,-3.697074863047967e+19,-0.0,0.0,0.0,0.0,0.0,6604.0,1.0406715705571685e+34,0.0,-107615880.0,107616352.0,-107616248.0,0.0,-0.0,0.0,2.004,2.004,226,0.0,0.0,0.0,0.0,0.0,0.0,0.0,0.0,0.0,0,0,0,-0.0,0.0,0.0,0.0,0.0,7.731900643391827e+34,4.537637328582069e+29,-125.137,1.646904178859049e+17,-5.298545785874582e+34,-55646372.0,1.8939510000906666e+20,0.0,0.068,0.0,-5.629392881585226e+18,0,1.3516416376850534e+27,226,0.0,452,0.0,0.0,2112,52429,17109,52429,17111,52429,17095,0,0,0,101,100,100,2.7302341356354147e+23,66.2,2.7302343157793998e+23,66.5,0.0,66.5,1,49,50,180,52429,52429,0,0,0.0,0.0,0.0,60.0,1.4747578403523052e+29,71.0,0.0,4.975663618731335e+32,0.0,1069,0,1069,0,0,0,1069,0,1080,0,999,0,666,0,667,0,662,0,679,0.032,1.4462247353788288e+22,-2.004,-107615288.0,7312,16814,1.5597982597993827e+34,4.975663618731335e+32,-0.0,0.772,0.0,0.0,50.0,60.0,35,0.0,0.0,10.0,2.0,0.0,0.0,0.0,0.0,0.0,0.0,0.0,0.0,0.0,0.0,0.0,0.0,58.8,54,12,65509,27,65476,0,300,0,0,8,20529,65476,0,0,30147,60.0,0.0,10.0,10.0,2.0,0.0
2026-02-16T12:49:49,ERR,ERR,ERR,ERR,ERR,ERR,ERR,ERR,ERR,ERR,ERR,ERR,ERR,ERR,ERR,ERR,ERR,ERR,ERR,ERR,ERR,ERR,ERR,ERR,ERR,ERR,ERR,ERR,ERR,ERR,ERR,ERR,ERR,ERR,ERR,ERR,ERR,ERR,ERR,ERR,ERR,ERR,ERR,ERR,ERR,ERR,ERR,ERR,ERR,ERR,ERR,ERR,ERR,ERR,ERR,ERR,ERR,ERR,ERR,ERR,ERR,ERR,ERR,ERR,ERR,ERR,ERR,ERR,ERR,ERR,ERR,ERR,ERR,ERR,ERR,ERR,ERR,ERR,ERR,ERR,ERR,ERR,ERR,ERR,ERR,ERR,ERR,ERR,ERR,ERR,ERR,ERR,ERR,ERR,ERR,ERR,ERR,ERR,ERR,ERR,ERR,ERR,ERR,ERR,ERR,ERR,ERR,ERR,ERR,ERR,ERR,ERR,ERR,ERR,ERR,ERR,ERR,ERR,ERR,ERR,ERR,ERR,ERR,ERR,ERR,-107615880.0,107616352.0,-0.0,0.0,-0.031,-286161272832.0,-0.0,4.3099495163179827e+18,4300,0,8,17169,4300,0.0,41,0.0,0.0,0.0,0.0,-0.0,0,0,0,0,0.0,0,0,0,0,0,0,0,0,0,0,0,0,0,0,0,0,0,0,0,0,0,0,0,0,0,0,0,0,0,0,0,0,0,9,38,38,47,65476,412,65476,1,0,4,21553,0.0,-107610976.0,0.0,0.0,0.0,0.0,0.0,0.0,0.0,0.0,0.0,0.0,0.0,0.0,0.0,0.0,0.0,0.0,0.0,0.0,0.0,2.004,0.0,3.6970818999223845e+19,-3.697074863047967e+19,-0.0,0.0,0.0,0.0,0.0,6604.0,1.0406715705571685e+34,0.0,-107615880.0,107616352.0,-107616248.0,0.0,-0.0,0.0,2.004,2.004,226,0.0,0.0,0.0,0.0,0.0,0.0,0.0,0.0,0.0,0,0,0,-0.0,0.0,0.0,0.0,0.0,7.731900643391827e+34,4.537637328582069e+29,-125.137,1.646904178859049e+17,-5.298545785874582e+34,-55646372.0,1.8939510000906666e+20,0.0,0.068,0.0,-5.629392881585226e+18,0,1.3516416376850534e+27,226,0.0,452,0.0,0.0,2112,52429,17109,52429,17111,52429,17095,0,0,0,101,100,100,2.7302341356354147e+23,66.2,2.7302343157793998e+23,66.5,0.0,66.5,1,49,50,180,52429,52429,0,0,0.0,0.0,0.0,60.0,1.4747578403523052e+29,71.0,0.0,4.975663618731335e+32,0.0,1069,0,1069,0,0,0,1069,0,1080,0,999,0,666,0,667,0,662,0,679,0.032,1.4462247353788288e+22,-2.004,-107615288.0,7312,16814,1.5597982597993827e+34,4.975663618731335e+32,-0.0,0.772,0.0,0.0,50.0,60.0,35,0.0,0.0,10.0,2.0,0.0,0.0,0.0,0.0,0.0,0.0,0.0,0.0,0.0,0.0,0.0,0.0,59.2,53,12,65509,27,65476,0,300,0,0,8,20529,65476,0,0,30147,60.0,0.0,10.0,10.0,2.0,0.0
2026-02-16T12:49:50,ERR,ERR,ERR,ERR,ERR,ERR,ERR,ERR,ERR,ERR,ERR,ERR,ERR,ERR,ERR,ERR,ERR,ERR,ERR,ERR,ERR,ERR,ERR,ERR,ERR,ERR,ERR,ERR,ERR,ERR,ERR,ERR,ERR,ERR,ERR,ERR,ERR,ERR,ERR,ERR,ERR,ERR,ERR,ERR,ERR,ERR,ERR,ERR,ERR,ERR,ERR,ERR,ERR,ERR,ERR,ERR,ERR,ERR,ERR,ERR,ERR,ERR,ERR,ERR,ERR,ERR,ERR,ERR,ERR,ERR,ERR,ERR,ERR,ERR,ERR,ERR,ERR,ERR,ERR,ERR,ERR,ERR,ERR,ERR,ERR,ERR,ERR,ERR,ERR,ERR,ERR,ERR,ERR,ERR,ERR,ERR,ERR,ERR,ERR,ERR,ERR,ERR,ERR,ERR,ERR,ERR,ERR,ERR,ERR,ERR,ERR,ERR,ERR,ERR,ERR,ERR,ERR,ERR,ERR,ERR,ERR,ERR,ERR,ERR,ERR,-107615880.0,107616352.0,-0.0,0.0,-0.031,-286161272832.0,-0.0,4.3099495163179827e+18,4300,0,8,17169,4300,0.0,41,0.0,0.0,0.0,0.0,-0.0,0,0,0,0,0.0,0,0,0,0,0,0,0,0,0,0,0,0,0,0,0,0,0,0,0,0,0,0,0,0,0,0,0,0,0,0,0,0,0,9,38,38,47,65476,412,65476,1,0,4,21553,0.0,-107610976.0,0.0,0.0,0.0,0.0,0.0,0.0,0.0,0.0,0.0,0.0,0.0,0.0,0.0,0.0,0.0,0.0,0.0,0.0,0.0,2.004,0.0,3.6970818999223845e+19,-3.697074863047967e+19,-0.0,0.0,0.0,0.0,0.0,6604.0,1.0406715705571685e+34,0.0,-107615880.0,107616352.0,-107616248.0,0.0,-0.0,0.0,2.004,2.004,226,0.0,0.0,0.0,0.0,0.0,0.0,0.0,0.0,0.0,0,0,0,-0.0,0.0,0.0,0.0,0.0,7.731900643391827e+34,4.537637328582069e+29,-125.137,1.646904178859049e+17,-5.298545785874582e+34,-55646372.0,1.8939510000906666e+20,0.0,0.068,0.0,-5.629392881585226e+18,0,1.3516416376850534e+27,226,0.0,452,0.0,0.0,2112,52429,17109,52429,17111,52429,17095,0,0,0,101,100,100,2.7302341356354147e+23,66.2,2.7302343157793998e+23,66.5,0.0,66.5,1,49,50,180,52429,52429,0,0,0.0,0.0,0.0,60.0,1.4747578403523052e+29,71.0,0.0,4.975663618731335e+32,0.0,1069,0,1069,0,0,0,1069,0,1080,0,999,0,666,0,667,0,662,0,679,0.032,1.4462247353788288e+22,-2.004,-107615288.0,7312,16814,1.5597982597993827e+34,4.975663618731335e+32,-0.0,0.772,0.0,0.0,50.0,60.0,35,0.0,0.0,10.0,2.0,0.0,0.0,0.0,0.0,0.0,0.0,0.0,0.0,0.0,0.0,0.0,0.0,59.2,53,12,65509,27,65476,0,300,0,0,8,20529,65476,0,0,30147,60.0,0.0,10.0,10.0,2.0,0.0
2026-02-16T12:49:51,ERR,ERR,ERR,ERR,ERR,ERR,ERR,ERR,ERR,ERR,ERR,ERR,ERR,ERR,ERR,ERR,ERR,ERR,ERR,ERR,ERR,ERR,ERR,ERR,ERR,ERR,ERR,ERR,ERR,ERR,ERR,ERR,ERR,ERR,ERR,ERR,ERR,ERR,ERR,ERR,ERR,ERR,ERR,ERR,ERR,ERR,ERR,ERR,ERR,ERR,ERR,ERR,ERR,ERR,ERR,ERR,ERR,ERR,ERR,ERR,ERR,ERR,ERR,ERR,ERR,ERR,ERR,ERR,ERR,ERR,ERR,ERR,ERR,ERR,ERR,ERR,ERR,ERR,ERR,ERR,ERR,ERR,ERR,ERR,ERR,ERR,ERR,ERR,ERR,ERR,ERR,ERR,ERR,ERR,ERR,ERR,ERR,ERR,ERR,ERR,ERR,ERR,ERR,ERR,ERR,ERR,ERR,ERR,ERR,ERR,ERR,ERR,ERR,ERR,ERR,ERR,ERR,ERR,ERR,ERR,ERR,ERR,ERR,ERR,ERR,-107615880.0,107616352.0,-0.0,0.0,-0.031,-286161272832.0,-0.0,4.3099495163179827e+18,4300,0,8,17169,4300,0.0,41,0.0,0.0,0.0,0.0,-0.0,0,0,0,0,0.0,0,0,0,0,0,0,0,0,0,0,0,0,0,0,0,0,0,0,0,0,0,0,0,0,0,0,0,0,0,0,0,0,0,9,38,38,47,65476,412,65476,1,0,4,21553,0.0,-107610976.0,0.0,0.0,0.0,0.0,0.0,0.0,0.0,0.0,0.0,0.0,0.0,0.0,0.0,0.0,0.0,0.0,0.0,0.0,0.0,2.004,0.0,3.6970818999223845e+19,-3.697074863047967e+19,-0.0,0.0,0.0,0.0,0.0,6604.0,1.0406715705571685e+34,0.0,-107615880.0,107616352.0,-107616248.0,0.0,-0.0,0.0,2.004,2.004,226,0.0,0.0,0.0,0.0,0.0,0.0,0.0,0.0,0.0,0,0,0,-0.0,0.0,0.0,0.0,0.0,7.731900643391827e+34,4.537637328582069e+29,-125.137,1.646904178859049e+17,-5.298545785874582e+34,-55646372.0,1.8939510000906666e+20,0.0,0.068,0.0,-5.629392881585226e+18,0,1.3516416376850534e+27,226,0.0,452,0.0,0.0,2112,52429,17109,52429,17111,52429,17095,0,0,0,101,100,100,2.7302341356354147e+23,66.2,2.7302343157793998e+23,66.5,0.0,66.5,1,49,50,180,52429,52429,0,0,0.0,0.0,0.0,60.0,1.4747578403523052e+29,71.0,0.0,4.975663618731335e+32,0.0,1069,0,1069,0,0,0,1069,0,1080,0,999,0,666,0,667,0,662,0,679,0.032,1.4462247353788288e+22,-2.004,-107615288.0,7312,16814,1.5597982597993827e+34,4.975663618731335e+32,-0.0,0.772,0.0,0.0,50.0,60.0,35,0.0,0.0,10.0,2.0,0.0,0.0,0.0,0.0,0.0,0.0,0.0,0.0,0.0,0.0,0.0,0.0,58.8,53,12,65509,27,65476,0,300,0,0,8,20529,65476,0,0,30147,60.0,0.0,10.0,10.0,2.0,0.0
2026-02-16T12:49:52,ERR,ERR,ERR,ERR,ERR,ERR,ERR,ERR,ERR,ERR,ERR,ERR,ERR,ERR,ERR,ERR,ERR,ERR,ERR,ERR,ERR,ERR,ERR,ERR,ERR,ERR,ERR,ERR,ERR,ERR,ERR,ERR,ERR,ERR,ERR,ERR,ERR,ERR,ERR,ERR,ERR,ERR,ERR,ERR,ERR,ERR,ERR,ERR,ERR,ERR,ERR,ERR,ERR,ERR,ERR,ERR,ERR,ERR,ERR,ERR,ERR,ERR,ERR,ERR,ERR,ERR,ERR,ERR,ERR,ERR,ERR,ERR,ERR,ERR,ERR,ERR,ERR,ERR,ERR,ERR,ERR,ERR,ERR,ERR,ERR,ERR,ERR,ERR,ERR,ERR,ERR,ERR,ERR,ERR,ERR,ERR,ERR,ERR,ERR,ERR,ERR,ERR,ERR,ERR,ERR,ERR,ERR,ERR,ERR,ERR,ERR,ERR,ERR,ERR,ERR,ERR,ERR,ERR,ERR,ERR,ERR,ERR,ERR,ERR,ERR,-107615880.0,107616352.0,-0.0,0.0,-0.031,-286161272832.0,-0.0,4.3099495163179827e+18,4300,0,8,17169,4300,0.0,41,0.0,0.0,0.0,0.0,-0.0,0,0,0,0,0.0,0,0,0,0,0,0,0,0,0,0,0,0,0,0,0,0,0,0,0,0,0,0,0,0,0,0,0,0,0,0,0,0,0,9,38,38,47,65476,412,65476,1,0,4,21553,0.0,-107610976.0,0.0,0.0,0.0,0.0,0.0,0.0,0.0,0.0,0.0,0.0,0.0,0.0,0.0,0.0,0.0,0.0,0.0,0.0,0.0,2.004,0.0,3.6970818999223845e+19,-3.697074863047967e+19,-0.0,0.0,0.0,0.0,0.0,6604.0,1.0406715705571685e+34,0.0,-107615880.0,107616352.0,-107616248.0,0.0,-0.0,0.0,2.004,2.004,226,0.0,0.0,0.0,0.0,0.0,0.0,0.0,0.0,0.0,0,0,0,-0.0,0.0,0.0,0.0,0.0,7.731900643391827e+34,4.537637328582069e+29,-125.137,1.646904178859049e+17,-5.298545785874582e+34,-55646372.0,1.8939510000906666e+20,0.0,0.068,0.0,-5.629392881585226e+18,0,1.3516416376850534e+27,226,0.0,452,0.0,0.0,2114,52429,17109,0,17112,52429,17095,0,0,0,101,100,100,2.7302341356354147e+23,66.2,2.7302343157793998e+23,66.5,0.0,66.5,1,49,50,180,52429,52429,0,0,0.0,0.0,0.0,60.0,30099664896.0,71.0,0.0,-8.161153929463096e+22,0.0,1069,0,1069,0,0,0,1069,0,1079,0,999,0,665,0,667,0,662,0,679,0.032,1.4536034330083127e+22,-2.004,-107615288.0,60816,16813,30099664896.0,-8.161153929463096e+22,4.9595166440896345e+28,-0.0,0.0,0.0,50.0,60.0,35,0.0,0.0,10.0,2.0,0.0,0.0,0.0,0.0,0.0,0.0,0.0,0.0,0.0,0.0,0.0,0.0,58.8,53,12,65509,27,65476,0,300,0,0,8,20529,65476,0,0,30147,60.0,0.0,10.0,10.0,2.0,0.0
2026-02-16T12:49:53,ERR,ERR,ERR,ERR,ERR,ERR,ERR,ERR,ERR,ERR,ERR,ERR,ERR,ERR,ERR,ERR,ERR,ERR,ERR,ERR,ERR,ERR,ERR,ERR,ERR,ERR,ERR,ERR,ERR,ERR,ERR,ERR,ERR,ERR,ERR,ERR,ERR,ERR,ERR,ERR,ERR,ERR,ERR,ERR,ERR,ERR,ERR,ERR,ERR,ERR,ERR,ERR,ERR,ERR,ERR,ERR,ERR,ERR,ERR,ERR,ERR,ERR,ERR,ERR,ERR,ERR,ERR,ERR,ERR,ERR,ERR,ERR,ERR,ERR,ERR,ERR,ERR,ERR,ERR,ERR,ERR,ERR,ERR,ERR,ERR,ERR,ERR,ERR,ERR,ERR,ERR,ERR,ERR,ERR,ERR,ERR,ERR,ERR,ERR,ERR,ERR,ERR,ERR,ERR,ERR,ERR,ERR,ERR,ERR,ERR,ERR,ERR,ERR,ERR,ERR,ERR,ERR,ERR,ERR,ERR,ERR,ERR,ERR,ERR,ERR,-107615880.0,107616352.0,-0.0,0.0,-0.031,0.0,0.0,0.0,4300,0,8,17169,4300,0.0,41,0.0,0.0,0.0,0.0,-0.0,0,0,0,0,0.0,0,0,0,0,0,0,0,0,0,0,0,0,0,0,0,0,0,0,0,0,0,0,0,0,0,0,0,0,0,0,0,0,0,9,38,38,46,65476,404,65476,1,0,4,21553,0.0,0.0,0.0,0.0,0.0,0.0,0.0,0.0,0.0,0.0,0.0,0.0,0.0,0.0,0.0,0.0,0.0,0.0,0.0,0.0,0.0,2.004,0.0,3.6970818999223845e+19,-3.697074863047967e+19,3.69707618246192e+19,0.0,0.0,0.0,0.0,6598.0,-0.0,0.0,-107615880.0,107616352.0,-107616248.0,-2.7184507374263774e+23,-0.0,0.0,2.004,2.004,226,-2.30882787541985e+20,107615264.0,0.0,0.0,0.0,0.0,0.0,0.0,0.0,0,0,0,-0.0,1.0876639857182783e+23,820279.0,1.9197151858020533e+24,3.325112140955648e+16,-2916.121,-0.0,0.015,-58.819,-5.687968050264694e+34,-58792100.0,2.0323015806434882e+20,0.0,0.073,0.0,-0.0,0,1.3516416376850534e+27,228,0.0,456,0.0,0.0,2114,52429,17109,0,17112,52429,17095,0,0,0,101,100,100,2.7302341356354147e+23,66.2,2.7302343157793998e+23,66.5,0.0,66.5,1,49,50,180,52429,52429,0,0,0.0,0.0,0.0,60.0,30099664896.0,71.0,0.0,-8.161153929463096e+22,0.0,1069,0,1069,0,0,0,1069,0,1079,0,999,0,665,0,667,0,662,0,679,0.032,1.4536034330083127e+22,-2.004,-107615288.0,60816,16813,30099664896.0,-8.161153929463096e+22,4.9595166440896345e+28,-0.0,0.0,0.0,50.0,60.0,35,0.0,0.0,10.0,2.0,0.0,0.0,0.0,0.0,0.0,0.0,0.0,0.0,0.0,0.0,0.0,0.0,58.8,53,12,65509,27,65476,0,300,0,0,8,20529,65476,0,0,30147,60.0,0.0,10.0,10.0,2.0,0.0
2026-02-16T12:49:54,ERR,ERR,ERR,ERR,ERR,ERR,ERR,ERR,ERR,ERR,ERR,ERR,ERR,ERR,ERR,ERR,ERR,ERR,ERR,ERR,ERR,ERR,ERR,ERR,ERR,ERR,ERR,ERR,ERR,ERR,ERR,ERR,ERR,ERR,ERR,ERR,ERR,ERR,ERR,ERR,ERR,ERR,ERR,ERR,ERR,ERR,ERR,ERR,ERR,ERR,ERR,ERR,ERR,ERR,ERR,ERR,ERR,ERR,ERR,ERR,ERR,ERR,ERR,ERR,ERR,ERR,ERR,ERR,ERR,ERR,ERR,ERR,ERR,ERR,ERR,ERR,ERR,ERR,ERR,ERR,ERR,ERR,ERR,ERR,ERR,ERR,ERR,ERR,ERR,ERR,ERR,ERR,ERR,ERR,ERR,ERR,ERR,ERR,ERR,ERR,ERR,ERR,ERR,ERR,ERR,ERR,ERR,ERR,ERR,ERR,ERR,ERR,ERR,ERR,ERR,ERR,ERR,ERR,ERR,ERR,ERR,ERR,ERR,ERR,ERR,-107615880.0,107616352.0,-0.0,0.0,-0.031,0.0,0.0,0.0,4300,0,8,17169,4300,0.0,41,0.0,0.0,0.0,0.0,-0.0,0,0,0,0,0.0,0,0,0,0,0,0,0,0,0,0,0,0,0,0,0,0,0,0,0,0,0,0,0,0,0,0,0,0,0,0,0,0,0,9,38,38,46,65476,404,65476,1,0,4,21553,0.0,0.0,0.0,0.0,0.0,0.0,0.0,0.0,0.0,0.0,0.0,0.0,0.0,0.0,0.0,0.0,0.0,0.0,0.0,0.0,0.0,2.004,0.0,3.6970818999223845e+19,-3.697074863047967e+19,3.69707618246192e+19,0.0,0.0,0.0,0.0,6598.0,-0.0,0.0,-107615880.0,107616352.0,-107616248.0,-2.7184507374263774e+23,-0.0,0.0,2.004,2.004,226,-2.30882787541985e+20,107615264.0,0.0,0.0,0.0,0.0,0.0,0.0,0.0,0,0,0,-0.0,1.0876639857182783e+23,820279.0,1.9197151858020533e+24,3.325112140955648e+16,-2916.121,-0.0,0.015,-58.819,-5.687968050264694e+34,-58792100.0,2.0323015806434882e+20,0.0,0.073,0.0,-0.0,0,1.3516416376850534e+27,228,0.0,456,0.0,0.0,2114,52429,17109,0,17112,52429,17095,0,0,0,101,100,100,2.7302341356354147e+23,66.2,2.7302343157793998e+23,66.5,0.0,66.5,1,49,50,180,52429,52429,0,0,0.0,0.0,0.0,60.0,30099664896.0,71.0,0.0,-8.161153929463096e+22,0.0,1069,0,1069,0,0,0,1069,0,1079,0,999,0,665,0,667,0,662,0,679,0.032,1.4536034330083127e+22,-2.004,-107615288.0,60816,16813,30099664896.0,-8.161153929463096e+22,4.9595166440896345e+28,-0.0,0.0,0.0,50.0,60.0,35,0.0,0.0,10.0,2.0,0.0,0.0,0.0,0.0,0.0,0.0,0.0,0.0,0.0,0.0,0.0,0.0,58.8,53,12,65509,27,65476,0,300,0,0,8,20529,65476,0,0,30147,60.0,0.0,10.0,10.0,2.0,0.0
2026-02-16T12:49:55,ERR,ERR,ERR,ERR,ERR,ERR,ERR,ERR,ERR,ERR,ERR,ERR,ERR,ERR,ERR,ERR,ERR,ERR,ERR,ERR,ERR,ERR,ERR,ERR,ERR,ERR,ERR,ERR,ERR,ERR,ERR,ERR,ERR,ERR,ERR,ERR,ERR,ERR,ERR,ERR,ERR,ERR,ERR,ERR,ERR,ERR,ERR,ERR,ERR,ERR,ERR,ERR,ERR,ERR,ERR,ERR,ERR,ERR,ERR,ERR,ERR,ERR,ERR,ERR,ERR,ERR,ERR,ERR,ERR,ERR,ERR,ERR,ERR,ERR,ERR,ERR,ERR,ERR,ERR,ERR,ERR,ERR,ERR,ERR,ERR,ERR,ERR,ERR,ERR,ERR,ERR,ERR,ERR,ERR,ERR,ERR,ERR,ERR,ERR,ERR,ERR,ERR,ERR,ERR,ERR,ERR,ERR,ERR,ERR,ERR,ERR,ERR,ERR,ERR,ERR,ERR,ERR,ERR,ERR,ERR,ERR,ERR,ERR,ERR,ERR,-107615880.0,107616352.0,-0.0,0.0,-0.031,0.0,0.0,0.0,4300,0,8,17169,4300,0.0,41,0.0,0.0,0.0,0.0,-0.0,0,0,0,0,0.0,0,0,0,0,0,0,0,0,0,0,0,0,0,0,0,0,0,0,0,0,0,0,0,0,0,0,0,0,0,0,0,0,0,9,38,38,46,65476,404,65476,1,0,4,21553,0.0,0.0,0.0,0.0,0.0,0.0,0.0,0.0,0.0,0.0,0.0,0.0,0.0,0.0,0.0,0.0,0.0,0.0,0.0,0.0,0.0,2.004,0.0,3.6970818999223845e+19,-3.697074863047967e+19,3.69707618246192e+19,0.0,0.0,0.0,0.0,6598.0,-0.0,0.0,-107615880.0,107616352.0,-107616248.0,-2.7184507374263774e+23,-0.0,0.0,2.004,2.004,226,-2.30882787541985e+20,107615264.0,0.0,0.0,0.0,0.0,0.0,0.0,0.0,0,0,0,-0.0,1.0876639857182783e+23,820279.0,1.9197151858020533e+24,3.325112140955648e+16,-2916.121,-0.0,0.015,-58.819,-5.687968050264694e+34,-58792100.0,2.0323015806434882e+20,0.0,0.073,0.0,-0.0,0,1.3516416376850534e+27,228,0.0,456,0.0,0.0,2114,52429,17109,52429,17111,52429,17095,0,0,0,101,100,100,2.7302341356354147e+23,66.2,2.7302343157793998e+23,66.6,0.0,66.5,1,49,50,180,52429,52429,0,0,0.0,0.0,0.0,60.0,13.641,71.0,0.0,5.1534081649330965e+23,0.0,1069,0,1069,0,0,0,1069,0,1079,0,999,0,666,0,667,0,662,0,680,0.032,1.4609821306377965e+22,-2.004,-107615288.0,4240,16814,13.641,5.1534081649330965e+23,-1.6399200517524065e+22,-6.764531434880238e+18,2.8301090771151577e+32,-0.0,50.0,60.0,35,0.0,0.0,10.0,2.0,0.0,0.0,0.0,0.0,0.0,0.0,0.0,0.0,0.0,0.0,0.0,0.0,58.8,53,12,65509,27,65476,0,300,0,0,8,20529,65476,0,0,30147,60.0,0.0,10.0,10.0,2.0,0.0
2026-02-16T12:49:56,ERR,ERR,ERR,ERR,ERR,ERR,ERR,ERR,ERR,ERR,ERR,ERR,ERR,ERR,ERR,ERR,ERR,ERR,ERR,ERR,ERR,ERR,ERR,ERR,ERR,ERR,ERR,ERR,ERR,ERR,ERR,ERR,ERR,ERR,ERR,ERR,ERR,ERR,ERR,ERR,ERR,ERR,ERR,ERR,ERR,ERR,ERR,ERR,ERR,ERR,ERR,ERR,ERR,ERR,ERR,ERR,ERR,ERR,ERR,ERR,ERR,ERR,ERR,ERR,ERR,ERR,ERR,ERR,ERR,ERR,ERR,ERR,ERR,ERR,ERR,ERR,ERR,ERR,ERR,ERR,ERR,ERR,ERR,ERR,ERR,ERR,ERR,ERR,ERR,ERR,ERR,ERR,ERR,ERR,ERR,ERR,ERR,ERR,ERR,ERR,ERR,ERR,ERR,ERR,ERR,ERR,ERR,ERR,ERR,ERR,ERR,ERR,ERR,ERR,ERR,ERR,ERR,ERR,ERR,ERR,ERR,ERR,ERR,ERR,ERR,-107615880.0,107616352.0,-0.0,0.0,-0.031,0.0,0.0,0.0,4300,0,8,17169,4300,0.0,41,0.0,0.0,0.0,0.0,-0.0,0,0,0,0,0.0,0,0,0,0,0,0,0,0,0,0,0,0,0,0,0,0,0,0,0,0,0,0,0,0,0,0,0,0,0,0,0,0,0,9,38,38,46,65476,404,65476,1,0,4,21553,0.0,0.0,0.0,0.0,0.0,0.0,0.0,0.0,0.0,0.0,0.0,0.0,0.0,0.0,0.0,0.0,0.0,0.0,0.0,0.0,0.0,2.004,0.0,3.6970818999223845e+19,-3.697074863047967e+19,3.69707618246192e+19,0.0,0.0,0.0,0.0,6598.0,-0.0,0.0,-107615880.0,107616352.0,-107616248.0,-2.7184507374263774e+23,-0.0,0.0,2.004,2.004,226,-2.30882787541985e+20,107615264.0,0.0,0.0,0.0,0.0,0.0,0.0,0.0,0,0,0,-0.0,1.0876639857182783e+23,820279.0,1.9197151858020533e+24,3.325112140955648e+16,-2916.121,-0.0,0.015,-58.819,-5.687968050264694e+34,-58792100.0,2.0323015806434882e+20,0.0,0.073,0.0,-0.0,0,1.3516416376850534e+27,228,0.0,456,0.0,0.0,2114,52429,17109,52429,17111,52429,17095,0,0,0,101,100,100,2.7302341356354147e+23,66.2,2.7302343157793998e+23,66.6,0.0,66.5,1,49,50,180,52429,52429,0,0,0.0,0.0,0.0,60.0,13.641,71.0,0.0,5.1534081649330965e+23,0.0,1069,0,1069,0,0,0,1069,0,1079,0,999,0,666,0,667,0,662,0,680,0.032,1.4609821306377965e+22,-2.004,-107615288.0,4240,16814,13.641,5.1534081649330965e+23,-1.6399200517524065e+22,-6.764531434880238e+18,2.8301090771151577e+32,-0.0,50.0,60.0,35,0.0,0.0,10.0,2.0,0.0,0.0,0.0,0.0,0.0,0.0,0.0,0.0,0.0,0.0,0.0,0.0,59.2,53,12,65509,27,65476,0,300,0,0,8,20529,65476,0,0,30147,60.0,0.0,10.0,10.0,2.0,0.0
2026-02-16T12:49:57,ERR,ERR,ERR,ERR,ERR,ERR,ERR,ERR,ERR,ERR,ERR,ERR,ERR,ERR,ERR,ERR,ERR,ERR,ERR,ERR,ERR,ERR,ERR,ERR,ERR,ERR,ERR,ERR,ERR,ERR,ERR,ERR,ERR,ERR,ERR,ERR,ERR,ERR,ERR,ERR,ERR,ERR,ERR,ERR,ERR,ERR,ERR,ERR,ERR,ERR,ERR,ERR,ERR,ERR,ERR,ERR,ERR,ERR,ERR,ERR,ERR,ERR,ERR,ERR,ERR,ERR,ERR,ERR,ERR,ERR,ERR,ERR,ERR,ERR,ERR,ERR,ERR,ERR,ERR,ERR,ERR,ERR,ERR,ERR,ERR,ERR,ERR,ERR,ERR,ERR,ERR,ERR,ERR,ERR,ERR,ERR,ERR,ERR,ERR,ERR,ERR,ERR,ERR,ERR,ERR,ERR,ERR,ERR,ERR,ERR,ERR,ERR,ERR,ERR,ERR,ERR,ERR,ERR,ERR,ERR,ERR,ERR,ERR,ERR,ERR,-107615880.0,107616352.0,-0.0,0.0,-0.031,-1.0190102046884764e+36,-1.1333019290719748e+19,0.0,4300,0,8,17169,4300,0.0,41,0.0,0.0,0.0,0.0,-0.0,0,0,0,0,0.0,0,0,0,0,0,0,0,0,0,0,0,0,0,0,0,0,0,0,0,0,0,0,0,0,0,0,0,0,0,0,0,0,0,8,38,38,46,65476,401,65476,1,0,4,21553,0.0,0.0,0.0,0.0,0.0,0.0,0.0,0.0,0.0,0.0,0.0,0.0,0.0,0.0,0.0,0.0,0.0,0.0,0.0,0.0,0.0,2.004,0.0,-0.0,-3.697074863047967e+19,3.69707618246192e+19,0.0,0.0,0.0,0.0,6596.0,-2.4230023160510894e+24,0.0,-107615880.0,2.7184527190102135e+23,-107616248.0,-2.7184507374263774e+23,0.0,0.0,2.004,2.004,228,-152017263656960.0,3.222024903336656e+26,0.0,0.0,0.0,0.0,0.0,0.0,0.0,0,0,0,-0.0,15614439.0,6.091723227413873e+17,143219912343552.0,7.02450833735239e+26,0.0,-0.0,-0.0,-4.330872386314812e+24,-6.109842170020649e+34,-61937828.0,2.17065216119631e+20,0.0,0.079,0.0,-0.0,0,1.3516416376850534e+27,228,0.0,456,0.0,-0.0,2114,52429,17109,52429,17111,52429,17095,0,0,0,101,100,100,2.7302341356354147e+23,66.2,2.7302343157793998e+23,66.6,0.0,66.5,1,49,50,180,52429,52429,0,0,0.0,0.0,0.0,60.0,13.641,71.0,0.0,5.1534081649330965e+23,0.0,1069,0,1069,0,0,0,1069,0,1079,0,999,0,666,0,667,0,662,0,680,0.032,1.4609821306377965e+22,-2.004,-107615288.0,4240,16814,13.641,5.1534081649330965e+23,-1.6399200517524065e+22,-6.764531434880238e+18,2.8301090771151577e+32,-0.0,50.0,60.0,35,0.0,0.0,10.0,2.0,0.0,0.0,0.0,0.0,0.0,0.0,0.0,0.0,0.0,0.0,0.0,0.0,58.8,53,12,65509,27,65476,0,300,0,0,8,20529,65476,0,0,30147,60.0,0.0,10.0,10.0,2.0,0.0
2026-02-16T12:49:58,ERR,ERR,ERR,ERR,ERR,ERR,ERR,ERR,ERR,ERR,ERR,ERR,ERR,ERR,ERR,ERR,ERR,ERR,ERR,ERR,ERR,ERR,ERR,ERR,ERR,ERR,ERR,ERR,ERR,ERR,ERR,ERR,ERR,ERR,ERR,ERR,ERR,ERR,ERR,ERR,ERR,ERR,ERR,ERR,ERR,ERR,ERR,ERR,ERR,ERR,ERR,ERR,ERR,ERR,ERR,ERR,ERR,ERR,ERR,ERR,ERR,ERR,ERR,ERR,ERR,ERR,ERR,ERR,ERR,ERR,ERR,ERR,ERR,ERR,ERR,ERR,ERR,ERR,ERR,ERR,ERR,ERR,ERR,ERR,ERR,ERR,ERR,ERR,ERR,ERR,ERR,ERR,ERR,ERR,ERR,ERR,ERR,ERR,ERR,ERR,ERR,ERR,ERR,ERR,ERR,ERR,ERR,ERR,ERR,ERR,ERR,ERR,ERR,ERR,ERR,ERR,ERR,ERR,ERR,ERR,ERR,ERR,ERR,ERR,ERR,-107615880.0,107616352.0,-0.0,0.0,-0.031,-1.0190102046884764e+36,-1.1333019290719748e+19,0.0,4300,0,8,17169,4300,0.0,41,0.0,0.0,0.0,0.0,-0.0,0,0,0,0,0.0,0,0,0,0,0,0,0,0,0,0,0,0,0,0,0,0,0,0,0,0,0,0,0,0,0,0,0,0,0,0,0,0,0,8,38,38,46,65476,401,65476,1,0,4,21553,0.0,0.0,0.0,0.0,0.0,0.0,0.0,0.0,0.0,0.0,0.0,0.0,0.0,0.0,0.0,0.0,0.0,0.0,0.0,0.0,0.0,2.004,0.0,-0.0,-3.697074863047967e+19,3.69707618246192e+19,0.0,0.0,0.0,0.0,6596.0,-2.4230023160510894e+24,0.0,-107615880.0,2.7184527190102135e+23,-107616248.0,-2.7184507374263774e+23,0.0,0.0,2.004,2.004,228,-152017263656960.0,3.222024903336656e+26,0.0,0.0,0.0,0.0,0.0,0.0,0.0,0,0,0,-0.0,15614439.0,6.091723227413873e+17,143219912343552.0,7.02450833735239e+26,0.0,-0.0,-0.0,-4.330872386314812e+24,-6.109842170020649e+34,-61937828.0,2.17065216119631e+20,0.0,0.079,0.0,-0.0,0,1.3516416376850534e+27,228,0.0,456,0.0,-0.0,2114,52429,17109,52429,17111,52429,17095,0,0,0,101,100,100,2.7302341356354147e+23,66.2,2.7302343157793998e+23,66.5,0.0,66.5,1,49,50,180,52429,52429,0,0,0.0,0.0,0.0,60.0,2.845594358004467e+21,71.0,0.0,-21.407,0.0,1069,0,1069,0,0,0,1069,0,1079,0,999,0,666,0,667,0,662,0,680,0.032,1.4609821306377965e+22,0.0,0.0,25232,16814,7.74517121354714e+28,-0.0,-0.0,0.0,0.0,0.0,50.0,60.0,35,0.0,0.0,10.0,2.0,0.0,0.0,0.0,0.0,0.0,0.0,0.0,0.0,0.0,0.0,0.0,0.0,58.8,53,12,65509,27,65476,0,300,0,0,8,20529,65476,0,0,30147,60.0,0.0,10.0,10.0,2.0,0.0
2026-02-16T12:49:59,ERR,ERR,ERR,ERR,ERR,ERR,ERR,ERR,ERR,ERR,ERR,ERR,ERR,ERR,ERR,ERR,ERR,ERR,ERR,ERR,ERR,ERR,ERR,ERR,ERR,ERR,ERR,ERR,ERR,ERR,ERR,ERR,ERR,ERR,ERR,ERR,ERR,ERR,ERR,ERR,ERR,ERR,ERR,ERR,ERR,ERR,ERR,ERR,ERR,ERR,ERR,ERR,ERR,ERR,ERR,ERR,ERR,ERR,ERR,ERR,ERR,ERR,ERR,ERR,ERR,ERR,ERR,ERR,ERR,ERR,ERR,ERR,ERR,ERR,ERR,ERR,ERR,ERR,ERR,ERR,ERR,ERR,ERR,ERR,ERR,ERR,ERR,ERR,ERR,ERR,ERR,ERR,ERR,ERR,ERR,ERR,ERR,ERR,ERR,ERR,ERR,ERR,ERR,ERR,ERR,ERR,ERR,ERR,ERR,ERR,ERR,ERR,ERR,ERR,ERR,ERR,ERR,ERR,ERR,ERR,ERR,ERR,ERR,ERR,ERR,-107615880.0,107616352.0,-0.0,0.0,-0.031,-1.0190102046884764e+36,-1.1333019290719748e+19,0.0,4300,0,8,17169,4300,0.0,41,0.0,0.0,0.0,0.0,-0.0,0,0,0,0,0.0,0,0,0,0,0,0,0,0,0,0,0,0,0,0,0,0,0,0,0,0,0,0,0,0,0,0,0,0,0,0,0,0,0,8,38,38,46,65476,401,65476,1,0,4,21553,0.0,0.0,0.0,0.0,0.0,0.0,0.0,0.0,0.0,0.0,0.0,0.0,0.0,0.0,0.0,0.0,0.0,0.0,0.0,0.0,0.0,2.004,0.0,-0.0,-3.697074863047967e+19,3.69707618246192e+19,0.0,0.0,0.0,0.0,6596.0,-2.4230023160510894e+24,0.0,-107615880.0,2.7184527190102135e+23,-107616248.0,-2.7184507374263774e+23,0.0,0.0,2.004,2.004,228,-152017263656960.0,3.222024903336656e+26,0.0,0.0,0.0,0.0,0.0,0.0,0.0,0,0,0,-0.0,15614439.0,6.091723227413873e+17,143219912343552.0,7.02450833735239e+26,0.0,-0.0,-0.0,-4.330872386314812e+24,-6.109842170020649e+34,-61937828.0,2.17065216119631e+20,0.0,0.079,0.0,-0.0,0,1.3516416376850534e+27,228,0.0,456,0.0,-0.0,2114,52429,17109,52429,17111,52429,17095,0,0,0,101,100,100,2.7302341356354147e+23,66.2,2.7302343157793998e+23,66.5,0.0,66.5,1,49,50,180,52429,52429,0,0,0.0,0.0,0.0,60.0,2.845594358004467e+21,71.0,0.0,-21.407,0.0,1069,0,1069,0,0,0,1069,0,1079,0,999,0,666,0,667,0,662,0,680,0.032,1.4609821306377965e+22,0.0,0.0,25232,16814,7.74517121354714e+28,-0.0,-0.0,0.0,0.0,0.0,50.0,60.0,35,0.0,0.0,10.0,2.0,0.0,0.0,0.0,0.0,0.0,0.0,0.0,0.0,0.0,0.0,0.0,0.0,59.2,53,12,65509,27,65476,0,300,0,0,8,20529,65476,0,0,30147,60.0,0.0,10.0,10.0,2.0,0.0
2026-02-16T12:50:00,ERR,ERR,ERR,ERR,ERR,ERR,ERR,ERR,ERR,ERR,ERR,ERR,ERR,ERR,ERR,ERR,ERR,ERR,ERR,ERR,ERR,ERR,ERR,ERR,ERR,ERR,ERR,ERR,ERR,ERR,ERR,ERR,ERR,ERR,ERR,ERR,ERR,ERR,ERR,ERR,ERR,ERR,ERR,ERR,ERR,ERR,ERR,ERR,ERR,ERR,ERR,ERR,ERR,ERR,ERR,ERR,ERR,ERR,ERR,ERR,ERR,ERR,ERR,ERR,ERR,ERR,ERR,ERR,ERR,ERR,ERR,ERR,ERR,ERR,ERR,ERR,ERR,ERR,ERR,ERR,ERR,ERR,ERR,ERR,ERR,ERR,ERR,ERR,ERR,ERR,ERR,ERR,ERR,ERR,ERR,ERR,ERR,ERR,ERR,ERR,ERR,ERR,ERR,ERR,ERR,ERR,ERR,ERR,ERR,ERR,ERR,ERR,ERR,ERR,ERR,ERR,ERR,ERR,ERR,ERR,ERR,ERR,ERR,ERR,ERR,-107615880.0,107616352.0,-0.0,0.0,-0.031,-1.0190102046884764e+36,-1.1333019290719748e+19,0.0,4300,0,8,17169,4300,0.0,41,0.0,0.0,0.0,0.0,-0.0,0,0,0,0,0.0,0,0,0,0,0,0,0,0,0,0,0,0,0,0,0,0,0,0,0,0,0,0,0,0,0,0,0,0,0,0,0,0,0,8,38,38,46,65476,401,65476,1,0,4,21553,0.0,0.0,0.0,0.0,0.0,0.0,0.0,0.0,0.0,0.0,0.0,0.0,0.0,0.0,0.0,0.0,0.0,0.0,0.0,0.0,0.0,2.004,0.0,-0.0,-3.697074863047967e+19,3.69707618246192e+19,0.0,0.0,0.0,0.0,6596.0,-2.4230023160510894e+24,0.0,-107615880.0,2.7184527190102135e+23,-107616248.0,-2.7184507374263774e+23,0.0,0.0,2.004,2.004,228,-152017263656960.0,3.222024903336656e+26,0.0,0.0,0.0,0.0,0.0,0.0,0.0,0,0,0,-0.0,15614439.0,6.091723227413873e+17,143219912343552.0,7.02450833735239e+26,0.0,-0.0,-0.0,-4.330872386314812e+24,-6.109842170020649e+34,-61937828.0,2.17065216119631e+20,0.0,0.079,0.0,-0.0,0,1.3516416376850534e+27,228,0.0,456,0.0,-0.0,2114,52429,17109,52429,17111,52429,17095,0,0,0,101,100,100,2.7302341356354147e+23,66.2,2.7302343157793998e+23,66.5,0.0,66.5,1,49,50,180,52429,52429,0,0,0.0,0.0,0.0,60.0,2.845594358004467e+21,71.0,0.0,-21.407,0.0,1069,0,1069,0,0,0,1069,0,1079,0,999,0,666,0,667,0,662,0,680,0.032,1.4609821306377965e+22,0.0,0.0,25232,16814,7.74517121354714e+28,-0.0,-0.0,0.0,0.0,0.0,50.0,60.0,35,0.0,0.0,10.0,2.0,0.0,0.0,0.0,0.0,0.0,0.0,0.0,0.0,0.0,0.0,0.0,0.0,59.2,53,12,65509,27,65476,0,300,0,0,8,20529,65476,0,0,30147,60.0,0.0,10.0,10.0,2.0,0.0
2026-02-16T12:50:01,ERR,ERR,ERR,ERR,ERR,ERR,ERR,ERR,ERR,ERR,ERR,ERR,ERR,ERR,ERR,ERR,ERR,ERR,ERR,ERR,ERR,ERR,ERR,ERR,ERR,ERR,ERR,ERR,ERR,ERR,ERR,ERR,ERR,ERR,ERR,ERR,ERR,ERR,ERR,ERR,ERR,ERR,ERR,ERR,ERR,ERR,ERR,ERR,ERR,ERR,ERR,ERR,ERR,ERR,ERR,ERR,ERR,ERR,ERR,ERR,ERR,ERR,ERR,ERR,ERR,ERR,ERR,ERR,ERR,ERR,ERR,ERR,ERR,ERR,ERR,ERR,ERR,ERR,ERR,ERR,ERR,ERR,ERR,ERR,ERR,ERR,ERR,ERR,ERR,ERR,ERR,ERR,ERR,ERR,ERR,ERR,ERR,ERR,ERR,ERR,ERR,ERR,ERR,ERR,ERR,ERR,ERR,ERR,ERR,ERR,ERR,ERR,ERR,ERR,ERR,ERR,ERR,ERR,ERR,ERR,ERR,ERR,ERR,ERR,ERR,-107615880.0,107616352.0,-0.0,0.0,-0.031,-1.0190102046884764e+36,-1.1333019290719748e+19,0.0,4300,0,8,17169,4300,0.0,41,0.0,0.0,0.0,0.0,-0.0,0,0,0,0,0.0,0,0,0,0,0,0,0,0,0,0,0,0,0,0,0,0,0,0,0,0,0,0,0,0,0,0,0,0,0,0,0,0,0,8,38,38,46,65476,401,65476,1,0,4,21553,0.0,0.0,0.0,0.0,0.0,0.0,0.0,0.0,0.0,0.0,0.0,0.0,0.0,0.0,0.0,0.0,0.0,0.0,0.0,0.0,0.0,2.004,0.0,-0.0,-3.697074863047967e+19,3.69707618246192e+19,0.0,0.0,0.0,0.0,6596.0,-2.4230023160510894e+24,0.0,-107615880.0,2.7184527190102135e+23,-107616248.0,-2.7184507374263774e+23,0.0,0.0,2.004,2.004,228,-152017263656960.0,3.222024903336656e+26,0.0,0.0,0.0,0.0,0.0,0.0,0.0,0,0,0,-0.0,15614439.0,6.091723227413873e+17,143219912343552.0,7.02450833735239e+26,0.0,-0.0,-0.0,-4.330872386314812e+24,-6.109842170020649e+34,-61937828.0,2.17065216119631e+20,0.0,0.079,0.0,-0.0,0,1.3516416376850534e+27,228,0.0,456,0.0,-0.0,2114,52429,17109,52429,17111,52429,17095,0,0,0,101,100,100,2.7302341356354147e+23,66.2,2.7302343157793998e+23,66.5,0.0,66.5,1,49,50,180,52429,52429,0,0,0.0,0.0,0.0,60.0,2.845594358004467e+21,71.0,0.0,-21.407,0.0,1069,0,1069,0,0,0,1069,0,1079,0,999,0,666,0,667,0,662,0,680,0.032,1.4609821306377965e+22,0.0,0.0,25232,16814,7.74517121354714e+28,-0.0,-0.0,0.0,0.0,0.0,50.0,60.0,35,0.0,0.0,10.0,2.0,0.0,0.0,0.0,0.0,0.0,0.0,0.0,0.0,0.0,0.0,0.0,0.0,58.8,53,12,65509,27,65476,0,300,0,0,8,20529,65476,0,0,30147,60.0,0.0,10.0,10.0,2.0,0.0
2026-02-16T12:50:02,ERR,ERR,ERR,ERR,ERR,ERR,ERR,ERR,ERR,ERR,ERR,ERR,ERR,ERR,ERR,ERR,ERR,ERR,ERR,ERR,ERR,ERR,ERR,ERR,ERR,ERR,ERR,ERR,ERR,ERR,ERR,ERR,ERR,ERR,ERR,ERR,ERR,ERR,ERR,ERR,ERR,ERR,ERR,ERR,ERR,ERR,ERR,ERR,ERR,ERR,ERR,ERR,ERR,ERR,ERR,ERR,ERR,ERR,ERR,ERR,ERR,ERR,ERR,ERR,ERR,ERR,ERR,ERR,ERR,ERR,ERR,ERR,ERR,ERR,ERR,ERR,ERR,ERR,ERR,ERR,ERR,ERR,ERR,ERR,ERR,ERR,ERR,ERR,ERR,ERR,ERR,ERR,ERR,ERR,ERR,ERR,ERR,ERR,ERR,ERR,ERR,ERR,ERR,ERR,ERR,ERR,ERR,ERR,ERR,ERR,ERR,ERR,ERR,ERR,ERR,ERR,ERR,ERR,ERR,ERR,ERR,ERR,ERR,ERR,ERR,-107615880.0,2.7184527190102135e+23,nan,0.0,0.0,0.0,0.0,1.6371977868052163e+35,4300,0,8,17169,4300,0.0,41,0.0,0.0,0.0,0.0,-0.0,0,0,0,0,0.0,0,0,0,0,0,0,0,0,0,0,0,0,0,0,0,0,0,0,0,0,0,0,0,0,0,0,0,0,0,0,0,0,0,8,38,38,46,65476,399,65476,1,0,4,21553,0.0,0.0,0.0,0.0,0.0,0.0,0.0,0.0,0.0,0.0,0.0,0.0,0.0,0.0,0.0,0.0,0.0,0.0,0.0,0.0,0.0,2.004,0.0,-0.0,0.0,2.004,0.0,0.0,0.0,0.0,6629.0,0.0,0.0,0.0,2.7184527190102135e+23,0.0,-107616264.0,-0.0,0.0,2.004,2.004,228,-2.30882787541985e+20,-0.0,0.0,0.0,0.0,0.0,0.0,0.0,0.0,0,0,0,-0.0,0.0,256128768.0,5.240206975048331e+20,2361987199664128.0,0.0,-0.0,-41.568,0.0,-6.499264434410761e+34,-65345700.0,2.3205319567952e+20,0.0,0.084,0.0,2.0823389376026958e+26,0,1.3516416376850534e+27,228,0.0,456,2.40156025918058e+36,-0.235,2114,52429,17109,0,17112,52429,17095,0,0,0,101,100,100,2.7302341356354147e+23,66.2,2.7302343157793998e+23,66.6,0.0,66.5,1,49,50,180,52429,52429,0,0,0.0,0.0,0.0,60.0,3.298251553768963e+25,71.0,0.0,-1.4555001774087376e+35,0.0,1069,0,1069,0,0,0,1069,0,1079,0,999,0,666,0,667,0,662,0,680,0.032,1.4683608282672803e+22,0.0,0.0,15248,16814,1.1746365730225716e+31,-1.4555001774087376e+35,0.0,114689816.0,-0.0,-30965786.0,50.0,60.0,35,0.0,0.0,10.0,2.0,0.0,0.0,0.0,0.0,0.0,0.0,0.0,0.0,0.0,0.0,0.0,0.0,59.2,53,12,65510,27,65476,0,300,0,0,8,20529,65476,0,0,30147,60.0,0.0,10.0,10.0,2.0,0.0
2026-02-16T12:50:03,ERR,ERR,ERR,ERR,ERR,ERR,ERR,ERR,ERR,ERR,ERR,ERR,ERR,ERR,ERR,ERR,ERR,ERR,ERR,ERR,ERR,ERR,ERR,ERR,ERR,ERR,ERR,ERR,ERR,ERR,ERR,ERR,ERR,ERR,ERR,ERR,ERR,ERR,ERR,ERR,ERR,ERR,ERR,ERR,ERR,ERR,ERR,ERR,ERR,ERR,ERR,ERR,ERR,ERR,ERR,ERR,ERR,ERR,ERR,ERR,ERR,ERR,ERR,ERR,ERR,ERR,ERR,ERR,ERR,ERR,ERR,ERR,ERR,ERR,ERR,ERR,ERR,ERR,ERR,ERR,ERR,ERR,ERR,ERR,ERR,ERR,ERR,ERR,ERR,ERR,ERR,ERR,ERR,ERR,ERR,ERR,ERR,ERR,ERR,ERR,ERR,ERR,ERR,ERR,ERR,ERR,ERR,ERR,ERR,ERR,ERR,ERR,ERR,ERR,ERR,ERR,ERR,ERR,ERR,ERR,ERR,ERR,ERR,ERR,ERR,-107615880.0,2.7184527190102135e+23,nan,0.0,0.0,0.0,0.0,1.6371977868052163e+35,4300,0,8,17169,4300,0.0,41,0.0,0.0,0.0,0.0,-0.0,0,0,0,0,0.0,0,0,0,0,0,0,0,0,0,0,0,0,0,0,0,0,0,0,0,0,0,0,0,0,0,0,0,0,0,0,0,0,0,8,38,38,46,65476,399,65476,1,0,4,21553,0.0,0.0,0.0,0.0,0.0,0.0,0.0,0.0,0.0,0.0,0.0,0.0,0.0,0.0,0.0,0.0,0.0,0.0,0.0,0.0,0.0,2.004,0.0,-0.0,0.0,2.004,0.0,0.0,0.0,0.0,6629.0,0.0,0.0,0.0,2.7184527190102135e+23,0.0,-107616264.0,-0.0,0.0,2.004,2.004,228,-2.30882787541985e+20,-0.0,0.0,0.0,0.0,0.0,0.0,0.0,0.0,0,0,0,-0.0,0.0,256128768.0,5.240206975048331e+20,2361987199664128.0,0.0,-0.0,-41.568,0.0,-6.499264434410761e+34,-65345700.0,2.3205319567952e+20,0.0,0.084,0.0,2.0823389376026958e+26,0,1.3516416376850534e+27,228,0.0,456,2.40156025918058e+36,-0.235,2114,52429,17109,0,17112,52429,17095,0,0,0,101,100,100,2.7302341356354147e+23,66.2,2.7302343157793998e+23,66.6,0.0,66.5,1,49,50,180,52429,52429,0,0,0.0,0.0,0.0,60.0,3.298251553768963e+25,71.0,0.0,-1.4555001774087376e+35,0.0,1069,0,1069,0,0,0,1069,0,1079,0,999,0,666,0,667,0,662,0,680,0.032,1.4683608282672803e+22,0.0,0.0,15248,16814,1.1746365730225716e+31,-1.4555001774087376e+35,0.0,114689816.0,-0.0,-30965786.0,50.0,60.0,35,0.0,0.0,10.0,2.0,0.0,0.0,0.0,0.0,0.0,0.0,0.0,0.0,0.0,0.0,0.0,0.0,59.2,53,12,65510,27,65476,0,300,0,0,8,20529,65476,0,0,30147,60.0,0.0,10.0,10.0,2.0,0.0
2026-02-16T12:50:04,ERR,ERR,ERR,ERR,ERR,ERR,ERR,ERR,ERR,ERR,ERR,ERR,ERR,ERR,ERR,ERR,ERR,ERR,ERR,ERR,ERR,ERR,ERR,ERR,ERR,ERR,ERR,ERR,ERR,ERR,ERR,ERR,ERR,ERR,ERR,ERR,ERR,ERR,ERR,ERR,ERR,ERR,ERR,ERR,ERR,ERR,ERR,ERR,ERR,ERR,ERR,ERR,ERR,ERR,ERR,ERR,ERR,ERR,ERR,ERR,ERR,ERR,ERR,ERR,ERR,ERR,ERR,ERR,ERR,ERR,ERR,ERR,ERR,ERR,ERR,ERR,ERR,ERR,ERR,ERR,ERR,ERR,ERR,ERR,ERR,ERR,ERR,ERR,ERR,ERR,ERR,ERR,ERR,ERR,ERR,ERR,ERR,ERR,ERR,ERR,ERR,ERR,ERR,ERR,ERR,ERR,ERR,ERR,ERR,ERR,ERR,ERR,ERR,ERR,ERR,ERR,ERR,ERR,ERR,ERR,ERR,ERR,ERR,ERR,ERR,-107615880.0,2.7184527190102135e+23,nan,0.0,0.0,0.0,0.0,1.6371977868052163e+35,4300,0,8,17169,4300,0.0,41,0.0,0.0,0.0,0.0,-0.0,0,0,0,0,0.0,0,0,0,0,0,0,0,0,0,0,0,0,0,0,0,0,0,0,0,0,0,0,0,0,0,0,0,0,0,0,0,0,0,8,38,38,46,65476,399,65476,1,0,4,21553,0.0,0.0,0.0,0.0,0.0,0.0,0.0,0.0,0.0,0.0,0.0,0.0,0.0,0.0,0.0,0.0,0.0,0.0,0.0,0.0,0.0,2.004,0.0,-0.0,0.0,2.004,0.0,0.0,0.0,0.0,6629.0,0.0,0.0,0.0,2.7184527190102135e+23,0.0,-107616264.0,-0.0,0.0,2.004,2.004,228,-2.30882787541985e+20,-0.0,0.0,0.0,0.0,0.0,0.0,0.0,0.0,0,0,0,-0.0,0.0,256128768.0,5.240206975048331e+20,2361987199664128.0,0.0,-0.0,-41.568,0.0,-6.499264434410761e+34,-65345700.0,2.3205319567952e+20,0.0,0.084,0.0,2.0823389376026958e+26,0,1.3516416376850534e+27,228,0.0,456,2.40156025918058e+36,-0.235,2114,52429,17109,0,17112,52429,17095,0,0,0,101,100,100,2.7302341356354147e+23,66.2,2.7302343157793998e+23,66.6,0.0,66.5,1,49,50,180,52429,52429,0,0,0.0,0.0,0.0,60.0,3.298251553768963e+25,71.0,0.0,-1.4555001774087376e+35,0.0,1069,0,1069,0,0,0,1069,0,1079,0,999,0,666,0,667,0,662,0,680,0.032,1.4683608282672803e+22,0.0,0.0,15248,16814,1.1746365730225716e+31,-1.4555001774087376e+35,0.0,114689816.0,-0.0,-30965786.0,50.0,60.0,35,0.0,0.0,10.0,2.0,0.0,0.0,0.0,0.0,0.0,0.0,0.0,0.0,0.0,0.0,0.0,0.0,58.8,53,12,65510,27,65476,0,300,0,0,8,20529,65476,0,0,30147,60.0,0.0,10.0,10.0,2.0,0.0
2026-02-16T12:50:05,ERR,ERR,ERR,ERR,ERR,ERR,ERR,ERR,ERR,ERR,ERR,ERR,ERR,ERR,ERR,ERR,ERR,ERR,ERR,ERR,ERR,ERR,ERR,ERR,ERR,ERR,ERR,ERR,ERR,ERR,ERR,ERR,ERR,ERR,ERR,ERR,ERR,ERR,ERR,ERR,ERR,ERR,ERR,ERR,ERR,ERR,ERR,ERR,ERR,ERR,ERR,ERR,ERR,ERR,ERR,ERR,ERR,ERR,ERR,ERR,ERR,ERR,ERR,ERR,ERR,ERR,ERR,ERR,ERR,ERR,ERR,ERR,ERR,ERR,ERR,ERR,ERR,ERR,ERR,ERR,ERR,ERR,ERR,ERR,ERR,ERR,ERR,ERR,ERR,ERR,ERR,ERR,ERR,ERR,ERR,ERR,ERR,ERR,ERR,ERR,ERR,ERR,ERR,ERR,ERR,ERR,ERR,ERR,ERR,ERR,ERR,ERR,ERR,ERR,ERR,ERR,ERR,ERR,ERR,ERR,ERR,ERR,ERR,ERR,ERR,-107615880.0,2.7184527190102135e+23,nan,0.0,0.0,0.0,0.0,1.6371977868052163e+35,4300,0,8,17169,4300,0.0,41,0.0,0.0,0.0,0.0,-0.0,0,0,0,0,0.0,0,0,0,0,0,0,0,0,0,0,0,0,0,0,0,0,0,0,0,0,0,0,0,0,0,0,0,0,0,0,0,0,0,8,38,38,46,65476,399,65476,1,0,4,21553,0.0,0.0,0.0,0.0,0.0,0.0,0.0,0.0,0.0,0.0,0.0,0.0,0.0,0.0,0.0,0.0,0.0,0.0,0.0,0.0,0.0,2.004,0.0,-0.0,0.0,2.004,0.0,0.0,0.0,0.0,6629.0,0.0,0.0,0.0,2.7184527190102135e+23,0.0,-107616264.0,-0.0,0.0,2.004,2.004,228,-2.30882787541985e+20,-0.0,0.0,0.0,0.0,0.0,0.0,0.0,0.0,0,0,0,-0.0,0.0,256128768.0,5.240206975048331e+20,2361987199664128.0,0.0,-0.0,-41.568,0.0,-6.499264434410761e+34,-65345700.0,2.3205319567952e+20,0.0,0.084,0.0,2.0823389376026958e+26,0,1.3516416376850534e+27,228,0.0,456,2.40156025918058e+36,-0.235,2114,52429,17109,0,17112,52429,17095,0,0,0,101,100,100,2.7302341356354147e+23,66.2,2.7302343157793998e+23,66.6,0.0,66.5,1,49,50,180,52429,52429,0,0,0.0,0.0,0.0,60.0,2.0705782528119904e+29,71.0,0.0,-0.0,0.0,1069,0,1069,0,0,0,1069,0,1080,0,999,0,666,0,667,0,662,0,680,0.032,1.4609821306377965e+22,0.0,0.0,26256,16814,2.0705782528119904e+29,-0.0,-2.153290443784192e+17,-6.535723614895866e+19,1.0220828524868277e+32,-0.0,50.0,60.0,35,0.0,0.0,10.0,2.0,0.0,0.0,0.0,0.0,0.0,0.0,0.0,0.0,0.0,0.0,0.0,0.0,58.8,53,12,65510,27,65476,0,300,0,0,8,20529,65476,0,0,30147,60.0,0.0,10.0,10.0,2.0,0.0
2026-02-16T12:50:06,ERR,ERR,ERR,ERR,ERR,ERR,ERR,ERR,ERR,ERR,ERR,ERR,ERR,ERR,ERR,ERR,ERR,ERR,ERR,ERR,ERR,ERR,ERR,ERR,ERR,ERR,ERR,ERR,ERR,ERR,ERR,ERR,ERR,ERR,ERR,ERR,ERR,ERR,ERR,ERR,ERR,ERR,ERR,ERR,ERR,ERR,ERR,ERR,ERR,ERR,ERR,ERR,ERR,ERR,ERR,ERR,ERR,ERR,ERR,ERR,ERR,ERR,ERR,ERR,ERR,ERR,ERR,ERR,ERR,ERR,ERR,ERR,ERR,ERR,ERR,ERR,ERR,ERR,ERR,ERR,ERR,ERR,ERR,ERR,ERR,ERR,ERR,ERR,ERR,ERR,ERR,ERR,ERR,ERR,ERR,ERR,ERR,ERR,ERR,ERR,ERR,ERR,ERR,ERR,ERR,ERR,ERR,ERR,ERR,ERR,ERR,ERR,ERR,ERR,ERR,ERR,ERR,ERR,ERR,ERR,ERR,ERR,ERR,ERR,ERR,-107615880.0,2.7184527190102135e+23,nan,0.0,0.0,0.0,0.0,1.6371977868052163e+35,4300,0,8,17169,4300,0.0,41,0.0,0.0,0.0,0.0,-0.0,0,0,0,0,0.0,0,0,0,0,0,0,0,0,0,0,0,0,0,0,0,0,0,0,0,0,0,0,0,0,0,0,0,0,0,0,0,0,0,8,38,38,46,65476,399,65476,1,0,4,21553,0.0,0.0,0.0,0.0,0.0,0.0,0.0,0.0,0.0,0.0,0.0,0.0,0.0,0.0,0.0,0.0,0.0,0.0,0.0,0.0,0.0,2.004,0.0,-0.0,0.0,2.004,0.0,0.0,0.0,0.0,6629.0,0.0,0.0,0.0,2.7184527190102135e+23,0.0,-107616264.0,-0.0,0.0,2.004,2.004,228,-2.30882787541985e+20,-0.0,0.0,0.0,0.0,0.0,0.0,0.0,0.0,0,0,0,-0.0,0.0,256128768.0,5.240206975048331e+20,2361987199664128.0,0.0,-0.0,-41.568,0.0,-6.499264434410761e+34,-65345700.0,2.3205319567952e+20,0.0,0.084,0.0,2.0823389376026958e+26,0,1.3516416376850534e+27,228,0.0,456,2.40156025918058e+36,-0.235,2114,52429,17109,0,17112,52429,17095,0,0,0,101,100,100,2.7302341356354147e+23,66.2,2.7302343157793998e+23,66.6,0.0,66.5,1,49,50,180,52429,52429,0,0,0.0,0.0,0.0,60.0,2.0705782528119904e+29,71.0,0.0,-0.0,0.0,1069,0,1069,0,0,0,1069,0,1080,0,999,0,666,0,667,0,662,0,680,0.032,1.4609821306377965e+22,0.0,0.0,26256,16814,2.0705782528119904e+29,-0.0,-2.153290443784192e+17,-6.535723614895866e+19,1.0220828524868277e+32,-0.0,50.0,60.0,35,0.0,0.0,10.0,2.0,0.0,0.0,0.0,0.0,0.0,0.0,0.0,0.0,0.0,0.0,0.0,0.0,58.8,53,12,65510,27,65476,0,300,0,0,8,20529,65476,0,0,30147,60.0,0.0,10.0,10.0,2.0,0.0
2026-02-16T12:50:07,ERR,ERR,ERR,ERR,ERR,ERR,ERR,ERR,ERR,ERR,ERR,ERR,ERR,ERR,ERR,ERR,ERR,ERR,ERR,ERR,ERR,ERR,ERR,ERR,ERR,ERR,ERR,ERR,ERR,ERR,ERR,ERR,ERR,ERR,ERR,ERR,ERR,ERR,ERR,ERR,ERR,ERR,ERR,ERR,ERR,ERR,ERR,ERR,ERR,ERR,ERR,ERR,ERR,ERR,ERR,ERR,ERR,ERR,ERR,ERR,ERR,ERR,ERR,ERR,ERR,ERR,ERR,ERR,ERR,ERR,ERR,ERR,ERR,ERR,ERR,ERR,ERR,ERR,ERR,ERR,ERR,ERR,ERR,ERR,ERR,ERR,ERR,ERR,ERR,ERR,ERR,ERR,ERR,ERR,ERR,ERR,ERR,ERR,ERR,ERR,ERR,ERR,ERR,ERR,ERR,ERR,ERR,ERR,ERR,ERR,ERR,ERR,ERR,ERR,ERR,ERR,ERR,ERR,ERR,ERR,ERR,ERR,ERR,ERR,ERR,-107615880.0,2.7184527190102135e+23,nan,0.0,0.0,0.0,0.0,-0.0,4300,0,8,17169,4300,0.0,41,0.0,0.0,0.0,0.0,-0.0,0,0,0,0,0.0,0,0,0,0,0,0,0,0,0,0,0,0,0,0,0,0,0,0,0,0,0,0,0,0,0,0,0,0,0,0,0,0,0,8,38,38,46,65476,396,65476,1,0,4,21553,0.0,-0.0,0.0,0.0,0.0,0.0,0.0,0.0,0.0,0.0,0.0,0.0,0.0,0.0,0.0,0.0,0.0,0.0,0.0,0.0,0.0,2.004,0.0,-0.0,0.0,0.0,0.0,0.0,0.0,0.0,6631.0,3.697208563661904e+19,0.0,0.0,2.7184527190102135e+23,0.0,-0.0,0.0,0.0,2.004,2.004,227,-3.222002398308886e+26,-0.059,0.0,0.0,0.0,0.0,0.0,0.0,0.0,0,0,0,-0.0,-1.9744637505852618e+20,914487.0,0.0,526699200512.0,-0.0,-0.221,-3.1472403009604014e+32,5.4942356786236516e+20,-6.921138554166715e+34,-69873992.0,2.4588825373480216e+20,0.0,0.09,0.0,3.707001772359698e+24,0,1.3516416376850534e+27,226,0.0,452,2.40156025918058e+36,-0.235,2114,52429,17109,0,17112,52429,17095,0,0,0,101,100,100,2.7302341356354147e+23,66.2,2.7302343157793998e+23,66.6,0.0,66.5,1,49,50,180,52429,52429,0,0,0.0,0.0,0.0,60.0,2.0705782528119904e+29,71.0,0.0,-0.0,0.0,1069,0,1069,0,0,0,1069,0,1080,0,999,0,666,0,667,0,662,0,680,0.032,1.4609821306377965e+22,0.0,0.0,26256,16814,2.0705782528119904e+29,-0.0,-2.153290443784192e+17,-6.535723614895866e+19,1.0220828524868277e+32,-0.0,50.0,60.0,35,0.0,0.0,10.0,2.0,0.0,0.0,0.0,0.0,0.0,0.0,0.0,0.0,0.0,0.0,0.0,0.0,58.8,53,12,65510,27,65476,0,300,0,0,8,20529,65476,0,0,30147,60.0,0.0,10.0,10.0,2.0,0.0
2026-02-16T12:50:08,ERR,ERR,ERR,ERR,ERR,ERR,ERR,ERR,ERR,ERR,ERR,ERR,ERR,ERR,ERR,ERR,ERR,ERR,ERR,ERR,ERR,ERR,ERR,ERR,ERR,ERR,ERR,ERR,ERR,ERR,ERR,ERR,ERR,ERR,ERR,ERR,ERR,ERR,ERR,ERR,ERR,ERR,ERR,ERR,ERR,ERR,ERR,ERR,ERR,ERR,ERR,ERR,ERR,ERR,ERR,ERR,ERR,ERR,ERR,ERR,ERR,ERR,ERR,ERR,ERR,ERR,ERR,ERR,ERR,ERR,ERR,ERR,ERR,ERR,ERR,ERR,ERR,ERR,ERR,ERR,ERR,ERR,ERR,ERR,ERR,ERR,ERR,ERR,ERR,ERR,ERR,ERR,ERR,ERR,ERR,ERR,ERR,ERR,ERR,ERR,ERR,ERR,ERR,ERR,ERR,ERR,ERR,ERR,ERR,ERR,ERR,ERR,ERR,ERR,ERR,ERR,ERR,ERR,ERR,ERR,ERR,ERR,ERR,ERR,ERR,-107615880.0,2.7184527190102135e+23,nan,0.0,0.0,0.0,0.0,-0.0,4300,0,8,17169,4300,0.0,41,0.0,0.0,0.0,0.0,-0.0,0,0,0,0,0.0,0,0,0,0,0,0,0,0,0,0,0,0,0,0,0,0,0,0,0,0,0,0,0,0,0,0,0,0,0,0,0,0,0,8,38,38,46,65476,396,65476,1,0,4,21553,0.0,-0.0,0.0,0.0,0.0,0.0,0.0,0.0,0.0,0.0,0.0,0.0,0.0,0.0,0.0,0.0,0.0,0.0,0.0,0.0,0.0,2.004,0.0,-0.0,0.0,0.0,0.0,0.0,0.0,0.0,6631.0,3.697208563661904e+19,0.0,0.0,2.7184527190102135e+23,0.0,-0.0,0.0,0.0,2.004,2.004,227,-3.222002398308886e+26,-0.059,0.0,0.0,0.0,0.0,0.0,0.0,0.0,0,0,0,-0.0,-1.9744637505852618e+20,914487.0,0.0,526699200512.0,-0.0,-0.221,-3.1472403009604014e+32,5.4942356786236516e+20,-6.921138554166715e+34,-69873992.0,2.4588825373480216e+20,0.0,0.09,0.0,3.707001772359698e+24,0,1.3516416376850534e+27,226,0.0,452,2.40156025918058e+36,-0.235,2114,52429,17109,0,17112,52429,17095,0,0,0,101,100,100,2.7302341356354147e+23,66.2,2.7302343157793998e+23,66.6,0.0,66.5,1,49,50,180,52429,52429,0,0,0.0,0.0,0.0,60.0,9.454797354814254e+37,71.0,0.0,0.0,0.0,1069,0,1069,0,0,0,1069,0,1080,0,999,0,666,0,667,0,662,0,681,0.032,1.4609821306377965e+22,2.004,0.0,19728,16814,2.179209431561611e+26,1118226746441728.0,6234132.5,-243474661376.0,-1.2476597320395847e+28,-5.330475803091114e+32,50.0,60.0,35,0.0,0.0,10.0,2.0,0.0,0.0,0.0,0.0,0.0,0.0,0.0,0.0,0.0,0.0,0.0,0.0,58.8,53,12,65510,27,65476,0,300,0,0,8,20529,65476,0,0,30147,60.0,0.0,10.0,10.0,2.0,0.0
2026-02-16T12:50:09,ERR,ERR,ERR,ERR,ERR,ERR,ERR,ERR,ERR,ERR,ERR,ERR,ERR,ERR,ERR,ERR,ERR,ERR,ERR,ERR,ERR,ERR,ERR,ERR,ERR,ERR,ERR,ERR,ERR,ERR,ERR,ERR,ERR,ERR,ERR,ERR,ERR,ERR,ERR,ERR,ERR,ERR,ERR,ERR,ERR,ERR,ERR,ERR,ERR,ERR,ERR,ERR,ERR,ERR,ERR,ERR,ERR,ERR,ERR,ERR,ERR,ERR,ERR,ERR,ERR,ERR,ERR,ERR,ERR,ERR,ERR,ERR,ERR,ERR,ERR,ERR,ERR,ERR,ERR,ERR,ERR,ERR,ERR,ERR,ERR,ERR,ERR,ERR,ERR,ERR,ERR,ERR,ERR,ERR,ERR,ERR,ERR,ERR,ERR,ERR,ERR,ERR,ERR,ERR,ERR,ERR,ERR,ERR,ERR,ERR,ERR,ERR,ERR,ERR,ERR,ERR,ERR,ERR,ERR,ERR,ERR,ERR,ERR,ERR,ERR,-107615880.0,2.7184527190102135e+23,nan,0.0,0.0,0.0,0.0,-0.0,4300,0,8,17169,4300,0.0,41,0.0,0.0,0.0,0.0,-0.0,0,0,0,0,0.0,0,0,0,0,0,0,0,0,0,0,0,0,0,0,0,0,0,0,0,0,0,0,0,0,0,0,0,0,0,0,0,0,0,8,38,38,46,65476,396,65476,1,0,4,21553,0.0,-0.0,0.0,0.0,0.0,0.0,0.0,0.0,0.0,0.0,0.0,0.0,0.0,0.0,0.0,0.0,0.0,0.0,0.0,0.0,0.0,2.004,0.0,-0.0,0.0,0.0,0.0,0.0,0.0,0.0,6631.0,3.697208563661904e+19,0.0,0.0,2.7184527190102135e+23,0.0,-0.0,0.0,0.0,2.004,2.004,227,-3.222002398308886e+26,-0.059,0.0,0.0,0.0,0.0,0.0,0.0,0.0,0,0,0,-0.0,-1.9744637505852618e+20,914487.0,0.0,526699200512.0,-0.0,-0.221,-3.1472403009604014e+32,5.4942356786236516e+20,-6.921138554166715e+34,-69873992.0,2.4588825373480216e+20,0.0,0.09,0.0,3.707001772359698e+24,0,1.3516416376850534e+27,226,0.0,452,2.40156025918058e+36,-0.235,2114,52429,17109,0,17112,52429,17095,0,0,0,101,100,100,2.7302341356354147e+23,66.2,2.7302343157793998e+23,66.6,0.0,66.5,1,49,50,180,52429,52429,0,0,0.0,0.0,0.0,60.0,9.454797354814254e+37,71.0,0.0,0.0,0.0,1069,0,1069,0,0,0,1069,0,1080,0,999,0,666,0,667,0,662,0,681,0.032,1.4609821306377965e+22,2.004,0.0,19728,16814,2.179209431561611e+26,1118226746441728.0,6234132.5,-243474661376.0,-1.2476597320395847e+28,-5.330475803091114e+32,50.0,60.0,35,0.0,0.0,10.0,2.0,0.0,0.0,0.0,0.0,0.0,0.0,0.0,0.0,0.0,0.0,0.0,0.0,58.8,53,12,65510,27,65476,0,300,0,0,8,20529,65476,0,0,30147,60.0,0.0,10.0,10.0,2.0,0.0
2026-02-16T12:50:10,ERR,ERR,ERR,ERR,ERR,ERR,ERR,ERR,ERR,ERR,ERR,ERR,ERR,ERR,ERR,ERR,ERR,ERR,ERR,ERR,ERR,ERR,ERR,ERR,ERR,ERR,ERR,ERR,ERR,ERR,ERR,ERR,ERR,ERR,ERR,ERR,ERR,ERR,ERR,ERR,ERR,ERR,ERR,ERR,ERR,ERR,ERR,ERR,ERR,ERR,ERR,ERR,ERR,ERR,ERR,ERR,ERR,ERR,ERR,ERR,ERR,ERR,ERR,ERR,ERR,ERR,ERR,ERR,ERR,ERR,ERR,ERR,ERR,ERR,ERR,ERR,ERR,ERR,ERR,ERR,ERR,ERR,ERR,ERR,ERR,ERR,ERR,ERR,ERR,ERR,ERR,ERR,ERR,ERR,ERR,ERR,ERR,ERR,ERR,ERR,ERR,ERR,ERR,ERR,ERR,ERR,ERR,ERR,ERR,ERR,ERR,ERR,ERR,ERR,ERR,ERR,ERR,ERR,ERR,ERR,ERR,ERR,ERR,ERR,ERR,-107615880.0,2.7184527190102135e+23,nan,0.0,0.0,0.0,0.0,-0.0,4300,0,8,17169,4300,0.0,41,0.0,0.0,0.0,0.0,-0.0,0,0,0,0,0.0,0,0,0,0,0,0,0,0,0,0,0,0,0,0,0,0,0,0,0,0,0,0,0,0,0,0,0,0,0,0,0,0,0,8,38,38,46,65476,396,65476,1,0,4,21553,0.0,-0.0,0.0,0.0,0.0,0.0,0.0,0.0,0.0,0.0,0.0,0.0,0.0,0.0,0.0,0.0,0.0,0.0,0.0,0.0,0.0,2.004,0.0,-0.0,0.0,0.0,0.0,0.0,0.0,0.0,6631.0,3.697208563661904e+19,0.0,0.0,2.7184527190102135e+23,0.0,-0.0,0.0,0.0,2.004,2.004,227,-3.222002398308886e+26,-0.059,0.0,0.0,0.0,0.0,0.0,0.0,0.0,0,0,0,-0.0,-1.9744637505852618e+20,914487.0,0.0,526699200512.0,-0.0,-0.221,-3.1472403009604014e+32,5.4942356786236516e+20,-6.921138554166715e+34,-69873992.0,2.4588825373480216e+20,0.0,0.09,0.0,3.707001772359698e+24,0,1.3516416376850534e+27,226,0.0,452,2.40156025918058e+36,-0.235,2114,52429,17109,0,17112,52429,17095,0,0,0,101,100,100,2.7302341356354147e+23,66.2,2.7302343157793998e+23,66.6,0.0,66.5,1,49,50,180,52429,52429,0,0,0.0,0.0,0.0,60.0,9.454797354814254e+37,71.0,0.0,0.0,0.0,1069,0,1069,0,0,0,1069,0,1080,0,999,0,666,0,667,0,662,0,681,0.032,1.4609821306377965e+22,2.004,0.0,19728,16814,2.179209431561611e+26,1118226746441728.0,6234132.5,-243474661376.0,-1.2476597320395847e+28,-5.330475803091114e+32,50.0,60.0,35,0.0,0.0,10.0,2.0,0.0,0.0,0.0,0.0,0.0,0.0,0.0,0.0,0.0,0.0,0.0,0.0,58.8,53,12,65510,27,65476,0,300,0,0,8,20529,65476,0,0,30147,60.0,0.0,10.0,10.0,2.0,0.0
2026-02-16T12:50:11,ERR,ERR,ERR,ERR,ERR,ERR,ERR,ERR,ERR,ERR,ERR,ERR,ERR,ERR,ERR,ERR,ERR,ERR,ERR,ERR,ERR,ERR,ERR,ERR,ERR,ERR,ERR,ERR,ERR,ERR,ERR,ERR,ERR,ERR,ERR,ERR,ERR,ERR,ERR,ERR,ERR,ERR,ERR,ERR,ERR,ERR,ERR,ERR,ERR,ERR,ERR,ERR,ERR,ERR,ERR,ERR,ERR,ERR,ERR,ERR,ERR,ERR,ERR,ERR,ERR,ERR,ERR,ERR,ERR,ERR,ERR,ERR,ERR,ERR,ERR,ERR,ERR,ERR,ERR,ERR,ERR,ERR,ERR,ERR,ERR,ERR,ERR,ERR,ERR,ERR,ERR,ERR,ERR,ERR,ERR,ERR,ERR,ERR,ERR,ERR,ERR,ERR,ERR,ERR,ERR,ERR,ERR,ERR,ERR,ERR,ERR,ERR,ERR,ERR,ERR,ERR,ERR,ERR,ERR,ERR,ERR,ERR,ERR,ERR,ERR,-107615880.0,2.7184527190102135e+23,nan,0.0,0.0,0.0,0.0,-0.0,4300,0,8,17169,4300,0.0,41,0.0,0.0,0.0,0.0,-0.0,0,0,0,0,0.0,0,0,0,0,0,0,0,0,0,0,0,0,0,0,0,0,0,0,0,0,0,0,0,0,0,0,0,0,0,0,0,0,0,8,38,38,46,65476,394,65476,1,0,4,21553,0.0,0.0,0.0,0.0,0.0,0.0,0.0,0.0,0.0,0.0,0.0,0.0,0.0,0.0,0.0,0.0,0.0,0.0,0.0,0.0,0.0,2.004,0.0,-0.0,0.0,0.0,0.0,0.0,0.0,0.0,6630.0,1.0406716943511724e+34,0.0,-107615880.0,2.7184527190102135e+23,0.0,-0.0,0.0,0.0,2.004,2.004,227,-3.222002398308886e+26,-89221.031,0.0,0.0,0.0,0.0,0.0,0.0,0.0,0,0,0,-0.0,-0.0,3108.215,2.4104382309500715e+19,3423319621632.0,0.0,5.913340962988817e+30,2.7277569225129984e+17,-111.137,-7.278108963190985e+34,-76689736.0,2.6087623329469117e+20,0.0,0.095,0.0,-0.0,0,1.3516416376850534e+27,226,0.0,452,2.40156025918058e+36,-0.235,2114,52429,17109,0,17112,52429,17095,0,0,0,101,100,100,2.7302341356354147e+23,66.2,2.7302343157793998e+23,66.6,0.0,66.5,1,49,50,180,52429,52429,0,0,0.0,0.0,0.0,60.0,9.454797354814254e+37,71.0,0.0,0.0,0.0,1069,0,1069,0,0,0,1069,0,1080,0,999,0,666,0,667,0,662,0,681,0.032,1.4609821306377965e+22,2.004,0.0,19728,16814,2.179209431561611e+26,1118226746441728.0,6234132.5,-243474661376.0,-1.2476597320395847e+28,-5.330475803091114e+32,50.0,60.0,35,0.0,0.0,10.0,2.0,0.0,0.0,0.0,0.0,0.0,0.0,0.0,0.0,0.0,0.0,0.0,0.0,58.8,53,12,65510,27,65476,0,300,0,0,8,20529,65476,0,0,30147,60.0,0.0,10.0,10.0,2.0,0.0
2026-02-16T12:50:12,ERR,ERR,ERR,ERR,ERR,ERR,ERR,ERR,ERR,ERR,ERR,ERR,ERR,ERR,ERR,ERR,ERR,ERR,ERR,ERR,ERR,ERR,ERR,ERR,ERR,ERR,ERR,ERR,ERR,ERR,ERR,ERR,ERR,ERR,ERR,ERR,ERR,ERR,ERR,ERR,ERR,ERR,ERR,ERR,ERR,ERR,ERR,ERR,ERR,ERR,ERR,ERR,ERR,ERR,ERR,ERR,ERR,ERR,ERR,ERR,ERR,ERR,ERR,ERR,ERR,ERR,ERR,ERR,ERR,ERR,ERR,ERR,ERR,ERR,ERR,ERR,ERR,ERR,ERR,ERR,ERR,ERR,ERR,ERR,ERR,ERR,ERR,ERR,ERR,ERR,ERR,ERR,ERR,ERR,ERR,ERR,ERR,ERR,ERR,ERR,ERR,ERR,ERR,ERR,ERR,ERR,ERR,ERR,ERR,ERR,ERR,ERR,ERR,ERR,ERR,ERR,ERR,ERR,ERR,ERR,ERR,ERR,ERR,ERR,ERR,-107615880.0,2.7184527190102135e+23,nan,0.0,0.0,0.0,0.0,-0.0,4300,0,8,17169,4300,0.0,41,0.0,0.0,0.0,0.0,-0.0,0,0,0,0,0.0,0,0,0,0,0,0,0,0,0,0,0,0,0,0,0,0,0,0,0,0,0,0,0,0,0,0,0,0,0,0,0,0,0,8,38,38,46,65476,394,65476,1,0,4,21553,0.0,0.0,0.0,0.0,0.0,0.0,0.0,0.0,0.0,0.0,0.0,0.0,0.0,0.0,0.0,0.0,0.0,0.0,0.0,0.0,0.0,2.004,0.0,-0.0,0.0,0.0,0.0,0.0,0.0,0.0,6630.0,1.0406716943511724e+34,0.0,-107615880.0,2.7184527190102135e+23,0.0,-0.0,0.0,0.0,2.004,2.004,227,-3.222002398308886e+26,-89221.031,0.0,0.0,0.0,0.0,0.0,0.0,0.0,0,0,0,-0.0,-0.0,3108.215,2.4104382309500715e+19,3423319621632.0,0.0,5.913340962988817e+30,2.7277569225129984e+17,-111.137,-7.278108963190985e+34,-76689736.0,2.6087623329469117e+20,0.0,0.095,0.0,-0.0,0,1.3516416376850534e+27,226,0.0,452,2.40156025918058e+36,-0.235,2114,52429,17109,0,17112,52429,17095,0,0,0,101,100,100,2.7302341356354147e+23,66.2,2.7302343157793998e+23,66.6,0.0,66.5,1,49,50,180,52429,52429,0,0,0.0,0.0,0.0,60.0,1.9554775528498083e+32,71.0,0.0,-23124835827712.0,0.0,1069,0,1069,0,0,0,1069,0,1080,0,999,0,666,0,667,0,662,0,681,0.032,1.4609821306377965e+22,2.004,0.0,31632,16814,1.846640108362159e+35,-0.0,-0.0,0.0,186.256,0.0,50.0,60.0,35,0.0,0.0,10.0,2.0,0.0,0.0,0.0,0.0,0.0,0.0,0.0,0.0,0.0,0.0,0.0,0.0,58.8,53,12,65510,27,65476,0,300,0,0,8,20529,65476,0,0,30147,60.0,0.0,10.0,10.0,2.0,0.0
2026-02-16T12:50:13,ERR,ERR,ERR,ERR,ERR,ERR,ERR,ERR,ERR,ERR,ERR,ERR,ERR,ERR,ERR,ERR,ERR,ERR,ERR,ERR,ERR,ERR,ERR,ERR,ERR,ERR,ERR,ERR,ERR,ERR,ERR,ERR,ERR,ERR,ERR,ERR,ERR,ERR,ERR,ERR,ERR,ERR,ERR,ERR,ERR,ERR,ERR,ERR,ERR,ERR,ERR,ERR,ERR,ERR,ERR,ERR,ERR,ERR,ERR,ERR,ERR,ERR,ERR,ERR,ERR,ERR,ERR,ERR,ERR,ERR,ERR,ERR,ERR,ERR,ERR,ERR,ERR,ERR,ERR,ERR,ERR,ERR,ERR,ERR,ERR,ERR,ERR,ERR,ERR,ERR,ERR,ERR,ERR,ERR,ERR,ERR,ERR,ERR,ERR,ERR,ERR,ERR,ERR,ERR,ERR,ERR,ERR,ERR,ERR,ERR,ERR,ERR,ERR,ERR,ERR,ERR,ERR,ERR,ERR,ERR,ERR,ERR,ERR,ERR,ERR,-107615880.0,2.7184527190102135e+23,nan,0.0,0.0,0.0,0.0,-0.0,4300,0,8,17169,4300,0.0,41,0.0,0.0,0.0,0.0,-0.0,0,0,0,0,0.0,0,0,0,0,0,0,0,0,0,0,0,0,0,0,0,0,0,0,0,0,0,0,0,0,0,0,0,0,0,0,0,0,0,8,38,38,46,65476,394,65476,1,0,4,21553,0.0,0.0,0.0,0.0,0.0,0.0,0.0,0.0,0.0,0.0,0.0,0.0,0.0,0.0,0.0,0.0,0.0,0.0,0.0,0.0,0.0,2.004,0.0,-0.0,0.0,0.0,0.0,0.0,0.0,0.0,6630.0,1.0406716943511724e+34,0.0,-107615880.0,2.7184527190102135e+23,0.0,-0.0,0.0,0.0,2.004,2.004,227,-3.222002398308886e+26,-89221.031,0.0,0.0,0.0,0.0,0.0,0.0,0.0,0,0,0,-0.0,-0.0,3108.215,2.4104382309500715e+19,3423319621632.0,0.0,5.913340962988817e+30,2.7277569225129984e+17,-111.137,-7.278108963190985e+34,-76689736.0,2.6087623329469117e+20,0.0,0.095,0.0,-0.0,0,1.3516416376850534e+27,226,0.0,452,2.40156025918058e+36,-0.235,2114,52429,17109,0,17112,52429,17095,0,0,0,101,100,100,2.7302341356354147e+23,66.2,2.7302343157793998e+23,66.6,0.0,66.5,1,49,50,180,52429,52429,0,0,0.0,0.0,0.0,60.0,1.9554775528498083e+32,71.0,0.0,-23124835827712.0,0.0,1069,0,1069,0,0,0,1069,0,1080,0,999,0,666,0,667,0,662,0,681,0.032,1.4609821306377965e+22,2.004,0.0,31632,16814,1.846640108362159e+35,-0.0,-0.0,0.0,186.256,0.0,50.0,60.0,35,0.0,0.0,10.0,2.0,0.0,0.0,0.0,0.0,0.0,0.0,0.0,0.0,0.0,0.0,0.0,0.0,58.8,53,12,65510,27,65476,0,300,0,0,8,20529,65476,0,0,30147,60.0,0.0,10.0,10.0,2.0,0.0
2026-02-16T12:50:14,ERR,ERR,ERR,ERR,ERR,ERR,ERR,ERR,ERR,ERR,ERR,ERR,ERR,ERR,ERR,ERR,ERR,ERR,ERR,ERR,ERR,ERR,ERR,ERR,ERR,ERR,ERR,ERR,ERR,ERR,ERR,ERR,ERR,ERR,ERR,ERR,ERR,ERR,ERR,ERR,ERR,ERR,ERR,ERR,ERR,ERR,ERR,ERR,ERR,ERR,ERR,ERR,ERR,ERR,ERR,ERR,ERR,ERR,ERR,ERR,ERR,ERR,ERR,ERR,ERR,ERR,ERR,ERR,ERR,ERR,ERR,ERR,ERR,ERR,ERR,ERR,ERR,ERR,ERR,ERR,ERR,ERR,ERR,ERR,ERR,ERR,ERR,ERR,ERR,ERR,ERR,ERR,ERR,ERR,ERR,ERR,ERR,ERR,ERR,ERR,ERR,ERR,ERR,ERR,ERR,ERR,ERR,ERR,ERR,ERR,ERR,ERR,ERR,ERR,ERR,ERR,ERR,ERR,ERR,ERR,ERR,ERR,ERR,ERR,ERR,-107615880.0,2.7184527190102135e+23,nan,0.0,0.0,0.0,0.0,-0.0,4300,0,8,17169,4300,0.0,41,0.0,0.0,0.0,0.0,-0.0,0,0,0,0,0.0,0,0,0,0,0,0,0,0,0,0,0,0,0,0,0,0,0,0,0,0,0,0,0,0,0,0,0,0,0,0,0,0,0,8,38,38,46,65476,394,65476,1,0,4,21553,0.0,0.0,0.0,0.0,0.0,0.0,0.0,0.0,0.0,0.0,0.0,0.0,0.0,0.0,0.0,0.0,0.0,0.0,0.0,0.0,0.0,2.004,0.0,-0.0,0.0,0.0,0.0,0.0,0.0,0.0,6630.0,1.0406716943511724e+34,0.0,-107615880.0,2.7184527190102135e+23,0.0,-0.0,0.0,0.0,2.004,2.004,227,-3.222002398308886e+26,-89221.031,0.0,0.0,0.0,0.0,0.0,0.0,0.0,0,0,0,-0.0,-0.0,3108.215,2.4104382309500715e+19,3423319621632.0,0.0,5.913340962988817e+30,2.7277569225129984e+17,-111.137,-7.278108963190985e+34,-76689736.0,2.6087623329469117e+20,0.0,0.095,0.0,-0.0,0,1.3516416376850534e+27,226,0.0,452,2.40156025918058e+36,-0.235,2114,52429,17109,0,17112,52429,17095,0,0,0,101,100,100,2.7302341356354147e+23,66.2,2.7302343157793998e+23,66.6,0.0,66.5,1,49,50,180,52429,52429,0,0,0.0,0.0,0.0,60.0,1.9554775528498083e+32,71.0,0.0,-23124835827712.0,0.0,1069,0,1069,0,0,0,1069,0,1080,0,999,0,666,0,667,0,662,0,681,0.032,1.4609821306377965e+22,2.004,0.0,31632,16814,1.846640108362159e+35,-0.0,-0.0,0.0,186.256,0.0,50.0,60.0,35,0.0,0.0,10.0,2.0,0.0,0.0,0.0,0.0,0.0,0.0,0.0,0.0,0.0,0.0,0.0,0.0,59.2,53,12,65510,27,65476,0,300,0,0,8,20529,65476,0,0,30147,60.0,0.0,10.0,10.0,2.0,0.0
2026-02-16T12:50:15,ERR,ERR,ERR,ERR,ERR,ERR,ERR,ERR,ERR,ERR,ERR,ERR,ERR,ERR,ERR,ERR,ERR,ERR,ERR,ERR,ERR,ERR,ERR,ERR,ERR,ERR,ERR,ERR,ERR,ERR,ERR,ERR,ERR,ERR,ERR,ERR,ERR,ERR,ERR,ERR,ERR,ERR,ERR,ERR,ERR,ERR,ERR,ERR,ERR,ERR,ERR,ERR,ERR,ERR,ERR,ERR,ERR,ERR,ERR,ERR,ERR,ERR,ERR,ERR,ERR,ERR,ERR,ERR,ERR,ERR,ERR,ERR,ERR,ERR,ERR,ERR,ERR,ERR,ERR,ERR,ERR,ERR,ERR,ERR,ERR,ERR,ERR,ERR,ERR,ERR,ERR,ERR,ERR,ERR,ERR,ERR,ERR,ERR,ERR,ERR,ERR,ERR,ERR,ERR,ERR,ERR,ERR,ERR,ERR,ERR,ERR,ERR,ERR,ERR,ERR,ERR,ERR,ERR,ERR,ERR,ERR,ERR,ERR,ERR,ERR,-107615880.0,2.7184527190102135e+23,nan,0.0,0.0,0.0,0.0,-0.0,4300,0,8,17169,4300,0.0,41,0.0,0.0,0.0,0.0,-0.0,0,0,0,0,0.0,0,0,0,0,0,0,0,0,0,0,0,0,0,0,0,0,0,0,0,0,0,0,0,0,0,0,0,0,0,0,0,0,0,8,38,38,46,65476,394,65476,1,0,4,21553,0.0,0.0,0.0,0.0,0.0,0.0,0.0,0.0,0.0,0.0,0.0,0.0,0.0,0.0,0.0,0.0,0.0,0.0,0.0,0.0,0.0,2.004,0.0,-0.0,0.0,0.0,0.0,0.0,0.0,0.0,6630.0,1.0406716943511724e+34,0.0,-107615880.0,2.7184527190102135e+23,0.0,-0.0,0.0,0.0,2.004,2.004,227,-3.222002398308886e+26,-89221.031,0.0,0.0,0.0,0.0,0.0,0.0,0.0,0,0,0,-0.0,-0.0,3108.215,2.4104382309500715e+19,3423319621632.0,0.0,5.913340962988817e+30,2.7277569225129984e+17,-111.137,-7.278108963190985e+34,-76689736.0,2.6087623329469117e+20,0.0,0.095,0.0,-0.0,0,1.3516416376850534e+27,226,0.0,452,2.40156025918058e+36,-0.235,2114,52429,17109,0,17112,0,17096,0,0,0,101,100,100,2.7302341356354147e+23,66.2,2.7302343157793998e+23,66.6,0.0,66.5,1,49,50,180,52429,52429,0,0,0.0,0.0,0.0,60.0,4.724675129783958e+27,71.0,0.0,600856448.0,0.0,1069,0,1069,0,0,0,1069,0,1080,0,999,0,666,0,667,0,662,0,681,0.032,1.4536034330083127e+22,2.004,0.0,3472,16814,4.724675129783958e+27,600856448.0,0.0,-4.5065845396141055e+32,-1314.05,-0.0,50.0,60.0,35,0.0,0.0,10.0,2.0,0.0,0.0,0.0,0.0,0.0,0.0,0.0,0.0,0.0,0.0,0.0,0.0,58.8,53,12,65510,27,65476,0,300,0,0,8,20529,65476,0,0,30147,60.0,0.0,10.0,10.0,2.0,0.0
2026-02-16T12:50:16,ERR,ERR,ERR,ERR,ERR,ERR,ERR,ERR,ERR,ERR,ERR,ERR,ERR,ERR,ERR,ERR,ERR,ERR,ERR,ERR,ERR,ERR,ERR,ERR,ERR,ERR,ERR,ERR,ERR,ERR,ERR,ERR,ERR,ERR,ERR,ERR,ERR,ERR,ERR,ERR,ERR,ERR,ERR,ERR,ERR,ERR,ERR,ERR,ERR,ERR,ERR,ERR,ERR,ERR,ERR,ERR,ERR,ERR,ERR,ERR,ERR,ERR,ERR,ERR,ERR,ERR,ERR,ERR,ERR,ERR,ERR,ERR,ERR,ERR,ERR,ERR,ERR,ERR,ERR,ERR,ERR,ERR,ERR,ERR,ERR,ERR,ERR,ERR,ERR,ERR,ERR,ERR,ERR,ERR,ERR,ERR,ERR,ERR,ERR,ERR,ERR,ERR,ERR,ERR,ERR,ERR,ERR,ERR,ERR,ERR,ERR,ERR,ERR,ERR,ERR,ERR,ERR,ERR,ERR,ERR,ERR,ERR,ERR,ERR,ERR,0.0,2.7184527190102135e+23,-0.0,0.0,-0.031,0.0,0.0,0.0,4300,0,8,17169,4300,0.0,41,0.0,0.0,0.0,0.0,-0.0,0,0,0,0,0.0,0,0,0,0,0,0,0,0,0,0,0,0,0,0,0,0,0,0,0,0,0,0,0,0,0,0,0,0,0,0,0,0,0,8,38,38,46,65476,391,65476,1,0,4,21553,0.0,0.0,0.0,0.0,0.0,0.0,0.0,0.0,0.0,0.0,0.0,0.0,0.0,0.0,0.0,0.0,0.0,0.0,0.0,0.0,0.0,2.004,0.0,-0.0,0.0,-3.697075742657269e+19,0.0,0.0,0.0,0.0,6631.0,-0.0,0.0,0.0,2.7184527190102135e+23,0.0,-0.0,0.0,0.0,2.004,2.004,226,-4.950401131092143e+32,-1.905696230688686e+17,0.0,0.0,0.0,0.0,0.0,0.0,0.0,0,0,0,-0.0,7.036606795862143e+24,84614.875,-0.0,2.513616578022432e+21,-0.0,0.192,0.0,1.4395080203421308e+37,-7.69998308294694e+34,-83505480.0,2.7471129134997334e+20,0.0,0.101,0.0,-0.0,0,1.3516416376850534e+27,226,0.0,452,-621855232.0,82050.086,2114,52429,17109,0,17112,0,17096,0,0,0,101,100,100,2.7302341356354147e+23,66.2,2.7302343157793998e+23,66.6,0.0,66.5,1,49,50,180,52429,52429,0,0,0.0,0.0,0.0,60.0,4.724675129783958e+27,71.0,0.0,600856448.0,0.0,1069,0,1069,0,0,0,1069,0,1080,0,999,0,666,0,667,0,662,0,681,0.032,1.4536034330083127e+22,2.004,0.0,3472,16814,4.724675129783958e+27,600856448.0,0.0,-4.5065845396141055e+32,-1314.05,-0.0,50.0,60.0,35,0.0,0.0,10.0,2.0,0.0,0.0,0.0,0.0,0.0,0.0,0.0,0.0,0.0,0.0,0.0,0.0,58.8,53,12,65510,27,65476,0,300,0,0,8,20529,65476,0,0,30147,60.0,0.0,10.0,10.0,2.0,0.0
2026-02-16T12:50:17,ERR,ERR,ERR,ERR,ERR,ERR,ERR,ERR,ERR,ERR,ERR,ERR,ERR,ERR,ERR,ERR,ERR,ERR,ERR,ERR,ERR,ERR,ERR,ERR,ERR,ERR,ERR,ERR,ERR,ERR,ERR,ERR,ERR,ERR,ERR,ERR,ERR,ERR,ERR,ERR,ERR,ERR,ERR,ERR,ERR,ERR,ERR,ERR,ERR,ERR,ERR,ERR,ERR,ERR,ERR,ERR,ERR,ERR,ERR,ERR,ERR,ERR,ERR,ERR,ERR,ERR,ERR,ERR,ERR,ERR,ERR,ERR,ERR,ERR,ERR,ERR,ERR,ERR,ERR,ERR,ERR,ERR,ERR,ERR,ERR,ERR,ERR,ERR,ERR,ERR,ERR,ERR,ERR,ERR,ERR,ERR,ERR,ERR,ERR,ERR,ERR,ERR,ERR,ERR,ERR,ERR,ERR,ERR,ERR,ERR,ERR,ERR,ERR,ERR,ERR,ERR,ERR,ERR,ERR,ERR,ERR,ERR,ERR,ERR,ERR,0.0,2.7184527190102135e+23,-0.0,0.0,-0.031,0.0,0.0,0.0,4300,0,8,17169,4300,0.0,41,0.0,0.0,0.0,0.0,-0.0,0,0,0,0,0.0,0,0,0,0,0,0,0,0,0,0,0,0,0,0,0,0,0,0,0,0,0,0,0,0,0,0,0,0,0,0,0,0,0,8,38,38,46,65476,391,65476,1,0,4,21553,0.0,0.0,0.0,0.0,0.0,0.0,0.0,0.0,0.0,0.0,0.0,0.0,0.0,0.0,0.0,0.0,0.0,0.0,0.0,0.0,0.0,2.004,0.0,-0.0,0.0,-3.697075742657269e+19,0.0,0.0,0.0,0.0,6631.0,-0.0,0.0,0.0,2.7184527190102135e+23,0.0,-0.0,0.0,0.0,2.004,2.004,226,-4.950401131092143e+32,-1.905696230688686e+17,0.0,0.0,0.0,0.0,0.0,0.0,0.0,0,0,0,-0.0,7.036606795862143e+24,84614.875,-0.0,2.513616578022432e+21,-0.0,0.192,0.0,1.4395080203421308e+37,-7.69998308294694e+34,-83505480.0,2.7471129134997334e+20,0.0,0.101,0.0,-0.0,0,1.3516416376850534e+27,226,0.0,452,-621855232.0,82050.086,2114,52429,17109,0,17112,0,17096,0,0,0,101,100,100,2.7302341356354147e+23,66.2,2.7302343157793998e+23,66.6,0.0,66.5,1,49,50,180,52429,52429,0,0,0.0,0.0,0.0,60.0,4.724675129783958e+27,71.0,0.0,600856448.0,0.0,1069,0,1069,0,0,0,1069,0,1080,0,999,0,666,0,667,0,662,0,681,0.032,1.4536034330083127e+22,2.004,0.0,3472,16814,4.724675129783958e+27,600856448.0,0.0,-4.5065845396141055e+32,-1314.05,-0.0,50.0,60.0,35,0.0,0.0,10.0,2.0,0.0,0.0,0.0,0.0,0.0,0.0,0.0,0.0,0.0,0.0,0.0,0.0,58.8,53,12,65510,27,65476,0,300,0,0,8,20529,65476,0,0,30147,60.0,0.0,10.0,10.0,2.0,0.0
2026-02-16T12:50:18,ERR,ERR,ERR,ERR,ERR,ERR,ERR,ERR,ERR,ERR,ERR,ERR,ERR,ERR,ERR,ERR,ERR,ERR,ERR,ERR,ERR,ERR,ERR,ERR,ERR,ERR,ERR,ERR,ERR,ERR,ERR,ERR,ERR,ERR,ERR,ERR,ERR,ERR,ERR,ERR,ERR,ERR,ERR,ERR,ERR,ERR,ERR,ERR,ERR,ERR,ERR,ERR,ERR,ERR,ERR,ERR,ERR,ERR,ERR,ERR,ERR,ERR,ERR,ERR,ERR,ERR,ERR,ERR,ERR,ERR,ERR,ERR,ERR,ERR,ERR,ERR,ERR,ERR,ERR,ERR,ERR,ERR,ERR,ERR,ERR,ERR,ERR,ERR,ERR,ERR,ERR,ERR,ERR,ERR,ERR,ERR,ERR,ERR,ERR,ERR,ERR,ERR,ERR,ERR,ERR,ERR,ERR,ERR,ERR,ERR,ERR,ERR,ERR,ERR,ERR,ERR,ERR,ERR,ERR,ERR,ERR,ERR,ERR,ERR,ERR,0.0,2.7184527190102135e+23,-0.0,0.0,-0.031,0.0,0.0,0.0,4300,0,8,17169,4300,0.0,41,0.0,0.0,0.0,0.0,-0.0,0,0,0,0,0.0,0,0,0,0,0,0,0,0,0,0,0,0,0,0,0,0,0,0,0,0,0,0,0,0,0,0,0,0,0,0,0,0,0,8,38,38,46,65476,391,65476,1,0,4,21553,0.0,0.0,0.0,0.0,0.0,0.0,0.0,0.0,0.0,0.0,0.0,0.0,0.0,0.0,0.0,0.0,0.0,0.0,0.0,0.0,0.0,2.004,0.0,-0.0,0.0,-3.697075742657269e+19,0.0,0.0,0.0,0.0,6631.0,-0.0,0.0,0.0,2.7184527190102135e+23,0.0,-0.0,0.0,0.0,2.004,2.004,226,-4.950401131092143e+32,-1.905696230688686e+17,0.0,0.0,0.0,0.0,0.0,0.0,0.0,0,0,0,-0.0,7.036606795862143e+24,84614.875,-0.0,2.513616578022432e+21,-0.0,0.192,0.0,1.4395080203421308e+37,-7.69998308294694e+34,-83505480.0,2.7471129134997334e+20,0.0,0.101,0.0,-0.0,0,1.3516416376850534e+27,226,0.0,452,-621855232.0,82050.086,2114,39322,17109,0,17112,52429,17095,0,0,0,101,100,100,2.7302341356354147e+23,66.2,2.7302343157793998e+23,66.6,0.0,66.5,1,49,50,180,52429,52429,0,0,0.0,0.0,0.0,60.0,2.845594358004467e+21,71.0,0.0,-9.817031881026377e+34,0.0,1069,0,1069,0,0,0,1068,0,1080,0,999,0,666,0,667,0,662,0,682,0.032,1.4609821306377965e+22,-0.0,2.730234856211355e+23,23440,16814,4.186093600601672e+28,0.0,-2.936406164674573e+30,0.0,-0.0,-0.0,50.0,60.0,35,0.0,0.0,10.0,2.0,0.0,0.0,0.0,0.0,0.0,0.0,0.0,0.0,0.0,0.0,0.0,0.0,58.8,53,12,65510,27,65476,0,300,0,0,8,20529,65476,0,0,30147,60.0,0.0,10.0,10.0,2.0,0.0
2026-02-16T12:50:19,ERR,ERR,ERR,ERR,ERR,ERR,ERR,ERR,ERR,ERR,ERR,ERR,ERR,ERR,ERR,ERR,ERR,ERR,ERR,ERR,ERR,ERR,ERR,ERR,ERR,ERR,ERR,ERR,ERR,ERR,ERR,ERR,ERR,ERR,ERR,ERR,ERR,ERR,ERR,ERR,ERR,ERR,ERR,ERR,ERR,ERR,ERR,ERR,ERR,ERR,ERR,ERR,ERR,ERR,ERR,ERR,ERR,ERR,ERR,ERR,ERR,ERR,ERR,ERR,ERR,ERR,ERR,ERR,ERR,ERR,ERR,ERR,ERR,ERR,ERR,ERR,ERR,ERR,ERR,ERR,ERR,ERR,ERR,ERR,ERR,ERR,ERR,ERR,ERR,ERR,ERR,ERR,ERR,ERR,ERR,ERR,ERR,ERR,ERR,ERR,ERR,ERR,ERR,ERR,ERR,ERR,ERR,ERR,ERR,ERR,ERR,ERR,ERR,ERR,ERR,ERR,ERR,ERR,ERR,ERR,ERR,ERR,ERR,ERR,ERR,0.0,2.7184527190102135e+23,-0.0,0.0,-0.031,0.0,0.0,0.0,4300,0,8,17169,4300,0.0,41,0.0,0.0,0.0,0.0,-0.0,0,0,0,0,0.0,0,0,0,0,0,0,0,0,0,0,0,0,0,0,0,0,0,0,0,0,0,0,0,0,0,0,0,0,0,0,0,0,0,8,38,38,46,65476,391,65476,1,0,4,21553,0.0,0.0,0.0,0.0,0.0,0.0,0.0,0.0,0.0,0.0,0.0,0.0,0.0,0.0,0.0,0.0,0.0,0.0,0.0,0.0,0.0,2.004,0.0,-0.0,0.0,-3.697075742657269e+19,0.0,0.0,0.0,0.0,6631.0,-0.0,0.0,0.0,2.7184527190102135e+23,0.0,-0.0,0.0,0.0,2.004,2.004,226,-4.950401131092143e+32,-1.905696230688686e+17,0.0,0.0,0.0,0.0,0.0,0.0,0.0,0,0,0,-0.0,7.036606795862143e+24,84614.875,-0.0,2.513616578022432e+21,-0.0,0.192,0.0,1.4395080203421308e+37,-7.69998308294694e+34,-83505480.0,2.7471129134997334e+20,0.0,0.101,0.0,-0.0,0,1.3516416376850534e+27,226,0.0,452,-621855232.0,82050.086,2114,39322,17109,0,17112,52429,17095,0,0,0,101,100,100,2.7302341356354147e+23,66.2,2.7302343157793998e+23,66.6,0.0,66.5,1,49,50,180,52429,52429,0,0,0.0,0.0,0.0,60.0,2.845594358004467e+21,71.0,0.0,-9.817031881026377e+34,0.0,1069,0,1069,0,0,0,1068,0,1080,0,999,0,666,0,667,0,662,0,682,0.032,1.4609821306377965e+22,-0.0,2.730234856211355e+23,23440,16814,4.186093600601672e+28,0.0,-2.936406164674573e+30,0.0,-0.0,-0.0,50.0,60.0,35,0.0,0.0,10.0,2.0,0.0,0.0,0.0,0.0,0.0,0.0,0.0,0.0,0.0,0.0,0.0,0.0,58.8,53,12,65510,27,65476,0,300,0,0,8,20529,65476,0,0,30147,60.0,0.0,10.0,10.0,2.0,0.0
2026-02-16T12:50:20,ERR,ERR,ERR,ERR,ERR,ERR,ERR,ERR,ERR,ERR,ERR,ERR,ERR,ERR,ERR,ERR,ERR,ERR,ERR,ERR,ERR,ERR,ERR,ERR,ERR,ERR,ERR,ERR,ERR,ERR,ERR,ERR,ERR,ERR,ERR,ERR,ERR,ERR,ERR,ERR,ERR,ERR,ERR,ERR,ERR,ERR,ERR,ERR,ERR,ERR,ERR,ERR,ERR,ERR,ERR,ERR,ERR,ERR,ERR,ERR,ERR,ERR,ERR,ERR,ERR,ERR,ERR,ERR,ERR,ERR,ERR,ERR,ERR,ERR,ERR,ERR,ERR,ERR,ERR,ERR,ERR,ERR,ERR,ERR,ERR,ERR,ERR,ERR,ERR,ERR,ERR,ERR,ERR,ERR,ERR,ERR,ERR,ERR,ERR,ERR,ERR,ERR,ERR,ERR,ERR,ERR,ERR,ERR,ERR,ERR,ERR,ERR,ERR,ERR,ERR,ERR,ERR,ERR,ERR,ERR,ERR,ERR,ERR,ERR,ERR,0.0,2.7184527190102135e+23,-0.0,0.0,-0.031,0.0,0.0,0.0,4300,0,8,17169,4300,0.0,41,0.0,0.0,0.0,0.0,-0.0,0,0,0,0,0.0,0,0,0,0,0,0,0,0,0,0,0,0,0,0,0,0,0,0,0,0,0,0,0,0,0,0,0,0,0,0,0,0,0,8,38,38,46,65476,391,65476,1,0,4,21553,0.0,0.0,0.0,0.0,0.0,0.0,0.0,0.0,0.0,0.0,0.0,0.0,0.0,0.0,0.0,0.0,0.0,0.0,0.0,0.0,0.0,2.004,0.0,-0.0,0.0,-3.697075742657269e+19,0.0,0.0,0.0,0.0,6631.0,-0.0,0.0,0.0,2.7184527190102135e+23,0.0,-0.0,0.0,0.0,2.004,2.004,226,-4.950401131092143e+32,-1.905696230688686e+17,0.0,0.0,0.0,0.0,0.0,0.0,0.0,0,0,0,-0.0,7.036606795862143e+24,84614.875,-0.0,2.513616578022432e+21,-0.0,0.192,0.0,1.4395080203421308e+37,-7.69998308294694e+34,-83505480.0,2.7471129134997334e+20,0.0,0.101,0.0,-0.0,0,1.3516416376850534e+27,226,0.0,452,-621855232.0,82050.086,2114,39322,17109,0,17112,52429,17095,0,0,0,101,100,100,2.7302341356354147e+23,66.2,2.7302343157793998e+23,66.6,0.0,66.5,1,49,50,180,52429,52429,0,0,0.0,0.0,0.0,60.0,2.845594358004467e+21,71.0,0.0,-9.817031881026377e+34,0.0,1069,0,1069,0,0,0,1068,0,1080,0,999,0,666,0,667,0,662,0,682,0.032,1.4609821306377965e+22,-0.0,2.730234856211355e+23,23440,16814,4.186093600601672e+28,0.0,-2.936406164674573e+30,0.0,-0.0,-0.0,50.0,60.0,35,0.0,0.0,10.0,2.0,0.0,0.0,0.0,0.0,0.0,0.0,0.0,0.0,0.0,0.0,0.0,0.0,58.8,53,12,65510,27,65476,0,300,0,0,8,20529,65476,0,0,30147,60.0,0.0,10.0,10.0,2.0,0.0
2026-02-16T12:50:21,ERR,ERR,ERR,ERR,ERR,ERR,ERR,ERR,ERR,ERR,ERR,ERR,ERR,ERR,ERR,ERR,ERR,ERR,ERR,ERR,ERR,ERR,ERR,ERR,ERR,ERR,ERR,ERR,ERR,ERR,ERR,ERR,ERR,ERR,ERR,ERR,ERR,ERR,ERR,ERR,ERR,ERR,ERR,ERR,ERR,ERR,ERR,ERR,ERR,ERR,ERR,ERR,ERR,ERR,ERR,ERR,ERR,ERR,ERR,ERR,ERR,ERR,ERR,ERR,ERR,ERR,ERR,ERR,ERR,ERR,ERR,ERR,ERR,ERR,ERR,ERR,ERR,ERR,ERR,ERR,ERR,ERR,ERR,ERR,ERR,ERR,ERR,ERR,ERR,ERR,ERR,ERR,ERR,ERR,ERR,ERR,ERR,ERR,ERR,ERR,ERR,ERR,ERR,ERR,ERR,ERR,ERR,ERR,ERR,ERR,ERR,ERR,ERR,ERR,ERR,ERR,ERR,ERR,ERR,ERR,ERR,ERR,ERR,ERR,ERR,-107615880.0,-0.0,2.7184069624379994e+23,0.0,-0.0,0.0,-1.4876730640581378e+28,0.0,4300,0,8,17169,4300,0.0,41,0.0,0.0,0.0,0.0,2.7184166902131945e+23,0,0,0,0,0.0,0,0,0,0,0,0,0,0,0,0,0,0,0,0,0,0,0,0,0,0,0,0,0,0,0,0,0,0,0,0,0,0,0,8,38,38,45,65476,390,65476,1,0,4,21553,0.0,0.0,0.0,0.0,0.0,0.0,0.0,0.0,0.0,0.0,0.0,0.0,0.0,0.0,0.0,0.0,0.0,0.0,0.0,0.0,0.0,2.004,2.004,-0.0,0.0,-2.004,0.0,0.0,0.0,0.0,6635.0,-0.0,0.0,0.0,-0.0,0.0,2.7184507374263774e+23,0.0,0.0,2.004,2.004,227,0.0,-2.7184282194282406e+23,0.0,0.0,0.0,0.0,0.0,0.0,0.0,0,0,0,-0.0,-0.0,30443232.0,2.5216095836219625e+35,4.730141497266338e+22,-3.1649447483187973e+20,1.7059430235492104e+34,9.053081325212271e+18,-975972.25,-8.121857202702894e+34,-89796936.0,2.8969927090986235e+20,0.0,0.106,0.0,-0.0,0,1.3516416376850534e+27,227,0.0,454,0.0,-1.3516451289993519e+35,2114,39322,17109,0,17112,52429,17095,0,0,0,101,100,100,2.7302341356354147e+23,66.2,2.7302343157793998e+23,66.6,0.0,66.5,1,49,50,180,52429,52429,0,0,0.0,0.0,0.0,60.0,2.845594358004467e+21,71.0,0.0,-9.817031881026377e+34,0.0,1069,0,1069,0,0,0,1068,0,1080,0,999,0,666,0,667,0,662,0,682,0.032,1.4609821306377965e+22,-0.0,2.730234856211355e+23,23440,16814,4.186093600601672e+28,0.0,-2.936406164674573e+30,0.0,-0.0,-0.0,50.0,60.0,35,0.0,0.0,10.0,2.0,0.0,0.0,0.0,0.0,0.0,0.0,0.0,0.0,0.0,0.0,0.0,0.0,58.8,53,12,65510,27,65476,0,300,0,0,8,20529,65476,0,0,30147,60.0,0.0,10.0,10.0,2.0,0.0
2026-02-16T12:50:22,ERR,ERR,ERR,ERR,ERR,ERR,ERR,ERR,ERR,ERR,ERR,ERR,ERR,ERR,ERR,ERR,ERR,ERR,ERR,ERR,ERR,ERR,ERR,ERR,ERR,ERR,ERR,ERR,ERR,ERR,ERR,ERR,ERR,ERR,ERR,ERR,ERR,ERR,ERR,ERR,ERR,ERR,ERR,ERR,ERR,ERR,ERR,ERR,ERR,ERR,ERR,ERR,ERR,ERR,ERR,ERR,ERR,ERR,ERR,ERR,ERR,ERR,ERR,ERR,ERR,ERR,ERR,ERR,ERR,ERR,ERR,ERR,ERR,ERR,ERR,ERR,ERR,ERR,ERR,ERR,ERR,ERR,ERR,ERR,ERR,ERR,ERR,ERR,ERR,ERR,ERR,ERR,ERR,ERR,ERR,ERR,ERR,ERR,ERR,ERR,ERR,ERR,ERR,ERR,ERR,ERR,ERR,ERR,ERR,ERR,ERR,ERR,ERR,ERR,ERR,ERR,ERR,ERR,ERR,ERR,ERR,ERR,ERR,ERR,ERR,-107615880.0,-0.0,2.7184069624379994e+23,0.0,-0.0,0.0,-1.4876730640581378e+28,0.0,4300,0,8,17169,4300,0.0,41,0.0,0.0,0.0,0.0,2.7184166902131945e+23,0,0,0,0,0.0,0,0,0,0,0,0,0,0,0,0,0,0,0,0,0,0,0,0,0,0,0,0,0,0,0,0,0,0,0,0,0,0,0,8,38,38,45,65476,390,65476,1,0,4,21553,0.0,0.0,0.0,0.0,0.0,0.0,0.0,0.0,0.0,0.0,0.0,0.0,0.0,0.0,0.0,0.0,0.0,0.0,0.0,0.0,0.0,2.004,2.004,-0.0,0.0,-2.004,0.0,0.0,0.0,0.0,6635.0,-0.0,0.0,0.0,-0.0,0.0,2.7184507374263774e+23,0.0,0.0,2.004,2.004,227,0.0,-2.7184282194282406e+23,0.0,0.0,0.0,0.0,0.0,0.0,0.0,0,0,0,-0.0,-0.0,30443232.0,2.5216095836219625e+35,4.730141497266338e+22,-3.1649447483187973e+20,1.7059430235492104e+34,9.053081325212271e+18,-975972.25,-8.121857202702894e+34,-89796936.0,2.8969927090986235e+20,0.0,0.106,0.0,-0.0,0,1.3516416376850534e+27,227,0.0,454,0.0,-1.3516451289993519e+35,2114,39322,17109,0,17112,52429,17095,0,0,0,101,100,100,2.7302341356354147e+23,66.2,2.7302343157793998e+23,66.6,0.0,66.5,1,49,50,180,52429,52429,0,0,0.0,0.0,0.0,60.0,2.7790830873863496e+37,71.0,0.0,0.0,0.0,1069,0,1069,0,0,0,1068,0,1080,0,1000,0,666,0,667,0,662,0,681,0.032,1.4609821306377965e+22,-0.0,2.730234856211355e+23,18832,16814,9.454797354814254e+37,0.0,0.0,-5.836,-2.817634954337321e+17,-0.0,50.0,60.0,35,0.0,0.0,10.0,2.0,0.0,0.0,0.0,0.0,0.0,0.0,0.0,0.0,0.0,0.0,0.0,0.0,58.8,53,12,65510,27,65476,0,300,0,0,8,20529,65476,0,0,30147,60.0,0.0,10.0,10.0,2.0,0.0
2026-02-16T12:50:23,ERR,ERR,ERR,ERR,ERR,ERR,ERR,ERR,ERR,ERR,ERR,ERR,ERR,ERR,ERR,ERR,ERR,ERR,ERR,ERR,ERR,ERR,ERR,ERR,ERR,ERR,ERR,ERR,ERR,ERR,ERR,ERR,ERR,ERR,ERR,ERR,ERR,ERR,ERR,ERR,ERR,ERR,ERR,ERR,ERR,ERR,ERR,ERR,ERR,ERR,ERR,ERR,ERR,ERR,ERR,ERR,ERR,ERR,ERR,ERR,ERR,ERR,ERR,ERR,ERR,ERR,ERR,ERR,ERR,ERR,ERR,ERR,ERR,ERR,ERR,ERR,ERR,ERR,ERR,ERR,ERR,ERR,ERR,ERR,ERR,ERR,ERR,ERR,ERR,ERR,ERR,ERR,ERR,ERR,ERR,ERR,ERR,ERR,ERR,ERR,ERR,ERR,ERR,ERR,ERR,ERR,ERR,ERR,ERR,ERR,ERR,ERR,ERR,ERR,ERR,ERR,ERR,ERR,ERR,ERR,ERR,ERR,ERR,ERR,ERR,-107615880.0,-0.0,2.7184069624379994e+23,0.0,-0.0,0.0,-1.4876730640581378e+28,0.0,4300,0,8,17169,4300,0.0,41,0.0,0.0,0.0,0.0,2.7184166902131945e+23,0,0,0,0,0.0,0,0,0,0,0,0,0,0,0,0,0,0,0,0,0,0,0,0,0,0,0,0,0,0,0,0,0,0,0,0,0,0,0,8,38,38,45,65476,390,65476,1,0,4,21553,0.0,0.0,0.0,0.0,0.0,0.0,0.0,0.0,0.0,0.0,0.0,0.0,0.0,0.0,0.0,0.0,0.0,0.0,0.0,0.0,0.0,2.004,2.004,-0.0,0.0,-2.004,0.0,0.0,0.0,0.0,6635.0,-0.0,0.0,0.0,-0.0,0.0,2.7184507374263774e+23,0.0,0.0,2.004,2.004,227,0.0,-2.7184282194282406e+23,0.0,0.0,0.0,0.0,0.0,0.0,0.0,0,0,0,-0.0,-0.0,30443232.0,2.5216095836219625e+35,4.730141497266338e+22,-3.1649447483187973e+20,1.7059430235492104e+34,9.053081325212271e+18,-975972.25,-8.121857202702894e+34,-89796936.0,2.8969927090986235e+20,0.0,0.106,0.0,-0.0,0,1.3516416376850534e+27,227,0.0,454,0.0,-1.3516451289993519e+35,2114,39322,17109,0,17112,52429,17095,0,0,0,101,100,100,2.7302341356354147e+23,66.2,2.7302343157793998e+23,66.6,0.0,66.5,1,49,50,180,52429,52429,0,0,0.0,0.0,0.0,60.0,2.7790830873863496e+37,71.0,0.0,0.0,0.0,1069,0,1069,0,0,0,1068,0,1080,0,1000,0,666,0,667,0,662,0,681,0.032,1.4609821306377965e+22,-0.0,2.730234856211355e+23,18832,16814,9.454797354814254e+37,0.0,0.0,-5.836,-2.817634954337321e+17,-0.0,50.0,60.0,35,0.0,0.0,10.0,2.0,0.0,0.0,0.0,0.0,0.0,0.0,0.0,0.0,0.0,0.0,0.0,0.0,58.8,53,12,65510,27,65476,0,300,0,0,8,20529,65476,0,0,30147,60.0,0.0,10.0,10.0,2.0,0.0
2026-02-16T12:50:24,ERR,ERR,ERR,ERR,ERR,ERR,ERR,ERR,ERR,ERR,ERR,ERR,ERR,ERR,ERR,ERR,ERR,ERR,ERR,ERR,ERR,ERR,ERR,ERR,ERR,ERR,ERR,ERR,ERR,ERR,ERR,ERR,ERR,ERR,ERR,ERR,ERR,ERR,ERR,ERR,ERR,ERR,ERR,ERR,ERR,ERR,ERR,ERR,ERR,ERR,ERR,ERR,ERR,ERR,ERR,ERR,ERR,ERR,ERR,ERR,ERR,ERR,ERR,ERR,ERR,ERR,ERR,ERR,ERR,ERR,ERR,ERR,ERR,ERR,ERR,ERR,ERR,ERR,ERR,ERR,ERR,ERR,ERR,ERR,ERR,ERR,ERR,ERR,ERR,ERR,ERR,ERR,ERR,ERR,ERR,ERR,ERR,ERR,ERR,ERR,ERR,ERR,ERR,ERR,ERR,ERR,ERR,ERR,ERR,ERR,ERR,ERR,ERR,ERR,ERR,ERR,ERR,ERR,ERR,ERR,ERR,ERR,ERR,ERR,ERR,-107615880.0,-0.0,2.7184069624379994e+23,0.0,-0.0,0.0,-1.4876730640581378e+28,0.0,4300,0,8,17169,4300,0.0,41,0.0,0.0,0.0,0.0,2.7184166902131945e+23,0,0,0,0,0.0,0,0,0,0,0,0,0,0,0,0,0,0,0,0,0,0,0,0,0,0,0,0,0,0,0,0,0,0,0,0,0,0,0,8,38,38,45,65476,390,65476,1,0,4,21553,0.0,0.0,0.0,0.0,0.0,0.0,0.0,0.0,0.0,0.0,0.0,0.0,0.0,0.0,0.0,0.0,0.0,0.0,0.0,0.0,0.0,2.004,2.004,-0.0,0.0,-2.004,0.0,0.0,0.0,0.0,6635.0,-0.0,0.0,0.0,-0.0,0.0,2.7184507374263774e+23,0.0,0.0,2.004,2.004,227,0.0,-2.7184282194282406e+23,0.0,0.0,0.0,0.0,0.0,0.0,0.0,0,0,0,-0.0,-0.0,30443232.0,2.5216095836219625e+35,4.730141497266338e+22,-3.1649447483187973e+20,1.7059430235492104e+34,9.053081325212271e+18,-975972.25,-8.121857202702894e+34,-89796936.0,2.8969927090986235e+20,0.0,0.106,0.0,-0.0,0,1.3516416376850534e+27,227,0.0,454,0.0,-1.3516451289993519e+35,2114,39322,17109,0,17112,52429,17095,0,0,0,101,100,100,2.7302341356354147e+23,66.2,2.7302343157793998e+23,66.6,0.0,66.5,1,49,50,180,52429,52429,0,0,0.0,0.0,0.0,60.0,2.7790830873863496e+37,71.0,0.0,0.0,0.0,1069,0,1069,0,0,0,1068,0,1080,0,1000,0,666,0,667,0,662,0,681,0.032,1.4609821306377965e+22,-0.0,2.730234856211355e+23,18832,16814,9.454797354814254e+37,0.0,0.0,-5.836,-2.817634954337321e+17,-0.0,50.0,60.0,35,0.0,0.0,10.0,2.0,0.0,0.0,0.0,0.0,0.0,0.0,0.0,0.0,0.0,0.0,0.0,0.0,58.8,53,12,65510,27,65476,0,300,0,0,8,20529,65476,0,0,30147,60.0,0.0,10.0,10.0,2.0,0.0
2026-02-16T12:50:25,ERR,ERR,ERR,ERR,ERR,ERR,ERR,ERR,ERR,ERR,ERR,ERR,ERR,ERR,ERR,ERR,ERR,ERR,ERR,ERR,ERR,ERR,ERR,ERR,ERR,ERR,ERR,ERR,ERR,ERR,ERR,ERR,ERR,ERR,ERR,ERR,ERR,ERR,ERR,ERR,ERR,ERR,ERR,ERR,ERR,ERR,ERR,ERR,ERR,ERR,ERR,ERR,ERR,ERR,ERR,ERR,ERR,ERR,ERR,ERR,ERR,ERR,ERR,ERR,ERR,ERR,ERR,ERR,ERR,ERR,ERR,ERR,ERR,ERR,ERR,ERR,ERR,ERR,ERR,ERR,ERR,ERR,ERR,ERR,ERR,ERR,ERR,ERR,ERR,ERR,ERR,ERR,ERR,ERR,ERR,ERR,ERR,ERR,ERR,ERR,ERR,ERR,ERR,ERR,ERR,ERR,ERR,ERR,ERR,ERR,ERR,ERR,ERR,ERR,ERR,ERR,ERR,ERR,ERR,ERR,ERR,ERR,ERR,ERR,ERR,0.0,-0.0,0.0,0.0,0.0,-2.6526963217014456e+18,-0.0,-0.013,4300,0,8,17169,4300,0.0,41,0.0,0.0,0.0,0.0,2.7184166902131945e+23,0,0,0,0,0.0,0,0,0,0,0,0,0,0,0,0,0,0,0,0,0,0,0,0,0,0,0,0,0,0,0,0,0,0,0,0,0,0,0,8,38,37,45,65476,389,65476,1,0,4,21553,0.0,0.0,0.0,0.0,0.0,0.0,0.0,0.0,0.0,0.0,0.0,0.0,0.0,0.0,0.0,0.0,0.0,0.0,0.0,0.0,0.0,2.004,0.0,-0.0,0.0,-2.004,0.0,0.0,0.0,0.0,6665.0,0.0,0.0,-107615880.0,-0.0,0.0,-0.0,0.0,0.0,2.004,2.004,227,0.0,0.0,0.0,0.0,0.0,0.0,0.0,0.0,0.0,0,0,0,-0.0,-152747769856.0,406.527,0.0,4282609664.0,95555472.0,-0.0,0.0,-24.784,-8.714883960530289e+34,-96612680.0,3.142265957601499e+20,0.0,0.112,0.0,-128.247,0,1.3516416376850534e+27,227,0.0,454,-621855232.0,82050.086,2114,39322,17109,0,17112,52429,17095,0,0,0,101,100,100,2.7302341356354147e+23,66.2,2.7302343157793998e+23,66.6,0.0,66.5,1,49,50,180,52429,52429,0,0,0.0,0.0,0.0,60.0,1.0250911832499814e+19,71.0,0.0,2674775.5,0.0,1069,0,1069,0,0,0,1068,0,1080,0,1000,0,666,0,667,0,662,0,681,0.032,1.4536034330083127e+22,2.004,0.0,12688,16814,1.0250911832499814e+19,2674775.5,-1.1725240553036747e+21,1.657932789559526e+21,-0.0,3.616769003768462e+31,50.0,60.0,35,0.0,0.0,10.0,2.0,0.0,0.0,0.0,0.0,0.0,0.0,0.0,0.0,0.0,0.0,0.0,0.0,58.8,53,12,65510,27,65476,0,300,0,0,8,20529,65476,0,0,30147,60.0,0.0,10.0,10.0,2.0,0.0
2026-02-16T12:50:26,ERR,ERR,ERR,ERR,ERR,ERR,ERR,ERR,ERR,ERR,ERR,ERR,ERR,ERR,ERR,ERR,ERR,ERR,ERR,ERR,ERR,ERR,ERR,ERR,ERR,ERR,ERR,ERR,ERR,ERR,ERR,ERR,ERR,ERR,ERR,ERR,ERR,ERR,ERR,ERR,ERR,ERR,ERR,ERR,ERR,ERR,ERR,ERR,ERR,ERR,ERR,ERR,ERR,ERR,ERR,ERR,ERR,ERR,ERR,ERR,ERR,ERR,ERR,ERR,ERR,ERR,ERR,ERR,ERR,ERR,ERR,ERR,ERR,ERR,ERR,ERR,ERR,ERR,ERR,ERR,ERR,ERR,ERR,ERR,ERR,ERR,ERR,ERR,ERR,ERR,ERR,ERR,ERR,ERR,ERR,ERR,ERR,ERR,ERR,ERR,ERR,ERR,ERR,ERR,ERR,ERR,ERR,ERR,ERR,ERR,ERR,ERR,ERR,ERR,ERR,ERR,ERR,ERR,ERR,ERR,ERR,ERR,ERR,ERR,ERR,0.0,-0.0,0.0,0.0,0.0,-2.6526963217014456e+18,-0.0,-0.013,4300,0,8,17169,4300,0.0,41,0.0,0.0,0.0,0.0,2.7184166902131945e+23,0,0,0,0,0.0,0,0,0,0,0,0,0,0,0,0,0,0,0,0,0,0,0,0,0,0,0,0,0,0,0,0,0,0,0,0,0,0,0,8,38,37,45,65476,389,65476,1,0,4,21553,0.0,0.0,0.0,0.0,0.0,0.0,0.0,0.0,0.0,0.0,0.0,0.0,0.0,0.0,0.0,0.0,0.0,0.0,0.0,0.0,0.0,2.004,0.0,-0.0,0.0,-2.004,0.0,0.0,0.0,0.0,6665.0,0.0,0.0,-107615880.0,-0.0,0.0,-0.0,0.0,0.0,2.004,2.004,227,0.0,0.0,0.0,0.0,0.0,0.0,0.0,0.0,0.0,0,0,0,-0.0,-152747769856.0,406.527,0.0,4282609664.0,95555472.0,-0.0,0.0,-24.784,-8.714883960530289e+34,-96612680.0,3.142265957601499e+20,0.0,0.112,0.0,-128.247,0,1.3516416376850534e+27,227,0.0,454,-621855232.0,82050.086,2114,39322,17109,0,17112,52429,17095,0,0,0,101,100,100,2.7302341356354147e+23,66.2,2.7302343157793998e+23,66.6,0.0,66.5,1,49,50,180,52429,52429,0,0,0.0,0.0,0.0,60.0,1.0250911832499814e+19,71.0,0.0,2674775.5,0.0,1069,0,1069,0,0,0,1068,0,1080,0,1000,0,666,0,667,0,662,0,681,0.032,1.4536034330083127e+22,2.004,0.0,12688,16814,1.0250911832499814e+19,2674775.5,-1.1725240553036747e+21,1.657932789559526e+21,-0.0,3.616769003768462e+31,50.0,60.0,35,0.0,0.0,10.0,2.0,0.0,0.0,0.0,0.0,0.0,0.0,0.0,0.0,0.0,0.0,0.0,0.0,58.8,53,12,65510,27,65476,0,300,0,0,8,20529,65476,0,0,30147,60.0,0.0,10.0,10.0,2.0,0.0
2026-02-16T12:50:27,ERR,ERR,ERR,ERR,ERR,ERR,ERR,ERR,ERR,ERR,ERR,ERR,ERR,ERR,ERR,ERR,ERR,ERR,ERR,ERR,ERR,ERR,ERR,ERR,ERR,ERR,ERR,ERR,ERR,ERR,ERR,ERR,ERR,ERR,ERR,ERR,ERR,ERR,ERR,ERR,ERR,ERR,ERR,ERR,ERR,ERR,ERR,ERR,ERR,ERR,ERR,ERR,ERR,ERR,ERR,ERR,ERR,ERR,ERR,ERR,ERR,ERR,ERR,ERR,ERR,ERR,ERR,ERR,ERR,ERR,ERR,ERR,ERR,ERR,ERR,ERR,ERR,ERR,ERR,ERR,ERR,ERR,ERR,ERR,ERR,ERR,ERR,ERR,ERR,ERR,ERR,ERR,ERR,ERR,ERR,ERR,ERR,ERR,ERR,ERR,ERR,ERR,ERR,ERR,ERR,ERR,ERR,ERR,ERR,ERR,ERR,ERR,ERR,ERR,ERR,ERR,ERR,ERR,ERR,ERR,ERR,ERR,ERR,ERR,ERR,0.0,-0.0,0.0,0.0,0.0,-2.6526963217014456e+18,-0.0,-0.013,4300,0,8,17169,4300,0.0,41,0.0,0.0,0.0,0.0,2.7184166902131945e+23,0,0,0,0,0.0,0,0,0,0,0,0,0,0,0,0,0,0,0,0,0,0,0,0,0,0,0,0,0,0,0,0,0,0,0,0,0,0,0,8,38,37,45,65476,389,65476,1,0,4,21553,0.0,0.0,0.0,0.0,0.0,0.0,0.0,0.0,0.0,0.0,0.0,0.0,0.0,0.0,0.0,0.0,0.0,0.0,0.0,0.0,0.0,2.004,0.0,-0.0,0.0,-2.004,0.0,0.0,0.0,0.0,6665.0,0.0,0.0,-107615880.0,-0.0,0.0,-0.0,0.0,0.0,2.004,2.004,227,0.0,0.0,0.0,0.0,0.0,0.0,0.0,0.0,0.0,0,0,0,-0.0,-152747769856.0,406.527,0.0,4282609664.0,95555472.0,-0.0,0.0,-24.784,-8.714883960530289e+34,-96612680.0,3.142265957601499e+20,0.0,0.112,0.0,-128.247,0,1.3516416376850534e+27,227,0.0,454,-621855232.0,82050.086,2114,39322,17109,0,17112,52429,17095,0,0,0,101,100,100,2.7302341356354147e+23,66.2,2.7302343157793998e+23,66.6,0.0,66.5,1,49,50,180,52429,52429,0,0,0.0,0.0,0.0,60.0,1.0250911832499814e+19,71.0,0.0,2674775.5,0.0,1069,0,1069,0,0,0,1068,0,1080,0,1000,0,666,0,667,0,662,0,681,0.032,1.4536034330083127e+22,2.004,0.0,12688,16814,1.0250911832499814e+19,2674775.5,-1.1725240553036747e+21,1.657932789559526e+21,-0.0,3.616769003768462e+31,50.0,60.0,35,0.0,0.0,10.0,2.0,0.0,0.0,0.0,0.0,0.0,0.0,0.0,0.0,0.0,0.0,0.0,0.0,58.8,53,12,65510,27,65476,0,300,0,0,8,20529,65476,0,0,30147,60.0,0.0,10.0,10.0,2.0,0.0
2026-02-16T12:50:28,ERR,ERR,ERR,ERR,ERR,ERR,ERR,ERR,ERR,ERR,ERR,ERR,ERR,ERR,ERR,ERR,ERR,ERR,ERR,ERR,ERR,ERR,ERR,ERR,ERR,ERR,ERR,ERR,ERR,ERR,ERR,ERR,ERR,ERR,ERR,ERR,ERR,ERR,ERR,ERR,ERR,ERR,ERR,ERR,ERR,ERR,ERR,ERR,ERR,ERR,ERR,ERR,ERR,ERR,ERR,ERR,ERR,ERR,ERR,ERR,ERR,ERR,ERR,ERR,ERR,ERR,ERR,ERR,ERR,ERR,ERR,ERR,ERR,ERR,ERR,ERR,ERR,ERR,ERR,ERR,ERR,ERR,ERR,ERR,ERR,ERR,ERR,ERR,ERR,ERR,ERR,ERR,ERR,ERR,ERR,ERR,ERR,ERR,ERR,ERR,ERR,ERR,ERR,ERR,ERR,ERR,ERR,ERR,ERR,ERR,ERR,ERR,ERR,ERR,ERR,ERR,ERR,ERR,ERR,ERR,ERR,ERR,ERR,ERR,ERR,0.0,-0.0,0.0,0.0,0.0,-2.6526963217014456e+18,-0.0,-0.013,4300,0,8,17169,4300,0.0,41,0.0,0.0,0.0,0.0,2.7184166902131945e+23,0,0,0,0,0.0,0,0,0,0,0,0,0,0,0,0,0,0,0,0,0,0,0,0,0,0,0,0,0,0,0,0,0,0,0,0,0,0,0,8,38,37,45,65476,389,65476,1,0,4,21553,0.0,0.0,0.0,0.0,0.0,0.0,0.0,0.0,0.0,0.0,0.0,0.0,0.0,0.0,0.0,0.0,0.0,0.0,0.0,0.0,0.0,2.004,0.0,-0.0,0.0,-2.004,0.0,0.0,0.0,0.0,6665.0,0.0,0.0,-107615880.0,-0.0,0.0,-0.0,0.0,0.0,2.004,2.004,227,0.0,0.0,0.0,0.0,0.0,0.0,0.0,0.0,0.0,0,0,0,-0.0,-152747769856.0,406.527,0.0,4282609664.0,95555472.0,-0.0,0.0,-24.784,-8.714883960530289e+34,-96612680.0,3.142265957601499e+20,0.0,0.112,0.0,-128.247,0,1.3516416376850534e+27,227,0.0,454,-621855232.0,82050.086,2114,39322,17109,0,17112,0,17096,0,0,0,101,100,100,2.7302341356354147e+23,66.2,2.7302343157793998e+23,66.6,0.0,66.5,1,49,50,180,52429,52429,0,0,0.0,0.0,0.0,60.0,6.741356423631147e+27,71.0,0.0,0.0,0.0,1069,0,1069,0,0,0,1068,0,1080,0,1000,0,666,0,667,0,662,0,681,0.032,1.4609821306377965e+22,2.004,0.0,16400,16814,4.0399086359024763e+18,1992747.75,-7.623729513194167e+19,1.9338415006524368e+24,-0.0,3.233503613853782e+30,50.0,60.0,35,0.0,0.0,10.0,2.0,0.0,0.0,0.0,0.0,0.0,0.0,0.0,0.0,0.0,0.0,0.0,0.0,58.8,53,12,65510,27,65476,0,300,0,0,8,20529,65476,0,0,30147,60.0,0.0,10.0,10.0,2.0,0.0
2026-02-16T12:50:29,ERR,ERR,ERR,ERR,ERR,ERR,ERR,ERR,ERR,ERR,ERR,ERR,ERR,ERR,ERR,ERR,ERR,ERR,ERR,ERR,ERR,ERR,ERR,ERR,ERR,ERR,ERR,ERR,ERR,ERR,ERR,ERR,ERR,ERR,ERR,ERR,ERR,ERR,ERR,ERR,ERR,ERR,ERR,ERR,ERR,ERR,ERR,ERR,ERR,ERR,ERR,ERR,ERR,ERR,ERR,ERR,ERR,ERR,ERR,ERR,ERR,ERR,ERR,ERR,ERR,ERR,ERR,ERR,ERR,ERR,ERR,ERR,ERR,ERR,ERR,ERR,ERR,ERR,ERR,ERR,ERR,ERR,ERR,ERR,ERR,ERR,ERR,ERR,ERR,ERR,ERR,ERR,ERR,ERR,ERR,ERR,ERR,ERR,ERR,ERR,ERR,ERR,ERR,ERR,ERR,ERR,ERR,ERR,ERR,ERR,ERR,ERR,ERR,ERR,ERR,ERR,ERR,ERR,ERR,ERR,ERR,ERR,ERR,ERR,ERR,0.0,-0.0,0.0,0.0,0.0,-2.6526963217014456e+18,-0.0,-0.013,4300,0,8,17169,4300,0.0,41,0.0,0.0,0.0,0.0,2.7184166902131945e+23,0,0,0,0,0.0,0,0,0,0,0,0,0,0,0,0,0,0,0,0,0,0,0,0,0,0,0,0,0,0,0,0,0,0,0,0,0,0,0,8,38,37,45,65476,389,65476,1,0,4,21553,0.0,0.0,0.0,0.0,0.0,0.0,0.0,0.0,0.0,0.0,0.0,0.0,0.0,0.0,0.0,0.0,0.0,0.0,0.0,0.0,0.0,2.004,0.0,-0.0,0.0,-2.004,0.0,0.0,0.0,0.0,6665.0,0.0,0.0,-107615880.0,-0.0,0.0,-0.0,0.0,0.0,2.004,2.004,227,0.0,0.0,0.0,0.0,0.0,0.0,0.0,0.0,0.0,0,0,0,-0.0,-152747769856.0,406.527,0.0,4282609664.0,95555472.0,-0.0,0.0,-24.784,-8.714883960530289e+34,-96612680.0,3.142265957601499e+20,0.0,0.112,0.0,-128.247,0,1.3516416376850534e+27,227,0.0,454,-621855232.0,82050.086,2114,39322,17109,0,17112,0,17096,0,0,0,101,100,100,2.7302341356354147e+23,66.2,2.7302343157793998e+23,66.6,0.0,66.5,1,49,50,180,52429,52429,0,0,0.0,0.0,0.0,60.0,6.741356423631147e+27,71.0,0.0,0.0,0.0,1069,0,1069,0,0,0,1068,0,1080,0,1000,0,666,0,667,0,662,0,681,0.032,1.4609821306377965e+22,2.004,0.0,16400,16814,4.0399086359024763e+18,1992747.75,-7.623729513194167e+19,1.9338415006524368e+24,-0.0,3.233503613853782e+30,50.0,60.0,35,0.0,0.0,10.0,2.0,0.0,0.0,0.0,0.0,0.0,0.0,0.0,0.0,0.0,0.0,0.0,0.0,58.8,53,12,65510,27,65476,0,300,0,0,8,20529,65476,0,0,30147,60.0,0.0,10.0,10.0,2.0,0.0
2026-02-16T12:50:30,ERR,ERR,ERR,ERR,ERR,ERR,ERR,ERR,ERR,ERR,ERR,ERR,ERR,ERR,ERR,ERR,ERR,ERR,ERR,ERR,ERR,ERR,ERR,ERR,ERR,ERR,ERR,ERR,ERR,ERR,ERR,ERR,ERR,ERR,ERR,ERR,ERR,ERR,ERR,ERR,ERR,ERR,ERR,ERR,ERR,ERR,ERR,ERR,ERR,ERR,ERR,ERR,ERR,ERR,ERR,ERR,ERR,ERR,ERR,ERR,ERR,ERR,ERR,ERR,ERR,ERR,ERR,ERR,ERR,ERR,ERR,ERR,ERR,ERR,ERR,ERR,ERR,ERR,ERR,ERR,ERR,ERR,ERR,ERR,ERR,ERR,ERR,ERR,ERR,ERR,ERR,ERR,ERR,ERR,ERR,ERR,ERR,ERR,ERR,ERR,ERR,ERR,ERR,ERR,ERR,ERR,ERR,ERR,ERR,ERR,ERR,ERR,ERR,ERR,ERR,ERR,ERR,ERR,ERR,ERR,ERR,ERR,ERR,ERR,ERR,0.0,-0.0,0.0,0.0,0.0,-0.0,0.0,0.0,4300,0,8,17169,4300,0.0,41,0.0,0.0,0.0,0.0,2.7184166902131945e+23,0,0,0,0,0.0,0,0,0,0,0,0,0,0,0,0,0,0,0,0,0,0,0,0,0,0,0,0,0,0,0,0,0,0,0,0,0,0,0,8,38,37,45,65476,386,65476,1,0,4,21553,0.0,0.0,0.0,0.0,0.0,0.0,0.0,0.0,0.0,0.0,0.0,0.0,0.0,0.0,0.0,0.0,0.0,0.0,0.0,0.0,0.0,2.004,2.004,-0.0,0.0,0.0,0.0,0.0,0.0,0.0,6635.0,-1.0406716943511724e+34,0.0,-107615880.0,-0.0,0.0,-0.0,0.0,0.0,2.004,2.004,228,0.0,0.0,0.0,0.0,0.0,0.0,0.0,0.0,0.0,0,0,0,-0.0,0.0,126598.875,0.003,1.7549328421267656e+25,-0.001,19.034,1.412400917369305e+33,-0.0,-9.623535910773883e+34,-102904136.0,3.418967118707142e+20,0.0,0.118,0.0,-0.0,0,1.3516416376850534e+27,228,0.0,456,-621855232.0,82050.086,2114,39322,17109,0,17112,0,17096,0,0,0,101,100,100,2.7302341356354147e+23,66.2,2.7302343157793998e+23,66.6,0.0,66.5,1,49,50,180,52429,52429,0,0,0.0,0.0,0.0,60.0,6.741356423631147e+27,71.0,0.0,0.0,0.0,1069,0,1069,0,0,0,1068,0,1080,0,1000,0,666,0,667,0,662,0,681,0.032,1.4609821306377965e+22,2.004,0.0,16400,16814,4.0399086359024763e+18,1992747.75,-7.623729513194167e+19,1.9338415006524368e+24,-0.0,3.233503613853782e+30,50.0,60.0,35,0.0,0.0,10.0,2.0,0.0,0.0,0.0,0.0,0.0,0.0,0.0,0.0,0.0,0.0,0.0,0.0,58.8,53,12,65510,27,65476,0,300,0,0,8,20529,65476,0,0,30147,60.0,0.0,10.0,10.0,2.0,0.0
2026-02-16T12:50:31,ERR,ERR,ERR,ERR,ERR,ERR,ERR,ERR,ERR,ERR,ERR,ERR,ERR,ERR,ERR,ERR,ERR,ERR,ERR,ERR,ERR,ERR,ERR,ERR,ERR,ERR,ERR,ERR,ERR,ERR,ERR,ERR,ERR,ERR,ERR,ERR,ERR,ERR,ERR,ERR,ERR,ERR,ERR,ERR,ERR,ERR,ERR,ERR,ERR,ERR,ERR,ERR,ERR,ERR,ERR,ERR,ERR,ERR,ERR,ERR,ERR,ERR,ERR,ERR,ERR,ERR,ERR,ERR,ERR,ERR,ERR,ERR,ERR,ERR,ERR,ERR,ERR,ERR,ERR,ERR,ERR,ERR,ERR,ERR,ERR,ERR,ERR,ERR,ERR,ERR,ERR,ERR,ERR,ERR,ERR,ERR,ERR,ERR,ERR,ERR,ERR,ERR,ERR,ERR,ERR,ERR,ERR,ERR,ERR,ERR,ERR,ERR,ERR,ERR,ERR,ERR,ERR,ERR,ERR,ERR,ERR,ERR,ERR,ERR,ERR,0.0,-0.0,0.0,0.0,0.0,-0.0,0.0,0.0,4300,0,8,17169,4300,0.0,41,0.0,0.0,0.0,0.0,2.7184166902131945e+23,0,0,0,0,0.0,0,0,0,0,0,0,0,0,0,0,0,0,0,0,0,0,0,0,0,0,0,0,0,0,0,0,0,0,0,0,0,0,0,8,38,37,45,65476,386,65476,1,0,4,21553,0.0,0.0,0.0,0.0,0.0,0.0,0.0,0.0,0.0,0.0,0.0,0.0,0.0,0.0,0.0,0.0,0.0,0.0,0.0,0.0,0.0,2.004,2.004,-0.0,0.0,0.0,0.0,0.0,0.0,0.0,6635.0,-1.0406716943511724e+34,0.0,-107615880.0,-0.0,0.0,-0.0,0.0,0.0,2.004,2.004,228,0.0,0.0,0.0,0.0,0.0,0.0,0.0,0.0,0.0,0,0,0,-0.0,0.0,126598.875,0.003,1.7549328421267656e+25,-0.001,19.034,1.412400917369305e+33,-0.0,-9.623535910773883e+34,-102904136.0,3.418967118707142e+20,0.0,0.118,0.0,-0.0,0,1.3516416376850534e+27,228,0.0,456,-621855232.0,82050.086,2114,39322,17109,0,17112,0,17096,0,0,0,101,100,100,2.7302341356354147e+23,66.2,2.7302343157793998e+23,66.6,0.0,66.5,1,49,50,180,52429,52429,0,0,0.0,0.0,0.0,60.0,6.741356423631147e+27,71.0,0.0,0.0,0.0,1069,0,1069,0,0,0,1068,0,1080,0,1000,0,666,0,667,0,662,0,681,0.032,1.4609821306377965e+22,2.004,0.0,16400,16814,4.0399086359024763e+18,1992747.75,-7.623729513194167e+19,1.9338415006524368e+24,-0.0,3.233503613853782e+30,50.0,60.0,35,0.0,0.0,10.0,2.0,0.0,0.0,0.0,0.0,0.0,0.0,0.0,0.0,0.0,0.0,0.0,0.0,58.8,53,12,65510,27,65476,0,300,0,0,8,20529,65476,0,0,30147,60.0,0.0,10.0,10.0,2.0,0.0
2026-02-16T12:50:32,ERR,ERR,ERR,ERR,ERR,ERR,ERR,ERR,ERR,ERR,ERR,ERR,ERR,ERR,ERR,ERR,ERR,ERR,ERR,ERR,ERR,ERR,ERR,ERR,ERR,ERR,ERR,ERR,ERR,ERR,ERR,ERR,ERR,ERR,ERR,ERR,ERR,ERR,ERR,ERR,ERR,ERR,ERR,ERR,ERR,ERR,ERR,ERR,ERR,ERR,ERR,ERR,ERR,ERR,ERR,ERR,ERR,ERR,ERR,ERR,ERR,ERR,ERR,ERR,ERR,ERR,ERR,ERR,ERR,ERR,ERR,ERR,ERR,ERR,ERR,ERR,ERR,ERR,ERR,ERR,ERR,ERR,ERR,ERR,ERR,ERR,ERR,ERR,ERR,ERR,ERR,ERR,ERR,ERR,ERR,ERR,ERR,ERR,ERR,ERR,ERR,ERR,ERR,ERR,ERR,ERR,ERR,ERR,ERR,ERR,ERR,ERR,ERR,ERR,ERR,ERR,ERR,ERR,ERR,ERR,ERR,ERR,ERR,ERR,ERR,0.0,-0.0,0.0,0.0,0.0,-0.0,0.0,0.0,4300,0,8,17169,4300,0.0,41,0.0,0.0,0.0,0.0,2.7184166902131945e+23,0,0,0,0,0.0,0,0,0,0,0,0,0,0,0,0,0,0,0,0,0,0,0,0,0,0,0,0,0,0,0,0,0,0,0,0,0,0,0,8,38,37,45,65476,386,65476,1,0,4,21553,0.0,0.0,0.0,0.0,0.0,0.0,0.0,0.0,0.0,0.0,0.0,0.0,0.0,0.0,0.0,0.0,0.0,0.0,0.0,0.0,0.0,2.004,2.004,-0.0,0.0,0.0,0.0,0.0,0.0,0.0,6635.0,-1.0406716943511724e+34,0.0,-107615880.0,-0.0,0.0,-0.0,0.0,0.0,2.004,2.004,228,0.0,0.0,0.0,0.0,0.0,0.0,0.0,0.0,0.0,0,0,0,-0.0,0.0,126598.875,0.003,1.7549328421267656e+25,-0.001,19.034,1.412400917369305e+33,-0.0,-9.623535910773883e+34,-102904136.0,3.418967118707142e+20,0.0,0.118,0.0,-0.0,0,1.3516416376850534e+27,228,0.0,456,-621855232.0,82050.086,2114,39322,17109,0,17112,0,17096,0,0,0,101,100,100,2.7302341356354147e+23,66.2,2.7302343157793998e+23,66.6,0.0,66.5,1,49,50,180,52429,52429,0,0,0.0,0.0,0.0,60.0,6.66561508075016e+19,71.0,0.0,0.0,0.0,1069,0,1069,0,0,0,1068,0,1080,0,1000,0,666,0,667,0,662,0,680,0.032,1.4609821306377965e+22,0.0,0.0,20880,16814,6.66561508075016e+19,0.0,-0.0,-2.839426716454093e+16,484.513,-4.627640121140541e+35,50.0,60.0,35,0.0,0.0,10.0,2.0,0.0,0.0,0.0,0.0,0.0,0.0,0.0,0.0,0.0,0.0,0.0,0.0,58.8,52,12,65510,27,65476,0,300,0,0,8,20529,65476,0,0,30147,60.0,0.0,10.0,10.0,2.0,0.0
2026-02-16T12:50:33,ERR,ERR,ERR,ERR,ERR,ERR,ERR,ERR,ERR,ERR,ERR,ERR,ERR,ERR,ERR,ERR,ERR,ERR,ERR,ERR,ERR,ERR,ERR,ERR,ERR,ERR,ERR,ERR,ERR,ERR,ERR,ERR,ERR,ERR,ERR,ERR,ERR,ERR,ERR,ERR,ERR,ERR,ERR,ERR,ERR,ERR,ERR,ERR,ERR,ERR,ERR,ERR,ERR,ERR,ERR,ERR,ERR,ERR,ERR,ERR,ERR,ERR,ERR,ERR,ERR,ERR,ERR,ERR,ERR,ERR,ERR,ERR,ERR,ERR,ERR,ERR,ERR,ERR,ERR,ERR,ERR,ERR,ERR,ERR,ERR,ERR,ERR,ERR,ERR,ERR,ERR,ERR,ERR,ERR,ERR,ERR,ERR,ERR,ERR,ERR,ERR,ERR,ERR,ERR,ERR,ERR,ERR,ERR,ERR,ERR,ERR,ERR,ERR,ERR,ERR,ERR,ERR,ERR,ERR,ERR,ERR,ERR,ERR,ERR,ERR,0.0,-0.0,0.0,0.0,0.0,-0.0,0.0,0.0,4300,0,8,17169,4300,0.0,41,0.0,0.0,0.0,0.0,2.7184166902131945e+23,0,0,0,0,0.0,0,0,0,0,0,0,0,0,0,0,0,0,0,0,0,0,0,0,0,0,0,0,0,0,0,0,0,0,0,0,0,0,0,8,38,37,45,65476,386,65476,1,0,4,21553,0.0,0.0,0.0,0.0,0.0,0.0,0.0,0.0,0.0,0.0,0.0,0.0,0.0,0.0,0.0,0.0,0.0,0.0,0.0,0.0,0.0,2.004,2.004,-0.0,0.0,0.0,0.0,0.0,0.0,0.0,6635.0,-1.0406716943511724e+34,0.0,-107615880.0,-0.0,0.0,-0.0,0.0,0.0,2.004,2.004,228,0.0,0.0,0.0,0.0,0.0,0.0,0.0,0.0,0.0,0,0,0,-0.0,0.0,126598.875,0.003,1.7549328421267656e+25,-0.001,19.034,1.412400917369305e+33,-0.0,-9.623535910773883e+34,-102904136.0,3.418967118707142e+20,0.0,0.118,0.0,-0.0,0,1.3516416376850534e+27,228,0.0,456,-621855232.0,82050.086,2114,39322,17109,0,17112,0,17096,0,0,0,101,100,100,2.7302341356354147e+23,66.2,2.7302343157793998e+23,66.6,0.0,66.5,1,49,50,180,52429,52429,0,0,0.0,0.0,0.0,60.0,6.66561508075016e+19,71.0,0.0,0.0,0.0,1069,0,1069,0,0,0,1068,0,1080,0,1000,0,666,0,667,0,662,0,680,0.032,1.4609821306377965e+22,0.0,0.0,20880,16814,6.66561508075016e+19,0.0,-0.0,-2.839426716454093e+16,484.513,-4.627640121140541e+35,50.0,60.0,35,0.0,0.0,10.0,2.0,0.0,0.0,0.0,0.0,0.0,0.0,0.0,0.0,0.0,0.0,0.0,0.0,59.2,52,12,65510,27,65476,0,300,0,0,8,20529,65476,0,0,30147,60.0,0.0,10.0,10.0,2.0,0.0
2026-02-16T12:50:34,ERR,ERR,ERR,ERR,ERR,ERR,ERR,ERR,ERR,ERR,ERR,ERR,ERR,ERR,ERR,ERR,ERR,ERR,ERR,ERR,ERR,ERR,ERR,ERR,ERR,ERR,ERR,ERR,ERR,ERR,ERR,ERR,ERR,ERR,ERR,ERR,ERR,ERR,ERR,ERR,ERR,ERR,ERR,ERR,ERR,ERR,ERR,ERR,ERR,ERR,ERR,ERR,ERR,ERR,ERR,ERR,ERR,ERR,ERR,ERR,ERR,ERR,ERR,ERR,ERR,ERR,ERR,ERR,ERR,ERR,ERR,ERR,ERR,ERR,ERR,ERR,ERR,ERR,ERR,ERR,ERR,ERR,ERR,ERR,ERR,ERR,ERR,ERR,ERR,ERR,ERR,ERR,ERR,ERR,ERR,ERR,ERR,ERR,ERR,ERR,ERR,ERR,ERR,ERR,ERR,ERR,ERR,ERR,ERR,ERR,ERR,ERR,ERR,ERR,ERR,ERR,ERR,ERR,ERR,ERR,ERR,ERR,ERR,ERR,ERR,0.0,-0.0,0.0,0.0,0.0,-0.0,0.0,0.0,4300,0,8,17169,4300,0.0,41,0.0,0.0,0.0,0.0,2.7184166902131945e+23,0,0,0,0,0.0,0,0,0,0,0,0,0,0,0,0,0,0,0,0,0,0,0,0,0,0,0,0,0,0,0,0,0,0,0,0,0,0,0,8,38,37,45,65476,386,65476,1,0,4,21553,0.0,0.0,0.0,0.0,0.0,0.0,0.0,0.0,0.0,0.0,0.0,0.0,0.0,0.0,0.0,0.0,0.0,0.0,0.0,0.0,0.0,2.004,2.004,-0.0,0.0,0.0,0.0,0.0,0.0,0.0,6635.0,-1.0406716943511724e+34,0.0,-107615880.0,-0.0,0.0,-0.0,0.0,0.0,2.004,2.004,228,0.0,0.0,0.0,0.0,0.0,0.0,0.0,0.0,0.0,0,0,0,-0.0,0.0,126598.875,0.003,1.7549328421267656e+25,-0.001,19.034,1.412400917369305e+33,-0.0,-9.623535910773883e+34,-102904136.0,3.418967118707142e+20,0.0,0.118,0.0,-0.0,0,1.3516416376850534e+27,228,0.0,456,-621855232.0,82050.086,2114,39322,17109,0,17112,0,17096,0,0,0,101,100,100,2.7302341356354147e+23,66.2,2.7302343157793998e+23,66.6,0.0,66.5,1,49,50,180,52429,52429,0,0,0.0,0.0,0.0,60.0,6.66561508075016e+19,71.0,0.0,0.0,0.0,1069,0,1069,0,0,0,1068,0,1080,0,1000,0,666,0,667,0,662,0,680,0.032,1.4609821306377965e+22,0.0,0.0,20880,16814,6.66561508075016e+19,0.0,-0.0,-2.839426716454093e+16,484.513,-4.627640121140541e+35,50.0,60.0,35,0.0,0.0,10.0,2.0,0.0,0.0,0.0,0.0,0.0,0.0,0.0,0.0,0.0,0.0,0.0,0.0,59.2,52,12,65510,27,65476,0,300,0,0,8,20529,65476,0,0,30147,60.0,0.0,10.0,10.0,2.0,0.0
2026-02-16T12:50:35,ERR,ERR,ERR,ERR,ERR,ERR,ERR,ERR,ERR,ERR,ERR,ERR,ERR,ERR,ERR,ERR,ERR,ERR,ERR,ERR,ERR,ERR,ERR,ERR,ERR,ERR,ERR,ERR,ERR,ERR,ERR,ERR,ERR,ERR,ERR,ERR,ERR,ERR,ERR,ERR,ERR,ERR,ERR,ERR,ERR,ERR,ERR,ERR,ERR,ERR,ERR,ERR,ERR,ERR,ERR,ERR,ERR,ERR,ERR,ERR,ERR,ERR,ERR,ERR,ERR,ERR,ERR,ERR,ERR,ERR,ERR,ERR,ERR,ERR,ERR,ERR,ERR,ERR,ERR,ERR,ERR,ERR,ERR,ERR,ERR,ERR,ERR,ERR,ERR,ERR,ERR,ERR,ERR,ERR,ERR,ERR,ERR,ERR,ERR,ERR,ERR,ERR,ERR,ERR,ERR,ERR,ERR,ERR,ERR,ERR,ERR,ERR,ERR,ERR,ERR,ERR,ERR,ERR,ERR,ERR,ERR,ERR,ERR,ERR,ERR,0.0,-0.0,0.0,0.0,0.0,-0.0,6.28177640465949e+24,-4.7297528366184956e+22,4300,0,8,17169,4300,0.0,41,0.0,0.0,0.0,0.0,2.7184166902131945e+23,0,0,0,0,0.0,0,0,0,0,0,0,0,0,0,0,0,0,0,0,0,0,0,0,0,0,0,0,0,0,0,0,0,0,0,0,0,0,0,8,38,37,45,65476,383,65476,1,0,4,21553,0.0,0.0,0.0,0.0,0.0,0.0,0.0,0.0,0.0,0.0,0.0,0.0,0.0,0.0,0.0,0.0,0.0,0.0,0.0,0.0,0.0,2.004,0.0,-0.0,0.0,0.0,0.0,0.0,0.0,0.0,6670.0,0.0,0.0,0.0,-0.0,0.0,-0.0,-0.0,0.0,2.004,2.004,229,0.059,0.0,0.0,0.0,0.0,0.0,0.0,0.0,0.0,0,0,0,-0.0,0.0,0.0,1.2543144207378127e+35,16442057555968.0,0.0,9.723807073251936e+35,-0.0,-6.629085720802571e+34,-1.0402380439554108e+35,-109719880.0,3.7187267099049224e+20,0.0,0.123,0.0,-0.0,0,1.3516416376850534e+27,228,0.0,456,0.0,2.6475257086227406e+23,2114,39322,17109,0,17112,0,17096,0,0,0,101,100,100,2.7302341356354147e+23,66.2,2.7302343157793998e+23,66.6,0.0,66.5,1,49,50,180,52429,52429,0,0,0.0,0.0,0.0,60.0,1.0973593208361246e+34,71.0,0.0,0.0,0.0,1069,0,1069,0,0,0,1069,0,1080,0,1000,0,666,0,667,0,662,0,680,0.032,1.4536034330083127e+22,0.0,0.0,15760,16814,2.0684332215820679e+21,-0.0,-1.0306595113052497e+24,-5.820072730145023e+21,-0.0,8061459968.0,50.0,60.0,35,0.0,0.0,10.0,2.0,0.0,0.0,0.0,0.0,0.0,0.0,0.0,0.0,0.0,0.0,0.0,0.0,58.8,52,12,65510,27,65476,0,300,0,0,8,20529,65476,0,0,30147,60.0,0.0,10.0,10.0,2.0,0.0
2026-02-16T12:50:36,ERR,ERR,ERR,ERR,ERR,ERR,ERR,ERR,ERR,ERR,ERR,ERR,ERR,ERR,ERR,ERR,ERR,ERR,ERR,ERR,ERR,ERR,ERR,ERR,ERR,ERR,ERR,ERR,ERR,ERR,ERR,ERR,ERR,ERR,ERR,ERR,ERR,ERR,ERR,ERR,ERR,ERR,ERR,ERR,ERR,ERR,ERR,ERR,ERR,ERR,ERR,ERR,ERR,ERR,ERR,ERR,ERR,ERR,ERR,ERR,ERR,ERR,ERR,ERR,ERR,ERR,ERR,ERR,ERR,ERR,ERR,ERR,ERR,ERR,ERR,ERR,ERR,ERR,ERR,ERR,ERR,ERR,ERR,ERR,ERR,ERR,ERR,ERR,ERR,ERR,ERR,ERR,ERR,ERR,ERR,ERR,ERR,ERR,ERR,ERR,ERR,ERR,ERR,ERR,ERR,ERR,ERR,ERR,ERR,ERR,ERR,ERR,ERR,ERR,ERR,ERR,ERR,ERR,ERR,ERR,ERR,ERR,ERR,ERR,ERR,0.0,-0.0,0.0,0.0,0.0,-0.0,6.28177640465949e+24,-4.7297528366184956e+22,4300,0,8,17169,4300,0.0,41,0.0,0.0,0.0,0.0,2.7184166902131945e+23,0,0,0,0,0.0,0,0,0,0,0,0,0,0,0,0,0,0,0,0,0,0,0,0,0,0,0,0,0,0,0,0,0,0,0,0,0,0,0,8,38,37,45,65476,383,65476,1,0,4,21553,0.0,0.0,0.0,0.0,0.0,0.0,0.0,0.0,0.0,0.0,0.0,0.0,0.0,0.0,0.0,0.0,0.0,0.0,0.0,0.0,0.0,2.004,0.0,-0.0,0.0,0.0,0.0,0.0,0.0,0.0,6670.0,0.0,0.0,0.0,-0.0,0.0,-0.0,-0.0,0.0,2.004,2.004,229,0.059,0.0,0.0,0.0,0.0,0.0,0.0,0.0,0.0,0,0,0,-0.0,0.0,0.0,1.2543144207378127e+35,16442057555968.0,0.0,9.723807073251936e+35,-0.0,-6.629085720802571e+34,-1.0402380439554108e+35,-109719880.0,3.7187267099049224e+20,0.0,0.123,0.0,-0.0,0,1.3516416376850534e+27,228,0.0,456,0.0,2.6475257086227406e+23,2114,39322,17109,0,17112,0,17096,0,0,0,101,100,100,2.7302341356354147e+23,66.2,2.7302343157793998e+23,66.6,0.0,66.5,1,49,50,180,52429,52429,0,0,0.0,0.0,0.0,60.0,1.0973593208361246e+34,71.0,0.0,0.0,0.0,1069,0,1069,0,0,0,1069,0,1080,0,1000,0,666,0,667,0,662,0,680,0.032,1.4536034330083127e+22,0.0,0.0,15760,16814,2.0684332215820679e+21,-0.0,-1.0306595113052497e+24,-5.820072730145023e+21,-0.0,8061459968.0,50.0,60.0,35,0.0,0.0,10.0,2.0,0.0,0.0,0.0,0.0,0.0,0.0,0.0,0.0,0.0,0.0,0.0,0.0,58.8,52,12,65510,27,65476,0,300,0,0,8,20529,65476,0,0,30147,60.0,0.0,10.0,10.0,2.0,0.0
2026-02-16T12:50:37,ERR,ERR,ERR,ERR,ERR,ERR,ERR,ERR,ERR,ERR,ERR,ERR,ERR,ERR,ERR,ERR,ERR,ERR,ERR,ERR,ERR,ERR,ERR,ERR,ERR,ERR,ERR,ERR,ERR,ERR,ERR,ERR,ERR,ERR,ERR,ERR,ERR,ERR,ERR,ERR,ERR,ERR,ERR,ERR,ERR,ERR,ERR,ERR,ERR,ERR,ERR,ERR,ERR,ERR,ERR,ERR,ERR,ERR,ERR,ERR,ERR,ERR,ERR,ERR,ERR,ERR,ERR,ERR,ERR,ERR,ERR,ERR,ERR,ERR,ERR,ERR,ERR,ERR,ERR,ERR,ERR,ERR,ERR,ERR,ERR,ERR,ERR,ERR,ERR,ERR,ERR,ERR,ERR,ERR,ERR,ERR,ERR,ERR,ERR,ERR,ERR,ERR,ERR,ERR,ERR,ERR,ERR,ERR,ERR,ERR,ERR,ERR,ERR,ERR,ERR,ERR,ERR,ERR,ERR,ERR,ERR,ERR,ERR,ERR,ERR,0.0,-0.0,0.0,0.0,0.0,-0.0,6.28177640465949e+24,-4.7297528366184956e+22,4300,0,8,17169,4300,0.0,41,0.0,0.0,0.0,0.0,2.7184166902131945e+23,0,0,0,0,0.0,0,0,0,0,0,0,0,0,0,0,0,0,0,0,0,0,0,0,0,0,0,0,0,0,0,0,0,0,0,0,0,0,0,8,38,37,45,65476,383,65476,1,0,4,21553,0.0,0.0,0.0,0.0,0.0,0.0,0.0,0.0,0.0,0.0,0.0,0.0,0.0,0.0,0.0,0.0,0.0,0.0,0.0,0.0,0.0,2.004,0.0,-0.0,0.0,0.0,0.0,0.0,0.0,0.0,6670.0,0.0,0.0,0.0,-0.0,0.0,-0.0,-0.0,0.0,2.004,2.004,229,0.059,0.0,0.0,0.0,0.0,0.0,0.0,0.0,0.0,0,0,0,-0.0,0.0,0.0,1.2543144207378127e+35,16442057555968.0,0.0,9.723807073251936e+35,-0.0,-6.629085720802571e+34,-1.0402380439554108e+35,-109719880.0,3.7187267099049224e+20,0.0,0.123,0.0,-0.0,0,1.3516416376850534e+27,228,0.0,456,0.0,2.6475257086227406e+23,2114,39322,17109,0,17112,0,17096,0,0,0,101,100,100,2.7302341356354147e+23,66.2,2.7302343157793998e+23,66.6,0.0,66.5,1,49,50,180,52429,52429,0,0,0.0,0.0,0.0,60.0,1.0973593208361246e+34,71.0,0.0,0.0,0.0,1069,0,1069,0,0,0,1069,0,1080,0,1000,0,666,0,667,0,662,0,680,0.032,1.4536034330083127e+22,0.0,0.0,15760,16814,2.0684332215820679e+21,-0.0,-1.0306595113052497e+24,-5.820072730145023e+21,-0.0,8061459968.0,50.0,60.0,35,0.0,0.0,10.0,2.0,0.0,0.0,0.0,0.0,0.0,0.0,0.0,0.0,0.0,0.0,0.0,0.0,58.8,52,12,65510,27,65476,0,300,0,0,8,20529,65476,0,0,30147,60.0,0.0,10.0,10.0,2.0,0.0
2026-02-16T12:50:38,ERR,ERR,ERR,ERR,ERR,ERR,ERR,ERR,ERR,ERR,ERR,ERR,ERR,ERR,ERR,ERR,ERR,ERR,ERR,ERR,ERR,ERR,ERR,ERR,ERR,ERR,ERR,ERR,ERR,ERR,ERR,ERR,ERR,ERR,ERR,ERR,ERR,ERR,ERR,ERR,ERR,ERR,ERR,ERR,ERR,ERR,ERR,ERR,ERR,ERR,ERR,ERR,ERR,ERR,ERR,ERR,ERR,ERR,ERR,ERR,ERR,ERR,ERR,ERR,ERR,ERR,ERR,ERR,ERR,ERR,ERR,ERR,ERR,ERR,ERR,ERR,ERR,ERR,ERR,ERR,ERR,ERR,ERR,ERR,ERR,ERR,ERR,ERR,ERR,ERR,ERR,ERR,ERR,ERR,ERR,ERR,ERR,ERR,ERR,ERR,ERR,ERR,ERR,ERR,ERR,ERR,ERR,ERR,ERR,ERR,ERR,ERR,ERR,ERR,ERR,ERR,ERR,ERR,ERR,ERR,ERR,ERR,ERR,ERR,ERR,0.0,-0.0,0.0,0.0,0.0,-0.0,6.28177640465949e+24,-4.7297528366184956e+22,4300,0,8,17169,4300,0.0,41,0.0,0.0,0.0,0.0,2.7184166902131945e+23,0,0,0,0,0.0,0,0,0,0,0,0,0,0,0,0,0,0,0,0,0,0,0,0,0,0,0,0,0,0,0,0,0,0,0,0,0,0,0,8,38,37,45,65476,383,65476,1,0,4,21553,0.0,0.0,0.0,0.0,0.0,0.0,0.0,0.0,0.0,0.0,0.0,0.0,0.0,0.0,0.0,0.0,0.0,0.0,0.0,0.0,0.0,2.004,0.0,-0.0,0.0,0.0,0.0,0.0,0.0,0.0,6670.0,0.0,0.0,0.0,-0.0,0.0,-0.0,-0.0,0.0,2.004,2.004,229,0.059,0.0,0.0,0.0,0.0,0.0,0.0,0.0,0.0,0,0,0,-0.0,0.0,0.0,1.2543144207378127e+35,16442057555968.0,0.0,9.723807073251936e+35,-0.0,-6.629085720802571e+34,-1.0402380439554108e+35,-109719880.0,3.7187267099049224e+20,0.0,0.123,0.0,-0.0,0,1.3516416376850534e+27,228,0.0,456,0.0,2.6475257086227406e+23,2114,52429,17109,0,17112,0,17096,0,0,0,101,100,100,2.7302341356354147e+23,66.2,2.7302343157793998e+23,66.6,0.0,66.5,1,49,50,180,52429,52429,0,0,0.0,0.0,0.0,60.0,9.866876261533248e+29,71.0,0.0,573.021,0.0,1069,0,1069,0,0,0,1069,0,1080,0,1000,0,666,0,667,0,662,0,680,0.032,1.4609821306377965e+22,0.0,0.0,25488,16814,9.444502979691367e+32,0.0,-84.125,0.0,-0.0,0.0,50.0,60.0,35,0.0,0.0,10.0,2.0,0.0,0.0,0.0,0.0,0.0,0.0,0.0,0.0,0.0,0.0,0.0,0.0,58.8,52,12,65510,27,65476,0,300,0,0,8,20529,65476,0,0,30147,60.0,0.0,10.0,10.0,2.0,0.0
2026-02-16T12:50:39,ERR,ERR,ERR,ERR,ERR,ERR,ERR,ERR,ERR,ERR,ERR,ERR,ERR,ERR,ERR,ERR,ERR,ERR,ERR,ERR,ERR,ERR,ERR,ERR,ERR,ERR,ERR,ERR,ERR,ERR,ERR,ERR,ERR,ERR,ERR,ERR,ERR,ERR,ERR,ERR,ERR,ERR,ERR,ERR,ERR,ERR,ERR,ERR,ERR,ERR,ERR,ERR,ERR,ERR,ERR,ERR,ERR,ERR,ERR,ERR,ERR,ERR,ERR,ERR,ERR,ERR,ERR,ERR,ERR,ERR,ERR,ERR,ERR,ERR,ERR,ERR,ERR,ERR,ERR,ERR,ERR,ERR,ERR,ERR,ERR,ERR,ERR,ERR,ERR,ERR,ERR,ERR,ERR,ERR,ERR,ERR,ERR,ERR,ERR,ERR,ERR,ERR,ERR,ERR,ERR,ERR,ERR,ERR,ERR,ERR,ERR,ERR,ERR,ERR,ERR,ERR,ERR,ERR,ERR,ERR,ERR,ERR,ERR,ERR,ERR,0.0,-0.0,0.0,0.0,0.0,-0.0,6.28177640465949e+24,-4.7297528366184956e+22,4300,0,8,17169,4300,0.0,41,0.0,0.0,0.0,0.0,2.7184166902131945e+23,0,0,0,0,0.0,0,0,0,0,0,0,0,0,0,0,0,0,0,0,0,0,0,0,0,0,0,0,0,0,0,0,0,0,0,0,0,0,0,8,38,37,45,65476,383,65476,1,0,4,21553,0.0,0.0,0.0,0.0,0.0,0.0,0.0,0.0,0.0,0.0,0.0,0.0,0.0,0.0,0.0,0.0,0.0,0.0,0.0,0.0,0.0,2.004,0.0,-0.0,0.0,0.0,0.0,0.0,0.0,0.0,6670.0,0.0,0.0,0.0,-0.0,0.0,-0.0,-0.0,0.0,2.004,2.004,229,0.059,0.0,0.0,0.0,0.0,0.0,0.0,0.0,0.0,0,0,0,-0.0,0.0,0.0,1.2543144207378127e+35,16442057555968.0,0.0,9.723807073251936e+35,-0.0,-6.629085720802571e+34,-1.0402380439554108e+35,-109719880.0,3.7187267099049224e+20,0.0,0.123,0.0,-0.0,0,1.3516416376850534e+27,228,0.0,456,0.0,2.6475257086227406e+23,2114,52429,17109,0,17112,0,17096,0,0,0,101,100,100,2.7302341356354147e+23,66.2,2.7302343157793998e+23,66.6,0.0,66.5,1,49,50,180,52429,52429,0,0,0.0,0.0,0.0,60.0,9.866876261533248e+29,71.0,0.0,573.021,0.0,1069,0,1069,0,0,0,1069,0,1080,0,1000,0,666,0,667,0,662,0,680,0.032,1.4609821306377965e+22,0.0,0.0,25488,16814,9.444502979691367e+32,0.0,-84.125,0.0,-0.0,0.0,50.0,60.0,35,0.0,0.0,10.0,2.0,0.0,0.0,0.0,0.0,0.0,0.0,0.0,0.0,0.0,0.0,0.0,0.0,58.8,52,12,65510,27,65476,0,300,0,0,8,20529,65476,0,0,30147,60.0,0.0,10.0,10.0,2.0,0.0
2026-02-16T12:50:40,ERR,ERR,ERR,ERR,ERR,ERR,ERR,ERR,ERR,ERR,ERR,ERR,ERR,ERR,ERR,ERR,ERR,ERR,ERR,ERR,ERR,ERR,ERR,ERR,ERR,ERR,ERR,ERR,ERR,ERR,ERR,ERR,ERR,ERR,ERR,ERR,ERR,ERR,ERR,ERR,ERR,ERR,ERR,ERR,ERR,ERR,ERR,ERR,ERR,ERR,ERR,ERR,ERR,ERR,ERR,ERR,ERR,ERR,ERR,ERR,ERR,ERR,ERR,ERR,ERR,ERR,ERR,ERR,ERR,ERR,ERR,ERR,ERR,ERR,ERR,ERR,ERR,ERR,ERR,ERR,ERR,ERR,ERR,ERR,ERR,ERR,ERR,ERR,ERR,ERR,ERR,ERR,ERR,ERR,ERR,ERR,ERR,ERR,ERR,ERR,ERR,ERR,ERR,ERR,ERR,ERR,ERR,ERR,ERR,ERR,ERR,ERR,ERR,ERR,ERR,ERR,ERR,ERR,ERR,ERR,ERR,ERR,ERR,ERR,ERR,-107615880.0,0.0,0.0,0.0,70170693337088.0,-0.0,1235451008.0,0.0,4300,0,8,17169,4300,0.0,41,0.0,0.0,0.0,0.0,2.7184166902131945e+23,0,0,0,0,0.0,0,0,0,0,0,0,0,0,0,0,0,0,0,0,0,0,0,0,0,0,0,0,0,0,0,0,0,0,0,0,0,0,0,7,38,37,45,65476,382,65476,1,0,4,21553,0.0,-0.0,0.0,0.0,0.0,0.0,0.0,0.0,0.0,0.0,0.0,0.0,0.0,0.0,0.0,0.0,0.0,0.0,0.0,0.0,0.0,2.004,0.0,-0.0,0.0,0.0,0.0,0.0,0.0,0.0,6673.0,0.0,0.0,-107615880.0,-0.0,0.0,-0.0,-0.0,0.0,2.004,2.004,227,1.9056859227671757e+17,0.0,0.0,0.0,0.0,0.0,0.0,0.0,0.0,0,0,0,-0.0,-0.0,486563423191040.0,-15960630099968.0,8.810957603138099e+22,389647.562,0.0,7290488320.0,1.4706732618470475e+34,-1.1181224968334332e+35,-116011336.0,3.972369440918429e+20,0.0,0.132,0.0,7.756347156380959e+23,0,1.3516416376850534e+27,227,0.0,454,-621855232.0,82050.086,2114,52429,17109,0,17112,0,17096,0,0,0,101,100,100,2.7302341356354147e+23,66.2,2.7302343157793998e+23,66.6,0.0,66.5,1,49,50,180,52429,52429,0,0,0.0,0.0,0.0,60.0,9.866876261533248e+29,71.0,0.0,573.021,0.0,1069,0,1069,0,0,0,1069,0,1080,0,1000,0,666,0,667,0,662,0,680,0.032,1.4609821306377965e+22,0.0,0.0,25488,16814,9.444502979691367e+32,0.0,-84.125,0.0,-0.0,0.0,50.0,60.0,35,0.0,0.0,10.0,2.0,0.0,0.0,0.0,0.0,0.0,0.0,0.0,0.0,0.0,0.0,0.0,0.0,58.8,52,12,65510,27,65476,0,300,0,0,8,20529,65476,0,0,30147,60.0,0.0,10.0,10.0,2.0,0.0
2026-02-16T12:50:41,ERR,ERR,ERR,ERR,ERR,ERR,ERR,ERR,ERR,ERR,ERR,ERR,ERR,ERR,ERR,ERR,ERR,ERR,ERR,ERR,ERR,ERR,ERR,ERR,ERR,ERR,ERR,ERR,ERR,ERR,ERR,ERR,ERR,ERR,ERR,ERR,ERR,ERR,ERR,ERR,ERR,ERR,ERR,ERR,ERR,ERR,ERR,ERR,ERR,ERR,ERR,ERR,ERR,ERR,ERR,ERR,ERR,ERR,ERR,ERR,ERR,ERR,ERR,ERR,ERR,ERR,ERR,ERR,ERR,ERR,ERR,ERR,ERR,ERR,ERR,ERR,ERR,ERR,ERR,ERR,ERR,ERR,ERR,ERR,ERR,ERR,ERR,ERR,ERR,ERR,ERR,ERR,ERR,ERR,ERR,ERR,ERR,ERR,ERR,ERR,ERR,ERR,ERR,ERR,ERR,ERR,ERR,ERR,ERR,ERR,ERR,ERR,ERR,ERR,ERR,ERR,ERR,ERR,ERR,ERR,ERR,ERR,ERR,ERR,ERR,-107615880.0,0.0,0.0,0.0,70170693337088.0,-0.0,1235451008.0,0.0,4300,0,8,17169,4300,0.0,41,0.0,0.0,0.0,0.0,2.7184166902131945e+23,0,0,0,0,0.0,0,0,0,0,0,0,0,0,0,0,0,0,0,0,0,0,0,0,0,0,0,0,0,0,0,0,0,0,0,0,0,0,0,7,38,37,45,65476,382,65476,1,0,4,21553,0.0,-0.0,0.0,0.0,0.0,0.0,0.0,0.0,0.0,0.0,0.0,0.0,0.0,0.0,0.0,0.0,0.0,0.0,0.0,0.0,0.0,2.004,0.0,-0.0,0.0,0.0,0.0,0.0,0.0,0.0,6673.0,0.0,0.0,-107615880.0,-0.0,0.0,-0.0,-0.0,0.0,2.004,2.004,227,1.9056859227671757e+17,0.0,0.0,0.0,0.0,0.0,0.0,0.0,0.0,0,0,0,-0.0,-0.0,486563423191040.0,-15960630099968.0,8.810957603138099e+22,389647.562,0.0,7290488320.0,1.4706732618470475e+34,-1.1181224968334332e+35,-116011336.0,3.972369440918429e+20,0.0,0.132,0.0,7.756347156380959e+23,0,1.3516416376850534e+27,227,0.0,454,-621855232.0,82050.086,2114,52429,17109,0,17112,0,17096,0,0,0,101,100,100,2.7302341356354147e+23,66.2,2.7302343157793998e+23,66.6,0.0,66.5,1,49,50,180,52429,52429,0,0,0.0,0.0,0.0,60.0,9.866876261533248e+29,71.0,0.0,573.021,0.0,1069,0,1069,0,0,0,1069,0,1080,0,1000,0,666,0,667,0,662,0,680,0.032,1.4609821306377965e+22,0.0,0.0,25488,16814,9.444502979691367e+32,0.0,-84.125,0.0,-0.0,0.0,50.0,60.0,35,0.0,0.0,10.0,2.0,0.0,0.0,0.0,0.0,0.0,0.0,0.0,0.0,0.0,0.0,0.0,0.0,58.8,52,12,65510,27,65476,0,300,0,0,8,20529,65476,0,0,30147,60.0,0.0,10.0,10.0,2.0,0.0
2026-02-16T12:50:42,ERR,ERR,ERR,ERR,ERR,ERR,ERR,ERR,ERR,ERR,ERR,ERR,ERR,ERR,ERR,ERR,ERR,ERR,ERR,ERR,ERR,ERR,ERR,ERR,ERR,ERR,ERR,ERR,ERR,ERR,ERR,ERR,ERR,ERR,ERR,ERR,ERR,ERR,ERR,ERR,ERR,ERR,ERR,ERR,ERR,ERR,ERR,ERR,ERR,ERR,ERR,ERR,ERR,ERR,ERR,ERR,ERR,ERR,ERR,ERR,ERR,ERR,ERR,ERR,ERR,ERR,ERR,ERR,ERR,ERR,ERR,ERR,ERR,ERR,ERR,ERR,ERR,ERR,ERR,ERR,ERR,ERR,ERR,ERR,ERR,ERR,ERR,ERR,ERR,ERR,ERR,ERR,ERR,ERR,ERR,ERR,ERR,ERR,ERR,ERR,ERR,ERR,ERR,ERR,ERR,ERR,ERR,ERR,ERR,ERR,ERR,ERR,ERR,ERR,ERR,ERR,ERR,ERR,ERR,ERR,ERR,ERR,ERR,ERR,ERR,-107615880.0,0.0,0.0,0.0,70170693337088.0,-0.0,1235451008.0,0.0,4300,0,8,17169,4300,0.0,41,0.0,0.0,0.0,0.0,2.7184166902131945e+23,0,0,0,0,0.0,0,0,0,0,0,0,0,0,0,0,0,0,0,0,0,0,0,0,0,0,0,0,0,0,0,0,0,0,0,0,0,0,0,7,38,37,45,65476,382,65476,1,0,4,21553,0.0,-0.0,0.0,0.0,0.0,0.0,0.0,0.0,0.0,0.0,0.0,0.0,0.0,0.0,0.0,0.0,0.0,0.0,0.0,0.0,0.0,2.004,0.0,-0.0,0.0,0.0,0.0,0.0,0.0,0.0,6673.0,0.0,0.0,-107615880.0,-0.0,0.0,-0.0,-0.0,0.0,2.004,2.004,227,1.9056859227671757e+17,0.0,0.0,0.0,0.0,0.0,0.0,0.0,0.0,0,0,0,-0.0,-0.0,486563423191040.0,-15960630099968.0,8.810957603138099e+22,389647.562,0.0,7290488320.0,1.4706732618470475e+34,-1.1181224968334332e+35,-116011336.0,3.972369440918429e+20,0.0,0.132,0.0,7.756347156380959e+23,0,1.3516416376850534e+27,227,0.0,454,-621855232.0,82050.086,2112,52429,17109,0,17112,0,17096,0,0,0,101,100,100,2.7302341356354147e+23,66.2,2.7302343157793998e+23,66.6,0.0,66.5,1,49,50,180,39322,52429,0,0,0.0,0.0,0.0,60.0,8.17596406367514e+25,71.0,0.0,0.0,0.0,1068,0,1069,0,0,0,1069,0,1080,0,1000,0,666,0,667,0,662,0,681,0.032,1.4609821306377965e+22,2.004,0.0,11024,16814,8.17596406367514e+25,0.0,-0.0,-0.0,2.860057240365803e+23,0.0,50.0,60.0,35,0.0,0.0,10.0,2.0,0.0,0.0,0.0,0.0,0.0,0.0,0.0,0.0,0.0,0.0,0.0,0.0,58.8,52,12,65510,27,65476,0,300,0,0,8,20529,65476,0,0,30147,60.0,0.0,10.0,10.0,2.0,0.0
2026-02-16T12:50:43,ERR,ERR,ERR,ERR,ERR,ERR,ERR,ERR,ERR,ERR,ERR,ERR,ERR,ERR,ERR,ERR,ERR,ERR,ERR,ERR,ERR,ERR,ERR,ERR,ERR,ERR,ERR,ERR,ERR,ERR,ERR,ERR,ERR,ERR,ERR,ERR,ERR,ERR,ERR,ERR,ERR,ERR,ERR,ERR,ERR,ERR,ERR,ERR,ERR,ERR,ERR,ERR,ERR,ERR,ERR,ERR,ERR,ERR,ERR,ERR,ERR,ERR,ERR,ERR,ERR,ERR,ERR,ERR,ERR,ERR,ERR,ERR,ERR,ERR,ERR,ERR,ERR,ERR,ERR,ERR,ERR,ERR,ERR,ERR,ERR,ERR,ERR,ERR,ERR,ERR,ERR,ERR,ERR,ERR,ERR,ERR,ERR,ERR,ERR,ERR,ERR,ERR,ERR,ERR,ERR,ERR,ERR,ERR,ERR,ERR,ERR,ERR,ERR,ERR,ERR,ERR,ERR,ERR,ERR,ERR,ERR,ERR,ERR,ERR,ERR,-107615880.0,0.0,0.0,0.0,70170693337088.0,-0.0,1235451008.0,0.0,4300,0,8,17169,4300,0.0,41,0.0,0.0,0.0,0.0,2.7184166902131945e+23,0,0,0,0,0.0,0,0,0,0,0,0,0,0,0,0,0,0,0,0,0,0,0,0,0,0,0,0,0,0,0,0,0,0,0,0,0,0,0,7,38,37,45,65476,382,65476,1,0,4,21553,0.0,-0.0,0.0,0.0,0.0,0.0,0.0,0.0,0.0,0.0,0.0,0.0,0.0,0.0,0.0,0.0,0.0,0.0,0.0,0.0,0.0,2.004,0.0,-0.0,0.0,0.0,0.0,0.0,0.0,0.0,6673.0,0.0,0.0,-107615880.0,-0.0,0.0,-0.0,-0.0,0.0,2.004,2.004,227,1.9056859227671757e+17,0.0,0.0,0.0,0.0,0.0,0.0,0.0,0.0,0,0,0,-0.0,-0.0,486563423191040.0,-15960630099968.0,8.810957603138099e+22,389647.562,0.0,7290488320.0,1.4706732618470475e+34,-1.1181224968334332e+35,-116011336.0,3.972369440918429e+20,0.0,0.132,0.0,7.756347156380959e+23,0,1.3516416376850534e+27,227,0.0,454,-621855232.0,82050.086,2112,52429,17109,0,17112,0,17096,0,0,0,101,100,100,2.7302341356354147e+23,66.2,2.7302343157793998e+23,66.6,0.0,66.5,1,49,50,180,39322,52429,0,0,0.0,0.0,0.0,60.0,8.17596406367514e+25,71.0,0.0,0.0,0.0,1068,0,1069,0,0,0,1069,0,1080,0,1000,0,666,0,667,0,662,0,681,0.032,1.4609821306377965e+22,2.004,0.0,11024,16814,8.17596406367514e+25,0.0,-0.0,-0.0,2.860057240365803e+23,0.0,50.0,60.0,35,0.0,0.0,10.0,2.0,0.0,0.0,0.0,0.0,0.0,0.0,0.0,0.0,0.0,0.0,0.0,0.0,59.2,52,12,65510,27,65476,0,300,0,0,8,20529,65476,0,0,30147,60.0,0.0,10.0,10.0,2.0,0.0
2026-02-16T12:50:44,ERR,ERR,ERR,ERR,ERR,ERR,ERR,ERR,ERR,ERR,ERR,ERR,ERR,ERR,ERR,ERR,ERR,ERR,ERR,ERR,ERR,ERR,ERR,ERR,ERR,ERR,ERR,ERR,ERR,ERR,ERR,ERR,ERR,ERR,ERR,ERR,ERR,ERR,ERR,ERR,ERR,ERR,ERR,ERR,ERR,ERR,ERR,ERR,ERR,ERR,ERR,ERR,ERR,ERR,ERR,ERR,ERR,ERR,ERR,ERR,ERR,ERR,ERR,ERR,ERR,ERR,ERR,ERR,ERR,ERR,ERR,ERR,ERR,ERR,ERR,ERR,ERR,ERR,ERR,ERR,ERR,ERR,ERR,ERR,ERR,ERR,ERR,ERR,ERR,ERR,ERR,ERR,ERR,ERR,ERR,ERR,ERR,ERR,ERR,ERR,ERR,ERR,ERR,ERR,ERR,ERR,ERR,ERR,ERR,ERR,ERR,ERR,ERR,ERR,ERR,ERR,ERR,ERR,ERR,ERR,ERR,ERR,ERR,ERR,ERR,-107615880.0,-0.0,2.7184069624379994e+23,0.0,-0.0,-0.63,6.134107775494705e+35,314.501,4300,0,8,17169,4300,0.0,41,0.0,0.0,0.0,0.0,2.7184166902131945e+23,0,0,0,0,0.0,0,0,0,0,0,0,0,0,0,0,0,0,0,0,0,0,0,0,0,0,0,0,0,0,0,0,0,0,0,0,0,0,0,7,38,37,45,65476,379,65476,1,0,4,21553,0.0,0.0,0.0,0.0,0.0,0.0,0.0,0.0,0.0,0.0,0.0,0.0,0.0,0.0,0.0,0.0,0.0,0.0,0.0,0.0,0.0,2.004,0.0,-0.0,0.0,0.0,0.0,0.0,0.0,0.0,6673.0,131351.25,0.0,0.0,-0.0,0.0,-0.0,-0.0,0.0,2.004,2.004,228,1.9056859227671757e+17,107615272.0,0.0,0.0,0.0,0.0,0.0,0.0,0.0,0,0,0,-0.0,-0.0,4605796352.0,-0.0,4.7791692590697624e+20,0.0,0.0,-2.1574010384408013e+29,0.0,-1.2024973207846241e+35,-122827080.0,4.295187462208346e+20,0.0,0.143,0.0,-0.0,0,1.3516416376850534e+27,228,0.0,456,-621855232.0,82050.086,2112,52429,17109,0,17112,0,17096,0,0,0,101,100,100,2.7302341356354147e+23,66.2,2.7302343157793998e+23,66.6,0.0,66.5,1,49,50,180,39322,52429,0,0,0.0,0.0,0.0,60.0,8.17596406367514e+25,71.0,0.0,0.0,0.0,1068,0,1069,0,0,0,1069,0,1080,0,1000,0,666,0,667,0,662,0,681,0.032,1.4609821306377965e+22,2.004,0.0,11024,16814,8.17596406367514e+25,0.0,-0.0,-0.0,2.860057240365803e+23,0.0,50.0,60.0,35,0.0,0.0,10.0,2.0,0.0,0.0,0.0,0.0,0.0,0.0,0.0,0.0,0.0,0.0,0.0,0.0,59.2,52,12,65510,27,65476,0,300,0,0,8,20529,65476,0,0,30147,60.0,0.0,10.0,10.0,2.0,0.0
2026-02-16T12:50:45,ERR,ERR,ERR,ERR,ERR,ERR,ERR,ERR,ERR,ERR,ERR,ERR,ERR,ERR,ERR,ERR,ERR,ERR,ERR,ERR,ERR,ERR,ERR,ERR,ERR,ERR,ERR,ERR,ERR,ERR,ERR,ERR,ERR,ERR,ERR,ERR,ERR,ERR,ERR,ERR,ERR,ERR,ERR,ERR,ERR,ERR,ERR,ERR,ERR,ERR,ERR,ERR,ERR,ERR,ERR,ERR,ERR,ERR,ERR,ERR,ERR,ERR,ERR,ERR,ERR,ERR,ERR,ERR,ERR,ERR,ERR,ERR,ERR,ERR,ERR,ERR,ERR,ERR,ERR,ERR,ERR,ERR,ERR,ERR,ERR,ERR,ERR,ERR,ERR,ERR,ERR,ERR,ERR,ERR,ERR,ERR,ERR,ERR,ERR,ERR,ERR,ERR,ERR,ERR,ERR,ERR,ERR,ERR,ERR,ERR,ERR,ERR,ERR,ERR,ERR,ERR,ERR,ERR,ERR,ERR,ERR,ERR,ERR,ERR,ERR,-107615880.0,-0.0,2.7184069624379994e+23,0.0,-0.0,-0.63,6.134107775494705e+35,314.501,4300,0,8,17169,4300,0.0,41,0.0,0.0,0.0,0.0,2.7184166902131945e+23,0,0,0,0,0.0,0,0,0,0,0,0,0,0,0,0,0,0,0,0,0,0,0,0,0,0,0,0,0,0,0,0,0,0,0,0,0,0,0,7,38,37,45,65476,379,65476,1,0,4,21553,0.0,0.0,0.0,0.0,0.0,0.0,0.0,0.0,0.0,0.0,0.0,0.0,0.0,0.0,0.0,0.0,0.0,0.0,0.0,0.0,0.0,2.004,0.0,-0.0,0.0,0.0,0.0,0.0,0.0,0.0,6673.0,131351.25,0.0,0.0,-0.0,0.0,-0.0,-0.0,0.0,2.004,2.004,228,1.9056859227671757e+17,107615272.0,0.0,0.0,0.0,0.0,0.0,0.0,0.0,0,0,0,-0.0,-0.0,4605796352.0,-0.0,4.7791692590697624e+20,0.0,0.0,-2.1574010384408013e+29,0.0,-1.2024973207846241e+35,-122827080.0,4.295187462208346e+20,0.0,0.143,0.0,-0.0,0,1.3516416376850534e+27,228,0.0,456,-621855232.0,82050.086,2112,52429,17109,0,17112,0,17096,0,0,0,101,100,100,2.7302341356354147e+23,66.2,2.7302343157793998e+23,66.6,0.0,66.5,1,49,50,180,52429,52429,0,0,0.0,0.0,0.0,60.0,7.89862919926449e+23,71.0,0.0,2.1455663407321767e+32,0.0,1068,0,1069,0,0,0,1069,0,1080,0,1000,0,666,0,667,0,663,0,681,0.032,1.4536034330083127e+22,2.004,0.0,12944,16814,2201310057201664.0,-122.128,0.0,-0.0,-1.537794445018317e+23,-0.0,50.0,60.0,35,0.0,0.0,10.0,2.0,0.0,0.0,0.0,0.0,0.0,0.0,0.0,0.0,0.0,0.0,0.0,0.0,58.8,52,12,65510,27,65476,0,300,0,0,8,20529,65476,0,0,30147,60.0,0.0,10.0,10.0,2.0,0.0
2026-02-16T12:50:46,ERR,ERR,ERR,ERR,ERR,ERR,ERR,ERR,ERR,ERR,ERR,ERR,ERR,ERR,ERR,ERR,ERR,ERR,ERR,ERR,ERR,ERR,ERR,ERR,ERR,ERR,ERR,ERR,ERR,ERR,ERR,ERR,ERR,ERR,ERR,ERR,ERR,ERR,ERR,ERR,ERR,ERR,ERR,ERR,ERR,ERR,ERR,ERR,ERR,ERR,ERR,ERR,ERR,ERR,ERR,ERR,ERR,ERR,ERR,ERR,ERR,ERR,ERR,ERR,ERR,ERR,ERR,ERR,ERR,ERR,ERR,ERR,ERR,ERR,ERR,ERR,ERR,ERR,ERR,ERR,ERR,ERR,ERR,ERR,ERR,ERR,ERR,ERR,ERR,ERR,ERR,ERR,ERR,ERR,ERR,ERR,ERR,ERR,ERR,ERR,ERR,ERR,ERR,ERR,ERR,ERR,ERR,ERR,ERR,ERR,ERR,ERR,ERR,ERR,ERR,ERR,ERR,ERR,ERR,ERR,ERR,ERR,ERR,ERR,ERR,-107615880.0,-0.0,2.7184069624379994e+23,0.0,-0.0,-0.63,6.134107775494705e+35,314.501,4300,0,8,17169,4300,0.0,41,0.0,0.0,0.0,0.0,2.7184166902131945e+23,0,0,0,0,0.0,0,0,0,0,0,0,0,0,0,0,0,0,0,0,0,0,0,0,0,0,0,0,0,0,0,0,0,0,0,0,0,0,0,7,38,37,45,65476,379,65476,1,0,4,21553,0.0,0.0,0.0,0.0,0.0,0.0,0.0,0.0,0.0,0.0,0.0,0.0,0.0,0.0,0.0,0.0,0.0,0.0,0.0,0.0,0.0,2.004,0.0,-0.0,0.0,0.0,0.0,0.0,0.0,0.0,6673.0,131351.25,0.0,0.0,-0.0,0.0,-0.0,-0.0,0.0,2.004,2.004,228,1.9056859227671757e+17,107615272.0,0.0,0.0,0.0,0.0,0.0,0.0,0.0,0,0,0,-0.0,-0.0,4605796352.0,-0.0,4.7791692590697624e+20,0.0,0.0,-2.1574010384408013e+29,0.0,-1.2024973207846241e+35,-122827080.0,4.295187462208346e+20,0.0,0.143,0.0,-0.0,0,1.3516416376850534e+27,228,0.0,456,-621855232.0,82050.086,2112,52429,17109,0,17112,0,17096,0,0,0,101,100,100,2.7302341356354147e+23,66.2,2.7302343157793998e+23,66.6,0.0,66.5,1,49,50,180,52429,52429,0,0,0.0,0.0,0.0,60.0,7.89862919926449e+23,71.0,0.0,2.1455663407321767e+32,0.0,1068,0,1069,0,0,0,1069,0,1080,0,1000,0,666,0,667,0,663,0,681,0.032,1.4536034330083127e+22,2.004,0.0,12944,16814,2201310057201664.0,-122.128,0.0,-0.0,-1.537794445018317e+23,-0.0,50.0,60.0,35,0.0,0.0,10.0,2.0,0.0,0.0,0.0,0.0,0.0,0.0,0.0,0.0,0.0,0.0,0.0,0.0,59.2,52,12,65510,27,65476,0,300,0,0,8,20529,65476,0,0,30147,60.0,0.0,10.0,10.0,2.0,0.0
2026-02-16T12:50:47,ERR,ERR,ERR,ERR,ERR,ERR,ERR,ERR,ERR,ERR,ERR,ERR,ERR,ERR,ERR,ERR,ERR,ERR,ERR,ERR,ERR,ERR,ERR,ERR,ERR,ERR,ERR,ERR,ERR,ERR,ERR,ERR,ERR,ERR,ERR,ERR,ERR,ERR,ERR,ERR,ERR,ERR,ERR,ERR,ERR,ERR,ERR,ERR,ERR,ERR,ERR,ERR,ERR,ERR,ERR,ERR,ERR,ERR,ERR,ERR,ERR,ERR,ERR,ERR,ERR,ERR,ERR,ERR,ERR,ERR,ERR,ERR,ERR,ERR,ERR,ERR,ERR,ERR,ERR,ERR,ERR,ERR,ERR,ERR,ERR,ERR,ERR,ERR,ERR,ERR,ERR,ERR,ERR,ERR,ERR,ERR,ERR,ERR,ERR,ERR,ERR,ERR,ERR,ERR,ERR,ERR,ERR,ERR,ERR,ERR,ERR,ERR,ERR,ERR,ERR,ERR,ERR,ERR,ERR,ERR,ERR,ERR,ERR,ERR,ERR,-107615880.0,-0.0,2.7184069624379994e+23,0.0,-0.0,-0.63,6.134107775494705e+35,314.501,4300,0,8,17169,4300,0.0,41,0.0,0.0,0.0,0.0,2.7184166902131945e+23,0,0,0,0,0.0,0,0,0,0,0,0,0,0,0,0,0,0,0,0,0,0,0,0,0,0,0,0,0,0,0,0,0,0,0,0,0,0,0,7,38,37,45,65476,379,65476,1,0,4,21553,0.0,0.0,0.0,0.0,0.0,0.0,0.0,0.0,0.0,0.0,0.0,0.0,0.0,0.0,0.0,0.0,0.0,0.0,0.0,0.0,0.0,2.004,0.0,-0.0,0.0,0.0,0.0,0.0,0.0,0.0,6673.0,131351.25,0.0,0.0,-0.0,0.0,-0.0,-0.0,0.0,2.004,2.004,228,1.9056859227671757e+17,107615272.0,0.0,0.0,0.0,0.0,0.0,0.0,0.0,0,0,0,-0.0,-0.0,4605796352.0,-0.0,4.7791692590697624e+20,0.0,0.0,-2.1574010384408013e+29,0.0,-1.2024973207846241e+35,-122827080.0,4.295187462208346e+20,0.0,0.143,0.0,-0.0,0,1.3516416376850534e+27,228,0.0,456,-621855232.0,82050.086,2112,52429,17109,0,17112,0,17096,0,0,0,101,100,100,2.7302341356354147e+23,66.2,2.7302343157793998e+23,66.6,0.0,66.5,1,49,50,180,52429,52429,0,0,0.0,0.0,0.0,60.0,7.89862919926449e+23,71.0,0.0,2.1455663407321767e+32,0.0,1068,0,1069,0,0,0,1069,0,1080,0,1000,0,666,0,667,0,663,0,681,0.032,1.4536034330083127e+22,2.004,0.0,12944,16814,2201310057201664.0,-122.128,0.0,-0.0,-1.537794445018317e+23,-0.0,50.0,60.0,35,0.0,0.0,10.0,2.0,0.0,0.0,0.0,0.0,0.0,0.0,0.0,0.0,0.0,0.0,0.0,0.0,59.2,52,12,65510,27,65476,0,300,0,0,8,20529,65476,0,0,30147,60.0,0.0,10.0,10.0,2.0,0.0
2026-02-16T12:50:48,ERR,ERR,ERR,ERR,ERR,ERR,ERR,ERR,ERR,ERR,ERR,ERR,ERR,ERR,ERR,ERR,ERR,ERR,ERR,ERR,ERR,ERR,ERR,ERR,ERR,ERR,ERR,ERR,ERR,ERR,ERR,ERR,ERR,ERR,ERR,ERR,ERR,ERR,ERR,ERR,ERR,ERR,ERR,ERR,ERR,ERR,ERR,ERR,ERR,ERR,ERR,ERR,ERR,ERR,ERR,ERR,ERR,ERR,ERR,ERR,ERR,ERR,ERR,ERR,ERR,ERR,ERR,ERR,ERR,ERR,ERR,ERR,ERR,ERR,ERR,ERR,ERR,ERR,ERR,ERR,ERR,ERR,ERR,ERR,ERR,ERR,ERR,ERR,ERR,ERR,ERR,ERR,ERR,ERR,ERR,ERR,ERR,ERR,ERR,ERR,ERR,ERR,ERR,ERR,ERR,ERR,ERR,ERR,ERR,ERR,ERR,ERR,ERR,ERR,ERR,ERR,ERR,ERR,ERR,ERR,ERR,ERR,ERR,ERR,ERR,-107615880.0,-0.0,2.7184069624379994e+23,0.0,-0.0,-0.63,6.134107775494705e+35,314.501,4300,0,8,17169,4300,0.0,41,0.0,0.0,0.0,0.0,2.7184166902131945e+23,0,0,0,0,0.0,0,0,0,0,0,0,0,0,0,0,0,0,0,0,0,0,0,0,0,0,0,0,0,0,0,0,0,0,0,0,0,0,0,7,38,37,45,65476,379,65476,1,0,4,21553,0.0,0.0,0.0,0.0,0.0,0.0,0.0,0.0,0.0,0.0,0.0,0.0,0.0,0.0,0.0,0.0,0.0,0.0,0.0,0.0,0.0,2.004,0.0,-0.0,0.0,0.0,0.0,0.0,0.0,0.0,6673.0,131351.25,0.0,0.0,-0.0,0.0,-0.0,-0.0,0.0,2.004,2.004,228,1.9056859227671757e+17,107615272.0,0.0,0.0,0.0,0.0,0.0,0.0,0.0,0,0,0,-0.0,-0.0,4605796352.0,-0.0,4.7791692590697624e+20,0.0,0.0,-2.1574010384408013e+29,0.0,-1.2024973207846241e+35,-122827080.0,4.295187462208346e+20,0.0,0.143,0.0,-0.0,0,1.3516416376850534e+27,228,0.0,456,-621855232.0,82050.086,2112,52429,17109,0,17112,0,17096,0,0,0,101,100,100,2.7302341356354147e+23,66.2,2.7302343157793998e+23,66.6,0.0,66.5,1,49,50,180,52429,52429,0,0,0.0,0.0,0.0,60.0,7.89862919926449e+23,71.0,0.0,2.1455663407321767e+32,0.0,1068,0,1069,0,0,0,1069,0,1080,0,1000,0,666,0,667,0,663,0,681,0.032,1.4536034330083127e+22,2.004,0.0,12944,16814,2201310057201664.0,-122.128,0.0,-0.0,-1.537794445018317e+23,-0.0,50.0,60.0,35,0.0,0.0,10.0,2.0,0.0,0.0,0.0,0.0,0.0,0.0,0.0,0.0,0.0,0.0,0.0,0.0,58.8,52,12,65510,27,65476,0,300,0,0,8,20529,65476,0,0,30147,60.0,0.0,10.0,10.0,2.0,0.0
2026-02-16T12:50:49,ERR,ERR,ERR,ERR,ERR,ERR,ERR,ERR,ERR,ERR,ERR,ERR,ERR,ERR,ERR,ERR,ERR,ERR,ERR,ERR,ERR,ERR,ERR,ERR,ERR,ERR,ERR,ERR,ERR,ERR,ERR,ERR,ERR,ERR,ERR,ERR,ERR,ERR,ERR,ERR,ERR,ERR,ERR,ERR,ERR,ERR,ERR,ERR,ERR,ERR,ERR,ERR,ERR,ERR,ERR,ERR,ERR,ERR,ERR,ERR,ERR,ERR,ERR,ERR,ERR,ERR,ERR,ERR,ERR,ERR,ERR,ERR,ERR,ERR,ERR,ERR,ERR,ERR,ERR,ERR,ERR,ERR,ERR,ERR,ERR,ERR,ERR,ERR,ERR,ERR,ERR,ERR,ERR,ERR,ERR,ERR,ERR,ERR,ERR,ERR,ERR,ERR,ERR,ERR,ERR,ERR,ERR,ERR,ERR,ERR,ERR,ERR,ERR,ERR,ERR,ERR,ERR,ERR,ERR,ERR,ERR,ERR,ERR,ERR,ERR,0.0,-0.0,0.0,0.0,0.0,-0.0,0.0,0.0,4300,0,8,17169,4300,0.0,41,0.0,0.0,0.0,0.0,2.7184166902131945e+23,0,0,0,0,0.0,0,0,0,0,0,0,0,0,0,0,0,0,0,0,0,0,0,0,0,0,0,0,0,0,0,0,0,0,0,0,0,0,0,7,38,37,45,65476,375,65476,1,0,4,21553,0.0,-0.0,0.0,0.0,0.0,0.0,0.0,0.0,0.0,0.0,0.0,0.0,0.0,0.0,0.0,0.0,0.0,0.0,0.0,0.0,0.0,2.004,0.0,-0.0,0.0,0.0,0.0,0.0,0.0,0.0,6675.0,2.004,0.0,-107615880.0,-0.0,0.0,-0.0,0.0,0.0,2.004,2.004,228,4.066853658014554e+29,89221.039,0.0,0.0,0.0,0.0,0.0,0.0,0.0,0,0,0,-0.0,8848.476,49876416.0,2.6375074619169178e+17,3.53621837348864e+16,0.001,0.0,-1.065199903352516e+38,0.0,-1.2803817736626465e+35,-129642824.0,4.594947053406126e+20,0.0,0.155,0.0,-0.0,0,1.3516416376850534e+27,228,0.0,456,-621855232.0,82050.086,2112,52429,17109,0,17112,0,17096,0,0,0,101,100,100,2.7302341356354147e+23,66.2,2.7302343157793998e+23,66.6,0.0,66.5,1,49,50,180,39322,52429,0,0,0.0,0.0,0.0,60.0,134283343691776.0,71.0,0.0,-0.649,0.0,1068,0,1069,0,0,0,1069,0,1080,0,1000,0,666,0,667,0,663,0,681,0.032,1.4536034330083127e+22,2.004,0.0,1936,16814,8864398.0,-0.649,0.0,0.0,-0.0,-0.0,50.0,60.0,35,0.0,0.0,10.0,2.0,0.0,0.0,0.0,0.0,0.0,0.0,0.0,0.0,0.0,0.0,0.0,0.0,58.8,52,12,65510,27,65476,0,300,0,0,8,20529,65476,0,0,30147,60.0,0.0,10.0,10.0,2.0,0.0
2026-02-16T12:50:50,ERR,ERR,ERR,ERR,ERR,ERR,ERR,ERR,ERR,ERR,ERR,ERR,ERR,ERR,ERR,ERR,ERR,ERR,ERR,ERR,ERR,ERR,ERR,ERR,ERR,ERR,ERR,ERR,ERR,ERR,ERR,ERR,ERR,ERR,ERR,ERR,ERR,ERR,ERR,ERR,ERR,ERR,ERR,ERR,ERR,ERR,ERR,ERR,ERR,ERR,ERR,ERR,ERR,ERR,ERR,ERR,ERR,ERR,ERR,ERR,ERR,ERR,ERR,ERR,ERR,ERR,ERR,ERR,ERR,ERR,ERR,ERR,ERR,ERR,ERR,ERR,ERR,ERR,ERR,ERR,ERR,ERR,ERR,ERR,ERR,ERR,ERR,ERR,ERR,ERR,ERR,ERR,ERR,ERR,ERR,ERR,ERR,ERR,ERR,ERR,ERR,ERR,ERR,ERR,ERR,ERR,ERR,ERR,ERR,ERR,ERR,ERR,ERR,ERR,ERR,ERR,ERR,ERR,ERR,ERR,ERR,ERR,ERR,ERR,ERR,0.0,-0.0,0.0,0.0,0.0,-0.0,0.0,0.0,4300,0,8,17169,4300,0.0,41,0.0,0.0,0.0,0.0,2.7184166902131945e+23,0,0,0,0,0.0,0,0,0,0,0,0,0,0,0,0,0,0,0,0,0,0,0,0,0,0,0,0,0,0,0,0,0,0,0,0,0,0,0,7,38,37,45,65476,375,65476,1,0,4,21553,0.0,-0.0,0.0,0.0,0.0,0.0,0.0,0.0,0.0,0.0,0.0,0.0,0.0,0.0,0.0,0.0,0.0,0.0,0.0,0.0,0.0,2.004,0.0,-0.0,0.0,0.0,0.0,0.0,0.0,0.0,6675.0,2.004,0.0,-107615880.0,-0.0,0.0,-0.0,0.0,0.0,2.004,2.004,228,4.066853658014554e+29,89221.039,0.0,0.0,0.0,0.0,0.0,0.0,0.0,0,0,0,-0.0,8848.476,49876416.0,2.6375074619169178e+17,3.53621837348864e+16,0.001,0.0,-1.065199903352516e+38,0.0,-1.2803817736626465e+35,-129642824.0,4.594947053406126e+20,0.0,0.155,0.0,-0.0,0,1.3516416376850534e+27,228,0.0,456,-621855232.0,82050.086,2112,52429,17109,0,17112,0,17096,0,0,0,101,100,100,2.7302341356354147e+23,66.2,2.7302343157793998e+23,66.6,0.0,66.5,1,49,50,180,39322,52429,0,0,0.0,0.0,0.0,60.0,134283343691776.0,71.0,0.0,-0.649,0.0,1068,0,1069,0,0,0,1069,0,1080,0,1000,0,666,0,667,0,663,0,681,0.032,1.4536034330083127e+22,2.004,0.0,1936,16814,8864398.0,-0.649,0.0,0.0,-0.0,-0.0,50.0,60.0,35,0.0,0.0,10.0,2.0,0.0,0.0,0.0,0.0,0.0,0.0,0.0,0.0,0.0,0.0,0.0,0.0,58.8,52,12,65510,27,65476,0,300,0,0,8,20529,65476,0,0,30147,60.0,0.0,10.0,10.0,2.0,0.0
2026-02-16T12:50:51,ERR,ERR,ERR,ERR,ERR,ERR,ERR,ERR,ERR,ERR,ERR,ERR,ERR,ERR,ERR,ERR,ERR,ERR,ERR,ERR,ERR,ERR,ERR,ERR,ERR,ERR,ERR,ERR,ERR,ERR,ERR,ERR,ERR,ERR,ERR,ERR,ERR,ERR,ERR,ERR,ERR,ERR,ERR,ERR,ERR,ERR,ERR,ERR,ERR,ERR,ERR,ERR,ERR,ERR,ERR,ERR,ERR,ERR,ERR,ERR,ERR,ERR,ERR,ERR,ERR,ERR,ERR,ERR,ERR,ERR,ERR,ERR,ERR,ERR,ERR,ERR,ERR,ERR,ERR,ERR,ERR,ERR,ERR,ERR,ERR,ERR,ERR,ERR,ERR,ERR,ERR,ERR,ERR,ERR,ERR,ERR,ERR,ERR,ERR,ERR,ERR,ERR,ERR,ERR,ERR,ERR,ERR,ERR,ERR,ERR,ERR,ERR,ERR,ERR,ERR,ERR,ERR,ERR,ERR,ERR,ERR,ERR,ERR,ERR,ERR,0.0,-0.0,0.0,0.0,0.0,-0.0,0.0,0.0,4300,0,8,17169,4300,0.0,41,0.0,0.0,0.0,0.0,2.7184166902131945e+23,0,0,0,0,0.0,0,0,0,0,0,0,0,0,0,0,0,0,0,0,0,0,0,0,0,0,0,0,0,0,0,0,0,0,0,0,0,0,0,7,38,37,45,65476,375,65476,1,0,4,21553,0.0,-0.0,0.0,0.0,0.0,0.0,0.0,0.0,0.0,0.0,0.0,0.0,0.0,0.0,0.0,0.0,0.0,0.0,0.0,0.0,0.0,2.004,0.0,-0.0,0.0,0.0,0.0,0.0,0.0,0.0,6675.0,2.004,0.0,-107615880.0,-0.0,0.0,-0.0,0.0,0.0,2.004,2.004,228,4.066853658014554e+29,89221.039,0.0,0.0,0.0,0.0,0.0,0.0,0.0,0,0,0,-0.0,8848.476,49876416.0,2.6375074619169178e+17,3.53621837348864e+16,0.001,0.0,-1.065199903352516e+38,0.0,-1.2803817736626465e+35,-129642824.0,4.594947053406126e+20,0.0,0.155,0.0,-0.0,0,1.3516416376850534e+27,228,0.0,456,-621855232.0,82050.086,2112,52429,17109,0,17112,0,17096,0,0,0,101,100,100,2.7302341356354147e+23,66.2,2.7302343157793998e+23,66.6,0.0,66.5,1,49,50,180,39322,52429,0,0,0.0,0.0,0.0,60.0,134283343691776.0,71.0,0.0,-0.649,0.0,1068,0,1069,0,0,0,1069,0,1080,0,1000,0,666,0,667,0,663,0,681,0.032,1.4536034330083127e+22,2.004,0.0,1936,16814,8864398.0,-0.649,0.0,0.0,-0.0,-0.0,50.0,60.0,35,0.0,0.0,10.0,2.0,0.0,0.0,0.0,0.0,0.0,0.0,0.0,0.0,0.0,0.0,0.0,0.0,59.2,52,12,65510,27,65476,0,300,0,0,8,20529,65476,0,0,30147,60.0,0.0,10.0,10.0,2.0,0.0
2026-02-16T12:50:52,ERR,ERR,ERR,ERR,ERR,ERR,ERR,ERR,ERR,ERR,ERR,ERR,ERR,ERR,ERR,ERR,ERR,ERR,ERR,ERR,ERR,ERR,ERR,ERR,ERR,ERR,ERR,ERR,ERR,ERR,ERR,ERR,ERR,ERR,ERR,ERR,ERR,ERR,ERR,ERR,ERR,ERR,ERR,ERR,ERR,ERR,ERR,ERR,ERR,ERR,ERR,ERR,ERR,ERR,ERR,ERR,ERR,ERR,ERR,ERR,ERR,ERR,ERR,ERR,ERR,ERR,ERR,ERR,ERR,ERR,ERR,ERR,ERR,ERR,ERR,ERR,ERR,ERR,ERR,ERR,ERR,ERR,ERR,ERR,ERR,ERR,ERR,ERR,ERR,ERR,ERR,ERR,ERR,ERR,ERR,ERR,ERR,ERR,ERR,ERR,ERR,ERR,ERR,ERR,ERR,ERR,ERR,ERR,ERR,ERR,ERR,ERR,ERR,ERR,ERR,ERR,ERR,ERR,ERR,ERR,ERR,ERR,ERR,ERR,ERR,0.0,-0.0,0.0,0.0,0.0,-0.0,0.0,0.0,4300,0,8,17169,4300,0.0,41,0.0,0.0,0.0,0.0,2.7184166902131945e+23,0,0,0,0,0.0,0,0,0,0,0,0,0,0,0,0,0,0,0,0,0,0,0,0,0,0,0,0,0,0,0,0,0,0,0,0,0,0,0,7,38,37,45,65476,375,65476,1,0,4,21553,0.0,-0.0,0.0,0.0,0.0,0.0,0.0,0.0,0.0,0.0,0.0,0.0,0.0,0.0,0.0,0.0,0.0,0.0,0.0,0.0,0.0,2.004,0.0,-0.0,0.0,0.0,0.0,0.0,0.0,0.0,6675.0,2.004,0.0,-107615880.0,-0.0,0.0,-0.0,0.0,0.0,2.004,2.004,228,4.066853658014554e+29,89221.039,0.0,0.0,0.0,0.0,0.0,0.0,0.0,0,0,0,-0.0,8848.476,49876416.0,2.6375074619169178e+17,3.53621837348864e+16,0.001,0.0,-1.065199903352516e+38,0.0,-1.2803817736626465e+35,-129642824.0,4.594947053406126e+20,0.0,0.155,0.0,-0.0,0,1.3516416376850534e+27,228,0.0,456,-621855232.0,82050.086,2112,52429,17109,0,17112,52429,17095,0,0,0,101,100,100,-0.0,66.2,2.7302343157793998e+23,66.6,0.0,66.5,1,49,50,180,52429,52429,0,0,0.0,0.0,0.0,60.0,6984.319,71.0,0.0,7.410973528654709e+26,0.0,1068,0,1069,0,0,0,1069,0,1080,0,1000,0,666,0,667,0,663,0,681,0.032,1.4609821306377965e+22,2.004,0.0,16,16814,6984.319,7.410973528654709e+26,-0.0,-9535063326720.0,4.676718172968478e+19,86114416.0,50.0,60.0,35,0.0,0.0,10.0,2.0,0.0,0.0,0.0,0.0,0.0,0.0,0.0,0.0,0.0,0.0,0.0,0.0,59.2,52,12,65510,27,65476,0,300,0,0,8,20529,65476,0,0,30147,60.0,0.0,10.0,10.0,2.0,0.0
2026-02-16T12:50:53,ERR,ERR,ERR,ERR,ERR,ERR,ERR,ERR,ERR,ERR,ERR,ERR,ERR,ERR,ERR,ERR,ERR,ERR,ERR,ERR,ERR,ERR,ERR,ERR,ERR,ERR,ERR,ERR,ERR,ERR,ERR,ERR,ERR,ERR,ERR,ERR,ERR,ERR,ERR,ERR,ERR,ERR,ERR,ERR,ERR,ERR,ERR,ERR,ERR,ERR,ERR,ERR,ERR,ERR,ERR,ERR,ERR,ERR,ERR,ERR,ERR,ERR,ERR,ERR,ERR,ERR,ERR,ERR,ERR,ERR,ERR,ERR,ERR,ERR,ERR,ERR,ERR,ERR,ERR,ERR,ERR,ERR,ERR,ERR,ERR,ERR,ERR,ERR,ERR,ERR,ERR,ERR,ERR,ERR,ERR,ERR,ERR,ERR,ERR,ERR,ERR,ERR,ERR,ERR,ERR,ERR,ERR,ERR,ERR,ERR,ERR,ERR,ERR,ERR,ERR,ERR,ERR,ERR,ERR,ERR,ERR,ERR,ERR,ERR,ERR,0.0,-0.0,0.0,0.0,0.0,-0.0,0.0,0.0,4300,0,8,17169,4300,0.0,41,0.0,0.0,0.0,0.0,2.7184166902131945e+23,0,0,0,0,0.0,0,0,0,0,0,0,0,0,0,0,0,0,0,0,0,0,0,0,0,0,0,0,0,0,0,0,0,0,0,0,0,0,0,7,38,37,45,65476,375,65476,1,0,4,21553,0.0,-0.0,0.0,0.0,0.0,0.0,0.0,0.0,0.0,0.0,0.0,0.0,0.0,0.0,0.0,0.0,0.0,0.0,0.0,0.0,0.0,2.004,0.0,-0.0,0.0,0.0,0.0,0.0,0.0,0.0,6675.0,2.004,0.0,-107615880.0,-0.0,0.0,-0.0,0.0,0.0,2.004,2.004,228,4.066853658014554e+29,89221.039,0.0,0.0,0.0,0.0,0.0,0.0,0.0,0,0,0,-0.0,8848.476,49876416.0,2.6375074619169178e+17,3.53621837348864e+16,0.001,0.0,-1.065199903352516e+38,0.0,-1.2803817736626465e+35,-129642824.0,4.594947053406126e+20,0.0,0.155,0.0,-0.0,0,1.3516416376850534e+27,228,0.0,456,-621855232.0,82050.086,2112,52429,17109,0,17112,52429,17095,0,0,0,101,100,100,-0.0,66.2,2.7302343157793998e+23,66.6,0.0,66.5,1,49,50,180,52429,52429,0,0,0.0,0.0,0.0,60.0,6984.319,71.0,0.0,7.410973528654709e+26,0.0,1068,0,1069,0,0,0,1069,0,1080,0,1000,0,666,0,667,0,663,0,681,0.032,1.4609821306377965e+22,2.004,0.0,16,16814,6984.319,7.410973528654709e+26,-0.0,-9535063326720.0,4.676718172968478e+19,86114416.0,50.0,60.0,35,0.0,0.0,10.0,2.0,0.0,0.0,0.0,0.0,0.0,0.0,0.0,0.0,0.0,0.0,0.0,0.0,59.2,52,12,65510,27,65476,0,300,0,0,8,20529,65476,0,0,30147,60.0,0.0,10.0,10.0,2.0,0.0
2026-02-16T12:50:54,ERR,ERR,ERR,ERR,ERR,ERR,ERR,ERR,ERR,ERR,ERR,ERR,ERR,ERR,ERR,ERR,ERR,ERR,ERR,ERR,ERR,ERR,ERR,ERR,ERR,ERR,ERR,ERR,ERR,ERR,ERR,ERR,ERR,ERR,ERR,ERR,ERR,ERR,ERR,ERR,ERR,ERR,ERR,ERR,ERR,ERR,ERR,ERR,ERR,ERR,ERR,ERR,ERR,ERR,ERR,ERR,ERR,ERR,ERR,ERR,ERR,ERR,ERR,ERR,ERR,ERR,ERR,ERR,ERR,ERR,ERR,ERR,ERR,ERR,ERR,ERR,ERR,ERR,ERR,ERR,ERR,ERR,ERR,ERR,ERR,ERR,ERR,ERR,ERR,ERR,ERR,ERR,ERR,ERR,ERR,ERR,ERR,ERR,ERR,ERR,ERR,ERR,ERR,ERR,ERR,ERR,ERR,ERR,ERR,ERR,ERR,ERR,ERR,ERR,ERR,ERR,ERR,ERR,ERR,ERR,ERR,ERR,ERR,ERR,ERR,-107615880.0,-0.0,2.7184069624379994e+23,0.0,-0.0,-0.0,0.0,5.30457986854559e+29,4300,0,8,17169,4300,0.0,41,0.0,0.0,0.0,0.0,2.7184166902131945e+23,0,0,0,0,0.0,0,0,0,0,0,0,0,0,0,0,0,0,0,0,0,0,0,0,0,0,0,0,0,0,0,0,0,0,0,0,0,0,0,7,38,37,45,65476,374,65476,1,0,4,21553,0.0,0.0,0.0,0.0,0.0,0.0,0.0,0.0,0.0,0.0,0.0,0.0,0.0,0.0,0.0,0.0,0.0,0.0,0.0,0.0,0.0,2.004,2.004,-0.0,0.0,0.0,0.0,0.0,0.0,0.0,6677.0,0.0,0.0,-107615880.0,-0.0,0.0,-0.0,0.0,0.0,2.004,2.004,229,-0.0,0.0,0.0,0.0,0.0,0.0,0.0,0.0,0.0,0,0,0,-0.0,0.0,86040772608.0,-6.455320027011984e+37,6.278501665670693e+18,-1.643,0.0,-92942352.0,0.0,-1.3647565976138375e+35,-136602256.0,4.8485897844196324e+20,0.0,0.164,0.0,-0.008,0,1.3516416376850534e+27,229,0.0,458,0.0,2.6475257086227406e+23,2112,52429,17109,0,17112,52429,17095,0,0,0,101,100,100,-0.0,66.2,2.7302343157793998e+23,66.6,0.0,66.5,1,49,50,180,52429,52429,0,0,0.0,0.0,0.0,60.0,6984.319,71.0,0.0,7.410973528654709e+26,0.0,1068,0,1069,0,0,0,1069,0,1080,0,1000,0,666,0,667,0,663,0,681,0.032,1.4609821306377965e+22,2.004,0.0,16,16814,6984.319,7.410973528654709e+26,-0.0,-9535063326720.0,4.676718172968478e+19,86114416.0,50.0,60.0,35,0.0,0.0,10.0,2.0,0.0,0.0,0.0,0.0,0.0,0.0,0.0,0.0,0.0,0.0,0.0,0.0,59.2,52,12,65510,27,65476,0,300,0,0,8,20529,65476,0,0,30147,60.0,0.0,10.0,10.0,2.0,0.0
2026-02-16T12:50:55,ERR,ERR,ERR,ERR,ERR,ERR,ERR,ERR,ERR,ERR,ERR,ERR,ERR,ERR,ERR,ERR,ERR,ERR,ERR,ERR,ERR,ERR,ERR,ERR,ERR,ERR,ERR,ERR,ERR,ERR,ERR,ERR,ERR,ERR,ERR,ERR,ERR,ERR,ERR,ERR,ERR,ERR,ERR,ERR,ERR,ERR,ERR,ERR,ERR,ERR,ERR,ERR,ERR,ERR,ERR,ERR,ERR,ERR,ERR,ERR,ERR,ERR,ERR,ERR,ERR,ERR,ERR,ERR,ERR,ERR,ERR,ERR,ERR,ERR,ERR,ERR,ERR,ERR,ERR,ERR,ERR,ERR,ERR,ERR,ERR,ERR,ERR,ERR,ERR,ERR,ERR,ERR,ERR,ERR,ERR,ERR,ERR,ERR,ERR,ERR,ERR,ERR,ERR,ERR,ERR,ERR,ERR,ERR,ERR,ERR,ERR,ERR,ERR,ERR,ERR,ERR,ERR,ERR,ERR,ERR,ERR,ERR,ERR,ERR,ERR,-107615880.0,-0.0,2.7184069624379994e+23,0.0,-0.0,-0.0,0.0,5.30457986854559e+29,4300,0,8,17169,4300,0.0,41,0.0,0.0,0.0,0.0,2.7184166902131945e+23,0,0,0,0,0.0,0,0,0,0,0,0,0,0,0,0,0,0,0,0,0,0,0,0,0,0,0,0,0,0,0,0,0,0,0,0,0,0,0,7,38,37,45,65476,374,65476,1,0,4,21553,0.0,0.0,0.0,0.0,0.0,0.0,0.0,0.0,0.0,0.0,0.0,0.0,0.0,0.0,0.0,0.0,0.0,0.0,0.0,0.0,0.0,2.004,2.004,-0.0,0.0,0.0,0.0,0.0,0.0,0.0,6677.0,0.0,0.0,-107615880.0,-0.0,0.0,-0.0,0.0,0.0,2.004,2.004,229,-0.0,0.0,0.0,0.0,0.0,0.0,0.0,0.0,0.0,0,0,0,-0.0,0.0,86040772608.0,-6.455320027011984e+37,6.278501665670693e+18,-1.643,0.0,-92942352.0,0.0,-1.3647565976138375e+35,-136602256.0,4.8485897844196324e+20,0.0,0.164,0.0,-0.008,0,1.3516416376850534e+27,229,0.0,458,0.0,2.6475257086227406e+23,2112,52429,17109,0,17112,52429,17095,0,0,0,101,100,100,-0.0,66.2,2.7302343157793998e+23,66.6,0.0,66.5,1,49,50,180,52429,52429,0,0,0.0,0.0,0.0,60.0,6984.319,71.0,0.0,7.410973528654709e+26,0.0,1068,0,1069,0,0,0,1069,0,1080,0,1000,0,666,0,667,0,663,0,681,0.032,1.4609821306377965e+22,2.004,0.0,16,16814,6984.319,7.410973528654709e+26,-0.0,-9535063326720.0,4.676718172968478e+19,86114416.0,50.0,60.0,35,0.0,0.0,10.0,2.0,0.0,0.0,0.0,0.0,0.0,0.0,0.0,0.0,0.0,0.0,0.0,0.0,58.8,52,12,65510,27,65476,0,300,0,0,8,20529,65476,0,0,30147,60.0,0.0,10.0,10.0,2.0,0.0
2026-02-16T12:50:56,ERR,ERR,ERR,ERR,ERR,ERR,ERR,ERR,ERR,ERR,ERR,ERR,ERR,ERR,ERR,ERR,ERR,ERR,ERR,ERR,ERR,ERR,ERR,ERR,ERR,ERR,ERR,ERR,ERR,ERR,ERR,ERR,ERR,ERR,ERR,ERR,ERR,ERR,ERR,ERR,ERR,ERR,ERR,ERR,ERR,ERR,ERR,ERR,ERR,ERR,ERR,ERR,ERR,ERR,ERR,ERR,ERR,ERR,ERR,ERR,ERR,ERR,ERR,ERR,ERR,ERR,ERR,ERR,ERR,ERR,ERR,ERR,ERR,ERR,ERR,ERR,ERR,ERR,ERR,ERR,ERR,ERR,ERR,ERR,ERR,ERR,ERR,ERR,ERR,ERR,ERR,ERR,ERR,ERR,ERR,ERR,ERR,ERR,ERR,ERR,ERR,ERR,ERR,ERR,ERR,ERR,ERR,ERR,ERR,ERR,ERR,ERR,ERR,ERR,ERR,ERR,ERR,ERR,ERR,ERR,ERR,ERR,ERR,ERR,ERR,-107615880.0,-0.0,2.7184069624379994e+23,0.0,-0.0,-0.0,0.0,5.30457986854559e+29,4300,0,8,17169,4300,0.0,41,0.0,0.0,0.0,0.0,2.7184166902131945e+23,0,0,0,0,0.0,0,0,0,0,0,0,0,0,0,0,0,0,0,0,0,0,0,0,0,0,0,0,0,0,0,0,0,0,0,0,0,0,0,7,38,37,45,65476,374,65476,1,0,4,21553,0.0,0.0,0.0,0.0,0.0,0.0,0.0,0.0,0.0,0.0,0.0,0.0,0.0,0.0,0.0,0.0,0.0,0.0,0.0,0.0,0.0,2.004,2.004,-0.0,0.0,0.0,0.0,0.0,0.0,0.0,6677.0,0.0,0.0,-107615880.0,-0.0,0.0,-0.0,0.0,0.0,2.004,2.004,229,-0.0,0.0,0.0,0.0,0.0,0.0,0.0,0.0,0.0,0,0,0,-0.0,0.0,86040772608.0,-6.455320027011984e+37,6.278501665670693e+18,-1.643,0.0,-92942352.0,0.0,-1.3647565976138375e+35,-136602256.0,4.8485897844196324e+20,0.0,0.164,0.0,-0.008,0,1.3516416376850534e+27,229,0.0,458,0.0,2.6475257086227406e+23,2112,52429,17109,0,17112,52429,17095,0,0,0,101,100,100,-0.0,66.2,2.7302343157793998e+23,66.6,0.0,66.5,1,49,50,180,52429,52429,0,0,0.0,0.0,0.0,60.0,2.146055107517612e+18,71.0,0.0,1738795.75,0.0,1068,0,1069,0,0,0,1069,0,1080,0,999,0,666,0,667,0,663,0,682,0.032,1.4536034330083127e+22,-0.0,2.730234856211355e+23,61584,16813,41408847872.0,-6.445,0.0,-8.063602178510564e+23,-11420058.0,-0.0,50.0,60.0,35,0.0,0.0,10.0,2.0,0.0,0.0,0.0,0.0,0.0,0.0,0.0,0.0,0.0,0.0,0.0,0.0,58.8,52,12,65510,27,65476,0,300,0,0,8,20529,65476,0,0,30147,60.0,0.0,10.0,10.0,2.0,0.0
2026-02-16T12:50:57,ERR,ERR,ERR,ERR,ERR,ERR,ERR,ERR,ERR,ERR,ERR,ERR,ERR,ERR,ERR,ERR,ERR,ERR,ERR,ERR,ERR,ERR,ERR,ERR,ERR,ERR,ERR,ERR,ERR,ERR,ERR,ERR,ERR,ERR,ERR,ERR,ERR,ERR,ERR,ERR,ERR,ERR,ERR,ERR,ERR,ERR,ERR,ERR,ERR,ERR,ERR,ERR,ERR,ERR,ERR,ERR,ERR,ERR,ERR,ERR,ERR,ERR,ERR,ERR,ERR,ERR,ERR,ERR,ERR,ERR,ERR,ERR,ERR,ERR,ERR,ERR,ERR,ERR,ERR,ERR,ERR,ERR,ERR,ERR,ERR,ERR,ERR,ERR,ERR,ERR,ERR,ERR,ERR,ERR,ERR,ERR,ERR,ERR,ERR,ERR,ERR,ERR,ERR,ERR,ERR,ERR,ERR,ERR,ERR,ERR,ERR,ERR,ERR,ERR,ERR,ERR,ERR,ERR,ERR,ERR,ERR,ERR,ERR,ERR,ERR,-107615880.0,-0.0,2.7184069624379994e+23,0.0,-0.0,-0.0,0.0,5.30457986854559e+29,4300,0,8,17169,4300,0.0,41,0.0,0.0,0.0,0.0,2.7184166902131945e+23,0,0,0,0,0.0,0,0,0,0,0,0,0,0,0,0,0,0,0,0,0,0,0,0,0,0,0,0,0,0,0,0,0,0,0,0,0,0,0,7,38,37,45,65476,374,65476,1,0,4,21553,0.0,0.0,0.0,0.0,0.0,0.0,0.0,0.0,0.0,0.0,0.0,0.0,0.0,0.0,0.0,0.0,0.0,0.0,0.0,0.0,0.0,2.004,2.004,-0.0,0.0,0.0,0.0,0.0,0.0,0.0,6677.0,0.0,0.0,-107615880.0,-0.0,0.0,-0.0,0.0,0.0,2.004,2.004,229,-0.0,0.0,0.0,0.0,0.0,0.0,0.0,0.0,0.0,0,0,0,-0.0,0.0,86040772608.0,-6.455320027011984e+37,6.278501665670693e+18,-1.643,0.0,-92942352.0,0.0,-1.3647565976138375e+35,-136602256.0,4.8485897844196324e+20,0.0,0.164,0.0,-0.008,0,1.3516416376850534e+27,229,0.0,458,0.0,2.6475257086227406e+23,2112,52429,17109,0,17112,52429,17095,0,0,0,101,100,100,-0.0,66.2,2.7302343157793998e+23,66.6,0.0,66.5,1,49,50,180,52429,52429,0,0,0.0,0.0,0.0,60.0,2.146055107517612e+18,71.0,0.0,1738795.75,0.0,1068,0,1069,0,0,0,1069,0,1080,0,999,0,666,0,667,0,663,0,682,0.032,1.4536034330083127e+22,-0.0,2.730234856211355e+23,61584,16813,41408847872.0,-6.445,0.0,-8.063602178510564e+23,-11420058.0,-0.0,50.0,60.0,35,0.0,0.0,10.0,2.0,0.0,0.0,0.0,0.0,0.0,0.0,0.0,0.0,0.0,0.0,0.0,0.0,58.8,52,12,65510,27,65476,0,300,0,0,8,20529,65476,0,0,30147,60.0,0.0,10.0,10.0,2.0,0.0
2026-02-16T12:50:58,ERR,ERR,ERR,ERR,ERR,ERR,ERR,ERR,ERR,ERR,ERR,ERR,ERR,ERR,ERR,ERR,ERR,ERR,ERR,ERR,ERR,ERR,ERR,ERR,ERR,ERR,ERR,ERR,ERR,ERR,ERR,ERR,ERR,ERR,ERR,ERR,ERR,ERR,ERR,ERR,ERR,ERR,ERR,ERR,ERR,ERR,ERR,ERR,ERR,ERR,ERR,ERR,ERR,ERR,ERR,ERR,ERR,ERR,ERR,ERR,ERR,ERR,ERR,ERR,ERR,ERR,ERR,ERR,ERR,ERR,ERR,ERR,ERR,ERR,ERR,ERR,ERR,ERR,ERR,ERR,ERR,ERR,ERR,ERR,ERR,ERR,ERR,ERR,ERR,ERR,ERR,ERR,ERR,ERR,ERR,ERR,ERR,ERR,ERR,ERR,ERR,ERR,ERR,ERR,ERR,ERR,ERR,ERR,ERR,ERR,ERR,ERR,ERR,ERR,ERR,ERR,ERR,ERR,ERR,ERR,ERR,ERR,ERR,ERR,ERR,-107615880.0,-0.0,2.7184069624379994e+23,0.0,-0.0,-0.0,0.0,5.30457986854559e+29,4300,0,8,17169,4300,0.0,41,0.0,0.0,0.0,0.0,2.7184166902131945e+23,0,0,0,0,0.0,0,0,0,0,0,0,0,0,0,0,0,0,0,0,0,0,0,0,0,0,0,0,0,0,0,0,0,0,0,0,0,0,0,7,38,37,45,65476,374,65476,1,0,4,21553,0.0,0.0,0.0,0.0,0.0,0.0,0.0,0.0,0.0,0.0,0.0,0.0,0.0,0.0,0.0,0.0,0.0,0.0,0.0,0.0,0.0,2.004,2.004,-0.0,0.0,0.0,0.0,0.0,0.0,0.0,6677.0,0.0,0.0,-107615880.0,-0.0,0.0,-0.0,0.0,0.0,2.004,2.004,229,-0.0,0.0,0.0,0.0,0.0,0.0,0.0,0.0,0.0,0,0,0,-0.0,0.0,86040772608.0,-6.455320027011984e+37,6.278501665670693e+18,-1.643,0.0,-92942352.0,0.0,-1.3647565976138375e+35,-136602256.0,4.8485897844196324e+20,0.0,0.164,0.0,-0.008,0,1.3516416376850534e+27,229,0.0,458,0.0,2.6475257086227406e+23,2112,52429,17109,0,17112,52429,17095,0,0,0,101,100,100,-0.0,66.2,2.7302343157793998e+23,66.6,0.0,66.5,1,49,50,180,52429,52429,0,0,0.0,0.0,0.0,60.0,2.146055107517612e+18,71.0,0.0,1738795.75,0.0,1068,0,1069,0,0,0,1069,0,1080,0,999,0,666,0,667,0,663,0,682,0.032,1.4536034330083127e+22,-0.0,2.730234856211355e+23,61584,16813,41408847872.0,-6.445,0.0,-8.063602178510564e+23,-11420058.0,-0.0,50.0,60.0,35,0.0,0.0,10.0,2.0,0.0,0.0,0.0,0.0,0.0,0.0,0.0,0.0,0.0,0.0,0.0,0.0,58.8,52,12,65510,27,65476,0,300,0,0,8,20529,65476,0,0,30147,60.0,0.0,10.0,10.0,2.0,0.0
2026-02-16T12:50:59,ERR,ERR,ERR,ERR,ERR,ERR,ERR,ERR,ERR,ERR,ERR,ERR,ERR,ERR,ERR,ERR,ERR,ERR,ERR,ERR,ERR,ERR,ERR,ERR,ERR,ERR,ERR,ERR,ERR,ERR,ERR,ERR,ERR,ERR,ERR,ERR,ERR,ERR,ERR,ERR,ERR,ERR,ERR,ERR,ERR,ERR,ERR,ERR,ERR,ERR,ERR,ERR,ERR,ERR,ERR,ERR,ERR,ERR,ERR,ERR,ERR,ERR,ERR,ERR,ERR,ERR,ERR,ERR,ERR,ERR,ERR,ERR,ERR,ERR,ERR,ERR,ERR,ERR,ERR,ERR,ERR,ERR,ERR,ERR,ERR,ERR,ERR,ERR,ERR,ERR,ERR,ERR,ERR,ERR,ERR,ERR,ERR,ERR,ERR,ERR,ERR,ERR,ERR,ERR,ERR,ERR,ERR,ERR,ERR,ERR,ERR,ERR,ERR,ERR,ERR,ERR,ERR,ERR,ERR,ERR,ERR,ERR,ERR,ERR,ERR,-107615880.0,-0.0,2.7184069624379994e+23,0.0,-0.0,2.316,-0.0,-2.488,4300,0,8,17170,4300,0.0,41,0.0,0.0,0.0,0.0,2.7184166902131945e+23,0,0,0,0,0.0,0,0,0,0,0,0,0,0,0,0,0,0,0,0,0,0,0,0,0,0,0,0,0,0,0,0,0,0,0,0,0,0,0,7,37,37,44,65476,373,65476,1,0,4,21553,0.0,0.0,0.0,0.0,0.0,0.0,0.0,0.0,0.0,0.0,0.0,0.0,0.0,0.0,0.0,0.0,0.0,0.0,0.0,0.0,0.0,2.004,2.004,-2.004,0.0,-2.004,0.0,0.0,0.0,0.0,6681.0,0.0,0.0,0.0,-0.0,0.0,107616264.0,0.0,0.0,2.004,2.004,228,-0.0,0.0,0.0,0.0,0.0,0.0,0.0,0.0,0.0,0,0,0,-0.0,-4.690457630559222e+33,31979175936.0,1.861518444228875e+36,5.91838934246359e+16,0.0,-1.627,2.325987141972561e+24,-0.0,-1.4491314215650284e+35,-151282320.0,5.1714078057095496e+20,0.0,0.176,0.0,-147059680.0,0,1.3516416376850534e+27,228,0.0,456,-621855232.0,82050.086,2112,52429,17109,0,17112,0,17096,0,0,0,101,100,100,-0.0,66.2,2.7302343157793998e+23,66.6,0.0,66.5,1,49,50,180,52429,52429,0,0,0.0,0.0,0.0,60.0,5.248466858239905e+21,71.0,0.0,-6856.171,0.0,1069,0,1069,0,0,0,1069,0,1080,0,1000,0,666,0,667,0,663,0,682,0.032,1.4609821306377965e+22,-0.0,2.730234856211355e+23,9872,16814,5.248466858239905e+21,-6856.171,216269472.0,6.86104876458967e+16,0.0,-948962176.0,50.0,60.0,35,0.0,0.0,10.0,2.0,0.0,0.0,0.0,0.0,0.0,0.0,0.0,0.0,0.0,0.0,0.0,0.0,58.8,52,12,65510,27,65476,0,300,0,0,8,20529,65476,0,0,30147,60.0,0.0,10.0,10.0,2.0,0.0
2026-02-16T12:51:00,ERR,ERR,ERR,ERR,ERR,ERR,ERR,ERR,ERR,ERR,ERR,ERR,ERR,ERR,ERR,ERR,ERR,ERR,ERR,ERR,ERR,ERR,ERR,ERR,ERR,ERR,ERR,ERR,ERR,ERR,ERR,ERR,ERR,ERR,ERR,ERR,ERR,ERR,ERR,ERR,ERR,ERR,ERR,ERR,ERR,ERR,ERR,ERR,ERR,ERR,ERR,ERR,ERR,ERR,ERR,ERR,ERR,ERR,ERR,ERR,ERR,ERR,ERR,ERR,ERR,ERR,ERR,ERR,ERR,ERR,ERR,ERR,ERR,ERR,ERR,ERR,ERR,ERR,ERR,ERR,ERR,ERR,ERR,ERR,ERR,ERR,ERR,ERR,ERR,ERR,ERR,ERR,ERR,ERR,ERR,ERR,ERR,ERR,ERR,ERR,ERR,ERR,ERR,ERR,ERR,ERR,ERR,ERR,ERR,ERR,ERR,ERR,ERR,ERR,ERR,ERR,ERR,ERR,ERR,ERR,ERR,ERR,ERR,ERR,ERR,-107615880.0,-0.0,2.7184069624379994e+23,0.0,-0.0,2.316,-0.0,-2.488,4300,0,8,17170,4300,0.0,41,0.0,0.0,0.0,0.0,2.7184166902131945e+23,0,0,0,0,0.0,0,0,0,0,0,0,0,0,0,0,0,0,0,0,0,0,0,0,0,0,0,0,0,0,0,0,0,0,0,0,0,0,0,7,37,37,44,65476,373,65476,1,0,4,21553,0.0,0.0,0.0,0.0,0.0,0.0,0.0,0.0,0.0,0.0,0.0,0.0,0.0,0.0,0.0,0.0,0.0,0.0,0.0,0.0,0.0,2.004,2.004,-2.004,0.0,-2.004,0.0,0.0,0.0,0.0,6681.0,0.0,0.0,0.0,-0.0,0.0,107616264.0,0.0,0.0,2.004,2.004,228,-0.0,0.0,0.0,0.0,0.0,0.0,0.0,0.0,0.0,0,0,0,-0.0,-4.690457630559222e+33,31979175936.0,1.861518444228875e+36,5.91838934246359e+16,0.0,-1.627,2.325987141972561e+24,-0.0,-1.4491314215650284e+35,-151282320.0,5.1714078057095496e+20,0.0,0.176,0.0,-147059680.0,0,1.3516416376850534e+27,228,0.0,456,-621855232.0,82050.086,2112,52429,17109,0,17112,0,17096,0,0,0,101,100,100,-0.0,66.2,2.7302343157793998e+23,66.6,0.0,66.5,1,49,50,180,52429,52429,0,0,0.0,0.0,0.0,60.0,5.248466858239905e+21,71.0,0.0,-6856.171,0.0,1069,0,1069,0,0,0,1069,0,1080,0,1000,0,666,0,667,0,663,0,682,0.032,1.4609821306377965e+22,-0.0,2.730234856211355e+23,9872,16814,5.248466858239905e+21,-6856.171,216269472.0,6.86104876458967e+16,0.0,-948962176.0,50.0,60.0,35,0.0,0.0,10.0,2.0,0.0,0.0,0.0,0.0,0.0,0.0,0.0,0.0,0.0,0.0,0.0,0.0,58.8,52,12,65510,27,65476,0,300,0,0,8,20529,65476,0,0,30147,60.0,0.0,10.0,10.0,2.0,0.0
2026-02-16T12:51:01,ERR,ERR,ERR,ERR,ERR,ERR,ERR,ERR,ERR,ERR,ERR,ERR,ERR,ERR,ERR,ERR,ERR,ERR,ERR,ERR,ERR,ERR,ERR,ERR,ERR,ERR,ERR,ERR,ERR,ERR,ERR,ERR,ERR,ERR,ERR,ERR,ERR,ERR,ERR,ERR,ERR,ERR,ERR,ERR,ERR,ERR,ERR,ERR,ERR,ERR,ERR,ERR,ERR,ERR,ERR,ERR,ERR,ERR,ERR,ERR,ERR,ERR,ERR,ERR,ERR,ERR,ERR,ERR,ERR,ERR,ERR,ERR,ERR,ERR,ERR,ERR,ERR,ERR,ERR,ERR,ERR,ERR,ERR,ERR,ERR,ERR,ERR,ERR,ERR,ERR,ERR,ERR,ERR,ERR,ERR,ERR,ERR,ERR,ERR,ERR,ERR,ERR,ERR,ERR,ERR,ERR,ERR,ERR,ERR,ERR,ERR,ERR,ERR,ERR,ERR,ERR,ERR,ERR,ERR,ERR,ERR,ERR,ERR,ERR,ERR,-107615880.0,-0.0,2.7184069624379994e+23,0.0,-0.0,2.316,-0.0,-2.488,4300,0,8,17170,4300,0.0,41,0.0,0.0,0.0,0.0,2.7184166902131945e+23,0,0,0,0,0.0,0,0,0,0,0,0,0,0,0,0,0,0,0,0,0,0,0,0,0,0,0,0,0,0,0,0,0,0,0,0,0,0,0,7,37,37,44,65476,373,65476,1,0,4,21553,0.0,0.0,0.0,0.0,0.0,0.0,0.0,0.0,0.0,0.0,0.0,0.0,0.0,0.0,0.0,0.0,0.0,0.0,0.0,0.0,0.0,2.004,2.004,-2.004,0.0,-2.004,0.0,0.0,0.0,0.0,6681.0,0.0,0.0,0.0,-0.0,0.0,107616264.0,0.0,0.0,2.004,2.004,228,-0.0,0.0,0.0,0.0,0.0,0.0,0.0,0.0,0.0,0,0,0,-0.0,-4.690457630559222e+33,31979175936.0,1.861518444228875e+36,5.91838934246359e+16,0.0,-1.627,2.325987141972561e+24,-0.0,-1.4491314215650284e+35,-151282320.0,5.1714078057095496e+20,0.0,0.176,0.0,-147059680.0,0,1.3516416376850534e+27,228,0.0,456,-621855232.0,82050.086,2112,52429,17109,0,17112,0,17096,0,0,0,101,100,100,-0.0,66.2,2.7302343157793998e+23,66.6,0.0,66.5,1,49,50,180,52429,52429,0,0,0.0,0.0,0.0,60.0,5.248466858239905e+21,71.0,0.0,-6856.171,0.0,1069,0,1069,0,0,0,1069,0,1080,0,1000,0,666,0,667,0,663,0,682,0.032,1.4609821306377965e+22,-0.0,2.730234856211355e+23,9872,16814,5.248466858239905e+21,-6856.171,216269472.0,6.86104876458967e+16,0.0,-948962176.0,50.0,60.0,35,0.0,0.0,10.0,2.0,0.0,0.0,0.0,0.0,0.0,0.0,0.0,0.0,0.0,0.0,0.0,0.0,58.8,52,12,65510,27,65476,0,300,0,0,8,20529,65476,0,0,30147,60.0,0.0,10.0,10.0,2.0,0.0
2026-02-16T12:51:02,ERR,ERR,ERR,ERR,ERR,ERR,ERR,ERR,ERR,ERR,ERR,ERR,ERR,ERR,ERR,ERR,ERR,ERR,ERR,ERR,ERR,ERR,ERR,ERR,ERR,ERR,ERR,ERR,ERR,ERR,ERR,ERR,ERR,ERR,ERR,ERR,ERR,ERR,ERR,ERR,ERR,ERR,ERR,ERR,ERR,ERR,ERR,ERR,ERR,ERR,ERR,ERR,ERR,ERR,ERR,ERR,ERR,ERR,ERR,ERR,ERR,ERR,ERR,ERR,ERR,ERR,ERR,ERR,ERR,ERR,ERR,ERR,ERR,ERR,ERR,ERR,ERR,ERR,ERR,ERR,ERR,ERR,ERR,ERR,ERR,ERR,ERR,ERR,ERR,ERR,ERR,ERR,ERR,ERR,ERR,ERR,ERR,ERR,ERR,ERR,ERR,ERR,ERR,ERR,ERR,ERR,ERR,ERR,ERR,ERR,ERR,ERR,ERR,ERR,ERR,ERR,ERR,ERR,ERR,ERR,ERR,ERR,ERR,ERR,ERR,-107615880.0,-0.0,2.7184069624379994e+23,0.0,-0.0,2.316,-0.0,-2.488,4300,0,8,17170,4300,0.0,41,0.0,0.0,0.0,0.0,2.7184166902131945e+23,0,0,0,0,0.0,0,0,0,0,0,0,0,0,0,0,0,0,0,0,0,0,0,0,0,0,0,0,0,0,0,0,0,0,0,0,0,0,0,7,37,37,44,65476,373,65476,1,0,4,21553,0.0,0.0,0.0,0.0,0.0,0.0,0.0,0.0,0.0,0.0,0.0,0.0,0.0,0.0,0.0,0.0,0.0,0.0,0.0,0.0,0.0,2.004,2.004,-2.004,0.0,-2.004,0.0,0.0,0.0,0.0,6681.0,0.0,0.0,0.0,-0.0,0.0,107616264.0,0.0,0.0,2.004,2.004,228,-0.0,0.0,0.0,0.0,0.0,0.0,0.0,0.0,0.0,0,0,0,-0.0,-4.690457630559222e+33,31979175936.0,1.861518444228875e+36,5.91838934246359e+16,0.0,-1.627,2.325987141972561e+24,-0.0,-1.4491314215650284e+35,-151282320.0,5.1714078057095496e+20,0.0,0.176,0.0,-147059680.0,0,1.3516416376850534e+27,228,0.0,456,-621855232.0,82050.086,2112,52429,17109,0,17112,52429,17095,0,0,0,101,100,100,-0.0,66.2,2.7302343157793998e+23,66.6,0.0,66.5,1,49,50,180,52429,52429,0,0,0.0,0.0,0.0,60.0,1.4569443112982872e+24,71.0,0.0,-0.0,0.0,1068,0,1069,0,0,0,1069,0,1080,0,999,0,666,0,667,0,663,0,682,0.032,1.4683608282672803e+22,-0.0,2.730234856211355e+23,8720,16814,352415421300736.0,-0.0,-1.4073806559893258e+18,nan,-0.0,11664.015,50.0,60.0,35,0.0,0.0,10.0,2.0,0.0,0.0,0.0,0.0,0.0,0.0,0.0,0.0,0.0,0.0,0.0,0.0,58.8,52,12,65510,27,65476,0,300,0,0,8,20529,65476,0,0,30147,60.0,0.0,10.0,10.0,2.0,0.0
2026-02-16T12:51:03,ERR,ERR,ERR,ERR,ERR,ERR,ERR,ERR,ERR,ERR,ERR,ERR,ERR,ERR,ERR,ERR,ERR,ERR,ERR,ERR,ERR,ERR,ERR,ERR,ERR,ERR,ERR,ERR,ERR,ERR,ERR,ERR,ERR,ERR,ERR,ERR,ERR,ERR,ERR,ERR,ERR,ERR,ERR,ERR,ERR,ERR,ERR,ERR,ERR,ERR,ERR,ERR,ERR,ERR,ERR,ERR,ERR,ERR,ERR,ERR,ERR,ERR,ERR,ERR,ERR,ERR,ERR,ERR,ERR,ERR,ERR,ERR,ERR,ERR,ERR,ERR,ERR,ERR,ERR,ERR,ERR,ERR,ERR,ERR,ERR,ERR,ERR,ERR,ERR,ERR,ERR,ERR,ERR,ERR,ERR,ERR,ERR,ERR,ERR,ERR,ERR,ERR,ERR,ERR,ERR,ERR,ERR,ERR,ERR,ERR,ERR,ERR,ERR,ERR,ERR,ERR,ERR,ERR,ERR,ERR,ERR,ERR,ERR,ERR,ERR,-107615880.0,-0.0,-108138608.0,0.0,-3.2008056460949376e+29,0.0,-0.0,0.0,4300,0,8,17169,4300,0.0,41,0.0,0.0,0.0,0.0,2.7184166902131945e+23,0,0,0,0,0.0,0,0,0,0,0,0,0,0,0,0,0,0,0,0,0,0,0,0,0,0,0,0,0,0,0,0,0,0,0,0,0,0,0,7,37,37,44,65476,370,65476,1,0,4,21553,0.0,-0.0,0.0,0.0,0.0,0.0,0.0,0.0,0.0,0.0,0.0,0.0,0.0,0.0,0.0,0.0,0.0,0.0,0.0,0.0,0.0,2.004,0.0,-2.004,0.0,-0.0,0.0,0.0,0.0,0.0,6650.0,-2.4230026042814656e+24,0.0,0.0,-0.0,0.0,107616264.0,0.0,0.0,2.004,2.004,230,-0.0,0.0,0.0,0.0,0.0,0.0,0.0,0.0,0.0,0,0,0,-0.0,0.016,4.008,-4.38156159005438e+31,34260877312.0,-3.6795772350035395e+18,-0.0,-5.884,-142617.047,-1.5270158744430509e+35,-163865232.0,5.448108966815193e+20,0.0,0.187,0.0,-0.0,0,1.3516416376850534e+27,230,0.0,460,-621855232.0,-2.2165387396652623e+20,2112,52429,17109,0,17112,52429,17095,0,0,0,101,100,100,-0.0,66.2,2.7302343157793998e+23,66.6,0.0,66.5,1,49,50,180,52429,52429,0,0,0.0,0.0,0.0,60.0,1.4569443112982872e+24,71.0,0.0,-0.0,0.0,1068,0,1069,0,0,0,1069,0,1080,0,999,0,666,0,667,0,663,0,682,0.032,1.4683608282672803e+22,-0.0,2.730234856211355e+23,8720,16814,352415421300736.0,-0.0,-1.4073806559893258e+18,nan,-0.0,11664.015,50.0,60.0,35,0.0,0.0,10.0,2.0,0.0,0.0,0.0,0.0,0.0,0.0,0.0,0.0,0.0,0.0,0.0,0.0,59.2,52,12,65510,27,65476,0,300,0,0,8,20529,65476,0,0,30147,60.0,0.0,10.0,10.0,2.0,0.0
2026-02-16T12:51:04,ERR,ERR,ERR,ERR,ERR,ERR,ERR,ERR,ERR,ERR,ERR,ERR,ERR,ERR,ERR,ERR,ERR,ERR,ERR,ERR,ERR,ERR,ERR,ERR,ERR,ERR,ERR,ERR,ERR,ERR,ERR,ERR,ERR,ERR,ERR,ERR,ERR,ERR,ERR,ERR,ERR,ERR,ERR,ERR,ERR,ERR,ERR,ERR,ERR,ERR,ERR,ERR,ERR,ERR,ERR,ERR,ERR,ERR,ERR,ERR,ERR,ERR,ERR,ERR,ERR,ERR,ERR,ERR,ERR,ERR,ERR,ERR,ERR,ERR,ERR,ERR,ERR,ERR,ERR,ERR,ERR,ERR,ERR,ERR,ERR,ERR,ERR,ERR,ERR,ERR,ERR,ERR,ERR,ERR,ERR,ERR,ERR,ERR,ERR,ERR,ERR,ERR,ERR,ERR,ERR,ERR,ERR,ERR,ERR,ERR,ERR,ERR,ERR,ERR,ERR,ERR,ERR,ERR,ERR,ERR,ERR,ERR,ERR,ERR,ERR,-107615880.0,-0.0,-108138608.0,0.0,-3.2008056460949376e+29,0.0,-0.0,0.0,4300,0,8,17169,4300,0.0,41,0.0,0.0,0.0,0.0,2.7184166902131945e+23,0,0,0,0,0.0,0,0,0,0,0,0,0,0,0,0,0,0,0,0,0,0,0,0,0,0,0,0,0,0,0,0,0,0,0,0,0,0,0,7,37,37,44,65476,370,65476,1,0,4,21553,0.0,-0.0,0.0,0.0,0.0,0.0,0.0,0.0,0.0,0.0,0.0,0.0,0.0,0.0,0.0,0.0,0.0,0.0,0.0,0.0,0.0,2.004,0.0,-2.004,0.0,-0.0,0.0,0.0,0.0,0.0,6650.0,-2.4230026042814656e+24,0.0,0.0,-0.0,0.0,107616264.0,0.0,0.0,2.004,2.004,230,-0.0,0.0,0.0,0.0,0.0,0.0,0.0,0.0,0.0,0,0,0,-0.0,0.016,4.008,-4.38156159005438e+31,34260877312.0,-3.6795772350035395e+18,-0.0,-5.884,-142617.047,-1.5270158744430509e+35,-163865232.0,5.448108966815193e+20,0.0,0.187,0.0,-0.0,0,1.3516416376850534e+27,230,0.0,460,-621855232.0,-2.2165387396652623e+20,2112,52429,17109,0,17112,52429,17095,0,0,0,101,100,100,-0.0,66.2,2.7302343157793998e+23,66.6,0.0,66.5,1,49,50,180,52429,52429,0,0,0.0,0.0,0.0,60.0,1.4569443112982872e+24,71.0,0.0,-0.0,0.0,1068,0,1069,0,0,0,1069,0,1080,0,999,0,666,0,667,0,663,0,682,0.032,1.4683608282672803e+22,-0.0,2.730234856211355e+23,8720,16814,352415421300736.0,-0.0,-1.4073806559893258e+18,nan,-0.0,11664.015,50.0,60.0,35,0.0,0.0,10.0,2.0,0.0,0.0,0.0,0.0,0.0,0.0,0.0,0.0,0.0,0.0,0.0,0.0,58.8,52,12,65510,27,65476,0,300,0,0,8,20529,65476,0,0,30147,60.0,0.0,10.0,10.0,2.0,0.0
2026-02-16T12:51:05,ERR,ERR,ERR,ERR,ERR,ERR,ERR,ERR,ERR,ERR,ERR,ERR,ERR,ERR,ERR,ERR,ERR,ERR,ERR,ERR,ERR,ERR,ERR,ERR,ERR,ERR,ERR,ERR,ERR,ERR,ERR,ERR,ERR,ERR,ERR,ERR,ERR,ERR,ERR,ERR,ERR,ERR,ERR,ERR,ERR,ERR,ERR,ERR,ERR,ERR,ERR,ERR,ERR,ERR,ERR,ERR,ERR,ERR,ERR,ERR,ERR,ERR,ERR,ERR,ERR,ERR,ERR,ERR,ERR,ERR,ERR,ERR,ERR,ERR,ERR,ERR,ERR,ERR,ERR,ERR,ERR,ERR,ERR,ERR,ERR,ERR,ERR,ERR,ERR,ERR,ERR,ERR,ERR,ERR,ERR,ERR,ERR,ERR,ERR,ERR,ERR,ERR,ERR,ERR,ERR,ERR,ERR,ERR,ERR,ERR,ERR,ERR,ERR,ERR,ERR,ERR,ERR,ERR,ERR,ERR,ERR,ERR,ERR,ERR,ERR,-107615880.0,-0.0,-108138608.0,0.0,-3.2008056460949376e+29,0.0,-0.0,0.0,4300,0,8,17169,4300,0.0,41,0.0,0.0,0.0,0.0,2.7184166902131945e+23,0,0,0,0,0.0,0,0,0,0,0,0,0,0,0,0,0,0,0,0,0,0,0,0,0,0,0,0,0,0,0,0,0,0,0,0,0,0,0,7,37,37,44,65476,370,65476,1,0,4,21553,0.0,-0.0,0.0,0.0,0.0,0.0,0.0,0.0,0.0,0.0,0.0,0.0,0.0,0.0,0.0,0.0,0.0,0.0,0.0,0.0,0.0,2.004,0.0,-2.004,0.0,-0.0,0.0,0.0,0.0,0.0,6650.0,-2.4230026042814656e+24,0.0,0.0,-0.0,0.0,107616264.0,0.0,0.0,2.004,2.004,230,-0.0,0.0,0.0,0.0,0.0,0.0,0.0,0.0,0.0,0,0,0,-0.0,0.016,4.008,-4.38156159005438e+31,34260877312.0,-3.6795772350035395e+18,-0.0,-5.884,-142617.047,-1.5270158744430509e+35,-163865232.0,5.448108966815193e+20,0.0,0.187,0.0,-0.0,0,1.3516416376850534e+27,230,0.0,460,-621855232.0,-2.2165387396652623e+20,2112,52429,17109,0,17112,52429,17095,0,0,0,101,100,100,-0.0,66.2,2.7302343157793998e+23,66.6,0.0,66.5,1,49,50,180,52429,52429,0,0,0.0,0.0,0.0,60.0,1.4569443112982872e+24,71.0,0.0,-0.0,0.0,1068,0,1069,0,0,0,1069,0,1080,0,999,0,666,0,667,0,663,0,682,0.032,1.4683608282672803e+22,-0.0,2.730234856211355e+23,8720,16814,352415421300736.0,-0.0,-1.4073806559893258e+18,nan,-0.0,11664.015,50.0,60.0,35,0.0,0.0,10.0,2.0,0.0,0.0,0.0,0.0,0.0,0.0,0.0,0.0,0.0,0.0,0.0,0.0,58.8,52,12,65510,27,65476,0,300,0,0,8,20529,65476,0,0,30147,60.0,0.0,10.0,10.0,2.0,0.0
2026-02-16T12:51:06,ERR,ERR,ERR,ERR,ERR,ERR,ERR,ERR,ERR,ERR,ERR,ERR,ERR,ERR,ERR,ERR,ERR,ERR,ERR,ERR,ERR,ERR,ERR,ERR,ERR,ERR,ERR,ERR,ERR,ERR,ERR,ERR,ERR,ERR,ERR,ERR,ERR,ERR,ERR,ERR,ERR,ERR,ERR,ERR,ERR,ERR,ERR,ERR,ERR,ERR,ERR,ERR,ERR,ERR,ERR,ERR,ERR,ERR,ERR,ERR,ERR,ERR,ERR,ERR,ERR,ERR,ERR,ERR,ERR,ERR,ERR,ERR,ERR,ERR,ERR,ERR,ERR,ERR,ERR,ERR,ERR,ERR,ERR,ERR,ERR,ERR,ERR,ERR,ERR,ERR,ERR,ERR,ERR,ERR,ERR,ERR,ERR,ERR,ERR,ERR,ERR,ERR,ERR,ERR,ERR,ERR,ERR,ERR,ERR,ERR,ERR,ERR,ERR,ERR,ERR,ERR,ERR,ERR,ERR,ERR,ERR,ERR,ERR,ERR,ERR,-107615880.0,-0.0,-108138608.0,0.0,-3.2008056460949376e+29,0.0,-0.0,0.0,4300,0,8,17169,4300,0.0,41,0.0,0.0,0.0,0.0,2.7184166902131945e+23,0,0,0,0,0.0,0,0,0,0,0,0,0,0,0,0,0,0,0,0,0,0,0,0,0,0,0,0,0,0,0,0,0,0,0,0,0,0,0,7,37,37,44,65476,370,65476,1,0,4,21553,0.0,-0.0,0.0,0.0,0.0,0.0,0.0,0.0,0.0,0.0,0.0,0.0,0.0,0.0,0.0,0.0,0.0,0.0,0.0,0.0,0.0,2.004,0.0,-2.004,0.0,-0.0,0.0,0.0,0.0,0.0,6650.0,-2.4230026042814656e+24,0.0,0.0,-0.0,0.0,107616264.0,0.0,0.0,2.004,2.004,230,-0.0,0.0,0.0,0.0,0.0,0.0,0.0,0.0,0.0,0,0,0,-0.0,0.016,4.008,-4.38156159005438e+31,34260877312.0,-3.6795772350035395e+18,-0.0,-5.884,-142617.047,-1.5270158744430509e+35,-163865232.0,5.448108966815193e+20,0.0,0.187,0.0,-0.0,0,1.3516416376850534e+27,230,0.0,460,-621855232.0,-2.2165387396652623e+20,2112,52429,17109,0,17112,52429,17095,0,0,0,101,100,100,-0.0,66.2,2.7302343157793998e+23,66.6,0.0,66.5,1,49,50,180,52429,52429,0,0,0.0,0.0,0.0,60.0,730899328.0,71.0,0.0,-0.0,0.0,1069,0,1069,0,0,0,1069,0,1080,0,999,0,666,0,667,0,663,0,682,0.032,1.4536034330083127e+22,-0.0,2.730234856211355e+23,12176,16814,11494018252800.0,-0.0,-58068134002688.0,0.0,-0.0,1.502,50.0,60.0,35,0.0,0.0,10.0,2.0,0.0,0.0,0.0,0.0,0.0,0.0,0.0,0.0,0.0,0.0,0.0,0.0,58.8,52,12,65510,27,65476,0,300,0,0,8,20529,65476,0,0,30147,60.0,0.0,10.0,10.0,2.0,0.0
2026-02-16T12:51:07,ERR,ERR,ERR,ERR,ERR,ERR,ERR,ERR,ERR,ERR,ERR,ERR,ERR,ERR,ERR,ERR,ERR,ERR,ERR,ERR,ERR,ERR,ERR,ERR,ERR,ERR,ERR,ERR,ERR,ERR,ERR,ERR,ERR,ERR,ERR,ERR,ERR,ERR,ERR,ERR,ERR,ERR,ERR,ERR,ERR,ERR,ERR,ERR,ERR,ERR,ERR,ERR,ERR,ERR,ERR,ERR,ERR,ERR,ERR,ERR,ERR,ERR,ERR,ERR,ERR,ERR,ERR,ERR,ERR,ERR,ERR,ERR,ERR,ERR,ERR,ERR,ERR,ERR,ERR,ERR,ERR,ERR,ERR,ERR,ERR,ERR,ERR,ERR,ERR,ERR,ERR,ERR,ERR,ERR,ERR,ERR,ERR,ERR,ERR,ERR,ERR,ERR,ERR,ERR,ERR,ERR,ERR,ERR,ERR,ERR,ERR,ERR,ERR,ERR,ERR,ERR,ERR,ERR,ERR,ERR,ERR,ERR,ERR,ERR,ERR,-107615880.0,-0.0,-108138608.0,0.0,-3.2008056460949376e+29,0.0,-0.0,0.0,4300,0,8,17169,4300,0.0,41,0.0,0.0,0.0,0.0,2.7184166902131945e+23,0,0,0,0,0.0,0,0,0,0,0,0,0,0,0,0,0,0,0,0,0,0,0,0,0,0,0,0,0,0,0,0,0,0,0,0,0,0,0,7,37,37,44,65476,370,65476,1,0,4,21553,0.0,-0.0,0.0,0.0,0.0,0.0,0.0,0.0,0.0,0.0,0.0,0.0,0.0,0.0,0.0,0.0,0.0,0.0,0.0,0.0,0.0,2.004,0.0,-2.004,0.0,-0.0,0.0,0.0,0.0,0.0,6650.0,-2.4230026042814656e+24,0.0,0.0,-0.0,0.0,107616264.0,0.0,0.0,2.004,2.004,230,-0.0,0.0,0.0,0.0,0.0,0.0,0.0,0.0,0.0,0,0,0,-0.0,0.016,4.008,-4.38156159005438e+31,34260877312.0,-3.6795772350035395e+18,-0.0,-5.884,-142617.047,-1.5270158744430509e+35,-163865232.0,5.448108966815193e+20,0.0,0.187,0.0,-0.0,0,1.3516416376850534e+27,230,0.0,460,-621855232.0,-2.2165387396652623e+20,2112,52429,17109,0,17112,52429,17095,0,0,0,101,100,100,-0.0,66.2,2.7302343157793998e+23,66.6,0.0,66.5,1,49,50,180,52429,52429,0,0,0.0,0.0,0.0,60.0,730899328.0,71.0,0.0,-0.0,0.0,1069,0,1069,0,0,0,1069,0,1080,0,999,0,666,0,667,0,663,0,682,0.032,1.4536034330083127e+22,-0.0,2.730234856211355e+23,12176,16814,11494018252800.0,-0.0,-58068134002688.0,0.0,-0.0,1.502,50.0,60.0,35,0.0,0.0,10.0,2.0,0.0,0.0,0.0,0.0,0.0,0.0,0.0,0.0,0.0,0.0,0.0,0.0,58.8,52,12,65510,27,65476,0,300,0,0,8,20529,65476,0,0,30147,60.0,0.0,10.0,10.0,2.0,0.0
2026-02-16T12:51:08,ERR,ERR,ERR,ERR,ERR,ERR,ERR,ERR,ERR,ERR,ERR,ERR,ERR,ERR,ERR,ERR,ERR,ERR,ERR,ERR,ERR,ERR,ERR,ERR,ERR,ERR,ERR,ERR,ERR,ERR,ERR,ERR,ERR,ERR,ERR,ERR,ERR,ERR,ERR,ERR,ERR,ERR,ERR,ERR,ERR,ERR,ERR,ERR,ERR,ERR,ERR,ERR,ERR,ERR,ERR,ERR,ERR,ERR,ERR,ERR,ERR,ERR,ERR,ERR,ERR,ERR,ERR,ERR,ERR,ERR,ERR,ERR,ERR,ERR,ERR,ERR,ERR,ERR,ERR,ERR,ERR,ERR,ERR,ERR,ERR,ERR,ERR,ERR,ERR,ERR,ERR,ERR,ERR,ERR,ERR,ERR,ERR,ERR,ERR,ERR,ERR,ERR,ERR,ERR,ERR,ERR,ERR,ERR,ERR,ERR,ERR,ERR,ERR,ERR,ERR,ERR,ERR,ERR,ERR,ERR,ERR,ERR,ERR,ERR,ERR,0.0,-0.0,2.7420187948523476e+23,0.0,-0.0,-4.7460578668678113e+24,0.0,0.0,4300,0,8,17169,4300,0.0,41,0.0,0.0,0.0,0.0,2.7184166902131945e+23,0,0,0,0,0.0,0,0,0,0,0,0,0,0,0,0,0,0,0,0,0,0,0,0,0,0,0,0,0,0,0,0,0,0,0,0,0,0,0,7,37,37,44,65476,369,65476,1,0,4,21553,0.0,0.0,0.0,0.0,0.0,0.0,0.0,0.0,0.0,0.0,0.0,0.0,0.0,0.0,-2.600982585120823e+33,0.0,0.0,0.0,0.0,0.0,0.0,2.004,0.0,-2.004,0.0,-0.0,0.0,0.0,0.0,0.0,6653.0,-1.5879389867419013e+29,0.0,0.0,-0.0,0.0,107616264.0,0.0,0.0,2.004,2.004,229,-152017280434176.0,0.0,0.0,0.0,0.0,0.0,0.0,0.0,0.0,0,0,0,-0.0,-65089.898,25121.719,-0.0,10956423168.0,-0.0,4.1595219490319355e+36,1.616829521603256e+38,5.035604288577271e+33,-1.6049003273210733e+35,-177496720.0,5.747868558012973e+20,0.0,0.199,0.0,-0.0,0,1.3516416376850534e+27,229,0.0,458,0.0,0.0,2112,52429,17109,0,17112,52429,17095,0,0,0,101,100,100,-0.0,66.2,2.7302343157793998e+23,66.6,0.0,66.5,1,49,50,180,52429,52429,0,0,0.0,0.0,0.0,60.0,730899328.0,71.0,0.0,-0.0,0.0,1069,0,1069,0,0,0,1069,0,1080,0,999,0,666,0,667,0,663,0,682,0.032,1.4536034330083127e+22,-0.0,2.730234856211355e+23,12176,16814,11494018252800.0,-0.0,-58068134002688.0,0.0,-0.0,1.502,50.0,60.0,35,0.0,0.0,10.0,2.0,0.0,0.0,0.0,0.0,0.0,0.0,0.0,0.0,0.0,0.0,0.0,0.0,58.8,52,12,65510,27,65476,0,300,0,0,8,20529,65476,0,0,30147,60.0,0.0,10.0,10.0,2.0,0.0
2026-02-16T12:51:09,ERR,ERR,ERR,ERR,ERR,ERR,ERR,ERR,ERR,ERR,ERR,ERR,ERR,ERR,ERR,ERR,ERR,ERR,ERR,ERR,ERR,ERR,ERR,ERR,ERR,ERR,ERR,ERR,ERR,ERR,ERR,ERR,ERR,ERR,ERR,ERR,ERR,ERR,ERR,ERR,ERR,ERR,ERR,ERR,ERR,ERR,ERR,ERR,ERR,ERR,ERR,ERR,ERR,ERR,ERR,ERR,ERR,ERR,ERR,ERR,ERR,ERR,ERR,ERR,ERR,ERR,ERR,ERR,ERR,ERR,ERR,ERR,ERR,ERR,ERR,ERR,ERR,ERR,ERR,ERR,ERR,ERR,ERR,ERR,ERR,ERR,ERR,ERR,ERR,ERR,ERR,ERR,ERR,ERR,ERR,ERR,ERR,ERR,ERR,ERR,ERR,ERR,ERR,ERR,ERR,ERR,ERR,ERR,ERR,ERR,ERR,ERR,ERR,ERR,ERR,ERR,ERR,ERR,ERR,ERR,ERR,ERR,ERR,ERR,ERR,0.0,-0.0,2.7420187948523476e+23,0.0,-0.0,-4.7460578668678113e+24,0.0,0.0,4300,0,8,17169,4300,0.0,41,0.0,0.0,0.0,0.0,2.7184166902131945e+23,0,0,0,0,0.0,0,0,0,0,0,0,0,0,0,0,0,0,0,0,0,0,0,0,0,0,0,0,0,0,0,0,0,0,0,0,0,0,0,7,37,37,44,65476,369,65476,1,0,4,21553,0.0,0.0,0.0,0.0,0.0,0.0,0.0,0.0,0.0,0.0,0.0,0.0,0.0,0.0,-2.600982585120823e+33,0.0,0.0,0.0,0.0,0.0,0.0,2.004,0.0,-2.004,0.0,-0.0,0.0,0.0,0.0,0.0,6653.0,-1.5879389867419013e+29,0.0,0.0,-0.0,0.0,107616264.0,0.0,0.0,2.004,2.004,229,-152017280434176.0,0.0,0.0,0.0,0.0,0.0,0.0,0.0,0.0,0,0,0,-0.0,-65089.898,25121.719,-0.0,10956423168.0,-0.0,4.1595219490319355e+36,1.616829521603256e+38,5.035604288577271e+33,-1.6049003273210733e+35,-177496720.0,5.747868558012973e+20,0.0,0.199,0.0,-0.0,0,1.3516416376850534e+27,229,0.0,458,0.0,0.0,2112,52429,17109,0,17112,52429,17095,0,0,0,101,100,100,-0.0,66.2,2.7302343157793998e+23,66.6,0.0,66.5,1,49,50,180,52429,52429,0,0,0.0,0.0,0.0,60.0,6.4418975659550055e+22,71.0,0.0,1.680781973792804e+19,0.0,1069,0,1069,0,0,0,1069,0,1080,0,999,0,666,0,667,0,663,0,682,0.032,1.4536034330083127e+22,-0.0,2.730234856211355e+23,8592,16814,6.4418975659550055e+22,1.680781973792804e+19,-81536.328,0.0,-0.0,0.0,50.0,60.0,35,0.0,0.0,10.0,2.0,0.0,0.0,0.0,0.0,0.0,0.0,0.0,0.0,0.0,0.0,0.0,0.0,59.2,52,12,65510,27,65476,0,65476,0,0,2,20529,65476,0,0,30147,60.0,0.0,10.0,10.0,2.0,0.0
2026-02-16T12:51:10,ERR,ERR,ERR,ERR,ERR,ERR,ERR,ERR,ERR,ERR,ERR,ERR,ERR,ERR,ERR,ERR,ERR,ERR,ERR,ERR,ERR,ERR,ERR,ERR,ERR,ERR,ERR,ERR,ERR,ERR,ERR,ERR,ERR,ERR,ERR,ERR,ERR,ERR,ERR,ERR,ERR,ERR,ERR,ERR,ERR,ERR,ERR,ERR,ERR,ERR,ERR,ERR,ERR,ERR,ERR,ERR,ERR,ERR,ERR,ERR,ERR,ERR,ERR,ERR,ERR,ERR,ERR,ERR,ERR,ERR,ERR,ERR,ERR,ERR,ERR,ERR,ERR,ERR,ERR,ERR,ERR,ERR,ERR,ERR,ERR,ERR,ERR,ERR,ERR,ERR,ERR,ERR,ERR,ERR,ERR,ERR,ERR,ERR,ERR,ERR,ERR,ERR,ERR,ERR,ERR,ERR,ERR,ERR,ERR,ERR,ERR,ERR,ERR,ERR,ERR,ERR,ERR,ERR,ERR,ERR,ERR,ERR,ERR,ERR,ERR,0.0,-0.0,2.7420187948523476e+23,0.0,-0.0,-4.7460578668678113e+24,0.0,0.0,4300,0,8,17169,4300,0.0,41,0.0,0.0,0.0,0.0,2.7184166902131945e+23,0,0,0,0,0.0,0,0,0,0,0,0,0,0,0,0,0,0,0,0,0,0,0,0,0,0,0,0,0,0,0,0,0,0,0,0,0,0,0,7,37,37,44,65476,369,65476,1,0,4,21553,0.0,0.0,0.0,0.0,0.0,0.0,0.0,0.0,0.0,0.0,0.0,0.0,0.0,0.0,-2.600982585120823e+33,0.0,0.0,0.0,0.0,0.0,0.0,2.004,0.0,-2.004,0.0,-0.0,0.0,0.0,0.0,0.0,6653.0,-1.5879389867419013e+29,0.0,0.0,-0.0,0.0,107616264.0,0.0,0.0,2.004,2.004,229,-152017280434176.0,0.0,0.0,0.0,0.0,0.0,0.0,0.0,0.0,0,0,0,-0.0,-65089.898,25121.719,-0.0,10956423168.0,-0.0,4.1595219490319355e+36,1.616829521603256e+38,5.035604288577271e+33,-1.6049003273210733e+35,-177496720.0,5.747868558012973e+20,0.0,0.199,0.0,-0.0,0,1.3516416376850534e+27,229,0.0,458,0.0,0.0,2112,52429,17109,0,17112,52429,17095,0,0,0,101,100,100,-0.0,66.2,2.7302343157793998e+23,66.6,0.0,66.5,1,49,50,180,52429,52429,0,0,0.0,0.0,0.0,60.0,6.4418975659550055e+22,71.0,0.0,1.680781973792804e+19,0.0,1069,0,1069,0,0,0,1069,0,1080,0,999,0,666,0,667,0,663,0,682,0.032,1.4536034330083127e+22,-0.0,2.730234856211355e+23,8592,16814,6.4418975659550055e+22,1.680781973792804e+19,-81536.328,0.0,-0.0,0.0,50.0,60.0,35,0.0,0.0,10.0,2.0,0.0,0.0,0.0,0.0,0.0,0.0,0.0,0.0,0.0,0.0,0.0,0.0,59.2,52,12,65510,27,65476,0,65476,0,0,2,20529,65476,0,0,30147,60.0,0.0,10.0,10.0,2.0,0.0
2026-02-16T12:51:11,ERR,ERR,ERR,ERR,ERR,ERR,ERR,ERR,ERR,ERR,ERR,ERR,ERR,ERR,ERR,ERR,ERR,ERR,ERR,ERR,ERR,ERR,ERR,ERR,ERR,ERR,ERR,ERR,ERR,ERR,ERR,ERR,ERR,ERR,ERR,ERR,ERR,ERR,ERR,ERR,ERR,ERR,ERR,ERR,ERR,ERR,ERR,ERR,ERR,ERR,ERR,ERR,ERR,ERR,ERR,ERR,ERR,ERR,ERR,ERR,ERR,ERR,ERR,ERR,ERR,ERR,ERR,ERR,ERR,ERR,ERR,ERR,ERR,ERR,ERR,ERR,ERR,ERR,ERR,ERR,ERR,ERR,ERR,ERR,ERR,ERR,ERR,ERR,ERR,ERR,ERR,ERR,ERR,ERR,ERR,ERR,ERR,ERR,ERR,ERR,ERR,ERR,ERR,ERR,ERR,ERR,ERR,ERR,ERR,ERR,ERR,ERR,ERR,ERR,ERR,ERR,ERR,ERR,ERR,ERR,ERR,ERR,ERR,ERR,ERR,0.0,-0.0,2.7420187948523476e+23,0.0,-0.0,-4.7460578668678113e+24,0.0,0.0,4300,0,8,17169,4300,0.0,41,0.0,0.0,0.0,0.0,2.7184166902131945e+23,0,0,0,0,0.0,0,0,0,0,0,0,0,0,0,0,0,0,0,0,0,0,0,0,0,0,0,0,0,0,0,0,0,0,0,0,0,0,0,7,37,37,44,65476,369,65476,1,0,4,21553,0.0,0.0,0.0,0.0,0.0,0.0,0.0,0.0,0.0,0.0,0.0,0.0,0.0,0.0,-2.600982585120823e+33,0.0,0.0,0.0,0.0,0.0,0.0,2.004,0.0,-2.004,0.0,-0.0,0.0,0.0,0.0,0.0,6653.0,-1.5879389867419013e+29,0.0,0.0,-0.0,0.0,107616264.0,0.0,0.0,2.004,2.004,229,-152017280434176.0,0.0,0.0,0.0,0.0,0.0,0.0,0.0,0.0,0,0,0,-0.0,-65089.898,25121.719,-0.0,10956423168.0,-0.0,4.1595219490319355e+36,1.616829521603256e+38,5.035604288577271e+33,-1.6049003273210733e+35,-177496720.0,5.747868558012973e+20,0.0,0.199,0.0,-0.0,0,1.3516416376850534e+27,229,0.0,458,0.0,0.0,2112,52429,17109,0,17112,52429,17095,0,0,0,101,100,100,-0.0,66.2,2.7302343157793998e+23,66.6,0.0,66.5,1,49,50,180,52429,52429,0,0,0.0,0.0,0.0,60.0,6.4418975659550055e+22,71.0,0.0,1.680781973792804e+19,0.0,1069,0,1069,0,0,0,1069,0,1080,0,999,0,666,0,667,0,663,0,682,0.032,1.4536034330083127e+22,-0.0,2.730234856211355e+23,8592,16814,6.4418975659550055e+22,1.680781973792804e+19,-81536.328,0.0,-0.0,0.0,50.0,60.0,35,0.0,0.0,10.0,2.0,0.0,0.0,0.0,0.0,0.0,0.0,0.0,0.0,0.0,0.0,0.0,0.0,58.8,52,12,65510,27,65476,0,300,1,0,8,20529,65476,0,0,30147,60.0,0.0,10.0,10.0,2.0,0.0
2026-02-16T12:51:12,ERR,ERR,ERR,ERR,ERR,ERR,ERR,ERR,ERR,ERR,ERR,ERR,ERR,ERR,ERR,ERR,ERR,ERR,ERR,ERR,ERR,ERR,ERR,ERR,ERR,ERR,ERR,ERR,ERR,ERR,ERR,ERR,ERR,ERR,ERR,ERR,ERR,ERR,ERR,ERR,ERR,ERR,ERR,ERR,ERR,ERR,ERR,ERR,ERR,ERR,ERR,ERR,ERR,ERR,ERR,ERR,ERR,ERR,ERR,ERR,ERR,ERR,ERR,ERR,ERR,ERR,ERR,ERR,ERR,ERR,ERR,ERR,ERR,ERR,ERR,ERR,ERR,ERR,ERR,ERR,ERR,ERR,ERR,ERR,ERR,ERR,ERR,ERR,ERR,ERR,ERR,ERR,ERR,ERR,ERR,ERR,ERR,ERR,ERR,ERR,ERR,ERR,ERR,ERR,ERR,ERR,ERR,ERR,ERR,ERR,ERR,ERR,ERR,ERR,ERR,ERR,ERR,ERR,ERR,ERR,ERR,ERR,ERR,ERR,ERR,0.0,-0.0,2.7420187948523476e+23,0.0,-0.0,-4.7460578668678113e+24,0.0,0.0,4300,0,8,17169,4300,0.0,41,0.0,0.0,0.0,0.0,2.7184166902131945e+23,0,0,0,0,0.0,0,0,0,0,0,0,0,0,0,0,0,0,0,0,0,0,0,0,0,0,0,0,0,0,0,0,0,0,0,0,0,0,0,7,37,37,44,65476,369,65476,1,0,4,21553,0.0,0.0,0.0,0.0,0.0,0.0,0.0,0.0,0.0,0.0,0.0,0.0,0.0,0.0,-2.600982585120823e+33,0.0,0.0,0.0,0.0,0.0,0.0,2.004,0.0,-2.004,0.0,-0.0,0.0,0.0,0.0,0.0,6653.0,-1.5879389867419013e+29,0.0,0.0,-0.0,0.0,107616264.0,0.0,0.0,2.004,2.004,229,-152017280434176.0,0.0,0.0,0.0,0.0,0.0,0.0,0.0,0.0,0,0,0,-0.0,-65089.898,25121.719,-0.0,10956423168.0,-0.0,4.1595219490319355e+36,1.616829521603256e+38,5.035604288577271e+33,-1.6049003273210733e+35,-177496720.0,5.747868558012973e+20,0.0,0.199,0.0,-0.0,0,1.3516416376850534e+27,229,0.0,458,0.0,0.0,2112,52429,17109,0,17112,52429,17095,0,0,0,101,100,100,-0.0,66.2,2.7302343157793998e+23,66.6,0.0,66.5,1,49,50,180,52429,52429,0,0,0.0,0.0,0.0,60.0,969974656.0,71.0,0.0,0.0,0.0,1069,0,1069,0,0,0,1069,0,1080,0,999,0,666,0,667,0,663,0,681,0.032,1.4536034330083127e+22,2.004,0.0,10640,16814,1691136661913600.0,0.0,1.2783640930876807e+22,0.0,0.0,-4.96477438647835e+19,50.0,60.0,35,0.0,0.0,10.0,2.0,0.0,0.0,0.0,0.0,0.0,0.0,0.0,0.0,0.0,0.0,0.0,0.0,58.8,52,12,65510,27,65476,0,300,1,0,8,20529,65476,0,0,30147,60.0,0.0,10.0,10.0,2.0,0.0
2026-02-16T12:51:13,ERR,ERR,ERR,ERR,ERR,ERR,ERR,ERR,ERR,ERR,ERR,ERR,ERR,ERR,ERR,ERR,ERR,ERR,ERR,ERR,ERR,ERR,ERR,ERR,ERR,ERR,ERR,ERR,ERR,ERR,ERR,ERR,ERR,ERR,ERR,ERR,ERR,ERR,ERR,ERR,ERR,ERR,ERR,ERR,ERR,ERR,ERR,ERR,ERR,ERR,ERR,ERR,ERR,ERR,ERR,ERR,ERR,ERR,ERR,ERR,ERR,ERR,ERR,ERR,ERR,ERR,ERR,ERR,ERR,ERR,ERR,ERR,ERR,ERR,ERR,ERR,ERR,ERR,ERR,ERR,ERR,ERR,ERR,ERR,ERR,ERR,ERR,ERR,ERR,ERR,ERR,ERR,ERR,ERR,ERR,ERR,ERR,ERR,ERR,ERR,ERR,ERR,ERR,ERR,ERR,ERR,ERR,ERR,ERR,ERR,ERR,ERR,ERR,ERR,ERR,ERR,ERR,ERR,ERR,ERR,ERR,ERR,ERR,ERR,ERR,0.0,-0.0,2.7420187948523476e+23,0.0,-0.0,-18287730688.0,-4.550923033744399e+27,0.0,4300,0,8,17169,4300,0.0,41,0.0,0.0,0.0,0.0,0.0,0,0,0,0,0.0,0,0,0,0,0,0,0,0,0,0,0,0,0,0,0,0,0,0,0,0,0,0,0,0,0,0,0,0,0,0,0,0,0,7,37,37,44,65476,367,65476,1,0,4,21553,0.0,0.0,0.0,0.0,0.0,0.0,0.0,0.0,0.0,0.0,0.0,0.0,0.0,0.0,0.0,0.0,0.0,0.0,0.0,0.0,0.0,2.004,0.0,-2.004,0.0,-2.004,0.0,0.0,0.0,0.0,6624.0,-2.4230026042814656e+24,0.0,0.0,-0.0,0.0,2.7184507374263774e+23,-0.0,0.0,2.004,2.004,229,-4.9504015179484054e+32,0.0,0.0,0.0,0.0,0.0,0.0,0.0,0.0,0,0,0,-0.0,-398589306077184.0,0.0,0.0,0.0,-0.033,9873.517,-2.0220402119276427e+23,-0.0,-1.7170153078133836e+35,-190079632.0,6.100064474465902e+20,0.0,0.208,0.0,94334.484,0,1.3516416376850534e+27,229,0.0,458,2.3398240911695988e+30,0.0,2112,52429,17109,0,17112,52429,17095,0,0,0,101,100,100,-0.0,66.2,2.7302343157793998e+23,66.6,0.0,66.5,1,49,50,180,52429,52429,0,0,0.0,0.0,0.0,60.0,969974656.0,71.0,0.0,0.0,0.0,1069,0,1069,0,0,0,1069,0,1080,0,999,0,666,0,667,0,663,0,681,0.032,1.4536034330083127e+22,2.004,0.0,10640,16814,1691136661913600.0,0.0,1.2783640930876807e+22,0.0,0.0,-4.96477438647835e+19,50.0,60.0,35,0.0,0.0,10.0,2.0,0.0,0.0,0.0,0.0,0.0,0.0,0.0,0.0,0.0,0.0,0.0,0.0,58.8,52,12,65510,27,65476,0,65476,0,0,2,20529,65476,0,0,30147,60.0,0.0,10.0,10.0,2.0,0.0
2026-02-16T12:51:14,ERR,ERR,ERR,ERR,ERR,ERR,ERR,ERR,ERR,ERR,ERR,ERR,ERR,ERR,ERR,ERR,ERR,ERR,ERR,ERR,ERR,ERR,ERR,ERR,ERR,ERR,ERR,ERR,ERR,ERR,ERR,ERR,ERR,ERR,ERR,ERR,ERR,ERR,ERR,ERR,ERR,ERR,ERR,ERR,ERR,ERR,ERR,ERR,ERR,ERR,ERR,ERR,ERR,ERR,ERR,ERR,ERR,ERR,ERR,ERR,ERR,ERR,ERR,ERR,ERR,ERR,ERR,ERR,ERR,ERR,ERR,ERR,ERR,ERR,ERR,ERR,ERR,ERR,ERR,ERR,ERR,ERR,ERR,ERR,ERR,ERR,ERR,ERR,ERR,ERR,ERR,ERR,ERR,ERR,ERR,ERR,ERR,ERR,ERR,ERR,ERR,ERR,ERR,ERR,ERR,ERR,ERR,ERR,ERR,ERR,ERR,ERR,ERR,ERR,ERR,ERR,ERR,ERR,ERR,ERR,ERR,ERR,ERR,ERR,ERR,0.0,-0.0,2.7420187948523476e+23,0.0,-0.0,-18287730688.0,-4.550923033744399e+27,0.0,4300,0,8,17169,4300,0.0,41,0.0,0.0,0.0,0.0,0.0,0,0,0,0,0.0,0,0,0,0,0,0,0,0,0,0,0,0,0,0,0,0,0,0,0,0,0,0,0,0,0,0,0,0,0,0,0,0,0,7,37,37,44,65476,367,65476,1,0,4,21553,0.0,0.0,0.0,0.0,0.0,0.0,0.0,0.0,0.0,0.0,0.0,0.0,0.0,0.0,0.0,0.0,0.0,0.0,0.0,0.0,0.0,2.004,0.0,-2.004,0.0,-2.004,0.0,0.0,0.0,0.0,6624.0,-2.4230026042814656e+24,0.0,0.0,-0.0,0.0,2.7184507374263774e+23,-0.0,0.0,2.004,2.004,229,-4.9504015179484054e+32,0.0,0.0,0.0,0.0,0.0,0.0,0.0,0.0,0,0,0,-0.0,-398589306077184.0,0.0,0.0,0.0,-0.033,9873.517,-2.0220402119276427e+23,-0.0,-1.7170153078133836e+35,-190079632.0,6.100064474465902e+20,0.0,0.208,0.0,94334.484,0,1.3516416376850534e+27,229,0.0,458,2.3398240911695988e+30,0.0,2112,52429,17109,0,17112,52429,17095,0,0,0,101,100,100,-0.0,66.2,2.7302343157793998e+23,66.6,0.0,66.5,1,49,50,180,52429,52429,0,0,0.0,0.0,0.0,60.0,969974656.0,71.0,0.0,0.0,0.0,1069,0,1069,0,0,0,1069,0,1080,0,999,0,666,0,667,0,663,0,681,0.032,1.4536034330083127e+22,2.004,0.0,10640,16814,1691136661913600.0,0.0,1.2783640930876807e+22,0.0,0.0,-4.96477438647835e+19,50.0,60.0,35,0.0,0.0,10.0,2.0,0.0,0.0,0.0,0.0,0.0,0.0,0.0,0.0,0.0,0.0,0.0,0.0,58.8,52,12,65510,27,65476,0,65476,1,0,4,20529,65476,0,0,30147,60.0,0.0,10.0,10.0,2.0,0.0
2026-02-16T12:51:15,ERR,ERR,ERR,ERR,ERR,ERR,ERR,ERR,ERR,ERR,ERR,ERR,ERR,ERR,ERR,ERR,ERR,ERR,ERR,ERR,ERR,ERR,ERR,ERR,ERR,ERR,ERR,ERR,ERR,ERR,ERR,ERR,ERR,ERR,ERR,ERR,ERR,ERR,ERR,ERR,ERR,ERR,ERR,ERR,ERR,ERR,ERR,ERR,ERR,ERR,ERR,ERR,ERR,ERR,ERR,ERR,ERR,ERR,ERR,ERR,ERR,ERR,ERR,ERR,ERR,ERR,ERR,ERR,ERR,ERR,ERR,ERR,ERR,ERR,ERR,ERR,ERR,ERR,ERR,ERR,ERR,ERR,ERR,ERR,ERR,ERR,ERR,ERR,ERR,ERR,ERR,ERR,ERR,ERR,ERR,ERR,ERR,ERR,ERR,ERR,ERR,ERR,ERR,ERR,ERR,ERR,ERR,ERR,ERR,ERR,ERR,ERR,ERR,ERR,ERR,ERR,ERR,ERR,ERR,ERR,ERR,ERR,ERR,ERR,ERR,0.0,-0.0,2.7420187948523476e+23,0.0,-0.0,-18287730688.0,-4.550923033744399e+27,0.0,4300,0,8,17169,4300,0.0,41,0.0,0.0,0.0,0.0,0.0,0,0,0,0,0.0,0,0,0,0,0,0,0,0,0,0,0,0,0,0,0,0,0,0,0,0,0,0,0,0,0,0,0,0,0,0,0,0,0,7,37,37,44,65476,367,65476,1,0,4,21553,0.0,0.0,0.0,0.0,0.0,0.0,0.0,0.0,0.0,0.0,0.0,0.0,0.0,0.0,0.0,0.0,0.0,0.0,0.0,0.0,0.0,2.004,0.0,-2.004,0.0,-2.004,0.0,0.0,0.0,0.0,6624.0,-2.4230026042814656e+24,0.0,0.0,-0.0,0.0,2.7184507374263774e+23,-0.0,0.0,2.004,2.004,229,-4.9504015179484054e+32,0.0,0.0,0.0,0.0,0.0,0.0,0.0,0.0,0,0,0,-0.0,-398589306077184.0,0.0,0.0,0.0,-0.033,9873.517,-2.0220402119276427e+23,-0.0,-1.7170153078133836e+35,-190079632.0,6.100064474465902e+20,0.0,0.208,0.0,94334.484,0,1.3516416376850534e+27,229,0.0,458,2.3398240911695988e+30,0.0,2112,52429,17109,0,17112,52429,17095,0,0,0,101,100,100,-0.0,66.2,2.7302343157793998e+23,66.6,0.0,66.5,1,49,50,180,52429,52429,0,0,0.0,0.0,0.0,60.0,969974656.0,71.0,0.0,0.0,0.0,1069,0,1069,0,0,0,1069,0,1080,0,999,0,666,0,667,0,663,0,681,0.032,1.4536034330083127e+22,2.004,0.0,10640,16814,1691136661913600.0,0.0,1.2783640930876807e+22,0.0,0.0,-4.96477438647835e+19,50.0,60.0,35,0.0,0.0,10.0,2.0,0.0,0.0,0.0,0.0,0.0,0.0,0.0,0.0,0.0,0.0,0.0,0.0,58.8,52,12,65510,27,65476,0,65476,1,0,4,20529,65476,0,0,30147,60.0,0.0,10.0,10.0,2.0,0.0
2026-02-16T12:51:16,ERR,ERR,ERR,ERR,ERR,ERR,ERR,ERR,ERR,ERR,ERR,ERR,ERR,ERR,ERR,ERR,ERR,ERR,ERR,ERR,ERR,ERR,ERR,ERR,ERR,ERR,ERR,ERR,ERR,ERR,ERR,ERR,ERR,ERR,ERR,ERR,ERR,ERR,ERR,ERR,ERR,ERR,ERR,ERR,ERR,ERR,ERR,ERR,ERR,ERR,ERR,ERR,ERR,ERR,ERR,ERR,ERR,ERR,ERR,ERR,ERR,ERR,ERR,ERR,ERR,ERR,ERR,ERR,ERR,ERR,ERR,ERR,ERR,ERR,ERR,ERR,ERR,ERR,ERR,ERR,ERR,ERR,ERR,ERR,ERR,ERR,ERR,ERR,ERR,ERR,ERR,ERR,ERR,ERR,ERR,ERR,ERR,ERR,ERR,ERR,ERR,ERR,ERR,ERR,ERR,ERR,ERR,ERR,ERR,ERR,ERR,ERR,ERR,ERR,ERR,ERR,ERR,ERR,ERR,ERR,ERR,ERR,ERR,ERR,ERR,0.0,-0.0,2.7420187948523476e+23,0.0,-0.0,-18287730688.0,-4.550923033744399e+27,0.0,4300,0,8,17169,4300,0.0,41,0.0,0.0,0.0,0.0,0.0,0,0,0,0,0.0,0,0,0,0,0,0,0,0,0,0,0,0,0,0,0,0,0,0,0,0,0,0,0,0,0,0,0,0,0,0,0,0,0,7,37,37,44,65476,367,65476,1,0,4,21553,0.0,0.0,0.0,0.0,0.0,0.0,0.0,0.0,0.0,0.0,0.0,0.0,0.0,0.0,0.0,0.0,0.0,0.0,0.0,0.0,0.0,2.004,0.0,-2.004,0.0,-2.004,0.0,0.0,0.0,0.0,6624.0,-2.4230026042814656e+24,0.0,0.0,-0.0,0.0,2.7184507374263774e+23,-0.0,0.0,2.004,2.004,229,-4.9504015179484054e+32,0.0,0.0,0.0,0.0,0.0,0.0,0.0,0.0,0,0,0,-0.0,-398589306077184.0,0.0,0.0,0.0,-0.033,9873.517,-2.0220402119276427e+23,-0.0,-1.7170153078133836e+35,-190079632.0,6.100064474465902e+20,0.0,0.208,0.0,94334.484,0,1.3516416376850534e+27,229,0.0,458,2.3398240911695988e+30,0.0,2112,52429,17109,0,17112,52429,17095,0,0,0,101,100,100,-0.0,66.2,2.7302343157793998e+23,66.6,0.0,66.5,1,49,50,180,52429,52429,0,0,0.0,0.0,0.0,60.0,8397331456.0,71.0,0.0,0.0,0.0,1069,0,1069,0,0,0,1069,0,1080,0,999,0,666,0,667,0,663,0,681,0.032,1.4609821306377965e+22,2.004,0.0,3472,16814,5128.319,0.0,0.0,-0.0,-4.676718172968478e+19,-0.0,50.0,60.0,35,0.0,0.0,10.0,2.0,0.0,0.0,0.0,0.0,0.0,0.0,0.0,0.0,0.0,0.0,0.0,0.0,58.8,52,12,65510,27,65476,0,65476,1,0,4,20529,65476,0,0,30147,60.0,0.0,10.0,10.0,2.0,0.0
2026-02-16T12:51:17,ERR,ERR,ERR,ERR,ERR,ERR,ERR,ERR,ERR,ERR,ERR,ERR,ERR,ERR,ERR,ERR,ERR,ERR,ERR,ERR,ERR,ERR,ERR,ERR,ERR,ERR,ERR,ERR,ERR,ERR,ERR,ERR,ERR,ERR,ERR,ERR,ERR,ERR,ERR,ERR,ERR,ERR,ERR,ERR,ERR,ERR,ERR,ERR,ERR,ERR,ERR,ERR,ERR,ERR,ERR,ERR,ERR,ERR,ERR,ERR,ERR,ERR,ERR,ERR,ERR,ERR,ERR,ERR,ERR,ERR,ERR,ERR,ERR,ERR,ERR,ERR,ERR,ERR,ERR,ERR,ERR,ERR,ERR,ERR,ERR,ERR,ERR,ERR,ERR,ERR,ERR,ERR,ERR,ERR,ERR,ERR,ERR,ERR,ERR,ERR,ERR,ERR,ERR,ERR,ERR,ERR,ERR,ERR,ERR,ERR,ERR,ERR,ERR,ERR,ERR,ERR,ERR,ERR,ERR,ERR,ERR,ERR,ERR,ERR,ERR,0.0,-0.0,2.7420187948523476e+23,0.0,-0.0,-0.0,-252.277,35392.074,4300,0,8,17170,4300,0.0,41,0.0,0.0,0.0,0.0,0.0,0,0,0,0,0.0,0,0,0,0,0,0,0,0,0,0,0,0,0,0,0,0,0,0,0,0,0,0,0,0,0,0,0,0,0,0,0,0,0,7,37,37,44,65476,366,65476,1,0,4,21553,0.0,-0.0,0.0,0.0,0.0,0.0,0.0,0.0,0.0,0.0,0.0,0.0,0.0,0.0,0.0,0.0,0.0,0.0,0.0,0.0,0.0,2.004,0.0,-2.004,0.0,-3.697075742657269e+19,0.0,0.0,0.0,0.0,6660.0,0.0,0.0,-107615880.0,-0.0,0.0,-0.0,0.0,0.0,2.004,2.004,229,0.0,0.0,0.0,0.0,0.0,0.0,0.0,0.0,0.0,0,0,0,2.2873460492942916e+36,0.0,0.0,0.0,0.0,6.555007056093452e+37,-1.1430538695554673e+31,0.0,-44.069,-1.8857649557157655e+35,-202662544.0,6.699583656861463e+20,0.0,0.22,0.0,-0.0,0,1.3516416376850534e+27,229,0.0,458,-621855232.0,-2.2165387396652623e+20,2112,52429,17109,0,17112,52429,17095,0,0,0,101,100,100,-0.0,66.2,2.7302343157793998e+23,66.6,0.0,66.5,1,49,50,180,52429,52429,0,0,0.0,0.0,0.0,60.0,8397331456.0,71.0,0.0,0.0,0.0,1069,0,1069,0,0,0,1069,0,1080,0,999,0,666,0,667,0,663,0,681,0.032,1.4609821306377965e+22,2.004,0.0,3472,16814,5128.319,0.0,0.0,-0.0,-4.676718172968478e+19,-0.0,50.0,60.0,35,0.0,0.0,10.0,2.0,0.0,0.0,0.0,0.0,0.0,0.0,0.0,0.0,0.0,0.0,0.0,0.0,58.8,52,12,65510,27,65476,75,65476,1,0,4,20529,65476,0,0,30147,60.0,0.0,10.0,10.0,2.0,0.0
2026-02-16T12:51:18,ERR,ERR,ERR,ERR,ERR,ERR,ERR,ERR,ERR,ERR,ERR,ERR,ERR,ERR,ERR,ERR,ERR,ERR,ERR,ERR,ERR,ERR,ERR,ERR,ERR,ERR,ERR,ERR,ERR,ERR,ERR,ERR,ERR,ERR,ERR,ERR,ERR,ERR,ERR,ERR,ERR,ERR,ERR,ERR,ERR,ERR,ERR,ERR,ERR,ERR,ERR,ERR,ERR,ERR,ERR,ERR,ERR,ERR,ERR,ERR,ERR,ERR,ERR,ERR,ERR,ERR,ERR,ERR,ERR,ERR,ERR,ERR,ERR,ERR,ERR,ERR,ERR,ERR,ERR,ERR,ERR,ERR,ERR,ERR,ERR,ERR,ERR,ERR,ERR,ERR,ERR,ERR,ERR,ERR,ERR,ERR,ERR,ERR,ERR,ERR,ERR,ERR,ERR,ERR,ERR,ERR,ERR,ERR,ERR,ERR,ERR,ERR,ERR,ERR,ERR,ERR,ERR,ERR,ERR,ERR,ERR,ERR,ERR,ERR,ERR,0.0,-0.0,2.7420187948523476e+23,0.0,-0.0,-0.0,-252.277,35392.074,4300,0,8,17170,4300,0.0,41,0.0,0.0,0.0,0.0,0.0,0,0,0,0,0.0,0,0,0,0,0,0,0,0,0,0,0,0,0,0,0,0,0,0,0,0,0,0,0,0,0,0,0,0,0,0,0,0,0,7,37,37,44,65476,366,65476,1,0,4,21553,0.0,-0.0,0.0,0.0,0.0,0.0,0.0,0.0,0.0,0.0,0.0,0.0,0.0,0.0,0.0,0.0,0.0,0.0,0.0,0.0,0.0,2.004,0.0,-2.004,0.0,-3.697075742657269e+19,0.0,0.0,0.0,0.0,6660.0,0.0,0.0,-107615880.0,-0.0,0.0,-0.0,0.0,0.0,2.004,2.004,229,0.0,0.0,0.0,0.0,0.0,0.0,0.0,0.0,0.0,0,0,0,2.2873460492942916e+36,0.0,0.0,0.0,0.0,6.555007056093452e+37,-1.1430538695554673e+31,0.0,-44.069,-1.8857649557157655e+35,-202662544.0,6.699583656861463e+20,0.0,0.22,0.0,-0.0,0,1.3516416376850534e+27,229,0.0,458,-621855232.0,-2.2165387396652623e+20,2112,52429,17109,0,17112,52429,17095,0,0,0,101,100,100,-0.0,66.2,2.7302343157793998e+23,66.6,0.0,66.5,1,49,50,180,52429,52429,0,0,0.0,0.0,0.0,60.0,8397331456.0,71.0,0.0,0.0,0.0,1069,0,1069,0,0,0,1069,0,1080,0,999,0,666,0,667,0,663,0,681,0.032,1.4609821306377965e+22,2.004,0.0,3472,16814,5128.319,0.0,0.0,-0.0,-4.676718172968478e+19,-0.0,50.0,60.0,35,0.0,0.0,10.0,2.0,0.0,0.0,0.0,0.0,0.0,0.0,0.0,0.0,0.0,0.0,0.0,0.0,58.8,52,12,65510,27,65476,75,65476,1,0,4,20529,65476,0,0,30147,60.0,0.0,10.0,10.0,2.0,0.0
2026-02-16T12:51:19,ERR,ERR,ERR,ERR,ERR,ERR,ERR,ERR,ERR,ERR,ERR,ERR,ERR,ERR,ERR,ERR,ERR,ERR,ERR,ERR,ERR,ERR,ERR,ERR,ERR,ERR,ERR,ERR,ERR,ERR,ERR,ERR,ERR,ERR,ERR,ERR,ERR,ERR,ERR,ERR,ERR,ERR,ERR,ERR,ERR,ERR,ERR,ERR,ERR,ERR,ERR,ERR,ERR,ERR,ERR,ERR,ERR,ERR,ERR,ERR,ERR,ERR,ERR,ERR,ERR,ERR,ERR,ERR,ERR,ERR,ERR,ERR,ERR,ERR,ERR,ERR,ERR,ERR,ERR,ERR,ERR,ERR,ERR,ERR,ERR,ERR,ERR,ERR,ERR,ERR,ERR,ERR,ERR,ERR,ERR,ERR,ERR,ERR,ERR,ERR,ERR,ERR,ERR,ERR,ERR,ERR,ERR,ERR,ERR,ERR,ERR,ERR,ERR,ERR,ERR,ERR,ERR,ERR,ERR,ERR,ERR,ERR,ERR,ERR,ERR,0.0,-0.0,2.7420187948523476e+23,0.0,-0.0,-0.0,-252.277,35392.074,4300,0,8,17170,4300,0.0,41,0.0,0.0,0.0,0.0,0.0,0,0,0,0,0.0,0,0,0,0,0,0,0,0,0,0,0,0,0,0,0,0,0,0,0,0,0,0,0,0,0,0,0,0,0,0,0,0,0,7,37,37,44,65476,366,65476,1,0,4,21553,0.0,-0.0,0.0,0.0,0.0,0.0,0.0,0.0,0.0,0.0,0.0,0.0,0.0,0.0,0.0,0.0,0.0,0.0,0.0,0.0,0.0,2.004,0.0,-2.004,0.0,-3.697075742657269e+19,0.0,0.0,0.0,0.0,6660.0,0.0,0.0,-107615880.0,-0.0,0.0,-0.0,0.0,0.0,2.004,2.004,229,0.0,0.0,0.0,0.0,0.0,0.0,0.0,0.0,0.0,0,0,0,2.2873460492942916e+36,0.0,0.0,0.0,0.0,6.555007056093452e+37,-1.1430538695554673e+31,0.0,-44.069,-1.8857649557157655e+35,-202662544.0,6.699583656861463e+20,0.0,0.22,0.0,-0.0,0,1.3516416376850534e+27,229,0.0,458,-621855232.0,-2.2165387396652623e+20,2112,52429,17109,52429,17111,52429,17095,0,0,0,101,100,100,-0.0,66.2,2.7302343157793998e+23,66.6,0.0,66.5,1,49,50,180,52429,52429,0,0,0.0,0.0,0.0,60.0,46146.555,71.0,0.0,0.0,0.0,1069,0,1069,0,0,0,1069,0,1080,0,999,0,666,0,667,0,663,0,681,0.032,1.4536034330083127e+22,2.004,0.0,53904,16813,22449254400.0,0.0,59572392.0,4.685573875353879e+22,0.0,-9519118.0,50.0,60.0,35,0.0,0.0,10.0,2.0,0.0,0.0,0.0,0.0,0.0,0.0,0.0,0.0,0.0,0.0,0.0,0.0,59.2,51,13,65511,27,65476,236,65476,1,0,4,20529,65476,0,0,30147,60.0,0.0,10.0,10.0,2.0,0.0
2026-02-16T12:51:20,ERR,ERR,ERR,ERR,ERR,ERR,ERR,ERR,ERR,ERR,ERR,ERR,ERR,ERR,ERR,ERR,ERR,ERR,ERR,ERR,ERR,ERR,ERR,ERR,ERR,ERR,ERR,ERR,ERR,ERR,ERR,ERR,ERR,ERR,ERR,ERR,ERR,ERR,ERR,ERR,ERR,ERR,ERR,ERR,ERR,ERR,ERR,ERR,ERR,ERR,ERR,ERR,ERR,ERR,ERR,ERR,ERR,ERR,ERR,ERR,ERR,ERR,ERR,ERR,ERR,ERR,ERR,ERR,ERR,ERR,ERR,ERR,ERR,ERR,ERR,ERR,ERR,ERR,ERR,ERR,ERR,ERR,ERR,ERR,ERR,ERR,ERR,ERR,ERR,ERR,ERR,ERR,ERR,ERR,ERR,ERR,ERR,ERR,ERR,ERR,ERR,ERR,ERR,ERR,ERR,ERR,ERR,ERR,ERR,ERR,ERR,ERR,ERR,ERR,ERR,ERR,ERR,ERR,ERR,ERR,ERR,ERR,ERR,ERR,ERR,0.0,-0.0,2.7420187948523476e+23,0.0,-0.0,-0.0,-252.277,35392.074,4300,0,8,17170,4300,0.0,41,0.0,0.0,0.0,0.0,0.0,0,0,0,0,0.0,0,0,0,0,0,0,0,0,0,0,0,0,0,0,0,0,0,0,0,0,0,0,0,0,0,0,0,0,0,0,0,0,0,7,37,37,44,65476,366,65476,1,0,4,21553,0.0,-0.0,0.0,0.0,0.0,0.0,0.0,0.0,0.0,0.0,0.0,0.0,0.0,0.0,0.0,0.0,0.0,0.0,0.0,0.0,0.0,2.004,0.0,-2.004,0.0,-3.697075742657269e+19,0.0,0.0,0.0,0.0,6660.0,0.0,0.0,-107615880.0,-0.0,0.0,-0.0,0.0,0.0,2.004,2.004,229,0.0,0.0,0.0,0.0,0.0,0.0,0.0,0.0,0.0,0,0,0,2.2873460492942916e+36,0.0,0.0,0.0,0.0,6.555007056093452e+37,-1.1430538695554673e+31,0.0,-44.069,-1.8857649557157655e+35,-202662544.0,6.699583656861463e+20,0.0,0.22,0.0,-0.0,0,1.3516416376850534e+27,229,0.0,458,-621855232.0,-2.2165387396652623e+20,2112,52429,17109,52429,17111,52429,17095,0,0,0,101,100,100,-0.0,66.2,2.7302343157793998e+23,66.6,0.0,66.5,1,49,50,180,52429,52429,0,0,0.0,0.0,0.0,60.0,46146.555,71.0,0.0,0.0,0.0,1069,0,1069,0,0,0,1069,0,1080,0,999,0,666,0,667,0,663,0,681,0.032,1.4536034330083127e+22,2.004,0.0,53904,16813,22449254400.0,0.0,59572392.0,4.685573875353879e+22,0.0,-9519118.0,50.0,60.0,35,0.0,0.0,10.0,2.0,0.0,0.0,0.0,0.0,0.0,0.0,0.0,0.0,0.0,0.0,0.0,0.0,59.2,51,13,65511,27,65476,236,65476,1,0,4,20529,65476,0,0,30147,60.0,0.0,10.0,10.0,2.0,0.0
2026-02-16T12:51:21,ERR,ERR,ERR,ERR,ERR,ERR,ERR,ERR,ERR,ERR,ERR,ERR,ERR,ERR,ERR,ERR,ERR,ERR,ERR,ERR,ERR,ERR,ERR,ERR,ERR,ERR,ERR,ERR,ERR,ERR,ERR,ERR,ERR,ERR,ERR,ERR,ERR,ERR,ERR,ERR,ERR,ERR,ERR,ERR,ERR,ERR,ERR,ERR,ERR,ERR,ERR,ERR,ERR,ERR,ERR,ERR,ERR,ERR,ERR,ERR,ERR,ERR,ERR,ERR,ERR,ERR,ERR,ERR,ERR,ERR,ERR,ERR,ERR,ERR,ERR,ERR,ERR,ERR,ERR,ERR,ERR,ERR,ERR,ERR,ERR,ERR,ERR,ERR,ERR,ERR,ERR,ERR,ERR,ERR,ERR,ERR,ERR,ERR,ERR,ERR,ERR,ERR,ERR,ERR,ERR,ERR,ERR,ERR,ERR,ERR,ERR,ERR,ERR,ERR,ERR,ERR,ERR,ERR,ERR,ERR,ERR,ERR,ERR,ERR,ERR,0.0,-0.0,2.7420187948523476e+23,0.0,-0.0,-0.0,-252.277,35392.074,4300,0,8,17170,4300,0.0,41,0.0,0.0,0.0,0.0,0.0,0,0,0,0,0.0,0,0,0,0,0,0,0,0,0,0,0,0,0,0,0,0,0,0,0,0,0,0,0,0,0,0,0,0,0,0,0,0,0,7,37,37,44,65476,366,65476,1,0,4,21553,0.0,-0.0,0.0,0.0,0.0,0.0,0.0,0.0,0.0,0.0,0.0,0.0,0.0,0.0,0.0,0.0,0.0,0.0,0.0,0.0,0.0,2.004,0.0,-2.004,0.0,-3.697075742657269e+19,0.0,0.0,0.0,0.0,6660.0,0.0,0.0,-107615880.0,-0.0,0.0,-0.0,0.0,0.0,2.004,2.004,229,0.0,0.0,0.0,0.0,0.0,0.0,0.0,0.0,0.0,0,0,0,2.2873460492942916e+36,0.0,0.0,0.0,0.0,6.555007056093452e+37,-1.1430538695554673e+31,0.0,-44.069,-1.8857649557157655e+35,-202662544.0,6.699583656861463e+20,0.0,0.22,0.0,-0.0,0,1.3516416376850534e+27,229,0.0,458,-621855232.0,-2.2165387396652623e+20,2112,52429,17109,52429,17111,52429,17095,0,0,0,101,100,100,-0.0,66.2,2.7302343157793998e+23,66.6,0.0,66.5,1,49,50,180,52429,52429,0,0,0.0,0.0,0.0,60.0,46146.555,71.0,0.0,0.0,0.0,1069,0,1069,0,0,0,1069,0,1080,0,999,0,666,0,667,0,663,0,681,0.032,1.4536034330083127e+22,2.004,0.0,53904,16813,22449254400.0,0.0,59572392.0,4.685573875353879e+22,0.0,-9519118.0,50.0,60.0,35,0.0,0.0,10.0,2.0,0.0,0.0,0.0,0.0,0.0,0.0,0.0,0.0,0.0,0.0,0.0,0.0,58.8,48,15,65514,27,65476,398,300,1,0,8,20529,65476,0,0,30147,60.0,0.0,10.0,10.0,2.0,0.0
2026-02-16T12:51:22,ERR,ERR,ERR,ERR,ERR,ERR,ERR,ERR,ERR,ERR,ERR,ERR,ERR,ERR,ERR,ERR,ERR,ERR,ERR,ERR,ERR,ERR,ERR,ERR,ERR,ERR,ERR,ERR,ERR,ERR,ERR,ERR,ERR,ERR,ERR,ERR,ERR,ERR,ERR,ERR,ERR,ERR,ERR,ERR,ERR,ERR,ERR,ERR,ERR,ERR,ERR,ERR,ERR,ERR,ERR,ERR,ERR,ERR,ERR,ERR,ERR,ERR,ERR,ERR,ERR,ERR,ERR,ERR,ERR,ERR,ERR,ERR,ERR,ERR,ERR,ERR,ERR,ERR,ERR,ERR,ERR,ERR,ERR,ERR,ERR,ERR,ERR,ERR,ERR,ERR,ERR,ERR,ERR,ERR,ERR,ERR,ERR,ERR,ERR,ERR,ERR,ERR,ERR,ERR,ERR,ERR,ERR,ERR,ERR,ERR,ERR,ERR,ERR,ERR,ERR,ERR,ERR,ERR,ERR,ERR,ERR,ERR,ERR,ERR,ERR,-107615880.0,-0.0,-108138608.0,0.0,-3.2008056460949376e+29,-44360089600.0,-1.8590548397254277e+28,-0.0,4300,0,8,17170,4300,0.0,41,0.0,0.0,0.0,0.0,0.0,0,0,0,0,0.0,0,0,0,0,0,0,0,0,0,0,0,0,0,0,0,0,0,0,0,0,0,0,0,0,0,0,0,0,0,0,0,0,0,7,37,37,44,65476,364,65476,1,0,4,21553,0.0,-107610720.0,0.0,0.0,0.0,0.0,0.0,0.0,0.0,0.0,0.0,0.0,0.0,0.0,0.0,0.0,0.0,0.0,0.0,0.0,0.0,2.004,0.0,-2.004,0.0,0.0,0.0,0.0,0.0,0.0,6626.0,-1.0406716943511724e+34,0.0,0.0,-0.0,0.0,-0.0,0.0,0.0,2.004,2.004,229,0.0,0.0,0.0,0.0,0.0,0.0,0.0,0.0,0.0,0,0,0,0.0,0.0,0.0,-1.669233542032261e+17,1.182957180028528e+35,-2158285946880.0,-0.0,-5.915568886231136e+20,4.2925511441098675e+34,-2.0285531193254732e+35,-216294032.0,7.299102839257023e+20,0.0,0.23,0.0,-0.0,0,1.3516416376850534e+27,229,0.0,458,0.0,-0.0,2112,52429,17109,52429,17111,52429,17095,0,0,0,101,100,100,-0.0,66.2,2.7302343157793998e+23,66.6,0.0,66.5,1,49,50,180,52429,52429,0,0,0.0,0.0,0.0,60.0,46146.555,71.0,0.0,0.0,0.0,1069,0,1069,0,0,0,1069,0,1080,0,999,0,666,0,667,0,663,0,681,0.032,1.4536034330083127e+22,2.004,0.0,53904,16813,22449254400.0,0.0,59572392.0,4.685573875353879e+22,0.0,-9519118.0,50.0,60.0,35,0.0,0.0,10.0,2.0,0.0,0.0,0.0,0.0,0.0,0.0,0.0,0.0,0.0,0.0,0.0,0.0,58.8,48,15,65514,27,65476,398,300,1,0,8,20529,65476,0,0,30147,60.0,0.0,10.0,10.0,2.0,0.0
2026-02-16T12:51:23,ERR,ERR,ERR,ERR,ERR,ERR,ERR,ERR,ERR,ERR,ERR,ERR,ERR,ERR,ERR,ERR,ERR,ERR,ERR,ERR,ERR,ERR,ERR,ERR,ERR,ERR,ERR,ERR,ERR,ERR,ERR,ERR,ERR,ERR,ERR,ERR,ERR,ERR,ERR,ERR,ERR,ERR,ERR,ERR,ERR,ERR,ERR,ERR,ERR,ERR,ERR,ERR,ERR,ERR,ERR,ERR,ERR,ERR,ERR,ERR,ERR,ERR,ERR,ERR,ERR,ERR,ERR,ERR,ERR,ERR,ERR,ERR,ERR,ERR,ERR,ERR,ERR,ERR,ERR,ERR,ERR,ERR,ERR,ERR,ERR,ERR,ERR,ERR,ERR,ERR,ERR,ERR,ERR,ERR,ERR,ERR,ERR,ERR,ERR,ERR,ERR,ERR,ERR,ERR,ERR,ERR,ERR,ERR,ERR,ERR,ERR,ERR,ERR,ERR,ERR,ERR,ERR,ERR,ERR,ERR,ERR,ERR,ERR,ERR,ERR,-107615880.0,-0.0,-108138608.0,0.0,-3.2008056460949376e+29,-44360089600.0,-1.8590548397254277e+28,-0.0,4300,0,8,17170,4300,0.0,41,0.0,0.0,0.0,0.0,0.0,0,0,0,0,0.0,0,0,0,0,0,0,0,0,0,0,0,0,0,0,0,0,0,0,0,0,0,0,0,0,0,0,0,0,0,0,0,0,0,7,37,37,44,65476,364,65476,1,0,4,21553,0.0,-107610720.0,0.0,0.0,0.0,0.0,0.0,0.0,0.0,0.0,0.0,0.0,0.0,0.0,0.0,0.0,0.0,0.0,0.0,0.0,0.0,2.004,0.0,-2.004,0.0,0.0,0.0,0.0,0.0,0.0,6626.0,-1.0406716943511724e+34,0.0,0.0,-0.0,0.0,-0.0,0.0,0.0,2.004,2.004,229,0.0,0.0,0.0,0.0,0.0,0.0,0.0,0.0,0.0,0,0,0,0.0,0.0,0.0,-1.669233542032261e+17,1.182957180028528e+35,-2158285946880.0,-0.0,-5.915568886231136e+20,4.2925511441098675e+34,-2.0285531193254732e+35,-216294032.0,7.299102839257023e+20,0.0,0.23,0.0,-0.0,0,1.3516416376850534e+27,229,0.0,458,0.0,-0.0,2112,52429,17109,0,17112,52429,17095,0,0,0,101,100,100,-0.0,66.2,2.7302343157793998e+23,66.7,0.0,66.5,1,49,50,180,52429,52429,0,0,0.0,0.0,0.0,60.0,762920.875,71.0,0.0,1.9115931127590767e+21,0.0,1069,0,1069,0,0,0,1069,0,1080,0,999,0,666,0,667,0,663,0,680,0.032,1.4536034330083127e+22,0.0,0.0,12944,16814,70511669280768.0,0.0,-0.0,0.0,15614362.0,0.027,50.0,60.0,35,0.0,0.0,10.0,2.0,0.0,0.0,0.0,0.0,0.0,0.0,0.0,0.0,0.0,0.0,0.0,0.0,58.8,47,16,65515,27,65476,395,65476,0,0,4,20529,65476,0,0,30147,60.0,0.0,10.0,10.0,2.0,0.0
2026-02-16T12:51:24,ERR,ERR,ERR,ERR,ERR,ERR,ERR,ERR,ERR,ERR,ERR,ERR,ERR,ERR,ERR,ERR,ERR,ERR,ERR,ERR,ERR,ERR,ERR,ERR,ERR,ERR,ERR,ERR,ERR,ERR,ERR,ERR,ERR,ERR,ERR,ERR,ERR,ERR,ERR,ERR,ERR,ERR,ERR,ERR,ERR,ERR,ERR,ERR,ERR,ERR,ERR,ERR,ERR,ERR,ERR,ERR,ERR,ERR,ERR,ERR,ERR,ERR,ERR,ERR,ERR,ERR,ERR,ERR,ERR,ERR,ERR,ERR,ERR,ERR,ERR,ERR,ERR,ERR,ERR,ERR,ERR,ERR,ERR,ERR,ERR,ERR,ERR,ERR,ERR,ERR,ERR,ERR,ERR,ERR,ERR,ERR,ERR,ERR,ERR,ERR,ERR,ERR,ERR,ERR,ERR,ERR,ERR,ERR,ERR,ERR,ERR,ERR,ERR,ERR,ERR,ERR,ERR,ERR,ERR,ERR,ERR,ERR,ERR,ERR,ERR,-107615880.0,-0.0,-108138608.0,0.0,-3.2008056460949376e+29,-44360089600.0,-1.8590548397254277e+28,-0.0,4300,0,8,17170,4300,0.0,41,0.0,0.0,0.0,0.0,0.0,0,0,0,0,0.0,0,0,0,0,0,0,0,0,0,0,0,0,0,0,0,0,0,0,0,0,0,0,0,0,0,0,0,0,0,0,0,0,0,7,37,37,44,65476,364,65476,1,0,4,21553,0.0,-107610720.0,0.0,0.0,0.0,0.0,0.0,0.0,0.0,0.0,0.0,0.0,0.0,0.0,0.0,0.0,0.0,0.0,0.0,0.0,0.0,2.004,0.0,-2.004,0.0,0.0,0.0,0.0,0.0,0.0,6626.0,-1.0406716943511724e+34,0.0,0.0,-0.0,0.0,-0.0,0.0,0.0,2.004,2.004,229,0.0,0.0,0.0,0.0,0.0,0.0,0.0,0.0,0.0,0,0,0,0.0,0.0,0.0,-1.669233542032261e+17,1.182957180028528e+35,-2158285946880.0,-0.0,-5.915568886231136e+20,4.2925511441098675e+34,-2.0285531193254732e+35,-216294032.0,7.299102839257023e+20,0.0,0.23,0.0,-0.0,0,1.3516416376850534e+27,229,0.0,458,0.0,-0.0,2112,52429,17109,0,17112,52429,17095,0,0,0,101,100,100,-0.0,66.2,2.7302343157793998e+23,66.7,0.0,66.5,1,49,50,180,52429,52429,0,0,0.0,0.0,0.0,60.0,762920.875,71.0,0.0,1.9115931127590767e+21,0.0,1069,0,1069,0,0,0,1069,0,1080,0,999,0,666,0,667,0,663,0,680,0.032,1.4536034330083127e+22,0.0,0.0,12944,16814,70511669280768.0,0.0,-0.0,0.0,15614362.0,0.027,50.0,60.0,35,0.0,0.0,10.0,2.0,0.0,0.0,0.0,0.0,0.0,0.0,0.0,0.0,0.0,0.0,0.0,0.0,58.8,47,16,65515,27,65476,395,65476,0,0,4,20529,65476,0,0,30147,60.0,0.0,10.0,10.0,2.0,0.0
2026-02-16T12:51:25,ERR,ERR,ERR,ERR,ERR,ERR,ERR,ERR,ERR,ERR,ERR,ERR,ERR,ERR,ERR,ERR,ERR,ERR,ERR,ERR,ERR,ERR,ERR,ERR,ERR,ERR,ERR,ERR,ERR,ERR,ERR,ERR,ERR,ERR,ERR,ERR,ERR,ERR,ERR,ERR,ERR,ERR,ERR,ERR,ERR,ERR,ERR,ERR,ERR,ERR,ERR,ERR,ERR,ERR,ERR,ERR,ERR,ERR,ERR,ERR,ERR,ERR,ERR,ERR,ERR,ERR,ERR,ERR,ERR,ERR,ERR,ERR,ERR,ERR,ERR,ERR,ERR,ERR,ERR,ERR,ERR,ERR,ERR,ERR,ERR,ERR,ERR,ERR,ERR,ERR,ERR,ERR,ERR,ERR,ERR,ERR,ERR,ERR,ERR,ERR,ERR,ERR,ERR,ERR,ERR,ERR,ERR,ERR,ERR,ERR,ERR,ERR,ERR,ERR,ERR,ERR,ERR,ERR,ERR,ERR,ERR,ERR,ERR,ERR,ERR,-107615880.0,-0.0,-108138608.0,0.0,-3.2008056460949376e+29,-44360089600.0,-1.8590548397254277e+28,-0.0,4300,0,8,17170,4300,0.0,41,0.0,0.0,0.0,0.0,0.0,0,0,0,0,0.0,0,0,0,0,0,0,0,0,0,0,0,0,0,0,0,0,0,0,0,0,0,0,0,0,0,0,0,0,0,0,0,0,0,7,37,37,44,65476,364,65476,1,0,4,21553,0.0,-107610720.0,0.0,0.0,0.0,0.0,0.0,0.0,0.0,0.0,0.0,0.0,0.0,0.0,0.0,0.0,0.0,0.0,0.0,0.0,0.0,2.004,0.0,-2.004,0.0,0.0,0.0,0.0,0.0,0.0,6626.0,-1.0406716943511724e+34,0.0,0.0,-0.0,0.0,-0.0,0.0,0.0,2.004,2.004,229,0.0,0.0,0.0,0.0,0.0,0.0,0.0,0.0,0.0,0,0,0,0.0,0.0,0.0,-1.669233542032261e+17,1.182957180028528e+35,-2158285946880.0,-0.0,-5.915568886231136e+20,4.2925511441098675e+34,-2.0285531193254732e+35,-216294032.0,7.299102839257023e+20,0.0,0.23,0.0,-0.0,0,1.3516416376850534e+27,229,0.0,458,0.0,-0.0,2112,52429,17109,0,17112,52429,17095,0,0,0,101,100,100,-0.0,66.2,2.7302343157793998e+23,66.7,0.0,66.5,1,49,50,180,52429,52429,0,0,0.0,0.0,0.0,60.0,762920.875,71.0,0.0,1.9115931127590767e+21,0.0,1069,0,1069,0,0,0,1069,0,1080,0,999,0,666,0,667,0,663,0,680,0.032,1.4536034330083127e+22,0.0,0.0,12944,16814,70511669280768.0,0.0,-0.0,0.0,15614362.0,0.027,50.0,60.0,35,0.0,0.0,10.0,2.0,0.0,0.0,0.0,0.0,0.0,0.0,0.0,0.0,0.0,0.0,0.0,0.0,59.2,47,16,65516,27,65476,314,65476,0,0,4,20529,65476,0,0,30147,60.0,0.0,10.0,10.0,2.0,0.0
2026-02-16T12:51:26,ERR,ERR,ERR,ERR,ERR,ERR,ERR,ERR,ERR,ERR,ERR,ERR,ERR,ERR,ERR,ERR,ERR,ERR,ERR,ERR,ERR,ERR,ERR,ERR,ERR,ERR,ERR,ERR,ERR,ERR,ERR,ERR,ERR,ERR,ERR,ERR,ERR,ERR,ERR,ERR,ERR,ERR,ERR,ERR,ERR,ERR,ERR,ERR,ERR,ERR,ERR,ERR,ERR,ERR,ERR,ERR,ERR,ERR,ERR,ERR,ERR,ERR,ERR,ERR,ERR,ERR,ERR,ERR,ERR,ERR,ERR,ERR,ERR,ERR,ERR,ERR,ERR,ERR,ERR,ERR,ERR,ERR,ERR,ERR,ERR,ERR,ERR,ERR,ERR,ERR,ERR,ERR,ERR,ERR,ERR,ERR,ERR,ERR,ERR,ERR,ERR,ERR,ERR,ERR,ERR,ERR,ERR,ERR,ERR,ERR,ERR,ERR,ERR,ERR,ERR,ERR,ERR,ERR,ERR,ERR,ERR,ERR,ERR,ERR,ERR,-107615880.0,-0.0,-108138608.0,0.0,-3.2008056460949376e+29,-44360089600.0,-1.8590548397254277e+28,-0.0,4300,0,8,17170,4300,0.0,41,0.0,0.0,0.0,0.0,0.0,0,0,0,0,0.0,0,0,0,0,0,0,0,0,0,0,0,0,0,0,0,0,0,0,0,0,0,0,0,0,0,0,0,0,0,0,0,0,0,7,37,37,44,65476,364,65476,1,0,4,21553,0.0,-107610720.0,0.0,0.0,0.0,0.0,0.0,0.0,0.0,0.0,0.0,0.0,0.0,0.0,0.0,0.0,0.0,0.0,0.0,0.0,0.0,2.004,0.0,-2.004,0.0,0.0,0.0,0.0,0.0,0.0,6626.0,-1.0406716943511724e+34,0.0,0.0,-0.0,0.0,-0.0,0.0,0.0,2.004,2.004,229,0.0,0.0,0.0,0.0,0.0,0.0,0.0,0.0,0.0,0,0,0,0.0,0.0,0.0,-1.669233542032261e+17,1.182957180028528e+35,-2158285946880.0,-0.0,-5.915568886231136e+20,4.2925511441098675e+34,-2.0285531193254732e+35,-216294032.0,7.299102839257023e+20,0.0,0.23,0.0,-0.0,0,1.3516416376850534e+27,229,0.0,458,0.0,-0.0,2112,52429,17109,0,17112,52429,17095,0,0,0,101,100,100,-0.0,66.2,2.7302343157793998e+23,66.6,0.0,66.5,1,49,50,180,52429,52429,0,0,0.0,0.0,0.0,60.0,4.4808829232123245e+25,71.0,0.0,117.628,0.0,1069,0,1069,0,0,0,1069,0,1080,0,999,0,666,0,668,0,663,0,680,0.032,1.4536034330083127e+22,0.0,0.0,23184,16814,2.0705782528119904e+29,1170.043,0.0,-7.217793924802919e+31,-2980.1,-0.0,50.0,60.0,35,0.0,0.0,10.0,2.0,0.0,0.0,0.0,0.0,0.0,0.0,0.0,0.0,0.0,0.0,0.0,0.0,58.8,46,17,65517,27,65476,311,65476,0,0,4,20529,65476,0,0,30147,60.0,0.0,10.0,10.0,2.0,0.0
2026-02-16T12:51:27,ERR,ERR,ERR,ERR,ERR,ERR,ERR,ERR,ERR,ERR,ERR,ERR,ERR,ERR,ERR,ERR,ERR,ERR,ERR,ERR,ERR,ERR,ERR,ERR,ERR,ERR,ERR,ERR,ERR,ERR,ERR,ERR,ERR,ERR,ERR,ERR,ERR,ERR,ERR,ERR,ERR,ERR,ERR,ERR,ERR,ERR,ERR,ERR,ERR,ERR,ERR,ERR,ERR,ERR,ERR,ERR,ERR,ERR,ERR,ERR,ERR,ERR,ERR,ERR,ERR,ERR,ERR,ERR,ERR,ERR,ERR,ERR,ERR,ERR,ERR,ERR,ERR,ERR,ERR,ERR,ERR,ERR,ERR,ERR,ERR,ERR,ERR,ERR,ERR,ERR,ERR,ERR,ERR,ERR,ERR,ERR,ERR,ERR,ERR,ERR,ERR,ERR,ERR,ERR,ERR,ERR,ERR,ERR,ERR,ERR,ERR,ERR,ERR,ERR,ERR,ERR,ERR,ERR,ERR,ERR,ERR,ERR,ERR,ERR,ERR,0.0,-0.0,-107090032.0,0.0,-3.160207272547048e+29,-0.0,8.676304178984449e+27,-1.0201070864859612e+22,4300,0,8,17170,4300,0.0,41,0.0,0.0,0.0,0.0,0.0,0,0,0,0,0.0,0,0,0,0,0,0,0,0,0,0,0,0,0,0,0,0,0,0,0,0,0,0,0,0,0,0,0,0,0,0,0,0,0,7,37,37,44,65476,360,65476,1,0,4,21553,0.0,-107610720.0,0.0,0.0,0.0,0.0,0.0,0.0,0.0,0.0,0.0,0.0,0.0,0.0,0.0,0.0,0.0,0.0,0.0,0.0,0.0,2.004,0.0,-3.6970818999223845e+19,-3.697074863047967e+19,0.0,0.0,0.0,0.0,0.0,6627.0,-1.5879389867419013e+29,0.0,0.0,-0.0,-107616248.0,-0.0,0.0,0.0,2.004,2.004,228,0.0,0.0,0.0,0.0,0.0,0.0,0.0,0.0,0.0,0,0,0,0.0,4068322677096448.0,-0.0,-0.0,-0.0,-18976.973,-2555681634779136.0,-0.0,2.3993386327980078e+32,-2.2232642515205293e+35,-229925520.0,7.898622021652584e+20,0.0,0.242,0.0,-0.109,0,1.3516416376850534e+27,228,0.0,456,-621855232.0,5.6142779363101766e+35,2112,52429,17109,0,17112,52429,17095,0,0,0,101,100,100,-0.0,66.2,2.7302343157793998e+23,66.6,0.0,66.5,1,49,50,180,52429,52429,0,0,0.0,0.0,0.0,60.0,4.4808829232123245e+25,71.0,0.0,117.628,0.0,1069,0,1069,0,0,0,1069,0,1080,0,999,0,666,0,668,0,663,0,680,0.032,1.4536034330083127e+22,0.0,0.0,23184,16814,2.0705782528119904e+29,1170.043,0.0,-7.217793924802919e+31,-2980.1,-0.0,50.0,60.0,35,0.0,0.0,10.0,2.0,0.0,0.0,0.0,0.0,0.0,0.0,0.0,0.0,0.0,0.0,0.0,0.0,58.8,46,17,65517,27,65476,311,65476,0,0,4,20529,65476,0,0,30147,60.0,0.0,10.0,10.0,2.0,0.0
2026-02-16T12:51:28,ERR,ERR,ERR,ERR,ERR,ERR,ERR,ERR,ERR,ERR,ERR,ERR,ERR,ERR,ERR,ERR,ERR,ERR,ERR,ERR,ERR,ERR,ERR,ERR,ERR,ERR,ERR,ERR,ERR,ERR,ERR,ERR,ERR,ERR,ERR,ERR,ERR,ERR,ERR,ERR,ERR,ERR,ERR,ERR,ERR,ERR,ERR,ERR,ERR,ERR,ERR,ERR,ERR,ERR,ERR,ERR,ERR,ERR,ERR,ERR,ERR,ERR,ERR,ERR,ERR,ERR,ERR,ERR,ERR,ERR,ERR,ERR,ERR,ERR,ERR,ERR,ERR,ERR,ERR,ERR,ERR,ERR,ERR,ERR,ERR,ERR,ERR,ERR,ERR,ERR,ERR,ERR,ERR,ERR,ERR,ERR,ERR,ERR,ERR,ERR,ERR,ERR,ERR,ERR,ERR,ERR,ERR,ERR,ERR,ERR,ERR,ERR,ERR,ERR,ERR,ERR,ERR,ERR,ERR,ERR,ERR,ERR,ERR,ERR,ERR,0.0,-0.0,-107090032.0,0.0,-3.160207272547048e+29,-0.0,8.676304178984449e+27,-1.0201070864859612e+22,4300,0,8,17170,4300,0.0,41,0.0,0.0,0.0,0.0,0.0,0,0,0,0,0.0,0,0,0,0,0,0,0,0,0,0,0,0,0,0,0,0,0,0,0,0,0,0,0,0,0,0,0,0,0,0,0,0,0,7,37,37,44,65476,360,65476,1,0,4,21553,0.0,-107610720.0,0.0,0.0,0.0,0.0,0.0,0.0,0.0,0.0,0.0,0.0,0.0,0.0,0.0,0.0,0.0,0.0,0.0,0.0,0.0,2.004,0.0,-3.6970818999223845e+19,-3.697074863047967e+19,0.0,0.0,0.0,0.0,0.0,6627.0,-1.5879389867419013e+29,0.0,0.0,-0.0,-107616248.0,-0.0,0.0,0.0,2.004,2.004,228,0.0,0.0,0.0,0.0,0.0,0.0,0.0,0.0,0.0,0,0,0,0.0,4068322677096448.0,-0.0,-0.0,-0.0,-18976.973,-2555681634779136.0,-0.0,2.3993386327980078e+32,-2.2232642515205293e+35,-229925520.0,7.898622021652584e+20,0.0,0.242,0.0,-0.109,0,1.3516416376850534e+27,228,0.0,456,-621855232.0,5.6142779363101766e+35,2112,52429,17109,0,17112,52429,17095,0,0,0,101,100,100,-0.0,66.2,2.7302343157793998e+23,66.6,0.0,66.5,1,49,50,180,52429,52429,0,0,0.0,0.0,0.0,60.0,4.4808829232123245e+25,71.0,0.0,117.628,0.0,1069,0,1069,0,0,0,1069,0,1080,0,999,0,666,0,668,0,663,0,680,0.032,1.4536034330083127e+22,0.0,0.0,23184,16814,2.0705782528119904e+29,1170.043,0.0,-7.217793924802919e+31,-2980.1,-0.0,50.0,60.0,35,0.0,0.0,10.0,2.0,0.0,0.0,0.0,0.0,0.0,0.0,0.0,0.0,0.0,0.0,0.0,0.0,58.8,46,16,65516,27,65476,150,65476,0,0,4,20529,65476,0,0,30147,60.0,0.0,10.0,10.0,2.0,0.0
2026-02-16T12:51:29,ERR,ERR,ERR,ERR,ERR,ERR,ERR,ERR,ERR,ERR,ERR,ERR,ERR,ERR,ERR,ERR,ERR,ERR,ERR,ERR,ERR,ERR,ERR,ERR,ERR,ERR,ERR,ERR,ERR,ERR,ERR,ERR,ERR,ERR,ERR,ERR,ERR,ERR,ERR,ERR,ERR,ERR,ERR,ERR,ERR,ERR,ERR,ERR,ERR,ERR,ERR,ERR,ERR,ERR,ERR,ERR,ERR,ERR,ERR,ERR,ERR,ERR,ERR,ERR,ERR,ERR,ERR,ERR,ERR,ERR,ERR,ERR,ERR,ERR,ERR,ERR,ERR,ERR,ERR,ERR,ERR,ERR,ERR,ERR,ERR,ERR,ERR,ERR,ERR,ERR,ERR,ERR,ERR,ERR,ERR,ERR,ERR,ERR,ERR,ERR,ERR,ERR,ERR,ERR,ERR,ERR,ERR,ERR,ERR,ERR,ERR,ERR,ERR,ERR,ERR,ERR,ERR,ERR,ERR,ERR,ERR,ERR,ERR,ERR,ERR,0.0,-0.0,-107090032.0,0.0,-3.160207272547048e+29,-0.0,8.676304178984449e+27,-1.0201070864859612e+22,4300,0,8,17170,4300,0.0,41,0.0,0.0,0.0,0.0,0.0,0,0,0,0,0.0,0,0,0,0,0,0,0,0,0,0,0,0,0,0,0,0,0,0,0,0,0,0,0,0,0,0,0,0,0,0,0,0,0,7,37,37,44,65476,360,65476,1,0,4,21553,0.0,-107610720.0,0.0,0.0,0.0,0.0,0.0,0.0,0.0,0.0,0.0,0.0,0.0,0.0,0.0,0.0,0.0,0.0,0.0,0.0,0.0,2.004,0.0,-3.6970818999223845e+19,-3.697074863047967e+19,0.0,0.0,0.0,0.0,0.0,6627.0,-1.5879389867419013e+29,0.0,0.0,-0.0,-107616248.0,-0.0,0.0,0.0,2.004,2.004,228,0.0,0.0,0.0,0.0,0.0,0.0,0.0,0.0,0.0,0,0,0,0.0,4068322677096448.0,-0.0,-0.0,-0.0,-18976.973,-2555681634779136.0,-0.0,2.3993386327980078e+32,-2.2232642515205293e+35,-229925520.0,7.898622021652584e+20,0.0,0.242,0.0,-0.109,0,1.3516416376850534e+27,228,0.0,456,-621855232.0,5.6142779363101766e+35,2112,52429,17109,0,17112,52429,17095,0,0,0,101,100,100,-0.0,66.2,2.7302343157793998e+23,66.6,0.0,66.5,1,49,50,180,52429,52429,0,0,0.0,0.0,0.0,60.0,4.4808829232123245e+25,71.0,0.0,117.628,0.0,1069,0,1069,0,0,0,1069,0,1080,0,999,0,666,0,668,0,663,0,680,0.032,1.4536034330083127e+22,0.0,0.0,23184,16814,2.0705782528119904e+29,1170.043,0.0,-7.217793924802919e+31,-2980.1,-0.0,50.0,60.0,35,0.0,0.0,10.0,2.0,0.0,0.0,0.0,0.0,0.0,0.0,0.0,0.0,0.0,0.0,0.0,0.0,58.8,46,16,65516,27,65476,150,65476,0,0,4,20529,65476,0,0,30147,60.0,0.0,10.0,10.0,2.0,0.0
2026-02-16T12:51:30,ERR,ERR,ERR,ERR,ERR,ERR,ERR,ERR,ERR,ERR,ERR,ERR,ERR,ERR,ERR,ERR,ERR,ERR,ERR,ERR,ERR,ERR,ERR,ERR,ERR,ERR,ERR,ERR,ERR,ERR,ERR,ERR,ERR,ERR,ERR,ERR,ERR,ERR,ERR,ERR,ERR,ERR,ERR,ERR,ERR,ERR,ERR,ERR,ERR,ERR,ERR,ERR,ERR,ERR,ERR,ERR,ERR,ERR,ERR,ERR,ERR,ERR,ERR,ERR,ERR,ERR,ERR,ERR,ERR,ERR,ERR,ERR,ERR,ERR,ERR,ERR,ERR,ERR,ERR,ERR,ERR,ERR,ERR,ERR,ERR,ERR,ERR,ERR,ERR,ERR,ERR,ERR,ERR,ERR,ERR,ERR,ERR,ERR,ERR,ERR,ERR,ERR,ERR,ERR,ERR,ERR,ERR,ERR,ERR,ERR,ERR,ERR,ERR,ERR,ERR,ERR,ERR,ERR,ERR,ERR,ERR,ERR,ERR,ERR,ERR,0.0,-0.0,-107090032.0,0.0,-3.160207272547048e+29,-0.0,8.676304178984449e+27,-1.0201070864859612e+22,4300,0,8,17170,4300,0.0,41,0.0,0.0,0.0,0.0,0.0,0,0,0,0,0.0,0,0,0,0,0,0,0,0,0,0,0,0,0,0,0,0,0,0,0,0,0,0,0,0,0,0,0,0,0,0,0,0,0,7,37,37,44,65476,360,65476,1,0,4,21553,0.0,-107610720.0,0.0,0.0,0.0,0.0,0.0,0.0,0.0,0.0,0.0,0.0,0.0,0.0,0.0,0.0,0.0,0.0,0.0,0.0,0.0,2.004,0.0,-3.6970818999223845e+19,-3.697074863047967e+19,0.0,0.0,0.0,0.0,0.0,6627.0,-1.5879389867419013e+29,0.0,0.0,-0.0,-107616248.0,-0.0,0.0,0.0,2.004,2.004,228,0.0,0.0,0.0,0.0,0.0,0.0,0.0,0.0,0.0,0,0,0,0.0,4068322677096448.0,-0.0,-0.0,-0.0,-18976.973,-2555681634779136.0,-0.0,2.3993386327980078e+32,-2.2232642515205293e+35,-229925520.0,7.898622021652584e+20,0.0,0.242,0.0,-0.109,0,1.3516416376850534e+27,228,0.0,456,-621855232.0,5.6142779363101766e+35,2112,52429,17109,0,17112,0,17096,0,0,0,101,100,100,-0.0,66.2,2.7302343157793998e+23,66.7,2.7302343157793998e+23,66.5,1,49,50,180,52429,52429,0,0,0.0,0.0,0.0,60.0,8.313024259802289e+20,71.0,0.0,-13136.341,0.0,1069,0,1069,0,0,0,1069,0,1080,0,999,0,667,0,667,0,663,0,680,0.032,1.4609821306377965e+22,0.0,0.0,63760,16813,1771759730688.0,-57.064,2.063218623035474e+17,-0.0,-1.755048185094321e+37,0.0,50.0,60.0,35,0.0,0.0,10.0,2.0,0.0,0.0,0.0,0.0,0.0,0.0,0.0,0.0,0.0,0.0,0.0,0.0,58.8,47,16,65515,27,65476,72,65476,0,0,4,20529,65476,0,0,30147,60.0,0.0,10.0,10.0,2.0,0.0
2026-02-16T12:51:31,ERR,ERR,ERR,ERR,ERR,ERR,ERR,ERR,ERR,ERR,ERR,ERR,ERR,ERR,ERR,ERR,ERR,ERR,ERR,ERR,ERR,ERR,ERR,ERR,ERR,ERR,ERR,ERR,ERR,ERR,ERR,ERR,ERR,ERR,ERR,ERR,ERR,ERR,ERR,ERR,ERR,ERR,ERR,ERR,ERR,ERR,ERR,ERR,ERR,ERR,ERR,ERR,ERR,ERR,ERR,ERR,ERR,ERR,ERR,ERR,ERR,ERR,ERR,ERR,ERR,ERR,ERR,ERR,ERR,ERR,ERR,ERR,ERR,ERR,ERR,ERR,ERR,ERR,ERR,ERR,ERR,ERR,ERR,ERR,ERR,ERR,ERR,ERR,ERR,ERR,ERR,ERR,ERR,ERR,ERR,ERR,ERR,ERR,ERR,ERR,ERR,ERR,ERR,ERR,ERR,ERR,ERR,ERR,ERR,ERR,ERR,ERR,ERR,ERR,ERR,ERR,ERR,ERR,ERR,ERR,ERR,ERR,ERR,ERR,ERR,0.0,-0.0,-107090032.0,0.0,-3.160207272547048e+29,-0.0,8.676304178984449e+27,-1.0201070864859612e+22,4300,0,8,17170,4300,0.0,41,0.0,0.0,0.0,0.0,0.0,0,0,0,0,0.0,0,0,0,0,0,0,0,0,0,0,0,0,0,0,0,0,0,0,0,0,0,0,0,0,0,0,0,0,0,0,0,0,0,7,37,37,44,65476,360,65476,1,0,4,21553,0.0,-107610720.0,0.0,0.0,0.0,0.0,0.0,0.0,0.0,0.0,0.0,0.0,0.0,0.0,0.0,0.0,0.0,0.0,0.0,0.0,0.0,2.004,0.0,-3.6970818999223845e+19,-3.697074863047967e+19,0.0,0.0,0.0,0.0,0.0,6627.0,-1.5879389867419013e+29,0.0,0.0,-0.0,-107616248.0,-0.0,0.0,0.0,2.004,2.004,228,0.0,0.0,0.0,0.0,0.0,0.0,0.0,0.0,0.0,0,0,0,0.0,4068322677096448.0,-0.0,-0.0,-0.0,-18976.973,-2555681634779136.0,-0.0,2.3993386327980078e+32,-2.2232642515205293e+35,-229925520.0,7.898622021652584e+20,0.0,0.242,0.0,-0.109,0,1.3516416376850534e+27,228,0.0,456,-621855232.0,5.6142779363101766e+35,2112,52429,17109,0,17112,0,17096,0,0,0,101,100,100,-0.0,66.2,2.7302343157793998e+23,66.7,2.7302343157793998e+23,66.5,1,49,50,180,52429,52429,0,0,0.0,0.0,0.0,60.0,8.313024259802289e+20,71.0,0.0,-13136.341,0.0,1069,0,1069,0,0,0,1069,0,1080,0,999,0,667,0,667,0,663,0,680,0.032,1.4609821306377965e+22,0.0,0.0,63760,16813,1771759730688.0,-57.064,2.063218623035474e+17,-0.0,-1.755048185094321e+37,0.0,50.0,60.0,35,0.0,0.0,10.0,2.0,0.0,0.0,0.0,0.0,0.0,0.0,0.0,0.0,0.0,0.0,0.0,0.0,59.2,50,14,65512,27,65476,0,65476,1,0,4,20529,65476,0,0,30147,60.0,0.0,10.0,10.0,2.0,0.0
2026-02-16T12:51:32,ERR,ERR,ERR,ERR,ERR,ERR,ERR,ERR,ERR,ERR,ERR,ERR,ERR,ERR,ERR,ERR,ERR,ERR,ERR,ERR,ERR,ERR,ERR,ERR,ERR,ERR,ERR,ERR,ERR,ERR,ERR,ERR,ERR,ERR,ERR,ERR,ERR,ERR,ERR,ERR,ERR,ERR,ERR,ERR,ERR,ERR,ERR,ERR,ERR,ERR,ERR,ERR,ERR,ERR,ERR,ERR,ERR,ERR,ERR,ERR,ERR,ERR,ERR,ERR,ERR,ERR,ERR,ERR,ERR,ERR,ERR,ERR,ERR,ERR,ERR,ERR,ERR,ERR,ERR,ERR,ERR,ERR,ERR,ERR,ERR,ERR,ERR,ERR,ERR,ERR,ERR,ERR,ERR,ERR,ERR,ERR,ERR,ERR,ERR,ERR,ERR,ERR,ERR,ERR,ERR,ERR,ERR,ERR,ERR,ERR,ERR,ERR,ERR,ERR,ERR,ERR,ERR,ERR,ERR,ERR,ERR,ERR,ERR,ERR,ERR,-107615880.0,-0.0,0.0,0.0,140341403451392.0,0.001,-3.1259818723498388e+31,-0.0,4300,0,8,17170,4300,0.0,41,0.0,0.0,0.0,0.0,0.0,0,0,0,0,0.0,0,0,0,0,0,0,0,0,0,0,0,0,0,0,0,0,0,0,0,0,0,0,0,0,0,0,0,0,0,0,0,0,0,8,37,36,44,65476,361,65476,1,0,4,21553,0.0,-0.0,0.0,0.0,0.0,0.0,0.0,0.0,0.0,0.0,0.0,0.0,0.0,0.0,0.0,0.0,0.0,0.0,0.0,0.0,0.0,2.004,2.004,-3.6970818999223845e+19,-3.697074863047967e+19,3.69707618246192e+19,0.0,0.0,0.0,0.0,6630.0,-2.4230026042814656e+24,0.0,0.0,-0.0,-107616248.0,-2.7184507374263774e+23,0.0,0.0,2.004,2.004,230,0.0,-4.950424729324142e+32,0.0,0.0,0.0,0.0,0.0,0.0,0.0,0,0,0,nan,5.073026782685854e+36,-0.0,-7499278188544.0,-0.0,-0.0,-861.095,91788.016,-4498209.0,-2.366052415130237e+35,-242508432.0,8.45202434386387e+20,0.0,0.254,0.0,27413573632.0,0,1.3516416376850534e+27,230,0.0,460,2.3398240911695988e+30,-0.0,2112,52429,17109,0,17112,0,17096,0,0,0,101,100,100,-0.0,66.2,2.7302343157793998e+23,66.7,2.7302343157793998e+23,66.5,1,49,50,180,52429,52429,0,0,0.0,0.0,0.0,60.0,8.313024259802289e+20,71.0,0.0,-13136.341,0.0,1069,0,1069,0,0,0,1069,0,1080,0,999,0,667,0,667,0,663,0,680,0.032,1.4609821306377965e+22,0.0,0.0,63760,16813,1771759730688.0,-57.064,2.063218623035474e+17,-0.0,-1.755048185094321e+37,0.0,50.0,60.0,35,0.0,0.0,10.0,2.0,0.0,0.0,0.0,0.0,0.0,0.0,0.0,0.0,0.0,0.0,0.0,0.0,59.2,50,14,65512,27,65476,0,65476,1,0,4,20529,65476,0,0,30147,60.0,0.0,10.0,10.0,2.0,0.0
2026-02-16T12:51:33,ERR,ERR,ERR,ERR,ERR,ERR,ERR,ERR,ERR,ERR,ERR,ERR,ERR,ERR,ERR,ERR,ERR,ERR,ERR,ERR,ERR,ERR,ERR,ERR,ERR,ERR,ERR,ERR,ERR,ERR,ERR,ERR,ERR,ERR,ERR,ERR,ERR,ERR,ERR,ERR,ERR,ERR,ERR,ERR,ERR,ERR,ERR,ERR,ERR,ERR,ERR,ERR,ERR,ERR,ERR,ERR,ERR,ERR,ERR,ERR,ERR,ERR,ERR,ERR,ERR,ERR,ERR,ERR,ERR,ERR,ERR,ERR,ERR,ERR,ERR,ERR,ERR,ERR,ERR,ERR,ERR,ERR,ERR,ERR,ERR,ERR,ERR,ERR,ERR,ERR,ERR,ERR,ERR,ERR,ERR,ERR,ERR,ERR,ERR,ERR,ERR,ERR,ERR,ERR,ERR,ERR,ERR,ERR,ERR,ERR,ERR,ERR,ERR,ERR,ERR,ERR,ERR,ERR,ERR,ERR,ERR,ERR,ERR,ERR,ERR,-107615880.0,-0.0,0.0,0.0,140341403451392.0,0.001,-3.1259818723498388e+31,-0.0,4300,0,8,17170,4300,0.0,41,0.0,0.0,0.0,0.0,0.0,0,0,0,0,0.0,0,0,0,0,0,0,0,0,0,0,0,0,0,0,0,0,0,0,0,0,0,0,0,0,0,0,0,0,0,0,0,0,0,8,37,36,44,65476,361,65476,1,0,4,21553,0.0,-0.0,0.0,0.0,0.0,0.0,0.0,0.0,0.0,0.0,0.0,0.0,0.0,0.0,0.0,0.0,0.0,0.0,0.0,0.0,0.0,2.004,2.004,-3.6970818999223845e+19,-3.697074863047967e+19,3.69707618246192e+19,0.0,0.0,0.0,0.0,6630.0,-2.4230026042814656e+24,0.0,0.0,-0.0,-107616248.0,-2.7184507374263774e+23,0.0,0.0,2.004,2.004,230,0.0,-4.950424729324142e+32,0.0,0.0,0.0,0.0,0.0,0.0,0.0,0,0,0,nan,5.073026782685854e+36,-0.0,-7499278188544.0,-0.0,-0.0,-861.095,91788.016,-4498209.0,-2.366052415130237e+35,-242508432.0,8.45202434386387e+20,0.0,0.254,0.0,27413573632.0,0,1.3516416376850534e+27,230,0.0,460,2.3398240911695988e+30,-0.0,2112,52429,17109,0,17112,0,17096,0,0,0,101,100,100,-0.0,66.3,-0.0,66.7,2.7302343157793998e+23,66.5,1,49,50,180,52429,52429,0,0,0.0,0.0,0.0,60.0,13.641,71.0,0.0,-1.0291302935153617e+26,0.0,1069,0,1069,0,0,0,1069,0,1080,0,999,0,667,0,667,0,663,0,680,0.032,1.4609821306377965e+22,0.0,0.0,3600,16814,106976886784.0,-1.0291302935153617e+26,3.1723035576245207e+32,1.7331433767230557e+31,0.0,0.0,50.0,60.0,35,0.0,0.0,10.0,2.0,0.0,0.0,0.0,0.0,0.0,0.0,0.0,0.0,0.0,0.0,0.0,0.0,58.8,53,12,65510,27,65476,160,65476,1,0,4,20529,65476,0,0,30147,60.0,0.0,10.0,10.0,2.0,0.0
2026-02-16T12:51:34,ERR,ERR,ERR,ERR,ERR,ERR,ERR,ERR,ERR,ERR,ERR,ERR,ERR,ERR,ERR,ERR,ERR,ERR,ERR,ERR,ERR,ERR,ERR,ERR,ERR,ERR,ERR,ERR,ERR,ERR,ERR,ERR,ERR,ERR,ERR,ERR,ERR,ERR,ERR,ERR,ERR,ERR,ERR,ERR,ERR,ERR,ERR,ERR,ERR,ERR,ERR,ERR,ERR,ERR,ERR,ERR,ERR,ERR,ERR,ERR,ERR,ERR,ERR,ERR,ERR,ERR,ERR,ERR,ERR,ERR,ERR,ERR,ERR,ERR,ERR,ERR,ERR,ERR,ERR,ERR,ERR,ERR,ERR,ERR,ERR,ERR,ERR,ERR,ERR,ERR,ERR,ERR,ERR,ERR,ERR,ERR,ERR,ERR,ERR,ERR,ERR,ERR,ERR,ERR,ERR,ERR,ERR,ERR,ERR,ERR,ERR,ERR,ERR,ERR,ERR,ERR,ERR,ERR,ERR,ERR,ERR,ERR,ERR,ERR,ERR,-107615880.0,-0.0,0.0,0.0,140341403451392.0,0.001,-3.1259818723498388e+31,-0.0,4300,0,8,17170,4300,0.0,41,0.0,0.0,0.0,0.0,0.0,0,0,0,0,0.0,0,0,0,0,0,0,0,0,0,0,0,0,0,0,0,0,0,0,0,0,0,0,0,0,0,0,0,0,0,0,0,0,0,8,37,36,44,65476,361,65476,1,0,4,21553,0.0,-0.0,0.0,0.0,0.0,0.0,0.0,0.0,0.0,0.0,0.0,0.0,0.0,0.0,0.0,0.0,0.0,0.0,0.0,0.0,0.0,2.004,2.004,-3.6970818999223845e+19,-3.697074863047967e+19,3.69707618246192e+19,0.0,0.0,0.0,0.0,6630.0,-2.4230026042814656e+24,0.0,0.0,-0.0,-107616248.0,-2.7184507374263774e+23,0.0,0.0,2.004,2.004,230,0.0,-4.950424729324142e+32,0.0,0.0,0.0,0.0,0.0,0.0,0.0,0,0,0,nan,5.073026782685854e+36,-0.0,-7499278188544.0,-0.0,-0.0,-861.095,91788.016,-4498209.0,-2.366052415130237e+35,-242508432.0,8.45202434386387e+20,0.0,0.254,0.0,27413573632.0,0,1.3516416376850534e+27,230,0.0,460,2.3398240911695988e+30,-0.0,2112,52429,17109,0,17112,0,17096,0,0,0,101,100,100,-0.0,66.3,-0.0,66.7,2.7302343157793998e+23,66.5,1,49,50,180,52429,52429,0,0,0.0,0.0,0.0,60.0,13.641,71.0,0.0,-1.0291302935153617e+26,0.0,1069,0,1069,0,0,0,1069,0,1080,0,999,0,667,0,667,0,663,0,680,0.032,1.4609821306377965e+22,0.0,0.0,3600,16814,106976886784.0,-1.0291302935153617e+26,3.1723035576245207e+32,1.7331433767230557e+31,0.0,0.0,50.0,60.0,35,0.0,0.0,10.0,2.0,0.0,0.0,0.0,0.0,0.0,0.0,0.0,0.0,0.0,0.0,0.0,0.0,58.8,53,12,65510,27,65476,160,65476,1,0,4,20529,65476,0,0,30147,60.0,0.0,10.0,10.0,2.0,0.0
2026-02-16T12:51:35,ERR,ERR,ERR,ERR,ERR,ERR,ERR,ERR,ERR,ERR,ERR,ERR,ERR,ERR,ERR,ERR,ERR,ERR,ERR,ERR,ERR,ERR,ERR,ERR,ERR,ERR,ERR,ERR,ERR,ERR,ERR,ERR,ERR,ERR,ERR,ERR,ERR,ERR,ERR,ERR,ERR,ERR,ERR,ERR,ERR,ERR,ERR,ERR,ERR,ERR,ERR,ERR,ERR,ERR,ERR,ERR,ERR,ERR,ERR,ERR,ERR,ERR,ERR,ERR,ERR,ERR,ERR,ERR,ERR,ERR,ERR,ERR,ERR,ERR,ERR,ERR,ERR,ERR,ERR,ERR,ERR,ERR,ERR,ERR,ERR,ERR,ERR,ERR,ERR,ERR,ERR,ERR,ERR,ERR,ERR,ERR,ERR,ERR,ERR,ERR,ERR,ERR,ERR,ERR,ERR,ERR,ERR,ERR,ERR,ERR,ERR,ERR,ERR,ERR,ERR,ERR,ERR,ERR,ERR,ERR,ERR,ERR,ERR,ERR,ERR,-107615880.0,-0.0,0.0,0.0,140341403451392.0,0.001,-3.1259818723498388e+31,-0.0,4300,0,8,17170,4300,0.0,41,0.0,0.0,0.0,0.0,0.0,0,0,0,0,0.0,0,0,0,0,0,0,0,0,0,0,0,0,0,0,0,0,0,0,0,0,0,0,0,0,0,0,0,0,0,0,0,0,0,8,37,36,44,65476,361,65476,1,0,4,21553,0.0,-0.0,0.0,0.0,0.0,0.0,0.0,0.0,0.0,0.0,0.0,0.0,0.0,0.0,0.0,0.0,0.0,0.0,0.0,0.0,0.0,2.004,2.004,-3.6970818999223845e+19,-3.697074863047967e+19,3.69707618246192e+19,0.0,0.0,0.0,0.0,6630.0,-2.4230026042814656e+24,0.0,0.0,-0.0,-107616248.0,-2.7184507374263774e+23,0.0,0.0,2.004,2.004,230,0.0,-4.950424729324142e+32,0.0,0.0,0.0,0.0,0.0,0.0,0.0,0,0,0,nan,5.073026782685854e+36,-0.0,-7499278188544.0,-0.0,-0.0,-861.095,91788.016,-4498209.0,-2.366052415130237e+35,-242508432.0,8.45202434386387e+20,0.0,0.254,0.0,27413573632.0,0,1.3516416376850534e+27,230,0.0,460,2.3398240911695988e+30,-0.0,2112,52429,17109,0,17112,0,17096,0,0,0,101,100,100,-0.0,66.3,-0.0,66.7,2.7302343157793998e+23,66.5,1,49,50,180,52429,52429,0,0,0.0,0.0,0.0,60.0,13.641,71.0,0.0,-1.0291302935153617e+26,0.0,1069,0,1069,0,0,0,1069,0,1080,0,999,0,667,0,667,0,663,0,680,0.032,1.4609821306377965e+22,0.0,0.0,3600,16814,106976886784.0,-1.0291302935153617e+26,3.1723035576245207e+32,1.7331433767230557e+31,0.0,0.0,50.0,60.0,35,0.0,0.0,10.0,2.0,0.0,0.0,0.0,0.0,0.0,0.0,0.0,0.0,0.0,0.0,0.0,0.0,58.8,54,12,65509,27,65476,239,65476,1,0,4,20529,65476,0,0,30147,60.0,0.0,10.0,10.0,2.0,0.0
2026-02-16T12:51:36,ERR,ERR,ERR,ERR,ERR,ERR,ERR,ERR,ERR,ERR,ERR,ERR,ERR,ERR,ERR,ERR,ERR,ERR,ERR,ERR,ERR,ERR,ERR,ERR,ERR,ERR,ERR,ERR,ERR,ERR,ERR,ERR,ERR,ERR,ERR,ERR,ERR,ERR,ERR,ERR,ERR,ERR,ERR,ERR,ERR,ERR,ERR,ERR,ERR,ERR,ERR,ERR,ERR,ERR,ERR,ERR,ERR,ERR,ERR,ERR,ERR,ERR,ERR,ERR,ERR,ERR,ERR,ERR,ERR,ERR,ERR,ERR,ERR,ERR,ERR,ERR,ERR,ERR,ERR,ERR,ERR,ERR,ERR,ERR,ERR,ERR,ERR,ERR,ERR,ERR,ERR,ERR,ERR,ERR,ERR,ERR,ERR,ERR,ERR,ERR,ERR,ERR,ERR,ERR,ERR,ERR,ERR,ERR,ERR,ERR,ERR,ERR,ERR,ERR,ERR,ERR,ERR,ERR,ERR,ERR,ERR,ERR,ERR,ERR,ERR,-107615880.0,-0.0,0.0,0.0,140341403451392.0,0.0,-53127629766656.0,-0.0,4300,0,8,17170,4300,0.0,41,0.0,0.0,0.0,0.0,0.0,0,0,0,0,0.0,0,0,0,0,0,0,0,0,0,0,0,0,0,0,0,0,0,0,0,0,0,0,0,0,0,0,0,0,0,0,0,0,0,8,37,36,44,65476,360,65476,1,0,4,21553,0.0,-0.0,0.0,0.0,0.0,0.0,0.0,0.0,0.0,0.0,0.0,0.0,0.0,0.0,0.0,0.0,0.0,0.0,0.0,0.0,0.0,2.004,0.0,-3.6970818999223845e+19,-3.697074863047967e+19,-0.0,0.0,0.0,0.0,0.0,6631.0,8608234496.0,0.0,-107615880.0,-0.0,-107616248.0,0.0,0.0,0.0,2.004,2.004,229,0.059,-0.0,0.0,0.0,0.0,0.0,0.0,0.0,0.0,0,0,0,0.0,2.265598559324821e+27,-0.0,-3.185069427423389e+32,-0.192,0.0,4.327427456859047e+23,-0.0,nan,-2.521821320886282e+35,-256139920.0,9.005426666075157e+20,0.0,0.278,0.0,-0.0,0,1.3516416376850534e+27,229,0.0,458,0.0,-0.0,2112,52429,17109,0,17112,0,17096,0,0,0,101,100,100,-0.0,66.2,2.7302343157793998e+23,66.6,0.0,66.5,1,49,50,180,52429,52429,0,0,0.0,0.0,0.0,60.0,3575971.5,71.0,0.0,0.0,0.0,1069,0,1069,0,0,0,1069,0,1080,0,999,0,667,0,668,0,663,0,680,0.032,1.4536034330083127e+22,0.0,0.0,64144,16813,3575971.5,0.0,-510.501,0.0,619575836672.0,-0.0,50.0,60.0,35,0.0,0.0,10.0,2.0,0.0,0.0,0.0,0.0,0.0,0.0,0.0,0.0,0.0,0.0,0.0,0.0,58.8,53,12,65510,27,65476,400,65476,1,0,4,20529,65476,0,0,30147,60.0,0.0,10.0,10.0,2.0,0.0
2026-02-16T12:51:37,ERR,ERR,ERR,ERR,ERR,ERR,ERR,ERR,ERR,ERR,ERR,ERR,ERR,ERR,ERR,ERR,ERR,ERR,ERR,ERR,ERR,ERR,ERR,ERR,ERR,ERR,ERR,ERR,ERR,ERR,ERR,ERR,ERR,ERR,ERR,ERR,ERR,ERR,ERR,ERR,ERR,ERR,ERR,ERR,ERR,ERR,ERR,ERR,ERR,ERR,ERR,ERR,ERR,ERR,ERR,ERR,ERR,ERR,ERR,ERR,ERR,ERR,ERR,ERR,ERR,ERR,ERR,ERR,ERR,ERR,ERR,ERR,ERR,ERR,ERR,ERR,ERR,ERR,ERR,ERR,ERR,ERR,ERR,ERR,ERR,ERR,ERR,ERR,ERR,ERR,ERR,ERR,ERR,ERR,ERR,ERR,ERR,ERR,ERR,ERR,ERR,ERR,ERR,ERR,ERR,ERR,ERR,ERR,ERR,ERR,ERR,ERR,ERR,ERR,ERR,ERR,ERR,ERR,ERR,ERR,ERR,ERR,ERR,ERR,ERR,-107615880.0,-0.0,0.0,0.0,140341403451392.0,0.0,-53127629766656.0,-0.0,4300,0,8,17170,4300,0.0,41,0.0,0.0,0.0,0.0,0.0,0,0,0,0,0.0,0,0,0,0,0,0,0,0,0,0,0,0,0,0,0,0,0,0,0,0,0,0,0,0,0,0,0,0,0,0,0,0,0,8,37,36,44,65476,360,65476,1,0,4,21553,0.0,-0.0,0.0,0.0,0.0,0.0,0.0,0.0,0.0,0.0,0.0,0.0,0.0,0.0,0.0,0.0,0.0,0.0,0.0,0.0,0.0,2.004,0.0,-3.6970818999223845e+19,-3.697074863047967e+19,-0.0,0.0,0.0,0.0,0.0,6631.0,8608234496.0,0.0,-107615880.0,-0.0,-107616248.0,0.0,0.0,0.0,2.004,2.004,229,0.059,-0.0,0.0,0.0,0.0,0.0,0.0,0.0,0.0,0,0,0,0.0,2.265598559324821e+27,-0.0,-3.185069427423389e+32,-0.192,0.0,4.327427456859047e+23,-0.0,nan,-2.521821320886282e+35,-256139920.0,9.005426666075157e+20,0.0,0.278,0.0,-0.0,0,1.3516416376850534e+27,229,0.0,458,0.0,-0.0,2112,52429,17109,0,17112,0,17096,0,0,0,101,100,100,-0.0,66.2,2.7302343157793998e+23,66.6,0.0,66.5,1,49,50,180,52429,52429,0,0,0.0,0.0,0.0,60.0,3575971.5,71.0,0.0,0.0,0.0,1069,0,1069,0,0,0,1069,0,1080,0,999,0,667,0,668,0,663,0,680,0.032,1.4536034330083127e+22,0.0,0.0,64144,16813,3575971.5,0.0,-510.501,0.0,619575836672.0,-0.0,50.0,60.0,35,0.0,0.0,10.0,2.0,0.0,0.0,0.0,0.0,0.0,0.0,0.0,0.0,0.0,0.0,0.0,0.0,58.8,53,12,65510,27,65476,400,65476,1,0,4,20529,65476,0,0,30147,60.0,0.0,10.0,10.0,2.0,0.0
2026-02-16T12:51:38,ERR,ERR,ERR,ERR,ERR,ERR,ERR,ERR,ERR,ERR,ERR,ERR,ERR,ERR,ERR,ERR,ERR,ERR,ERR,ERR,ERR,ERR,ERR,ERR,ERR,ERR,ERR,ERR,ERR,ERR,ERR,ERR,ERR,ERR,ERR,ERR,ERR,ERR,ERR,ERR,ERR,ERR,ERR,ERR,ERR,ERR,ERR,ERR,ERR,ERR,ERR,ERR,ERR,ERR,ERR,ERR,ERR,ERR,ERR,ERR,ERR,ERR,ERR,ERR,ERR,ERR,ERR,ERR,ERR,ERR,ERR,ERR,ERR,ERR,ERR,ERR,ERR,ERR,ERR,ERR,ERR,ERR,ERR,ERR,ERR,ERR,ERR,ERR,ERR,ERR,ERR,ERR,ERR,ERR,ERR,ERR,ERR,ERR,ERR,ERR,ERR,ERR,ERR,ERR,ERR,ERR,ERR,ERR,ERR,ERR,ERR,ERR,ERR,ERR,ERR,ERR,ERR,ERR,ERR,ERR,ERR,ERR,ERR,ERR,ERR,-107615880.0,-0.0,0.0,0.0,140341403451392.0,0.0,-53127629766656.0,-0.0,4300,0,8,17170,4300,0.0,41,0.0,0.0,0.0,0.0,0.0,0,0,0,0,0.0,0,0,0,0,0,0,0,0,0,0,0,0,0,0,0,0,0,0,0,0,0,0,0,0,0,0,0,0,0,0,0,0,0,8,37,36,44,65476,360,65476,1,0,4,21553,0.0,-0.0,0.0,0.0,0.0,0.0,0.0,0.0,0.0,0.0,0.0,0.0,0.0,0.0,0.0,0.0,0.0,0.0,0.0,0.0,0.0,2.004,0.0,-3.6970818999223845e+19,-3.697074863047967e+19,-0.0,0.0,0.0,0.0,0.0,6631.0,8608234496.0,0.0,-107615880.0,-0.0,-107616248.0,0.0,0.0,0.0,2.004,2.004,229,0.059,-0.0,0.0,0.0,0.0,0.0,0.0,0.0,0.0,0,0,0,0.0,2.265598559324821e+27,-0.0,-3.185069427423389e+32,-0.192,0.0,4.327427456859047e+23,-0.0,nan,-2.521821320886282e+35,-256139920.0,9.005426666075157e+20,0.0,0.278,0.0,-0.0,0,1.3516416376850534e+27,229,0.0,458,0.0,-0.0,2112,52429,17109,0,17112,0,17096,0,0,0,101,100,100,-0.0,66.2,2.7302343157793998e+23,66.6,0.0,66.5,1,49,50,180,52429,52429,0,0,0.0,0.0,0.0,60.0,3575971.5,71.0,0.0,0.0,0.0,1069,0,1069,0,0,0,1069,0,1080,0,999,0,667,0,668,0,663,0,680,0.032,1.4536034330083127e+22,0.0,0.0,64144,16813,3575971.5,0.0,-510.501,0.0,619575836672.0,-0.0,50.0,60.0,35,0.0,0.0,10.0,2.0,0.0,0.0,0.0,0.0,0.0,0.0,0.0,0.0,0.0,0.0,0.0,0.0,58.8,50,14,65512,27,65476,558,65476,1,0,4,20529,65476,0,0,30147,60.0,0.0,10.0,10.0,2.0,0.0
2026-02-16T12:51:39,ERR,ERR,ERR,ERR,ERR,ERR,ERR,ERR,ERR,ERR,ERR,ERR,ERR,ERR,ERR,ERR,ERR,ERR,ERR,ERR,ERR,ERR,ERR,ERR,ERR,ERR,ERR,ERR,ERR,ERR,ERR,ERR,ERR,ERR,ERR,ERR,ERR,ERR,ERR,ERR,ERR,ERR,ERR,ERR,ERR,ERR,ERR,ERR,ERR,ERR,ERR,ERR,ERR,ERR,ERR,ERR,ERR,ERR,ERR,ERR,ERR,ERR,ERR,ERR,ERR,ERR,ERR,ERR,ERR,ERR,ERR,ERR,ERR,ERR,ERR,ERR,ERR,ERR,ERR,ERR,ERR,ERR,ERR,ERR,ERR,ERR,ERR,ERR,ERR,ERR,ERR,ERR,ERR,ERR,ERR,ERR,ERR,ERR,ERR,ERR,ERR,ERR,ERR,ERR,ERR,ERR,ERR,ERR,ERR,ERR,ERR,ERR,ERR,ERR,ERR,ERR,ERR,ERR,ERR,ERR,ERR,ERR,ERR,ERR,ERR,-107615880.0,-0.0,0.0,0.0,140341403451392.0,0.0,-53127629766656.0,-0.0,4300,0,8,17170,4300,0.0,41,0.0,0.0,0.0,0.0,0.0,0,0,0,0,0.0,0,0,0,0,0,0,0,0,0,0,0,0,0,0,0,0,0,0,0,0,0,0,0,0,0,0,0,0,0,0,0,0,0,8,37,36,44,65476,360,65476,1,0,4,21553,0.0,-0.0,0.0,0.0,0.0,0.0,0.0,0.0,0.0,0.0,0.0,0.0,0.0,0.0,0.0,0.0,0.0,0.0,0.0,0.0,0.0,2.004,0.0,-3.6970818999223845e+19,-3.697074863047967e+19,-0.0,0.0,0.0,0.0,0.0,6631.0,8608234496.0,0.0,-107615880.0,-0.0,-107616248.0,0.0,0.0,0.0,2.004,2.004,229,0.059,-0.0,0.0,0.0,0.0,0.0,0.0,0.0,0.0,0,0,0,0.0,2.265598559324821e+27,-0.0,-3.185069427423389e+32,-0.192,0.0,4.327427456859047e+23,-0.0,nan,-2.521821320886282e+35,-256139920.0,9.005426666075157e+20,0.0,0.278,0.0,-0.0,0,1.3516416376850534e+27,229,0.0,458,0.0,-0.0,2112,52429,17109,0,17112,0,17096,0,0,0,101,100,100,-0.0,66.3,2.7302343157793998e+23,66.7,2.7302343157793998e+23,66.5,1,49,50,180,52429,52429,0,0,0.0,0.0,0.0,60.0,1691136661913600.0,71.0,0.0,-6.419598041122589e+33,0.0,1069,0,1069,0,0,0,1069,0,1080,0,1000,0,667,0,668,0,663,0,680,0.032,1.4609821306377965e+22,0.0,0.0,18192,16814,9.463916048352075e+21,-116101185536.0,-13639917568.0,0.0,5.556343512226076e+22,-0.0,50.0,60.0,35,0.0,0.0,10.0,2.0,0.0,0.0,0.0,0.0,0.0,0.0,0.0,0.0,0.0,0.0,0.0,0.0,58.8,50,14,65512,27,65476,558,65476,1,0,4,20529,65476,0,0,30147,60.0,0.0,10.0,10.0,2.0,0.0
2026-02-16T12:51:40,ERR,ERR,ERR,ERR,ERR,ERR,ERR,ERR,ERR,ERR,ERR,ERR,ERR,ERR,ERR,ERR,ERR,ERR,ERR,ERR,ERR,ERR,ERR,ERR,ERR,ERR,ERR,ERR,ERR,ERR,ERR,ERR,ERR,ERR,ERR,ERR,ERR,ERR,ERR,ERR,ERR,ERR,ERR,ERR,ERR,ERR,ERR,ERR,ERR,ERR,ERR,ERR,ERR,ERR,ERR,ERR,ERR,ERR,ERR,ERR,ERR,ERR,ERR,ERR,ERR,ERR,ERR,ERR,ERR,ERR,ERR,ERR,ERR,ERR,ERR,ERR,ERR,ERR,ERR,ERR,ERR,ERR,ERR,ERR,ERR,ERR,ERR,ERR,ERR,ERR,ERR,ERR,ERR,ERR,ERR,ERR,ERR,ERR,ERR,ERR,ERR,ERR,ERR,ERR,ERR,ERR,ERR,ERR,ERR,ERR,ERR,ERR,ERR,ERR,ERR,ERR,ERR,ERR,ERR,ERR,ERR,ERR,ERR,ERR,ERR,-107615880.0,-0.0,0.0,0.0,140341403451392.0,0.0,-53127629766656.0,-0.0,4300,0,8,17170,4300,0.0,41,0.0,0.0,0.0,0.0,0.0,0,0,0,0,0.0,0,0,0,0,0,0,0,0,0,0,0,0,0,0,0,0,0,0,0,0,0,0,0,0,0,0,0,0,0,0,0,0,0,8,37,36,44,65476,360,65476,1,0,4,21553,0.0,-0.0,0.0,0.0,0.0,0.0,0.0,0.0,0.0,0.0,0.0,0.0,0.0,0.0,0.0,0.0,0.0,0.0,0.0,0.0,0.0,2.004,0.0,-3.6970818999223845e+19,-3.697074863047967e+19,-0.0,0.0,0.0,0.0,0.0,6631.0,8608234496.0,0.0,-107615880.0,-0.0,-107616248.0,0.0,0.0,0.0,2.004,2.004,229,0.059,-0.0,0.0,0.0,0.0,0.0,0.0,0.0,0.0,0,0,0,0.0,2.265598559324821e+27,-0.0,-3.185069427423389e+32,-0.192,0.0,4.327427456859047e+23,-0.0,nan,-2.521821320886282e+35,-256139920.0,9.005426666075157e+20,0.0,0.278,0.0,-0.0,0,1.3516416376850534e+27,229,0.0,458,0.0,-0.0,2112,52429,17109,0,17112,0,17096,0,0,0,101,100,100,-0.0,66.3,2.7302343157793998e+23,66.7,2.7302343157793998e+23,66.5,1,49,50,180,52429,52429,0,0,0.0,0.0,0.0,60.0,1691136661913600.0,71.0,0.0,-6.419598041122589e+33,0.0,1069,0,1069,0,0,0,1069,0,1080,0,1000,0,667,0,668,0,663,0,680,0.032,1.4609821306377965e+22,0.0,0.0,18192,16814,9.463916048352075e+21,-116101185536.0,-13639917568.0,0.0,5.556343512226076e+22,-0.0,50.0,60.0,35,0.0,0.0,10.0,2.0,0.0,0.0,0.0,0.0,0.0,0.0,0.0,0.0,0.0,0.0,0.0,0.0,58.8,48,15,65514,27,65476,638,65476,1,0,4,20529,65476,0,0,30147,60.0,0.0,10.0,10.0,2.0,0.0
2026-02-16T12:51:41,ERR,ERR,ERR,ERR,ERR,ERR,ERR,ERR,ERR,ERR,ERR,ERR,ERR,ERR,ERR,ERR,ERR,ERR,ERR,ERR,ERR,ERR,ERR,ERR,ERR,ERR,ERR,ERR,ERR,ERR,ERR,ERR,ERR,ERR,ERR,ERR,ERR,ERR,ERR,ERR,ERR,ERR,ERR,ERR,ERR,ERR,ERR,ERR,ERR,ERR,ERR,ERR,ERR,ERR,ERR,ERR,ERR,ERR,ERR,ERR,ERR,ERR,ERR,ERR,ERR,ERR,ERR,ERR,ERR,ERR,ERR,ERR,ERR,ERR,ERR,ERR,ERR,ERR,ERR,ERR,ERR,ERR,ERR,ERR,ERR,ERR,ERR,ERR,ERR,ERR,ERR,ERR,ERR,ERR,ERR,ERR,ERR,ERR,ERR,ERR,ERR,ERR,ERR,ERR,ERR,ERR,ERR,ERR,ERR,ERR,ERR,ERR,ERR,ERR,ERR,ERR,ERR,ERR,ERR,ERR,ERR,ERR,ERR,ERR,ERR,-107615880.0,-0.0,0.0,0.0,140341403451392.0,-0.0,1.4040295607509052e+26,7457482752.0,4300,0,8,17170,4300,0.0,41,0.0,0.0,0.0,0.0,0.0,0,0,0,0,0.0,0,0,0,0,0,0,0,0,0,0,0,0,0,0,0,0,0,0,0,0,0,0,0,0,0,0,0,0,0,0,0,0,0,8,37,36,44,65476,358,65476,1,0,4,21553,0.0,-0.0,0.0,0.0,0.0,0.0,0.0,0.0,0.0,0.0,0.0,0.0,0.0,0.0,0.0,0.0,0.0,0.0,0.0,0.0,0.0,2.004,0.0,-3.6970818999223845e+19,-3.697074863047967e+19,-0.0,0.0,0.0,0.0,0.0,6627.0,0.0,0.0,0.0,-0.0,-107616248.0,0.0,0.0,0.0,2.004,2.004,230,0.0,4.950424729324142e+32,0.0,0.0,0.0,0.0,0.0,0.0,0.0,0,0,0,-2.972568828306365e+19,-338447.062,-0.0,3.988,-0.0,0.0,0.0,0.0,14993.564,-2.6775902266423267e+35,-269010208.0,9.604945848470717e+20,0.0,0.297,0.0,0.0,0,1.3516416376850534e+27,230,0.0,460,-621855232.0,5.6142779363101766e+35,2112,52429,17109,0,17112,0,17096,0,0,0,101,100,100,-0.0,66.3,2.7302343157793998e+23,66.7,2.7302343157793998e+23,66.5,1,49,50,180,52429,52429,0,0,0.0,0.0,0.0,60.0,1691136661913600.0,71.0,0.0,-6.419598041122589e+33,0.0,1069,0,1069,0,0,0,1069,0,1080,0,1000,0,667,0,668,0,663,0,680,0.032,1.4609821306377965e+22,0.0,0.0,18192,16814,9.463916048352075e+21,-116101185536.0,-13639917568.0,0.0,5.556343512226076e+22,-0.0,50.0,60.0,35,0.0,0.0,10.0,2.0,0.0,0.0,0.0,0.0,0.0,0.0,0.0,0.0,0.0,0.0,0.0,0.0,58.8,43,19,65520,27,65476,798,65476,1,0,4,20529,65476,0,0,30147,60.0,0.0,10.0,10.0,2.0,0.0
2026-02-16T12:51:42,ERR,ERR,ERR,ERR,ERR,ERR,ERR,ERR,ERR,ERR,ERR,ERR,ERR,ERR,ERR,ERR,ERR,ERR,ERR,ERR,ERR,ERR,ERR,ERR,ERR,ERR,ERR,ERR,ERR,ERR,ERR,ERR,ERR,ERR,ERR,ERR,ERR,ERR,ERR,ERR,ERR,ERR,ERR,ERR,ERR,ERR,ERR,ERR,ERR,ERR,ERR,ERR,ERR,ERR,ERR,ERR,ERR,ERR,ERR,ERR,ERR,ERR,ERR,ERR,ERR,ERR,ERR,ERR,ERR,ERR,ERR,ERR,ERR,ERR,ERR,ERR,ERR,ERR,ERR,ERR,ERR,ERR,ERR,ERR,ERR,ERR,ERR,ERR,ERR,ERR,ERR,ERR,ERR,ERR,ERR,ERR,ERR,ERR,ERR,ERR,ERR,ERR,ERR,ERR,ERR,ERR,ERR,ERR,ERR,ERR,ERR,ERR,ERR,ERR,ERR,ERR,ERR,ERR,ERR,ERR,ERR,ERR,ERR,ERR,ERR,-107615880.0,-0.0,0.0,0.0,140341403451392.0,-0.0,1.4040295607509052e+26,7457482752.0,4300,0,8,17170,4300,0.0,41,0.0,0.0,0.0,0.0,0.0,0,0,0,0,0.0,0,0,0,0,0,0,0,0,0,0,0,0,0,0,0,0,0,0,0,0,0,0,0,0,0,0,0,0,0,0,0,0,0,8,37,36,44,65476,358,65476,1,0,4,21553,0.0,-0.0,0.0,0.0,0.0,0.0,0.0,0.0,0.0,0.0,0.0,0.0,0.0,0.0,0.0,0.0,0.0,0.0,0.0,0.0,0.0,2.004,0.0,-3.6970818999223845e+19,-3.697074863047967e+19,-0.0,0.0,0.0,0.0,0.0,6627.0,0.0,0.0,0.0,-0.0,-107616248.0,0.0,0.0,0.0,2.004,2.004,230,0.0,4.950424729324142e+32,0.0,0.0,0.0,0.0,0.0,0.0,0.0,0,0,0,-2.972568828306365e+19,-338447.062,-0.0,3.988,-0.0,0.0,0.0,0.0,14993.564,-2.6775902266423267e+35,-269010208.0,9.604945848470717e+20,0.0,0.297,0.0,0.0,0,1.3516416376850534e+27,230,0.0,460,-621855232.0,5.6142779363101766e+35,2112,52429,17109,0,17112,0,17096,0,0,0,101,100,100,-0.0,66.3,2.7302343157793998e+23,66.7,2.7302343157793998e+23,66.5,1,49,50,180,52429,52429,0,0,0.0,0.0,0.0,60.0,1691136661913600.0,71.0,0.0,-6.419598041122589e+33,0.0,1069,0,1069,0,0,0,1069,0,1080,0,1000,0,667,0,668,0,663,0,680,0.032,1.4609821306377965e+22,0.0,0.0,18192,16814,9.463916048352075e+21,-116101185536.0,-13639917568.0,0.0,5.556343512226076e+22,-0.0,50.0,60.0,35,0.0,0.0,10.0,2.0,0.0,0.0,0.0,0.0,0.0,0.0,0.0,0.0,0.0,0.0,0.0,0.0,58.8,43,19,65520,27,65476,798,65476,1,0,4,20529,65476,0,0,30147,60.0,0.0,10.0,10.0,2.0,0.0
2026-02-16T12:51:43,ERR,ERR,ERR,ERR,ERR,ERR,ERR,ERR,ERR,ERR,ERR,ERR,ERR,ERR,ERR,ERR,ERR,ERR,ERR,ERR,ERR,ERR,ERR,ERR,ERR,ERR,ERR,ERR,ERR,ERR,ERR,ERR,ERR,ERR,ERR,ERR,ERR,ERR,ERR,ERR,ERR,ERR,ERR,ERR,ERR,ERR,ERR,ERR,ERR,ERR,ERR,ERR,ERR,ERR,ERR,ERR,ERR,ERR,ERR,ERR,ERR,ERR,ERR,ERR,ERR,ERR,ERR,ERR,ERR,ERR,ERR,ERR,ERR,ERR,ERR,ERR,ERR,ERR,ERR,ERR,ERR,ERR,ERR,ERR,ERR,ERR,ERR,ERR,ERR,ERR,ERR,ERR,ERR,ERR,ERR,ERR,ERR,ERR,ERR,ERR,ERR,ERR,ERR,ERR,ERR,ERR,ERR,ERR,ERR,ERR,ERR,ERR,ERR,ERR,ERR,ERR,ERR,ERR,ERR,ERR,ERR,ERR,ERR,ERR,ERR,-107615880.0,-0.0,0.0,0.0,140341403451392.0,-0.0,1.4040295607509052e+26,7457482752.0,4300,0,8,17170,4300,0.0,41,0.0,0.0,0.0,0.0,0.0,0,0,0,0,0.0,0,0,0,0,0,0,0,0,0,0,0,0,0,0,0,0,0,0,0,0,0,0,0,0,0,0,0,0,0,0,0,0,0,8,37,36,44,65476,358,65476,1,0,4,21553,0.0,-0.0,0.0,0.0,0.0,0.0,0.0,0.0,0.0,0.0,0.0,0.0,0.0,0.0,0.0,0.0,0.0,0.0,0.0,0.0,0.0,2.004,0.0,-3.6970818999223845e+19,-3.697074863047967e+19,-0.0,0.0,0.0,0.0,0.0,6627.0,0.0,0.0,0.0,-0.0,-107616248.0,0.0,0.0,0.0,2.004,2.004,230,0.0,4.950424729324142e+32,0.0,0.0,0.0,0.0,0.0,0.0,0.0,0,0,0,-2.972568828306365e+19,-338447.062,-0.0,3.988,-0.0,0.0,0.0,0.0,14993.564,-2.6775902266423267e+35,-269010208.0,9.604945848470717e+20,0.0,0.297,0.0,0.0,0,1.3516416376850534e+27,230,0.0,460,-621855232.0,5.6142779363101766e+35,2112,52429,17109,0,17112,0,17096,0,0,0,101,100,100,-0.0,66.3,-0.0,66.7,2.7302343157793998e+23,66.5,1,49,50,180,52429,52429,0,0,0.0,0.0,0.0,60.0,5.950158156583339e+28,71.0,0.0,-7842792734720.0,0.0,1069,0,1069,0,0,0,1069,0,1080,0,1000,0,667,0,668,0,663,0,680,0.032,1.4536034330083127e+22,0.0,0.0,16272,16814,9.444502979691367e+32,-0.0,-28704.078,0.0,2.2901366230498673e+18,-0.0,50.0,60.0,35,0.0,0.0,10.0,2.0,0.0,0.0,0.0,0.0,0.0,0.0,0.0,0.0,0.0,0.0,0.0,0.0,58.8,38,23,65525,27,65476,881,65476,1,0,4,20529,65476,0,0,30147,60.0,0.0,10.0,10.0,2.0,0.0
2026-02-16T12:51:44,ERR,ERR,ERR,ERR,ERR,ERR,ERR,ERR,ERR,ERR,ERR,ERR,ERR,ERR,ERR,ERR,ERR,ERR,ERR,ERR,ERR,ERR,ERR,ERR,ERR,ERR,ERR,ERR,ERR,ERR,ERR,ERR,ERR,ERR,ERR,ERR,ERR,ERR,ERR,ERR,ERR,ERR,ERR,ERR,ERR,ERR,ERR,ERR,ERR,ERR,ERR,ERR,ERR,ERR,ERR,ERR,ERR,ERR,ERR,ERR,ERR,ERR,ERR,ERR,ERR,ERR,ERR,ERR,ERR,ERR,ERR,ERR,ERR,ERR,ERR,ERR,ERR,ERR,ERR,ERR,ERR,ERR,ERR,ERR,ERR,ERR,ERR,ERR,ERR,ERR,ERR,ERR,ERR,ERR,ERR,ERR,ERR,ERR,ERR,ERR,ERR,ERR,ERR,ERR,ERR,ERR,ERR,ERR,ERR,ERR,ERR,ERR,ERR,ERR,ERR,ERR,ERR,ERR,ERR,ERR,ERR,ERR,ERR,ERR,ERR,-107615880.0,-0.0,0.0,0.0,140341403451392.0,-0.0,1.4040295607509052e+26,7457482752.0,4300,0,8,17170,4300,0.0,41,0.0,0.0,0.0,0.0,0.0,0,0,0,0,0.0,0,0,0,0,0,0,0,0,0,0,0,0,0,0,0,0,0,0,0,0,0,0,0,0,0,0,0,0,0,0,0,0,0,8,37,36,44,65476,358,65476,1,0,4,21553,0.0,-0.0,0.0,0.0,0.0,0.0,0.0,0.0,0.0,0.0,0.0,0.0,0.0,0.0,0.0,0.0,0.0,0.0,0.0,0.0,0.0,2.004,0.0,-3.6970818999223845e+19,-3.697074863047967e+19,-0.0,0.0,0.0,0.0,0.0,6627.0,0.0,0.0,0.0,-0.0,-107616248.0,0.0,0.0,0.0,2.004,2.004,230,0.0,4.950424729324142e+32,0.0,0.0,0.0,0.0,0.0,0.0,0.0,0,0,0,-2.972568828306365e+19,-338447.062,-0.0,3.988,-0.0,0.0,0.0,0.0,14993.564,-2.6775902266423267e+35,-269010208.0,9.604945848470717e+20,0.0,0.297,0.0,0.0,0,1.3516416376850534e+27,230,0.0,460,-621855232.0,5.6142779363101766e+35,2112,52429,17109,0,17112,0,17096,0,0,0,101,100,100,-0.0,66.3,-0.0,66.7,2.7302343157793998e+23,66.5,1,49,50,180,52429,52429,0,0,0.0,0.0,0.0,60.0,5.950158156583339e+28,71.0,0.0,-7842792734720.0,0.0,1069,0,1069,0,0,0,1069,0,1080,0,1000,0,667,0,668,0,663,0,680,0.032,1.4536034330083127e+22,0.0,0.0,16272,16814,9.444502979691367e+32,-0.0,-28704.078,0.0,2.2901366230498673e+18,-0.0,50.0,60.0,35,0.0,0.0,10.0,2.0,0.0,0.0,0.0,0.0,0.0,0.0,0.0,0.0,0.0,0.0,0.0,0.0,59.2,36,25,65527,27,65476,802,65476,1,0,4,20529,65476,0,0,30147,60.0,0.0,10.0,10.0,2.0,0.0
2026-02-16T12:51:45,ERR,ERR,ERR,ERR,ERR,ERR,ERR,ERR,ERR,ERR,ERR,ERR,ERR,ERR,ERR,ERR,ERR,ERR,ERR,ERR,ERR,ERR,ERR,ERR,ERR,ERR,ERR,ERR,ERR,ERR,ERR,ERR,ERR,ERR,ERR,ERR,ERR,ERR,ERR,ERR,ERR,ERR,ERR,ERR,ERR,ERR,ERR,ERR,ERR,ERR,ERR,ERR,ERR,ERR,ERR,ERR,ERR,ERR,ERR,ERR,ERR,ERR,ERR,ERR,ERR,ERR,ERR,ERR,ERR,ERR,ERR,ERR,ERR,ERR,ERR,ERR,ERR,ERR,ERR,ERR,ERR,ERR,ERR,ERR,ERR,ERR,ERR,ERR,ERR,ERR,ERR,ERR,ERR,ERR,ERR,ERR,ERR,ERR,ERR,ERR,ERR,ERR,ERR,ERR,ERR,ERR,ERR,ERR,ERR,ERR,ERR,ERR,ERR,ERR,ERR,ERR,ERR,ERR,ERR,ERR,ERR,ERR,ERR,ERR,ERR,-107615880.0,-0.0,0.0,0.0,140341403451392.0,-0.0,1.4040295607509052e+26,7457482752.0,4300,0,8,17170,4300,0.0,41,0.0,0.0,0.0,0.0,0.0,0,0,0,0,0.0,0,0,0,0,0,0,0,0,0,0,0,0,0,0,0,0,0,0,0,0,0,0,0,0,0,0,0,0,0,0,0,0,0,8,37,36,44,65476,358,65476,1,0,4,21553,0.0,-0.0,0.0,0.0,0.0,0.0,0.0,0.0,0.0,0.0,0.0,0.0,0.0,0.0,0.0,0.0,0.0,0.0,0.0,0.0,0.0,2.004,0.0,-3.6970818999223845e+19,-3.697074863047967e+19,-0.0,0.0,0.0,0.0,0.0,6627.0,0.0,0.0,0.0,-0.0,-107616248.0,0.0,0.0,0.0,2.004,2.004,230,0.0,4.950424729324142e+32,0.0,0.0,0.0,0.0,0.0,0.0,0.0,0,0,0,-2.972568828306365e+19,-338447.062,-0.0,3.988,-0.0,0.0,0.0,0.0,14993.564,-2.6775902266423267e+35,-269010208.0,9.604945848470717e+20,0.0,0.297,0.0,0.0,0,1.3516416376850534e+27,230,0.0,460,-621855232.0,5.6142779363101766e+35,2112,52429,17109,0,17112,0,17096,0,0,0,101,100,100,-0.0,66.3,-0.0,66.7,2.7302343157793998e+23,66.5,1,49,50,180,52429,52429,0,0,0.0,0.0,0.0,60.0,5.950158156583339e+28,71.0,0.0,-7842792734720.0,0.0,1069,0,1069,0,0,0,1069,0,1080,0,1000,0,667,0,668,0,663,0,680,0.032,1.4536034330083127e+22,0.0,0.0,16272,16814,9.444502979691367e+32,-0.0,-28704.078,0.0,2.2901366230498673e+18,-0.0,50.0,60.0,35,0.0,0.0,10.0,2.0,0.0,0.0,0.0,0.0,0.0,0.0,0.0,0.0,0.0,0.0,0.0,0.0,59.2,36,25,65527,27,65476,802,65476,1,0,4,20529,65476,0,0,30147,60.0,0.0,10.0,10.0,2.0,0.0
2026-02-16T12:51:46,ERR,ERR,ERR,ERR,ERR,ERR,ERR,ERR,ERR,ERR,ERR,ERR,ERR,ERR,ERR,ERR,ERR,ERR,ERR,ERR,ERR,ERR,ERR,ERR,ERR,ERR,ERR,ERR,ERR,ERR,ERR,ERR,ERR,ERR,ERR,ERR,ERR,ERR,ERR,ERR,ERR,ERR,ERR,ERR,ERR,ERR,ERR,ERR,ERR,ERR,ERR,ERR,ERR,ERR,ERR,ERR,ERR,ERR,ERR,ERR,ERR,ERR,ERR,ERR,ERR,ERR,ERR,ERR,ERR,ERR,ERR,ERR,ERR,ERR,ERR,ERR,ERR,ERR,ERR,ERR,ERR,ERR,ERR,ERR,ERR,ERR,ERR,ERR,ERR,ERR,ERR,ERR,ERR,ERR,ERR,ERR,ERR,ERR,ERR,ERR,ERR,ERR,ERR,ERR,ERR,ERR,ERR,ERR,ERR,ERR,ERR,ERR,ERR,ERR,ERR,ERR,ERR,ERR,ERR,ERR,ERR,ERR,ERR,ERR,ERR,-107615880.0,-0.0,0.0,0.0,140341403451392.0,-0.0,0.0,0.0,4300,0,8,17170,4300,0.0,41,0.0,0.0,0.0,0.0,0.0,0,0,0,0,0.0,0,0,0,0,0,0,0,0,0,0,0,0,0,0,0,0,0,0,0,0,0,0,0,0,0,0,0,0,0,0,0,0,0,8,36,36,44,65476,360,65476,1,0,4,21553,0.0,2.7183305813883192e+23,0.0,0.0,0.0,0.0,0.0,0.0,0.0,0.0,0.0,0.0,0.0,0.0,0.0,0.0,0.0,0.0,0.0,0.0,0.0,2.004,0.0,-3.6970818999223845e+19,-2.004,-0.0,0.0,0.0,0.0,0.0,6596.0,-131351.219,0.0,-107615880.0,-0.0,-0.0,0.0,0.0,0.0,2.004,2.004,229,126840545280.0,126841028608.0,0.0,0.0,0.0,0.0,0.0,0.0,0.0,0,0,0,-1.7526967847146666e+32,0.0,-0.0,-460114886656.0,-78.632,-0.0,-1.6253680751177065e+33,-2.6477535907638856e+23,-1.3077253766699644e+29,-2.8463398745447086e+35,-294176032.0,1.011223131049773e+21,0.0,0.321,0.0,0.0,0,1.3516416376850534e+27,229,0.0,458,0.0,0.0,2112,52429,17109,0,17112,52429,17095,0,0,0,101,100,100,-0.0,66.2,2.7302343157793998e+23,66.7,2.7302343157793998e+23,66.5,1,49,50,180,52429,52429,0,0,0.0,0.0,0.0,60.0,1.6341599156053048e+31,71.0,0.0,-0.0,0.0,1069,0,1069,0,0,0,1069,0,1080,0,1000,0,667,0,668,0,663,0,680,0.032,1.4536034330083127e+22,0.0,0.0,15760,16814,1.6341599156053048e+31,-0.0,-0.216,0.0,2392404000768.0,-0.0,50.0,60.0,35,0.0,0.0,10.0,2.0,0.0,0.0,0.0,0.0,0.0,0.0,0.0,0.0,0.0,0.0,0.0,0.0,58.8,32,28,65531,27,65476,735,65476,1,0,4,20529,65476,0,0,30147,60.0,0.0,10.0,10.0,2.0,0.0
2026-02-16T12:51:47,ERR,ERR,ERR,ERR,ERR,ERR,ERR,ERR,ERR,ERR,ERR,ERR,ERR,ERR,ERR,ERR,ERR,ERR,ERR,ERR,ERR,ERR,ERR,ERR,ERR,ERR,ERR,ERR,ERR,ERR,ERR,ERR,ERR,ERR,ERR,ERR,ERR,ERR,ERR,ERR,ERR,ERR,ERR,ERR,ERR,ERR,ERR,ERR,ERR,ERR,ERR,ERR,ERR,ERR,ERR,ERR,ERR,ERR,ERR,ERR,ERR,ERR,ERR,ERR,ERR,ERR,ERR,ERR,ERR,ERR,ERR,ERR,ERR,ERR,ERR,ERR,ERR,ERR,ERR,ERR,ERR,ERR,ERR,ERR,ERR,ERR,ERR,ERR,ERR,ERR,ERR,ERR,ERR,ERR,ERR,ERR,ERR,ERR,ERR,ERR,ERR,ERR,ERR,ERR,ERR,ERR,ERR,ERR,ERR,ERR,ERR,ERR,ERR,ERR,ERR,ERR,ERR,ERR,ERR,ERR,ERR,ERR,ERR,ERR,ERR,-107615880.0,-0.0,0.0,0.0,140341403451392.0,-0.0,0.0,0.0,4300,0,8,17170,4300,0.0,41,0.0,0.0,0.0,0.0,0.0,0,0,0,0,0.0,0,0,0,0,0,0,0,0,0,0,0,0,0,0,0,0,0,0,0,0,0,0,0,0,0,0,0,0,0,0,0,0,0,8,36,36,44,65476,360,65476,1,0,4,21553,0.0,2.7183305813883192e+23,0.0,0.0,0.0,0.0,0.0,0.0,0.0,0.0,0.0,0.0,0.0,0.0,0.0,0.0,0.0,0.0,0.0,0.0,0.0,2.004,0.0,-3.6970818999223845e+19,-2.004,-0.0,0.0,0.0,0.0,0.0,6596.0,-131351.219,0.0,-107615880.0,-0.0,-0.0,0.0,0.0,0.0,2.004,2.004,229,126840545280.0,126841028608.0,0.0,0.0,0.0,0.0,0.0,0.0,0.0,0,0,0,-1.7526967847146666e+32,0.0,-0.0,-460114886656.0,-78.632,-0.0,-1.6253680751177065e+33,-2.6477535907638856e+23,-1.3077253766699644e+29,-2.8463398745447086e+35,-294176032.0,1.011223131049773e+21,0.0,0.321,0.0,0.0,0,1.3516416376850534e+27,229,0.0,458,0.0,0.0,2112,52429,17109,0,17112,52429,17095,0,0,0,101,100,100,-0.0,66.2,2.7302343157793998e+23,66.7,2.7302343157793998e+23,66.5,1,49,50,180,52429,52429,0,0,0.0,0.0,0.0,60.0,1.6341599156053048e+31,71.0,0.0,-0.0,0.0,1069,0,1069,0,0,0,1069,0,1080,0,1000,0,667,0,668,0,663,0,680,0.032,1.4536034330083127e+22,0.0,0.0,15760,16814,1.6341599156053048e+31,-0.0,-0.216,0.0,2392404000768.0,-0.0,50.0,60.0,35,0.0,0.0,10.0,2.0,0.0,0.0,0.0,0.0,0.0,0.0,0.0,0.0,0.0,0.0,0.0,0.0,58.8,32,28,65531,27,65476,735,65476,1,0,4,20529,65476,0,0,30147,60.0,0.0,10.0,10.0,2.0,0.0
2026-02-16T12:51:48,ERR,ERR,ERR,ERR,ERR,ERR,ERR,ERR,ERR,ERR,ERR,ERR,ERR,ERR,ERR,ERR,ERR,ERR,ERR,ERR,ERR,ERR,ERR,ERR,ERR,ERR,ERR,ERR,ERR,ERR,ERR,ERR,ERR,ERR,ERR,ERR,ERR,ERR,ERR,ERR,ERR,ERR,ERR,ERR,ERR,ERR,ERR,ERR,ERR,ERR,ERR,ERR,ERR,ERR,ERR,ERR,ERR,ERR,ERR,ERR,ERR,ERR,ERR,ERR,ERR,ERR,ERR,ERR,ERR,ERR,ERR,ERR,ERR,ERR,ERR,ERR,ERR,ERR,ERR,ERR,ERR,ERR,ERR,ERR,ERR,ERR,ERR,ERR,ERR,ERR,ERR,ERR,ERR,ERR,ERR,ERR,ERR,ERR,ERR,ERR,ERR,ERR,ERR,ERR,ERR,ERR,ERR,ERR,ERR,ERR,ERR,ERR,ERR,ERR,ERR,ERR,ERR,ERR,ERR,ERR,ERR,ERR,ERR,ERR,ERR,-107615880.0,-0.0,0.0,0.0,140341403451392.0,-0.0,0.0,0.0,4300,0,8,17170,4300,0.0,41,0.0,0.0,0.0,0.0,0.0,0,0,0,0,0.0,0,0,0,0,0,0,0,0,0,0,0,0,0,0,0,0,0,0,0,0,0,0,0,0,0,0,0,0,0,0,0,0,0,8,36,36,44,65476,360,65476,1,0,4,21553,0.0,2.7183305813883192e+23,0.0,0.0,0.0,0.0,0.0,0.0,0.0,0.0,0.0,0.0,0.0,0.0,0.0,0.0,0.0,0.0,0.0,0.0,0.0,2.004,0.0,-3.6970818999223845e+19,-2.004,-0.0,0.0,0.0,0.0,0.0,6596.0,-131351.219,0.0,-107615880.0,-0.0,-0.0,0.0,0.0,0.0,2.004,2.004,229,126840545280.0,126841028608.0,0.0,0.0,0.0,0.0,0.0,0.0,0.0,0,0,0,-1.7526967847146666e+32,0.0,-0.0,-460114886656.0,-78.632,-0.0,-1.6253680751177065e+33,-2.6477535907638856e+23,-1.3077253766699644e+29,-2.8463398745447086e+35,-294176032.0,1.011223131049773e+21,0.0,0.321,0.0,0.0,0,1.3516416376850534e+27,229,0.0,458,0.0,0.0,2112,52429,17109,0,17112,52429,17095,0,0,0,101,100,100,-0.0,66.2,2.7302343157793998e+23,66.7,2.7302343157793998e+23,66.5,1,49,50,180,52429,52429,0,0,0.0,0.0,0.0,60.0,1.6341599156053048e+31,71.0,0.0,-0.0,0.0,1069,0,1069,0,0,0,1069,0,1080,0,1000,0,667,0,668,0,663,0,680,0.032,1.4536034330083127e+22,0.0,0.0,15760,16814,1.6341599156053048e+31,-0.0,-0.216,0.0,2392404000768.0,-0.0,50.0,60.0,35,0.0,0.0,10.0,2.0,0.0,0.0,0.0,0.0,0.0,0.0,0.0,0.0,0.0,0.0,0.0,0.0,58.8,30,30,65532,27,65476,656,65476,1,0,4,20529,65476,0,0,30147,60.0,0.0,10.0,10.0,2.0,0.0
2026-02-16T12:51:49,ERR,ERR,ERR,ERR,ERR,ERR,ERR,ERR,ERR,ERR,ERR,ERR,ERR,ERR,ERR,ERR,ERR,ERR,ERR,ERR,ERR,ERR,ERR,ERR,ERR,ERR,ERR,ERR,ERR,ERR,ERR,ERR,ERR,ERR,ERR,ERR,ERR,ERR,ERR,ERR,ERR,ERR,ERR,ERR,ERR,ERR,ERR,ERR,ERR,ERR,ERR,ERR,ERR,ERR,ERR,ERR,ERR,ERR,ERR,ERR,ERR,ERR,ERR,ERR,ERR,ERR,ERR,ERR,ERR,ERR,ERR,ERR,ERR,ERR,ERR,ERR,ERR,ERR,ERR,ERR,ERR,ERR,ERR,ERR,ERR,ERR,ERR,ERR,ERR,ERR,ERR,ERR,ERR,ERR,ERR,ERR,ERR,ERR,ERR,ERR,ERR,ERR,ERR,ERR,ERR,ERR,ERR,ERR,ERR,ERR,ERR,ERR,ERR,ERR,ERR,ERR,ERR,ERR,ERR,ERR,ERR,ERR,ERR,ERR,ERR,-107615880.0,-0.0,0.0,0.0,140341403451392.0,-0.0,0.0,0.0,4300,0,8,17170,4300,0.0,41,0.0,0.0,0.0,0.0,0.0,0,0,0,0,0.0,0,0,0,0,0,0,0,0,0,0,0,0,0,0,0,0,0,0,0,0,0,0,0,0,0,0,0,0,0,0,0,0,0,8,36,36,44,65476,360,65476,1,0,4,21553,0.0,2.7183305813883192e+23,0.0,0.0,0.0,0.0,0.0,0.0,0.0,0.0,0.0,0.0,0.0,0.0,0.0,0.0,0.0,0.0,0.0,0.0,0.0,2.004,0.0,-3.6970818999223845e+19,-2.004,-0.0,0.0,0.0,0.0,0.0,6596.0,-131351.219,0.0,-107615880.0,-0.0,-0.0,0.0,0.0,0.0,2.004,2.004,229,126840545280.0,126841028608.0,0.0,0.0,0.0,0.0,0.0,0.0,0.0,0,0,0,-1.7526967847146666e+32,0.0,-0.0,-460114886656.0,-78.632,-0.0,-1.6253680751177065e+33,-2.6477535907638856e+23,-1.3077253766699644e+29,-2.8463398745447086e+35,-294176032.0,1.011223131049773e+21,0.0,0.321,0.0,0.0,0,1.3516416376850534e+27,229,0.0,458,0.0,0.0,2112,52429,17109,0,17112,0,17096,0,0,0,101,100,100,-0.0,66.3,-0.0,66.7,2.7302343157793998e+23,66.5,1,49,50,180,52429,52429,0,0,0.0,0.0,0.0,60.0,9.866876261533248e+29,71.0,0.0,-0.0,0.0,1069,0,1069,0,0,0,1069,0,1080,0,1000,0,667,0,668,0,663,0,680,0.032,1.4609821306377965e+22,0.0,0.0,28304,16814,3.2504585421816033e+33,-0.0,-7.149685913494735e+24,-0.437,-0.0,-0.0,50.0,60.0,35,0.0,0.0,10.0,2.0,0.0,0.0,0.0,0.0,0.0,0.0,0.0,0.0,0.0,0.0,0.0,0.0,58.8,27,32,65535,27,65476,619,65476,1,0,4,20529,65476,0,0,30147,60.0,0.0,10.0,10.0,2.0,0.0
2026-02-16T12:51:50,ERR,ERR,ERR,ERR,ERR,ERR,ERR,ERR,ERR,ERR,ERR,ERR,ERR,ERR,ERR,ERR,ERR,ERR,ERR,ERR,ERR,ERR,ERR,ERR,ERR,ERR,ERR,ERR,ERR,ERR,ERR,ERR,ERR,ERR,ERR,ERR,ERR,ERR,ERR,ERR,ERR,ERR,ERR,ERR,ERR,ERR,ERR,ERR,ERR,ERR,ERR,ERR,ERR,ERR,ERR,ERR,ERR,ERR,ERR,ERR,ERR,ERR,ERR,ERR,ERR,ERR,ERR,ERR,ERR,ERR,ERR,ERR,ERR,ERR,ERR,ERR,ERR,ERR,ERR,ERR,ERR,ERR,ERR,ERR,ERR,ERR,ERR,ERR,ERR,ERR,ERR,ERR,ERR,ERR,ERR,ERR,ERR,ERR,ERR,ERR,ERR,ERR,ERR,ERR,ERR,ERR,ERR,ERR,ERR,ERR,ERR,ERR,ERR,ERR,ERR,ERR,ERR,ERR,ERR,ERR,ERR,ERR,ERR,ERR,ERR,0.0,-0.0,-107090032.0,0.0,-3.160207272547048e+29,-0.0,0.0,-0.0,4300,0,8,17170,4300,0.0,41,0.0,0.0,0.0,0.0,0.0,0,0,0,0,0.0,0,0,0,0,0,0,0,0,0,0,0,0,0,0,0,0,0,0,0,0,0,0,0,0,0,0,0,0,0,0,0,0,0,9,36,36,44,65476,358,65476,1,0,4,21553,0.0,0.0,0.0,0.0,0.0,0.0,0.0,0.0,0.0,0.0,0.0,0.0,0.0,0.0,0.0,0.0,0.0,0.0,0.0,0.0,0.0,2.004,2.004,-3.6970818999223845e+19,-2.004,2.004,0.0,0.0,0.0,0.0,6597.0,0.0,0.0,-107615880.0,-0.0,-0.0,-107616264.0,-0.0,0.0,2.004,2.004,228,0.0,-2.7184280392842555e+23,0.0,0.0,0.0,0.0,0.0,0.0,0.0,0,0,0,-6.989388070201378e+36,4.1747288757798634e+37,-0.0,2.941074176885452e+34,-0.0,0.0,-2.4824732858792393e+23,-1109590144.0,-1737524117504.0,-3.0150895224470905e+35,-319341856.0,1.071175049289329e+21,0.0,0.34,0.0,66.124,0,1.3516416376850534e+27,228,0.0,456,-621855232.0,0.0,2112,52429,17109,0,17112,0,17096,0,0,0,101,100,100,-0.0,66.3,-0.0,66.7,2.7302343157793998e+23,66.5,1,49,50,180,52429,52429,0,0,0.0,0.0,0.0,60.0,9.866876261533248e+29,71.0,0.0,-0.0,0.0,1069,0,1069,0,0,0,1069,0,1080,0,1000,0,667,0,668,0,663,0,680,0.032,1.4609821306377965e+22,0.0,0.0,28304,16814,3.2504585421816033e+33,-0.0,-7.149685913494735e+24,-0.437,-0.0,-0.0,50.0,60.0,35,0.0,0.0,10.0,2.0,0.0,0.0,0.0,0.0,0.0,0.0,0.0,0.0,0.0,0.0,0.0,0.0,58.8,27,32,65535,27,65476,619,65476,1,0,4,20529,65476,0,0,30147,60.0,0.0,10.0,10.0,2.0,0.0
2026-02-16T12:51:51,ERR,ERR,ERR,ERR,ERR,ERR,ERR,ERR,ERR,ERR,ERR,ERR,ERR,ERR,ERR,ERR,ERR,ERR,ERR,ERR,ERR,ERR,ERR,ERR,ERR,ERR,ERR,ERR,ERR,ERR,ERR,ERR,ERR,ERR,ERR,ERR,ERR,ERR,ERR,ERR,ERR,ERR,ERR,ERR,ERR,ERR,ERR,ERR,ERR,ERR,ERR,ERR,ERR,ERR,ERR,ERR,ERR,ERR,ERR,ERR,ERR,ERR,ERR,ERR,ERR,ERR,ERR,ERR,ERR,ERR,ERR,ERR,ERR,ERR,ERR,ERR,ERR,ERR,ERR,ERR,ERR,ERR,ERR,ERR,ERR,ERR,ERR,ERR,ERR,ERR,ERR,ERR,ERR,ERR,ERR,ERR,ERR,ERR,ERR,ERR,ERR,ERR,ERR,ERR,ERR,ERR,ERR,ERR,ERR,ERR,ERR,ERR,ERR,ERR,ERR,ERR,ERR,ERR,ERR,ERR,ERR,ERR,ERR,ERR,ERR,0.0,-0.0,-107090032.0,0.0,-3.160207272547048e+29,-0.0,0.0,-0.0,4300,0,8,17170,4300,0.0,41,0.0,0.0,0.0,0.0,0.0,0,0,0,0,0.0,0,0,0,0,0,0,0,0,0,0,0,0,0,0,0,0,0,0,0,0,0,0,0,0,0,0,0,0,0,0,0,0,0,9,36,36,44,65476,358,65476,1,0,4,21553,0.0,0.0,0.0,0.0,0.0,0.0,0.0,0.0,0.0,0.0,0.0,0.0,0.0,0.0,0.0,0.0,0.0,0.0,0.0,0.0,0.0,2.004,2.004,-3.6970818999223845e+19,-2.004,2.004,0.0,0.0,0.0,0.0,6597.0,0.0,0.0,-107615880.0,-0.0,-0.0,-107616264.0,-0.0,0.0,2.004,2.004,228,0.0,-2.7184280392842555e+23,0.0,0.0,0.0,0.0,0.0,0.0,0.0,0,0,0,-6.989388070201378e+36,4.1747288757798634e+37,-0.0,2.941074176885452e+34,-0.0,0.0,-2.4824732858792393e+23,-1109590144.0,-1737524117504.0,-3.0150895224470905e+35,-319341856.0,1.071175049289329e+21,0.0,0.34,0.0,66.124,0,1.3516416376850534e+27,228,0.0,456,-621855232.0,0.0,2112,52429,17109,0,17112,0,17096,0,0,0,101,100,100,-0.0,66.3,-0.0,66.7,2.7302343157793998e+23,66.5,1,49,50,180,52429,52429,0,0,0.0,0.0,0.0,60.0,9.866876261533248e+29,71.0,0.0,-0.0,0.0,1069,0,1069,0,0,0,1069,0,1080,0,1000,0,667,0,668,0,663,0,680,0.032,1.4609821306377965e+22,0.0,0.0,28304,16814,3.2504585421816033e+33,-0.0,-7.149685913494735e+24,-0.437,-0.0,-0.0,50.0,60.0,35,0.0,0.0,10.0,2.0,0.0,0.0,0.0,0.0,0.0,0.0,0.0,0.0,0.0,0.0,0.0,0.0,58.8,25,35,2,27,65476,545,65476,1,0,4,20529,65476,0,0,30147,60.0,0.0,10.0,10.0,2.0,0.0
2026-02-16T12:51:52,ERR,ERR,ERR,ERR,ERR,ERR,ERR,ERR,ERR,ERR,ERR,ERR,ERR,ERR,ERR,ERR,ERR,ERR,ERR,ERR,ERR,ERR,ERR,ERR,ERR,ERR,ERR,ERR,ERR,ERR,ERR,ERR,ERR,ERR,ERR,ERR,ERR,ERR,ERR,ERR,ERR,ERR,ERR,ERR,ERR,ERR,ERR,ERR,ERR,ERR,ERR,ERR,ERR,ERR,ERR,ERR,ERR,ERR,ERR,ERR,ERR,ERR,ERR,ERR,ERR,ERR,ERR,ERR,ERR,ERR,ERR,ERR,ERR,ERR,ERR,ERR,ERR,ERR,ERR,ERR,ERR,ERR,ERR,ERR,ERR,ERR,ERR,ERR,ERR,ERR,ERR,ERR,ERR,ERR,ERR,ERR,ERR,ERR,ERR,ERR,ERR,ERR,ERR,ERR,ERR,ERR,ERR,ERR,ERR,ERR,ERR,ERR,ERR,ERR,ERR,ERR,ERR,ERR,ERR,ERR,ERR,ERR,ERR,ERR,ERR,0.0,-0.0,-107090032.0,0.0,-3.160207272547048e+29,-0.0,0.0,-0.0,4300,0,8,17170,4300,0.0,41,0.0,0.0,0.0,0.0,0.0,0,0,0,0,0.0,0,0,0,0,0,0,0,0,0,0,0,0,0,0,0,0,0,0,0,0,0,0,0,0,0,0,0,0,0,0,0,0,0,9,36,36,44,65476,358,65476,1,0,4,21553,0.0,0.0,0.0,0.0,0.0,0.0,0.0,0.0,0.0,0.0,0.0,0.0,0.0,0.0,0.0,0.0,0.0,0.0,0.0,0.0,0.0,2.004,2.004,-3.6970818999223845e+19,-2.004,2.004,0.0,0.0,0.0,0.0,6597.0,0.0,0.0,-107615880.0,-0.0,-0.0,-107616264.0,-0.0,0.0,2.004,2.004,228,0.0,-2.7184280392842555e+23,0.0,0.0,0.0,0.0,0.0,0.0,0.0,0,0,0,-6.989388070201378e+36,4.1747288757798634e+37,-0.0,2.941074176885452e+34,-0.0,0.0,-2.4824732858792393e+23,-1109590144.0,-1737524117504.0,-3.0150895224470905e+35,-319341856.0,1.071175049289329e+21,0.0,0.34,0.0,66.124,0,1.3516416376850534e+27,228,0.0,456,-621855232.0,0.0,2112,52429,17109,0,17112,0,17096,0,0,0,101,100,100,-0.0,66.3,-0.0,66.7,2.7302343157793998e+23,66.5,1,49,50,180,52429,52429,0,0,0.0,0.0,0.0,60.0,9.866876261533248e+29,71.0,0.0,-0.0,0.0,1069,0,1069,0,0,0,1069,0,1080,0,1000,0,667,0,668,0,663,0,680,0.032,1.4609821306377965e+22,0.0,0.0,28304,16814,3.2504585421816033e+33,-0.0,-7.149685913494735e+24,-0.437,-0.0,-0.0,50.0,60.0,35,0.0,0.0,10.0,2.0,0.0,0.0,0.0,0.0,0.0,0.0,0.0,0.0,0.0,0.0,0.0,0.0,58.8,24,36,3,27,65476,545,65476,1,0,4,20529,65476,0,0,30147,60.0,0.0,10.0,10.0,2.0,0.0
2026-02-16T12:51:53,ERR,ERR,ERR,ERR,ERR,ERR,ERR,ERR,ERR,ERR,ERR,ERR,ERR,ERR,ERR,ERR,ERR,ERR,ERR,ERR,ERR,ERR,ERR,ERR,ERR,ERR,ERR,ERR,ERR,ERR,ERR,ERR,ERR,ERR,ERR,ERR,ERR,ERR,ERR,ERR,ERR,ERR,ERR,ERR,ERR,ERR,ERR,ERR,ERR,ERR,ERR,ERR,ERR,ERR,ERR,ERR,ERR,ERR,ERR,ERR,ERR,ERR,ERR,ERR,ERR,ERR,ERR,ERR,ERR,ERR,ERR,ERR,ERR,ERR,ERR,ERR,ERR,ERR,ERR,ERR,ERR,ERR,ERR,ERR,ERR,ERR,ERR,ERR,ERR,ERR,ERR,ERR,ERR,ERR,ERR,ERR,ERR,ERR,ERR,ERR,ERR,ERR,ERR,ERR,ERR,ERR,ERR,ERR,ERR,ERR,ERR,ERR,ERR,ERR,ERR,ERR,ERR,ERR,ERR,ERR,ERR,ERR,ERR,ERR,ERR,0.0,-0.0,-107090032.0,0.0,-3.160207272547048e+29,-0.0,0.0,-0.0,4300,0,8,17170,4300,0.0,41,0.0,0.0,0.0,0.0,0.0,0,0,0,0,0.0,0,0,0,0,0,0,0,0,0,0,0,0,0,0,0,0,0,0,0,0,0,0,0,0,0,0,0,0,0,0,0,0,0,9,36,36,44,65476,358,65476,1,0,4,21553,0.0,0.0,0.0,0.0,0.0,0.0,0.0,0.0,0.0,0.0,0.0,0.0,0.0,0.0,0.0,0.0,0.0,0.0,0.0,0.0,0.0,2.004,2.004,-3.6970818999223845e+19,-2.004,2.004,0.0,0.0,0.0,0.0,6597.0,0.0,0.0,-107615880.0,-0.0,-0.0,-107616264.0,-0.0,0.0,2.004,2.004,228,0.0,-2.7184280392842555e+23,0.0,0.0,0.0,0.0,0.0,0.0,0.0,0,0,0,-6.989388070201378e+36,4.1747288757798634e+37,-0.0,2.941074176885452e+34,-0.0,0.0,-2.4824732858792393e+23,-1109590144.0,-1737524117504.0,-3.0150895224470905e+35,-319341856.0,1.071175049289329e+21,0.0,0.34,0.0,66.124,0,1.3516416376850534e+27,228,0.0,456,-621855232.0,0.0,2112,52429,17109,0,17112,52429,17095,0,0,0,101,100,100,-0.0,66.3,2.7302343157793998e+23,66.7,2.7302343157793998e+23,66.5,1,49,50,180,39322,52429,0,0,0.0,0.0,0.0,60.0,-0.0,71.0,0.0,0.0,0.0,1068,0,1069,0,0,0,1069,0,1080,0,1000,0,667,0,668,0,663,0,680,0.032,1.4536034330083127e+22,0.0,0.0,22672,16814,2.0705782528119904e+29,0.0,0.0,0.0,-1703008141312.0,-4.617455199918794e+20,50.0,60.0,35,0.0,0.0,10.0,2.0,0.0,0.0,0.0,0.0,0.0,0.0,0.0,0.0,0.0,0.0,0.0,0.0,58.8,24,36,3,27,65476,545,65476,1,0,4,20529,65476,0,0,30147,60.0,0.0,10.0,10.0,2.0,0.0
2026-02-16T12:51:54,ERR,ERR,ERR,ERR,ERR,ERR,ERR,ERR,ERR,ERR,ERR,ERR,ERR,ERR,ERR,ERR,ERR,ERR,ERR,ERR,ERR,ERR,ERR,ERR,ERR,ERR,ERR,ERR,ERR,ERR,ERR,ERR,ERR,ERR,ERR,ERR,ERR,ERR,ERR,ERR,ERR,ERR,ERR,ERR,ERR,ERR,ERR,ERR,ERR,ERR,ERR,ERR,ERR,ERR,ERR,ERR,ERR,ERR,ERR,ERR,ERR,ERR,ERR,ERR,ERR,ERR,ERR,ERR,ERR,ERR,ERR,ERR,ERR,ERR,ERR,ERR,ERR,ERR,ERR,ERR,ERR,ERR,ERR,ERR,ERR,ERR,ERR,ERR,ERR,ERR,ERR,ERR,ERR,ERR,ERR,ERR,ERR,ERR,ERR,ERR,ERR,ERR,ERR,ERR,ERR,ERR,ERR,ERR,ERR,ERR,ERR,ERR,ERR,ERR,ERR,ERR,ERR,ERR,ERR,ERR,ERR,ERR,ERR,ERR,ERR,0.0,-0.0,-107090032.0,0.0,-3.160207272547048e+29,-0.0,0.0,-0.0,4300,0,8,17170,4300,0.0,41,0.0,0.0,0.0,0.0,0.0,0,0,0,0,0.0,0,0,0,0,0,0,0,0,0,0,0,0,0,0,0,0,0,0,0,0,0,0,0,0,0,0,0,0,0,0,0,0,0,9,36,36,44,65476,358,65476,1,0,4,21553,0.0,0.0,0.0,0.0,0.0,0.0,0.0,0.0,0.0,0.0,0.0,0.0,0.0,0.0,0.0,0.0,0.0,0.0,0.0,0.0,0.0,2.004,2.004,-3.6970818999223845e+19,-2.004,2.004,0.0,0.0,0.0,0.0,6597.0,0.0,0.0,-107615880.0,-0.0,-0.0,-107616264.0,-0.0,0.0,2.004,2.004,228,0.0,-2.7184280392842555e+23,0.0,0.0,0.0,0.0,0.0,0.0,0.0,0,0,0,-6.989388070201378e+36,4.1747288757798634e+37,-0.0,2.941074176885452e+34,-0.0,0.0,-2.4824732858792393e+23,-1109590144.0,-1737524117504.0,-3.0150895224470905e+35,-319341856.0,1.071175049289329e+21,0.0,0.34,0.0,66.124,0,1.3516416376850534e+27,228,0.0,456,-621855232.0,0.0,2112,52429,17109,0,17112,52429,17095,0,0,0,101,100,100,-0.0,66.3,2.7302343157793998e+23,66.7,2.7302343157793998e+23,66.5,1,49,50,180,39322,52429,0,0,0.0,0.0,0.0,60.0,-0.0,71.0,0.0,0.0,0.0,1068,0,1069,0,0,0,1069,0,1080,0,1000,0,667,0,668,0,663,0,680,0.032,1.4536034330083127e+22,0.0,0.0,22672,16814,2.0705782528119904e+29,0.0,0.0,0.0,-1703008141312.0,-4.617455199918794e+20,50.0,60.0,35,0.0,0.0,10.0,2.0,0.0,0.0,0.0,0.0,0.0,0.0,0.0,0.0,0.0,0.0,0.0,0.0,59.2,23,37,4,27,65476,470,65476,1,0,4,20529,65476,0,0,30147,60.0,0.0,10.0,10.0,2.0,0.0
2026-02-16T12:51:55,ERR,ERR,ERR,ERR,ERR,ERR,ERR,ERR,ERR,ERR,ERR,ERR,ERR,ERR,ERR,ERR,ERR,ERR,ERR,ERR,ERR,ERR,ERR,ERR,ERR,ERR,ERR,ERR,ERR,ERR,ERR,ERR,ERR,ERR,ERR,ERR,ERR,ERR,ERR,ERR,ERR,ERR,ERR,ERR,ERR,ERR,ERR,ERR,ERR,ERR,ERR,ERR,ERR,ERR,ERR,ERR,ERR,ERR,ERR,ERR,ERR,ERR,ERR,ERR,ERR,ERR,ERR,ERR,ERR,ERR,ERR,ERR,ERR,ERR,ERR,ERR,ERR,ERR,ERR,ERR,ERR,ERR,ERR,ERR,ERR,ERR,ERR,ERR,ERR,ERR,ERR,ERR,ERR,ERR,ERR,ERR,ERR,ERR,ERR,ERR,ERR,ERR,ERR,ERR,ERR,ERR,ERR,ERR,ERR,ERR,ERR,ERR,ERR,ERR,ERR,ERR,ERR,ERR,ERR,ERR,ERR,ERR,ERR,ERR,ERR,0.0,-0.0,-107090032.0,0.0,-3.160207272547048e+29,3.187924717261176e+20,-0.0,0.0,4300,0,8,17171,4300,0.0,41,0.0,0.0,0.0,0.0,0.0,0,0,0,0,0.0,0,0,0,0,0,0,0,0,0,0,0,0,0,0,0,0,0,0,0,0,0,0,0,0,0,0,0,0,0,0,0,0,0,9,36,36,44,65476,359,65476,1,0,4,21553,0.0,0.0,0.0,0.0,0.0,0.0,0.0,0.0,0.0,0.0,0.0,0.0,0.0,0.0,0.0,0.0,0.0,0.0,0.0,0.0,0.0,2.004,2.004,0.0,-0.0,0.0,0.0,0.0,0.0,0.0,6566.0,-0.0,0.0,0.0,-0.0,2.7184503771384073e+23,-0.0,0.0,0.0,2.004,2.004,230,0.0,3.2220245344017747e+26,0.0,0.0,0.0,0.0,0.0,0.0,0.0,0,0,0,0.0,0.0,-0.0,-0.0,-1090.107,-375311.562,-1.346,-0.0,-0.0,-3.1578776860567983e+35,-346604832.0,1.131126967528885e+21,0.0,0.364,0.0,0.016,0,1.3516416376850534e+27,230,0.0,460,0.0,-109185200.0,2112,52429,17109,0,17112,52429,17095,0,0,0,101,100,100,-0.0,66.3,2.7302343157793998e+23,66.7,2.7302343157793998e+23,66.5,1,49,50,180,39322,52429,0,0,0.0,0.0,0.0,60.0,-0.0,71.0,0.0,0.0,0.0,1068,0,1069,0,0,0,1069,0,1080,0,1000,0,667,0,668,0,663,0,680,0.032,1.4536034330083127e+22,0.0,0.0,22672,16814,2.0705782528119904e+29,0.0,0.0,0.0,-1703008141312.0,-4.617455199918794e+20,50.0,60.0,35,0.0,0.0,10.0,2.0,0.0,0.0,0.0,0.0,0.0,0.0,0.0,0.0,0.0,0.0,0.0,0.0,59.2,23,37,4,27,65476,470,65476,1,0,4,20529,65476,0,0,30147,60.0,0.0,10.0,10.0,2.0,0.0
2026-02-16T12:51:56,ERR,ERR,ERR,ERR,ERR,ERR,ERR,ERR,ERR,ERR,ERR,ERR,ERR,ERR,ERR,ERR,ERR,ERR,ERR,ERR,ERR,ERR,ERR,ERR,ERR,ERR,ERR,ERR,ERR,ERR,ERR,ERR,ERR,ERR,ERR,ERR,ERR,ERR,ERR,ERR,ERR,ERR,ERR,ERR,ERR,ERR,ERR,ERR,ERR,ERR,ERR,ERR,ERR,ERR,ERR,ERR,ERR,ERR,ERR,ERR,ERR,ERR,ERR,ERR,ERR,ERR,ERR,ERR,ERR,ERR,ERR,ERR,ERR,ERR,ERR,ERR,ERR,ERR,ERR,ERR,ERR,ERR,ERR,ERR,ERR,ERR,ERR,ERR,ERR,ERR,ERR,ERR,ERR,ERR,ERR,ERR,ERR,ERR,ERR,ERR,ERR,ERR,ERR,ERR,ERR,ERR,ERR,ERR,ERR,ERR,ERR,ERR,ERR,ERR,ERR,ERR,ERR,ERR,ERR,ERR,ERR,ERR,ERR,ERR,ERR,0.0,-0.0,-107090032.0,0.0,-3.160207272547048e+29,3.187924717261176e+20,-0.0,0.0,4300,0,8,17171,4300,0.0,41,0.0,0.0,0.0,0.0,0.0,0,0,0,0,0.0,0,0,0,0,0,0,0,0,0,0,0,0,0,0,0,0,0,0,0,0,0,0,0,0,0,0,0,0,0,0,0,0,0,9,36,36,44,65476,359,65476,1,0,4,21553,0.0,0.0,0.0,0.0,0.0,0.0,0.0,0.0,0.0,0.0,0.0,0.0,0.0,0.0,0.0,0.0,0.0,0.0,0.0,0.0,0.0,2.004,2.004,0.0,-0.0,0.0,0.0,0.0,0.0,0.0,6566.0,-0.0,0.0,0.0,-0.0,2.7184503771384073e+23,-0.0,0.0,0.0,2.004,2.004,230,0.0,3.2220245344017747e+26,0.0,0.0,0.0,0.0,0.0,0.0,0.0,0,0,0,0.0,0.0,-0.0,-0.0,-1090.107,-375311.562,-1.346,-0.0,-0.0,-3.1578776860567983e+35,-346604832.0,1.131126967528885e+21,0.0,0.364,0.0,0.016,0,1.3516416376850534e+27,230,0.0,460,0.0,-109185200.0,2112,52429,17109,0,17112,52429,17095,0,0,0,101,100,100,-0.0,66.3,-0.0,66.7,2.7302343157793998e+23,66.5,1,49,50,180,39322,52429,0,0,0.0,0.0,0.0,60.0,5.618479722680958e+36,71.0,0.0,-1066424128.0,0.0,1068,0,1069,0,0,0,1069,0,1080,0,1000,0,667,0,668,0,663,0,680,0.032,1.4536034330083127e+22,0.0,0.0,11280,16814,-0.0,-1066424128.0,-4.598186489539461e+18,1.73481131547474e+19,-0.0,1.663794120793387e+32,50.0,60.0,35,0.0,0.0,10.0,2.0,0.0,0.0,0.0,0.0,0.0,0.0,0.0,0.0,0.0,0.0,0.0,0.0,59.2,23,37,4,27,65476,454,65476,1,0,4,20529,65476,0,0,30147,60.0,0.0,10.0,10.0,2.0,0.0
2026-02-16T12:51:57,ERR,ERR,ERR,ERR,ERR,ERR,ERR,ERR,ERR,ERR,ERR,ERR,ERR,ERR,ERR,ERR,ERR,ERR,ERR,ERR,ERR,ERR,ERR,ERR,ERR,ERR,ERR,ERR,ERR,ERR,ERR,ERR,ERR,ERR,ERR,ERR,ERR,ERR,ERR,ERR,ERR,ERR,ERR,ERR,ERR,ERR,ERR,ERR,ERR,ERR,ERR,ERR,ERR,ERR,ERR,ERR,ERR,ERR,ERR,ERR,ERR,ERR,ERR,ERR,ERR,ERR,ERR,ERR,ERR,ERR,ERR,ERR,ERR,ERR,ERR,ERR,ERR,ERR,ERR,ERR,ERR,ERR,ERR,ERR,ERR,ERR,ERR,ERR,ERR,ERR,ERR,ERR,ERR,ERR,ERR,ERR,ERR,ERR,ERR,ERR,ERR,ERR,ERR,ERR,ERR,ERR,ERR,ERR,ERR,ERR,ERR,ERR,ERR,ERR,ERR,ERR,ERR,ERR,ERR,ERR,ERR,ERR,ERR,ERR,ERR,0.0,-0.0,-107090032.0,0.0,-3.160207272547048e+29,3.187924717261176e+20,-0.0,0.0,4300,0,8,17171,4300,0.0,41,0.0,0.0,0.0,0.0,0.0,0,0,0,0,0.0,0,0,0,0,0,0,0,0,0,0,0,0,0,0,0,0,0,0,0,0,0,0,0,0,0,0,0,0,0,0,0,0,0,9,36,36,44,65476,359,65476,1,0,4,21553,0.0,0.0,0.0,0.0,0.0,0.0,0.0,0.0,0.0,0.0,0.0,0.0,0.0,0.0,0.0,0.0,0.0,0.0,0.0,0.0,0.0,2.004,2.004,0.0,-0.0,0.0,0.0,0.0,0.0,0.0,6566.0,-0.0,0.0,0.0,-0.0,2.7184503771384073e+23,-0.0,0.0,0.0,2.004,2.004,230,0.0,3.2220245344017747e+26,0.0,0.0,0.0,0.0,0.0,0.0,0.0,0,0,0,0.0,0.0,-0.0,-0.0,-1090.107,-375311.562,-1.346,-0.0,-0.0,-3.1578776860567983e+35,-346604832.0,1.131126967528885e+21,0.0,0.364,0.0,0.016,0,1.3516416376850534e+27,230,0.0,460,0.0,-109185200.0,2112,52429,17109,0,17112,52429,17095,0,0,0,101,100,100,-0.0,66.3,-0.0,66.7,2.7302343157793998e+23,66.5,1,49,50,180,39322,52429,0,0,0.0,0.0,0.0,60.0,5.618479722680958e+36,71.0,0.0,-1066424128.0,0.0,1068,0,1069,0,0,0,1069,0,1080,0,1000,0,667,0,668,0,663,0,680,0.032,1.4536034330083127e+22,0.0,0.0,11280,16814,-0.0,-1066424128.0,-4.598186489539461e+18,1.73481131547474e+19,-0.0,1.663794120793387e+32,50.0,60.0,35,0.0,0.0,10.0,2.0,0.0,0.0,0.0,0.0,0.0,0.0,0.0,0.0,0.0,0.0,0.0,0.0,58.8,23,36,4,27,65476,454,65476,1,0,4,20529,65476,0,0,30147,60.0,0.0,10.0,10.0,2.0,0.0
2026-02-16T12:51:58,ERR,ERR,ERR,ERR,ERR,ERR,ERR,ERR,ERR,ERR,ERR,ERR,ERR,ERR,ERR,ERR,ERR,ERR,ERR,ERR,ERR,ERR,ERR,ERR,ERR,ERR,ERR,ERR,ERR,ERR,ERR,ERR,ERR,ERR,ERR,ERR,ERR,ERR,ERR,ERR,ERR,ERR,ERR,ERR,ERR,ERR,ERR,ERR,ERR,ERR,ERR,ERR,ERR,ERR,ERR,ERR,ERR,ERR,ERR,ERR,ERR,ERR,ERR,ERR,ERR,ERR,ERR,ERR,ERR,ERR,ERR,ERR,ERR,ERR,ERR,ERR,ERR,ERR,ERR,ERR,ERR,ERR,ERR,ERR,ERR,ERR,ERR,ERR,ERR,ERR,ERR,ERR,ERR,ERR,ERR,ERR,ERR,ERR,ERR,ERR,ERR,ERR,ERR,ERR,ERR,ERR,ERR,ERR,ERR,ERR,ERR,ERR,ERR,ERR,ERR,ERR,ERR,ERR,ERR,ERR,ERR,ERR,ERR,ERR,ERR,0.0,-0.0,-107090032.0,0.0,-3.160207272547048e+29,3.187924717261176e+20,-0.0,0.0,4300,0,8,17171,4300,0.0,41,0.0,0.0,0.0,0.0,0.0,0,0,0,0,0.0,0,0,0,0,0,0,0,0,0,0,0,0,0,0,0,0,0,0,0,0,0,0,0,0,0,0,0,0,0,0,0,0,0,9,36,36,44,65476,359,65476,1,0,4,21553,0.0,0.0,0.0,0.0,0.0,0.0,0.0,0.0,0.0,0.0,0.0,0.0,0.0,0.0,0.0,0.0,0.0,0.0,0.0,0.0,0.0,2.004,2.004,0.0,-0.0,0.0,0.0,0.0,0.0,0.0,6566.0,-0.0,0.0,0.0,-0.0,2.7184503771384073e+23,-0.0,0.0,0.0,2.004,2.004,230,0.0,3.2220245344017747e+26,0.0,0.0,0.0,0.0,0.0,0.0,0.0,0,0,0,0.0,0.0,-0.0,-0.0,-1090.107,-375311.562,-1.346,-0.0,-0.0,-3.1578776860567983e+35,-346604832.0,1.131126967528885e+21,0.0,0.364,0.0,0.016,0,1.3516416376850534e+27,230,0.0,460,0.0,-109185200.0,2112,52429,17109,0,17112,52429,17095,0,0,0,101,100,100,-0.0,66.3,-0.0,66.7,2.7302343157793998e+23,66.5,1,49,50,180,39322,52429,0,0,0.0,0.0,0.0,60.0,5.618479722680958e+36,71.0,0.0,-1066424128.0,0.0,1068,0,1069,0,0,0,1069,0,1080,0,1000,0,667,0,668,0,663,0,680,0.032,1.4536034330083127e+22,0.0,0.0,11280,16814,-0.0,-1066424128.0,-4.598186489539461e+18,1.73481131547474e+19,-0.0,1.663794120793387e+32,50.0,60.0,35,0.0,0.0,10.0,2.0,0.0,0.0,0.0,0.0,0.0,0.0,0.0,0.0,0.0,0.0,0.0,0.0,58.8,23,36,4,27,65476,454,65476,1,0,4,20529,65476,0,0,30147,60.0,0.0,10.0,10.0,2.0,0.0
2026-02-16T12:51:59,ERR,ERR,ERR,ERR,ERR,ERR,ERR,ERR,ERR,ERR,ERR,ERR,ERR,ERR,ERR,ERR,ERR,ERR,ERR,ERR,ERR,ERR,ERR,ERR,ERR,ERR,ERR,ERR,ERR,ERR,ERR,ERR,ERR,ERR,ERR,ERR,ERR,ERR,ERR,ERR,ERR,ERR,ERR,ERR,ERR,ERR,ERR,ERR,ERR,ERR,ERR,ERR,ERR,ERR,ERR,ERR,ERR,ERR,ERR,ERR,ERR,ERR,ERR,ERR,ERR,ERR,ERR,ERR,ERR,ERR,ERR,ERR,ERR,ERR,ERR,ERR,ERR,ERR,ERR,ERR,ERR,ERR,ERR,ERR,ERR,ERR,ERR,ERR,ERR,ERR,ERR,ERR,ERR,ERR,ERR,ERR,ERR,ERR,ERR,ERR,ERR,ERR,ERR,ERR,ERR,ERR,ERR,ERR,ERR,ERR,ERR,ERR,ERR,ERR,ERR,ERR,ERR,ERR,ERR,ERR,ERR,ERR,ERR,ERR,ERR,0.0,-0.0,-107090032.0,0.0,-3.160207272547048e+29,3.187924717261176e+20,-0.0,0.0,4300,0,8,17171,4300,0.0,41,0.0,0.0,0.0,0.0,0.0,0,0,0,0,0.0,0,0,0,0,0,0,0,0,0,0,0,0,0,0,0,0,0,0,0,0,0,0,0,0,0,0,0,0,0,0,0,0,0,9,36,36,44,65476,359,65476,1,0,4,21553,0.0,0.0,0.0,0.0,0.0,0.0,0.0,0.0,0.0,0.0,0.0,0.0,0.0,0.0,0.0,0.0,0.0,0.0,0.0,0.0,0.0,2.004,2.004,0.0,-0.0,0.0,0.0,0.0,0.0,0.0,6566.0,-0.0,0.0,0.0,-0.0,2.7184503771384073e+23,-0.0,0.0,0.0,2.004,2.004,230,0.0,3.2220245344017747e+26,0.0,0.0,0.0,0.0,0.0,0.0,0.0,0,0,0,0.0,0.0,-0.0,-0.0,-1090.107,-375311.562,-1.346,-0.0,-0.0,-3.1578776860567983e+35,-346604832.0,1.131126967528885e+21,0.0,0.364,0.0,0.016,0,1.3516416376850534e+27,230,0.0,460,0.0,-109185200.0,2114,52429,17109,0,17112,52429,17095,0,0,0,101,100,100,-0.0,66.3,-0.0,66.7,2.7302343157793998e+23,66.5,1,49,50,180,52429,52429,0,0,0.0,0.0,0.0,60.0,2.179209431561611e+26,71.0,0.0,-1754539753472.0,0.0,1068,0,1069,0,0,0,1069,0,1080,0,1000,0,667,0,668,0,663,0,680,0.032,1.4536034330083127e+22,2.004,0.0,17296,16814,1.6236375507426345e+18,-10955878400.0,-0.12,0.0,6753038848.0,2.31369077605468e+37,50.0,60.0,35,0.0,0.0,10.0,2.0,0.0,0.0,0.0,0.0,0.0,0.0,0.0,0.0,0.0,0.0,0.0,0.0,58.8,24,35,3,27,65476,476,65476,1,0,4,20529,65476,0,0,30147,60.0,0.0,10.0,10.0,2.0,0.0
2026-02-16T12:52:00,ERR,ERR,ERR,ERR,ERR,ERR,ERR,ERR,ERR,ERR,ERR,ERR,ERR,ERR,ERR,ERR,ERR,ERR,ERR,ERR,ERR,ERR,ERR,ERR,ERR,ERR,ERR,ERR,ERR,ERR,ERR,ERR,ERR,ERR,ERR,ERR,ERR,ERR,ERR,ERR,ERR,ERR,ERR,ERR,ERR,ERR,ERR,ERR,ERR,ERR,ERR,ERR,ERR,ERR,ERR,ERR,ERR,ERR,ERR,ERR,ERR,ERR,ERR,ERR,ERR,ERR,ERR,ERR,ERR,ERR,ERR,ERR,ERR,ERR,ERR,ERR,ERR,ERR,ERR,ERR,ERR,ERR,ERR,ERR,ERR,ERR,ERR,ERR,ERR,ERR,ERR,ERR,ERR,ERR,ERR,ERR,ERR,ERR,ERR,ERR,ERR,ERR,ERR,ERR,ERR,ERR,ERR,ERR,ERR,ERR,ERR,ERR,ERR,ERR,ERR,ERR,ERR,ERR,ERR,ERR,ERR,ERR,ERR,ERR,ERR,-107615880.0,-107616352.0,-0.0,0.0,-0.063,-1.497438771173562e+32,-9571053600768.0,33062956.0,4300,0,8,17170,4300,0.0,41,0.0,0.0,0.0,0.0,0.0,0,0,0,0,0.0,0,0,0,0,0,0,0,0,0,0,0,0,0,0,0,0,0,0,0,0,0,0,0,0,0,0,0,0,0,0,0,0,0,9,36,36,44,65476,360,65476,1,0,4,21553,0.0,-0.0,0.0,0.0,0.0,0.0,0.0,0.0,0.0,0.0,0.0,0.0,0.0,0.0,0.0,0.0,0.0,0.0,0.0,0.0,0.0,2.004,2.004,0.0,-0.0,0.0,0.0,0.0,0.0,0.0,6534.0,-0.0,0.0,0.0,-107616352.0,0.0,-0.0,-0.0,0.0,2.004,2.004,229,0.0,-152018253512704.0,0.0,0.0,0.0,0.0,0.0,0.0,0.0,0,0,0,0.0,-52682420224.0,-0.0,0.0,-1146.107,-0.0,0.0,-3.1919268415285054e+28,-0.023,-3.356146162748745e+35,-371770656.0,1.192342778782616e+21,0.0,0.385,0.0,1411358464.0,0,1.3516416376850534e+27,229,0.0,458,0.0,2.7419744794320143e+23,2114,52429,17109,0,17112,52429,17095,0,0,0,101,100,100,-0.0,66.3,-0.0,66.7,2.7302343157793998e+23,66.5,1,49,50,180,52429,52429,0,0,0.0,0.0,0.0,60.0,2.179209431561611e+26,71.0,0.0,-1754539753472.0,0.0,1068,0,1069,0,0,0,1069,0,1080,0,1000,0,667,0,668,0,663,0,680,0.032,1.4536034330083127e+22,2.004,0.0,17296,16814,1.6236375507426345e+18,-10955878400.0,-0.12,0.0,6753038848.0,2.31369077605468e+37,50.0,60.0,35,0.0,0.0,10.0,2.0,0.0,0.0,0.0,0.0,0.0,0.0,0.0,0.0,0.0,0.0,0.0,0.0,58.8,24,35,3,27,65476,476,65476,1,0,4,20529,65476,0,0,30147,60.0,0.0,10.0,10.0,2.0,0.0
2026-02-16T12:52:01,ERR,ERR,ERR,ERR,ERR,ERR,ERR,ERR,ERR,ERR,ERR,ERR,ERR,ERR,ERR,ERR,ERR,ERR,ERR,ERR,ERR,ERR,ERR,ERR,ERR,ERR,ERR,ERR,ERR,ERR,ERR,ERR,ERR,ERR,ERR,ERR,ERR,ERR,ERR,ERR,ERR,ERR,ERR,ERR,ERR,ERR,ERR,ERR,ERR,ERR,ERR,ERR,ERR,ERR,ERR,ERR,ERR,ERR,ERR,ERR,ERR,ERR,ERR,ERR,ERR,ERR,ERR,ERR,ERR,ERR,ERR,ERR,ERR,ERR,ERR,ERR,ERR,ERR,ERR,ERR,ERR,ERR,ERR,ERR,ERR,ERR,ERR,ERR,ERR,ERR,ERR,ERR,ERR,ERR,ERR,ERR,ERR,ERR,ERR,ERR,ERR,ERR,ERR,ERR,ERR,ERR,ERR,ERR,ERR,ERR,ERR,ERR,ERR,ERR,ERR,ERR,ERR,ERR,ERR,ERR,ERR,ERR,ERR,ERR,ERR,-107615880.0,-107616352.0,-0.0,0.0,-0.063,-1.497438771173562e+32,-9571053600768.0,33062956.0,4300,0,8,17170,4300,0.0,41,0.0,0.0,0.0,0.0,0.0,0,0,0,0,0.0,0,0,0,0,0,0,0,0,0,0,0,0,0,0,0,0,0,0,0,0,0,0,0,0,0,0,0,0,0,0,0,0,0,9,36,36,44,65476,360,65476,1,0,4,21553,0.0,-0.0,0.0,0.0,0.0,0.0,0.0,0.0,0.0,0.0,0.0,0.0,0.0,0.0,0.0,0.0,0.0,0.0,0.0,0.0,0.0,2.004,2.004,0.0,-0.0,0.0,0.0,0.0,0.0,0.0,6534.0,-0.0,0.0,0.0,-107616352.0,0.0,-0.0,-0.0,0.0,2.004,2.004,229,0.0,-152018253512704.0,0.0,0.0,0.0,0.0,0.0,0.0,0.0,0,0,0,0.0,-52682420224.0,-0.0,0.0,-1146.107,-0.0,0.0,-3.1919268415285054e+28,-0.023,-3.356146162748745e+35,-371770656.0,1.192342778782616e+21,0.0,0.385,0.0,1411358464.0,0,1.3516416376850534e+27,229,0.0,458,0.0,2.7419744794320143e+23,2114,52429,17109,0,17112,52429,17095,0,0,0,101,100,100,-0.0,66.3,-0.0,66.7,2.7302343157793998e+23,66.5,1,49,50,180,52429,52429,0,0,0.0,0.0,0.0,60.0,2.179209431561611e+26,71.0,0.0,-1754539753472.0,0.0,1068,0,1069,0,0,0,1069,0,1080,0,1000,0,667,0,668,0,663,0,680,0.032,1.4536034330083127e+22,2.004,0.0,17296,16814,1.6236375507426345e+18,-10955878400.0,-0.12,0.0,6753038848.0,2.31369077605468e+37,50.0,60.0,35,0.0,0.0,10.0,2.0,0.0,0.0,0.0,0.0,0.0,0.0,0.0,0.0,0.0,0.0,0.0,0.0,58.8,26,34,1,27,65476,476,65476,1,0,4,20529,65476,0,0,30147,60.0,0.0,10.0,10.0,2.0,0.0
2026-02-16T12:52:02,ERR,ERR,ERR,ERR,ERR,ERR,ERR,ERR,ERR,ERR,ERR,ERR,ERR,ERR,ERR,ERR,ERR,ERR,ERR,ERR,ERR,ERR,ERR,ERR,ERR,ERR,ERR,ERR,ERR,ERR,ERR,ERR,ERR,ERR,ERR,ERR,ERR,ERR,ERR,ERR,ERR,ERR,ERR,ERR,ERR,ERR,ERR,ERR,ERR,ERR,ERR,ERR,ERR,ERR,ERR,ERR,ERR,ERR,ERR,ERR,ERR,ERR,ERR,ERR,ERR,ERR,ERR,ERR,ERR,ERR,ERR,ERR,ERR,ERR,ERR,ERR,ERR,ERR,ERR,ERR,ERR,ERR,ERR,ERR,ERR,ERR,ERR,ERR,ERR,ERR,ERR,ERR,ERR,ERR,ERR,ERR,ERR,ERR,ERR,ERR,ERR,ERR,ERR,ERR,ERR,ERR,ERR,ERR,ERR,ERR,ERR,ERR,ERR,ERR,ERR,ERR,ERR,ERR,ERR,ERR,ERR,ERR,ERR,ERR,ERR,-107615880.0,-107616352.0,-0.0,0.0,-0.063,-1.497438771173562e+32,-9571053600768.0,33062956.0,4300,0,8,17170,4300,0.0,41,0.0,0.0,0.0,0.0,0.0,0,0,0,0,0.0,0,0,0,0,0,0,0,0,0,0,0,0,0,0,0,0,0,0,0,0,0,0,0,0,0,0,0,0,0,0,0,0,0,9,36,36,44,65476,360,65476,1,0,4,21553,0.0,-0.0,0.0,0.0,0.0,0.0,0.0,0.0,0.0,0.0,0.0,0.0,0.0,0.0,0.0,0.0,0.0,0.0,0.0,0.0,0.0,2.004,2.004,0.0,-0.0,0.0,0.0,0.0,0.0,0.0,6534.0,-0.0,0.0,0.0,-107616352.0,0.0,-0.0,-0.0,0.0,2.004,2.004,229,0.0,-152018253512704.0,0.0,0.0,0.0,0.0,0.0,0.0,0.0,0,0,0,0.0,-52682420224.0,-0.0,0.0,-1146.107,-0.0,0.0,-3.1919268415285054e+28,-0.023,-3.356146162748745e+35,-371770656.0,1.192342778782616e+21,0.0,0.385,0.0,1411358464.0,0,1.3516416376850534e+27,229,0.0,458,0.0,2.7419744794320143e+23,2114,52429,17109,0,17112,52429,17095,0,0,0,101,100,100,-0.0,66.3,-0.0,66.7,2.7302343157793998e+23,66.5,1,49,50,180,52429,52429,0,0,0.0,0.0,0.0,60.0,2.179209431561611e+26,71.0,0.0,-1754539753472.0,0.0,1068,0,1069,0,0,0,1069,0,1080,0,1000,0,667,0,668,0,663,0,680,0.032,1.4536034330083127e+22,2.004,0.0,17296,16814,1.6236375507426345e+18,-10955878400.0,-0.12,0.0,6753038848.0,2.31369077605468e+37,50.0,60.0,35,0.0,0.0,10.0,2.0,0.0,0.0,0.0,0.0,0.0,0.0,0.0,0.0,0.0,0.0,0.0,0.0,58.8,26,33,1,27,65476,523,65476,1,0,4,20529,65476,0,0,30147,60.0,0.0,10.0,10.0,2.0,0.0
2026-02-16T12:52:03,ERR,ERR,ERR,ERR,ERR,ERR,ERR,ERR,ERR,ERR,ERR,ERR,ERR,ERR,ERR,ERR,ERR,ERR,ERR,ERR,ERR,ERR,ERR,ERR,ERR,ERR,ERR,ERR,ERR,ERR,ERR,ERR,ERR,ERR,ERR,ERR,ERR,ERR,ERR,ERR,ERR,ERR,ERR,ERR,ERR,ERR,ERR,ERR,ERR,ERR,ERR,ERR,ERR,ERR,ERR,ERR,ERR,ERR,ERR,ERR,ERR,ERR,ERR,ERR,ERR,ERR,ERR,ERR,ERR,ERR,ERR,ERR,ERR,ERR,ERR,ERR,ERR,ERR,ERR,ERR,ERR,ERR,ERR,ERR,ERR,ERR,ERR,ERR,ERR,ERR,ERR,ERR,ERR,ERR,ERR,ERR,ERR,ERR,ERR,ERR,ERR,ERR,ERR,ERR,ERR,ERR,ERR,ERR,ERR,ERR,ERR,ERR,ERR,ERR,ERR,ERR,ERR,ERR,ERR,ERR,ERR,ERR,ERR,ERR,ERR,-107615880.0,-107616352.0,-0.0,0.0,-0.063,-1.497438771173562e+32,-9571053600768.0,33062956.0,4300,0,8,17170,4300,0.0,41,0.0,0.0,0.0,0.0,0.0,0,0,0,0,0.0,0,0,0,0,0,0,0,0,0,0,0,0,0,0,0,0,0,0,0,0,0,0,0,0,0,0,0,0,0,0,0,0,0,9,36,36,44,65476,360,65476,1,0,4,21553,0.0,-0.0,0.0,0.0,0.0,0.0,0.0,0.0,0.0,0.0,0.0,0.0,0.0,0.0,0.0,0.0,0.0,0.0,0.0,0.0,0.0,2.004,2.004,0.0,-0.0,0.0,0.0,0.0,0.0,0.0,6534.0,-0.0,0.0,0.0,-107616352.0,0.0,-0.0,-0.0,0.0,2.004,2.004,229,0.0,-152018253512704.0,0.0,0.0,0.0,0.0,0.0,0.0,0.0,0,0,0,0.0,-52682420224.0,-0.0,0.0,-1146.107,-0.0,0.0,-3.1919268415285054e+28,-0.023,-3.356146162748745e+35,-371770656.0,1.192342778782616e+21,0.0,0.385,0.0,1411358464.0,0,1.3516416376850534e+27,229,0.0,458,0.0,2.7419744794320143e+23,2114,52429,17109,0,17112,52429,17095,0,0,0,101,100,100,-0.0,66.3,-0.0,66.7,2.7302343157793998e+23,66.5,1,49,50,180,52429,52429,0,0,0.0,0.0,0.0,60.0,1.6236375507426345e+18,71.0,0.0,-10955878400.0,0.0,1069,0,1069,0,0,0,1069,0,1080,0,999,0,667,0,668,0,663,0,680,0.032,1.4536034330083127e+22,0.0,0.0,9744,16814,2.179209431561611e+26,-0.0,-484967680.0,0.0,7.97844705841033e+21,-0.0,50.0,60.0,35,0.0,0.0,10.0,2.0,0.0,0.0,0.0,0.0,0.0,0.0,0.0,0.0,0.0,0.0,0.0,0.0,58.8,26,33,1,27,65476,523,65476,1,0,4,20529,65476,0,0,30147,60.0,0.0,10.0,10.0,2.0,0.0
2026-02-16T12:52:04,ERR,ERR,ERR,ERR,ERR,ERR,ERR,ERR,ERR,ERR,ERR,ERR,ERR,ERR,ERR,ERR,ERR,ERR,ERR,ERR,ERR,ERR,ERR,ERR,ERR,ERR,ERR,ERR,ERR,ERR,ERR,ERR,ERR,ERR,ERR,ERR,ERR,ERR,ERR,ERR,ERR,ERR,ERR,ERR,ERR,ERR,ERR,ERR,ERR,ERR,ERR,ERR,ERR,ERR,ERR,ERR,ERR,ERR,ERR,ERR,ERR,ERR,ERR,ERR,ERR,ERR,ERR,ERR,ERR,ERR,ERR,ERR,ERR,ERR,ERR,ERR,ERR,ERR,ERR,ERR,ERR,ERR,ERR,ERR,ERR,ERR,ERR,ERR,ERR,ERR,ERR,ERR,ERR,ERR,ERR,ERR,ERR,ERR,ERR,ERR,ERR,ERR,ERR,ERR,ERR,ERR,ERR,ERR,ERR,ERR,ERR,ERR,ERR,ERR,ERR,ERR,ERR,ERR,ERR,ERR,ERR,ERR,ERR,ERR,ERR,0.0,-107616352.0,0.0,0.0,142144341803008.0,-0.0,1.3435829930690127e+26,0.0,4300,0,8,17170,4300,0.0,41,0.0,0.0,0.0,0.0,0.0,0,0,0,0,0.0,0,0,0,0,0,0,0,0,0,0,0,0,0,0,0,0,0,0,0,0,0,0,0,0,0,0,0,0,0,0,0,0,0,9,35,35,45,65476,367,65476,1,0,4,21553,0.0,-0.0,0.0,0.0,0.0,0.0,0.0,0.0,0.0,0.0,0.0,0.0,0.0,0.0,0.0,0.0,0.0,0.0,0.0,0.0,0.0,2.004,2.004,0.0,-0.0,0.0,0.0,0.0,0.0,0.0,6500.0,-2.004,0.0,-107615880.0,-107616352.0,0.0,-0.0,0.0,0.0,2.004,2.004,228,0.0,2.7184278591402704e+23,0.0,0.0,0.0,0.0,0.0,0.0,0.0,0,0,0,58.566,3.5252018789464396e+34,-174012462268416.0,0.0,-1.887717236481892e+31,-0.0,0.0,-1.9498844623810645e+33,3206605671759872.0,-3.64172248996816e+35,-399033632.0,1.3122466152617282e+21,0.0,0.407,0.0,-132250088.0,0,1.3516416376850534e+27,228,0.0,456,0.0,2.7419744794320143e+23,2114,52429,17109,0,17112,52429,17095,0,0,0,101,100,100,-0.0,66.3,-0.0,66.7,2.7302343157793998e+23,66.5,1,49,50,180,52429,52429,0,0,0.0,0.0,0.0,60.0,1.6236375507426345e+18,71.0,0.0,-10955878400.0,0.0,1069,0,1069,0,0,0,1069,0,1080,0,999,0,667,0,668,0,663,0,680,0.032,1.4536034330083127e+22,0.0,0.0,9744,16814,2.179209431561611e+26,-0.0,-484967680.0,0.0,7.97844705841033e+21,-0.0,50.0,60.0,35,0.0,0.0,10.0,2.0,0.0,0.0,0.0,0.0,0.0,0.0,0.0,0.0,0.0,0.0,0.0,0.0,58.8,28,32,65535,27,65476,523,65476,1,0,4,20529,65476,0,0,30147,60.0,0.0,10.0,10.0,2.0,0.0
2026-02-16T12:52:05,ERR,ERR,ERR,ERR,ERR,ERR,ERR,ERR,ERR,ERR,ERR,ERR,ERR,ERR,ERR,ERR,ERR,ERR,ERR,ERR,ERR,ERR,ERR,ERR,ERR,ERR,ERR,ERR,ERR,ERR,ERR,ERR,ERR,ERR,ERR,ERR,ERR,ERR,ERR,ERR,ERR,ERR,ERR,ERR,ERR,ERR,ERR,ERR,ERR,ERR,ERR,ERR,ERR,ERR,ERR,ERR,ERR,ERR,ERR,ERR,ERR,ERR,ERR,ERR,ERR,ERR,ERR,ERR,ERR,ERR,ERR,ERR,ERR,ERR,ERR,ERR,ERR,ERR,ERR,ERR,ERR,ERR,ERR,ERR,ERR,ERR,ERR,ERR,ERR,ERR,ERR,ERR,ERR,ERR,ERR,ERR,ERR,ERR,ERR,ERR,ERR,ERR,ERR,ERR,ERR,ERR,ERR,ERR,ERR,ERR,ERR,ERR,ERR,ERR,ERR,ERR,ERR,ERR,ERR,ERR,ERR,ERR,ERR,ERR,ERR,0.0,-107616352.0,0.0,0.0,142144341803008.0,-0.0,1.3435829930690127e+26,0.0,4300,0,8,17170,4300,0.0,41,0.0,0.0,0.0,0.0,0.0,0,0,0,0,0.0,0,0,0,0,0,0,0,0,0,0,0,0,0,0,0,0,0,0,0,0,0,0,0,0,0,0,0,0,0,0,0,0,0,9,35,35,45,65476,367,65476,1,0,4,21553,0.0,-0.0,0.0,0.0,0.0,0.0,0.0,0.0,0.0,0.0,0.0,0.0,0.0,0.0,0.0,0.0,0.0,0.0,0.0,0.0,0.0,2.004,2.004,0.0,-0.0,0.0,0.0,0.0,0.0,0.0,6500.0,-2.004,0.0,-107615880.0,-107616352.0,0.0,-0.0,0.0,0.0,2.004,2.004,228,0.0,2.7184278591402704e+23,0.0,0.0,0.0,0.0,0.0,0.0,0.0,0,0,0,58.566,3.5252018789464396e+34,-174012462268416.0,0.0,-1.887717236481892e+31,-0.0,0.0,-1.9498844623810645e+33,3206605671759872.0,-3.64172248996816e+35,-399033632.0,1.3122466152617282e+21,0.0,0.407,0.0,-132250088.0,0,1.3516416376850534e+27,228,0.0,456,0.0,2.7419744794320143e+23,2114,52429,17109,0,17112,52429,17095,0,0,0,101,100,100,-0.0,66.3,-0.0,66.7,2.7302343157793998e+23,66.5,1,49,50,180,52429,52429,0,0,0.0,0.0,0.0,60.0,1.6236375507426345e+18,71.0,0.0,-10955878400.0,0.0,1069,0,1069,0,0,0,1069,0,1080,0,999,0,667,0,668,0,663,0,680,0.032,1.4536034330083127e+22,0.0,0.0,9744,16814,2.179209431561611e+26,-0.0,-484967680.0,0.0,7.97844705841033e+21,-0.0,50.0,60.0,35,0.0,0.0,10.0,2.0,0.0,0.0,0.0,0.0,0.0,0.0,0.0,0.0,0.0,0.0,0.0,0.0,58.8,29,31,65534,27,65476,588,65476,1,0,4,20529,65476,0,0,30147,60.0,0.0,10.0,10.0,2.0,0.0
2026-02-16T12:52:06,ERR,ERR,ERR,ERR,ERR,ERR,ERR,ERR,ERR,ERR,ERR,ERR,ERR,ERR,ERR,ERR,ERR,ERR,ERR,ERR,ERR,ERR,ERR,ERR,ERR,ERR,ERR,ERR,ERR,ERR,ERR,ERR,ERR,ERR,ERR,ERR,ERR,ERR,ERR,ERR,ERR,ERR,ERR,ERR,ERR,ERR,ERR,ERR,ERR,ERR,ERR,ERR,ERR,ERR,ERR,ERR,ERR,ERR,ERR,ERR,ERR,ERR,ERR,ERR,ERR,ERR,ERR,ERR,ERR,ERR,ERR,ERR,ERR,ERR,ERR,ERR,ERR,ERR,ERR,ERR,ERR,ERR,ERR,ERR,ERR,ERR,ERR,ERR,ERR,ERR,ERR,ERR,ERR,ERR,ERR,ERR,ERR,ERR,ERR,ERR,ERR,ERR,ERR,ERR,ERR,ERR,ERR,ERR,ERR,ERR,ERR,ERR,ERR,ERR,ERR,ERR,ERR,ERR,ERR,ERR,ERR,ERR,ERR,ERR,ERR,0.0,-107616352.0,0.0,0.0,142144341803008.0,-0.0,1.3435829930690127e+26,0.0,4300,0,8,17170,4300,0.0,41,0.0,0.0,0.0,0.0,0.0,0,0,0,0,0.0,0,0,0,0,0,0,0,0,0,0,0,0,0,0,0,0,0,0,0,0,0,0,0,0,0,0,0,0,0,0,0,0,0,9,35,35,45,65476,367,65476,1,0,4,21553,0.0,-0.0,0.0,0.0,0.0,0.0,0.0,0.0,0.0,0.0,0.0,0.0,0.0,0.0,0.0,0.0,0.0,0.0,0.0,0.0,0.0,2.004,2.004,0.0,-0.0,0.0,0.0,0.0,0.0,0.0,6500.0,-2.004,0.0,-107615880.0,-107616352.0,0.0,-0.0,0.0,0.0,2.004,2.004,228,0.0,2.7184278591402704e+23,0.0,0.0,0.0,0.0,0.0,0.0,0.0,0,0,0,58.566,3.5252018789464396e+34,-174012462268416.0,0.0,-1.887717236481892e+31,-0.0,0.0,-1.9498844623810645e+33,3206605671759872.0,-3.64172248996816e+35,-399033632.0,1.3122466152617282e+21,0.0,0.407,0.0,-132250088.0,0,1.3516416376850534e+27,228,0.0,456,0.0,2.7419744794320143e+23,2114,52429,17109,0,17112,0,17096,0,0,0,101,100,100,-0.0,66.3,-0.0,66.7,2.7302343157793998e+23,66.5,1,49,50,180,52429,52429,0,0,0.0,0.0,0.0,60.0,1.1621402649576833e+26,71.0,0.0,-0.0,0.0,1069,0,1069,0,0,0,1069,0,1080,0,1000,0,667,0,668,0,663,0,680,0.032,1.4609821306377965e+22,0.0,0.0,8080,16814,8.658619708997632e+17,-0.0,-0.0,-0.011,0.0,1062208320.0,50.0,60.0,35,0.0,0.0,10.0,2.0,0.0,0.0,0.0,0.0,0.0,0.0,0.0,0.0,0.0,0.0,0.0,0.0,58.8,29,31,65534,27,65476,588,65476,1,0,4,20529,65476,0,0,30147,60.0,0.0,10.0,10.0,2.0,0.0
2026-02-16T12:52:07,ERR,ERR,ERR,ERR,ERR,ERR,ERR,ERR,ERR,ERR,ERR,ERR,ERR,ERR,ERR,ERR,ERR,ERR,ERR,ERR,ERR,ERR,ERR,ERR,ERR,ERR,ERR,ERR,ERR,ERR,ERR,ERR,ERR,ERR,ERR,ERR,ERR,ERR,ERR,ERR,ERR,ERR,ERR,ERR,ERR,ERR,ERR,ERR,ERR,ERR,ERR,ERR,ERR,ERR,ERR,ERR,ERR,ERR,ERR,ERR,ERR,ERR,ERR,ERR,ERR,ERR,ERR,ERR,ERR,ERR,ERR,ERR,ERR,ERR,ERR,ERR,ERR,ERR,ERR,ERR,ERR,ERR,ERR,ERR,ERR,ERR,ERR,ERR,ERR,ERR,ERR,ERR,ERR,ERR,ERR,ERR,ERR,ERR,ERR,ERR,ERR,ERR,ERR,ERR,ERR,ERR,ERR,ERR,ERR,ERR,ERR,ERR,ERR,ERR,ERR,ERR,ERR,ERR,ERR,ERR,ERR,ERR,ERR,ERR,ERR,0.0,-107616352.0,0.0,0.0,142144341803008.0,-0.0,1.3435829930690127e+26,0.0,4300,0,8,17170,4300,0.0,41,0.0,0.0,0.0,0.0,0.0,0,0,0,0,0.0,0,0,0,0,0,0,0,0,0,0,0,0,0,0,0,0,0,0,0,0,0,0,0,0,0,0,0,0,0,0,0,0,0,9,35,35,45,65476,367,65476,1,0,4,21553,0.0,-0.0,0.0,0.0,0.0,0.0,0.0,0.0,0.0,0.0,0.0,0.0,0.0,0.0,0.0,0.0,0.0,0.0,0.0,0.0,0.0,2.004,2.004,0.0,-0.0,0.0,0.0,0.0,0.0,0.0,6500.0,-2.004,0.0,-107615880.0,-107616352.0,0.0,-0.0,0.0,0.0,2.004,2.004,228,0.0,2.7184278591402704e+23,0.0,0.0,0.0,0.0,0.0,0.0,0.0,0,0,0,58.566,3.5252018789464396e+34,-174012462268416.0,0.0,-1.887717236481892e+31,-0.0,0.0,-1.9498844623810645e+33,3206605671759872.0,-3.64172248996816e+35,-399033632.0,1.3122466152617282e+21,0.0,0.407,0.0,-132250088.0,0,1.3516416376850534e+27,228,0.0,456,0.0,2.7419744794320143e+23,2114,52429,17109,0,17112,0,17096,0,0,0,101,100,100,-0.0,66.3,-0.0,66.7,2.7302343157793998e+23,66.5,1,49,50,180,52429,52429,0,0,0.0,0.0,0.0,60.0,1.1621402649576833e+26,71.0,0.0,-0.0,0.0,1069,0,1069,0,0,0,1069,0,1080,0,1000,0,667,0,668,0,663,0,680,0.032,1.4609821306377965e+22,0.0,0.0,8080,16814,8.658619708997632e+17,-0.0,-0.0,-0.011,0.0,1062208320.0,50.0,60.0,35,0.0,0.0,10.0,2.0,0.0,0.0,0.0,0.0,0.0,0.0,0.0,0.0,0.0,0.0,0.0,0.0,58.8,30,30,65533,27,65476,588,65476,1,0,4,20529,65476,0,0,30147,60.0,0.0,10.0,10.0,2.0,0.0
2026-02-16T12:52:08,ERR,ERR,ERR,ERR,ERR,ERR,ERR,ERR,ERR,ERR,ERR,ERR,ERR,ERR,ERR,ERR,ERR,ERR,ERR,ERR,ERR,ERR,ERR,ERR,ERR,ERR,ERR,ERR,ERR,ERR,ERR,ERR,ERR,ERR,ERR,ERR,ERR,ERR,ERR,ERR,ERR,ERR,ERR,ERR,ERR,ERR,ERR,ERR,ERR,ERR,ERR,ERR,ERR,ERR,ERR,ERR,ERR,ERR,ERR,ERR,ERR,ERR,ERR,ERR,ERR,ERR,ERR,ERR,ERR,ERR,ERR,ERR,ERR,ERR,ERR,ERR,ERR,ERR,ERR,ERR,ERR,ERR,ERR,ERR,ERR,ERR,ERR,ERR,ERR,ERR,ERR,ERR,ERR,ERR,ERR,ERR,ERR,ERR,ERR,ERR,ERR,ERR,ERR,ERR,ERR,ERR,ERR,ERR,ERR,ERR,ERR,ERR,ERR,ERR,ERR,ERR,ERR,ERR,ERR,ERR,ERR,ERR,ERR,ERR,ERR,0.0,-107616352.0,0.0,0.0,142144341803008.0,-0.0,1.3435829930690127e+26,0.0,4300,0,8,17170,4300,0.0,41,0.0,0.0,0.0,0.0,0.0,0,0,0,0,0.0,0,0,0,0,0,0,0,0,0,0,0,0,0,0,0,0,0,0,0,0,0,0,0,0,0,0,0,0,0,0,0,0,0,9,35,35,45,65476,367,65476,1,0,4,21553,0.0,-0.0,0.0,0.0,0.0,0.0,0.0,0.0,0.0,0.0,0.0,0.0,0.0,0.0,0.0,0.0,0.0,0.0,0.0,0.0,0.0,2.004,2.004,0.0,-0.0,0.0,0.0,0.0,0.0,0.0,6500.0,-2.004,0.0,-107615880.0,-107616352.0,0.0,-0.0,0.0,0.0,2.004,2.004,228,0.0,2.7184278591402704e+23,0.0,0.0,0.0,0.0,0.0,0.0,0.0,0,0,0,58.566,3.5252018789464396e+34,-174012462268416.0,0.0,-1.887717236481892e+31,-0.0,0.0,-1.9498844623810645e+33,3206605671759872.0,-3.64172248996816e+35,-399033632.0,1.3122466152617282e+21,0.0,0.407,0.0,-132250088.0,0,1.3516416376850534e+27,228,0.0,456,0.0,2.7419744794320143e+23,2114,52429,17109,0,17112,0,17096,0,0,0,101,100,100,-0.0,66.3,-0.0,66.7,2.7302343157793998e+23,66.5,1,49,50,180,52429,52429,0,0,0.0,0.0,0.0,60.0,1.1621402649576833e+26,71.0,0.0,-0.0,0.0,1069,0,1069,0,0,0,1069,0,1080,0,1000,0,667,0,668,0,663,0,680,0.032,1.4609821306377965e+22,0.0,0.0,8080,16814,8.658619708997632e+17,-0.0,-0.0,-0.011,0.0,1062208320.0,50.0,60.0,35,0.0,0.0,10.0,2.0,0.0,0.0,0.0,0.0,0.0,0.0,0.0,0.0,0.0,0.0,0.0,0.0,58.8,30,30,65533,27,65476,588,65476,1,0,4,20529,65476,0,0,30147,60.0,0.0,10.0,10.0,2.0,0.0
2026-02-16T12:52:09,ERR,ERR,ERR,ERR,ERR,ERR,ERR,ERR,ERR,ERR,ERR,ERR,ERR,ERR,ERR,ERR,ERR,ERR,ERR,ERR,ERR,ERR,ERR,ERR,ERR,ERR,ERR,ERR,ERR,ERR,ERR,ERR,ERR,ERR,ERR,ERR,ERR,ERR,ERR,ERR,ERR,ERR,ERR,ERR,ERR,ERR,ERR,ERR,ERR,ERR,ERR,ERR,ERR,ERR,ERR,ERR,ERR,ERR,ERR,ERR,ERR,ERR,ERR,ERR,ERR,ERR,ERR,ERR,ERR,ERR,ERR,ERR,ERR,ERR,ERR,ERR,ERR,ERR,ERR,ERR,ERR,ERR,ERR,ERR,ERR,ERR,ERR,ERR,ERR,ERR,ERR,ERR,ERR,ERR,ERR,ERR,ERR,ERR,ERR,ERR,ERR,ERR,ERR,ERR,ERR,ERR,ERR,ERR,ERR,ERR,ERR,ERR,ERR,ERR,ERR,ERR,ERR,ERR,ERR,ERR,ERR,ERR,ERR,ERR,ERR,0.0,-107616352.0,0.0,0.0,142144341803008.0,2.020543139413261e+20,-8.404694920266252e+18,1.2108625768060912e+34,4300,0,8,17170,4300,0.0,41,0.0,0.0,0.0,0.0,0.0,0,0,0,0,0.0,0,0,0,0,0,0,0,0,0,0,0,0,0,0,0,0,0,0,0,0,0,0,0,0,0,0,0,0,0,0,0,0,0,10,35,35,45,65476,366,65476,1,0,4,21553,0.0,2.7183305813883192e+23,0.0,0.0,0.0,0.0,0.0,0.0,0.0,0.0,0.0,0.0,0.0,0.0,0.0,0.0,0.0,0.0,0.0,0.0,0.0,2.004,0.0,0.0,3.697074863047967e+19,0.0,0.0,0.0,0.0,0.0,6505.0,0.0,0.0,0.0,-107616352.0,0.0,-0.0,0.0,0.0,2.004,2.004,228,1.9056860945658675e+17,-4.950423568755355e+32,0.0,0.0,0.0,0.0,0.0,0.0,0.0,0,0,0,0.0,0.0,-0.0,0.0,-1814312163213312.0,-0.0,-12869347311616.0,0.0,-0.0,-3.979221785772924e+35,-424199456.0,1.4137037076671307e+21,0.0,0.428,0.0,-2.3559085941917814e+28,0,1.3516416376850534e+27,228,0.0,456,2.40156025918058e+36,-0.235,2114,52429,17109,0,17112,0,17096,0,0,0,101,100,100,-0.0,66.3,-0.0,66.7,2.7302343157793998e+23,66.5,1,49,50,180,52429,52429,0,0,0.0,0.0,0.0,60.0,5.248466858239905e+21,71.0,0.0,0.0,0.0,1069,0,1069,0,0,0,1069,0,1080,0,999,0,667,0,668,0,663,0,680,0.032,1.4536034330083127e+22,0.0,0.0,25744,16814,5.248466858239905e+21,0.0,9235940622991360.0,0.0,-4.80206161892564e+20,0.0,50.0,60.0,35,0.0,0.0,10.0,2.0,0.0,0.0,0.0,0.0,0.0,0.0,0.0,0.0,0.0,0.0,0.0,0.0,58.8,30,30,65533,27,65476,639,65476,1,0,4,20529,65476,0,0,30147,60.0,0.0,10.0,10.0,2.0,0.0
2026-02-16T12:52:10,ERR,ERR,ERR,ERR,ERR,ERR,ERR,ERR,ERR,ERR,ERR,ERR,ERR,ERR,ERR,ERR,ERR,ERR,ERR,ERR,ERR,ERR,ERR,ERR,ERR,ERR,ERR,ERR,ERR,ERR,ERR,ERR,ERR,ERR,ERR,ERR,ERR,ERR,ERR,ERR,ERR,ERR,ERR,ERR,ERR,ERR,ERR,ERR,ERR,ERR,ERR,ERR,ERR,ERR,ERR,ERR,ERR,ERR,ERR,ERR,ERR,ERR,ERR,ERR,ERR,ERR,ERR,ERR,ERR,ERR,ERR,ERR,ERR,ERR,ERR,ERR,ERR,ERR,ERR,ERR,ERR,ERR,ERR,ERR,ERR,ERR,ERR,ERR,ERR,ERR,ERR,ERR,ERR,ERR,ERR,ERR,ERR,ERR,ERR,ERR,ERR,ERR,ERR,ERR,ERR,ERR,ERR,ERR,ERR,ERR,ERR,ERR,ERR,ERR,ERR,ERR,ERR,ERR,ERR,ERR,ERR,ERR,ERR,ERR,ERR,0.0,-107616352.0,0.0,0.0,142144341803008.0,2.020543139413261e+20,-8.404694920266252e+18,1.2108625768060912e+34,4300,0,8,17170,4300,0.0,41,0.0,0.0,0.0,0.0,0.0,0,0,0,0,0.0,0,0,0,0,0,0,0,0,0,0,0,0,0,0,0,0,0,0,0,0,0,0,0,0,0,0,0,0,0,0,0,0,0,10,35,35,45,65476,366,65476,1,0,4,21553,0.0,2.7183305813883192e+23,0.0,0.0,0.0,0.0,0.0,0.0,0.0,0.0,0.0,0.0,0.0,0.0,0.0,0.0,0.0,0.0,0.0,0.0,0.0,2.004,0.0,0.0,3.697074863047967e+19,0.0,0.0,0.0,0.0,0.0,6505.0,0.0,0.0,0.0,-107616352.0,0.0,-0.0,0.0,0.0,2.004,2.004,228,1.9056860945658675e+17,-4.950423568755355e+32,0.0,0.0,0.0,0.0,0.0,0.0,0.0,0,0,0,0.0,0.0,-0.0,0.0,-1814312163213312.0,-0.0,-12869347311616.0,0.0,-0.0,-3.979221785772924e+35,-424199456.0,1.4137037076671307e+21,0.0,0.428,0.0,-2.3559085941917814e+28,0,1.3516416376850534e+27,228,0.0,456,2.40156025918058e+36,-0.235,2114,52429,17109,0,17112,0,17096,0,0,0,101,100,100,-0.0,66.3,-0.0,66.7,2.7302343157793998e+23,66.5,1,49,50,180,52429,52429,0,0,0.0,0.0,0.0,60.0,5.248466858239905e+21,71.0,0.0,0.0,0.0,1069,0,1069,0,0,0,1069,0,1080,0,999,0,667,0,668,0,663,0,680,0.032,1.4536034330083127e+22,0.0,0.0,25744,16814,5.248466858239905e+21,0.0,9235940622991360.0,0.0,-4.80206161892564e+20,0.0,50.0,60.0,35,0.0,0.0,10.0,2.0,0.0,0.0,0.0,0.0,0.0,0.0,0.0,0.0,0.0,0.0,0.0,0.0,58.8,30,30,65533,27,65476,639,65476,1,0,4,20529,65476,0,0,30147,60.0,0.0,10.0,10.0,2.0,0.0
2026-02-16T12:52:11,ERR,ERR,ERR,ERR,ERR,ERR,ERR,ERR,ERR,ERR,ERR,ERR,ERR,ERR,ERR,ERR,ERR,ERR,ERR,ERR,ERR,ERR,ERR,ERR,ERR,ERR,ERR,ERR,ERR,ERR,ERR,ERR,ERR,ERR,ERR,ERR,ERR,ERR,ERR,ERR,ERR,ERR,ERR,ERR,ERR,ERR,ERR,ERR,ERR,ERR,ERR,ERR,ERR,ERR,ERR,ERR,ERR,ERR,ERR,ERR,ERR,ERR,ERR,ERR,ERR,ERR,ERR,ERR,ERR,ERR,ERR,ERR,ERR,ERR,ERR,ERR,ERR,ERR,ERR,ERR,ERR,ERR,ERR,ERR,ERR,ERR,ERR,ERR,ERR,ERR,ERR,ERR,ERR,ERR,ERR,ERR,ERR,ERR,ERR,ERR,ERR,ERR,ERR,ERR,ERR,ERR,ERR,ERR,ERR,ERR,ERR,ERR,ERR,ERR,ERR,ERR,ERR,ERR,ERR,ERR,ERR,ERR,ERR,ERR,ERR,0.0,-107616352.0,0.0,0.0,142144341803008.0,2.020543139413261e+20,-8.404694920266252e+18,1.2108625768060912e+34,4300,0,8,17170,4300,0.0,41,0.0,0.0,0.0,0.0,0.0,0,0,0,0,0.0,0,0,0,0,0,0,0,0,0,0,0,0,0,0,0,0,0,0,0,0,0,0,0,0,0,0,0,0,0,0,0,0,0,10,35,35,45,65476,366,65476,1,0,4,21553,0.0,2.7183305813883192e+23,0.0,0.0,0.0,0.0,0.0,0.0,0.0,0.0,0.0,0.0,0.0,0.0,0.0,0.0,0.0,0.0,0.0,0.0,0.0,2.004,0.0,0.0,3.697074863047967e+19,0.0,0.0,0.0,0.0,0.0,6505.0,0.0,0.0,0.0,-107616352.0,0.0,-0.0,0.0,0.0,2.004,2.004,228,1.9056860945658675e+17,-4.950423568755355e+32,0.0,0.0,0.0,0.0,0.0,0.0,0.0,0,0,0,0.0,0.0,-0.0,0.0,-1814312163213312.0,-0.0,-12869347311616.0,0.0,-0.0,-3.979221785772924e+35,-424199456.0,1.4137037076671307e+21,0.0,0.428,0.0,-2.3559085941917814e+28,0,1.3516416376850534e+27,228,0.0,456,2.40156025918058e+36,-0.235,2114,52429,17109,0,17112,0,17096,0,0,0,101,100,100,-0.0,66.3,-0.0,66.7,2.7302343157793998e+23,66.5,1,49,50,180,52429,52429,0,0,0.0,0.0,0.0,60.0,5.248466858239905e+21,71.0,0.0,0.0,0.0,1069,0,1069,0,0,0,1069,0,1080,0,999,0,667,0,668,0,663,0,680,0.032,1.4536034330083127e+22,0.0,0.0,25744,16814,5.248466858239905e+21,0.0,9235940622991360.0,0.0,-4.80206161892564e+20,0.0,50.0,60.0,35,0.0,0.0,10.0,2.0,0.0,0.0,0.0,0.0,0.0,0.0,0.0,0.0,0.0,0.0,0.0,0.0,58.8,30,30,65533,27,65476,639,65476,1,0,4,20529,65476,0,0,30147,60.0,0.0,10.0,10.0,2.0,0.0
2026-02-16T12:52:12,ERR,ERR,ERR,ERR,ERR,ERR,ERR,ERR,ERR,ERR,ERR,ERR,ERR,ERR,ERR,ERR,ERR,ERR,ERR,ERR,ERR,ERR,ERR,ERR,ERR,ERR,ERR,ERR,ERR,ERR,ERR,ERR,ERR,ERR,ERR,ERR,ERR,ERR,ERR,ERR,ERR,ERR,ERR,ERR,ERR,ERR,ERR,ERR,ERR,ERR,ERR,ERR,ERR,ERR,ERR,ERR,ERR,ERR,ERR,ERR,ERR,ERR,ERR,ERR,ERR,ERR,ERR,ERR,ERR,ERR,ERR,ERR,ERR,ERR,ERR,ERR,ERR,ERR,ERR,ERR,ERR,ERR,ERR,ERR,ERR,ERR,ERR,ERR,ERR,ERR,ERR,ERR,ERR,ERR,ERR,ERR,ERR,ERR,ERR,ERR,ERR,ERR,ERR,ERR,ERR,ERR,ERR,ERR,ERR,ERR,ERR,ERR,ERR,ERR,ERR,ERR,ERR,ERR,ERR,ERR,ERR,ERR,ERR,ERR,ERR,0.0,-107616352.0,0.0,0.0,142144341803008.0,2.020543139413261e+20,-8.404694920266252e+18,1.2108625768060912e+34,4300,0,8,17170,4300,0.0,41,0.0,0.0,0.0,0.0,0.0,0,0,0,0,0.0,0,0,0,0,0,0,0,0,0,0,0,0,0,0,0,0,0,0,0,0,0,0,0,0,0,0,0,0,0,0,0,0,0,10,35,35,45,65476,366,65476,1,0,4,21553,0.0,2.7183305813883192e+23,0.0,0.0,0.0,0.0,0.0,0.0,0.0,0.0,0.0,0.0,0.0,0.0,0.0,0.0,0.0,0.0,0.0,0.0,0.0,2.004,0.0,0.0,3.697074863047967e+19,0.0,0.0,0.0,0.0,0.0,6505.0,0.0,0.0,0.0,-107616352.0,0.0,-0.0,0.0,0.0,2.004,2.004,228,1.9056860945658675e+17,-4.950423568755355e+32,0.0,0.0,0.0,0.0,0.0,0.0,0.0,0,0,0,0.0,0.0,-0.0,0.0,-1814312163213312.0,-0.0,-12869347311616.0,0.0,-0.0,-3.979221785772924e+35,-424199456.0,1.4137037076671307e+21,0.0,0.428,0.0,-2.3559085941917814e+28,0,1.3516416376850534e+27,228,0.0,456,2.40156025918058e+36,-0.235,2114,52429,17109,0,17112,0,17096,0,0,0,101,100,100,-0.0,66.3,-0.0,66.7,2.7302343157793998e+23,66.5,1,49,50,180,52429,52429,0,0,0.0,0.0,0.0,60.0,5.248466858239905e+21,71.0,0.0,0.0,0.0,1069,0,1069,0,0,0,1069,0,1080,0,999,0,667,0,668,0,663,0,680,0.032,1.4536034330083127e+22,0.0,0.0,25744,16814,5.248466858239905e+21,0.0,9235940622991360.0,0.0,-4.80206161892564e+20,0.0,50.0,60.0,35,0.0,0.0,10.0,2.0,0.0,0.0,0.0,0.0,0.0,0.0,0.0,0.0,0.0,0.0,0.0,0.0,58.8,29,31,65534,27,65476,669,65476,1,0,4,20529,65476,0,0,30147,60.0,0.0,10.0,10.0,2.0,0.0
2026-02-16T12:52:13,ERR,ERR,ERR,ERR,ERR,ERR,ERR,ERR,ERR,ERR,ERR,ERR,ERR,ERR,ERR,ERR,ERR,ERR,ERR,ERR,ERR,ERR,ERR,ERR,ERR,ERR,ERR,ERR,ERR,ERR,ERR,ERR,ERR,ERR,ERR,ERR,ERR,ERR,ERR,ERR,ERR,ERR,ERR,ERR,ERR,ERR,ERR,ERR,ERR,ERR,ERR,ERR,ERR,ERR,ERR,ERR,ERR,ERR,ERR,ERR,ERR,ERR,ERR,ERR,ERR,ERR,ERR,ERR,ERR,ERR,ERR,ERR,ERR,ERR,ERR,ERR,ERR,ERR,ERR,ERR,ERR,ERR,ERR,ERR,ERR,ERR,ERR,ERR,ERR,ERR,ERR,ERR,ERR,ERR,ERR,ERR,ERR,ERR,ERR,ERR,ERR,ERR,ERR,ERR,ERR,ERR,ERR,ERR,ERR,ERR,ERR,ERR,ERR,ERR,ERR,ERR,ERR,ERR,ERR,ERR,ERR,ERR,ERR,ERR,ERR,0.0,-107616352.0,0.0,0.0,142144341803008.0,2.020543139413261e+20,-8.404694920266252e+18,1.2108625768060912e+34,4300,0,8,17170,4300,0.0,41,0.0,0.0,0.0,0.0,0.0,0,0,0,0,0.0,0,0,0,0,0,0,0,0,0,0,0,0,0,0,0,0,0,0,0,0,0,0,0,0,0,0,0,0,0,0,0,0,0,10,35,35,45,65476,366,65476,1,0,4,21553,0.0,2.7183305813883192e+23,0.0,0.0,0.0,0.0,0.0,0.0,0.0,0.0,0.0,0.0,0.0,0.0,0.0,0.0,0.0,0.0,0.0,0.0,0.0,2.004,0.0,0.0,3.697074863047967e+19,0.0,0.0,0.0,0.0,0.0,6505.0,0.0,0.0,0.0,-107616352.0,0.0,-0.0,0.0,0.0,2.004,2.004,228,1.9056860945658675e+17,-4.950423568755355e+32,0.0,0.0,0.0,0.0,0.0,0.0,0.0,0,0,0,0.0,0.0,-0.0,0.0,-1814312163213312.0,-0.0,-12869347311616.0,0.0,-0.0,-3.979221785772924e+35,-424199456.0,1.4137037076671307e+21,0.0,0.428,0.0,-2.3559085941917814e+28,0,1.3516416376850534e+27,228,0.0,456,2.40156025918058e+36,-0.235,2114,52429,17109,52429,17111,52429,17095,0,0,0,101,100,100,-0.0,66.3,-0.0,66.7,2.7302343157793998e+23,66.5,1,49,50,180,52429,52429,0,0,0.0,0.0,0.0,60.0,-0.0,71.0,0.0,0.0,0.0,1069,0,1069,0,0,0,1069,0,1080,0,999,0,667,0,668,0,663,0,680,0.032,1.4609821306377965e+22,0.0,0.0,32400,16814,nan,0.0,-0.0,-0.0,0.0,2308977907990528.0,50.0,60.0,35,0.0,0.0,10.0,2.0,0.0,0.0,0.0,0.0,0.0,0.0,0.0,0.0,0.0,0.0,0.0,0.0,58.8,29,31,65534,27,65476,669,65476,1,0,4,20529,65476,0,0,30147,60.0,0.0,10.0,10.0,2.0,0.0
2026-02-16T12:52:14,ERR,ERR,ERR,ERR,ERR,ERR,ERR,ERR,ERR,ERR,ERR,ERR,ERR,ERR,ERR,ERR,ERR,ERR,ERR,ERR,ERR,ERR,ERR,ERR,ERR,ERR,ERR,ERR,ERR,ERR,ERR,ERR,ERR,ERR,ERR,ERR,ERR,ERR,ERR,ERR,ERR,ERR,ERR,ERR,ERR,ERR,ERR,ERR,ERR,ERR,ERR,ERR,ERR,ERR,ERR,ERR,ERR,ERR,ERR,ERR,ERR,ERR,ERR,ERR,ERR,ERR,ERR,ERR,ERR,ERR,ERR,ERR,ERR,ERR,ERR,ERR,ERR,ERR,ERR,ERR,ERR,ERR,ERR,ERR,ERR,ERR,ERR,ERR,ERR,ERR,ERR,ERR,ERR,ERR,ERR,ERR,ERR,ERR,ERR,ERR,ERR,ERR,ERR,ERR,ERR,ERR,ERR,ERR,ERR,ERR,ERR,ERR,ERR,ERR,ERR,ERR,ERR,ERR,ERR,ERR,ERR,ERR,ERR,ERR,ERR,0.0,-107616352.0,0.0,0.0,142144341803008.0,0.001,-0.0,-0.0,4300,0,8,17170,4300,0.0,41,0.0,0.0,0.0,0.0,0.0,0,0,0,0,0.0,0,0,0,0,0,0,0,0,0,0,0,0,0,0,0,0,0,0,0,0,0,0,0,0,0,0,0,0,0,0,0,0,0,10,35,35,45,65476,366,65476,1,0,4,21553,0.0,0.0,0.0,0.0,0.0,0.0,0.0,0.0,0.0,0.0,0.0,0.0,0.0,0.0,0.0,0.0,0.0,0.0,0.0,0.0,0.0,2.004,2.004,0.0,2.004,0.0,0.0,0.0,0.0,0.0,6468.0,-2.423001163129585e+24,0.0,0.0,-107616352.0,-107616240.0,-0.0,0.0,0.0,2.004,2.004,228,0.0,-1.9056957152926106e+17,0.0,0.0,0.0,0.0,0.0,0.0,0.0,0,0,0,0.027,0.0,-521.054,-0.0,-1.4525316886670868e+18,5815645765632.0,-0.0,-625.094,0.0,-4.2647981129923396e+35,-449365280.0,1.5336075441462428e+21,0.0,0.45,0.0,0.0,0,1.3516416376850534e+27,227,0.0,454,-621855232.0,5.614281105436677e+35,2114,52429,17109,52429,17111,52429,17095,0,0,0,101,100,100,-0.0,66.3,-0.0,66.7,2.7302343157793998e+23,66.5,1,49,50,180,52429,52429,0,0,0.0,0.0,0.0,60.0,-0.0,71.0,0.0,0.0,0.0,1069,0,1069,0,0,0,1069,0,1080,0,999,0,667,0,668,0,663,0,680,0.032,1.4609821306377965e+22,0.0,0.0,32400,16814,nan,0.0,-0.0,-0.0,0.0,2308977907990528.0,50.0,60.0,35,0.0,0.0,10.0,2.0,0.0,0.0,0.0,0.0,0.0,0.0,0.0,0.0,0.0,0.0,0.0,0.0,58.8,28,32,65535,27,65476,662,65476,1,0,4,20529,65476,0,0,30147,60.0,0.0,10.0,10.0,2.0,0.0
2026-02-16T12:52:15,ERR,ERR,ERR,ERR,ERR,ERR,ERR,ERR,ERR,ERR,ERR,ERR,ERR,ERR,ERR,ERR,ERR,ERR,ERR,ERR,ERR,ERR,ERR,ERR,ERR,ERR,ERR,ERR,ERR,ERR,ERR,ERR,ERR,ERR,ERR,ERR,ERR,ERR,ERR,ERR,ERR,ERR,ERR,ERR,ERR,ERR,ERR,ERR,ERR,ERR,ERR,ERR,ERR,ERR,ERR,ERR,ERR,ERR,ERR,ERR,ERR,ERR,ERR,ERR,ERR,ERR,ERR,ERR,ERR,ERR,ERR,ERR,ERR,ERR,ERR,ERR,ERR,ERR,ERR,ERR,ERR,ERR,ERR,ERR,ERR,ERR,ERR,ERR,ERR,ERR,ERR,ERR,ERR,ERR,ERR,ERR,ERR,ERR,ERR,ERR,ERR,ERR,ERR,ERR,ERR,ERR,ERR,ERR,ERR,ERR,ERR,ERR,ERR,ERR,ERR,ERR,ERR,ERR,ERR,ERR,ERR,ERR,ERR,ERR,ERR,0.0,-107616352.0,0.0,0.0,142144341803008.0,0.001,-0.0,-0.0,4300,0,8,17170,4300,0.0,41,0.0,0.0,0.0,0.0,0.0,0,0,0,0,0.0,0,0,0,0,0,0,0,0,0,0,0,0,0,0,0,0,0,0,0,0,0,0,0,0,0,0,0,0,0,0,0,0,0,10,35,35,45,65476,366,65476,1,0,4,21553,0.0,0.0,0.0,0.0,0.0,0.0,0.0,0.0,0.0,0.0,0.0,0.0,0.0,0.0,0.0,0.0,0.0,0.0,0.0,0.0,0.0,2.004,2.004,0.0,2.004,0.0,0.0,0.0,0.0,0.0,6468.0,-2.423001163129585e+24,0.0,0.0,-107616352.0,-107616240.0,-0.0,0.0,0.0,2.004,2.004,228,0.0,-1.9056957152926106e+17,0.0,0.0,0.0,0.0,0.0,0.0,0.0,0,0,0,0.027,0.0,-521.054,-0.0,-1.4525316886670868e+18,5815645765632.0,-0.0,-625.094,0.0,-4.2647981129923396e+35,-449365280.0,1.5336075441462428e+21,0.0,0.45,0.0,0.0,0,1.3516416376850534e+27,227,0.0,454,-621855232.0,5.614281105436677e+35,2114,52429,17109,52429,17111,52429,17095,0,0,0,101,100,100,-0.0,66.3,-0.0,66.7,2.7302343157793998e+23,66.5,1,49,50,180,52429,52429,0,0,0.0,0.0,0.0,60.0,-0.0,71.0,0.0,0.0,0.0,1069,0,1069,0,0,0,1069,0,1080,0,999,0,667,0,668,0,663,0,680,0.032,1.4609821306377965e+22,0.0,0.0,32400,16814,nan,0.0,-0.0,-0.0,0.0,2308977907990528.0,50.0,60.0,35,0.0,0.0,10.0,2.0,0.0,0.0,0.0,0.0,0.0,0.0,0.0,0.0,0.0,0.0,0.0,0.0,58.8,28,32,0,27,65476,662,65476,1,0,4,20529,65476,0,0,30147,60.0,0.0,10.0,10.0,2.0,0.0
2026-02-16T12:52:16,ERR,ERR,ERR,ERR,ERR,ERR,ERR,ERR,ERR,ERR,ERR,ERR,ERR,ERR,ERR,ERR,ERR,ERR,ERR,ERR,ERR,ERR,ERR,ERR,ERR,ERR,ERR,ERR,ERR,ERR,ERR,ERR,ERR,ERR,ERR,ERR,ERR,ERR,ERR,ERR,ERR,ERR,ERR,ERR,ERR,ERR,ERR,ERR,ERR,ERR,ERR,ERR,ERR,ERR,ERR,ERR,ERR,ERR,ERR,ERR,ERR,ERR,ERR,ERR,ERR,ERR,ERR,ERR,ERR,ERR,ERR,ERR,ERR,ERR,ERR,ERR,ERR,ERR,ERR,ERR,ERR,ERR,ERR,ERR,ERR,ERR,ERR,ERR,ERR,ERR,ERR,ERR,ERR,ERR,ERR,ERR,ERR,ERR,ERR,ERR,ERR,ERR,ERR,ERR,ERR,ERR,ERR,ERR,ERR,ERR,ERR,ERR,ERR,ERR,ERR,ERR,ERR,ERR,ERR,ERR,ERR,ERR,ERR,ERR,ERR,0.0,-107616352.0,0.0,0.0,142144341803008.0,0.001,-0.0,-0.0,4300,0,8,17170,4300,0.0,41,0.0,0.0,0.0,0.0,0.0,0,0,0,0,0.0,0,0,0,0,0,0,0,0,0,0,0,0,0,0,0,0,0,0,0,0,0,0,0,0,0,0,0,0,0,0,0,0,0,10,35,35,45,65476,366,65476,1,0,4,21553,0.0,0.0,0.0,0.0,0.0,0.0,0.0,0.0,0.0,0.0,0.0,0.0,0.0,0.0,0.0,0.0,0.0,0.0,0.0,0.0,0.0,2.004,2.004,0.0,2.004,0.0,0.0,0.0,0.0,0.0,6468.0,-2.423001163129585e+24,0.0,0.0,-107616352.0,-107616240.0,-0.0,0.0,0.0,2.004,2.004,228,0.0,-1.9056957152926106e+17,0.0,0.0,0.0,0.0,0.0,0.0,0.0,0,0,0,0.027,0.0,-521.054,-0.0,-1.4525316886670868e+18,5815645765632.0,-0.0,-625.094,0.0,-4.2647981129923396e+35,-449365280.0,1.5336075441462428e+21,0.0,0.45,0.0,0.0,0,1.3516416376850534e+27,227,0.0,454,-621855232.0,5.614281105436677e+35,2114,52429,17109,0,17112,52429,17095,0,0,0,101,100,100,-107615264.0,66.3,-0.0,66.7,2.7302343157793998e+23,66.5,1,49,50,180,52429,52429,0,0,0.0,0.0,0.0,60.0,-0.0,71.0,0.0,1.0892678413405315e+27,0.0,1069,0,1069,0,0,0,1069,0,1080,0,999,0,667,0,668,0,664,0,680,0.032,1.4536034330083127e+22,0.0,0.0,34960,16814,-0.0,-0.011,0.0,319.507,-0.003,-2470448384.0,50.0,60.0,35,0.0,0.0,10.0,2.0,0.0,0.0,0.0,0.0,0.0,0.0,0.0,0.0,0.0,0.0,0.0,0.0,58.8,28,32,0,27,65476,662,65476,1,0,4,20529,65476,0,0,30147,60.0,0.0,10.0,10.0,2.0,0.0
2026-02-16T12:52:17,ERR,ERR,ERR,ERR,ERR,ERR,ERR,ERR,ERR,ERR,ERR,ERR,ERR,ERR,ERR,ERR,ERR,ERR,ERR,ERR,ERR,ERR,ERR,ERR,ERR,ERR,ERR,ERR,ERR,ERR,ERR,ERR,ERR,ERR,ERR,ERR,ERR,ERR,ERR,ERR,ERR,ERR,ERR,ERR,ERR,ERR,ERR,ERR,ERR,ERR,ERR,ERR,ERR,ERR,ERR,ERR,ERR,ERR,ERR,ERR,ERR,ERR,ERR,ERR,ERR,ERR,ERR,ERR,ERR,ERR,ERR,ERR,ERR,ERR,ERR,ERR,ERR,ERR,ERR,ERR,ERR,ERR,ERR,ERR,ERR,ERR,ERR,ERR,ERR,ERR,ERR,ERR,ERR,ERR,ERR,ERR,ERR,ERR,ERR,ERR,ERR,ERR,ERR,ERR,ERR,ERR,ERR,ERR,ERR,ERR,ERR,ERR,ERR,ERR,ERR,ERR,ERR,ERR,ERR,ERR,ERR,ERR,ERR,ERR,ERR,0.0,-107616352.0,0.0,0.0,142144341803008.0,0.001,-0.0,-0.0,4300,0,8,17170,4300,0.0,41,0.0,0.0,0.0,0.0,0.0,0,0,0,0,0.0,0,0,0,0,0,0,0,0,0,0,0,0,0,0,0,0,0,0,0,0,0,0,0,0,0,0,0,0,0,0,0,0,0,10,35,35,45,65476,366,65476,1,0,4,21553,0.0,0.0,0.0,0.0,0.0,0.0,0.0,0.0,0.0,0.0,0.0,0.0,0.0,0.0,0.0,0.0,0.0,0.0,0.0,0.0,0.0,2.004,2.004,0.0,2.004,0.0,0.0,0.0,0.0,0.0,6468.0,-2.423001163129585e+24,0.0,0.0,-107616352.0,-107616240.0,-0.0,0.0,0.0,2.004,2.004,228,0.0,-1.9056957152926106e+17,0.0,0.0,0.0,0.0,0.0,0.0,0.0,0,0,0,0.027,0.0,-521.054,-0.0,-1.4525316886670868e+18,5815645765632.0,-0.0,-625.094,0.0,-4.2647981129923396e+35,-449365280.0,1.5336075441462428e+21,0.0,0.45,0.0,0.0,0,1.3516416376850534e+27,227,0.0,454,-621855232.0,5.614281105436677e+35,2114,52429,17109,0,17112,52429,17095,0,0,0,101,100,100,-107615264.0,66.3,-0.0,66.7,2.7302343157793998e+23,66.5,1,49,50,180,52429,52429,0,0,0.0,0.0,0.0,60.0,-0.0,71.0,0.0,1.0892678413405315e+27,0.0,1069,0,1069,0,0,0,1069,0,1080,0,999,0,667,0,668,0,664,0,680,0.032,1.4536034330083127e+22,0.0,0.0,34960,16814,-0.0,-0.011,0.0,319.507,-0.003,-2470448384.0,50.0,60.0,35,0.0,0.0,10.0,2.0,0.0,0.0,0.0,0.0,0.0,0.0,0.0,0.0,0.0,0.0,0.0,0.0,58.8,26,34,1,27,65476,638,65476,1,0,4,20529,65476,0,0,30147,60.0,0.0,10.0,10.0,2.0,0.0
2026-02-16T12:52:18,ERR,ERR,ERR,ERR,ERR,ERR,ERR,ERR,ERR,ERR,ERR,ERR,ERR,ERR,ERR,ERR,ERR,ERR,ERR,ERR,ERR,ERR,ERR,ERR,ERR,ERR,ERR,ERR,ERR,ERR,ERR,ERR,ERR,ERR,ERR,ERR,ERR,ERR,ERR,ERR,ERR,ERR,ERR,ERR,ERR,ERR,ERR,ERR,ERR,ERR,ERR,ERR,ERR,ERR,ERR,ERR,ERR,ERR,ERR,ERR,ERR,ERR,ERR,ERR,ERR,ERR,ERR,ERR,ERR,ERR,ERR,ERR,ERR,ERR,ERR,ERR,ERR,ERR,ERR,ERR,ERR,ERR,ERR,ERR,ERR,ERR,ERR,ERR,ERR,ERR,ERR,ERR,ERR,ERR,ERR,ERR,ERR,ERR,ERR,ERR,ERR,ERR,ERR,ERR,ERR,ERR,ERR,ERR,ERR,ERR,ERR,ERR,ERR,ERR,ERR,ERR,ERR,ERR,ERR,ERR,ERR,ERR,ERR,ERR,ERR,-107615880.0,-107616352.0,-0.0,0.0,-0.063,-396383102173184.0,-1.4361706845297262e+35,2.319903109282534e+30,4300,0,8,17171,4300,0.0,41,0.0,0.0,0.0,0.0,0.0,0,0,0,0,0.0,0,0,0,0,0,0,0,0,0,0,0,0,0,0,0,0,0,0,0,0,0,0,0,0,0,0,0,0,0,0,0,0,0,10,35,35,45,65476,366,65476,1,0,4,21553,0.0,2.7183305813883192e+23,0.0,0.0,0.0,0.0,0.0,0.0,0.0,0.0,0.0,0.0,0.0,0.0,0.0,0.0,0.0,0.0,0.0,0.0,0.0,2.004,0.0,0.0,2.004,3.69707618246192e+19,0.0,0.0,0.0,0.0,6467.0,2.004,0.0,0.0,-107616352.0,-107616240.0,-2.7184507374263774e+23,0.0,0.0,2.004,2.004,228,0.0,4.066875192005716e+29,0.0,0.0,0.0,0.0,0.0,0.0,0.0,0,0,0,0.0,-0.0,-0.0,-2.44193117482007e+29,-32381827072.0,-0.0,8.6338998419673e+32,-1.666,0.0,-4.576335924504429e+35,-474531104.0,1.6350646365516454e+21,0.0,0.469,0.0,0.0,0,1.3516416376850534e+27,228,0.0,456,-621855232.0,5.614281105436677e+35,2114,52429,17109,0,17112,52429,17095,0,0,0,101,100,100,-107615264.0,66.3,-0.0,66.7,2.7302343157793998e+23,66.5,1,49,50,180,52429,52429,0,0,0.0,0.0,0.0,60.0,-0.0,71.0,0.0,1.0892678413405315e+27,0.0,1069,0,1069,0,0,0,1069,0,1080,0,999,0,667,0,668,0,664,0,680,0.032,1.4536034330083127e+22,0.0,0.0,34960,16814,-0.0,-0.011,0.0,319.507,-0.003,-2470448384.0,50.0,60.0,35,0.0,0.0,10.0,2.0,0.0,0.0,0.0,0.0,0.0,0.0,0.0,0.0,0.0,0.0,0.0,0.0,58.8,26,34,1,27,65476,638,65476,1,0,4,20529,65476,0,0,30147,60.0,0.0,10.0,10.0,2.0,0.0
2026-02-16T12:52:19,ERR,ERR,ERR,ERR,ERR,ERR,ERR,ERR,ERR,ERR,ERR,ERR,ERR,ERR,ERR,ERR,ERR,ERR,ERR,ERR,ERR,ERR,ERR,ERR,ERR,ERR,ERR,ERR,ERR,ERR,ERR,ERR,ERR,ERR,ERR,ERR,ERR,ERR,ERR,ERR,ERR,ERR,ERR,ERR,ERR,ERR,ERR,ERR,ERR,ERR,ERR,ERR,ERR,ERR,ERR,ERR,ERR,ERR,ERR,ERR,ERR,ERR,ERR,ERR,ERR,ERR,ERR,ERR,ERR,ERR,ERR,ERR,ERR,ERR,ERR,ERR,ERR,ERR,ERR,ERR,ERR,ERR,ERR,ERR,ERR,ERR,ERR,ERR,ERR,ERR,ERR,ERR,ERR,ERR,ERR,ERR,ERR,ERR,ERR,ERR,ERR,ERR,ERR,ERR,ERR,ERR,ERR,ERR,ERR,ERR,ERR,ERR,ERR,ERR,ERR,ERR,ERR,ERR,ERR,ERR,ERR,ERR,ERR,ERR,ERR,-107615880.0,-107616352.0,-0.0,0.0,-0.063,-396383102173184.0,-1.4361706845297262e+35,2.319903109282534e+30,4300,0,8,17171,4300,0.0,41,0.0,0.0,0.0,0.0,0.0,0,0,0,0,0.0,0,0,0,0,0,0,0,0,0,0,0,0,0,0,0,0,0,0,0,0,0,0,0,0,0,0,0,0,0,0,0,0,0,10,35,35,45,65476,366,65476,1,0,4,21553,0.0,2.7183305813883192e+23,0.0,0.0,0.0,0.0,0.0,0.0,0.0,0.0,0.0,0.0,0.0,0.0,0.0,0.0,0.0,0.0,0.0,0.0,0.0,2.004,0.0,0.0,2.004,3.69707618246192e+19,0.0,0.0,0.0,0.0,6467.0,2.004,0.0,0.0,-107616352.0,-107616240.0,-2.7184507374263774e+23,0.0,0.0,2.004,2.004,228,0.0,4.066875192005716e+29,0.0,0.0,0.0,0.0,0.0,0.0,0.0,0,0,0,0.0,-0.0,-0.0,-2.44193117482007e+29,-32381827072.0,-0.0,8.6338998419673e+32,-1.666,0.0,-4.576335924504429e+35,-474531104.0,1.6350646365516454e+21,0.0,0.469,0.0,0.0,0,1.3516416376850534e+27,228,0.0,456,-621855232.0,5.614281105436677e+35,2114,52429,17109,0,17112,52429,17095,0,0,0,101,100,100,-107615264.0,66.3,-0.0,66.7,2.7302343157793998e+23,66.5,1,49,50,180,52429,52429,0,0,0.0,0.0,0.0,60.0,-0.0,71.0,0.0,-0.295,0.0,1069,0,1069,0,0,0,1069,0,1080,0,999,0,667,0,668,0,663,0,680,0.032,1.4536034330083127e+22,0.0,0.0,37776,16814,-0.0,-0.295,0.0,0.0,-2432229510742016.0,-1.1879714892827982e+23,50.0,60.0,35,0.0,0.0,10.0,2.0,0.0,0.0,0.0,0.0,0.0,0.0,0.0,0.0,0.0,0.0,0.0,0.0,58.8,25,35,3,27,65476,638,65476,1,0,4,20529,65476,0,0,30147,60.0,0.0,10.0,10.0,2.0,0.0
2026-02-16T12:52:20,ERR,ERR,ERR,ERR,ERR,ERR,ERR,ERR,ERR,ERR,ERR,ERR,ERR,ERR,ERR,ERR,ERR,ERR,ERR,ERR,ERR,ERR,ERR,ERR,ERR,ERR,ERR,ERR,ERR,ERR,ERR,ERR,ERR,ERR,ERR,ERR,ERR,ERR,ERR,ERR,ERR,ERR,ERR,ERR,ERR,ERR,ERR,ERR,ERR,ERR,ERR,ERR,ERR,ERR,ERR,ERR,ERR,ERR,ERR,ERR,ERR,ERR,ERR,ERR,ERR,ERR,ERR,ERR,ERR,ERR,ERR,ERR,ERR,ERR,ERR,ERR,ERR,ERR,ERR,ERR,ERR,ERR,ERR,ERR,ERR,ERR,ERR,ERR,ERR,ERR,ERR,ERR,ERR,ERR,ERR,ERR,ERR,ERR,ERR,ERR,ERR,ERR,ERR,ERR,ERR,ERR,ERR,ERR,ERR,ERR,ERR,ERR,ERR,ERR,ERR,ERR,ERR,ERR,ERR,ERR,ERR,ERR,ERR,ERR,ERR,-107615880.0,-107616352.0,-0.0,0.0,-0.063,-396383102173184.0,-1.4361706845297262e+35,2.319903109282534e+30,4300,0,8,17171,4300,0.0,41,0.0,0.0,0.0,0.0,0.0,0,0,0,0,0.0,0,0,0,0,0,0,0,0,0,0,0,0,0,0,0,0,0,0,0,0,0,0,0,0,0,0,0,0,0,0,0,0,0,10,35,35,45,65476,366,65476,1,0,4,21553,0.0,2.7183305813883192e+23,0.0,0.0,0.0,0.0,0.0,0.0,0.0,0.0,0.0,0.0,0.0,0.0,0.0,0.0,0.0,0.0,0.0,0.0,0.0,2.004,0.0,0.0,2.004,3.69707618246192e+19,0.0,0.0,0.0,0.0,6467.0,2.004,0.0,0.0,-107616352.0,-107616240.0,-2.7184507374263774e+23,0.0,0.0,2.004,2.004,228,0.0,4.066875192005716e+29,0.0,0.0,0.0,0.0,0.0,0.0,0.0,0,0,0,0.0,-0.0,-0.0,-2.44193117482007e+29,-32381827072.0,-0.0,8.6338998419673e+32,-1.666,0.0,-4.576335924504429e+35,-474531104.0,1.6350646365516454e+21,0.0,0.469,0.0,0.0,0,1.3516416376850534e+27,228,0.0,456,-621855232.0,5.614281105436677e+35,2114,52429,17109,0,17112,52429,17095,0,0,0,101,100,100,-107615264.0,66.3,-0.0,66.7,2.7302343157793998e+23,66.5,1,49,50,180,52429,52429,0,0,0.0,0.0,0.0,60.0,-0.0,71.0,0.0,-0.295,0.0,1069,0,1069,0,0,0,1069,0,1080,0,999,0,667,0,668,0,663,0,680,0.032,1.4536034330083127e+22,0.0,0.0,37776,16814,-0.0,-0.295,0.0,0.0,-2432229510742016.0,-1.1879714892827982e+23,50.0,60.0,35,0.0,0.0,10.0,2.0,0.0,0.0,0.0,0.0,0.0,0.0,0.0,0.0,0.0,0.0,0.0,0.0,58.8,24,36,3,27,65476,603,65476,1,0,4,20529,65476,0,0,30147,60.0,0.0,10.0,10.0,2.0,0.0
2026-02-16T12:52:21,ERR,ERR,ERR,ERR,ERR,ERR,ERR,ERR,ERR,ERR,ERR,ERR,ERR,ERR,ERR,ERR,ERR,ERR,ERR,ERR,ERR,ERR,ERR,ERR,ERR,ERR,ERR,ERR,ERR,ERR,ERR,ERR,ERR,ERR,ERR,ERR,ERR,ERR,ERR,ERR,ERR,ERR,ERR,ERR,ERR,ERR,ERR,ERR,ERR,ERR,ERR,ERR,ERR,ERR,ERR,ERR,ERR,ERR,ERR,ERR,ERR,ERR,ERR,ERR,ERR,ERR,ERR,ERR,ERR,ERR,ERR,ERR,ERR,ERR,ERR,ERR,ERR,ERR,ERR,ERR,ERR,ERR,ERR,ERR,ERR,ERR,ERR,ERR,ERR,ERR,ERR,ERR,ERR,ERR,ERR,ERR,ERR,ERR,ERR,ERR,ERR,ERR,ERR,ERR,ERR,ERR,ERR,ERR,ERR,ERR,ERR,ERR,ERR,ERR,ERR,ERR,ERR,ERR,ERR,ERR,ERR,ERR,ERR,ERR,ERR,-107615880.0,-107616352.0,-0.0,0.0,-0.063,-396383102173184.0,-1.4361706845297262e+35,2.319903109282534e+30,4300,0,8,17171,4300,0.0,41,0.0,0.0,0.0,0.0,0.0,0,0,0,0,0.0,0,0,0,0,0,0,0,0,0,0,0,0,0,0,0,0,0,0,0,0,0,0,0,0,0,0,0,0,0,0,0,0,0,10,35,35,45,65476,366,65476,1,0,4,21553,0.0,2.7183305813883192e+23,0.0,0.0,0.0,0.0,0.0,0.0,0.0,0.0,0.0,0.0,0.0,0.0,0.0,0.0,0.0,0.0,0.0,0.0,0.0,2.004,0.0,0.0,2.004,3.69707618246192e+19,0.0,0.0,0.0,0.0,6467.0,2.004,0.0,0.0,-107616352.0,-107616240.0,-2.7184507374263774e+23,0.0,0.0,2.004,2.004,228,0.0,4.066875192005716e+29,0.0,0.0,0.0,0.0,0.0,0.0,0.0,0,0,0,0.0,-0.0,-0.0,-2.44193117482007e+29,-32381827072.0,-0.0,8.6338998419673e+32,-1.666,0.0,-4.576335924504429e+35,-474531104.0,1.6350646365516454e+21,0.0,0.469,0.0,0.0,0,1.3516416376850534e+27,228,0.0,456,-621855232.0,5.614281105436677e+35,2114,52429,17109,0,17112,52429,17095,0,0,0,101,100,100,-107615264.0,66.3,-0.0,66.7,2.7302343157793998e+23,66.5,1,49,50,180,52429,52429,0,0,0.0,0.0,0.0,60.0,-0.0,71.0,0.0,-0.295,0.0,1069,0,1069,0,0,0,1069,0,1080,0,999,0,667,0,668,0,663,0,680,0.032,1.4536034330083127e+22,0.0,0.0,37776,16814,-0.0,-0.295,0.0,0.0,-2432229510742016.0,-1.1879714892827982e+23,50.0,60.0,35,0.0,0.0,10.0,2.0,0.0,0.0,0.0,0.0,0.0,0.0,0.0,0.0,0.0,0.0,0.0,0.0,58.8,24,36,3,27,65476,603,65476,1,0,4,20529,65476,0,0,30147,60.0,0.0,10.0,10.0,2.0,0.0
2026-02-16T12:52:22,ERR,ERR,ERR,ERR,ERR,ERR,ERR,ERR,ERR,ERR,ERR,ERR,ERR,ERR,ERR,ERR,ERR,ERR,ERR,ERR,ERR,ERR,ERR,ERR,ERR,ERR,ERR,ERR,ERR,ERR,ERR,ERR,ERR,ERR,ERR,ERR,ERR,ERR,ERR,ERR,ERR,ERR,ERR,ERR,ERR,ERR,ERR,ERR,ERR,ERR,ERR,ERR,ERR,ERR,ERR,ERR,ERR,ERR,ERR,ERR,ERR,ERR,ERR,ERR,ERR,ERR,ERR,ERR,ERR,ERR,ERR,ERR,ERR,ERR,ERR,ERR,ERR,ERR,ERR,ERR,ERR,ERR,ERR,ERR,ERR,ERR,ERR,ERR,ERR,ERR,ERR,ERR,ERR,ERR,ERR,ERR,ERR,ERR,ERR,ERR,ERR,ERR,ERR,ERR,ERR,ERR,ERR,ERR,ERR,ERR,ERR,ERR,ERR,ERR,ERR,ERR,ERR,ERR,ERR,ERR,ERR,ERR,ERR,ERR,ERR,-107615880.0,-107616352.0,-0.0,0.0,-0.063,-396383102173184.0,-1.4361706845297262e+35,2.319903109282534e+30,4300,0,8,17171,4300,0.0,41,0.0,0.0,0.0,0.0,0.0,0,0,0,0,0.0,0,0,0,0,0,0,0,0,0,0,0,0,0,0,0,0,0,0,0,0,0,0,0,0,0,0,0,0,0,0,0,0,0,10,35,35,45,65476,366,65476,1,0,4,21553,0.0,2.7183305813883192e+23,0.0,0.0,0.0,0.0,0.0,0.0,0.0,0.0,0.0,0.0,0.0,0.0,0.0,0.0,0.0,0.0,0.0,0.0,0.0,2.004,0.0,0.0,2.004,3.69707618246192e+19,0.0,0.0,0.0,0.0,6467.0,2.004,0.0,0.0,-107616352.0,-107616240.0,-2.7184507374263774e+23,0.0,0.0,2.004,2.004,228,0.0,4.066875192005716e+29,0.0,0.0,0.0,0.0,0.0,0.0,0.0,0,0,0,0.0,-0.0,-0.0,-2.44193117482007e+29,-32381827072.0,-0.0,8.6338998419673e+32,-1.666,0.0,-4.576335924504429e+35,-474531104.0,1.6350646365516454e+21,0.0,0.469,0.0,0.0,0,1.3516416376850534e+27,228,0.0,456,-621855232.0,5.614281105436677e+35,2114,52429,17109,0,17112,52429,17095,0,0,0,101,100,100,-107615264.0,66.3,-0.0,66.7,2.7302343157793998e+23,66.5,1,49,50,180,52429,52429,0,0,0.0,0.0,0.0,60.0,-0.0,71.0,0.0,-0.295,0.0,1069,0,1069,0,0,0,1069,0,1080,0,999,0,667,0,668,0,663,0,680,0.032,1.4536034330083127e+22,0.0,0.0,37776,16814,-0.0,-0.295,0.0,0.0,-2432229510742016.0,-1.1879714892827982e+23,50.0,60.0,35,0.0,0.0,10.0,2.0,0.0,0.0,0.0,0.0,0.0,0.0,0.0,0.0,0.0,0.0,0.0,0.0,59.2,23,37,4,27,65476,603,65476,1,0,4,20529,65476,0,0,30147,60.0,0.0,10.0,10.0,2.0,0.0
2026-02-16T12:52:23,ERR,ERR,ERR,ERR,ERR,ERR,ERR,ERR,ERR,ERR,ERR,ERR,ERR,ERR,ERR,ERR,ERR,ERR,ERR,ERR,ERR,ERR,ERR,ERR,ERR,ERR,ERR,ERR,ERR,ERR,ERR,ERR,ERR,ERR,ERR,ERR,ERR,ERR,ERR,ERR,ERR,ERR,ERR,ERR,ERR,ERR,ERR,ERR,ERR,ERR,ERR,ERR,ERR,ERR,ERR,ERR,ERR,ERR,ERR,ERR,ERR,ERR,ERR,ERR,ERR,ERR,ERR,ERR,ERR,ERR,ERR,ERR,ERR,ERR,ERR,ERR,ERR,ERR,ERR,ERR,ERR,ERR,ERR,ERR,ERR,ERR,ERR,ERR,ERR,ERR,ERR,ERR,ERR,ERR,ERR,ERR,ERR,ERR,ERR,ERR,ERR,ERR,ERR,ERR,ERR,ERR,ERR,ERR,ERR,ERR,ERR,ERR,ERR,ERR,ERR,ERR,ERR,ERR,ERR,ERR,ERR,ERR,ERR,ERR,ERR,-107615880.0,-107616352.0,-0.0,0.0,-0.063,-264712.531,-8.02877992116452e+19,-0.0,4300,0,8,17170,4300,0.0,41,0.0,0.0,0.0,0.0,0.0,0,0,0,0,0.0,0,0,0,0,0,0,0,0,0,0,0,0,0,0,0,0,0,0,0,0,0,0,0,0,0,0,0,0,0,0,0,0,0,10,35,35,45,65476,366,65476,1,0,4,21553,0.0,0.0,0.0,0.0,0.0,0.0,0.0,0.0,0.0,0.0,0.0,0.0,0.0,0.0,0.0,0.0,0.0,0.0,0.0,0.0,0.0,2.004,2.004,0.0,0.0,-0.0,0.0,0.0,0.0,0.0,6442.0,3.697205924833998e+19,0.0,0.0,-107616352.0,-0.0,0.0,0.0,0.0,2.004,2.004,227,0.059,-71.63,0.0,0.0,0.0,0.0,0.0,0.0,0.0,0,0,0,54332860.0,9.866744790850365e+29,-4.764341508453171e+16,-4.008,-1.8347599689453637e+30,0.0,2.4386098457214976e+16,0.0,0.003,-4.913835220309193e+35,-499696928.0,1.7549684730307574e+21,0.0,0.493,0.0,-55639284.0,0,1.3516416376850534e+27,227,0.0,454,2.40156025918058e+36,-1.5870805360731793e+30,2114,52429,17109,0,17112,52429,17095,0,0,0,101,100,100,-0.0,66.3,-0.0,66.7,2.7302343157793998e+23,66.5,1,49,50,180,52429,52429,0,0,0.0,0.0,0.0,60.0,-0.0,71.0,0.0,1.4101321605869044e+28,0.0,1069,0,1069,0,0,0,1069,0,1080,0,999,0,667,0,668,0,663,0,680,0.032,1.4536034330083127e+22,0.0,0.0,32912,16814,1.7048675515529625e+38,-0.0,-3.820406013856589e+24,-0.028,-0.0,-0.0,50.0,60.0,35,0.0,0.0,10.0,2.0,0.0,0.0,0.0,0.0,0.0,0.0,0.0,0.0,0.0,0.0,0.0,0.0,58.8,23,37,5,27,65476,576,65476,1,0,4,20529,65476,0,0,30147,60.0,0.0,10.0,10.0,2.0,0.0
2026-02-16T12:52:24,ERR,ERR,ERR,ERR,ERR,ERR,ERR,ERR,ERR,ERR,ERR,ERR,ERR,ERR,ERR,ERR,ERR,ERR,ERR,ERR,ERR,ERR,ERR,ERR,ERR,ERR,ERR,ERR,ERR,ERR,ERR,ERR,ERR,ERR,ERR,ERR,ERR,ERR,ERR,ERR,ERR,ERR,ERR,ERR,ERR,ERR,ERR,ERR,ERR,ERR,ERR,ERR,ERR,ERR,ERR,ERR,ERR,ERR,ERR,ERR,ERR,ERR,ERR,ERR,ERR,ERR,ERR,ERR,ERR,ERR,ERR,ERR,ERR,ERR,ERR,ERR,ERR,ERR,ERR,ERR,ERR,ERR,ERR,ERR,ERR,ERR,ERR,ERR,ERR,ERR,ERR,ERR,ERR,ERR,ERR,ERR,ERR,ERR,ERR,ERR,ERR,ERR,ERR,ERR,ERR,ERR,ERR,ERR,ERR,ERR,ERR,ERR,ERR,ERR,ERR,ERR,ERR,ERR,ERR,ERR,ERR,ERR,ERR,ERR,ERR,-107615880.0,-107616352.0,-0.0,0.0,-0.063,-264712.531,-8.02877992116452e+19,-0.0,4300,0,8,17170,4300,0.0,41,0.0,0.0,0.0,0.0,0.0,0,0,0,0,0.0,0,0,0,0,0,0,0,0,0,0,0,0,0,0,0,0,0,0,0,0,0,0,0,0,0,0,0,0,0,0,0,0,0,10,35,35,45,65476,366,65476,1,0,4,21553,0.0,0.0,0.0,0.0,0.0,0.0,0.0,0.0,0.0,0.0,0.0,0.0,0.0,0.0,0.0,0.0,0.0,0.0,0.0,0.0,0.0,2.004,2.004,0.0,0.0,-0.0,0.0,0.0,0.0,0.0,6442.0,3.697205924833998e+19,0.0,0.0,-107616352.0,-0.0,0.0,0.0,0.0,2.004,2.004,227,0.059,-71.63,0.0,0.0,0.0,0.0,0.0,0.0,0.0,0,0,0,54332860.0,9.866744790850365e+29,-4.764341508453171e+16,-4.008,-1.8347599689453637e+30,0.0,2.4386098457214976e+16,0.0,0.003,-4.913835220309193e+35,-499696928.0,1.7549684730307574e+21,0.0,0.493,0.0,-55639284.0,0,1.3516416376850534e+27,227,0.0,454,2.40156025918058e+36,-1.5870805360731793e+30,2114,52429,17109,0,17112,52429,17095,0,0,0,101,100,100,-0.0,66.3,-0.0,66.7,2.7302343157793998e+23,66.5,1,49,50,180,52429,52429,0,0,0.0,0.0,0.0,60.0,-0.0,71.0,0.0,1.4101321605869044e+28,0.0,1069,0,1069,0,0,0,1069,0,1080,0,999,0,667,0,668,0,663,0,680,0.032,1.4536034330083127e+22,0.0,0.0,32912,16814,1.7048675515529625e+38,-0.0,-3.820406013856589e+24,-0.028,-0.0,-0.0,50.0,60.0,35,0.0,0.0,10.0,2.0,0.0,0.0,0.0,0.0,0.0,0.0,0.0,0.0,0.0,0.0,0.0,0.0,58.8,23,37,5,27,65476,576,65476,1,0,4,20529,65476,0,0,30147,60.0,0.0,10.0,10.0,2.0,0.0
2026-02-16T12:52:25,ERR,ERR,ERR,ERR,ERR,ERR,ERR,ERR,ERR,ERR,ERR,ERR,ERR,ERR,ERR,ERR,ERR,ERR,ERR,ERR,ERR,ERR,ERR,ERR,ERR,ERR,ERR,ERR,ERR,ERR,ERR,ERR,ERR,ERR,ERR,ERR,ERR,ERR,ERR,ERR,ERR,ERR,ERR,ERR,ERR,ERR,ERR,ERR,ERR,ERR,ERR,ERR,ERR,ERR,ERR,ERR,ERR,ERR,ERR,ERR,ERR,ERR,ERR,ERR,ERR,ERR,ERR,ERR,ERR,ERR,ERR,ERR,ERR,ERR,ERR,ERR,ERR,ERR,ERR,ERR,ERR,ERR,ERR,ERR,ERR,ERR,ERR,ERR,ERR,ERR,ERR,ERR,ERR,ERR,ERR,ERR,ERR,ERR,ERR,ERR,ERR,ERR,ERR,ERR,ERR,ERR,ERR,ERR,ERR,ERR,ERR,ERR,ERR,ERR,ERR,ERR,ERR,ERR,ERR,ERR,ERR,ERR,ERR,ERR,ERR,-107615880.0,-107616352.0,-0.0,0.0,-0.063,-264712.531,-8.02877992116452e+19,-0.0,4300,0,8,17170,4300,0.0,41,0.0,0.0,0.0,0.0,0.0,0,0,0,0,0.0,0,0,0,0,0,0,0,0,0,0,0,0,0,0,0,0,0,0,0,0,0,0,0,0,0,0,0,0,0,0,0,0,0,10,35,35,45,65476,366,65476,1,0,4,21553,0.0,0.0,0.0,0.0,0.0,0.0,0.0,0.0,0.0,0.0,0.0,0.0,0.0,0.0,0.0,0.0,0.0,0.0,0.0,0.0,0.0,2.004,2.004,0.0,0.0,-0.0,0.0,0.0,0.0,0.0,6442.0,3.697205924833998e+19,0.0,0.0,-107616352.0,-0.0,0.0,0.0,0.0,2.004,2.004,227,0.059,-71.63,0.0,0.0,0.0,0.0,0.0,0.0,0.0,0,0,0,54332860.0,9.866744790850365e+29,-4.764341508453171e+16,-4.008,-1.8347599689453637e+30,0.0,2.4386098457214976e+16,0.0,0.003,-4.913835220309193e+35,-499696928.0,1.7549684730307574e+21,0.0,0.493,0.0,-55639284.0,0,1.3516416376850534e+27,227,0.0,454,2.40156025918058e+36,-1.5870805360731793e+30,2114,52429,17109,0,17112,52429,17095,0,0,0,101,100,100,-0.0,66.3,-0.0,66.7,2.7302343157793998e+23,66.5,1,49,50,180,52429,52429,0,0,0.0,0.0,0.0,60.0,-0.0,71.0,0.0,1.4101321605869044e+28,0.0,1069,0,1069,0,0,0,1069,0,1080,0,999,0,667,0,668,0,663,0,680,0.032,1.4536034330083127e+22,0.0,0.0,32912,16814,1.7048675515529625e+38,-0.0,-3.820406013856589e+24,-0.028,-0.0,-0.0,50.0,60.0,35,0.0,0.0,10.0,2.0,0.0,0.0,0.0,0.0,0.0,0.0,0.0,0.0,0.0,0.0,0.0,0.0,58.8,22,38,5,27,65476,576,300,0,0,8,20529,65476,0,0,30147,60.0,0.0,10.0,10.0,2.0,0.0
2026-02-16T12:52:26,ERR,ERR,ERR,ERR,ERR,ERR,ERR,ERR,ERR,ERR,ERR,ERR,ERR,ERR,ERR,ERR,ERR,ERR,ERR,ERR,ERR,ERR,ERR,ERR,ERR,ERR,ERR,ERR,ERR,ERR,ERR,ERR,ERR,ERR,ERR,ERR,ERR,ERR,ERR,ERR,ERR,ERR,ERR,ERR,ERR,ERR,ERR,ERR,ERR,ERR,ERR,ERR,ERR,ERR,ERR,ERR,ERR,ERR,ERR,ERR,ERR,ERR,ERR,ERR,ERR,ERR,ERR,ERR,ERR,ERR,ERR,ERR,ERR,ERR,ERR,ERR,ERR,ERR,ERR,ERR,ERR,ERR,ERR,ERR,ERR,ERR,ERR,ERR,ERR,ERR,ERR,ERR,ERR,ERR,ERR,ERR,ERR,ERR,ERR,ERR,ERR,ERR,ERR,ERR,ERR,ERR,ERR,ERR,ERR,ERR,ERR,ERR,ERR,ERR,ERR,ERR,ERR,ERR,ERR,ERR,ERR,ERR,ERR,ERR,ERR,-107615880.0,-107616352.0,-0.0,0.0,-0.063,-264712.531,-8.02877992116452e+19,-0.0,4300,0,8,17170,4300,0.0,41,0.0,0.0,0.0,0.0,0.0,0,0,0,0,0.0,0,0,0,0,0,0,0,0,0,0,0,0,0,0,0,0,0,0,0,0,0,0,0,0,0,0,0,0,0,0,0,0,0,10,35,35,45,65476,366,65476,1,0,4,21553,0.0,0.0,0.0,0.0,0.0,0.0,0.0,0.0,0.0,0.0,0.0,0.0,0.0,0.0,0.0,0.0,0.0,0.0,0.0,0.0,0.0,2.004,2.004,0.0,0.0,-0.0,0.0,0.0,0.0,0.0,6442.0,3.697205924833998e+19,0.0,0.0,-107616352.0,-0.0,0.0,0.0,0.0,2.004,2.004,227,0.059,-71.63,0.0,0.0,0.0,0.0,0.0,0.0,0.0,0,0,0,54332860.0,9.866744790850365e+29,-4.764341508453171e+16,-4.008,-1.8347599689453637e+30,0.0,2.4386098457214976e+16,0.0,0.003,-4.913835220309193e+35,-499696928.0,1.7549684730307574e+21,0.0,0.493,0.0,-55639284.0,0,1.3516416376850534e+27,227,0.0,454,2.40156025918058e+36,-1.5870805360731793e+30,2114,52429,17109,0,17112,52429,17095,0,0,0,101,100,100,-0.0,66.3,-0.0,66.7,2.7302343157793998e+23,66.5,1,49,50,180,52429,52429,0,0,0.0,0.0,0.0,60.0,-0.0,71.0,0.0,2628.085,0.0,1069,0,1069,0,0,0,1069,0,1080,0,999,0,667,0,668,0,663,0,680,0.032,1.4683608282672803e+22,0.0,0.0,29072,16814,-0.0,2628.085,-1.7744226512304865e+19,-15581411.0,4.760505147542927e+37,-0.0,50.0,60.0,35,0.0,0.0,10.0,2.0,0.0,0.0,0.0,0.0,0.0,0.0,0.0,0.0,0.0,0.0,0.0,0.0,58.8,22,38,5,27,65476,576,300,0,0,8,20529,65476,0,0,30147,60.0,0.0,10.0,10.0,2.0,0.0
2026-02-16T12:52:27,ERR,ERR,ERR,ERR,ERR,ERR,ERR,ERR,ERR,ERR,ERR,ERR,ERR,ERR,ERR,ERR,ERR,ERR,ERR,ERR,ERR,ERR,ERR,ERR,ERR,ERR,ERR,ERR,ERR,ERR,ERR,ERR,ERR,ERR,ERR,ERR,ERR,ERR,ERR,ERR,ERR,ERR,ERR,ERR,ERR,ERR,ERR,ERR,ERR,ERR,ERR,ERR,ERR,ERR,ERR,ERR,ERR,ERR,ERR,ERR,ERR,ERR,ERR,ERR,ERR,ERR,ERR,ERR,ERR,ERR,ERR,ERR,ERR,ERR,ERR,ERR,ERR,ERR,ERR,ERR,ERR,ERR,ERR,ERR,ERR,ERR,ERR,ERR,ERR,ERR,ERR,ERR,ERR,ERR,ERR,ERR,ERR,ERR,ERR,ERR,ERR,ERR,ERR,ERR,ERR,ERR,ERR,ERR,ERR,ERR,ERR,ERR,ERR,ERR,ERR,ERR,ERR,ERR,ERR,ERR,ERR,ERR,ERR,ERR,ERR,-107615880.0,-107616352.0,-0.0,0.0,-0.063,-264712.531,-8.02877992116452e+19,-0.0,4300,0,8,17170,4300,0.0,41,0.0,0.0,0.0,0.0,0.0,0,0,0,0,0.0,0,0,0,0,0,0,0,0,0,0,0,0,0,0,0,0,0,0,0,0,0,0,0,0,0,0,0,0,0,0,0,0,0,10,35,35,45,65476,366,65476,1,0,4,21553,0.0,0.0,0.0,0.0,0.0,0.0,0.0,0.0,0.0,0.0,0.0,0.0,0.0,0.0,0.0,0.0,0.0,0.0,0.0,0.0,0.0,2.004,2.004,0.0,0.0,-0.0,0.0,0.0,0.0,0.0,6442.0,3.697205924833998e+19,0.0,0.0,-107616352.0,-0.0,0.0,0.0,0.0,2.004,2.004,227,0.059,-71.63,0.0,0.0,0.0,0.0,0.0,0.0,0.0,0,0,0,54332860.0,9.866744790850365e+29,-4.764341508453171e+16,-4.008,-1.8347599689453637e+30,0.0,2.4386098457214976e+16,0.0,0.003,-4.913835220309193e+35,-499696928.0,1.7549684730307574e+21,0.0,0.493,0.0,-55639284.0,0,1.3516416376850534e+27,227,0.0,454,2.40156025918058e+36,-1.5870805360731793e+30,2114,52429,17109,0,17112,52429,17095,0,0,0,101,100,100,-0.0,66.3,-0.0,66.7,2.7302343157793998e+23,66.5,1,49,50,180,52429,52429,0,0,0.0,0.0,0.0,60.0,-0.0,71.0,0.0,2628.085,0.0,1069,0,1069,0,0,0,1069,0,1080,0,999,0,667,0,668,0,663,0,680,0.032,1.4683608282672803e+22,0.0,0.0,29072,16814,-0.0,2628.085,-1.7744226512304865e+19,-15581411.0,4.760505147542927e+37,-0.0,50.0,60.0,35,0.0,0.0,10.0,2.0,0.0,0.0,0.0,0.0,0.0,0.0,0.0,0.0,0.0,0.0,0.0,0.0,58.8,23,37,4,27,65476,415,300,0,0,4,20529,65476,0,0,30147,60.0,0.0,10.0,10.0,2.0,0.0
2026-02-16T12:52:28,ERR,ERR,ERR,ERR,ERR,ERR,ERR,ERR,ERR,ERR,ERR,ERR,ERR,ERR,ERR,ERR,ERR,ERR,ERR,ERR,ERR,ERR,ERR,ERR,ERR,ERR,ERR,ERR,ERR,ERR,ERR,ERR,ERR,ERR,ERR,ERR,ERR,ERR,ERR,ERR,ERR,ERR,ERR,ERR,ERR,ERR,ERR,ERR,ERR,ERR,ERR,ERR,ERR,ERR,ERR,ERR,ERR,ERR,ERR,ERR,ERR,ERR,ERR,ERR,ERR,ERR,ERR,ERR,ERR,ERR,ERR,ERR,ERR,ERR,ERR,ERR,ERR,ERR,ERR,ERR,ERR,ERR,ERR,ERR,ERR,ERR,ERR,ERR,ERR,ERR,ERR,ERR,ERR,ERR,ERR,ERR,ERR,ERR,ERR,ERR,ERR,ERR,ERR,ERR,ERR,ERR,ERR,ERR,ERR,ERR,ERR,ERR,ERR,ERR,ERR,ERR,ERR,ERR,ERR,ERR,ERR,ERR,ERR,ERR,ERR,-107615880.0,-107616352.0,-0.0,0.0,-0.063,-0.0,-0.0,-0.0,4300,0,8,17170,4300,0.0,41,0.0,0.0,0.0,0.0,2.7184166902131945e+23,0,0,0,0,0.0,0,0,0,0,0,0,0,0,0,0,0,0,0,0,0,0,0,0,0,0,0,0,0,0,0,0,0,0,0,0,0,0,0,11,35,34,45,65476,366,65476,1,0,4,21553,0.0,-0.0,0.0,0.0,0.0,0.0,0.0,0.0,0.0,0.0,0.0,0.0,0.0,0.0,0.0,0.0,0.0,0.0,0.0,0.0,0.0,2.004,2.004,0.0,0.0,-0.0,0.0,0.0,0.0,0.0,6431.0,2.004,0.0,-107615880.0,-107616352.0,-0.0,0.0,0.0,0.0,2.004,2.004,227,-3.222002767243768e+26,0.0,0.0,0.0,0.0,0.0,0.0,0.0,0.0,0,0,0,635958.938,-0.0,-103220633600.0,-0.0,-5.516792137953375e+30,-5197169950720.0,0.0,-0.001,-8072.781,-5.225373031821283e+35,-524862752.0,1.8656489374730148e+21,0.0,0.528,0.0,-0.01,0,1.3516416376850534e+27,227,0.0,454,0.0,5.541348168577109e+19,2114,52429,17109,0,17112,52429,17095,0,0,0,101,100,100,-0.0,66.3,-0.0,66.7,2.7302343157793998e+23,66.5,1,49,50,180,52429,52429,0,0,0.0,0.0,0.0,60.0,-0.0,71.0,0.0,2628.085,0.0,1069,0,1069,0,0,0,1069,0,1080,0,999,0,667,0,668,0,663,0,680,0.032,1.4683608282672803e+22,0.0,0.0,29072,16814,-0.0,2628.085,-1.7744226512304865e+19,-15581411.0,4.760505147542927e+37,-0.0,50.0,60.0,35,0.0,0.0,10.0,2.0,0.0,0.0,0.0,0.0,0.0,0.0,0.0,0.0,0.0,0.0,0.0,0.0,59.2,23,37,4,27,65476,336,300,0,0,8,20529,65476,0,0,30147,60.0,0.0,10.0,10.0,2.0,0.0
2026-02-16T12:52:29,ERR,ERR,ERR,ERR,ERR,ERR,ERR,ERR,ERR,ERR,ERR,ERR,ERR,ERR,ERR,ERR,ERR,ERR,ERR,ERR,ERR,ERR,ERR,ERR,ERR,ERR,ERR,ERR,ERR,ERR,ERR,ERR,ERR,ERR,ERR,ERR,ERR,ERR,ERR,ERR,ERR,ERR,ERR,ERR,ERR,ERR,ERR,ERR,ERR,ERR,ERR,ERR,ERR,ERR,ERR,ERR,ERR,ERR,ERR,ERR,ERR,ERR,ERR,ERR,ERR,ERR,ERR,ERR,ERR,ERR,ERR,ERR,ERR,ERR,ERR,ERR,ERR,ERR,ERR,ERR,ERR,ERR,ERR,ERR,ERR,ERR,ERR,ERR,ERR,ERR,ERR,ERR,ERR,ERR,ERR,ERR,ERR,ERR,ERR,ERR,ERR,ERR,ERR,ERR,ERR,ERR,ERR,ERR,ERR,ERR,ERR,ERR,ERR,ERR,ERR,ERR,ERR,ERR,ERR,ERR,ERR,ERR,ERR,ERR,ERR,-107615880.0,-107616352.0,-0.0,0.0,-0.063,-0.0,-0.0,-0.0,4300,0,8,17170,4300,0.0,41,0.0,0.0,0.0,0.0,2.7184166902131945e+23,0,0,0,0,0.0,0,0,0,0,0,0,0,0,0,0,0,0,0,0,0,0,0,0,0,0,0,0,0,0,0,0,0,0,0,0,0,0,0,11,35,34,45,65476,366,65476,1,0,4,21553,0.0,-0.0,0.0,0.0,0.0,0.0,0.0,0.0,0.0,0.0,0.0,0.0,0.0,0.0,0.0,0.0,0.0,0.0,0.0,0.0,0.0,2.004,2.004,0.0,0.0,-0.0,0.0,0.0,0.0,0.0,6431.0,2.004,0.0,-107615880.0,-107616352.0,-0.0,0.0,0.0,0.0,2.004,2.004,227,-3.222002767243768e+26,0.0,0.0,0.0,0.0,0.0,0.0,0.0,0.0,0,0,0,635958.938,-0.0,-103220633600.0,-0.0,-5.516792137953375e+30,-5197169950720.0,0.0,-0.001,-8072.781,-5.225373031821283e+35,-524862752.0,1.8656489374730148e+21,0.0,0.528,0.0,-0.01,0,1.3516416376850534e+27,227,0.0,454,0.0,5.541348168577109e+19,2114,52429,17109,0,17112,52429,17095,0,0,0,101,100,100,-0.0,66.3,-0.0,66.7,2.7302343157793998e+23,66.5,1,49,50,180,52429,52429,0,0,0.0,0.0,0.0,60.0,-0.0,71.0,0.0,-0.0,0.0,1069,0,1069,0,0,0,1069,0,1080,0,999,0,667,0,668,0,663,0,680,0.032,1.4462247353788288e+22,0.0,0.0,38288,16814,-0.0,-0.0,4136.02,11845861.0,-59124580352.0,0.0,50.0,60.0,35,0.0,0.0,10.0,2.0,0.0,0.0,0.0,0.0,0.0,0.0,0.0,0.0,0.0,0.0,0.0,0.0,59.2,23,37,4,27,65476,336,300,0,0,8,20529,65476,0,0,30147,60.0,0.0,10.0,10.0,2.0,0.0
2026-02-16T12:52:30,ERR,ERR,ERR,ERR,ERR,ERR,ERR,ERR,ERR,ERR,ERR,ERR,ERR,ERR,ERR,ERR,ERR,ERR,ERR,ERR,ERR,ERR,ERR,ERR,ERR,ERR,ERR,ERR,ERR,ERR,ERR,ERR,ERR,ERR,ERR,ERR,ERR,ERR,ERR,ERR,ERR,ERR,ERR,ERR,ERR,ERR,ERR,ERR,ERR,ERR,ERR,ERR,ERR,ERR,ERR,ERR,ERR,ERR,ERR,ERR,ERR,ERR,ERR,ERR,ERR,ERR,ERR,ERR,ERR,ERR,ERR,ERR,ERR,ERR,ERR,ERR,ERR,ERR,ERR,ERR,ERR,ERR,ERR,ERR,ERR,ERR,ERR,ERR,ERR,ERR,ERR,ERR,ERR,ERR,ERR,ERR,ERR,ERR,ERR,ERR,ERR,ERR,ERR,ERR,ERR,ERR,ERR,ERR,ERR,ERR,ERR,ERR,ERR,ERR,ERR,ERR,ERR,ERR,ERR,ERR,ERR,ERR,ERR,ERR,ERR,-107615880.0,-107616352.0,-0.0,0.0,-0.063,-0.0,-0.0,-0.0,4300,0,8,17170,4300,0.0,41,0.0,0.0,0.0,0.0,2.7184166902131945e+23,0,0,0,0,0.0,0,0,0,0,0,0,0,0,0,0,0,0,0,0,0,0,0,0,0,0,0,0,0,0,0,0,0,0,0,0,0,0,0,11,35,34,45,65476,366,65476,1,0,4,21553,0.0,-0.0,0.0,0.0,0.0,0.0,0.0,0.0,0.0,0.0,0.0,0.0,0.0,0.0,0.0,0.0,0.0,0.0,0.0,0.0,0.0,2.004,2.004,0.0,0.0,-0.0,0.0,0.0,0.0,0.0,6431.0,2.004,0.0,-107615880.0,-107616352.0,-0.0,0.0,0.0,0.0,2.004,2.004,227,-3.222002767243768e+26,0.0,0.0,0.0,0.0,0.0,0.0,0.0,0.0,0,0,0,635958.938,-0.0,-103220633600.0,-0.0,-5.516792137953375e+30,-5197169950720.0,0.0,-0.001,-8072.781,-5.225373031821283e+35,-524862752.0,1.8656489374730148e+21,0.0,0.528,0.0,-0.01,0,1.3516416376850534e+27,227,0.0,454,0.0,5.541348168577109e+19,2114,52429,17109,0,17112,52429,17095,0,0,0,101,100,100,-0.0,66.3,-0.0,66.7,2.7302343157793998e+23,66.5,1,49,50,180,52429,52429,0,0,0.0,0.0,0.0,60.0,-0.0,71.0,0.0,-0.0,0.0,1069,0,1069,0,0,0,1069,0,1080,0,999,0,667,0,668,0,663,0,680,0.032,1.4462247353788288e+22,0.0,0.0,38288,16814,-0.0,-0.0,4136.02,11845861.0,-59124580352.0,0.0,50.0,60.0,35,0.0,0.0,10.0,2.0,0.0,0.0,0.0,0.0,0.0,0.0,0.0,0.0,0.0,0.0,0.0,0.0,58.8,27,33,0,27,65476,176,300,0,0,8,20529,65476,0,0,30147,60.0,0.0,10.0,10.0,2.0,0.0
2026-02-16T12:52:31,ERR,ERR,ERR,ERR,ERR,ERR,ERR,ERR,ERR,ERR,ERR,ERR,ERR,ERR,ERR,ERR,ERR,ERR,ERR,ERR,ERR,ERR,ERR,ERR,ERR,ERR,ERR,ERR,ERR,ERR,ERR,ERR,ERR,ERR,ERR,ERR,ERR,ERR,ERR,ERR,ERR,ERR,ERR,ERR,ERR,ERR,ERR,ERR,ERR,ERR,ERR,ERR,ERR,ERR,ERR,ERR,ERR,ERR,ERR,ERR,ERR,ERR,ERR,ERR,ERR,ERR,ERR,ERR,ERR,ERR,ERR,ERR,ERR,ERR,ERR,ERR,ERR,ERR,ERR,ERR,ERR,ERR,ERR,ERR,ERR,ERR,ERR,ERR,ERR,ERR,ERR,ERR,ERR,ERR,ERR,ERR,ERR,ERR,ERR,ERR,ERR,ERR,ERR,ERR,ERR,ERR,ERR,ERR,ERR,ERR,ERR,ERR,ERR,ERR,ERR,ERR,ERR,ERR,ERR,ERR,ERR,ERR,ERR,ERR,ERR,-107615880.0,-107616352.0,-0.0,0.0,-0.063,-0.0,-0.0,-0.0,4300,0,8,17170,4300,0.0,41,0.0,0.0,0.0,0.0,2.7184166902131945e+23,0,0,0,0,0.0,0,0,0,0,0,0,0,0,0,0,0,0,0,0,0,0,0,0,0,0,0,0,0,0,0,0,0,0,0,0,0,0,0,11,35,34,45,65476,366,65476,1,0,4,21553,0.0,-0.0,0.0,0.0,0.0,0.0,0.0,0.0,0.0,0.0,0.0,0.0,0.0,0.0,0.0,0.0,0.0,0.0,0.0,0.0,0.0,2.004,2.004,0.0,0.0,-0.0,0.0,0.0,0.0,0.0,6431.0,2.004,0.0,-107615880.0,-107616352.0,-0.0,0.0,0.0,0.0,2.004,2.004,227,-3.222002767243768e+26,0.0,0.0,0.0,0.0,0.0,0.0,0.0,0.0,0,0,0,635958.938,-0.0,-103220633600.0,-0.0,-5.516792137953375e+30,-5197169950720.0,0.0,-0.001,-8072.781,-5.225373031821283e+35,-524862752.0,1.8656489374730148e+21,0.0,0.528,0.0,-0.01,0,1.3516416376850534e+27,227,0.0,454,0.0,5.541348168577109e+19,2114,52429,17109,0,17112,52429,17095,0,0,0,101,100,100,-0.0,66.3,-0.0,66.7,2.7302343157793998e+23,66.5,1,49,50,180,52429,52429,0,0,0.0,0.0,0.0,60.0,-0.0,71.0,0.0,-0.0,0.0,1069,0,1069,0,0,0,1069,0,1080,0,999,0,667,0,668,0,663,0,680,0.032,1.4462247353788288e+22,0.0,0.0,38288,16814,-0.0,-0.0,4136.02,11845861.0,-59124580352.0,0.0,50.0,60.0,35,0.0,0.0,10.0,2.0,0.0,0.0,0.0,0.0,0.0,0.0,0.0,0.0,0.0,0.0,0.0,0.0,58.8,27,33,0,27,65476,176,300,0,0,8,20529,65476,0,0,30147,60.0,0.0,10.0,10.0,2.0,0.0
2026-02-16T12:52:32,ERR,ERR,ERR,ERR,ERR,ERR,ERR,ERR,ERR,ERR,ERR,ERR,ERR,ERR,ERR,ERR,ERR,ERR,ERR,ERR,ERR,ERR,ERR,ERR,ERR,ERR,ERR,ERR,ERR,ERR,ERR,ERR,ERR,ERR,ERR,ERR,ERR,ERR,ERR,ERR,ERR,ERR,ERR,ERR,ERR,ERR,ERR,ERR,ERR,ERR,ERR,ERR,ERR,ERR,ERR,ERR,ERR,ERR,ERR,ERR,ERR,ERR,ERR,ERR,ERR,ERR,ERR,ERR,ERR,ERR,ERR,ERR,ERR,ERR,ERR,ERR,ERR,ERR,ERR,ERR,ERR,ERR,ERR,ERR,ERR,ERR,ERR,ERR,ERR,ERR,ERR,ERR,ERR,ERR,ERR,ERR,ERR,ERR,ERR,ERR,ERR,ERR,ERR,ERR,ERR,ERR,ERR,ERR,ERR,ERR,ERR,ERR,ERR,ERR,ERR,ERR,ERR,ERR,ERR,ERR,ERR,ERR,ERR,ERR,ERR,-107615880.0,-107616352.0,-0.0,0.0,-0.063,-0.0,-0.0,-0.0,4300,0,8,17170,4300,0.0,41,0.0,0.0,0.0,0.0,2.7184166902131945e+23,0,0,0,0,0.0,0,0,0,0,0,0,0,0,0,0,0,0,0,0,0,0,0,0,0,0,0,0,0,0,0,0,0,0,0,0,0,0,0,11,35,34,45,65476,366,65476,1,0,4,21553,0.0,-0.0,0.0,0.0,0.0,0.0,0.0,0.0,0.0,0.0,0.0,0.0,0.0,0.0,0.0,0.0,0.0,0.0,0.0,0.0,0.0,2.004,2.004,0.0,0.0,-0.0,0.0,0.0,0.0,0.0,6431.0,2.004,0.0,-107615880.0,-107616352.0,-0.0,0.0,0.0,0.0,2.004,2.004,227,-3.222002767243768e+26,0.0,0.0,0.0,0.0,0.0,0.0,0.0,0.0,0,0,0,635958.938,-0.0,-103220633600.0,-0.0,-5.516792137953375e+30,-5197169950720.0,0.0,-0.001,-8072.781,-5.225373031821283e+35,-524862752.0,1.8656489374730148e+21,0.0,0.528,0.0,-0.01,0,1.3516416376850534e+27,227,0.0,454,0.0,5.541348168577109e+19,2114,52429,17109,0,17112,52429,17095,0,0,0,101,100,100,-0.0,66.3,-0.0,66.7,2.7302343157793998e+23,66.5,1,49,50,180,52429,52429,0,0,0.0,0.0,0.0,60.0,-0.0,71.0,0.0,-0.0,0.0,1069,0,1069,0,0,0,1069,0,1080,0,999,0,667,0,668,0,663,0,680,0.032,1.4462247353788288e+22,0.0,0.0,38288,16814,-0.0,-0.0,4136.02,11845861.0,-59124580352.0,0.0,50.0,60.0,35,0.0,0.0,10.0,2.0,0.0,0.0,0.0,0.0,0.0,0.0,0.0,0.0,0.0,0.0,0.0,0.0,58.8,32,28,65531,27,65476,16,65476,0,0,4,20529,65476,0,0,30147,60.0,0.0,10.0,10.0,2.0,0.0
2026-02-16T12:52:33,ERR,ERR,ERR,ERR,ERR,ERR,ERR,ERR,ERR,ERR,ERR,ERR,ERR,ERR,ERR,ERR,ERR,ERR,ERR,ERR,ERR,ERR,ERR,ERR,ERR,ERR,ERR,ERR,ERR,ERR,ERR,ERR,ERR,ERR,ERR,ERR,ERR,ERR,ERR,ERR,ERR,ERR,ERR,ERR,ERR,ERR,ERR,ERR,ERR,ERR,ERR,ERR,ERR,ERR,ERR,ERR,ERR,ERR,ERR,ERR,ERR,ERR,ERR,ERR,ERR,ERR,ERR,ERR,ERR,ERR,ERR,ERR,ERR,ERR,ERR,ERR,ERR,ERR,ERR,ERR,ERR,ERR,ERR,ERR,ERR,ERR,ERR,ERR,ERR,ERR,ERR,ERR,ERR,ERR,ERR,ERR,ERR,ERR,ERR,ERR,ERR,ERR,ERR,ERR,ERR,ERR,ERR,ERR,ERR,ERR,ERR,ERR,ERR,ERR,ERR,ERR,ERR,ERR,ERR,ERR,ERR,ERR,ERR,ERR,ERR,0.0,-107616352.0,0.0,0.0,142144341803008.0,8461228703744.0,0.0,-0.0,4300,0,8,17171,4300,0.0,41,0.0,0.0,0.0,0.0,2.7184166902131945e+23,0,0,0,0,0.0,0,0,0,0,0,0,0,0,0,0,0,0,0,0,0,0,0,0,0,0,0,0,0,0,0,0,0,0,0,0,0,0,0,11,35,34,45,65476,367,65476,1,0,4,21553,0.0,0.0,0.0,0.0,0.0,0.0,0.0,0.0,0.0,0.0,0.0,0.0,0.0,0.0,0.0,0.0,0.0,0.0,0.0,0.0,0.0,2.004,2.004,0.0,0.0,-0.0,0.0,0.0,0.0,0.0,6399.0,-0.0,0.0,-107615880.0,-107616352.0,0.0,0.0,0.0,0.0,2.004,2.004,226,-3.222002767243768e+26,5.848077470904083e+35,0.0,0.0,0.0,0.0,0.0,0.0,0.0,0,0,0,1998698368.0,-0.0,-1.2614541212909568e+16,0.0,-8.482342420433544e+27,-0.0,-6.5753595192383985e+35,-0.0,-0.0,-5.536910843333372e+35,-563186240.0,1.976329401915272e+21,0.0,0.571,0.0,-2435.952,0,1.3516416376850534e+27,226,0.0,452,2.40156025918058e+36,0.0,2114,52429,17109,0,17112,52429,17095,0,0,0,101,100,100,-107615264.0,66.3,-0.0,66.7,2.7302343157793998e+23,66.5,1,49,50,180,52429,52429,0,0,0.0,0.0,0.0,60.0,-0.0,71.0,0.0,1.3841059965686806e+35,0.0,1069,0,1069,0,0,0,1069,0,1080,0,999,0,667,0,668,0,664,0,680,0.032,1.4609821306377965e+22,0.0,0.0,34960,16814,-0.0,8.889735431907984e+31,0.0,-1824796.625,-0.0,-6.665076425067405e+30,50.0,60.0,35,0.0,0.0,10.0,2.0,0.0,0.0,0.0,0.0,0.0,0.0,0.0,0.0,0.0,0.0,0.0,0.0,58.8,32,28,65531,27,65476,16,65476,0,0,4,20529,65476,0,0,30147,60.0,0.0,10.0,10.0,2.0,0.0
2026-02-16T12:52:34,ERR,ERR,ERR,ERR,ERR,ERR,ERR,ERR,ERR,ERR,ERR,ERR,ERR,ERR,ERR,ERR,ERR,ERR,ERR,ERR,ERR,ERR,ERR,ERR,ERR,ERR,ERR,ERR,ERR,ERR,ERR,ERR,ERR,ERR,ERR,ERR,ERR,ERR,ERR,ERR,ERR,ERR,ERR,ERR,ERR,ERR,ERR,ERR,ERR,ERR,ERR,ERR,ERR,ERR,ERR,ERR,ERR,ERR,ERR,ERR,ERR,ERR,ERR,ERR,ERR,ERR,ERR,ERR,ERR,ERR,ERR,ERR,ERR,ERR,ERR,ERR,ERR,ERR,ERR,ERR,ERR,ERR,ERR,ERR,ERR,ERR,ERR,ERR,ERR,ERR,ERR,ERR,ERR,ERR,ERR,ERR,ERR,ERR,ERR,ERR,ERR,ERR,ERR,ERR,ERR,ERR,ERR,ERR,ERR,ERR,ERR,ERR,ERR,ERR,ERR,ERR,ERR,ERR,ERR,ERR,ERR,ERR,ERR,ERR,ERR,0.0,-107616352.0,0.0,0.0,142144341803008.0,8461228703744.0,0.0,-0.0,4300,0,8,17171,4300,0.0,41,0.0,0.0,0.0,0.0,2.7184166902131945e+23,0,0,0,0,0.0,0,0,0,0,0,0,0,0,0,0,0,0,0,0,0,0,0,0,0,0,0,0,0,0,0,0,0,0,0,0,0,0,0,11,35,34,45,65476,367,65476,1,0,4,21553,0.0,0.0,0.0,0.0,0.0,0.0,0.0,0.0,0.0,0.0,0.0,0.0,0.0,0.0,0.0,0.0,0.0,0.0,0.0,0.0,0.0,2.004,2.004,0.0,0.0,-0.0,0.0,0.0,0.0,0.0,6399.0,-0.0,0.0,-107615880.0,-107616352.0,0.0,0.0,0.0,0.0,2.004,2.004,226,-3.222002767243768e+26,5.848077470904083e+35,0.0,0.0,0.0,0.0,0.0,0.0,0.0,0,0,0,1998698368.0,-0.0,-1.2614541212909568e+16,0.0,-8.482342420433544e+27,-0.0,-6.5753595192383985e+35,-0.0,-0.0,-5.536910843333372e+35,-563186240.0,1.976329401915272e+21,0.0,0.571,0.0,-2435.952,0,1.3516416376850534e+27,226,0.0,452,2.40156025918058e+36,0.0,2114,52429,17109,0,17112,52429,17095,0,0,0,101,100,100,-107615264.0,66.3,-0.0,66.7,2.7302343157793998e+23,66.5,1,49,50,180,52429,52429,0,0,0.0,0.0,0.0,60.0,-0.0,71.0,0.0,1.3841059965686806e+35,0.0,1069,0,1069,0,0,0,1069,0,1080,0,999,0,667,0,668,0,664,0,680,0.032,1.4609821306377965e+22,0.0,0.0,34960,16814,-0.0,8.889735431907984e+31,0.0,-1824796.625,-0.0,-6.665076425067405e+30,50.0,60.0,35,0.0,0.0,10.0,2.0,0.0,0.0,0.0,0.0,0.0,0.0,0.0,0.0,0.0,0.0,0.0,0.0,58.8,39,22,65524,27,65476,0,300,0,0,8,20529,65476,0,0,30147,60.0,0.0,10.0,10.0,2.0,0.0
2026-02-16T12:52:35,ERR,ERR,ERR,ERR,ERR,ERR,ERR,ERR,ERR,ERR,ERR,ERR,ERR,ERR,ERR,ERR,ERR,ERR,ERR,ERR,ERR,ERR,ERR,ERR,ERR,ERR,ERR,ERR,ERR,ERR,ERR,ERR,ERR,ERR,ERR,ERR,ERR,ERR,ERR,ERR,ERR,ERR,ERR,ERR,ERR,ERR,ERR,ERR,ERR,ERR,ERR,ERR,ERR,ERR,ERR,ERR,ERR,ERR,ERR,ERR,ERR,ERR,ERR,ERR,ERR,ERR,ERR,ERR,ERR,ERR,ERR,ERR,ERR,ERR,ERR,ERR,ERR,ERR,ERR,ERR,ERR,ERR,ERR,ERR,ERR,ERR,ERR,ERR,ERR,ERR,ERR,ERR,ERR,ERR,ERR,ERR,ERR,ERR,ERR,ERR,ERR,ERR,ERR,ERR,ERR,ERR,ERR,ERR,ERR,ERR,ERR,ERR,ERR,ERR,ERR,ERR,ERR,ERR,ERR,ERR,ERR,ERR,ERR,ERR,ERR,0.0,-107616352.0,0.0,0.0,142144341803008.0,8461228703744.0,0.0,-0.0,4300,0,8,17171,4300,0.0,41,0.0,0.0,0.0,0.0,2.7184166902131945e+23,0,0,0,0,0.0,0,0,0,0,0,0,0,0,0,0,0,0,0,0,0,0,0,0,0,0,0,0,0,0,0,0,0,0,0,0,0,0,0,11,35,34,45,65476,367,65476,1,0,4,21553,0.0,0.0,0.0,0.0,0.0,0.0,0.0,0.0,0.0,0.0,0.0,0.0,0.0,0.0,0.0,0.0,0.0,0.0,0.0,0.0,0.0,2.004,2.004,0.0,0.0,-0.0,0.0,0.0,0.0,0.0,6399.0,-0.0,0.0,-107615880.0,-107616352.0,0.0,0.0,0.0,0.0,2.004,2.004,226,-3.222002767243768e+26,5.848077470904083e+35,0.0,0.0,0.0,0.0,0.0,0.0,0.0,0,0,0,1998698368.0,-0.0,-1.2614541212909568e+16,0.0,-8.482342420433544e+27,-0.0,-6.5753595192383985e+35,-0.0,-0.0,-5.536910843333372e+35,-563186240.0,1.976329401915272e+21,0.0,0.571,0.0,-2435.952,0,1.3516416376850534e+27,226,0.0,452,2.40156025918058e+36,0.0,2114,52429,17109,0,17112,52429,17095,0,0,0,101,100,100,-107615264.0,66.3,-0.0,66.7,2.7302343157793998e+23,66.5,1,49,50,180,52429,52429,0,0,0.0,0.0,0.0,60.0,-0.0,71.0,0.0,1.3841059965686806e+35,0.0,1069,0,1069,0,0,0,1069,0,1080,0,999,0,667,0,668,0,664,0,680,0.032,1.4609821306377965e+22,0.0,0.0,34960,16814,-0.0,8.889735431907984e+31,0.0,-1824796.625,-0.0,-6.665076425067405e+30,50.0,60.0,35,0.0,0.0,10.0,2.0,0.0,0.0,0.0,0.0,0.0,0.0,0.0,0.0,0.0,0.0,0.0,0.0,58.8,39,22,65524,27,65476,0,300,0,0,8,20529,65476,0,0,30147,60.0,0.0,10.0,10.0,2.0,0.0
2026-02-16T12:52:36,ERR,ERR,ERR,ERR,ERR,ERR,ERR,ERR,ERR,ERR,ERR,ERR,ERR,ERR,ERR,ERR,ERR,ERR,ERR,ERR,ERR,ERR,ERR,ERR,ERR,ERR,ERR,ERR,ERR,ERR,ERR,ERR,ERR,ERR,ERR,ERR,ERR,ERR,ERR,ERR,ERR,ERR,ERR,ERR,ERR,ERR,ERR,ERR,ERR,ERR,ERR,ERR,ERR,ERR,ERR,ERR,ERR,ERR,ERR,ERR,ERR,ERR,ERR,ERR,ERR,ERR,ERR,ERR,ERR,ERR,ERR,ERR,ERR,ERR,ERR,ERR,ERR,ERR,ERR,ERR,ERR,ERR,ERR,ERR,ERR,ERR,ERR,ERR,ERR,ERR,ERR,ERR,ERR,ERR,ERR,ERR,ERR,ERR,ERR,ERR,ERR,ERR,ERR,ERR,ERR,ERR,ERR,ERR,ERR,ERR,ERR,ERR,ERR,ERR,ERR,ERR,ERR,ERR,ERR,ERR,ERR,ERR,ERR,ERR,ERR,0.0,-107616352.0,0.0,0.0,142144341803008.0,8461228703744.0,0.0,-0.0,4300,0,8,17171,4300,0.0,41,0.0,0.0,0.0,0.0,2.7184166902131945e+23,0,0,0,0,0.0,0,0,0,0,0,0,0,0,0,0,0,0,0,0,0,0,0,0,0,0,0,0,0,0,0,0,0,0,0,0,0,0,0,11,35,34,45,65476,367,65476,1,0,4,21553,0.0,0.0,0.0,0.0,0.0,0.0,0.0,0.0,0.0,0.0,0.0,0.0,0.0,0.0,0.0,0.0,0.0,0.0,0.0,0.0,0.0,2.004,2.004,0.0,0.0,-0.0,0.0,0.0,0.0,0.0,6399.0,-0.0,0.0,-107615880.0,-107616352.0,0.0,0.0,0.0,0.0,2.004,2.004,226,-3.222002767243768e+26,5.848077470904083e+35,0.0,0.0,0.0,0.0,0.0,0.0,0.0,0,0,0,1998698368.0,-0.0,-1.2614541212909568e+16,0.0,-8.482342420433544e+27,-0.0,-6.5753595192383985e+35,-0.0,-0.0,-5.536910843333372e+35,-563186240.0,1.976329401915272e+21,0.0,0.571,0.0,-2435.952,0,1.3516416376850534e+27,226,0.0,452,2.40156025918058e+36,0.0,2114,52429,17109,0,17112,52429,17095,0,0,0,101,100,100,-107615264.0,66.3,-0.0,66.7,2.7302343157793998e+23,66.5,1,49,50,180,52429,52429,0,0,0.0,0.0,0.0,60.0,-0.0,71.0,0.0,1.3841059965686806e+35,0.0,1069,0,1069,0,0,0,1069,0,1080,0,999,0,667,0,668,0,664,0,680,0.032,1.4609821306377965e+22,0.0,0.0,34960,16814,-0.0,8.889735431907984e+31,0.0,-1824796.625,-0.0,-6.665076425067405e+30,50.0,60.0,35,0.0,0.0,10.0,2.0,0.0,0.0,0.0,0.0,0.0,0.0,0.0,0.0,0.0,0.0,0.0,0.0,58.8,48,16,65515,27,65476,0,300,0,0,8,20529,65476,0,0,30147,60.0,0.0,10.0,10.0,2.0,0.0
2026-02-16T12:52:37,ERR,ERR,ERR,ERR,ERR,ERR,ERR,ERR,ERR,ERR,ERR,ERR,ERR,ERR,ERR,ERR,ERR,ERR,ERR,ERR,ERR,ERR,ERR,ERR,ERR,ERR,ERR,ERR,ERR,ERR,ERR,ERR,ERR,ERR,ERR,ERR,ERR,ERR,ERR,ERR,ERR,ERR,ERR,ERR,ERR,ERR,ERR,ERR,ERR,ERR,ERR,ERR,ERR,ERR,ERR,ERR,ERR,ERR,ERR,ERR,ERR,ERR,ERR,ERR,ERR,ERR,ERR,ERR,ERR,ERR,ERR,ERR,ERR,ERR,ERR,ERR,ERR,ERR,ERR,ERR,ERR,ERR,ERR,ERR,ERR,ERR,ERR,ERR,ERR,ERR,ERR,ERR,ERR,ERR,ERR,ERR,ERR,ERR,ERR,ERR,ERR,ERR,ERR,ERR,ERR,ERR,ERR,ERR,ERR,ERR,ERR,ERR,ERR,ERR,ERR,ERR,ERR,ERR,ERR,ERR,ERR,ERR,ERR,ERR,ERR,0.0,-107616352.0,0.0,0.0,142144341803008.0,8461228703744.0,0.0,-0.0,4300,0,8,17171,4300,0.0,41,0.0,0.0,0.0,0.0,2.7184166902131945e+23,0,0,0,0,0.0,0,0,0,0,0,0,0,0,0,0,0,0,0,0,0,0,0,0,0,0,0,0,0,0,0,0,0,0,0,0,0,0,0,11,35,34,45,65476,367,65476,1,0,4,21553,0.0,0.0,0.0,0.0,0.0,0.0,0.0,0.0,0.0,0.0,0.0,0.0,0.0,0.0,0.0,0.0,0.0,0.0,0.0,0.0,0.0,2.004,2.004,0.0,0.0,-0.0,0.0,0.0,0.0,0.0,6399.0,-0.0,0.0,-107615880.0,-107616352.0,0.0,0.0,0.0,0.0,2.004,2.004,226,-3.222002767243768e+26,5.848077470904083e+35,0.0,0.0,0.0,0.0,0.0,0.0,0.0,0,0,0,1998698368.0,-0.0,-1.2614541212909568e+16,0.0,-8.482342420433544e+27,-0.0,-6.5753595192383985e+35,-0.0,-0.0,-5.536910843333372e+35,-563186240.0,1.976329401915272e+21,0.0,0.571,0.0,-2435.952,0,1.3516416376850534e+27,226,0.0,452,2.40156025918058e+36,0.0,2112,52429,17109,0,17112,52429,17095,0,0,0,101,100,100,-107615264.0,66.3,-0.0,66.7,2.7302343157793998e+23,66.5,1,49,50,180,39322,52429,0,0,0.0,0.0,0.0,60.0,-0.0,71.0,0.0,0.0,0.0,1068,0,1069,0,0,0,1069,0,1079,0,999,0,667,0,668,0,664,0,680,0.032,1.4536034330083127e+22,0.0,0.0,20368,16814,-0.0,0.0,-9.867416412007304e+33,0.0,2.788392713394426e+36,-8.568106537409577e+17,50.0,60.0,35,0.0,0.0,10.0,2.0,0.0,0.0,0.0,0.0,0.0,0.0,0.0,0.0,0.0,0.0,0.0,0.0,58.8,51,14,65512,27,65476,0,300,0,0,8,20529,65476,0,0,30147,60.0,0.0,10.0,10.0,2.0,0.0
2026-02-16T12:52:38,ERR,ERR,ERR,ERR,ERR,ERR,ERR,ERR,ERR,ERR,ERR,ERR,ERR,ERR,ERR,ERR,ERR,ERR,ERR,ERR,ERR,ERR,ERR,ERR,ERR,ERR,ERR,ERR,ERR,ERR,ERR,ERR,ERR,ERR,ERR,ERR,ERR,ERR,ERR,ERR,ERR,ERR,ERR,ERR,ERR,ERR,ERR,ERR,ERR,ERR,ERR,ERR,ERR,ERR,ERR,ERR,ERR,ERR,ERR,ERR,ERR,ERR,ERR,ERR,ERR,ERR,ERR,ERR,ERR,ERR,ERR,ERR,ERR,ERR,ERR,ERR,ERR,ERR,ERR,ERR,ERR,ERR,ERR,ERR,ERR,ERR,ERR,ERR,ERR,ERR,ERR,ERR,ERR,ERR,ERR,ERR,ERR,ERR,ERR,ERR,ERR,ERR,ERR,ERR,ERR,ERR,ERR,ERR,ERR,ERR,ERR,ERR,ERR,ERR,ERR,ERR,ERR,ERR,ERR,ERR,ERR,ERR,ERR,ERR,ERR,0.0,-107616352.0,0.0,0.0,142144341803008.0,0.548,-1.425567064557386e+36,-0.0,4300,0,8,17171,4300,0.0,41,0.0,0.0,0.0,0.0,2.7184166902131945e+23,0,0,0,0,0.0,0,0,0,0,0,0,0,0,0,0,0,0,0,0,0,0,0,0,0,0,0,0,0,0,0,0,0,0,0,0,0,0,0,11,35,34,46,65476,374,65476,1,0,4,21553,0.0,0.0,0.0,0.0,0.0,0.0,0.0,0.0,0.0,0.0,0.0,0.0,0.0,0.0,0.0,0.0,0.0,0.0,0.0,0.0,0.0,2.004,2.004,0.0,-3.697074423243316e+19,-0.0,0.0,0.0,0.0,0.0,6394.0,0.0,0.0,0.0,-107616352.0,0.0,0.0,0.0,0.0,2.004,2.004,228,-0.0,-107615216.0,0.0,0.0,0.0,0.0,0.0,0.0,0.0,0,0,0,60545545797632.0,0.0,-1.6015766745650299e+19,-1.5057858537607198e+21,-7.994832716603775e+25,6.160976402294847e+27,-32.068,-23.909,-0.0,-5.874410139138136e+35,-617712192.0,2.0962332383943842e+21,0.0,0.618,0.0,-0.0,0,1.3516416376850534e+27,228,0.0,456,0.0,-1.4035696821479504e+35,2112,52429,17109,0,17112,52429,17095,0,0,0,101,100,100,-107615264.0,66.3,-0.0,66.7,2.7302343157793998e+23,66.5,1,49,50,180,39322,52429,0,0,0.0,0.0,0.0,60.0,-0.0,71.0,0.0,0.0,0.0,1068,0,1069,0,0,0,1069,0,1079,0,999,0,667,0,668,0,664,0,680,0.032,1.4536034330083127e+22,0.0,0.0,20368,16814,-0.0,0.0,-9.867416412007304e+33,0.0,2.788392713394426e+36,-8.568106537409577e+17,50.0,60.0,35,0.0,0.0,10.0,2.0,0.0,0.0,0.0,0.0,0.0,0.0,0.0,0.0,0.0,0.0,0.0,0.0,58.8,51,14,65512,27,65476,0,300,0,0,8,20529,65476,0,0,30147,60.0,0.0,10.0,10.0,2.0,0.0
2026-02-16T12:52:39,ERR,ERR,ERR,ERR,ERR,ERR,ERR,ERR,ERR,ERR,ERR,ERR,ERR,ERR,ERR,ERR,ERR,ERR,ERR,ERR,ERR,ERR,ERR,ERR,ERR,ERR,ERR,ERR,ERR,ERR,ERR,ERR,ERR,ERR,ERR,ERR,ERR,ERR,ERR,ERR,ERR,ERR,ERR,ERR,ERR,ERR,ERR,ERR,ERR,ERR,ERR,ERR,ERR,ERR,ERR,ERR,ERR,ERR,ERR,ERR,ERR,ERR,ERR,ERR,ERR,ERR,ERR,ERR,ERR,ERR,ERR,ERR,ERR,ERR,ERR,ERR,ERR,ERR,ERR,ERR,ERR,ERR,ERR,ERR,ERR,ERR,ERR,ERR,ERR,ERR,ERR,ERR,ERR,ERR,ERR,ERR,ERR,ERR,ERR,ERR,ERR,ERR,ERR,ERR,ERR,ERR,ERR,ERR,ERR,ERR,ERR,ERR,ERR,ERR,ERR,ERR,ERR,ERR,ERR,ERR,ERR,ERR,ERR,ERR,ERR,0.0,-107616352.0,0.0,0.0,142144341803008.0,0.548,-1.425567064557386e+36,-0.0,4300,0,8,17171,4300,0.0,41,0.0,0.0,0.0,0.0,2.7184166902131945e+23,0,0,0,0,0.0,0,0,0,0,0,0,0,0,0,0,0,0,0,0,0,0,0,0,0,0,0,0,0,0,0,0,0,0,0,0,0,0,0,11,35,34,46,65476,374,65476,1,0,4,21553,0.0,0.0,0.0,0.0,0.0,0.0,0.0,0.0,0.0,0.0,0.0,0.0,0.0,0.0,0.0,0.0,0.0,0.0,0.0,0.0,0.0,2.004,2.004,0.0,-3.697074423243316e+19,-0.0,0.0,0.0,0.0,0.0,6394.0,0.0,0.0,0.0,-107616352.0,0.0,0.0,0.0,0.0,2.004,2.004,228,-0.0,-107615216.0,0.0,0.0,0.0,0.0,0.0,0.0,0.0,0,0,0,60545545797632.0,0.0,-1.6015766745650299e+19,-1.5057858537607198e+21,-7.994832716603775e+25,6.160976402294847e+27,-32.068,-23.909,-0.0,-5.874410139138136e+35,-617712192.0,2.0962332383943842e+21,0.0,0.618,0.0,-0.0,0,1.3516416376850534e+27,228,0.0,456,0.0,-1.4035696821479504e+35,2112,52429,17109,0,17112,52429,17095,0,0,0,101,100,100,-107615264.0,66.3,-0.0,66.7,2.7302343157793998e+23,66.5,1,49,50,180,39322,52429,0,0,0.0,0.0,0.0,60.0,-0.0,71.0,0.0,0.0,0.0,1068,0,1069,0,0,0,1069,0,1079,0,999,0,667,0,668,0,664,0,680,0.032,1.4536034330083127e+22,0.0,0.0,20368,16814,-0.0,0.0,-9.867416412007304e+33,0.0,2.788392713394426e+36,-8.568106537409577e+17,50.0,60.0,35,0.0,0.0,10.0,2.0,0.0,0.0,0.0,0.0,0.0,0.0,0.0,0.0,0.0,0.0,0.0,0.0,58.8,57,10,65506,27,65476,0,300,0,0,8,20529,65476,0,0,30147,60.0,0.0,10.0,10.0,2.0,0.0
2026-02-16T12:52:40,ERR,ERR,ERR,ERR,ERR,ERR,ERR,ERR,ERR,ERR,ERR,ERR,ERR,ERR,ERR,ERR,ERR,ERR,ERR,ERR,ERR,ERR,ERR,ERR,ERR,ERR,ERR,ERR,ERR,ERR,ERR,ERR,ERR,ERR,ERR,ERR,ERR,ERR,ERR,ERR,ERR,ERR,ERR,ERR,ERR,ERR,ERR,ERR,ERR,ERR,ERR,ERR,ERR,ERR,ERR,ERR,ERR,ERR,ERR,ERR,ERR,ERR,ERR,ERR,ERR,ERR,ERR,ERR,ERR,ERR,ERR,ERR,ERR,ERR,ERR,ERR,ERR,ERR,ERR,ERR,ERR,ERR,ERR,ERR,ERR,ERR,ERR,ERR,ERR,ERR,ERR,ERR,ERR,ERR,ERR,ERR,ERR,ERR,ERR,ERR,ERR,ERR,ERR,ERR,ERR,ERR,ERR,ERR,ERR,ERR,ERR,ERR,ERR,ERR,ERR,ERR,ERR,ERR,ERR,ERR,ERR,ERR,ERR,ERR,ERR,0.0,-107616352.0,0.0,0.0,142144341803008.0,0.548,-1.425567064557386e+36,-0.0,4300,0,8,17171,4300,0.0,41,0.0,0.0,0.0,0.0,2.7184166902131945e+23,0,0,0,0,0.0,0,0,0,0,0,0,0,0,0,0,0,0,0,0,0,0,0,0,0,0,0,0,0,0,0,0,0,0,0,0,0,0,0,11,35,34,46,65476,374,65476,1,0,4,21553,0.0,0.0,0.0,0.0,0.0,0.0,0.0,0.0,0.0,0.0,0.0,0.0,0.0,0.0,0.0,0.0,0.0,0.0,0.0,0.0,0.0,2.004,2.004,0.0,-3.697074423243316e+19,-0.0,0.0,0.0,0.0,0.0,6394.0,0.0,0.0,0.0,-107616352.0,0.0,0.0,0.0,0.0,2.004,2.004,228,-0.0,-107615216.0,0.0,0.0,0.0,0.0,0.0,0.0,0.0,0,0,0,60545545797632.0,0.0,-1.6015766745650299e+19,-1.5057858537607198e+21,-7.994832716603775e+25,6.160976402294847e+27,-32.068,-23.909,-0.0,-5.874410139138136e+35,-617712192.0,2.0962332383943842e+21,0.0,0.618,0.0,-0.0,0,1.3516416376850534e+27,228,0.0,456,0.0,-1.4035696821479504e+35,2112,52429,17109,0,17112,52429,17095,0,0,0,101,100,100,-107615264.0,66.3,-0.0,66.7,2.7302343157793998e+23,66.5,1,49,50,180,52429,52429,0,0,0.0,0.0,0.0,60.0,1.4975413183506992e+37,71.0,0.0,2.07982316545132e+31,0.0,1069,0,1069,0,0,0,1069,0,1080,0,999,0,667,0,668,0,664,0,680,0.032,1.4609821306377965e+22,0.0,0.0,27536,16814,1.1157552289595449e+29,-6.566138383286794e+25,0.415,4.183824688348793e+22,-5960.199,0.0,50.0,60.0,35,0.0,0.0,10.0,2.0,0.0,0.0,0.0,0.0,0.0,0.0,0.0,0.0,0.0,0.0,0.0,0.0,58.8,57,10,65506,27,65476,0,300,0,0,8,20529,65476,0,0,30147,60.0,0.0,10.0,10.0,2.0,0.0
2026-02-16T12:52:41,ERR,ERR,ERR,ERR,ERR,ERR,ERR,ERR,ERR,ERR,ERR,ERR,ERR,ERR,ERR,ERR,ERR,ERR,ERR,ERR,ERR,ERR,ERR,ERR,ERR,ERR,ERR,ERR,ERR,ERR,ERR,ERR,ERR,ERR,ERR,ERR,ERR,ERR,ERR,ERR,ERR,ERR,ERR,ERR,ERR,ERR,ERR,ERR,ERR,ERR,ERR,ERR,ERR,ERR,ERR,ERR,ERR,ERR,ERR,ERR,ERR,ERR,ERR,ERR,ERR,ERR,ERR,ERR,ERR,ERR,ERR,ERR,ERR,ERR,ERR,ERR,ERR,ERR,ERR,ERR,ERR,ERR,ERR,ERR,ERR,ERR,ERR,ERR,ERR,ERR,ERR,ERR,ERR,ERR,ERR,ERR,ERR,ERR,ERR,ERR,ERR,ERR,ERR,ERR,ERR,ERR,ERR,ERR,ERR,ERR,ERR,ERR,ERR,ERR,ERR,ERR,ERR,ERR,ERR,ERR,ERR,ERR,ERR,ERR,ERR,0.0,-107616352.0,0.0,0.0,142144341803008.0,0.548,-1.425567064557386e+36,-0.0,4300,0,8,17171,4300,0.0,41,0.0,0.0,0.0,0.0,2.7184166902131945e+23,0,0,0,0,0.0,0,0,0,0,0,0,0,0,0,0,0,0,0,0,0,0,0,0,0,0,0,0,0,0,0,0,0,0,0,0,0,0,0,11,35,34,46,65476,374,65476,1,0,4,21553,0.0,0.0,0.0,0.0,0.0,0.0,0.0,0.0,0.0,0.0,0.0,0.0,0.0,0.0,0.0,0.0,0.0,0.0,0.0,0.0,0.0,2.004,2.004,0.0,-3.697074423243316e+19,-0.0,0.0,0.0,0.0,0.0,6394.0,0.0,0.0,0.0,-107616352.0,0.0,0.0,0.0,0.0,2.004,2.004,228,-0.0,-107615216.0,0.0,0.0,0.0,0.0,0.0,0.0,0.0,0,0,0,60545545797632.0,0.0,-1.6015766745650299e+19,-1.5057858537607198e+21,-7.994832716603775e+25,6.160976402294847e+27,-32.068,-23.909,-0.0,-5.874410139138136e+35,-617712192.0,2.0962332383943842e+21,0.0,0.618,0.0,-0.0,0,1.3516416376850534e+27,228,0.0,456,0.0,-1.4035696821479504e+35,2112,52429,17109,0,17112,52429,17095,0,0,0,101,100,100,-107615264.0,66.3,-0.0,66.7,2.7302343157793998e+23,66.5,1,49,50,180,52429,52429,0,0,0.0,0.0,0.0,60.0,1.4975413183506992e+37,71.0,0.0,2.07982316545132e+31,0.0,1069,0,1069,0,0,0,1069,0,1080,0,999,0,667,0,668,0,664,0,680,0.032,1.4609821306377965e+22,0.0,0.0,27536,16814,1.1157552289595449e+29,-6.566138383286794e+25,0.415,4.183824688348793e+22,-5960.199,0.0,50.0,60.0,35,0.0,0.0,10.0,2.0,0.0,0.0,0.0,0.0,0.0,0.0,0.0,0.0,0.0,0.0,0.0,0.0,58.8,59,9,65504,27,65476,0,300,0,0,8,20529,65476,0,0,30147,60.0,0.0,10.0,10.0,2.0,0.0
2026-02-16T12:52:42,ERR,ERR,ERR,ERR,ERR,ERR,ERR,ERR,ERR,ERR,ERR,ERR,ERR,ERR,ERR,ERR,ERR,ERR,ERR,ERR,ERR,ERR,ERR,ERR,ERR,ERR,ERR,ERR,ERR,ERR,ERR,ERR,ERR,ERR,ERR,ERR,ERR,ERR,ERR,ERR,ERR,ERR,ERR,ERR,ERR,ERR,ERR,ERR,ERR,ERR,ERR,ERR,ERR,ERR,ERR,ERR,ERR,ERR,ERR,ERR,ERR,ERR,ERR,ERR,ERR,ERR,ERR,ERR,ERR,ERR,ERR,ERR,ERR,ERR,ERR,ERR,ERR,ERR,ERR,ERR,ERR,ERR,ERR,ERR,ERR,ERR,ERR,ERR,ERR,ERR,ERR,ERR,ERR,ERR,ERR,ERR,ERR,ERR,ERR,ERR,ERR,ERR,ERR,ERR,ERR,ERR,ERR,ERR,ERR,ERR,ERR,ERR,ERR,ERR,ERR,ERR,ERR,ERR,ERR,ERR,ERR,ERR,ERR,ERR,ERR,-107615880.0,-107616352.0,-0.0,0.0,-0.063,984081.062,0.0,0.0,4300,0,8,17170,4300,0.0,41,0.0,0.0,0.0,0.0,2.7184166902131945e+23,0,0,0,0,0.0,0,0,0,0,0,0,0,0,0,0,0,0,0,0,0,0,0,0,0,0,0,0,0,0,0,0,0,0,0,0,0,0,0,11,35,34,46,65476,377,65476,1,0,4,21553,0.0,-0.0,0.0,0.0,0.0,0.0,0.0,0.0,0.0,0.0,0.0,0.0,0.0,0.0,0.0,0.0,0.0,0.0,0.0,0.0,0.0,2.004,2.004,0.0,-2.004,-0.0,0.0,0.0,0.0,0.0,6392.0,2.004,0.0,0.0,-107616352.0,0.0,0.0,-0.0,0.0,2.004,2.004,227,-0.0,0.0,0.0,0.0,0.0,0.0,0.0,0.0,0.0,0,0,0,487091680.0,0.0,-2.0521035912708096e+17,-310628812062720.0,-5.412338698369888e+24,-0.0,-0.0,-0.0,2.2899271473930783e+21,-6.185947950650226e+35,-668043840.0,2.2069137028366415e+21,0.0,0.661,0.0,-0.0,0,1.3516416376850534e+27,227,0.0,454,2.40156025918058e+36,-0.235,2112,52429,17109,0,17112,52429,17095,0,0,0,101,100,100,-107615264.0,66.3,-0.0,66.7,2.7302343157793998e+23,66.5,1,49,50,180,52429,52429,0,0,0.0,0.0,0.0,60.0,1.4975413183506992e+37,71.0,0.0,2.07982316545132e+31,0.0,1069,0,1069,0,0,0,1069,0,1080,0,999,0,667,0,668,0,664,0,680,0.032,1.4609821306377965e+22,0.0,0.0,27536,16814,1.1157552289595449e+29,-6.566138383286794e+25,0.415,4.183824688348793e+22,-5960.199,0.0,50.0,60.0,35,0.0,0.0,10.0,2.0,0.0,0.0,0.0,0.0,0.0,0.0,0.0,0.0,0.0,0.0,0.0,0.0,58.8,59,9,65504,27,65476,0,300,0,0,8,20529,65476,0,0,30147,60.0,0.0,10.0,10.0,2.0,0.0
2026-02-16T12:52:43,ERR,ERR,ERR,ERR,ERR,ERR,ERR,ERR,ERR,ERR,ERR,ERR,ERR,ERR,ERR,ERR,ERR,ERR,ERR,ERR,ERR,ERR,ERR,ERR,ERR,ERR,ERR,ERR,ERR,ERR,ERR,ERR,ERR,ERR,ERR,ERR,ERR,ERR,ERR,ERR,ERR,ERR,ERR,ERR,ERR,ERR,ERR,ERR,ERR,ERR,ERR,ERR,ERR,ERR,ERR,ERR,ERR,ERR,ERR,ERR,ERR,ERR,ERR,ERR,ERR,ERR,ERR,ERR,ERR,ERR,ERR,ERR,ERR,ERR,ERR,ERR,ERR,ERR,ERR,ERR,ERR,ERR,ERR,ERR,ERR,ERR,ERR,ERR,ERR,ERR,ERR,ERR,ERR,ERR,ERR,ERR,ERR,ERR,ERR,ERR,ERR,ERR,ERR,ERR,ERR,ERR,ERR,ERR,ERR,ERR,ERR,ERR,ERR,ERR,ERR,ERR,ERR,ERR,ERR,ERR,ERR,ERR,ERR,ERR,ERR,-107615880.0,-107616352.0,-0.0,0.0,-0.063,984081.062,0.0,0.0,4300,0,8,17170,4300,0.0,41,0.0,0.0,0.0,0.0,2.7184166902131945e+23,0,0,0,0,0.0,0,0,0,0,0,0,0,0,0,0,0,0,0,0,0,0,0,0,0,0,0,0,0,0,0,0,0,0,0,0,0,0,0,11,35,34,46,65476,377,65476,1,0,4,21553,0.0,-0.0,0.0,0.0,0.0,0.0,0.0,0.0,0.0,0.0,0.0,0.0,0.0,0.0,0.0,0.0,0.0,0.0,0.0,0.0,0.0,2.004,2.004,0.0,-2.004,-0.0,0.0,0.0,0.0,0.0,6392.0,2.004,0.0,0.0,-107616352.0,0.0,0.0,-0.0,0.0,2.004,2.004,227,-0.0,0.0,0.0,0.0,0.0,0.0,0.0,0.0,0.0,0,0,0,487091680.0,0.0,-2.0521035912708096e+17,-310628812062720.0,-5.412338698369888e+24,-0.0,-0.0,-0.0,2.2899271473930783e+21,-6.185947950650226e+35,-668043840.0,2.2069137028366415e+21,0.0,0.661,0.0,-0.0,0,1.3516416376850534e+27,227,0.0,454,2.40156025918058e+36,-0.235,2112,52429,17109,0,17112,52429,17095,0,0,0,101,100,100,-107615264.0,66.3,-0.0,66.7,2.7302343157793998e+23,66.5,1,49,50,180,52429,52429,0,0,0.0,0.0,0.0,60.0,-0.0,71.0,0.0,4.8212988800941436e+27,0.0,1069,0,1069,0,0,0,1069,0,1080,0,999,0,667,0,668,0,664,0,680,0.032,1.4536034330083127e+22,0.0,0.0,32912,16814,-0.0,4.8212988800941436e+27,-8.453747936883273e+34,-0.0,-0.0,-0.0,50.0,60.0,35,0.0,0.0,10.0,2.0,0.0,0.0,0.0,0.0,0.0,0.0,0.0,0.0,0.0,0.0,0.0,0.0,58.8,59,9,65504,27,65476,0,300,0,0,8,20529,65476,0,0,30147,60.0,0.0,10.0,10.0,2.0,0.0
2026-02-16T12:52:44,ERR,ERR,ERR,ERR,ERR,ERR,ERR,ERR,ERR,ERR,ERR,ERR,ERR,ERR,ERR,ERR,ERR,ERR,ERR,ERR,ERR,ERR,ERR,ERR,ERR,ERR,ERR,ERR,ERR,ERR,ERR,ERR,ERR,ERR,ERR,ERR,ERR,ERR,ERR,ERR,ERR,ERR,ERR,ERR,ERR,ERR,ERR,ERR,ERR,ERR,ERR,ERR,ERR,ERR,ERR,ERR,ERR,ERR,ERR,ERR,ERR,ERR,ERR,ERR,ERR,ERR,ERR,ERR,ERR,ERR,ERR,ERR,ERR,ERR,ERR,ERR,ERR,ERR,ERR,ERR,ERR,ERR,ERR,ERR,ERR,ERR,ERR,ERR,ERR,ERR,ERR,ERR,ERR,ERR,ERR,ERR,ERR,ERR,ERR,ERR,ERR,ERR,ERR,ERR,ERR,ERR,ERR,ERR,ERR,ERR,ERR,ERR,ERR,ERR,ERR,ERR,ERR,ERR,ERR,ERR,ERR,ERR,ERR,ERR,ERR,-107615880.0,-107616352.0,-0.0,0.0,-0.063,984081.062,0.0,0.0,4300,0,8,17170,4300,0.0,41,0.0,0.0,0.0,0.0,2.7184166902131945e+23,0,0,0,0,0.0,0,0,0,0,0,0,0,0,0,0,0,0,0,0,0,0,0,0,0,0,0,0,0,0,0,0,0,0,0,0,0,0,0,11,35,34,46,65476,377,65476,1,0,4,21553,0.0,-0.0,0.0,0.0,0.0,0.0,0.0,0.0,0.0,0.0,0.0,0.0,0.0,0.0,0.0,0.0,0.0,0.0,0.0,0.0,0.0,2.004,2.004,0.0,-2.004,-0.0,0.0,0.0,0.0,0.0,6392.0,2.004,0.0,0.0,-107616352.0,0.0,0.0,-0.0,0.0,2.004,2.004,227,-0.0,0.0,0.0,0.0,0.0,0.0,0.0,0.0,0.0,0,0,0,487091680.0,0.0,-2.0521035912708096e+17,-310628812062720.0,-5.412338698369888e+24,-0.0,-0.0,-0.0,2.2899271473930783e+21,-6.185947950650226e+35,-668043840.0,2.2069137028366415e+21,0.0,0.661,0.0,-0.0,0,1.3516416376850534e+27,227,0.0,454,2.40156025918058e+36,-0.235,2112,52429,17109,0,17112,52429,17095,0,0,0,101,100,100,-107615264.0,66.3,-0.0,66.7,2.7302343157793998e+23,66.5,1,49,50,180,52429,52429,0,0,0.0,0.0,0.0,60.0,-0.0,71.0,0.0,4.8212988800941436e+27,0.0,1069,0,1069,0,0,0,1069,0,1080,0,999,0,667,0,668,0,664,0,680,0.032,1.4536034330083127e+22,0.0,0.0,32912,16814,-0.0,4.8212988800941436e+27,-8.453747936883273e+34,-0.0,-0.0,-0.0,50.0,60.0,35,0.0,0.0,10.0,2.0,0.0,0.0,0.0,0.0,0.0,0.0,0.0,0.0,0.0,0.0,0.0,0.0,59.2,57,10,65506,27,65476,0,300,0,0,8,20529,65476,0,0,30147,60.0,0.0,10.0,10.0,2.0,0.0
2026-02-16T12:52:45,ERR,ERR,ERR,ERR,ERR,ERR,ERR,ERR,ERR,ERR,ERR,ERR,ERR,ERR,ERR,ERR,ERR,ERR,ERR,ERR,ERR,ERR,ERR,ERR,ERR,ERR,ERR,ERR,ERR,ERR,ERR,ERR,ERR,ERR,ERR,ERR,ERR,ERR,ERR,ERR,ERR,ERR,ERR,ERR,ERR,ERR,ERR,ERR,ERR,ERR,ERR,ERR,ERR,ERR,ERR,ERR,ERR,ERR,ERR,ERR,ERR,ERR,ERR,ERR,ERR,ERR,ERR,ERR,ERR,ERR,ERR,ERR,ERR,ERR,ERR,ERR,ERR,ERR,ERR,ERR,ERR,ERR,ERR,ERR,ERR,ERR,ERR,ERR,ERR,ERR,ERR,ERR,ERR,ERR,ERR,ERR,ERR,ERR,ERR,ERR,ERR,ERR,ERR,ERR,ERR,ERR,ERR,ERR,ERR,ERR,ERR,ERR,ERR,ERR,ERR,ERR,ERR,ERR,ERR,ERR,ERR,ERR,ERR,ERR,ERR,-107615880.0,-107616352.0,-0.0,0.0,-0.063,984081.062,0.0,0.0,4300,0,8,17170,4300,0.0,41,0.0,0.0,0.0,0.0,2.7184166902131945e+23,0,0,0,0,0.0,0,0,0,0,0,0,0,0,0,0,0,0,0,0,0,0,0,0,0,0,0,0,0,0,0,0,0,0,0,0,0,0,0,11,35,34,46,65476,377,65476,1,0,4,21553,0.0,-0.0,0.0,0.0,0.0,0.0,0.0,0.0,0.0,0.0,0.0,0.0,0.0,0.0,0.0,0.0,0.0,0.0,0.0,0.0,0.0,2.004,2.004,0.0,-2.004,-0.0,0.0,0.0,0.0,0.0,6392.0,2.004,0.0,0.0,-107616352.0,0.0,0.0,-0.0,0.0,2.004,2.004,227,-0.0,0.0,0.0,0.0,0.0,0.0,0.0,0.0,0.0,0,0,0,487091680.0,0.0,-2.0521035912708096e+17,-310628812062720.0,-5.412338698369888e+24,-0.0,-0.0,-0.0,2.2899271473930783e+21,-6.185947950650226e+35,-668043840.0,2.2069137028366415e+21,0.0,0.661,0.0,-0.0,0,1.3516416376850534e+27,227,0.0,454,2.40156025918058e+36,-0.235,2112,52429,17109,0,17112,52429,17095,0,0,0,101,100,100,-107615264.0,66.3,-0.0,66.7,2.7302343157793998e+23,66.5,1,49,50,180,52429,52429,0,0,0.0,0.0,0.0,60.0,-0.0,71.0,0.0,4.8212988800941436e+27,0.0,1069,0,1069,0,0,0,1069,0,1080,0,999,0,667,0,668,0,664,0,680,0.032,1.4536034330083127e+22,0.0,0.0,32912,16814,-0.0,4.8212988800941436e+27,-8.453747936883273e+34,-0.0,-0.0,-0.0,50.0,60.0,35,0.0,0.0,10.0,2.0,0.0,0.0,0.0,0.0,0.0,0.0,0.0,0.0,0.0,0.0,0.0,0.0,58.8,57,10,65506,27,65476,0,300,0,0,8,20529,65476,0,0,30147,60.0,0.0,10.0,10.0,2.0,0.0
2026-02-16T12:52:46,ERR,ERR,ERR,ERR,ERR,ERR,ERR,ERR,ERR,ERR,ERR,ERR,ERR,ERR,ERR,ERR,ERR,ERR,ERR,ERR,ERR,ERR,ERR,ERR,ERR,ERR,ERR,ERR,ERR,ERR,ERR,ERR,ERR,ERR,ERR,ERR,ERR,ERR,ERR,ERR,ERR,ERR,ERR,ERR,ERR,ERR,ERR,ERR,ERR,ERR,ERR,ERR,ERR,ERR,ERR,ERR,ERR,ERR,ERR,ERR,ERR,ERR,ERR,ERR,ERR,ERR,ERR,ERR,ERR,ERR,ERR,ERR,ERR,ERR,ERR,ERR,ERR,ERR,ERR,ERR,ERR,ERR,ERR,ERR,ERR,ERR,ERR,ERR,ERR,ERR,ERR,ERR,ERR,ERR,ERR,ERR,ERR,ERR,ERR,ERR,ERR,ERR,ERR,ERR,ERR,ERR,ERR,ERR,ERR,ERR,ERR,ERR,ERR,ERR,ERR,ERR,ERR,ERR,ERR,ERR,ERR,ERR,ERR,ERR,ERR,-107615880.0,-107616352.0,-0.0,0.0,-0.063,984081.062,0.0,0.0,4300,0,8,17170,4300,0.0,41,0.0,0.0,0.0,0.0,2.7184166902131945e+23,0,0,0,0,0.0,0,0,0,0,0,0,0,0,0,0,0,0,0,0,0,0,0,0,0,0,0,0,0,0,0,0,0,0,0,0,0,0,0,11,35,34,46,65476,377,65476,1,0,4,21553,0.0,-0.0,0.0,0.0,0.0,0.0,0.0,0.0,0.0,0.0,0.0,0.0,0.0,0.0,0.0,0.0,0.0,0.0,0.0,0.0,0.0,2.004,2.004,0.0,-2.004,-0.0,0.0,0.0,0.0,0.0,6392.0,2.004,0.0,0.0,-107616352.0,0.0,0.0,-0.0,0.0,2.004,2.004,227,-0.0,0.0,0.0,0.0,0.0,0.0,0.0,0.0,0.0,0,0,0,487091680.0,0.0,-2.0521035912708096e+17,-310628812062720.0,-5.412338698369888e+24,-0.0,-0.0,-0.0,2.2899271473930783e+21,-6.185947950650226e+35,-668043840.0,2.2069137028366415e+21,0.0,0.661,0.0,-0.0,0,1.3516416376850534e+27,227,0.0,454,2.40156025918058e+36,-0.235,2112,52429,17109,0,17112,52429,17095,0,0,0,101,100,100,-107615264.0,66.3,-0.0,66.7,2.7302343157793998e+23,66.5,1,49,50,180,39322,52429,0,0,0.0,0.0,0.0,60.0,1.846640108362159e+35,71.0,0.0,-3.215845096498011e+27,0.0,1068,0,1069,0,0,0,1069,0,1080,0,999,0,667,0,668,0,664,0,681,0.032,1.4609821306377965e+22,0.0,0.0,29968,16814,1.846640108362159e+35,-3.215845096498011e+27,4.9821208316739584e+17,0.0,-9.227739303514227e+24,0.0,50.0,60.0,35,0.0,0.0,10.0,2.0,0.0,0.0,0.0,0.0,0.0,0.0,0.0,0.0,0.0,0.0,0.0,0.0,58.8,57,10,65506,27,65476,0,300,0,0,8,20529,65476,0,0,30147,60.0,0.0,10.0,10.0,2.0,0.0
2026-02-16T12:52:47,ERR,ERR,ERR,ERR,ERR,ERR,ERR,ERR,ERR,ERR,ERR,ERR,ERR,ERR,ERR,ERR,ERR,ERR,ERR,ERR,ERR,ERR,ERR,ERR,ERR,ERR,ERR,ERR,ERR,ERR,ERR,ERR,ERR,ERR,ERR,ERR,ERR,ERR,ERR,ERR,ERR,ERR,ERR,ERR,ERR,ERR,ERR,ERR,ERR,ERR,ERR,ERR,ERR,ERR,ERR,ERR,ERR,ERR,ERR,ERR,ERR,ERR,ERR,ERR,ERR,ERR,ERR,ERR,ERR,ERR,ERR,ERR,ERR,ERR,ERR,ERR,ERR,ERR,ERR,ERR,ERR,ERR,ERR,ERR,ERR,ERR,ERR,ERR,ERR,ERR,ERR,ERR,ERR,ERR,ERR,ERR,ERR,ERR,ERR,ERR,ERR,ERR,ERR,ERR,ERR,ERR,ERR,ERR,ERR,ERR,ERR,ERR,ERR,ERR,ERR,ERR,ERR,ERR,ERR,ERR,ERR,ERR,ERR,ERR,ERR,0.0,-107616352.0,0.0,0.0,142144341803008.0,0.0,-0.0,-8397008384.0,4300,0,8,17170,4300,0.0,41,0.0,0.0,0.0,0.0,2.7184166902131945e+23,0,0,0,0,0.0,0,0,0,0,0,0,0,0,0,0,0,0,0,0,0,0,0,0,0,0,0,0,0,0,0,0,0,0,0,0,0,0,0,12,35,34,46,65476,377,65476,1,0,4,21553,0.0,-0.0,0.0,0.0,0.0,0.0,0.0,0.0,0.0,0.0,0.0,0.0,0.0,0.0,0.0,0.0,0.0,0.0,0.0,0.0,0.0,2.004,2.004,0.0,-2.004,-0.0,0.0,0.0,0.0,0.0,6386.0,-131351.109,0.0,0.0,-107616352.0,0.0,0.0,0.0,0.0,2.004,2.004,227,2.718417410789135e+23,-0.0,0.0,0.0,0.0,0.0,0.0,0.0,0.0,0,0,0,1444876256280576.0,-5.57683232986106e+36,-3.4120284097193684e+30,-2.1163005521285072e+23,-4.887597625870157e+35,3.1187207512973734e+35,-134290851495936.0,-53318.0,-0.0,-6.4974857621623155e+35,-718375488.0,2.3175941672788988e+21,0.0,0.704,0.0,-0.0,0,1.3516416376850534e+27,227,0.0,454,2.40156025918058e+36,-0.235,2112,52429,17109,0,17112,52429,17095,0,0,0,101,100,100,-107615264.0,66.3,-0.0,66.7,2.7302343157793998e+23,66.5,1,49,50,180,39322,52429,0,0,0.0,0.0,0.0,60.0,1.846640108362159e+35,71.0,0.0,-3.215845096498011e+27,0.0,1068,0,1069,0,0,0,1069,0,1080,0,999,0,667,0,668,0,664,0,681,0.032,1.4609821306377965e+22,0.0,0.0,29968,16814,1.846640108362159e+35,-3.215845096498011e+27,4.9821208316739584e+17,0.0,-9.227739303514227e+24,0.0,50.0,60.0,35,0.0,0.0,10.0,2.0,0.0,0.0,0.0,0.0,0.0,0.0,0.0,0.0,0.0,0.0,0.0,0.0,59.2,57,10,65506,27,65476,0,300,0,0,8,20529,65476,0,0,30147,60.0,0.0,10.0,10.0,2.0,0.0
2026-02-16T12:52:48,ERR,ERR,ERR,ERR,ERR,ERR,ERR,ERR,ERR,ERR,ERR,ERR,ERR,ERR,ERR,ERR,ERR,ERR,ERR,ERR,ERR,ERR,ERR,ERR,ERR,ERR,ERR,ERR,ERR,ERR,ERR,ERR,ERR,ERR,ERR,ERR,ERR,ERR,ERR,ERR,ERR,ERR,ERR,ERR,ERR,ERR,ERR,ERR,ERR,ERR,ERR,ERR,ERR,ERR,ERR,ERR,ERR,ERR,ERR,ERR,ERR,ERR,ERR,ERR,ERR,ERR,ERR,ERR,ERR,ERR,ERR,ERR,ERR,ERR,ERR,ERR,ERR,ERR,ERR,ERR,ERR,ERR,ERR,ERR,ERR,ERR,ERR,ERR,ERR,ERR,ERR,ERR,ERR,ERR,ERR,ERR,ERR,ERR,ERR,ERR,ERR,ERR,ERR,ERR,ERR,ERR,ERR,ERR,ERR,ERR,ERR,ERR,ERR,ERR,ERR,ERR,ERR,ERR,ERR,ERR,ERR,ERR,ERR,ERR,ERR,0.0,-107616352.0,0.0,0.0,142144341803008.0,0.0,-0.0,-8397008384.0,4300,0,8,17170,4300,0.0,41,0.0,0.0,0.0,0.0,2.7184166902131945e+23,0,0,0,0,0.0,0,0,0,0,0,0,0,0,0,0,0,0,0,0,0,0,0,0,0,0,0,0,0,0,0,0,0,0,0,0,0,0,0,12,35,34,46,65476,377,65476,1,0,4,21553,0.0,-0.0,0.0,0.0,0.0,0.0,0.0,0.0,0.0,0.0,0.0,0.0,0.0,0.0,0.0,0.0,0.0,0.0,0.0,0.0,0.0,2.004,2.004,0.0,-2.004,-0.0,0.0,0.0,0.0,0.0,6386.0,-131351.109,0.0,0.0,-107616352.0,0.0,0.0,0.0,0.0,2.004,2.004,227,2.718417410789135e+23,-0.0,0.0,0.0,0.0,0.0,0.0,0.0,0.0,0,0,0,1444876256280576.0,-5.57683232986106e+36,-3.4120284097193684e+30,-2.1163005521285072e+23,-4.887597625870157e+35,3.1187207512973734e+35,-134290851495936.0,-53318.0,-0.0,-6.4974857621623155e+35,-718375488.0,2.3175941672788988e+21,0.0,0.704,0.0,-0.0,0,1.3516416376850534e+27,227,0.0,454,2.40156025918058e+36,-0.235,2112,52429,17109,0,17112,52429,17095,0,0,0,101,100,100,-107615264.0,66.3,-0.0,66.7,2.7302343157793998e+23,66.5,1,49,50,180,39322,52429,0,0,0.0,0.0,0.0,60.0,1.846640108362159e+35,71.0,0.0,-3.215845096498011e+27,0.0,1068,0,1069,0,0,0,1069,0,1080,0,999,0,667,0,668,0,664,0,681,0.032,1.4609821306377965e+22,0.0,0.0,29968,16814,1.846640108362159e+35,-3.215845096498011e+27,4.9821208316739584e+17,0.0,-9.227739303514227e+24,0.0,50.0,60.0,35,0.0,0.0,10.0,2.0,0.0,0.0,0.0,0.0,0.0,0.0,0.0,0.0,0.0,0.0,0.0,0.0,59.2,57,10,65506,27,65476,0,300,0,0,8,20529,65476,0,0,30147,60.0,0.0,10.0,10.0,2.0,0.0
2026-02-16T12:52:49,ERR,ERR,ERR,ERR,ERR,ERR,ERR,ERR,ERR,ERR,ERR,ERR,ERR,ERR,ERR,ERR,ERR,ERR,ERR,ERR,ERR,ERR,ERR,ERR,ERR,ERR,ERR,ERR,ERR,ERR,ERR,ERR,ERR,ERR,ERR,ERR,ERR,ERR,ERR,ERR,ERR,ERR,ERR,ERR,ERR,ERR,ERR,ERR,ERR,ERR,ERR,ERR,ERR,ERR,ERR,ERR,ERR,ERR,ERR,ERR,ERR,ERR,ERR,ERR,ERR,ERR,ERR,ERR,ERR,ERR,ERR,ERR,ERR,ERR,ERR,ERR,ERR,ERR,ERR,ERR,ERR,ERR,ERR,ERR,ERR,ERR,ERR,ERR,ERR,ERR,ERR,ERR,ERR,ERR,ERR,ERR,ERR,ERR,ERR,ERR,ERR,ERR,ERR,ERR,ERR,ERR,ERR,ERR,ERR,ERR,ERR,ERR,ERR,ERR,ERR,ERR,ERR,ERR,ERR,ERR,ERR,ERR,ERR,ERR,ERR,0.0,-107616352.0,0.0,0.0,142144341803008.0,0.0,-0.0,-8397008384.0,4300,0,8,17170,4300,0.0,41,0.0,0.0,0.0,0.0,2.7184166902131945e+23,0,0,0,0,0.0,0,0,0,0,0,0,0,0,0,0,0,0,0,0,0,0,0,0,0,0,0,0,0,0,0,0,0,0,0,0,0,0,0,12,35,34,46,65476,377,65476,1,0,4,21553,0.0,-0.0,0.0,0.0,0.0,0.0,0.0,0.0,0.0,0.0,0.0,0.0,0.0,0.0,0.0,0.0,0.0,0.0,0.0,0.0,0.0,2.004,2.004,0.0,-2.004,-0.0,0.0,0.0,0.0,0.0,6386.0,-131351.109,0.0,0.0,-107616352.0,0.0,0.0,0.0,0.0,2.004,2.004,227,2.718417410789135e+23,-0.0,0.0,0.0,0.0,0.0,0.0,0.0,0.0,0,0,0,1444876256280576.0,-5.57683232986106e+36,-3.4120284097193684e+30,-2.1163005521285072e+23,-4.887597625870157e+35,3.1187207512973734e+35,-134290851495936.0,-53318.0,-0.0,-6.4974857621623155e+35,-718375488.0,2.3175941672788988e+21,0.0,0.704,0.0,-0.0,0,1.3516416376850534e+27,227,0.0,454,2.40156025918058e+36,-0.235,2112,52429,17109,0,17112,52429,17095,0,0,0,101,100,100,-107615264.0,66.3,-0.0,66.7,2.7302343157793998e+23,66.5,1,49,50,180,39322,52429,0,0,0.0,0.0,0.0,60.0,1.846640108362159e+35,71.0,0.0,-3.215845096498011e+27,0.0,1068,0,1069,0,0,0,1069,0,1080,0,999,0,667,0,668,0,664,0,681,0.032,1.4609821306377965e+22,0.0,0.0,29968,16814,1.846640108362159e+35,-3.215845096498011e+27,4.9821208316739584e+17,0.0,-9.227739303514227e+24,0.0,50.0,60.0,35,0.0,0.0,10.0,2.0,0.0,0.0,0.0,0.0,0.0,0.0,0.0,0.0,0.0,0.0,0.0,0.0,58.8,57,10,65506,27,65476,0,300,0,0,8,20529,65476,0,0,30147,60.0,0.0,10.0,10.0,2.0,0.0
2026-02-16T12:52:50,ERR,ERR,ERR,ERR,ERR,ERR,ERR,ERR,ERR,ERR,ERR,ERR,ERR,ERR,ERR,ERR,ERR,ERR,ERR,ERR,ERR,ERR,ERR,ERR,ERR,ERR,ERR,ERR,ERR,ERR,ERR,ERR,ERR,ERR,ERR,ERR,ERR,ERR,ERR,ERR,ERR,ERR,ERR,ERR,ERR,ERR,ERR,ERR,ERR,ERR,ERR,ERR,ERR,ERR,ERR,ERR,ERR,ERR,ERR,ERR,ERR,ERR,ERR,ERR,ERR,ERR,ERR,ERR,ERR,ERR,ERR,ERR,ERR,ERR,ERR,ERR,ERR,ERR,ERR,ERR,ERR,ERR,ERR,ERR,ERR,ERR,ERR,ERR,ERR,ERR,ERR,ERR,ERR,ERR,ERR,ERR,ERR,ERR,ERR,ERR,ERR,ERR,ERR,ERR,ERR,ERR,ERR,ERR,ERR,ERR,ERR,ERR,ERR,ERR,ERR,ERR,ERR,ERR,ERR,ERR,ERR,ERR,ERR,ERR,ERR,0.0,-107616352.0,0.0,0.0,142144341803008.0,0.0,-0.0,-8397008384.0,4300,0,8,17170,4300,0.0,41,0.0,0.0,0.0,0.0,2.7184166902131945e+23,0,0,0,0,0.0,0,0,0,0,0,0,0,0,0,0,0,0,0,0,0,0,0,0,0,0,0,0,0,0,0,0,0,0,0,0,0,0,0,12,35,34,46,65476,377,65476,1,0,4,21553,0.0,-0.0,0.0,0.0,0.0,0.0,0.0,0.0,0.0,0.0,0.0,0.0,0.0,0.0,0.0,0.0,0.0,0.0,0.0,0.0,0.0,2.004,2.004,0.0,-2.004,-0.0,0.0,0.0,0.0,0.0,6386.0,-131351.109,0.0,0.0,-107616352.0,0.0,0.0,0.0,0.0,2.004,2.004,227,2.718417410789135e+23,-0.0,0.0,0.0,0.0,0.0,0.0,0.0,0.0,0,0,0,1444876256280576.0,-5.57683232986106e+36,-3.4120284097193684e+30,-2.1163005521285072e+23,-4.887597625870157e+35,3.1187207512973734e+35,-134290851495936.0,-53318.0,-0.0,-6.4974857621623155e+35,-718375488.0,2.3175941672788988e+21,0.0,0.704,0.0,-0.0,0,1.3516416376850534e+27,227,0.0,454,2.40156025918058e+36,-0.235,2112,52429,17109,0,17112,52429,17095,0,0,0,101,100,100,-107615264.0,66.3,-0.0,66.7,2.7302343157793998e+23,66.5,1,49,50,180,39322,52429,0,0,0.0,0.0,0.0,60.0,1.2385452372220859e+33,71.0,0.0,-8.329754937952538e+26,0.0,1068,0,1069,0,0,0,1069,0,1080,0,999,0,667,0,668,0,664,0,681,0.032,1.4536034330083127e+22,2.004,0.0,39312,16814,-0.0,-2.181934865687265e+29,2.2970822714206096e+37,-21.594,0.0,84017256.0,50.0,60.0,35,0.0,0.0,10.0,2.0,0.0,0.0,0.0,0.0,0.0,0.0,0.0,0.0,0.0,0.0,0.0,0.0,58.8,57,10,65506,27,65476,0,300,0,0,8,20529,65476,0,0,30147,60.0,0.0,10.0,10.0,2.0,0.0
2026-02-16T12:52:51,ERR,ERR,ERR,ERR,ERR,ERR,ERR,ERR,ERR,ERR,ERR,ERR,ERR,ERR,ERR,ERR,ERR,ERR,ERR,ERR,ERR,ERR,ERR,ERR,ERR,ERR,ERR,ERR,ERR,ERR,ERR,ERR,ERR,ERR,ERR,ERR,ERR,ERR,ERR,ERR,ERR,ERR,ERR,ERR,ERR,ERR,ERR,ERR,ERR,ERR,ERR,ERR,ERR,ERR,ERR,ERR,ERR,ERR,ERR,ERR,ERR,ERR,ERR,ERR,ERR,ERR,ERR,ERR,ERR,ERR,ERR,ERR,ERR,ERR,ERR,ERR,ERR,ERR,ERR,ERR,ERR,ERR,ERR,ERR,ERR,ERR,ERR,ERR,ERR,ERR,ERR,ERR,ERR,ERR,ERR,ERR,ERR,ERR,ERR,ERR,ERR,ERR,ERR,ERR,ERR,ERR,ERR,ERR,ERR,ERR,ERR,ERR,ERR,ERR,ERR,ERR,ERR,ERR,ERR,ERR,ERR,ERR,ERR,ERR,ERR,0.0,-107616352.0,0.0,0.0,142144341803008.0,0.0,-0.0,-8397008384.0,4300,0,8,17170,4300,0.0,41,0.0,0.0,0.0,0.0,2.7184166902131945e+23,0,0,0,0,0.0,0,0,0,0,0,0,0,0,0,0,0,0,0,0,0,0,0,0,0,0,0,0,0,0,0,0,0,0,0,0,0,0,0,12,35,34,46,65476,377,65476,1,0,4,21553,0.0,-0.0,0.0,0.0,0.0,0.0,0.0,0.0,0.0,0.0,0.0,0.0,0.0,0.0,0.0,0.0,0.0,0.0,0.0,0.0,0.0,2.004,2.004,0.0,-2.004,-0.0,0.0,0.0,0.0,0.0,6386.0,-131351.109,0.0,0.0,-107616352.0,0.0,0.0,0.0,0.0,2.004,2.004,227,2.718417410789135e+23,-0.0,0.0,0.0,0.0,0.0,0.0,0.0,0.0,0,0,0,1444876256280576.0,-5.57683232986106e+36,-3.4120284097193684e+30,-2.1163005521285072e+23,-4.887597625870157e+35,3.1187207512973734e+35,-134290851495936.0,-53318.0,-0.0,-6.4974857621623155e+35,-718375488.0,2.3175941672788988e+21,0.0,0.704,0.0,-0.0,0,1.3516416376850534e+27,227,0.0,454,2.40156025918058e+36,-0.235,2112,52429,17109,0,17112,52429,17095,0,0,0,101,100,100,-107615264.0,66.3,-0.0,66.7,2.7302343157793998e+23,66.5,1,49,50,180,39322,52429,0,0,0.0,0.0,0.0,60.0,1.2385452372220859e+33,71.0,0.0,-8.329754937952538e+26,0.0,1068,0,1069,0,0,0,1069,0,1080,0,999,0,667,0,668,0,664,0,681,0.032,1.4536034330083127e+22,2.004,0.0,39312,16814,-0.0,-2.181934865687265e+29,2.2970822714206096e+37,-21.594,0.0,84017256.0,50.0,60.0,35,0.0,0.0,10.0,2.0,0.0,0.0,0.0,0.0,0.0,0.0,0.0,0.0,0.0,0.0,0.0,0.0,58.8,57,10,65506,27,65476,0,300,0,0,8,20529,65476,0,0,30147,60.0,0.0,10.0,10.0,2.0,0.0
2026-02-16T12:52:52,ERR,ERR,ERR,ERR,ERR,ERR,ERR,ERR,ERR,ERR,ERR,ERR,ERR,ERR,ERR,ERR,ERR,ERR,ERR,ERR,ERR,ERR,ERR,ERR,ERR,ERR,ERR,ERR,ERR,ERR,ERR,ERR,ERR,ERR,ERR,ERR,ERR,ERR,ERR,ERR,ERR,ERR,ERR,ERR,ERR,ERR,ERR,ERR,ERR,ERR,ERR,ERR,ERR,ERR,ERR,ERR,ERR,ERR,ERR,ERR,ERR,ERR,ERR,ERR,ERR,ERR,ERR,ERR,ERR,ERR,ERR,ERR,ERR,ERR,ERR,ERR,ERR,ERR,ERR,ERR,ERR,ERR,ERR,ERR,ERR,ERR,ERR,ERR,ERR,ERR,ERR,ERR,ERR,ERR,ERR,ERR,ERR,ERR,ERR,ERR,ERR,ERR,ERR,ERR,ERR,ERR,ERR,ERR,ERR,ERR,ERR,ERR,ERR,ERR,ERR,ERR,ERR,ERR,ERR,ERR,ERR,ERR,ERR,ERR,ERR,0.0,-0.0,-107090032.0,0.0,-3.160207272547048e+29,51472033120256.0,0.0,0.0,4300,0,8,17171,4300,0.0,41,0.0,0.0,0.0,0.0,-0.0,0,0,0,0,0.0,0,0,0,0,0,0,0,0,0,0,0,0,0,0,0,0,0,0,0,0,0,0,0,0,0,0,0,0,0,0,0,0,0,12,35,34,46,65476,380,65476,1,0,4,21553,0.0,-0.0,0.0,0.0,0.0,0.0,0.0,0.0,0.0,0.0,0.0,0.0,0.0,0.0,0.0,0.0,0.0,0.0,0.0,0.0,0.0,2.004,2.004,0.0,-0.0,-2.004,0.0,0.0,0.0,0.0,6424.0,0.0,0.0,-107615880.0,-107616352.0,-107616232.0,107616272.0,0.0,0.0,2.004,2.004,226,-0.0,0.0,0.0,0.0,0.0,0.0,0.0,0.0,0.0,0,0,0,5.469954450863939e+21,-1.8211492242134375e+23,-4.0445301048270495e+34,-0.0,0.0,310.515,0.0,-0.0,-541795.938,-6.971907168424231e+35,-772901440.0,2.4953660220074896e+21,0.0,0.747,0.0,-5.508,0,1.3516416376850534e+27,226,0.0,452,0.0,0.0,2112,52429,17109,0,17112,52429,17095,0,0,0,101,100,100,-107615264.0,66.3,-0.0,66.7,2.7302343157793998e+23,66.5,1,49,50,180,39322,52429,0,0,0.0,0.0,0.0,60.0,1.2385452372220859e+33,71.0,0.0,-8.329754937952538e+26,0.0,1068,0,1069,0,0,0,1069,0,1080,0,999,0,667,0,668,0,664,0,681,0.032,1.4536034330083127e+22,2.004,0.0,39312,16814,-0.0,-2.181934865687265e+29,2.2970822714206096e+37,-21.594,0.0,84017256.0,50.0,60.0,35,0.0,0.0,10.0,2.0,0.0,0.0,0.0,0.0,0.0,0.0,0.0,0.0,0.0,0.0,0.0,0.0,58.8,56,10,65507,27,65476,0,300,0,0,8,20529,65476,0,0,30147,60.0,0.0,10.0,10.0,2.0,0.0
2026-02-16T12:52:53,ERR,ERR,ERR,ERR,ERR,ERR,ERR,ERR,ERR,ERR,ERR,ERR,ERR,ERR,ERR,ERR,ERR,ERR,ERR,ERR,ERR,ERR,ERR,ERR,ERR,ERR,ERR,ERR,ERR,ERR,ERR,ERR,ERR,ERR,ERR,ERR,ERR,ERR,ERR,ERR,ERR,ERR,ERR,ERR,ERR,ERR,ERR,ERR,ERR,ERR,ERR,ERR,ERR,ERR,ERR,ERR,ERR,ERR,ERR,ERR,ERR,ERR,ERR,ERR,ERR,ERR,ERR,ERR,ERR,ERR,ERR,ERR,ERR,ERR,ERR,ERR,ERR,ERR,ERR,ERR,ERR,ERR,ERR,ERR,ERR,ERR,ERR,ERR,ERR,ERR,ERR,ERR,ERR,ERR,ERR,ERR,ERR,ERR,ERR,ERR,ERR,ERR,ERR,ERR,ERR,ERR,ERR,ERR,ERR,ERR,ERR,ERR,ERR,ERR,ERR,ERR,ERR,ERR,ERR,ERR,ERR,ERR,ERR,ERR,ERR,0.0,-0.0,-107090032.0,0.0,-3.160207272547048e+29,51472033120256.0,0.0,0.0,4300,0,8,17171,4300,0.0,41,0.0,0.0,0.0,0.0,-0.0,0,0,0,0,0.0,0,0,0,0,0,0,0,0,0,0,0,0,0,0,0,0,0,0,0,0,0,0,0,0,0,0,0,0,0,0,0,0,0,12,35,34,46,65476,380,65476,1,0,4,21553,0.0,-0.0,0.0,0.0,0.0,0.0,0.0,0.0,0.0,0.0,0.0,0.0,0.0,0.0,0.0,0.0,0.0,0.0,0.0,0.0,0.0,2.004,2.004,0.0,-0.0,-2.004,0.0,0.0,0.0,0.0,6424.0,0.0,0.0,-107615880.0,-107616352.0,-107616232.0,107616272.0,0.0,0.0,2.004,2.004,226,-0.0,0.0,0.0,0.0,0.0,0.0,0.0,0.0,0.0,0,0,0,5.469954450863939e+21,-1.8211492242134375e+23,-4.0445301048270495e+34,-0.0,0.0,310.515,0.0,-0.0,-541795.938,-6.971907168424231e+35,-772901440.0,2.4953660220074896e+21,0.0,0.747,0.0,-5.508,0,1.3516416376850534e+27,226,0.0,452,0.0,0.0,2112,52429,17109,0,17112,52429,17095,0,0,0,101,100,100,-107615264.0,66.3,-0.0,66.7,2.7302343157793998e+23,66.5,1,49,50,180,52429,52429,0,0,0.0,0.0,0.0,60.0,-0.0,71.0,0.0,0.0,0.0,1068,0,1069,0,0,0,1069,0,1080,0,999,0,667,0,668,0,664,0,681,0.032,1.4609821306377965e+22,2.004,0.0,43664,16814,-0.0,0.0,-0.0,192259.562,7368.2,7.060823901534057e+32,50.0,60.0,35,0.0,0.0,10.0,2.0,0.0,0.0,0.0,0.0,0.0,0.0,0.0,0.0,0.0,0.0,0.0,0.0,58.8,56,10,65507,27,65476,0,300,0,0,8,20529,65476,0,0,30147,60.0,0.0,10.0,10.0,2.0,0.0
2026-02-16T12:52:54,ERR,ERR,ERR,ERR,ERR,ERR,ERR,ERR,ERR,ERR,ERR,ERR,ERR,ERR,ERR,ERR,ERR,ERR,ERR,ERR,ERR,ERR,ERR,ERR,ERR,ERR,ERR,ERR,ERR,ERR,ERR,ERR,ERR,ERR,ERR,ERR,ERR,ERR,ERR,ERR,ERR,ERR,ERR,ERR,ERR,ERR,ERR,ERR,ERR,ERR,ERR,ERR,ERR,ERR,ERR,ERR,ERR,ERR,ERR,ERR,ERR,ERR,ERR,ERR,ERR,ERR,ERR,ERR,ERR,ERR,ERR,ERR,ERR,ERR,ERR,ERR,ERR,ERR,ERR,ERR,ERR,ERR,ERR,ERR,ERR,ERR,ERR,ERR,ERR,ERR,ERR,ERR,ERR,ERR,ERR,ERR,ERR,ERR,ERR,ERR,ERR,ERR,ERR,ERR,ERR,ERR,ERR,ERR,ERR,ERR,ERR,ERR,ERR,ERR,ERR,ERR,ERR,ERR,ERR,ERR,ERR,ERR,ERR,ERR,ERR,0.0,-0.0,-107090032.0,0.0,-3.160207272547048e+29,51472033120256.0,0.0,0.0,4300,0,8,17171,4300,0.0,41,0.0,0.0,0.0,0.0,-0.0,0,0,0,0,0.0,0,0,0,0,0,0,0,0,0,0,0,0,0,0,0,0,0,0,0,0,0,0,0,0,0,0,0,0,0,0,0,0,0,12,35,34,46,65476,380,65476,1,0,4,21553,0.0,-0.0,0.0,0.0,0.0,0.0,0.0,0.0,0.0,0.0,0.0,0.0,0.0,0.0,0.0,0.0,0.0,0.0,0.0,0.0,0.0,2.004,2.004,0.0,-0.0,-2.004,0.0,0.0,0.0,0.0,6424.0,0.0,0.0,-107615880.0,-107616352.0,-107616232.0,107616272.0,0.0,0.0,2.004,2.004,226,-0.0,0.0,0.0,0.0,0.0,0.0,0.0,0.0,0.0,0,0,0,5.469954450863939e+21,-1.8211492242134375e+23,-4.0445301048270495e+34,-0.0,0.0,310.515,0.0,-0.0,-541795.938,-6.971907168424231e+35,-772901440.0,2.4953660220074896e+21,0.0,0.747,0.0,-5.508,0,1.3516416376850534e+27,226,0.0,452,0.0,0.0,2112,52429,17109,0,17112,52429,17095,0,0,0,101,100,100,-107615264.0,66.3,-0.0,66.7,2.7302343157793998e+23,66.5,1,49,50,180,52429,52429,0,0,0.0,0.0,0.0,60.0,-0.0,71.0,0.0,0.0,0.0,1068,0,1069,0,0,0,1069,0,1080,0,999,0,667,0,668,0,664,0,681,0.032,1.4609821306377965e+22,2.004,0.0,43664,16814,-0.0,0.0,-0.0,192259.562,7368.2,7.060823901534057e+32,50.0,60.0,35,0.0,0.0,10.0,2.0,0.0,0.0,0.0,0.0,0.0,0.0,0.0,0.0,0.0,0.0,0.0,0.0,58.8,56,10,65507,27,65476,0,300,0,0,8,20529,65476,0,0,30147,60.0,0.0,10.0,10.0,2.0,0.0
2026-02-16T12:52:55,ERR,ERR,ERR,ERR,ERR,ERR,ERR,ERR,ERR,ERR,ERR,ERR,ERR,ERR,ERR,ERR,ERR,ERR,ERR,ERR,ERR,ERR,ERR,ERR,ERR,ERR,ERR,ERR,ERR,ERR,ERR,ERR,ERR,ERR,ERR,ERR,ERR,ERR,ERR,ERR,ERR,ERR,ERR,ERR,ERR,ERR,ERR,ERR,ERR,ERR,ERR,ERR,ERR,ERR,ERR,ERR,ERR,ERR,ERR,ERR,ERR,ERR,ERR,ERR,ERR,ERR,ERR,ERR,ERR,ERR,ERR,ERR,ERR,ERR,ERR,ERR,ERR,ERR,ERR,ERR,ERR,ERR,ERR,ERR,ERR,ERR,ERR,ERR,ERR,ERR,ERR,ERR,ERR,ERR,ERR,ERR,ERR,ERR,ERR,ERR,ERR,ERR,ERR,ERR,ERR,ERR,ERR,ERR,ERR,ERR,ERR,ERR,ERR,ERR,ERR,ERR,ERR,ERR,ERR,ERR,ERR,ERR,ERR,ERR,ERR,0.0,-0.0,-107090032.0,0.0,-3.160207272547048e+29,51472033120256.0,0.0,0.0,4300,0,8,17171,4300,0.0,41,0.0,0.0,0.0,0.0,-0.0,0,0,0,0,0.0,0,0,0,0,0,0,0,0,0,0,0,0,0,0,0,0,0,0,0,0,0,0,0,0,0,0,0,0,0,0,0,0,0,12,35,34,46,65476,380,65476,1,0,4,21553,0.0,-0.0,0.0,0.0,0.0,0.0,0.0,0.0,0.0,0.0,0.0,0.0,0.0,0.0,0.0,0.0,0.0,0.0,0.0,0.0,0.0,2.004,2.004,0.0,-0.0,-2.004,0.0,0.0,0.0,0.0,6424.0,0.0,0.0,-107615880.0,-107616352.0,-107616232.0,107616272.0,0.0,0.0,2.004,2.004,226,-0.0,0.0,0.0,0.0,0.0,0.0,0.0,0.0,0.0,0,0,0,5.469954450863939e+21,-1.8211492242134375e+23,-4.0445301048270495e+34,-0.0,0.0,310.515,0.0,-0.0,-541795.938,-6.971907168424231e+35,-772901440.0,2.4953660220074896e+21,0.0,0.747,0.0,-5.508,0,1.3516416376850534e+27,226,0.0,452,0.0,0.0,2112,52429,17109,0,17112,52429,17095,0,0,0,101,100,100,-107615264.0,66.3,-0.0,66.7,2.7302343157793998e+23,66.5,1,49,50,180,52429,52429,0,0,0.0,0.0,0.0,60.0,-0.0,71.0,0.0,0.0,0.0,1068,0,1069,0,0,0,1069,0,1080,0,999,0,667,0,668,0,664,0,681,0.032,1.4609821306377965e+22,2.004,0.0,43664,16814,-0.0,0.0,-0.0,192259.562,7368.2,7.060823901534057e+32,50.0,60.0,35,0.0,0.0,10.0,2.0,0.0,0.0,0.0,0.0,0.0,0.0,0.0,0.0,0.0,0.0,0.0,0.0,59.2,56,10,65507,27,65476,0,300,0,0,8,20529,65476,0,0,30147,60.0,0.0,10.0,10.0,2.0,0.0
2026-02-16T12:52:56,ERR,ERR,ERR,ERR,ERR,ERR,ERR,ERR,ERR,ERR,ERR,ERR,ERR,ERR,ERR,ERR,ERR,ERR,ERR,ERR,ERR,ERR,ERR,ERR,ERR,ERR,ERR,ERR,ERR,ERR,ERR,ERR,ERR,ERR,ERR,ERR,ERR,ERR,ERR,ERR,ERR,ERR,ERR,ERR,ERR,ERR,ERR,ERR,ERR,ERR,ERR,ERR,ERR,ERR,ERR,ERR,ERR,ERR,ERR,ERR,ERR,ERR,ERR,ERR,ERR,ERR,ERR,ERR,ERR,ERR,ERR,ERR,ERR,ERR,ERR,ERR,ERR,ERR,ERR,ERR,ERR,ERR,ERR,ERR,ERR,ERR,ERR,ERR,ERR,ERR,ERR,ERR,ERR,ERR,ERR,ERR,ERR,ERR,ERR,ERR,ERR,ERR,ERR,ERR,ERR,ERR,ERR,ERR,ERR,ERR,ERR,ERR,ERR,ERR,ERR,ERR,ERR,ERR,ERR,ERR,ERR,ERR,ERR,ERR,ERR,0.0,-0.0,-107090032.0,0.0,-3.160207272547048e+29,7.289,-1.0918087007476906e+38,0.0,4300,0,8,17170,4300,0.0,41,0.0,0.0,0.0,0.0,-0.0,0,0,0,0,0.0,0,0,0,0,0,0,0,0,0,0,0,0,0,0,0,0,0,0,0,0,0,0,0,0,0,0,0,0,0,0,0,0,0,12,35,34,46,65476,382,65476,1,0,4,21553,0.0,-107610720.0,0.0,0.0,0.0,0.0,0.0,0.0,0.0,0.0,0.0,0.0,0.0,0.0,0.0,0.0,0.0,0.0,0.0,0.0,0.0,2.004,2.004,-3.6970818999223845e+19,-0.0,-3.69707618246192e+19,0.0,0.0,0.0,0.0,6417.0,-2.004,0.0,0.0,-0.0,-107616232.0,107616272.0,0.0,0.0,2.004,2.004,225,1.9056859227671757e+17,5.848077867044895e+35,0.0,0.0,0.0,0.0,0.0,0.0,0.0,0,0,0,2.0315801101930082e+32,-0.0,0.0,0.048,0.0,-0.0,8.79109200887204e+37,-3284.375,0.0,-7.646905760033758e+35,-819038784.0,2.716726950892004e+21,0.0,0.79,0.0,-9.123470751698987e+29,0,1.3516416376850534e+27,225,0.0,452,0.0,0.0,2112,52429,17109,0,17112,52429,17095,0,0,0,101,100,100,-107615264.0,66.3,-0.0,66.7,2.7302343157793998e+23,66.5,1,49,50,180,52429,52429,0,0,0.0,0.0,0.0,60.0,-0.0,71.0,0.0,0.0,0.0,1068,0,1069,0,0,0,1069,0,1080,0,999,0,667,0,668,0,664,0,681,0.032,1.4609821306377965e+22,2.004,0.0,43664,16814,-0.0,0.0,-0.0,192259.562,7368.2,7.060823901534057e+32,50.0,60.0,35,0.0,0.0,10.0,2.0,0.0,0.0,0.0,0.0,0.0,0.0,0.0,0.0,0.0,0.0,0.0,0.0,59.2,56,10,65507,27,65476,0,300,0,0,8,20529,65476,0,0,30147,60.0,0.0,10.0,10.0,2.0,0.0
2026-02-16T12:52:57,ERR,ERR,ERR,ERR,ERR,ERR,ERR,ERR,ERR,ERR,ERR,ERR,ERR,ERR,ERR,ERR,ERR,ERR,ERR,ERR,ERR,ERR,ERR,ERR,ERR,ERR,ERR,ERR,ERR,ERR,ERR,ERR,ERR,ERR,ERR,ERR,ERR,ERR,ERR,ERR,ERR,ERR,ERR,ERR,ERR,ERR,ERR,ERR,ERR,ERR,ERR,ERR,ERR,ERR,ERR,ERR,ERR,ERR,ERR,ERR,ERR,ERR,ERR,ERR,ERR,ERR,ERR,ERR,ERR,ERR,ERR,ERR,ERR,ERR,ERR,ERR,ERR,ERR,ERR,ERR,ERR,ERR,ERR,ERR,ERR,ERR,ERR,ERR,ERR,ERR,ERR,ERR,ERR,ERR,ERR,ERR,ERR,ERR,ERR,ERR,ERR,ERR,ERR,ERR,ERR,ERR,ERR,ERR,ERR,ERR,ERR,ERR,ERR,ERR,ERR,ERR,ERR,ERR,ERR,ERR,ERR,ERR,ERR,ERR,ERR,0.0,-0.0,-107090032.0,0.0,-3.160207272547048e+29,7.289,-1.0918087007476906e+38,0.0,4300,0,8,17170,4300,0.0,41,0.0,0.0,0.0,0.0,-0.0,0,0,0,0,0.0,0,0,0,0,0,0,0,0,0,0,0,0,0,0,0,0,0,0,0,0,0,0,0,0,0,0,0,0,0,0,0,0,0,12,35,34,46,65476,382,65476,1,0,4,21553,0.0,-107610720.0,0.0,0.0,0.0,0.0,0.0,0.0,0.0,0.0,0.0,0.0,0.0,0.0,0.0,0.0,0.0,0.0,0.0,0.0,0.0,2.004,2.004,-3.6970818999223845e+19,-0.0,-3.69707618246192e+19,0.0,0.0,0.0,0.0,6417.0,-2.004,0.0,0.0,-0.0,-107616232.0,107616272.0,0.0,0.0,2.004,2.004,225,1.9056859227671757e+17,5.848077867044895e+35,0.0,0.0,0.0,0.0,0.0,0.0,0.0,0,0,0,2.0315801101930082e+32,-0.0,0.0,0.048,0.0,-0.0,8.79109200887204e+37,-3284.375,0.0,-7.646905760033758e+35,-819038784.0,2.716726950892004e+21,0.0,0.79,0.0,-9.123470751698987e+29,0,1.3516416376850534e+27,225,0.0,452,0.0,0.0,2112,52429,17109,0,17112,52429,17095,0,0,0,101,100,100,-107615264.0,66.3,-0.0,66.7,2.7302343157793998e+23,66.5,1,49,50,180,39322,52429,0,0,0.0,0.0,0.0,60.0,-0.0,71.0,0.0,-6.796553001463867e+29,0.0,1068,0,1069,0,0,0,1069,0,1080,0,999,0,667,0,668,0,664,0,681,0.032,1.4536034330083127e+22,2.004,0.0,42128,16814,-0.0,-6.796553001463867e+29,-0.0,-0.0,0.0,6536947040256.0,50.0,60.0,35,0.0,0.0,10.0,2.0,0.0,0.0,0.0,0.0,0.0,0.0,0.0,0.0,0.0,0.0,0.0,0.0,58.8,56,10,65507,27,65476,0,300,0,0,8,20529,65476,0,0,30147,60.0,0.0,10.0,10.0,2.0,0.0
2026-02-16T12:52:58,ERR,ERR,ERR,ERR,ERR,ERR,ERR,ERR,ERR,ERR,ERR,ERR,ERR,ERR,ERR,ERR,ERR,ERR,ERR,ERR,ERR,ERR,ERR,ERR,ERR,ERR,ERR,ERR,ERR,ERR,ERR,ERR,ERR,ERR,ERR,ERR,ERR,ERR,ERR,ERR,ERR,ERR,ERR,ERR,ERR,ERR,ERR,ERR,ERR,ERR,ERR,ERR,ERR,ERR,ERR,ERR,ERR,ERR,ERR,ERR,ERR,ERR,ERR,ERR,ERR,ERR,ERR,ERR,ERR,ERR,ERR,ERR,ERR,ERR,ERR,ERR,ERR,ERR,ERR,ERR,ERR,ERR,ERR,ERR,ERR,ERR,ERR,ERR,ERR,ERR,ERR,ERR,ERR,ERR,ERR,ERR,ERR,ERR,ERR,ERR,ERR,ERR,ERR,ERR,ERR,ERR,ERR,ERR,ERR,ERR,ERR,ERR,ERR,ERR,ERR,ERR,ERR,ERR,ERR,ERR,ERR,ERR,ERR,ERR,ERR,0.0,-0.0,-107090032.0,0.0,-3.160207272547048e+29,7.289,-1.0918087007476906e+38,0.0,4300,0,8,17170,4300,0.0,41,0.0,0.0,0.0,0.0,-0.0,0,0,0,0,0.0,0,0,0,0,0,0,0,0,0,0,0,0,0,0,0,0,0,0,0,0,0,0,0,0,0,0,0,0,0,0,0,0,0,12,35,34,46,65476,382,65476,1,0,4,21553,0.0,-107610720.0,0.0,0.0,0.0,0.0,0.0,0.0,0.0,0.0,0.0,0.0,0.0,0.0,0.0,0.0,0.0,0.0,0.0,0.0,0.0,2.004,2.004,-3.6970818999223845e+19,-0.0,-3.69707618246192e+19,0.0,0.0,0.0,0.0,6417.0,-2.004,0.0,0.0,-0.0,-107616232.0,107616272.0,0.0,0.0,2.004,2.004,225,1.9056859227671757e+17,5.848077867044895e+35,0.0,0.0,0.0,0.0,0.0,0.0,0.0,0,0,0,2.0315801101930082e+32,-0.0,0.0,0.048,0.0,-0.0,8.79109200887204e+37,-3284.375,0.0,-7.646905760033758e+35,-819038784.0,2.716726950892004e+21,0.0,0.79,0.0,-9.123470751698987e+29,0,1.3516416376850534e+27,225,0.0,452,0.0,0.0,2112,52429,17109,0,17112,52429,17095,0,0,0,101,100,100,-107615264.0,66.3,-0.0,66.7,2.7302343157793998e+23,66.5,1,49,50,180,39322,52429,0,0,0.0,0.0,0.0,60.0,-0.0,71.0,0.0,-6.796553001463867e+29,0.0,1068,0,1069,0,0,0,1069,0,1080,0,999,0,667,0,668,0,664,0,681,0.032,1.4536034330083127e+22,2.004,0.0,42128,16814,-0.0,-6.796553001463867e+29,-0.0,-0.0,0.0,6536947040256.0,50.0,60.0,35,0.0,0.0,10.0,2.0,0.0,0.0,0.0,0.0,0.0,0.0,0.0,0.0,0.0,0.0,0.0,0.0,58.8,56,10,65507,27,65476,0,300,0,0,8,20529,65476,0,0,30147,60.0,0.0,10.0,10.0,2.0,0.0
2026-02-16T12:52:59,ERR,ERR,ERR,ERR,ERR,ERR,ERR,ERR,ERR,ERR,ERR,ERR,ERR,ERR,ERR,ERR,ERR,ERR,ERR,ERR,ERR,ERR,ERR,ERR,ERR,ERR,ERR,ERR,ERR,ERR,ERR,ERR,ERR,ERR,ERR,ERR,ERR,ERR,ERR,ERR,ERR,ERR,ERR,ERR,ERR,ERR,ERR,ERR,ERR,ERR,ERR,ERR,ERR,ERR,ERR,ERR,ERR,ERR,ERR,ERR,ERR,ERR,ERR,ERR,ERR,ERR,ERR,ERR,ERR,ERR,ERR,ERR,ERR,ERR,ERR,ERR,ERR,ERR,ERR,ERR,ERR,ERR,ERR,ERR,ERR,ERR,ERR,ERR,ERR,ERR,ERR,ERR,ERR,ERR,ERR,ERR,ERR,ERR,ERR,ERR,ERR,ERR,ERR,ERR,ERR,ERR,ERR,ERR,ERR,ERR,ERR,ERR,ERR,ERR,ERR,ERR,ERR,ERR,ERR,ERR,ERR,ERR,ERR,ERR,ERR,0.0,-0.0,-107090032.0,0.0,-3.160207272547048e+29,7.289,-1.0918087007476906e+38,0.0,4300,0,8,17170,4300,0.0,41,0.0,0.0,0.0,0.0,-0.0,0,0,0,0,0.0,0,0,0,0,0,0,0,0,0,0,0,0,0,0,0,0,0,0,0,0,0,0,0,0,0,0,0,0,0,0,0,0,0,12,35,34,46,65476,382,65476,1,0,4,21553,0.0,-107610720.0,0.0,0.0,0.0,0.0,0.0,0.0,0.0,0.0,0.0,0.0,0.0,0.0,0.0,0.0,0.0,0.0,0.0,0.0,0.0,2.004,2.004,-3.6970818999223845e+19,-0.0,-3.69707618246192e+19,0.0,0.0,0.0,0.0,6417.0,-2.004,0.0,0.0,-0.0,-107616232.0,107616272.0,0.0,0.0,2.004,2.004,225,1.9056859227671757e+17,5.848077867044895e+35,0.0,0.0,0.0,0.0,0.0,0.0,0.0,0,0,0,2.0315801101930082e+32,-0.0,0.0,0.048,0.0,-0.0,8.79109200887204e+37,-3284.375,0.0,-7.646905760033758e+35,-819038784.0,2.716726950892004e+21,0.0,0.79,0.0,-9.123470751698987e+29,0,1.3516416376850534e+27,225,0.0,452,0.0,0.0,2112,52429,17109,0,17112,52429,17095,0,0,0,101,100,100,-107615264.0,66.3,-0.0,66.7,2.7302343157793998e+23,66.5,1,49,50,180,39322,52429,0,0,0.0,0.0,0.0,60.0,-0.0,71.0,0.0,-6.796553001463867e+29,0.0,1068,0,1069,0,0,0,1069,0,1080,0,999,0,667,0,668,0,664,0,681,0.032,1.4536034330083127e+22,2.004,0.0,42128,16814,-0.0,-6.796553001463867e+29,-0.0,-0.0,0.0,6536947040256.0,50.0,60.0,35,0.0,0.0,10.0,2.0,0.0,0.0,0.0,0.0,0.0,0.0,0.0,0.0,0.0,0.0,0.0,0.0,58.8,56,10,65507,27,65476,0,300,0,0,8,20529,65476,0,0,30147,60.0,0.0,10.0,10.0,2.0,0.0
2026-02-16T12:53:00,ERR,ERR,ERR,ERR,ERR,ERR,ERR,ERR,ERR,ERR,ERR,ERR,ERR,ERR,ERR,ERR,ERR,ERR,ERR,ERR,ERR,ERR,ERR,ERR,ERR,ERR,ERR,ERR,ERR,ERR,ERR,ERR,ERR,ERR,ERR,ERR,ERR,ERR,ERR,ERR,ERR,ERR,ERR,ERR,ERR,ERR,ERR,ERR,ERR,ERR,ERR,ERR,ERR,ERR,ERR,ERR,ERR,ERR,ERR,ERR,ERR,ERR,ERR,ERR,ERR,ERR,ERR,ERR,ERR,ERR,ERR,ERR,ERR,ERR,ERR,ERR,ERR,ERR,ERR,ERR,ERR,ERR,ERR,ERR,ERR,ERR,ERR,ERR,ERR,ERR,ERR,ERR,ERR,ERR,ERR,ERR,ERR,ERR,ERR,ERR,ERR,ERR,ERR,ERR,ERR,ERR,ERR,ERR,ERR,ERR,ERR,ERR,ERR,ERR,ERR,ERR,ERR,ERR,ERR,ERR,ERR,ERR,ERR,ERR,ERR,0.0,-0.0,-107090032.0,0.0,-3.160207272547048e+29,7.289,-1.0918087007476906e+38,0.0,4300,0,8,17170,4300,0.0,41,0.0,0.0,0.0,0.0,-0.0,0,0,0,0,0.0,0,0,0,0,0,0,0,0,0,0,0,0,0,0,0,0,0,0,0,0,0,0,0,0,0,0,0,0,0,0,0,0,0,12,35,34,46,65476,382,65476,1,0,4,21553,0.0,-107610720.0,0.0,0.0,0.0,0.0,0.0,0.0,0.0,0.0,0.0,0.0,0.0,0.0,0.0,0.0,0.0,0.0,0.0,0.0,0.0,2.004,2.004,-3.6970818999223845e+19,-0.0,-3.69707618246192e+19,0.0,0.0,0.0,0.0,6417.0,-2.004,0.0,0.0,-0.0,-107616232.0,107616272.0,0.0,0.0,2.004,2.004,225,1.9056859227671757e+17,5.848077867044895e+35,0.0,0.0,0.0,0.0,0.0,0.0,0.0,0,0,0,2.0315801101930082e+32,-0.0,0.0,0.048,0.0,-0.0,8.79109200887204e+37,-3284.375,0.0,-7.646905760033758e+35,-819038784.0,2.716726950892004e+21,0.0,0.79,0.0,-9.123470751698987e+29,0,1.3516416376850534e+27,225,0.0,452,0.0,0.0,2112,52429,17109,0,17112,52429,17095,0,0,0,101,100,100,-107615264.0,66.3,-0.0,66.7,2.7302343157793998e+23,66.5,1,49,50,180,39322,52429,0,0,0.0,0.0,0.0,60.0,-0.0,71.0,0.0,-0.0,0.0,1068,0,1069,0,0,0,1069,0,1080,0,999,0,667,0,668,0,664,0,681,0.032,1.4536034330083127e+22,2.004,0.0,51216,16814,-0.0,0.0,-6.588675231690247e+26,-0.0,-0.0,-0.0,50.0,60.0,35,0.0,0.0,10.0,2.0,0.0,0.0,0.0,0.0,0.0,0.0,0.0,0.0,0.0,0.0,0.0,0.0,58.8,56,10,65507,27,65476,0,300,0,0,8,20529,65476,0,0,30147,60.0,0.0,10.0,10.0,2.0,0.0
2026-02-16T12:53:01,ERR,ERR,ERR,ERR,ERR,ERR,ERR,ERR,ERR,ERR,ERR,ERR,ERR,ERR,ERR,ERR,ERR,ERR,ERR,ERR,ERR,ERR,ERR,ERR,ERR,ERR,ERR,ERR,ERR,ERR,ERR,ERR,ERR,ERR,ERR,ERR,ERR,ERR,ERR,ERR,ERR,ERR,ERR,ERR,ERR,ERR,ERR,ERR,ERR,ERR,ERR,ERR,ERR,ERR,ERR,ERR,ERR,ERR,ERR,ERR,ERR,ERR,ERR,ERR,ERR,ERR,ERR,ERR,ERR,ERR,ERR,ERR,ERR,ERR,ERR,ERR,ERR,ERR,ERR,ERR,ERR,ERR,ERR,ERR,ERR,ERR,ERR,ERR,ERR,ERR,ERR,ERR,ERR,ERR,ERR,ERR,ERR,ERR,ERR,ERR,ERR,ERR,ERR,ERR,ERR,ERR,ERR,ERR,ERR,ERR,ERR,ERR,ERR,ERR,ERR,ERR,ERR,ERR,ERR,ERR,ERR,ERR,ERR,ERR,ERR,0.0,-0.0,-107090032.0,0.0,-3.160207272547048e+29,4.793435846812494e+31,1995245355008.0,0.0,4300,0,8,17170,4300,0.0,41,0.0,0.0,0.0,0.0,-0.0,0,0,0,0,0.0,0,0,0,0,0,0,0,0,0,0,0,0,0,0,0,0,0,0,0,0,0,0,0,0,0,0,0,0,0,0,0,0,0,12,35,34,46,65476,384,65476,1,0,4,21553,0.0,0.0,0.0,0.0,0.0,0.0,0.0,0.0,0.0,0.0,0.0,0.0,0.0,0.0,0.0,0.0,0.0,0.0,0.0,0.0,0.0,2.004,2.004,-3.6970818999223845e+19,-0.0,0.0,0.0,0.0,0.0,0.0,6450.0,0.0,0.0,0.0,-0.0,-107616232.0,2.7184509175703625e+23,0.0,0.0,2.004,2.004,226,2.718417410789135e+23,-0.059,0.0,0.0,0.0,0.0,0.0,0.0,0.0,0,0,0,-0.0,-0.0,0.0,0.007,0.0,0.0,1650.189,30504124416.0,-0.0,-8.21805841447259e+35,-873564736.0,2.9565346238502284e+21,0.0,0.829,0.0,0.0,0,1.3516416376850534e+27,226,0.0,452,2.40156025918058e+36,-1.587081744998999e+30,2112,52429,17109,0,17112,52429,17095,0,0,0,101,100,100,-107615264.0,66.3,-0.0,66.7,2.7302343157793998e+23,66.5,1,49,50,180,39322,52429,0,0,0.0,0.0,0.0,60.0,-0.0,71.0,0.0,-0.0,0.0,1068,0,1069,0,0,0,1069,0,1080,0,999,0,667,0,668,0,664,0,681,0.032,1.4536034330083127e+22,2.004,0.0,51216,16814,-0.0,0.0,-6.588675231690247e+26,-0.0,-0.0,-0.0,50.0,60.0,35,0.0,0.0,10.0,2.0,0.0,0.0,0.0,0.0,0.0,0.0,0.0,0.0,0.0,0.0,0.0,0.0,58.8,56,10,65507,27,65476,0,300,0,0,8,20529,65476,0,0,30147,60.0,0.0,10.0,10.0,2.0,0.0
2026-02-16T12:53:02,ERR,ERR,ERR,ERR,ERR,ERR,ERR,ERR,ERR,ERR,ERR,ERR,ERR,ERR,ERR,ERR,ERR,ERR,ERR,ERR,ERR,ERR,ERR,ERR,ERR,ERR,ERR,ERR,ERR,ERR,ERR,ERR,ERR,ERR,ERR,ERR,ERR,ERR,ERR,ERR,ERR,ERR,ERR,ERR,ERR,ERR,ERR,ERR,ERR,ERR,ERR,ERR,ERR,ERR,ERR,ERR,ERR,ERR,ERR,ERR,ERR,ERR,ERR,ERR,ERR,ERR,ERR,ERR,ERR,ERR,ERR,ERR,ERR,ERR,ERR,ERR,ERR,ERR,ERR,ERR,ERR,ERR,ERR,ERR,ERR,ERR,ERR,ERR,ERR,ERR,ERR,ERR,ERR,ERR,ERR,ERR,ERR,ERR,ERR,ERR,ERR,ERR,ERR,ERR,ERR,ERR,ERR,ERR,ERR,ERR,ERR,ERR,ERR,ERR,ERR,ERR,ERR,ERR,ERR,ERR,ERR,ERR,ERR,ERR,ERR,0.0,-0.0,-107090032.0,0.0,-3.160207272547048e+29,4.793435846812494e+31,1995245355008.0,0.0,4300,0,8,17170,4300,0.0,41,0.0,0.0,0.0,0.0,-0.0,0,0,0,0,0.0,0,0,0,0,0,0,0,0,0,0,0,0,0,0,0,0,0,0,0,0,0,0,0,0,0,0,0,0,0,0,0,0,0,12,35,34,46,65476,384,65476,1,0,4,21553,0.0,0.0,0.0,0.0,0.0,0.0,0.0,0.0,0.0,0.0,0.0,0.0,0.0,0.0,0.0,0.0,0.0,0.0,0.0,0.0,0.0,2.004,2.004,-3.6970818999223845e+19,-0.0,0.0,0.0,0.0,0.0,0.0,6450.0,0.0,0.0,0.0,-0.0,-107616232.0,2.7184509175703625e+23,0.0,0.0,2.004,2.004,226,2.718417410789135e+23,-0.059,0.0,0.0,0.0,0.0,0.0,0.0,0.0,0,0,0,-0.0,-0.0,0.0,0.007,0.0,0.0,1650.189,30504124416.0,-0.0,-8.21805841447259e+35,-873564736.0,2.9565346238502284e+21,0.0,0.829,0.0,0.0,0,1.3516416376850534e+27,226,0.0,452,2.40156025918058e+36,-1.587081744998999e+30,2112,52429,17109,0,17112,52429,17095,0,0,0,101,100,100,-107615264.0,66.3,-0.0,66.7,2.7302343157793998e+23,66.5,1,49,50,180,39322,52429,0,0,0.0,0.0,0.0,60.0,-0.0,71.0,0.0,-0.0,0.0,1068,0,1069,0,0,0,1069,0,1080,0,999,0,667,0,668,0,664,0,681,0.032,1.4536034330083127e+22,2.004,0.0,51216,16814,-0.0,0.0,-6.588675231690247e+26,-0.0,-0.0,-0.0,50.0,60.0,35,0.0,0.0,10.0,2.0,0.0,0.0,0.0,0.0,0.0,0.0,0.0,0.0,0.0,0.0,0.0,0.0,58.8,56,10,65507,27,65476,0,300,0,0,8,20529,65476,0,0,30147,60.0,0.0,10.0,10.0,2.0,0.0
2026-02-16T12:53:03,ERR,ERR,ERR,ERR,ERR,ERR,ERR,ERR,ERR,ERR,ERR,ERR,ERR,ERR,ERR,ERR,ERR,ERR,ERR,ERR,ERR,ERR,ERR,ERR,ERR,ERR,ERR,ERR,ERR,ERR,ERR,ERR,ERR,ERR,ERR,ERR,ERR,ERR,ERR,ERR,ERR,ERR,ERR,ERR,ERR,ERR,ERR,ERR,ERR,ERR,ERR,ERR,ERR,ERR,ERR,ERR,ERR,ERR,ERR,ERR,ERR,ERR,ERR,ERR,ERR,ERR,ERR,ERR,ERR,ERR,ERR,ERR,ERR,ERR,ERR,ERR,ERR,ERR,ERR,ERR,ERR,ERR,ERR,ERR,ERR,ERR,ERR,ERR,ERR,ERR,ERR,ERR,ERR,ERR,ERR,ERR,ERR,ERR,ERR,ERR,ERR,ERR,ERR,ERR,ERR,ERR,ERR,ERR,ERR,ERR,ERR,ERR,ERR,ERR,ERR,ERR,ERR,ERR,ERR,ERR,ERR,ERR,ERR,ERR,ERR,0.0,-0.0,-107090032.0,0.0,-3.160207272547048e+29,4.793435846812494e+31,1995245355008.0,0.0,4300,0,8,17170,4300,0.0,41,0.0,0.0,0.0,0.0,-0.0,0,0,0,0,0.0,0,0,0,0,0,0,0,0,0,0,0,0,0,0,0,0,0,0,0,0,0,0,0,0,0,0,0,0,0,0,0,0,0,12,35,34,46,65476,384,65476,1,0,4,21553,0.0,0.0,0.0,0.0,0.0,0.0,0.0,0.0,0.0,0.0,0.0,0.0,0.0,0.0,0.0,0.0,0.0,0.0,0.0,0.0,0.0,2.004,2.004,-3.6970818999223845e+19,-0.0,0.0,0.0,0.0,0.0,0.0,6450.0,0.0,0.0,0.0,-0.0,-107616232.0,2.7184509175703625e+23,0.0,0.0,2.004,2.004,226,2.718417410789135e+23,-0.059,0.0,0.0,0.0,0.0,0.0,0.0,0.0,0,0,0,-0.0,-0.0,0.0,0.007,0.0,0.0,1650.189,30504124416.0,-0.0,-8.21805841447259e+35,-873564736.0,2.9565346238502284e+21,0.0,0.829,0.0,0.0,0,1.3516416376850534e+27,226,0.0,452,2.40156025918058e+36,-1.587081744998999e+30,2112,52429,17109,0,17112,52429,17095,0,0,0,101,100,100,-107615264.0,66.3,-0.0,66.7,2.7302343157793998e+23,66.5,1,49,50,180,39322,52429,0,0,0.0,0.0,0.0,60.0,-0.0,71.0,0.0,-5.912611376256679e+30,0.0,1068,0,1069,0,0,0,1069,0,1080,0,999,0,667,0,668,0,664,0,681,0.032,1.4536034330083127e+22,2.004,0.0,58512,16814,-0.0,-5.912611376256679e+30,-9.642415949078697e+27,-0.0,-0.0,-0.0,50.0,60.0,35,0.0,0.0,10.0,2.0,0.0,0.0,0.0,0.0,0.0,0.0,0.0,0.0,0.0,0.0,0.0,0.0,58.8,56,10,65507,27,65476,0,300,0,0,8,20529,65476,0,0,30147,60.0,0.0,10.0,10.0,2.0,0.0
2026-02-16T12:53:04,ERR,ERR,ERR,ERR,ERR,ERR,ERR,ERR,ERR,ERR,ERR,ERR,ERR,ERR,ERR,ERR,ERR,ERR,ERR,ERR,ERR,ERR,ERR,ERR,ERR,ERR,ERR,ERR,ERR,ERR,ERR,ERR,ERR,ERR,ERR,ERR,ERR,ERR,ERR,ERR,ERR,ERR,ERR,ERR,ERR,ERR,ERR,ERR,ERR,ERR,ERR,ERR,ERR,ERR,ERR,ERR,ERR,ERR,ERR,ERR,ERR,ERR,ERR,ERR,ERR,ERR,ERR,ERR,ERR,ERR,ERR,ERR,ERR,ERR,ERR,ERR,ERR,ERR,ERR,ERR,ERR,ERR,ERR,ERR,ERR,ERR,ERR,ERR,ERR,ERR,ERR,ERR,ERR,ERR,ERR,ERR,ERR,ERR,ERR,ERR,ERR,ERR,ERR,ERR,ERR,ERR,ERR,ERR,ERR,ERR,ERR,ERR,ERR,ERR,ERR,ERR,ERR,ERR,ERR,ERR,ERR,ERR,ERR,ERR,ERR,0.0,-0.0,-107090032.0,0.0,-3.160207272547048e+29,4.793435846812494e+31,1995245355008.0,0.0,4300,0,8,17170,4300,0.0,41,0.0,0.0,0.0,0.0,-0.0,0,0,0,0,0.0,0,0,0,0,0,0,0,0,0,0,0,0,0,0,0,0,0,0,0,0,0,0,0,0,0,0,0,0,0,0,0,0,0,12,35,34,46,65476,384,65476,1,0,4,21553,0.0,0.0,0.0,0.0,0.0,0.0,0.0,0.0,0.0,0.0,0.0,0.0,0.0,0.0,0.0,0.0,0.0,0.0,0.0,0.0,0.0,2.004,2.004,-3.6970818999223845e+19,-0.0,0.0,0.0,0.0,0.0,0.0,6450.0,0.0,0.0,0.0,-0.0,-107616232.0,2.7184509175703625e+23,0.0,0.0,2.004,2.004,226,2.718417410789135e+23,-0.059,0.0,0.0,0.0,0.0,0.0,0.0,0.0,0,0,0,-0.0,-0.0,0.0,0.007,0.0,0.0,1650.189,30504124416.0,-0.0,-8.21805841447259e+35,-873564736.0,2.9565346238502284e+21,0.0,0.829,0.0,0.0,0,1.3516416376850534e+27,226,0.0,452,2.40156025918058e+36,-1.587081744998999e+30,2112,52429,17109,0,17112,52429,17095,0,0,0,101,100,100,-107615264.0,66.3,-0.0,66.7,2.7302343157793998e+23,66.5,1,49,50,180,39322,52429,0,0,0.0,0.0,0.0,60.0,-0.0,71.0,0.0,-5.912611376256679e+30,0.0,1068,0,1069,0,0,0,1069,0,1080,0,999,0,667,0,668,0,664,0,681,0.032,1.4536034330083127e+22,2.004,0.0,58512,16814,-0.0,-5.912611376256679e+30,-9.642415949078697e+27,-0.0,-0.0,-0.0,50.0,60.0,35,0.0,0.0,10.0,2.0,0.0,0.0,0.0,0.0,0.0,0.0,0.0,0.0,0.0,0.0,0.0,0.0,58.8,56,10,65507,27,65476,0,300,0,0,8,20529,65476,0,0,30147,60.0,0.0,10.0,10.0,2.0,0.0
2026-02-16T12:53:05,ERR,ERR,ERR,ERR,ERR,ERR,ERR,ERR,ERR,ERR,ERR,ERR,ERR,ERR,ERR,ERR,ERR,ERR,ERR,ERR,ERR,ERR,ERR,ERR,ERR,ERR,ERR,ERR,ERR,ERR,ERR,ERR,ERR,ERR,ERR,ERR,ERR,ERR,ERR,ERR,ERR,ERR,ERR,ERR,ERR,ERR,ERR,ERR,ERR,ERR,ERR,ERR,ERR,ERR,ERR,ERR,ERR,ERR,ERR,ERR,ERR,ERR,ERR,ERR,ERR,ERR,ERR,ERR,ERR,ERR,ERR,ERR,ERR,ERR,ERR,ERR,ERR,ERR,ERR,ERR,ERR,ERR,ERR,ERR,ERR,ERR,ERR,ERR,ERR,ERR,ERR,ERR,ERR,ERR,ERR,ERR,ERR,ERR,ERR,ERR,ERR,ERR,ERR,ERR,ERR,ERR,ERR,ERR,ERR,ERR,ERR,ERR,ERR,ERR,ERR,ERR,ERR,ERR,ERR,ERR,ERR,ERR,ERR,ERR,ERR,0.0,-0.0,-107090032.0,0.0,-3.160207272547048e+29,-34.814,-27388440215552.0,-0.0,4300,0,8,17170,4300,0.0,41,0.0,0.0,0.0,0.0,-0.0,0,0,0,0,0.0,0,0,0,0,0,0,0,0,0,0,0,0,0,0,0,0,0,0,0,0,0,0,0,0,0,0,0,0,0,0,0,0,0,12,35,34,47,65476,388,65476,1,0,4,21553,0.0,-0.0,0.0,0.0,0.0,0.0,0.0,0.0,0.0,0.0,0.0,0.0,0.0,0.0,0.0,0.0,0.0,0.0,0.0,0.0,0.0,2.004,2.004,-3.6970818999223845e+19,-0.0,0.0,0.0,0.0,0.0,0.0,6448.0,-0.0,0.0,0.0,-0.0,-0.0,2.7184509175703625e+23,0.0,0.0,2.004,2.004,225,126840537088.0,0.0,0.0,0.0,0.0,0.0,0.0,0.0,0.0,0,0,0,-0.0,0.0,0.0,-333413253120.0,0.0,-20513795604480.0,20.784,-0.0,-969.098,-8.893057006082117e+35,-919702080.0,3.1594488086610334e+21,0.0,0.876,0.0,0.0,0,1.3516416376850534e+27,225,0.0,450,0.0,-20512.541,2112,52429,17109,0,17112,52429,17095,0,0,0,101,100,100,-107615264.0,66.3,-0.0,66.7,2.7302343157793998e+23,66.5,1,49,50,180,39322,52429,0,0,0.0,0.0,0.0,60.0,-0.0,71.0,0.0,-5.912611376256679e+30,0.0,1068,0,1069,0,0,0,1069,0,1080,0,999,0,667,0,668,0,664,0,681,0.032,1.4536034330083127e+22,2.004,0.0,58512,16814,-0.0,-5.912611376256679e+30,-9.642415949078697e+27,-0.0,-0.0,-0.0,50.0,60.0,35,0.0,0.0,10.0,2.0,0.0,0.0,0.0,0.0,0.0,0.0,0.0,0.0,0.0,0.0,0.0,0.0,59.2,56,10,65507,27,65476,0,300,0,0,8,20529,65476,0,0,30147,60.0,0.0,10.0,10.0,2.0,0.0
2026-02-16T12:53:06,ERR,ERR,ERR,ERR,ERR,ERR,ERR,ERR,ERR,ERR,ERR,ERR,ERR,ERR,ERR,ERR,ERR,ERR,ERR,ERR,ERR,ERR,ERR,ERR,ERR,ERR,ERR,ERR,ERR,ERR,ERR,ERR,ERR,ERR,ERR,ERR,ERR,ERR,ERR,ERR,ERR,ERR,ERR,ERR,ERR,ERR,ERR,ERR,ERR,ERR,ERR,ERR,ERR,ERR,ERR,ERR,ERR,ERR,ERR,ERR,ERR,ERR,ERR,ERR,ERR,ERR,ERR,ERR,ERR,ERR,ERR,ERR,ERR,ERR,ERR,ERR,ERR,ERR,ERR,ERR,ERR,ERR,ERR,ERR,ERR,ERR,ERR,ERR,ERR,ERR,ERR,ERR,ERR,ERR,ERR,ERR,ERR,ERR,ERR,ERR,ERR,ERR,ERR,ERR,ERR,ERR,ERR,ERR,ERR,ERR,ERR,ERR,ERR,ERR,ERR,ERR,ERR,ERR,ERR,ERR,ERR,ERR,ERR,ERR,ERR,0.0,-0.0,-107090032.0,0.0,-3.160207272547048e+29,-34.814,-27388440215552.0,-0.0,4300,0,8,17170,4300,0.0,41,0.0,0.0,0.0,0.0,-0.0,0,0,0,0,0.0,0,0,0,0,0,0,0,0,0,0,0,0,0,0,0,0,0,0,0,0,0,0,0,0,0,0,0,0,0,0,0,0,0,12,35,34,47,65476,388,65476,1,0,4,21553,0.0,-0.0,0.0,0.0,0.0,0.0,0.0,0.0,0.0,0.0,0.0,0.0,0.0,0.0,0.0,0.0,0.0,0.0,0.0,0.0,0.0,2.004,2.004,-3.6970818999223845e+19,-0.0,0.0,0.0,0.0,0.0,0.0,6448.0,-0.0,0.0,0.0,-0.0,-0.0,2.7184509175703625e+23,0.0,0.0,2.004,2.004,225,126840537088.0,0.0,0.0,0.0,0.0,0.0,0.0,0.0,0.0,0,0,0,-0.0,0.0,0.0,-333413253120.0,0.0,-20513795604480.0,20.784,-0.0,-969.098,-8.893057006082117e+35,-919702080.0,3.1594488086610334e+21,0.0,0.876,0.0,0.0,0,1.3516416376850534e+27,225,0.0,450,0.0,-20512.541,2112,52429,17109,52429,17111,52429,17095,0,0,0,101,100,100,-107615264.0,66.3,-107615272.0,66.7,2.7302343157793998e+23,66.5,1,49,50,180,39322,52429,0,0,0.0,0.0,0.0,60.0,-0.0,71.0,0.0,0.0,0.0,1068,0,1069,0,0,0,1069,0,1079,0,999,0,667,0,668,0,664,0,682,0.032,1.4536034330083127e+22,-0.0,2.730234856211355e+23,61712,16814,-0.0,0.0,0.0,0.0,-1049650752.0,-1.7406430426850918e+18,50.0,60.0,35,0.0,0.0,10.0,2.0,0.0,0.0,0.0,0.0,0.0,0.0,0.0,0.0,0.0,0.0,0.0,0.0,59.2,56,10,65507,27,65476,0,300,0,0,8,20529,65476,0,0,30147,60.0,0.0,10.0,10.0,2.0,0.0
2026-02-16T12:53:07,ERR,ERR,ERR,ERR,ERR,ERR,ERR,ERR,ERR,ERR,ERR,ERR,ERR,ERR,ERR,ERR,ERR,ERR,ERR,ERR,ERR,ERR,ERR,ERR,ERR,ERR,ERR,ERR,ERR,ERR,ERR,ERR,ERR,ERR,ERR,ERR,ERR,ERR,ERR,ERR,ERR,ERR,ERR,ERR,ERR,ERR,ERR,ERR,ERR,ERR,ERR,ERR,ERR,ERR,ERR,ERR,ERR,ERR,ERR,ERR,ERR,ERR,ERR,ERR,ERR,ERR,ERR,ERR,ERR,ERR,ERR,ERR,ERR,ERR,ERR,ERR,ERR,ERR,ERR,ERR,ERR,ERR,ERR,ERR,ERR,ERR,ERR,ERR,ERR,ERR,ERR,ERR,ERR,ERR,ERR,ERR,ERR,ERR,ERR,ERR,ERR,ERR,ERR,ERR,ERR,ERR,ERR,ERR,ERR,ERR,ERR,ERR,ERR,ERR,ERR,ERR,ERR,ERR,ERR,ERR,ERR,ERR,ERR,ERR,ERR,0.0,-0.0,-107090032.0,0.0,-3.160207272547048e+29,-34.814,-27388440215552.0,-0.0,4300,0,8,17170,4300,0.0,41,0.0,0.0,0.0,0.0,-0.0,0,0,0,0,0.0,0,0,0,0,0,0,0,0,0,0,0,0,0,0,0,0,0,0,0,0,0,0,0,0,0,0,0,0,0,0,0,0,0,12,35,34,47,65476,388,65476,1,0,4,21553,0.0,-0.0,0.0,0.0,0.0,0.0,0.0,0.0,0.0,0.0,0.0,0.0,0.0,0.0,0.0,0.0,0.0,0.0,0.0,0.0,0.0,2.004,2.004,-3.6970818999223845e+19,-0.0,0.0,0.0,0.0,0.0,0.0,6448.0,-0.0,0.0,0.0,-0.0,-0.0,2.7184509175703625e+23,0.0,0.0,2.004,2.004,225,126840537088.0,0.0,0.0,0.0,0.0,0.0,0.0,0.0,0.0,0,0,0,-0.0,0.0,0.0,-333413253120.0,0.0,-20513795604480.0,20.784,-0.0,-969.098,-8.893057006082117e+35,-919702080.0,3.1594488086610334e+21,0.0,0.876,0.0,0.0,0,1.3516416376850534e+27,225,0.0,450,0.0,-20512.541,2112,52429,17109,52429,17111,52429,17095,0,0,0,101,100,100,-107615264.0,66.3,-107615272.0,66.7,2.7302343157793998e+23,66.5,1,49,50,180,39322,52429,0,0,0.0,0.0,0.0,60.0,-0.0,71.0,0.0,0.0,0.0,1068,0,1069,0,0,0,1069,0,1079,0,999,0,667,0,668,0,664,0,682,0.032,1.4536034330083127e+22,-0.0,2.730234856211355e+23,61712,16814,-0.0,0.0,0.0,0.0,-1049650752.0,-1.7406430426850918e+18,50.0,60.0,35,0.0,0.0,10.0,2.0,0.0,0.0,0.0,0.0,0.0,0.0,0.0,0.0,0.0,0.0,0.0,0.0,58.8,55,11,65507,27,65476,0,300,0,0,8,20529,65476,0,0,30147,60.0,0.0,10.0,10.0,2.0,0.0
2026-02-16T12:53:08,ERR,ERR,ERR,ERR,ERR,ERR,ERR,ERR,ERR,ERR,ERR,ERR,ERR,ERR,ERR,ERR,ERR,ERR,ERR,ERR,ERR,ERR,ERR,ERR,ERR,ERR,ERR,ERR,ERR,ERR,ERR,ERR,ERR,ERR,ERR,ERR,ERR,ERR,ERR,ERR,ERR,ERR,ERR,ERR,ERR,ERR,ERR,ERR,ERR,ERR,ERR,ERR,ERR,ERR,ERR,ERR,ERR,ERR,ERR,ERR,ERR,ERR,ERR,ERR,ERR,ERR,ERR,ERR,ERR,ERR,ERR,ERR,ERR,ERR,ERR,ERR,ERR,ERR,ERR,ERR,ERR,ERR,ERR,ERR,ERR,ERR,ERR,ERR,ERR,ERR,ERR,ERR,ERR,ERR,ERR,ERR,ERR,ERR,ERR,ERR,ERR,ERR,ERR,ERR,ERR,ERR,ERR,ERR,ERR,ERR,ERR,ERR,ERR,ERR,ERR,ERR,ERR,ERR,ERR,ERR,ERR,ERR,ERR,ERR,ERR,0.0,-0.0,-107090032.0,0.0,-3.160207272547048e+29,-34.814,-27388440215552.0,-0.0,4300,0,8,17170,4300,0.0,41,0.0,0.0,0.0,0.0,-0.0,0,0,0,0,0.0,0,0,0,0,0,0,0,0,0,0,0,0,0,0,0,0,0,0,0,0,0,0,0,0,0,0,0,0,0,0,0,0,0,12,35,34,47,65476,388,65476,1,0,4,21553,0.0,-0.0,0.0,0.0,0.0,0.0,0.0,0.0,0.0,0.0,0.0,0.0,0.0,0.0,0.0,0.0,0.0,0.0,0.0,0.0,0.0,2.004,2.004,-3.6970818999223845e+19,-0.0,0.0,0.0,0.0,0.0,0.0,6448.0,-0.0,0.0,0.0,-0.0,-0.0,2.7184509175703625e+23,0.0,0.0,2.004,2.004,225,126840537088.0,0.0,0.0,0.0,0.0,0.0,0.0,0.0,0.0,0,0,0,-0.0,0.0,0.0,-333413253120.0,0.0,-20513795604480.0,20.784,-0.0,-969.098,-8.893057006082117e+35,-919702080.0,3.1594488086610334e+21,0.0,0.876,0.0,0.0,0,1.3516416376850534e+27,225,0.0,450,0.0,-20512.541,2112,52429,17109,52429,17111,52429,17095,0,0,0,101,100,100,-107615264.0,66.3,-107615272.0,66.7,2.7302343157793998e+23,66.5,1,49,50,180,39322,52429,0,0,0.0,0.0,0.0,60.0,-0.0,71.0,0.0,0.0,0.0,1068,0,1069,0,0,0,1069,0,1079,0,999,0,667,0,668,0,664,0,682,0.032,1.4536034330083127e+22,-0.0,2.730234856211355e+23,61712,16814,-0.0,0.0,0.0,0.0,-1049650752.0,-1.7406430426850918e+18,50.0,60.0,35,0.0,0.0,10.0,2.0,0.0,0.0,0.0,0.0,0.0,0.0,0.0,0.0,0.0,0.0,0.0,0.0,58.8,55,11,65507,27,65476,0,300,0,0,8,20529,65476,0,0,30147,60.0,0.0,10.0,10.0,2.0,0.0
2026-02-16T12:53:09,ERR,ERR,ERR,ERR,ERR,ERR,ERR,ERR,ERR,ERR,ERR,ERR,ERR,ERR,ERR,ERR,ERR,ERR,ERR,ERR,ERR,ERR,ERR,ERR,ERR,ERR,ERR,ERR,ERR,ERR,ERR,ERR,ERR,ERR,ERR,ERR,ERR,ERR,ERR,ERR,ERR,ERR,ERR,ERR,ERR,ERR,ERR,ERR,ERR,ERR,ERR,ERR,ERR,ERR,ERR,ERR,ERR,ERR,ERR,ERR,ERR,ERR,ERR,ERR,ERR,ERR,ERR,ERR,ERR,ERR,ERR,ERR,ERR,ERR,ERR,ERR,ERR,ERR,ERR,ERR,ERR,ERR,ERR,ERR,ERR,ERR,ERR,ERR,ERR,ERR,ERR,ERR,ERR,ERR,ERR,ERR,ERR,ERR,ERR,ERR,ERR,ERR,ERR,ERR,ERR,ERR,ERR,ERR,ERR,ERR,ERR,ERR,ERR,ERR,ERR,ERR,ERR,ERR,ERR,ERR,ERR,ERR,ERR,ERR,ERR,0.0,-0.0,-107090032.0,0.0,-3.160207272547048e+29,-34.814,-27388440215552.0,-0.0,4300,0,8,17170,4300,0.0,41,0.0,0.0,0.0,0.0,-0.0,0,0,0,0,0.0,0,0,0,0,0,0,0,0,0,0,0,0,0,0,0,0,0,0,0,0,0,0,0,0,0,0,0,0,0,0,0,0,0,12,35,34,47,65476,388,65476,1,0,4,21553,0.0,-0.0,0.0,0.0,0.0,0.0,0.0,0.0,0.0,0.0,0.0,0.0,0.0,0.0,0.0,0.0,0.0,0.0,0.0,0.0,0.0,2.004,2.004,-3.6970818999223845e+19,-0.0,0.0,0.0,0.0,0.0,0.0,6448.0,-0.0,0.0,0.0,-0.0,-0.0,2.7184509175703625e+23,0.0,0.0,2.004,2.004,225,126840537088.0,0.0,0.0,0.0,0.0,0.0,0.0,0.0,0.0,0,0,0,-0.0,0.0,0.0,-333413253120.0,0.0,-20513795604480.0,20.784,-0.0,-969.098,-8.893057006082117e+35,-919702080.0,3.1594488086610334e+21,0.0,0.876,0.0,0.0,0,1.3516416376850534e+27,225,0.0,450,0.0,-20512.541,2112,52429,17109,52429,17111,52429,17095,0,0,0,101,100,100,-107615264.0,66.3,-107615272.0,66.7,2.7302343157793998e+23,66.5,1,49,50,180,39322,52429,0,0,0.0,0.0,0.0,60.0,-0.0,71.0,0.0,0.0,0.0,1068,0,1069,0,0,0,1069,0,1079,0,999,0,667,0,668,0,664,0,682,0.032,1.4536034330083127e+22,-0.0,2.730234856211355e+23,61712,16814,-0.0,0.0,0.0,0.0,-1049650752.0,-1.7406430426850918e+18,50.0,60.0,35,0.0,0.0,10.0,2.0,0.0,0.0,0.0,0.0,0.0,0.0,0.0,0.0,0.0,0.0,0.0,0.0,58.8,55,11,65507,27,65476,0,300,0,0,8,20529,65476,0,0,30147,60.0,0.0,10.0,10.0,2.0,0.0
2026-02-16T12:53:10,ERR,ERR,ERR,ERR,ERR,ERR,ERR,ERR,ERR,ERR,ERR,ERR,ERR,ERR,ERR,ERR,ERR,ERR,ERR,ERR,ERR,ERR,ERR,ERR,ERR,ERR,ERR,ERR,ERR,ERR,ERR,ERR,ERR,ERR,ERR,ERR,ERR,ERR,ERR,ERR,ERR,ERR,ERR,ERR,ERR,ERR,ERR,ERR,ERR,ERR,ERR,ERR,ERR,ERR,ERR,ERR,ERR,ERR,ERR,ERR,ERR,ERR,ERR,ERR,ERR,ERR,ERR,ERR,ERR,ERR,ERR,ERR,ERR,ERR,ERR,ERR,ERR,ERR,ERR,ERR,ERR,ERR,ERR,ERR,ERR,ERR,ERR,ERR,ERR,ERR,ERR,ERR,ERR,ERR,ERR,ERR,ERR,ERR,ERR,ERR,ERR,ERR,ERR,ERR,ERR,ERR,ERR,ERR,ERR,ERR,ERR,ERR,ERR,ERR,ERR,ERR,ERR,ERR,ERR,ERR,ERR,ERR,ERR,ERR,ERR,0.0,-0.0,-107090032.0,0.0,-3.160207272547048e+29,-2.2506162460144157e+30,0.0,1.5369221011913654e+38,4300,0,8,17169,4300,0.0,41,0.0,0.0,0.0,0.0,-0.0,0,0,0,0,0.0,0,0,0,0,0,0,0,0,0,0,0,0,0,0,0,0,0,0,0,0,0,0,0,0,0,0,0,0,0,0,0,0,0,12,35,35,47,65476,388,65476,1,0,4,21553,0.0,-0.0,0.0,0.0,0.0,0.0,0.0,0.0,0.0,0.0,0.0,0.0,0.0,0.0,0.0,0.0,0.0,0.0,0.0,0.0,0.0,2.004,2.004,-2.004,-0.0,0.0,0.0,0.0,0.0,0.0,6474.0,0.0,0.0,0.0,-0.0,-0.0,2.7184509175703625e+23,-0.0,0.0,2.004,2.004,226,0.0,2.7184276789962853e+23,0.0,0.0,0.0,0.0,0.0,0.0,0.0,0,0,0,-0.0,-0.003,0.0,-0.0,0.0,0.0,1.819524022153644e+34,-0.0,-3.8494234755482425e+35,-9.464209660520948e+35,-974228032.0,3.3992564816192576e+21,0.0,0.915,0.0,0.0,0,1.3516416376850534e+27,226,0.0,452,-74360974999552.0,-0.0,2112,52429,17109,0,17112,52429,17095,0,0,0,101,100,100,-107615264.0,66.1,0.0,66.7,2.7302343157793998e+23,66.5,1,49,50,180,39322,52429,0,0,0.0,0.0,0.0,60.0,-0.0,71.0,0.0,-0.0,0.0,1069,0,1069,0,0,0,1069,0,1079,0,1000,0,667,0,668,0,664,0,682,0.032,1.4609821306377965e+22,-0.0,2.730234856211355e+23,44944,16814,-0.0,1897966976.0,1.501491770919473e+27,-1.4059870937205965e+17,0.0,336.5,50.0,60.0,35,0.0,0.0,10.0,2.0,0.0,0.0,0.0,0.0,0.0,0.0,0.0,0.0,0.0,0.0,0.0,0.0,58.8,55,11,65507,27,65476,0,300,0,0,8,20529,65476,0,0,30147,60.0,0.0,10.0,10.0,2.0,0.0
2026-02-16T12:53:11,ERR,ERR,ERR,ERR,ERR,ERR,ERR,ERR,ERR,ERR,ERR,ERR,ERR,ERR,ERR,ERR,ERR,ERR,ERR,ERR,ERR,ERR,ERR,ERR,ERR,ERR,ERR,ERR,ERR,ERR,ERR,ERR,ERR,ERR,ERR,ERR,ERR,ERR,ERR,ERR,ERR,ERR,ERR,ERR,ERR,ERR,ERR,ERR,ERR,ERR,ERR,ERR,ERR,ERR,ERR,ERR,ERR,ERR,ERR,ERR,ERR,ERR,ERR,ERR,ERR,ERR,ERR,ERR,ERR,ERR,ERR,ERR,ERR,ERR,ERR,ERR,ERR,ERR,ERR,ERR,ERR,ERR,ERR,ERR,ERR,ERR,ERR,ERR,ERR,ERR,ERR,ERR,ERR,ERR,ERR,ERR,ERR,ERR,ERR,ERR,ERR,ERR,ERR,ERR,ERR,ERR,ERR,ERR,ERR,ERR,ERR,ERR,ERR,ERR,ERR,ERR,ERR,ERR,ERR,ERR,ERR,ERR,ERR,ERR,ERR,0.0,-0.0,-107090032.0,0.0,-3.160207272547048e+29,-2.2506162460144157e+30,0.0,1.5369221011913654e+38,4300,0,8,17169,4300,0.0,41,0.0,0.0,0.0,0.0,-0.0,0,0,0,0,0.0,0,0,0,0,0,0,0,0,0,0,0,0,0,0,0,0,0,0,0,0,0,0,0,0,0,0,0,0,0,0,0,0,0,12,35,35,47,65476,388,65476,1,0,4,21553,0.0,-0.0,0.0,0.0,0.0,0.0,0.0,0.0,0.0,0.0,0.0,0.0,0.0,0.0,0.0,0.0,0.0,0.0,0.0,0.0,0.0,2.004,2.004,-2.004,-0.0,0.0,0.0,0.0,0.0,0.0,6474.0,0.0,0.0,0.0,-0.0,-0.0,2.7184509175703625e+23,-0.0,0.0,2.004,2.004,226,0.0,2.7184276789962853e+23,0.0,0.0,0.0,0.0,0.0,0.0,0.0,0,0,0,-0.0,-0.003,0.0,-0.0,0.0,0.0,1.819524022153644e+34,-0.0,-3.8494234755482425e+35,-9.464209660520948e+35,-974228032.0,3.3992564816192576e+21,0.0,0.915,0.0,0.0,0,1.3516416376850534e+27,226,0.0,452,-74360974999552.0,-0.0,2112,52429,17109,0,17112,52429,17095,0,0,0,101,100,100,-107615264.0,66.1,0.0,66.7,2.7302343157793998e+23,66.5,1,49,50,180,39322,52429,0,0,0.0,0.0,0.0,60.0,-0.0,71.0,0.0,-0.0,0.0,1069,0,1069,0,0,0,1069,0,1079,0,1000,0,667,0,668,0,664,0,682,0.032,1.4609821306377965e+22,-0.0,2.730234856211355e+23,44944,16814,-0.0,1897966976.0,1.501491770919473e+27,-1.4059870937205965e+17,0.0,336.5,50.0,60.0,35,0.0,0.0,10.0,2.0,0.0,0.0,0.0,0.0,0.0,0.0,0.0,0.0,0.0,0.0,0.0,0.0,58.8,55,11,65507,27,65476,0,300,0,0,8,20529,65476,0,0,30147,60.0,0.0,10.0,10.0,2.0,0.0
2026-02-16T12:53:12,ERR,ERR,ERR,ERR,ERR,ERR,ERR,ERR,ERR,ERR,ERR,ERR,ERR,ERR,ERR,ERR,ERR,ERR,ERR,ERR,ERR,ERR,ERR,ERR,ERR,ERR,ERR,ERR,ERR,ERR,ERR,ERR,ERR,ERR,ERR,ERR,ERR,ERR,ERR,ERR,ERR,ERR,ERR,ERR,ERR,ERR,ERR,ERR,ERR,ERR,ERR,ERR,ERR,ERR,ERR,ERR,ERR,ERR,ERR,ERR,ERR,ERR,ERR,ERR,ERR,ERR,ERR,ERR,ERR,ERR,ERR,ERR,ERR,ERR,ERR,ERR,ERR,ERR,ERR,ERR,ERR,ERR,ERR,ERR,ERR,ERR,ERR,ERR,ERR,ERR,ERR,ERR,ERR,ERR,ERR,ERR,ERR,ERR,ERR,ERR,ERR,ERR,ERR,ERR,ERR,ERR,ERR,ERR,ERR,ERR,ERR,ERR,ERR,ERR,ERR,ERR,ERR,ERR,ERR,ERR,ERR,ERR,ERR,ERR,ERR,0.0,-0.0,-107090032.0,0.0,-3.160207272547048e+29,-2.2506162460144157e+30,0.0,1.5369221011913654e+38,4300,0,8,17169,4300,0.0,41,0.0,0.0,0.0,0.0,-0.0,0,0,0,0,0.0,0,0,0,0,0,0,0,0,0,0,0,0,0,0,0,0,0,0,0,0,0,0,0,0,0,0,0,0,0,0,0,0,0,12,35,35,47,65476,388,65476,1,0,4,21553,0.0,-0.0,0.0,0.0,0.0,0.0,0.0,0.0,0.0,0.0,0.0,0.0,0.0,0.0,0.0,0.0,0.0,0.0,0.0,0.0,0.0,2.004,2.004,-2.004,-0.0,0.0,0.0,0.0,0.0,0.0,6474.0,0.0,0.0,0.0,-0.0,-0.0,2.7184509175703625e+23,-0.0,0.0,2.004,2.004,226,0.0,2.7184276789962853e+23,0.0,0.0,0.0,0.0,0.0,0.0,0.0,0,0,0,-0.0,-0.003,0.0,-0.0,0.0,0.0,1.819524022153644e+34,-0.0,-3.8494234755482425e+35,-9.464209660520948e+35,-974228032.0,3.3992564816192576e+21,0.0,0.915,0.0,0.0,0,1.3516416376850534e+27,226,0.0,452,-74360974999552.0,-0.0,2112,52429,17109,0,17112,52429,17095,0,0,0,101,100,100,-107615264.0,66.1,0.0,66.7,2.7302343157793998e+23,66.5,1,49,50,180,39322,52429,0,0,0.0,0.0,0.0,60.0,-0.0,71.0,0.0,-0.0,0.0,1069,0,1069,0,0,0,1069,0,1079,0,1000,0,667,0,668,0,664,0,682,0.032,1.4609821306377965e+22,-0.0,2.730234856211355e+23,44944,16814,-0.0,1897966976.0,1.501491770919473e+27,-1.4059870937205965e+17,0.0,336.5,50.0,60.0,35,0.0,0.0,10.0,2.0,0.0,0.0,0.0,0.0,0.0,0.0,0.0,0.0,0.0,0.0,0.0,0.0,58.8,55,11,65507,27,65476,0,300,0,0,8,20529,65476,0,0,30147,60.0,0.0,10.0,10.0,2.0,0.0
2026-02-16T12:53:13,ERR,ERR,ERR,ERR,ERR,ERR,ERR,ERR,ERR,ERR,ERR,ERR,ERR,ERR,ERR,ERR,ERR,ERR,ERR,ERR,ERR,ERR,ERR,ERR,ERR,ERR,ERR,ERR,ERR,ERR,ERR,ERR,ERR,ERR,ERR,ERR,ERR,ERR,ERR,ERR,ERR,ERR,ERR,ERR,ERR,ERR,ERR,ERR,ERR,ERR,ERR,ERR,ERR,ERR,ERR,ERR,ERR,ERR,ERR,ERR,ERR,ERR,ERR,ERR,ERR,ERR,ERR,ERR,ERR,ERR,ERR,ERR,ERR,ERR,ERR,ERR,ERR,ERR,ERR,ERR,ERR,ERR,ERR,ERR,ERR,ERR,ERR,ERR,ERR,ERR,ERR,ERR,ERR,ERR,ERR,ERR,ERR,ERR,ERR,ERR,ERR,ERR,ERR,ERR,ERR,ERR,ERR,ERR,ERR,ERR,ERR,ERR,ERR,ERR,ERR,ERR,ERR,ERR,ERR,ERR,ERR,ERR,ERR,ERR,ERR,0.0,-0.0,-107090032.0,0.0,-3.160207272547048e+29,-2.2506162460144157e+30,0.0,1.5369221011913654e+38,4300,0,8,17169,4300,0.0,41,0.0,0.0,0.0,0.0,-0.0,0,0,0,0,0.0,0,0,0,0,0,0,0,0,0,0,0,0,0,0,0,0,0,0,0,0,0,0,0,0,0,0,0,0,0,0,0,0,0,12,35,35,47,65476,388,65476,1,0,4,21553,0.0,-0.0,0.0,0.0,0.0,0.0,0.0,0.0,0.0,0.0,0.0,0.0,0.0,0.0,0.0,0.0,0.0,0.0,0.0,0.0,0.0,2.004,2.004,-2.004,-0.0,0.0,0.0,0.0,0.0,0.0,6474.0,0.0,0.0,0.0,-0.0,-0.0,2.7184509175703625e+23,-0.0,0.0,2.004,2.004,226,0.0,2.7184276789962853e+23,0.0,0.0,0.0,0.0,0.0,0.0,0.0,0,0,0,-0.0,-0.003,0.0,-0.0,0.0,0.0,1.819524022153644e+34,-0.0,-3.8494234755482425e+35,-9.464209660520948e+35,-974228032.0,3.3992564816192576e+21,0.0,0.915,0.0,0.0,0,1.3516416376850534e+27,226,0.0,452,-74360974999552.0,-0.0,2112,52429,17109,52429,17111,52429,17095,0,0,0,101,100,100,-107615264.0,66.3,-0.0,66.7,2.7302343157793998e+23,66.5,1,49,50,180,39322,52429,0,0,0.0,0.0,0.0,60.0,-0.0,71.0,0.0,8364205.5,0.0,1069,0,1069,0,0,0,1069,0,1080,0,1000,0,667,0,668,0,664,0,682,0.032,1.4609821306377965e+22,-0.0,2.730234856211355e+23,43152,16814,-0.0,-0.0,5.184782814905631e+17,0.0,-3.4092912316585674e+27,0.0,50.0,60.0,35,0.0,0.0,10.0,2.0,0.0,0.0,0.0,0.0,0.0,0.0,0.0,0.0,0.0,0.0,0.0,0.0,58.8,55,11,65507,27,65476,0,300,0,0,8,20529,65476,0,0,30147,60.0,0.0,10.0,10.0,2.0,0.0
2026-02-16T12:53:14,ERR,ERR,ERR,ERR,ERR,ERR,ERR,ERR,ERR,ERR,ERR,ERR,ERR,ERR,ERR,ERR,ERR,ERR,ERR,ERR,ERR,ERR,ERR,ERR,ERR,ERR,ERR,ERR,ERR,ERR,ERR,ERR,ERR,ERR,ERR,ERR,ERR,ERR,ERR,ERR,ERR,ERR,ERR,ERR,ERR,ERR,ERR,ERR,ERR,ERR,ERR,ERR,ERR,ERR,ERR,ERR,ERR,ERR,ERR,ERR,ERR,ERR,ERR,ERR,ERR,ERR,ERR,ERR,ERR,ERR,ERR,ERR,ERR,ERR,ERR,ERR,ERR,ERR,ERR,ERR,ERR,ERR,ERR,ERR,ERR,ERR,ERR,ERR,ERR,ERR,ERR,ERR,ERR,ERR,ERR,ERR,ERR,ERR,ERR,ERR,ERR,ERR,ERR,ERR,ERR,ERR,ERR,ERR,ERR,ERR,ERR,ERR,ERR,ERR,ERR,ERR,ERR,ERR,ERR,ERR,ERR,ERR,ERR,ERR,ERR,0.0,-0.0,-107090032.0,0.0,-3.160207272547048e+29,-2.2506162460144157e+30,0.0,1.5369221011913654e+38,4300,0,8,17169,4300,0.0,41,0.0,0.0,0.0,0.0,-0.0,0,0,0,0,0.0,0,0,0,0,0,0,0,0,0,0,0,0,0,0,0,0,0,0,0,0,0,0,0,0,0,0,0,0,0,0,0,0,0,12,35,35,47,65476,388,65476,1,0,4,21553,0.0,-0.0,0.0,0.0,0.0,0.0,0.0,0.0,0.0,0.0,0.0,0.0,0.0,0.0,0.0,0.0,0.0,0.0,0.0,0.0,0.0,2.004,2.004,-2.004,-0.0,0.0,0.0,0.0,0.0,0.0,6474.0,0.0,0.0,0.0,-0.0,-0.0,2.7184509175703625e+23,-0.0,0.0,2.004,2.004,226,0.0,2.7184276789962853e+23,0.0,0.0,0.0,0.0,0.0,0.0,0.0,0,0,0,-0.0,-0.003,0.0,-0.0,0.0,0.0,1.819524022153644e+34,-0.0,-3.8494234755482425e+35,-9.464209660520948e+35,-974228032.0,3.3992564816192576e+21,0.0,0.915,0.0,0.0,0,1.3516416376850534e+27,226,0.0,452,-74360974999552.0,-0.0,2112,52429,17109,52429,17111,52429,17095,0,0,0,101,100,100,-107615264.0,66.3,-0.0,66.7,2.7302343157793998e+23,66.5,1,49,50,180,39322,52429,0,0,0.0,0.0,0.0,60.0,-0.0,71.0,0.0,8364205.5,0.0,1069,0,1069,0,0,0,1069,0,1080,0,1000,0,667,0,668,0,664,0,682,0.032,1.4609821306377965e+22,-0.0,2.730234856211355e+23,43152,16814,-0.0,-0.0,5.184782814905631e+17,0.0,-3.4092912316585674e+27,0.0,50.0,60.0,35,0.0,0.0,10.0,2.0,0.0,0.0,0.0,0.0,0.0,0.0,0.0,0.0,0.0,0.0,0.0,0.0,58.8,55,11,65507,27,65476,0,300,0,0,8,20529,65476,0,0,30147,60.0,0.0,10.0,10.0,2.0,0.0
2026-02-16T12:53:15,ERR,ERR,ERR,ERR,ERR,ERR,ERR,ERR,ERR,ERR,ERR,ERR,ERR,ERR,ERR,ERR,ERR,ERR,ERR,ERR,ERR,ERR,ERR,ERR,ERR,ERR,ERR,ERR,ERR,ERR,ERR,ERR,ERR,ERR,ERR,ERR,ERR,ERR,ERR,ERR,ERR,ERR,ERR,ERR,ERR,ERR,ERR,ERR,ERR,ERR,ERR,ERR,ERR,ERR,ERR,ERR,ERR,ERR,ERR,ERR,ERR,ERR,ERR,ERR,ERR,ERR,ERR,ERR,ERR,ERR,ERR,ERR,ERR,ERR,ERR,ERR,ERR,ERR,ERR,ERR,ERR,ERR,ERR,ERR,ERR,ERR,ERR,ERR,ERR,ERR,ERR,ERR,ERR,ERR,ERR,ERR,ERR,ERR,ERR,ERR,ERR,ERR,ERR,ERR,ERR,ERR,ERR,ERR,ERR,ERR,ERR,ERR,ERR,ERR,ERR,ERR,ERR,ERR,ERR,ERR,ERR,ERR,ERR,ERR,ERR,0.0,-0.0,2.7420187948523476e+23,0.0,-0.0,0.0,-0.0,-7080866157166592.0,4300,0,8,17169,4300,0.0,41,0.0,0.0,0.0,0.0,-0.0,0,0,0,0,0.0,0,0,0,0,0,0,0,0,0,0,0,0,0,0,0,0,0,0,0,0,0,0,0,0,0,0,0,0,0,0,0,0,0,12,35,35,47,65476,390,65476,1,0,4,21553,0.0,-0.0,0.0,0.0,0.0,0.0,0.0,0.0,0.0,0.0,0.0,0.0,0.0,0.0,0.0,0.0,0.0,0.0,0.0,0.0,0.0,2.004,2.004,-2.004,3.697074423243316e+19,-3.69707618246192e+19,0.0,0.0,0.0,0.0,6469.0,-0.0,0.0,0.0,-0.0,2.718450016850437e+23,107616272.0,0.0,0.0,2.004,2.004,226,-2.30882787541985e+20,-0.0,0.0,0.0,0.0,0.0,0.0,0.0,0.0,0,0,0,-0.0,0.0,0.0,-1.1541096808522868e+21,0.0,-0.0,-0.0,-1.3030174729878509e+21,96.137,-1.0139208252130476e+36,-1020365376.0,3.6021706664300627e+21,0.0,0.962,0.0,-2.61948286614744e+36,0,1.3516416376850534e+27,226,0.0,452,-74360974999552.0,0.0,2112,52429,17109,52429,17111,52429,17095,0,0,0,101,100,100,-107615264.0,66.3,-0.0,66.7,2.7302343157793998e+23,66.5,1,49,50,180,39322,52429,0,0,0.0,0.0,0.0,60.0,-0.0,71.0,0.0,8364205.5,0.0,1069,0,1069,0,0,0,1069,0,1080,0,1000,0,667,0,668,0,664,0,682,0.032,1.4609821306377965e+22,-0.0,2.730234856211355e+23,43152,16814,-0.0,-0.0,5.184782814905631e+17,0.0,-3.4092912316585674e+27,0.0,50.0,60.0,35,0.0,0.0,10.0,2.0,0.0,0.0,0.0,0.0,0.0,0.0,0.0,0.0,0.0,0.0,0.0,0.0,58.8,55,11,65508,27,65476,0,300,0,0,8,20529,65476,0,0,30147,60.0,0.0,10.0,10.0,2.0,0.0
2026-02-16T12:53:16,ERR,ERR,ERR,ERR,ERR,ERR,ERR,ERR,ERR,ERR,ERR,ERR,ERR,ERR,ERR,ERR,ERR,ERR,ERR,ERR,ERR,ERR,ERR,ERR,ERR,ERR,ERR,ERR,ERR,ERR,ERR,ERR,ERR,ERR,ERR,ERR,ERR,ERR,ERR,ERR,ERR,ERR,ERR,ERR,ERR,ERR,ERR,ERR,ERR,ERR,ERR,ERR,ERR,ERR,ERR,ERR,ERR,ERR,ERR,ERR,ERR,ERR,ERR,ERR,ERR,ERR,ERR,ERR,ERR,ERR,ERR,ERR,ERR,ERR,ERR,ERR,ERR,ERR,ERR,ERR,ERR,ERR,ERR,ERR,ERR,ERR,ERR,ERR,ERR,ERR,ERR,ERR,ERR,ERR,ERR,ERR,ERR,ERR,ERR,ERR,ERR,ERR,ERR,ERR,ERR,ERR,ERR,ERR,ERR,ERR,ERR,ERR,ERR,ERR,ERR,ERR,ERR,ERR,ERR,ERR,ERR,ERR,ERR,ERR,ERR,0.0,-0.0,2.7420187948523476e+23,0.0,-0.0,0.0,-0.0,-7080866157166592.0,4300,0,8,17169,4300,0.0,41,0.0,0.0,0.0,0.0,-0.0,0,0,0,0,0.0,0,0,0,0,0,0,0,0,0,0,0,0,0,0,0,0,0,0,0,0,0,0,0,0,0,0,0,0,0,0,0,0,0,12,35,35,47,65476,390,65476,1,0,4,21553,0.0,-0.0,0.0,0.0,0.0,0.0,0.0,0.0,0.0,0.0,0.0,0.0,0.0,0.0,0.0,0.0,0.0,0.0,0.0,0.0,0.0,2.004,2.004,-2.004,3.697074423243316e+19,-3.69707618246192e+19,0.0,0.0,0.0,0.0,6469.0,-0.0,0.0,0.0,-0.0,2.718450016850437e+23,107616272.0,0.0,0.0,2.004,2.004,226,-2.30882787541985e+20,-0.0,0.0,0.0,0.0,0.0,0.0,0.0,0.0,0,0,0,-0.0,0.0,0.0,-1.1541096808522868e+21,0.0,-0.0,-0.0,-1.3030174729878509e+21,96.137,-1.0139208252130476e+36,-1020365376.0,3.6021706664300627e+21,0.0,0.962,0.0,-2.61948286614744e+36,0,1.3516416376850534e+27,226,0.0,452,-74360974999552.0,0.0,2112,52429,17109,52429,17111,52429,17095,0,0,0,101,100,100,-107615264.0,66.3,-0.0,66.7,2.7302343157793998e+23,66.5,1,49,50,180,52429,52429,0,0,0.0,0.0,0.0,60.0,-0.0,71.0,0.0,-0.0,0.0,1069,0,1069,0,0,0,1069,0,1079,0,999,0,667,0,668,0,664,0,683,0.032,1.4609821306377965e+22,-0.0,2.730234856211355e+23,45968,16814,-0.0,-0.0,0.0,1.791961463742571e+29,-6.196,0.0,50.0,60.0,35,0.0,0.0,10.0,2.0,0.0,0.0,0.0,0.0,0.0,0.0,0.0,0.0,0.0,0.0,0.0,0.0,58.8,55,11,65508,27,65476,0,300,0,0,8,20529,65476,0,0,30147,60.0,0.0,10.0,10.0,2.0,0.0
2026-02-16T12:53:17,ERR,ERR,ERR,ERR,ERR,ERR,ERR,ERR,ERR,ERR,ERR,ERR,ERR,ERR,ERR,ERR,ERR,ERR,ERR,ERR,ERR,ERR,ERR,ERR,ERR,ERR,ERR,ERR,ERR,ERR,ERR,ERR,ERR,ERR,ERR,ERR,ERR,ERR,ERR,ERR,ERR,ERR,ERR,ERR,ERR,ERR,ERR,ERR,ERR,ERR,ERR,ERR,ERR,ERR,ERR,ERR,ERR,ERR,ERR,ERR,ERR,ERR,ERR,ERR,ERR,ERR,ERR,ERR,ERR,ERR,ERR,ERR,ERR,ERR,ERR,ERR,ERR,ERR,ERR,ERR,ERR,ERR,ERR,ERR,ERR,ERR,ERR,ERR,ERR,ERR,ERR,ERR,ERR,ERR,ERR,ERR,ERR,ERR,ERR,ERR,ERR,ERR,ERR,ERR,ERR,ERR,ERR,ERR,ERR,ERR,ERR,ERR,ERR,ERR,ERR,ERR,ERR,ERR,ERR,ERR,ERR,ERR,ERR,ERR,ERR,0.0,-0.0,2.7420187948523476e+23,0.0,-0.0,0.0,-0.0,-7080866157166592.0,4300,0,8,17169,4300,0.0,41,0.0,0.0,0.0,0.0,-0.0,0,0,0,0,0.0,0,0,0,0,0,0,0,0,0,0,0,0,0,0,0,0,0,0,0,0,0,0,0,0,0,0,0,0,0,0,0,0,0,12,35,35,47,65476,390,65476,1,0,4,21553,0.0,-0.0,0.0,0.0,0.0,0.0,0.0,0.0,0.0,0.0,0.0,0.0,0.0,0.0,0.0,0.0,0.0,0.0,0.0,0.0,0.0,2.004,2.004,-2.004,3.697074423243316e+19,-3.69707618246192e+19,0.0,0.0,0.0,0.0,6469.0,-0.0,0.0,0.0,-0.0,2.718450016850437e+23,107616272.0,0.0,0.0,2.004,2.004,226,-2.30882787541985e+20,-0.0,0.0,0.0,0.0,0.0,0.0,0.0,0.0,0,0,0,-0.0,0.0,0.0,-1.1541096808522868e+21,0.0,-0.0,-0.0,-1.3030174729878509e+21,96.137,-1.0139208252130476e+36,-1020365376.0,3.6021706664300627e+21,0.0,0.962,0.0,-2.61948286614744e+36,0,1.3516416376850534e+27,226,0.0,452,-74360974999552.0,0.0,2112,52429,17109,52429,17111,52429,17095,0,0,0,101,100,100,-107615264.0,66.3,-0.0,66.7,2.7302343157793998e+23,66.5,1,49,50,180,52429,52429,0,0,0.0,0.0,0.0,60.0,-0.0,71.0,0.0,-0.0,0.0,1069,0,1069,0,0,0,1069,0,1079,0,999,0,667,0,668,0,664,0,683,0.032,1.4609821306377965e+22,-0.0,2.730234856211355e+23,45968,16814,-0.0,-0.0,0.0,1.791961463742571e+29,-6.196,0.0,50.0,60.0,35,0.0,0.0,10.0,2.0,0.0,0.0,0.0,0.0,0.0,0.0,0.0,0.0,0.0,0.0,0.0,0.0,58.8,55,11,65508,27,65476,0,300,0,0,8,20529,65476,0,0,30147,60.0,0.0,10.0,10.0,2.0,0.0
2026-02-16T12:53:18,ERR,ERR,ERR,ERR,ERR,ERR,ERR,ERR,ERR,ERR,ERR,ERR,ERR,ERR,ERR,ERR,ERR,ERR,ERR,ERR,ERR,ERR,ERR,ERR,ERR,ERR,ERR,ERR,ERR,ERR,ERR,ERR,ERR,ERR,ERR,ERR,ERR,ERR,ERR,ERR,ERR,ERR,ERR,ERR,ERR,ERR,ERR,ERR,ERR,ERR,ERR,ERR,ERR,ERR,ERR,ERR,ERR,ERR,ERR,ERR,ERR,ERR,ERR,ERR,ERR,ERR,ERR,ERR,ERR,ERR,ERR,ERR,ERR,ERR,ERR,ERR,ERR,ERR,ERR,ERR,ERR,ERR,ERR,ERR,ERR,ERR,ERR,ERR,ERR,ERR,ERR,ERR,ERR,ERR,ERR,ERR,ERR,ERR,ERR,ERR,ERR,ERR,ERR,ERR,ERR,ERR,ERR,ERR,ERR,ERR,ERR,ERR,ERR,ERR,ERR,ERR,ERR,ERR,ERR,ERR,ERR,ERR,ERR,ERR,ERR,0.0,-0.0,2.7420187948523476e+23,0.0,-0.0,0.0,-0.0,-7080866157166592.0,4300,0,8,17169,4300,0.0,41,0.0,0.0,0.0,0.0,-0.0,0,0,0,0,0.0,0,0,0,0,0,0,0,0,0,0,0,0,0,0,0,0,0,0,0,0,0,0,0,0,0,0,0,0,0,0,0,0,0,12,35,35,47,65476,390,65476,1,0,4,21553,0.0,-0.0,0.0,0.0,0.0,0.0,0.0,0.0,0.0,0.0,0.0,0.0,0.0,0.0,0.0,0.0,0.0,0.0,0.0,0.0,0.0,2.004,2.004,-2.004,3.697074423243316e+19,-3.69707618246192e+19,0.0,0.0,0.0,0.0,6469.0,-0.0,0.0,0.0,-0.0,2.718450016850437e+23,107616272.0,0.0,0.0,2.004,2.004,226,-2.30882787541985e+20,-0.0,0.0,0.0,0.0,0.0,0.0,0.0,0.0,0,0,0,-0.0,0.0,0.0,-1.1541096808522868e+21,0.0,-0.0,-0.0,-1.3030174729878509e+21,96.137,-1.0139208252130476e+36,-1020365376.0,3.6021706664300627e+21,0.0,0.962,0.0,-2.61948286614744e+36,0,1.3516416376850534e+27,226,0.0,452,-74360974999552.0,0.0,2112,52429,17109,52429,17111,52429,17095,0,0,0,101,100,100,-107615264.0,66.3,-0.0,66.7,2.7302343157793998e+23,66.5,1,49,50,180,52429,52429,0,0,0.0,0.0,0.0,60.0,-0.0,71.0,0.0,-0.0,0.0,1069,0,1069,0,0,0,1069,0,1079,0,999,0,667,0,668,0,664,0,683,0.032,1.4609821306377965e+22,-0.0,2.730234856211355e+23,45968,16814,-0.0,-0.0,0.0,1.791961463742571e+29,-6.196,0.0,50.0,60.0,35,0.0,0.0,10.0,2.0,0.0,0.0,0.0,0.0,0.0,0.0,0.0,0.0,0.0,0.0,0.0,0.0,58.8,55,11,65508,27,65476,0,300,0,0,8,20529,65476,0,0,30147,60.0,0.0,10.0,10.0,2.0,0.0
2026-02-16T12:53:19,ERR,ERR,ERR,ERR,ERR,ERR,ERR,ERR,ERR,ERR,ERR,ERR,ERR,ERR,ERR,ERR,ERR,ERR,ERR,ERR,ERR,ERR,ERR,ERR,ERR,ERR,ERR,ERR,ERR,ERR,ERR,ERR,ERR,ERR,ERR,ERR,ERR,ERR,ERR,ERR,ERR,ERR,ERR,ERR,ERR,ERR,ERR,ERR,ERR,ERR,ERR,ERR,ERR,ERR,ERR,ERR,ERR,ERR,ERR,ERR,ERR,ERR,ERR,ERR,ERR,ERR,ERR,ERR,ERR,ERR,ERR,ERR,ERR,ERR,ERR,ERR,ERR,ERR,ERR,ERR,ERR,ERR,ERR,ERR,ERR,ERR,ERR,ERR,ERR,ERR,ERR,ERR,ERR,ERR,ERR,ERR,ERR,ERR,ERR,ERR,ERR,ERR,ERR,ERR,ERR,ERR,ERR,ERR,ERR,ERR,ERR,ERR,ERR,ERR,ERR,ERR,ERR,ERR,ERR,ERR,ERR,ERR,ERR,ERR,ERR,0.0,-0.0,2.7420187948523476e+23,0.0,-0.0,0.0,-0.0,-7080866157166592.0,4300,0,8,17169,4300,0.0,41,0.0,0.0,0.0,0.0,-0.0,0,0,0,0,0.0,0,0,0,0,0,0,0,0,0,0,0,0,0,0,0,0,0,0,0,0,0,0,0,0,0,0,0,0,0,0,0,0,0,12,35,35,47,65476,390,65476,1,0,4,21553,0.0,-0.0,0.0,0.0,0.0,0.0,0.0,0.0,0.0,0.0,0.0,0.0,0.0,0.0,0.0,0.0,0.0,0.0,0.0,0.0,0.0,2.004,2.004,-2.004,3.697074423243316e+19,-3.69707618246192e+19,0.0,0.0,0.0,0.0,6469.0,-0.0,0.0,0.0,-0.0,2.718450016850437e+23,107616272.0,0.0,0.0,2.004,2.004,226,-2.30882787541985e+20,-0.0,0.0,0.0,0.0,0.0,0.0,0.0,0.0,0,0,0,-0.0,0.0,0.0,-1.1541096808522868e+21,0.0,-0.0,-0.0,-1.3030174729878509e+21,96.137,-1.0139208252130476e+36,-1020365376.0,3.6021706664300627e+21,0.0,0.962,0.0,-2.61948286614744e+36,0,1.3516416376850534e+27,226,0.0,452,-74360974999552.0,0.0,2112,52429,17109,52429,17111,52429,17095,0,0,0,101,100,100,-107615264.0,66.3,-0.0,66.7,2.7302343157793998e+23,66.5,1,49,50,180,52429,52429,0,0,0.0,0.0,0.0,60.0,-0.0,71.0,0.0,-0.0,0.0,1069,0,1069,0,0,0,1069,0,1079,0,999,0,667,0,668,0,664,0,683,0.032,1.4609821306377965e+22,-0.0,2.730234856211355e+23,45968,16814,-0.0,-0.0,0.0,1.791961463742571e+29,-6.196,0.0,50.0,60.0,35,0.0,0.0,10.0,2.0,0.0,0.0,0.0,0.0,0.0,0.0,0.0,0.0,0.0,0.0,0.0,0.0,58.8,55,11,65508,27,65476,0,300,0,0,8,20529,65476,0,0,30147,60.0,0.0,10.0,10.0,2.0,0.0
2026-02-16T12:53:20,ERR,ERR,ERR,ERR,ERR,ERR,ERR,ERR,ERR,ERR,ERR,ERR,ERR,ERR,ERR,ERR,ERR,ERR,ERR,ERR,ERR,ERR,ERR,ERR,ERR,ERR,ERR,ERR,ERR,ERR,ERR,ERR,ERR,ERR,ERR,ERR,ERR,ERR,ERR,ERR,ERR,ERR,ERR,ERR,ERR,ERR,ERR,ERR,ERR,ERR,ERR,ERR,ERR,ERR,ERR,ERR,ERR,ERR,ERR,ERR,ERR,ERR,ERR,ERR,ERR,ERR,ERR,ERR,ERR,ERR,ERR,ERR,ERR,ERR,ERR,ERR,ERR,ERR,ERR,ERR,ERR,ERR,ERR,ERR,ERR,ERR,ERR,ERR,ERR,ERR,ERR,ERR,ERR,ERR,ERR,ERR,ERR,ERR,ERR,ERR,ERR,ERR,ERR,ERR,ERR,ERR,ERR,ERR,ERR,ERR,ERR,ERR,ERR,ERR,ERR,ERR,ERR,ERR,ERR,ERR,ERR,ERR,ERR,ERR,ERR,0.0,-0.0,0.0,0.0,0.0,0.0,1690.217,-0.0,4300,0,8,17169,4300,0.0,41,0.0,0.0,0.0,0.0,-0.0,0,0,0,0,0.0,0,0,0,0,0,0,0,0,0,0,0,0,0,0,0,0,0,0,0,0,0,0,0,0,0,0,0,0,0,0,0,0,0,12,35,35,47,65476,392,65476,1,0,4,21553,0.0,-0.0,0.0,0.0,0.0,0.0,0.0,0.0,0.0,0.0,0.0,0.0,0.0,0.0,0.0,0.0,0.0,0.0,0.0,0.0,0.0,2.004,2.004,-0.0,3.697074423243316e+19,-3.69707618246192e+19,0.0,0.0,0.0,0.0,6506.0,0.0,0.0,0.0,-0.0,2.718450016850437e+23,0.0,0.0,0.0,2.004,2.004,226,0.0,0.0,0.0,0.0,0.0,0.0,0.0,0.0,0.0,0,0,0,1.7398211540894322e+25,-13349263769600.0,0.0,1.389096236335662e+22,0.0,-0.0,-0.004,-0.0,0.0,-1.0710360906569307e+36,-1076040832.0,3.841978339388287e+21,0.0,1.002,0.0,292588290048.0,0,1.3516416376850534e+27,226,0.0,452,-74360974999552.0,0.0,2112,52429,17109,52429,17111,0,17096,0,0,0,101,100,100,-107615264.0,66.3,-0.0,66.7,2.7302343157793998e+23,66.5,1,49,50,180,52429,52429,0,0,0.0,0.0,0.0,60.0,-0.0,71.0,0.0,-4.636830746448521e+36,0.0,1069,0,1069,0,0,0,1069,0,1079,0,1000,0,667,0,668,0,664,0,683,0.032,1.4609821306377965e+22,-2.004,-0.0,48912,16814,-0.0,-4.636830746448521e+36,0.0,-0.0,-0.0,0.0,50.0,60.0,35,0.0,0.0,10.0,2.0,0.0,0.0,0.0,0.0,0.0,0.0,0.0,0.0,0.0,0.0,0.0,0.0,59.2,55,11,65508,27,65476,0,300,0,0,8,20529,65476,0,0,30147,60.0,0.0,10.0,10.0,2.0,0.0
2026-02-16T12:53:21,ERR,ERR,ERR,ERR,ERR,ERR,ERR,ERR,ERR,ERR,ERR,ERR,ERR,ERR,ERR,ERR,ERR,ERR,ERR,ERR,ERR,ERR,ERR,ERR,ERR,ERR,ERR,ERR,ERR,ERR,ERR,ERR,ERR,ERR,ERR,ERR,ERR,ERR,ERR,ERR,ERR,ERR,ERR,ERR,ERR,ERR,ERR,ERR,ERR,ERR,ERR,ERR,ERR,ERR,ERR,ERR,ERR,ERR,ERR,ERR,ERR,ERR,ERR,ERR,ERR,ERR,ERR,ERR,ERR,ERR,ERR,ERR,ERR,ERR,ERR,ERR,ERR,ERR,ERR,ERR,ERR,ERR,ERR,ERR,ERR,ERR,ERR,ERR,ERR,ERR,ERR,ERR,ERR,ERR,ERR,ERR,ERR,ERR,ERR,ERR,ERR,ERR,ERR,ERR,ERR,ERR,ERR,ERR,ERR,ERR,ERR,ERR,ERR,ERR,ERR,ERR,ERR,ERR,ERR,ERR,ERR,ERR,ERR,ERR,ERR,0.0,-0.0,0.0,0.0,0.0,0.0,1690.217,-0.0,4300,0,8,17169,4300,0.0,41,0.0,0.0,0.0,0.0,-0.0,0,0,0,0,0.0,0,0,0,0,0,0,0,0,0,0,0,0,0,0,0,0,0,0,0,0,0,0,0,0,0,0,0,0,0,0,0,0,0,12,35,35,47,65476,392,65476,1,0,4,21553,0.0,-0.0,0.0,0.0,0.0,0.0,0.0,0.0,0.0,0.0,0.0,0.0,0.0,0.0,0.0,0.0,0.0,0.0,0.0,0.0,0.0,2.004,2.004,-0.0,3.697074423243316e+19,-3.69707618246192e+19,0.0,0.0,0.0,0.0,6506.0,0.0,0.0,0.0,-0.0,2.718450016850437e+23,0.0,0.0,0.0,2.004,2.004,226,0.0,0.0,0.0,0.0,0.0,0.0,0.0,0.0,0.0,0,0,0,1.7398211540894322e+25,-13349263769600.0,0.0,1.389096236335662e+22,0.0,-0.0,-0.004,-0.0,0.0,-1.0710360906569307e+36,-1076040832.0,3.841978339388287e+21,0.0,1.002,0.0,292588290048.0,0,1.3516416376850534e+27,226,0.0,452,-74360974999552.0,0.0,2112,52429,17109,52429,17111,0,17096,0,0,0,101,100,100,-107615264.0,66.3,-0.0,66.7,2.7302343157793998e+23,66.5,1,49,50,180,52429,52429,0,0,0.0,0.0,0.0,60.0,-0.0,71.0,0.0,-4.636830746448521e+36,0.0,1069,0,1069,0,0,0,1069,0,1079,0,1000,0,667,0,668,0,664,0,683,0.032,1.4609821306377965e+22,-2.004,-0.0,48912,16814,-0.0,-4.636830746448521e+36,0.0,-0.0,-0.0,0.0,50.0,60.0,35,0.0,0.0,10.0,2.0,0.0,0.0,0.0,0.0,0.0,0.0,0.0,0.0,0.0,0.0,0.0,0.0,58.8,55,11,65508,27,65476,0,300,0,0,8,20529,65476,0,0,30147,60.0,0.0,10.0,10.0,2.0,0.0
2026-02-16T12:53:22,ERR,ERR,ERR,ERR,ERR,ERR,ERR,ERR,ERR,ERR,ERR,ERR,ERR,ERR,ERR,ERR,ERR,ERR,ERR,ERR,ERR,ERR,ERR,ERR,ERR,ERR,ERR,ERR,ERR,ERR,ERR,ERR,ERR,ERR,ERR,ERR,ERR,ERR,ERR,ERR,ERR,ERR,ERR,ERR,ERR,ERR,ERR,ERR,ERR,ERR,ERR,ERR,ERR,ERR,ERR,ERR,ERR,ERR,ERR,ERR,ERR,ERR,ERR,ERR,ERR,ERR,ERR,ERR,ERR,ERR,ERR,ERR,ERR,ERR,ERR,ERR,ERR,ERR,ERR,ERR,ERR,ERR,ERR,ERR,ERR,ERR,ERR,ERR,ERR,ERR,ERR,ERR,ERR,ERR,ERR,ERR,ERR,ERR,ERR,ERR,ERR,ERR,ERR,ERR,ERR,ERR,ERR,ERR,ERR,ERR,ERR,ERR,ERR,ERR,ERR,ERR,ERR,ERR,ERR,ERR,ERR,ERR,ERR,ERR,ERR,0.0,-0.0,0.0,0.0,0.0,0.0,1690.217,-0.0,4300,0,8,17169,4300,0.0,41,0.0,0.0,0.0,0.0,-0.0,0,0,0,0,0.0,0,0,0,0,0,0,0,0,0,0,0,0,0,0,0,0,0,0,0,0,0,0,0,0,0,0,0,0,0,0,0,0,0,12,35,35,47,65476,392,65476,1,0,4,21553,0.0,-0.0,0.0,0.0,0.0,0.0,0.0,0.0,0.0,0.0,0.0,0.0,0.0,0.0,0.0,0.0,0.0,0.0,0.0,0.0,0.0,2.004,2.004,-0.0,3.697074423243316e+19,-3.69707618246192e+19,0.0,0.0,0.0,0.0,6506.0,0.0,0.0,0.0,-0.0,2.718450016850437e+23,0.0,0.0,0.0,2.004,2.004,226,0.0,0.0,0.0,0.0,0.0,0.0,0.0,0.0,0.0,0,0,0,1.7398211540894322e+25,-13349263769600.0,0.0,1.389096236335662e+22,0.0,-0.0,-0.004,-0.0,0.0,-1.0710360906569307e+36,-1076040832.0,3.841978339388287e+21,0.0,1.002,0.0,292588290048.0,0,1.3516416376850534e+27,226,0.0,452,-74360974999552.0,0.0,2112,52429,17109,52429,17111,0,17096,0,0,0,101,100,100,-107615264.0,66.3,-0.0,66.7,2.7302343157793998e+23,66.5,1,49,50,180,52429,52429,0,0,0.0,0.0,0.0,60.0,-0.0,71.0,0.0,-4.636830746448521e+36,0.0,1069,0,1069,0,0,0,1069,0,1079,0,1000,0,667,0,668,0,664,0,683,0.032,1.4609821306377965e+22,-2.004,-0.0,48912,16814,-0.0,-4.636830746448521e+36,0.0,-0.0,-0.0,0.0,50.0,60.0,35,0.0,0.0,10.0,2.0,0.0,0.0,0.0,0.0,0.0,0.0,0.0,0.0,0.0,0.0,0.0,0.0,58.8,55,11,65508,27,65476,0,300,0,0,8,20529,65476,0,0,30147,60.0,0.0,10.0,10.0,2.0,0.0
2026-02-16T12:53:23,ERR,ERR,ERR,ERR,ERR,ERR,ERR,ERR,ERR,ERR,ERR,ERR,ERR,ERR,ERR,ERR,ERR,ERR,ERR,ERR,ERR,ERR,ERR,ERR,ERR,ERR,ERR,ERR,ERR,ERR,ERR,ERR,ERR,ERR,ERR,ERR,ERR,ERR,ERR,ERR,ERR,ERR,ERR,ERR,ERR,ERR,ERR,ERR,ERR,ERR,ERR,ERR,ERR,ERR,ERR,ERR,ERR,ERR,ERR,ERR,ERR,ERR,ERR,ERR,ERR,ERR,ERR,ERR,ERR,ERR,ERR,ERR,ERR,ERR,ERR,ERR,ERR,ERR,ERR,ERR,ERR,ERR,ERR,ERR,ERR,ERR,ERR,ERR,ERR,ERR,ERR,ERR,ERR,ERR,ERR,ERR,ERR,ERR,ERR,ERR,ERR,ERR,ERR,ERR,ERR,ERR,ERR,ERR,ERR,ERR,ERR,ERR,ERR,ERR,ERR,ERR,ERR,ERR,ERR,ERR,ERR,ERR,ERR,ERR,ERR,0.0,-0.0,0.0,0.0,0.0,0.0,1690.217,-0.0,4300,0,8,17169,4300,0.0,41,0.0,0.0,0.0,0.0,-0.0,0,0,0,0,0.0,0,0,0,0,0,0,0,0,0,0,0,0,0,0,0,0,0,0,0,0,0,0,0,0,0,0,0,0,0,0,0,0,0,12,35,35,47,65476,392,65476,1,0,4,21553,0.0,-0.0,0.0,0.0,0.0,0.0,0.0,0.0,0.0,0.0,0.0,0.0,0.0,0.0,0.0,0.0,0.0,0.0,0.0,0.0,0.0,2.004,2.004,-0.0,3.697074423243316e+19,-3.69707618246192e+19,0.0,0.0,0.0,0.0,6506.0,0.0,0.0,0.0,-0.0,2.718450016850437e+23,0.0,0.0,0.0,2.004,2.004,226,0.0,0.0,0.0,0.0,0.0,0.0,0.0,0.0,0.0,0,0,0,1.7398211540894322e+25,-13349263769600.0,0.0,1.389096236335662e+22,0.0,-0.0,-0.004,-0.0,0.0,-1.0710360906569307e+36,-1076040832.0,3.841978339388287e+21,0.0,1.002,0.0,292588290048.0,0,1.3516416376850534e+27,226,0.0,452,-74360974999552.0,0.0,2112,52429,17109,0,17112,0,17096,0,0,0,101,100,100,-107615264.0,66.3,-0.0,66.7,2.7302343157793998e+23,66.5,1,49,50,180,52429,52429,0,0,0.0,0.0,0.0,60.0,-0.0,71.0,0.0,-0.0,0.0,1069,0,1069,0,0,0,1069,0,1079,0,999,0,667,0,669,0,664,0,683,0.032,1.4536034330083127e+22,-2.004,-0.0,57744,16814,-0.0,-4.0417715961050456e+37,0.0,1.2705517269615787e+21,-28192.797,0.0,50.0,60.0,35,0.0,0.0,10.0,2.0,0.0,0.0,0.0,0.0,0.0,0.0,0.0,0.0,0.0,0.0,0.0,0.0,58.8,55,11,65508,27,65476,0,300,0,0,8,20529,65476,0,0,30147,60.0,0.0,10.0,10.0,2.0,0.0
2026-02-16T12:53:24,ERR,ERR,ERR,ERR,ERR,ERR,ERR,ERR,ERR,ERR,ERR,ERR,ERR,ERR,ERR,ERR,ERR,ERR,ERR,ERR,ERR,ERR,ERR,ERR,ERR,ERR,ERR,ERR,ERR,ERR,ERR,ERR,ERR,ERR,ERR,ERR,ERR,ERR,ERR,ERR,ERR,ERR,ERR,ERR,ERR,ERR,ERR,ERR,ERR,ERR,ERR,ERR,ERR,ERR,ERR,ERR,ERR,ERR,ERR,ERR,ERR,ERR,ERR,ERR,ERR,ERR,ERR,ERR,ERR,ERR,ERR,ERR,ERR,ERR,ERR,ERR,ERR,ERR,ERR,ERR,ERR,ERR,ERR,ERR,ERR,ERR,ERR,ERR,ERR,ERR,ERR,ERR,ERR,ERR,ERR,ERR,ERR,ERR,ERR,ERR,ERR,ERR,ERR,ERR,ERR,ERR,ERR,ERR,ERR,ERR,ERR,ERR,ERR,ERR,ERR,ERR,ERR,ERR,ERR,ERR,ERR,ERR,ERR,ERR,ERR,0.0,-0.0,0.0,0.0,0.0,29.782,-0.0,11768232411136.0,4300,0,8,17169,4300,0.0,41,0.0,0.0,0.0,0.0,-0.0,0,0,0,0,0.0,0,0,0,0,0,0,0,0,0,0,0,0,0,0,0,0,0,0,0,0,0,0,0,0,0,0,0,0,0,0,0,0,0,12,35,35,47,65476,394,65476,1,0,4,21553,0.0,0.0,0.0,0.0,0.0,0.0,0.0,0.0,0.0,0.0,0.0,0.0,0.0,0.0,0.0,0.0,0.0,0.0,0.0,0.0,0.0,2.004,2.004,-0.0,3.697074423243316e+19,-0.0,0.0,0.0,0.0,0.0,6502.0,-0.0,0.0,0.0,-0.0,2.718450016850437e+23,0.0,0.0,0.0,2.004,2.004,225,-107614776.0,0.059,0.0,0.0,0.0,0.0,0.0,0.0,0.0,0,0,0,3.044985730820343e+37,1.2939841024149553e+25,0.0,0.0,0.0,-3510758656.0,-842988912640.0,7.452779753683838e+24,0.0,-1.1385359498178834e+36,-1185092736.0,4.0633392682728014e+21,0.0,1.088,0.0,9.918811336954574e+28,0,1.3516416376850534e+27,224,0.0,448,-74360974999552.0,0.0,2112,52429,17109,0,17112,0,17096,0,0,0,101,100,100,-107615264.0,66.3,-0.0,66.7,2.7302343157793998e+23,66.5,1,49,50,180,52429,52429,0,0,0.0,0.0,0.0,60.0,-0.0,71.0,0.0,-0.0,0.0,1069,0,1069,0,0,0,1069,0,1079,0,999,0,667,0,669,0,664,0,683,0.032,1.4536034330083127e+22,-2.004,-0.0,57744,16814,-0.0,-4.0417715961050456e+37,0.0,1.2705517269615787e+21,-28192.797,0.0,50.0,60.0,35,0.0,0.0,10.0,2.0,0.0,0.0,0.0,0.0,0.0,0.0,0.0,0.0,0.0,0.0,0.0,0.0,58.8,55,11,65508,27,65476,0,300,0,0,8,20529,65476,0,0,30147,60.0,0.0,10.0,10.0,2.0,0.0
2026-02-16T12:53:25,ERR,ERR,ERR,ERR,ERR,ERR,ERR,ERR,ERR,ERR,ERR,ERR,ERR,ERR,ERR,ERR,ERR,ERR,ERR,ERR,ERR,ERR,ERR,ERR,ERR,ERR,ERR,ERR,ERR,ERR,ERR,ERR,ERR,ERR,ERR,ERR,ERR,ERR,ERR,ERR,ERR,ERR,ERR,ERR,ERR,ERR,ERR,ERR,ERR,ERR,ERR,ERR,ERR,ERR,ERR,ERR,ERR,ERR,ERR,ERR,ERR,ERR,ERR,ERR,ERR,ERR,ERR,ERR,ERR,ERR,ERR,ERR,ERR,ERR,ERR,ERR,ERR,ERR,ERR,ERR,ERR,ERR,ERR,ERR,ERR,ERR,ERR,ERR,ERR,ERR,ERR,ERR,ERR,ERR,ERR,ERR,ERR,ERR,ERR,ERR,ERR,ERR,ERR,ERR,ERR,ERR,ERR,ERR,ERR,ERR,ERR,ERR,ERR,ERR,ERR,ERR,ERR,ERR,ERR,ERR,ERR,ERR,ERR,ERR,ERR,0.0,-0.0,0.0,0.0,0.0,29.782,-0.0,11768232411136.0,4300,0,8,17169,4300,0.0,41,0.0,0.0,0.0,0.0,-0.0,0,0,0,0,0.0,0,0,0,0,0,0,0,0,0,0,0,0,0,0,0,0,0,0,0,0,0,0,0,0,0,0,0,0,0,0,0,0,0,12,35,35,47,65476,394,65476,1,0,4,21553,0.0,0.0,0.0,0.0,0.0,0.0,0.0,0.0,0.0,0.0,0.0,0.0,0.0,0.0,0.0,0.0,0.0,0.0,0.0,0.0,0.0,2.004,2.004,-0.0,3.697074423243316e+19,-0.0,0.0,0.0,0.0,0.0,6502.0,-0.0,0.0,0.0,-0.0,2.718450016850437e+23,0.0,0.0,0.0,2.004,2.004,225,-107614776.0,0.059,0.0,0.0,0.0,0.0,0.0,0.0,0.0,0,0,0,3.044985730820343e+37,1.2939841024149553e+25,0.0,0.0,0.0,-3510758656.0,-842988912640.0,7.452779753683838e+24,0.0,-1.1385359498178834e+36,-1185092736.0,4.0633392682728014e+21,0.0,1.088,0.0,9.918811336954574e+28,0,1.3516416376850534e+27,224,0.0,448,-74360974999552.0,0.0,2112,52429,17109,0,17112,0,17096,0,0,0,101,100,100,-107615264.0,66.3,-0.0,66.7,2.7302343157793998e+23,66.5,1,49,50,180,52429,52429,0,0,0.0,0.0,0.0,60.0,-0.0,71.0,0.0,-0.0,0.0,1069,0,1069,0,0,0,1069,0,1079,0,999,0,667,0,669,0,664,0,683,0.032,1.4536034330083127e+22,-2.004,-0.0,57744,16814,-0.0,-4.0417715961050456e+37,0.0,1.2705517269615787e+21,-28192.797,0.0,50.0,60.0,35,0.0,0.0,10.0,2.0,0.0,0.0,0.0,0.0,0.0,0.0,0.0,0.0,0.0,0.0,0.0,0.0,58.8,55,11,65508,27,65476,0,300,0,0,8,20529,65476,0,0,30147,60.0,0.0,10.0,10.0,2.0,0.0
2026-02-16T12:53:26,ERR,ERR,ERR,ERR,ERR,ERR,ERR,ERR,ERR,ERR,ERR,ERR,ERR,ERR,ERR,ERR,ERR,ERR,ERR,ERR,ERR,ERR,ERR,ERR,ERR,ERR,ERR,ERR,ERR,ERR,ERR,ERR,ERR,ERR,ERR,ERR,ERR,ERR,ERR,ERR,ERR,ERR,ERR,ERR,ERR,ERR,ERR,ERR,ERR,ERR,ERR,ERR,ERR,ERR,ERR,ERR,ERR,ERR,ERR,ERR,ERR,ERR,ERR,ERR,ERR,ERR,ERR,ERR,ERR,ERR,ERR,ERR,ERR,ERR,ERR,ERR,ERR,ERR,ERR,ERR,ERR,ERR,ERR,ERR,ERR,ERR,ERR,ERR,ERR,ERR,ERR,ERR,ERR,ERR,ERR,ERR,ERR,ERR,ERR,ERR,ERR,ERR,ERR,ERR,ERR,ERR,ERR,ERR,ERR,ERR,ERR,ERR,ERR,ERR,ERR,ERR,ERR,ERR,ERR,ERR,ERR,ERR,ERR,ERR,ERR,0.0,-0.0,0.0,0.0,0.0,29.782,-0.0,11768232411136.0,4300,0,8,17169,4300,0.0,41,0.0,0.0,0.0,0.0,-0.0,0,0,0,0,0.0,0,0,0,0,0,0,0,0,0,0,0,0,0,0,0,0,0,0,0,0,0,0,0,0,0,0,0,0,0,0,0,0,0,12,35,35,47,65476,394,65476,1,0,4,21553,0.0,0.0,0.0,0.0,0.0,0.0,0.0,0.0,0.0,0.0,0.0,0.0,0.0,0.0,0.0,0.0,0.0,0.0,0.0,0.0,0.0,2.004,2.004,-0.0,3.697074423243316e+19,-0.0,0.0,0.0,0.0,0.0,6502.0,-0.0,0.0,0.0,-0.0,2.718450016850437e+23,0.0,0.0,0.0,2.004,2.004,225,-107614776.0,0.059,0.0,0.0,0.0,0.0,0.0,0.0,0.0,0,0,0,3.044985730820343e+37,1.2939841024149553e+25,0.0,0.0,0.0,-3510758656.0,-842988912640.0,7.452779753683838e+24,0.0,-1.1385359498178834e+36,-1185092736.0,4.0633392682728014e+21,0.0,1.088,0.0,9.918811336954574e+28,0,1.3516416376850534e+27,224,0.0,448,-74360974999552.0,0.0,2112,52429,17109,52429,17111,0,17096,0,0,0,101,100,100,-107615264.0,66.3,-0.0,66.7,2.7302343157793998e+23,66.5,1,49,50,180,52429,52429,0,0,0.0,0.0,0.0,60.0,-0.0,71.0,0.0,-2289308270592.0,0.0,1069,0,1069,0,0,0,1069,0,1079,0,999,0,667,0,669,0,664,0,683,0.032,1.4609821306377965e+22,-2.004,-0.0,61328,16814,-0.0,-2289308270592.0,0.0,-1591767680.0,-0.0,-6.350641468477648e+29,50.0,60.0,35,0.0,0.0,10.0,2.0,0.0,0.0,0.0,0.0,0.0,0.0,0.0,0.0,0.0,0.0,0.0,0.0,58.8,55,11,65508,27,65476,0,300,0,0,8,20529,65476,0,0,30147,60.0,0.0,10.0,10.0,2.0,0.0
2026-02-16T12:53:27,ERR,ERR,ERR,ERR,ERR,ERR,ERR,ERR,ERR,ERR,ERR,ERR,ERR,ERR,ERR,ERR,ERR,ERR,ERR,ERR,ERR,ERR,ERR,ERR,ERR,ERR,ERR,ERR,ERR,ERR,ERR,ERR,ERR,ERR,ERR,ERR,ERR,ERR,ERR,ERR,ERR,ERR,ERR,ERR,ERR,ERR,ERR,ERR,ERR,ERR,ERR,ERR,ERR,ERR,ERR,ERR,ERR,ERR,ERR,ERR,ERR,ERR,ERR,ERR,ERR,ERR,ERR,ERR,ERR,ERR,ERR,ERR,ERR,ERR,ERR,ERR,ERR,ERR,ERR,ERR,ERR,ERR,ERR,ERR,ERR,ERR,ERR,ERR,ERR,ERR,ERR,ERR,ERR,ERR,ERR,ERR,ERR,ERR,ERR,ERR,ERR,ERR,ERR,ERR,ERR,ERR,ERR,ERR,ERR,ERR,ERR,ERR,ERR,ERR,ERR,ERR,ERR,ERR,ERR,ERR,ERR,ERR,ERR,ERR,ERR,0.0,-0.0,0.0,0.0,0.0,29.782,-0.0,11768232411136.0,4300,0,8,17169,4300,0.0,41,0.0,0.0,0.0,0.0,-0.0,0,0,0,0,0.0,0,0,0,0,0,0,0,0,0,0,0,0,0,0,0,0,0,0,0,0,0,0,0,0,0,0,0,0,0,0,0,0,0,12,35,35,47,65476,394,65476,1,0,4,21553,0.0,0.0,0.0,0.0,0.0,0.0,0.0,0.0,0.0,0.0,0.0,0.0,0.0,0.0,0.0,0.0,0.0,0.0,0.0,0.0,0.0,2.004,2.004,-0.0,3.697074423243316e+19,-0.0,0.0,0.0,0.0,0.0,6502.0,-0.0,0.0,0.0,-0.0,2.718450016850437e+23,0.0,0.0,0.0,2.004,2.004,225,-107614776.0,0.059,0.0,0.0,0.0,0.0,0.0,0.0,0.0,0,0,0,3.044985730820343e+37,1.2939841024149553e+25,0.0,0.0,0.0,-3510758656.0,-842988912640.0,7.452779753683838e+24,0.0,-1.1385359498178834e+36,-1185092736.0,4.0633392682728014e+21,0.0,1.088,0.0,9.918811336954574e+28,0,1.3516416376850534e+27,224,0.0,448,-74360974999552.0,0.0,2112,52429,17109,52429,17111,0,17096,0,0,0,101,100,100,-107615264.0,66.3,-0.0,66.7,2.7302343157793998e+23,66.5,1,49,50,180,52429,52429,0,0,0.0,0.0,0.0,60.0,-0.0,71.0,0.0,-2289308270592.0,0.0,1069,0,1069,0,0,0,1069,0,1079,0,999,0,667,0,669,0,664,0,683,0.032,1.4609821306377965e+22,-2.004,-0.0,61328,16814,-0.0,-2289308270592.0,0.0,-1591767680.0,-0.0,-6.350641468477648e+29,50.0,60.0,35,0.0,0.0,10.0,2.0,0.0,0.0,0.0,0.0,0.0,0.0,0.0,0.0,0.0,0.0,0.0,0.0,58.8,55,11,65508,27,65476,0,300,0,0,8,20529,65476,0,0,30147,60.0,0.0,10.0,10.0,2.0,0.0
2026-02-16T12:53:28,ERR,ERR,ERR,ERR,ERR,ERR,ERR,ERR,ERR,ERR,ERR,ERR,ERR,ERR,ERR,ERR,ERR,ERR,ERR,ERR,ERR,ERR,ERR,ERR,ERR,ERR,ERR,ERR,ERR,ERR,ERR,ERR,ERR,ERR,ERR,ERR,ERR,ERR,ERR,ERR,ERR,ERR,ERR,ERR,ERR,ERR,ERR,ERR,ERR,ERR,ERR,ERR,ERR,ERR,ERR,ERR,ERR,ERR,ERR,ERR,ERR,ERR,ERR,ERR,ERR,ERR,ERR,ERR,ERR,ERR,ERR,ERR,ERR,ERR,ERR,ERR,ERR,ERR,ERR,ERR,ERR,ERR,ERR,ERR,ERR,ERR,ERR,ERR,ERR,ERR,ERR,ERR,ERR,ERR,ERR,ERR,ERR,ERR,ERR,ERR,ERR,ERR,ERR,ERR,ERR,ERR,ERR,ERR,ERR,ERR,ERR,ERR,ERR,ERR,ERR,ERR,ERR,ERR,ERR,ERR,ERR,ERR,ERR,ERR,ERR,0.0,-0.0,0.0,0.0,0.0,29.782,-0.0,11768232411136.0,4300,0,8,17169,4300,0.0,41,0.0,0.0,0.0,0.0,-0.0,0,0,0,0,0.0,0,0,0,0,0,0,0,0,0,0,0,0,0,0,0,0,0,0,0,0,0,0,0,0,0,0,0,0,0,0,0,0,0,12,35,35,47,65476,394,65476,1,0,4,21553,0.0,0.0,0.0,0.0,0.0,0.0,0.0,0.0,0.0,0.0,0.0,0.0,0.0,0.0,0.0,0.0,0.0,0.0,0.0,0.0,0.0,2.004,2.004,-0.0,3.697074423243316e+19,-0.0,0.0,0.0,0.0,0.0,6502.0,-0.0,0.0,0.0,-0.0,2.718450016850437e+23,0.0,0.0,0.0,2.004,2.004,225,-107614776.0,0.059,0.0,0.0,0.0,0.0,0.0,0.0,0.0,0,0,0,3.044985730820343e+37,1.2939841024149553e+25,0.0,0.0,0.0,-3510758656.0,-842988912640.0,7.452779753683838e+24,0.0,-1.1385359498178834e+36,-1185092736.0,4.0633392682728014e+21,0.0,1.088,0.0,9.918811336954574e+28,0,1.3516416376850534e+27,224,0.0,448,-74360974999552.0,0.0,2112,52429,17109,52429,17111,0,17096,0,0,0,101,100,100,-107615264.0,66.3,-0.0,66.7,2.7302343157793998e+23,66.5,1,49,50,180,52429,52429,0,0,0.0,0.0,0.0,60.0,-0.0,71.0,0.0,-2289308270592.0,0.0,1069,0,1069,0,0,0,1069,0,1079,0,999,0,667,0,669,0,664,0,683,0.032,1.4609821306377965e+22,-2.004,-0.0,61328,16814,-0.0,-2289308270592.0,0.0,-1591767680.0,-0.0,-6.350641468477648e+29,50.0,60.0,35,0.0,0.0,10.0,2.0,0.0,0.0,0.0,0.0,0.0,0.0,0.0,0.0,0.0,0.0,0.0,0.0,58.8,55,11,65508,27,65476,0,300,0,0,8,20529,65476,0,0,30147,60.0,0.0,10.0,10.0,2.0,0.0
2026-02-16T12:53:29,ERR,ERR,ERR,ERR,ERR,ERR,ERR,ERR,ERR,ERR,ERR,ERR,ERR,ERR,ERR,ERR,ERR,ERR,ERR,ERR,ERR,ERR,ERR,ERR,ERR,ERR,ERR,ERR,ERR,ERR,ERR,ERR,ERR,ERR,ERR,ERR,ERR,ERR,ERR,ERR,ERR,ERR,ERR,ERR,ERR,ERR,ERR,ERR,ERR,ERR,ERR,ERR,ERR,ERR,ERR,ERR,ERR,ERR,ERR,ERR,ERR,ERR,ERR,ERR,ERR,ERR,ERR,ERR,ERR,ERR,ERR,ERR,ERR,ERR,ERR,ERR,ERR,ERR,ERR,ERR,ERR,ERR,ERR,ERR,ERR,ERR,ERR,ERR,ERR,ERR,ERR,ERR,ERR,ERR,ERR,ERR,ERR,ERR,ERR,ERR,ERR,ERR,ERR,ERR,ERR,ERR,ERR,ERR,ERR,ERR,ERR,ERR,ERR,ERR,ERR,ERR,ERR,ERR,ERR,ERR,ERR,ERR,ERR,ERR,ERR,0.0,-0.0,0.0,0.0,0.0,2.0956457457311027e+37,0.0,0.0,4300,0,8,17169,4300,0.0,41,0.0,0.0,0.0,0.0,-0.0,0,0,0,0,0.0,0,0,0,0,0,0,0,0,0,0,0,0,0,0,0,0,0,0,0,0,0,0,0,0,0,0,0,0,0,0,0,0,0,12,35,35,47,65476,394,65476,1,0,4,21553,0.0,-0.0,0.0,0.0,0.0,0.0,0.0,0.0,0.0,0.0,0.0,0.0,0.0,0.0,0.0,0.0,0.0,0.0,0.0,0.0,0.0,2.004,2.004,-0.0,3.697074423243316e+19,-2.004,0.0,0.0,0.0,0.0,6498.0,-131351.172,0.0,0.0,-0.0,2.718450016850437e+23,107616272.0,0.0,0.0,2.004,2.004,224,-71.629,3.222024165466893e+26,0.0,0.0,0.0,0.0,0.0,0.0,0.0,0,0,0,1.194678553272607e+30,0.0,0.0,6.470466134482675e+27,0.0,3.902032928440348e+23,0.0,5.125940800877756e+18,42.069,-1.2008435121203014e+36,-1285756032.0,4.3031469412310256e+21,0.0,1.182,0.0,-0.0,0,1.3516416376850534e+27,226,0.0,452,-0.0,0.0,2112,52429,17109,52429,17111,0,17096,0,0,0,101,100,100,-107615264.0,66.3,-0.0,66.7,2.7302343157793998e+23,66.5,1,49,50,180,52429,52429,0,0,0.0,0.0,0.0,60.0,-0.0,71.0,0.0,-2289308270592.0,0.0,1069,0,1069,0,0,0,1069,0,1079,0,999,0,667,0,669,0,664,0,683,0.032,1.4609821306377965e+22,-2.004,-0.0,61328,16814,-0.0,-2289308270592.0,0.0,-1591767680.0,-0.0,-6.350641468477648e+29,50.0,60.0,35,0.0,0.0,10.0,2.0,0.0,0.0,0.0,0.0,0.0,0.0,0.0,0.0,0.0,0.0,0.0,0.0,58.8,54,11,65508,27,65476,0,300,0,0,8,20529,65476,0,0,30147,60.0,0.0,10.0,10.0,2.0,0.0
2026-02-16T12:53:30,ERR,ERR,ERR,ERR,ERR,ERR,ERR,ERR,ERR,ERR,ERR,ERR,ERR,ERR,ERR,ERR,ERR,ERR,ERR,ERR,ERR,ERR,ERR,ERR,ERR,ERR,ERR,ERR,ERR,ERR,ERR,ERR,ERR,ERR,ERR,ERR,ERR,ERR,ERR,ERR,ERR,ERR,ERR,ERR,ERR,ERR,ERR,ERR,ERR,ERR,ERR,ERR,ERR,ERR,ERR,ERR,ERR,ERR,ERR,ERR,ERR,ERR,ERR,ERR,ERR,ERR,ERR,ERR,ERR,ERR,ERR,ERR,ERR,ERR,ERR,ERR,ERR,ERR,ERR,ERR,ERR,ERR,ERR,ERR,ERR,ERR,ERR,ERR,ERR,ERR,ERR,ERR,ERR,ERR,ERR,ERR,ERR,ERR,ERR,ERR,ERR,ERR,ERR,ERR,ERR,ERR,ERR,ERR,ERR,ERR,ERR,ERR,ERR,ERR,ERR,ERR,ERR,ERR,ERR,ERR,ERR,ERR,ERR,ERR,ERR,0.0,-0.0,0.0,0.0,0.0,2.0956457457311027e+37,0.0,0.0,4300,0,8,17169,4300,0.0,41,0.0,0.0,0.0,0.0,-0.0,0,0,0,0,0.0,0,0,0,0,0,0,0,0,0,0,0,0,0,0,0,0,0,0,0,0,0,0,0,0,0,0,0,0,0,0,0,0,0,12,35,35,47,65476,394,65476,1,0,4,21553,0.0,-0.0,0.0,0.0,0.0,0.0,0.0,0.0,0.0,0.0,0.0,0.0,0.0,0.0,0.0,0.0,0.0,0.0,0.0,0.0,0.0,2.004,2.004,-0.0,3.697074423243316e+19,-2.004,0.0,0.0,0.0,0.0,6498.0,-131351.172,0.0,0.0,-0.0,2.718450016850437e+23,107616272.0,0.0,0.0,2.004,2.004,224,-71.629,3.222024165466893e+26,0.0,0.0,0.0,0.0,0.0,0.0,0.0,0,0,0,1.194678553272607e+30,0.0,0.0,6.470466134482675e+27,0.0,3.902032928440348e+23,0.0,5.125940800877756e+18,42.069,-1.2008435121203014e+36,-1285756032.0,4.3031469412310256e+21,0.0,1.182,0.0,-0.0,0,1.3516416376850534e+27,226,0.0,452,-0.0,0.0,2112,52429,17109,0,17112,52429,17095,0,0,0,101,100,100,-107615264.0,66.4,-107615272.0,66.7,2.7302343157793998e+23,66.5,1,49,50,180,52429,52429,0,0,0.0,0.0,0.0,60.0,-0.097,71.0,0.0,-2113307787919360.0,0.0,1069,0,1069,0,0,0,1069,0,1080,0,999,0,667,0,669,0,664,0,683,0.032,1.4609821306377965e+22,-2.004,-0.0,2192,16815,-0.097,-2113307787919360.0,0.95,1918.028,-2993699160064.0,0.0,50.0,60.0,35,0.0,0.0,10.0,2.0,0.0,0.0,0.0,0.0,0.0,0.0,0.0,0.0,0.0,0.0,0.0,0.0,58.8,54,11,65508,27,65476,0,300,0,0,8,20529,65476,0,0,30147,60.0,0.0,10.0,10.0,2.0,0.0
2026-02-16T12:53:31,ERR,ERR,ERR,ERR,ERR,ERR,ERR,ERR,ERR,ERR,ERR,ERR,ERR,ERR,ERR,ERR,ERR,ERR,ERR,ERR,ERR,ERR,ERR,ERR,ERR,ERR,ERR,ERR,ERR,ERR,ERR,ERR,ERR,ERR,ERR,ERR,ERR,ERR,ERR,ERR,ERR,ERR,ERR,ERR,ERR,ERR,ERR,ERR,ERR,ERR,ERR,ERR,ERR,ERR,ERR,ERR,ERR,ERR,ERR,ERR,ERR,ERR,ERR,ERR,ERR,ERR,ERR,ERR,ERR,ERR,ERR,ERR,ERR,ERR,ERR,ERR,ERR,ERR,ERR,ERR,ERR,ERR,ERR,ERR,ERR,ERR,ERR,ERR,ERR,ERR,ERR,ERR,ERR,ERR,ERR,ERR,ERR,ERR,ERR,ERR,ERR,ERR,ERR,ERR,ERR,ERR,ERR,ERR,ERR,ERR,ERR,ERR,ERR,ERR,ERR,ERR,ERR,ERR,ERR,ERR,ERR,ERR,ERR,ERR,ERR,0.0,-0.0,0.0,0.0,0.0,2.0956457457311027e+37,0.0,0.0,4300,0,8,17169,4300,0.0,41,0.0,0.0,0.0,0.0,-0.0,0,0,0,0,0.0,0,0,0,0,0,0,0,0,0,0,0,0,0,0,0,0,0,0,0,0,0,0,0,0,0,0,0,0,0,0,0,0,0,12,35,35,47,65476,394,65476,1,0,4,21553,0.0,-0.0,0.0,0.0,0.0,0.0,0.0,0.0,0.0,0.0,0.0,0.0,0.0,0.0,0.0,0.0,0.0,0.0,0.0,0.0,0.0,2.004,2.004,-0.0,3.697074423243316e+19,-2.004,0.0,0.0,0.0,0.0,6498.0,-131351.172,0.0,0.0,-0.0,2.718450016850437e+23,107616272.0,0.0,0.0,2.004,2.004,224,-71.629,3.222024165466893e+26,0.0,0.0,0.0,0.0,0.0,0.0,0.0,0,0,0,1.194678553272607e+30,0.0,0.0,6.470466134482675e+27,0.0,3.902032928440348e+23,0.0,5.125940800877756e+18,42.069,-1.2008435121203014e+36,-1285756032.0,4.3031469412310256e+21,0.0,1.182,0.0,-0.0,0,1.3516416376850534e+27,226,0.0,452,-0.0,0.0,2112,52429,17109,0,17112,52429,17095,0,0,0,101,100,100,-107615264.0,66.4,-107615272.0,66.7,2.7302343157793998e+23,66.5,1,49,50,180,52429,52429,0,0,0.0,0.0,0.0,60.0,-0.097,71.0,0.0,-2113307787919360.0,0.0,1069,0,1069,0,0,0,1069,0,1080,0,999,0,667,0,669,0,664,0,683,0.032,1.4609821306377965e+22,-2.004,-0.0,2192,16815,-0.097,-2113307787919360.0,0.95,1918.028,-2993699160064.0,0.0,50.0,60.0,35,0.0,0.0,10.0,2.0,0.0,0.0,0.0,0.0,0.0,0.0,0.0,0.0,0.0,0.0,0.0,0.0,58.8,54,11,65508,27,65476,0,300,0,0,8,20529,65476,0,0,30147,60.0,0.0,10.0,10.0,2.0,0.0
2026-02-16T12:53:32,ERR,ERR,ERR,ERR,ERR,ERR,ERR,ERR,ERR,ERR,ERR,ERR,ERR,ERR,ERR,ERR,ERR,ERR,ERR,ERR,ERR,ERR,ERR,ERR,ERR,ERR,ERR,ERR,ERR,ERR,ERR,ERR,ERR,ERR,ERR,ERR,ERR,ERR,ERR,ERR,ERR,ERR,ERR,ERR,ERR,ERR,ERR,ERR,ERR,ERR,ERR,ERR,ERR,ERR,ERR,ERR,ERR,ERR,ERR,ERR,ERR,ERR,ERR,ERR,ERR,ERR,ERR,ERR,ERR,ERR,ERR,ERR,ERR,ERR,ERR,ERR,ERR,ERR,ERR,ERR,ERR,ERR,ERR,ERR,ERR,ERR,ERR,ERR,ERR,ERR,ERR,ERR,ERR,ERR,ERR,ERR,ERR,ERR,ERR,ERR,ERR,ERR,ERR,ERR,ERR,ERR,ERR,ERR,ERR,ERR,ERR,ERR,ERR,ERR,ERR,ERR,ERR,ERR,ERR,ERR,ERR,ERR,ERR,ERR,ERR,0.0,-0.0,0.0,0.0,0.0,2.0956457457311027e+37,0.0,0.0,4300,0,8,17169,4300,0.0,41,0.0,0.0,0.0,0.0,-0.0,0,0,0,0,0.0,0,0,0,0,0,0,0,0,0,0,0,0,0,0,0,0,0,0,0,0,0,0,0,0,0,0,0,0,0,0,0,0,0,12,35,35,47,65476,394,65476,1,0,4,21553,0.0,-0.0,0.0,0.0,0.0,0.0,0.0,0.0,0.0,0.0,0.0,0.0,0.0,0.0,0.0,0.0,0.0,0.0,0.0,0.0,0.0,2.004,2.004,-0.0,3.697074423243316e+19,-2.004,0.0,0.0,0.0,0.0,6498.0,-131351.172,0.0,0.0,-0.0,2.718450016850437e+23,107616272.0,0.0,0.0,2.004,2.004,224,-71.629,3.222024165466893e+26,0.0,0.0,0.0,0.0,0.0,0.0,0.0,0,0,0,1.194678553272607e+30,0.0,0.0,6.470466134482675e+27,0.0,3.902032928440348e+23,0.0,5.125940800877756e+18,42.069,-1.2008435121203014e+36,-1285756032.0,4.3031469412310256e+21,0.0,1.182,0.0,-0.0,0,1.3516416376850534e+27,226,0.0,452,-0.0,0.0,2112,52429,17109,0,17112,52429,17095,0,0,0,101,100,100,-107615264.0,66.4,-107615272.0,66.7,2.7302343157793998e+23,66.5,1,49,50,180,52429,52429,0,0,0.0,0.0,0.0,60.0,-0.097,71.0,0.0,-2113307787919360.0,0.0,1069,0,1069,0,0,0,1069,0,1080,0,999,0,667,0,669,0,664,0,683,0.032,1.4609821306377965e+22,-2.004,-0.0,2192,16815,-0.097,-2113307787919360.0,0.95,1918.028,-2993699160064.0,0.0,50.0,60.0,35,0.0,0.0,10.0,2.0,0.0,0.0,0.0,0.0,0.0,0.0,0.0,0.0,0.0,0.0,0.0,0.0,58.8,54,11,65508,27,65476,0,300,0,0,8,20529,65476,0,0,30147,60.0,0.0,10.0,10.0,2.0,0.0
2026-02-16T12:53:33,ERR,ERR,ERR,ERR,ERR,ERR,ERR,ERR,ERR,ERR,ERR,ERR,ERR,ERR,ERR,ERR,ERR,ERR,ERR,ERR,ERR,ERR,ERR,ERR,ERR,ERR,ERR,ERR,ERR,ERR,ERR,ERR,ERR,ERR,ERR,ERR,ERR,ERR,ERR,ERR,ERR,ERR,ERR,ERR,ERR,ERR,ERR,ERR,ERR,ERR,ERR,ERR,ERR,ERR,ERR,ERR,ERR,ERR,ERR,ERR,ERR,ERR,ERR,ERR,ERR,ERR,ERR,ERR,ERR,ERR,ERR,ERR,ERR,ERR,ERR,ERR,ERR,ERR,ERR,ERR,ERR,ERR,ERR,ERR,ERR,ERR,ERR,ERR,ERR,ERR,ERR,ERR,ERR,ERR,ERR,ERR,ERR,ERR,ERR,ERR,ERR,ERR,ERR,ERR,ERR,ERR,ERR,ERR,ERR,ERR,ERR,ERR,ERR,ERR,ERR,ERR,ERR,ERR,ERR,ERR,ERR,ERR,ERR,ERR,ERR,0.0,-0.0,0.0,0.0,0.0,2.0956457457311027e+37,0.0,0.0,4300,0,8,17169,4300,0.0,41,0.0,0.0,0.0,0.0,-0.0,0,0,0,0,0.0,0,0,0,0,0,0,0,0,0,0,0,0,0,0,0,0,0,0,0,0,0,0,0,0,0,0,0,0,0,0,0,0,0,12,35,35,47,65476,394,65476,1,0,4,21553,0.0,-0.0,0.0,0.0,0.0,0.0,0.0,0.0,0.0,0.0,0.0,0.0,0.0,0.0,0.0,0.0,0.0,0.0,0.0,0.0,0.0,2.004,2.004,-0.0,3.697074423243316e+19,-2.004,0.0,0.0,0.0,0.0,6498.0,-131351.172,0.0,0.0,-0.0,2.718450016850437e+23,107616272.0,0.0,0.0,2.004,2.004,224,-71.629,3.222024165466893e+26,0.0,0.0,0.0,0.0,0.0,0.0,0.0,0,0,0,1.194678553272607e+30,0.0,0.0,6.470466134482675e+27,0.0,3.902032928440348e+23,0.0,5.125940800877756e+18,42.069,-1.2008435121203014e+36,-1285756032.0,4.3031469412310256e+21,0.0,1.182,0.0,-0.0,0,1.3516416376850534e+27,226,0.0,452,-0.0,0.0,2112,52429,17109,52429,17111,52429,17095,0,0,0,101,100,100,-107615264.0,66.4,-107615272.0,66.7,2.7302343157793998e+23,66.5,1,49,50,180,39322,52429,0,0,0.0,0.0,0.0,60.0,-825.04,71.0,0.0,-0.0,0.0,1068,0,1069,0,0,0,1069,0,1080,0,1000,0,667,0,669,0,664,0,683,0.032,1.4536034330083127e+22,-2.004,-0.0,55952,16814,-1538.08,5.624471907068237e+37,-55364976640.0,-1.2719394249506816e+16,4.730998619420769e+33,-0.0,50.0,60.0,35,0.0,0.0,10.0,2.0,0.0,0.0,0.0,0.0,0.0,0.0,0.0,0.0,0.0,0.0,0.0,0.0,58.8,54,11,65508,27,65476,0,300,0,0,8,20529,65476,0,0,30147,60.0,0.0,10.0,10.0,2.0,0.0
2026-02-16T12:53:34,ERR,ERR,ERR,ERR,ERR,ERR,ERR,ERR,ERR,ERR,ERR,ERR,ERR,ERR,ERR,ERR,ERR,ERR,ERR,ERR,ERR,ERR,ERR,ERR,ERR,ERR,ERR,ERR,ERR,ERR,ERR,ERR,ERR,ERR,ERR,ERR,ERR,ERR,ERR,ERR,ERR,ERR,ERR,ERR,ERR,ERR,ERR,ERR,ERR,ERR,ERR,ERR,ERR,ERR,ERR,ERR,ERR,ERR,ERR,ERR,ERR,ERR,ERR,ERR,ERR,ERR,ERR,ERR,ERR,ERR,ERR,ERR,ERR,ERR,ERR,ERR,ERR,ERR,ERR,ERR,ERR,ERR,ERR,ERR,ERR,ERR,ERR,ERR,ERR,ERR,ERR,ERR,ERR,ERR,ERR,ERR,ERR,ERR,ERR,ERR,ERR,ERR,ERR,ERR,ERR,ERR,ERR,ERR,ERR,ERR,ERR,ERR,ERR,ERR,ERR,ERR,ERR,ERR,ERR,ERR,ERR,ERR,ERR,ERR,ERR,0.0,-0.0,0.0,0.0,0.0,-0.0,4.5315793351868494e+27,-3.661431994610352e+18,4300,0,8,17169,4300,0.0,41,0.0,0.0,0.0,0.0,-0.0,0,0,0,0,0.0,0,0,0,0,0,0,0,0,0,0,0,0,0,0,0,0,0,0,0,0,0,0,0,0,0,0,0,0,0,0,0,0,0,12,35,35,47,65476,397,65476,1,0,4,21553,0.0,0.0,0.0,0.0,0.0,0.0,0.0,0.0,0.0,0.0,0.0,0.0,0.0,0.0,0.0,0.0,0.0,0.0,0.0,0.0,0.0,2.004,2.004,-0.0,3.697074423243316e+19,0.0,0.0,0.0,0.0,0.0,6559.0,0.0,0.0,0.0,-0.0,2.718450016850437e+23,2.7184509175703625e+23,0.0,0.0,2.004,2.004,225,-0.0,-0.0,0.0,0.0,0.0,0.0,0.0,0.0,0.0,0,0,0,-0.0,nan,0.0,-0.0,0.0,2.8561781912878448e+26,7.31514564467084e+26,-1.5137398186886058e+24,-1.704832361285288e+18,-1.2683433712812541e+36,-1394807936.0,4.54295461418925e+21,0.0,1.268,0.0,-0.0,0,1.3516416376850534e+27,226,0.0,452,-74360974999552.0,0.0,2112,52429,17109,52429,17111,52429,17095,0,0,0,101,100,100,-107615264.0,66.4,-107615272.0,66.7,2.7302343157793998e+23,66.5,1,49,50,180,39322,52429,0,0,0.0,0.0,0.0,60.0,-825.04,71.0,0.0,-0.0,0.0,1068,0,1069,0,0,0,1069,0,1080,0,1000,0,667,0,669,0,664,0,683,0.032,1.4536034330083127e+22,-2.004,-0.0,55952,16814,-1538.08,5.624471907068237e+37,-55364976640.0,-1.2719394249506816e+16,4.730998619420769e+33,-0.0,50.0,60.0,35,0.0,0.0,10.0,2.0,0.0,0.0,0.0,0.0,0.0,0.0,0.0,0.0,0.0,0.0,0.0,0.0,58.8,54,11,65508,27,65476,0,300,0,0,8,20529,65476,0,0,30147,60.0,0.0,10.0,10.0,2.0,0.0
2026-02-16T12:53:35,ERR,ERR,ERR,ERR,ERR,ERR,ERR,ERR,ERR,ERR,ERR,ERR,ERR,ERR,ERR,ERR,ERR,ERR,ERR,ERR,ERR,ERR,ERR,ERR,ERR,ERR,ERR,ERR,ERR,ERR,ERR,ERR,ERR,ERR,ERR,ERR,ERR,ERR,ERR,ERR,ERR,ERR,ERR,ERR,ERR,ERR,ERR,ERR,ERR,ERR,ERR,ERR,ERR,ERR,ERR,ERR,ERR,ERR,ERR,ERR,ERR,ERR,ERR,ERR,ERR,ERR,ERR,ERR,ERR,ERR,ERR,ERR,ERR,ERR,ERR,ERR,ERR,ERR,ERR,ERR,ERR,ERR,ERR,ERR,ERR,ERR,ERR,ERR,ERR,ERR,ERR,ERR,ERR,ERR,ERR,ERR,ERR,ERR,ERR,ERR,ERR,ERR,ERR,ERR,ERR,ERR,ERR,ERR,ERR,ERR,ERR,ERR,ERR,ERR,ERR,ERR,ERR,ERR,ERR,ERR,ERR,ERR,ERR,ERR,ERR,0.0,-0.0,0.0,0.0,0.0,-0.0,4.5315793351868494e+27,-3.661431994610352e+18,4300,0,8,17169,4300,0.0,41,0.0,0.0,0.0,0.0,-0.0,0,0,0,0,0.0,0,0,0,0,0,0,0,0,0,0,0,0,0,0,0,0,0,0,0,0,0,0,0,0,0,0,0,0,0,0,0,0,0,12,35,35,47,65476,397,65476,1,0,4,21553,0.0,0.0,0.0,0.0,0.0,0.0,0.0,0.0,0.0,0.0,0.0,0.0,0.0,0.0,0.0,0.0,0.0,0.0,0.0,0.0,0.0,2.004,2.004,-0.0,3.697074423243316e+19,0.0,0.0,0.0,0.0,0.0,6559.0,0.0,0.0,0.0,-0.0,2.718450016850437e+23,2.7184509175703625e+23,0.0,0.0,2.004,2.004,225,-0.0,-0.0,0.0,0.0,0.0,0.0,0.0,0.0,0.0,0,0,0,-0.0,nan,0.0,-0.0,0.0,2.8561781912878448e+26,7.31514564467084e+26,-1.5137398186886058e+24,-1.704832361285288e+18,-1.2683433712812541e+36,-1394807936.0,4.54295461418925e+21,0.0,1.268,0.0,-0.0,0,1.3516416376850534e+27,226,0.0,452,-74360974999552.0,0.0,2112,52429,17109,52429,17111,52429,17095,0,0,0,101,100,100,-107615264.0,66.4,-107615272.0,66.7,2.7302343157793998e+23,66.5,1,49,50,180,39322,52429,0,0,0.0,0.0,0.0,60.0,-825.04,71.0,0.0,-0.0,0.0,1068,0,1069,0,0,0,1069,0,1080,0,1000,0,667,0,669,0,664,0,683,0.032,1.4536034330083127e+22,-2.004,-0.0,55952,16814,-1538.08,5.624471907068237e+37,-55364976640.0,-1.2719394249506816e+16,4.730998619420769e+33,-0.0,50.0,60.0,35,0.0,0.0,10.0,2.0,0.0,0.0,0.0,0.0,0.0,0.0,0.0,0.0,0.0,0.0,0.0,0.0,58.8,54,11,65508,27,65476,0,300,0,0,8,20529,65476,0,0,30147,60.0,0.0,10.0,10.0,2.0,0.0
2026-02-16T12:53:36,ERR,ERR,ERR,ERR,ERR,ERR,ERR,ERR,ERR,ERR,ERR,ERR,ERR,ERR,ERR,ERR,ERR,ERR,ERR,ERR,ERR,ERR,ERR,ERR,ERR,ERR,ERR,ERR,ERR,ERR,ERR,ERR,ERR,ERR,ERR,ERR,ERR,ERR,ERR,ERR,ERR,ERR,ERR,ERR,ERR,ERR,ERR,ERR,ERR,ERR,ERR,ERR,ERR,ERR,ERR,ERR,ERR,ERR,ERR,ERR,ERR,ERR,ERR,ERR,ERR,ERR,ERR,ERR,ERR,ERR,ERR,ERR,ERR,ERR,ERR,ERR,ERR,ERR,ERR,ERR,ERR,ERR,ERR,ERR,ERR,ERR,ERR,ERR,ERR,ERR,ERR,ERR,ERR,ERR,ERR,ERR,ERR,ERR,ERR,ERR,ERR,ERR,ERR,ERR,ERR,ERR,ERR,ERR,ERR,ERR,ERR,ERR,ERR,ERR,ERR,ERR,ERR,ERR,ERR,ERR,ERR,ERR,ERR,ERR,ERR,0.0,-0.0,0.0,0.0,0.0,-0.0,4.5315793351868494e+27,-3.661431994610352e+18,4300,0,8,17169,4300,0.0,41,0.0,0.0,0.0,0.0,-0.0,0,0,0,0,0.0,0,0,0,0,0,0,0,0,0,0,0,0,0,0,0,0,0,0,0,0,0,0,0,0,0,0,0,0,0,0,0,0,0,12,35,35,47,65476,397,65476,1,0,4,21553,0.0,0.0,0.0,0.0,0.0,0.0,0.0,0.0,0.0,0.0,0.0,0.0,0.0,0.0,0.0,0.0,0.0,0.0,0.0,0.0,0.0,2.004,2.004,-0.0,3.697074423243316e+19,0.0,0.0,0.0,0.0,0.0,6559.0,0.0,0.0,0.0,-0.0,2.718450016850437e+23,2.7184509175703625e+23,0.0,0.0,2.004,2.004,225,-0.0,-0.0,0.0,0.0,0.0,0.0,0.0,0.0,0.0,0,0,0,-0.0,nan,0.0,-0.0,0.0,2.8561781912878448e+26,7.31514564467084e+26,-1.5137398186886058e+24,-1.704832361285288e+18,-1.2683433712812541e+36,-1394807936.0,4.54295461418925e+21,0.0,1.268,0.0,-0.0,0,1.3516416376850534e+27,226,0.0,452,-74360974999552.0,0.0,2112,52429,17109,52429,17111,52429,17095,0,0,0,101,100,100,-107615264.0,66.4,-107615272.0,66.7,2.7302343157793998e+23,66.5,1,49,50,180,39322,52429,0,0,0.0,0.0,0.0,60.0,-825.04,71.0,0.0,-0.0,0.0,1068,0,1069,0,0,0,1069,0,1080,0,1000,0,667,0,669,0,664,0,683,0.032,1.4536034330083127e+22,-2.004,-0.0,55952,16814,-1538.08,5.624471907068237e+37,-55364976640.0,-1.2719394249506816e+16,4.730998619420769e+33,-0.0,50.0,60.0,35,0.0,0.0,10.0,2.0,0.0,0.0,0.0,0.0,0.0,0.0,0.0,0.0,0.0,0.0,0.0,0.0,58.8,54,11,65508,27,65476,0,300,0,0,8,20529,65476,0,0,30147,60.0,0.0,10.0,10.0,2.0,0.0
2026-02-16T12:53:37,ERR,ERR,ERR,ERR,ERR,ERR,ERR,ERR,ERR,ERR,ERR,ERR,ERR,ERR,ERR,ERR,ERR,ERR,ERR,ERR,ERR,ERR,ERR,ERR,ERR,ERR,ERR,ERR,ERR,ERR,ERR,ERR,ERR,ERR,ERR,ERR,ERR,ERR,ERR,ERR,ERR,ERR,ERR,ERR,ERR,ERR,ERR,ERR,ERR,ERR,ERR,ERR,ERR,ERR,ERR,ERR,ERR,ERR,ERR,ERR,ERR,ERR,ERR,ERR,ERR,ERR,ERR,ERR,ERR,ERR,ERR,ERR,ERR,ERR,ERR,ERR,ERR,ERR,ERR,ERR,ERR,ERR,ERR,ERR,ERR,ERR,ERR,ERR,ERR,ERR,ERR,ERR,ERR,ERR,ERR,ERR,ERR,ERR,ERR,ERR,ERR,ERR,ERR,ERR,ERR,ERR,ERR,ERR,ERR,ERR,ERR,ERR,ERR,ERR,ERR,ERR,ERR,ERR,ERR,ERR,ERR,ERR,ERR,ERR,ERR,0.0,-0.0,0.0,0.0,0.0,-0.0,4.5315793351868494e+27,-3.661431994610352e+18,4300,0,8,17169,4300,0.0,41,0.0,0.0,0.0,0.0,-0.0,0,0,0,0,0.0,0,0,0,0,0,0,0,0,0,0,0,0,0,0,0,0,0,0,0,0,0,0,0,0,0,0,0,0,0,0,0,0,0,12,35,35,47,65476,397,65476,1,0,4,21553,0.0,0.0,0.0,0.0,0.0,0.0,0.0,0.0,0.0,0.0,0.0,0.0,0.0,0.0,0.0,0.0,0.0,0.0,0.0,0.0,0.0,2.004,2.004,-0.0,3.697074423243316e+19,0.0,0.0,0.0,0.0,0.0,6559.0,0.0,0.0,0.0,-0.0,2.718450016850437e+23,2.7184509175703625e+23,0.0,0.0,2.004,2.004,225,-0.0,-0.0,0.0,0.0,0.0,0.0,0.0,0.0,0.0,0,0,0,-0.0,nan,0.0,-0.0,0.0,2.8561781912878448e+26,7.31514564467084e+26,-1.5137398186886058e+24,-1.704832361285288e+18,-1.2683433712812541e+36,-1394807936.0,4.54295461418925e+21,0.0,1.268,0.0,-0.0,0,1.3516416376850534e+27,226,0.0,452,-74360974999552.0,0.0,2112,52429,17109,0,17112,0,17096,0,0,0,101,100,100,-107615264.0,66.4,-107615272.0,66.7,2.7302343157793998e+23,66.5,1,49,50,180,39322,52429,0,0,0.0,0.0,0.0,60.0,-0.0,71.0,0.0,0.0,0.0,1069,0,1069,0,0,0,1069,0,1080,0,999,0,667,0,669,0,664,0,683,0.032,1.4536034330083127e+22,-0.0,2.730234856211355e+23,47120,16814,-0.0,0.0,-1.7547521595111553e+21,-0.098,-0.0,-0.0,50.0,60.0,35,0.0,0.0,10.0,2.0,0.0,0.0,0.0,0.0,0.0,0.0,0.0,0.0,0.0,0.0,0.0,0.0,58.8,54,11,65508,27,65476,0,300,0,0,8,20529,65476,0,0,30147,60.0,0.0,10.0,10.0,2.0,0.0
2026-02-16T12:53:38,ERR,ERR,ERR,ERR,ERR,ERR,ERR,ERR,ERR,ERR,ERR,ERR,ERR,ERR,ERR,ERR,ERR,ERR,ERR,ERR,ERR,ERR,ERR,ERR,ERR,ERR,ERR,ERR,ERR,ERR,ERR,ERR,ERR,ERR,ERR,ERR,ERR,ERR,ERR,ERR,ERR,ERR,ERR,ERR,ERR,ERR,ERR,ERR,ERR,ERR,ERR,ERR,ERR,ERR,ERR,ERR,ERR,ERR,ERR,ERR,ERR,ERR,ERR,ERR,ERR,ERR,ERR,ERR,ERR,ERR,ERR,ERR,ERR,ERR,ERR,ERR,ERR,ERR,ERR,ERR,ERR,ERR,ERR,ERR,ERR,ERR,ERR,ERR,ERR,ERR,ERR,ERR,ERR,ERR,ERR,ERR,ERR,ERR,ERR,ERR,ERR,ERR,ERR,ERR,ERR,ERR,ERR,ERR,ERR,ERR,ERR,ERR,ERR,ERR,ERR,ERR,ERR,ERR,ERR,ERR,ERR,ERR,ERR,ERR,ERR,0.0,-0.0,0.0,0.0,0.0,-0.0,4.5315793351868494e+27,-3.661431994610352e+18,4300,0,8,17169,4300,0.0,41,0.0,0.0,0.0,0.0,-0.0,0,0,0,0,0.0,0,0,0,0,0,0,0,0,0,0,0,0,0,0,0,0,0,0,0,0,0,0,0,0,0,0,0,0,0,0,0,0,0,12,35,35,47,65476,397,65476,1,0,4,21553,0.0,0.0,0.0,0.0,0.0,0.0,0.0,0.0,0.0,0.0,0.0,0.0,0.0,0.0,0.0,0.0,0.0,0.0,0.0,0.0,0.0,2.004,2.004,-0.0,3.697074423243316e+19,0.0,0.0,0.0,0.0,0.0,6559.0,0.0,0.0,0.0,-0.0,2.718450016850437e+23,2.7184509175703625e+23,0.0,0.0,2.004,2.004,225,-0.0,-0.0,0.0,0.0,0.0,0.0,0.0,0.0,0.0,0,0,0,-0.0,nan,0.0,-0.0,0.0,2.8561781912878448e+26,7.31514564467084e+26,-1.5137398186886058e+24,-1.704832361285288e+18,-1.2683433712812541e+36,-1394807936.0,4.54295461418925e+21,0.0,1.268,0.0,-0.0,0,1.3516416376850534e+27,226,0.0,452,-74360974999552.0,0.0,2112,52429,17109,0,17112,0,17096,0,0,0,101,100,100,-107615264.0,66.4,-107615272.0,66.7,2.7302343157793998e+23,66.5,1,49,50,180,39322,52429,0,0,0.0,0.0,0.0,60.0,-0.0,71.0,0.0,0.0,0.0,1069,0,1069,0,0,0,1069,0,1080,0,999,0,667,0,669,0,664,0,683,0.032,1.4536034330083127e+22,-0.0,2.730234856211355e+23,47120,16814,-0.0,0.0,-1.7547521595111553e+21,-0.098,-0.0,-0.0,50.0,60.0,35,0.0,0.0,10.0,2.0,0.0,0.0,0.0,0.0,0.0,0.0,0.0,0.0,0.0,0.0,0.0,0.0,59.2,54,11,65508,27,65476,0,300,0,0,8,20529,65476,0,0,30147,60.0,0.0,10.0,10.0,2.0,0.0
2026-02-16T12:53:39,ERR,ERR,ERR,ERR,ERR,ERR,ERR,ERR,ERR,ERR,ERR,ERR,ERR,ERR,ERR,ERR,ERR,ERR,ERR,ERR,ERR,ERR,ERR,ERR,ERR,ERR,ERR,ERR,ERR,ERR,ERR,ERR,ERR,ERR,ERR,ERR,ERR,ERR,ERR,ERR,ERR,ERR,ERR,ERR,ERR,ERR,ERR,ERR,ERR,ERR,ERR,ERR,ERR,ERR,ERR,ERR,ERR,ERR,ERR,ERR,ERR,ERR,ERR,ERR,ERR,ERR,ERR,ERR,ERR,ERR,ERR,ERR,ERR,ERR,ERR,ERR,ERR,ERR,ERR,ERR,ERR,ERR,ERR,ERR,ERR,ERR,ERR,ERR,ERR,ERR,ERR,ERR,ERR,ERR,ERR,ERR,ERR,ERR,ERR,ERR,ERR,ERR,ERR,ERR,ERR,ERR,ERR,ERR,ERR,ERR,ERR,ERR,ERR,ERR,ERR,ERR,ERR,ERR,ERR,ERR,ERR,ERR,ERR,ERR,ERR,0.0,2.7184527190102135e+23,-0.0,0.0,-0.031,0.0,0.0,0.0,4300,0,8,17169,4300,0.0,41,0.0,0.0,0.0,0.0,-0.0,0,0,0,0,0.0,0,0,0,0,0,0,0,0,0,0,0,0,0,0,0,0,0,0,0,0,0,0,0,0,0,0,0,0,0,0,0,0,0,12,35,35,48,65476,399,65476,1,0,4,21553,0.0,0.0,0.0,0.0,0.0,0.0,0.0,0.0,0.0,0.0,0.0,0.0,0.0,0.0,0.0,0.0,0.0,0.0,0.0,0.0,0.0,2.004,2.004,-0.0,-0.0,0.0,0.0,0.0,0.0,0.0,6559.0,1.5879384200579233e+29,0.0,0.0,2.7184527190102135e+23,-0.0,-0.0,-0.0,0.0,2.004,2.004,225,-0.0,-152018253512704.0,0.0,0.0,0.0,0.0,0.0,0.0,0.0,0,0,0,-0.0,898078.375,0.0,4.0826418715701065e+35,0.0,-0.0,8.194427505808435e+36,0.0,0.0,-1.342458465099498e+36,-1487082624.0,4.769371115130465e+21,0.0,1.346,0.0,2.5779734862478974e+29,0,1.3516416376850534e+27,225,0.0,450,-74360974999552.0,-0.0,2112,52429,17109,0,17112,0,17096,0,0,0,101,100,100,-107615264.0,66.4,-107615272.0,66.7,2.7302343157793998e+23,66.5,1,49,50,180,39322,52429,0,0,0.0,0.0,0.0,60.0,-0.0,71.0,0.0,0.0,0.0,1069,0,1069,0,0,0,1069,0,1080,0,999,0,667,0,669,0,664,0,683,0.032,1.4536034330083127e+22,-0.0,2.730234856211355e+23,47120,16814,-0.0,0.0,-1.7547521595111553e+21,-0.098,-0.0,-0.0,50.0,60.0,35,0.0,0.0,10.0,2.0,0.0,0.0,0.0,0.0,0.0,0.0,0.0,0.0,0.0,0.0,0.0,0.0,59.2,54,11,65508,27,65476,0,300,0,0,8,20529,65476,0,0,30147,60.0,0.0,10.0,10.0,2.0,0.0
2026-02-16T12:53:40,ERR,ERR,ERR,ERR,ERR,ERR,ERR,ERR,ERR,ERR,ERR,ERR,ERR,ERR,ERR,ERR,ERR,ERR,ERR,ERR,ERR,ERR,ERR,ERR,ERR,ERR,ERR,ERR,ERR,ERR,ERR,ERR,ERR,ERR,ERR,ERR,ERR,ERR,ERR,ERR,ERR,ERR,ERR,ERR,ERR,ERR,ERR,ERR,ERR,ERR,ERR,ERR,ERR,ERR,ERR,ERR,ERR,ERR,ERR,ERR,ERR,ERR,ERR,ERR,ERR,ERR,ERR,ERR,ERR,ERR,ERR,ERR,ERR,ERR,ERR,ERR,ERR,ERR,ERR,ERR,ERR,ERR,ERR,ERR,ERR,ERR,ERR,ERR,ERR,ERR,ERR,ERR,ERR,ERR,ERR,ERR,ERR,ERR,ERR,ERR,ERR,ERR,ERR,ERR,ERR,ERR,ERR,ERR,ERR,ERR,ERR,ERR,ERR,ERR,ERR,ERR,ERR,ERR,ERR,ERR,ERR,ERR,ERR,ERR,ERR,0.0,2.7184527190102135e+23,-0.0,0.0,-0.031,0.0,0.0,0.0,4300,0,8,17169,4300,0.0,41,0.0,0.0,0.0,0.0,-0.0,0,0,0,0,0.0,0,0,0,0,0,0,0,0,0,0,0,0,0,0,0,0,0,0,0,0,0,0,0,0,0,0,0,0,0,0,0,0,0,12,35,35,48,65476,399,65476,1,0,4,21553,0.0,0.0,0.0,0.0,0.0,0.0,0.0,0.0,0.0,0.0,0.0,0.0,0.0,0.0,0.0,0.0,0.0,0.0,0.0,0.0,0.0,2.004,2.004,-0.0,-0.0,0.0,0.0,0.0,0.0,0.0,6559.0,1.5879384200579233e+29,0.0,0.0,2.7184527190102135e+23,-0.0,-0.0,-0.0,0.0,2.004,2.004,225,-0.0,-152018253512704.0,0.0,0.0,0.0,0.0,0.0,0.0,0.0,0,0,0,-0.0,898078.375,0.0,4.0826418715701065e+35,0.0,-0.0,8.194427505808435e+36,0.0,0.0,-1.342458465099498e+36,-1487082624.0,4.769371115130465e+21,0.0,1.346,0.0,2.5779734862478974e+29,0,1.3516416376850534e+27,225,0.0,450,-74360974999552.0,-0.0,2112,52429,17109,0,17112,0,17096,0,0,0,101,100,100,-107615264.0,66.4,-107615272.0,66.7,2.7302343157793998e+23,66.5,1,49,50,180,52429,52429,0,0,0.0,0.0,0.0,60.0,-0.0,71.0,0.0,-0.0,0.0,1068,0,1069,0,0,0,1069,0,1080,0,1000,0,667,0,669,0,664,0,682,0.032,1.4683608282672803e+22,-0.0,2.730234856211355e+23,49808,16814,-0.0,0.354,-6.796321038822228e+29,-0.0,-0.0,-0.0,50.0,60.0,35,0.0,0.0,10.0,2.0,0.0,0.0,0.0,0.0,0.0,0.0,0.0,0.0,0.0,0.0,0.0,0.0,58.8,54,11,65509,27,65476,0,300,0,0,8,20529,65476,0,0,30147,60.0,0.0,10.0,10.0,2.0,0.0
2026-02-16T12:53:41,ERR,ERR,ERR,ERR,ERR,ERR,ERR,ERR,ERR,ERR,ERR,ERR,ERR,ERR,ERR,ERR,ERR,ERR,ERR,ERR,ERR,ERR,ERR,ERR,ERR,ERR,ERR,ERR,ERR,ERR,ERR,ERR,ERR,ERR,ERR,ERR,ERR,ERR,ERR,ERR,ERR,ERR,ERR,ERR,ERR,ERR,ERR,ERR,ERR,ERR,ERR,ERR,ERR,ERR,ERR,ERR,ERR,ERR,ERR,ERR,ERR,ERR,ERR,ERR,ERR,ERR,ERR,ERR,ERR,ERR,ERR,ERR,ERR,ERR,ERR,ERR,ERR,ERR,ERR,ERR,ERR,ERR,ERR,ERR,ERR,ERR,ERR,ERR,ERR,ERR,ERR,ERR,ERR,ERR,ERR,ERR,ERR,ERR,ERR,ERR,ERR,ERR,ERR,ERR,ERR,ERR,ERR,ERR,ERR,ERR,ERR,ERR,ERR,ERR,ERR,ERR,ERR,ERR,ERR,ERR,ERR,ERR,ERR,ERR,ERR,0.0,2.7184527190102135e+23,-0.0,0.0,-0.031,0.0,0.0,0.0,4300,0,8,17169,4300,0.0,41,0.0,0.0,0.0,0.0,-0.0,0,0,0,0,0.0,0,0,0,0,0,0,0,0,0,0,0,0,0,0,0,0,0,0,0,0,0,0,0,0,0,0,0,0,0,0,0,0,0,12,35,35,48,65476,399,65476,1,0,4,21553,0.0,0.0,0.0,0.0,0.0,0.0,0.0,0.0,0.0,0.0,0.0,0.0,0.0,0.0,0.0,0.0,0.0,0.0,0.0,0.0,0.0,2.004,2.004,-0.0,-0.0,0.0,0.0,0.0,0.0,0.0,6559.0,1.5879384200579233e+29,0.0,0.0,2.7184527190102135e+23,-0.0,-0.0,-0.0,0.0,2.004,2.004,225,-0.0,-152018253512704.0,0.0,0.0,0.0,0.0,0.0,0.0,0.0,0,0,0,-0.0,898078.375,0.0,4.0826418715701065e+35,0.0,-0.0,8.194427505808435e+36,0.0,0.0,-1.342458465099498e+36,-1487082624.0,4.769371115130465e+21,0.0,1.346,0.0,2.5779734862478974e+29,0,1.3516416376850534e+27,225,0.0,450,-74360974999552.0,-0.0,2112,52429,17109,0,17112,0,17096,0,0,0,101,100,100,-107615264.0,66.4,-107615272.0,66.7,2.7302343157793998e+23,66.5,1,49,50,180,52429,52429,0,0,0.0,0.0,0.0,60.0,-0.0,71.0,0.0,-0.0,0.0,1068,0,1069,0,0,0,1069,0,1080,0,1000,0,667,0,669,0,664,0,682,0.032,1.4683608282672803e+22,-0.0,2.730234856211355e+23,49808,16814,-0.0,0.354,-6.796321038822228e+29,-0.0,-0.0,-0.0,50.0,60.0,35,0.0,0.0,10.0,2.0,0.0,0.0,0.0,0.0,0.0,0.0,0.0,0.0,0.0,0.0,0.0,0.0,58.8,54,11,65509,27,65476,0,300,0,0,8,20529,65476,0,0,30147,60.0,0.0,10.0,10.0,2.0,0.0
2026-02-16T12:53:42,ERR,ERR,ERR,ERR,ERR,ERR,ERR,ERR,ERR,ERR,ERR,ERR,ERR,ERR,ERR,ERR,ERR,ERR,ERR,ERR,ERR,ERR,ERR,ERR,ERR,ERR,ERR,ERR,ERR,ERR,ERR,ERR,ERR,ERR,ERR,ERR,ERR,ERR,ERR,ERR,ERR,ERR,ERR,ERR,ERR,ERR,ERR,ERR,ERR,ERR,ERR,ERR,ERR,ERR,ERR,ERR,ERR,ERR,ERR,ERR,ERR,ERR,ERR,ERR,ERR,ERR,ERR,ERR,ERR,ERR,ERR,ERR,ERR,ERR,ERR,ERR,ERR,ERR,ERR,ERR,ERR,ERR,ERR,ERR,ERR,ERR,ERR,ERR,ERR,ERR,ERR,ERR,ERR,ERR,ERR,ERR,ERR,ERR,ERR,ERR,ERR,ERR,ERR,ERR,ERR,ERR,ERR,ERR,ERR,ERR,ERR,ERR,ERR,ERR,ERR,ERR,ERR,ERR,ERR,ERR,ERR,ERR,ERR,ERR,ERR,0.0,2.7184527190102135e+23,-0.0,0.0,-0.031,0.0,0.0,0.0,4300,0,8,17169,4300,0.0,41,0.0,0.0,0.0,0.0,-0.0,0,0,0,0,0.0,0,0,0,0,0,0,0,0,0,0,0,0,0,0,0,0,0,0,0,0,0,0,0,0,0,0,0,0,0,0,0,0,0,12,35,35,48,65476,399,65476,1,0,4,21553,0.0,0.0,0.0,0.0,0.0,0.0,0.0,0.0,0.0,0.0,0.0,0.0,0.0,0.0,0.0,0.0,0.0,0.0,0.0,0.0,0.0,2.004,2.004,-0.0,-0.0,0.0,0.0,0.0,0.0,0.0,6559.0,1.5879384200579233e+29,0.0,0.0,2.7184527190102135e+23,-0.0,-0.0,-0.0,0.0,2.004,2.004,225,-0.0,-152018253512704.0,0.0,0.0,0.0,0.0,0.0,0.0,0.0,0,0,0,-0.0,898078.375,0.0,4.0826418715701065e+35,0.0,-0.0,8.194427505808435e+36,0.0,0.0,-1.342458465099498e+36,-1487082624.0,4.769371115130465e+21,0.0,1.346,0.0,2.5779734862478974e+29,0,1.3516416376850534e+27,225,0.0,450,-74360974999552.0,-0.0,2112,52429,17109,0,17112,0,17096,0,0,0,101,100,100,-107615264.0,66.4,-107615272.0,66.7,2.7302343157793998e+23,66.5,1,49,50,180,52429,52429,0,0,0.0,0.0,0.0,60.0,-0.0,71.0,0.0,-0.0,0.0,1068,0,1069,0,0,0,1069,0,1080,0,1000,0,667,0,669,0,664,0,682,0.032,1.4683608282672803e+22,-0.0,2.730234856211355e+23,49808,16814,-0.0,0.354,-6.796321038822228e+29,-0.0,-0.0,-0.0,50.0,60.0,35,0.0,0.0,10.0,2.0,0.0,0.0,0.0,0.0,0.0,0.0,0.0,0.0,0.0,0.0,0.0,0.0,58.8,54,11,65509,27,65476,0,300,0,0,8,20529,65476,0,0,30147,60.0,0.0,10.0,10.0,2.0,0.0
2026-02-16T12:53:43,ERR,ERR,ERR,ERR,ERR,ERR,ERR,ERR,ERR,ERR,ERR,ERR,ERR,ERR,ERR,ERR,ERR,ERR,ERR,ERR,ERR,ERR,ERR,ERR,ERR,ERR,ERR,ERR,ERR,ERR,ERR,ERR,ERR,ERR,ERR,ERR,ERR,ERR,ERR,ERR,ERR,ERR,ERR,ERR,ERR,ERR,ERR,ERR,ERR,ERR,ERR,ERR,ERR,ERR,ERR,ERR,ERR,ERR,ERR,ERR,ERR,ERR,ERR,ERR,ERR,ERR,ERR,ERR,ERR,ERR,ERR,ERR,ERR,ERR,ERR,ERR,ERR,ERR,ERR,ERR,ERR,ERR,ERR,ERR,ERR,ERR,ERR,ERR,ERR,ERR,ERR,ERR,ERR,ERR,ERR,ERR,ERR,ERR,ERR,ERR,ERR,ERR,ERR,ERR,ERR,ERR,ERR,ERR,ERR,ERR,ERR,ERR,ERR,ERR,ERR,ERR,ERR,ERR,ERR,ERR,ERR,ERR,ERR,ERR,ERR,0.0,2.7184527190102135e+23,-0.0,0.0,-0.031,1.854,137736568832.0,-5.90296905634135e+24,4300,0,8,17169,4300,0.0,41,0.0,0.0,0.0,0.0,-0.0,0,0,0,0,0.0,0,0,0,0,0,0,0,0,0,0,0,0,0,0,0,0,0,0,0,0,0,0,0,0,0,0,0,0,0,0,0,0,0,12,35,35,48,65476,401,65476,1,0,4,21553,0.0,0.0,0.0,0.0,0.0,0.0,0.0,0.0,0.0,0.0,0.0,0.0,0.0,0.0,0.0,0.0,0.0,0.0,0.0,0.0,0.0,2.004,2.004,-0.0,-0.0,0.0,0.0,0.0,0.0,0.0,6559.0,-8608231424.0,0.0,0.0,2.7184527190102135e+23,-0.0,2.7184509175703625e+23,0.0,0.0,2.004,2.004,225,-71.629,0.0,0.0,0.0,0.0,0.0,0.0,0.0,0.0,0,0,0,-0.0,-0.0,0.0,1.8111749619531582e+38,0.0,1.9285366706161578e+28,-96907472928768.0,0.0,3.326741842587896e+20,-1.456688995987264e+36,-1596134528.0,5.248986461046913e+21,0.0,1.44,0.0,8.210909649435352e+27,0,1.3516416376850534e+27,225,0.0,450,0.0,-20512.541,2112,52429,17109,52429,17111,52429,17095,0,0,0,101,100,100,-107615264.0,66.4,-107615272.0,66.7,2.7302343157793998e+23,66.5,1,49,50,180,52429,52429,0,0,0.0,0.0,0.0,60.0,-0.0,71.0,0.0,-0.0,0.0,1069,0,1069,0,0,0,1069,0,1079,0,1000,0,667,0,669,0,664,0,682,0.032,1.4536034330083127e+22,-0.0,2.730234856211355e+23,42128,16814,-0.0,-0.0,-0.202,0.0,1.442998290635083e+19,-0.0,50.0,60.0,35,0.0,0.0,10.0,2.0,0.0,0.0,0.0,0.0,0.0,0.0,0.0,0.0,0.0,0.0,0.0,0.0,58.8,54,11,65509,27,65476,0,300,0,0,8,20529,65476,0,0,30147,60.0,0.0,10.0,10.0,2.0,0.0
2026-02-16T12:53:44,ERR,ERR,ERR,ERR,ERR,ERR,ERR,ERR,ERR,ERR,ERR,ERR,ERR,ERR,ERR,ERR,ERR,ERR,ERR,ERR,ERR,ERR,ERR,ERR,ERR,ERR,ERR,ERR,ERR,ERR,ERR,ERR,ERR,ERR,ERR,ERR,ERR,ERR,ERR,ERR,ERR,ERR,ERR,ERR,ERR,ERR,ERR,ERR,ERR,ERR,ERR,ERR,ERR,ERR,ERR,ERR,ERR,ERR,ERR,ERR,ERR,ERR,ERR,ERR,ERR,ERR,ERR,ERR,ERR,ERR,ERR,ERR,ERR,ERR,ERR,ERR,ERR,ERR,ERR,ERR,ERR,ERR,ERR,ERR,ERR,ERR,ERR,ERR,ERR,ERR,ERR,ERR,ERR,ERR,ERR,ERR,ERR,ERR,ERR,ERR,ERR,ERR,ERR,ERR,ERR,ERR,ERR,ERR,ERR,ERR,ERR,ERR,ERR,ERR,ERR,ERR,ERR,ERR,ERR,ERR,ERR,ERR,ERR,ERR,ERR,0.0,2.7184527190102135e+23,-0.0,0.0,-0.031,1.854,137736568832.0,-5.90296905634135e+24,4300,0,8,17169,4300,0.0,41,0.0,0.0,0.0,0.0,-0.0,0,0,0,0,0.0,0,0,0,0,0,0,0,0,0,0,0,0,0,0,0,0,0,0,0,0,0,0,0,0,0,0,0,0,0,0,0,0,0,12,35,35,48,65476,401,65476,1,0,4,21553,0.0,0.0,0.0,0.0,0.0,0.0,0.0,0.0,0.0,0.0,0.0,0.0,0.0,0.0,0.0,0.0,0.0,0.0,0.0,0.0,0.0,2.004,2.004,-0.0,-0.0,0.0,0.0,0.0,0.0,0.0,6559.0,-8608231424.0,0.0,0.0,2.7184527190102135e+23,-0.0,2.7184509175703625e+23,0.0,0.0,2.004,2.004,225,-71.629,0.0,0.0,0.0,0.0,0.0,0.0,0.0,0.0,0,0,0,-0.0,-0.0,0.0,1.8111749619531582e+38,0.0,1.9285366706161578e+28,-96907472928768.0,0.0,3.326741842587896e+20,-1.456688995987264e+36,-1596134528.0,5.248986461046913e+21,0.0,1.44,0.0,8.210909649435352e+27,0,1.3516416376850534e+27,225,0.0,450,0.0,-20512.541,2112,52429,17109,52429,17111,52429,17095,0,0,0,101,100,100,-107615264.0,66.4,-107615272.0,66.7,2.7302343157793998e+23,66.5,1,49,50,180,52429,52429,0,0,0.0,0.0,0.0,60.0,-0.0,71.0,0.0,-0.0,0.0,1069,0,1069,0,0,0,1069,0,1079,0,1000,0,667,0,669,0,664,0,682,0.032,1.4536034330083127e+22,-0.0,2.730234856211355e+23,42128,16814,-0.0,-0.0,-0.202,0.0,1.442998290635083e+19,-0.0,50.0,60.0,35,0.0,0.0,10.0,2.0,0.0,0.0,0.0,0.0,0.0,0.0,0.0,0.0,0.0,0.0,0.0,0.0,58.8,54,11,65509,27,65476,0,300,0,0,8,20529,65476,0,0,30147,60.0,0.0,10.0,10.0,2.0,0.0
2026-02-16T12:53:45,ERR,ERR,ERR,ERR,ERR,ERR,ERR,ERR,ERR,ERR,ERR,ERR,ERR,ERR,ERR,ERR,ERR,ERR,ERR,ERR,ERR,ERR,ERR,ERR,ERR,ERR,ERR,ERR,ERR,ERR,ERR,ERR,ERR,ERR,ERR,ERR,ERR,ERR,ERR,ERR,ERR,ERR,ERR,ERR,ERR,ERR,ERR,ERR,ERR,ERR,ERR,ERR,ERR,ERR,ERR,ERR,ERR,ERR,ERR,ERR,ERR,ERR,ERR,ERR,ERR,ERR,ERR,ERR,ERR,ERR,ERR,ERR,ERR,ERR,ERR,ERR,ERR,ERR,ERR,ERR,ERR,ERR,ERR,ERR,ERR,ERR,ERR,ERR,ERR,ERR,ERR,ERR,ERR,ERR,ERR,ERR,ERR,ERR,ERR,ERR,ERR,ERR,ERR,ERR,ERR,ERR,ERR,ERR,ERR,ERR,ERR,ERR,ERR,ERR,ERR,ERR,ERR,ERR,ERR,ERR,ERR,ERR,ERR,ERR,ERR,0.0,2.7184527190102135e+23,-0.0,0.0,-0.031,1.854,137736568832.0,-5.90296905634135e+24,4300,0,8,17169,4300,0.0,41,0.0,0.0,0.0,0.0,-0.0,0,0,0,0,0.0,0,0,0,0,0,0,0,0,0,0,0,0,0,0,0,0,0,0,0,0,0,0,0,0,0,0,0,0,0,0,0,0,0,12,35,35,48,65476,401,65476,1,0,4,21553,0.0,0.0,0.0,0.0,0.0,0.0,0.0,0.0,0.0,0.0,0.0,0.0,0.0,0.0,0.0,0.0,0.0,0.0,0.0,0.0,0.0,2.004,2.004,-0.0,-0.0,0.0,0.0,0.0,0.0,0.0,6559.0,-8608231424.0,0.0,0.0,2.7184527190102135e+23,-0.0,2.7184509175703625e+23,0.0,0.0,2.004,2.004,225,-71.629,0.0,0.0,0.0,0.0,0.0,0.0,0.0,0.0,0,0,0,-0.0,-0.0,0.0,1.8111749619531582e+38,0.0,1.9285366706161578e+28,-96907472928768.0,0.0,3.326741842587896e+20,-1.456688995987264e+36,-1596134528.0,5.248986461046913e+21,0.0,1.44,0.0,8.210909649435352e+27,0,1.3516416376850534e+27,225,0.0,450,0.0,-20512.541,2112,52429,17109,52429,17111,52429,17095,0,0,0,101,100,100,-107615264.0,66.4,-107615272.0,66.7,2.7302343157793998e+23,66.5,1,49,50,180,52429,52429,0,0,0.0,0.0,0.0,60.0,-0.0,71.0,0.0,-0.0,0.0,1069,0,1069,0,0,0,1069,0,1079,0,1000,0,667,0,669,0,664,0,682,0.032,1.4536034330083127e+22,-0.0,2.730234856211355e+23,42128,16814,-0.0,-0.0,-0.202,0.0,1.442998290635083e+19,-0.0,50.0,60.0,35,0.0,0.0,10.0,2.0,0.0,0.0,0.0,0.0,0.0,0.0,0.0,0.0,0.0,0.0,0.0,0.0,58.8,54,11,65509,27,65476,0,300,0,0,8,20529,65476,0,0,30147,60.0,0.0,10.0,10.0,2.0,0.0
2026-02-16T12:53:46,ERR,ERR,ERR,ERR,ERR,ERR,ERR,ERR,ERR,ERR,ERR,ERR,ERR,ERR,ERR,ERR,ERR,ERR,ERR,ERR,ERR,ERR,ERR,ERR,ERR,ERR,ERR,ERR,ERR,ERR,ERR,ERR,ERR,ERR,ERR,ERR,ERR,ERR,ERR,ERR,ERR,ERR,ERR,ERR,ERR,ERR,ERR,ERR,ERR,ERR,ERR,ERR,ERR,ERR,ERR,ERR,ERR,ERR,ERR,ERR,ERR,ERR,ERR,ERR,ERR,ERR,ERR,ERR,ERR,ERR,ERR,ERR,ERR,ERR,ERR,ERR,ERR,ERR,ERR,ERR,ERR,ERR,ERR,ERR,ERR,ERR,ERR,ERR,ERR,ERR,ERR,ERR,ERR,ERR,ERR,ERR,ERR,ERR,ERR,ERR,ERR,ERR,ERR,ERR,ERR,ERR,ERR,ERR,ERR,ERR,ERR,ERR,ERR,ERR,ERR,ERR,ERR,ERR,ERR,ERR,ERR,ERR,ERR,ERR,ERR,0.0,2.7184527190102135e+23,-0.0,0.0,-0.031,1.854,137736568832.0,-5.90296905634135e+24,4300,0,8,17169,4300,0.0,41,0.0,0.0,0.0,0.0,-0.0,0,0,0,0,0.0,0,0,0,0,0,0,0,0,0,0,0,0,0,0,0,0,0,0,0,0,0,0,0,0,0,0,0,0,0,0,0,0,0,12,35,35,48,65476,401,65476,1,0,4,21553,0.0,0.0,0.0,0.0,0.0,0.0,0.0,0.0,0.0,0.0,0.0,0.0,0.0,0.0,0.0,0.0,0.0,0.0,0.0,0.0,0.0,2.004,2.004,-0.0,-0.0,0.0,0.0,0.0,0.0,0.0,6559.0,-8608231424.0,0.0,0.0,2.7184527190102135e+23,-0.0,2.7184509175703625e+23,0.0,0.0,2.004,2.004,225,-71.629,0.0,0.0,0.0,0.0,0.0,0.0,0.0,0.0,0,0,0,-0.0,-0.0,0.0,1.8111749619531582e+38,0.0,1.9285366706161578e+28,-96907472928768.0,0.0,3.326741842587896e+20,-1.456688995987264e+36,-1596134528.0,5.248986461046913e+21,0.0,1.44,0.0,8.210909649435352e+27,0,1.3516416376850534e+27,225,0.0,450,0.0,-20512.541,2112,52429,17109,52429,17111,52429,17095,0,0,0,101,100,100,-107615264.0,66.4,-107615272.0,66.7,2.7302343157793998e+23,66.5,1,49,50,180,52429,52429,0,0,0.0,0.0,0.0,60.0,-0.0,71.0,0.0,-0.0,0.0,1069,0,1069,0,0,0,1069,0,1079,0,1000,0,667,0,669,0,664,0,682,0.032,1.4536034330083127e+22,-0.0,2.730234856211355e+23,42128,16814,-0.0,-0.0,-0.202,0.0,1.442998290635083e+19,-0.0,50.0,60.0,35,0.0,0.0,10.0,2.0,0.0,0.0,0.0,0.0,0.0,0.0,0.0,0.0,0.0,0.0,0.0,0.0,58.8,54,11,65509,27,65476,0,300,0,0,8,20529,65476,0,0,30147,60.0,0.0,10.0,10.0,2.0,0.0
2026-02-16T12:53:47,ERR,ERR,ERR,ERR,ERR,ERR,ERR,ERR,ERR,ERR,ERR,ERR,ERR,ERR,ERR,ERR,ERR,ERR,ERR,ERR,ERR,ERR,ERR,ERR,ERR,ERR,ERR,ERR,ERR,ERR,ERR,ERR,ERR,ERR,ERR,ERR,ERR,ERR,ERR,ERR,ERR,ERR,ERR,ERR,ERR,ERR,ERR,ERR,ERR,ERR,ERR,ERR,ERR,ERR,ERR,ERR,ERR,ERR,ERR,ERR,ERR,ERR,ERR,ERR,ERR,ERR,ERR,ERR,ERR,ERR,ERR,ERR,ERR,ERR,ERR,ERR,ERR,ERR,ERR,ERR,ERR,ERR,ERR,ERR,ERR,ERR,ERR,ERR,ERR,ERR,ERR,ERR,ERR,ERR,ERR,ERR,ERR,ERR,ERR,ERR,ERR,ERR,ERR,ERR,ERR,ERR,ERR,ERR,ERR,ERR,ERR,ERR,ERR,ERR,ERR,ERR,ERR,ERR,ERR,ERR,ERR,ERR,ERR,ERR,ERR,0.0,2.7184527190102135e+23,-0.0,0.0,-0.031,1.854,137736568832.0,-5.90296905634135e+24,4300,0,8,17169,4300,0.0,41,0.0,0.0,0.0,0.0,-0.0,0,0,0,0,0.0,0,0,0,0,0,0,0,0,0,0,0,0,0,0,0,0,0,0,0,0,0,0,0,0,0,0,0,0,0,0,0,0,0,12,35,35,48,65476,401,65476,1,0,4,21553,0.0,0.0,0.0,0.0,0.0,0.0,0.0,0.0,0.0,0.0,0.0,0.0,0.0,0.0,0.0,0.0,0.0,0.0,0.0,0.0,0.0,2.004,2.004,-0.0,-0.0,0.0,0.0,0.0,0.0,0.0,6559.0,-8608231424.0,0.0,0.0,2.7184527190102135e+23,-0.0,2.7184509175703625e+23,0.0,0.0,2.004,2.004,225,-71.629,0.0,0.0,0.0,0.0,0.0,0.0,0.0,0.0,0,0,0,-0.0,-0.0,0.0,1.8111749619531582e+38,0.0,1.9285366706161578e+28,-96907472928768.0,0.0,3.326741842587896e+20,-1.456688995987264e+36,-1596134528.0,5.248986461046913e+21,0.0,1.44,0.0,8.210909649435352e+27,0,1.3516416376850534e+27,225,0.0,450,0.0,-20512.541,2112,52429,17109,0,17112,0,17096,0,0,0,101,100,100,-107615264.0,66.4,-107615272.0,66.7,2.7302343157793998e+23,66.5,1,49,50,180,52429,52429,0,0,0.0,0.0,0.0,60.0,-0.0,71.0,0.0,0.0,0.0,1068,0,1069,0,0,0,1069,0,1080,0,999,0,667,0,669,0,664,0,682,0.032,1.4536034330083127e+22,-0.0,2.730234856211355e+23,60304,16814,-0.0,0.0,1.08,183242320.0,-16660193280.0,0.0,50.0,60.0,35,0.0,0.0,10.0,2.0,0.0,0.0,0.0,0.0,0.0,0.0,0.0,0.0,0.0,0.0,0.0,0.0,58.8,54,11,65509,27,65476,0,300,0,0,8,20529,65476,0,0,30147,60.0,0.0,10.0,10.0,2.0,0.0
2026-02-16T12:53:48,ERR,ERR,ERR,ERR,ERR,ERR,ERR,ERR,ERR,ERR,ERR,ERR,ERR,ERR,ERR,ERR,ERR,ERR,ERR,ERR,ERR,ERR,ERR,ERR,ERR,ERR,ERR,ERR,ERR,ERR,ERR,ERR,ERR,ERR,ERR,ERR,ERR,ERR,ERR,ERR,ERR,ERR,ERR,ERR,ERR,ERR,ERR,ERR,ERR,ERR,ERR,ERR,ERR,ERR,ERR,ERR,ERR,ERR,ERR,ERR,ERR,ERR,ERR,ERR,ERR,ERR,ERR,ERR,ERR,ERR,ERR,ERR,ERR,ERR,ERR,ERR,ERR,ERR,ERR,ERR,ERR,ERR,ERR,ERR,ERR,ERR,ERR,ERR,ERR,ERR,ERR,ERR,ERR,ERR,ERR,ERR,ERR,ERR,ERR,ERR,ERR,ERR,ERR,ERR,ERR,ERR,ERR,ERR,ERR,ERR,ERR,ERR,ERR,ERR,ERR,ERR,ERR,ERR,ERR,ERR,ERR,ERR,ERR,ERR,ERR,0.0,2.7184527190102135e+23,-0.0,0.0,-0.031,0.0,0.0,0.0,4300,0,8,17168,4300,0.0,41,0.0,0.0,0.0,0.0,-0.0,0,0,0,0,0.0,0,0,0,0,0,0,0,0,0,0,0,0,0,0,0,0,0,0,0,0,0,0,0,0,0,0,0,0,0,0,0,0,0,12,36,36,48,65476,400,65476,1,0,4,21553,0.0,0.0,0.0,0.0,0.0,0.0,0.0,0.0,0.0,0.0,0.0,0.0,0.0,0.0,0.0,0.0,0.0,0.0,0.0,0.0,0.0,2.004,2.004,-0.0,-0.0,0.0,0.0,0.0,0.0,0.0,6560.0,0.0,0.0,0.0,107616352.0,-107616232.0,-0.0,0.0,0.0,2.004,2.004,224,-0.0,0.059,0.0,0.0,0.0,0.0,0.0,0.0,0.0,0,0,0,-0.0,2.771001420438647e+27,0.0,-0.0,0.0,0.0,-1100715225251840.0,3136220016148480.0,0.0,-1.5916887143091696e+36,-1696797824.0,5.654814830668523e+21,0.0,1.518,0.0,-4.3406808553192056e+20,0,1.3516416376850534e+27,224,0.0,448,-74360974999552.0,0.0,2112,52429,17109,0,17112,0,17096,0,0,0,101,100,100,-107615264.0,66.4,-107615272.0,66.7,2.7302343157793998e+23,66.5,1,49,50,180,52429,52429,0,0,0.0,0.0,0.0,60.0,-0.0,71.0,0.0,0.0,0.0,1068,0,1069,0,0,0,1069,0,1080,0,999,0,667,0,669,0,664,0,682,0.032,1.4536034330083127e+22,-0.0,2.730234856211355e+23,60304,16814,-0.0,0.0,1.08,183242320.0,-16660193280.0,0.0,50.0,60.0,35,0.0,0.0,10.0,2.0,0.0,0.0,0.0,0.0,0.0,0.0,0.0,0.0,0.0,0.0,0.0,0.0,59.2,54,11,65509,27,65476,0,300,0,0,8,20529,65476,0,0,30147,60.0,0.0,10.0,10.0,2.0,0.0
2026-02-16T12:53:49,ERR,ERR,ERR,ERR,ERR,ERR,ERR,ERR,ERR,ERR,ERR,ERR,ERR,ERR,ERR,ERR,ERR,ERR,ERR,ERR,ERR,ERR,ERR,ERR,ERR,ERR,ERR,ERR,ERR,ERR,ERR,ERR,ERR,ERR,ERR,ERR,ERR,ERR,ERR,ERR,ERR,ERR,ERR,ERR,ERR,ERR,ERR,ERR,ERR,ERR,ERR,ERR,ERR,ERR,ERR,ERR,ERR,ERR,ERR,ERR,ERR,ERR,ERR,ERR,ERR,ERR,ERR,ERR,ERR,ERR,ERR,ERR,ERR,ERR,ERR,ERR,ERR,ERR,ERR,ERR,ERR,ERR,ERR,ERR,ERR,ERR,ERR,ERR,ERR,ERR,ERR,ERR,ERR,ERR,ERR,ERR,ERR,ERR,ERR,ERR,ERR,ERR,ERR,ERR,ERR,ERR,ERR,ERR,ERR,ERR,ERR,ERR,ERR,ERR,ERR,ERR,ERR,ERR,ERR,ERR,ERR,ERR,ERR,ERR,ERR,0.0,2.7184527190102135e+23,-0.0,0.0,-0.031,0.0,0.0,0.0,4300,0,8,17168,4300,0.0,41,0.0,0.0,0.0,0.0,-0.0,0,0,0,0,0.0,0,0,0,0,0,0,0,0,0,0,0,0,0,0,0,0,0,0,0,0,0,0,0,0,0,0,0,0,0,0,0,0,0,12,36,36,48,65476,400,65476,1,0,4,21553,0.0,0.0,0.0,0.0,0.0,0.0,0.0,0.0,0.0,0.0,0.0,0.0,0.0,0.0,0.0,0.0,0.0,0.0,0.0,0.0,0.0,2.004,2.004,-0.0,-0.0,0.0,0.0,0.0,0.0,0.0,6560.0,0.0,0.0,0.0,107616352.0,-107616232.0,-0.0,0.0,0.0,2.004,2.004,224,-0.0,0.059,0.0,0.0,0.0,0.0,0.0,0.0,0.0,0,0,0,-0.0,2.771001420438647e+27,0.0,-0.0,0.0,0.0,-1100715225251840.0,3136220016148480.0,0.0,-1.5916887143091696e+36,-1696797824.0,5.654814830668523e+21,0.0,1.518,0.0,-4.3406808553192056e+20,0,1.3516416376850534e+27,224,0.0,448,-74360974999552.0,0.0,2112,52429,17109,0,17112,0,17096,0,0,0,101,100,100,-107615264.0,66.4,-107615272.0,66.7,2.7302343157793998e+23,66.5,1,49,50,180,52429,52429,0,0,0.0,0.0,0.0,60.0,-0.0,71.0,0.0,0.0,0.0,1068,0,1069,0,0,0,1069,0,1080,0,999,0,667,0,669,0,664,0,682,0.032,1.4536034330083127e+22,-0.0,2.730234856211355e+23,60304,16814,-0.0,0.0,1.08,183242320.0,-16660193280.0,0.0,50.0,60.0,35,0.0,0.0,10.0,2.0,0.0,0.0,0.0,0.0,0.0,0.0,0.0,0.0,0.0,0.0,0.0,0.0,58.8,54,12,65509,27,65476,0,300,0,0,8,20529,65476,0,0,30147,60.0,0.0,10.0,10.0,2.0,0.0
2026-02-16T12:53:50,ERR,ERR,ERR,ERR,ERR,ERR,ERR,ERR,ERR,ERR,ERR,ERR,ERR,ERR,ERR,ERR,ERR,ERR,ERR,ERR,ERR,ERR,ERR,ERR,ERR,ERR,ERR,ERR,ERR,ERR,ERR,ERR,ERR,ERR,ERR,ERR,ERR,ERR,ERR,ERR,ERR,ERR,ERR,ERR,ERR,ERR,ERR,ERR,ERR,ERR,ERR,ERR,ERR,ERR,ERR,ERR,ERR,ERR,ERR,ERR,ERR,ERR,ERR,ERR,ERR,ERR,ERR,ERR,ERR,ERR,ERR,ERR,ERR,ERR,ERR,ERR,ERR,ERR,ERR,ERR,ERR,ERR,ERR,ERR,ERR,ERR,ERR,ERR,ERR,ERR,ERR,ERR,ERR,ERR,ERR,ERR,ERR,ERR,ERR,ERR,ERR,ERR,ERR,ERR,ERR,ERR,ERR,ERR,ERR,ERR,ERR,ERR,ERR,ERR,ERR,ERR,ERR,ERR,ERR,ERR,ERR,ERR,ERR,ERR,ERR,0.0,2.7184527190102135e+23,-0.0,0.0,-0.031,0.0,0.0,0.0,4300,0,8,17168,4300,0.0,41,0.0,0.0,0.0,0.0,-0.0,0,0,0,0,0.0,0,0,0,0,0,0,0,0,0,0,0,0,0,0,0,0,0,0,0,0,0,0,0,0,0,0,0,0,0,0,0,0,0,12,36,36,48,65476,400,65476,1,0,4,21553,0.0,0.0,0.0,0.0,0.0,0.0,0.0,0.0,0.0,0.0,0.0,0.0,0.0,0.0,0.0,0.0,0.0,0.0,0.0,0.0,0.0,2.004,2.004,-0.0,-0.0,0.0,0.0,0.0,0.0,0.0,6560.0,0.0,0.0,0.0,107616352.0,-107616232.0,-0.0,0.0,0.0,2.004,2.004,224,-0.0,0.059,0.0,0.0,0.0,0.0,0.0,0.0,0.0,0,0,0,-0.0,2.771001420438647e+27,0.0,-0.0,0.0,0.0,-1100715225251840.0,3136220016148480.0,0.0,-1.5916887143091696e+36,-1696797824.0,5.654814830668523e+21,0.0,1.518,0.0,-4.3406808553192056e+20,0,1.3516416376850534e+27,224,0.0,448,-74360974999552.0,0.0,2112,52429,17109,0,17112,52429,17095,0,0,0,101,100,100,-107615264.0,66.4,-107615272.0,66.7,2.7302343157793998e+23,66.5,1,49,50,180,52429,52429,0,0,0.0,0.0,0.0,60.0,-0.003,71.0,0.0,-0.0,0.0,1069,0,1069,0,0,0,1069,0,1080,0,1000,0,667,0,669,0,664,0,682,0.032,1.4609821306377965e+22,-0.0,2.730234856211355e+23,65424,16814,-0.069,3.785294378561459e+36,-0.013,0.0,8.331884160763298e+18,-0.0,50.0,60.0,35,0.0,0.0,10.0,2.0,0.0,0.0,0.0,0.0,0.0,0.0,0.0,0.0,0.0,0.0,0.0,0.0,58.8,54,12,65509,27,65476,0,300,0,0,8,20529,65476,0,0,30147,60.0,0.0,10.0,10.0,2.0,0.0
2026-02-16T12:53:51,ERR,ERR,ERR,ERR,ERR,ERR,ERR,ERR,ERR,ERR,ERR,ERR,ERR,ERR,ERR,ERR,ERR,ERR,ERR,ERR,ERR,ERR,ERR,ERR,ERR,ERR,ERR,ERR,ERR,ERR,ERR,ERR,ERR,ERR,ERR,ERR,ERR,ERR,ERR,ERR,ERR,ERR,ERR,ERR,ERR,ERR,ERR,ERR,ERR,ERR,ERR,ERR,ERR,ERR,ERR,ERR,ERR,ERR,ERR,ERR,ERR,ERR,ERR,ERR,ERR,ERR,ERR,ERR,ERR,ERR,ERR,ERR,ERR,ERR,ERR,ERR,ERR,ERR,ERR,ERR,ERR,ERR,ERR,ERR,ERR,ERR,ERR,ERR,ERR,ERR,ERR,ERR,ERR,ERR,ERR,ERR,ERR,ERR,ERR,ERR,ERR,ERR,ERR,ERR,ERR,ERR,ERR,ERR,ERR,ERR,ERR,ERR,ERR,ERR,ERR,ERR,ERR,ERR,ERR,ERR,ERR,ERR,ERR,ERR,ERR,0.0,2.7184527190102135e+23,-0.0,0.0,-0.031,0.0,0.0,0.0,4300,0,8,17168,4300,0.0,41,0.0,0.0,0.0,0.0,-0.0,0,0,0,0,0.0,0,0,0,0,0,0,0,0,0,0,0,0,0,0,0,0,0,0,0,0,0,0,0,0,0,0,0,0,0,0,0,0,0,12,36,36,48,65476,400,65476,1,0,4,21553,0.0,0.0,0.0,0.0,0.0,0.0,0.0,0.0,0.0,0.0,0.0,0.0,0.0,0.0,0.0,0.0,0.0,0.0,0.0,0.0,0.0,2.004,2.004,-0.0,-0.0,0.0,0.0,0.0,0.0,0.0,6560.0,0.0,0.0,0.0,107616352.0,-107616232.0,-0.0,0.0,0.0,2.004,2.004,224,-0.0,0.059,0.0,0.0,0.0,0.0,0.0,0.0,0.0,0,0,0,-0.0,2.771001420438647e+27,0.0,-0.0,0.0,0.0,-1100715225251840.0,3136220016148480.0,0.0,-1.5916887143091696e+36,-1696797824.0,5.654814830668523e+21,0.0,1.518,0.0,-4.3406808553192056e+20,0,1.3516416376850534e+27,224,0.0,448,-74360974999552.0,0.0,2112,52429,17109,0,17112,52429,17095,0,0,0,101,100,100,-107615264.0,66.4,-107615272.0,66.7,2.7302343157793998e+23,66.5,1,49,50,180,52429,52429,0,0,0.0,0.0,0.0,60.0,-0.003,71.0,0.0,-0.0,0.0,1069,0,1069,0,0,0,1069,0,1080,0,1000,0,667,0,669,0,664,0,682,0.032,1.4609821306377965e+22,-0.0,2.730234856211355e+23,65424,16814,-0.069,3.785294378561459e+36,-0.013,0.0,8.331884160763298e+18,-0.0,50.0,60.0,35,0.0,0.0,10.0,2.0,0.0,0.0,0.0,0.0,0.0,0.0,0.0,0.0,0.0,0.0,0.0,0.0,58.8,54,12,65509,27,65476,0,300,0,0,8,20529,65476,0,0,30147,60.0,0.0,10.0,10.0,2.0,0.0
2026-02-16T12:53:52,ERR,ERR,ERR,ERR,ERR,ERR,ERR,ERR,ERR,ERR,ERR,ERR,ERR,ERR,ERR,ERR,ERR,ERR,ERR,ERR,ERR,ERR,ERR,ERR,ERR,ERR,ERR,ERR,ERR,ERR,ERR,ERR,ERR,ERR,ERR,ERR,ERR,ERR,ERR,ERR,ERR,ERR,ERR,ERR,ERR,ERR,ERR,ERR,ERR,ERR,ERR,ERR,ERR,ERR,ERR,ERR,ERR,ERR,ERR,ERR,ERR,ERR,ERR,ERR,ERR,ERR,ERR,ERR,ERR,ERR,ERR,ERR,ERR,ERR,ERR,ERR,ERR,ERR,ERR,ERR,ERR,ERR,ERR,ERR,ERR,ERR,ERR,ERR,ERR,ERR,ERR,ERR,ERR,ERR,ERR,ERR,ERR,ERR,ERR,ERR,ERR,ERR,ERR,ERR,ERR,ERR,ERR,ERR,ERR,ERR,ERR,ERR,ERR,ERR,ERR,ERR,ERR,ERR,ERR,ERR,ERR,ERR,ERR,ERR,ERR,0.0,2.7184527190102135e+23,-0.0,0.0,-0.031,0.0,0.0,0.0,4300,0,8,17168,4300,0.0,41,0.0,0.0,0.0,0.0,-0.0,0,0,0,0,0.0,0,0,0,0,0,0,0,0,0,0,0,0,0,0,0,0,0,0,0,0,0,0,0,0,0,0,0,0,0,0,0,0,0,12,36,36,48,65476,400,65476,1,0,4,21553,0.0,0.0,0.0,0.0,0.0,0.0,0.0,0.0,0.0,0.0,0.0,0.0,0.0,0.0,0.0,0.0,0.0,0.0,0.0,0.0,0.0,2.004,2.004,-0.0,-0.0,0.0,0.0,0.0,0.0,0.0,6560.0,0.0,0.0,0.0,107616352.0,-107616232.0,-0.0,0.0,0.0,2.004,2.004,224,-0.0,0.059,0.0,0.0,0.0,0.0,0.0,0.0,0.0,0,0,0,-0.0,2.771001420438647e+27,0.0,-0.0,0.0,0.0,-1100715225251840.0,3136220016148480.0,0.0,-1.5916887143091696e+36,-1696797824.0,5.654814830668523e+21,0.0,1.518,0.0,-4.3406808553192056e+20,0,1.3516416376850534e+27,224,0.0,448,-74360974999552.0,0.0,2112,52429,17109,0,17112,52429,17095,0,0,0,101,100,100,-107615264.0,66.4,-107615272.0,66.7,2.7302343157793998e+23,66.5,1,49,50,180,52429,52429,0,0,0.0,0.0,0.0,60.0,-0.003,71.0,0.0,-0.0,0.0,1069,0,1069,0,0,0,1069,0,1080,0,1000,0,667,0,669,0,664,0,682,0.032,1.4609821306377965e+22,-0.0,2.730234856211355e+23,65424,16814,-0.069,3.785294378561459e+36,-0.013,0.0,8.331884160763298e+18,-0.0,50.0,60.0,35,0.0,0.0,10.0,2.0,0.0,0.0,0.0,0.0,0.0,0.0,0.0,0.0,0.0,0.0,0.0,0.0,58.8,54,12,65509,27,65476,0,300,0,0,8,20529,65476,0,0,30147,60.0,0.0,10.0,10.0,2.0,0.0
2026-02-16T12:53:53,ERR,ERR,ERR,ERR,ERR,ERR,ERR,ERR,ERR,ERR,ERR,ERR,ERR,ERR,ERR,ERR,ERR,ERR,ERR,ERR,ERR,ERR,ERR,ERR,ERR,ERR,ERR,ERR,ERR,ERR,ERR,ERR,ERR,ERR,ERR,ERR,ERR,ERR,ERR,ERR,ERR,ERR,ERR,ERR,ERR,ERR,ERR,ERR,ERR,ERR,ERR,ERR,ERR,ERR,ERR,ERR,ERR,ERR,ERR,ERR,ERR,ERR,ERR,ERR,ERR,ERR,ERR,ERR,ERR,ERR,ERR,ERR,ERR,ERR,ERR,ERR,ERR,ERR,ERR,ERR,ERR,ERR,ERR,ERR,ERR,ERR,ERR,ERR,ERR,ERR,ERR,ERR,ERR,ERR,ERR,ERR,ERR,ERR,ERR,ERR,ERR,ERR,ERR,ERR,ERR,ERR,ERR,ERR,ERR,ERR,ERR,ERR,ERR,ERR,ERR,ERR,ERR,ERR,ERR,ERR,ERR,ERR,ERR,ERR,ERR,-107615880.0,107616352.0,-0.0,0.0,-0.031,4.79349233186441e+26,-0.0,-0.02,4300,0,8,17169,4300,0.0,41,0.0,0.0,0.0,0.0,-0.0,0,0,0,0,0.0,0,0,0,0,0,0,0,0,0,0,0,0,0,0,0,0,0,0,0,0,0,0,0,0,0,0,0,0,0,0,0,0,0,12,36,36,48,65476,402,65476,1,0,4,21553,0.0,-0.0,0.0,0.0,0.0,0.0,0.0,0.0,0.0,0.0,0.0,0.0,0.0,0.0,0.0,0.0,0.0,0.0,0.0,0.0,0.0,2.004,2.004,3.6970818999223845e+19,-0.0,0.0,0.0,0.0,0.0,0.0,6591.0,564149121712128.0,0.0,0.0,107616352.0,-107616232.0,-0.0,0.0,0.0,2.004,2.004,225,-0.0,3.2220245344017747e+26,0.0,0.0,0.0,0.0,0.0,0.0,0.0,0,0,0,4.9277682849689516e+36,0.033,-2.147756833665525e+37,-4.395803034663002e+27,0.0,-1.892064461193677e+32,-3.737131286212371e+23,8.962583037187114e+25,-0.0,-1.7163038389140055e+36,-1797461120.0,6.134430176584971e+21,0.0,1.612,0.0,-0.61,0,1.3516416376850534e+27,225,0.0,450,0.0,0.0,2112,52429,17109,0,17112,52429,17095,0,0,0,101,100,100,-107615264.0,66.4,-107615272.0,66.7,2.7302343157793998e+23,66.5,1,49,50,180,52429,52429,0,0,0.0,0.0,0.0,60.0,-0.003,71.0,0.0,-0.0,0.0,1069,0,1069,0,0,0,1069,0,1080,0,1000,0,667,0,669,0,664,0,682,0.032,1.4609821306377965e+22,-0.0,2.730234856211355e+23,65424,16814,-0.069,3.785294378561459e+36,-0.013,0.0,8.331884160763298e+18,-0.0,50.0,60.0,35,0.0,0.0,10.0,2.0,0.0,0.0,0.0,0.0,0.0,0.0,0.0,0.0,0.0,0.0,0.0,0.0,58.8,54,12,65509,27,65476,0,300,0,0,8,20529,65476,0,0,30147,60.0,0.0,10.0,10.0,2.0,0.0
2026-02-16T12:53:54,ERR,ERR,ERR,ERR,ERR,ERR,ERR,ERR,ERR,ERR,ERR,ERR,ERR,ERR,ERR,ERR,ERR,ERR,ERR,ERR,ERR,ERR,ERR,ERR,ERR,ERR,ERR,ERR,ERR,ERR,ERR,ERR,ERR,ERR,ERR,ERR,ERR,ERR,ERR,ERR,ERR,ERR,ERR,ERR,ERR,ERR,ERR,ERR,ERR,ERR,ERR,ERR,ERR,ERR,ERR,ERR,ERR,ERR,ERR,ERR,ERR,ERR,ERR,ERR,ERR,ERR,ERR,ERR,ERR,ERR,ERR,ERR,ERR,ERR,ERR,ERR,ERR,ERR,ERR,ERR,ERR,ERR,ERR,ERR,ERR,ERR,ERR,ERR,ERR,ERR,ERR,ERR,ERR,ERR,ERR,ERR,ERR,ERR,ERR,ERR,ERR,ERR,ERR,ERR,ERR,ERR,ERR,ERR,ERR,ERR,ERR,ERR,ERR,ERR,ERR,ERR,ERR,ERR,ERR,ERR,ERR,ERR,ERR,ERR,ERR,-107615880.0,107616352.0,-0.0,0.0,-0.031,4.79349233186441e+26,-0.0,-0.02,4300,0,8,17169,4300,0.0,41,0.0,0.0,0.0,0.0,-0.0,0,0,0,0,0.0,0,0,0,0,0,0,0,0,0,0,0,0,0,0,0,0,0,0,0,0,0,0,0,0,0,0,0,0,0,0,0,0,0,12,36,36,48,65476,402,65476,1,0,4,21553,0.0,-0.0,0.0,0.0,0.0,0.0,0.0,0.0,0.0,0.0,0.0,0.0,0.0,0.0,0.0,0.0,0.0,0.0,0.0,0.0,0.0,2.004,2.004,3.6970818999223845e+19,-0.0,0.0,0.0,0.0,0.0,0.0,6591.0,564149121712128.0,0.0,0.0,107616352.0,-107616232.0,-0.0,0.0,0.0,2.004,2.004,225,-0.0,3.2220245344017747e+26,0.0,0.0,0.0,0.0,0.0,0.0,0.0,0,0,0,4.9277682849689516e+36,0.033,-2.147756833665525e+37,-4.395803034663002e+27,0.0,-1.892064461193677e+32,-3.737131286212371e+23,8.962583037187114e+25,-0.0,-1.7163038389140055e+36,-1797461120.0,6.134430176584971e+21,0.0,1.612,0.0,-0.61,0,1.3516416376850534e+27,225,0.0,450,0.0,0.0,2112,52429,17109,52429,17111,0,17096,0,0,0,101,100,100,-107615264.0,66.4,-107615272.0,66.7,2.7302343157793998e+23,66.5,1,49,50,180,52429,52429,0,0,0.0,0.0,0.0,60.0,-19.282,71.0,0.0,3.393773201690019e+37,0.0,1069,0,1069,0,0,0,1069,0,1080,0,999,0,667,0,669,0,664,0,681,0.032,1.4536034330083127e+22,-0.0,2.730234856211355e+23,1808,16815,-231.26,3.393773201690019e+37,-237240960.0,-1.702660035931277e+22,8.32910780964215e+30,-0.0,50.0,60.0,35,0.0,0.0,10.0,2.0,0.0,0.0,0.0,0.0,0.0,0.0,0.0,0.0,0.0,0.0,0.0,0.0,58.8,54,12,65509,27,65476,0,300,0,0,8,20529,65476,0,0,30147,60.0,0.0,10.0,10.0,2.0,0.0
2026-02-16T12:53:55,ERR,ERR,ERR,ERR,ERR,ERR,ERR,ERR,ERR,ERR,ERR,ERR,ERR,ERR,ERR,ERR,ERR,ERR,ERR,ERR,ERR,ERR,ERR,ERR,ERR,ERR,ERR,ERR,ERR,ERR,ERR,ERR,ERR,ERR,ERR,ERR,ERR,ERR,ERR,ERR,ERR,ERR,ERR,ERR,ERR,ERR,ERR,ERR,ERR,ERR,ERR,ERR,ERR,ERR,ERR,ERR,ERR,ERR,ERR,ERR,ERR,ERR,ERR,ERR,ERR,ERR,ERR,ERR,ERR,ERR,ERR,ERR,ERR,ERR,ERR,ERR,ERR,ERR,ERR,ERR,ERR,ERR,ERR,ERR,ERR,ERR,ERR,ERR,ERR,ERR,ERR,ERR,ERR,ERR,ERR,ERR,ERR,ERR,ERR,ERR,ERR,ERR,ERR,ERR,ERR,ERR,ERR,ERR,ERR,ERR,ERR,ERR,ERR,ERR,ERR,ERR,ERR,ERR,ERR,ERR,ERR,ERR,ERR,ERR,ERR,-107615880.0,107616352.0,-0.0,0.0,-0.031,4.79349233186441e+26,-0.0,-0.02,4300,0,8,17169,4300,0.0,41,0.0,0.0,0.0,0.0,-0.0,0,0,0,0,0.0,0,0,0,0,0,0,0,0,0,0,0,0,0,0,0,0,0,0,0,0,0,0,0,0,0,0,0,0,0,0,0,0,0,12,36,36,48,65476,402,65476,1,0,4,21553,0.0,-0.0,0.0,0.0,0.0,0.0,0.0,0.0,0.0,0.0,0.0,0.0,0.0,0.0,0.0,0.0,0.0,0.0,0.0,0.0,0.0,2.004,2.004,3.6970818999223845e+19,-0.0,0.0,0.0,0.0,0.0,0.0,6591.0,564149121712128.0,0.0,0.0,107616352.0,-107616232.0,-0.0,0.0,0.0,2.004,2.004,225,-0.0,3.2220245344017747e+26,0.0,0.0,0.0,0.0,0.0,0.0,0.0,0,0,0,4.9277682849689516e+36,0.033,-2.147756833665525e+37,-4.395803034663002e+27,0.0,-1.892064461193677e+32,-3.737131286212371e+23,8.962583037187114e+25,-0.0,-1.7163038389140055e+36,-1797461120.0,6.134430176584971e+21,0.0,1.612,0.0,-0.61,0,1.3516416376850534e+27,225,0.0,450,0.0,0.0,2112,52429,17109,52429,17111,0,17096,0,0,0,101,100,100,-107615264.0,66.4,-107615272.0,66.7,2.7302343157793998e+23,66.5,1,49,50,180,52429,52429,0,0,0.0,0.0,0.0,60.0,-19.282,71.0,0.0,3.393773201690019e+37,0.0,1069,0,1069,0,0,0,1069,0,1080,0,999,0,667,0,669,0,664,0,681,0.032,1.4536034330083127e+22,-0.0,2.730234856211355e+23,1808,16815,-231.26,3.393773201690019e+37,-237240960.0,-1.702660035931277e+22,8.32910780964215e+30,-0.0,50.0,60.0,35,0.0,0.0,10.0,2.0,0.0,0.0,0.0,0.0,0.0,0.0,0.0,0.0,0.0,0.0,0.0,0.0,58.8,54,12,65509,27,65476,0,300,0,0,8,20529,65476,0,0,30147,60.0,0.0,10.0,10.0,2.0,0.0
2026-02-16T12:53:56,ERR,ERR,ERR,ERR,ERR,ERR,ERR,ERR,ERR,ERR,ERR,ERR,ERR,ERR,ERR,ERR,ERR,ERR,ERR,ERR,ERR,ERR,ERR,ERR,ERR,ERR,ERR,ERR,ERR,ERR,ERR,ERR,ERR,ERR,ERR,ERR,ERR,ERR,ERR,ERR,ERR,ERR,ERR,ERR,ERR,ERR,ERR,ERR,ERR,ERR,ERR,ERR,ERR,ERR,ERR,ERR,ERR,ERR,ERR,ERR,ERR,ERR,ERR,ERR,ERR,ERR,ERR,ERR,ERR,ERR,ERR,ERR,ERR,ERR,ERR,ERR,ERR,ERR,ERR,ERR,ERR,ERR,ERR,ERR,ERR,ERR,ERR,ERR,ERR,ERR,ERR,ERR,ERR,ERR,ERR,ERR,ERR,ERR,ERR,ERR,ERR,ERR,ERR,ERR,ERR,ERR,ERR,ERR,ERR,ERR,ERR,ERR,ERR,ERR,ERR,ERR,ERR,ERR,ERR,ERR,ERR,ERR,ERR,ERR,ERR,-107615880.0,107616352.0,-0.0,0.0,-0.031,4.79349233186441e+26,-0.0,-0.02,4300,0,8,17169,4300,0.0,41,0.0,0.0,0.0,0.0,-0.0,0,0,0,0,0.0,0,0,0,0,0,0,0,0,0,0,0,0,0,0,0,0,0,0,0,0,0,0,0,0,0,0,0,0,0,0,0,0,0,12,36,36,48,65476,402,65476,1,0,4,21553,0.0,-0.0,0.0,0.0,0.0,0.0,0.0,0.0,0.0,0.0,0.0,0.0,0.0,0.0,0.0,0.0,0.0,0.0,0.0,0.0,0.0,2.004,2.004,3.6970818999223845e+19,-0.0,0.0,0.0,0.0,0.0,0.0,6591.0,564149121712128.0,0.0,0.0,107616352.0,-107616232.0,-0.0,0.0,0.0,2.004,2.004,225,-0.0,3.2220245344017747e+26,0.0,0.0,0.0,0.0,0.0,0.0,0.0,0,0,0,4.9277682849689516e+36,0.033,-2.147756833665525e+37,-4.395803034663002e+27,0.0,-1.892064461193677e+32,-3.737131286212371e+23,8.962583037187114e+25,-0.0,-1.7163038389140055e+36,-1797461120.0,6.134430176584971e+21,0.0,1.612,0.0,-0.61,0,1.3516416376850534e+27,225,0.0,450,0.0,0.0,2112,52429,17109,52429,17111,0,17096,0,0,0,101,100,100,-107615264.0,66.4,-107615272.0,66.7,2.7302343157793998e+23,66.5,1,49,50,180,52429,52429,0,0,0.0,0.0,0.0,60.0,-19.282,71.0,0.0,3.393773201690019e+37,0.0,1069,0,1069,0,0,0,1069,0,1080,0,999,0,667,0,669,0,664,0,681,0.032,1.4536034330083127e+22,-0.0,2.730234856211355e+23,1808,16815,-231.26,3.393773201690019e+37,-237240960.0,-1.702660035931277e+22,8.32910780964215e+30,-0.0,50.0,60.0,35,0.0,0.0,10.0,2.0,0.0,0.0,0.0,0.0,0.0,0.0,0.0,0.0,0.0,0.0,0.0,0.0,59.2,54,12,65509,27,65476,0,300,0,0,8,20529,65476,0,0,30147,60.0,0.0,10.0,10.0,2.0,0.0
2026-02-16T12:53:57,ERR,ERR,ERR,ERR,ERR,ERR,ERR,ERR,ERR,ERR,ERR,ERR,ERR,ERR,ERR,ERR,ERR,ERR,ERR,ERR,ERR,ERR,ERR,ERR,ERR,ERR,ERR,ERR,ERR,ERR,ERR,ERR,ERR,ERR,ERR,ERR,ERR,ERR,ERR,ERR,ERR,ERR,ERR,ERR,ERR,ERR,ERR,ERR,ERR,ERR,ERR,ERR,ERR,ERR,ERR,ERR,ERR,ERR,ERR,ERR,ERR,ERR,ERR,ERR,ERR,ERR,ERR,ERR,ERR,ERR,ERR,ERR,ERR,ERR,ERR,ERR,ERR,ERR,ERR,ERR,ERR,ERR,ERR,ERR,ERR,ERR,ERR,ERR,ERR,ERR,ERR,ERR,ERR,ERR,ERR,ERR,ERR,ERR,ERR,ERR,ERR,ERR,ERR,ERR,ERR,ERR,ERR,ERR,ERR,ERR,ERR,ERR,ERR,ERR,ERR,ERR,ERR,ERR,ERR,ERR,ERR,ERR,ERR,ERR,ERR,-107615880.0,107616352.0,-0.0,0.0,-0.031,4.79349233186441e+26,-0.0,-0.02,4300,0,8,17169,4300,0.0,41,0.0,0.0,0.0,0.0,-0.0,0,0,0,0,0.0,0,0,0,0,0,0,0,0,0,0,0,0,0,0,0,0,0,0,0,0,0,0,0,0,0,0,0,0,0,0,0,0,0,12,36,36,48,65476,402,65476,1,0,4,21553,0.0,-0.0,0.0,0.0,0.0,0.0,0.0,0.0,0.0,0.0,0.0,0.0,0.0,0.0,0.0,0.0,0.0,0.0,0.0,0.0,0.0,2.004,2.004,3.6970818999223845e+19,-0.0,0.0,0.0,0.0,0.0,0.0,6591.0,564149121712128.0,0.0,0.0,107616352.0,-107616232.0,-0.0,0.0,0.0,2.004,2.004,225,-0.0,3.2220245344017747e+26,0.0,0.0,0.0,0.0,0.0,0.0,0.0,0,0,0,4.9277682849689516e+36,0.033,-2.147756833665525e+37,-4.395803034663002e+27,0.0,-1.892064461193677e+32,-3.737131286212371e+23,8.962583037187114e+25,-0.0,-1.7163038389140055e+36,-1797461120.0,6.134430176584971e+21,0.0,1.612,0.0,-0.61,0,1.3516416376850534e+27,225,0.0,450,0.0,0.0,2112,52429,17109,0,17112,52429,17095,0,0,0,101,100,100,-107615264.0,66.4,-107615272.0,66.7,2.7302343157793998e+23,66.5,1,49,50,180,52429,52429,0,0,0.0,0.0,0.0,60.0,-0.0,71.0,0.0,-0.0,0.0,1069,0,1069,0,0,0,1069,0,1080,0,999,0,667,0,669,0,664,0,681,0.032,1.4609821306377965e+22,2.004,0.0,58768,16814,-0.0,1274.042,0.0,-8.062397704675978e+33,-9.288955294111498e+17,-1.0219216056909472e+25,50.0,60.0,35,0.0,0.0,10.0,2.0,0.0,0.0,0.0,0.0,0.0,0.0,0.0,0.0,0.0,0.0,0.0,0.0,59.2,54,12,65509,27,65476,0,300,0,0,8,20529,65476,0,0,30147,60.0,0.0,10.0,10.0,2.0,0.0
2026-02-16T12:53:58,ERR,ERR,ERR,ERR,ERR,ERR,ERR,ERR,ERR,ERR,ERR,ERR,ERR,ERR,ERR,ERR,ERR,ERR,ERR,ERR,ERR,ERR,ERR,ERR,ERR,ERR,ERR,ERR,ERR,ERR,ERR,ERR,ERR,ERR,ERR,ERR,ERR,ERR,ERR,ERR,ERR,ERR,ERR,ERR,ERR,ERR,ERR,ERR,ERR,ERR,ERR,ERR,ERR,ERR,ERR,ERR,ERR,ERR,ERR,ERR,ERR,ERR,ERR,ERR,ERR,ERR,ERR,ERR,ERR,ERR,ERR,ERR,ERR,ERR,ERR,ERR,ERR,ERR,ERR,ERR,ERR,ERR,ERR,ERR,ERR,ERR,ERR,ERR,ERR,ERR,ERR,ERR,ERR,ERR,ERR,ERR,ERR,ERR,ERR,ERR,ERR,ERR,ERR,ERR,ERR,ERR,ERR,ERR,ERR,ERR,ERR,ERR,ERR,ERR,ERR,ERR,ERR,ERR,ERR,ERR,ERR,ERR,ERR,ERR,ERR,0.0,107616352.0,0.0,0.0,71072154124288.0,-0.0,-1265101307904.0,0.0,4300,0,8,17168,4300,0.0,41,0.0,0.0,0.0,0.0,-0.0,0,0,0,0,0.0,0,0,0,0,0,0,0,0,0,0,0,0,0,0,0,0,0,0,0,0,0,0,0,0,0,0,0,0,0,0,0,0,0,12,36,36,48,65476,404,65476,1,0,4,21553,0.0,0.0,0.0,0.0,0.0,0.0,0.0,0.0,0.0,0.0,0.0,0.0,0.0,0.0,0.0,0.0,0.0,0.0,0.0,0.0,0.0,2.004,0.0,3.6970818999223845e+19,-2.004,0.0,0.0,0.0,0.0,0.0,6590.0,2.4230020278207133e+24,0.0,-107615880.0,107616352.0,0.0,-0.0,0.0,0.0,2.004,2.004,226,-71.629,5.848079055467333e+35,0.0,0.0,0.0,0.0,0.0,0.0,0.0,0,0,0,-0.0,6.766486402618405e+22,-3.931686200395427e+27,0.0,-1.2543512618333818e+35,0.0,6.8389482510178845e+19,-0.0,6.52233868600509e+37,-1.851303557235911e+36,-1914901632.0,6.61404552250142e+21,0.0,1.705,0.0,0.0,0,1.3516416376850534e+27,226,0.0,452,-74360974999552.0,4.538271724008914e+24,2112,52429,17109,0,17112,52429,17095,0,0,0,101,100,100,-107615264.0,66.4,-107615272.0,66.7,2.7302343157793998e+23,66.5,1,49,50,180,52429,52429,0,0,0.0,0.0,0.0,60.0,-0.0,71.0,0.0,-0.0,0.0,1069,0,1069,0,0,0,1069,0,1080,0,999,0,667,0,669,0,664,0,681,0.032,1.4609821306377965e+22,2.004,0.0,58768,16814,-0.0,1274.042,0.0,-8.062397704675978e+33,-9.288955294111498e+17,-1.0219216056909472e+25,50.0,60.0,35,0.0,0.0,10.0,2.0,0.0,0.0,0.0,0.0,0.0,0.0,0.0,0.0,0.0,0.0,0.0,0.0,58.8,54,12,65509,27,65476,0,300,0,0,8,20529,65476,0,0,30147,60.0,0.0,10.0,10.0,2.0,0.0
2026-02-16T12:53:59,ERR,ERR,ERR,ERR,ERR,ERR,ERR,ERR,ERR,ERR,ERR,ERR,ERR,ERR,ERR,ERR,ERR,ERR,ERR,ERR,ERR,ERR,ERR,ERR,ERR,ERR,ERR,ERR,ERR,ERR,ERR,ERR,ERR,ERR,ERR,ERR,ERR,ERR,ERR,ERR,ERR,ERR,ERR,ERR,ERR,ERR,ERR,ERR,ERR,ERR,ERR,ERR,ERR,ERR,ERR,ERR,ERR,ERR,ERR,ERR,ERR,ERR,ERR,ERR,ERR,ERR,ERR,ERR,ERR,ERR,ERR,ERR,ERR,ERR,ERR,ERR,ERR,ERR,ERR,ERR,ERR,ERR,ERR,ERR,ERR,ERR,ERR,ERR,ERR,ERR,ERR,ERR,ERR,ERR,ERR,ERR,ERR,ERR,ERR,ERR,ERR,ERR,ERR,ERR,ERR,ERR,ERR,ERR,ERR,ERR,ERR,ERR,ERR,ERR,ERR,ERR,ERR,ERR,ERR,ERR,ERR,ERR,ERR,ERR,ERR,0.0,107616352.0,0.0,0.0,71072154124288.0,-0.0,-1265101307904.0,0.0,4300,0,8,17168,4300,0.0,41,0.0,0.0,0.0,0.0,-0.0,0,0,0,0,0.0,0,0,0,0,0,0,0,0,0,0,0,0,0,0,0,0,0,0,0,0,0,0,0,0,0,0,0,0,0,0,0,0,0,12,36,36,48,65476,404,65476,1,0,4,21553,0.0,0.0,0.0,0.0,0.0,0.0,0.0,0.0,0.0,0.0,0.0,0.0,0.0,0.0,0.0,0.0,0.0,0.0,0.0,0.0,0.0,2.004,0.0,3.6970818999223845e+19,-2.004,0.0,0.0,0.0,0.0,0.0,6590.0,2.4230020278207133e+24,0.0,-107615880.0,107616352.0,0.0,-0.0,0.0,0.0,2.004,2.004,226,-71.629,5.848079055467333e+35,0.0,0.0,0.0,0.0,0.0,0.0,0.0,0,0,0,-0.0,6.766486402618405e+22,-3.931686200395427e+27,0.0,-1.2543512618333818e+35,0.0,6.8389482510178845e+19,-0.0,6.52233868600509e+37,-1.851303557235911e+36,-1914901632.0,6.61404552250142e+21,0.0,1.705,0.0,0.0,0,1.3516416376850534e+27,226,0.0,452,-74360974999552.0,4.538271724008914e+24,2112,52429,17109,0,17112,52429,17095,0,0,0,101,100,100,-107615264.0,66.4,-107615272.0,66.7,2.7302343157793998e+23,66.5,1,49,50,180,52429,52429,0,0,0.0,0.0,0.0,60.0,-0.0,71.0,0.0,-0.0,0.0,1069,0,1069,0,0,0,1069,0,1080,0,999,0,667,0,669,0,664,0,681,0.032,1.4609821306377965e+22,2.004,0.0,58768,16814,-0.0,1274.042,0.0,-8.062397704675978e+33,-9.288955294111498e+17,-1.0219216056909472e+25,50.0,60.0,35,0.0,0.0,10.0,2.0,0.0,0.0,0.0,0.0,0.0,0.0,0.0,0.0,0.0,0.0,0.0,0.0,58.8,54,12,65509,27,65476,0,300,0,0,8,20529,65476,0,0,30147,60.0,0.0,10.0,10.0,2.0,0.0
2026-02-16T12:54:00,ERR,ERR,ERR,ERR,ERR,ERR,ERR,ERR,ERR,ERR,ERR,ERR,ERR,ERR,ERR,ERR,ERR,ERR,ERR,ERR,ERR,ERR,ERR,ERR,ERR,ERR,ERR,ERR,ERR,ERR,ERR,ERR,ERR,ERR,ERR,ERR,ERR,ERR,ERR,ERR,ERR,ERR,ERR,ERR,ERR,ERR,ERR,ERR,ERR,ERR,ERR,ERR,ERR,ERR,ERR,ERR,ERR,ERR,ERR,ERR,ERR,ERR,ERR,ERR,ERR,ERR,ERR,ERR,ERR,ERR,ERR,ERR,ERR,ERR,ERR,ERR,ERR,ERR,ERR,ERR,ERR,ERR,ERR,ERR,ERR,ERR,ERR,ERR,ERR,ERR,ERR,ERR,ERR,ERR,ERR,ERR,ERR,ERR,ERR,ERR,ERR,ERR,ERR,ERR,ERR,ERR,ERR,ERR,ERR,ERR,ERR,ERR,ERR,ERR,ERR,ERR,ERR,ERR,ERR,ERR,ERR,ERR,ERR,ERR,ERR,0.0,107616352.0,0.0,0.0,71072154124288.0,-0.0,-1265101307904.0,0.0,4300,0,8,17168,4300,0.0,41,0.0,0.0,0.0,0.0,-0.0,0,0,0,0,0.0,0,0,0,0,0,0,0,0,0,0,0,0,0,0,0,0,0,0,0,0,0,0,0,0,0,0,0,0,0,0,0,0,0,12,36,36,48,65476,404,65476,1,0,4,21553,0.0,0.0,0.0,0.0,0.0,0.0,0.0,0.0,0.0,0.0,0.0,0.0,0.0,0.0,0.0,0.0,0.0,0.0,0.0,0.0,0.0,2.004,0.0,3.6970818999223845e+19,-2.004,0.0,0.0,0.0,0.0,0.0,6590.0,2.4230020278207133e+24,0.0,-107615880.0,107616352.0,0.0,-0.0,0.0,0.0,2.004,2.004,226,-71.629,5.848079055467333e+35,0.0,0.0,0.0,0.0,0.0,0.0,0.0,0,0,0,-0.0,6.766486402618405e+22,-3.931686200395427e+27,0.0,-1.2543512618333818e+35,0.0,6.8389482510178845e+19,-0.0,6.52233868600509e+37,-1.851303557235911e+36,-1914901632.0,6.61404552250142e+21,0.0,1.705,0.0,0.0,0,1.3516416376850534e+27,226,0.0,452,-74360974999552.0,4.538271724008914e+24,2112,52429,17109,0,17112,52429,17095,0,0,0,101,100,100,-107615264.0,66.4,-107615272.0,66.7,2.7302343157793998e+23,66.5,1,49,50,180,39322,52429,0,0,0.0,0.0,0.0,60.0,-0.0,71.0,0.0,-8.619485255758371e+28,0.0,1068,0,1069,0,0,0,1069,0,1080,0,1000,0,667,0,669,0,664,0,681,0.032,1.4609821306377965e+22,2.004,0.0,43664,16814,-0.0,-8.619485255758371e+28,-197395072.0,-1.2218639704097361e+30,2.3429585961597605e+27,-0.0,50.0,60.0,35,0.0,0.0,10.0,2.0,0.0,0.0,0.0,0.0,0.0,0.0,0.0,0.0,0.0,0.0,0.0,0.0,59.2,54,12,65509,27,65476,0,300,0,0,8,20529,65476,0,0,30147,60.0,0.0,10.0,10.0,2.0,0.0
2026-02-16T12:54:01,ERR,ERR,ERR,ERR,ERR,ERR,ERR,ERR,ERR,ERR,ERR,ERR,ERR,ERR,ERR,ERR,ERR,ERR,ERR,ERR,ERR,ERR,ERR,ERR,ERR,ERR,ERR,ERR,ERR,ERR,ERR,ERR,ERR,ERR,ERR,ERR,ERR,ERR,ERR,ERR,ERR,ERR,ERR,ERR,ERR,ERR,ERR,ERR,ERR,ERR,ERR,ERR,ERR,ERR,ERR,ERR,ERR,ERR,ERR,ERR,ERR,ERR,ERR,ERR,ERR,ERR,ERR,ERR,ERR,ERR,ERR,ERR,ERR,ERR,ERR,ERR,ERR,ERR,ERR,ERR,ERR,ERR,ERR,ERR,ERR,ERR,ERR,ERR,ERR,ERR,ERR,ERR,ERR,ERR,ERR,ERR,ERR,ERR,ERR,ERR,ERR,ERR,ERR,ERR,ERR,ERR,ERR,ERR,ERR,ERR,ERR,ERR,ERR,ERR,ERR,ERR,ERR,ERR,ERR,ERR,ERR,ERR,ERR,ERR,ERR,0.0,107616352.0,0.0,0.0,71072154124288.0,-0.0,-1265101307904.0,0.0,4300,0,8,17168,4300,0.0,41,0.0,0.0,0.0,0.0,-0.0,0,0,0,0,0.0,0,0,0,0,0,0,0,0,0,0,0,0,0,0,0,0,0,0,0,0,0,0,0,0,0,0,0,0,0,0,0,0,0,12,36,36,48,65476,404,65476,1,0,4,21553,0.0,0.0,0.0,0.0,0.0,0.0,0.0,0.0,0.0,0.0,0.0,0.0,0.0,0.0,0.0,0.0,0.0,0.0,0.0,0.0,0.0,2.004,0.0,3.6970818999223845e+19,-2.004,0.0,0.0,0.0,0.0,0.0,6590.0,2.4230020278207133e+24,0.0,-107615880.0,107616352.0,0.0,-0.0,0.0,0.0,2.004,2.004,226,-71.629,5.848079055467333e+35,0.0,0.0,0.0,0.0,0.0,0.0,0.0,0,0,0,-0.0,6.766486402618405e+22,-3.931686200395427e+27,0.0,-1.2543512618333818e+35,0.0,6.8389482510178845e+19,-0.0,6.52233868600509e+37,-1.851303557235911e+36,-1914901632.0,6.61404552250142e+21,0.0,1.705,0.0,0.0,0,1.3516416376850534e+27,226,0.0,452,-74360974999552.0,4.538271724008914e+24,2112,52429,17109,0,17112,52429,17095,0,0,0,101,100,100,-107615264.0,66.4,-107615272.0,66.7,2.7302343157793998e+23,66.5,1,49,50,180,39322,52429,0,0,0.0,0.0,0.0,60.0,-0.0,71.0,0.0,-8.619485255758371e+28,0.0,1068,0,1069,0,0,0,1069,0,1080,0,1000,0,667,0,669,0,664,0,681,0.032,1.4609821306377965e+22,2.004,0.0,43664,16814,-0.0,-8.619485255758371e+28,-197395072.0,-1.2218639704097361e+30,2.3429585961597605e+27,-0.0,50.0,60.0,35,0.0,0.0,10.0,2.0,0.0,0.0,0.0,0.0,0.0,0.0,0.0,0.0,0.0,0.0,0.0,0.0,59.2,53,12,65509,27,65476,0,300,0,0,8,20529,65476,0,0,30147,60.0,0.0,10.0,10.0,2.0,0.0
2026-02-16T12:54:02,ERR,ERR,ERR,ERR,ERR,ERR,ERR,ERR,ERR,ERR,ERR,ERR,ERR,ERR,ERR,ERR,ERR,ERR,ERR,ERR,ERR,ERR,ERR,ERR,ERR,ERR,ERR,ERR,ERR,ERR,ERR,ERR,ERR,ERR,ERR,ERR,ERR,ERR,ERR,ERR,ERR,ERR,ERR,ERR,ERR,ERR,ERR,ERR,ERR,ERR,ERR,ERR,ERR,ERR,ERR,ERR,ERR,ERR,ERR,ERR,ERR,ERR,ERR,ERR,ERR,ERR,ERR,ERR,ERR,ERR,ERR,ERR,ERR,ERR,ERR,ERR,ERR,ERR,ERR,ERR,ERR,ERR,ERR,ERR,ERR,ERR,ERR,ERR,ERR,ERR,ERR,ERR,ERR,ERR,ERR,ERR,ERR,ERR,ERR,ERR,ERR,ERR,ERR,ERR,ERR,ERR,ERR,ERR,ERR,ERR,ERR,ERR,ERR,ERR,ERR,ERR,ERR,ERR,ERR,ERR,ERR,ERR,ERR,ERR,ERR,-107615880.0,107616352.0,-0.0,0.0,-0.031,-757.017,0.0,1.278361503517895e+22,4300,0,8,17168,4300,0.0,41,0.0,0.0,0.0,0.0,-0.0,0,0,0,0,0.0,0,0,0,0,0,0,0,0,0,0,0,0,0,0,0,0,0,0,0,0,0,0,0,0,0,0,0,0,0,0,0,0,0,12,36,36,48,65476,405,65476,1,0,4,21553,0.0,-0.0,0.0,0.0,0.0,0.0,0.0,0.0,0.0,0.0,0.0,0.0,0.0,0.0,0.0,0.0,0.0,0.0,0.0,0.0,0.0,2.004,2.004,3.6970818999223845e+19,-2.004,0.0,0.0,0.0,0.0,0.0,6590.0,-0.0,0.0,0.0,107616352.0,0.0,2.7184509175703625e+23,0.0,0.0,2.004,2.004,225,-0.0,-0.0,0.0,0.0,0.0,0.0,0.0,0.0,0.0,0,0,0,-0.0,-0.0,0.0,-1.197,0.0,-0.0,3.4118308844902703e+36,0.0,-1.315410370356058e+24,-1.9863032755578165e+36,-2007176320.0,7.056767380270449e+21,0.0,1.799,0.0,-4.462699039338707e+29,0,1.3516416376850534e+27,225,0.0,450,0.0,-0.0,2112,52429,17109,0,17112,52429,17095,0,0,0,101,100,100,-107615264.0,66.4,-107615272.0,66.7,2.7302343157793998e+23,66.5,1,49,50,180,39322,52429,0,0,0.0,0.0,0.0,60.0,-0.0,71.0,0.0,-8.619485255758371e+28,0.0,1068,0,1069,0,0,0,1069,0,1080,0,1000,0,667,0,669,0,664,0,681,0.032,1.4609821306377965e+22,2.004,0.0,43664,16814,-0.0,-8.619485255758371e+28,-197395072.0,-1.2218639704097361e+30,2.3429585961597605e+27,-0.0,50.0,60.0,35,0.0,0.0,10.0,2.0,0.0,0.0,0.0,0.0,0.0,0.0,0.0,0.0,0.0,0.0,0.0,0.0,59.2,53,12,65509,27,65476,0,300,0,0,8,20529,65476,0,0,30147,60.0,0.0,10.0,10.0,2.0,0.0
2026-02-16T12:54:03,ERR,ERR,ERR,ERR,ERR,ERR,ERR,ERR,ERR,ERR,ERR,ERR,ERR,ERR,ERR,ERR,ERR,ERR,ERR,ERR,ERR,ERR,ERR,ERR,ERR,ERR,ERR,ERR,ERR,ERR,ERR,ERR,ERR,ERR,ERR,ERR,ERR,ERR,ERR,ERR,ERR,ERR,ERR,ERR,ERR,ERR,ERR,ERR,ERR,ERR,ERR,ERR,ERR,ERR,ERR,ERR,ERR,ERR,ERR,ERR,ERR,ERR,ERR,ERR,ERR,ERR,ERR,ERR,ERR,ERR,ERR,ERR,ERR,ERR,ERR,ERR,ERR,ERR,ERR,ERR,ERR,ERR,ERR,ERR,ERR,ERR,ERR,ERR,ERR,ERR,ERR,ERR,ERR,ERR,ERR,ERR,ERR,ERR,ERR,ERR,ERR,ERR,ERR,ERR,ERR,ERR,ERR,ERR,ERR,ERR,ERR,ERR,ERR,ERR,ERR,ERR,ERR,ERR,ERR,ERR,ERR,ERR,ERR,ERR,ERR,-107615880.0,107616352.0,-0.0,0.0,-0.031,-757.017,0.0,1.278361503517895e+22,4300,0,8,17168,4300,0.0,41,0.0,0.0,0.0,0.0,-0.0,0,0,0,0,0.0,0,0,0,0,0,0,0,0,0,0,0,0,0,0,0,0,0,0,0,0,0,0,0,0,0,0,0,0,0,0,0,0,0,12,36,36,48,65476,405,65476,1,0,4,21553,0.0,-0.0,0.0,0.0,0.0,0.0,0.0,0.0,0.0,0.0,0.0,0.0,0.0,0.0,0.0,0.0,0.0,0.0,0.0,0.0,0.0,2.004,2.004,3.6970818999223845e+19,-2.004,0.0,0.0,0.0,0.0,0.0,6590.0,-0.0,0.0,0.0,107616352.0,0.0,2.7184509175703625e+23,0.0,0.0,2.004,2.004,225,-0.0,-0.0,0.0,0.0,0.0,0.0,0.0,0.0,0.0,0,0,0,-0.0,-0.0,0.0,-1.197,0.0,-0.0,3.4118308844902703e+36,0.0,-1.315410370356058e+24,-1.9863032755578165e+36,-2007176320.0,7.056767380270449e+21,0.0,1.799,0.0,-4.462699039338707e+29,0,1.3516416376850534e+27,225,0.0,450,0.0,-0.0,2112,52429,17109,0,17112,52429,17095,0,0,0,101,100,100,-107615264.0,66.4,-107615272.0,66.7,2.7302343157793998e+23,66.5,1,49,50,180,39322,52429,0,0,0.0,0.0,0.0,60.0,-0.0,71.0,0.0,-8.619485255758371e+28,0.0,1068,0,1069,0,0,0,1069,0,1080,0,1000,0,667,0,669,0,664,0,681,0.032,1.4609821306377965e+22,2.004,0.0,43664,16814,-0.0,-8.619485255758371e+28,-197395072.0,-1.2218639704097361e+30,2.3429585961597605e+27,-0.0,50.0,60.0,35,0.0,0.0,10.0,2.0,0.0,0.0,0.0,0.0,0.0,0.0,0.0,0.0,0.0,0.0,0.0,0.0,59.2,53,12,65509,27,65476,0,300,0,0,8,20529,65476,0,0,30147,60.0,0.0,10.0,10.0,2.0,0.0
2026-02-16T12:54:04,ERR,ERR,ERR,ERR,ERR,ERR,ERR,ERR,ERR,ERR,ERR,ERR,ERR,ERR,ERR,ERR,ERR,ERR,ERR,ERR,ERR,ERR,ERR,ERR,ERR,ERR,ERR,ERR,ERR,ERR,ERR,ERR,ERR,ERR,ERR,ERR,ERR,ERR,ERR,ERR,ERR,ERR,ERR,ERR,ERR,ERR,ERR,ERR,ERR,ERR,ERR,ERR,ERR,ERR,ERR,ERR,ERR,ERR,ERR,ERR,ERR,ERR,ERR,ERR,ERR,ERR,ERR,ERR,ERR,ERR,ERR,ERR,ERR,ERR,ERR,ERR,ERR,ERR,ERR,ERR,ERR,ERR,ERR,ERR,ERR,ERR,ERR,ERR,ERR,ERR,ERR,ERR,ERR,ERR,ERR,ERR,ERR,ERR,ERR,ERR,ERR,ERR,ERR,ERR,ERR,ERR,ERR,ERR,ERR,ERR,ERR,ERR,ERR,ERR,ERR,ERR,ERR,ERR,ERR,ERR,ERR,ERR,ERR,ERR,ERR,-107615880.0,107616352.0,-0.0,0.0,-0.031,-757.017,0.0,1.278361503517895e+22,4300,0,8,17168,4300,0.0,41,0.0,0.0,0.0,0.0,-0.0,0,0,0,0,0.0,0,0,0,0,0,0,0,0,0,0,0,0,0,0,0,0,0,0,0,0,0,0,0,0,0,0,0,0,0,0,0,0,0,12,36,36,48,65476,405,65476,1,0,4,21553,0.0,-0.0,0.0,0.0,0.0,0.0,0.0,0.0,0.0,0.0,0.0,0.0,0.0,0.0,0.0,0.0,0.0,0.0,0.0,0.0,0.0,2.004,2.004,3.6970818999223845e+19,-2.004,0.0,0.0,0.0,0.0,0.0,6590.0,-0.0,0.0,0.0,107616352.0,0.0,2.7184509175703625e+23,0.0,0.0,2.004,2.004,225,-0.0,-0.0,0.0,0.0,0.0,0.0,0.0,0.0,0.0,0,0,0,-0.0,-0.0,0.0,-1.197,0.0,-0.0,3.4118308844902703e+36,0.0,-1.315410370356058e+24,-1.9863032755578165e+36,-2007176320.0,7.056767380270449e+21,0.0,1.799,0.0,-4.462699039338707e+29,0,1.3516416376850534e+27,225,0.0,450,0.0,-0.0,2112,52429,17109,0,17112,0,17096,0,0,0,101,100,100,0.0,66.4,-107615272.0,66.7,2.7302343157793998e+23,66.5,1,49,50,180,39322,52429,0,0,0.0,0.0,0.0,60.0,-0.0,71.0,0.0,9.626391889691164e+25,0.0,1068,0,1069,0,0,0,1069,0,1080,0,999,0,667,0,669,0,664,0,681,0.032,1.4536034330083127e+22,2.004,0.0,49680,16814,-0.0,9.626391889691164e+25,0.0,2.437819661580533e+36,-0.004,0.0,50.0,60.0,35,0.0,0.0,10.0,2.0,0.0,0.0,0.0,0.0,0.0,0.0,0.0,0.0,0.0,0.0,0.0,0.0,58.8,53,12,65509,27,65476,0,300,0,0,8,20529,65476,0,0,30147,60.0,0.0,10.0,10.0,2.0,0.0
2026-02-16T12:54:05,ERR,ERR,ERR,ERR,ERR,ERR,ERR,ERR,ERR,ERR,ERR,ERR,ERR,ERR,ERR,ERR,ERR,ERR,ERR,ERR,ERR,ERR,ERR,ERR,ERR,ERR,ERR,ERR,ERR,ERR,ERR,ERR,ERR,ERR,ERR,ERR,ERR,ERR,ERR,ERR,ERR,ERR,ERR,ERR,ERR,ERR,ERR,ERR,ERR,ERR,ERR,ERR,ERR,ERR,ERR,ERR,ERR,ERR,ERR,ERR,ERR,ERR,ERR,ERR,ERR,ERR,ERR,ERR,ERR,ERR,ERR,ERR,ERR,ERR,ERR,ERR,ERR,ERR,ERR,ERR,ERR,ERR,ERR,ERR,ERR,ERR,ERR,ERR,ERR,ERR,ERR,ERR,ERR,ERR,ERR,ERR,ERR,ERR,ERR,ERR,ERR,ERR,ERR,ERR,ERR,ERR,ERR,ERR,ERR,ERR,ERR,ERR,ERR,ERR,ERR,ERR,ERR,ERR,ERR,ERR,ERR,ERR,ERR,ERR,ERR,-107615880.0,107616352.0,-0.0,0.0,-0.031,-757.017,0.0,1.278361503517895e+22,4300,0,8,17168,4300,0.0,41,0.0,0.0,0.0,0.0,-0.0,0,0,0,0,0.0,0,0,0,0,0,0,0,0,0,0,0,0,0,0,0,0,0,0,0,0,0,0,0,0,0,0,0,0,0,0,0,0,0,12,36,36,48,65476,405,65476,1,0,4,21553,0.0,-0.0,0.0,0.0,0.0,0.0,0.0,0.0,0.0,0.0,0.0,0.0,0.0,0.0,0.0,0.0,0.0,0.0,0.0,0.0,0.0,2.004,2.004,3.6970818999223845e+19,-2.004,0.0,0.0,0.0,0.0,0.0,6590.0,-0.0,0.0,0.0,107616352.0,0.0,2.7184509175703625e+23,0.0,0.0,2.004,2.004,225,-0.0,-0.0,0.0,0.0,0.0,0.0,0.0,0.0,0.0,0,0,0,-0.0,-0.0,0.0,-1.197,0.0,-0.0,3.4118308844902703e+36,0.0,-1.315410370356058e+24,-1.9863032755578165e+36,-2007176320.0,7.056767380270449e+21,0.0,1.799,0.0,-4.462699039338707e+29,0,1.3516416376850534e+27,225,0.0,450,0.0,-0.0,2112,52429,17109,0,17112,0,17096,0,0,0,101,100,100,0.0,66.4,-107615272.0,66.7,2.7302343157793998e+23,66.5,1,49,50,180,39322,52429,0,0,0.0,0.0,0.0,60.0,-0.0,71.0,0.0,9.626391889691164e+25,0.0,1068,0,1069,0,0,0,1069,0,1080,0,999,0,667,0,669,0,664,0,681,0.032,1.4536034330083127e+22,2.004,0.0,49680,16814,-0.0,9.626391889691164e+25,0.0,2.437819661580533e+36,-0.004,0.0,50.0,60.0,35,0.0,0.0,10.0,2.0,0.0,0.0,0.0,0.0,0.0,0.0,0.0,0.0,0.0,0.0,0.0,0.0,58.8,53,12,65509,27,65476,0,300,0,0,8,20529,65476,0,0,30147,60.0,0.0,10.0,10.0,2.0,0.0
2026-02-16T12:54:06,ERR,ERR,ERR,ERR,ERR,ERR,ERR,ERR,ERR,ERR,ERR,ERR,ERR,ERR,ERR,ERR,ERR,ERR,ERR,ERR,ERR,ERR,ERR,ERR,ERR,ERR,ERR,ERR,ERR,ERR,ERR,ERR,ERR,ERR,ERR,ERR,ERR,ERR,ERR,ERR,ERR,ERR,ERR,ERR,ERR,ERR,ERR,ERR,ERR,ERR,ERR,ERR,ERR,ERR,ERR,ERR,ERR,ERR,ERR,ERR,ERR,ERR,ERR,ERR,ERR,ERR,ERR,ERR,ERR,ERR,ERR,ERR,ERR,ERR,ERR,ERR,ERR,ERR,ERR,ERR,ERR,ERR,ERR,ERR,ERR,ERR,ERR,ERR,ERR,ERR,ERR,ERR,ERR,ERR,ERR,ERR,ERR,ERR,ERR,ERR,ERR,ERR,ERR,ERR,ERR,ERR,ERR,ERR,ERR,ERR,ERR,ERR,ERR,ERR,ERR,ERR,ERR,ERR,ERR,ERR,ERR,ERR,ERR,ERR,ERR,-107615880.0,107616352.0,-0.0,0.0,-0.031,-757.017,0.0,1.278361503517895e+22,4300,0,8,17168,4300,0.0,41,0.0,0.0,0.0,0.0,-0.0,0,0,0,0,0.0,0,0,0,0,0,0,0,0,0,0,0,0,0,0,0,0,0,0,0,0,0,0,0,0,0,0,0,0,0,0,0,0,0,12,36,36,48,65476,405,65476,1,0,4,21553,0.0,-0.0,0.0,0.0,0.0,0.0,0.0,0.0,0.0,0.0,0.0,0.0,0.0,0.0,0.0,0.0,0.0,0.0,0.0,0.0,0.0,2.004,2.004,3.6970818999223845e+19,-2.004,0.0,0.0,0.0,0.0,0.0,6590.0,-0.0,0.0,0.0,107616352.0,0.0,2.7184509175703625e+23,0.0,0.0,2.004,2.004,225,-0.0,-0.0,0.0,0.0,0.0,0.0,0.0,0.0,0.0,0,0,0,-0.0,-0.0,0.0,-1.197,0.0,-0.0,3.4118308844902703e+36,0.0,-1.315410370356058e+24,-1.9863032755578165e+36,-2007176320.0,7.056767380270449e+21,0.0,1.799,0.0,-4.462699039338707e+29,0,1.3516416376850534e+27,225,0.0,450,0.0,-0.0,2112,52429,17109,0,17112,0,17096,0,0,0,101,100,100,0.0,66.4,-107615272.0,66.7,2.7302343157793998e+23,66.5,1,49,50,180,39322,52429,0,0,0.0,0.0,0.0,60.0,-0.0,71.0,0.0,9.626391889691164e+25,0.0,1068,0,1069,0,0,0,1069,0,1080,0,999,0,667,0,669,0,664,0,681,0.032,1.4536034330083127e+22,2.004,0.0,49680,16814,-0.0,9.626391889691164e+25,0.0,2.437819661580533e+36,-0.004,0.0,50.0,60.0,35,0.0,0.0,10.0,2.0,0.0,0.0,0.0,0.0,0.0,0.0,0.0,0.0,0.0,0.0,0.0,0.0,58.8,53,12,65509,27,65476,0,300,0,0,8,20529,65476,0,0,30147,60.0,0.0,10.0,10.0,2.0,0.0
2026-02-16T12:54:07,ERR,ERR,ERR,ERR,ERR,ERR,ERR,ERR,ERR,ERR,ERR,ERR,ERR,ERR,ERR,ERR,ERR,ERR,ERR,ERR,ERR,ERR,ERR,ERR,ERR,ERR,ERR,ERR,ERR,ERR,ERR,ERR,ERR,ERR,ERR,ERR,ERR,ERR,ERR,ERR,ERR,ERR,ERR,ERR,ERR,ERR,ERR,ERR,ERR,ERR,ERR,ERR,ERR,ERR,ERR,ERR,ERR,ERR,ERR,ERR,ERR,ERR,ERR,ERR,ERR,ERR,ERR,ERR,ERR,ERR,ERR,ERR,ERR,ERR,ERR,ERR,ERR,ERR,ERR,ERR,ERR,ERR,ERR,ERR,ERR,ERR,ERR,ERR,ERR,ERR,ERR,ERR,ERR,ERR,ERR,ERR,ERR,ERR,ERR,ERR,ERR,ERR,ERR,ERR,ERR,ERR,ERR,ERR,ERR,ERR,ERR,ERR,ERR,ERR,ERR,ERR,ERR,ERR,ERR,ERR,ERR,ERR,ERR,ERR,ERR,0.0,107616352.0,0.0,0.0,71072154124288.0,115563724800.0,0.0,3.834718012479897e+27,4300,0,8,17168,4300,0.0,41,0.0,0.0,0.0,0.0,-0.0,0,0,0,0,0.0,0,0,0,0,0,0,0,0,0,0,0,0,0,0,0,0,0,0,0,0,0,0,0,0,0,0,0,0,0,0,0,0,0,12,36,36,48,65476,406,65476,1,0,4,21553,0.0,0.0,0.0,0.0,0.0,0.0,0.0,0.0,0.0,0.0,0.0,0.0,0.0,0.0,0.0,0.0,0.0,0.0,0.0,0.0,0.0,2.004,2.004,3.6970818999223845e+19,-2.004,0.0,0.0,0.0,0.0,0.0,6560.0,-0.0,0.0,-107615880.0,107616352.0,0.0,-0.0,-0.0,0.0,2.004,2.004,225,-0.0,-0.0,0.0,0.0,0.0,0.0,0.0,0.0,0.0,0,0,0,-0.0,-0.0,0.0,-0.0,0.0,-0.0,-0.0,0.0,-0.0,-2.1109184001626524e+36,-2124616832.0,7.573276214334316e+21,0.0,1.893,0.0,-0.0,0,1.3516416376850534e+27,225,0.0,450,-74360974999552.0,4.538271724008914e+24,2112,52429,17109,0,17112,52429,17095,0,0,0,101,100,100,-107615264.0,66.4,-107615272.0,66.7,2.7302343157793998e+23,66.5,1,49,50,180,39322,52429,0,0,0.0,0.0,0.0,60.0,-0.0,71.0,0.0,996373.688,0.0,1068,0,1069,0,0,0,1069,0,1080,0,999,0,667,0,669,0,665,0,682,0.032,1.4609821306377965e+22,-0.0,2.730234856211355e+23,48272,16814,-0.002,1.4020752595016257e+33,-0.0,0.0,69393915904.0,1.4438752287779891e+38,50.0,60.0,35,0.0,0.0,10.0,2.0,0.0,0.0,0.0,0.0,0.0,0.0,0.0,0.0,0.0,0.0,0.0,0.0,58.8,53,12,65509,27,65476,0,300,0,0,8,20529,65476,0,0,30147,60.0,0.0,10.0,10.0,2.0,0.0
2026-02-16T12:54:08,ERR,ERR,ERR,ERR,ERR,ERR,ERR,ERR,ERR,ERR,ERR,ERR,ERR,ERR,ERR,ERR,ERR,ERR,ERR,ERR,ERR,ERR,ERR,ERR,ERR,ERR,ERR,ERR,ERR,ERR,ERR,ERR,ERR,ERR,ERR,ERR,ERR,ERR,ERR,ERR,ERR,ERR,ERR,ERR,ERR,ERR,ERR,ERR,ERR,ERR,ERR,ERR,ERR,ERR,ERR,ERR,ERR,ERR,ERR,ERR,ERR,ERR,ERR,ERR,ERR,ERR,ERR,ERR,ERR,ERR,ERR,ERR,ERR,ERR,ERR,ERR,ERR,ERR,ERR,ERR,ERR,ERR,ERR,ERR,ERR,ERR,ERR,ERR,ERR,ERR,ERR,ERR,ERR,ERR,ERR,ERR,ERR,ERR,ERR,ERR,ERR,ERR,ERR,ERR,ERR,ERR,ERR,ERR,ERR,ERR,ERR,ERR,ERR,ERR,ERR,ERR,ERR,ERR,ERR,ERR,ERR,ERR,ERR,ERR,ERR,0.0,107616352.0,0.0,0.0,71072154124288.0,115563724800.0,0.0,3.834718012479897e+27,4300,0,8,17168,4300,0.0,41,0.0,0.0,0.0,0.0,-0.0,0,0,0,0,0.0,0,0,0,0,0,0,0,0,0,0,0,0,0,0,0,0,0,0,0,0,0,0,0,0,0,0,0,0,0,0,0,0,0,12,36,36,48,65476,406,65476,1,0,4,21553,0.0,0.0,0.0,0.0,0.0,0.0,0.0,0.0,0.0,0.0,0.0,0.0,0.0,0.0,0.0,0.0,0.0,0.0,0.0,0.0,0.0,2.004,2.004,3.6970818999223845e+19,-2.004,0.0,0.0,0.0,0.0,0.0,6560.0,-0.0,0.0,-107615880.0,107616352.0,0.0,-0.0,-0.0,0.0,2.004,2.004,225,-0.0,-0.0,0.0,0.0,0.0,0.0,0.0,0.0,0.0,0,0,0,-0.0,-0.0,0.0,-0.0,0.0,-0.0,-0.0,0.0,-0.0,-2.1109184001626524e+36,-2124616832.0,7.573276214334316e+21,0.0,1.893,0.0,-0.0,0,1.3516416376850534e+27,225,0.0,450,-74360974999552.0,4.538271724008914e+24,2112,52429,17109,0,17112,52429,17095,0,0,0,101,100,100,-107615264.0,66.4,-107615272.0,66.7,2.7302343157793998e+23,66.5,1,49,50,180,39322,52429,0,0,0.0,0.0,0.0,60.0,-0.0,71.0,0.0,996373.688,0.0,1068,0,1069,0,0,0,1069,0,1080,0,999,0,667,0,669,0,665,0,682,0.032,1.4609821306377965e+22,-0.0,2.730234856211355e+23,48272,16814,-0.002,1.4020752595016257e+33,-0.0,0.0,69393915904.0,1.4438752287779891e+38,50.0,60.0,35,0.0,0.0,10.0,2.0,0.0,0.0,0.0,0.0,0.0,0.0,0.0,0.0,0.0,0.0,0.0,0.0,58.8,53,12,65509,27,65476,0,300,0,0,8,20529,65476,0,0,30147,60.0,0.0,10.0,10.0,2.0,0.0
2026-02-16T12:54:09,ERR,ERR,ERR,ERR,ERR,ERR,ERR,ERR,ERR,ERR,ERR,ERR,ERR,ERR,ERR,ERR,ERR,ERR,ERR,ERR,ERR,ERR,ERR,ERR,ERR,ERR,ERR,ERR,ERR,ERR,ERR,ERR,ERR,ERR,ERR,ERR,ERR,ERR,ERR,ERR,ERR,ERR,ERR,ERR,ERR,ERR,ERR,ERR,ERR,ERR,ERR,ERR,ERR,ERR,ERR,ERR,ERR,ERR,ERR,ERR,ERR,ERR,ERR,ERR,ERR,ERR,ERR,ERR,ERR,ERR,ERR,ERR,ERR,ERR,ERR,ERR,ERR,ERR,ERR,ERR,ERR,ERR,ERR,ERR,ERR,ERR,ERR,ERR,ERR,ERR,ERR,ERR,ERR,ERR,ERR,ERR,ERR,ERR,ERR,ERR,ERR,ERR,ERR,ERR,ERR,ERR,ERR,ERR,ERR,ERR,ERR,ERR,ERR,ERR,ERR,ERR,ERR,ERR,ERR,ERR,ERR,ERR,ERR,ERR,ERR,0.0,107616352.0,0.0,0.0,71072154124288.0,115563724800.0,0.0,3.834718012479897e+27,4300,0,8,17168,4300,0.0,41,0.0,0.0,0.0,0.0,-0.0,0,0,0,0,0.0,0,0,0,0,0,0,0,0,0,0,0,0,0,0,0,0,0,0,0,0,0,0,0,0,0,0,0,0,0,0,0,0,0,12,36,36,48,65476,406,65476,1,0,4,21553,0.0,0.0,0.0,0.0,0.0,0.0,0.0,0.0,0.0,0.0,0.0,0.0,0.0,0.0,0.0,0.0,0.0,0.0,0.0,0.0,0.0,2.004,2.004,3.6970818999223845e+19,-2.004,0.0,0.0,0.0,0.0,0.0,6560.0,-0.0,0.0,-107615880.0,107616352.0,0.0,-0.0,-0.0,0.0,2.004,2.004,225,-0.0,-0.0,0.0,0.0,0.0,0.0,0.0,0.0,0.0,0,0,0,-0.0,-0.0,0.0,-0.0,0.0,-0.0,-0.0,0.0,-0.0,-2.1109184001626524e+36,-2124616832.0,7.573276214334316e+21,0.0,1.893,0.0,-0.0,0,1.3516416376850534e+27,225,0.0,450,-74360974999552.0,4.538271724008914e+24,2112,52429,17109,0,17112,52429,17095,0,0,0,101,100,100,-107615264.0,66.4,-107615272.0,66.7,2.7302343157793998e+23,66.5,1,49,50,180,39322,52429,0,0,0.0,0.0,0.0,60.0,-0.0,71.0,0.0,996373.688,0.0,1068,0,1069,0,0,0,1069,0,1080,0,999,0,667,0,669,0,665,0,682,0.032,1.4609821306377965e+22,-0.0,2.730234856211355e+23,48272,16814,-0.002,1.4020752595016257e+33,-0.0,0.0,69393915904.0,1.4438752287779891e+38,50.0,60.0,35,0.0,0.0,10.0,2.0,0.0,0.0,0.0,0.0,0.0,0.0,0.0,0.0,0.0,0.0,0.0,0.0,58.8,53,12,65509,27,65476,0,300,0,0,8,20529,65476,0,0,30147,60.0,0.0,10.0,10.0,2.0,0.0
2026-02-16T12:54:10,ERR,ERR,ERR,ERR,ERR,ERR,ERR,ERR,ERR,ERR,ERR,ERR,ERR,ERR,ERR,ERR,ERR,ERR,ERR,ERR,ERR,ERR,ERR,ERR,ERR,ERR,ERR,ERR,ERR,ERR,ERR,ERR,ERR,ERR,ERR,ERR,ERR,ERR,ERR,ERR,ERR,ERR,ERR,ERR,ERR,ERR,ERR,ERR,ERR,ERR,ERR,ERR,ERR,ERR,ERR,ERR,ERR,ERR,ERR,ERR,ERR,ERR,ERR,ERR,ERR,ERR,ERR,ERR,ERR,ERR,ERR,ERR,ERR,ERR,ERR,ERR,ERR,ERR,ERR,ERR,ERR,ERR,ERR,ERR,ERR,ERR,ERR,ERR,ERR,ERR,ERR,ERR,ERR,ERR,ERR,ERR,ERR,ERR,ERR,ERR,ERR,ERR,ERR,ERR,ERR,ERR,ERR,ERR,ERR,ERR,ERR,ERR,ERR,ERR,ERR,ERR,ERR,ERR,ERR,ERR,ERR,ERR,ERR,ERR,ERR,0.0,107616352.0,0.0,0.0,71072154124288.0,115563724800.0,0.0,3.834718012479897e+27,4300,0,8,17168,4300,0.0,41,0.0,0.0,0.0,0.0,-0.0,0,0,0,0,0.0,0,0,0,0,0,0,0,0,0,0,0,0,0,0,0,0,0,0,0,0,0,0,0,0,0,0,0,0,0,0,0,0,0,12,36,36,48,65476,406,65476,1,0,4,21553,0.0,0.0,0.0,0.0,0.0,0.0,0.0,0.0,0.0,0.0,0.0,0.0,0.0,0.0,0.0,0.0,0.0,0.0,0.0,0.0,0.0,2.004,2.004,3.6970818999223845e+19,-2.004,0.0,0.0,0.0,0.0,0.0,6560.0,-0.0,0.0,-107615880.0,107616352.0,0.0,-0.0,-0.0,0.0,2.004,2.004,225,-0.0,-0.0,0.0,0.0,0.0,0.0,0.0,0.0,0.0,0,0,0,-0.0,-0.0,0.0,-0.0,0.0,-0.0,-0.0,0.0,-0.0,-2.1109184001626524e+36,-2124616832.0,7.573276214334316e+21,0.0,1.893,0.0,-0.0,0,1.3516416376850534e+27,225,0.0,450,-74360974999552.0,4.538271724008914e+24,2112,52429,17109,0,17112,52429,17095,0,0,0,101,100,100,-107615264.0,66.4,-107615272.0,66.7,2.7302343157793998e+23,66.5,1,49,50,180,39322,52429,0,0,0.0,0.0,0.0,60.0,-0.0,71.0,0.0,996373.688,0.0,1068,0,1069,0,0,0,1069,0,1080,0,999,0,667,0,669,0,665,0,682,0.032,1.4609821306377965e+22,-0.0,2.730234856211355e+23,48272,16814,-0.002,1.4020752595016257e+33,-0.0,0.0,69393915904.0,1.4438752287779891e+38,50.0,60.0,35,0.0,0.0,10.0,2.0,0.0,0.0,0.0,0.0,0.0,0.0,0.0,0.0,0.0,0.0,0.0,0.0,58.8,53,12,65509,27,65476,0,300,0,0,8,20529,65476,0,0,30147,60.0,0.0,10.0,10.0,2.0,0.0
2026-02-16T12:54:11,ERR,ERR,ERR,ERR,ERR,ERR,ERR,ERR,ERR,ERR,ERR,ERR,ERR,ERR,ERR,ERR,ERR,ERR,ERR,ERR,ERR,ERR,ERR,ERR,ERR,ERR,ERR,ERR,ERR,ERR,ERR,ERR,ERR,ERR,ERR,ERR,ERR,ERR,ERR,ERR,ERR,ERR,ERR,ERR,ERR,ERR,ERR,ERR,ERR,ERR,ERR,ERR,ERR,ERR,ERR,ERR,ERR,ERR,ERR,ERR,ERR,ERR,ERR,ERR,ERR,ERR,ERR,ERR,ERR,ERR,ERR,ERR,ERR,ERR,ERR,ERR,ERR,ERR,ERR,ERR,ERR,ERR,ERR,ERR,ERR,ERR,ERR,ERR,ERR,ERR,ERR,ERR,ERR,ERR,ERR,ERR,ERR,ERR,ERR,ERR,ERR,ERR,ERR,ERR,ERR,ERR,ERR,ERR,ERR,ERR,ERR,ERR,ERR,ERR,ERR,ERR,ERR,ERR,ERR,ERR,ERR,ERR,ERR,ERR,ERR,0.0,107616352.0,0.0,0.0,71072154124288.0,115563724800.0,0.0,3.834718012479897e+27,4300,0,8,17168,4300,0.0,41,0.0,0.0,0.0,0.0,-0.0,0,0,0,0,0.0,0,0,0,0,0,0,0,0,0,0,0,0,0,0,0,0,0,0,0,0,0,0,0,0,0,0,0,0,0,0,0,0,0,12,36,36,48,65476,406,65476,1,0,4,21553,0.0,0.0,0.0,0.0,0.0,0.0,0.0,0.0,0.0,0.0,0.0,0.0,0.0,0.0,0.0,0.0,0.0,0.0,0.0,0.0,0.0,2.004,2.004,3.6970818999223845e+19,-2.004,0.0,0.0,0.0,0.0,0.0,6560.0,-0.0,0.0,-107615880.0,107616352.0,0.0,-0.0,-0.0,0.0,2.004,2.004,225,-0.0,-0.0,0.0,0.0,0.0,0.0,0.0,0.0,0.0,0,0,0,-0.0,-0.0,0.0,-0.0,0.0,-0.0,-0.0,0.0,-0.0,-2.1109184001626524e+36,-2124616832.0,7.573276214334316e+21,0.0,1.893,0.0,-0.0,0,1.3516416376850534e+27,225,0.0,450,-74360974999552.0,4.538271724008914e+24,2112,52429,17109,0,17112,52429,17095,0,0,0,101,100,100,0.0,66.9,-107615272.0,66.7,2.7302343157793998e+23,66.5,1,49,50,180,39322,52429,0,0,0.0,0.0,0.0,60.0,-0.0,71.0,0.0,-8.378111970737123e+26,0.0,1068,0,1069,0,0,0,1069,0,1079,0,999,0,667,0,669,0,665,0,683,0.032,1.4609821306377965e+22,-0.0,2.730234856211355e+23,45456,16814,-0.0,-8.378111970737123e+26,-1.7257977459245056e+16,-1256223104.0,6.82293730666251e+36,-0.0,50.0,60.0,35,0.0,0.0,10.0,2.0,0.0,0.0,0.0,0.0,0.0,0.0,0.0,0.0,0.0,0.0,0.0,0.0,58.8,53,12,65509,27,65476,0,300,0,0,8,20529,65476,0,0,30147,60.0,0.0,10.0,10.0,2.0,0.0
2026-02-16T12:54:12,ERR,ERR,ERR,ERR,ERR,ERR,ERR,ERR,ERR,ERR,ERR,ERR,ERR,ERR,ERR,ERR,ERR,ERR,ERR,ERR,ERR,ERR,ERR,ERR,ERR,ERR,ERR,ERR,ERR,ERR,ERR,ERR,ERR,ERR,ERR,ERR,ERR,ERR,ERR,ERR,ERR,ERR,ERR,ERR,ERR,ERR,ERR,ERR,ERR,ERR,ERR,ERR,ERR,ERR,ERR,ERR,ERR,ERR,ERR,ERR,ERR,ERR,ERR,ERR,ERR,ERR,ERR,ERR,ERR,ERR,ERR,ERR,ERR,ERR,ERR,ERR,ERR,ERR,ERR,ERR,ERR,ERR,ERR,ERR,ERR,ERR,ERR,ERR,ERR,ERR,ERR,ERR,ERR,ERR,ERR,ERR,ERR,ERR,ERR,ERR,ERR,ERR,ERR,ERR,ERR,ERR,ERR,ERR,ERR,ERR,ERR,ERR,ERR,ERR,ERR,ERR,ERR,ERR,ERR,ERR,ERR,ERR,ERR,ERR,ERR,0.0,107616352.0,0.0,0.0,71072154124288.0,304.508,0.0,1.1228356217650817e+36,4300,0,8,17168,4300,0.0,41,0.0,0.0,0.0,0.0,-0.0,0,0,0,0,0.0,0,0,0,0,0,0,0,0,0,0,0,0,0,0,0,0,0,0,0,0,0,0,0,0,0,0,0,0,0,0,0,0,0,12,36,36,48,65476,408,65476,1,0,4,21553,0.0,2.7183305813883192e+23,0.0,0.0,0.0,0.0,0.0,0.0,0.0,0.0,0.0,0.0,0.0,0.0,0.0,0.0,0.0,0.0,0.0,0.0,0.0,2.004,2.004,3.6970818999223845e+19,-2.004,0.0,0.0,0.0,0.0,0.0,6565.0,-0.0,0.0,0.0,107616352.0,0.0,-0.0,0.0,0.0,2.004,2.004,226,-2.30882787541985e+20,-0.0,0.0,0.0,0.0,0.0,0.0,0.0,0.0,0,0,0,1.9461842890666135e+37,0.0,0.0,0.0,0.0,-0.0,-0.0,0.0,-0.0,-2.245918118484558e+36,-2303076608.0,8.015998072103346e+21,0.0,1.987,0.0,-0.0,0,1.3516416376850534e+27,227,0.0,454,0.0,-0.0,2112,52429,17109,0,17112,52429,17095,0,0,0,101,100,100,0.0,66.9,-107615272.0,66.7,2.7302343157793998e+23,66.5,1,49,50,180,39322,52429,0,0,0.0,0.0,0.0,60.0,-0.0,71.0,0.0,-8.378111970737123e+26,0.0,1068,0,1069,0,0,0,1069,0,1079,0,999,0,667,0,669,0,665,0,683,0.032,1.4609821306377965e+22,-0.0,2.730234856211355e+23,45456,16814,-0.0,-8.378111970737123e+26,-1.7257977459245056e+16,-1256223104.0,6.82293730666251e+36,-0.0,50.0,60.0,35,0.0,0.0,10.0,2.0,0.0,0.0,0.0,0.0,0.0,0.0,0.0,0.0,0.0,0.0,0.0,0.0,58.8,53,12,65509,27,65476,0,300,0,0,8,20529,65476,0,0,30147,60.0,0.0,10.0,10.0,2.0,0.0
2026-02-16T12:54:13,ERR,ERR,ERR,ERR,ERR,ERR,ERR,ERR,ERR,ERR,ERR,ERR,ERR,ERR,ERR,ERR,ERR,ERR,ERR,ERR,ERR,ERR,ERR,ERR,ERR,ERR,ERR,ERR,ERR,ERR,ERR,ERR,ERR,ERR,ERR,ERR,ERR,ERR,ERR,ERR,ERR,ERR,ERR,ERR,ERR,ERR,ERR,ERR,ERR,ERR,ERR,ERR,ERR,ERR,ERR,ERR,ERR,ERR,ERR,ERR,ERR,ERR,ERR,ERR,ERR,ERR,ERR,ERR,ERR,ERR,ERR,ERR,ERR,ERR,ERR,ERR,ERR,ERR,ERR,ERR,ERR,ERR,ERR,ERR,ERR,ERR,ERR,ERR,ERR,ERR,ERR,ERR,ERR,ERR,ERR,ERR,ERR,ERR,ERR,ERR,ERR,ERR,ERR,ERR,ERR,ERR,ERR,ERR,ERR,ERR,ERR,ERR,ERR,ERR,ERR,ERR,ERR,ERR,ERR,ERR,ERR,ERR,ERR,ERR,ERR,0.0,107616352.0,0.0,0.0,71072154124288.0,304.508,0.0,1.1228356217650817e+36,4300,0,8,17168,4300,0.0,41,0.0,0.0,0.0,0.0,-0.0,0,0,0,0,0.0,0,0,0,0,0,0,0,0,0,0,0,0,0,0,0,0,0,0,0,0,0,0,0,0,0,0,0,0,0,0,0,0,0,12,36,36,48,65476,408,65476,1,0,4,21553,0.0,2.7183305813883192e+23,0.0,0.0,0.0,0.0,0.0,0.0,0.0,0.0,0.0,0.0,0.0,0.0,0.0,0.0,0.0,0.0,0.0,0.0,0.0,2.004,2.004,3.6970818999223845e+19,-2.004,0.0,0.0,0.0,0.0,0.0,6565.0,-0.0,0.0,0.0,107616352.0,0.0,-0.0,0.0,0.0,2.004,2.004,226,-2.30882787541985e+20,-0.0,0.0,0.0,0.0,0.0,0.0,0.0,0.0,0,0,0,1.9461842890666135e+37,0.0,0.0,0.0,0.0,-0.0,-0.0,0.0,-0.0,-2.245918118484558e+36,-2303076608.0,8.015998072103346e+21,0.0,1.987,0.0,-0.0,0,1.3516416376850534e+27,227,0.0,454,0.0,-0.0,2112,52429,17109,0,17112,52429,17095,0,0,0,101,100,100,0.0,66.9,-107615272.0,66.7,2.7302343157793998e+23,66.5,1,49,50,180,39322,52429,0,0,0.0,0.0,0.0,60.0,-0.0,71.0,0.0,-8.378111970737123e+26,0.0,1068,0,1069,0,0,0,1069,0,1079,0,999,0,667,0,669,0,665,0,683,0.032,1.4609821306377965e+22,-0.0,2.730234856211355e+23,45456,16814,-0.0,-8.378111970737123e+26,-1.7257977459245056e+16,-1256223104.0,6.82293730666251e+36,-0.0,50.0,60.0,35,0.0,0.0,10.0,2.0,0.0,0.0,0.0,0.0,0.0,0.0,0.0,0.0,0.0,0.0,0.0,0.0,58.8,53,12,65509,27,65476,0,300,0,0,8,20529,65476,0,0,30147,60.0,0.0,10.0,10.0,2.0,0.0
2026-02-16T12:54:14,ERR,ERR,ERR,ERR,ERR,ERR,ERR,ERR,ERR,ERR,ERR,ERR,ERR,ERR,ERR,ERR,ERR,ERR,ERR,ERR,ERR,ERR,ERR,ERR,ERR,ERR,ERR,ERR,ERR,ERR,ERR,ERR,ERR,ERR,ERR,ERR,ERR,ERR,ERR,ERR,ERR,ERR,ERR,ERR,ERR,ERR,ERR,ERR,ERR,ERR,ERR,ERR,ERR,ERR,ERR,ERR,ERR,ERR,ERR,ERR,ERR,ERR,ERR,ERR,ERR,ERR,ERR,ERR,ERR,ERR,ERR,ERR,ERR,ERR,ERR,ERR,ERR,ERR,ERR,ERR,ERR,ERR,ERR,ERR,ERR,ERR,ERR,ERR,ERR,ERR,ERR,ERR,ERR,ERR,ERR,ERR,ERR,ERR,ERR,ERR,ERR,ERR,ERR,ERR,ERR,ERR,ERR,ERR,ERR,ERR,ERR,ERR,ERR,ERR,ERR,ERR,ERR,ERR,ERR,ERR,ERR,ERR,ERR,ERR,ERR,0.0,107616352.0,0.0,0.0,71072154124288.0,304.508,0.0,1.1228356217650817e+36,4300,0,8,17168,4300,0.0,41,0.0,0.0,0.0,0.0,-0.0,0,0,0,0,0.0,0,0,0,0,0,0,0,0,0,0,0,0,0,0,0,0,0,0,0,0,0,0,0,0,0,0,0,0,0,0,0,0,0,12,36,36,48,65476,408,65476,1,0,4,21553,0.0,2.7183305813883192e+23,0.0,0.0,0.0,0.0,0.0,0.0,0.0,0.0,0.0,0.0,0.0,0.0,0.0,0.0,0.0,0.0,0.0,0.0,0.0,2.004,2.004,3.6970818999223845e+19,-2.004,0.0,0.0,0.0,0.0,0.0,6565.0,-0.0,0.0,0.0,107616352.0,0.0,-0.0,0.0,0.0,2.004,2.004,226,-2.30882787541985e+20,-0.0,0.0,0.0,0.0,0.0,0.0,0.0,0.0,0,0,0,1.9461842890666135e+37,0.0,0.0,0.0,0.0,-0.0,-0.0,0.0,-0.0,-2.245918118484558e+36,-2303076608.0,8.015998072103346e+21,0.0,1.987,0.0,-0.0,0,1.3516416376850534e+27,227,0.0,454,0.0,-0.0,2112,52429,17109,0,17112,0,17096,0,0,0,101,100,100,0.0,66.4,-107615272.0,66.7,2.7302343157793998e+23,66.5,1,49,50,180,39322,52429,0,0,0.0,0.0,0.0,60.0,-0.0,71.0,0.0,-0.0,0.0,1068,0,1069,0,0,0,1069,0,1080,0,999,0,667,0,669,0,664,0,683,0.032,1.4609821306377965e+22,-2.004,-0.0,44688,16814,-0.0,130.255,0.0,-0.0,-0.0,-7.751066835143672e+37,50.0,60.0,35,0.0,0.0,10.0,2.0,0.0,0.0,0.0,0.0,0.0,0.0,0.0,0.0,0.0,0.0,0.0,0.0,58.8,53,12,65510,27,65476,0,300,0,0,8,20529,65476,0,0,30147,60.0,0.0,10.0,10.0,2.0,0.0
2026-02-16T12:54:15,ERR,ERR,ERR,ERR,ERR,ERR,ERR,ERR,ERR,ERR,ERR,ERR,ERR,ERR,ERR,ERR,ERR,ERR,ERR,ERR,ERR,ERR,ERR,ERR,ERR,ERR,ERR,ERR,ERR,ERR,ERR,ERR,ERR,ERR,ERR,ERR,ERR,ERR,ERR,ERR,ERR,ERR,ERR,ERR,ERR,ERR,ERR,ERR,ERR,ERR,ERR,ERR,ERR,ERR,ERR,ERR,ERR,ERR,ERR,ERR,ERR,ERR,ERR,ERR,ERR,ERR,ERR,ERR,ERR,ERR,ERR,ERR,ERR,ERR,ERR,ERR,ERR,ERR,ERR,ERR,ERR,ERR,ERR,ERR,ERR,ERR,ERR,ERR,ERR,ERR,ERR,ERR,ERR,ERR,ERR,ERR,ERR,ERR,ERR,ERR,ERR,ERR,ERR,ERR,ERR,ERR,ERR,ERR,ERR,ERR,ERR,ERR,ERR,ERR,ERR,ERR,ERR,ERR,ERR,ERR,ERR,ERR,ERR,ERR,ERR,0.0,107616352.0,0.0,0.0,71072154124288.0,304.508,0.0,1.1228356217650817e+36,4300,0,8,17168,4300,0.0,41,0.0,0.0,0.0,0.0,-0.0,0,0,0,0,0.0,0,0,0,0,0,0,0,0,0,0,0,0,0,0,0,0,0,0,0,0,0,0,0,0,0,0,0,0,0,0,0,0,0,12,36,36,48,65476,408,65476,1,0,4,21553,0.0,2.7183305813883192e+23,0.0,0.0,0.0,0.0,0.0,0.0,0.0,0.0,0.0,0.0,0.0,0.0,0.0,0.0,0.0,0.0,0.0,0.0,0.0,2.004,2.004,3.6970818999223845e+19,-2.004,0.0,0.0,0.0,0.0,0.0,6565.0,-0.0,0.0,0.0,107616352.0,0.0,-0.0,0.0,0.0,2.004,2.004,226,-2.30882787541985e+20,-0.0,0.0,0.0,0.0,0.0,0.0,0.0,0.0,0,0,0,1.9461842890666135e+37,0.0,0.0,0.0,0.0,-0.0,-0.0,0.0,-0.0,-2.245918118484558e+36,-2303076608.0,8.015998072103346e+21,0.0,1.987,0.0,-0.0,0,1.3516416376850534e+27,227,0.0,454,0.0,-0.0,2112,52429,17109,0,17112,0,17096,0,0,0,101,100,100,0.0,66.4,-107615272.0,66.7,2.7302343157793998e+23,66.5,1,49,50,180,39322,52429,0,0,0.0,0.0,0.0,60.0,-0.0,71.0,0.0,-0.0,0.0,1068,0,1069,0,0,0,1069,0,1080,0,999,0,667,0,669,0,664,0,683,0.032,1.4609821306377965e+22,-2.004,-0.0,44688,16814,-0.0,130.255,0.0,-0.0,-0.0,-7.751066835143672e+37,50.0,60.0,35,0.0,0.0,10.0,2.0,0.0,0.0,0.0,0.0,0.0,0.0,0.0,0.0,0.0,0.0,0.0,0.0,58.8,53,12,65510,27,65476,0,300,0,0,8,20529,65476,0,0,30147,60.0,0.0,10.0,10.0,2.0,0.0
2026-02-16T12:54:16,ERR,ERR,ERR,ERR,ERR,ERR,ERR,ERR,ERR,ERR,ERR,ERR,ERR,ERR,ERR,ERR,ERR,ERR,ERR,ERR,ERR,ERR,ERR,ERR,ERR,ERR,ERR,ERR,ERR,ERR,ERR,ERR,ERR,ERR,ERR,ERR,ERR,ERR,ERR,ERR,ERR,ERR,ERR,ERR,ERR,ERR,ERR,ERR,ERR,ERR,ERR,ERR,ERR,ERR,ERR,ERR,ERR,ERR,ERR,ERR,ERR,ERR,ERR,ERR,ERR,ERR,ERR,ERR,ERR,ERR,ERR,ERR,ERR,ERR,ERR,ERR,ERR,ERR,ERR,ERR,ERR,ERR,ERR,ERR,ERR,ERR,ERR,ERR,ERR,ERR,ERR,ERR,ERR,ERR,ERR,ERR,ERR,ERR,ERR,ERR,ERR,ERR,ERR,ERR,ERR,ERR,ERR,ERR,ERR,ERR,ERR,ERR,ERR,ERR,ERR,ERR,ERR,ERR,ERR,ERR,ERR,ERR,ERR,ERR,ERR,0.0,107616352.0,0.0,0.0,71072154124288.0,1.0293947191773835e+36,1.6160875892237664e+19,941.001,4300,0,8,17168,4300,0.0,41,0.0,0.0,0.0,0.0,-0.0,0,0,0,0,0.0,0,0,0,0,0,0,0,0,0,0,0,0,0,0,0,0,0,0,0,0,0,0,0,0,0,0,0,0,0,0,0,0,0,12,37,36,48,65476,408,65476,1,0,4,21553,0.0,-0.0,0.0,0.0,0.0,0.0,0.0,0.0,0.0,0.0,0.0,0.0,0.0,0.0,0.0,0.0,0.0,0.0,0.0,0.0,0.0,2.004,2.004,3.6970818999223845e+19,-3.697074423243316e+19,2.004,0.0,0.0,0.0,0.0,6563.0,-8608232448.0,0.0,0.0,107616352.0,0.0,-0.0,0.0,0.0,2.004,2.004,226,-4.950401131092143e+32,-0.0,0.0,0.0,0.0,0.0,0.0,0.0,0.0,0,0,0,-0.0,-1.412326771487559e+23,-5.657972363010588e+37,5349630.5,0.0,0.0,nan,0.0,-3.5704793794367315e+25,-2.3705332430893938e+36,-2504403200.0,8.458719929872375e+21,0.0,2.145,0.0,-0.0,0,1.3516416376850534e+27,226,0.0,450,0.0,-1.4035696821479504e+35,2112,52429,17109,0,17112,0,17096,0,0,0,101,100,100,0.0,66.4,-107615272.0,66.7,2.7302343157793998e+23,66.5,1,49,50,180,39322,52429,0,0,0.0,0.0,0.0,60.0,-0.0,71.0,0.0,-0.0,0.0,1068,0,1069,0,0,0,1069,0,1080,0,999,0,667,0,669,0,664,0,683,0.032,1.4609821306377965e+22,-2.004,-0.0,44688,16814,-0.0,130.255,0.0,-0.0,-0.0,-7.751066835143672e+37,50.0,60.0,35,0.0,0.0,10.0,2.0,0.0,0.0,0.0,0.0,0.0,0.0,0.0,0.0,0.0,0.0,0.0,0.0,58.8,53,12,65510,27,65476,0,300,0,0,8,20529,65476,0,0,30147,60.0,0.0,10.0,10.0,2.0,0.0
2026-02-16T12:54:17,ERR,ERR,ERR,ERR,ERR,ERR,ERR,ERR,ERR,ERR,ERR,ERR,ERR,ERR,ERR,ERR,ERR,ERR,ERR,ERR,ERR,ERR,ERR,ERR,ERR,ERR,ERR,ERR,ERR,ERR,ERR,ERR,ERR,ERR,ERR,ERR,ERR,ERR,ERR,ERR,ERR,ERR,ERR,ERR,ERR,ERR,ERR,ERR,ERR,ERR,ERR,ERR,ERR,ERR,ERR,ERR,ERR,ERR,ERR,ERR,ERR,ERR,ERR,ERR,ERR,ERR,ERR,ERR,ERR,ERR,ERR,ERR,ERR,ERR,ERR,ERR,ERR,ERR,ERR,ERR,ERR,ERR,ERR,ERR,ERR,ERR,ERR,ERR,ERR,ERR,ERR,ERR,ERR,ERR,ERR,ERR,ERR,ERR,ERR,ERR,ERR,ERR,ERR,ERR,ERR,ERR,ERR,ERR,ERR,ERR,ERR,ERR,ERR,ERR,ERR,ERR,ERR,ERR,ERR,ERR,ERR,ERR,ERR,ERR,ERR,0.0,107616352.0,0.0,0.0,71072154124288.0,1.0293947191773835e+36,1.6160875892237664e+19,941.001,4300,0,8,17168,4300,0.0,41,0.0,0.0,0.0,0.0,-0.0,0,0,0,0,0.0,0,0,0,0,0,0,0,0,0,0,0,0,0,0,0,0,0,0,0,0,0,0,0,0,0,0,0,0,0,0,0,0,0,12,37,36,48,65476,408,65476,1,0,4,21553,0.0,-0.0,0.0,0.0,0.0,0.0,0.0,0.0,0.0,0.0,0.0,0.0,0.0,0.0,0.0,0.0,0.0,0.0,0.0,0.0,0.0,2.004,2.004,3.6970818999223845e+19,-3.697074423243316e+19,2.004,0.0,0.0,0.0,0.0,6563.0,-8608232448.0,0.0,0.0,107616352.0,0.0,-0.0,0.0,0.0,2.004,2.004,226,-4.950401131092143e+32,-0.0,0.0,0.0,0.0,0.0,0.0,0.0,0.0,0,0,0,-0.0,-1.412326771487559e+23,-5.657972363010588e+37,5349630.5,0.0,0.0,nan,0.0,-3.5704793794367315e+25,-2.3705332430893938e+36,-2504403200.0,8.458719929872375e+21,0.0,2.145,0.0,-0.0,0,1.3516416376850534e+27,226,0.0,450,0.0,-1.4035696821479504e+35,2112,52429,17109,0,17112,52429,17095,0,0,0,101,100,100,-107615264.0,66.4,-107615272.0,66.7,2.7302343157793998e+23,66.5,1,49,50,180,39322,52429,0,0,0.0,0.0,0.0,60.0,-0.0,71.0,0.0,6.838146692700086e+25,0.0,1068,0,1069,0,0,0,1069,0,1080,0,999,0,667,0,669,0,665,0,683,0.032,1.4609821306377965e+22,-2.004,-0.0,24592,16814,-0.0,0.0,-2632825176064.0,4.301884300780497e+22,288313049088.0,-0.113,50.0,60.0,35,0.0,0.0,10.0,2.0,0.0,0.0,0.0,0.0,0.0,0.0,0.0,0.0,0.0,0.0,0.0,0.0,58.8,53,12,65510,27,65476,0,300,0,0,8,20529,65476,0,0,30147,60.0,0.0,10.0,10.0,2.0,0.0
2026-02-16T12:54:18,ERR,ERR,ERR,ERR,ERR,ERR,ERR,ERR,ERR,ERR,ERR,ERR,ERR,ERR,ERR,ERR,ERR,ERR,ERR,ERR,ERR,ERR,ERR,ERR,ERR,ERR,ERR,ERR,ERR,ERR,ERR,ERR,ERR,ERR,ERR,ERR,ERR,ERR,ERR,ERR,ERR,ERR,ERR,ERR,ERR,ERR,ERR,ERR,ERR,ERR,ERR,ERR,ERR,ERR,ERR,ERR,ERR,ERR,ERR,ERR,ERR,ERR,ERR,ERR,ERR,ERR,ERR,ERR,ERR,ERR,ERR,ERR,ERR,ERR,ERR,ERR,ERR,ERR,ERR,ERR,ERR,ERR,ERR,ERR,ERR,ERR,ERR,ERR,ERR,ERR,ERR,ERR,ERR,ERR,ERR,ERR,ERR,ERR,ERR,ERR,ERR,ERR,ERR,ERR,ERR,ERR,ERR,ERR,ERR,ERR,ERR,ERR,ERR,ERR,ERR,ERR,ERR,ERR,ERR,ERR,ERR,ERR,ERR,ERR,ERR,0.0,107616352.0,0.0,0.0,71072154124288.0,1.0293947191773835e+36,1.6160875892237664e+19,941.001,4300,0,8,17168,4300,0.0,41,0.0,0.0,0.0,0.0,-0.0,0,0,0,0,0.0,0,0,0,0,0,0,0,0,0,0,0,0,0,0,0,0,0,0,0,0,0,0,0,0,0,0,0,0,0,0,0,0,0,12,37,36,48,65476,408,65476,1,0,4,21553,0.0,-0.0,0.0,0.0,0.0,0.0,0.0,0.0,0.0,0.0,0.0,0.0,0.0,0.0,0.0,0.0,0.0,0.0,0.0,0.0,0.0,2.004,2.004,3.6970818999223845e+19,-3.697074423243316e+19,2.004,0.0,0.0,0.0,0.0,6563.0,-8608232448.0,0.0,0.0,107616352.0,0.0,-0.0,0.0,0.0,2.004,2.004,226,-4.950401131092143e+32,-0.0,0.0,0.0,0.0,0.0,0.0,0.0,0.0,0,0,0,-0.0,-1.412326771487559e+23,-5.657972363010588e+37,5349630.5,0.0,0.0,nan,0.0,-3.5704793794367315e+25,-2.3705332430893938e+36,-2504403200.0,8.458719929872375e+21,0.0,2.145,0.0,-0.0,0,1.3516416376850534e+27,226,0.0,450,0.0,-1.4035696821479504e+35,2112,52429,17109,0,17112,52429,17095,0,0,0,101,100,100,-107615264.0,66.4,-107615272.0,66.7,2.7302343157793998e+23,66.5,1,49,50,180,39322,52429,0,0,0.0,0.0,0.0,60.0,-0.0,71.0,0.0,6.838146692700086e+25,0.0,1068,0,1069,0,0,0,1069,0,1080,0,999,0,667,0,669,0,665,0,683,0.032,1.4609821306377965e+22,-2.004,-0.0,24592,16814,-0.0,0.0,-2632825176064.0,4.301884300780497e+22,288313049088.0,-0.113,50.0,60.0,35,0.0,0.0,10.0,2.0,0.0,0.0,0.0,0.0,0.0,0.0,0.0,0.0,0.0,0.0,0.0,0.0,58.8,53,12,65510,27,65476,0,300,0,0,8,20529,65476,0,0,30147,60.0,0.0,10.0,10.0,2.0,0.0
2026-02-16T12:54:19,ERR,ERR,ERR,ERR,ERR,ERR,ERR,ERR,ERR,ERR,ERR,ERR,ERR,ERR,ERR,ERR,ERR,ERR,ERR,ERR,ERR,ERR,ERR,ERR,ERR,ERR,ERR,ERR,ERR,ERR,ERR,ERR,ERR,ERR,ERR,ERR,ERR,ERR,ERR,ERR,ERR,ERR,ERR,ERR,ERR,ERR,ERR,ERR,ERR,ERR,ERR,ERR,ERR,ERR,ERR,ERR,ERR,ERR,ERR,ERR,ERR,ERR,ERR,ERR,ERR,ERR,ERR,ERR,ERR,ERR,ERR,ERR,ERR,ERR,ERR,ERR,ERR,ERR,ERR,ERR,ERR,ERR,ERR,ERR,ERR,ERR,ERR,ERR,ERR,ERR,ERR,ERR,ERR,ERR,ERR,ERR,ERR,ERR,ERR,ERR,ERR,ERR,ERR,ERR,ERR,ERR,ERR,ERR,ERR,ERR,ERR,ERR,ERR,ERR,ERR,ERR,ERR,ERR,ERR,ERR,ERR,ERR,ERR,ERR,ERR,0.0,107616352.0,0.0,0.0,71072154124288.0,1.0293947191773835e+36,1.6160875892237664e+19,941.001,4300,0,8,17168,4300,0.0,41,0.0,0.0,0.0,0.0,-0.0,0,0,0,0,0.0,0,0,0,0,0,0,0,0,0,0,0,0,0,0,0,0,0,0,0,0,0,0,0,0,0,0,0,0,0,0,0,0,0,12,37,36,48,65476,408,65476,1,0,4,21553,0.0,-0.0,0.0,0.0,0.0,0.0,0.0,0.0,0.0,0.0,0.0,0.0,0.0,0.0,0.0,0.0,0.0,0.0,0.0,0.0,0.0,2.004,2.004,3.6970818999223845e+19,-3.697074423243316e+19,2.004,0.0,0.0,0.0,0.0,6563.0,-8608232448.0,0.0,0.0,107616352.0,0.0,-0.0,0.0,0.0,2.004,2.004,226,-4.950401131092143e+32,-0.0,0.0,0.0,0.0,0.0,0.0,0.0,0.0,0,0,0,-0.0,-1.412326771487559e+23,-5.657972363010588e+37,5349630.5,0.0,0.0,nan,0.0,-3.5704793794367315e+25,-2.3705332430893938e+36,-2504403200.0,8.458719929872375e+21,0.0,2.145,0.0,-0.0,0,1.3516416376850534e+27,226,0.0,450,0.0,-1.4035696821479504e+35,2112,52429,17109,0,17112,52429,17095,0,0,0,101,100,100,-107615264.0,66.4,-107615272.0,66.7,2.7302343157793998e+23,66.5,1,49,50,180,39322,52429,0,0,0.0,0.0,0.0,60.0,-0.0,71.0,0.0,6.838146692700086e+25,0.0,1068,0,1069,0,0,0,1069,0,1080,0,999,0,667,0,669,0,665,0,683,0.032,1.4609821306377965e+22,-2.004,-0.0,24592,16814,-0.0,0.0,-2632825176064.0,4.301884300780497e+22,288313049088.0,-0.113,50.0,60.0,35,0.0,0.0,10.0,2.0,0.0,0.0,0.0,0.0,0.0,0.0,0.0,0.0,0.0,0.0,0.0,0.0,58.8,53,12,65510,27,65476,0,300,0,0,8,20529,65476,0,0,30147,60.0,0.0,10.0,10.0,2.0,0.0
2026-02-16T12:54:20,ERR,ERR,ERR,ERR,ERR,ERR,ERR,ERR,ERR,ERR,ERR,ERR,ERR,ERR,ERR,ERR,ERR,ERR,ERR,ERR,ERR,ERR,ERR,ERR,ERR,ERR,ERR,ERR,ERR,ERR,ERR,ERR,ERR,ERR,ERR,ERR,ERR,ERR,ERR,ERR,ERR,ERR,ERR,ERR,ERR,ERR,ERR,ERR,ERR,ERR,ERR,ERR,ERR,ERR,ERR,ERR,ERR,ERR,ERR,ERR,ERR,ERR,ERR,ERR,ERR,ERR,ERR,ERR,ERR,ERR,ERR,ERR,ERR,ERR,ERR,ERR,ERR,ERR,ERR,ERR,ERR,ERR,ERR,ERR,ERR,ERR,ERR,ERR,ERR,ERR,ERR,ERR,ERR,ERR,ERR,ERR,ERR,ERR,ERR,ERR,ERR,ERR,ERR,ERR,ERR,ERR,ERR,ERR,ERR,ERR,ERR,ERR,ERR,ERR,ERR,ERR,ERR,ERR,ERR,ERR,ERR,ERR,ERR,ERR,ERR,0.0,107616352.0,0.0,0.0,71072154124288.0,1.0293947191773835e+36,1.6160875892237664e+19,941.001,4300,0,8,17168,4300,0.0,41,0.0,0.0,0.0,0.0,-0.0,0,0,0,0,0.0,0,0,0,0,0,0,0,0,0,0,0,0,0,0,0,0,0,0,0,0,0,0,0,0,0,0,0,0,0,0,0,0,0,12,37,36,48,65476,408,65476,1,0,4,21553,0.0,-0.0,0.0,0.0,0.0,0.0,0.0,0.0,0.0,0.0,0.0,0.0,0.0,0.0,0.0,0.0,0.0,0.0,0.0,0.0,0.0,2.004,2.004,3.6970818999223845e+19,-3.697074423243316e+19,2.004,0.0,0.0,0.0,0.0,6563.0,-8608232448.0,0.0,0.0,107616352.0,0.0,-0.0,0.0,0.0,2.004,2.004,226,-4.950401131092143e+32,-0.0,0.0,0.0,0.0,0.0,0.0,0.0,0.0,0,0,0,-0.0,-1.412326771487559e+23,-5.657972363010588e+37,5349630.5,0.0,0.0,nan,0.0,-3.5704793794367315e+25,-2.3705332430893938e+36,-2504403200.0,8.458719929872375e+21,0.0,2.145,0.0,-0.0,0,1.3516416376850534e+27,226,0.0,450,0.0,-1.4035696821479504e+35,2112,52429,17109,0,17112,52429,17095,0,0,0,101,100,100,-107615264.0,66.4,-107615272.0,66.7,2.7302343157793998e+23,66.5,1,49,50,180,39322,52429,0,0,0.0,0.0,0.0,60.0,-0.0,71.0,0.0,6.838146692700086e+25,0.0,1068,0,1069,0,0,0,1069,0,1080,0,999,0,667,0,669,0,665,0,683,0.032,1.4609821306377965e+22,-2.004,-0.0,24592,16814,-0.0,0.0,-2632825176064.0,4.301884300780497e+22,288313049088.0,-0.113,50.0,60.0,35,0.0,0.0,10.0,2.0,0.0,0.0,0.0,0.0,0.0,0.0,0.0,0.0,0.0,0.0,0.0,0.0,58.8,53,12,65510,27,65476,0,300,0,0,8,20529,65476,0,0,30147,60.0,0.0,10.0,10.0,2.0,0.0
2026-02-16T12:54:21,ERR,ERR,ERR,ERR,ERR,ERR,ERR,ERR,ERR,ERR,ERR,ERR,ERR,ERR,ERR,ERR,ERR,ERR,ERR,ERR,ERR,ERR,ERR,ERR,ERR,ERR,ERR,ERR,ERR,ERR,ERR,ERR,ERR,ERR,ERR,ERR,ERR,ERR,ERR,ERR,ERR,ERR,ERR,ERR,ERR,ERR,ERR,ERR,ERR,ERR,ERR,ERR,ERR,ERR,ERR,ERR,ERR,ERR,ERR,ERR,ERR,ERR,ERR,ERR,ERR,ERR,ERR,ERR,ERR,ERR,ERR,ERR,ERR,ERR,ERR,ERR,ERR,ERR,ERR,ERR,ERR,ERR,ERR,ERR,ERR,ERR,ERR,ERR,ERR,ERR,ERR,ERR,ERR,ERR,ERR,ERR,ERR,ERR,ERR,ERR,ERR,ERR,ERR,ERR,ERR,ERR,ERR,ERR,ERR,ERR,ERR,ERR,ERR,ERR,ERR,ERR,ERR,ERR,ERR,ERR,ERR,ERR,ERR,ERR,ERR,0.0,107616352.0,0.0,0.0,71072154124288.0,-0.0,-0.0,0.0,4300,0,8,17168,4300,0.0,41,0.0,0.0,0.0,0.0,-0.0,0,0,0,0,0.0,0,0,0,0,0,0,0,0,0,0,0,0,0,0,0,0,0,0,0,0,0,0,0,0,0,0,0,0,0,0,0,0,0,12,37,36,48,65476,408,65476,1,0,4,21553,0.0,-0.0,0.0,0.0,0.0,0.0,0.0,0.0,0.0,0.0,0.0,0.0,0.0,0.0,0.0,0.0,0.0,0.0,0.0,0.0,0.0,2.004,2.004,3.6970818999223845e+19,-3.697074423243316e+19,2.004,0.0,0.0,0.0,0.0,6564.0,-1.5879386089525827e+29,0.0,0.0,107616352.0,0.0,-0.0,0.0,0.0,2.004,2.004,227,-152017263656960.0,-107615256.0,0.0,0.0,0.0,0.0,0.0,0.0,0.0,0,0,0,1.9048150501701853e+32,-0.0,-1.5800039943407354e+29,-0.0,0.0,-5.005947268541121e+34,0.045,151832.125,0.0,-2.5055329614112993e+36,-2705729792.0,8.901441787641404e+21,0.0,2.332,0.0,-0.0,0,1.3516416376850534e+27,227,0.0,454,0.0,-1.4035696821479504e+35,2112,52429,17109,0,17112,0,17096,0,0,0,101,100,100,0.0,66.9,-107615272.0,66.7,2.7302343157793998e+23,66.5,1,49,50,180,39322,52429,0,0,0.0,0.0,0.0,60.0,-0.0,71.0,0.0,0.0,0.0,1068,0,1069,0,0,0,1069,0,1079,0,1000,0,668,0,669,0,665,0,683,0.032,1.4536034330083127e+22,-2.004,-0.0,35472,16814,-0.0,0.0,-7.155336240347637e+19,1502.028,1.686219476606575e+20,-465408.375,50.0,60.0,35,0.0,0.0,10.0,2.0,0.0,0.0,0.0,0.0,0.0,0.0,0.0,0.0,0.0,0.0,0.0,0.0,58.8,53,12,65510,27,65476,0,300,0,0,8,20529,65476,0,0,30147,60.0,0.0,10.0,10.0,2.0,0.0
2026-02-16T12:54:22,ERR,ERR,ERR,ERR,ERR,ERR,ERR,ERR,ERR,ERR,ERR,ERR,ERR,ERR,ERR,ERR,ERR,ERR,ERR,ERR,ERR,ERR,ERR,ERR,ERR,ERR,ERR,ERR,ERR,ERR,ERR,ERR,ERR,ERR,ERR,ERR,ERR,ERR,ERR,ERR,ERR,ERR,ERR,ERR,ERR,ERR,ERR,ERR,ERR,ERR,ERR,ERR,ERR,ERR,ERR,ERR,ERR,ERR,ERR,ERR,ERR,ERR,ERR,ERR,ERR,ERR,ERR,ERR,ERR,ERR,ERR,ERR,ERR,ERR,ERR,ERR,ERR,ERR,ERR,ERR,ERR,ERR,ERR,ERR,ERR,ERR,ERR,ERR,ERR,ERR,ERR,ERR,ERR,ERR,ERR,ERR,ERR,ERR,ERR,ERR,ERR,ERR,ERR,ERR,ERR,ERR,ERR,ERR,ERR,ERR,ERR,ERR,ERR,ERR,ERR,ERR,ERR,ERR,ERR,ERR,ERR,ERR,ERR,ERR,ERR,0.0,107616352.0,0.0,0.0,71072154124288.0,-0.0,-0.0,0.0,4300,0,8,17168,4300,0.0,41,0.0,0.0,0.0,0.0,-0.0,0,0,0,0,0.0,0,0,0,0,0,0,0,0,0,0,0,0,0,0,0,0,0,0,0,0,0,0,0,0,0,0,0,0,0,0,0,0,0,12,37,36,48,65476,408,65476,1,0,4,21553,0.0,-0.0,0.0,0.0,0.0,0.0,0.0,0.0,0.0,0.0,0.0,0.0,0.0,0.0,0.0,0.0,0.0,0.0,0.0,0.0,0.0,2.004,2.004,3.6970818999223845e+19,-3.697074423243316e+19,2.004,0.0,0.0,0.0,0.0,6564.0,-1.5879386089525827e+29,0.0,0.0,107616352.0,0.0,-0.0,0.0,0.0,2.004,2.004,227,-152017263656960.0,-107615256.0,0.0,0.0,0.0,0.0,0.0,0.0,0.0,0,0,0,1.9048150501701853e+32,-0.0,-1.5800039943407354e+29,-0.0,0.0,-5.005947268541121e+34,0.045,151832.125,0.0,-2.5055329614112993e+36,-2705729792.0,8.901441787641404e+21,0.0,2.332,0.0,-0.0,0,1.3516416376850534e+27,227,0.0,454,0.0,-1.4035696821479504e+35,2112,52429,17109,0,17112,0,17096,0,0,0,101,100,100,0.0,66.9,-107615272.0,66.7,2.7302343157793998e+23,66.5,1,49,50,180,39322,52429,0,0,0.0,0.0,0.0,60.0,-0.0,71.0,0.0,0.0,0.0,1068,0,1069,0,0,0,1069,0,1079,0,1000,0,668,0,669,0,665,0,683,0.032,1.4536034330083127e+22,-2.004,-0.0,35472,16814,-0.0,0.0,-7.155336240347637e+19,1502.028,1.686219476606575e+20,-465408.375,50.0,60.0,35,0.0,0.0,10.0,2.0,0.0,0.0,0.0,0.0,0.0,0.0,0.0,0.0,0.0,0.0,0.0,0.0,58.8,53,12,65510,27,65476,0,300,0,0,8,20529,65476,0,0,30147,60.0,0.0,10.0,10.0,2.0,0.0
2026-02-16T12:54:23,ERR,ERR,ERR,ERR,ERR,ERR,ERR,ERR,ERR,ERR,ERR,ERR,ERR,ERR,ERR,ERR,ERR,ERR,ERR,ERR,ERR,ERR,ERR,ERR,ERR,ERR,ERR,ERR,ERR,ERR,ERR,ERR,ERR,ERR,ERR,ERR,ERR,ERR,ERR,ERR,ERR,ERR,ERR,ERR,ERR,ERR,ERR,ERR,ERR,ERR,ERR,ERR,ERR,ERR,ERR,ERR,ERR,ERR,ERR,ERR,ERR,ERR,ERR,ERR,ERR,ERR,ERR,ERR,ERR,ERR,ERR,ERR,ERR,ERR,ERR,ERR,ERR,ERR,ERR,ERR,ERR,ERR,ERR,ERR,ERR,ERR,ERR,ERR,ERR,ERR,ERR,ERR,ERR,ERR,ERR,ERR,ERR,ERR,ERR,ERR,ERR,ERR,ERR,ERR,ERR,ERR,ERR,ERR,ERR,ERR,ERR,ERR,ERR,ERR,ERR,ERR,ERR,ERR,ERR,ERR,ERR,ERR,ERR,ERR,ERR,0.0,107616352.0,0.0,0.0,71072154124288.0,-0.0,-0.0,0.0,4300,0,8,17168,4300,0.0,41,0.0,0.0,0.0,0.0,-0.0,0,0,0,0,0.0,0,0,0,0,0,0,0,0,0,0,0,0,0,0,0,0,0,0,0,0,0,0,0,0,0,0,0,0,0,0,0,0,0,12,37,36,48,65476,408,65476,1,0,4,21553,0.0,-0.0,0.0,0.0,0.0,0.0,0.0,0.0,0.0,0.0,0.0,0.0,0.0,0.0,0.0,0.0,0.0,0.0,0.0,0.0,0.0,2.004,2.004,3.6970818999223845e+19,-3.697074423243316e+19,2.004,0.0,0.0,0.0,0.0,6564.0,-1.5879386089525827e+29,0.0,0.0,107616352.0,0.0,-0.0,0.0,0.0,2.004,2.004,227,-152017263656960.0,-107615256.0,0.0,0.0,0.0,0.0,0.0,0.0,0.0,0,0,0,1.9048150501701853e+32,-0.0,-1.5800039943407354e+29,-0.0,0.0,-5.005947268541121e+34,0.045,151832.125,0.0,-2.5055329614112993e+36,-2705729792.0,8.901441787641404e+21,0.0,2.332,0.0,-0.0,0,1.3516416376850534e+27,227,0.0,454,0.0,-1.4035696821479504e+35,2112,52429,17109,0,17112,0,17096,0,0,0,101,100,100,0.0,66.9,-107615272.0,66.7,2.7302343157793998e+23,66.5,1,49,50,180,39322,52429,0,0,0.0,0.0,0.0,60.0,-0.0,71.0,0.0,0.0,0.0,1068,0,1069,0,0,0,1069,0,1079,0,1000,0,668,0,669,0,665,0,683,0.032,1.4536034330083127e+22,-2.004,-0.0,35472,16814,-0.0,0.0,-7.155336240347637e+19,1502.028,1.686219476606575e+20,-465408.375,50.0,60.0,35,0.0,0.0,10.0,2.0,0.0,0.0,0.0,0.0,0.0,0.0,0.0,0.0,0.0,0.0,0.0,0.0,58.8,53,12,65510,27,65476,0,300,0,0,8,20529,65476,0,0,30147,60.0,0.0,10.0,10.0,2.0,0.0
2026-02-16T12:54:24,ERR,ERR,ERR,ERR,ERR,ERR,ERR,ERR,ERR,ERR,ERR,ERR,ERR,ERR,ERR,ERR,ERR,ERR,ERR,ERR,ERR,ERR,ERR,ERR,ERR,ERR,ERR,ERR,ERR,ERR,ERR,ERR,ERR,ERR,ERR,ERR,ERR,ERR,ERR,ERR,ERR,ERR,ERR,ERR,ERR,ERR,ERR,ERR,ERR,ERR,ERR,ERR,ERR,ERR,ERR,ERR,ERR,ERR,ERR,ERR,ERR,ERR,ERR,ERR,ERR,ERR,ERR,ERR,ERR,ERR,ERR,ERR,ERR,ERR,ERR,ERR,ERR,ERR,ERR,ERR,ERR,ERR,ERR,ERR,ERR,ERR,ERR,ERR,ERR,ERR,ERR,ERR,ERR,ERR,ERR,ERR,ERR,ERR,ERR,ERR,ERR,ERR,ERR,ERR,ERR,ERR,ERR,ERR,ERR,ERR,ERR,ERR,ERR,ERR,ERR,ERR,ERR,ERR,ERR,ERR,ERR,ERR,ERR,ERR,ERR,0.0,107616352.0,0.0,0.0,71072154124288.0,-0.0,-0.0,0.0,4300,0,8,17168,4300,0.0,41,0.0,0.0,0.0,0.0,-0.0,0,0,0,0,0.0,0,0,0,0,0,0,0,0,0,0,0,0,0,0,0,0,0,0,0,0,0,0,0,0,0,0,0,0,0,0,0,0,0,12,37,36,48,65476,408,65476,1,0,4,21553,0.0,-0.0,0.0,0.0,0.0,0.0,0.0,0.0,0.0,0.0,0.0,0.0,0.0,0.0,0.0,0.0,0.0,0.0,0.0,0.0,0.0,2.004,2.004,3.6970818999223845e+19,-3.697074423243316e+19,2.004,0.0,0.0,0.0,0.0,6564.0,-1.5879386089525827e+29,0.0,0.0,107616352.0,0.0,-0.0,0.0,0.0,2.004,2.004,227,-152017263656960.0,-107615256.0,0.0,0.0,0.0,0.0,0.0,0.0,0.0,0,0,0,1.9048150501701853e+32,-0.0,-1.5800039943407354e+29,-0.0,0.0,-5.005947268541121e+34,0.045,151832.125,0.0,-2.5055329614112993e+36,-2705729792.0,8.901441787641404e+21,0.0,2.332,0.0,-0.0,0,1.3516416376850534e+27,227,0.0,454,0.0,-1.4035696821479504e+35,2112,52429,17109,0,17112,0,17096,0,0,0,101,100,100,0.0,66.9,-107615272.0,66.8,-0.0,66.5,1,49,50,180,39322,52429,0,0,0.0,0.0,0.0,60.0,-0.0,71.0,0.0,0.288,0.0,1068,0,1069,0,0,0,1069,0,1079,0,1000,0,667,0,669,0,665,0,683,0.032,1.4536034330083127e+22,-2.004,-0.0,33680,16814,-0.0,0.0,-5.2598090772891326e+36,-1.534360008195473e+36,-0.0,-4.456045837430114e+20,50.0,60.0,35,0.0,0.0,10.0,2.0,0.0,0.0,0.0,0.0,0.0,0.0,0.0,0.0,0.0,0.0,0.0,0.0,59.2,53,12,65510,27,65476,0,300,0,0,8,20529,65476,0,0,30147,60.0,0.0,10.0,10.0,2.0,0.0
2026-02-16T12:54:25,ERR,ERR,ERR,ERR,ERR,ERR,ERR,ERR,ERR,ERR,ERR,ERR,ERR,ERR,ERR,ERR,ERR,ERR,ERR,ERR,ERR,ERR,ERR,ERR,ERR,ERR,ERR,ERR,ERR,ERR,ERR,ERR,ERR,ERR,ERR,ERR,ERR,ERR,ERR,ERR,ERR,ERR,ERR,ERR,ERR,ERR,ERR,ERR,ERR,ERR,ERR,ERR,ERR,ERR,ERR,ERR,ERR,ERR,ERR,ERR,ERR,ERR,ERR,ERR,ERR,ERR,ERR,ERR,ERR,ERR,ERR,ERR,ERR,ERR,ERR,ERR,ERR,ERR,ERR,ERR,ERR,ERR,ERR,ERR,ERR,ERR,ERR,ERR,ERR,ERR,ERR,ERR,ERR,ERR,ERR,ERR,ERR,ERR,ERR,ERR,ERR,ERR,ERR,ERR,ERR,ERR,ERR,ERR,ERR,ERR,ERR,ERR,ERR,ERR,ERR,ERR,ERR,ERR,ERR,ERR,ERR,ERR,ERR,ERR,ERR,0.0,107616352.0,0.0,0.0,71072154124288.0,-0.0,-0.0,0.0,4300,0,8,17168,4300,0.0,41,0.0,0.0,0.0,0.0,-0.0,0,0,0,0,0.0,0,0,0,0,0,0,0,0,0,0,0,0,0,0,0,0,0,0,0,0,0,0,0,0,0,0,0,0,0,0,0,0,0,12,37,36,48,65476,408,65476,1,0,4,21553,0.0,-0.0,0.0,0.0,0.0,0.0,0.0,0.0,0.0,0.0,0.0,0.0,0.0,0.0,0.0,0.0,0.0,0.0,0.0,0.0,0.0,2.004,2.004,3.6970818999223845e+19,-3.697074423243316e+19,2.004,0.0,0.0,0.0,0.0,6564.0,-1.5879386089525827e+29,0.0,0.0,107616352.0,0.0,-0.0,0.0,0.0,2.004,2.004,227,-152017263656960.0,-107615256.0,0.0,0.0,0.0,0.0,0.0,0.0,0.0,0,0,0,1.9048150501701853e+32,-0.0,-1.5800039943407354e+29,-0.0,0.0,-5.005947268541121e+34,0.045,151832.125,0.0,-2.5055329614112993e+36,-2705729792.0,8.901441787641404e+21,0.0,2.332,0.0,-0.0,0,1.3516416376850534e+27,227,0.0,454,0.0,-1.4035696821479504e+35,2112,52429,17109,0,17112,0,17096,0,0,0,101,100,100,0.0,66.9,-107615272.0,66.8,-0.0,66.5,1,49,50,180,39322,52429,0,0,0.0,0.0,0.0,60.0,-0.0,71.0,0.0,0.288,0.0,1068,0,1069,0,0,0,1069,0,1079,0,1000,0,667,0,669,0,665,0,683,0.032,1.4536034330083127e+22,-2.004,-0.0,33680,16814,-0.0,0.0,-5.2598090772891326e+36,-1.534360008195473e+36,-0.0,-4.456045837430114e+20,50.0,60.0,35,0.0,0.0,10.0,2.0,0.0,0.0,0.0,0.0,0.0,0.0,0.0,0.0,0.0,0.0,0.0,0.0,59.2,53,12,65510,27,65476,0,300,0,0,8,20529,65476,0,0,30147,60.0,0.0,10.0,10.0,2.0,0.0
2026-02-16T12:54:26,ERR,ERR,ERR,ERR,ERR,ERR,ERR,ERR,ERR,ERR,ERR,ERR,ERR,ERR,ERR,ERR,ERR,ERR,ERR,ERR,ERR,ERR,ERR,ERR,ERR,ERR,ERR,ERR,ERR,ERR,ERR,ERR,ERR,ERR,ERR,ERR,ERR,ERR,ERR,ERR,ERR,ERR,ERR,ERR,ERR,ERR,ERR,ERR,ERR,ERR,ERR,ERR,ERR,ERR,ERR,ERR,ERR,ERR,ERR,ERR,ERR,ERR,ERR,ERR,ERR,ERR,ERR,ERR,ERR,ERR,ERR,ERR,ERR,ERR,ERR,ERR,ERR,ERR,ERR,ERR,ERR,ERR,ERR,ERR,ERR,ERR,ERR,ERR,ERR,ERR,ERR,ERR,ERR,ERR,ERR,ERR,ERR,ERR,ERR,ERR,ERR,ERR,ERR,ERR,ERR,ERR,ERR,ERR,ERR,ERR,ERR,ERR,ERR,ERR,ERR,ERR,ERR,ERR,ERR,ERR,ERR,ERR,ERR,ERR,ERR,0.0,107616352.0,0.0,0.0,71072154124288.0,-0.0,1.0906083623943345e+37,0.0,4300,0,8,17168,4300,0.0,41,0.0,0.0,0.0,0.0,-0.0,0,0,0,0,0.0,0,0,0,0,0,0,0,0,0,0,0,0,0,0,0,0,0,0,0,0,0,0,0,0,0,0,0,0,0,0,0,0,0,11,37,37,48,65476,409,65476,1,0,4,21553,0.0,0.0,0.0,0.0,0.0,0.0,0.0,0.0,0.0,0.0,0.0,0.0,0.0,0.0,0.0,0.0,0.0,0.0,0.0,0.0,0.0,2.004,2.004,3.6970818999223845e+19,0.0,0.0,0.0,0.0,0.0,0.0,6563.0,-1.0406714467631646e+34,0.0,0.0,107616352.0,2.718450196994422e+23,2.7184509175703625e+23,0.0,0.0,2.004,2.004,225,-71.629,-3.2220245344017747e+26,0.0,0.0,0.0,0.0,0.0,0.0,0.0,0,0,0,-0.0,-64117327003648.0,0.0,-0.0,0.0,-7.217657553720336e+26,9.235994078497923e+20,-0.0,1.0233470329863834e+34,-2.6197634922990655e+36,-2907056384.0,9.344163645410433e+21,0.0,2.489,0.0,-0.0,0,1.3516416376850534e+27,225,0.0,450,-74360974999552.0,0.0,2112,52429,17109,0,17112,0,17096,0,0,0,101,100,100,0.0,66.9,-107615272.0,66.8,-0.0,66.5,1,49,50,180,39322,52429,0,0,0.0,0.0,0.0,60.0,-0.0,71.0,0.0,0.288,0.0,1068,0,1069,0,0,0,1069,0,1079,0,1000,0,667,0,669,0,665,0,683,0.032,1.4536034330083127e+22,-2.004,-0.0,33680,16814,-0.0,0.0,-5.2598090772891326e+36,-1.534360008195473e+36,-0.0,-4.456045837430114e+20,50.0,60.0,35,0.0,0.0,10.0,2.0,0.0,0.0,0.0,0.0,0.0,0.0,0.0,0.0,0.0,0.0,0.0,0.0,58.8,53,12,65510,27,65476,0,300,0,0,8,20529,65476,0,0,30147,60.0,0.0,10.0,10.0,2.0,0.0
2026-02-16T12:54:27,ERR,ERR,ERR,ERR,ERR,ERR,ERR,ERR,ERR,ERR,ERR,ERR,ERR,ERR,ERR,ERR,ERR,ERR,ERR,ERR,ERR,ERR,ERR,ERR,ERR,ERR,ERR,ERR,ERR,ERR,ERR,ERR,ERR,ERR,ERR,ERR,ERR,ERR,ERR,ERR,ERR,ERR,ERR,ERR,ERR,ERR,ERR,ERR,ERR,ERR,ERR,ERR,ERR,ERR,ERR,ERR,ERR,ERR,ERR,ERR,ERR,ERR,ERR,ERR,ERR,ERR,ERR,ERR,ERR,ERR,ERR,ERR,ERR,ERR,ERR,ERR,ERR,ERR,ERR,ERR,ERR,ERR,ERR,ERR,ERR,ERR,ERR,ERR,ERR,ERR,ERR,ERR,ERR,ERR,ERR,ERR,ERR,ERR,ERR,ERR,ERR,ERR,ERR,ERR,ERR,ERR,ERR,ERR,ERR,ERR,ERR,ERR,ERR,ERR,ERR,ERR,ERR,ERR,ERR,ERR,ERR,ERR,ERR,ERR,ERR,0.0,107616352.0,0.0,0.0,71072154124288.0,-0.0,1.0906083623943345e+37,0.0,4300,0,8,17168,4300,0.0,41,0.0,0.0,0.0,0.0,-0.0,0,0,0,0,0.0,0,0,0,0,0,0,0,0,0,0,0,0,0,0,0,0,0,0,0,0,0,0,0,0,0,0,0,0,0,0,0,0,0,11,37,37,48,65476,409,65476,1,0,4,21553,0.0,0.0,0.0,0.0,0.0,0.0,0.0,0.0,0.0,0.0,0.0,0.0,0.0,0.0,0.0,0.0,0.0,0.0,0.0,0.0,0.0,2.004,2.004,3.6970818999223845e+19,0.0,0.0,0.0,0.0,0.0,0.0,6563.0,-1.0406714467631646e+34,0.0,0.0,107616352.0,2.718450196994422e+23,2.7184509175703625e+23,0.0,0.0,2.004,2.004,225,-71.629,-3.2220245344017747e+26,0.0,0.0,0.0,0.0,0.0,0.0,0.0,0,0,0,-0.0,-64117327003648.0,0.0,-0.0,0.0,-7.217657553720336e+26,9.235994078497923e+20,-0.0,1.0233470329863834e+34,-2.6197634922990655e+36,-2907056384.0,9.344163645410433e+21,0.0,2.489,0.0,-0.0,0,1.3516416376850534e+27,225,0.0,450,-74360974999552.0,0.0,2112,52429,17109,52429,17111,0,17096,0,0,0,101,100,100,0.0,66.9,-107615272.0,66.8,-0.0,66.5,1,49,50,180,39322,52429,0,0,0.0,0.0,0.0,60.0,-0.0,71.0,0.0,-1.5305511482197166e+27,0.0,1068,0,1069,0,0,0,1069,0,1079,0,1000,0,668,0,669,0,665,0,682,0.032,1.4536034330083127e+22,-2.004,-0.0,35984,16814,3.32981943662688e+35,-1.04726390410842e+26,-0.0,-1.9170251561348636e+37,0.0,-0.0,50.0,60.0,35,0.0,0.0,10.0,2.0,0.0,0.0,0.0,0.0,0.0,0.0,0.0,0.0,0.0,0.0,0.0,0.0,58.8,53,12,65510,27,65476,0,300,0,0,8,20529,65476,0,0,30147,60.0,0.0,10.0,10.0,2.0,0.0
2026-02-16T12:54:28,ERR,ERR,ERR,ERR,ERR,ERR,ERR,ERR,ERR,ERR,ERR,ERR,ERR,ERR,ERR,ERR,ERR,ERR,ERR,ERR,ERR,ERR,ERR,ERR,ERR,ERR,ERR,ERR,ERR,ERR,ERR,ERR,ERR,ERR,ERR,ERR,ERR,ERR,ERR,ERR,ERR,ERR,ERR,ERR,ERR,ERR,ERR,ERR,ERR,ERR,ERR,ERR,ERR,ERR,ERR,ERR,ERR,ERR,ERR,ERR,ERR,ERR,ERR,ERR,ERR,ERR,ERR,ERR,ERR,ERR,ERR,ERR,ERR,ERR,ERR,ERR,ERR,ERR,ERR,ERR,ERR,ERR,ERR,ERR,ERR,ERR,ERR,ERR,ERR,ERR,ERR,ERR,ERR,ERR,ERR,ERR,ERR,ERR,ERR,ERR,ERR,ERR,ERR,ERR,ERR,ERR,ERR,ERR,ERR,ERR,ERR,ERR,ERR,ERR,ERR,ERR,ERR,ERR,ERR,ERR,ERR,ERR,ERR,ERR,ERR,0.0,107616352.0,0.0,0.0,71072154124288.0,-0.0,1.0906083623943345e+37,0.0,4300,0,8,17168,4300,0.0,41,0.0,0.0,0.0,0.0,-0.0,0,0,0,0,0.0,0,0,0,0,0,0,0,0,0,0,0,0,0,0,0,0,0,0,0,0,0,0,0,0,0,0,0,0,0,0,0,0,0,11,37,37,48,65476,409,65476,1,0,4,21553,0.0,0.0,0.0,0.0,0.0,0.0,0.0,0.0,0.0,0.0,0.0,0.0,0.0,0.0,0.0,0.0,0.0,0.0,0.0,0.0,0.0,2.004,2.004,3.6970818999223845e+19,0.0,0.0,0.0,0.0,0.0,0.0,6563.0,-1.0406714467631646e+34,0.0,0.0,107616352.0,2.718450196994422e+23,2.7184509175703625e+23,0.0,0.0,2.004,2.004,225,-71.629,-3.2220245344017747e+26,0.0,0.0,0.0,0.0,0.0,0.0,0.0,0,0,0,-0.0,-64117327003648.0,0.0,-0.0,0.0,-7.217657553720336e+26,9.235994078497923e+20,-0.0,1.0233470329863834e+34,-2.6197634922990655e+36,-2907056384.0,9.344163645410433e+21,0.0,2.489,0.0,-0.0,0,1.3516416376850534e+27,225,0.0,450,-74360974999552.0,0.0,2112,52429,17109,52429,17111,0,17096,0,0,0,101,100,100,0.0,66.9,-107615272.0,66.8,-0.0,66.5,1,49,50,180,39322,52429,0,0,0.0,0.0,0.0,60.0,-0.0,71.0,0.0,-1.5305511482197166e+27,0.0,1068,0,1069,0,0,0,1069,0,1079,0,1000,0,668,0,669,0,665,0,682,0.032,1.4536034330083127e+22,-2.004,-0.0,35984,16814,3.32981943662688e+35,-1.04726390410842e+26,-0.0,-1.9170251561348636e+37,0.0,-0.0,50.0,60.0,35,0.0,0.0,10.0,2.0,0.0,0.0,0.0,0.0,0.0,0.0,0.0,0.0,0.0,0.0,0.0,0.0,58.8,53,12,65510,27,65476,0,300,0,0,8,20529,65476,0,0,30147,60.0,0.0,10.0,10.0,2.0,0.0
2026-02-16T12:54:29,ERR,ERR,ERR,ERR,ERR,ERR,ERR,ERR,ERR,ERR,ERR,ERR,ERR,ERR,ERR,ERR,ERR,ERR,ERR,ERR,ERR,ERR,ERR,ERR,ERR,ERR,ERR,ERR,ERR,ERR,ERR,ERR,ERR,ERR,ERR,ERR,ERR,ERR,ERR,ERR,ERR,ERR,ERR,ERR,ERR,ERR,ERR,ERR,ERR,ERR,ERR,ERR,ERR,ERR,ERR,ERR,ERR,ERR,ERR,ERR,ERR,ERR,ERR,ERR,ERR,ERR,ERR,ERR,ERR,ERR,ERR,ERR,ERR,ERR,ERR,ERR,ERR,ERR,ERR,ERR,ERR,ERR,ERR,ERR,ERR,ERR,ERR,ERR,ERR,ERR,ERR,ERR,ERR,ERR,ERR,ERR,ERR,ERR,ERR,ERR,ERR,ERR,ERR,ERR,ERR,ERR,ERR,ERR,ERR,ERR,ERR,ERR,ERR,ERR,ERR,ERR,ERR,ERR,ERR,ERR,ERR,ERR,ERR,ERR,ERR,0.0,107616352.0,0.0,0.0,71072154124288.0,-0.0,1.0906083623943345e+37,0.0,4300,0,8,17168,4300,0.0,41,0.0,0.0,0.0,0.0,-0.0,0,0,0,0,0.0,0,0,0,0,0,0,0,0,0,0,0,0,0,0,0,0,0,0,0,0,0,0,0,0,0,0,0,0,0,0,0,0,0,11,37,37,48,65476,409,65476,1,0,4,21553,0.0,0.0,0.0,0.0,0.0,0.0,0.0,0.0,0.0,0.0,0.0,0.0,0.0,0.0,0.0,0.0,0.0,0.0,0.0,0.0,0.0,2.004,2.004,3.6970818999223845e+19,0.0,0.0,0.0,0.0,0.0,0.0,6563.0,-1.0406714467631646e+34,0.0,0.0,107616352.0,2.718450196994422e+23,2.7184509175703625e+23,0.0,0.0,2.004,2.004,225,-71.629,-3.2220245344017747e+26,0.0,0.0,0.0,0.0,0.0,0.0,0.0,0,0,0,-0.0,-64117327003648.0,0.0,-0.0,0.0,-7.217657553720336e+26,9.235994078497923e+20,-0.0,1.0233470329863834e+34,-2.6197634922990655e+36,-2907056384.0,9.344163645410433e+21,0.0,2.489,0.0,-0.0,0,1.3516416376850534e+27,225,0.0,450,-74360974999552.0,0.0,2112,52429,17109,52429,17111,0,17096,0,0,0,101,100,100,0.0,66.9,-107615272.0,66.8,-0.0,66.5,1,49,50,180,39322,52429,0,0,0.0,0.0,0.0,60.0,-0.0,71.0,0.0,-1.5305511482197166e+27,0.0,1068,0,1069,0,0,0,1069,0,1079,0,1000,0,668,0,669,0,665,0,682,0.032,1.4536034330083127e+22,-2.004,-0.0,35984,16814,3.32981943662688e+35,-1.04726390410842e+26,-0.0,-1.9170251561348636e+37,0.0,-0.0,50.0,60.0,35,0.0,0.0,10.0,2.0,0.0,0.0,0.0,0.0,0.0,0.0,0.0,0.0,0.0,0.0,0.0,0.0,58.8,53,12,65510,27,65476,0,300,0,0,8,20529,65476,0,0,30147,60.0,0.0,10.0,10.0,2.0,0.0
2026-02-16T12:54:30,ERR,ERR,ERR,ERR,ERR,ERR,ERR,ERR,ERR,ERR,ERR,ERR,ERR,ERR,ERR,ERR,ERR,ERR,ERR,ERR,ERR,ERR,ERR,ERR,ERR,ERR,ERR,ERR,ERR,ERR,ERR,ERR,ERR,ERR,ERR,ERR,ERR,ERR,ERR,ERR,ERR,ERR,ERR,ERR,ERR,ERR,ERR,ERR,ERR,ERR,ERR,ERR,ERR,ERR,ERR,ERR,ERR,ERR,ERR,ERR,ERR,ERR,ERR,ERR,ERR,ERR,ERR,ERR,ERR,ERR,ERR,ERR,ERR,ERR,ERR,ERR,ERR,ERR,ERR,ERR,ERR,ERR,ERR,ERR,ERR,ERR,ERR,ERR,ERR,ERR,ERR,ERR,ERR,ERR,ERR,ERR,ERR,ERR,ERR,ERR,ERR,ERR,ERR,ERR,ERR,ERR,ERR,ERR,ERR,ERR,ERR,ERR,ERR,ERR,ERR,ERR,ERR,ERR,ERR,ERR,ERR,ERR,ERR,ERR,ERR,0.0,107616352.0,0.0,0.0,71072154124288.0,-1.0189583822681539e+18,0.0,-9.832133731585607e+21,4300,0,8,17168,4300,0.0,41,0.0,0.0,0.0,0.0,-0.0,0,0,0,0,0.0,0,0,0,0,0,0,0,0,0,0,0,0,0,0,0,0,0,0,0,0,0,0,0,0,0,0,0,0,0,0,0,0,0,12,37,37,48,65476,410,65476,1,0,4,21553,0.0,0.0,0.0,0.0,0.0,0.0,0.0,0.0,0.0,0.0,0.0,0.0,0.0,0.0,0.0,0.0,0.0,0.0,0.0,0.0,0.0,2.004,2.004,3.6970818999223845e+19,0.0,-3.69707618246192e+19,0.0,0.0,0.0,0.0,6593.0,0.0,0.0,0.0,107616352.0,-0.0,107616272.0,0.0,0.0,2.004,2.004,226,-0.0,-2.3088384307314767e+20,0.0,0.0,0.0,0.0,0.0,0.0,0.0,0,0,0,1.896338239224679e+37,1.9978781288156184e+34,-1.688646364883286e+37,-0.0,0.0,0.0,-0.0,-0.0,-0.0,-2.830301242237971e+36,-3125160192.0,1.0129038040619635e+22,0.0,2.676,0.0,-0.0,0,1.3516416376850534e+27,226,0.0,452,-74360974999552.0,-0.0,2112,52429,17109,0,17112,0,17096,0,0,0,101,100,100,0.0,66.9,-107615272.0,66.8,-0.0,66.5,1,49,50,180,39322,52429,0,0,0.0,0.0,0.0,60.0,-0.0,71.0,0.0,-0.0,0.0,1068,0,1069,0,0,0,1069,0,1080,0,1000,0,668,0,669,0,665,0,682,0.032,1.4609821306377965e+22,-0.0,2.730234856211355e+23,33680,16814,-0.0,-0.0,1762.005,16564453.0,-50534645760.0,0.0,50.0,60.0,35,0.0,0.0,10.0,2.0,0.0,0.0,0.0,0.0,0.0,0.0,0.0,0.0,0.0,0.0,0.0,0.0,58.8,53,12,65510,27,65476,0,300,0,0,8,20529,65476,0,0,30147,60.0,0.0,10.0,10.0,2.0,0.0
2026-02-16T12:54:31,ERR,ERR,ERR,ERR,ERR,ERR,ERR,ERR,ERR,ERR,ERR,ERR,ERR,ERR,ERR,ERR,ERR,ERR,ERR,ERR,ERR,ERR,ERR,ERR,ERR,ERR,ERR,ERR,ERR,ERR,ERR,ERR,ERR,ERR,ERR,ERR,ERR,ERR,ERR,ERR,ERR,ERR,ERR,ERR,ERR,ERR,ERR,ERR,ERR,ERR,ERR,ERR,ERR,ERR,ERR,ERR,ERR,ERR,ERR,ERR,ERR,ERR,ERR,ERR,ERR,ERR,ERR,ERR,ERR,ERR,ERR,ERR,ERR,ERR,ERR,ERR,ERR,ERR,ERR,ERR,ERR,ERR,ERR,ERR,ERR,ERR,ERR,ERR,ERR,ERR,ERR,ERR,ERR,ERR,ERR,ERR,ERR,ERR,ERR,ERR,ERR,ERR,ERR,ERR,ERR,ERR,ERR,ERR,ERR,ERR,ERR,ERR,ERR,ERR,ERR,ERR,ERR,ERR,ERR,ERR,ERR,ERR,ERR,ERR,ERR,0.0,107616352.0,0.0,0.0,71072154124288.0,-1.0189583822681539e+18,0.0,-9.832133731585607e+21,4300,0,8,17168,4300,0.0,41,0.0,0.0,0.0,0.0,-0.0,0,0,0,0,0.0,0,0,0,0,0,0,0,0,0,0,0,0,0,0,0,0,0,0,0,0,0,0,0,0,0,0,0,0,0,0,0,0,0,12,37,37,48,65476,410,65476,1,0,4,21553,0.0,0.0,0.0,0.0,0.0,0.0,0.0,0.0,0.0,0.0,0.0,0.0,0.0,0.0,0.0,0.0,0.0,0.0,0.0,0.0,0.0,2.004,2.004,3.6970818999223845e+19,0.0,-3.69707618246192e+19,0.0,0.0,0.0,0.0,6593.0,0.0,0.0,0.0,107616352.0,-0.0,107616272.0,0.0,0.0,2.004,2.004,226,-0.0,-2.3088384307314767e+20,0.0,0.0,0.0,0.0,0.0,0.0,0.0,0,0,0,1.896338239224679e+37,1.9978781288156184e+34,-1.688646364883286e+37,-0.0,0.0,0.0,-0.0,-0.0,-0.0,-2.830301242237971e+36,-3125160192.0,1.0129038040619635e+22,0.0,2.676,0.0,-0.0,0,1.3516416376850534e+27,226,0.0,452,-74360974999552.0,-0.0,2112,52429,17109,0,17112,0,17096,0,0,0,101,100,100,0.0,66.9,-107615272.0,66.8,-0.0,66.5,1,49,50,180,39322,52429,0,0,0.0,0.0,0.0,60.0,-0.0,71.0,0.0,-0.0,0.0,1068,0,1069,0,0,0,1069,0,1080,0,1000,0,668,0,669,0,665,0,682,0.032,1.4609821306377965e+22,-0.0,2.730234856211355e+23,33680,16814,-0.0,-0.0,1762.005,16564453.0,-50534645760.0,0.0,50.0,60.0,35,0.0,0.0,10.0,2.0,0.0,0.0,0.0,0.0,0.0,0.0,0.0,0.0,0.0,0.0,0.0,0.0,58.8,53,12,65510,27,65476,0,300,0,0,8,20529,65476,0,0,30147,60.0,0.0,10.0,10.0,2.0,0.0
2026-02-16T12:54:32,ERR,ERR,ERR,ERR,ERR,ERR,ERR,ERR,ERR,ERR,ERR,ERR,ERR,ERR,ERR,ERR,ERR,ERR,ERR,ERR,ERR,ERR,ERR,ERR,ERR,ERR,ERR,ERR,ERR,ERR,ERR,ERR,ERR,ERR,ERR,ERR,ERR,ERR,ERR,ERR,ERR,ERR,ERR,ERR,ERR,ERR,ERR,ERR,ERR,ERR,ERR,ERR,ERR,ERR,ERR,ERR,ERR,ERR,ERR,ERR,ERR,ERR,ERR,ERR,ERR,ERR,ERR,ERR,ERR,ERR,ERR,ERR,ERR,ERR,ERR,ERR,ERR,ERR,ERR,ERR,ERR,ERR,ERR,ERR,ERR,ERR,ERR,ERR,ERR,ERR,ERR,ERR,ERR,ERR,ERR,ERR,ERR,ERR,ERR,ERR,ERR,ERR,ERR,ERR,ERR,ERR,ERR,ERR,ERR,ERR,ERR,ERR,ERR,ERR,ERR,ERR,ERR,ERR,ERR,ERR,ERR,ERR,ERR,ERR,ERR,0.0,107616352.0,0.0,0.0,71072154124288.0,-1.0189583822681539e+18,0.0,-9.832133731585607e+21,4300,0,8,17168,4300,0.0,41,0.0,0.0,0.0,0.0,-0.0,0,0,0,0,0.0,0,0,0,0,0,0,0,0,0,0,0,0,0,0,0,0,0,0,0,0,0,0,0,0,0,0,0,0,0,0,0,0,0,12,37,37,48,65476,410,65476,1,0,4,21553,0.0,0.0,0.0,0.0,0.0,0.0,0.0,0.0,0.0,0.0,0.0,0.0,0.0,0.0,0.0,0.0,0.0,0.0,0.0,0.0,0.0,2.004,2.004,3.6970818999223845e+19,0.0,-3.69707618246192e+19,0.0,0.0,0.0,0.0,6593.0,0.0,0.0,0.0,107616352.0,-0.0,107616272.0,0.0,0.0,2.004,2.004,226,-0.0,-2.3088384307314767e+20,0.0,0.0,0.0,0.0,0.0,0.0,0.0,0,0,0,1.896338239224679e+37,1.9978781288156184e+34,-1.688646364883286e+37,-0.0,0.0,0.0,-0.0,-0.0,-0.0,-2.830301242237971e+36,-3125160192.0,1.0129038040619635e+22,0.0,2.676,0.0,-0.0,0,1.3516416376850534e+27,226,0.0,452,-74360974999552.0,-0.0,2112,52429,17109,0,17112,0,17096,0,0,0,101,100,100,0.0,66.9,-107615272.0,66.8,-0.0,66.5,1,49,50,180,39322,52429,0,0,0.0,0.0,0.0,60.0,-0.0,71.0,0.0,-0.0,0.0,1068,0,1069,0,0,0,1069,0,1080,0,1000,0,668,0,669,0,665,0,682,0.032,1.4609821306377965e+22,-0.0,2.730234856211355e+23,33680,16814,-0.0,-0.0,1762.005,16564453.0,-50534645760.0,0.0,50.0,60.0,35,0.0,0.0,10.0,2.0,0.0,0.0,0.0,0.0,0.0,0.0,0.0,0.0,0.0,0.0,0.0,0.0,58.8,53,12,65510,27,65476,0,300,0,0,8,20529,65476,0,0,30147,60.0,0.0,10.0,10.0,2.0,0.0
2026-02-16T12:54:33,ERR,ERR,ERR,ERR,ERR,ERR,ERR,ERR,ERR,ERR,ERR,ERR,ERR,ERR,ERR,ERR,ERR,ERR,ERR,ERR,ERR,ERR,ERR,ERR,ERR,ERR,ERR,ERR,ERR,ERR,ERR,ERR,ERR,ERR,ERR,ERR,ERR,ERR,ERR,ERR,ERR,ERR,ERR,ERR,ERR,ERR,ERR,ERR,ERR,ERR,ERR,ERR,ERR,ERR,ERR,ERR,ERR,ERR,ERR,ERR,ERR,ERR,ERR,ERR,ERR,ERR,ERR,ERR,ERR,ERR,ERR,ERR,ERR,ERR,ERR,ERR,ERR,ERR,ERR,ERR,ERR,ERR,ERR,ERR,ERR,ERR,ERR,ERR,ERR,ERR,ERR,ERR,ERR,ERR,ERR,ERR,ERR,ERR,ERR,ERR,ERR,ERR,ERR,ERR,ERR,ERR,ERR,ERR,ERR,ERR,ERR,ERR,ERR,ERR,ERR,ERR,ERR,ERR,ERR,ERR,ERR,ERR,ERR,ERR,ERR,0.0,107616352.0,0.0,0.0,71072154124288.0,-1.0189583822681539e+18,0.0,-9.832133731585607e+21,4300,0,8,17168,4300,0.0,41,0.0,0.0,0.0,0.0,-0.0,0,0,0,0,0.0,0,0,0,0,0,0,0,0,0,0,0,0,0,0,0,0,0,0,0,0,0,0,0,0,0,0,0,0,0,0,0,0,0,12,37,37,48,65476,410,65476,1,0,4,21553,0.0,0.0,0.0,0.0,0.0,0.0,0.0,0.0,0.0,0.0,0.0,0.0,0.0,0.0,0.0,0.0,0.0,0.0,0.0,0.0,0.0,2.004,2.004,3.6970818999223845e+19,0.0,-3.69707618246192e+19,0.0,0.0,0.0,0.0,6593.0,0.0,0.0,0.0,107616352.0,-0.0,107616272.0,0.0,0.0,2.004,2.004,226,-0.0,-2.3088384307314767e+20,0.0,0.0,0.0,0.0,0.0,0.0,0.0,0,0,0,1.896338239224679e+37,1.9978781288156184e+34,-1.688646364883286e+37,-0.0,0.0,0.0,-0.0,-0.0,-0.0,-2.830301242237971e+36,-3125160192.0,1.0129038040619635e+22,0.0,2.676,0.0,-0.0,0,1.3516416376850534e+27,226,0.0,452,-74360974999552.0,-0.0,2112,52429,17109,0,17112,0,17096,0,0,0,101,100,100,0.0,66.9,-107615272.0,66.8,-0.0,66.5,1,49,50,180,39322,52429,0,0,0.0,0.0,0.0,60.0,-0.0,71.0,0.0,-0.0,0.0,1068,0,1069,0,0,0,1069,0,1080,0,1000,0,668,0,669,0,665,0,682,0.032,1.4609821306377965e+22,-0.0,2.730234856211355e+23,33680,16814,-0.0,-0.0,1762.005,16564453.0,-50534645760.0,0.0,50.0,60.0,35,0.0,0.0,10.0,2.0,0.0,0.0,0.0,0.0,0.0,0.0,0.0,0.0,0.0,0.0,0.0,0.0,58.8,53,12,65510,27,65476,0,300,0,0,8,20529,65476,0,0,30147,60.0,0.0,10.0,10.0,2.0,0.0
2026-02-16T12:54:34,ERR,ERR,ERR,ERR,ERR,ERR,ERR,ERR,ERR,ERR,ERR,ERR,ERR,ERR,ERR,ERR,ERR,ERR,ERR,ERR,ERR,ERR,ERR,ERR,ERR,ERR,ERR,ERR,ERR,ERR,ERR,ERR,ERR,ERR,ERR,ERR,ERR,ERR,ERR,ERR,ERR,ERR,ERR,ERR,ERR,ERR,ERR,ERR,ERR,ERR,ERR,ERR,ERR,ERR,ERR,ERR,ERR,ERR,ERR,ERR,ERR,ERR,ERR,ERR,ERR,ERR,ERR,ERR,ERR,ERR,ERR,ERR,ERR,ERR,ERR,ERR,ERR,ERR,ERR,ERR,ERR,ERR,ERR,ERR,ERR,ERR,ERR,ERR,ERR,ERR,ERR,ERR,ERR,ERR,ERR,ERR,ERR,ERR,ERR,ERR,ERR,ERR,ERR,ERR,ERR,ERR,ERR,ERR,ERR,ERR,ERR,ERR,ERR,ERR,ERR,ERR,ERR,ERR,ERR,ERR,ERR,ERR,ERR,ERR,ERR,0.0,107616352.0,0.0,0.0,71072154124288.0,-1.0189583822681539e+18,0.0,-9.832133731585607e+21,4300,0,8,17168,4300,0.0,41,0.0,0.0,0.0,0.0,-0.0,0,0,0,0,0.0,0,0,0,0,0,0,0,0,0,0,0,0,0,0,0,0,0,0,0,0,0,0,0,0,0,0,0,0,0,0,0,0,0,12,37,37,48,65476,410,65476,1,0,4,21553,0.0,0.0,0.0,0.0,0.0,0.0,0.0,0.0,0.0,0.0,0.0,0.0,0.0,0.0,0.0,0.0,0.0,0.0,0.0,0.0,0.0,2.004,2.004,3.6970818999223845e+19,0.0,-3.69707618246192e+19,0.0,0.0,0.0,0.0,6593.0,0.0,0.0,0.0,107616352.0,-0.0,107616272.0,0.0,0.0,2.004,2.004,226,-0.0,-2.3088384307314767e+20,0.0,0.0,0.0,0.0,0.0,0.0,0.0,0,0,0,1.896338239224679e+37,1.9978781288156184e+34,-1.688646364883286e+37,-0.0,0.0,0.0,-0.0,-0.0,-0.0,-2.830301242237971e+36,-3125160192.0,1.0129038040619635e+22,0.0,2.676,0.0,-0.0,0,1.3516416376850534e+27,226,0.0,452,-74360974999552.0,-0.0,2112,52429,17109,0,17112,0,17096,0,0,0,101,100,100,0.0,66.9,-107615272.0,66.8,-0.0,66.5,1,49,50,180,39322,52429,0,0,0.0,0.0,0.0,60.0,-0.0,71.0,0.0,0.0,0.0,1068,0,1069,0,0,0,1069,0,1080,0,1000,0,668,0,669,0,665,0,682,0.032,1.4536034330083127e+22,-0.0,2.730234856211355e+23,35728,16814,-0.0,0.0,-2.2041361962447104e+36,-1.692717805081099e+37,-0.0,-1.9859094027476192e+20,50.0,60.0,35,0.0,0.0,10.0,2.0,0.0,0.0,0.0,0.0,0.0,0.0,0.0,0.0,0.0,0.0,0.0,0.0,58.8,53,12,65510,27,65476,0,300,0,0,8,20529,65476,0,0,30147,60.0,0.0,10.0,10.0,2.0,0.0
2026-02-16T12:54:35,ERR,ERR,ERR,ERR,ERR,ERR,ERR,ERR,ERR,ERR,ERR,ERR,ERR,ERR,ERR,ERR,ERR,ERR,ERR,ERR,ERR,ERR,ERR,ERR,ERR,ERR,ERR,ERR,ERR,ERR,ERR,ERR,ERR,ERR,ERR,ERR,ERR,ERR,ERR,ERR,ERR,ERR,ERR,ERR,ERR,ERR,ERR,ERR,ERR,ERR,ERR,ERR,ERR,ERR,ERR,ERR,ERR,ERR,ERR,ERR,ERR,ERR,ERR,ERR,ERR,ERR,ERR,ERR,ERR,ERR,ERR,ERR,ERR,ERR,ERR,ERR,ERR,ERR,ERR,ERR,ERR,ERR,ERR,ERR,ERR,ERR,ERR,ERR,ERR,ERR,ERR,ERR,ERR,ERR,ERR,ERR,ERR,ERR,ERR,ERR,ERR,ERR,ERR,ERR,ERR,ERR,ERR,ERR,ERR,ERR,ERR,ERR,ERR,ERR,ERR,ERR,ERR,ERR,ERR,ERR,ERR,ERR,ERR,ERR,ERR,0.0,107616352.0,0.0,0.0,71072154124288.0,0.0,1517791.0,-0.001,4300,0,8,17168,4300,0.0,41,0.0,0.0,0.0,0.0,-0.0,0,0,0,0,0.0,0,0,0,0,0,0,0,0,0,0,0,0,0,0,0,0,0,0,0,0,0,0,0,0,0,0,0,0,0,0,0,0,0,12,37,37,48,65476,411,65476,1,0,4,21553,0.0,-0.0,0.0,0.0,0.0,0.0,0.0,0.0,0.0,0.0,0.0,0.0,0.0,0.0,0.0,0.0,0.0,0.0,0.0,0.0,0.0,2.004,2.004,3.6970818999223845e+19,0.0,0.0,0.0,0.0,0.0,0.0,6598.0,0.0,0.0,0.0,107616352.0,-0.0,2.7184509175703625e+23,0.0,0.0,2.004,2.004,226,-2.30882787541985e+20,-3.2220245344017747e+26,0.0,0.0,0.0,0.0,0.0,0.0,0.0,0,0,0,-0.0,-0.0,0.0,193208288.0,3786954269261824.0,-0.0,-0.0,-0.0,-0.0,-3.100300678881782e+36,-3326486784.0,1.1088268732452531e+22,0.0,2.864,0.0,-0.0,0,1.3516416376850534e+27,227,0.0,454,0.0,0.0,2112,52429,17109,0,17112,0,17096,0,0,0,101,100,100,0.0,66.9,-107615272.0,66.8,-0.0,66.5,1,49,50,180,39322,52429,0,0,0.0,0.0,0.0,60.0,-0.0,71.0,0.0,0.0,0.0,1068,0,1069,0,0,0,1069,0,1080,0,1000,0,668,0,669,0,665,0,682,0.032,1.4536034330083127e+22,-0.0,2.730234856211355e+23,35728,16814,-0.0,0.0,-2.2041361962447104e+36,-1.692717805081099e+37,-0.0,-1.9859094027476192e+20,50.0,60.0,35,0.0,0.0,10.0,2.0,0.0,0.0,0.0,0.0,0.0,0.0,0.0,0.0,0.0,0.0,0.0,0.0,59.2,53,12,65510,27,65476,0,300,0,0,8,20529,65476,0,0,30147,60.0,0.0,10.0,10.0,2.0,0.0
2026-02-16T12:54:36,ERR,ERR,ERR,ERR,ERR,ERR,ERR,ERR,ERR,ERR,ERR,ERR,ERR,ERR,ERR,ERR,ERR,ERR,ERR,ERR,ERR,ERR,ERR,ERR,ERR,ERR,ERR,ERR,ERR,ERR,ERR,ERR,ERR,ERR,ERR,ERR,ERR,ERR,ERR,ERR,ERR,ERR,ERR,ERR,ERR,ERR,ERR,ERR,ERR,ERR,ERR,ERR,ERR,ERR,ERR,ERR,ERR,ERR,ERR,ERR,ERR,ERR,ERR,ERR,ERR,ERR,ERR,ERR,ERR,ERR,ERR,ERR,ERR,ERR,ERR,ERR,ERR,ERR,ERR,ERR,ERR,ERR,ERR,ERR,ERR,ERR,ERR,ERR,ERR,ERR,ERR,ERR,ERR,ERR,ERR,ERR,ERR,ERR,ERR,ERR,ERR,ERR,ERR,ERR,ERR,ERR,ERR,ERR,ERR,ERR,ERR,ERR,ERR,ERR,ERR,ERR,ERR,ERR,ERR,ERR,ERR,ERR,ERR,ERR,ERR,0.0,107616352.0,0.0,0.0,71072154124288.0,0.0,1517791.0,-0.001,4300,0,8,17168,4300,0.0,41,0.0,0.0,0.0,0.0,-0.0,0,0,0,0,0.0,0,0,0,0,0,0,0,0,0,0,0,0,0,0,0,0,0,0,0,0,0,0,0,0,0,0,0,0,0,0,0,0,0,12,37,37,48,65476,411,65476,1,0,4,21553,0.0,-0.0,0.0,0.0,0.0,0.0,0.0,0.0,0.0,0.0,0.0,0.0,0.0,0.0,0.0,0.0,0.0,0.0,0.0,0.0,0.0,2.004,2.004,3.6970818999223845e+19,0.0,0.0,0.0,0.0,0.0,0.0,6598.0,0.0,0.0,0.0,107616352.0,-0.0,2.7184509175703625e+23,0.0,0.0,2.004,2.004,226,-2.30882787541985e+20,-3.2220245344017747e+26,0.0,0.0,0.0,0.0,0.0,0.0,0.0,0,0,0,-0.0,-0.0,0.0,193208288.0,3786954269261824.0,-0.0,-0.0,-0.0,-0.0,-3.100300678881782e+36,-3326486784.0,1.1088268732452531e+22,0.0,2.864,0.0,-0.0,0,1.3516416376850534e+27,227,0.0,454,0.0,0.0,2112,52429,17109,0,17112,0,17096,0,0,0,101,100,100,0.0,66.9,-107615272.0,66.8,-0.0,66.5,1,49,50,180,39322,52429,0,0,0.0,0.0,0.0,60.0,-0.0,71.0,0.0,0.0,0.0,1068,0,1069,0,0,0,1069,0,1080,0,1000,0,668,0,669,0,665,0,682,0.032,1.4536034330083127e+22,-0.0,2.730234856211355e+23,35728,16814,-0.0,0.0,-2.2041361962447104e+36,-1.692717805081099e+37,-0.0,-1.9859094027476192e+20,50.0,60.0,35,0.0,0.0,10.0,2.0,0.0,0.0,0.0,0.0,0.0,0.0,0.0,0.0,0.0,0.0,0.0,0.0,59.2,53,12,65510,27,65476,0,300,0,0,8,20529,65476,0,0,30147,60.0,0.0,10.0,10.0,2.0,0.0
2026-02-16T12:54:37,ERR,ERR,ERR,ERR,ERR,ERR,ERR,ERR,ERR,ERR,ERR,ERR,ERR,ERR,ERR,ERR,ERR,ERR,ERR,ERR,ERR,ERR,ERR,ERR,ERR,ERR,ERR,ERR,ERR,ERR,ERR,ERR,ERR,ERR,ERR,ERR,ERR,ERR,ERR,ERR,ERR,ERR,ERR,ERR,ERR,ERR,ERR,ERR,ERR,ERR,ERR,ERR,ERR,ERR,ERR,ERR,ERR,ERR,ERR,ERR,ERR,ERR,ERR,ERR,ERR,ERR,ERR,ERR,ERR,ERR,ERR,ERR,ERR,ERR,ERR,ERR,ERR,ERR,ERR,ERR,ERR,ERR,ERR,ERR,ERR,ERR,ERR,ERR,ERR,ERR,ERR,ERR,ERR,ERR,ERR,ERR,ERR,ERR,ERR,ERR,ERR,ERR,ERR,ERR,ERR,ERR,ERR,ERR,ERR,ERR,ERR,ERR,ERR,ERR,ERR,ERR,ERR,ERR,ERR,ERR,ERR,ERR,ERR,ERR,ERR,0.0,107616352.0,0.0,0.0,71072154124288.0,0.0,1517791.0,-0.001,4300,0,8,17168,4300,0.0,41,0.0,0.0,0.0,0.0,-0.0,0,0,0,0,0.0,0,0,0,0,0,0,0,0,0,0,0,0,0,0,0,0,0,0,0,0,0,0,0,0,0,0,0,0,0,0,0,0,0,12,37,37,48,65476,411,65476,1,0,4,21553,0.0,-0.0,0.0,0.0,0.0,0.0,0.0,0.0,0.0,0.0,0.0,0.0,0.0,0.0,0.0,0.0,0.0,0.0,0.0,0.0,0.0,2.004,2.004,3.6970818999223845e+19,0.0,0.0,0.0,0.0,0.0,0.0,6598.0,0.0,0.0,0.0,107616352.0,-0.0,2.7184509175703625e+23,0.0,0.0,2.004,2.004,226,-2.30882787541985e+20,-3.2220245344017747e+26,0.0,0.0,0.0,0.0,0.0,0.0,0.0,0,0,0,-0.0,-0.0,0.0,193208288.0,3786954269261824.0,-0.0,-0.0,-0.0,-0.0,-3.100300678881782e+36,-3326486784.0,1.1088268732452531e+22,0.0,2.864,0.0,-0.0,0,1.3516416376850534e+27,227,0.0,454,0.0,0.0,2112,52429,17109,52429,17111,0,17096,0,0,0,101,100,100,0.0,66.9,-107615272.0,66.8,-0.0,66.5,1,49,50,180,39322,52429,0,0,0.0,0.0,0.0,60.0,5.126167076142602e+37,71.0,0.0,-9.007504479168863e+19,0.0,1068,0,1069,0,0,0,1069,0,1079,0,1000,0,668,0,669,0,665,0,682,0.032,1.4536034330083127e+22,-0.0,2.730234856211355e+23,28816,16814,-0.0,-0.0,162048.625,127.377,-9775773384704.0,0.0,50.0,60.0,35,0.0,0.0,10.0,2.0,0.0,0.0,0.0,0.0,0.0,0.0,0.0,0.0,0.0,0.0,0.0,0.0,59.2,53,12,65510,27,65476,0,300,0,0,8,20529,65476,0,0,30147,60.0,0.0,10.0,10.0,2.0,0.0
2026-02-16T12:54:38,ERR,ERR,ERR,ERR,ERR,ERR,ERR,ERR,ERR,ERR,ERR,ERR,ERR,ERR,ERR,ERR,ERR,ERR,ERR,ERR,ERR,ERR,ERR,ERR,ERR,ERR,ERR,ERR,ERR,ERR,ERR,ERR,ERR,ERR,ERR,ERR,ERR,ERR,ERR,ERR,ERR,ERR,ERR,ERR,ERR,ERR,ERR,ERR,ERR,ERR,ERR,ERR,ERR,ERR,ERR,ERR,ERR,ERR,ERR,ERR,ERR,ERR,ERR,ERR,ERR,ERR,ERR,ERR,ERR,ERR,ERR,ERR,ERR,ERR,ERR,ERR,ERR,ERR,ERR,ERR,ERR,ERR,ERR,ERR,ERR,ERR,ERR,ERR,ERR,ERR,ERR,ERR,ERR,ERR,ERR,ERR,ERR,ERR,ERR,ERR,ERR,ERR,ERR,ERR,ERR,ERR,ERR,ERR,ERR,ERR,ERR,ERR,ERR,ERR,ERR,ERR,ERR,ERR,ERR,ERR,ERR,ERR,ERR,ERR,ERR,0.0,107616352.0,0.0,0.0,71072154124288.0,0.0,1517791.0,-0.001,4300,0,8,17168,4300,0.0,41,0.0,0.0,0.0,0.0,-0.0,0,0,0,0,0.0,0,0,0,0,0,0,0,0,0,0,0,0,0,0,0,0,0,0,0,0,0,0,0,0,0,0,0,0,0,0,0,0,0,12,37,37,48,65476,411,65476,1,0,4,21553,0.0,-0.0,0.0,0.0,0.0,0.0,0.0,0.0,0.0,0.0,0.0,0.0,0.0,0.0,0.0,0.0,0.0,0.0,0.0,0.0,0.0,2.004,2.004,3.6970818999223845e+19,0.0,0.0,0.0,0.0,0.0,0.0,6598.0,0.0,0.0,0.0,107616352.0,-0.0,2.7184509175703625e+23,0.0,0.0,2.004,2.004,226,-2.30882787541985e+20,-3.2220245344017747e+26,0.0,0.0,0.0,0.0,0.0,0.0,0.0,0,0,0,-0.0,-0.0,0.0,193208288.0,3786954269261824.0,-0.0,-0.0,-0.0,-0.0,-3.100300678881782e+36,-3326486784.0,1.1088268732452531e+22,0.0,2.864,0.0,-0.0,0,1.3516416376850534e+27,227,0.0,454,0.0,0.0,2112,52429,17109,52429,17111,0,17096,0,0,0,101,100,100,0.0,66.9,-107615272.0,66.8,-0.0,66.5,1,49,50,180,39322,52429,0,0,0.0,0.0,0.0,60.0,5.126167076142602e+37,71.0,0.0,-9.007504479168863e+19,0.0,1068,0,1069,0,0,0,1069,0,1079,0,1000,0,668,0,669,0,665,0,682,0.032,1.4536034330083127e+22,-0.0,2.730234856211355e+23,28816,16814,-0.0,-0.0,162048.625,127.377,-9775773384704.0,0.0,50.0,60.0,35,0.0,0.0,10.0,2.0,0.0,0.0,0.0,0.0,0.0,0.0,0.0,0.0,0.0,0.0,0.0,0.0,59.2,53,12,65510,27,65476,0,300,0,0,8,20529,65476,0,0,30147,60.0,0.0,10.0,10.0,2.0,0.0
2026-02-16T12:54:39,ERR,ERR,ERR,ERR,ERR,ERR,ERR,ERR,ERR,ERR,ERR,ERR,ERR,ERR,ERR,ERR,ERR,ERR,ERR,ERR,ERR,ERR,ERR,ERR,ERR,ERR,ERR,ERR,ERR,ERR,ERR,ERR,ERR,ERR,ERR,ERR,ERR,ERR,ERR,ERR,ERR,ERR,ERR,ERR,ERR,ERR,ERR,ERR,ERR,ERR,ERR,ERR,ERR,ERR,ERR,ERR,ERR,ERR,ERR,ERR,ERR,ERR,ERR,ERR,ERR,ERR,ERR,ERR,ERR,ERR,ERR,ERR,ERR,ERR,ERR,ERR,ERR,ERR,ERR,ERR,ERR,ERR,ERR,ERR,ERR,ERR,ERR,ERR,ERR,ERR,ERR,ERR,ERR,ERR,ERR,ERR,ERR,ERR,ERR,ERR,ERR,ERR,ERR,ERR,ERR,ERR,ERR,ERR,ERR,ERR,ERR,ERR,ERR,ERR,ERR,ERR,ERR,ERR,ERR,ERR,ERR,ERR,ERR,ERR,ERR,0.0,107616352.0,0.0,0.0,71072154124288.0,0.0,1517791.0,-0.001,4300,0,8,17168,4300,0.0,41,0.0,0.0,0.0,0.0,-0.0,0,0,0,0,0.0,0,0,0,0,0,0,0,0,0,0,0,0,0,0,0,0,0,0,0,0,0,0,0,0,0,0,0,0,0,0,0,0,0,12,37,37,48,65476,411,65476,1,0,4,21553,0.0,-0.0,0.0,0.0,0.0,0.0,0.0,0.0,0.0,0.0,0.0,0.0,0.0,0.0,0.0,0.0,0.0,0.0,0.0,0.0,0.0,2.004,2.004,3.6970818999223845e+19,0.0,0.0,0.0,0.0,0.0,0.0,6598.0,0.0,0.0,0.0,107616352.0,-0.0,2.7184509175703625e+23,0.0,0.0,2.004,2.004,226,-2.30882787541985e+20,-3.2220245344017747e+26,0.0,0.0,0.0,0.0,0.0,0.0,0.0,0,0,0,-0.0,-0.0,0.0,193208288.0,3786954269261824.0,-0.0,-0.0,-0.0,-0.0,-3.100300678881782e+36,-3326486784.0,1.1088268732452531e+22,0.0,2.864,0.0,-0.0,0,1.3516416376850534e+27,227,0.0,454,0.0,0.0,2112,52429,17109,52429,17111,0,17096,0,0,0,101,100,100,0.0,66.9,-107615272.0,66.8,-0.0,66.5,1,49,50,180,39322,52429,0,0,0.0,0.0,0.0,60.0,5.126167076142602e+37,71.0,0.0,-9.007504479168863e+19,0.0,1068,0,1069,0,0,0,1069,0,1079,0,1000,0,668,0,669,0,665,0,682,0.032,1.4536034330083127e+22,-0.0,2.730234856211355e+23,28816,16814,-0.0,-0.0,162048.625,127.377,-9775773384704.0,0.0,50.0,60.0,35,0.0,0.0,10.0,2.0,0.0,0.0,0.0,0.0,0.0,0.0,0.0,0.0,0.0,0.0,0.0,0.0,58.8,53,12,65510,27,65476,0,300,0,0,8,20529,65476,0,0,30147,60.0,0.0,10.0,10.0,2.0,0.0
2026-02-16T12:54:40,ERR,ERR,ERR,ERR,ERR,ERR,ERR,ERR,ERR,ERR,ERR,ERR,ERR,ERR,ERR,ERR,ERR,ERR,ERR,ERR,ERR,ERR,ERR,ERR,ERR,ERR,ERR,ERR,ERR,ERR,ERR,ERR,ERR,ERR,ERR,ERR,ERR,ERR,ERR,ERR,ERR,ERR,ERR,ERR,ERR,ERR,ERR,ERR,ERR,ERR,ERR,ERR,ERR,ERR,ERR,ERR,ERR,ERR,ERR,ERR,ERR,ERR,ERR,ERR,ERR,ERR,ERR,ERR,ERR,ERR,ERR,ERR,ERR,ERR,ERR,ERR,ERR,ERR,ERR,ERR,ERR,ERR,ERR,ERR,ERR,ERR,ERR,ERR,ERR,ERR,ERR,ERR,ERR,ERR,ERR,ERR,ERR,ERR,ERR,ERR,ERR,ERR,ERR,ERR,ERR,ERR,ERR,ERR,ERR,ERR,ERR,ERR,ERR,ERR,ERR,ERR,ERR,ERR,ERR,ERR,ERR,ERR,ERR,ERR,ERR,0.0,107616352.0,0.0,0.0,71072154124288.0,0.0,1016943.5,-0.001,4300,0,8,17168,4300,0.0,41,0.0,0.0,0.0,0.0,2.7184166902131945e+23,0,0,0,0,0.0,0,0,0,0,0,0,0,0,0,0,0,0,0,0,0,0,0,0,0,0,0,0,0,0,0,0,0,0,0,0,0,0,0,12,37,37,48,65476,412,65476,1,0,4,21553,0.0,-0.0,0.0,0.0,0.0,0.0,0.0,0.0,0.0,0.0,0.0,0.0,0.0,0.0,0.0,0.0,0.0,0.0,0.0,0.0,0.0,2.004,2.004,3.6970818999223845e+19,2.004,0.0,0.0,0.0,0.0,0.0,6598.0,131351.219,0.0,0.0,107616352.0,-107616240.0,107616272.0,-0.0,0.0,2.004,2.004,226,0.0,0.0,0.0,0.0,0.0,0.0,0.0,0.0,0.0,0,0,0,-0.0,0.0,0.0,6.22785290305536e+16,0.092,-0.377,-0.0,-0.0,-54.569,-3.349530928091454e+36,-3527813376.0,1.1899925471695752e+22,0.0,3.036,0.0,-0.009,0,1.3516416376850534e+27,226,0.0,452,0.0,-0.0,2112,52429,17109,52429,17111,0,17096,0,0,0,101,100,100,0.0,66.9,-107615272.0,66.8,-0.0,66.5,1,49,50,180,39322,52429,0,0,0.0,0.0,0.0,60.0,5.126167076142602e+37,71.0,0.0,-9.007504479168863e+19,0.0,1068,0,1069,0,0,0,1069,0,1079,0,1000,0,668,0,669,0,665,0,682,0.032,1.4536034330083127e+22,-0.0,2.730234856211355e+23,28816,16814,-0.0,-0.0,162048.625,127.377,-9775773384704.0,0.0,50.0,60.0,35,0.0,0.0,10.0,2.0,0.0,0.0,0.0,0.0,0.0,0.0,0.0,0.0,0.0,0.0,0.0,0.0,59.2,53,12,65510,27,65476,0,300,0,0,8,20529,65476,0,0,30147,60.0,0.0,10.0,10.0,2.0,0.0
2026-02-16T12:54:41,ERR,ERR,ERR,ERR,ERR,ERR,ERR,ERR,ERR,ERR,ERR,ERR,ERR,ERR,ERR,ERR,ERR,ERR,ERR,ERR,ERR,ERR,ERR,ERR,ERR,ERR,ERR,ERR,ERR,ERR,ERR,ERR,ERR,ERR,ERR,ERR,ERR,ERR,ERR,ERR,ERR,ERR,ERR,ERR,ERR,ERR,ERR,ERR,ERR,ERR,ERR,ERR,ERR,ERR,ERR,ERR,ERR,ERR,ERR,ERR,ERR,ERR,ERR,ERR,ERR,ERR,ERR,ERR,ERR,ERR,ERR,ERR,ERR,ERR,ERR,ERR,ERR,ERR,ERR,ERR,ERR,ERR,ERR,ERR,ERR,ERR,ERR,ERR,ERR,ERR,ERR,ERR,ERR,ERR,ERR,ERR,ERR,ERR,ERR,ERR,ERR,ERR,ERR,ERR,ERR,ERR,ERR,ERR,ERR,ERR,ERR,ERR,ERR,ERR,ERR,ERR,ERR,ERR,ERR,ERR,ERR,ERR,ERR,ERR,ERR,0.0,107616352.0,0.0,0.0,71072154124288.0,0.0,1016943.5,-0.001,4300,0,8,17168,4300,0.0,41,0.0,0.0,0.0,0.0,2.7184166902131945e+23,0,0,0,0,0.0,0,0,0,0,0,0,0,0,0,0,0,0,0,0,0,0,0,0,0,0,0,0,0,0,0,0,0,0,0,0,0,0,0,12,37,37,48,65476,412,65476,1,0,4,21553,0.0,-0.0,0.0,0.0,0.0,0.0,0.0,0.0,0.0,0.0,0.0,0.0,0.0,0.0,0.0,0.0,0.0,0.0,0.0,0.0,0.0,2.004,2.004,3.6970818999223845e+19,2.004,0.0,0.0,0.0,0.0,0.0,6598.0,131351.219,0.0,0.0,107616352.0,-107616240.0,107616272.0,-0.0,0.0,2.004,2.004,226,0.0,0.0,0.0,0.0,0.0,0.0,0.0,0.0,0.0,0,0,0,-0.0,0.0,0.0,6.22785290305536e+16,0.092,-0.377,-0.0,-0.0,-54.569,-3.349530928091454e+36,-3527813376.0,1.1899925471695752e+22,0.0,3.036,0.0,-0.009,0,1.3516416376850534e+27,226,0.0,452,0.0,-0.0,2112,52429,17109,52429,17111,0,17096,0,0,0,101,100,100,0.0,66.9,-107615272.0,66.8,-0.0,66.5,1,49,50,180,39322,52429,0,0,0.0,0.0,0.0,60.0,3.6067189616448416e+32,71.0,0.0,3.669378773130239e+24,0.0,1068,0,1069,0,0,0,1069,0,1079,0,1000,0,668,0,669,0,665,0,682,0.032,1.4536034330083127e+22,-0.0,2.730234856211355e+23,43152,16814,-0.0,3.669378773130239e+24,0.0,-0.192,-0.0,-1.564282697591694e+33,50.0,60.0,35,0.0,0.0,10.0,2.0,0.0,0.0,0.0,0.0,0.0,0.0,0.0,0.0,0.0,0.0,0.0,0.0,59.2,53,12,65510,27,65476,0,300,0,0,8,20529,65476,0,0,30147,60.0,0.0,10.0,10.0,2.0,0.0
2026-02-16T12:54:42,ERR,ERR,ERR,ERR,ERR,ERR,ERR,ERR,ERR,ERR,ERR,ERR,ERR,ERR,ERR,ERR,ERR,ERR,ERR,ERR,ERR,ERR,ERR,ERR,ERR,ERR,ERR,ERR,ERR,ERR,ERR,ERR,ERR,ERR,ERR,ERR,ERR,ERR,ERR,ERR,ERR,ERR,ERR,ERR,ERR,ERR,ERR,ERR,ERR,ERR,ERR,ERR,ERR,ERR,ERR,ERR,ERR,ERR,ERR,ERR,ERR,ERR,ERR,ERR,ERR,ERR,ERR,ERR,ERR,ERR,ERR,ERR,ERR,ERR,ERR,ERR,ERR,ERR,ERR,ERR,ERR,ERR,ERR,ERR,ERR,ERR,ERR,ERR,ERR,ERR,ERR,ERR,ERR,ERR,ERR,ERR,ERR,ERR,ERR,ERR,ERR,ERR,ERR,ERR,ERR,ERR,ERR,ERR,ERR,ERR,ERR,ERR,ERR,ERR,ERR,ERR,ERR,ERR,ERR,ERR,ERR,ERR,ERR,ERR,ERR,0.0,107616352.0,0.0,0.0,71072154124288.0,0.0,1016943.5,-0.001,4300,0,8,17168,4300,0.0,41,0.0,0.0,0.0,0.0,2.7184166902131945e+23,0,0,0,0,0.0,0,0,0,0,0,0,0,0,0,0,0,0,0,0,0,0,0,0,0,0,0,0,0,0,0,0,0,0,0,0,0,0,0,12,37,37,48,65476,412,65476,1,0,4,21553,0.0,-0.0,0.0,0.0,0.0,0.0,0.0,0.0,0.0,0.0,0.0,0.0,0.0,0.0,0.0,0.0,0.0,0.0,0.0,0.0,0.0,2.004,2.004,3.6970818999223845e+19,2.004,0.0,0.0,0.0,0.0,0.0,6598.0,131351.219,0.0,0.0,107616352.0,-107616240.0,107616272.0,-0.0,0.0,2.004,2.004,226,0.0,0.0,0.0,0.0,0.0,0.0,0.0,0.0,0.0,0,0,0,-0.0,0.0,0.0,6.22785290305536e+16,0.092,-0.377,-0.0,-0.0,-54.569,-3.349530928091454e+36,-3527813376.0,1.1899925471695752e+22,0.0,3.036,0.0,-0.009,0,1.3516416376850534e+27,226,0.0,452,0.0,-0.0,2112,52429,17109,52429,17111,0,17096,0,0,0,101,100,100,0.0,66.9,-107615272.0,66.8,-0.0,66.5,1,49,50,180,39322,52429,0,0,0.0,0.0,0.0,60.0,3.6067189616448416e+32,71.0,0.0,3.669378773130239e+24,0.0,1068,0,1069,0,0,0,1069,0,1079,0,1000,0,668,0,669,0,665,0,682,0.032,1.4536034330083127e+22,-0.0,2.730234856211355e+23,43152,16814,-0.0,3.669378773130239e+24,0.0,-0.192,-0.0,-1.564282697591694e+33,50.0,60.0,35,0.0,0.0,10.0,2.0,0.0,0.0,0.0,0.0,0.0,0.0,0.0,0.0,0.0,0.0,0.0,0.0,58.8,53,12,65510,27,65476,0,300,0,0,8,20529,65476,0,0,30147,60.0,0.0,10.0,10.0,2.0,0.0
2026-02-16T12:54:43,ERR,ERR,ERR,ERR,ERR,ERR,ERR,ERR,ERR,ERR,ERR,ERR,ERR,ERR,ERR,ERR,ERR,ERR,ERR,ERR,ERR,ERR,ERR,ERR,ERR,ERR,ERR,ERR,ERR,ERR,ERR,ERR,ERR,ERR,ERR,ERR,ERR,ERR,ERR,ERR,ERR,ERR,ERR,ERR,ERR,ERR,ERR,ERR,ERR,ERR,ERR,ERR,ERR,ERR,ERR,ERR,ERR,ERR,ERR,ERR,ERR,ERR,ERR,ERR,ERR,ERR,ERR,ERR,ERR,ERR,ERR,ERR,ERR,ERR,ERR,ERR,ERR,ERR,ERR,ERR,ERR,ERR,ERR,ERR,ERR,ERR,ERR,ERR,ERR,ERR,ERR,ERR,ERR,ERR,ERR,ERR,ERR,ERR,ERR,ERR,ERR,ERR,ERR,ERR,ERR,ERR,ERR,ERR,ERR,ERR,ERR,ERR,ERR,ERR,ERR,ERR,ERR,ERR,ERR,ERR,ERR,ERR,ERR,ERR,ERR,0.0,107616352.0,0.0,0.0,71072154124288.0,0.0,1016943.5,-0.001,4300,0,8,17168,4300,0.0,41,0.0,0.0,0.0,0.0,2.7184166902131945e+23,0,0,0,0,0.0,0,0,0,0,0,0,0,0,0,0,0,0,0,0,0,0,0,0,0,0,0,0,0,0,0,0,0,0,0,0,0,0,0,12,37,37,48,65476,412,65476,1,0,4,21553,0.0,-0.0,0.0,0.0,0.0,0.0,0.0,0.0,0.0,0.0,0.0,0.0,0.0,0.0,0.0,0.0,0.0,0.0,0.0,0.0,0.0,2.004,2.004,3.6970818999223845e+19,2.004,0.0,0.0,0.0,0.0,0.0,6598.0,131351.219,0.0,0.0,107616352.0,-107616240.0,107616272.0,-0.0,0.0,2.004,2.004,226,0.0,0.0,0.0,0.0,0.0,0.0,0.0,0.0,0.0,0,0,0,-0.0,0.0,0.0,6.22785290305536e+16,0.092,-0.377,-0.0,-0.0,-54.569,-3.349530928091454e+36,-3527813376.0,1.1899925471695752e+22,0.0,3.036,0.0,-0.009,0,1.3516416376850534e+27,226,0.0,452,0.0,-0.0,2112,52429,17109,52429,17111,0,17096,0,0,0,101,100,100,0.0,66.9,-107615272.0,66.8,-0.0,66.5,1,49,50,180,39322,52429,0,0,0.0,0.0,0.0,60.0,3.6067189616448416e+32,71.0,0.0,3.669378773130239e+24,0.0,1068,0,1069,0,0,0,1069,0,1079,0,1000,0,668,0,669,0,665,0,682,0.032,1.4536034330083127e+22,-0.0,2.730234856211355e+23,43152,16814,-0.0,3.669378773130239e+24,0.0,-0.192,-0.0,-1.564282697591694e+33,50.0,60.0,35,0.0,0.0,10.0,2.0,0.0,0.0,0.0,0.0,0.0,0.0,0.0,0.0,0.0,0.0,0.0,0.0,58.8,53,12,65510,27,65476,0,300,0,0,8,20529,65476,0,0,30147,60.0,0.0,10.0,10.0,2.0,0.0
2026-02-16T12:54:44,ERR,ERR,ERR,ERR,ERR,ERR,ERR,ERR,ERR,ERR,ERR,ERR,ERR,ERR,ERR,ERR,ERR,ERR,ERR,ERR,ERR,ERR,ERR,ERR,ERR,ERR,ERR,ERR,ERR,ERR,ERR,ERR,ERR,ERR,ERR,ERR,ERR,ERR,ERR,ERR,ERR,ERR,ERR,ERR,ERR,ERR,ERR,ERR,ERR,ERR,ERR,ERR,ERR,ERR,ERR,ERR,ERR,ERR,ERR,ERR,ERR,ERR,ERR,ERR,ERR,ERR,ERR,ERR,ERR,ERR,ERR,ERR,ERR,ERR,ERR,ERR,ERR,ERR,ERR,ERR,ERR,ERR,ERR,ERR,ERR,ERR,ERR,ERR,ERR,ERR,ERR,ERR,ERR,ERR,ERR,ERR,ERR,ERR,ERR,ERR,ERR,ERR,ERR,ERR,ERR,ERR,ERR,ERR,ERR,ERR,ERR,ERR,ERR,ERR,ERR,ERR,ERR,ERR,ERR,ERR,ERR,ERR,ERR,ERR,ERR,-107615880.0,107616352.0,-0.0,0.0,-0.031,7995797270429696.0,-207529836544.0,-1874755452928.0,4300,0,8,17168,4300,0.0,41,0.0,0.0,0.0,0.0,2.7184166902131945e+23,0,0,0,0,0.0,0,0,0,0,0,0,0,0,0,0,0,0,0,0,0,0,0,0,0,0,0,0,0,0,0,0,0,0,0,0,0,0,0,11,37,37,48,65476,413,65476,1,0,4,21553,0.0,2.7183305813883192e+23,0.0,0.0,0.0,0.0,0.0,0.0,0.0,0.0,0.0,0.0,0.0,0.0,0.0,0.0,0.0,0.0,0.0,0.0,0.0,2.004,2.004,3.6970818999223845e+19,3.697074863047967e+19,-3.69707618246192e+19,0.0,0.0,0.0,0.0,6598.0,8608233472.0,0.0,0.0,107616352.0,0.0,107616272.0,0.0,0.0,2.004,2.004,226,-3.222002398308886e+26,0.0,0.0,0.0,0.0,0.0,0.0,0.0,0.0,0,0,0,-0.0,1617119543296.0,0.003,-0.0,7.747316112403659e+27,2.9941880810258294e+38,-162816272.0,-0.292,-1.1743174218893408e+26,-3.619530364735265e+36,-3729139968.0,1.2859156163528648e+22,0.0,3.223,0.0,-14243653632.0,0,1.3516416376850534e+27,226,0.0,452,0.0,-0.0,2112,52429,17109,0,17112,0,17096,0,0,0,101,100,100,0.0,66.9,-107615272.0,66.8,-0.0,66.5,1,49,50,180,39322,52429,0,0,0.0,0.0,0.0,60.0,-0.0,71.0,0.0,0.0,0.0,1068,0,1069,0,0,0,1069,0,1079,0,1000,0,668,0,669,0,665,0,682,0.032,1.4536034330083127e+22,-0.0,2.730234856211355e+23,43408,16814,-0.0,0.0,-0.0,1.3678682836965852e+35,0.0,4.75926582569658e+22,50.0,60.0,35,0.0,0.0,10.0,2.0,0.0,0.0,0.0,0.0,0.0,0.0,0.0,0.0,0.0,0.0,0.0,0.0,58.8,53,12,65510,27,65476,0,300,0,0,8,20529,65476,0,0,30147,60.0,0.0,10.0,10.0,2.0,0.0
2026-02-16T12:54:45,ERR,ERR,ERR,ERR,ERR,ERR,ERR,ERR,ERR,ERR,ERR,ERR,ERR,ERR,ERR,ERR,ERR,ERR,ERR,ERR,ERR,ERR,ERR,ERR,ERR,ERR,ERR,ERR,ERR,ERR,ERR,ERR,ERR,ERR,ERR,ERR,ERR,ERR,ERR,ERR,ERR,ERR,ERR,ERR,ERR,ERR,ERR,ERR,ERR,ERR,ERR,ERR,ERR,ERR,ERR,ERR,ERR,ERR,ERR,ERR,ERR,ERR,ERR,ERR,ERR,ERR,ERR,ERR,ERR,ERR,ERR,ERR,ERR,ERR,ERR,ERR,ERR,ERR,ERR,ERR,ERR,ERR,ERR,ERR,ERR,ERR,ERR,ERR,ERR,ERR,ERR,ERR,ERR,ERR,ERR,ERR,ERR,ERR,ERR,ERR,ERR,ERR,ERR,ERR,ERR,ERR,ERR,ERR,ERR,ERR,ERR,ERR,ERR,ERR,ERR,ERR,ERR,ERR,ERR,ERR,ERR,ERR,ERR,ERR,ERR,-107615880.0,107616352.0,-0.0,0.0,-0.031,7995797270429696.0,-207529836544.0,-1874755452928.0,4300,0,8,17168,4300,0.0,41,0.0,0.0,0.0,0.0,2.7184166902131945e+23,0,0,0,0,0.0,0,0,0,0,0,0,0,0,0,0,0,0,0,0,0,0,0,0,0,0,0,0,0,0,0,0,0,0,0,0,0,0,0,11,37,37,48,65476,413,65476,1,0,4,21553,0.0,2.7183305813883192e+23,0.0,0.0,0.0,0.0,0.0,0.0,0.0,0.0,0.0,0.0,0.0,0.0,0.0,0.0,0.0,0.0,0.0,0.0,0.0,2.004,2.004,3.6970818999223845e+19,3.697074863047967e+19,-3.69707618246192e+19,0.0,0.0,0.0,0.0,6598.0,8608233472.0,0.0,0.0,107616352.0,0.0,107616272.0,0.0,0.0,2.004,2.004,226,-3.222002398308886e+26,0.0,0.0,0.0,0.0,0.0,0.0,0.0,0.0,0,0,0,-0.0,1617119543296.0,0.003,-0.0,7.747316112403659e+27,2.9941880810258294e+38,-162816272.0,-0.292,-1.1743174218893408e+26,-3.619530364735265e+36,-3729139968.0,1.2859156163528648e+22,0.0,3.223,0.0,-14243653632.0,0,1.3516416376850534e+27,226,0.0,452,0.0,-0.0,2112,52429,17109,0,17112,0,17096,0,0,0,101,100,100,0.0,66.9,-107615272.0,66.8,-0.0,66.5,1,49,50,180,39322,52429,0,0,0.0,0.0,0.0,60.0,-0.0,71.0,0.0,0.0,0.0,1068,0,1069,0,0,0,1069,0,1079,0,1000,0,668,0,669,0,665,0,682,0.032,1.4536034330083127e+22,-0.0,2.730234856211355e+23,43408,16814,-0.0,0.0,-0.0,1.3678682836965852e+35,0.0,4.75926582569658e+22,50.0,60.0,35,0.0,0.0,10.0,2.0,0.0,0.0,0.0,0.0,0.0,0.0,0.0,0.0,0.0,0.0,0.0,0.0,59.2,53,12,65510,27,65476,0,300,0,0,8,20529,65476,0,0,30147,60.0,0.0,10.0,10.0,2.0,0.0
2026-02-16T12:54:46,ERR,ERR,ERR,ERR,ERR,ERR,ERR,ERR,ERR,ERR,ERR,ERR,ERR,ERR,ERR,ERR,ERR,ERR,ERR,ERR,ERR,ERR,ERR,ERR,ERR,ERR,ERR,ERR,ERR,ERR,ERR,ERR,ERR,ERR,ERR,ERR,ERR,ERR,ERR,ERR,ERR,ERR,ERR,ERR,ERR,ERR,ERR,ERR,ERR,ERR,ERR,ERR,ERR,ERR,ERR,ERR,ERR,ERR,ERR,ERR,ERR,ERR,ERR,ERR,ERR,ERR,ERR,ERR,ERR,ERR,ERR,ERR,ERR,ERR,ERR,ERR,ERR,ERR,ERR,ERR,ERR,ERR,ERR,ERR,ERR,ERR,ERR,ERR,ERR,ERR,ERR,ERR,ERR,ERR,ERR,ERR,ERR,ERR,ERR,ERR,ERR,ERR,ERR,ERR,ERR,ERR,ERR,ERR,ERR,ERR,ERR,ERR,ERR,ERR,ERR,ERR,ERR,ERR,ERR,ERR,ERR,ERR,ERR,ERR,ERR,-107615880.0,107616352.0,-0.0,0.0,-0.031,7995797270429696.0,-207529836544.0,-1874755452928.0,4300,0,8,17168,4300,0.0,41,0.0,0.0,0.0,0.0,2.7184166902131945e+23,0,0,0,0,0.0,0,0,0,0,0,0,0,0,0,0,0,0,0,0,0,0,0,0,0,0,0,0,0,0,0,0,0,0,0,0,0,0,0,11,37,37,48,65476,413,65476,1,0,4,21553,0.0,2.7183305813883192e+23,0.0,0.0,0.0,0.0,0.0,0.0,0.0,0.0,0.0,0.0,0.0,0.0,0.0,0.0,0.0,0.0,0.0,0.0,0.0,2.004,2.004,3.6970818999223845e+19,3.697074863047967e+19,-3.69707618246192e+19,0.0,0.0,0.0,0.0,6598.0,8608233472.0,0.0,0.0,107616352.0,0.0,107616272.0,0.0,0.0,2.004,2.004,226,-3.222002398308886e+26,0.0,0.0,0.0,0.0,0.0,0.0,0.0,0.0,0,0,0,-0.0,1617119543296.0,0.003,-0.0,7.747316112403659e+27,2.9941880810258294e+38,-162816272.0,-0.292,-1.1743174218893408e+26,-3.619530364735265e+36,-3729139968.0,1.2859156163528648e+22,0.0,3.223,0.0,-14243653632.0,0,1.3516416376850534e+27,226,0.0,452,0.0,-0.0,2112,52429,17109,0,17112,0,17096,0,0,0,101,100,100,0.0,66.9,-107615272.0,66.8,-0.0,66.5,1,49,50,180,39322,52429,0,0,0.0,0.0,0.0,60.0,-0.0,71.0,0.0,0.0,0.0,1068,0,1069,0,0,0,1069,0,1079,0,1000,0,668,0,669,0,665,0,682,0.032,1.4536034330083127e+22,-0.0,2.730234856211355e+23,43408,16814,-0.0,0.0,-0.0,1.3678682836965852e+35,0.0,4.75926582569658e+22,50.0,60.0,35,0.0,0.0,10.0,2.0,0.0,0.0,0.0,0.0,0.0,0.0,0.0,0.0,0.0,0.0,0.0,0.0,59.2,53,12,65510,27,65476,0,300,0,0,8,20529,65476,0,0,30147,60.0,0.0,10.0,10.0,2.0,0.0
2026-02-16T12:54:47,ERR,ERR,ERR,ERR,ERR,ERR,ERR,ERR,ERR,ERR,ERR,ERR,ERR,ERR,ERR,ERR,ERR,ERR,ERR,ERR,ERR,ERR,ERR,ERR,ERR,ERR,ERR,ERR,ERR,ERR,ERR,ERR,ERR,ERR,ERR,ERR,ERR,ERR,ERR,ERR,ERR,ERR,ERR,ERR,ERR,ERR,ERR,ERR,ERR,ERR,ERR,ERR,ERR,ERR,ERR,ERR,ERR,ERR,ERR,ERR,ERR,ERR,ERR,ERR,ERR,ERR,ERR,ERR,ERR,ERR,ERR,ERR,ERR,ERR,ERR,ERR,ERR,ERR,ERR,ERR,ERR,ERR,ERR,ERR,ERR,ERR,ERR,ERR,ERR,ERR,ERR,ERR,ERR,ERR,ERR,ERR,ERR,ERR,ERR,ERR,ERR,ERR,ERR,ERR,ERR,ERR,ERR,ERR,ERR,ERR,ERR,ERR,ERR,ERR,ERR,ERR,ERR,ERR,ERR,ERR,ERR,ERR,ERR,ERR,ERR,-107615880.0,107616352.0,-0.0,0.0,-0.031,7995797270429696.0,-207529836544.0,-1874755452928.0,4300,0,8,17168,4300,0.0,41,0.0,0.0,0.0,0.0,2.7184166902131945e+23,0,0,0,0,0.0,0,0,0,0,0,0,0,0,0,0,0,0,0,0,0,0,0,0,0,0,0,0,0,0,0,0,0,0,0,0,0,0,0,11,37,37,48,65476,413,65476,1,0,4,21553,0.0,2.7183305813883192e+23,0.0,0.0,0.0,0.0,0.0,0.0,0.0,0.0,0.0,0.0,0.0,0.0,0.0,0.0,0.0,0.0,0.0,0.0,0.0,2.004,2.004,3.6970818999223845e+19,3.697074863047967e+19,-3.69707618246192e+19,0.0,0.0,0.0,0.0,6598.0,8608233472.0,0.0,0.0,107616352.0,0.0,107616272.0,0.0,0.0,2.004,2.004,226,-3.222002398308886e+26,0.0,0.0,0.0,0.0,0.0,0.0,0.0,0.0,0,0,0,-0.0,1617119543296.0,0.003,-0.0,7.747316112403659e+27,2.9941880810258294e+38,-162816272.0,-0.292,-1.1743174218893408e+26,-3.619530364735265e+36,-3729139968.0,1.2859156163528648e+22,0.0,3.223,0.0,-14243653632.0,0,1.3516416376850534e+27,226,0.0,452,0.0,-0.0,2112,52429,17109,52429,17111,0,17096,0,0,0,101,100,100,0.0,66.9,-107615272.0,66.8,-0.0,66.5,1,49,50,180,39322,52429,0,0,0.0,0.0,0.0,60.0,-0.0,71.0,0.0,0.0,0.0,1068,0,1069,0,0,0,1069,0,1080,0,1000,0,668,0,669,0,665,0,683,0.032,1.4609821306377965e+22,-2.004,-0.0,41104,16814,-0.0,0.0,-118400.312,0.0,3.048439581445978e+21,-0.0,50.0,60.0,35,0.0,0.0,10.0,2.0,0.0,0.0,0.0,0.0,0.0,0.0,0.0,0.0,0.0,0.0,0.0,0.0,58.8,53,12,65510,27,65476,0,300,0,0,8,20529,65476,0,0,30147,60.0,0.0,10.0,10.0,2.0,0.0
2026-02-16T12:54:48,ERR,ERR,ERR,ERR,ERR,ERR,ERR,ERR,ERR,ERR,ERR,ERR,ERR,ERR,ERR,ERR,ERR,ERR,ERR,ERR,ERR,ERR,ERR,ERR,ERR,ERR,ERR,ERR,ERR,ERR,ERR,ERR,ERR,ERR,ERR,ERR,ERR,ERR,ERR,ERR,ERR,ERR,ERR,ERR,ERR,ERR,ERR,ERR,ERR,ERR,ERR,ERR,ERR,ERR,ERR,ERR,ERR,ERR,ERR,ERR,ERR,ERR,ERR,ERR,ERR,ERR,ERR,ERR,ERR,ERR,ERR,ERR,ERR,ERR,ERR,ERR,ERR,ERR,ERR,ERR,ERR,ERR,ERR,ERR,ERR,ERR,ERR,ERR,ERR,ERR,ERR,ERR,ERR,ERR,ERR,ERR,ERR,ERR,ERR,ERR,ERR,ERR,ERR,ERR,ERR,ERR,ERR,ERR,ERR,ERR,ERR,ERR,ERR,ERR,ERR,ERR,ERR,ERR,ERR,ERR,ERR,ERR,ERR,ERR,ERR,-107615880.0,107616352.0,-0.0,0.0,-0.031,7995797270429696.0,-207529836544.0,-1874755452928.0,4300,0,8,17168,4300,0.0,41,0.0,0.0,0.0,0.0,2.7184166902131945e+23,0,0,0,0,0.0,0,0,0,0,0,0,0,0,0,0,0,0,0,0,0,0,0,0,0,0,0,0,0,0,0,0,0,0,0,0,0,0,0,11,37,37,48,65476,413,65476,1,0,4,21553,0.0,2.7183305813883192e+23,0.0,0.0,0.0,0.0,0.0,0.0,0.0,0.0,0.0,0.0,0.0,0.0,0.0,0.0,0.0,0.0,0.0,0.0,0.0,2.004,2.004,3.6970818999223845e+19,3.697074863047967e+19,-3.69707618246192e+19,0.0,0.0,0.0,0.0,6598.0,8608233472.0,0.0,0.0,107616352.0,0.0,107616272.0,0.0,0.0,2.004,2.004,226,-3.222002398308886e+26,0.0,0.0,0.0,0.0,0.0,0.0,0.0,0.0,0,0,0,-0.0,1617119543296.0,0.003,-0.0,7.747316112403659e+27,2.9941880810258294e+38,-162816272.0,-0.292,-1.1743174218893408e+26,-3.619530364735265e+36,-3729139968.0,1.2859156163528648e+22,0.0,3.223,0.0,-14243653632.0,0,1.3516416376850534e+27,226,0.0,452,0.0,-0.0,2112,52429,17109,52429,17111,0,17096,0,0,0,101,100,100,0.0,66.9,-107615272.0,66.8,-0.0,66.5,1,49,50,180,39322,52429,0,0,0.0,0.0,0.0,60.0,-0.0,71.0,0.0,0.0,0.0,1068,0,1069,0,0,0,1069,0,1080,0,1000,0,668,0,669,0,665,0,683,0.032,1.4609821306377965e+22,-2.004,-0.0,41104,16814,-0.0,0.0,-118400.312,0.0,3.048439581445978e+21,-0.0,50.0,60.0,35,0.0,0.0,10.0,2.0,0.0,0.0,0.0,0.0,0.0,0.0,0.0,0.0,0.0,0.0,0.0,0.0,58.8,53,12,65510,27,65476,0,300,0,0,8,20529,65476,0,0,30147,60.0,0.0,10.0,10.0,2.0,0.0
2026-02-16T12:54:49,ERR,ERR,ERR,ERR,ERR,ERR,ERR,ERR,ERR,ERR,ERR,ERR,ERR,ERR,ERR,ERR,ERR,ERR,ERR,ERR,ERR,ERR,ERR,ERR,ERR,ERR,ERR,ERR,ERR,ERR,ERR,ERR,ERR,ERR,ERR,ERR,ERR,ERR,ERR,ERR,ERR,ERR,ERR,ERR,ERR,ERR,ERR,ERR,ERR,ERR,ERR,ERR,ERR,ERR,ERR,ERR,ERR,ERR,ERR,ERR,ERR,ERR,ERR,ERR,ERR,ERR,ERR,ERR,ERR,ERR,ERR,ERR,ERR,ERR,ERR,ERR,ERR,ERR,ERR,ERR,ERR,ERR,ERR,ERR,ERR,ERR,ERR,ERR,ERR,ERR,ERR,ERR,ERR,ERR,ERR,ERR,ERR,ERR,ERR,ERR,ERR,ERR,ERR,ERR,ERR,ERR,ERR,ERR,ERR,ERR,ERR,ERR,ERR,ERR,ERR,ERR,ERR,ERR,ERR,ERR,ERR,ERR,ERR,ERR,ERR,0.0,107616352.0,0.0,0.0,71072154124288.0,-0.0,0.0,0.0,4300,0,8,17169,4300,0.0,41,0.0,0.0,0.0,0.0,2.7184166902131945e+23,0,0,0,0,0.0,0,0,0,0,0,0,0,0,0,0,0,0,0,0,0,0,0,0,0,0,0,0,0,0,0,0,0,0,0,0,0,0,0,11,37,37,48,65476,404,65476,1,0,4,21553,0.0,0.0,0.0,0.0,0.0,0.0,0.0,0.0,0.0,0.0,0.0,0.0,0.0,0.0,0.0,0.0,0.0,0.0,0.0,0.0,0.0,2.004,2.004,3.6970818999223845e+19,3.697074863047967e+19,0.0,0.0,0.0,0.0,0.0,6600.0,-0.0,0.0,0.0,2.7184527190102135e+23,0.0,2.7184509175703625e+23,0.0,0.0,2.004,2.004,226,0.0,0.0,0.0,0.0,0.0,0.0,0.0,0.0,0.0,0,0,0,-0.0,446991.344,0.0,0.101,1.9174862149870808e+27,1.4594314006877304e+32,-1.6931921949958496e+24,-2.611913692727692e+24,0.0,-3.8687606139449365e+36,-3964020992.0,1.3892173831656383e+22,0.0,3.411,0.0,-0.028,0,1.3516416376850534e+27,226,0.0,452,0.0,-1.4035688898663253e+35,2112,52429,17109,52429,17111,0,17096,0,0,0,101,100,100,0.0,66.9,-107615272.0,66.8,-0.0,66.5,1,49,50,180,39322,52429,0,0,0.0,0.0,0.0,60.0,-0.0,71.0,0.0,0.0,0.0,1068,0,1069,0,0,0,1069,0,1080,0,1000,0,668,0,669,0,665,0,683,0.032,1.4609821306377965e+22,-2.004,-0.0,41104,16814,-0.0,0.0,-118400.312,0.0,3.048439581445978e+21,-0.0,50.0,60.0,35,0.0,0.0,10.0,2.0,0.0,0.0,0.0,0.0,0.0,0.0,0.0,0.0,0.0,0.0,0.0,0.0,58.8,53,12,65510,27,65476,0,300,0,0,8,20529,65476,0,0,30147,60.0,0.0,10.0,10.0,2.0,0.0
2026-02-16T12:54:50,ERR,ERR,ERR,ERR,ERR,ERR,ERR,ERR,ERR,ERR,ERR,ERR,ERR,ERR,ERR,ERR,ERR,ERR,ERR,ERR,ERR,ERR,ERR,ERR,ERR,ERR,ERR,ERR,ERR,ERR,ERR,ERR,ERR,ERR,ERR,ERR,ERR,ERR,ERR,ERR,ERR,ERR,ERR,ERR,ERR,ERR,ERR,ERR,ERR,ERR,ERR,ERR,ERR,ERR,ERR,ERR,ERR,ERR,ERR,ERR,ERR,ERR,ERR,ERR,ERR,ERR,ERR,ERR,ERR,ERR,ERR,ERR,ERR,ERR,ERR,ERR,ERR,ERR,ERR,ERR,ERR,ERR,ERR,ERR,ERR,ERR,ERR,ERR,ERR,ERR,ERR,ERR,ERR,ERR,ERR,ERR,ERR,ERR,ERR,ERR,ERR,ERR,ERR,ERR,ERR,ERR,ERR,ERR,ERR,ERR,ERR,ERR,ERR,ERR,ERR,ERR,ERR,ERR,ERR,ERR,ERR,ERR,ERR,ERR,ERR,0.0,107616352.0,0.0,0.0,71072154124288.0,-0.0,0.0,0.0,4300,0,8,17169,4300,0.0,41,0.0,0.0,0.0,0.0,2.7184166902131945e+23,0,0,0,0,0.0,0,0,0,0,0,0,0,0,0,0,0,0,0,0,0,0,0,0,0,0,0,0,0,0,0,0,0,0,0,0,0,0,0,11,37,37,48,65476,404,65476,1,0,4,21553,0.0,0.0,0.0,0.0,0.0,0.0,0.0,0.0,0.0,0.0,0.0,0.0,0.0,0.0,0.0,0.0,0.0,0.0,0.0,0.0,0.0,2.004,2.004,3.6970818999223845e+19,3.697074863047967e+19,0.0,0.0,0.0,0.0,0.0,6600.0,-0.0,0.0,0.0,2.7184527190102135e+23,0.0,2.7184509175703625e+23,0.0,0.0,2.004,2.004,226,0.0,0.0,0.0,0.0,0.0,0.0,0.0,0.0,0.0,0,0,0,-0.0,446991.344,0.0,0.101,1.9174862149870808e+27,1.4594314006877304e+32,-1.6931921949958496e+24,-2.611913692727692e+24,0.0,-3.8687606139449365e+36,-3964020992.0,1.3892173831656383e+22,0.0,3.411,0.0,-0.028,0,1.3516416376850534e+27,226,0.0,452,0.0,-1.4035688898663253e+35,2112,52429,17109,52429,17111,0,17096,0,0,0,101,100,100,0.0,66.9,-107615272.0,66.8,-0.0,66.5,1,49,50,180,39322,52429,0,0,0.0,0.0,0.0,60.0,-0.0,71.0,0.0,0.0,0.0,1068,0,1069,0,0,0,1069,0,1080,0,1000,0,668,0,669,0,665,0,683,0.032,1.4609821306377965e+22,-2.004,-0.0,41104,16814,-0.0,0.0,-118400.312,0.0,3.048439581445978e+21,-0.0,50.0,60.0,35,0.0,0.0,10.0,2.0,0.0,0.0,0.0,0.0,0.0,0.0,0.0,0.0,0.0,0.0,0.0,0.0,58.8,53,12,65510,27,65476,0,300,0,0,8,20529,65476,0,0,30147,60.0,0.0,10.0,10.0,2.0,0.0
2026-02-16T12:54:51,ERR,ERR,ERR,ERR,ERR,ERR,ERR,ERR,ERR,ERR,ERR,ERR,ERR,ERR,ERR,ERR,ERR,ERR,ERR,ERR,ERR,ERR,ERR,ERR,ERR,ERR,ERR,ERR,ERR,ERR,ERR,ERR,ERR,ERR,ERR,ERR,ERR,ERR,ERR,ERR,ERR,ERR,ERR,ERR,ERR,ERR,ERR,ERR,ERR,ERR,ERR,ERR,ERR,ERR,ERR,ERR,ERR,ERR,ERR,ERR,ERR,ERR,ERR,ERR,ERR,ERR,ERR,ERR,ERR,ERR,ERR,ERR,ERR,ERR,ERR,ERR,ERR,ERR,ERR,ERR,ERR,ERR,ERR,ERR,ERR,ERR,ERR,ERR,ERR,ERR,ERR,ERR,ERR,ERR,ERR,ERR,ERR,ERR,ERR,ERR,ERR,ERR,ERR,ERR,ERR,ERR,ERR,ERR,ERR,ERR,ERR,ERR,ERR,ERR,ERR,ERR,ERR,ERR,ERR,ERR,ERR,ERR,ERR,ERR,ERR,0.0,107616352.0,0.0,0.0,71072154124288.0,-0.0,0.0,0.0,4300,0,8,17169,4300,0.0,41,0.0,0.0,0.0,0.0,2.7184166902131945e+23,0,0,0,0,0.0,0,0,0,0,0,0,0,0,0,0,0,0,0,0,0,0,0,0,0,0,0,0,0,0,0,0,0,0,0,0,0,0,0,11,37,37,48,65476,404,65476,1,0,4,21553,0.0,0.0,0.0,0.0,0.0,0.0,0.0,0.0,0.0,0.0,0.0,0.0,0.0,0.0,0.0,0.0,0.0,0.0,0.0,0.0,0.0,2.004,2.004,3.6970818999223845e+19,3.697074863047967e+19,0.0,0.0,0.0,0.0,0.0,6600.0,-0.0,0.0,0.0,2.7184527190102135e+23,0.0,2.7184509175703625e+23,0.0,0.0,2.004,2.004,226,0.0,0.0,0.0,0.0,0.0,0.0,0.0,0.0,0.0,0,0,0,-0.0,446991.344,0.0,0.101,1.9174862149870808e+27,1.4594314006877304e+32,-1.6931921949958496e+24,-2.611913692727692e+24,0.0,-3.8687606139449365e+36,-3964020992.0,1.3892173831656383e+22,0.0,3.411,0.0,-0.028,0,1.3516416376850534e+27,226,0.0,452,0.0,-1.4035688898663253e+35,2112,52429,17109,52429,17111,0,17096,0,0,0,101,100,100,0.0,66.9,-107615272.0,66.8,-0.0,66.5,1,49,50,180,39322,52429,0,0,0.0,0.0,0.0,60.0,-0.0,71.0,0.0,0.001,0.0,1068,0,1069,0,0,0,1069,0,1079,0,1000,0,668,0,669,0,665,0,683,0.032,1.4536034330083127e+22,-2.004,-0.0,48016,16814,-0.0,0.001,-3.2991253162682836e+29,-0.0,-0.0,-0.0,50.0,60.0,35,0.0,0.0,10.0,2.0,0.0,0.0,0.0,0.0,0.0,0.0,0.0,0.0,0.0,0.0,0.0,0.0,58.8,53,12,65510,27,65476,0,300,0,0,8,20529,65476,0,0,30147,60.0,0.0,10.0,10.0,2.0,0.0
2026-02-16T12:54:52,ERR,ERR,ERR,ERR,ERR,ERR,ERR,ERR,ERR,ERR,ERR,ERR,ERR,ERR,ERR,ERR,ERR,ERR,ERR,ERR,ERR,ERR,ERR,ERR,ERR,ERR,ERR,ERR,ERR,ERR,ERR,ERR,ERR,ERR,ERR,ERR,ERR,ERR,ERR,ERR,ERR,ERR,ERR,ERR,ERR,ERR,ERR,ERR,ERR,ERR,ERR,ERR,ERR,ERR,ERR,ERR,ERR,ERR,ERR,ERR,ERR,ERR,ERR,ERR,ERR,ERR,ERR,ERR,ERR,ERR,ERR,ERR,ERR,ERR,ERR,ERR,ERR,ERR,ERR,ERR,ERR,ERR,ERR,ERR,ERR,ERR,ERR,ERR,ERR,ERR,ERR,ERR,ERR,ERR,ERR,ERR,ERR,ERR,ERR,ERR,ERR,ERR,ERR,ERR,ERR,ERR,ERR,ERR,ERR,ERR,ERR,ERR,ERR,ERR,ERR,ERR,ERR,ERR,ERR,ERR,ERR,ERR,ERR,ERR,ERR,0.0,107616352.0,0.0,0.0,71072154124288.0,-0.0,0.0,0.0,4300,0,8,17169,4300,0.0,41,0.0,0.0,0.0,0.0,2.7184166902131945e+23,0,0,0,0,0.0,0,0,0,0,0,0,0,0,0,0,0,0,0,0,0,0,0,0,0,0,0,0,0,0,0,0,0,0,0,0,0,0,0,11,37,37,48,65476,404,65476,1,0,4,21553,0.0,0.0,0.0,0.0,0.0,0.0,0.0,0.0,0.0,0.0,0.0,0.0,0.0,0.0,0.0,0.0,0.0,0.0,0.0,0.0,0.0,2.004,2.004,3.6970818999223845e+19,3.697074863047967e+19,0.0,0.0,0.0,0.0,0.0,6600.0,-0.0,0.0,0.0,2.7184527190102135e+23,0.0,2.7184509175703625e+23,0.0,0.0,2.004,2.004,226,0.0,0.0,0.0,0.0,0.0,0.0,0.0,0.0,0.0,0,0,0,-0.0,446991.344,0.0,0.101,1.9174862149870808e+27,1.4594314006877304e+32,-1.6931921949958496e+24,-2.611913692727692e+24,0.0,-3.8687606139449365e+36,-3964020992.0,1.3892173831656383e+22,0.0,3.411,0.0,-0.028,0,1.3516416376850534e+27,226,0.0,452,0.0,-1.4035688898663253e+35,2112,52429,17109,52429,17111,0,17096,0,0,0,101,100,100,0.0,66.9,-107615272.0,66.8,-0.0,66.5,1,49,50,180,39322,52429,0,0,0.0,0.0,0.0,60.0,-0.0,71.0,0.0,0.001,0.0,1068,0,1069,0,0,0,1069,0,1079,0,1000,0,668,0,669,0,665,0,683,0.032,1.4536034330083127e+22,-2.004,-0.0,48016,16814,-0.0,0.001,-3.2991253162682836e+29,-0.0,-0.0,-0.0,50.0,60.0,35,0.0,0.0,10.0,2.0,0.0,0.0,0.0,0.0,0.0,0.0,0.0,0.0,0.0,0.0,0.0,0.0,58.8,53,12,65510,27,65476,0,300,0,0,8,20529,65476,0,0,30147,60.0,0.0,10.0,10.0,2.0,0.0
2026-02-16T12:54:53,ERR,ERR,ERR,ERR,ERR,ERR,ERR,ERR,ERR,ERR,ERR,ERR,ERR,ERR,ERR,ERR,ERR,ERR,ERR,ERR,ERR,ERR,ERR,ERR,ERR,ERR,ERR,ERR,ERR,ERR,ERR,ERR,ERR,ERR,ERR,ERR,ERR,ERR,ERR,ERR,ERR,ERR,ERR,ERR,ERR,ERR,ERR,ERR,ERR,ERR,ERR,ERR,ERR,ERR,ERR,ERR,ERR,ERR,ERR,ERR,ERR,ERR,ERR,ERR,ERR,ERR,ERR,ERR,ERR,ERR,ERR,ERR,ERR,ERR,ERR,ERR,ERR,ERR,ERR,ERR,ERR,ERR,ERR,ERR,ERR,ERR,ERR,ERR,ERR,ERR,ERR,ERR,ERR,ERR,ERR,ERR,ERR,ERR,ERR,ERR,ERR,ERR,ERR,ERR,ERR,ERR,ERR,ERR,ERR,ERR,ERR,ERR,ERR,ERR,ERR,ERR,ERR,ERR,ERR,ERR,ERR,ERR,ERR,ERR,ERR,0.0,107616352.0,0.0,0.0,71072154124288.0,-0.0,0.0,0.0,4300,0,8,17169,4300,0.0,41,0.0,0.0,0.0,0.0,2.7184166902131945e+23,0,0,0,0,0.0,0,0,0,0,0,0,0,0,0,0,0,0,0,0,0,0,0,0,0,0,0,0,0,0,0,0,0,0,0,0,0,0,0,11,37,37,48,65476,404,65476,1,0,4,21553,0.0,0.0,0.0,0.0,0.0,0.0,0.0,0.0,0.0,0.0,0.0,0.0,0.0,0.0,0.0,0.0,0.0,0.0,0.0,0.0,0.0,2.004,2.004,3.6970818999223845e+19,3.697074863047967e+19,0.0,0.0,0.0,0.0,0.0,6600.0,-0.0,0.0,0.0,2.7184527190102135e+23,0.0,2.7184509175703625e+23,0.0,0.0,2.004,2.004,226,0.0,0.0,0.0,0.0,0.0,0.0,0.0,0.0,0.0,0,0,0,-0.0,446991.344,0.0,0.101,1.9174862149870808e+27,1.4594314006877304e+32,-1.6931921949958496e+24,-2.611913692727692e+24,0.0,-3.8687606139449365e+36,-3964020992.0,1.3892173831656383e+22,0.0,3.411,0.0,-0.028,0,1.3516416376850534e+27,226,0.0,452,0.0,-1.4035688898663253e+35,2112,52429,17109,52429,17111,0,17096,0,0,0,101,100,100,0.0,66.9,-107615272.0,66.8,-0.0,66.5,1,49,50,180,39322,52429,0,0,0.0,0.0,0.0,60.0,-0.0,71.0,0.0,0.001,0.0,1068,0,1069,0,0,0,1069,0,1079,0,1000,0,668,0,669,0,665,0,683,0.032,1.4536034330083127e+22,-2.004,-0.0,48016,16814,-0.0,0.001,-3.2991253162682836e+29,-0.0,-0.0,-0.0,50.0,60.0,35,0.0,0.0,10.0,2.0,0.0,0.0,0.0,0.0,0.0,0.0,0.0,0.0,0.0,0.0,0.0,0.0,58.8,53,12,65510,27,65476,0,300,0,0,8,20529,65476,0,0,30147,60.0,0.0,10.0,10.0,2.0,0.0
2026-02-16T12:54:54,ERR,ERR,ERR,ERR,ERR,ERR,ERR,ERR,ERR,ERR,ERR,ERR,ERR,ERR,ERR,ERR,ERR,ERR,ERR,ERR,ERR,ERR,ERR,ERR,ERR,ERR,ERR,ERR,ERR,ERR,ERR,ERR,ERR,ERR,ERR,ERR,ERR,ERR,ERR,ERR,ERR,ERR,ERR,ERR,ERR,ERR,ERR,ERR,ERR,ERR,ERR,ERR,ERR,ERR,ERR,ERR,ERR,ERR,ERR,ERR,ERR,ERR,ERR,ERR,ERR,ERR,ERR,ERR,ERR,ERR,ERR,ERR,ERR,ERR,ERR,ERR,ERR,ERR,ERR,ERR,ERR,ERR,ERR,ERR,ERR,ERR,ERR,ERR,ERR,ERR,ERR,ERR,ERR,ERR,ERR,ERR,ERR,ERR,ERR,ERR,ERR,ERR,ERR,ERR,ERR,ERR,ERR,ERR,ERR,ERR,ERR,ERR,ERR,ERR,ERR,ERR,ERR,ERR,ERR,ERR,ERR,ERR,ERR,ERR,ERR,0.0,2.7184527190102135e+23,-0.0,0.0,-0.031,221463789568.0,-5096.871,-5.411363728706765e+16,4300,0,8,17169,4300,0.0,41,0.0,0.0,0.0,0.0,2.7184166902131945e+23,0,0,0,0,0.0,0,0,0,0,0,0,0,0,0,0,0,0,0,0,0,0,0,0,0,0,0,0,0,0,0,0,0,0,0,0,0,0,0,11,37,37,48,65476,405,65476,1,0,4,21553,0.0,0.0,0.0,0.0,0.0,0.0,0.0,0.0,0.0,0.0,0.0,0.0,0.0,0.0,0.0,0.0,0.0,0.0,0.0,0.0,0.0,2.004,2.004,-0.0,-0.0,-3.69707618246192e+19,0.0,0.0,0.0,0.0,6603.0,-0.0,0.0,0.0,2.7184527190102135e+23,0.0,107616272.0,-0.0,0.0,2.004,2.004,226,0.0,0.059,0.0,0.0,0.0,0.0,0.0,0.0,0.0,0,0,0,-0.0,0.0,0.003,-0.0,8.841081712671219e+25,0.0,-1.1748802055798894e+36,0.0,-0.0,-4.117990863154608e+36,-4148570368.0,1.4703830570899603e+22,0.0,3.582,0.0,0.0,0,1.3516416376850534e+27,226,0.0,452,0.0,-1.4035688898663253e+35,2112,52429,17109,0,17112,0,17096,0,0,0,101,100,100,0.0,66.9,-107615272.0,66.8,-0.0,66.5,1,49,50,180,39322,52429,0,0,0.0,0.0,0.0,60.0,-0.0,71.0,0.0,4.76867924963771e+21,0.0,1068,0,1069,0,0,0,1069,0,1080,0,1000,0,668,0,670,0,665,0,683,0.032,1.4536034330083127e+22,-2.004,-0.0,35472,16814,-0.0,4.76867924963771e+21,0.0,1.162,-0.031,-16592679936.0,50.0,60.0,35,0.0,0.0,10.0,2.0,0.0,0.0,0.0,0.0,0.0,0.0,0.0,0.0,0.0,0.0,0.0,0.0,58.8,53,12,65510,27,65476,0,300,0,0,8,20529,65476,0,0,30147,60.0,0.0,10.0,10.0,2.0,0.0
2026-02-16T12:54:55,ERR,ERR,ERR,ERR,ERR,ERR,ERR,ERR,ERR,ERR,ERR,ERR,ERR,ERR,ERR,ERR,ERR,ERR,ERR,ERR,ERR,ERR,ERR,ERR,ERR,ERR,ERR,ERR,ERR,ERR,ERR,ERR,ERR,ERR,ERR,ERR,ERR,ERR,ERR,ERR,ERR,ERR,ERR,ERR,ERR,ERR,ERR,ERR,ERR,ERR,ERR,ERR,ERR,ERR,ERR,ERR,ERR,ERR,ERR,ERR,ERR,ERR,ERR,ERR,ERR,ERR,ERR,ERR,ERR,ERR,ERR,ERR,ERR,ERR,ERR,ERR,ERR,ERR,ERR,ERR,ERR,ERR,ERR,ERR,ERR,ERR,ERR,ERR,ERR,ERR,ERR,ERR,ERR,ERR,ERR,ERR,ERR,ERR,ERR,ERR,ERR,ERR,ERR,ERR,ERR,ERR,ERR,ERR,ERR,ERR,ERR,ERR,ERR,ERR,ERR,ERR,ERR,ERR,ERR,ERR,ERR,ERR,ERR,ERR,ERR,0.0,2.7184527190102135e+23,-0.0,0.0,-0.031,221463789568.0,-5096.871,-5.411363728706765e+16,4300,0,8,17169,4300,0.0,41,0.0,0.0,0.0,0.0,2.7184166902131945e+23,0,0,0,0,0.0,0,0,0,0,0,0,0,0,0,0,0,0,0,0,0,0,0,0,0,0,0,0,0,0,0,0,0,0,0,0,0,0,0,11,37,37,48,65476,405,65476,1,0,4,21553,0.0,0.0,0.0,0.0,0.0,0.0,0.0,0.0,0.0,0.0,0.0,0.0,0.0,0.0,0.0,0.0,0.0,0.0,0.0,0.0,0.0,2.004,2.004,-0.0,-0.0,-3.69707618246192e+19,0.0,0.0,0.0,0.0,6603.0,-0.0,0.0,0.0,2.7184527190102135e+23,0.0,107616272.0,-0.0,0.0,2.004,2.004,226,0.0,0.059,0.0,0.0,0.0,0.0,0.0,0.0,0.0,0,0,0,-0.0,0.0,0.003,-0.0,8.841081712671219e+25,0.0,-1.1748802055798894e+36,0.0,-0.0,-4.117990863154608e+36,-4148570368.0,1.4703830570899603e+22,0.0,3.582,0.0,0.0,0,1.3516416376850534e+27,226,0.0,452,0.0,-1.4035688898663253e+35,2112,52429,17109,0,17112,0,17096,0,0,0,101,100,100,0.0,66.9,-107615272.0,66.8,-0.0,66.5,1,49,50,180,39322,52429,0,0,0.0,0.0,0.0,60.0,-0.0,71.0,0.0,4.76867924963771e+21,0.0,1068,0,1069,0,0,0,1069,0,1080,0,1000,0,668,0,670,0,665,0,683,0.032,1.4536034330083127e+22,-2.004,-0.0,35472,16814,-0.0,4.76867924963771e+21,0.0,1.162,-0.031,-16592679936.0,50.0,60.0,35,0.0,0.0,10.0,2.0,0.0,0.0,0.0,0.0,0.0,0.0,0.0,0.0,0.0,0.0,0.0,0.0,58.8,53,12,65510,27,65476,0,300,0,0,8,20529,65476,0,0,30147,60.0,0.0,10.0,10.0,2.0,0.0
2026-02-16T12:54:56,ERR,ERR,ERR,ERR,ERR,ERR,ERR,ERR,ERR,ERR,ERR,ERR,ERR,ERR,ERR,ERR,ERR,ERR,ERR,ERR,ERR,ERR,ERR,ERR,ERR,ERR,ERR,ERR,ERR,ERR,ERR,ERR,ERR,ERR,ERR,ERR,ERR,ERR,ERR,ERR,ERR,ERR,ERR,ERR,ERR,ERR,ERR,ERR,ERR,ERR,ERR,ERR,ERR,ERR,ERR,ERR,ERR,ERR,ERR,ERR,ERR,ERR,ERR,ERR,ERR,ERR,ERR,ERR,ERR,ERR,ERR,ERR,ERR,ERR,ERR,ERR,ERR,ERR,ERR,ERR,ERR,ERR,ERR,ERR,ERR,ERR,ERR,ERR,ERR,ERR,ERR,ERR,ERR,ERR,ERR,ERR,ERR,ERR,ERR,ERR,ERR,ERR,ERR,ERR,ERR,ERR,ERR,ERR,ERR,ERR,ERR,ERR,ERR,ERR,ERR,ERR,ERR,ERR,ERR,ERR,ERR,ERR,ERR,ERR,ERR,0.0,2.7184527190102135e+23,-0.0,0.0,-0.031,221463789568.0,-5096.871,-5.411363728706765e+16,4300,0,8,17169,4300,0.0,41,0.0,0.0,0.0,0.0,2.7184166902131945e+23,0,0,0,0,0.0,0,0,0,0,0,0,0,0,0,0,0,0,0,0,0,0,0,0,0,0,0,0,0,0,0,0,0,0,0,0,0,0,0,11,37,37,48,65476,405,65476,1,0,4,21553,0.0,0.0,0.0,0.0,0.0,0.0,0.0,0.0,0.0,0.0,0.0,0.0,0.0,0.0,0.0,0.0,0.0,0.0,0.0,0.0,0.0,2.004,2.004,-0.0,-0.0,-3.69707618246192e+19,0.0,0.0,0.0,0.0,6603.0,-0.0,0.0,0.0,2.7184527190102135e+23,0.0,107616272.0,-0.0,0.0,2.004,2.004,226,0.0,0.059,0.0,0.0,0.0,0.0,0.0,0.0,0.0,0,0,0,-0.0,0.0,0.003,-0.0,8.841081712671219e+25,0.0,-1.1748802055798894e+36,0.0,-0.0,-4.117990863154608e+36,-4148570368.0,1.4703830570899603e+22,0.0,3.582,0.0,0.0,0,1.3516416376850534e+27,226,0.0,452,0.0,-1.4035688898663253e+35,2112,52429,17109,0,17112,0,17096,0,0,0,101,100,100,0.0,66.9,-107615272.0,66.8,-0.0,66.5,1,49,50,180,39322,52429,0,0,0.0,0.0,0.0,60.0,-0.0,71.0,0.0,4.76867924963771e+21,0.0,1068,0,1069,0,0,0,1069,0,1080,0,1000,0,668,0,670,0,665,0,683,0.032,1.4536034330083127e+22,-2.004,-0.0,35472,16814,-0.0,4.76867924963771e+21,0.0,1.162,-0.031,-16592679936.0,50.0,60.0,35,0.0,0.0,10.0,2.0,0.0,0.0,0.0,0.0,0.0,0.0,0.0,0.0,0.0,0.0,0.0,0.0,58.8,53,12,65510,27,65476,0,300,0,0,8,20529,65476,0,0,30147,60.0,0.0,10.0,10.0,2.0,0.0
2026-02-16T12:54:57,ERR,ERR,ERR,ERR,ERR,ERR,ERR,ERR,ERR,ERR,ERR,ERR,ERR,ERR,ERR,ERR,ERR,ERR,ERR,ERR,ERR,ERR,ERR,ERR,ERR,ERR,ERR,ERR,ERR,ERR,ERR,ERR,ERR,ERR,ERR,ERR,ERR,ERR,ERR,ERR,ERR,ERR,ERR,ERR,ERR,ERR,ERR,ERR,ERR,ERR,ERR,ERR,ERR,ERR,ERR,ERR,ERR,ERR,ERR,ERR,ERR,ERR,ERR,ERR,ERR,ERR,ERR,ERR,ERR,ERR,ERR,ERR,ERR,ERR,ERR,ERR,ERR,ERR,ERR,ERR,ERR,ERR,ERR,ERR,ERR,ERR,ERR,ERR,ERR,ERR,ERR,ERR,ERR,ERR,ERR,ERR,ERR,ERR,ERR,ERR,ERR,ERR,ERR,ERR,ERR,ERR,ERR,ERR,ERR,ERR,ERR,ERR,ERR,ERR,ERR,ERR,ERR,ERR,ERR,ERR,ERR,ERR,ERR,ERR,ERR,0.0,2.7184527190102135e+23,-0.0,0.0,-0.031,221463789568.0,-5096.871,-5.411363728706765e+16,4300,0,8,17169,4300,0.0,41,0.0,0.0,0.0,0.0,2.7184166902131945e+23,0,0,0,0,0.0,0,0,0,0,0,0,0,0,0,0,0,0,0,0,0,0,0,0,0,0,0,0,0,0,0,0,0,0,0,0,0,0,0,11,37,37,48,65476,405,65476,1,0,4,21553,0.0,0.0,0.0,0.0,0.0,0.0,0.0,0.0,0.0,0.0,0.0,0.0,0.0,0.0,0.0,0.0,0.0,0.0,0.0,0.0,0.0,2.004,2.004,-0.0,-0.0,-3.69707618246192e+19,0.0,0.0,0.0,0.0,6603.0,-0.0,0.0,0.0,2.7184527190102135e+23,0.0,107616272.0,-0.0,0.0,2.004,2.004,226,0.0,0.059,0.0,0.0,0.0,0.0,0.0,0.0,0.0,0,0,0,-0.0,0.0,0.003,-0.0,8.841081712671219e+25,0.0,-1.1748802055798894e+36,0.0,-0.0,-4.117990863154608e+36,-4148570368.0,1.4703830570899603e+22,0.0,3.582,0.0,0.0,0,1.3516416376850534e+27,226,0.0,452,0.0,-1.4035688898663253e+35,2112,52429,17109,0,17112,0,17096,0,0,0,101,100,100,0.0,66.9,-107615272.0,66.8,-0.0,66.5,1,49,50,180,39322,52429,0,0,0.0,0.0,0.0,60.0,-0.0,71.0,0.0,0.0,0.0,1068,0,1069,0,0,0,1069,0,1079,0,1000,0,668,0,670,0,665,0,683,0.032,1.4609821306377965e+22,-2.004,-0.0,20880,16814,-0.0,-2.3087863578607852e+20,6.618709788045497e+22,-2.349456726443735e+38,-2.3016767693862596e+31,0.0,50.0,60.0,35,0.0,0.0,10.0,2.0,0.0,0.0,0.0,0.0,0.0,0.0,0.0,0.0,0.0,0.0,0.0,0.0,58.8,53,12,65510,27,65476,0,300,0,0,8,20529,65476,0,0,30147,60.0,0.0,10.0,10.0,2.0,0.0
2026-02-16T12:54:58,ERR,ERR,ERR,ERR,ERR,ERR,ERR,ERR,ERR,ERR,ERR,ERR,ERR,ERR,ERR,ERR,ERR,ERR,ERR,ERR,ERR,ERR,ERR,ERR,ERR,ERR,ERR,ERR,ERR,ERR,ERR,ERR,ERR,ERR,ERR,ERR,ERR,ERR,ERR,ERR,ERR,ERR,ERR,ERR,ERR,ERR,ERR,ERR,ERR,ERR,ERR,ERR,ERR,ERR,ERR,ERR,ERR,ERR,ERR,ERR,ERR,ERR,ERR,ERR,ERR,ERR,ERR,ERR,ERR,ERR,ERR,ERR,ERR,ERR,ERR,ERR,ERR,ERR,ERR,ERR,ERR,ERR,ERR,ERR,ERR,ERR,ERR,ERR,ERR,ERR,ERR,ERR,ERR,ERR,ERR,ERR,ERR,ERR,ERR,ERR,ERR,ERR,ERR,ERR,ERR,ERR,ERR,ERR,ERR,ERR,ERR,ERR,ERR,ERR,ERR,ERR,ERR,ERR,ERR,ERR,ERR,ERR,ERR,ERR,ERR,0.0,2.7184527190102135e+23,-0.0,0.0,-0.031,-0.0,1.9855820473497048e+21,2.7149516294003233e+38,4300,0,8,17169,4300,0.0,41,0.0,0.0,0.0,0.0,2.7184166902131945e+23,0,0,0,0,0.0,0,0,0,0,0,0,0,0,0,0,0,0,0,0,0,0,0,0,0,0,0,0,0,0,0,0,0,0,0,0,0,0,0,11,37,37,48,65476,406,65476,1,0,4,21553,0.0,0.0,0.0,0.0,0.0,0.0,0.0,0.0,0.0,0.0,0.0,0.0,0.0,0.0,0.0,0.0,0.0,0.0,0.0,0.0,0.0,2.004,2.004,-0.0,-0.0,-3.69707618246192e+19,0.0,0.0,0.0,0.0,6600.0,-0.0,0.0,-107615880.0,2.7184527190102135e+23,2.7184503771384073e+23,107616272.0,-0.0,0.0,2.004,2.004,226,0.0,89221.031,0.0,0.0,0.0,0.0,0.0,0.0,0.0,0,0,0,-175302754304.0,0.0,2174952111341568.0,0.0,2.957393197659328e+34,-0.0,-1.1626864140201248e+28,1.0496572077429732e+24,-239897.109,-4.36722111236428e+36,-4438381056.0,1.56630612627325e+22,0.0,3.754,0.0,0.0,0,1.3516416376850534e+27,226,0.0,452,-621855232.0,-0.0,2112,52429,17109,0,17112,0,17096,0,0,0,101,100,100,0.0,66.9,-107615272.0,66.8,-0.0,66.5,1,49,50,180,39322,52429,0,0,0.0,0.0,0.0,60.0,-0.0,71.0,0.0,0.0,0.0,1068,0,1069,0,0,0,1069,0,1079,0,1000,0,668,0,670,0,665,0,683,0.032,1.4609821306377965e+22,-2.004,-0.0,20880,16814,-0.0,-2.3087863578607852e+20,6.618709788045497e+22,-2.349456726443735e+38,-2.3016767693862596e+31,0.0,50.0,60.0,35,0.0,0.0,10.0,2.0,0.0,0.0,0.0,0.0,0.0,0.0,0.0,0.0,0.0,0.0,0.0,0.0,58.8,53,12,65510,27,65476,0,300,0,0,8,20529,65476,0,0,30147,60.0,0.0,10.0,10.0,2.0,0.0
2026-02-16T12:54:59,ERR,ERR,ERR,ERR,ERR,ERR,ERR,ERR,ERR,ERR,ERR,ERR,ERR,ERR,ERR,ERR,ERR,ERR,ERR,ERR,ERR,ERR,ERR,ERR,ERR,ERR,ERR,ERR,ERR,ERR,ERR,ERR,ERR,ERR,ERR,ERR,ERR,ERR,ERR,ERR,ERR,ERR,ERR,ERR,ERR,ERR,ERR,ERR,ERR,ERR,ERR,ERR,ERR,ERR,ERR,ERR,ERR,ERR,ERR,ERR,ERR,ERR,ERR,ERR,ERR,ERR,ERR,ERR,ERR,ERR,ERR,ERR,ERR,ERR,ERR,ERR,ERR,ERR,ERR,ERR,ERR,ERR,ERR,ERR,ERR,ERR,ERR,ERR,ERR,ERR,ERR,ERR,ERR,ERR,ERR,ERR,ERR,ERR,ERR,ERR,ERR,ERR,ERR,ERR,ERR,ERR,ERR,ERR,ERR,ERR,ERR,ERR,ERR,ERR,ERR,ERR,ERR,ERR,ERR,ERR,ERR,ERR,ERR,ERR,ERR,0.0,2.7184527190102135e+23,-0.0,0.0,-0.031,-0.0,1.9855820473497048e+21,2.7149516294003233e+38,4300,0,8,17169,4300,0.0,41,0.0,0.0,0.0,0.0,2.7184166902131945e+23,0,0,0,0,0.0,0,0,0,0,0,0,0,0,0,0,0,0,0,0,0,0,0,0,0,0,0,0,0,0,0,0,0,0,0,0,0,0,0,11,37,37,48,65476,406,65476,1,0,4,21553,0.0,0.0,0.0,0.0,0.0,0.0,0.0,0.0,0.0,0.0,0.0,0.0,0.0,0.0,0.0,0.0,0.0,0.0,0.0,0.0,0.0,2.004,2.004,-0.0,-0.0,-3.69707618246192e+19,0.0,0.0,0.0,0.0,6600.0,-0.0,0.0,-107615880.0,2.7184527190102135e+23,2.7184503771384073e+23,107616272.0,-0.0,0.0,2.004,2.004,226,0.0,89221.031,0.0,0.0,0.0,0.0,0.0,0.0,0.0,0,0,0,-175302754304.0,0.0,2174952111341568.0,0.0,2.957393197659328e+34,-0.0,-1.1626864140201248e+28,1.0496572077429732e+24,-239897.109,-4.36722111236428e+36,-4438381056.0,1.56630612627325e+22,0.0,3.754,0.0,0.0,0,1.3516416376850534e+27,226,0.0,452,-621855232.0,-0.0,2112,52429,17109,0,17112,0,17096,0,0,0,101,100,100,0.0,66.9,-107615272.0,66.8,-0.0,66.5,1,49,50,180,39322,52429,0,0,0.0,0.0,0.0,60.0,-0.0,71.0,0.0,0.0,0.0,1068,0,1069,0,0,0,1069,0,1079,0,1000,0,668,0,670,0,665,0,683,0.032,1.4609821306377965e+22,-2.004,-0.0,20880,16814,-0.0,-2.3087863578607852e+20,6.618709788045497e+22,-2.349456726443735e+38,-2.3016767693862596e+31,0.0,50.0,60.0,35,0.0,0.0,10.0,2.0,0.0,0.0,0.0,0.0,0.0,0.0,0.0,0.0,0.0,0.0,0.0,0.0,58.8,53,12,65510,27,65476,0,300,0,0,8,20529,65476,0,0,30147,60.0,0.0,10.0,10.0,2.0,0.0
2026-02-16T12:55:00,ERR,ERR,ERR,ERR,ERR,ERR,ERR,ERR,ERR,ERR,ERR,ERR,ERR,ERR,ERR,ERR,ERR,ERR,ERR,ERR,ERR,ERR,ERR,ERR,ERR,ERR,ERR,ERR,ERR,ERR,ERR,ERR,ERR,ERR,ERR,ERR,ERR,ERR,ERR,ERR,ERR,ERR,ERR,ERR,ERR,ERR,ERR,ERR,ERR,ERR,ERR,ERR,ERR,ERR,ERR,ERR,ERR,ERR,ERR,ERR,ERR,ERR,ERR,ERR,ERR,ERR,ERR,ERR,ERR,ERR,ERR,ERR,ERR,ERR,ERR,ERR,ERR,ERR,ERR,ERR,ERR,ERR,ERR,ERR,ERR,ERR,ERR,ERR,ERR,ERR,ERR,ERR,ERR,ERR,ERR,ERR,ERR,ERR,ERR,ERR,ERR,ERR,ERR,ERR,ERR,ERR,ERR,ERR,ERR,ERR,ERR,ERR,ERR,ERR,ERR,ERR,ERR,ERR,ERR,ERR,ERR,ERR,ERR,ERR,ERR,0.0,2.7184527190102135e+23,-0.0,0.0,-0.031,-0.0,1.9855820473497048e+21,2.7149516294003233e+38,4300,0,8,17169,4300,0.0,41,0.0,0.0,0.0,0.0,2.7184166902131945e+23,0,0,0,0,0.0,0,0,0,0,0,0,0,0,0,0,0,0,0,0,0,0,0,0,0,0,0,0,0,0,0,0,0,0,0,0,0,0,0,11,37,37,48,65476,406,65476,1,0,4,21553,0.0,0.0,0.0,0.0,0.0,0.0,0.0,0.0,0.0,0.0,0.0,0.0,0.0,0.0,0.0,0.0,0.0,0.0,0.0,0.0,0.0,2.004,2.004,-0.0,-0.0,-3.69707618246192e+19,0.0,0.0,0.0,0.0,6600.0,-0.0,0.0,-107615880.0,2.7184527190102135e+23,2.7184503771384073e+23,107616272.0,-0.0,0.0,2.004,2.004,226,0.0,89221.031,0.0,0.0,0.0,0.0,0.0,0.0,0.0,0,0,0,-175302754304.0,0.0,2174952111341568.0,0.0,2.957393197659328e+34,-0.0,-1.1626864140201248e+28,1.0496572077429732e+24,-239897.109,-4.36722111236428e+36,-4438381056.0,1.56630612627325e+22,0.0,3.754,0.0,0.0,0,1.3516416376850534e+27,226,0.0,452,-621855232.0,-0.0,2112,52429,17109,52429,17111,0,17096,0,0,0,101,100,100,0.0,66.9,0.0,67.3,-0.0,66.5,1,49,50,180,39322,52429,0,0,0.0,0.0,0.0,60.0,7.05354767003073e+37,71.0,0.0,-9.987487758084683e+19,0.0,1068,0,1069,0,0,0,1069,0,1079,0,1000,0,668,0,669,0,665,0,683,0.032,1.4609821306377965e+22,-2.004,-0.0,26768,16814,-0.0,-2.882401433334036e+21,4.0605483061713787e+34,-43713424.0,0.0,582656.812,50.0,60.0,35,0.0,0.0,10.0,2.0,0.0,0.0,0.0,0.0,0.0,0.0,0.0,0.0,0.0,0.0,0.0,0.0,58.8,53,12,65510,27,65476,0,300,0,0,8,20529,65476,0,0,30147,60.0,0.0,10.0,10.0,2.0,0.0
2026-02-16T12:55:01,ERR,ERR,ERR,ERR,ERR,ERR,ERR,ERR,ERR,ERR,ERR,ERR,ERR,ERR,ERR,ERR,ERR,ERR,ERR,ERR,ERR,ERR,ERR,ERR,ERR,ERR,ERR,ERR,ERR,ERR,ERR,ERR,ERR,ERR,ERR,ERR,ERR,ERR,ERR,ERR,ERR,ERR,ERR,ERR,ERR,ERR,ERR,ERR,ERR,ERR,ERR,ERR,ERR,ERR,ERR,ERR,ERR,ERR,ERR,ERR,ERR,ERR,ERR,ERR,ERR,ERR,ERR,ERR,ERR,ERR,ERR,ERR,ERR,ERR,ERR,ERR,ERR,ERR,ERR,ERR,ERR,ERR,ERR,ERR,ERR,ERR,ERR,ERR,ERR,ERR,ERR,ERR,ERR,ERR,ERR,ERR,ERR,ERR,ERR,ERR,ERR,ERR,ERR,ERR,ERR,ERR,ERR,ERR,ERR,ERR,ERR,ERR,ERR,ERR,ERR,ERR,ERR,ERR,ERR,ERR,ERR,ERR,ERR,ERR,ERR,0.0,2.7184527190102135e+23,-0.0,0.0,-0.031,-0.0,1.9855820473497048e+21,2.7149516294003233e+38,4300,0,8,17169,4300,0.0,41,0.0,0.0,0.0,0.0,2.7184166902131945e+23,0,0,0,0,0.0,0,0,0,0,0,0,0,0,0,0,0,0,0,0,0,0,0,0,0,0,0,0,0,0,0,0,0,0,0,0,0,0,0,11,37,37,48,65476,406,65476,1,0,4,21553,0.0,0.0,0.0,0.0,0.0,0.0,0.0,0.0,0.0,0.0,0.0,0.0,0.0,0.0,0.0,0.0,0.0,0.0,0.0,0.0,0.0,2.004,2.004,-0.0,-0.0,-3.69707618246192e+19,0.0,0.0,0.0,0.0,6600.0,-0.0,0.0,-107615880.0,2.7184527190102135e+23,2.7184503771384073e+23,107616272.0,-0.0,0.0,2.004,2.004,226,0.0,89221.031,0.0,0.0,0.0,0.0,0.0,0.0,0.0,0,0,0,-175302754304.0,0.0,2174952111341568.0,0.0,2.957393197659328e+34,-0.0,-1.1626864140201248e+28,1.0496572077429732e+24,-239897.109,-4.36722111236428e+36,-4438381056.0,1.56630612627325e+22,0.0,3.754,0.0,0.0,0,1.3516416376850534e+27,226,0.0,452,-621855232.0,-0.0,2112,52429,17109,52429,17111,0,17096,0,0,0,101,100,100,0.0,66.9,0.0,67.3,-0.0,66.5,1,49,50,180,39322,52429,0,0,0.0,0.0,0.0,60.0,7.05354767003073e+37,71.0,0.0,-9.987487758084683e+19,0.0,1068,0,1069,0,0,0,1069,0,1079,0,1000,0,668,0,669,0,665,0,683,0.032,1.4609821306377965e+22,-2.004,-0.0,26768,16814,-0.0,-2.882401433334036e+21,4.0605483061713787e+34,-43713424.0,0.0,582656.812,50.0,60.0,35,0.0,0.0,10.0,2.0,0.0,0.0,0.0,0.0,0.0,0.0,0.0,0.0,0.0,0.0,0.0,0.0,59.2,53,12,65510,27,65476,0,300,0,0,8,20529,65476,0,0,30147,60.0,0.0,10.0,10.0,2.0,0.0
2026-02-16T12:55:02,ERR,ERR,ERR,ERR,ERR,ERR,ERR,ERR,ERR,ERR,ERR,ERR,ERR,ERR,ERR,ERR,ERR,ERR,ERR,ERR,ERR,ERR,ERR,ERR,ERR,ERR,ERR,ERR,ERR,ERR,ERR,ERR,ERR,ERR,ERR,ERR,ERR,ERR,ERR,ERR,ERR,ERR,ERR,ERR,ERR,ERR,ERR,ERR,ERR,ERR,ERR,ERR,ERR,ERR,ERR,ERR,ERR,ERR,ERR,ERR,ERR,ERR,ERR,ERR,ERR,ERR,ERR,ERR,ERR,ERR,ERR,ERR,ERR,ERR,ERR,ERR,ERR,ERR,ERR,ERR,ERR,ERR,ERR,ERR,ERR,ERR,ERR,ERR,ERR,ERR,ERR,ERR,ERR,ERR,ERR,ERR,ERR,ERR,ERR,ERR,ERR,ERR,ERR,ERR,ERR,ERR,ERR,ERR,ERR,ERR,ERR,ERR,ERR,ERR,ERR,ERR,ERR,ERR,ERR,ERR,ERR,ERR,ERR,ERR,ERR,0.0,2.7184527190102135e+23,-0.0,0.0,-0.031,-0.0,1.9855820473497048e+21,2.7149516294003233e+38,4300,0,8,17169,4300,0.0,41,0.0,0.0,0.0,0.0,2.7184166902131945e+23,0,0,0,0,0.0,0,0,0,0,0,0,0,0,0,0,0,0,0,0,0,0,0,0,0,0,0,0,0,0,0,0,0,0,0,0,0,0,0,11,37,37,48,65476,406,65476,1,0,4,21553,0.0,0.0,0.0,0.0,0.0,0.0,0.0,0.0,0.0,0.0,0.0,0.0,0.0,0.0,0.0,0.0,0.0,0.0,0.0,0.0,0.0,2.004,2.004,-0.0,-0.0,-3.69707618246192e+19,0.0,0.0,0.0,0.0,6600.0,-0.0,0.0,-107615880.0,2.7184527190102135e+23,2.7184503771384073e+23,107616272.0,-0.0,0.0,2.004,2.004,226,0.0,89221.031,0.0,0.0,0.0,0.0,0.0,0.0,0.0,0,0,0,-175302754304.0,0.0,2174952111341568.0,0.0,2.957393197659328e+34,-0.0,-1.1626864140201248e+28,1.0496572077429732e+24,-239897.109,-4.36722111236428e+36,-4438381056.0,1.56630612627325e+22,0.0,3.754,0.0,0.0,0,1.3516416376850534e+27,226,0.0,452,-621855232.0,-0.0,2112,52429,17109,52429,17111,0,17096,0,0,0,101,100,100,0.0,66.9,0.0,67.3,-0.0,66.5,1,49,50,180,39322,52429,0,0,0.0,0.0,0.0,60.0,7.05354767003073e+37,71.0,0.0,-9.987487758084683e+19,0.0,1068,0,1069,0,0,0,1069,0,1079,0,1000,0,668,0,669,0,665,0,683,0.032,1.4609821306377965e+22,-2.004,-0.0,26768,16814,-0.0,-2.882401433334036e+21,4.0605483061713787e+34,-43713424.0,0.0,582656.812,50.0,60.0,35,0.0,0.0,10.0,2.0,0.0,0.0,0.0,0.0,0.0,0.0,0.0,0.0,0.0,0.0,0.0,0.0,59.2,53,12,65510,27,65476,0,300,0,0,8,20529,65476,0,0,30147,60.0,0.0,10.0,10.0,2.0,0.0
2026-02-16T12:55:03,ERR,ERR,ERR,ERR,ERR,ERR,ERR,ERR,ERR,ERR,ERR,ERR,ERR,ERR,ERR,ERR,ERR,ERR,ERR,ERR,ERR,ERR,ERR,ERR,ERR,ERR,ERR,ERR,ERR,ERR,ERR,ERR,ERR,ERR,ERR,ERR,ERR,ERR,ERR,ERR,ERR,ERR,ERR,ERR,ERR,ERR,ERR,ERR,ERR,ERR,ERR,ERR,ERR,ERR,ERR,ERR,ERR,ERR,ERR,ERR,ERR,ERR,ERR,ERR,ERR,ERR,ERR,ERR,ERR,ERR,ERR,ERR,ERR,ERR,ERR,ERR,ERR,ERR,ERR,ERR,ERR,ERR,ERR,ERR,ERR,ERR,ERR,ERR,ERR,ERR,ERR,ERR,ERR,ERR,ERR,ERR,ERR,ERR,ERR,ERR,ERR,ERR,ERR,ERR,ERR,ERR,ERR,ERR,ERR,ERR,ERR,ERR,ERR,ERR,ERR,ERR,ERR,ERR,ERR,ERR,ERR,ERR,ERR,ERR,ERR,0.0,2.7184527190102135e+23,-0.0,0.0,-0.031,-0.0,0.0,-0.0,4300,0,8,17169,4300,0.0,41,0.0,0.0,0.0,0.0,2.7184166902131945e+23,0,0,0,0,0.0,0,0,0,0,0,0,0,0,0,0,0,0,0,0,0,0,0,0,0,0,0,0,0,0,0,0,0,0,0,0,0,0,0,11,37,37,48,65476,406,65476,1,0,4,21553,0.0,0.0,0.0,0.0,0.0,0.0,0.0,0.0,0.0,0.0,0.0,0.0,0.0,0.0,0.0,0.0,0.0,0.0,0.0,0.0,0.0,2.004,2.004,-0.0,-0.0,-3.69707618246192e+19,0.0,0.0,0.0,0.0,6601.0,-3.697208123857253e+19,0.0,0.0,2.7184527190102135e+23,2.7184503771384073e+23,107616272.0,-0.0,0.0,2.004,2.004,227,0.0,2.7184282194282406e+23,0.0,0.0,0.0,0.0,0.0,0.0,0.0,0,0,0,-0.0,-3.4480010600144603e+27,30705376.0,-4196317003776.0,1.4782333887469017e+30,0.012,0.0,-0.0,0.0,-4.637220549008091e+36,-4874588672.0,1.6548504978270559e+22,0.0,3.942,0.0,0.0,0,1.3516416376850534e+27,226,0.0,452,2.40156025918058e+36,-0.0,2112,52429,17109,52429,17111,0,17096,0,0,0,101,100,100,0.0,66.9,0.0,67.3,-0.0,66.5,1,49,50,180,39322,52429,0,0,0.0,0.0,0.0,60.0,7.05354767003073e+37,71.0,0.0,-9.987487758084683e+19,0.0,1068,0,1069,0,0,0,1069,0,1079,0,1000,0,668,0,669,0,665,0,683,0.032,1.4609821306377965e+22,-2.004,-0.0,26768,16814,-0.0,-2.882401433334036e+21,4.0605483061713787e+34,-43713424.0,0.0,582656.812,50.0,60.0,35,0.0,0.0,10.0,2.0,0.0,0.0,0.0,0.0,0.0,0.0,0.0,0.0,0.0,0.0,0.0,0.0,58.8,53,12,65510,27,65476,0,300,0,0,8,20529,65476,0,0,30147,60.0,0.0,10.0,10.0,2.0,0.0
2026-02-16T12:55:04,ERR,ERR,ERR,ERR,ERR,ERR,ERR,ERR,ERR,ERR,ERR,ERR,ERR,ERR,ERR,ERR,ERR,ERR,ERR,ERR,ERR,ERR,ERR,ERR,ERR,ERR,ERR,ERR,ERR,ERR,ERR,ERR,ERR,ERR,ERR,ERR,ERR,ERR,ERR,ERR,ERR,ERR,ERR,ERR,ERR,ERR,ERR,ERR,ERR,ERR,ERR,ERR,ERR,ERR,ERR,ERR,ERR,ERR,ERR,ERR,ERR,ERR,ERR,ERR,ERR,ERR,ERR,ERR,ERR,ERR,ERR,ERR,ERR,ERR,ERR,ERR,ERR,ERR,ERR,ERR,ERR,ERR,ERR,ERR,ERR,ERR,ERR,ERR,ERR,ERR,ERR,ERR,ERR,ERR,ERR,ERR,ERR,ERR,ERR,ERR,ERR,ERR,ERR,ERR,ERR,ERR,ERR,ERR,ERR,ERR,ERR,ERR,ERR,ERR,ERR,ERR,ERR,ERR,ERR,ERR,ERR,ERR,ERR,ERR,ERR,0.0,2.7184527190102135e+23,-0.0,0.0,-0.031,-0.0,0.0,-0.0,4300,0,8,17169,4300,0.0,41,0.0,0.0,0.0,0.0,2.7184166902131945e+23,0,0,0,0,0.0,0,0,0,0,0,0,0,0,0,0,0,0,0,0,0,0,0,0,0,0,0,0,0,0,0,0,0,0,0,0,0,0,0,11,37,37,48,65476,406,65476,1,0,4,21553,0.0,0.0,0.0,0.0,0.0,0.0,0.0,0.0,0.0,0.0,0.0,0.0,0.0,0.0,0.0,0.0,0.0,0.0,0.0,0.0,0.0,2.004,2.004,-0.0,-0.0,-3.69707618246192e+19,0.0,0.0,0.0,0.0,6601.0,-3.697208123857253e+19,0.0,0.0,2.7184527190102135e+23,2.7184503771384073e+23,107616272.0,-0.0,0.0,2.004,2.004,227,0.0,2.7184282194282406e+23,0.0,0.0,0.0,0.0,0.0,0.0,0.0,0,0,0,-0.0,-3.4480010600144603e+27,30705376.0,-4196317003776.0,1.4782333887469017e+30,0.012,0.0,-0.0,0.0,-4.637220549008091e+36,-4874588672.0,1.6548504978270559e+22,0.0,3.942,0.0,0.0,0,1.3516416376850534e+27,226,0.0,452,2.40156025918058e+36,-0.0,2112,52429,17109,52429,17111,0,17096,0,0,0,101,100,100,0.0,66.9,-107615272.0,66.8,-0.0,66.5,1,49,50,180,39322,52429,0,0,0.0,0.0,0.0,60.0,-0.0,71.0,0.0,0.004,0.0,1068,0,1069,0,0,0,1069,0,1079,0,1000,0,668,0,669,0,665,0,683,0.032,1.4609821306377965e+22,0.0,-107615296.0,23952,16814,-0.0,0.004,-0.0,65078300770304.0,1.025,8.925557505769876e+29,50.0,60.0,35,0.0,0.0,10.0,2.0,0.0,0.0,0.0,0.0,0.0,0.0,0.0,0.0,0.0,0.0,0.0,0.0,58.8,53,12,65510,27,65476,0,300,0,0,8,20529,65476,0,0,30147,60.0,0.0,10.0,10.0,2.0,0.0
2026-02-16T12:55:05,ERR,ERR,ERR,ERR,ERR,ERR,ERR,ERR,ERR,ERR,ERR,ERR,ERR,ERR,ERR,ERR,ERR,ERR,ERR,ERR,ERR,ERR,ERR,ERR,ERR,ERR,ERR,ERR,ERR,ERR,ERR,ERR,ERR,ERR,ERR,ERR,ERR,ERR,ERR,ERR,ERR,ERR,ERR,ERR,ERR,ERR,ERR,ERR,ERR,ERR,ERR,ERR,ERR,ERR,ERR,ERR,ERR,ERR,ERR,ERR,ERR,ERR,ERR,ERR,ERR,ERR,ERR,ERR,ERR,ERR,ERR,ERR,ERR,ERR,ERR,ERR,ERR,ERR,ERR,ERR,ERR,ERR,ERR,ERR,ERR,ERR,ERR,ERR,ERR,ERR,ERR,ERR,ERR,ERR,ERR,ERR,ERR,ERR,ERR,ERR,ERR,ERR,ERR,ERR,ERR,ERR,ERR,ERR,ERR,ERR,ERR,ERR,ERR,ERR,ERR,ERR,ERR,ERR,ERR,ERR,ERR,ERR,ERR,ERR,ERR,0.0,2.7184527190102135e+23,-0.0,0.0,-0.031,-0.0,0.0,-0.0,4300,0,8,17169,4300,0.0,41,0.0,0.0,0.0,0.0,2.7184166902131945e+23,0,0,0,0,0.0,0,0,0,0,0,0,0,0,0,0,0,0,0,0,0,0,0,0,0,0,0,0,0,0,0,0,0,0,0,0,0,0,0,11,37,37,48,65476,406,65476,1,0,4,21553,0.0,0.0,0.0,0.0,0.0,0.0,0.0,0.0,0.0,0.0,0.0,0.0,0.0,0.0,0.0,0.0,0.0,0.0,0.0,0.0,0.0,2.004,2.004,-0.0,-0.0,-3.69707618246192e+19,0.0,0.0,0.0,0.0,6601.0,-3.697208123857253e+19,0.0,0.0,2.7184527190102135e+23,2.7184503771384073e+23,107616272.0,-0.0,0.0,2.004,2.004,227,0.0,2.7184282194282406e+23,0.0,0.0,0.0,0.0,0.0,0.0,0.0,0,0,0,-0.0,-3.4480010600144603e+27,30705376.0,-4196317003776.0,1.4782333887469017e+30,0.012,0.0,-0.0,0.0,-4.637220549008091e+36,-4874588672.0,1.6548504978270559e+22,0.0,3.942,0.0,0.0,0,1.3516416376850534e+27,226,0.0,452,2.40156025918058e+36,-0.0,2112,52429,17109,52429,17111,0,17096,0,0,0,101,100,100,0.0,66.9,-107615272.0,66.8,-0.0,66.5,1,49,50,180,39322,52429,0,0,0.0,0.0,0.0,60.0,-0.0,71.0,0.0,0.004,0.0,1068,0,1069,0,0,0,1069,0,1079,0,1000,0,668,0,669,0,665,0,683,0.032,1.4609821306377965e+22,0.0,-107615296.0,23952,16814,-0.0,0.004,-0.0,65078300770304.0,1.025,8.925557505769876e+29,50.0,60.0,35,0.0,0.0,10.0,2.0,0.0,0.0,0.0,0.0,0.0,0.0,0.0,0.0,0.0,0.0,0.0,0.0,58.8,53,12,65510,27,65476,0,300,0,0,8,20529,65476,0,0,30147,60.0,0.0,10.0,10.0,2.0,0.0
2026-02-16T12:55:06,ERR,ERR,ERR,ERR,ERR,ERR,ERR,ERR,ERR,ERR,ERR,ERR,ERR,ERR,ERR,ERR,ERR,ERR,ERR,ERR,ERR,ERR,ERR,ERR,ERR,ERR,ERR,ERR,ERR,ERR,ERR,ERR,ERR,ERR,ERR,ERR,ERR,ERR,ERR,ERR,ERR,ERR,ERR,ERR,ERR,ERR,ERR,ERR,ERR,ERR,ERR,ERR,ERR,ERR,ERR,ERR,ERR,ERR,ERR,ERR,ERR,ERR,ERR,ERR,ERR,ERR,ERR,ERR,ERR,ERR,ERR,ERR,ERR,ERR,ERR,ERR,ERR,ERR,ERR,ERR,ERR,ERR,ERR,ERR,ERR,ERR,ERR,ERR,ERR,ERR,ERR,ERR,ERR,ERR,ERR,ERR,ERR,ERR,ERR,ERR,ERR,ERR,ERR,ERR,ERR,ERR,ERR,ERR,ERR,ERR,ERR,ERR,ERR,ERR,ERR,ERR,ERR,ERR,ERR,ERR,ERR,ERR,ERR,ERR,ERR,0.0,2.7184527190102135e+23,-0.0,0.0,-0.031,-0.0,0.0,-0.0,4300,0,8,17169,4300,0.0,41,0.0,0.0,0.0,0.0,2.7184166902131945e+23,0,0,0,0,0.0,0,0,0,0,0,0,0,0,0,0,0,0,0,0,0,0,0,0,0,0,0,0,0,0,0,0,0,0,0,0,0,0,0,11,37,37,48,65476,406,65476,1,0,4,21553,0.0,0.0,0.0,0.0,0.0,0.0,0.0,0.0,0.0,0.0,0.0,0.0,0.0,0.0,0.0,0.0,0.0,0.0,0.0,0.0,0.0,2.004,2.004,-0.0,-0.0,-3.69707618246192e+19,0.0,0.0,0.0,0.0,6601.0,-3.697208123857253e+19,0.0,0.0,2.7184527190102135e+23,2.7184503771384073e+23,107616272.0,-0.0,0.0,2.004,2.004,227,0.0,2.7184282194282406e+23,0.0,0.0,0.0,0.0,0.0,0.0,0.0,0,0,0,-0.0,-3.4480010600144603e+27,30705376.0,-4196317003776.0,1.4782333887469017e+30,0.012,0.0,-0.0,0.0,-4.637220549008091e+36,-4874588672.0,1.6548504978270559e+22,0.0,3.942,0.0,0.0,0,1.3516416376850534e+27,226,0.0,452,2.40156025918058e+36,-0.0,2112,52429,17109,52429,17111,0,17096,0,0,0,101,100,100,0.0,66.9,-107615272.0,66.8,-0.0,66.5,1,49,50,180,39322,52429,0,0,0.0,0.0,0.0,60.0,-0.0,71.0,0.0,0.004,0.0,1068,0,1069,0,0,0,1069,0,1079,0,1000,0,668,0,669,0,665,0,683,0.032,1.4609821306377965e+22,0.0,-107615296.0,23952,16814,-0.0,0.004,-0.0,65078300770304.0,1.025,8.925557505769876e+29,50.0,60.0,35,0.0,0.0,10.0,2.0,0.0,0.0,0.0,0.0,0.0,0.0,0.0,0.0,0.0,0.0,0.0,0.0,58.8,53,12,65510,27,65476,0,300,0,0,8,20529,65476,0,0,30147,60.0,0.0,10.0,10.0,2.0,0.0
2026-02-16T12:55:07,ERR,ERR,ERR,ERR,ERR,ERR,ERR,ERR,ERR,ERR,ERR,ERR,ERR,ERR,ERR,ERR,ERR,ERR,ERR,ERR,ERR,ERR,ERR,ERR,ERR,ERR,ERR,ERR,ERR,ERR,ERR,ERR,ERR,ERR,ERR,ERR,ERR,ERR,ERR,ERR,ERR,ERR,ERR,ERR,ERR,ERR,ERR,ERR,ERR,ERR,ERR,ERR,ERR,ERR,ERR,ERR,ERR,ERR,ERR,ERR,ERR,ERR,ERR,ERR,ERR,ERR,ERR,ERR,ERR,ERR,ERR,ERR,ERR,ERR,ERR,ERR,ERR,ERR,ERR,ERR,ERR,ERR,ERR,ERR,ERR,ERR,ERR,ERR,ERR,ERR,ERR,ERR,ERR,ERR,ERR,ERR,ERR,ERR,ERR,ERR,ERR,ERR,ERR,ERR,ERR,ERR,ERR,ERR,ERR,ERR,ERR,ERR,ERR,ERR,ERR,ERR,ERR,ERR,ERR,ERR,ERR,ERR,ERR,ERR,ERR,0.0,2.7184527190102135e+23,-0.0,0.0,-0.031,-0.0,0.0,-0.0,4300,0,8,17169,4300,0.0,41,0.0,0.0,0.0,0.0,2.7184166902131945e+23,0,0,0,0,0.0,0,0,0,0,0,0,0,0,0,0,0,0,0,0,0,0,0,0,0,0,0,0,0,0,0,0,0,0,0,0,0,0,0,11,37,37,48,65476,406,65476,1,0,4,21553,0.0,0.0,0.0,0.0,0.0,0.0,0.0,0.0,0.0,0.0,0.0,0.0,0.0,0.0,0.0,0.0,0.0,0.0,0.0,0.0,0.0,2.004,2.004,-0.0,-0.0,-3.69707618246192e+19,0.0,0.0,0.0,0.0,6601.0,-3.697208123857253e+19,0.0,0.0,2.7184527190102135e+23,2.7184503771384073e+23,107616272.0,-0.0,0.0,2.004,2.004,227,0.0,2.7184282194282406e+23,0.0,0.0,0.0,0.0,0.0,0.0,0.0,0,0,0,-0.0,-3.4480010600144603e+27,30705376.0,-4196317003776.0,1.4782333887469017e+30,0.012,0.0,-0.0,0.0,-4.637220549008091e+36,-4874588672.0,1.6548504978270559e+22,0.0,3.942,0.0,0.0,0,1.3516416376850534e+27,226,0.0,452,2.40156025918058e+36,-0.0,2112,52429,17109,52429,17111,0,17096,0,0,0,101,100,100,0.0,66.9,-107615272.0,66.8,-0.0,66.5,1,49,50,180,39322,52429,0,0,0.0,0.0,0.0,60.0,-0.0,71.0,0.0,0.005,0.0,1068,0,1069,0,0,0,1069,0,1079,0,1000,0,668,0,670,0,665,0,683,0.032,1.4609821306377965e+22,-2.004,-0.0,37008,16814,-0.0,4.04365168117076e+23,-3.5648445512434393e+21,-3116.055,-0.0,-0.0,50.0,60.0,35,0.0,0.0,10.0,2.0,0.0,0.0,0.0,0.0,0.0,0.0,0.0,0.0,0.0,0.0,0.0,0.0,58.8,53,12,65510,27,65476,0,300,0,0,8,20529,65476,0,0,30147,60.0,0.0,10.0,10.0,2.0,0.0
2026-02-16T12:55:08,ERR,ERR,ERR,ERR,ERR,ERR,ERR,ERR,ERR,ERR,ERR,ERR,ERR,ERR,ERR,ERR,ERR,ERR,ERR,ERR,ERR,ERR,ERR,ERR,ERR,ERR,ERR,ERR,ERR,ERR,ERR,ERR,ERR,ERR,ERR,ERR,ERR,ERR,ERR,ERR,ERR,ERR,ERR,ERR,ERR,ERR,ERR,ERR,ERR,ERR,ERR,ERR,ERR,ERR,ERR,ERR,ERR,ERR,ERR,ERR,ERR,ERR,ERR,ERR,ERR,ERR,ERR,ERR,ERR,ERR,ERR,ERR,ERR,ERR,ERR,ERR,ERR,ERR,ERR,ERR,ERR,ERR,ERR,ERR,ERR,ERR,ERR,ERR,ERR,ERR,ERR,ERR,ERR,ERR,ERR,ERR,ERR,ERR,ERR,ERR,ERR,ERR,ERR,ERR,ERR,ERR,ERR,ERR,ERR,ERR,ERR,ERR,ERR,ERR,ERR,ERR,ERR,ERR,ERR,ERR,ERR,ERR,ERR,ERR,ERR,-107615880.0,2.7184527190102135e+23,nan,0.0,0.0,-0.0,3.826908767843733e+26,-4.17358063175139e+21,4300,0,8,17169,4300,0.0,41,0.0,0.0,0.0,0.0,2.7184166902131945e+23,0,0,0,0,0.0,0,0,0,0,0,0,0,0,0,0,0,0,0,0,0,0,0,0,0,0,0,0,0,0,0,0,0,0,0,0,0,0,0,11,37,37,48,65476,407,65476,1,0,4,21553,0.0,0.0,0.0,0.0,0.0,0.0,0.0,0.0,0.0,0.0,0.0,0.0,0.0,0.0,0.0,0.0,0.0,0.0,0.0,0.0,0.0,2.004,2.004,-0.0,-0.0,-2.004,0.0,0.0,0.0,0.0,6607.0,-564149188820992.0,0.0,0.0,-0.0,2.7184503771384073e+23,0.0,0.0,0.0,2.004,2.004,227,89220.562,2.308838606653337e+20,0.0,0.0,0.0,0.0,0.0,0.0,0.0,0,0,0,-0.0,0.0,3.332,-0.0,3.325112140955648e+16,-304.515,6344.759,-0.0,0.0,-4.907219985651902e+36,-5243687424.0,1.7433948693808617e+22,0.0,4.259,0.0,0.0,0,1.3516416376850534e+27,226,0.0,452,2.40156025918058e+36,-0.0,2112,52429,17109,52429,17111,0,17096,0,0,0,101,100,100,0.0,66.9,-107615272.0,66.8,-0.0,66.5,1,49,50,180,39322,52429,0,0,0.0,0.0,0.0,60.0,-0.0,71.0,0.0,0.005,0.0,1068,0,1069,0,0,0,1069,0,1079,0,1000,0,668,0,670,0,665,0,683,0.032,1.4609821306377965e+22,-2.004,-0.0,37008,16814,-0.0,4.04365168117076e+23,-3.5648445512434393e+21,-3116.055,-0.0,-0.0,50.0,60.0,35,0.0,0.0,10.0,2.0,0.0,0.0,0.0,0.0,0.0,0.0,0.0,0.0,0.0,0.0,0.0,0.0,58.8,53,12,65510,27,65476,0,300,0,0,8,20529,65476,0,0,30147,60.0,0.0,10.0,10.0,2.0,0.0
2026-02-16T12:55:09,ERR,ERR,ERR,ERR,ERR,ERR,ERR,ERR,ERR,ERR,ERR,ERR,ERR,ERR,ERR,ERR,ERR,ERR,ERR,ERR,ERR,ERR,ERR,ERR,ERR,ERR,ERR,ERR,ERR,ERR,ERR,ERR,ERR,ERR,ERR,ERR,ERR,ERR,ERR,ERR,ERR,ERR,ERR,ERR,ERR,ERR,ERR,ERR,ERR,ERR,ERR,ERR,ERR,ERR,ERR,ERR,ERR,ERR,ERR,ERR,ERR,ERR,ERR,ERR,ERR,ERR,ERR,ERR,ERR,ERR,ERR,ERR,ERR,ERR,ERR,ERR,ERR,ERR,ERR,ERR,ERR,ERR,ERR,ERR,ERR,ERR,ERR,ERR,ERR,ERR,ERR,ERR,ERR,ERR,ERR,ERR,ERR,ERR,ERR,ERR,ERR,ERR,ERR,ERR,ERR,ERR,ERR,ERR,ERR,ERR,ERR,ERR,ERR,ERR,ERR,ERR,ERR,ERR,ERR,ERR,ERR,ERR,ERR,ERR,ERR,-107615880.0,2.7184527190102135e+23,nan,0.0,0.0,-0.0,3.826908767843733e+26,-4.17358063175139e+21,4300,0,8,17169,4300,0.0,41,0.0,0.0,0.0,0.0,2.7184166902131945e+23,0,0,0,0,0.0,0,0,0,0,0,0,0,0,0,0,0,0,0,0,0,0,0,0,0,0,0,0,0,0,0,0,0,0,0,0,0,0,0,11,37,37,48,65476,407,65476,1,0,4,21553,0.0,0.0,0.0,0.0,0.0,0.0,0.0,0.0,0.0,0.0,0.0,0.0,0.0,0.0,0.0,0.0,0.0,0.0,0.0,0.0,0.0,2.004,2.004,-0.0,-0.0,-2.004,0.0,0.0,0.0,0.0,6607.0,-564149188820992.0,0.0,0.0,-0.0,2.7184503771384073e+23,0.0,0.0,0.0,2.004,2.004,227,89220.562,2.308838606653337e+20,0.0,0.0,0.0,0.0,0.0,0.0,0.0,0,0,0,-0.0,0.0,3.332,-0.0,3.325112140955648e+16,-304.515,6344.759,-0.0,0.0,-4.907219985651902e+36,-5243687424.0,1.7433948693808617e+22,0.0,4.259,0.0,0.0,0,1.3516416376850534e+27,226,0.0,452,2.40156025918058e+36,-0.0,2112,52429,17109,52429,17111,0,17096,0,0,0,101,100,100,0.0,66.9,-107615272.0,66.8,-0.0,66.5,1,49,50,180,39322,52429,0,0,0.0,0.0,0.0,60.0,-0.0,71.0,0.0,0.005,0.0,1068,0,1069,0,0,0,1069,0,1079,0,1000,0,668,0,670,0,665,0,683,0.032,1.4609821306377965e+22,-2.004,-0.0,37008,16814,-0.0,4.04365168117076e+23,-3.5648445512434393e+21,-3116.055,-0.0,-0.0,50.0,60.0,35,0.0,0.0,10.0,2.0,0.0,0.0,0.0,0.0,0.0,0.0,0.0,0.0,0.0,0.0,0.0,0.0,58.8,53,12,65510,27,65476,0,300,0,0,8,20529,65476,0,0,30147,60.0,0.0,10.0,10.0,2.0,0.0
2026-02-16T12:55:10,ERR,ERR,ERR,ERR,ERR,ERR,ERR,ERR,ERR,ERR,ERR,ERR,ERR,ERR,ERR,ERR,ERR,ERR,ERR,ERR,ERR,ERR,ERR,ERR,ERR,ERR,ERR,ERR,ERR,ERR,ERR,ERR,ERR,ERR,ERR,ERR,ERR,ERR,ERR,ERR,ERR,ERR,ERR,ERR,ERR,ERR,ERR,ERR,ERR,ERR,ERR,ERR,ERR,ERR,ERR,ERR,ERR,ERR,ERR,ERR,ERR,ERR,ERR,ERR,ERR,ERR,ERR,ERR,ERR,ERR,ERR,ERR,ERR,ERR,ERR,ERR,ERR,ERR,ERR,ERR,ERR,ERR,ERR,ERR,ERR,ERR,ERR,ERR,ERR,ERR,ERR,ERR,ERR,ERR,ERR,ERR,ERR,ERR,ERR,ERR,ERR,ERR,ERR,ERR,ERR,ERR,ERR,ERR,ERR,ERR,ERR,ERR,ERR,ERR,ERR,ERR,ERR,ERR,ERR,ERR,ERR,ERR,ERR,ERR,ERR,-107615880.0,2.7184527190102135e+23,nan,0.0,0.0,-0.0,3.826908767843733e+26,-4.17358063175139e+21,4300,0,8,17169,4300,0.0,41,0.0,0.0,0.0,0.0,2.7184166902131945e+23,0,0,0,0,0.0,0,0,0,0,0,0,0,0,0,0,0,0,0,0,0,0,0,0,0,0,0,0,0,0,0,0,0,0,0,0,0,0,0,11,37,37,48,65476,407,65476,1,0,4,21553,0.0,0.0,0.0,0.0,0.0,0.0,0.0,0.0,0.0,0.0,0.0,0.0,0.0,0.0,0.0,0.0,0.0,0.0,0.0,0.0,0.0,2.004,2.004,-0.0,-0.0,-2.004,0.0,0.0,0.0,0.0,6607.0,-564149188820992.0,0.0,0.0,-0.0,2.7184503771384073e+23,0.0,0.0,0.0,2.004,2.004,227,89220.562,2.308838606653337e+20,0.0,0.0,0.0,0.0,0.0,0.0,0.0,0,0,0,-0.0,0.0,3.332,-0.0,3.325112140955648e+16,-304.515,6344.759,-0.0,0.0,-4.907219985651902e+36,-5243687424.0,1.7433948693808617e+22,0.0,4.259,0.0,0.0,0,1.3516416376850534e+27,226,0.0,452,2.40156025918058e+36,-0.0,2112,52429,17109,52429,17111,0,17096,0,0,0,101,100,100,0.0,66.9,-107615272.0,66.8,-0.0,66.5,1,49,50,180,39322,52429,0,0,0.0,0.0,0.0,60.0,-0.0,71.0,0.0,0.005,0.0,1068,0,1069,0,0,0,1069,0,1079,0,1000,0,668,0,670,0,665,0,683,0.032,1.4609821306377965e+22,-2.004,-0.0,37008,16814,-0.0,4.04365168117076e+23,-3.5648445512434393e+21,-3116.055,-0.0,-0.0,50.0,60.0,35,0.0,0.0,10.0,2.0,0.0,0.0,0.0,0.0,0.0,0.0,0.0,0.0,0.0,0.0,0.0,0.0,58.8,53,12,65510,27,65476,0,300,0,0,8,20529,65476,0,0,30147,60.0,0.0,10.0,10.0,2.0,0.0
2026-02-16T12:55:11,ERR,ERR,ERR,ERR,ERR,ERR,ERR,ERR,ERR,ERR,ERR,ERR,ERR,ERR,ERR,ERR,ERR,ERR,ERR,ERR,ERR,ERR,ERR,ERR,ERR,ERR,ERR,ERR,ERR,ERR,ERR,ERR,ERR,ERR,ERR,ERR,ERR,ERR,ERR,ERR,ERR,ERR,ERR,ERR,ERR,ERR,ERR,ERR,ERR,ERR,ERR,ERR,ERR,ERR,ERR,ERR,ERR,ERR,ERR,ERR,ERR,ERR,ERR,ERR,ERR,ERR,ERR,ERR,ERR,ERR,ERR,ERR,ERR,ERR,ERR,ERR,ERR,ERR,ERR,ERR,ERR,ERR,ERR,ERR,ERR,ERR,ERR,ERR,ERR,ERR,ERR,ERR,ERR,ERR,ERR,ERR,ERR,ERR,ERR,ERR,ERR,ERR,ERR,ERR,ERR,ERR,ERR,ERR,ERR,ERR,ERR,ERR,ERR,ERR,ERR,ERR,ERR,ERR,ERR,ERR,ERR,ERR,ERR,ERR,ERR,-107615880.0,2.7184527190102135e+23,nan,0.0,0.0,-0.0,3.826908767843733e+26,-4.17358063175139e+21,4300,0,8,17169,4300,0.0,41,0.0,0.0,0.0,0.0,2.7184166902131945e+23,0,0,0,0,0.0,0,0,0,0,0,0,0,0,0,0,0,0,0,0,0,0,0,0,0,0,0,0,0,0,0,0,0,0,0,0,0,0,0,11,37,37,48,65476,407,65476,1,0,4,21553,0.0,0.0,0.0,0.0,0.0,0.0,0.0,0.0,0.0,0.0,0.0,0.0,0.0,0.0,0.0,0.0,0.0,0.0,0.0,0.0,0.0,2.004,2.004,-0.0,-0.0,-2.004,0.0,0.0,0.0,0.0,6607.0,-564149188820992.0,0.0,0.0,-0.0,2.7184503771384073e+23,0.0,0.0,0.0,2.004,2.004,227,89220.562,2.308838606653337e+20,0.0,0.0,0.0,0.0,0.0,0.0,0.0,0,0,0,-0.0,0.0,3.332,-0.0,3.325112140955648e+16,-304.515,6344.759,-0.0,0.0,-4.907219985651902e+36,-5243687424.0,1.7433948693808617e+22,0.0,4.259,0.0,0.0,0,1.3516416376850534e+27,226,0.0,452,2.40156025918058e+36,-0.0,2112,52429,17109,0,17112,0,17096,0,0,0,101,100,100,0.0,66.5,0.0,67.3,-0.0,66.5,1,49,50,180,39322,52429,0,0,0.0,0.0,0.0,60.0,-0.0,71.0,0.0,-0.0,0.0,1068,0,1069,0,0,0,1069,0,1079,0,1000,0,668,0,669,0,665,0,682,0.032,1.4462247353788288e+22,-2.004,-0.0,30608,16814,-0.0,-0.0,0.0,0.0,-41.564,-3886948810752.0,50.0,60.0,35,0.0,0.0,10.0,2.0,0.0,0.0,0.0,0.0,0.0,0.0,0.0,0.0,0.0,0.0,0.0,0.0,58.8,53,12,65510,27,65476,0,300,0,0,8,20529,65476,0,0,30147,60.0,0.0,10.0,10.0,2.0,0.0
2026-02-16T12:55:12,ERR,ERR,ERR,ERR,ERR,ERR,ERR,ERR,ERR,ERR,ERR,ERR,ERR,ERR,ERR,ERR,ERR,ERR,ERR,ERR,ERR,ERR,ERR,ERR,ERR,ERR,ERR,ERR,ERR,ERR,ERR,ERR,ERR,ERR,ERR,ERR,ERR,ERR,ERR,ERR,ERR,ERR,ERR,ERR,ERR,ERR,ERR,ERR,ERR,ERR,ERR,ERR,ERR,ERR,ERR,ERR,ERR,ERR,ERR,ERR,ERR,ERR,ERR,ERR,ERR,ERR,ERR,ERR,ERR,ERR,ERR,ERR,ERR,ERR,ERR,ERR,ERR,ERR,ERR,ERR,ERR,ERR,ERR,ERR,ERR,ERR,ERR,ERR,ERR,ERR,ERR,ERR,ERR,ERR,ERR,ERR,ERR,ERR,ERR,ERR,ERR,ERR,ERR,ERR,ERR,ERR,ERR,ERR,ERR,ERR,ERR,ERR,ERR,ERR,ERR,ERR,ERR,ERR,ERR,ERR,ERR,ERR,ERR,ERR,ERR,0.0,-0.0,0.0,0.0,0.0,-7.187920162652315e+28,-14370553.0,-0.0,4300,0,8,17169,4300,0.0,41,0.0,0.0,0.0,0.0,2.7184166902131945e+23,0,0,0,0,0.0,0,0,0,0,0,0,0,0,0,0,0,0,0,0,0,0,0,0,0,0,0,0,0,0,0,0,0,0,0,0,0,0,0,10,38,37,48,65476,407,65476,1,0,4,21553,0.0,0.0,0.0,0.0,0.0,0.0,0.0,0.0,0.0,0.0,0.0,0.0,0.0,0.0,0.0,0.0,0.0,0.0,0.0,0.0,0.0,2.004,2.004,-0.0,-0.0,-2.004,0.0,0.0,0.0,0.0,6609.0,-131351.219,0.0,0.0,-0.0,-0.0,0.0,0.0,0.0,2.004,2.004,226,1.9056859227671757e+17,152018287067136.0,0.0,0.0,0.0,0.0,0.0,0.0,0.0,0,0,0,-0.0,-2.626607274724321e+19,0.0,-131671785472.0,0.0,-1.7439680974493526e+26,836705.125,0.0,3.353303760513877e+38,-5.156450234861574e+36,-5679895040.0,1.8393179385641514e+22,0.0,4.634,0.0,-1.4914462225997978e+31,0,1.3516416376850534e+27,226,0.0,452,0.0,-20512.51,2112,52429,17109,0,17112,0,17096,0,0,0,101,100,100,0.0,66.5,0.0,67.3,-0.0,66.5,1,49,50,180,39322,52429,0,0,0.0,0.0,0.0,60.0,-0.0,71.0,0.0,-0.0,0.0,1068,0,1069,0,0,0,1069,0,1079,0,1000,0,668,0,669,0,665,0,682,0.032,1.4462247353788288e+22,-2.004,-0.0,30608,16814,-0.0,-0.0,0.0,0.0,-41.564,-3886948810752.0,50.0,60.0,35,0.0,0.0,10.0,2.0,0.0,0.0,0.0,0.0,0.0,0.0,0.0,0.0,0.0,0.0,0.0,0.0,58.8,53,12,65510,27,65476,0,300,0,0,8,20529,65476,0,0,30147,60.0,0.0,10.0,10.0,2.0,0.0
2026-02-16T12:55:13,ERR,ERR,ERR,ERR,ERR,ERR,ERR,ERR,ERR,ERR,ERR,ERR,ERR,ERR,ERR,ERR,ERR,ERR,ERR,ERR,ERR,ERR,ERR,ERR,ERR,ERR,ERR,ERR,ERR,ERR,ERR,ERR,ERR,ERR,ERR,ERR,ERR,ERR,ERR,ERR,ERR,ERR,ERR,ERR,ERR,ERR,ERR,ERR,ERR,ERR,ERR,ERR,ERR,ERR,ERR,ERR,ERR,ERR,ERR,ERR,ERR,ERR,ERR,ERR,ERR,ERR,ERR,ERR,ERR,ERR,ERR,ERR,ERR,ERR,ERR,ERR,ERR,ERR,ERR,ERR,ERR,ERR,ERR,ERR,ERR,ERR,ERR,ERR,ERR,ERR,ERR,ERR,ERR,ERR,ERR,ERR,ERR,ERR,ERR,ERR,ERR,ERR,ERR,ERR,ERR,ERR,ERR,ERR,ERR,ERR,ERR,ERR,ERR,ERR,ERR,ERR,ERR,ERR,ERR,ERR,ERR,ERR,ERR,ERR,ERR,0.0,-0.0,0.0,0.0,0.0,-7.187920162652315e+28,-14370553.0,-0.0,4300,0,8,17169,4300,0.0,41,0.0,0.0,0.0,0.0,2.7184166902131945e+23,0,0,0,0,0.0,0,0,0,0,0,0,0,0,0,0,0,0,0,0,0,0,0,0,0,0,0,0,0,0,0,0,0,0,0,0,0,0,0,10,38,37,48,65476,407,65476,1,0,4,21553,0.0,0.0,0.0,0.0,0.0,0.0,0.0,0.0,0.0,0.0,0.0,0.0,0.0,0.0,0.0,0.0,0.0,0.0,0.0,0.0,0.0,2.004,2.004,-0.0,-0.0,-2.004,0.0,0.0,0.0,0.0,6609.0,-131351.219,0.0,0.0,-0.0,-0.0,0.0,0.0,0.0,2.004,2.004,226,1.9056859227671757e+17,152018287067136.0,0.0,0.0,0.0,0.0,0.0,0.0,0.0,0,0,0,-0.0,-2.626607274724321e+19,0.0,-131671785472.0,0.0,-1.7439680974493526e+26,836705.125,0.0,3.353303760513877e+38,-5.156450234861574e+36,-5679895040.0,1.8393179385641514e+22,0.0,4.634,0.0,-1.4914462225997978e+31,0,1.3516416376850534e+27,226,0.0,452,0.0,-20512.51,2112,52429,17109,0,17112,0,17096,0,0,0,101,100,100,0.0,66.5,0.0,67.3,-0.0,66.5,1,49,50,180,39322,52429,0,0,0.0,0.0,0.0,60.0,-0.0,71.0,0.0,-0.0,0.0,1068,0,1069,0,0,0,1069,0,1079,0,1000,0,668,0,669,0,665,0,682,0.032,1.4462247353788288e+22,-2.004,-0.0,30608,16814,-0.0,-0.0,0.0,0.0,-41.564,-3886948810752.0,50.0,60.0,35,0.0,0.0,10.0,2.0,0.0,0.0,0.0,0.0,0.0,0.0,0.0,0.0,0.0,0.0,0.0,0.0,58.8,53,12,65510,27,65476,0,300,0,0,8,20529,65476,0,0,30147,60.0,0.0,10.0,10.0,2.0,0.0
2026-02-16T12:55:14,ERR,ERR,ERR,ERR,ERR,ERR,ERR,ERR,ERR,ERR,ERR,ERR,ERR,ERR,ERR,ERR,ERR,ERR,ERR,ERR,ERR,ERR,ERR,ERR,ERR,ERR,ERR,ERR,ERR,ERR,ERR,ERR,ERR,ERR,ERR,ERR,ERR,ERR,ERR,ERR,ERR,ERR,ERR,ERR,ERR,ERR,ERR,ERR,ERR,ERR,ERR,ERR,ERR,ERR,ERR,ERR,ERR,ERR,ERR,ERR,ERR,ERR,ERR,ERR,ERR,ERR,ERR,ERR,ERR,ERR,ERR,ERR,ERR,ERR,ERR,ERR,ERR,ERR,ERR,ERR,ERR,ERR,ERR,ERR,ERR,ERR,ERR,ERR,ERR,ERR,ERR,ERR,ERR,ERR,ERR,ERR,ERR,ERR,ERR,ERR,ERR,ERR,ERR,ERR,ERR,ERR,ERR,ERR,ERR,ERR,ERR,ERR,ERR,ERR,ERR,ERR,ERR,ERR,ERR,ERR,ERR,ERR,ERR,ERR,ERR,0.0,-0.0,0.0,0.0,0.0,-7.187920162652315e+28,-14370553.0,-0.0,4300,0,8,17169,4300,0.0,41,0.0,0.0,0.0,0.0,2.7184166902131945e+23,0,0,0,0,0.0,0,0,0,0,0,0,0,0,0,0,0,0,0,0,0,0,0,0,0,0,0,0,0,0,0,0,0,0,0,0,0,0,0,10,38,37,48,65476,407,65476,1,0,4,21553,0.0,0.0,0.0,0.0,0.0,0.0,0.0,0.0,0.0,0.0,0.0,0.0,0.0,0.0,0.0,0.0,0.0,0.0,0.0,0.0,0.0,2.004,2.004,-0.0,-0.0,-2.004,0.0,0.0,0.0,0.0,6609.0,-131351.219,0.0,0.0,-0.0,-0.0,0.0,0.0,0.0,2.004,2.004,226,1.9056859227671757e+17,152018287067136.0,0.0,0.0,0.0,0.0,0.0,0.0,0.0,0,0,0,-0.0,-2.626607274724321e+19,0.0,-131671785472.0,0.0,-1.7439680974493526e+26,836705.125,0.0,3.353303760513877e+38,-5.156450234861574e+36,-5679895040.0,1.8393179385641514e+22,0.0,4.634,0.0,-1.4914462225997978e+31,0,1.3516416376850534e+27,226,0.0,452,0.0,-20512.51,2112,52429,17109,0,17112,0,17096,0,0,0,101,100,100,0.0,66.9,0.0,67.3,-0.0,66.5,1,49,50,180,39322,52429,0,0,0.0,0.0,0.0,60.0,-0.0,71.0,0.0,-0.0,0.0,1068,0,1069,0,0,0,1069,0,1080,0,1000,0,668,0,670,0,665,0,682,0.032,1.4609821306377965e+22,-0.0,2.730234856211355e+23,25232,16814,-0.0,-0.0,0.0,0.0,-18.032,-2063733489664.0,50.0,60.0,35,0.0,0.0,10.0,2.0,0.0,0.0,0.0,0.0,0.0,0.0,0.0,0.0,0.0,0.0,0.0,0.0,58.8,52,12,65510,27,65476,0,300,0,0,8,20529,65476,0,0,30147,60.0,0.0,10.0,10.0,2.0,0.0
2026-02-16T12:55:15,ERR,ERR,ERR,ERR,ERR,ERR,ERR,ERR,ERR,ERR,ERR,ERR,ERR,ERR,ERR,ERR,ERR,ERR,ERR,ERR,ERR,ERR,ERR,ERR,ERR,ERR,ERR,ERR,ERR,ERR,ERR,ERR,ERR,ERR,ERR,ERR,ERR,ERR,ERR,ERR,ERR,ERR,ERR,ERR,ERR,ERR,ERR,ERR,ERR,ERR,ERR,ERR,ERR,ERR,ERR,ERR,ERR,ERR,ERR,ERR,ERR,ERR,ERR,ERR,ERR,ERR,ERR,ERR,ERR,ERR,ERR,ERR,ERR,ERR,ERR,ERR,ERR,ERR,ERR,ERR,ERR,ERR,ERR,ERR,ERR,ERR,ERR,ERR,ERR,ERR,ERR,ERR,ERR,ERR,ERR,ERR,ERR,ERR,ERR,ERR,ERR,ERR,ERR,ERR,ERR,ERR,ERR,ERR,ERR,ERR,ERR,ERR,ERR,ERR,ERR,ERR,ERR,ERR,ERR,ERR,ERR,ERR,ERR,ERR,ERR,0.0,-0.0,0.0,0.0,0.0,-7.187920162652315e+28,-14370553.0,-0.0,4300,0,8,17169,4300,0.0,41,0.0,0.0,0.0,0.0,2.7184166902131945e+23,0,0,0,0,0.0,0,0,0,0,0,0,0,0,0,0,0,0,0,0,0,0,0,0,0,0,0,0,0,0,0,0,0,0,0,0,0,0,0,10,38,37,48,65476,407,65476,1,0,4,21553,0.0,0.0,0.0,0.0,0.0,0.0,0.0,0.0,0.0,0.0,0.0,0.0,0.0,0.0,0.0,0.0,0.0,0.0,0.0,0.0,0.0,2.004,2.004,-0.0,-0.0,-2.004,0.0,0.0,0.0,0.0,6609.0,-131351.219,0.0,0.0,-0.0,-0.0,0.0,0.0,0.0,2.004,2.004,226,1.9056859227671757e+17,152018287067136.0,0.0,0.0,0.0,0.0,0.0,0.0,0.0,0,0,0,-0.0,-2.626607274724321e+19,0.0,-131671785472.0,0.0,-1.7439680974493526e+26,836705.125,0.0,3.353303760513877e+38,-5.156450234861574e+36,-5679895040.0,1.8393179385641514e+22,0.0,4.634,0.0,-1.4914462225997978e+31,0,1.3516416376850534e+27,226,0.0,452,0.0,-20512.51,2112,52429,17109,0,17112,0,17096,0,0,0,101,100,100,0.0,66.9,0.0,67.3,-0.0,66.5,1,49,50,180,39322,52429,0,0,0.0,0.0,0.0,60.0,-0.0,71.0,0.0,-0.0,0.0,1068,0,1069,0,0,0,1069,0,1080,0,1000,0,668,0,670,0,665,0,682,0.032,1.4609821306377965e+22,-0.0,2.730234856211355e+23,25232,16814,-0.0,-0.0,0.0,0.0,-18.032,-2063733489664.0,50.0,60.0,35,0.0,0.0,10.0,2.0,0.0,0.0,0.0,0.0,0.0,0.0,0.0,0.0,0.0,0.0,0.0,0.0,58.8,52,12,65510,27,65476,0,300,0,0,8,20529,65476,0,0,30147,60.0,0.0,10.0,10.0,2.0,0.0
2026-02-16T12:55:16,ERR,ERR,ERR,ERR,ERR,ERR,ERR,ERR,ERR,ERR,ERR,ERR,ERR,ERR,ERR,ERR,ERR,ERR,ERR,ERR,ERR,ERR,ERR,ERR,ERR,ERR,ERR,ERR,ERR,ERR,ERR,ERR,ERR,ERR,ERR,ERR,ERR,ERR,ERR,ERR,ERR,ERR,ERR,ERR,ERR,ERR,ERR,ERR,ERR,ERR,ERR,ERR,ERR,ERR,ERR,ERR,ERR,ERR,ERR,ERR,ERR,ERR,ERR,ERR,ERR,ERR,ERR,ERR,ERR,ERR,ERR,ERR,ERR,ERR,ERR,ERR,ERR,ERR,ERR,ERR,ERR,ERR,ERR,ERR,ERR,ERR,ERR,ERR,ERR,ERR,ERR,ERR,ERR,ERR,ERR,ERR,ERR,ERR,ERR,ERR,ERR,ERR,ERR,ERR,ERR,ERR,ERR,ERR,ERR,ERR,ERR,ERR,ERR,ERR,ERR,ERR,ERR,ERR,ERR,ERR,ERR,ERR,ERR,ERR,ERR,0.0,-0.0,0.0,0.0,0.0,-7.187920162652315e+28,-14370553.0,-0.0,4300,0,8,17169,4300,0.0,41,0.0,0.0,0.0,0.0,2.7184166902131945e+23,0,0,0,0,0.0,0,0,0,0,0,0,0,0,0,0,0,0,0,0,0,0,0,0,0,0,0,0,0,0,0,0,0,0,0,0,0,0,0,10,38,37,48,65476,407,65476,1,0,4,21553,0.0,0.0,0.0,0.0,0.0,0.0,0.0,0.0,0.0,0.0,0.0,0.0,0.0,0.0,0.0,0.0,0.0,0.0,0.0,0.0,0.0,2.004,2.004,-0.0,-0.0,-2.004,0.0,0.0,0.0,0.0,6609.0,-131351.219,0.0,0.0,-0.0,-0.0,0.0,0.0,0.0,2.004,2.004,226,1.9056859227671757e+17,152018287067136.0,0.0,0.0,0.0,0.0,0.0,0.0,0.0,0,0,0,-0.0,-2.626607274724321e+19,0.0,-131671785472.0,0.0,-1.7439680974493526e+26,836705.125,0.0,3.353303760513877e+38,-5.156450234861574e+36,-5679895040.0,1.8393179385641514e+22,0.0,4.634,0.0,-1.4914462225997978e+31,0,1.3516416376850534e+27,226,0.0,452,0.0,-20512.51,2112,52429,17109,0,17112,0,17096,0,0,0,101,100,100,0.0,66.9,0.0,67.3,-0.0,66.5,1,49,50,180,39322,52429,0,0,0.0,0.0,0.0,60.0,-0.0,71.0,0.0,-0.0,0.0,1068,0,1069,0,0,0,1069,0,1080,0,1000,0,668,0,670,0,665,0,682,0.032,1.4609821306377965e+22,-0.0,2.730234856211355e+23,25232,16814,-0.0,-0.0,0.0,0.0,-18.032,-2063733489664.0,50.0,60.0,35,0.0,0.0,10.0,2.0,0.0,0.0,0.0,0.0,0.0,0.0,0.0,0.0,0.0,0.0,0.0,0.0,58.8,52,12,65510,27,65476,0,300,0,0,8,20529,65476,0,0,30147,60.0,0.0,10.0,10.0,2.0,0.0
2026-02-16T12:55:17,ERR,ERR,ERR,ERR,ERR,ERR,ERR,ERR,ERR,ERR,ERR,ERR,ERR,ERR,ERR,ERR,ERR,ERR,ERR,ERR,ERR,ERR,ERR,ERR,ERR,ERR,ERR,ERR,ERR,ERR,ERR,ERR,ERR,ERR,ERR,ERR,ERR,ERR,ERR,ERR,ERR,ERR,ERR,ERR,ERR,ERR,ERR,ERR,ERR,ERR,ERR,ERR,ERR,ERR,ERR,ERR,ERR,ERR,ERR,ERR,ERR,ERR,ERR,ERR,ERR,ERR,ERR,ERR,ERR,ERR,ERR,ERR,ERR,ERR,ERR,ERR,ERR,ERR,ERR,ERR,ERR,ERR,ERR,ERR,ERR,ERR,ERR,ERR,ERR,ERR,ERR,ERR,ERR,ERR,ERR,ERR,ERR,ERR,ERR,ERR,ERR,ERR,ERR,ERR,ERR,ERR,ERR,ERR,ERR,ERR,ERR,ERR,ERR,ERR,ERR,ERR,ERR,ERR,ERR,ERR,ERR,ERR,ERR,ERR,ERR,0.0,-0.0,0.0,0.0,0.0,-0.0,9.372646631674096e+27,-6.237317302609552e+20,4300,0,8,17169,4300,0.0,41,0.0,0.0,0.0,0.0,2.7184166902131945e+23,0,0,0,0,0.0,0,0,0,0,0,0,0,0,0,0,0,0,0,0,0,0,0,0,0,0,0,0,0,0,0,0,0,0,0,0,0,0,0,10,38,37,48,65476,407,65476,1,0,4,21553,0.0,0.0,0.0,0.0,0.0,0.0,0.0,0.0,0.0,0.0,0.0,0.0,0.0,0.0,0.0,0.0,0.0,0.0,0.0,0.0,0.0,2.004,2.004,-0.0,-2.004,-2.004,0.0,0.0,0.0,0.0,6608.0,-2.004,0.0,0.0,-0.0,-0.0,0.0,0.0,0.0,2.004,2.004,228,126840537088.0,126841028608.0,0.0,0.0,0.0,0.0,0.0,0.0,0.0,0,0,0,5.379466438300951e+22,0.002,0.0,-1.6369611176219338e+27,0.0,-302530240.0,266581868544.0,-1.774588017779304e+19,2.0700867744802523e+22,-5.535987359871106e+36,-6116102656.0,1.981535422347024e+22,0.0,5.009,0.0,-9.774341964430035e+35,0,1.3516416376850534e+27,228,0.0,456,2.40156025918058e+36,-1.5870793271473597e+30,2112,52429,17109,52429,17111,0,17096,0,0,0,101,100,100,0.0,66.5,0.0,67.3,-0.0,66.5,1,49,50,180,39322,52429,0,0,0.0,0.0,0.0,60.0,7.98616709017284e+36,71.0,0.0,0.001,0.0,1068,0,1069,0,0,0,1069,0,1079,0,1000,0,668,0,670,0,665,0,682,0.032,1.4536034330083127e+22,-0.0,2.730234856211355e+23,20880,16814,4.044098150023419e+26,-1.2193688519989688e+22,0.0,-0.0,-0.0,0.0,50.0,60.0,35,0.0,0.0,10.0,2.0,0.0,0.0,0.0,0.0,0.0,0.0,0.0,0.0,0.0,0.0,0.0,0.0,58.8,52,12,65510,27,65476,0,300,0,0,8,20529,65476,0,0,30147,60.0,0.0,10.0,10.0,2.0,0.0
2026-02-16T12:55:18,ERR,ERR,ERR,ERR,ERR,ERR,ERR,ERR,ERR,ERR,ERR,ERR,ERR,ERR,ERR,ERR,ERR,ERR,ERR,ERR,ERR,ERR,ERR,ERR,ERR,ERR,ERR,ERR,ERR,ERR,ERR,ERR,ERR,ERR,ERR,ERR,ERR,ERR,ERR,ERR,ERR,ERR,ERR,ERR,ERR,ERR,ERR,ERR,ERR,ERR,ERR,ERR,ERR,ERR,ERR,ERR,ERR,ERR,ERR,ERR,ERR,ERR,ERR,ERR,ERR,ERR,ERR,ERR,ERR,ERR,ERR,ERR,ERR,ERR,ERR,ERR,ERR,ERR,ERR,ERR,ERR,ERR,ERR,ERR,ERR,ERR,ERR,ERR,ERR,ERR,ERR,ERR,ERR,ERR,ERR,ERR,ERR,ERR,ERR,ERR,ERR,ERR,ERR,ERR,ERR,ERR,ERR,ERR,ERR,ERR,ERR,ERR,ERR,ERR,ERR,ERR,ERR,ERR,ERR,ERR,ERR,ERR,ERR,ERR,ERR,0.0,-0.0,0.0,0.0,0.0,-0.0,9.372646631674096e+27,-6.237317302609552e+20,4300,0,8,17169,4300,0.0,41,0.0,0.0,0.0,0.0,2.7184166902131945e+23,0,0,0,0,0.0,0,0,0,0,0,0,0,0,0,0,0,0,0,0,0,0,0,0,0,0,0,0,0,0,0,0,0,0,0,0,0,0,0,10,38,37,48,65476,407,65476,1,0,4,21553,0.0,0.0,0.0,0.0,0.0,0.0,0.0,0.0,0.0,0.0,0.0,0.0,0.0,0.0,0.0,0.0,0.0,0.0,0.0,0.0,0.0,2.004,2.004,-0.0,-2.004,-2.004,0.0,0.0,0.0,0.0,6608.0,-2.004,0.0,0.0,-0.0,-0.0,0.0,0.0,0.0,2.004,2.004,228,126840537088.0,126841028608.0,0.0,0.0,0.0,0.0,0.0,0.0,0.0,0,0,0,5.379466438300951e+22,0.002,0.0,-1.6369611176219338e+27,0.0,-302530240.0,266581868544.0,-1.774588017779304e+19,2.0700867744802523e+22,-5.535987359871106e+36,-6116102656.0,1.981535422347024e+22,0.0,5.009,0.0,-9.774341964430035e+35,0,1.3516416376850534e+27,228,0.0,456,2.40156025918058e+36,-1.5870793271473597e+30,2112,52429,17109,52429,17111,0,17096,0,0,0,101,100,100,0.0,66.5,0.0,67.3,-0.0,66.5,1,49,50,180,39322,52429,0,0,0.0,0.0,0.0,60.0,7.98616709017284e+36,71.0,0.0,0.001,0.0,1068,0,1069,0,0,0,1069,0,1079,0,1000,0,668,0,670,0,665,0,682,0.032,1.4536034330083127e+22,-0.0,2.730234856211355e+23,20880,16814,4.044098150023419e+26,-1.2193688519989688e+22,0.0,-0.0,-0.0,0.0,50.0,60.0,35,0.0,0.0,10.0,2.0,0.0,0.0,0.0,0.0,0.0,0.0,0.0,0.0,0.0,0.0,0.0,0.0,58.8,52,12,65510,27,65476,0,300,0,0,8,20529,65476,0,0,30147,60.0,0.0,10.0,10.0,2.0,0.0
2026-02-16T12:55:19,ERR,ERR,ERR,ERR,ERR,ERR,ERR,ERR,ERR,ERR,ERR,ERR,ERR,ERR,ERR,ERR,ERR,ERR,ERR,ERR,ERR,ERR,ERR,ERR,ERR,ERR,ERR,ERR,ERR,ERR,ERR,ERR,ERR,ERR,ERR,ERR,ERR,ERR,ERR,ERR,ERR,ERR,ERR,ERR,ERR,ERR,ERR,ERR,ERR,ERR,ERR,ERR,ERR,ERR,ERR,ERR,ERR,ERR,ERR,ERR,ERR,ERR,ERR,ERR,ERR,ERR,ERR,ERR,ERR,ERR,ERR,ERR,ERR,ERR,ERR,ERR,ERR,ERR,ERR,ERR,ERR,ERR,ERR,ERR,ERR,ERR,ERR,ERR,ERR,ERR,ERR,ERR,ERR,ERR,ERR,ERR,ERR,ERR,ERR,ERR,ERR,ERR,ERR,ERR,ERR,ERR,ERR,ERR,ERR,ERR,ERR,ERR,ERR,ERR,ERR,ERR,ERR,ERR,ERR,ERR,ERR,ERR,ERR,ERR,ERR,0.0,-0.0,0.0,0.0,0.0,-0.0,9.372646631674096e+27,-6.237317302609552e+20,4300,0,8,17169,4300,0.0,41,0.0,0.0,0.0,0.0,2.7184166902131945e+23,0,0,0,0,0.0,0,0,0,0,0,0,0,0,0,0,0,0,0,0,0,0,0,0,0,0,0,0,0,0,0,0,0,0,0,0,0,0,0,10,38,37,48,65476,407,65476,1,0,4,21553,0.0,0.0,0.0,0.0,0.0,0.0,0.0,0.0,0.0,0.0,0.0,0.0,0.0,0.0,0.0,0.0,0.0,0.0,0.0,0.0,0.0,2.004,2.004,-0.0,-2.004,-2.004,0.0,0.0,0.0,0.0,6608.0,-2.004,0.0,0.0,-0.0,-0.0,0.0,0.0,0.0,2.004,2.004,228,126840537088.0,126841028608.0,0.0,0.0,0.0,0.0,0.0,0.0,0.0,0,0,0,5.379466438300951e+22,0.002,0.0,-1.6369611176219338e+27,0.0,-302530240.0,266581868544.0,-1.774588017779304e+19,2.0700867744802523e+22,-5.535987359871106e+36,-6116102656.0,1.981535422347024e+22,0.0,5.009,0.0,-9.774341964430035e+35,0,1.3516416376850534e+27,228,0.0,456,2.40156025918058e+36,-1.5870793271473597e+30,2112,52429,17109,52429,17111,0,17096,0,0,0,101,100,100,0.0,66.5,0.0,67.3,-0.0,66.5,1,49,50,180,39322,52429,0,0,0.0,0.0,0.0,60.0,7.98616709017284e+36,71.0,0.0,0.001,0.0,1068,0,1069,0,0,0,1069,0,1079,0,1000,0,668,0,670,0,665,0,682,0.032,1.4536034330083127e+22,-0.0,2.730234856211355e+23,20880,16814,4.044098150023419e+26,-1.2193688519989688e+22,0.0,-0.0,-0.0,0.0,50.0,60.0,35,0.0,0.0,10.0,2.0,0.0,0.0,0.0,0.0,0.0,0.0,0.0,0.0,0.0,0.0,0.0,0.0,58.8,52,12,65510,27,65476,0,300,0,0,8,20529,65476,0,0,30147,60.0,0.0,10.0,10.0,2.0,0.0
2026-02-16T12:55:20,ERR,ERR,ERR,ERR,ERR,ERR,ERR,ERR,ERR,ERR,ERR,ERR,ERR,ERR,ERR,ERR,ERR,ERR,ERR,ERR,ERR,ERR,ERR,ERR,ERR,ERR,ERR,ERR,ERR,ERR,ERR,ERR,ERR,ERR,ERR,ERR,ERR,ERR,ERR,ERR,ERR,ERR,ERR,ERR,ERR,ERR,ERR,ERR,ERR,ERR,ERR,ERR,ERR,ERR,ERR,ERR,ERR,ERR,ERR,ERR,ERR,ERR,ERR,ERR,ERR,ERR,ERR,ERR,ERR,ERR,ERR,ERR,ERR,ERR,ERR,ERR,ERR,ERR,ERR,ERR,ERR,ERR,ERR,ERR,ERR,ERR,ERR,ERR,ERR,ERR,ERR,ERR,ERR,ERR,ERR,ERR,ERR,ERR,ERR,ERR,ERR,ERR,ERR,ERR,ERR,ERR,ERR,ERR,ERR,ERR,ERR,ERR,ERR,ERR,ERR,ERR,ERR,ERR,ERR,ERR,ERR,ERR,ERR,ERR,ERR,0.0,-0.0,0.0,0.0,0.0,-0.0,9.372646631674096e+27,-6.237317302609552e+20,4300,0,8,17169,4300,0.0,41,0.0,0.0,0.0,0.0,2.7184166902131945e+23,0,0,0,0,0.0,0,0,0,0,0,0,0,0,0,0,0,0,0,0,0,0,0,0,0,0,0,0,0,0,0,0,0,0,0,0,0,0,0,10,38,37,48,65476,407,65476,1,0,4,21553,0.0,0.0,0.0,0.0,0.0,0.0,0.0,0.0,0.0,0.0,0.0,0.0,0.0,0.0,0.0,0.0,0.0,0.0,0.0,0.0,0.0,2.004,2.004,-0.0,-2.004,-2.004,0.0,0.0,0.0,0.0,6608.0,-2.004,0.0,0.0,-0.0,-0.0,0.0,0.0,0.0,2.004,2.004,228,126840537088.0,126841028608.0,0.0,0.0,0.0,0.0,0.0,0.0,0.0,0,0,0,5.379466438300951e+22,0.002,0.0,-1.6369611176219338e+27,0.0,-302530240.0,266581868544.0,-1.774588017779304e+19,2.0700867744802523e+22,-5.535987359871106e+36,-6116102656.0,1.981535422347024e+22,0.0,5.009,0.0,-9.774341964430035e+35,0,1.3516416376850534e+27,228,0.0,456,2.40156025918058e+36,-1.5870793271473597e+30,2112,52429,17109,52429,17111,0,17096,0,0,0,101,100,100,0.0,66.5,0.0,67.3,-0.0,66.5,1,49,50,180,39322,52429,0,0,0.0,0.0,0.0,60.0,7.98616709017284e+36,71.0,0.0,0.001,0.0,1068,0,1069,0,0,0,1069,0,1079,0,1000,0,668,0,670,0,665,0,682,0.032,1.4536034330083127e+22,-0.0,2.730234856211355e+23,20880,16814,4.044098150023419e+26,-1.2193688519989688e+22,0.0,-0.0,-0.0,0.0,50.0,60.0,35,0.0,0.0,10.0,2.0,0.0,0.0,0.0,0.0,0.0,0.0,0.0,0.0,0.0,0.0,0.0,0.0,58.8,52,12,65510,27,65476,0,300,0,0,8,20529,65476,0,0,30147,60.0,0.0,10.0,10.0,2.0,0.0
2026-02-16T12:55:21,ERR,ERR,ERR,ERR,ERR,ERR,ERR,ERR,ERR,ERR,ERR,ERR,ERR,ERR,ERR,ERR,ERR,ERR,ERR,ERR,ERR,ERR,ERR,ERR,ERR,ERR,ERR,ERR,ERR,ERR,ERR,ERR,ERR,ERR,ERR,ERR,ERR,ERR,ERR,ERR,ERR,ERR,ERR,ERR,ERR,ERR,ERR,ERR,ERR,ERR,ERR,ERR,ERR,ERR,ERR,ERR,ERR,ERR,ERR,ERR,ERR,ERR,ERR,ERR,ERR,ERR,ERR,ERR,ERR,ERR,ERR,ERR,ERR,ERR,ERR,ERR,ERR,ERR,ERR,ERR,ERR,ERR,ERR,ERR,ERR,ERR,ERR,ERR,ERR,ERR,ERR,ERR,ERR,ERR,ERR,ERR,ERR,ERR,ERR,ERR,ERR,ERR,ERR,ERR,ERR,ERR,ERR,ERR,ERR,ERR,ERR,ERR,ERR,ERR,ERR,ERR,ERR,ERR,ERR,ERR,ERR,ERR,ERR,ERR,ERR,0.0,-0.0,0.0,0.0,0.0,-0.0,9.372646631674096e+27,-6.237317302609552e+20,4300,0,8,17169,4300,0.0,41,0.0,0.0,0.0,0.0,2.7184166902131945e+23,0,0,0,0,0.0,0,0,0,0,0,0,0,0,0,0,0,0,0,0,0,0,0,0,0,0,0,0,0,0,0,0,0,0,0,0,0,0,0,10,38,37,48,65476,407,65476,1,0,4,21553,0.0,0.0,0.0,0.0,0.0,0.0,0.0,0.0,0.0,0.0,0.0,0.0,0.0,0.0,0.0,0.0,0.0,0.0,0.0,0.0,0.0,2.004,2.004,-0.0,-2.004,-2.004,0.0,0.0,0.0,0.0,6608.0,-2.004,0.0,0.0,-0.0,-0.0,0.0,0.0,0.0,2.004,2.004,228,126840537088.0,126841028608.0,0.0,0.0,0.0,0.0,0.0,0.0,0.0,0,0,0,5.379466438300951e+22,0.002,0.0,-1.6369611176219338e+27,0.0,-302530240.0,266581868544.0,-1.774588017779304e+19,2.0700867744802523e+22,-5.535987359871106e+36,-6116102656.0,1.981535422347024e+22,0.0,5.009,0.0,-9.774341964430035e+35,0,1.3516416376850534e+27,228,0.0,456,2.40156025918058e+36,-1.5870793271473597e+30,2112,52429,17109,52429,17111,0,17096,0,0,0,101,100,100,0.0,66.5,0.0,67.3,-0.0,66.5,1,49,50,180,39322,52429,0,0,0.0,0.0,0.0,60.0,1.8023205298553307e+22,71.0,0.0,0.0,0.0,1068,0,1069,0,0,0,1069,0,1080,0,1000,0,668,0,670,0,665,0,682,0.032,1.4536034330083127e+22,-0.0,2.730234856211355e+23,27664,16814,1.1157552289595449e+29,0.0,1.1839584157564928e+16,0.0,-1.1677248365820138e+22,0.0,50.0,60.0,35,0.0,0.0,10.0,2.0,0.0,0.0,0.0,0.0,0.0,0.0,0.0,0.0,0.0,0.0,0.0,0.0,58.8,52,12,65510,27,65476,0,300,0,0,8,20529,65476,0,0,30147,60.0,0.0,10.0,10.0,2.0,0.0
2026-02-16T12:55:22,ERR,ERR,ERR,ERR,ERR,ERR,ERR,ERR,ERR,ERR,ERR,ERR,ERR,ERR,ERR,ERR,ERR,ERR,ERR,ERR,ERR,ERR,ERR,ERR,ERR,ERR,ERR,ERR,ERR,ERR,ERR,ERR,ERR,ERR,ERR,ERR,ERR,ERR,ERR,ERR,ERR,ERR,ERR,ERR,ERR,ERR,ERR,ERR,ERR,ERR,ERR,ERR,ERR,ERR,ERR,ERR,ERR,ERR,ERR,ERR,ERR,ERR,ERR,ERR,ERR,ERR,ERR,ERR,ERR,ERR,ERR,ERR,ERR,ERR,ERR,ERR,ERR,ERR,ERR,ERR,ERR,ERR,ERR,ERR,ERR,ERR,ERR,ERR,ERR,ERR,ERR,ERR,ERR,ERR,ERR,ERR,ERR,ERR,ERR,ERR,ERR,ERR,ERR,ERR,ERR,ERR,ERR,ERR,ERR,ERR,ERR,ERR,ERR,ERR,ERR,ERR,ERR,ERR,ERR,ERR,ERR,ERR,ERR,ERR,ERR,0.0,-0.0,0.0,0.0,0.0,-8.458560991343411e+16,-0.0,-0.372,4300,0,8,17169,4300,0.0,41,0.0,0.0,0.0,0.0,2.7184166902131945e+23,0,0,0,0,0.0,0,0,0,0,0,0,0,0,0,0,0,0,0,0,0,0,0,0,0,0,0,0,0,0,0,0,0,0,0,0,0,0,0,10,38,37,47,65476,407,65476,1,0,4,21553,0.0,-107610720.0,0.0,0.0,0.0,0.0,0.0,0.0,0.0,0.0,0.0,0.0,0.0,0.0,0.0,0.0,0.0,0.0,0.0,0.0,0.0,2.004,2.004,-0.0,-2.004,-0.0,0.0,0.0,0.0,0.0,6611.0,-3.697208123857253e+19,0.0,0.0,-0.0,-0.0,0.0,-0.0,0.0,2.004,2.004,226,-0.0,2.308838606653337e+20,0.0,0.0,0.0,0.0,0.0,0.0,0.0,0,0,0,658261344256.0,-3.0143085450149927e+22,-8.233433419097256e+26,-6.245600926325882e+29,-1.777382160181794e+33,0.0,6.986031371026055e+34,0.0,-0.0,-6.03444785829045e+36,-6552310272.0,2.1733815607136033e+22,0.0,5.384,0.0,-1.4622979708345833e+29,0,1.3516416376850534e+27,226,0.0,452,2.40156025918058e+36,599251620986880.0,2112,52429,17109,52429,17111,0,17096,0,0,0,101,100,100,0.0,66.5,0.0,67.3,-0.0,66.5,1,49,50,180,39322,52429,0,0,0.0,0.0,0.0,60.0,1.8023205298553307e+22,71.0,0.0,0.0,0.0,1068,0,1069,0,0,0,1069,0,1080,0,1000,0,668,0,670,0,665,0,682,0.032,1.4536034330083127e+22,-0.0,2.730234856211355e+23,27664,16814,1.1157552289595449e+29,0.0,1.1839584157564928e+16,0.0,-1.1677248365820138e+22,0.0,50.0,60.0,35,0.0,0.0,10.0,2.0,0.0,0.0,0.0,0.0,0.0,0.0,0.0,0.0,0.0,0.0,0.0,0.0,58.8,52,12,65510,27,65476,0,300,0,0,8,20529,65476,0,0,30147,60.0,0.0,10.0,10.0,2.0,0.0
2026-02-16T12:55:23,ERR,ERR,ERR,ERR,ERR,ERR,ERR,ERR,ERR,ERR,ERR,ERR,ERR,ERR,ERR,ERR,ERR,ERR,ERR,ERR,ERR,ERR,ERR,ERR,ERR,ERR,ERR,ERR,ERR,ERR,ERR,ERR,ERR,ERR,ERR,ERR,ERR,ERR,ERR,ERR,ERR,ERR,ERR,ERR,ERR,ERR,ERR,ERR,ERR,ERR,ERR,ERR,ERR,ERR,ERR,ERR,ERR,ERR,ERR,ERR,ERR,ERR,ERR,ERR,ERR,ERR,ERR,ERR,ERR,ERR,ERR,ERR,ERR,ERR,ERR,ERR,ERR,ERR,ERR,ERR,ERR,ERR,ERR,ERR,ERR,ERR,ERR,ERR,ERR,ERR,ERR,ERR,ERR,ERR,ERR,ERR,ERR,ERR,ERR,ERR,ERR,ERR,ERR,ERR,ERR,ERR,ERR,ERR,ERR,ERR,ERR,ERR,ERR,ERR,ERR,ERR,ERR,ERR,ERR,ERR,ERR,ERR,ERR,ERR,ERR,0.0,-0.0,0.0,0.0,0.0,-8.458560991343411e+16,-0.0,-0.372,4300,0,8,17169,4300,0.0,41,0.0,0.0,0.0,0.0,2.7184166902131945e+23,0,0,0,0,0.0,0,0,0,0,0,0,0,0,0,0,0,0,0,0,0,0,0,0,0,0,0,0,0,0,0,0,0,0,0,0,0,0,0,10,38,37,47,65476,407,65476,1,0,4,21553,0.0,-107610720.0,0.0,0.0,0.0,0.0,0.0,0.0,0.0,0.0,0.0,0.0,0.0,0.0,0.0,0.0,0.0,0.0,0.0,0.0,0.0,2.004,2.004,-0.0,-2.004,-0.0,0.0,0.0,0.0,0.0,6611.0,-3.697208123857253e+19,0.0,0.0,-0.0,-0.0,0.0,-0.0,0.0,2.004,2.004,226,-0.0,2.308838606653337e+20,0.0,0.0,0.0,0.0,0.0,0.0,0.0,0,0,0,658261344256.0,-3.0143085450149927e+22,-8.233433419097256e+26,-6.245600926325882e+29,-1.777382160181794e+33,0.0,6.986031371026055e+34,0.0,-0.0,-6.03444785829045e+36,-6552310272.0,2.1733815607136033e+22,0.0,5.384,0.0,-1.4622979708345833e+29,0,1.3516416376850534e+27,226,0.0,452,2.40156025918058e+36,599251620986880.0,2112,52429,17109,52429,17111,0,17096,0,0,0,101,100,100,0.0,66.5,0.0,67.3,-0.0,66.5,1,49,50,180,39322,52429,0,0,0.0,0.0,0.0,60.0,1.8023205298553307e+22,71.0,0.0,0.0,0.0,1068,0,1069,0,0,0,1069,0,1080,0,1000,0,668,0,670,0,665,0,682,0.032,1.4536034330083127e+22,-0.0,2.730234856211355e+23,27664,16814,1.1157552289595449e+29,0.0,1.1839584157564928e+16,0.0,-1.1677248365820138e+22,0.0,50.0,60.0,35,0.0,0.0,10.0,2.0,0.0,0.0,0.0,0.0,0.0,0.0,0.0,0.0,0.0,0.0,0.0,0.0,58.8,52,12,65510,27,65476,0,300,0,0,8,20529,65476,0,0,30147,60.0,0.0,10.0,10.0,2.0,0.0
2026-02-16T12:55:24,ERR,ERR,ERR,ERR,ERR,ERR,ERR,ERR,ERR,ERR,ERR,ERR,ERR,ERR,ERR,ERR,ERR,ERR,ERR,ERR,ERR,ERR,ERR,ERR,ERR,ERR,ERR,ERR,ERR,ERR,ERR,ERR,ERR,ERR,ERR,ERR,ERR,ERR,ERR,ERR,ERR,ERR,ERR,ERR,ERR,ERR,ERR,ERR,ERR,ERR,ERR,ERR,ERR,ERR,ERR,ERR,ERR,ERR,ERR,ERR,ERR,ERR,ERR,ERR,ERR,ERR,ERR,ERR,ERR,ERR,ERR,ERR,ERR,ERR,ERR,ERR,ERR,ERR,ERR,ERR,ERR,ERR,ERR,ERR,ERR,ERR,ERR,ERR,ERR,ERR,ERR,ERR,ERR,ERR,ERR,ERR,ERR,ERR,ERR,ERR,ERR,ERR,ERR,ERR,ERR,ERR,ERR,ERR,ERR,ERR,ERR,ERR,ERR,ERR,ERR,ERR,ERR,ERR,ERR,ERR,ERR,ERR,ERR,ERR,ERR,0.0,-0.0,0.0,0.0,0.0,-8.458560991343411e+16,-0.0,-0.372,4300,0,8,17169,4300,0.0,41,0.0,0.0,0.0,0.0,2.7184166902131945e+23,0,0,0,0,0.0,0,0,0,0,0,0,0,0,0,0,0,0,0,0,0,0,0,0,0,0,0,0,0,0,0,0,0,0,0,0,0,0,0,10,38,37,47,65476,407,65476,1,0,4,21553,0.0,-107610720.0,0.0,0.0,0.0,0.0,0.0,0.0,0.0,0.0,0.0,0.0,0.0,0.0,0.0,0.0,0.0,0.0,0.0,0.0,0.0,2.004,2.004,-0.0,-2.004,-0.0,0.0,0.0,0.0,0.0,6611.0,-3.697208123857253e+19,0.0,0.0,-0.0,-0.0,0.0,-0.0,0.0,2.004,2.004,226,-0.0,2.308838606653337e+20,0.0,0.0,0.0,0.0,0.0,0.0,0.0,0,0,0,658261344256.0,-3.0143085450149927e+22,-8.233433419097256e+26,-6.245600926325882e+29,-1.777382160181794e+33,0.0,6.986031371026055e+34,0.0,-0.0,-6.03444785829045e+36,-6552310272.0,2.1733815607136033e+22,0.0,5.384,0.0,-1.4622979708345833e+29,0,1.3516416376850534e+27,226,0.0,452,2.40156025918058e+36,599251620986880.0,2112,52429,17109,52429,17111,52429,17095,0,0,0,101,100,100,0.0,66.5,0.0,67.3,-0.0,66.5,1,49,50,180,39322,52429,0,0,0.0,0.0,0.0,60.0,3.298251553768963e+25,71.0,0.0,-0.0,0.0,1068,0,1069,0,0,0,1069,0,1079,0,1000,0,668,0,670,0,665,0,681,0.032,1.770887431076117e+22,-0.0,2.730234856211355e+23,12176,16814,3.298251553768963e+25,-0.0,-0.0,3.110941066247582e+23,0.0,4.4065394086487825e+26,50.0,60.0,35,0.0,0.0,10.0,2.0,0.0,0.0,0.0,0.0,0.0,0.0,0.0,0.0,0.0,0.0,0.0,0.0,59.2,52,12,65510,27,65476,0,300,0,0,8,20529,65476,0,0,30147,60.0,0.0,10.0,10.0,2.0,0.0
2026-02-16T12:55:25,ERR,ERR,ERR,ERR,ERR,ERR,ERR,ERR,ERR,ERR,ERR,ERR,ERR,ERR,ERR,ERR,ERR,ERR,ERR,ERR,ERR,ERR,ERR,ERR,ERR,ERR,ERR,ERR,ERR,ERR,ERR,ERR,ERR,ERR,ERR,ERR,ERR,ERR,ERR,ERR,ERR,ERR,ERR,ERR,ERR,ERR,ERR,ERR,ERR,ERR,ERR,ERR,ERR,ERR,ERR,ERR,ERR,ERR,ERR,ERR,ERR,ERR,ERR,ERR,ERR,ERR,ERR,ERR,ERR,ERR,ERR,ERR,ERR,ERR,ERR,ERR,ERR,ERR,ERR,ERR,ERR,ERR,ERR,ERR,ERR,ERR,ERR,ERR,ERR,ERR,ERR,ERR,ERR,ERR,ERR,ERR,ERR,ERR,ERR,ERR,ERR,ERR,ERR,ERR,ERR,ERR,ERR,ERR,ERR,ERR,ERR,ERR,ERR,ERR,ERR,ERR,ERR,ERR,ERR,ERR,ERR,ERR,ERR,ERR,ERR,0.0,-0.0,0.0,0.0,0.0,-8.458560991343411e+16,-0.0,-0.372,4300,0,8,17169,4300,0.0,41,0.0,0.0,0.0,0.0,2.7184166902131945e+23,0,0,0,0,0.0,0,0,0,0,0,0,0,0,0,0,0,0,0,0,0,0,0,0,0,0,0,0,0,0,0,0,0,0,0,0,0,0,0,10,38,37,47,65476,407,65476,1,0,4,21553,0.0,-107610720.0,0.0,0.0,0.0,0.0,0.0,0.0,0.0,0.0,0.0,0.0,0.0,0.0,0.0,0.0,0.0,0.0,0.0,0.0,0.0,2.004,2.004,-0.0,-2.004,-0.0,0.0,0.0,0.0,0.0,6611.0,-3.697208123857253e+19,0.0,0.0,-0.0,-0.0,0.0,-0.0,0.0,2.004,2.004,226,-0.0,2.308838606653337e+20,0.0,0.0,0.0,0.0,0.0,0.0,0.0,0,0,0,658261344256.0,-3.0143085450149927e+22,-8.233433419097256e+26,-6.245600926325882e+29,-1.777382160181794e+33,0.0,6.986031371026055e+34,0.0,-0.0,-6.03444785829045e+36,-6552310272.0,2.1733815607136033e+22,0.0,5.384,0.0,-1.4622979708345833e+29,0,1.3516416376850534e+27,226,0.0,452,2.40156025918058e+36,599251620986880.0,2112,52429,17109,52429,17111,52429,17095,0,0,0,101,100,100,0.0,66.5,0.0,67.3,-0.0,66.5,1,49,50,180,39322,52429,0,0,0.0,0.0,0.0,60.0,3.298251553768963e+25,71.0,0.0,-0.0,0.0,1068,0,1069,0,0,0,1069,0,1079,0,1000,0,668,0,670,0,665,0,681,0.032,1.770887431076117e+22,-0.0,2.730234856211355e+23,12176,16814,3.298251553768963e+25,-0.0,-0.0,3.110941066247582e+23,0.0,4.4065394086487825e+26,50.0,60.0,35,0.0,0.0,10.0,2.0,0.0,0.0,0.0,0.0,0.0,0.0,0.0,0.0,0.0,0.0,0.0,0.0,59.2,52,12,65510,27,65476,0,300,0,0,8,20529,65476,0,0,30147,60.0,0.0,10.0,10.0,2.0,0.0
2026-02-16T12:55:26,ERR,ERR,ERR,ERR,ERR,ERR,ERR,ERR,ERR,ERR,ERR,ERR,ERR,ERR,ERR,ERR,ERR,ERR,ERR,ERR,ERR,ERR,ERR,ERR,ERR,ERR,ERR,ERR,ERR,ERR,ERR,ERR,ERR,ERR,ERR,ERR,ERR,ERR,ERR,ERR,ERR,ERR,ERR,ERR,ERR,ERR,ERR,ERR,ERR,ERR,ERR,ERR,ERR,ERR,ERR,ERR,ERR,ERR,ERR,ERR,ERR,ERR,ERR,ERR,ERR,ERR,ERR,ERR,ERR,ERR,ERR,ERR,ERR,ERR,ERR,ERR,ERR,ERR,ERR,ERR,ERR,ERR,ERR,ERR,ERR,ERR,ERR,ERR,ERR,ERR,ERR,ERR,ERR,ERR,ERR,ERR,ERR,ERR,ERR,ERR,ERR,ERR,ERR,ERR,ERR,ERR,ERR,ERR,ERR,ERR,ERR,ERR,ERR,ERR,ERR,ERR,ERR,ERR,ERR,ERR,ERR,ERR,ERR,ERR,ERR,0.0,-0.0,0.0,0.0,0.0,-2510917.25,-0.0,-6517957120.0,4300,0,8,17169,4300,0.0,41,0.0,0.0,0.0,0.0,0.0,0,0,0,0,0.0,0,0,0,0,0,0,0,0,0,0,0,0,0,0,0,0,0,0,0,0,0,0,0,0,0,0,0,0,0,0,0,0,0,10,38,37,47,65476,408,65476,1,0,4,21553,0.0,0.0,0.0,0.0,0.0,0.0,0.0,0.0,0.0,0.0,0.0,0.0,0.0,0.0,0.0,0.0,0.0,0.0,0.0,0.0,0.0,2.004,0.0,-0.0,-3.697074863047967e+19,-0.0,0.0,0.0,0.0,0.0,6612.0,-2.4230023160510894e+24,0.0,0.0,-0.0,-107616248.0,0.0,0.0,0.0,2.004,2.004,227,5.848055683159391e+35,3.222024903336656e+26,0.0,0.0,0.0,0.0,0.0,0.0,0.0,0,0,0,1.264787946974976e+23,-7.414398420334724e+24,-1.0538794776444488e+29,-0.0,0.0,41.064,-0.0,-0.0,3.726410629429002e+24,-6.532908356709793e+36,-6921409024.0,2.3357129085622474e+22,0.0,5.696,0.0,0.0,0,1.3516416376850534e+27,227,0.0,454,0.0,0.0,2112,52429,17109,52429,17111,52429,17095,0,0,0,101,100,100,0.0,66.5,0.0,67.3,-0.0,66.5,1,49,50,180,39322,52429,0,0,0.0,0.0,0.0,60.0,3.298251553768963e+25,71.0,0.0,-0.0,0.0,1068,0,1069,0,0,0,1069,0,1079,0,1000,0,668,0,670,0,665,0,681,0.032,1.770887431076117e+22,-0.0,2.730234856211355e+23,12176,16814,3.298251553768963e+25,-0.0,-0.0,3.110941066247582e+23,0.0,4.4065394086487825e+26,50.0,60.0,35,0.0,0.0,10.0,2.0,0.0,0.0,0.0,0.0,0.0,0.0,0.0,0.0,0.0,0.0,0.0,0.0,59.2,52,12,65510,27,65476,0,300,0,0,8,20529,65476,0,0,30147,60.0,0.0,10.0,10.0,2.0,0.0
2026-02-16T12:55:27,ERR,ERR,ERR,ERR,ERR,ERR,ERR,ERR,ERR,ERR,ERR,ERR,ERR,ERR,ERR,ERR,ERR,ERR,ERR,ERR,ERR,ERR,ERR,ERR,ERR,ERR,ERR,ERR,ERR,ERR,ERR,ERR,ERR,ERR,ERR,ERR,ERR,ERR,ERR,ERR,ERR,ERR,ERR,ERR,ERR,ERR,ERR,ERR,ERR,ERR,ERR,ERR,ERR,ERR,ERR,ERR,ERR,ERR,ERR,ERR,ERR,ERR,ERR,ERR,ERR,ERR,ERR,ERR,ERR,ERR,ERR,ERR,ERR,ERR,ERR,ERR,ERR,ERR,ERR,ERR,ERR,ERR,ERR,ERR,ERR,ERR,ERR,ERR,ERR,ERR,ERR,ERR,ERR,ERR,ERR,ERR,ERR,ERR,ERR,ERR,ERR,ERR,ERR,ERR,ERR,ERR,ERR,ERR,ERR,ERR,ERR,ERR,ERR,ERR,ERR,ERR,ERR,ERR,ERR,ERR,ERR,ERR,ERR,ERR,ERR,0.0,-0.0,0.0,0.0,0.0,-2510917.25,-0.0,-6517957120.0,4300,0,8,17169,4300,0.0,41,0.0,0.0,0.0,0.0,0.0,0,0,0,0,0.0,0,0,0,0,0,0,0,0,0,0,0,0,0,0,0,0,0,0,0,0,0,0,0,0,0,0,0,0,0,0,0,0,0,10,38,37,47,65476,408,65476,1,0,4,21553,0.0,0.0,0.0,0.0,0.0,0.0,0.0,0.0,0.0,0.0,0.0,0.0,0.0,0.0,0.0,0.0,0.0,0.0,0.0,0.0,0.0,2.004,0.0,-0.0,-3.697074863047967e+19,-0.0,0.0,0.0,0.0,0.0,6612.0,-2.4230023160510894e+24,0.0,0.0,-0.0,-107616248.0,0.0,0.0,0.0,2.004,2.004,227,5.848055683159391e+35,3.222024903336656e+26,0.0,0.0,0.0,0.0,0.0,0.0,0.0,0,0,0,1.264787946974976e+23,-7.414398420334724e+24,-1.0538794776444488e+29,-0.0,0.0,41.064,-0.0,-0.0,3.726410629429002e+24,-6.532908356709793e+36,-6921409024.0,2.3357129085622474e+22,0.0,5.696,0.0,0.0,0,1.3516416376850534e+27,227,0.0,454,0.0,0.0,2112,52429,17109,52429,17111,52429,17095,0,0,0,101,100,100,0.0,66.5,0.0,67.3,-0.0,66.5,1,49,50,180,39322,52429,0,0,0.0,0.0,0.0,60.0,3.298251553768963e+25,71.0,0.0,-0.0,0.0,1068,0,1069,0,0,0,1069,0,1079,0,1000,0,668,0,670,0,665,0,681,0.032,1.770887431076117e+22,-0.0,2.730234856211355e+23,12176,16814,3.298251553768963e+25,-0.0,-0.0,3.110941066247582e+23,0.0,4.4065394086487825e+26,50.0,60.0,35,0.0,0.0,10.0,2.0,0.0,0.0,0.0,0.0,0.0,0.0,0.0,0.0,0.0,0.0,0.0,0.0,59.2,52,12,65510,27,65476,0,300,0,0,8,20529,65476,0,0,30147,60.0,0.0,10.0,10.0,2.0,0.0
2026-02-16T12:55:28,ERR,ERR,ERR,ERR,ERR,ERR,ERR,ERR,ERR,ERR,ERR,ERR,ERR,ERR,ERR,ERR,ERR,ERR,ERR,ERR,ERR,ERR,ERR,ERR,ERR,ERR,ERR,ERR,ERR,ERR,ERR,ERR,ERR,ERR,ERR,ERR,ERR,ERR,ERR,ERR,ERR,ERR,ERR,ERR,ERR,ERR,ERR,ERR,ERR,ERR,ERR,ERR,ERR,ERR,ERR,ERR,ERR,ERR,ERR,ERR,ERR,ERR,ERR,ERR,ERR,ERR,ERR,ERR,ERR,ERR,ERR,ERR,ERR,ERR,ERR,ERR,ERR,ERR,ERR,ERR,ERR,ERR,ERR,ERR,ERR,ERR,ERR,ERR,ERR,ERR,ERR,ERR,ERR,ERR,ERR,ERR,ERR,ERR,ERR,ERR,ERR,ERR,ERR,ERR,ERR,ERR,ERR,ERR,ERR,ERR,ERR,ERR,ERR,ERR,ERR,ERR,ERR,ERR,ERR,ERR,ERR,ERR,ERR,ERR,ERR,0.0,-0.0,0.0,0.0,0.0,-2510917.25,-0.0,-6517957120.0,4300,0,8,17169,4300,0.0,41,0.0,0.0,0.0,0.0,0.0,0,0,0,0,0.0,0,0,0,0,0,0,0,0,0,0,0,0,0,0,0,0,0,0,0,0,0,0,0,0,0,0,0,0,0,0,0,0,0,10,38,37,47,65476,408,65476,1,0,4,21553,0.0,0.0,0.0,0.0,0.0,0.0,0.0,0.0,0.0,0.0,0.0,0.0,0.0,0.0,0.0,0.0,0.0,0.0,0.0,0.0,0.0,2.004,0.0,-0.0,-3.697074863047967e+19,-0.0,0.0,0.0,0.0,0.0,6612.0,-2.4230023160510894e+24,0.0,0.0,-0.0,-107616248.0,0.0,0.0,0.0,2.004,2.004,227,5.848055683159391e+35,3.222024903336656e+26,0.0,0.0,0.0,0.0,0.0,0.0,0.0,0,0,0,1.264787946974976e+23,-7.414398420334724e+24,-1.0538794776444488e+29,-0.0,0.0,41.064,-0.0,-0.0,3.726410629429002e+24,-6.532908356709793e+36,-6921409024.0,2.3357129085622474e+22,0.0,5.696,0.0,0.0,0,1.3516416376850534e+27,227,0.0,454,0.0,0.0,2112,52429,17109,52429,17111,0,17096,0,0,0,101,100,100,0.0,66.5,0.0,67.3,-0.0,66.5,1,49,50,180,39322,52429,0,0,0.0,0.0,0.0,60.0,4.044098150023419e+26,71.0,0.0,-2713688112889856.0,0.0,1068,0,1069,0,0,0,1069,0,1080,0,1000,0,668,0,670,0,666,0,681,0.032,1.4609821306377965e+22,2.004,0.0,13712,16814,3.451574488899147e+30,14929672273920.0,5.439521534299341e+16,-0.0,0.0,0.0,50.0,60.0,35,0.0,0.0,10.0,2.0,0.0,0.0,0.0,0.0,0.0,0.0,0.0,0.0,0.0,0.0,0.0,0.0,58.8,52,12,65510,27,65476,0,300,0,0,8,20529,65476,0,0,30147,60.0,0.0,10.0,10.0,2.0,0.0
2026-02-16T12:55:29,ERR,ERR,ERR,ERR,ERR,ERR,ERR,ERR,ERR,ERR,ERR,ERR,ERR,ERR,ERR,ERR,ERR,ERR,ERR,ERR,ERR,ERR,ERR,ERR,ERR,ERR,ERR,ERR,ERR,ERR,ERR,ERR,ERR,ERR,ERR,ERR,ERR,ERR,ERR,ERR,ERR,ERR,ERR,ERR,ERR,ERR,ERR,ERR,ERR,ERR,ERR,ERR,ERR,ERR,ERR,ERR,ERR,ERR,ERR,ERR,ERR,ERR,ERR,ERR,ERR,ERR,ERR,ERR,ERR,ERR,ERR,ERR,ERR,ERR,ERR,ERR,ERR,ERR,ERR,ERR,ERR,ERR,ERR,ERR,ERR,ERR,ERR,ERR,ERR,ERR,ERR,ERR,ERR,ERR,ERR,ERR,ERR,ERR,ERR,ERR,ERR,ERR,ERR,ERR,ERR,ERR,ERR,ERR,ERR,ERR,ERR,ERR,ERR,ERR,ERR,ERR,ERR,ERR,ERR,ERR,ERR,ERR,ERR,ERR,ERR,0.0,-0.0,0.0,0.0,0.0,-2510917.25,-0.0,-6517957120.0,4300,0,8,17169,4300,0.0,41,0.0,0.0,0.0,0.0,0.0,0,0,0,0,0.0,0,0,0,0,0,0,0,0,0,0,0,0,0,0,0,0,0,0,0,0,0,0,0,0,0,0,0,0,0,0,0,0,0,10,38,37,47,65476,408,65476,1,0,4,21553,0.0,0.0,0.0,0.0,0.0,0.0,0.0,0.0,0.0,0.0,0.0,0.0,0.0,0.0,0.0,0.0,0.0,0.0,0.0,0.0,0.0,2.004,0.0,-0.0,-3.697074863047967e+19,-0.0,0.0,0.0,0.0,0.0,6612.0,-2.4230023160510894e+24,0.0,0.0,-0.0,-107616248.0,0.0,0.0,0.0,2.004,2.004,227,5.848055683159391e+35,3.222024903336656e+26,0.0,0.0,0.0,0.0,0.0,0.0,0.0,0,0,0,1.264787946974976e+23,-7.414398420334724e+24,-1.0538794776444488e+29,-0.0,0.0,41.064,-0.0,-0.0,3.726410629429002e+24,-6.532908356709793e+36,-6921409024.0,2.3357129085622474e+22,0.0,5.696,0.0,0.0,0,1.3516416376850534e+27,227,0.0,454,0.0,0.0,2112,52429,17109,52429,17111,0,17096,0,0,0,101,100,100,0.0,66.5,0.0,67.3,-0.0,66.5,1,49,50,180,39322,52429,0,0,0.0,0.0,0.0,60.0,4.044098150023419e+26,71.0,0.0,-2713688112889856.0,0.0,1068,0,1069,0,0,0,1069,0,1080,0,1000,0,668,0,670,0,666,0,681,0.032,1.4609821306377965e+22,2.004,0.0,13712,16814,3.451574488899147e+30,14929672273920.0,5.439521534299341e+16,-0.0,0.0,0.0,50.0,60.0,35,0.0,0.0,10.0,2.0,0.0,0.0,0.0,0.0,0.0,0.0,0.0,0.0,0.0,0.0,0.0,0.0,58.8,52,12,65510,27,65476,0,300,0,0,8,20529,65476,0,0,30147,60.0,0.0,10.0,10.0,2.0,0.0
2026-02-16T12:55:30,ERR,ERR,ERR,ERR,ERR,ERR,ERR,ERR,ERR,ERR,ERR,ERR,ERR,ERR,ERR,ERR,ERR,ERR,ERR,ERR,ERR,ERR,ERR,ERR,ERR,ERR,ERR,ERR,ERR,ERR,ERR,ERR,ERR,ERR,ERR,ERR,ERR,ERR,ERR,ERR,ERR,ERR,ERR,ERR,ERR,ERR,ERR,ERR,ERR,ERR,ERR,ERR,ERR,ERR,ERR,ERR,ERR,ERR,ERR,ERR,ERR,ERR,ERR,ERR,ERR,ERR,ERR,ERR,ERR,ERR,ERR,ERR,ERR,ERR,ERR,ERR,ERR,ERR,ERR,ERR,ERR,ERR,ERR,ERR,ERR,ERR,ERR,ERR,ERR,ERR,ERR,ERR,ERR,ERR,ERR,ERR,ERR,ERR,ERR,ERR,ERR,ERR,ERR,ERR,ERR,ERR,ERR,ERR,ERR,ERR,ERR,ERR,ERR,ERR,ERR,ERR,ERR,ERR,ERR,ERR,ERR,ERR,ERR,ERR,ERR,0.0,-0.0,0.0,0.0,0.0,-2510917.25,-0.0,-6517957120.0,4300,0,8,17169,4300,0.0,41,0.0,0.0,0.0,0.0,0.0,0,0,0,0,0.0,0,0,0,0,0,0,0,0,0,0,0,0,0,0,0,0,0,0,0,0,0,0,0,0,0,0,0,0,0,0,0,0,0,10,38,37,47,65476,408,65476,1,0,4,21553,0.0,0.0,0.0,0.0,0.0,0.0,0.0,0.0,0.0,0.0,0.0,0.0,0.0,0.0,0.0,0.0,0.0,0.0,0.0,0.0,0.0,2.004,0.0,-0.0,-3.697074863047967e+19,-0.0,0.0,0.0,0.0,0.0,6612.0,-2.4230023160510894e+24,0.0,0.0,-0.0,-107616248.0,0.0,0.0,0.0,2.004,2.004,227,5.848055683159391e+35,3.222024903336656e+26,0.0,0.0,0.0,0.0,0.0,0.0,0.0,0,0,0,1.264787946974976e+23,-7.414398420334724e+24,-1.0538794776444488e+29,-0.0,0.0,41.064,-0.0,-0.0,3.726410629429002e+24,-6.532908356709793e+36,-6921409024.0,2.3357129085622474e+22,0.0,5.696,0.0,0.0,0,1.3516416376850534e+27,227,0.0,454,0.0,0.0,2112,52429,17109,52429,17111,0,17096,0,0,0,101,100,100,0.0,66.5,0.0,67.3,-0.0,66.5,1,49,50,180,39322,52429,0,0,0.0,0.0,0.0,60.0,4.044098150023419e+26,71.0,0.0,-2713688112889856.0,0.0,1068,0,1069,0,0,0,1069,0,1080,0,1000,0,668,0,670,0,666,0,681,0.032,1.4609821306377965e+22,2.004,0.0,13712,16814,3.451574488899147e+30,14929672273920.0,5.439521534299341e+16,-0.0,0.0,0.0,50.0,60.0,35,0.0,0.0,10.0,2.0,0.0,0.0,0.0,0.0,0.0,0.0,0.0,0.0,0.0,0.0,0.0,0.0,58.8,52,12,65510,27,65476,0,300,0,0,8,20529,65476,0,0,30147,60.0,0.0,10.0,10.0,2.0,0.0
2026-02-16T12:55:31,ERR,ERR,ERR,ERR,ERR,ERR,ERR,ERR,ERR,ERR,ERR,ERR,ERR,ERR,ERR,ERR,ERR,ERR,ERR,ERR,ERR,ERR,ERR,ERR,ERR,ERR,ERR,ERR,ERR,ERR,ERR,ERR,ERR,ERR,ERR,ERR,ERR,ERR,ERR,ERR,ERR,ERR,ERR,ERR,ERR,ERR,ERR,ERR,ERR,ERR,ERR,ERR,ERR,ERR,ERR,ERR,ERR,ERR,ERR,ERR,ERR,ERR,ERR,ERR,ERR,ERR,ERR,ERR,ERR,ERR,ERR,ERR,ERR,ERR,ERR,ERR,ERR,ERR,ERR,ERR,ERR,ERR,ERR,ERR,ERR,ERR,ERR,ERR,ERR,ERR,ERR,ERR,ERR,ERR,ERR,ERR,ERR,ERR,ERR,ERR,ERR,ERR,ERR,ERR,ERR,ERR,ERR,ERR,ERR,ERR,ERR,ERR,ERR,ERR,ERR,ERR,ERR,ERR,ERR,ERR,ERR,ERR,ERR,ERR,ERR,0.0,-0.0,0.0,0.0,0.0,-1.3095411501944602e+28,-816239.562,-0.0,4300,0,8,17169,4300,0.0,41,0.0,0.0,0.0,0.0,0.0,0,0,0,0,0.0,0,0,0,0,0,0,0,0,0,0,0,0,0,0,0,0,0,0,0,0,0,0,0,0,0,0,0,0,0,0,0,0,0,10,38,37,47,65476,407,65476,1,0,4,21553,0.0,-0.0,0.0,0.0,0.0,0.0,0.0,0.0,0.0,0.0,0.0,0.0,0.0,0.0,0.0,0.0,0.0,0.0,0.0,0.0,0.0,2.004,2.004,-0.0,-3.697074863047967e+19,-0.0,0.0,0.0,0.0,0.0,6613.0,-3.697208123857253e+19,0.0,0.0,-0.0,-107616248.0,0.0,0.0,0.0,2.004,2.004,228,-0.0,2.7184282194282406e+23,0.0,0.0,0.0,0.0,0.0,0.0,0.0,0,0,0,5.468010809854757e+22,-1.135,-4.2134307751177985e+26,24.407,0.0,4.595007279480993e+24,0.0,161767552.0,-3.565285622531945e+21,-7.072907229997415e+36,-7391171072.0,2.5423164421877944e+22,0.0,6.102,0.0,2297806.75,0,1.3516416376850534e+27,228,0.0,456,-621855232.0,5.6142779363101766e+35,2112,0,17110,52429,17111,52429,17095,0,0,0,101,100,100,0.0,66.5,0.0,67.3,-0.0,66.5,1,49,50,180,39322,52429,0,0,0.0,0.0,0.0,60.0,1.3758540960864416e+27,71.0,0.0,-0.0,0.0,1068,0,1069,0,0,0,1069,0,1080,0,999,0,668,0,670,0,665,0,681,0.032,1.4462247353788288e+22,2.004,0.0,13712,16814,1.3758540960864416e+27,-0.0,-495453440.0,0.0,1.1529675539130368e+22,-0.0,50.0,60.0,35,0.0,0.0,10.0,2.0,0.0,0.0,0.0,0.0,0.0,0.0,0.0,0.0,0.0,0.0,0.0,0.0,58.8,52,12,65510,27,65476,0,300,0,0,8,20529,65476,0,0,30147,60.0,0.0,10.0,10.0,2.0,0.0
2026-02-16T12:55:32,ERR,ERR,ERR,ERR,ERR,ERR,ERR,ERR,ERR,ERR,ERR,ERR,ERR,ERR,ERR,ERR,ERR,ERR,ERR,ERR,ERR,ERR,ERR,ERR,ERR,ERR,ERR,ERR,ERR,ERR,ERR,ERR,ERR,ERR,ERR,ERR,ERR,ERR,ERR,ERR,ERR,ERR,ERR,ERR,ERR,ERR,ERR,ERR,ERR,ERR,ERR,ERR,ERR,ERR,ERR,ERR,ERR,ERR,ERR,ERR,ERR,ERR,ERR,ERR,ERR,ERR,ERR,ERR,ERR,ERR,ERR,ERR,ERR,ERR,ERR,ERR,ERR,ERR,ERR,ERR,ERR,ERR,ERR,ERR,ERR,ERR,ERR,ERR,ERR,ERR,ERR,ERR,ERR,ERR,ERR,ERR,ERR,ERR,ERR,ERR,ERR,ERR,ERR,ERR,ERR,ERR,ERR,ERR,ERR,ERR,ERR,ERR,ERR,ERR,ERR,ERR,ERR,ERR,ERR,ERR,ERR,ERR,ERR,ERR,ERR,0.0,-0.0,0.0,0.0,0.0,-1.3095411501944602e+28,-816239.562,-0.0,4300,0,8,17169,4300,0.0,41,0.0,0.0,0.0,0.0,0.0,0,0,0,0,0.0,0,0,0,0,0,0,0,0,0,0,0,0,0,0,0,0,0,0,0,0,0,0,0,0,0,0,0,0,0,0,0,0,0,10,38,37,47,65476,407,65476,1,0,4,21553,0.0,-0.0,0.0,0.0,0.0,0.0,0.0,0.0,0.0,0.0,0.0,0.0,0.0,0.0,0.0,0.0,0.0,0.0,0.0,0.0,0.0,2.004,2.004,-0.0,-3.697074863047967e+19,-0.0,0.0,0.0,0.0,0.0,6613.0,-3.697208123857253e+19,0.0,0.0,-0.0,-107616248.0,0.0,0.0,0.0,2.004,2.004,228,-0.0,2.7184282194282406e+23,0.0,0.0,0.0,0.0,0.0,0.0,0.0,0,0,0,5.468010809854757e+22,-1.135,-4.2134307751177985e+26,24.407,0.0,4.595007279480993e+24,0.0,161767552.0,-3.565285622531945e+21,-7.072907229997415e+36,-7391171072.0,2.5423164421877944e+22,0.0,6.102,0.0,2297806.75,0,1.3516416376850534e+27,228,0.0,456,-621855232.0,5.6142779363101766e+35,2112,0,17110,52429,17111,52429,17095,0,0,0,101,100,100,0.0,66.5,0.0,67.3,-0.0,66.5,1,49,50,180,39322,52429,0,0,0.0,0.0,0.0,60.0,1.3758540960864416e+27,71.0,0.0,-0.0,0.0,1068,0,1069,0,0,0,1069,0,1080,0,999,0,668,0,670,0,665,0,681,0.032,1.4462247353788288e+22,2.004,0.0,13712,16814,1.3758540960864416e+27,-0.0,-495453440.0,0.0,1.1529675539130368e+22,-0.0,50.0,60.0,35,0.0,0.0,10.0,2.0,0.0,0.0,0.0,0.0,0.0,0.0,0.0,0.0,0.0,0.0,0.0,0.0,58.8,52,12,65510,27,65476,0,300,0,0,8,20529,65476,0,0,30147,60.0,0.0,10.0,10.0,2.0,0.0
2026-02-16T12:55:33,ERR,ERR,ERR,ERR,ERR,ERR,ERR,ERR,ERR,ERR,ERR,ERR,ERR,ERR,ERR,ERR,ERR,ERR,ERR,ERR,ERR,ERR,ERR,ERR,ERR,ERR,ERR,ERR,ERR,ERR,ERR,ERR,ERR,ERR,ERR,ERR,ERR,ERR,ERR,ERR,ERR,ERR,ERR,ERR,ERR,ERR,ERR,ERR,ERR,ERR,ERR,ERR,ERR,ERR,ERR,ERR,ERR,ERR,ERR,ERR,ERR,ERR,ERR,ERR,ERR,ERR,ERR,ERR,ERR,ERR,ERR,ERR,ERR,ERR,ERR,ERR,ERR,ERR,ERR,ERR,ERR,ERR,ERR,ERR,ERR,ERR,ERR,ERR,ERR,ERR,ERR,ERR,ERR,ERR,ERR,ERR,ERR,ERR,ERR,ERR,ERR,ERR,ERR,ERR,ERR,ERR,ERR,ERR,ERR,ERR,ERR,ERR,ERR,ERR,ERR,ERR,ERR,ERR,ERR,ERR,ERR,ERR,ERR,ERR,ERR,0.0,-0.0,0.0,0.0,0.0,-1.3095411501944602e+28,-816239.562,-0.0,4300,0,8,17169,4300,0.0,41,0.0,0.0,0.0,0.0,0.0,0,0,0,0,0.0,0,0,0,0,0,0,0,0,0,0,0,0,0,0,0,0,0,0,0,0,0,0,0,0,0,0,0,0,0,0,0,0,0,10,38,37,47,65476,407,65476,1,0,4,21553,0.0,-0.0,0.0,0.0,0.0,0.0,0.0,0.0,0.0,0.0,0.0,0.0,0.0,0.0,0.0,0.0,0.0,0.0,0.0,0.0,0.0,2.004,2.004,-0.0,-3.697074863047967e+19,-0.0,0.0,0.0,0.0,0.0,6613.0,-3.697208123857253e+19,0.0,0.0,-0.0,-107616248.0,0.0,0.0,0.0,2.004,2.004,228,-0.0,2.7184282194282406e+23,0.0,0.0,0.0,0.0,0.0,0.0,0.0,0,0,0,5.468010809854757e+22,-1.135,-4.2134307751177985e+26,24.407,0.0,4.595007279480993e+24,0.0,161767552.0,-3.565285622531945e+21,-7.072907229997415e+36,-7391171072.0,2.5423164421877944e+22,0.0,6.102,0.0,2297806.75,0,1.3516416376850534e+27,228,0.0,456,-621855232.0,5.6142779363101766e+35,2112,0,17110,52429,17111,52429,17095,0,0,0,101,100,100,0.0,66.5,0.0,67.3,-0.0,66.5,1,49,50,180,39322,52429,0,0,0.0,0.0,0.0,60.0,1.3758540960864416e+27,71.0,0.0,-0.0,0.0,1068,0,1069,0,0,0,1069,0,1080,0,999,0,668,0,670,0,665,0,681,0.032,1.4462247353788288e+22,2.004,0.0,13712,16814,1.3758540960864416e+27,-0.0,-495453440.0,0.0,1.1529675539130368e+22,-0.0,50.0,60.0,35,0.0,0.0,10.0,2.0,0.0,0.0,0.0,0.0,0.0,0.0,0.0,0.0,0.0,0.0,0.0,0.0,58.8,52,12,65510,27,65476,0,300,0,0,8,20529,65476,0,0,30147,60.0,0.0,10.0,10.0,2.0,0.0
2026-02-16T12:55:34,ERR,ERR,ERR,ERR,ERR,ERR,ERR,ERR,ERR,ERR,ERR,ERR,ERR,ERR,ERR,ERR,ERR,ERR,ERR,ERR,ERR,ERR,ERR,ERR,ERR,ERR,ERR,ERR,ERR,ERR,ERR,ERR,ERR,ERR,ERR,ERR,ERR,ERR,ERR,ERR,ERR,ERR,ERR,ERR,ERR,ERR,ERR,ERR,ERR,ERR,ERR,ERR,ERR,ERR,ERR,ERR,ERR,ERR,ERR,ERR,ERR,ERR,ERR,ERR,ERR,ERR,ERR,ERR,ERR,ERR,ERR,ERR,ERR,ERR,ERR,ERR,ERR,ERR,ERR,ERR,ERR,ERR,ERR,ERR,ERR,ERR,ERR,ERR,ERR,ERR,ERR,ERR,ERR,ERR,ERR,ERR,ERR,ERR,ERR,ERR,ERR,ERR,ERR,ERR,ERR,ERR,ERR,ERR,ERR,ERR,ERR,ERR,ERR,ERR,ERR,ERR,ERR,ERR,ERR,ERR,ERR,ERR,ERR,ERR,ERR,0.0,-0.0,0.0,0.0,0.0,-1.3095411501944602e+28,-816239.562,-0.0,4300,0,8,17169,4300,0.0,41,0.0,0.0,0.0,0.0,0.0,0,0,0,0,0.0,0,0,0,0,0,0,0,0,0,0,0,0,0,0,0,0,0,0,0,0,0,0,0,0,0,0,0,0,0,0,0,0,0,10,38,37,47,65476,407,65476,1,0,4,21553,0.0,-0.0,0.0,0.0,0.0,0.0,0.0,0.0,0.0,0.0,0.0,0.0,0.0,0.0,0.0,0.0,0.0,0.0,0.0,0.0,0.0,2.004,2.004,-0.0,-3.697074863047967e+19,-0.0,0.0,0.0,0.0,0.0,6613.0,-3.697208123857253e+19,0.0,0.0,-0.0,-107616248.0,0.0,0.0,0.0,2.004,2.004,228,-0.0,2.7184282194282406e+23,0.0,0.0,0.0,0.0,0.0,0.0,0.0,0,0,0,5.468010809854757e+22,-1.135,-4.2134307751177985e+26,24.407,0.0,4.595007279480993e+24,0.0,161767552.0,-3.565285622531945e+21,-7.072907229997415e+36,-7391171072.0,2.5423164421877944e+22,0.0,6.102,0.0,2297806.75,0,1.3516416376850534e+27,228,0.0,456,-621855232.0,5.6142779363101766e+35,2112,52429,17109,52429,17111,52429,17095,0,0,0,101,100,100,0.0,66.5,0.0,67.3,-0.0,66.5,1,49,50,180,39322,52429,0,0,0.0,0.0,0.0,60.0,4.724675129783958e+27,71.0,0.0,-5321823109513216.0,0.0,1069,0,1069,0,0,0,1069,0,1079,0,999,0,668,0,670,0,666,0,680,0.032,1.4536034330083127e+22,0.0,0.0,22160,16814,1.4747578403523052e+29,-0.0,-420564539801600.0,-3.524102512394739e+26,9.424204838638256e+28,-0.0,50.0,60.0,35,0.0,0.0,10.0,2.0,0.0,0.0,0.0,0.0,0.0,0.0,0.0,0.0,0.0,0.0,0.0,0.0,58.8,52,12,65510,27,65476,0,300,0,0,8,20529,65476,0,0,30147,60.0,0.0,10.0,10.0,2.0,0.0
2026-02-16T12:55:35,ERR,ERR,ERR,ERR,ERR,ERR,ERR,ERR,ERR,ERR,ERR,ERR,ERR,ERR,ERR,ERR,ERR,ERR,ERR,ERR,ERR,ERR,ERR,ERR,ERR,ERR,ERR,ERR,ERR,ERR,ERR,ERR,ERR,ERR,ERR,ERR,ERR,ERR,ERR,ERR,ERR,ERR,ERR,ERR,ERR,ERR,ERR,ERR,ERR,ERR,ERR,ERR,ERR,ERR,ERR,ERR,ERR,ERR,ERR,ERR,ERR,ERR,ERR,ERR,ERR,ERR,ERR,ERR,ERR,ERR,ERR,ERR,ERR,ERR,ERR,ERR,ERR,ERR,ERR,ERR,ERR,ERR,ERR,ERR,ERR,ERR,ERR,ERR,ERR,ERR,ERR,ERR,ERR,ERR,ERR,ERR,ERR,ERR,ERR,ERR,ERR,ERR,ERR,ERR,ERR,ERR,ERR,ERR,ERR,ERR,ERR,ERR,ERR,ERR,ERR,ERR,ERR,ERR,ERR,ERR,ERR,ERR,ERR,ERR,ERR,0.0,-0.0,0.0,0.0,0.0,-1.3095411501944602e+28,-816239.562,-0.0,4300,0,8,17169,4300,0.0,41,0.0,0.0,0.0,0.0,0.0,0,0,0,0,0.0,0,0,0,0,0,0,0,0,0,0,0,0,0,0,0,0,0,0,0,0,0,0,0,0,0,0,0,0,0,0,0,0,0,10,38,37,47,65476,407,65476,1,0,4,21553,0.0,-0.0,0.0,0.0,0.0,0.0,0.0,0.0,0.0,0.0,0.0,0.0,0.0,0.0,0.0,0.0,0.0,0.0,0.0,0.0,0.0,2.004,2.004,-0.0,-3.697074863047967e+19,-0.0,0.0,0.0,0.0,0.0,6613.0,-3.697208123857253e+19,0.0,0.0,-0.0,-107616248.0,0.0,0.0,0.0,2.004,2.004,228,-0.0,2.7184282194282406e+23,0.0,0.0,0.0,0.0,0.0,0.0,0.0,0,0,0,5.468010809854757e+22,-1.135,-4.2134307751177985e+26,24.407,0.0,4.595007279480993e+24,0.0,161767552.0,-3.565285622531945e+21,-7.072907229997415e+36,-7391171072.0,2.5423164421877944e+22,0.0,6.102,0.0,2297806.75,0,1.3516416376850534e+27,228,0.0,456,-621855232.0,5.6142779363101766e+35,2112,52429,17109,52429,17111,52429,17095,0,0,0,101,100,100,0.0,66.5,0.0,67.3,-0.0,66.5,1,49,50,180,39322,52429,0,0,0.0,0.0,0.0,60.0,4.724675129783958e+27,71.0,0.0,-5321823109513216.0,0.0,1069,0,1069,0,0,0,1069,0,1079,0,999,0,668,0,670,0,666,0,680,0.032,1.4536034330083127e+22,0.0,0.0,22160,16814,1.4747578403523052e+29,-0.0,-420564539801600.0,-3.524102512394739e+26,9.424204838638256e+28,-0.0,50.0,60.0,35,0.0,0.0,10.0,2.0,0.0,0.0,0.0,0.0,0.0,0.0,0.0,0.0,0.0,0.0,0.0,0.0,58.8,52,12,65510,27,65476,0,300,0,0,8,20529,65476,0,0,30147,60.0,0.0,10.0,10.0,2.0,0.0
2026-02-16T12:55:36,ERR,ERR,ERR,ERR,ERR,ERR,ERR,ERR,ERR,ERR,ERR,ERR,ERR,ERR,ERR,ERR,ERR,ERR,ERR,ERR,ERR,ERR,ERR,ERR,ERR,ERR,ERR,ERR,ERR,ERR,ERR,ERR,ERR,ERR,ERR,ERR,ERR,ERR,ERR,ERR,ERR,ERR,ERR,ERR,ERR,ERR,ERR,ERR,ERR,ERR,ERR,ERR,ERR,ERR,ERR,ERR,ERR,ERR,ERR,ERR,ERR,ERR,ERR,ERR,ERR,ERR,ERR,ERR,ERR,ERR,ERR,ERR,ERR,ERR,ERR,ERR,ERR,ERR,ERR,ERR,ERR,ERR,ERR,ERR,ERR,ERR,ERR,ERR,ERR,ERR,ERR,ERR,ERR,ERR,ERR,ERR,ERR,ERR,ERR,ERR,ERR,ERR,ERR,ERR,ERR,ERR,ERR,ERR,ERR,ERR,ERR,ERR,ERR,ERR,ERR,ERR,ERR,ERR,ERR,ERR,ERR,ERR,ERR,ERR,ERR,0.0,-0.0,0.0,0.0,0.0,-18451760414720.0,-0.0,-1306.002,4300,0,8,17169,4300,0.0,41,0.0,0.0,0.0,0.0,0.0,0,0,0,0,0.0,0,0,0,0,0,0,0,0,0,0,0,0,0,0,0,0,0,0,0,0,0,0,0,0,0,0,0,0,0,0,0,0,0,10,38,37,47,65476,407,65476,1,0,4,21553,0.0,2.7183305813883192e+23,0.0,0.0,0.0,0.0,0.0,0.0,0.0,0.0,0.0,0.0,0.0,0.0,-2.600982585120823e+33,0.0,0.0,0.0,0.0,0.0,0.0,2.004,2.004,-2.004,-3.697074863047967e+19,-0.0,0.0,0.0,0.0,0.0,6614.0,-2.4230023160510894e+24,0.0,0.0,-0.0,-107616248.0,0.0,0.0,0.0,2.004,2.004,228,-0.0,1.905696230688686e+17,0.0,0.0,0.0,0.0,0.0,0.0,0.0,0,0,0,6.890990665237266e+18,-4.129116522261617e+19,-8.613738331546583e+17,0.0,0.0,2.0109262279755694e+18,2.108026353823305e+19,0.0,-3.439986835158149e+26,-7.612906103285037e+36,-7793824256.0,2.7046477900364384e+22,0.0,6.477,0.0,5.714212142148083e+30,0,1.3516416376850534e+27,228,0.0,458,-621855232.0,5.6142779363101766e+35,2112,52429,17109,52429,17111,52429,17095,0,0,0,101,100,100,0.0,66.5,0.0,67.3,-0.0,66.5,1,49,50,180,39322,52429,0,0,0.0,0.0,0.0,60.0,4.724675129783958e+27,71.0,0.0,-5321823109513216.0,0.0,1069,0,1069,0,0,0,1069,0,1079,0,999,0,668,0,670,0,666,0,680,0.032,1.4536034330083127e+22,0.0,0.0,22160,16814,1.4747578403523052e+29,-0.0,-420564539801600.0,-3.524102512394739e+26,9.424204838638256e+28,-0.0,50.0,60.0,35,0.0,0.0,10.0,2.0,0.0,0.0,0.0,0.0,0.0,0.0,0.0,0.0,0.0,0.0,0.0,0.0,58.8,52,12,65510,27,65476,0,300,0,0,8,20529,65476,0,0,30147,60.0,0.0,10.0,10.0,2.0,0.0
2026-02-16T12:55:37,ERR,ERR,ERR,ERR,ERR,ERR,ERR,ERR,ERR,ERR,ERR,ERR,ERR,ERR,ERR,ERR,ERR,ERR,ERR,ERR,ERR,ERR,ERR,ERR,ERR,ERR,ERR,ERR,ERR,ERR,ERR,ERR,ERR,ERR,ERR,ERR,ERR,ERR,ERR,ERR,ERR,ERR,ERR,ERR,ERR,ERR,ERR,ERR,ERR,ERR,ERR,ERR,ERR,ERR,ERR,ERR,ERR,ERR,ERR,ERR,ERR,ERR,ERR,ERR,ERR,ERR,ERR,ERR,ERR,ERR,ERR,ERR,ERR,ERR,ERR,ERR,ERR,ERR,ERR,ERR,ERR,ERR,ERR,ERR,ERR,ERR,ERR,ERR,ERR,ERR,ERR,ERR,ERR,ERR,ERR,ERR,ERR,ERR,ERR,ERR,ERR,ERR,ERR,ERR,ERR,ERR,ERR,ERR,ERR,ERR,ERR,ERR,ERR,ERR,ERR,ERR,ERR,ERR,ERR,ERR,ERR,ERR,ERR,ERR,ERR,0.0,-0.0,0.0,0.0,0.0,-18451760414720.0,-0.0,-1306.002,4300,0,8,17169,4300,0.0,41,0.0,0.0,0.0,0.0,0.0,0,0,0,0,0.0,0,0,0,0,0,0,0,0,0,0,0,0,0,0,0,0,0,0,0,0,0,0,0,0,0,0,0,0,0,0,0,0,0,10,38,37,47,65476,407,65476,1,0,4,21553,0.0,2.7183305813883192e+23,0.0,0.0,0.0,0.0,0.0,0.0,0.0,0.0,0.0,0.0,0.0,0.0,-2.600982585120823e+33,0.0,0.0,0.0,0.0,0.0,0.0,2.004,2.004,-2.004,-3.697074863047967e+19,-0.0,0.0,0.0,0.0,0.0,6614.0,-2.4230023160510894e+24,0.0,0.0,-0.0,-107616248.0,0.0,0.0,0.0,2.004,2.004,228,-0.0,1.905696230688686e+17,0.0,0.0,0.0,0.0,0.0,0.0,0.0,0,0,0,6.890990665237266e+18,-4.129116522261617e+19,-8.613738331546583e+17,0.0,0.0,2.0109262279755694e+18,2.108026353823305e+19,0.0,-3.439986835158149e+26,-7.612906103285037e+36,-7793824256.0,2.7046477900364384e+22,0.0,6.477,0.0,5.714212142148083e+30,0,1.3516416376850534e+27,228,0.0,458,-621855232.0,5.6142779363101766e+35,2112,52429,17109,52429,17111,52429,17095,0,0,0,101,100,100,0.0,66.5,0.0,67.3,-0.0,66.5,1,49,50,180,39322,52429,0,0,0.0,0.0,0.0,60.0,4.724675129783958e+27,71.0,0.0,-5321823109513216.0,0.0,1069,0,1069,0,0,0,1069,0,1079,0,999,0,668,0,670,0,666,0,680,0.032,1.4536034330083127e+22,0.0,0.0,22160,16814,1.4747578403523052e+29,-0.0,-420564539801600.0,-3.524102512394739e+26,9.424204838638256e+28,-0.0,50.0,60.0,35,0.0,0.0,10.0,2.0,0.0,0.0,0.0,0.0,0.0,0.0,0.0,0.0,0.0,0.0,0.0,0.0,59.2,52,12,65510,27,65476,0,300,0,0,8,20529,65476,0,0,30147,60.0,0.0,10.0,10.0,2.0,0.0
2026-02-16T12:55:38,ERR,ERR,ERR,ERR,ERR,ERR,ERR,ERR,ERR,ERR,ERR,ERR,ERR,ERR,ERR,ERR,ERR,ERR,ERR,ERR,ERR,ERR,ERR,ERR,ERR,ERR,ERR,ERR,ERR,ERR,ERR,ERR,ERR,ERR,ERR,ERR,ERR,ERR,ERR,ERR,ERR,ERR,ERR,ERR,ERR,ERR,ERR,ERR,ERR,ERR,ERR,ERR,ERR,ERR,ERR,ERR,ERR,ERR,ERR,ERR,ERR,ERR,ERR,ERR,ERR,ERR,ERR,ERR,ERR,ERR,ERR,ERR,ERR,ERR,ERR,ERR,ERR,ERR,ERR,ERR,ERR,ERR,ERR,ERR,ERR,ERR,ERR,ERR,ERR,ERR,ERR,ERR,ERR,ERR,ERR,ERR,ERR,ERR,ERR,ERR,ERR,ERR,ERR,ERR,ERR,ERR,ERR,ERR,ERR,ERR,ERR,ERR,ERR,ERR,ERR,ERR,ERR,ERR,ERR,ERR,ERR,ERR,ERR,ERR,ERR,0.0,-0.0,0.0,0.0,0.0,-18451760414720.0,-0.0,-1306.002,4300,0,8,17169,4300,0.0,41,0.0,0.0,0.0,0.0,0.0,0,0,0,0,0.0,0,0,0,0,0,0,0,0,0,0,0,0,0,0,0,0,0,0,0,0,0,0,0,0,0,0,0,0,0,0,0,0,0,10,38,37,47,65476,407,65476,1,0,4,21553,0.0,2.7183305813883192e+23,0.0,0.0,0.0,0.0,0.0,0.0,0.0,0.0,0.0,0.0,0.0,0.0,-2.600982585120823e+33,0.0,0.0,0.0,0.0,0.0,0.0,2.004,2.004,-2.004,-3.697074863047967e+19,-0.0,0.0,0.0,0.0,0.0,6614.0,-2.4230023160510894e+24,0.0,0.0,-0.0,-107616248.0,0.0,0.0,0.0,2.004,2.004,228,-0.0,1.905696230688686e+17,0.0,0.0,0.0,0.0,0.0,0.0,0.0,0,0,0,6.890990665237266e+18,-4.129116522261617e+19,-8.613738331546583e+17,0.0,0.0,2.0109262279755694e+18,2.108026353823305e+19,0.0,-3.439986835158149e+26,-7.612906103285037e+36,-7793824256.0,2.7046477900364384e+22,0.0,6.477,0.0,5.714212142148083e+30,0,1.3516416376850534e+27,228,0.0,458,-621855232.0,5.6142779363101766e+35,2112,52429,17109,52429,17111,52429,17095,0,0,0,101,100,100,0.0,66.5,0.0,67.3,-0.0,66.5,1,49,50,180,39322,52429,0,0,0.0,0.0,0.0,60.0,3.191718585166611e+28,71.0,0.0,1.8032795538037932e+19,0.0,1068,0,1069,0,0,0,1069,0,1079,0,999,0,668,0,670,0,666,0,680,0.032,1.4536034330083127e+22,0.0,0.0,9104,16814,8.658619708997632e+17,-0.0,-0.0,-6712.111,0.0,11943949.0,50.0,60.0,35,0.0,0.0,10.0,2.0,0.0,0.0,0.0,0.0,0.0,0.0,0.0,0.0,0.0,0.0,0.0,0.0,59.2,52,12,65510,27,65476,0,300,0,0,8,20529,65476,0,0,30147,60.0,0.0,10.0,10.0,2.0,0.0
2026-02-16T12:55:39,ERR,ERR,ERR,ERR,ERR,ERR,ERR,ERR,ERR,ERR,ERR,ERR,ERR,ERR,ERR,ERR,ERR,ERR,ERR,ERR,ERR,ERR,ERR,ERR,ERR,ERR,ERR,ERR,ERR,ERR,ERR,ERR,ERR,ERR,ERR,ERR,ERR,ERR,ERR,ERR,ERR,ERR,ERR,ERR,ERR,ERR,ERR,ERR,ERR,ERR,ERR,ERR,ERR,ERR,ERR,ERR,ERR,ERR,ERR,ERR,ERR,ERR,ERR,ERR,ERR,ERR,ERR,ERR,ERR,ERR,ERR,ERR,ERR,ERR,ERR,ERR,ERR,ERR,ERR,ERR,ERR,ERR,ERR,ERR,ERR,ERR,ERR,ERR,ERR,ERR,ERR,ERR,ERR,ERR,ERR,ERR,ERR,ERR,ERR,ERR,ERR,ERR,ERR,ERR,ERR,ERR,ERR,ERR,ERR,ERR,ERR,ERR,ERR,ERR,ERR,ERR,ERR,ERR,ERR,ERR,ERR,ERR,ERR,ERR,ERR,0.0,-0.0,0.0,0.0,0.0,-18451760414720.0,-0.0,-1306.002,4300,0,8,17169,4300,0.0,41,0.0,0.0,0.0,0.0,0.0,0,0,0,0,0.0,0,0,0,0,0,0,0,0,0,0,0,0,0,0,0,0,0,0,0,0,0,0,0,0,0,0,0,0,0,0,0,0,0,10,38,37,47,65476,407,65476,1,0,4,21553,0.0,2.7183305813883192e+23,0.0,0.0,0.0,0.0,0.0,0.0,0.0,0.0,0.0,0.0,0.0,0.0,-2.600982585120823e+33,0.0,0.0,0.0,0.0,0.0,0.0,2.004,2.004,-2.004,-3.697074863047967e+19,-0.0,0.0,0.0,0.0,0.0,6614.0,-2.4230023160510894e+24,0.0,0.0,-0.0,-107616248.0,0.0,0.0,0.0,2.004,2.004,228,-0.0,1.905696230688686e+17,0.0,0.0,0.0,0.0,0.0,0.0,0.0,0,0,0,6.890990665237266e+18,-4.129116522261617e+19,-8.613738331546583e+17,0.0,0.0,2.0109262279755694e+18,2.108026353823305e+19,0.0,-3.439986835158149e+26,-7.612906103285037e+36,-7793824256.0,2.7046477900364384e+22,0.0,6.477,0.0,5.714212142148083e+30,0,1.3516416376850534e+27,228,0.0,458,-621855232.0,5.6142779363101766e+35,2112,52429,17109,52429,17111,52429,17095,0,0,0,101,100,100,0.0,66.5,0.0,67.3,-0.0,66.5,1,49,50,180,39322,52429,0,0,0.0,0.0,0.0,60.0,3.191718585166611e+28,71.0,0.0,1.8032795538037932e+19,0.0,1068,0,1069,0,0,0,1069,0,1079,0,999,0,668,0,670,0,666,0,680,0.032,1.4536034330083127e+22,0.0,0.0,9104,16814,8.658619708997632e+17,-0.0,-0.0,-6712.111,0.0,11943949.0,50.0,60.0,35,0.0,0.0,10.0,2.0,0.0,0.0,0.0,0.0,0.0,0.0,0.0,0.0,0.0,0.0,0.0,0.0,58.8,52,12,65510,27,65476,0,300,0,0,8,20529,65476,0,0,30147,60.0,0.0,10.0,10.0,2.0,0.0
2026-02-16T12:55:40,ERR,ERR,ERR,ERR,ERR,ERR,ERR,ERR,ERR,ERR,ERR,ERR,ERR,ERR,ERR,ERR,ERR,ERR,ERR,ERR,ERR,ERR,ERR,ERR,ERR,ERR,ERR,ERR,ERR,ERR,ERR,ERR,ERR,ERR,ERR,ERR,ERR,ERR,ERR,ERR,ERR,ERR,ERR,ERR,ERR,ERR,ERR,ERR,ERR,ERR,ERR,ERR,ERR,ERR,ERR,ERR,ERR,ERR,ERR,ERR,ERR,ERR,ERR,ERR,ERR,ERR,ERR,ERR,ERR,ERR,ERR,ERR,ERR,ERR,ERR,ERR,ERR,ERR,ERR,ERR,ERR,ERR,ERR,ERR,ERR,ERR,ERR,ERR,ERR,ERR,ERR,ERR,ERR,ERR,ERR,ERR,ERR,ERR,ERR,ERR,ERR,ERR,ERR,ERR,ERR,ERR,ERR,ERR,ERR,ERR,ERR,ERR,ERR,ERR,ERR,ERR,ERR,ERR,ERR,ERR,ERR,ERR,ERR,ERR,ERR,0.0,-0.0,2.7420187948523476e+23,0.0,-0.0,-9.297730889826631e+34,-2.2211442269120102e+17,0.0,4300,0,8,17169,4300,0.0,41,0.0,0.0,0.0,0.0,0.0,0,0,0,0,0.0,0,0,0,0,0,0,0,0,0,0,0,0,0,0,0,0,0,0,0,0,0,0,0,0,0,0,0,0,0,0,0,0,0,9,38,38,47,65476,406,65476,1,0,4,21553,0.0,0.0,0.0,0.0,0.0,0.0,0.0,0.0,0.0,0.0,0.0,0.0,0.0,0.0,0.0,0.0,0.0,0.0,0.0,0.0,0.0,2.004,2.004,-2.004,-3.697074863047967e+19,-0.0,0.0,0.0,0.0,0.0,6620.0,-1.587938797847242e+29,0.0,0.0,-0.0,-107616248.0,0.0,0.0,0.0,2.004,2.004,228,-107614784.0,4.0668763253736716e+29,0.0,0.0,0.0,0.0,0.0,0.0,0.0,0,0,0,2573093163761664.0,-2.4625066510119868e+32,-6.1235335701089126e+26,4.194152731251835e+17,0.0,0.0,-0.0,157060038656.0,390646016.0,-8.152904976572659e+36,-8196477440.0,2.8964939284030178e+22,0.0,6.821,0.0,3.526558080883206e+37,0,1.3516416376850534e+27,228,0.0,454,-621855232.0,5.6142779363101766e+35,2112,52429,17109,52429,17111,52429,17095,0,0,0,101,100,100,0.0,66.5,0.0,67.3,-0.0,66.5,1,49,50,180,39322,52429,0,0,0.0,0.0,0.0,60.0,3.191718585166611e+28,71.0,0.0,1.8032795538037932e+19,0.0,1068,0,1069,0,0,0,1069,0,1079,0,999,0,668,0,670,0,666,0,680,0.032,1.4536034330083127e+22,0.0,0.0,9104,16814,8.658619708997632e+17,-0.0,-0.0,-6712.111,0.0,11943949.0,50.0,60.0,35,0.0,0.0,10.0,2.0,0.0,0.0,0.0,0.0,0.0,0.0,0.0,0.0,0.0,0.0,0.0,0.0,58.8,52,12,65510,27,65476,0,300,0,0,8,20529,65476,0,0,30147,60.0,0.0,10.0,10.0,2.0,0.0
2026-02-16T12:55:41,ERR,ERR,ERR,ERR,ERR,ERR,ERR,ERR,ERR,ERR,ERR,ERR,ERR,ERR,ERR,ERR,ERR,ERR,ERR,ERR,ERR,ERR,ERR,ERR,ERR,ERR,ERR,ERR,ERR,ERR,ERR,ERR,ERR,ERR,ERR,ERR,ERR,ERR,ERR,ERR,ERR,ERR,ERR,ERR,ERR,ERR,ERR,ERR,ERR,ERR,ERR,ERR,ERR,ERR,ERR,ERR,ERR,ERR,ERR,ERR,ERR,ERR,ERR,ERR,ERR,ERR,ERR,ERR,ERR,ERR,ERR,ERR,ERR,ERR,ERR,ERR,ERR,ERR,ERR,ERR,ERR,ERR,ERR,ERR,ERR,ERR,ERR,ERR,ERR,ERR,ERR,ERR,ERR,ERR,ERR,ERR,ERR,ERR,ERR,ERR,ERR,ERR,ERR,ERR,ERR,ERR,ERR,ERR,ERR,ERR,ERR,ERR,ERR,ERR,ERR,ERR,ERR,ERR,ERR,ERR,ERR,ERR,ERR,ERR,ERR,0.0,-0.0,2.7420187948523476e+23,0.0,-0.0,-9.297730889826631e+34,-2.2211442269120102e+17,0.0,4300,0,8,17169,4300,0.0,41,0.0,0.0,0.0,0.0,0.0,0,0,0,0,0.0,0,0,0,0,0,0,0,0,0,0,0,0,0,0,0,0,0,0,0,0,0,0,0,0,0,0,0,0,0,0,0,0,0,9,38,38,47,65476,406,65476,1,0,4,21553,0.0,0.0,0.0,0.0,0.0,0.0,0.0,0.0,0.0,0.0,0.0,0.0,0.0,0.0,0.0,0.0,0.0,0.0,0.0,0.0,0.0,2.004,2.004,-2.004,-3.697074863047967e+19,-0.0,0.0,0.0,0.0,0.0,6620.0,-1.587938797847242e+29,0.0,0.0,-0.0,-107616248.0,0.0,0.0,0.0,2.004,2.004,228,-107614784.0,4.0668763253736716e+29,0.0,0.0,0.0,0.0,0.0,0.0,0.0,0,0,0,2573093163761664.0,-2.4625066510119868e+32,-6.1235335701089126e+26,4.194152731251835e+17,0.0,0.0,-0.0,157060038656.0,390646016.0,-8.152904976572659e+36,-8196477440.0,2.8964939284030178e+22,0.0,6.821,0.0,3.526558080883206e+37,0,1.3516416376850534e+27,228,0.0,454,-621855232.0,5.6142779363101766e+35,2112,52429,17109,52429,17111,0,17096,0,0,0,101,100,100,0.0,66.5,0.0,67.3,-0.0,66.5,1,49,50,180,39322,52429,0,0,0.0,0.0,0.0,60.0,6.4418975659550055e+22,71.0,0.0,-0.0,0.0,1068,0,1069,0,0,0,1069,0,1080,0,999,0,668,0,670,0,666,0,680,0.032,1.4609821306377965e+22,0.0,0.0,18576,16814,6.4418975659550055e+22,-0.0,-0.0,-0.0,0.0,4.417136231985447e+19,50.0,60.0,35,0.0,0.0,10.0,2.0,0.0,0.0,0.0,0.0,0.0,0.0,0.0,0.0,0.0,0.0,0.0,0.0,59.2,52,13,65511,27,65476,0,300,0,0,8,20529,65476,0,0,30147,60.0,0.0,10.0,10.0,2.0,0.0
2026-02-16T12:55:42,ERR,ERR,ERR,ERR,ERR,ERR,ERR,ERR,ERR,ERR,ERR,ERR,ERR,ERR,ERR,ERR,ERR,ERR,ERR,ERR,ERR,ERR,ERR,ERR,ERR,ERR,ERR,ERR,ERR,ERR,ERR,ERR,ERR,ERR,ERR,ERR,ERR,ERR,ERR,ERR,ERR,ERR,ERR,ERR,ERR,ERR,ERR,ERR,ERR,ERR,ERR,ERR,ERR,ERR,ERR,ERR,ERR,ERR,ERR,ERR,ERR,ERR,ERR,ERR,ERR,ERR,ERR,ERR,ERR,ERR,ERR,ERR,ERR,ERR,ERR,ERR,ERR,ERR,ERR,ERR,ERR,ERR,ERR,ERR,ERR,ERR,ERR,ERR,ERR,ERR,ERR,ERR,ERR,ERR,ERR,ERR,ERR,ERR,ERR,ERR,ERR,ERR,ERR,ERR,ERR,ERR,ERR,ERR,ERR,ERR,ERR,ERR,ERR,ERR,ERR,ERR,ERR,ERR,ERR,ERR,ERR,ERR,ERR,ERR,ERR,0.0,-0.0,2.7420187948523476e+23,0.0,-0.0,-9.297730889826631e+34,-2.2211442269120102e+17,0.0,4300,0,8,17169,4300,0.0,41,0.0,0.0,0.0,0.0,0.0,0,0,0,0,0.0,0,0,0,0,0,0,0,0,0,0,0,0,0,0,0,0,0,0,0,0,0,0,0,0,0,0,0,0,0,0,0,0,0,9,38,38,47,65476,406,65476,1,0,4,21553,0.0,0.0,0.0,0.0,0.0,0.0,0.0,0.0,0.0,0.0,0.0,0.0,0.0,0.0,0.0,0.0,0.0,0.0,0.0,0.0,0.0,2.004,2.004,-2.004,-3.697074863047967e+19,-0.0,0.0,0.0,0.0,0.0,6620.0,-1.587938797847242e+29,0.0,0.0,-0.0,-107616248.0,0.0,0.0,0.0,2.004,2.004,228,-107614784.0,4.0668763253736716e+29,0.0,0.0,0.0,0.0,0.0,0.0,0.0,0,0,0,2573093163761664.0,-2.4625066510119868e+32,-6.1235335701089126e+26,4.194152731251835e+17,0.0,0.0,-0.0,157060038656.0,390646016.0,-8.152904976572659e+36,-8196477440.0,2.8964939284030178e+22,0.0,6.821,0.0,3.526558080883206e+37,0,1.3516416376850534e+27,228,0.0,454,-621855232.0,5.6142779363101766e+35,2112,52429,17109,52429,17111,0,17096,0,0,0,101,100,100,0.0,66.5,0.0,67.3,-0.0,66.5,1,49,50,180,39322,52429,0,0,0.0,0.0,0.0,60.0,6.4418975659550055e+22,71.0,0.0,-0.0,0.0,1068,0,1069,0,0,0,1069,0,1080,0,999,0,668,0,670,0,666,0,680,0.032,1.4609821306377965e+22,0.0,0.0,18576,16814,6.4418975659550055e+22,-0.0,-0.0,-0.0,0.0,4.417136231985447e+19,50.0,60.0,35,0.0,0.0,10.0,2.0,0.0,0.0,0.0,0.0,0.0,0.0,0.0,0.0,0.0,0.0,0.0,0.0,58.8,52,13,65511,27,65476,0,300,0,0,8,20529,65476,0,0,30147,60.0,0.0,10.0,10.0,2.0,0.0
2026-02-16T12:55:43,ERR,ERR,ERR,ERR,ERR,ERR,ERR,ERR,ERR,ERR,ERR,ERR,ERR,ERR,ERR,ERR,ERR,ERR,ERR,ERR,ERR,ERR,ERR,ERR,ERR,ERR,ERR,ERR,ERR,ERR,ERR,ERR,ERR,ERR,ERR,ERR,ERR,ERR,ERR,ERR,ERR,ERR,ERR,ERR,ERR,ERR,ERR,ERR,ERR,ERR,ERR,ERR,ERR,ERR,ERR,ERR,ERR,ERR,ERR,ERR,ERR,ERR,ERR,ERR,ERR,ERR,ERR,ERR,ERR,ERR,ERR,ERR,ERR,ERR,ERR,ERR,ERR,ERR,ERR,ERR,ERR,ERR,ERR,ERR,ERR,ERR,ERR,ERR,ERR,ERR,ERR,ERR,ERR,ERR,ERR,ERR,ERR,ERR,ERR,ERR,ERR,ERR,ERR,ERR,ERR,ERR,ERR,ERR,ERR,ERR,ERR,ERR,ERR,ERR,ERR,ERR,ERR,ERR,ERR,ERR,ERR,ERR,ERR,ERR,ERR,0.0,-0.0,2.7420187948523476e+23,0.0,-0.0,-9.297730889826631e+34,-2.2211442269120102e+17,0.0,4300,0,8,17169,4300,0.0,41,0.0,0.0,0.0,0.0,0.0,0,0,0,0,0.0,0,0,0,0,0,0,0,0,0,0,0,0,0,0,0,0,0,0,0,0,0,0,0,0,0,0,0,0,0,0,0,0,0,9,38,38,47,65476,406,65476,1,0,4,21553,0.0,0.0,0.0,0.0,0.0,0.0,0.0,0.0,0.0,0.0,0.0,0.0,0.0,0.0,0.0,0.0,0.0,0.0,0.0,0.0,0.0,2.004,2.004,-2.004,-3.697074863047967e+19,-0.0,0.0,0.0,0.0,0.0,6620.0,-1.587938797847242e+29,0.0,0.0,-0.0,-107616248.0,0.0,0.0,0.0,2.004,2.004,228,-107614784.0,4.0668763253736716e+29,0.0,0.0,0.0,0.0,0.0,0.0,0.0,0,0,0,2573093163761664.0,-2.4625066510119868e+32,-6.1235335701089126e+26,4.194152731251835e+17,0.0,0.0,-0.0,157060038656.0,390646016.0,-8.152904976572659e+36,-8196477440.0,2.8964939284030178e+22,0.0,6.821,0.0,3.526558080883206e+37,0,1.3516416376850534e+27,228,0.0,454,-621855232.0,5.6142779363101766e+35,2112,52429,17109,52429,17111,0,17096,0,0,0,101,100,100,0.0,66.5,0.0,67.3,-0.0,66.5,1,49,50,180,39322,52429,0,0,0.0,0.0,0.0,60.0,6.4418975659550055e+22,71.0,0.0,-0.0,0.0,1068,0,1069,0,0,0,1069,0,1080,0,999,0,668,0,670,0,666,0,680,0.032,1.4609821306377965e+22,0.0,0.0,18576,16814,6.4418975659550055e+22,-0.0,-0.0,-0.0,0.0,4.417136231985447e+19,50.0,60.0,35,0.0,0.0,10.0,2.0,0.0,0.0,0.0,0.0,0.0,0.0,0.0,0.0,0.0,0.0,0.0,0.0,58.8,52,13,65511,27,65476,0,300,0,0,8,20529,65476,0,0,30147,60.0,0.0,10.0,10.0,2.0,0.0
2026-02-16T12:55:44,ERR,ERR,ERR,ERR,ERR,ERR,ERR,ERR,ERR,ERR,ERR,ERR,ERR,ERR,ERR,ERR,ERR,ERR,ERR,ERR,ERR,ERR,ERR,ERR,ERR,ERR,ERR,ERR,ERR,ERR,ERR,ERR,ERR,ERR,ERR,ERR,ERR,ERR,ERR,ERR,ERR,ERR,ERR,ERR,ERR,ERR,ERR,ERR,ERR,ERR,ERR,ERR,ERR,ERR,ERR,ERR,ERR,ERR,ERR,ERR,ERR,ERR,ERR,ERR,ERR,ERR,ERR,ERR,ERR,ERR,ERR,ERR,ERR,ERR,ERR,ERR,ERR,ERR,ERR,ERR,ERR,ERR,ERR,ERR,ERR,ERR,ERR,ERR,ERR,ERR,ERR,ERR,ERR,ERR,ERR,ERR,ERR,ERR,ERR,ERR,ERR,ERR,ERR,ERR,ERR,ERR,ERR,ERR,ERR,ERR,ERR,ERR,ERR,ERR,ERR,ERR,ERR,ERR,ERR,ERR,ERR,ERR,ERR,ERR,ERR,0.0,-0.0,2.7420187948523476e+23,0.0,-0.0,-9.297730889826631e+34,-2.2211442269120102e+17,0.0,4300,0,8,17169,4300,0.0,41,0.0,0.0,0.0,0.0,0.0,0,0,0,0,0.0,0,0,0,0,0,0,0,0,0,0,0,0,0,0,0,0,0,0,0,0,0,0,0,0,0,0,0,0,0,0,0,0,0,9,38,38,47,65476,406,65476,1,0,4,21553,0.0,0.0,0.0,0.0,0.0,0.0,0.0,0.0,0.0,0.0,0.0,0.0,0.0,0.0,0.0,0.0,0.0,0.0,0.0,0.0,0.0,2.004,2.004,-2.004,-3.697074863047967e+19,-0.0,0.0,0.0,0.0,0.0,6620.0,-1.587938797847242e+29,0.0,0.0,-0.0,-107616248.0,0.0,0.0,0.0,2.004,2.004,228,-107614784.0,4.0668763253736716e+29,0.0,0.0,0.0,0.0,0.0,0.0,0.0,0,0,0,2573093163761664.0,-2.4625066510119868e+32,-6.1235335701089126e+26,4.194152731251835e+17,0.0,0.0,-0.0,157060038656.0,390646016.0,-8.152904976572659e+36,-8196477440.0,2.8964939284030178e+22,0.0,6.821,0.0,3.526558080883206e+37,0,1.3516416376850534e+27,228,0.0,454,-621855232.0,5.6142779363101766e+35,2112,52429,17109,52429,17111,52429,17095,0,0,0,101,100,100,0.0,66.5,0.0,67.3,-0.0,66.5,1,49,50,180,39322,52429,0,0,0.0,0.0,0.0,60.0,4191513881870336.0,71.0,0.0,6201432411734016.0,0.0,1068,0,1069,0,0,0,1069,0,1080,0,999,0,668,0,670,0,666,0,681,0.032,1.4536034330083127e+22,0.0,0.0,5904,16814,8864398.0,27660319195136.0,0.0,-0.0,-0.0,0.0,50.0,60.0,35,0.0,0.0,10.0,2.0,0.0,0.0,0.0,0.0,0.0,0.0,0.0,0.0,0.0,0.0,0.0,0.0,58.8,52,13,65511,27,65476,0,300,0,0,8,20529,65476,0,0,30147,60.0,0.0,10.0,10.0,2.0,0.0
2026-02-16T12:55:45,ERR,ERR,ERR,ERR,ERR,ERR,ERR,ERR,ERR,ERR,ERR,ERR,ERR,ERR,ERR,ERR,ERR,ERR,ERR,ERR,ERR,ERR,ERR,ERR,ERR,ERR,ERR,ERR,ERR,ERR,ERR,ERR,ERR,ERR,ERR,ERR,ERR,ERR,ERR,ERR,ERR,ERR,ERR,ERR,ERR,ERR,ERR,ERR,ERR,ERR,ERR,ERR,ERR,ERR,ERR,ERR,ERR,ERR,ERR,ERR,ERR,ERR,ERR,ERR,ERR,ERR,ERR,ERR,ERR,ERR,ERR,ERR,ERR,ERR,ERR,ERR,ERR,ERR,ERR,ERR,ERR,ERR,ERR,ERR,ERR,ERR,ERR,ERR,ERR,ERR,ERR,ERR,ERR,ERR,ERR,ERR,ERR,ERR,ERR,ERR,ERR,ERR,ERR,ERR,ERR,ERR,ERR,ERR,ERR,ERR,ERR,ERR,ERR,ERR,ERR,ERR,ERR,ERR,ERR,ERR,ERR,ERR,ERR,ERR,ERR,0.0,-0.0,2.7420187948523476e+23,0.0,-0.0,0.0,0.0,-2.3332293406134283e+27,4300,0,8,17169,4300,0.0,41,0.0,0.0,0.0,0.0,0.0,0,0,0,0,0.0,0,0,0,0,0,0,0,0,0,0,0,0,0,0,0,0,0,0,0,0,0,0,0,0,0,0,0,0,0,0,0,0,0,9,38,38,47,65476,399,65476,1,0,4,21553,0.0,0.0,0.0,0.0,0.0,0.0,0.0,0.0,0.0,0.0,0.0,0.0,0.0,0.0,0.0,0.0,0.0,0.0,0.0,0.0,0.0,2.004,2.004,-2.004,-3.697074863047967e+19,-2.004,0.0,0.0,0.0,0.0,6620.0,-1.587938797847242e+29,0.0,-107615880.0,-0.0,-107616248.0,0.0,0.0,0.0,2.004,2.004,228,-107614784.0,4.0668763253736716e+29,0.0,0.0,0.0,0.0,0.0,0.0,0.0,0,0,0,-0.0,0.0,3.6388676850437377e+21,-0.0,-0.0,1.2830189196273706e+26,-0.0,5.008050765617327e+29,44330806935552.0,-8.651365474992003e+36,-8675435520.0,3.088340066769597e+22,0.0,7.196,0.0,-0.0,0,1.3516416376850534e+27,228,0.0,456,2.40156025918058e+36,599251620986880.0,2112,52429,17109,52429,17111,52429,17095,0,0,0,101,100,100,0.0,66.5,0.0,67.3,-0.0,66.5,1,49,50,180,39322,52429,0,0,0.0,0.0,0.0,60.0,4191513881870336.0,71.0,0.0,6201432411734016.0,0.0,1068,0,1069,0,0,0,1069,0,1080,0,999,0,668,0,670,0,666,0,681,0.032,1.4536034330083127e+22,0.0,0.0,5904,16814,8864398.0,27660319195136.0,0.0,-0.0,-0.0,0.0,50.0,60.0,35,0.0,0.0,10.0,2.0,0.0,0.0,0.0,0.0,0.0,0.0,0.0,0.0,0.0,0.0,0.0,0.0,58.8,52,13,65511,27,65476,0,300,0,0,8,20529,65476,0,0,30147,60.0,0.0,10.0,10.0,2.0,0.0
2026-02-16T12:55:46,ERR,ERR,ERR,ERR,ERR,ERR,ERR,ERR,ERR,ERR,ERR,ERR,ERR,ERR,ERR,ERR,ERR,ERR,ERR,ERR,ERR,ERR,ERR,ERR,ERR,ERR,ERR,ERR,ERR,ERR,ERR,ERR,ERR,ERR,ERR,ERR,ERR,ERR,ERR,ERR,ERR,ERR,ERR,ERR,ERR,ERR,ERR,ERR,ERR,ERR,ERR,ERR,ERR,ERR,ERR,ERR,ERR,ERR,ERR,ERR,ERR,ERR,ERR,ERR,ERR,ERR,ERR,ERR,ERR,ERR,ERR,ERR,ERR,ERR,ERR,ERR,ERR,ERR,ERR,ERR,ERR,ERR,ERR,ERR,ERR,ERR,ERR,ERR,ERR,ERR,ERR,ERR,ERR,ERR,ERR,ERR,ERR,ERR,ERR,ERR,ERR,ERR,ERR,ERR,ERR,ERR,ERR,ERR,ERR,ERR,ERR,ERR,ERR,ERR,ERR,ERR,ERR,ERR,ERR,ERR,ERR,ERR,ERR,ERR,ERR,0.0,-0.0,2.7420187948523476e+23,0.0,-0.0,0.0,0.0,-2.3332293406134283e+27,4300,0,8,17169,4300,0.0,41,0.0,0.0,0.0,0.0,0.0,0,0,0,0,0.0,0,0,0,0,0,0,0,0,0,0,0,0,0,0,0,0,0,0,0,0,0,0,0,0,0,0,0,0,0,0,0,0,0,9,38,38,47,65476,399,65476,1,0,4,21553,0.0,0.0,0.0,0.0,0.0,0.0,0.0,0.0,0.0,0.0,0.0,0.0,0.0,0.0,0.0,0.0,0.0,0.0,0.0,0.0,0.0,2.004,2.004,-2.004,-3.697074863047967e+19,-2.004,0.0,0.0,0.0,0.0,6620.0,-1.587938797847242e+29,0.0,-107615880.0,-0.0,-107616248.0,0.0,0.0,0.0,2.004,2.004,228,-107614784.0,4.0668763253736716e+29,0.0,0.0,0.0,0.0,0.0,0.0,0.0,0,0,0,-0.0,0.0,3.6388676850437377e+21,-0.0,-0.0,1.2830189196273706e+26,-0.0,5.008050765617327e+29,44330806935552.0,-8.651365474992003e+36,-8675435520.0,3.088340066769597e+22,0.0,7.196,0.0,-0.0,0,1.3516416376850534e+27,228,0.0,456,2.40156025918058e+36,599251620986880.0,2112,52429,17109,52429,17111,52429,17095,0,0,0,101,100,100,0.0,66.5,0.0,67.3,-0.0,66.5,1,49,50,180,39322,52429,0,0,0.0,0.0,0.0,60.0,4191513881870336.0,71.0,0.0,6201432411734016.0,0.0,1068,0,1069,0,0,0,1069,0,1080,0,999,0,668,0,670,0,666,0,681,0.032,1.4536034330083127e+22,0.0,0.0,5904,16814,8864398.0,27660319195136.0,0.0,-0.0,-0.0,0.0,50.0,60.0,35,0.0,0.0,10.0,2.0,0.0,0.0,0.0,0.0,0.0,0.0,0.0,0.0,0.0,0.0,0.0,0.0,58.8,52,13,65511,27,65476,0,300,0,0,8,20529,65476,0,0,30147,60.0,0.0,10.0,10.0,2.0,0.0
2026-02-16T12:55:47,ERR,ERR,ERR,ERR,ERR,ERR,ERR,ERR,ERR,ERR,ERR,ERR,ERR,ERR,ERR,ERR,ERR,ERR,ERR,ERR,ERR,ERR,ERR,ERR,ERR,ERR,ERR,ERR,ERR,ERR,ERR,ERR,ERR,ERR,ERR,ERR,ERR,ERR,ERR,ERR,ERR,ERR,ERR,ERR,ERR,ERR,ERR,ERR,ERR,ERR,ERR,ERR,ERR,ERR,ERR,ERR,ERR,ERR,ERR,ERR,ERR,ERR,ERR,ERR,ERR,ERR,ERR,ERR,ERR,ERR,ERR,ERR,ERR,ERR,ERR,ERR,ERR,ERR,ERR,ERR,ERR,ERR,ERR,ERR,ERR,ERR,ERR,ERR,ERR,ERR,ERR,ERR,ERR,ERR,ERR,ERR,ERR,ERR,ERR,ERR,ERR,ERR,ERR,ERR,ERR,ERR,ERR,ERR,ERR,ERR,ERR,ERR,ERR,ERR,ERR,ERR,ERR,ERR,ERR,ERR,ERR,ERR,ERR,ERR,ERR,0.0,-0.0,2.7420187948523476e+23,0.0,-0.0,0.0,0.0,-2.3332293406134283e+27,4300,0,8,17169,4300,0.0,41,0.0,0.0,0.0,0.0,0.0,0,0,0,0,0.0,0,0,0,0,0,0,0,0,0,0,0,0,0,0,0,0,0,0,0,0,0,0,0,0,0,0,0,0,0,0,0,0,0,9,38,38,47,65476,399,65476,1,0,4,21553,0.0,0.0,0.0,0.0,0.0,0.0,0.0,0.0,0.0,0.0,0.0,0.0,0.0,0.0,0.0,0.0,0.0,0.0,0.0,0.0,0.0,2.004,2.004,-2.004,-3.697074863047967e+19,-2.004,0.0,0.0,0.0,0.0,6620.0,-1.587938797847242e+29,0.0,-107615880.0,-0.0,-107616248.0,0.0,0.0,0.0,2.004,2.004,228,-107614784.0,4.0668763253736716e+29,0.0,0.0,0.0,0.0,0.0,0.0,0.0,0,0,0,-0.0,0.0,3.6388676850437377e+21,-0.0,-0.0,1.2830189196273706e+26,-0.0,5.008050765617327e+29,44330806935552.0,-8.651365474992003e+36,-8675435520.0,3.088340066769597e+22,0.0,7.196,0.0,-0.0,0,1.3516416376850534e+27,228,0.0,456,2.40156025918058e+36,599251620986880.0,2112,52429,17109,52429,17111,52429,17095,0,0,0,101,100,100,0.0,66.5,0.0,67.3,-0.0,66.5,1,49,50,180,39322,52429,0,0,0.0,0.0,0.0,60.0,4191513881870336.0,71.0,0.0,6201432411734016.0,0.0,1068,0,1069,0,0,0,1069,0,1080,0,999,0,668,0,670,0,666,0,681,0.032,1.4536034330083127e+22,0.0,0.0,5904,16814,8864398.0,27660319195136.0,0.0,-0.0,-0.0,0.0,50.0,60.0,35,0.0,0.0,10.0,2.0,0.0,0.0,0.0,0.0,0.0,0.0,0.0,0.0,0.0,0.0,0.0,0.0,58.8,52,13,65511,27,65476,0,300,0,0,8,20529,65476,0,0,30147,60.0,0.0,10.0,10.0,2.0,0.0
2026-02-16T12:55:48,ERR,ERR,ERR,ERR,ERR,ERR,ERR,ERR,ERR,ERR,ERR,ERR,ERR,ERR,ERR,ERR,ERR,ERR,ERR,ERR,ERR,ERR,ERR,ERR,ERR,ERR,ERR,ERR,ERR,ERR,ERR,ERR,ERR,ERR,ERR,ERR,ERR,ERR,ERR,ERR,ERR,ERR,ERR,ERR,ERR,ERR,ERR,ERR,ERR,ERR,ERR,ERR,ERR,ERR,ERR,ERR,ERR,ERR,ERR,ERR,ERR,ERR,ERR,ERR,ERR,ERR,ERR,ERR,ERR,ERR,ERR,ERR,ERR,ERR,ERR,ERR,ERR,ERR,ERR,ERR,ERR,ERR,ERR,ERR,ERR,ERR,ERR,ERR,ERR,ERR,ERR,ERR,ERR,ERR,ERR,ERR,ERR,ERR,ERR,ERR,ERR,ERR,ERR,ERR,ERR,ERR,ERR,ERR,ERR,ERR,ERR,ERR,ERR,ERR,ERR,ERR,ERR,ERR,ERR,ERR,ERR,ERR,ERR,ERR,ERR,0.0,-0.0,2.7420187948523476e+23,0.0,-0.0,0.0,0.0,-2.3332293406134283e+27,4300,0,8,17169,4300,0.0,41,0.0,0.0,0.0,0.0,0.0,0,0,0,0,0.0,0,0,0,0,0,0,0,0,0,0,0,0,0,0,0,0,0,0,0,0,0,0,0,0,0,0,0,0,0,0,0,0,0,9,38,38,47,65476,399,65476,1,0,4,21553,0.0,0.0,0.0,0.0,0.0,0.0,0.0,0.0,0.0,0.0,0.0,0.0,0.0,0.0,0.0,0.0,0.0,0.0,0.0,0.0,0.0,2.004,2.004,-2.004,-3.697074863047967e+19,-2.004,0.0,0.0,0.0,0.0,6620.0,-1.587938797847242e+29,0.0,-107615880.0,-0.0,-107616248.0,0.0,0.0,0.0,2.004,2.004,228,-107614784.0,4.0668763253736716e+29,0.0,0.0,0.0,0.0,0.0,0.0,0.0,0,0,0,-0.0,0.0,3.6388676850437377e+21,-0.0,-0.0,1.2830189196273706e+26,-0.0,5.008050765617327e+29,44330806935552.0,-8.651365474992003e+36,-8675435520.0,3.088340066769597e+22,0.0,7.196,0.0,-0.0,0,1.3516416376850534e+27,228,0.0,456,2.40156025918058e+36,599251620986880.0,2112,52429,17109,52429,17111,52429,17095,0,0,0,101,100,100,0.0,66.5,0.0,67.3,-0.0,66.5,1,49,50,180,52429,52429,0,0,0.0,0.0,0.0,60.0,5.557801480477475e+18,71.0,0.0,0.0,0.0,1069,0,1069,0,0,0,1069,0,1080,0,999,0,668,0,670,0,666,0,681,0.032,1.4536034330083127e+22,2.004,0.0,12944,16814,9.463916048352075e+21,-6.837068701860899e+20,0.0,-45248.895,-0.0,-2.333272287467052e+31,50.0,60.0,35,0.0,0.0,10.0,2.0,0.0,0.0,0.0,0.0,0.0,0.0,0.0,0.0,0.0,0.0,0.0,0.0,58.8,52,13,65511,27,65476,0,300,0,0,8,20529,65476,0,0,30147,60.0,0.0,10.0,10.0,2.0,0.0
2026-02-16T12:55:49,ERR,ERR,ERR,ERR,ERR,ERR,ERR,ERR,ERR,ERR,ERR,ERR,ERR,ERR,ERR,ERR,ERR,ERR,ERR,ERR,ERR,ERR,ERR,ERR,ERR,ERR,ERR,ERR,ERR,ERR,ERR,ERR,ERR,ERR,ERR,ERR,ERR,ERR,ERR,ERR,ERR,ERR,ERR,ERR,ERR,ERR,ERR,ERR,ERR,ERR,ERR,ERR,ERR,ERR,ERR,ERR,ERR,ERR,ERR,ERR,ERR,ERR,ERR,ERR,ERR,ERR,ERR,ERR,ERR,ERR,ERR,ERR,ERR,ERR,ERR,ERR,ERR,ERR,ERR,ERR,ERR,ERR,ERR,ERR,ERR,ERR,ERR,ERR,ERR,ERR,ERR,ERR,ERR,ERR,ERR,ERR,ERR,ERR,ERR,ERR,ERR,ERR,ERR,ERR,ERR,ERR,ERR,ERR,ERR,ERR,ERR,ERR,ERR,ERR,ERR,ERR,ERR,ERR,ERR,ERR,ERR,ERR,ERR,ERR,ERR,0.0,-0.0,2.7420187948523476e+23,0.0,-0.0,0.0,0.0,-2.3332293406134283e+27,4300,0,8,17169,4300,0.0,41,0.0,0.0,0.0,0.0,0.0,0,0,0,0,0.0,0,0,0,0,0,0,0,0,0,0,0,0,0,0,0,0,0,0,0,0,0,0,0,0,0,0,0,0,0,0,0,0,0,9,38,38,47,65476,399,65476,1,0,4,21553,0.0,0.0,0.0,0.0,0.0,0.0,0.0,0.0,0.0,0.0,0.0,0.0,0.0,0.0,0.0,0.0,0.0,0.0,0.0,0.0,0.0,2.004,2.004,-2.004,-3.697074863047967e+19,-2.004,0.0,0.0,0.0,0.0,6620.0,-1.587938797847242e+29,0.0,-107615880.0,-0.0,-107616248.0,0.0,0.0,0.0,2.004,2.004,228,-107614784.0,4.0668763253736716e+29,0.0,0.0,0.0,0.0,0.0,0.0,0.0,0,0,0,-0.0,0.0,3.6388676850437377e+21,-0.0,-0.0,1.2830189196273706e+26,-0.0,5.008050765617327e+29,44330806935552.0,-8.651365474992003e+36,-8675435520.0,3.088340066769597e+22,0.0,7.196,0.0,-0.0,0,1.3516416376850534e+27,228,0.0,456,2.40156025918058e+36,599251620986880.0,2112,52429,17109,52429,17111,52429,17095,0,0,0,101,100,100,0.0,66.5,0.0,67.3,-0.0,66.5,1,49,50,180,52429,52429,0,0,0.0,0.0,0.0,60.0,5.557801480477475e+18,71.0,0.0,0.0,0.0,1069,0,1069,0,0,0,1069,0,1080,0,999,0,668,0,670,0,666,0,681,0.032,1.4536034330083127e+22,2.004,0.0,12944,16814,9.463916048352075e+21,-6.837068701860899e+20,0.0,-45248.895,-0.0,-2.333272287467052e+31,50.0,60.0,35,0.0,0.0,10.0,2.0,0.0,0.0,0.0,0.0,0.0,0.0,0.0,0.0,0.0,0.0,0.0,0.0,58.8,52,13,65511,27,65476,0,300,0,0,8,20529,65476,0,0,30147,60.0,0.0,10.0,10.0,2.0,0.0
2026-02-16T12:55:50,ERR,ERR,ERR,ERR,ERR,ERR,ERR,ERR,ERR,ERR,ERR,ERR,ERR,ERR,ERR,ERR,ERR,ERR,ERR,ERR,ERR,ERR,ERR,ERR,ERR,ERR,ERR,ERR,ERR,ERR,ERR,ERR,ERR,ERR,ERR,ERR,ERR,ERR,ERR,ERR,ERR,ERR,ERR,ERR,ERR,ERR,ERR,ERR,ERR,ERR,ERR,ERR,ERR,ERR,ERR,ERR,ERR,ERR,ERR,ERR,ERR,ERR,ERR,ERR,ERR,ERR,ERR,ERR,ERR,ERR,ERR,ERR,ERR,ERR,ERR,ERR,ERR,ERR,ERR,ERR,ERR,ERR,ERR,ERR,ERR,ERR,ERR,ERR,ERR,ERR,ERR,ERR,ERR,ERR,ERR,ERR,ERR,ERR,ERR,ERR,ERR,ERR,ERR,ERR,ERR,ERR,ERR,ERR,ERR,ERR,ERR,ERR,ERR,ERR,ERR,ERR,ERR,ERR,ERR,ERR,ERR,ERR,ERR,ERR,ERR,0.0,-0.0,2.7420187948523476e+23,0.0,-0.0,-1.9733182816774003e+30,-3460757760.0,0.0,4300,0,8,17170,4300,0.0,41,0.0,0.0,0.0,0.0,0.0,0,0,0,0,0.0,0,0,0,0,0,0,0,0,0,0,0,0,0,0,0,0,0,0,0,0,0,0,0,0,0,0,0,0,0,0,0,0,0,9,38,38,46,65476,397,65476,1,0,4,21553,0.0,-107610976.0,0.0,0.0,0.0,0.0,0.0,0.0,0.0,0.0,0.0,0.0,0.0,0.0,0.0,0.0,0.0,0.0,0.0,0.0,0.0,2.004,0.0,-2.004,-3.697074863047967e+19,-0.0,0.0,0.0,0.0,0.0,6653.0,0.0,0.0,0.0,-0.0,-107616248.0,0.0,0.0,0.0,2.004,2.004,228,-152017280434176.0,-0.0,0.0,0.0,0.0,0.0,0.0,0.0,0.0,0,0,0,0.0,0.0,-0.0,-0.0,-0.0,0.0,-0.0,13440131072.0,2.645,-9.191364348279625e+36,-9480741888.0,3.265428809877209e+22,0.0,7.54,0.0,7.1401272718843405e+25,0,1.3516416376850534e+27,228,0.0,456,2.40156025918058e+36,-0.235,2112,52429,17109,52429,17111,52429,17095,0,0,0,101,100,100,0.0,66.5,0.0,67.3,-0.0,66.5,1,49,50,180,52429,52429,0,0,0.0,0.0,0.0,60.0,5.557801480477475e+18,71.0,0.0,0.0,0.0,1069,0,1069,0,0,0,1069,0,1080,0,999,0,668,0,670,0,666,0,681,0.032,1.4536034330083127e+22,2.004,0.0,12944,16814,9.463916048352075e+21,-6.837068701860899e+20,0.0,-45248.895,-0.0,-2.333272287467052e+31,50.0,60.0,35,0.0,0.0,10.0,2.0,0.0,0.0,0.0,0.0,0.0,0.0,0.0,0.0,0.0,0.0,0.0,0.0,58.8,52,13,65511,27,65476,0,300,0,0,8,20529,65476,0,0,30147,60.0,0.0,10.0,10.0,2.0,0.0
2026-02-16T12:55:51,ERR,ERR,ERR,ERR,ERR,ERR,ERR,ERR,ERR,ERR,ERR,ERR,ERR,ERR,ERR,ERR,ERR,ERR,ERR,ERR,ERR,ERR,ERR,ERR,ERR,ERR,ERR,ERR,ERR,ERR,ERR,ERR,ERR,ERR,ERR,ERR,ERR,ERR,ERR,ERR,ERR,ERR,ERR,ERR,ERR,ERR,ERR,ERR,ERR,ERR,ERR,ERR,ERR,ERR,ERR,ERR,ERR,ERR,ERR,ERR,ERR,ERR,ERR,ERR,ERR,ERR,ERR,ERR,ERR,ERR,ERR,ERR,ERR,ERR,ERR,ERR,ERR,ERR,ERR,ERR,ERR,ERR,ERR,ERR,ERR,ERR,ERR,ERR,ERR,ERR,ERR,ERR,ERR,ERR,ERR,ERR,ERR,ERR,ERR,ERR,ERR,ERR,ERR,ERR,ERR,ERR,ERR,ERR,ERR,ERR,ERR,ERR,ERR,ERR,ERR,ERR,ERR,ERR,ERR,ERR,ERR,ERR,ERR,ERR,ERR,0.0,-0.0,2.7420187948523476e+23,0.0,-0.0,-1.9733182816774003e+30,-3460757760.0,0.0,4300,0,8,17170,4300,0.0,41,0.0,0.0,0.0,0.0,0.0,0,0,0,0,0.0,0,0,0,0,0,0,0,0,0,0,0,0,0,0,0,0,0,0,0,0,0,0,0,0,0,0,0,0,0,0,0,0,0,9,38,38,46,65476,397,65476,1,0,4,21553,0.0,-107610976.0,0.0,0.0,0.0,0.0,0.0,0.0,0.0,0.0,0.0,0.0,0.0,0.0,0.0,0.0,0.0,0.0,0.0,0.0,0.0,2.004,0.0,-2.004,-3.697074863047967e+19,-0.0,0.0,0.0,0.0,0.0,6653.0,0.0,0.0,0.0,-0.0,-107616248.0,0.0,0.0,0.0,2.004,2.004,228,-152017280434176.0,-0.0,0.0,0.0,0.0,0.0,0.0,0.0,0.0,0,0,0,0.0,0.0,-0.0,-0.0,-0.0,0.0,-0.0,13440131072.0,2.645,-9.191364348279625e+36,-9480741888.0,3.265428809877209e+22,0.0,7.54,0.0,7.1401272718843405e+25,0,1.3516416376850534e+27,228,0.0,456,2.40156025918058e+36,-0.235,2112,52429,17109,0,17112,52429,17095,0,0,0,101,100,100,0.0,66.5,0.0,67.3,-0.0,66.5,1,49,50,180,39322,52429,0,0,0.0,0.0,0.0,60.0,41408847872.0,71.0,0.0,0.0,0.0,1068,0,1069,0,0,0,1069,0,1079,0,999,0,668,0,670,0,666,0,681,0.032,1.4536034330083127e+22,2.004,0.0,2320,16814,41408847872.0,0.0,0.0,-0.007,-0.0,-4.8322878018901283e+33,50.0,60.0,35,0.0,0.0,10.0,2.0,0.0,0.0,0.0,0.0,0.0,0.0,0.0,0.0,0.0,0.0,0.0,0.0,58.8,52,13,65511,27,65476,0,300,0,0,8,20529,65476,0,0,30147,60.0,0.0,10.0,10.0,2.0,0.0
2026-02-16T12:55:52,ERR,ERR,ERR,ERR,ERR,ERR,ERR,ERR,ERR,ERR,ERR,ERR,ERR,ERR,ERR,ERR,ERR,ERR,ERR,ERR,ERR,ERR,ERR,ERR,ERR,ERR,ERR,ERR,ERR,ERR,ERR,ERR,ERR,ERR,ERR,ERR,ERR,ERR,ERR,ERR,ERR,ERR,ERR,ERR,ERR,ERR,ERR,ERR,ERR,ERR,ERR,ERR,ERR,ERR,ERR,ERR,ERR,ERR,ERR,ERR,ERR,ERR,ERR,ERR,ERR,ERR,ERR,ERR,ERR,ERR,ERR,ERR,ERR,ERR,ERR,ERR,ERR,ERR,ERR,ERR,ERR,ERR,ERR,ERR,ERR,ERR,ERR,ERR,ERR,ERR,ERR,ERR,ERR,ERR,ERR,ERR,ERR,ERR,ERR,ERR,ERR,ERR,ERR,ERR,ERR,ERR,ERR,ERR,ERR,ERR,ERR,ERR,ERR,ERR,ERR,ERR,ERR,ERR,ERR,ERR,ERR,ERR,ERR,ERR,ERR,0.0,-0.0,2.7420187948523476e+23,0.0,-0.0,-1.9733182816774003e+30,-3460757760.0,0.0,4300,0,8,17170,4300,0.0,41,0.0,0.0,0.0,0.0,0.0,0,0,0,0,0.0,0,0,0,0,0,0,0,0,0,0,0,0,0,0,0,0,0,0,0,0,0,0,0,0,0,0,0,0,0,0,0,0,0,9,38,38,46,65476,397,65476,1,0,4,21553,0.0,-107610976.0,0.0,0.0,0.0,0.0,0.0,0.0,0.0,0.0,0.0,0.0,0.0,0.0,0.0,0.0,0.0,0.0,0.0,0.0,0.0,2.004,0.0,-2.004,-3.697074863047967e+19,-0.0,0.0,0.0,0.0,0.0,6653.0,0.0,0.0,0.0,-0.0,-107616248.0,0.0,0.0,0.0,2.004,2.004,228,-152017280434176.0,-0.0,0.0,0.0,0.0,0.0,0.0,0.0,0.0,0,0,0,0.0,0.0,-0.0,-0.0,-0.0,0.0,-0.0,13440131072.0,2.645,-9.191364348279625e+36,-9480741888.0,3.265428809877209e+22,0.0,7.54,0.0,7.1401272718843405e+25,0,1.3516416376850534e+27,228,0.0,456,2.40156025918058e+36,-0.235,2112,52429,17109,0,17112,52429,17095,0,0,0,101,100,100,0.0,66.5,0.0,67.3,-0.0,66.5,1,49,50,180,39322,52429,0,0,0.0,0.0,0.0,60.0,41408847872.0,71.0,0.0,0.0,0.0,1068,0,1069,0,0,0,1069,0,1079,0,999,0,668,0,670,0,666,0,681,0.032,1.4536034330083127e+22,2.004,0.0,2320,16814,41408847872.0,0.0,0.0,-0.007,-0.0,-4.8322878018901283e+33,50.0,60.0,35,0.0,0.0,10.0,2.0,0.0,0.0,0.0,0.0,0.0,0.0,0.0,0.0,0.0,0.0,0.0,0.0,58.8,52,13,65511,27,65476,0,65476,0,0,2,20529,65476,0,0,30147,60.0,0.0,10.0,10.0,2.0,0.0
2026-02-16T12:55:53,ERR,ERR,ERR,ERR,ERR,ERR,ERR,ERR,ERR,ERR,ERR,ERR,ERR,ERR,ERR,ERR,ERR,ERR,ERR,ERR,ERR,ERR,ERR,ERR,ERR,ERR,ERR,ERR,ERR,ERR,ERR,ERR,ERR,ERR,ERR,ERR,ERR,ERR,ERR,ERR,ERR,ERR,ERR,ERR,ERR,ERR,ERR,ERR,ERR,ERR,ERR,ERR,ERR,ERR,ERR,ERR,ERR,ERR,ERR,ERR,ERR,ERR,ERR,ERR,ERR,ERR,ERR,ERR,ERR,ERR,ERR,ERR,ERR,ERR,ERR,ERR,ERR,ERR,ERR,ERR,ERR,ERR,ERR,ERR,ERR,ERR,ERR,ERR,ERR,ERR,ERR,ERR,ERR,ERR,ERR,ERR,ERR,ERR,ERR,ERR,ERR,ERR,ERR,ERR,ERR,ERR,ERR,ERR,ERR,ERR,ERR,ERR,ERR,ERR,ERR,ERR,ERR,ERR,ERR,ERR,ERR,ERR,ERR,ERR,ERR,0.0,-0.0,2.7420187948523476e+23,0.0,-0.0,-1.9733182816774003e+30,-3460757760.0,0.0,4300,0,8,17170,4300,0.0,41,0.0,0.0,0.0,0.0,0.0,0,0,0,0,0.0,0,0,0,0,0,0,0,0,0,0,0,0,0,0,0,0,0,0,0,0,0,0,0,0,0,0,0,0,0,0,0,0,0,9,38,38,46,65476,397,65476,1,0,4,21553,0.0,-107610976.0,0.0,0.0,0.0,0.0,0.0,0.0,0.0,0.0,0.0,0.0,0.0,0.0,0.0,0.0,0.0,0.0,0.0,0.0,0.0,2.004,0.0,-2.004,-3.697074863047967e+19,-0.0,0.0,0.0,0.0,0.0,6653.0,0.0,0.0,0.0,-0.0,-107616248.0,0.0,0.0,0.0,2.004,2.004,228,-152017280434176.0,-0.0,0.0,0.0,0.0,0.0,0.0,0.0,0.0,0,0,0,0.0,0.0,-0.0,-0.0,-0.0,0.0,-0.0,13440131072.0,2.645,-9.191364348279625e+36,-9480741888.0,3.265428809877209e+22,0.0,7.54,0.0,7.1401272718843405e+25,0,1.3516416376850534e+27,228,0.0,456,2.40156025918058e+36,-0.235,2112,52429,17109,0,17112,52429,17095,0,0,0,101,100,100,0.0,66.5,0.0,67.3,-0.0,66.5,1,49,50,180,39322,52429,0,0,0.0,0.0,0.0,60.0,41408847872.0,71.0,0.0,0.0,0.0,1068,0,1069,0,0,0,1069,0,1079,0,999,0,668,0,670,0,666,0,681,0.032,1.4536034330083127e+22,2.004,0.0,2320,16814,41408847872.0,0.0,0.0,-0.007,-0.0,-4.8322878018901283e+33,50.0,60.0,35,0.0,0.0,10.0,2.0,0.0,0.0,0.0,0.0,0.0,0.0,0.0,0.0,0.0,0.0,0.0,0.0,58.8,52,13,65511,27,65476,0,65476,0,0,2,20529,65476,0,0,30147,60.0,0.0,10.0,10.0,2.0,0.0
2026-02-16T12:55:54,ERR,ERR,ERR,ERR,ERR,ERR,ERR,ERR,ERR,ERR,ERR,ERR,ERR,ERR,ERR,ERR,ERR,ERR,ERR,ERR,ERR,ERR,ERR,ERR,ERR,ERR,ERR,ERR,ERR,ERR,ERR,ERR,ERR,ERR,ERR,ERR,ERR,ERR,ERR,ERR,ERR,ERR,ERR,ERR,ERR,ERR,ERR,ERR,ERR,ERR,ERR,ERR,ERR,ERR,ERR,ERR,ERR,ERR,ERR,ERR,ERR,ERR,ERR,ERR,ERR,ERR,ERR,ERR,ERR,ERR,ERR,ERR,ERR,ERR,ERR,ERR,ERR,ERR,ERR,ERR,ERR,ERR,ERR,ERR,ERR,ERR,ERR,ERR,ERR,ERR,ERR,ERR,ERR,ERR,ERR,ERR,ERR,ERR,ERR,ERR,ERR,ERR,ERR,ERR,ERR,ERR,ERR,ERR,ERR,ERR,ERR,ERR,ERR,ERR,ERR,ERR,ERR,ERR,ERR,ERR,ERR,ERR,ERR,ERR,ERR,0.0,-0.0,2.7420187948523476e+23,0.0,-0.0,0.0,0.001,-1797446041600.0,4300,0,8,17170,4300,0.0,41,0.0,0.0,0.0,0.0,0.0,0,0,0,0,0.0,0,0,0,0,0,0,0,0,0,0,0,0,0,0,0,0,0,0,0,0,0,0,0,0,0,0,0,0,0,0,0,0,0,9,38,38,46,65476,395,65476,1,0,4,21553,0.0,0.0,0.0,0.0,0.0,0.0,0.0,0.0,0.0,0.0,0.0,0.0,0.0,0.0,0.0,0.0,0.0,0.0,0.0,0.0,0.0,2.004,2.004,-3.6970818999223845e+19,0.0,-0.0,0.0,0.0,0.0,0.0,6628.0,0.0,0.0,0.0,-0.0,0.0,-2.7184507374263774e+23,0.0,0.0,2.004,2.004,228,0.0,-0.0,0.0,0.0,0.0,0.0,0.0,0.0,0.0,0,0,0,0.0,7.120937585193062e+26,-0.0,148717520814080.0,-0.0,1.0480410431659453e+21,-0.0,42.568,0.002,-9.64828647183069e+36,-10353157120.0,3.457274948243788e+22,0.0,7.915,0.0,4.260196444184633e+27,0,1.3516416376850534e+27,228,0.0,456,-621855232.0,-2.2165387396652623e+20,2112,52429,17109,52429,17111,52429,17095,0,0,0,101,100,100,0.0,66.5,0.0,67.3,-0.0,66.5,1,49,50,180,52429,52429,0,0,0.0,0.0,0.0,60.0,70511669280768.0,71.0,0.0,-0.0,0.0,1068,0,1069,0,0,0,1069,0,1079,0,999,0,668,0,670,0,666,0,680,0.032,1.4609821306377965e+22,0.0,0.0,1168,16814,70511669280768.0,-0.0,-0.0,-104833.797,0.0,-0.0,50.0,60.0,35,0.0,0.0,10.0,2.0,0.0,0.0,0.0,0.0,0.0,0.0,0.0,0.0,0.0,0.0,0.0,0.0,58.8,52,13,65511,27,65476,0,65476,1,0,4,20529,65476,0,0,30147,60.0,0.0,10.0,10.0,2.0,0.0
2026-02-16T12:55:55,ERR,ERR,ERR,ERR,ERR,ERR,ERR,ERR,ERR,ERR,ERR,ERR,ERR,ERR,ERR,ERR,ERR,ERR,ERR,ERR,ERR,ERR,ERR,ERR,ERR,ERR,ERR,ERR,ERR,ERR,ERR,ERR,ERR,ERR,ERR,ERR,ERR,ERR,ERR,ERR,ERR,ERR,ERR,ERR,ERR,ERR,ERR,ERR,ERR,ERR,ERR,ERR,ERR,ERR,ERR,ERR,ERR,ERR,ERR,ERR,ERR,ERR,ERR,ERR,ERR,ERR,ERR,ERR,ERR,ERR,ERR,ERR,ERR,ERR,ERR,ERR,ERR,ERR,ERR,ERR,ERR,ERR,ERR,ERR,ERR,ERR,ERR,ERR,ERR,ERR,ERR,ERR,ERR,ERR,ERR,ERR,ERR,ERR,ERR,ERR,ERR,ERR,ERR,ERR,ERR,ERR,ERR,ERR,ERR,ERR,ERR,ERR,ERR,ERR,ERR,ERR,ERR,ERR,ERR,ERR,ERR,ERR,ERR,ERR,ERR,0.0,-0.0,2.7420187948523476e+23,0.0,-0.0,0.0,0.001,-1797446041600.0,4300,0,8,17170,4300,0.0,41,0.0,0.0,0.0,0.0,0.0,0,0,0,0,0.0,0,0,0,0,0,0,0,0,0,0,0,0,0,0,0,0,0,0,0,0,0,0,0,0,0,0,0,0,0,0,0,0,0,9,38,38,46,65476,395,65476,1,0,4,21553,0.0,0.0,0.0,0.0,0.0,0.0,0.0,0.0,0.0,0.0,0.0,0.0,0.0,0.0,0.0,0.0,0.0,0.0,0.0,0.0,0.0,2.004,2.004,-3.6970818999223845e+19,0.0,-0.0,0.0,0.0,0.0,0.0,6628.0,0.0,0.0,0.0,-0.0,0.0,-2.7184507374263774e+23,0.0,0.0,2.004,2.004,228,0.0,-0.0,0.0,0.0,0.0,0.0,0.0,0.0,0.0,0,0,0,0.0,7.120937585193062e+26,-0.0,148717520814080.0,-0.0,1.0480410431659453e+21,-0.0,42.568,0.002,-9.64828647183069e+36,-10353157120.0,3.457274948243788e+22,0.0,7.915,0.0,4.260196444184633e+27,0,1.3516416376850534e+27,228,0.0,456,-621855232.0,-2.2165387396652623e+20,2112,52429,17109,52429,17111,52429,17095,0,0,0,101,100,100,0.0,66.5,0.0,67.3,-0.0,66.5,1,49,50,180,52429,52429,0,0,0.0,0.0,0.0,60.0,70511669280768.0,71.0,0.0,-0.0,0.0,1068,0,1069,0,0,0,1069,0,1079,0,999,0,668,0,670,0,666,0,680,0.032,1.4609821306377965e+22,0.0,0.0,1168,16814,70511669280768.0,-0.0,-0.0,-104833.797,0.0,-0.0,50.0,60.0,35,0.0,0.0,10.0,2.0,0.0,0.0,0.0,0.0,0.0,0.0,0.0,0.0,0.0,0.0,0.0,0.0,58.8,52,13,65511,27,65476,0,65476,1,0,4,20529,65476,0,0,30147,60.0,0.0,10.0,10.0,2.0,0.0
2026-02-16T12:55:56,ERR,ERR,ERR,ERR,ERR,ERR,ERR,ERR,ERR,ERR,ERR,ERR,ERR,ERR,ERR,ERR,ERR,ERR,ERR,ERR,ERR,ERR,ERR,ERR,ERR,ERR,ERR,ERR,ERR,ERR,ERR,ERR,ERR,ERR,ERR,ERR,ERR,ERR,ERR,ERR,ERR,ERR,ERR,ERR,ERR,ERR,ERR,ERR,ERR,ERR,ERR,ERR,ERR,ERR,ERR,ERR,ERR,ERR,ERR,ERR,ERR,ERR,ERR,ERR,ERR,ERR,ERR,ERR,ERR,ERR,ERR,ERR,ERR,ERR,ERR,ERR,ERR,ERR,ERR,ERR,ERR,ERR,ERR,ERR,ERR,ERR,ERR,ERR,ERR,ERR,ERR,ERR,ERR,ERR,ERR,ERR,ERR,ERR,ERR,ERR,ERR,ERR,ERR,ERR,ERR,ERR,ERR,ERR,ERR,ERR,ERR,ERR,ERR,ERR,ERR,ERR,ERR,ERR,ERR,ERR,ERR,ERR,ERR,ERR,ERR,0.0,-0.0,2.7420187948523476e+23,0.0,-0.0,0.0,0.001,-1797446041600.0,4300,0,8,17170,4300,0.0,41,0.0,0.0,0.0,0.0,0.0,0,0,0,0,0.0,0,0,0,0,0,0,0,0,0,0,0,0,0,0,0,0,0,0,0,0,0,0,0,0,0,0,0,0,0,0,0,0,0,9,38,38,46,65476,395,65476,1,0,4,21553,0.0,0.0,0.0,0.0,0.0,0.0,0.0,0.0,0.0,0.0,0.0,0.0,0.0,0.0,0.0,0.0,0.0,0.0,0.0,0.0,0.0,2.004,2.004,-3.6970818999223845e+19,0.0,-0.0,0.0,0.0,0.0,0.0,6628.0,0.0,0.0,0.0,-0.0,0.0,-2.7184507374263774e+23,0.0,0.0,2.004,2.004,228,0.0,-0.0,0.0,0.0,0.0,0.0,0.0,0.0,0.0,0,0,0,0.0,7.120937585193062e+26,-0.0,148717520814080.0,-0.0,1.0480410431659453e+21,-0.0,42.568,0.002,-9.64828647183069e+36,-10353157120.0,3.457274948243788e+22,0.0,7.915,0.0,4.260196444184633e+27,0,1.3516416376850534e+27,228,0.0,456,-621855232.0,-2.2165387396652623e+20,2112,52429,17109,52429,17111,52429,17095,0,0,0,101,100,100,0.0,66.5,0.0,67.3,-0.0,66.5,1,49,50,180,52429,52429,0,0,0.0,0.0,0.0,60.0,70511669280768.0,71.0,0.0,-0.0,0.0,1068,0,1069,0,0,0,1069,0,1079,0,999,0,668,0,670,0,666,0,680,0.032,1.4609821306377965e+22,0.0,0.0,1168,16814,70511669280768.0,-0.0,-0.0,-104833.797,0.0,-0.0,50.0,60.0,35,0.0,0.0,10.0,2.0,0.0,0.0,0.0,0.0,0.0,0.0,0.0,0.0,0.0,0.0,0.0,0.0,58.8,52,13,65511,27,65476,0,65476,1,0,4,20529,65476,0,0,30147,60.0,0.0,10.0,10.0,2.0,0.0
2026-02-16T12:55:57,ERR,ERR,ERR,ERR,ERR,ERR,ERR,ERR,ERR,ERR,ERR,ERR,ERR,ERR,ERR,ERR,ERR,ERR,ERR,ERR,ERR,ERR,ERR,ERR,ERR,ERR,ERR,ERR,ERR,ERR,ERR,ERR,ERR,ERR,ERR,ERR,ERR,ERR,ERR,ERR,ERR,ERR,ERR,ERR,ERR,ERR,ERR,ERR,ERR,ERR,ERR,ERR,ERR,ERR,ERR,ERR,ERR,ERR,ERR,ERR,ERR,ERR,ERR,ERR,ERR,ERR,ERR,ERR,ERR,ERR,ERR,ERR,ERR,ERR,ERR,ERR,ERR,ERR,ERR,ERR,ERR,ERR,ERR,ERR,ERR,ERR,ERR,ERR,ERR,ERR,ERR,ERR,ERR,ERR,ERR,ERR,ERR,ERR,ERR,ERR,ERR,ERR,ERR,ERR,ERR,ERR,ERR,ERR,ERR,ERR,ERR,ERR,ERR,ERR,ERR,ERR,ERR,ERR,ERR,ERR,ERR,ERR,ERR,ERR,ERR,0.0,-0.0,2.7420187948523476e+23,0.0,-0.0,0.0,0.001,-1797446041600.0,4300,0,8,17170,4300,0.0,41,0.0,0.0,0.0,0.0,0.0,0,0,0,0,0.0,0,0,0,0,0,0,0,0,0,0,0,0,0,0,0,0,0,0,0,0,0,0,0,0,0,0,0,0,0,0,0,0,0,9,38,38,46,65476,395,65476,1,0,4,21553,0.0,0.0,0.0,0.0,0.0,0.0,0.0,0.0,0.0,0.0,0.0,0.0,0.0,0.0,0.0,0.0,0.0,0.0,0.0,0.0,0.0,2.004,2.004,-3.6970818999223845e+19,0.0,-0.0,0.0,0.0,0.0,0.0,6628.0,0.0,0.0,0.0,-0.0,0.0,-2.7184507374263774e+23,0.0,0.0,2.004,2.004,228,0.0,-0.0,0.0,0.0,0.0,0.0,0.0,0.0,0.0,0,0,0,0.0,7.120937585193062e+26,-0.0,148717520814080.0,-0.0,1.0480410431659453e+21,-0.0,42.568,0.002,-9.64828647183069e+36,-10353157120.0,3.457274948243788e+22,0.0,7.915,0.0,4.260196444184633e+27,0,1.3516416376850534e+27,228,0.0,456,-621855232.0,-2.2165387396652623e+20,2112,52429,17109,52429,17111,52429,17095,0,0,0,101,100,100,0.0,66.5,0.0,67.3,-0.0,66.5,1,49,50,180,39322,52429,0,0,0.0,0.0,0.0,60.0,134283343691776.0,71.0,0.0,2326660019912704.0,0.0,1068,0,1069,0,0,0,1069,0,1080,0,999,0,668,0,670,0,666,0,681,0.032,1.4609821306377965e+22,2.004,0.0,12432,16814,8.658619708997632e+17,2.6072367042134016e+16,2.458039906820866e+21,0.0,-1.1137605426778875e+26,0.0,50.0,60.0,35,0.0,0.0,10.0,2.0,0.0,0.0,0.0,0.0,0.0,0.0,0.0,0.0,0.0,0.0,0.0,0.0,59.2,52,13,65511,27,65476,0,65476,1,0,4,20529,65476,0,0,30147,60.0,0.0,10.0,10.0,2.0,0.0
2026-02-16T12:55:58,ERR,ERR,ERR,ERR,ERR,ERR,ERR,ERR,ERR,ERR,ERR,ERR,ERR,ERR,ERR,ERR,ERR,ERR,ERR,ERR,ERR,ERR,ERR,ERR,ERR,ERR,ERR,ERR,ERR,ERR,ERR,ERR,ERR,ERR,ERR,ERR,ERR,ERR,ERR,ERR,ERR,ERR,ERR,ERR,ERR,ERR,ERR,ERR,ERR,ERR,ERR,ERR,ERR,ERR,ERR,ERR,ERR,ERR,ERR,ERR,ERR,ERR,ERR,ERR,ERR,ERR,ERR,ERR,ERR,ERR,ERR,ERR,ERR,ERR,ERR,ERR,ERR,ERR,ERR,ERR,ERR,ERR,ERR,ERR,ERR,ERR,ERR,ERR,ERR,ERR,ERR,ERR,ERR,ERR,ERR,ERR,ERR,ERR,ERR,ERR,ERR,ERR,ERR,ERR,ERR,ERR,ERR,ERR,ERR,ERR,ERR,ERR,ERR,ERR,ERR,ERR,ERR,ERR,ERR,ERR,ERR,ERR,ERR,ERR,ERR,0.0,-0.0,2.7420187948523476e+23,0.0,-0.0,0.0,0.001,-1797446041600.0,4300,0,8,17170,4300,0.0,41,0.0,0.0,0.0,0.0,0.0,0,0,0,0,0.0,0,0,0,0,0,0,0,0,0,0,0,0,0,0,0,0,0,0,0,0,0,0,0,0,0,0,0,0,0,0,0,0,0,9,38,38,46,65476,395,65476,1,0,4,21553,0.0,0.0,0.0,0.0,0.0,0.0,0.0,0.0,0.0,0.0,0.0,0.0,0.0,0.0,0.0,0.0,0.0,0.0,0.0,0.0,0.0,2.004,2.004,-3.6970818999223845e+19,0.0,-0.0,0.0,0.0,0.0,0.0,6628.0,0.0,0.0,0.0,-0.0,0.0,-2.7184507374263774e+23,0.0,0.0,2.004,2.004,228,0.0,-0.0,0.0,0.0,0.0,0.0,0.0,0.0,0.0,0,0,0,0.0,7.120937585193062e+26,-0.0,148717520814080.0,-0.0,1.0480410431659453e+21,-0.0,42.568,0.002,-9.64828647183069e+36,-10353157120.0,3.457274948243788e+22,0.0,7.915,0.0,4.260196444184633e+27,0,1.3516416376850534e+27,228,0.0,456,-621855232.0,-2.2165387396652623e+20,2112,52429,17109,52429,17111,52429,17095,0,0,0,101,100,100,0.0,66.5,0.0,67.3,-0.0,66.5,1,49,50,180,39322,52429,0,0,0.0,0.0,0.0,60.0,134283343691776.0,71.0,0.0,2326660019912704.0,0.0,1068,0,1069,0,0,0,1069,0,1080,0,999,0,668,0,670,0,666,0,681,0.032,1.4609821306377965e+22,2.004,0.0,12432,16814,8.658619708997632e+17,2.6072367042134016e+16,2.458039906820866e+21,0.0,-1.1137605426778875e+26,0.0,50.0,60.0,35,0.0,0.0,10.0,2.0,0.0,0.0,0.0,0.0,0.0,0.0,0.0,0.0,0.0,0.0,0.0,0.0,59.2,52,13,65511,27,65476,0,65476,1,0,4,20529,65476,0,0,30147,60.0,0.0,10.0,10.0,2.0,0.0
2026-02-16T12:55:59,ERR,ERR,ERR,ERR,ERR,ERR,ERR,ERR,ERR,ERR,ERR,ERR,ERR,ERR,ERR,ERR,ERR,ERR,ERR,ERR,ERR,ERR,ERR,ERR,ERR,ERR,ERR,ERR,ERR,ERR,ERR,ERR,ERR,ERR,ERR,ERR,ERR,ERR,ERR,ERR,ERR,ERR,ERR,ERR,ERR,ERR,ERR,ERR,ERR,ERR,ERR,ERR,ERR,ERR,ERR,ERR,ERR,ERR,ERR,ERR,ERR,ERR,ERR,ERR,ERR,ERR,ERR,ERR,ERR,ERR,ERR,ERR,ERR,ERR,ERR,ERR,ERR,ERR,ERR,ERR,ERR,ERR,ERR,ERR,ERR,ERR,ERR,ERR,ERR,ERR,ERR,ERR,ERR,ERR,ERR,ERR,ERR,ERR,ERR,ERR,ERR,ERR,ERR,ERR,ERR,ERR,ERR,ERR,ERR,ERR,ERR,ERR,ERR,ERR,ERR,ERR,ERR,ERR,ERR,ERR,ERR,ERR,ERR,ERR,ERR,-107615880.0,-0.0,0.0,0.0,140341403451392.0,12624.271,1.646935446220964e+17,-0.0,4300,0,8,17170,4300,0.0,41,0.0,0.0,0.0,0.0,0.0,0,0,0,0,0.0,0,0,0,0,0,0,0,0,0,0,0,0,0,0,0,0,0,0,0,0,0,0,0,0,0,0,0,0,0,0,0,0,0,8,38,38,46,65476,392,65476,1,0,4,21553,0.0,0.0,0.0,0.0,0.0,0.0,0.0,0.0,0.0,0.0,0.0,0.0,0.0,0.0,0.0,0.0,0.0,0.0,0.0,0.0,0.0,2.004,2.004,-3.6970818999223845e+19,0.0,3.69707618246192e+19,0.0,0.0,0.0,0.0,6626.0,0.0,0.0,0.0,-0.0,0.0,-2.7184507374263774e+23,0.0,0.0,2.004,2.004,229,0.0,5.8480794516081455e+35,0.0,0.0,0.0,0.0,0.0,0.0,0.0,0,0,0,0.0,0.0,2.588678544327861e+33,-0.0,-0.0,-1763390.875,-0.0,-1.7293411841277857e+31,-2.0411661375728408e+33,-1.0188285345118312e+37,-11225572352.0,3.6343636913514e+22,0.0,8.517,0.0,-0.0,0,1.3516416376850534e+27,229,0.0,456,0.0,0.0,2112,52429,17109,52429,17111,52429,17095,0,0,0,101,100,100,0.0,66.5,0.0,67.3,-0.0,66.5,1,49,50,180,39322,52429,0,0,0.0,0.0,0.0,60.0,134283343691776.0,71.0,0.0,2326660019912704.0,0.0,1068,0,1069,0,0,0,1069,0,1080,0,999,0,668,0,670,0,666,0,681,0.032,1.4609821306377965e+22,2.004,0.0,12432,16814,8.658619708997632e+17,2.6072367042134016e+16,2.458039906820866e+21,0.0,-1.1137605426778875e+26,0.0,50.0,60.0,35,0.0,0.0,10.0,2.0,0.0,0.0,0.0,0.0,0.0,0.0,0.0,0.0,0.0,0.0,0.0,0.0,58.8,52,13,65511,27,65476,161,65476,1,0,4,20529,65476,0,0,30147,60.0,0.0,10.0,10.0,2.0,0.0
2026-02-16T12:56:00,ERR,ERR,ERR,ERR,ERR,ERR,ERR,ERR,ERR,ERR,ERR,ERR,ERR,ERR,ERR,ERR,ERR,ERR,ERR,ERR,ERR,ERR,ERR,ERR,ERR,ERR,ERR,ERR,ERR,ERR,ERR,ERR,ERR,ERR,ERR,ERR,ERR,ERR,ERR,ERR,ERR,ERR,ERR,ERR,ERR,ERR,ERR,ERR,ERR,ERR,ERR,ERR,ERR,ERR,ERR,ERR,ERR,ERR,ERR,ERR,ERR,ERR,ERR,ERR,ERR,ERR,ERR,ERR,ERR,ERR,ERR,ERR,ERR,ERR,ERR,ERR,ERR,ERR,ERR,ERR,ERR,ERR,ERR,ERR,ERR,ERR,ERR,ERR,ERR,ERR,ERR,ERR,ERR,ERR,ERR,ERR,ERR,ERR,ERR,ERR,ERR,ERR,ERR,ERR,ERR,ERR,ERR,ERR,ERR,ERR,ERR,ERR,ERR,ERR,ERR,ERR,ERR,ERR,ERR,ERR,ERR,ERR,ERR,ERR,ERR,-107615880.0,-0.0,0.0,0.0,140341403451392.0,12624.271,1.646935446220964e+17,-0.0,4300,0,8,17170,4300,0.0,41,0.0,0.0,0.0,0.0,0.0,0,0,0,0,0.0,0,0,0,0,0,0,0,0,0,0,0,0,0,0,0,0,0,0,0,0,0,0,0,0,0,0,0,0,0,0,0,0,0,8,38,38,46,65476,392,65476,1,0,4,21553,0.0,0.0,0.0,0.0,0.0,0.0,0.0,0.0,0.0,0.0,0.0,0.0,0.0,0.0,0.0,0.0,0.0,0.0,0.0,0.0,0.0,2.004,2.004,-3.6970818999223845e+19,0.0,3.69707618246192e+19,0.0,0.0,0.0,0.0,6626.0,0.0,0.0,0.0,-0.0,0.0,-2.7184507374263774e+23,0.0,0.0,2.004,2.004,229,0.0,5.8480794516081455e+35,0.0,0.0,0.0,0.0,0.0,0.0,0.0,0,0,0,0.0,0.0,2.588678544327861e+33,-0.0,-0.0,-1763390.875,-0.0,-1.7293411841277857e+31,-2.0411661375728408e+33,-1.0188285345118312e+37,-11225572352.0,3.6343636913514e+22,0.0,8.517,0.0,-0.0,0,1.3516416376850534e+27,229,0.0,456,0.0,0.0,2112,52429,17109,52429,17111,52429,17095,0,0,0,101,100,100,0.0,66.5,0.0,67.3,-0.0,66.5,1,49,50,180,39322,52429,0,0,0.0,0.0,0.0,60.0,134283343691776.0,71.0,0.0,2326660019912704.0,0.0,1068,0,1069,0,0,0,1069,0,1080,0,999,0,668,0,670,0,666,0,681,0.032,1.4609821306377965e+22,2.004,0.0,12432,16814,8.658619708997632e+17,2.6072367042134016e+16,2.458039906820866e+21,0.0,-1.1137605426778875e+26,0.0,50.0,60.0,35,0.0,0.0,10.0,2.0,0.0,0.0,0.0,0.0,0.0,0.0,0.0,0.0,0.0,0.0,0.0,0.0,58.8,51,13,65511,27,65476,239,65476,1,0,4,20529,65476,0,0,30147,60.0,0.0,10.0,10.0,2.0,0.0
2026-02-16T12:56:01,ERR,ERR,ERR,ERR,ERR,ERR,ERR,ERR,ERR,ERR,ERR,ERR,ERR,ERR,ERR,ERR,ERR,ERR,ERR,ERR,ERR,ERR,ERR,ERR,ERR,ERR,ERR,ERR,ERR,ERR,ERR,ERR,ERR,ERR,ERR,ERR,ERR,ERR,ERR,ERR,ERR,ERR,ERR,ERR,ERR,ERR,ERR,ERR,ERR,ERR,ERR,ERR,ERR,ERR,ERR,ERR,ERR,ERR,ERR,ERR,ERR,ERR,ERR,ERR,ERR,ERR,ERR,ERR,ERR,ERR,ERR,ERR,ERR,ERR,ERR,ERR,ERR,ERR,ERR,ERR,ERR,ERR,ERR,ERR,ERR,ERR,ERR,ERR,ERR,ERR,ERR,ERR,ERR,ERR,ERR,ERR,ERR,ERR,ERR,ERR,ERR,ERR,ERR,ERR,ERR,ERR,ERR,ERR,ERR,ERR,ERR,ERR,ERR,ERR,ERR,ERR,ERR,ERR,ERR,ERR,ERR,ERR,ERR,ERR,ERR,-107615880.0,-0.0,0.0,0.0,140341403451392.0,12624.271,1.646935446220964e+17,-0.0,4300,0,8,17170,4300,0.0,41,0.0,0.0,0.0,0.0,0.0,0,0,0,0,0.0,0,0,0,0,0,0,0,0,0,0,0,0,0,0,0,0,0,0,0,0,0,0,0,0,0,0,0,0,0,0,0,0,0,8,38,38,46,65476,392,65476,1,0,4,21553,0.0,0.0,0.0,0.0,0.0,0.0,0.0,0.0,0.0,0.0,0.0,0.0,0.0,0.0,0.0,0.0,0.0,0.0,0.0,0.0,0.0,2.004,2.004,-3.6970818999223845e+19,0.0,3.69707618246192e+19,0.0,0.0,0.0,0.0,6626.0,0.0,0.0,0.0,-0.0,0.0,-2.7184507374263774e+23,0.0,0.0,2.004,2.004,229,0.0,5.8480794516081455e+35,0.0,0.0,0.0,0.0,0.0,0.0,0.0,0,0,0,0.0,0.0,2.588678544327861e+33,-0.0,-0.0,-1763390.875,-0.0,-1.7293411841277857e+31,-2.0411661375728408e+33,-1.0188285345118312e+37,-11225572352.0,3.6343636913514e+22,0.0,8.517,0.0,-0.0,0,1.3516416376850534e+27,229,0.0,456,0.0,0.0,2114,52429,17109,52429,17111,52429,17095,0,0,0,101,100,100,0.0,66.5,0.0,67.4,-107615272.0,66.5,1,49,50,180,39322,52429,0,0,0.0,0.0,0.0,60.0,390615488.0,71.0,0.0,-0.0,0.0,1068,0,1069,0,0,0,1069,0,1079,0,999,0,668,0,670,0,666,0,680,0.032,1.4609821306377965e+22,2.004,0.0,3984,16814,13200.639,-0.0,6.602299043957703e+18,0.0,-5.240171790676242e+20,0.0,50.0,60.0,35,0.0,0.0,10.0,2.0,0.0,0.0,0.0,0.0,0.0,0.0,0.0,0.0,0.0,0.0,0.0,0.0,58.8,51,13,65511,27,65476,239,65476,1,0,4,20529,65476,0,0,30147,60.0,0.0,10.0,10.0,2.0,0.0
2026-02-16T12:56:02,ERR,ERR,ERR,ERR,ERR,ERR,ERR,ERR,ERR,ERR,ERR,ERR,ERR,ERR,ERR,ERR,ERR,ERR,ERR,ERR,ERR,ERR,ERR,ERR,ERR,ERR,ERR,ERR,ERR,ERR,ERR,ERR,ERR,ERR,ERR,ERR,ERR,ERR,ERR,ERR,ERR,ERR,ERR,ERR,ERR,ERR,ERR,ERR,ERR,ERR,ERR,ERR,ERR,ERR,ERR,ERR,ERR,ERR,ERR,ERR,ERR,ERR,ERR,ERR,ERR,ERR,ERR,ERR,ERR,ERR,ERR,ERR,ERR,ERR,ERR,ERR,ERR,ERR,ERR,ERR,ERR,ERR,ERR,ERR,ERR,ERR,ERR,ERR,ERR,ERR,ERR,ERR,ERR,ERR,ERR,ERR,ERR,ERR,ERR,ERR,ERR,ERR,ERR,ERR,ERR,ERR,ERR,ERR,ERR,ERR,ERR,ERR,ERR,ERR,ERR,ERR,ERR,ERR,ERR,ERR,ERR,ERR,ERR,ERR,ERR,-107615880.0,-0.0,0.0,0.0,140341403451392.0,12624.271,1.646935446220964e+17,-0.0,4300,0,8,17170,4300,0.0,41,0.0,0.0,0.0,0.0,0.0,0,0,0,0,0.0,0,0,0,0,0,0,0,0,0,0,0,0,0,0,0,0,0,0,0,0,0,0,0,0,0,0,0,0,0,0,0,0,0,8,38,38,46,65476,392,65476,1,0,4,21553,0.0,0.0,0.0,0.0,0.0,0.0,0.0,0.0,0.0,0.0,0.0,0.0,0.0,0.0,0.0,0.0,0.0,0.0,0.0,0.0,0.0,2.004,2.004,-3.6970818999223845e+19,0.0,3.69707618246192e+19,0.0,0.0,0.0,0.0,6626.0,0.0,0.0,0.0,-0.0,0.0,-2.7184507374263774e+23,0.0,0.0,2.004,2.004,229,0.0,5.8480794516081455e+35,0.0,0.0,0.0,0.0,0.0,0.0,0.0,0,0,0,0.0,0.0,2.588678544327861e+33,-0.0,-0.0,-1763390.875,-0.0,-1.7293411841277857e+31,-2.0411661375728408e+33,-1.0188285345118312e+37,-11225572352.0,3.6343636913514e+22,0.0,8.517,0.0,-0.0,0,1.3516416376850534e+27,229,0.0,456,0.0,0.0,2114,52429,17109,52429,17111,52429,17095,0,0,0,101,100,100,0.0,66.5,0.0,67.4,-107615272.0,66.5,1,49,50,180,39322,52429,0,0,0.0,0.0,0.0,60.0,390615488.0,71.0,0.0,-0.0,0.0,1068,0,1069,0,0,0,1069,0,1079,0,999,0,668,0,670,0,666,0,680,0.032,1.4609821306377965e+22,2.004,0.0,3984,16814,13200.639,-0.0,6.602299043957703e+18,0.0,-5.240171790676242e+20,0.0,50.0,60.0,35,0.0,0.0,10.0,2.0,0.0,0.0,0.0,0.0,0.0,0.0,0.0,0.0,0.0,0.0,0.0,0.0,58.8,48,15,65514,27,65476,398,65476,1,0,4,20529,65476,0,0,30147,60.0,0.0,10.0,10.0,2.0,0.0
2026-02-16T12:56:03,ERR,ERR,ERR,ERR,ERR,ERR,ERR,ERR,ERR,ERR,ERR,ERR,ERR,ERR,ERR,ERR,ERR,ERR,ERR,ERR,ERR,ERR,ERR,ERR,ERR,ERR,ERR,ERR,ERR,ERR,ERR,ERR,ERR,ERR,ERR,ERR,ERR,ERR,ERR,ERR,ERR,ERR,ERR,ERR,ERR,ERR,ERR,ERR,ERR,ERR,ERR,ERR,ERR,ERR,ERR,ERR,ERR,ERR,ERR,ERR,ERR,ERR,ERR,ERR,ERR,ERR,ERR,ERR,ERR,ERR,ERR,ERR,ERR,ERR,ERR,ERR,ERR,ERR,ERR,ERR,ERR,ERR,ERR,ERR,ERR,ERR,ERR,ERR,ERR,ERR,ERR,ERR,ERR,ERR,ERR,ERR,ERR,ERR,ERR,ERR,ERR,ERR,ERR,ERR,ERR,ERR,ERR,ERR,ERR,ERR,ERR,ERR,ERR,ERR,ERR,ERR,ERR,ERR,ERR,ERR,ERR,ERR,ERR,ERR,ERR,-107615880.0,-0.0,0.0,0.0,140341403451392.0,-1.108375893810586e+28,-640111.562,-2.2502102231607713e+24,4300,0,8,17170,4300,0.0,41,0.0,0.0,0.0,0.0,0.0,0,0,0,0,0.0,0,0,0,0,0,0,0,0,0,0,0,0,0,0,0,0,0,0,0,0,0,0,0,0,0,0,0,0,0,0,0,0,0,8,38,38,46,65476,392,65476,1,0,4,21553,0.0,0.0,0.0,0.0,0.0,0.0,0.0,0.0,0.0,0.0,0.0,0.0,0.0,0.0,0.0,0.0,0.0,0.0,0.0,0.0,0.0,2.004,0.0,-3.6970818999223845e+19,0.0,2.004,0.0,0.0,0.0,0.0,6602.0,-1.0406715705571685e+34,0.0,0.0,-0.0,0.0,-107616264.0,0.0,0.0,2.004,2.004,228,1.9056860945658675e+17,4.950424729324142e+32,0.0,0.0,0.0,0.0,0.0,0.0,0.0,0,0,0,-403205568.0,-562206.25,1.471,-4.2374742613434715e+26,-0.0,-451428352.0,-0.0,1.5072730549476682e+22,245654688.0,-1.0656590971059426e+37,-11963769856.0,3.845011682622307e+22,0.0,9.205,0.0,0.0,0,1.3516416376850534e+27,228,0.0,456,-621855232.0,-2.2165387396652623e+20,2114,52429,17109,52429,17111,52429,17095,0,0,0,101,100,100,0.0,66.5,0.0,67.4,-107615272.0,66.5,1,49,50,180,39322,52429,0,0,0.0,0.0,0.0,60.0,390615488.0,71.0,0.0,-0.0,0.0,1068,0,1069,0,0,0,1069,0,1079,0,999,0,668,0,670,0,666,0,680,0.032,1.4609821306377965e+22,2.004,0.0,3984,16814,13200.639,-0.0,6.602299043957703e+18,0.0,-5.240171790676242e+20,0.0,50.0,60.0,35,0.0,0.0,10.0,2.0,0.0,0.0,0.0,0.0,0.0,0.0,0.0,0.0,0.0,0.0,0.0,0.0,58.8,47,16,65515,27,65476,478,65476,1,0,4,20529,65476,0,0,30147,60.0,0.0,10.0,10.0,2.0,0.0
2026-02-16T12:56:04,ERR,ERR,ERR,ERR,ERR,ERR,ERR,ERR,ERR,ERR,ERR,ERR,ERR,ERR,ERR,ERR,ERR,ERR,ERR,ERR,ERR,ERR,ERR,ERR,ERR,ERR,ERR,ERR,ERR,ERR,ERR,ERR,ERR,ERR,ERR,ERR,ERR,ERR,ERR,ERR,ERR,ERR,ERR,ERR,ERR,ERR,ERR,ERR,ERR,ERR,ERR,ERR,ERR,ERR,ERR,ERR,ERR,ERR,ERR,ERR,ERR,ERR,ERR,ERR,ERR,ERR,ERR,ERR,ERR,ERR,ERR,ERR,ERR,ERR,ERR,ERR,ERR,ERR,ERR,ERR,ERR,ERR,ERR,ERR,ERR,ERR,ERR,ERR,ERR,ERR,ERR,ERR,ERR,ERR,ERR,ERR,ERR,ERR,ERR,ERR,ERR,ERR,ERR,ERR,ERR,ERR,ERR,ERR,ERR,ERR,ERR,ERR,ERR,ERR,ERR,ERR,ERR,ERR,ERR,ERR,ERR,ERR,ERR,ERR,ERR,-107615880.0,-0.0,0.0,0.0,140341403451392.0,-1.108375893810586e+28,-640111.562,-2.2502102231607713e+24,4300,0,8,17170,4300,0.0,41,0.0,0.0,0.0,0.0,0.0,0,0,0,0,0.0,0,0,0,0,0,0,0,0,0,0,0,0,0,0,0,0,0,0,0,0,0,0,0,0,0,0,0,0,0,0,0,0,0,8,38,38,46,65476,392,65476,1,0,4,21553,0.0,0.0,0.0,0.0,0.0,0.0,0.0,0.0,0.0,0.0,0.0,0.0,0.0,0.0,0.0,0.0,0.0,0.0,0.0,0.0,0.0,2.004,0.0,-3.6970818999223845e+19,0.0,2.004,0.0,0.0,0.0,0.0,6602.0,-1.0406715705571685e+34,0.0,0.0,-0.0,0.0,-107616264.0,0.0,0.0,2.004,2.004,228,1.9056860945658675e+17,4.950424729324142e+32,0.0,0.0,0.0,0.0,0.0,0.0,0.0,0,0,0,-403205568.0,-562206.25,1.471,-4.2374742613434715e+26,-0.0,-451428352.0,-0.0,1.5072730549476682e+22,245654688.0,-1.0656590971059426e+37,-11963769856.0,3.845011682622307e+22,0.0,9.205,0.0,0.0,0,1.3516416376850534e+27,228,0.0,456,-621855232.0,-2.2165387396652623e+20,2114,52429,17109,52429,17111,52429,17095,0,0,0,101,100,100,0.0,66.5,0.0,67.3,-0.0,66.5,1,49,50,180,39322,52429,0,0,0.0,0.0,0.0,60.0,167.26,71.0,0.0,-0.0,0.0,1069,0,1069,0,0,0,1069,0,1079,0,999,0,669,0,670,0,666,0,680,0.032,1.4536034330083127e+22,2.004,0.0,58000,16813,167.26,-0.0,0.0,-0.0,-0.0,0.0,50.0,60.0,35,0.0,0.0,10.0,2.0,0.0,0.0,0.0,0.0,0.0,0.0,0.0,0.0,0.0,0.0,0.0,0.0,58.8,47,16,65515,27,65476,478,65476,1,0,4,20529,65476,0,0,30147,60.0,0.0,10.0,10.0,2.0,0.0
2026-02-16T12:56:05,ERR,ERR,ERR,ERR,ERR,ERR,ERR,ERR,ERR,ERR,ERR,ERR,ERR,ERR,ERR,ERR,ERR,ERR,ERR,ERR,ERR,ERR,ERR,ERR,ERR,ERR,ERR,ERR,ERR,ERR,ERR,ERR,ERR,ERR,ERR,ERR,ERR,ERR,ERR,ERR,ERR,ERR,ERR,ERR,ERR,ERR,ERR,ERR,ERR,ERR,ERR,ERR,ERR,ERR,ERR,ERR,ERR,ERR,ERR,ERR,ERR,ERR,ERR,ERR,ERR,ERR,ERR,ERR,ERR,ERR,ERR,ERR,ERR,ERR,ERR,ERR,ERR,ERR,ERR,ERR,ERR,ERR,ERR,ERR,ERR,ERR,ERR,ERR,ERR,ERR,ERR,ERR,ERR,ERR,ERR,ERR,ERR,ERR,ERR,ERR,ERR,ERR,ERR,ERR,ERR,ERR,ERR,ERR,ERR,ERR,ERR,ERR,ERR,ERR,ERR,ERR,ERR,ERR,ERR,ERR,ERR,ERR,ERR,ERR,ERR,-107615880.0,-0.0,0.0,0.0,140341403451392.0,-1.108375893810586e+28,-640111.562,-2.2502102231607713e+24,4300,0,8,17170,4300,0.0,41,0.0,0.0,0.0,0.0,0.0,0,0,0,0,0.0,0,0,0,0,0,0,0,0,0,0,0,0,0,0,0,0,0,0,0,0,0,0,0,0,0,0,0,0,0,0,0,0,0,8,38,38,46,65476,392,65476,1,0,4,21553,0.0,0.0,0.0,0.0,0.0,0.0,0.0,0.0,0.0,0.0,0.0,0.0,0.0,0.0,0.0,0.0,0.0,0.0,0.0,0.0,0.0,2.004,0.0,-3.6970818999223845e+19,0.0,2.004,0.0,0.0,0.0,0.0,6602.0,-1.0406715705571685e+34,0.0,0.0,-0.0,0.0,-107616264.0,0.0,0.0,2.004,2.004,228,1.9056860945658675e+17,4.950424729324142e+32,0.0,0.0,0.0,0.0,0.0,0.0,0.0,0,0,0,-403205568.0,-562206.25,1.471,-4.2374742613434715e+26,-0.0,-451428352.0,-0.0,1.5072730549476682e+22,245654688.0,-1.0656590971059426e+37,-11963769856.0,3.845011682622307e+22,0.0,9.205,0.0,0.0,0,1.3516416376850534e+27,228,0.0,456,-621855232.0,-2.2165387396652623e+20,2114,52429,17109,52429,17111,52429,17095,0,0,0,101,100,100,0.0,66.5,0.0,67.3,-0.0,66.5,1,49,50,180,39322,52429,0,0,0.0,0.0,0.0,60.0,167.26,71.0,0.0,-0.0,0.0,1069,0,1069,0,0,0,1069,0,1079,0,999,0,669,0,670,0,666,0,680,0.032,1.4536034330083127e+22,2.004,0.0,58000,16813,167.26,-0.0,0.0,-0.0,-0.0,0.0,50.0,60.0,35,0.0,0.0,10.0,2.0,0.0,0.0,0.0,0.0,0.0,0.0,0.0,0.0,0.0,0.0,0.0,0.0,59.2,45,17,65518,27,65476,637,65476,1,0,4,20529,65476,0,0,30147,60.0,0.0,10.0,10.0,2.0,0.0
2026-02-16T12:56:06,ERR,ERR,ERR,ERR,ERR,ERR,ERR,ERR,ERR,ERR,ERR,ERR,ERR,ERR,ERR,ERR,ERR,ERR,ERR,ERR,ERR,ERR,ERR,ERR,ERR,ERR,ERR,ERR,ERR,ERR,ERR,ERR,ERR,ERR,ERR,ERR,ERR,ERR,ERR,ERR,ERR,ERR,ERR,ERR,ERR,ERR,ERR,ERR,ERR,ERR,ERR,ERR,ERR,ERR,ERR,ERR,ERR,ERR,ERR,ERR,ERR,ERR,ERR,ERR,ERR,ERR,ERR,ERR,ERR,ERR,ERR,ERR,ERR,ERR,ERR,ERR,ERR,ERR,ERR,ERR,ERR,ERR,ERR,ERR,ERR,ERR,ERR,ERR,ERR,ERR,ERR,ERR,ERR,ERR,ERR,ERR,ERR,ERR,ERR,ERR,ERR,ERR,ERR,ERR,ERR,ERR,ERR,ERR,ERR,ERR,ERR,ERR,ERR,ERR,ERR,ERR,ERR,ERR,ERR,ERR,ERR,ERR,ERR,ERR,ERR,-107615880.0,-0.0,0.0,0.0,140341403451392.0,-1.108375893810586e+28,-640111.562,-2.2502102231607713e+24,4300,0,8,17170,4300,0.0,41,0.0,0.0,0.0,0.0,0.0,0,0,0,0,0.0,0,0,0,0,0,0,0,0,0,0,0,0,0,0,0,0,0,0,0,0,0,0,0,0,0,0,0,0,0,0,0,0,0,8,38,38,46,65476,392,65476,1,0,4,21553,0.0,0.0,0.0,0.0,0.0,0.0,0.0,0.0,0.0,0.0,0.0,0.0,0.0,0.0,0.0,0.0,0.0,0.0,0.0,0.0,0.0,2.004,0.0,-3.6970818999223845e+19,0.0,2.004,0.0,0.0,0.0,0.0,6602.0,-1.0406715705571685e+34,0.0,0.0,-0.0,0.0,-107616264.0,0.0,0.0,2.004,2.004,228,1.9056860945658675e+17,4.950424729324142e+32,0.0,0.0,0.0,0.0,0.0,0.0,0.0,0,0,0,-403205568.0,-562206.25,1.471,-4.2374742613434715e+26,-0.0,-451428352.0,-0.0,1.5072730549476682e+22,245654688.0,-1.0656590971059426e+37,-11963769856.0,3.845011682622307e+22,0.0,9.205,0.0,0.0,0,1.3516416376850534e+27,228,0.0,456,-621855232.0,-2.2165387396652623e+20,2114,52429,17109,52429,17111,52429,17095,0,0,0,101,100,100,0.0,66.5,0.0,67.3,-0.0,66.5,1,49,50,180,39322,52429,0,0,0.0,0.0,0.0,60.0,167.26,71.0,0.0,-0.0,0.0,1069,0,1069,0,0,0,1069,0,1079,0,999,0,669,0,670,0,666,0,680,0.032,1.4536034330083127e+22,2.004,0.0,58000,16813,167.26,-0.0,0.0,-0.0,-0.0,0.0,50.0,60.0,35,0.0,0.0,10.0,2.0,0.0,0.0,0.0,0.0,0.0,0.0,0.0,0.0,0.0,0.0,0.0,0.0,59.2,45,17,65518,27,65476,637,65476,1,0,4,20529,65476,0,0,30147,60.0,0.0,10.0,10.0,2.0,0.0
2026-02-16T12:56:07,ERR,ERR,ERR,ERR,ERR,ERR,ERR,ERR,ERR,ERR,ERR,ERR,ERR,ERR,ERR,ERR,ERR,ERR,ERR,ERR,ERR,ERR,ERR,ERR,ERR,ERR,ERR,ERR,ERR,ERR,ERR,ERR,ERR,ERR,ERR,ERR,ERR,ERR,ERR,ERR,ERR,ERR,ERR,ERR,ERR,ERR,ERR,ERR,ERR,ERR,ERR,ERR,ERR,ERR,ERR,ERR,ERR,ERR,ERR,ERR,ERR,ERR,ERR,ERR,ERR,ERR,ERR,ERR,ERR,ERR,ERR,ERR,ERR,ERR,ERR,ERR,ERR,ERR,ERR,ERR,ERR,ERR,ERR,ERR,ERR,ERR,ERR,ERR,ERR,ERR,ERR,ERR,ERR,ERR,ERR,ERR,ERR,ERR,ERR,ERR,ERR,ERR,ERR,ERR,ERR,ERR,ERR,ERR,ERR,ERR,ERR,ERR,ERR,ERR,ERR,ERR,ERR,ERR,ERR,ERR,ERR,ERR,ERR,ERR,ERR,-107615880.0,-0.0,0.0,0.0,140341403451392.0,-1.108375893810586e+28,-640111.562,-2.2502102231607713e+24,4300,0,8,17170,4300,0.0,41,0.0,0.0,0.0,0.0,0.0,0,0,0,0,0.0,0,0,0,0,0,0,0,0,0,0,0,0,0,0,0,0,0,0,0,0,0,0,0,0,0,0,0,0,0,0,0,0,0,8,38,38,46,65476,392,65476,1,0,4,21553,0.0,0.0,0.0,0.0,0.0,0.0,0.0,0.0,0.0,0.0,0.0,0.0,0.0,0.0,0.0,0.0,0.0,0.0,0.0,0.0,0.0,2.004,0.0,-3.6970818999223845e+19,0.0,2.004,0.0,0.0,0.0,0.0,6602.0,-1.0406715705571685e+34,0.0,0.0,-0.0,0.0,-107616264.0,0.0,0.0,2.004,2.004,228,1.9056860945658675e+17,4.950424729324142e+32,0.0,0.0,0.0,0.0,0.0,0.0,0.0,0,0,0,-403205568.0,-562206.25,1.471,-4.2374742613434715e+26,-0.0,-451428352.0,-0.0,1.5072730549476682e+22,245654688.0,-1.0656590971059426e+37,-11963769856.0,3.845011682622307e+22,0.0,9.205,0.0,0.0,0,1.3516416376850534e+27,228,0.0,456,-621855232.0,-2.2165387396652623e+20,2112,52429,17109,0,17112,52429,17095,0,0,0,101,100,100,0.0,66.6,0.0,67.3,-0.0,66.5,1,49,50,180,52429,52429,0,0,0.0,0.0,0.0,60.0,3575971.5,71.0,0.0,3241453694222336.0,0.0,1069,0,1069,0,0,0,1069,0,1080,0,999,0,669,0,671,0,666,0,681,0.032,1.4609821306377965e+22,2.004,0.0,49424,16813,0.001,0.0,-7.436371148524392e+20,1.309672060406779e+19,11562479779840.0,-1.791,50.0,60.0,35,0.0,0.0,10.0,2.0,0.0,0.0,0.0,0.0,0.0,0.0,0.0,0.0,0.0,0.0,0.0,0.0,59.2,42,19,65521,27,65476,797,65476,1,0,4,20529,65476,0,0,30147,60.0,0.0,10.0,10.0,2.0,0.0
2026-02-16T12:56:08,ERR,ERR,ERR,ERR,ERR,ERR,ERR,ERR,ERR,ERR,ERR,ERR,ERR,ERR,ERR,ERR,ERR,ERR,ERR,ERR,ERR,ERR,ERR,ERR,ERR,ERR,ERR,ERR,ERR,ERR,ERR,ERR,ERR,ERR,ERR,ERR,ERR,ERR,ERR,ERR,ERR,ERR,ERR,ERR,ERR,ERR,ERR,ERR,ERR,ERR,ERR,ERR,ERR,ERR,ERR,ERR,ERR,ERR,ERR,ERR,ERR,ERR,ERR,ERR,ERR,ERR,ERR,ERR,ERR,ERR,ERR,ERR,ERR,ERR,ERR,ERR,ERR,ERR,ERR,ERR,ERR,ERR,ERR,ERR,ERR,ERR,ERR,ERR,ERR,ERR,ERR,ERR,ERR,ERR,ERR,ERR,ERR,ERR,ERR,ERR,ERR,ERR,ERR,ERR,ERR,ERR,ERR,ERR,ERR,ERR,ERR,ERR,ERR,ERR,ERR,ERR,ERR,ERR,ERR,ERR,ERR,ERR,ERR,ERR,ERR,-107615880.0,-0.0,0.0,0.0,140341403451392.0,-2.3816247426256868e+27,-51270.973,-9.841432502887424e+24,4300,0,8,17170,4300,0.0,41,0.0,0.0,0.0,0.0,-152017230102528.0,0,0,0,0,0.0,0,0,0,0,0,0,0,0,0,0,0,0,0,0,0,0,0,0,0,0,0,0,0,0,0,0,0,0,0,0,0,0,0,9,38,37,46,65476,392,65476,1,0,4,21553,0.0,-107610720.0,0.0,0.0,0.0,0.0,0.0,0.0,0.0,0.0,0.0,0.0,0.0,0.0,0.0,0.0,0.0,0.0,0.0,0.0,0.0,2.004,2.004,-3.6970818999223845e+19,0.0,0.0,0.0,0.0,0.0,0.0,6630.0,0.0,0.0,-107615880.0,-0.0,0.0,-0.0,0.0,0.0,2.004,2.004,228,0.0,-0.0,0.0,0.0,0.0,0.0,0.0,0.0,0.0,0,0,0,-9.9179818791073e+24,23674889437184.0,2.3650705234531875e+22,5.728001139363061e+21,-0.0,-0.0,4213770289152.0,-3904529760256.0,-0.0,-1.173658871763467e+37,-12836185088.0,4.19918916883753e+22,0.0,9.892,0.0,-0.0,0,1.3516416376850534e+27,228,0.0,456,-621855232.0,82050.086,2112,52429,17109,0,17112,52429,17095,0,0,0,101,100,100,0.0,66.6,0.0,67.3,-0.0,66.5,1,49,50,180,52429,52429,0,0,0.0,0.0,0.0,60.0,3575971.5,71.0,0.0,3241453694222336.0,0.0,1069,0,1069,0,0,0,1069,0,1080,0,999,0,669,0,671,0,666,0,681,0.032,1.4609821306377965e+22,2.004,0.0,49424,16813,0.001,0.0,-7.436371148524392e+20,1.309672060406779e+19,11562479779840.0,-1.791,50.0,60.0,35,0.0,0.0,10.0,2.0,0.0,0.0,0.0,0.0,0.0,0.0,0.0,0.0,0.0,0.0,0.0,0.0,59.2,39,22,65524,27,65476,812,65476,1,0,4,20529,65476,0,0,30147,60.0,0.0,10.0,10.0,2.0,0.0
2026-02-16T12:56:09,ERR,ERR,ERR,ERR,ERR,ERR,ERR,ERR,ERR,ERR,ERR,ERR,ERR,ERR,ERR,ERR,ERR,ERR,ERR,ERR,ERR,ERR,ERR,ERR,ERR,ERR,ERR,ERR,ERR,ERR,ERR,ERR,ERR,ERR,ERR,ERR,ERR,ERR,ERR,ERR,ERR,ERR,ERR,ERR,ERR,ERR,ERR,ERR,ERR,ERR,ERR,ERR,ERR,ERR,ERR,ERR,ERR,ERR,ERR,ERR,ERR,ERR,ERR,ERR,ERR,ERR,ERR,ERR,ERR,ERR,ERR,ERR,ERR,ERR,ERR,ERR,ERR,ERR,ERR,ERR,ERR,ERR,ERR,ERR,ERR,ERR,ERR,ERR,ERR,ERR,ERR,ERR,ERR,ERR,ERR,ERR,ERR,ERR,ERR,ERR,ERR,ERR,ERR,ERR,ERR,ERR,ERR,ERR,ERR,ERR,ERR,ERR,ERR,ERR,ERR,ERR,ERR,ERR,ERR,ERR,ERR,ERR,ERR,ERR,ERR,-107615880.0,-0.0,0.0,0.0,140341403451392.0,-2.3816247426256868e+27,-51270.973,-9.841432502887424e+24,4300,0,8,17170,4300,0.0,41,0.0,0.0,0.0,0.0,-152017230102528.0,0,0,0,0,0.0,0,0,0,0,0,0,0,0,0,0,0,0,0,0,0,0,0,0,0,0,0,0,0,0,0,0,0,0,0,0,0,0,0,9,38,37,46,65476,392,65476,1,0,4,21553,0.0,-107610720.0,0.0,0.0,0.0,0.0,0.0,0.0,0.0,0.0,0.0,0.0,0.0,0.0,0.0,0.0,0.0,0.0,0.0,0.0,0.0,2.004,2.004,-3.6970818999223845e+19,0.0,0.0,0.0,0.0,0.0,0.0,6630.0,0.0,0.0,-107615880.0,-0.0,0.0,-0.0,0.0,0.0,2.004,2.004,228,0.0,-0.0,0.0,0.0,0.0,0.0,0.0,0.0,0.0,0,0,0,-9.9179818791073e+24,23674889437184.0,2.3650705234531875e+22,5.728001139363061e+21,-0.0,-0.0,4213770289152.0,-3904529760256.0,-0.0,-1.173658871763467e+37,-12836185088.0,4.19918916883753e+22,0.0,9.892,0.0,-0.0,0,1.3516416376850534e+27,228,0.0,456,-621855232.0,82050.086,2112,52429,17109,0,17112,52429,17095,0,0,0,101,100,100,0.0,66.6,0.0,67.3,-0.0,66.5,1,49,50,180,52429,52429,0,0,0.0,0.0,0.0,60.0,3575971.5,71.0,0.0,3241453694222336.0,0.0,1069,0,1069,0,0,0,1069,0,1080,0,999,0,669,0,671,0,666,0,681,0.032,1.4609821306377965e+22,2.004,0.0,49424,16813,0.001,0.0,-7.436371148524392e+20,1.309672060406779e+19,11562479779840.0,-1.791,50.0,60.0,35,0.0,0.0,10.0,2.0,0.0,0.0,0.0,0.0,0.0,0.0,0.0,0.0,0.0,0.0,0.0,0.0,59.2,39,22,65524,27,65476,812,65476,1,0,4,20529,65476,0,0,30147,60.0,0.0,10.0,10.0,2.0,0.0
2026-02-16T12:56:10,ERR,ERR,ERR,ERR,ERR,ERR,ERR,ERR,ERR,ERR,ERR,ERR,ERR,ERR,ERR,ERR,ERR,ERR,ERR,ERR,ERR,ERR,ERR,ERR,ERR,ERR,ERR,ERR,ERR,ERR,ERR,ERR,ERR,ERR,ERR,ERR,ERR,ERR,ERR,ERR,ERR,ERR,ERR,ERR,ERR,ERR,ERR,ERR,ERR,ERR,ERR,ERR,ERR,ERR,ERR,ERR,ERR,ERR,ERR,ERR,ERR,ERR,ERR,ERR,ERR,ERR,ERR,ERR,ERR,ERR,ERR,ERR,ERR,ERR,ERR,ERR,ERR,ERR,ERR,ERR,ERR,ERR,ERR,ERR,ERR,ERR,ERR,ERR,ERR,ERR,ERR,ERR,ERR,ERR,ERR,ERR,ERR,ERR,ERR,ERR,ERR,ERR,ERR,ERR,ERR,ERR,ERR,ERR,ERR,ERR,ERR,ERR,ERR,ERR,ERR,ERR,ERR,ERR,ERR,ERR,ERR,ERR,ERR,ERR,ERR,-107615880.0,-0.0,0.0,0.0,140341403451392.0,-2.3816247426256868e+27,-51270.973,-9.841432502887424e+24,4300,0,8,17170,4300,0.0,41,0.0,0.0,0.0,0.0,-152017230102528.0,0,0,0,0,0.0,0,0,0,0,0,0,0,0,0,0,0,0,0,0,0,0,0,0,0,0,0,0,0,0,0,0,0,0,0,0,0,0,0,9,38,37,46,65476,392,65476,1,0,4,21553,0.0,-107610720.0,0.0,0.0,0.0,0.0,0.0,0.0,0.0,0.0,0.0,0.0,0.0,0.0,0.0,0.0,0.0,0.0,0.0,0.0,0.0,2.004,2.004,-3.6970818999223845e+19,0.0,0.0,0.0,0.0,0.0,0.0,6630.0,0.0,0.0,-107615880.0,-0.0,0.0,-0.0,0.0,0.0,2.004,2.004,228,0.0,-0.0,0.0,0.0,0.0,0.0,0.0,0.0,0.0,0,0,0,-9.9179818791073e+24,23674889437184.0,2.3650705234531875e+22,5.728001139363061e+21,-0.0,-0.0,4213770289152.0,-3904529760256.0,-0.0,-1.173658871763467e+37,-12836185088.0,4.19918916883753e+22,0.0,9.892,0.0,-0.0,0,1.3516416376850534e+27,228,0.0,456,-621855232.0,82050.086,2112,52429,17109,0,17112,52429,17095,0,0,0,101,100,100,0.0,66.6,0.0,67.3,-0.0,66.5,1,49,50,180,52429,52429,0,0,0.0,0.0,0.0,60.0,3575971.5,71.0,0.0,3241453694222336.0,0.0,1069,0,1069,0,0,0,1069,0,1080,0,999,0,669,0,671,0,666,0,681,0.032,1.4609821306377965e+22,2.004,0.0,49424,16813,0.001,0.0,-7.436371148524392e+20,1.309672060406779e+19,11562479779840.0,-1.791,50.0,60.0,35,0.0,0.0,10.0,2.0,0.0,0.0,0.0,0.0,0.0,0.0,0.0,0.0,0.0,0.0,0.0,0.0,58.8,37,24,65526,27,65476,750,65476,1,0,4,20529,65476,0,0,30147,60.0,0.0,10.0,10.0,2.0,0.0
2026-02-16T12:56:11,ERR,ERR,ERR,ERR,ERR,ERR,ERR,ERR,ERR,ERR,ERR,ERR,ERR,ERR,ERR,ERR,ERR,ERR,ERR,ERR,ERR,ERR,ERR,ERR,ERR,ERR,ERR,ERR,ERR,ERR,ERR,ERR,ERR,ERR,ERR,ERR,ERR,ERR,ERR,ERR,ERR,ERR,ERR,ERR,ERR,ERR,ERR,ERR,ERR,ERR,ERR,ERR,ERR,ERR,ERR,ERR,ERR,ERR,ERR,ERR,ERR,ERR,ERR,ERR,ERR,ERR,ERR,ERR,ERR,ERR,ERR,ERR,ERR,ERR,ERR,ERR,ERR,ERR,ERR,ERR,ERR,ERR,ERR,ERR,ERR,ERR,ERR,ERR,ERR,ERR,ERR,ERR,ERR,ERR,ERR,ERR,ERR,ERR,ERR,ERR,ERR,ERR,ERR,ERR,ERR,ERR,ERR,ERR,ERR,ERR,ERR,ERR,ERR,ERR,ERR,ERR,ERR,ERR,ERR,ERR,ERR,ERR,ERR,ERR,ERR,-107615880.0,-0.0,0.0,0.0,140341403451392.0,-2.3816247426256868e+27,-51270.973,-9.841432502887424e+24,4300,0,8,17170,4300,0.0,41,0.0,0.0,0.0,0.0,-152017230102528.0,0,0,0,0,0.0,0,0,0,0,0,0,0,0,0,0,0,0,0,0,0,0,0,0,0,0,0,0,0,0,0,0,0,0,0,0,0,0,0,9,38,37,46,65476,392,65476,1,0,4,21553,0.0,-107610720.0,0.0,0.0,0.0,0.0,0.0,0.0,0.0,0.0,0.0,0.0,0.0,0.0,0.0,0.0,0.0,0.0,0.0,0.0,0.0,2.004,2.004,-3.6970818999223845e+19,0.0,0.0,0.0,0.0,0.0,0.0,6630.0,0.0,0.0,-107615880.0,-0.0,0.0,-0.0,0.0,0.0,2.004,2.004,228,0.0,-0.0,0.0,0.0,0.0,0.0,0.0,0.0,0.0,0,0,0,-9.9179818791073e+24,23674889437184.0,2.3650705234531875e+22,5.728001139363061e+21,-0.0,-0.0,4213770289152.0,-3904529760256.0,-0.0,-1.173658871763467e+37,-12836185088.0,4.19918916883753e+22,0.0,9.892,0.0,-0.0,0,1.3516416376850534e+27,228,0.0,456,-621855232.0,82050.086,2112,52429,17109,52429,17111,52429,17095,0,0,0,101,100,100,0.0,66.5,0.0,67.4,-107615272.0,66.5,1,49,50,180,52429,52429,0,0,0.0,0.0,0.0,60.0,3.817,71.0,0.0,0.0,0.0,1069,0,1069,0,0,0,1069,0,1080,0,999,0,669,0,670,0,666,0,681,0.032,1.4609821306377965e+22,2.004,0.0,6928,16814,23627036.0,0.0,0.0,-2.051421103787606e+18,-0.0,-5.276965629836434e+26,50.0,60.0,35,0.0,0.0,10.0,2.0,0.0,0.0,0.0,0.0,0.0,0.0,0.0,0.0,0.0,0.0,0.0,0.0,58.8,37,24,65526,27,65476,750,65476,1,0,4,20529,65476,0,0,30147,60.0,0.0,10.0,10.0,2.0,0.0
2026-02-16T12:56:12,ERR,ERR,ERR,ERR,ERR,ERR,ERR,ERR,ERR,ERR,ERR,ERR,ERR,ERR,ERR,ERR,ERR,ERR,ERR,ERR,ERR,ERR,ERR,ERR,ERR,ERR,ERR,ERR,ERR,ERR,ERR,ERR,ERR,ERR,ERR,ERR,ERR,ERR,ERR,ERR,ERR,ERR,ERR,ERR,ERR,ERR,ERR,ERR,ERR,ERR,ERR,ERR,ERR,ERR,ERR,ERR,ERR,ERR,ERR,ERR,ERR,ERR,ERR,ERR,ERR,ERR,ERR,ERR,ERR,ERR,ERR,ERR,ERR,ERR,ERR,ERR,ERR,ERR,ERR,ERR,ERR,ERR,ERR,ERR,ERR,ERR,ERR,ERR,ERR,ERR,ERR,ERR,ERR,ERR,ERR,ERR,ERR,ERR,ERR,ERR,ERR,ERR,ERR,ERR,ERR,ERR,ERR,ERR,ERR,ERR,ERR,ERR,ERR,ERR,ERR,ERR,ERR,ERR,ERR,ERR,ERR,ERR,ERR,ERR,ERR,-107615880.0,-0.0,0.0,0.0,140341403451392.0,-2.3816247426256868e+27,-51270.973,-9.841432502887424e+24,4300,0,8,17170,4300,0.0,41,0.0,0.0,0.0,0.0,-152017230102528.0,0,0,0,0,0.0,0,0,0,0,0,0,0,0,0,0,0,0,0,0,0,0,0,0,0,0,0,0,0,0,0,0,0,0,0,0,0,0,0,9,38,37,46,65476,392,65476,1,0,4,21553,0.0,-107610720.0,0.0,0.0,0.0,0.0,0.0,0.0,0.0,0.0,0.0,0.0,0.0,0.0,0.0,0.0,0.0,0.0,0.0,0.0,0.0,2.004,2.004,-3.6970818999223845e+19,0.0,0.0,0.0,0.0,0.0,0.0,6630.0,0.0,0.0,-107615880.0,-0.0,0.0,-0.0,0.0,0.0,2.004,2.004,228,0.0,-0.0,0.0,0.0,0.0,0.0,0.0,0.0,0.0,0,0,0,-9.9179818791073e+24,23674889437184.0,2.3650705234531875e+22,5.728001139363061e+21,-0.0,-0.0,4213770289152.0,-3904529760256.0,-0.0,-1.173658871763467e+37,-12836185088.0,4.19918916883753e+22,0.0,9.892,0.0,-0.0,0,1.3516416376850534e+27,228,0.0,456,-621855232.0,82050.086,2112,52429,17109,52429,17111,52429,17095,0,0,0,101,100,100,0.0,66.5,0.0,67.4,-107615272.0,66.5,1,49,50,180,52429,52429,0,0,0.0,0.0,0.0,60.0,3.817,71.0,0.0,0.0,0.0,1069,0,1069,0,0,0,1069,0,1080,0,999,0,669,0,670,0,666,0,681,0.032,1.4609821306377965e+22,2.004,0.0,6928,16814,23627036.0,0.0,0.0,-2.051421103787606e+18,-0.0,-5.276965629836434e+26,50.0,60.0,35,0.0,0.0,10.0,2.0,0.0,0.0,0.0,0.0,0.0,0.0,0.0,0.0,0.0,0.0,0.0,0.0,59.2,34,27,65529,27,65476,750,65476,1,0,4,20529,65476,0,0,30147,60.0,0.0,10.0,10.0,2.0,0.0
2026-02-16T12:56:13,ERR,ERR,ERR,ERR,ERR,ERR,ERR,ERR,ERR,ERR,ERR,ERR,ERR,ERR,ERR,ERR,ERR,ERR,ERR,ERR,ERR,ERR,ERR,ERR,ERR,ERR,ERR,ERR,ERR,ERR,ERR,ERR,ERR,ERR,ERR,ERR,ERR,ERR,ERR,ERR,ERR,ERR,ERR,ERR,ERR,ERR,ERR,ERR,ERR,ERR,ERR,ERR,ERR,ERR,ERR,ERR,ERR,ERR,ERR,ERR,ERR,ERR,ERR,ERR,ERR,ERR,ERR,ERR,ERR,ERR,ERR,ERR,ERR,ERR,ERR,ERR,ERR,ERR,ERR,ERR,ERR,ERR,ERR,ERR,ERR,ERR,ERR,ERR,ERR,ERR,ERR,ERR,ERR,ERR,ERR,ERR,ERR,ERR,ERR,ERR,ERR,ERR,ERR,ERR,ERR,ERR,ERR,ERR,ERR,ERR,ERR,ERR,ERR,ERR,ERR,ERR,ERR,ERR,ERR,ERR,ERR,ERR,ERR,ERR,ERR,0.0,-0.0,-107090032.0,0.0,-3.160207272547048e+29,0.0,-2.498432740851399e+30,5.578301893073232e+23,4300,0,8,17170,4300,0.0,41,0.0,0.0,0.0,0.0,-152017230102528.0,0,0,0,0,0.0,0,0,0,0,0,0,0,0,0,0,0,0,0,0,0,0,0,0,0,0,0,0,0,0,0,0,0,0,0,0,0,0,0,8,38,37,46,65476,391,65476,1,0,4,21553,0.0,-0.0,0.0,0.0,0.0,0.0,0.0,0.0,0.0,0.0,0.0,0.0,0.0,0.0,0.0,0.0,0.0,0.0,0.0,0.0,0.0,2.004,2.004,-3.6970818999223845e+19,0.0,3.69707618246192e+19,0.0,0.0,0.0,0.0,6599.0,-1.587938797847242e+29,0.0,-107615880.0,-107616352.0,0.0,-2.7184507374263774e+23,-0.0,0.0,2.004,2.004,230,0.059,4.950424729324142e+32,0.0,0.0,0.0,0.0,0.0,0.0,0.0,0,0,0,-1.5137106805918175e+33,4.6085698468445043e+27,6.41992671420302e+33,6.650338343048538e+21,-0.0,0.0,6.79,0.0,-1040561143808.0,-1.2899663213946472e+37,-13641491456.0,4.582881445570689e+22,0.0,10.705,0.0,1.27079956392397e+28,0,1.3516416376850534e+27,230,0.0,460,-621855232.0,82050.086,2112,52429,17109,52429,17111,52429,17095,0,0,0,101,100,100,0.0,66.5,0.0,67.4,-107615272.0,66.5,1,49,50,180,52429,52429,0,0,0.0,0.0,0.0,60.0,3.817,71.0,0.0,0.0,0.0,1069,0,1069,0,0,0,1069,0,1080,0,999,0,669,0,670,0,666,0,681,0.032,1.4609821306377965e+22,2.004,0.0,6928,16814,23627036.0,0.0,0.0,-2.051421103787606e+18,-0.0,-5.276965629836434e+26,50.0,60.0,35,0.0,0.0,10.0,2.0,0.0,0.0,0.0,0.0,0.0,0.0,0.0,0.0,0.0,0.0,0.0,0.0,58.8,32,29,65531,27,65476,670,65476,1,0,4,20529,65476,0,0,30147,60.0,0.0,10.0,10.0,2.0,0.0
2026-02-16T12:56:14,ERR,ERR,ERR,ERR,ERR,ERR,ERR,ERR,ERR,ERR,ERR,ERR,ERR,ERR,ERR,ERR,ERR,ERR,ERR,ERR,ERR,ERR,ERR,ERR,ERR,ERR,ERR,ERR,ERR,ERR,ERR,ERR,ERR,ERR,ERR,ERR,ERR,ERR,ERR,ERR,ERR,ERR,ERR,ERR,ERR,ERR,ERR,ERR,ERR,ERR,ERR,ERR,ERR,ERR,ERR,ERR,ERR,ERR,ERR,ERR,ERR,ERR,ERR,ERR,ERR,ERR,ERR,ERR,ERR,ERR,ERR,ERR,ERR,ERR,ERR,ERR,ERR,ERR,ERR,ERR,ERR,ERR,ERR,ERR,ERR,ERR,ERR,ERR,ERR,ERR,ERR,ERR,ERR,ERR,ERR,ERR,ERR,ERR,ERR,ERR,ERR,ERR,ERR,ERR,ERR,ERR,ERR,ERR,ERR,ERR,ERR,ERR,ERR,ERR,ERR,ERR,ERR,ERR,ERR,ERR,ERR,ERR,ERR,ERR,ERR,0.0,-0.0,-107090032.0,0.0,-3.160207272547048e+29,0.0,-2.498432740851399e+30,5.578301893073232e+23,4300,0,8,17170,4300,0.0,41,0.0,0.0,0.0,0.0,-152017230102528.0,0,0,0,0,0.0,0,0,0,0,0,0,0,0,0,0,0,0,0,0,0,0,0,0,0,0,0,0,0,0,0,0,0,0,0,0,0,0,0,8,38,37,46,65476,391,65476,1,0,4,21553,0.0,-0.0,0.0,0.0,0.0,0.0,0.0,0.0,0.0,0.0,0.0,0.0,0.0,0.0,0.0,0.0,0.0,0.0,0.0,0.0,0.0,2.004,2.004,-3.6970818999223845e+19,0.0,3.69707618246192e+19,0.0,0.0,0.0,0.0,6599.0,-1.587938797847242e+29,0.0,-107615880.0,-107616352.0,0.0,-2.7184507374263774e+23,-0.0,0.0,2.004,2.004,230,0.059,4.950424729324142e+32,0.0,0.0,0.0,0.0,0.0,0.0,0.0,0,0,0,-1.5137106805918175e+33,4.6085698468445043e+27,6.41992671420302e+33,6.650338343048538e+21,-0.0,0.0,6.79,0.0,-1040561143808.0,-1.2899663213946472e+37,-13641491456.0,4.582881445570689e+22,0.0,10.705,0.0,1.27079956392397e+28,0,1.3516416376850534e+27,230,0.0,460,-621855232.0,82050.086,2112,52429,17109,0,17112,52429,17095,0,0,0,101,100,100,0.0,66.6,0.0,67.4,-107615272.0,66.5,1,49,50,180,52429,52429,0,0,0.0,0.0,0.0,60.0,6984.319,71.0,0.0,564072818933760.0,0.0,1069,0,1069,0,0,0,1068,0,1079,0,999,0,669,0,671,0,666,0,681,0.032,1.4609821306377965e+22,2.004,0.0,60304,16813,6984.319,564072818933760.0,0.0,-0.034,-0.0,-2.7229172031103546e+33,50.0,60.0,35,0.0,0.0,10.0,2.0,0.0,0.0,0.0,0.0,0.0,0.0,0.0,0.0,0.0,0.0,0.0,0.0,58.8,32,29,65531,27,65476,670,65476,1,0,4,20529,65476,0,0,30147,60.0,0.0,10.0,10.0,2.0,0.0
2026-02-16T12:56:15,ERR,ERR,ERR,ERR,ERR,ERR,ERR,ERR,ERR,ERR,ERR,ERR,ERR,ERR,ERR,ERR,ERR,ERR,ERR,ERR,ERR,ERR,ERR,ERR,ERR,ERR,ERR,ERR,ERR,ERR,ERR,ERR,ERR,ERR,ERR,ERR,ERR,ERR,ERR,ERR,ERR,ERR,ERR,ERR,ERR,ERR,ERR,ERR,ERR,ERR,ERR,ERR,ERR,ERR,ERR,ERR,ERR,ERR,ERR,ERR,ERR,ERR,ERR,ERR,ERR,ERR,ERR,ERR,ERR,ERR,ERR,ERR,ERR,ERR,ERR,ERR,ERR,ERR,ERR,ERR,ERR,ERR,ERR,ERR,ERR,ERR,ERR,ERR,ERR,ERR,ERR,ERR,ERR,ERR,ERR,ERR,ERR,ERR,ERR,ERR,ERR,ERR,ERR,ERR,ERR,ERR,ERR,ERR,ERR,ERR,ERR,ERR,ERR,ERR,ERR,ERR,ERR,ERR,ERR,ERR,ERR,ERR,ERR,ERR,ERR,0.0,-0.0,-107090032.0,0.0,-3.160207272547048e+29,0.0,-2.498432740851399e+30,5.578301893073232e+23,4300,0,8,17170,4300,0.0,41,0.0,0.0,0.0,0.0,-152017230102528.0,0,0,0,0,0.0,0,0,0,0,0,0,0,0,0,0,0,0,0,0,0,0,0,0,0,0,0,0,0,0,0,0,0,0,0,0,0,0,0,8,38,37,46,65476,391,65476,1,0,4,21553,0.0,-0.0,0.0,0.0,0.0,0.0,0.0,0.0,0.0,0.0,0.0,0.0,0.0,0.0,0.0,0.0,0.0,0.0,0.0,0.0,0.0,2.004,2.004,-3.6970818999223845e+19,0.0,3.69707618246192e+19,0.0,0.0,0.0,0.0,6599.0,-1.587938797847242e+29,0.0,-107615880.0,-107616352.0,0.0,-2.7184507374263774e+23,-0.0,0.0,2.004,2.004,230,0.059,4.950424729324142e+32,0.0,0.0,0.0,0.0,0.0,0.0,0.0,0,0,0,-1.5137106805918175e+33,4.6085698468445043e+27,6.41992671420302e+33,6.650338343048538e+21,-0.0,0.0,6.79,0.0,-1040561143808.0,-1.2899663213946472e+37,-13641491456.0,4.582881445570689e+22,0.0,10.705,0.0,1.27079956392397e+28,0,1.3516416376850534e+27,230,0.0,460,-621855232.0,82050.086,2112,52429,17109,0,17112,52429,17095,0,0,0,101,100,100,0.0,66.6,0.0,67.4,-107615272.0,66.5,1,49,50,180,52429,52429,0,0,0.0,0.0,0.0,60.0,6984.319,71.0,0.0,564072818933760.0,0.0,1069,0,1069,0,0,0,1068,0,1079,0,999,0,669,0,671,0,666,0,681,0.032,1.4609821306377965e+22,2.004,0.0,60304,16813,6984.319,564072818933760.0,0.0,-0.034,-0.0,-2.7229172031103546e+33,50.0,60.0,35,0.0,0.0,10.0,2.0,0.0,0.0,0.0,0.0,0.0,0.0,0.0,0.0,0.0,0.0,0.0,0.0,58.8,27,33,0,27,65476,659,65476,1,0,4,20529,65476,0,0,30147,60.0,0.0,10.0,10.0,2.0,0.0
2026-02-16T12:56:16,ERR,ERR,ERR,ERR,ERR,ERR,ERR,ERR,ERR,ERR,ERR,ERR,ERR,ERR,ERR,ERR,ERR,ERR,ERR,ERR,ERR,ERR,ERR,ERR,ERR,ERR,ERR,ERR,ERR,ERR,ERR,ERR,ERR,ERR,ERR,ERR,ERR,ERR,ERR,ERR,ERR,ERR,ERR,ERR,ERR,ERR,ERR,ERR,ERR,ERR,ERR,ERR,ERR,ERR,ERR,ERR,ERR,ERR,ERR,ERR,ERR,ERR,ERR,ERR,ERR,ERR,ERR,ERR,ERR,ERR,ERR,ERR,ERR,ERR,ERR,ERR,ERR,ERR,ERR,ERR,ERR,ERR,ERR,ERR,ERR,ERR,ERR,ERR,ERR,ERR,ERR,ERR,ERR,ERR,ERR,ERR,ERR,ERR,ERR,ERR,ERR,ERR,ERR,ERR,ERR,ERR,ERR,ERR,ERR,ERR,ERR,ERR,ERR,ERR,ERR,ERR,ERR,ERR,ERR,ERR,ERR,ERR,ERR,ERR,ERR,0.0,-0.0,-107090032.0,0.0,-3.160207272547048e+29,0.0,-2.498432740851399e+30,5.578301893073232e+23,4300,0,8,17170,4300,0.0,41,0.0,0.0,0.0,0.0,-152017230102528.0,0,0,0,0,0.0,0,0,0,0,0,0,0,0,0,0,0,0,0,0,0,0,0,0,0,0,0,0,0,0,0,0,0,0,0,0,0,0,0,8,38,37,46,65476,391,65476,1,0,4,21553,0.0,-0.0,0.0,0.0,0.0,0.0,0.0,0.0,0.0,0.0,0.0,0.0,0.0,0.0,0.0,0.0,0.0,0.0,0.0,0.0,0.0,2.004,2.004,-3.6970818999223845e+19,0.0,3.69707618246192e+19,0.0,0.0,0.0,0.0,6599.0,-1.587938797847242e+29,0.0,-107615880.0,-107616352.0,0.0,-2.7184507374263774e+23,-0.0,0.0,2.004,2.004,230,0.059,4.950424729324142e+32,0.0,0.0,0.0,0.0,0.0,0.0,0.0,0,0,0,-1.5137106805918175e+33,4.6085698468445043e+27,6.41992671420302e+33,6.650338343048538e+21,-0.0,0.0,6.79,0.0,-1040561143808.0,-1.2899663213946472e+37,-13641491456.0,4.582881445570689e+22,0.0,10.705,0.0,1.27079956392397e+28,0,1.3516416376850534e+27,230,0.0,460,-621855232.0,82050.086,2112,52429,17109,0,17112,52429,17095,0,0,0,101,100,100,0.0,66.6,0.0,67.4,-107615272.0,66.5,1,49,50,180,52429,52429,0,0,0.0,0.0,0.0,60.0,6984.319,71.0,0.0,564072818933760.0,0.0,1069,0,1069,0,0,0,1068,0,1079,0,999,0,669,0,671,0,666,0,681,0.032,1.4609821306377965e+22,2.004,0.0,60304,16813,6984.319,564072818933760.0,0.0,-0.034,-0.0,-2.7229172031103546e+33,50.0,60.0,35,0.0,0.0,10.0,2.0,0.0,0.0,0.0,0.0,0.0,0.0,0.0,0.0,0.0,0.0,0.0,0.0,58.8,27,33,0,27,65476,659,65476,1,0,4,20529,65476,0,0,30147,60.0,0.0,10.0,10.0,2.0,0.0
2026-02-16T12:56:17,ERR,ERR,ERR,ERR,ERR,ERR,ERR,ERR,ERR,ERR,ERR,ERR,ERR,ERR,ERR,ERR,ERR,ERR,ERR,ERR,ERR,ERR,ERR,ERR,ERR,ERR,ERR,ERR,ERR,ERR,ERR,ERR,ERR,ERR,ERR,ERR,ERR,ERR,ERR,ERR,ERR,ERR,ERR,ERR,ERR,ERR,ERR,ERR,ERR,ERR,ERR,ERR,ERR,ERR,ERR,ERR,ERR,ERR,ERR,ERR,ERR,ERR,ERR,ERR,ERR,ERR,ERR,ERR,ERR,ERR,ERR,ERR,ERR,ERR,ERR,ERR,ERR,ERR,ERR,ERR,ERR,ERR,ERR,ERR,ERR,ERR,ERR,ERR,ERR,ERR,ERR,ERR,ERR,ERR,ERR,ERR,ERR,ERR,ERR,ERR,ERR,ERR,ERR,ERR,ERR,ERR,ERR,ERR,ERR,ERR,ERR,ERR,ERR,ERR,ERR,ERR,ERR,ERR,ERR,ERR,ERR,ERR,ERR,ERR,ERR,0.0,-0.0,-107090032.0,0.0,-3.160207272547048e+29,0.0,-2.498432740851399e+30,5.578301893073232e+23,4300,0,8,17170,4300,0.0,41,0.0,0.0,0.0,0.0,-152017230102528.0,0,0,0,0,0.0,0,0,0,0,0,0,0,0,0,0,0,0,0,0,0,0,0,0,0,0,0,0,0,0,0,0,0,0,0,0,0,0,0,8,38,37,46,65476,391,65476,1,0,4,21553,0.0,-0.0,0.0,0.0,0.0,0.0,0.0,0.0,0.0,0.0,0.0,0.0,0.0,0.0,0.0,0.0,0.0,0.0,0.0,0.0,0.0,2.004,2.004,-3.6970818999223845e+19,0.0,3.69707618246192e+19,0.0,0.0,0.0,0.0,6599.0,-1.587938797847242e+29,0.0,-107615880.0,-107616352.0,0.0,-2.7184507374263774e+23,-0.0,0.0,2.004,2.004,230,0.059,4.950424729324142e+32,0.0,0.0,0.0,0.0,0.0,0.0,0.0,0,0,0,-1.5137106805918175e+33,4.6085698468445043e+27,6.41992671420302e+33,6.650338343048538e+21,-0.0,0.0,6.79,0.0,-1040561143808.0,-1.2899663213946472e+37,-13641491456.0,4.582881445570689e+22,0.0,10.705,0.0,1.27079956392397e+28,0,1.3516416376850534e+27,230,0.0,460,-621855232.0,82050.086,2112,52429,17109,0,17112,52429,17095,0,0,0,101,100,100,0.0,66.6,0.0,67.4,-107615272.0,66.5,1,49,50,180,52429,52429,0,0,0.0,0.0,0.0,60.0,0.0,71.0,0.0,-0.0,0.0,1069,0,1069,0,0,0,1069,0,1080,0,999,0,669,0,671,0,666,0,681,0.032,1.4462247353788288e+22,2.004,0.0,1424,16814,1954.08,427171944333312.0,0.0,-435.507,-0.0,-1.1424712640244786e+32,50.0,60.0,35,0.0,0.0,10.0,2.0,0.0,0.0,0.0,0.0,0.0,0.0,0.0,0.0,0.0,0.0,0.0,0.0,59.2,24,36,3,27,65476,535,65476,1,0,4,20529,65476,0,0,30147,60.0,0.0,10.0,10.0,2.0,0.0
2026-02-16T12:56:18,ERR,ERR,ERR,ERR,ERR,ERR,ERR,ERR,ERR,ERR,ERR,ERR,ERR,ERR,ERR,ERR,ERR,ERR,ERR,ERR,ERR,ERR,ERR,ERR,ERR,ERR,ERR,ERR,ERR,ERR,ERR,ERR,ERR,ERR,ERR,ERR,ERR,ERR,ERR,ERR,ERR,ERR,ERR,ERR,ERR,ERR,ERR,ERR,ERR,ERR,ERR,ERR,ERR,ERR,ERR,ERR,ERR,ERR,ERR,ERR,ERR,ERR,ERR,ERR,ERR,ERR,ERR,ERR,ERR,ERR,ERR,ERR,ERR,ERR,ERR,ERR,ERR,ERR,ERR,ERR,ERR,ERR,ERR,ERR,ERR,ERR,ERR,ERR,ERR,ERR,ERR,ERR,ERR,ERR,ERR,ERR,ERR,ERR,ERR,ERR,ERR,ERR,ERR,ERR,ERR,ERR,ERR,ERR,ERR,ERR,ERR,ERR,ERR,ERR,ERR,ERR,ERR,ERR,ERR,ERR,ERR,ERR,ERR,ERR,ERR,0.0,-107616352.0,0.0,0.0,142144341803008.0,-0.0,4.965030879143503e+23,0.0,4300,0,8,17170,4300,0.0,41,0.0,0.0,0.0,0.0,-152017230102528.0,0,0,0,0,0.0,0,0,0,0,0,0,0,0,0,0,0,0,0,0,0,0,0,0,0,0,0,0,0,0,0,0,0,0,0,0,0,0,0,8,38,37,46,65476,388,65476,1,0,4,21553,0.0,0.0,0.0,0.0,0.0,0.0,0.0,0.0,0.0,0.0,0.0,0.0,0.0,0.0,0.0,0.0,0.0,0.0,0.0,0.0,0.0,2.004,2.004,-3.6970818999223845e+19,0.0,-0.0,0.0,0.0,0.0,0.0,6602.0,-0.0,0.0,0.0,-107616352.0,0.0,0.0,0.0,0.0,2.004,2.004,228,1.9056860945658675e+17,0.0,0.0,0.0,0.0,0.0,0.0,0.0,0.0,0,0,0,-5.48789598563505e+24,-3.744977565569567e+24,2.476092607729849e+31,1.8356932927346716e+28,-0.0,4.454268203201874e+34,1.7729070703290113e+22,3428738.0,0.0,-1.3813507461048601e+37,-14446797824.0,4.937058931785912e+22,0.0,11.33,0.0,162999293706240.0,0,1.3516416376850534e+27,228,0.0,456,0.0,2.6475257086227406e+23,2112,52429,17109,0,17112,52429,17095,0,0,0,101,100,100,0.0,66.6,0.0,67.4,-107615272.0,66.5,1,49,50,180,52429,52429,0,0,0.0,0.0,0.0,60.0,0.0,71.0,0.0,-0.0,0.0,1069,0,1069,0,0,0,1069,0,1080,0,999,0,669,0,671,0,666,0,681,0.032,1.4462247353788288e+22,2.004,0.0,1424,16814,1954.08,427171944333312.0,0.0,-435.507,-0.0,-1.1424712640244786e+32,50.0,60.0,35,0.0,0.0,10.0,2.0,0.0,0.0,0.0,0.0,0.0,0.0,0.0,0.0,0.0,0.0,0.0,0.0,58.8,23,36,4,27,65476,535,65476,1,0,4,20529,65476,0,0,30147,60.0,0.0,10.0,10.0,2.0,0.0
2026-02-16T12:56:19,ERR,ERR,ERR,ERR,ERR,ERR,ERR,ERR,ERR,ERR,ERR,ERR,ERR,ERR,ERR,ERR,ERR,ERR,ERR,ERR,ERR,ERR,ERR,ERR,ERR,ERR,ERR,ERR,ERR,ERR,ERR,ERR,ERR,ERR,ERR,ERR,ERR,ERR,ERR,ERR,ERR,ERR,ERR,ERR,ERR,ERR,ERR,ERR,ERR,ERR,ERR,ERR,ERR,ERR,ERR,ERR,ERR,ERR,ERR,ERR,ERR,ERR,ERR,ERR,ERR,ERR,ERR,ERR,ERR,ERR,ERR,ERR,ERR,ERR,ERR,ERR,ERR,ERR,ERR,ERR,ERR,ERR,ERR,ERR,ERR,ERR,ERR,ERR,ERR,ERR,ERR,ERR,ERR,ERR,ERR,ERR,ERR,ERR,ERR,ERR,ERR,ERR,ERR,ERR,ERR,ERR,ERR,ERR,ERR,ERR,ERR,ERR,ERR,ERR,ERR,ERR,ERR,ERR,ERR,ERR,ERR,ERR,ERR,ERR,ERR,0.0,-107616352.0,0.0,0.0,142144341803008.0,-0.0,4.965030879143503e+23,0.0,4300,0,8,17170,4300,0.0,41,0.0,0.0,0.0,0.0,-152017230102528.0,0,0,0,0,0.0,0,0,0,0,0,0,0,0,0,0,0,0,0,0,0,0,0,0,0,0,0,0,0,0,0,0,0,0,0,0,0,0,0,8,38,37,46,65476,388,65476,1,0,4,21553,0.0,0.0,0.0,0.0,0.0,0.0,0.0,0.0,0.0,0.0,0.0,0.0,0.0,0.0,0.0,0.0,0.0,0.0,0.0,0.0,0.0,2.004,2.004,-3.6970818999223845e+19,0.0,-0.0,0.0,0.0,0.0,0.0,6602.0,-0.0,0.0,0.0,-107616352.0,0.0,0.0,0.0,0.0,2.004,2.004,228,1.9056860945658675e+17,0.0,0.0,0.0,0.0,0.0,0.0,0.0,0.0,0,0,0,-5.48789598563505e+24,-3.744977565569567e+24,2.476092607729849e+31,1.8356932927346716e+28,-0.0,4.454268203201874e+34,1.7729070703290113e+22,3428738.0,0.0,-1.3813507461048601e+37,-14446797824.0,4.937058931785912e+22,0.0,11.33,0.0,162999293706240.0,0,1.3516416376850534e+27,228,0.0,456,0.0,2.6475257086227406e+23,2112,52429,17109,0,17112,52429,17095,0,0,0,101,100,100,0.0,66.6,0.0,67.4,-107615272.0,66.5,1,49,50,180,52429,52429,0,0,0.0,0.0,0.0,60.0,0.0,71.0,0.0,-0.0,0.0,1069,0,1069,0,0,0,1069,0,1080,0,999,0,669,0,671,0,666,0,681,0.032,1.4462247353788288e+22,2.004,0.0,1424,16814,1954.08,427171944333312.0,0.0,-435.507,-0.0,-1.1424712640244786e+32,50.0,60.0,35,0.0,0.0,10.0,2.0,0.0,0.0,0.0,0.0,0.0,0.0,0.0,0.0,0.0,0.0,0.0,0.0,58.8,23,36,4,27,65476,535,65476,1,0,4,20529,65476,0,0,30147,60.0,0.0,10.0,10.0,2.0,0.0
2026-02-16T12:56:20,ERR,ERR,ERR,ERR,ERR,ERR,ERR,ERR,ERR,ERR,ERR,ERR,ERR,ERR,ERR,ERR,ERR,ERR,ERR,ERR,ERR,ERR,ERR,ERR,ERR,ERR,ERR,ERR,ERR,ERR,ERR,ERR,ERR,ERR,ERR,ERR,ERR,ERR,ERR,ERR,ERR,ERR,ERR,ERR,ERR,ERR,ERR,ERR,ERR,ERR,ERR,ERR,ERR,ERR,ERR,ERR,ERR,ERR,ERR,ERR,ERR,ERR,ERR,ERR,ERR,ERR,ERR,ERR,ERR,ERR,ERR,ERR,ERR,ERR,ERR,ERR,ERR,ERR,ERR,ERR,ERR,ERR,ERR,ERR,ERR,ERR,ERR,ERR,ERR,ERR,ERR,ERR,ERR,ERR,ERR,ERR,ERR,ERR,ERR,ERR,ERR,ERR,ERR,ERR,ERR,ERR,ERR,ERR,ERR,ERR,ERR,ERR,ERR,ERR,ERR,ERR,ERR,ERR,ERR,ERR,ERR,ERR,ERR,ERR,ERR,0.0,-107616352.0,0.0,0.0,142144341803008.0,-0.0,4.965030879143503e+23,0.0,4300,0,8,17170,4300,0.0,41,0.0,0.0,0.0,0.0,-152017230102528.0,0,0,0,0,0.0,0,0,0,0,0,0,0,0,0,0,0,0,0,0,0,0,0,0,0,0,0,0,0,0,0,0,0,0,0,0,0,0,0,8,38,37,46,65476,388,65476,1,0,4,21553,0.0,0.0,0.0,0.0,0.0,0.0,0.0,0.0,0.0,0.0,0.0,0.0,0.0,0.0,0.0,0.0,0.0,0.0,0.0,0.0,0.0,2.004,2.004,-3.6970818999223845e+19,0.0,-0.0,0.0,0.0,0.0,0.0,6602.0,-0.0,0.0,0.0,-107616352.0,0.0,0.0,0.0,0.0,2.004,2.004,228,1.9056860945658675e+17,0.0,0.0,0.0,0.0,0.0,0.0,0.0,0.0,0,0,0,-5.48789598563505e+24,-3.744977565569567e+24,2.476092607729849e+31,1.8356932927346716e+28,-0.0,4.454268203201874e+34,1.7729070703290113e+22,3428738.0,0.0,-1.3813507461048601e+37,-14446797824.0,4.937058931785912e+22,0.0,11.33,0.0,162999293706240.0,0,1.3516416376850534e+27,228,0.0,456,0.0,2.6475257086227406e+23,2112,52429,17109,0,17112,52429,17095,0,0,0,101,100,100,0.0,66.6,0.0,67.4,-107615272.0,66.5,1,49,50,180,52429,52429,0,0,0.0,0.0,0.0,60.0,0.0,71.0,0.0,-0.0,0.0,1069,0,1069,0,0,0,1069,0,1080,0,999,0,669,0,671,0,666,0,681,0.032,1.4462247353788288e+22,2.004,0.0,1424,16814,1954.08,427171944333312.0,0.0,-435.507,-0.0,-1.1424712640244786e+32,50.0,60.0,35,0.0,0.0,10.0,2.0,0.0,0.0,0.0,0.0,0.0,0.0,0.0,0.0,0.0,0.0,0.0,0.0,59.2,22,38,5,27,65476,461,65476,1,0,4,20529,65476,0,0,30147,60.0,0.0,10.0,10.0,2.0,0.0
2026-02-16T12:56:21,ERR,ERR,ERR,ERR,ERR,ERR,ERR,ERR,ERR,ERR,ERR,ERR,ERR,ERR,ERR,ERR,ERR,ERR,ERR,ERR,ERR,ERR,ERR,ERR,ERR,ERR,ERR,ERR,ERR,ERR,ERR,ERR,ERR,ERR,ERR,ERR,ERR,ERR,ERR,ERR,ERR,ERR,ERR,ERR,ERR,ERR,ERR,ERR,ERR,ERR,ERR,ERR,ERR,ERR,ERR,ERR,ERR,ERR,ERR,ERR,ERR,ERR,ERR,ERR,ERR,ERR,ERR,ERR,ERR,ERR,ERR,ERR,ERR,ERR,ERR,ERR,ERR,ERR,ERR,ERR,ERR,ERR,ERR,ERR,ERR,ERR,ERR,ERR,ERR,ERR,ERR,ERR,ERR,ERR,ERR,ERR,ERR,ERR,ERR,ERR,ERR,ERR,ERR,ERR,ERR,ERR,ERR,ERR,ERR,ERR,ERR,ERR,ERR,ERR,ERR,ERR,ERR,ERR,ERR,ERR,ERR,ERR,ERR,ERR,ERR,0.0,-107616352.0,0.0,0.0,142144341803008.0,-0.0,4.965030879143503e+23,0.0,4300,0,8,17170,4300,0.0,41,0.0,0.0,0.0,0.0,-152017230102528.0,0,0,0,0,0.0,0,0,0,0,0,0,0,0,0,0,0,0,0,0,0,0,0,0,0,0,0,0,0,0,0,0,0,0,0,0,0,0,0,8,38,37,46,65476,388,65476,1,0,4,21553,0.0,0.0,0.0,0.0,0.0,0.0,0.0,0.0,0.0,0.0,0.0,0.0,0.0,0.0,0.0,0.0,0.0,0.0,0.0,0.0,0.0,2.004,2.004,-3.6970818999223845e+19,0.0,-0.0,0.0,0.0,0.0,0.0,6602.0,-0.0,0.0,0.0,-107616352.0,0.0,0.0,0.0,0.0,2.004,2.004,228,1.9056860945658675e+17,0.0,0.0,0.0,0.0,0.0,0.0,0.0,0.0,0,0,0,-5.48789598563505e+24,-3.744977565569567e+24,2.476092607729849e+31,1.8356932927346716e+28,-0.0,4.454268203201874e+34,1.7729070703290113e+22,3428738.0,0.0,-1.3813507461048601e+37,-14446797824.0,4.937058931785912e+22,0.0,11.33,0.0,162999293706240.0,0,1.3516416376850534e+27,228,0.0,456,0.0,2.6475257086227406e+23,2112,52429,17109,0,17112,52429,17095,0,0,0,101,100,100,0.0,66.6,0.0,67.4,-107615272.0,66.5,1,49,50,180,52429,52429,0,0,0.0,0.0,0.0,60.0,3.817,71.0,0.0,2.927695243501698e+38,0.0,1069,0,1069,0,0,0,1069,0,1079,0,999,0,669,0,670,0,666,0,681,0.032,1.4536034330083127e+22,2.004,0.0,59536,16813,0.0,2.705296948898865e+36,0.0,-1.3665627830796558e+33,-0.0,-4.616301082145536e+21,50.0,60.0,35,0.0,0.0,10.0,2.0,0.0,0.0,0.0,0.0,0.0,0.0,0.0,0.0,0.0,0.0,0.0,0.0,58.8,22,38,5,27,65476,461,65476,1,0,4,20529,65476,0,0,30147,60.0,0.0,10.0,10.0,2.0,0.0
2026-02-16T12:56:22,ERR,ERR,ERR,ERR,ERR,ERR,ERR,ERR,ERR,ERR,ERR,ERR,ERR,ERR,ERR,ERR,ERR,ERR,ERR,ERR,ERR,ERR,ERR,ERR,ERR,ERR,ERR,ERR,ERR,ERR,ERR,ERR,ERR,ERR,ERR,ERR,ERR,ERR,ERR,ERR,ERR,ERR,ERR,ERR,ERR,ERR,ERR,ERR,ERR,ERR,ERR,ERR,ERR,ERR,ERR,ERR,ERR,ERR,ERR,ERR,ERR,ERR,ERR,ERR,ERR,ERR,ERR,ERR,ERR,ERR,ERR,ERR,ERR,ERR,ERR,ERR,ERR,ERR,ERR,ERR,ERR,ERR,ERR,ERR,ERR,ERR,ERR,ERR,ERR,ERR,ERR,ERR,ERR,ERR,ERR,ERR,ERR,ERR,ERR,ERR,ERR,ERR,ERR,ERR,ERR,ERR,ERR,ERR,ERR,ERR,ERR,ERR,ERR,ERR,ERR,ERR,ERR,ERR,ERR,ERR,ERR,ERR,ERR,ERR,ERR,0.0,-107616352.0,0.0,0.0,142144341803008.0,-0.0,0.099,0.001,4300,0,8,17170,4300,0.0,41,0.0,0.0,0.0,0.0,-152017230102528.0,0,0,0,0,0.0,0,0,0,0,0,0,0,0,0,0,0,0,0,0,0,0,0,0,0,0,0,0,0,0,0,0,0,0,0,0,0,0,0,8,38,37,46,65476,387,65476,1,0,4,21553,0.0,0.0,0.0,0.0,0.0,0.0,0.0,0.0,0.0,0.0,0.0,0.0,0.0,0.0,0.0,0.0,0.0,0.0,0.0,0.0,0.0,2.004,2.004,0.0,0.0,3.69707618246192e+19,0.0,0.0,0.0,0.0,6570.0,-0.0,0.0,0.0,-107616352.0,0.0,-2.7184507374263774e+23,-0.0,0.0,2.004,2.004,229,1.9056860945658675e+17,-0.0,0.0,0.0,0.0,0.0,0.0,0.0,0.0,0,0,0,0.0,5.703953493612772e+22,-0.0,2.5728626272765517e+25,-447003.469,-4.913411745780554e+35,-4.667289756809314e+31,1771713.0,-0.0,-1.4893505207623845e+37,-15252104192.0,5.291236418001136e+22,0.0,12.08,0.0,0.0,0,1.3516416376850534e+27,229,0.0,458,0.0,2.6475257086227406e+23,2112,52429,17109,0,17112,52429,17095,0,0,0,101,100,100,0.0,66.6,0.0,67.4,-107615272.0,66.5,1,49,50,180,52429,52429,0,0,0.0,0.0,0.0,60.0,3.817,71.0,0.0,2.927695243501698e+38,0.0,1069,0,1069,0,0,0,1069,0,1079,0,999,0,669,0,670,0,666,0,681,0.032,1.4536034330083127e+22,2.004,0.0,59536,16813,0.0,2.705296948898865e+36,0.0,-1.3665627830796558e+33,-0.0,-4.616301082145536e+21,50.0,60.0,35,0.0,0.0,10.0,2.0,0.0,0.0,0.0,0.0,0.0,0.0,0.0,0.0,0.0,0.0,0.0,0.0,58.8,22,38,5,27,65476,461,65476,1,0,4,20529,65476,0,0,30147,60.0,0.0,10.0,10.0,2.0,0.0
2026-02-16T12:56:23,ERR,ERR,ERR,ERR,ERR,ERR,ERR,ERR,ERR,ERR,ERR,ERR,ERR,ERR,ERR,ERR,ERR,ERR,ERR,ERR,ERR,ERR,ERR,ERR,ERR,ERR,ERR,ERR,ERR,ERR,ERR,ERR,ERR,ERR,ERR,ERR,ERR,ERR,ERR,ERR,ERR,ERR,ERR,ERR,ERR,ERR,ERR,ERR,ERR,ERR,ERR,ERR,ERR,ERR,ERR,ERR,ERR,ERR,ERR,ERR,ERR,ERR,ERR,ERR,ERR,ERR,ERR,ERR,ERR,ERR,ERR,ERR,ERR,ERR,ERR,ERR,ERR,ERR,ERR,ERR,ERR,ERR,ERR,ERR,ERR,ERR,ERR,ERR,ERR,ERR,ERR,ERR,ERR,ERR,ERR,ERR,ERR,ERR,ERR,ERR,ERR,ERR,ERR,ERR,ERR,ERR,ERR,ERR,ERR,ERR,ERR,ERR,ERR,ERR,ERR,ERR,ERR,ERR,ERR,ERR,ERR,ERR,ERR,ERR,ERR,0.0,-107616352.0,0.0,0.0,142144341803008.0,-0.0,0.099,0.001,4300,0,8,17170,4300,0.0,41,0.0,0.0,0.0,0.0,-152017230102528.0,0,0,0,0,0.0,0,0,0,0,0,0,0,0,0,0,0,0,0,0,0,0,0,0,0,0,0,0,0,0,0,0,0,0,0,0,0,0,0,8,38,37,46,65476,387,65476,1,0,4,21553,0.0,0.0,0.0,0.0,0.0,0.0,0.0,0.0,0.0,0.0,0.0,0.0,0.0,0.0,0.0,0.0,0.0,0.0,0.0,0.0,0.0,2.004,2.004,0.0,0.0,3.69707618246192e+19,0.0,0.0,0.0,0.0,6570.0,-0.0,0.0,0.0,-107616352.0,0.0,-2.7184507374263774e+23,-0.0,0.0,2.004,2.004,229,1.9056860945658675e+17,-0.0,0.0,0.0,0.0,0.0,0.0,0.0,0.0,0,0,0,0.0,5.703953493612772e+22,-0.0,2.5728626272765517e+25,-447003.469,-4.913411745780554e+35,-4.667289756809314e+31,1771713.0,-0.0,-1.4893505207623845e+37,-15252104192.0,5.291236418001136e+22,0.0,12.08,0.0,0.0,0,1.3516416376850534e+27,229,0.0,458,0.0,2.6475257086227406e+23,2112,52429,17109,0,17112,52429,17095,0,0,0,101,100,100,0.0,66.6,0.0,67.4,-107615272.0,66.5,1,49,50,180,52429,52429,0,0,0.0,0.0,0.0,60.0,3.817,71.0,0.0,2.927695243501698e+38,0.0,1069,0,1069,0,0,0,1069,0,1079,0,999,0,669,0,670,0,666,0,681,0.032,1.4536034330083127e+22,2.004,0.0,59536,16813,0.0,2.705296948898865e+36,0.0,-1.3665627830796558e+33,-0.0,-4.616301082145536e+21,50.0,60.0,35,0.0,0.0,10.0,2.0,0.0,0.0,0.0,0.0,0.0,0.0,0.0,0.0,0.0,0.0,0.0,0.0,58.8,23,37,5,27,65476,432,65476,1,0,4,20529,65476,0,0,30147,60.0,0.0,10.0,10.0,2.0,0.0
2026-02-16T12:56:24,ERR,ERR,ERR,ERR,ERR,ERR,ERR,ERR,ERR,ERR,ERR,ERR,ERR,ERR,ERR,ERR,ERR,ERR,ERR,ERR,ERR,ERR,ERR,ERR,ERR,ERR,ERR,ERR,ERR,ERR,ERR,ERR,ERR,ERR,ERR,ERR,ERR,ERR,ERR,ERR,ERR,ERR,ERR,ERR,ERR,ERR,ERR,ERR,ERR,ERR,ERR,ERR,ERR,ERR,ERR,ERR,ERR,ERR,ERR,ERR,ERR,ERR,ERR,ERR,ERR,ERR,ERR,ERR,ERR,ERR,ERR,ERR,ERR,ERR,ERR,ERR,ERR,ERR,ERR,ERR,ERR,ERR,ERR,ERR,ERR,ERR,ERR,ERR,ERR,ERR,ERR,ERR,ERR,ERR,ERR,ERR,ERR,ERR,ERR,ERR,ERR,ERR,ERR,ERR,ERR,ERR,ERR,ERR,ERR,ERR,ERR,ERR,ERR,ERR,ERR,ERR,ERR,ERR,ERR,ERR,ERR,ERR,ERR,ERR,ERR,0.0,-107616352.0,0.0,0.0,142144341803008.0,-0.0,0.099,0.001,4300,0,8,17170,4300,0.0,41,0.0,0.0,0.0,0.0,-152017230102528.0,0,0,0,0,0.0,0,0,0,0,0,0,0,0,0,0,0,0,0,0,0,0,0,0,0,0,0,0,0,0,0,0,0,0,0,0,0,0,0,8,38,37,46,65476,387,65476,1,0,4,21553,0.0,0.0,0.0,0.0,0.0,0.0,0.0,0.0,0.0,0.0,0.0,0.0,0.0,0.0,0.0,0.0,0.0,0.0,0.0,0.0,0.0,2.004,2.004,0.0,0.0,3.69707618246192e+19,0.0,0.0,0.0,0.0,6570.0,-0.0,0.0,0.0,-107616352.0,0.0,-2.7184507374263774e+23,-0.0,0.0,2.004,2.004,229,1.9056860945658675e+17,-0.0,0.0,0.0,0.0,0.0,0.0,0.0,0.0,0,0,0,0.0,5.703953493612772e+22,-0.0,2.5728626272765517e+25,-447003.469,-4.913411745780554e+35,-4.667289756809314e+31,1771713.0,-0.0,-1.4893505207623845e+37,-15252104192.0,5.291236418001136e+22,0.0,12.08,0.0,0.0,0,1.3516416376850534e+27,229,0.0,458,0.0,2.6475257086227406e+23,2112,52429,17109,0,17112,52429,17095,0,0,0,101,100,100,0.0,66.5,0.0,67.4,-107615272.0,66.5,1,49,50,180,52429,52429,0,0,0.0,0.0,0.0,60.0,12599950.0,71.0,0.0,-52846737227776.0,0.0,1069,0,1069,0,0,0,1069,0,1080,0,999,0,669,0,671,0,666,0,680,0.032,1.4609821306377965e+22,2.004,0.0,144,16814,1771759730688.0,-52846737227776.0,-0.0,1.4870124049871843e+27,0.0,2.4518556755018318e+25,50.0,60.0,35,0.0,0.0,10.0,2.0,0.0,0.0,0.0,0.0,0.0,0.0,0.0,0.0,0.0,0.0,0.0,0.0,58.8,23,37,5,27,65476,432,65476,1,0,4,20529,65476,0,0,30147,60.0,0.0,10.0,10.0,2.0,0.0
2026-02-16T12:56:25,ERR,ERR,ERR,ERR,ERR,ERR,ERR,ERR,ERR,ERR,ERR,ERR,ERR,ERR,ERR,ERR,ERR,ERR,ERR,ERR,ERR,ERR,ERR,ERR,ERR,ERR,ERR,ERR,ERR,ERR,ERR,ERR,ERR,ERR,ERR,ERR,ERR,ERR,ERR,ERR,ERR,ERR,ERR,ERR,ERR,ERR,ERR,ERR,ERR,ERR,ERR,ERR,ERR,ERR,ERR,ERR,ERR,ERR,ERR,ERR,ERR,ERR,ERR,ERR,ERR,ERR,ERR,ERR,ERR,ERR,ERR,ERR,ERR,ERR,ERR,ERR,ERR,ERR,ERR,ERR,ERR,ERR,ERR,ERR,ERR,ERR,ERR,ERR,ERR,ERR,ERR,ERR,ERR,ERR,ERR,ERR,ERR,ERR,ERR,ERR,ERR,ERR,ERR,ERR,ERR,ERR,ERR,ERR,ERR,ERR,ERR,ERR,ERR,ERR,ERR,ERR,ERR,ERR,ERR,ERR,ERR,ERR,ERR,ERR,ERR,0.0,-107616352.0,0.0,0.0,142144341803008.0,-0.0,0.099,0.001,4300,0,8,17170,4300,0.0,41,0.0,0.0,0.0,0.0,-152017230102528.0,0,0,0,0,0.0,0,0,0,0,0,0,0,0,0,0,0,0,0,0,0,0,0,0,0,0,0,0,0,0,0,0,0,0,0,0,0,0,0,8,38,37,46,65476,387,65476,1,0,4,21553,0.0,0.0,0.0,0.0,0.0,0.0,0.0,0.0,0.0,0.0,0.0,0.0,0.0,0.0,0.0,0.0,0.0,0.0,0.0,0.0,0.0,2.004,2.004,0.0,0.0,3.69707618246192e+19,0.0,0.0,0.0,0.0,6570.0,-0.0,0.0,0.0,-107616352.0,0.0,-2.7184507374263774e+23,-0.0,0.0,2.004,2.004,229,1.9056860945658675e+17,-0.0,0.0,0.0,0.0,0.0,0.0,0.0,0.0,0,0,0,0.0,5.703953493612772e+22,-0.0,2.5728626272765517e+25,-447003.469,-4.913411745780554e+35,-4.667289756809314e+31,1771713.0,-0.0,-1.4893505207623845e+37,-15252104192.0,5.291236418001136e+22,0.0,12.08,0.0,0.0,0,1.3516416376850534e+27,229,0.0,458,0.0,2.6475257086227406e+23,2112,52429,17109,0,17112,52429,17095,0,0,0,101,100,100,0.0,66.5,0.0,67.4,-107615272.0,66.5,1,49,50,180,52429,52429,0,0,0.0,0.0,0.0,60.0,12599950.0,71.0,0.0,-52846737227776.0,0.0,1069,0,1069,0,0,0,1069,0,1080,0,999,0,669,0,671,0,666,0,680,0.032,1.4609821306377965e+22,2.004,0.0,144,16814,1771759730688.0,-52846737227776.0,-0.0,1.4870124049871843e+27,0.0,2.4518556755018318e+25,50.0,60.0,35,0.0,0.0,10.0,2.0,0.0,0.0,0.0,0.0,0.0,0.0,0.0,0.0,0.0,0.0,0.0,0.0,58.8,24,36,3,27,65476,458,65476,1,0,4,20529,65476,0,0,30147,60.0,0.0,10.0,10.0,2.0,0.0
2026-02-16T12:56:26,ERR,ERR,ERR,ERR,ERR,ERR,ERR,ERR,ERR,ERR,ERR,ERR,ERR,ERR,ERR,ERR,ERR,ERR,ERR,ERR,ERR,ERR,ERR,ERR,ERR,ERR,ERR,ERR,ERR,ERR,ERR,ERR,ERR,ERR,ERR,ERR,ERR,ERR,ERR,ERR,ERR,ERR,ERR,ERR,ERR,ERR,ERR,ERR,ERR,ERR,ERR,ERR,ERR,ERR,ERR,ERR,ERR,ERR,ERR,ERR,ERR,ERR,ERR,ERR,ERR,ERR,ERR,ERR,ERR,ERR,ERR,ERR,ERR,ERR,ERR,ERR,ERR,ERR,ERR,ERR,ERR,ERR,ERR,ERR,ERR,ERR,ERR,ERR,ERR,ERR,ERR,ERR,ERR,ERR,ERR,ERR,ERR,ERR,ERR,ERR,ERR,ERR,ERR,ERR,ERR,ERR,ERR,ERR,ERR,ERR,ERR,ERR,ERR,ERR,ERR,ERR,ERR,ERR,ERR,ERR,ERR,ERR,ERR,ERR,ERR,0.0,-107616352.0,0.0,0.0,142144341803008.0,-0.0,0.099,0.001,4300,0,8,17170,4300,0.0,41,0.0,0.0,0.0,0.0,-152017230102528.0,0,0,0,0,0.0,0,0,0,0,0,0,0,0,0,0,0,0,0,0,0,0,0,0,0,0,0,0,0,0,0,0,0,0,0,0,0,0,0,8,38,37,46,65476,387,65476,1,0,4,21553,0.0,0.0,0.0,0.0,0.0,0.0,0.0,0.0,0.0,0.0,0.0,0.0,0.0,0.0,0.0,0.0,0.0,0.0,0.0,0.0,0.0,2.004,2.004,0.0,0.0,3.69707618246192e+19,0.0,0.0,0.0,0.0,6570.0,-0.0,0.0,0.0,-107616352.0,0.0,-2.7184507374263774e+23,-0.0,0.0,2.004,2.004,229,1.9056860945658675e+17,-0.0,0.0,0.0,0.0,0.0,0.0,0.0,0.0,0,0,0,0.0,5.703953493612772e+22,-0.0,2.5728626272765517e+25,-447003.469,-4.913411745780554e+35,-4.667289756809314e+31,1771713.0,-0.0,-1.4893505207623845e+37,-15252104192.0,5.291236418001136e+22,0.0,12.08,0.0,0.0,0,1.3516416376850534e+27,229,0.0,458,0.0,2.6475257086227406e+23,2112,52429,17109,0,17112,52429,17095,0,0,0,101,100,100,0.0,66.5,0.0,67.4,-107615272.0,66.5,1,49,50,180,52429,52429,0,0,0.0,0.0,0.0,60.0,12599950.0,71.0,0.0,-52846737227776.0,0.0,1069,0,1069,0,0,0,1069,0,1080,0,999,0,669,0,671,0,666,0,680,0.032,1.4609821306377965e+22,2.004,0.0,144,16814,1771759730688.0,-52846737227776.0,-0.0,1.4870124049871843e+27,0.0,2.4518556755018318e+25,50.0,60.0,35,0.0,0.0,10.0,2.0,0.0,0.0,0.0,0.0,0.0,0.0,0.0,0.0,0.0,0.0,0.0,0.0,58.4,25,35,3,27,65476,458,65476,1,0,4,20529,65476,0,0,30147,60.0,0.0,10.0,10.0,2.0,0.0
2026-02-16T12:56:27,ERR,ERR,ERR,ERR,ERR,ERR,ERR,ERR,ERR,ERR,ERR,ERR,ERR,ERR,ERR,ERR,ERR,ERR,ERR,ERR,ERR,ERR,ERR,ERR,ERR,ERR,ERR,ERR,ERR,ERR,ERR,ERR,ERR,ERR,ERR,ERR,ERR,ERR,ERR,ERR,ERR,ERR,ERR,ERR,ERR,ERR,ERR,ERR,ERR,ERR,ERR,ERR,ERR,ERR,ERR,ERR,ERR,ERR,ERR,ERR,ERR,ERR,ERR,ERR,ERR,ERR,ERR,ERR,ERR,ERR,ERR,ERR,ERR,ERR,ERR,ERR,ERR,ERR,ERR,ERR,ERR,ERR,ERR,ERR,ERR,ERR,ERR,ERR,ERR,ERR,ERR,ERR,ERR,ERR,ERR,ERR,ERR,ERR,ERR,ERR,ERR,ERR,ERR,ERR,ERR,ERR,ERR,ERR,ERR,ERR,ERR,ERR,ERR,ERR,ERR,ERR,ERR,ERR,ERR,ERR,ERR,ERR,ERR,ERR,ERR,0.0,-107616352.0,0.0,0.0,142144341803008.0,-0.0,0.0,21921830.0,4300,0,8,17171,4300,0.0,41,0.0,0.0,0.0,0.0,-152017230102528.0,0,0,0,0,0.0,0,0,0,0,0,0,0,0,0,0,0,0,0,0,0,0,0,0,0,0,0,0,0,0,0,0,0,0,0,0,0,0,0,9,37,37,46,65476,387,65476,1,0,4,21553,0.0,-107610720.0,0.0,0.0,0.0,0.0,0.0,0.0,0.0,0.0,0.0,0.0,0.0,0.0,0.0,0.0,0.0,0.0,0.0,0.0,0.0,2.004,2.004,0.0,0.0,2.004,0.0,0.0,0.0,0.0,6576.0,0.0,0.0,0.0,-107616352.0,0.0,-107616264.0,0.0,0.0,2.004,2.004,228,-0.0,0.0,0.0,0.0,0.0,0.0,0.0,0.0,0.0,0,0,0,-4661687.0,-2.326664416928423e+21,0.0,-0.0,4.109433815558735e+34,0.0,-8.716960836105426e+21,-0.0,0.0,-1.5890426204462532e+37,-16191628288.0,5.70444348525223e+22,0.0,12.83,0.0,6.4983864873348995e+34,0,1.3516416376850534e+27,228,0.0,456,2.3398240911695988e+30,-0.0,2112,52429,17109,0,17112,52429,17095,0,0,0,101,100,100,0.0,66.6,0.0,67.4,-107615272.0,66.5,1,49,50,180,52429,52429,0,0,0.0,0.0,0.0,60.0,21201330110464.0,71.0,0.0,-0.0,0.0,1069,0,1069,0,0,0,1069,0,1080,0,999,0,669,0,671,0,666,0,680,0.032,1.4609821306377965e+22,0.0,0.0,4496,16814,21201330110464.0,-0.0,2.9439856006585107e+28,-3.74418926289989e+34,-1.167537770281201e+33,0.0,50.0,60.0,35,0.0,0.0,10.0,2.0,0.0,0.0,0.0,0.0,0.0,0.0,0.0,0.0,0.0,0.0,0.0,0.0,58.4,25,35,3,27,65476,458,65476,1,0,4,20529,65476,0,0,30147,60.0,0.0,10.0,10.0,2.0,0.0
2026-02-16T12:56:28,ERR,ERR,ERR,ERR,ERR,ERR,ERR,ERR,ERR,ERR,ERR,ERR,ERR,ERR,ERR,ERR,ERR,ERR,ERR,ERR,ERR,ERR,ERR,ERR,ERR,ERR,ERR,ERR,ERR,ERR,ERR,ERR,ERR,ERR,ERR,ERR,ERR,ERR,ERR,ERR,ERR,ERR,ERR,ERR,ERR,ERR,ERR,ERR,ERR,ERR,ERR,ERR,ERR,ERR,ERR,ERR,ERR,ERR,ERR,ERR,ERR,ERR,ERR,ERR,ERR,ERR,ERR,ERR,ERR,ERR,ERR,ERR,ERR,ERR,ERR,ERR,ERR,ERR,ERR,ERR,ERR,ERR,ERR,ERR,ERR,ERR,ERR,ERR,ERR,ERR,ERR,ERR,ERR,ERR,ERR,ERR,ERR,ERR,ERR,ERR,ERR,ERR,ERR,ERR,ERR,ERR,ERR,ERR,ERR,ERR,ERR,ERR,ERR,ERR,ERR,ERR,ERR,ERR,ERR,ERR,ERR,ERR,ERR,ERR,ERR,0.0,-107616352.0,0.0,0.0,142144341803008.0,-0.0,0.0,21921830.0,4300,0,8,17171,4300,0.0,41,0.0,0.0,0.0,0.0,-152017230102528.0,0,0,0,0,0.0,0,0,0,0,0,0,0,0,0,0,0,0,0,0,0,0,0,0,0,0,0,0,0,0,0,0,0,0,0,0,0,0,0,9,37,37,46,65476,387,65476,1,0,4,21553,0.0,-107610720.0,0.0,0.0,0.0,0.0,0.0,0.0,0.0,0.0,0.0,0.0,0.0,0.0,0.0,0.0,0.0,0.0,0.0,0.0,0.0,2.004,2.004,0.0,0.0,2.004,0.0,0.0,0.0,0.0,6576.0,0.0,0.0,0.0,-107616352.0,0.0,-107616264.0,0.0,0.0,2.004,2.004,228,-0.0,0.0,0.0,0.0,0.0,0.0,0.0,0.0,0.0,0,0,0,-4661687.0,-2.326664416928423e+21,0.0,-0.0,4.109433815558735e+34,0.0,-8.716960836105426e+21,-0.0,0.0,-1.5890426204462532e+37,-16191628288.0,5.70444348525223e+22,0.0,12.83,0.0,6.4983864873348995e+34,0,1.3516416376850534e+27,228,0.0,456,2.3398240911695988e+30,-0.0,2112,52429,17109,0,17112,52429,17095,0,0,0,101,100,100,0.0,66.6,0.0,67.4,-107615272.0,66.5,1,49,50,180,52429,52429,0,0,0.0,0.0,0.0,60.0,21201330110464.0,71.0,0.0,-0.0,0.0,1069,0,1069,0,0,0,1069,0,1080,0,999,0,669,0,671,0,666,0,680,0.032,1.4609821306377965e+22,0.0,0.0,4496,16814,21201330110464.0,-0.0,2.9439856006585107e+28,-3.74418926289989e+34,-1.167537770281201e+33,0.0,50.0,60.0,35,0.0,0.0,10.0,2.0,0.0,0.0,0.0,0.0,0.0,0.0,0.0,0.0,0.0,0.0,0.0,0.0,58.8,27,33,0,27,65476,509,65476,1,0,4,20529,65476,0,0,30147,60.0,0.0,10.0,10.0,2.0,0.0
2026-02-16T12:56:29,ERR,ERR,ERR,ERR,ERR,ERR,ERR,ERR,ERR,ERR,ERR,ERR,ERR,ERR,ERR,ERR,ERR,ERR,ERR,ERR,ERR,ERR,ERR,ERR,ERR,ERR,ERR,ERR,ERR,ERR,ERR,ERR,ERR,ERR,ERR,ERR,ERR,ERR,ERR,ERR,ERR,ERR,ERR,ERR,ERR,ERR,ERR,ERR,ERR,ERR,ERR,ERR,ERR,ERR,ERR,ERR,ERR,ERR,ERR,ERR,ERR,ERR,ERR,ERR,ERR,ERR,ERR,ERR,ERR,ERR,ERR,ERR,ERR,ERR,ERR,ERR,ERR,ERR,ERR,ERR,ERR,ERR,ERR,ERR,ERR,ERR,ERR,ERR,ERR,ERR,ERR,ERR,ERR,ERR,ERR,ERR,ERR,ERR,ERR,ERR,ERR,ERR,ERR,ERR,ERR,ERR,ERR,ERR,ERR,ERR,ERR,ERR,ERR,ERR,ERR,ERR,ERR,ERR,ERR,ERR,ERR,ERR,ERR,ERR,ERR,0.0,-107616352.0,0.0,0.0,142144341803008.0,-0.0,0.0,21921830.0,4300,0,8,17171,4300,0.0,41,0.0,0.0,0.0,0.0,-152017230102528.0,0,0,0,0,0.0,0,0,0,0,0,0,0,0,0,0,0,0,0,0,0,0,0,0,0,0,0,0,0,0,0,0,0,0,0,0,0,0,0,9,37,37,46,65476,387,65476,1,0,4,21553,0.0,-107610720.0,0.0,0.0,0.0,0.0,0.0,0.0,0.0,0.0,0.0,0.0,0.0,0.0,0.0,0.0,0.0,0.0,0.0,0.0,0.0,2.004,2.004,0.0,0.0,2.004,0.0,0.0,0.0,0.0,6576.0,0.0,0.0,0.0,-107616352.0,0.0,-107616264.0,0.0,0.0,2.004,2.004,228,-0.0,0.0,0.0,0.0,0.0,0.0,0.0,0.0,0.0,0,0,0,-4661687.0,-2.326664416928423e+21,0.0,-0.0,4.109433815558735e+34,0.0,-8.716960836105426e+21,-0.0,0.0,-1.5890426204462532e+37,-16191628288.0,5.70444348525223e+22,0.0,12.83,0.0,6.4983864873348995e+34,0,1.3516416376850534e+27,228,0.0,456,2.3398240911695988e+30,-0.0,2112,52429,17109,0,17112,52429,17095,0,0,0,101,100,100,0.0,66.6,0.0,67.4,-107615272.0,66.5,1,49,50,180,52429,52429,0,0,0.0,0.0,0.0,60.0,21201330110464.0,71.0,0.0,-0.0,0.0,1069,0,1069,0,0,0,1069,0,1080,0,999,0,669,0,671,0,666,0,680,0.032,1.4609821306377965e+22,0.0,0.0,4496,16814,21201330110464.0,-0.0,2.9439856006585107e+28,-3.74418926289989e+34,-1.167537770281201e+33,0.0,50.0,60.0,35,0.0,0.0,10.0,2.0,0.0,0.0,0.0,0.0,0.0,0.0,0.0,0.0,0.0,0.0,0.0,0.0,58.8,27,33,0,27,65476,509,65476,1,0,4,20529,65476,0,0,30147,60.0,0.0,10.0,10.0,2.0,0.0
2026-02-16T12:56:30,ERR,ERR,ERR,ERR,ERR,ERR,ERR,ERR,ERR,ERR,ERR,ERR,ERR,ERR,ERR,ERR,ERR,ERR,ERR,ERR,ERR,ERR,ERR,ERR,ERR,ERR,ERR,ERR,ERR,ERR,ERR,ERR,ERR,ERR,ERR,ERR,ERR,ERR,ERR,ERR,ERR,ERR,ERR,ERR,ERR,ERR,ERR,ERR,ERR,ERR,ERR,ERR,ERR,ERR,ERR,ERR,ERR,ERR,ERR,ERR,ERR,ERR,ERR,ERR,ERR,ERR,ERR,ERR,ERR,ERR,ERR,ERR,ERR,ERR,ERR,ERR,ERR,ERR,ERR,ERR,ERR,ERR,ERR,ERR,ERR,ERR,ERR,ERR,ERR,ERR,ERR,ERR,ERR,ERR,ERR,ERR,ERR,ERR,ERR,ERR,ERR,ERR,ERR,ERR,ERR,ERR,ERR,ERR,ERR,ERR,ERR,ERR,ERR,ERR,ERR,ERR,ERR,ERR,ERR,ERR,ERR,ERR,ERR,ERR,ERR,0.0,-107616352.0,0.0,0.0,142144341803008.0,-0.0,0.0,21921830.0,4300,0,8,17171,4300,0.0,41,0.0,0.0,0.0,0.0,-152017230102528.0,0,0,0,0,0.0,0,0,0,0,0,0,0,0,0,0,0,0,0,0,0,0,0,0,0,0,0,0,0,0,0,0,0,0,0,0,0,0,0,9,37,37,46,65476,387,65476,1,0,4,21553,0.0,-107610720.0,0.0,0.0,0.0,0.0,0.0,0.0,0.0,0.0,0.0,0.0,0.0,0.0,0.0,0.0,0.0,0.0,0.0,0.0,0.0,2.004,2.004,0.0,0.0,2.004,0.0,0.0,0.0,0.0,6576.0,0.0,0.0,0.0,-107616352.0,0.0,-107616264.0,0.0,0.0,2.004,2.004,228,-0.0,0.0,0.0,0.0,0.0,0.0,0.0,0.0,0.0,0,0,0,-4661687.0,-2.326664416928423e+21,0.0,-0.0,4.109433815558735e+34,0.0,-8.716960836105426e+21,-0.0,0.0,-1.5890426204462532e+37,-16191628288.0,5.70444348525223e+22,0.0,12.83,0.0,6.4983864873348995e+34,0,1.3516416376850534e+27,228,0.0,456,2.3398240911695988e+30,-0.0,2112,52429,17109,0,17112,52429,17095,0,0,0,101,100,100,0.0,66.6,0.0,67.4,-107615272.0,66.5,1,49,50,180,52429,52429,0,0,0.0,0.0,0.0,60.0,21201330110464.0,71.0,0.0,-0.0,0.0,1069,0,1069,0,0,0,1069,0,1080,0,999,0,669,0,671,0,666,0,680,0.032,1.4609821306377965e+22,0.0,0.0,4496,16814,21201330110464.0,-0.0,2.9439856006585107e+28,-3.74418926289989e+34,-1.167537770281201e+33,0.0,50.0,60.0,35,0.0,0.0,10.0,2.0,0.0,0.0,0.0,0.0,0.0,0.0,0.0,0.0,0.0,0.0,0.0,0.0,58.8,29,32,65535,27,65476,509,65476,1,0,4,20529,65476,0,0,30147,60.0,0.0,10.0,10.0,2.0,0.0
2026-02-16T12:56:31,ERR,ERR,ERR,ERR,ERR,ERR,ERR,ERR,ERR,ERR,ERR,ERR,ERR,ERR,ERR,ERR,ERR,ERR,ERR,ERR,ERR,ERR,ERR,ERR,ERR,ERR,ERR,ERR,ERR,ERR,ERR,ERR,ERR,ERR,ERR,ERR,ERR,ERR,ERR,ERR,ERR,ERR,ERR,ERR,ERR,ERR,ERR,ERR,ERR,ERR,ERR,ERR,ERR,ERR,ERR,ERR,ERR,ERR,ERR,ERR,ERR,ERR,ERR,ERR,ERR,ERR,ERR,ERR,ERR,ERR,ERR,ERR,ERR,ERR,ERR,ERR,ERR,ERR,ERR,ERR,ERR,ERR,ERR,ERR,ERR,ERR,ERR,ERR,ERR,ERR,ERR,ERR,ERR,ERR,ERR,ERR,ERR,ERR,ERR,ERR,ERR,ERR,ERR,ERR,ERR,ERR,ERR,ERR,ERR,ERR,ERR,ERR,ERR,ERR,ERR,ERR,ERR,ERR,ERR,ERR,ERR,ERR,ERR,ERR,ERR,0.0,-107616352.0,0.0,0.0,142144341803008.0,-0.0,0.0,21921830.0,4300,0,8,17171,4300,0.0,41,0.0,0.0,0.0,0.0,-152017230102528.0,0,0,0,0,0.0,0,0,0,0,0,0,0,0,0,0,0,0,0,0,0,0,0,0,0,0,0,0,0,0,0,0,0,0,0,0,0,0,0,9,37,37,46,65476,387,65476,1,0,4,21553,0.0,-107610720.0,0.0,0.0,0.0,0.0,0.0,0.0,0.0,0.0,0.0,0.0,0.0,0.0,0.0,0.0,0.0,0.0,0.0,0.0,0.0,2.004,2.004,0.0,0.0,2.004,0.0,0.0,0.0,0.0,6576.0,0.0,0.0,0.0,-107616352.0,0.0,-107616264.0,0.0,0.0,2.004,2.004,228,-0.0,0.0,0.0,0.0,0.0,0.0,0.0,0.0,0.0,0,0,0,-4661687.0,-2.326664416928423e+21,0.0,-0.0,4.109433815558735e+34,0.0,-8.716960836105426e+21,-0.0,0.0,-1.5890426204462532e+37,-16191628288.0,5.70444348525223e+22,0.0,12.83,0.0,6.4983864873348995e+34,0,1.3516416376850534e+27,228,0.0,456,2.3398240911695988e+30,-0.0,2112,52429,17109,0,17112,52429,17095,0,0,0,101,100,100,0.0,66.6,0.0,67.4,-107615272.0,66.5,1,49,50,180,52429,52429,0,0,0.0,0.0,0.0,60.0,569.04,71.0,0.0,-0.0,0.0,1069,0,1069,0,0,0,1069,0,1080,0,999,0,669,0,671,0,666,0,680,0.032,1.4609821306377965e+22,0.0,0.0,57360,16813,969974656.0,-6949439537152.0,-0.0,-0.0,0.0,1.0090889081991987e+17,50.0,60.0,35,0.0,0.0,10.0,2.0,0.0,0.0,0.0,0.0,0.0,0.0,0.0,0.0,0.0,0.0,0.0,0.0,58.8,29,31,65534,27,65476,588,65476,1,0,4,20529,65476,0,0,30147,60.0,0.0,10.0,10.0,2.0,0.0
2026-02-16T12:56:32,ERR,ERR,ERR,ERR,ERR,ERR,ERR,ERR,ERR,ERR,ERR,ERR,ERR,ERR,ERR,ERR,ERR,ERR,ERR,ERR,ERR,ERR,ERR,ERR,ERR,ERR,ERR,ERR,ERR,ERR,ERR,ERR,ERR,ERR,ERR,ERR,ERR,ERR,ERR,ERR,ERR,ERR,ERR,ERR,ERR,ERR,ERR,ERR,ERR,ERR,ERR,ERR,ERR,ERR,ERR,ERR,ERR,ERR,ERR,ERR,ERR,ERR,ERR,ERR,ERR,ERR,ERR,ERR,ERR,ERR,ERR,ERR,ERR,ERR,ERR,ERR,ERR,ERR,ERR,ERR,ERR,ERR,ERR,ERR,ERR,ERR,ERR,ERR,ERR,ERR,ERR,ERR,ERR,ERR,ERR,ERR,ERR,ERR,ERR,ERR,ERR,ERR,ERR,ERR,ERR,ERR,ERR,ERR,ERR,ERR,ERR,ERR,ERR,ERR,ERR,ERR,ERR,ERR,ERR,ERR,ERR,ERR,ERR,ERR,ERR,0.0,-107616352.0,0.0,0.0,142144341803008.0,0.0,-0.0,-0.0,4300,0,8,17170,4300,0.0,41,0.0,0.0,0.0,0.0,-152017230102528.0,0,0,0,0,0.0,0,0,0,0,0,0,0,0,0,0,0,0,0,0,0,0,0,0,0,0,0,0,0,0,0,0,0,0,0,0,0,0,0,8,37,37,45,65476,386,65476,1,0,4,21553,0.0,0.0,0.0,0.0,0.0,0.0,0.0,0.0,0.0,0.0,0.0,0.0,0.0,0.0,-2.600982585120823e+33,0.0,0.0,0.0,0.0,0.0,0.0,2.004,2.004,0.0,0.0,0.0,0.0,0.0,0.0,0.0,6538.0,-0.0,0.0,0.0,-107616352.0,0.0,-0.0,0.0,0.0,2.004,2.004,228,1.9056860945658675e+17,-3.222024165466893e+26,0.0,0.0,0.0,0.0,0.0,0.0,0.0,0,0,0,-14.454,1.2790973675439866e+33,0.0,0.0,8.6104269513974e+33,-3997959838498816.0,-182.274,6.582596987125276e+33,0.0,-1.688734720130122e+37,-16996934656.0,6.029106180949518e+22,0.0,13.517,0.0,-0.0,0,1.3516416376850534e+27,228,0.0,456,-621855232.0,-2.2165387396652623e+20,2112,52429,17109,0,17112,52429,17095,0,0,0,101,100,100,0.0,66.6,0.0,67.4,-107615272.0,66.5,1,49,50,180,52429,52429,0,0,0.0,0.0,0.0,60.0,569.04,71.0,0.0,-0.0,0.0,1069,0,1069,0,0,0,1069,0,1080,0,999,0,669,0,671,0,666,0,680,0.032,1.4609821306377965e+22,0.0,0.0,57360,16813,969974656.0,-6949439537152.0,-0.0,-0.0,0.0,1.0090889081991987e+17,50.0,60.0,35,0.0,0.0,10.0,2.0,0.0,0.0,0.0,0.0,0.0,0.0,0.0,0.0,0.0,0.0,0.0,0.0,58.8,29,31,65534,27,65476,588,65476,1,0,4,20529,65476,0,0,30147,60.0,0.0,10.0,10.0,2.0,0.0
2026-02-16T12:56:33,ERR,ERR,ERR,ERR,ERR,ERR,ERR,ERR,ERR,ERR,ERR,ERR,ERR,ERR,ERR,ERR,ERR,ERR,ERR,ERR,ERR,ERR,ERR,ERR,ERR,ERR,ERR,ERR,ERR,ERR,ERR,ERR,ERR,ERR,ERR,ERR,ERR,ERR,ERR,ERR,ERR,ERR,ERR,ERR,ERR,ERR,ERR,ERR,ERR,ERR,ERR,ERR,ERR,ERR,ERR,ERR,ERR,ERR,ERR,ERR,ERR,ERR,ERR,ERR,ERR,ERR,ERR,ERR,ERR,ERR,ERR,ERR,ERR,ERR,ERR,ERR,ERR,ERR,ERR,ERR,ERR,ERR,ERR,ERR,ERR,ERR,ERR,ERR,ERR,ERR,ERR,ERR,ERR,ERR,ERR,ERR,ERR,ERR,ERR,ERR,ERR,ERR,ERR,ERR,ERR,ERR,ERR,ERR,ERR,ERR,ERR,ERR,ERR,ERR,ERR,ERR,ERR,ERR,ERR,ERR,ERR,ERR,ERR,ERR,ERR,0.0,-107616352.0,0.0,0.0,142144341803008.0,0.0,-0.0,-0.0,4300,0,8,17170,4300,0.0,41,0.0,0.0,0.0,0.0,-152017230102528.0,0,0,0,0,0.0,0,0,0,0,0,0,0,0,0,0,0,0,0,0,0,0,0,0,0,0,0,0,0,0,0,0,0,0,0,0,0,0,0,8,37,37,45,65476,386,65476,1,0,4,21553,0.0,0.0,0.0,0.0,0.0,0.0,0.0,0.0,0.0,0.0,0.0,0.0,0.0,0.0,-2.600982585120823e+33,0.0,0.0,0.0,0.0,0.0,0.0,2.004,2.004,0.0,0.0,0.0,0.0,0.0,0.0,0.0,6538.0,-0.0,0.0,0.0,-107616352.0,0.0,-0.0,0.0,0.0,2.004,2.004,228,1.9056860945658675e+17,-3.222024165466893e+26,0.0,0.0,0.0,0.0,0.0,0.0,0.0,0,0,0,-14.454,1.2790973675439866e+33,0.0,0.0,8.6104269513974e+33,-3997959838498816.0,-182.274,6.582596987125276e+33,0.0,-1.688734720130122e+37,-16996934656.0,6.029106180949518e+22,0.0,13.517,0.0,-0.0,0,1.3516416376850534e+27,228,0.0,456,-621855232.0,-2.2165387396652623e+20,2112,52429,17109,0,17112,52429,17095,0,0,0,101,100,100,0.0,66.6,0.0,67.4,-107615272.0,66.5,1,49,50,180,52429,52429,0,0,0.0,0.0,0.0,60.0,569.04,71.0,0.0,-0.0,0.0,1069,0,1069,0,0,0,1069,0,1080,0,999,0,669,0,671,0,666,0,680,0.032,1.4609821306377965e+22,0.0,0.0,57360,16813,969974656.0,-6949439537152.0,-0.0,-0.0,0.0,1.0090889081991987e+17,50.0,60.0,35,0.0,0.0,10.0,2.0,0.0,0.0,0.0,0.0,0.0,0.0,0.0,0.0,0.0,0.0,0.0,0.0,59.2,31,30,65532,27,65476,589,65476,1,0,4,20529,65476,0,0,30147,60.0,0.0,10.0,10.0,2.0,0.0
2026-02-16T12:56:34,ERR,ERR,ERR,ERR,ERR,ERR,ERR,ERR,ERR,ERR,ERR,ERR,ERR,ERR,ERR,ERR,ERR,ERR,ERR,ERR,ERR,ERR,ERR,ERR,ERR,ERR,ERR,ERR,ERR,ERR,ERR,ERR,ERR,ERR,ERR,ERR,ERR,ERR,ERR,ERR,ERR,ERR,ERR,ERR,ERR,ERR,ERR,ERR,ERR,ERR,ERR,ERR,ERR,ERR,ERR,ERR,ERR,ERR,ERR,ERR,ERR,ERR,ERR,ERR,ERR,ERR,ERR,ERR,ERR,ERR,ERR,ERR,ERR,ERR,ERR,ERR,ERR,ERR,ERR,ERR,ERR,ERR,ERR,ERR,ERR,ERR,ERR,ERR,ERR,ERR,ERR,ERR,ERR,ERR,ERR,ERR,ERR,ERR,ERR,ERR,ERR,ERR,ERR,ERR,ERR,ERR,ERR,ERR,ERR,ERR,ERR,ERR,ERR,ERR,ERR,ERR,ERR,ERR,ERR,ERR,ERR,ERR,ERR,ERR,ERR,0.0,-107616352.0,0.0,0.0,142144341803008.0,0.0,-0.0,-0.0,4300,0,8,17170,4300,0.0,41,0.0,0.0,0.0,0.0,-152017230102528.0,0,0,0,0,0.0,0,0,0,0,0,0,0,0,0,0,0,0,0,0,0,0,0,0,0,0,0,0,0,0,0,0,0,0,0,0,0,0,0,8,37,37,45,65476,386,65476,1,0,4,21553,0.0,0.0,0.0,0.0,0.0,0.0,0.0,0.0,0.0,0.0,0.0,0.0,0.0,0.0,-2.600982585120823e+33,0.0,0.0,0.0,0.0,0.0,0.0,2.004,2.004,0.0,0.0,0.0,0.0,0.0,0.0,0.0,6538.0,-0.0,0.0,0.0,-107616352.0,0.0,-0.0,0.0,0.0,2.004,2.004,228,1.9056860945658675e+17,-3.222024165466893e+26,0.0,0.0,0.0,0.0,0.0,0.0,0.0,0,0,0,-14.454,1.2790973675439866e+33,0.0,0.0,8.6104269513974e+33,-3997959838498816.0,-182.274,6.582596987125276e+33,0.0,-1.688734720130122e+37,-16996934656.0,6.029106180949518e+22,0.0,13.517,0.0,-0.0,0,1.3516416376850534e+27,228,0.0,456,-621855232.0,-2.2165387396652623e+20,2112,52429,17109,0,17112,52429,17095,0,0,0,101,100,100,0.0,66.6,0.0,67.4,-107615272.0,66.5,1,49,50,180,52429,52429,0,0,0.0,0.0,0.0,60.0,1894481.75,71.0,0.0,-0.0,0.0,1069,0,1069,0,0,0,1069,0,1080,0,999,0,669,0,671,0,666,0,680,0.032,1.4536034330083127e+22,0.0,0.0,51856,16813,106976886784.0,-0.0,-0.0,-443911.125,0.0,2854915.25,50.0,60.0,35,0.0,0.0,10.0,2.0,0.0,0.0,0.0,0.0,0.0,0.0,0.0,0.0,0.0,0.0,0.0,0.0,58.8,31,29,65532,27,65476,653,65476,1,0,4,20529,65476,0,0,30147,60.0,0.0,10.0,10.0,2.0,0.0
2026-02-16T12:56:35,ERR,ERR,ERR,ERR,ERR,ERR,ERR,ERR,ERR,ERR,ERR,ERR,ERR,ERR,ERR,ERR,ERR,ERR,ERR,ERR,ERR,ERR,ERR,ERR,ERR,ERR,ERR,ERR,ERR,ERR,ERR,ERR,ERR,ERR,ERR,ERR,ERR,ERR,ERR,ERR,ERR,ERR,ERR,ERR,ERR,ERR,ERR,ERR,ERR,ERR,ERR,ERR,ERR,ERR,ERR,ERR,ERR,ERR,ERR,ERR,ERR,ERR,ERR,ERR,ERR,ERR,ERR,ERR,ERR,ERR,ERR,ERR,ERR,ERR,ERR,ERR,ERR,ERR,ERR,ERR,ERR,ERR,ERR,ERR,ERR,ERR,ERR,ERR,ERR,ERR,ERR,ERR,ERR,ERR,ERR,ERR,ERR,ERR,ERR,ERR,ERR,ERR,ERR,ERR,ERR,ERR,ERR,ERR,ERR,ERR,ERR,ERR,ERR,ERR,ERR,ERR,ERR,ERR,ERR,ERR,ERR,ERR,ERR,ERR,ERR,0.0,-107616352.0,0.0,0.0,142144341803008.0,0.0,-0.0,-0.0,4300,0,8,17170,4300,0.0,41,0.0,0.0,0.0,0.0,-152017230102528.0,0,0,0,0,0.0,0,0,0,0,0,0,0,0,0,0,0,0,0,0,0,0,0,0,0,0,0,0,0,0,0,0,0,0,0,0,0,0,0,8,37,37,45,65476,386,65476,1,0,4,21553,0.0,0.0,0.0,0.0,0.0,0.0,0.0,0.0,0.0,0.0,0.0,0.0,0.0,0.0,-2.600982585120823e+33,0.0,0.0,0.0,0.0,0.0,0.0,2.004,2.004,0.0,0.0,0.0,0.0,0.0,0.0,0.0,6538.0,-0.0,0.0,0.0,-107616352.0,0.0,-0.0,0.0,0.0,2.004,2.004,228,1.9056860945658675e+17,-3.222024165466893e+26,0.0,0.0,0.0,0.0,0.0,0.0,0.0,0,0,0,-14.454,1.2790973675439866e+33,0.0,0.0,8.6104269513974e+33,-3997959838498816.0,-182.274,6.582596987125276e+33,0.0,-1.688734720130122e+37,-16996934656.0,6.029106180949518e+22,0.0,13.517,0.0,-0.0,0,1.3516416376850534e+27,228,0.0,456,-621855232.0,-2.2165387396652623e+20,2112,52429,17109,0,17112,52429,17095,0,0,0,101,100,100,0.0,66.6,0.0,67.4,-107615272.0,66.5,1,49,50,180,52429,52429,0,0,0.0,0.0,0.0,60.0,1894481.75,71.0,0.0,-0.0,0.0,1069,0,1069,0,0,0,1069,0,1080,0,999,0,669,0,671,0,666,0,680,0.032,1.4536034330083127e+22,0.0,0.0,51856,16813,106976886784.0,-0.0,-0.0,-443911.125,0.0,2854915.25,50.0,60.0,35,0.0,0.0,10.0,2.0,0.0,0.0,0.0,0.0,0.0,0.0,0.0,0.0,0.0,0.0,0.0,0.0,58.8,31,29,65532,27,65476,653,65476,1,0,4,20529,65476,0,0,30147,60.0,0.0,10.0,10.0,2.0,0.0
2026-02-16T12:56:36,ERR,ERR,ERR,ERR,ERR,ERR,ERR,ERR,ERR,ERR,ERR,ERR,ERR,ERR,ERR,ERR,ERR,ERR,ERR,ERR,ERR,ERR,ERR,ERR,ERR,ERR,ERR,ERR,ERR,ERR,ERR,ERR,ERR,ERR,ERR,ERR,ERR,ERR,ERR,ERR,ERR,ERR,ERR,ERR,ERR,ERR,ERR,ERR,ERR,ERR,ERR,ERR,ERR,ERR,ERR,ERR,ERR,ERR,ERR,ERR,ERR,ERR,ERR,ERR,ERR,ERR,ERR,ERR,ERR,ERR,ERR,ERR,ERR,ERR,ERR,ERR,ERR,ERR,ERR,ERR,ERR,ERR,ERR,ERR,ERR,ERR,ERR,ERR,ERR,ERR,ERR,ERR,ERR,ERR,ERR,ERR,ERR,ERR,ERR,ERR,ERR,ERR,ERR,ERR,ERR,ERR,ERR,ERR,ERR,ERR,ERR,ERR,ERR,ERR,ERR,ERR,ERR,ERR,ERR,ERR,ERR,ERR,ERR,ERR,ERR,0.0,-107616352.0,0.0,0.0,142144341803008.0,797164519292928.0,-4098291712.0,1.1228357009932442e+36,4300,0,8,17171,4300,0.0,41,0.0,0.0,0.0,0.0,0.0,0,0,0,0,0.0,0,0,0,0,0,0,0,0,0,0,0,0,0,0,0,0,0,0,0,0,0,0,0,0,0,0,0,0,0,0,0,0,0,8,37,37,45,65476,384,65476,1,0,4,21553,0.0,0.0,0.0,0.0,0.0,0.0,0.0,0.0,0.0,0.0,0.0,0.0,0.0,0.0,0.0,0.0,0.0,0.0,0.0,0.0,0.0,2.004,2.004,0.0,0.0,0.0,0.0,0.0,0.0,0.0,6546.0,0.0,0.0,0.0,-107616352.0,0.0,-0.0,0.0,0.0,2.004,2.004,230,-0.0,-0.0,0.0,0.0,0.0,0.0,0.0,0.0,0.0,0,0,0,-0.0,-0.0,40.816,0.0,4.8579423756046925e+30,0.0,1.837972689993791e+38,1.8249567894741087e+30,-575771008.0,-1.7884268198139906e+37,-18424612864.0,6.4127984576826765e+22,0.0,14.205,0.0,-0.0,0,1.3516416376850534e+27,230,0.0,460,-621855232.0,-2.2165387396652623e+20,2112,52429,17109,0,17112,52429,17095,0,0,0,101,100,100,0.0,66.6,0.0,67.4,-107615272.0,66.5,1,49,50,180,52429,52429,0,0,0.0,0.0,0.0,60.0,1894481.75,71.0,0.0,-0.0,0.0,1069,0,1069,0,0,0,1069,0,1080,0,999,0,669,0,671,0,666,0,680,0.032,1.4536034330083127e+22,0.0,0.0,51856,16813,106976886784.0,-0.0,-0.0,-443911.125,0.0,2854915.25,50.0,60.0,35,0.0,0.0,10.0,2.0,0.0,0.0,0.0,0.0,0.0,0.0,0.0,0.0,0.0,0.0,0.0,0.0,59.2,31,29,65532,27,65476,653,65476,1,0,4,20529,65476,0,0,30147,60.0,0.0,10.0,10.0,2.0,0.0
2026-02-16T12:56:37,ERR,ERR,ERR,ERR,ERR,ERR,ERR,ERR,ERR,ERR,ERR,ERR,ERR,ERR,ERR,ERR,ERR,ERR,ERR,ERR,ERR,ERR,ERR,ERR,ERR,ERR,ERR,ERR,ERR,ERR,ERR,ERR,ERR,ERR,ERR,ERR,ERR,ERR,ERR,ERR,ERR,ERR,ERR,ERR,ERR,ERR,ERR,ERR,ERR,ERR,ERR,ERR,ERR,ERR,ERR,ERR,ERR,ERR,ERR,ERR,ERR,ERR,ERR,ERR,ERR,ERR,ERR,ERR,ERR,ERR,ERR,ERR,ERR,ERR,ERR,ERR,ERR,ERR,ERR,ERR,ERR,ERR,ERR,ERR,ERR,ERR,ERR,ERR,ERR,ERR,ERR,ERR,ERR,ERR,ERR,ERR,ERR,ERR,ERR,ERR,ERR,ERR,ERR,ERR,ERR,ERR,ERR,ERR,ERR,ERR,ERR,ERR,ERR,ERR,ERR,ERR,ERR,ERR,ERR,ERR,ERR,ERR,ERR,ERR,ERR,0.0,-107616352.0,0.0,0.0,142144341803008.0,797164519292928.0,-4098291712.0,1.1228357009932442e+36,4300,0,8,17171,4300,0.0,41,0.0,0.0,0.0,0.0,0.0,0,0,0,0,0.0,0,0,0,0,0,0,0,0,0,0,0,0,0,0,0,0,0,0,0,0,0,0,0,0,0,0,0,0,0,0,0,0,0,8,37,37,45,65476,384,65476,1,0,4,21553,0.0,0.0,0.0,0.0,0.0,0.0,0.0,0.0,0.0,0.0,0.0,0.0,0.0,0.0,0.0,0.0,0.0,0.0,0.0,0.0,0.0,2.004,2.004,0.0,0.0,0.0,0.0,0.0,0.0,0.0,6546.0,0.0,0.0,0.0,-107616352.0,0.0,-0.0,0.0,0.0,2.004,2.004,230,-0.0,-0.0,0.0,0.0,0.0,0.0,0.0,0.0,0.0,0,0,0,-0.0,-0.0,40.816,0.0,4.8579423756046925e+30,0.0,1.837972689993791e+38,1.8249567894741087e+30,-575771008.0,-1.7884268198139906e+37,-18424612864.0,6.4127984576826765e+22,0.0,14.205,0.0,-0.0,0,1.3516416376850534e+27,230,0.0,460,-621855232.0,-2.2165387396652623e+20,2112,52429,17109,0,17112,52429,17095,0,0,0,101,100,100,0.0,66.6,0.0,67.4,-107615272.0,66.5,1,49,50,180,52429,52429,0,0,0.0,0.0,0.0,60.0,1894481.75,71.0,0.0,-0.0,0.0,1069,0,1069,0,0,0,1069,0,1080,0,999,0,669,0,671,0,666,0,680,0.032,1.4536034330083127e+22,0.0,0.0,51856,16813,106976886784.0,-0.0,-0.0,-443911.125,0.0,2854915.25,50.0,60.0,35,0.0,0.0,10.0,2.0,0.0,0.0,0.0,0.0,0.0,0.0,0.0,0.0,0.0,0.0,0.0,0.0,59.2,31,29,65532,27,65476,653,65476,1,0,4,20529,65476,0,0,30147,60.0,0.0,10.0,10.0,2.0,0.0
2026-02-16T12:56:38,ERR,ERR,ERR,ERR,ERR,ERR,ERR,ERR,ERR,ERR,ERR,ERR,ERR,ERR,ERR,ERR,ERR,ERR,ERR,ERR,ERR,ERR,ERR,ERR,ERR,ERR,ERR,ERR,ERR,ERR,ERR,ERR,ERR,ERR,ERR,ERR,ERR,ERR,ERR,ERR,ERR,ERR,ERR,ERR,ERR,ERR,ERR,ERR,ERR,ERR,ERR,ERR,ERR,ERR,ERR,ERR,ERR,ERR,ERR,ERR,ERR,ERR,ERR,ERR,ERR,ERR,ERR,ERR,ERR,ERR,ERR,ERR,ERR,ERR,ERR,ERR,ERR,ERR,ERR,ERR,ERR,ERR,ERR,ERR,ERR,ERR,ERR,ERR,ERR,ERR,ERR,ERR,ERR,ERR,ERR,ERR,ERR,ERR,ERR,ERR,ERR,ERR,ERR,ERR,ERR,ERR,ERR,ERR,ERR,ERR,ERR,ERR,ERR,ERR,ERR,ERR,ERR,ERR,ERR,ERR,ERR,ERR,ERR,ERR,ERR,0.0,-107616352.0,0.0,0.0,142144341803008.0,797164519292928.0,-4098291712.0,1.1228357009932442e+36,4300,0,8,17171,4300,0.0,41,0.0,0.0,0.0,0.0,0.0,0,0,0,0,0.0,0,0,0,0,0,0,0,0,0,0,0,0,0,0,0,0,0,0,0,0,0,0,0,0,0,0,0,0,0,0,0,0,0,8,37,37,45,65476,384,65476,1,0,4,21553,0.0,0.0,0.0,0.0,0.0,0.0,0.0,0.0,0.0,0.0,0.0,0.0,0.0,0.0,0.0,0.0,0.0,0.0,0.0,0.0,0.0,2.004,2.004,0.0,0.0,0.0,0.0,0.0,0.0,0.0,6546.0,0.0,0.0,0.0,-107616352.0,0.0,-0.0,0.0,0.0,2.004,2.004,230,-0.0,-0.0,0.0,0.0,0.0,0.0,0.0,0.0,0.0,0,0,0,-0.0,-0.0,40.816,0.0,4.8579423756046925e+30,0.0,1.837972689993791e+38,1.8249567894741087e+30,-575771008.0,-1.7884268198139906e+37,-18424612864.0,6.4127984576826765e+22,0.0,14.205,0.0,-0.0,0,1.3516416376850534e+27,230,0.0,460,-621855232.0,-2.2165387396652623e+20,2112,52429,17109,0,17112,52429,17095,0,0,0,101,100,100,0.0,66.6,0.0,67.4,-107615272.0,66.5,1,49,50,180,52429,52429,0,0,0.0,0.0,0.0,60.0,90.13,71.0,0.0,180600623333376.0,0.0,1069,0,1069,0,0,0,1069,0,1080,0,999,0,669,0,671,0,666,0,679,0.032,1.4536034330083127e+22,0.0,0.0,5776,16814,6451174400.0,2.452425467022541e+16,0.295,3.3425073170736997e+30,-1.658,0.0,50.0,60.0,35,0.0,0.0,10.0,2.0,0.0,0.0,0.0,0.0,0.0,0.0,0.0,0.0,0.0,0.0,0.0,0.0,58.8,30,30,65533,27,65476,684,65476,1,0,4,20529,65476,0,0,30147,60.0,0.0,10.0,10.0,2.0,0.0
2026-02-16T12:56:39,ERR,ERR,ERR,ERR,ERR,ERR,ERR,ERR,ERR,ERR,ERR,ERR,ERR,ERR,ERR,ERR,ERR,ERR,ERR,ERR,ERR,ERR,ERR,ERR,ERR,ERR,ERR,ERR,ERR,ERR,ERR,ERR,ERR,ERR,ERR,ERR,ERR,ERR,ERR,ERR,ERR,ERR,ERR,ERR,ERR,ERR,ERR,ERR,ERR,ERR,ERR,ERR,ERR,ERR,ERR,ERR,ERR,ERR,ERR,ERR,ERR,ERR,ERR,ERR,ERR,ERR,ERR,ERR,ERR,ERR,ERR,ERR,ERR,ERR,ERR,ERR,ERR,ERR,ERR,ERR,ERR,ERR,ERR,ERR,ERR,ERR,ERR,ERR,ERR,ERR,ERR,ERR,ERR,ERR,ERR,ERR,ERR,ERR,ERR,ERR,ERR,ERR,ERR,ERR,ERR,ERR,ERR,ERR,ERR,ERR,ERR,ERR,ERR,ERR,ERR,ERR,ERR,ERR,ERR,ERR,ERR,ERR,ERR,ERR,ERR,0.0,-107616352.0,0.0,0.0,142144341803008.0,797164519292928.0,-4098291712.0,1.1228357009932442e+36,4300,0,8,17171,4300,0.0,41,0.0,0.0,0.0,0.0,0.0,0,0,0,0,0.0,0,0,0,0,0,0,0,0,0,0,0,0,0,0,0,0,0,0,0,0,0,0,0,0,0,0,0,0,0,0,0,0,0,8,37,37,45,65476,384,65476,1,0,4,21553,0.0,0.0,0.0,0.0,0.0,0.0,0.0,0.0,0.0,0.0,0.0,0.0,0.0,0.0,0.0,0.0,0.0,0.0,0.0,0.0,0.0,2.004,2.004,0.0,0.0,0.0,0.0,0.0,0.0,0.0,6546.0,0.0,0.0,0.0,-107616352.0,0.0,-0.0,0.0,0.0,2.004,2.004,230,-0.0,-0.0,0.0,0.0,0.0,0.0,0.0,0.0,0.0,0,0,0,-0.0,-0.0,40.816,0.0,4.8579423756046925e+30,0.0,1.837972689993791e+38,1.8249567894741087e+30,-575771008.0,-1.7884268198139906e+37,-18424612864.0,6.4127984576826765e+22,0.0,14.205,0.0,-0.0,0,1.3516416376850534e+27,230,0.0,460,-621855232.0,-2.2165387396652623e+20,2112,52429,17109,0,17112,52429,17095,0,0,0,101,100,100,0.0,66.6,0.0,67.4,-107615272.0,66.5,1,49,50,180,52429,52429,0,0,0.0,0.0,0.0,60.0,90.13,71.0,0.0,180600623333376.0,0.0,1069,0,1069,0,0,0,1069,0,1080,0,999,0,669,0,671,0,666,0,679,0.032,1.4536034330083127e+22,0.0,0.0,5776,16814,6451174400.0,2.452425467022541e+16,0.295,3.3425073170736997e+30,-1.658,0.0,50.0,60.0,35,0.0,0.0,10.0,2.0,0.0,0.0,0.0,0.0,0.0,0.0,0.0,0.0,0.0,0.0,0.0,0.0,58.8,30,30,65533,27,65476,684,65476,1,0,4,20529,65476,0,0,30147,60.0,0.0,10.0,10.0,2.0,0.0
2026-02-16T12:56:40,ERR,ERR,ERR,ERR,ERR,ERR,ERR,ERR,ERR,ERR,ERR,ERR,ERR,ERR,ERR,ERR,ERR,ERR,ERR,ERR,ERR,ERR,ERR,ERR,ERR,ERR,ERR,ERR,ERR,ERR,ERR,ERR,ERR,ERR,ERR,ERR,ERR,ERR,ERR,ERR,ERR,ERR,ERR,ERR,ERR,ERR,ERR,ERR,ERR,ERR,ERR,ERR,ERR,ERR,ERR,ERR,ERR,ERR,ERR,ERR,ERR,ERR,ERR,ERR,ERR,ERR,ERR,ERR,ERR,ERR,ERR,ERR,ERR,ERR,ERR,ERR,ERR,ERR,ERR,ERR,ERR,ERR,ERR,ERR,ERR,ERR,ERR,ERR,ERR,ERR,ERR,ERR,ERR,ERR,ERR,ERR,ERR,ERR,ERR,ERR,ERR,ERR,ERR,ERR,ERR,ERR,ERR,ERR,ERR,ERR,ERR,ERR,ERR,ERR,ERR,ERR,ERR,ERR,ERR,ERR,ERR,ERR,ERR,ERR,ERR,0.0,-107616352.0,0.0,0.0,142144341803008.0,797164519292928.0,-4098291712.0,1.1228357009932442e+36,4300,0,8,17171,4300,0.0,41,0.0,0.0,0.0,0.0,0.0,0,0,0,0,0.0,0,0,0,0,0,0,0,0,0,0,0,0,0,0,0,0,0,0,0,0,0,0,0,0,0,0,0,0,0,0,0,0,0,8,37,37,45,65476,384,65476,1,0,4,21553,0.0,0.0,0.0,0.0,0.0,0.0,0.0,0.0,0.0,0.0,0.0,0.0,0.0,0.0,0.0,0.0,0.0,0.0,0.0,0.0,0.0,2.004,2.004,0.0,0.0,0.0,0.0,0.0,0.0,0.0,6546.0,0.0,0.0,0.0,-107616352.0,0.0,-0.0,0.0,0.0,2.004,2.004,230,-0.0,-0.0,0.0,0.0,0.0,0.0,0.0,0.0,0.0,0,0,0,-0.0,-0.0,40.816,0.0,4.8579423756046925e+30,0.0,1.837972689993791e+38,1.8249567894741087e+30,-575771008.0,-1.7884268198139906e+37,-18424612864.0,6.4127984576826765e+22,0.0,14.205,0.0,-0.0,0,1.3516416376850534e+27,230,0.0,460,-621855232.0,-2.2165387396652623e+20,2112,52429,17109,0,17112,52429,17095,0,0,0,101,100,100,0.0,66.6,0.0,67.4,-107615272.0,66.5,1,49,50,180,52429,52429,0,0,0.0,0.0,0.0,60.0,90.13,71.0,0.0,180600623333376.0,0.0,1069,0,1069,0,0,0,1069,0,1080,0,999,0,669,0,671,0,666,0,679,0.032,1.4536034330083127e+22,0.0,0.0,5776,16814,6451174400.0,2.452425467022541e+16,0.295,3.3425073170736997e+30,-1.658,0.0,50.0,60.0,35,0.0,0.0,10.0,2.0,0.0,0.0,0.0,0.0,0.0,0.0,0.0,0.0,0.0,0.0,0.0,0.0,58.8,29,31,65534,27,65476,676,65476,1,0,4,20529,65476,0,0,30147,60.0,0.0,10.0,10.0,2.0,0.0
2026-02-16T12:56:41,ERR,ERR,ERR,ERR,ERR,ERR,ERR,ERR,ERR,ERR,ERR,ERR,ERR,ERR,ERR,ERR,ERR,ERR,ERR,ERR,ERR,ERR,ERR,ERR,ERR,ERR,ERR,ERR,ERR,ERR,ERR,ERR,ERR,ERR,ERR,ERR,ERR,ERR,ERR,ERR,ERR,ERR,ERR,ERR,ERR,ERR,ERR,ERR,ERR,ERR,ERR,ERR,ERR,ERR,ERR,ERR,ERR,ERR,ERR,ERR,ERR,ERR,ERR,ERR,ERR,ERR,ERR,ERR,ERR,ERR,ERR,ERR,ERR,ERR,ERR,ERR,ERR,ERR,ERR,ERR,ERR,ERR,ERR,ERR,ERR,ERR,ERR,ERR,ERR,ERR,ERR,ERR,ERR,ERR,ERR,ERR,ERR,ERR,ERR,ERR,ERR,ERR,ERR,ERR,ERR,ERR,ERR,ERR,ERR,ERR,ERR,ERR,ERR,ERR,ERR,ERR,ERR,ERR,ERR,ERR,ERR,ERR,ERR,ERR,ERR,0.0,-2.7184527190102135e+23,-0.0,0.0,-0.062,-1.3837908467452394e+36,0.0,6.445,4300,0,8,17171,4300,0.0,41,0.0,0.0,0.0,0.0,0.0,0,0,0,0,0.0,0,0,0,0,0,0,0,0,0,0,0,0,0,0,0,0,0,0,0,0,0,0,0,0,0,0,0,0,0,0,0,0,0,8,37,37,45,65476,383,65476,1,0,4,21553,0.0,-0.0,0.0,0.0,0.0,0.0,0.0,0.0,0.0,0.0,0.0,0.0,0.0,0.0,0.0,0.0,0.0,0.0,0.0,0.0,0.0,2.004,2.004,0.0,0.0,0.0,0.0,0.0,0.0,0.0,6510.0,-0.0,0.0,0.0,-2.7184527190102135e+23,0.0,-0.0,0.0,0.0,2.004,2.004,228,4.0668540358038725e+29,152018253512704.0,0.0,0.0,0.0,0.0,0.0,0.0,0.0,0,0,0,0.0,7.757785709192151e+17,-0.0,-5.425169344399154e+37,-0.0,0.0,1.9756139715986758e+27,12938059448320.0,-0.0,-1.9047342694451707e+37,-20169443328.0,6.7669759438979e+22,0.0,15.017,0.0,3.4899529270760513e+31,0,1.3516416376850534e+27,228,0.0,456,0.0,0.0,2112,52429,17109,0,17112,52429,17095,0,0,0,101,100,100,0.0,66.6,0.0,67.4,-107615272.0,66.5,1,49,50,180,52429,52429,0,0,0.0,0.0,0.0,60.0,8.658619708997632e+17,71.0,0.0,-0.0,0.0,1069,0,1069,0,0,0,1069,0,1080,0,999,0,669,0,671,0,666,0,679,0.032,1.4609821306377965e+22,-2.004,-107615288.0,3984,16814,5.557801480477475e+18,-0.0,-0.0,-0.0,0.0,35232206848.0,50.0,60.0,35,0.0,0.0,10.0,2.0,0.0,0.0,0.0,0.0,0.0,0.0,0.0,0.0,0.0,0.0,0.0,0.0,58.8,27,33,0,27,65476,676,65476,1,0,4,20529,65476,0,0,30147,60.0,0.0,10.0,10.0,2.0,0.0
2026-02-16T12:56:42,ERR,ERR,ERR,ERR,ERR,ERR,ERR,ERR,ERR,ERR,ERR,ERR,ERR,ERR,ERR,ERR,ERR,ERR,ERR,ERR,ERR,ERR,ERR,ERR,ERR,ERR,ERR,ERR,ERR,ERR,ERR,ERR,ERR,ERR,ERR,ERR,ERR,ERR,ERR,ERR,ERR,ERR,ERR,ERR,ERR,ERR,ERR,ERR,ERR,ERR,ERR,ERR,ERR,ERR,ERR,ERR,ERR,ERR,ERR,ERR,ERR,ERR,ERR,ERR,ERR,ERR,ERR,ERR,ERR,ERR,ERR,ERR,ERR,ERR,ERR,ERR,ERR,ERR,ERR,ERR,ERR,ERR,ERR,ERR,ERR,ERR,ERR,ERR,ERR,ERR,ERR,ERR,ERR,ERR,ERR,ERR,ERR,ERR,ERR,ERR,ERR,ERR,ERR,ERR,ERR,ERR,ERR,ERR,ERR,ERR,ERR,ERR,ERR,ERR,ERR,ERR,ERR,ERR,ERR,ERR,ERR,ERR,ERR,ERR,ERR,0.0,-2.7184527190102135e+23,-0.0,0.0,-0.062,-1.3837908467452394e+36,0.0,6.445,4300,0,8,17171,4300,0.0,41,0.0,0.0,0.0,0.0,0.0,0,0,0,0,0.0,0,0,0,0,0,0,0,0,0,0,0,0,0,0,0,0,0,0,0,0,0,0,0,0,0,0,0,0,0,0,0,0,0,8,37,37,45,65476,383,65476,1,0,4,21553,0.0,-0.0,0.0,0.0,0.0,0.0,0.0,0.0,0.0,0.0,0.0,0.0,0.0,0.0,0.0,0.0,0.0,0.0,0.0,0.0,0.0,2.004,2.004,0.0,0.0,0.0,0.0,0.0,0.0,0.0,6510.0,-0.0,0.0,0.0,-2.7184527190102135e+23,0.0,-0.0,0.0,0.0,2.004,2.004,228,4.0668540358038725e+29,152018253512704.0,0.0,0.0,0.0,0.0,0.0,0.0,0.0,0,0,0,0.0,7.757785709192151e+17,-0.0,-5.425169344399154e+37,-0.0,0.0,1.9756139715986758e+27,12938059448320.0,-0.0,-1.9047342694451707e+37,-20169443328.0,6.7669759438979e+22,0.0,15.017,0.0,3.4899529270760513e+31,0,1.3516416376850534e+27,228,0.0,456,0.0,0.0,2112,52429,17109,0,17112,52429,17095,0,0,0,101,100,100,0.0,66.6,0.0,67.4,-107615272.0,66.5,1,49,50,180,52429,52429,0,0,0.0,0.0,0.0,60.0,8.658619708997632e+17,71.0,0.0,-0.0,0.0,1069,0,1069,0,0,0,1069,0,1080,0,999,0,669,0,671,0,666,0,679,0.032,1.4609821306377965e+22,-2.004,-107615288.0,3984,16814,5.557801480477475e+18,-0.0,-0.0,-0.0,0.0,35232206848.0,50.0,60.0,35,0.0,0.0,10.0,2.0,0.0,0.0,0.0,0.0,0.0,0.0,0.0,0.0,0.0,0.0,0.0,0.0,58.8,27,33,0,27,65476,676,65476,1,0,4,20529,65476,0,0,30147,60.0,0.0,10.0,10.0,2.0,0.0
2026-02-16T12:56:43,ERR,ERR,ERR,ERR,ERR,ERR,ERR,ERR,ERR,ERR,ERR,ERR,ERR,ERR,ERR,ERR,ERR,ERR,ERR,ERR,ERR,ERR,ERR,ERR,ERR,ERR,ERR,ERR,ERR,ERR,ERR,ERR,ERR,ERR,ERR,ERR,ERR,ERR,ERR,ERR,ERR,ERR,ERR,ERR,ERR,ERR,ERR,ERR,ERR,ERR,ERR,ERR,ERR,ERR,ERR,ERR,ERR,ERR,ERR,ERR,ERR,ERR,ERR,ERR,ERR,ERR,ERR,ERR,ERR,ERR,ERR,ERR,ERR,ERR,ERR,ERR,ERR,ERR,ERR,ERR,ERR,ERR,ERR,ERR,ERR,ERR,ERR,ERR,ERR,ERR,ERR,ERR,ERR,ERR,ERR,ERR,ERR,ERR,ERR,ERR,ERR,ERR,ERR,ERR,ERR,ERR,ERR,ERR,ERR,ERR,ERR,ERR,ERR,ERR,ERR,ERR,ERR,ERR,ERR,ERR,ERR,ERR,ERR,ERR,ERR,0.0,-2.7184527190102135e+23,-0.0,0.0,-0.062,-1.3837908467452394e+36,0.0,6.445,4300,0,8,17171,4300,0.0,41,0.0,0.0,0.0,0.0,0.0,0,0,0,0,0.0,0,0,0,0,0,0,0,0,0,0,0,0,0,0,0,0,0,0,0,0,0,0,0,0,0,0,0,0,0,0,0,0,0,8,37,37,45,65476,383,65476,1,0,4,21553,0.0,-0.0,0.0,0.0,0.0,0.0,0.0,0.0,0.0,0.0,0.0,0.0,0.0,0.0,0.0,0.0,0.0,0.0,0.0,0.0,0.0,2.004,2.004,0.0,0.0,0.0,0.0,0.0,0.0,0.0,6510.0,-0.0,0.0,0.0,-2.7184527190102135e+23,0.0,-0.0,0.0,0.0,2.004,2.004,228,4.0668540358038725e+29,152018253512704.0,0.0,0.0,0.0,0.0,0.0,0.0,0.0,0,0,0,0.0,7.757785709192151e+17,-0.0,-5.425169344399154e+37,-0.0,0.0,1.9756139715986758e+27,12938059448320.0,-0.0,-1.9047342694451707e+37,-20169443328.0,6.7669759438979e+22,0.0,15.017,0.0,3.4899529270760513e+31,0,1.3516416376850534e+27,228,0.0,456,0.0,0.0,2112,52429,17109,0,17112,52429,17095,0,0,0,101,100,100,0.0,66.6,0.0,67.4,-107615272.0,66.5,1,49,50,180,52429,52429,0,0,0.0,0.0,0.0,60.0,8.658619708997632e+17,71.0,0.0,-0.0,0.0,1069,0,1069,0,0,0,1069,0,1080,0,999,0,669,0,671,0,666,0,679,0.032,1.4609821306377965e+22,-2.004,-107615288.0,3984,16814,5.557801480477475e+18,-0.0,-0.0,-0.0,0.0,35232206848.0,50.0,60.0,35,0.0,0.0,10.0,2.0,0.0,0.0,0.0,0.0,0.0,0.0,0.0,0.0,0.0,0.0,0.0,0.0,59.2,26,34,1,27,65476,637,65476,1,0,4,20529,65476,0,0,30147,60.0,0.0,10.0,10.0,2.0,0.0
2026-02-16T12:56:44,ERR,ERR,ERR,ERR,ERR,ERR,ERR,ERR,ERR,ERR,ERR,ERR,ERR,ERR,ERR,ERR,ERR,ERR,ERR,ERR,ERR,ERR,ERR,ERR,ERR,ERR,ERR,ERR,ERR,ERR,ERR,ERR,ERR,ERR,ERR,ERR,ERR,ERR,ERR,ERR,ERR,ERR,ERR,ERR,ERR,ERR,ERR,ERR,ERR,ERR,ERR,ERR,ERR,ERR,ERR,ERR,ERR,ERR,ERR,ERR,ERR,ERR,ERR,ERR,ERR,ERR,ERR,ERR,ERR,ERR,ERR,ERR,ERR,ERR,ERR,ERR,ERR,ERR,ERR,ERR,ERR,ERR,ERR,ERR,ERR,ERR,ERR,ERR,ERR,ERR,ERR,ERR,ERR,ERR,ERR,ERR,ERR,ERR,ERR,ERR,ERR,ERR,ERR,ERR,ERR,ERR,ERR,ERR,ERR,ERR,ERR,ERR,ERR,ERR,ERR,ERR,ERR,ERR,ERR,ERR,ERR,ERR,ERR,ERR,ERR,0.0,-2.7184527190102135e+23,-0.0,0.0,-0.062,-1.3837908467452394e+36,0.0,6.445,4300,0,8,17171,4300,0.0,41,0.0,0.0,0.0,0.0,0.0,0,0,0,0,0.0,0,0,0,0,0,0,0,0,0,0,0,0,0,0,0,0,0,0,0,0,0,0,0,0,0,0,0,0,0,0,0,0,0,8,37,37,45,65476,383,65476,1,0,4,21553,0.0,-0.0,0.0,0.0,0.0,0.0,0.0,0.0,0.0,0.0,0.0,0.0,0.0,0.0,0.0,0.0,0.0,0.0,0.0,0.0,0.0,2.004,2.004,0.0,0.0,0.0,0.0,0.0,0.0,0.0,6510.0,-0.0,0.0,0.0,-2.7184527190102135e+23,0.0,-0.0,0.0,0.0,2.004,2.004,228,4.0668540358038725e+29,152018253512704.0,0.0,0.0,0.0,0.0,0.0,0.0,0.0,0,0,0,0.0,7.757785709192151e+17,-0.0,-5.425169344399154e+37,-0.0,0.0,1.9756139715986758e+27,12938059448320.0,-0.0,-1.9047342694451707e+37,-20169443328.0,6.7669759438979e+22,0.0,15.017,0.0,3.4899529270760513e+31,0,1.3516416376850534e+27,228,0.0,456,0.0,0.0,2112,52429,17109,0,17112,52429,17095,0,0,0,101,100,100,0.0,66.6,0.0,67.4,-107615272.0,66.5,1,49,50,180,52429,52429,0,0,0.0,0.0,0.0,60.0,62.565,71.0,0.0,nan,0.0,1069,0,1069,0,0,0,1069,0,1080,0,999,0,669,0,671,0,666,0,678,0.032,1.4536034330083127e+22,-0.0,-0.0,2960,16814,62.565,nan,0.0,-0.0,-0.0,0.0,50.0,60.0,35,0.0,0.0,10.0,2.0,0.0,0.0,0.0,0.0,0.0,0.0,0.0,0.0,0.0,0.0,0.0,0.0,59.2,26,34,1,27,65476,637,65476,1,0,4,20529,65476,0,0,30147,60.0,0.0,10.0,10.0,2.0,0.0
2026-02-16T12:56:45,ERR,ERR,ERR,ERR,ERR,ERR,ERR,ERR,ERR,ERR,ERR,ERR,ERR,ERR,ERR,ERR,ERR,ERR,ERR,ERR,ERR,ERR,ERR,ERR,ERR,ERR,ERR,ERR,ERR,ERR,ERR,ERR,ERR,ERR,ERR,ERR,ERR,ERR,ERR,ERR,ERR,ERR,ERR,ERR,ERR,ERR,ERR,ERR,ERR,ERR,ERR,ERR,ERR,ERR,ERR,ERR,ERR,ERR,ERR,ERR,ERR,ERR,ERR,ERR,ERR,ERR,ERR,ERR,ERR,ERR,ERR,ERR,ERR,ERR,ERR,ERR,ERR,ERR,ERR,ERR,ERR,ERR,ERR,ERR,ERR,ERR,ERR,ERR,ERR,ERR,ERR,ERR,ERR,ERR,ERR,ERR,ERR,ERR,ERR,ERR,ERR,ERR,ERR,ERR,ERR,ERR,ERR,ERR,ERR,ERR,ERR,ERR,ERR,ERR,ERR,ERR,ERR,ERR,ERR,ERR,ERR,ERR,ERR,ERR,ERR,0.0,-2.7184527190102135e+23,-0.0,0.0,-0.062,-1.3837908467452394e+36,0.0,6.445,4300,0,8,17171,4300,0.0,41,0.0,0.0,0.0,0.0,0.0,0,0,0,0,0.0,0,0,0,0,0,0,0,0,0,0,0,0,0,0,0,0,0,0,0,0,0,0,0,0,0,0,0,0,0,0,0,0,0,8,37,37,45,65476,383,65476,1,0,4,21553,0.0,-0.0,0.0,0.0,0.0,0.0,0.0,0.0,0.0,0.0,0.0,0.0,0.0,0.0,0.0,0.0,0.0,0.0,0.0,0.0,0.0,2.004,2.004,0.0,0.0,0.0,0.0,0.0,0.0,0.0,6510.0,-0.0,0.0,0.0,-2.7184527190102135e+23,0.0,-0.0,0.0,0.0,2.004,2.004,228,4.0668540358038725e+29,152018253512704.0,0.0,0.0,0.0,0.0,0.0,0.0,0.0,0,0,0,0.0,7.757785709192151e+17,-0.0,-5.425169344399154e+37,-0.0,0.0,1.9756139715986758e+27,12938059448320.0,-0.0,-1.9047342694451707e+37,-20169443328.0,6.7669759438979e+22,0.0,15.017,0.0,3.4899529270760513e+31,0,1.3516416376850534e+27,228,0.0,456,0.0,0.0,2112,52429,17109,0,17112,52429,17095,0,0,0,101,100,100,0.0,66.6,0.0,67.4,-107615272.0,66.5,1,49,50,180,52429,52429,0,0,0.0,0.0,0.0,60.0,62.565,71.0,0.0,nan,0.0,1069,0,1069,0,0,0,1069,0,1080,0,999,0,669,0,671,0,666,0,678,0.032,1.4536034330083127e+22,-0.0,-0.0,2960,16814,62.565,nan,0.0,-0.0,-0.0,0.0,50.0,60.0,35,0.0,0.0,10.0,2.0,0.0,0.0,0.0,0.0,0.0,0.0,0.0,0.0,0.0,0.0,0.0,0.0,58.8,25,36,3,27,65476,637,65476,1,0,4,20529,65476,0,0,30147,60.0,0.0,10.0,10.0,2.0,0.0
2026-02-16T12:56:46,ERR,ERR,ERR,ERR,ERR,ERR,ERR,ERR,ERR,ERR,ERR,ERR,ERR,ERR,ERR,ERR,ERR,ERR,ERR,ERR,ERR,ERR,ERR,ERR,ERR,ERR,ERR,ERR,ERR,ERR,ERR,ERR,ERR,ERR,ERR,ERR,ERR,ERR,ERR,ERR,ERR,ERR,ERR,ERR,ERR,ERR,ERR,ERR,ERR,ERR,ERR,ERR,ERR,ERR,ERR,ERR,ERR,ERR,ERR,ERR,ERR,ERR,ERR,ERR,ERR,ERR,ERR,ERR,ERR,ERR,ERR,ERR,ERR,ERR,ERR,ERR,ERR,ERR,ERR,ERR,ERR,ERR,ERR,ERR,ERR,ERR,ERR,ERR,ERR,ERR,ERR,ERR,ERR,ERR,ERR,ERR,ERR,ERR,ERR,ERR,ERR,ERR,ERR,ERR,ERR,ERR,ERR,ERR,ERR,ERR,ERR,ERR,ERR,ERR,ERR,ERR,ERR,ERR,ERR,ERR,ERR,ERR,ERR,ERR,ERR,0.0,-2.7184527190102135e+23,-0.0,0.0,-0.062,-0.0,-0.0,-0.0,4300,0,8,17171,4300,0.0,41,0.0,0.0,0.0,0.0,0.0,0,0,0,0,0.0,0,0,0,0,0,0,0,0,0,0,0,0,0,0,0,0,0,0,0,0,0,0,0,0,0,0,0,0,0,0,0,0,0,8,37,37,45,65476,382,65476,1,0,4,21553,0.0,0.0,0.0,0.0,0.0,0.0,0.0,0.0,0.0,0.0,0.0,0.0,0.0,0.0,0.0,0.0,0.0,0.0,0.0,0.0,0.0,2.004,2.004,0.0,0.0,0.0,0.0,0.0,0.0,0.0,6507.0,0.0,0.0,0.0,-2.7184527190102135e+23,0.0,-0.0,0.0,0.0,2.004,2.004,228,1.9056860945658675e+17,-2.7184276789962853e+23,0.0,0.0,0.0,0.0,0.0,0.0,0.0,0,0,0,-0.0,-0.028,0.0,-0.068,1.062206253776723e+20,-2.421277023062641e+21,0.0,-17.034,0.0,-2.0127340441026952e+37,-21780056064.0,7.1506682206310585e+22,0.0,15.767,0.0,8.484088203261786e+36,0,1.3516416376850534e+27,228,0.0,456,-621855232.0,-2.2165387396652623e+20,2112,52429,17109,0,17112,52429,17095,0,0,0,101,100,100,0.0,66.6,0.0,67.4,-107615272.0,66.5,1,49,50,180,52429,52429,0,0,0.0,0.0,0.0,60.0,62.565,71.0,0.0,nan,0.0,1069,0,1069,0,0,0,1069,0,1080,0,999,0,669,0,671,0,666,0,678,0.032,1.4536034330083127e+22,-0.0,-0.0,2960,16814,62.565,nan,0.0,-0.0,-0.0,0.0,50.0,60.0,35,0.0,0.0,10.0,2.0,0.0,0.0,0.0,0.0,0.0,0.0,0.0,0.0,0.0,0.0,0.0,0.0,58.8,24,36,4,27,65476,603,65476,1,0,4,20529,65476,0,0,30147,60.0,0.0,10.0,10.0,2.0,0.0
2026-02-16T12:56:47,ERR,ERR,ERR,ERR,ERR,ERR,ERR,ERR,ERR,ERR,ERR,ERR,ERR,ERR,ERR,ERR,ERR,ERR,ERR,ERR,ERR,ERR,ERR,ERR,ERR,ERR,ERR,ERR,ERR,ERR,ERR,ERR,ERR,ERR,ERR,ERR,ERR,ERR,ERR,ERR,ERR,ERR,ERR,ERR,ERR,ERR,ERR,ERR,ERR,ERR,ERR,ERR,ERR,ERR,ERR,ERR,ERR,ERR,ERR,ERR,ERR,ERR,ERR,ERR,ERR,ERR,ERR,ERR,ERR,ERR,ERR,ERR,ERR,ERR,ERR,ERR,ERR,ERR,ERR,ERR,ERR,ERR,ERR,ERR,ERR,ERR,ERR,ERR,ERR,ERR,ERR,ERR,ERR,ERR,ERR,ERR,ERR,ERR,ERR,ERR,ERR,ERR,ERR,ERR,ERR,ERR,ERR,ERR,ERR,ERR,ERR,ERR,ERR,ERR,ERR,ERR,ERR,ERR,ERR,ERR,ERR,ERR,ERR,ERR,ERR,0.0,-2.7184527190102135e+23,-0.0,0.0,-0.062,-0.0,-0.0,-0.0,4300,0,8,17171,4300,0.0,41,0.0,0.0,0.0,0.0,0.0,0,0,0,0,0.0,0,0,0,0,0,0,0,0,0,0,0,0,0,0,0,0,0,0,0,0,0,0,0,0,0,0,0,0,0,0,0,0,0,8,37,37,45,65476,382,65476,1,0,4,21553,0.0,0.0,0.0,0.0,0.0,0.0,0.0,0.0,0.0,0.0,0.0,0.0,0.0,0.0,0.0,0.0,0.0,0.0,0.0,0.0,0.0,2.004,2.004,0.0,0.0,0.0,0.0,0.0,0.0,0.0,6507.0,0.0,0.0,0.0,-2.7184527190102135e+23,0.0,-0.0,0.0,0.0,2.004,2.004,228,1.9056860945658675e+17,-2.7184276789962853e+23,0.0,0.0,0.0,0.0,0.0,0.0,0.0,0,0,0,-0.0,-0.028,0.0,-0.068,1.062206253776723e+20,-2.421277023062641e+21,0.0,-17.034,0.0,-2.0127340441026952e+37,-21780056064.0,7.1506682206310585e+22,0.0,15.767,0.0,8.484088203261786e+36,0,1.3516416376850534e+27,228,0.0,456,-621855232.0,-2.2165387396652623e+20,2112,52429,17109,0,17112,52429,17095,0,0,0,101,100,100,0.0,66.6,0.0,67.4,-107615272.0,66.5,1,49,50,180,52429,52429,0,0,0.0,0.0,0.0,60.0,62.565,71.0,0.0,nan,0.0,1069,0,1069,0,0,0,1069,0,1080,0,999,0,669,0,671,0,666,0,678,0.032,1.4536034330083127e+22,-0.0,-0.0,2960,16814,62.565,nan,0.0,-0.0,-0.0,0.0,50.0,60.0,35,0.0,0.0,10.0,2.0,0.0,0.0,0.0,0.0,0.0,0.0,0.0,0.0,0.0,0.0,0.0,0.0,58.8,24,36,4,27,65476,603,65476,1,0,4,20529,65476,0,0,30147,60.0,0.0,10.0,10.0,2.0,0.0
2026-02-16T12:56:48,ERR,ERR,ERR,ERR,ERR,ERR,ERR,ERR,ERR,ERR,ERR,ERR,ERR,ERR,ERR,ERR,ERR,ERR,ERR,ERR,ERR,ERR,ERR,ERR,ERR,ERR,ERR,ERR,ERR,ERR,ERR,ERR,ERR,ERR,ERR,ERR,ERR,ERR,ERR,ERR,ERR,ERR,ERR,ERR,ERR,ERR,ERR,ERR,ERR,ERR,ERR,ERR,ERR,ERR,ERR,ERR,ERR,ERR,ERR,ERR,ERR,ERR,ERR,ERR,ERR,ERR,ERR,ERR,ERR,ERR,ERR,ERR,ERR,ERR,ERR,ERR,ERR,ERR,ERR,ERR,ERR,ERR,ERR,ERR,ERR,ERR,ERR,ERR,ERR,ERR,ERR,ERR,ERR,ERR,ERR,ERR,ERR,ERR,ERR,ERR,ERR,ERR,ERR,ERR,ERR,ERR,ERR,ERR,ERR,ERR,ERR,ERR,ERR,ERR,ERR,ERR,ERR,ERR,ERR,ERR,ERR,ERR,ERR,ERR,ERR,0.0,-2.7184527190102135e+23,-0.0,0.0,-0.062,-0.0,-0.0,-0.0,4300,0,8,17171,4300,0.0,41,0.0,0.0,0.0,0.0,0.0,0,0,0,0,0.0,0,0,0,0,0,0,0,0,0,0,0,0,0,0,0,0,0,0,0,0,0,0,0,0,0,0,0,0,0,0,0,0,0,8,37,37,45,65476,382,65476,1,0,4,21553,0.0,0.0,0.0,0.0,0.0,0.0,0.0,0.0,0.0,0.0,0.0,0.0,0.0,0.0,0.0,0.0,0.0,0.0,0.0,0.0,0.0,2.004,2.004,0.0,0.0,0.0,0.0,0.0,0.0,0.0,6507.0,0.0,0.0,0.0,-2.7184527190102135e+23,0.0,-0.0,0.0,0.0,2.004,2.004,228,1.9056860945658675e+17,-2.7184276789962853e+23,0.0,0.0,0.0,0.0,0.0,0.0,0.0,0,0,0,-0.0,-0.028,0.0,-0.068,1.062206253776723e+20,-2.421277023062641e+21,0.0,-17.034,0.0,-2.0127340441026952e+37,-21780056064.0,7.1506682206310585e+22,0.0,15.767,0.0,8.484088203261786e+36,0,1.3516416376850534e+27,228,0.0,456,-621855232.0,-2.2165387396652623e+20,2112,52429,17109,0,17112,52429,17095,0,0,0,101,100,100,0.0,66.6,0.0,67.4,-107615272.0,66.5,1,49,50,180,52429,52429,0,0,0.0,0.0,0.0,60.0,254273036222464.0,71.0,0.0,-0.0,0.0,1069,0,1069,0,0,0,1069,0,1080,0,999,0,669,0,671,0,666,0,679,0.032,1.4609821306377965e+22,-0.0,-0.0,528,16814,24609.277,-1.4149560367518505e+36,-0.0,-0.0,0.0,7.943638314677919e+20,50.0,60.0,35,0.0,0.0,10.0,2.0,0.0,0.0,0.0,0.0,0.0,0.0,0.0,0.0,0.0,0.0,0.0,0.0,58.8,23,38,5,27,65476,603,65476,1,0,4,20529,65476,0,0,30147,60.0,0.0,10.0,10.0,2.0,0.0
2026-02-16T12:56:49,ERR,ERR,ERR,ERR,ERR,ERR,ERR,ERR,ERR,ERR,ERR,ERR,ERR,ERR,ERR,ERR,ERR,ERR,ERR,ERR,ERR,ERR,ERR,ERR,ERR,ERR,ERR,ERR,ERR,ERR,ERR,ERR,ERR,ERR,ERR,ERR,ERR,ERR,ERR,ERR,ERR,ERR,ERR,ERR,ERR,ERR,ERR,ERR,ERR,ERR,ERR,ERR,ERR,ERR,ERR,ERR,ERR,ERR,ERR,ERR,ERR,ERR,ERR,ERR,ERR,ERR,ERR,ERR,ERR,ERR,ERR,ERR,ERR,ERR,ERR,ERR,ERR,ERR,ERR,ERR,ERR,ERR,ERR,ERR,ERR,ERR,ERR,ERR,ERR,ERR,ERR,ERR,ERR,ERR,ERR,ERR,ERR,ERR,ERR,ERR,ERR,ERR,ERR,ERR,ERR,ERR,ERR,ERR,ERR,ERR,ERR,ERR,ERR,ERR,ERR,ERR,ERR,ERR,ERR,ERR,ERR,ERR,ERR,ERR,ERR,0.0,-2.7184527190102135e+23,-0.0,0.0,-0.062,-0.0,-0.0,-0.0,4300,0,8,17171,4300,0.0,41,0.0,0.0,0.0,0.0,0.0,0,0,0,0,0.0,0,0,0,0,0,0,0,0,0,0,0,0,0,0,0,0,0,0,0,0,0,0,0,0,0,0,0,0,0,0,0,0,0,8,37,37,45,65476,382,65476,1,0,4,21553,0.0,0.0,0.0,0.0,0.0,0.0,0.0,0.0,0.0,0.0,0.0,0.0,0.0,0.0,0.0,0.0,0.0,0.0,0.0,0.0,0.0,2.004,2.004,0.0,0.0,0.0,0.0,0.0,0.0,0.0,6507.0,0.0,0.0,0.0,-2.7184527190102135e+23,0.0,-0.0,0.0,0.0,2.004,2.004,228,1.9056860945658675e+17,-2.7184276789962853e+23,0.0,0.0,0.0,0.0,0.0,0.0,0.0,0,0,0,-0.0,-0.028,0.0,-0.068,1.062206253776723e+20,-2.421277023062641e+21,0.0,-17.034,0.0,-2.0127340441026952e+37,-21780056064.0,7.1506682206310585e+22,0.0,15.767,0.0,8.484088203261786e+36,0,1.3516416376850534e+27,228,0.0,456,-621855232.0,-2.2165387396652623e+20,2112,52429,17109,0,17112,52429,17095,0,0,0,101,100,100,0.0,66.6,0.0,67.4,-107615272.0,66.5,1,49,50,180,52429,52429,0,0,0.0,0.0,0.0,60.0,254273036222464.0,71.0,0.0,-0.0,0.0,1069,0,1069,0,0,0,1069,0,1080,0,999,0,669,0,671,0,666,0,679,0.032,1.4609821306377965e+22,-0.0,-0.0,528,16814,24609.277,-1.4149560367518505e+36,-0.0,-0.0,0.0,7.943638314677919e+20,50.0,60.0,35,0.0,0.0,10.0,2.0,0.0,0.0,0.0,0.0,0.0,0.0,0.0,0.0,0.0,0.0,0.0,0.0,58.8,22,38,6,27,65476,567,65476,1,0,4,20529,65476,0,0,30147,60.0,0.0,10.0,10.0,2.0,0.0
2026-02-16T12:56:50,ERR,ERR,ERR,ERR,ERR,ERR,ERR,ERR,ERR,ERR,ERR,ERR,ERR,ERR,ERR,ERR,ERR,ERR,ERR,ERR,ERR,ERR,ERR,ERR,ERR,ERR,ERR,ERR,ERR,ERR,ERR,ERR,ERR,ERR,ERR,ERR,ERR,ERR,ERR,ERR,ERR,ERR,ERR,ERR,ERR,ERR,ERR,ERR,ERR,ERR,ERR,ERR,ERR,ERR,ERR,ERR,ERR,ERR,ERR,ERR,ERR,ERR,ERR,ERR,ERR,ERR,ERR,ERR,ERR,ERR,ERR,ERR,ERR,ERR,ERR,ERR,ERR,ERR,ERR,ERR,ERR,ERR,ERR,ERR,ERR,ERR,ERR,ERR,ERR,ERR,ERR,ERR,ERR,ERR,ERR,ERR,ERR,ERR,ERR,ERR,ERR,ERR,ERR,ERR,ERR,ERR,ERR,ERR,ERR,ERR,ERR,ERR,ERR,ERR,ERR,ERR,ERR,ERR,ERR,ERR,ERR,ERR,ERR,ERR,ERR,0.0,-2.7184527190102135e+23,-0.0,0.0,-0.062,-0.0,-0.0,-0.0,4300,0,8,17171,4300,0.0,41,0.0,0.0,0.0,0.0,0.0,0,0,0,0,0.0,0,0,0,0,0,0,0,0,0,0,0,0,0,0,0,0,0,0,0,0,0,0,0,0,0,0,0,0,0,0,0,0,0,8,37,37,45,65476,382,65476,1,0,4,21553,0.0,0.0,0.0,0.0,0.0,0.0,0.0,0.0,0.0,0.0,0.0,0.0,0.0,0.0,0.0,0.0,0.0,0.0,0.0,0.0,0.0,2.004,2.004,0.0,0.0,0.0,0.0,0.0,0.0,0.0,6507.0,0.0,0.0,0.0,-2.7184527190102135e+23,0.0,-0.0,0.0,0.0,2.004,2.004,228,1.9056860945658675e+17,-2.7184276789962853e+23,0.0,0.0,0.0,0.0,0.0,0.0,0.0,0,0,0,-0.0,-0.028,0.0,-0.068,1.062206253776723e+20,-2.421277023062641e+21,0.0,-17.034,0.0,-2.0127340441026952e+37,-21780056064.0,7.1506682206310585e+22,0.0,15.767,0.0,8.484088203261786e+36,0,1.3516416376850534e+27,228,0.0,456,-621855232.0,-2.2165387396652623e+20,2112,52429,17109,0,17112,52429,17095,0,0,0,101,100,100,0.0,66.6,0.0,67.4,-107615272.0,66.5,1,49,50,180,52429,52429,0,0,0.0,0.0,0.0,60.0,254273036222464.0,71.0,0.0,-0.0,0.0,1069,0,1069,0,0,0,1069,0,1080,0,999,0,669,0,671,0,666,0,679,0.032,1.4609821306377965e+22,-0.0,-0.0,528,16814,24609.277,-1.4149560367518505e+36,-0.0,-0.0,0.0,7.943638314677919e+20,50.0,60.0,35,0.0,0.0,10.0,2.0,0.0,0.0,0.0,0.0,0.0,0.0,0.0,0.0,0.0,0.0,0.0,0.0,58.8,22,38,6,27,65476,567,65476,1,0,4,20529,65476,0,0,30147,60.0,0.0,10.0,10.0,2.0,0.0
2026-02-16T12:56:51,ERR,ERR,ERR,ERR,ERR,ERR,ERR,ERR,ERR,ERR,ERR,ERR,ERR,ERR,ERR,ERR,ERR,ERR,ERR,ERR,ERR,ERR,ERR,ERR,ERR,ERR,ERR,ERR,ERR,ERR,ERR,ERR,ERR,ERR,ERR,ERR,ERR,ERR,ERR,ERR,ERR,ERR,ERR,ERR,ERR,ERR,ERR,ERR,ERR,ERR,ERR,ERR,ERR,ERR,ERR,ERR,ERR,ERR,ERR,ERR,ERR,ERR,ERR,ERR,ERR,ERR,ERR,ERR,ERR,ERR,ERR,ERR,ERR,ERR,ERR,ERR,ERR,ERR,ERR,ERR,ERR,ERR,ERR,ERR,ERR,ERR,ERR,ERR,ERR,ERR,ERR,ERR,ERR,ERR,ERR,ERR,ERR,ERR,ERR,ERR,ERR,ERR,ERR,ERR,ERR,ERR,ERR,ERR,ERR,ERR,ERR,ERR,ERR,ERR,ERR,ERR,ERR,ERR,ERR,ERR,ERR,ERR,ERR,ERR,ERR,0.0,-2.7184527190102135e+23,-0.0,0.0,-0.062,19688708898816.0,0.0,-4.067145339130886e+23,4300,0,8,17171,4300,0.0,41,0.0,0.0,0.0,0.0,0.0,0,0,0,0,0.0,0,0,0,0,0,0,0,0,0,0,0,0,0,0,0,0,0,0,0,0,0,0,0,0,0,0,0,0,0,0,0,0,0,8,37,37,45,65476,380,65476,1,0,4,21553,0.0,-107610720.0,0.0,0.0,0.0,0.0,0.0,0.0,0.0,0.0,0.0,0.0,0.0,0.0,0.0,0.0,0.0,0.0,0.0,0.0,0.0,2.004,2.004,0.0,0.0,0.0,0.0,0.0,0.0,0.0,6471.0,0.0,0.0,0.0,-2.7184527190102135e+23,0.0,-0.0,0.0,0.0,2.004,2.004,227,0.059,126841004032.0,0.0,0.0,0.0,0.0,0.0,0.0,0.0,0,0,0,-0.0,0.0,0.0,-0.0,1034699430428672.0,39651300.0,0.0,1.9980082363137473e+34,-28871818.0,-2.1124261437865638e+37,-23659104256.0,7.571964203172873e+22,0.0,17.034,0.0,-11.765,0,1.3516416376850534e+27,228,0.0,456,2.40156025918058e+36,-0.235,2112,52429,17109,0,17112,52429,17095,0,0,0,101,100,100,0.0,66.6,0.0,67.4,-107615272.0,66.5,1,49,50,180,52429,52429,0,0,0.0,0.0,0.0,60.0,134283343691776.0,71.0,0.0,0.0,0.0,1069,0,1069,0,0,0,1069,0,1080,0,999,0,669,0,671,0,666,0,679,0.032,1.4609821306377965e+22,-2.004,-107615288.0,7952,16814,1691136661913600.0,0.0,-16922213089280.0,-2.5799674635667193e+35,9.454413471152722e+24,-0.0,50.0,60.0,35,0.0,0.0,10.0,2.0,0.0,0.0,0.0,0.0,0.0,0.0,0.0,0.0,0.0,0.0,0.0,0.0,58.8,22,38,6,27,65476,567,65476,1,0,4,20529,65476,0,0,30147,60.0,0.0,10.0,10.0,2.0,0.0
2026-02-16T12:56:52,ERR,ERR,ERR,ERR,ERR,ERR,ERR,ERR,ERR,ERR,ERR,ERR,ERR,ERR,ERR,ERR,ERR,ERR,ERR,ERR,ERR,ERR,ERR,ERR,ERR,ERR,ERR,ERR,ERR,ERR,ERR,ERR,ERR,ERR,ERR,ERR,ERR,ERR,ERR,ERR,ERR,ERR,ERR,ERR,ERR,ERR,ERR,ERR,ERR,ERR,ERR,ERR,ERR,ERR,ERR,ERR,ERR,ERR,ERR,ERR,ERR,ERR,ERR,ERR,ERR,ERR,ERR,ERR,ERR,ERR,ERR,ERR,ERR,ERR,ERR,ERR,ERR,ERR,ERR,ERR,ERR,ERR,ERR,ERR,ERR,ERR,ERR,ERR,ERR,ERR,ERR,ERR,ERR,ERR,ERR,ERR,ERR,ERR,ERR,ERR,ERR,ERR,ERR,ERR,ERR,ERR,ERR,ERR,ERR,ERR,ERR,ERR,ERR,ERR,ERR,ERR,ERR,ERR,ERR,ERR,ERR,ERR,ERR,ERR,ERR,0.0,-2.7184527190102135e+23,-0.0,0.0,-0.062,19688708898816.0,0.0,-4.067145339130886e+23,4300,0,8,17171,4300,0.0,41,0.0,0.0,0.0,0.0,0.0,0,0,0,0,0.0,0,0,0,0,0,0,0,0,0,0,0,0,0,0,0,0,0,0,0,0,0,0,0,0,0,0,0,0,0,0,0,0,0,8,37,37,45,65476,380,65476,1,0,4,21553,0.0,-107610720.0,0.0,0.0,0.0,0.0,0.0,0.0,0.0,0.0,0.0,0.0,0.0,0.0,0.0,0.0,0.0,0.0,0.0,0.0,0.0,2.004,2.004,0.0,0.0,0.0,0.0,0.0,0.0,0.0,6471.0,0.0,0.0,0.0,-2.7184527190102135e+23,0.0,-0.0,0.0,0.0,2.004,2.004,227,0.059,126841004032.0,0.0,0.0,0.0,0.0,0.0,0.0,0.0,0,0,0,-0.0,0.0,0.0,-0.0,1034699430428672.0,39651300.0,0.0,1.9980082363137473e+34,-28871818.0,-2.1124261437865638e+37,-23659104256.0,7.571964203172873e+22,0.0,17.034,0.0,-11.765,0,1.3516416376850534e+27,228,0.0,456,2.40156025918058e+36,-0.235,2112,52429,17109,0,17112,52429,17095,0,0,0,101,100,100,0.0,66.6,0.0,67.4,-107615272.0,66.5,1,49,50,180,52429,52429,0,0,0.0,0.0,0.0,60.0,134283343691776.0,71.0,0.0,0.0,0.0,1069,0,1069,0,0,0,1069,0,1080,0,999,0,669,0,671,0,666,0,679,0.032,1.4609821306377965e+22,-2.004,-107615288.0,7952,16814,1691136661913600.0,0.0,-16922213089280.0,-2.5799674635667193e+35,9.454413471152722e+24,-0.0,50.0,60.0,35,0.0,0.0,10.0,2.0,0.0,0.0,0.0,0.0,0.0,0.0,0.0,0.0,0.0,0.0,0.0,0.0,58.8,22,38,6,27,65476,567,65476,1,0,4,20529,65476,0,0,30147,60.0,0.0,10.0,10.0,2.0,0.0
2026-02-16T12:56:53,ERR,ERR,ERR,ERR,ERR,ERR,ERR,ERR,ERR,ERR,ERR,ERR,ERR,ERR,ERR,ERR,ERR,ERR,ERR,ERR,ERR,ERR,ERR,ERR,ERR,ERR,ERR,ERR,ERR,ERR,ERR,ERR,ERR,ERR,ERR,ERR,ERR,ERR,ERR,ERR,ERR,ERR,ERR,ERR,ERR,ERR,ERR,ERR,ERR,ERR,ERR,ERR,ERR,ERR,ERR,ERR,ERR,ERR,ERR,ERR,ERR,ERR,ERR,ERR,ERR,ERR,ERR,ERR,ERR,ERR,ERR,ERR,ERR,ERR,ERR,ERR,ERR,ERR,ERR,ERR,ERR,ERR,ERR,ERR,ERR,ERR,ERR,ERR,ERR,ERR,ERR,ERR,ERR,ERR,ERR,ERR,ERR,ERR,ERR,ERR,ERR,ERR,ERR,ERR,ERR,ERR,ERR,ERR,ERR,ERR,ERR,ERR,ERR,ERR,ERR,ERR,ERR,ERR,ERR,ERR,ERR,ERR,ERR,ERR,ERR,0.0,-2.7184527190102135e+23,-0.0,0.0,-0.062,19688708898816.0,0.0,-4.067145339130886e+23,4300,0,8,17171,4300,0.0,41,0.0,0.0,0.0,0.0,0.0,0,0,0,0,0.0,0,0,0,0,0,0,0,0,0,0,0,0,0,0,0,0,0,0,0,0,0,0,0,0,0,0,0,0,0,0,0,0,0,8,37,37,45,65476,380,65476,1,0,4,21553,0.0,-107610720.0,0.0,0.0,0.0,0.0,0.0,0.0,0.0,0.0,0.0,0.0,0.0,0.0,0.0,0.0,0.0,0.0,0.0,0.0,0.0,2.004,2.004,0.0,0.0,0.0,0.0,0.0,0.0,0.0,6471.0,0.0,0.0,0.0,-2.7184527190102135e+23,0.0,-0.0,0.0,0.0,2.004,2.004,227,0.059,126841004032.0,0.0,0.0,0.0,0.0,0.0,0.0,0.0,0,0,0,-0.0,0.0,0.0,-0.0,1034699430428672.0,39651300.0,0.0,1.9980082363137473e+34,-28871818.0,-2.1124261437865638e+37,-23659104256.0,7.571964203172873e+22,0.0,17.034,0.0,-11.765,0,1.3516416376850534e+27,228,0.0,456,2.40156025918058e+36,-0.235,2112,52429,17109,0,17112,52429,17095,0,0,0,101,100,100,0.0,66.6,0.0,67.4,-107615272.0,66.5,1,49,50,180,52429,52429,0,0,0.0,0.0,0.0,60.0,134283343691776.0,71.0,0.0,0.0,0.0,1069,0,1069,0,0,0,1069,0,1080,0,999,0,669,0,671,0,666,0,679,0.032,1.4609821306377965e+22,-2.004,-107615288.0,7952,16814,1691136661913600.0,0.0,-16922213089280.0,-2.5799674635667193e+35,9.454413471152722e+24,-0.0,50.0,60.0,35,0.0,0.0,10.0,2.0,0.0,0.0,0.0,0.0,0.0,0.0,0.0,0.0,0.0,0.0,0.0,0.0,59.2,22,38,6,27,65476,551,65476,1,0,4,20529,65476,0,0,30147,60.0,0.0,10.0,10.0,2.0,0.0
2026-02-16T12:56:54,ERR,ERR,ERR,ERR,ERR,ERR,ERR,ERR,ERR,ERR,ERR,ERR,ERR,ERR,ERR,ERR,ERR,ERR,ERR,ERR,ERR,ERR,ERR,ERR,ERR,ERR,ERR,ERR,ERR,ERR,ERR,ERR,ERR,ERR,ERR,ERR,ERR,ERR,ERR,ERR,ERR,ERR,ERR,ERR,ERR,ERR,ERR,ERR,ERR,ERR,ERR,ERR,ERR,ERR,ERR,ERR,ERR,ERR,ERR,ERR,ERR,ERR,ERR,ERR,ERR,ERR,ERR,ERR,ERR,ERR,ERR,ERR,ERR,ERR,ERR,ERR,ERR,ERR,ERR,ERR,ERR,ERR,ERR,ERR,ERR,ERR,ERR,ERR,ERR,ERR,ERR,ERR,ERR,ERR,ERR,ERR,ERR,ERR,ERR,ERR,ERR,ERR,ERR,ERR,ERR,ERR,ERR,ERR,ERR,ERR,ERR,ERR,ERR,ERR,ERR,ERR,ERR,ERR,ERR,ERR,ERR,ERR,ERR,ERR,ERR,0.0,-2.7184527190102135e+23,-0.0,0.0,-0.062,19688708898816.0,0.0,-4.067145339130886e+23,4300,0,8,17171,4300,0.0,41,0.0,0.0,0.0,0.0,0.0,0,0,0,0,0.0,0,0,0,0,0,0,0,0,0,0,0,0,0,0,0,0,0,0,0,0,0,0,0,0,0,0,0,0,0,0,0,0,0,8,37,37,45,65476,380,65476,1,0,4,21553,0.0,-107610720.0,0.0,0.0,0.0,0.0,0.0,0.0,0.0,0.0,0.0,0.0,0.0,0.0,0.0,0.0,0.0,0.0,0.0,0.0,0.0,2.004,2.004,0.0,0.0,0.0,0.0,0.0,0.0,0.0,6471.0,0.0,0.0,0.0,-2.7184527190102135e+23,0.0,-0.0,0.0,0.0,2.004,2.004,227,0.059,126841004032.0,0.0,0.0,0.0,0.0,0.0,0.0,0.0,0,0,0,-0.0,0.0,0.0,-0.0,1034699430428672.0,39651300.0,0.0,1.9980082363137473e+34,-28871818.0,-2.1124261437865638e+37,-23659104256.0,7.571964203172873e+22,0.0,17.034,0.0,-11.765,0,1.3516416376850534e+27,228,0.0,456,2.40156025918058e+36,-0.235,2112,52429,17109,0,17112,52429,17095,0,0,0,101,100,100,0.0,66.6,0.0,67.4,-107615272.0,66.5,1,49,50,180,52429,52429,0,0,0.0,0.0,0.0,60.0,2.6842891940337287e+19,71.0,0.0,0.0,0.0,1069,0,1069,0,0,0,1069,0,1080,0,999,0,669,0,671,0,666,0,680,0.032,1.4536034330083127e+22,-2.004,-107615288.0,13712,16814,2.6842891940337287e+19,0.0,-2.980766947359357e+25,-4184.111,-0.0,-0.0,50.0,60.0,35,0.0,0.0,10.0,2.0,0.0,0.0,0.0,0.0,0.0,0.0,0.0,0.0,0.0,0.0,0.0,0.0,59.2,22,38,6,27,65476,551,65476,1,0,4,20529,65476,0,0,30147,60.0,0.0,10.0,10.0,2.0,0.0
2026-02-16T12:56:55,ERR,ERR,ERR,ERR,ERR,ERR,ERR,ERR,ERR,ERR,ERR,ERR,ERR,ERR,ERR,ERR,ERR,ERR,ERR,ERR,ERR,ERR,ERR,ERR,ERR,ERR,ERR,ERR,ERR,ERR,ERR,ERR,ERR,ERR,ERR,ERR,ERR,ERR,ERR,ERR,ERR,ERR,ERR,ERR,ERR,ERR,ERR,ERR,ERR,ERR,ERR,ERR,ERR,ERR,ERR,ERR,ERR,ERR,ERR,ERR,ERR,ERR,ERR,ERR,ERR,ERR,ERR,ERR,ERR,ERR,ERR,ERR,ERR,ERR,ERR,ERR,ERR,ERR,ERR,ERR,ERR,ERR,ERR,ERR,ERR,ERR,ERR,ERR,ERR,ERR,ERR,ERR,ERR,ERR,ERR,ERR,ERR,ERR,ERR,ERR,ERR,ERR,ERR,ERR,ERR,ERR,ERR,ERR,ERR,ERR,ERR,ERR,ERR,ERR,ERR,ERR,ERR,ERR,ERR,ERR,ERR,ERR,ERR,ERR,ERR,0.0,-2.7184527190102135e+23,-0.0,0.0,-0.062,19688708898816.0,0.0,-4.067145339130886e+23,4300,0,8,17171,4300,0.0,41,0.0,0.0,0.0,0.0,0.0,0,0,0,0,0.0,0,0,0,0,0,0,0,0,0,0,0,0,0,0,0,0,0,0,0,0,0,0,0,0,0,0,0,0,0,0,0,0,0,8,37,37,45,65476,380,65476,1,0,4,21553,0.0,-107610720.0,0.0,0.0,0.0,0.0,0.0,0.0,0.0,0.0,0.0,0.0,0.0,0.0,0.0,0.0,0.0,0.0,0.0,0.0,0.0,2.004,2.004,0.0,0.0,0.0,0.0,0.0,0.0,0.0,6471.0,0.0,0.0,0.0,-2.7184527190102135e+23,0.0,-0.0,0.0,0.0,2.004,2.004,227,0.059,126841004032.0,0.0,0.0,0.0,0.0,0.0,0.0,0.0,0,0,0,-0.0,0.0,0.0,-0.0,1034699430428672.0,39651300.0,0.0,1.9980082363137473e+34,-28871818.0,-2.1124261437865638e+37,-23659104256.0,7.571964203172873e+22,0.0,17.034,0.0,-11.765,0,1.3516416376850534e+27,228,0.0,456,2.40156025918058e+36,-0.235,2112,52429,17109,0,17112,52429,17095,0,0,0,101,100,100,0.0,66.6,0.0,67.4,-107615272.0,66.5,1,49,50,180,52429,52429,0,0,0.0,0.0,0.0,60.0,2.6842891940337287e+19,71.0,0.0,0.0,0.0,1069,0,1069,0,0,0,1069,0,1080,0,999,0,669,0,671,0,666,0,680,0.032,1.4536034330083127e+22,-2.004,-107615288.0,13712,16814,2.6842891940337287e+19,0.0,-2.980766947359357e+25,-4184.111,-0.0,-0.0,50.0,60.0,35,0.0,0.0,10.0,2.0,0.0,0.0,0.0,0.0,0.0,0.0,0.0,0.0,0.0,0.0,0.0,0.0,58.8,22,38,5,27,65476,562,65476,1,0,4,20529,65476,0,0,30147,60.0,0.0,10.0,10.0,2.0,0.0
2026-02-16T12:56:56,ERR,ERR,ERR,ERR,ERR,ERR,ERR,ERR,ERR,ERR,ERR,ERR,ERR,ERR,ERR,ERR,ERR,ERR,ERR,ERR,ERR,ERR,ERR,ERR,ERR,ERR,ERR,ERR,ERR,ERR,ERR,ERR,ERR,ERR,ERR,ERR,ERR,ERR,ERR,ERR,ERR,ERR,ERR,ERR,ERR,ERR,ERR,ERR,ERR,ERR,ERR,ERR,ERR,ERR,ERR,ERR,ERR,ERR,ERR,ERR,ERR,ERR,ERR,ERR,ERR,ERR,ERR,ERR,ERR,ERR,ERR,ERR,ERR,ERR,ERR,ERR,ERR,ERR,ERR,ERR,ERR,ERR,ERR,ERR,ERR,ERR,ERR,ERR,ERR,ERR,ERR,ERR,ERR,ERR,ERR,ERR,ERR,ERR,ERR,ERR,ERR,ERR,ERR,ERR,ERR,ERR,ERR,ERR,ERR,ERR,ERR,ERR,ERR,ERR,ERR,ERR,ERR,ERR,ERR,ERR,ERR,ERR,ERR,ERR,ERR,0.0,-2.7184527190102135e+23,-0.0,0.0,-0.062,5.793527669516371e+20,0.0,-1.275435635703808e+16,4300,0,8,17171,4300,0.0,41,0.0,0.0,0.0,0.0,0.0,0,0,0,0,0.0,0,0,0,0,0,0,0,0,0,0,0,0,0,0,0,0,0,0,0,0,0,0,0,0,0,0,0,0,0,0,0,0,0,9,37,36,45,65476,380,65476,1,0,4,21553,0.0,-107610720.0,0.0,0.0,0.0,0.0,0.0,0.0,0.0,0.0,0.0,0.0,0.0,0.0,0.0,0.0,0.0,0.0,0.0,0.0,0.0,2.004,2.004,2.004,0.0,0.0,0.0,0.0,0.0,0.0,6439.0,1.5879378533739454e+29,0.0,0.0,-2.7184527190102135e+23,0.0,-0.0,0.0,0.0,2.004,2.004,227,0.059,-3.22202342759713e+26,0.0,0.0,0.0,0.0,0.0,0.0,0.0,0,0,0,-0.0,-8.635725468976871e+20,0.0,0.0,282.527,-1.424,-848993.0,-0.0,-0.0,-2.314087043632311e+37,-25135499264.0,8.221289594567449e+22,0.0,18.534,0.0,1.2266645248808377e+36,0,1.3516416376850534e+27,228,0.0,456,2.40156025918058e+36,-0.235,2112,52429,17109,0,17112,52429,17095,0,0,0,101,100,100,0.0,66.6,0.0,67.4,-107615272.0,66.5,1,49,50,180,52429,52429,0,0,0.0,0.0,0.0,60.0,2.6842891940337287e+19,71.0,0.0,0.0,0.0,1069,0,1069,0,0,0,1069,0,1080,0,999,0,669,0,671,0,666,0,680,0.032,1.4536034330083127e+22,-2.004,-107615288.0,13712,16814,2.6842891940337287e+19,0.0,-2.980766947359357e+25,-4184.111,-0.0,-0.0,50.0,60.0,35,0.0,0.0,10.0,2.0,0.0,0.0,0.0,0.0,0.0,0.0,0.0,0.0,0.0,0.0,0.0,0.0,58.8,23,37,5,27,65476,562,65476,1,0,4,20529,65476,0,0,30147,60.0,0.0,10.0,10.0,2.0,0.0
2026-02-16T12:56:57,ERR,ERR,ERR,ERR,ERR,ERR,ERR,ERR,ERR,ERR,ERR,ERR,ERR,ERR,ERR,ERR,ERR,ERR,ERR,ERR,ERR,ERR,ERR,ERR,ERR,ERR,ERR,ERR,ERR,ERR,ERR,ERR,ERR,ERR,ERR,ERR,ERR,ERR,ERR,ERR,ERR,ERR,ERR,ERR,ERR,ERR,ERR,ERR,ERR,ERR,ERR,ERR,ERR,ERR,ERR,ERR,ERR,ERR,ERR,ERR,ERR,ERR,ERR,ERR,ERR,ERR,ERR,ERR,ERR,ERR,ERR,ERR,ERR,ERR,ERR,ERR,ERR,ERR,ERR,ERR,ERR,ERR,ERR,ERR,ERR,ERR,ERR,ERR,ERR,ERR,ERR,ERR,ERR,ERR,ERR,ERR,ERR,ERR,ERR,ERR,ERR,ERR,ERR,ERR,ERR,ERR,ERR,ERR,ERR,ERR,ERR,ERR,ERR,ERR,ERR,ERR,ERR,ERR,ERR,ERR,ERR,ERR,ERR,ERR,ERR,0.0,-2.7184527190102135e+23,-0.0,0.0,-0.062,5.793527669516371e+20,0.0,-1.275435635703808e+16,4300,0,8,17171,4300,0.0,41,0.0,0.0,0.0,0.0,0.0,0,0,0,0,0.0,0,0,0,0,0,0,0,0,0,0,0,0,0,0,0,0,0,0,0,0,0,0,0,0,0,0,0,0,0,0,0,0,0,9,37,36,45,65476,380,65476,1,0,4,21553,0.0,-107610720.0,0.0,0.0,0.0,0.0,0.0,0.0,0.0,0.0,0.0,0.0,0.0,0.0,0.0,0.0,0.0,0.0,0.0,0.0,0.0,2.004,2.004,2.004,0.0,0.0,0.0,0.0,0.0,0.0,6439.0,1.5879378533739454e+29,0.0,0.0,-2.7184527190102135e+23,0.0,-0.0,0.0,0.0,2.004,2.004,227,0.059,-3.22202342759713e+26,0.0,0.0,0.0,0.0,0.0,0.0,0.0,0,0,0,-0.0,-8.635725468976871e+20,0.0,0.0,282.527,-1.424,-848993.0,-0.0,-0.0,-2.314087043632311e+37,-25135499264.0,8.221289594567449e+22,0.0,18.534,0.0,1.2266645248808377e+36,0,1.3516416376850534e+27,228,0.0,456,2.40156025918058e+36,-0.235,2112,52429,17109,0,17112,52429,17095,0,0,0,101,100,100,0.0,66.6,0.0,67.4,-107615272.0,66.5,1,49,50,180,52429,52429,0,0,0.0,0.0,0.0,60.0,2.6842891940337287e+19,71.0,0.0,0.0,0.0,1069,0,1069,0,0,0,1069,0,1080,0,999,0,669,0,671,0,666,0,680,0.032,1.4536034330083127e+22,-2.004,-107615288.0,13712,16814,2.6842891940337287e+19,0.0,-2.980766947359357e+25,-4184.111,-0.0,-0.0,50.0,60.0,35,0.0,0.0,10.0,2.0,0.0,0.0,0.0,0.0,0.0,0.0,0.0,0.0,0.0,0.0,0.0,0.0,58.8,23,37,5,27,65476,562,65476,1,0,4,20529,65476,0,0,30147,60.0,0.0,10.0,10.0,2.0,0.0
2026-02-16T12:56:58,ERR,ERR,ERR,ERR,ERR,ERR,ERR,ERR,ERR,ERR,ERR,ERR,ERR,ERR,ERR,ERR,ERR,ERR,ERR,ERR,ERR,ERR,ERR,ERR,ERR,ERR,ERR,ERR,ERR,ERR,ERR,ERR,ERR,ERR,ERR,ERR,ERR,ERR,ERR,ERR,ERR,ERR,ERR,ERR,ERR,ERR,ERR,ERR,ERR,ERR,ERR,ERR,ERR,ERR,ERR,ERR,ERR,ERR,ERR,ERR,ERR,ERR,ERR,ERR,ERR,ERR,ERR,ERR,ERR,ERR,ERR,ERR,ERR,ERR,ERR,ERR,ERR,ERR,ERR,ERR,ERR,ERR,ERR,ERR,ERR,ERR,ERR,ERR,ERR,ERR,ERR,ERR,ERR,ERR,ERR,ERR,ERR,ERR,ERR,ERR,ERR,ERR,ERR,ERR,ERR,ERR,ERR,ERR,ERR,ERR,ERR,ERR,ERR,ERR,ERR,ERR,ERR,ERR,ERR,ERR,ERR,ERR,ERR,ERR,ERR,0.0,-2.7184527190102135e+23,-0.0,0.0,-0.062,5.793527669516371e+20,0.0,-1.275435635703808e+16,4300,0,8,17171,4300,0.0,41,0.0,0.0,0.0,0.0,0.0,0,0,0,0,0.0,0,0,0,0,0,0,0,0,0,0,0,0,0,0,0,0,0,0,0,0,0,0,0,0,0,0,0,0,0,0,0,0,0,9,37,36,45,65476,380,65476,1,0,4,21553,0.0,-107610720.0,0.0,0.0,0.0,0.0,0.0,0.0,0.0,0.0,0.0,0.0,0.0,0.0,0.0,0.0,0.0,0.0,0.0,0.0,0.0,2.004,2.004,2.004,0.0,0.0,0.0,0.0,0.0,0.0,6439.0,1.5879378533739454e+29,0.0,0.0,-2.7184527190102135e+23,0.0,-0.0,0.0,0.0,2.004,2.004,227,0.059,-3.22202342759713e+26,0.0,0.0,0.0,0.0,0.0,0.0,0.0,0,0,0,-0.0,-8.635725468976871e+20,0.0,0.0,282.527,-1.424,-848993.0,-0.0,-0.0,-2.314087043632311e+37,-25135499264.0,8.221289594567449e+22,0.0,18.534,0.0,1.2266645248808377e+36,0,1.3516416376850534e+27,228,0.0,456,2.40156025918058e+36,-0.235,2112,52429,17109,0,17112,52429,17095,0,0,0,101,100,100,0.0,66.6,0.0,67.4,-107615272.0,66.5,1,49,50,180,52429,52429,0,0,0.0,0.0,0.0,60.0,7.89862919926449e+23,71.0,0.0,-0.0,0.0,1069,0,1069,0,0,0,1069,0,1080,0,999,0,669,0,671,0,667,0,680,0.032,1.4536034330083127e+22,0.0,0.0,60688,16813,137718104064.0,-0.0,-0.0,-42432.891,0.0,6397958.5,50.0,60.0,35,0.0,0.0,10.0,2.0,0.0,0.0,0.0,0.0,0.0,0.0,0.0,0.0,0.0,0.0,0.0,0.0,58.8,23,37,4,27,65476,584,65476,1,0,4,20529,65476,0,0,30147,60.0,0.0,10.0,10.0,2.0,0.0
2026-02-16T12:56:59,ERR,ERR,ERR,ERR,ERR,ERR,ERR,ERR,ERR,ERR,ERR,ERR,ERR,ERR,ERR,ERR,ERR,ERR,ERR,ERR,ERR,ERR,ERR,ERR,ERR,ERR,ERR,ERR,ERR,ERR,ERR,ERR,ERR,ERR,ERR,ERR,ERR,ERR,ERR,ERR,ERR,ERR,ERR,ERR,ERR,ERR,ERR,ERR,ERR,ERR,ERR,ERR,ERR,ERR,ERR,ERR,ERR,ERR,ERR,ERR,ERR,ERR,ERR,ERR,ERR,ERR,ERR,ERR,ERR,ERR,ERR,ERR,ERR,ERR,ERR,ERR,ERR,ERR,ERR,ERR,ERR,ERR,ERR,ERR,ERR,ERR,ERR,ERR,ERR,ERR,ERR,ERR,ERR,ERR,ERR,ERR,ERR,ERR,ERR,ERR,ERR,ERR,ERR,ERR,ERR,ERR,ERR,ERR,ERR,ERR,ERR,ERR,ERR,ERR,ERR,ERR,ERR,ERR,ERR,ERR,ERR,ERR,ERR,ERR,ERR,0.0,-2.7184527190102135e+23,-0.0,0.0,-0.062,5.793527669516371e+20,0.0,-1.275435635703808e+16,4300,0,8,17171,4300,0.0,41,0.0,0.0,0.0,0.0,0.0,0,0,0,0,0.0,0,0,0,0,0,0,0,0,0,0,0,0,0,0,0,0,0,0,0,0,0,0,0,0,0,0,0,0,0,0,0,0,0,9,37,36,45,65476,380,65476,1,0,4,21553,0.0,-107610720.0,0.0,0.0,0.0,0.0,0.0,0.0,0.0,0.0,0.0,0.0,0.0,0.0,0.0,0.0,0.0,0.0,0.0,0.0,0.0,2.004,2.004,2.004,0.0,0.0,0.0,0.0,0.0,0.0,6439.0,1.5879378533739454e+29,0.0,0.0,-2.7184527190102135e+23,0.0,-0.0,0.0,0.0,2.004,2.004,227,0.059,-3.22202342759713e+26,0.0,0.0,0.0,0.0,0.0,0.0,0.0,0,0,0,-0.0,-8.635725468976871e+20,0.0,0.0,282.527,-1.424,-848993.0,-0.0,-0.0,-2.314087043632311e+37,-25135499264.0,8.221289594567449e+22,0.0,18.534,0.0,1.2266645248808377e+36,0,1.3516416376850534e+27,228,0.0,456,2.40156025918058e+36,-0.235,2112,52429,17109,0,17112,52429,17095,0,0,0,101,100,100,0.0,66.6,0.0,67.4,-107615272.0,66.5,1,49,50,180,52429,52429,0,0,0.0,0.0,0.0,60.0,7.89862919926449e+23,71.0,0.0,-0.0,0.0,1069,0,1069,0,0,0,1069,0,1080,0,999,0,669,0,671,0,667,0,680,0.032,1.4536034330083127e+22,0.0,0.0,60688,16813,137718104064.0,-0.0,-0.0,-42432.891,0.0,6397958.5,50.0,60.0,35,0.0,0.0,10.0,2.0,0.0,0.0,0.0,0.0,0.0,0.0,0.0,0.0,0.0,0.0,0.0,0.0,59.2,24,36,4,27,65476,584,65476,1,0,4,20529,65476,0,0,30147,60.0,0.0,10.0,10.0,2.0,0.0
2026-02-16T12:57:00,ERR,ERR,ERR,ERR,ERR,ERR,ERR,ERR,ERR,ERR,ERR,ERR,ERR,ERR,ERR,ERR,ERR,ERR,ERR,ERR,ERR,ERR,ERR,ERR,ERR,ERR,ERR,ERR,ERR,ERR,ERR,ERR,ERR,ERR,ERR,ERR,ERR,ERR,ERR,ERR,ERR,ERR,ERR,ERR,ERR,ERR,ERR,ERR,ERR,ERR,ERR,ERR,ERR,ERR,ERR,ERR,ERR,ERR,ERR,ERR,ERR,ERR,ERR,ERR,ERR,ERR,ERR,ERR,ERR,ERR,ERR,ERR,ERR,ERR,ERR,ERR,ERR,ERR,ERR,ERR,ERR,ERR,ERR,ERR,ERR,ERR,ERR,ERR,ERR,ERR,ERR,ERR,ERR,ERR,ERR,ERR,ERR,ERR,ERR,ERR,ERR,ERR,ERR,ERR,ERR,ERR,ERR,ERR,ERR,ERR,ERR,ERR,ERR,ERR,ERR,ERR,ERR,ERR,ERR,ERR,ERR,ERR,ERR,ERR,ERR,0.0,-2.7184527190102135e+23,-0.0,0.0,-0.062,1.4369534643273728e+17,0.0,-5.28183043907314e+19,4300,0,8,17171,4300,0.0,41,0.0,0.0,0.0,0.0,0.0,0,0,0,0,0.0,0,0,0,0,0,0,0,0,0,0,0,0,0,0,0,0,0,0,0,0,0,0,0,0,0,0,0,0,0,0,0,0,0,9,37,36,45,65476,380,65476,1,0,4,21553,0.0,0.0,0.0,0.0,0.0,0.0,0.0,0.0,0.0,0.0,0.0,0.0,0.0,0.0,0.0,0.0,0.0,0.0,0.0,0.0,0.0,2.004,2.004,0.0,-3.697074863047967e+19,-3.697075742657269e+19,0.0,0.0,0.0,0.0,6402.0,564148786167808.0,0.0,0.0,0.0,-107616248.0,-0.0,0.0,0.0,2.004,2.004,228,0.0,0.0,0.0,0.0,0.0,0.0,0.0,0.0,0.0,0,0,0,-0.372,0.0,0.0,-1.832959463876254e+23,365617110581248.0,152313728.0,-0.0,0.0,0.0,-2.5134712430000485e+37,-27014547456.0,9.047703729069637e+22,0.0,19.909,0.0,-0.172,0,1.3516416376850534e+27,228,0.0,456,0.0,-0.0,2112,52429,17109,0,17112,52429,17095,0,0,0,101,100,100,0.0,66.6,0.0,67.4,-107615272.0,66.5,1,49,50,180,52429,52429,0,0,0.0,0.0,0.0,60.0,7.89862919926449e+23,71.0,0.0,-0.0,0.0,1069,0,1069,0,0,0,1069,0,1080,0,999,0,669,0,671,0,667,0,680,0.032,1.4536034330083127e+22,0.0,0.0,60688,16813,137718104064.0,-0.0,-0.0,-42432.891,0.0,6397958.5,50.0,60.0,35,0.0,0.0,10.0,2.0,0.0,0.0,0.0,0.0,0.0,0.0,0.0,0.0,0.0,0.0,0.0,0.0,59.2,24,36,4,27,65476,584,65476,1,0,4,20529,65476,0,0,30147,60.0,0.0,10.0,10.0,2.0,0.0
2026-02-16T12:57:01,ERR,ERR,ERR,ERR,ERR,ERR,ERR,ERR,ERR,ERR,ERR,ERR,ERR,ERR,ERR,ERR,ERR,ERR,ERR,ERR,ERR,ERR,ERR,ERR,ERR,ERR,ERR,ERR,ERR,ERR,ERR,ERR,ERR,ERR,ERR,ERR,ERR,ERR,ERR,ERR,ERR,ERR,ERR,ERR,ERR,ERR,ERR,ERR,ERR,ERR,ERR,ERR,ERR,ERR,ERR,ERR,ERR,ERR,ERR,ERR,ERR,ERR,ERR,ERR,ERR,ERR,ERR,ERR,ERR,ERR,ERR,ERR,ERR,ERR,ERR,ERR,ERR,ERR,ERR,ERR,ERR,ERR,ERR,ERR,ERR,ERR,ERR,ERR,ERR,ERR,ERR,ERR,ERR,ERR,ERR,ERR,ERR,ERR,ERR,ERR,ERR,ERR,ERR,ERR,ERR,ERR,ERR,ERR,ERR,ERR,ERR,ERR,ERR,ERR,ERR,ERR,ERR,ERR,ERR,ERR,ERR,ERR,ERR,ERR,ERR,0.0,-2.7184527190102135e+23,-0.0,0.0,-0.062,1.4369534643273728e+17,0.0,-5.28183043907314e+19,4300,0,8,17171,4300,0.0,41,0.0,0.0,0.0,0.0,0.0,0,0,0,0,0.0,0,0,0,0,0,0,0,0,0,0,0,0,0,0,0,0,0,0,0,0,0,0,0,0,0,0,0,0,0,0,0,0,0,9,37,36,45,65476,380,65476,1,0,4,21553,0.0,0.0,0.0,0.0,0.0,0.0,0.0,0.0,0.0,0.0,0.0,0.0,0.0,0.0,0.0,0.0,0.0,0.0,0.0,0.0,0.0,2.004,2.004,0.0,-3.697074863047967e+19,-3.697075742657269e+19,0.0,0.0,0.0,0.0,6402.0,564148786167808.0,0.0,0.0,0.0,-107616248.0,-0.0,0.0,0.0,2.004,2.004,228,0.0,0.0,0.0,0.0,0.0,0.0,0.0,0.0,0.0,0,0,0,-0.372,0.0,0.0,-1.832959463876254e+23,365617110581248.0,152313728.0,-0.0,0.0,0.0,-2.5134712430000485e+37,-27014547456.0,9.047703729069637e+22,0.0,19.909,0.0,-0.172,0,1.3516416376850534e+27,228,0.0,456,0.0,-0.0,2112,52429,17109,0,17112,52429,17095,0,0,0,101,100,100,0.0,66.6,0.0,67.4,-107615272.0,66.5,1,49,50,180,52429,52429,0,0,0.0,0.0,0.0,60.0,0.0,71.0,0.0,-2353093632.0,0.0,1069,0,1069,0,0,0,1069,0,1080,0,999,0,669,0,671,0,666,0,680,0.032,1.4609821306377965e+22,0.0,0.0,16,16814,0.0,-2353093632.0,2.564949315210445e+16,0.0,-4.623401727138202e+16,0.0,50.0,60.0,35,0.0,0.0,10.0,2.0,0.0,0.0,0.0,0.0,0.0,0.0,0.0,0.0,0.0,0.0,0.0,0.0,58.8,24,36,3,27,65476,622,65476,1,0,4,20529,65476,0,0,30147,60.0,0.0,10.0,10.0,2.0,0.0
2026-02-16T12:57:02,ERR,ERR,ERR,ERR,ERR,ERR,ERR,ERR,ERR,ERR,ERR,ERR,ERR,ERR,ERR,ERR,ERR,ERR,ERR,ERR,ERR,ERR,ERR,ERR,ERR,ERR,ERR,ERR,ERR,ERR,ERR,ERR,ERR,ERR,ERR,ERR,ERR,ERR,ERR,ERR,ERR,ERR,ERR,ERR,ERR,ERR,ERR,ERR,ERR,ERR,ERR,ERR,ERR,ERR,ERR,ERR,ERR,ERR,ERR,ERR,ERR,ERR,ERR,ERR,ERR,ERR,ERR,ERR,ERR,ERR,ERR,ERR,ERR,ERR,ERR,ERR,ERR,ERR,ERR,ERR,ERR,ERR,ERR,ERR,ERR,ERR,ERR,ERR,ERR,ERR,ERR,ERR,ERR,ERR,ERR,ERR,ERR,ERR,ERR,ERR,ERR,ERR,ERR,ERR,ERR,ERR,ERR,ERR,ERR,ERR,ERR,ERR,ERR,ERR,ERR,ERR,ERR,ERR,ERR,ERR,ERR,ERR,ERR,ERR,ERR,0.0,-2.7184527190102135e+23,-0.0,0.0,-0.062,1.4369534643273728e+17,0.0,-5.28183043907314e+19,4300,0,8,17171,4300,0.0,41,0.0,0.0,0.0,0.0,0.0,0,0,0,0,0.0,0,0,0,0,0,0,0,0,0,0,0,0,0,0,0,0,0,0,0,0,0,0,0,0,0,0,0,0,0,0,0,0,0,9,37,36,45,65476,380,65476,1,0,4,21553,0.0,0.0,0.0,0.0,0.0,0.0,0.0,0.0,0.0,0.0,0.0,0.0,0.0,0.0,0.0,0.0,0.0,0.0,0.0,0.0,0.0,2.004,2.004,0.0,-3.697074863047967e+19,-3.697075742657269e+19,0.0,0.0,0.0,0.0,6402.0,564148786167808.0,0.0,0.0,0.0,-107616248.0,-0.0,0.0,0.0,2.004,2.004,228,0.0,0.0,0.0,0.0,0.0,0.0,0.0,0.0,0.0,0,0,0,-0.372,0.0,0.0,-1.832959463876254e+23,365617110581248.0,152313728.0,-0.0,0.0,0.0,-2.5134712430000485e+37,-27014547456.0,9.047703729069637e+22,0.0,19.909,0.0,-0.172,0,1.3516416376850534e+27,228,0.0,456,0.0,-0.0,2112,52429,17109,0,17112,52429,17095,0,0,0,101,100,100,0.0,66.6,0.0,67.4,-107615272.0,66.5,1,49,50,180,52429,52429,0,0,0.0,0.0,0.0,60.0,0.0,71.0,0.0,-2353093632.0,0.0,1069,0,1069,0,0,0,1069,0,1080,0,999,0,669,0,671,0,666,0,680,0.032,1.4609821306377965e+22,0.0,0.0,16,16814,0.0,-2353093632.0,2.564949315210445e+16,0.0,-4.623401727138202e+16,0.0,50.0,60.0,35,0.0,0.0,10.0,2.0,0.0,0.0,0.0,0.0,0.0,0.0,0.0,0.0,0.0,0.0,0.0,0.0,58.8,24,36,3,27,65476,622,65476,1,0,4,20529,65476,0,0,30147,60.0,0.0,10.0,10.0,2.0,0.0
2026-02-16T12:57:03,ERR,ERR,ERR,ERR,ERR,ERR,ERR,ERR,ERR,ERR,ERR,ERR,ERR,ERR,ERR,ERR,ERR,ERR,ERR,ERR,ERR,ERR,ERR,ERR,ERR,ERR,ERR,ERR,ERR,ERR,ERR,ERR,ERR,ERR,ERR,ERR,ERR,ERR,ERR,ERR,ERR,ERR,ERR,ERR,ERR,ERR,ERR,ERR,ERR,ERR,ERR,ERR,ERR,ERR,ERR,ERR,ERR,ERR,ERR,ERR,ERR,ERR,ERR,ERR,ERR,ERR,ERR,ERR,ERR,ERR,ERR,ERR,ERR,ERR,ERR,ERR,ERR,ERR,ERR,ERR,ERR,ERR,ERR,ERR,ERR,ERR,ERR,ERR,ERR,ERR,ERR,ERR,ERR,ERR,ERR,ERR,ERR,ERR,ERR,ERR,ERR,ERR,ERR,ERR,ERR,ERR,ERR,ERR,ERR,ERR,ERR,ERR,ERR,ERR,ERR,ERR,ERR,ERR,ERR,ERR,ERR,ERR,ERR,ERR,ERR,0.0,-2.7184527190102135e+23,-0.0,0.0,-0.062,1.4369534643273728e+17,0.0,-5.28183043907314e+19,4300,0,8,17171,4300,0.0,41,0.0,0.0,0.0,0.0,0.0,0,0,0,0,0.0,0,0,0,0,0,0,0,0,0,0,0,0,0,0,0,0,0,0,0,0,0,0,0,0,0,0,0,0,0,0,0,0,0,9,37,36,45,65476,380,65476,1,0,4,21553,0.0,0.0,0.0,0.0,0.0,0.0,0.0,0.0,0.0,0.0,0.0,0.0,0.0,0.0,0.0,0.0,0.0,0.0,0.0,0.0,0.0,2.004,2.004,0.0,-3.697074863047967e+19,-3.697075742657269e+19,0.0,0.0,0.0,0.0,6402.0,564148786167808.0,0.0,0.0,0.0,-107616248.0,-0.0,0.0,0.0,2.004,2.004,228,0.0,0.0,0.0,0.0,0.0,0.0,0.0,0.0,0.0,0,0,0,-0.372,0.0,0.0,-1.832959463876254e+23,365617110581248.0,152313728.0,-0.0,0.0,0.0,-2.5134712430000485e+37,-27014547456.0,9.047703729069637e+22,0.0,19.909,0.0,-0.172,0,1.3516416376850534e+27,228,0.0,456,0.0,-0.0,2112,52429,17109,0,17112,52429,17095,0,0,0,101,100,100,0.0,66.6,0.0,67.4,-107615272.0,66.5,1,49,50,180,52429,52429,0,0,0.0,0.0,0.0,60.0,0.0,71.0,0.0,-2353093632.0,0.0,1069,0,1069,0,0,0,1069,0,1080,0,999,0,669,0,671,0,666,0,680,0.032,1.4609821306377965e+22,0.0,0.0,16,16814,0.0,-2353093632.0,2.564949315210445e+16,0.0,-4.623401727138202e+16,0.0,50.0,60.0,35,0.0,0.0,10.0,2.0,0.0,0.0,0.0,0.0,0.0,0.0,0.0,0.0,0.0,0.0,0.0,0.0,59.2,25,35,3,27,65476,622,65476,1,0,4,20529,65476,0,0,30147,60.0,0.0,10.0,10.0,2.0,0.0
2026-02-16T12:57:04,ERR,ERR,ERR,ERR,ERR,ERR,ERR,ERR,ERR,ERR,ERR,ERR,ERR,ERR,ERR,ERR,ERR,ERR,ERR,ERR,ERR,ERR,ERR,ERR,ERR,ERR,ERR,ERR,ERR,ERR,ERR,ERR,ERR,ERR,ERR,ERR,ERR,ERR,ERR,ERR,ERR,ERR,ERR,ERR,ERR,ERR,ERR,ERR,ERR,ERR,ERR,ERR,ERR,ERR,ERR,ERR,ERR,ERR,ERR,ERR,ERR,ERR,ERR,ERR,ERR,ERR,ERR,ERR,ERR,ERR,ERR,ERR,ERR,ERR,ERR,ERR,ERR,ERR,ERR,ERR,ERR,ERR,ERR,ERR,ERR,ERR,ERR,ERR,ERR,ERR,ERR,ERR,ERR,ERR,ERR,ERR,ERR,ERR,ERR,ERR,ERR,ERR,ERR,ERR,ERR,ERR,ERR,ERR,ERR,ERR,ERR,ERR,ERR,ERR,ERR,ERR,ERR,ERR,ERR,ERR,ERR,ERR,ERR,ERR,ERR,0.0,-2.7184527190102135e+23,-0.0,0.0,-0.062,1.4369534643273728e+17,0.0,-5.28183043907314e+19,4300,0,8,17171,4300,0.0,41,0.0,0.0,0.0,0.0,0.0,0,0,0,0,0.0,0,0,0,0,0,0,0,0,0,0,0,0,0,0,0,0,0,0,0,0,0,0,0,0,0,0,0,0,0,0,0,0,0,9,37,36,45,65476,380,65476,1,0,4,21553,0.0,0.0,0.0,0.0,0.0,0.0,0.0,0.0,0.0,0.0,0.0,0.0,0.0,0.0,0.0,0.0,0.0,0.0,0.0,0.0,0.0,2.004,2.004,0.0,-3.697074863047967e+19,-3.697075742657269e+19,0.0,0.0,0.0,0.0,6402.0,564148786167808.0,0.0,0.0,0.0,-107616248.0,-0.0,0.0,0.0,2.004,2.004,228,0.0,0.0,0.0,0.0,0.0,0.0,0.0,0.0,0.0,0,0,0,-0.372,0.0,0.0,-1.832959463876254e+23,365617110581248.0,152313728.0,-0.0,0.0,0.0,-2.5134712430000485e+37,-27014547456.0,9.047703729069637e+22,0.0,19.909,0.0,-0.172,0,1.3516416376850534e+27,228,0.0,456,0.0,-0.0,2112,52429,17109,0,17112,52429,17095,0,0,0,101,100,100,2.7302343157793998e+23,66.6,0.0,67.4,-107615272.0,66.5,1,49,50,180,39322,52429,0,0,0.0,0.0,0.0,60.0,6451174400.0,71.0,0.0,-0.0,0.0,1068,0,1069,0,0,0,1069,0,1080,0,999,0,669,0,671,0,666,0,681,0.032,1.4536034330083127e+22,0.0,0.0,64528,16813,6451174400.0,-0.0,5.956623238520758e+37,-9328908042240.0,0.0,8656.013,50.0,60.0,35,0.0,0.0,10.0,2.0,0.0,0.0,0.0,0.0,0.0,0.0,0.0,0.0,0.0,0.0,0.0,0.0,58.4,25,35,2,27,65476,648,300,1,0,8,20529,65476,0,0,30147,60.0,0.0,10.0,10.0,2.0,0.0
2026-02-16T12:57:05,ERR,ERR,ERR,ERR,ERR,ERR,ERR,ERR,ERR,ERR,ERR,ERR,ERR,ERR,ERR,ERR,ERR,ERR,ERR,ERR,ERR,ERR,ERR,ERR,ERR,ERR,ERR,ERR,ERR,ERR,ERR,ERR,ERR,ERR,ERR,ERR,ERR,ERR,ERR,ERR,ERR,ERR,ERR,ERR,ERR,ERR,ERR,ERR,ERR,ERR,ERR,ERR,ERR,ERR,ERR,ERR,ERR,ERR,ERR,ERR,ERR,ERR,ERR,ERR,ERR,ERR,ERR,ERR,ERR,ERR,ERR,ERR,ERR,ERR,ERR,ERR,ERR,ERR,ERR,ERR,ERR,ERR,ERR,ERR,ERR,ERR,ERR,ERR,ERR,ERR,ERR,ERR,ERR,ERR,ERR,ERR,ERR,ERR,ERR,ERR,ERR,ERR,ERR,ERR,ERR,ERR,ERR,ERR,ERR,ERR,ERR,ERR,ERR,ERR,ERR,ERR,ERR,ERR,ERR,ERR,ERR,ERR,ERR,ERR,ERR,0.0,0.0,0.0,0.0,0.0,0.0,-5896.87,-0.0,4300,0,8,17171,4300,0.0,41,0.0,0.0,0.0,0.0,2.7184166902131945e+23,0,0,0,0,0.0,0,0,0,0,0,0,0,0,0,0,0,0,0,0,0,0,0,0,0,0,0,0,0,0,0,0,0,0,0,0,0,0,0,9,36,36,45,65476,378,65476,1,0,4,21553,0.0,2.718324816780796e+23,0.0,0.0,0.0,0.0,0.0,0.0,0.0,0.0,0.0,0.0,0.0,0.0,0.0,0.0,0.0,0.0,0.0,0.0,0.0,2.004,0.0,0.0,-3.697074863047967e+19,-2.004,0.0,0.0,0.0,0.0,6401.0,564148786167808.0,0.0,0.0,-2.7184527190102135e+23,-107616248.0,-0.0,0.0,0.0,2.004,2.004,228,0.0,126840995840.0,0.0,0.0,0.0,0.0,0.0,0.0,0.0,0,0,0,-2025581.75,-0.0,0.0,-4.802792557648762e+24,6.539865607139093e+21,6.687103368718746e+25,3.6333946748780086e+26,0.0,0.0,-2.712855442367786e+37,-28625160192.0,9.697029120464213e+22,0.0,21.284,0.0,-0.0,0,1.3516416376850534e+27,228,0.0,456,-621855232.0,5.6142779363101766e+35,2112,52429,17109,0,17112,52429,17095,0,0,0,101,100,100,2.7302343157793998e+23,66.6,0.0,67.4,-107615272.0,66.5,1,49,50,180,39322,52429,0,0,0.0,0.0,0.0,60.0,6451174400.0,71.0,0.0,-0.0,0.0,1068,0,1069,0,0,0,1069,0,1080,0,999,0,669,0,671,0,666,0,681,0.032,1.4536034330083127e+22,0.0,0.0,64528,16813,6451174400.0,-0.0,5.956623238520758e+37,-9328908042240.0,0.0,8656.013,50.0,60.0,35,0.0,0.0,10.0,2.0,0.0,0.0,0.0,0.0,0.0,0.0,0.0,0.0,0.0,0.0,0.0,0.0,58.4,25,35,2,27,65476,648,300,1,0,8,20529,65476,0,0,30147,60.0,0.0,10.0,10.0,2.0,0.0
2026-02-16T12:57:06,ERR,ERR,ERR,ERR,ERR,ERR,ERR,ERR,ERR,ERR,ERR,ERR,ERR,ERR,ERR,ERR,ERR,ERR,ERR,ERR,ERR,ERR,ERR,ERR,ERR,ERR,ERR,ERR,ERR,ERR,ERR,ERR,ERR,ERR,ERR,ERR,ERR,ERR,ERR,ERR,ERR,ERR,ERR,ERR,ERR,ERR,ERR,ERR,ERR,ERR,ERR,ERR,ERR,ERR,ERR,ERR,ERR,ERR,ERR,ERR,ERR,ERR,ERR,ERR,ERR,ERR,ERR,ERR,ERR,ERR,ERR,ERR,ERR,ERR,ERR,ERR,ERR,ERR,ERR,ERR,ERR,ERR,ERR,ERR,ERR,ERR,ERR,ERR,ERR,ERR,ERR,ERR,ERR,ERR,ERR,ERR,ERR,ERR,ERR,ERR,ERR,ERR,ERR,ERR,ERR,ERR,ERR,ERR,ERR,ERR,ERR,ERR,ERR,ERR,ERR,ERR,ERR,ERR,ERR,ERR,ERR,ERR,ERR,ERR,ERR,0.0,0.0,0.0,0.0,0.0,0.0,-5896.87,-0.0,4300,0,8,17171,4300,0.0,41,0.0,0.0,0.0,0.0,2.7184166902131945e+23,0,0,0,0,0.0,0,0,0,0,0,0,0,0,0,0,0,0,0,0,0,0,0,0,0,0,0,0,0,0,0,0,0,0,0,0,0,0,0,9,36,36,45,65476,378,65476,1,0,4,21553,0.0,2.718324816780796e+23,0.0,0.0,0.0,0.0,0.0,0.0,0.0,0.0,0.0,0.0,0.0,0.0,0.0,0.0,0.0,0.0,0.0,0.0,0.0,2.004,0.0,0.0,-3.697074863047967e+19,-2.004,0.0,0.0,0.0,0.0,6401.0,564148786167808.0,0.0,0.0,-2.7184527190102135e+23,-107616248.0,-0.0,0.0,0.0,2.004,2.004,228,0.0,126840995840.0,0.0,0.0,0.0,0.0,0.0,0.0,0.0,0,0,0,-2025581.75,-0.0,0.0,-4.802792557648762e+24,6.539865607139093e+21,6.687103368718746e+25,3.6333946748780086e+26,0.0,0.0,-2.712855442367786e+37,-28625160192.0,9.697029120464213e+22,0.0,21.284,0.0,-0.0,0,1.3516416376850534e+27,228,0.0,456,-621855232.0,5.6142779363101766e+35,2112,52429,17109,0,17112,52429,17095,0,0,0,101,100,100,2.7302343157793998e+23,66.6,0.0,67.4,-107615272.0,66.5,1,49,50,180,39322,52429,0,0,0.0,0.0,0.0,60.0,6451174400.0,71.0,0.0,-0.0,0.0,1068,0,1069,0,0,0,1069,0,1080,0,999,0,669,0,671,0,666,0,681,0.032,1.4536034330083127e+22,0.0,0.0,64528,16813,6451174400.0,-0.0,5.956623238520758e+37,-9328908042240.0,0.0,8656.013,50.0,60.0,35,0.0,0.0,10.0,2.0,0.0,0.0,0.0,0.0,0.0,0.0,0.0,0.0,0.0,0.0,0.0,0.0,58.8,25,35,2,27,65476,648,300,0,0,8,20529,65476,0,0,30147,60.0,0.0,10.0,10.0,2.0,0.0
2026-02-16T12:57:07,ERR,ERR,ERR,ERR,ERR,ERR,ERR,ERR,ERR,ERR,ERR,ERR,ERR,ERR,ERR,ERR,ERR,ERR,ERR,ERR,ERR,ERR,ERR,ERR,ERR,ERR,ERR,ERR,ERR,ERR,ERR,ERR,ERR,ERR,ERR,ERR,ERR,ERR,ERR,ERR,ERR,ERR,ERR,ERR,ERR,ERR,ERR,ERR,ERR,ERR,ERR,ERR,ERR,ERR,ERR,ERR,ERR,ERR,ERR,ERR,ERR,ERR,ERR,ERR,ERR,ERR,ERR,ERR,ERR,ERR,ERR,ERR,ERR,ERR,ERR,ERR,ERR,ERR,ERR,ERR,ERR,ERR,ERR,ERR,ERR,ERR,ERR,ERR,ERR,ERR,ERR,ERR,ERR,ERR,ERR,ERR,ERR,ERR,ERR,ERR,ERR,ERR,ERR,ERR,ERR,ERR,ERR,ERR,ERR,ERR,ERR,ERR,ERR,ERR,ERR,ERR,ERR,ERR,ERR,ERR,ERR,ERR,ERR,ERR,ERR,0.0,0.0,0.0,0.0,0.0,0.0,-5896.87,-0.0,4300,0,8,17171,4300,0.0,41,0.0,0.0,0.0,0.0,2.7184166902131945e+23,0,0,0,0,0.0,0,0,0,0,0,0,0,0,0,0,0,0,0,0,0,0,0,0,0,0,0,0,0,0,0,0,0,0,0,0,0,0,0,9,36,36,45,65476,378,65476,1,0,4,21553,0.0,2.718324816780796e+23,0.0,0.0,0.0,0.0,0.0,0.0,0.0,0.0,0.0,0.0,0.0,0.0,0.0,0.0,0.0,0.0,0.0,0.0,0.0,2.004,0.0,0.0,-3.697074863047967e+19,-2.004,0.0,0.0,0.0,0.0,6401.0,564148786167808.0,0.0,0.0,-2.7184527190102135e+23,-107616248.0,-0.0,0.0,0.0,2.004,2.004,228,0.0,126840995840.0,0.0,0.0,0.0,0.0,0.0,0.0,0.0,0,0,0,-2025581.75,-0.0,0.0,-4.802792557648762e+24,6.539865607139093e+21,6.687103368718746e+25,3.6333946748780086e+26,0.0,0.0,-2.712855442367786e+37,-28625160192.0,9.697029120464213e+22,0.0,21.284,0.0,-0.0,0,1.3516416376850534e+27,228,0.0,456,-621855232.0,5.6142779363101766e+35,2112,52429,17109,0,17112,52429,17095,0,0,0,101,100,100,2.7302343157793998e+23,66.6,0.0,67.4,-107615272.0,66.5,1,49,50,180,39322,52429,0,0,0.0,0.0,0.0,60.0,6451174400.0,71.0,0.0,-0.0,0.0,1068,0,1069,0,0,0,1069,0,1080,0,999,0,669,0,671,0,666,0,681,0.032,1.4536034330083127e+22,0.0,0.0,64528,16813,6451174400.0,-0.0,5.956623238520758e+37,-9328908042240.0,0.0,8656.013,50.0,60.0,35,0.0,0.0,10.0,2.0,0.0,0.0,0.0,0.0,0.0,0.0,0.0,0.0,0.0,0.0,0.0,0.0,58.8,25,35,2,27,65476,648,300,0,0,8,20529,65476,0,0,30147,60.0,0.0,10.0,10.0,2.0,0.0
2026-02-16T12:57:08,ERR,ERR,ERR,ERR,ERR,ERR,ERR,ERR,ERR,ERR,ERR,ERR,ERR,ERR,ERR,ERR,ERR,ERR,ERR,ERR,ERR,ERR,ERR,ERR,ERR,ERR,ERR,ERR,ERR,ERR,ERR,ERR,ERR,ERR,ERR,ERR,ERR,ERR,ERR,ERR,ERR,ERR,ERR,ERR,ERR,ERR,ERR,ERR,ERR,ERR,ERR,ERR,ERR,ERR,ERR,ERR,ERR,ERR,ERR,ERR,ERR,ERR,ERR,ERR,ERR,ERR,ERR,ERR,ERR,ERR,ERR,ERR,ERR,ERR,ERR,ERR,ERR,ERR,ERR,ERR,ERR,ERR,ERR,ERR,ERR,ERR,ERR,ERR,ERR,ERR,ERR,ERR,ERR,ERR,ERR,ERR,ERR,ERR,ERR,ERR,ERR,ERR,ERR,ERR,ERR,ERR,ERR,ERR,ERR,ERR,ERR,ERR,ERR,ERR,ERR,ERR,ERR,ERR,ERR,ERR,ERR,ERR,ERR,ERR,ERR,0.0,0.0,0.0,0.0,0.0,0.0,-5896.87,-0.0,4300,0,8,17171,4300,0.0,41,0.0,0.0,0.0,0.0,2.7184166902131945e+23,0,0,0,0,0.0,0,0,0,0,0,0,0,0,0,0,0,0,0,0,0,0,0,0,0,0,0,0,0,0,0,0,0,0,0,0,0,0,0,9,36,36,45,65476,378,65476,1,0,4,21553,0.0,2.718324816780796e+23,0.0,0.0,0.0,0.0,0.0,0.0,0.0,0.0,0.0,0.0,0.0,0.0,0.0,0.0,0.0,0.0,0.0,0.0,0.0,2.004,0.0,0.0,-3.697074863047967e+19,-2.004,0.0,0.0,0.0,0.0,6401.0,564148786167808.0,0.0,0.0,-2.7184527190102135e+23,-107616248.0,-0.0,0.0,0.0,2.004,2.004,228,0.0,126840995840.0,0.0,0.0,0.0,0.0,0.0,0.0,0.0,0,0,0,-2025581.75,-0.0,0.0,-4.802792557648762e+24,6.539865607139093e+21,6.687103368718746e+25,3.6333946748780086e+26,0.0,0.0,-2.712855442367786e+37,-28625160192.0,9.697029120464213e+22,0.0,21.284,0.0,-0.0,0,1.3516416376850534e+27,228,0.0,456,-621855232.0,5.6142779363101766e+35,2112,52429,17109,0,17112,52429,17095,0,0,0,101,100,100,0.0,66.6,0.0,67.4,-107615272.0,66.5,1,49,50,180,39322,52429,0,0,0.0,0.0,0.0,60.0,3460468224.0,71.0,0.0,2.0857893633707213e+17,0.0,1068,0,1069,0,0,0,1069,0,1080,0,999,0,669,0,671,0,667,0,681,0.032,1.4536034330083127e+22,2.004,0.0,65040,16813,0.603,-0.0,0.0,-0.0,-0.0,0.0,50.0,60.0,35,0.0,0.0,10.0,2.0,0.0,0.0,0.0,0.0,0.0,0.0,0.0,0.0,0.0,0.0,0.0,0.0,58.8,27,33,1,27,65476,487,300,0,0,8,20529,65476,0,0,30147,60.0,0.0,10.0,10.0,2.0,0.0
2026-02-16T12:57:09,ERR,ERR,ERR,ERR,ERR,ERR,ERR,ERR,ERR,ERR,ERR,ERR,ERR,ERR,ERR,ERR,ERR,ERR,ERR,ERR,ERR,ERR,ERR,ERR,ERR,ERR,ERR,ERR,ERR,ERR,ERR,ERR,ERR,ERR,ERR,ERR,ERR,ERR,ERR,ERR,ERR,ERR,ERR,ERR,ERR,ERR,ERR,ERR,ERR,ERR,ERR,ERR,ERR,ERR,ERR,ERR,ERR,ERR,ERR,ERR,ERR,ERR,ERR,ERR,ERR,ERR,ERR,ERR,ERR,ERR,ERR,ERR,ERR,ERR,ERR,ERR,ERR,ERR,ERR,ERR,ERR,ERR,ERR,ERR,ERR,ERR,ERR,ERR,ERR,ERR,ERR,ERR,ERR,ERR,ERR,ERR,ERR,ERR,ERR,ERR,ERR,ERR,ERR,ERR,ERR,ERR,ERR,ERR,ERR,ERR,ERR,ERR,ERR,ERR,ERR,ERR,ERR,ERR,ERR,ERR,ERR,ERR,ERR,ERR,ERR,0.0,0.0,0.0,0.0,0.0,0.0,-5896.87,-0.0,4300,0,8,17171,4300,0.0,41,0.0,0.0,0.0,0.0,2.7184166902131945e+23,0,0,0,0,0.0,0,0,0,0,0,0,0,0,0,0,0,0,0,0,0,0,0,0,0,0,0,0,0,0,0,0,0,0,0,0,0,0,0,9,36,36,45,65476,378,65476,1,0,4,21553,0.0,2.718324816780796e+23,0.0,0.0,0.0,0.0,0.0,0.0,0.0,0.0,0.0,0.0,0.0,0.0,0.0,0.0,0.0,0.0,0.0,0.0,0.0,2.004,0.0,0.0,-3.697074863047967e+19,-2.004,0.0,0.0,0.0,0.0,6401.0,564148786167808.0,0.0,0.0,-2.7184527190102135e+23,-107616248.0,-0.0,0.0,0.0,2.004,2.004,228,0.0,126840995840.0,0.0,0.0,0.0,0.0,0.0,0.0,0.0,0,0,0,-2025581.75,-0.0,0.0,-4.802792557648762e+24,6.539865607139093e+21,6.687103368718746e+25,3.6333946748780086e+26,0.0,0.0,-2.712855442367786e+37,-28625160192.0,9.697029120464213e+22,0.0,21.284,0.0,-0.0,0,1.3516416376850534e+27,228,0.0,456,-621855232.0,5.6142779363101766e+35,2112,52429,17109,0,17112,52429,17095,0,0,0,101,100,100,0.0,66.6,0.0,67.4,-107615272.0,66.5,1,49,50,180,39322,52429,0,0,0.0,0.0,0.0,60.0,3460468224.0,71.0,0.0,2.0857893633707213e+17,0.0,1068,0,1069,0,0,0,1069,0,1080,0,999,0,669,0,671,0,667,0,681,0.032,1.4536034330083127e+22,2.004,0.0,65040,16813,0.603,-0.0,0.0,-0.0,-0.0,0.0,50.0,60.0,35,0.0,0.0,10.0,2.0,0.0,0.0,0.0,0.0,0.0,0.0,0.0,0.0,0.0,0.0,0.0,0.0,58.8,27,33,1,27,65476,487,300,0,0,8,20529,65476,0,0,30147,60.0,0.0,10.0,10.0,2.0,0.0
2026-02-16T12:57:10,ERR,ERR,ERR,ERR,ERR,ERR,ERR,ERR,ERR,ERR,ERR,ERR,ERR,ERR,ERR,ERR,ERR,ERR,ERR,ERR,ERR,ERR,ERR,ERR,ERR,ERR,ERR,ERR,ERR,ERR,ERR,ERR,ERR,ERR,ERR,ERR,ERR,ERR,ERR,ERR,ERR,ERR,ERR,ERR,ERR,ERR,ERR,ERR,ERR,ERR,ERR,ERR,ERR,ERR,ERR,ERR,ERR,ERR,ERR,ERR,ERR,ERR,ERR,ERR,ERR,ERR,ERR,ERR,ERR,ERR,ERR,ERR,ERR,ERR,ERR,ERR,ERR,ERR,ERR,ERR,ERR,ERR,ERR,ERR,ERR,ERR,ERR,ERR,ERR,ERR,ERR,ERR,ERR,ERR,ERR,ERR,ERR,ERR,ERR,ERR,ERR,ERR,ERR,ERR,ERR,ERR,ERR,ERR,ERR,ERR,ERR,ERR,ERR,ERR,ERR,ERR,ERR,ERR,ERR,ERR,ERR,ERR,ERR,ERR,ERR,0.0,0.0,0.0,0.0,0.0,-0.0,0.0,-1.467704249320968e+31,4300,0,8,17171,4300,0.0,41,0.0,0.0,0.0,0.0,2.7184166902131945e+23,0,0,0,0,0.0,0,0,0,0,0,0,0,0,0,0,0,0,0,0,0,0,0,0,0,0,0,0,0,0,0,0,0,0,0,0,0,0,0,9,36,36,45,65476,380,65476,1,0,4,21553,0.0,0.0,0.0,0.0,0.0,0.0,0.0,0.0,0.0,0.0,0.0,0.0,0.0,0.0,0.0,0.0,0.0,0.0,0.0,0.0,0.0,2.004,2.004,2.004,-3.697074863047967e+19,-3.697075742657269e+19,0.0,0.0,0.0,0.0,6425.0,0.0,0.0,0.0,0.0,-107616248.0,-0.0,0.0,0.0,2.004,2.004,227,-0.0,0.0,0.0,0.0,0.0,0.0,0.0,0.0,0.0,0,0,0,-120400494592.0,234479025127424.0,3379419.75,73.629,5.687622912581741e+34,1.031649082914898e+17,91414986752.0,0.0,nan,-2.9620856915774576e+37,-30369990656.0,1.0523443254966401e+23,0.0,22.909,0.0,-0.0,0,1.3516416376850534e+27,227,0.0,454,2.40156025918058e+36,599251620986880.0,2112,52429,17109,0,17112,52429,17095,0,0,0,101,100,100,0.0,66.6,0.0,67.4,-107615272.0,66.5,1,49,50,180,39322,52429,0,0,0.0,0.0,0.0,60.0,3460468224.0,71.0,0.0,2.0857893633707213e+17,0.0,1068,0,1069,0,0,0,1069,0,1080,0,999,0,669,0,671,0,667,0,681,0.032,1.4536034330083127e+22,2.004,0.0,65040,16813,0.603,-0.0,0.0,-0.0,-0.0,0.0,50.0,60.0,35,0.0,0.0,10.0,2.0,0.0,0.0,0.0,0.0,0.0,0.0,0.0,0.0,0.0,0.0,0.0,0.0,59.2,30,30,65533,27,65476,326,300,0,0,8,20529,65476,0,0,30147,60.0,0.0,10.0,10.0,2.0,0.0
2026-02-16T12:57:11,ERR,ERR,ERR,ERR,ERR,ERR,ERR,ERR,ERR,ERR,ERR,ERR,ERR,ERR,ERR,ERR,ERR,ERR,ERR,ERR,ERR,ERR,ERR,ERR,ERR,ERR,ERR,ERR,ERR,ERR,ERR,ERR,ERR,ERR,ERR,ERR,ERR,ERR,ERR,ERR,ERR,ERR,ERR,ERR,ERR,ERR,ERR,ERR,ERR,ERR,ERR,ERR,ERR,ERR,ERR,ERR,ERR,ERR,ERR,ERR,ERR,ERR,ERR,ERR,ERR,ERR,ERR,ERR,ERR,ERR,ERR,ERR,ERR,ERR,ERR,ERR,ERR,ERR,ERR,ERR,ERR,ERR,ERR,ERR,ERR,ERR,ERR,ERR,ERR,ERR,ERR,ERR,ERR,ERR,ERR,ERR,ERR,ERR,ERR,ERR,ERR,ERR,ERR,ERR,ERR,ERR,ERR,ERR,ERR,ERR,ERR,ERR,ERR,ERR,ERR,ERR,ERR,ERR,ERR,ERR,ERR,ERR,ERR,ERR,ERR,0.0,0.0,0.0,0.0,0.0,-0.0,0.0,-1.467704249320968e+31,4300,0,8,17171,4300,0.0,41,0.0,0.0,0.0,0.0,2.7184166902131945e+23,0,0,0,0,0.0,0,0,0,0,0,0,0,0,0,0,0,0,0,0,0,0,0,0,0,0,0,0,0,0,0,0,0,0,0,0,0,0,0,9,36,36,45,65476,380,65476,1,0,4,21553,0.0,0.0,0.0,0.0,0.0,0.0,0.0,0.0,0.0,0.0,0.0,0.0,0.0,0.0,0.0,0.0,0.0,0.0,0.0,0.0,0.0,2.004,2.004,2.004,-3.697074863047967e+19,-3.697075742657269e+19,0.0,0.0,0.0,0.0,6425.0,0.0,0.0,0.0,0.0,-107616248.0,-0.0,0.0,0.0,2.004,2.004,227,-0.0,0.0,0.0,0.0,0.0,0.0,0.0,0.0,0.0,0,0,0,-120400494592.0,234479025127424.0,3379419.75,73.629,5.687622912581741e+34,1.031649082914898e+17,91414986752.0,0.0,nan,-2.9620856915774576e+37,-30369990656.0,1.0523443254966401e+23,0.0,22.909,0.0,-0.0,0,1.3516416376850534e+27,227,0.0,454,2.40156025918058e+36,599251620986880.0,2112,52429,17109,0,17112,52429,17095,0,0,0,101,100,100,0.0,66.6,0.0,67.4,-107615272.0,66.5,1,49,50,180,39322,52429,0,0,0.0,0.0,0.0,60.0,3460468224.0,71.0,0.0,2.0857893633707213e+17,0.0,1068,0,1069,0,0,0,1069,0,1080,0,999,0,669,0,671,0,667,0,681,0.032,1.4536034330083127e+22,2.004,0.0,65040,16813,0.603,-0.0,0.0,-0.0,-0.0,0.0,50.0,60.0,35,0.0,0.0,10.0,2.0,0.0,0.0,0.0,0.0,0.0,0.0,0.0,0.0,0.0,0.0,0.0,0.0,58.4,33,28,65530,27,65476,249,300,0,0,8,20529,65476,0,0,30147,60.0,0.0,10.0,10.0,2.0,0.0
2026-02-16T12:57:12,ERR,ERR,ERR,ERR,ERR,ERR,ERR,ERR,ERR,ERR,ERR,ERR,ERR,ERR,ERR,ERR,ERR,ERR,ERR,ERR,ERR,ERR,ERR,ERR,ERR,ERR,ERR,ERR,ERR,ERR,ERR,ERR,ERR,ERR,ERR,ERR,ERR,ERR,ERR,ERR,ERR,ERR,ERR,ERR,ERR,ERR,ERR,ERR,ERR,ERR,ERR,ERR,ERR,ERR,ERR,ERR,ERR,ERR,ERR,ERR,ERR,ERR,ERR,ERR,ERR,ERR,ERR,ERR,ERR,ERR,ERR,ERR,ERR,ERR,ERR,ERR,ERR,ERR,ERR,ERR,ERR,ERR,ERR,ERR,ERR,ERR,ERR,ERR,ERR,ERR,ERR,ERR,ERR,ERR,ERR,ERR,ERR,ERR,ERR,ERR,ERR,ERR,ERR,ERR,ERR,ERR,ERR,ERR,ERR,ERR,ERR,ERR,ERR,ERR,ERR,ERR,ERR,ERR,ERR,ERR,ERR,ERR,ERR,ERR,ERR,0.0,0.0,0.0,0.0,0.0,-0.0,0.0,-1.467704249320968e+31,4300,0,8,17171,4300,0.0,41,0.0,0.0,0.0,0.0,2.7184166902131945e+23,0,0,0,0,0.0,0,0,0,0,0,0,0,0,0,0,0,0,0,0,0,0,0,0,0,0,0,0,0,0,0,0,0,0,0,0,0,0,0,9,36,36,45,65476,380,65476,1,0,4,21553,0.0,0.0,0.0,0.0,0.0,0.0,0.0,0.0,0.0,0.0,0.0,0.0,0.0,0.0,0.0,0.0,0.0,0.0,0.0,0.0,0.0,2.004,2.004,2.004,-3.697074863047967e+19,-3.697075742657269e+19,0.0,0.0,0.0,0.0,6425.0,0.0,0.0,0.0,0.0,-107616248.0,-0.0,0.0,0.0,2.004,2.004,227,-0.0,0.0,0.0,0.0,0.0,0.0,0.0,0.0,0.0,0,0,0,-120400494592.0,234479025127424.0,3379419.75,73.629,5.687622912581741e+34,1.031649082914898e+17,91414986752.0,0.0,nan,-2.9620856915774576e+37,-30369990656.0,1.0523443254966401e+23,0.0,22.909,0.0,-0.0,0,1.3516416376850534e+27,227,0.0,454,2.40156025918058e+36,599251620986880.0,2112,52429,17109,0,17112,52429,17095,0,0,0,101,100,100,2.7302343157793998e+23,66.6,0.0,67.4,-107615272.0,66.5,1,49,50,180,52429,52429,0,0,0.0,0.0,0.0,60.0,6451174400.0,71.0,0.0,-115039323291648.0,0.0,1068,0,1069,0,0,0,1069,0,1080,0,999,0,669,0,671,0,667,0,682,0.032,1.4536034330083127e+22,2.004,0.0,63248,16813,6451174400.0,-115039323291648.0,-0.0,-0.0,0.0,5.570057736592294e+19,50.0,60.0,35,0.0,0.0,10.0,2.0,0.0,0.0,0.0,0.0,0.0,0.0,0.0,0.0,0.0,0.0,0.0,0.0,58.4,33,28,65530,27,65476,249,300,0,0,8,20529,65476,0,0,30147,60.0,0.0,10.0,10.0,2.0,0.0
2026-02-16T12:57:13,ERR,ERR,ERR,ERR,ERR,ERR,ERR,ERR,ERR,ERR,ERR,ERR,ERR,ERR,ERR,ERR,ERR,ERR,ERR,ERR,ERR,ERR,ERR,ERR,ERR,ERR,ERR,ERR,ERR,ERR,ERR,ERR,ERR,ERR,ERR,ERR,ERR,ERR,ERR,ERR,ERR,ERR,ERR,ERR,ERR,ERR,ERR,ERR,ERR,ERR,ERR,ERR,ERR,ERR,ERR,ERR,ERR,ERR,ERR,ERR,ERR,ERR,ERR,ERR,ERR,ERR,ERR,ERR,ERR,ERR,ERR,ERR,ERR,ERR,ERR,ERR,ERR,ERR,ERR,ERR,ERR,ERR,ERR,ERR,ERR,ERR,ERR,ERR,ERR,ERR,ERR,ERR,ERR,ERR,ERR,ERR,ERR,ERR,ERR,ERR,ERR,ERR,ERR,ERR,ERR,ERR,ERR,ERR,ERR,ERR,ERR,ERR,ERR,ERR,ERR,ERR,ERR,ERR,ERR,ERR,ERR,ERR,ERR,ERR,ERR,0.0,0.0,0.0,0.0,0.0,-0.0,0.0,-1.467704249320968e+31,4300,0,8,17171,4300,0.0,41,0.0,0.0,0.0,0.0,2.7184166902131945e+23,0,0,0,0,0.0,0,0,0,0,0,0,0,0,0,0,0,0,0,0,0,0,0,0,0,0,0,0,0,0,0,0,0,0,0,0,0,0,0,9,36,36,45,65476,380,65476,1,0,4,21553,0.0,0.0,0.0,0.0,0.0,0.0,0.0,0.0,0.0,0.0,0.0,0.0,0.0,0.0,0.0,0.0,0.0,0.0,0.0,0.0,0.0,2.004,2.004,2.004,-3.697074863047967e+19,-3.697075742657269e+19,0.0,0.0,0.0,0.0,6425.0,0.0,0.0,0.0,0.0,-107616248.0,-0.0,0.0,0.0,2.004,2.004,227,-0.0,0.0,0.0,0.0,0.0,0.0,0.0,0.0,0.0,0,0,0,-120400494592.0,234479025127424.0,3379419.75,73.629,5.687622912581741e+34,1.031649082914898e+17,91414986752.0,0.0,nan,-2.9620856915774576e+37,-30369990656.0,1.0523443254966401e+23,0.0,22.909,0.0,-0.0,0,1.3516416376850534e+27,227,0.0,454,2.40156025918058e+36,599251620986880.0,2112,52429,17109,0,17112,52429,17095,0,0,0,101,100,100,2.7302343157793998e+23,66.6,0.0,67.4,-107615272.0,66.5,1,49,50,180,52429,52429,0,0,0.0,0.0,0.0,60.0,6451174400.0,71.0,0.0,-115039323291648.0,0.0,1068,0,1069,0,0,0,1069,0,1080,0,999,0,669,0,671,0,667,0,682,0.032,1.4536034330083127e+22,2.004,0.0,63248,16813,6451174400.0,-115039323291648.0,-0.0,-0.0,0.0,5.570057736592294e+19,50.0,60.0,35,0.0,0.0,10.0,2.0,0.0,0.0,0.0,0.0,0.0,0.0,0.0,0.0,0.0,0.0,0.0,0.0,59.2,41,21,65522,27,65476,88,300,0,0,8,20529,65476,0,0,30147,60.0,0.0,10.0,10.0,2.0,0.0
2026-02-16T12:57:14,ERR,ERR,ERR,ERR,ERR,ERR,ERR,ERR,ERR,ERR,ERR,ERR,ERR,ERR,ERR,ERR,ERR,ERR,ERR,ERR,ERR,ERR,ERR,ERR,ERR,ERR,ERR,ERR,ERR,ERR,ERR,ERR,ERR,ERR,ERR,ERR,ERR,ERR,ERR,ERR,ERR,ERR,ERR,ERR,ERR,ERR,ERR,ERR,ERR,ERR,ERR,ERR,ERR,ERR,ERR,ERR,ERR,ERR,ERR,ERR,ERR,ERR,ERR,ERR,ERR,ERR,ERR,ERR,ERR,ERR,ERR,ERR,ERR,ERR,ERR,ERR,ERR,ERR,ERR,ERR,ERR,ERR,ERR,ERR,ERR,ERR,ERR,ERR,ERR,ERR,ERR,ERR,ERR,ERR,ERR,ERR,ERR,ERR,ERR,ERR,ERR,ERR,ERR,ERR,ERR,ERR,ERR,ERR,ERR,ERR,ERR,ERR,ERR,ERR,ERR,ERR,ERR,ERR,ERR,ERR,ERR,ERR,ERR,ERR,ERR,0.0,0.0,0.0,0.0,0.0,-0.0,0.0,-1.467704249320968e+31,4300,0,8,17171,4300,0.0,41,0.0,0.0,0.0,0.0,2.7184166902131945e+23,0,0,0,0,0.0,0,0,0,0,0,0,0,0,0,0,0,0,0,0,0,0,0,0,0,0,0,0,0,0,0,0,0,0,0,0,0,0,0,9,36,36,45,65476,380,65476,1,0,4,21553,0.0,0.0,0.0,0.0,0.0,0.0,0.0,0.0,0.0,0.0,0.0,0.0,0.0,0.0,0.0,0.0,0.0,0.0,0.0,0.0,0.0,2.004,2.004,2.004,-3.697074863047967e+19,-3.697075742657269e+19,0.0,0.0,0.0,0.0,6425.0,0.0,0.0,0.0,0.0,-107616248.0,-0.0,0.0,0.0,2.004,2.004,227,-0.0,0.0,0.0,0.0,0.0,0.0,0.0,0.0,0.0,0,0,0,-120400494592.0,234479025127424.0,3379419.75,73.629,5.687622912581741e+34,1.031649082914898e+17,91414986752.0,0.0,nan,-2.9620856915774576e+37,-30369990656.0,1.0523443254966401e+23,0.0,22.909,0.0,-0.0,0,1.3516416376850534e+27,227,0.0,454,2.40156025918058e+36,599251620986880.0,2112,52429,17109,0,17112,52429,17095,0,0,0,101,100,100,2.7302343157793998e+23,66.6,0.0,67.4,-107615272.0,66.5,1,49,50,180,52429,52429,0,0,0.0,0.0,0.0,60.0,6451174400.0,71.0,0.0,-115039323291648.0,0.0,1068,0,1069,0,0,0,1069,0,1080,0,999,0,669,0,671,0,667,0,682,0.032,1.4536034330083127e+22,2.004,0.0,63248,16813,6451174400.0,-115039323291648.0,-0.0,-0.0,0.0,5.570057736592294e+19,50.0,60.0,35,0.0,0.0,10.0,2.0,0.0,0.0,0.0,0.0,0.0,0.0,0.0,0.0,0.0,0.0,0.0,0.0,59.2,41,21,65522,27,65476,88,300,0,0,8,20529,65476,0,0,30147,60.0,0.0,10.0,10.0,2.0,0.0
2026-02-16T12:57:15,ERR,ERR,ERR,ERR,ERR,ERR,ERR,ERR,ERR,ERR,ERR,ERR,ERR,ERR,ERR,ERR,ERR,ERR,ERR,ERR,ERR,ERR,ERR,ERR,ERR,ERR,ERR,ERR,ERR,ERR,ERR,ERR,ERR,ERR,ERR,ERR,ERR,ERR,ERR,ERR,ERR,ERR,ERR,ERR,ERR,ERR,ERR,ERR,ERR,ERR,ERR,ERR,ERR,ERR,ERR,ERR,ERR,ERR,ERR,ERR,ERR,ERR,ERR,ERR,ERR,ERR,ERR,ERR,ERR,ERR,ERR,ERR,ERR,ERR,ERR,ERR,ERR,ERR,ERR,ERR,ERR,ERR,ERR,ERR,ERR,ERR,ERR,ERR,ERR,ERR,ERR,ERR,ERR,ERR,ERR,ERR,ERR,ERR,ERR,ERR,ERR,ERR,ERR,ERR,ERR,ERR,ERR,ERR,ERR,ERR,ERR,ERR,ERR,ERR,ERR,ERR,ERR,ERR,ERR,ERR,ERR,ERR,ERR,ERR,ERR,0.0,0.0,0.0,0.0,0.0,-0.0,0.0,-3.91808815791392e+29,4300,0,8,17171,4300,0.0,41,0.0,0.0,0.0,0.0,2.7184166902131945e+23,0,0,0,0,0.0,0,0,0,0,0,0,0,0,0,0,0,0,0,0,0,0,0,0,0,0,0,0,0,0,0,0,0,0,0,0,0,0,0,9,36,36,45,65476,379,65476,1,0,4,21553,0.0,-0.0,0.0,0.0,0.0,0.0,0.0,0.0,0.0,0.0,0.0,0.0,0.0,0.0,0.0,0.0,0.0,0.0,0.0,0.0,0.0,2.004,2.004,2.004,-2.004,-3.697075742657269e+19,0.0,0.0,0.0,0.0,6390.0,-131351.109,0.0,0.0,0.0,-0.0,-0.0,0.0,0.0,2.004,2.004,227,-0.0,-0.0,0.0,0.0,0.0,0.0,0.0,0.0,0.0,0,0,0,0.0,-0.0,-0.0,0.0,-40604463104.0,0.0,-713.095,0.0,-0.0,-3.1448545409978835e+37,-31980603392.0,1.1231798227396848e+23,0.0,24.284,0.0,4.028037772447674e+34,0,1.3516416376850534e+27,227,0.0,454,2.40156025918058e+36,-1.5870793271473597e+30,2112,52429,17109,0,17112,52429,17095,0,0,0,101,100,100,2.7302343157793998e+23,66.6,0.0,67.4,-107615272.0,66.5,1,49,50,180,39322,52429,0,0,0.0,0.0,0.0,60.0,0.001,71.0,0.0,-39796981760.0,0.0,1068,0,1069,0,0,0,1069,0,1080,0,999,0,669,0,671,0,667,0,682,0.032,1.4609821306377965e+22,-0.0,2.730234856211355e+23,56464,16813,3.817,-365620494336.0,5.675970191696214e+29,-2.3028197848023026e+36,-1.8286649095067254e+32,0.0,50.0,60.0,35,0.0,0.0,10.0,2.0,0.0,0.0,0.0,0.0,0.0,0.0,0.0,0.0,0.0,0.0,0.0,0.0,58.8,48,16,65516,27,65476,0,300,0,0,8,20529,65476,0,0,30147,60.0,0.0,10.0,10.0,2.0,0.0
2026-02-16T12:57:16,ERR,ERR,ERR,ERR,ERR,ERR,ERR,ERR,ERR,ERR,ERR,ERR,ERR,ERR,ERR,ERR,ERR,ERR,ERR,ERR,ERR,ERR,ERR,ERR,ERR,ERR,ERR,ERR,ERR,ERR,ERR,ERR,ERR,ERR,ERR,ERR,ERR,ERR,ERR,ERR,ERR,ERR,ERR,ERR,ERR,ERR,ERR,ERR,ERR,ERR,ERR,ERR,ERR,ERR,ERR,ERR,ERR,ERR,ERR,ERR,ERR,ERR,ERR,ERR,ERR,ERR,ERR,ERR,ERR,ERR,ERR,ERR,ERR,ERR,ERR,ERR,ERR,ERR,ERR,ERR,ERR,ERR,ERR,ERR,ERR,ERR,ERR,ERR,ERR,ERR,ERR,ERR,ERR,ERR,ERR,ERR,ERR,ERR,ERR,ERR,ERR,ERR,ERR,ERR,ERR,ERR,ERR,ERR,ERR,ERR,ERR,ERR,ERR,ERR,ERR,ERR,ERR,ERR,ERR,ERR,ERR,ERR,ERR,ERR,ERR,0.0,0.0,0.0,0.0,0.0,-0.0,0.0,-3.91808815791392e+29,4300,0,8,17171,4300,0.0,41,0.0,0.0,0.0,0.0,2.7184166902131945e+23,0,0,0,0,0.0,0,0,0,0,0,0,0,0,0,0,0,0,0,0,0,0,0,0,0,0,0,0,0,0,0,0,0,0,0,0,0,0,0,9,36,36,45,65476,379,65476,1,0,4,21553,0.0,-0.0,0.0,0.0,0.0,0.0,0.0,0.0,0.0,0.0,0.0,0.0,0.0,0.0,0.0,0.0,0.0,0.0,0.0,0.0,0.0,2.004,2.004,2.004,-2.004,-3.697075742657269e+19,0.0,0.0,0.0,0.0,6390.0,-131351.109,0.0,0.0,0.0,-0.0,-0.0,0.0,0.0,2.004,2.004,227,-0.0,-0.0,0.0,0.0,0.0,0.0,0.0,0.0,0.0,0,0,0,0.0,-0.0,-0.0,0.0,-40604463104.0,0.0,-713.095,0.0,-0.0,-3.1448545409978835e+37,-31980603392.0,1.1231798227396848e+23,0.0,24.284,0.0,4.028037772447674e+34,0,1.3516416376850534e+27,227,0.0,454,2.40156025918058e+36,-1.5870793271473597e+30,2112,52429,17109,0,17112,52429,17095,0,0,0,101,100,100,2.7302343157793998e+23,66.6,0.0,67.4,-107615272.0,66.5,1,49,50,180,39322,52429,0,0,0.0,0.0,0.0,60.0,0.001,71.0,0.0,-39796981760.0,0.0,1068,0,1069,0,0,0,1069,0,1080,0,999,0,669,0,671,0,667,0,682,0.032,1.4609821306377965e+22,-0.0,2.730234856211355e+23,56464,16813,3.817,-365620494336.0,5.675970191696214e+29,-2.3028197848023026e+36,-1.8286649095067254e+32,0.0,50.0,60.0,35,0.0,0.0,10.0,2.0,0.0,0.0,0.0,0.0,0.0,0.0,0.0,0.0,0.0,0.0,0.0,0.0,58.8,55,11,65508,27,65476,0,300,0,0,8,20529,65476,0,0,30147,60.0,0.0,10.0,10.0,2.0,0.0
2026-02-16T12:57:17,ERR,ERR,ERR,ERR,ERR,ERR,ERR,ERR,ERR,ERR,ERR,ERR,ERR,ERR,ERR,ERR,ERR,ERR,ERR,ERR,ERR,ERR,ERR,ERR,ERR,ERR,ERR,ERR,ERR,ERR,ERR,ERR,ERR,ERR,ERR,ERR,ERR,ERR,ERR,ERR,ERR,ERR,ERR,ERR,ERR,ERR,ERR,ERR,ERR,ERR,ERR,ERR,ERR,ERR,ERR,ERR,ERR,ERR,ERR,ERR,ERR,ERR,ERR,ERR,ERR,ERR,ERR,ERR,ERR,ERR,ERR,ERR,ERR,ERR,ERR,ERR,ERR,ERR,ERR,ERR,ERR,ERR,ERR,ERR,ERR,ERR,ERR,ERR,ERR,ERR,ERR,ERR,ERR,ERR,ERR,ERR,ERR,ERR,ERR,ERR,ERR,ERR,ERR,ERR,ERR,ERR,ERR,ERR,ERR,ERR,ERR,ERR,ERR,ERR,ERR,ERR,ERR,ERR,ERR,ERR,ERR,ERR,ERR,ERR,ERR,0.0,0.0,0.0,0.0,0.0,-0.0,0.0,-3.91808815791392e+29,4300,0,8,17171,4300,0.0,41,0.0,0.0,0.0,0.0,2.7184166902131945e+23,0,0,0,0,0.0,0,0,0,0,0,0,0,0,0,0,0,0,0,0,0,0,0,0,0,0,0,0,0,0,0,0,0,0,0,0,0,0,0,9,36,36,45,65476,379,65476,1,0,4,21553,0.0,-0.0,0.0,0.0,0.0,0.0,0.0,0.0,0.0,0.0,0.0,0.0,0.0,0.0,0.0,0.0,0.0,0.0,0.0,0.0,0.0,2.004,2.004,2.004,-2.004,-3.697075742657269e+19,0.0,0.0,0.0,0.0,6390.0,-131351.109,0.0,0.0,0.0,-0.0,-0.0,0.0,0.0,2.004,2.004,227,-0.0,-0.0,0.0,0.0,0.0,0.0,0.0,0.0,0.0,0,0,0,0.0,-0.0,-0.0,0.0,-40604463104.0,0.0,-713.095,0.0,-0.0,-3.1448545409978835e+37,-31980603392.0,1.1231798227396848e+23,0.0,24.284,0.0,4.028037772447674e+34,0,1.3516416376850534e+27,227,0.0,454,2.40156025918058e+36,-1.5870793271473597e+30,2112,52429,17109,0,17112,52429,17095,0,0,0,101,100,100,2.7302343157793998e+23,66.6,0.0,67.4,-107615272.0,66.5,1,49,50,180,39322,52429,0,0,0.0,0.0,0.0,60.0,0.001,71.0,0.0,-39796981760.0,0.0,1068,0,1069,0,0,0,1069,0,1080,0,999,0,669,0,671,0,667,0,682,0.032,1.4609821306377965e+22,-0.0,2.730234856211355e+23,56464,16813,3.817,-365620494336.0,5.675970191696214e+29,-2.3028197848023026e+36,-1.8286649095067254e+32,0.0,50.0,60.0,35,0.0,0.0,10.0,2.0,0.0,0.0,0.0,0.0,0.0,0.0,0.0,0.0,0.0,0.0,0.0,0.0,58.8,55,11,65508,27,65476,0,300,0,0,8,20529,65476,0,0,30147,60.0,0.0,10.0,10.0,2.0,0.0
2026-02-16T12:57:18,ERR,ERR,ERR,ERR,ERR,ERR,ERR,ERR,ERR,ERR,ERR,ERR,ERR,ERR,ERR,ERR,ERR,ERR,ERR,ERR,ERR,ERR,ERR,ERR,ERR,ERR,ERR,ERR,ERR,ERR,ERR,ERR,ERR,ERR,ERR,ERR,ERR,ERR,ERR,ERR,ERR,ERR,ERR,ERR,ERR,ERR,ERR,ERR,ERR,ERR,ERR,ERR,ERR,ERR,ERR,ERR,ERR,ERR,ERR,ERR,ERR,ERR,ERR,ERR,ERR,ERR,ERR,ERR,ERR,ERR,ERR,ERR,ERR,ERR,ERR,ERR,ERR,ERR,ERR,ERR,ERR,ERR,ERR,ERR,ERR,ERR,ERR,ERR,ERR,ERR,ERR,ERR,ERR,ERR,ERR,ERR,ERR,ERR,ERR,ERR,ERR,ERR,ERR,ERR,ERR,ERR,ERR,ERR,ERR,ERR,ERR,ERR,ERR,ERR,ERR,ERR,ERR,ERR,ERR,ERR,ERR,ERR,ERR,ERR,ERR,0.0,0.0,0.0,0.0,0.0,-0.0,0.0,-3.91808815791392e+29,4300,0,8,17171,4300,0.0,41,0.0,0.0,0.0,0.0,2.7184166902131945e+23,0,0,0,0,0.0,0,0,0,0,0,0,0,0,0,0,0,0,0,0,0,0,0,0,0,0,0,0,0,0,0,0,0,0,0,0,0,0,0,9,36,36,45,65476,379,65476,1,0,4,21553,0.0,-0.0,0.0,0.0,0.0,0.0,0.0,0.0,0.0,0.0,0.0,0.0,0.0,0.0,0.0,0.0,0.0,0.0,0.0,0.0,0.0,2.004,2.004,2.004,-2.004,-3.697075742657269e+19,0.0,0.0,0.0,0.0,6390.0,-131351.109,0.0,0.0,0.0,-0.0,-0.0,0.0,0.0,2.004,2.004,227,-0.0,-0.0,0.0,0.0,0.0,0.0,0.0,0.0,0.0,0,0,0,0.0,-0.0,-0.0,0.0,-40604463104.0,0.0,-713.095,0.0,-0.0,-3.1448545409978835e+37,-31980603392.0,1.1231798227396848e+23,0.0,24.284,0.0,4.028037772447674e+34,0,1.3516416376850534e+27,227,0.0,454,2.40156025918058e+36,-1.5870793271473597e+30,2112,52429,17109,0,17112,52429,17095,0,0,0,101,100,100,2.7302343157793998e+23,66.6,0.0,67.4,-107615272.0,66.5,1,49,50,180,39322,52429,0,0,0.0,0.0,0.0,60.0,0.027,71.0,0.0,-5953007124480.0,0.0,1068,0,1069,0,0,0,1069,0,1080,0,999,0,669,0,671,0,667,0,682,0.032,1.4536034330083127e+22,-0.0,2.730234856211355e+23,59536,16813,114821.109,-5953007124480.0,-0.0,-357.507,0.0,31359002.0,50.0,60.0,35,0.0,0.0,10.0,2.0,0.0,0.0,0.0,0.0,0.0,0.0,0.0,0.0,0.0,0.0,0.0,0.0,58.8,58,10,65506,27,65476,0,300,0,0,8,20529,65476,0,0,30147,60.0,0.0,10.0,10.0,2.0,0.0
2026-02-16T12:57:19,ERR,ERR,ERR,ERR,ERR,ERR,ERR,ERR,ERR,ERR,ERR,ERR,ERR,ERR,ERR,ERR,ERR,ERR,ERR,ERR,ERR,ERR,ERR,ERR,ERR,ERR,ERR,ERR,ERR,ERR,ERR,ERR,ERR,ERR,ERR,ERR,ERR,ERR,ERR,ERR,ERR,ERR,ERR,ERR,ERR,ERR,ERR,ERR,ERR,ERR,ERR,ERR,ERR,ERR,ERR,ERR,ERR,ERR,ERR,ERR,ERR,ERR,ERR,ERR,ERR,ERR,ERR,ERR,ERR,ERR,ERR,ERR,ERR,ERR,ERR,ERR,ERR,ERR,ERR,ERR,ERR,ERR,ERR,ERR,ERR,ERR,ERR,ERR,ERR,ERR,ERR,ERR,ERR,ERR,ERR,ERR,ERR,ERR,ERR,ERR,ERR,ERR,ERR,ERR,ERR,ERR,ERR,ERR,ERR,ERR,ERR,ERR,ERR,ERR,ERR,ERR,ERR,ERR,ERR,ERR,ERR,ERR,ERR,ERR,ERR,0.0,0.0,0.0,0.0,0.0,-0.0,-4.1286485057470655e+31,0.0,4300,0,8,17172,4300,0.0,41,0.0,0.0,0.0,0.0,2.7184166902131945e+23,0,0,0,0,0.0,0,0,0,0,0,0,0,0,0,0,0,0,0,0,0,0,0,0,0,0,0,0,0,0,0,0,0,0,0,0,0,0,0,9,36,36,45,65476,378,65476,1,0,4,21553,0.0,-107610720.0,0.0,0.0,0.0,0.0,0.0,0.0,0.0,0.0,0.0,0.0,0.0,0.0,0.0,0.0,0.0,0.0,0.0,0.0,0.0,2.004,2.004,2.004,-0.0,-3.697075742657269e+19,0.0,0.0,0.0,0.0,6384.0,-0.0,0.0,0.0,0.0,-0.0,-0.0,-0.0,0.0,2.004,2.004,228,89220.562,2.718427318708315e+23,0.0,0.0,0.0,0.0,0.0,0.0,0.0,0,0,0,-8.61042633242738e+33,0.0,8.417956753468895e+25,2124479744.0,2.9452936311364744e+37,24774417842176.0,0.0,-0.0,-0.0,-3.344238740365621e+37,-33591216128.0,1.1940153199827294e+23,0.0,25.659,0.0,-0.0,0,1.3516416376850534e+27,228,0.0,456,2.40156025918058e+36,-1.5870793271473597e+30,2112,52429,17109,0,17112,52429,17095,0,0,0,101,100,100,2.7302343157793998e+23,66.6,0.0,67.4,-107615272.0,66.5,1,49,50,180,39322,52429,0,0,0.0,0.0,0.0,60.0,0.027,71.0,0.0,-5953007124480.0,0.0,1068,0,1069,0,0,0,1069,0,1080,0,999,0,669,0,671,0,667,0,682,0.032,1.4536034330083127e+22,-0.0,2.730234856211355e+23,59536,16813,114821.109,-5953007124480.0,-0.0,-357.507,0.0,31359002.0,50.0,60.0,35,0.0,0.0,10.0,2.0,0.0,0.0,0.0,0.0,0.0,0.0,0.0,0.0,0.0,0.0,0.0,0.0,58.8,58,10,65506,27,65476,0,300,0,0,8,20529,65476,0,0,30147,60.0,0.0,10.0,10.0,2.0,0.0
2026-02-16T12:57:20,ERR,ERR,ERR,ERR,ERR,ERR,ERR,ERR,ERR,ERR,ERR,ERR,ERR,ERR,ERR,ERR,ERR,ERR,ERR,ERR,ERR,ERR,ERR,ERR,ERR,ERR,ERR,ERR,ERR,ERR,ERR,ERR,ERR,ERR,ERR,ERR,ERR,ERR,ERR,ERR,ERR,ERR,ERR,ERR,ERR,ERR,ERR,ERR,ERR,ERR,ERR,ERR,ERR,ERR,ERR,ERR,ERR,ERR,ERR,ERR,ERR,ERR,ERR,ERR,ERR,ERR,ERR,ERR,ERR,ERR,ERR,ERR,ERR,ERR,ERR,ERR,ERR,ERR,ERR,ERR,ERR,ERR,ERR,ERR,ERR,ERR,ERR,ERR,ERR,ERR,ERR,ERR,ERR,ERR,ERR,ERR,ERR,ERR,ERR,ERR,ERR,ERR,ERR,ERR,ERR,ERR,ERR,ERR,ERR,ERR,ERR,ERR,ERR,ERR,ERR,ERR,ERR,ERR,ERR,ERR,ERR,ERR,ERR,ERR,ERR,0.0,0.0,0.0,0.0,0.0,-0.0,-4.1286485057470655e+31,0.0,4300,0,8,17172,4300,0.0,41,0.0,0.0,0.0,0.0,2.7184166902131945e+23,0,0,0,0,0.0,0,0,0,0,0,0,0,0,0,0,0,0,0,0,0,0,0,0,0,0,0,0,0,0,0,0,0,0,0,0,0,0,0,9,36,36,45,65476,378,65476,1,0,4,21553,0.0,-107610720.0,0.0,0.0,0.0,0.0,0.0,0.0,0.0,0.0,0.0,0.0,0.0,0.0,0.0,0.0,0.0,0.0,0.0,0.0,0.0,2.004,2.004,2.004,-0.0,-3.697075742657269e+19,0.0,0.0,0.0,0.0,6384.0,-0.0,0.0,0.0,0.0,-0.0,-0.0,-0.0,0.0,2.004,2.004,228,89220.562,2.718427318708315e+23,0.0,0.0,0.0,0.0,0.0,0.0,0.0,0,0,0,-8.61042633242738e+33,0.0,8.417956753468895e+25,2124479744.0,2.9452936311364744e+37,24774417842176.0,0.0,-0.0,-0.0,-3.344238740365621e+37,-33591216128.0,1.1940153199827294e+23,0.0,25.659,0.0,-0.0,0,1.3516416376850534e+27,228,0.0,456,2.40156025918058e+36,-1.5870793271473597e+30,2112,52429,17109,0,17112,52429,17095,0,0,0,101,100,100,2.7302343157793998e+23,66.6,0.0,67.4,-107615272.0,66.5,1,49,50,180,39322,52429,0,0,0.0,0.0,0.0,60.0,0.027,71.0,0.0,-5953007124480.0,0.0,1068,0,1069,0,0,0,1069,0,1080,0,999,0,669,0,671,0,667,0,682,0.032,1.4536034330083127e+22,-0.0,2.730234856211355e+23,59536,16813,114821.109,-5953007124480.0,-0.0,-357.507,0.0,31359002.0,50.0,60.0,35,0.0,0.0,10.0,2.0,0.0,0.0,0.0,0.0,0.0,0.0,0.0,0.0,0.0,0.0,0.0,0.0,59.2,59,9,65504,27,65476,0,300,0,0,8,20529,65476,0,0,30147,60.0,0.0,10.0,10.0,2.0,0.0
2026-02-16T12:57:21,ERR,ERR,ERR,ERR,ERR,ERR,ERR,ERR,ERR,ERR,ERR,ERR,ERR,ERR,ERR,ERR,ERR,ERR,ERR,ERR,ERR,ERR,ERR,ERR,ERR,ERR,ERR,ERR,ERR,ERR,ERR,ERR,ERR,ERR,ERR,ERR,ERR,ERR,ERR,ERR,ERR,ERR,ERR,ERR,ERR,ERR,ERR,ERR,ERR,ERR,ERR,ERR,ERR,ERR,ERR,ERR,ERR,ERR,ERR,ERR,ERR,ERR,ERR,ERR,ERR,ERR,ERR,ERR,ERR,ERR,ERR,ERR,ERR,ERR,ERR,ERR,ERR,ERR,ERR,ERR,ERR,ERR,ERR,ERR,ERR,ERR,ERR,ERR,ERR,ERR,ERR,ERR,ERR,ERR,ERR,ERR,ERR,ERR,ERR,ERR,ERR,ERR,ERR,ERR,ERR,ERR,ERR,ERR,ERR,ERR,ERR,ERR,ERR,ERR,ERR,ERR,ERR,ERR,ERR,ERR,ERR,ERR,ERR,ERR,ERR,0.0,0.0,0.0,0.0,0.0,-0.0,-4.1286485057470655e+31,0.0,4300,0,8,17172,4300,0.0,41,0.0,0.0,0.0,0.0,2.7184166902131945e+23,0,0,0,0,0.0,0,0,0,0,0,0,0,0,0,0,0,0,0,0,0,0,0,0,0,0,0,0,0,0,0,0,0,0,0,0,0,0,0,9,36,36,45,65476,378,65476,1,0,4,21553,0.0,-107610720.0,0.0,0.0,0.0,0.0,0.0,0.0,0.0,0.0,0.0,0.0,0.0,0.0,0.0,0.0,0.0,0.0,0.0,0.0,0.0,2.004,2.004,2.004,-0.0,-3.697075742657269e+19,0.0,0.0,0.0,0.0,6384.0,-0.0,0.0,0.0,0.0,-0.0,-0.0,-0.0,0.0,2.004,2.004,228,89220.562,2.718427318708315e+23,0.0,0.0,0.0,0.0,0.0,0.0,0.0,0,0,0,-8.61042633242738e+33,0.0,8.417956753468895e+25,2124479744.0,2.9452936311364744e+37,24774417842176.0,0.0,-0.0,-0.0,-3.344238740365621e+37,-33591216128.0,1.1940153199827294e+23,0.0,25.659,0.0,-0.0,0,1.3516416376850534e+27,228,0.0,456,2.40156025918058e+36,-1.5870793271473597e+30,2112,52429,17109,0,17112,52429,17095,0,0,0,101,100,100,2.7302343157793998e+23,66.6,0.0,67.4,-107615272.0,66.5,1,49,50,180,39322,52429,0,0,0.0,0.0,0.0,60.0,0.027,71.0,0.0,-5953007124480.0,0.0,1068,0,1069,0,0,0,1069,0,1080,0,999,0,669,0,671,0,667,0,682,0.032,1.4536034330083127e+22,-0.0,2.730234856211355e+23,59536,16813,114821.109,-5953007124480.0,-0.0,-357.507,0.0,31359002.0,50.0,60.0,35,0.0,0.0,10.0,2.0,0.0,0.0,0.0,0.0,0.0,0.0,0.0,0.0,0.0,0.0,0.0,0.0,58.8,57,10,65506,27,65476,0,300,0,0,8,20529,65476,0,0,30147,60.0,0.0,10.0,10.0,2.0,0.0
2026-02-16T12:57:22,ERR,ERR,ERR,ERR,ERR,ERR,ERR,ERR,ERR,ERR,ERR,ERR,ERR,ERR,ERR,ERR,ERR,ERR,ERR,ERR,ERR,ERR,ERR,ERR,ERR,ERR,ERR,ERR,ERR,ERR,ERR,ERR,ERR,ERR,ERR,ERR,ERR,ERR,ERR,ERR,ERR,ERR,ERR,ERR,ERR,ERR,ERR,ERR,ERR,ERR,ERR,ERR,ERR,ERR,ERR,ERR,ERR,ERR,ERR,ERR,ERR,ERR,ERR,ERR,ERR,ERR,ERR,ERR,ERR,ERR,ERR,ERR,ERR,ERR,ERR,ERR,ERR,ERR,ERR,ERR,ERR,ERR,ERR,ERR,ERR,ERR,ERR,ERR,ERR,ERR,ERR,ERR,ERR,ERR,ERR,ERR,ERR,ERR,ERR,ERR,ERR,ERR,ERR,ERR,ERR,ERR,ERR,ERR,ERR,ERR,ERR,ERR,ERR,ERR,ERR,ERR,ERR,ERR,ERR,ERR,ERR,ERR,ERR,ERR,ERR,0.0,0.0,0.0,0.0,0.0,-0.0,-4.1286485057470655e+31,0.0,4300,0,8,17172,4300,0.0,41,0.0,0.0,0.0,0.0,2.7184166902131945e+23,0,0,0,0,0.0,0,0,0,0,0,0,0,0,0,0,0,0,0,0,0,0,0,0,0,0,0,0,0,0,0,0,0,0,0,0,0,0,0,9,36,36,45,65476,378,65476,1,0,4,21553,0.0,-107610720.0,0.0,0.0,0.0,0.0,0.0,0.0,0.0,0.0,0.0,0.0,0.0,0.0,0.0,0.0,0.0,0.0,0.0,0.0,0.0,2.004,2.004,2.004,-0.0,-3.697075742657269e+19,0.0,0.0,0.0,0.0,6384.0,-0.0,0.0,0.0,0.0,-0.0,-0.0,-0.0,0.0,2.004,2.004,228,89220.562,2.718427318708315e+23,0.0,0.0,0.0,0.0,0.0,0.0,0.0,0,0,0,-8.61042633242738e+33,0.0,8.417956753468895e+25,2124479744.0,2.9452936311364744e+37,24774417842176.0,0.0,-0.0,-0.0,-3.344238740365621e+37,-33591216128.0,1.1940153199827294e+23,0.0,25.659,0.0,-0.0,0,1.3516416376850534e+27,228,0.0,456,2.40156025918058e+36,-1.5870793271473597e+30,2112,52429,17109,0,17112,52429,17095,0,0,0,101,100,100,2.7302343157793998e+23,66.6,0.0,67.4,-107615272.0,66.5,1,49,50,180,39322,52429,0,0,0.0,0.0,0.0,60.0,12599950.0,71.0,0.0,0.0,0.0,1068,0,1069,0,0,0,1069,0,1080,0,999,0,669,0,671,0,667,0,682,0.032,1.4536034330083127e+22,-0.0,2.730234856211355e+23,7056,16814,12599950.0,0.0,-7.994140456932058e+31,0.0,1.3564749797802705e+27,-75833114624.0,50.0,60.0,35,0.0,0.0,10.0,2.0,0.0,0.0,0.0,0.0,0.0,0.0,0.0,0.0,0.0,0.0,0.0,0.0,58.8,57,10,65506,27,65476,0,300,0,0,8,20529,65476,0,0,30147,60.0,0.0,10.0,10.0,2.0,0.0
2026-02-16T12:57:23,ERR,ERR,ERR,ERR,ERR,ERR,ERR,ERR,ERR,ERR,ERR,ERR,ERR,ERR,ERR,ERR,ERR,ERR,ERR,ERR,ERR,ERR,ERR,ERR,ERR,ERR,ERR,ERR,ERR,ERR,ERR,ERR,ERR,ERR,ERR,ERR,ERR,ERR,ERR,ERR,ERR,ERR,ERR,ERR,ERR,ERR,ERR,ERR,ERR,ERR,ERR,ERR,ERR,ERR,ERR,ERR,ERR,ERR,ERR,ERR,ERR,ERR,ERR,ERR,ERR,ERR,ERR,ERR,ERR,ERR,ERR,ERR,ERR,ERR,ERR,ERR,ERR,ERR,ERR,ERR,ERR,ERR,ERR,ERR,ERR,ERR,ERR,ERR,ERR,ERR,ERR,ERR,ERR,ERR,ERR,ERR,ERR,ERR,ERR,ERR,ERR,ERR,ERR,ERR,ERR,ERR,ERR,ERR,ERR,ERR,ERR,ERR,ERR,ERR,ERR,ERR,ERR,ERR,ERR,ERR,ERR,ERR,ERR,ERR,ERR,0.0,0.0,0.0,0.0,0.0,-0.0,-4.1286485057470655e+31,0.0,4300,0,8,17172,4300,0.0,41,0.0,0.0,0.0,0.0,2.7184166902131945e+23,0,0,0,0,0.0,0,0,0,0,0,0,0,0,0,0,0,0,0,0,0,0,0,0,0,0,0,0,0,0,0,0,0,0,0,0,0,0,0,9,36,36,45,65476,378,65476,1,0,4,21553,0.0,-107610720.0,0.0,0.0,0.0,0.0,0.0,0.0,0.0,0.0,0.0,0.0,0.0,0.0,0.0,0.0,0.0,0.0,0.0,0.0,0.0,2.004,2.004,2.004,-0.0,-3.697075742657269e+19,0.0,0.0,0.0,0.0,6384.0,-0.0,0.0,0.0,0.0,-0.0,-0.0,-0.0,0.0,2.004,2.004,228,89220.562,2.718427318708315e+23,0.0,0.0,0.0,0.0,0.0,0.0,0.0,0,0,0,-8.61042633242738e+33,0.0,8.417956753468895e+25,2124479744.0,2.9452936311364744e+37,24774417842176.0,0.0,-0.0,-0.0,-3.344238740365621e+37,-33591216128.0,1.1940153199827294e+23,0.0,25.659,0.0,-0.0,0,1.3516416376850534e+27,228,0.0,456,2.40156025918058e+36,-1.5870793271473597e+30,2112,52429,17109,0,17112,52429,17095,0,0,0,101,100,100,2.7302343157793998e+23,66.6,0.0,67.4,-107615272.0,66.5,1,49,50,180,39322,52429,0,0,0.0,0.0,0.0,60.0,12599950.0,71.0,0.0,0.0,0.0,1068,0,1069,0,0,0,1069,0,1080,0,999,0,669,0,671,0,667,0,682,0.032,1.4536034330083127e+22,-0.0,2.730234856211355e+23,7056,16814,12599950.0,0.0,-7.994140456932058e+31,0.0,1.3564749797802705e+27,-75833114624.0,50.0,60.0,35,0.0,0.0,10.0,2.0,0.0,0.0,0.0,0.0,0.0,0.0,0.0,0.0,0.0,0.0,0.0,0.0,58.8,57,10,65506,27,65476,0,300,0,0,8,20529,65476,0,0,30147,60.0,0.0,10.0,10.0,2.0,0.0
2026-02-16T12:57:24,ERR,ERR,ERR,ERR,ERR,ERR,ERR,ERR,ERR,ERR,ERR,ERR,ERR,ERR,ERR,ERR,ERR,ERR,ERR,ERR,ERR,ERR,ERR,ERR,ERR,ERR,ERR,ERR,ERR,ERR,ERR,ERR,ERR,ERR,ERR,ERR,ERR,ERR,ERR,ERR,ERR,ERR,ERR,ERR,ERR,ERR,ERR,ERR,ERR,ERR,ERR,ERR,ERR,ERR,ERR,ERR,ERR,ERR,ERR,ERR,ERR,ERR,ERR,ERR,ERR,ERR,ERR,ERR,ERR,ERR,ERR,ERR,ERR,ERR,ERR,ERR,ERR,ERR,ERR,ERR,ERR,ERR,ERR,ERR,ERR,ERR,ERR,ERR,ERR,ERR,ERR,ERR,ERR,ERR,ERR,ERR,ERR,ERR,ERR,ERR,ERR,ERR,ERR,ERR,ERR,ERR,ERR,ERR,ERR,ERR,ERR,ERR,ERR,ERR,ERR,ERR,ERR,ERR,ERR,ERR,ERR,ERR,ERR,ERR,ERR,0.0,0.0,0.0,0.0,0.0,1.1868644708317113e+32,-0.0,0.0,4300,0,8,17171,4300,0.0,41,0.0,0.0,0.0,0.0,2.7184166902131945e+23,0,0,0,0,0.0,0,0,0,0,0,0,0,0,0,0,0,0,0,0,0,0,0,0,0,0,0,0,0,0,0,0,0,0,0,0,0,0,0,9,36,36,45,65476,377,65476,1,0,4,21553,0.0,0.0,0.0,0.0,0.0,0.0,0.0,0.0,0.0,0.0,0.0,0.0,0.0,0.0,0.0,0.0,0.0,0.0,0.0,0.0,0.0,2.004,2.004,2.004,-0.0,-3.697075742657269e+19,0.0,0.0,0.0,0.0,6385.0,-0.0,0.0,0.0,0.0,2.7184503771384073e+23,-0.0,0.0,0.0,2.004,2.004,228,1.9056859227671757e+17,-0.0,0.0,0.0,0.0,0.0,0.0,0.0,0.0,0,0,0,-3.804888100232147e+21,-0.0,254031600.0,-2.0588257248531986e+36,1.4784825241798078e+32,0.0,-1.511386161718753e+27,-0.0,6.637209857553544e+19,-3.5602382896806698e+37,-36312354816.0,1.2707537753293612e+23,0.0,27.159,0.0,-0.0,0,1.3516416376850534e+27,228,0.0,456,2.40156025918058e+36,-0.0,2112,52429,17109,0,17112,52429,17095,0,0,0,101,100,100,2.7302343157793998e+23,66.6,0.0,67.4,-107615272.0,66.5,1,49,50,180,39322,52429,0,0,0.0,0.0,0.0,60.0,12599950.0,71.0,0.0,0.0,0.0,1068,0,1069,0,0,0,1069,0,1080,0,999,0,669,0,671,0,667,0,682,0.032,1.4536034330083127e+22,-0.0,2.730234856211355e+23,7056,16814,12599950.0,0.0,-7.994140456932058e+31,0.0,1.3564749797802705e+27,-75833114624.0,50.0,60.0,35,0.0,0.0,10.0,2.0,0.0,0.0,0.0,0.0,0.0,0.0,0.0,0.0,0.0,0.0,0.0,0.0,58.8,57,10,65506,27,65476,0,300,0,0,8,20529,65476,0,0,30147,60.0,0.0,10.0,10.0,2.0,0.0
2026-02-16T12:57:25,ERR,ERR,ERR,ERR,ERR,ERR,ERR,ERR,ERR,ERR,ERR,ERR,ERR,ERR,ERR,ERR,ERR,ERR,ERR,ERR,ERR,ERR,ERR,ERR,ERR,ERR,ERR,ERR,ERR,ERR,ERR,ERR,ERR,ERR,ERR,ERR,ERR,ERR,ERR,ERR,ERR,ERR,ERR,ERR,ERR,ERR,ERR,ERR,ERR,ERR,ERR,ERR,ERR,ERR,ERR,ERR,ERR,ERR,ERR,ERR,ERR,ERR,ERR,ERR,ERR,ERR,ERR,ERR,ERR,ERR,ERR,ERR,ERR,ERR,ERR,ERR,ERR,ERR,ERR,ERR,ERR,ERR,ERR,ERR,ERR,ERR,ERR,ERR,ERR,ERR,ERR,ERR,ERR,ERR,ERR,ERR,ERR,ERR,ERR,ERR,ERR,ERR,ERR,ERR,ERR,ERR,ERR,ERR,ERR,ERR,ERR,ERR,ERR,ERR,ERR,ERR,ERR,ERR,ERR,ERR,ERR,ERR,ERR,ERR,ERR,0.0,0.0,0.0,0.0,0.0,1.1868644708317113e+32,-0.0,0.0,4300,0,8,17171,4300,0.0,41,0.0,0.0,0.0,0.0,2.7184166902131945e+23,0,0,0,0,0.0,0,0,0,0,0,0,0,0,0,0,0,0,0,0,0,0,0,0,0,0,0,0,0,0,0,0,0,0,0,0,0,0,0,9,36,36,45,65476,377,65476,1,0,4,21553,0.0,0.0,0.0,0.0,0.0,0.0,0.0,0.0,0.0,0.0,0.0,0.0,0.0,0.0,0.0,0.0,0.0,0.0,0.0,0.0,0.0,2.004,2.004,2.004,-0.0,-3.697075742657269e+19,0.0,0.0,0.0,0.0,6385.0,-0.0,0.0,0.0,0.0,2.7184503771384073e+23,-0.0,0.0,0.0,2.004,2.004,228,1.9056859227671757e+17,-0.0,0.0,0.0,0.0,0.0,0.0,0.0,0.0,0,0,0,-3.804888100232147e+21,-0.0,254031600.0,-2.0588257248531986e+36,1.4784825241798078e+32,0.0,-1.511386161718753e+27,-0.0,6.637209857553544e+19,-3.5602382896806698e+37,-36312354816.0,1.2707537753293612e+23,0.0,27.159,0.0,-0.0,0,1.3516416376850534e+27,228,0.0,456,2.40156025918058e+36,-0.0,2112,52429,17109,0,17112,52429,17095,0,0,0,101,100,100,2.7302343157793998e+23,66.6,0.0,67.4,-107615272.0,66.5,1,49,50,180,39322,52429,0,0,0.0,0.0,0.0,60.0,46146.555,71.0,0.0,-4385252835328.0,0.0,1068,0,1069,0,0,0,1069,0,1079,0,999,0,669,0,671,0,667,0,682,0.032,1.4609821306377965e+22,-0.0,2.730234856211355e+23,4240,16814,1830897408.0,1.4295387921512666e+35,0.0,1.0738465353026765e+17,-0.0,-27168.025,50.0,60.0,35,0.0,0.0,10.0,2.0,0.0,0.0,0.0,0.0,0.0,0.0,0.0,0.0,0.0,0.0,0.0,0.0,58.8,57,10,65506,27,65476,0,300,0,0,8,20529,65476,0,0,30147,60.0,0.0,10.0,10.0,2.0,0.0
2026-02-16T12:57:26,ERR,ERR,ERR,ERR,ERR,ERR,ERR,ERR,ERR,ERR,ERR,ERR,ERR,ERR,ERR,ERR,ERR,ERR,ERR,ERR,ERR,ERR,ERR,ERR,ERR,ERR,ERR,ERR,ERR,ERR,ERR,ERR,ERR,ERR,ERR,ERR,ERR,ERR,ERR,ERR,ERR,ERR,ERR,ERR,ERR,ERR,ERR,ERR,ERR,ERR,ERR,ERR,ERR,ERR,ERR,ERR,ERR,ERR,ERR,ERR,ERR,ERR,ERR,ERR,ERR,ERR,ERR,ERR,ERR,ERR,ERR,ERR,ERR,ERR,ERR,ERR,ERR,ERR,ERR,ERR,ERR,ERR,ERR,ERR,ERR,ERR,ERR,ERR,ERR,ERR,ERR,ERR,ERR,ERR,ERR,ERR,ERR,ERR,ERR,ERR,ERR,ERR,ERR,ERR,ERR,ERR,ERR,ERR,ERR,ERR,ERR,ERR,ERR,ERR,ERR,ERR,ERR,ERR,ERR,ERR,ERR,ERR,ERR,ERR,ERR,0.0,0.0,0.0,0.0,0.0,1.1868644708317113e+32,-0.0,0.0,4300,0,8,17171,4300,0.0,41,0.0,0.0,0.0,0.0,2.7184166902131945e+23,0,0,0,0,0.0,0,0,0,0,0,0,0,0,0,0,0,0,0,0,0,0,0,0,0,0,0,0,0,0,0,0,0,0,0,0,0,0,0,9,36,36,45,65476,377,65476,1,0,4,21553,0.0,0.0,0.0,0.0,0.0,0.0,0.0,0.0,0.0,0.0,0.0,0.0,0.0,0.0,0.0,0.0,0.0,0.0,0.0,0.0,0.0,2.004,2.004,2.004,-0.0,-3.697075742657269e+19,0.0,0.0,0.0,0.0,6385.0,-0.0,0.0,0.0,0.0,2.7184503771384073e+23,-0.0,0.0,0.0,2.004,2.004,228,1.9056859227671757e+17,-0.0,0.0,0.0,0.0,0.0,0.0,0.0,0.0,0,0,0,-3.804888100232147e+21,-0.0,254031600.0,-2.0588257248531986e+36,1.4784825241798078e+32,0.0,-1.511386161718753e+27,-0.0,6.637209857553544e+19,-3.5602382896806698e+37,-36312354816.0,1.2707537753293612e+23,0.0,27.159,0.0,-0.0,0,1.3516416376850534e+27,228,0.0,456,2.40156025918058e+36,-0.0,2112,52429,17109,0,17112,52429,17095,0,0,0,101,100,100,2.7302343157793998e+23,66.6,0.0,67.4,-107615272.0,66.5,1,49,50,180,39322,52429,0,0,0.0,0.0,0.0,60.0,46146.555,71.0,0.0,-4385252835328.0,0.0,1068,0,1069,0,0,0,1069,0,1079,0,999,0,669,0,671,0,667,0,682,0.032,1.4609821306377965e+22,-0.0,2.730234856211355e+23,4240,16814,1830897408.0,1.4295387921512666e+35,0.0,1.0738465353026765e+17,-0.0,-27168.025,50.0,60.0,35,0.0,0.0,10.0,2.0,0.0,0.0,0.0,0.0,0.0,0.0,0.0,0.0,0.0,0.0,0.0,0.0,58.8,57,10,65506,27,65476,0,300,0,0,8,20529,65476,0,0,30147,60.0,0.0,10.0,10.0,2.0,0.0
2026-02-16T12:57:27,ERR,ERR,ERR,ERR,ERR,ERR,ERR,ERR,ERR,ERR,ERR,ERR,ERR,ERR,ERR,ERR,ERR,ERR,ERR,ERR,ERR,ERR,ERR,ERR,ERR,ERR,ERR,ERR,ERR,ERR,ERR,ERR,ERR,ERR,ERR,ERR,ERR,ERR,ERR,ERR,ERR,ERR,ERR,ERR,ERR,ERR,ERR,ERR,ERR,ERR,ERR,ERR,ERR,ERR,ERR,ERR,ERR,ERR,ERR,ERR,ERR,ERR,ERR,ERR,ERR,ERR,ERR,ERR,ERR,ERR,ERR,ERR,ERR,ERR,ERR,ERR,ERR,ERR,ERR,ERR,ERR,ERR,ERR,ERR,ERR,ERR,ERR,ERR,ERR,ERR,ERR,ERR,ERR,ERR,ERR,ERR,ERR,ERR,ERR,ERR,ERR,ERR,ERR,ERR,ERR,ERR,ERR,ERR,ERR,ERR,ERR,ERR,ERR,ERR,ERR,ERR,ERR,ERR,ERR,ERR,ERR,ERR,ERR,ERR,ERR,0.0,0.0,0.0,0.0,0.0,1.1868644708317113e+32,-0.0,0.0,4300,0,8,17171,4300,0.0,41,0.0,0.0,0.0,0.0,2.7184166902131945e+23,0,0,0,0,0.0,0,0,0,0,0,0,0,0,0,0,0,0,0,0,0,0,0,0,0,0,0,0,0,0,0,0,0,0,0,0,0,0,0,9,36,36,45,65476,377,65476,1,0,4,21553,0.0,0.0,0.0,0.0,0.0,0.0,0.0,0.0,0.0,0.0,0.0,0.0,0.0,0.0,0.0,0.0,0.0,0.0,0.0,0.0,0.0,2.004,2.004,2.004,-0.0,-3.697075742657269e+19,0.0,0.0,0.0,0.0,6385.0,-0.0,0.0,0.0,0.0,2.7184503771384073e+23,-0.0,0.0,0.0,2.004,2.004,228,1.9056859227671757e+17,-0.0,0.0,0.0,0.0,0.0,0.0,0.0,0.0,0,0,0,-3.804888100232147e+21,-0.0,254031600.0,-2.0588257248531986e+36,1.4784825241798078e+32,0.0,-1.511386161718753e+27,-0.0,6.637209857553544e+19,-3.5602382896806698e+37,-36312354816.0,1.2707537753293612e+23,0.0,27.159,0.0,-0.0,0,1.3516416376850534e+27,228,0.0,456,2.40156025918058e+36,-0.0,2112,52429,17109,0,17112,52429,17095,0,0,0,101,100,100,2.7302343157793998e+23,66.6,0.0,67.4,-107615272.0,66.5,1,49,50,180,39322,52429,0,0,0.0,0.0,0.0,60.0,46146.555,71.0,0.0,-4385252835328.0,0.0,1068,0,1069,0,0,0,1069,0,1079,0,999,0,669,0,671,0,667,0,682,0.032,1.4609821306377965e+22,-0.0,2.730234856211355e+23,4240,16814,1830897408.0,1.4295387921512666e+35,0.0,1.0738465353026765e+17,-0.0,-27168.025,50.0,60.0,35,0.0,0.0,10.0,2.0,0.0,0.0,0.0,0.0,0.0,0.0,0.0,0.0,0.0,0.0,0.0,0.0,58.8,57,10,65506,27,65476,0,300,0,0,8,20529,65476,0,0,30147,60.0,0.0,10.0,10.0,2.0,0.0
2026-02-16T12:57:28,ERR,ERR,ERR,ERR,ERR,ERR,ERR,ERR,ERR,ERR,ERR,ERR,ERR,ERR,ERR,ERR,ERR,ERR,ERR,ERR,ERR,ERR,ERR,ERR,ERR,ERR,ERR,ERR,ERR,ERR,ERR,ERR,ERR,ERR,ERR,ERR,ERR,ERR,ERR,ERR,ERR,ERR,ERR,ERR,ERR,ERR,ERR,ERR,ERR,ERR,ERR,ERR,ERR,ERR,ERR,ERR,ERR,ERR,ERR,ERR,ERR,ERR,ERR,ERR,ERR,ERR,ERR,ERR,ERR,ERR,ERR,ERR,ERR,ERR,ERR,ERR,ERR,ERR,ERR,ERR,ERR,ERR,ERR,ERR,ERR,ERR,ERR,ERR,ERR,ERR,ERR,ERR,ERR,ERR,ERR,ERR,ERR,ERR,ERR,ERR,ERR,ERR,ERR,ERR,ERR,ERR,ERR,ERR,ERR,ERR,ERR,ERR,ERR,ERR,ERR,ERR,ERR,ERR,ERR,ERR,ERR,ERR,ERR,ERR,ERR,0.0,0.0,0.0,0.0,0.0,1.1868644708317113e+32,-0.0,0.0,4300,0,8,17171,4300,0.0,41,0.0,0.0,0.0,0.0,2.7184166902131945e+23,0,0,0,0,0.0,0,0,0,0,0,0,0,0,0,0,0,0,0,0,0,0,0,0,0,0,0,0,0,0,0,0,0,0,0,0,0,0,0,9,36,36,45,65476,377,65476,1,0,4,21553,0.0,0.0,0.0,0.0,0.0,0.0,0.0,0.0,0.0,0.0,0.0,0.0,0.0,0.0,0.0,0.0,0.0,0.0,0.0,0.0,0.0,2.004,2.004,2.004,-0.0,-3.697075742657269e+19,0.0,0.0,0.0,0.0,6385.0,-0.0,0.0,0.0,0.0,2.7184503771384073e+23,-0.0,0.0,0.0,2.004,2.004,228,1.9056859227671757e+17,-0.0,0.0,0.0,0.0,0.0,0.0,0.0,0.0,0,0,0,-3.804888100232147e+21,-0.0,254031600.0,-2.0588257248531986e+36,1.4784825241798078e+32,0.0,-1.511386161718753e+27,-0.0,6.637209857553544e+19,-3.5602382896806698e+37,-36312354816.0,1.2707537753293612e+23,0.0,27.159,0.0,-0.0,0,1.3516416376850534e+27,228,0.0,456,2.40156025918058e+36,-0.0,2112,52429,17109,0,17112,52429,17095,0,0,0,101,100,100,2.7302343157793998e+23,66.6,0.0,67.4,-107615272.0,66.5,1,49,50,180,39322,52429,0,0,0.0,0.0,0.0,60.0,1954.08,71.0,0.0,2.768187884007508e+38,0.0,1068,0,1069,0,0,0,1069,0,1079,0,999,0,669,0,671,0,667,0,682,0.032,1.4536034330083127e+22,-0.0,2.730234856211355e+23,46480,16813,0.001,2.768187884007508e+38,0.0,-3852.056,-0.0,-5.3954436700653355e+31,50.0,60.0,35,0.0,0.0,10.0,2.0,0.0,0.0,0.0,0.0,0.0,0.0,0.0,0.0,0.0,0.0,0.0,0.0,58.8,57,10,65506,27,65476,0,300,0,0,8,20529,65476,0,0,30147,60.0,0.0,10.0,10.0,2.0,0.0
2026-02-16T12:57:29,ERR,ERR,ERR,ERR,ERR,ERR,ERR,ERR,ERR,ERR,ERR,ERR,ERR,ERR,ERR,ERR,ERR,ERR,ERR,ERR,ERR,ERR,ERR,ERR,ERR,ERR,ERR,ERR,ERR,ERR,ERR,ERR,ERR,ERR,ERR,ERR,ERR,ERR,ERR,ERR,ERR,ERR,ERR,ERR,ERR,ERR,ERR,ERR,ERR,ERR,ERR,ERR,ERR,ERR,ERR,ERR,ERR,ERR,ERR,ERR,ERR,ERR,ERR,ERR,ERR,ERR,ERR,ERR,ERR,ERR,ERR,ERR,ERR,ERR,ERR,ERR,ERR,ERR,ERR,ERR,ERR,ERR,ERR,ERR,ERR,ERR,ERR,ERR,ERR,ERR,ERR,ERR,ERR,ERR,ERR,ERR,ERR,ERR,ERR,ERR,ERR,ERR,ERR,ERR,ERR,ERR,ERR,ERR,ERR,ERR,ERR,ERR,ERR,ERR,ERR,ERR,ERR,ERR,ERR,ERR,ERR,ERR,ERR,ERR,ERR,-107615880.0,0.0,2.7184073227259696e+23,0.0,-0.0,4.648864454561284e+34,-0.0,-0.0,4300,0,8,17171,4300,0.0,41,0.0,0.0,0.0,0.0,-0.0,0,0,0,0,0.0,0,0,0,0,0,0,0,0,0,0,0,0,0,0,0,0,0,0,0,0,0,0,0,0,0,0,0,0,0,0,0,0,0,9,36,36,45,65476,376,65476,1,0,4,21553,0.0,0.0,0.0,0.0,0.0,0.0,0.0,0.0,0.0,0.0,0.0,0.0,0.0,0.0,0.0,0.0,0.0,0.0,0.0,0.0,0.0,2.004,2.004,2.004,-0.0,-2.004,0.0,0.0,0.0,0.0,6410.0,0.0,0.0,0.0,0.0,2.7184503771384073e+23,2.7184507374263774e+23,0.0,0.0,2.004,2.004,227,0.0,0.0,0.0,0.0,0.0,0.0,0.0,0.0,0.0,0,0,0,-4.801319888381542e+18,-65491708149760.0,1703069745152.0,0.0,8.934945505055827e+33,-1.408,-1.4304112627679232e+16,3.044059774513365e+22,0.0,-3.759622489048407e+37,-39265144832.0,1.3356863144688188e+23,0.0,28.409,0.0,-0.0,0,1.3516416376850534e+27,227,0.0,454,2.40156025918058e+36,0.0,2112,52429,17109,0,17112,52429,17095,0,0,0,101,100,100,2.7302343157793998e+23,66.6,0.0,67.4,-107615272.0,66.5,1,49,50,180,39322,52429,0,0,0.0,0.0,0.0,60.0,1954.08,71.0,0.0,2.768187884007508e+38,0.0,1068,0,1069,0,0,0,1069,0,1079,0,999,0,669,0,671,0,667,0,682,0.032,1.4536034330083127e+22,-0.0,2.730234856211355e+23,46480,16813,0.001,2.768187884007508e+38,0.0,-3852.056,-0.0,-5.3954436700653355e+31,50.0,60.0,35,0.0,0.0,10.0,2.0,0.0,0.0,0.0,0.0,0.0,0.0,0.0,0.0,0.0,0.0,0.0,0.0,58.8,56,10,65507,27,65476,0,300,0,0,8,20529,65476,0,0,30147,60.0,0.0,10.0,10.0,2.0,0.0
2026-02-16T12:57:30,ERR,ERR,ERR,ERR,ERR,ERR,ERR,ERR,ERR,ERR,ERR,ERR,ERR,ERR,ERR,ERR,ERR,ERR,ERR,ERR,ERR,ERR,ERR,ERR,ERR,ERR,ERR,ERR,ERR,ERR,ERR,ERR,ERR,ERR,ERR,ERR,ERR,ERR,ERR,ERR,ERR,ERR,ERR,ERR,ERR,ERR,ERR,ERR,ERR,ERR,ERR,ERR,ERR,ERR,ERR,ERR,ERR,ERR,ERR,ERR,ERR,ERR,ERR,ERR,ERR,ERR,ERR,ERR,ERR,ERR,ERR,ERR,ERR,ERR,ERR,ERR,ERR,ERR,ERR,ERR,ERR,ERR,ERR,ERR,ERR,ERR,ERR,ERR,ERR,ERR,ERR,ERR,ERR,ERR,ERR,ERR,ERR,ERR,ERR,ERR,ERR,ERR,ERR,ERR,ERR,ERR,ERR,ERR,ERR,ERR,ERR,ERR,ERR,ERR,ERR,ERR,ERR,ERR,ERR,ERR,ERR,ERR,ERR,ERR,ERR,-107615880.0,0.0,2.7184073227259696e+23,0.0,-0.0,4.648864454561284e+34,-0.0,-0.0,4300,0,8,17171,4300,0.0,41,0.0,0.0,0.0,0.0,-0.0,0,0,0,0,0.0,0,0,0,0,0,0,0,0,0,0,0,0,0,0,0,0,0,0,0,0,0,0,0,0,0,0,0,0,0,0,0,0,0,9,36,36,45,65476,376,65476,1,0,4,21553,0.0,0.0,0.0,0.0,0.0,0.0,0.0,0.0,0.0,0.0,0.0,0.0,0.0,0.0,0.0,0.0,0.0,0.0,0.0,0.0,0.0,2.004,2.004,2.004,-0.0,-2.004,0.0,0.0,0.0,0.0,6410.0,0.0,0.0,0.0,0.0,2.7184503771384073e+23,2.7184507374263774e+23,0.0,0.0,2.004,2.004,227,0.0,0.0,0.0,0.0,0.0,0.0,0.0,0.0,0.0,0,0,0,-4.801319888381542e+18,-65491708149760.0,1703069745152.0,0.0,8.934945505055827e+33,-1.408,-1.4304112627679232e+16,3.044059774513365e+22,0.0,-3.759622489048407e+37,-39265144832.0,1.3356863144688188e+23,0.0,28.409,0.0,-0.0,0,1.3516416376850534e+27,227,0.0,454,2.40156025918058e+36,0.0,2112,52429,17109,0,17112,52429,17095,0,0,0,101,100,100,2.7302343157793998e+23,66.6,0.0,67.4,-107615272.0,66.5,1,49,50,180,39322,52429,0,0,0.0,0.0,0.0,60.0,1954.08,71.0,0.0,2.768187884007508e+38,0.0,1068,0,1069,0,0,0,1069,0,1079,0,999,0,669,0,671,0,667,0,682,0.032,1.4536034330083127e+22,-0.0,2.730234856211355e+23,46480,16813,0.001,2.768187884007508e+38,0.0,-3852.056,-0.0,-5.3954436700653355e+31,50.0,60.0,35,0.0,0.0,10.0,2.0,0.0,0.0,0.0,0.0,0.0,0.0,0.0,0.0,0.0,0.0,0.0,0.0,58.8,56,10,65507,27,65476,0,300,0,0,8,20529,65476,0,0,30147,60.0,0.0,10.0,10.0,2.0,0.0
2026-02-16T12:57:31,ERR,ERR,ERR,ERR,ERR,ERR,ERR,ERR,ERR,ERR,ERR,ERR,ERR,ERR,ERR,ERR,ERR,ERR,ERR,ERR,ERR,ERR,ERR,ERR,ERR,ERR,ERR,ERR,ERR,ERR,ERR,ERR,ERR,ERR,ERR,ERR,ERR,ERR,ERR,ERR,ERR,ERR,ERR,ERR,ERR,ERR,ERR,ERR,ERR,ERR,ERR,ERR,ERR,ERR,ERR,ERR,ERR,ERR,ERR,ERR,ERR,ERR,ERR,ERR,ERR,ERR,ERR,ERR,ERR,ERR,ERR,ERR,ERR,ERR,ERR,ERR,ERR,ERR,ERR,ERR,ERR,ERR,ERR,ERR,ERR,ERR,ERR,ERR,ERR,ERR,ERR,ERR,ERR,ERR,ERR,ERR,ERR,ERR,ERR,ERR,ERR,ERR,ERR,ERR,ERR,ERR,ERR,ERR,ERR,ERR,ERR,ERR,ERR,ERR,ERR,ERR,ERR,ERR,ERR,ERR,ERR,ERR,ERR,ERR,ERR,-107615880.0,0.0,2.7184073227259696e+23,0.0,-0.0,4.648864454561284e+34,-0.0,-0.0,4300,0,8,17171,4300,0.0,41,0.0,0.0,0.0,0.0,-0.0,0,0,0,0,0.0,0,0,0,0,0,0,0,0,0,0,0,0,0,0,0,0,0,0,0,0,0,0,0,0,0,0,0,0,0,0,0,0,0,9,36,36,45,65476,376,65476,1,0,4,21553,0.0,0.0,0.0,0.0,0.0,0.0,0.0,0.0,0.0,0.0,0.0,0.0,0.0,0.0,0.0,0.0,0.0,0.0,0.0,0.0,0.0,2.004,2.004,2.004,-0.0,-2.004,0.0,0.0,0.0,0.0,6410.0,0.0,0.0,0.0,0.0,2.7184503771384073e+23,2.7184507374263774e+23,0.0,0.0,2.004,2.004,227,0.0,0.0,0.0,0.0,0.0,0.0,0.0,0.0,0.0,0,0,0,-4.801319888381542e+18,-65491708149760.0,1703069745152.0,0.0,8.934945505055827e+33,-1.408,-1.4304112627679232e+16,3.044059774513365e+22,0.0,-3.759622489048407e+37,-39265144832.0,1.3356863144688188e+23,0.0,28.409,0.0,-0.0,0,1.3516416376850534e+27,227,0.0,454,2.40156025918058e+36,0.0,2112,52429,17109,0,17112,52429,17095,0,0,0,101,100,100,2.7302343157793998e+23,66.6,0.0,67.4,-107615272.0,66.5,1,49,50,180,39322,52429,0,0,0.0,0.0,0.0,60.0,1954.08,71.0,0.0,2.768187884007508e+38,0.0,1068,0,1069,0,0,0,1069,0,1079,0,999,0,669,0,671,0,667,0,682,0.032,1.4536034330083127e+22,-0.0,2.730234856211355e+23,46480,16813,0.001,2.768187884007508e+38,0.0,-3852.056,-0.0,-5.3954436700653355e+31,50.0,60.0,35,0.0,0.0,10.0,2.0,0.0,0.0,0.0,0.0,0.0,0.0,0.0,0.0,0.0,0.0,0.0,0.0,58.8,56,10,65507,27,65476,0,300,0,0,8,20529,65476,0,0,30147,60.0,0.0,10.0,10.0,2.0,0.0
2026-02-16T12:57:32,ERR,ERR,ERR,ERR,ERR,ERR,ERR,ERR,ERR,ERR,ERR,ERR,ERR,ERR,ERR,ERR,ERR,ERR,ERR,ERR,ERR,ERR,ERR,ERR,ERR,ERR,ERR,ERR,ERR,ERR,ERR,ERR,ERR,ERR,ERR,ERR,ERR,ERR,ERR,ERR,ERR,ERR,ERR,ERR,ERR,ERR,ERR,ERR,ERR,ERR,ERR,ERR,ERR,ERR,ERR,ERR,ERR,ERR,ERR,ERR,ERR,ERR,ERR,ERR,ERR,ERR,ERR,ERR,ERR,ERR,ERR,ERR,ERR,ERR,ERR,ERR,ERR,ERR,ERR,ERR,ERR,ERR,ERR,ERR,ERR,ERR,ERR,ERR,ERR,ERR,ERR,ERR,ERR,ERR,ERR,ERR,ERR,ERR,ERR,ERR,ERR,ERR,ERR,ERR,ERR,ERR,ERR,ERR,ERR,ERR,ERR,ERR,ERR,ERR,ERR,ERR,ERR,ERR,ERR,ERR,ERR,ERR,ERR,ERR,ERR,-107615880.0,0.0,2.7184073227259696e+23,0.0,-0.0,4.648864454561284e+34,-0.0,-0.0,4300,0,8,17171,4300,0.0,41,0.0,0.0,0.0,0.0,-0.0,0,0,0,0,0.0,0,0,0,0,0,0,0,0,0,0,0,0,0,0,0,0,0,0,0,0,0,0,0,0,0,0,0,0,0,0,0,0,0,9,36,36,45,65476,376,65476,1,0,4,21553,0.0,0.0,0.0,0.0,0.0,0.0,0.0,0.0,0.0,0.0,0.0,0.0,0.0,0.0,0.0,0.0,0.0,0.0,0.0,0.0,0.0,2.004,2.004,2.004,-0.0,-2.004,0.0,0.0,0.0,0.0,6410.0,0.0,0.0,0.0,0.0,2.7184503771384073e+23,2.7184507374263774e+23,0.0,0.0,2.004,2.004,227,0.0,0.0,0.0,0.0,0.0,0.0,0.0,0.0,0.0,0,0,0,-4.801319888381542e+18,-65491708149760.0,1703069745152.0,0.0,8.934945505055827e+33,-1.408,-1.4304112627679232e+16,3.044059774513365e+22,0.0,-3.759622489048407e+37,-39265144832.0,1.3356863144688188e+23,0.0,28.409,0.0,-0.0,0,1.3516416376850534e+27,227,0.0,454,2.40156025918058e+36,0.0,2112,52429,17109,0,17112,52429,17095,0,0,0,101,100,100,2.7302343157793998e+23,66.6,0.0,67.4,-107615272.0,66.5,1,49,50,180,39322,52429,0,0,0.0,0.0,0.0,60.0,0.176,71.0,0.0,-0.0,0.0,1068,0,1069,0,0,0,1069,0,1080,0,999,0,669,0,671,0,667,0,682,0.032,1.4609821306377965e+22,-0.0,2.730234856211355e+23,5904,16814,0.176,-0.0,0.0,-0.0,-0.0,-1.0118760287358434e+38,50.0,60.0,35,0.0,0.0,10.0,2.0,0.0,0.0,0.0,0.0,0.0,0.0,0.0,0.0,0.0,0.0,0.0,0.0,58.8,56,10,65507,27,65476,0,300,0,0,8,20529,65476,0,0,30147,60.0,0.0,10.0,10.0,2.0,0.0
2026-02-16T12:57:33,ERR,ERR,ERR,ERR,ERR,ERR,ERR,ERR,ERR,ERR,ERR,ERR,ERR,ERR,ERR,ERR,ERR,ERR,ERR,ERR,ERR,ERR,ERR,ERR,ERR,ERR,ERR,ERR,ERR,ERR,ERR,ERR,ERR,ERR,ERR,ERR,ERR,ERR,ERR,ERR,ERR,ERR,ERR,ERR,ERR,ERR,ERR,ERR,ERR,ERR,ERR,ERR,ERR,ERR,ERR,ERR,ERR,ERR,ERR,ERR,ERR,ERR,ERR,ERR,ERR,ERR,ERR,ERR,ERR,ERR,ERR,ERR,ERR,ERR,ERR,ERR,ERR,ERR,ERR,ERR,ERR,ERR,ERR,ERR,ERR,ERR,ERR,ERR,ERR,ERR,ERR,ERR,ERR,ERR,ERR,ERR,ERR,ERR,ERR,ERR,ERR,ERR,ERR,ERR,ERR,ERR,ERR,ERR,ERR,ERR,ERR,ERR,ERR,ERR,ERR,ERR,ERR,ERR,ERR,ERR,ERR,ERR,ERR,ERR,ERR,0.0,0.0,0.0,0.0,0.0,26378790.0,1.1468100298405127e+23,3.589374950328238e+18,4300,0,8,17171,4300,0.0,41,0.0,0.0,0.0,0.0,-0.0,0,0,0,0,0.0,0,0,0,0,0,0,0,0,0,0,0,0,0,0,0,0,0,0,0,0,0,0,0,0,0,0,0,0,0,0,0,0,0,9,36,36,45,65476,376,65476,1,0,4,21553,0.0,2.7183305813883192e+23,0.0,0.0,0.0,0.0,0.0,0.0,0.0,0.0,0.0,0.0,0.0,0.0,0.0,0.0,0.0,0.0,0.0,0.0,0.0,2.004,2.004,2.004,-0.0,-0.0,0.0,0.0,0.0,0.0,6407.0,-0.0,0.0,0.0,0.0,0.0,107616264.0,0.0,0.0,2.004,2.004,227,-3.222002398308886e+26,2.3088379029658953e+20,0.0,0.0,0.0,0.0,0.0,0.0,0.0,0,0,0,0.0,-0.0,-0.0,-0.892,-0.0,-1.4657692668326093e+32,0.0,-0.0,-0.0,-3.942391338468833e+37,-42754805760.0,1.4124247698154505e+23,0.0,29.909,0.0,-0.033,0,1.3516416376850534e+27,227,0.0,454,0.0,-1.4035688898663253e+35,2112,52429,17109,0,17112,52429,17095,0,0,0,101,100,100,2.7302343157793998e+23,66.6,0.0,67.4,-107615272.0,66.5,1,49,50,180,39322,52429,0,0,0.0,0.0,0.0,60.0,0.176,71.0,0.0,-0.0,0.0,1068,0,1069,0,0,0,1069,0,1080,0,999,0,669,0,671,0,667,0,682,0.032,1.4609821306377965e+22,-0.0,2.730234856211355e+23,5904,16814,0.176,-0.0,0.0,-0.0,-0.0,-1.0118760287358434e+38,50.0,60.0,35,0.0,0.0,10.0,2.0,0.0,0.0,0.0,0.0,0.0,0.0,0.0,0.0,0.0,0.0,0.0,0.0,58.8,56,10,65507,27,65476,0,300,0,0,8,20529,65476,0,0,30147,60.0,0.0,10.0,10.0,2.0,0.0
2026-02-16T12:57:34,ERR,ERR,ERR,ERR,ERR,ERR,ERR,ERR,ERR,ERR,ERR,ERR,ERR,ERR,ERR,ERR,ERR,ERR,ERR,ERR,ERR,ERR,ERR,ERR,ERR,ERR,ERR,ERR,ERR,ERR,ERR,ERR,ERR,ERR,ERR,ERR,ERR,ERR,ERR,ERR,ERR,ERR,ERR,ERR,ERR,ERR,ERR,ERR,ERR,ERR,ERR,ERR,ERR,ERR,ERR,ERR,ERR,ERR,ERR,ERR,ERR,ERR,ERR,ERR,ERR,ERR,ERR,ERR,ERR,ERR,ERR,ERR,ERR,ERR,ERR,ERR,ERR,ERR,ERR,ERR,ERR,ERR,ERR,ERR,ERR,ERR,ERR,ERR,ERR,ERR,ERR,ERR,ERR,ERR,ERR,ERR,ERR,ERR,ERR,ERR,ERR,ERR,ERR,ERR,ERR,ERR,ERR,ERR,ERR,ERR,ERR,ERR,ERR,ERR,ERR,ERR,ERR,ERR,ERR,ERR,ERR,ERR,ERR,ERR,ERR,0.0,0.0,0.0,0.0,0.0,26378790.0,1.1468100298405127e+23,3.589374950328238e+18,4300,0,8,17171,4300,0.0,41,0.0,0.0,0.0,0.0,-0.0,0,0,0,0,0.0,0,0,0,0,0,0,0,0,0,0,0,0,0,0,0,0,0,0,0,0,0,0,0,0,0,0,0,0,0,0,0,0,0,9,36,36,45,65476,376,65476,1,0,4,21553,0.0,2.7183305813883192e+23,0.0,0.0,0.0,0.0,0.0,0.0,0.0,0.0,0.0,0.0,0.0,0.0,0.0,0.0,0.0,0.0,0.0,0.0,0.0,2.004,2.004,2.004,-0.0,-0.0,0.0,0.0,0.0,0.0,6407.0,-0.0,0.0,0.0,0.0,0.0,107616264.0,0.0,0.0,2.004,2.004,227,-3.222002398308886e+26,2.3088379029658953e+20,0.0,0.0,0.0,0.0,0.0,0.0,0.0,0,0,0,0.0,-0.0,-0.0,-0.892,-0.0,-1.4657692668326093e+32,0.0,-0.0,-0.0,-3.942391338468833e+37,-42754805760.0,1.4124247698154505e+23,0.0,29.909,0.0,-0.033,0,1.3516416376850534e+27,227,0.0,454,0.0,-1.4035688898663253e+35,2112,52429,17109,0,17112,52429,17095,0,0,0,101,100,100,2.7302343157793998e+23,66.6,0.0,67.4,-107615272.0,66.5,1,49,50,180,39322,52429,0,0,0.0,0.0,0.0,60.0,0.176,71.0,0.0,-0.0,0.0,1068,0,1069,0,0,0,1069,0,1080,0,999,0,669,0,671,0,667,0,682,0.032,1.4609821306377965e+22,-0.0,2.730234856211355e+23,5904,16814,0.176,-0.0,0.0,-0.0,-0.0,-1.0118760287358434e+38,50.0,60.0,35,0.0,0.0,10.0,2.0,0.0,0.0,0.0,0.0,0.0,0.0,0.0,0.0,0.0,0.0,0.0,0.0,58.8,56,10,65507,27,65476,0,300,0,0,8,20529,65476,0,0,30147,60.0,0.0,10.0,10.0,2.0,0.0
2026-02-16T12:57:35,ERR,ERR,ERR,ERR,ERR,ERR,ERR,ERR,ERR,ERR,ERR,ERR,ERR,ERR,ERR,ERR,ERR,ERR,ERR,ERR,ERR,ERR,ERR,ERR,ERR,ERR,ERR,ERR,ERR,ERR,ERR,ERR,ERR,ERR,ERR,ERR,ERR,ERR,ERR,ERR,ERR,ERR,ERR,ERR,ERR,ERR,ERR,ERR,ERR,ERR,ERR,ERR,ERR,ERR,ERR,ERR,ERR,ERR,ERR,ERR,ERR,ERR,ERR,ERR,ERR,ERR,ERR,ERR,ERR,ERR,ERR,ERR,ERR,ERR,ERR,ERR,ERR,ERR,ERR,ERR,ERR,ERR,ERR,ERR,ERR,ERR,ERR,ERR,ERR,ERR,ERR,ERR,ERR,ERR,ERR,ERR,ERR,ERR,ERR,ERR,ERR,ERR,ERR,ERR,ERR,ERR,ERR,ERR,ERR,ERR,ERR,ERR,ERR,ERR,ERR,ERR,ERR,ERR,ERR,ERR,ERR,ERR,ERR,ERR,ERR,0.0,0.0,0.0,0.0,0.0,26378790.0,1.1468100298405127e+23,3.589374950328238e+18,4300,0,8,17171,4300,0.0,41,0.0,0.0,0.0,0.0,-0.0,0,0,0,0,0.0,0,0,0,0,0,0,0,0,0,0,0,0,0,0,0,0,0,0,0,0,0,0,0,0,0,0,0,0,0,0,0,0,0,9,36,36,45,65476,376,65476,1,0,4,21553,0.0,2.7183305813883192e+23,0.0,0.0,0.0,0.0,0.0,0.0,0.0,0.0,0.0,0.0,0.0,0.0,0.0,0.0,0.0,0.0,0.0,0.0,0.0,2.004,2.004,2.004,-0.0,-0.0,0.0,0.0,0.0,0.0,6407.0,-0.0,0.0,0.0,0.0,0.0,107616264.0,0.0,0.0,2.004,2.004,227,-3.222002398308886e+26,2.3088379029658953e+20,0.0,0.0,0.0,0.0,0.0,0.0,0.0,0,0,0,0.0,-0.0,-0.0,-0.892,-0.0,-1.4657692668326093e+32,0.0,-0.0,-0.0,-3.942391338468833e+37,-42754805760.0,1.4124247698154505e+23,0.0,29.909,0.0,-0.033,0,1.3516416376850534e+27,227,0.0,454,0.0,-1.4035688898663253e+35,2112,52429,17109,0,17112,0,17096,0,0,0,101,100,100,2.7302343157793998e+23,66.6,0.0,67.4,-107615272.0,66.5,1,49,50,180,39322,52429,0,0,0.0,0.0,0.0,60.0,291348.438,71.0,0.0,0.0,0.0,1068,0,1069,0,0,0,1069,0,1080,0,1000,0,669,0,671,0,667,0,682,0.032,1.4609821306377965e+22,-0.0,2.730234856211355e+23,56208,16813,21201330110464.0,0.0,0.0,-0.0,-0.0,0.0,50.0,60.0,35,0.0,0.0,10.0,2.0,0.0,0.0,0.0,0.0,0.0,0.0,0.0,0.0,0.0,0.0,0.0,0.0,58.8,56,10,65507,27,65476,0,300,0,0,8,20529,65476,0,0,30147,60.0,0.0,10.0,10.0,2.0,0.0
2026-02-16T12:57:36,ERR,ERR,ERR,ERR,ERR,ERR,ERR,ERR,ERR,ERR,ERR,ERR,ERR,ERR,ERR,ERR,ERR,ERR,ERR,ERR,ERR,ERR,ERR,ERR,ERR,ERR,ERR,ERR,ERR,ERR,ERR,ERR,ERR,ERR,ERR,ERR,ERR,ERR,ERR,ERR,ERR,ERR,ERR,ERR,ERR,ERR,ERR,ERR,ERR,ERR,ERR,ERR,ERR,ERR,ERR,ERR,ERR,ERR,ERR,ERR,ERR,ERR,ERR,ERR,ERR,ERR,ERR,ERR,ERR,ERR,ERR,ERR,ERR,ERR,ERR,ERR,ERR,ERR,ERR,ERR,ERR,ERR,ERR,ERR,ERR,ERR,ERR,ERR,ERR,ERR,ERR,ERR,ERR,ERR,ERR,ERR,ERR,ERR,ERR,ERR,ERR,ERR,ERR,ERR,ERR,ERR,ERR,ERR,ERR,ERR,ERR,ERR,ERR,ERR,ERR,ERR,ERR,ERR,ERR,ERR,ERR,ERR,ERR,ERR,ERR,0.0,0.0,0.0,0.0,0.0,26378790.0,1.1468100298405127e+23,3.589374950328238e+18,4300,0,8,17171,4300,0.0,41,0.0,0.0,0.0,0.0,-0.0,0,0,0,0,0.0,0,0,0,0,0,0,0,0,0,0,0,0,0,0,0,0,0,0,0,0,0,0,0,0,0,0,0,0,0,0,0,0,0,9,36,36,45,65476,376,65476,1,0,4,21553,0.0,2.7183305813883192e+23,0.0,0.0,0.0,0.0,0.0,0.0,0.0,0.0,0.0,0.0,0.0,0.0,0.0,0.0,0.0,0.0,0.0,0.0,0.0,2.004,2.004,2.004,-0.0,-0.0,0.0,0.0,0.0,0.0,6407.0,-0.0,0.0,0.0,0.0,0.0,107616264.0,0.0,0.0,2.004,2.004,227,-3.222002398308886e+26,2.3088379029658953e+20,0.0,0.0,0.0,0.0,0.0,0.0,0.0,0,0,0,0.0,-0.0,-0.0,-0.892,-0.0,-1.4657692668326093e+32,0.0,-0.0,-0.0,-3.942391338468833e+37,-42754805760.0,1.4124247698154505e+23,0.0,29.909,0.0,-0.033,0,1.3516416376850534e+27,227,0.0,454,0.0,-1.4035688898663253e+35,2112,52429,17109,0,17112,0,17096,0,0,0,101,100,100,2.7302343157793998e+23,66.6,0.0,67.4,-107615272.0,66.5,1,49,50,180,39322,52429,0,0,0.0,0.0,0.0,60.0,291348.438,71.0,0.0,0.0,0.0,1068,0,1069,0,0,0,1069,0,1080,0,1000,0,669,0,671,0,667,0,682,0.032,1.4609821306377965e+22,-0.0,2.730234856211355e+23,56208,16813,21201330110464.0,0.0,0.0,-0.0,-0.0,0.0,50.0,60.0,35,0.0,0.0,10.0,2.0,0.0,0.0,0.0,0.0,0.0,0.0,0.0,0.0,0.0,0.0,0.0,0.0,58.8,56,10,65507,27,65476,0,300,0,0,8,20529,65476,0,0,30147,60.0,0.0,10.0,10.0,2.0,0.0
2026-02-16T12:57:37,ERR,ERR,ERR,ERR,ERR,ERR,ERR,ERR,ERR,ERR,ERR,ERR,ERR,ERR,ERR,ERR,ERR,ERR,ERR,ERR,ERR,ERR,ERR,ERR,ERR,ERR,ERR,ERR,ERR,ERR,ERR,ERR,ERR,ERR,ERR,ERR,ERR,ERR,ERR,ERR,ERR,ERR,ERR,ERR,ERR,ERR,ERR,ERR,ERR,ERR,ERR,ERR,ERR,ERR,ERR,ERR,ERR,ERR,ERR,ERR,ERR,ERR,ERR,ERR,ERR,ERR,ERR,ERR,ERR,ERR,ERR,ERR,ERR,ERR,ERR,ERR,ERR,ERR,ERR,ERR,ERR,ERR,ERR,ERR,ERR,ERR,ERR,ERR,ERR,ERR,ERR,ERR,ERR,ERR,ERR,ERR,ERR,ERR,ERR,ERR,ERR,ERR,ERR,ERR,ERR,ERR,ERR,ERR,ERR,ERR,ERR,ERR,ERR,ERR,ERR,ERR,ERR,ERR,ERR,ERR,ERR,ERR,ERR,ERR,ERR,0.0,0.0,0.0,0.0,0.0,26378790.0,1.1468100298405127e+23,3.589374950328238e+18,4300,0,8,17171,4300,0.0,41,0.0,0.0,0.0,0.0,-0.0,0,0,0,0,0.0,0,0,0,0,0,0,0,0,0,0,0,0,0,0,0,0,0,0,0,0,0,0,0,0,0,0,0,0,0,0,0,0,0,9,36,36,45,65476,376,65476,1,0,4,21553,0.0,2.7183305813883192e+23,0.0,0.0,0.0,0.0,0.0,0.0,0.0,0.0,0.0,0.0,0.0,0.0,0.0,0.0,0.0,0.0,0.0,0.0,0.0,2.004,2.004,2.004,-0.0,-0.0,0.0,0.0,0.0,0.0,6407.0,-0.0,0.0,0.0,0.0,0.0,107616264.0,0.0,0.0,2.004,2.004,227,-3.222002398308886e+26,2.3088379029658953e+20,0.0,0.0,0.0,0.0,0.0,0.0,0.0,0,0,0,0.0,-0.0,-0.0,-0.892,-0.0,-1.4657692668326093e+32,0.0,-0.0,-0.0,-3.942391338468833e+37,-42754805760.0,1.4124247698154505e+23,0.0,29.909,0.0,-0.033,0,1.3516416376850534e+27,227,0.0,454,0.0,-1.4035688898663253e+35,2112,52429,17109,0,17112,0,17096,0,0,0,101,100,100,2.7302343157793998e+23,66.6,0.0,67.4,-107615272.0,66.5,1,49,50,180,39322,52429,0,0,0.0,0.0,0.0,60.0,291348.438,71.0,0.0,0.0,0.0,1068,0,1069,0,0,0,1069,0,1080,0,1000,0,669,0,671,0,667,0,682,0.032,1.4609821306377965e+22,-0.0,2.730234856211355e+23,56208,16813,21201330110464.0,0.0,0.0,-0.0,-0.0,0.0,50.0,60.0,35,0.0,0.0,10.0,2.0,0.0,0.0,0.0,0.0,0.0,0.0,0.0,0.0,0.0,0.0,0.0,0.0,58.8,56,10,65507,27,65476,0,300,0,0,8,20529,65476,0,0,30147,60.0,0.0,10.0,10.0,2.0,0.0
2026-02-16T12:57:38,ERR,ERR,ERR,ERR,ERR,ERR,ERR,ERR,ERR,ERR,ERR,ERR,ERR,ERR,ERR,ERR,ERR,ERR,ERR,ERR,ERR,ERR,ERR,ERR,ERR,ERR,ERR,ERR,ERR,ERR,ERR,ERR,ERR,ERR,ERR,ERR,ERR,ERR,ERR,ERR,ERR,ERR,ERR,ERR,ERR,ERR,ERR,ERR,ERR,ERR,ERR,ERR,ERR,ERR,ERR,ERR,ERR,ERR,ERR,ERR,ERR,ERR,ERR,ERR,ERR,ERR,ERR,ERR,ERR,ERR,ERR,ERR,ERR,ERR,ERR,ERR,ERR,ERR,ERR,ERR,ERR,ERR,ERR,ERR,ERR,ERR,ERR,ERR,ERR,ERR,ERR,ERR,ERR,ERR,ERR,ERR,ERR,ERR,ERR,ERR,ERR,ERR,ERR,ERR,ERR,ERR,ERR,ERR,ERR,ERR,ERR,ERR,ERR,ERR,ERR,ERR,ERR,ERR,ERR,ERR,ERR,ERR,ERR,ERR,ERR,0.0,0.0,0.0,0.0,0.0,-0.0,-1.4706390851945837e+38,0.0,4300,0,8,17171,4300,0.0,41,0.0,0.0,0.0,0.0,-0.0,0,0,0,0,0.0,0,0,0,0,0,0,0,0,0,0,0,0,0,0,0,0,0,0,0,0,0,0,0,0,0,0,0,0,0,0,0,0,0,9,36,36,45,65476,382,65476,1,0,4,21553,0.0,-0.0,0.0,0.0,0.0,0.0,0.0,0.0,0.0,0.0,0.0,0.0,0.0,0.0,0.0,0.0,0.0,0.0,0.0,0.0,0.0,2.004,2.004,2.004,-0.0,-2.004,0.0,0.0,0.0,0.0,6435.0,0.0,0.0,0.0,-2.7184527190102135e+23,0.0,2.7184507374263774e+23,0.0,0.0,2.004,2.004,227,-107614776.0,-0.0,0.0,0.0,0.0,0.0,0.0,0.0,0.0,0,0,0,0.0,-1.2540701320335885e+30,-0.0,-5.857432277082904e+26,-0.0,-8.584135217919295e+18,-3.1981810108818606e+26,-19141605982208.0,-0.0,-4.158390887783882e+37,-45976031232.0,1.4773573089549082e+23,0.0,31.284,0.0,-0.0,0,1.3516416376850534e+27,228,0.0,456,2.40156025918058e+36,0.0,2112,52429,17109,52429,17111,52429,17095,0,0,0,101,100,100,2.7302343157793998e+23,66.6,0.0,67.0,-107615272.0,66.5,1,49,50,180,39322,52429,0,0,0.0,0.0,0.0,60.0,0.014,71.0,0.0,0.0,0.0,1068,0,1069,0,0,0,1069,0,1079,0,1000,0,669,0,671,0,667,0,681,0.032,1.4536034330083127e+22,-0.0,2.730234856211355e+23,400,16814,0.0,0.0,-0.0,-1.938708294218547e+16,0.0,-0.0,50.0,60.0,35,0.0,0.0,10.0,2.0,0.0,0.0,0.0,0.0,0.0,0.0,0.0,0.0,0.0,0.0,0.0,0.0,58.8,56,10,65507,27,65476,0,300,0,0,8,20529,65476,0,0,30147,60.0,0.0,10.0,10.0,2.0,0.0
2026-02-16T12:57:39,ERR,ERR,ERR,ERR,ERR,ERR,ERR,ERR,ERR,ERR,ERR,ERR,ERR,ERR,ERR,ERR,ERR,ERR,ERR,ERR,ERR,ERR,ERR,ERR,ERR,ERR,ERR,ERR,ERR,ERR,ERR,ERR,ERR,ERR,ERR,ERR,ERR,ERR,ERR,ERR,ERR,ERR,ERR,ERR,ERR,ERR,ERR,ERR,ERR,ERR,ERR,ERR,ERR,ERR,ERR,ERR,ERR,ERR,ERR,ERR,ERR,ERR,ERR,ERR,ERR,ERR,ERR,ERR,ERR,ERR,ERR,ERR,ERR,ERR,ERR,ERR,ERR,ERR,ERR,ERR,ERR,ERR,ERR,ERR,ERR,ERR,ERR,ERR,ERR,ERR,ERR,ERR,ERR,ERR,ERR,ERR,ERR,ERR,ERR,ERR,ERR,ERR,ERR,ERR,ERR,ERR,ERR,ERR,ERR,ERR,ERR,ERR,ERR,ERR,ERR,ERR,ERR,ERR,ERR,ERR,ERR,ERR,ERR,ERR,ERR,0.0,0.0,0.0,0.0,0.0,-0.0,-1.4706390851945837e+38,0.0,4300,0,8,17171,4300,0.0,41,0.0,0.0,0.0,0.0,-0.0,0,0,0,0,0.0,0,0,0,0,0,0,0,0,0,0,0,0,0,0,0,0,0,0,0,0,0,0,0,0,0,0,0,0,0,0,0,0,0,9,36,36,45,65476,382,65476,1,0,4,21553,0.0,-0.0,0.0,0.0,0.0,0.0,0.0,0.0,0.0,0.0,0.0,0.0,0.0,0.0,0.0,0.0,0.0,0.0,0.0,0.0,0.0,2.004,2.004,2.004,-0.0,-2.004,0.0,0.0,0.0,0.0,6435.0,0.0,0.0,0.0,-2.7184527190102135e+23,0.0,2.7184507374263774e+23,0.0,0.0,2.004,2.004,227,-107614776.0,-0.0,0.0,0.0,0.0,0.0,0.0,0.0,0.0,0,0,0,0.0,-1.2540701320335885e+30,-0.0,-5.857432277082904e+26,-0.0,-8.584135217919295e+18,-3.1981810108818606e+26,-19141605982208.0,-0.0,-4.158390887783882e+37,-45976031232.0,1.4773573089549082e+23,0.0,31.284,0.0,-0.0,0,1.3516416376850534e+27,228,0.0,456,2.40156025918058e+36,0.0,2112,52429,17109,52429,17111,52429,17095,0,0,0,101,100,100,2.7302343157793998e+23,66.6,0.0,67.0,-107615272.0,66.5,1,49,50,180,39322,52429,0,0,0.0,0.0,0.0,60.0,0.014,71.0,0.0,0.0,0.0,1068,0,1069,0,0,0,1069,0,1079,0,1000,0,669,0,671,0,667,0,681,0.032,1.4536034330083127e+22,-0.0,2.730234856211355e+23,400,16814,0.0,0.0,-0.0,-1.938708294218547e+16,0.0,-0.0,50.0,60.0,35,0.0,0.0,10.0,2.0,0.0,0.0,0.0,0.0,0.0,0.0,0.0,0.0,0.0,0.0,0.0,0.0,58.8,56,10,65507,27,65476,0,300,0,0,8,20529,65476,0,0,30147,60.0,0.0,10.0,10.0,2.0,0.0
2026-02-16T12:57:40,ERR,ERR,ERR,ERR,ERR,ERR,ERR,ERR,ERR,ERR,ERR,ERR,ERR,ERR,ERR,ERR,ERR,ERR,ERR,ERR,ERR,ERR,ERR,ERR,ERR,ERR,ERR,ERR,ERR,ERR,ERR,ERR,ERR,ERR,ERR,ERR,ERR,ERR,ERR,ERR,ERR,ERR,ERR,ERR,ERR,ERR,ERR,ERR,ERR,ERR,ERR,ERR,ERR,ERR,ERR,ERR,ERR,ERR,ERR,ERR,ERR,ERR,ERR,ERR,ERR,ERR,ERR,ERR,ERR,ERR,ERR,ERR,ERR,ERR,ERR,ERR,ERR,ERR,ERR,ERR,ERR,ERR,ERR,ERR,ERR,ERR,ERR,ERR,ERR,ERR,ERR,ERR,ERR,ERR,ERR,ERR,ERR,ERR,ERR,ERR,ERR,ERR,ERR,ERR,ERR,ERR,ERR,ERR,ERR,ERR,ERR,ERR,ERR,ERR,ERR,ERR,ERR,ERR,ERR,ERR,ERR,ERR,ERR,ERR,ERR,0.0,0.0,0.0,0.0,0.0,-0.0,-1.4706390851945837e+38,0.0,4300,0,8,17171,4300,0.0,41,0.0,0.0,0.0,0.0,-0.0,0,0,0,0,0.0,0,0,0,0,0,0,0,0,0,0,0,0,0,0,0,0,0,0,0,0,0,0,0,0,0,0,0,0,0,0,0,0,0,9,36,36,45,65476,382,65476,1,0,4,21553,0.0,-0.0,0.0,0.0,0.0,0.0,0.0,0.0,0.0,0.0,0.0,0.0,0.0,0.0,0.0,0.0,0.0,0.0,0.0,0.0,0.0,2.004,2.004,2.004,-0.0,-2.004,0.0,0.0,0.0,0.0,6435.0,0.0,0.0,0.0,-2.7184527190102135e+23,0.0,2.7184507374263774e+23,0.0,0.0,2.004,2.004,227,-107614776.0,-0.0,0.0,0.0,0.0,0.0,0.0,0.0,0.0,0,0,0,0.0,-1.2540701320335885e+30,-0.0,-5.857432277082904e+26,-0.0,-8.584135217919295e+18,-3.1981810108818606e+26,-19141605982208.0,-0.0,-4.158390887783882e+37,-45976031232.0,1.4773573089549082e+23,0.0,31.284,0.0,-0.0,0,1.3516416376850534e+27,228,0.0,456,2.40156025918058e+36,0.0,2112,52429,17109,52429,17111,52429,17095,0,0,0,101,100,100,2.7302343157793998e+23,66.6,0.0,67.0,-107615272.0,66.5,1,49,50,180,39322,52429,0,0,0.0,0.0,0.0,60.0,0.014,71.0,0.0,0.0,0.0,1068,0,1069,0,0,0,1069,0,1079,0,1000,0,669,0,671,0,667,0,681,0.032,1.4536034330083127e+22,-0.0,2.730234856211355e+23,400,16814,0.0,0.0,-0.0,-1.938708294218547e+16,0.0,-0.0,50.0,60.0,35,0.0,0.0,10.0,2.0,0.0,0.0,0.0,0.0,0.0,0.0,0.0,0.0,0.0,0.0,0.0,0.0,58.8,56,10,65507,27,65476,0,300,0,0,8,20529,65476,0,0,30147,60.0,0.0,10.0,10.0,2.0,0.0
2026-02-16T12:57:41,ERR,ERR,ERR,ERR,ERR,ERR,ERR,ERR,ERR,ERR,ERR,ERR,ERR,ERR,ERR,ERR,ERR,ERR,ERR,ERR,ERR,ERR,ERR,ERR,ERR,ERR,ERR,ERR,ERR,ERR,ERR,ERR,ERR,ERR,ERR,ERR,ERR,ERR,ERR,ERR,ERR,ERR,ERR,ERR,ERR,ERR,ERR,ERR,ERR,ERR,ERR,ERR,ERR,ERR,ERR,ERR,ERR,ERR,ERR,ERR,ERR,ERR,ERR,ERR,ERR,ERR,ERR,ERR,ERR,ERR,ERR,ERR,ERR,ERR,ERR,ERR,ERR,ERR,ERR,ERR,ERR,ERR,ERR,ERR,ERR,ERR,ERR,ERR,ERR,ERR,ERR,ERR,ERR,ERR,ERR,ERR,ERR,ERR,ERR,ERR,ERR,ERR,ERR,ERR,ERR,ERR,ERR,ERR,ERR,ERR,ERR,ERR,ERR,ERR,ERR,ERR,ERR,ERR,ERR,ERR,ERR,ERR,ERR,ERR,ERR,0.0,0.0,0.0,0.0,0.0,-0.0,-1.4706390851945837e+38,0.0,4300,0,8,17171,4300,0.0,41,0.0,0.0,0.0,0.0,-0.0,0,0,0,0,0.0,0,0,0,0,0,0,0,0,0,0,0,0,0,0,0,0,0,0,0,0,0,0,0,0,0,0,0,0,0,0,0,0,0,9,36,36,45,65476,382,65476,1,0,4,21553,0.0,-0.0,0.0,0.0,0.0,0.0,0.0,0.0,0.0,0.0,0.0,0.0,0.0,0.0,0.0,0.0,0.0,0.0,0.0,0.0,0.0,2.004,2.004,2.004,-0.0,-2.004,0.0,0.0,0.0,0.0,6435.0,0.0,0.0,0.0,-2.7184527190102135e+23,0.0,2.7184507374263774e+23,0.0,0.0,2.004,2.004,227,-107614776.0,-0.0,0.0,0.0,0.0,0.0,0.0,0.0,0.0,0,0,0,0.0,-1.2540701320335885e+30,-0.0,-5.857432277082904e+26,-0.0,-8.584135217919295e+18,-3.1981810108818606e+26,-19141605982208.0,-0.0,-4.158390887783882e+37,-45976031232.0,1.4773573089549082e+23,0.0,31.284,0.0,-0.0,0,1.3516416376850534e+27,228,0.0,456,2.40156025918058e+36,0.0,2112,52429,17109,52429,17111,52429,17095,0,0,0,101,100,100,2.7302343157793998e+23,66.6,0.0,67.0,-107615272.0,66.5,1,49,50,180,39322,52429,0,0,0.0,0.0,0.0,60.0,0.014,71.0,0.0,0.0,0.0,1068,0,1069,0,0,0,1069,0,1079,0,1000,0,669,0,671,0,667,0,681,0.032,1.4536034330083127e+22,-0.0,2.730234856211355e+23,400,16814,0.0,0.0,-0.0,-1.938708294218547e+16,0.0,-0.0,50.0,60.0,35,0.0,0.0,10.0,2.0,0.0,0.0,0.0,0.0,0.0,0.0,0.0,0.0,0.0,0.0,0.0,0.0,58.8,56,10,65507,27,65476,0,300,0,0,8,20529,65476,0,0,30147,60.0,0.0,10.0,10.0,2.0,0.0
2026-02-16T12:57:42,ERR,ERR,ERR,ERR,ERR,ERR,ERR,ERR,ERR,ERR,ERR,ERR,ERR,ERR,ERR,ERR,ERR,ERR,ERR,ERR,ERR,ERR,ERR,ERR,ERR,ERR,ERR,ERR,ERR,ERR,ERR,ERR,ERR,ERR,ERR,ERR,ERR,ERR,ERR,ERR,ERR,ERR,ERR,ERR,ERR,ERR,ERR,ERR,ERR,ERR,ERR,ERR,ERR,ERR,ERR,ERR,ERR,ERR,ERR,ERR,ERR,ERR,ERR,ERR,ERR,ERR,ERR,ERR,ERR,ERR,ERR,ERR,ERR,ERR,ERR,ERR,ERR,ERR,ERR,ERR,ERR,ERR,ERR,ERR,ERR,ERR,ERR,ERR,ERR,ERR,ERR,ERR,ERR,ERR,ERR,ERR,ERR,ERR,ERR,ERR,ERR,ERR,ERR,ERR,ERR,ERR,ERR,ERR,ERR,ERR,ERR,ERR,ERR,ERR,ERR,ERR,ERR,ERR,ERR,ERR,ERR,ERR,ERR,ERR,ERR,0.0,0.0,0.0,0.0,0.0,-0.0,-1.4706390851945837e+38,0.0,4300,0,8,17171,4300,0.0,41,0.0,0.0,0.0,0.0,-0.0,0,0,0,0,0.0,0,0,0,0,0,0,0,0,0,0,0,0,0,0,0,0,0,0,0,0,0,0,0,0,0,0,0,0,0,0,0,0,0,9,36,36,45,65476,382,65476,1,0,4,21553,0.0,-0.0,0.0,0.0,0.0,0.0,0.0,0.0,0.0,0.0,0.0,0.0,0.0,0.0,0.0,0.0,0.0,0.0,0.0,0.0,0.0,2.004,2.004,2.004,-0.0,-2.004,0.0,0.0,0.0,0.0,6435.0,0.0,0.0,0.0,-2.7184527190102135e+23,0.0,2.7184507374263774e+23,0.0,0.0,2.004,2.004,227,-107614776.0,-0.0,0.0,0.0,0.0,0.0,0.0,0.0,0.0,0,0,0,0.0,-1.2540701320335885e+30,-0.0,-5.857432277082904e+26,-0.0,-8.584135217919295e+18,-3.1981810108818606e+26,-19141605982208.0,-0.0,-4.158390887783882e+37,-45976031232.0,1.4773573089549082e+23,0.0,31.284,0.0,-0.0,0,1.3516416376850534e+27,228,0.0,456,2.40156025918058e+36,0.0,2112,52429,17109,52429,17111,0,17096,0,0,0,101,100,100,2.7302343157793998e+23,66.6,0.0,67.4,-107615272.0,66.5,1,49,50,180,39322,52429,0,0,0.0,0.0,0.0,60.0,134283343691776.0,71.0,0.0,0.0,0.0,1068,0,1069,0,0,0,1069,0,1079,0,1000,0,669,0,671,0,667,0,681,0.032,1.4536034330083127e+22,2.004,0.0,15504,16814,134283343691776.0,0.0,0.0,-407492526080.0,-0.0,-1.0166593906310744e+29,50.0,60.0,35,0.0,0.0,10.0,2.0,0.0,0.0,0.0,0.0,0.0,0.0,0.0,0.0,0.0,0.0,0.0,0.0,58.8,56,10,65507,27,65476,0,300,0,0,8,20529,65476,0,0,30147,60.0,0.0,10.0,10.0,2.0,0.0
2026-02-16T12:57:43,ERR,ERR,ERR,ERR,ERR,ERR,ERR,ERR,ERR,ERR,ERR,ERR,ERR,ERR,ERR,ERR,ERR,ERR,ERR,ERR,ERR,ERR,ERR,ERR,ERR,ERR,ERR,ERR,ERR,ERR,ERR,ERR,ERR,ERR,ERR,ERR,ERR,ERR,ERR,ERR,ERR,ERR,ERR,ERR,ERR,ERR,ERR,ERR,ERR,ERR,ERR,ERR,ERR,ERR,ERR,ERR,ERR,ERR,ERR,ERR,ERR,ERR,ERR,ERR,ERR,ERR,ERR,ERR,ERR,ERR,ERR,ERR,ERR,ERR,ERR,ERR,ERR,ERR,ERR,ERR,ERR,ERR,ERR,ERR,ERR,ERR,ERR,ERR,ERR,ERR,ERR,ERR,ERR,ERR,ERR,ERR,ERR,ERR,ERR,ERR,ERR,ERR,ERR,ERR,ERR,ERR,ERR,ERR,ERR,ERR,ERR,ERR,ERR,ERR,ERR,ERR,ERR,ERR,ERR,ERR,ERR,ERR,ERR,ERR,ERR,0.0,-2.7184527190102135e+23,-0.0,0.0,-0.062,4.8323691964477113e+33,-0.0,-31648.041,4300,0,8,17171,4300,0.0,41,0.0,0.0,0.0,0.0,-0.0,0,0,0,0,0.0,0,0,0,0,0,0,0,0,0,0,0,0,0,0,0,0,0,0,0,0,0,0,0,0,0,0,0,0,0,0,0,0,0,9,36,36,45,65476,374,65476,1,0,4,21553,0.0,-0.0,0.0,0.0,0.0,0.0,0.0,0.0,0.0,0.0,0.0,0.0,0.0,0.0,0.0,0.0,0.0,0.0,0.0,0.0,0.0,2.004,2.004,0.0,-0.0,-3.697075742657269e+19,0.0,0.0,0.0,0.0,6445.0,-2.004,0.0,0.0,-2.7184527190102135e+23,0.0,-0.0,0.0,0.0,2.004,2.004,228,0.0,0.0,0.0,0.0,0.0,0.0,0.0,0.0,0.0,0,0,0,123.132,-2.59541684275301e+38,-0.0,0.0,-48925962240.0,0.0,0.0,0.0,-21780111360.0,-4.495251287686131e+37,-49465692160.0,1.6088401702919674e+23,0.0,33.819,0.0,2000871.375,0,1.3516416376850534e+27,227,0.0,454,-621855232.0,-2.216540147040146e+20,2112,52429,17109,52429,17111,0,17096,0,0,0,101,100,100,2.7302343157793998e+23,66.6,0.0,67.4,-107615272.0,66.5,1,49,50,180,39322,52429,0,0,0.0,0.0,0.0,60.0,134283343691776.0,71.0,0.0,0.0,0.0,1068,0,1069,0,0,0,1069,0,1079,0,1000,0,669,0,671,0,667,0,681,0.032,1.4536034330083127e+22,2.004,0.0,15504,16814,134283343691776.0,0.0,0.0,-407492526080.0,-0.0,-1.0166593906310744e+29,50.0,60.0,35,0.0,0.0,10.0,2.0,0.0,0.0,0.0,0.0,0.0,0.0,0.0,0.0,0.0,0.0,0.0,0.0,58.8,56,10,65507,27,65476,0,300,0,0,8,20529,65476,0,0,30147,60.0,0.0,10.0,10.0,2.0,0.0
2026-02-16T12:57:44,ERR,ERR,ERR,ERR,ERR,ERR,ERR,ERR,ERR,ERR,ERR,ERR,ERR,ERR,ERR,ERR,ERR,ERR,ERR,ERR,ERR,ERR,ERR,ERR,ERR,ERR,ERR,ERR,ERR,ERR,ERR,ERR,ERR,ERR,ERR,ERR,ERR,ERR,ERR,ERR,ERR,ERR,ERR,ERR,ERR,ERR,ERR,ERR,ERR,ERR,ERR,ERR,ERR,ERR,ERR,ERR,ERR,ERR,ERR,ERR,ERR,ERR,ERR,ERR,ERR,ERR,ERR,ERR,ERR,ERR,ERR,ERR,ERR,ERR,ERR,ERR,ERR,ERR,ERR,ERR,ERR,ERR,ERR,ERR,ERR,ERR,ERR,ERR,ERR,ERR,ERR,ERR,ERR,ERR,ERR,ERR,ERR,ERR,ERR,ERR,ERR,ERR,ERR,ERR,ERR,ERR,ERR,ERR,ERR,ERR,ERR,ERR,ERR,ERR,ERR,ERR,ERR,ERR,ERR,ERR,ERR,ERR,ERR,ERR,ERR,0.0,-2.7184527190102135e+23,-0.0,0.0,-0.062,4.8323691964477113e+33,-0.0,-31648.041,4300,0,8,17171,4300,0.0,41,0.0,0.0,0.0,0.0,-0.0,0,0,0,0,0.0,0,0,0,0,0,0,0,0,0,0,0,0,0,0,0,0,0,0,0,0,0,0,0,0,0,0,0,0,0,0,0,0,0,9,36,36,45,65476,374,65476,1,0,4,21553,0.0,-0.0,0.0,0.0,0.0,0.0,0.0,0.0,0.0,0.0,0.0,0.0,0.0,0.0,0.0,0.0,0.0,0.0,0.0,0.0,0.0,2.004,2.004,0.0,-0.0,-3.697075742657269e+19,0.0,0.0,0.0,0.0,6445.0,-2.004,0.0,0.0,-2.7184527190102135e+23,0.0,-0.0,0.0,0.0,2.004,2.004,228,0.0,0.0,0.0,0.0,0.0,0.0,0.0,0.0,0.0,0,0,0,123.132,-2.59541684275301e+38,-0.0,0.0,-48925962240.0,0.0,0.0,0.0,-21780111360.0,-4.495251287686131e+37,-49465692160.0,1.6088401702919674e+23,0.0,33.819,0.0,2000871.375,0,1.3516416376850534e+27,227,0.0,454,-621855232.0,-2.216540147040146e+20,2112,52429,17109,52429,17111,0,17096,0,0,0,101,100,100,2.7302343157793998e+23,66.6,0.0,67.4,-107615272.0,66.5,1,49,50,180,39322,52429,0,0,0.0,0.0,0.0,60.0,134283343691776.0,71.0,0.0,0.0,0.0,1068,0,1069,0,0,0,1069,0,1079,0,1000,0,669,0,671,0,667,0,681,0.032,1.4536034330083127e+22,2.004,0.0,15504,16814,134283343691776.0,0.0,0.0,-407492526080.0,-0.0,-1.0166593906310744e+29,50.0,60.0,35,0.0,0.0,10.0,2.0,0.0,0.0,0.0,0.0,0.0,0.0,0.0,0.0,0.0,0.0,0.0,0.0,58.8,55,11,65507,27,65476,0,300,0,0,8,20529,65476,0,0,30147,60.0,0.0,10.0,10.0,2.0,0.0
2026-02-16T12:57:45,ERR,ERR,ERR,ERR,ERR,ERR,ERR,ERR,ERR,ERR,ERR,ERR,ERR,ERR,ERR,ERR,ERR,ERR,ERR,ERR,ERR,ERR,ERR,ERR,ERR,ERR,ERR,ERR,ERR,ERR,ERR,ERR,ERR,ERR,ERR,ERR,ERR,ERR,ERR,ERR,ERR,ERR,ERR,ERR,ERR,ERR,ERR,ERR,ERR,ERR,ERR,ERR,ERR,ERR,ERR,ERR,ERR,ERR,ERR,ERR,ERR,ERR,ERR,ERR,ERR,ERR,ERR,ERR,ERR,ERR,ERR,ERR,ERR,ERR,ERR,ERR,ERR,ERR,ERR,ERR,ERR,ERR,ERR,ERR,ERR,ERR,ERR,ERR,ERR,ERR,ERR,ERR,ERR,ERR,ERR,ERR,ERR,ERR,ERR,ERR,ERR,ERR,ERR,ERR,ERR,ERR,ERR,ERR,ERR,ERR,ERR,ERR,ERR,ERR,ERR,ERR,ERR,ERR,ERR,ERR,ERR,ERR,ERR,ERR,ERR,0.0,-2.7184527190102135e+23,-0.0,0.0,-0.062,4.8323691964477113e+33,-0.0,-31648.041,4300,0,8,17171,4300,0.0,41,0.0,0.0,0.0,0.0,-0.0,0,0,0,0,0.0,0,0,0,0,0,0,0,0,0,0,0,0,0,0,0,0,0,0,0,0,0,0,0,0,0,0,0,0,0,0,0,0,0,9,36,36,45,65476,374,65476,1,0,4,21553,0.0,-0.0,0.0,0.0,0.0,0.0,0.0,0.0,0.0,0.0,0.0,0.0,0.0,0.0,0.0,0.0,0.0,0.0,0.0,0.0,0.0,2.004,2.004,0.0,-0.0,-3.697075742657269e+19,0.0,0.0,0.0,0.0,6445.0,-2.004,0.0,0.0,-2.7184527190102135e+23,0.0,-0.0,0.0,0.0,2.004,2.004,228,0.0,0.0,0.0,0.0,0.0,0.0,0.0,0.0,0.0,0,0,0,123.132,-2.59541684275301e+38,-0.0,0.0,-48925962240.0,0.0,0.0,0.0,-21780111360.0,-4.495251287686131e+37,-49465692160.0,1.6088401702919674e+23,0.0,33.819,0.0,2000871.375,0,1.3516416376850534e+27,227,0.0,454,-621855232.0,-2.216540147040146e+20,2112,52429,17109,52429,17111,0,17096,0,0,0,101,100,100,2.7302343157793998e+23,66.6,0.0,67.4,-107615272.0,66.5,1,49,50,180,39322,52429,0,0,0.0,0.0,0.0,60.0,7.45955487384723e+26,71.0,0.0,0.003,0.0,1068,0,1069,0,0,0,1069,0,1079,0,1000,0,669,0,671,0,667,0,681,0.032,1.4609821306377965e+22,2.004,0.0,20368,16814,1.2702253099925537e+30,0.0,4.3027143141918213e+21,0.0,-2.851226989255392e+28,0.0,50.0,60.0,35,0.0,0.0,10.0,2.0,0.0,0.0,0.0,0.0,0.0,0.0,0.0,0.0,0.0,0.0,0.0,0.0,58.8,55,11,65507,27,65476,0,300,0,0,8,20529,65476,0,0,30147,60.0,0.0,10.0,10.0,2.0,0.0
2026-02-16T12:57:46,ERR,ERR,ERR,ERR,ERR,ERR,ERR,ERR,ERR,ERR,ERR,ERR,ERR,ERR,ERR,ERR,ERR,ERR,ERR,ERR,ERR,ERR,ERR,ERR,ERR,ERR,ERR,ERR,ERR,ERR,ERR,ERR,ERR,ERR,ERR,ERR,ERR,ERR,ERR,ERR,ERR,ERR,ERR,ERR,ERR,ERR,ERR,ERR,ERR,ERR,ERR,ERR,ERR,ERR,ERR,ERR,ERR,ERR,ERR,ERR,ERR,ERR,ERR,ERR,ERR,ERR,ERR,ERR,ERR,ERR,ERR,ERR,ERR,ERR,ERR,ERR,ERR,ERR,ERR,ERR,ERR,ERR,ERR,ERR,ERR,ERR,ERR,ERR,ERR,ERR,ERR,ERR,ERR,ERR,ERR,ERR,ERR,ERR,ERR,ERR,ERR,ERR,ERR,ERR,ERR,ERR,ERR,ERR,ERR,ERR,ERR,ERR,ERR,ERR,ERR,ERR,ERR,ERR,ERR,ERR,ERR,ERR,ERR,ERR,ERR,0.0,-2.7184527190102135e+23,-0.0,0.0,-0.062,4.8323691964477113e+33,-0.0,-31648.041,4300,0,8,17171,4300,0.0,41,0.0,0.0,0.0,0.0,-0.0,0,0,0,0,0.0,0,0,0,0,0,0,0,0,0,0,0,0,0,0,0,0,0,0,0,0,0,0,0,0,0,0,0,0,0,0,0,0,0,9,36,36,45,65476,374,65476,1,0,4,21553,0.0,-0.0,0.0,0.0,0.0,0.0,0.0,0.0,0.0,0.0,0.0,0.0,0.0,0.0,0.0,0.0,0.0,0.0,0.0,0.0,0.0,2.004,2.004,0.0,-0.0,-3.697075742657269e+19,0.0,0.0,0.0,0.0,6445.0,-2.004,0.0,0.0,-2.7184527190102135e+23,0.0,-0.0,0.0,0.0,2.004,2.004,228,0.0,0.0,0.0,0.0,0.0,0.0,0.0,0.0,0.0,0,0,0,123.132,-2.59541684275301e+38,-0.0,0.0,-48925962240.0,0.0,0.0,0.0,-21780111360.0,-4.495251287686131e+37,-49465692160.0,1.6088401702919674e+23,0.0,33.819,0.0,2000871.375,0,1.3516416376850534e+27,227,0.0,454,-621855232.0,-2.216540147040146e+20,2112,52429,17109,52429,17111,0,17096,0,0,0,101,100,100,2.7302343157793998e+23,66.6,0.0,67.4,-107615272.0,66.5,1,49,50,180,39322,52429,0,0,0.0,0.0,0.0,60.0,7.45955487384723e+26,71.0,0.0,0.003,0.0,1068,0,1069,0,0,0,1069,0,1079,0,1000,0,669,0,671,0,667,0,681,0.032,1.4609821306377965e+22,2.004,0.0,20368,16814,1.2702253099925537e+30,0.0,4.3027143141918213e+21,0.0,-2.851226989255392e+28,0.0,50.0,60.0,35,0.0,0.0,10.0,2.0,0.0,0.0,0.0,0.0,0.0,0.0,0.0,0.0,0.0,0.0,0.0,0.0,58.8,55,11,65507,27,65476,0,300,0,0,8,20529,65476,0,0,30147,60.0,0.0,10.0,10.0,2.0,0.0
2026-02-16T12:57:47,ERR,ERR,ERR,ERR,ERR,ERR,ERR,ERR,ERR,ERR,ERR,ERR,ERR,ERR,ERR,ERR,ERR,ERR,ERR,ERR,ERR,ERR,ERR,ERR,ERR,ERR,ERR,ERR,ERR,ERR,ERR,ERR,ERR,ERR,ERR,ERR,ERR,ERR,ERR,ERR,ERR,ERR,ERR,ERR,ERR,ERR,ERR,ERR,ERR,ERR,ERR,ERR,ERR,ERR,ERR,ERR,ERR,ERR,ERR,ERR,ERR,ERR,ERR,ERR,ERR,ERR,ERR,ERR,ERR,ERR,ERR,ERR,ERR,ERR,ERR,ERR,ERR,ERR,ERR,ERR,ERR,ERR,ERR,ERR,ERR,ERR,ERR,ERR,ERR,ERR,ERR,ERR,ERR,ERR,ERR,ERR,ERR,ERR,ERR,ERR,ERR,ERR,ERR,ERR,ERR,ERR,ERR,ERR,ERR,ERR,ERR,ERR,ERR,ERR,ERR,ERR,ERR,ERR,ERR,ERR,ERR,ERR,ERR,ERR,ERR,-107615880.0,-2.7184527190102135e+23,nan,0.0,0.0,-0.0,0.0,-2.8511356114639485e+28,4300,0,8,17171,4300,0.0,41,0.0,0.0,0.0,0.0,-0.0,0,0,0,0,0.0,0,0,0,0,0,0,0,0,0,0,0,0,0,0,0,0,0,0,0,0,0,0,0,0,0,0,0,0,0,0,0,0,0,9,36,36,45,65476,374,65476,1,0,4,21553,0.0,-0.0,0.0,0.0,0.0,0.0,0.0,0.0,0.0,0.0,0.0,0.0,0.0,0.0,0.0,0.0,0.0,0.0,0.0,0.0,0.0,2.004,0.0,0.0,3.697074863047967e+19,-3.697075742657269e+19,0.0,0.0,0.0,0.0,6472.0,2.004,0.0,-107615880.0,-2.7184527190102135e+23,0.0,-0.0,0.0,0.0,2.004,2.004,228,0.0,-0.0,0.0,0.0,0.0,0.0,0.0,0.0,0.0,0,0,0,751885248.0,0.0,-0.007,0.0,-4.080815655511799e+22,-0.0,-3199363.75,2.276675446227029e+22,-718088735555584.0,-4.860788986526983e+37,-52686917632.0,1.7505111647780568e+23,0.0,36.569,0.0,224.247,0,1.3516416376850534e+27,228,0.0,456,0.0,-0.0,2112,52429,17109,52429,17111,0,17096,0,0,0,101,100,100,2.7302343157793998e+23,66.6,0.0,67.4,-107615272.0,66.5,1,49,50,180,39322,52429,0,0,0.0,0.0,0.0,60.0,7.45955487384723e+26,71.0,0.0,0.003,0.0,1068,0,1069,0,0,0,1069,0,1079,0,1000,0,669,0,671,0,667,0,681,0.032,1.4609821306377965e+22,2.004,0.0,20368,16814,1.2702253099925537e+30,0.0,4.3027143141918213e+21,0.0,-2.851226989255392e+28,0.0,50.0,60.0,35,0.0,0.0,10.0,2.0,0.0,0.0,0.0,0.0,0.0,0.0,0.0,0.0,0.0,0.0,0.0,0.0,58.8,55,11,65507,27,65476,0,300,0,0,8,20529,65476,0,0,30147,60.0,0.0,10.0,10.0,2.0,0.0
2026-02-16T12:57:48,ERR,ERR,ERR,ERR,ERR,ERR,ERR,ERR,ERR,ERR,ERR,ERR,ERR,ERR,ERR,ERR,ERR,ERR,ERR,ERR,ERR,ERR,ERR,ERR,ERR,ERR,ERR,ERR,ERR,ERR,ERR,ERR,ERR,ERR,ERR,ERR,ERR,ERR,ERR,ERR,ERR,ERR,ERR,ERR,ERR,ERR,ERR,ERR,ERR,ERR,ERR,ERR,ERR,ERR,ERR,ERR,ERR,ERR,ERR,ERR,ERR,ERR,ERR,ERR,ERR,ERR,ERR,ERR,ERR,ERR,ERR,ERR,ERR,ERR,ERR,ERR,ERR,ERR,ERR,ERR,ERR,ERR,ERR,ERR,ERR,ERR,ERR,ERR,ERR,ERR,ERR,ERR,ERR,ERR,ERR,ERR,ERR,ERR,ERR,ERR,ERR,ERR,ERR,ERR,ERR,ERR,ERR,ERR,ERR,ERR,ERR,ERR,ERR,ERR,ERR,ERR,ERR,ERR,ERR,ERR,ERR,ERR,ERR,ERR,ERR,-107615880.0,-2.7184527190102135e+23,nan,0.0,0.0,-0.0,0.0,-2.8511356114639485e+28,4300,0,8,17171,4300,0.0,41,0.0,0.0,0.0,0.0,-0.0,0,0,0,0,0.0,0,0,0,0,0,0,0,0,0,0,0,0,0,0,0,0,0,0,0,0,0,0,0,0,0,0,0,0,0,0,0,0,0,9,36,36,45,65476,374,65476,1,0,4,21553,0.0,-0.0,0.0,0.0,0.0,0.0,0.0,0.0,0.0,0.0,0.0,0.0,0.0,0.0,0.0,0.0,0.0,0.0,0.0,0.0,0.0,2.004,0.0,0.0,3.697074863047967e+19,-3.697075742657269e+19,0.0,0.0,0.0,0.0,6472.0,2.004,0.0,-107615880.0,-2.7184527190102135e+23,0.0,-0.0,0.0,0.0,2.004,2.004,228,0.0,-0.0,0.0,0.0,0.0,0.0,0.0,0.0,0.0,0,0,0,751885248.0,0.0,-0.007,0.0,-4.080815655511799e+22,-0.0,-3199363.75,2.276675446227029e+22,-718088735555584.0,-4.860788986526983e+37,-52686917632.0,1.7505111647780568e+23,0.0,36.569,0.0,224.247,0,1.3516416376850534e+27,228,0.0,456,0.0,-0.0,2112,52429,17109,0,17112,0,17096,0,0,0,101,100,100,2.7302343157793998e+23,66.7,2.730234495923385e+23,67.4,-107615272.0,66.5,1,49,50,180,39322,52429,0,0,0.0,0.0,0.0,60.0,7.550760142603803e+31,71.0,0.0,-0.0,0.0,1069,0,1069,0,0,0,1069,0,1079,0,1000,0,670,0,672,0,667,0,681,0.032,1.807780919223536e+22,2.004,0.0,10384,16814,7.550760142603803e+31,-0.0,-1353733.0,0.0,1.1082817723237925e+20,-0.0,50.0,60.0,35,0.0,0.0,10.0,2.0,0.0,0.0,0.0,0.0,0.0,0.0,0.0,0.0,0.0,0.0,0.0,0.0,58.8,55,11,65507,27,65476,0,300,0,0,8,20529,65476,0,0,30147,60.0,0.0,10.0,10.0,2.0,0.0
2026-02-16T12:57:49,ERR,ERR,ERR,ERR,ERR,ERR,ERR,ERR,ERR,ERR,ERR,ERR,ERR,ERR,ERR,ERR,ERR,ERR,ERR,ERR,ERR,ERR,ERR,ERR,ERR,ERR,ERR,ERR,ERR,ERR,ERR,ERR,ERR,ERR,ERR,ERR,ERR,ERR,ERR,ERR,ERR,ERR,ERR,ERR,ERR,ERR,ERR,ERR,ERR,ERR,ERR,ERR,ERR,ERR,ERR,ERR,ERR,ERR,ERR,ERR,ERR,ERR,ERR,ERR,ERR,ERR,ERR,ERR,ERR,ERR,ERR,ERR,ERR,ERR,ERR,ERR,ERR,ERR,ERR,ERR,ERR,ERR,ERR,ERR,ERR,ERR,ERR,ERR,ERR,ERR,ERR,ERR,ERR,ERR,ERR,ERR,ERR,ERR,ERR,ERR,ERR,ERR,ERR,ERR,ERR,ERR,ERR,ERR,ERR,ERR,ERR,ERR,ERR,ERR,ERR,ERR,ERR,ERR,ERR,ERR,ERR,ERR,ERR,ERR,ERR,-107615880.0,-2.7184527190102135e+23,nan,0.0,0.0,-0.0,0.0,-2.8511356114639485e+28,4300,0,8,17171,4300,0.0,41,0.0,0.0,0.0,0.0,-0.0,0,0,0,0,0.0,0,0,0,0,0,0,0,0,0,0,0,0,0,0,0,0,0,0,0,0,0,0,0,0,0,0,0,0,0,0,0,0,0,9,36,36,45,65476,374,65476,1,0,4,21553,0.0,-0.0,0.0,0.0,0.0,0.0,0.0,0.0,0.0,0.0,0.0,0.0,0.0,0.0,0.0,0.0,0.0,0.0,0.0,0.0,0.0,2.004,0.0,0.0,3.697074863047967e+19,-3.697075742657269e+19,0.0,0.0,0.0,0.0,6472.0,2.004,0.0,-107615880.0,-2.7184527190102135e+23,0.0,-0.0,0.0,0.0,2.004,2.004,228,0.0,-0.0,0.0,0.0,0.0,0.0,0.0,0.0,0.0,0,0,0,751885248.0,0.0,-0.007,0.0,-4.080815655511799e+22,-0.0,-3199363.75,2.276675446227029e+22,-718088735555584.0,-4.860788986526983e+37,-52686917632.0,1.7505111647780568e+23,0.0,36.569,0.0,224.247,0,1.3516416376850534e+27,228,0.0,456,0.0,-0.0,2112,52429,17109,0,17112,0,17096,0,0,0,101,100,100,2.7302343157793998e+23,66.7,2.730234495923385e+23,67.4,-107615272.0,66.5,1,49,50,180,39322,52429,0,0,0.0,0.0,0.0,60.0,7.550760142603803e+31,71.0,0.0,-0.0,0.0,1069,0,1069,0,0,0,1069,0,1079,0,1000,0,670,0,672,0,667,0,681,0.032,1.807780919223536e+22,2.004,0.0,10384,16814,7.550760142603803e+31,-0.0,-1353733.0,0.0,1.1082817723237925e+20,-0.0,50.0,60.0,35,0.0,0.0,10.0,2.0,0.0,0.0,0.0,0.0,0.0,0.0,0.0,0.0,0.0,0.0,0.0,0.0,58.8,55,11,65507,27,65476,0,300,0,0,8,20529,65476,0,0,30147,60.0,0.0,10.0,10.0,2.0,0.0
2026-02-16T12:57:50,ERR,ERR,ERR,ERR,ERR,ERR,ERR,ERR,ERR,ERR,ERR,ERR,ERR,ERR,ERR,ERR,ERR,ERR,ERR,ERR,ERR,ERR,ERR,ERR,ERR,ERR,ERR,ERR,ERR,ERR,ERR,ERR,ERR,ERR,ERR,ERR,ERR,ERR,ERR,ERR,ERR,ERR,ERR,ERR,ERR,ERR,ERR,ERR,ERR,ERR,ERR,ERR,ERR,ERR,ERR,ERR,ERR,ERR,ERR,ERR,ERR,ERR,ERR,ERR,ERR,ERR,ERR,ERR,ERR,ERR,ERR,ERR,ERR,ERR,ERR,ERR,ERR,ERR,ERR,ERR,ERR,ERR,ERR,ERR,ERR,ERR,ERR,ERR,ERR,ERR,ERR,ERR,ERR,ERR,ERR,ERR,ERR,ERR,ERR,ERR,ERR,ERR,ERR,ERR,ERR,ERR,ERR,ERR,ERR,ERR,ERR,ERR,ERR,ERR,ERR,ERR,ERR,ERR,ERR,ERR,ERR,ERR,ERR,ERR,ERR,-107615880.0,-2.7184527190102135e+23,nan,0.0,0.0,-0.0,0.0,-2.8511356114639485e+28,4300,0,8,17171,4300,0.0,41,0.0,0.0,0.0,0.0,-0.0,0,0,0,0,0.0,0,0,0,0,0,0,0,0,0,0,0,0,0,0,0,0,0,0,0,0,0,0,0,0,0,0,0,0,0,0,0,0,0,9,36,36,45,65476,374,65476,1,0,4,21553,0.0,-0.0,0.0,0.0,0.0,0.0,0.0,0.0,0.0,0.0,0.0,0.0,0.0,0.0,0.0,0.0,0.0,0.0,0.0,0.0,0.0,2.004,0.0,0.0,3.697074863047967e+19,-3.697075742657269e+19,0.0,0.0,0.0,0.0,6472.0,2.004,0.0,-107615880.0,-2.7184527190102135e+23,0.0,-0.0,0.0,0.0,2.004,2.004,228,0.0,-0.0,0.0,0.0,0.0,0.0,0.0,0.0,0.0,0,0,0,751885248.0,0.0,-0.007,0.0,-4.080815655511799e+22,-0.0,-3199363.75,2.276675446227029e+22,-718088735555584.0,-4.860788986526983e+37,-52686917632.0,1.7505111647780568e+23,0.0,36.569,0.0,224.247,0,1.3516416376850534e+27,228,0.0,456,0.0,-0.0,2112,52429,17109,0,17112,0,17096,0,0,0,101,100,100,2.7302343157793998e+23,66.7,2.730234495923385e+23,67.4,-107615272.0,66.5,1,49,50,180,39322,52429,0,0,0.0,0.0,0.0,60.0,7.550760142603803e+31,71.0,0.0,-0.0,0.0,1069,0,1069,0,0,0,1069,0,1079,0,1000,0,670,0,672,0,667,0,681,0.032,1.807780919223536e+22,2.004,0.0,10384,16814,7.550760142603803e+31,-0.0,-1353733.0,0.0,1.1082817723237925e+20,-0.0,50.0,60.0,35,0.0,0.0,10.0,2.0,0.0,0.0,0.0,0.0,0.0,0.0,0.0,0.0,0.0,0.0,0.0,0.0,58.8,55,11,65507,27,65476,0,300,0,0,8,20529,65476,0,0,30147,60.0,0.0,10.0,10.0,2.0,0.0
2026-02-16T12:57:51,ERR,ERR,ERR,ERR,ERR,ERR,ERR,ERR,ERR,ERR,ERR,ERR,ERR,ERR,ERR,ERR,ERR,ERR,ERR,ERR,ERR,ERR,ERR,ERR,ERR,ERR,ERR,ERR,ERR,ERR,ERR,ERR,ERR,ERR,ERR,ERR,ERR,ERR,ERR,ERR,ERR,ERR,ERR,ERR,ERR,ERR,ERR,ERR,ERR,ERR,ERR,ERR,ERR,ERR,ERR,ERR,ERR,ERR,ERR,ERR,ERR,ERR,ERR,ERR,ERR,ERR,ERR,ERR,ERR,ERR,ERR,ERR,ERR,ERR,ERR,ERR,ERR,ERR,ERR,ERR,ERR,ERR,ERR,ERR,ERR,ERR,ERR,ERR,ERR,ERR,ERR,ERR,ERR,ERR,ERR,ERR,ERR,ERR,ERR,ERR,ERR,ERR,ERR,ERR,ERR,ERR,ERR,ERR,ERR,ERR,ERR,ERR,ERR,ERR,ERR,ERR,ERR,ERR,ERR,ERR,ERR,ERR,ERR,ERR,ERR,-107615880.0,-2.7184527190102135e+23,nan,0.0,0.0,-0.0,0.0,-2.8511356114639485e+28,4300,0,8,17171,4300,0.0,41,0.0,0.0,0.0,0.0,-0.0,0,0,0,0,0.0,0,0,0,0,0,0,0,0,0,0,0,0,0,0,0,0,0,0,0,0,0,0,0,0,0,0,0,0,0,0,0,0,0,9,36,36,45,65476,374,65476,1,0,4,21553,0.0,-0.0,0.0,0.0,0.0,0.0,0.0,0.0,0.0,0.0,0.0,0.0,0.0,0.0,0.0,0.0,0.0,0.0,0.0,0.0,0.0,2.004,0.0,0.0,3.697074863047967e+19,-3.697075742657269e+19,0.0,0.0,0.0,0.0,6472.0,2.004,0.0,-107615880.0,-2.7184527190102135e+23,0.0,-0.0,0.0,0.0,2.004,2.004,228,0.0,-0.0,0.0,0.0,0.0,0.0,0.0,0.0,0.0,0,0,0,751885248.0,0.0,-0.007,0.0,-4.080815655511799e+22,-0.0,-3199363.75,2.276675446227029e+22,-718088735555584.0,-4.860788986526983e+37,-52686917632.0,1.7505111647780568e+23,0.0,36.569,0.0,224.247,0,1.3516416376850534e+27,228,0.0,456,0.0,-0.0,2112,52429,17109,52429,17111,0,17096,0,0,0,101,100,100,2.7302343157793998e+23,66.6,0.0,67.0,0.0,67.0,1,49,50,180,39322,52429,0,0,0.0,0.0,0.0,60.0,1344358144.0,71.0,0.0,0.0,0.0,1068,0,1069,0,0,0,1069,0,1080,0,1000,0,670,0,672,0,667,0,680,0.032,1.4609821306377965e+22,0.0,0.0,10512,16814,1344358144.0,0.0,-6.3886218300906155e+37,0.0,1.0811029398282369e+34,-1.2895085255458816e+16,50.0,60.0,35,0.0,0.0,10.0,2.0,0.0,0.0,0.0,0.0,0.0,0.0,0.0,0.0,0.0,0.0,0.0,0.0,58.8,55,11,65507,27,65476,0,300,0,0,8,20529,65476,0,0,30147,60.0,0.0,10.0,10.0,2.0,0.0
2026-02-16T12:57:52,ERR,ERR,ERR,ERR,ERR,ERR,ERR,ERR,ERR,ERR,ERR,ERR,ERR,ERR,ERR,ERR,ERR,ERR,ERR,ERR,ERR,ERR,ERR,ERR,ERR,ERR,ERR,ERR,ERR,ERR,ERR,ERR,ERR,ERR,ERR,ERR,ERR,ERR,ERR,ERR,ERR,ERR,ERR,ERR,ERR,ERR,ERR,ERR,ERR,ERR,ERR,ERR,ERR,ERR,ERR,ERR,ERR,ERR,ERR,ERR,ERR,ERR,ERR,ERR,ERR,ERR,ERR,ERR,ERR,ERR,ERR,ERR,ERR,ERR,ERR,ERR,ERR,ERR,ERR,ERR,ERR,ERR,ERR,ERR,ERR,ERR,ERR,ERR,ERR,ERR,ERR,ERR,ERR,ERR,ERR,ERR,ERR,ERR,ERR,ERR,ERR,ERR,ERR,ERR,ERR,ERR,ERR,ERR,ERR,ERR,ERR,ERR,ERR,ERR,ERR,ERR,ERR,ERR,ERR,ERR,ERR,ERR,ERR,ERR,ERR,-107615880.0,-2.7184527190102135e+23,nan,0.0,0.0,1.0284081458031826e+32,-0.0,0.0,4300,0,8,17171,4300,0.0,41,0.0,0.0,0.0,0.0,-0.0,0,0,0,0,0.0,0,0,0,0,0,0,0,0,0,0,0,0,0,0,0,0,0,0,0,0,0,0,0,0,0,0,0,0,0,0,0,0,0,9,36,36,45,65476,380,65476,1,0,4,21553,0.0,0.0,0.0,0.0,0.0,0.0,0.0,0.0,0.0,0.0,0.0,0.0,0.0,0.0,0.0,0.0,0.0,0.0,0.0,0.0,0.0,2.004,0.0,0.0,3.697074863047967e+19,-3.697075742657269e+19,0.0,0.0,0.0,0.0,6469.0,-131351.156,0.0,-107615880.0,-2.7184527190102135e+23,0.0,-0.0,0.0,0.0,2.004,2.004,227,-2.30882787541985e+20,-89221.008,0.0,0.0,0.0,0.0,0.0,0.0,0.0,0,0,0,3182801190912.0,-2.4118993759323664e+36,-14.516,-0.0,-2.3267193045488815e+21,-0.0,0.0,-3.2658494793080267e+34,-0.112,-5.29278808515708e+37,-55639707648.0,1.880376243056972e+23,0.0,39.319,0.0,4.0588014754830746e+17,0,1.3516416376850534e+27,227,0.0,454,-621855232.0,5.614281105436677e+35,2112,52429,17109,52429,17111,0,17096,0,0,0,101,100,100,2.7302343157793998e+23,66.6,0.0,67.0,0.0,67.0,1,49,50,180,39322,52429,0,0,0.0,0.0,0.0,60.0,1344358144.0,71.0,0.0,0.0,0.0,1068,0,1069,0,0,0,1069,0,1080,0,1000,0,670,0,672,0,667,0,680,0.032,1.4609821306377965e+22,0.0,0.0,10512,16814,1344358144.0,0.0,-6.3886218300906155e+37,0.0,1.0811029398282369e+34,-1.2895085255458816e+16,50.0,60.0,35,0.0,0.0,10.0,2.0,0.0,0.0,0.0,0.0,0.0,0.0,0.0,0.0,0.0,0.0,0.0,0.0,58.8,55,11,65508,27,65476,0,300,0,0,8,20529,65476,0,0,30147,60.0,0.0,10.0,10.0,2.0,0.0
2026-02-16T12:57:53,ERR,ERR,ERR,ERR,ERR,ERR,ERR,ERR,ERR,ERR,ERR,ERR,ERR,ERR,ERR,ERR,ERR,ERR,ERR,ERR,ERR,ERR,ERR,ERR,ERR,ERR,ERR,ERR,ERR,ERR,ERR,ERR,ERR,ERR,ERR,ERR,ERR,ERR,ERR,ERR,ERR,ERR,ERR,ERR,ERR,ERR,ERR,ERR,ERR,ERR,ERR,ERR,ERR,ERR,ERR,ERR,ERR,ERR,ERR,ERR,ERR,ERR,ERR,ERR,ERR,ERR,ERR,ERR,ERR,ERR,ERR,ERR,ERR,ERR,ERR,ERR,ERR,ERR,ERR,ERR,ERR,ERR,ERR,ERR,ERR,ERR,ERR,ERR,ERR,ERR,ERR,ERR,ERR,ERR,ERR,ERR,ERR,ERR,ERR,ERR,ERR,ERR,ERR,ERR,ERR,ERR,ERR,ERR,ERR,ERR,ERR,ERR,ERR,ERR,ERR,ERR,ERR,ERR,ERR,ERR,ERR,ERR,ERR,ERR,ERR,-107615880.0,-2.7184527190102135e+23,nan,0.0,0.0,1.0284081458031826e+32,-0.0,0.0,4300,0,8,17171,4300,0.0,41,0.0,0.0,0.0,0.0,-0.0,0,0,0,0,0.0,0,0,0,0,0,0,0,0,0,0,0,0,0,0,0,0,0,0,0,0,0,0,0,0,0,0,0,0,0,0,0,0,0,9,36,36,45,65476,380,65476,1,0,4,21553,0.0,0.0,0.0,0.0,0.0,0.0,0.0,0.0,0.0,0.0,0.0,0.0,0.0,0.0,0.0,0.0,0.0,0.0,0.0,0.0,0.0,2.004,0.0,0.0,3.697074863047967e+19,-3.697075742657269e+19,0.0,0.0,0.0,0.0,6469.0,-131351.156,0.0,-107615880.0,-2.7184527190102135e+23,0.0,-0.0,0.0,0.0,2.004,2.004,227,-2.30882787541985e+20,-89221.008,0.0,0.0,0.0,0.0,0.0,0.0,0.0,0,0,0,3182801190912.0,-2.4118993759323664e+36,-14.516,-0.0,-2.3267193045488815e+21,-0.0,0.0,-3.2658494793080267e+34,-0.112,-5.29278808515708e+37,-55639707648.0,1.880376243056972e+23,0.0,39.319,0.0,4.0588014754830746e+17,0,1.3516416376850534e+27,227,0.0,454,-621855232.0,5.614281105436677e+35,2112,52429,17109,52429,17111,0,17096,0,0,0,101,100,100,2.7302343157793998e+23,66.6,0.0,67.0,0.0,67.0,1,49,50,180,39322,52429,0,0,0.0,0.0,0.0,60.0,1344358144.0,71.0,0.0,0.0,0.0,1068,0,1069,0,0,0,1069,0,1080,0,1000,0,670,0,672,0,667,0,680,0.032,1.4609821306377965e+22,0.0,0.0,10512,16814,1344358144.0,0.0,-6.3886218300906155e+37,0.0,1.0811029398282369e+34,-1.2895085255458816e+16,50.0,60.0,35,0.0,0.0,10.0,2.0,0.0,0.0,0.0,0.0,0.0,0.0,0.0,0.0,0.0,0.0,0.0,0.0,58.8,55,11,65508,27,65476,0,300,0,0,8,20529,65476,0,0,30147,60.0,0.0,10.0,10.0,2.0,0.0
2026-02-16T12:57:54,ERR,ERR,ERR,ERR,ERR,ERR,ERR,ERR,ERR,ERR,ERR,ERR,ERR,ERR,ERR,ERR,ERR,ERR,ERR,ERR,ERR,ERR,ERR,ERR,ERR,ERR,ERR,ERR,ERR,ERR,ERR,ERR,ERR,ERR,ERR,ERR,ERR,ERR,ERR,ERR,ERR,ERR,ERR,ERR,ERR,ERR,ERR,ERR,ERR,ERR,ERR,ERR,ERR,ERR,ERR,ERR,ERR,ERR,ERR,ERR,ERR,ERR,ERR,ERR,ERR,ERR,ERR,ERR,ERR,ERR,ERR,ERR,ERR,ERR,ERR,ERR,ERR,ERR,ERR,ERR,ERR,ERR,ERR,ERR,ERR,ERR,ERR,ERR,ERR,ERR,ERR,ERR,ERR,ERR,ERR,ERR,ERR,ERR,ERR,ERR,ERR,ERR,ERR,ERR,ERR,ERR,ERR,ERR,ERR,ERR,ERR,ERR,ERR,ERR,ERR,ERR,ERR,ERR,ERR,ERR,ERR,ERR,ERR,ERR,ERR,-107615880.0,-2.7184527190102135e+23,nan,0.0,0.0,1.0284081458031826e+32,-0.0,0.0,4300,0,8,17171,4300,0.0,41,0.0,0.0,0.0,0.0,-0.0,0,0,0,0,0.0,0,0,0,0,0,0,0,0,0,0,0,0,0,0,0,0,0,0,0,0,0,0,0,0,0,0,0,0,0,0,0,0,0,9,36,36,45,65476,380,65476,1,0,4,21553,0.0,0.0,0.0,0.0,0.0,0.0,0.0,0.0,0.0,0.0,0.0,0.0,0.0,0.0,0.0,0.0,0.0,0.0,0.0,0.0,0.0,2.004,0.0,0.0,3.697074863047967e+19,-3.697075742657269e+19,0.0,0.0,0.0,0.0,6469.0,-131351.156,0.0,-107615880.0,-2.7184527190102135e+23,0.0,-0.0,0.0,0.0,2.004,2.004,227,-2.30882787541985e+20,-89221.008,0.0,0.0,0.0,0.0,0.0,0.0,0.0,0,0,0,3182801190912.0,-2.4118993759323664e+36,-14.516,-0.0,-2.3267193045488815e+21,-0.0,0.0,-3.2658494793080267e+34,-0.112,-5.29278808515708e+37,-55639707648.0,1.880376243056972e+23,0.0,39.319,0.0,4.0588014754830746e+17,0,1.3516416376850534e+27,227,0.0,454,-621855232.0,5.614281105436677e+35,2112,52429,17109,52429,17111,0,17096,0,0,0,101,100,100,2.7302343157793998e+23,66.6,0.0,67.0,0.0,67.0,1,49,50,180,39322,52429,0,0,0.0,0.0,0.0,60.0,1344358144.0,71.0,0.0,0.0,0.0,1068,0,1069,0,0,0,1069,0,1080,0,1000,0,670,0,672,0,667,0,680,0.032,1.4609821306377965e+22,0.0,0.0,10512,16814,1344358144.0,0.0,-6.3886218300906155e+37,0.0,1.0811029398282369e+34,-1.2895085255458816e+16,50.0,60.0,35,0.0,0.0,10.0,2.0,0.0,0.0,0.0,0.0,0.0,0.0,0.0,0.0,0.0,0.0,0.0,0.0,58.8,55,11,65508,27,65476,0,300,0,0,8,20529,65476,0,0,30147,60.0,0.0,10.0,10.0,2.0,0.0
2026-02-16T12:57:55,ERR,ERR,ERR,ERR,ERR,ERR,ERR,ERR,ERR,ERR,ERR,ERR,ERR,ERR,ERR,ERR,ERR,ERR,ERR,ERR,ERR,ERR,ERR,ERR,ERR,ERR,ERR,ERR,ERR,ERR,ERR,ERR,ERR,ERR,ERR,ERR,ERR,ERR,ERR,ERR,ERR,ERR,ERR,ERR,ERR,ERR,ERR,ERR,ERR,ERR,ERR,ERR,ERR,ERR,ERR,ERR,ERR,ERR,ERR,ERR,ERR,ERR,ERR,ERR,ERR,ERR,ERR,ERR,ERR,ERR,ERR,ERR,ERR,ERR,ERR,ERR,ERR,ERR,ERR,ERR,ERR,ERR,ERR,ERR,ERR,ERR,ERR,ERR,ERR,ERR,ERR,ERR,ERR,ERR,ERR,ERR,ERR,ERR,ERR,ERR,ERR,ERR,ERR,ERR,ERR,ERR,ERR,ERR,ERR,ERR,ERR,ERR,ERR,ERR,ERR,ERR,ERR,ERR,ERR,ERR,ERR,ERR,ERR,ERR,ERR,-107615880.0,-2.7184527190102135e+23,nan,0.0,0.0,1.0284081458031826e+32,-0.0,0.0,4300,0,8,17171,4300,0.0,41,0.0,0.0,0.0,0.0,-0.0,0,0,0,0,0.0,0,0,0,0,0,0,0,0,0,0,0,0,0,0,0,0,0,0,0,0,0,0,0,0,0,0,0,0,0,0,0,0,0,9,36,36,45,65476,380,65476,1,0,4,21553,0.0,0.0,0.0,0.0,0.0,0.0,0.0,0.0,0.0,0.0,0.0,0.0,0.0,0.0,0.0,0.0,0.0,0.0,0.0,0.0,0.0,2.004,0.0,0.0,3.697074863047967e+19,-3.697075742657269e+19,0.0,0.0,0.0,0.0,6469.0,-131351.156,0.0,-107615880.0,-2.7184527190102135e+23,0.0,-0.0,0.0,0.0,2.004,2.004,227,-2.30882787541985e+20,-89221.008,0.0,0.0,0.0,0.0,0.0,0.0,0.0,0,0,0,3182801190912.0,-2.4118993759323664e+36,-14.516,-0.0,-2.3267193045488815e+21,-0.0,0.0,-3.2658494793080267e+34,-0.112,-5.29278808515708e+37,-55639707648.0,1.880376243056972e+23,0.0,39.319,0.0,4.0588014754830746e+17,0,1.3516416376850534e+27,227,0.0,454,-621855232.0,5.614281105436677e+35,2112,52429,17109,0,17112,0,17096,0,0,0,101,100,100,2.7302343157793998e+23,66.6,0.0,67.4,-107615272.0,66.5,1,49,50,180,52429,52429,0,0,0.0,0.0,0.0,60.0,1830897408.0,71.0,0.0,0.0,0.0,1068,0,1069,0,0,0,1069,0,1079,0,1000,0,670,0,672,0,667,0,680,0.032,1.4536034330083127e+22,0.0,0.0,2448,16814,797.04,0.0,-5.74300739720425e+19,3.826359398483729e+19,6983830732800.0,-1.236,50.0,60.0,35,0.0,0.0,10.0,2.0,0.0,0.0,0.0,0.0,0.0,0.0,0.0,0.0,0.0,0.0,0.0,0.0,58.8,55,11,65508,27,65476,0,300,0,0,8,20529,65476,0,0,30147,60.0,0.0,10.0,10.0,2.0,0.0
2026-02-16T12:57:56,ERR,ERR,ERR,ERR,ERR,ERR,ERR,ERR,ERR,ERR,ERR,ERR,ERR,ERR,ERR,ERR,ERR,ERR,ERR,ERR,ERR,ERR,ERR,ERR,ERR,ERR,ERR,ERR,ERR,ERR,ERR,ERR,ERR,ERR,ERR,ERR,ERR,ERR,ERR,ERR,ERR,ERR,ERR,ERR,ERR,ERR,ERR,ERR,ERR,ERR,ERR,ERR,ERR,ERR,ERR,ERR,ERR,ERR,ERR,ERR,ERR,ERR,ERR,ERR,ERR,ERR,ERR,ERR,ERR,ERR,ERR,ERR,ERR,ERR,ERR,ERR,ERR,ERR,ERR,ERR,ERR,ERR,ERR,ERR,ERR,ERR,ERR,ERR,ERR,ERR,ERR,ERR,ERR,ERR,ERR,ERR,ERR,ERR,ERR,ERR,ERR,ERR,ERR,ERR,ERR,ERR,ERR,ERR,ERR,ERR,ERR,ERR,ERR,ERR,ERR,ERR,ERR,ERR,ERR,ERR,ERR,ERR,ERR,ERR,ERR,-107615880.0,-107616352.0,-0.0,0.0,-0.063,6.734253131278998e+24,-0.0,-33157191565312.0,4300,0,8,17170,4300,0.0,41,0.0,0.0,0.0,0.0,-0.0,0,0,0,0,0.0,0,0,0,0,0,0,0,0,0,0,0,0,0,0,0,0,0,0,0,0,0,0,0,0,0,0,0,0,0,0,0,0,0,9,36,36,45,65476,379,65476,1,0,4,21553,0.0,-0.0,0.0,0.0,0.0,0.0,0.0,0.0,0.0,0.0,0.0,0.0,0.0,0.0,0.0,0.0,0.0,0.0,0.0,0.0,0.0,2.004,2.004,0.0,3.697074863047967e+19,-3.697075742657269e+19,0.0,0.0,0.0,0.0,6496.0,0.0,0.0,0.0,-2.7184527190102135e+23,0.0,-0.0,-0.0,0.0,2.004,2.004,228,-0.0,0.0,0.0,0.0,0.0,0.0,0.0,0.0,0.0,0,0,0,4.746519106972304e+34,-1.264883741061066e+26,-5.477178056696243e+30,-0.0,0.0,0.0,-4.451073445957812e+25,0.0,-0.0,-5.658325783997932e+37,-58860933120.0,2.0220472375430614e+23,0.0,42.069,0.0,3.833326640252618e+34,0,1.3516416376850534e+27,228,0.0,456,2.40156025918058e+36,599252157857792.0,2112,52429,17109,0,17112,0,17096,0,0,0,101,100,100,2.7302343157793998e+23,66.6,0.0,67.4,-107615272.0,66.5,1,49,50,180,52429,52429,0,0,0.0,0.0,0.0,60.0,1830897408.0,71.0,0.0,0.0,0.0,1068,0,1069,0,0,0,1069,0,1079,0,1000,0,670,0,672,0,667,0,680,0.032,1.4536034330083127e+22,0.0,0.0,2448,16814,797.04,0.0,-5.74300739720425e+19,3.826359398483729e+19,6983830732800.0,-1.236,50.0,60.0,35,0.0,0.0,10.0,2.0,0.0,0.0,0.0,0.0,0.0,0.0,0.0,0.0,0.0,0.0,0.0,0.0,58.8,55,11,65508,27,65476,0,300,0,0,8,20529,65476,0,0,30147,60.0,0.0,10.0,10.0,2.0,0.0
2026-02-16T12:57:57,ERR,ERR,ERR,ERR,ERR,ERR,ERR,ERR,ERR,ERR,ERR,ERR,ERR,ERR,ERR,ERR,ERR,ERR,ERR,ERR,ERR,ERR,ERR,ERR,ERR,ERR,ERR,ERR,ERR,ERR,ERR,ERR,ERR,ERR,ERR,ERR,ERR,ERR,ERR,ERR,ERR,ERR,ERR,ERR,ERR,ERR,ERR,ERR,ERR,ERR,ERR,ERR,ERR,ERR,ERR,ERR,ERR,ERR,ERR,ERR,ERR,ERR,ERR,ERR,ERR,ERR,ERR,ERR,ERR,ERR,ERR,ERR,ERR,ERR,ERR,ERR,ERR,ERR,ERR,ERR,ERR,ERR,ERR,ERR,ERR,ERR,ERR,ERR,ERR,ERR,ERR,ERR,ERR,ERR,ERR,ERR,ERR,ERR,ERR,ERR,ERR,ERR,ERR,ERR,ERR,ERR,ERR,ERR,ERR,ERR,ERR,ERR,ERR,ERR,ERR,ERR,ERR,ERR,ERR,ERR,ERR,ERR,ERR,ERR,ERR,-107615880.0,-107616352.0,-0.0,0.0,-0.063,6.734253131278998e+24,-0.0,-33157191565312.0,4300,0,8,17170,4300,0.0,41,0.0,0.0,0.0,0.0,-0.0,0,0,0,0,0.0,0,0,0,0,0,0,0,0,0,0,0,0,0,0,0,0,0,0,0,0,0,0,0,0,0,0,0,0,0,0,0,0,0,9,36,36,45,65476,379,65476,1,0,4,21553,0.0,-0.0,0.0,0.0,0.0,0.0,0.0,0.0,0.0,0.0,0.0,0.0,0.0,0.0,0.0,0.0,0.0,0.0,0.0,0.0,0.0,2.004,2.004,0.0,3.697074863047967e+19,-3.697075742657269e+19,0.0,0.0,0.0,0.0,6496.0,0.0,0.0,0.0,-2.7184527190102135e+23,0.0,-0.0,-0.0,0.0,2.004,2.004,228,-0.0,0.0,0.0,0.0,0.0,0.0,0.0,0.0,0.0,0,0,0,4.746519106972304e+34,-1.264883741061066e+26,-5.477178056696243e+30,-0.0,0.0,0.0,-4.451073445957812e+25,0.0,-0.0,-5.658325783997932e+37,-58860933120.0,2.0220472375430614e+23,0.0,42.069,0.0,3.833326640252618e+34,0,1.3516416376850534e+27,228,0.0,456,2.40156025918058e+36,599252157857792.0,2112,52429,17109,0,17112,0,17096,0,0,0,101,100,100,2.7302343157793998e+23,66.6,0.0,67.4,-107615272.0,66.5,1,49,50,180,52429,52429,0,0,0.0,0.0,0.0,60.0,1830897408.0,71.0,0.0,0.0,0.0,1068,0,1069,0,0,0,1069,0,1079,0,1000,0,670,0,672,0,667,0,680,0.032,1.4536034330083127e+22,0.0,0.0,2448,16814,797.04,0.0,-5.74300739720425e+19,3.826359398483729e+19,6983830732800.0,-1.236,50.0,60.0,35,0.0,0.0,10.0,2.0,0.0,0.0,0.0,0.0,0.0,0.0,0.0,0.0,0.0,0.0,0.0,0.0,59.2,55,11,65508,27,65476,0,300,0,0,8,20529,65476,0,0,30147,60.0,0.0,10.0,10.0,2.0,0.0
2026-02-16T12:57:58,ERR,ERR,ERR,ERR,ERR,ERR,ERR,ERR,ERR,ERR,ERR,ERR,ERR,ERR,ERR,ERR,ERR,ERR,ERR,ERR,ERR,ERR,ERR,ERR,ERR,ERR,ERR,ERR,ERR,ERR,ERR,ERR,ERR,ERR,ERR,ERR,ERR,ERR,ERR,ERR,ERR,ERR,ERR,ERR,ERR,ERR,ERR,ERR,ERR,ERR,ERR,ERR,ERR,ERR,ERR,ERR,ERR,ERR,ERR,ERR,ERR,ERR,ERR,ERR,ERR,ERR,ERR,ERR,ERR,ERR,ERR,ERR,ERR,ERR,ERR,ERR,ERR,ERR,ERR,ERR,ERR,ERR,ERR,ERR,ERR,ERR,ERR,ERR,ERR,ERR,ERR,ERR,ERR,ERR,ERR,ERR,ERR,ERR,ERR,ERR,ERR,ERR,ERR,ERR,ERR,ERR,ERR,ERR,ERR,ERR,ERR,ERR,ERR,ERR,ERR,ERR,ERR,ERR,ERR,ERR,ERR,ERR,ERR,ERR,ERR,-107615880.0,-107616352.0,-0.0,0.0,-0.063,6.734253131278998e+24,-0.0,-33157191565312.0,4300,0,8,17170,4300,0.0,41,0.0,0.0,0.0,0.0,-0.0,0,0,0,0,0.0,0,0,0,0,0,0,0,0,0,0,0,0,0,0,0,0,0,0,0,0,0,0,0,0,0,0,0,0,0,0,0,0,0,9,36,36,45,65476,379,65476,1,0,4,21553,0.0,-0.0,0.0,0.0,0.0,0.0,0.0,0.0,0.0,0.0,0.0,0.0,0.0,0.0,0.0,0.0,0.0,0.0,0.0,0.0,0.0,2.004,2.004,0.0,3.697074863047967e+19,-3.697075742657269e+19,0.0,0.0,0.0,0.0,6496.0,0.0,0.0,0.0,-2.7184527190102135e+23,0.0,-0.0,-0.0,0.0,2.004,2.004,228,-0.0,0.0,0.0,0.0,0.0,0.0,0.0,0.0,0.0,0,0,0,4.746519106972304e+34,-1.264883741061066e+26,-5.477178056696243e+30,-0.0,0.0,0.0,-4.451073445957812e+25,0.0,-0.0,-5.658325783997932e+37,-58860933120.0,2.0220472375430614e+23,0.0,42.069,0.0,3.833326640252618e+34,0,1.3516416376850534e+27,228,0.0,456,2.40156025918058e+36,599252157857792.0,2112,52429,17109,52429,17111,0,17096,0,0,0,101,100,100,2.7302343157793998e+23,66.7,2.730234495923385e+23,67.0,0.0,67.0,1,49,50,180,39322,52429,0,0,0.0,0.0,0.0,60.0,1.3018779454590157e+17,71.0,0.0,-0.0,0.0,1068,0,1069,0,0,0,1069,0,1079,0,1000,0,670,0,672,0,667,0,680,0.032,1.4536034330083127e+22,0.0,0.0,8336,16814,390615488.0,1.14985517283541e+17,0.0,7.036716819481379e+37,-0.001,0.0,50.0,60.0,35,0.0,0.0,10.0,2.0,0.0,0.0,0.0,0.0,0.0,0.0,0.0,0.0,0.0,0.0,0.0,0.0,58.8,55,11,65508,27,65476,0,300,0,0,8,20529,65476,0,0,30147,60.0,0.0,10.0,10.0,2.0,0.0
2026-02-16T12:57:59,ERR,ERR,ERR,ERR,ERR,ERR,ERR,ERR,ERR,ERR,ERR,ERR,ERR,ERR,ERR,ERR,ERR,ERR,ERR,ERR,ERR,ERR,ERR,ERR,ERR,ERR,ERR,ERR,ERR,ERR,ERR,ERR,ERR,ERR,ERR,ERR,ERR,ERR,ERR,ERR,ERR,ERR,ERR,ERR,ERR,ERR,ERR,ERR,ERR,ERR,ERR,ERR,ERR,ERR,ERR,ERR,ERR,ERR,ERR,ERR,ERR,ERR,ERR,ERR,ERR,ERR,ERR,ERR,ERR,ERR,ERR,ERR,ERR,ERR,ERR,ERR,ERR,ERR,ERR,ERR,ERR,ERR,ERR,ERR,ERR,ERR,ERR,ERR,ERR,ERR,ERR,ERR,ERR,ERR,ERR,ERR,ERR,ERR,ERR,ERR,ERR,ERR,ERR,ERR,ERR,ERR,ERR,ERR,ERR,ERR,ERR,ERR,ERR,ERR,ERR,ERR,ERR,ERR,ERR,ERR,ERR,ERR,ERR,ERR,ERR,-107615880.0,-107616352.0,-0.0,0.0,-0.063,6.734253131278998e+24,-0.0,-33157191565312.0,4300,0,8,17170,4300,0.0,41,0.0,0.0,0.0,0.0,-0.0,0,0,0,0,0.0,0,0,0,0,0,0,0,0,0,0,0,0,0,0,0,0,0,0,0,0,0,0,0,0,0,0,0,0,0,0,0,0,0,9,36,36,45,65476,379,65476,1,0,4,21553,0.0,-0.0,0.0,0.0,0.0,0.0,0.0,0.0,0.0,0.0,0.0,0.0,0.0,0.0,0.0,0.0,0.0,0.0,0.0,0.0,0.0,2.004,2.004,0.0,3.697074863047967e+19,-3.697075742657269e+19,0.0,0.0,0.0,0.0,6496.0,0.0,0.0,0.0,-2.7184527190102135e+23,0.0,-0.0,-0.0,0.0,2.004,2.004,228,-0.0,0.0,0.0,0.0,0.0,0.0,0.0,0.0,0.0,0,0,0,4.746519106972304e+34,-1.264883741061066e+26,-5.477178056696243e+30,-0.0,0.0,0.0,-4.451073445957812e+25,0.0,-0.0,-5.658325783997932e+37,-58860933120.0,2.0220472375430614e+23,0.0,42.069,0.0,3.833326640252618e+34,0,1.3516416376850534e+27,228,0.0,456,2.40156025918058e+36,599252157857792.0,2112,52429,17109,52429,17111,0,17096,0,0,0,101,100,100,2.7302343157793998e+23,66.7,2.730234495923385e+23,67.0,0.0,67.0,1,49,50,180,39322,52429,0,0,0.0,0.0,0.0,60.0,1.3018779454590157e+17,71.0,0.0,-0.0,0.0,1068,0,1069,0,0,0,1069,0,1079,0,1000,0,670,0,672,0,667,0,680,0.032,1.4536034330083127e+22,0.0,0.0,8336,16814,390615488.0,1.14985517283541e+17,0.0,7.036716819481379e+37,-0.001,0.0,50.0,60.0,35,0.0,0.0,10.0,2.0,0.0,0.0,0.0,0.0,0.0,0.0,0.0,0.0,0.0,0.0,0.0,0.0,58.8,55,11,65508,27,65476,0,300,0,0,8,20529,65476,0,0,30147,60.0,0.0,10.0,10.0,2.0,0.0
2026-02-16T12:58:00,ERR,ERR,ERR,ERR,ERR,ERR,ERR,ERR,ERR,ERR,ERR,ERR,ERR,ERR,ERR,ERR,ERR,ERR,ERR,ERR,ERR,ERR,ERR,ERR,ERR,ERR,ERR,ERR,ERR,ERR,ERR,ERR,ERR,ERR,ERR,ERR,ERR,ERR,ERR,ERR,ERR,ERR,ERR,ERR,ERR,ERR,ERR,ERR,ERR,ERR,ERR,ERR,ERR,ERR,ERR,ERR,ERR,ERR,ERR,ERR,ERR,ERR,ERR,ERR,ERR,ERR,ERR,ERR,ERR,ERR,ERR,ERR,ERR,ERR,ERR,ERR,ERR,ERR,ERR,ERR,ERR,ERR,ERR,ERR,ERR,ERR,ERR,ERR,ERR,ERR,ERR,ERR,ERR,ERR,ERR,ERR,ERR,ERR,ERR,ERR,ERR,ERR,ERR,ERR,ERR,ERR,ERR,ERR,ERR,ERR,ERR,ERR,ERR,ERR,ERR,ERR,ERR,ERR,ERR,ERR,ERR,ERR,ERR,ERR,ERR,-107615880.0,-107616352.0,-0.0,0.0,-0.063,6.734253131278998e+24,-0.0,-33157191565312.0,4300,0,8,17170,4300,0.0,41,0.0,0.0,0.0,0.0,-0.0,0,0,0,0,0.0,0,0,0,0,0,0,0,0,0,0,0,0,0,0,0,0,0,0,0,0,0,0,0,0,0,0,0,0,0,0,0,0,0,9,36,36,45,65476,379,65476,1,0,4,21553,0.0,-0.0,0.0,0.0,0.0,0.0,0.0,0.0,0.0,0.0,0.0,0.0,0.0,0.0,0.0,0.0,0.0,0.0,0.0,0.0,0.0,2.004,2.004,0.0,3.697074863047967e+19,-3.697075742657269e+19,0.0,0.0,0.0,0.0,6496.0,0.0,0.0,0.0,-2.7184527190102135e+23,0.0,-0.0,-0.0,0.0,2.004,2.004,228,-0.0,0.0,0.0,0.0,0.0,0.0,0.0,0.0,0.0,0,0,0,4.746519106972304e+34,-1.264883741061066e+26,-5.477178056696243e+30,-0.0,0.0,0.0,-4.451073445957812e+25,0.0,-0.0,-5.658325783997932e+37,-58860933120.0,2.0220472375430614e+23,0.0,42.069,0.0,3.833326640252618e+34,0,1.3516416376850534e+27,228,0.0,456,2.40156025918058e+36,599252157857792.0,2112,52429,17109,52429,17111,0,17096,0,0,0,101,100,100,2.7302343157793998e+23,66.7,2.730234495923385e+23,67.0,0.0,67.0,1,49,50,180,39322,52429,0,0,0.0,0.0,0.0,60.0,1.3018779454590157e+17,71.0,0.0,-0.0,0.0,1068,0,1069,0,0,0,1069,0,1079,0,1000,0,670,0,672,0,667,0,680,0.032,1.4536034330083127e+22,0.0,0.0,8336,16814,390615488.0,1.14985517283541e+17,0.0,7.036716819481379e+37,-0.001,0.0,50.0,60.0,35,0.0,0.0,10.0,2.0,0.0,0.0,0.0,0.0,0.0,0.0,0.0,0.0,0.0,0.0,0.0,0.0,58.8,55,11,65508,27,65476,0,300,0,0,8,20529,65476,0,0,30147,60.0,0.0,10.0,10.0,2.0,0.0
2026-02-16T12:58:01,ERR,ERR,ERR,ERR,ERR,ERR,ERR,ERR,ERR,ERR,ERR,ERR,ERR,ERR,ERR,ERR,ERR,ERR,ERR,ERR,ERR,ERR,ERR,ERR,ERR,ERR,ERR,ERR,ERR,ERR,ERR,ERR,ERR,ERR,ERR,ERR,ERR,ERR,ERR,ERR,ERR,ERR,ERR,ERR,ERR,ERR,ERR,ERR,ERR,ERR,ERR,ERR,ERR,ERR,ERR,ERR,ERR,ERR,ERR,ERR,ERR,ERR,ERR,ERR,ERR,ERR,ERR,ERR,ERR,ERR,ERR,ERR,ERR,ERR,ERR,ERR,ERR,ERR,ERR,ERR,ERR,ERR,ERR,ERR,ERR,ERR,ERR,ERR,ERR,ERR,ERR,ERR,ERR,ERR,ERR,ERR,ERR,ERR,ERR,ERR,ERR,ERR,ERR,ERR,ERR,ERR,ERR,ERR,ERR,ERR,ERR,ERR,ERR,ERR,ERR,ERR,ERR,ERR,ERR,ERR,ERR,ERR,ERR,ERR,ERR,0.0,-107616352.0,0.0,0.0,142144341803008.0,-0.0,-9.505045892524976e+23,0.0,4300,0,8,17171,4300,0.0,41,0.0,0.0,0.0,0.0,-0.0,0,0,0,0,0.0,0,0,0,0,0,0,0,0,0,0,0,0,0,0,0,0,0,0,0,0,0,0,0,0,0,0,0,0,0,0,0,0,0,9,36,36,45,65476,378,65476,1,0,4,21553,0.0,-107610720.0,0.0,0.0,0.0,0.0,0.0,0.0,0.0,0.0,0.0,0.0,0.0,0.0,0.0,0.0,0.0,0.0,0.0,0.0,0.0,2.004,2.004,0.0,2.004,0.0,0.0,0.0,0.0,0.0,6527.0,-0.0,0.0,0.0,-107616352.0,-107616240.0,-0.0,0.0,0.0,2.004,2.004,228,-0.0,107615248.0,0.0,0.0,0.0,0.0,0.0,0.0,0.0,0,0,0,2.0811928551935678e+34,0.0,-2.3801057639316813e+29,0.0,-2.152346330972386e+36,9.121443836446676e+30,-5.233146496093981e+27,-0.0,1.3886674597639487e+31,-6.09032488262803e+37,-62350594048.0,2.175524148236325e+23,0.0,44.819,0.0,-0.0,0,1.3516416376850534e+27,228,0.0,456,-621855232.0,5.614281105436677e+35,2112,52429,17109,52429,17111,0,17096,0,0,0,101,100,100,2.7302343157793998e+23,66.6,0.0,67.0,0.0,67.0,1,49,50,180,39322,52429,0,0,0.0,0.0,0.0,60.0,8.313024259802289e+20,71.0,0.0,0.0,0.0,1068,0,1069,0,0,0,1069,0,1079,0,1000,0,670,0,672,0,667,0,680,0.032,1.4462247353788288e+22,0.0,0.0,6544,16814,8.313024259802289e+20,0.0,50371544219648.0,0.0,-9.9194585547486e+17,0.0,50.0,60.0,35,0.0,0.0,10.0,2.0,0.0,0.0,0.0,0.0,0.0,0.0,0.0,0.0,0.0,0.0,0.0,0.0,58.8,55,11,65508,27,65476,0,300,0,0,8,20529,65476,0,0,30147,60.0,0.0,10.0,10.0,2.0,0.0
2026-02-16T12:58:02,ERR,ERR,ERR,ERR,ERR,ERR,ERR,ERR,ERR,ERR,ERR,ERR,ERR,ERR,ERR,ERR,ERR,ERR,ERR,ERR,ERR,ERR,ERR,ERR,ERR,ERR,ERR,ERR,ERR,ERR,ERR,ERR,ERR,ERR,ERR,ERR,ERR,ERR,ERR,ERR,ERR,ERR,ERR,ERR,ERR,ERR,ERR,ERR,ERR,ERR,ERR,ERR,ERR,ERR,ERR,ERR,ERR,ERR,ERR,ERR,ERR,ERR,ERR,ERR,ERR,ERR,ERR,ERR,ERR,ERR,ERR,ERR,ERR,ERR,ERR,ERR,ERR,ERR,ERR,ERR,ERR,ERR,ERR,ERR,ERR,ERR,ERR,ERR,ERR,ERR,ERR,ERR,ERR,ERR,ERR,ERR,ERR,ERR,ERR,ERR,ERR,ERR,ERR,ERR,ERR,ERR,ERR,ERR,ERR,ERR,ERR,ERR,ERR,ERR,ERR,ERR,ERR,ERR,ERR,ERR,ERR,ERR,ERR,ERR,ERR,0.0,-107616352.0,0.0,0.0,142144341803008.0,-0.0,-9.505045892524976e+23,0.0,4300,0,8,17171,4300,0.0,41,0.0,0.0,0.0,0.0,-0.0,0,0,0,0,0.0,0,0,0,0,0,0,0,0,0,0,0,0,0,0,0,0,0,0,0,0,0,0,0,0,0,0,0,0,0,0,0,0,0,9,36,36,45,65476,378,65476,1,0,4,21553,0.0,-107610720.0,0.0,0.0,0.0,0.0,0.0,0.0,0.0,0.0,0.0,0.0,0.0,0.0,0.0,0.0,0.0,0.0,0.0,0.0,0.0,2.004,2.004,0.0,2.004,0.0,0.0,0.0,0.0,0.0,6527.0,-0.0,0.0,0.0,-107616352.0,-107616240.0,-0.0,0.0,0.0,2.004,2.004,228,-0.0,107615248.0,0.0,0.0,0.0,0.0,0.0,0.0,0.0,0,0,0,2.0811928551935678e+34,0.0,-2.3801057639316813e+29,0.0,-2.152346330972386e+36,9.121443836446676e+30,-5.233146496093981e+27,-0.0,1.3886674597639487e+31,-6.09032488262803e+37,-62350594048.0,2.175524148236325e+23,0.0,44.819,0.0,-0.0,0,1.3516416376850534e+27,228,0.0,456,-621855232.0,5.614281105436677e+35,2112,52429,17109,52429,17111,0,17096,0,0,0,101,100,100,2.7302343157793998e+23,66.6,0.0,67.0,0.0,67.0,1,49,50,180,39322,52429,0,0,0.0,0.0,0.0,60.0,8.313024259802289e+20,71.0,0.0,0.0,0.0,1068,0,1069,0,0,0,1069,0,1079,0,1000,0,670,0,672,0,667,0,680,0.032,1.4462247353788288e+22,0.0,0.0,6544,16814,8.313024259802289e+20,0.0,50371544219648.0,0.0,-9.9194585547486e+17,0.0,50.0,60.0,35,0.0,0.0,10.0,2.0,0.0,0.0,0.0,0.0,0.0,0.0,0.0,0.0,0.0,0.0,0.0,0.0,58.8,55,11,65508,27,65476,0,300,0,0,8,20529,65476,0,0,30147,60.0,0.0,10.0,10.0,2.0,0.0
2026-02-16T12:58:03,ERR,ERR,ERR,ERR,ERR,ERR,ERR,ERR,ERR,ERR,ERR,ERR,ERR,ERR,ERR,ERR,ERR,ERR,ERR,ERR,ERR,ERR,ERR,ERR,ERR,ERR,ERR,ERR,ERR,ERR,ERR,ERR,ERR,ERR,ERR,ERR,ERR,ERR,ERR,ERR,ERR,ERR,ERR,ERR,ERR,ERR,ERR,ERR,ERR,ERR,ERR,ERR,ERR,ERR,ERR,ERR,ERR,ERR,ERR,ERR,ERR,ERR,ERR,ERR,ERR,ERR,ERR,ERR,ERR,ERR,ERR,ERR,ERR,ERR,ERR,ERR,ERR,ERR,ERR,ERR,ERR,ERR,ERR,ERR,ERR,ERR,ERR,ERR,ERR,ERR,ERR,ERR,ERR,ERR,ERR,ERR,ERR,ERR,ERR,ERR,ERR,ERR,ERR,ERR,ERR,ERR,ERR,ERR,ERR,ERR,ERR,ERR,ERR,ERR,ERR,ERR,ERR,ERR,ERR,ERR,ERR,ERR,ERR,ERR,ERR,0.0,-107616352.0,0.0,0.0,142144341803008.0,-0.0,-9.505045892524976e+23,0.0,4300,0,8,17171,4300,0.0,41,0.0,0.0,0.0,0.0,-0.0,0,0,0,0,0.0,0,0,0,0,0,0,0,0,0,0,0,0,0,0,0,0,0,0,0,0,0,0,0,0,0,0,0,0,0,0,0,0,0,9,36,36,45,65476,378,65476,1,0,4,21553,0.0,-107610720.0,0.0,0.0,0.0,0.0,0.0,0.0,0.0,0.0,0.0,0.0,0.0,0.0,0.0,0.0,0.0,0.0,0.0,0.0,0.0,2.004,2.004,0.0,2.004,0.0,0.0,0.0,0.0,0.0,6527.0,-0.0,0.0,0.0,-107616352.0,-107616240.0,-0.0,0.0,0.0,2.004,2.004,228,-0.0,107615248.0,0.0,0.0,0.0,0.0,0.0,0.0,0.0,0,0,0,2.0811928551935678e+34,0.0,-2.3801057639316813e+29,0.0,-2.152346330972386e+36,9.121443836446676e+30,-5.233146496093981e+27,-0.0,1.3886674597639487e+31,-6.09032488262803e+37,-62350594048.0,2.175524148236325e+23,0.0,44.819,0.0,-0.0,0,1.3516416376850534e+27,228,0.0,456,-621855232.0,5.614281105436677e+35,2112,52429,17109,52429,17111,0,17096,0,0,0,101,100,100,2.7302343157793998e+23,66.6,0.0,67.0,0.0,67.0,1,49,50,180,39322,52429,0,0,0.0,0.0,0.0,60.0,8.313024259802289e+20,71.0,0.0,0.0,0.0,1068,0,1069,0,0,0,1069,0,1079,0,1000,0,670,0,672,0,667,0,680,0.032,1.4462247353788288e+22,0.0,0.0,6544,16814,8.313024259802289e+20,0.0,50371544219648.0,0.0,-9.9194585547486e+17,0.0,50.0,60.0,35,0.0,0.0,10.0,2.0,0.0,0.0,0.0,0.0,0.0,0.0,0.0,0.0,0.0,0.0,0.0,0.0,58.8,55,11,65508,27,65476,0,300,0,0,8,20529,65476,0,0,30147,60.0,0.0,10.0,10.0,2.0,0.0
2026-02-16T12:58:04,ERR,ERR,ERR,ERR,ERR,ERR,ERR,ERR,ERR,ERR,ERR,ERR,ERR,ERR,ERR,ERR,ERR,ERR,ERR,ERR,ERR,ERR,ERR,ERR,ERR,ERR,ERR,ERR,ERR,ERR,ERR,ERR,ERR,ERR,ERR,ERR,ERR,ERR,ERR,ERR,ERR,ERR,ERR,ERR,ERR,ERR,ERR,ERR,ERR,ERR,ERR,ERR,ERR,ERR,ERR,ERR,ERR,ERR,ERR,ERR,ERR,ERR,ERR,ERR,ERR,ERR,ERR,ERR,ERR,ERR,ERR,ERR,ERR,ERR,ERR,ERR,ERR,ERR,ERR,ERR,ERR,ERR,ERR,ERR,ERR,ERR,ERR,ERR,ERR,ERR,ERR,ERR,ERR,ERR,ERR,ERR,ERR,ERR,ERR,ERR,ERR,ERR,ERR,ERR,ERR,ERR,ERR,ERR,ERR,ERR,ERR,ERR,ERR,ERR,ERR,ERR,ERR,ERR,ERR,ERR,ERR,ERR,ERR,ERR,ERR,0.0,-107616352.0,0.0,0.0,142144341803008.0,-0.0,-9.505045892524976e+23,0.0,4300,0,8,17171,4300,0.0,41,0.0,0.0,0.0,0.0,-0.0,0,0,0,0,0.0,0,0,0,0,0,0,0,0,0,0,0,0,0,0,0,0,0,0,0,0,0,0,0,0,0,0,0,0,0,0,0,0,0,9,36,36,45,65476,378,65476,1,0,4,21553,0.0,-107610720.0,0.0,0.0,0.0,0.0,0.0,0.0,0.0,0.0,0.0,0.0,0.0,0.0,0.0,0.0,0.0,0.0,0.0,0.0,0.0,2.004,2.004,0.0,2.004,0.0,0.0,0.0,0.0,0.0,6527.0,-0.0,0.0,0.0,-107616352.0,-107616240.0,-0.0,0.0,0.0,2.004,2.004,228,-0.0,107615248.0,0.0,0.0,0.0,0.0,0.0,0.0,0.0,0,0,0,2.0811928551935678e+34,0.0,-2.3801057639316813e+29,0.0,-2.152346330972386e+36,9.121443836446676e+30,-5.233146496093981e+27,-0.0,1.3886674597639487e+31,-6.09032488262803e+37,-62350594048.0,2.175524148236325e+23,0.0,44.819,0.0,-0.0,0,1.3516416376850534e+27,228,0.0,456,-621855232.0,5.614281105436677e+35,2112,52429,17109,52429,17111,0,17096,0,0,0,101,100,100,2.7302343157793998e+23,66.6,0.0,67.0,0.0,67.0,1,49,50,180,39322,52429,0,0,0.0,0.0,0.0,60.0,8.313024259802289e+20,71.0,0.0,0.0,0.0,1068,0,1069,0,0,0,1069,0,1079,0,1000,0,670,0,672,0,667,0,680,0.032,1.4462247353788288e+22,0.0,0.0,6544,16814,8.313024259802289e+20,0.0,50371544219648.0,0.0,-9.9194585547486e+17,0.0,50.0,60.0,35,0.0,0.0,10.0,2.0,0.0,0.0,0.0,0.0,0.0,0.0,0.0,0.0,0.0,0.0,0.0,0.0,58.8,55,11,65508,27,65476,0,300,0,0,8,20529,65476,0,0,30147,60.0,0.0,10.0,10.0,2.0,0.0
2026-02-16T12:58:05,ERR,ERR,ERR,ERR,ERR,ERR,ERR,ERR,ERR,ERR,ERR,ERR,ERR,ERR,ERR,ERR,ERR,ERR,ERR,ERR,ERR,ERR,ERR,ERR,ERR,ERR,ERR,ERR,ERR,ERR,ERR,ERR,ERR,ERR,ERR,ERR,ERR,ERR,ERR,ERR,ERR,ERR,ERR,ERR,ERR,ERR,ERR,ERR,ERR,ERR,ERR,ERR,ERR,ERR,ERR,ERR,ERR,ERR,ERR,ERR,ERR,ERR,ERR,ERR,ERR,ERR,ERR,ERR,ERR,ERR,ERR,ERR,ERR,ERR,ERR,ERR,ERR,ERR,ERR,ERR,ERR,ERR,ERR,ERR,ERR,ERR,ERR,ERR,ERR,ERR,ERR,ERR,ERR,ERR,ERR,ERR,ERR,ERR,ERR,ERR,ERR,ERR,ERR,ERR,ERR,ERR,ERR,ERR,ERR,ERR,ERR,ERR,ERR,ERR,ERR,ERR,ERR,ERR,ERR,ERR,ERR,ERR,ERR,ERR,ERR,-107615880.0,-107616352.0,-0.0,0.0,-0.063,0.111,1302559360.0,0.0,4300,0,8,17171,4300,0.0,41,0.0,0.0,0.0,0.0,-0.0,0,0,0,0,0.0,0,0,0,0,0,0,0,0,0,0,0,0,0,0,0,0,0,0,0,0,0,0,0,0,0,0,0,0,0,0,0,0,0,9,36,36,45,65476,378,65476,1,0,4,21553,0.0,-107610720.0,0.0,0.0,0.0,0.0,0.0,0.0,0.0,0.0,0.0,0.0,0.0,0.0,0.0,0.0,0.0,0.0,0.0,0.0,0.0,2.004,0.0,0.0,2.004,0.0,0.0,0.0,0.0,0.0,6499.0,-131351.172,0.0,-107615880.0,-107616352.0,-107616240.0,-0.0,0.0,0.0,2.004,2.004,227,-0.0,3.222024165466893e+26,0.0,0.0,0.0,0.0,0.0,0.0,0.0,0,0,0,-6.973265126269456e+22,0.0,33.816,-0.0,1.0730430843605484e+18,7.276556785706598e+16,-3.0331540680774344e+32,4.3215835522055736e+21,220441.062,-6.455862581468882e+37,-65571819520.0,2.30538922651524e+23,0.0,47.569,0.0,-0.0,0,1.3516416376850534e+27,227,0.0,454,2.40156025918058e+36,599252157857792.0,2112,52429,17109,0,17112,0,17096,0,0,0,101,100,100,2.7302343157793998e+23,66.7,2.730234495923385e+23,67.0,0.0,67.0,1,49,50,180,39322,52429,0,0,0.0,0.0,0.0,60.0,1.5427010154813456e+21,71.0,0.0,0.0,0.0,1068,0,1069,0,0,0,1069,0,1079,0,1000,0,670,0,672,0,667,0,680,0.032,1.8151596168530199e+22,0.0,0.0,19088,16814,1.5427010154813456e+21,0.0,0.0,-0.0,-0.0,0.0,50.0,60.0,35,0.0,0.0,10.0,2.0,0.0,0.0,0.0,0.0,0.0,0.0,0.0,0.0,0.0,0.0,0.0,0.0,58.8,54,11,65508,27,65476,0,300,0,0,8,20529,65476,0,0,30147,60.0,0.0,10.0,10.0,2.0,0.0
2026-02-16T12:58:06,ERR,ERR,ERR,ERR,ERR,ERR,ERR,ERR,ERR,ERR,ERR,ERR,ERR,ERR,ERR,ERR,ERR,ERR,ERR,ERR,ERR,ERR,ERR,ERR,ERR,ERR,ERR,ERR,ERR,ERR,ERR,ERR,ERR,ERR,ERR,ERR,ERR,ERR,ERR,ERR,ERR,ERR,ERR,ERR,ERR,ERR,ERR,ERR,ERR,ERR,ERR,ERR,ERR,ERR,ERR,ERR,ERR,ERR,ERR,ERR,ERR,ERR,ERR,ERR,ERR,ERR,ERR,ERR,ERR,ERR,ERR,ERR,ERR,ERR,ERR,ERR,ERR,ERR,ERR,ERR,ERR,ERR,ERR,ERR,ERR,ERR,ERR,ERR,ERR,ERR,ERR,ERR,ERR,ERR,ERR,ERR,ERR,ERR,ERR,ERR,ERR,ERR,ERR,ERR,ERR,ERR,ERR,ERR,ERR,ERR,ERR,ERR,ERR,ERR,ERR,ERR,ERR,ERR,ERR,ERR,ERR,ERR,ERR,ERR,ERR,-107615880.0,-107616352.0,-0.0,0.0,-0.063,0.111,1302559360.0,0.0,4300,0,8,17171,4300,0.0,41,0.0,0.0,0.0,0.0,-0.0,0,0,0,0,0.0,0,0,0,0,0,0,0,0,0,0,0,0,0,0,0,0,0,0,0,0,0,0,0,0,0,0,0,0,0,0,0,0,0,9,36,36,45,65476,378,65476,1,0,4,21553,0.0,-107610720.0,0.0,0.0,0.0,0.0,0.0,0.0,0.0,0.0,0.0,0.0,0.0,0.0,0.0,0.0,0.0,0.0,0.0,0.0,0.0,2.004,0.0,0.0,2.004,0.0,0.0,0.0,0.0,0.0,6499.0,-131351.172,0.0,-107615880.0,-107616352.0,-107616240.0,-0.0,0.0,0.0,2.004,2.004,227,-0.0,3.222024165466893e+26,0.0,0.0,0.0,0.0,0.0,0.0,0.0,0,0,0,-6.973265126269456e+22,0.0,33.816,-0.0,1.0730430843605484e+18,7.276556785706598e+16,-3.0331540680774344e+32,4.3215835522055736e+21,220441.062,-6.455862581468882e+37,-65571819520.0,2.30538922651524e+23,0.0,47.569,0.0,-0.0,0,1.3516416376850534e+27,227,0.0,454,2.40156025918058e+36,599252157857792.0,2112,52429,17109,0,17112,0,17096,0,0,0,101,100,100,2.7302343157793998e+23,66.7,2.730234495923385e+23,67.0,0.0,67.0,1,49,50,180,39322,52429,0,0,0.0,0.0,0.0,60.0,1.5427010154813456e+21,71.0,0.0,0.0,0.0,1068,0,1069,0,0,0,1069,0,1079,0,1000,0,670,0,672,0,667,0,680,0.032,1.8151596168530199e+22,0.0,0.0,19088,16814,1.5427010154813456e+21,0.0,0.0,-0.0,-0.0,0.0,50.0,60.0,35,0.0,0.0,10.0,2.0,0.0,0.0,0.0,0.0,0.0,0.0,0.0,0.0,0.0,0.0,0.0,0.0,58.8,54,11,65508,27,65476,0,300,0,0,8,20529,65476,0,0,30147,60.0,0.0,10.0,10.0,2.0,0.0
2026-02-16T12:58:07,ERR,ERR,ERR,ERR,ERR,ERR,ERR,ERR,ERR,ERR,ERR,ERR,ERR,ERR,ERR,ERR,ERR,ERR,ERR,ERR,ERR,ERR,ERR,ERR,ERR,ERR,ERR,ERR,ERR,ERR,ERR,ERR,ERR,ERR,ERR,ERR,ERR,ERR,ERR,ERR,ERR,ERR,ERR,ERR,ERR,ERR,ERR,ERR,ERR,ERR,ERR,ERR,ERR,ERR,ERR,ERR,ERR,ERR,ERR,ERR,ERR,ERR,ERR,ERR,ERR,ERR,ERR,ERR,ERR,ERR,ERR,ERR,ERR,ERR,ERR,ERR,ERR,ERR,ERR,ERR,ERR,ERR,ERR,ERR,ERR,ERR,ERR,ERR,ERR,ERR,ERR,ERR,ERR,ERR,ERR,ERR,ERR,ERR,ERR,ERR,ERR,ERR,ERR,ERR,ERR,ERR,ERR,ERR,ERR,ERR,ERR,ERR,ERR,ERR,ERR,ERR,ERR,ERR,ERR,ERR,ERR,ERR,ERR,ERR,ERR,-107615880.0,-107616352.0,-0.0,0.0,-0.063,0.111,1302559360.0,0.0,4300,0,8,17171,4300,0.0,41,0.0,0.0,0.0,0.0,-0.0,0,0,0,0,0.0,0,0,0,0,0,0,0,0,0,0,0,0,0,0,0,0,0,0,0,0,0,0,0,0,0,0,0,0,0,0,0,0,0,9,36,36,45,65476,378,65476,1,0,4,21553,0.0,-107610720.0,0.0,0.0,0.0,0.0,0.0,0.0,0.0,0.0,0.0,0.0,0.0,0.0,0.0,0.0,0.0,0.0,0.0,0.0,0.0,2.004,0.0,0.0,2.004,0.0,0.0,0.0,0.0,0.0,6499.0,-131351.172,0.0,-107615880.0,-107616352.0,-107616240.0,-0.0,0.0,0.0,2.004,2.004,227,-0.0,3.222024165466893e+26,0.0,0.0,0.0,0.0,0.0,0.0,0.0,0,0,0,-6.973265126269456e+22,0.0,33.816,-0.0,1.0730430843605484e+18,7.276556785706598e+16,-3.0331540680774344e+32,4.3215835522055736e+21,220441.062,-6.455862581468882e+37,-65571819520.0,2.30538922651524e+23,0.0,47.569,0.0,-0.0,0,1.3516416376850534e+27,227,0.0,454,2.40156025918058e+36,599252157857792.0,2112,52429,17109,0,17112,0,17096,0,0,0,101,100,100,2.7302343157793998e+23,66.7,2.730234495923385e+23,67.0,0.0,67.0,1,49,50,180,39322,52429,0,0,0.0,0.0,0.0,60.0,1.5427010154813456e+21,71.0,0.0,0.0,0.0,1068,0,1069,0,0,0,1069,0,1079,0,1000,0,670,0,672,0,667,0,680,0.032,1.8151596168530199e+22,0.0,0.0,19088,16814,1.5427010154813456e+21,0.0,0.0,-0.0,-0.0,0.0,50.0,60.0,35,0.0,0.0,10.0,2.0,0.0,0.0,0.0,0.0,0.0,0.0,0.0,0.0,0.0,0.0,0.0,0.0,58.8,54,11,65508,27,65476,0,300,0,0,8,20529,65476,0,0,30147,60.0,0.0,10.0,10.0,2.0,0.0
2026-02-16T12:58:08,ERR,ERR,ERR,ERR,ERR,ERR,ERR,ERR,ERR,ERR,ERR,ERR,ERR,ERR,ERR,ERR,ERR,ERR,ERR,ERR,ERR,ERR,ERR,ERR,ERR,ERR,ERR,ERR,ERR,ERR,ERR,ERR,ERR,ERR,ERR,ERR,ERR,ERR,ERR,ERR,ERR,ERR,ERR,ERR,ERR,ERR,ERR,ERR,ERR,ERR,ERR,ERR,ERR,ERR,ERR,ERR,ERR,ERR,ERR,ERR,ERR,ERR,ERR,ERR,ERR,ERR,ERR,ERR,ERR,ERR,ERR,ERR,ERR,ERR,ERR,ERR,ERR,ERR,ERR,ERR,ERR,ERR,ERR,ERR,ERR,ERR,ERR,ERR,ERR,ERR,ERR,ERR,ERR,ERR,ERR,ERR,ERR,ERR,ERR,ERR,ERR,ERR,ERR,ERR,ERR,ERR,ERR,ERR,ERR,ERR,ERR,ERR,ERR,ERR,ERR,ERR,ERR,ERR,ERR,ERR,ERR,ERR,ERR,ERR,ERR,-107615880.0,-107616352.0,-0.0,0.0,-0.063,0.111,1302559360.0,0.0,4300,0,8,17171,4300,0.0,41,0.0,0.0,0.0,0.0,-0.0,0,0,0,0,0.0,0,0,0,0,0,0,0,0,0,0,0,0,0,0,0,0,0,0,0,0,0,0,0,0,0,0,0,0,0,0,0,0,0,9,36,36,45,65476,378,65476,1,0,4,21553,0.0,-107610720.0,0.0,0.0,0.0,0.0,0.0,0.0,0.0,0.0,0.0,0.0,0.0,0.0,0.0,0.0,0.0,0.0,0.0,0.0,0.0,2.004,0.0,0.0,2.004,0.0,0.0,0.0,0.0,0.0,6499.0,-131351.172,0.0,-107615880.0,-107616352.0,-107616240.0,-0.0,0.0,0.0,2.004,2.004,227,-0.0,3.222024165466893e+26,0.0,0.0,0.0,0.0,0.0,0.0,0.0,0,0,0,-6.973265126269456e+22,0.0,33.816,-0.0,1.0730430843605484e+18,7.276556785706598e+16,-3.0331540680774344e+32,4.3215835522055736e+21,220441.062,-6.455862581468882e+37,-65571819520.0,2.30538922651524e+23,0.0,47.569,0.0,-0.0,0,1.3516416376850534e+27,227,0.0,454,2.40156025918058e+36,599252157857792.0,2112,52429,17109,52429,17111,0,17096,0,0,0,101,100,100,2.7302343157793998e+23,66.7,2.730234495923385e+23,67.0,0.0,67.0,1,49,50,180,52429,52429,0,0,0.0,0.0,0.0,60.0,4.644561828414751e+17,71.0,0.0,-0.0,0.0,1068,0,1069,0,0,0,1069,0,1080,0,1000,0,670,0,672,0,667,0,680,0.032,1.4536034330083127e+22,0.0,0.0,5264,16814,7.89862919926449e+23,-0.0,-0.0,3.651280955789061e+37,0.0,7.129673902838136e+21,50.0,60.0,35,0.0,0.0,10.0,2.0,0.0,0.0,0.0,0.0,0.0,0.0,0.0,0.0,0.0,0.0,0.0,0.0,58.8,54,11,65508,27,65476,0,300,0,0,8,20529,65476,0,0,30147,60.0,0.0,10.0,10.0,2.0,0.0
2026-02-16T12:58:09,ERR,ERR,ERR,ERR,ERR,ERR,ERR,ERR,ERR,ERR,ERR,ERR,ERR,ERR,ERR,ERR,ERR,ERR,ERR,ERR,ERR,ERR,ERR,ERR,ERR,ERR,ERR,ERR,ERR,ERR,ERR,ERR,ERR,ERR,ERR,ERR,ERR,ERR,ERR,ERR,ERR,ERR,ERR,ERR,ERR,ERR,ERR,ERR,ERR,ERR,ERR,ERR,ERR,ERR,ERR,ERR,ERR,ERR,ERR,ERR,ERR,ERR,ERR,ERR,ERR,ERR,ERR,ERR,ERR,ERR,ERR,ERR,ERR,ERR,ERR,ERR,ERR,ERR,ERR,ERR,ERR,ERR,ERR,ERR,ERR,ERR,ERR,ERR,ERR,ERR,ERR,ERR,ERR,ERR,ERR,ERR,ERR,ERR,ERR,ERR,ERR,ERR,ERR,ERR,ERR,ERR,ERR,ERR,ERR,ERR,ERR,ERR,ERR,ERR,ERR,ERR,ERR,ERR,ERR,ERR,ERR,ERR,ERR,ERR,ERR,-107615880.0,-107616352.0,-0.0,0.0,-0.063,0.111,1302559360.0,0.0,4300,0,8,17171,4300,0.0,41,0.0,0.0,0.0,0.0,-0.0,0,0,0,0,0.0,0,0,0,0,0,0,0,0,0,0,0,0,0,0,0,0,0,0,0,0,0,0,0,0,0,0,0,0,0,0,0,0,0,9,36,36,45,65476,378,65476,1,0,4,21553,0.0,-107610720.0,0.0,0.0,0.0,0.0,0.0,0.0,0.0,0.0,0.0,0.0,0.0,0.0,0.0,0.0,0.0,0.0,0.0,0.0,0.0,2.004,0.0,0.0,2.004,0.0,0.0,0.0,0.0,0.0,6499.0,-131351.172,0.0,-107615880.0,-107616352.0,-107616240.0,-0.0,0.0,0.0,2.004,2.004,227,-0.0,3.222024165466893e+26,0.0,0.0,0.0,0.0,0.0,0.0,0.0,0,0,0,-6.973265126269456e+22,0.0,33.816,-0.0,1.0730430843605484e+18,7.276556785706598e+16,-3.0331540680774344e+32,4.3215835522055736e+21,220441.062,-6.455862581468882e+37,-65571819520.0,2.30538922651524e+23,0.0,47.569,0.0,-0.0,0,1.3516416376850534e+27,227,0.0,454,2.40156025918058e+36,599252157857792.0,2112,52429,17109,52429,17111,0,17096,0,0,0,101,100,100,2.7302343157793998e+23,66.7,2.730234495923385e+23,67.0,0.0,67.0,1,49,50,180,52429,52429,0,0,0.0,0.0,0.0,60.0,4.644561828414751e+17,71.0,0.0,-0.0,0.0,1068,0,1069,0,0,0,1069,0,1080,0,1000,0,670,0,672,0,667,0,680,0.032,1.4536034330083127e+22,0.0,0.0,5264,16814,7.89862919926449e+23,-0.0,-0.0,3.651280955789061e+37,0.0,7.129673902838136e+21,50.0,60.0,35,0.0,0.0,10.0,2.0,0.0,0.0,0.0,0.0,0.0,0.0,0.0,0.0,0.0,0.0,0.0,0.0,58.8,54,11,65508,27,65476,0,300,0,0,8,20529,65476,0,0,30147,60.0,0.0,10.0,10.0,2.0,0.0
2026-02-16T12:58:10,ERR,ERR,ERR,ERR,ERR,ERR,ERR,ERR,ERR,ERR,ERR,ERR,ERR,ERR,ERR,ERR,ERR,ERR,ERR,ERR,ERR,ERR,ERR,ERR,ERR,ERR,ERR,ERR,ERR,ERR,ERR,ERR,ERR,ERR,ERR,ERR,ERR,ERR,ERR,ERR,ERR,ERR,ERR,ERR,ERR,ERR,ERR,ERR,ERR,ERR,ERR,ERR,ERR,ERR,ERR,ERR,ERR,ERR,ERR,ERR,ERR,ERR,ERR,ERR,ERR,ERR,ERR,ERR,ERR,ERR,ERR,ERR,ERR,ERR,ERR,ERR,ERR,ERR,ERR,ERR,ERR,ERR,ERR,ERR,ERR,ERR,ERR,ERR,ERR,ERR,ERR,ERR,ERR,ERR,ERR,ERR,ERR,ERR,ERR,ERR,ERR,ERR,ERR,ERR,ERR,ERR,ERR,ERR,ERR,ERR,ERR,ERR,ERR,ERR,ERR,ERR,ERR,ERR,ERR,ERR,ERR,ERR,ERR,ERR,ERR,-107615880.0,-107616352.0,-0.0,0.0,-0.063,1.4313238788938138e+17,-0.0,-2.0314506466045198e+21,4300,0,8,17171,4300,0.0,41,0.0,0.0,0.0,0.0,-0.0,0,0,0,0,0.0,0,0,0,0,0,0,0,0,0,0,0,0,0,0,0,0,0,0,0,0,0,0,0,0,0,0,0,0,0,0,0,0,0,9,36,36,45,65476,378,65476,1,0,4,21553,0.0,0.0,0.0,0.0,0.0,0.0,0.0,0.0,0.0,0.0,0.0,0.0,0.0,0.0,0.0,0.0,0.0,0.0,0.0,0.0,0.0,2.004,2.004,0.0,2.004,0.0,0.0,0.0,0.0,0.0,6532.0,0.0,0.0,0.0,-107616352.0,-107616240.0,-0.0,0.0,0.0,2.004,2.004,227,-152017263656960.0,-0.0,0.0,0.0,0.0,0.0,0.0,0.0,0.0,0,0,0,-2.0303270333382656e+16,-47074892578816.0,3780.215,0.0,2.850523167754785e+29,-0.0,0.0,-0.0,1.976635696711501e+35,-6.887861680098979e+37,-68866613248.0,2.4470602210013295e+23,0.0,50.319,0.0,-0.0,0,1.3516416376850534e+27,227,0.0,454,-621855232.0,5.614281105436677e+35,2112,52429,17109,52429,17111,0,17096,0,0,0,101,100,100,2.7302343157793998e+23,66.7,2.730234495923385e+23,67.0,0.0,67.0,1,49,50,180,52429,52429,0,0,0.0,0.0,0.0,60.0,4.644561828414751e+17,71.0,0.0,-0.0,0.0,1068,0,1069,0,0,0,1069,0,1080,0,1000,0,670,0,672,0,667,0,680,0.032,1.4536034330083127e+22,0.0,0.0,5264,16814,7.89862919926449e+23,-0.0,-0.0,3.651280955789061e+37,0.0,7.129673902838136e+21,50.0,60.0,35,0.0,0.0,10.0,2.0,0.0,0.0,0.0,0.0,0.0,0.0,0.0,0.0,0.0,0.0,0.0,0.0,58.8,54,11,65508,27,65476,0,300,0,0,8,20529,65476,0,0,30147,60.0,0.0,10.0,10.0,2.0,0.0
2026-02-16T12:58:11,ERR,ERR,ERR,ERR,ERR,ERR,ERR,ERR,ERR,ERR,ERR,ERR,ERR,ERR,ERR,ERR,ERR,ERR,ERR,ERR,ERR,ERR,ERR,ERR,ERR,ERR,ERR,ERR,ERR,ERR,ERR,ERR,ERR,ERR,ERR,ERR,ERR,ERR,ERR,ERR,ERR,ERR,ERR,ERR,ERR,ERR,ERR,ERR,ERR,ERR,ERR,ERR,ERR,ERR,ERR,ERR,ERR,ERR,ERR,ERR,ERR,ERR,ERR,ERR,ERR,ERR,ERR,ERR,ERR,ERR,ERR,ERR,ERR,ERR,ERR,ERR,ERR,ERR,ERR,ERR,ERR,ERR,ERR,ERR,ERR,ERR,ERR,ERR,ERR,ERR,ERR,ERR,ERR,ERR,ERR,ERR,ERR,ERR,ERR,ERR,ERR,ERR,ERR,ERR,ERR,ERR,ERR,ERR,ERR,ERR,ERR,ERR,ERR,ERR,ERR,ERR,ERR,ERR,ERR,ERR,ERR,ERR,ERR,ERR,ERR,-107615880.0,-107616352.0,-0.0,0.0,-0.063,1.4313238788938138e+17,-0.0,-2.0314506466045198e+21,4300,0,8,17171,4300,0.0,41,0.0,0.0,0.0,0.0,-0.0,0,0,0,0,0.0,0,0,0,0,0,0,0,0,0,0,0,0,0,0,0,0,0,0,0,0,0,0,0,0,0,0,0,0,0,0,0,0,0,9,36,36,45,65476,378,65476,1,0,4,21553,0.0,0.0,0.0,0.0,0.0,0.0,0.0,0.0,0.0,0.0,0.0,0.0,0.0,0.0,0.0,0.0,0.0,0.0,0.0,0.0,0.0,2.004,2.004,0.0,2.004,0.0,0.0,0.0,0.0,0.0,6532.0,0.0,0.0,0.0,-107616352.0,-107616240.0,-0.0,0.0,0.0,2.004,2.004,227,-152017263656960.0,-0.0,0.0,0.0,0.0,0.0,0.0,0.0,0.0,0,0,0,-2.0303270333382656e+16,-47074892578816.0,3780.215,0.0,2.850523167754785e+29,-0.0,0.0,-0.0,1.976635696711501e+35,-6.887861680098979e+37,-68866613248.0,2.4470602210013295e+23,0.0,50.319,0.0,-0.0,0,1.3516416376850534e+27,227,0.0,454,-621855232.0,5.614281105436677e+35,2112,52429,17109,52429,17111,0,17096,0,0,0,101,100,100,2.7302343157793998e+23,66.7,2.730234495923385e+23,67.0,0.0,67.0,1,49,50,180,52429,52429,0,0,0.0,0.0,0.0,60.0,4.644561828414751e+17,71.0,0.0,-0.0,0.0,1068,0,1069,0,0,0,1069,0,1080,0,1000,0,670,0,672,0,667,0,680,0.032,1.4536034330083127e+22,0.0,0.0,5264,16814,7.89862919926449e+23,-0.0,-0.0,3.651280955789061e+37,0.0,7.129673902838136e+21,50.0,60.0,35,0.0,0.0,10.0,2.0,0.0,0.0,0.0,0.0,0.0,0.0,0.0,0.0,0.0,0.0,0.0,0.0,58.8,54,11,65508,27,65476,0,300,0,0,8,20529,65476,0,0,30147,60.0,0.0,10.0,10.0,2.0,0.0
2026-02-16T12:58:12,ERR,ERR,ERR,ERR,ERR,ERR,ERR,ERR,ERR,ERR,ERR,ERR,ERR,ERR,ERR,ERR,ERR,ERR,ERR,ERR,ERR,ERR,ERR,ERR,ERR,ERR,ERR,ERR,ERR,ERR,ERR,ERR,ERR,ERR,ERR,ERR,ERR,ERR,ERR,ERR,ERR,ERR,ERR,ERR,ERR,ERR,ERR,ERR,ERR,ERR,ERR,ERR,ERR,ERR,ERR,ERR,ERR,ERR,ERR,ERR,ERR,ERR,ERR,ERR,ERR,ERR,ERR,ERR,ERR,ERR,ERR,ERR,ERR,ERR,ERR,ERR,ERR,ERR,ERR,ERR,ERR,ERR,ERR,ERR,ERR,ERR,ERR,ERR,ERR,ERR,ERR,ERR,ERR,ERR,ERR,ERR,ERR,ERR,ERR,ERR,ERR,ERR,ERR,ERR,ERR,ERR,ERR,ERR,ERR,ERR,ERR,ERR,ERR,ERR,ERR,ERR,ERR,ERR,ERR,ERR,ERR,ERR,ERR,ERR,ERR,-107615880.0,-107616352.0,-0.0,0.0,-0.063,1.4313238788938138e+17,-0.0,-2.0314506466045198e+21,4300,0,8,17171,4300,0.0,41,0.0,0.0,0.0,0.0,-0.0,0,0,0,0,0.0,0,0,0,0,0,0,0,0,0,0,0,0,0,0,0,0,0,0,0,0,0,0,0,0,0,0,0,0,0,0,0,0,0,9,36,36,45,65476,378,65476,1,0,4,21553,0.0,0.0,0.0,0.0,0.0,0.0,0.0,0.0,0.0,0.0,0.0,0.0,0.0,0.0,0.0,0.0,0.0,0.0,0.0,0.0,0.0,2.004,2.004,0.0,2.004,0.0,0.0,0.0,0.0,0.0,6532.0,0.0,0.0,0.0,-107616352.0,-107616240.0,-0.0,0.0,0.0,2.004,2.004,227,-152017263656960.0,-0.0,0.0,0.0,0.0,0.0,0.0,0.0,0.0,0,0,0,-2.0303270333382656e+16,-47074892578816.0,3780.215,0.0,2.850523167754785e+29,-0.0,0.0,-0.0,1.976635696711501e+35,-6.887861680098979e+37,-68866613248.0,2.4470602210013295e+23,0.0,50.319,0.0,-0.0,0,1.3516416376850534e+27,227,0.0,454,-621855232.0,5.614281105436677e+35,2112,52429,17109,52429,17111,0,17096,0,0,0,101,100,100,2.7302343157793998e+23,66.7,2.730234495923385e+23,67.0,0.0,67.0,1,49,50,180,39322,52429,0,0,0.0,0.0,0.0,60.0,1.709321183476381e+20,71.0,0.0,61642830249984.0,0.0,1068,0,1069,0,0,0,1069,0,1080,0,1000,0,670,0,672,0,667,0,680,0.032,1.4904969211557318e+22,0.0,0.0,58384,16813,496627023872.0,61642830249984.0,404.501,1.097607055493585e+22,-10896.398,0.0,50.0,60.0,35,0.0,0.0,10.0,2.0,0.0,0.0,0.0,0.0,0.0,0.0,0.0,0.0,0.0,0.0,0.0,0.0,58.8,54,11,65508,27,65476,0,300,0,0,8,20529,65476,0,0,30147,60.0,0.0,10.0,10.0,2.0,0.0
2026-02-16T12:58:13,ERR,ERR,ERR,ERR,ERR,ERR,ERR,ERR,ERR,ERR,ERR,ERR,ERR,ERR,ERR,ERR,ERR,ERR,ERR,ERR,ERR,ERR,ERR,ERR,ERR,ERR,ERR,ERR,ERR,ERR,ERR,ERR,ERR,ERR,ERR,ERR,ERR,ERR,ERR,ERR,ERR,ERR,ERR,ERR,ERR,ERR,ERR,ERR,ERR,ERR,ERR,ERR,ERR,ERR,ERR,ERR,ERR,ERR,ERR,ERR,ERR,ERR,ERR,ERR,ERR,ERR,ERR,ERR,ERR,ERR,ERR,ERR,ERR,ERR,ERR,ERR,ERR,ERR,ERR,ERR,ERR,ERR,ERR,ERR,ERR,ERR,ERR,ERR,ERR,ERR,ERR,ERR,ERR,ERR,ERR,ERR,ERR,ERR,ERR,ERR,ERR,ERR,ERR,ERR,ERR,ERR,ERR,ERR,ERR,ERR,ERR,ERR,ERR,ERR,ERR,ERR,ERR,ERR,ERR,ERR,ERR,ERR,ERR,ERR,ERR,-107615880.0,-107616352.0,-0.0,0.0,-0.063,1.4313238788938138e+17,-0.0,-2.0314506466045198e+21,4300,0,8,17171,4300,0.0,41,0.0,0.0,0.0,0.0,-0.0,0,0,0,0,0.0,0,0,0,0,0,0,0,0,0,0,0,0,0,0,0,0,0,0,0,0,0,0,0,0,0,0,0,0,0,0,0,0,0,9,36,36,45,65476,378,65476,1,0,4,21553,0.0,0.0,0.0,0.0,0.0,0.0,0.0,0.0,0.0,0.0,0.0,0.0,0.0,0.0,0.0,0.0,0.0,0.0,0.0,0.0,0.0,2.004,2.004,0.0,2.004,0.0,0.0,0.0,0.0,0.0,6532.0,0.0,0.0,0.0,-107616352.0,-107616240.0,-0.0,0.0,0.0,2.004,2.004,227,-152017263656960.0,-0.0,0.0,0.0,0.0,0.0,0.0,0.0,0.0,0,0,0,-2.0303270333382656e+16,-47074892578816.0,3780.215,0.0,2.850523167754785e+29,-0.0,0.0,-0.0,1.976635696711501e+35,-6.887861680098979e+37,-68866613248.0,2.4470602210013295e+23,0.0,50.319,0.0,-0.0,0,1.3516416376850534e+27,227,0.0,454,-621855232.0,5.614281105436677e+35,2112,52429,17109,52429,17111,0,17096,0,0,0,101,100,100,2.7302343157793998e+23,66.7,2.730234495923385e+23,67.0,0.0,67.0,1,49,50,180,39322,52429,0,0,0.0,0.0,0.0,60.0,1.709321183476381e+20,71.0,0.0,61642830249984.0,0.0,1068,0,1069,0,0,0,1069,0,1080,0,1000,0,670,0,672,0,667,0,680,0.032,1.4904969211557318e+22,0.0,0.0,58384,16813,496627023872.0,61642830249984.0,404.501,1.097607055493585e+22,-10896.398,0.0,50.0,60.0,35,0.0,0.0,10.0,2.0,0.0,0.0,0.0,0.0,0.0,0.0,0.0,0.0,0.0,0.0,0.0,0.0,58.8,54,11,65508,27,65476,0,300,0,0,8,20529,65476,0,0,30147,60.0,0.0,10.0,10.0,2.0,0.0
2026-02-16T12:58:14,ERR,ERR,ERR,ERR,ERR,ERR,ERR,ERR,ERR,ERR,ERR,ERR,ERR,ERR,ERR,ERR,ERR,ERR,ERR,ERR,ERR,ERR,ERR,ERR,ERR,ERR,ERR,ERR,ERR,ERR,ERR,ERR,ERR,ERR,ERR,ERR,ERR,ERR,ERR,ERR,ERR,ERR,ERR,ERR,ERR,ERR,ERR,ERR,ERR,ERR,ERR,ERR,ERR,ERR,ERR,ERR,ERR,ERR,ERR,ERR,ERR,ERR,ERR,ERR,ERR,ERR,ERR,ERR,ERR,ERR,ERR,ERR,ERR,ERR,ERR,ERR,ERR,ERR,ERR,ERR,ERR,ERR,ERR,ERR,ERR,ERR,ERR,ERR,ERR,ERR,ERR,ERR,ERR,ERR,ERR,ERR,ERR,ERR,ERR,ERR,ERR,ERR,ERR,ERR,ERR,ERR,ERR,ERR,ERR,ERR,ERR,ERR,ERR,ERR,ERR,ERR,ERR,ERR,ERR,ERR,ERR,ERR,ERR,ERR,ERR,-107615880.0,-107616352.0,-0.0,0.0,-0.063,1.4313238788938138e+17,-0.0,-2.0314506466045198e+21,4300,0,8,17171,4300,0.0,41,0.0,0.0,0.0,0.0,-0.0,0,0,0,0,0.0,0,0,0,0,0,0,0,0,0,0,0,0,0,0,0,0,0,0,0,0,0,0,0,0,0,0,0,0,0,0,0,0,0,9,36,36,45,65476,378,65476,1,0,4,21553,0.0,0.0,0.0,0.0,0.0,0.0,0.0,0.0,0.0,0.0,0.0,0.0,0.0,0.0,0.0,0.0,0.0,0.0,0.0,0.0,0.0,2.004,2.004,0.0,2.004,0.0,0.0,0.0,0.0,0.0,6532.0,0.0,0.0,0.0,-107616352.0,-107616240.0,-0.0,0.0,0.0,2.004,2.004,227,-152017263656960.0,-0.0,0.0,0.0,0.0,0.0,0.0,0.0,0.0,0,0,0,-2.0303270333382656e+16,-47074892578816.0,3780.215,0.0,2.850523167754785e+29,-0.0,0.0,-0.0,1.976635696711501e+35,-6.887861680098979e+37,-68866613248.0,2.4470602210013295e+23,0.0,50.319,0.0,-0.0,0,1.3516416376850534e+27,227,0.0,454,-621855232.0,5.614281105436677e+35,2112,52429,17109,52429,17111,0,17096,0,0,0,101,100,100,2.7302343157793998e+23,66.7,2.730234495923385e+23,67.0,0.0,67.0,1,49,50,180,39322,52429,0,0,0.0,0.0,0.0,60.0,1.709321183476381e+20,71.0,0.0,61642830249984.0,0.0,1068,0,1069,0,0,0,1069,0,1080,0,1000,0,670,0,672,0,667,0,680,0.032,1.4904969211557318e+22,0.0,0.0,58384,16813,496627023872.0,61642830249984.0,404.501,1.097607055493585e+22,-10896.398,0.0,50.0,60.0,35,0.0,0.0,10.0,2.0,0.0,0.0,0.0,0.0,0.0,0.0,0.0,0.0,0.0,0.0,0.0,0.0,58.8,54,11,65508,27,65476,0,300,0,0,8,20529,65476,0,0,30147,60.0,0.0,10.0,10.0,2.0,0.0
2026-02-16T12:58:15,ERR,ERR,ERR,ERR,ERR,ERR,ERR,ERR,ERR,ERR,ERR,ERR,ERR,ERR,ERR,ERR,ERR,ERR,ERR,ERR,ERR,ERR,ERR,ERR,ERR,ERR,ERR,ERR,ERR,ERR,ERR,ERR,ERR,ERR,ERR,ERR,ERR,ERR,ERR,ERR,ERR,ERR,ERR,ERR,ERR,ERR,ERR,ERR,ERR,ERR,ERR,ERR,ERR,ERR,ERR,ERR,ERR,ERR,ERR,ERR,ERR,ERR,ERR,ERR,ERR,ERR,ERR,ERR,ERR,ERR,ERR,ERR,ERR,ERR,ERR,ERR,ERR,ERR,ERR,ERR,ERR,ERR,ERR,ERR,ERR,ERR,ERR,ERR,ERR,ERR,ERR,ERR,ERR,ERR,ERR,ERR,ERR,ERR,ERR,ERR,ERR,ERR,ERR,ERR,ERR,ERR,ERR,ERR,ERR,ERR,ERR,ERR,ERR,ERR,ERR,ERR,ERR,ERR,ERR,ERR,ERR,ERR,ERR,ERR,ERR,-107615880.0,-0.0,0.0,0.0,140341403451392.0,-0.0,-0.354,219312111616.0,4300,0,8,17170,4300,0.0,41,0.0,0.0,0.0,0.0,-0.0,0,0,0,0,0.0,0,0,0,0,0,0,0,0,0,0,0,0,0,0,0,0,0,0,0,0,0,0,0,0,0,0,0,0,0,0,0,0,0,10,36,36,45,65476,377,65476,1,0,4,21553,0.0,0.0,0.0,0.0,0.0,0.0,0.0,0.0,0.0,0.0,0.0,0.0,0.0,0.0,0.0,0.0,0.0,0.0,0.0,0.0,0.0,2.004,0.0,-3.6970818999223845e+19,0.0,0.0,0.0,0.0,0.0,0.0,6528.0,3.697207244247951e+19,0.0,0.0,-0.0,-107616240.0,-0.0,0.0,0.0,2.004,2.004,227,-0.0,-107615248.0,0.0,0.0,0.0,0.0,0.0,0.0,0.0,0,0,0,-27.658,-0.0,58435.438,2836.123,8363892736.0,-3.4440764495279665e+34,0.0,1.5645192988817024e+33,1.3572432615833686e+29,-7.319860778729077e+37,-75845935104.0,2.612343047901767e+23,0.0,53.569,0.0,-836595.688,0,1.3516416376850534e+27,227,0.0,454,2.40156025918058e+36,599252157857792.0,2112,52429,17109,0,17112,0,17096,0,0,0,101,100,100,2.7302343157793998e+23,66.7,2.730234495923385e+23,67.0,0.0,67.0,1,49,50,180,39322,52429,0,0,0.0,0.0,0.0,60.0,22449254400.0,71.0,0.0,0.0,0.0,1068,0,1069,0,0,0,1069,0,1079,0,1000,0,670,0,672,0,667,0,680,0.032,1.4683608282672803e+22,-2.004,-107615288.0,2192,16814,1.6236375507426345e+18,0.0,490.501,1.7131944770680127e+19,-198918.375,0.0,50.0,60.0,35,0.0,0.0,10.0,2.0,0.0,0.0,0.0,0.0,0.0,0.0,0.0,0.0,0.0,0.0,0.0,0.0,58.8,54,11,65509,27,65476,0,300,0,0,8,20529,65476,0,0,30147,60.0,0.0,10.0,10.0,2.0,0.0
2026-02-16T12:58:16,ERR,ERR,ERR,ERR,ERR,ERR,ERR,ERR,ERR,ERR,ERR,ERR,ERR,ERR,ERR,ERR,ERR,ERR,ERR,ERR,ERR,ERR,ERR,ERR,ERR,ERR,ERR,ERR,ERR,ERR,ERR,ERR,ERR,ERR,ERR,ERR,ERR,ERR,ERR,ERR,ERR,ERR,ERR,ERR,ERR,ERR,ERR,ERR,ERR,ERR,ERR,ERR,ERR,ERR,ERR,ERR,ERR,ERR,ERR,ERR,ERR,ERR,ERR,ERR,ERR,ERR,ERR,ERR,ERR,ERR,ERR,ERR,ERR,ERR,ERR,ERR,ERR,ERR,ERR,ERR,ERR,ERR,ERR,ERR,ERR,ERR,ERR,ERR,ERR,ERR,ERR,ERR,ERR,ERR,ERR,ERR,ERR,ERR,ERR,ERR,ERR,ERR,ERR,ERR,ERR,ERR,ERR,ERR,ERR,ERR,ERR,ERR,ERR,ERR,ERR,ERR,ERR,ERR,ERR,ERR,ERR,ERR,ERR,ERR,ERR,-107615880.0,-0.0,0.0,0.0,140341403451392.0,-0.0,-0.354,219312111616.0,4300,0,8,17170,4300,0.0,41,0.0,0.0,0.0,0.0,-0.0,0,0,0,0,0.0,0,0,0,0,0,0,0,0,0,0,0,0,0,0,0,0,0,0,0,0,0,0,0,0,0,0,0,0,0,0,0,0,0,10,36,36,45,65476,377,65476,1,0,4,21553,0.0,0.0,0.0,0.0,0.0,0.0,0.0,0.0,0.0,0.0,0.0,0.0,0.0,0.0,0.0,0.0,0.0,0.0,0.0,0.0,0.0,2.004,0.0,-3.6970818999223845e+19,0.0,0.0,0.0,0.0,0.0,0.0,6528.0,3.697207244247951e+19,0.0,0.0,-0.0,-107616240.0,-0.0,0.0,0.0,2.004,2.004,227,-0.0,-107615248.0,0.0,0.0,0.0,0.0,0.0,0.0,0.0,0,0,0,-27.658,-0.0,58435.438,2836.123,8363892736.0,-3.4440764495279665e+34,0.0,1.5645192988817024e+33,1.3572432615833686e+29,-7.319860778729077e+37,-75845935104.0,2.612343047901767e+23,0.0,53.569,0.0,-836595.688,0,1.3516416376850534e+27,227,0.0,454,2.40156025918058e+36,599252157857792.0,2112,52429,17109,0,17112,0,17096,0,0,0,101,100,100,2.7302343157793998e+23,66.7,2.730234495923385e+23,67.0,0.0,67.0,1,49,50,180,39322,52429,0,0,0.0,0.0,0.0,60.0,22449254400.0,71.0,0.0,0.0,0.0,1068,0,1069,0,0,0,1069,0,1079,0,1000,0,670,0,672,0,667,0,680,0.032,1.4683608282672803e+22,-2.004,-107615288.0,2192,16814,1.6236375507426345e+18,0.0,490.501,1.7131944770680127e+19,-198918.375,0.0,50.0,60.0,35,0.0,0.0,10.0,2.0,0.0,0.0,0.0,0.0,0.0,0.0,0.0,0.0,0.0,0.0,0.0,0.0,58.8,54,11,65509,27,65476,0,300,0,0,8,20529,65476,0,0,30147,60.0,0.0,10.0,10.0,2.0,0.0
2026-02-16T12:58:17,ERR,ERR,ERR,ERR,ERR,ERR,ERR,ERR,ERR,ERR,ERR,ERR,ERR,ERR,ERR,ERR,ERR,ERR,ERR,ERR,ERR,ERR,ERR,ERR,ERR,ERR,ERR,ERR,ERR,ERR,ERR,ERR,ERR,ERR,ERR,ERR,ERR,ERR,ERR,ERR,ERR,ERR,ERR,ERR,ERR,ERR,ERR,ERR,ERR,ERR,ERR,ERR,ERR,ERR,ERR,ERR,ERR,ERR,ERR,ERR,ERR,ERR,ERR,ERR,ERR,ERR,ERR,ERR,ERR,ERR,ERR,ERR,ERR,ERR,ERR,ERR,ERR,ERR,ERR,ERR,ERR,ERR,ERR,ERR,ERR,ERR,ERR,ERR,ERR,ERR,ERR,ERR,ERR,ERR,ERR,ERR,ERR,ERR,ERR,ERR,ERR,ERR,ERR,ERR,ERR,ERR,ERR,ERR,ERR,ERR,ERR,ERR,ERR,ERR,ERR,ERR,ERR,ERR,ERR,ERR,ERR,ERR,ERR,ERR,ERR,-107615880.0,-0.0,0.0,0.0,140341403451392.0,-0.0,-0.354,219312111616.0,4300,0,8,17170,4300,0.0,41,0.0,0.0,0.0,0.0,-0.0,0,0,0,0,0.0,0,0,0,0,0,0,0,0,0,0,0,0,0,0,0,0,0,0,0,0,0,0,0,0,0,0,0,0,0,0,0,0,0,10,36,36,45,65476,377,65476,1,0,4,21553,0.0,0.0,0.0,0.0,0.0,0.0,0.0,0.0,0.0,0.0,0.0,0.0,0.0,0.0,0.0,0.0,0.0,0.0,0.0,0.0,0.0,2.004,0.0,-3.6970818999223845e+19,0.0,0.0,0.0,0.0,0.0,0.0,6528.0,3.697207244247951e+19,0.0,0.0,-0.0,-107616240.0,-0.0,0.0,0.0,2.004,2.004,227,-0.0,-107615248.0,0.0,0.0,0.0,0.0,0.0,0.0,0.0,0,0,0,-27.658,-0.0,58435.438,2836.123,8363892736.0,-3.4440764495279665e+34,0.0,1.5645192988817024e+33,1.3572432615833686e+29,-7.319860778729077e+37,-75845935104.0,2.612343047901767e+23,0.0,53.569,0.0,-836595.688,0,1.3516416376850534e+27,227,0.0,454,2.40156025918058e+36,599252157857792.0,2112,52429,17109,0,17112,0,17096,0,0,0,101,100,100,2.7302343157793998e+23,66.7,2.730234495923385e+23,67.0,0.0,67.0,1,49,50,180,39322,52429,0,0,0.0,0.0,0.0,60.0,22449254400.0,71.0,0.0,0.0,0.0,1068,0,1069,0,0,0,1069,0,1079,0,1000,0,670,0,672,0,667,0,680,0.032,1.4683608282672803e+22,-2.004,-107615288.0,2192,16814,1.6236375507426345e+18,0.0,490.501,1.7131944770680127e+19,-198918.375,0.0,50.0,60.0,35,0.0,0.0,10.0,2.0,0.0,0.0,0.0,0.0,0.0,0.0,0.0,0.0,0.0,0.0,0.0,0.0,58.8,54,11,65509,27,65476,0,300,0,0,8,20529,65476,0,0,30147,60.0,0.0,10.0,10.0,2.0,0.0
2026-02-16T12:58:18,ERR,ERR,ERR,ERR,ERR,ERR,ERR,ERR,ERR,ERR,ERR,ERR,ERR,ERR,ERR,ERR,ERR,ERR,ERR,ERR,ERR,ERR,ERR,ERR,ERR,ERR,ERR,ERR,ERR,ERR,ERR,ERR,ERR,ERR,ERR,ERR,ERR,ERR,ERR,ERR,ERR,ERR,ERR,ERR,ERR,ERR,ERR,ERR,ERR,ERR,ERR,ERR,ERR,ERR,ERR,ERR,ERR,ERR,ERR,ERR,ERR,ERR,ERR,ERR,ERR,ERR,ERR,ERR,ERR,ERR,ERR,ERR,ERR,ERR,ERR,ERR,ERR,ERR,ERR,ERR,ERR,ERR,ERR,ERR,ERR,ERR,ERR,ERR,ERR,ERR,ERR,ERR,ERR,ERR,ERR,ERR,ERR,ERR,ERR,ERR,ERR,ERR,ERR,ERR,ERR,ERR,ERR,ERR,ERR,ERR,ERR,ERR,ERR,ERR,ERR,ERR,ERR,ERR,ERR,ERR,ERR,ERR,ERR,ERR,ERR,-107615880.0,-0.0,0.0,0.0,140341403451392.0,-0.0,-0.354,219312111616.0,4300,0,8,17170,4300,0.0,41,0.0,0.0,0.0,0.0,-0.0,0,0,0,0,0.0,0,0,0,0,0,0,0,0,0,0,0,0,0,0,0,0,0,0,0,0,0,0,0,0,0,0,0,0,0,0,0,0,0,10,36,36,45,65476,377,65476,1,0,4,21553,0.0,0.0,0.0,0.0,0.0,0.0,0.0,0.0,0.0,0.0,0.0,0.0,0.0,0.0,0.0,0.0,0.0,0.0,0.0,0.0,0.0,2.004,0.0,-3.6970818999223845e+19,0.0,0.0,0.0,0.0,0.0,0.0,6528.0,3.697207244247951e+19,0.0,0.0,-0.0,-107616240.0,-0.0,0.0,0.0,2.004,2.004,227,-0.0,-107615248.0,0.0,0.0,0.0,0.0,0.0,0.0,0.0,0,0,0,-27.658,-0.0,58435.438,2836.123,8363892736.0,-3.4440764495279665e+34,0.0,1.5645192988817024e+33,1.3572432615833686e+29,-7.319860778729077e+37,-75845935104.0,2.612343047901767e+23,0.0,53.569,0.0,-836595.688,0,1.3516416376850534e+27,227,0.0,454,2.40156025918058e+36,599252157857792.0,2112,52429,17109,52429,17111,0,17096,0,0,0,101,100,100,2.7302343157793998e+23,66.7,2.730234495923385e+23,67.0,0.0,67.0,1,49,50,180,39322,52429,0,0,0.0,0.0,0.0,60.0,3.013087920862003e+18,71.0,0.0,-0.0,0.0,1069,0,1069,0,0,0,1069,0,1079,0,1000,0,670,0,672,0,667,0,679,0.032,1.6306921761159244e+22,-2.004,-107615288.0,5520,16814,137718104064.0,-0.0,nan,-30165901312.0,0.0,62016.051,50.0,60.0,35,0.0,0.0,10.0,2.0,0.0,0.0,0.0,0.0,0.0,0.0,0.0,0.0,0.0,0.0,0.0,0.0,58.8,54,11,65509,27,65476,0,300,0,0,8,20529,65476,0,0,30147,60.0,0.0,10.0,10.0,2.0,0.0
2026-02-16T12:58:19,ERR,ERR,ERR,ERR,ERR,ERR,ERR,ERR,ERR,ERR,ERR,ERR,ERR,ERR,ERR,ERR,ERR,ERR,ERR,ERR,ERR,ERR,ERR,ERR,ERR,ERR,ERR,ERR,ERR,ERR,ERR,ERR,ERR,ERR,ERR,ERR,ERR,ERR,ERR,ERR,ERR,ERR,ERR,ERR,ERR,ERR,ERR,ERR,ERR,ERR,ERR,ERR,ERR,ERR,ERR,ERR,ERR,ERR,ERR,ERR,ERR,ERR,ERR,ERR,ERR,ERR,ERR,ERR,ERR,ERR,ERR,ERR,ERR,ERR,ERR,ERR,ERR,ERR,ERR,ERR,ERR,ERR,ERR,ERR,ERR,ERR,ERR,ERR,ERR,ERR,ERR,ERR,ERR,ERR,ERR,ERR,ERR,ERR,ERR,ERR,ERR,ERR,ERR,ERR,ERR,ERR,ERR,ERR,ERR,ERR,ERR,ERR,ERR,ERR,ERR,ERR,ERR,ERR,ERR,ERR,ERR,ERR,ERR,ERR,ERR,-107615880.0,-0.0,0.0,0.0,140341403451392.0,-0.0,-0.354,219312111616.0,4300,0,8,17170,4300,0.0,41,0.0,0.0,0.0,0.0,-0.0,0,0,0,0,0.0,0,0,0,0,0,0,0,0,0,0,0,0,0,0,0,0,0,0,0,0,0,0,0,0,0,0,0,0,0,0,0,0,0,10,36,36,45,65476,377,65476,1,0,4,21553,0.0,0.0,0.0,0.0,0.0,0.0,0.0,0.0,0.0,0.0,0.0,0.0,0.0,0.0,0.0,0.0,0.0,0.0,0.0,0.0,0.0,2.004,0.0,-3.6970818999223845e+19,0.0,0.0,0.0,0.0,0.0,0.0,6528.0,3.697207244247951e+19,0.0,0.0,-0.0,-107616240.0,-0.0,0.0,0.0,2.004,2.004,227,-0.0,-107615248.0,0.0,0.0,0.0,0.0,0.0,0.0,0.0,0,0,0,-27.658,-0.0,58435.438,2836.123,8363892736.0,-3.4440764495279665e+34,0.0,1.5645192988817024e+33,1.3572432615833686e+29,-7.319860778729077e+37,-75845935104.0,2.612343047901767e+23,0.0,53.569,0.0,-836595.688,0,1.3516416376850534e+27,227,0.0,454,2.40156025918058e+36,599252157857792.0,2112,52429,17109,52429,17111,0,17096,0,0,0,101,100,100,2.7302343157793998e+23,66.7,2.730234495923385e+23,67.0,0.0,67.0,1,49,50,180,39322,52429,0,0,0.0,0.0,0.0,60.0,3.013087920862003e+18,71.0,0.0,-0.0,0.0,1069,0,1069,0,0,0,1069,0,1079,0,1000,0,670,0,672,0,667,0,679,0.032,1.6306921761159244e+22,-2.004,-107615288.0,5520,16814,137718104064.0,-0.0,nan,-30165901312.0,0.0,62016.051,50.0,60.0,35,0.0,0.0,10.0,2.0,0.0,0.0,0.0,0.0,0.0,0.0,0.0,0.0,0.0,0.0,0.0,0.0,58.8,54,11,65509,27,65476,0,300,0,0,8,20529,65476,0,0,30147,60.0,0.0,10.0,10.0,2.0,0.0
2026-02-16T12:58:20,ERR,ERR,ERR,ERR,ERR,ERR,ERR,ERR,ERR,ERR,ERR,ERR,ERR,ERR,ERR,ERR,ERR,ERR,ERR,ERR,ERR,ERR,ERR,ERR,ERR,ERR,ERR,ERR,ERR,ERR,ERR,ERR,ERR,ERR,ERR,ERR,ERR,ERR,ERR,ERR,ERR,ERR,ERR,ERR,ERR,ERR,ERR,ERR,ERR,ERR,ERR,ERR,ERR,ERR,ERR,ERR,ERR,ERR,ERR,ERR,ERR,ERR,ERR,ERR,ERR,ERR,ERR,ERR,ERR,ERR,ERR,ERR,ERR,ERR,ERR,ERR,ERR,ERR,ERR,ERR,ERR,ERR,ERR,ERR,ERR,ERR,ERR,ERR,ERR,ERR,ERR,ERR,ERR,ERR,ERR,ERR,ERR,ERR,ERR,ERR,ERR,ERR,ERR,ERR,ERR,ERR,ERR,ERR,ERR,ERR,ERR,ERR,ERR,ERR,ERR,ERR,ERR,ERR,ERR,ERR,ERR,ERR,ERR,ERR,ERR,0.0,-0.0,-107090032.0,0.0,-3.160207272547048e+29,-0.0,0.0,-0.0,4300,0,8,17170,4300,0.0,41,0.0,0.0,0.0,0.0,-0.0,0,0,0,0,0.0,0,0,0,0,0,0,0,0,0,0,0,0,0,0,0,0,0,0,0,0,0,0,0,0,0,0,0,0,0,0,0,0,0,10,36,36,45,65476,376,65476,1,0,4,21553,0.0,0.0,0.0,0.0,0.0,0.0,0.0,0.0,0.0,0.0,0.0,0.0,0.0,0.0,0.0,0.0,0.0,0.0,0.0,0.0,0.0,2.004,2.004,-3.6970818999223845e+19,0.0,0.0,0.0,0.0,0.0,0.0,6556.0,-2.004,0.0,0.0,-0.0,-0.0,-107616264.0,0.0,0.0,2.004,2.004,226,-0.0,0.0,0.0,0.0,0.0,0.0,0.0,0.0,0.0,0,0,0,-1.9577844230746905e+21,6.903049241418176e+30,276267060428800.0,-9.024531388084788e+36,-0.0,-0.0,0.0,-3.4118273984511197e+36,-23891080.0,-7.718629177464552e+37,-82288386048.0,2.7422081261806823e+23,0.0,56.319,0.0,-0.0,0,1.3516416376850534e+27,226,0.0,452,2.40156025918058e+36,-1.5870805360731793e+30,2112,52429,17109,52429,17111,0,17096,0,0,0,101,100,100,2.7302343157793998e+23,66.7,2.730234495923385e+23,67.0,0.0,67.0,1,49,50,180,39322,52429,0,0,0.0,0.0,0.0,60.0,3.013087920862003e+18,71.0,0.0,-0.0,0.0,1069,0,1069,0,0,0,1069,0,1079,0,1000,0,670,0,672,0,667,0,679,0.032,1.6306921761159244e+22,-2.004,-107615288.0,5520,16814,137718104064.0,-0.0,nan,-30165901312.0,0.0,62016.051,50.0,60.0,35,0.0,0.0,10.0,2.0,0.0,0.0,0.0,0.0,0.0,0.0,0.0,0.0,0.0,0.0,0.0,0.0,58.8,54,11,65509,27,65476,0,300,0,0,8,20529,65476,0,0,30147,60.0,0.0,10.0,10.0,2.0,0.0
2026-02-16T12:58:21,ERR,ERR,ERR,ERR,ERR,ERR,ERR,ERR,ERR,ERR,ERR,ERR,ERR,ERR,ERR,ERR,ERR,ERR,ERR,ERR,ERR,ERR,ERR,ERR,ERR,ERR,ERR,ERR,ERR,ERR,ERR,ERR,ERR,ERR,ERR,ERR,ERR,ERR,ERR,ERR,ERR,ERR,ERR,ERR,ERR,ERR,ERR,ERR,ERR,ERR,ERR,ERR,ERR,ERR,ERR,ERR,ERR,ERR,ERR,ERR,ERR,ERR,ERR,ERR,ERR,ERR,ERR,ERR,ERR,ERR,ERR,ERR,ERR,ERR,ERR,ERR,ERR,ERR,ERR,ERR,ERR,ERR,ERR,ERR,ERR,ERR,ERR,ERR,ERR,ERR,ERR,ERR,ERR,ERR,ERR,ERR,ERR,ERR,ERR,ERR,ERR,ERR,ERR,ERR,ERR,ERR,ERR,ERR,ERR,ERR,ERR,ERR,ERR,ERR,ERR,ERR,ERR,ERR,ERR,ERR,ERR,ERR,ERR,ERR,ERR,0.0,-0.0,-107090032.0,0.0,-3.160207272547048e+29,-0.0,0.0,-0.0,4300,0,8,17170,4300,0.0,41,0.0,0.0,0.0,0.0,-0.0,0,0,0,0,0.0,0,0,0,0,0,0,0,0,0,0,0,0,0,0,0,0,0,0,0,0,0,0,0,0,0,0,0,0,0,0,0,0,0,10,36,36,45,65476,376,65476,1,0,4,21553,0.0,0.0,0.0,0.0,0.0,0.0,0.0,0.0,0.0,0.0,0.0,0.0,0.0,0.0,0.0,0.0,0.0,0.0,0.0,0.0,0.0,2.004,2.004,-3.6970818999223845e+19,0.0,0.0,0.0,0.0,0.0,0.0,6556.0,-2.004,0.0,0.0,-0.0,-0.0,-107616264.0,0.0,0.0,2.004,2.004,226,-0.0,0.0,0.0,0.0,0.0,0.0,0.0,0.0,0.0,0,0,0,-1.9577844230746905e+21,6.903049241418176e+30,276267060428800.0,-9.024531388084788e+36,-0.0,-0.0,0.0,-3.4118273984511197e+36,-23891080.0,-7.718629177464552e+37,-82288386048.0,2.7422081261806823e+23,0.0,56.319,0.0,-0.0,0,1.3516416376850534e+27,226,0.0,452,2.40156025918058e+36,-1.5870805360731793e+30,2112,52429,17109,52429,17111,0,17096,0,0,0,101,100,100,2.7302343157793998e+23,66.7,2.730234495923385e+23,67.0,0.0,67.0,1,49,50,180,39322,52429,0,0,0.0,0.0,0.0,60.0,3.013087920862003e+18,71.0,0.0,-0.0,0.0,1069,0,1069,0,0,0,1069,0,1079,0,1000,0,670,0,672,0,667,0,679,0.032,1.6306921761159244e+22,-2.004,-107615288.0,5520,16814,137718104064.0,-0.0,nan,-30165901312.0,0.0,62016.051,50.0,60.0,35,0.0,0.0,10.0,2.0,0.0,0.0,0.0,0.0,0.0,0.0,0.0,0.0,0.0,0.0,0.0,0.0,58.8,54,11,65509,27,65476,0,300,0,0,8,20529,65476,0,0,30147,60.0,0.0,10.0,10.0,2.0,0.0
2026-02-16T12:58:22,ERR,ERR,ERR,ERR,ERR,ERR,ERR,ERR,ERR,ERR,ERR,ERR,ERR,ERR,ERR,ERR,ERR,ERR,ERR,ERR,ERR,ERR,ERR,ERR,ERR,ERR,ERR,ERR,ERR,ERR,ERR,ERR,ERR,ERR,ERR,ERR,ERR,ERR,ERR,ERR,ERR,ERR,ERR,ERR,ERR,ERR,ERR,ERR,ERR,ERR,ERR,ERR,ERR,ERR,ERR,ERR,ERR,ERR,ERR,ERR,ERR,ERR,ERR,ERR,ERR,ERR,ERR,ERR,ERR,ERR,ERR,ERR,ERR,ERR,ERR,ERR,ERR,ERR,ERR,ERR,ERR,ERR,ERR,ERR,ERR,ERR,ERR,ERR,ERR,ERR,ERR,ERR,ERR,ERR,ERR,ERR,ERR,ERR,ERR,ERR,ERR,ERR,ERR,ERR,ERR,ERR,ERR,ERR,ERR,ERR,ERR,ERR,ERR,ERR,ERR,ERR,ERR,ERR,ERR,ERR,ERR,ERR,ERR,ERR,ERR,0.0,-0.0,-107090032.0,0.0,-3.160207272547048e+29,-0.0,0.0,-0.0,4300,0,8,17170,4300,0.0,41,0.0,0.0,0.0,0.0,-0.0,0,0,0,0,0.0,0,0,0,0,0,0,0,0,0,0,0,0,0,0,0,0,0,0,0,0,0,0,0,0,0,0,0,0,0,0,0,0,0,10,36,36,45,65476,376,65476,1,0,4,21553,0.0,0.0,0.0,0.0,0.0,0.0,0.0,0.0,0.0,0.0,0.0,0.0,0.0,0.0,0.0,0.0,0.0,0.0,0.0,0.0,0.0,2.004,2.004,-3.6970818999223845e+19,0.0,0.0,0.0,0.0,0.0,0.0,6556.0,-2.004,0.0,0.0,-0.0,-0.0,-107616264.0,0.0,0.0,2.004,2.004,226,-0.0,0.0,0.0,0.0,0.0,0.0,0.0,0.0,0.0,0,0,0,-1.9577844230746905e+21,6.903049241418176e+30,276267060428800.0,-9.024531388084788e+36,-0.0,-0.0,0.0,-3.4118273984511197e+36,-23891080.0,-7.718629177464552e+37,-82288386048.0,2.7422081261806823e+23,0.0,56.319,0.0,-0.0,0,1.3516416376850534e+27,226,0.0,452,2.40156025918058e+36,-1.5870805360731793e+30,2112,52429,17109,52429,17111,0,17096,0,0,0,101,100,100,2.7302343157793998e+23,66.7,2.730234495923385e+23,67.0,0.0,67.0,1,49,50,180,39322,52429,0,0,0.0,0.0,0.0,60.0,1.709321183476381e+20,71.0,0.0,-0.0,0.0,1069,0,1069,0,0,0,1069,0,1079,0,1000,0,670,0,672,0,667,0,679,0.032,1.8004022215940522e+22,-0.0,-0.0,7824,16814,1.1621402649576833e+26,109658742784.0,925.003,-7.828496049642332e+20,-6.434519048469507e+23,-2.9370151988351358e+29,50.0,60.0,35,0.0,0.0,10.0,2.0,0.0,0.0,0.0,0.0,0.0,0.0,0.0,0.0,0.0,0.0,0.0,0.0,58.8,54,11,65509,27,65476,0,300,0,0,8,20529,65476,0,0,30147,60.0,0.0,10.0,10.0,2.0,0.0
2026-02-16T12:58:23,ERR,ERR,ERR,ERR,ERR,ERR,ERR,ERR,ERR,ERR,ERR,ERR,ERR,ERR,ERR,ERR,ERR,ERR,ERR,ERR,ERR,ERR,ERR,ERR,ERR,ERR,ERR,ERR,ERR,ERR,ERR,ERR,ERR,ERR,ERR,ERR,ERR,ERR,ERR,ERR,ERR,ERR,ERR,ERR,ERR,ERR,ERR,ERR,ERR,ERR,ERR,ERR,ERR,ERR,ERR,ERR,ERR,ERR,ERR,ERR,ERR,ERR,ERR,ERR,ERR,ERR,ERR,ERR,ERR,ERR,ERR,ERR,ERR,ERR,ERR,ERR,ERR,ERR,ERR,ERR,ERR,ERR,ERR,ERR,ERR,ERR,ERR,ERR,ERR,ERR,ERR,ERR,ERR,ERR,ERR,ERR,ERR,ERR,ERR,ERR,ERR,ERR,ERR,ERR,ERR,ERR,ERR,ERR,ERR,ERR,ERR,ERR,ERR,ERR,ERR,ERR,ERR,ERR,ERR,ERR,ERR,ERR,ERR,ERR,ERR,0.0,-0.0,-107090032.0,0.0,-3.160207272547048e+29,-0.0,0.0,-0.0,4300,0,8,17170,4300,0.0,41,0.0,0.0,0.0,0.0,-0.0,0,0,0,0,0.0,0,0,0,0,0,0,0,0,0,0,0,0,0,0,0,0,0,0,0,0,0,0,0,0,0,0,0,0,0,0,0,0,0,10,36,36,45,65476,376,65476,1,0,4,21553,0.0,0.0,0.0,0.0,0.0,0.0,0.0,0.0,0.0,0.0,0.0,0.0,0.0,0.0,0.0,0.0,0.0,0.0,0.0,0.0,0.0,2.004,2.004,-3.6970818999223845e+19,0.0,0.0,0.0,0.0,0.0,0.0,6556.0,-2.004,0.0,0.0,-0.0,-0.0,-107616264.0,0.0,0.0,2.004,2.004,226,-0.0,0.0,0.0,0.0,0.0,0.0,0.0,0.0,0.0,0,0,0,-1.9577844230746905e+21,6.903049241418176e+30,276267060428800.0,-9.024531388084788e+36,-0.0,-0.0,0.0,-3.4118273984511197e+36,-23891080.0,-7.718629177464552e+37,-82288386048.0,2.7422081261806823e+23,0.0,56.319,0.0,-0.0,0,1.3516416376850534e+27,226,0.0,452,2.40156025918058e+36,-1.5870805360731793e+30,2112,52429,17109,52429,17111,0,17096,0,0,0,101,100,100,2.7302343157793998e+23,66.7,2.730234495923385e+23,67.0,0.0,67.0,1,49,50,180,39322,52429,0,0,0.0,0.0,0.0,60.0,1.709321183476381e+20,71.0,0.0,-0.0,0.0,1069,0,1069,0,0,0,1069,0,1079,0,1000,0,670,0,672,0,667,0,679,0.032,1.8004022215940522e+22,-0.0,-0.0,7824,16814,1.1621402649576833e+26,109658742784.0,925.003,-7.828496049642332e+20,-6.434519048469507e+23,-2.9370151988351358e+29,50.0,60.0,35,0.0,0.0,10.0,2.0,0.0,0.0,0.0,0.0,0.0,0.0,0.0,0.0,0.0,0.0,0.0,0.0,58.8,54,11,65509,27,65476,0,300,0,0,8,20529,65476,0,0,30147,60.0,0.0,10.0,10.0,2.0,0.0
2026-02-16T12:58:24,ERR,ERR,ERR,ERR,ERR,ERR,ERR,ERR,ERR,ERR,ERR,ERR,ERR,ERR,ERR,ERR,ERR,ERR,ERR,ERR,ERR,ERR,ERR,ERR,ERR,ERR,ERR,ERR,ERR,ERR,ERR,ERR,ERR,ERR,ERR,ERR,ERR,ERR,ERR,ERR,ERR,ERR,ERR,ERR,ERR,ERR,ERR,ERR,ERR,ERR,ERR,ERR,ERR,ERR,ERR,ERR,ERR,ERR,ERR,ERR,ERR,ERR,ERR,ERR,ERR,ERR,ERR,ERR,ERR,ERR,ERR,ERR,ERR,ERR,ERR,ERR,ERR,ERR,ERR,ERR,ERR,ERR,ERR,ERR,ERR,ERR,ERR,ERR,ERR,ERR,ERR,ERR,ERR,ERR,ERR,ERR,ERR,ERR,ERR,ERR,ERR,ERR,ERR,ERR,ERR,ERR,ERR,ERR,ERR,ERR,ERR,ERR,ERR,ERR,ERR,ERR,ERR,ERR,ERR,ERR,ERR,ERR,ERR,ERR,ERR,0.0,-0.0,-107090032.0,0.0,-3.160207272547048e+29,-0.0,0.0,-0.0,4300,0,8,17170,4300,0.0,41,0.0,0.0,0.0,0.0,-0.0,0,0,0,0,0.0,0,0,0,0,0,0,0,0,0,0,0,0,0,0,0,0,0,0,0,0,0,0,0,0,0,0,0,0,0,0,0,0,0,10,36,36,45,65476,376,65476,1,0,4,21553,0.0,0.0,0.0,0.0,0.0,0.0,0.0,0.0,0.0,0.0,0.0,0.0,0.0,0.0,0.0,0.0,0.0,0.0,0.0,0.0,0.0,2.004,2.004,-3.6970818999223845e+19,0.0,0.0,0.0,0.0,0.0,0.0,6556.0,-2.004,0.0,0.0,-0.0,-0.0,-107616264.0,0.0,0.0,2.004,2.004,226,-0.0,0.0,0.0,0.0,0.0,0.0,0.0,0.0,0.0,0,0,0,-1.9577844230746905e+21,6.903049241418176e+30,276267060428800.0,-9.024531388084788e+36,-0.0,-0.0,0.0,-3.4118273984511197e+36,-23891080.0,-7.718629177464552e+37,-82288386048.0,2.7422081261806823e+23,0.0,56.319,0.0,-0.0,0,1.3516416376850534e+27,226,0.0,452,2.40156025918058e+36,-1.5870805360731793e+30,2112,52429,17109,52429,17111,0,17096,0,0,0,101,100,100,2.7302343157793998e+23,66.7,2.730234495923385e+23,67.0,0.0,67.0,1,49,50,180,39322,52429,0,0,0.0,0.0,0.0,60.0,1.709321183476381e+20,71.0,0.0,-0.0,0.0,1069,0,1069,0,0,0,1069,0,1079,0,1000,0,670,0,672,0,667,0,679,0.032,1.8004022215940522e+22,-0.0,-0.0,7824,16814,1.1621402649576833e+26,109658742784.0,925.003,-7.828496049642332e+20,-6.434519048469507e+23,-2.9370151988351358e+29,50.0,60.0,35,0.0,0.0,10.0,2.0,0.0,0.0,0.0,0.0,0.0,0.0,0.0,0.0,0.0,0.0,0.0,0.0,58.8,54,11,65509,27,65476,0,300,0,0,8,20529,65476,0,0,30147,60.0,0.0,10.0,10.0,2.0,0.0
2026-02-16T12:58:25,ERR,ERR,ERR,ERR,ERR,ERR,ERR,ERR,ERR,ERR,ERR,ERR,ERR,ERR,ERR,ERR,ERR,ERR,ERR,ERR,ERR,ERR,ERR,ERR,ERR,ERR,ERR,ERR,ERR,ERR,ERR,ERR,ERR,ERR,ERR,ERR,ERR,ERR,ERR,ERR,ERR,ERR,ERR,ERR,ERR,ERR,ERR,ERR,ERR,ERR,ERR,ERR,ERR,ERR,ERR,ERR,ERR,ERR,ERR,ERR,ERR,ERR,ERR,ERR,ERR,ERR,ERR,ERR,ERR,ERR,ERR,ERR,ERR,ERR,ERR,ERR,ERR,ERR,ERR,ERR,ERR,ERR,ERR,ERR,ERR,ERR,ERR,ERR,ERR,ERR,ERR,ERR,ERR,ERR,ERR,ERR,ERR,ERR,ERR,ERR,ERR,ERR,ERR,ERR,ERR,ERR,ERR,ERR,ERR,ERR,ERR,ERR,ERR,ERR,ERR,ERR,ERR,ERR,ERR,ERR,ERR,ERR,ERR,ERR,ERR,0.0,-0.0,-107090032.0,0.0,-3.160207272547048e+29,-0.0,-1.4166268615841546e+18,-7052346785792.0,4300,0,8,17170,4300,0.0,41,0.0,0.0,0.0,0.0,-0.0,0,0,0,0,0.0,0,0,0,0,0,0,0,0,0,0,0,0,0,0,0,0,0,0,0,0,0,0,0,0,0,0,0,0,0,0,0,0,0,10,36,36,45,65476,376,65476,1,0,4,21553,0.0,0.0,0.0,0.0,0.0,0.0,0.0,0.0,0.0,0.0,0.0,0.0,0.0,0.0,0.0,0.0,0.0,0.0,0.0,0.0,0.0,2.004,2.004,-3.6970818999223845e+19,0.0,3.69707618246192e+19,0.0,0.0,0.0,0.0,6528.0,-564149054603264.0,0.0,-107615880.0,-0.0,-0.0,-2.7184507374263774e+23,0.0,0.0,2.004,2.004,226,-0.0,0.0,0.0,0.0,0.0,0.0,0.0,0.0,0.0,0,0,0,-1.384699194577635e+25,-0.0,7.074612276800756e+24,1.7447139678121045e+38,-0.0,-5.602086663713271e+23,0.0,-0.0,2.3497684924323553e+36,-8.150628276094649e+37,-89267707904.0,2.90749095308112e+23,0.0,59.319,0.0,-0.0,0,1.3516416376850534e+27,226,0.0,452,0.0,-20512.525,2112,52429,17109,52429,17111,0,17096,0,0,0,101,100,100,2.7302343157793998e+23,66.7,2.730234495923385e+23,67.0,0.0,67.0,1,49,50,180,52429,52429,0,0,0.0,0.0,0.0,60.0,1.6236375507426345e+18,71.0,0.0,-0.0,0.0,1069,0,1069,0,0,0,1069,0,1080,0,1000,0,670,0,672,0,667,0,678,0.032,1.5347691069326347e+22,-0.0,-0.0,9872,16814,1.74735099972817e+25,2.783847305613148e+17,-0.0,-0.0,0.0,3376418048.0,50.0,60.0,35,0.0,0.0,10.0,2.0,0.0,0.0,0.0,0.0,0.0,0.0,0.0,0.0,0.0,0.0,0.0,0.0,59.2,54,12,65509,27,65476,0,300,0,0,8,20529,65476,0,0,30147,60.0,0.0,10.0,10.0,2.0,0.0
2026-02-16T12:58:26,ERR,ERR,ERR,ERR,ERR,ERR,ERR,ERR,ERR,ERR,ERR,ERR,ERR,ERR,ERR,ERR,ERR,ERR,ERR,ERR,ERR,ERR,ERR,ERR,ERR,ERR,ERR,ERR,ERR,ERR,ERR,ERR,ERR,ERR,ERR,ERR,ERR,ERR,ERR,ERR,ERR,ERR,ERR,ERR,ERR,ERR,ERR,ERR,ERR,ERR,ERR,ERR,ERR,ERR,ERR,ERR,ERR,ERR,ERR,ERR,ERR,ERR,ERR,ERR,ERR,ERR,ERR,ERR,ERR,ERR,ERR,ERR,ERR,ERR,ERR,ERR,ERR,ERR,ERR,ERR,ERR,ERR,ERR,ERR,ERR,ERR,ERR,ERR,ERR,ERR,ERR,ERR,ERR,ERR,ERR,ERR,ERR,ERR,ERR,ERR,ERR,ERR,ERR,ERR,ERR,ERR,ERR,ERR,ERR,ERR,ERR,ERR,ERR,ERR,ERR,ERR,ERR,ERR,ERR,ERR,ERR,ERR,ERR,ERR,ERR,0.0,-0.0,-107090032.0,0.0,-3.160207272547048e+29,-0.0,-1.4166268615841546e+18,-7052346785792.0,4300,0,8,17170,4300,0.0,41,0.0,0.0,0.0,0.0,-0.0,0,0,0,0,0.0,0,0,0,0,0,0,0,0,0,0,0,0,0,0,0,0,0,0,0,0,0,0,0,0,0,0,0,0,0,0,0,0,0,10,36,36,45,65476,376,65476,1,0,4,21553,0.0,0.0,0.0,0.0,0.0,0.0,0.0,0.0,0.0,0.0,0.0,0.0,0.0,0.0,0.0,0.0,0.0,0.0,0.0,0.0,0.0,2.004,2.004,-3.6970818999223845e+19,0.0,3.69707618246192e+19,0.0,0.0,0.0,0.0,6528.0,-564149054603264.0,0.0,-107615880.0,-0.0,-0.0,-2.7184507374263774e+23,0.0,0.0,2.004,2.004,226,-0.0,0.0,0.0,0.0,0.0,0.0,0.0,0.0,0.0,0,0,0,-1.384699194577635e+25,-0.0,7.074612276800756e+24,1.7447139678121045e+38,-0.0,-5.602086663713271e+23,0.0,-0.0,2.3497684924323553e+36,-8.150628276094649e+37,-89267707904.0,2.90749095308112e+23,0.0,59.319,0.0,-0.0,0,1.3516416376850534e+27,226,0.0,452,0.0,-20512.525,2112,52429,17109,52429,17111,0,17096,0,0,0,101,100,100,2.7302343157793998e+23,66.7,2.730234495923385e+23,67.0,0.0,67.0,1,49,50,180,52429,52429,0,0,0.0,0.0,0.0,60.0,1.6236375507426345e+18,71.0,0.0,-0.0,0.0,1069,0,1069,0,0,0,1069,0,1080,0,1000,0,670,0,672,0,667,0,678,0.032,1.5347691069326347e+22,-0.0,-0.0,9872,16814,1.74735099972817e+25,2.783847305613148e+17,-0.0,-0.0,0.0,3376418048.0,50.0,60.0,35,0.0,0.0,10.0,2.0,0.0,0.0,0.0,0.0,0.0,0.0,0.0,0.0,0.0,0.0,0.0,0.0,59.2,54,12,65509,27,65476,0,300,0,0,8,20529,65476,0,0,30147,60.0,0.0,10.0,10.0,2.0,0.0
2026-02-16T12:58:27,ERR,ERR,ERR,ERR,ERR,ERR,ERR,ERR,ERR,ERR,ERR,ERR,ERR,ERR,ERR,ERR,ERR,ERR,ERR,ERR,ERR,ERR,ERR,ERR,ERR,ERR,ERR,ERR,ERR,ERR,ERR,ERR,ERR,ERR,ERR,ERR,ERR,ERR,ERR,ERR,ERR,ERR,ERR,ERR,ERR,ERR,ERR,ERR,ERR,ERR,ERR,ERR,ERR,ERR,ERR,ERR,ERR,ERR,ERR,ERR,ERR,ERR,ERR,ERR,ERR,ERR,ERR,ERR,ERR,ERR,ERR,ERR,ERR,ERR,ERR,ERR,ERR,ERR,ERR,ERR,ERR,ERR,ERR,ERR,ERR,ERR,ERR,ERR,ERR,ERR,ERR,ERR,ERR,ERR,ERR,ERR,ERR,ERR,ERR,ERR,ERR,ERR,ERR,ERR,ERR,ERR,ERR,ERR,ERR,ERR,ERR,ERR,ERR,ERR,ERR,ERR,ERR,ERR,ERR,ERR,ERR,ERR,ERR,ERR,ERR,0.0,-0.0,-107090032.0,0.0,-3.160207272547048e+29,-0.0,-1.4166268615841546e+18,-7052346785792.0,4300,0,8,17170,4300,0.0,41,0.0,0.0,0.0,0.0,-0.0,0,0,0,0,0.0,0,0,0,0,0,0,0,0,0,0,0,0,0,0,0,0,0,0,0,0,0,0,0,0,0,0,0,0,0,0,0,0,0,10,36,36,45,65476,376,65476,1,0,4,21553,0.0,0.0,0.0,0.0,0.0,0.0,0.0,0.0,0.0,0.0,0.0,0.0,0.0,0.0,0.0,0.0,0.0,0.0,0.0,0.0,0.0,2.004,2.004,-3.6970818999223845e+19,0.0,3.69707618246192e+19,0.0,0.0,0.0,0.0,6528.0,-564149054603264.0,0.0,-107615880.0,-0.0,-0.0,-2.7184507374263774e+23,0.0,0.0,2.004,2.004,226,-0.0,0.0,0.0,0.0,0.0,0.0,0.0,0.0,0.0,0,0,0,-1.384699194577635e+25,-0.0,7.074612276800756e+24,1.7447139678121045e+38,-0.0,-5.602086663713271e+23,0.0,-0.0,2.3497684924323553e+36,-8.150628276094649e+37,-89267707904.0,2.90749095308112e+23,0.0,59.319,0.0,-0.0,0,1.3516416376850534e+27,226,0.0,452,0.0,-20512.525,2112,52429,17109,52429,17111,0,17096,0,0,0,101,100,100,2.7302343157793998e+23,66.7,2.730234495923385e+23,67.0,0.0,67.0,1,49,50,180,52429,52429,0,0,0.0,0.0,0.0,60.0,1.6236375507426345e+18,71.0,0.0,-0.0,0.0,1069,0,1069,0,0,0,1069,0,1080,0,1000,0,670,0,672,0,667,0,678,0.032,1.5347691069326347e+22,-0.0,-0.0,9872,16814,1.74735099972817e+25,2.783847305613148e+17,-0.0,-0.0,0.0,3376418048.0,50.0,60.0,35,0.0,0.0,10.0,2.0,0.0,0.0,0.0,0.0,0.0,0.0,0.0,0.0,0.0,0.0,0.0,0.0,58.8,54,12,65509,27,65476,0,300,0,0,8,20529,65476,0,0,30147,60.0,0.0,10.0,10.0,2.0,0.0
2026-02-16T12:58:28,ERR,ERR,ERR,ERR,ERR,ERR,ERR,ERR,ERR,ERR,ERR,ERR,ERR,ERR,ERR,ERR,ERR,ERR,ERR,ERR,ERR,ERR,ERR,ERR,ERR,ERR,ERR,ERR,ERR,ERR,ERR,ERR,ERR,ERR,ERR,ERR,ERR,ERR,ERR,ERR,ERR,ERR,ERR,ERR,ERR,ERR,ERR,ERR,ERR,ERR,ERR,ERR,ERR,ERR,ERR,ERR,ERR,ERR,ERR,ERR,ERR,ERR,ERR,ERR,ERR,ERR,ERR,ERR,ERR,ERR,ERR,ERR,ERR,ERR,ERR,ERR,ERR,ERR,ERR,ERR,ERR,ERR,ERR,ERR,ERR,ERR,ERR,ERR,ERR,ERR,ERR,ERR,ERR,ERR,ERR,ERR,ERR,ERR,ERR,ERR,ERR,ERR,ERR,ERR,ERR,ERR,ERR,ERR,ERR,ERR,ERR,ERR,ERR,ERR,ERR,ERR,ERR,ERR,ERR,ERR,ERR,ERR,ERR,ERR,ERR,0.0,-0.0,-107090032.0,0.0,-3.160207272547048e+29,-0.0,-1.4166268615841546e+18,-7052346785792.0,4300,0,8,17170,4300,0.0,41,0.0,0.0,0.0,0.0,-0.0,0,0,0,0,0.0,0,0,0,0,0,0,0,0,0,0,0,0,0,0,0,0,0,0,0,0,0,0,0,0,0,0,0,0,0,0,0,0,0,10,36,36,45,65476,376,65476,1,0,4,21553,0.0,0.0,0.0,0.0,0.0,0.0,0.0,0.0,0.0,0.0,0.0,0.0,0.0,0.0,0.0,0.0,0.0,0.0,0.0,0.0,0.0,2.004,2.004,-3.6970818999223845e+19,0.0,3.69707618246192e+19,0.0,0.0,0.0,0.0,6528.0,-564149054603264.0,0.0,-107615880.0,-0.0,-0.0,-2.7184507374263774e+23,0.0,0.0,2.004,2.004,226,-0.0,0.0,0.0,0.0,0.0,0.0,0.0,0.0,0.0,0,0,0,-1.384699194577635e+25,-0.0,7.074612276800756e+24,1.7447139678121045e+38,-0.0,-5.602086663713271e+23,0.0,-0.0,2.3497684924323553e+36,-8.150628276094649e+37,-89267707904.0,2.90749095308112e+23,0.0,59.319,0.0,-0.0,0,1.3516416376850534e+27,226,0.0,452,0.0,-20512.525,2112,52429,17109,0,17112,0,17096,0,0,0,101,100,100,2.7302343157793998e+23,66.7,2.730234495923385e+23,67.0,0.0,67.0,1,49,50,180,52429,52429,0,0,0.0,0.0,0.0,60.0,2.0705782528119904e+29,71.0,0.0,-0.0,0.0,1069,0,1069,0,0,0,1069,0,1079,0,1000,0,670,0,672,0,667,0,678,0.032,1.726615245299214e+22,-0.0,-0.0,2960,16814,2.0705782528119904e+29,-0.0,-0.0,0.0,60622436.0,6.522828078364941e+35,50.0,60.0,35,0.0,0.0,10.0,2.0,0.0,0.0,0.0,0.0,0.0,0.0,0.0,0.0,0.0,0.0,0.0,0.0,58.8,54,12,65509,27,65476,0,300,0,0,8,20529,65476,0,0,30147,60.0,0.0,10.0,10.0,2.0,0.0
2026-02-16T12:58:29,ERR,ERR,ERR,ERR,ERR,ERR,ERR,ERR,ERR,ERR,ERR,ERR,ERR,ERR,ERR,ERR,ERR,ERR,ERR,ERR,ERR,ERR,ERR,ERR,ERR,ERR,ERR,ERR,ERR,ERR,ERR,ERR,ERR,ERR,ERR,ERR,ERR,ERR,ERR,ERR,ERR,ERR,ERR,ERR,ERR,ERR,ERR,ERR,ERR,ERR,ERR,ERR,ERR,ERR,ERR,ERR,ERR,ERR,ERR,ERR,ERR,ERR,ERR,ERR,ERR,ERR,ERR,ERR,ERR,ERR,ERR,ERR,ERR,ERR,ERR,ERR,ERR,ERR,ERR,ERR,ERR,ERR,ERR,ERR,ERR,ERR,ERR,ERR,ERR,ERR,ERR,ERR,ERR,ERR,ERR,ERR,ERR,ERR,ERR,ERR,ERR,ERR,ERR,ERR,ERR,ERR,ERR,ERR,ERR,ERR,ERR,ERR,ERR,ERR,ERR,ERR,ERR,ERR,ERR,ERR,ERR,ERR,ERR,ERR,ERR,-107615880.0,-0.0,0.0,0.0,140341403451392.0,-0.0,-1.2943210973472437e+36,0.0,4300,0,8,17170,4300,0.0,41,0.0,0.0,0.0,0.0,-0.0,0,0,0,0,0.0,0,0,0,0,0,0,0,0,0,0,0,0,0,0,0,0,0,0,0,0,0,0,0,0,0,0,0,0,0,0,0,0,0,10,36,36,46,65476,376,65476,1,0,4,21553,0.0,0.0,0.0,0.0,0.0,0.0,0.0,0.0,0.0,0.0,0.0,0.0,0.0,0.0,0.0,0.0,0.0,0.0,0.0,0.0,0.0,2.004,2.004,-3.6970818999223845e+19,0.0,3.69707618246192e+19,0.0,0.0,0.0,0.0,6589.0,0.0,0.0,-107615880.0,-0.0,-0.0,-2.7184507374263774e+23,0.0,0.0,2.004,2.004,228,-0.0,0.059,0.0,0.0,0.0,0.0,0.0,0.0,0.0,0,0,0,-2.6454610333735726e+22,5.265556169355674e+34,5251739980660736.0,-0.0,1.2392444702447445e+30,-0.0,0.0,-68256026624.0,-0.0,-8.591734176636787e+37,-96247029760.0,3.099621178512194e+23,0.0,62.069,0.0,-0.0,0,1.3516416376850534e+27,228,0.0,456,0.0,-20512.525,2112,52429,17109,0,17112,0,17096,0,0,0,101,100,100,2.7302343157793998e+23,66.7,2.730234495923385e+23,67.0,0.0,67.0,1,49,50,180,52429,52429,0,0,0.0,0.0,0.0,60.0,2.0705782528119904e+29,71.0,0.0,-0.0,0.0,1069,0,1069,0,0,0,1069,0,1079,0,1000,0,670,0,672,0,667,0,678,0.032,1.726615245299214e+22,-0.0,-0.0,2960,16814,2.0705782528119904e+29,-0.0,-0.0,0.0,60622436.0,6.522828078364941e+35,50.0,60.0,35,0.0,0.0,10.0,2.0,0.0,0.0,0.0,0.0,0.0,0.0,0.0,0.0,0.0,0.0,0.0,0.0,58.8,54,12,65509,27,65476,0,300,0,0,8,20529,65476,0,0,30147,60.0,0.0,10.0,10.0,2.0,0.0
2026-02-16T12:58:30,ERR,ERR,ERR,ERR,ERR,ERR,ERR,ERR,ERR,ERR,ERR,ERR,ERR,ERR,ERR,ERR,ERR,ERR,ERR,ERR,ERR,ERR,ERR,ERR,ERR,ERR,ERR,ERR,ERR,ERR,ERR,ERR,ERR,ERR,ERR,ERR,ERR,ERR,ERR,ERR,ERR,ERR,ERR,ERR,ERR,ERR,ERR,ERR,ERR,ERR,ERR,ERR,ERR,ERR,ERR,ERR,ERR,ERR,ERR,ERR,ERR,ERR,ERR,ERR,ERR,ERR,ERR,ERR,ERR,ERR,ERR,ERR,ERR,ERR,ERR,ERR,ERR,ERR,ERR,ERR,ERR,ERR,ERR,ERR,ERR,ERR,ERR,ERR,ERR,ERR,ERR,ERR,ERR,ERR,ERR,ERR,ERR,ERR,ERR,ERR,ERR,ERR,ERR,ERR,ERR,ERR,ERR,ERR,ERR,ERR,ERR,ERR,ERR,ERR,ERR,ERR,ERR,ERR,ERR,ERR,ERR,ERR,ERR,ERR,ERR,-107615880.0,-0.0,0.0,0.0,140341403451392.0,-0.0,-1.2943210973472437e+36,0.0,4300,0,8,17170,4300,0.0,41,0.0,0.0,0.0,0.0,-0.0,0,0,0,0,0.0,0,0,0,0,0,0,0,0,0,0,0,0,0,0,0,0,0,0,0,0,0,0,0,0,0,0,0,0,0,0,0,0,0,10,36,36,46,65476,376,65476,1,0,4,21553,0.0,0.0,0.0,0.0,0.0,0.0,0.0,0.0,0.0,0.0,0.0,0.0,0.0,0.0,0.0,0.0,0.0,0.0,0.0,0.0,0.0,2.004,2.004,-3.6970818999223845e+19,0.0,3.69707618246192e+19,0.0,0.0,0.0,0.0,6589.0,0.0,0.0,-107615880.0,-0.0,-0.0,-2.7184507374263774e+23,0.0,0.0,2.004,2.004,228,-0.0,0.059,0.0,0.0,0.0,0.0,0.0,0.0,0.0,0,0,0,-2.6454610333735726e+22,5.265556169355674e+34,5251739980660736.0,-0.0,1.2392444702447445e+30,-0.0,0.0,-68256026624.0,-0.0,-8.591734176636787e+37,-96247029760.0,3.099621178512194e+23,0.0,62.069,0.0,-0.0,0,1.3516416376850534e+27,228,0.0,456,0.0,-20512.525,2112,52429,17109,0,17112,0,17096,0,0,0,101,100,100,2.7302343157793998e+23,66.7,2.730234495923385e+23,67.0,0.0,67.0,1,49,50,180,52429,52429,0,0,0.0,0.0,0.0,60.0,2.0705782528119904e+29,71.0,0.0,-0.0,0.0,1069,0,1069,0,0,0,1069,0,1079,0,1000,0,670,0,672,0,667,0,678,0.032,1.726615245299214e+22,-0.0,-0.0,2960,16814,2.0705782528119904e+29,-0.0,-0.0,0.0,60622436.0,6.522828078364941e+35,50.0,60.0,35,0.0,0.0,10.0,2.0,0.0,0.0,0.0,0.0,0.0,0.0,0.0,0.0,0.0,0.0,0.0,0.0,58.8,54,12,65509,27,65476,0,300,0,0,8,20529,65476,0,0,30147,60.0,0.0,10.0,10.0,2.0,0.0
2026-02-16T12:58:31,ERR,ERR,ERR,ERR,ERR,ERR,ERR,ERR,ERR,ERR,ERR,ERR,ERR,ERR,ERR,ERR,ERR,ERR,ERR,ERR,ERR,ERR,ERR,ERR,ERR,ERR,ERR,ERR,ERR,ERR,ERR,ERR,ERR,ERR,ERR,ERR,ERR,ERR,ERR,ERR,ERR,ERR,ERR,ERR,ERR,ERR,ERR,ERR,ERR,ERR,ERR,ERR,ERR,ERR,ERR,ERR,ERR,ERR,ERR,ERR,ERR,ERR,ERR,ERR,ERR,ERR,ERR,ERR,ERR,ERR,ERR,ERR,ERR,ERR,ERR,ERR,ERR,ERR,ERR,ERR,ERR,ERR,ERR,ERR,ERR,ERR,ERR,ERR,ERR,ERR,ERR,ERR,ERR,ERR,ERR,ERR,ERR,ERR,ERR,ERR,ERR,ERR,ERR,ERR,ERR,ERR,ERR,ERR,ERR,ERR,ERR,ERR,ERR,ERR,ERR,ERR,ERR,ERR,ERR,ERR,ERR,ERR,ERR,ERR,ERR,-107615880.0,-0.0,0.0,0.0,140341403451392.0,-0.0,-1.2943210973472437e+36,0.0,4300,0,8,17170,4300,0.0,41,0.0,0.0,0.0,0.0,-0.0,0,0,0,0,0.0,0,0,0,0,0,0,0,0,0,0,0,0,0,0,0,0,0,0,0,0,0,0,0,0,0,0,0,0,0,0,0,0,0,10,36,36,46,65476,376,65476,1,0,4,21553,0.0,0.0,0.0,0.0,0.0,0.0,0.0,0.0,0.0,0.0,0.0,0.0,0.0,0.0,0.0,0.0,0.0,0.0,0.0,0.0,0.0,2.004,2.004,-3.6970818999223845e+19,0.0,3.69707618246192e+19,0.0,0.0,0.0,0.0,6589.0,0.0,0.0,-107615880.0,-0.0,-0.0,-2.7184507374263774e+23,0.0,0.0,2.004,2.004,228,-0.0,0.059,0.0,0.0,0.0,0.0,0.0,0.0,0.0,0,0,0,-2.6454610333735726e+22,5.265556169355674e+34,5251739980660736.0,-0.0,1.2392444702447445e+30,-0.0,0.0,-68256026624.0,-0.0,-8.591734176636787e+37,-96247029760.0,3.099621178512194e+23,0.0,62.069,0.0,-0.0,0,1.3516416376850534e+27,228,0.0,456,0.0,-20512.525,2112,52429,17109,0,17112,0,17096,0,0,0,101,100,100,2.7302343157793998e+23,66.7,2.730234495923385e+23,67.0,0.0,67.0,1,49,50,180,52429,52429,0,0,0.0,0.0,0.0,60.0,2.0705782528119904e+29,71.0,0.0,-0.0,0.0,1069,0,1069,0,0,0,1069,0,1079,0,1000,0,670,0,672,0,667,0,678,0.032,1.726615245299214e+22,-0.0,-0.0,2960,16814,2.0705782528119904e+29,-0.0,-0.0,0.0,60622436.0,6.522828078364941e+35,50.0,60.0,35,0.0,0.0,10.0,2.0,0.0,0.0,0.0,0.0,0.0,0.0,0.0,0.0,0.0,0.0,0.0,0.0,58.8,54,12,65509,27,65476,0,300,0,0,8,20529,65476,0,0,30147,60.0,0.0,10.0,10.0,2.0,0.0
2026-02-16T12:58:32,ERR,ERR,ERR,ERR,ERR,ERR,ERR,ERR,ERR,ERR,ERR,ERR,ERR,ERR,ERR,ERR,ERR,ERR,ERR,ERR,ERR,ERR,ERR,ERR,ERR,ERR,ERR,ERR,ERR,ERR,ERR,ERR,ERR,ERR,ERR,ERR,ERR,ERR,ERR,ERR,ERR,ERR,ERR,ERR,ERR,ERR,ERR,ERR,ERR,ERR,ERR,ERR,ERR,ERR,ERR,ERR,ERR,ERR,ERR,ERR,ERR,ERR,ERR,ERR,ERR,ERR,ERR,ERR,ERR,ERR,ERR,ERR,ERR,ERR,ERR,ERR,ERR,ERR,ERR,ERR,ERR,ERR,ERR,ERR,ERR,ERR,ERR,ERR,ERR,ERR,ERR,ERR,ERR,ERR,ERR,ERR,ERR,ERR,ERR,ERR,ERR,ERR,ERR,ERR,ERR,ERR,ERR,ERR,ERR,ERR,ERR,ERR,ERR,ERR,ERR,ERR,ERR,ERR,ERR,ERR,ERR,ERR,ERR,ERR,ERR,-107615880.0,-0.0,0.0,0.0,140341403451392.0,-0.0,-1.2943210973472437e+36,0.0,4300,0,8,17170,4300,0.0,41,0.0,0.0,0.0,0.0,-0.0,0,0,0,0,0.0,0,0,0,0,0,0,0,0,0,0,0,0,0,0,0,0,0,0,0,0,0,0,0,0,0,0,0,0,0,0,0,0,0,10,36,36,46,65476,376,65476,1,0,4,21553,0.0,0.0,0.0,0.0,0.0,0.0,0.0,0.0,0.0,0.0,0.0,0.0,0.0,0.0,0.0,0.0,0.0,0.0,0.0,0.0,0.0,2.004,2.004,-3.6970818999223845e+19,0.0,3.69707618246192e+19,0.0,0.0,0.0,0.0,6589.0,0.0,0.0,-107615880.0,-0.0,-0.0,-2.7184507374263774e+23,0.0,0.0,2.004,2.004,228,-0.0,0.059,0.0,0.0,0.0,0.0,0.0,0.0,0.0,0,0,0,-2.6454610333735726e+22,5.265556169355674e+34,5251739980660736.0,-0.0,1.2392444702447445e+30,-0.0,0.0,-68256026624.0,-0.0,-8.591734176636787e+37,-96247029760.0,3.099621178512194e+23,0.0,62.069,0.0,-0.0,0,1.3516416376850534e+27,228,0.0,456,0.0,-20512.525,2112,52429,17109,0,17112,0,17096,0,0,0,101,100,100,2.7302343157793998e+23,66.7,2.730234495923385e+23,67.0,0.0,67.0,1,49,50,180,52429,52429,0,0,0.0,0.0,0.0,60.0,5.557801480477475e+18,71.0,0.0,-0.0,0.0,1069,0,1069,0,0,0,1069,0,1079,0,1000,0,670,0,672,0,667,0,678,0.032,1.4609821306377965e+22,-0.0,-0.0,19856,16814,5.557801480477475e+18,-0.0,-0.0,1.364244377678348e+30,0.0,2.3068779003792667e+24,50.0,60.0,35,0.0,0.0,10.0,2.0,0.0,0.0,0.0,0.0,0.0,0.0,0.0,0.0,0.0,0.0,0.0,0.0,58.8,54,12,65509,27,65476,0,300,0,0,8,20529,65476,0,0,30147,60.0,0.0,10.0,10.0,2.0,0.0
2026-02-16T12:58:33,ERR,ERR,ERR,ERR,ERR,ERR,ERR,ERR,ERR,ERR,ERR,ERR,ERR,ERR,ERR,ERR,ERR,ERR,ERR,ERR,ERR,ERR,ERR,ERR,ERR,ERR,ERR,ERR,ERR,ERR,ERR,ERR,ERR,ERR,ERR,ERR,ERR,ERR,ERR,ERR,ERR,ERR,ERR,ERR,ERR,ERR,ERR,ERR,ERR,ERR,ERR,ERR,ERR,ERR,ERR,ERR,ERR,ERR,ERR,ERR,ERR,ERR,ERR,ERR,ERR,ERR,ERR,ERR,ERR,ERR,ERR,ERR,ERR,ERR,ERR,ERR,ERR,ERR,ERR,ERR,ERR,ERR,ERR,ERR,ERR,ERR,ERR,ERR,ERR,ERR,ERR,ERR,ERR,ERR,ERR,ERR,ERR,ERR,ERR,ERR,ERR,ERR,ERR,ERR,ERR,ERR,ERR,ERR,ERR,ERR,ERR,ERR,ERR,ERR,ERR,ERR,ERR,ERR,ERR,ERR,ERR,ERR,ERR,ERR,ERR,-107615880.0,-0.0,0.0,0.0,140341403451392.0,-0.0,-1.2943210973472437e+36,0.0,4300,0,8,17170,4300,0.0,41,0.0,0.0,0.0,0.0,-0.0,0,0,0,0,0.0,0,0,0,0,0,0,0,0,0,0,0,0,0,0,0,0,0,0,0,0,0,0,0,0,0,0,0,0,0,0,0,0,0,10,36,36,46,65476,376,65476,1,0,4,21553,0.0,0.0,0.0,0.0,0.0,0.0,0.0,0.0,0.0,0.0,0.0,0.0,0.0,0.0,0.0,0.0,0.0,0.0,0.0,0.0,0.0,2.004,2.004,-3.6970818999223845e+19,0.0,3.69707618246192e+19,0.0,0.0,0.0,0.0,6589.0,0.0,0.0,-107615880.0,-0.0,-0.0,-2.7184507374263774e+23,0.0,0.0,2.004,2.004,228,-0.0,0.059,0.0,0.0,0.0,0.0,0.0,0.0,0.0,0,0,0,-2.6454610333735726e+22,5.265556169355674e+34,5251739980660736.0,-0.0,1.2392444702447445e+30,-0.0,0.0,-68256026624.0,-0.0,-8.591734176636787e+37,-96247029760.0,3.099621178512194e+23,0.0,62.069,0.0,-0.0,0,1.3516416376850534e+27,228,0.0,456,0.0,-20512.525,2112,52429,17109,0,17112,0,17096,0,0,0,101,100,100,2.7302343157793998e+23,66.7,2.730234495923385e+23,67.0,0.0,67.0,1,49,50,180,52429,52429,0,0,0.0,0.0,0.0,60.0,5.557801480477475e+18,71.0,0.0,-0.0,0.0,1069,0,1069,0,0,0,1069,0,1079,0,1000,0,670,0,672,0,667,0,678,0.032,1.4609821306377965e+22,-0.0,-0.0,19856,16814,5.557801480477475e+18,-0.0,-0.0,1.364244377678348e+30,0.0,2.3068779003792667e+24,50.0,60.0,35,0.0,0.0,10.0,2.0,0.0,0.0,0.0,0.0,0.0,0.0,0.0,0.0,0.0,0.0,0.0,0.0,58.8,54,12,65509,27,65476,0,300,0,0,8,20529,65476,0,0,30147,60.0,0.0,10.0,10.0,2.0,0.0
2026-02-16T12:58:34,ERR,ERR,ERR,ERR,ERR,ERR,ERR,ERR,ERR,ERR,ERR,ERR,ERR,ERR,ERR,ERR,ERR,ERR,ERR,ERR,ERR,ERR,ERR,ERR,ERR,ERR,ERR,ERR,ERR,ERR,ERR,ERR,ERR,ERR,ERR,ERR,ERR,ERR,ERR,ERR,ERR,ERR,ERR,ERR,ERR,ERR,ERR,ERR,ERR,ERR,ERR,ERR,ERR,ERR,ERR,ERR,ERR,ERR,ERR,ERR,ERR,ERR,ERR,ERR,ERR,ERR,ERR,ERR,ERR,ERR,ERR,ERR,ERR,ERR,ERR,ERR,ERR,ERR,ERR,ERR,ERR,ERR,ERR,ERR,ERR,ERR,ERR,ERR,ERR,ERR,ERR,ERR,ERR,ERR,ERR,ERR,ERR,ERR,ERR,ERR,ERR,ERR,ERR,ERR,ERR,ERR,ERR,ERR,ERR,ERR,ERR,ERR,ERR,ERR,ERR,ERR,ERR,ERR,ERR,ERR,ERR,ERR,ERR,ERR,ERR,-107615880.0,-0.0,0.0,0.0,140341403451392.0,376591959982080.0,9.234316668550214e+34,4.5744201875348343e+36,4300,0,8,17170,4300,0.0,41,0.0,0.0,0.0,0.0,-0.0,0,0,0,0,0.0,0,0,0,0,0,0,0,0,0,0,0,0,0,0,0,0,0,0,0,0,0,0,0,0,0,0,0,0,0,0,0,0,0,10,36,36,46,65476,376,65476,1,0,4,21553,0.0,2.7183305813883192e+23,0.0,0.0,0.0,0.0,0.0,0.0,0.0,0.0,0.0,0.0,0.0,0.0,0.0,0.0,0.0,0.0,0.0,0.0,0.0,2.004,0.0,-2.004,0.0,2.004,0.0,0.0,0.0,0.0,6562.0,0.0,0.0,0.0,-0.0,-0.0,-107616264.0,0.0,0.0,2.004,2.004,227,-71.629,152018270289920.0,0.0,0.0,0.0,0.0,0.0,0.0,0.0,0,0,0,-1.4714933879121537e+20,1.676538400175206e+38,1.7528977319958413e+19,-0.0,3.3685736262429684e+22,-0.0,0.0,-0.0,5.522978574050089e+31,-9.389270974107736e+37,-101615738880.0,3.335739502655676e+23,0.0,65.637,0.0,-0.0,0,1.3516416376850534e+27,227,0.0,454,0.0,-20512.525,2112,52429,17109,0,17112,0,17096,0,0,0,101,100,100,2.7302343157793998e+23,66.7,2.730234495923385e+23,67.0,0.0,67.0,1,49,50,180,52429,52429,0,0,0.0,0.0,0.0,60.0,5.557801480477475e+18,71.0,0.0,-0.0,0.0,1069,0,1069,0,0,0,1069,0,1079,0,1000,0,670,0,672,0,667,0,678,0.032,1.4609821306377965e+22,-0.0,-0.0,19856,16814,5.557801480477475e+18,-0.0,-0.0,1.364244377678348e+30,0.0,2.3068779003792667e+24,50.0,60.0,35,0.0,0.0,10.0,2.0,0.0,0.0,0.0,0.0,0.0,0.0,0.0,0.0,0.0,0.0,0.0,0.0,58.8,54,12,65509,27,65476,0,300,0,0,8,20529,65476,0,0,30147,60.0,0.0,10.0,10.0,2.0,0.0
2026-02-16T12:58:35,ERR,ERR,ERR,ERR,ERR,ERR,ERR,ERR,ERR,ERR,ERR,ERR,ERR,ERR,ERR,ERR,ERR,ERR,ERR,ERR,ERR,ERR,ERR,ERR,ERR,ERR,ERR,ERR,ERR,ERR,ERR,ERR,ERR,ERR,ERR,ERR,ERR,ERR,ERR,ERR,ERR,ERR,ERR,ERR,ERR,ERR,ERR,ERR,ERR,ERR,ERR,ERR,ERR,ERR,ERR,ERR,ERR,ERR,ERR,ERR,ERR,ERR,ERR,ERR,ERR,ERR,ERR,ERR,ERR,ERR,ERR,ERR,ERR,ERR,ERR,ERR,ERR,ERR,ERR,ERR,ERR,ERR,ERR,ERR,ERR,ERR,ERR,ERR,ERR,ERR,ERR,ERR,ERR,ERR,ERR,ERR,ERR,ERR,ERR,ERR,ERR,ERR,ERR,ERR,ERR,ERR,ERR,ERR,ERR,ERR,ERR,ERR,ERR,ERR,ERR,ERR,ERR,ERR,ERR,ERR,ERR,ERR,ERR,ERR,ERR,-107615880.0,-0.0,0.0,0.0,140341403451392.0,376591959982080.0,9.234316668550214e+34,4.5744201875348343e+36,4300,0,8,17170,4300,0.0,41,0.0,0.0,0.0,0.0,-0.0,0,0,0,0,0.0,0,0,0,0,0,0,0,0,0,0,0,0,0,0,0,0,0,0,0,0,0,0,0,0,0,0,0,0,0,0,0,0,0,10,36,36,46,65476,376,65476,1,0,4,21553,0.0,2.7183305813883192e+23,0.0,0.0,0.0,0.0,0.0,0.0,0.0,0.0,0.0,0.0,0.0,0.0,0.0,0.0,0.0,0.0,0.0,0.0,0.0,2.004,0.0,-2.004,0.0,2.004,0.0,0.0,0.0,0.0,6562.0,0.0,0.0,0.0,-0.0,-0.0,-107616264.0,0.0,0.0,2.004,2.004,227,-71.629,152018270289920.0,0.0,0.0,0.0,0.0,0.0,0.0,0.0,0,0,0,-1.4714933879121537e+20,1.676538400175206e+38,1.7528977319958413e+19,-0.0,3.3685736262429684e+22,-0.0,0.0,-0.0,5.522978574050089e+31,-9.389270974107736e+37,-101615738880.0,3.335739502655676e+23,0.0,65.637,0.0,-0.0,0,1.3516416376850534e+27,227,0.0,454,0.0,-20512.525,2112,52429,17109,0,17112,0,17096,0,0,0,101,100,100,2.7302343157793998e+23,66.7,2.730234495923385e+23,67.0,0.0,67.0,1,49,50,180,52429,52429,0,0,0.0,0.0,0.0,60.0,3.013087920862003e+18,71.0,0.0,0.0,0.0,1069,0,1069,0,0,0,1069,0,1080,0,1000,0,670,0,672,0,667,0,678,0.032,1.4536034330083127e+22,-0.0,-0.0,16784,16814,1.0250911832499814e+19,-0.0,-9519143.0,-0.0,28.032,-0.0,50.0,60.0,35,0.0,0.0,10.0,2.0,0.0,0.0,0.0,0.0,0.0,0.0,0.0,0.0,0.0,0.0,0.0,0.0,58.8,53,12,65509,27,65476,0,300,0,0,8,20529,65476,0,0,30147,60.0,0.0,10.0,10.0,2.0,0.0
2026-02-16T12:58:36,ERR,ERR,ERR,ERR,ERR,ERR,ERR,ERR,ERR,ERR,ERR,ERR,ERR,ERR,ERR,ERR,ERR,ERR,ERR,ERR,ERR,ERR,ERR,ERR,ERR,ERR,ERR,ERR,ERR,ERR,ERR,ERR,ERR,ERR,ERR,ERR,ERR,ERR,ERR,ERR,ERR,ERR,ERR,ERR,ERR,ERR,ERR,ERR,ERR,ERR,ERR,ERR,ERR,ERR,ERR,ERR,ERR,ERR,ERR,ERR,ERR,ERR,ERR,ERR,ERR,ERR,ERR,ERR,ERR,ERR,ERR,ERR,ERR,ERR,ERR,ERR,ERR,ERR,ERR,ERR,ERR,ERR,ERR,ERR,ERR,ERR,ERR,ERR,ERR,ERR,ERR,ERR,ERR,ERR,ERR,ERR,ERR,ERR,ERR,ERR,ERR,ERR,ERR,ERR,ERR,ERR,ERR,ERR,ERR,ERR,ERR,ERR,ERR,ERR,ERR,ERR,ERR,ERR,ERR,ERR,ERR,ERR,ERR,ERR,ERR,-107615880.0,-0.0,0.0,0.0,140341403451392.0,376591959982080.0,9.234316668550214e+34,4.5744201875348343e+36,4300,0,8,17170,4300,0.0,41,0.0,0.0,0.0,0.0,-0.0,0,0,0,0,0.0,0,0,0,0,0,0,0,0,0,0,0,0,0,0,0,0,0,0,0,0,0,0,0,0,0,0,0,0,0,0,0,0,0,10,36,36,46,65476,376,65476,1,0,4,21553,0.0,2.7183305813883192e+23,0.0,0.0,0.0,0.0,0.0,0.0,0.0,0.0,0.0,0.0,0.0,0.0,0.0,0.0,0.0,0.0,0.0,0.0,0.0,2.004,0.0,-2.004,0.0,2.004,0.0,0.0,0.0,0.0,6562.0,0.0,0.0,0.0,-0.0,-0.0,-107616264.0,0.0,0.0,2.004,2.004,227,-71.629,152018270289920.0,0.0,0.0,0.0,0.0,0.0,0.0,0.0,0,0,0,-1.4714933879121537e+20,1.676538400175206e+38,1.7528977319958413e+19,-0.0,3.3685736262429684e+22,-0.0,0.0,-0.0,5.522978574050089e+31,-9.389270974107736e+37,-101615738880.0,3.335739502655676e+23,0.0,65.637,0.0,-0.0,0,1.3516416376850534e+27,227,0.0,454,0.0,-20512.525,2112,52429,17109,0,17112,0,17096,0,0,0,101,100,100,2.7302343157793998e+23,66.7,2.730234495923385e+23,67.0,0.0,67.0,1,49,50,180,52429,52429,0,0,0.0,0.0,0.0,60.0,3.013087920862003e+18,71.0,0.0,0.0,0.0,1069,0,1069,0,0,0,1069,0,1080,0,1000,0,670,0,672,0,667,0,678,0.032,1.4536034330083127e+22,-0.0,-0.0,16784,16814,1.0250911832499814e+19,-0.0,-9519143.0,-0.0,28.032,-0.0,50.0,60.0,35,0.0,0.0,10.0,2.0,0.0,0.0,0.0,0.0,0.0,0.0,0.0,0.0,0.0,0.0,0.0,0.0,59.2,53,12,65509,27,65476,0,300,0,0,8,20529,65476,0,0,30147,60.0,0.0,10.0,10.0,2.0,0.0
2026-02-16T12:58:37,ERR,ERR,ERR,ERR,ERR,ERR,ERR,ERR,ERR,ERR,ERR,ERR,ERR,ERR,ERR,ERR,ERR,ERR,ERR,ERR,ERR,ERR,ERR,ERR,ERR,ERR,ERR,ERR,ERR,ERR,ERR,ERR,ERR,ERR,ERR,ERR,ERR,ERR,ERR,ERR,ERR,ERR,ERR,ERR,ERR,ERR,ERR,ERR,ERR,ERR,ERR,ERR,ERR,ERR,ERR,ERR,ERR,ERR,ERR,ERR,ERR,ERR,ERR,ERR,ERR,ERR,ERR,ERR,ERR,ERR,ERR,ERR,ERR,ERR,ERR,ERR,ERR,ERR,ERR,ERR,ERR,ERR,ERR,ERR,ERR,ERR,ERR,ERR,ERR,ERR,ERR,ERR,ERR,ERR,ERR,ERR,ERR,ERR,ERR,ERR,ERR,ERR,ERR,ERR,ERR,ERR,ERR,ERR,ERR,ERR,ERR,ERR,ERR,ERR,ERR,ERR,ERR,ERR,ERR,ERR,ERR,ERR,ERR,ERR,ERR,-107615880.0,-0.0,0.0,0.0,140341403451392.0,376591959982080.0,9.234316668550214e+34,4.5744201875348343e+36,4300,0,8,17170,4300,0.0,41,0.0,0.0,0.0,0.0,-0.0,0,0,0,0,0.0,0,0,0,0,0,0,0,0,0,0,0,0,0,0,0,0,0,0,0,0,0,0,0,0,0,0,0,0,0,0,0,0,0,10,36,36,46,65476,376,65476,1,0,4,21553,0.0,2.7183305813883192e+23,0.0,0.0,0.0,0.0,0.0,0.0,0.0,0.0,0.0,0.0,0.0,0.0,0.0,0.0,0.0,0.0,0.0,0.0,0.0,2.004,0.0,-2.004,0.0,2.004,0.0,0.0,0.0,0.0,6562.0,0.0,0.0,0.0,-0.0,-0.0,-107616264.0,0.0,0.0,2.004,2.004,227,-71.629,152018270289920.0,0.0,0.0,0.0,0.0,0.0,0.0,0.0,0,0,0,-1.4714933879121537e+20,1.676538400175206e+38,1.7528977319958413e+19,-0.0,3.3685736262429684e+22,-0.0,0.0,-0.0,5.522978574050089e+31,-9.389270974107736e+37,-101615738880.0,3.335739502655676e+23,0.0,65.637,0.0,-0.0,0,1.3516416376850534e+27,227,0.0,454,0.0,-20512.525,2112,52429,17109,0,17112,0,17096,0,0,0,101,100,100,2.7302343157793998e+23,66.7,2.730234495923385e+23,67.0,0.0,67.0,1,49,50,180,52429,52429,0,0,0.0,0.0,0.0,60.0,3.013087920862003e+18,71.0,0.0,0.0,0.0,1069,0,1069,0,0,0,1069,0,1080,0,1000,0,670,0,672,0,667,0,678,0.032,1.4536034330083127e+22,-0.0,-0.0,16784,16814,1.0250911832499814e+19,-0.0,-9519143.0,-0.0,28.032,-0.0,50.0,60.0,35,0.0,0.0,10.0,2.0,0.0,0.0,0.0,0.0,0.0,0.0,0.0,0.0,0.0,0.0,0.0,0.0,59.2,53,12,65509,27,65476,0,300,0,0,8,20529,65476,0,0,30147,60.0,0.0,10.0,10.0,2.0,0.0
2026-02-16T12:58:38,ERR,ERR,ERR,ERR,ERR,ERR,ERR,ERR,ERR,ERR,ERR,ERR,ERR,ERR,ERR,ERR,ERR,ERR,ERR,ERR,ERR,ERR,ERR,ERR,ERR,ERR,ERR,ERR,ERR,ERR,ERR,ERR,ERR,ERR,ERR,ERR,ERR,ERR,ERR,ERR,ERR,ERR,ERR,ERR,ERR,ERR,ERR,ERR,ERR,ERR,ERR,ERR,ERR,ERR,ERR,ERR,ERR,ERR,ERR,ERR,ERR,ERR,ERR,ERR,ERR,ERR,ERR,ERR,ERR,ERR,ERR,ERR,ERR,ERR,ERR,ERR,ERR,ERR,ERR,ERR,ERR,ERR,ERR,ERR,ERR,ERR,ERR,ERR,ERR,ERR,ERR,ERR,ERR,ERR,ERR,ERR,ERR,ERR,ERR,ERR,ERR,ERR,ERR,ERR,ERR,ERR,ERR,ERR,ERR,ERR,ERR,ERR,ERR,ERR,ERR,ERR,ERR,ERR,ERR,ERR,ERR,ERR,ERR,ERR,ERR,0.0,-0.0,2.7420187948523476e+23,0.0,-0.0,-0.0,0.0,1814626304000.0,4300,0,8,17170,4300,0.0,41,0.0,0.0,0.0,0.0,-0.0,0,0,0,0,0.0,0,0,0,0,0,0,0,0,0,0,0,0,0,0,0,0,0,0,0,0,0,0,0,0,0,0,0,0,0,0,0,0,0,10,36,36,46,65476,376,65476,1,0,4,21553,0.0,-0.0,0.0,0.0,0.0,0.0,0.0,0.0,0.0,0.0,0.0,0.0,0.0,0.0,0.0,0.0,0.0,0.0,0.0,0.0,0.0,2.004,0.0,-2.004,0.0,2.004,0.0,0.0,0.0,0.0,6590.0,564149121712128.0,0.0,-107615880.0,-0.0,-0.0,-107616264.0,0.0,0.0,2.004,2.004,227,-0.0,2.7184280392842555e+23,0.0,0.0,0.0,0.0,0.0,0.0,0.0,0,0,0,-4.1138662443951456e+32,-3.3464218944354756e+28,2.155072604810925e+26,1.3530307755121317e+24,-0.0,3.0877774158833385e+19,0.0,-0.0,3.1599293797912077e+32,-1.0186807771578686e+38,-108595060736.0,3.642693324042203e+23,0.0,71.137,0.0,-0.001,0,1.3516416376850534e+27,227,0.0,454,2.40156025918058e+36,-1.5870805360731793e+30,2112,52429,17109,0,17112,0,17096,0,0,0,101,100,100,2.7302343157793998e+23,66.7,2.730234495923385e+23,67.0,0.0,67.0,1,49,50,180,52429,52429,0,0,0.0,0.0,0.0,60.0,1.0855081016557568e+16,71.0,0.0,0.0,0.0,1069,0,1069,0,0,0,1069,0,1080,0,1000,0,670,0,672,0,667,0,677,0.032,1.4609821306377965e+22,2.004,2.73023467606737e+23,25744,16814,3.412794921344082e+22,0.0,0.0,8.04975849161738e+32,-0.137,0.0,50.0,60.0,35,0.0,0.0,10.0,2.0,0.0,0.0,0.0,0.0,0.0,0.0,0.0,0.0,0.0,0.0,0.0,0.0,58.8,53,12,65509,27,65476,0,300,0,0,8,20529,65476,0,0,30147,60.0,0.0,10.0,10.0,2.0,0.0
2026-02-16T12:58:39,ERR,ERR,ERR,ERR,ERR,ERR,ERR,ERR,ERR,ERR,ERR,ERR,ERR,ERR,ERR,ERR,ERR,ERR,ERR,ERR,ERR,ERR,ERR,ERR,ERR,ERR,ERR,ERR,ERR,ERR,ERR,ERR,ERR,ERR,ERR,ERR,ERR,ERR,ERR,ERR,ERR,ERR,ERR,ERR,ERR,ERR,ERR,ERR,ERR,ERR,ERR,ERR,ERR,ERR,ERR,ERR,ERR,ERR,ERR,ERR,ERR,ERR,ERR,ERR,ERR,ERR,ERR,ERR,ERR,ERR,ERR,ERR,ERR,ERR,ERR,ERR,ERR,ERR,ERR,ERR,ERR,ERR,ERR,ERR,ERR,ERR,ERR,ERR,ERR,ERR,ERR,ERR,ERR,ERR,ERR,ERR,ERR,ERR,ERR,ERR,ERR,ERR,ERR,ERR,ERR,ERR,ERR,ERR,ERR,ERR,ERR,ERR,ERR,ERR,ERR,ERR,ERR,ERR,ERR,ERR,ERR,ERR,ERR,ERR,ERR,0.0,-0.0,2.7420187948523476e+23,0.0,-0.0,-0.0,0.0,1814626304000.0,4300,0,8,17170,4300,0.0,41,0.0,0.0,0.0,0.0,-0.0,0,0,0,0,0.0,0,0,0,0,0,0,0,0,0,0,0,0,0,0,0,0,0,0,0,0,0,0,0,0,0,0,0,0,0,0,0,0,0,10,36,36,46,65476,376,65476,1,0,4,21553,0.0,-0.0,0.0,0.0,0.0,0.0,0.0,0.0,0.0,0.0,0.0,0.0,0.0,0.0,0.0,0.0,0.0,0.0,0.0,0.0,0.0,2.004,0.0,-2.004,0.0,2.004,0.0,0.0,0.0,0.0,6590.0,564149121712128.0,0.0,-107615880.0,-0.0,-0.0,-107616264.0,0.0,0.0,2.004,2.004,227,-0.0,2.7184280392842555e+23,0.0,0.0,0.0,0.0,0.0,0.0,0.0,0,0,0,-4.1138662443951456e+32,-3.3464218944354756e+28,2.155072604810925e+26,1.3530307755121317e+24,-0.0,3.0877774158833385e+19,0.0,-0.0,3.1599293797912077e+32,-1.0186807771578686e+38,-108595060736.0,3.642693324042203e+23,0.0,71.137,0.0,-0.001,0,1.3516416376850534e+27,227,0.0,454,2.40156025918058e+36,-1.5870805360731793e+30,2112,52429,17109,0,17112,0,17096,0,0,0,101,100,100,2.7302343157793998e+23,66.7,2.730234495923385e+23,67.0,0.0,67.0,1,49,50,180,52429,52429,0,0,0.0,0.0,0.0,60.0,1.0855081016557568e+16,71.0,0.0,0.0,0.0,1069,0,1069,0,0,0,1069,0,1080,0,1000,0,670,0,672,0,667,0,677,0.032,1.4609821306377965e+22,2.004,2.73023467606737e+23,25744,16814,3.412794921344082e+22,0.0,0.0,8.04975849161738e+32,-0.137,0.0,50.0,60.0,35,0.0,0.0,10.0,2.0,0.0,0.0,0.0,0.0,0.0,0.0,0.0,0.0,0.0,0.0,0.0,0.0,58.8,53,12,65509,27,65476,0,300,0,0,8,20529,65476,0,0,30147,60.0,0.0,10.0,10.0,2.0,0.0
2026-02-16T12:58:40,ERR,ERR,ERR,ERR,ERR,ERR,ERR,ERR,ERR,ERR,ERR,ERR,ERR,ERR,ERR,ERR,ERR,ERR,ERR,ERR,ERR,ERR,ERR,ERR,ERR,ERR,ERR,ERR,ERR,ERR,ERR,ERR,ERR,ERR,ERR,ERR,ERR,ERR,ERR,ERR,ERR,ERR,ERR,ERR,ERR,ERR,ERR,ERR,ERR,ERR,ERR,ERR,ERR,ERR,ERR,ERR,ERR,ERR,ERR,ERR,ERR,ERR,ERR,ERR,ERR,ERR,ERR,ERR,ERR,ERR,ERR,ERR,ERR,ERR,ERR,ERR,ERR,ERR,ERR,ERR,ERR,ERR,ERR,ERR,ERR,ERR,ERR,ERR,ERR,ERR,ERR,ERR,ERR,ERR,ERR,ERR,ERR,ERR,ERR,ERR,ERR,ERR,ERR,ERR,ERR,ERR,ERR,ERR,ERR,ERR,ERR,ERR,ERR,ERR,ERR,ERR,ERR,ERR,ERR,ERR,ERR,ERR,ERR,ERR,ERR,0.0,-0.0,2.7420187948523476e+23,0.0,-0.0,-0.0,0.0,1814626304000.0,4300,0,8,17170,4300,0.0,41,0.0,0.0,0.0,0.0,-0.0,0,0,0,0,0.0,0,0,0,0,0,0,0,0,0,0,0,0,0,0,0,0,0,0,0,0,0,0,0,0,0,0,0,0,0,0,0,0,0,10,36,36,46,65476,376,65476,1,0,4,21553,0.0,-0.0,0.0,0.0,0.0,0.0,0.0,0.0,0.0,0.0,0.0,0.0,0.0,0.0,0.0,0.0,0.0,0.0,0.0,0.0,0.0,2.004,0.0,-2.004,0.0,2.004,0.0,0.0,0.0,0.0,6590.0,564149121712128.0,0.0,-107615880.0,-0.0,-0.0,-107616264.0,0.0,0.0,2.004,2.004,227,-0.0,2.7184280392842555e+23,0.0,0.0,0.0,0.0,0.0,0.0,0.0,0,0,0,-4.1138662443951456e+32,-3.3464218944354756e+28,2.155072604810925e+26,1.3530307755121317e+24,-0.0,3.0877774158833385e+19,0.0,-0.0,3.1599293797912077e+32,-1.0186807771578686e+38,-108595060736.0,3.642693324042203e+23,0.0,71.137,0.0,-0.001,0,1.3516416376850534e+27,227,0.0,454,2.40156025918058e+36,-1.5870805360731793e+30,2112,52429,17109,0,17112,0,17096,0,0,0,101,100,100,2.7302343157793998e+23,66.7,2.730234495923385e+23,67.0,0.0,67.0,1,49,50,180,52429,52429,0,0,0.0,0.0,0.0,60.0,1.0855081016557568e+16,71.0,0.0,0.0,0.0,1069,0,1069,0,0,0,1069,0,1080,0,1000,0,670,0,672,0,667,0,677,0.032,1.4609821306377965e+22,2.004,2.73023467606737e+23,25744,16814,3.412794921344082e+22,0.0,0.0,8.04975849161738e+32,-0.137,0.0,50.0,60.0,35,0.0,0.0,10.0,2.0,0.0,0.0,0.0,0.0,0.0,0.0,0.0,0.0,0.0,0.0,0.0,0.0,59.2,53,12,65509,27,65476,0,300,0,0,8,20529,65476,0,0,30147,60.0,0.0,10.0,10.0,2.0,0.0
2026-02-16T12:58:41,ERR,ERR,ERR,ERR,ERR,ERR,ERR,ERR,ERR,ERR,ERR,ERR,ERR,ERR,ERR,ERR,ERR,ERR,ERR,ERR,ERR,ERR,ERR,ERR,ERR,ERR,ERR,ERR,ERR,ERR,ERR,ERR,ERR,ERR,ERR,ERR,ERR,ERR,ERR,ERR,ERR,ERR,ERR,ERR,ERR,ERR,ERR,ERR,ERR,ERR,ERR,ERR,ERR,ERR,ERR,ERR,ERR,ERR,ERR,ERR,ERR,ERR,ERR,ERR,ERR,ERR,ERR,ERR,ERR,ERR,ERR,ERR,ERR,ERR,ERR,ERR,ERR,ERR,ERR,ERR,ERR,ERR,ERR,ERR,ERR,ERR,ERR,ERR,ERR,ERR,ERR,ERR,ERR,ERR,ERR,ERR,ERR,ERR,ERR,ERR,ERR,ERR,ERR,ERR,ERR,ERR,ERR,ERR,ERR,ERR,ERR,ERR,ERR,ERR,ERR,ERR,ERR,ERR,ERR,ERR,ERR,ERR,ERR,ERR,ERR,0.0,-0.0,2.7420187948523476e+23,0.0,-0.0,-0.0,0.0,1814626304000.0,4300,0,8,17170,4300,0.0,41,0.0,0.0,0.0,0.0,-0.0,0,0,0,0,0.0,0,0,0,0,0,0,0,0,0,0,0,0,0,0,0,0,0,0,0,0,0,0,0,0,0,0,0,0,0,0,0,0,0,10,36,36,46,65476,376,65476,1,0,4,21553,0.0,-0.0,0.0,0.0,0.0,0.0,0.0,0.0,0.0,0.0,0.0,0.0,0.0,0.0,0.0,0.0,0.0,0.0,0.0,0.0,0.0,2.004,0.0,-2.004,0.0,2.004,0.0,0.0,0.0,0.0,6590.0,564149121712128.0,0.0,-107615880.0,-0.0,-0.0,-107616264.0,0.0,0.0,2.004,2.004,227,-0.0,2.7184280392842555e+23,0.0,0.0,0.0,0.0,0.0,0.0,0.0,0,0,0,-4.1138662443951456e+32,-3.3464218944354756e+28,2.155072604810925e+26,1.3530307755121317e+24,-0.0,3.0877774158833385e+19,0.0,-0.0,3.1599293797912077e+32,-1.0186807771578686e+38,-108595060736.0,3.642693324042203e+23,0.0,71.137,0.0,-0.001,0,1.3516416376850534e+27,227,0.0,454,2.40156025918058e+36,-1.5870805360731793e+30,2112,52429,17109,0,17112,0,17096,0,0,0,101,100,100,2.7302343157793998e+23,66.7,2.730234495923385e+23,67.0,0.0,67.0,1,49,50,180,52429,52429,0,0,0.0,0.0,0.0,60.0,1.0855081016557568e+16,71.0,0.0,0.0,0.0,1069,0,1069,0,0,0,1069,0,1080,0,1000,0,670,0,672,0,667,0,677,0.032,1.4609821306377965e+22,2.004,2.73023467606737e+23,25744,16814,3.412794921344082e+22,0.0,0.0,8.04975849161738e+32,-0.137,0.0,50.0,60.0,35,0.0,0.0,10.0,2.0,0.0,0.0,0.0,0.0,0.0,0.0,0.0,0.0,0.0,0.0,0.0,0.0,58.8,53,12,65509,27,65476,0,300,0,0,8,20529,65476,0,0,30147,60.0,0.0,10.0,10.0,2.0,0.0
2026-02-16T12:58:42,ERR,ERR,ERR,ERR,ERR,ERR,ERR,ERR,ERR,ERR,ERR,ERR,ERR,ERR,ERR,ERR,ERR,ERR,ERR,ERR,ERR,ERR,ERR,ERR,ERR,ERR,ERR,ERR,ERR,ERR,ERR,ERR,ERR,ERR,ERR,ERR,ERR,ERR,ERR,ERR,ERR,ERR,ERR,ERR,ERR,ERR,ERR,ERR,ERR,ERR,ERR,ERR,ERR,ERR,ERR,ERR,ERR,ERR,ERR,ERR,ERR,ERR,ERR,ERR,ERR,ERR,ERR,ERR,ERR,ERR,ERR,ERR,ERR,ERR,ERR,ERR,ERR,ERR,ERR,ERR,ERR,ERR,ERR,ERR,ERR,ERR,ERR,ERR,ERR,ERR,ERR,ERR,ERR,ERR,ERR,ERR,ERR,ERR,ERR,ERR,ERR,ERR,ERR,ERR,ERR,ERR,ERR,ERR,ERR,ERR,ERR,ERR,ERR,ERR,ERR,ERR,ERR,ERR,ERR,ERR,ERR,ERR,ERR,ERR,ERR,0.0,-0.0,2.7420187948523476e+23,0.0,-0.0,-0.0,0.0,1814626304000.0,4300,0,8,17170,4300,0.0,41,0.0,0.0,0.0,0.0,-0.0,0,0,0,0,0.0,0,0,0,0,0,0,0,0,0,0,0,0,0,0,0,0,0,0,0,0,0,0,0,0,0,0,0,0,0,0,0,0,0,10,36,36,46,65476,376,65476,1,0,4,21553,0.0,-0.0,0.0,0.0,0.0,0.0,0.0,0.0,0.0,0.0,0.0,0.0,0.0,0.0,0.0,0.0,0.0,0.0,0.0,0.0,0.0,2.004,0.0,-2.004,0.0,2.004,0.0,0.0,0.0,0.0,6590.0,564149121712128.0,0.0,-107615880.0,-0.0,-0.0,-107616264.0,0.0,0.0,2.004,2.004,227,-0.0,2.7184280392842555e+23,0.0,0.0,0.0,0.0,0.0,0.0,0.0,0,0,0,-4.1138662443951456e+32,-3.3464218944354756e+28,2.155072604810925e+26,1.3530307755121317e+24,-0.0,3.0877774158833385e+19,0.0,-0.0,3.1599293797912077e+32,-1.0186807771578686e+38,-108595060736.0,3.642693324042203e+23,0.0,71.137,0.0,-0.001,0,1.3516416376850534e+27,227,0.0,454,2.40156025918058e+36,-1.5870805360731793e+30,2112,52429,17109,0,17112,0,17096,0,0,0,101,100,100,2.7302343157793998e+23,66.7,2.730234495923385e+23,67.0,0.0,67.0,1,49,50,180,52429,52429,0,0,0.0,0.0,0.0,60.0,4.28385216916437e+36,71.0,0.0,1.5498941089075032e+27,0.0,1069,0,1069,0,0,0,1069,0,1080,0,1000,0,670,0,672,0,667,0,677,0.032,1.4536034330083127e+22,-0.0,-0.0,17296,16814,4.28385216916437e+36,1.5498941089075032e+27,0.0,-2.3592952432198017e+35,-0.0,-8.497039933201764e+20,50.0,60.0,35,0.0,0.0,10.0,2.0,0.0,0.0,0.0,0.0,0.0,0.0,0.0,0.0,0.0,0.0,0.0,0.0,58.8,53,12,65509,27,65476,0,300,0,0,8,20529,65476,0,0,30147,60.0,0.0,10.0,10.0,2.0,0.0
2026-02-16T12:58:43,ERR,ERR,ERR,ERR,ERR,ERR,ERR,ERR,ERR,ERR,ERR,ERR,ERR,ERR,ERR,ERR,ERR,ERR,ERR,ERR,ERR,ERR,ERR,ERR,ERR,ERR,ERR,ERR,ERR,ERR,ERR,ERR,ERR,ERR,ERR,ERR,ERR,ERR,ERR,ERR,ERR,ERR,ERR,ERR,ERR,ERR,ERR,ERR,ERR,ERR,ERR,ERR,ERR,ERR,ERR,ERR,ERR,ERR,ERR,ERR,ERR,ERR,ERR,ERR,ERR,ERR,ERR,ERR,ERR,ERR,ERR,ERR,ERR,ERR,ERR,ERR,ERR,ERR,ERR,ERR,ERR,ERR,ERR,ERR,ERR,ERR,ERR,ERR,ERR,ERR,ERR,ERR,ERR,ERR,ERR,ERR,ERR,ERR,ERR,ERR,ERR,ERR,ERR,ERR,ERR,ERR,ERR,ERR,ERR,ERR,ERR,ERR,ERR,ERR,ERR,ERR,ERR,ERR,ERR,ERR,ERR,ERR,ERR,ERR,ERR,-107615880.0,-0.0,-108138608.0,0.0,-3.2008056460949376e+29,1.7254888518765773e+17,-0.0,0.0,4300,0,8,17170,4300,0.0,41,0.0,0.0,0.0,0.0,-0.0,0,0,0,0,0.0,0,0,0,0,0,0,0,0,0,0,0,0,0,0,0,0,0,0,0,0,0,0,0,0,0,0,0,0,0,0,0,0,0,10,36,36,46,65476,376,65476,1,0,4,21553,0.0,0.0,0.0,0.0,0.0,0.0,0.0,0.0,0.0,0.0,0.0,0.0,0.0,0.0,0.0,0.0,0.0,0.0,0.0,0.0,0.0,2.004,0.0,-2.004,0.0,2.004,0.0,0.0,0.0,0.0,6560.0,564149121712128.0,0.0,-107615880.0,-0.0,-0.0,-107616264.0,0.0,0.0,2.004,2.004,226,-0.0,3.2220245344017747e+26,0.0,0.0,0.0,0.0,0.0,0.0,0.0,0,0,0,-1.6502638972966625e+35,4.3100792586900603e+18,3.9655823047831823e+31,1.031649082914898e+17,-0.0,-0.0,-7.683697807856384e+28,-1.8178222443485725e+19,-0.0,-1.0984344569049635e+38,-115574382592.0,3.9260353130143816e+23,0.0,77.137,0.0,-0.0,0,1.3516416376850534e+27,227,0.0,454,0.0,-20512.525,2112,52429,17109,0,17112,0,17096,0,0,0,101,100,100,2.7302343157793998e+23,66.7,2.730234495923385e+23,67.0,0.0,67.0,1,49,50,180,52429,52429,0,0,0.0,0.0,0.0,60.0,4.28385216916437e+36,71.0,0.0,1.5498941089075032e+27,0.0,1069,0,1069,0,0,0,1069,0,1080,0,1000,0,670,0,672,0,667,0,677,0.032,1.4536034330083127e+22,-0.0,-0.0,17296,16814,4.28385216916437e+36,1.5498941089075032e+27,0.0,-2.3592952432198017e+35,-0.0,-8.497039933201764e+20,50.0,60.0,35,0.0,0.0,10.0,2.0,0.0,0.0,0.0,0.0,0.0,0.0,0.0,0.0,0.0,0.0,0.0,0.0,58.8,53,12,65509,27,65476,0,300,0,0,8,20529,65476,0,0,30147,60.0,0.0,10.0,10.0,2.0,0.0
2026-02-16T12:58:44,ERR,ERR,ERR,ERR,ERR,ERR,ERR,ERR,ERR,ERR,ERR,ERR,ERR,ERR,ERR,ERR,ERR,ERR,ERR,ERR,ERR,ERR,ERR,ERR,ERR,ERR,ERR,ERR,ERR,ERR,ERR,ERR,ERR,ERR,ERR,ERR,ERR,ERR,ERR,ERR,ERR,ERR,ERR,ERR,ERR,ERR,ERR,ERR,ERR,ERR,ERR,ERR,ERR,ERR,ERR,ERR,ERR,ERR,ERR,ERR,ERR,ERR,ERR,ERR,ERR,ERR,ERR,ERR,ERR,ERR,ERR,ERR,ERR,ERR,ERR,ERR,ERR,ERR,ERR,ERR,ERR,ERR,ERR,ERR,ERR,ERR,ERR,ERR,ERR,ERR,ERR,ERR,ERR,ERR,ERR,ERR,ERR,ERR,ERR,ERR,ERR,ERR,ERR,ERR,ERR,ERR,ERR,ERR,ERR,ERR,ERR,ERR,ERR,ERR,ERR,ERR,ERR,ERR,ERR,ERR,ERR,ERR,ERR,ERR,ERR,-107615880.0,-0.0,-108138608.0,0.0,-3.2008056460949376e+29,1.7254888518765773e+17,-0.0,0.0,4300,0,8,17170,4300,0.0,41,0.0,0.0,0.0,0.0,-0.0,0,0,0,0,0.0,0,0,0,0,0,0,0,0,0,0,0,0,0,0,0,0,0,0,0,0,0,0,0,0,0,0,0,0,0,0,0,0,0,10,36,36,46,65476,376,65476,1,0,4,21553,0.0,0.0,0.0,0.0,0.0,0.0,0.0,0.0,0.0,0.0,0.0,0.0,0.0,0.0,0.0,0.0,0.0,0.0,0.0,0.0,0.0,2.004,0.0,-2.004,0.0,2.004,0.0,0.0,0.0,0.0,6560.0,564149121712128.0,0.0,-107615880.0,-0.0,-0.0,-107616264.0,0.0,0.0,2.004,2.004,226,-0.0,3.2220245344017747e+26,0.0,0.0,0.0,0.0,0.0,0.0,0.0,0,0,0,-1.6502638972966625e+35,4.3100792586900603e+18,3.9655823047831823e+31,1.031649082914898e+17,-0.0,-0.0,-7.683697807856384e+28,-1.8178222443485725e+19,-0.0,-1.0984344569049635e+38,-115574382592.0,3.9260353130143816e+23,0.0,77.137,0.0,-0.0,0,1.3516416376850534e+27,227,0.0,454,0.0,-20512.525,2112,52429,17109,0,17112,0,17096,0,0,0,101,100,100,2.7302343157793998e+23,66.7,2.730234495923385e+23,67.0,0.0,67.0,1,49,50,180,52429,52429,0,0,0.0,0.0,0.0,60.0,4.28385216916437e+36,71.0,0.0,1.5498941089075032e+27,0.0,1069,0,1069,0,0,0,1069,0,1080,0,1000,0,670,0,672,0,667,0,677,0.032,1.4536034330083127e+22,-0.0,-0.0,17296,16814,4.28385216916437e+36,1.5498941089075032e+27,0.0,-2.3592952432198017e+35,-0.0,-8.497039933201764e+20,50.0,60.0,35,0.0,0.0,10.0,2.0,0.0,0.0,0.0,0.0,0.0,0.0,0.0,0.0,0.0,0.0,0.0,0.0,58.8,53,12,65509,27,65476,0,300,0,0,8,20529,65476,0,0,30147,60.0,0.0,10.0,10.0,2.0,0.0
2026-02-16T12:58:45,ERR,ERR,ERR,ERR,ERR,ERR,ERR,ERR,ERR,ERR,ERR,ERR,ERR,ERR,ERR,ERR,ERR,ERR,ERR,ERR,ERR,ERR,ERR,ERR,ERR,ERR,ERR,ERR,ERR,ERR,ERR,ERR,ERR,ERR,ERR,ERR,ERR,ERR,ERR,ERR,ERR,ERR,ERR,ERR,ERR,ERR,ERR,ERR,ERR,ERR,ERR,ERR,ERR,ERR,ERR,ERR,ERR,ERR,ERR,ERR,ERR,ERR,ERR,ERR,ERR,ERR,ERR,ERR,ERR,ERR,ERR,ERR,ERR,ERR,ERR,ERR,ERR,ERR,ERR,ERR,ERR,ERR,ERR,ERR,ERR,ERR,ERR,ERR,ERR,ERR,ERR,ERR,ERR,ERR,ERR,ERR,ERR,ERR,ERR,ERR,ERR,ERR,ERR,ERR,ERR,ERR,ERR,ERR,ERR,ERR,ERR,ERR,ERR,ERR,ERR,ERR,ERR,ERR,ERR,ERR,ERR,ERR,ERR,ERR,ERR,-107615880.0,-0.0,-108138608.0,0.0,-3.2008056460949376e+29,1.7254888518765773e+17,-0.0,0.0,4300,0,8,17170,4300,0.0,41,0.0,0.0,0.0,0.0,-0.0,0,0,0,0,0.0,0,0,0,0,0,0,0,0,0,0,0,0,0,0,0,0,0,0,0,0,0,0,0,0,0,0,0,0,0,0,0,0,0,10,36,36,46,65476,376,65476,1,0,4,21553,0.0,0.0,0.0,0.0,0.0,0.0,0.0,0.0,0.0,0.0,0.0,0.0,0.0,0.0,0.0,0.0,0.0,0.0,0.0,0.0,0.0,2.004,0.0,-2.004,0.0,2.004,0.0,0.0,0.0,0.0,6560.0,564149121712128.0,0.0,-107615880.0,-0.0,-0.0,-107616264.0,0.0,0.0,2.004,2.004,226,-0.0,3.2220245344017747e+26,0.0,0.0,0.0,0.0,0.0,0.0,0.0,0,0,0,-1.6502638972966625e+35,4.3100792586900603e+18,3.9655823047831823e+31,1.031649082914898e+17,-0.0,-0.0,-7.683697807856384e+28,-1.8178222443485725e+19,-0.0,-1.0984344569049635e+38,-115574382592.0,3.9260353130143816e+23,0.0,77.137,0.0,-0.0,0,1.3516416376850534e+27,227,0.0,454,0.0,-20512.525,2112,52429,17109,0,17112,0,17096,0,0,0,101,100,100,2.7302343157793998e+23,66.7,2.730234495923385e+23,67.4,-107615280.0,67.0,1,49,50,180,39322,52429,0,0,0.0,0.0,0.0,60.0,8.94643711860823e+27,71.0,0.0,1.814,0.0,1068,0,1069,0,0,0,1069,0,1079,0,1000,0,670,0,672,0,667,0,677,0.032,1.6159347808569567e+22,2.004,2.73023467606737e+23,3088,16814,3.013087920862003e+18,0.005,-0.0,0.0,-5.719841044868167e+34,3.485334019981254e+35,50.0,60.0,35,0.0,0.0,10.0,2.0,0.0,0.0,0.0,0.0,0.0,0.0,0.0,0.0,0.0,0.0,0.0,0.0,59.2,53,12,65509,27,65476,0,300,0,0,8,20529,65476,0,0,30147,60.0,0.0,10.0,10.0,2.0,0.0
2026-02-16T12:58:46,ERR,ERR,ERR,ERR,ERR,ERR,ERR,ERR,ERR,ERR,ERR,ERR,ERR,ERR,ERR,ERR,ERR,ERR,ERR,ERR,ERR,ERR,ERR,ERR,ERR,ERR,ERR,ERR,ERR,ERR,ERR,ERR,ERR,ERR,ERR,ERR,ERR,ERR,ERR,ERR,ERR,ERR,ERR,ERR,ERR,ERR,ERR,ERR,ERR,ERR,ERR,ERR,ERR,ERR,ERR,ERR,ERR,ERR,ERR,ERR,ERR,ERR,ERR,ERR,ERR,ERR,ERR,ERR,ERR,ERR,ERR,ERR,ERR,ERR,ERR,ERR,ERR,ERR,ERR,ERR,ERR,ERR,ERR,ERR,ERR,ERR,ERR,ERR,ERR,ERR,ERR,ERR,ERR,ERR,ERR,ERR,ERR,ERR,ERR,ERR,ERR,ERR,ERR,ERR,ERR,ERR,ERR,ERR,ERR,ERR,ERR,ERR,ERR,ERR,ERR,ERR,ERR,ERR,ERR,ERR,ERR,ERR,ERR,ERR,ERR,-107615880.0,-0.0,-108138608.0,0.0,-3.2008056460949376e+29,1.7254888518765773e+17,-0.0,0.0,4300,0,8,17170,4300,0.0,41,0.0,0.0,0.0,0.0,-0.0,0,0,0,0,0.0,0,0,0,0,0,0,0,0,0,0,0,0,0,0,0,0,0,0,0,0,0,0,0,0,0,0,0,0,0,0,0,0,0,10,36,36,46,65476,376,65476,1,0,4,21553,0.0,0.0,0.0,0.0,0.0,0.0,0.0,0.0,0.0,0.0,0.0,0.0,0.0,0.0,0.0,0.0,0.0,0.0,0.0,0.0,0.0,2.004,0.0,-2.004,0.0,2.004,0.0,0.0,0.0,0.0,6560.0,564149121712128.0,0.0,-107615880.0,-0.0,-0.0,-107616264.0,0.0,0.0,2.004,2.004,226,-0.0,3.2220245344017747e+26,0.0,0.0,0.0,0.0,0.0,0.0,0.0,0,0,0,-1.6502638972966625e+35,4.3100792586900603e+18,3.9655823047831823e+31,1.031649082914898e+17,-0.0,-0.0,-7.683697807856384e+28,-1.8178222443485725e+19,-0.0,-1.0984344569049635e+38,-115574382592.0,3.9260353130143816e+23,0.0,77.137,0.0,-0.0,0,1.3516416376850534e+27,227,0.0,454,0.0,-20512.525,2112,52429,17109,0,17112,0,17096,0,0,0,101,100,100,2.7302343157793998e+23,66.7,2.730234495923385e+23,67.4,-107615280.0,67.0,1,49,50,180,39322,52429,0,0,0.0,0.0,0.0,60.0,8.94643711860823e+27,71.0,0.0,1.814,0.0,1068,0,1069,0,0,0,1069,0,1079,0,1000,0,670,0,672,0,667,0,677,0.032,1.6159347808569567e+22,2.004,2.73023467606737e+23,3088,16814,3.013087920862003e+18,0.005,-0.0,0.0,-5.719841044868167e+34,3.485334019981254e+35,50.0,60.0,35,0.0,0.0,10.0,2.0,0.0,0.0,0.0,0.0,0.0,0.0,0.0,0.0,0.0,0.0,0.0,0.0,58.8,53,12,65510,27,65476,0,300,0,0,8,20529,65476,0,0,30147,60.0,0.0,10.0,10.0,2.0,0.0
2026-02-16T12:58:47,ERR,ERR,ERR,ERR,ERR,ERR,ERR,ERR,ERR,ERR,ERR,ERR,ERR,ERR,ERR,ERR,ERR,ERR,ERR,ERR,ERR,ERR,ERR,ERR,ERR,ERR,ERR,ERR,ERR,ERR,ERR,ERR,ERR,ERR,ERR,ERR,ERR,ERR,ERR,ERR,ERR,ERR,ERR,ERR,ERR,ERR,ERR,ERR,ERR,ERR,ERR,ERR,ERR,ERR,ERR,ERR,ERR,ERR,ERR,ERR,ERR,ERR,ERR,ERR,ERR,ERR,ERR,ERR,ERR,ERR,ERR,ERR,ERR,ERR,ERR,ERR,ERR,ERR,ERR,ERR,ERR,ERR,ERR,ERR,ERR,ERR,ERR,ERR,ERR,ERR,ERR,ERR,ERR,ERR,ERR,ERR,ERR,ERR,ERR,ERR,ERR,ERR,ERR,ERR,ERR,ERR,ERR,ERR,ERR,ERR,ERR,ERR,ERR,ERR,ERR,ERR,ERR,ERR,ERR,ERR,ERR,ERR,ERR,ERR,ERR,-107615880.0,-0.0,-108138608.0,0.0,-3.2008056460949376e+29,1.7254888518765773e+17,-0.0,0.0,4300,0,8,17170,4300,0.0,41,0.0,0.0,0.0,0.0,-0.0,0,0,0,0,0.0,0,0,0,0,0,0,0,0,0,0,0,0,0,0,0,0,0,0,0,0,0,0,0,0,0,0,0,0,0,0,0,0,0,10,36,36,46,65476,376,65476,1,0,4,21553,0.0,0.0,0.0,0.0,0.0,0.0,0.0,0.0,0.0,0.0,0.0,0.0,0.0,0.0,0.0,0.0,0.0,0.0,0.0,0.0,0.0,2.004,0.0,-2.004,0.0,2.004,0.0,0.0,0.0,0.0,6560.0,564149121712128.0,0.0,-107615880.0,-0.0,-0.0,-107616264.0,0.0,0.0,2.004,2.004,226,-0.0,3.2220245344017747e+26,0.0,0.0,0.0,0.0,0.0,0.0,0.0,0,0,0,-1.6502638972966625e+35,4.3100792586900603e+18,3.9655823047831823e+31,1.031649082914898e+17,-0.0,-0.0,-7.683697807856384e+28,-1.8178222443485725e+19,-0.0,-1.0984344569049635e+38,-115574382592.0,3.9260353130143816e+23,0.0,77.137,0.0,-0.0,0,1.3516416376850534e+27,227,0.0,454,0.0,-20512.525,2112,52429,17109,0,17112,0,17096,0,0,0,101,100,100,2.7302343157793998e+23,66.7,2.730234495923385e+23,67.4,-107615280.0,67.0,1,49,50,180,39322,52429,0,0,0.0,0.0,0.0,60.0,8.94643711860823e+27,71.0,0.0,1.814,0.0,1068,0,1069,0,0,0,1069,0,1079,0,1000,0,670,0,672,0,667,0,677,0.032,1.6159347808569567e+22,2.004,2.73023467606737e+23,3088,16814,3.013087920862003e+18,0.005,-0.0,0.0,-5.719841044868167e+34,3.485334019981254e+35,50.0,60.0,35,0.0,0.0,10.0,2.0,0.0,0.0,0.0,0.0,0.0,0.0,0.0,0.0,0.0,0.0,0.0,0.0,58.8,53,12,65510,27,65476,0,300,0,0,8,20529,65476,0,0,30147,60.0,0.0,10.0,10.0,2.0,0.0
2026-02-16T12:58:48,ERR,ERR,ERR,ERR,ERR,ERR,ERR,ERR,ERR,ERR,ERR,ERR,ERR,ERR,ERR,ERR,ERR,ERR,ERR,ERR,ERR,ERR,ERR,ERR,ERR,ERR,ERR,ERR,ERR,ERR,ERR,ERR,ERR,ERR,ERR,ERR,ERR,ERR,ERR,ERR,ERR,ERR,ERR,ERR,ERR,ERR,ERR,ERR,ERR,ERR,ERR,ERR,ERR,ERR,ERR,ERR,ERR,ERR,ERR,ERR,ERR,ERR,ERR,ERR,ERR,ERR,ERR,ERR,ERR,ERR,ERR,ERR,ERR,ERR,ERR,ERR,ERR,ERR,ERR,ERR,ERR,ERR,ERR,ERR,ERR,ERR,ERR,ERR,ERR,ERR,ERR,ERR,ERR,ERR,ERR,ERR,ERR,ERR,ERR,ERR,ERR,ERR,ERR,ERR,ERR,ERR,ERR,ERR,ERR,ERR,ERR,ERR,ERR,ERR,ERR,ERR,ERR,ERR,ERR,ERR,ERR,ERR,ERR,ERR,ERR,-107615880.0,-0.0,-108138608.0,0.0,-3.2008056460949376e+29,-0.0,-2.873970167066017e+20,-267630477312.0,4300,0,8,17170,4300,0.0,41,0.0,0.0,0.0,0.0,-0.0,0,0,0,0,0.0,0,0,0,0,0,0,0,0,0,0,0,0,0,0,0,0,0,0,0,0,0,0,0,0,0,0,0,0,0,0,0,0,0,10,36,36,46,65476,376,65476,1,0,4,21553,0.0,-107610720.0,0.0,0.0,0.0,0.0,0.0,0.0,0.0,0.0,0.0,0.0,0.0,0.0,0.0,0.0,0.0,0.0,0.0,0.0,0.0,2.004,0.0,-2.004,0.0,3.69707618246192e+19,0.0,0.0,0.0,0.0,6591.0,-0.0,0.0,-107615880.0,-0.0,-0.0,-2.7184507374263774e+23,0.0,0.0,2.004,2.004,227,-0.0,-0.0,0.0,0.0,0.0,0.0,0.0,0.0,0.0,0,0,0,-9.637370836920361e+22,-1187622289408.0,4.1638002529093407e+27,33.314,-0.0,-9.964556398551368e+17,-0.0,-0.0,0.0,-1.1914804166099076e+38,-122016833536.0,4.2329891344009086e+23,0.0,83.137,0.0,-0.0,0,1.3516416376850534e+27,227,0.0,454,2.40156025918058e+36,-0.0,2112,52429,17109,0,17112,0,17096,0,0,0,101,100,100,2.7302343157793998e+23,66.7,2.730234495923385e+23,67.0,0.0,67.0,1,49,50,180,52429,52429,0,0,0.0,0.0,0.0,60.0,6.66561508075016e+19,71.0,0.0,-0.0,0.0,1069,0,1069,0,0,0,1069,0,1080,0,1000,0,670,0,672,0,667,0,677,0.032,1.4683608282672803e+22,2.004,2.73023467606737e+23,9616,16814,21201330110464.0,-0.0,-0.0,-73955852288.0,0.0,-0.0,50.0,60.0,35,0.0,0.0,10.0,2.0,0.0,0.0,0.0,0.0,0.0,0.0,0.0,0.0,0.0,0.0,0.0,0.0,59.2,53,12,65510,27,65476,0,300,0,0,8,20529,65476,0,0,30147,60.0,0.0,10.0,10.0,2.0,0.0
2026-02-16T12:58:49,ERR,ERR,ERR,ERR,ERR,ERR,ERR,ERR,ERR,ERR,ERR,ERR,ERR,ERR,ERR,ERR,ERR,ERR,ERR,ERR,ERR,ERR,ERR,ERR,ERR,ERR,ERR,ERR,ERR,ERR,ERR,ERR,ERR,ERR,ERR,ERR,ERR,ERR,ERR,ERR,ERR,ERR,ERR,ERR,ERR,ERR,ERR,ERR,ERR,ERR,ERR,ERR,ERR,ERR,ERR,ERR,ERR,ERR,ERR,ERR,ERR,ERR,ERR,ERR,ERR,ERR,ERR,ERR,ERR,ERR,ERR,ERR,ERR,ERR,ERR,ERR,ERR,ERR,ERR,ERR,ERR,ERR,ERR,ERR,ERR,ERR,ERR,ERR,ERR,ERR,ERR,ERR,ERR,ERR,ERR,ERR,ERR,ERR,ERR,ERR,ERR,ERR,ERR,ERR,ERR,ERR,ERR,ERR,ERR,ERR,ERR,ERR,ERR,ERR,ERR,ERR,ERR,ERR,ERR,ERR,ERR,ERR,ERR,ERR,ERR,-107615880.0,-0.0,-108138608.0,0.0,-3.2008056460949376e+29,-0.0,-2.873970167066017e+20,-267630477312.0,4300,0,8,17170,4300,0.0,41,0.0,0.0,0.0,0.0,-0.0,0,0,0,0,0.0,0,0,0,0,0,0,0,0,0,0,0,0,0,0,0,0,0,0,0,0,0,0,0,0,0,0,0,0,0,0,0,0,0,10,36,36,46,65476,376,65476,1,0,4,21553,0.0,-107610720.0,0.0,0.0,0.0,0.0,0.0,0.0,0.0,0.0,0.0,0.0,0.0,0.0,0.0,0.0,0.0,0.0,0.0,0.0,0.0,2.004,0.0,-2.004,0.0,3.69707618246192e+19,0.0,0.0,0.0,0.0,6591.0,-0.0,0.0,-107615880.0,-0.0,-0.0,-2.7184507374263774e+23,0.0,0.0,2.004,2.004,227,-0.0,-0.0,0.0,0.0,0.0,0.0,0.0,0.0,0.0,0,0,0,-9.637370836920361e+22,-1187622289408.0,4.1638002529093407e+27,33.314,-0.0,-9.964556398551368e+17,-0.0,-0.0,0.0,-1.1914804166099076e+38,-122016833536.0,4.2329891344009086e+23,0.0,83.137,0.0,-0.0,0,1.3516416376850534e+27,227,0.0,454,2.40156025918058e+36,-0.0,2112,52429,17109,0,17112,0,17096,0,0,0,101,100,100,2.7302343157793998e+23,66.7,2.730234495923385e+23,67.0,0.0,67.0,1,49,50,180,52429,52429,0,0,0.0,0.0,0.0,60.0,6.66561508075016e+19,71.0,0.0,-0.0,0.0,1069,0,1069,0,0,0,1069,0,1080,0,1000,0,670,0,672,0,667,0,677,0.032,1.4683608282672803e+22,2.004,2.73023467606737e+23,9616,16814,21201330110464.0,-0.0,-0.0,-73955852288.0,0.0,-0.0,50.0,60.0,35,0.0,0.0,10.0,2.0,0.0,0.0,0.0,0.0,0.0,0.0,0.0,0.0,0.0,0.0,0.0,0.0,59.2,53,12,65510,27,65476,0,300,0,0,8,20529,65476,0,0,30147,60.0,0.0,10.0,10.0,2.0,0.0
2026-02-16T12:58:50,ERR,ERR,ERR,ERR,ERR,ERR,ERR,ERR,ERR,ERR,ERR,ERR,ERR,ERR,ERR,ERR,ERR,ERR,ERR,ERR,ERR,ERR,ERR,ERR,ERR,ERR,ERR,ERR,ERR,ERR,ERR,ERR,ERR,ERR,ERR,ERR,ERR,ERR,ERR,ERR,ERR,ERR,ERR,ERR,ERR,ERR,ERR,ERR,ERR,ERR,ERR,ERR,ERR,ERR,ERR,ERR,ERR,ERR,ERR,ERR,ERR,ERR,ERR,ERR,ERR,ERR,ERR,ERR,ERR,ERR,ERR,ERR,ERR,ERR,ERR,ERR,ERR,ERR,ERR,ERR,ERR,ERR,ERR,ERR,ERR,ERR,ERR,ERR,ERR,ERR,ERR,ERR,ERR,ERR,ERR,ERR,ERR,ERR,ERR,ERR,ERR,ERR,ERR,ERR,ERR,ERR,ERR,ERR,ERR,ERR,ERR,ERR,ERR,ERR,ERR,ERR,ERR,ERR,ERR,ERR,ERR,ERR,ERR,ERR,ERR,-107615880.0,-0.0,-108138608.0,0.0,-3.2008056460949376e+29,-0.0,-2.873970167066017e+20,-267630477312.0,4300,0,8,17170,4300,0.0,41,0.0,0.0,0.0,0.0,-0.0,0,0,0,0,0.0,0,0,0,0,0,0,0,0,0,0,0,0,0,0,0,0,0,0,0,0,0,0,0,0,0,0,0,0,0,0,0,0,0,10,36,36,46,65476,376,65476,1,0,4,21553,0.0,-107610720.0,0.0,0.0,0.0,0.0,0.0,0.0,0.0,0.0,0.0,0.0,0.0,0.0,0.0,0.0,0.0,0.0,0.0,0.0,0.0,2.004,0.0,-2.004,0.0,3.69707618246192e+19,0.0,0.0,0.0,0.0,6591.0,-0.0,0.0,-107615880.0,-0.0,-0.0,-2.7184507374263774e+23,0.0,0.0,2.004,2.004,227,-0.0,-0.0,0.0,0.0,0.0,0.0,0.0,0.0,0.0,0,0,0,-9.637370836920361e+22,-1187622289408.0,4.1638002529093407e+27,33.314,-0.0,-9.964556398551368e+17,-0.0,-0.0,0.0,-1.1914804166099076e+38,-122016833536.0,4.2329891344009086e+23,0.0,83.137,0.0,-0.0,0,1.3516416376850534e+27,227,0.0,454,2.40156025918058e+36,-0.0,2112,52429,17109,0,17112,0,17096,0,0,0,101,100,100,2.7302343157793998e+23,66.7,2.730234495923385e+23,67.0,0.0,67.0,1,49,50,180,52429,52429,0,0,0.0,0.0,0.0,60.0,6.66561508075016e+19,71.0,0.0,-0.0,0.0,1069,0,1069,0,0,0,1069,0,1080,0,1000,0,670,0,672,0,667,0,677,0.032,1.4683608282672803e+22,2.004,2.73023467606737e+23,9616,16814,21201330110464.0,-0.0,-0.0,-73955852288.0,0.0,-0.0,50.0,60.0,35,0.0,0.0,10.0,2.0,0.0,0.0,0.0,0.0,0.0,0.0,0.0,0.0,0.0,0.0,0.0,0.0,59.2,53,12,65510,27,65476,0,300,0,0,8,20529,65476,0,0,30147,60.0,0.0,10.0,10.0,2.0,0.0
2026-02-16T12:58:51,ERR,ERR,ERR,ERR,ERR,ERR,ERR,ERR,ERR,ERR,ERR,ERR,ERR,ERR,ERR,ERR,ERR,ERR,ERR,ERR,ERR,ERR,ERR,ERR,ERR,ERR,ERR,ERR,ERR,ERR,ERR,ERR,ERR,ERR,ERR,ERR,ERR,ERR,ERR,ERR,ERR,ERR,ERR,ERR,ERR,ERR,ERR,ERR,ERR,ERR,ERR,ERR,ERR,ERR,ERR,ERR,ERR,ERR,ERR,ERR,ERR,ERR,ERR,ERR,ERR,ERR,ERR,ERR,ERR,ERR,ERR,ERR,ERR,ERR,ERR,ERR,ERR,ERR,ERR,ERR,ERR,ERR,ERR,ERR,ERR,ERR,ERR,ERR,ERR,ERR,ERR,ERR,ERR,ERR,ERR,ERR,ERR,ERR,ERR,ERR,ERR,ERR,ERR,ERR,ERR,ERR,ERR,ERR,ERR,ERR,ERR,ERR,ERR,ERR,ERR,ERR,ERR,ERR,ERR,ERR,ERR,ERR,ERR,ERR,ERR,-107615880.0,-0.0,-108138608.0,0.0,-3.2008056460949376e+29,-0.0,-2.873970167066017e+20,-267630477312.0,4300,0,8,17170,4300,0.0,41,0.0,0.0,0.0,0.0,-0.0,0,0,0,0,0.0,0,0,0,0,0,0,0,0,0,0,0,0,0,0,0,0,0,0,0,0,0,0,0,0,0,0,0,0,0,0,0,0,0,10,36,36,46,65476,376,65476,1,0,4,21553,0.0,-107610720.0,0.0,0.0,0.0,0.0,0.0,0.0,0.0,0.0,0.0,0.0,0.0,0.0,0.0,0.0,0.0,0.0,0.0,0.0,0.0,2.004,0.0,-2.004,0.0,3.69707618246192e+19,0.0,0.0,0.0,0.0,6591.0,-0.0,0.0,-107615880.0,-0.0,-0.0,-2.7184507374263774e+23,0.0,0.0,2.004,2.004,227,-0.0,-0.0,0.0,0.0,0.0,0.0,0.0,0.0,0.0,0,0,0,-9.637370836920361e+22,-1187622289408.0,4.1638002529093407e+27,33.314,-0.0,-9.964556398551368e+17,-0.0,-0.0,0.0,-1.1914804166099076e+38,-122016833536.0,4.2329891344009086e+23,0.0,83.137,0.0,-0.0,0,1.3516416376850534e+27,227,0.0,454,2.40156025918058e+36,-0.0,2112,52429,17109,0,17112,0,17096,0,0,0,101,100,100,2.7302343157793998e+23,66.7,2.730234495923385e+23,67.0,0.0,67.0,1,49,50,180,52429,52429,0,0,0.0,0.0,0.0,60.0,6.66561508075016e+19,71.0,0.0,-0.0,0.0,1069,0,1069,0,0,0,1069,0,1080,0,1000,0,670,0,672,0,667,0,677,0.032,1.4683608282672803e+22,2.004,2.73023467606737e+23,9616,16814,21201330110464.0,-0.0,-0.0,-73955852288.0,0.0,-0.0,50.0,60.0,35,0.0,0.0,10.0,2.0,0.0,0.0,0.0,0.0,0.0,0.0,0.0,0.0,0.0,0.0,0.0,0.0,59.2,53,12,65510,27,65476,0,300,0,0,8,20529,65476,0,0,30147,60.0,0.0,10.0,10.0,2.0,0.0
2026-02-16T12:58:52,ERR,ERR,ERR,ERR,ERR,ERR,ERR,ERR,ERR,ERR,ERR,ERR,ERR,ERR,ERR,ERR,ERR,ERR,ERR,ERR,ERR,ERR,ERR,ERR,ERR,ERR,ERR,ERR,ERR,ERR,ERR,ERR,ERR,ERR,ERR,ERR,ERR,ERR,ERR,ERR,ERR,ERR,ERR,ERR,ERR,ERR,ERR,ERR,ERR,ERR,ERR,ERR,ERR,ERR,ERR,ERR,ERR,ERR,ERR,ERR,ERR,ERR,ERR,ERR,ERR,ERR,ERR,ERR,ERR,ERR,ERR,ERR,ERR,ERR,ERR,ERR,ERR,ERR,ERR,ERR,ERR,ERR,ERR,ERR,ERR,ERR,ERR,ERR,ERR,ERR,ERR,ERR,ERR,ERR,ERR,ERR,ERR,ERR,ERR,ERR,ERR,ERR,ERR,ERR,ERR,ERR,ERR,ERR,ERR,ERR,ERR,ERR,ERR,ERR,ERR,ERR,ERR,ERR,ERR,ERR,ERR,ERR,ERR,ERR,ERR,-107615880.0,-0.0,-108138608.0,0.0,-3.2008056460949376e+29,-0.0,-27.035,-9.459508375396768e+22,4300,0,8,17170,4300,0.0,41,0.0,0.0,0.0,0.0,-0.0,0,0,0,0,0.0,0,0,0,0,0,0,0,0,0,0,0,0,0,0,0,0,0,0,0,0,0,0,0,0,0,0,0,0,0,0,0,0,0,10,36,36,46,65476,376,65476,1,0,4,21553,0.0,-0.0,0.0,0.0,0.0,0.0,0.0,0.0,0.0,0.0,0.0,0.0,0.0,0.0,0.0,0.0,0.0,0.0,0.0,0.0,0.0,2.004,0.0,-2.004,0.0,3.69707618246192e+19,0.0,0.0,0.0,0.0,6566.0,-0.0,0.0,-107615880.0,-0.0,2.718450196994422e+23,-2.7184507374263774e+23,0.0,0.0,2.004,2.004,227,-2.30882787541985e+20,-0.0,0.0,0.0,0.0,0.0,0.0,0.0,0.0,0,0,0,-1.6113601063858388e+28,1.5103849007020916e+38,2.022927006032469e+30,-1.5945277004608784e+31,-0.0,0.0,-54342.059,-2.304440023646424e+27,-0.0,-1.2579418163991534e+38,-128459284480.0,4.492719290958739e+23,0.0,88.637,0.0,1.1824141148966175e+22,0,1.3516416376850534e+27,227,0.0,454,0.0,5.541348168577109e+19,2112,52429,17109,0,17112,0,17096,0,0,0,101,100,100,2.7302343157793998e+23,66.7,2.730234495923385e+23,67.1,0.0,67.0,1,49,50,180,52429,52429,0,0,0.0,0.0,0.0,60.0,2.4217803345483566e+25,71.0,0.0,0.0,0.0,1069,0,1069,0,0,0,1069,0,1080,0,1000,0,670,0,672,0,667,0,677,0.032,1.4536034330083127e+22,2.004,2.73023467606737e+23,16656,16814,2.4217803345483566e+25,0.0,-0.0,0.0,-1.8962784061163483e+37,2.9284584705750833e+37,50.0,60.0,35,0.0,0.0,10.0,2.0,0.0,0.0,0.0,0.0,0.0,0.0,0.0,0.0,0.0,0.0,0.0,0.0,59.2,53,12,65510,27,65476,0,300,0,0,8,20529,65476,0,0,30147,60.0,0.0,10.0,10.0,2.0,0.0
2026-02-16T12:58:53,ERR,ERR,ERR,ERR,ERR,ERR,ERR,ERR,ERR,ERR,ERR,ERR,ERR,ERR,ERR,ERR,ERR,ERR,ERR,ERR,ERR,ERR,ERR,ERR,ERR,ERR,ERR,ERR,ERR,ERR,ERR,ERR,ERR,ERR,ERR,ERR,ERR,ERR,ERR,ERR,ERR,ERR,ERR,ERR,ERR,ERR,ERR,ERR,ERR,ERR,ERR,ERR,ERR,ERR,ERR,ERR,ERR,ERR,ERR,ERR,ERR,ERR,ERR,ERR,ERR,ERR,ERR,ERR,ERR,ERR,ERR,ERR,ERR,ERR,ERR,ERR,ERR,ERR,ERR,ERR,ERR,ERR,ERR,ERR,ERR,ERR,ERR,ERR,ERR,ERR,ERR,ERR,ERR,ERR,ERR,ERR,ERR,ERR,ERR,ERR,ERR,ERR,ERR,ERR,ERR,ERR,ERR,ERR,ERR,ERR,ERR,ERR,ERR,ERR,ERR,ERR,ERR,ERR,ERR,ERR,ERR,ERR,ERR,ERR,ERR,-107615880.0,-0.0,-108138608.0,0.0,-3.2008056460949376e+29,-0.0,-27.035,-9.459508375396768e+22,4300,0,8,17170,4300,0.0,41,0.0,0.0,0.0,0.0,-0.0,0,0,0,0,0.0,0,0,0,0,0,0,0,0,0,0,0,0,0,0,0,0,0,0,0,0,0,0,0,0,0,0,0,0,0,0,0,0,0,10,36,36,46,65476,376,65476,1,0,4,21553,0.0,-0.0,0.0,0.0,0.0,0.0,0.0,0.0,0.0,0.0,0.0,0.0,0.0,0.0,0.0,0.0,0.0,0.0,0.0,0.0,0.0,2.004,0.0,-2.004,0.0,3.69707618246192e+19,0.0,0.0,0.0,0.0,6566.0,-0.0,0.0,-107615880.0,-0.0,2.718450196994422e+23,-2.7184507374263774e+23,0.0,0.0,2.004,2.004,227,-2.30882787541985e+20,-0.0,0.0,0.0,0.0,0.0,0.0,0.0,0.0,0,0,0,-1.6113601063858388e+28,1.5103849007020916e+38,2.022927006032469e+30,-1.5945277004608784e+31,-0.0,0.0,-54342.059,-2.304440023646424e+27,-0.0,-1.2579418163991534e+38,-128459284480.0,4.492719290958739e+23,0.0,88.637,0.0,1.1824141148966175e+22,0,1.3516416376850534e+27,227,0.0,454,0.0,5.541348168577109e+19,2112,52429,17109,0,17112,0,17096,0,0,0,101,100,100,2.7302343157793998e+23,66.7,2.730234495923385e+23,67.1,0.0,67.0,1,49,50,180,52429,52429,0,0,0.0,0.0,0.0,60.0,2.4217803345483566e+25,71.0,0.0,0.0,0.0,1069,0,1069,0,0,0,1069,0,1080,0,1000,0,670,0,672,0,667,0,677,0.032,1.4536034330083127e+22,2.004,2.73023467606737e+23,16656,16814,2.4217803345483566e+25,0.0,-0.0,0.0,-1.8962784061163483e+37,2.9284584705750833e+37,50.0,60.0,35,0.0,0.0,10.0,2.0,0.0,0.0,0.0,0.0,0.0,0.0,0.0,0.0,0.0,0.0,0.0,0.0,59.2,53,12,65510,27,65476,0,300,0,0,8,20529,65476,0,0,30147,60.0,0.0,10.0,10.0,2.0,0.0
2026-02-16T12:58:54,ERR,ERR,ERR,ERR,ERR,ERR,ERR,ERR,ERR,ERR,ERR,ERR,ERR,ERR,ERR,ERR,ERR,ERR,ERR,ERR,ERR,ERR,ERR,ERR,ERR,ERR,ERR,ERR,ERR,ERR,ERR,ERR,ERR,ERR,ERR,ERR,ERR,ERR,ERR,ERR,ERR,ERR,ERR,ERR,ERR,ERR,ERR,ERR,ERR,ERR,ERR,ERR,ERR,ERR,ERR,ERR,ERR,ERR,ERR,ERR,ERR,ERR,ERR,ERR,ERR,ERR,ERR,ERR,ERR,ERR,ERR,ERR,ERR,ERR,ERR,ERR,ERR,ERR,ERR,ERR,ERR,ERR,ERR,ERR,ERR,ERR,ERR,ERR,ERR,ERR,ERR,ERR,ERR,ERR,ERR,ERR,ERR,ERR,ERR,ERR,ERR,ERR,ERR,ERR,ERR,ERR,ERR,ERR,ERR,ERR,ERR,ERR,ERR,ERR,ERR,ERR,ERR,ERR,ERR,ERR,ERR,ERR,ERR,ERR,ERR,-107615880.0,-0.0,-108138608.0,0.0,-3.2008056460949376e+29,-0.0,-27.035,-9.459508375396768e+22,4300,0,8,17170,4300,0.0,41,0.0,0.0,0.0,0.0,-0.0,0,0,0,0,0.0,0,0,0,0,0,0,0,0,0,0,0,0,0,0,0,0,0,0,0,0,0,0,0,0,0,0,0,0,0,0,0,0,0,10,36,36,46,65476,376,65476,1,0,4,21553,0.0,-0.0,0.0,0.0,0.0,0.0,0.0,0.0,0.0,0.0,0.0,0.0,0.0,0.0,0.0,0.0,0.0,0.0,0.0,0.0,0.0,2.004,0.0,-2.004,0.0,3.69707618246192e+19,0.0,0.0,0.0,0.0,6566.0,-0.0,0.0,-107615880.0,-0.0,2.718450196994422e+23,-2.7184507374263774e+23,0.0,0.0,2.004,2.004,227,-2.30882787541985e+20,-0.0,0.0,0.0,0.0,0.0,0.0,0.0,0.0,0,0,0,-1.6113601063858388e+28,1.5103849007020916e+38,2.022927006032469e+30,-1.5945277004608784e+31,-0.0,0.0,-54342.059,-2.304440023646424e+27,-0.0,-1.2579418163991534e+38,-128459284480.0,4.492719290958739e+23,0.0,88.637,0.0,1.1824141148966175e+22,0,1.3516416376850534e+27,227,0.0,454,0.0,5.541348168577109e+19,2112,52429,17109,0,17112,0,17096,0,0,0,101,100,100,2.7302343157793998e+23,66.7,2.730234495923385e+23,67.1,0.0,67.0,1,49,50,180,52429,52429,0,0,0.0,0.0,0.0,60.0,2.4217803345483566e+25,71.0,0.0,0.0,0.0,1069,0,1069,0,0,0,1069,0,1080,0,1000,0,670,0,672,0,667,0,677,0.032,1.4536034330083127e+22,2.004,2.73023467606737e+23,16656,16814,2.4217803345483566e+25,0.0,-0.0,0.0,-1.8962784061163483e+37,2.9284584705750833e+37,50.0,60.0,35,0.0,0.0,10.0,2.0,0.0,0.0,0.0,0.0,0.0,0.0,0.0,0.0,0.0,0.0,0.0,0.0,58.8,53,12,65510,27,65476,0,300,0,0,8,20529,65476,0,0,30147,60.0,0.0,10.0,10.0,2.0,0.0
2026-02-16T12:58:55,ERR,ERR,ERR,ERR,ERR,ERR,ERR,ERR,ERR,ERR,ERR,ERR,ERR,ERR,ERR,ERR,ERR,ERR,ERR,ERR,ERR,ERR,ERR,ERR,ERR,ERR,ERR,ERR,ERR,ERR,ERR,ERR,ERR,ERR,ERR,ERR,ERR,ERR,ERR,ERR,ERR,ERR,ERR,ERR,ERR,ERR,ERR,ERR,ERR,ERR,ERR,ERR,ERR,ERR,ERR,ERR,ERR,ERR,ERR,ERR,ERR,ERR,ERR,ERR,ERR,ERR,ERR,ERR,ERR,ERR,ERR,ERR,ERR,ERR,ERR,ERR,ERR,ERR,ERR,ERR,ERR,ERR,ERR,ERR,ERR,ERR,ERR,ERR,ERR,ERR,ERR,ERR,ERR,ERR,ERR,ERR,ERR,ERR,ERR,ERR,ERR,ERR,ERR,ERR,ERR,ERR,ERR,ERR,ERR,ERR,ERR,ERR,ERR,ERR,ERR,ERR,ERR,ERR,ERR,ERR,ERR,ERR,ERR,ERR,ERR,-107615880.0,-0.0,-108138608.0,0.0,-3.2008056460949376e+29,-0.0,-27.035,-9.459508375396768e+22,4300,0,8,17170,4300,0.0,41,0.0,0.0,0.0,0.0,-0.0,0,0,0,0,0.0,0,0,0,0,0,0,0,0,0,0,0,0,0,0,0,0,0,0,0,0,0,0,0,0,0,0,0,0,0,0,0,0,0,10,36,36,46,65476,376,65476,1,0,4,21553,0.0,-0.0,0.0,0.0,0.0,0.0,0.0,0.0,0.0,0.0,0.0,0.0,0.0,0.0,0.0,0.0,0.0,0.0,0.0,0.0,0.0,2.004,0.0,-2.004,0.0,3.69707618246192e+19,0.0,0.0,0.0,0.0,6566.0,-0.0,0.0,-107615880.0,-0.0,2.718450196994422e+23,-2.7184507374263774e+23,0.0,0.0,2.004,2.004,227,-2.30882787541985e+20,-0.0,0.0,0.0,0.0,0.0,0.0,0.0,0.0,0,0,0,-1.6113601063858388e+28,1.5103849007020916e+38,2.022927006032469e+30,-1.5945277004608784e+31,-0.0,0.0,-54342.059,-2.304440023646424e+27,-0.0,-1.2579418163991534e+38,-128459284480.0,4.492719290958739e+23,0.0,88.637,0.0,1.1824141148966175e+22,0,1.3516416376850534e+27,227,0.0,454,0.0,5.541348168577109e+19,2112,52429,17109,0,17112,0,17096,0,0,0,101,100,100,2.7302343157793998e+23,66.7,2.730234495923385e+23,67.0,0.0,67.0,1,49,50,180,52429,52429,0,0,0.0,0.0,0.0,60.0,3.338517936477307e+17,71.0,0.0,0.0,0.0,1069,0,1069,0,0,0,1069,0,1080,0,1000,0,671,0,672,0,667,0,676,0.032,1.4609821306377965e+22,2.004,2.73023467606737e+23,19600,16814,2.2698052049954752e+23,0.106,-0.0,-1.67704905057669e+28,0.0,-0.0,50.0,60.0,35,0.0,0.0,10.0,2.0,0.0,0.0,0.0,0.0,0.0,0.0,0.0,0.0,0.0,0.0,0.0,0.0,58.8,53,12,65510,27,65476,0,300,0,0,8,20529,65476,0,0,30147,60.0,0.0,10.0,10.0,2.0,0.0
2026-02-16T12:58:56,ERR,ERR,ERR,ERR,ERR,ERR,ERR,ERR,ERR,ERR,ERR,ERR,ERR,ERR,ERR,ERR,ERR,ERR,ERR,ERR,ERR,ERR,ERR,ERR,ERR,ERR,ERR,ERR,ERR,ERR,ERR,ERR,ERR,ERR,ERR,ERR,ERR,ERR,ERR,ERR,ERR,ERR,ERR,ERR,ERR,ERR,ERR,ERR,ERR,ERR,ERR,ERR,ERR,ERR,ERR,ERR,ERR,ERR,ERR,ERR,ERR,ERR,ERR,ERR,ERR,ERR,ERR,ERR,ERR,ERR,ERR,ERR,ERR,ERR,ERR,ERR,ERR,ERR,ERR,ERR,ERR,ERR,ERR,ERR,ERR,ERR,ERR,ERR,ERR,ERR,ERR,ERR,ERR,ERR,ERR,ERR,ERR,ERR,ERR,ERR,ERR,ERR,ERR,ERR,ERR,ERR,ERR,ERR,ERR,ERR,ERR,ERR,ERR,ERR,ERR,ERR,ERR,ERR,ERR,ERR,ERR,ERR,ERR,ERR,ERR,-107615880.0,-0.0,-108138608.0,0.0,-3.2008056460949376e+29,-0.0,-27.035,-9.459508375396768e+22,4300,0,8,17170,4300,0.0,41,0.0,0.0,0.0,0.0,-0.0,0,0,0,0,0.0,0,0,0,0,0,0,0,0,0,0,0,0,0,0,0,0,0,0,0,0,0,0,0,0,0,0,0,0,0,0,0,0,0,10,36,36,46,65476,376,65476,1,0,4,21553,0.0,-0.0,0.0,0.0,0.0,0.0,0.0,0.0,0.0,0.0,0.0,0.0,0.0,0.0,0.0,0.0,0.0,0.0,0.0,0.0,0.0,2.004,0.0,-2.004,0.0,3.69707618246192e+19,0.0,0.0,0.0,0.0,6566.0,-0.0,0.0,-107615880.0,-0.0,2.718450196994422e+23,-2.7184507374263774e+23,0.0,0.0,2.004,2.004,227,-2.30882787541985e+20,-0.0,0.0,0.0,0.0,0.0,0.0,0.0,0.0,0,0,0,-1.6113601063858388e+28,1.5103849007020916e+38,2.022927006032469e+30,-1.5945277004608784e+31,-0.0,0.0,-54342.059,-2.304440023646424e+27,-0.0,-1.2579418163991534e+38,-128459284480.0,4.492719290958739e+23,0.0,88.637,0.0,1.1824141148966175e+22,0,1.3516416376850534e+27,227,0.0,454,0.0,5.541348168577109e+19,2112,52429,17109,0,17112,0,17096,0,0,0,101,100,100,2.7302343157793998e+23,66.7,2.730234495923385e+23,67.0,0.0,67.0,1,49,50,180,52429,52429,0,0,0.0,0.0,0.0,60.0,3.338517936477307e+17,71.0,0.0,0.0,0.0,1069,0,1069,0,0,0,1069,0,1080,0,1000,0,671,0,672,0,667,0,676,0.032,1.4609821306377965e+22,2.004,2.73023467606737e+23,19600,16814,2.2698052049954752e+23,0.106,-0.0,-1.67704905057669e+28,0.0,-0.0,50.0,60.0,35,0.0,0.0,10.0,2.0,0.0,0.0,0.0,0.0,0.0,0.0,0.0,0.0,0.0,0.0,0.0,0.0,58.8,53,12,65510,27,65476,0,300,0,0,8,20529,65476,0,0,30147,60.0,0.0,10.0,10.0,2.0,0.0
2026-02-16T12:58:57,ERR,ERR,ERR,ERR,ERR,ERR,ERR,ERR,ERR,ERR,ERR,ERR,ERR,ERR,ERR,ERR,ERR,ERR,ERR,ERR,ERR,ERR,ERR,ERR,ERR,ERR,ERR,ERR,ERR,ERR,ERR,ERR,ERR,ERR,ERR,ERR,ERR,ERR,ERR,ERR,ERR,ERR,ERR,ERR,ERR,ERR,ERR,ERR,ERR,ERR,ERR,ERR,ERR,ERR,ERR,ERR,ERR,ERR,ERR,ERR,ERR,ERR,ERR,ERR,ERR,ERR,ERR,ERR,ERR,ERR,ERR,ERR,ERR,ERR,ERR,ERR,ERR,ERR,ERR,ERR,ERR,ERR,ERR,ERR,ERR,ERR,ERR,ERR,ERR,ERR,ERR,ERR,ERR,ERR,ERR,ERR,ERR,ERR,ERR,ERR,ERR,ERR,ERR,ERR,ERR,ERR,ERR,ERR,ERR,ERR,ERR,ERR,ERR,ERR,ERR,ERR,ERR,ERR,ERR,ERR,ERR,ERR,ERR,ERR,ERR,-107615880.0,-0.0,-108138608.0,0.0,-3.2008056460949376e+29,3.3734904991152844e+29,-0.0,-1.730092015071566e+34,4300,0,8,17170,4300,0.0,41,0.0,0.0,0.0,0.0,-0.0,0,0,0,0,0.0,0,0,0,0,0,0,0,0,0,0,0,0,0,0,0,0,0,0,0,0,0,0,0,0,0,0,0,0,0,0,0,0,0,11,36,36,46,65476,376,65476,1,0,4,21553,0.0,-0.0,0.0,0.0,0.0,0.0,0.0,0.0,0.0,0.0,0.0,0.0,0.0,0.0,0.0,0.0,0.0,0.0,0.0,0.0,0.0,2.004,2.004,-2.004,-3.697074423243316e+19,3.69707618246192e+19,0.0,0.0,0.0,0.0,6561.0,-0.0,0.0,-107615880.0,-0.0,0.0,-2.7184507374263774e+23,0.0,0.0,2.004,2.004,226,-0.0,-0.0,0.0,0.0,0.0,0.0,0.0,0.0,0.0,0,0,0,-1.455376640644219e+17,0.0,5.567877405034414e+17,0.0,8.324772411126302e+34,177.258,-6.369037497506202e+16,-0.0,4015847035109376.0,-1.344341636125173e+38,-134901735424.0,4.799673112345266e+23,0.0,93.637,0.0,-0.0,0,1.3516416376850534e+27,226,0.0,452,0.0,-1.4035696821479504e+35,2112,52429,17109,0,17112,0,17096,0,0,0,101,100,100,2.7302343157793998e+23,66.7,2.730234495923385e+23,67.0,0.0,67.0,1,49,50,180,52429,52429,0,0,0.0,0.0,0.0,60.0,3.338517936477307e+17,71.0,0.0,0.0,0.0,1069,0,1069,0,0,0,1069,0,1080,0,1000,0,671,0,672,0,667,0,676,0.032,1.4609821306377965e+22,2.004,2.73023467606737e+23,19600,16814,2.2698052049954752e+23,0.106,-0.0,-1.67704905057669e+28,0.0,-0.0,50.0,60.0,35,0.0,0.0,10.0,2.0,0.0,0.0,0.0,0.0,0.0,0.0,0.0,0.0,0.0,0.0,0.0,0.0,58.8,53,12,65510,27,65476,0,300,0,0,8,20529,65476,0,0,30147,60.0,0.0,10.0,10.0,2.0,0.0
2026-02-16T12:58:58,ERR,ERR,ERR,ERR,ERR,ERR,ERR,ERR,ERR,ERR,ERR,ERR,ERR,ERR,ERR,ERR,ERR,ERR,ERR,ERR,ERR,ERR,ERR,ERR,ERR,ERR,ERR,ERR,ERR,ERR,ERR,ERR,ERR,ERR,ERR,ERR,ERR,ERR,ERR,ERR,ERR,ERR,ERR,ERR,ERR,ERR,ERR,ERR,ERR,ERR,ERR,ERR,ERR,ERR,ERR,ERR,ERR,ERR,ERR,ERR,ERR,ERR,ERR,ERR,ERR,ERR,ERR,ERR,ERR,ERR,ERR,ERR,ERR,ERR,ERR,ERR,ERR,ERR,ERR,ERR,ERR,ERR,ERR,ERR,ERR,ERR,ERR,ERR,ERR,ERR,ERR,ERR,ERR,ERR,ERR,ERR,ERR,ERR,ERR,ERR,ERR,ERR,ERR,ERR,ERR,ERR,ERR,ERR,ERR,ERR,ERR,ERR,ERR,ERR,ERR,ERR,ERR,ERR,ERR,ERR,ERR,ERR,ERR,ERR,ERR,-107615880.0,-0.0,-108138608.0,0.0,-3.2008056460949376e+29,3.3734904991152844e+29,-0.0,-1.730092015071566e+34,4300,0,8,17170,4300,0.0,41,0.0,0.0,0.0,0.0,-0.0,0,0,0,0,0.0,0,0,0,0,0,0,0,0,0,0,0,0,0,0,0,0,0,0,0,0,0,0,0,0,0,0,0,0,0,0,0,0,0,11,36,36,46,65476,376,65476,1,0,4,21553,0.0,-0.0,0.0,0.0,0.0,0.0,0.0,0.0,0.0,0.0,0.0,0.0,0.0,0.0,0.0,0.0,0.0,0.0,0.0,0.0,0.0,2.004,2.004,-2.004,-3.697074423243316e+19,3.69707618246192e+19,0.0,0.0,0.0,0.0,6561.0,-0.0,0.0,-107615880.0,-0.0,0.0,-2.7184507374263774e+23,0.0,0.0,2.004,2.004,226,-0.0,-0.0,0.0,0.0,0.0,0.0,0.0,0.0,0.0,0,0,0,-1.455376640644219e+17,0.0,5.567877405034414e+17,0.0,8.324772411126302e+34,177.258,-6.369037497506202e+16,-0.0,4015847035109376.0,-1.344341636125173e+38,-134901735424.0,4.799673112345266e+23,0.0,93.637,0.0,-0.0,0,1.3516416376850534e+27,226,0.0,452,0.0,-1.4035696821479504e+35,2112,52429,17109,0,17112,0,17096,0,0,0,101,100,100,2.7302343157793998e+23,66.7,2.730234495923385e+23,67.0,0.0,67.0,1,49,50,180,52429,52429,0,0,0.0,0.0,0.0,60.0,3.338517936477307e+17,71.0,0.0,0.0,0.0,1069,0,1069,0,0,0,1069,0,1080,0,1000,0,671,0,672,0,667,0,676,0.032,1.4609821306377965e+22,2.004,2.73023467606737e+23,19600,16814,2.2698052049954752e+23,0.106,-0.0,-1.67704905057669e+28,0.0,-0.0,50.0,60.0,35,0.0,0.0,10.0,2.0,0.0,0.0,0.0,0.0,0.0,0.0,0.0,0.0,0.0,0.0,0.0,0.0,59.2,53,12,65510,27,65476,0,300,0,0,8,20529,65476,0,0,30147,60.0,0.0,10.0,10.0,2.0,0.0
2026-02-16T12:58:59,ERR,ERR,ERR,ERR,ERR,ERR,ERR,ERR,ERR,ERR,ERR,ERR,ERR,ERR,ERR,ERR,ERR,ERR,ERR,ERR,ERR,ERR,ERR,ERR,ERR,ERR,ERR,ERR,ERR,ERR,ERR,ERR,ERR,ERR,ERR,ERR,ERR,ERR,ERR,ERR,ERR,ERR,ERR,ERR,ERR,ERR,ERR,ERR,ERR,ERR,ERR,ERR,ERR,ERR,ERR,ERR,ERR,ERR,ERR,ERR,ERR,ERR,ERR,ERR,ERR,ERR,ERR,ERR,ERR,ERR,ERR,ERR,ERR,ERR,ERR,ERR,ERR,ERR,ERR,ERR,ERR,ERR,ERR,ERR,ERR,ERR,ERR,ERR,ERR,ERR,ERR,ERR,ERR,ERR,ERR,ERR,ERR,ERR,ERR,ERR,ERR,ERR,ERR,ERR,ERR,ERR,ERR,ERR,ERR,ERR,ERR,ERR,ERR,ERR,ERR,ERR,ERR,ERR,ERR,ERR,ERR,ERR,ERR,ERR,ERR,-107615880.0,-0.0,-108138608.0,0.0,-3.2008056460949376e+29,3.3734904991152844e+29,-0.0,-1.730092015071566e+34,4300,0,8,17170,4300,0.0,41,0.0,0.0,0.0,0.0,-0.0,0,0,0,0,0.0,0,0,0,0,0,0,0,0,0,0,0,0,0,0,0,0,0,0,0,0,0,0,0,0,0,0,0,0,0,0,0,0,0,11,36,36,46,65476,376,65476,1,0,4,21553,0.0,-0.0,0.0,0.0,0.0,0.0,0.0,0.0,0.0,0.0,0.0,0.0,0.0,0.0,0.0,0.0,0.0,0.0,0.0,0.0,0.0,2.004,2.004,-2.004,-3.697074423243316e+19,3.69707618246192e+19,0.0,0.0,0.0,0.0,6561.0,-0.0,0.0,-107615880.0,-0.0,0.0,-2.7184507374263774e+23,0.0,0.0,2.004,2.004,226,-0.0,-0.0,0.0,0.0,0.0,0.0,0.0,0.0,0.0,0,0,0,-1.455376640644219e+17,0.0,5.567877405034414e+17,0.0,8.324772411126302e+34,177.258,-6.369037497506202e+16,-0.0,4015847035109376.0,-1.344341636125173e+38,-134901735424.0,4.799673112345266e+23,0.0,93.637,0.0,-0.0,0,1.3516416376850534e+27,226,0.0,452,0.0,-1.4035696821479504e+35,2112,52429,17109,0,17112,0,17096,0,0,0,101,100,100,2.7302343157793998e+23,66.7,2.730234495923385e+23,67.0,0.0,67.0,1,49,50,180,52429,52429,0,0,0.0,0.0,0.0,60.0,1.1746365730225716e+31,71.0,0.0,0.0,0.0,1069,0,1069,0,0,0,1069,0,1080,0,1000,0,671,0,672,0,667,0,676,0.032,1.4609821306377965e+22,0.0,0.0,15120,16814,1.0973593208361246e+34,0.0,8.281849085964684e+29,-7.282877242372035e+22,-2.1833397353079072e+38,3.723,50.0,60.0,35,0.0,0.0,10.0,2.0,0.0,0.0,0.0,0.0,0.0,0.0,0.0,0.0,0.0,0.0,0.0,0.0,59.2,53,12,65510,27,65476,0,300,0,0,8,20529,65476,0,0,30147,60.0,0.0,10.0,10.0,2.0,0.0
2026-02-16T12:59:00,ERR,ERR,ERR,ERR,ERR,ERR,ERR,ERR,ERR,ERR,ERR,ERR,ERR,ERR,ERR,ERR,ERR,ERR,ERR,ERR,ERR,ERR,ERR,ERR,ERR,ERR,ERR,ERR,ERR,ERR,ERR,ERR,ERR,ERR,ERR,ERR,ERR,ERR,ERR,ERR,ERR,ERR,ERR,ERR,ERR,ERR,ERR,ERR,ERR,ERR,ERR,ERR,ERR,ERR,ERR,ERR,ERR,ERR,ERR,ERR,ERR,ERR,ERR,ERR,ERR,ERR,ERR,ERR,ERR,ERR,ERR,ERR,ERR,ERR,ERR,ERR,ERR,ERR,ERR,ERR,ERR,ERR,ERR,ERR,ERR,ERR,ERR,ERR,ERR,ERR,ERR,ERR,ERR,ERR,ERR,ERR,ERR,ERR,ERR,ERR,ERR,ERR,ERR,ERR,ERR,ERR,ERR,ERR,ERR,ERR,ERR,ERR,ERR,ERR,ERR,ERR,ERR,ERR,ERR,ERR,ERR,ERR,ERR,ERR,ERR,-107615880.0,-0.0,-108138608.0,0.0,-3.2008056460949376e+29,3.3734904991152844e+29,-0.0,-1.730092015071566e+34,4300,0,8,17170,4300,0.0,41,0.0,0.0,0.0,0.0,-0.0,0,0,0,0,0.0,0,0,0,0,0,0,0,0,0,0,0,0,0,0,0,0,0,0,0,0,0,0,0,0,0,0,0,0,0,0,0,0,0,11,36,36,46,65476,376,65476,1,0,4,21553,0.0,-0.0,0.0,0.0,0.0,0.0,0.0,0.0,0.0,0.0,0.0,0.0,0.0,0.0,0.0,0.0,0.0,0.0,0.0,0.0,0.0,2.004,2.004,-2.004,-3.697074423243316e+19,3.69707618246192e+19,0.0,0.0,0.0,0.0,6561.0,-0.0,0.0,-107615880.0,-0.0,0.0,-2.7184507374263774e+23,0.0,0.0,2.004,2.004,226,-0.0,-0.0,0.0,0.0,0.0,0.0,0.0,0.0,0.0,0,0,0,-1.455376640644219e+17,0.0,5.567877405034414e+17,0.0,8.324772411126302e+34,177.258,-6.369037497506202e+16,-0.0,4015847035109376.0,-1.344341636125173e+38,-134901735424.0,4.799673112345266e+23,0.0,93.637,0.0,-0.0,0,1.3516416376850534e+27,226,0.0,452,0.0,-1.4035696821479504e+35,2112,52429,17109,0,17112,0,17096,0,0,0,101,100,100,2.7302343157793998e+23,66.7,2.730234495923385e+23,67.0,0.0,67.0,1,49,50,180,52429,52429,0,0,0.0,0.0,0.0,60.0,1.1746365730225716e+31,71.0,0.0,0.0,0.0,1069,0,1069,0,0,0,1069,0,1080,0,1000,0,671,0,672,0,667,0,676,0.032,1.4609821306377965e+22,0.0,0.0,15120,16814,1.0973593208361246e+34,0.0,8.281849085964684e+29,-7.282877242372035e+22,-2.1833397353079072e+38,3.723,50.0,60.0,35,0.0,0.0,10.0,2.0,0.0,0.0,0.0,0.0,0.0,0.0,0.0,0.0,0.0,0.0,0.0,0.0,59.2,53,12,65510,27,65476,0,300,0,0,8,20529,65476,0,0,30147,60.0,0.0,10.0,10.0,2.0,0.0
2026-02-16T12:59:01,ERR,ERR,ERR,ERR,ERR,ERR,ERR,ERR,ERR,ERR,ERR,ERR,ERR,ERR,ERR,ERR,ERR,ERR,ERR,ERR,ERR,ERR,ERR,ERR,ERR,ERR,ERR,ERR,ERR,ERR,ERR,ERR,ERR,ERR,ERR,ERR,ERR,ERR,ERR,ERR,ERR,ERR,ERR,ERR,ERR,ERR,ERR,ERR,ERR,ERR,ERR,ERR,ERR,ERR,ERR,ERR,ERR,ERR,ERR,ERR,ERR,ERR,ERR,ERR,ERR,ERR,ERR,ERR,ERR,ERR,ERR,ERR,ERR,ERR,ERR,ERR,ERR,ERR,ERR,ERR,ERR,ERR,ERR,ERR,ERR,ERR,ERR,ERR,ERR,ERR,ERR,ERR,ERR,ERR,ERR,ERR,ERR,ERR,ERR,ERR,ERR,ERR,ERR,ERR,ERR,ERR,ERR,ERR,ERR,ERR,ERR,ERR,ERR,ERR,ERR,ERR,ERR,ERR,ERR,ERR,ERR,ERR,ERR,ERR,ERR,-107615880.0,-0.0,-108138608.0,0.0,-3.2008056460949376e+29,3.3734904991152844e+29,-0.0,-1.730092015071566e+34,4300,0,8,17170,4300,0.0,41,0.0,0.0,0.0,0.0,-0.0,0,0,0,0,0.0,0,0,0,0,0,0,0,0,0,0,0,0,0,0,0,0,0,0,0,0,0,0,0,0,0,0,0,0,0,0,0,0,0,11,36,36,46,65476,376,65476,1,0,4,21553,0.0,-0.0,0.0,0.0,0.0,0.0,0.0,0.0,0.0,0.0,0.0,0.0,0.0,0.0,0.0,0.0,0.0,0.0,0.0,0.0,0.0,2.004,2.004,-2.004,-3.697074423243316e+19,3.69707618246192e+19,0.0,0.0,0.0,0.0,6561.0,-0.0,0.0,-107615880.0,-0.0,0.0,-2.7184507374263774e+23,0.0,0.0,2.004,2.004,226,-0.0,-0.0,0.0,0.0,0.0,0.0,0.0,0.0,0.0,0,0,0,-1.455376640644219e+17,0.0,5.567877405034414e+17,0.0,8.324772411126302e+34,177.258,-6.369037497506202e+16,-0.0,4015847035109376.0,-1.344341636125173e+38,-134901735424.0,4.799673112345266e+23,0.0,93.637,0.0,-0.0,0,1.3516416376850534e+27,226,0.0,452,0.0,-1.4035696821479504e+35,2112,52429,17109,0,17112,0,17096,0,0,0,101,100,100,2.7302343157793998e+23,66.7,2.730234495923385e+23,67.0,0.0,67.0,1,49,50,180,52429,52429,0,0,0.0,0.0,0.0,60.0,1.1746365730225716e+31,71.0,0.0,0.0,0.0,1069,0,1069,0,0,0,1069,0,1080,0,1000,0,671,0,672,0,667,0,676,0.032,1.4609821306377965e+22,0.0,0.0,15120,16814,1.0973593208361246e+34,0.0,8.281849085964684e+29,-7.282877242372035e+22,-2.1833397353079072e+38,3.723,50.0,60.0,35,0.0,0.0,10.0,2.0,0.0,0.0,0.0,0.0,0.0,0.0,0.0,0.0,0.0,0.0,0.0,0.0,58.8,53,12,65510,27,65476,0,300,0,0,8,20529,65476,0,0,30147,60.0,0.0,10.0,10.0,2.0,0.0
2026-02-16T12:59:02,ERR,ERR,ERR,ERR,ERR,ERR,ERR,ERR,ERR,ERR,ERR,ERR,ERR,ERR,ERR,ERR,ERR,ERR,ERR,ERR,ERR,ERR,ERR,ERR,ERR,ERR,ERR,ERR,ERR,ERR,ERR,ERR,ERR,ERR,ERR,ERR,ERR,ERR,ERR,ERR,ERR,ERR,ERR,ERR,ERR,ERR,ERR,ERR,ERR,ERR,ERR,ERR,ERR,ERR,ERR,ERR,ERR,ERR,ERR,ERR,ERR,ERR,ERR,ERR,ERR,ERR,ERR,ERR,ERR,ERR,ERR,ERR,ERR,ERR,ERR,ERR,ERR,ERR,ERR,ERR,ERR,ERR,ERR,ERR,ERR,ERR,ERR,ERR,ERR,ERR,ERR,ERR,ERR,ERR,ERR,ERR,ERR,ERR,ERR,ERR,ERR,ERR,ERR,ERR,ERR,ERR,ERR,ERR,ERR,ERR,ERR,ERR,ERR,ERR,ERR,ERR,ERR,ERR,ERR,ERR,ERR,ERR,ERR,ERR,ERR,-107615880.0,-0.0,-108138608.0,0.0,-3.2008056460949376e+29,-0.0,0.0,-0.006,4300,0,8,17170,4300,0.0,41,0.0,0.0,0.0,0.0,-0.0,0,0,0,0,0.0,0,0,0,0,0,0,0,0,0,0,0,0,0,0,0,0,0,0,0,0,0,0,0,0,0,0,0,0,0,0,0,0,0,11,36,36,46,65476,377,65476,1,0,4,21553,0.0,0.0,0.0,0.0,0.0,0.0,0.0,0.0,0.0,0.0,0.0,0.0,0.0,0.0,0.0,0.0,0.0,0.0,0.0,0.0,0.0,2.004,0.0,-2.004,-3.697074423243316e+19,2.004,0.0,0.0,0.0,0.0,6567.0,-0.0,0.0,-107615880.0,-0.0,2.718450196994422e+23,-107616264.0,0.0,0.0,2.004,2.004,227,-3.222002398308886e+26,-0.0,0.0,0.0,0.0,0.0,0.0,0.0,0.0,0,0,0,-5.865685880725374e+24,26016.953,2.8683388383835564e+26,2.7018997164379557e+29,-0.0,-2.6610830071710047e+21,-1.524360161178423e+29,-6.24644008111923e+23,-0.0,-1.4240953158722679e+38,-145249419264.0,5.083015101317445e+23,0.0,99.637,0.0,2.789187135705016e+28,0,1.3516416376850534e+27,227,0.0,452,2.40156025918058e+36,-0.0,2112,52429,17109,0,17112,0,17096,0,0,0,101,100,100,2.7302343157793998e+23,66.7,2.730234495923385e+23,67.0,0.0,67.0,1,49,50,180,39322,52429,0,0,0.0,0.0,0.0,60.0,4.4808829232123245e+25,71.0,0.0,-0.0,0.0,1069,0,1069,0,0,0,1069,0,1080,0,1000,0,671,0,672,0,667,0,676,0.032,1.8004022215940522e+22,0.0,0.0,24976,16814,4.4808829232123245e+25,-0.0,-0.0,1.6977236088545187e+24,0.0,2.4934119010319023e+26,50.0,60.0,35,0.0,0.0,10.0,2.0,0.0,0.0,0.0,0.0,0.0,0.0,0.0,0.0,0.0,0.0,0.0,0.0,58.8,53,12,65510,27,65476,0,300,0,0,8,20529,65476,0,0,30147,60.0,0.0,10.0,10.0,2.0,0.0
2026-02-16T12:59:03,ERR,ERR,ERR,ERR,ERR,ERR,ERR,ERR,ERR,ERR,ERR,ERR,ERR,ERR,ERR,ERR,ERR,ERR,ERR,ERR,ERR,ERR,ERR,ERR,ERR,ERR,ERR,ERR,ERR,ERR,ERR,ERR,ERR,ERR,ERR,ERR,ERR,ERR,ERR,ERR,ERR,ERR,ERR,ERR,ERR,ERR,ERR,ERR,ERR,ERR,ERR,ERR,ERR,ERR,ERR,ERR,ERR,ERR,ERR,ERR,ERR,ERR,ERR,ERR,ERR,ERR,ERR,ERR,ERR,ERR,ERR,ERR,ERR,ERR,ERR,ERR,ERR,ERR,ERR,ERR,ERR,ERR,ERR,ERR,ERR,ERR,ERR,ERR,ERR,ERR,ERR,ERR,ERR,ERR,ERR,ERR,ERR,ERR,ERR,ERR,ERR,ERR,ERR,ERR,ERR,ERR,ERR,ERR,ERR,ERR,ERR,ERR,ERR,ERR,ERR,ERR,ERR,ERR,ERR,ERR,ERR,ERR,ERR,ERR,ERR,-107615880.0,-0.0,-108138608.0,0.0,-3.2008056460949376e+29,-0.0,0.0,-0.006,4300,0,8,17170,4300,0.0,41,0.0,0.0,0.0,0.0,-0.0,0,0,0,0,0.0,0,0,0,0,0,0,0,0,0,0,0,0,0,0,0,0,0,0,0,0,0,0,0,0,0,0,0,0,0,0,0,0,0,11,36,36,46,65476,377,65476,1,0,4,21553,0.0,0.0,0.0,0.0,0.0,0.0,0.0,0.0,0.0,0.0,0.0,0.0,0.0,0.0,0.0,0.0,0.0,0.0,0.0,0.0,0.0,2.004,0.0,-2.004,-3.697074423243316e+19,2.004,0.0,0.0,0.0,0.0,6567.0,-0.0,0.0,-107615880.0,-0.0,2.718450196994422e+23,-107616264.0,0.0,0.0,2.004,2.004,227,-3.222002398308886e+26,-0.0,0.0,0.0,0.0,0.0,0.0,0.0,0.0,0,0,0,-5.865685880725374e+24,26016.953,2.8683388383835564e+26,2.7018997164379557e+29,-0.0,-2.6610830071710047e+21,-1.524360161178423e+29,-6.24644008111923e+23,-0.0,-1.4240953158722679e+38,-145249419264.0,5.083015101317445e+23,0.0,99.637,0.0,2.789187135705016e+28,0,1.3516416376850534e+27,227,0.0,452,2.40156025918058e+36,-0.0,2112,52429,17109,0,17112,0,17096,0,0,0,101,100,100,2.7302343157793998e+23,66.7,2.730234495923385e+23,67.0,0.0,67.0,1,49,50,180,39322,52429,0,0,0.0,0.0,0.0,60.0,4.4808829232123245e+25,71.0,0.0,-0.0,0.0,1069,0,1069,0,0,0,1069,0,1080,0,1000,0,671,0,672,0,667,0,676,0.032,1.8004022215940522e+22,0.0,0.0,24976,16814,4.4808829232123245e+25,-0.0,-0.0,1.6977236088545187e+24,0.0,2.4934119010319023e+26,50.0,60.0,35,0.0,0.0,10.0,2.0,0.0,0.0,0.0,0.0,0.0,0.0,0.0,0.0,0.0,0.0,0.0,0.0,58.8,53,12,65510,27,65476,0,300,0,0,8,20529,65476,0,0,30147,60.0,0.0,10.0,10.0,2.0,0.0
2026-02-16T12:59:04,ERR,ERR,ERR,ERR,ERR,ERR,ERR,ERR,ERR,ERR,ERR,ERR,ERR,ERR,ERR,ERR,ERR,ERR,ERR,ERR,ERR,ERR,ERR,ERR,ERR,ERR,ERR,ERR,ERR,ERR,ERR,ERR,ERR,ERR,ERR,ERR,ERR,ERR,ERR,ERR,ERR,ERR,ERR,ERR,ERR,ERR,ERR,ERR,ERR,ERR,ERR,ERR,ERR,ERR,ERR,ERR,ERR,ERR,ERR,ERR,ERR,ERR,ERR,ERR,ERR,ERR,ERR,ERR,ERR,ERR,ERR,ERR,ERR,ERR,ERR,ERR,ERR,ERR,ERR,ERR,ERR,ERR,ERR,ERR,ERR,ERR,ERR,ERR,ERR,ERR,ERR,ERR,ERR,ERR,ERR,ERR,ERR,ERR,ERR,ERR,ERR,ERR,ERR,ERR,ERR,ERR,ERR,ERR,ERR,ERR,ERR,ERR,ERR,ERR,ERR,ERR,ERR,ERR,ERR,ERR,ERR,ERR,ERR,ERR,ERR,-107615880.0,-0.0,-108138608.0,0.0,-3.2008056460949376e+29,-0.0,0.0,-0.006,4300,0,8,17170,4300,0.0,41,0.0,0.0,0.0,0.0,-0.0,0,0,0,0,0.0,0,0,0,0,0,0,0,0,0,0,0,0,0,0,0,0,0,0,0,0,0,0,0,0,0,0,0,0,0,0,0,0,0,11,36,36,46,65476,377,65476,1,0,4,21553,0.0,0.0,0.0,0.0,0.0,0.0,0.0,0.0,0.0,0.0,0.0,0.0,0.0,0.0,0.0,0.0,0.0,0.0,0.0,0.0,0.0,2.004,0.0,-2.004,-3.697074423243316e+19,2.004,0.0,0.0,0.0,0.0,6567.0,-0.0,0.0,-107615880.0,-0.0,2.718450196994422e+23,-107616264.0,0.0,0.0,2.004,2.004,227,-3.222002398308886e+26,-0.0,0.0,0.0,0.0,0.0,0.0,0.0,0.0,0,0,0,-5.865685880725374e+24,26016.953,2.8683388383835564e+26,2.7018997164379557e+29,-0.0,-2.6610830071710047e+21,-1.524360161178423e+29,-6.24644008111923e+23,-0.0,-1.4240953158722679e+38,-145249419264.0,5.083015101317445e+23,0.0,99.637,0.0,2.789187135705016e+28,0,1.3516416376850534e+27,227,0.0,452,2.40156025918058e+36,-0.0,2112,52429,17109,0,17112,0,17096,0,0,0,101,100,100,2.7302343157793998e+23,66.7,2.730234495923385e+23,67.0,0.0,67.0,1,49,50,180,39322,52429,0,0,0.0,0.0,0.0,60.0,4.4808829232123245e+25,71.0,0.0,-0.0,0.0,1069,0,1069,0,0,0,1069,0,1080,0,1000,0,671,0,672,0,667,0,676,0.032,1.8004022215940522e+22,0.0,0.0,24976,16814,4.4808829232123245e+25,-0.0,-0.0,1.6977236088545187e+24,0.0,2.4934119010319023e+26,50.0,60.0,35,0.0,0.0,10.0,2.0,0.0,0.0,0.0,0.0,0.0,0.0,0.0,0.0,0.0,0.0,0.0,0.0,58.8,53,12,65510,27,65476,0,300,0,0,8,20529,65476,0,0,30147,60.0,0.0,10.0,10.0,2.0,0.0
2026-02-16T12:59:05,ERR,ERR,ERR,ERR,ERR,ERR,ERR,ERR,ERR,ERR,ERR,ERR,ERR,ERR,ERR,ERR,ERR,ERR,ERR,ERR,ERR,ERR,ERR,ERR,ERR,ERR,ERR,ERR,ERR,ERR,ERR,ERR,ERR,ERR,ERR,ERR,ERR,ERR,ERR,ERR,ERR,ERR,ERR,ERR,ERR,ERR,ERR,ERR,ERR,ERR,ERR,ERR,ERR,ERR,ERR,ERR,ERR,ERR,ERR,ERR,ERR,ERR,ERR,ERR,ERR,ERR,ERR,ERR,ERR,ERR,ERR,ERR,ERR,ERR,ERR,ERR,ERR,ERR,ERR,ERR,ERR,ERR,ERR,ERR,ERR,ERR,ERR,ERR,ERR,ERR,ERR,ERR,ERR,ERR,ERR,ERR,ERR,ERR,ERR,ERR,ERR,ERR,ERR,ERR,ERR,ERR,ERR,ERR,ERR,ERR,ERR,ERR,ERR,ERR,ERR,ERR,ERR,ERR,ERR,ERR,ERR,ERR,ERR,ERR,ERR,-107615880.0,-0.0,-108138608.0,0.0,-3.2008056460949376e+29,-0.0,0.0,-0.006,4300,0,8,17170,4300,0.0,41,0.0,0.0,0.0,0.0,-0.0,0,0,0,0,0.0,0,0,0,0,0,0,0,0,0,0,0,0,0,0,0,0,0,0,0,0,0,0,0,0,0,0,0,0,0,0,0,0,0,11,36,36,46,65476,377,65476,1,0,4,21553,0.0,0.0,0.0,0.0,0.0,0.0,0.0,0.0,0.0,0.0,0.0,0.0,0.0,0.0,0.0,0.0,0.0,0.0,0.0,0.0,0.0,2.004,0.0,-2.004,-3.697074423243316e+19,2.004,0.0,0.0,0.0,0.0,6567.0,-0.0,0.0,-107615880.0,-0.0,2.718450196994422e+23,-107616264.0,0.0,0.0,2.004,2.004,227,-3.222002398308886e+26,-0.0,0.0,0.0,0.0,0.0,0.0,0.0,0.0,0,0,0,-5.865685880725374e+24,26016.953,2.8683388383835564e+26,2.7018997164379557e+29,-0.0,-2.6610830071710047e+21,-1.524360161178423e+29,-6.24644008111923e+23,-0.0,-1.4240953158722679e+38,-145249419264.0,5.083015101317445e+23,0.0,99.637,0.0,2.789187135705016e+28,0,1.3516416376850534e+27,227,0.0,452,2.40156025918058e+36,-0.0,2112,52429,17109,0,17112,0,17096,0,0,0,101,100,100,2.7302343157793998e+23,66.7,2.730234495923385e+23,67.0,0.0,67.0,1,49,50,180,39322,52429,0,0,0.0,0.0,0.0,60.0,nan,71.0,0.0,0.0,0.0,1068,0,1069,0,0,0,1069,0,1080,0,1000,0,671,0,672,0,667,0,677,0.032,1.6675856642633435e+22,2.004,2.73023467606737e+23,17552,16814,nan,3.187950753696522e+20,-0.0,0.0,0.0,0.0,50.0,60.0,35,0.0,0.0,10.0,2.0,0.0,0.0,0.0,0.0,0.0,0.0,0.0,0.0,0.0,0.0,0.0,0.0,58.8,53,12,65510,27,65476,0,300,0,0,8,20529,65476,0,0,30147,60.0,0.0,10.0,10.0,2.0,0.0
2026-02-16T12:59:06,ERR,ERR,ERR,ERR,ERR,ERR,ERR,ERR,ERR,ERR,ERR,ERR,ERR,ERR,ERR,ERR,ERR,ERR,ERR,ERR,ERR,ERR,ERR,ERR,ERR,ERR,ERR,ERR,ERR,ERR,ERR,ERR,ERR,ERR,ERR,ERR,ERR,ERR,ERR,ERR,ERR,ERR,ERR,ERR,ERR,ERR,ERR,ERR,ERR,ERR,ERR,ERR,ERR,ERR,ERR,ERR,ERR,ERR,ERR,ERR,ERR,ERR,ERR,ERR,ERR,ERR,ERR,ERR,ERR,ERR,ERR,ERR,ERR,ERR,ERR,ERR,ERR,ERR,ERR,ERR,ERR,ERR,ERR,ERR,ERR,ERR,ERR,ERR,ERR,ERR,ERR,ERR,ERR,ERR,ERR,ERR,ERR,ERR,ERR,ERR,ERR,ERR,ERR,ERR,ERR,ERR,ERR,ERR,ERR,ERR,ERR,ERR,ERR,ERR,ERR,ERR,ERR,ERR,ERR,ERR,ERR,ERR,ERR,ERR,ERR,0.0,-0.0,0.0,0.0,0.0,3.349333727906135e+20,-0.0,0.0,4300,0,8,17169,4300,0.0,41,0.0,0.0,0.0,0.0,-0.0,0,0,0,0,0.0,0,0,0,0,0,0,0,0,0,0,0,0,0,0,0,0,0,0,0,0,0,0,0,0,0,0,0,0,0,0,0,0,0,11,36,36,46,65476,378,65476,1,0,4,21553,0.0,0.0,0.0,0.0,0.0,0.0,0.0,0.0,0.0,0.0,0.0,0.0,0.0,0.0,0.0,0.0,0.0,0.0,0.0,0.0,0.0,2.004,0.0,-2.004,0.0,3.69707618246192e+19,0.0,0.0,0.0,0.0,6567.0,-2.004,0.0,-107615880.0,-0.0,0.0,-107616264.0,0.0,0.0,2.004,2.004,228,-4.950401131092143e+32,-0.0,0.0,0.0,0.0,0.0,0.0,0.0,0.0,0,0,0,-1.419071789233636e+29,-3.98694953671751e+32,2.7739671846490514e+28,0.0,-0.0,0.0,-8.369412187542282e+30,-2.4179684512513653e+35,-0.0,-1.5038489956193629e+38,-157060579328.0,5.342745257875275e+23,0.0,104.637,0.0,1.1983571422330137e+37,0,1.3516416376850534e+27,228,0.0,456,0.0,5.541348168577109e+19,2112,52429,17109,0,17112,0,17096,0,0,0,101,100,100,2.7302343157793998e+23,66.7,2.730234495923385e+23,67.0,0.0,67.0,1,49,50,180,39322,52429,0,0,0.0,0.0,0.0,60.0,nan,71.0,0.0,0.0,0.0,1068,0,1069,0,0,0,1069,0,1080,0,1000,0,671,0,672,0,667,0,677,0.032,1.6675856642633435e+22,2.004,2.73023467606737e+23,17552,16814,nan,3.187950753696522e+20,-0.0,0.0,0.0,0.0,50.0,60.0,35,0.0,0.0,10.0,2.0,0.0,0.0,0.0,0.0,0.0,0.0,0.0,0.0,0.0,0.0,0.0,0.0,58.8,53,12,65510,27,65476,0,300,0,0,8,20529,65476,0,0,30147,60.0,0.0,10.0,10.0,2.0,0.0
2026-02-16T12:59:07,ERR,ERR,ERR,ERR,ERR,ERR,ERR,ERR,ERR,ERR,ERR,ERR,ERR,ERR,ERR,ERR,ERR,ERR,ERR,ERR,ERR,ERR,ERR,ERR,ERR,ERR,ERR,ERR,ERR,ERR,ERR,ERR,ERR,ERR,ERR,ERR,ERR,ERR,ERR,ERR,ERR,ERR,ERR,ERR,ERR,ERR,ERR,ERR,ERR,ERR,ERR,ERR,ERR,ERR,ERR,ERR,ERR,ERR,ERR,ERR,ERR,ERR,ERR,ERR,ERR,ERR,ERR,ERR,ERR,ERR,ERR,ERR,ERR,ERR,ERR,ERR,ERR,ERR,ERR,ERR,ERR,ERR,ERR,ERR,ERR,ERR,ERR,ERR,ERR,ERR,ERR,ERR,ERR,ERR,ERR,ERR,ERR,ERR,ERR,ERR,ERR,ERR,ERR,ERR,ERR,ERR,ERR,ERR,ERR,ERR,ERR,ERR,ERR,ERR,ERR,ERR,ERR,ERR,ERR,ERR,ERR,ERR,ERR,ERR,ERR,0.0,-0.0,0.0,0.0,0.0,3.349333727906135e+20,-0.0,0.0,4300,0,8,17169,4300,0.0,41,0.0,0.0,0.0,0.0,-0.0,0,0,0,0,0.0,0,0,0,0,0,0,0,0,0,0,0,0,0,0,0,0,0,0,0,0,0,0,0,0,0,0,0,0,0,0,0,0,0,11,36,36,46,65476,378,65476,1,0,4,21553,0.0,0.0,0.0,0.0,0.0,0.0,0.0,0.0,0.0,0.0,0.0,0.0,0.0,0.0,0.0,0.0,0.0,0.0,0.0,0.0,0.0,2.004,0.0,-2.004,0.0,3.69707618246192e+19,0.0,0.0,0.0,0.0,6567.0,-2.004,0.0,-107615880.0,-0.0,0.0,-107616264.0,0.0,0.0,2.004,2.004,228,-4.950401131092143e+32,-0.0,0.0,0.0,0.0,0.0,0.0,0.0,0.0,0,0,0,-1.419071789233636e+29,-3.98694953671751e+32,2.7739671846490514e+28,0.0,-0.0,0.0,-8.369412187542282e+30,-2.4179684512513653e+35,-0.0,-1.5038489956193629e+38,-157060579328.0,5.342745257875275e+23,0.0,104.637,0.0,1.1983571422330137e+37,0,1.3516416376850534e+27,228,0.0,456,0.0,5.541348168577109e+19,2112,52429,17109,0,17112,0,17096,0,0,0,101,100,100,2.7302343157793998e+23,66.7,2.730234495923385e+23,67.0,0.0,67.0,1,49,50,180,39322,52429,0,0,0.0,0.0,0.0,60.0,nan,71.0,0.0,0.0,0.0,1068,0,1069,0,0,0,1069,0,1080,0,1000,0,671,0,672,0,667,0,677,0.032,1.6675856642633435e+22,2.004,2.73023467606737e+23,17552,16814,nan,3.187950753696522e+20,-0.0,0.0,0.0,0.0,50.0,60.0,35,0.0,0.0,10.0,2.0,0.0,0.0,0.0,0.0,0.0,0.0,0.0,0.0,0.0,0.0,0.0,0.0,58.8,53,12,65510,27,65476,0,300,0,0,8,20529,65476,0,0,30147,60.0,0.0,10.0,10.0,2.0,0.0
2026-02-16T12:59:08,ERR,ERR,ERR,ERR,ERR,ERR,ERR,ERR,ERR,ERR,ERR,ERR,ERR,ERR,ERR,ERR,ERR,ERR,ERR,ERR,ERR,ERR,ERR,ERR,ERR,ERR,ERR,ERR,ERR,ERR,ERR,ERR,ERR,ERR,ERR,ERR,ERR,ERR,ERR,ERR,ERR,ERR,ERR,ERR,ERR,ERR,ERR,ERR,ERR,ERR,ERR,ERR,ERR,ERR,ERR,ERR,ERR,ERR,ERR,ERR,ERR,ERR,ERR,ERR,ERR,ERR,ERR,ERR,ERR,ERR,ERR,ERR,ERR,ERR,ERR,ERR,ERR,ERR,ERR,ERR,ERR,ERR,ERR,ERR,ERR,ERR,ERR,ERR,ERR,ERR,ERR,ERR,ERR,ERR,ERR,ERR,ERR,ERR,ERR,ERR,ERR,ERR,ERR,ERR,ERR,ERR,ERR,ERR,ERR,ERR,ERR,ERR,ERR,ERR,ERR,ERR,ERR,ERR,ERR,ERR,ERR,ERR,ERR,ERR,ERR,0.0,-0.0,0.0,0.0,0.0,3.349333727906135e+20,-0.0,0.0,4300,0,8,17169,4300,0.0,41,0.0,0.0,0.0,0.0,-0.0,0,0,0,0,0.0,0,0,0,0,0,0,0,0,0,0,0,0,0,0,0,0,0,0,0,0,0,0,0,0,0,0,0,0,0,0,0,0,0,11,36,36,46,65476,378,65476,1,0,4,21553,0.0,0.0,0.0,0.0,0.0,0.0,0.0,0.0,0.0,0.0,0.0,0.0,0.0,0.0,0.0,0.0,0.0,0.0,0.0,0.0,0.0,2.004,0.0,-2.004,0.0,3.69707618246192e+19,0.0,0.0,0.0,0.0,6567.0,-2.004,0.0,-107615880.0,-0.0,0.0,-107616264.0,0.0,0.0,2.004,2.004,228,-4.950401131092143e+32,-0.0,0.0,0.0,0.0,0.0,0.0,0.0,0.0,0,0,0,-1.419071789233636e+29,-3.98694953671751e+32,2.7739671846490514e+28,0.0,-0.0,0.0,-8.369412187542282e+30,-2.4179684512513653e+35,-0.0,-1.5038489956193629e+38,-157060579328.0,5.342745257875275e+23,0.0,104.637,0.0,1.1983571422330137e+37,0,1.3516416376850534e+27,228,0.0,456,0.0,5.541348168577109e+19,2112,52429,17109,0,17112,0,17096,0,0,0,101,100,100,2.7302343157793998e+23,66.7,2.730234495923385e+23,67.0,0.0,67.0,1,49,50,180,39322,52429,0,0,0.0,0.0,0.0,60.0,nan,71.0,0.0,0.0,0.0,1068,0,1069,0,0,0,1069,0,1080,0,1000,0,671,0,672,0,667,0,677,0.032,1.6675856642633435e+22,2.004,2.73023467606737e+23,17552,16814,nan,3.187950753696522e+20,-0.0,0.0,0.0,0.0,50.0,60.0,35,0.0,0.0,10.0,2.0,0.0,0.0,0.0,0.0,0.0,0.0,0.0,0.0,0.0,0.0,0.0,0.0,58.8,53,12,65510,27,65476,0,300,0,0,8,20529,65476,0,0,30147,60.0,0.0,10.0,10.0,2.0,0.0
2026-02-16T12:59:09,ERR,ERR,ERR,ERR,ERR,ERR,ERR,ERR,ERR,ERR,ERR,ERR,ERR,ERR,ERR,ERR,ERR,ERR,ERR,ERR,ERR,ERR,ERR,ERR,ERR,ERR,ERR,ERR,ERR,ERR,ERR,ERR,ERR,ERR,ERR,ERR,ERR,ERR,ERR,ERR,ERR,ERR,ERR,ERR,ERR,ERR,ERR,ERR,ERR,ERR,ERR,ERR,ERR,ERR,ERR,ERR,ERR,ERR,ERR,ERR,ERR,ERR,ERR,ERR,ERR,ERR,ERR,ERR,ERR,ERR,ERR,ERR,ERR,ERR,ERR,ERR,ERR,ERR,ERR,ERR,ERR,ERR,ERR,ERR,ERR,ERR,ERR,ERR,ERR,ERR,ERR,ERR,ERR,ERR,ERR,ERR,ERR,ERR,ERR,ERR,ERR,ERR,ERR,ERR,ERR,ERR,ERR,ERR,ERR,ERR,ERR,ERR,ERR,ERR,ERR,ERR,ERR,ERR,ERR,ERR,ERR,ERR,ERR,ERR,ERR,0.0,-0.0,0.0,0.0,0.0,3.349333727906135e+20,-0.0,0.0,4300,0,8,17169,4300,0.0,41,0.0,0.0,0.0,0.0,-0.0,0,0,0,0,0.0,0,0,0,0,0,0,0,0,0,0,0,0,0,0,0,0,0,0,0,0,0,0,0,0,0,0,0,0,0,0,0,0,0,11,36,36,46,65476,378,65476,1,0,4,21553,0.0,0.0,0.0,0.0,0.0,0.0,0.0,0.0,0.0,0.0,0.0,0.0,0.0,0.0,0.0,0.0,0.0,0.0,0.0,0.0,0.0,2.004,0.0,-2.004,0.0,3.69707618246192e+19,0.0,0.0,0.0,0.0,6567.0,-2.004,0.0,-107615880.0,-0.0,0.0,-107616264.0,0.0,0.0,2.004,2.004,228,-4.950401131092143e+32,-0.0,0.0,0.0,0.0,0.0,0.0,0.0,0.0,0,0,0,-1.419071789233636e+29,-3.98694953671751e+32,2.7739671846490514e+28,0.0,-0.0,0.0,-8.369412187542282e+30,-2.4179684512513653e+35,-0.0,-1.5038489956193629e+38,-157060579328.0,5.342745257875275e+23,0.0,104.637,0.0,1.1983571422330137e+37,0,1.3516416376850534e+27,228,0.0,456,0.0,5.541348168577109e+19,2112,52429,17109,0,17112,52429,17095,0,0,0,101,100,100,2.7302343157793998e+23,66.7,2.730234495923385e+23,67.1,0.0,67.0,1,49,50,180,39322,52429,0,0,0.0,0.0,0.0,60.0,3.2504585421816033e+33,71.0,0.0,9.238090539308836e+19,0.0,1068,0,1069,0,0,0,1069,0,1080,0,1000,0,671,0,672,0,667,0,677,0.032,1.4609821306377965e+22,2.004,2.73023467606737e+23,19856,16814,4.28385216916437e+36,9.238090539308836e+19,2.9143406965463655e+38,3878968.5,0.0,0.0,50.0,60.0,35,0.0,0.0,10.0,2.0,0.0,0.0,0.0,0.0,0.0,0.0,0.0,0.0,0.0,0.0,0.0,0.0,58.8,53,12,65510,27,65476,0,300,0,0,8,20529,65476,0,0,30147,60.0,0.0,10.0,10.0,2.0,0.0
2026-02-16T12:59:10,ERR,ERR,ERR,ERR,ERR,ERR,ERR,ERR,ERR,ERR,ERR,ERR,ERR,ERR,ERR,ERR,ERR,ERR,ERR,ERR,ERR,ERR,ERR,ERR,ERR,ERR,ERR,ERR,ERR,ERR,ERR,ERR,ERR,ERR,ERR,ERR,ERR,ERR,ERR,ERR,ERR,ERR,ERR,ERR,ERR,ERR,ERR,ERR,ERR,ERR,ERR,ERR,ERR,ERR,ERR,ERR,ERR,ERR,ERR,ERR,ERR,ERR,ERR,ERR,ERR,ERR,ERR,ERR,ERR,ERR,ERR,ERR,ERR,ERR,ERR,ERR,ERR,ERR,ERR,ERR,ERR,ERR,ERR,ERR,ERR,ERR,ERR,ERR,ERR,ERR,ERR,ERR,ERR,ERR,ERR,ERR,ERR,ERR,ERR,ERR,ERR,ERR,ERR,ERR,ERR,ERR,ERR,ERR,ERR,ERR,ERR,ERR,ERR,ERR,ERR,ERR,ERR,ERR,ERR,ERR,ERR,ERR,ERR,ERR,ERR,0.0,-0.0,0.0,0.0,0.0,3.349333727906135e+20,-0.0,0.0,4300,0,8,17169,4300,0.0,41,0.0,0.0,0.0,0.0,-0.0,0,0,0,0,0.0,0,0,0,0,0,0,0,0,0,0,0,0,0,0,0,0,0,0,0,0,0,0,0,0,0,0,0,0,0,0,0,0,0,11,36,36,46,65476,378,65476,1,0,4,21553,0.0,0.0,0.0,0.0,0.0,0.0,0.0,0.0,0.0,0.0,0.0,0.0,0.0,0.0,0.0,0.0,0.0,0.0,0.0,0.0,0.0,2.004,0.0,-2.004,0.0,3.69707618246192e+19,0.0,0.0,0.0,0.0,6567.0,-2.004,0.0,-107615880.0,-0.0,0.0,-107616264.0,0.0,0.0,2.004,2.004,228,-4.950401131092143e+32,-0.0,0.0,0.0,0.0,0.0,0.0,0.0,0.0,0,0,0,-1.419071789233636e+29,-3.98694953671751e+32,2.7739671846490514e+28,0.0,-0.0,0.0,-8.369412187542282e+30,-2.4179684512513653e+35,-0.0,-1.5038489956193629e+38,-157060579328.0,5.342745257875275e+23,0.0,104.637,0.0,1.1983571422330137e+37,0,1.3516416376850534e+27,228,0.0,456,0.0,5.541348168577109e+19,2112,52429,17109,0,17112,52429,17095,0,0,0,101,100,100,2.7302343157793998e+23,66.7,2.730234495923385e+23,67.1,0.0,67.0,1,49,50,180,39322,52429,0,0,0.0,0.0,0.0,60.0,3.2504585421816033e+33,71.0,0.0,9.238090539308836e+19,0.0,1068,0,1069,0,0,0,1069,0,1080,0,1000,0,671,0,672,0,667,0,677,0.032,1.4609821306377965e+22,2.004,2.73023467606737e+23,19856,16814,4.28385216916437e+36,9.238090539308836e+19,2.9143406965463655e+38,3878968.5,0.0,0.0,50.0,60.0,35,0.0,0.0,10.0,2.0,0.0,0.0,0.0,0.0,0.0,0.0,0.0,0.0,0.0,0.0,0.0,0.0,58.8,53,12,65510,27,65476,0,300,0,0,8,20529,65476,0,0,30147,60.0,0.0,10.0,10.0,2.0,0.0
2026-02-16T12:59:11,ERR,ERR,ERR,ERR,ERR,ERR,ERR,ERR,ERR,ERR,ERR,ERR,ERR,ERR,ERR,ERR,ERR,ERR,ERR,ERR,ERR,ERR,ERR,ERR,ERR,ERR,ERR,ERR,ERR,ERR,ERR,ERR,ERR,ERR,ERR,ERR,ERR,ERR,ERR,ERR,ERR,ERR,ERR,ERR,ERR,ERR,ERR,ERR,ERR,ERR,ERR,ERR,ERR,ERR,ERR,ERR,ERR,ERR,ERR,ERR,ERR,ERR,ERR,ERR,ERR,ERR,ERR,ERR,ERR,ERR,ERR,ERR,ERR,ERR,ERR,ERR,ERR,ERR,ERR,ERR,ERR,ERR,ERR,ERR,ERR,ERR,ERR,ERR,ERR,ERR,ERR,ERR,ERR,ERR,ERR,ERR,ERR,ERR,ERR,ERR,ERR,ERR,ERR,ERR,ERR,ERR,ERR,ERR,ERR,ERR,ERR,ERR,ERR,ERR,ERR,ERR,ERR,ERR,ERR,ERR,ERR,ERR,ERR,ERR,ERR,-107615880.0,-0.0,-108138608.0,0.0,-3.2008056460949376e+29,5.701708311099867e+18,-0.0,0.0,4300,0,8,17169,4300,0.0,41,0.0,0.0,0.0,0.0,-0.0,0,0,0,0,0.0,0,0,0,0,0,0,0,0,0,0,0,0,0,0,0,0,0,0,0,0,0,0,0,0,0,0,0,0,0,0,0,0,0,11,36,36,47,65476,378,65476,1,0,4,21553,0.0,-0.0,0.0,0.0,0.0,0.0,0.0,0.0,0.0,0.0,0.0,0.0,0.0,0.0,0.0,0.0,0.0,0.0,0.0,0.0,0.0,2.004,0.0,-2.004,-3.697074423243316e+19,0.0,0.0,0.0,0.0,0.0,6567.0,-2.4230020278207133e+24,0.0,0.0,-0.0,0.0,-0.0,0.0,0.0,2.004,2.004,228,-4.950401131092143e+32,-89221.023,0.0,0.0,0.0,0.0,0.0,0.0,0.0,0,0,0,-3.931884092374647e+18,2.082288890553006e+30,2.8871745873962923e+27,2.54185969179733e+26,-0.0,7.937936566234644e+17,-0.0,-62534.02,119997661708288.0,-1.5836026753664578e+38,-172092964864.0,5.6733109116761504e+23,0.0,111.137,0.0,2.89609445911607e+22,0,1.3516416376850534e+27,228,0.0,456,2.40156025918058e+36,0.0,2112,52429,17109,0,17112,52429,17095,0,0,0,101,100,100,2.7302343157793998e+23,66.7,2.730234495923385e+23,67.1,0.0,67.0,1,49,50,180,39322,52429,0,0,0.0,0.0,0.0,60.0,3.2504585421816033e+33,71.0,0.0,9.238090539308836e+19,0.0,1068,0,1069,0,0,0,1069,0,1080,0,1000,0,671,0,672,0,667,0,677,0.032,1.4609821306377965e+22,2.004,2.73023467606737e+23,19856,16814,4.28385216916437e+36,9.238090539308836e+19,2.9143406965463655e+38,3878968.5,0.0,0.0,50.0,60.0,35,0.0,0.0,10.0,2.0,0.0,0.0,0.0,0.0,0.0,0.0,0.0,0.0,0.0,0.0,0.0,0.0,58.8,53,12,65510,27,65476,0,300,0,0,8,20529,65476,0,0,30147,60.0,0.0,10.0,10.0,2.0,0.0
2026-02-16T12:59:12,ERR,ERR,ERR,ERR,ERR,ERR,ERR,ERR,ERR,ERR,ERR,ERR,ERR,ERR,ERR,ERR,ERR,ERR,ERR,ERR,ERR,ERR,ERR,ERR,ERR,ERR,ERR,ERR,ERR,ERR,ERR,ERR,ERR,ERR,ERR,ERR,ERR,ERR,ERR,ERR,ERR,ERR,ERR,ERR,ERR,ERR,ERR,ERR,ERR,ERR,ERR,ERR,ERR,ERR,ERR,ERR,ERR,ERR,ERR,ERR,ERR,ERR,ERR,ERR,ERR,ERR,ERR,ERR,ERR,ERR,ERR,ERR,ERR,ERR,ERR,ERR,ERR,ERR,ERR,ERR,ERR,ERR,ERR,ERR,ERR,ERR,ERR,ERR,ERR,ERR,ERR,ERR,ERR,ERR,ERR,ERR,ERR,ERR,ERR,ERR,ERR,ERR,ERR,ERR,ERR,ERR,ERR,ERR,ERR,ERR,ERR,ERR,ERR,ERR,ERR,ERR,ERR,ERR,ERR,ERR,ERR,ERR,ERR,ERR,ERR,-107615880.0,-0.0,-108138608.0,0.0,-3.2008056460949376e+29,5.701708311099867e+18,-0.0,0.0,4300,0,8,17169,4300,0.0,41,0.0,0.0,0.0,0.0,-0.0,0,0,0,0,0.0,0,0,0,0,0,0,0,0,0,0,0,0,0,0,0,0,0,0,0,0,0,0,0,0,0,0,0,0,0,0,0,0,0,11,36,36,47,65476,378,65476,1,0,4,21553,0.0,-0.0,0.0,0.0,0.0,0.0,0.0,0.0,0.0,0.0,0.0,0.0,0.0,0.0,0.0,0.0,0.0,0.0,0.0,0.0,0.0,2.004,0.0,-2.004,-3.697074423243316e+19,0.0,0.0,0.0,0.0,0.0,6567.0,-2.4230020278207133e+24,0.0,0.0,-0.0,0.0,-0.0,0.0,0.0,2.004,2.004,228,-4.950401131092143e+32,-89221.023,0.0,0.0,0.0,0.0,0.0,0.0,0.0,0,0,0,-3.931884092374647e+18,2.082288890553006e+30,2.8871745873962923e+27,2.54185969179733e+26,-0.0,7.937936566234644e+17,-0.0,-62534.02,119997661708288.0,-1.5836026753664578e+38,-172092964864.0,5.6733109116761504e+23,0.0,111.137,0.0,2.89609445911607e+22,0,1.3516416376850534e+27,228,0.0,456,2.40156025918058e+36,0.0,2112,52429,17109,0,17112,52429,17095,0,0,0,101,100,100,2.7302343157793998e+23,66.7,2.730234495923385e+23,67.1,0.0,67.0,1,49,50,180,39322,52429,0,0,0.0,0.0,0.0,60.0,3.6067189616448416e+32,71.0,0.0,-0.0,0.0,1068,0,1069,0,0,0,1069,0,1080,0,999,0,671,0,672,0,667,0,678,0.032,1.4536034330083127e+22,2.004,2.73023467606737e+23,26768,16814,1.5597982597993827e+34,-9095534920859648.0,-52949061632.0,-0.0,-0.0,7.678575971596575e+24,50.0,60.0,35,0.0,0.0,10.0,2.0,0.0,0.0,0.0,0.0,0.0,0.0,0.0,0.0,0.0,0.0,0.0,0.0,59.2,53,12,65510,27,65476,0,300,0,0,8,20529,65476,0,0,30147,60.0,0.0,10.0,10.0,2.0,0.0
2026-02-16T12:59:13,ERR,ERR,ERR,ERR,ERR,ERR,ERR,ERR,ERR,ERR,ERR,ERR,ERR,ERR,ERR,ERR,ERR,ERR,ERR,ERR,ERR,ERR,ERR,ERR,ERR,ERR,ERR,ERR,ERR,ERR,ERR,ERR,ERR,ERR,ERR,ERR,ERR,ERR,ERR,ERR,ERR,ERR,ERR,ERR,ERR,ERR,ERR,ERR,ERR,ERR,ERR,ERR,ERR,ERR,ERR,ERR,ERR,ERR,ERR,ERR,ERR,ERR,ERR,ERR,ERR,ERR,ERR,ERR,ERR,ERR,ERR,ERR,ERR,ERR,ERR,ERR,ERR,ERR,ERR,ERR,ERR,ERR,ERR,ERR,ERR,ERR,ERR,ERR,ERR,ERR,ERR,ERR,ERR,ERR,ERR,ERR,ERR,ERR,ERR,ERR,ERR,ERR,ERR,ERR,ERR,ERR,ERR,ERR,ERR,ERR,ERR,ERR,ERR,ERR,ERR,ERR,ERR,ERR,ERR,ERR,ERR,ERR,ERR,ERR,ERR,-107615880.0,-0.0,-108138608.0,0.0,-3.2008056460949376e+29,5.701708311099867e+18,-0.0,0.0,4300,0,8,17169,4300,0.0,41,0.0,0.0,0.0,0.0,-0.0,0,0,0,0,0.0,0,0,0,0,0,0,0,0,0,0,0,0,0,0,0,0,0,0,0,0,0,0,0,0,0,0,0,0,0,0,0,0,0,11,36,36,47,65476,378,65476,1,0,4,21553,0.0,-0.0,0.0,0.0,0.0,0.0,0.0,0.0,0.0,0.0,0.0,0.0,0.0,0.0,0.0,0.0,0.0,0.0,0.0,0.0,0.0,2.004,0.0,-2.004,-3.697074423243316e+19,0.0,0.0,0.0,0.0,0.0,6567.0,-2.4230020278207133e+24,0.0,0.0,-0.0,0.0,-0.0,0.0,0.0,2.004,2.004,228,-4.950401131092143e+32,-89221.023,0.0,0.0,0.0,0.0,0.0,0.0,0.0,0,0,0,-3.931884092374647e+18,2.082288890553006e+30,2.8871745873962923e+27,2.54185969179733e+26,-0.0,7.937936566234644e+17,-0.0,-62534.02,119997661708288.0,-1.5836026753664578e+38,-172092964864.0,5.6733109116761504e+23,0.0,111.137,0.0,2.89609445911607e+22,0,1.3516416376850534e+27,228,0.0,456,2.40156025918058e+36,0.0,2112,52429,17109,0,17112,52429,17095,0,0,0,101,100,100,2.7302343157793998e+23,66.7,2.730234495923385e+23,67.1,0.0,67.0,1,49,50,180,39322,52429,0,0,0.0,0.0,0.0,60.0,3.6067189616448416e+32,71.0,0.0,-0.0,0.0,1068,0,1069,0,0,0,1069,0,1080,0,999,0,671,0,672,0,667,0,678,0.032,1.4536034330083127e+22,2.004,2.73023467606737e+23,26768,16814,1.5597982597993827e+34,-9095534920859648.0,-52949061632.0,-0.0,-0.0,7.678575971596575e+24,50.0,60.0,35,0.0,0.0,10.0,2.0,0.0,0.0,0.0,0.0,0.0,0.0,0.0,0.0,0.0,0.0,0.0,0.0,59.2,53,12,65510,27,65476,0,300,0,0,8,20529,65476,0,0,30147,60.0,0.0,10.0,10.0,2.0,0.0
2026-02-16T12:59:14,ERR,ERR,ERR,ERR,ERR,ERR,ERR,ERR,ERR,ERR,ERR,ERR,ERR,ERR,ERR,ERR,ERR,ERR,ERR,ERR,ERR,ERR,ERR,ERR,ERR,ERR,ERR,ERR,ERR,ERR,ERR,ERR,ERR,ERR,ERR,ERR,ERR,ERR,ERR,ERR,ERR,ERR,ERR,ERR,ERR,ERR,ERR,ERR,ERR,ERR,ERR,ERR,ERR,ERR,ERR,ERR,ERR,ERR,ERR,ERR,ERR,ERR,ERR,ERR,ERR,ERR,ERR,ERR,ERR,ERR,ERR,ERR,ERR,ERR,ERR,ERR,ERR,ERR,ERR,ERR,ERR,ERR,ERR,ERR,ERR,ERR,ERR,ERR,ERR,ERR,ERR,ERR,ERR,ERR,ERR,ERR,ERR,ERR,ERR,ERR,ERR,ERR,ERR,ERR,ERR,ERR,ERR,ERR,ERR,ERR,ERR,ERR,ERR,ERR,ERR,ERR,ERR,ERR,ERR,ERR,ERR,ERR,ERR,ERR,ERR,-107615880.0,-0.0,-108138608.0,0.0,-3.2008056460949376e+29,5.701708311099867e+18,-0.0,0.0,4300,0,8,17169,4300,0.0,41,0.0,0.0,0.0,0.0,-0.0,0,0,0,0,0.0,0,0,0,0,0,0,0,0,0,0,0,0,0,0,0,0,0,0,0,0,0,0,0,0,0,0,0,0,0,0,0,0,0,11,36,36,47,65476,378,65476,1,0,4,21553,0.0,-0.0,0.0,0.0,0.0,0.0,0.0,0.0,0.0,0.0,0.0,0.0,0.0,0.0,0.0,0.0,0.0,0.0,0.0,0.0,0.0,2.004,0.0,-2.004,-3.697074423243316e+19,0.0,0.0,0.0,0.0,0.0,6567.0,-2.4230020278207133e+24,0.0,0.0,-0.0,0.0,-0.0,0.0,0.0,2.004,2.004,228,-4.950401131092143e+32,-89221.023,0.0,0.0,0.0,0.0,0.0,0.0,0.0,0,0,0,-3.931884092374647e+18,2.082288890553006e+30,2.8871745873962923e+27,2.54185969179733e+26,-0.0,7.937936566234644e+17,-0.0,-62534.02,119997661708288.0,-1.5836026753664578e+38,-172092964864.0,5.6733109116761504e+23,0.0,111.137,0.0,2.89609445911607e+22,0,1.3516416376850534e+27,228,0.0,456,2.40156025918058e+36,0.0,2112,52429,17109,0,17112,52429,17095,0,0,0,101,100,100,2.7302343157793998e+23,66.7,2.730234495923385e+23,67.1,0.0,67.0,1,49,50,180,39322,52429,0,0,0.0,0.0,0.0,60.0,3.6067189616448416e+32,71.0,0.0,-0.0,0.0,1068,0,1069,0,0,0,1069,0,1080,0,999,0,671,0,672,0,667,0,678,0.032,1.4536034330083127e+22,2.004,2.73023467606737e+23,26768,16814,1.5597982597993827e+34,-9095534920859648.0,-52949061632.0,-0.0,-0.0,7.678575971596575e+24,50.0,60.0,35,0.0,0.0,10.0,2.0,0.0,0.0,0.0,0.0,0.0,0.0,0.0,0.0,0.0,0.0,0.0,0.0,58.8,53,12,65510,27,65476,0,300,0,0,8,20529,65476,0,0,30147,60.0,0.0,10.0,10.0,2.0,0.0
2026-02-16T12:59:15,ERR,ERR,ERR,ERR,ERR,ERR,ERR,ERR,ERR,ERR,ERR,ERR,ERR,ERR,ERR,ERR,ERR,ERR,ERR,ERR,ERR,ERR,ERR,ERR,ERR,ERR,ERR,ERR,ERR,ERR,ERR,ERR,ERR,ERR,ERR,ERR,ERR,ERR,ERR,ERR,ERR,ERR,ERR,ERR,ERR,ERR,ERR,ERR,ERR,ERR,ERR,ERR,ERR,ERR,ERR,ERR,ERR,ERR,ERR,ERR,ERR,ERR,ERR,ERR,ERR,ERR,ERR,ERR,ERR,ERR,ERR,ERR,ERR,ERR,ERR,ERR,ERR,ERR,ERR,ERR,ERR,ERR,ERR,ERR,ERR,ERR,ERR,ERR,ERR,ERR,ERR,ERR,ERR,ERR,ERR,ERR,ERR,ERR,ERR,ERR,ERR,ERR,ERR,ERR,ERR,ERR,ERR,ERR,ERR,ERR,ERR,ERR,ERR,ERR,ERR,ERR,ERR,ERR,ERR,ERR,ERR,ERR,ERR,ERR,ERR,-107615880.0,-0.0,-108138608.0,0.0,-3.2008056460949376e+29,5.701708311099867e+18,-0.0,0.0,4300,0,8,17169,4300,0.0,41,0.0,0.0,0.0,0.0,-0.0,0,0,0,0,0.0,0,0,0,0,0,0,0,0,0,0,0,0,0,0,0,0,0,0,0,0,0,0,0,0,0,0,0,0,0,0,0,0,0,11,36,36,47,65476,378,65476,1,0,4,21553,0.0,-0.0,0.0,0.0,0.0,0.0,0.0,0.0,0.0,0.0,0.0,0.0,0.0,0.0,0.0,0.0,0.0,0.0,0.0,0.0,0.0,2.004,0.0,-2.004,-3.697074423243316e+19,0.0,0.0,0.0,0.0,0.0,6567.0,-2.4230020278207133e+24,0.0,0.0,-0.0,0.0,-0.0,0.0,0.0,2.004,2.004,228,-4.950401131092143e+32,-89221.023,0.0,0.0,0.0,0.0,0.0,0.0,0.0,0,0,0,-3.931884092374647e+18,2.082288890553006e+30,2.8871745873962923e+27,2.54185969179733e+26,-0.0,7.937936566234644e+17,-0.0,-62534.02,119997661708288.0,-1.5836026753664578e+38,-172092964864.0,5.6733109116761504e+23,0.0,111.137,0.0,2.89609445911607e+22,0,1.3516416376850534e+27,228,0.0,456,2.40156025918058e+36,0.0,2112,52429,17109,0,17112,52429,17095,0,0,0,101,100,100,2.7302343157793998e+23,66.7,2.730234495923385e+23,67.1,0.0,67.0,1,49,50,180,39322,52429,0,0,0.0,0.0,0.0,60.0,5.126167076142602e+37,71.0,0.0,-8.571212829556736e+16,0.0,1069,0,1069,0,0,0,1069,0,1080,0,999,0,671,0,672,0,667,0,679,0.032,1.6675856642633435e+22,-0.0,-0.0,30096,16814,-0.0,-2.955607170948792e+17,-9.780240133342631e+26,0.043,-0.0,-0.0,50.0,60.0,35,0.0,0.0,10.0,2.0,0.0,0.0,0.0,0.0,0.0,0.0,0.0,0.0,0.0,0.0,0.0,0.0,58.8,53,12,65510,27,65476,0,300,0,0,8,20529,65476,0,0,30147,60.0,0.0,10.0,10.0,2.0,0.0
2026-02-16T12:59:16,ERR,ERR,ERR,ERR,ERR,ERR,ERR,ERR,ERR,ERR,ERR,ERR,ERR,ERR,ERR,ERR,ERR,ERR,ERR,ERR,ERR,ERR,ERR,ERR,ERR,ERR,ERR,ERR,ERR,ERR,ERR,ERR,ERR,ERR,ERR,ERR,ERR,ERR,ERR,ERR,ERR,ERR,ERR,ERR,ERR,ERR,ERR,ERR,ERR,ERR,ERR,ERR,ERR,ERR,ERR,ERR,ERR,ERR,ERR,ERR,ERR,ERR,ERR,ERR,ERR,ERR,ERR,ERR,ERR,ERR,ERR,ERR,ERR,ERR,ERR,ERR,ERR,ERR,ERR,ERR,ERR,ERR,ERR,ERR,ERR,ERR,ERR,ERR,ERR,ERR,ERR,ERR,ERR,ERR,ERR,ERR,ERR,ERR,ERR,ERR,ERR,ERR,ERR,ERR,ERR,ERR,ERR,ERR,ERR,ERR,ERR,ERR,ERR,ERR,ERR,ERR,ERR,ERR,ERR,ERR,ERR,ERR,ERR,ERR,ERR,0.0,-0.0,2.7420187948523476e+23,0.0,-0.0,585.017,2043131646181376.0,-0.001,4300,0,8,17169,4300,0.0,41,0.0,0.0,0.0,0.0,-0.0,0,0,0,0,0.0,0,0,0,0,0,0,0,0,0,0,0,0,0,0,0,0,0,0,0,0,0,0,0,0,0,0,0,0,0,0,0,0,0,11,36,36,47,65476,379,65476,1,0,4,21553,0.0,0.0,0.0,0.0,0.0,0.0,0.0,0.0,0.0,0.0,0.0,0.0,0.0,0.0,0.0,0.0,0.0,0.0,0.0,0.0,0.0,2.004,2.004,-2.004,-3.697074423243316e+19,2.004,0.0,0.0,0.0,0.0,6568.0,-564149121712128.0,0.0,0.0,-0.0,0.0,-107616264.0,0.0,0.0,2.004,2.004,226,0.0,-0.0,0.0,0.0,0.0,0.0,0.0,0.0,0.0,0,0,0,-1307932753920.0,-1.0708549306614885e+30,7714646026878976.0,0.0,1.539108342122543e+37,0.0,-1.6837153128139544e+26,0.0,-607332.25,-1.6700024950924773e+38,-183904124928.0,5.933041068233981e+23,0.0,117.137,0.0,1512021376.0,0,1.3516416376850534e+27,226,0.0,452,-621855232.0,86146.211,2112,52429,17109,0,17112,52429,17095,0,0,0,101,100,100,2.7302343157793998e+23,66.7,2.730234495923385e+23,67.1,0.0,67.0,1,49,50,180,39322,52429,0,0,0.0,0.0,0.0,60.0,5.126167076142602e+37,71.0,0.0,-8.571212829556736e+16,0.0,1069,0,1069,0,0,0,1069,0,1080,0,999,0,671,0,672,0,667,0,679,0.032,1.6675856642633435e+22,-0.0,-0.0,30096,16814,-0.0,-2.955607170948792e+17,-9.780240133342631e+26,0.043,-0.0,-0.0,50.0,60.0,35,0.0,0.0,10.0,2.0,0.0,0.0,0.0,0.0,0.0,0.0,0.0,0.0,0.0,0.0,0.0,0.0,58.8,53,12,65510,27,65476,0,300,0,0,8,20529,65476,0,0,30147,60.0,0.0,10.0,10.0,2.0,0.0
2026-02-16T12:59:17,ERR,ERR,ERR,ERR,ERR,ERR,ERR,ERR,ERR,ERR,ERR,ERR,ERR,ERR,ERR,ERR,ERR,ERR,ERR,ERR,ERR,ERR,ERR,ERR,ERR,ERR,ERR,ERR,ERR,ERR,ERR,ERR,ERR,ERR,ERR,ERR,ERR,ERR,ERR,ERR,ERR,ERR,ERR,ERR,ERR,ERR,ERR,ERR,ERR,ERR,ERR,ERR,ERR,ERR,ERR,ERR,ERR,ERR,ERR,ERR,ERR,ERR,ERR,ERR,ERR,ERR,ERR,ERR,ERR,ERR,ERR,ERR,ERR,ERR,ERR,ERR,ERR,ERR,ERR,ERR,ERR,ERR,ERR,ERR,ERR,ERR,ERR,ERR,ERR,ERR,ERR,ERR,ERR,ERR,ERR,ERR,ERR,ERR,ERR,ERR,ERR,ERR,ERR,ERR,ERR,ERR,ERR,ERR,ERR,ERR,ERR,ERR,ERR,ERR,ERR,ERR,ERR,ERR,ERR,ERR,ERR,ERR,ERR,ERR,ERR,0.0,-0.0,2.7420187948523476e+23,0.0,-0.0,585.017,2043131646181376.0,-0.001,4300,0,8,17169,4300,0.0,41,0.0,0.0,0.0,0.0,-0.0,0,0,0,0,0.0,0,0,0,0,0,0,0,0,0,0,0,0,0,0,0,0,0,0,0,0,0,0,0,0,0,0,0,0,0,0,0,0,0,11,36,36,47,65476,379,65476,1,0,4,21553,0.0,0.0,0.0,0.0,0.0,0.0,0.0,0.0,0.0,0.0,0.0,0.0,0.0,0.0,0.0,0.0,0.0,0.0,0.0,0.0,0.0,2.004,2.004,-2.004,-3.697074423243316e+19,2.004,0.0,0.0,0.0,0.0,6568.0,-564149121712128.0,0.0,0.0,-0.0,0.0,-107616264.0,0.0,0.0,2.004,2.004,226,0.0,-0.0,0.0,0.0,0.0,0.0,0.0,0.0,0.0,0,0,0,-1307932753920.0,-1.0708549306614885e+30,7714646026878976.0,0.0,1.539108342122543e+37,0.0,-1.6837153128139544e+26,0.0,-607332.25,-1.6700024950924773e+38,-183904124928.0,5.933041068233981e+23,0.0,117.137,0.0,1512021376.0,0,1.3516416376850534e+27,226,0.0,452,-621855232.0,86146.211,2112,52429,17109,0,17112,52429,17095,0,0,0,101,100,100,2.7302343157793998e+23,66.7,2.730234495923385e+23,67.1,0.0,67.0,1,49,50,180,39322,52429,0,0,0.0,0.0,0.0,60.0,5.126167076142602e+37,71.0,0.0,-8.571212829556736e+16,0.0,1069,0,1069,0,0,0,1069,0,1080,0,999,0,671,0,672,0,667,0,679,0.032,1.6675856642633435e+22,-0.0,-0.0,30096,16814,-0.0,-2.955607170948792e+17,-9.780240133342631e+26,0.043,-0.0,-0.0,50.0,60.0,35,0.0,0.0,10.0,2.0,0.0,0.0,0.0,0.0,0.0,0.0,0.0,0.0,0.0,0.0,0.0,0.0,58.8,53,12,65510,27,65476,0,300,0,0,8,20529,65476,0,0,30147,60.0,0.0,10.0,10.0,2.0,0.0
2026-02-16T12:59:18,ERR,ERR,ERR,ERR,ERR,ERR,ERR,ERR,ERR,ERR,ERR,ERR,ERR,ERR,ERR,ERR,ERR,ERR,ERR,ERR,ERR,ERR,ERR,ERR,ERR,ERR,ERR,ERR,ERR,ERR,ERR,ERR,ERR,ERR,ERR,ERR,ERR,ERR,ERR,ERR,ERR,ERR,ERR,ERR,ERR,ERR,ERR,ERR,ERR,ERR,ERR,ERR,ERR,ERR,ERR,ERR,ERR,ERR,ERR,ERR,ERR,ERR,ERR,ERR,ERR,ERR,ERR,ERR,ERR,ERR,ERR,ERR,ERR,ERR,ERR,ERR,ERR,ERR,ERR,ERR,ERR,ERR,ERR,ERR,ERR,ERR,ERR,ERR,ERR,ERR,ERR,ERR,ERR,ERR,ERR,ERR,ERR,ERR,ERR,ERR,ERR,ERR,ERR,ERR,ERR,ERR,ERR,ERR,ERR,ERR,ERR,ERR,ERR,ERR,ERR,ERR,ERR,ERR,ERR,ERR,ERR,ERR,ERR,ERR,ERR,0.0,-0.0,2.7420187948523476e+23,0.0,-0.0,585.017,2043131646181376.0,-0.001,4300,0,8,17169,4300,0.0,41,0.0,0.0,0.0,0.0,-0.0,0,0,0,0,0.0,0,0,0,0,0,0,0,0,0,0,0,0,0,0,0,0,0,0,0,0,0,0,0,0,0,0,0,0,0,0,0,0,0,11,36,36,47,65476,379,65476,1,0,4,21553,0.0,0.0,0.0,0.0,0.0,0.0,0.0,0.0,0.0,0.0,0.0,0.0,0.0,0.0,0.0,0.0,0.0,0.0,0.0,0.0,0.0,2.004,2.004,-2.004,-3.697074423243316e+19,2.004,0.0,0.0,0.0,0.0,6568.0,-564149121712128.0,0.0,0.0,-0.0,0.0,-107616264.0,0.0,0.0,2.004,2.004,226,0.0,-0.0,0.0,0.0,0.0,0.0,0.0,0.0,0.0,0,0,0,-1307932753920.0,-1.0708549306614885e+30,7714646026878976.0,0.0,1.539108342122543e+37,0.0,-1.6837153128139544e+26,0.0,-607332.25,-1.6700024950924773e+38,-183904124928.0,5.933041068233981e+23,0.0,117.137,0.0,1512021376.0,0,1.3516416376850534e+27,226,0.0,452,-621855232.0,86146.211,2112,52429,17109,0,17112,52429,17095,0,0,0,101,100,100,2.7302343157793998e+23,66.7,2.730234495923385e+23,67.1,0.0,67.0,1,49,50,180,39322,52429,0,0,0.0,0.0,0.0,60.0,5.126167076142602e+37,71.0,0.0,-8.571212829556736e+16,0.0,1069,0,1069,0,0,0,1069,0,1080,0,999,0,671,0,672,0,667,0,679,0.032,1.6675856642633435e+22,-0.0,-0.0,30096,16814,-0.0,-2.955607170948792e+17,-9.780240133342631e+26,0.043,-0.0,-0.0,50.0,60.0,35,0.0,0.0,10.0,2.0,0.0,0.0,0.0,0.0,0.0,0.0,0.0,0.0,0.0,0.0,0.0,0.0,58.8,53,12,65510,27,65476,0,300,0,0,8,20529,65476,0,0,30147,60.0,0.0,10.0,10.0,2.0,0.0
2026-02-16T12:59:19,ERR,ERR,ERR,ERR,ERR,ERR,ERR,ERR,ERR,ERR,ERR,ERR,ERR,ERR,ERR,ERR,ERR,ERR,ERR,ERR,ERR,ERR,ERR,ERR,ERR,ERR,ERR,ERR,ERR,ERR,ERR,ERR,ERR,ERR,ERR,ERR,ERR,ERR,ERR,ERR,ERR,ERR,ERR,ERR,ERR,ERR,ERR,ERR,ERR,ERR,ERR,ERR,ERR,ERR,ERR,ERR,ERR,ERR,ERR,ERR,ERR,ERR,ERR,ERR,ERR,ERR,ERR,ERR,ERR,ERR,ERR,ERR,ERR,ERR,ERR,ERR,ERR,ERR,ERR,ERR,ERR,ERR,ERR,ERR,ERR,ERR,ERR,ERR,ERR,ERR,ERR,ERR,ERR,ERR,ERR,ERR,ERR,ERR,ERR,ERR,ERR,ERR,ERR,ERR,ERR,ERR,ERR,ERR,ERR,ERR,ERR,ERR,ERR,ERR,ERR,ERR,ERR,ERR,ERR,ERR,ERR,ERR,ERR,ERR,ERR,0.0,-0.0,2.7420187948523476e+23,0.0,-0.0,585.017,2043131646181376.0,-0.001,4300,0,8,17169,4300,0.0,41,0.0,0.0,0.0,0.0,-0.0,0,0,0,0,0.0,0,0,0,0,0,0,0,0,0,0,0,0,0,0,0,0,0,0,0,0,0,0,0,0,0,0,0,0,0,0,0,0,0,11,36,36,47,65476,379,65476,1,0,4,21553,0.0,0.0,0.0,0.0,0.0,0.0,0.0,0.0,0.0,0.0,0.0,0.0,0.0,0.0,0.0,0.0,0.0,0.0,0.0,0.0,0.0,2.004,2.004,-2.004,-3.697074423243316e+19,2.004,0.0,0.0,0.0,0.0,6568.0,-564149121712128.0,0.0,0.0,-0.0,0.0,-107616264.0,0.0,0.0,2.004,2.004,226,0.0,-0.0,0.0,0.0,0.0,0.0,0.0,0.0,0.0,0,0,0,-1307932753920.0,-1.0708549306614885e+30,7714646026878976.0,0.0,1.539108342122543e+37,0.0,-1.6837153128139544e+26,0.0,-607332.25,-1.6700024950924773e+38,-183904124928.0,5.933041068233981e+23,0.0,117.137,0.0,1512021376.0,0,1.3516416376850534e+27,226,0.0,452,-621855232.0,86146.211,2112,52429,17109,0,17112,52429,17095,0,0,0,101,100,100,2.7302343157793998e+23,66.7,2.730234495923385e+23,67.1,0.0,67.0,1,49,50,180,39322,52429,0,0,0.0,0.0,0.0,60.0,-0.0,71.0,0.0,-0.0,0.0,1068,0,1069,0,0,0,1069,0,1080,0,999,0,671,0,672,0,667,0,680,0.032,1.4462247353788288e+22,0.0,0.0,14480,16814,2.4809088085792064e+27,-0.0,-0.0,0.0,0.011,0.0,50.0,60.0,35,0.0,0.0,10.0,2.0,0.0,0.0,0.0,0.0,0.0,0.0,0.0,0.0,0.0,0.0,0.0,0.0,58.8,53,12,65510,27,65476,0,300,0,0,8,20529,65476,0,0,30147,60.0,0.0,10.0,10.0,2.0,0.0
2026-02-16T12:59:20,ERR,ERR,ERR,ERR,ERR,ERR,ERR,ERR,ERR,ERR,ERR,ERR,ERR,ERR,ERR,ERR,ERR,ERR,ERR,ERR,ERR,ERR,ERR,ERR,ERR,ERR,ERR,ERR,ERR,ERR,ERR,ERR,ERR,ERR,ERR,ERR,ERR,ERR,ERR,ERR,ERR,ERR,ERR,ERR,ERR,ERR,ERR,ERR,ERR,ERR,ERR,ERR,ERR,ERR,ERR,ERR,ERR,ERR,ERR,ERR,ERR,ERR,ERR,ERR,ERR,ERR,ERR,ERR,ERR,ERR,ERR,ERR,ERR,ERR,ERR,ERR,ERR,ERR,ERR,ERR,ERR,ERR,ERR,ERR,ERR,ERR,ERR,ERR,ERR,ERR,ERR,ERR,ERR,ERR,ERR,ERR,ERR,ERR,ERR,ERR,ERR,ERR,ERR,ERR,ERR,ERR,ERR,ERR,ERR,ERR,ERR,ERR,ERR,ERR,ERR,ERR,ERR,ERR,ERR,ERR,ERR,ERR,ERR,ERR,ERR,0.0,-0.0,2.7420187948523476e+23,0.0,-0.0,3.500553234618927e+23,-0.0,-0.0,4300,0,8,17169,4300,0.0,41,0.0,0.0,0.0,0.0,-0.0,0,0,0,0,0.0,0,0,0,0,0,0,0,0,0,0,0,0,0,0,0,0,0,0,0,0,0,0,0,0,0,0,0,0,0,0,0,0,0,11,36,36,47,65476,379,65476,1,0,4,21553,0.0,-107610720.0,0.0,0.0,0.0,0.0,0.0,0.0,0.0,0.0,0.0,0.0,0.0,0.0,0.0,0.0,0.0,0.0,0.0,0.0,0.0,2.004,2.004,-2.004,-3.697074423243316e+19,3.69707618246192e+19,0.0,0.0,0.0,0.0,6571.0,-3.697207684052602e+19,0.0,-107615880.0,-0.0,0.0,-2.7184507374263774e+23,0.0,0.0,2.004,2.004,228,0.0,-71.63,0.0,0.0,0.0,0.0,0.0,0.0,0.0,0,0,0,-1.2441961548440223e+30,1.549,7.592573607492987e+27,2.231482312614852e+29,-0.0,-0.0,-0.001,-170264.078,5.840111778161985e+20,-1.784808235116603e+38,-197862768640.0,6.43536068116787e+23,0.0,122.637,0.0,1.9806659575147742e+32,0,1.3516416376850534e+27,228,0.0,456,0.0,-1.4035696821479504e+35,2112,52429,17109,0,17112,52429,17095,0,0,0,101,100,100,2.7302343157793998e+23,66.7,2.730234495923385e+23,67.1,0.0,67.0,1,49,50,180,39322,52429,0,0,0.0,0.0,0.0,60.0,-0.0,71.0,0.0,-0.0,0.0,1068,0,1069,0,0,0,1069,0,1080,0,999,0,671,0,672,0,667,0,680,0.032,1.4462247353788288e+22,0.0,0.0,14480,16814,2.4809088085792064e+27,-0.0,-0.0,0.0,0.011,0.0,50.0,60.0,35,0.0,0.0,10.0,2.0,0.0,0.0,0.0,0.0,0.0,0.0,0.0,0.0,0.0,0.0,0.0,0.0,58.8,53,12,65510,27,65476,0,300,0,0,8,20529,65476,0,0,30147,60.0,0.0,10.0,10.0,2.0,0.0
2026-02-16T12:59:21,ERR,ERR,ERR,ERR,ERR,ERR,ERR,ERR,ERR,ERR,ERR,ERR,ERR,ERR,ERR,ERR,ERR,ERR,ERR,ERR,ERR,ERR,ERR,ERR,ERR,ERR,ERR,ERR,ERR,ERR,ERR,ERR,ERR,ERR,ERR,ERR,ERR,ERR,ERR,ERR,ERR,ERR,ERR,ERR,ERR,ERR,ERR,ERR,ERR,ERR,ERR,ERR,ERR,ERR,ERR,ERR,ERR,ERR,ERR,ERR,ERR,ERR,ERR,ERR,ERR,ERR,ERR,ERR,ERR,ERR,ERR,ERR,ERR,ERR,ERR,ERR,ERR,ERR,ERR,ERR,ERR,ERR,ERR,ERR,ERR,ERR,ERR,ERR,ERR,ERR,ERR,ERR,ERR,ERR,ERR,ERR,ERR,ERR,ERR,ERR,ERR,ERR,ERR,ERR,ERR,ERR,ERR,ERR,ERR,ERR,ERR,ERR,ERR,ERR,ERR,ERR,ERR,ERR,ERR,ERR,ERR,ERR,ERR,ERR,ERR,0.0,-0.0,2.7420187948523476e+23,0.0,-0.0,3.500553234618927e+23,-0.0,-0.0,4300,0,8,17169,4300,0.0,41,0.0,0.0,0.0,0.0,-0.0,0,0,0,0,0.0,0,0,0,0,0,0,0,0,0,0,0,0,0,0,0,0,0,0,0,0,0,0,0,0,0,0,0,0,0,0,0,0,0,11,36,36,47,65476,379,65476,1,0,4,21553,0.0,-107610720.0,0.0,0.0,0.0,0.0,0.0,0.0,0.0,0.0,0.0,0.0,0.0,0.0,0.0,0.0,0.0,0.0,0.0,0.0,0.0,2.004,2.004,-2.004,-3.697074423243316e+19,3.69707618246192e+19,0.0,0.0,0.0,0.0,6571.0,-3.697207684052602e+19,0.0,-107615880.0,-0.0,0.0,-2.7184507374263774e+23,0.0,0.0,2.004,2.004,228,0.0,-71.63,0.0,0.0,0.0,0.0,0.0,0.0,0.0,0,0,0,-1.2441961548440223e+30,1.549,7.592573607492987e+27,2.231482312614852e+29,-0.0,-0.0,-0.001,-170264.078,5.840111778161985e+20,-1.784808235116603e+38,-197862768640.0,6.43536068116787e+23,0.0,122.637,0.0,1.9806659575147742e+32,0,1.3516416376850534e+27,228,0.0,456,0.0,-1.4035696821479504e+35,2112,52429,17109,0,17112,52429,17095,0,0,0,101,100,100,2.7302343157793998e+23,66.7,2.730234495923385e+23,67.1,0.0,67.0,1,49,50,180,39322,52429,0,0,0.0,0.0,0.0,60.0,-0.0,71.0,0.0,-0.0,0.0,1068,0,1069,0,0,0,1069,0,1080,0,999,0,671,0,672,0,667,0,680,0.032,1.4462247353788288e+22,0.0,0.0,14480,16814,2.4809088085792064e+27,-0.0,-0.0,0.0,0.011,0.0,50.0,60.0,35,0.0,0.0,10.0,2.0,0.0,0.0,0.0,0.0,0.0,0.0,0.0,0.0,0.0,0.0,0.0,0.0,58.8,53,12,65510,27,65476,0,300,0,0,8,20529,65476,0,0,30147,60.0,0.0,10.0,10.0,2.0,0.0
2026-02-16T12:59:22,ERR,ERR,ERR,ERR,ERR,ERR,ERR,ERR,ERR,ERR,ERR,ERR,ERR,ERR,ERR,ERR,ERR,ERR,ERR,ERR,ERR,ERR,ERR,ERR,ERR,ERR,ERR,ERR,ERR,ERR,ERR,ERR,ERR,ERR,ERR,ERR,ERR,ERR,ERR,ERR,ERR,ERR,ERR,ERR,ERR,ERR,ERR,ERR,ERR,ERR,ERR,ERR,ERR,ERR,ERR,ERR,ERR,ERR,ERR,ERR,ERR,ERR,ERR,ERR,ERR,ERR,ERR,ERR,ERR,ERR,ERR,ERR,ERR,ERR,ERR,ERR,ERR,ERR,ERR,ERR,ERR,ERR,ERR,ERR,ERR,ERR,ERR,ERR,ERR,ERR,ERR,ERR,ERR,ERR,ERR,ERR,ERR,ERR,ERR,ERR,ERR,ERR,ERR,ERR,ERR,ERR,ERR,ERR,ERR,ERR,ERR,ERR,ERR,ERR,ERR,ERR,ERR,ERR,ERR,ERR,ERR,ERR,ERR,ERR,ERR,0.0,-0.0,2.7420187948523476e+23,0.0,-0.0,3.500553234618927e+23,-0.0,-0.0,4300,0,8,17169,4300,0.0,41,0.0,0.0,0.0,0.0,-0.0,0,0,0,0,0.0,0,0,0,0,0,0,0,0,0,0,0,0,0,0,0,0,0,0,0,0,0,0,0,0,0,0,0,0,0,0,0,0,0,11,36,36,47,65476,379,65476,1,0,4,21553,0.0,-107610720.0,0.0,0.0,0.0,0.0,0.0,0.0,0.0,0.0,0.0,0.0,0.0,0.0,0.0,0.0,0.0,0.0,0.0,0.0,0.0,2.004,2.004,-2.004,-3.697074423243316e+19,3.69707618246192e+19,0.0,0.0,0.0,0.0,6571.0,-3.697207684052602e+19,0.0,-107615880.0,-0.0,0.0,-2.7184507374263774e+23,0.0,0.0,2.004,2.004,228,0.0,-71.63,0.0,0.0,0.0,0.0,0.0,0.0,0.0,0,0,0,-1.2441961548440223e+30,1.549,7.592573607492987e+27,2.231482312614852e+29,-0.0,-0.0,-0.001,-170264.078,5.840111778161985e+20,-1.784808235116603e+38,-197862768640.0,6.43536068116787e+23,0.0,122.637,0.0,1.9806659575147742e+32,0,1.3516416376850534e+27,228,0.0,456,0.0,-1.4035696821479504e+35,2112,52429,17109,0,17112,52429,17095,0,0,0,101,100,100,2.7302343157793998e+23,66.7,2.730234495923385e+23,67.1,0.0,67.0,1,49,50,180,39322,52429,0,0,0.0,0.0,0.0,60.0,70511669280768.0,71.0,0.0,2.329542848222582e+38,0.0,1068,0,1069,0,0,0,1069,0,1080,0,999,0,671,0,672,0,667,0,680,0.032,1.5569051998210862e+22,0.0,0.0,400,16814,70511669280768.0,2.329542848222582e+38,0.0,0.0,-165943696.0,-4.126427625344205e+17,50.0,60.0,35,0.0,0.0,10.0,2.0,0.0,0.0,0.0,0.0,0.0,0.0,0.0,0.0,0.0,0.0,0.0,0.0,58.8,53,12,65510,27,65476,0,300,0,0,8,20529,65476,0,0,30147,60.0,0.0,10.0,10.0,2.0,0.0
2026-02-16T12:59:23,ERR,ERR,ERR,ERR,ERR,ERR,ERR,ERR,ERR,ERR,ERR,ERR,ERR,ERR,ERR,ERR,ERR,ERR,ERR,ERR,ERR,ERR,ERR,ERR,ERR,ERR,ERR,ERR,ERR,ERR,ERR,ERR,ERR,ERR,ERR,ERR,ERR,ERR,ERR,ERR,ERR,ERR,ERR,ERR,ERR,ERR,ERR,ERR,ERR,ERR,ERR,ERR,ERR,ERR,ERR,ERR,ERR,ERR,ERR,ERR,ERR,ERR,ERR,ERR,ERR,ERR,ERR,ERR,ERR,ERR,ERR,ERR,ERR,ERR,ERR,ERR,ERR,ERR,ERR,ERR,ERR,ERR,ERR,ERR,ERR,ERR,ERR,ERR,ERR,ERR,ERR,ERR,ERR,ERR,ERR,ERR,ERR,ERR,ERR,ERR,ERR,ERR,ERR,ERR,ERR,ERR,ERR,ERR,ERR,ERR,ERR,ERR,ERR,ERR,ERR,ERR,ERR,ERR,ERR,ERR,ERR,ERR,ERR,ERR,ERR,0.0,-0.0,2.7420187948523476e+23,0.0,-0.0,3.500553234618927e+23,-0.0,-0.0,4300,0,8,17169,4300,0.0,41,0.0,0.0,0.0,0.0,-0.0,0,0,0,0,0.0,0,0,0,0,0,0,0,0,0,0,0,0,0,0,0,0,0,0,0,0,0,0,0,0,0,0,0,0,0,0,0,0,0,11,36,36,47,65476,379,65476,1,0,4,21553,0.0,-107610720.0,0.0,0.0,0.0,0.0,0.0,0.0,0.0,0.0,0.0,0.0,0.0,0.0,0.0,0.0,0.0,0.0,0.0,0.0,0.0,2.004,2.004,-2.004,-3.697074423243316e+19,3.69707618246192e+19,0.0,0.0,0.0,0.0,6571.0,-3.697207684052602e+19,0.0,-107615880.0,-0.0,0.0,-2.7184507374263774e+23,0.0,0.0,2.004,2.004,228,0.0,-71.63,0.0,0.0,0.0,0.0,0.0,0.0,0.0,0,0,0,-1.2441961548440223e+30,1.549,7.592573607492987e+27,2.231482312614852e+29,-0.0,-0.0,-0.001,-170264.078,5.840111778161985e+20,-1.784808235116603e+38,-197862768640.0,6.43536068116787e+23,0.0,122.637,0.0,1.9806659575147742e+32,0,1.3516416376850534e+27,228,0.0,456,0.0,-1.4035696821479504e+35,2112,52429,17109,0,17112,52429,17095,0,0,0,101,100,100,2.7302343157793998e+23,66.7,2.730234495923385e+23,67.1,0.0,67.0,1,49,50,180,39322,52429,0,0,0.0,0.0,0.0,60.0,70511669280768.0,71.0,0.0,2.329542848222582e+38,0.0,1068,0,1069,0,0,0,1069,0,1080,0,999,0,671,0,672,0,667,0,680,0.032,1.5569051998210862e+22,0.0,0.0,400,16814,70511669280768.0,2.329542848222582e+38,0.0,0.0,-165943696.0,-4.126427625344205e+17,50.0,60.0,35,0.0,0.0,10.0,2.0,0.0,0.0,0.0,0.0,0.0,0.0,0.0,0.0,0.0,0.0,0.0,0.0,58.8,53,12,65510,27,65476,0,300,0,0,8,20529,65476,0,0,30147,60.0,0.0,10.0,10.0,2.0,0.0
2026-02-16T12:59:24,ERR,ERR,ERR,ERR,ERR,ERR,ERR,ERR,ERR,ERR,ERR,ERR,ERR,ERR,ERR,ERR,ERR,ERR,ERR,ERR,ERR,ERR,ERR,ERR,ERR,ERR,ERR,ERR,ERR,ERR,ERR,ERR,ERR,ERR,ERR,ERR,ERR,ERR,ERR,ERR,ERR,ERR,ERR,ERR,ERR,ERR,ERR,ERR,ERR,ERR,ERR,ERR,ERR,ERR,ERR,ERR,ERR,ERR,ERR,ERR,ERR,ERR,ERR,ERR,ERR,ERR,ERR,ERR,ERR,ERR,ERR,ERR,ERR,ERR,ERR,ERR,ERR,ERR,ERR,ERR,ERR,ERR,ERR,ERR,ERR,ERR,ERR,ERR,ERR,ERR,ERR,ERR,ERR,ERR,ERR,ERR,ERR,ERR,ERR,ERR,ERR,ERR,ERR,ERR,ERR,ERR,ERR,ERR,ERR,ERR,ERR,ERR,ERR,ERR,ERR,ERR,ERR,ERR,ERR,ERR,ERR,ERR,ERR,ERR,ERR,0.0,-0.0,2.7420187948523476e+23,0.0,-0.0,3.500553234618927e+23,-0.0,-0.0,4300,0,8,17169,4300,0.0,41,0.0,0.0,0.0,0.0,-0.0,0,0,0,0,0.0,0,0,0,0,0,0,0,0,0,0,0,0,0,0,0,0,0,0,0,0,0,0,0,0,0,0,0,0,0,0,0,0,0,11,36,36,47,65476,379,65476,1,0,4,21553,0.0,-107610720.0,0.0,0.0,0.0,0.0,0.0,0.0,0.0,0.0,0.0,0.0,0.0,0.0,0.0,0.0,0.0,0.0,0.0,0.0,0.0,2.004,2.004,-2.004,-3.697074423243316e+19,3.69707618246192e+19,0.0,0.0,0.0,0.0,6571.0,-3.697207684052602e+19,0.0,-107615880.0,-0.0,0.0,-2.7184507374263774e+23,0.0,0.0,2.004,2.004,228,0.0,-71.63,0.0,0.0,0.0,0.0,0.0,0.0,0.0,0,0,0,-1.2441961548440223e+30,1.549,7.592573607492987e+27,2.231482312614852e+29,-0.0,-0.0,-0.001,-170264.078,5.840111778161985e+20,-1.784808235116603e+38,-197862768640.0,6.43536068116787e+23,0.0,122.637,0.0,1.9806659575147742e+32,0,1.3516416376850534e+27,228,0.0,456,0.0,-1.4035696821479504e+35,2112,52429,17109,0,17112,52429,17095,0,0,0,101,100,100,2.7302343157793998e+23,66.7,2.730234495923385e+23,67.1,0.0,67.0,1,49,50,180,39322,52429,0,0,0.0,0.0,0.0,60.0,70511669280768.0,71.0,0.0,2.329542848222582e+38,0.0,1068,0,1069,0,0,0,1069,0,1080,0,999,0,671,0,672,0,667,0,680,0.032,1.5569051998210862e+22,0.0,0.0,400,16814,70511669280768.0,2.329542848222582e+38,0.0,0.0,-165943696.0,-4.126427625344205e+17,50.0,60.0,35,0.0,0.0,10.0,2.0,0.0,0.0,0.0,0.0,0.0,0.0,0.0,0.0,0.0,0.0,0.0,0.0,58.8,53,12,65510,27,65476,0,300,0,0,8,20529,65476,0,0,30147,60.0,0.0,10.0,10.0,2.0,0.0
2026-02-16T12:59:25,ERR,ERR,ERR,ERR,ERR,ERR,ERR,ERR,ERR,ERR,ERR,ERR,ERR,ERR,ERR,ERR,ERR,ERR,ERR,ERR,ERR,ERR,ERR,ERR,ERR,ERR,ERR,ERR,ERR,ERR,ERR,ERR,ERR,ERR,ERR,ERR,ERR,ERR,ERR,ERR,ERR,ERR,ERR,ERR,ERR,ERR,ERR,ERR,ERR,ERR,ERR,ERR,ERR,ERR,ERR,ERR,ERR,ERR,ERR,ERR,ERR,ERR,ERR,ERR,ERR,ERR,ERR,ERR,ERR,ERR,ERR,ERR,ERR,ERR,ERR,ERR,ERR,ERR,ERR,ERR,ERR,ERR,ERR,ERR,ERR,ERR,ERR,ERR,ERR,ERR,ERR,ERR,ERR,ERR,ERR,ERR,ERR,ERR,ERR,ERR,ERR,ERR,ERR,ERR,ERR,ERR,ERR,ERR,ERR,ERR,ERR,ERR,ERR,ERR,ERR,ERR,ERR,ERR,ERR,ERR,ERR,ERR,ERR,ERR,ERR,-107615880.0,-0.0,-108138608.0,0.0,-3.2008056460949376e+29,23949314359296.0,9.648199049743055e+32,0.0,4300,0,8,17169,4300,0.0,41,0.0,0.0,0.0,0.0,-0.0,0,0,0,0,0.0,0,0,0,0,0,0,0,0,0,0,0,0,0,0,0,0,0,0,0,0,0,0,0,0,0,0,0,0,0,0,0,0,0,11,36,36,47,65476,387,65476,1,0,4,21553,0.0,0.0,0.0,0.0,0.0,0.0,0.0,0.0,0.0,0.0,0.0,0.0,0.0,0.0,0.0,0.0,0.0,0.0,0.0,0.0,0.0,2.004,0.0,-2.004,-3.697074423243316e+19,-0.0,0.0,0.0,0.0,0.0,6571.0,-3.697207684052602e+19,0.0,0.0,-0.0,0.0,0.0,-0.0,0.0,2.004,2.004,228,0.0,-71.63,0.0,0.0,0.0,0.0,0.0,0.0,0.0,0,0,0,-25874726387712.0,0.0,0.002,-3.8756584079210184e+37,13584.859,-8.366060639046793e+27,-6.006859020647344e+27,0.0,-0.0,-1.957607874568642e+38,-211821412352.0,7.002044659112227e+23,0.0,129.274,0.0,5.5411423400003895e+19,0,1.3516416376850534e+27,228,0.0,456,0.0,-0.0,2112,52429,17109,0,17112,52429,17095,0,0,0,101,100,100,2.7302343157793998e+23,66.7,2.730234495923385e+23,67.1,0.0,67.0,1,49,50,180,39322,52429,0,0,0.0,0.0,0.0,60.0,5884937345433600.0,71.0,0.0,-4.284168717425705e+17,0.0,1068,0,1069,0,0,0,1069,0,1080,0,999,0,671,0,672,0,667,0,681,0.032,1.4609821306377965e+22,2.004,0.0,4368,16814,1000488.875,1.6953402255690562e+36,0.0,9.022365226739118e+37,-0.0,-0.002,50.0,60.0,35,0.0,0.0,10.0,2.0,0.0,0.0,0.0,0.0,0.0,0.0,0.0,0.0,0.0,0.0,0.0,0.0,59.2,53,12,65510,27,65476,0,300,0,0,8,20529,65476,0,0,30147,60.0,0.0,10.0,10.0,2.0,0.0
2026-02-16T12:59:26,ERR,ERR,ERR,ERR,ERR,ERR,ERR,ERR,ERR,ERR,ERR,ERR,ERR,ERR,ERR,ERR,ERR,ERR,ERR,ERR,ERR,ERR,ERR,ERR,ERR,ERR,ERR,ERR,ERR,ERR,ERR,ERR,ERR,ERR,ERR,ERR,ERR,ERR,ERR,ERR,ERR,ERR,ERR,ERR,ERR,ERR,ERR,ERR,ERR,ERR,ERR,ERR,ERR,ERR,ERR,ERR,ERR,ERR,ERR,ERR,ERR,ERR,ERR,ERR,ERR,ERR,ERR,ERR,ERR,ERR,ERR,ERR,ERR,ERR,ERR,ERR,ERR,ERR,ERR,ERR,ERR,ERR,ERR,ERR,ERR,ERR,ERR,ERR,ERR,ERR,ERR,ERR,ERR,ERR,ERR,ERR,ERR,ERR,ERR,ERR,ERR,ERR,ERR,ERR,ERR,ERR,ERR,ERR,ERR,ERR,ERR,ERR,ERR,ERR,ERR,ERR,ERR,ERR,ERR,ERR,ERR,ERR,ERR,ERR,ERR,-107615880.0,-0.0,-108138608.0,0.0,-3.2008056460949376e+29,23949314359296.0,9.648199049743055e+32,0.0,4300,0,8,17169,4300,0.0,41,0.0,0.0,0.0,0.0,-0.0,0,0,0,0,0.0,0,0,0,0,0,0,0,0,0,0,0,0,0,0,0,0,0,0,0,0,0,0,0,0,0,0,0,0,0,0,0,0,0,11,36,36,47,65476,387,65476,1,0,4,21553,0.0,0.0,0.0,0.0,0.0,0.0,0.0,0.0,0.0,0.0,0.0,0.0,0.0,0.0,0.0,0.0,0.0,0.0,0.0,0.0,0.0,2.004,0.0,-2.004,-3.697074423243316e+19,-0.0,0.0,0.0,0.0,0.0,6571.0,-3.697207684052602e+19,0.0,0.0,-0.0,0.0,0.0,-0.0,0.0,2.004,2.004,228,0.0,-71.63,0.0,0.0,0.0,0.0,0.0,0.0,0.0,0,0,0,-25874726387712.0,0.0,0.002,-3.8756584079210184e+37,13584.859,-8.366060639046793e+27,-6.006859020647344e+27,0.0,-0.0,-1.957607874568642e+38,-211821412352.0,7.002044659112227e+23,0.0,129.274,0.0,5.5411423400003895e+19,0,1.3516416376850534e+27,228,0.0,456,0.0,-0.0,2112,52429,17109,0,17112,52429,17095,0,0,0,101,100,100,2.7302343157793998e+23,66.7,2.730234495923385e+23,67.1,0.0,67.0,1,49,50,180,39322,52429,0,0,0.0,0.0,0.0,60.0,5884937345433600.0,71.0,0.0,-4.284168717425705e+17,0.0,1068,0,1069,0,0,0,1069,0,1080,0,999,0,671,0,672,0,667,0,681,0.032,1.4609821306377965e+22,2.004,0.0,4368,16814,1000488.875,1.6953402255690562e+36,0.0,9.022365226739118e+37,-0.0,-0.002,50.0,60.0,35,0.0,0.0,10.0,2.0,0.0,0.0,0.0,0.0,0.0,0.0,0.0,0.0,0.0,0.0,0.0,0.0,59.2,53,12,65510,27,65476,0,300,0,0,8,20529,65476,0,0,30147,60.0,0.0,10.0,10.0,2.0,0.0
2026-02-16T12:59:27,ERR,ERR,ERR,ERR,ERR,ERR,ERR,ERR,ERR,ERR,ERR,ERR,ERR,ERR,ERR,ERR,ERR,ERR,ERR,ERR,ERR,ERR,ERR,ERR,ERR,ERR,ERR,ERR,ERR,ERR,ERR,ERR,ERR,ERR,ERR,ERR,ERR,ERR,ERR,ERR,ERR,ERR,ERR,ERR,ERR,ERR,ERR,ERR,ERR,ERR,ERR,ERR,ERR,ERR,ERR,ERR,ERR,ERR,ERR,ERR,ERR,ERR,ERR,ERR,ERR,ERR,ERR,ERR,ERR,ERR,ERR,ERR,ERR,ERR,ERR,ERR,ERR,ERR,ERR,ERR,ERR,ERR,ERR,ERR,ERR,ERR,ERR,ERR,ERR,ERR,ERR,ERR,ERR,ERR,ERR,ERR,ERR,ERR,ERR,ERR,ERR,ERR,ERR,ERR,ERR,ERR,ERR,ERR,ERR,ERR,ERR,ERR,ERR,ERR,ERR,ERR,ERR,ERR,ERR,ERR,ERR,ERR,ERR,ERR,ERR,-107615880.0,-0.0,-108138608.0,0.0,-3.2008056460949376e+29,23949314359296.0,9.648199049743055e+32,0.0,4300,0,8,17169,4300,0.0,41,0.0,0.0,0.0,0.0,-0.0,0,0,0,0,0.0,0,0,0,0,0,0,0,0,0,0,0,0,0,0,0,0,0,0,0,0,0,0,0,0,0,0,0,0,0,0,0,0,0,11,36,36,47,65476,387,65476,1,0,4,21553,0.0,0.0,0.0,0.0,0.0,0.0,0.0,0.0,0.0,0.0,0.0,0.0,0.0,0.0,0.0,0.0,0.0,0.0,0.0,0.0,0.0,2.004,0.0,-2.004,-3.697074423243316e+19,-0.0,0.0,0.0,0.0,0.0,6571.0,-3.697207684052602e+19,0.0,0.0,-0.0,0.0,0.0,-0.0,0.0,2.004,2.004,228,0.0,-71.63,0.0,0.0,0.0,0.0,0.0,0.0,0.0,0,0,0,-25874726387712.0,0.0,0.002,-3.8756584079210184e+37,13584.859,-8.366060639046793e+27,-6.006859020647344e+27,0.0,-0.0,-1.957607874568642e+38,-211821412352.0,7.002044659112227e+23,0.0,129.274,0.0,5.5411423400003895e+19,0,1.3516416376850534e+27,228,0.0,456,0.0,-0.0,2112,52429,17109,0,17112,52429,17095,0,0,0,101,100,100,2.7302343157793998e+23,66.7,2.730234495923385e+23,67.1,0.0,67.0,1,49,50,180,39322,52429,0,0,0.0,0.0,0.0,60.0,5884937345433600.0,71.0,0.0,-4.284168717425705e+17,0.0,1068,0,1069,0,0,0,1069,0,1080,0,999,0,671,0,672,0,667,0,681,0.032,1.4609821306377965e+22,2.004,0.0,4368,16814,1000488.875,1.6953402255690562e+36,0.0,9.022365226739118e+37,-0.0,-0.002,50.0,60.0,35,0.0,0.0,10.0,2.0,0.0,0.0,0.0,0.0,0.0,0.0,0.0,0.0,0.0,0.0,0.0,0.0,59.2,53,12,65510,27,65476,0,300,0,0,8,20529,65476,0,0,30147,60.0,0.0,10.0,10.0,2.0,0.0
2026-02-16T12:59:28,ERR,ERR,ERR,ERR,ERR,ERR,ERR,ERR,ERR,ERR,ERR,ERR,ERR,ERR,ERR,ERR,ERR,ERR,ERR,ERR,ERR,ERR,ERR,ERR,ERR,ERR,ERR,ERR,ERR,ERR,ERR,ERR,ERR,ERR,ERR,ERR,ERR,ERR,ERR,ERR,ERR,ERR,ERR,ERR,ERR,ERR,ERR,ERR,ERR,ERR,ERR,ERR,ERR,ERR,ERR,ERR,ERR,ERR,ERR,ERR,ERR,ERR,ERR,ERR,ERR,ERR,ERR,ERR,ERR,ERR,ERR,ERR,ERR,ERR,ERR,ERR,ERR,ERR,ERR,ERR,ERR,ERR,ERR,ERR,ERR,ERR,ERR,ERR,ERR,ERR,ERR,ERR,ERR,ERR,ERR,ERR,ERR,ERR,ERR,ERR,ERR,ERR,ERR,ERR,ERR,ERR,ERR,ERR,ERR,ERR,ERR,ERR,ERR,ERR,ERR,ERR,ERR,ERR,ERR,ERR,ERR,ERR,ERR,ERR,ERR,-107615880.0,-0.0,-108138608.0,0.0,-3.2008056460949376e+29,23949314359296.0,9.648199049743055e+32,0.0,4300,0,8,17169,4300,0.0,41,0.0,0.0,0.0,0.0,-0.0,0,0,0,0,0.0,0,0,0,0,0,0,0,0,0,0,0,0,0,0,0,0,0,0,0,0,0,0,0,0,0,0,0,0,0,0,0,0,0,11,36,36,47,65476,387,65476,1,0,4,21553,0.0,0.0,0.0,0.0,0.0,0.0,0.0,0.0,0.0,0.0,0.0,0.0,0.0,0.0,0.0,0.0,0.0,0.0,0.0,0.0,0.0,2.004,0.0,-2.004,-3.697074423243316e+19,-0.0,0.0,0.0,0.0,0.0,6571.0,-3.697207684052602e+19,0.0,0.0,-0.0,0.0,0.0,-0.0,0.0,2.004,2.004,228,0.0,-71.63,0.0,0.0,0.0,0.0,0.0,0.0,0.0,0,0,0,-25874726387712.0,0.0,0.002,-3.8756584079210184e+37,13584.859,-8.366060639046793e+27,-6.006859020647344e+27,0.0,-0.0,-1.957607874568642e+38,-211821412352.0,7.002044659112227e+23,0.0,129.274,0.0,5.5411423400003895e+19,0,1.3516416376850534e+27,228,0.0,456,0.0,-0.0,2112,52429,17109,0,17112,52429,17095,0,0,0,101,100,100,2.7302343157793998e+23,66.7,2.730234495923385e+23,67.1,0.0,67.0,1,49,50,180,39322,52429,0,0,0.0,0.0,0.0,60.0,5884937345433600.0,71.0,0.0,-4.284168717425705e+17,0.0,1068,0,1069,0,0,0,1069,0,1080,0,999,0,671,0,672,0,667,0,681,0.032,1.4609821306377965e+22,2.004,0.0,4368,16814,1000488.875,1.6953402255690562e+36,0.0,9.022365226739118e+37,-0.0,-0.002,50.0,60.0,35,0.0,0.0,10.0,2.0,0.0,0.0,0.0,0.0,0.0,0.0,0.0,0.0,0.0,0.0,0.0,0.0,59.2,53,12,65510,27,65476,0,300,0,0,8,20529,65476,0,0,30147,60.0,0.0,10.0,10.0,2.0,0.0
2026-02-16T12:59:29,ERR,ERR,ERR,ERR,ERR,ERR,ERR,ERR,ERR,ERR,ERR,ERR,ERR,ERR,ERR,ERR,ERR,ERR,ERR,ERR,ERR,ERR,ERR,ERR,ERR,ERR,ERR,ERR,ERR,ERR,ERR,ERR,ERR,ERR,ERR,ERR,ERR,ERR,ERR,ERR,ERR,ERR,ERR,ERR,ERR,ERR,ERR,ERR,ERR,ERR,ERR,ERR,ERR,ERR,ERR,ERR,ERR,ERR,ERR,ERR,ERR,ERR,ERR,ERR,ERR,ERR,ERR,ERR,ERR,ERR,ERR,ERR,ERR,ERR,ERR,ERR,ERR,ERR,ERR,ERR,ERR,ERR,ERR,ERR,ERR,ERR,ERR,ERR,ERR,ERR,ERR,ERR,ERR,ERR,ERR,ERR,ERR,ERR,ERR,ERR,ERR,ERR,ERR,ERR,ERR,ERR,ERR,ERR,ERR,ERR,ERR,ERR,ERR,ERR,ERR,ERR,ERR,ERR,ERR,ERR,ERR,ERR,ERR,ERR,ERR,-107615880.0,-0.0,-108138608.0,0.0,-3.2008056460949376e+29,23949314359296.0,9.648199049743055e+32,0.0,4300,0,8,17169,4300,0.0,41,0.0,0.0,0.0,0.0,-0.0,0,0,0,0,0.0,0,0,0,0,0,0,0,0,0,0,0,0,0,0,0,0,0,0,0,0,0,0,0,0,0,0,0,0,0,0,0,0,0,11,36,36,47,65476,387,65476,1,0,4,21553,0.0,0.0,0.0,0.0,0.0,0.0,0.0,0.0,0.0,0.0,0.0,0.0,0.0,0.0,0.0,0.0,0.0,0.0,0.0,0.0,0.0,2.004,0.0,-2.004,-3.697074423243316e+19,-0.0,0.0,0.0,0.0,0.0,6571.0,-3.697207684052602e+19,0.0,0.0,-0.0,0.0,0.0,-0.0,0.0,2.004,2.004,228,0.0,-71.63,0.0,0.0,0.0,0.0,0.0,0.0,0.0,0,0,0,-25874726387712.0,0.0,0.002,-3.8756584079210184e+37,13584.859,-8.366060639046793e+27,-6.006859020647344e+27,0.0,-0.0,-1.957607874568642e+38,-211821412352.0,7.002044659112227e+23,0.0,129.274,0.0,5.5411423400003895e+19,0,1.3516416376850534e+27,228,0.0,456,0.0,-0.0,2112,52429,17109,0,17112,52429,17095,0,0,0,101,100,100,2.7302343157793998e+23,66.8,-0.0,67.1,0.0,67.0,1,49,50,180,52429,52429,0,0,0.0,0.0,0.0,60.0,3.013087920862003e+18,71.0,0.0,-0.0,0.0,1069,0,1069,0,0,0,1069,0,1080,0,999,0,671,0,672,0,667,0,681,0.032,1.4536034330083127e+22,2.004,0.0,10128,16814,5.248466858239905e+21,-0.0,56693740273664.0,-0.0,-9.29786161629478e+34,-8.92245610527249e+37,50.0,60.0,35,0.0,0.0,10.0,2.0,0.0,0.0,0.0,0.0,0.0,0.0,0.0,0.0,0.0,0.0,0.0,0.0,59.2,53,12,65510,27,65476,0,300,0,0,8,20529,65476,0,0,30147,60.0,0.0,10.0,10.0,2.0,0.0
2026-02-16T12:59:30,ERR,ERR,ERR,ERR,ERR,ERR,ERR,ERR,ERR,ERR,ERR,ERR,ERR,ERR,ERR,ERR,ERR,ERR,ERR,ERR,ERR,ERR,ERR,ERR,ERR,ERR,ERR,ERR,ERR,ERR,ERR,ERR,ERR,ERR,ERR,ERR,ERR,ERR,ERR,ERR,ERR,ERR,ERR,ERR,ERR,ERR,ERR,ERR,ERR,ERR,ERR,ERR,ERR,ERR,ERR,ERR,ERR,ERR,ERR,ERR,ERR,ERR,ERR,ERR,ERR,ERR,ERR,ERR,ERR,ERR,ERR,ERR,ERR,ERR,ERR,ERR,ERR,ERR,ERR,ERR,ERR,ERR,ERR,ERR,ERR,ERR,ERR,ERR,ERR,ERR,ERR,ERR,ERR,ERR,ERR,ERR,ERR,ERR,ERR,ERR,ERR,ERR,ERR,ERR,ERR,ERR,ERR,ERR,ERR,ERR,ERR,ERR,ERR,ERR,ERR,ERR,ERR,ERR,ERR,ERR,ERR,ERR,ERR,ERR,ERR,0.0,-0.0,2.7420187948523476e+23,0.0,-0.0,15548691.0,4.996180386254181e+22,-0.0,4300,0,8,17169,4300,0.0,41,0.0,0.0,0.0,0.0,-0.0,0,0,0,0,0.0,0,0,0,0,0,0,0,0,0,0,0,0,0,0,0,0,0,0,0,0,0,0,0,0,0,0,0,0,0,0,0,0,0,11,36,36,47,65476,389,65476,1,0,4,21553,0.0,-0.0,0.0,0.0,0.0,0.0,0.0,0.0,0.0,0.0,0.0,0.0,0.0,0.0,0.0,0.0,0.0,0.0,0.0,0.0,0.0,2.004,2.004,-2.004,-2.004,-3.69707618246192e+19,0.0,0.0,0.0,0.0,6606.0,0.0,0.0,0.0,-0.0,0.0,107616272.0,0.0,0.0,2.004,2.004,226,0.0,-2.3088384307314767e+20,0.0,0.0,0.0,0.0,0.0,0.0,0.0,0,0,0,-7.120839078859133e+22,1.245312229738283e+18,1.3922550962423768e+25,-1.3592015897071562e+23,-0.0,-0.0,-0.153,0.0,-0.0,-2.1436997939785304e+38,-224706314240.0,7.615952301885281e+23,0.0,140.274,0.0,8.909637930216516e+26,0,1.3516416376850534e+27,226,0.0,452,2.40156025918058e+36,-0.235,2112,52429,17109,0,17112,52429,17095,0,0,0,101,100,100,2.7302343157793998e+23,66.8,-0.0,67.1,0.0,67.0,1,49,50,180,52429,52429,0,0,0.0,0.0,0.0,60.0,3.013087920862003e+18,71.0,0.0,-0.0,0.0,1069,0,1069,0,0,0,1069,0,1080,0,999,0,671,0,672,0,667,0,681,0.032,1.4536034330083127e+22,2.004,0.0,10128,16814,5.248466858239905e+21,-0.0,56693740273664.0,-0.0,-9.29786161629478e+34,-8.92245610527249e+37,50.0,60.0,35,0.0,0.0,10.0,2.0,0.0,0.0,0.0,0.0,0.0,0.0,0.0,0.0,0.0,0.0,0.0,0.0,59.2,53,12,65510,27,65476,0,300,0,0,8,20529,65476,0,0,30147,60.0,0.0,10.0,10.0,2.0,0.0
2026-02-16T12:59:31,ERR,ERR,ERR,ERR,ERR,ERR,ERR,ERR,ERR,ERR,ERR,ERR,ERR,ERR,ERR,ERR,ERR,ERR,ERR,ERR,ERR,ERR,ERR,ERR,ERR,ERR,ERR,ERR,ERR,ERR,ERR,ERR,ERR,ERR,ERR,ERR,ERR,ERR,ERR,ERR,ERR,ERR,ERR,ERR,ERR,ERR,ERR,ERR,ERR,ERR,ERR,ERR,ERR,ERR,ERR,ERR,ERR,ERR,ERR,ERR,ERR,ERR,ERR,ERR,ERR,ERR,ERR,ERR,ERR,ERR,ERR,ERR,ERR,ERR,ERR,ERR,ERR,ERR,ERR,ERR,ERR,ERR,ERR,ERR,ERR,ERR,ERR,ERR,ERR,ERR,ERR,ERR,ERR,ERR,ERR,ERR,ERR,ERR,ERR,ERR,ERR,ERR,ERR,ERR,ERR,ERR,ERR,ERR,ERR,ERR,ERR,ERR,ERR,ERR,ERR,ERR,ERR,ERR,ERR,ERR,ERR,ERR,ERR,ERR,ERR,0.0,-0.0,2.7420187948523476e+23,0.0,-0.0,15548691.0,4.996180386254181e+22,-0.0,4300,0,8,17169,4300,0.0,41,0.0,0.0,0.0,0.0,-0.0,0,0,0,0,0.0,0,0,0,0,0,0,0,0,0,0,0,0,0,0,0,0,0,0,0,0,0,0,0,0,0,0,0,0,0,0,0,0,0,11,36,36,47,65476,389,65476,1,0,4,21553,0.0,-0.0,0.0,0.0,0.0,0.0,0.0,0.0,0.0,0.0,0.0,0.0,0.0,0.0,0.0,0.0,0.0,0.0,0.0,0.0,0.0,2.004,2.004,-2.004,-2.004,-3.69707618246192e+19,0.0,0.0,0.0,0.0,6606.0,0.0,0.0,0.0,-0.0,0.0,107616272.0,0.0,0.0,2.004,2.004,226,0.0,-2.3088384307314767e+20,0.0,0.0,0.0,0.0,0.0,0.0,0.0,0,0,0,-7.120839078859133e+22,1.245312229738283e+18,1.3922550962423768e+25,-1.3592015897071562e+23,-0.0,-0.0,-0.153,0.0,-0.0,-2.1436997939785304e+38,-224706314240.0,7.615952301885281e+23,0.0,140.274,0.0,8.909637930216516e+26,0,1.3516416376850534e+27,226,0.0,452,2.40156025918058e+36,-0.235,2112,52429,17109,0,17112,52429,17095,0,0,0,101,100,100,2.7302343157793998e+23,66.8,-0.0,67.1,0.0,67.0,1,49,50,180,52429,52429,0,0,0.0,0.0,0.0,60.0,3.013087920862003e+18,71.0,0.0,-0.0,0.0,1069,0,1069,0,0,0,1069,0,1080,0,999,0,671,0,672,0,667,0,681,0.032,1.4536034330083127e+22,2.004,0.0,10128,16814,5.248466858239905e+21,-0.0,56693740273664.0,-0.0,-9.29786161629478e+34,-8.92245610527249e+37,50.0,60.0,35,0.0,0.0,10.0,2.0,0.0,0.0,0.0,0.0,0.0,0.0,0.0,0.0,0.0,0.0,0.0,0.0,58.8,53,12,65510,27,65476,0,300,0,0,8,20529,65476,0,0,30147,60.0,0.0,10.0,10.0,2.0,0.0
2026-02-16T12:59:32,ERR,ERR,ERR,ERR,ERR,ERR,ERR,ERR,ERR,ERR,ERR,ERR,ERR,ERR,ERR,ERR,ERR,ERR,ERR,ERR,ERR,ERR,ERR,ERR,ERR,ERR,ERR,ERR,ERR,ERR,ERR,ERR,ERR,ERR,ERR,ERR,ERR,ERR,ERR,ERR,ERR,ERR,ERR,ERR,ERR,ERR,ERR,ERR,ERR,ERR,ERR,ERR,ERR,ERR,ERR,ERR,ERR,ERR,ERR,ERR,ERR,ERR,ERR,ERR,ERR,ERR,ERR,ERR,ERR,ERR,ERR,ERR,ERR,ERR,ERR,ERR,ERR,ERR,ERR,ERR,ERR,ERR,ERR,ERR,ERR,ERR,ERR,ERR,ERR,ERR,ERR,ERR,ERR,ERR,ERR,ERR,ERR,ERR,ERR,ERR,ERR,ERR,ERR,ERR,ERR,ERR,ERR,ERR,ERR,ERR,ERR,ERR,ERR,ERR,ERR,ERR,ERR,ERR,ERR,ERR,ERR,ERR,ERR,ERR,ERR,0.0,-0.0,2.7420187948523476e+23,0.0,-0.0,15548691.0,4.996180386254181e+22,-0.0,4300,0,8,17169,4300,0.0,41,0.0,0.0,0.0,0.0,-0.0,0,0,0,0,0.0,0,0,0,0,0,0,0,0,0,0,0,0,0,0,0,0,0,0,0,0,0,0,0,0,0,0,0,0,0,0,0,0,0,11,36,36,47,65476,389,65476,1,0,4,21553,0.0,-0.0,0.0,0.0,0.0,0.0,0.0,0.0,0.0,0.0,0.0,0.0,0.0,0.0,0.0,0.0,0.0,0.0,0.0,0.0,0.0,2.004,2.004,-2.004,-2.004,-3.69707618246192e+19,0.0,0.0,0.0,0.0,6606.0,0.0,0.0,0.0,-0.0,0.0,107616272.0,0.0,0.0,2.004,2.004,226,0.0,-2.3088384307314767e+20,0.0,0.0,0.0,0.0,0.0,0.0,0.0,0,0,0,-7.120839078859133e+22,1.245312229738283e+18,1.3922550962423768e+25,-1.3592015897071562e+23,-0.0,-0.0,-0.153,0.0,-0.0,-2.1436997939785304e+38,-224706314240.0,7.615952301885281e+23,0.0,140.274,0.0,8.909637930216516e+26,0,1.3516416376850534e+27,226,0.0,452,2.40156025918058e+36,-0.235,2112,52429,17109,0,17112,52429,17095,0,0,0,101,100,100,2.7302343157793998e+23,66.7,-0.0,67.1,0.0,67.0,1,49,50,180,52429,52429,0,0,0.0,0.0,0.0,60.0,4.4332132910067876e+20,71.0,0.0,-8.69213859584829e+18,0.0,1069,0,1069,0,0,0,1069,0,1080,0,999,0,671,0,672,0,667,0,680,0.032,1.6602069666338596e+22,0.0,0.0,14736,16814,4.4332132910067876e+20,-8.69213859584829e+18,-3165401382912.0,-1.354887442515045e+35,1.3317545026587784e+25,-0.0,50.0,60.0,35,0.0,0.0,10.0,2.0,0.0,0.0,0.0,0.0,0.0,0.0,0.0,0.0,0.0,0.0,0.0,0.0,58.8,53,12,65510,27,65476,0,300,0,0,8,20529,65476,0,0,30147,60.0,0.0,10.0,10.0,2.0,0.0
2026-02-16T12:59:33,ERR,ERR,ERR,ERR,ERR,ERR,ERR,ERR,ERR,ERR,ERR,ERR,ERR,ERR,ERR,ERR,ERR,ERR,ERR,ERR,ERR,ERR,ERR,ERR,ERR,ERR,ERR,ERR,ERR,ERR,ERR,ERR,ERR,ERR,ERR,ERR,ERR,ERR,ERR,ERR,ERR,ERR,ERR,ERR,ERR,ERR,ERR,ERR,ERR,ERR,ERR,ERR,ERR,ERR,ERR,ERR,ERR,ERR,ERR,ERR,ERR,ERR,ERR,ERR,ERR,ERR,ERR,ERR,ERR,ERR,ERR,ERR,ERR,ERR,ERR,ERR,ERR,ERR,ERR,ERR,ERR,ERR,ERR,ERR,ERR,ERR,ERR,ERR,ERR,ERR,ERR,ERR,ERR,ERR,ERR,ERR,ERR,ERR,ERR,ERR,ERR,ERR,ERR,ERR,ERR,ERR,ERR,ERR,ERR,ERR,ERR,ERR,ERR,ERR,ERR,ERR,ERR,ERR,ERR,ERR,ERR,ERR,ERR,ERR,ERR,0.0,-0.0,2.7420187948523476e+23,0.0,-0.0,15548691.0,4.996180386254181e+22,-0.0,4300,0,8,17169,4300,0.0,41,0.0,0.0,0.0,0.0,-0.0,0,0,0,0,0.0,0,0,0,0,0,0,0,0,0,0,0,0,0,0,0,0,0,0,0,0,0,0,0,0,0,0,0,0,0,0,0,0,0,11,36,36,47,65476,389,65476,1,0,4,21553,0.0,-0.0,0.0,0.0,0.0,0.0,0.0,0.0,0.0,0.0,0.0,0.0,0.0,0.0,0.0,0.0,0.0,0.0,0.0,0.0,0.0,2.004,2.004,-2.004,-2.004,-3.69707618246192e+19,0.0,0.0,0.0,0.0,6606.0,0.0,0.0,0.0,-0.0,0.0,107616272.0,0.0,0.0,2.004,2.004,226,0.0,-2.3088384307314767e+20,0.0,0.0,0.0,0.0,0.0,0.0,0.0,0,0,0,-7.120839078859133e+22,1.245312229738283e+18,1.3922550962423768e+25,-1.3592015897071562e+23,-0.0,-0.0,-0.153,0.0,-0.0,-2.1436997939785304e+38,-224706314240.0,7.615952301885281e+23,0.0,140.274,0.0,8.909637930216516e+26,0,1.3516416376850534e+27,226,0.0,452,2.40156025918058e+36,-0.235,2112,52429,17109,0,17112,52429,17095,0,0,0,101,100,100,2.7302343157793998e+23,66.7,-0.0,67.1,0.0,67.0,1,49,50,180,52429,52429,0,0,0.0,0.0,0.0,60.0,4.4332132910067876e+20,71.0,0.0,-8.69213859584829e+18,0.0,1069,0,1069,0,0,0,1069,0,1080,0,999,0,671,0,672,0,667,0,680,0.032,1.6602069666338596e+22,0.0,0.0,14736,16814,4.4332132910067876e+20,-8.69213859584829e+18,-3165401382912.0,-1.354887442515045e+35,1.3317545026587784e+25,-0.0,50.0,60.0,35,0.0,0.0,10.0,2.0,0.0,0.0,0.0,0.0,0.0,0.0,0.0,0.0,0.0,0.0,0.0,0.0,58.8,53,12,65510,27,65476,0,300,0,0,8,20529,65476,0,0,30147,60.0,0.0,10.0,10.0,2.0,0.0
2026-02-16T12:59:34,ERR,ERR,ERR,ERR,ERR,ERR,ERR,ERR,ERR,ERR,ERR,ERR,ERR,ERR,ERR,ERR,ERR,ERR,ERR,ERR,ERR,ERR,ERR,ERR,ERR,ERR,ERR,ERR,ERR,ERR,ERR,ERR,ERR,ERR,ERR,ERR,ERR,ERR,ERR,ERR,ERR,ERR,ERR,ERR,ERR,ERR,ERR,ERR,ERR,ERR,ERR,ERR,ERR,ERR,ERR,ERR,ERR,ERR,ERR,ERR,ERR,ERR,ERR,ERR,ERR,ERR,ERR,ERR,ERR,ERR,ERR,ERR,ERR,ERR,ERR,ERR,ERR,ERR,ERR,ERR,ERR,ERR,ERR,ERR,ERR,ERR,ERR,ERR,ERR,ERR,ERR,ERR,ERR,ERR,ERR,ERR,ERR,ERR,ERR,ERR,ERR,ERR,ERR,ERR,ERR,ERR,ERR,ERR,ERR,ERR,ERR,ERR,ERR,ERR,ERR,ERR,ERR,ERR,ERR,ERR,ERR,ERR,ERR,ERR,ERR,0.0,-0.0,2.7420187948523476e+23,0.0,-0.0,13103287296.0,3.564438974643051e+27,-0.0,4300,0,8,17169,4300,0.0,41,0.0,0.0,0.0,0.0,2.7184166902131945e+23,0,0,0,0,0.0,0,0,0,0,0,0,0,0,0,0,0,0,0,0,0,0,0,0,0,0,0,0,0,0,0,0,0,0,0,0,0,0,0,12,36,36,47,65476,390,65476,1,0,4,21553,0.0,0.0,0.0,0.0,0.0,0.0,0.0,0.0,0.0,0.0,0.0,0.0,0.0,0.0,0.0,0.0,0.0,0.0,0.0,0.0,0.0,2.004,2.004,-2.004,-2.004,0.0,0.0,0.0,0.0,0.0,6605.0,0.0,0.0,0.0,-0.0,0.0,-0.0,-0.0,0.0,2.004,2.004,228,0.0,-107615256.0,0.0,0.0,0.0,0.0,0.0,0.0,0.0,0,0,0,-2.577689282427042e+27,-4.4084143693566464e+36,1.0111325881037643e+34,0.0,-0.0,12927476.0,0.0,-2.1171081352194708e+38,-340.549,-2.276622593557022e+38,-237591216128.0,8.182636279829638e+23,0.0,151.274,0.0,9.202766101387239e+25,0,1.3516416376850534e+27,228,0.0,456,-621855232.0,-2.2165415544150295e+20,2112,52429,17109,0,17112,52429,17095,0,0,0,101,100,100,2.7302343157793998e+23,66.7,-0.0,67.1,0.0,67.0,1,49,50,180,52429,52429,0,0,0.0,0.0,0.0,60.0,4.4332132910067876e+20,71.0,0.0,-8.69213859584829e+18,0.0,1069,0,1069,0,0,0,1069,0,1080,0,999,0,671,0,672,0,667,0,680,0.032,1.6602069666338596e+22,0.0,0.0,14736,16814,4.4332132910067876e+20,-8.69213859584829e+18,-3165401382912.0,-1.354887442515045e+35,1.3317545026587784e+25,-0.0,50.0,60.0,35,0.0,0.0,10.0,2.0,0.0,0.0,0.0,0.0,0.0,0.0,0.0,0.0,0.0,0.0,0.0,0.0,58.8,53,12,65510,27,65476,0,300,0,0,8,20529,65476,0,0,30147,60.0,0.0,10.0,10.0,2.0,0.0
2026-02-16T12:59:35,ERR,ERR,ERR,ERR,ERR,ERR,ERR,ERR,ERR,ERR,ERR,ERR,ERR,ERR,ERR,ERR,ERR,ERR,ERR,ERR,ERR,ERR,ERR,ERR,ERR,ERR,ERR,ERR,ERR,ERR,ERR,ERR,ERR,ERR,ERR,ERR,ERR,ERR,ERR,ERR,ERR,ERR,ERR,ERR,ERR,ERR,ERR,ERR,ERR,ERR,ERR,ERR,ERR,ERR,ERR,ERR,ERR,ERR,ERR,ERR,ERR,ERR,ERR,ERR,ERR,ERR,ERR,ERR,ERR,ERR,ERR,ERR,ERR,ERR,ERR,ERR,ERR,ERR,ERR,ERR,ERR,ERR,ERR,ERR,ERR,ERR,ERR,ERR,ERR,ERR,ERR,ERR,ERR,ERR,ERR,ERR,ERR,ERR,ERR,ERR,ERR,ERR,ERR,ERR,ERR,ERR,ERR,ERR,ERR,ERR,ERR,ERR,ERR,ERR,ERR,ERR,ERR,ERR,ERR,ERR,ERR,ERR,ERR,ERR,ERR,0.0,-0.0,2.7420187948523476e+23,0.0,-0.0,13103287296.0,3.564438974643051e+27,-0.0,4300,0,8,17169,4300,0.0,41,0.0,0.0,0.0,0.0,2.7184166902131945e+23,0,0,0,0,0.0,0,0,0,0,0,0,0,0,0,0,0,0,0,0,0,0,0,0,0,0,0,0,0,0,0,0,0,0,0,0,0,0,0,12,36,36,47,65476,390,65476,1,0,4,21553,0.0,0.0,0.0,0.0,0.0,0.0,0.0,0.0,0.0,0.0,0.0,0.0,0.0,0.0,0.0,0.0,0.0,0.0,0.0,0.0,0.0,2.004,2.004,-2.004,-2.004,0.0,0.0,0.0,0.0,0.0,6605.0,0.0,0.0,0.0,-0.0,0.0,-0.0,-0.0,0.0,2.004,2.004,228,0.0,-107615256.0,0.0,0.0,0.0,0.0,0.0,0.0,0.0,0,0,0,-2.577689282427042e+27,-4.4084143693566464e+36,1.0111325881037643e+34,0.0,-0.0,12927476.0,0.0,-2.1171081352194708e+38,-340.549,-2.276622593557022e+38,-237591216128.0,8.182636279829638e+23,0.0,151.274,0.0,9.202766101387239e+25,0,1.3516416376850534e+27,228,0.0,456,-621855232.0,-2.2165415544150295e+20,2112,52429,17109,0,17112,52429,17095,0,0,0,101,100,100,2.7302343157793998e+23,66.7,2.730234495923385e+23,67.1,0.0,67.0,1,49,50,180,52429,52429,0,0,0.0,0.0,0.0,60.0,2.9545483450115738e+23,71.0,0.0,-0.0,0.0,1069,0,1069,0,0,0,1069,0,1080,0,999,0,671,0,676,0,667,0,680,0.032,1.6971004547812787e+22,0.0,0.0,5520,16814,41408847872.0,-3695271168.0,7.35890433111176e+18,-0.0,nan,0.0,50.0,60.0,35,0.0,0.0,10.0,2.0,0.0,0.0,0.0,0.0,0.0,0.0,0.0,0.0,0.0,0.0,0.0,0.0,58.8,53,12,65510,27,65476,0,300,0,0,8,20529,65476,0,0,30147,60.0,0.0,10.0,10.0,2.0,0.0
2026-02-16T12:59:36,ERR,ERR,ERR,ERR,ERR,ERR,ERR,ERR,ERR,ERR,ERR,ERR,ERR,ERR,ERR,ERR,ERR,ERR,ERR,ERR,ERR,ERR,ERR,ERR,ERR,ERR,ERR,ERR,ERR,ERR,ERR,ERR,ERR,ERR,ERR,ERR,ERR,ERR,ERR,ERR,ERR,ERR,ERR,ERR,ERR,ERR,ERR,ERR,ERR,ERR,ERR,ERR,ERR,ERR,ERR,ERR,ERR,ERR,ERR,ERR,ERR,ERR,ERR,ERR,ERR,ERR,ERR,ERR,ERR,ERR,ERR,ERR,ERR,ERR,ERR,ERR,ERR,ERR,ERR,ERR,ERR,ERR,ERR,ERR,ERR,ERR,ERR,ERR,ERR,ERR,ERR,ERR,ERR,ERR,ERR,ERR,ERR,ERR,ERR,ERR,ERR,ERR,ERR,ERR,ERR,ERR,ERR,ERR,ERR,ERR,ERR,ERR,ERR,ERR,ERR,ERR,ERR,ERR,ERR,ERR,ERR,ERR,ERR,ERR,ERR,0.0,-0.0,2.7420187948523476e+23,0.0,-0.0,13103287296.0,3.564438974643051e+27,-0.0,4300,0,8,17169,4300,0.0,41,0.0,0.0,0.0,0.0,2.7184166902131945e+23,0,0,0,0,0.0,0,0,0,0,0,0,0,0,0,0,0,0,0,0,0,0,0,0,0,0,0,0,0,0,0,0,0,0,0,0,0,0,0,12,36,36,47,65476,390,65476,1,0,4,21553,0.0,0.0,0.0,0.0,0.0,0.0,0.0,0.0,0.0,0.0,0.0,0.0,0.0,0.0,0.0,0.0,0.0,0.0,0.0,0.0,0.0,2.004,2.004,-2.004,-2.004,0.0,0.0,0.0,0.0,0.0,6605.0,0.0,0.0,0.0,-0.0,0.0,-0.0,-0.0,0.0,2.004,2.004,228,0.0,-107615256.0,0.0,0.0,0.0,0.0,0.0,0.0,0.0,0,0,0,-2.577689282427042e+27,-4.4084143693566464e+36,1.0111325881037643e+34,0.0,-0.0,12927476.0,0.0,-2.1171081352194708e+38,-340.549,-2.276622593557022e+38,-237591216128.0,8.182636279829638e+23,0.0,151.274,0.0,9.202766101387239e+25,0,1.3516416376850534e+27,228,0.0,456,-621855232.0,-2.2165415544150295e+20,2112,52429,17109,0,17112,52429,17095,0,0,0,101,100,100,2.7302343157793998e+23,66.7,2.730234495923385e+23,67.1,0.0,67.0,1,49,50,180,52429,52429,0,0,0.0,0.0,0.0,60.0,2.9545483450115738e+23,71.0,0.0,-0.0,0.0,1069,0,1069,0,0,0,1069,0,1080,0,999,0,671,0,676,0,667,0,680,0.032,1.6971004547812787e+22,0.0,0.0,5520,16814,41408847872.0,-3695271168.0,7.35890433111176e+18,-0.0,nan,0.0,50.0,60.0,35,0.0,0.0,10.0,2.0,0.0,0.0,0.0,0.0,0.0,0.0,0.0,0.0,0.0,0.0,0.0,0.0,58.8,53,12,65510,27,65476,0,300,0,0,8,20529,65476,0,0,30147,60.0,0.0,10.0,10.0,2.0,0.0
2026-02-16T12:59:37,ERR,ERR,ERR,ERR,ERR,ERR,ERR,ERR,ERR,ERR,ERR,ERR,ERR,ERR,ERR,ERR,ERR,ERR,ERR,ERR,ERR,ERR,ERR,ERR,ERR,ERR,ERR,ERR,ERR,ERR,ERR,ERR,ERR,ERR,ERR,ERR,ERR,ERR,ERR,ERR,ERR,ERR,ERR,ERR,ERR,ERR,ERR,ERR,ERR,ERR,ERR,ERR,ERR,ERR,ERR,ERR,ERR,ERR,ERR,ERR,ERR,ERR,ERR,ERR,ERR,ERR,ERR,ERR,ERR,ERR,ERR,ERR,ERR,ERR,ERR,ERR,ERR,ERR,ERR,ERR,ERR,ERR,ERR,ERR,ERR,ERR,ERR,ERR,ERR,ERR,ERR,ERR,ERR,ERR,ERR,ERR,ERR,ERR,ERR,ERR,ERR,ERR,ERR,ERR,ERR,ERR,ERR,ERR,ERR,ERR,ERR,ERR,ERR,ERR,ERR,ERR,ERR,ERR,ERR,ERR,ERR,ERR,ERR,ERR,ERR,0.0,-0.0,2.7420187948523476e+23,0.0,-0.0,13103287296.0,3.564438974643051e+27,-0.0,4300,0,8,17169,4300,0.0,41,0.0,0.0,0.0,0.0,2.7184166902131945e+23,0,0,0,0,0.0,0,0,0,0,0,0,0,0,0,0,0,0,0,0,0,0,0,0,0,0,0,0,0,0,0,0,0,0,0,0,0,0,0,12,36,36,47,65476,390,65476,1,0,4,21553,0.0,0.0,0.0,0.0,0.0,0.0,0.0,0.0,0.0,0.0,0.0,0.0,0.0,0.0,0.0,0.0,0.0,0.0,0.0,0.0,0.0,2.004,2.004,-2.004,-2.004,0.0,0.0,0.0,0.0,0.0,6605.0,0.0,0.0,0.0,-0.0,0.0,-0.0,-0.0,0.0,2.004,2.004,228,0.0,-107615256.0,0.0,0.0,0.0,0.0,0.0,0.0,0.0,0,0,0,-2.577689282427042e+27,-4.4084143693566464e+36,1.0111325881037643e+34,0.0,-0.0,12927476.0,0.0,-2.1171081352194708e+38,-340.549,-2.276622593557022e+38,-237591216128.0,8.182636279829638e+23,0.0,151.274,0.0,9.202766101387239e+25,0,1.3516416376850534e+27,228,0.0,456,-621855232.0,-2.2165415544150295e+20,2112,52429,17109,0,17112,52429,17095,0,0,0,101,100,100,2.7302343157793998e+23,66.7,2.730234495923385e+23,67.1,0.0,67.0,1,49,50,180,52429,52429,0,0,0.0,0.0,0.0,60.0,2.9545483450115738e+23,71.0,0.0,-0.0,0.0,1069,0,1069,0,0,0,1069,0,1080,0,999,0,671,0,676,0,667,0,680,0.032,1.6971004547812787e+22,0.0,0.0,5520,16814,41408847872.0,-3695271168.0,7.35890433111176e+18,-0.0,nan,0.0,50.0,60.0,35,0.0,0.0,10.0,2.0,0.0,0.0,0.0,0.0,0.0,0.0,0.0,0.0,0.0,0.0,0.0,0.0,59.2,53,12,65510,27,65476,0,300,0,0,8,20529,65476,0,0,30147,60.0,0.0,10.0,10.0,2.0,0.0
2026-02-16T12:59:38,ERR,ERR,ERR,ERR,ERR,ERR,ERR,ERR,ERR,ERR,ERR,ERR,ERR,ERR,ERR,ERR,ERR,ERR,ERR,ERR,ERR,ERR,ERR,ERR,ERR,ERR,ERR,ERR,ERR,ERR,ERR,ERR,ERR,ERR,ERR,ERR,ERR,ERR,ERR,ERR,ERR,ERR,ERR,ERR,ERR,ERR,ERR,ERR,ERR,ERR,ERR,ERR,ERR,ERR,ERR,ERR,ERR,ERR,ERR,ERR,ERR,ERR,ERR,ERR,ERR,ERR,ERR,ERR,ERR,ERR,ERR,ERR,ERR,ERR,ERR,ERR,ERR,ERR,ERR,ERR,ERR,ERR,ERR,ERR,ERR,ERR,ERR,ERR,ERR,ERR,ERR,ERR,ERR,ERR,ERR,ERR,ERR,ERR,ERR,ERR,ERR,ERR,ERR,ERR,ERR,ERR,ERR,ERR,ERR,ERR,ERR,ERR,ERR,ERR,ERR,ERR,ERR,ERR,ERR,ERR,ERR,ERR,ERR,ERR,ERR,0.0,-0.0,2.7420187948523476e+23,0.0,-0.0,13103287296.0,3.564438974643051e+27,-0.0,4300,0,8,17169,4300,0.0,41,0.0,0.0,0.0,0.0,2.7184166902131945e+23,0,0,0,0,0.0,0,0,0,0,0,0,0,0,0,0,0,0,0,0,0,0,0,0,0,0,0,0,0,0,0,0,0,0,0,0,0,0,0,12,36,36,47,65476,390,65476,1,0,4,21553,0.0,0.0,0.0,0.0,0.0,0.0,0.0,0.0,0.0,0.0,0.0,0.0,0.0,0.0,0.0,0.0,0.0,0.0,0.0,0.0,0.0,2.004,2.004,-2.004,-2.004,0.0,0.0,0.0,0.0,0.0,6605.0,0.0,0.0,0.0,-0.0,0.0,-0.0,-0.0,0.0,2.004,2.004,228,0.0,-107615256.0,0.0,0.0,0.0,0.0,0.0,0.0,0.0,0,0,0,-2.577689282427042e+27,-4.4084143693566464e+36,1.0111325881037643e+34,0.0,-0.0,12927476.0,0.0,-2.1171081352194708e+38,-340.549,-2.276622593557022e+38,-237591216128.0,8.182636279829638e+23,0.0,151.274,0.0,9.202766101387239e+25,0,1.3516416376850534e+27,228,0.0,456,-621855232.0,-2.2165415544150295e+20,2112,52429,17109,0,17112,52429,17095,0,0,0,101,100,100,2.7302343157793998e+23,66.7,2.730234495923385e+23,67.1,0.0,67.0,1,49,50,180,52429,52429,0,0,0.0,0.0,0.0,60.0,2.9545483450115738e+23,71.0,0.0,-0.0,0.0,1069,0,1069,0,0,0,1069,0,1080,0,999,0,671,0,676,0,667,0,680,0.032,1.6971004547812787e+22,0.0,0.0,5520,16814,41408847872.0,-3695271168.0,7.35890433111176e+18,-0.0,nan,0.0,50.0,60.0,35,0.0,0.0,10.0,2.0,0.0,0.0,0.0,0.0,0.0,0.0,0.0,0.0,0.0,0.0,0.0,0.0,59.2,53,12,65510,27,65476,0,300,0,0,8,20529,65476,0,0,30147,60.0,0.0,10.0,10.0,2.0,0.0
2026-02-16T12:59:39,ERR,ERR,ERR,ERR,ERR,ERR,ERR,ERR,ERR,ERR,ERR,ERR,ERR,ERR,ERR,ERR,ERR,ERR,ERR,ERR,ERR,ERR,ERR,ERR,ERR,ERR,ERR,ERR,ERR,ERR,ERR,ERR,ERR,ERR,ERR,ERR,ERR,ERR,ERR,ERR,ERR,ERR,ERR,ERR,ERR,ERR,ERR,ERR,ERR,ERR,ERR,ERR,ERR,ERR,ERR,ERR,ERR,ERR,ERR,ERR,ERR,ERR,ERR,ERR,ERR,ERR,ERR,ERR,ERR,ERR,ERR,ERR,ERR,ERR,ERR,ERR,ERR,ERR,ERR,ERR,ERR,ERR,ERR,ERR,ERR,ERR,ERR,ERR,ERR,ERR,ERR,ERR,ERR,ERR,ERR,ERR,ERR,ERR,ERR,ERR,ERR,ERR,ERR,ERR,ERR,ERR,ERR,ERR,ERR,ERR,ERR,ERR,ERR,ERR,ERR,ERR,ERR,ERR,ERR,ERR,ERR,ERR,ERR,ERR,ERR,0.0,-0.0,2.7420187948523476e+23,0.0,-0.0,1.0813272390891049e+33,-0.0,-0.0,4300,0,8,17169,4300,0.0,41,0.0,0.0,0.0,0.0,2.7184166902131945e+23,0,0,0,0,0.0,0,0,0,0,0,0,0,0,0,0,0,0,0,0,0,0,0,0,0,0,0,0,0,0,0,0,0,0,0,0,0,0,0,12,36,36,47,65476,392,65476,1,0,4,21553,0.0,-0.0,0.0,0.0,0.0,0.0,0.0,0.0,0.0,0.0,0.0,0.0,0.0,0.0,0.0,0.0,0.0,0.0,0.0,0.0,0.0,2.004,2.004,-2.004,-2.004,0.0,0.0,0.0,0.0,0.0,6571.0,-0.0,0.0,0.0,-0.0,0.0,2.7184509175703625e+23,0.0,0.0,2.004,2.004,228,0.0,-0.0,0.0,0.0,0.0,0.0,0.0,0.0,0.0,0,0,0,-9.203758536218404e+25,0.0,1.625932111548106e+32,4.2732378676025885e+19,-0.0,0.0,0.0,-0.0,0.0,-2.449422233009061e+38,-250476118016.0,8.749320257773996e+23,0.0,162.274,0.0,0.0,0,1.3516416376850534e+27,228,0.0,456,0.0,-0.0,2112,52429,17109,0,17112,52429,17095,0,0,0,101,100,100,2.7302343157793998e+23,66.8,-0.0,67.1,0.0,67.0,1,49,50,180,52429,52429,0,0,0.0,0.0,0.0,60.0,3700.16,71.0,0.0,-0.0,0.0,1069,0,1069,0,0,0,1069,0,1080,0,999,0,671,0,672,0,667,0,680,0.032,1.6380708737454082e+22,0.0,0.0,5520,16814,13200.639,-0.0,0.0,1472540.375,-0.0,-134480080.0,50.0,60.0,35,0.0,0.0,10.0,2.0,0.0,0.0,0.0,0.0,0.0,0.0,0.0,0.0,0.0,0.0,0.0,0.0,58.4,53,12,65510,27,65476,0,300,0,0,8,20529,65476,0,0,30147,60.0,0.0,10.0,10.0,2.0,0.0
2026-02-16T12:59:40,ERR,ERR,ERR,ERR,ERR,ERR,ERR,ERR,ERR,ERR,ERR,ERR,ERR,ERR,ERR,ERR,ERR,ERR,ERR,ERR,ERR,ERR,ERR,ERR,ERR,ERR,ERR,ERR,ERR,ERR,ERR,ERR,ERR,ERR,ERR,ERR,ERR,ERR,ERR,ERR,ERR,ERR,ERR,ERR,ERR,ERR,ERR,ERR,ERR,ERR,ERR,ERR,ERR,ERR,ERR,ERR,ERR,ERR,ERR,ERR,ERR,ERR,ERR,ERR,ERR,ERR,ERR,ERR,ERR,ERR,ERR,ERR,ERR,ERR,ERR,ERR,ERR,ERR,ERR,ERR,ERR,ERR,ERR,ERR,ERR,ERR,ERR,ERR,ERR,ERR,ERR,ERR,ERR,ERR,ERR,ERR,ERR,ERR,ERR,ERR,ERR,ERR,ERR,ERR,ERR,ERR,ERR,ERR,ERR,ERR,ERR,ERR,ERR,ERR,ERR,ERR,ERR,ERR,ERR,ERR,ERR,ERR,ERR,ERR,ERR,0.0,-0.0,2.7420187948523476e+23,0.0,-0.0,1.0813272390891049e+33,-0.0,-0.0,4300,0,8,17169,4300,0.0,41,0.0,0.0,0.0,0.0,2.7184166902131945e+23,0,0,0,0,0.0,0,0,0,0,0,0,0,0,0,0,0,0,0,0,0,0,0,0,0,0,0,0,0,0,0,0,0,0,0,0,0,0,0,12,36,36,47,65476,392,65476,1,0,4,21553,0.0,-0.0,0.0,0.0,0.0,0.0,0.0,0.0,0.0,0.0,0.0,0.0,0.0,0.0,0.0,0.0,0.0,0.0,0.0,0.0,0.0,2.004,2.004,-2.004,-2.004,0.0,0.0,0.0,0.0,0.0,6571.0,-0.0,0.0,0.0,-0.0,0.0,2.7184509175703625e+23,0.0,0.0,2.004,2.004,228,0.0,-0.0,0.0,0.0,0.0,0.0,0.0,0.0,0.0,0,0,0,-9.203758536218404e+25,0.0,1.625932111548106e+32,4.2732378676025885e+19,-0.0,0.0,0.0,-0.0,0.0,-2.449422233009061e+38,-250476118016.0,8.749320257773996e+23,0.0,162.274,0.0,0.0,0,1.3516416376850534e+27,228,0.0,456,0.0,-0.0,2112,52429,17109,0,17112,52429,17095,0,0,0,101,100,100,2.7302343157793998e+23,66.8,-0.0,67.1,0.0,67.0,1,49,50,180,52429,52429,0,0,0.0,0.0,0.0,60.0,3700.16,71.0,0.0,-0.0,0.0,1069,0,1069,0,0,0,1069,0,1080,0,999,0,671,0,672,0,667,0,680,0.032,1.6380708737454082e+22,0.0,0.0,5520,16814,13200.639,-0.0,0.0,1472540.375,-0.0,-134480080.0,50.0,60.0,35,0.0,0.0,10.0,2.0,0.0,0.0,0.0,0.0,0.0,0.0,0.0,0.0,0.0,0.0,0.0,0.0,58.4,53,12,65510,27,65476,0,300,0,0,8,20529,65476,0,0,30147,60.0,0.0,10.0,10.0,2.0,0.0
2026-02-16T12:59:41,ERR,ERR,ERR,ERR,ERR,ERR,ERR,ERR,ERR,ERR,ERR,ERR,ERR,ERR,ERR,ERR,ERR,ERR,ERR,ERR,ERR,ERR,ERR,ERR,ERR,ERR,ERR,ERR,ERR,ERR,ERR,ERR,ERR,ERR,ERR,ERR,ERR,ERR,ERR,ERR,ERR,ERR,ERR,ERR,ERR,ERR,ERR,ERR,ERR,ERR,ERR,ERR,ERR,ERR,ERR,ERR,ERR,ERR,ERR,ERR,ERR,ERR,ERR,ERR,ERR,ERR,ERR,ERR,ERR,ERR,ERR,ERR,ERR,ERR,ERR,ERR,ERR,ERR,ERR,ERR,ERR,ERR,ERR,ERR,ERR,ERR,ERR,ERR,ERR,ERR,ERR,ERR,ERR,ERR,ERR,ERR,ERR,ERR,ERR,ERR,ERR,ERR,ERR,ERR,ERR,ERR,ERR,ERR,ERR,ERR,ERR,ERR,ERR,ERR,ERR,ERR,ERR,ERR,ERR,ERR,ERR,ERR,ERR,ERR,ERR,0.0,-0.0,2.7420187948523476e+23,0.0,-0.0,1.0813272390891049e+33,-0.0,-0.0,4300,0,8,17169,4300,0.0,41,0.0,0.0,0.0,0.0,2.7184166902131945e+23,0,0,0,0,0.0,0,0,0,0,0,0,0,0,0,0,0,0,0,0,0,0,0,0,0,0,0,0,0,0,0,0,0,0,0,0,0,0,0,12,36,36,47,65476,392,65476,1,0,4,21553,0.0,-0.0,0.0,0.0,0.0,0.0,0.0,0.0,0.0,0.0,0.0,0.0,0.0,0.0,0.0,0.0,0.0,0.0,0.0,0.0,0.0,2.004,2.004,-2.004,-2.004,0.0,0.0,0.0,0.0,0.0,6571.0,-0.0,0.0,0.0,-0.0,0.0,2.7184509175703625e+23,0.0,0.0,2.004,2.004,228,0.0,-0.0,0.0,0.0,0.0,0.0,0.0,0.0,0.0,0,0,0,-9.203758536218404e+25,0.0,1.625932111548106e+32,4.2732378676025885e+19,-0.0,0.0,0.0,-0.0,0.0,-2.449422233009061e+38,-250476118016.0,8.749320257773996e+23,0.0,162.274,0.0,0.0,0,1.3516416376850534e+27,228,0.0,456,0.0,-0.0,2112,52429,17109,0,17112,52429,17095,0,0,0,101,100,100,2.7302343157793998e+23,66.8,-0.0,67.1,0.0,67.0,1,49,50,180,52429,52429,0,0,0.0,0.0,0.0,60.0,3700.16,71.0,0.0,-0.0,0.0,1069,0,1069,0,0,0,1069,0,1080,0,999,0,671,0,672,0,667,0,680,0.032,1.6380708737454082e+22,0.0,0.0,5520,16814,13200.639,-0.0,0.0,1472540.375,-0.0,-134480080.0,50.0,60.0,35,0.0,0.0,10.0,2.0,0.0,0.0,0.0,0.0,0.0,0.0,0.0,0.0,0.0,0.0,0.0,0.0,58.8,53,12,65510,27,65476,0,300,0,0,8,20529,65476,0,0,30147,60.0,0.0,10.0,10.0,2.0,0.0
2026-02-16T12:59:42,ERR,ERR,ERR,ERR,ERR,ERR,ERR,ERR,ERR,ERR,ERR,ERR,ERR,ERR,ERR,ERR,ERR,ERR,ERR,ERR,ERR,ERR,ERR,ERR,ERR,ERR,ERR,ERR,ERR,ERR,ERR,ERR,ERR,ERR,ERR,ERR,ERR,ERR,ERR,ERR,ERR,ERR,ERR,ERR,ERR,ERR,ERR,ERR,ERR,ERR,ERR,ERR,ERR,ERR,ERR,ERR,ERR,ERR,ERR,ERR,ERR,ERR,ERR,ERR,ERR,ERR,ERR,ERR,ERR,ERR,ERR,ERR,ERR,ERR,ERR,ERR,ERR,ERR,ERR,ERR,ERR,ERR,ERR,ERR,ERR,ERR,ERR,ERR,ERR,ERR,ERR,ERR,ERR,ERR,ERR,ERR,ERR,ERR,ERR,ERR,ERR,ERR,ERR,ERR,ERR,ERR,ERR,ERR,ERR,ERR,ERR,ERR,ERR,ERR,ERR,ERR,ERR,ERR,ERR,ERR,ERR,ERR,ERR,ERR,ERR,0.0,-0.0,2.7420187948523476e+23,0.0,-0.0,1.0813272390891049e+33,-0.0,-0.0,4300,0,8,17169,4300,0.0,41,0.0,0.0,0.0,0.0,2.7184166902131945e+23,0,0,0,0,0.0,0,0,0,0,0,0,0,0,0,0,0,0,0,0,0,0,0,0,0,0,0,0,0,0,0,0,0,0,0,0,0,0,0,12,36,36,47,65476,392,65476,1,0,4,21553,0.0,-0.0,0.0,0.0,0.0,0.0,0.0,0.0,0.0,0.0,0.0,0.0,0.0,0.0,0.0,0.0,0.0,0.0,0.0,0.0,0.0,2.004,2.004,-2.004,-2.004,0.0,0.0,0.0,0.0,0.0,6571.0,-0.0,0.0,0.0,-0.0,0.0,2.7184509175703625e+23,0.0,0.0,2.004,2.004,228,0.0,-0.0,0.0,0.0,0.0,0.0,0.0,0.0,0.0,0,0,0,-9.203758536218404e+25,0.0,1.625932111548106e+32,4.2732378676025885e+19,-0.0,0.0,0.0,-0.0,0.0,-2.449422233009061e+38,-250476118016.0,8.749320257773996e+23,0.0,162.274,0.0,0.0,0,1.3516416376850534e+27,228,0.0,456,0.0,-0.0,2112,52429,17109,0,17112,52429,17095,0,0,0,101,100,100,2.7302343157793998e+23,66.7,2.730234495923385e+23,67.1,0.0,67.0,1,49,50,180,52429,52429,0,0,0.0,0.0,0.0,60.0,907140982112256.0,71.0,0.0,-56171548672.0,0.0,1068,0,1069,0,0,0,1069,0,1080,0,999,0,671,0,673,0,667,0,680,0.032,1.4462247353788288e+22,0.0,0.0,10640,16814,907140982112256.0,-56171548672.0,3.3949366769279477e+31,1.3294704243681742e+32,0.0,0.0,50.0,60.0,35,0.0,0.0,10.0,2.0,0.0,0.0,0.0,0.0,0.0,0.0,0.0,0.0,0.0,0.0,0.0,0.0,58.8,53,12,65510,27,65476,0,300,0,0,8,20529,65476,0,0,30147,60.0,0.0,10.0,10.0,2.0,0.0
2026-02-16T12:59:43,ERR,ERR,ERR,ERR,ERR,ERR,ERR,ERR,ERR,ERR,ERR,ERR,ERR,ERR,ERR,ERR,ERR,ERR,ERR,ERR,ERR,ERR,ERR,ERR,ERR,ERR,ERR,ERR,ERR,ERR,ERR,ERR,ERR,ERR,ERR,ERR,ERR,ERR,ERR,ERR,ERR,ERR,ERR,ERR,ERR,ERR,ERR,ERR,ERR,ERR,ERR,ERR,ERR,ERR,ERR,ERR,ERR,ERR,ERR,ERR,ERR,ERR,ERR,ERR,ERR,ERR,ERR,ERR,ERR,ERR,ERR,ERR,ERR,ERR,ERR,ERR,ERR,ERR,ERR,ERR,ERR,ERR,ERR,ERR,ERR,ERR,ERR,ERR,ERR,ERR,ERR,ERR,ERR,ERR,ERR,ERR,ERR,ERR,ERR,ERR,ERR,ERR,ERR,ERR,ERR,ERR,ERR,ERR,ERR,ERR,ERR,ERR,ERR,ERR,ERR,ERR,ERR,ERR,ERR,ERR,ERR,ERR,ERR,ERR,ERR,0.0,-0.0,2.7420187948523476e+23,0.0,-0.0,1.0813272390891049e+33,-0.0,-0.0,4300,0,8,17169,4300,0.0,41,0.0,0.0,0.0,0.0,2.7184166902131945e+23,0,0,0,0,0.0,0,0,0,0,0,0,0,0,0,0,0,0,0,0,0,0,0,0,0,0,0,0,0,0,0,0,0,0,0,0,0,0,0,12,36,36,47,65476,392,65476,1,0,4,21553,0.0,-0.0,0.0,0.0,0.0,0.0,0.0,0.0,0.0,0.0,0.0,0.0,0.0,0.0,0.0,0.0,0.0,0.0,0.0,0.0,0.0,2.004,2.004,-2.004,-2.004,0.0,0.0,0.0,0.0,0.0,6571.0,-0.0,0.0,0.0,-0.0,0.0,2.7184509175703625e+23,0.0,0.0,2.004,2.004,228,0.0,-0.0,0.0,0.0,0.0,0.0,0.0,0.0,0.0,0,0,0,-9.203758536218404e+25,0.0,1.625932111548106e+32,4.2732378676025885e+19,-0.0,0.0,0.0,-0.0,0.0,-2.449422233009061e+38,-250476118016.0,8.749320257773996e+23,0.0,162.274,0.0,0.0,0,1.3516416376850534e+27,228,0.0,456,0.0,-0.0,2112,52429,17109,0,17112,52429,17095,0,0,0,101,100,100,2.7302343157793998e+23,66.7,2.730234495923385e+23,67.1,0.0,67.0,1,49,50,180,52429,52429,0,0,0.0,0.0,0.0,60.0,907140982112256.0,71.0,0.0,-56171548672.0,0.0,1068,0,1069,0,0,0,1069,0,1080,0,999,0,671,0,673,0,667,0,680,0.032,1.4462247353788288e+22,0.0,0.0,10640,16814,907140982112256.0,-56171548672.0,3.3949366769279477e+31,1.3294704243681742e+32,0.0,0.0,50.0,60.0,35,0.0,0.0,10.0,2.0,0.0,0.0,0.0,0.0,0.0,0.0,0.0,0.0,0.0,0.0,0.0,0.0,58.8,53,12,65510,27,65476,0,300,0,0,8,20529,65476,0,0,30147,60.0,0.0,10.0,10.0,2.0,0.0
2026-02-16T12:59:44,ERR,ERR,ERR,ERR,ERR,ERR,ERR,ERR,ERR,ERR,ERR,ERR,ERR,ERR,ERR,ERR,ERR,ERR,ERR,ERR,ERR,ERR,ERR,ERR,ERR,ERR,ERR,ERR,ERR,ERR,ERR,ERR,ERR,ERR,ERR,ERR,ERR,ERR,ERR,ERR,ERR,ERR,ERR,ERR,ERR,ERR,ERR,ERR,ERR,ERR,ERR,ERR,ERR,ERR,ERR,ERR,ERR,ERR,ERR,ERR,ERR,ERR,ERR,ERR,ERR,ERR,ERR,ERR,ERR,ERR,ERR,ERR,ERR,ERR,ERR,ERR,ERR,ERR,ERR,ERR,ERR,ERR,ERR,ERR,ERR,ERR,ERR,ERR,ERR,ERR,ERR,ERR,ERR,ERR,ERR,ERR,ERR,ERR,ERR,ERR,ERR,ERR,ERR,ERR,ERR,ERR,ERR,ERR,ERR,ERR,ERR,ERR,ERR,ERR,ERR,ERR,ERR,ERR,ERR,ERR,ERR,ERR,ERR,ERR,ERR,0.0,-0.0,2.7420187948523476e+23,0.0,-0.0,-0.0,-4.843272933215801e+21,3.169895707385653e+23,4300,0,8,17169,4300,0.0,41,0.0,0.0,0.0,0.0,2.7184166902131945e+23,0,0,0,0,0.0,0,0,0,0,0,0,0,0,0,0,0,0,0,0,0,0,0,0,0,0,0,0,0,0,0,0,0,0,0,0,0,0,0,12,36,36,47,65476,393,65476,1,0,4,21553,0.0,0.0,0.0,0.0,0.0,0.0,0.0,0.0,0.0,0.0,0.0,0.0,0.0,0.0,0.0,0.0,0.0,0.0,0.0,0.0,0.0,2.004,2.004,-2.004,-2.004,0.0,0.0,0.0,0.0,0.0,6571.0,-564149121712128.0,0.0,-107615880.0,-0.0,0.0,2.7184509175703625e+23,0.0,0.0,2.004,2.004,226,0.059,-0.059,0.0,0.0,0.0,0.0,0.0,0.0,0.0,0,0,0,-5.02723259309491e+21,0.0,3.1039123883811374e+21,0.055,-0.0,-0.0,-7.918000700326287e+37,2923824640.0,-8.744466462620703e+28,-2.6222218724611e+38,-264434761728.0,9.36322790054705e+23,0.0,175.274,0.0,8874945536.0,0,1.3516416376850534e+27,226,0.0,454,2.40156025918058e+36,-0.235,2112,52429,17109,0,17112,52429,17095,0,0,0,101,100,100,2.7302343157793998e+23,66.7,2.730234495923385e+23,67.1,0.0,67.0,1,49,50,180,52429,52429,0,0,0.0,0.0,0.0,60.0,907140982112256.0,71.0,0.0,-56171548672.0,0.0,1068,0,1069,0,0,0,1069,0,1080,0,999,0,671,0,673,0,667,0,680,0.032,1.4462247353788288e+22,0.0,0.0,10640,16814,907140982112256.0,-56171548672.0,3.3949366769279477e+31,1.3294704243681742e+32,0.0,0.0,50.0,60.0,35,0.0,0.0,10.0,2.0,0.0,0.0,0.0,0.0,0.0,0.0,0.0,0.0,0.0,0.0,0.0,0.0,58.8,53,12,65510,27,65476,0,300,0,0,8,20529,65476,0,0,30147,60.0,0.0,10.0,10.0,2.0,0.0
2026-02-16T12:59:45,ERR,ERR,ERR,ERR,ERR,ERR,ERR,ERR,ERR,ERR,ERR,ERR,ERR,ERR,ERR,ERR,ERR,ERR,ERR,ERR,ERR,ERR,ERR,ERR,ERR,ERR,ERR,ERR,ERR,ERR,ERR,ERR,ERR,ERR,ERR,ERR,ERR,ERR,ERR,ERR,ERR,ERR,ERR,ERR,ERR,ERR,ERR,ERR,ERR,ERR,ERR,ERR,ERR,ERR,ERR,ERR,ERR,ERR,ERR,ERR,ERR,ERR,ERR,ERR,ERR,ERR,ERR,ERR,ERR,ERR,ERR,ERR,ERR,ERR,ERR,ERR,ERR,ERR,ERR,ERR,ERR,ERR,ERR,ERR,ERR,ERR,ERR,ERR,ERR,ERR,ERR,ERR,ERR,ERR,ERR,ERR,ERR,ERR,ERR,ERR,ERR,ERR,ERR,ERR,ERR,ERR,ERR,ERR,ERR,ERR,ERR,ERR,ERR,ERR,ERR,ERR,ERR,ERR,ERR,ERR,ERR,ERR,ERR,ERR,ERR,0.0,-0.0,2.7420187948523476e+23,0.0,-0.0,-0.0,-4.843272933215801e+21,3.169895707385653e+23,4300,0,8,17169,4300,0.0,41,0.0,0.0,0.0,0.0,2.7184166902131945e+23,0,0,0,0,0.0,0,0,0,0,0,0,0,0,0,0,0,0,0,0,0,0,0,0,0,0,0,0,0,0,0,0,0,0,0,0,0,0,0,12,36,36,47,65476,393,65476,1,0,4,21553,0.0,0.0,0.0,0.0,0.0,0.0,0.0,0.0,0.0,0.0,0.0,0.0,0.0,0.0,0.0,0.0,0.0,0.0,0.0,0.0,0.0,2.004,2.004,-2.004,-2.004,0.0,0.0,0.0,0.0,0.0,6571.0,-564149121712128.0,0.0,-107615880.0,-0.0,0.0,2.7184509175703625e+23,0.0,0.0,2.004,2.004,226,0.059,-0.059,0.0,0.0,0.0,0.0,0.0,0.0,0.0,0,0,0,-5.02723259309491e+21,0.0,3.1039123883811374e+21,0.055,-0.0,-0.0,-7.918000700326287e+37,2923824640.0,-8.744466462620703e+28,-2.6222218724611e+38,-264434761728.0,9.36322790054705e+23,0.0,175.274,0.0,8874945536.0,0,1.3516416376850534e+27,226,0.0,454,2.40156025918058e+36,-0.235,2112,52429,17109,0,17112,52429,17095,0,0,0,101,100,100,2.7302343157793998e+23,66.8,-0.0,67.1,0.0,67.0,1,49,50,180,52429,52429,0,0,0.0,0.0,0.0,60.0,1894481.75,71.0,0.0,114306.734,0.0,1068,0,1069,0,0,0,1069,0,1080,0,999,0,671,0,673,0,667,0,680,0.032,1.4609821306377965e+22,0.0,0.0,56336,16813,12097042432.0,0.0,-0.0,0.0,17.032,0.0,50.0,60.0,35,0.0,0.0,10.0,2.0,0.0,0.0,0.0,0.0,0.0,0.0,0.0,0.0,0.0,0.0,0.0,0.0,58.8,53,12,65510,27,65476,0,300,0,0,8,20529,65476,0,0,30147,60.0,0.0,10.0,10.0,2.0,0.0
2026-02-16T12:59:46,ERR,ERR,ERR,ERR,ERR,ERR,ERR,ERR,ERR,ERR,ERR,ERR,ERR,ERR,ERR,ERR,ERR,ERR,ERR,ERR,ERR,ERR,ERR,ERR,ERR,ERR,ERR,ERR,ERR,ERR,ERR,ERR,ERR,ERR,ERR,ERR,ERR,ERR,ERR,ERR,ERR,ERR,ERR,ERR,ERR,ERR,ERR,ERR,ERR,ERR,ERR,ERR,ERR,ERR,ERR,ERR,ERR,ERR,ERR,ERR,ERR,ERR,ERR,ERR,ERR,ERR,ERR,ERR,ERR,ERR,ERR,ERR,ERR,ERR,ERR,ERR,ERR,ERR,ERR,ERR,ERR,ERR,ERR,ERR,ERR,ERR,ERR,ERR,ERR,ERR,ERR,ERR,ERR,ERR,ERR,ERR,ERR,ERR,ERR,ERR,ERR,ERR,ERR,ERR,ERR,ERR,ERR,ERR,ERR,ERR,ERR,ERR,ERR,ERR,ERR,ERR,ERR,ERR,ERR,ERR,ERR,ERR,ERR,ERR,ERR,0.0,-0.0,2.7420187948523476e+23,0.0,-0.0,-0.0,-4.843272933215801e+21,3.169895707385653e+23,4300,0,8,17169,4300,0.0,41,0.0,0.0,0.0,0.0,2.7184166902131945e+23,0,0,0,0,0.0,0,0,0,0,0,0,0,0,0,0,0,0,0,0,0,0,0,0,0,0,0,0,0,0,0,0,0,0,0,0,0,0,0,12,36,36,47,65476,393,65476,1,0,4,21553,0.0,0.0,0.0,0.0,0.0,0.0,0.0,0.0,0.0,0.0,0.0,0.0,0.0,0.0,0.0,0.0,0.0,0.0,0.0,0.0,0.0,2.004,2.004,-2.004,-2.004,0.0,0.0,0.0,0.0,0.0,6571.0,-564149121712128.0,0.0,-107615880.0,-0.0,0.0,2.7184509175703625e+23,0.0,0.0,2.004,2.004,226,0.059,-0.059,0.0,0.0,0.0,0.0,0.0,0.0,0.0,0,0,0,-5.02723259309491e+21,0.0,3.1039123883811374e+21,0.055,-0.0,-0.0,-7.918000700326287e+37,2923824640.0,-8.744466462620703e+28,-2.6222218724611e+38,-264434761728.0,9.36322790054705e+23,0.0,175.274,0.0,8874945536.0,0,1.3516416376850534e+27,226,0.0,454,2.40156025918058e+36,-0.235,2112,52429,17109,0,17112,52429,17095,0,0,0,101,100,100,2.7302343157793998e+23,66.8,-0.0,67.1,0.0,67.0,1,49,50,180,52429,52429,0,0,0.0,0.0,0.0,60.0,1894481.75,71.0,0.0,114306.734,0.0,1068,0,1069,0,0,0,1069,0,1080,0,999,0,671,0,673,0,667,0,680,0.032,1.4609821306377965e+22,0.0,0.0,56336,16813,12097042432.0,0.0,-0.0,0.0,17.032,0.0,50.0,60.0,35,0.0,0.0,10.0,2.0,0.0,0.0,0.0,0.0,0.0,0.0,0.0,0.0,0.0,0.0,0.0,0.0,58.8,53,12,65510,27,65476,0,300,0,0,8,20529,65476,0,0,30147,60.0,0.0,10.0,10.0,2.0,0.0
2026-02-16T12:59:47,ERR,ERR,ERR,ERR,ERR,ERR,ERR,ERR,ERR,ERR,ERR,ERR,ERR,ERR,ERR,ERR,ERR,ERR,ERR,ERR,ERR,ERR,ERR,ERR,ERR,ERR,ERR,ERR,ERR,ERR,ERR,ERR,ERR,ERR,ERR,ERR,ERR,ERR,ERR,ERR,ERR,ERR,ERR,ERR,ERR,ERR,ERR,ERR,ERR,ERR,ERR,ERR,ERR,ERR,ERR,ERR,ERR,ERR,ERR,ERR,ERR,ERR,ERR,ERR,ERR,ERR,ERR,ERR,ERR,ERR,ERR,ERR,ERR,ERR,ERR,ERR,ERR,ERR,ERR,ERR,ERR,ERR,ERR,ERR,ERR,ERR,ERR,ERR,ERR,ERR,ERR,ERR,ERR,ERR,ERR,ERR,ERR,ERR,ERR,ERR,ERR,ERR,ERR,ERR,ERR,ERR,ERR,ERR,ERR,ERR,ERR,ERR,ERR,ERR,ERR,ERR,ERR,ERR,ERR,ERR,ERR,ERR,ERR,ERR,ERR,0.0,-0.0,2.7420187948523476e+23,0.0,-0.0,-0.0,-4.843272933215801e+21,3.169895707385653e+23,4300,0,8,17169,4300,0.0,41,0.0,0.0,0.0,0.0,2.7184166902131945e+23,0,0,0,0,0.0,0,0,0,0,0,0,0,0,0,0,0,0,0,0,0,0,0,0,0,0,0,0,0,0,0,0,0,0,0,0,0,0,0,12,36,36,47,65476,393,65476,1,0,4,21553,0.0,0.0,0.0,0.0,0.0,0.0,0.0,0.0,0.0,0.0,0.0,0.0,0.0,0.0,0.0,0.0,0.0,0.0,0.0,0.0,0.0,2.004,2.004,-2.004,-2.004,0.0,0.0,0.0,0.0,0.0,6571.0,-564149121712128.0,0.0,-107615880.0,-0.0,0.0,2.7184509175703625e+23,0.0,0.0,2.004,2.004,226,0.059,-0.059,0.0,0.0,0.0,0.0,0.0,0.0,0.0,0,0,0,-5.02723259309491e+21,0.0,3.1039123883811374e+21,0.055,-0.0,-0.0,-7.918000700326287e+37,2923824640.0,-8.744466462620703e+28,-2.6222218724611e+38,-264434761728.0,9.36322790054705e+23,0.0,175.274,0.0,8874945536.0,0,1.3516416376850534e+27,226,0.0,454,2.40156025918058e+36,-0.235,2112,52429,17109,0,17112,52429,17095,0,0,0,101,100,100,2.7302343157793998e+23,66.8,-0.0,67.1,0.0,67.0,1,49,50,180,52429,52429,0,0,0.0,0.0,0.0,60.0,1894481.75,71.0,0.0,114306.734,0.0,1068,0,1069,0,0,0,1069,0,1080,0,999,0,671,0,673,0,667,0,680,0.032,1.4609821306377965e+22,0.0,0.0,56336,16813,12097042432.0,0.0,-0.0,0.0,17.032,0.0,50.0,60.0,35,0.0,0.0,10.0,2.0,0.0,0.0,0.0,0.0,0.0,0.0,0.0,0.0,0.0,0.0,0.0,0.0,58.8,52,12,65510,27,65476,0,300,0,0,8,20529,65476,0,0,30147,60.0,0.0,10.0,10.0,2.0,0.0
2026-02-16T12:59:48,ERR,ERR,ERR,ERR,ERR,ERR,ERR,ERR,ERR,ERR,ERR,ERR,ERR,ERR,ERR,ERR,ERR,ERR,ERR,ERR,ERR,ERR,ERR,ERR,ERR,ERR,ERR,ERR,ERR,ERR,ERR,ERR,ERR,ERR,ERR,ERR,ERR,ERR,ERR,ERR,ERR,ERR,ERR,ERR,ERR,ERR,ERR,ERR,ERR,ERR,ERR,ERR,ERR,ERR,ERR,ERR,ERR,ERR,ERR,ERR,ERR,ERR,ERR,ERR,ERR,ERR,ERR,ERR,ERR,ERR,ERR,ERR,ERR,ERR,ERR,ERR,ERR,ERR,ERR,ERR,ERR,ERR,ERR,ERR,ERR,ERR,ERR,ERR,ERR,ERR,ERR,ERR,ERR,ERR,ERR,ERR,ERR,ERR,ERR,ERR,ERR,ERR,ERR,ERR,ERR,ERR,ERR,ERR,ERR,ERR,ERR,ERR,ERR,ERR,ERR,ERR,ERR,ERR,ERR,ERR,ERR,ERR,ERR,ERR,ERR,0.0,-0.0,2.7420187948523476e+23,0.0,-0.0,-0.0,-5.383973863266714e+16,3.173437655186031e+26,4300,0,8,17169,4300,0.0,41,0.0,0.0,0.0,0.0,2.7184166902131945e+23,0,0,0,0,0.0,0,0,0,0,0,0,0,0,0,0,0,0,0,0,0,0,0,0,0,0,0,0,0,0,0,0,0,0,0,0,0,0,0,12,36,36,47,65476,396,65476,1,0,4,21553,0.0,-0.0,0.0,0.0,0.0,0.0,0.0,0.0,0.0,0.0,0.0,0.0,0.0,0.0,0.0,0.0,0.0,0.0,0.0,0.0,0.0,2.004,2.004,-2.004,-2.004,0.0,0.0,0.0,0.0,0.0,6574.0,-131351.203,0.0,-107615880.0,-0.0,0.0,-0.0,0.0,0.0,2.004,2.004,226,0.0,-0.0,0.0,0.0,0.0,0.0,0.0,0.0,0.0,0,0,0,-63245756.0,-89219.812,2.2977284759617536e+16,0.0,2.9543877058364877e+38,0.0,0.0,3.161,0.0,-2.768436951997441e+38,-277613936640.0,9.882688213662711e+23,0.0,185.274,0.0,1109368192.0,0,1.3516416376850534e+27,226,0.0,452,2.40156025918058e+36,-0.235,2112,52429,17109,0,17112,52429,17095,0,0,0,101,100,100,2.7302343157793998e+23,66.7,2.730234495923385e+23,67.1,0.0,67.0,1,49,50,180,52429,52429,0,0,0.0,0.0,0.0,60.0,48.065,71.0,0.0,-5.237150308237291e+31,0.0,1069,0,1069,0,0,0,1069,0,1080,0,999,0,671,0,673,0,667,0,680,0.032,1.8151596168530199e+22,0.0,0.0,59536,16813,0.0,0.0,905.003,-1.3934295172157576e+34,-7.21729946552107e+17,-8.660827623572709e+24,50.0,60.0,35,0.0,0.0,10.0,2.0,0.0,0.0,0.0,0.0,0.0,0.0,0.0,0.0,0.0,0.0,0.0,0.0,58.8,52,12,65510,27,65476,0,300,0,0,8,20529,65476,0,0,30147,60.0,0.0,10.0,10.0,2.0,0.0
2026-02-16T12:59:49,ERR,ERR,ERR,ERR,ERR,ERR,ERR,ERR,ERR,ERR,ERR,ERR,ERR,ERR,ERR,ERR,ERR,ERR,ERR,ERR,ERR,ERR,ERR,ERR,ERR,ERR,ERR,ERR,ERR,ERR,ERR,ERR,ERR,ERR,ERR,ERR,ERR,ERR,ERR,ERR,ERR,ERR,ERR,ERR,ERR,ERR,ERR,ERR,ERR,ERR,ERR,ERR,ERR,ERR,ERR,ERR,ERR,ERR,ERR,ERR,ERR,ERR,ERR,ERR,ERR,ERR,ERR,ERR,ERR,ERR,ERR,ERR,ERR,ERR,ERR,ERR,ERR,ERR,ERR,ERR,ERR,ERR,ERR,ERR,ERR,ERR,ERR,ERR,ERR,ERR,ERR,ERR,ERR,ERR,ERR,ERR,ERR,ERR,ERR,ERR,ERR,ERR,ERR,ERR,ERR,ERR,ERR,ERR,ERR,ERR,ERR,ERR,ERR,ERR,ERR,ERR,ERR,ERR,ERR,ERR,ERR,ERR,ERR,ERR,ERR,0.0,-0.0,2.7420187948523476e+23,0.0,-0.0,-0.0,-5.383973863266714e+16,3.173437655186031e+26,4300,0,8,17169,4300,0.0,41,0.0,0.0,0.0,0.0,2.7184166902131945e+23,0,0,0,0,0.0,0,0,0,0,0,0,0,0,0,0,0,0,0,0,0,0,0,0,0,0,0,0,0,0,0,0,0,0,0,0,0,0,0,12,36,36,47,65476,396,65476,1,0,4,21553,0.0,-0.0,0.0,0.0,0.0,0.0,0.0,0.0,0.0,0.0,0.0,0.0,0.0,0.0,0.0,0.0,0.0,0.0,0.0,0.0,0.0,2.004,2.004,-2.004,-2.004,0.0,0.0,0.0,0.0,0.0,6574.0,-131351.203,0.0,-107615880.0,-0.0,0.0,-0.0,0.0,0.0,2.004,2.004,226,0.0,-0.0,0.0,0.0,0.0,0.0,0.0,0.0,0.0,0,0,0,-63245756.0,-89219.812,2.2977284759617536e+16,0.0,2.9543877058364877e+38,0.0,0.0,3.161,0.0,-2.768436951997441e+38,-277613936640.0,9.882688213662711e+23,0.0,185.274,0.0,1109368192.0,0,1.3516416376850534e+27,226,0.0,452,2.40156025918058e+36,-0.235,2112,52429,17109,0,17112,52429,17095,0,0,0,101,100,100,2.7302343157793998e+23,66.7,2.730234495923385e+23,67.1,0.0,67.0,1,49,50,180,52429,52429,0,0,0.0,0.0,0.0,60.0,48.065,71.0,0.0,-5.237150308237291e+31,0.0,1069,0,1069,0,0,0,1069,0,1080,0,999,0,671,0,673,0,667,0,680,0.032,1.8151596168530199e+22,0.0,0.0,59536,16813,0.0,0.0,905.003,-1.3934295172157576e+34,-7.21729946552107e+17,-8.660827623572709e+24,50.0,60.0,35,0.0,0.0,10.0,2.0,0.0,0.0,0.0,0.0,0.0,0.0,0.0,0.0,0.0,0.0,0.0,0.0,59.2,52,12,65510,27,65476,0,300,0,0,8,20529,65476,0,0,30147,60.0,0.0,10.0,10.0,2.0,0.0
2026-02-16T12:59:50,ERR,ERR,ERR,ERR,ERR,ERR,ERR,ERR,ERR,ERR,ERR,ERR,ERR,ERR,ERR,ERR,ERR,ERR,ERR,ERR,ERR,ERR,ERR,ERR,ERR,ERR,ERR,ERR,ERR,ERR,ERR,ERR,ERR,ERR,ERR,ERR,ERR,ERR,ERR,ERR,ERR,ERR,ERR,ERR,ERR,ERR,ERR,ERR,ERR,ERR,ERR,ERR,ERR,ERR,ERR,ERR,ERR,ERR,ERR,ERR,ERR,ERR,ERR,ERR,ERR,ERR,ERR,ERR,ERR,ERR,ERR,ERR,ERR,ERR,ERR,ERR,ERR,ERR,ERR,ERR,ERR,ERR,ERR,ERR,ERR,ERR,ERR,ERR,ERR,ERR,ERR,ERR,ERR,ERR,ERR,ERR,ERR,ERR,ERR,ERR,ERR,ERR,ERR,ERR,ERR,ERR,ERR,ERR,ERR,ERR,ERR,ERR,ERR,ERR,ERR,ERR,ERR,ERR,ERR,ERR,ERR,ERR,ERR,ERR,ERR,0.0,-0.0,2.7420187948523476e+23,0.0,-0.0,-0.0,-5.383973863266714e+16,3.173437655186031e+26,4300,0,8,17169,4300,0.0,41,0.0,0.0,0.0,0.0,2.7184166902131945e+23,0,0,0,0,0.0,0,0,0,0,0,0,0,0,0,0,0,0,0,0,0,0,0,0,0,0,0,0,0,0,0,0,0,0,0,0,0,0,0,12,36,36,47,65476,396,65476,1,0,4,21553,0.0,-0.0,0.0,0.0,0.0,0.0,0.0,0.0,0.0,0.0,0.0,0.0,0.0,0.0,0.0,0.0,0.0,0.0,0.0,0.0,0.0,2.004,2.004,-2.004,-2.004,0.0,0.0,0.0,0.0,0.0,6574.0,-131351.203,0.0,-107615880.0,-0.0,0.0,-0.0,0.0,0.0,2.004,2.004,226,0.0,-0.0,0.0,0.0,0.0,0.0,0.0,0.0,0.0,0,0,0,-63245756.0,-89219.812,2.2977284759617536e+16,0.0,2.9543877058364877e+38,0.0,0.0,3.161,0.0,-2.768436951997441e+38,-277613936640.0,9.882688213662711e+23,0.0,185.274,0.0,1109368192.0,0,1.3516416376850534e+27,226,0.0,452,2.40156025918058e+36,-0.235,2112,52429,17109,0,17112,52429,17095,0,0,0,101,100,100,2.7302343157793998e+23,66.7,2.730234495923385e+23,67.1,0.0,67.0,1,49,50,180,52429,52429,0,0,0.0,0.0,0.0,60.0,48.065,71.0,0.0,-5.237150308237291e+31,0.0,1069,0,1069,0,0,0,1069,0,1080,0,999,0,671,0,673,0,667,0,680,0.032,1.8151596168530199e+22,0.0,0.0,59536,16813,0.0,0.0,905.003,-1.3934295172157576e+34,-7.21729946552107e+17,-8.660827623572709e+24,50.0,60.0,35,0.0,0.0,10.0,2.0,0.0,0.0,0.0,0.0,0.0,0.0,0.0,0.0,0.0,0.0,0.0,0.0,58.8,52,12,65510,27,65476,0,300,0,0,8,20529,65476,0,0,30147,60.0,0.0,10.0,10.0,2.0,0.0
2026-02-16T12:59:51,ERR,ERR,ERR,ERR,ERR,ERR,ERR,ERR,ERR,ERR,ERR,ERR,ERR,ERR,ERR,ERR,ERR,ERR,ERR,ERR,ERR,ERR,ERR,ERR,ERR,ERR,ERR,ERR,ERR,ERR,ERR,ERR,ERR,ERR,ERR,ERR,ERR,ERR,ERR,ERR,ERR,ERR,ERR,ERR,ERR,ERR,ERR,ERR,ERR,ERR,ERR,ERR,ERR,ERR,ERR,ERR,ERR,ERR,ERR,ERR,ERR,ERR,ERR,ERR,ERR,ERR,ERR,ERR,ERR,ERR,ERR,ERR,ERR,ERR,ERR,ERR,ERR,ERR,ERR,ERR,ERR,ERR,ERR,ERR,ERR,ERR,ERR,ERR,ERR,ERR,ERR,ERR,ERR,ERR,ERR,ERR,ERR,ERR,ERR,ERR,ERR,ERR,ERR,ERR,ERR,ERR,ERR,ERR,ERR,ERR,ERR,ERR,ERR,ERR,ERR,ERR,ERR,ERR,ERR,ERR,ERR,ERR,ERR,ERR,ERR,0.0,-0.0,2.7420187948523476e+23,0.0,-0.0,-0.0,-5.383973863266714e+16,3.173437655186031e+26,4300,0,8,17169,4300,0.0,41,0.0,0.0,0.0,0.0,2.7184166902131945e+23,0,0,0,0,0.0,0,0,0,0,0,0,0,0,0,0,0,0,0,0,0,0,0,0,0,0,0,0,0,0,0,0,0,0,0,0,0,0,0,12,36,36,47,65476,396,65476,1,0,4,21553,0.0,-0.0,0.0,0.0,0.0,0.0,0.0,0.0,0.0,0.0,0.0,0.0,0.0,0.0,0.0,0.0,0.0,0.0,0.0,0.0,0.0,2.004,2.004,-2.004,-2.004,0.0,0.0,0.0,0.0,0.0,6574.0,-131351.203,0.0,-107615880.0,-0.0,0.0,-0.0,0.0,0.0,2.004,2.004,226,0.0,-0.0,0.0,0.0,0.0,0.0,0.0,0.0,0.0,0,0,0,-63245756.0,-89219.812,2.2977284759617536e+16,0.0,2.9543877058364877e+38,0.0,0.0,3.161,0.0,-2.768436951997441e+38,-277613936640.0,9.882688213662711e+23,0.0,185.274,0.0,1109368192.0,0,1.3516416376850534e+27,226,0.0,452,2.40156025918058e+36,-0.235,2112,52429,17109,0,17112,52429,17095,0,0,0,101,100,100,2.7302343157793998e+23,66.7,2.730234495923385e+23,67.1,0.0,67.0,1,49,50,180,52429,52429,0,0,0.0,0.0,0.0,60.0,48.065,71.0,0.0,-5.237150308237291e+31,0.0,1069,0,1069,0,0,0,1069,0,1080,0,999,0,671,0,673,0,667,0,680,0.032,1.8151596168530199e+22,0.0,0.0,59536,16813,0.0,0.0,905.003,-1.3934295172157576e+34,-7.21729946552107e+17,-8.660827623572709e+24,50.0,60.0,35,0.0,0.0,10.0,2.0,0.0,0.0,0.0,0.0,0.0,0.0,0.0,0.0,0.0,0.0,0.0,0.0,58.8,52,12,65510,27,65476,0,300,0,0,8,20529,65476,0,0,30147,60.0,0.0,10.0,10.0,2.0,0.0
2026-02-16T12:59:52,ERR,ERR,ERR,ERR,ERR,ERR,ERR,ERR,ERR,ERR,ERR,ERR,ERR,ERR,ERR,ERR,ERR,ERR,ERR,ERR,ERR,ERR,ERR,ERR,ERR,ERR,ERR,ERR,ERR,ERR,ERR,ERR,ERR,ERR,ERR,ERR,ERR,ERR,ERR,ERR,ERR,ERR,ERR,ERR,ERR,ERR,ERR,ERR,ERR,ERR,ERR,ERR,ERR,ERR,ERR,ERR,ERR,ERR,ERR,ERR,ERR,ERR,ERR,ERR,ERR,ERR,ERR,ERR,ERR,ERR,ERR,ERR,ERR,ERR,ERR,ERR,ERR,ERR,ERR,ERR,ERR,ERR,ERR,ERR,ERR,ERR,ERR,ERR,ERR,ERR,ERR,ERR,ERR,ERR,ERR,ERR,ERR,ERR,ERR,ERR,ERR,ERR,ERR,ERR,ERR,ERR,ERR,ERR,ERR,ERR,ERR,ERR,ERR,ERR,ERR,ERR,ERR,ERR,ERR,ERR,ERR,ERR,ERR,ERR,ERR,0.0,-0.0,2.7420187948523476e+23,0.0,-0.0,-0.0,-5.383973863266714e+16,3.173437655186031e+26,4300,0,8,17169,4300,0.0,41,0.0,0.0,0.0,0.0,2.7184166902131945e+23,0,0,0,0,0.0,0,0,0,0,0,0,0,0,0,0,0,0,0,0,0,0,0,0,0,0,0,0,0,0,0,0,0,0,0,0,0,0,0,12,36,36,47,65476,396,65476,1,0,4,21553,0.0,-0.0,0.0,0.0,0.0,0.0,0.0,0.0,0.0,0.0,0.0,0.0,0.0,0.0,0.0,0.0,0.0,0.0,0.0,0.0,0.0,2.004,2.004,-2.004,-2.004,0.0,0.0,0.0,0.0,0.0,6574.0,-131351.203,0.0,-107615880.0,-0.0,0.0,-0.0,0.0,0.0,2.004,2.004,226,0.0,-0.0,0.0,0.0,0.0,0.0,0.0,0.0,0.0,0,0,0,-63245756.0,-89219.812,2.2977284759617536e+16,0.0,2.9543877058364877e+38,0.0,0.0,3.161,0.0,-2.768436951997441e+38,-277613936640.0,9.882688213662711e+23,0.0,185.274,0.0,1109368192.0,0,1.3516416376850534e+27,226,0.0,452,2.40156025918058e+36,-0.235,2112,52429,17109,0,17112,52429,17095,0,0,0,101,100,100,2.7302343157793998e+23,66.8,-0.0,67.1,0.0,67.0,1,49,50,180,52429,52429,0,0,0.0,0.0,0.0,60.0,48.065,71.0,0.0,1.3989251348970879e+30,0.0,1069,0,1069,0,0,0,1069,0,1080,0,999,0,671,0,672,0,667,0,681,0.032,1.4536034330083127e+22,2.004,0.0,61328,16813,149170400.0,1.3989251348970879e+30,-5410673152.0,-0.0,1.6226577353853953e+36,3.5337093374320784e+20,50.0,60.0,35,0.0,0.0,10.0,2.0,0.0,0.0,0.0,0.0,0.0,0.0,0.0,0.0,0.0,0.0,0.0,0.0,58.8,52,12,65510,27,65476,0,300,0,0,8,20529,65476,0,0,30147,60.0,0.0,10.0,10.0,2.0,0.0
2026-02-16T12:59:53,ERR,ERR,ERR,ERR,ERR,ERR,ERR,ERR,ERR,ERR,ERR,ERR,ERR,ERR,ERR,ERR,ERR,ERR,ERR,ERR,ERR,ERR,ERR,ERR,ERR,ERR,ERR,ERR,ERR,ERR,ERR,ERR,ERR,ERR,ERR,ERR,ERR,ERR,ERR,ERR,ERR,ERR,ERR,ERR,ERR,ERR,ERR,ERR,ERR,ERR,ERR,ERR,ERR,ERR,ERR,ERR,ERR,ERR,ERR,ERR,ERR,ERR,ERR,ERR,ERR,ERR,ERR,ERR,ERR,ERR,ERR,ERR,ERR,ERR,ERR,ERR,ERR,ERR,ERR,ERR,ERR,ERR,ERR,ERR,ERR,ERR,ERR,ERR,ERR,ERR,ERR,ERR,ERR,ERR,ERR,ERR,ERR,ERR,ERR,ERR,ERR,ERR,ERR,ERR,ERR,ERR,ERR,ERR,ERR,ERR,ERR,ERR,ERR,ERR,ERR,ERR,ERR,ERR,ERR,ERR,ERR,ERR,ERR,ERR,ERR,0.0,-0.0,2.7420187948523476e+23,0.0,-0.0,5.238163656304544e+28,-0.0,-0.0,4300,0,8,17169,4300,0.0,41,0.0,0.0,0.0,0.0,2.7184166902131945e+23,0,0,0,0,0.0,0,0,0,0,0,0,0,0,0,0,0,0,0,0,0,0,0,0,0,0,0,0,0,0,0,0,0,0,0,0,0,0,0,12,36,36,48,65476,398,65476,1,0,4,21553,0.0,-0.0,0.0,0.0,0.0,0.0,0.0,0.0,0.0,0.0,0.0,0.0,0.0,0.0,0.0,0.0,0.0,0.0,0.0,0.0,0.0,2.004,0.0,-2.004,-2.004,0.0,0.0,0.0,0.0,0.0,6577.0,-131351.203,0.0,0.0,-0.0,0.0,-0.0,0.0,0.0,2.004,2.004,227,1.9056859227671757e+17,-0.0,0.0,0.0,0.0,0.0,0.0,0.0,0.0,0,0,0,-2.433125358854849e+26,0.0,1.152171238631881e+27,-5343801856.0,-0.0,625.03,0.0,36771864.0,0.0,-2.9279443114916308e+38,-305531224064.0,1.0496595856435765e+24,0.0,197.274,0.0,1.1534238180948854e+24,0,1.3516416376850534e+27,227,0.0,454,-621855232.0,-2.2165415544150295e+20,2112,52429,17109,0,17112,52429,17095,0,0,0,101,100,100,2.7302343157793998e+23,66.8,-0.0,67.1,0.0,67.0,1,49,50,180,52429,52429,0,0,0.0,0.0,0.0,60.0,48.065,71.0,0.0,1.3989251348970879e+30,0.0,1069,0,1069,0,0,0,1069,0,1080,0,999,0,671,0,672,0,667,0,681,0.032,1.4536034330083127e+22,2.004,0.0,61328,16813,149170400.0,1.3989251348970879e+30,-5410673152.0,-0.0,1.6226577353853953e+36,3.5337093374320784e+20,50.0,60.0,35,0.0,0.0,10.0,2.0,0.0,0.0,0.0,0.0,0.0,0.0,0.0,0.0,0.0,0.0,0.0,0.0,58.8,52,12,65510,27,65476,0,300,0,0,8,20529,65476,0,0,30147,60.0,0.0,10.0,10.0,2.0,0.0
2026-02-16T12:59:54,ERR,ERR,ERR,ERR,ERR,ERR,ERR,ERR,ERR,ERR,ERR,ERR,ERR,ERR,ERR,ERR,ERR,ERR,ERR,ERR,ERR,ERR,ERR,ERR,ERR,ERR,ERR,ERR,ERR,ERR,ERR,ERR,ERR,ERR,ERR,ERR,ERR,ERR,ERR,ERR,ERR,ERR,ERR,ERR,ERR,ERR,ERR,ERR,ERR,ERR,ERR,ERR,ERR,ERR,ERR,ERR,ERR,ERR,ERR,ERR,ERR,ERR,ERR,ERR,ERR,ERR,ERR,ERR,ERR,ERR,ERR,ERR,ERR,ERR,ERR,ERR,ERR,ERR,ERR,ERR,ERR,ERR,ERR,ERR,ERR,ERR,ERR,ERR,ERR,ERR,ERR,ERR,ERR,ERR,ERR,ERR,ERR,ERR,ERR,ERR,ERR,ERR,ERR,ERR,ERR,ERR,ERR,ERR,ERR,ERR,ERR,ERR,ERR,ERR,ERR,ERR,ERR,ERR,ERR,ERR,ERR,ERR,ERR,ERR,ERR,0.0,-0.0,2.7420187948523476e+23,0.0,-0.0,5.238163656304544e+28,-0.0,-0.0,4300,0,8,17169,4300,0.0,41,0.0,0.0,0.0,0.0,2.7184166902131945e+23,0,0,0,0,0.0,0,0,0,0,0,0,0,0,0,0,0,0,0,0,0,0,0,0,0,0,0,0,0,0,0,0,0,0,0,0,0,0,0,12,36,36,48,65476,398,65476,1,0,4,21553,0.0,-0.0,0.0,0.0,0.0,0.0,0.0,0.0,0.0,0.0,0.0,0.0,0.0,0.0,0.0,0.0,0.0,0.0,0.0,0.0,0.0,2.004,0.0,-2.004,-2.004,0.0,0.0,0.0,0.0,0.0,6577.0,-131351.203,0.0,0.0,-0.0,0.0,-0.0,0.0,0.0,2.004,2.004,227,1.9056859227671757e+17,-0.0,0.0,0.0,0.0,0.0,0.0,0.0,0.0,0,0,0,-2.433125358854849e+26,0.0,1.152171238631881e+27,-5343801856.0,-0.0,625.03,0.0,36771864.0,0.0,-2.9279443114916308e+38,-305531224064.0,1.0496595856435765e+24,0.0,197.274,0.0,1.1534238180948854e+24,0,1.3516416376850534e+27,227,0.0,454,-621855232.0,-2.2165415544150295e+20,2112,52429,17109,0,17112,52429,17095,0,0,0,101,100,100,2.7302343157793998e+23,66.8,-0.0,67.1,0.0,67.0,1,49,50,180,52429,52429,0,0,0.0,0.0,0.0,60.0,48.065,71.0,0.0,1.3989251348970879e+30,0.0,1069,0,1069,0,0,0,1069,0,1080,0,999,0,671,0,672,0,667,0,681,0.032,1.4536034330083127e+22,2.004,0.0,61328,16813,149170400.0,1.3989251348970879e+30,-5410673152.0,-0.0,1.6226577353853953e+36,3.5337093374320784e+20,50.0,60.0,35,0.0,0.0,10.0,2.0,0.0,0.0,0.0,0.0,0.0,0.0,0.0,0.0,0.0,0.0,0.0,0.0,58.8,52,12,65510,27,65476,0,300,0,0,8,20529,65476,0,0,30147,60.0,0.0,10.0,10.0,2.0,0.0
2026-02-16T12:59:55,ERR,ERR,ERR,ERR,ERR,ERR,ERR,ERR,ERR,ERR,ERR,ERR,ERR,ERR,ERR,ERR,ERR,ERR,ERR,ERR,ERR,ERR,ERR,ERR,ERR,ERR,ERR,ERR,ERR,ERR,ERR,ERR,ERR,ERR,ERR,ERR,ERR,ERR,ERR,ERR,ERR,ERR,ERR,ERR,ERR,ERR,ERR,ERR,ERR,ERR,ERR,ERR,ERR,ERR,ERR,ERR,ERR,ERR,ERR,ERR,ERR,ERR,ERR,ERR,ERR,ERR,ERR,ERR,ERR,ERR,ERR,ERR,ERR,ERR,ERR,ERR,ERR,ERR,ERR,ERR,ERR,ERR,ERR,ERR,ERR,ERR,ERR,ERR,ERR,ERR,ERR,ERR,ERR,ERR,ERR,ERR,ERR,ERR,ERR,ERR,ERR,ERR,ERR,ERR,ERR,ERR,ERR,ERR,ERR,ERR,ERR,ERR,ERR,ERR,ERR,ERR,ERR,ERR,ERR,ERR,ERR,ERR,ERR,ERR,ERR,0.0,-0.0,2.7420187948523476e+23,0.0,-0.0,5.238163656304544e+28,-0.0,-0.0,4300,0,8,17169,4300,0.0,41,0.0,0.0,0.0,0.0,2.7184166902131945e+23,0,0,0,0,0.0,0,0,0,0,0,0,0,0,0,0,0,0,0,0,0,0,0,0,0,0,0,0,0,0,0,0,0,0,0,0,0,0,0,12,36,36,48,65476,398,65476,1,0,4,21553,0.0,-0.0,0.0,0.0,0.0,0.0,0.0,0.0,0.0,0.0,0.0,0.0,0.0,0.0,0.0,0.0,0.0,0.0,0.0,0.0,0.0,2.004,0.0,-2.004,-2.004,0.0,0.0,0.0,0.0,0.0,6577.0,-131351.203,0.0,0.0,-0.0,0.0,-0.0,0.0,0.0,2.004,2.004,227,1.9056859227671757e+17,-0.0,0.0,0.0,0.0,0.0,0.0,0.0,0.0,0,0,0,-2.433125358854849e+26,0.0,1.152171238631881e+27,-5343801856.0,-0.0,625.03,0.0,36771864.0,0.0,-2.9279443114916308e+38,-305531224064.0,1.0496595856435765e+24,0.0,197.274,0.0,1.1534238180948854e+24,0,1.3516416376850534e+27,227,0.0,454,-621855232.0,-2.2165415544150295e+20,2112,52429,17109,0,17112,52429,17095,0,0,0,101,100,100,2.7302343157793998e+23,66.8,-0.0,67.1,0.0,67.0,1,49,50,180,52429,52429,0,0,0.0,0.0,0.0,60.0,46146.555,71.0,0.0,0.0,0.0,1069,0,1069,0,0,0,1069,0,1080,0,999,0,671,0,673,0,668,0,681,0.032,1.4536034330083127e+22,2.004,0.0,1168,16814,46146.555,0.0,-0.0,7.960267647394775e+17,0.0,0.0,50.0,60.0,35,0.0,0.0,10.0,2.0,0.0,0.0,0.0,0.0,0.0,0.0,0.0,0.0,0.0,0.0,0.0,0.0,58.8,52,12,65510,27,65476,0,300,0,0,8,20529,65476,0,0,30147,60.0,0.0,10.0,10.0,2.0,0.0
2026-02-16T12:59:56,ERR,ERR,ERR,ERR,ERR,ERR,ERR,ERR,ERR,ERR,ERR,ERR,ERR,ERR,ERR,ERR,ERR,ERR,ERR,ERR,ERR,ERR,ERR,ERR,ERR,ERR,ERR,ERR,ERR,ERR,ERR,ERR,ERR,ERR,ERR,ERR,ERR,ERR,ERR,ERR,ERR,ERR,ERR,ERR,ERR,ERR,ERR,ERR,ERR,ERR,ERR,ERR,ERR,ERR,ERR,ERR,ERR,ERR,ERR,ERR,ERR,ERR,ERR,ERR,ERR,ERR,ERR,ERR,ERR,ERR,ERR,ERR,ERR,ERR,ERR,ERR,ERR,ERR,ERR,ERR,ERR,ERR,ERR,ERR,ERR,ERR,ERR,ERR,ERR,ERR,ERR,ERR,ERR,ERR,ERR,ERR,ERR,ERR,ERR,ERR,ERR,ERR,ERR,ERR,ERR,ERR,ERR,ERR,ERR,ERR,ERR,ERR,ERR,ERR,ERR,ERR,ERR,ERR,ERR,ERR,ERR,ERR,ERR,ERR,ERR,0.0,-0.0,2.7420187948523476e+23,0.0,-0.0,5.238163656304544e+28,-0.0,-0.0,4300,0,8,17169,4300,0.0,41,0.0,0.0,0.0,0.0,2.7184166902131945e+23,0,0,0,0,0.0,0,0,0,0,0,0,0,0,0,0,0,0,0,0,0,0,0,0,0,0,0,0,0,0,0,0,0,0,0,0,0,0,0,12,36,36,48,65476,398,65476,1,0,4,21553,0.0,-0.0,0.0,0.0,0.0,0.0,0.0,0.0,0.0,0.0,0.0,0.0,0.0,0.0,0.0,0.0,0.0,0.0,0.0,0.0,0.0,2.004,0.0,-2.004,-2.004,0.0,0.0,0.0,0.0,0.0,6577.0,-131351.203,0.0,0.0,-0.0,0.0,-0.0,0.0,0.0,2.004,2.004,227,1.9056859227671757e+17,-0.0,0.0,0.0,0.0,0.0,0.0,0.0,0.0,0,0,0,-2.433125358854849e+26,0.0,1.152171238631881e+27,-5343801856.0,-0.0,625.03,0.0,36771864.0,0.0,-2.9279443114916308e+38,-305531224064.0,1.0496595856435765e+24,0.0,197.274,0.0,1.1534238180948854e+24,0,1.3516416376850534e+27,227,0.0,454,-621855232.0,-2.2165415544150295e+20,2112,52429,17109,0,17112,52429,17095,0,0,0,101,100,100,2.7302343157793998e+23,66.8,-0.0,67.1,0.0,67.0,1,49,50,180,52429,52429,0,0,0.0,0.0,0.0,60.0,46146.555,71.0,0.0,0.0,0.0,1069,0,1069,0,0,0,1069,0,1080,0,999,0,671,0,673,0,668,0,681,0.032,1.4536034330083127e+22,2.004,0.0,1168,16814,46146.555,0.0,-0.0,7.960267647394775e+17,0.0,0.0,50.0,60.0,35,0.0,0.0,10.0,2.0,0.0,0.0,0.0,0.0,0.0,0.0,0.0,0.0,0.0,0.0,0.0,0.0,58.8,52,12,65510,27,65476,0,300,0,0,8,20529,65476,0,0,30147,60.0,0.0,10.0,10.0,2.0,0.0
2026-02-16T12:59:57,ERR,ERR,ERR,ERR,ERR,ERR,ERR,ERR,ERR,ERR,ERR,ERR,ERR,ERR,ERR,ERR,ERR,ERR,ERR,ERR,ERR,ERR,ERR,ERR,ERR,ERR,ERR,ERR,ERR,ERR,ERR,ERR,ERR,ERR,ERR,ERR,ERR,ERR,ERR,ERR,ERR,ERR,ERR,ERR,ERR,ERR,ERR,ERR,ERR,ERR,ERR,ERR,ERR,ERR,ERR,ERR,ERR,ERR,ERR,ERR,ERR,ERR,ERR,ERR,ERR,ERR,ERR,ERR,ERR,ERR,ERR,ERR,ERR,ERR,ERR,ERR,ERR,ERR,ERR,ERR,ERR,ERR,ERR,ERR,ERR,ERR,ERR,ERR,ERR,ERR,ERR,ERR,ERR,ERR,ERR,ERR,ERR,ERR,ERR,ERR,ERR,ERR,ERR,ERR,ERR,ERR,ERR,ERR,ERR,ERR,ERR,ERR,ERR,ERR,ERR,ERR,ERR,ERR,ERR,ERR,ERR,ERR,ERR,ERR,ERR,0.0,-0.0,2.7420187948523476e+23,0.0,-0.0,5.238163656304544e+28,-0.0,-0.0,4300,0,8,17169,4300,0.0,41,0.0,0.0,0.0,0.0,2.7184166902131945e+23,0,0,0,0,0.0,0,0,0,0,0,0,0,0,0,0,0,0,0,0,0,0,0,0,0,0,0,0,0,0,0,0,0,0,0,0,0,0,0,12,36,36,48,65476,398,65476,1,0,4,21553,0.0,-0.0,0.0,0.0,0.0,0.0,0.0,0.0,0.0,0.0,0.0,0.0,0.0,0.0,0.0,0.0,0.0,0.0,0.0,0.0,0.0,2.004,0.0,-2.004,-2.004,0.0,0.0,0.0,0.0,0.0,6577.0,-131351.203,0.0,0.0,-0.0,0.0,-0.0,0.0,0.0,2.004,2.004,227,1.9056859227671757e+17,-0.0,0.0,0.0,0.0,0.0,0.0,0.0,0.0,0,0,0,-2.433125358854849e+26,0.0,1.152171238631881e+27,-5343801856.0,-0.0,625.03,0.0,36771864.0,0.0,-2.9279443114916308e+38,-305531224064.0,1.0496595856435765e+24,0.0,197.274,0.0,1.1534238180948854e+24,0,1.3516416376850534e+27,227,0.0,454,-621855232.0,-2.2165415544150295e+20,2112,52429,17109,0,17112,52429,17095,0,0,0,101,100,100,2.7302343157793998e+23,66.8,-0.0,67.1,0.0,67.0,1,49,50,180,52429,52429,0,0,0.0,0.0,0.0,60.0,46146.555,71.0,0.0,0.0,0.0,1069,0,1069,0,0,0,1069,0,1080,0,999,0,671,0,673,0,668,0,681,0.032,1.4536034330083127e+22,2.004,0.0,1168,16814,46146.555,0.0,-0.0,7.960267647394775e+17,0.0,0.0,50.0,60.0,35,0.0,0.0,10.0,2.0,0.0,0.0,0.0,0.0,0.0,0.0,0.0,0.0,0.0,0.0,0.0,0.0,58.8,52,12,65510,27,65476,0,300,0,0,8,20529,65476,0,0,30147,60.0,0.0,10.0,10.0,2.0,0.0
2026-02-16T12:59:58,ERR,ERR,ERR,ERR,ERR,ERR,ERR,ERR,ERR,ERR,ERR,ERR,ERR,ERR,ERR,ERR,ERR,ERR,ERR,ERR,ERR,ERR,ERR,ERR,ERR,ERR,ERR,ERR,ERR,ERR,ERR,ERR,ERR,ERR,ERR,ERR,ERR,ERR,ERR,ERR,ERR,ERR,ERR,ERR,ERR,ERR,ERR,ERR,ERR,ERR,ERR,ERR,ERR,ERR,ERR,ERR,ERR,ERR,ERR,ERR,ERR,ERR,ERR,ERR,ERR,ERR,ERR,ERR,ERR,ERR,ERR,ERR,ERR,ERR,ERR,ERR,ERR,ERR,ERR,ERR,ERR,ERR,ERR,ERR,ERR,ERR,ERR,ERR,ERR,ERR,ERR,ERR,ERR,ERR,ERR,ERR,ERR,ERR,ERR,ERR,ERR,ERR,ERR,ERR,ERR,ERR,ERR,ERR,ERR,ERR,ERR,ERR,ERR,ERR,ERR,ERR,ERR,ERR,ERR,ERR,ERR,ERR,ERR,ERR,ERR,0.0,-0.0,2.7420187948523476e+23,0.0,-0.0,-2904132.75,0.0,0.0,4300,0,8,17169,4300,0.0,41,0.0,0.0,0.0,0.0,2.7184166902131945e+23,0,0,0,0,0.0,0,0,0,0,0,0,0,0,0,0,0,0,0,0,0,0,0,0,0,0,0,0,0,0,0,0,0,0,0,0,0,0,0,12,36,36,48,65476,397,65476,1,0,4,21553,0.0,0.0,0.0,0.0,0.0,0.0,0.0,0.0,0.0,0.0,0.0,0.0,0.0,0.0,0.0,0.0,0.0,0.0,0.0,0.0,0.0,2.004,2.004,-2.004,-3.697074423243316e+19,0.0,0.0,0.0,0.0,0.0,6575.0,-2.004,0.0,-107615880.0,-0.0,0.0,2.7184509175703625e+23,-0.0,0.0,2.004,2.004,228,89220.562,-0.0,0.0,0.0,0.0,0.0,0.0,0.0,0.0,0,0,0,-4.4563508859361244e+20,0.0,2.9437462304958448e+19,-83.129,-0.0,-1.705812297081062e+34,1.0808389201006396e+30,8.325428024171108e+34,7.970981673524894e+19,-3.114036230901519e+38,-333448511488.0,1.1063279834380122e+24,0.0,208.274,0.0,6.945088242610822e+21,0,1.3516416376850534e+27,228,0.0,456,-621855232.0,86146.211,2112,52429,17109,0,17112,52429,17095,0,0,0,101,100,100,-0.0,66.8,-0.0,67.1,0.0,67.0,1,49,50,180,52429,52429,0,0,0.0,0.0,0.0,60.0,0.004,71.0,0.0,486.511,0.0,1069,0,1069,0,0,0,1069,0,1080,0,999,0,671,0,673,0,668,0,680,0.032,1.4536034330083127e+22,0.0,0.0,52624,16813,308.52,-1.8153180282677529e+25,0.0,-3.861859524077294e+35,-60.314,-0.0,50.0,60.0,35,0.0,0.0,10.0,2.0,0.0,0.0,0.0,0.0,0.0,0.0,0.0,0.0,0.0,0.0,0.0,0.0,58.8,52,12,65510,27,65476,0,300,0,0,8,20529,65476,0,0,30147,60.0,0.0,10.0,10.0,2.0,0.0
2026-02-16T12:59:59,ERR,ERR,ERR,ERR,ERR,ERR,ERR,ERR,ERR,ERR,ERR,ERR,ERR,ERR,ERR,ERR,ERR,ERR,ERR,ERR,ERR,ERR,ERR,ERR,ERR,ERR,ERR,ERR,ERR,ERR,ERR,ERR,ERR,ERR,ERR,ERR,ERR,ERR,ERR,ERR,ERR,ERR,ERR,ERR,ERR,ERR,ERR,ERR,ERR,ERR,ERR,ERR,ERR,ERR,ERR,ERR,ERR,ERR,ERR,ERR,ERR,ERR,ERR,ERR,ERR,ERR,ERR,ERR,ERR,ERR,ERR,ERR,ERR,ERR,ERR,ERR,ERR,ERR,ERR,ERR,ERR,ERR,ERR,ERR,ERR,ERR,ERR,ERR,ERR,ERR,ERR,ERR,ERR,ERR,ERR,ERR,ERR,ERR,ERR,ERR,ERR,ERR,ERR,ERR,ERR,ERR,ERR,ERR,ERR,ERR,ERR,ERR,ERR,ERR,ERR,ERR,ERR,ERR,ERR,ERR,ERR,ERR,ERR,ERR,ERR,0.0,-0.0,2.7420187948523476e+23,0.0,-0.0,-2904132.75,0.0,0.0,4300,0,8,17169,4300,0.0,41,0.0,0.0,0.0,0.0,2.7184166902131945e+23,0,0,0,0,0.0,0,0,0,0,0,0,0,0,0,0,0,0,0,0,0,0,0,0,0,0,0,0,0,0,0,0,0,0,0,0,0,0,0,12,36,36,48,65476,397,65476,1,0,4,21553,0.0,0.0,0.0,0.0,0.0,0.0,0.0,0.0,0.0,0.0,0.0,0.0,0.0,0.0,0.0,0.0,0.0,0.0,0.0,0.0,0.0,2.004,2.004,-2.004,-3.697074423243316e+19,0.0,0.0,0.0,0.0,0.0,6575.0,-2.004,0.0,-107615880.0,-0.0,0.0,2.7184509175703625e+23,-0.0,0.0,2.004,2.004,228,89220.562,-0.0,0.0,0.0,0.0,0.0,0.0,0.0,0.0,0,0,0,-4.4563508859361244e+20,0.0,2.9437462304958448e+19,-83.129,-0.0,-1.705812297081062e+34,1.0808389201006396e+30,8.325428024171108e+34,7.970981673524894e+19,-3.114036230901519e+38,-333448511488.0,1.1063279834380122e+24,0.0,208.274,0.0,6.945088242610822e+21,0,1.3516416376850534e+27,228,0.0,456,-621855232.0,86146.211,2112,52429,17109,0,17112,52429,17095,0,0,0,101,100,100,-0.0,66.8,-0.0,67.1,0.0,67.0,1,49,50,180,52429,52429,0,0,0.0,0.0,0.0,60.0,0.004,71.0,0.0,486.511,0.0,1069,0,1069,0,0,0,1069,0,1080,0,999,0,671,0,673,0,668,0,680,0.032,1.4536034330083127e+22,0.0,0.0,52624,16813,308.52,-1.8153180282677529e+25,0.0,-3.861859524077294e+35,-60.314,-0.0,50.0,60.0,35,0.0,0.0,10.0,2.0,0.0,0.0,0.0,0.0,0.0,0.0,0.0,0.0,0.0,0.0,0.0,0.0,58.8,52,12,65510,27,65476,0,300,0,0,8,20529,65476,0,0,30147,60.0,0.0,10.0,10.0,2.0,0.0
